sensor_1,sensor_2,sensor_3,sensor_4,sensor_5,sensor_6,sensor_7,sensor_8,sensor_9,sensor_10
319.0,-178.0,,-325.0,50.0,-1356.0,-220.0,-1084.0,,243.0
368.0,-139.0,,-352.0,45.0,-1298.0,-238.0,-888.0,,320.0
395.0,-18.0,,-382.0,72.0,-1264.0,-216.0,-892.0,,387.0
371.0,63.0,,-417.0,36.0,-1219.0,-229.0,-661.0,,460.0
427.0,92.0,,-433.0,2.0,-1228.0,-261.0,-552.0,,530.0
478.0,139.0,,-411.0,3.0,-1502.0,-301.0,-792.0,,577.0
508.0,238.0,,-377.0,-27.0,-1712.0,-324.0,-787.0,,629.0
548.0,285.0,,-339.0,-29.0,-2015.0,-349.0,-1145.0,,665.0
591.0,289.0,,-311.0,-6.0,-2242.0,-390.0,-1112.0,,688.0
634.0,266.0,,-281.0,0.0,-2279.0,-459.0,-1199.0,,721.0
685.0,294.0,,-240.0,32.0,-2217.0,-553.0,-1202.0,,740.0
748.0,339.0,,-200.0,19.0,-2083.0,-656.0,-1047.0,,741.0
782.0,271.0,,-173.0,-60.0,-2199.0,-716.0,-1154.0,,738.0
824.0,225.0,,-165.0,-88.0,-2163.0,-740.0,-1062.0,,734.0
867.0,302.0,,-172.0,-97.0,-1994.0,-743.0,-1293.0,,723.0
884.0,362.0,,-184.0,-96.0,-1972.0,-732.0,-1234.0,,695.0
883.0,392.0,,-186.0,-63.0,-2159.0,-719.0,-1128.0,,654.0
868.0,434.0,,-198.0,-81.0,-2575.0,-684.0,-1008.0,,606.0
860.0,437.0,,-217.0,-88.0,-2821.0,-732.0,-676.0,,538.0
868.0,393.0,,-234.0,-55.0,-2778.0,-843.0,-702.0,,449.0
880.0,301.0,,-241.0,-58.0,-2754.0,-910.0,-583.0,,342.0
880.0,245.0,,-214.0,-23.0,-2892.0,-902.0,-776.0,,231.0
884.0,231.0,,-183.0,50.0,-2898.0,-864.0,-949.0,,106.0
884.0,212.0,,-150.0,91.0,-2747.0,-876.0,-975.0,,-19.0
865.0,189.0,,-119.0,161.0,-2646.0,-899.0,-1064.0,,-147.0
852.0,142.0,,-90.0,215.0,-2654.0,-934.0,-737.0,,-273.0
852.0,86.0,,-73.0,211.0,-2702.0,-948.0,-642.0,,-373.0
863.0,54.0,,-96.0,207.0,-2548.0,-922.0,-406.0,,-458.0
843.0,-5.0,,-128.0,157.0,-2245.0,-917.0,-436.0,,-518.0
833.0,-89.0,,-166.0,107.0,-2050.0,-933.0,-748.0,,-567.0
872.0,-58.0,,-185.0,128.0,-2102.0,-941.0,-984.0,,-598.0
881.0,21.0,,-198.0,122.0,-2374.0,-910.0,-1424.0,,-610.0
913.0,74.0,,-209.0,103.0,-2657.0,-905.0,-1398.0,,-624.0
937.0,117.0,,-212.0,105.0,-2704.0,-935.0,-1518.0,,-616.0
936.0,141.0,,-234.0,61.0,-2581.0,-955.0,-1435.0,,-616.0
933.0,159.0,,-248.0,49.0,-2410.0,-953.0,-1395.0,,-606.0
910.0,140.0,,-273.0,74.0,-2107.0,-925.0,-1601.0,,-575.0
917.0,104.0,,-313.0,60.0,-1739.0,-924.0,-1607.0,,-538.0
881.0,129.0,,-347.0,66.0,-1302.0,-953.0,-1897.0,,-473.0
838.0,135.0,,-375.0,41.0,-919.0,-997.0,-1744.0,,-406.0
825.0,66.0,,-404.0,-34.0,-880.0,-1047.0,-1688.0,,-314.0
801.0,13.0,,-446.0,-62.0,-1041.0,-1041.0,-1533.0,,-220.0
750.0,-49.0,,-480.0,-117.0,-1050.0,-1012.0,-1287.0,,-130.0
712.0,-124.0,,-497.0,-213.0,-907.0,-973.0,-1345.0,,-33.0
716.0,-170.0,,-507.0,-280.0,-1022.0,-934.0,-1164.0,,33.0
706.0,-205.0,,-494.0,-369.0,-1424.0,-955.0,-1317.0,,102.0
698.0,-263.0,,-490.0,-410.0,-1661.0,-991.0,-1372.0,,147.0
686.0,-312.0,,-505.0,-364.0,-1575.0,-1033.0,-1553.0,,182.0
668.0,-332.0,,-487.0,-336.0,-1473.0,-1031.0,-1740.0,,213.0
667.0,-379.0,,-457.0,-264.0,-1496.0,-957.0,-1707.0,,215.0
676.0,-406.0,,-446.0,-151.0,-1163.0,-899.0,-1866.0,,217.0
680.0,-366.0,,-415.0,-84.0,-605.0,-884.0,-1692.0,,190.0
656.0,-302.0,,-380.0,-1.0,-293.0,-929.0,-1686.0,,152.0
667.0,-173.0,,-368.0,61.0,-217.0,-960.0,-1600.0,,112.0
714.0,11.0,,-353.0,72.0,-359.0,-956.0,-1430.0,,65.0
712.0,179.0,,-359.0,114.0,-406.0,-911.0,-1420.0,,40.0
685.0,313.0,,-369.0,152.0,-536.0,-835.0,-1082.0,,14.0
678.0,351.0,,-365.0,202.0,-926.0,-824.0,-953.0,,0.0
676.0,324.0,,-359.0,327.0,-1135.0,-864.0,-692.0,,2.0
647.0,255.0,,-318.0,397.0,-1052.0,-922.0,-476.0,,12.0
618.0,129.0,,-275.0,397.0,-767.0,-945.0,-406.0,,46.0
594.0,-33.0,,-249.0,395.0,-523.0,-952.0,-184.0,,67.0
554.0,-199.0,,-225.0,334.0,-324.0,-956.0,-273.0,,87.0
538.0,-324.0,,-211.0,267.0,-87.0,-905.0,-175.0,,131.0
528.0,-413.0,,-215.0,214.0,59.0,-871.0,-349.0,,168.0
531.0,-434.0,,-238.0,142.0,-37.0,-922.0,-524.0,,203.0
517.0,-394.0,,-250.0,133.0,-251.0,-989.0,-646.0,,239.0
518.0,-375.0,,-243.0,133.0,-392.0,-1020.0,-921.0,,262.0
511.0,-400.0,,-245.0,79.0,-578.0,-1008.0,-763.0,,290.0
501.0,-373.0,,-231.0,64.0,-611.0,-955.0,-859.0,,318.0
498.0,-357.0,,-204.0,36.0,-592.0,-906.0,-622.0,,334.0
462.0,-356.0,,-173.0,-24.0,-597.0,-894.0,-450.0,,344.0
473.0,-320.0,,-122.0,-37.0,-471.0,-922.0,-312.0,,336.0
472.0,-305.0,,-75.0,-81.0,-407.0,-921.0,-103.0,,317.0
494.0,-253.0,,-33.0,-105.0,-260.0,-866.0,-354.0,,288.0
485.0,-232.0,,9.0,-40.0,-33.0,-844.0,-301.0,,264.0
484.0,-215.0,,39.0,-20.0,66.0,-877.0,-637.0,,258.0
507.0,-159.0,,66.0,-14.0,162.0,-967.0,-646.0,,258.0
461.0,-74.0,,85.0,13.0,244.0,-1052.0,-626.0,,288.0
458.0,42.0,,86.0,-7.0,304.0,-1092.0,-774.0,,327.0
437.0,131.0,,89.0,15.0,225.0,-1017.0,-624.0,,364.0
433.0,213.0,,75.0,79.0,66.0,-838.0,-814.0,,408.0
404.0,270.0,,55.0,104.0,217.0,-686.0,-639.0,,446.0
363.0,312.0,,44.0,171.0,306.0,-628.0,-759.0,,486.0
328.0,319.0,,44.0,226.0,332.0,-715.0,-698.0,,521.0
292.0,325.0,,57.0,207.0,291.0,-861.0,-546.0,,552.0
277.0,305.0,,60.0,203.0,143.0,-989.0,-582.0,,576.0
239.0,213.0,,61.0,150.0,400.0,-1027.0,-256.0,,594.0
223.0,92.0,,60.0,71.0,634.0,-962.0,-321.0,,609.0
177.0,-17.0,,48.0,45.0,740.0,-946.0,-129.0,,605.0
142.0,-25.0,,48.0,-40.0,932.0,-990.0,-38.0,,590.0
92.0,-14.0,,57.0,-120.0,1213.0,-998.0,151.0,,569.0
72.0,-21.0,,56.0,-132.0,1325.0,-966.0,491.0,,540.0
50.0,9.0,,53.0,-168.0,1057.0,-912.0,461.0,,493.0
0.0,52.0,,48.0,-156.0,842.0,-870.0,587.0,,437.0
-37.0,36.0,,49.0,-108.0,582.0,-850.0,347.0,,385.0
-99.0,27.0,,66.0,-116.0,243.0,-871.0,266.0,,329.0
-123.0,51.0,,83.0,-91.0,-98.0,-941.0,203.0,,272.0
-192.0,69.0,,72.0,-62.0,-393.0,-949.0,103.0,,209.0
-215.0,70.0,,31.0,-88.0,-390.0,-932.0,225.0,,130.0
-273.0,-10.0,,1.0,-90.0,-270.0,-936.0,101.0,,46.0
-351.0,-26.0,,-16.0,-99.0,41.0,-925.0,279.0,,-45.0
-369.0,5.0,,-35.0,-102.0,476.0,-955.0,273.0,,-142.0
-401.0,3.0,,-37.0,-57.0,768.0,-980.0,367.0,,-219.0
-435.0,-62.0,,-17.0,-78.0,1135.0,-991.0,630.0,,-287.0
-510.0,-159.0,,-3.0,-105.0,1282.0,-1006.0,626.0,,-347.0
-511.0,-233.0,,0.0,-86.0,1149.0,-995.0,844.0,,-416.0
-494.0,-358.0,,-7.0,-130.0,1029.0,-975.0,872.0,,-488.0
-460.0,-440.0,,-26.0,-145.0,965.0,-949.0,1079.0,,-550.0
-446.0,-436.0,,-38.0,-126.0,1154.0,-938.0,1226.0,,-615.0
-456.0,-296.0,,-49.0,-141.0,1124.0,-927.0,1304.0,,-658.0
-431.0,-162.0,,-51.0,-104.0,836.0,-893.0,1546.0,,-690.0
-406.0,-99.0,,-29.0,-85.0,694.0,-888.0,1444.0,,-720.0
-360.0,34.0,,-6.0,-124.0,598.0,-927.0,1574.0,,-737.0
-377.0,188.0,,32.0,-113.0,755.0,-960.0,1496.0,,-745.0
-371.0,291.0,,52.0,-105.0,924.0,-957.0,1406.0,,-726.0
-348.0,324.0,,54.0,-97.0,1080.0,-945.0,1359.0,,-679.0
-342.0,373.0,,70.0,-9.0,1245.0,-936.0,1158.0,,-613.0
-333.0,375.0,,77.0,59.0,1248.0,-875.0,1258.0,,-509.0
-324.0,409.0,,88.0,111.0,1383.0,-787.0,1189.0,,-369.0
-301.0,490.0,,90.0,161.0,1260.0,-746.0,1402.0,,-228.0
-297.0,488.0,,88.0,113.0,995.0,-734.0,1483.0,,-85.0
-277.0,467.0,,85.0,76.0,820.0,-746.0,1404.0,,45.0
-283.0,350.0,,80.0,57.0,659.0,-752.0,1428.0,,157.0
-307.0,158.0,,74.0,-28.0,761.0,-706.0,1125.0,,252.0
-308.0,-42.0,,68.0,-49.0,786.0,-664.0,1047.0,,326.0
-279.0,-171.0,,96.0,-33.0,630.0,-663.0,868.0,,395.0
-271.0,-222.0,,138.0,-33.0,530.0,-710.0,994.0,,445.0
-301.0,-331.0,,184.0,22.0,441.0,-755.0,1274.0,,484.0
-301.0,-473.0,,217.0,59.0,538.0,-754.0,1306.0,,502.0
-294.0,-527.0,,242.0,97.0,736.0,-711.0,1450.0,,513.0
-287.0,-525.0,,249.0,180.0,651.0,-612.0,1193.0,,525.0
-276.0,-521.0,,248.0,171.0,583.0,-523.0,1080.0,,517.0
-249.0,-447.0,,258.0,113.0,491.0,-517.0,970.0,,518.0
-203.0,-368.0,,249.0,76.0,258.0,-579.0,929.0,,515.0
-174.0,-246.0,,228.0,-27.0,42.0,-647.0,1093.0,,520.0
-137.0,-152.0,,183.0,-107.0,-129.0,-654.0,1008.0,,536.0
-142.0,-155.0,,130.0,-151.0,-43.0,-568.0,1165.0,,543.0
-149.0,-124.0,,96.0,-222.0,40.0,-453.0,1180.0,,556.0
-108.0,-118.0,,72.0,-209.0,-12.0,-420.0,1243.0,,576.0
-121.0,-96.0,,48.0,-197.0,-148.0,-552.0,1219.0,,600.0
-125.0,-20.0,,21.0,-207.0,-139.0,-708.0,1040.0,,616.0
-121.0,106.0,,1.0,-132.0,41.0,-710.0,1176.0,,643.0
-126.0,229.0,,-28.0,-89.0,189.0,-625.0,1265.0,,680.0
-124.0,266.0,,-65.0,-71.0,381.0,-529.0,1635.0,,722.0
-112.0,231.0,,-93.0,9.0,521.0,-455.0,1838.0,,781.0
-109.0,238.0,,-95.0,43.0,496.0,-406.0,1925.0,,832.0
-140.0,413.0,,-86.0,87.0,287.0,-415.0,2026.0,,866.0
-120.0,531.0,,-100.0,177.0,6.0,-450.0,1873.0,,878.0
-105.0,543.0,,-116.0,175.0,-397.0,-450.0,1914.0,,876.0
-107.0,553.0,,-127.0,152.0,-658.0,-398.0,1814.0,,864.0
-124.0,503.0,,-108.0,113.0,-778.0,-304.0,1901.0,,827.0
-104.0,415.0,,-74.0,20.0,-950.0,-250.0,1910.0,,795.0
-84.0,298.0,,-46.0,-3.0,-887.0,-213.0,1740.0,,768.0
-100.0,175.0,,-24.0,-11.0,-821.0,-221.0,1674.0,,732.0
-65.0,44.0,,-8.0,-41.0,-718.0,-262.0,1352.0,,694.0
-80.0,-106.0,,34.0,-9.0,-519.0,-258.0,1291.0,,642.0
-57.0,-279.0,,71.0,-17.0,-500.0,-235.0,1204.0,,580.0
-53.0,-325.0,,117.0,-57.0,-520.0,-187.0,1271.0,,511.0
-66.0,-242.0,,170.0,-31.0,-482.0,-137.0,1370.0,,425.0
-65.0,-224.0,,215.0,-41.0,-358.0,-138.0,1212.0,,332.0
-77.0,-243.0,,257.0,-35.0,-116.0,-167.0,1164.0,,246.0
-48.0,-315.0,,274.0,25.0,-83.0,-123.0,820.0,,158.0
-81.0,-375.0,,286.0,38.0,-218.0,-7.0,659.0,,82.0
-89.0,-343.0,,285.0,46.0,-166.0,77.0,509.0,,27.0
-93.0,-335.0,,283.0,42.0,-186.0,95.0,430.0,,-23.0
-111.0,-339.0,,278.0,-20.0,-252.0,65.0,539.0,,-67.0
-152.0,-215.0,,264.0,-56.0,-304.0,7.0,504.0,,-101.0
-167.0,-17.0,,250.0,-71.0,-348.0,-24.0,692.0,,-129.0
-144.0,150.0,,208.0,-94.0,-199.0,23.0,593.0,,-144.0
-199.0,313.0,,143.0,-41.0,-245.0,118.0,498.0,,-127.0
-228.0,410.0,,76.0,-1.0,-391.0,192.0,339.0,,-100.0
-240.0,467.0,,35.0,-13.0,-298.0,237.0,190.0,,-59.0
-241.0,479.0,,9.0,9.0,-141.0,322.0,378.0,,-15.0
-252.0,496.0,,-10.0,-13.0,52.0,426.0,386.0,,18.0
-272.0,634.0,,-30.0,-35.0,173.0,468.0,672.0,,49.0
-248.0,735.0,,-30.0,-11.0,162.0,437.0,787.0,,53.0
-238.0,703.0,,-15.0,-32.0,165.0,380.0,807.0,,64.0
-265.0,546.0,,-6.0,5.0,118.0,310.0,718.0,,61.0
-258.0,426.0,,21.0,100.0,130.0,269.0,434.0,,44.0
-254.0,345.0,,48.0,127.0,62.0,301.0,474.0,,16.0
-227.0,174.0,,83.0,145.0,-139.0,376.0,271.0,,-21.0
-184.0,26.0,,114.0,139.0,-74.0,469.0,251.0,,-43.0
-218.0,-34.0,,131.0,77.0,220.0,512.0,24.0,,-65.0
-201.0,-36.0,,173.0,38.0,425.0,527.0,-236.0,,-67.0
-177.0,-127.0,,228.0,-14.0,260.0,543.0,-286.0,,-42.0
-144.0,-126.0,,268.0,-60.0,273.0,558.0,-548.0,,2.0
-137.0,61.0,,300.0,-40.0,631.0,579.0,-380.0,,53.0
-156.0,123.0,,326.0,-62.0,785.0,580.0,-293.0,,127.0
-149.0,38.0,,332.0,-96.0,712.0,562.0,51.0,,204.0
-184.0,-51.0,,321.0,-84.0,809.0,540.0,295.0,,271.0
-191.0,-71.0,,297.0,-111.0,1276.0,556.0,218.0,,353.0
-239.0,-162.0,,298.0,-117.0,1387.0,585.0,212.0,,422.0
-271.0,-275.0,,307.0,-93.0,1170.0,576.0,-116.0,,503.0
-302.0,-201.0,,276.0,-128.0,1131.0,560.0,-57.0,,584.0
-324.0,-8.0,,244.0,-144.0,1300.0,575.0,-88.0,,658.0
-337.0,89.0,,197.0,-148.0,1285.0,612.0,73.0,,737.0
-373.0,23.0,,141.0,-162.0,861.0,679.0,290.0,,809.0
-365.0,-35.0,,116.0,-116.0,542.0,747.0,158.0,,890.0
-424.0,-122.0,,97.0,-93.0,426.0,766.0,197.0,,959.0
-464.0,-276.0,,79.0,-109.0,519.0,763.0,-253.0,,1012.0
-473.0,-363.0,,72.0,-80.0,697.0,748.0,-432.0,,1046.0
-479.0,-337.0,,74.0,-73.0,1118.0,698.0,-598.0,,1057.0
-531.0,-227.0,,104.0,-83.0,1594.0,618.0,-757.0,,1049.0
-594.0,-167.0,,146.0,-69.0,1700.0,570.0,-515.0,,1025.0
-583.0,-172.0,,176.0,-77.0,1789.0,594.0,-522.0,,991.0
-602.0,-157.0,,205.0,-83.0,1788.0,682.0,-290.0,,953.0
-626.0,-219.0,,228.0,-59.0,1608.0,771.0,-408.0,,916.0
-654.0,-400.0,,252.0,-65.0,1387.0,793.0,-554.0,,887.0
-651.0,-603.0,,274.0,-82.0,1297.0,732.0,-594.0,,869.0
-659.0,-662.0,,273.0,-79.0,1329.0,685.0,-764.0,,855.0
-673.0,-550.0,,264.0,-96.0,1204.0,723.0,-650.0,,849.0
-700.0,-508.0,,252.0,-74.0,1053.0,775.0,-866.0,,842.0
-730.0,-494.0,,242.0,-29.0,1179.0,765.0,-881.0,,836.0
-717.0,-370.0,,245.0,-21.0,1335.0,705.0,-970.0,,826.0
-714.0,-274.0,,252.0,5.0,1247.0,642.0,-1136.0,,802.0
-729.0,-239.0,,261.0,30.0,1108.0,623.0,-1188.0,,789.0
-756.0,-95.0,,276.0,-14.0,1021.0,662.0,-1470.0,,775.0
-743.0,199.0,,283.0,-63.0,1069.0,707.0,-1396.0,,759.0
-791.0,400.0,,290.0,-83.0,1155.0,772.0,-1524.0,,752.0
-795.0,433.0,,320.0,-115.0,972.0,864.0,-1487.0,,746.0
-762.0,445.0,,364.0,-98.0,619.0,906.0,-1411.0,,740.0
-750.0,500.0,,403.0,-73.0,353.0,893.0,-1461.0,,728.0
-755.0,436.0,,434.0,-86.0,229.0,850.0,-1287.0,,726.0
-820.0,125.0,,449.0,-69.0,316.0,807.0,-1492.0,,733.0
-775.0,-162.0,,470.0,-83.0,275.0,848.0,-1404.0,,731.0
-764.0,-264.0,,491.0,-126.0,2.0,977.0,-1404.0,,731.0
-751.0,-324.0,,501.0,-109.0,-41.0,1054.0,-1341.0,,736.0
-735.0,-407.0,,518.0,-76.0,98.0,1001.0,-1103.0,,746.0
-719.0,-322.0,,529.0,-70.0,145.0,824.0,-1101.0,,756.0
-644.0,-138.0,,536.0,-43.0,98.0,687.0,-740.0,,767.0
-639.0,-71.0,,530.0,-21.0,141.0,736.0,-631.0,,771.0
-614.0,-50.0,,505.0,-1.0,494.0,860.0,-410.0,,757.0
-606.0,24.0,,458.0,59.0,838.0,968.0,-351.0,,723.0
-549.0,223.0,,394.0,85.0,841.0,1018.0,-528.0,,671.0
-505.0,297.0,,333.0,106.0,805.0,972.0,-502.0,,618.0
-526.0,215.0,,269.0,162.0,837.0,921.0,-772.0,,554.0
-487.0,190.0,,213.0,172.0,1011.0,927.0,-779.0,,486.0
-440.0,285.0,,175.0,165.0,1093.0,969.0,-918.0,,424.0
-408.0,412.0,,130.0,163.0,809.0,1074.0,-851.0,,351.0
-423.0,392.0,,83.0,109.0,586.0,1201.0,-755.0,,270.0
-404.0,406.0,,68.0,57.0,672.0,1193.0,-929.0,,183.0
-368.0,474.0,,52.0,54.0,835.0,1055.0,-753.0,,98.0
-363.0,454.0,,50.0,29.0,936.0,928.0,-940.0,,4.0
-334.0,342.0,,56.0,9.0,1235.0,878.0,-951.0,,-84.0
-351.0,243.0,,51.0,5.0,1590.0,911.0,-1088.0,,-177.0
-349.0,235.0,,54.0,-41.0,1962.0,970.0,-1321.0,,-269.0
-329.0,170.0,,53.0,-76.0,2111.0,1032.0,-1252.0,,-339.0
-374.0,-31.0,,78.0,-116.0,2011.0,1104.0,-1424.0,,-399.0
-379.0,-237.0,,109.0,-173.0,2225.0,1155.0,-1339.0,,-435.0
-365.0,-253.0,,145.0,-160.0,2583.0,1196.0,-1487.0,,-454.0
-330.0,-173.0,,186.0,-122.0,2817.0,1230.0,-1494.0,,-458.0
-345.0,-154.0,,204.0,-97.0,2865.0,1218.0,-1426.0,,-454.0
-356.0,-171.0,,203.0,-27.0,3012.0,1142.0,-1550.0,,-429.0
-298.0,-219.0,,205.0,18.0,3256.0,1031.0,-1407.0,,-402.0
-273.0,-301.0,,224.0,0.0,3372.0,910.0,-1474.0,,-370.0
-230.0,-416.0,,211.0,2.0,3295.0,864.0,-1302.0,,-347.0
-217.0,-510.0,,193.0,-4.0,3094.0,933.0,-1359.0,,-342.0
-162.0,-475.0,,206.0,-25.0,3074.0,1028.0,-1387.0,,-336.0
-135.0,-309.0,,231.0,-8.0,3115.0,1140.0,-1245.0,,-346.0
-131.0,-114.0,,250.0,-44.0,3119.0,1237.0,-1306.0,,-338.0
-131.0,72.0,,262.0,-108.0,2969.0,1261.0,-1008.0,,-339.0
-115.0,251.0,,283.0,-106.0,2577.0,1238.0,-1051.0,,-316.0
-72.0,341.0,,299.0,-124.0,2305.0,1185.0,-951.0,,-274.0
-82.0,325.0,,283.0,-156.0,2493.0,1123.0,-909.0,,-234.0
-51.0,227.0,,266.0,-162.0,2650.0,1092.0,-1029.0,,-174.0
-55.0,65.0,,266.0,-211.0,2491.0,1084.0,-994.0,,-149.0
-6.0,-98.0,,243.0,-241.0,2520.0,1085.0,-1293.0,,-113.0
-10.0,-274.0,,252.0,-237.0,2794.0,1103.0,-1169.0,,-69.0
-25.0,-461.0,,282.0,-248.0,2944.0,1147.0,-1239.0,,-25.0
-8.0,-661.0,,289.0,-191.0,2737.0,1204.0,-1223.0,,32.0
-10.0,-833.0,,297.0,-104.0,2359.0,1220.0,-1088.0,,67.0
0.0,-933.0,,264.0,-68.0,2107.0,1230.0,-1258.0,,110.0
-64.0,-924.0,,195.0,-11.0,2036.0,1241.0,-1178.0,,146.0
-18.0,-766.0,,133.0,13.0,1997.0,1204.0,-1481.0,,177.0
-14.0,-621.0,,91.0,-39.0,1939.0,1159.0,-1448.0,,212.0
-10.0,-544.0,,63.0,-40.0,1847.0,1153.0,-1346.0,,239.0
-2.0,-427.0,,48.0,-27.0,1909.0,1175.0,-1247.0,,249.0
-32.0,-280.0,,63.0,-31.0,2121.0,1181.0,-923.0,,232.0
-43.0,-135.0,,86.0,17.0,2052.0,1157.0,-997.0,,209.0
-70.0,69.0,,93.0,43.0,1698.0,1118.0,-798.0,,155.0
-41.0,294.0,,69.0,38.0,1480.0,1100.0,-811.0,,72.0
-68.0,472.0,,55.0,88.0,1763.0,1079.0,-777.0,,-30.0
-66.0,595.0,,62.0,117.0,2061.0,1036.0,-715.0,,-157.0
-72.0,694.0,,45.0,128.0,2042.0,1017.0,-641.0,,-301.0
-63.0,804.0,,36.0,158.0,2002.0,1061.0,-303.0,,-443.0
-56.0,749.0,,49.0,97.0,2020.0,1119.0,-498.0,,-573.0
-61.0,467.0,,75.0,59.0,2014.0,1153.0,-618.0,,-692.0
-49.0,196.0,,92.0,77.0,1828.0,1135.0,-916.0,,-775.0
-87.0,78.0,,93.0,37.0,1677.0,1047.0,-1069.0,,-856.0
-95.0,-34.0,,101.0,31.0,1644.0,980.0,-988.0,,-924.0
-116.0,-201.0,,103.0,48.0,1784.0,932.0,-994.0,,-987.0
-113.0,-284.0,,104.0,10.0,1884.0,919.0,-602.0,,-1051.0
-154.0,-297.0,,101.0,0.0,1753.0,946.0,-582.0,,-1091.0
-146.0,-378.0,,86.0,8.0,1614.0,946.0,-498.0,,-1134.0
-122.0,-509.0,,61.0,-33.0,1508.0,932.0,-652.0,,-1161.0
-135.0,-509.0,,41.0,-43.0,1474.0,892.0,-866.0,,-1169.0
-108.0,-360.0,,20.0,-53.0,1129.0,866.0,-702.0,,-1166.0
-113.0,-255.0,,-35.0,-91.0,753.0,864.0,-792.0,,-1151.0
-79.0,-274.0,,-89.0,-85.0,690.0,869.0,-583.0,,-1131.0
-80.0,-309.0,,-143.0,-55.0,742.0,912.0,-689.0,,-1100.0
-75.0,-238.0,,-193.0,-44.0,833.0,928.0,-752.0,,-1059.0
-53.0,-147.0,,-228.0,-69.0,748.0,852.0,-837.0,,-1017.0
9.0,-172.0,,-249.0,-65.0,736.0,757.0,-1176.0,,-984.0
52.0,-191.0,,-231.0,-47.0,814.0,723.0,-1093.0,,-950.0
53.0,-39.0,,-210.0,-23.0,748.0,729.0,-1236.0,,-923.0
97.0,148.0,,-202.0,35.0,298.0,733.0,-1043.0,,-898.0
132.0,145.0,,-188.0,54.0,-287.0,676.0,-907.0,,-877.0
162.0,83.0,,-171.0,48.0,-510.0,604.0,-901.0,,-866.0
146.0,143.0,,-174.0,52.0,-684.0,592.0,-788.0,,-853.0
182.0,263.0,,-193.0,13.0,-762.0,606.0,-872.0,,-856.0
186.0,311.0,,-176.0,-42.0,-589.0,590.0,-602.0,,-864.0
165.0,225.0,,-139.0,-50.0,-555.0,525.0,-589.0,,-875.0
145.0,198.0,,-148.0,-61.0,-623.0,481.0,-393.0,,-884.0
103.0,190.0,,-179.0,-56.0,-465.0,496.0,-160.0,,-881.0
77.0,105.0,,-186.0,-20.0,-227.0,488.0,-121.0,,-871.0
22.0,86.0,,-184.0,-26.0,-212.0,400.0,138.0,,-855.0
1.0,127.0,,-183.0,-26.0,-344.0,300.0,168.0,,-844.0
-17.0,89.0,,-163.0,7.0,-440.0,263.0,412.0,,-817.0
-20.0,-94.0,,-135.0,4.0,-493.0,260.0,436.0,,-790.0
-28.0,-272.0,,-138.0,-34.0,-733.0,253.0,467.0,,-760.0
-33.0,-315.0,,-139.0,-65.0,-1184.0,216.0,585.0,,-715.0
-63.0,-232.0,,-148.0,-126.0,-1345.0,195.0,506.0,,-665.0
-37.0,-146.0,,-163.0,-173.0,-1252.0,225.0,678.0,,-606.0
-21.0,-75.0,,-172.0,-155.0,-1212.0,260.0,508.0,,-566.0
-91.0,56.0,,-190.0,-154.0,-1279.0,275.0,439.0,,-530.0
-77.0,120.0,,-192.0,-125.0,-1550.0,211.0,380.0,,-521.0
-32.0,61.0,,-217.0,-56.0,-1615.0,138.0,356.0,,-525.0
0.0,-18.0,,-247.0,-34.0,-1479.0,121.0,443.0,,-524.0
-24.0,14.0,,-259.0,9.0,-1479.0,84.0,188.0,,-538.0
-23.0,97.0,,-266.0,67.0,-1559.0,61.0,290.0,,-535.0
-14.0,101.0,,-263.0,55.0,-1548.0,12.0,208.0,,-539.0
8.0,52.0,,-252.0,66.0,-1381.0,-76.0,195.0,,-552.0
23.0,-1.0,,-231.0,93.0,-1145.0,-119.0,266.0,,-577.0
-17.0,-14.0,,-230.0,68.0,-1059.0,-131.0,64.0,,-627.0
-12.0,-52.0,,-238.0,103.0,-1201.0,-123.0,73.0,,-695.0
17.0,-85.0,,-262.0,161.0,-1095.0,-120.0,-184.0,,-779.0
46.0,-17.0,,-300.0,182.0,-861.0,-122.0,-212.0,,-853.0
-20.0,71.0,,-332.0,240.0,-821.0,-108.0,-262.0,,-920.0
-41.0,134.0,,-347.0,255.0,-939.0,-55.0,-181.0,,-987.0
2.0,146.0,,-355.0,221.0,-880.0,-23.0,169.0,,-1050.0
13.0,186.0,,-387.0,233.0,-496.0,-38.0,212.0,,-1095.0
-12.0,262.0,,-410.0,208.0,-459.0,-84.0,452.0,,-1115.0
-35.0,298.0,,-426.0,157.0,-665.0,-168.0,352.0,,-1119.0
-22.0,318.0,,-411.0,137.0,-711.0,-252.0,317.0,,-1099.0
2.0,295.0,,-378.0,63.0,-602.0,-324.0,249.0,,-1066.0
47.0,220.0,,-366.0,-17.0,-532.0,-333.0,144.0,,-1021.0
44.0,112.0,,-344.0,-54.0,-592.0,-291.0,412.0,,-966.0
31.0,89.0,,-322.0,-120.0,-643.0,-237.0,388.0,,-915.0
70.0,75.0,,-295.0,-151.0,-715.0,-217.0,589.0,,-864.0
112.0,0.0,,-266.0,-125.0,-650.0,-190.0,572.0,,-808.0
76.0,-58.0,,-245.0,-125.0,-405.0,-135.0,530.0,,-746.0
74.0,-79.0,,-233.0,-87.0,-213.0,-113.0,445.0,,-692.0
102.0,-48.0,,-214.0,-42.0,-261.0,-122.0,112.0,,-649.0
82.0,-79.0,,-190.0,-83.0,-207.0,-141.0,127.0,,-612.0
40.0,-105.0,,-161.0,-109.0,52.0,-152.0,-29.0,,-587.0
36.0,-73.0,,-150.0,-129.0,-16.0,-199.0,171.0,,-553.0
49.0,-9.0,,-160.0,-183.0,-358.0,-220.0,314.0,,-512.0
50.0,18.0,,-136.0,-183.0,-744.0,-182.0,365.0,,-490.0
81.0,0.0,,-114.0,-193.0,-1034.0,-124.0,485.0,,-457.0
70.0,-6.0,,-117.0,-241.0,-1133.0,-95.0,258.0,,-410.0
68.0,-68.0,,-122.0,-213.0,-1310.0,-130.0,349.0,,-359.0
78.0,-165.0,,-131.0,-179.0,-1627.0,-157.0,258.0,,-280.0
134.0,-259.0,,-162.0,-151.0,-1837.0,-176.0,399.0,,-183.0
123.0,-316.0,,-184.0,-69.0,-1663.0,-182.0,546.0,,-63.0
97.0,-368.0,,-178.0,-29.0,-1302.0,-163.0,541.0,,68.0
128.0,-454.0,,-162.0,13.0,-1091.0,-102.0,811.0,,195.0
120.0,-494.0,,-141.0,107.0,-791.0,-52.0,703.0,,292.0
120.0,-380.0,,-128.0,160.0,-296.0,-94.0,853.0,,336.0
90.0,-154.0,,-132.0,229.0,37.0,-180.0,833.0,,337.0
131.0,56.0,,-140.0,281.0,64.0,-239.0,857.0,,290.0
109.0,219.0,,-131.0,240.0,-52.0,-219.0,955.0,,210.0
110.0,351.0,,-148.0,223.0,-310.0,-182.0,779.0,,98.0
104.0,428.0,,-193.0,216.0,-423.0,-169.0,892.0,,-34.0
50.0,398.0,,-211.0,149.0,-510.0,-180.0,535.0,,-170.0
93.0,323.0,,-224.0,99.0,-858.0,-216.0,445.0,,-306.0
87.0,323.0,,-249.0,31.0,-1055.0,-206.0,336.0,,-445.0
94.0,407.0,,-264.0,-37.0,-980.0,-169.0,253.0,,-584.0
72.0,380.0,,-297.0,-20.0,-762.0,-118.0,535.0,,-702.0
102.0,339.0,,-333.0,-35.0,-810.0,-58.0,495.0,,-807.0
103.0,343.0,,-363.0,-71.0,-1047.0,-53.0,774.0,,-898.0
61.0,259.0,,-397.0,-64.0,-1037.0,-79.0,606.0,,-962.0
76.0,170.0,,-404.0,-93.0,-980.0,-126.0,437.0,,-993.0
84.0,92.0,,-388.0,-111.0,-1011.0,-193.0,295.0,,-988.0
75.0,54.0,,-388.0,-84.0,-1041.0,-253.0,101.0,,-964.0
29.0,-3.0,,-387.0,-70.0,-1140.0,-272.0,338.0,,-919.0
53.0,-6.0,,-352.0,-14.0,-1214.0,-259.0,195.0,,-853.0
26.0,83.0,,-340.0,60.0,-1009.0,-239.0,323.0,,-789.0
14.0,214.0,,-339.0,55.0,-924.0,-229.0,144.0,,-714.0
14.0,366.0,,-344.0,68.0,-1074.0,-258.0,-3.0,,-630.0
-53.0,434.0,,-370.0,71.0,-1198.0,-252.0,48.0,,-550.0
-73.0,473.0,,-390.0,21.0,-1227.0,-174.0,-160.0,,-476.0
-73.0,430.0,,-408.0,22.0,-1333.0,-64.0,109.0,,-416.0
-77.0,373.0,,-397.0,0.0,-1631.0,-5.0,171.0,,-369.0
-121.0,334.0,,-391.0,-17.0,-1704.0,-50.0,347.0,,-345.0
-139.0,366.0,,-374.0,47.0,-1577.0,-120.0,312.0,,-323.0
-110.0,509.0,,-337.0,76.0,-1490.0,-185.0,140.0,,-311.0
-115.0,570.0,,-314.0,98.0,-1696.0,-215.0,162.0,,-298.0
-139.0,560.0,,-290.0,148.0,-1920.0,-215.0,-35.0,,-267.0
-134.0,444.0,,-252.0,137.0,-1850.0,-237.0,195.0,,-247.0
-140.0,293.0,,-211.0,137.0,-1732.0,-239.0,295.0,,-221.0
-151.0,89.0,,-191.0,160.0,-1583.0,-231.0,618.0,,-202.0
-148.0,-172.0,,-186.0,131.0,-1436.0,-232.0,1025.0,,-182.0
-127.0,-356.0,,-198.0,135.0,-1171.0,-231.0,1103.0,,-166.0
-123.0,-460.0,,-196.0,119.0,-911.0,-242.0,1247.0,,-155.0
-96.0,-446.0,,-178.0,48.0,-774.0,-262.0,951.0,,-143.0
-64.0,-351.0,,-166.0,32.0,-628.0,-292.0,877.0,,-130.0
-69.0,-182.0,,-127.0,15.0,-539.0,-330.0,825.0,,-105.0
-5.0,-61.0,,-69.0,7.0,-537.0,-376.0,886.0,,-83.0
10.0,-20.0,,-13.0,58.0,-420.0,-400.0,1189.0,,-61.0
0.0,-37.0,,38.0,49.0,-283.0,-426.0,1169.0,,-37.0
-24.0,-82.0,,113.0,39.0,-486.0,-481.0,1280.0,,2.0
31.0,-60.0,,179.0,93.0,-849.0,-534.0,1056.0,,53.0
69.0,-45.0,,218.0,91.0,-998.0,-553.0,883.0,,115.0
-8.0,-11.0,,256.0,94.0,-939.0,-540.0,822.0,,183.0
-6.0,41.0,,297.0,109.0,-1170.0,-578.0,781.0,,239.0
-4.0,58.0,,340.0,53.0,-1574.0,-632.0,1053.0,,299.0
35.0,39.0,,372.0,36.0,-1623.0,-693.0,986.0,,355.0
10.0,58.0,,407.0,20.0,-1491.0,-730.0,1034.0,,406.0
17.0,116.0,,421.0,-57.0,-1457.0,-679.0,909.0,,458.0
15.0,165.0,,435.0,-86.0,-1527.0,-604.0,716.0,,513.0
5.0,186.0,,435.0,-125.0,-1469.0,-545.0,737.0,,570.0
81.0,200.0,,401.0,-151.0,-1282.0,-532.0,565.0,,638.0
65.0,215.0,,375.0,-69.0,-1142.0,-553.0,606.0,,715.0
66.0,156.0,,329.0,-15.0,-1086.0,-599.0,434.0,,790.0
49.0,45.0,,329.0,46.0,-1147.0,-674.0,408.0,,879.0
85.0,-151.0,,356.0,144.0,-1248.0,-719.0,424.0,,960.0
62.0,-336.0,,380.0,146.0,-1385.0,-738.0,317.0,,1025.0
60.0,-447.0,,419.0,147.0,-1634.0,-754.0,521.0,,1075.0
90.0,-513.0,,425.0,151.0,-1894.0,-769.0,441.0,,1091.0
75.0,-510.0,,415.0,90.0,-2076.0,-774.0,578.0,,1083.0
135.0,-449.0,,401.0,76.0,-2107.0,-773.0,630.0,,1048.0
121.0,-361.0,,394.0,70.0,-2056.0,-783.0,678.0,,1003.0
127.0,-371.0,,390.0,48.0,-2028.0,-777.0,896.0,,956.0
104.0,-409.0,,389.0,74.0,-2012.0,-772.0,849.0,,901.0
140.0,-394.0,,414.0,32.0,-2113.0,-772.0,1165.0,,854.0
159.0,-253.0,,449.0,-44.0,-1961.0,-758.0,1156.0,,811.0
99.0,-107.0,,472.0,-65.0,-1723.0,-755.0,1215.0,,783.0
96.0,-26.0,,489.0,-135.0,-1886.0,-812.0,1210.0,,756.0
100.0,59.0,,491.0,-172.0,-1995.0,-930.0,944.0,,745.0
90.0,102.0,,458.0,-136.0,-1829.0,-1017.0,921.0,,764.0
24.0,190.0,,415.0,-131.0,-1544.0,-1028.0,642.0,,800.0
6.0,225.0,,382.0,-66.0,-1446.0,-959.0,752.0,,846.0
-30.0,276.0,,330.0,6.0,-1366.0,-870.0,691.0,,883.0
-44.0,303.0,,259.0,18.0,-1032.0,-795.0,794.0,,929.0
-63.0,212.0,,214.0,63.0,-783.0,-743.0,929.0,,968.0
-102.0,99.0,,181.0,53.0,-738.0,-762.0,727.0,,1012.0
-135.0,-3.0,,170.0,26.0,-732.0,-807.0,835.0,,1062.0
-145.0,-29.0,,170.0,74.0,-761.0,-833.0,570.0,,1102.0
-115.0,-54.0,,183.0,68.0,-835.0,-870.0,718.0,,1152.0
-159.0,-57.0,,210.0,52.0,-841.0,-894.0,849.0,,1182.0
-139.0,-41.0,,228.0,61.0,-936.0,-902.0,1021.0,,1204.0
-106.0,47.0,,263.0,16.0,-1028.0,-939.0,1383.0,,1210.0
-91.0,151.0,,303.0,38.0,-875.0,-1015.0,1363.0,,1204.0
-89.0,159.0,,337.0,77.0,-657.0,-1073.0,1611.0,,1202.0
-70.0,139.0,,359.0,47.0,-542.0,-1062.0,1478.0,,1206.0
-58.0,83.0,,410.0,72.0,-415.0,-1012.0,1465.0,,1215.0
-65.0,80.0,,448.0,46.0,-290.0,-958.0,1387.0,,1231.0
-7.0,115.0,,442.0,-5.0,-215.0,-936.0,1195.0,,1264.0
4.0,169.0,,434.0,53.0,-301.0,-960.0,1302.0,,1292.0
22.0,209.0,,407.0,91.0,-509.0,-1005.0,1056.0,,1321.0
66.0,158.0,,382.0,135.0,-696.0,-1028.0,1069.0,,1344.0
106.0,83.0,,352.0,191.0,-987.0,-986.0,910.0,,1358.0
103.0,18.0,,324.0,152.0,-1055.0,-884.0,840.0,,1370.0
119.0,-55.0,,307.0,135.0,-1008.0,-799.0,1079.0,,1377.0
182.0,-121.0,,294.0,117.0,-1131.0,-828.0,1125.0,,1391.0
168.0,-132.0,,298.0,26.0,-1278.0,-933.0,1345.0,,1389.0
108.0,-128.0,,309.0,14.0,-1322.0,-1024.0,1247.0,,1364.0
108.0,-104.0,,325.0,9.0,-1212.0,-1055.0,1234.0,,1344.0
119.0,-68.0,,361.0,-22.0,-1085.0,-1020.0,1143.0,,1320.0
110.0,-43.0,,376.0,29.0,-1109.0,-947.0,953.0,,1279.0
136.0,-48.0,,367.0,17.0,-1266.0,-891.0,997.0,,1231.0
147.0,-129.0,,367.0,-27.0,-1089.0,-879.0,766.0,,1174.0
161.0,-195.0,,340.0,-31.0,-803.0,-869.0,868.0,,1119.0
183.0,-187.0,,313.0,-111.0,-978.0,-909.0,837.0,,1074.0
218.0,-121.0,,290.0,-136.0,-1367.0,-940.0,829.0,,1040.0
217.0,-61.0,,266.0,-108.0,-1398.0,-892.0,766.0,,998.0
230.0,-45.0,,255.0,-146.0,-1331.0,-827.0,424.0,,945.0
269.0,-27.0,,238.0,-117.0,-1552.0,-801.0,437.0,,894.0
281.0,5.0,,228.0,-85.0,-1724.0,-851.0,195.0,,839.0
295.0,58.0,,206.0,-115.0,-1637.0,-919.0,345.0,,790.0
315.0,79.0,,178.0,-86.0,-1396.0,-961.0,493.0,,747.0
397.0,104.0,,165.0,-93.0,-1339.0,-954.0,630.0,,713.0
422.0,148.0,,151.0,-95.0,-1281.0,-875.0,870.0,,674.0
429.0,169.0,,151.0,2.0,-1354.0,-797.0,724.0,,630.0
447.0,125.0,,171.0,35.0,-1615.0,-792.0,851.0,,589.0
469.0,22.0,,195.0,46.0,-1623.0,-838.0,777.0,,543.0
514.0,-43.0,,218.0,99.0,-1487.0,-861.0,999.0,,508.0
526.0,-113.0,,232.0,69.0,-1452.0,-860.0,1128.0,,505.0
521.0,-174.0,,231.0,54.0,-1584.0,-824.0,1101.0,,522.0
509.0,-208.0,,224.0,70.0,-1519.0,-748.0,1310.0,,555.0
565.0,-223.0,,203.0,48.0,-1348.0,-699.0,1147.0,,604.0
570.0,-251.0,,176.0,86.0,-1270.0,-723.0,1171.0,,646.0
553.0,-348.0,,134.0,95.0,-1383.0,-803.0,1027.0,,689.0
549.0,-412.0,,77.0,63.0,-1659.0,-897.0,1031.0,,722.0
590.0,-434.0,,47.0,114.0,-1706.0,-949.0,1101.0,,745.0
616.0,-397.0,,35.0,116.0,-1644.0,-906.0,975.0,,766.0
537.0,-323.0,,34.0,75.0,-1800.0,-798.0,1106.0,,776.0
518.0,-253.0,,37.0,68.0,-2178.0,-721.0,934.0,,788.0
501.0,-146.0,,41.0,21.0,-2334.0,-724.0,970.0,,801.0
477.0,-63.0,,51.0,10.0,-2224.0,-762.0,875.0,,820.0
451.0,0.0,,62.0,13.0,-2168.0,-806.0,661.0,,847.0
400.0,58.0,,66.0,-46.0,-2165.0,-811.0,681.0,,873.0
349.0,131.0,,68.0,-42.0,-1921.0,-737.0,480.0,,893.0
364.0,168.0,,72.0,-17.0,-1490.0,-657.0,600.0,,919.0
366.0,139.0,,72.0,-35.0,-1101.0,-638.0,456.0,,949.0
307.0,146.0,,76.0,-20.0,-719.0,-706.0,301.0,,980.0
299.0,196.0,,76.0,-47.0,-559.0,-782.0,175.0,,1016.0
290.0,250.0,,62.0,-71.0,-539.0,-811.0,-190.0,,1045.0
267.0,278.0,,40.0,-12.0,-550.0,-808.0,-251.0,,1070.0
216.0,311.0,,-10.0,14.0,-720.0,-777.0,-478.0,,1081.0
190.0,333.0,,-70.0,64.0,-1064.0,-702.0,-399.0,,1072.0
191.0,326.0,,-98.0,146.0,-1237.0,-624.0,-406.0,,1045.0
156.0,333.0,,-124.0,162.0,-1267.0,-601.0,-426.0,,1019.0
113.0,348.0,,-157.0,184.0,-1391.0,-595.0,-341.0,,976.0
86.0,352.0,,-208.0,174.0,-1297.0,-602.0,-513.0,,920.0
54.0,299.0,,-260.0,102.0,-1080.0,-584.0,-382.0,,887.0
35.0,191.0,,-311.0,73.0,-786.0,-556.0,-513.0,,838.0
35.0,21.0,,-365.0,17.0,-470.0,-536.0,-456.0,,788.0
9.0,-174.0,,-393.0,-53.0,-325.0,-531.0,-310.0,,744.0
2.0,-330.0,,-416.0,-36.0,-378.0,-559.0,-260.0,,697.0
-9.0,-413.0,,-432.0,-44.0,-553.0,-590.0,-35.0,,665.0
-19.0,-353.0,,-438.0,-40.0,-628.0,-647.0,-182.0,,632.0
-14.0,-242.0,,-443.0,7.0,-648.0,-675.0,-190.0,,608.0
-4.0,-166.0,,-435.0,-15.0,-790.0,-629.0,-373.0,,603.0
-1.0,-50.0,,-442.0,-30.0,-980.0,-546.0,-456.0,,620.0
-22.0,121.0,,-457.0,-37.0,-851.0,-479.0,-393.0,,643.0
-13.0,249.0,,-451.0,-92.0,-642.0,-487.0,-546.0,,667.0
6.0,255.0,,-433.0,-85.0,-724.0,-489.0,-367.0,,689.0
1.0,223.0,,-416.0,-59.0,-861.0,-420.0,-493.0,,686.0
0.0,220.0,,-401.0,-65.0,-922.0,-358.0,-541.0,,654.0
8.0,206.0,,-387.0,-32.0,-925.0,-308.0,-713.0,,610.0
26.0,137.0,,-385.0,-43.0,-912.0,-291.0,-958.0,,563.0
43.0,123.0,,-391.0,-92.0,-820.0,-288.0,-942.0,,511.0
33.0,201.0,,-391.0,-81.0,-636.0,-279.0,-1141.0,,470.0
43.0,193.0,,-384.0,-97.0,-443.0,-283.0,-923.0,,449.0
58.0,102.0,,-355.0,-93.0,-283.0,-220.0,-870.0,,426.0
97.0,30.0,,-323.0,-25.0,-187.0,-117.0,-716.0,,404.0
103.0,35.0,,-294.0,25.0,-281.0,-52.0,-476.0,,404.0
102.0,28.0,,-238.0,121.0,-569.0,-29.0,-454.0,,425.0
151.0,-79.0,,-184.0,210.0,-718.0,-51.0,-162.0,,475.0
179.0,-175.0,,-145.0,197.0,-570.0,-89.0,-173.0,,550.0
207.0,-176.0,,-134.0,196.0,-335.0,-48.0,-92.0,,646.0
178.0,-101.0,,-146.0,179.0,-244.0,56.0,-293.0,,748.0
199.0,-60.0,,-176.0,116.0,-85.0,105.0,-552.0,,837.0
196.0,11.0,,-231.0,106.0,144.0,137.0,-622.0,,909.0
179.0,176.0,,-276.0,60.0,279.0,155.0,-947.0,,942.0
183.0,297.0,,-300.0,-8.0,183.0,158.0,-861.0,,952.0
146.0,331.0,,-282.0,-6.0,-127.0,127.0,-840.0,,924.0
152.0,300.0,,-246.0,-28.0,-244.0,74.0,-598.0,,864.0
83.0,268.0,,-222.0,-31.0,-218.0,88.0,-367.0,,792.0
64.0,147.0,,-186.0,12.0,-210.0,150.0,-365.0,,684.0
7.0,-76.0,,-161.0,4.0,-242.0,245.0,-264.0,,567.0
-39.0,-211.0,,-150.0,24.0,-139.0,307.0,-506.0,,447.0
-39.0,-212.0,,-141.0,85.0,35.0,324.0,-511.0,,333.0
-94.0,-175.0,,-147.0,97.0,250.0,347.0,-752.0,,237.0
-108.0,-197.0,,-148.0,121.0,438.0,385.0,-779.0,,165.0
-161.0,-162.0,,-146.0,104.0,301.0,462.0,-530.0,,126.0
-152.0,-19.0,,-169.0,21.0,286.0,521.0,-550.0,,101.0
-210.0,167.0,,-194.0,-5.0,434.0,562.0,-391.0,,99.0
-271.0,307.0,,-216.0,-38.0,546.0,572.0,-668.0,,127.0
-300.0,308.0,,-245.0,-70.0,457.0,534.0,-774.0,,164.0
-341.0,249.0,,-268.0,-17.0,208.0,470.0,-975.0,,220.0
-341.0,116.0,,-289.0,13.0,269.0,422.0,-1143.0,,300.0
-369.0,-41.0,,-292.0,18.0,411.0,470.0,-1003.0,,392.0
-349.0,-157.0,,-280.0,44.0,436.0,568.0,-1117.0,,491.0
-422.0,-191.0,,-276.0,27.0,561.0,630.0,-833.0,,605.0
-440.0,-180.0,,-281.0,33.0,753.0,625.0,-846.0,,722.0
-438.0,-217.0,,-296.0,51.0,869.0,590.0,-807.0,,821.0
-462.0,-193.0,,-308.0,2.0,1009.0,578.0,-705.0,,894.0
-441.0,-133.0,,-317.0,0.0,1172.0,627.0,-655.0,,928.0
-461.0,-82.0,,-331.0,24.0,1268.0,713.0,-275.0,,918.0
-409.0,-61.0,,-352.0,18.0,1404.0,770.0,-254.0,,863.0
-383.0,-46.0,,-377.0,54.0,1364.0,817.0,83.0,,793.0
-351.0,-22.0,,-390.0,63.0,1157.0,798.0,182.0,,712.0
-331.0,-17.0,,-387.0,35.0,1060.0,723.0,192.0,,614.0
-301.0,-2.0,,-370.0,41.0,1218.0,665.0,293.0,,523.0
-264.0,-33.0,,-355.0,-1.0,1580.0,648.0,60.0,,428.0
-280.0,-28.0,,-326.0,-51.0,1677.0,710.0,133.0,,337.0
-252.0,1.0,,-285.0,-51.0,1650.0,768.0,-31.0,,255.0
-207.0,28.0,,-252.0,-86.0,1704.0,793.0,55.0,,172.0
-149.0,65.0,,-211.0,-99.0,1796.0,849.0,118.0,,105.0
-159.0,28.0,,-185.0,-62.0,1986.0,933.0,201.0,,47.0
-140.0,-11.0,,-182.0,-75.0,2013.0,967.0,548.0,,-4.0
-66.0,-33.0,,-191.0,-75.0,1805.0,935.0,448.0,,-22.0
-34.0,-34.0,,-215.0,-47.0,1659.0,888.0,539.0,,-29.0
-50.0,-73.0,,-241.0,-52.0,1826.0,878.0,456.0,,-34.0
-79.0,-188.0,,-280.0,-18.0,1979.0,927.0,439.0,,-22.0
-48.0,-254.0,,-312.0,13.0,1905.0,955.0,336.0,,-11.0
-49.0,-242.0,,-314.0,10.0,1874.0,902.0,42.0,,5.0
-66.0,-252.0,,-320.0,56.0,1979.0,845.0,131.0,,14.0
-86.0,-357.0,,-346.0,103.0,2022.0,917.0,-86.0,,14.0
-100.0,-429.0,,-370.0,129.0,2070.0,1071.0,-129.0,,23.0
-75.0,-396.0,,-401.0,173.0,2009.0,1171.0,-382.0,,14.0
-77.0,-379.0,,-450.0,154.0,1995.0,1155.0,-733.0,,-6.0
-78.0,-411.0,,-479.0,106.0,2414.0,1071.0,-729.0,,-33.0
-83.0,-384.0,,-505.0,97.0,2714.0,1009.0,-842.0,,-78.0
-65.0,-299.0,,-520.0,52.0,2758.0,987.0,-641.0,,-118.0
-49.0,-269.0,,-503.0,1.0,2750.0,1039.0,-546.0,,-161.0
-38.0,-292.0,,-469.0,-41.0,3059.0,1113.0,-254.0,,-199.0
14.0,-244.0,,-425.0,-117.0,3324.0,1139.0,-44.0,,-244.0
44.0,-79.0,,-390.0,-148.0,3034.0,1140.0,-96.0,,-313.0
63.0,23.0,,-349.0,-136.0,2875.0,1114.0,86.0,,-373.0
70.0,-29.0,,-308.0,-141.0,2902.0,1092.0,-70.0,,-432.0
113.0,-143.0,,-266.0,-100.0,2869.0,1098.0,3.0,,-493.0
157.0,-136.0,,-233.0,-56.0,2758.0,1111.0,35.0,,-552.0
181.0,-96.0,,-208.0,-61.0,2714.0,1154.0,97.0,,-605.0
218.0,-148.0,,-193.0,-33.0,2679.0,1190.0,371.0,,-644.0
198.0,-242.0,,-233.0,-28.0,2613.0,1178.0,400.0,,-681.0
205.0,-345.0,,-287.0,-53.0,2703.0,1124.0,585.0,,-702.0
199.0,-345.0,,-352.0,-17.0,2663.0,1034.0,362.0,,-700.0
168.0,-354.0,,-400.0,-1.0,2320.0,976.0,247.0,,-691.0
157.0,-326.0,,-414.0,2.0,2005.0,998.0,223.0,,-668.0
132.0,-188.0,,-411.0,23.0,1963.0,1126.0,75.0,,-620.0
109.0,-41.0,,-396.0,-9.0,1936.0,1230.0,219.0,,-577.0
93.0,15.0,,-379.0,-23.0,1781.0,1185.0,136.0,,-548.0
111.0,-21.0,,-346.0,-8.0,1717.0,1031.0,293.0,,-516.0
123.0,43.0,,-311.0,-39.0,1946.0,891.0,288.0,,-495.0
99.0,72.0,,-281.0,-28.0,2200.0,897.0,210.0,,-493.0
78.0,21.0,,-262.0,-18.0,2289.0,966.0,223.0,,-502.0
94.0,-31.0,,-242.0,-57.0,2277.0,1032.0,1.0,,-506.0
106.0,-67.0,,-225.0,-26.0,2345.0,1023.0,110.0,,-523.0
102.0,-47.0,,-203.0,5.0,2667.0,911.0,33.0,,-548.0
99.0,-38.0,,-169.0,13.0,2800.0,793.0,153.0,,-567.0
84.0,-73.0,,-158.0,61.0,2489.0,729.0,338.0,,-599.0
115.0,-105.0,,-147.0,44.0,2088.0,777.0,395.0,,-627.0
131.0,-71.0,,-136.0,13.0,1894.0,847.0,559.0,,-658.0
114.0,-43.0,,-129.0,21.0,1771.0,880.0,426.0,,-673.0
117.0,50.0,,-110.0,-26.0,1667.0,858.0,620.0,,-669.0
121.0,185.0,,-89.0,-38.0,1539.0,763.0,533.0,,-658.0
148.0,270.0,,-66.0,-29.0,1412.0,683.0,412.0,,-618.0
150.0,307.0,,-44.0,-109.0,1425.0,678.0,404.0,,-571.0
159.0,272.0,,-36.0,-167.0,1534.0,752.0,203.0,,-509.0
165.0,288.0,,-27.0,-219.0,1716.0,805.0,369.0,,-422.0
184.0,312.0,,-17.0,-278.0,1769.0,791.0,291.0,,-336.0
199.0,247.0,,-26.0,-240.0,1760.0,726.0,498.0,,-254.0
192.0,60.0,,-30.0,-226.0,1719.0,561.0,613.0,,-162.0
215.0,-219.0,,-26.0,-231.0,1526.0,392.0,672.0,,-66.0
201.0,-522.0,,-27.0,-176.0,1249.0,308.0,873.0,,3.0
208.0,-772.0,,-39.0,-177.0,1038.0,344.0,646.0,,59.0
198.0,-852.0,,-48.0,-153.0,894.0,462.0,705.0,,93.0
181.0,-858.0,,-51.0,-78.0,776.0,503.0,480.0,,98.0
163.0,-868.0,,-52.0,-77.0,737.0,447.0,448.0,,89.0
166.0,-806.0,,-46.0,-60.0,668.0,307.0,432.0,,62.0
175.0,-655.0,,-41.0,-45.0,708.0,202.0,304.0,,22.0
137.0,-458.0,,-42.0,-68.0,825.0,206.0,463.0,,-35.0
148.0,-255.0,,-47.0,-35.0,788.0,260.0,116.0,,-98.0
124.0,-45.0,,-62.0,-41.0,584.0,338.0,68.0,,-157.0
120.0,142.0,,-100.0,-90.0,448.0,349.0,-136.0,,-223.0
94.0,234.0,,-117.0,-81.0,464.0,283.0,-238.0,,-287.0
73.0,226.0,,-94.0,-112.0,340.0,176.0,-44.0,,-338.0
63.0,212.0,,-65.0,-118.0,40.0,35.0,-55.0,,-370.0
42.0,175.0,,-41.0,-59.0,-239.0,-9.0,240.0,,-386.0
88.0,86.0,,-19.0,-53.0,-342.0,84.0,219.0,,-388.0
60.0,-18.0,,15.0,-6.0,-270.0,174.0,317.0,,-390.0
29.0,-87.0,,48.0,39.0,-169.0,170.0,169.0,,-403.0
30.0,-64.0,,69.0,5.0,-181.0,74.0,1.0,,-411.0
75.0,13.0,,73.0,36.0,-242.0,-68.0,221.0,,-414.0
72.0,90.0,,61.0,65.0,-219.0,-151.0,225.0,,-431.0
60.0,166.0,,36.0,56.0,-83.0,-105.0,572.0,,-446.0
74.0,299.0,,3.0,101.0,-250.0,-12.0,641.0,,-456.0
45.0,400.0,,-4.0,88.0,-724.0,40.0,818.0,,-471.0
84.0,405.0,,-10.0,68.0,-914.0,0.0,990.0,,-479.0
33.0,399.0,,-26.0,106.0,-945.0,-143.0,894.0,,-494.0
7.0,392.0,,-45.0,83.0,-1012.0,-282.0,986.0,,-503.0
12.0,375.0,,-68.0,93.0,-1145.0,-316.0,696.0,,-513.0
-12.0,260.0,,-79.0,116.0,-1289.0,-218.0,715.0,,-519.0
-6.0,90.0,,-86.0,56.0,-1268.0,-76.0,622.0,,-493.0
-57.0,20.0,,-88.0,50.0,-1069.0,-31.0,517.0,,-452.0
-67.0,-23.0,,-105.0,43.0,-812.0,-115.0,583.0,,-404.0
-86.0,-118.0,,-128.0,-3.0,-684.0,-249.0,465.0,,-347.0
-107.0,-205.0,,-122.0,12.0,-583.0,-347.0,691.0,,-284.0
-148.0,-169.0,,-109.0,-6.0,-467.0,-366.0,537.0,,-227.0
-175.0,-8.0,,-89.0,-13.0,-509.0,-299.0,513.0,,-186.0
-169.0,165.0,,-53.0,54.0,-696.0,-224.0,473.0,,-173.0
-212.0,258.0,,-10.0,38.0,-893.0,-213.0,325.0,,-189.0
-237.0,253.0,,46.0,7.0,-978.0,-242.0,367.0,,-220.0
-266.0,189.0,,109.0,6.0,-908.0,-314.0,48.0,,-255.0
-247.0,46.0,,157.0,-45.0,-827.0,-399.0,-12.0,,-282.0
-267.0,-33.0,,195.0,-40.0,-696.0,-422.0,-315.0,,-304.0
-316.0,40.0,,238.0,-12.0,-582.0,-356.0,-473.0,,-311.0
-333.0,177.0,,271.0,-11.0,-575.0,-241.0,-485.0,,-294.0
-339.0,271.0,,296.0,52.0,-415.0,-173.0,-727.0,,-265.0
-339.0,256.0,,332.0,71.0,-445.0,-217.0,-585.0,,-238.0
-352.0,324.0,,352.0,52.0,-750.0,-369.0,-676.0,,-208.0
-324.0,491.0,,349.0,72.0,-865.0,-518.0,-528.0,,-181.0
-306.0,580.0,,335.0,6.0,-832.0,-545.0,-388.0,,-167.0
-274.0,548.0,,307.0,-69.0,-824.0,-453.0,-264.0,,-168.0
-282.0,438.0,,290.0,-95.0,-845.0,-358.0,-18.0,,-179.0
-267.0,317.0,,265.0,-128.0,-808.0,-364.0,-182.0,,-210.0
-224.0,205.0,,239.0,-96.0,-646.0,-434.0,-96.0,,-252.0
-219.0,113.0,,232.0,-86.0,-467.0,-499.0,-192.0,,-290.0
-179.0,-10.0,,214.0,-142.0,-472.0,-505.0,-173.0,,-332.0
-158.0,-127.0,,184.0,-140.0,-569.0,-455.0,-75.0,,-356.0
-122.0,-239.0,,153.0,-164.0,-574.0,-409.0,-169.0,,-383.0
-105.0,-293.0,,110.0,-211.0,-412.0,-343.0,-83.0,,-404.0
-104.0,-251.0,,68.0,-198.0,-367.0,-285.0,-338.0,,-408.0
-104.0,-215.0,,55.0,-230.0,-669.0,-297.0,-465.0,,-426.0
-112.0,-187.0,,33.0,-234.0,-857.0,-376.0,-681.0,,-432.0
-107.0,-275.0,,11.0,-181.0,-878.0,-497.0,-746.0,,-445.0
-114.0,-407.0,,36.0,-176.0,-930.0,-546.0,-559.0,,-479.0
-110.0,-504.0,,67.0,-111.0,-1034.0,-504.0,-574.0,,-531.0
-135.0,-529.0,,84.0,-52.0,-1137.0,-383.0,-389.0,,-605.0
-163.0,-452.0,,99.0,-73.0,-1102.0,-275.0,-565.0,,-685.0
-160.0,-403.0,,123.0,-53.0,-1064.0,-288.0,-630.0,,-776.0
-163.0,-331.0,,152.0,-70.0,-992.0,-413.0,-752.0,,-860.0
-203.0,-211.0,,211.0,-116.0,-1099.0,-576.0,-929.0,,-922.0
-281.0,-35.0,,280.0,-103.0,-1348.0,-613.0,-818.0,,-956.0
-340.0,142.0,,319.0,-130.0,-1180.0,-546.0,-953.0,,-958.0
-348.0,221.0,,354.0,-129.0,-962.0,-419.0,-698.0,,-926.0
-393.0,223.0,,380.0,-78.0,-1051.0,-302.0,-611.0,,-859.0
-498.0,193.0,,393.0,-88.0,-1176.0,-302.0,-513.0,,-759.0
-557.0,234.0,,392.0,-65.0,-1104.0,-394.0,-434.0,,-625.0
-556.0,303.0,,382.0,-50.0,-905.0,-509.0,-659.0,,-485.0
-564.0,390.0,,380.0,-96.0,-821.0,-556.0,-606.0,,-347.0
-595.0,490.0,,387.0,-53.0,-826.0,-534.0,-788.0,,-214.0
-606.0,477.0,,386.0,-9.0,-930.0,-464.0,-602.0,,-106.0
-591.0,417.0,,377.0,-4.0,-970.0,-427.0,-450.0,,-11.0
-576.0,375.0,,363.0,59.0,-793.0,-455.0,-343.0,,62.0
-562.0,367.0,,332.0,81.0,-607.0,-529.0,-133.0,,109.0
-530.0,335.0,,328.0,101.0,-782.0,-587.0,-312.0,,152.0
-500.0,219.0,,352.0,129.0,-955.0,-610.0,-177.0,,168.0
-449.0,97.0,,352.0,56.0,-751.0,-647.0,-360.0,,163.0
-391.0,53.0,,342.0,19.0,-582.0,-654.0,-369.0,,143.0
-362.0,93.0,,317.0,15.0,-338.0,-592.0,-321.0,,97.0
-325.0,114.0,,297.0,-29.0,-58.0,-461.0,-574.0,,41.0
-266.0,89.0,,294.0,-11.0,350.0,-421.0,-613.0,,-13.0
-194.0,47.0,,301.0,-10.0,688.0,-514.0,-881.0,,-68.0
-158.0,53.0,,327.0,-28.0,686.0,-634.0,-816.0,,-129.0
-157.0,55.0,,376.0,38.0,721.0,-688.0,-910.0,,-198.0
-168.0,62.0,,438.0,71.0,657.0,-585.0,-944.0,,-269.0
-127.0,119.0,,507.0,103.0,507.0,-457.0,-866.0,,-348.0
-136.0,145.0,,551.0,179.0,160.0,-395.0,-1018.0,,-434.0
-163.0,131.0,,563.0,159.0,-298.0,-389.0,-835.0,,-505.0
-149.0,81.0,,577.0,146.0,-592.0,-402.0,-1069.0,,-576.0
-155.0,141.0,,559.0,167.0,-606.0,-405.0,-1125.0,,-638.0
-143.0,222.0,,527.0,120.0,-484.0,-459.0,-1143.0,,-673.0
-197.0,246.0,,493.0,102.0,-540.0,-525.0,-1138.0,,-682.0
-170.0,343.0,,427.0,67.0,-483.0,-589.0,-864.0,,-659.0
-173.0,432.0,,361.0,5.0,-344.0,-610.0,-892.0,,-616.0
-221.0,468.0,,319.0,4.0,-159.0,-571.0,-646.0,,-559.0
-230.0,445.0,,307.0,-51.0,51.0,-492.0,-726.0,,-501.0
-212.0,432.0,,288.0,-123.0,78.0,-383.0,-733.0,,-432.0
-173.0,464.0,,280.0,-123.0,-38.0,-317.0,-681.0,,-371.0
-225.0,528.0,,300.0,-152.0,-182.0,-317.0,-703.0,,-321.0
-215.0,581.0,,317.0,-147.0,-214.0,-411.0,-376.0,,-270.0
-228.0,566.0,,338.0,-114.0,-214.0,-515.0,-336.0,,-224.0
-194.0,486.0,,341.0,-143.0,-356.0,-488.0,-20.0,,-160.0
-219.0,350.0,,337.0,-134.0,-615.0,-330.0,-31.0,,-100.0
-252.0,224.0,,329.0,-144.0,-668.0,-230.0,-173.0,,-33.0
-254.0,128.0,,322.0,-198.0,-419.0,-305.0,-205.0,,32.0
-291.0,62.0,,329.0,-171.0,-131.0,-448.0,-485.0,,82.0
-249.0,-2.0,,319.0,-149.0,-10.0,-505.0,-330.0,,126.0
-323.0,-80.0,,287.0,-123.0,127.0,-404.0,-343.0,,148.0
-331.0,-168.0,,250.0,-62.0,395.0,-311.0,-133.0,,162.0
-332.0,-225.0,,237.0,-81.0,442.0,-320.0,-79.0,,158.0
-315.0,-279.0,,257.0,-84.0,292.0,-380.0,-195.0,,131.0
-333.0,-343.0,,293.0,-41.0,308.0,-439.0,-205.0,,102.0
-333.0,-312.0,,333.0,-28.0,548.0,-466.0,-661.0,,65.0
-249.0,-277.0,,380.0,32.0,816.0,-471.0,-711.0,,25.0
-251.0,-250.0,,415.0,82.0,987.0,-448.0,-886.0,,-14.0
-213.0,-179.0,,426.0,79.0,1081.0,-400.0,-840.0,,-58.0
-245.0,-48.0,,472.0,120.0,1085.0,-333.0,-650.0,,-97.0
-226.0,23.0,,536.0,126.0,1049.0,-291.0,-740.0,,-123.0
-212.0,-60.0,,574.0,97.0,1146.0,-280.0,-672.0,,-140.0
-200.0,-78.0,,591.0,121.0,1193.0,-329.0,-1066.0,,-143.0
-213.0,-6.0,,577.0,122.0,1004.0,-415.0,-1236.0,,-123.0
-236.0,12.0,,558.0,124.0,938.0,-479.0,-1507.0,,-87.0
-198.0,-55.0,,534.0,158.0,1200.0,-462.0,-1666.0,,-29.0
-217.0,-155.0,,499.0,137.0,1451.0,-333.0,-1454.0,,28.0
-215.0,-214.0,,467.0,136.0,1345.0,-202.0,-1426.0,,80.0
-234.0,-281.0,,446.0,156.0,1302.0,-188.0,-1127.0,,130.0
-224.0,-340.0,,443.0,130.0,1592.0,-366.0,-1121.0,,159.0
-270.0,-353.0,,449.0,149.0,1659.0,-560.0,-949.0,,194.0
-281.0,-347.0,,449.0,164.0,1380.0,-532.0,-862.0,,205.0
-264.0,-310.0,,440.0,112.0,1187.0,-310.0,-899.0,,195.0
-293.0,-229.0,,435.0,85.0,1170.0,-78.0,-685.0,,199.0
-296.0,-123.0,,439.0,64.0,1011.0,-9.0,-792.0,,189.0
-265.0,-13.0,,451.0,39.0,830.0,-93.0,-576.0,,192.0
-194.0,86.0,,466.0,66.0,834.0,-232.0,-556.0,,200.0
-188.0,137.0,,473.0,70.0,811.0,-311.0,-500.0,,189.0
-163.0,122.0,,468.0,45.0,803.0,-246.0,-469.0,,160.0
-129.0,61.0,,450.0,42.0,933.0,-74.0,-703.0,,107.0
-88.0,-20.0,,439.0,-2.0,1110.0,60.0,-663.0,,34.0
-61.0,-151.0,,434.0,-50.0,1161.0,43.0,-910.0,,-57.0
-27.0,-281.0,,425.0,-64.0,1134.0,-67.0,-779.0,,-149.0
-11.0,-293.0,,418.0,-111.0,1147.0,-154.0,-763.0,,-227.0
0.0,-259.0,,420.0,-136.0,1150.0,-141.0,-857.0,,-291.0
35.0,-249.0,,430.0,-131.0,1080.0,-15.0,-790.0,,-336.0
55.0,-223.0,,434.0,-164.0,1120.0,108.0,-997.0,,-367.0
95.0,-190.0,,450.0,-193.0,1382.0,132.0,-923.0,,-387.0
106.0,-210.0,,464.0,-212.0,1626.0,32.0,-1180.0,,-390.0
120.0,-292.0,,459.0,-254.0,1723.0,-91.0,-1178.0,,-381.0
116.0,-350.0,,449.0,-246.0,1609.0,-98.0,-1042.0,,-361.0
186.0,-319.0,,438.0,-226.0,1650.0,3.0,-1101.0,,-326.0
208.0,-255.0,,405.0,-239.0,1949.0,156.0,-925.0,,-273.0
198.0,-243.0,,350.0,-198.0,1949.0,266.0,-1025.0,,-215.0
215.0,-239.0,,291.0,-161.0,1682.0,238.0,-864.0,,-167.0
219.0,-173.0,,230.0,-150.0,1494.0,126.0,-761.0,,-127.0
223.0,-103.0,,165.0,-100.0,1558.0,23.0,-615.0,,-110.0
154.0,-74.0,,96.0,-90.0,1702.0,32.0,-480.0,,-115.0
190.0,-59.0,,57.0,-92.0,1583.0,147.0,-593.0,,-122.0
177.0,-70.0,,48.0,-48.0,1323.0,218.0,-476.0,,-122.0
184.0,-96.0,,52.0,-37.0,1229.0,200.0,-683.0,,-122.0
179.0,-92.0,,77.0,-40.0,1341.0,171.0,-679.0,,-119.0
177.0,-19.0,,117.0,-27.0,1321.0,149.0,-678.0,,-94.0
212.0,104.0,,160.0,-47.0,1030.0,117.0,-757.0,,-58.0
170.0,173.0,,195.0,-39.0,880.0,110.0,-607.0,,-17.0
206.0,162.0,,227.0,0.0,1189.0,110.0,-655.0,,26.0
165.0,152.0,,249.0,4.0,1640.0,105.0,-473.0,,62.0
169.0,177.0,,260.0,40.0,1700.0,118.0,-504.0,,107.0
135.0,191.0,,264.0,92.0,1471.0,104.0,-380.0,,168.0
138.0,165.0,,253.0,99.0,1535.0,73.0,-242.0,,234.0
157.0,96.0,,228.0,126.0,1690.0,13.0,-328.0,,289.0
129.0,16.0,,207.0,142.0,1561.0,-29.0,-166.0,,336.0
170.0,-92.0,,189.0,121.0,1489.0,31.0,-413.0,,372.0
194.0,-227.0,,168.0,143.0,1452.0,166.0,-509.0,,396.0
264.0,-245.0,,153.0,159.0,1438.0,255.0,-764.0,,422.0
226.0,-136.0,,147.0,154.0,1516.0,206.0,-1027.0,,429.0
257.0,-9.0,,144.0,183.0,1506.0,73.0,-1060.0,,430.0
295.0,78.0,,121.0,148.0,1341.0,1.0,-1337.0,,415.0
325.0,152.0,,83.0,97.0,1153.0,62.0,-1191.0,,398.0
306.0,248.0,,45.0,105.0,1279.0,157.0,-1252.0,,381.0
277.0,354.0,,21.0,83.0,1413.0,183.0,-1145.0,,340.0
343.0,434.0,,-12.0,75.0,1116.0,129.0,-1016.0,,316.0
302.0,451.0,,-76.0,73.0,820.0,91.0,-1060.0,,291.0
325.0,438.0,,-146.0,17.0,818.0,84.0,-790.0,,281.0
288.0,344.0,,-193.0,-11.0,855.0,101.0,-742.0,,284.0
304.0,201.0,,-217.0,-11.0,849.0,148.0,-402.0,,291.0
285.0,175.0,,-226.0,-30.0,778.0,193.0,-297.0,,314.0
255.0,229.0,,-220.0,-10.0,684.0,272.0,-73.0,,315.0
273.0,316.0,,-204.0,14.0,699.0,280.0,225.0,,330.0
237.0,422.0,,-173.0,14.0,613.0,197.0,123.0,,352.0
266.0,487.0,,-138.0,51.0,318.0,67.0,314.0,,366.0
240.0,514.0,,-110.0,61.0,91.0,-18.0,171.0,,398.0
287.0,467.0,,-78.0,41.0,110.0,-11.0,230.0,,439.0
266.0,399.0,,-50.0,63.0,306.0,15.0,188.0,,488.0
292.0,395.0,,-25.0,54.0,431.0,64.0,86.0,,546.0
319.0,366.0,,9.0,7.0,332.0,111.0,230.0,,600.0
315.0,254.0,,40.0,-29.0,204.0,122.0,127.0,,634.0
365.0,143.0,,72.0,-105.0,139.0,59.0,432.0,,650.0
352.0,98.0,,93.0,-158.0,164.0,-65.0,482.0,,632.0
378.0,61.0,,100.0,-148.0,80.0,-126.0,567.0,,587.0
364.0,-2.0,,92.0,-162.0,-79.0,-54.0,572.0,,520.0
398.0,-58.0,,59.0,-142.0,-14.0,42.0,341.0,,430.0
399.0,-84.0,,38.0,-90.0,259.0,90.0,327.0,,342.0
429.0,-77.0,,24.0,-78.0,455.0,25.0,79.0,,239.0
447.0,-84.0,,17.0,-10.0,300.0,-106.0,282.0,,131.0
448.0,-85.0,,12.0,42.0,332.0,-230.0,349.0,,30.0
482.0,-2.0,,20.0,11.0,724.0,-299.0,437.0,,-65.0
487.0,120.0,,22.0,0.0,1089.0,-205.0,580.0,,-142.0
522.0,173.0,,25.0,-34.0,1138.0,-12.0,336.0,,-201.0
484.0,154.0,,55.0,-49.0,1020.0,158.0,264.0,,-229.0
534.0,119.0,,65.0,15.0,934.0,159.0,-145.0,,-225.0
530.0,129.0,,76.0,34.0,868.0,26.0,-227.0,,-184.0
526.0,119.0,,73.0,44.0,962.0,-131.0,-201.0,,-119.0
538.0,90.0,,61.0,74.0,903.0,-221.0,-27.0,,-32.0
549.0,132.0,,56.0,22.0,844.0,-205.0,410.0,,57.0
589.0,201.0,,40.0,-6.0,864.0,-133.0,412.0,,153.0
515.0,276.0,,8.0,22.0,924.0,-11.0,641.0,,245.0
542.0,330.0,,-33.0,1.0,871.0,83.0,513.0,,324.0
534.0,414.0,,-72.0,6.0,720.0,84.0,436.0,,413.0
543.0,458.0,,-111.0,19.0,793.0,-50.0,412.0,,500.0
513.0,395.0,,-163.0,8.0,834.0,-179.0,293.0,,596.0
451.0,283.0,,-228.0,39.0,915.0,-220.0,641.0,,690.0
451.0,174.0,,-252.0,40.0,918.0,-138.0,702.0,,767.0
403.0,49.0,,-271.0,8.0,782.0,11.0,942.0,,824.0
399.0,-162.0,,-269.0,13.0,680.0,115.0,914.0,,852.0
343.0,-317.0,,-266.0,-23.0,619.0,121.0,827.0,,863.0
364.0,-418.0,,-295.0,-64.0,482.0,-60.0,896.0,,855.0
359.0,-489.0,,-293.0,-58.0,146.0,-247.0,713.0,,830.0
335.0,-543.0,,-294.0,-109.0,-118.0,-284.0,905.0,,780.0
331.0,-577.0,,-276.0,-113.0,-166.0,-138.0,877.0,,718.0
309.0,-562.0,,-260.0,-42.0,-281.0,44.0,1060.0,,645.0
350.0,-593.0,,-238.0,-6.0,-553.0,86.0,1075.0,,546.0
298.0,-614.0,,-220.0,58.0,-743.0,-23.0,800.0,,456.0
276.0,-581.0,,-240.0,88.0,-894.0,-192.0,711.0,,365.0
251.0,-467.0,,-259.0,56.0,-984.0,-269.0,388.0,,271.0
263.0,-406.0,,-297.0,72.0,-1031.0,-196.0,452.0,,199.0
253.0,-386.0,,-303.0,72.0,-1195.0,-1.0,467.0,,135.0
190.0,-292.0,,-314.0,39.0,-1442.0,130.0,694.0,,86.0
185.0,-247.0,,-345.0,49.0,-1606.0,110.0,984.0,,51.0
140.0,-327.0,,-357.0,25.0,-1627.0,-17.0,1001.0,,1.0
153.0,-481.0,,-384.0,-10.0,-1604.0,-132.0,1202.0,,-51.0
98.0,-505.0,,-416.0,-19.0,-1625.0,-182.0,1116.0,,-109.0
44.0,-448.0,,-461.0,-74.0,-1531.0,-120.0,1271.0,,-172.0
15.0,-444.0,,-492.0,-96.0,-1291.0,46.0,1282.0,,-225.0
0.0,-437.0,,-505.0,-92.0,-1249.0,138.0,1223.0,,-262.0
7.0,-287.0,,-513.0,-131.0,-1308.0,129.0,1245.0,,-289.0
-31.0,-118.0,,-508.0,-124.0,-1308.0,14.0,1034.0,,-320.0
-19.0,-188.0,,-497.0,-120.0,-1243.0,-85.0,1169.0,,-319.0
-37.0,-267.0,,-480.0,-156.0,-1156.0,-89.0,1001.0,,-298.0
-6.0,-171.0,,-467.0,-122.0,-1152.0,-10.0,1082.0,,-265.0
-9.0,-71.0,,-429.0,-106.0,-1263.0,98.0,1324.0,,-210.0
-15.0,-163.0,,-397.0,-103.0,-1351.0,146.0,1298.0,,-154.0
-8.0,-302.0,,-387.0,-26.0,-1080.0,143.0,1409.0,,-88.0
-19.0,-220.0,,-387.0,6.0,-869.0,96.0,1189.0,,-18.0
3.0,-60.0,,-401.0,43.0,-895.0,41.0,1202.0,,53.0
-18.0,-17.0,,-388.0,100.0,-889.0,-14.0,1064.0,,130.0
8.0,-73.0,,-377.0,88.0,-1026.0,7.0,923.0,,209.0
-7.0,-55.0,,-381.0,111.0,-1222.0,92.0,899.0,,288.0
10.0,2.0,,-397.0,115.0,-1556.0,160.0,665.0,,364.0
0.0,-128.0,,-406.0,44.0,-1931.0,166.0,838.0,,445.0
-30.0,-285.0,,-417.0,33.0,-2178.0,115.0,720.0,,515.0
-2.0,-235.0,,-429.0,7.0,-2243.0,64.0,672.0,,583.0
-31.0,-62.0,,-419.0,-58.0,-2144.0,44.0,583.0,,645.0
-31.0,-9.0,,-402.0,-52.0,-2184.0,76.0,386.0,,674.0
-64.0,-14.0,,-363.0,-74.0,-2087.0,151.0,504.0,,677.0
-41.0,157.0,,-325.0,-87.0,-1726.0,247.0,400.0,,652.0
-55.0,380.0,,-297.0,-39.0,-1337.0,313.0,598.0,,605.0
-82.0,429.0,,-252.0,-52.0,-1157.0,347.0,620.0,,551.0
-74.0,312.0,,-204.0,-49.0,-1076.0,251.0,670.0,,486.0
-92.0,275.0,,-158.0,-14.0,-972.0,122.0,766.0,,423.0
-85.0,295.0,,-117.0,-28.0,-1047.0,68.0,596.0,,380.0
-124.0,158.0,,-99.0,-2.0,-1218.0,88.0,787.0,,360.0
-101.0,-57.0,,-104.0,12.0,-1499.0,197.0,776.0,,363.0
-105.0,-110.0,,-119.0,-32.0,-1802.0,251.0,1027.0,,391.0
-108.0,-27.0,,-125.0,-22.0,-1973.0,262.0,1223.0,,437.0
-109.0,-35.0,,-135.0,-34.0,-2004.0,212.0,1260.0,,494.0
-108.0,-58.0,,-149.0,-60.0,-2227.0,215.0,1367.0,,569.0
-90.0,-8.0,,-158.0,-24.0,-2524.0,278.0,1016.0,,639.0
-100.0,68.0,,-201.0,-47.0,-2558.0,332.0,953.0,,704.0
-86.0,59.0,,-248.0,-75.0,-2446.0,408.0,811.0,,748.0
-98.0,-31.0,,-284.0,-60.0,-2279.0,388.0,846.0,,762.0
-63.0,-75.0,,-350.0,-102.0,-2196.0,333.0,916.0,,761.0
-92.0,-52.0,,-390.0,-114.0,-2027.0,263.0,764.0,,719.0
-113.0,-2.0,,-402.0,-98.0,-1900.0,222.0,957.0,,652.0
-104.0,-8.0,,-418.0,-134.0,-1826.0,265.0,984.0,,568.0
-84.0,-35.0,,-428.0,-111.0,-1788.0,354.0,1230.0,,487.0
-61.0,-78.0,,-415.0,-81.0,-1909.0,408.0,1140.0,,421.0
-91.0,-131.0,,-394.0,-99.0,-1964.0,387.0,1014.0,,388.0
-62.0,-182.0,,-390.0,-56.0,-1928.0,349.0,962.0,,388.0
-83.0,-307.0,,-380.0,-52.0,-1889.0,289.0,522.0,,405.0
-110.0,-429.0,,-384.0,-80.0,-1948.0,227.0,532.0,,452.0
-146.0,-448.0,,-387.0,-35.0,-1932.0,187.0,356.0,,509.0
-145.0,-385.0,,-386.0,-7.0,-1796.0,210.0,447.0,,587.0
-156.0,-362.0,,-388.0,33.0,-1549.0,324.0,448.0,,643.0
-216.0,-379.0,,-380.0,108.0,-1268.0,458.0,188.0,,684.0
-214.0,-305.0,,-364.0,121.0,-1043.0,479.0,109.0,,716.0
-219.0,-211.0,,-344.0,150.0,-858.0,350.0,-321.0,,714.0
-194.0,-169.0,,-324.0,177.0,-863.0,162.0,-321.0,,711.0
-236.0,-130.0,,-304.0,110.0,-966.0,95.0,-439.0,,686.0
-285.0,-14.0,,-323.0,77.0,-1239.0,182.0,-315.0,,654.0
-288.0,128.0,,-320.0,54.0,-1657.0,260.0,12.0,,619.0
-264.0,83.0,,-295.0,-8.0,-1840.0,250.0,42.0,,589.0
-255.0,-21.0,,-274.0,-3.0,-1839.0,168.0,275.0,,570.0
-283.0,36.0,,-231.0,-15.0,-2028.0,116.0,48.0,,559.0
-289.0,171.0,,-205.0,-41.0,-2127.0,141.0,59.0,,561.0
-284.0,213.0,,-195.0,6.0,-1775.0,185.0,-16.0,,572.0
-251.0,131.0,,-196.0,12.0,-1265.0,182.0,-90.0,,606.0
-263.0,126.0,,-198.0,10.0,-1024.0,183.0,147.0,,659.0
-259.0,185.0,,-207.0,55.0,-1063.0,188.0,142.0,,708.0
-240.0,158.0,,-214.0,40.0,-910.0,172.0,448.0,,744.0
-234.0,65.0,,-211.0,18.0,-641.0,171.0,391.0,,767.0
-249.0,49.0,,-216.0,4.0,-601.0,164.0,275.0,,774.0
-254.0,131.0,,-230.0,-26.0,-834.0,157.0,38.0,,776.0
-262.0,88.0,,-221.0,26.0,-1164.0,76.0,-282.0,,768.0
-284.0,-45.0,,-197.0,97.0,-1282.0,26.0,-251.0,,765.0
-263.0,-38.0,,-174.0,126.0,-1119.0,63.0,-471.0,,749.0
-276.0,151.0,,-126.0,180.0,-871.0,156.0,-279.0,,726.0
-257.0,263.0,,-90.0,179.0,-840.0,230.0,-303.0,,714.0
-276.0,201.0,,-67.0,147.0,-762.0,160.0,-456.0,,684.0
-272.0,194.0,,-70.0,162.0,-436.0,79.0,-563.0,,656.0
-271.0,260.0,,-86.0,141.0,-152.0,60.0,-951.0,,627.0
-312.0,266.0,,-101.0,139.0,75.0,141.0,-909.0,,596.0
-281.0,150.0,,-123.0,164.0,119.0,236.0,-934.0,,562.0
-308.0,95.0,,-128.0,138.0,-14.0,257.0,-668.0,,527.0
-320.0,156.0,,-134.0,137.0,-112.0,174.0,-498.0,,485.0
-320.0,162.0,,-134.0,137.0,-238.0,23.0,-456.0,,448.0
-311.0,81.0,,-145.0,91.0,-459.0,-20.0,-297.0,,428.0
-310.0,10.0,,-159.0,90.0,-861.0,46.0,-685.0,,412.0
-322.0,91.0,,-159.0,90.0,-1243.0,165.0,-862.0,,418.0
-318.0,175.0,,-166.0,76.0,-1473.0,179.0,-1099.0,,444.0
-336.0,179.0,,-175.0,110.0,-1786.0,121.0,-1077.0,,481.0
-335.0,200.0,,-169.0,106.0,-1844.0,115.0,-870.0,,536.0
-356.0,233.0,,-162.0,103.0,-1467.0,140.0,-805.0,,586.0
-349.0,219.0,,-140.0,140.0,-947.0,177.0,-498.0,,626.0
-349.0,97.0,,-109.0,98.0,-450.0,162.0,-624.0,,680.0
-347.0,9.0,,-83.0,39.0,-43.0,73.0,-587.0,,731.0
-333.0,-28.0,,-65.0,-3.0,314.0,-62.0,-628.0,,794.0
-326.0,-94.0,,-74.0,-86.0,586.0,-116.0,-654.0,,860.0
-316.0,-171.0,,-87.0,-109.0,723.0,-55.0,-415.0,,918.0
-316.0,-199.0,,-104.0,-102.0,532.0,51.0,-406.0,,976.0
-297.0,-114.0,,-141.0,-127.0,56.0,59.0,-253.0,,1010.0
-331.0,-31.0,,-176.0,-77.0,-426.0,-27.0,-532.0,,1021.0
-343.0,31.0,,-199.0,-22.0,-653.0,-63.0,-718.0,,1006.0
-365.0,86.0,,-200.0,-14.0,-794.0,-58.0,-960.0,,970.0
-385.0,120.0,,-200.0,23.0,-989.0,-28.0,-1313.0,,913.0
-357.0,133.0,,-205.0,13.0,-886.0,-19.0,-1202.0,,844.0
-366.0,155.0,,-197.0,-15.0,-643.0,-1.0,-1295.0,,771.0
-350.0,180.0,,-187.0,10.0,-452.0,-26.0,-1201.0,,695.0
-352.0,108.0,,-182.0,-4.0,-438.0,-123.0,-1315.0,,613.0
-333.0,22.0,,-166.0,-7.0,-513.0,-205.0,-1437.0,,527.0
-316.0,-60.0,,-152.0,30.0,-480.0,-215.0,-1457.0,,435.0
-363.0,-157.0,,-116.0,1.0,-390.0,-136.0,-1675.0,,345.0
-360.0,-231.0,,-61.0,-12.0,-344.0,-83.0,-1540.0,,290.0
-334.0,-268.0,,3.0,-25.0,-540.0,-77.0,-1603.0,,246.0
-308.0,-197.0,,67.0,-82.0,-666.0,-85.0,-1443.0,,217.0
-303.0,-74.0,,116.0,-55.0,-505.0,-88.0,-1278.0,,205.0
-294.0,-32.0,,176.0,-14.0,-223.0,-109.0,-1247.0,,204.0
-233.0,-85.0,,249.0,-15.0,-14.0,-148.0,-1023.0,,221.0
-191.0,-129.0,,313.0,31.0,-30.0,-213.0,-1027.0,,245.0
-148.0,-139.0,,352.0,51.0,-133.0,-311.0,-726.0,,270.0
-104.0,-193.0,,401.0,40.0,-104.0,-307.0,-678.0,,299.0
-64.0,-250.0,,431.0,59.0,-92.0,-240.0,-628.0,,323.0
-16.0,-154.0,,439.0,42.0,-379.0,-218.0,-485.0,,325.0
28.0,2.0,,442.0,55.0,-816.0,-248.0,-667.0,,312.0
35.0,78.0,,411.0,91.0,-1107.0,-280.0,-622.0,,278.0
45.0,136.0,,375.0,45.0,-1131.0,-300.0,-805.0,,235.0
81.0,256.0,,328.0,36.0,-1042.0,-321.0,-735.0,,193.0
77.0,416.0,,286.0,44.0,-941.0,-300.0,-655.0,,130.0
87.0,482.0,,252.0,-6.0,-761.0,-204.0,-606.0,,67.0
66.0,481.0,,227.0,-3.0,-682.0,-88.0,-378.0,,20.0
63.0,568.0,,206.0,-7.0,-694.0,-87.0,-484.0,,-15.0
53.0,677.0,,185.0,-45.0,-674.0,-143.0,-295.0,,-36.0
8.0,616.0,,149.0,-44.0,-766.0,-182.0,-402.0,,-40.0
23.0,454.0,,92.0,-81.0,-701.0,-150.0,-458.0,,-46.0
-15.0,342.0,,63.0,-99.0,-442.0,-109.0,-400.0,,-55.0
-25.0,239.0,,48.0,-46.0,-348.0,-188.0,-476.0,,-75.0
-45.0,60.0,,58.0,-37.0,-520.0,-268.0,-277.0,,-98.0
-70.0,-136.0,,69.0,-34.0,-832.0,-224.0,-513.0,,-129.0
-53.0,-199.0,,74.0,-11.0,-852.0,-123.0,-543.0,,-176.0
-67.0,-199.0,,100.0,-33.0,-718.0,-139.0,-766.0,,-194.0
-58.0,-248.0,,96.0,-25.0,-759.0,-204.0,-1053.0,,-199.0
-63.0,-368.0,,101.0,-28.0,-774.0,-258.0,-1112.0,,-197.0
-32.0,-430.0,,99.0,-72.0,-614.0,-283.0,-1400.0,,-176.0
1.0,-410.0,,90.0,-51.0,-503.0,-226.0,-1252.0,,-130.0
-8.0,-499.0,,76.0,-25.0,-580.0,-182.0,-1225.0,,-67.0
-9.0,-593.0,,47.0,8.0,-810.0,-152.0,-946.0,,-2.0
0.0,-593.0,,30.0,89.0,-1066.0,-124.0,-746.0,,74.0
6.0,-487.0,,9.0,83.0,-1063.0,-105.0,-687.0,,145.0
22.0,-398.0,,13.0,46.0,-841.0,-173.0,-343.0,,199.0
42.0,-420.0,,9.0,51.0,-642.0,-299.0,-415.0,,239.0
57.0,-363.0,,-17.0,12.0,-573.0,-342.0,-238.0,,272.0
48.0,-289.0,,-31.0,17.0,-391.0,-236.0,-232.0,,282.0
39.0,-264.0,,-43.0,54.0,-72.0,-89.0,-206.0,,279.0
63.0,-299.0,,-35.0,47.0,185.0,-56.0,-145.0,,272.0
61.0,-307.0,,-32.0,83.0,448.0,-92.0,-315.0,,250.0
67.0,-230.0,,-22.0,95.0,739.0,-159.0,-120.0,,237.0
51.0,-188.0,,6.0,70.0,1021.0,-177.0,-251.0,,228.0
37.0,-136.0,,31.0,82.0,1130.0,-230.0,-155.0,,221.0
37.0,-60.0,,55.0,45.0,1010.0,-324.0,-92.0,,217.0
53.0,60.0,,57.0,10.0,654.0,-276.0,-131.0,,219.0
49.0,169.0,,50.0,35.0,275.0,-112.0,66.0,,229.0
30.0,246.0,,67.0,14.0,286.0,-20.0,22.0,,246.0
65.0,272.0,,95.0,8.0,500.0,-104.0,267.0,,264.0
72.0,228.0,,130.0,20.0,625.0,-199.0,195.0,,291.0
126.0,155.0,,183.0,-30.0,775.0,-210.0,212.0,,344.0
151.0,82.0,,243.0,-32.0,967.0,-157.0,291.0,,390.0
164.0,72.0,,276.0,-27.0,1003.0,-119.0,99.0,,444.0
215.0,28.0,,276.0,-80.0,877.0,-71.0,173.0,,505.0
253.0,-12.0,,287.0,-91.0,624.0,-18.0,-53.0,,543.0
301.0,6.0,,318.0,-110.0,305.0,-23.0,12.0,,568.0
314.0,94.0,,339.0,-116.0,193.0,-38.0,134.0,,573.0
336.0,180.0,,356.0,-64.0,280.0,-123.0,352.0,,563.0
353.0,167.0,,366.0,-57.0,293.0,-166.0,611.0,,535.0
353.0,152.0,,356.0,-43.0,150.0,-114.0,443.0,,507.0
353.0,127.0,,352.0,-4.0,193.0,-28.0,513.0,,488.0
383.0,98.0,,345.0,-13.0,458.0,24.0,273.0,,463.0
381.0,90.0,,325.0,10.0,419.0,-14.0,297.0,,462.0
342.0,123.0,,321.0,28.0,314.0,-25.0,469.0,,460.0
326.0,175.0,,342.0,-15.0,515.0,-15.0,559.0,,470.0
333.0,152.0,,332.0,-4.0,699.0,-4.0,907.0,,487.0
322.0,86.0,,321.0,-11.0,734.0,-14.0,910.0,,483.0
268.0,64.0,,313.0,-39.0,827.0,-82.0,1073.0,,478.0
257.0,96.0,,303.0,-3.0,912.0,-156.0,1003.0,,438.0
243.0,94.0,,313.0,-14.0,875.0,-139.0,986.0,,372.0
214.0,77.0,,309.0,0.0,897.0,-47.0,1110.0,,294.0
197.0,79.0,,318.0,61.0,1147.0,16.0,1112.0,,206.0
176.0,72.0,,327.0,65.0,1337.0,19.0,1417.0,,120.0
140.0,39.0,,325.0,97.0,1008.0,-48.0,1367.0,,35.0
114.0,23.0,,295.0,100.0,813.0,-71.0,1422.0,,-39.0
52.0,101.0,,260.0,24.0,972.0,-49.0,1317.0,,-115.0
42.0,192.0,,241.0,20.0,849.0,-6.0,1067.0,,-172.0
92.0,189.0,,218.0,20.0,499.0,36.0,951.0,,-212.0
53.0,151.0,,243.0,0.0,253.0,54.0,639.0,,-256.0
47.0,165.0,,277.0,52.0,387.0,40.0,668.0,,-292.0
51.0,165.0,,300.0,52.0,498.0,-31.0,484.0,,-327.0
103.0,69.0,,345.0,55.0,577.0,-28.0,467.0,,-353.0
135.0,-24.0,,401.0,111.0,753.0,0.0,517.0,,-381.0
103.0,1.0,,422.0,79.0,836.0,23.0,419.0,,-420.0
107.0,55.0,,407.0,71.0,870.0,13.0,648.0,,-453.0
134.0,0.0,,384.0,99.0,876.0,-9.0,639.0,,-489.0
177.0,-85.0,,362.0,51.0,932.0,34.0,864.0,,-512.0
172.0,-57.0,,364.0,39.0,931.0,46.0,958.0,,-541.0
218.0,34.0,,338.0,11.0,1053.0,66.0,1056.0,,-569.0
214.0,53.0,,276.0,-52.0,1174.0,77.0,1291.0,,-591.0
218.0,75.0,,242.0,-41.0,1287.0,79.0,1188.0,,-612.0
230.0,158.0,,215.0,-89.0,1391.0,37.0,1324.0,,-602.0
195.0,190.0,,162.0,-150.0,1350.0,-35.0,1250.0,,-593.0
218.0,145.0,,109.0,-114.0,1395.0,-20.0,1359.0,,-570.0
200.0,35.0,,67.0,-111.0,1296.0,37.0,1485.0,,-534.0
217.0,-113.0,,57.0,-70.0,951.0,59.0,1463.0,,-502.0
178.0,-216.0,,82.0,20.0,485.0,46.0,1609.0,,-463.0
175.0,-260.0,,111.0,20.0,318.0,23.0,1365.0,,-433.0
191.0,-287.0,,145.0,36.0,277.0,-57.0,1308.0,,-396.0
154.0,-260.0,,173.0,53.0,35.0,-119.0,1127.0,,-361.0
157.0,-195.0,,214.0,8.0,70.0,-104.0,1062.0,,-319.0
141.0,-102.0,,272.0,22.0,375.0,-71.0,1223.0,,-264.0
187.0,-7.0,,297.0,-1.0,637.0,-71.0,1176.0,,-214.0
180.0,25.0,,304.0,-49.0,503.0,-115.0,1324.0,,-164.0
161.0,117.0,,309.0,-18.0,237.0,-165.0,1201.0,,-116.0
151.0,219.0,,305.0,-35.0,264.0,-213.0,1254.0,,-89.0
191.0,204.0,,310.0,-34.0,409.0,-223.0,1184.0,,-83.0
221.0,199.0,,314.0,23.0,542.0,-188.0,1058.0,,-90.0
191.0,202.0,,290.0,33.0,553.0,-166.0,1226.0,,-98.0
202.0,206.0,,260.0,95.0,538.0,-197.0,1088.0,,-112.0
173.0,230.0,,241.0,166.0,680.0,-238.0,1149.0,,-145.0
192.0,221.0,,228.0,152.0,888.0,-261.0,877.0,,-176.0
135.0,171.0,,210.0,186.0,1089.0,-266.0,650.0,,-215.0
108.0,101.0,,190.0,206.0,1329.0,-244.0,569.0,,-268.0
111.0,115.0,,193.0,167.0,1548.0,-227.0,334.0,,-315.0
71.0,161.0,,202.0,188.0,1762.0,-268.0,388.0,,-351.0
72.0,230.0,,197.0,174.0,1908.0,-336.0,192.0,,-371.0
47.0,296.0,,203.0,148.0,1832.0,-312.0,314.0,,-385.0
51.0,324.0,,231.0,170.0,1515.0,-230.0,345.0,,-389.0
-29.0,341.0,,253.0,122.0,1079.0,-160.0,376.0,,-381.0
-65.0,295.0,,259.0,102.0,801.0,-129.0,513.0,,-363.0
-69.0,306.0,,248.0,101.0,763.0,-191.0,310.0,,-340.0
-85.0,346.0,,235.0,20.0,617.0,-335.0,487.0,,-309.0
-99.0,363.0,,224.0,18.0,365.0,-453.0,399.0,,-281.0
-106.0,311.0,,208.0,41.0,439.0,-423.0,500.0,,-257.0
-85.0,263.0,,194.0,20.0,406.0,-335.0,600.0,,-213.0
-137.0,344.0,,188.0,64.0,63.0,-286.0,528.0,,-158.0
-124.0,407.0,,198.0,71.0,-100.0,-283.0,718.0,,-82.0
-132.0,427.0,,199.0,73.0,83.0,-311.0,441.0,,11.0
-123.0,357.0,,201.0,121.0,283.0,-332.0,424.0,,98.0
-116.0,342.0,,224.0,92.0,127.0,-353.0,264.0,,176.0
-140.0,428.0,,238.0,105.0,-35.0,-386.0,219.0,,246.0
-124.0,502.0,,244.0,178.0,-160.0,-429.0,360.0,,301.0
-108.0,556.0,,262.0,181.0,-278.0,-358.0,188.0,,329.0
-52.0,606.0,,273.0,199.0,-254.0,-197.0,328.0,,339.0
-66.0,639.0,,252.0,187.0,-137.0,-93.0,66.0,,321.0
-50.0,540.0,,224.0,115.0,64.0,-142.0,0.0,,285.0
-12.0,447.0,,183.0,83.0,282.0,-403.0,-92.0,,240.0
12.0,384.0,,155.0,3.0,479.0,-606.0,-314.0,,178.0
28.0,283.0,,159.0,-95.0,546.0,-561.0,-258.0,,116.0
14.0,58.0,,139.0,-113.0,671.0,-395.0,-402.0,,63.0
58.0,-224.0,,146.0,-141.0,776.0,-255.0,-197.0,,13.0
66.0,-375.0,,183.0,-137.0,787.0,-214.0,-266.0,,-31.0
81.0,-519.0,,197.0,-92.0,696.0,-264.0,-280.0,,-62.0
106.0,-621.0,,213.0,-120.0,524.0,-364.0,-356.0,,-78.0
97.0,-630.0,,240.0,-116.0,409.0,-414.0,-622.0,,-88.0
111.0,-533.0,,242.0,-98.0,113.0,-356.0,-543.0,,-105.0
131.0,-379.0,,215.0,-140.0,-109.0,-280.0,-724.0,,-132.0
161.0,-289.0,,195.0,-124.0,-212.0,-332.0,-509.0,,-183.0
169.0,-221.0,,156.0,-129.0,-210.0,-434.0,-349.0,,-233.0
197.0,-198.0,,127.0,-165.0,-33.0,-407.0,-149.0,,-288.0
250.0,-197.0,,108.0,-127.0,72.0,-330.0,107.0,,-360.0
220.0,-220.0,,89.0,-119.0,126.0,-348.0,-12.0,,-411.0
202.0,-255.0,,55.0,-95.0,140.0,-362.0,129.0,,-456.0
223.0,-215.0,,-2.0,-22.0,253.0,-299.0,-101.0,,-481.0
229.0,-172.0,,-34.0,-24.0,298.0,-278.0,-118.0,,-481.0
231.0,-117.0,,-69.0,2.0,217.0,-336.0,-1.0,,-466.0
209.0,-28.0,,-102.0,38.0,174.0,-404.0,11.0,,-423.0
195.0,89.0,,-137.0,-10.0,52.0,-345.0,208.0,,-356.0
185.0,214.0,,-176.0,-5.0,37.0,-261.0,75.0,,-269.0
171.0,243.0,,-180.0,-3.0,114.0,-282.0,120.0,,-157.0
138.0,235.0,,-190.0,-27.0,59.0,-338.0,-127.0,,-25.0
126.0,186.0,,-198.0,15.0,-91.0,-328.0,-319.0,,108.0
146.0,15.0,,-196.0,15.0,-158.0,-217.0,-497.0,,248.0
139.0,-187.0,,-204.0,-5.0,-148.0,-193.0,-868.0,,392.0
115.0,-337.0,,-230.0,4.0,-308.0,-288.0,-796.0,,530.0
100.0,-439.0,,-250.0,-29.0,-565.0,-440.0,-977.0,,637.0
109.0,-537.0,,-255.0,-6.0,-752.0,-454.0,-958.0,,716.0
85.0,-615.0,,-283.0,71.0,-929.0,-219.0,-964.0,,778.0
85.0,-619.0,,-301.0,89.0,-978.0,-52.0,-912.0,,826.0
96.0,-578.0,,-303.0,123.0,-788.0,-107.0,-720.0,,853.0
82.0,-528.0,,-312.0,127.0,-606.0,-248.0,-888.0,,850.0
74.0,-429.0,,-304.0,97.0,-569.0,-281.0,-727.0,,830.0
61.0,-266.0,,-269.0,137.0,-473.0,-212.0,-731.0,,789.0
63.0,-122.0,,-245.0,135.0,-316.0,-145.0,-519.0,,739.0
54.0,-57.0,,-242.0,124.0,-291.0,-71.0,-245.0,,697.0
78.0,9.0,,-217.0,150.0,-262.0,36.0,-195.0,,652.0
72.0,99.0,,-197.0,105.0,-114.0,82.0,-31.0,,621.0
60.0,151.0,,-213.0,74.0,-17.0,-5.0,-238.0,,587.0
77.0,120.0,,-230.0,66.0,-45.0,-188.0,-190.0,,542.0
78.0,62.0,,-228.0,14.0,-154.0,-333.0,-327.0,,502.0
60.0,42.0,,-235.0,5.0,-302.0,-286.0,-393.0,,454.0
33.0,-13.0,,-262.0,-11.0,-603.0,-123.0,-221.0,,391.0
53.0,-48.0,,-294.0,-57.0,-825.0,70.0,-299.0,,324.0
26.0,-117.0,,-312.0,-52.0,-742.0,199.0,-96.0,,247.0
1.0,-244.0,,-330.0,-93.0,-741.0,219.0,-62.0,,158.0
-6.0,-326.0,,-356.0,-144.0,-877.0,96.0,140.0,,72.0
34.0,-384.0,,-369.0,-132.0,-977.0,-113.0,221.0,,-11.0
27.0,-424.0,,-372.0,-138.0,-968.0,-203.0,212.0,,-83.0
-13.0,-444.0,,-387.0,-114.0,-1047.0,-162.0,404.0,,-134.0
37.0,-363.0,,-421.0,-109.0,-1319.0,6.0,218.0,,-168.0
31.0,-256.0,,-448.0,-173.0,-1320.0,181.0,230.0,,-161.0
55.0,-169.0,,-457.0,-168.0,-1001.0,232.0,-22.0,,-145.0
59.0,-36.0,,-463.0,-158.0,-676.0,162.0,-234.0,,-124.0
51.0,44.0,,-463.0,-186.0,-548.0,82.0,-267.0,,-75.0
54.0,70.0,,-465.0,-163.0,-438.0,76.0,-485.0,,-33.0
62.0,66.0,,-484.0,-172.0,-156.0,41.0,-473.0,,15.0
54.0,75.0,,-496.0,-183.0,138.0,6.0,-674.0,,68.0
25.0,74.0,,-488.0,-161.0,368.0,57.0,-513.0,,101.0
89.0,48.0,,-455.0,-197.0,312.0,229.0,-493.0,,128.0
74.0,102.0,,-432.0,-178.0,89.0,378.0,-646.0,,142.0
38.0,166.0,,-415.0,-123.0,-58.0,352.0,-600.0,,139.0
37.0,213.0,,-392.0,-132.0,-87.0,205.0,-844.0,,123.0
93.0,216.0,,-391.0,-85.0,-57.0,76.0,-700.0,,110.0
96.0,244.0,,-404.0,-42.0,-131.0,76.0,-705.0,,99.0
21.0,290.0,,-415.0,-43.0,-187.0,196.0,-535.0,,93.0
52.0,234.0,,-408.0,30.0,-118.0,410.0,-304.0,,82.0
74.0,129.0,,-422.0,64.0,62.0,523.0,-339.0,,68.0
57.0,-4.0,,-453.0,79.0,111.0,448.0,-164.0,,62.0
17.0,-107.0,,-482.0,134.0,84.0,306.0,-369.0,,47.0
28.0,-194.0,,-517.0,109.0,305.0,212.0,-319.0,,40.0
34.0,-195.0,,-524.0,93.0,622.0,222.0,-413.0,,37.0
-11.0,-155.0,,-502.0,81.0,688.0,278.0,-537.0,,44.0
-38.0,-143.0,,-483.0,13.0,526.0,350.0,-497.0,,64.0
-75.0,-55.0,,-480.0,27.0,500.0,388.0,-580.0,,81.0
-88.0,9.0,,-490.0,41.0,628.0,400.0,-251.0,,93.0
-107.0,54.0,,-497.0,13.0,814.0,387.0,-227.0,,92.0
-121.0,88.0,,-507.0,52.0,827.0,412.0,-3.0,,74.0
-163.0,136.0,,-537.0,34.0,664.0,400.0,121.0,,38.0
-171.0,177.0,,-562.0,-6.0,721.0,299.0,70.0,,-14.0
-171.0,175.0,,-592.0,11.0,870.0,266.0,179.0,,-64.0
-219.0,190.0,,-639.0,-22.0,765.0,278.0,-116.0,,-115.0
-218.0,185.0,,-675.0,-8.0,505.0,327.0,-129.0,,-178.0
-231.0,96.0,,-697.0,55.0,373.0,372.0,-321.0,,-248.0
-237.0,-18.0,,-684.0,56.0,350.0,409.0,-371.0,,-315.0
-275.0,-102.0,,-686.0,82.0,243.0,411.0,-328.0,,-380.0
-278.0,-193.0,,-691.0,79.0,9.0,364.0,-450.0,,-428.0
-258.0,-234.0,,-676.0,16.0,-283.0,335.0,-188.0,,-453.0
-265.0,-220.0,,-666.0,9.0,-521.0,296.0,-290.0,,-455.0
-261.0,-196.0,,-633.0,-30.0,-548.0,313.0,-264.0,,-434.0
-306.0,-210.0,,-585.0,-79.0,-457.0,393.0,-373.0,,-410.0
-300.0,-149.0,,-544.0,-51.0,-411.0,465.0,-476.0,,-389.0
-315.0,-47.0,,-488.0,-63.0,-382.0,434.0,-365.0,,-375.0
-344.0,21.0,,-425.0,-50.0,-181.0,358.0,-558.0,,-373.0
-396.0,98.0,,-386.0,-12.0,37.0,345.0,-367.0,,-389.0
-421.0,108.0,,-354.0,-25.0,-265.0,398.0,-323.0,,-419.0
-389.0,126.0,,-366.0,49.0,-699.0,459.0,-33.0,,-443.0
-423.0,111.0,,-400.0,114.0,-646.0,431.0,179.0,,-467.0
-453.0,161.0,,-446.0,107.0,-427.0,373.0,20.0,,-490.0
-482.0,200.0,,-508.0,144.0,-560.0,345.0,60.0,,-499.0
-478.0,183.0,,-547.0,120.0,-885.0,413.0,-238.0,,-490.0
-525.0,225.0,,-590.0,73.0,-947.0,479.0,-212.0,,-471.0
-555.0,209.0,,-616.0,76.0,-836.0,457.0,-293.0,,-433.0
-535.0,158.0,,-620.0,4.0,-801.0,419.0,-290.0,,-385.0
-557.0,49.0,,-598.0,-33.0,-894.0,345.0,-68.0,,-330.0
-533.0,-67.0,,-602.0,-27.0,-840.0,304.0,-96.0,,-250.0
-534.0,-236.0,,-609.0,-99.0,-641.0,279.0,68.0,,-170.0
-527.0,-353.0,,-611.0,-84.0,-575.0,280.0,-251.0,,-88.0
-497.0,-307.0,,-603.0,-34.0,-533.0,291.0,-441.0,,0.0
-475.0,-221.0,,-557.0,-35.0,-496.0,281.0,-650.0,,89.0
-483.0,-119.0,,-542.0,32.0,-360.0,286.0,-870.0,,179.0
-474.0,-91.0,,-498.0,52.0,-260.0,269.0,-720.0,,271.0
-416.0,32.0,,-477.0,50.0,-181.0,268.0,-870.0,,370.0
-411.0,176.0,,-501.0,82.0,-66.0,247.0,-729.0,,461.0
-427.0,183.0,,-515.0,3.0,-257.0,253.0,-820.0,,540.0
-407.0,155.0,,-520.0,-71.0,-410.0,288.0,-918.0,,609.0
-375.0,117.0,,-510.0,-97.0,-313.0,287.0,-894.0,,652.0
-424.0,120.0,,-503.0,-168.0,-143.0,289.0,-1012.0,,660.0
-431.0,125.0,,-489.0,-158.0,-162.0,271.0,-790.0,,631.0
-433.0,141.0,,-498.0,-127.0,-185.0,269.0,-805.0,,589.0
-463.0,144.0,,-510.0,-165.0,44.0,263.0,-618.0,,550.0
-489.0,149.0,,-508.0,-127.0,55.0,247.0,-521.0,,504.0
-525.0,188.0,,-497.0,-100.0,-130.0,251.0,-522.0,,467.0
-494.0,176.0,,-496.0,-94.0,-265.0,262.0,-467.0,,455.0
-556.0,175.0,,-518.0,-21.0,-429.0,296.0,-635.0,,460.0
-587.0,191.0,,-540.0,-11.0,-675.0,350.0,-408.0,,482.0
-620.0,189.0,,-562.0,2.0,-727.0,394.0,-450.0,,508.0
-633.0,196.0,,-583.0,50.0,-536.0,391.0,-395.0,,539.0
-619.0,176.0,,-590.0,6.0,-346.0,364.0,-271.0,,560.0
-656.0,178.0,,-568.0,-25.0,-214.0,330.0,-306.0,,568.0
-609.0,152.0,,-546.0,-55.0,-45.0,338.0,-112.0,,562.0
-595.0,120.0,,-519.0,-132.0,179.0,358.0,-312.0,,536.0
-531.0,149.0,,-494.0,-106.0,209.0,382.0,-319.0,,507.0
-532.0,124.0,,-460.0,-72.0,257.0,444.0,-336.0,,469.0
-520.0,84.0,,-422.0,-66.0,243.0,465.0,-216.0,,419.0
-466.0,16.0,,-390.0,13.0,114.0,439.0,22.0,,351.0
-461.0,28.0,,-345.0,34.0,320.0,361.0,-94.0,,265.0
-435.0,102.0,,-318.0,24.0,534.0,326.0,12.0,,167.0
-432.0,126.0,,-292.0,73.0,536.0,376.0,-280.0,,61.0
-324.0,133.0,,-290.0,77.0,469.0,431.0,-580.0,,-31.0
-325.0,120.0,,-305.0,101.0,518.0,492.0,-842.0,,-97.0
-314.0,173.0,,-322.0,141.0,736.0,484.0,-1031.0,,-138.0
-269.0,146.0,,-350.0,106.0,787.0,434.0,-737.0,,-145.0
-274.0,128.0,,-349.0,116.0,828.0,393.0,-607.0,,-119.0
-241.0,138.0,,-337.0,120.0,950.0,359.0,-328.0,,-84.0
-251.0,69.0,,-335.0,49.0,1049.0,357.0,-371.0,,-33.0
-194.0,3.0,,-322.0,34.0,1208.0,377.0,-517.0,,39.0
-177.0,-74.0,,-287.0,14.0,1229.0,397.0,-674.0,,100.0
-157.0,-74.0,,-234.0,-28.0,1269.0,403.0,-1010.0,,169.0
-112.0,-112.0,,-167.0,-14.0,1535.0,449.0,-892.0,,236.0
-101.0,-208.0,,-98.0,-49.0,1813.0,519.0,-851.0,,277.0
-85.0,-256.0,,-46.0,-91.0,1773.0,543.0,-617.0,,310.0
-41.0,-276.0,,-10.0,-60.0,1606.0,478.0,-546.0,,329.0
22.0,-343.0,,21.0,-73.0,1901.0,414.0,-580.0,,332.0
30.0,-416.0,,50.0,-48.0,2281.0,450.0,-404.0,,322.0
62.0,-381.0,,96.0,11.0,2266.0,522.0,-628.0,,296.0
113.0,-326.0,,124.0,-20.0,2148.0,581.0,-665.0,,262.0
143.0,-239.0,,117.0,-36.0,2257.0,563.0,-776.0,,225.0
162.0,-189.0,,115.0,-29.0,2389.0,512.0,-700.0,,201.0
190.0,-158.0,,116.0,-39.0,2428.0,444.0,-526.0,,182.0
213.0,-147.0,,125.0,7.0,2621.0,394.0,-513.0,,175.0
245.0,-223.0,,114.0,31.0,2909.0,401.0,-225.0,,187.0
255.0,-327.0,,108.0,18.0,3185.0,434.0,-199.0,,202.0
253.0,-475.0,,128.0,51.0,3122.0,514.0,-51.0,,224.0
268.0,-506.0,,134.0,28.0,2795.0,533.0,-240.0,,233.0
295.0,-429.0,,139.0,-22.0,2478.0,537.0,-539.0,,226.0
305.0,-334.0,,156.0,-25.0,2172.0,498.0,-598.0,,211.0
240.0,-265.0,,173.0,-83.0,2134.0,445.0,-744.0,,182.0
248.0,-196.0,,180.0,-115.0,1907.0,471.0,-419.0,,147.0
269.0,-172.0,,195.0,-90.0,1597.0,470.0,-424.0,,97.0
260.0,-233.0,,187.0,-97.0,1672.0,461.0,-347.0,,37.0
239.0,-202.0,,180.0,-69.0,1744.0,444.0,-323.0,,-20.0
232.0,-175.0,,176.0,-39.0,1776.0,483.0,-618.0,,-86.0
268.0,-158.0,,166.0,-55.0,1580.0,507.0,-683.0,,-152.0
245.0,-174.0,,175.0,-24.0,1387.0,477.0,-1051.0,,-204.0
242.0,-157.0,,175.0,16.0,1427.0,470.0,-1055.0,,-244.0
217.0,-72.0,,176.0,5.0,1358.0,488.0,-1086.0,,-273.0
207.0,-100.0,,178.0,41.0,1224.0,530.0,-997.0,,-290.0
210.0,-83.0,,173.0,56.0,1008.0,520.0,-744.0,,-284.0
209.0,19.0,,159.0,11.0,905.0,521.0,-687.0,,-254.0
187.0,59.0,,144.0,3.0,974.0,515.0,-249.0,,-218.0
152.0,50.0,,139.0,-34.0,1054.0,497.0,-242.0,,-166.0
150.0,92.0,,143.0,-70.0,1235.0,475.0,-155.0,,-95.0
114.0,86.0,,131.0,-54.0,1627.0,432.0,-179.0,,-37.0
103.0,75.0,,131.0,-73.0,1938.0,412.0,-376.0,,11.0
100.0,75.0,,163.0,-82.0,1938.0,357.0,-373.0,,57.0
110.0,13.0,,174.0,-48.0,1814.0,350.0,-550.0,,91.0
91.0,-5.0,,168.0,-43.0,1535.0,374.0,-206.0,,125.0
114.0,-41.0,,150.0,-24.0,1263.0,378.0,-9.0,,146.0
93.0,-55.0,,141.0,48.0,964.0,377.0,184.0,,172.0
55.0,-60.0,,145.0,84.0,655.0,363.0,184.0,,195.0
83.0,-73.0,,145.0,109.0,412.0,381.0,-216.0,,201.0
48.0,-72.0,,141.0,112.0,178.0,382.0,-341.0,,202.0
42.0,-114.0,,133.0,67.0,321.0,384.0,-720.0,,194.0
-7.0,-123.0,,144.0,84.0,651.0,409.0,-857.0,,182.0
6.0,-154.0,,174.0,91.0,817.0,422.0,-975.0,,166.0
-13.0,-203.0,,202.0,49.0,1025.0,401.0,-918.0,,150.0
-16.0,-231.0,,235.0,55.0,1257.0,375.0,-705.0,,138.0
16.0,-246.0,,269.0,53.0,1406.0,368.0,-753.0,,138.0
-15.0,-136.0,,311.0,44.0,1501.0,370.0,-546.0,,158.0
21.0,11.0,,380.0,89.0,1431.0,389.0,-753.0,,188.0
10.0,59.0,,449.0,107.0,1267.0,369.0,-885.0,,215.0
56.0,77.0,,496.0,88.0,1091.0,374.0,-988.0,,245.0
17.0,158.0,,539.0,98.0,1042.0,374.0,-1047.0,,286.0
55.0,159.0,,594.0,80.0,1028.0,344.0,-777.0,,309.0
121.0,49.0,,648.0,65.0,868.0,310.0,-800.0,,326.0
111.0,-5.0,,687.0,98.0,924.0,288.0,-539.0,,345.0
173.0,-6.0,,729.0,89.0,1149.0,299.0,-497.0,,359.0
160.0,-27.0,,757.0,77.0,1195.0,278.0,-384.0,,359.0
227.0,-49.0,,774.0,76.0,1128.0,298.0,-258.0,,350.0
198.0,-3.0,,781.0,30.0,1235.0,295.0,-543.0,,321.0
232.0,21.0,,764.0,29.0,1481.0,301.0,-563.0,,278.0
238.0,4.0,,750.0,36.0,1674.0,269.0,-776.0,,232.0
216.0,-37.0,,721.0,-1.0,1610.0,190.0,-727.0,,182.0
260.0,-17.0,,675.0,12.0,1210.0,146.0,-703.0,,147.0
200.0,55.0,,631.0,26.0,974.0,98.0,-644.0,,109.0
235.0,81.0,,591.0,-9.0,1020.0,165.0,-375.0,,91.0
226.0,129.0,,539.0,-39.0,992.0,178.0,-441.0,,76.0
274.0,152.0,,482.0,-119.0,850.0,166.0,-205.0,,58.0
222.0,181.0,,438.0,-235.0,784.0,132.0,-168.0,,59.0
200.0,151.0,,404.0,-281.0,898.0,65.0,-136.0,,62.0
253.0,124.0,,382.0,-310.0,847.0,60.0,-72.0,,82.0
216.0,128.0,,369.0,-298.0,611.0,21.0,-162.0,,111.0
178.0,160.0,,384.0,-230.0,538.0,55.0,-134.0,,154.0
109.0,172.0,,396.0,-204.0,520.0,43.0,-432.0,,197.0
155.0,79.0,,401.0,-153.0,521.0,12.0,-460.0,,242.0
131.0,85.0,,419.0,-88.0,530.0,-38.0,-543.0,,298.0
123.0,96.0,,442.0,-83.0,400.0,-74.0,-537.0,,344.0
89.0,135.0,,471.0,-57.0,290.0,-35.0,-323.0,,369.0
89.0,156.0,,496.0,-35.0,386.0,-68.0,-319.0,,372.0
79.0,230.0,,503.0,-44.0,563.0,-93.0,-96.0,,361.0
57.0,350.0,,510.0,-2.0,592.0,-179.0,-254.0,,330.0
67.0,371.0,,523.0,20.0,447.0,-193.0,-423.0,,278.0
4.0,377.0,,522.0,27.0,231.0,-171.0,-746.0,,206.0
28.0,319.0,,521.0,91.0,183.0,-171.0,-1197.0,,132.0
-25.0,340.0,,519.0,93.0,150.0,-133.0,-1226.0,,58.0
0.0,238.0,,505.0,61.0,-137.0,-174.0,-1241.0,,-15.0
-28.0,60.0,,482.0,69.0,-310.0,-193.0,-711.0,,-71.0
-42.0,-14.0,,463.0,37.0,-129.0,-206.0,-312.0,,-125.0
-48.0,-125.0,,454.0,24.0,223.0,-146.0,-42.0,,-183.0
-52.0,-238.0,,414.0,29.0,274.0,-165.0,105.0,,-213.0
-4.0,-306.0,,343.0,-14.0,25.0,-286.0,-218.0,,-207.0
-84.0,-310.0,,310.0,-5.0,38.0,-359.0,-288.0,,-181.0
-46.0,-346.0,,306.0,5.0,260.0,-406.0,-580.0,,-135.0
-94.0,-322.0,,312.0,-35.0,230.0,-356.0,-526.0,,-67.0
-61.0,-270.0,,319.0,-33.0,-22.0,-380.0,-321.0,,9.0
-73.0,-244.0,,318.0,-44.0,-24.0,-377.0,-88.0,,89.0
-87.0,-230.0,,353.0,-62.0,213.0,-359.0,369.0,,170.0
-63.0,-261.0,,408.0,-44.0,322.0,-398.0,304.0,,240.0
-117.0,-260.0,,459.0,-78.0,100.0,-398.0,315.0,,302.0
-46.0,-282.0,,528.0,-108.0,-308.0,-410.0,49.0,,355.0
-72.0,-286.0,,605.0,-95.0,-579.0,-378.0,-144.0,,405.0
-24.0,-260.0,,626.0,-131.0,-597.0,-401.0,-227.0,,468.0
-18.0,-206.0,,636.0,-134.0,-570.0,-461.0,-384.0,,542.0
25.0,-190.0,,678.0,-61.0,-795.0,-536.0,-77.0,,614.0
66.0,-191.0,,698.0,-8.0,-1099.0,-593.0,18.0,,675.0
38.0,-115.0,,711.0,66.0,-1166.0,-601.0,345.0,,725.0
81.0,-98.0,,724.0,129.0,-1112.0,-591.0,454.0,,767.0
79.0,-55.0,,743.0,128.0,-1263.0,-520.0,363.0,,781.0
102.0,15.0,,736.0,160.0,-1363.0,-498.0,352.0,,766.0
79.0,93.0,,746.0,171.0,-1286.0,-499.0,-84.0,,738.0
105.0,174.0,,769.0,124.0,-1342.0,-523.0,-227.0,,677.0
97.0,218.0,,761.0,120.0,-1356.0,-534.0,-417.0,,604.0
92.0,227.0,,744.0,88.0,-1270.0,-502.0,-354.0,,527.0
89.0,159.0,,706.0,25.0,-1330.0,-478.0,-256.0,,438.0
45.0,122.0,,678.0,17.0,-1448.0,-481.0,-317.0,,354.0
29.0,82.0,,650.0,-13.0,-1352.0,-526.0,-79.0,,269.0
44.0,15.0,,608.0,-28.0,-1268.0,-522.0,-90.0,,194.0
63.0,3.0,,567.0,-17.0,-1352.0,-529.0,275.0,,138.0
14.0,7.0,,538.0,-69.0,-1276.0,-532.0,467.0,,88.0
36.0,-32.0,,517.0,-81.0,-1038.0,-540.0,604.0,,37.0
23.0,-54.0,,506.0,-73.0,-1030.0,-567.0,851.0,,0.0
44.0,-66.0,,497.0,-123.0,-1416.0,-586.0,713.0,,-24.0
86.0,-48.0,,475.0,-145.0,-1750.0,-628.0,715.0,,-37.0
116.0,-16.0,,439.0,-183.0,-1788.0,-607.0,399.0,,-39.0
144.0,-45.0,,400.0,-255.0,-1604.0,-594.0,437.0,,-38.0
113.0,-47.0,,373.0,-254.0,-1430.0,-567.0,500.0,,-36.0
140.0,-75.0,,361.0,-250.0,-1421.0,-559.0,493.0,,-32.0
132.0,-95.0,,373.0,-265.0,-1288.0,-610.0,685.0,,-23.0
123.0,-99.0,,390.0,-217.0,-1080.0,-626.0,447.0,,-3.0
121.0,-125.0,,412.0,-189.0,-998.0,-629.0,445.0,,22.0
136.0,-135.0,,417.0,-174.0,-1146.0,-581.0,138.0,,44.0
143.0,-94.0,,415.0,-114.0,-1314.0,-552.0,9.0,,82.0
146.0,2.0,,426.0,-78.0,-1264.0,-534.0,29.0,,115.0
161.0,45.0,,428.0,-17.0,-1308.0,-578.0,-144.0,,140.0
180.0,44.0,,431.0,84.0,-1357.0,-618.0,22.0,,174.0
212.0,29.0,,425.0,142.0,-1388.0,-567.0,-110.0,,198.0
204.0,33.0,,418.0,212.0,-1657.0,-576.0,-9.0,,221.0
226.0,9.0,,404.0,265.0,-1820.0,-577.0,-49.0,,231.0
232.0,-27.0,,366.0,229.0,-1711.0,-586.0,-40.0,,223.0
268.0,18.0,,305.0,191.0,-1727.0,-526.0,242.0,,202.0
286.0,82.0,,266.0,154.0,-1942.0,-470.0,345.0,,164.0
283.0,121.0,,227.0,122.0,-1984.0,-497.0,733.0,,116.0
295.0,97.0,,162.0,159.0,-1917.0,-489.0,709.0,,54.0
304.0,19.0,,117.0,171.0,-2043.0,-514.0,733.0,,-19.0
319.0,3.0,,79.0,151.0,-2379.0,-506.0,652.0,,-103.0
295.0,16.0,,59.0,165.0,-2639.0,-562.0,402.0,,-198.0
332.0,-18.0,,36.0,132.0,-2679.0,-577.0,443.0,,-286.0
323.0,-25.0,,0.0,98.0,-2714.0,-533.0,264.0,,-362.0
318.0,32.0,,-13.0,113.0,-2632.0,-504.0,378.0,,-430.0
360.0,93.0,,-13.0,92.0,-2541.0,-420.0,273.0,,-484.0
375.0,60.0,,-3.0,80.0,-2417.0,-438.0,221.0,,-518.0
370.0,19.0,,5.0,80.0,-2210.0,-451.0,301.0,,-536.0
364.0,79.0,,0.0,16.0,-2047.0,-464.0,269.0,,-544.0
383.0,74.0,,-17.0,-20.0,-1905.0,-405.0,532.0,,-553.0
369.0,24.0,,-25.0,-21.0,-1935.0,-338.0,454.0,,-549.0
414.0,24.0,,-36.0,-35.0,-1947.0,-365.0,594.0,,-526.0
453.0,13.0,,-56.0,0.0,-2089.0,-405.0,705.0,,-509.0
466.0,-31.0,,-65.0,43.0,-2288.0,-523.0,840.0,,-466.0
492.0,-86.0,,-61.0,62.0,-2625.0,-543.0,1043.0,,-413.0
547.0,-125.0,,-48.0,107.0,-2892.0,-557.0,861.0,,-366.0
571.0,-159.0,,-23.0,96.0,-2854.0,-527.0,934.0,,-327.0
559.0,-102.0,,-9.0,39.0,-2984.0,-457.0,650.0,,-313.0
596.0,-42.0,,6.0,19.0,-2988.0,-421.0,508.0,,-314.0
628.0,-27.0,,24.0,-12.0,-2963.0,-396.0,448.0,,-322.0
631.0,113.0,,30.0,-28.0,-2808.0,-503.0,138.0,,-336.0
613.0,248.0,,61.0,-19.0,-2481.0,-551.0,153.0,,-362.0
635.0,188.0,,87.0,-64.0,-2374.0,-620.0,20.0,,-374.0
623.0,122.0,,93.0,-91.0,-2445.0,-595.0,190.0,,-381.0
611.0,81.0,,87.0,-90.0,-2466.0,-491.0,247.0,,-387.0
578.0,-80.0,,82.0,-130.0,-2370.0,-451.0,317.0,,-359.0
554.0,-172.0,,92.0,-123.0,-2451.0,-379.0,463.0,,-321.0
550.0,-206.0,,81.0,-68.0,-2666.0,-412.0,288.0,,-277.0
509.0,-190.0,,47.0,-36.0,-2766.0,-412.0,513.0,,-229.0
493.0,-136.0,,41.0,7.0,-2832.0,-462.0,513.0,,-175.0
438.0,-110.0,,54.0,18.0,-2941.0,-507.0,565.0,,-123.0
449.0,-10.0,,41.0,0.0,-2911.0,-487.0,493.0,,-77.0
390.0,68.0,,28.0,26.0,-2986.0,-476.0,181.0,,-37.0
336.0,146.0,,13.0,40.0,-3025.0,-412.0,149.0,,-6.0
301.0,186.0,,-10.0,27.0,-2658.0,-425.0,-48.0,,26.0
271.0,191.0,,-32.0,30.0,-2252.0,-384.0,92.0,,31.0
252.0,212.0,,-56.0,-5.0,-2164.0,-384.0,127.0,,19.0
182.0,172.0,,-95.0,-57.0,-2198.0,-404.0,251.0,,2.0
209.0,178.0,,-131.0,-77.0,-2222.0,-402.0,598.0,,-31.0
133.0,209.0,,-138.0,-109.0,-2167.0,-397.0,720.0,,-65.0
101.0,188.0,,-138.0,-90.0,-1934.0,-277.0,1025.0,,-109.0
68.0,138.0,,-143.0,-23.0,-1893.0,-231.0,964.0,,-139.0
52.0,46.0,,-136.0,0.0,-1988.0,-197.0,966.0,,-146.0
50.0,-71.0,,-127.0,58.0,-2036.0,-220.0,794.0,,-137.0
2.0,-198.0,,-114.0,118.0,-2175.0,-278.0,539.0,,-87.0
35.0,-238.0,,-93.0,127.0,-2659.0,-307.0,646.0,,-9.0
0.0,-278.0,,-83.0,161.0,-3225.0,-294.0,489.0,,78.0
11.0,-343.0,,-74.0,166.0,-3399.0,-163.0,624.0,,164.0
-8.0,-303.0,,-61.0,125.0,-3465.0,-114.0,511.0,,246.0
-27.0,-299.0,,-38.0,108.0,-3523.0,-129.0,356.0,,313.0
-29.0,-257.0,,-48.0,62.0,-3462.0,-169.0,341.0,,360.0
-37.0,-114.0,,-82.0,0.0,-3174.0,-196.0,203.0,,400.0
-11.0,63.0,,-91.0,-3.0,-2739.0,-219.0,384.0,,409.0
-11.0,215.0,,-86.0,-15.0,-2427.0,-205.0,310.0,,411.0
46.0,266.0,,-82.0,-17.0,-2383.0,-145.0,471.0,,389.0
87.0,370.0,,-110.0,27.0,-2657.0,-109.0,454.0,,366.0
102.0,458.0,,-134.0,36.0,-3016.0,-36.0,388.0,,369.0
127.0,462.0,,-137.0,55.0,-3254.0,-32.0,574.0,,369.0
158.0,376.0,,-115.0,92.0,-3297.0,-17.0,508.0,,389.0
183.0,284.0,,-71.0,87.0,-3378.0,-15.0,787.0,,399.0
209.0,256.0,,-41.0,113.0,-3578.0,-18.0,872.0,,407.0
193.0,146.0,,-11.0,141.0,-3507.0,21.0,1176.0,,411.0
191.0,58.0,,20.0,109.0,-3152.0,43.0,1363.0,,385.0
179.0,-7.0,,43.0,89.0,-2702.0,111.0,1300.0,,354.0
162.0,-81.0,,33.0,51.0,-2447.0,150.0,1461.0,,317.0
133.0,-178.0,,18.0,-3.0,-2289.0,180.0,1160.0,,290.0
88.0,-258.0,,6.0,-5.0,-1994.0,122.0,1197.0,,276.0
119.0,-228.0,,-6.0,-13.0,-1828.0,104.0,1114.0,,272.0
79.0,-189.0,,-6.0,-13.0,-1819.0,160.0,1073.0,,283.0
57.0,-181.0,,-13.0,26.0,-2178.0,215.0,1178.0,,306.0
22.0,-296.0,,-7.0,31.0,-2492.0,311.0,1016.0,,343.0
2.0,-334.0,,-3.0,27.0,-2253.0,324.0,1014.0,,380.0
4.0,-238.0,,0.0,24.0,-1937.0,348.0,572.0,,426.0
-83.0,-240.0,,3.0,-32.0,-1820.0,299.0,441.0,,467.0
-111.0,-248.0,,7.0,-48.0,-1926.0,296.0,332.0,,512.0
-138.0,-171.0,,13.0,-32.0,-1761.0,325.0,332.0,,544.0
-144.0,-81.0,,17.0,-76.0,-1320.0,326.0,670.0,,552.0
-166.0,-108.0,,38.0,-95.0,-1035.0,372.0,631.0,,561.0
-176.0,-157.0,,78.0,-98.0,-817.0,352.0,831.0,,557.0
-141.0,-104.0,,116.0,-131.0,-751.0,414.0,689.0,,559.0
-137.0,31.0,,117.0,-132.0,-633.0,383.0,668.0,,561.0
-137.0,77.0,,114.0,-154.0,-444.0,353.0,744.0,,564.0
-173.0,43.0,,123.0,-182.0,-328.0,378.0,735.0,,568.0
-157.0,133.0,,132.0,-135.0,-318.0,419.0,1066.0,,562.0
-125.0,205.0,,151.0,-100.0,-401.0,499.0,947.0,,569.0
-123.0,199.0,,175.0,-66.0,-371.0,428.0,970.0,,562.0
-114.0,155.0,,206.0,7.0,-361.0,464.0,844.0,,561.0
-108.0,127.0,,237.0,30.0,-416.0,480.0,822.0,,571.0
-93.0,143.0,,264.0,40.0,-596.0,494.0,1031.0,,566.0
-97.0,120.0,,281.0,51.0,-659.0,447.0,947.0,,572.0
-97.0,60.0,,311.0,15.0,-423.0,353.0,1110.0,,582.0
-82.0,35.0,,332.0,28.0,-319.0,444.0,962.0,,589.0
-66.0,79.0,,321.0,45.0,-319.0,468.0,1019.0,,602.0
-45.0,74.0,,319.0,17.0,-298.0,526.0,1088.0,,616.0
-28.0,37.0,,299.0,69.0,-60.0,502.0,1060.0,,623.0
-14.0,98.0,,284.0,115.0,186.0,478.0,1280.0,,631.0
-7.0,173.0,,296.0,103.0,-26.0,460.0,1188.0,,629.0
-10.0,154.0,,280.0,125.0,-229.0,419.0,1356.0,,600.0
-8.0,107.0,,266.0,103.0,-227.0,478.0,1289.0,,549.0
-3.0,72.0,,256.0,84.0,-196.0,403.0,1352.0,,472.0
24.0,81.0,,235.0,119.0,-189.0,396.0,1446.0,,384.0
33.0,120.0,,217.0,100.0,-233.0,409.0,1239.0,,293.0
8.0,99.0,,203.0,94.0,-235.0,467.0,1324.0,,190.0
-18.0,83.0,,189.0,104.0,-174.0,509.0,1016.0,,101.0
-19.0,135.0,,181.0,56.0,-12.0,471.0,923.0,,33.0
-10.0,175.0,,179.0,39.0,59.0,547.0,827.0,,-26.0
-39.0,156.0,,200.0,34.0,115.0,552.0,774.0,,-62.0
-26.0,104.0,,223.0,-6.0,415.0,526.0,981.0,,-74.0
-12.0,48.0,,184.0,0.0,828.0,462.0,971.0,,-74.0
0.0,5.0,,146.0,-4.0,1034.0,496.0,1169.0,,-54.0
2.0,-2.0,,138.0,-32.0,853.0,575.0,960.0,,-25.0
6.0,46.0,,126.0,5.0,671.0,539.0,883.0,,18.0
17.0,169.0,,107.0,14.0,613.0,468.0,842.0,,64.0
-8.0,284.0,,74.0,0.0,368.0,383.0,637.0,,121.0
2.0,239.0,,21.0,16.0,-102.0,430.0,812.0,,200.0
5.0,146.0,,-32.0,-21.0,-547.0,486.0,805.0,,261.0
37.0,142.0,,-80.0,-32.0,-576.0,517.0,995.0,,324.0
32.0,210.0,,-136.0,5.0,-258.0,498.0,955.0,,390.0
21.0,286.0,,-179.0,-19.0,-5.0,468.0,861.0,,427.0
34.0,302.0,,-221.0,-23.0,142.0,492.0,894.0,,459.0
37.0,281.0,,-247.0,-12.0,438.0,514.0,724.0,,488.0
62.0,257.0,,-273.0,-36.0,952.0,532.0,909.0,,498.0
12.0,293.0,,-320.0,0.0,1239.0,386.0,816.0,,498.0
4.0,323.0,,-338.0,26.0,1176.0,291.0,777.0,,499.0
37.0,355.0,,-354.0,31.0,1096.0,350.0,798.0,,486.0
50.0,399.0,,-369.0,101.0,1068.0,402.0,720.0,,469.0
27.0,427.0,,-376.0,107.0,1167.0,361.0,875.0,,449.0
9.0,451.0,,-399.0,79.0,1289.0,288.0,883.0,,419.0
20.0,427.0,,-418.0,103.0,1395.0,331.0,1125.0,,394.0
7.0,406.0,,-432.0,96.0,1407.0,362.0,988.0,,367.0
-38.0,366.0,,-418.0,127.0,1406.0,301.0,777.0,,355.0
-51.0,349.0,,-383.0,165.0,1489.0,241.0,700.0,,355.0
-12.0,266.0,,-339.0,119.0,1444.0,308.0,400.0,,378.0
-28.0,179.0,,-314.0,104.0,1413.0,358.0,421.0,,419.0
-28.0,257.0,,-316.0,79.0,1426.0,356.0,275.0,,462.0
-39.0,272.0,,-292.0,37.0,1524.0,302.0,328.0,,510.0
-20.0,206.0,,-251.0,68.0,1564.0,232.0,304.0,,542.0
-30.0,201.0,,-201.0,59.0,1447.0,255.0,232.0,,572.0
-33.0,199.0,,-162.0,48.0,1298.0,272.0,242.0,,609.0
1.0,130.0,,-155.0,96.0,1415.0,356.0,-60.0,,661.0
-19.0,-11.0,,-167.0,80.0,1806.0,372.0,125.0,,717.0
0.0,-162.0,,-173.0,57.0,1999.0,375.0,144.0,,764.0
-11.0,-198.0,,-174.0,42.0,2047.0,369.0,245.0,,827.0
6.0,-139.0,,-190.0,-23.0,2028.0,308.0,450.0,,871.0
-11.0,-104.0,,-203.0,-16.0,2134.0,303.0,445.0,,895.0
-54.0,-42.0,,-199.0,-14.0,2058.0,247.0,661.0,,905.0
-79.0,94.0,,-214.0,-58.0,1830.0,314.0,548.0,,886.0
-54.0,159.0,,-265.0,-32.0,1861.0,365.0,663.0,,858.0
-8.0,93.0,,-304.0,-60.0,1982.0,384.0,552.0,,805.0
-45.0,39.0,,-318.0,-100.0,2103.0,363.0,384.0,,751.0
-28.0,82.0,,-321.0,-51.0,1979.0,308.0,478.0,,685.0
-36.0,85.0,,-341.0,-35.0,1924.0,350.0,245.0,,613.0
-14.0,-1.0,,-399.0,-8.0,1919.0,314.0,303.0,,555.0
-40.0,-166.0,,-470.0,36.0,1903.0,353.0,219.0,,494.0
-70.0,-295.0,,-487.0,30.0,1841.0,356.0,362.0,,471.0
-70.0,-298.0,,-477.0,63.0,1492.0,373.0,447.0,,472.0
-69.0,-343.0,,-490.0,80.0,1404.0,380.0,363.0,,480.0
-2.0,-359.0,,-507.0,40.0,1462.0,300.0,448.0,,507.0
-11.0,-278.0,,-546.0,56.0,1383.0,319.0,33.0,,527.0
-1.0,-156.0,,-594.0,32.0,1312.0,300.0,-92.0,,528.0
6.0,-141.0,,-630.0,-21.0,1435.0,321.0,-356.0,,514.0
34.0,-200.0,,-659.0,-3.0,1809.0,300.0,-478.0,,471.0
41.0,-206.0,,-675.0,-14.0,2112.0,333.0,-356.0,,406.0
41.0,-192.0,,-669.0,-16.0,2329.0,348.0,-415.0,,333.0
84.0,-151.0,,-645.0,3.0,2470.0,291.0,-171.0,,238.0
116.0,-170.0,,-630.0,-48.0,2359.0,327.0,-334.0,,162.0
131.0,-131.0,,-647.0,-47.0,2385.0,284.0,-273.0,,104.0
134.0,-99.0,,-676.0,-36.0,2705.0,268.0,-325.0,,62.0
162.0,-147.0,,-688.0,-88.0,2816.0,247.0,-406.0,,59.0
174.0,-143.0,,-681.0,-46.0,2733.0,308.0,-88.0,,75.0
176.0,-72.0,,-678.0,6.0,2612.0,372.0,-38.0,,120.0
115.0,23.0,,-685.0,21.0,2616.0,349.0,208.0,,200.0
124.0,113.0,,-688.0,50.0,2827.0,316.0,92.0,,308.0
108.0,197.0,,-678.0,-4.0,2944.0,214.0,55.0,,432.0
85.0,190.0,,-629.0,-46.0,3032.0,199.0,-77.0,,567.0
20.0,195.0,,-594.0,-43.0,3268.0,223.0,-365.0,,700.0
-54.0,173.0,,-576.0,-112.0,3577.0,278.0,-206.0,,820.0
-6.0,136.0,,-529.0,-137.0,3823.0,283.0,-352.0,,922.0
-74.0,114.0,,-494.0,-113.0,3842.0,246.0,-112.0,,991.0
-59.0,58.0,,-484.0,-117.0,3681.0,202.0,51.0,,1038.0
-124.0,31.0,,-484.0,-69.0,3727.0,169.0,99.0,,1060.0
-107.0,-48.0,,-480.0,-43.0,3843.0,221.0,133.0,,1056.0
-77.0,-146.0,,-474.0,-52.0,3700.0,235.0,-112.0,,1034.0
-175.0,-232.0,,-480.0,1.0,3628.0,256.0,-53.0,,999.0
-166.0,-231.0,,-484.0,9.0,3754.0,248.0,-262.0,,953.0
-219.0,-129.0,,-484.0,5.0,3849.0,264.0,-96.0,,892.0
-162.0,17.0,,-470.0,48.0,3797.0,223.0,55.0,,826.0
-245.0,134.0,,-432.0,34.0,3743.0,128.0,-29.0,,753.0
-227.0,141.0,,-386.0,58.0,3826.0,96.0,-25.0,,683.0
-204.0,160.0,,-318.0,135.0,3941.0,76.0,-445.0,,618.0
-265.0,132.0,,-250.0,168.0,4006.0,87.0,-639.0,,556.0
-237.0,20.0,,-206.0,224.0,4014.0,59.0,-938.0,,505.0
-314.0,-17.0,,-155.0,236.0,3998.0,75.0,-938.0,,456.0
-259.0,19.0,,-124.0,195.0,3962.0,77.0,-748.0,,415.0
-320.0,-11.0,,-131.0,223.0,3866.0,88.0,-694.0,,365.0
-322.0,-113.0,,-153.0,191.0,3710.0,87.0,-382.0,,298.0
-336.0,-159.0,,-183.0,107.0,3501.0,5.0,-502.0,,223.0
-380.0,-63.0,,-190.0,77.0,3209.0,-31.0,-606.0,,130.0
-382.0,25.0,,-184.0,12.0,2993.0,-17.0,-866.0,,38.0
-440.0,20.0,,-177.0,1.0,2923.0,31.0,-995.0,,-52.0
-422.0,78.0,,-164.0,37.0,2937.0,-24.0,-842.0,,-118.0
-505.0,155.0,,-159.0,5.0,2971.0,-120.0,-822.0,,-170.0
-496.0,180.0,,-166.0,2.0,3017.0,-221.0,-452.0,,-195.0
-544.0,102.0,,-190.0,-12.0,3182.0,-250.0,-522.0,,-180.0
-569.0,-36.0,,-216.0,-64.0,3246.0,-197.0,-668.0,,-168.0
-539.0,-109.0,,-230.0,-27.0,3193.0,-157.0,-873.0,,-122.0
-581.0,-140.0,,-260.0,-3.0,3199.0,-102.0,-1132.0,,-71.0
-578.0,-186.0,,-276.0,-16.0,3329.0,-109.0,-940.0,,-32.0
-588.0,-253.0,,-252.0,4.0,3345.0,-74.0,-868.0,,16.0
-527.0,-311.0,,-247.0,-42.0,3080.0,-81.0,-556.0,,51.0
-533.0,-415.0,,-248.0,-90.0,2935.0,-140.0,-552.0,,77.0
-580.0,-585.0,,-229.0,-105.0,2944.0,-241.0,-576.0,,96.0
-569.0,-769.0,,-234.0,-162.0,2944.0,-277.0,-569.0,,109.0
-526.0,-781.0,,-240.0,-151.0,2919.0,-184.0,-890.0,,116.0
-530.0,-705.0,,-244.0,-137.0,2896.0,-177.0,-798.0,,116.0
-537.0,-701.0,,-290.0,-185.0,2857.0,-172.0,-862.0,,119.0
-526.0,-586.0,,-329.0,-152.0,2964.0,-235.0,-707.0,,118.0
-521.0,-376.0,,-349.0,-122.0,3212.0,-273.0,-652.0,,117.0
-505.0,-181.0,,-361.0,-109.0,3219.0,-275.0,-809.0,,116.0
-532.0,-54.0,,-328.0,-49.0,3054.0,-264.0,-796.0,,103.0
-490.0,64.0,,-298.0,-57.0,2915.0,-150.0,-1140.0,,74.0
-465.0,155.0,,-279.0,-60.0,2821.0,-124.0,-1149.0,,39.0
-435.0,154.0,,-227.0,-50.0,2741.0,-178.0,-1295.0,,-3.0
-439.0,120.0,,-183.0,-111.0,2754.0,-283.0,-1335.0,,-51.0
-466.0,39.0,,-157.0,-131.0,2802.0,-269.0,-1160.0,,-109.0
-394.0,-38.0,,-110.0,-110.0,2902.0,-213.0,-1236.0,,-162.0
-387.0,-105.0,,-73.0,-131.0,3166.0,-236.0,-1138.0,,-185.0
-404.0,-115.0,,-71.0,-110.0,3359.0,-281.0,-1274.0,,-193.0
-381.0,-38.0,,-93.0,-107.0,3236.0,-344.0,-1095.0,,-169.0
-331.0,75.0,,-91.0,-122.0,2994.0,-325.0,-946.0,,-119.0
-322.0,157.0,,-72.0,-62.0,3064.0,-323.0,-811.0,,-56.0
-314.0,312.0,,-81.0,-62.0,3023.0,-317.0,-530.0,,38.0
-256.0,519.0,,-104.0,-26.0,2687.0,-338.0,-681.0,,134.0
-235.0,651.0,,-147.0,8.0,2421.0,-372.0,-620.0,,230.0
-214.0,755.0,,-166.0,18.0,2322.0,-366.0,-805.0,,319.0
-174.0,740.0,,-151.0,54.0,2319.0,-384.0,-777.0,,403.0
-110.0,689.0,,-133.0,50.0,2070.0,-382.0,-545.0,,476.0
-99.0,603.0,,-94.0,73.0,1791.0,-398.0,-454.0,,523.0
-89.0,506.0,,-48.0,55.0,1665.0,-411.0,-240.0,,564.0
-54.0,478.0,,6.0,36.0,1646.0,-448.0,-469.0,,568.0
-55.0,465.0,,58.0,-8.0,1811.0,-498.0,-474.0,,542.0
-25.0,421.0,,110.0,12.0,1870.0,-477.0,-659.0,,506.0
-15.0,280.0,,161.0,36.0,1742.0,-391.0,-862.0,,456.0
-31.0,206.0,,190.0,30.0,1697.0,-307.0,-883.0,,401.0
-41.0,145.0,,211.0,79.0,1769.0,-272.0,-1003.0,,340.0
-26.0,38.0,,173.0,79.0,1757.0,-297.0,-757.0,,283.0
-20.0,-85.0,,110.0,147.0,1643.0,-390.0,-918.0,,217.0
-46.0,-210.0,,67.0,156.0,1547.0,-423.0,-940.0,,162.0
-54.0,-278.0,,24.0,159.0,1507.0,-412.0,-1060.0,,103.0
-46.0,-308.0,,2.0,164.0,1550.0,-404.0,-1265.0,,40.0
-34.0,-246.0,,-46.0,129.0,1505.0,-402.0,-1132.0,,-13.0
-27.0,-190.0,,-121.0,128.0,1301.0,-381.0,-1239.0,,-71.0
-20.0,-162.0,,-180.0,93.0,1185.0,-319.0,-977.0,,-110.0
-51.0,-228.0,,-244.0,89.0,1214.0,-322.0,-907.0,,-139.0
-11.0,-368.0,,-305.0,41.0,1159.0,-361.0,-774.0,,-154.0
-3.0,-410.0,,-351.0,-22.0,863.0,-403.0,-702.0,,-159.0
-56.0,-427.0,,-382.0,-91.0,664.0,-405.0,-851.0,,-170.0
-36.0,-445.0,,-405.0,-164.0,638.0,-394.0,-668.0,,-186.0
-33.0,-474.0,,-411.0,-197.0,613.0,-371.0,-822.0,,-210.0
5.0,-469.0,,-399.0,-219.0,628.0,-340.0,-635.0,,-232.0
-48.0,-437.0,,-392.0,-195.0,742.0,-383.0,-582.0,,-258.0
-60.0,-392.0,,-369.0,-163.0,797.0,-412.0,-593.0,,-289.0
8.0,-307.0,,-304.0,-119.0,537.0,-431.0,-463.0,,-326.0
-22.0,-215.0,,-220.0,-86.0,408.0,-402.0,-674.0,,-350.0
-51.0,-87.0,,-138.0,-80.0,310.0,-367.0,-546.0,,-387.0
-97.0,-25.0,,-58.0,-60.0,35.0,-342.0,-594.0,,-438.0
-46.0,5.0,,3.0,-63.0,-186.0,-294.0,-367.0,,-475.0
-53.0,8.0,,48.0,-49.0,-206.0,-288.0,-206.0,,-514.0
-96.0,-69.0,,101.0,-25.0,-70.0,-234.0,-212.0,,-534.0
-79.0,-88.0,,138.0,-26.0,-183.0,-230.0,-51.0,,-540.0
-86.0,-101.0,,149.0,2.0,-268.0,-262.0,-378.0,,-538.0
-66.0,-128.0,,148.0,-24.0,-185.0,-269.0,-456.0,,-528.0
-100.0,-131.0,,153.0,-48.0,68.0,-204.0,-676.0,,-527.0
-75.0,-111.0,,155.0,-37.0,236.0,-81.0,-607.0,,-516.0
-34.0,-64.0,,127.0,-63.0,-12.0,-84.0,-336.0,,-497.0
-23.0,-24.0,,83.0,-51.0,-185.0,-150.0,-332.0,,-491.0
-38.0,19.0,,60.0,-65.0,-134.0,-226.0,-38.0,,-477.0
0.0,68.0,,59.0,-74.0,-150.0,-216.0,-92.0,,-456.0
85.0,120.0,,46.0,-50.0,-437.0,-157.0,22.0,,-438.0
99.0,136.0,,42.0,-86.0,-625.0,-151.0,-118.0,,-418.0
78.0,128.0,,55.0,-93.0,-398.0,-134.0,-362.0,,-402.0
96.0,84.0,,75.0,-78.0,-132.0,-121.0,-327.0,,-389.0
180.0,-2.0,,86.0,-94.0,-69.0,-23.0,-495.0,,-375.0
149.0,-69.0,,97.0,-61.0,-112.0,68.0,-351.0,,-350.0
168.0,-140.0,,107.0,-51.0,-214.0,29.0,-533.0,,-324.0
176.0,-154.0,,88.0,-54.0,-388.0,-38.0,-539.0,,-298.0
167.0,-91.0,,77.0,-20.0,-619.0,-47.0,-545.0,,-273.0
211.0,-87.0,,83.0,-49.0,-1018.0,4.0,-702.0,,-250.0
187.0,-122.0,,93.0,-33.0,-1502.0,21.0,-574.0,,-214.0
203.0,-88.0,,101.0,-5.0,-1798.0,14.0,-796.0,,-187.0
168.0,-27.0,,119.0,-24.0,-1796.0,24.0,-655.0,,-165.0
201.0,11.0,,150.0,12.0,-1759.0,73.0,-667.0,,-140.0
185.0,55.0,,157.0,2.0,-1914.0,104.0,-628.0,,-122.0
148.0,47.0,,142.0,0.0,-1907.0,109.0,-363.0,,-103.0
158.0,-11.0,,133.0,18.0,-1727.0,146.0,-277.0,,-80.0
127.0,-85.0,,128.0,-24.0,-1720.0,171.0,151.0,,-58.0
123.0,-128.0,,122.0,11.0,-1866.0,155.0,173.0,,-36.0
77.0,-62.0,,141.0,50.0,-1936.0,140.0,166.0,,-6.0
91.0,-31.0,,150.0,47.0,-1888.0,146.0,-7.0,,33.0
80.0,-59.0,,125.0,69.0,-1784.0,109.0,-362.0,,82.0
61.0,-109.0,,110.0,12.0,-1782.0,85.0,-482.0,,144.0
5.0,-128.0,,119.0,-15.0,-1914.0,109.0,-648.0,,203.0
2.0,-51.0,,144.0,-7.0,-1990.0,157.0,-328.0,,263.0
24.0,-11.0,,178.0,-65.0,-2048.0,146.0,-192.0,,347.0
-15.0,-28.0,,195.0,-59.0,-2068.0,85.0,-107.0,,423.0
-39.0,-95.0,,179.0,-87.0,-2165.0,102.0,-129.0,,498.0
-100.0,-134.0,,171.0,-133.0,-2329.0,113.0,-517.0,,568.0
-4.0,-121.0,,172.0,-113.0,-2477.0,97.0,-646.0,,615.0
16.0,-154.0,,193.0,-140.0,-2517.0,85.0,-903.0,,652.0
-28.0,-164.0,,251.0,-98.0,-2449.0,118.0,-829.0,,662.0
8.0,-108.0,,332.0,-54.0,-2477.0,126.0,-696.0,,675.0
75.0,-90.0,,390.0,-77.0,-2460.0,102.0,-497.0,,665.0
95.0,-102.0,,404.0,-29.0,-2380.0,89.0,-197.0,,629.0
55.0,-70.0,,419.0,-12.0,-2326.0,46.0,-373.0,,601.0
120.0,-20.0,,436.0,31.0,-2570.0,37.0,-458.0,,554.0
144.0,41.0,,439.0,118.0,-2850.0,38.0,-777.0,,512.0
152.0,64.0,,430.0,122.0,-2925.0,56.0,-859.0,,459.0
116.0,80.0,,424.0,178.0,-2948.0,33.0,-733.0,,399.0
149.0,88.0,,408.0,201.0,-3101.0,13.0,-537.0,,347.0
197.0,11.0,,408.0,152.0,-3443.0,10.0,70.0,,287.0
160.0,-93.0,,406.0,140.0,-3612.0,-17.0,297.0,,233.0
165.0,-188.0,,349.0,51.0,-3585.0,-7.0,615.0,,167.0
161.0,-187.0,,305.0,11.0,-3380.0,-12.0,478.0,,103.0
269.0,-81.0,,296.0,31.0,-3318.0,-41.0,70.0,,53.0
266.0,11.0,,297.0,10.0,-3270.0,-74.0,-62.0,,22.0
238.0,77.0,,294.0,75.0,-3155.0,-84.0,-349.0,,11.0
286.0,135.0,,279.0,98.0,-3176.0,-61.0,-173.0,,7.0
326.0,223.0,,301.0,97.0,-3324.0,-3.0,-66.0,,9.0
348.0,355.0,,307.0,157.0,-3701.0,9.0,169.0,,11.0
295.0,449.0,,307.0,128.0,-3917.0,-11.0,234.0,,12.0
356.0,519.0,,353.0,105.0,-3891.0,-24.0,-33.0,,27.0
396.0,555.0,,390.0,55.0,-3846.0,3.0,-160.0,,36.0
395.0,528.0,,436.0,-66.0,-3889.0,65.0,-633.0,,41.0
396.0,459.0,,505.0,-108.0,-3826.0,52.0,-602.0,,43.0
412.0,359.0,,522.0,-165.0,-3679.0,-12.0,-511.0,,44.0
431.0,272.0,,499.0,-183.0,-3424.0,-87.0,-447.0,,40.0
403.0,177.0,,532.0,-111.0,-3184.0,-20.0,-306.0,,34.0
378.0,127.0,,585.0,-116.0,-3169.0,113.0,-456.0,,48.0
382.0,147.0,,580.0,-94.0,-3213.0,214.0,-351.0,,62.0
416.0,218.0,,561.0,-98.0,-3286.0,180.0,-484.0,,85.0
389.0,304.0,,581.0,-153.0,-3313.0,61.0,-315.0,,103.0
381.0,322.0,,603.0,-111.0,-3510.0,87.0,-234.0,,112.0
348.0,269.0,,569.0,-120.0,-3724.0,166.0,-291.0,,128.0
387.0,187.0,,508.0,-92.0,-3796.0,226.0,-59.0,,136.0
422.0,157.0,,434.0,-15.0,-3729.0,136.0,-210.0,,139.0
368.0,150.0,,370.0,-35.0,-3591.0,41.0,-99.0,,115.0
351.0,112.0,,312.0,13.0,-3495.0,114.0,-195.0,,86.0
367.0,66.0,,257.0,29.0,-3532.0,278.0,-194.0,,51.0
408.0,45.0,,229.0,5.0,-3676.0,301.0,-60.0,,-5.0
344.0,25.0,,217.0,46.0,-3514.0,144.0,-168.0,,-47.0
360.0,2.0,,185.0,17.0,-3299.0,138.0,12.0,,-83.0
397.0,59.0,,138.0,40.0,-3392.0,270.0,-142.0,,-99.0
391.0,114.0,,184.0,100.0,-3648.0,409.0,-38.0,,-85.0
337.0,141.0,,242.0,93.0,-3643.0,394.0,-9.0,,-48.0
284.0,199.0,,291.0,149.0,-3551.0,315.0,38.0,,7.0
337.0,264.0,,367.0,163.0,-3758.0,297.0,339.0,,74.0
326.0,312.0,,412.0,142.0,-3983.0,298.0,258.0,,144.0
292.0,306.0,,461.0,173.0,-3972.0,338.0,412.0,,205.0
212.0,297.0,,473.0,124.0,-3807.0,351.0,206.0,,254.0
211.0,310.0,,463.0,143.0,-3638.0,354.0,123.0,,286.0
228.0,276.0,,465.0,213.0,-3541.0,359.0,96.0,,293.0
136.0,226.0,,473.0,201.0,-3622.0,409.0,-27.0,,276.0
78.0,185.0,,453.0,248.0,-3460.0,453.0,171.0,,246.0
66.0,51.0,,423.0,239.0,-2993.0,409.0,-7.0,,197.0
62.0,-201.0,,359.0,195.0,-2859.0,340.0,96.0,,129.0
17.0,-428.0,,288.0,220.0,-2962.0,399.0,-44.0,,43.0
-11.0,-535.0,,277.0,133.0,-2797.0,537.0,-140.0,,-55.0
16.0,-558.0,,227.0,66.0,-2494.0,567.0,-59.0,,-147.0
0.0,-511.0,,159.0,49.0,-2422.0,511.0,-236.0,,-232.0
-48.0,-414.0,,128.0,-29.0,-2553.0,501.0,-48.0,,-314.0
-10.0,-304.0,,159.0,-5.0,-2616.0,523.0,-173.0,,-378.0
11.0,-226.0,,170.0,13.0,-2714.0,488.0,-73.0,,-421.0
28.0,-143.0,,173.0,-22.0,-2799.0,475.0,3.0,,-450.0
28.0,-40.0,,199.0,21.0,-2813.0,479.0,44.0,,-465.0
76.0,9.0,,242.0,-2.0,-2861.0,503.0,236.0,,-457.0
117.0,12.0,,319.0,-28.0,-2683.0,472.0,-88.0,,-422.0
91.0,-54.0,,363.0,-6.0,-2392.0,473.0,-168.0,,-354.0
119.0,-63.0,,390.0,-59.0,-2097.0,542.0,-386.0,,-262.0
102.0,15.0,,393.0,-42.0,-2047.0,510.0,-334.0,,-159.0
116.0,33.0,,446.0,6.0,-2091.0,428.0,-48.0,,-39.0
113.0,20.0,,477.0,-3.0,-1928.0,394.0,46.0,,86.0
102.0,-9.0,,422.0,50.0,-1767.0,494.0,275.0,,204.0
109.0,-5.0,,385.0,68.0,-1697.0,546.0,138.0,,300.0
116.0,59.0,,356.0,15.0,-1805.0,537.0,192.0,,373.0
131.0,55.0,,325.0,8.0,-1958.0,498.0,86.0,,426.0
74.0,13.0,,307.0,-33.0,-1972.0,484.0,-27.0,,436.0
76.0,19.0,,285.0,-54.0,-1621.0,467.0,49.0,,410.0
101.0,38.0,,229.0,3.0,-1346.0,365.0,-83.0,,352.0
100.0,39.0,,198.0,28.0,-1293.0,316.0,73.0,,267.0
110.0,44.0,,204.0,95.0,-1142.0,316.0,-18.0,,177.0
108.0,92.0,,195.0,190.0,-929.0,369.0,68.0,,89.0
147.0,124.0,,166.0,193.0,-788.0,445.0,103.0,,7.0
166.0,45.0,,161.0,192.0,-966.0,531.0,-83.0,,-52.0
158.0,-55.0,,166.0,191.0,-1114.0,481.0,-81.0,,-84.0
142.0,-117.0,,176.0,140.0,-1105.0,403.0,-511.0,,-91.0
103.0,-213.0,,192.0,130.0,-1116.0,344.0,-624.0,,-77.0
137.0,-316.0,,198.0,101.0,-1108.0,290.0,-711.0,,-51.0
134.0,-397.0,,208.0,3.0,-1058.0,284.0,-803.0,,-26.0
106.0,-425.0,,219.0,-56.0,-1022.0,249.0,-788.0,,1.0
90.0,-343.0,,242.0,-117.0,-928.0,327.0,-892.0,,29.0
91.0,-278.0,,283.0,-188.0,-826.0,386.0,-558.0,,52.0
94.0,-233.0,,325.0,-186.0,-930.0,378.0,-450.0,,82.0
51.0,-112.0,,318.0,-201.0,-989.0,288.0,-140.0,,119.0
74.0,-49.0,,269.0,-248.0,-795.0,245.0,70.0,,168.0
91.0,-14.0,,210.0,-253.0,-532.0,239.0,84.0,,223.0
101.0,92.0,,163.0,-285.0,-396.0,240.0,371.0,,288.0
118.0,182.0,,116.0,-294.0,-382.0,302.0,288.0,,345.0
173.0,214.0,,76.0,-238.0,-155.0,285.0,354.0,,385.0
195.0,135.0,,85.0,-238.0,166.0,277.0,184.0,,410.0
200.0,-37.0,,96.0,-235.0,219.0,230.0,140.0,,413.0
248.0,-208.0,,96.0,-179.0,124.0,211.0,306.0,,414.0
273.0,-346.0,,99.0,-160.0,16.0,188.0,258.0,,400.0
335.0,-453.0,,96.0,-136.0,129.0,212.0,400.0,,372.0
325.0,-478.0,,95.0,-106.0,275.0,260.0,199.0,,325.0
339.0,-449.0,,86.0,-126.0,272.0,218.0,131.0,,274.0
383.0,-447.0,,63.0,-110.0,297.0,182.0,-123.0,,212.0
388.0,-383.0,,58.0,-61.0,450.0,112.0,-461.0,,152.0
356.0,-296.0,,67.0,-41.0,656.0,39.0,-522.0,,109.0
330.0,-223.0,,55.0,11.0,809.0,-43.0,-604.0,,64.0
371.0,-168.0,,31.0,67.0,945.0,-38.0,-181.0,,36.0
377.0,-216.0,,17.0,85.0,986.0,39.0,-112.0,,-4.0
337.0,-273.0,,9.0,132.0,1037.0,83.0,-105.0,,-46.0
332.0,-325.0,,-9.0,156.0,1078.0,65.0,-110.0,,-95.0
366.0,-385.0,,-24.0,136.0,1099.0,-12.0,-352.0,,-146.0
342.0,-334.0,,-39.0,159.0,1043.0,-97.0,-349.0,,-180.0
316.0,-148.0,,-27.0,163.0,978.0,-145.0,-539.0,,-198.0
321.0,-34.0,,-2.0,116.0,1070.0,-171.0,-328.0,,-187.0
327.0,-48.0,,-28.0,95.0,1118.0,-178.0,-197.0,,-165.0
284.0,-52.0,,-61.0,49.0,963.0,-211.0,7.0,,-134.0
260.0,-68.0,,-104.0,1.0,847.0,-252.0,232.0,,-81.0
256.0,-124.0,,-124.0,5.0,936.0,-230.0,7.0,,-15.0
202.0,-201.0,,-87.0,-28.0,1016.0,-262.0,64.0,,44.0
197.0,-173.0,,-54.0,-49.0,1022.0,-341.0,-227.0,,106.0
160.0,-51.0,,-29.0,-17.0,838.0,-436.0,-290.0,,162.0
106.0,43.0,,-37.0,-45.0,633.0,-388.0,-221.0,,216.0
78.0,102.0,,-22.0,-83.0,579.0,-239.0,-53.0,,256.0
17.0,148.0,,-3.0,-76.0,663.0,-180.0,358.0,,266.0
-31.0,173.0,,-3.0,-103.0,683.0,-264.0,245.0,,260.0
-92.0,115.0,,14.0,-100.0,465.0,-377.0,417.0,,225.0
-139.0,74.0,,42.0,-62.0,491.0,-356.0,288.0,,168.0
-156.0,123.0,,56.0,-40.0,793.0,-346.0,109.0,,92.0
-184.0,189.0,,16.0,42.0,932.0,-348.0,1.0,,20.0
-199.0,213.0,,-18.0,106.0,889.0,-378.0,-181.0,,-46.0
-242.0,203.0,,-51.0,78.0,940.0,-427.0,96.0,,-106.0
-260.0,201.0,,-91.0,68.0,1012.0,-440.0,84.0,,-146.0
-275.0,228.0,,-103.0,56.0,1003.0,-416.0,290.0,,-175.0
-279.0,260.0,,-103.0,0.0,995.0,-479.0,245.0,,-179.0
-250.0,304.0,,-141.0,-8.0,1026.0,-626.0,218.0,,-174.0
-254.0,438.0,,-212.0,-3.0,1017.0,-640.0,456.0,,-163.0
-223.0,571.0,,-263.0,2.0,970.0,-464.0,273.0,,-156.0
-193.0,618.0,,-271.0,75.0,1033.0,-269.0,354.0,,-145.0
-148.0,626.0,,-218.0,102.0,1037.0,-309.0,205.0,,-136.0
-132.0,616.0,,-156.0,97.0,1042.0,-440.0,230.0,,-130.0
-88.0,548.0,,-99.0,155.0,1116.0,-525.0,212.0,,-127.0
-52.0,392.0,,-64.0,167.0,1091.0,-528.0,29.0,,-134.0
-47.0,222.0,,-27.0,160.0,1041.0,-465.0,171.0,,-127.0
-6.0,119.0,,10.0,196.0,1018.0,-422.0,20.0,,-122.0
-19.0,95.0,,-12.0,186.0,1065.0,-447.0,129.0,,-115.0
-36.0,64.0,,-26.0,193.0,1197.0,-449.0,90.0,,-123.0
-72.0,1.0,,-31.0,215.0,1169.0,-374.0,153.0,,-147.0
-29.0,-55.0,,-47.0,167.0,1043.0,-324.0,389.0,,-183.0
-23.0,-36.0,,-58.0,148.0,922.0,-386.0,419.0,,-229.0
-49.0,39.0,,-77.0,140.0,939.0,-586.0,541.0,,-273.0
-35.0,45.0,,-87.0,77.0,1176.0,-687.0,264.0,,-327.0
-36.0,57.0,,-89.0,65.0,1153.0,-612.0,325.0,,-364.0
8.0,65.0,,-83.0,56.0,1021.0,-420.0,279.0,,-381.0
-34.0,78.0,,-69.0,4.0,1058.0,-332.0,131.0,,-390.0
-41.0,81.0,,-53.0,11.0,1274.0,-437.0,251.0,,-366.0
-32.0,33.0,,-20.0,18.0,1464.0,-563.0,88.0,,-318.0
-23.0,104.0,,5.0,23.0,1472.0,-589.0,218.0,,-264.0
-3.0,210.0,,-13.0,91.0,1509.0,-500.0,221.0,,-220.0
-44.0,247.0,,-28.0,115.0,1498.0,-469.0,454.0,,-172.0
-1.0,220.0,,-10.0,111.0,1312.0,-540.0,635.0,,-133.0
6.0,195.0,,17.0,151.0,929.0,-656.0,583.0,,-111.0
13.0,179.0,,35.0,139.0,595.0,-624.0,739.0,,-101.0
20.0,148.0,,16.0,115.0,485.0,-534.0,482.0,,-99.0
-4.0,120.0,,6.0,115.0,645.0,-592.0,563.0,,-89.0
21.0,131.0,,9.0,42.0,724.0,-748.0,495.0,,-88.0
-15.0,271.0,,-5.0,-7.0,754.0,-788.0,343.0,,-82.0
-28.0,351.0,,-34.0,-21.0,968.0,-596.0,358.0,,-67.0
-70.0,382.0,,-89.0,-96.0,1158.0,-417.0,190.0,,-48.0
-113.0,388.0,,-131.0,-132.0,1321.0,-362.0,308.0,,-26.0
-122.0,312.0,,-173.0,-143.0,1237.0,-433.0,81.0,,-11.0
-192.0,191.0,,-217.0,-183.0,1118.0,-578.0,72.0,,13.0
-226.0,50.0,,-232.0,-165.0,876.0,-652.0,107.0,,30.0
-288.0,-29.0,,-235.0,-156.0,576.0,-652.0,123.0,,41.0
-284.0,-51.0,,-266.0,-169.0,567.0,-597.0,421.0,,48.0
-333.0,-27.0,,-311.0,-113.0,486.0,-540.0,441.0,,47.0
-385.0,-80.0,,-346.0,-71.0,285.0,-568.0,729.0,,38.0
-387.0,-122.0,,-352.0,-37.0,205.0,-578.0,825.0,,10.0
-438.0,-162.0,,-336.0,20.0,477.0,-537.0,973.0,,-20.0
-427.0,-236.0,,-356.0,13.0,763.0,-550.0,1156.0,,-52.0
-467.0,-243.0,,-400.0,24.0,641.0,-645.0,1215.0,,-94.0
-426.0,-201.0,,-472.0,86.0,452.0,-607.0,1563.0,,-134.0
-419.0,-78.0,,-517.0,79.0,605.0,-389.0,1528.0,,-173.0
-428.0,-2.0,,-505.0,52.0,886.0,-254.0,1526.0,,-212.0
-446.0,12.0,,-491.0,18.0,814.0,-314.0,1365.0,,-221.0
-469.0,1.0,,-449.0,-57.0,509.0,-513.0,1206.0,,-214.0
-420.0,67.0,,-403.0,-71.0,457.0,-623.0,1195.0,,-179.0
-471.0,187.0,,-387.0,-67.0,646.0,-568.0,1034.0,,-91.0
-459.0,229.0,,-384.0,-75.0,615.0,-389.0,1252.0,,16.0
-476.0,239.0,,-360.0,-15.0,200.0,-212.0,1245.0,,136.0
-453.0,242.0,,-335.0,20.0,-12.0,-179.0,1339.0,,259.0
-479.0,253.0,,-321.0,54.0,213.0,-298.0,1346.0,,369.0
-463.0,200.0,,-307.0,137.0,401.0,-419.0,1140.0,,451.0
-399.0,151.0,,-304.0,135.0,491.0,-419.0,1210.0,,504.0
-474.0,92.0,,-283.0,107.0,651.0,-411.0,999.0,,540.0
-457.0,74.0,,-263.0,117.0,839.0,-452.0,1064.0,,571.0
-481.0,119.0,,-242.0,76.0,884.0,-431.0,1027.0,,587.0
-425.0,147.0,,-249.0,63.0,1018.0,-221.0,1042.0,,595.0
-463.0,219.0,,-280.0,51.0,1208.0,-113.0,1206.0,,605.0
-507.0,182.0,,-288.0,-29.0,1233.0,-215.0,1049.0,,602.0
-466.0,121.0,,-297.0,-44.0,1296.0,-379.0,1138.0,,594.0
-490.0,82.0,,-317.0,-38.0,1329.0,-500.0,1006.0,,572.0
-456.0,43.0,,-343.0,-61.0,1322.0,-440.0,1128.0,,528.0
-524.0,42.0,,-344.0,-29.0,1008.0,-228.0,1149.0,,459.0
-498.0,-19.0,,-350.0,-41.0,676.0,-45.0,1012.0,,374.0
-467.0,-92.0,,-328.0,-73.0,742.0,-153.0,1116.0,,288.0
-482.0,-176.0,,-312.0,-38.0,908.0,-384.0,918.0,,208.0
-517.0,-255.0,,-307.0,-48.0,989.0,-455.0,1060.0,,152.0
-548.0,-300.0,,-223.0,-55.0,839.0,-381.0,953.0,,117.0
-504.0,-270.0,,-171.0,-32.0,840.0,-298.0,997.0,,92.0
-591.0,-223.0,,-144.0,-59.0,955.0,-227.0,1289.0,,78.0
-635.0,-195.0,,-159.0,-41.0,811.0,-123.0,1378.0,,85.0
-657.0,-186.0,,-214.0,-26.0,553.0,-22.0,1685.0,,111.0
-716.0,-174.0,,-228.0,-78.0,471.0,-42.0,1563.0,,151.0
-751.0,-84.0,,-281.0,-75.0,603.0,-186.0,1563.0,,200.0
-798.0,-53.0,,-356.0,-72.0,599.0,-292.0,1467.0,,266.0
-790.0,-5.0,,-418.0,-73.0,467.0,-282.0,1406.0,,344.0
-804.0,20.0,,-477.0,-5.0,405.0,-129.0,1470.0,,421.0
-844.0,-73.0,,-512.0,1.0,523.0,-9.0,1287.0,,492.0
-826.0,-175.0,,-505.0,-10.0,697.0,11.0,1528.0,,557.0
-812.0,-244.0,,-506.0,27.0,775.0,-29.0,1358.0,,620.0
-811.0,-248.0,,-477.0,20.0,659.0,-86.0,1215.0,,664.0
-782.0,-321.0,,-416.0,43.0,496.0,-85.0,1084.0,,695.0
-716.0,-424.0,,-373.0,78.0,613.0,-81.0,825.0,,710.0
-680.0,-440.0,,-324.0,44.0,717.0,-50.0,940.0,,734.0
-669.0,-411.0,,-307.0,60.0,565.0,-14.0,848.0,,766.0
-595.0,-398.0,,-290.0,62.0,406.0,62.0,1106.0,,790.0
-537.0,-399.0,,-262.0,4.0,437.0,186.0,1164.0,,823.0
-518.0,-316.0,,-237.0,3.0,461.0,274.0,1311.0,,850.0
-489.0,-228.0,,-231.0,-28.0,298.0,218.0,1583.0,,867.0
-396.0,-166.0,,-255.0,-60.0,135.0,64.0,1470.0,,864.0
-346.0,-134.0,,-273.0,-20.0,110.0,0.0,1585.0,,835.0
-322.0,-110.0,,-301.0,-38.0,130.0,45.0,1302.0,,780.0
-299.0,-120.0,,-323.0,-38.0,231.0,200.0,1308.0,,690.0
-284.0,-229.0,,-332.0,-8.0,477.0,337.0,1249.0,,567.0
-219.0,-327.0,,-359.0,-40.0,770.0,307.0,1121.0,,424.0
-209.0,-365.0,,-403.0,-9.0,1076.0,147.0,1210.0,,277.0
-248.0,-264.0,,-433.0,28.0,1286.0,89.0,888.0,,139.0
-237.0,-144.0,,-449.0,6.0,1310.0,238.0,992.0,,29.0
-157.0,-85.0,,-456.0,39.0,1182.0,414.0,814.0,,-55.0
-170.0,35.0,,-433.0,46.0,964.0,508.0,689.0,,-112.0
-142.0,124.0,,-388.0,29.0,682.0,526.0,633.0,,-135.0
-143.0,71.0,,-375.0,60.0,313.0,554.0,515.0,,-136.0
-62.0,-40.0,,-335.0,17.0,131.0,549.0,733.0,,-116.0
-53.0,-68.0,,-307.0,-39.0,179.0,520.0,563.0,,-100.0
-45.0,-68.0,,-307.0,-71.0,206.0,497.0,637.0,,-92.0
54.0,-92.0,,-245.0,-162.0,512.0,503.0,539.0,,-89.0
-19.0,-96.0,,-204.0,-192.0,1051.0,548.0,596.0,,-104.0
85.0,-49.0,,-183.0,-201.0,1416.0,513.0,866.0,,-129.0
31.0,-17.0,,-172.0,-249.0,1562.0,469.0,805.0,,-160.0
91.0,-75.0,,-164.0,-228.0,1626.0,434.0,894.0,,-198.0
26.0,-101.0,,-146.0,-228.0,1616.0,445.0,596.0,,-232.0
73.0,-21.0,,-141.0,-230.0,1300.0,523.0,397.0,,-251.0
119.0,90.0,,-121.0,-151.0,849.0,631.0,96.0,,-238.0
36.0,102.0,,-101.0,-118.0,502.0,681.0,-83.0,,-199.0
188.0,88.0,,-73.0,-89.0,313.0,704.0,86.0,,-138.0
107.0,144.0,,-62.0,-37.0,196.0,714.0,-5.0,,-63.0
210.0,201.0,,-53.0,-50.0,192.0,662.0,149.0,,28.0
132.0,203.0,,-24.0,-40.0,322.0,581.0,-60.0,,121.0
256.0,142.0,,-9.0,-23.0,577.0,423.0,-240.0,,206.0
218.0,108.0,,17.0,-24.0,1155.0,315.0,-269.0,,286.0
210.0,45.0,,50.0,35.0,1709.0,227.0,-332.0,,353.0
287.0,-22.0,,71.0,44.0,1959.0,263.0,-27.0,,415.0
276.0,-36.0,,69.0,-1.0,2063.0,450.0,94.0,,474.0
342.0,-7.0,,61.0,-2.0,2254.0,673.0,567.0,,545.0
282.0,28.0,,68.0,-36.0,2373.0,812.0,737.0,,604.0
389.0,0.0,,69.0,-35.0,2177.0,667.0,635.0,,677.0
246.0,-30.0,,57.0,43.0,1985.0,424.0,746.0,,756.0
361.0,-54.0,,28.0,84.0,1960.0,296.0,615.0,,826.0
323.0,-53.0,,15.0,131.0,1892.0,399.0,691.0,,909.0
348.0,-48.0,,21.0,161.0,1709.0,634.0,463.0,,969.0
270.0,68.0,,15.0,139.0,1435.0,725.0,354.0,,1028.0
338.0,227.0,,17.0,170.0,1219.0,437.0,304.0,,1074.0
369.0,317.0,,33.0,190.0,1390.0,85.0,192.0,,1117.0
283.0,381.0,,41.0,164.0,1546.0,98.0,269.0,,1150.0
329.0,312.0,,34.0,165.0,1348.0,411.0,-53.0,,1157.0
255.0,243.0,,29.0,119.0,1109.0,660.0,-105.0,,1154.0
371.0,109.0,,31.0,53.0,1223.0,635.0,-234.0,,1130.0
191.0,-72.0,,49.0,33.0,1577.0,510.0,-301.0,,1107.0
367.0,-226.0,,59.0,-15.0,1597.0,402.0,-195.0,,1059.0
174.0,-359.0,,67.0,-41.0,1355.0,471.0,-188.0,,993.0
312.0,-464.0,,91.0,-35.0,1017.0,617.0,110.0,,910.0
231.0,-584.0,,114.0,-88.0,769.0,612.0,-3.0,,793.0
195.0,-558.0,,148.0,-104.0,674.0,372.0,-29.0,,672.0
263.0,-511.0,,174.0,-88.0,403.0,230.0,-27.0,,546.0
148.0,-446.0,,200.0,-104.0,41.0,434.0,-79.0,,427.0
342.0,-349.0,,242.0,-72.0,-5.0,730.0,72.0,,324.0
27.0,-226.0,,281.0,-55.0,226.0,841.0,-103.0,,235.0
308.0,-59.0,,306.0,-68.0,323.0,661.0,-120.0,,167.0
63.0,-1.0,,320.0,-41.0,260.0,371.0,-341.0,,115.0
230.0,55.0,,342.0,-64.0,254.0,149.0,-482.0,,82.0
82.0,102.0,,353.0,-110.0,436.0,303.0,-583.0,,73.0
103.0,111.0,,333.0,-94.0,517.0,650.0,-801.0,,83.0
208.0,55.0,,289.0,-104.0,331.0,660.0,-426.0,,109.0
-2.0,-45.0,,238.0,-111.0,206.0,402.0,-221.0,,130.0
331.0,-76.0,,186.0,-69.0,214.0,322.0,-16.0,,145.0
55.0,-128.0,,121.0,-65.0,420.0,550.0,-68.0,,145.0
361.0,-135.0,,63.0,-40.0,555.0,772.0,-282.0,,122.0
99.0,-86.0,,28.0,7.0,304.0,693.0,-347.0,,79.0
325.0,-4.0,,13.0,20.0,179.0,517.0,-582.0,,-2.0
274.0,118.0,,-3.0,92.0,366.0,435.0,-356.0,,-94.0
306.0,130.0,,-24.0,160.0,546.0,160.0,-308.0,,-197.0
425.0,116.0,,-44.0,171.0,569.0,-51.0,-118.0,,-300.0
212.0,114.0,,-62.0,207.0,565.0,75.0,-16.0,,-370.0
541.0,132.0,,-40.0,215.0,688.0,253.0,-245.0,,-409.0
264.0,137.0,,2.0,197.0,736.0,373.0,-168.0,,-418.0
518.0,92.0,,62.0,208.0,722.0,589.0,-290.0,,-406.0
224.0,165.0,,103.0,173.0,793.0,689.0,-114.0,,-364.0
407.0,251.0,,109.0,136.0,890.0,473.0,-214.0,,-316.0
313.0,265.0,,120.0,155.0,997.0,244.0,-365.0,,-267.0
228.0,287.0,,125.0,146.0,1128.0,254.0,-391.0,,-203.0
328.0,382.0,,134.0,141.0,1002.0,359.0,-661.0,,-138.0
135.0,393.0,,148.0,156.0,637.0,360.0,-365.0,,-75.0
316.0,278.0,,143.0,145.0,519.0,389.0,-186.0,,-26.0
5.0,233.0,,158.0,167.0,508.0,383.0,125.0,,21.0
230.0,193.0,,192.0,179.0,310.0,251.0,275.0,,58.0
-21.0,136.0,,216.0,144.0,-31.0,169.0,123.0,,97.0
115.0,114.0,,224.0,149.0,-226.0,268.0,107.0,,155.0
40.0,116.0,,197.0,134.0,-171.0,350.0,-188.0,,224.0
0.0,194.0,,159.0,86.0,-74.0,282.0,-97.0,,301.0
64.0,263.0,,131.0,84.0,-37.0,255.0,-186.0,,385.0
-107.0,165.0,,91.0,52.0,-166.0,313.0,-238.0,,466.0
90.0,44.0,,35.0,12.0,-296.0,233.0,-182.0,,518.0
-155.0,-4.0,,10.0,9.0,-359.0,18.0,-295.0,,554.0
90.0,-105.0,,-3.0,-20.0,-517.0,211.0,-79.0,,561.0
-83.0,-282.0,,-13.0,-43.0,-632.0,727.0,-158.0,,544.0
11.0,-334.0,,5.0,-56.0,-678.0,839.0,-36.0,,513.0
-29.0,-366.0,,-17.0,-106.0,-703.0,411.0,-92.0,,461.0
-37.0,-549.0,,-41.0,-117.0,-687.0,11.0,-194.0,,430.0
48.0,-614.0,,-41.0,-81.0,-731.0,-70.0,-42.0,,389.0
-138.0,-567.0,,-28.0,-76.0,-775.0,-48.0,-120.0,,353.0
61.0,-442.0,,-3.0,-47.0,-814.0,5.0,140.0,,354.0
-86.0,-285.0,,4.0,-14.0,-788.0,171.0,112.0,,353.0
36.0,-235.0,,0.0,-31.0,-646.0,328.0,206.0,,369.0
-54.0,-219.0,,10.0,-30.0,-654.0,294.0,223.0,,396.0
39.0,-95.0,,25.0,-27.0,-804.0,265.0,59.0,,427.0
-9.0,25.0,,35.0,-36.0,-843.0,422.0,151.0,,464.0
-38.0,58.0,,55.0,-7.0,-836.0,475.0,-116.0,,515.0
43.0,164.0,,59.0,-6.0,-854.0,289.0,35.0,,561.0
5.0,139.0,,59.0,-25.0,-820.0,148.0,-73.0,,605.0
73.0,59.0,,33.0,-13.0,-678.0,31.0,-341.0,,661.0
-35.0,35.0,,3.0,-65.0,-452.0,-22.0,-533.0,,694.0
96.0,4.0,,-6.0,-127.0,-473.0,107.0,-903.0,,731.0
-13.0,83.0,,-13.0,-117.0,-572.0,377.0,-729.0,,763.0
126.0,158.0,,6.0,-105.0,-588.0,531.0,-679.0,,782.0
35.0,260.0,,26.0,-67.0,-490.0,353.0,-360.0,,801.0
43.0,304.0,,47.0,-22.0,-200.0,-40.0,-153.0,,791.0
64.0,256.0,,85.0,-31.0,-89.0,-299.0,-83.0,,774.0
34.0,254.0,,148.0,-18.0,-133.0,-137.0,158.0,,744.0
80.0,250.0,,218.0,-2.0,-275.0,87.0,59.0,,704.0
-67.0,248.0,,271.0,-34.0,-266.0,141.0,341.0,,647.0
59.0,143.0,,315.0,-14.0,-221.0,119.0,484.0,,577.0
-75.0,11.0,,342.0,29.0,-461.0,188.0,663.0,,526.0
14.0,0.0,,360.0,39.0,-504.0,155.0,715.0,,475.0
-69.0,29.0,,381.0,63.0,-228.0,-51.0,421.0,,446.0
-8.0,86.0,,405.0,51.0,56.0,-134.0,393.0,,435.0
-95.0,100.0,,404.0,17.0,79.0,-225.0,114.0,,426.0
-90.0,80.0,,401.0,29.0,-55.0,-315.0,107.0,,420.0
12.0,114.0,,417.0,9.0,-78.0,-168.0,-7.0,,411.0
-88.0,135.0,,446.0,-11.0,31.0,16.0,-129.0,,389.0
26.0,49.0,,478.0,27.0,29.0,-45.0,0.0,,355.0
-95.0,-25.0,,492.0,48.0,-421.0,-128.0,-129.0,,321.0
77.0,21.0,,494.0,95.0,-994.0,-179.0,75.0,,283.0
-96.0,35.0,,484.0,177.0,-1128.0,-227.0,33.0,,244.0
54.0,60.0,,471.0,207.0,-1022.0,-226.0,-7.0,,212.0
51.0,192.0,,458.0,241.0,-1033.0,-105.0,-51.0,,187.0
27.0,330.0,,448.0,274.0,-1103.0,55.0,-249.0,,170.0
125.0,447.0,,417.0,253.0,-903.0,36.0,-127.0,,164.0
46.0,539.0,,369.0,249.0,-592.0,-173.0,-166.0,,168.0
180.0,547.0,,322.0,211.0,-544.0,-341.0,60.0,,187.0
15.0,534.0,,279.0,116.0,-436.0,-257.0,31.0,,200.0
233.0,503.0,,259.0,69.0,-427.0,-63.0,-92.0,,219.0
63.0,349.0,,217.0,19.0,-669.0,19.0,-103.0,,263.0
109.0,140.0,,185.0,-44.0,-742.0,-243.0,-358.0,,302.0
98.0,-59.0,,197.0,-46.0,-672.0,-500.0,-290.0,,348.0
92.0,-232.0,,211.0,-62.0,-613.0,-468.0,-441.0,,394.0
147.0,-393.0,,217.0,-83.0,-566.0,-352.0,-412.0,,438.0
44.0,-492.0,,207.0,-70.0,-527.0,-344.0,-428.0,,502.0
186.0,-521.0,,205.0,-92.0,-400.0,-313.0,-504.0,,561.0
-42.0,-526.0,,216.0,-85.0,-188.0,-140.0,-317.0,,634.0
123.0,-485.0,,230.0,-60.0,-62.0,-14.0,-406.0,,715.0
40.0,-386.0,,244.0,-92.0,27.0,62.0,-145.0,,784.0
52.0,-218.0,,238.0,-79.0,35.0,1.0,-138.0,,845.0
22.0,-205.0,,247.0,-49.0,70.0,-264.0,-203.0,,879.0
90.0,-373.0,,252.0,-79.0,-5.0,-539.0,-290.0,,881.0
172.0,-405.0,,245.0,-69.0,-402.0,-531.0,-598.0,,859.0
10.0,-303.0,,250.0,-62.0,-650.0,-414.0,-448.0,,815.0
214.0,-277.0,,232.0,-98.0,-705.0,-338.0,-439.0,,748.0
102.0,-244.0,,221.0,-94.0,-815.0,-266.0,-221.0,,666.0
208.0,-145.0,,213.0,-93.0,-991.0,-176.0,-219.0,,572.0
146.0,-76.0,,177.0,-91.0,-1045.0,-118.0,-362.0,,472.0
249.0,-41.0,,137.0,-36.0,-870.0,-364.0,-319.0,,377.0
205.0,-128.0,,117.0,-23.0,-584.0,-687.0,-646.0,,292.0
182.0,-246.0,,106.0,-51.0,-405.0,-565.0,-663.0,,220.0
371.0,-260.0,,89.0,-45.0,-304.0,-15.0,-691.0,,161.0
235.0,-283.0,,93.0,-45.0,-275.0,199.0,-489.0,,109.0
365.0,-438.0,,117.0,6.0,-444.0,-258.0,-299.0,,61.0
246.0,-538.0,,156.0,104.0,-711.0,-747.0,-367.0,,33.0
396.0,-400.0,,208.0,121.0,-1041.0,-771.0,-218.0,,8.0
310.0,-290.0,,244.0,136.0,-1231.0,-634.0,-345.0,,-28.0
349.0,-246.0,,273.0,152.0,-1300.0,-562.0,-194.0,,-56.0
427.0,-178.0,,297.0,123.0,-1289.0,-431.0,-293.0,,-84.0
289.0,-46.0,,293.0,124.0,-1055.0,-294.0,-606.0,,-112.0
414.0,133.0,,296.0,105.0,-720.0,-317.0,-831.0,,-122.0
264.0,210.0,,325.0,58.0,-598.0,-455.0,-1171.0,,-120.0
404.0,246.0,,363.0,77.0,-503.0,-491.0,-1060.0,,-112.0
318.0,251.0,,389.0,97.0,-281.0,-306.0,-1180.0,,-71.0
457.0,254.0,,394.0,99.0,-240.0,-210.0,-1097.0,,-16.0
387.0,357.0,,402.0,147.0,-335.0,-386.0,-1084.0,,35.0
285.0,501.0,,426.0,157.0,-431.0,-199.0,-1199.0,,100.0
410.0,505.0,,444.0,137.0,-411.0,59.0,-1069.0,,146.0
289.0,336.0,,456.0,145.0,-613.0,-313.0,-1302.0,,185.0
415.0,202.0,,491.0,98.0,-855.0,-878.0,-1130.0,,205.0
251.0,189.0,,529.0,52.0,-710.0,-886.0,-1088.0,,196.0
378.0,236.0,,548.0,51.0,-438.0,-282.0,-1051.0,,190.0
278.0,299.0,,554.0,15.0,-277.0,168.0,-1018.0,,160.0
320.0,276.0,,552.0,19.0,-165.0,37.0,-1173.0,,116.0
335.0,143.0,,543.0,41.0,150.0,-524.0,-986.0,,85.0
194.0,41.0,,532.0,-7.0,342.0,-936.0,-1147.0,,70.0
291.0,-23.0,,521.0,-31.0,386.0,-650.0,-1010.0,,80.0
170.0,-73.0,,515.0,-57.0,409.0,-216.0,-1029.0,,123.0
266.0,-151.0,,526.0,-109.0,340.0,-119.0,-1164.0,,181.0
79.0,-250.0,,537.0,-98.0,358.0,24.0,-1140.0,,233.0
191.0,-234.0,,522.0,-109.0,547.0,1.0,-1526.0,,290.0
151.0,-37.0,,507.0,-133.0,594.0,-477.0,-1589.0,,335.0
109.0,201.0,,501.0,-77.0,306.0,-712.0,-1812.0,,357.0
123.0,227.0,,492.0,-59.0,146.0,-482.0,-1794.0,,367.0
39.0,85.0,,482.0,-50.0,290.0,-306.0,-1759.0,,360.0
156.0,-25.0,,461.0,-5.0,520.0,-311.0,-2012.0,,341.0
1.0,16.0,,428.0,-28.0,597.0,-394.0,-2015.0,,312.0
132.0,73.0,,406.0,-30.0,567.0,-206.0,-2209.0,,276.0
38.0,-5.0,,389.0,-11.0,559.0,236.0,-2036.0,,243.0
65.0,19.0,,349.0,-52.0,582.0,159.0,-1947.0,,196.0
74.0,173.0,,318.0,-54.0,664.0,-475.0,-1755.0,,147.0
51.0,136.0,,297.0,-44.0,723.0,-978.0,-1552.0,,110.0
46.0,-44.0,,276.0,-77.0,844.0,-880.0,-1683.0,,77.0
-64.0,-77.0,,252.0,-69.0,1057.0,-83.0,-1470.0,,56.0
59.0,-4.0,,212.0,-80.0,1089.0,516.0,-1557.0,,55.0
-21.0,-101.0,,186.0,-132.0,884.0,121.0,-1395.0,,64.0
40.0,-264.0,,160.0,-111.0,665.0,-538.0,-1201.0,,77.0
-26.0,-177.0,,117.0,-96.0,567.0,-649.0,-1149.0,,92.0
-35.0,-79.0,,76.0,-73.0,529.0,14.0,-1019.0,,94.0
-64.0,-185.0,,47.0,11.0,400.0,324.0,-1202.0,,84.0
-75.0,-299.0,,22.0,36.0,285.0,-208.0,-1141.0,,58.0
-58.0,-199.0,,10.0,50.0,246.0,-321.0,-1352.0,,22.0
-175.0,12.0,,-21.0,66.0,326.0,-257.0,-1328.0,,-27.0
-59.0,-56.0,,-67.0,-2.0,554.0,-190.0,-1186.0,,-94.0
-122.0,-325.0,,-83.0,-53.0,661.0,-68.0,-1243.0,,-160.0
-80.0,-321.0,,-83.0,-74.0,467.0,-81.0,-1042.0,,-234.0
-83.0,19.0,,-107.0,-109.0,391.0,-121.0,-1188.0,,-295.0
-53.0,167.0,,-149.0,-82.0,649.0,-366.0,-1167.0,,-342.0
-71.0,54.0,,-145.0,-55.0,773.0,-297.0,-1343.0,,-365.0
-122.0,57.0,,-141.0,-69.0,645.0,211.0,-1465.0,,-368.0
-13.0,120.0,,-166.0,-29.0,516.0,432.0,-1332.0,,-351.0
-72.0,85.0,,-179.0,-1.0,640.0,-89.0,-1376.0,,-301.0
-7.0,-44.0,,-186.0,-5.0,777.0,-626.0,-1010.0,,-257.0
-30.0,-47.0,,-196.0,9.0,689.0,-509.0,-923.0,,-186.0
8.0,66.0,,-212.0,-38.0,415.0,-67.0,-840.0,,-107.0
-27.0,-16.0,,-243.0,-60.0,161.0,331.0,-892.0,,-31.0
-1.0,-176.0,,-252.0,10.0,302.0,403.0,-1128.0,,55.0
79.0,-148.0,,-230.0,34.0,498.0,109.0,-1106.0,,133.0
-36.0,-3.0,,-221.0,47.0,283.0,-245.0,-1228.0,,218.0
3.0,0.0,,-198.0,37.0,70.0,-361.0,-918.0,,297.0
13.0,-172.0,,-179.0,-47.0,325.0,-160.0,-875.0,,367.0
66.0,-224.0,,-169.0,-59.0,597.0,165.0,-1021.0,,437.0
13.0,-127.0,,-149.0,-41.0,651.0,226.0,-1058.0,,491.0
55.0,-140.0,,-128.0,-51.0,571.0,95.0,-1273.0,,533.0
61.0,-266.0,,-89.0,3.0,485.0,-100.0,-1127.0,,570.0
-12.0,-286.0,,-63.0,42.0,360.0,8.0,-1066.0,,595.0
43.0,-153.0,,-41.0,49.0,118.0,400.0,-737.0,,615.0
33.0,-58.0,,-27.0,90.0,14.0,472.0,-491.0,,632.0
42.0,-34.0,,-34.0,76.0,-9.0,302.0,-424.0,,636.0
19.0,60.0,,-6.0,47.0,145.0,-76.0,-258.0,,644.0
107.0,185.0,,17.0,60.0,419.0,-241.0,-511.0,,647.0
76.0,246.0,,37.0,5.0,642.0,34.0,-474.0,,647.0
75.0,323.0,,69.0,-51.0,794.0,453.0,-509.0,,648.0
99.0,423.0,,86.0,-54.0,1029.0,499.0,-530.0,,620.0
88.0,456.0,,100.0,-96.0,1171.0,0.0,-500.0,,589.0
91.0,390.0,,114.0,-101.0,1101.0,-260.0,-556.0,,544.0
132.0,318.0,,119.0,-94.0,898.0,-56.0,-214.0,,478.0
208.0,291.0,,118.0,-124.0,346.0,345.0,-206.0,,422.0
89.0,221.0,,122.0,-94.0,-89.0,539.0,-96.0,,345.0
133.0,105.0,,124.0,-116.0,-128.0,403.0,-151.0,,266.0
173.0,-2.0,,120.0,-188.0,102.0,134.0,-297.0,,198.0
215.0,-92.0,,91.0,-181.0,26.0,59.0,-125.0,,122.0
163.0,-263.0,,58.0,-178.0,-418.0,197.0,-210.0,,45.0
166.0,-448.0,,37.0,-141.0,-419.0,290.0,-60.0,,-44.0
226.0,-431.0,,3.0,-40.0,-96.0,202.0,-75.0,,-130.0
188.0,-263.0,,-36.0,-17.0,-25.0,-59.0,12.0,,-202.0
271.0,-140.0,,-76.0,-15.0,-227.0,-96.0,29.0,,-265.0
212.0,-24.0,,-90.0,-3.0,-236.0,60.0,-123.0,,-312.0
218.0,222.0,,-97.0,-44.0,1.0,221.0,62.0,,-342.0
212.0,397.0,,-113.0,-29.0,168.0,76.0,-66.0,,-355.0
239.0,384.0,,-112.0,-18.0,174.0,-52.0,-7.0,,-355.0
186.0,274.0,,-89.0,-70.0,93.0,168.0,-136.0,,-350.0
184.0,206.0,,-62.0,-61.0,137.0,354.0,-219.0,,-335.0
293.0,191.0,,-57.0,-60.0,509.0,229.0,-64.0,,-310.0
236.0,61.0,,-48.0,-73.0,801.0,-17.0,-81.0,,-290.0
241.0,-126.0,,-23.0,-35.0,678.0,102.0,291.0,,-276.0
202.0,-210.0,,2.0,-53.0,485.0,300.0,360.0,,-280.0
228.0,-171.0,,0.0,-68.0,573.0,279.0,469.0,,-289.0
176.0,-168.0,,-15.0,-24.0,697.0,-6.0,380.0,,-297.0
190.0,-158.0,,-3.0,-21.0,446.0,-167.0,103.0,,-310.0
224.0,-59.0,,1.0,10.0,182.0,54.0,120.0,,-314.0
190.0,37.0,,-5.0,59.0,170.0,411.0,-49.0,,-310.0
259.0,28.0,,-6.0,54.0,262.0,328.0,160.0,,-310.0
233.0,-90.0,,-6.0,85.0,143.0,-175.0,181.0,,-315.0
234.0,22.0,,17.0,75.0,-131.0,-323.0,323.0,,-332.0
176.0,269.0,,38.0,15.0,-108.0,-51.0,448.0,,-364.0
205.0,370.0,,55.0,23.0,133.0,272.0,195.0,,-399.0
193.0,286.0,,76.0,1.0,294.0,175.0,145.0,,-432.0
127.0,114.0,,65.0,-38.0,212.0,-2.0,-219.0,,-467.0
172.0,158.0,,27.0,-30.0,210.0,-68.0,-258.0,,-498.0
157.0,227.0,,-2.0,-77.0,357.0,-20.0,-273.0,,-514.0
193.0,216.0,,-28.0,-106.0,343.0,44.0,-254.0,,-511.0
177.0,336.0,,-51.0,-86.0,220.0,-65.0,-114.0,,-499.0
218.0,526.0,,-72.0,-117.0,175.0,-206.0,-216.0,,-465.0
175.0,592.0,,-101.0,-80.0,344.0,-256.0,44.0,,-416.0
126.0,498.0,,-127.0,-8.0,394.0,-186.0,-55.0,,-376.0
220.0,455.0,,-146.0,-3.0,254.0,-201.0,-14.0,,-326.0
185.0,421.0,,-162.0,32.0,39.0,-15.0,94.0,,-279.0
213.0,189.0,,-195.0,56.0,-319.0,76.0,86.0,,-240.0
182.0,-91.0,,-245.0,68.0,-443.0,71.0,358.0,,-217.0
177.0,-225.0,,-272.0,146.0,-377.0,-103.0,352.0,,-218.0
194.0,-176.0,,-278.0,162.0,-457.0,-495.0,624.0,,-244.0
180.0,-86.0,,-285.0,137.0,-674.0,-495.0,631.0,,-302.0
208.0,-124.0,,-288.0,159.0,-872.0,-85.0,620.0,,-367.0
152.0,-180.0,,-285.0,132.0,-857.0,254.0,620.0,,-434.0
209.0,-150.0,,-279.0,113.0,-889.0,5.0,351.0,,-516.0
164.0,-77.0,,-282.0,110.0,-1156.0,-420.0,421.0,,-571.0
101.0,-25.0,,-296.0,56.0,-1429.0,-564.0,218.0,,-598.0
84.0,88.0,,-311.0,61.0,-1489.0,-237.0,328.0,,-628.0
63.0,168.0,,-318.0,74.0,-1393.0,102.0,367.0,,-636.0
70.0,45.0,,-312.0,57.0,-1307.0,104.0,439.0,,-620.0
-32.0,-90.0,,-326.0,101.0,-1171.0,-285.0,691.0,,-589.0
-32.0,-72.0,,-330.0,122.0,-977.0,-584.0,463.0,,-523.0
-51.0,13.0,,-311.0,103.0,-609.0,-440.0,648.0,,-427.0
-85.0,-38.0,,-296.0,115.0,-363.0,-382.0,609.0,,-318.0
-83.0,-116.0,,-286.0,78.0,-468.0,-327.0,709.0,,-201.0
-150.0,-75.0,,-280.0,50.0,-668.0,-352.0,896.0,,-75.0
-187.0,-72.0,,-259.0,70.0,-959.0,-283.0,842.0,,39.0
-182.0,-205.0,,-238.0,18.0,-1168.0,-180.0,977.0,,138.0
-157.0,-302.0,,-212.0,-19.0,-1454.0,-134.0,668.0,,219.0
-184.0,-253.0,,-169.0,-7.0,-1770.0,-245.0,519.0,,276.0
-257.0,-213.0,,-128.0,-25.0,-1926.0,-444.0,197.0,,295.0
-242.0,-222.0,,-110.0,-4.0,-1930.0,-435.0,18.0,,294.0
-236.0,-86.0,,-108.0,-7.0,-1782.0,-360.0,171.0,,284.0
-279.0,129.0,,-93.0,-69.0,-1818.0,-367.0,162.0,,266.0
-247.0,185.0,,-89.0,-53.0,-1823.0,-447.0,443.0,,254.0
-232.0,155.0,,-84.0,-51.0,-1667.0,-242.0,478.0,,230.0
-235.0,143.0,,-70.0,-94.0,-1522.0,-214.0,611.0,,208.0
-209.0,186.0,,-69.0,-72.0,-1506.0,-501.0,517.0,,182.0
-198.0,130.0,,-54.0,-80.0,-1684.0,-799.0,229.0,,141.0
-207.0,-89.0,,-43.0,-76.0,-1888.0,-695.0,247.0,,101.0
-239.0,-208.0,,-41.0,-23.0,-1892.0,-273.0,169.0,,63.0
-194.0,-224.0,,-30.0,-37.0,-1742.0,-43.0,426.0,,26.0
-217.0,-231.0,,-18.0,-36.0,-1806.0,-154.0,506.0,,-3.0
-310.0,-285.0,,-4.0,-7.0,-1986.0,-458.0,591.0,,-34.0
-214.0,-339.0,,3.0,-34.0,-1955.0,-568.0,724.0,,-67.0
-273.0,-215.0,,17.0,-36.0,-1721.0,-672.0,667.0,,-93.0
-312.0,-119.0,,24.0,-16.0,-1462.0,-526.0,801.0,,-131.0
-317.0,-188.0,,22.0,-27.0,-1344.0,-331.0,615.0,,-169.0
-326.0,-101.0,,13.0,8.0,-1351.0,-255.0,663.0,,-214.0
-350.0,102.0,,-23.0,27.0,-1130.0,-329.0,672.0,,-254.0
-404.0,129.0,,-45.0,-17.0,-844.0,-471.0,528.0,,-294.0
-320.0,80.0,,-61.0,-23.0,-885.0,-473.0,546.0,,-327.0
-415.0,199.0,,-77.0,-57.0,-1108.0,-503.0,358.0,,-340.0
-385.0,290.0,,-79.0,-134.0,-1235.0,-497.0,509.0,,-354.0
-468.0,129.0,,-104.0,-144.0,-1171.0,-507.0,478.0,,-343.0
-434.0,-76.0,,-164.0,-155.0,-1067.0,-378.0,585.0,,-326.0
-489.0,-71.0,,-202.0,-164.0,-1024.0,-343.0,803.0,,-303.0
-489.0,118.0,,-207.0,-143.0,-1143.0,-255.0,879.0,,-276.0
-427.0,147.0,,-227.0,-160.0,-1155.0,-300.0,1271.0,,-244.0
-574.0,60.0,,-263.0,-122.0,-914.0,-498.0,1256.0,,-208.0
-449.0,36.0,,-327.0,-35.0,-833.0,-572.0,1328.0,,-165.0
-557.0,69.0,,-376.0,-6.0,-1026.0,-472.0,1171.0,,-104.0
-459.0,101.0,,-377.0,32.0,-1270.0,-119.0,838.0,,-55.0
-595.0,-30.0,,-348.0,86.0,-1326.0,-111.0,589.0,,0.0
-467.0,-152.0,,-314.0,89.0,-1197.0,-260.0,134.0,,56.0
-412.0,-147.0,,-305.0,83.0,-1189.0,-438.0,208.0,,104.0
-521.0,-212.0,,-273.0,69.0,-1315.0,-545.0,216.0,,162.0
-408.0,-421.0,,-224.0,44.0,-1310.0,-529.0,487.0,,223.0
-548.0,-453.0,,-201.0,97.0,-1258.0,-419.0,798.0,,283.0
-328.0,-290.0,,-187.0,150.0,-1320.0,-294.0,885.0,,343.0
-461.0,-318.0,,-196.0,156.0,-1429.0,-296.0,1058.0,,400.0
-297.0,-448.0,,-229.0,195.0,-1287.0,-312.0,777.0,,451.0
-380.0,-433.0,,-277.0,202.0,-1049.0,-398.0,742.0,,501.0
-382.0,-282.0,,-322.0,149.0,-1103.0,-448.0,580.0,,536.0
-231.0,-208.0,,-348.0,113.0,-1310.0,-566.0,519.0,,572.0
-345.0,-155.0,,-383.0,68.0,-1459.0,-501.0,609.0,,602.0
-233.0,82.0,,-422.0,39.0,-1441.0,-276.0,563.0,,603.0
-372.0,300.0,,-417.0,66.0,-1188.0,-119.0,886.0,,591.0
-119.0,316.0,,-397.0,59.0,-941.0,-205.0,842.0,,574.0
-252.0,297.0,,-390.0,44.0,-865.0,-423.0,862.0,,561.0
-204.0,411.0,,-377.0,54.0,-548.0,-493.0,716.0,,551.0
-184.0,437.0,,-372.0,4.0,-169.0,-542.0,465.0,,545.0
-277.0,206.0,,-345.0,-47.0,20.0,-525.0,410.0,,551.0
-115.0,52.0,,-311.0,-66.0,81.0,-363.0,42.0,,567.0
-278.0,25.0,,-314.0,-112.0,-43.0,-143.0,118.0,,584.0
-176.0,-64.0,,-281.0,-141.0,31.0,-181.0,144.0,,596.0
-295.0,-168.0,,-211.0,-144.0,90.0,-335.0,230.0,,611.0
-184.0,-219.0,,-131.0,-171.0,-107.0,-432.0,273.0,,631.0
-219.0,-61.0,,-54.0,-167.0,-416.0,-432.0,118.0,,649.0
-375.0,117.0,,-24.0,-163.0,-603.0,-276.0,332.0,,659.0
-259.0,51.0,,11.0,-195.0,-401.0,-119.0,365.0,,648.0
-358.0,-39.0,,41.0,-175.0,-85.0,-181.0,644.0,,620.0
-277.0,62.0,,43.0,-155.0,181.0,-383.0,630.0,,577.0
-403.0,101.0,,54.0,-148.0,236.0,-542.0,607.0,,518.0
-353.0,-115.0,,50.0,-86.0,229.0,-528.0,899.0,,446.0
-389.0,-207.0,,61.0,-58.0,353.0,-461.0,864.0,,380.0
-474.0,-115.0,,65.0,-61.0,449.0,-479.0,999.0,,308.0
-368.0,-88.0,,51.0,-17.0,386.0,-376.0,757.0,,246.0
-563.0,-162.0,,38.0,-1.0,-41.0,-296.0,691.0,,199.0
-416.0,-180.0,,0.0,2.0,-304.0,-211.0,676.0,,156.0
-507.0,-35.0,,-40.0,45.0,-219.0,-183.0,570.0,,139.0
-498.0,-28.0,,-70.0,41.0,-172.0,-226.0,752.0,,128.0
-599.0,-208.0,,-71.0,40.0,-318.0,-363.0,665.0,,130.0
-649.0,-233.0,,-69.0,77.0,-530.0,-386.0,909.0,,145.0
-452.0,-109.0,,-70.0,59.0,-216.0,-230.0,757.0,,142.0
-662.0,-74.0,,-42.0,53.0,294.0,-84.0,522.0,,126.0
-551.0,-122.0,,-6.0,70.0,484.0,-52.0,495.0,,107.0
-743.0,-45.0,,45.0,49.0,678.0,-375.0,421.0,,75.0
-636.0,118.0,,86.0,57.0,1171.0,-562.0,779.0,,14.0
-697.0,122.0,,98.0,53.0,1678.0,-520.0,781.0,,-43.0
-716.0,-24.0,,90.0,0.0,1954.0,-197.0,958.0,,-89.0
-624.0,-14.0,,79.0,-2.0,1890.0,128.0,921.0,,-118.0
-780.0,189.0,,66.0,-9.0,1708.0,226.0,703.0,,-120.0
-559.0,164.0,,35.0,-52.0,1848.0,123.0,744.0,,-104.0
-747.0,-57.0,,-17.0,-31.0,1917.0,-43.0,521.0,,-67.0
-630.0,-20.0,,-88.0,-2.0,1762.0,-61.0,482.0,,-16.0
-770.0,236.0,,-140.0,25.0,1481.0,-155.0,173.0,,44.0
-617.0,252.0,,-184.0,104.0,1402.0,-171.0,103.0,,106.0
-606.0,87.0,,-235.0,150.0,1596.0,-131.0,97.0,,166.0
-672.0,163.0,,-260.0,194.0,1664.0,78.0,18.0,,208.0
-535.0,315.0,,-260.0,261.0,1543.0,188.0,242.0,,234.0
-700.0,265.0,,-267.0,257.0,1412.0,191.0,131.0,,259.0
-511.0,95.0,,-276.0,212.0,1618.0,108.0,290.0,,265.0
-670.0,54.0,,-270.0,183.0,1859.0,-42.0,256.0,,263.0
-467.0,168.0,,-260.0,132.0,1999.0,-32.0,138.0,,274.0
-622.0,54.0,,-243.0,117.0,2023.0,116.0,20.0,,288.0
-475.0,-169.0,,-232.0,136.0,2070.0,350.0,-243.0,,308.0
-494.0,-128.0,,-231.0,107.0,2358.0,447.0,-36.0,,337.0
-566.0,-93.0,,-200.0,96.0,2499.0,417.0,-90.0,,365.0
-443.0,-196.0,,-166.0,63.0,2322.0,70.0,-5.0,,375.0
-602.0,-325.0,,-142.0,-5.0,2111.0,-114.0,72.0,,366.0
-318.0,-336.0,,-115.0,-26.0,2156.0,-79.0,27.0,,333.0
-599.0,-230.0,,-91.0,-32.0,2161.0,103.0,103.0,,287.0
-349.0,-216.0,,-83.0,-54.0,1827.0,373.0,-88.0,,236.0
-541.0,-265.0,,-77.0,-46.0,1340.0,501.0,1.0,,178.0
-407.0,-249.0,,-86.0,-53.0,1204.0,430.0,-25.0,,116.0
-390.0,-197.0,,-121.0,-85.0,1343.0,103.0,109.0,,56.0
-476.0,-323.0,,-158.0,-73.0,1283.0,-71.0,286.0,,2.0
-296.0,-415.0,,-204.0,-105.0,1079.0,-57.0,145.0,,-42.0
-581.0,-371.0,,-272.0,-152.0,1088.0,126.0,271.0,,-66.0
-237.0,-404.0,,-325.0,-160.0,1325.0,330.0,208.0,,-93.0
-505.0,-511.0,,-347.0,-203.0,1391.0,536.0,280.0,,-114.0
-334.0,-621.0,,-372.0,-222.0,1364.0,345.0,286.0,,-119.0
-560.0,-615.0,,-383.0,-203.0,1281.0,79.0,304.0,,-112.0
-460.0,-642.0,,-400.0,-204.0,1250.0,41.0,565.0,,-87.0
-392.0,-736.0,,-425.0,-169.0,1450.0,-46.0,467.0,,-61.0
-488.0,-713.0,,-439.0,-118.0,1613.0,-5.0,408.0,,-19.0
-289.0,-503.0,,-447.0,-120.0,1669.0,255.0,29.0,,23.0
-610.0,-266.0,,-434.0,-110.0,1501.0,694.0,-341.0,,63.0
-306.0,-223.0,,-451.0,-74.0,1269.0,619.0,-587.0,,101.0
-487.0,-141.0,,-484.0,-43.0,1109.0,266.0,-816.0,,124.0
-343.0,63.0,,-507.0,14.0,757.0,20.0,-607.0,,150.0
-498.0,103.0,,-519.0,67.0,346.0,40.0,-552.0,,159.0
-356.0,61.0,,-517.0,105.0,88.0,135.0,-262.0,,158.0
-306.0,156.0,,-505.0,171.0,203.0,288.0,-214.0,,153.0
-455.0,284.0,,-459.0,199.0,388.0,566.0,-386.0,,142.0
-359.0,236.0,,-410.0,168.0,260.0,533.0,-354.0,,120.0
-510.0,59.0,,-407.0,149.0,189.0,385.0,-509.0,,83.0
-314.0,42.0,,-414.0,127.0,333.0,194.0,-328.0,,48.0
-467.0,182.0,,-406.0,103.0,579.0,95.0,-315.0,,-7.0
-353.0,232.0,,-419.0,112.0,525.0,-1.0,-192.0,,-59.0
-567.0,141.0,,-429.0,122.0,372.0,166.0,-166.0,,-108.0
-446.0,136.0,,-450.0,123.0,471.0,554.0,-382.0,,-168.0
-496.0,275.0,,-484.0,149.0,574.0,713.0,-310.0,,-219.0
-461.0,271.0,,-485.0,152.0,569.0,479.0,-554.0,,-252.0
-493.0,105.0,,-475.0,99.0,369.0,143.0,-495.0,,-259.0
-544.0,146.0,,-438.0,40.0,501.0,-6.0,-535.0,,-246.0
-413.0,290.0,,-393.0,-45.0,954.0,-90.0,-611.0,,-223.0
-598.0,170.0,,-370.0,-121.0,1174.0,198.0,-580.0,,-213.0
-388.0,3.0,,-365.0,-124.0,1176.0,545.0,-840.0,,-204.0
-632.0,31.0,,-370.0,-120.0,1133.0,447.0,-866.0,,-210.0
-422.0,168.0,,-349.0,-105.0,1172.0,43.0,-1221.0,,-235.0
-518.0,102.0,,-318.0,-50.0,1340.0,-9.0,-1271.0,,-276.0
-332.0,-99.0,,-290.0,-14.0,1450.0,215.0,-1241.0,,-339.0
-373.0,-89.0,,-247.0,3.0,1311.0,347.0,-1243.0,,-385.0
-432.0,-1.0,,-211.0,7.0,1097.0,354.0,-970.0,,-421.0
-187.0,-42.0,,-207.0,-39.0,799.0,370.0,-1053.0,,-427.0
-299.0,-133.0,,-194.0,-81.0,740.0,426.0,-877.0,,-407.0
-95.0,-51.0,,-164.0,-107.0,578.0,325.0,-923.0,,-370.0
-307.0,33.0,,-146.0,-162.0,233.0,230.0,-788.0,,-310.0
-31.0,-39.0,,-135.0,-169.0,194.0,101.0,-580.0,,-249.0
-131.0,-121.0,,-166.0,-125.0,162.0,69.0,-569.0,,-183.0
-43.0,-57.0,,-165.0,-96.0,370.0,144.0,-214.0,,-137.0
-110.0,108.0,,-116.0,-45.0,428.0,331.0,-240.0,,-94.0
-118.0,89.0,,-72.0,-13.0,340.0,330.0,-75.0,,-54.0
110.0,44.0,,-4.0,-31.0,509.0,186.0,-88.0,,-34.0
8.0,173.0,,61.0,-10.0,663.0,267.0,-229.0,,1.0
131.0,364.0,,128.0,3.0,780.0,413.0,-295.0,,37.0
-7.0,443.0,,190.0,13.0,713.0,253.0,-561.0,,54.0
213.0,454.0,,238.0,82.0,553.0,-42.0,-336.0,,86.0
114.0,565.0,,279.0,93.0,477.0,176.0,-328.0,,114.0
149.0,607.0,,313.0,74.0,485.0,434.0,-171.0,,142.0
144.0,488.0,,335.0,105.0,334.0,278.0,-90.0,,172.0
251.0,331.0,,349.0,97.0,70.0,-173.0,-186.0,,181.0
275.0,283.0,,362.0,83.0,-198.0,-216.0,-18.0,,194.0
189.0,266.0,,353.0,103.0,-327.0,110.0,-149.0,,187.0
255.0,107.0,,349.0,82.0,-87.0,366.0,-33.0,,176.0
152.0,-4.0,,359.0,66.0,-34.0,405.0,-182.0,,169.0
362.0,-4.0,,364.0,80.0,-127.0,232.0,-205.0,,146.0
262.0,-57.0,,342.0,58.0,-95.0,56.0,-134.0,,136.0
386.0,-159.0,,312.0,68.0,-196.0,-61.0,-367.0,,126.0
252.0,-157.0,,283.0,65.0,-254.0,167.0,-195.0,,127.0
399.0,-32.0,,238.0,0.0,-519.0,137.0,-299.0,,135.0
425.0,-18.0,,211.0,0.0,-1024.0,36.0,-314.0,,142.0
271.0,-83.0,,199.0,-13.0,-1213.0,-7.0,-493.0,,159.0
438.0,-48.0,,183.0,-74.0,-1284.0,31.0,-593.0,,179.0
371.0,121.0,,159.0,-67.0,-1397.0,67.0,-463.0,,219.0
559.0,102.0,,145.0,-63.0,-1352.0,-130.0,-613.0,,269.0
380.0,-96.0,,157.0,-83.0,-1249.0,-158.0,-291.0,,317.0
560.0,-72.0,,153.0,-81.0,-1181.0,-129.0,-310.0,,362.0
524.0,-30.0,,109.0,-140.0,-1043.0,110.0,-212.0,,403.0
497.0,-89.0,,71.0,-204.0,-922.0,194.0,16.0,,436.0
619.0,-173.0,,55.0,-201.0,-817.0,266.0,-16.0,,465.0
569.0,-162.0,,30.0,-236.0,-435.0,158.0,179.0,,488.0
724.0,-120.0,,11.0,-229.0,-155.0,-83.0,66.0,,497.0
526.0,-202.0,,10.0,-135.0,-290.0,-188.0,55.0,,497.0
722.0,-276.0,,-5.0,-105.0,-513.0,-138.0,-166.0,,488.0
648.0,-185.0,,-15.0,-98.0,-687.0,138.0,-227.0,,461.0
662.0,20.0,,-2.0,-67.0,-665.0,204.0,-92.0,,430.0
727.0,-33.0,,3.0,-65.0,-774.0,236.0,-205.0,,394.0
603.0,-149.0,,0.0,-35.0,-1239.0,155.0,-29.0,,355.0
668.0,-60.0,,-3.0,4.0,-1636.0,176.0,-73.0,,325.0
539.0,74.0,,3.0,9.0,-1919.0,114.0,114.0,,314.0
648.0,54.0,,9.0,48.0,-2164.0,1.0,218.0,,320.0
484.0,-69.0,,1.0,90.0,-2308.0,-64.0,194.0,,340.0
551.0,41.0,,27.0,97.0,-2487.0,98.0,402.0,,385.0
601.0,125.0,,43.0,122.0,-2592.0,344.0,363.0,,443.0
491.0,-41.0,,48.0,121.0,-2445.0,274.0,572.0,,512.0
510.0,-211.0,,65.0,88.0,-2294.0,218.0,609.0,,576.0
408.0,-209.0,,58.0,78.0,-1997.0,-36.0,679.0,,613.0
519.0,-86.0,,55.0,37.0,-1711.0,-127.0,679.0,,637.0
347.0,-173.0,,40.0,13.0,-1614.0,-124.0,399.0,,650.0
401.0,-356.0,,2.0,55.0,-1298.0,99.0,230.0,,639.0
353.0,-256.0,,-38.0,59.0,-1146.0,363.0,-112.0,,587.0
367.0,-83.0,,-59.0,49.0,-1207.0,431.0,-7.0,,512.0
435.0,-114.0,,-69.0,82.0,-1343.0,303.0,62.0,,430.0
295.0,-152.0,,-66.0,90.0,-1552.0,35.0,70.0,,346.0
375.0,-28.0,,-67.0,86.0,-1484.0,12.0,262.0,,271.0
238.0,17.0,,-79.0,73.0,-1621.0,118.0,201.0,,209.0
482.0,-70.0,,-57.0,26.0,-1934.0,316.0,275.0,,159.0
425.0,-132.0,,-34.0,22.0,-1987.0,294.0,134.0,,114.0
406.0,-119.0,,-7.0,30.0,-1787.0,400.0,153.0,,77.0
422.0,-60.0,,9.0,-2.0,-1617.0,241.0,210.0,,44.0
387.0,-146.0,,21.0,-14.0,-1935.0,28.0,199.0,,16.0
560.0,-250.0,,55.0,0.0,-2198.0,227.0,526.0,,-2.0
391.0,-132.0,,100.0,23.0,-2126.0,473.0,397.0,,-14.0
549.0,1.0,,146.0,55.0,-1880.0,333.0,301.0,,-11.0
452.0,-28.0,,166.0,59.0,-1738.0,66.0,317.0,,-16.0
543.0,-27.0,,186.0,48.0,-1878.0,486.0,406.0,,-24.0
513.0,108.0,,191.0,58.0,-1844.0,694.0,594.0,,-9.0
454.0,225.0,,219.0,49.0,-1606.0,618.0,583.0,,11.0
511.0,198.0,,242.0,8.0,-1362.0,348.0,755.0,,41.0
402.0,105.0,,230.0,-18.0,-1310.0,177.0,471.0,,81.0
506.0,139.0,,203.0,-39.0,-1175.0,229.0,140.0,,138.0
424.0,118.0,,171.0,-70.0,-951.0,221.0,-25.0,,200.0
510.0,-58.0,,166.0,-110.0,-842.0,413.0,-254.0,,257.0
361.0,-129.0,,165.0,-175.0,-811.0,618.0,-229.0,,314.0
397.0,-110.0,,169.0,-231.0,-893.0,620.0,-323.0,,362.0
368.0,-105.0,,169.0,-220.0,-770.0,312.0,-182.0,,417.0
377.0,-121.0,,160.0,-194.0,-769.0,224.0,-88.0,,467.0
360.0,-99.0,,157.0,-188.0,-904.0,260.0,-9.0,,526.0
295.0,44.0,,169.0,-152.0,-966.0,391.0,-14.0,,575.0
432.0,79.0,,184.0,-121.0,-1026.0,504.0,-151.0,,605.0
262.0,17.0,,204.0,-124.0,-895.0,537.0,77.0,,627.0
293.0,37.0,,222.0,-91.0,-799.0,355.0,25.0,,641.0
177.0,90.0,,226.0,-38.0,-636.0,79.0,218.0,,658.0
328.0,64.0,,224.0,16.0,-328.0,217.0,284.0,,656.0
279.0,-60.0,,197.0,65.0,-133.0,331.0,291.0,,667.0
202.0,-72.0,,157.0,55.0,8.0,352.0,606.0,,685.0
194.0,-34.0,,138.0,45.0,160.0,199.0,537.0,,707.0
126.0,-47.0,,143.0,69.0,198.0,367.0,726.0,,737.0
269.0,-66.0,,141.0,84.0,198.0,541.0,628.0,,767.0
93.0,-45.0,,143.0,100.0,402.0,442.0,515.0,,810.0
173.0,11.0,,129.0,102.0,619.0,192.0,373.0,,858.0
98.0,1.0,,87.0,62.0,419.0,-7.0,138.0,,915.0
190.0,-71.0,,73.0,55.0,62.0,373.0,349.0,,971.0
82.0,-75.0,,79.0,82.0,83.0,427.0,358.0,,1035.0
28.0,29.0,,92.0,85.0,321.0,283.0,783.0,,1098.0
157.0,5.0,,94.0,88.0,567.0,152.0,929.0,,1129.0
30.0,-59.0,,96.0,81.0,596.0,229.0,868.0,,1147.0
197.0,-25.0,,86.0,35.0,557.0,302.0,923.0,,1144.0
51.0,52.0,,64.0,-16.0,783.0,81.0,726.0,,1121.0
235.0,77.0,,62.0,-63.0,943.0,257.0,837.0,,1085.0
159.0,63.0,,55.0,-117.0,794.0,485.0,519.0,,1034.0
117.0,128.0,,44.0,-148.0,381.0,400.0,406.0,,990.0
184.0,133.0,,46.0,-176.0,166.0,126.0,293.0,,936.0
93.0,52.0,,66.0,-199.0,133.0,123.0,88.0,,871.0
349.0,-65.0,,110.0,-167.0,10.0,140.0,336.0,,829.0
183.0,-54.0,,150.0,-135.0,-87.0,87.0,304.0,,787.0
362.0,-15.0,,178.0,-103.0,-154.0,75.0,443.0,,737.0
253.0,-105.0,,207.0,-47.0,63.0,130.0,199.0,,706.0
344.0,-118.0,,226.0,-39.0,312.0,123.0,99.0,,668.0
409.0,4.0,,212.0,-36.0,475.0,38.0,186.0,,611.0
294.0,98.0,,200.0,8.0,547.0,325.0,64.0,,546.0
523.0,75.0,,233.0,26.0,443.0,359.0,336.0,,461.0
366.0,105.0,,264.0,42.0,472.0,146.0,177.0,,361.0
566.0,151.0,,298.0,78.0,521.0,13.0,282.0,,247.0
360.0,186.0,,339.0,70.0,628.0,229.0,332.0,,138.0
494.0,105.0,,362.0,67.0,799.0,354.0,190.0,,34.0
563.0,-104.0,,399.0,76.0,1177.0,131.0,194.0,,-64.0
499.0,-144.0,,439.0,45.0,1629.0,-4.0,-38.0,,-141.0
578.0,-140.0,,465.0,49.0,1721.0,12.0,157.0,,-207.0
429.0,-219.0,,466.0,53.0,1679.0,112.0,49.0,,-249.0
669.0,-270.0,,465.0,12.0,1848.0,35.0,62.0,,-274.0
520.0,-162.0,,453.0,29.0,2220.0,269.0,214.0,,-297.0
625.0,-5.0,,433.0,60.0,2115.0,250.0,260.0,,-301.0
520.0,-38.0,,438.0,55.0,1538.0,43.0,537.0,,-306.0
612.0,-96.0,,451.0,90.0,1167.0,-11.0,378.0,,-316.0
674.0,38.0,,472.0,111.0,1152.0,93.0,421.0,,-321.0
582.0,179.0,,488.0,127.0,1217.0,247.0,319.0,,-319.0
690.0,145.0,,505.0,185.0,1193.0,114.0,384.0,,-316.0
540.0,157.0,,522.0,179.0,1222.0,239.0,611.0,,-304.0
684.0,239.0,,527.0,152.0,1302.0,149.0,463.0,,-292.0
515.0,252.0,,532.0,140.0,1393.0,11.0,628.0,,-272.0
647.0,196.0,,529.0,55.0,1396.0,-59.0,434.0,,-229.0
624.0,130.0,,520.0,2.0,1356.0,14.0,310.0,,-190.0
567.0,160.0,,496.0,0.0,1304.0,22.0,157.0,,-144.0
535.0,147.0,,451.0,-64.0,1299.0,17.0,64.0,,-108.0
443.0,-12.0,,422.0,-80.0,1441.0,144.0,267.0,,-77.0
569.0,-118.0,,406.0,-60.0,1499.0,-107.0,123.0,,-34.0
438.0,-5.0,,410.0,-94.0,1409.0,-90.0,303.0,,8.0
550.0,76.0,,424.0,-74.0,1198.0,-69.0,203.0,,58.0
378.0,78.0,,447.0,-38.0,906.0,-11.0,147.0,,112.0
443.0,202.0,,463.0,-30.0,739.0,-180.0,232.0,,173.0
398.0,366.0,,426.0,41.0,646.0,-279.0,173.0,,233.0
379.0,436.0,,387.0,99.0,436.0,-60.0,354.0,,287.0
374.0,371.0,,356.0,118.0,394.0,-63.0,79.0,,316.0
279.0,316.0,,328.0,175.0,632.0,-210.0,-9.0,,338.0
428.0,312.0,,302.0,169.0,767.0,-469.0,-96.0,,353.0
267.0,278.0,,274.0,112.0,659.0,-190.0,-199.0,,369.0
340.0,169.0,,256.0,95.0,663.0,-54.0,-162.0,,405.0
191.0,105.0,,232.0,47.0,821.0,18.0,-380.0,,428.0
283.0,155.0,,215.0,15.0,703.0,-38.0,-306.0,,476.0
250.0,186.0,,205.0,13.0,413.0,-101.0,-388.0,,533.0
224.0,233.0,,210.0,-46.0,267.0,-17.0,-286.0,,587.0
320.0,340.0,,197.0,-72.0,291.0,-238.0,-155.0,,654.0
216.0,448.0,,189.0,-73.0,184.0,-181.0,-168.0,,723.0
344.0,459.0,,197.0,-109.0,-173.0,-465.0,20.0,,811.0
211.0,402.0,,193.0,-75.0,-338.0,-485.0,-169.0,,912.0
340.0,311.0,,192.0,-24.0,-142.0,-133.0,-175.0,,1012.0
290.0,303.0,,193.0,-15.0,185.0,148.0,-365.0,,1098.0
369.0,329.0,,194.0,31.0,628.0,15.0,-648.0,,1162.0
370.0,242.0,,190.0,44.0,1091.0,-327.0,-726.0,,1194.0
251.0,249.0,,189.0,49.0,1391.0,-255.0,-938.0,,1178.0
347.0,276.0,,200.0,122.0,1412.0,-337.0,-790.0,,1122.0
197.0,274.0,,225.0,125.0,1261.0,-115.0,-885.0,,1031.0
281.0,317.0,,263.0,103.0,1195.0,-32.0,-896.0,,923.0
264.0,335.0,,297.0,127.0,1024.0,-99.0,-890.0,,811.0
319.0,421.0,,307.0,93.0,753.0,-333.0,-947.0,,707.0
231.0,438.0,,276.0,51.0,571.0,-554.0,-707.0,,601.0
158.0,328.0,,252.0,58.0,534.0,-419.0,-698.0,,493.0
220.0,353.0,,256.0,52.0,573.0,-367.0,-301.0,,398.0
115.0,433.0,,238.0,52.0,575.0,-197.0,-210.0,,316.0
127.0,362.0,,217.0,54.0,590.0,-171.0,-273.0,,257.0
58.0,232.0,,207.0,18.0,715.0,-90.0,-273.0,,214.0
136.0,185.0,,197.0,6.0,1012.0,-289.0,-467.0,,200.0
114.0,119.0,,189.0,-10.0,1260.0,-347.0,-210.0,,198.0
-2.0,-48.0,,176.0,-57.0,1291.0,-211.0,-336.0,,204.0
25.0,-189.0,,172.0,-73.0,1180.0,-229.0,-314.0,,216.0
47.0,-264.0,,142.0,-121.0,1067.0,-314.0,-356.0,,205.0
98.0,-320.0,,130.0,-191.0,880.0,-472.0,-530.0,,194.0
56.0,-373.0,,150.0,-201.0,702.0,-117.0,-386.0,,198.0
49.0,-355.0,,143.0,-228.0,597.0,-157.0,-391.0,,202.0
53.0,-338.0,,132.0,-257.0,519.0,-283.0,-14.0,,208.0
84.0,-382.0,,103.0,-252.0,536.0,-324.0,64.0,,221.0
27.0,-376.0,,65.0,-285.0,522.0,-406.0,201.0,,243.0
-36.0,-419.0,,36.0,-302.0,399.0,-364.0,347.0,,281.0
21.0,-443.0,,-13.0,-284.0,372.0,-347.0,142.0,,321.0
15.0,-469.0,,-65.0,-253.0,465.0,-96.0,110.0,,373.0
32.0,-538.0,,-90.0,-156.0,260.0,-306.0,-230.0,,445.0
-64.0,-480.0,,-92.0,-38.0,2.0,-420.0,-230.0,,531.0
-47.0,-435.0,,-62.0,51.0,-84.0,-414.0,-164.0,,624.0
-28.0,-437.0,,-28.0,151.0,-166.0,-386.0,-116.0,,707.0
-47.0,-434.0,,-37.0,213.0,-227.0,-339.0,-99.0,,775.0
-23.0,-427.0,,-76.0,207.0,-528.0,-379.0,-375.0,,808.0
-27.0,-335.0,,-93.0,206.0,-987.0,-213.0,-304.0,,814.0
10.0,-193.0,,-108.0,200.0,-1197.0,-391.0,-454.0,,791.0
-52.0,-147.0,,-123.0,226.0,-1154.0,-426.0,-343.0,,738.0
-63.0,-109.0,,-135.0,336.0,-1164.0,-416.0,-297.0,,680.0
-77.0,-48.0,,-161.0,402.0,-1396.0,-325.0,-378.0,,610.0
-34.0,-87.0,,-174.0,413.0,-1711.0,-341.0,-77.0,,544.0
-11.0,-162.0,,-191.0,426.0,-1930.0,-501.0,-173.0,,489.0
0.0,-196.0,,-199.0,379.0,-2051.0,-276.0,-223.0,,446.0
-57.0,-131.0,,-211.0,314.0,-1894.0,-230.0,-593.0,,415.0
-96.0,-48.0,,-228.0,259.0,-1504.0,-255.0,-750.0,,399.0
-79.0,-59.0,,-224.0,180.0,-1145.0,-408.0,-637.0,,396.0
-91.0,-87.0,,-183.0,136.0,-949.0,-398.0,-618.0,,403.0
-61.0,23.0,,-147.0,104.0,-909.0,-405.0,-118.0,,426.0
-159.0,28.0,,-147.0,53.0,-941.0,-405.0,22.0,,452.0
-95.0,-125.0,,-131.0,43.0,-1103.0,-199.0,236.0,,474.0
-107.0,-175.0,,-131.0,13.0,-1194.0,-306.0,123.0,,479.0
-133.0,-163.0,,-122.0,-65.0,-1270.0,-366.0,-83.0,,460.0
-182.0,-164.0,,-101.0,-105.0,-1401.0,-509.0,-14.0,,418.0
-236.0,-242.0,,-108.0,-120.0,-1633.0,-415.0,-251.0,,362.0
-173.0,-165.0,,-108.0,-136.0,-1876.0,-349.0,-70.0,,296.0
-224.0,-53.0,,-131.0,-134.0,-1961.0,-400.0,-94.0,,236.0
-208.0,-41.0,,-163.0,-146.0,-2126.0,-314.0,59.0,,177.0
-263.0,-84.0,,-199.0,-151.0,-2316.0,-389.0,121.0,,121.0
-274.0,-105.0,,-233.0,-120.0,-2396.0,-289.0,-27.0,,76.0
-320.0,-46.0,,-252.0,-107.0,-2236.0,-359.0,223.0,,21.0
-302.0,-107.0,,-280.0,-60.0,-2132.0,-291.0,253.0,,-38.0
-240.0,-112.0,,-298.0,8.0,-2069.0,-344.0,587.0,,-103.0
-253.0,-215.0,,-314.0,10.0,-1904.0,-414.0,598.0,,-180.0
-167.0,-202.0,,-326.0,16.0,-1700.0,-213.0,493.0,,-263.0
-155.0,-94.0,,-328.0,25.0,-1431.0,-235.0,413.0,,-344.0
-216.0,-141.0,,-321.0,24.0,-1432.0,-171.0,59.0,,-419.0
-265.0,-92.0,,-297.0,70.0,-1507.0,-305.0,24.0,,-495.0
-105.0,-107.0,,-266.0,94.0,-1600.0,-267.0,-358.0,,-560.0
-22.0,-72.0,,-235.0,87.0,-1658.0,-283.0,-482.0,,-602.0
-27.0,-125.0,,-198.0,97.0,-1627.0,-295.0,-463.0,,-633.0
-33.0,-183.0,,-160.0,43.0,-1516.0,-162.0,-404.0,,-662.0
-36.0,-137.0,,-129.0,-26.0,-1260.0,-260.0,-77.0,,-695.0
54.0,-144.0,,-110.0,-40.0,-1068.0,-164.0,-127.0,,-718.0
62.0,-90.0,,-103.0,-88.0,-898.0,-279.0,-3.0,,-725.0
95.0,-94.0,,-103.0,-132.0,-703.0,-298.0,-120.0,,-732.0
52.0,-2.0,,-115.0,-134.0,-409.0,-372.0,-260.0,,-731.0
152.0,81.0,,-122.0,-136.0,-339.0,-325.0,-205.0,,-718.0
176.0,132.0,,-121.0,-108.0,-413.0,-173.0,-177.0,,-685.0
111.0,274.0,,-133.0,-101.0,-350.0,-307.0,92.0,,-644.0
140.0,257.0,,-135.0,-124.0,-402.0,-232.0,12.0,,-599.0
154.0,220.0,,-114.0,-94.0,-849.0,-310.0,64.0,,-547.0
269.0,201.0,,-83.0,-61.0,-1287.0,-171.0,24.0,,-497.0
171.0,156.0,,-51.0,-56.0,-1200.0,-211.0,-144.0,,-447.0
281.0,120.0,,-34.0,-15.0,-1010.0,-251.0,-195.0,,-415.0
271.0,49.0,,-38.0,3.0,-880.0,-161.0,-461.0,,-389.0
259.0,37.0,,-38.0,13.0,-888.0,-268.0,-334.0,,-366.0
334.0,56.0,,-31.0,57.0,-625.0,-110.0,-445.0,,-360.0
224.0,95.0,,-68.0,49.0,-85.0,-184.0,-570.0,,-355.0
384.0,64.0,,-96.0,30.0,226.0,-101.0,-630.0,,-358.0
319.0,101.0,,-99.0,45.0,223.0,-202.0,-844.0,,-353.0
425.0,176.0,,-121.0,27.0,-26.0,-203.0,-663.0,,-346.0
299.0,111.0,,-131.0,31.0,26.0,-123.0,-709.0,,-322.0
242.0,170.0,,-130.0,46.0,307.0,-247.0,-461.0,,-287.0
338.0,210.0,,-123.0,24.0,681.0,-42.0,-223.0,,-269.0
229.0,249.0,,-114.0,53.0,903.0,-152.0,-131.0,,-234.0
380.0,262.0,,-110.0,62.0,964.0,-60.0,46.0,,-201.0
196.0,210.0,,-111.0,18.0,1072.0,-227.0,-234.0,,-164.0
327.0,166.0,,-113.0,25.0,1137.0,-239.0,-279.0,,-114.0
115.0,74.0,,-101.0,10.0,1161.0,-101.0,-504.0,,-74.0
140.0,60.0,,-77.0,-11.0,1033.0,-224.0,-580.0,,-38.0
233.0,-25.0,,-27.0,25.0,922.0,-51.0,-517.0,,-7.0
25.0,-59.0,,1.0,31.0,673.0,-275.0,-609.0,,5.0
195.0,-115.0,,0.0,45.0,267.0,-38.0,-295.0,,0.0
-89.0,-197.0,,-10.0,84.0,-171.0,-42.0,-243.0,,-15.0
198.0,-169.0,,-8.0,62.0,-331.0,-135.0,-70.0,,-41.0
-50.0,-224.0,,9.0,64.0,-44.0,-98.0,-101.0,,-64.0
-60.0,-247.0,,4.0,83.0,323.0,-296.0,-147.0,,-92.0
-67.0,-270.0,,-13.0,48.0,444.0,-110.0,29.0,,-112.0
-243.0,-254.0,,-31.0,53.0,234.0,-239.0,-112.0,,-117.0
97.0,-267.0,,-28.0,60.0,220.0,-74.0,66.0,,-119.0
-266.0,-334.0,,-17.0,28.0,392.0,-178.0,-16.0,,-119.0
-49.0,-279.0,,-9.0,5.0,467.0,-128.0,42.0,,-112.0
-368.0,-226.0,,-2.0,-67.0,346.0,18.0,62.0,,-107.0
-206.0,-142.0,,-7.0,-148.0,273.0,-78.0,-107.0,,-103.0
-257.0,-64.0,,-26.0,-173.0,463.0,127.0,68.0,,-91.0
-411.0,-52.0,,-67.0,-210.0,585.0,-143.0,-40.0,,-83.0
-158.0,20.0,,-89.0,-202.0,513.0,-31.0,109.0,,-57.0
-459.0,90.0,,-107.0,-129.0,437.0,-169.0,-101.0,,-29.0
-174.0,150.0,,-139.0,-109.0,776.0,-162.0,-299.0,,7.0
-653.0,165.0,,-162.0,-86.0,1068.0,-91.0,-375.0,,52.0
-368.0,222.0,,-195.0,-51.0,975.0,-256.0,-763.0,,83.0
-428.0,299.0,,-214.0,-57.0,886.0,-49.0,-679.0,,122.0
-389.0,243.0,,-233.0,-11.0,934.0,-251.0,-752.0,,164.0
-292.0,216.0,,-266.0,29.0,1024.0,-9.0,-524.0,,213.0
-624.0,163.0,,-277.0,32.0,657.0,-56.0,-454.0,,267.0
-256.0,126.0,,-271.0,73.0,92.0,-21.0,-511.0,,324.0
-580.0,96.0,,-269.0,73.0,-75.0,18.0,-445.0,,373.0
-262.0,19.0,,-260.0,67.0,123.0,-116.0,-726.0,,402.0
-532.0,17.0,,-252.0,112.0,439.0,79.0,-635.0,,419.0
-372.0,64.0,,-226.0,93.0,646.0,-167.0,-879.0,,419.0
-315.0,77.0,,-182.0,72.0,880.0,93.0,-800.0,,396.0
-476.0,0.0,,-169.0,75.0,1169.0,44.0,-559.0,,352.0
-292.0,2.0,,-174.0,1.0,1508.0,114.0,-587.0,,303.0
-600.0,28.0,,-183.0,-32.0,1757.0,127.0,-373.0,,251.0
-273.0,20.0,,-194.0,-31.0,1848.0,-52.0,-550.0,,200.0
-515.0,22.0,,-198.0,-74.0,1940.0,135.0,-469.0,,156.0
-326.0,-47.0,,-204.0,-70.0,1995.0,-123.0,-589.0,,122.0
-501.0,-65.0,,-205.0,-75.0,1953.0,119.0,-635.0,,86.0
-514.0,-63.0,,-183.0,-90.0,1549.0,1.0,-478.0,,51.0
-443.0,-165.0,,-157.0,-37.0,955.0,43.0,-537.0,,22.0
-629.0,-216.0,,-150.0,-13.0,601.0,32.0,-160.0,,-35.0
-449.0,-107.0,,-158.0,4.0,564.0,-97.0,-162.0,,-98.0
-689.0,0.0,,-147.0,58.0,546.0,187.0,-84.0,,-164.0
-451.0,-61.0,,-117.0,55.0,358.0,-85.0,-70.0,,-235.0
-613.0,7.0,,-104.0,63.0,373.0,32.0,-155.0,,-275.0
-504.0,231.0,,-123.0,82.0,644.0,-137.0,-46.0,,-293.0
-612.0,317.0,,-157.0,47.0,935.0,49.0,-356.0,,-283.0
-697.0,312.0,,-166.0,74.0,972.0,127.0,-279.0,,-247.0
-563.0,279.0,,-161.0,105.0,729.0,-134.0,-264.0,,-197.0
-633.0,332.0,,-166.0,69.0,477.0,31.0,-103.0,,-136.0
-444.0,304.0,,-186.0,70.0,338.0,-81.0,123.0,,-66.0
-658.0,235.0,,-190.0,50.0,242.0,186.0,-20.0,,5.0
-536.0,264.0,,-166.0,5.0,-17.0,-7.0,-11.0,,80.0
-605.0,199.0,,-159.0,20.0,-323.0,72.0,-234.0,,159.0
-579.0,156.0,,-145.0,12.0,-458.0,91.0,-225.0,,214.0
-644.0,175.0,,-134.0,27.0,-392.0,24.0,-443.0,,261.0
-648.0,216.0,,-162.0,129.0,-405.0,222.0,-633.0,,298.0
-522.0,254.0,,-207.0,157.0,-497.0,-18.0,-582.0,,316.0
-668.0,293.0,,-253.0,169.0,-402.0,190.0,-814.0,,332.0
-600.0,231.0,,-288.0,194.0,-236.0,-16.0,-691.0,,343.0
-774.0,105.0,,-321.0,123.0,-165.0,158.0,-766.0,,359.0
-644.0,150.0,,-326.0,100.0,-379.0,201.0,-646.0,,371.0
-683.0,149.0,,-322.0,107.0,-644.0,126.0,-410.0,,373.0
-688.0,117.0,,-315.0,78.0,-662.0,326.0,-203.0,,370.0
-715.0,191.0,,-287.0,106.0,-594.0,79.0,155.0,,361.0
-781.0,234.0,,-272.0,81.0,-661.0,339.0,22.0,,347.0
-715.0,219.0,,-262.0,14.0,-784.0,130.0,33.0,,333.0
-909.0,140.0,,-245.0,25.0,-826.0,236.0,-240.0,,311.0
-811.0,136.0,,-195.0,-10.0,-835.0,272.0,-487.0,,291.0
-855.0,156.0,,-160.0,-39.0,-832.0,183.0,-465.0,,276.0
-755.0,20.0,,-164.0,2.0,-918.0,335.0,-672.0,,259.0
-808.0,-148.0,,-166.0,-42.0,-948.0,109.0,-678.0,,250.0
-828.0,-226.0,,-166.0,-81.0,-851.0,296.0,-829.0,,249.0
-801.0,-245.0,,-159.0,-96.0,-645.0,4.0,-755.0,,259.0
-937.0,-342.0,,-145.0,-179.0,-379.0,124.0,-790.0,,284.0
-809.0,-429.0,,-136.0,-199.0,-221.0,161.0,-964.0,,323.0
-857.0,-416.0,,-114.0,-213.0,-177.0,105.0,-914.0,,364.0
-746.0,-464.0,,-94.0,-268.0,-241.0,306.0,-966.0,,406.0
-847.0,-611.0,,-109.0,-227.0,-315.0,135.0,-722.0,,456.0
-853.0,-622.0,,-133.0,-201.0,-469.0,365.0,-670.0,,490.0
-828.0,-514.0,,-154.0,-226.0,-815.0,107.0,-606.0,,495.0
-860.0,-453.0,,-174.0,-202.0,-1176.0,238.0,-563.0,,498.0
-715.0,-396.0,,-194.0,-231.0,-1433.0,274.0,-642.0,,474.0
-780.0,-387.0,,-226.0,-247.0,-1560.0,250.0,-521.0,,430.0
-704.0,-278.0,,-265.0,-192.0,-1639.0,436.0,-759.0,,388.0
-732.0,-159.0,,-304.0,-206.0,-1636.0,182.0,-840.0,,332.0
-631.0,-203.0,,-323.0,-168.0,-1111.0,369.0,-973.0,,291.0
-630.0,-205.0,,-327.0,-90.0,-340.0,113.0,-960.0,,258.0
-675.0,-139.0,,-332.0,-102.0,70.0,193.0,-692.0,,231.0
-558.0,-98.0,,-320.0,-54.0,81.0,200.0,-654.0,,231.0
-571.0,-143.0,,-270.0,-2.0,-214.0,182.0,-356.0,,237.0
-530.0,-170.0,,-211.0,-23.0,-402.0,310.0,-375.0,,259.0
-575.0,-92.0,,-185.0,13.0,-486.0,-4.0,-341.0,,293.0
-536.0,6.0,,-158.0,-7.0,-855.0,247.0,-290.0,,329.0
-504.0,24.0,,-134.0,-65.0,-1313.0,100.0,-376.0,,379.0
-496.0,15.0,,-126.0,-12.0,-1414.0,96.0,-218.0,,419.0
-494.0,87.0,,-124.0,14.0,-1142.0,-33.0,-291.0,,444.0
-478.0,128.0,,-139.0,48.0,-909.0,-40.0,-79.0,,457.0
-381.0,40.0,,-145.0,131.0,-931.0,298.0,-105.0,,460.0
-413.0,-36.0,,-146.0,125.0,-841.0,116.0,-90.0,,462.0
-481.0,-46.0,,-152.0,156.0,-560.0,207.0,120.0,,449.0
-504.0,-72.0,,-162.0,230.0,-434.0,63.0,-22.0,,434.0
-439.0,-188.0,,-157.0,226.0,-483.0,207.0,123.0,,416.0
-345.0,-240.0,,-132.0,292.0,-646.0,148.0,-79.0,,386.0
-406.0,-167.0,,-101.0,339.0,-734.0,73.0,-134.0,,351.0
-412.0,-218.0,,-73.0,312.0,-932.0,252.0,-112.0,,316.0
-380.0,-262.0,,-20.0,365.0,-1243.0,132.0,-208.0,,291.0
-392.0,-280.0,,49.0,330.0,-1366.0,277.0,-36.0,,275.0
-346.0,-244.0,,89.0,225.0,-1450.0,101.0,-240.0,,267.0
-361.0,-165.0,,118.0,205.0,-1316.0,179.0,-168.0,,270.0
-265.0,-105.0,,145.0,136.0,-920.0,37.0,-195.0,,279.0
-257.0,70.0,,166.0,90.0,-628.0,56.0,-162.0,,303.0
-249.0,202.0,,205.0,100.0,-607.0,303.0,-64.0,,322.0
-269.0,296.0,,253.0,14.0,-726.0,145.0,-293.0,,347.0
-302.0,343.0,,300.0,-27.0,-709.0,204.0,-184.0,,379.0
-193.0,354.0,,342.0,-27.0,-753.0,15.0,-234.0,,403.0
-232.0,341.0,,358.0,-79.0,-1060.0,283.0,33.0,,430.0
-175.0,301.0,,379.0,-51.0,-1286.0,257.0,151.0,,443.0
-216.0,239.0,,391.0,-54.0,-1235.0,120.0,55.0,,458.0
-154.0,186.0,,379.0,-116.0,-1125.0,224.0,205.0,,476.0
-184.0,205.0,,368.0,-73.0,-1263.0,195.0,123.0,,484.0
-222.0,102.0,,352.0,-49.0,-1408.0,419.0,328.0,,504.0
-177.0,24.0,,312.0,-40.0,-1182.0,197.0,247.0,,522.0
-200.0,-36.0,,264.0,22.0,-671.0,303.0,293.0,,541.0
-48.0,-89.0,,221.0,-27.0,-248.0,309.0,400.0,,565.0
-183.0,-114.0,,169.0,-73.0,-112.0,293.0,402.0,,581.0
-190.0,-180.0,,145.0,-62.0,-92.0,247.0,618.0,,601.0
-245.0,-141.0,,125.0,-157.0,-87.0,136.0,426.0,,600.0
-209.0,-98.0,,96.0,-192.0,-66.0,493.0,593.0,,581.0
-204.0,-97.0,,65.0,-162.0,-300.0,325.0,672.0,,557.0
-290.0,-141.0,,51.0,-181.0,-659.0,458.0,818.0,,511.0
-185.0,-39.0,,36.0,-117.0,-1037.0,330.0,1018.0,,456.0
-277.0,10.0,,18.0,-82.0,-1369.0,233.0,946.0,,385.0
-220.0,-139.0,,48.0,-124.0,-1672.0,567.0,1226.0,,319.0
-323.0,-84.0,,62.0,-76.0,-2282.0,434.0,1189.0,,267.0
-267.0,17.0,,73.0,-55.0,-2608.0,539.0,1359.0,,213.0
-255.0,18.0,,91.0,-58.0,-2493.0,328.0,1439.0,,168.0
-318.0,-33.0,,92.0,18.0,-2195.0,328.0,1426.0,,116.0
-217.0,-97.0,,94.0,16.0,-1985.0,383.0,1485.0,,60.0
-280.0,-110.0,,102.0,-3.0,-1898.0,277.0,1165.0,,-3.0
-265.0,-124.0,,94.0,33.0,-1629.0,395.0,1199.0,,-71.0
-329.0,-151.0,,86.0,-18.0,-1293.0,271.0,953.0,,-139.0
-257.0,-136.0,,112.0,-47.0,-918.0,473.0,955.0,,-198.0
-263.0,-125.0,,150.0,-41.0,-815.0,361.0,997.0,,-245.0
-254.0,-186.0,,210.0,-124.0,-1055.0,151.0,764.0,,-293.0
-221.0,-219.0,,260.0,-152.0,-1289.0,213.0,929.0,,-337.0
-276.0,-247.0,,287.0,-162.0,-1286.0,338.0,781.0,,-383.0
-236.0,-168.0,,300.0,-211.0,-1197.0,474.0,872.0,,-416.0
-299.0,-48.0,,297.0,-152.0,-1160.0,191.0,964.0,,-449.0
-282.0,-57.0,,304.0,-88.0,-988.0,160.0,1221.0,,-485.0
-278.0,-55.0,,320.0,-61.0,-740.0,306.0,1624.0,,-507.0
-235.0,-41.0,,332.0,19.0,-584.0,458.0,1574.0,,-518.0
-249.0,-28.0,,358.0,24.0,-700.0,410.0,1561.0,,-533.0
-291.0,-48.0,,375.0,12.0,-782.0,218.0,1027.0,,-535.0
-263.0,-126.0,,352.0,64.0,-654.0,221.0,761.0,,-513.0
-239.0,-175.0,,344.0,31.0,-471.0,250.0,709.0,,-503.0
-204.0,-179.0,,357.0,-1.0,-250.0,283.0,580.0,,-471.0
-213.0,-230.0,,370.0,10.0,-156.0,255.0,885.0,,-422.0
-161.0,-213.0,,387.0,-25.0,-86.0,416.0,958.0,,-371.0
-128.0,-58.0,,384.0,-1.0,49.0,260.0,1128.0,,-301.0
-82.0,11.0,,373.0,52.0,187.0,243.0,1138.0,,-216.0
-91.0,24.0,,360.0,59.0,222.0,384.0,1125.0,,-128.0
-44.0,128.0,,329.0,124.0,231.0,213.0,1106.0,,-40.0
-25.0,255.0,,307.0,182.0,327.0,430.0,868.0,,65.0
61.0,336.0,,319.0,183.0,498.0,494.0,909.0,,160.0
123.0,366.0,,351.0,229.0,775.0,474.0,757.0,,243.0
38.0,345.0,,366.0,241.0,893.0,299.0,897.0,,314.0
92.0,337.0,,373.0,217.0,809.0,172.0,1082.0,,357.0
58.0,277.0,,367.0,236.0,730.0,488.0,1149.0,,396.0
147.0,174.0,,358.0,205.0,730.0,353.0,1136.0,,419.0
123.0,141.0,,370.0,151.0,614.0,252.0,872.0,,429.0
208.0,117.0,,384.0,136.0,419.0,333.0,1140.0,,434.0
207.0,8.0,,422.0,80.0,495.0,445.0,1230.0,,421.0
153.0,-93.0,,463.0,37.0,824.0,525.0,1383.0,,409.0
265.0,-44.0,,483.0,32.0,1022.0,303.0,1448.0,,393.0
211.0,0.0,,509.0,-31.0,962.0,288.0,1252.0,,351.0
333.0,27.0,,549.0,-71.0,1157.0,257.0,1430.0,,302.0
277.0,95.0,,596.0,-84.0,1619.0,331.0,1321.0,,263.0
405.0,138.0,,616.0,-140.0,1991.0,302.0,1457.0,,222.0
398.0,189.0,,616.0,-146.0,2043.0,243.0,1529.0,,182.0
395.0,166.0,,608.0,-127.0,1885.0,400.0,1620.0,,142.0
439.0,181.0,,570.0,-132.0,1840.0,184.0,1825.0,,97.0
413.0,188.0,,521.0,-98.0,1722.0,256.0,1734.0,,62.0
550.0,101.0,,482.0,-80.0,1502.0,228.0,1895.0,,38.0
488.0,8.0,,443.0,-100.0,1315.0,6.0,1683.0,,9.0
617.0,-104.0,,408.0,-83.0,1278.0,67.0,1653.0,,-11.0
553.0,-155.0,,377.0,-63.0,1459.0,210.0,1631.0,,-37.0
639.0,-278.0,,354.0,-46.0,1629.0,312.0,1496.0,,-80.0
640.0,-362.0,,337.0,8.0,1608.0,37.0,1716.0,,-132.0
582.0,-306.0,,348.0,21.0,1482.0,15.0,1502.0,,-194.0
653.0,-233.0,,390.0,14.0,1342.0,84.0,1465.0,,-270.0
708.0,-187.0,,426.0,29.0,1322.0,194.0,1274.0,,-360.0
784.0,-196.0,,458.0,3.0,1356.0,160.0,971.0,,-457.0
652.0,-115.0,,457.0,-10.0,1294.0,21.0,722.0,,-552.0
666.0,-106.0,,449.0,10.0,1379.0,92.0,406.0,,-624.0
666.0,-195.0,,461.0,10.0,1504.0,2.0,620.0,,-688.0
737.0,-279.0,,453.0,13.0,1701.0,232.0,729.0,,-718.0
724.0,-246.0,,425.0,25.0,1909.0,93.0,1016.0,,-716.0
787.0,-210.0,,382.0,21.0,1790.0,57.0,1062.0,,-710.0
781.0,-344.0,,321.0,21.0,1583.0,236.0,897.0,,-682.0
840.0,-433.0,,279.0,27.0,1462.0,76.0,846.0,,-638.0
861.0,-434.0,,266.0,12.0,1303.0,218.0,471.0,,-578.0
825.0,-359.0,,262.0,-19.0,1003.0,126.0,513.0,,-500.0
902.0,-421.0,,269.0,-70.0,722.0,177.0,434.0,,-412.0
912.0,-435.0,,288.0,-121.0,679.0,76.0,559.0,,-321.0
1057.0,-245.0,,310.0,-125.0,1028.0,-3.0,731.0,,-221.0
945.0,-127.0,,321.0,-96.0,1450.0,128.0,628.0,,-119.0
1074.0,-83.0,,345.0,-58.0,1732.0,40.0,752.0,,-19.0
1014.0,21.0,,346.0,-19.0,1873.0,358.0,602.0,,69.0
1054.0,229.0,,302.0,19.0,1956.0,227.0,851.0,,155.0
1076.0,296.0,,238.0,50.0,2172.0,158.0,868.0,,245.0
1002.0,221.0,,164.0,70.0,2205.0,93.0,764.0,,321.0
1084.0,187.0,,111.0,78.0,2095.0,-118.0,796.0,,395.0
901.0,297.0,,46.0,75.0,1980.0,133.0,469.0,,461.0
1058.0,321.0,,1.0,77.0,2159.0,73.0,452.0,,502.0
842.0,196.0,,-10.0,92.0,2335.0,304.0,343.0,,525.0
885.0,176.0,,-10.0,98.0,2164.0,221.0,689.0,,533.0
859.0,148.0,,10.0,101.0,2017.0,15.0,1060.0,,538.0
813.0,33.0,,40.0,99.0,2042.0,20.0,1182.0,,543.0
849.0,-132.0,,75.0,79.0,2388.0,-96.0,1260.0,,534.0
620.0,-242.0,,80.0,74.0,2459.0,146.0,790.0,,533.0
772.0,-268.0,,75.0,56.0,2295.0,-27.0,635.0,,534.0
540.0,-334.0,,65.0,18.0,2257.0,57.0,443.0,,523.0
695.0,-435.0,,41.0,2.0,2203.0,130.0,543.0,,511.0
605.0,-382.0,,16.0,-16.0,2023.0,40.0,833.0,,473.0
573.0,-274.0,,-3.0,-46.0,1613.0,16.0,873.0,,424.0
614.0,-286.0,,-13.0,-52.0,1362.0,-202.0,1016.0,,367.0
490.0,-275.0,,-10.0,-56.0,1391.0,-60.0,624.0,,311.0
701.0,-153.0,,-15.0,-81.0,1659.0,-130.0,345.0,,239.0
417.0,45.0,,-33.0,-102.0,1926.0,110.0,-48.0,,145.0
564.0,132.0,,-63.0,-149.0,1984.0,76.0,-410.0,,43.0
476.0,132.0,,-81.0,-179.0,1853.0,-90.0,-360.0,,-75.0
546.0,203.0,,-77.0,-147.0,1627.0,69.0,-343.0,,-195.0
520.0,273.0,,-89.0,-137.0,1512.0,-20.0,142.0,,-313.0
337.0,182.0,,-92.0,-118.0,1379.0,180.0,391.0,,-411.0
455.0,76.0,,-90.0,-67.0,1136.0,-163.0,461.0,,-487.0
272.0,186.0,,-77.0,-51.0,948.0,-261.0,256.0,,-544.0
436.0,278.0,,-60.0,-57.0,957.0,-157.0,-182.0,,-572.0
237.0,222.0,,-49.0,-80.0,1087.0,58.0,-347.0,,-577.0
326.0,130.0,,-25.0,-130.0,1076.0,349.0,-533.0,,-575.0
289.0,203.0,,-12.0,-130.0,1028.0,3.0,-155.0,,-560.0
193.0,287.0,,-13.0,-84.0,1285.0,18.0,75.0,,-517.0
204.0,210.0,,-42.0,-57.0,1546.0,-354.0,112.0,,-463.0
84.0,205.0,,-66.0,13.0,1548.0,-120.0,-86.0,,-383.0
287.0,340.0,,-96.0,80.0,1423.0,142.0,-642.0,,-276.0
173.0,426.0,,-133.0,99.0,1355.0,-54.0,-694.0,,-167.0
299.0,248.0,,-160.0,157.0,1434.0,4.0,-759.0,,-45.0
205.0,158.0,,-183.0,170.0,1313.0,-317.0,-461.0,,73.0
277.0,172.0,,-221.0,143.0,1071.0,48.0,-258.0,,171.0
357.0,77.0,,-281.0,169.0,878.0,-149.0,-293.0,,258.0
330.0,5.0,,-295.0,168.0,818.0,-54.0,-341.0,,319.0
465.0,-81.0,,-289.0,166.0,1042.0,107.0,-748.0,,358.0
405.0,-16.0,,-271.0,198.0,1215.0,-230.0,-752.0,,396.0
559.0,-53.0,,-244.0,171.0,1305.0,-68.0,-918.0,,425.0
501.0,-194.0,,-252.0,130.0,1322.0,-497.0,-888.0,,445.0
549.0,-194.0,,-253.0,96.0,1320.0,-91.0,-709.0,,458.0
538.0,-100.0,,-252.0,5.0,1371.0,156.0,-838.0,,452.0
517.0,-55.0,,-249.0,-45.0,1277.0,209.0,-698.0,,445.0
603.0,-171.0,,-225.0,-69.0,1163.0,-76.0,-785.0,,442.0
618.0,-92.0,,-219.0,-128.0,1142.0,-702.0,-698.0,,438.0
649.0,-25.0,,-214.0,-113.0,1193.0,-169.0,-526.0,,436.0
579.0,-24.0,,-220.0,-75.0,1059.0,-9.0,-328.0,,430.0
590.0,-128.0,,-214.0,-75.0,886.0,443.0,-166.0,,422.0
590.0,-235.0,,-221.0,-19.0,870.0,59.0,-323.0,,412.0
617.0,-115.0,,-245.0,16.0,782.0,-490.0,-280.0,,386.0
597.0,-126.0,,-234.0,8.0,758.0,-352.0,-482.0,,344.0
613.0,-79.0,,-239.0,47.0,741.0,-210.0,-351.0,,296.0
534.0,-8.0,,-228.0,48.0,579.0,397.0,-145.0,,239.0
484.0,151.0,,-239.0,41.0,453.0,-118.0,-245.0,,181.0
502.0,313.0,,-276.0,85.0,550.0,-366.0,-96.0,,135.0
450.0,239.0,,-292.0,55.0,706.0,-565.0,-125.0,,86.0
441.0,235.0,,-316.0,45.0,897.0,-313.0,44.0,,55.0
368.0,333.0,,-346.0,83.0,1032.0,195.0,-60.0,,44.0
403.0,412.0,,-395.0,28.0,1022.0,-126.0,-391.0,,35.0
267.0,297.0,,-414.0,-12.0,1195.0,-42.0,-681.0,,34.0
197.0,229.0,,-429.0,-46.0,1480.0,-506.0,-857.0,,45.0
231.0,314.0,,-442.0,-140.0,1663.0,-380.0,-471.0,,67.0
198.0,307.0,,-432.0,-154.0,1696.0,-450.0,-491.0,,99.0
154.0,248.0,,-425.0,-139.0,1871.0,-393.0,-546.0,,143.0
31.0,239.0,,-425.0,-146.0,2157.0,71.0,-820.0,,194.0
138.0,249.0,,-436.0,-93.0,2151.0,-234.0,-1225.0,,259.0
61.0,177.0,,-437.0,-71.0,2042.0,-147.0,-1223.0,,333.0
-13.0,114.0,,-447.0,-75.0,2136.0,-620.0,-1243.0,,404.0
-70.0,155.0,,-469.0,-46.0,2293.0,-465.0,-800.0,,476.0
-58.0,238.0,,-482.0,-95.0,2076.0,-256.0,-687.0,,547.0
35.0,186.0,,-484.0,-142.0,1653.0,-176.0,-724.0,,617.0
-47.0,48.0,,-461.0,-102.0,1398.0,-126.0,-899.0,,669.0
1.0,73.0,,-441.0,-94.0,1224.0,-776.0,-1358.0,,699.0
-89.0,85.0,,-453.0,-50.0,816.0,-464.0,-1376.0,,702.0
-23.0,-25.0,,-482.0,26.0,175.0,-404.0,-1566.0,,692.0
-93.0,-8.0,,-498.0,4.0,-219.0,22.0,-1448.0,,672.0
-147.0,118.0,,-512.0,-7.0,-406.0,-154.0,-1278.0,,647.0
-67.0,239.0,,-524.0,-24.0,-640.0,-800.0,-1234.0,,639.0
-169.0,242.0,,-506.0,-82.0,-894.0,-732.0,-1304.0,,629.0
-144.0,186.0,,-481.0,-53.0,-980.0,-730.0,-1696.0,,640.0
-293.0,295.0,,-452.0,-27.0,-621.0,137.0,-1718.0,,662.0
-221.0,336.0,,-420.0,-35.0,23.0,-31.0,-1698.0,,676.0
-251.0,202.0,,-396.0,24.0,529.0,-187.0,-1308.0,,693.0
-256.0,148.0,,-381.0,42.0,726.0,-407.0,-1069.0,,685.0
-235.0,196.0,,-397.0,16.0,826.0,-750.0,-946.0,,675.0
-342.0,258.0,,-413.0,46.0,951.0,-195.0,-602.0,,661.0
-276.0,182.0,,-420.0,41.0,935.0,-408.0,-724.0,,617.0
-383.0,9.0,,-408.0,43.0,700.0,-126.0,-642.0,,564.0
-338.0,47.0,,-375.0,105.0,339.0,-377.0,-779.0,,491.0
-403.0,113.0,,-349.0,114.0,51.0,-483.0,-809.0,,406.0
-338.0,-36.0,,-315.0,124.0,-135.0,-345.0,-833.0,,319.0
-274.0,-101.0,,-269.0,147.0,-470.0,-458.0,-1182.0,,230.0
-317.0,34.0,,-217.0,113.0,-906.0,-35.0,-1322.0,,152.0
-255.0,179.0,,-183.0,115.0,-1148.0,-420.0,-1696.0,,88.0
-341.0,134.0,,-168.0,142.0,-1118.0,-243.0,-1598.0,,31.0
-270.0,41.0,,-148.0,115.0,-939.0,-392.0,-1662.0,,-18.0
-318.0,87.0,,-122.0,109.0,-874.0,-363.0,-1751.0,,-58.0
-228.0,72.0,,-116.0,104.0,-996.0,-95.0,-1585.0,,-89.0
-202.0,-17.0,,-124.0,67.0,-981.0,-412.0,-1712.0,,-119.0
-291.0,-103.0,,-113.0,73.0,-795.0,-135.0,-1590.0,,-142.0
-256.0,-108.0,,-95.0,67.0,-634.0,-417.0,-1895.0,,-164.0
-297.0,-112.0,,-79.0,62.0,-583.0,-330.0,-1967.0,,-187.0
-180.0,-221.0,,-72.0,104.0,-581.0,-449.0,-1982.0,,-193.0
-224.0,-320.0,,-72.0,92.0,-297.0,-319.0,-2010.0,,-190.0
-202.0,-279.0,,-87.0,62.0,139.0,10.0,-1799.0,,-172.0
-177.0,-203.0,,-108.0,68.0,457.0,-419.0,-1899.0,,-134.0
-152.0,-279.0,,-119.0,49.0,596.0,-378.0,-1686.0,,-94.0
-92.0,-190.0,,-138.0,51.0,648.0,-743.0,-1921.0,,-39.0
-171.0,-11.0,,-166.0,73.0,569.0,-278.0,-2145.0,,28.0
-89.0,107.0,,-192.0,43.0,420.0,-44.0,-2398.0,,88.0
-60.0,152.0,,-194.0,18.0,279.0,-378.0,-2749.0,,142.0
17.0,102.0,,-194.0,-12.0,-77.0,-352.0,-2588.0,,180.0
-9.0,146.0,,-194.0,-70.0,-256.0,-660.0,-2756.0,,205.0
-4.0,33.0,,-190.0,-101.0,-407.0,-279.0,-2586.0,,211.0
69.0,-122.0,,-179.0,-135.0,-785.0,-386.0,-2559.0,,190.0
54.0,-198.0,,-152.0,-156.0,-1083.0,-294.0,-2616.0,,149.0
77.0,-171.0,,-131.0,-113.0,-1218.0,-309.0,-2499.0,,89.0
35.0,-116.0,,-112.0,-89.0,-1210.0,-547.0,-2660.0,,14.0
106.0,-179.0,,-101.0,-107.0,-1003.0,-263.0,-2433.0,,-78.0
66.0,-89.0,,-115.0,-103.0,-789.0,-454.0,-2472.0,,-188.0
65.0,-28.0,,-147.0,-114.0,-711.0,-215.0,-2379.0,,-304.0
18.0,-84.0,,-183.0,-87.0,-396.0,-451.0,-2331.0,,-416.0
18.0,-124.0,,-221.0,-19.0,24.0,-377.0,-2424.0,,-510.0
86.0,-69.0,,-256.0,4.0,412.0,-250.0,-2309.0,,-604.0
63.0,-20.0,,-267.0,41.0,468.0,-501.0,-2620.0,,-685.0
117.0,-70.0,,-270.0,86.0,394.0,-107.0,-2695.0,,-734.0
38.0,-51.0,,-283.0,70.0,536.0,-283.0,-2899.0,,-763.0
92.0,-83.0,,-281.0,22.0,492.0,-187.0,-2875.0,,-771.0
89.0,-114.0,,-249.0,-35.0,191.0,-407.0,-2675.0,,-773.0
106.0,-109.0,,-211.0,-90.0,-296.0,-438.0,-2673.0,,-779.0
109.0,-114.0,,-198.0,-89.0,-371.0,-58.0,-2237.0,,-789.0
159.0,-75.0,,-181.0,-107.0,-18.0,-169.0,-2200.0,,-800.0
258.0,28.0,,-168.0,-170.0,221.0,-54.0,-2050.0,,-808.0
150.0,84.0,,-171.0,-181.0,31.0,-291.0,-1923.0,,-821.0
198.0,72.0,,-146.0,-183.0,-184.0,58.0,-1914.0,,-845.0
168.0,223.0,,-134.0,-187.0,171.0,38.0,-1664.0,,-873.0
175.0,258.0,,-126.0,-163.0,427.0,-289.0,-1779.0,,-903.0
151.0,142.0,,-129.0,-153.0,341.0,-85.0,-1694.0,,-951.0
124.0,140.0,,-151.0,-125.0,171.0,-100.0,-1871.0,,-989.0
120.0,206.0,,-169.0,-65.0,-89.0,138.0,-1930.0,,-1000.0
-4.0,273.0,,-217.0,-38.0,-262.0,-146.0,-1855.0,,-1007.0
-9.0,254.0,,-229.0,0.0,-425.0,-54.0,-2050.0,,-990.0
-67.0,172.0,,-236.0,53.0,-563.0,-4.0,-1842.0,,-955.0
-72.0,78.0,,-252.0,55.0,-452.0,-87.0,-1795.0,,-908.0
-107.0,18.0,,-231.0,76.0,-248.0,123.0,-1585.0,,-853.0
-185.0,-81.0,,-206.0,104.0,-131.0,-181.0,-1513.0,,-800.0
-206.0,-136.0,,-177.0,103.0,-252.0,104.0,-1548.0,,-750.0
-262.0,-13.0,,-138.0,133.0,-498.0,23.0,-1422.0,,-718.0
-280.0,1.0,,-93.0,157.0,-600.0,54.0,-1635.0,,-692.0
-309.0,-164.0,,-77.0,132.0,-675.0,65.0,-1701.0,,-666.0
-294.0,-256.0,,-60.0,120.0,-911.0,-301.0,-2045.0,,-651.0
-325.0,-252.0,,-20.0,97.0,-1189.0,-95.0,-2163.0,,-647.0
-372.0,-257.0,,6.0,48.0,-1346.0,-35.0,-2062.0,,-641.0
-367.0,-299.0,,25.0,48.0,-1344.0,373.0,-1982.0,,-634.0
-332.0,-320.0,,34.0,22.0,-1214.0,145.0,-1594.0,,-617.0
-327.0,-207.0,,16.0,-16.0,-1227.0,-21.0,-1515.0,,-572.0
-391.0,-93.0,,-2.0,-7.0,-1176.0,239.0,-1343.0,,-518.0
-384.0,64.0,,-38.0,-40.0,-1134.0,170.0,-1524.0,,-452.0
-378.0,228.0,,-72.0,-64.0,-1158.0,308.0,-1777.0,,-374.0
-336.0,314.0,,-116.0,-39.0,-1061.0,16.0,-1803.0,,-287.0
-363.0,480.0,,-173.0,-24.0,-1028.0,213.0,-1956.0,,-194.0
-418.0,550.0,,-180.0,7.0,-924.0,219.0,-1784.0,,-120.0
-420.0,599.0,,-193.0,32.0,-864.0,148.0,-1884.0,,-59.0
-419.0,631.0,,-204.0,22.0,-685.0,332.0,-1649.0,,-14.0
-403.0,584.0,,-224.0,42.0,-577.0,212.0,-1367.0,,8.0
-438.0,463.0,,-237.0,44.0,-957.0,411.0,-1267.0,,14.0
-411.0,282.0,,-226.0,4.0,-1397.0,113.0,-982.0,,0.0
-425.0,257.0,,-218.0,3.0,-1442.0,225.0,-1103.0,,-29.0
-431.0,215.0,,-196.0,2.0,-1185.0,328.0,-920.0,,-56.0
-485.0,149.0,,-172.0,-4.0,-1199.0,169.0,-818.0,,-88.0
-482.0,92.0,,-134.0,20.0,-1302.0,278.0,-583.0,,-115.0
-415.0,58.0,,-110.0,15.0,-1147.0,164.0,-380.0,,-121.0
-426.0,43.0,,-96.0,11.0,-786.0,287.0,-504.0,,-101.0
-414.0,-46.0,,-93.0,31.0,-565.0,-95.0,-290.0,,-53.0
-461.0,-56.0,,-105.0,23.0,-652.0,102.0,-408.0,,25.0
-412.0,-88.0,,-104.0,51.0,-791.0,455.0,-186.0,,128.0
-422.0,-134.0,,-89.0,102.0,-1017.0,253.0,-24.0,,243.0
-416.0,-126.0,,-51.0,106.0,-1299.0,192.0,77.0,,366.0
-425.0,-76.0,,-30.0,134.0,-1787.0,-112.0,375.0,,482.0
-421.0,-21.0,,-20.0,144.0,-2210.0,241.0,262.0,,584.0
-365.0,-27.0,,11.0,96.0,-2387.0,252.0,482.0,,671.0
-457.0,-17.0,,48.0,67.0,-2544.0,96.0,341.0,,730.0
-443.0,12.0,,59.0,29.0,-2859.0,130.0,341.0,,770.0
-464.0,83.0,,54.0,-8.0,-3408.0,112.0,315.0,,794.0
-445.0,63.0,,96.0,7.0,-3583.0,352.0,-114.0,,810.0
-459.0,90.0,,159.0,-9.0,-3442.0,17.0,-166.0,,830.0
-491.0,159.0,,221.0,-33.0,-3292.0,162.0,-515.0,,850.0
-507.0,79.0,,288.0,5.0,-3207.0,122.0,-424.0,,863.0
-568.0,33.0,,322.0,5.0,-3050.0,4.0,-227.0,,868.0
-557.0,-15.0,,359.0,-8.0,-2803.0,264.0,0.0,,878.0
-555.0,-49.0,,409.0,-15.0,-2727.0,58.0,432.0,,878.0
-557.0,-130.0,,458.0,-75.0,-2581.0,49.0,445.0,,857.0
-628.0,-176.0,,490.0,-98.0,-2566.0,-79.0,578.0,,827.0
-612.0,-109.0,,509.0,-100.0,-2503.0,255.0,465.0,,785.0
-659.0,-52.0,,499.0,-112.0,-2329.0,227.0,522.0,,715.0
-623.0,93.0,,447.0,-62.0,-2387.0,-121.0,508.0,,645.0
-591.0,173.0,,414.0,-30.0,-2514.0,83.0,328.0,,584.0
-567.0,249.0,,373.0,-14.0,-2600.0,12.0,310.0,,514.0
-525.0,338.0,,312.0,42.0,-2547.0,210.0,42.0,,444.0
-575.0,365.0,,264.0,49.0,-2492.0,32.0,162.0,,376.0
-455.0,357.0,,227.0,21.0,-2291.0,-35.0,208.0,,310.0
-524.0,302.0,,192.0,16.0,-2020.0,52.0,450.0,,238.0
-441.0,314.0,,186.0,-26.0,-1856.0,63.0,709.0,,162.0
-416.0,272.0,,230.0,-52.0,-1799.0,323.0,648.0,,98.0
-414.0,131.0,,266.0,-25.0,-1901.0,-18.0,755.0,,52.0
-360.0,-56.0,,271.0,-52.0,-1928.0,36.0,572.0,,33.0
-433.0,-138.0,,252.0,-34.0,-2022.0,-11.0,752.0,,45.0
-329.0,-155.0,,215.0,9.0,-2085.0,-10.0,849.0,,82.0
-402.0,-287.0,,190.0,-48.0,-1942.0,215.0,960.0,,121.0
-366.0,-309.0,,197.0,-86.0,-1661.0,1.0,1212.0,,160.0
-401.0,-148.0,,199.0,-125.0,-1464.0,37.0,1110.0,,189.0
-424.0,5.0,,175.0,-166.0,-1538.0,-106.0,1258.0,,203.0
-381.0,49.0,,155.0,-129.0,-1295.0,65.0,1001.0,,201.0
-405.0,106.0,,144.0,-121.0,-773.0,-6.0,873.0,,187.0
-388.0,172.0,,128.0,-117.0,-705.0,-108.0,825.0,,153.0
-453.0,114.0,,102.0,-78.0,-1002.0,224.0,652.0,,98.0
-403.0,-6.0,,75.0,-110.0,-1131.0,116.0,927.0,,34.0
-504.0,-127.0,,46.0,-126.0,-883.0,116.0,949.0,,-51.0
-498.0,-206.0,,-9.0,-79.0,-639.0,-118.0,1217.0,,-109.0
-457.0,-258.0,,-72.0,-65.0,-773.0,18.0,1383.0,,-149.0
-499.0,-299.0,,-100.0,0.0,-976.0,154.0,1472.0,,-178.0
-485.0,-334.0,,-92.0,78.0,-953.0,-3.0,1744.0,,-173.0
-509.0,-343.0,,-87.0,89.0,-726.0,185.0,1843.0,,-141.0
-474.0,-346.0,,-84.0,122.0,-608.0,40.0,2232.0,,-74.0
-487.0,-362.0,,-87.0,140.0,-732.0,132.0,2274.0,,27.0
-419.0,-328.0,,-118.0,127.0,-807.0,28.0,2318.0,,157.0
-355.0,-295.0,,-114.0,161.0,-794.0,37.0,2267.0,,292.0
-340.0,-227.0,,-76.0,156.0,-541.0,249.0,2017.0,,438.0
-352.0,-116.0,,-35.0,117.0,-358.0,112.0,2067.0,,585.0
-341.0,-41.0,,-13.0,103.0,-326.0,141.0,1973.0,,711.0
-271.0,88.0,,3.0,19.0,-159.0,-92.0,2187.0,,826.0
-227.0,220.0,,21.0,-58.0,-70.0,82.0,2322.0,,913.0
-175.0,213.0,,37.0,-68.0,186.0,169.0,2372.0,,986.0
-138.0,145.0,,58.0,-127.0,283.0,94.0,2244.0,,1042.0
-115.0,116.0,,78.0,-171.0,126.0,112.0,1842.0,,1085.0
-89.0,59.0,,79.0,-176.0,191.0,-238.0,1736.0,,1129.0
-48.0,-54.0,,42.0,-220.0,330.0,-44.0,1561.0,,1140.0
-44.0,-116.0,,27.0,-212.0,451.0,-12.0,1723.0,,1144.0
-31.0,-123.0,,10.0,-202.0,392.0,169.0,1886.0,,1145.0
-17.0,-139.0,,3.0,-234.0,307.0,211.0,2073.0,,1111.0
-9.0,-115.0,,25.0,-211.0,377.0,-160.0,2318.0,,1069.0
-14.0,-116.0,,38.0,-222.0,463.0,-60.0,2211.0,,998.0
-35.0,-141.0,,37.0,-240.0,536.0,-55.0,2200.0,,913.0
17.0,-132.0,,3.0,-174.0,519.0,148.0,1912.0,,836.0
-13.0,-181.0,,-31.0,-151.0,595.0,13.0,1855.0,,758.0
-29.0,-204.0,,-31.0,-123.0,801.0,-12.0,1781.0,,701.0
-30.0,-168.0,,0.0,-63.0,740.0,15.0,1668.0,,662.0
-68.0,-131.0,,5.0,-59.0,555.0,-169.0,1818.0,,652.0
-45.0,-81.0,,2.0,-8.0,335.0,47.0,1600.0,,656.0
-111.0,-35.0,,3.0,70.0,60.0,-76.0,1637.0,,681.0
-128.0,-37.0,,1.0,102.0,-99.0,109.0,1448.0,,711.0
-185.0,-136.0,,20.0,157.0,-340.0,87.0,1391.0,,737.0
-141.0,-226.0,,33.0,164.0,-571.0,16.0,1557.0,,789.0
-82.0,-275.0,,34.0,99.0,-748.0,65.0,1592.0,,838.0
-187.0,-326.0,,24.0,85.0,-792.0,-188.0,2119.0,,876.0
-163.0,-368.0,,19.0,56.0,-530.0,21.0,2211.0,,922.0
-179.0,-350.0,,34.0,17.0,-177.0,26.0,2438.0,,967.0
-125.0,-282.0,,48.0,66.0,0.0,83.0,2514.0,,996.0
-157.0,-228.0,,22.0,72.0,17.0,-76.0,2348.0,,1021.0
-181.0,-226.0,,-21.0,56.0,160.0,-129.0,2581.0,,1019.0
-141.0,-221.0,,-53.0,55.0,242.0,82.0,2492.0,,993.0
-169.0,-142.0,,-69.0,-13.0,209.0,-70.0,2703.0,,960.0
-104.0,-124.0,,-69.0,-23.0,286.0,34.0,2642.0,,892.0
-146.0,-187.0,,-59.0,-15.0,450.0,-213.0,2483.0,,808.0
-150.0,-287.0,,-27.0,-64.0,669.0,-260.0,2472.0,,714.0
-140.0,-377.0,,-6.0,-55.0,702.0,-155.0,2233.0,,622.0
-100.0,-421.0,,0.0,-77.0,653.0,-151.0,2285.0,,540.0
-127.0,-477.0,,5.0,-154.0,811.0,85.0,2154.0,,462.0
-112.0,-487.0,,0.0,-183.0,974.0,-5.0,2318.0,,385.0
-53.0,-439.0,,1.0,-213.0,926.0,-65.0,2411.0,,297.0
-127.0,-392.0,,28.0,-228.0,746.0,-290.0,2342.0,,194.0
-115.0,-359.0,,37.0,-182.0,752.0,-210.0,2396.0,,84.0
-115.0,-301.0,,12.0,-178.0,938.0,-51.0,2141.0,,-20.0
-3.0,-204.0,,7.0,-166.0,952.0,-139.0,2086.0,,-122.0
-34.0,-126.0,,-6.0,-109.0,818.0,-35.0,1899.0,,-214.0
-52.0,-125.0,,-9.0,-116.0,723.0,-167.0,1904.0,,-300.0
-18.0,-118.0,,-12.0,-104.0,662.0,-57.0,2002.0,,-362.0
-103.0,-137.0,,-51.0,-67.0,494.0,-17.0,2021.0,,-416.0
27.0,-260.0,,-91.0,-67.0,83.0,-64.0,2163.0,,-479.0
57.0,-398.0,,-101.0,-38.0,-390.0,-109.0,1971.0,,-510.0
84.0,-507.0,,-102.0,-22.0,-548.0,-184.0,1875.0,,-535.0
20.0,-570.0,,-149.0,-15.0,-627.0,84.0,1607.0,,-553.0
-11.0,-622.0,,-185.0,54.0,-860.0,45.0,1542.0,,-551.0
36.0,-644.0,,-217.0,67.0,-995.0,7.0,1631.0,,-540.0
18.0,-581.0,,-228.0,43.0,-1092.0,-110.0,1583.0,,-516.0
132.0,-450.0,,-230.0,88.0,-926.0,-92.0,1696.0,,-486.0
60.0,-269.0,,-260.0,81.0,-594.0,171.0,1415.0,,-448.0
66.0,-45.0,,-239.0,60.0,-556.0,60.0,1374.0,,-389.0
55.0,188.0,,-215.0,58.0,-588.0,127.0,1339.0,,-328.0
116.0,410.0,,-195.0,20.0,-679.0,87.0,1383.0,,-272.0
138.0,582.0,,-190.0,62.0,-762.0,79.0,1564.0,,-205.0
40.0,668.0,,-189.0,92.0,-882.0,185.0,1518.0,,-145.0
130.0,687.0,,-168.0,45.0,-1260.0,143.0,1734.0,,-81.0
88.0,640.0,,-158.0,71.0,-1607.0,134.0,1507.0,,-19.0
146.0,584.0,,-152.0,110.0,-1894.0,-47.0,1443.0,,40.0
75.0,462.0,,-150.0,102.0,-2099.0,50.0,1359.0,,93.0
59.0,266.0,,-179.0,128.0,-2270.0,157.0,1125.0,,127.0
51.0,135.0,,-214.0,100.0,-2492.0,145.0,1236.0,,142.0
76.0,36.0,,-239.0,26.0,-2479.0,215.0,995.0,,149.0
129.0,-106.0,,-300.0,6.0,-2294.0,208.0,1025.0,,173.0
2.0,-189.0,,-346.0,-47.0,-2086.0,201.0,886.0,,202.0
86.0,-174.0,,-380.0,-64.0,-1834.0,14.0,788.0,,246.0
1.0,-203.0,,-385.0,-14.0,-1562.0,147.0,803.0,,292.0
86.0,-228.0,,-389.0,-50.0,-1396.0,360.0,726.0,,340.0
51.0,-192.0,,-408.0,-57.0,-1335.0,311.0,1173.0,,397.0
-10.0,-193.0,,-392.0,-36.0,-1253.0,363.0,1267.0,,441.0
11.0,-216.0,,-385.0,-91.0,-1304.0,388.0,1524.0,,484.0
-47.0,-189.0,,-363.0,-70.0,-1445.0,386.0,1583.0,,509.0
69.0,-137.0,,-339.0,-19.0,-1485.0,287.0,1385.0,,512.0
-82.0,-94.0,,-345.0,-12.0,-1572.0,393.0,1385.0,,514.0
-85.0,-121.0,,-325.0,61.0,-1848.0,381.0,1119.0,,496.0
-187.0,-121.0,,-287.0,92.0,-2070.0,287.0,1363.0,,458.0
-154.0,-83.0,,-276.0,74.0,-2101.0,389.0,1332.0,,426.0
-122.0,-162.0,,-240.0,129.0,-1949.0,304.0,1383.0,,377.0
-246.0,-236.0,,-230.0,131.0,-1656.0,497.0,1478.0,,333.0
-213.0,-202.0,,-235.0,102.0,-1541.0,433.0,1278.0,,290.0
-328.0,-126.0,,-201.0,138.0,-1615.0,269.0,1433.0,,242.0
-252.0,-111.0,,-221.0,115.0,-1709.0,349.0,1173.0,,221.0
-371.0,-138.0,,-261.0,106.0,-1811.0,357.0,1165.0,,196.0
-340.0,-123.0,,-254.0,123.0,-1916.0,450.0,958.0,,175.0
-321.0,-25.0,,-230.0,68.0,-2124.0,332.0,740.0,,152.0
-290.0,43.0,,-216.0,88.0,-2245.0,522.0,788.0,,129.0
-301.0,36.0,,-195.0,90.0,-2043.0,463.0,546.0,,108.0
-427.0,68.0,,-168.0,-1.0,-1924.0,211.0,691.0,,93.0
-244.0,71.0,,-122.0,-27.0,-1937.0,236.0,317.0,,105.0
-322.0,33.0,,-102.0,-58.0,-1873.0,244.0,101.0,,117.0
-207.0,6.0,,-62.0,-91.0,-1800.0,497.0,31.0,,133.0
-271.0,76.0,,-9.0,-74.0,-1579.0,291.0,-62.0,,149.0
-156.0,146.0,,-13.0,-114.0,-1460.0,295.0,203.0,,168.0
-115.0,116.0,,-3.0,-159.0,-1596.0,347.0,31.0,,191.0
-152.0,86.0,,6.0,-160.0,-1756.0,233.0,171.0,,209.0
22.0,148.0,,14.0,-190.0,-1805.0,395.0,57.0,,226.0
-85.0,306.0,,56.0,-172.0,-1780.0,214.0,44.0,,232.0
106.0,440.0,,96.0,-111.0,-1556.0,215.0,197.0,,238.0
79.0,531.0,,121.0,-125.0,-1116.0,76.0,-7.0,,236.0
257.0,577.0,,145.0,-85.0,-734.0,299.0,25.0,,236.0
170.0,627.0,,148.0,-23.0,-496.0,475.0,-297.0,,238.0
181.0,557.0,,128.0,-28.0,-519.0,90.0,-299.0,,233.0
375.0,417.0,,97.0,27.0,-576.0,50.0,-314.0,,222.0
345.0,364.0,,87.0,32.0,-489.0,-19.0,-393.0,,209.0
479.0,329.0,,100.0,12.0,-342.0,194.0,-194.0,,204.0
396.0,243.0,,109.0,68.0,-266.0,116.0,-179.0,,177.0
587.0,84.0,,106.0,60.0,-437.0,76.0,155.0,,138.0
474.0,-29.0,,99.0,79.0,-701.0,138.0,206.0,,92.0
610.0,-98.0,,103.0,129.0,-897.0,4.0,249.0,,24.0
673.0,-100.0,,124.0,104.0,-1025.0,196.0,216.0,,-59.0
649.0,-25.0,,148.0,108.0,-1148.0,88.0,-38.0,,-170.0
756.0,134.0,,169.0,116.0,-1201.0,193.0,-16.0,,-271.0
679.0,333.0,,200.0,68.0,-1037.0,78.0,-112.0,,-360.0
839.0,482.0,,174.0,69.0,-818.0,53.0,38.0,,-447.0
747.0,581.0,,200.0,65.0,-770.0,259.0,-12.0,,-513.0
843.0,599.0,,256.0,33.0,-695.0,227.0,-262.0,,-552.0
802.0,628.0,,290.0,77.0,-539.0,277.0,-341.0,,-569.0
797.0,628.0,,346.0,59.0,-446.0,17.0,-386.0,,-563.0
803.0,590.0,,354.0,39.0,-346.0,157.0,-123.0,,-528.0
806.0,509.0,,347.0,108.0,-313.0,71.0,-190.0,,-497.0
921.0,385.0,,309.0,101.0,-506.0,4.0,-334.0,,-466.0
863.0,306.0,,319.0,92.0,-691.0,169.0,-528.0,,-423.0
786.0,229.0,,279.0,96.0,-670.0,89.0,-870.0,,-386.0
694.0,151.0,,267.0,38.0,-390.0,123.0,-921.0,,-345.0
804.0,60.0,,271.0,25.0,12.0,-179.0,-1221.0,,-310.0
731.0,-28.0,,269.0,22.0,226.0,9.0,-1250.0,,-284.0
681.0,-113.0,,291.0,-16.0,672.0,96.0,-1206.0,,-260.0
603.0,-191.0,,274.0,12.0,1238.0,23.0,-1164.0,,-251.0
532.0,-237.0,,315.0,29.0,1365.0,58.0,-1031.0,,-240.0
511.0,-274.0,,231.0,6.0,1273.0,-38.0,-1234.0,,-226.0
515.0,-288.0,,239.0,12.0,1224.0,201.0,-1116.0,,-225.0
542.0,-292.0,,262.0,-42.0,1236.0,1.0,-1250.0,,-231.0
447.0,-322.0,,317.0,-89.0,1120.0,67.0,-1263.0,,-241.0
375.0,-334.0,,310.0,-75.0,937.0,119.0,-1280.0,,-250.0
282.0,-252.0,,220.0,-111.0,962.0,15.0,-1502.0,,-251.0
337.0,-131.0,,314.0,-96.0,1256.0,38.0,-1334.0,,-245.0
339.0,-71.0,,269.0,-44.0,1565.0,-85.0,-1424.0,,-239.0
311.0,7.0,,304.0,-45.0,1652.0,154.0,-1230.0,,-221.0
221.0,151.0,,276.0,-8.0,1689.0,-27.0,-1188.0,,-190.0
264.0,248.0,,304.0,-31.0,1912.0,-109.0,-1212.0,,-138.0
309.0,233.0,,346.0,-111.0,2252.0,-119.0,-1178.0,,-73.0
285.0,159.0,,238.0,-126.0,2424.0,-184.0,-1457.0,,-32.0
276.0,144.0,,294.0,-155.0,2418.0,-89.0,-1413.0,,12.0
243.0,136.0,,230.0,-149.0,2520.0,-237.0,-1531.0,,51.0
316.0,39.0,,217.0,-76.0,2615.0,-24.0,-1415.0,,59.0
291.0,-99.0,,192.0,-59.0,2508.0,-80.0,-1348.0,,71.0
318.0,-216.0,,148.0,-31.0,2351.0,-142.0,-1433.0,,82.0
323.0,-274.0,,218.0,28.0,2199.0,-105.0,-1383.0,,83.0
352.0,-334.0,,185.0,24.0,2136.0,-125.0,-1659.0,,92.0
289.0,-384.0,,148.0,71.0,2262.0,-76.0,-1674.0,,88.0
342.0,-389.0,,195.0,123.0,2380.0,-309.0,-1838.0,,74.0
405.0,-369.0,,193.0,107.0,2555.0,-167.0,-1879.0,,83.0
450.0,-360.0,,155.0,165.0,2911.0,-152.0,-1749.0,,101.0
448.0,-401.0,,128.0,224.0,3109.0,-180.0,-1768.0,,120.0
402.0,-379.0,,59.0,234.0,3186.0,-174.0,-1450.0,,140.0
466.0,-248.0,,34.0,269.0,3354.0,-261.0,-1358.0,,161.0
385.0,-114.0,,-9.0,232.0,3585.0,-143.0,-1053.0,,179.0
557.0,-24.0,,-36.0,178.0,3656.0,-228.0,-848.0,,179.0
452.0,103.0,,-27.0,180.0,3421.0,-96.0,-798.0,,189.0
438.0,266.0,,-93.0,133.0,3213.0,-65.0,-604.0,,206.0
432.0,316.0,,-144.0,126.0,3090.0,-43.0,-648.0,,223.0
503.0,282.0,,-154.0,172.0,2978.0,-84.0,-465.0,,253.0
565.0,309.0,,-173.0,164.0,3029.0,-178.0,-582.0,,278.0
448.0,335.0,,-221.0,166.0,3144.0,59.0,-493.0,,308.0
605.0,209.0,,-187.0,113.0,3144.0,-133.0,-388.0,,334.0
423.0,-19.0,,-126.0,2.0,3014.0,-162.0,-469.0,,366.0
599.0,-212.0,,-90.0,-22.0,2870.0,-63.0,-284.0,,418.0
545.0,-333.0,,-3.0,-49.0,2985.0,40.0,-552.0,,472.0
598.0,-350.0,,26.0,-55.0,3190.0,99.0,-698.0,,514.0
621.0,-249.0,,69.0,7.0,3169.0,-32.0,-982.0,,541.0
498.0,-114.0,,104.0,-7.0,3011.0,139.0,-1088.0,,568.0
600.0,7.0,,155.0,-24.0,3092.0,48.0,-927.0,,589.0
463.0,16.0,,244.0,-9.0,3621.0,-4.0,-981.0,,610.0
702.0,-65.0,,266.0,-54.0,3922.0,-139.0,-801.0,,629.0
483.0,-77.0,,281.0,-44.0,3637.0,-79.0,-1016.0,,651.0
503.0,-60.0,,273.0,5.0,3364.0,161.0,-994.0,,665.0
471.0,-103.0,,276.0,16.0,3420.0,29.0,-1014.0,,666.0
436.0,-225.0,,266.0,64.0,3459.0,79.0,-1160.0,,658.0
496.0,-311.0,,263.0,104.0,3128.0,-69.0,-1058.0,,618.0
281.0,-312.0,,247.0,126.0,2675.0,-56.0,-1245.0,,569.0
491.0,-275.0,,252.0,196.0,2416.0,8.0,-1027.0,,502.0
271.0,-189.0,,245.0,208.0,2301.0,90.0,-1042.0,,425.0
295.0,-70.0,,209.0,202.0,2356.0,127.0,-1029.0,,352.0
204.0,70.0,,218.0,234.0,2353.0,-93.0,-933.0,,266.0
221.0,132.0,,152.0,208.0,2173.0,115.0,-1069.0,,185.0
341.0,183.0,,125.0,200.0,2051.0,129.0,-916.0,,122.0
165.0,302.0,,145.0,200.0,2057.0,116.0,-1042.0,,87.0
295.0,418.0,,140.0,150.0,2167.0,7.0,-872.0,,70.0
177.0,497.0,,121.0,152.0,2178.0,-25.0,-825.0,,65.0
252.0,520.0,,140.0,138.0,2115.0,227.0,-772.0,,81.0
159.0,565.0,,204.0,52.0,2163.0,125.0,-539.0,,113.0
170.0,541.0,,183.0,-2.0,2316.0,175.0,-556.0,,138.0
305.0,449.0,,220.0,-61.0,2277.0,67.0,-123.0,,168.0
214.0,401.0,,279.0,-118.0,2050.0,0.0,70.0,,202.0
270.0,347.0,,248.0,-131.0,2038.0,68.0,317.0,,218.0
210.0,312.0,,264.0,-188.0,2279.0,48.0,378.0,,245.0
218.0,272.0,,317.0,-209.0,2471.0,118.0,216.0,,259.0
208.0,268.0,,373.0,-141.0,2341.0,115.0,279.0,,263.0
219.0,301.0,,394.0,-111.0,2232.0,349.0,49.0,,270.0
253.0,343.0,,407.0,-64.0,2305.0,240.0,144.0,,279.0
244.0,333.0,,384.0,-3.0,2343.0,114.0,90.0,,284.0
200.0,240.0,,349.0,-10.0,2252.0,185.0,166.0,,276.0
242.0,157.0,,349.0,19.0,2131.0,137.0,277.0,,267.0
272.0,-2.0,,316.0,52.0,2449.0,341.0,38.0,,247.0
285.0,-150.0,,247.0,50.0,2957.0,263.0,97.0,,229.0
259.0,-204.0,,148.0,115.0,3125.0,137.0,-46.0,,209.0
176.0,-195.0,,114.0,148.0,3053.0,119.0,38.0,,194.0
262.0,-158.0,,115.0,131.0,2967.0,183.0,-7.0,,201.0
218.0,-189.0,,120.0,143.0,3135.0,220.0,-77.0,,207.0
286.0,-143.0,,124.0,121.0,3186.0,103.0,116.0,,217.0
186.0,-34.0,,135.0,115.0,2737.0,191.0,-16.0,,220.0
116.0,67.0,,176.0,161.0,2393.0,144.0,72.0,,228.0
228.0,197.0,,191.0,200.0,2266.0,200.0,-92.0,,238.0
195.0,294.0,,249.0,278.0,2166.0,275.0,-112.0,,227.0
255.0,387.0,,280.0,347.0,2051.0,278.0,-29.0,,220.0
95.0,401.0,,252.0,338.0,1686.0,204.0,-129.0,,218.0
132.0,279.0,,272.0,339.0,1321.0,69.0,7.0,,215.0
170.0,177.0,,289.0,311.0,1214.0,159.0,-201.0,,220.0
163.0,119.0,,298.0,228.0,1204.0,75.0,-214.0,,213.0
197.0,-1.0,,278.0,175.0,1146.0,202.0,-304.0,,201.0
120.0,-107.0,,277.0,102.0,952.0,227.0,-323.0,,194.0
226.0,-75.0,,325.0,31.0,740.0,49.0,-59.0,,184.0
117.0,4.0,,318.0,31.0,696.0,140.0,44.0,,178.0
210.0,74.0,,321.0,1.0,680.0,147.0,360.0,,184.0
163.0,64.0,,335.0,-71.0,568.0,242.0,297.0,,207.0
110.0,34.0,,332.0,-99.0,473.0,235.0,306.0,,235.0
188.0,24.0,,342.0,-122.0,437.0,210.0,280.0,,275.0
85.0,0.0,,342.0,-95.0,369.0,193.0,110.0,,326.0
182.0,55.0,,335.0,-21.0,284.0,133.0,138.0,,358.0
92.0,92.0,,295.0,-8.0,69.0,137.0,-109.0,,364.0
160.0,128.0,,257.0,-9.0,-68.0,21.0,14.0,,349.0
8.0,115.0,,245.0,0.0,-90.0,100.0,33.0,,317.0
44.0,21.0,,240.0,-42.0,-280.0,71.0,57.0,,261.0
124.0,-18.0,,252.0,-69.0,-440.0,35.0,79.0,,196.0
63.0,-9.0,,228.0,-66.0,-644.0,68.0,-103.0,,142.0
180.0,24.0,,207.0,-101.0,-819.0,63.0,110.0,,83.0
-55.0,12.0,,208.0,-113.0,-739.0,157.0,-38.0,,42.0
24.0,54.0,,200.0,-101.0,-477.0,55.0,-72.0,,15.0
-123.0,78.0,,210.0,-86.0,-343.0,51.0,-155.0,,7.0
24.0,105.0,,207.0,-9.0,-278.0,49.0,-194.0,,27.0
38.0,185.0,,221.0,74.0,-132.0,52.0,33.0,,58.0
-122.0,191.0,,234.0,125.0,-215.0,-17.0,29.0,,101.0
-113.0,179.0,,263.0,202.0,-511.0,-73.0,412.0,,161.0
-303.0,138.0,,336.0,265.0,-873.0,4.0,532.0,,228.0
-38.0,88.0,,337.0,266.0,-1011.0,-110.0,759.0,,289.0
-240.0,20.0,,320.0,262.0,-1065.0,12.0,962.0,,350.0
-239.0,-38.0,,320.0,216.0,-1338.0,54.0,925.0,,399.0
-335.0,-58.0,,311.0,143.0,-1550.0,4.0,1103.0,,444.0
-382.0,-84.0,,316.0,104.0,-1462.0,37.0,921.0,,486.0
-276.0,-188.0,,299.0,48.0,-1247.0,41.0,970.0,,520.0
-363.0,-314.0,,299.0,7.0,-1241.0,-2.0,779.0,,554.0
-215.0,-300.0,,321.0,22.0,-1346.0,-183.0,593.0,,578.0
-381.0,-206.0,,332.0,17.0,-1308.0,-95.0,543.0,,579.0
-267.0,-145.0,,304.0,18.0,-1171.0,-32.0,280.0,,552.0
-294.0,-126.0,,245.0,41.0,-1002.0,57.0,528.0,,497.0
-213.0,-90.0,,221.0,9.0,-926.0,76.0,580.0,,424.0
-197.0,-44.0,,186.0,-14.0,-1204.0,-83.0,742.0,,344.0
-225.0,38.0,,132.0,0.0,-1544.0,-59.0,807.0,,261.0
-179.0,61.0,,89.0,-22.0,-1529.0,3.0,670.0,,198.0
-265.0,-14.0,,81.0,-19.0,-1336.0,86.0,670.0,,148.0
-112.0,-86.0,,92.0,1.0,-1281.0,-7.0,282.0,,109.0
-155.0,-132.0,,93.0,-34.0,-1355.0,-36.0,149.0,,99.0
-15.0,-157.0,,120.0,-51.0,-1506.0,-45.0,-112.0,,105.0
-148.0,-163.0,,145.0,-69.0,-1629.0,-45.0,-210.0,,128.0
-69.0,-69.0,,173.0,-119.0,-1522.0,34.0,-208.0,,177.0
30.0,39.0,,179.0,-113.0,-1487.0,-12.0,-388.0,,241.0
4.0,68.0,,183.0,-124.0,-1591.0,-4.0,-212.0,,305.0
121.0,3.0,,194.0,-174.0,-1568.0,-47.0,-245.0,,362.0
0.0,-48.0,,199.0,-168.0,-1440.0,47.0,-44.0,,403.0
128.0,-3.0,,235.0,-153.0,-1467.0,40.0,-62.0,,428.0
34.0,-23.0,,253.0,-138.0,-1667.0,-105.0,-190.0,,444.0
101.0,-103.0,,259.0,-98.0,-1632.0,-166.0,-138.0,,437.0
69.0,-142.0,,273.0,-105.0,-1498.0,-71.0,-247.0,,411.0
41.0,-165.0,,283.0,-115.0,-1608.0,172.0,-36.0,,371.0
90.0,-285.0,,285.0,-66.0,-1921.0,45.0,-151.0,,310.0
85.0,-442.0,,307.0,-41.0,-2102.0,-79.0,-49.0,,241.0
203.0,-478.0,,321.0,-34.0,-1978.0,-20.0,20.0,,186.0
71.0,-506.0,,311.0,-21.0,-1909.0,48.0,-46.0,,129.0
123.0,-575.0,,327.0,-53.0,-2021.0,-59.0,134.0,,74.0
-29.0,-642.0,,311.0,-79.0,-2220.0,-183.0,-79.0,,31.0
39.0,-667.0,,277.0,-109.0,-2301.0,-22.0,35.0,,-8.0
118.0,-606.0,,242.0,-191.0,-2070.0,7.0,-24.0,,-30.0
116.0,-523.0,,183.0,-231.0,-1873.0,0.0,25.0,,-48.0
49.0,-432.0,,173.0,-237.0,-1924.0,-47.0,236.0,,-54.0
-114.0,-360.0,,181.0,-264.0,-2159.0,-66.0,197.0,,-43.0
63.0,-272.0,,183.0,-242.0,-2262.0,-28.0,412.0,,-35.0
-34.0,-171.0,,177.0,-200.0,-2033.0,5.0,293.0,,-19.0
-1.0,-120.0,,160.0,-201.0,-1968.0,56.0,380.0,,-11.0
-138.0,-93.0,,155.0,-175.0,-2141.0,34.0,334.0,,-7.0
-154.0,-47.0,,133.0,-146.0,-2230.0,92.0,232.0,,-16.0
-163.0,-1.0,,119.0,-115.0,-2178.0,14.0,240.0,,-46.0
-264.0,29.0,,131.0,-40.0,-2063.0,-28.0,-55.0,,-68.0
-122.0,131.0,,168.0,-12.0,-1871.0,-7.0,1.0,,-90.0
-233.0,239.0,,202.0,-21.0,-1538.0,-38.0,-169.0,,-109.0
-233.0,315.0,,229.0,7.0,-1180.0,4.0,-157.0,,-116.0
-367.0,351.0,,263.0,11.0,-824.0,74.0,-168.0,,-108.0
-303.0,326.0,,275.0,-1.0,-600.0,154.0,-441.0,,-86.0
-304.0,262.0,,283.0,7.0,-573.0,-6.0,-471.0,,-53.0
-325.0,207.0,,296.0,-12.0,-472.0,-28.0,-757.0,,2.0
-315.0,194.0,,294.0,-20.0,-172.0,104.0,-731.0,,59.0
-425.0,165.0,,264.0,7.0,-57.0,76.0,-702.0,,126.0
-382.0,175.0,,235.0,7.0,-283.0,30.0,-585.0,,207.0
-504.0,182.0,,204.0,-4.0,-462.0,-67.0,-412.0,,280.0
-343.0,161.0,,169.0,-19.0,-370.0,-4.0,-576.0,,345.0
-448.0,89.0,,140.0,-53.0,-262.0,121.0,-541.0,,397.0
-506.0,-29.0,,87.0,-36.0,-548.0,112.0,-831.0,,451.0
-471.0,-61.0,,16.0,4.0,-868.0,1.0,-899.0,,499.0
-561.0,-54.0,,-50.0,6.0,-868.0,36.0,-914.0,,533.0
-511.0,-28.0,,-99.0,38.0,-775.0,74.0,-1034.0,,559.0
-552.0,-32.0,,-119.0,93.0,-794.0,-19.0,-755.0,,569.0
-474.0,-20.0,,-105.0,126.0,-1030.0,90.0,-735.0,,566.0
-668.0,17.0,,-97.0,164.0,-1207.0,73.0,-572.0,,549.0
-643.0,-44.0,,-91.0,189.0,-1128.0,1.0,-633.0,,500.0
-620.0,-160.0,,-96.0,209.0,-1042.0,13.0,-727.0,,437.0
-673.0,-235.0,,-125.0,247.0,-939.0,113.0,-705.0,,362.0
-607.0,-202.0,,-131.0,248.0,-792.0,148.0,-909.0,,269.0
-689.0,-178.0,,-120.0,208.0,-774.0,-110.0,-824.0,,178.0
-645.0,-147.0,,-110.0,169.0,-783.0,-136.0,-1056.0,,97.0
-693.0,1.0,,-98.0,110.0,-751.0,55.0,-1086.0,,23.0
-621.0,174.0,,-72.0,47.0,-650.0,144.0,-1138.0,,-55.0
-687.0,254.0,,-47.0,29.0,-640.0,-20.0,-1321.0,,-131.0
-677.0,236.0,,-15.0,6.0,-792.0,-61.0,-1274.0,,-200.0
-498.0,156.0,,-1.0,-26.0,-857.0,71.0,-1640.0,,-276.0
-555.0,39.0,,-29.0,-14.0,-938.0,34.0,-1672.0,,-352.0
-579.0,-98.0,,-67.0,-2.0,-1113.0,18.0,-1710.0,,-425.0
-590.0,-289.0,,-121.0,15.0,-1304.0,-78.0,-1496.0,,-481.0
-503.0,-362.0,,-166.0,46.0,-1500.0,-66.0,-1108.0,,-516.0
-482.0,-271.0,,-196.0,35.0,-1707.0,-19.0,-977.0,,-547.0
-446.0,-133.0,,-249.0,31.0,-1851.0,-48.0,-661.0,,-561.0
-461.0,59.0,,-284.0,56.0,-1752.0,61.0,-742.0,,-549.0
-456.0,280.0,,-283.0,41.0,-1467.0,48.0,-598.0,,-521.0
-339.0,474.0,,-290.0,4.0,-1366.0,-51.0,-642.0,,-478.0
-418.0,634.0,,-284.0,-18.0,-1529.0,-68.0,-729.0,,-420.0
-383.0,687.0,,-233.0,-58.0,-1556.0,59.0,-502.0,,-348.0
-310.0,620.0,,-186.0,-69.0,-1173.0,136.0,-515.0,,-275.0
-195.0,591.0,,-168.0,-82.0,-674.0,71.0,-282.0,,-202.0
-256.0,525.0,,-135.0,-123.0,-450.0,67.0,-415.0,,-127.0
-359.0,440.0,,-97.0,-102.0,-505.0,22.0,-441.0,,-62.0
-193.0,418.0,,-82.0,-80.0,-578.0,14.0,-478.0,,-3.0
-78.0,396.0,,-88.0,-126.0,-484.0,46.0,-630.0,,58.0
-66.0,379.0,,-89.0,-148.0,-498.0,47.0,-543.0,,121.0
-218.0,315.0,,-93.0,-136.0,-821.0,61.0,-838.0,,198.0
-152.0,226.0,,-114.0,-101.0,-1261.0,-27.0,-905.0,,296.0
-88.0,169.0,,-121.0,-11.0,-1388.0,-31.0,-1145.0,,419.0
-50.0,137.0,,-155.0,55.0,-1305.0,65.0,-1230.0,,568.0
-112.0,119.0,,-177.0,78.0,-1427.0,152.0,-1180.0,,721.0
-206.0,146.0,,-172.0,133.0,-1519.0,166.0,-1313.0,,853.0
-57.0,148.0,,-198.0,156.0,-1334.0,26.0,-1149.0,,958.0
-155.0,151.0,,-226.0,157.0,-778.0,-12.0,-1354.0,,1042.0
-136.0,205.0,,-259.0,196.0,-258.0,-26.0,-1219.0,,1081.0
-189.0,189.0,,-307.0,180.0,-141.0,-74.0,-1184.0,,1086.0
-152.0,175.0,,-351.0,149.0,-262.0,-32.0,-1289.0,,1058.0
-138.0,190.0,,-388.0,153.0,-332.0,27.0,-1243.0,,997.0
-257.0,208.0,,-388.0,111.0,-223.0,-20.0,-1515.0,,915.0
-198.0,160.0,,-346.0,101.0,-273.0,-63.0,-1450.0,,826.0
-214.0,84.0,,-310.0,137.0,-432.0,1.0,-1624.0,,744.0
-160.0,84.0,,-313.0,134.0,-570.0,-39.0,-1627.0,,656.0
-372.0,84.0,,-341.0,145.0,-717.0,-109.0,-1653.0,,570.0
-264.0,131.0,,-352.0,163.0,-820.0,-172.0,-1770.0,,483.0
-219.0,205.0,,-363.0,147.0,-859.0,-124.0,-1450.0,,412.0
-276.0,268.0,,-377.0,161.0,-884.0,-7.0,-1376.0,,354.0
-310.0,277.0,,-367.0,145.0,-925.0,-57.0,-1014.0,,289.0
-440.0,256.0,,-359.0,63.0,-797.0,-140.0,-798.0,,230.0
-178.0,252.0,,-330.0,40.0,-557.0,-217.0,-618.0,,170.0
-233.0,206.0,,-301.0,15.0,-383.0,-265.0,-424.0,,107.0
-188.0,154.0,,-291.0,-38.0,-310.0,-298.0,-559.0,,44.0
-354.0,103.0,,-252.0,-59.0,-175.0,-295.0,-447.0,,-11.0
-241.0,123.0,,-219.0,-119.0,30.0,-263.0,-611.0,,-37.0
-166.0,153.0,,-221.0,-164.0,55.0,-183.0,-606.0,,-37.0
-252.0,174.0,,-243.0,-167.0,-143.0,-161.0,-593.0,,-17.0
-96.0,201.0,,-276.0,-208.0,-455.0,-221.0,-635.0,,44.0
-258.0,212.0,,-261.0,-223.0,-421.0,-227.0,-417.0,,115.0
-2.0,247.0,,-236.0,-192.0,-431.0,-303.0,-406.0,,207.0
-240.0,239.0,,-260.0,-190.0,-809.0,-313.0,-186.0,,312.0
-79.0,207.0,,-260.0,-182.0,-1033.0,-322.0,-330.0,,413.0
0.0,112.0,,-237.0,-146.0,-1444.0,-291.0,-480.0,,532.0
-75.0,-5.0,,-240.0,-154.0,-1320.0,-225.0,-495.0,,636.0
49.0,-87.0,,-259.0,-156.0,-1121.0,-283.0,-698.0,,743.0
-218.0,-156.0,,-281.0,-161.0,-1464.0,-302.0,-598.0,,842.0
38.0,-205.0,,-284.0,-209.0,-1201.0,-353.0,-722.0,,918.0
-93.0,-280.0,,-285.0,-205.0,-878.0,-328.0,-631.0,,970.0
106.0,-338.0,,-301.0,-191.0,-387.0,-275.0,-596.0,,983.0
33.0,-382.0,,-332.0,-189.0,-84.0,-286.0,-569.0,,965.0
-48.0,-357.0,,-349.0,-130.0,-397.0,-275.0,-349.0,,911.0
79.0,-321.0,,-363.0,-84.0,-383.0,-252.0,-513.0,,839.0
-5.0,-289.0,,-366.0,-63.0,-79.0,-236.0,-424.0,,743.0
219.0,-137.0,,-335.0,-12.0,150.0,-373.0,-526.0,,632.0
35.0,26.0,,-307.0,18.0,146.0,-485.0,-550.0,,516.0
195.0,127.0,,-280.0,29.0,292.0,-482.0,-609.0,,395.0
53.0,146.0,,-283.0,71.0,513.0,-455.0,-842.0,,269.0
51.0,185.0,,-299.0,87.0,449.0,-377.0,-783.0,,139.0
189.0,249.0,,-312.0,87.0,414.0,-344.0,-1005.0,,29.0
79.0,203.0,,-333.0,88.0,510.0,-422.0,-881.0,,-75.0
140.0,43.0,,-358.0,8.0,603.0,-503.0,-870.0,,-155.0
19.0,-100.0,,-384.0,-52.0,687.0,-422.0,-768.0,,-199.0
173.0,-126.0,,-367.0,-64.0,676.0,-350.0,-371.0,,-220.0
141.0,-180.0,,-342.0,-113.0,667.0,-392.0,-243.0,,-218.0
17.0,-266.0,,-318.0,-126.0,674.0,-456.0,88.0,,-195.0
-42.0,-259.0,,-292.0,-110.0,724.0,-539.0,14.0,,-155.0
-10.0,-157.0,,-278.0,-126.0,975.0,-501.0,-11.0,,-108.0
39.0,-50.0,,-261.0,-125.0,1076.0,-422.0,-103.0,,-60.0
-79.0,11.0,,-262.0,-97.0,918.0,-464.0,-271.0,,-14.0
-140.0,74.0,,-298.0,-80.0,1260.0,-528.0,-144.0,,18.0
-178.0,168.0,,-346.0,-39.0,1984.0,-557.0,-249.0,,23.0
-127.0,192.0,,-377.0,-31.0,2125.0,-557.0,-59.0,,21.0
-190.0,67.0,,-415.0,-75.0,1870.0,-553.0,-103.0,,-3.0
-233.0,-38.0,,-457.0,-54.0,1722.0,-473.0,-116.0,,-37.0
-233.0,-79.0,,-481.0,-27.0,2022.0,-412.0,-96.0,,-56.0
-241.0,-152.0,,-501.0,-13.0,2108.0,-434.0,-339.0,,-86.0
-213.0,-315.0,,-490.0,27.0,1677.0,-472.0,-254.0,,-112.0
-315.0,-450.0,,-467.0,11.0,1523.0,-507.0,-380.0,,-152.0
-246.0,-424.0,,-481.0,-35.0,1647.0,-449.0,-153.0,,-185.0
-200.0,-384.0,,-502.0,-78.0,1828.0,-411.0,136.0,,-228.0
-250.0,-427.0,,-532.0,-123.0,1715.0,-343.0,423.0,,-277.0
-266.0,-429.0,,-578.0,-103.0,1540.0,-328.0,855.0,,-314.0
-348.0,-275.0,,-606.0,-31.0,1519.0,-398.0,953.0,,-347.0
-208.0,-156.0,,-633.0,6.0,1753.0,-371.0,1324.0,,-347.0
-207.0,-210.0,,-655.0,44.0,2099.0,-317.0,1376.0,,-337.0
-224.0,-316.0,,-672.0,86.0,2152.0,-227.0,1489.0,,-309.0
-263.0,-330.0,,-704.0,84.0,2157.0,-242.0,1550.0,,-265.0
-324.0,-317.0,,-684.0,108.0,2258.0,-281.0,1459.0,,-198.0
-244.0,-450.0,,-645.0,119.0,2326.0,-278.0,1681.0,,-116.0
-299.0,-580.0,,-640.0,65.0,2064.0,-224.0,1437.0,,-51.0
-183.0,-590.0,,-615.0,37.0,1838.0,-144.0,1463.0,,27.0
-286.0,-595.0,,-602.0,-16.0,1819.0,-183.0,1411.0,,90.0
-287.0,-686.0,,-590.0,-100.0,1841.0,-174.0,1417.0,,140.0
-251.0,-660.0,,-584.0,-128.0,1825.0,-230.0,1596.0,,187.0
-220.0,-470.0,,-581.0,-165.0,1703.0,-247.0,1465.0,,210.0
-43.0,-358.0,,-555.0,-216.0,1751.0,-227.0,1690.0,,223.0
-159.0,-320.0,,-511.0,-239.0,1840.0,-241.0,1666.0,,222.0
-123.0,-293.0,,-435.0,-268.0,1884.0,-159.0,1903.0,,219.0
-165.0,-245.0,,-367.0,-275.0,1861.0,-155.0,1932.0,,204.0
-69.0,-260.0,,-318.0,-227.0,1741.0,-146.0,1618.0,,175.0
-60.0,-276.0,,-286.0,-180.0,1714.0,-131.0,1576.0,,142.0
-84.0,-233.0,,-257.0,-102.0,1688.0,-102.0,1208.0,,93.0
-53.0,-191.0,,-245.0,-45.0,1523.0,-56.0,1206.0,,41.0
-10.0,-121.0,,-239.0,-79.0,1469.0,-57.0,1034.0,,-25.0
39.0,-106.0,,-242.0,-59.0,1431.0,-90.0,1008.0,,-106.0
-101.0,-111.0,,-263.0,-24.0,1275.0,-122.0,1206.0,,-181.0
18.0,-144.0,,-255.0,-49.0,1285.0,-29.0,1263.0,,-253.0
-23.0,-177.0,,-235.0,-61.0,1535.0,59.0,1585.0,,-325.0
98.0,-168.0,,-210.0,-114.0,1616.0,93.0,1518.0,,-388.0
-88.0,-99.0,,-185.0,-157.0,1376.0,23.0,1566.0,,-434.0
-32.0,45.0,,-183.0,-114.0,1254.0,-51.0,1439.0,,-460.0
122.0,103.0,,-201.0,-100.0,1223.0,-51.0,1420.0,,-467.0
-18.0,85.0,,-214.0,-104.0,1006.0,-74.0,1607.0,,-463.0
15.0,91.0,,-196.0,-87.0,534.0,-1.0,1622.0,,-454.0
-130.0,107.0,,-166.0,-116.0,329.0,50.0,1984.0,,-446.0
195.0,79.0,,-133.0,-125.0,519.0,46.0,2086.0,,-436.0
51.0,40.0,,-98.0,-76.0,541.0,59.0,2407.0,,-422.0
61.0,31.0,,-65.0,-41.0,505.0,43.0,2535.0,,-398.0
29.0,17.0,,-26.0,8.0,540.0,39.0,2424.0,,-367.0
60.0,56.0,,15.0,63.0,540.0,92.0,2533.0,,-314.0
213.0,153.0,,71.0,74.0,496.0,138.0,2418.0,,-239.0
2.0,174.0,,116.0,115.0,492.0,116.0,2658.0,,-158.0
117.0,84.0,,128.0,129.0,556.0,101.0,2568.0,,-76.0
-117.0,-45.0,,116.0,61.0,763.0,124.0,2490.0,,-13.0
85.0,-85.0,,79.0,24.0,991.0,173.0,2631.0,,50.0
4.0,-55.0,,52.0,-17.0,1034.0,171.0,2616.0,,90.0
14.0,-141.0,,25.0,-76.0,984.0,174.0,2871.0,,108.0
7.0,-203.0,,22.0,-83.0,838.0,199.0,2738.0,,104.0
-128.0,-91.0,,32.0,-95.0,555.0,187.0,2767.0,,67.0
56.0,-42.0,,24.0,-84.0,256.0,191.0,2699.0,,30.0
-114.0,-163.0,,49.0,-43.0,166.0,258.0,2464.0,,-21.0
93.0,-156.0,,92.0,-39.0,-60.0,311.0,2509.0,,-72.0
-93.0,24.0,,123.0,11.0,-438.0,219.0,2379.0,,-120.0
-26.0,125.0,,150.0,109.0,-682.0,192.0,2596.0,,-159.0
-7.0,129.0,,203.0,145.0,-750.0,224.0,2501.0,,-179.0
-62.0,142.0,,254.0,165.0,-524.0,252.0,2437.0,,-198.0
112.0,197.0,,268.0,148.0,-307.0,309.0,2446.0,,-209.0
-26.0,176.0,,287.0,64.0,-123.0,320.0,2226.0,,-231.0
102.0,33.0,,296.0,42.0,-141.0,344.0,2355.0,,-257.0
-2.0,-115.0,,287.0,33.0,-392.0,304.0,2128.0,,-288.0
99.0,-180.0,,276.0,8.0,-605.0,274.0,2119.0,,-326.0
47.0,-266.0,,262.0,19.0,-781.0,278.0,2019.0,,-369.0
54.0,-439.0,,237.0,-31.0,-867.0,326.0,1871.0,,-413.0
83.0,-520.0,,198.0,-99.0,-1035.0,377.0,1801.0,,-444.0
-27.0,-451.0,,185.0,-118.0,-1164.0,353.0,1563.0,,-478.0
87.0,-366.0,,183.0,-155.0,-1139.0,344.0,1845.0,,-504.0
-14.0,-373.0,,205.0,-146.0,-1112.0,272.0,1827.0,,-523.0
0.0,-376.0,,257.0,-61.0,-1132.0,252.0,2106.0,,-525.0
-144.0,-194.0,,285.0,-2.0,-1293.0,275.0,2522.0,,-526.0
20.0,28.0,,299.0,47.0,-1473.0,357.0,2675.0,,-531.0
15.0,82.0,,332.0,76.0,-1474.0,399.0,2736.0,,-533.0
-1.0,69.0,,375.0,49.0,-1560.0,328.0,2289.0,,-557.0
57.0,139.0,,394.0,65.0,-1828.0,356.0,2078.0,,-583.0
-167.0,222.0,,371.0,72.0,-1926.0,352.0,1869.0,,-613.0
-61.0,113.0,,329.0,24.0,-1852.0,353.0,1964.0,,-643.0
-35.0,-61.0,,301.0,18.0,-1667.0,327.0,2028.0,,-670.0
85.0,-43.0,,289.0,-6.0,-1358.0,345.0,1810.0,,-672.0
0.0,10.0,,287.0,-50.0,-1027.0,412.0,1831.0,,-665.0
15.0,-82.0,,283.0,-60.0,-753.0,411.0,1496.0,,-647.0
46.0,-151.0,,274.0,-96.0,-586.0,437.0,1431.0,,-594.0
169.0,-33.0,,265.0,-96.0,-519.0,439.0,1282.0,,-547.0
211.0,76.0,,246.0,-75.0,-515.0,490.0,1206.0,,-497.0
93.0,53.0,,219.0,-100.0,-592.0,399.0,1459.0,,-444.0
192.0,-32.0,,197.0,-82.0,-827.0,311.0,1480.0,,-378.0
146.0,-39.0,,210.0,-36.0,-1274.0,343.0,1753.0,,-295.0
223.0,29.0,,228.0,-39.0,-1816.0,352.0,1725.0,,-212.0
150.0,33.0,,262.0,-20.0,-2164.0,405.0,1886.0,,-123.0
323.0,24.0,,317.0,-8.0,-2328.0,306.0,2084.0,,-45.0
212.0,39.0,,371.0,-51.0,-2436.0,245.0,1991.0,,30.0
199.0,53.0,,423.0,-46.0,-2356.0,228.0,2135.0,,99.0
211.0,61.0,,465.0,-54.0,-2041.0,204.0,2056.0,,146.0
203.0,93.0,,512.0,-84.0,-1659.0,188.0,2233.0,,188.0
305.0,149.0,,532.0,-52.0,-1327.0,162.0,2204.0,,216.0
139.0,229.0,,543.0,-37.0,-1039.0,216.0,2243.0,,226.0
357.0,332.0,,546.0,-34.0,-687.0,212.0,2468.0,,228.0
75.0,420.0,,517.0,-4.0,-377.0,224.0,2148.0,,226.0
145.0,488.0,,500.0,-11.0,-394.0,151.0,2102.0,,225.0
208.0,480.0,,500.0,14.0,-595.0,92.0,1829.0,,215.0
279.0,447.0,,507.0,84.0,-843.0,118.0,1662.0,,205.0
300.0,437.0,,512.0,120.0,-1089.0,154.0,1679.0,,202.0
53.0,420.0,,508.0,179.0,-1216.0,174.0,1583.0,,188.0
220.0,321.0,,506.0,222.0,-1460.0,127.0,1670.0,,157.0
82.0,158.0,,501.0,195.0,-1836.0,168.0,1561.0,,112.0
276.0,29.0,,492.0,156.0,-1984.0,196.0,1751.0,,55.0
209.0,-97.0,,484.0,64.0,-1701.0,210.0,1489.0,,-20.0
216.0,-229.0,,468.0,-30.0,-1282.0,103.0,1269.0,,-116.0
147.0,-338.0,,447.0,-28.0,-987.0,44.0,1217.0,,-222.0
83.0,-372.0,,459.0,-29.0,-630.0,84.0,757.0,,-333.0
274.0,-397.0,,480.0,-22.0,-264.0,110.0,792.0,,-430.0
46.0,-424.0,,479.0,35.0,108.0,166.0,611.0,,-502.0
148.0,-388.0,,492.0,39.0,365.0,95.0,674.0,,-555.0
47.0,-308.0,,512.0,41.0,301.0,176.0,652.0,,-574.0
170.0,-189.0,,529.0,41.0,141.0,136.0,402.0,,-551.0
253.0,-108.0,,550.0,-12.0,-162.0,44.0,454.0,,-501.0
52.0,-16.0,,532.0,-3.0,-445.0,15.0,179.0,,-427.0
54.0,79.0,,497.0,32.0,-447.0,-14.0,271.0,,-344.0
42.0,124.0,,489.0,36.0,-515.0,105.0,253.0,,-236.0
291.0,146.0,,494.0,78.0,-629.0,20.0,334.0,,-129.0
135.0,189.0,,482.0,72.0,-519.0,-4.0,430.0,,-25.0
40.0,269.0,,441.0,15.0,-185.0,-44.0,319.0,,87.0
94.0,301.0,,393.0,-18.0,-55.0,-7.0,578.0,,176.0
28.0,350.0,,333.0,-85.0,-121.0,3.0,471.0,,256.0
166.0,473.0,,324.0,-119.0,63.0,-160.0,548.0,,309.0
47.0,594.0,,327.0,-124.0,83.0,-127.0,545.0,,338.0
156.0,603.0,,319.0,-190.0,-146.0,-130.0,617.0,,362.0
131.0,576.0,,325.0,-206.0,-407.0,-31.0,837.0,,367.0
6.0,596.0,,271.0,-155.0,-479.0,-34.0,598.0,,355.0
124.0,604.0,,265.0,-118.0,-350.0,-69.0,567.0,,325.0
40.0,600.0,,302.0,-47.0,-448.0,-103.0,291.0,,294.0
100.0,498.0,,319.0,6.0,-715.0,-191.0,277.0,,246.0
58.0,365.0,,362.0,22.0,-868.0,-143.0,301.0,,180.0
32.0,280.0,,396.0,101.0,-762.0,-213.0,142.0,,108.0
52.0,209.0,,391.0,164.0,-780.0,-118.0,384.0,,10.0
-10.0,109.0,,349.0,180.0,-872.0,-59.0,415.0,,-111.0
95.0,7.0,,311.0,200.0,-678.0,-1.0,591.0,,-241.0
102.0,21.0,,315.0,133.0,-125.0,-17.0,423.0,,-381.0
129.0,72.0,,327.0,79.0,398.0,-244.0,84.0,,-523.0
87.0,92.0,,292.0,81.0,354.0,-238.0,-186.0,,-666.0
49.0,107.0,,250.0,9.0,264.0,-169.0,-558.0,,-796.0
204.0,191.0,,178.0,-31.0,271.0,-35.0,-491.0,,-891.0
121.0,288.0,,138.0,-69.0,175.0,-30.0,-611.0,,-947.0
73.0,265.0,,193.0,-149.0,-106.0,-79.0,-556.0,,-961.0
26.0,204.0,,233.0,-156.0,-487.0,-62.0,-589.0,,-946.0
142.0,176.0,,266.0,-183.0,-664.0,-145.0,-726.0,,-907.0
206.0,139.0,,255.0,-214.0,-590.0,-194.0,-812.0,,-840.0
44.0,50.0,,243.0,-151.0,-295.0,-241.0,-1289.0,,-773.0
213.0,-46.0,,235.0,-123.0,-139.0,-141.0,-1245.0,,-708.0
196.0,-141.0,,202.0,-110.0,-33.0,-85.0,-1210.0,,-628.0
269.0,-286.0,,221.0,-34.0,314.0,-100.0,-1127.0,,-556.0
152.0,-461.0,,189.0,4.0,683.0,-88.0,-1090.0,,-480.0
89.0,-584.0,,190.0,67.0,688.0,-119.0,-1300.0,,-402.0
290.0,-591.0,,173.0,140.0,464.0,-110.0,-1337.0,,-339.0
256.0,-579.0,,112.0,109.0,358.0,-179.0,-1655.0,,-262.0
319.0,-546.0,,149.0,110.0,323.0,-91.0,-1474.0,,-189.0
127.0,-434.0,,160.0,114.0,466.0,0.0,-1278.0,,-112.0
174.0,-302.0,,190.0,56.0,533.0,-69.0,-1164.0,,-18.0
261.0,-154.0,,194.0,54.0,425.0,-20.0,-1005.0,,70.0
242.0,-59.0,,99.0,25.0,354.0,-70.0,-1106.0,,149.0
300.0,6.0,,44.0,-23.0,273.0,-142.0,-942.0,,221.0
183.0,89.0,,43.0,13.0,206.0,-141.0,-1206.0,,285.0
291.0,148.0,,24.0,23.0,36.0,-169.0,-1439.0,,326.0
284.0,152.0,,-13.0,48.0,-245.0,-140.0,-1723.0,,339.0
275.0,127.0,,-31.0,117.0,-477.0,-75.0,-2008.0,,337.0
366.0,111.0,,-40.0,103.0,-521.0,26.0,-1938.0,,332.0
298.0,67.0,,-47.0,106.0,-536.0,-40.0,-2091.0,,314.0
454.0,-6.0,,-91.0,125.0,-798.0,-115.0,-2001.0,,293.0
388.0,-97.0,,-140.0,95.0,-1086.0,-141.0,-2171.0,,267.0
295.0,-138.0,,-135.0,122.0,-1041.0,-188.0,-2124.0,,237.0
380.0,-116.0,,-117.0,122.0,-801.0,-92.0,-1982.0,,209.0
374.0,-141.0,,-148.0,82.0,-639.0,-126.0,-2232.0,,164.0
497.0,-195.0,,-211.0,102.0,-463.0,-127.0,-2119.0,,123.0
277.0,-213.0,,-227.0,50.0,-303.0,-184.0,-2171.0,,77.0
319.0,-211.0,,-211.0,-33.0,-115.0,-178.0,-1960.0,,18.0
335.0,-200.0,,-218.0,-31.0,-141.0,-91.0,-1953.0,,-44.0
308.0,-170.0,,-271.0,-56.0,-469.0,-228.0,-2015.0,,-99.0
384.0,-139.0,,-335.0,-44.0,-587.0,-182.0,-1638.0,,-153.0
252.0,-178.0,,-346.0,17.0,-539.0,-194.0,-1675.0,,-207.0
303.0,-225.0,,-357.0,32.0,-539.0,-105.0,-1600.0,,-237.0
210.0,-184.0,,-411.0,97.0,-726.0,-1.0,-1587.0,,-269.0
362.0,-105.0,,-442.0,154.0,-789.0,-99.0,-1431.0,,-290.0
359.0,-41.0,,-424.0,117.0,-445.0,-134.0,-1335.0,,-309.0
337.0,27.0,,-394.0,95.0,-24.0,-219.0,-1509.0,,-333.0
272.0,115.0,,-395.0,42.0,315.0,-141.0,-1478.0,,-347.0
317.0,138.0,,-384.0,-55.0,601.0,-148.0,-1727.0,,-365.0
386.0,117.0,,-317.0,-80.0,818.0,-151.0,-1642.0,,-377.0
268.0,75.0,,-256.0,-111.0,924.0,-112.0,-1570.0,,-384.0
273.0,42.0,,-226.0,-130.0,966.0,-155.0,-1613.0,,-388.0
248.0,55.0,,-228.0,-81.0,1003.0,-63.0,-1642.0,,-386.0
445.0,116.0,,-230.0,-89.0,1076.0,-70.0,-1925.0,,-376.0
201.0,190.0,,-240.0,-85.0,1045.0,-76.0,-1951.0,,-363.0
198.0,204.0,,-265.0,-69.0,758.0,-152.0,-2237.0,,-321.0
158.0,239.0,,-241.0,-98.0,383.0,-198.0,-2278.0,,-265.0
234.0,284.0,,-221.0,-37.0,294.0,-115.0,-2361.0,,-209.0
255.0,298.0,,-197.0,37.0,386.0,-93.0,-2594.0,,-140.0
51.0,235.0,,-176.0,76.0,523.0,-55.0,-2483.0,,-61.0
140.0,197.0,,-201.0,143.0,776.0,-130.0,-2699.0,,22.0
-35.0,205.0,,-249.0,140.0,930.0,-141.0,-2647.0,,94.0
115.0,90.0,,-275.0,95.0,984.0,-148.0,-2727.0,,171.0
-47.0,-38.0,,-242.0,101.0,989.0,-223.0,-2688.0,,241.0
2.0,-67.0,,-241.0,64.0,1005.0,-230.0,-2481.0,,291.0
32.0,-58.0,,-279.0,40.0,1080.0,-216.0,-2564.0,,329.0
47.0,-112.0,,-278.0,71.0,1219.0,-32.0,-2424.0,,363.0
35.0,-117.0,,-244.0,49.0,1397.0,21.0,-2777.0,,401.0
-268.0,-126.0,,-242.0,73.0,1618.0,-56.0,-2923.0,,428.0
-144.0,-224.0,,-231.0,116.0,1754.0,-133.0,-2991.0,,452.0
-142.0,-309.0,,-223.0,85.0,1629.0,-205.0,-2984.0,,469.0
55.0,-357.0,,-273.0,92.0,1491.0,-141.0,-2531.0,,479.0
-186.0,-370.0,,-298.0,74.0,1514.0,-185.0,-2411.0,,487.0
-304.0,-423.0,,-294.0,29.0,1656.0,-168.0,-2047.0,,502.0
-254.0,-384.0,,-301.0,64.0,1688.0,-201.0,-1975.0,,520.0
-206.0,-272.0,,-344.0,53.0,1636.0,-244.0,-1906.0,,519.0
-143.0,-158.0,,-388.0,20.0,1717.0,-135.0,-1816.0,,501.0
-363.0,-63.0,,-395.0,29.0,1849.0,-148.0,-1988.0,,460.0
-163.0,14.0,,-415.0,-18.0,1927.0,-105.0,-1977.0,,413.0
-251.0,82.0,,-422.0,-31.0,1917.0,-168.0,-2159.0,,364.0
-287.0,67.0,,-380.0,-23.0,1827.0,-175.0,-1910.0,,323.0
-351.0,42.0,,-339.0,-78.0,1729.0,-86.0,-1797.0,,299.0
-256.0,-5.0,,-323.0,-98.0,1697.0,-92.0,-1714.0,,274.0
-188.0,-8.0,,-317.0,-135.0,1746.0,-75.0,-1701.0,,265.0
-286.0,-38.0,,-294.0,-214.0,1778.0,-166.0,-2032.0,,262.0
-266.0,-117.0,,-258.0,-191.0,1686.0,-107.0,-1921.0,,240.0
-397.0,-160.0,,-245.0,-145.0,1592.0,-67.0,-2050.0,,216.0
-241.0,-161.0,,-218.0,-121.0,1699.0,-79.0,-1997.0,,190.0
-280.0,-172.0,,-154.0,-70.0,1938.0,-32.0,-2156.0,,181.0
-211.0,-249.0,,-118.0,-110.0,2057.0,-20.0,-2444.0,,183.0
-287.0,-230.0,,-80.0,-129.0,2085.0,63.0,-2278.0,,198.0
-225.0,-182.0,,-82.0,-95.0,2241.0,65.0,-2376.0,,225.0
-161.0,-142.0,,-115.0,-121.0,2410.0,106.0,-2317.0,,238.0
-251.0,-135.0,,-114.0,-81.0,2385.0,73.0,-2516.0,,256.0
-102.0,-112.0,,-137.0,-22.0,2254.0,95.0,-2475.0,,264.0
-275.0,-22.0,,-157.0,-17.0,2038.0,126.0,-2317.0,,268.0
-192.0,-5.0,,-179.0,16.0,1910.0,18.0,-2538.0,,285.0
-257.0,-26.0,,-191.0,19.0,1773.0,71.0,-2385.0,,319.0
-114.0,18.0,,-225.0,-4.0,1533.0,65.0,-2538.0,,387.0
-100.0,232.0,,-295.0,5.0,1491.0,134.0,-2644.0,,478.0
-238.0,344.0,,-326.0,-47.0,1646.0,170.0,-2799.0,,583.0
-78.0,290.0,,-283.0,-89.0,1885.0,179.0,-2838.0,,698.0
-161.0,274.0,,-221.0,-41.0,1915.0,222.0,-2472.0,,817.0
-67.0,311.0,,-233.0,-35.0,1823.0,156.0,-2488.0,,916.0
-153.0,355.0,,-262.0,-20.0,1785.0,336.0,-2331.0,,1013.0
-3.0,256.0,,-262.0,16.0,1878.0,410.0,-2352.0,,1102.0
51.0,132.0,,-211.0,-2.0,1992.0,327.0,-2200.0,,1165.0
-10.0,89.0,,-148.0,38.0,1830.0,221.0,-1866.0,,1226.0
34.0,17.0,,-164.0,87.0,1647.0,180.0,-1866.0,,1252.0
-95.0,-198.0,,-237.0,90.0,1612.0,333.0,-1921.0,,1244.0
64.0,-363.0,,-243.0,160.0,1761.0,324.0,-2257.0,,1199.0
140.0,-300.0,,-162.0,207.0,1930.0,354.0,-2189.0,,1123.0
176.0,-199.0,,-108.0,251.0,2050.0,360.0,-2305.0,,1050.0
65.0,-167.0,,-91.0,308.0,2218.0,388.0,-2376.0,,969.0
27.0,-139.0,,-55.0,239.0,2295.0,440.0,-2235.0,,898.0
-1.0,15.0,,10.0,169.0,2247.0,308.0,-2400.0,,830.0
-38.0,191.0,,-3.0,170.0,2080.0,349.0,-2232.0,,774.0
71.0,226.0,,-69.0,148.0,1888.0,380.0,-2398.0,,723.0
-51.0,216.0,,-97.0,161.0,1792.0,358.0,-2431.0,,664.0
-72.0,294.0,,-98.0,181.0,1701.0,374.0,-2540.0,,605.0
-166.0,390.0,,-24.0,155.0,1500.0,425.0,-2717.0,,530.0
-161.0,386.0,,13.0,173.0,1235.0,444.0,-2494.0,,463.0
-161.0,354.0,,3.0,162.0,934.0,336.0,-2429.0,,391.0
-205.0,343.0,,-55.0,109.0,623.0,335.0,-1943.0,,319.0
-160.0,369.0,,-143.0,119.0,296.0,275.0,-1699.0,,256.0
-200.0,301.0,,-85.0,99.0,147.0,330.0,-1478.0,,179.0
-214.0,173.0,,-13.0,70.0,198.0,478.0,-1156.0,,130.0
-340.0,183.0,,13.0,94.0,249.0,524.0,-1099.0,,92.0
-329.0,179.0,,-32.0,94.0,495.0,531.0,-838.0,,41.0
-311.0,115.0,,-166.0,123.0,789.0,399.0,-947.0,,3.0
-227.0,45.0,,-207.0,142.0,856.0,395.0,-1008.0,,-24.0
-209.0,38.0,,-158.0,82.0,838.0,436.0,-1108.0,,-50.0
-284.0,84.0,,-86.0,58.0,973.0,425.0,-1195.0,,-52.0
-341.0,45.0,,-109.0,35.0,1058.0,396.0,-1108.0,,-39.0
-315.0,13.0,,-188.0,-3.0,940.0,406.0,-1321.0,,-24.0
-162.0,0.0,,-176.0,0.0,579.0,510.0,-1210.0,,5.0
-268.0,-53.0,,-144.0,-49.0,141.0,443.0,-1260.0,,22.0
-213.0,-96.0,,-121.0,-96.0,142.0,350.0,-1151.0,,40.0
-233.0,-99.0,,-108.0,-72.0,55.0,323.0,-946.0,,53.0
-247.0,-131.0,,-108.0,-71.0,-350.0,421.0,-1077.0,,55.0
-175.0,-134.0,,-103.0,-48.0,-610.0,601.0,-981.0,,86.0
-227.0,-73.0,,-140.0,17.0,-422.0,624.0,-1243.0,,112.0
-120.0,-87.0,,-142.0,38.0,-42.0,584.0,-1119.0,,130.0
-93.0,-63.0,,-82.0,44.0,-81.0,480.0,-1073.0,,148.0
-114.0,42.0,,-3.0,21.0,-235.0,456.0,-1188.0,,163.0
-199.0,137.0,,21.0,-16.0,-87.0,584.0,-1066.0,,182.0
-148.0,171.0,,-48.0,11.0,265.0,601.0,-1358.0,,192.0
37.0,175.0,,-131.0,7.0,297.0,501.0,-1232.0,,201.0
-64.0,122.0,,-147.0,-36.0,36.0,489.0,-1313.0,,202.0
-102.0,-6.0,,-93.0,-58.0,-126.0,579.0,-1225.0,,194.0
-145.0,-102.0,,-49.0,-110.0,-175.0,617.0,-1188.0,,203.0
-104.0,-165.0,,2.0,-147.0,-330.0,618.0,-1324.0,,216.0
-33.0,-146.0,,3.0,-171.0,-797.0,643.0,-1032.0,,231.0
-136.0,-92.0,,-47.0,-216.0,-1190.0,646.0,-1138.0,,267.0
-7.0,6.0,,-34.0,-174.0,-1273.0,660.0,-888.0,,293.0
-163.0,142.0,,34.0,-118.0,-1119.0,704.0,-864.0,,336.0
-94.0,181.0,,199.0,-119.0,-1037.0,702.0,-694.0,,381.0
-204.0,112.0,,281.0,-79.0,-1170.0,697.0,-338.0,,416.0
-284.0,56.0,,258.0,-41.0,-1216.0,713.0,-378.0,,468.0
-115.0,38.0,,265.0,-20.0,-1114.0,660.0,29.0,,509.0
-258.0,-74.0,,242.0,-5.0,-953.0,633.0,9.0,,546.0
-178.0,-169.0,,287.0,-48.0,-975.0,627.0,51.0,,573.0
-458.0,-158.0,,277.0,-71.0,-1256.0,654.0,134.0,,599.0
-284.0,-98.0,,253.0,-53.0,-1480.0,785.0,247.0,,623.0
-362.0,-82.0,,254.0,-69.0,-1558.0,885.0,526.0,,629.0
-317.0,-139.0,,182.0,-67.0,-1602.0,875.0,436.0,,643.0
-234.0,-183.0,,159.0,-61.0,-1729.0,742.0,676.0,,663.0
-405.0,-156.0,,154.0,-88.0,-1872.0,656.0,550.0,,667.0
-288.0,-111.0,,175.0,-41.0,-1909.0,716.0,607.0,,678.0
-561.0,-176.0,,131.0,25.0,-1846.0,816.0,648.0,,670.0
-181.0,-218.0,,79.0,65.0,-1716.0,812.0,315.0,,642.0
-339.0,-122.0,,71.0,139.0,-1614.0,735.0,415.0,,610.0
-211.0,-49.0,,108.0,165.0,-1333.0,733.0,310.0,,546.0
-213.0,-171.0,,164.0,155.0,-845.0,715.0,589.0,,486.0
-326.0,-213.0,,216.0,183.0,-489.0,713.0,718.0,,420.0
-43.0,-41.0,,276.0,169.0,-329.0,722.0,798.0,,352.0
-283.0,-23.0,,195.0,162.0,-325.0,671.0,1088.0,,316.0
11.0,-134.0,,183.0,178.0,-504.0,617.0,1075.0,,276.0
-185.0,-167.0,,172.0,115.0,-742.0,600.0,1221.0,,252.0
-4.0,-91.0,,151.0,65.0,-761.0,691.0,971.0,,237.0
-94.0,-92.0,,216.0,59.0,-769.0,706.0,842.0,,222.0
-151.0,-200.0,,220.0,15.0,-874.0,631.0,567.0,,219.0
-15.0,-161.0,,196.0,12.0,-726.0,552.0,362.0,,211.0
-197.0,-31.0,,45.0,21.0,-564.0,473.0,439.0,,194.0
95.0,19.0,,-6.0,-5.0,-711.0,518.0,199.0,,176.0
-258.0,-16.0,,65.0,-5.0,-1014.0,519.0,533.0,,157.0
-68.0,64.0,,102.0,-66.0,-1093.0,535.0,667.0,,137.0
-131.0,195.0,,80.0,-136.0,-901.0,621.0,779.0,,121.0
-145.0,179.0,,-16.0,-133.0,-774.0,579.0,801.0,,105.0
-59.0,71.0,,14.0,-139.0,-728.0,467.0,504.0,,96.0
-271.0,28.0,,8.0,-86.0,-698.0,325.0,716.0,,97.0
-100.0,149.0,,-57.0,-1.0,-705.0,285.0,770.0,,121.0
-326.0,204.0,,-72.0,27.0,-710.0,320.0,1006.0,,171.0
-55.0,198.0,,-79.0,68.0,-621.0,314.0,1140.0,,234.0
-153.0,259.0,,-48.0,77.0,-471.0,271.0,1302.0,,322.0
-168.0,330.0,,-30.0,26.0,-354.0,218.0,1677.0,,429.0
-125.0,329.0,,11.0,20.0,-484.0,187.0,1705.0,,527.0
-220.0,235.0,,52.0,27.0,-930.0,77.0,1818.0,,603.0
-60.0,185.0,,90.0,6.0,-1226.0,56.0,1389.0,,672.0
-225.0,281.0,,103.0,22.0,-1404.0,130.0,1021.0,,725.0
-15.0,389.0,,54.0,32.0,-1717.0,126.0,1069.0,,767.0
-66.0,380.0,,82.0,16.0,-2052.0,135.0,1160.0,,818.0
-101.0,405.0,,134.0,41.0,-2131.0,181.0,1354.0,,872.0
-68.0,410.0,,141.0,34.0,-2062.0,173.0,1228.0,,925.0
-127.0,306.0,,191.0,-13.0,-2108.0,48.0,1293.0,,962.0
-109.0,210.0,,221.0,-38.0,-2120.0,-46.0,1202.0,,980.0
-48.0,228.0,,170.0,-67.0,-2095.0,-79.0,1173.0,,991.0
-3.0,282.0,,133.0,-58.0,-1955.0,-92.0,1134.0,,1004.0
1.0,272.0,,181.0,-38.0,-1863.0,-82.0,800.0,,1027.0
-81.0,274.0,,273.0,-70.0,-1721.0,-105.0,1147.0,,1040.0
-95.0,270.0,,354.0,-73.0,-1412.0,-50.0,1507.0,,1063.0
-124.0,234.0,,360.0,-42.0,-1119.0,-36.0,1999.0,,1118.0
-78.0,155.0,,339.0,-43.0,-923.0,-102.0,2285.0,,1172.0
109.0,104.0,,349.0,-37.0,-946.0,-172.0,2165.0,,1227.0
-175.0,72.0,,339.0,-29.0,-876.0,-222.0,2278.0,,1275.0
25.0,1.0,,357.0,-46.0,-705.0,-175.0,2241.0,,1314.0
-293.0,-118.0,,359.0,-58.0,-542.0,-171.0,2675.0,,1340.0
-205.0,-204.0,,336.0,-90.0,-504.0,-175.0,2878.0,,1344.0
-186.0,-130.0,,325.0,-94.0,-505.0,-243.0,2699.0,,1340.0
-241.0,-119.0,,250.0,-30.0,-336.0,-386.0,2409.0,,1332.0
-16.0,-158.0,,179.0,-2.0,-413.0,-469.0,2056.0,,1305.0
-571.0,-158.0,,121.0,-13.0,-869.0,-493.0,2268.0,,1265.0
-223.0,-99.0,,69.0,-18.0,-1202.0,-364.0,2211.0,,1219.0
-633.0,5.0,,64.0,-27.0,-1339.0,-297.0,2193.0,,1153.0
-334.0,-8.0,,30.0,-7.0,-1457.0,-361.0,2128.0,,1086.0
-403.0,-18.0,,-11.0,47.0,-1374.0,-402.0,2108.0,,1008.0
-500.0,-8.0,,15.0,84.0,-1244.0,-474.0,2256.0,,937.0
-298.0,4.0,,34.0,112.0,-1137.0,-514.0,1954.0,,890.0
-735.0,19.0,,6.0,142.0,-1181.0,-524.0,1986.0,,845.0
-211.0,79.0,,-2.0,107.0,-1337.0,-520.0,1943.0,,801.0
-682.0,131.0,,28.0,63.0,-1296.0,-539.0,2056.0,,739.0
-316.0,45.0,,51.0,55.0,-1121.0,-626.0,2239.0,,676.0
-548.0,-22.0,,63.0,27.0,-812.0,-601.0,2113.0,,613.0
-476.0,-52.0,,69.0,10.0,-619.0,-532.0,2202.0,,551.0
-315.0,-9.0,,72.0,0.0,-759.0,-503.0,1882.0,,495.0
-579.0,46.0,,76.0,-22.0,-1053.0,-540.0,1646.0,,448.0
-132.0,105.0,,78.0,3.0,-1308.0,-701.0,1358.0,,392.0
-624.0,177.0,,93.0,26.0,-1278.0,-746.0,1306.0,,330.0
-164.0,155.0,,90.0,-7.0,-1166.0,-700.0,1709.0,,274.0
-412.0,66.0,,137.0,-12.0,-1366.0,-581.0,1795.0,,221.0
-218.0,-69.0,,199.0,3.0,-1508.0,-453.0,2106.0,,194.0
-195.0,-107.0,,203.0,-12.0,-1500.0,-559.0,2156.0,,192.0
-193.0,-60.0,,193.0,7.0,-1521.0,-666.0,2311.0,,217.0
83.0,-68.0,,184.0,19.0,-1679.0,-737.0,2376.0,,256.0
-384.0,-107.0,,239.0,7.0,-1890.0,-814.0,2268.0,,297.0
-18.0,-91.0,,276.0,27.0,-1846.0,-808.0,2522.0,,353.0
-196.0,-50.0,,287.0,13.0,-1729.0,-799.0,2405.0,,414.0
176.0,-73.0,,332.0,-8.0,-1522.0,-782.0,2581.0,,471.0
-109.0,-139.0,,352.0,6.0,-1275.0,-815.0,2583.0,,533.0
-58.0,-148.0,,324.0,-3.0,-1152.0,-856.0,2597.0,,611.0
-6.0,-111.0,,276.0,-20.0,-1164.0,-857.0,2655.0,,682.0
-186.0,-82.0,,256.0,-4.0,-1300.0,-880.0,2507.0,,759.0
113.0,-60.0,,244.0,-3.0,-1410.0,-879.0,2821.0,,828.0
-178.0,-67.0,,229.0,1.0,-1512.0,-885.0,2727.0,,868.0
191.0,-50.0,,203.0,44.0,-1625.0,-914.0,2801.0,,898.0
-193.0,-40.0,,205.0,39.0,-1755.0,-934.0,2810.0,,913.0
68.0,-10.0,,221.0,8.0,-1911.0,-928.0,2852.0,,901.0
-95.0,38.0,,220.0,-4.0,-1846.0,-852.0,2960.0,,846.0
-93.0,143.0,,187.0,-39.0,-1670.0,-832.0,2444.0,,775.0
156.0,279.0,,134.0,-53.0,-1508.0,-911.0,2228.0,,700.0
-59.0,302.0,,151.0,-60.0,-1252.0,-1025.0,1882.0,,611.0
269.0,263.0,,169.0,-101.0,-1103.0,-1071.0,2102.0,,520.0
-110.0,244.0,,159.0,-111.0,-890.0,-925.0,2579.0,,422.0
263.0,254.0,,111.0,-100.0,-498.0,-855.0,2620.0,,310.0
0.0,182.0,,52.0,-78.0,-149.0,-965.0,2706.0,,198.0
159.0,115.0,,17.0,-6.0,-186.0,-1070.0,2326.0,,89.0
248.0,90.0,,10.0,27.0,-472.0,-1153.0,2202.0,,-12.0
142.0,91.0,,18.0,36.0,-580.0,-1167.0,1897.0,,-96.0
351.0,108.0,,-12.0,74.0,-630.0,-1065.0,1633.0,,-170.0
2.0,78.0,,-38.0,53.0,-685.0,-929.0,1622.0,,-225.0
345.0,53.0,,-70.0,33.0,-869.0,-885.0,1363.0,,-253.0
92.0,-4.0,,-89.0,82.0,-1031.0,-918.0,1407.0,,-263.0
320.0,-25.0,,-97.0,89.0,-1289.0,-971.0,1278.0,,-269.0
265.0,17.0,,-123.0,67.0,-1412.0,-943.0,1457.0,,-266.0
291.0,101.0,,-188.0,69.0,-1243.0,-900.0,1505.0,,-257.0
304.0,132.0,,-260.0,21.0,-1265.0,-952.0,1328.0,,-245.0
130.0,109.0,,-262.0,-18.0,-1357.0,-975.0,1417.0,,-214.0
416.0,121.0,,-309.0,-14.0,-1573.0,-970.0,1472.0,,-172.0
133.0,82.0,,-362.0,-37.0,-1638.0,-868.0,2034.0,,-121.0
345.0,51.0,,-394.0,-15.0,-1498.0,-781.0,2178.0,,-78.0
132.0,63.0,,-460.0,21.0,-1291.0,-819.0,2025.0,,-46.0
207.0,110.0,,-456.0,2.0,-1057.0,-865.0,1832.0,,-22.0
189.0,171.0,,-473.0,31.0,-951.0,-983.0,1731.0,,-29.0
169.0,244.0,,-511.0,58.0,-736.0,-988.0,1829.0,,-56.0
298.0,294.0,,-494.0,25.0,-429.0,-878.0,1243.0,,-99.0
64.0,300.0,,-470.0,22.0,-138.0,-818.0,1019.0,,-145.0
218.0,344.0,,-440.0,3.0,112.0,-768.0,1001.0,,-190.0
21.0,342.0,,-449.0,-18.0,233.0,-853.0,1101.0,,-235.0
220.0,300.0,,-471.0,28.0,133.0,-920.0,1082.0,,-275.0
115.0,258.0,,-417.0,50.0,75.0,-950.0,469.0,,-319.0
94.0,222.0,,-354.0,50.0,-24.0,-959.0,382.0,,-341.0
116.0,164.0,,-319.0,90.0,-256.0,-854.0,389.0,,-361.0
8.0,27.0,,-239.0,80.0,-324.0,-820.0,596.0,,-365.0
84.0,-66.0,,-183.0,84.0,-229.0,-777.0,532.0,,-340.0
-122.0,-109.0,,-134.0,142.0,-47.0,-835.0,286.0,,-309.0
88.0,-136.0,,-104.0,114.0,112.0,-898.0,644.0,,-254.0
14.0,-143.0,,-86.0,89.0,352.0,-818.0,1023.0,,-185.0
41.0,-125.0,,-13.0,98.0,683.0,-844.0,1504.0,,-123.0
-81.0,-83.0,,1.0,66.0,825.0,-827.0,1420.0,,-67.0
-41.0,-42.0,,4.0,53.0,797.0,-850.0,1361.0,,-29.0
55.0,17.0,,30.0,33.0,712.0,-861.0,1485.0,,-22.0
-56.0,28.0,,48.0,-18.0,442.0,-798.0,1176.0,,-28.0
114.0,37.0,,52.0,-16.0,208.0,-824.0,912.0,,-50.0
-30.0,77.0,,14.0,-35.0,157.0,-804.0,689.0,,-86.0
77.0,46.0,,-20.0,-107.0,79.0,-815.0,1029.0,,-119.0
-29.0,-48.0,,-50.0,-91.0,-39.0,-785.0,1108.0,,-157.0
71.0,-133.0,,-48.0,-93.0,-73.0,-760.0,849.0,,-183.0
100.0,-175.0,,-34.0,-148.0,-10.0,-786.0,718.0,,-206.0
161.0,-226.0,,-48.0,-140.0,-9.0,-721.0,471.0,,-226.0
235.0,-277.0,,-48.0,-146.0,73.0,-624.0,620.0,,-233.0
13.0,-246.0,,-24.0,-138.0,86.0,-506.0,565.0,,-242.0
169.0,-179.0,,-12.0,-69.0,-129.0,-536.0,600.0,,-246.0
83.0,-182.0,,-9.0,-50.0,-287.0,-610.0,652.0,,-267.0
279.0,-209.0,,-56.0,-14.0,-280.0,-569.0,452.0,,-289.0
78.0,-150.0,,-129.0,60.0,-171.0,-535.0,334.0,,-320.0
172.0,-27.0,,-166.0,84.0,-210.0,-492.0,-151.0,,-371.0
208.0,47.0,,-167.0,145.0,-245.0,-448.0,-301.0,,-406.0
87.0,69.0,,-150.0,210.0,-188.0,-429.0,-460.0,,-439.0
312.0,85.0,,-162.0,197.0,-220.0,-455.0,-578.0,,-459.0
142.0,105.0,,-153.0,180.0,-130.0,-458.0,-424.0,,-461.0
321.0,95.0,,-140.0,151.0,-22.0,-433.0,-504.0,,-443.0
155.0,-21.0,,-141.0,90.0,39.0,-423.0,-412.0,,-410.0
362.0,-155.0,,-148.0,80.0,158.0,-385.0,-733.0,,-381.0
329.0,-210.0,,-180.0,70.0,383.0,-363.0,-971.0,,-332.0
339.0,-277.0,,-188.0,-1.0,800.0,-327.0,-1012.0,,-277.0
443.0,-380.0,,-182.0,-33.0,1145.0,-312.0,-984.0,,-223.0
300.0,-442.0,,-156.0,-65.0,1353.0,-306.0,-620.0,,-158.0
454.0,-385.0,,-131.0,-91.0,1474.0,-257.0,-572.0,,-96.0
369.0,-327.0,,-127.0,-65.0,1634.0,-263.0,-389.0,,-54.0
616.0,-358.0,,-145.0,-64.0,1704.0,-328.0,-362.0,,-27.0
428.0,-339.0,,-176.0,-56.0,1270.0,-429.0,-286.0,,-25.0
513.0,-248.0,,-165.0,-37.0,768.0,-403.0,-277.0,,-63.0
402.0,-223.0,,-134.0,-50.0,642.0,-299.0,-642.0,,-110.0
342.0,-339.0,,-93.0,-48.0,646.0,-269.0,-559.0,,-168.0
429.0,-417.0,,-77.0,-26.0,463.0,-258.0,-591.0,,-243.0
309.0,-352.0,,-97.0,-33.0,308.0,-290.0,-498.0,,-304.0
480.0,-315.0,,-113.0,-11.0,443.0,-322.0,-487.0,,-337.0
240.0,-397.0,,-117.0,40.0,638.0,-338.0,-596.0,,-348.0
350.0,-414.0,,-107.0,47.0,830.0,-363.0,-484.0,,-339.0
179.0,-303.0,,-95.0,33.0,1051.0,-422.0,-519.0,,-329.0
225.0,-277.0,,-39.0,9.0,1398.0,-350.0,-68.0,,-311.0
225.0,-330.0,,20.0,-14.0,1864.0,-225.0,73.0,,-291.0
102.0,-366.0,,19.0,9.0,2145.0,-278.0,-166.0,,-285.0
196.0,-364.0,,-2.0,47.0,2197.0,-369.0,-631.0,,-267.0
54.0,-401.0,,-62.0,63.0,1992.0,-449.0,-1138.0,,-247.0
164.0,-494.0,,-89.0,64.0,1708.0,-356.0,-999.0,,-217.0
-35.0,-493.0,,-88.0,26.0,1656.0,-279.0,-1079.0,,-173.0
10.0,-389.0,,-110.0,-29.0,1623.0,-357.0,-968.0,,-142.0
54.0,-313.0,,-107.0,-33.0,1540.0,-369.0,-958.0,,-125.0
68.0,-301.0,,-98.0,-12.0,1576.0,-364.0,-951.0,,-113.0
76.0,-211.0,,-96.0,-6.0,1612.0,-306.0,-851.0,,-112.0
-112.0,-76.0,,-101.0,5.0,1496.0,-341.0,-1165.0,,-124.0
-68.0,16.0,,-110.0,-20.0,1363.0,-348.0,-1193.0,,-144.0
-148.0,67.0,,-169.0,-45.0,1200.0,-268.0,-1424.0,,-166.0
-67.0,120.0,,-232.0,-50.0,1077.0,-305.0,-1389.0,,-204.0
-42.0,209.0,,-253.0,-97.0,1195.0,-310.0,-1419.0,,-263.0
-30.0,252.0,,-250.0,-83.0,1245.0,-339.0,-1570.0,,-316.0
-16.0,219.0,,-203.0,-26.0,1075.0,-271.0,-1443.0,,-377.0
-114.0,121.0,,-152.0,-29.0,897.0,-233.0,-1629.0,,-458.0
-80.0,17.0,,-137.0,-3.0,947.0,-350.0,-1446.0,,-544.0
-108.0,-88.0,,-136.0,48.0,1166.0,-361.0,-1570.0,,-635.0
14.0,-234.0,,-128.0,62.0,1242.0,-352.0,-1585.0,,-729.0
-25.0,-386.0,,-135.0,79.0,1290.0,-219.0,-1450.0,,-824.0
-87.0,-490.0,,-131.0,70.0,1416.0,-128.0,-1537.0,,-903.0
-96.0,-524.0,,-122.0,0.0,1406.0,-93.0,-1252.0,,-961.0
-140.0,-485.0,,-149.0,-40.0,1210.0,-79.0,-1302.0,,-996.0
-88.0,-409.0,,-166.0,-29.0,901.0,-194.0,-1117.0,,-1003.0
-89.0,-309.0,,-214.0,-30.0,764.0,-145.0,-1165.0,,-968.0
-39.0,-169.0,,-280.0,-18.0,841.0,-83.0,-1334.0,,-888.0
-122.0,-52.0,,-285.0,-29.0,955.0,-12.0,-1404.0,,-771.0
-41.0,30.0,,-283.0,-64.0,1081.0,-70.0,-1821.0,,-609.0
-66.0,64.0,,-321.0,-46.0,1122.0,-126.0,-1866.0,,-420.0
-44.0,78.0,,-370.0,-40.0,1201.0,44.0,-2089.0,,-221.0
-90.0,110.0,,-400.0,-40.0,1210.0,-7.0,-1956.0,,-23.0
-95.0,83.0,,-416.0,-14.0,1148.0,-62.0,-1681.0,,162.0
-5.0,-1.0,,-425.0,-26.0,1081.0,9.0,-1618.0,,331.0
-140.0,-55.0,,-392.0,-31.0,851.0,129.0,-1592.0,,459.0
24.0,-4.0,,-313.0,-24.0,735.0,102.0,-2010.0,,545.0
-95.0,19.0,,-269.0,-25.0,877.0,17.0,-2058.0,,597.0
-27.0,-83.0,,-239.0,30.0,987.0,233.0,-1991.0,,622.0
-107.0,-163.0,,-205.0,101.0,724.0,316.0,-1627.0,,641.0
-99.0,-129.0,,-178.0,124.0,430.0,301.0,-1223.0,,650.0
-35.0,-76.0,,-138.0,140.0,553.0,297.0,-1075.0,,657.0
-122.0,-120.0,,-119.0,156.0,843.0,327.0,-716.0,,658.0
12.0,-109.0,,-83.0,131.0,964.0,438.0,-840.0,,664.0
-201.0,9.0,,-62.0,101.0,955.0,333.0,-873.0,,684.0
-122.0,25.0,,-87.0,64.0,1074.0,365.0,-910.0,,704.0
-241.0,-69.0,,-118.0,20.0,1391.0,494.0,-907.0,,726.0
-99.0,-100.0,,-133.0,22.0,1539.0,444.0,-711.0,,739.0
-149.0,6.0,,-141.0,5.0,1149.0,360.0,-918.0,,749.0
-207.0,26.0,,-129.0,-32.0,617.0,283.0,-794.0,,745.0
-172.0,-52.0,,-80.0,-7.0,503.0,324.0,-703.0,,711.0
-326.0,-73.0,,-55.0,15.0,664.0,319.0,-583.0,,654.0
-197.0,-26.0,,-23.0,10.0,630.0,380.0,-550.0,,575.0
-394.0,10.0,,-1.0,44.0,559.0,523.0,-633.0,,480.0
-180.0,-32.0,,8.0,55.0,655.0,517.0,-295.0,,377.0
-297.0,-4.0,,27.0,52.0,757.0,453.0,-319.0,,268.0
-209.0,66.0,,31.0,51.0,658.0,319.0,-332.0,,164.0
-396.0,91.0,,51.0,2.0,354.0,352.0,-622.0,,92.0
-459.0,17.0,,70.0,-19.0,327.0,493.0,-903.0,,38.0
-243.0,-55.0,,100.0,-12.0,386.0,431.0,-958.0,,10.0
-336.0,-36.0,,144.0,-39.0,400.0,338.0,-1350.0,,2.0
-147.0,-34.0,,166.0,-55.0,404.0,370.0,-1285.0,,9.0
-424.0,-69.0,,163.0,-76.0,182.0,394.0,-1171.0,,34.0
-179.0,-143.0,,116.0,-113.0,160.0,308.0,-946.0,,45.0
-301.0,-84.0,,85.0,-83.0,381.0,294.0,-970.0,,53.0
-151.0,-36.0,,101.0,-42.0,532.0,397.0,-1193.0,,41.0
-192.0,-76.0,,105.0,-16.0,331.0,463.0,-1147.0,,12.0
-232.0,-44.0,,102.0,59.0,-83.0,439.0,-1433.0,,-33.0
-45.0,40.0,,87.0,107.0,-92.0,447.0,-1407.0,,-96.0
-158.0,167.0,,85.0,120.0,231.0,552.0,-1267.0,,-159.0
86.0,233.0,,96.0,155.0,313.0,542.0,-899.0,,-243.0
-207.0,286.0,,87.0,134.0,41.0,422.0,-561.0,,-331.0
112.0,366.0,,93.0,70.0,-125.0,407.0,-681.0,,-417.0
18.0,427.0,,117.0,54.0,-2.0,486.0,-569.0,,-507.0
157.0,442.0,,133.0,24.0,122.0,506.0,-572.0,,-601.0
108.0,444.0,,105.0,-24.0,45.0,488.0,-367.0,,-688.0
74.0,422.0,,70.0,-58.0,102.0,576.0,-288.0,,-768.0
334.0,393.0,,20.0,-153.0,498.0,665.0,-380.0,,-842.0
125.0,406.0,,-46.0,-240.0,903.0,621.0,-208.0,,-890.0
336.0,338.0,,-65.0,-262.0,1064.0,573.0,-179.0,,-924.0
139.0,220.0,,-77.0,-291.0,988.0,646.0,73.0,,-945.0
384.0,65.0,,-77.0,-249.0,1032.0,743.0,190.0,,-948.0
233.0,-49.0,,-69.0,-181.0,1068.0,729.0,363.0,,-942.0
315.0,-88.0,,-65.0,-194.0,822.0,702.0,533.0,,-920.0
316.0,-179.0,,-44.0,-151.0,507.0,743.0,356.0,,-888.0
313.0,-230.0,,18.0,-93.0,187.0,759.0,363.0,,-857.0
491.0,-219.0,,137.0,-82.0,154.0,726.0,96.0,,-810.0
260.0,-195.0,,243.0,-10.0,409.0,693.0,-59.0,,-755.0
411.0,-180.0,,273.0,58.0,430.0,729.0,-280.0,,-692.0
301.0,-183.0,,263.0,107.0,262.0,836.0,-400.0,,-618.0
494.0,-147.0,,293.0,173.0,202.0,814.0,-81.0,,-537.0
356.0,-74.0,,351.0,162.0,354.0,697.0,-36.0,,-432.0
423.0,-21.0,,378.0,120.0,544.0,733.0,325.0,,-318.0
326.0,-33.0,,352.0,149.0,416.0,841.0,360.0,,-189.0
243.0,-28.0,,352.0,150.0,112.0,823.0,391.0,,-40.0
374.0,17.0,,378.0,128.0,-89.0,747.0,574.0,,101.0
320.0,25.0,,387.0,137.0,-138.0,808.0,463.0,,241.0
394.0,-4.0,,409.0,89.0,-6.0,875.0,417.0,,374.0
97.0,13.0,,411.0,87.0,106.0,843.0,-306.0,,486.0
179.0,136.0,,411.0,135.0,128.0,843.0,-615.0,,568.0
57.0,207.0,,408.0,125.0,108.0,850.0,-868.0,,613.0
92.0,137.0,,356.0,172.0,50.0,874.0,-1130.0,,637.0
71.0,85.0,,330.0,212.0,134.0,874.0,-951.0,,633.0
-40.0,178.0,,360.0,181.0,254.0,841.0,-901.0,,606.0
-24.0,217.0,,378.0,182.0,223.0,842.0,-363.0,,559.0
-177.0,114.0,,376.0,149.0,208.0,886.0,-321.0,,507.0
-117.0,111.0,,352.0,62.0,260.0,928.0,-236.0,,449.0
-207.0,225.0,,327.0,13.0,255.0,853.0,-254.0,,374.0
-170.0,293.0,,321.0,-63.0,106.0,838.0,-539.0,,291.0
-185.0,247.0,,347.0,-139.0,28.0,879.0,-280.0,,216.0
-254.0,205.0,,364.0,-151.0,179.0,818.0,-105.0,,161.0
-255.0,239.0,,328.0,-204.0,251.0,793.0,375.0,,124.0
-291.0,238.0,,318.0,-233.0,164.0,737.0,465.0,,125.0
-239.0,66.0,,321.0,-204.0,242.0,691.0,428.0,,149.0
-263.0,-208.0,,307.0,-210.0,484.0,755.0,192.0,,186.0
-348.0,-335.0,,305.0,-170.0,674.0,829.0,-319.0,,224.0
-307.0,-360.0,,274.0,-81.0,642.0,903.0,-471.0,,246.0
-316.0,-473.0,,218.0,-33.0,381.0,839.0,-835.0,,273.0
-239.0,-585.0,,190.0,29.0,413.0,768.0,-650.0,,291.0
-221.0,-574.0,,179.0,70.0,535.0,786.0,-354.0,,289.0
-301.0,-505.0,,154.0,72.0,288.0,716.0,-266.0,,282.0
-241.0,-482.0,,123.0,125.0,91.0,745.0,-345.0,,278.0
-246.0,-474.0,,99.0,118.0,180.0,851.0,-630.0,,276.0
-186.0,-316.0,,97.0,61.0,527.0,919.0,-473.0,,284.0
-260.0,-148.0,,134.0,58.0,767.0,879.0,-408.0,,299.0
-219.0,-132.0,,145.0,-18.0,593.0,778.0,-88.0,,313.0
-164.0,-163.0,,115.0,-90.0,316.0,813.0,155.0,,335.0
-198.0,-140.0,,98.0,-88.0,298.0,773.0,35.0,,359.0
-186.0,-22.0,,134.0,-151.0,444.0,740.0,125.0,,374.0
-176.0,20.0,,168.0,-169.0,492.0,781.0,114.0,,366.0
-70.0,18.0,,139.0,-143.0,304.0,769.0,308.0,,325.0
-56.0,75.0,,162.0,-158.0,71.0,799.0,245.0,,260.0
0.0,147.0,,127.0,-88.0,215.0,779.0,271.0,,187.0
-36.0,103.0,,53.0,-18.0,431.0,758.0,491.0,,120.0
7.0,-85.0,,101.0,-18.0,494.0,724.0,424.0,,70.0
49.0,-236.0,,89.0,-1.0,563.0,573.0,521.0,,32.0
77.0,-286.0,,31.0,-19.0,757.0,544.0,249.0,,10.0
162.0,-267.0,,56.0,-64.0,1116.0,659.0,303.0,,20.0
152.0,-298.0,,106.0,-60.0,1241.0,740.0,436.0,,66.0
223.0,-281.0,,96.0,-87.0,1078.0,756.0,482.0,,146.0
184.0,-208.0,,107.0,-129.0,932.0,659.0,709.0,,273.0
246.0,-200.0,,146.0,-95.0,884.0,563.0,497.0,,428.0
269.0,-191.0,,154.0,-126.0,848.0,490.0,497.0,,577.0
328.0,-142.0,,210.0,-187.0,670.0,447.0,378.0,,710.0
382.0,0.0,,248.0,-186.0,305.0,537.0,545.0,,804.0
365.0,99.0,,306.0,-238.0,26.0,503.0,607.0,,858.0
357.0,89.0,,408.0,-253.0,178.0,425.0,267.0,,890.0
259.0,52.0,,425.0,-227.0,561.0,483.0,210.0,,900.0
397.0,43.0,,403.0,-228.0,754.0,461.0,-219.0,,895.0
404.0,58.0,,435.0,-155.0,740.0,471.0,-371.0,,868.0
475.0,72.0,,415.0,-68.0,658.0,473.0,-469.0,,814.0
438.0,108.0,,377.0,-45.0,558.0,431.0,-556.0,,760.0
412.0,139.0,,465.0,13.0,291.0,436.0,-506.0,,717.0
424.0,220.0,,494.0,30.0,-169.0,346.0,-648.0,,685.0
401.0,270.0,,427.0,0.0,-457.0,405.0,-360.0,,676.0
525.0,326.0,,386.0,42.0,-350.0,450.0,-391.0,,695.0
335.0,415.0,,361.0,27.0,-20.0,331.0,-408.0,,733.0
422.0,410.0,,305.0,14.0,279.0,340.0,-277.0,,790.0
394.0,421.0,,253.0,81.0,657.0,271.0,-400.0,,846.0
378.0,435.0,,259.0,68.0,1103.0,202.0,-225.0,,891.0
231.0,488.0,,249.0,49.0,1387.0,208.0,-121.0,,929.0
228.0,594.0,,268.0,56.0,1356.0,249.0,371.0,,936.0
354.0,642.0,,283.0,23.0,1020.0,274.0,679.0,,924.0
147.0,686.0,,276.0,32.0,715.0,82.0,639.0,,892.0
220.0,721.0,,290.0,67.0,463.0,62.0,611.0,,821.0
-16.0,691.0,,284.0,62.0,88.0,120.0,68.0,,732.0
130.0,663.0,,283.0,93.0,-337.0,-9.0,16.0,,631.0
38.0,639.0,,252.0,112.0,-631.0,-9.0,36.0,,521.0
47.0,531.0,,218.0,86.0,-684.0,17.0,20.0,,409.0
57.0,400.0,,169.0,111.0,-613.0,0.0,279.0,,306.0
-143.0,319.0,,104.0,92.0,-645.0,-73.0,550.0,,210.0
26.0,334.0,,81.0,57.0,-756.0,-114.0,949.0,,130.0
-201.0,305.0,,62.0,81.0,-813.0,6.0,1014.0,,76.0
-19.0,159.0,,36.0,2.0,-791.0,-44.0,999.0,,44.0
-251.0,122.0,,18.0,-63.0,-778.0,-105.0,630.0,,39.0
-167.0,177.0,,6.0,-36.0,-905.0,-98.0,404.0,,47.0
-185.0,199.0,,-20.0,-46.0,-1022.0,-246.0,169.0,,65.0
-352.0,108.0,,-28.0,0.0,-1068.0,-292.0,-290.0,,95.0
-183.0,23.0,,-18.0,36.0,-1036.0,-260.0,-62.0,,131.0
-368.0,2.0,,3.0,-5.0,-971.0,-239.0,64.0,,158.0
-161.0,-97.0,,68.0,11.0,-1000.0,-208.0,301.0,,186.0
-398.0,-168.0,,120.0,0.0,-963.0,-230.0,314.0,,232.0
-300.0,-111.0,,140.0,-34.0,-796.0,-257.0,212.0,,280.0
-346.0,-5.0,,155.0,8.0,-705.0,-378.0,280.0,,338.0
-255.0,7.0,,169.0,26.0,-852.0,-474.0,-336.0,,396.0
-110.0,-56.0,,216.0,49.0,-1079.0,-444.0,-607.0,,461.0
-374.0,-110.0,,259.0,119.0,-1117.0,-412.0,-439.0,,538.0
-169.0,-206.0,,299.0,110.0,-955.0,-383.0,-327.0,,628.0
-289.0,-326.0,,318.0,88.0,-1024.0,-403.0,-587.0,,740.0
-132.0,-408.0,,304.0,68.0,-1329.0,-450.0,-844.0,,879.0
-104.0,-420.0,,304.0,-41.0,-1447.0,-558.0,-737.0,,1044.0
-42.0,-336.0,,301.0,-89.0,-1353.0,-618.0,-469.0,,1214.0
-45.0,-253.0,,305.0,-103.0,-1214.0,-518.0,171.0,,1382.0
-151.0,-223.0,,286.0,-151.0,-1275.0,-431.0,243.0,,1533.0
0.0,-121.0,,228.0,-98.0,-1279.0,-395.0,157.0,,1655.0
-9.0,20.0,,169.0,-84.0,-1009.0,-467.0,-55.0,,1755.0
104.0,152.0,,140.0,-140.0,-653.0,-570.0,-251.0,,1815.0
44.0,261.0,,153.0,-136.0,-500.0,-576.0,83.0,,1843.0
113.0,331.0,,170.0,-175.0,-505.0,-573.0,-9.0,,1847.0
151.0,372.0,,211.0,-178.0,-285.0,-573.0,169.0,,1827.0
134.0,338.0,,211.0,-105.0,-63.0,-585.0,99.0,,1793.0
212.0,262.0,,182.0,-117.0,39.0,-589.0,-293.0,,1737.0
258.0,141.0,,180.0,-92.0,-35.0,-611.0,-428.0,,1657.0
270.0,15.0,,148.0,-13.0,-229.0,-691.0,-711.0,,1560.0
326.0,-97.0,,134.0,-25.0,-299.0,-667.0,-419.0,,1444.0
348.0,-194.0,,145.0,0.0,-356.0,-599.0,-354.0,,1317.0
384.0,-223.0,,174.0,45.0,-494.0,-550.0,-443.0,,1175.0
458.0,-196.0,,233.0,32.0,-668.0,-522.0,-493.0,,1039.0
418.0,-128.0,,258.0,69.0,-619.0,-622.0,-683.0,,928.0
488.0,-47.0,,267.0,68.0,-415.0,-647.0,-463.0,,823.0
511.0,52.0,,305.0,23.0,-269.0,-568.0,-321.0,,736.0
644.0,124.0,,361.0,56.0,-223.0,-522.0,266.0,,666.0
475.0,185.0,,381.0,62.0,-260.0,-478.0,358.0,,622.0
476.0,270.0,,384.0,80.0,-79.0,-592.0,166.0,,590.0
541.0,266.0,,380.0,146.0,277.0,-676.0,473.0,,554.0
542.0,140.0,,351.0,113.0,521.0,-578.0,495.0,,537.0
635.0,-19.0,,342.0,89.0,585.0,-558.0,613.0,,529.0
477.0,-138.0,,334.0,96.0,642.0,-510.0,367.0,,524.0
576.0,-242.0,,297.0,49.0,800.0,-511.0,421.0,,514.0
413.0,-376.0,,236.0,50.0,734.0,-585.0,347.0,,525.0
566.0,-438.0,,212.0,29.0,473.0,-529.0,179.0,,544.0
560.0,-391.0,,216.0,-58.0,258.0,-557.0,526.0,,573.0
548.0,-344.0,,235.0,-64.0,196.0,-562.0,513.0,,613.0
563.0,-330.0,,251.0,-71.0,295.0,-542.0,951.0,,633.0
402.0,-306.0,,216.0,-145.0,246.0,-559.0,1029.0,,644.0
617.0,-185.0,,190.0,-154.0,68.0,-430.0,667.0,,631.0
451.0,-48.0,,166.0,-215.0,4.0,-381.0,332.0,,595.0
616.0,-7.0,,138.0,-251.0,256.0,-389.0,75.0,,537.0
510.0,93.0,,132.0,-159.0,614.0,-410.0,262.0,,459.0
476.0,263.0,,138.0,-177.0,661.0,-530.0,332.0,,380.0
489.0,365.0,,116.0,-174.0,506.0,-512.0,729.0,,312.0
489.0,366.0,,92.0,-126.0,196.0,-406.0,559.0,,266.0
596.0,347.0,,88.0,-168.0,-93.0,-373.0,64.0,,239.0
410.0,399.0,,69.0,-136.0,-376.0,-384.0,-158.0,,220.0
506.0,433.0,,69.0,-113.0,-682.0,-442.0,-655.0,,216.0
361.0,339.0,,73.0,-158.0,-833.0,-474.0,-609.0,,219.0
447.0,182.0,,64.0,-110.0,-740.0,-411.0,-489.0,,217.0
377.0,91.0,,44.0,-88.0,-383.0,-377.0,-543.0,,225.0
418.0,0.0,,45.0,-136.0,-364.0,-372.0,-685.0,,238.0
285.0,-175.0,,26.0,-115.0,-553.0,-366.0,-642.0,,240.0
255.0,-380.0,,-4.0,-136.0,-576.0,-410.0,-216.0,,220.0
302.0,-494.0,,-30.0,-146.0,-423.0,-358.0,-247.0,,190.0
139.0,-530.0,,-97.0,-73.0,-172.0,-294.0,-195.0,,155.0
287.0,-630.0,,-136.0,-68.0,-258.0,-291.0,-18.0,,108.0
42.0,-719.0,,-179.0,-17.0,-434.0,-292.0,110.0,,46.0
191.0,-676.0,,-224.0,60.0,-287.0,-355.0,352.0,,-3.0
-18.0,-496.0,,-230.0,41.0,-4.0,-333.0,310.0,,-42.0
139.0,-364.0,,-245.0,109.0,-84.0,-298.0,354.0,,-89.0
30.0,-335.0,,-260.0,185.0,-352.0,-257.0,253.0,,-112.0
-101.0,-273.0,,-251.0,176.0,-474.0,-131.0,66.0,,-107.0
80.0,-189.0,,-255.0,211.0,-524.0,-85.0,-203.0,,-93.0
-137.0,-139.0,,-283.0,176.0,-675.0,-82.0,-360.0,,-73.0
62.0,-131.0,,-263.0,98.0,-1049.0,-105.0,131.0,,-48.0
-273.0,-95.0,,-204.0,68.0,-1350.0,-120.0,303.0,,-29.0
5.0,-50.0,,-160.0,-12.0,-1548.0,-142.0,537.0,,-11.0
-140.0,-9.0,,-136.0,-46.0,-1685.0,-187.0,552.0,,-2.0
-93.0,-5.0,,-123.0,-15.0,-1832.0,-172.0,253.0,,-3.0
-88.0,5.0,,-124.0,-32.0,-1835.0,-153.0,145.0,,0.0
-208.0,61.0,,-117.0,13.0,-1700.0,-106.0,-134.0,,9.0
-32.0,64.0,,-73.0,87.0,-1664.0,-71.0,38.0,,22.0
-308.0,20.0,,-34.0,69.0,-1655.0,-67.0,77.0,,37.0
33.0,-82.0,,-17.0,86.0,-1694.0,-75.0,336.0,,57.0
-250.0,-171.0,,-10.0,57.0,-1529.0,-164.0,489.0,,82.0
0.0,-183.0,,-24.0,-35.0,-1181.0,-164.0,343.0,,117.0
-158.0,-136.0,,-18.0,-39.0,-846.0,-75.0,323.0,,169.0
-152.0,-117.0,,-5.0,-71.0,-663.0,-40.0,-221.0,,241.0
-109.0,-97.0,,-34.0,-93.0,-678.0,-6.0,-145.0,,329.0
-237.0,-19.0,,-89.0,-71.0,-692.0,-28.0,-160.0,,416.0
26.0,39.0,,-137.0,-164.0,-457.0,-47.0,-362.0,,483.0
-341.0,21.0,,-184.0,-228.0,-18.0,-26.0,-419.0,,541.0
-4.0,-34.0,,-238.0,-226.0,203.0,-48.0,-722.0,,595.0
-300.0,-27.0,,-283.0,-260.0,210.0,-15.0,-740.0,,627.0
-55.0,-81.0,,-318.0,-209.0,100.0,-42.0,-929.0,,653.0
-126.0,-221.0,,-326.0,-141.0,-11.0,-102.0,-864.0,,655.0
-153.0,-324.0,,-325.0,-126.0,-222.0,-24.0,-934.0,,639.0
-61.0,-263.0,,-320.0,-59.0,-561.0,-71.0,-1106.0,,592.0
-297.0,-95.0,,-331.0,-67.0,-562.0,-146.0,-1197.0,,508.0
46.0,-12.0,,-338.0,-115.0,-252.0,-134.0,-1455.0,,404.0
-293.0,25.0,,-304.0,-77.0,-255.0,-195.0,-1006.0,,264.0
103.0,135.0,,-295.0,-109.0,-703.0,-139.0,-609.0,,120.0
-147.0,320.0,,-330.0,-126.0,-942.0,-107.0,-260.0,,-20.0
-8.0,371.0,,-355.0,-94.0,-804.0,-182.0,42.0,,-159.0
-56.0,298.0,,-373.0,-132.0,-593.0,-124.0,-205.0,,-272.0
-164.0,265.0,,-411.0,-100.0,-589.0,-143.0,-351.0,,-370.0
79.0,270.0,,-447.0,-43.0,-718.0,-177.0,-626.0,,-456.0
-277.0,209.0,,-472.0,-44.0,-610.0,-148.0,-827.0,,-516.0
106.0,88.0,,-482.0,20.0,-346.0,-216.0,-827.0,,-574.0
-220.0,102.0,,-491.0,67.0,-110.0,-148.0,-715.0,,-633.0
47.0,168.0,,-514.0,44.0,-73.0,-99.0,-814.0,,-673.0
-189.0,132.0,,-530.0,79.0,-165.0,-177.0,-1256.0,,-699.0
-188.0,10.0,,-522.0,80.0,-139.0,-149.0,-1204.0,,-708.0
-15.0,-57.0,,-523.0,88.0,-127.0,-188.0,-1208.0,,-704.0
-243.0,-20.0,,-505.0,167.0,-363.0,-174.0,-1114.0,,-688.0
51.0,-6.0,,-460.0,144.0,-755.0,-35.0,-981.0,,-658.0
-343.0,-25.0,,-463.0,158.0,-796.0,-57.0,-1097.0,,-618.0
-45.0,-27.0,,-474.0,214.0,-465.0,-62.0,-977.0,,-561.0
-238.0,88.0,,-487.0,180.0,-107.0,-56.0,-1086.0,,-505.0
-132.0,177.0,,-499.0,195.0,81.0,-135.0,-1121.0,,-449.0
-173.0,177.0,,-509.0,201.0,183.0,-86.0,-1160.0,,-395.0
-242.0,223.0,,-524.0,171.0,521.0,-82.0,-792.0,,-355.0
-46.0,332.0,,-536.0,206.0,681.0,-135.0,-367.0,,-310.0
-362.0,435.0,,-561.0,219.0,505.0,-60.0,-199.0,,-287.0
-176.0,402.0,,-563.0,194.0,304.0,-95.0,277.0,,-280.0
-389.0,381.0,,-541.0,212.0,71.0,-103.0,101.0,,-281.0
-104.0,404.0,,-501.0,186.0,-207.0,-33.0,-88.0,,-309.0
-270.0,400.0,,-471.0,143.0,-429.0,-145.0,-349.0,,-345.0
-340.0,287.0,,-448.0,169.0,-457.0,-158.0,-480.0,,-386.0
-330.0,96.0,,-423.0,138.0,-511.0,-149.0,-345.0,,-415.0
-409.0,-9.0,,-409.0,129.0,-531.0,-219.0,-550.0,,-437.0
-152.0,-47.0,,-397.0,125.0,-209.0,-134.0,-380.0,,-462.0
-406.0,-27.0,,-417.0,33.0,221.0,-144.0,-428.0,,-483.0
-253.0,-59.0,,-401.0,-3.0,505.0,-93.0,-144.0,,-514.0
-385.0,-48.0,,-356.0,-62.0,683.0,63.0,110.0,,-530.0
-208.0,58.0,,-335.0,-124.0,827.0,-16.0,-79.0,,-534.0
-259.0,103.0,,-307.0,-112.0,1037.0,-62.0,18.0,,-536.0
-321.0,56.0,,-283.0,-143.0,1080.0,-95.0,-269.0,,-514.0
-183.0,-9.0,,-274.0,-157.0,958.0,-212.0,-343.0,,-469.0
-277.0,-31.0,,-273.0,-117.0,1021.0,-114.0,-293.0,,-417.0
-108.0,-68.0,,-257.0,-134.0,1208.0,-55.0,-227.0,,-359.0
-296.0,-81.0,,-240.0,-130.0,1484.0,-52.0,-94.0,,-309.0
-125.0,-60.0,,-233.0,-95.0,1582.0,82.0,-269.0,,-279.0
-114.0,7.0,,-233.0,-109.0,1283.0,-21.0,-447.0,,-269.0
-100.0,105.0,,-254.0,-74.0,1004.0,-90.0,-938.0,,-267.0
-150.0,135.0,,-301.0,-64.0,987.0,-15.0,-1152.0,,-272.0
-202.0,121.0,,-325.0,-108.0,1028.0,-43.0,-1212.0,,-271.0
-30.0,74.0,,-322.0,-84.0,934.0,80.0,-1263.0,,-265.0
-93.0,19.0,,-324.0,-91.0,741.0,84.0,-995.0,,-270.0
-9.0,10.0,,-347.0,-134.0,745.0,32.0,-868.0,,-283.0
-160.0,39.0,,-378.0,-105.0,876.0,107.0,-485.0,,-308.0
-87.0,98.0,,-373.0,-91.0,895.0,59.0,-203.0,,-340.0
-68.0,156.0,,-385.0,-54.0,877.0,74.0,60.0,,-368.0
10.0,186.0,,-401.0,1.0,924.0,79.0,179.0,,-383.0
31.0,140.0,,-421.0,-41.0,1219.0,27.0,-86.0,,-396.0
-76.0,-9.0,,-408.0,-27.0,1360.0,78.0,-219.0,,-399.0
61.0,-112.0,,-382.0,17.0,1222.0,79.0,-373.0,,-380.0
-17.0,-114.0,,-391.0,-5.0,1141.0,85.0,5.0,,-367.0
113.0,-135.0,,-373.0,17.0,1114.0,126.0,184.0,,-336.0
53.0,-189.0,,-407.0,42.0,1170.0,75.0,208.0,,-318.0
120.0,-213.0,,-458.0,39.0,893.0,81.0,478.0,,-308.0
159.0,-149.0,,-480.0,54.0,384.0,17.0,404.0,,-303.0
129.0,-90.0,,-475.0,30.0,55.0,-96.0,646.0,,-314.0
233.0,-119.0,,-451.0,27.0,-20.0,-11.0,726.0,,-313.0
88.0,-85.0,,-424.0,67.0,129.0,24.0,755.0,,-316.0
174.0,15.0,,-390.0,39.0,106.0,36.0,489.0,,-321.0
147.0,63.0,,-375.0,17.0,8.0,99.0,129.0,,-314.0
293.0,59.0,,-335.0,-3.0,103.0,71.0,485.0,,-294.0
218.0,119.0,,-289.0,-84.0,260.0,40.0,655.0,,-258.0
137.0,258.0,,-231.0,-120.0,233.0,28.0,1176.0,,-220.0
181.0,354.0,,-177.0,-150.0,-19.0,46.0,1625.0,,-195.0
123.0,297.0,,-187.0,-187.0,-250.0,73.0,1467.0,,-175.0
268.0,155.0,,-193.0,-146.0,-290.0,53.0,877.0,,-162.0
132.0,120.0,,-190.0,-114.0,-347.0,36.0,234.0,,-173.0
269.0,77.0,,-210.0,-98.0,-686.0,0.0,402.0,,-195.0
169.0,-71.0,,-216.0,-33.0,-957.0,0.0,502.0,,-224.0
134.0,-205.0,,-234.0,24.0,-901.0,54.0,744.0,,-276.0
145.0,-204.0,,-263.0,108.0,-662.0,54.0,897.0,,-335.0
101.0,-147.0,,-270.0,213.0,-536.0,66.0,607.0,,-392.0
282.0,-178.0,,-269.0,236.0,-540.0,63.0,229.0,,-443.0
87.0,-190.0,,-268.0,238.0,-406.0,72.0,-123.0,,-461.0
136.0,-158.0,,-264.0,219.0,-281.0,85.0,184.0,,-452.0
70.0,-138.0,,-280.0,172.0,-218.0,12.0,129.0,,-429.0
101.0,-266.0,,-309.0,193.0,-451.0,65.0,44.0,,-393.0
75.0,-470.0,,-304.0,196.0,-830.0,140.0,277.0,,-344.0
21.0,-567.0,,-288.0,148.0,-932.0,77.0,181.0,,-284.0
104.0,-606.0,,-267.0,137.0,-1013.0,59.0,73.0,,-207.0
-62.0,-614.0,,-246.0,96.0,-1170.0,40.0,484.0,,-111.0
21.0,-630.0,,-220.0,24.0,-1464.0,-1.0,1402.0,,-15.0
3.0,-503.0,,-197.0,12.0,-1693.0,-7.0,912.0,,89.0
-46.0,-296.0,,-177.0,6.0,-1621.0,-9.0,223.0,,190.0
-102.0,-223.0,,-131.0,19.0,-1588.0,-9.0,927.0,,263.0
-55.0,-199.0,,-102.0,89.0,-1830.0,-28.0,1365.0,,292.0
-15.0,-210.0,,-81.0,126.0,-1926.0,-1.0,783.0,,282.0
-109.0,-187.0,,-55.0,112.0,-1550.0,79.0,-64.0,,249.0
-94.0,-132.0,,-39.0,55.0,-1143.0,95.0,500.0,,182.0
-134.0,-152.0,,6.0,-64.0,-1134.0,109.0,1027.0,,87.0
-101.0,-232.0,,58.0,-164.0,-1385.0,175.0,668.0,,-22.0
-126.0,-260.0,,59.0,-212.0,-1473.0,140.0,288.0,,-132.0
-137.0,-218.0,,44.0,-264.0,-1325.0,87.0,-892.0,,-247.0
-121.0,-276.0,,35.0,-271.0,-1217.0,129.0,-707.0,,-350.0
-162.0,-323.0,,45.0,-266.0,-1269.0,159.0,685.0,,-414.0
-148.0,-308.0,,83.0,-271.0,-1276.0,182.0,1213.0,,-453.0
-170.0,-330.0,,112.0,-215.0,-1284.0,193.0,918.0,,-460.0
-196.0,-424.0,,86.0,-162.0,-1396.0,239.0,42.0,,-441.0
-174.0,-585.0,,5.0,-153.0,-1481.0,280.0,504.0,,-410.0
-232.0,-653.0,,-93.0,-142.0,-1531.0,243.0,929.0,,-342.0
-246.0,-627.0,,-146.0,-138.0,-1610.0,261.0,210.0,,-265.0
-237.0,-591.0,,-114.0,-126.0,-1639.0,214.0,314.0,,-198.0
-229.0,-577.0,,-86.0,-64.0,-1418.0,138.0,1032.0,,-118.0
-259.0,-525.0,,-94.0,-36.0,-1333.0,217.0,1328.0,,-35.0
-316.0,-451.0,,-131.0,-37.0,-1558.0,275.0,944.0,,43.0
-200.0,-353.0,,-187.0,9.0,-1736.0,241.0,785.0,,129.0
-267.0,-292.0,,-190.0,5.0,-1704.0,230.0,713.0,,228.0
-263.0,-352.0,,-126.0,-17.0,-1629.0,250.0,816.0,,329.0
-184.0,-355.0,,-77.0,-28.0,-1769.0,286.0,1217.0,,420.0
-183.0,-316.0,,-106.0,-74.0,-1787.0,317.0,1114.0,,516.0
-202.0,-324.0,,-174.0,-73.0,-1449.0,325.0,1317.0,,579.0
-283.0,-389.0,,-183.0,-62.0,-1133.0,349.0,2098.0,,613.0
-167.0,-413.0,,-111.0,-47.0,-1264.0,308.0,1720.0,,634.0
-196.0,-388.0,,-41.0,41.0,-1451.0,279.0,519.0,,620.0
-232.0,-376.0,,-7.0,111.0,-1279.0,370.0,543.0,,587.0
-273.0,-341.0,,12.0,132.0,-965.0,395.0,537.0,,529.0
-341.0,-310.0,,20.0,154.0,-680.0,398.0,842.0,,450.0
-274.0,-228.0,,11.0,151.0,-724.0,408.0,1483.0,,366.0
-316.0,-122.0,,-22.0,131.0,-882.0,389.0,849.0,,286.0
-329.0,-30.0,,-35.0,147.0,-866.0,411.0,591.0,,210.0
-385.0,66.0,,-13.0,125.0,-755.0,398.0,476.0,,122.0
-418.0,170.0,,-35.0,88.0,-671.0,426.0,500.0,,29.0
-415.0,222.0,,-68.0,95.0,-643.0,483.0,389.0,,-60.0
-467.0,184.0,,-132.0,45.0,-423.0,499.0,-450.0,,-140.0
-462.0,152.0,,-178.0,-13.0,-115.0,553.0,-589.0,,-203.0
-523.0,151.0,,-182.0,-45.0,-38.0,529.0,-275.0,,-245.0
-565.0,138.0,,-149.0,-89.0,-343.0,453.0,537.0,,-272.0
-563.0,69.0,,-65.0,-77.0,-692.0,476.0,689.0,,-286.0
-612.0,60.0,,-59.0,-34.0,-744.0,495.0,687.0,,-273.0
-614.0,149.0,,-87.0,-34.0,-623.0,448.0,1293.0,,-241.0
-654.0,226.0,,-137.0,-5.0,-527.0,419.0,508.0,,-187.0
-627.0,281.0,,-106.0,43.0,-516.0,437.0,216.0,,-114.0
-628.0,326.0,,-20.0,59.0,-473.0,465.0,334.0,,-29.0
-692.0,399.0,,-2.0,119.0,-338.0,444.0,-190.0,,80.0
-649.0,435.0,,-22.0,153.0,-91.0,414.0,96.0,,186.0
-637.0,417.0,,-97.0,126.0,62.0,419.0,600.0,,282.0
-603.0,400.0,,-134.0,133.0,175.0,433.0,1003.0,,367.0
-593.0,335.0,,-144.0,106.0,364.0,495.0,979.0,,432.0
-504.0,251.0,,-116.0,52.0,494.0,549.0,1082.0,,497.0
-541.0,110.0,,-64.0,51.0,596.0,553.0,1045.0,,561.0
-474.0,-78.0,,-93.0,15.0,531.0,580.0,753.0,,632.0
-409.0,-183.0,,-139.0,-24.0,453.0,584.0,594.0,,700.0
-457.0,-256.0,,-142.0,0.0,567.0,551.0,66.0,,744.0
-377.0,-341.0,,-158.0,-12.0,640.0,518.0,888.0,,778.0
-378.0,-386.0,,-185.0,-24.0,506.0,473.0,1156.0,,791.0
-180.0,-347.0,,-189.0,-34.0,194.0,436.0,635.0,,782.0
-366.0,-210.0,,-202.0,-104.0,62.0,434.0,1045.0,,752.0
-235.0,-4.0,,-223.0,-112.0,166.0,475.0,1167.0,,690.0
-162.0,163.0,,-206.0,-71.0,38.0,504.0,1278.0,,613.0
-160.0,228.0,,-199.0,-57.0,-254.0,504.0,975.0,,520.0
-15.0,299.0,,-204.0,18.0,-300.0,484.0,824.0,,396.0
-260.0,410.0,,-166.0,76.0,47.0,440.0,303.0,,269.0
13.0,461.0,,-156.0,66.0,444.0,402.0,-62.0,,134.0
-251.0,464.0,,-147.0,97.0,443.0,354.0,615.0,,3.0
-32.0,510.0,,-83.0,95.0,346.0,301.0,347.0,,-89.0
-105.0,557.0,,-47.0,71.0,613.0,296.0,142.0,,-165.0
-211.0,485.0,,-5.0,106.0,1130.0,319.0,101.0,,-212.0
-64.0,368.0,,58.0,95.0,1333.0,324.0,60.0,,-238.0
-420.0,351.0,,99.0,60.0,1167.0,330.0,142.0,,-253.0
-34.0,370.0,,128.0,72.0,1111.0,314.0,-275.0,,-239.0
-400.0,370.0,,113.0,51.0,1165.0,239.0,-253.0,,-218.0
-83.0,378.0,,139.0,44.0,926.0,183.0,53.0,,-187.0
-270.0,384.0,,163.0,66.0,334.0,149.0,474.0,,-139.0
-324.0,367.0,,162.0,29.0,-199.0,113.0,321.0,,-87.0
-89.0,300.0,,158.0,46.0,-412.0,116.0,-188.0,,-23.0
-412.0,152.0,,136.0,103.0,-373.0,125.0,-81.0,,41.0
-42.0,-66.0,,141.0,86.0,-474.0,134.0,48.0,,117.0
-464.0,-188.0,,106.0,93.0,-702.0,153.0,-62.0,,202.0
-78.0,-241.0,,96.0,109.0,-690.0,196.0,-254.0,,292.0
-325.0,-310.0,,83.0,85.0,-508.0,201.0,86.0,,384.0
-268.0,-316.0,,62.0,96.0,-480.0,168.0,376.0,,470.0
-223.0,-287.0,,58.0,59.0,-728.0,172.0,266.0,,567.0
-457.0,-264.0,,8.0,2.0,-900.0,157.0,-160.0,,662.0
-131.0,-327.0,,-13.0,6.0,-884.0,127.0,-493.0,,763.0
-548.0,-350.0,,-18.0,-55.0,-857.0,116.0,-121.0,,859.0
-198.0,-304.0,,-1.0,-125.0,-874.0,104.0,-242.0,,943.0
-481.0,-292.0,,11.0,-138.0,-857.0,95.0,-94.0,,1032.0
-265.0,-266.0,,4.0,-170.0,-747.0,104.0,291.0,,1103.0
-342.0,-216.0,,-22.0,-178.0,-699.0,130.0,140.0,,1174.0
-445.0,-125.0,,-51.0,-151.0,-598.0,152.0,393.0,,1238.0
-285.0,-153.0,,-23.0,-151.0,-626.0,136.0,101.0,,1275.0
-441.0,-196.0,,20.0,-111.0,-850.0,83.0,-718.0,,1286.0
-207.0,-172.0,,68.0,-66.0,-796.0,37.0,-1370.0,,1292.0
-542.0,-179.0,,97.0,-108.0,-667.0,57.0,-1197.0,,1291.0
-240.0,-189.0,,98.0,-94.0,-569.0,134.0,-201.0,,1272.0
-472.0,-150.0,,107.0,-70.0,-625.0,135.0,-36.0,,1255.0
-378.0,-41.0,,136.0,-69.0,-763.0,62.0,-42.0,,1234.0
-429.0,-18.0,,173.0,5.0,-628.0,24.0,260.0,,1215.0
-470.0,79.0,,202.0,43.0,-687.0,35.0,447.0,,1200.0
-295.0,252.0,,193.0,72.0,-936.0,35.0,175.0,,1192.0
-515.0,386.0,,191.0,124.0,-1068.0,36.0,-247.0,,1177.0
-265.0,475.0,,245.0,88.0,-916.0,76.0,0.0,,1145.0
-583.0,463.0,,248.0,38.0,-574.0,96.0,-97.0,,1124.0
-370.0,490.0,,228.0,46.0,-508.0,73.0,142.0,,1078.0
-465.0,407.0,,222.0,17.0,-657.0,49.0,934.0,,1024.0
-419.0,252.0,,198.0,14.0,-764.0,78.0,1045.0,,974.0
-365.0,193.0,,187.0,53.0,-642.0,127.0,487.0,,908.0
-489.0,197.0,,182.0,32.0,-526.0,134.0,62.0,,860.0
-342.0,175.0,,205.0,48.0,-500.0,118.0,402.0,,814.0
-592.0,125.0,,214.0,58.0,-375.0,87.0,232.0,,763.0
-332.0,154.0,,190.0,23.0,-211.0,99.0,-155.0,,729.0
-416.0,221.0,,176.0,37.0,31.0,160.0,-38.0,,692.0
-376.0,378.0,,143.0,10.0,2.0,164.0,-136.0,,642.0
-350.0,554.0,,138.0,-22.0,-127.0,107.0,-454.0,,600.0
-448.0,638.0,,147.0,-14.0,-139.0,60.0,-356.0,,540.0
-296.0,698.0,,133.0,-61.0,-156.0,31.0,-77.0,,465.0
-446.0,748.0,,147.0,-115.0,79.0,29.0,-497.0,,396.0
-298.0,661.0,,207.0,-116.0,175.0,51.0,-142.0,,326.0
-288.0,483.0,,235.0,-127.0,28.0,65.0,620.0,,276.0
-327.0,415.0,,217.0,-117.0,-14.0,65.0,727.0,,230.0
-241.0,308.0,,228.0,-97.0,129.0,46.0,576.0,,182.0
-409.0,70.0,,218.0,-123.0,363.0,1.0,-341.0,,141.0
-248.0,-156.0,,203.0,-90.0,346.0,-23.0,-942.0,,106.0
-344.0,-253.0,,196.0,-43.0,160.0,-1.0,-1369.0,,85.0
-253.0,-296.0,,158.0,-54.0,273.0,44.0,-951.0,,90.0
-226.0,-350.0,,121.0,-32.0,621.0,68.0,315.0,,127.0
-315.0,-338.0,,93.0,-17.0,840.0,21.0,365.0,,195.0
-94.0,-204.0,,63.0,-28.0,927.0,6.0,173.0,,296.0
-356.0,-50.0,,13.0,8.0,839.0,18.0,-190.0,,408.0
-119.0,-12.0,,-17.0,50.0,799.0,-18.0,-262.0,,534.0
-253.0,12.0,,-34.0,67.0,874.0,-17.0,-5.0,,649.0
-107.0,65.0,,-42.0,75.0,959.0,-21.0,149.0,,743.0
-162.0,114.0,,-20.0,11.0,1162.0,-53.0,519.0,,838.0
-265.0,103.0,,15.0,-70.0,1364.0,-52.0,304.0,,913.0
-61.0,74.0,,48.0,-90.0,1584.0,17.0,526.0,,980.0
-280.0,27.0,,58.0,-121.0,1640.0,42.0,617.0,,1041.0
19.0,-38.0,,82.0,-145.0,1500.0,-74.0,62.0,,1092.0
-207.0,-47.0,,86.0,-128.0,1318.0,-134.0,57.0,,1151.0
16.0,-116.0,,55.0,-138.0,1095.0,-89.0,-24.0,,1211.0
-114.0,-165.0,,69.0,-107.0,1012.0,-55.0,-77.0,,1260.0
-3.0,-145.0,,113.0,-55.0,935.0,-49.0,321.0,,1309.0
46.0,-116.0,,131.0,-59.0,656.0,-38.0,493.0,,1356.0
-85.0,-96.0,,121.0,-21.0,357.0,-29.0,580.0,,1395.0
52.0,-89.0,,125.0,24.0,377.0,10.0,750.0,,1436.0
-66.0,-110.0,,143.0,17.0,657.0,35.0,630.0,,1479.0
137.0,-172.0,,178.0,37.0,734.0,-15.0,561.0,,1523.0
-145.0,-172.0,,216.0,59.0,587.0,-20.0,755.0,,1558.0
69.0,-130.0,,225.0,60.0,709.0,13.0,907.0,,1576.0
-56.0,-112.0,,215.0,98.0,1003.0,44.0,968.0,,1568.0
100.0,-95.0,,216.0,74.0,966.0,38.0,467.0,,1542.0
-46.0,-47.0,,248.0,0.0,736.0,22.0,-365.0,,1503.0
14.0,-23.0,,300.0,-25.0,700.0,54.0,-733.0,,1452.0
116.0,-83.0,,350.0,-89.0,761.0,69.0,-1138.0,,1400.0
75.0,-141.0,,353.0,-140.0,564.0,54.0,-1540.0,,1356.0
228.0,-140.0,,346.0,-123.0,313.0,21.0,-1657.0,,1320.0
-60.0,-142.0,,359.0,-129.0,234.0,-15.0,-857.0,,1278.0
333.0,-203.0,,359.0,-116.0,289.0,-26.0,245.0,,1238.0
78.0,-191.0,,369.0,-110.0,350.0,49.0,873.0,,1191.0
388.0,-53.0,,404.0,-157.0,315.0,124.0,1060.0,,1146.0
179.0,25.0,,404.0,-133.0,251.0,124.0,-142.0,,1104.0
398.0,11.0,,381.0,-66.0,89.0,127.0,-822.0,,1068.0
368.0,38.0,,363.0,-20.0,206.0,140.0,-1008.0,,1046.0
264.0,93.0,,330.0,50.0,615.0,99.0,-1306.0,,1013.0
500.0,87.0,,321.0,89.0,911.0,71.0,-711.0,,974.0
251.0,-7.0,,338.0,89.0,1103.0,115.0,-112.0,,935.0
681.0,-116.0,,339.0,92.0,1286.0,95.0,1008.0,,895.0
188.0,-124.0,,345.0,47.0,1565.0,95.0,1413.0,,842.0
594.0,-90.0,,397.0,-8.0,1711.0,129.0,96.0,,783.0
254.0,-98.0,,447.0,-16.0,1490.0,96.0,-1322.0,,720.0
506.0,-107.0,,457.0,-64.0,1154.0,76.0,-1827.0,,645.0
456.0,-84.0,,490.0,-113.0,1095.0,109.0,-1664.0,,569.0
351.0,-50.0,,538.0,-114.0,1211.0,163.0,-1356.0,,486.0
619.0,-44.0,,554.0,-137.0,1040.0,160.0,-498.0,,398.0
270.0,10.0,,560.0,-128.0,690.0,130.0,-195.0,,306.0
776.0,156.0,,572.0,-90.0,651.0,95.0,-212.0,,209.0
190.0,311.0,,570.0,-79.0,830.0,115.0,-578.0,,122.0
750.0,367.0,,569.0,-20.0,1062.0,200.0,-1694.0,,44.0
399.0,364.0,,566.0,50.0,1399.0,217.0,-1982.0,,-9.0
639.0,436.0,,546.0,80.0,1725.0,188.0,-1751.0,,-36.0
623.0,458.0,,543.0,129.0,2017.0,180.0,-539.0,,-41.0
456.0,427.0,,545.0,155.0,2160.0,237.0,-103.0,,-19.0
828.0,450.0,,557.0,157.0,2051.0,342.0,-624.0,,30.0
351.0,520.0,,590.0,171.0,1842.0,380.0,-145.0,,100.0
963.0,569.0,,595.0,146.0,1710.0,380.0,-482.0,,189.0
423.0,588.0,,569.0,147.0,1687.0,377.0,-687.0,,280.0
898.0,665.0,,562.0,189.0,1684.0,316.0,-1180.0,,351.0
586.0,726.0,,575.0,197.0,1546.0,315.0,-1808.0,,422.0
704.0,786.0,,586.0,216.0,1437.0,372.0,-1354.0,,484.0
777.0,816.0,,584.0,230.0,1611.0,363.0,-1051.0,,535.0
562.0,869.0,,562.0,186.0,1860.0,342.0,27.0,,590.0
894.0,940.0,,518.0,173.0,2029.0,353.0,-57.0,,626.0
350.0,888.0,,467.0,162.0,2102.0,352.0,-783.0,,662.0
808.0,771.0,,424.0,95.0,2347.0,366.0,-713.0,,695.0
321.0,589.0,,379.0,77.0,2779.0,386.0,-1199.0,,721.0
695.0,350.0,,344.0,68.0,2787.0,344.0,-602.0,,745.0
382.0,73.0,,325.0,40.0,2407.0,300.0,-473.0,,762.0
467.0,-152.0,,321.0,47.0,2168.0,316.0,-267.0,,764.0
498.0,-295.0,,345.0,21.0,2189.0,301.0,293.0,,743.0
217.0,-374.0,,365.0,-12.0,2220.0,275.0,-792.0,,724.0
565.0,-406.0,,382.0,-8.0,2169.0,346.0,-837.0,,684.0
171.0,-383.0,,399.0,-26.0,2172.0,354.0,-219.0,,633.0
641.0,-275.0,,393.0,-40.0,2305.0,299.0,-188.0,,608.0
202.0,-175.0,,398.0,-24.0,2559.0,305.0,-611.0,,594.0
548.0,-91.0,,402.0,-52.0,2754.0,326.0,-1236.0,,585.0
259.0,-2.0,,409.0,-79.0,2791.0,288.0,-2063.0,,585.0
379.0,60.0,,417.0,-76.0,2765.0,230.0,-3216.0,,602.0
494.0,52.0,,402.0,-95.0,2839.0,222.0,-2547.0,,624.0
278.0,-6.0,,381.0,-82.0,2796.0,179.0,-934.0,,648.0
586.0,-24.0,,304.0,-101.0,2500.0,138.0,-57.0,,660.0
115.0,24.0,,235.0,-183.0,2428.0,83.0,432.0,,674.0
582.0,25.0,,189.0,-233.0,2620.0,-18.0,171.0,,699.0
159.0,-3.0,,134.0,-270.0,2606.0,-90.0,-1481.0,,733.0
486.0,22.0,,113.0,-263.0,2255.0,-90.0,-2457.0,,766.0
253.0,70.0,,93.0,-181.0,1927.0,-11.0,-1358.0,,785.0
305.0,56.0,,103.0,-130.0,1836.0,49.0,-1548.0,,800.0
426.0,-31.0,,145.0,-102.0,1976.0,31.0,-1391.0,,792.0
105.0,-94.0,,172.0,-44.0,2156.0,-114.0,-949.0,,769.0
421.0,-181.0,,188.0,-14.0,2169.0,-238.0,-2477.0,,726.0
5.0,-309.0,,212.0,36.0,2224.0,-205.0,-1540.0,,668.0
464.0,-390.0,,235.0,98.0,2322.0,-171.0,97.0,,600.0
19.0,-367.0,,256.0,102.0,2303.0,-191.0,846.0,,520.0
247.0,-286.0,,265.0,114.0,2310.0,-229.0,909.0,,452.0
152.0,-221.0,,282.0,92.0,2373.0,-251.0,-1095.0,,381.0
91.0,-189.0,,319.0,18.0,2287.0,-253.0,-2416.0,,314.0
252.0,-131.0,,353.0,4.0,2226.0,-296.0,-1019.0,,273.0
-48.0,-45.0,,373.0,15.0,2201.0,-352.0,1298.0,,252.0
376.0,-65.0,,370.0,18.0,2072.0,-400.0,1237.0,,242.0
-23.0,-103.0,,375.0,58.0,1996.0,-414.0,1594.0,,233.0
356.0,-122.0,,396.0,48.0,1982.0,-420.0,484.0,,214.0
141.0,-123.0,,424.0,13.0,2005.0,-482.0,-3141.0,,190.0
223.0,-74.0,,461.0,33.0,1983.0,-495.0,-2074.0,,165.0
242.0,-24.0,,470.0,51.0,2043.0,-486.0,450.0,,127.0
149.0,72.0,,467.0,90.0,2078.0,-509.0,1008.0,,99.0
430.0,171.0,,478.0,112.0,2050.0,-483.0,1550.0,,78.0
95.0,162.0,,455.0,66.0,2135.0,-412.0,-593.0,,59.0
410.0,36.0,,415.0,39.0,2239.0,-388.0,-3667.0,,55.0
197.0,-118.0,,382.0,32.0,2243.0,-444.0,-2725.0,,41.0
388.0,-261.0,,339.0,8.0,2127.0,-484.0,430.0,,19.0
276.0,-387.0,,316.0,15.0,2220.0,-513.0,2895.0,,-14.0
232.0,-447.0,,304.0,16.0,2273.0,-534.0,1709.0,,-53.0
339.0,-466.0,,287.0,-12.0,1961.0,-511.0,-1784.0,,-87.0
229.0,-475.0,,262.0,9.0,1608.0,-486.0,-2326.0,,-124.0
440.0,-471.0,,221.0,10.0,1387.0,-486.0,-1531.0,,-142.0
128.0,-459.0,,171.0,14.0,1201.0,-517.0,151.0,,-146.0
280.0,-350.0,,121.0,87.0,953.0,-550.0,1385.0,,-139.0
166.0,-202.0,,86.0,110.0,660.0,-565.0,504.0,,-109.0
255.0,-106.0,,54.0,111.0,457.0,-592.0,-1019.0,,-81.0
244.0,18.0,,25.0,112.0,495.0,-589.0,-2900.0,,-33.0
162.0,138.0,,-15.0,60.0,583.0,-551.0,-1712.0,,15.0
309.0,179.0,,-77.0,31.0,525.0,-529.0,-11.0,,53.0
78.0,143.0,,-129.0,6.0,275.0,-489.0,1455.0,,99.0
217.0,80.0,,-128.0,-67.0,92.0,-493.0,2924.0,,130.0
82.0,0.0,,-94.0,-99.0,41.0,-519.0,-550.0,,149.0
131.0,-52.0,,-90.0,-106.0,-276.0,-497.0,-3050.0,,158.0
94.0,-103.0,,-75.0,-126.0,-586.0,-493.0,-2607.0,,163.0
82.0,-148.0,,-72.0,-82.0,-560.0,-504.0,-1060.0,,164.0
50.0,-95.0,,-115.0,-15.0,-392.0,-509.0,2322.0,,155.0
-164.0,-78.0,,-148.0,37.0,-369.0,-483.0,1662.0,,126.0
-7.0,-132.0,,-176.0,119.0,-500.0,-465.0,-1629.0,,78.0
-118.0,-183.0,,-221.0,154.0,-464.0,-518.0,-2307.0,,36.0
-73.0,-191.0,,-254.0,176.0,-371.0,-599.0,-955.0,,-8.0
-192.0,-249.0,,-269.0,219.0,-281.0,-621.0,716.0,,-42.0
-150.0,-382.0,,-288.0,172.0,-214.0,-592.0,1487.0,,-69.0
-181.0,-428.0,,-285.0,148.0,-512.0,-593.0,1136.0,,-95.0
-270.0,-415.0,,-297.0,143.0,-906.0,-613.0,-286.0,,-112.0
-223.0,-343.0,,-307.0,85.0,-951.0,-643.0,-788.0,,-137.0
-285.0,-283.0,,-283.0,83.0,-813.0,-688.0,-589.0,,-160.0
-100.0,-215.0,,-248.0,73.0,-896.0,-704.0,-641.0,,-192.0
-250.0,-79.0,,-200.0,1.0,-1184.0,-707.0,517.0,,-232.0
-119.0,-32.0,,-185.0,-53.0,-1154.0,-743.0,1169.0,,-274.0
-187.0,11.0,,-190.0,-105.0,-774.0,-740.0,434.0,,-323.0
-34.0,71.0,,-183.0,-148.0,-632.0,-698.0,-602.0,,-364.0
12.0,170.0,,-186.0,-107.0,-679.0,-670.0,-761.0,,-402.0
-25.0,243.0,,-193.0,-82.0,-571.0,-627.0,404.0,,-408.0
112.0,202.0,,-187.0,-49.0,-558.0,-607.0,1550.0,,-386.0
-28.0,163.0,,-185.0,20.0,-911.0,-615.0,1592.0,,-336.0
231.0,90.0,,-190.0,-6.0,-1512.0,-658.0,151.0,,-250.0
35.0,102.0,,-196.0,-23.0,-1919.0,-673.0,-384.0,,-153.0
288.0,91.0,,-207.0,-5.0,-2214.0,-682.0,742.0,,-29.0
134.0,39.0,,-212.0,-22.0,-2718.0,-737.0,1781.0,,79.0
190.0,72.0,,-235.0,-6.0,-3191.0,-725.0,2025.0,,177.0
332.0,142.0,,-267.0,-2.0,-3307.0,-684.0,1186.0,,257.0
139.0,219.0,,-276.0,-26.0,-3215.0,-645.0,546.0,,306.0
341.0,186.0,,-285.0,6.0,-3306.0,-596.0,144.0,,329.0
60.0,195.0,,-290.0,26.0,-3275.0,-542.0,360.0,,316.0
367.0,164.0,,-303.0,15.0,-3030.0,-530.0,1073.0,,297.0
84.0,75.0,,-314.0,48.0,-2790.0,-572.0,779.0,,234.0
179.0,91.0,,-317.0,58.0,-2631.0,-557.0,862.0,,160.0
170.0,110.0,,-335.0,79.0,-2636.0,-505.0,437.0,,76.0
85.0,99.0,,-332.0,128.0,-2616.0,-457.0,-506.0,,-26.0
194.0,50.0,,-325.0,107.0,-2789.0,-436.0,-125.0,,-109.0
-76.0,61.0,,-326.0,96.0,-3101.0,-504.0,48.0,,-201.0
172.0,55.0,,-328.0,120.0,-3265.0,-601.0,205.0,,-285.0
-115.0,19.0,,-320.0,110.0,-3248.0,-606.0,94.0,,-361.0
88.0,34.0,,-311.0,114.0,-3282.0,-548.0,-502.0,,-424.0
-96.0,-12.0,,-281.0,98.0,-3697.0,-478.0,236.0,,-483.0
-111.0,-41.0,,-255.0,31.0,-4063.0,-372.0,543.0,,-545.0
-131.0,-128.0,,-245.0,24.0,-4125.0,-359.0,419.0,,-592.0
-242.0,-189.0,,-230.0,33.0,-4132.0,-458.0,733.0,,-642.0
-86.0,-172.0,,-254.0,24.0,-4318.0,-492.0,-107.0,,-678.0
-324.0,-237.0,,-251.0,59.0,-4515.0,-432.0,254.0,,-693.0
-85.0,-259.0,,-242.0,39.0,-4436.0,-369.0,1358.0,,-703.0
-271.0,-277.0,,-253.0,11.0,-4056.0,-349.0,949.0,,-693.0
-142.0,-265.0,,-258.0,54.0,-3430.0,-306.0,1141.0,,-668.0
-174.0,-231.0,,-241.0,60.0,-2959.0,-283.0,764.0,,-621.0
-123.0,-203.0,,-201.0,49.0,-2547.0,-291.0,-197.0,,-546.0
-73.0,-183.0,,-185.0,49.0,-2007.0,-321.0,282.0,,-451.0
-113.0,-178.0,,-183.0,18.0,-1539.0,-384.0,556.0,,-326.0
53.0,-94.0,,-189.0,21.0,-1245.0,-394.0,792.0,,-188.0
-115.0,-77.0,,-214.0,54.0,-1126.0,-338.0,1073.0,,-32.0
63.0,-104.0,,-256.0,38.0,-1093.0,-260.0,642.0,,136.0
-41.0,-125.0,,-288.0,35.0,-1247.0,-279.0,400.0,,295.0
83.0,-243.0,,-329.0,22.0,-1576.0,-349.0,423.0,,444.0
92.0,-354.0,,-372.0,-10.0,-1867.0,-403.0,572.0,,572.0
148.0,-369.0,,-416.0,34.0,-1949.0,-445.0,354.0,,684.0
210.0,-341.0,,-447.0,46.0,-1961.0,-404.0,506.0,,751.0
97.0,-315.0,,-449.0,18.0,-2051.0,-341.0,862.0,,771.0
282.0,-332.0,,-426.0,16.0,-2138.0,-292.0,587.0,,774.0
207.0,-323.0,,-396.0,-36.0,-2056.0,-280.0,866.0,,753.0
282.0,-252.0,,-370.0,-65.0,-1816.0,-260.0,931.0,,739.0
217.0,-240.0,,-323.0,-52.0,-1673.0,-300.0,716.0,,752.0
295.0,-194.0,,-296.0,-83.0,-1550.0,-372.0,679.0,,781.0
281.0,-107.0,,-261.0,-76.0,-1343.0,-331.0,236.0,,806.0
251.0,-25.0,,-261.0,-53.0,-1172.0,-229.0,-110.0,,819.0
357.0,43.0,,-273.0,-84.0,-1072.0,-149.0,64.0,,835.0
277.0,73.0,,-243.0,-85.0,-1137.0,-216.0,308.0,,848.0
351.0,143.0,,-238.0,-82.0,-1267.0,-350.0,175.0,,860.0
238.0,172.0,,-204.0,-57.0,-1238.0,-403.0,1.0,,877.0
217.0,175.0,,-168.0,48.0,-1116.0,-363.0,-711.0,,890.0
154.0,164.0,,-141.0,126.0,-848.0,-303.0,-750.0,,920.0
154.0,69.0,,-116.0,172.0,-761.0,-275.0,-138.0,,955.0
156.0,-11.0,,-127.0,213.0,-1086.0,-262.0,-363.0,,997.0
-7.0,69.0,,-127.0,184.0,-1490.0,-250.0,-238.0,,1032.0
-103.0,172.0,,-123.0,167.0,-1559.0,-207.0,-541.0,,1047.0
-192.0,175.0,,-138.0,161.0,-1266.0,-178.0,-859.0,,1041.0
-171.0,276.0,,-134.0,117.0,-1230.0,-189.0,-423.0,,1017.0
-279.0,403.0,,-115.0,143.0,-1462.0,-246.0,-271.0,,981.0
-303.0,470.0,,-106.0,157.0,-1567.0,-268.0,245.0,,926.0
-392.0,409.0,,-103.0,138.0,-1222.0,-277.0,437.0,,871.0
-465.0,248.0,,-96.0,151.0,-658.0,-352.0,46.0,,810.0
-469.0,119.0,,-109.0,95.0,-396.0,-387.0,-155.0,,745.0
-536.0,-106.0,,-148.0,50.0,-423.0,-352.0,-384.0,,672.0
-516.0,-305.0,,-173.0,32.0,-275.0,-280.0,-432.0,,577.0
-549.0,-388.0,,-189.0,-27.0,277.0,-203.0,-703.0,,483.0
-510.0,-372.0,,-201.0,-25.0,628.0,-199.0,-1069.0,,389.0
-533.0,-366.0,,-195.0,3.0,601.0,-290.0,-957.0,,307.0
-508.0,-405.0,,-183.0,4.0,571.0,-366.0,-776.0,,238.0
-440.0,-253.0,,-179.0,51.0,790.0,-367.0,-548.0,,175.0
-414.0,-78.0,,-162.0,45.0,1007.0,-316.0,-587.0,,118.0
-425.0,90.0,,-137.0,-4.0,886.0,-269.0,-698.0,,46.0
-439.0,273.0,,-142.0,19.0,680.0,-233.0,-770.0,,-22.0
-412.0,335.0,,-148.0,-20.0,625.0,-171.0,-879.0,,-84.0
-453.0,387.0,,-135.0,-43.0,684.0,-123.0,-755.0,,-157.0
-449.0,361.0,,-143.0,4.0,565.0,-129.0,-715.0,,-217.0
-452.0,374.0,,-150.0,-31.0,279.0,-196.0,-596.0,,-282.0
-474.0,394.0,,-118.0,-24.0,308.0,-233.0,-574.0,,-355.0
-506.0,310.0,,-85.0,-32.0,599.0,-217.0,-430.0,,-412.0
-493.0,244.0,,-58.0,-128.0,853.0,-166.0,-356.0,,-468.0
-492.0,121.0,,-34.0,-159.0,1022.0,-142.0,-437.0,,-502.0
-507.0,86.0,,-30.0,-207.0,983.0,-166.0,-249.0,,-514.0
-487.0,107.0,,-19.0,-240.0,745.0,-153.0,-626.0,,-520.0
-449.0,105.0,,-19.0,-175.0,643.0,-99.0,-1158.0,,-507.0
-393.0,97.0,,-20.0,-150.0,747.0,-8.0,-1016.0,,-486.0
-372.0,62.0,,-27.0,-125.0,653.0,20.0,-301.0,,-472.0
-329.0,90.0,,-50.0,-71.0,471.0,-41.0,216.0,,-466.0
-327.0,32.0,,-48.0,-111.0,450.0,-90.0,343.0,,-456.0
-312.0,-45.0,,-61.0,-125.0,609.0,-32.0,-18.0,,-442.0
-248.0,-193.0,,-55.0,-145.0,701.0,87.0,-628.0,,-426.0
-279.0,-272.0,,-48.0,-235.0,636.0,116.0,-424.0,,-396.0
-274.0,-306.0,,-59.0,-213.0,670.0,76.0,-502.0,,-353.0
-208.0,-551.0,,-104.0,-205.0,675.0,15.0,-779.0,,-295.0
-157.0,-511.0,,-169.0,-215.0,737.0,52.0,-724.0,,-218.0
-169.0,-471.0,,-179.0,-129.0,709.0,144.0,-873.0,,-110.0
-197.0,-610.0,,-186.0,-132.0,646.0,183.0,-923.0,,24.0
-158.0,-515.0,,-190.0,-138.0,654.0,225.0,-1117.0,,160.0
-211.0,-364.0,,-190.0,-74.0,547.0,232.0,-1176.0,,302.0
-173.0,-248.0,,-195.0,-66.0,400.0,247.0,-1226.0,,435.0
-207.0,-208.0,,-197.0,1.0,87.0,244.0,-1136.0,,541.0
-240.0,-98.0,,-186.0,81.0,-123.0,217.0,-1080.0,,624.0
-266.0,106.0,,-173.0,71.0,-97.0,225.0,-1463.0,,677.0
-372.0,182.0,,-175.0,107.0,55.0,232.0,-1413.0,,712.0
-340.0,173.0,,-166.0,121.0,85.0,251.0,-1132.0,,733.0
-434.0,172.0,,-145.0,92.0,5.0,224.0,-796.0,,736.0
-341.0,98.0,,-124.0,113.0,88.0,159.0,-777.0,,725.0
-378.0,-14.0,,-107.0,52.0,162.0,129.0,-861.0,,699.0
-435.0,-32.0,,-85.0,-29.0,183.0,213.0,-735.0,,658.0
-443.0,-51.0,,-66.0,-59.0,5.0,309.0,-630.0,,617.0
-506.0,-149.0,,-48.0,-183.0,-144.0,306.0,-360.0,,584.0
-363.0,-185.0,,-48.0,-227.0,-157.0,281.0,-733.0,,548.0
-416.0,-146.0,,-57.0,-150.0,2.0,270.0,-1062.0,,509.0
-328.0,-153.0,,-54.0,-128.0,235.0,371.0,-1116.0,,473.0
-372.0,-139.0,,-75.0,-52.0,154.0,435.0,-1064.0,,444.0
-360.0,-36.0,,-90.0,-16.0,47.0,439.0,-554.0,,418.0
-289.0,102.0,,-84.0,-71.0,-76.0,433.0,-373.0,,397.0
-305.0,112.0,,-90.0,-66.0,-227.0,391.0,-140.0,,372.0
-156.0,93.0,,-104.0,-105.0,-363.0,417.0,-216.0,,345.0
-195.0,119.0,,-114.0,-131.0,-377.0,440.0,-502.0,,325.0
-114.0,11.0,,-144.0,-42.0,-234.0,477.0,-558.0,,291.0
-161.0,-58.0,,-174.0,-7.0,-45.0,479.0,-783.0,,267.0
-123.0,8.0,,-182.0,15.0,129.0,460.0,-702.0,,246.0
-19.0,-49.0,,-221.0,68.0,2.0,458.0,-448.0,,230.0
-57.0,-219.0,,-244.0,24.0,-231.0,451.0,36.0,,221.0
0.0,-156.0,,-221.0,47.0,-418.0,489.0,72.0,,202.0
14.0,36.0,,-222.0,107.0,-427.0,525.0,-169.0,,189.0
120.0,95.0,,-193.0,81.0,-505.0,584.0,33.0,,178.0
34.0,140.0,,-168.0,131.0,-717.0,618.0,-173.0,,179.0
-11.0,238.0,,-217.0,151.0,-641.0,646.0,-587.0,,175.0
44.0,316.0,,-232.0,117.0,-391.0,678.0,-1079.0,,178.0
54.0,372.0,,-206.0,147.0,-123.0,668.0,-1260.0,,196.0
69.0,314.0,,-232.0,101.0,-47.0,662.0,-1021.0,,186.0
27.0,276.0,,-256.0,52.0,-52.0,657.0,-951.0,,164.0
13.0,191.0,,-239.0,59.0,-131.0,638.0,-785.0,,121.0
-10.0,-27.0,,-259.0,-1.0,-324.0,587.0,-613.0,,75.0
64.0,-97.0,,-276.0,-16.0,-426.0,592.0,-439.0,,41.0
68.0,-285.0,,-245.0,-3.0,-370.0,634.0,-500.0,,13.0
-13.0,-374.0,,-252.0,-72.0,-244.0,657.0,-530.0,,11.0
-52.0,-299.0,,-282.0,-78.0,-442.0,681.0,-515.0,,28.0
-30.0,-307.0,,-264.0,-66.0,-674.0,624.0,-809.0,,65.0
-69.0,-324.0,,-243.0,-85.0,-586.0,587.0,-761.0,,125.0
-147.0,-401.0,,-227.0,-17.0,-379.0,643.0,-691.0,,187.0
-166.0,-279.0,,-210.0,0.0,-227.0,727.0,-668.0,,233.0
-193.0,-132.0,,-182.0,-30.0,-272.0,793.0,-661.0,,264.0
-220.0,-72.0,,-102.0,-13.0,-312.0,774.0,-522.0,,283.0
-237.0,17.0,,-4.0,-69.0,-332.0,732.0,-269.0,,300.0
-268.0,128.0,,79.0,-81.0,-327.0,707.0,-469.0,,314.0
-322.0,155.0,,124.0,-40.0,-125.0,722.0,-644.0,,320.0
-241.0,106.0,,152.0,-59.0,56.0,783.0,-868.0,,336.0
-293.0,93.0,,150.0,-10.0,83.0,815.0,-702.0,,330.0
-357.0,15.0,,124.0,11.0,117.0,825.0,-254.0,,321.0
-285.0,101.0,,139.0,-42.0,274.0,797.0,-291.0,,308.0
-213.0,147.0,,128.0,-32.0,373.0,759.0,-199.0,,276.0
-241.0,179.0,,52.0,-22.0,182.0,738.0,-195.0,,266.0
-287.0,349.0,,-37.0,5.0,-16.0,740.0,-262.0,,251.0
-193.0,319.0,,-102.0,94.0,0.0,760.0,-290.0,,253.0
-224.0,329.0,,-159.0,95.0,-6.0,767.0,-145.0,,273.0
-193.0,304.0,,-170.0,63.0,-181.0,785.0,12.0,,294.0
-172.0,192.0,,-149.0,87.0,-372.0,756.0,-194.0,,335.0
-124.0,124.0,,-133.0,45.0,-239.0,717.0,166.0,,389.0
-140.0,38.0,,-105.0,18.0,-112.0,654.0,214.0,,462.0
-162.0,83.0,,-121.0,13.0,-300.0,621.0,-88.0,,540.0
-109.0,75.0,,-124.0,-32.0,-522.0,653.0,160.0,,618.0
-168.0,45.0,,-117.0,18.0,-771.0,650.0,356.0,,685.0
-48.0,79.0,,-134.0,62.0,-1024.0,683.0,14.0,,741.0
-34.0,52.0,,-158.0,42.0,-1300.0,691.0,-417.0,,770.0
-11.0,31.0,,-200.0,50.0,-1546.0,687.0,157.0,,778.0
-34.0,88.0,,-213.0,-4.0,-1590.0,656.0,266.0,,789.0
0.0,156.0,,-204.0,-43.0,-1482.0,635.0,354.0,,787.0
83.0,228.0,,-205.0,8.0,-1500.0,642.0,907.0,,783.0
41.0,298.0,,-186.0,21.0,-1585.0,606.0,705.0,,775.0
138.0,277.0,,-174.0,24.0,-1623.0,621.0,776.0,,759.0
112.0,295.0,,-190.0,24.0,-1704.0,625.0,596.0,,740.0
147.0,238.0,,-185.0,-58.0,-1768.0,657.0,654.0,,710.0
155.0,175.0,,-167.0,-114.0,-1807.0,654.0,757.0,,674.0
198.0,186.0,,-129.0,-126.0,-1706.0,645.0,635.0,,634.0
210.0,18.0,,-87.0,-150.0,-1592.0,663.0,914.0,,594.0
198.0,-90.0,,-92.0,-95.0,-1542.0,608.0,641.0,,553.0
294.0,-77.0,,-86.0,-62.0,-1380.0,571.0,663.0,,517.0
246.0,-68.0,,-72.0,-61.0,-1138.0,522.0,718.0,,480.0
238.0,-9.0,,-76.0,0.0,-971.0,542.0,838.0,,443.0
219.0,84.0,,-51.0,-1.0,-992.0,574.0,1164.0,,405.0
272.0,188.0,,-38.0,-23.0,-1192.0,554.0,955.0,,370.0
243.0,201.0,,-89.0,-29.0,-1335.0,534.0,545.0,,337.0
212.0,135.0,,-153.0,-85.0,-1322.0,513.0,109.0,,299.0
173.0,209.0,,-210.0,-89.0,-1498.0,542.0,365.0,,273.0
98.0,302.0,,-266.0,-72.0,-1637.0,515.0,389.0,,258.0
163.0,101.0,,-301.0,-141.0,-1636.0,474.0,120.0,,239.0
154.0,-45.0,,-328.0,-175.0,-1760.0,430.0,620.0,,229.0
160.0,-50.0,,-332.0,-179.0,-1773.0,405.0,578.0,,231.0
104.0,-103.0,,-320.0,-224.0,-1653.0,398.0,142.0,,246.0
157.0,-109.0,,-306.0,-198.0,-1525.0,358.0,491.0,,265.0
175.0,-106.0,,-259.0,-147.0,-1283.0,361.0,805.0,,297.0
123.0,-71.0,,-218.0,-100.0,-1002.0,351.0,916.0,,326.0
205.0,-129.0,,-173.0,-19.0,-858.0,380.0,933.0,,365.0
204.0,-208.0,,-98.0,0.0,-663.0,398.0,837.0,,404.0
208.0,-250.0,,-31.0,10.0,-422.0,395.0,1212.0,,419.0
184.0,-260.0,,11.0,43.0,-278.0,398.0,1217.0,,439.0
218.0,-303.0,,31.0,3.0,-341.0,394.0,1055.0,,441.0
222.0,-330.0,,25.0,-29.0,-544.0,426.0,907.0,,436.0
223.0,-263.0,,-20.0,-29.0,-592.0,383.0,803.0,,436.0
278.0,-263.0,,-45.0,-73.0,-637.0,308.0,824.0,,441.0
174.0,-90.0,,-48.0,-77.0,-786.0,230.0,513.0,,463.0
150.0,-28.0,,-96.0,-75.0,-954.0,202.0,958.0,,489.0
144.0,-62.0,,-154.0,-129.0,-927.0,224.0,1409.0,,531.0
176.0,5.0,,-181.0,-123.0,-733.0,216.0,1611.0,,576.0
160.0,24.0,,-208.0,-96.0,-575.0,204.0,1675.0,,613.0
81.0,174.0,,-226.0,-76.0,-641.0,161.0,1531.0,,645.0
133.0,345.0,,-217.0,-6.0,-959.0,154.0,1579.0,,664.0
85.0,503.0,,-228.0,17.0,-1160.0,167.0,933.0,,677.0
85.0,591.0,,-221.0,12.0,-1261.0,186.0,593.0,,675.0
38.0,628.0,,-196.0,45.0,-1346.0,190.0,1145.0,,662.0
0.0,662.0,,-182.0,29.0,-1406.0,151.0,1640.0,,628.0
49.0,703.0,,-141.0,20.0,-1318.0,111.0,1648.0,,583.0
47.0,723.0,,-142.0,74.0,-1093.0,74.0,1587.0,,532.0
2.0,622.0,,-137.0,114.0,-911.0,64.0,997.0,,475.0
-63.0,549.0,,-98.0,190.0,-799.0,46.0,957.0,,433.0
31.0,436.0,,-93.0,254.0,-758.0,56.0,1411.0,,391.0
16.0,237.0,,-72.0,224.0,-886.0,50.0,761.0,,355.0
-11.0,79.0,,-59.0,189.0,-1109.0,14.0,923.0,,323.0
14.0,59.0,,-37.0,125.0,-1145.0,-9.0,705.0,,294.0
-5.0,138.0,,-5.0,17.0,-1181.0,9.0,615.0,,276.0
23.0,176.0,,10.0,-6.0,-1212.0,89.0,1232.0,,261.0
-9.0,213.0,,44.0,-5.0,-1293.0,114.0,992.0,,246.0
51.0,305.0,,67.0,-12.0,-1352.0,56.0,297.0,,251.0
47.0,260.0,,83.0,67.0,-1246.0,-90.0,-290.0,,263.0
-3.0,73.0,,105.0,126.0,-945.0,-159.0,1152.0,,270.0
37.0,18.0,,106.0,147.0,-462.0,-84.0,1603.0,,290.0
19.0,46.0,,72.0,173.0,-139.0,53.0,716.0,,303.0
47.0,55.0,,55.0,133.0,22.0,147.0,873.0,,327.0
14.0,-24.0,,98.0,74.0,-20.0,77.0,942.0,,360.0
54.0,-70.0,,154.0,63.0,12.0,-45.0,792.0,,378.0
76.0,-53.0,,224.0,42.0,-11.0,-149.0,617.0,,399.0
12.0,-164.0,,305.0,35.0,-148.0,-160.0,659.0,,421.0
114.0,-307.0,,326.0,62.0,-104.0,-138.0,273.0,,434.0
103.0,-424.0,,305.0,33.0,-40.0,-117.0,620.0,,459.0
115.0,-388.0,,285.0,24.0,46.0,-93.0,585.0,,497.0
133.0,-381.0,,259.0,37.0,106.0,-121.0,327.0,,516.0
114.0,-512.0,,276.0,-21.0,357.0,-170.0,1271.0,,532.0
135.0,-475.0,,318.0,-38.0,644.0,-225.0,938.0,,544.0
164.0,-342.0,,342.0,-45.0,812.0,-176.0,652.0,,527.0
254.0,-263.0,,373.0,-90.0,926.0,-105.0,735.0,,471.0
192.0,-322.0,,385.0,-63.0,1069.0,-80.0,480.0,,388.0
224.0,-389.0,,390.0,-66.0,1114.0,-82.0,615.0,,290.0
249.0,-314.0,,413.0,-122.0,890.0,-101.0,903.0,,177.0
224.0,-275.0,,436.0,-118.0,870.0,-78.0,781.0,,55.0
286.0,-424.0,,459.0,-119.0,1047.0,-31.0,173.0,,-76.0
330.0,-537.0,,470.0,-124.0,1162.0,11.0,561.0,,-197.0
382.0,-418.0,,500.0,-78.0,1061.0,-12.0,827.0,,-303.0
299.0,-338.0,,517.0,-65.0,911.0,-91.0,630.0,,-394.0
276.0,-335.0,,519.0,-41.0,966.0,-187.0,628.0,,-449.0
315.0,-245.0,,534.0,20.0,1148.0,-211.0,792.0,,-460.0
341.0,-10.0,,538.0,0.0,1338.0,-161.0,982.0,,-434.0
375.0,250.0,,546.0,-4.0,1496.0,-102.0,508.0,,-376.0
371.0,309.0,,524.0,7.0,1625.0,-96.0,620.0,,-305.0
377.0,378.0,,469.0,-83.0,1715.0,-171.0,742.0,,-237.0
366.0,540.0,,409.0,-143.0,1807.0,-210.0,1206.0,,-173.0
420.0,516.0,,381.0,-177.0,1753.0,-219.0,1722.0,,-110.0
433.0,316.0,,339.0,-251.0,1616.0,-198.0,1045.0,,-58.0
402.0,117.0,,284.0,-268.0,1341.0,-205.0,1001.0,,-4.0
484.0,-12.0,,243.0,-285.0,1093.0,-251.0,731.0,,47.0
506.0,-92.0,,199.0,-317.0,1148.0,-242.0,681.0,,85.0
435.0,-221.0,,153.0,-273.0,1225.0,-230.0,1130.0,,131.0
416.0,-390.0,,100.0,-230.0,1241.0,-227.0,716.0,,168.0
451.0,-337.0,,103.0,-174.0,1251.0,-224.0,380.0,,198.0
477.0,-280.0,,115.0,-37.0,1391.0,-211.0,447.0,,218.0
509.0,-417.0,,123.0,59.0,1581.0,-201.0,921.0,,224.0
561.0,-374.0,,154.0,144.0,1679.0,-222.0,875.0,,234.0
509.0,-228.0,,184.0,266.0,1733.0,-283.0,615.0,,231.0
489.0,-95.0,,198.0,305.0,1755.0,-324.0,461.0,,226.0
557.0,5.0,,175.0,315.0,1659.0,-290.0,140.0,,209.0
556.0,-15.0,,182.0,307.0,1337.0,-247.0,304.0,,192.0
534.0,52.0,,197.0,235.0,1123.0,-261.0,436.0,,178.0
560.0,185.0,,198.0,205.0,1151.0,-317.0,655.0,,160.0
584.0,91.0,,200.0,194.0,1144.0,-365.0,539.0,,162.0
523.0,-44.0,,200.0,131.0,941.0,-363.0,279.0,,170.0
485.0,31.0,,200.0,98.0,770.0,-346.0,3.0,,186.0
522.0,54.0,,202.0,77.0,813.0,-368.0,-565.0,,202.0
503.0,-25.0,,245.0,22.0,896.0,-401.0,-454.0,,231.0
466.0,-25.0,,281.0,16.0,988.0,-442.0,36.0,,259.0
476.0,38.0,,316.0,-3.0,1112.0,-454.0,792.0,,275.0
417.0,65.0,,352.0,-34.0,1297.0,-440.0,661.0,,297.0
385.0,111.0,,381.0,-3.0,1416.0,-437.0,75.0,,301.0
345.0,207.0,,394.0,8.0,1220.0,-451.0,243.0,,295.0
315.0,297.0,,354.0,-1.0,909.0,-492.0,120.0,,289.0
250.0,336.0,,333.0,-5.0,804.0,-540.0,436.0,,287.0
196.0,336.0,,324.0,-34.0,897.0,-584.0,419.0,,277.0
277.0,331.0,,290.0,-40.0,1073.0,-531.0,-31.0,,248.0
186.0,287.0,,275.0,0.0,1231.0,-436.0,103.0,,217.0
181.0,282.0,,300.0,0.0,1285.0,-380.0,476.0,,182.0
173.0,241.0,,274.0,6.0,1071.0,-387.0,1108.0,,141.0
145.0,208.0,,238.0,53.0,864.0,-482.0,800.0,,91.0
150.0,206.0,,244.0,70.0,807.0,-573.0,358.0,,35.0
134.0,163.0,,233.0,106.0,717.0,-623.0,267.0,,-6.0
202.0,150.0,,214.0,137.0,660.0,-605.0,182.0,,-28.0
95.0,122.0,,193.0,113.0,611.0,-564.0,827.0,,-32.0
119.0,203.0,,179.0,117.0,782.0,-546.0,1019.0,,-18.0
112.0,305.0,,156.0,132.0,997.0,-561.0,1162.0,,9.0
29.0,255.0,,157.0,129.0,1039.0,-602.0,1043.0,,73.0
49.0,257.0,,172.0,148.0,1028.0,-616.0,81.0,,150.0
78.0,332.0,,193.0,155.0,1141.0,-600.0,-323.0,,229.0
128.0,304.0,,232.0,116.0,1444.0,-560.0,-251.0,,325.0
35.0,259.0,,223.0,75.0,1633.0,-528.0,83.0,,415.0
38.0,214.0,,214.0,29.0,1576.0,-522.0,12.0,,496.0
59.0,165.0,,223.0,-23.0,1500.0,-543.0,-232.0,,564.0
-26.0,87.0,,215.0,-54.0,1721.0,-565.0,-574.0,,627.0
-11.0,0.0,,208.0,-114.0,1874.0,-577.0,-513.0,,677.0
4.0,58.0,,217.0,-167.0,1775.0,-542.0,624.0,,712.0
-35.0,33.0,,255.0,-168.0,1635.0,-479.0,618.0,,730.0
-80.0,-59.0,,287.0,-185.0,1585.0,-472.0,-107.0,,718.0
-97.0,-102.0,,319.0,-176.0,1648.0,-481.0,-1169.0,,695.0
-111.0,-81.0,,347.0,-127.0,1459.0,-458.0,-1354.0,,655.0
-129.0,-15.0,,355.0,-113.0,1098.0,-384.0,-236.0,,621.0
-79.0,-89.0,,367.0,-91.0,743.0,-366.0,232.0,,582.0
-94.0,-104.0,,380.0,-70.0,591.0,-431.0,609.0,,536.0
-135.0,-9.0,,380.0,-89.0,634.0,-493.0,-303.0,,486.0
-142.0,36.0,,399.0,-78.0,510.0,-467.0,-947.0,,417.0
-97.0,-5.0,,435.0,-70.0,490.0,-355.0,-864.0,,340.0
-73.0,-29.0,,442.0,-89.0,774.0,-267.0,-960.0,,238.0
-56.0,31.0,,429.0,-84.0,1072.0,-269.0,-210.0,,139.0
13.0,3.0,,390.0,-86.0,1224.0,-302.0,-513.0,,53.0
-25.0,-115.0,,344.0,-92.0,1366.0,-277.0,-800.0,,-26.0
17.0,-272.0,,339.0,-50.0,1539.0,-221.0,-611.0,,-88.0
66.0,-364.0,,339.0,-6.0,1649.0,-174.0,-692.0,,-140.0
67.0,-383.0,,339.0,31.0,1494.0,-187.0,-362.0,,-176.0
35.0,-420.0,,341.0,115.0,1039.0,-252.0,-194.0,,-210.0
22.0,-370.0,,325.0,183.0,809.0,-311.0,-417.0,,-230.0
67.0,-217.0,,314.0,210.0,794.0,-314.0,-982.0,,-229.0
30.0,0.0,,285.0,236.0,901.0,-279.0,-1201.0,,-223.0
70.0,142.0,,274.0,236.0,1078.0,-249.0,-848.0,,-207.0
92.0,234.0,,263.0,236.0,1061.0,-199.0,-109.0,,-168.0
43.0,284.0,,260.0,278.0,995.0,-157.0,430.0,,-110.0
22.0,258.0,,295.0,284.0,834.0,-106.0,-96.0,,-50.0
91.0,305.0,,313.0,266.0,661.0,-77.0,-1038.0,,15.0
110.0,266.0,,346.0,249.0,477.0,-54.0,-1273.0,,71.0
47.0,186.0,,393.0,174.0,242.0,-44.0,-646.0,,113.0
105.0,194.0,,444.0,101.0,62.0,-60.0,20.0,,134.0
159.0,224.0,,475.0,52.0,85.0,-61.0,129.0,,132.0
136.0,224.0,,492.0,-15.0,421.0,-42.0,-491.0,,107.0
135.0,189.0,,499.0,-39.0,701.0,52.0,-1249.0,,60.0
187.0,161.0,,508.0,-33.0,861.0,170.0,-1051.0,,16.0
241.0,78.0,,510.0,-63.0,1297.0,213.0,-572.0,,-21.0
235.0,22.0,,497.0,-62.0,1922.0,137.0,-332.0,,-46.0
287.0,-23.0,,484.0,-45.0,2087.0,31.0,-94.0,,-52.0
321.0,-40.0,,415.0,-67.0,1928.0,-20.0,-116.0,,-39.0
326.0,-19.0,,350.0,-71.0,1842.0,-16.0,-35.0,,-4.0
394.0,-36.0,,293.0,-100.0,1802.0,57.0,-216.0,,48.0
384.0,-5.0,,234.0,-150.0,1590.0,165.0,-439.0,,123.0
390.0,17.0,,173.0,-162.0,1122.0,268.0,-312.0,,202.0
423.0,8.0,,90.0,-191.0,885.0,305.0,-68.0,,282.0
474.0,-12.0,,32.0,-196.0,976.0,306.0,155.0,,362.0
369.0,-82.0,,-2.0,-145.0,1157.0,232.0,-325.0,,423.0
321.0,-188.0,,-5.0,-125.0,1247.0,93.0,-476.0,,480.0
333.0,-194.0,,-8.0,-122.0,1412.0,47.0,-291.0,,533.0
299.0,-190.0,,-36.0,-91.0,1672.0,157.0,-303.0,,560.0
319.0,-240.0,,-71.0,-68.0,1741.0,359.0,-230.0,,582.0
233.0,-260.0,,-117.0,-34.0,1673.0,466.0,-844.0,,594.0
248.0,-232.0,,-134.0,-10.0,1585.0,430.0,-1481.0,,588.0
115.0,-80.0,,-141.0,-22.0,1477.0,320.0,-1661.0,,571.0
234.0,-24.0,,-179.0,27.0,1447.0,215.0,-1243.0,,541.0
255.0,-2.0,,-191.0,90.0,1563.0,162.0,-417.0,,508.0
185.0,33.0,,-235.0,84.0,1641.0,166.0,-7.0,,474.0
215.0,-6.0,,-287.0,63.0,1675.0,213.0,36.0,,449.0
184.0,-62.0,,-280.0,7.0,1498.0,307.0,-338.0,,445.0
294.0,-141.0,,-281.0,-73.0,1332.0,431.0,-487.0,,453.0
122.0,-115.0,,-269.0,-102.0,1362.0,494.0,-349.0,,460.0
298.0,-113.0,,-278.0,-130.0,1283.0,462.0,-528.0,,474.0
209.0,-76.0,,-257.0,-156.0,1182.0,339.0,-835.0,,484.0
215.0,-20.0,,-176.0,-132.0,1161.0,242.0,-946.0,,493.0
236.0,30.0,,-123.0,-114.0,1341.0,242.0,-938.0,,509.0
175.0,154.0,,-58.0,-72.0,1473.0,311.0,-600.0,,512.0
251.0,159.0,,-11.0,1.0,1405.0,418.0,-59.0,,515.0
94.0,95.0,,3.0,16.0,1476.0,527.0,-327.0,,519.0
223.0,77.0,,31.0,15.0,1763.0,590.0,-552.0,,498.0
15.0,105.0,,47.0,20.0,1986.0,531.0,-811.0,,469.0
119.0,99.0,,72.0,-5.0,1942.0,410.0,-986.0,,436.0
95.0,135.0,,76.0,13.0,1709.0,328.0,-452.0,,378.0
166.0,210.0,,27.0,31.0,1531.0,352.0,-107.0,,305.0
147.0,214.0,,-10.0,-23.0,1459.0,448.0,290.0,,233.0
66.0,128.0,,-56.0,-61.0,1345.0,532.0,-40.0,,166.0
178.0,61.0,,-113.0,-79.0,1244.0,584.0,-386.0,,108.0
31.0,64.0,,-166.0,-74.0,1179.0,564.0,44.0,,69.0
225.0,7.0,,-176.0,-13.0,1154.0,451.0,487.0,,41.0
72.0,-69.0,,-163.0,26.0,1180.0,302.0,752.0,,19.0
186.0,-75.0,,-107.0,52.0,1194.0,249.0,94.0,,0.0
71.0,51.0,,-18.0,100.0,1216.0,314.0,-556.0,,-25.0
131.0,118.0,,-18.0,107.0,1358.0,419.0,-886.0,,-73.0
81.0,150.0,,13.0,102.0,1362.0,498.0,-1091.0,,-124.0
43.0,256.0,,75.0,120.0,1193.0,500.0,-740.0,,-175.0
179.0,307.0,,104.0,103.0,1049.0,440.0,-604.0,,-222.0
-51.0,336.0,,115.0,104.0,905.0,392.0,-473.0,,-251.0
144.0,291.0,,75.0,124.0,926.0,405.0,-269.0,,-270.0
-57.0,155.0,,45.0,97.0,972.0,457.0,-73.0,,-256.0
119.0,-24.0,,30.0,100.0,1045.0,504.0,68.0,,-213.0
-28.0,-196.0,,25.0,113.0,1162.0,501.0,-637.0,,-139.0
23.0,-392.0,,-6.0,92.0,1200.0,470.0,-818.0,,-26.0
98.0,-545.0,,-42.0,99.0,1265.0,461.0,-934.0,,102.0
-38.0,-507.0,,-72.0,81.0,1196.0,497.0,-1337.0,,242.0
140.0,-394.0,,-91.0,53.0,877.0,554.0,-1043.0,,388.0
-84.0,-336.0,,-86.0,68.0,633.0,582.0,-1147.0,,527.0
114.0,-304.0,,-83.0,43.0,696.0,571.0,-681.0,,642.0
0.0,-159.0,,-70.0,32.0,886.0,543.0,-376.0,,731.0
148.0,-47.0,,-89.0,61.0,898.0,538.0,-703.0,,797.0
142.0,-55.0,,-104.0,31.0,715.0,541.0,-814.0,,841.0
36.0,-32.0,,-144.0,2.0,640.0,539.0,-1016.0,,870.0
147.0,-41.0,,-177.0,-12.0,713.0,530.0,-724.0,,886.0
28.0,-108.0,,-204.0,-69.0,828.0,527.0,-380.0,,900.0
107.0,-208.0,,-268.0,-95.0,686.0,535.0,-219.0,,905.0
4.0,-248.0,,-284.0,-130.0,316.0,548.0,-665.0,,904.0
84.0,-206.0,,-271.0,-203.0,99.0,571.0,-1112.0,,899.0
57.0,-201.0,,-294.0,-210.0,-42.0,599.0,-1249.0,,886.0
-58.0,-199.0,,-316.0,-214.0,-101.0,629.0,-1261.0,,877.0
-44.0,-132.0,,-285.0,-199.0,-152.0,632.0,-1060.0,,860.0
-78.0,-75.0,,-291.0,-128.0,-207.0,635.0,-1269.0,,834.0
-80.0,-124.0,,-295.0,-111.0,-185.0,645.0,-958.0,,807.0
-104.0,-166.0,,-219.0,-85.0,-93.0,642.0,-770.0,,772.0
-190.0,-85.0,,-173.0,-54.0,187.0,613.0,-491.0,,739.0
-139.0,49.0,,-183.0,-65.0,350.0,573.0,-75.0,,714.0
-157.0,144.0,,-193.0,-14.0,206.0,564.0,-351.0,,695.0
-108.0,156.0,,-196.0,45.0,-75.0,568.0,-325.0,,671.0
-196.0,151.0,,-218.0,52.0,-358.0,570.0,-685.0,,643.0
-222.0,212.0,,-235.0,97.0,-619.0,548.0,-905.0,,628.0
-47.0,270.0,,-249.0,131.0,-934.0,503.0,-844.0,,627.0
-124.0,281.0,,-272.0,132.0,-1034.0,439.0,-816.0,,626.0
-67.0,311.0,,-273.0,176.0,-1126.0,422.0,-796.0,,623.0
-193.0,315.0,,-282.0,164.0,-1436.0,457.0,-984.0,,623.0
-39.0,219.0,,-280.0,139.0,-1644.0,473.0,-807.0,,613.0
-86.0,146.0,,-242.0,182.0,-1592.0,462.0,-1069.0,,615.0
-153.0,151.0,,-228.0,185.0,-1275.0,420.0,-772.0,,614.0
-61.0,121.0,,-236.0,206.0,-1266.0,383.0,-48.0,,609.0
-125.0,9.0,,-225.0,245.0,-1631.0,376.0,-297.0,,613.0
32.0,-88.0,,-208.0,214.0,-1777.0,381.0,-692.0,,616.0
-98.0,-61.0,,-195.0,202.0,-1736.0,369.0,-691.0,,631.0
-55.0,11.0,,-196.0,166.0,-1859.0,343.0,-509.0,,641.0
-141.0,-10.0,,-200.0,94.0,-2135.0,314.0,-297.0,,658.0
-15.0,-28.0,,-202.0,84.0,-2305.0,308.0,-29.0,,670.0
-23.0,50.0,,-178.0,50.0,-2149.0,345.0,-493.0,,680.0
-146.0,36.0,,-109.0,13.0,-1975.0,380.0,-914.0,,689.0
-10.0,-69.0,,-38.0,15.0,-2232.0,356.0,-700.0,,673.0
-71.0,-103.0,,11.0,-21.0,-2382.0,301.0,-556.0,,658.0
19.0,-44.0,,78.0,-62.0,-2281.0,264.0,-242.0,,632.0
-85.0,-5.0,,165.0,-93.0,-2193.0,225.0,-600.0,,604.0
49.0,-71.0,,175.0,-159.0,-2183.0,219.0,-1164.0,,584.0
80.0,-105.0,,170.0,-189.0,-2381.0,267.0,-1106.0,,555.0
88.0,-71.0,,186.0,-167.0,-2469.0,359.0,-1293.0,,546.0
79.0,-94.0,,175.0,-178.0,-2397.0,443.0,-803.0,,551.0
106.0,-211.0,,178.0,-166.0,-2151.0,444.0,88.0,,572.0
164.0,-266.0,,152.0,-170.0,-1877.0,348.0,280.0,,617.0
102.0,-239.0,,127.0,-227.0,-1949.0,229.0,0.0,,669.0
264.0,-218.0,,103.0,-213.0,-2201.0,179.0,-635.0,,723.0
125.0,-171.0,,73.0,-203.0,-2261.0,208.0,-1128.0,,774.0
254.0,-62.0,,85.0,-208.0,-2193.0,295.0,-1661.0,,815.0
139.0,140.0,,75.0,-141.0,-2189.0,360.0,-1393.0,,847.0
239.0,276.0,,54.0,-90.0,-2136.0,380.0,-726.0,,875.0
223.0,297.0,,46.0,-46.0,-2003.0,317.0,-642.0,,890.0
125.0,329.0,,52.0,-1.0,-1637.0,241.0,-556.0,,887.0
229.0,425.0,,69.0,-29.0,-1437.0,277.0,-533.0,,865.0
52.0,477.0,,90.0,-34.0,-1694.0,347.0,-264.0,,828.0
218.0,392.0,,126.0,-32.0,-2044.0,353.0,-410.0,,775.0
-22.0,395.0,,146.0,-96.0,-2416.0,280.0,-428.0,,711.0
155.0,481.0,,180.0,-86.0,-2617.0,229.0,-216.0,,644.0
-61.0,468.0,,196.0,-43.0,-2627.0,299.0,-40.0,,572.0
-6.0,349.0,,183.0,-20.0,-2624.0,423.0,471.0,,515.0
11.0,216.0,,186.0,44.0,-2702.0,441.0,48.0,,480.0
-157.0,133.0,,172.0,63.0,-2637.0,354.0,-436.0,,457.0
93.0,9.0,,176.0,61.0,-2424.0,288.0,-606.0,,443.0
-225.0,-124.0,,183.0,90.0,-2314.0,283.0,-223.0,,438.0
76.0,-208.0,,181.0,64.0,-2164.0,308.0,363.0,,437.0
-201.0,-218.0,,190.0,51.0,-1903.0,378.0,-1.0,,434.0
-23.0,-185.0,,209.0,85.0,-1717.0,420.0,-18.0,,430.0
-134.0,-152.0,,231.0,77.0,-1903.0,328.0,-68.0,,431.0
-84.0,-105.0,,215.0,75.0,-2214.0,186.0,-68.0,,437.0
90.0,-66.0,,214.0,81.0,-2232.0,130.0,310.0,,443.0
-250.0,-47.0,,217.0,61.0,-1959.0,168.0,232.0,,447.0
124.0,-124.0,,197.0,79.0,-1822.0,255.0,60.0,,451.0
-175.0,-124.0,,190.0,67.0,-1962.0,313.0,-360.0,,451.0
183.0,-9.0,,170.0,-2.0,-2036.0,273.0,-642.0,,443.0
-86.0,15.0,,138.0,-31.0,-1980.0,225.0,-572.0,,437.0
35.0,40.0,,78.0,-51.0,-1803.0,219.0,-27.0,,432.0
108.0,88.0,,40.0,-28.0,-1725.0,158.0,445.0,,445.0
-63.0,144.0,,5.0,52.0,-1813.0,63.0,-11.0,,466.0
222.0,139.0,,-41.0,63.0,-1905.0,42.0,-25.0,,491.0
-115.0,55.0,,-36.0,52.0,-1808.0,82.0,110.0,,523.0
230.0,16.0,,-51.0,57.0,-1545.0,143.0,38.0,,560.0
-107.0,-24.0,,-55.0,18.0,-1383.0,191.0,-219.0,,590.0
118.0,-137.0,,-67.0,9.0,-1402.0,135.0,-591.0,,587.0
22.0,-173.0,,-97.0,8.0,-1552.0,-16.0,-524.0,,581.0
-17.0,-72.0,,-112.0,-15.0,-1588.0,-82.0,-774.0,,580.0
109.0,-28.0,,-136.0,8.0,-1500.0,37.0,-415.0,,565.0
-136.0,-82.0,,-157.0,6.0,-1477.0,207.0,-51.0,,572.0
184.0,-167.0,,-193.0,-43.0,-1458.0,245.0,-157.0,,600.0
-89.0,-224.0,,-207.0,-71.0,-1257.0,113.0,-62.0,,623.0
133.0,-226.0,,-235.0,-128.0,-1135.0,4.0,-186.0,,653.0
-1.0,-235.0,,-268.0,-159.0,-1338.0,64.0,-173.0,,667.0
72.0,-240.0,,-289.0,-127.0,-1653.0,158.0,-452.0,,666.0
66.0,-161.0,,-307.0,-126.0,-1793.0,152.0,-500.0,,655.0
-1.0,-101.0,,-319.0,-89.0,-1775.0,84.0,-465.0,,623.0
128.0,-79.0,,-303.0,-25.0,-1948.0,57.0,-373.0,,609.0
36.0,-20.0,,-270.0,-7.0,-2168.0,117.0,221.0,,603.0
167.0,21.0,,-253.0,68.0,-2209.0,176.0,687.0,,624.0
-34.0,140.0,,-237.0,136.0,-1955.0,165.0,1152.0,,666.0
56.0,225.0,,-264.0,141.0,-1636.0,119.0,888.0,,709.0
-11.0,280.0,,-256.0,150.0,-1665.0,51.0,317.0,,763.0
92.0,416.0,,-280.0,95.0,-1729.0,-26.0,-112.0,,811.0
-29.0,470.0,,-339.0,50.0,-1517.0,-50.0,-341.0,,838.0
-16.0,366.0,,-348.0,51.0,-1159.0,-26.0,-120.0,,844.0
4.0,205.0,,-387.0,7.0,-1151.0,-10.0,-3.0,,855.0
-21.0,140.0,,-390.0,3.0,-1504.0,-6.0,90.0,,847.0
-1.0,111.0,,-352.0,26.0,-1847.0,3.0,-18.0,,823.0
-179.0,31.0,,-298.0,-23.0,-1975.0,7.0,351.0,,795.0
-62.0,-51.0,,-259.0,-56.0,-1898.0,-59.0,430.0,,759.0
-196.0,-35.0,,-209.0,-86.0,-1911.0,-180.0,18.0,,727.0
35.0,17.0,,-148.0,-135.0,-1909.0,-225.0,419.0,,683.0
-194.0,44.0,,-120.0,-86.0,-1915.0,-144.0,648.0,,652.0
-50.0,149.0,,-109.0,-34.0,-1901.0,-31.0,927.0,,607.0
-150.0,274.0,,-125.0,4.0,-1911.0,17.0,1158.0,,534.0
-220.0,367.0,,-126.0,101.0,-2123.0,-29.0,1184.0,,463.0
-57.0,441.0,,-158.0,123.0,-2179.0,-134.0,1127.0,,370.0
-271.0,474.0,,-190.0,120.0,-1912.0,-207.0,873.0,,269.0
48.0,497.0,,-184.0,91.0,-1673.0,-211.0,947.0,,171.0
-312.0,466.0,,-203.0,-12.0,-1650.0,-144.0,550.0,,85.0
-32.0,348.0,,-191.0,-25.0,-1652.0,-55.0,375.0,,12.0
-231.0,215.0,,-170.0,-35.0,-1645.0,-28.0,497.0,,-58.0
-240.0,119.0,,-154.0,-59.0,-1419.0,-119.0,639.0,,-112.0
-138.0,14.0,,-107.0,0.0,-1277.0,-243.0,861.0,,-166.0
-301.0,-131.0,,-57.0,17.0,-1349.0,-288.0,650.0,,-223.0
-25.0,-289.0,,11.0,37.0,-1315.0,-270.0,1012.0,,-254.0
-420.0,-468.0,,77.0,78.0,-1333.0,-233.0,1125.0,,-280.0
-154.0,-624.0,,84.0,21.0,-1226.0,-238.0,840.0,,-309.0
-417.0,-741.0,,91.0,0.0,-1128.0,-271.0,877.0,,-326.0
-215.0,-782.0,,71.0,32.0,-1237.0,-309.0,1079.0,,-355.0
-206.0,-724.0,,15.0,-4.0,-1385.0,-338.0,1269.0,,-384.0
-412.0,-631.0,,-37.0,30.0,-1331.0,-324.0,661.0,,-400.0
-219.0,-534.0,,-104.0,40.0,-1214.0,-319.0,325.0,,-394.0
-425.0,-453.0,,-149.0,-24.0,-1268.0,-384.0,436.0,,-358.0
-116.0,-359.0,,-166.0,-12.0,-1419.0,-451.0,757.0,,-299.0
-439.0,-342.0,,-150.0,-78.0,-1520.0,-440.0,1143.0,,-197.0
-286.0,-315.0,,-155.0,-144.0,-1348.0,-363.0,929.0,,-90.0
-290.0,-218.0,,-148.0,-124.0,-1199.0,-291.0,1138.0,,19.0
-265.0,-144.0,,-129.0,-136.0,-1194.0,-298.0,994.0,,135.0
-202.0,-35.0,,-135.0,-135.0,-1180.0,-381.0,777.0,,247.0
-414.0,47.0,,-76.0,-115.0,-1054.0,-436.0,990.0,,379.0
-145.0,79.0,,-18.0,-96.0,-1011.0,-371.0,870.0,,492.0
-329.0,64.0,,23.0,-73.0,-1260.0,-328.0,1348.0,,599.0
-108.0,47.0,,46.0,-43.0,-1446.0,-387.0,1539.0,,694.0
-219.0,35.0,,27.0,-33.0,-1411.0,-442.0,1321.0,,766.0
-165.0,35.0,,20.0,-49.0,-1329.0,-478.0,1295.0,,819.0
-74.0,38.0,,5.0,-26.0,-1414.0,-500.0,1422.0,,845.0
-156.0,12.0,,-15.0,5.0,-1553.0,-489.0,1596.0,,862.0
-40.0,64.0,,-28.0,6.0,-1460.0,-431.0,1448.0,,856.0
-193.0,45.0,,-48.0,17.0,-1024.0,-405.0,1478.0,,860.0
-28.0,-20.0,,-93.0,48.0,-640.0,-469.0,1239.0,,868.0
-150.0,-93.0,,-162.0,43.0,-662.0,-549.0,1653.0,,878.0
-45.0,-203.0,,-197.0,60.0,-737.0,-590.0,2474.0,,890.0
-116.0,-252.0,,-211.0,109.0,-592.0,-612.0,2516.0,,896.0
-101.0,-312.0,,-231.0,109.0,-268.0,-606.0,2383.0,,908.0
-81.0,-360.0,,-236.0,122.0,45.0,-640.0,1729.0,,904.0
-178.0,-387.0,,-228.0,101.0,256.0,-682.0,1361.0,,904.0
-80.0,-369.0,,-207.0,10.0,264.0,-623.0,1574.0,,886.0
-261.0,-358.0,,-182.0,-29.0,110.0,-565.0,1916.0,,854.0
-95.0,-401.0,,-178.0,-48.0,-86.0,-574.0,2191.0,,824.0
-220.0,-350.0,,-201.0,-102.0,-369.0,-637.0,2158.0,,774.0
-187.0,-243.0,,-228.0,-126.0,-672.0,-673.0,1988.0,,714.0
-264.0,-240.0,,-242.0,-129.0,-722.0,-670.0,1282.0,,653.0
-274.0,-255.0,,-245.0,-152.0,-416.0,-680.0,1134.0,,598.0
-214.0,-184.0,,-228.0,-130.0,-221.0,-694.0,1487.0,,557.0
-307.0,-165.0,,-239.0,-108.0,-240.0,-721.0,1500.0,,536.0
-208.0,-172.0,,-269.0,-137.0,-204.0,-703.0,1738.0,,542.0
-424.0,-167.0,,-288.0,-130.0,137.0,-651.0,2004.0,,561.0
-354.0,-124.0,,-335.0,-124.0,602.0,-610.0,2171.0,,583.0
-437.0,-75.0,,-350.0,-154.0,708.0,-592.0,1886.0,,618.0
-329.0,-103.0,,-343.0,-140.0,607.0,-602.0,1463.0,,652.0
-401.0,-66.0,,-325.0,-121.0,498.0,-670.0,975.0,,669.0
-438.0,33.0,,-314.0,-127.0,498.0,-750.0,521.0,,653.0
-341.0,106.0,,-321.0,-92.0,313.0,-753.0,910.0,,625.0
-449.0,88.0,,-308.0,-80.0,-8.0,-704.0,1431.0,,600.0
-368.0,78.0,,-296.0,-113.0,-166.0,-618.0,1984.0,,571.0
-494.0,32.0,,-255.0,-77.0,-343.0,-630.0,1991.0,,546.0
-386.0,-89.0,,-228.0,-5.0,-264.0,-804.0,1411.0,,523.0
-489.0,-137.0,,-217.0,33.0,-77.0,-917.0,1298.0,,492.0
-415.0,-203.0,,-224.0,77.0,-59.0,-889.0,1345.0,,462.0
-508.0,-279.0,,-261.0,102.0,-198.0,-793.0,1430.0,,442.0
-506.0,-269.0,,-251.0,93.0,-365.0,-705.0,1260.0,,411.0
-439.0,-176.0,,-238.0,93.0,-255.0,-666.0,1631.0,,385.0
-530.0,-153.0,,-242.0,83.0,-31.0,-672.0,2200.0,,371.0
-360.0,-190.0,,-233.0,47.0,91.0,-720.0,2148.0,,362.0
-551.0,-171.0,,-224.0,24.0,249.0,-810.0,2163.0,,351.0
-332.0,-190.0,,-238.0,-11.0,594.0,-902.0,1655.0,,323.0
-436.0,-258.0,,-214.0,-92.0,746.0,-878.0,1439.0,,287.0
-365.0,-298.0,,-155.0,-132.0,614.0,-705.0,1557.0,,230.0
-347.0,-385.0,,-121.0,-114.0,623.0,-529.0,1358.0,,173.0
-404.0,-490.0,,-80.0,-130.0,870.0,-506.0,1350.0,,108.0
-215.0,-429.0,,-54.0,-163.0,1135.0,-587.0,1553.0,,30.0
-387.0,-331.0,,-33.0,-185.0,928.0,-726.0,2034.0,,-33.0
-168.0,-235.0,,9.0,-228.0,411.0,-805.0,1701.0,,-95.0
-332.0,-154.0,,14.0,-242.0,147.0,-743.0,1023.0,,-129.0
-186.0,-25.0,,21.0,-223.0,20.0,-698.0,774.0,,-149.0
-204.0,64.0,,52.0,-233.0,-107.0,-704.0,879.0,,-155.0
-262.0,-13.0,,44.0,-227.0,-225.0,-696.0,1324.0,,-134.0
-170.0,24.0,,6.0,-161.0,-234.0,-687.0,1215.0,,-106.0
-249.0,72.0,,-31.0,-107.0,-65.0,-741.0,1315.0,,-62.0
-24.0,9.0,,-75.0,-39.0,18.0,-752.0,1594.0,,-17.0
-211.0,-89.0,,-117.0,22.0,-145.0,-662.0,1895.0,,26.0
-20.0,-168.0,,-124.0,-13.0,-513.0,-566.0,2032.0,,70.0
-130.0,-157.0,,-127.0,-2.0,-756.0,-537.0,1539.0,,89.0
-142.0,-136.0,,-152.0,54.0,-743.0,-615.0,1310.0,,97.0
-47.0,-217.0,,-162.0,45.0,-749.0,-657.0,1016.0,,85.0
-130.0,-276.0,,-166.0,54.0,-794.0,-606.0,1042.0,,47.0
-47.0,-275.0,,-180.0,57.0,-766.0,-507.0,927.0,,7.0
-184.0,-323.0,,-181.0,21.0,-582.0,-502.0,667.0,,-43.0
-65.0,-368.0,,-187.0,51.0,-217.0,-623.0,899.0,,-93.0
-187.0,-426.0,,-207.0,104.0,-27.0,-691.0,899.0,,-141.0
-70.0,-379.0,,-237.0,103.0,-86.0,-713.0,1147.0,,-184.0
-120.0,-380.0,,-266.0,126.0,-181.0,-681.0,960.0,,-222.0
-230.0,-443.0,,-266.0,137.0,-189.0,-613.0,670.0,,-271.0
-136.0,-346.0,,-246.0,87.0,-18.0,-549.0,807.0,,-307.0
-270.0,-312.0,,-245.0,68.0,-133.0,-501.0,781.0,,-320.0
-198.0,-287.0,,-259.0,50.0,-439.0,-470.0,711.0,,-304.0
-323.0,-202.0,,-249.0,0.0,-462.0,-455.0,513.0,,-285.0
-310.0,-131.0,,-262.0,-9.0,-292.0,-497.0,563.0,,-235.0
-286.0,-36.0,,-302.0,2.0,-154.0,-540.0,351.0,,-140.0
-341.0,56.0,,-319.0,-15.0,-81.0,-557.0,291.0,,-30.0
-321.0,102.0,,-314.0,-22.0,112.0,-490.0,303.0,,102.0
-385.0,90.0,,-330.0,-31.0,318.0,-336.0,1.0,,219.0
-356.0,163.0,,-340.0,-69.0,438.0,-282.0,147.0,,319.0
-404.0,224.0,,-295.0,-92.0,563.0,-347.0,103.0,,425.0
-371.0,233.0,,-260.0,-100.0,824.0,-402.0,136.0,,524.0
-375.0,289.0,,-252.0,-108.0,1127.0,-403.0,234.0,,616.0
-308.0,284.0,,-265.0,-91.0,1275.0,-322.0,541.0,,704.0
-238.0,195.0,,-288.0,-69.0,1053.0,-216.0,654.0,,789.0
-298.0,86.0,,-318.0,-76.0,585.0,-186.0,-138.0,,874.0
-279.0,39.0,,-359.0,-80.0,333.0,-238.0,-513.0,,961.0
-324.0,53.0,,-381.0,-83.0,438.0,-277.0,-617.0,,1048.0
-139.0,102.0,,-399.0,-92.0,694.0,-235.0,-445.0,,1134.0
-144.0,176.0,,-375.0,-84.0,707.0,-180.0,-260.0,,1222.0
-182.0,282.0,,-339.0,-89.0,738.0,-197.0,60.0,,1299.0
-186.0,341.0,,-298.0,-123.0,943.0,-244.0,663.0,,1357.0
-168.0,352.0,,-245.0,-120.0,1187.0,-186.0,400.0,,1396.0
-59.0,381.0,,-222.0,-85.0,1357.0,-37.0,221.0,,1409.0
-122.0,390.0,,-183.0,-77.0,1355.0,53.0,-110.0,,1397.0
-76.0,383.0,,-173.0,-46.0,1429.0,-4.0,-173.0,,1348.0
-149.0,371.0,,-193.0,8.0,1519.0,-127.0,158.0,,1283.0
-2.0,396.0,,-167.0,25.0,1600.0,-181.0,-109.0,,1203.0
-81.0,371.0,,-148.0,46.0,1627.0,-176.0,253.0,,1112.0
-58.0,327.0,,-128.0,72.0,1665.0,-155.0,328.0,,1037.0
-104.0,289.0,,-131.0,54.0,1801.0,-134.0,66.0,,952.0
-204.0,322.0,,-131.0,55.0,1984.0,-77.0,-194.0,,873.0
-76.0,376.0,,-85.0,40.0,2063.0,7.0,-777.0,,810.0
-192.0,320.0,,-61.0,-28.0,2186.0,48.0,-733.0,,746.0
-92.0,279.0,,-31.0,-30.0,2585.0,60.0,-962.0,,704.0
-362.0,232.0,,17.0,-5.0,2834.0,51.0,-1038.0,,679.0
-254.0,201.0,,47.0,4.0,2885.0,-6.0,-487.0,,662.0
-346.0,104.0,,35.0,52.0,2614.0,-60.0,-175.0,,666.0
-362.0,18.0,,17.0,61.0,2316.0,-50.0,-68.0,,663.0
-332.0,-29.0,,17.0,25.0,2315.0,-33.0,-225.0,,663.0
-463.0,-40.0,,27.0,24.0,2278.0,17.0,-509.0,,663.0
-166.0,-51.0,,40.0,-3.0,2086.0,67.0,-990.0,,654.0
-504.0,-110.0,,45.0,-44.0,1711.0,35.0,-1195.0,,654.0
-397.0,58.0,,34.0,-23.0,1471.0,21.0,-1101.0,,660.0
-507.0,222.0,,13.0,-37.0,1391.0,51.0,-1040.0,,682.0
-338.0,319.0,,12.0,-61.0,1389.0,121.0,-912.0,,707.0
-320.0,451.0,,21.0,-9.0,1375.0,179.0,-949.0,,748.0
-553.0,548.0,,58.0,22.0,1431.0,174.0,-1090.0,,783.0
-413.0,644.0,,83.0,60.0,1528.0,158.0,-1583.0,,796.0
-611.0,660.0,,100.0,121.0,1517.0,153.0,-1821.0,,815.0
-272.0,548.0,,138.0,88.0,1560.0,145.0,-1674.0,,835.0
-529.0,506.0,,167.0,49.0,1549.0,119.0,-1387.0,,853.0
-464.0,532.0,,174.0,56.0,1705.0,162.0,-1047.0,,880.0
-506.0,375.0,,163.0,19.0,1923.0,236.0,-1182.0,,905.0
-466.0,219.0,,176.0,15.0,2087.0,283.0,-1223.0,,919.0
-334.0,92.0,,183.0,53.0,2243.0,302.0,-1345.0,,918.0
-643.0,60.0,,193.0,37.0,2307.0,258.0,-1021.0,,879.0
-350.0,-49.0,,187.0,56.0,2433.0,210.0,-631.0,,817.0
-582.0,-218.0,,179.0,109.0,2593.0,217.0,-672.0,,733.0
-339.0,-133.0,,190.0,91.0,2765.0,238.0,-572.0,,641.0
-417.0,-116.0,,155.0,91.0,2707.0,197.0,-1186.0,,553.0
-382.0,-145.0,,133.0,68.0,2358.0,128.0,-1585.0,,471.0
-364.0,-192.0,,149.0,-34.0,1970.0,102.0,-1868.0,,415.0
-533.0,-178.0,,190.0,-100.0,1928.0,141.0,-1940.0,,359.0
-247.0,-159.0,,206.0,-172.0,2032.0,172.0,-1657.0,,321.0
-499.0,-203.0,,199.0,-254.0,1850.0,165.0,-1823.0,,321.0
-247.0,-244.0,,223.0,-245.0,1548.0,210.0,-1675.0,,349.0
-439.0,-285.0,,215.0,-251.0,1530.0,278.0,-1989.0,,405.0
-288.0,-137.0,,219.0,-269.0,1953.0,287.0,-1866.0,,471.0
-380.0,-162.0,,285.0,-209.0,2178.0,184.0,-1337.0,,539.0
-462.0,-185.0,,334.0,-175.0,2141.0,43.0,-1134.0,,600.0
-196.0,-109.0,,346.0,-155.0,2197.0,34.0,-678.0,,640.0
-398.0,-106.0,,379.0,-83.0,2352.0,122.0,-1051.0,,668.0
-166.0,-74.0,,401.0,-29.0,2409.0,145.0,-1053.0,,689.0
-519.0,-159.0,,411.0,42.0,2310.0,104.0,-1062.0,,681.0
-281.0,-166.0,,449.0,140.0,2369.0,105.0,-1539.0,,656.0
-328.0,-132.0,,456.0,146.0,2470.0,91.0,-1319.0,,625.0
-283.0,-226.0,,433.0,130.0,2374.0,21.0,-1208.0,,583.0
-276.0,-421.0,,420.0,145.0,2051.0,-15.0,-1067.0,,533.0
-447.0,-449.0,,377.0,111.0,1897.0,-6.0,-1321.0,,475.0
-102.0,-456.0,,352.0,121.0,1960.0,7.0,-1546.0,,415.0
-386.0,-612.0,,380.0,135.0,1866.0,43.0,-1454.0,,350.0
-151.0,-526.0,,362.0,123.0,1621.0,109.0,-1502.0,,298.0
-307.0,-413.0,,370.0,175.0,1295.0,132.0,-1223.0,,261.0
-189.0,-337.0,,438.0,189.0,1109.0,109.0,-1176.0,,228.0
-244.0,-222.0,,478.0,162.0,996.0,57.0,-1140.0,,226.0
-231.0,-118.0,,501.0,180.0,876.0,-12.0,-1332.0,,252.0
-20.0,-9.0,,552.0,159.0,747.0,-32.0,-1494.0,,303.0
-238.0,41.0,,577.0,124.0,634.0,3.0,-1387.0,,365.0
65.0,86.0,,550.0,126.0,784.0,17.0,-1433.0,,407.0
-193.0,79.0,,560.0,79.0,1127.0,-27.0,-1206.0,,448.0
50.0,30.0,,568.0,47.0,1258.0,-33.0,-1417.0,,463.0
4.0,-1.0,,549.0,73.0,1080.0,-8.0,-1548.0,,475.0
13.0,-64.0,,560.0,20.0,1043.0,-49.0,-1620.0,,482.0
165.0,-121.0,,543.0,-46.0,1305.0,-98.0,-1912.0,,461.0
-70.0,-72.0,,462.0,-82.0,1510.0,-102.0,-1971.0,,435.0
71.0,-57.0,,415.0,-157.0,1296.0,-145.0,-2017.0,,377.0
-51.0,-45.0,,399.0,-188.0,1043.0,-188.0,-1581.0,,318.0
150.0,5.0,,374.0,-203.0,1239.0,-73.0,-1587.0,,257.0
31.0,15.0,,401.0,-217.0,1602.0,81.0,-1725.0,,209.0
91.0,126.0,,397.0,-150.0,1763.0,109.0,-1391.0,,182.0
104.0,181.0,,386.0,-114.0,1726.0,28.0,-1029.0,,170.0
42.0,160.0,,419.0,-107.0,1777.0,-51.0,-694.0,,169.0
117.0,213.0,,446.0,-63.0,1947.0,-67.0,-1149.0,,169.0
-49.0,74.0,,499.0,-63.0,2001.0,-68.0,-1444.0,,179.0
180.0,-72.0,,548.0,-56.0,1940.0,-76.0,-1391.0,,152.0
81.0,-29.0,,547.0,-21.0,1834.0,-87.0,-1348.0,,111.0
84.0,-57.0,,522.0,-30.0,1681.0,-28.0,-1249.0,,70.0
80.0,-61.0,,536.0,0.0,1729.0,26.0,-1455.0,,27.0
144.0,-4.0,,542.0,49.0,1878.0,-67.0,-1315.0,,8.0
186.0,102.0,,499.0,18.0,1919.0,-179.0,-1280.0,,19.0
101.0,106.0,,496.0,15.0,1825.0,-141.0,-1232.0,,69.0
192.0,92.0,,491.0,19.0,1744.0,-9.0,-1090.0,,146.0
145.0,243.0,,478.0,-23.0,1907.0,18.0,-1064.0,,261.0
212.0,157.0,,476.0,-20.0,2125.0,-74.0,-750.0,,377.0
179.0,150.0,,464.0,-41.0,2351.0,-119.0,-896.0,,481.0
120.0,199.0,,456.0,-40.0,2623.0,-125.0,-1138.0,,574.0
60.0,139.0,,470.0,37.0,2786.0,-172.0,-1407.0,,620.0
157.0,175.0,,480.0,35.0,2545.0,-196.0,-1441.0,,635.0
64.0,101.0,,472.0,44.0,2097.0,-179.0,-1184.0,,616.0
17.0,137.0,,487.0,99.0,1920.0,-103.0,-1202.0,,547.0
32.0,126.0,,466.0,85.0,2059.0,-29.0,-848.0,,450.0
53.0,67.0,,428.0,93.0,2078.0,-84.0,-877.0,,328.0
86.0,66.0,,424.0,91.0,1763.0,-154.0,-1066.0,,185.0
-42.0,101.0,,394.0,42.0,1535.0,-115.0,-1383.0,,38.0
73.0,191.0,,377.0,72.0,1642.0,-98.0,-1832.0,,-101.0
58.0,129.0,,362.0,94.0,1906.0,-162.0,-1668.0,,-217.0
233.0,172.0,,301.0,60.0,1910.0,-138.0,-1522.0,,-314.0
141.0,124.0,,266.0,91.0,1921.0,-32.0,-1108.0,,-379.0
149.0,55.0,,231.0,80.0,2257.0,-14.0,-1176.0,,-416.0
220.0,96.0,,214.0,45.0,2701.0,-129.0,-1450.0,,-437.0
238.0,29.0,,194.0,67.0,3098.0,-207.0,-1454.0,,-437.0
432.0,7.0,,158.0,23.0,3224.0,-145.0,-1686.0,,-435.0
288.0,-22.0,,169.0,3.0,3179.0,-131.0,-1620.0,,-407.0
392.0,17.0,,158.0,26.0,3135.0,-194.0,-1882.0,,-380.0
410.0,28.0,,125.0,-6.0,3121.0,-243.0,-1851.0,,-361.0
470.0,38.0,,102.0,16.0,3181.0,-201.0,-1537.0,,-320.0
440.0,57.0,,72.0,53.0,2955.0,-125.0,-1273.0,,-280.0
497.0,79.0,,13.0,38.0,2756.0,-137.0,-1008.0,,-225.0
605.0,208.0,,4.0,63.0,3057.0,-185.0,-1245.0,,-164.0
544.0,153.0,,18.0,66.0,3350.0,-206.0,-1176.0,,-111.0
604.0,149.0,,-8.0,29.0,3332.0,-217.0,-1254.0,,-45.0
611.0,152.0,,20.0,48.0,3056.0,-250.0,-1175.0,,19.0
636.0,84.0,,21.0,36.0,2950.0,-236.0,-955.0,,69.0
607.0,44.0,,27.0,21.0,3006.0,-176.0,-1049.0,,102.0
602.0,-164.0,,68.0,57.0,2839.0,-128.0,-835.0,,118.0
569.0,-235.0,,90.0,23.0,2394.0,-148.0,-979.0,,107.0
625.0,-257.0,,72.0,4.0,2040.0,-183.0,-1175.0,,68.0
638.0,-363.0,,33.0,0.0,2179.0,-184.0,-1380.0,,32.0
664.0,-433.0,,48.0,-76.0,2454.0,-185.0,-1358.0,,-7.0
571.0,-510.0,,3.0,-90.0,2360.0,-166.0,-1152.0,,-52.0
543.0,-480.0,,-23.0,-100.0,1848.0,-225.0,-1337.0,,-88.0
555.0,-355.0,,-38.0,-145.0,1573.0,-285.0,-1210.0,,-115.0
603.0,-286.0,,-79.0,-105.0,1570.0,-256.0,-1297.0,,-116.0
631.0,-200.0,,-76.0,-98.0,1500.0,-176.0,-1201.0,,-110.0
444.0,-2.0,,-105.0,-89.0,1293.0,-114.0,-931.0,,-101.0
438.0,85.0,,-124.0,-24.0,1101.0,-152.0,-831.0,,-83.0
333.0,119.0,,-145.0,-51.0,1081.0,-166.0,-641.0,,-73.0
420.0,129.0,,-145.0,-37.0,945.0,-102.0,-840.0,,-58.0
310.0,285.0,,-128.0,45.0,874.0,-90.0,-585.0,,-45.0
228.0,493.0,,-100.0,64.0,975.0,-172.0,-482.0,,-25.0
290.0,500.0,,-60.0,121.0,1212.0,-224.0,-569.0,,8.0
245.0,529.0,,-93.0,167.0,1375.0,-201.0,-389.0,,46.0
305.0,440.0,,-126.0,156.0,1383.0,-129.0,-436.0,,101.0
236.0,387.0,,-158.0,213.0,1292.0,-10.0,-441.0,,157.0
355.0,238.0,,-205.0,224.0,1091.0,84.0,-827.0,,205.0
323.0,74.0,,-231.0,185.0,999.0,84.0,-848.0,,243.0
346.0,38.0,,-256.0,204.0,866.0,35.0,-833.0,,279.0
448.0,-95.0,,-290.0,147.0,625.0,21.0,-899.0,,322.0
374.0,-155.0,,-304.0,104.0,152.0,14.0,-679.0,,355.0
455.0,-224.0,,-311.0,128.0,-253.0,-11.0,-748.0,,368.0
505.0,-137.0,,-348.0,92.0,-153.0,-24.0,-373.0,,375.0
428.0,-101.0,,-359.0,120.0,3.0,33.0,-275.0,,371.0
449.0,-144.0,,-346.0,151.0,-157.0,91.0,-177.0,,353.0
555.0,-227.0,,-351.0,107.0,-391.0,57.0,-1.0,,335.0
636.0,-188.0,,-379.0,101.0,-139.0,51.0,-155.0,,328.0
629.0,109.0,,-446.0,63.0,406.0,91.0,-81.0,,329.0
507.0,171.0,,-488.0,-4.0,741.0,116.0,-339.0,,345.0
442.0,252.0,,-506.0,11.0,799.0,107.0,-317.0,,375.0
577.0,273.0,,-512.0,1.0,740.0,107.0,-461.0,,398.0
684.0,378.0,,-484.0,-14.0,829.0,135.0,-630.0,,405.0
636.0,487.0,,-426.0,34.0,941.0,113.0,-428.0,,390.0
540.0,371.0,,-370.0,-18.0,758.0,107.0,-428.0,,355.0
504.0,378.0,,-375.0,-89.0,178.0,190.0,-129.0,,299.0
610.0,434.0,,-371.0,-131.0,-246.0,294.0,-227.0,,231.0
499.0,460.0,,-363.0,-229.0,-352.0,336.0,-197.0,,176.0
497.0,267.0,,-352.0,-247.0,-515.0,346.0,14.0,,132.0
558.0,206.0,,-328.0,-235.0,-611.0,392.0,-14.0,,114.0
514.0,205.0,,-296.0,-249.0,-573.0,399.0,7.0,,127.0
432.0,127.0,,-238.0,-164.0,-351.0,330.0,-328.0,,165.0
415.0,-2.0,,-227.0,-86.0,-163.0,273.0,-273.0,,228.0
538.0,-135.0,,-243.0,-56.0,-177.0,322.0,-234.0,,314.0
421.0,-45.0,,-264.0,1.0,-256.0,383.0,-107.0,,392.0
456.0,-126.0,,-266.0,-7.0,-462.0,369.0,192.0,,453.0
418.0,-86.0,,-233.0,1.0,-733.0,377.0,208.0,,523.0
512.0,-91.0,,-228.0,82.0,-907.0,398.0,589.0,,575.0
551.0,-193.0,,-223.0,78.0,-1009.0,363.0,646.0,,616.0
454.0,-177.0,,-196.0,64.0,-1055.0,289.0,580.0,,653.0
470.0,-245.0,,-197.0,77.0,-931.0,271.0,312.0,,667.0
353.0,-209.0,,-175.0,42.0,-858.0,299.0,24.0,,661.0
503.0,-239.0,,-104.0,54.0,-853.0,330.0,68.0,,635.0
532.0,-213.0,,-58.0,56.0,-824.0,430.0,-218.0,,599.0
574.0,-70.0,,-43.0,4.0,-813.0,503.0,-133.0,,563.0
496.0,101.0,,-30.0,32.0,-781.0,484.0,-149.0,,533.0
444.0,141.0,,-12.0,48.0,-878.0,448.0,-14.0,,504.0
502.0,208.0,,1.0,15.0,-1155.0,407.0,332.0,,481.0
501.0,356.0,,14.0,15.0,-1517.0,406.0,537.0,,465.0
589.0,457.0,,29.0,-58.0,-1624.0,378.0,1003.0,,442.0
539.0,547.0,,17.0,-151.0,-1627.0,302.0,785.0,,409.0
558.0,444.0,,-18.0,-196.0,-1667.0,299.0,554.0,,365.0
482.0,520.0,,-45.0,-286.0,-1604.0,389.0,362.0,,325.0
537.0,460.0,,-20.0,-315.0,-1413.0,497.0,221.0,,279.0
585.0,253.0,,18.0,-273.0,-1161.0,516.0,367.0,,232.0
606.0,188.0,,32.0,-266.0,-1245.0,463.0,260.0,,192.0
610.0,185.0,,41.0,-179.0,-1433.0,390.0,304.0,,158.0
616.0,173.0,,57.0,-50.0,-1371.0,373.0,27.0,,142.0
653.0,-48.0,,117.0,12.0,-947.0,419.0,38.0,,123.0
672.0,-69.0,,160.0,92.0,-811.0,438.0,88.0,,134.0
701.0,100.0,,186.0,109.0,-1282.0,449.0,-208.0,,154.0
603.0,227.0,,238.0,81.0,-1481.0,490.0,-229.0,,169.0
692.0,191.0,,256.0,95.0,-1457.0,532.0,-347.0,,220.0
720.0,149.0,,263.0,22.0,-1438.0,495.0,14.0,,263.0
839.0,221.0,,297.0,-49.0,-1411.0,412.0,243.0,,307.0
810.0,251.0,,305.0,-42.0,-1410.0,388.0,221.0,,346.0
815.0,137.0,,275.0,-75.0,-1437.0,471.0,229.0,,364.0
814.0,-59.0,,279.0,-68.0,-1386.0,562.0,22.0,,354.0
758.0,-72.0,,274.0,6.0,-1158.0,575.0,323.0,,299.0
829.0,-206.0,,249.0,20.0,-1189.0,539.0,476.0,,228.0
823.0,-337.0,,240.0,18.0,-1535.0,484.0,576.0,,130.0
923.0,-395.0,,211.0,29.0,-1919.0,462.0,613.0,,20.0
712.0,-425.0,,191.0,22.0,-2070.0,462.0,506.0,,-104.0
773.0,-318.0,,159.0,106.0,-1934.0,501.0,659.0,,-242.0
707.0,-401.0,,145.0,210.0,-1743.0,521.0,567.0,,-377.0
686.0,-493.0,,183.0,231.0,-1625.0,490.0,641.0,,-507.0
715.0,-436.0,,202.0,270.0,-1517.0,476.0,415.0,,-609.0
607.0,-239.0,,204.0,262.0,-1450.0,468.0,208.0,,-675.0
676.0,-102.0,,186.0,209.0,-1511.0,437.0,236.0,,-684.0
518.0,-23.0,,160.0,219.0,-1639.0,370.0,121.0,,-651.0
607.0,47.0,,138.0,186.0,-1831.0,375.0,400.0,,-575.0
453.0,67.0,,103.0,127.0,-1743.0,451.0,412.0,,-480.0
463.0,140.0,,62.0,153.0,-1515.0,492.0,528.0,,-380.0
452.0,70.0,,30.0,156.0,-1380.0,498.0,504.0,,-274.0
415.0,74.0,,18.0,159.0,-1227.0,457.0,432.0,,-196.0
437.0,119.0,,6.0,181.0,-1091.0,422.0,707.0,,-123.0
244.0,77.0,,15.0,123.0,-771.0,400.0,642.0,,-70.0
316.0,-32.0,,30.0,83.0,-616.0,378.0,868.0,,-40.0
199.0,-38.0,,36.0,61.0,-747.0,375.0,946.0,,-20.0
280.0,-41.0,,62.0,6.0,-906.0,328.0,981.0,,3.0
235.0,-209.0,,89.0,8.0,-1064.0,267.0,886.0,,38.0
161.0,-193.0,,96.0,24.0,-1168.0,266.0,515.0,,71.0
199.0,-203.0,,93.0,-6.0,-1448.0,303.0,498.0,,112.0
101.0,-123.0,,95.0,-15.0,-1684.0,311.0,306.0,,158.0
147.0,-13.0,,102.0,-49.0,-1705.0,286.0,576.0,,209.0
68.0,31.0,,111.0,-117.0,-1747.0,279.0,694.0,,257.0
115.0,129.0,,110.0,-117.0,-1871.0,272.0,539.0,,317.0
131.0,69.0,,98.0,-130.0,-2177.0,224.0,709.0,,374.0
29.0,30.0,,75.0,-158.0,-2454.0,149.0,899.0,,430.0
48.0,79.0,,47.0,-140.0,-2547.0,90.0,1420.0,,497.0
19.0,28.0,,-17.0,-143.0,-2435.0,142.0,1284.0,,546.0
1.0,-178.0,,-98.0,-161.0,-2413.0,268.0,951.0,,587.0
-24.0,-156.0,,-159.0,-137.0,-2729.0,303.0,676.0,,613.0
-49.0,-2.0,,-218.0,-128.0,-2875.0,238.0,437.0,,632.0
-94.0,-30.0,,-269.0,-138.0,-2658.0,177.0,570.0,,637.0
-145.0,-64.0,,-295.0,-124.0,-2292.0,189.0,349.0,,613.0
-105.0,7.0,,-330.0,-145.0,-2260.0,210.0,521.0,,571.0
-196.0,102.0,,-363.0,-127.0,-2445.0,178.0,602.0,,505.0
-281.0,54.0,,-353.0,-30.0,-2395.0,108.0,554.0,,430.0
-356.0,15.0,,-348.0,52.0,-2437.0,81.0,478.0,,347.0
-280.0,15.0,,-329.0,118.0,-2562.0,142.0,249.0,,259.0
-263.0,46.0,,-267.0,143.0,-2754.0,175.0,596.0,,173.0
-366.0,98.0,,-222.0,138.0,-2936.0,160.0,642.0,,105.0
-452.0,21.0,,-175.0,170.0,-2865.0,132.0,718.0,,66.0
-492.0,-109.0,,-65.0,187.0,-2740.0,94.0,617.0,,53.0
-336.0,-35.0,,31.0,149.0,-2641.0,93.0,448.0,,50.0
-440.0,101.0,,76.0,136.0,-2589.0,133.0,550.0,,65.0
-423.0,-17.0,,94.0,141.0,-2424.0,136.0,321.0,,87.0
-451.0,-7.0,,85.0,135.0,-2156.0,74.0,517.0,,96.0
-383.0,162.0,,94.0,143.0,-2153.0,54.0,524.0,,109.0
-317.0,216.0,,113.0,112.0,-2387.0,128.0,617.0,,108.0
-407.0,146.0,,106.0,55.0,-2641.0,211.0,670.0,,101.0
-359.0,43.0,,76.0,1.0,-3034.0,185.0,343.0,,77.0
-410.0,97.0,,41.0,-72.0,-3457.0,46.0,633.0,,46.0
-275.0,161.0,,13.0,-99.0,-3688.0,-62.0,848.0,,22.0
-233.0,69.0,,-24.0,-60.0,-3936.0,-62.0,1073.0,,-1.0
-194.0,-14.0,,-63.0,-26.0,-4123.0,-26.0,927.0,,11.0
-258.0,48.0,,-93.0,4.0,-4244.0,-21.0,617.0,,47.0
-215.0,43.0,,-88.0,27.0,-4350.0,-4.0,615.0,,130.0
-164.0,-89.0,,-65.0,24.0,-4495.0,2.0,389.0,,250.0
-216.0,-237.0,,-59.0,18.0,-4589.0,-13.0,565.0,,378.0
-141.0,-339.0,,-36.0,3.0,-4232.0,-7.0,678.0,,514.0
-94.0,-371.0,,-43.0,-43.0,-3927.0,7.0,901.0,,646.0
-76.0,-415.0,,-93.0,-83.0,-4027.0,2.0,1049.0,,770.0
-198.0,-525.0,,-156.0,-76.0,-4189.0,-4.0,870.0,,881.0
-192.0,-554.0,,-227.0,-75.0,-4104.0,-5.0,835.0,,974.0
-165.0,-464.0,,-244.0,-70.0,-3873.0,-53.0,583.0,,1035.0
-47.0,-470.0,,-231.0,-48.0,-3857.0,-102.0,752.0,,1067.0
-139.0,-437.0,,-250.0,-43.0,-3881.0,-100.0,800.0,,1076.0
-191.0,-393.0,,-315.0,-10.0,-3809.0,-95.0,781.0,,1057.0
-236.0,-283.0,,-359.0,0.0,-3766.0,-110.0,875.0,,1023.0
-210.0,-209.0,,-392.0,-18.0,-3866.0,-101.0,753.0,,970.0
-91.0,-327.0,,-426.0,8.0,-3908.0,-93.0,942.0,,901.0
-243.0,-306.0,,-412.0,35.0,-3897.0,-104.0,792.0,,823.0
-163.0,-164.0,,-435.0,46.0,-4118.0,-106.0,692.0,,727.0
-233.0,-138.0,,-467.0,66.0,-4360.0,-164.0,417.0,,620.0
-199.0,-232.0,,-465.0,55.0,-4425.0,-253.0,-24.0,,527.0
-200.0,-194.0,,-457.0,25.0,-4278.0,-266.0,5.0,,434.0
-179.0,-145.0,,-453.0,30.0,-4001.0,-199.0,-133.0,,334.0
-209.0,-72.0,,-478.0,15.0,-3643.0,-117.0,-121.0,,236.0
-332.0,-70.0,,-472.0,-6.0,-3374.0,-107.0,-107.0,,123.0
-280.0,-96.0,,-456.0,-10.0,-3374.0,-184.0,221.0,,0.0
-332.0,81.0,,-484.0,-55.0,-3326.0,-288.0,705.0,,-125.0
-171.0,173.0,,-491.0,-74.0,-3153.0,-321.0,849.0,,-242.0
-351.0,218.0,,-473.0,-35.0,-3094.0,-286.0,1082.0,,-354.0
-405.0,130.0,,-438.0,-19.0,-3160.0,-271.0,927.0,,-449.0
-383.0,162.0,,-363.0,-4.0,-3148.0,-243.0,982.0,,-504.0
-469.0,214.0,,-323.0,7.0,-3050.0,-222.0,1027.0,,-540.0
-387.0,53.0,,-306.0,-48.0,-2982.0,-252.0,779.0,,-540.0
-426.0,50.0,,-265.0,-85.0,-2794.0,-299.0,803.0,,-528.0
-409.0,-57.0,,-245.0,-95.0,-2734.0,-342.0,811.0,,-509.0
-651.0,-193.0,,-207.0,-114.0,-2853.0,-340.0,962.0,,-463.0
-606.0,-232.0,,-156.0,-80.0,-2632.0,-307.0,594.0,,-415.0
-595.0,-379.0,,-118.0,-50.0,-2218.0,-261.0,301.0,,-356.0
-538.0,-482.0,,-95.0,-11.0,-1961.0,-261.0,295.0,,-296.0
-522.0,-504.0,,-69.0,92.0,-2038.0,-326.0,149.0,,-240.0
-747.0,-470.0,,-27.0,149.0,-2115.0,-391.0,351.0,,-179.0
-570.0,-344.0,,-27.0,136.0,-1763.0,-436.0,336.0,,-117.0
-612.0,-299.0,,-57.0,114.0,-1377.0,-381.0,506.0,,-55.0
-529.0,-206.0,,-107.0,34.0,-1129.0,-292.0,378.0,,-4.0
-631.0,53.0,,-143.0,-57.0,-1010.0,-272.0,182.0,,55.0
-679.0,220.0,,-123.0,-98.0,-980.0,-318.0,352.0,,107.0
-534.0,333.0,,-60.0,-136.0,-914.0,-370.0,328.0,,149.0
-488.0,404.0,,1.0,-117.0,-919.0,-364.0,659.0,,194.0
-470.0,477.0,,48.0,-71.0,-936.0,-342.0,694.0,,226.0
-571.0,623.0,,58.0,-92.0,-849.0,-278.0,698.0,,248.0
-443.0,579.0,,23.0,-103.0,-744.0,-215.0,609.0,,260.0
-448.0,496.0,,25.0,-93.0,-605.0,-211.0,532.0,,270.0
-318.0,603.0,,88.0,-76.0,-417.0,-229.0,668.0,,279.0
-325.0,589.0,,152.0,-13.0,-363.0,-280.0,306.0,,292.0
-219.0,441.0,,161.0,9.0,-307.0,-353.0,375.0,,314.0
-232.0,334.0,,166.0,-11.0,-20.0,-397.0,419.0,,333.0
-276.0,288.0,,210.0,21.0,333.0,-386.0,448.0,,346.0
-217.0,338.0,,265.0,32.0,277.0,-337.0,528.0,,359.0
-200.0,266.0,,309.0,18.0,-102.0,-257.0,412.0,,366.0
8.0,202.0,,311.0,67.0,-308.0,-205.0,694.0,,375.0
-133.0,280.0,,298.0,88.0,-327.0,-247.0,650.0,,391.0
-61.0,303.0,,294.0,72.0,-448.0,-324.0,703.0,,389.0
-147.0,268.0,,339.0,66.0,-794.0,-353.0,722.0,,396.0
-57.0,161.0,,393.0,34.0,-907.0,-343.0,672.0,,409.0
-34.0,73.0,,423.0,26.0,-654.0,-330.0,801.0,,415.0
-17.0,125.0,,441.0,25.0,-432.0,-319.0,493.0,,423.0
-48.0,158.0,,387.0,-18.0,-287.0,-268.0,299.0,,433.0
-149.0,51.0,,341.0,-5.0,-192.0,-180.0,-114.0,,434.0
11.0,135.0,,299.0,40.0,-177.0,-163.0,-236.0,,428.0
-140.0,289.0,,295.0,31.0,-118.0,-214.0,-129.0,,414.0
-13.0,227.0,,312.0,6.0,-123.0,-237.0,-201.0,,396.0
-173.0,155.0,,267.0,-32.0,-210.0,-207.0,123.0,,374.0
-146.0,161.0,,237.0,-63.0,-275.0,-188.0,182.0,,344.0
-220.0,133.0,,231.0,-44.0,-356.0,-199.0,522.0,,303.0
-172.0,70.0,,257.0,-27.0,-200.0,-224.0,569.0,,249.0
-189.0,64.0,,265.0,0.0,-133.0,-230.0,299.0,,190.0
-370.0,-20.0,,238.0,75.0,-328.0,-202.0,153.0,,126.0
-269.0,41.0,,230.0,95.0,-250.0,-195.0,-245.0,,65.0
-443.0,155.0,,212.0,71.0,-89.0,-215.0,-101.0,,-3.0
-244.0,96.0,,167.0,57.0,-137.0,-242.0,-169.0,,-58.0
-421.0,97.0,,173.0,14.0,-376.0,-244.0,-188.0,,-86.0
-356.0,82.0,,181.0,10.0,-557.0,-233.0,-168.0,,-93.0
-432.0,0.0,,159.0,7.0,-404.0,-226.0,-162.0,,-63.0
-521.0,-76.0,,128.0,-56.0,-259.0,-239.0,173.0,,-18.0
-468.0,-200.0,,99.0,-59.0,-339.0,-275.0,262.0,,46.0
-561.0,-337.0,,137.0,-39.0,-358.0,-246.0,593.0,,126.0
-452.0,-260.0,,182.0,-46.0,-113.0,-154.0,369.0,,198.0
-597.0,-274.0,,201.0,0.0,85.0,-67.0,-42.0,,267.0
-428.0,-303.0,,214.0,13.0,131.0,-28.0,-310.0,,325.0
-637.0,-136.0,,204.0,-17.0,345.0,-61.0,-570.0,,382.0
-566.0,-91.0,,198.0,-7.0,617.0,-93.0,-304.0,,438.0
-497.0,-127.0,,188.0,-30.0,878.0,-62.0,-169.0,,488.0
-597.0,-81.0,,150.0,-50.0,857.0,0.0,282.0,,540.0
-492.0,1.0,,113.0,-44.0,564.0,12.0,594.0,,577.0
-527.0,-5.0,,71.0,-106.0,542.0,-63.0,641.0,,601.0
-402.0,-52.0,,30.0,-156.0,557.0,-102.0,567.0,,622.0
-532.0,-168.0,,-20.0,-184.0,471.0,-79.0,175.0,,630.0
-425.0,-189.0,,-83.0,-241.0,519.0,-69.0,166.0,,641.0
-443.0,-267.0,,-150.0,-259.0,659.0,-69.0,-160.0,,660.0
-442.0,-344.0,,-195.0,-291.0,749.0,-73.0,-328.0,,669.0
-356.0,-246.0,,-169.0,-316.0,886.0,-42.0,-327.0,,671.0
-417.0,-247.0,,-134.0,-255.0,948.0,20.0,-373.0,,656.0
-307.0,-87.0,,-111.0,-211.0,688.0,62.0,-75.0,,643.0
-417.0,113.0,,-99.0,-176.0,430.0,31.0,-363.0,,623.0
-390.0,190.0,,-73.0,-102.0,421.0,-53.0,-593.0,,599.0
-319.0,241.0,,-13.0,-66.0,701.0,-84.0,-779.0,,594.0
-344.0,228.0,,51.0,-10.0,905.0,-38.0,-920.0,,571.0
-323.0,230.0,,109.0,63.0,835.0,23.0,-820.0,,546.0
-328.0,269.0,,148.0,63.0,906.0,81.0,-968.0,,520.0
-329.0,255.0,,152.0,84.0,1239.0,101.0,-763.0,,486.0
-350.0,234.0,,142.0,111.0,1651.0,109.0,-703.0,,452.0
-197.0,277.0,,152.0,110.0,1802.0,122.0,-524.0,,415.0
-319.0,339.0,,169.0,152.0,1588.0,128.0,-417.0,,387.0
-368.0,288.0,,168.0,142.0,1360.0,151.0,-609.0,,360.0
-217.0,69.0,,145.0,86.0,1356.0,181.0,-567.0,,346.0
-237.0,51.0,,141.0,65.0,1400.0,224.0,-611.0,,341.0
-204.0,64.0,,183.0,15.0,1438.0,266.0,-60.0,,336.0
-360.0,-12.0,,204.0,-11.0,1400.0,273.0,258.0,,330.0
-256.0,-54.0,,162.0,9.0,1170.0,269.0,234.0,,317.0
-246.0,-34.0,,103.0,-33.0,1258.0,277.0,232.0,,301.0
-249.0,133.0,,65.0,-54.0,1748.0,296.0,-42.0,,274.0
-210.0,103.0,,39.0,-33.0,2208.0,314.0,-131.0,,241.0
-301.0,-14.0,,-1.0,-61.0,2387.0,314.0,-668.0,,207.0
-162.0,-62.0,,-20.0,-56.0,2434.0,313.0,-977.0,,161.0
-247.0,-23.0,,-60.0,-74.0,2590.0,345.0,-1162.0,,107.0
-189.0,-47.0,,-105.0,-139.0,2560.0,400.0,-1167.0,,54.0
-278.0,-193.0,,-121.0,-137.0,2368.0,416.0,-726.0,,6.0
-260.0,-188.0,,-149.0,-151.0,2193.0,364.0,-687.0,,-37.0
-127.0,-94.0,,-152.0,-162.0,2116.0,349.0,-375.0,,-76.0
-253.0,-94.0,,-178.0,-82.0,2118.0,377.0,-441.0,,-113.0
-247.0,-203.0,,-202.0,-15.0,2013.0,406.0,-617.0,,-133.0
-255.0,-71.0,,-222.0,50.0,2081.0,435.0,-748.0,,-134.0
-120.0,99.0,,-239.0,110.0,2203.0,410.0,-953.0,,-113.0
-260.0,127.0,,-245.0,62.0,2216.0,370.0,-676.0,,-74.0
-274.0,135.0,,-290.0,16.0,2376.0,338.0,-807.0,,-22.0
-170.0,207.0,,-308.0,1.0,2642.0,320.0,-696.0,,52.0
-141.0,380.0,,-315.0,-44.0,2905.0,324.0,-513.0,,139.0
-27.0,353.0,,-302.0,-5.0,2948.0,346.0,-339.0,,230.0
-257.0,294.0,,-290.0,45.0,2796.0,378.0,-240.0,,321.0
-125.0,259.0,,-320.0,29.0,2889.0,381.0,-528.0,,411.0
-72.0,242.0,,-314.0,32.0,3340.0,373.0,-521.0,,491.0
-48.0,213.0,,-295.0,-18.0,3572.0,364.0,-809.0,,565.0
-34.0,121.0,,-258.0,-76.0,3403.0,375.0,-814.0,,630.0
-178.0,119.0,,-229.0,-70.0,3077.0,405.0,-764.0,,670.0
27.0,166.0,,-238.0,-105.0,2788.0,440.0,-759.0,,706.0
0.0,248.0,,-229.0,-100.0,2694.0,493.0,-480.0,,727.0
35.0,184.0,,-236.0,-35.0,2454.0,504.0,-539.0,,744.0
-92.0,179.0,,-241.0,-19.0,2153.0,448.0,-393.0,,748.0
-23.0,302.0,,-249.0,26.0,1990.0,362.0,-447.0,,744.0
54.0,255.0,,-265.0,88.0,1937.0,296.0,-352.0,,748.0
-63.0,156.0,,-259.0,89.0,1880.0,346.0,-242.0,,727.0
19.0,197.0,,-248.0,117.0,1755.0,452.0,-437.0,,694.0
-71.0,223.0,,-186.0,122.0,1573.0,498.0,-408.0,,658.0
52.0,125.0,,-125.0,102.0,1601.0,453.0,-567.0,,598.0
-7.0,187.0,,-86.0,155.0,2212.0,347.0,-513.0,,521.0
35.0,240.0,,-51.0,168.0,2720.0,269.0,-707.0,,440.0
6.0,242.0,,-32.0,162.0,2823.0,270.0,-881.0,,350.0
42.0,305.0,,4.0,196.0,2621.0,335.0,-801.0,,271.0
194.0,259.0,,34.0,160.0,2441.0,394.0,-923.0,,186.0
53.0,253.0,,60.0,121.0,2493.0,437.0,-733.0,,96.0
65.0,184.0,,91.0,97.0,2329.0,426.0,-831.0,,20.0
124.0,-5.0,,124.0,18.0,2054.0,345.0,-805.0,,-60.0
277.0,-121.0,,134.0,3.0,1963.0,230.0,-672.0,,-141.0
164.0,-179.0,,141.0,23.0,2166.0,148.0,-572.0,,-219.0
186.0,-250.0,,173.0,6.0,2197.0,179.0,-330.0,,-294.0
180.0,-321.0,,159.0,30.0,1903.0,258.0,-537.0,,-359.0
184.0,-292.0,,160.0,30.0,1418.0,325.0,-419.0,,-407.0
179.0,-181.0,,183.0,14.0,1108.0,318.0,-343.0,,-427.0
209.0,-68.0,,142.0,35.0,1218.0,244.0,-317.0,,-422.0
297.0,-65.0,,135.0,0.0,1334.0,209.0,-376.0,,-381.0
81.0,-77.0,,157.0,-14.0,1353.0,196.0,-764.0,,-305.0
283.0,22.0,,174.0,28.0,1135.0,185.0,-650.0,,-207.0
191.0,31.0,,197.0,10.0,1218.0,208.0,-596.0,,-96.0
138.0,-1.0,,190.0,21.0,1519.0,246.0,-421.0,,22.0
170.0,-45.0,,200.0,49.0,1458.0,253.0,-485.0,,138.0
256.0,-84.0,,197.0,-8.0,1306.0,197.0,-626.0,,246.0
267.0,-50.0,,219.0,-49.0,1178.0,115.0,-288.0,,343.0
52.0,-216.0,,231.0,-126.0,1325.0,82.0,-232.0,,422.0
242.0,-382.0,,199.0,-213.0,1416.0,102.0,-194.0,,480.0
105.0,-341.0,,181.0,-192.0,1088.0,143.0,-526.0,,516.0
167.0,-340.0,,146.0,-182.0,720.0,179.0,-563.0,,546.0
195.0,-390.0,,150.0,-148.0,628.0,166.0,-330.0,,567.0
86.0,-394.0,,155.0,-66.0,711.0,105.0,-260.0,,565.0
51.0,-272.0,,159.0,-56.0,575.0,46.0,101.0,,554.0
115.0,-210.0,,183.0,-34.0,106.0,30.0,118.0,,527.0
139.0,-218.0,,119.0,1.0,-373.0,52.0,245.0,,486.0
-62.0,-160.0,,57.0,-25.0,-434.0,49.0,-51.0,,426.0
-20.0,-63.0,,47.0,-34.0,-375.0,42.0,-454.0,,349.0
-59.0,63.0,,27.0,-69.0,-507.0,45.0,-454.0,,269.0
-77.0,50.0,,75.0,-115.0,-569.0,35.0,-624.0,,194.0
-96.0,93.0,,114.0,-94.0,-502.0,21.0,-539.0,,134.0
-46.0,219.0,,133.0,-129.0,-371.0,-10.0,-788.0,,87.0
-159.0,212.0,,194.0,-162.0,-77.0,-37.0,-729.0,,55.0
-175.0,87.0,,244.0,-122.0,365.0,-57.0,-506.0,,33.0
-165.0,40.0,,279.0,-129.0,825.0,-42.0,-558.0,,23.0
-106.0,108.0,,287.0,-124.0,1154.0,-17.0,-519.0,,28.0
-84.0,25.0,,282.0,-87.0,1222.0,-10.0,-641.0,,35.0
-196.0,40.0,,214.0,-74.0,1230.0,6.0,-260.0,,44.0
-95.0,64.0,,131.0,-9.0,1181.0,-6.0,-210.0,,65.0
-164.0,-14.0,,58.0,24.0,1210.0,-57.0,-256.0,,88.0
-7.0,19.0,,-33.0,4.0,1342.0,-93.0,-53.0,,101.0
-128.0,3.0,,-89.0,52.0,1177.0,-91.0,18.0,,116.0
-33.0,-80.0,,-127.0,46.0,863.0,-114.0,345.0,,119.0
52.0,-73.0,,-161.0,-17.0,626.0,-129.0,214.0,,114.0
64.0,11.0,,-198.0,-15.0,600.0,-99.0,181.0,,101.0
42.0,-119.0,,-220.0,-23.0,875.0,-69.0,62.0,,77.0
-97.0,-187.0,,-225.0,1.0,1106.0,-85.0,-151.0,,48.0
188.0,-107.0,,-245.0,59.0,928.0,-148.0,-83.0,,3.0
128.0,-203.0,,-256.0,39.0,726.0,-194.0,-286.0,,-44.0
151.0,-329.0,,-231.0,47.0,714.0,-185.0,-232.0,,-93.0
21.0,-464.0,,-203.0,72.0,686.0,-135.0,-303.0,,-141.0
189.0,-514.0,,-202.0,43.0,699.0,-127.0,-166.0,,-167.0
222.0,-535.0,,-194.0,69.0,819.0,-128.0,-20.0,,-186.0
187.0,-518.0,,-150.0,78.0,1139.0,-72.0,-223.0,,-207.0
254.0,-334.0,,-79.0,38.0,1445.0,-28.0,-214.0,,-196.0
216.0,-243.0,,3.0,55.0,1500.0,-34.0,-412.0,,-175.0
447.0,-185.0,,26.0,47.0,1201.0,-88.0,-208.0,,-160.0
361.0,-121.0,,48.0,47.0,898.0,-98.0,-105.0,,-137.0
403.0,-150.0,,115.0,111.0,925.0,-44.0,-221.0,,-116.0
288.0,-52.0,,152.0,104.0,907.0,-33.0,-162.0,,-100.0
575.0,59.0,,171.0,85.0,770.0,-96.0,-112.0,,-95.0
529.0,62.0,,190.0,76.0,687.0,-190.0,299.0,,-97.0
538.0,40.0,,183.0,-3.0,828.0,-223.0,256.0,,-95.0
617.0,18.0,,182.0,-34.0,1139.0,-168.0,210.0,,-90.0
519.0,33.0,,204.0,-56.0,1323.0,-96.0,197.0,,-88.0
781.0,-51.0,,224.0,-122.0,1279.0,-93.0,90.0,,-82.0
547.0,-42.0,,234.0,-123.0,1227.0,-163.0,247.0,,-80.0
726.0,25.0,,209.0,-133.0,1436.0,-221.0,103.0,,-86.0
564.0,18.0,,194.0,-146.0,1786.0,-249.0,388.0,,-93.0
638.0,72.0,,176.0,-88.0,1907.0,-254.0,600.0,,-100.0
728.0,20.0,,170.0,-77.0,1815.0,-252.0,733.0,,-91.0
608.0,-1.0,,179.0,-74.0,2053.0,-248.0,892.0,,-89.0
636.0,-24.0,,148.0,-29.0,2560.0,-213.0,705.0,,-78.0
521.0,-163.0,,121.0,-28.0,2715.0,-185.0,851.0,,-41.0
750.0,-197.0,,76.0,18.0,2412.0,-205.0,604.0,,-13.0
526.0,-263.0,,17.0,66.0,2208.0,-244.0,473.0,,7.0
580.0,-317.0,,-31.0,38.0,2260.0,-265.0,375.0,,28.0
512.0,-283.0,,-59.0,53.0,2074.0,-209.0,136.0,,33.0
500.0,-257.0,,-77.0,34.0,1702.0,-125.0,264.0,,32.0
493.0,-277.0,,-128.0,-47.0,1363.0,-123.0,203.0,,33.0
421.0,-385.0,,-146.0,-81.0,1118.0,-177.0,463.0,,23.0
499.0,-392.0,,-128.0,-120.0,802.0,-183.0,519.0,,2.0
245.0,-331.0,,-117.0,-112.0,452.0,-161.0,580.0,,-22.0
449.0,-242.0,,-114.0,-35.0,404.0,-175.0,650.0,,-43.0
345.0,-247.0,,-155.0,-3.0,358.0,-175.0,567.0,,-67.0
220.0,-208.0,,-176.0,37.0,296.0,-173.0,781.0,,-87.0
156.0,-56.0,,-183.0,58.0,435.0,-144.0,580.0,,-104.0
187.0,-87.0,,-179.0,2.0,623.0,-124.0,642.0,,-133.0
185.0,-118.0,,-159.0,3.0,715.0,-171.0,604.0,,-152.0
18.0,-225.0,,-147.0,3.0,661.0,-215.0,504.0,,-164.0
82.0,-241.0,,-83.0,-24.0,736.0,-215.0,578.0,,-179.0
-94.0,-258.0,,-22.0,4.0,1012.0,-141.0,474.0,,-194.0
-16.0,-425.0,,45.0,-8.0,1001.0,-40.0,800.0,,-216.0
-113.0,-437.0,,98.0,-17.0,669.0,7.0,827.0,,-239.0
-116.0,-394.0,,111.0,19.0,573.0,-18.0,1014.0,,-266.0
-229.0,-319.0,,133.0,-3.0,746.0,-87.0,1117.0,,-301.0
-239.0,-262.0,,136.0,2.0,953.0,-100.0,1027.0,,-339.0
-115.0,-127.0,,148.0,47.0,982.0,-48.0,1223.0,,-364.0
-332.0,33.0,,152.0,35.0,770.0,-8.0,1047.0,,-374.0
-242.0,107.0,,163.0,52.0,824.0,9.0,1080.0,,-371.0
-301.0,187.0,,194.0,80.0,1060.0,30.0,862.0,,-354.0
-62.0,302.0,,162.0,74.0,1011.0,49.0,752.0,,-326.0
-197.0,448.0,,123.0,109.0,805.0,28.0,885.0,,-296.0
-164.0,533.0,,113.0,108.0,555.0,-1.0,918.0,,-273.0
-28.0,570.0,,83.0,69.0,532.0,5.0,1223.0,,-260.0
-115.0,607.0,,29.0,68.0,641.0,43.0,1064.0,,-266.0
129.0,624.0,,-3.0,19.0,648.0,83.0,1103.0,,-276.0
-10.0,591.0,,-37.0,3.0,840.0,100.0,1075.0,,-289.0
164.0,500.0,,-107.0,51.0,903.0,125.0,1082.0,,-310.0
58.0,381.0,,-142.0,33.0,854.0,113.0,1343.0,,-342.0
214.0,276.0,,-173.0,44.0,757.0,73.0,1210.0,,-378.0
203.0,125.0,,-207.0,67.0,284.0,64.0,1274.0,,-393.0
79.0,-39.0,,-217.0,33.0,-211.0,87.0,979.0,,-408.0
337.0,-93.0,,-180.0,49.0,-534.0,114.0,822.0,,-400.0
247.0,-90.0,,-141.0,23.0,-742.0,114.0,707.0,,-373.0
278.0,-157.0,,-147.0,-60.0,-886.0,102.0,412.0,,-325.0
89.0,-160.0,,-149.0,-89.0,-961.0,70.0,594.0,,-245.0
255.0,-76.0,,-117.0,-119.0,-710.0,65.0,554.0,,-162.0
170.0,-49.0,,-31.0,-105.0,-278.0,73.0,606.0,,-56.0
202.0,-76.0,,31.0,-30.0,-295.0,72.0,491.0,,56.0
226.0,-101.0,,89.0,-20.0,-581.0,78.0,397.0,,169.0
160.0,-135.0,,134.0,-30.0,-501.0,107.0,454.0,,280.0
132.0,-202.0,,163.0,-52.0,-379.0,127.0,406.0,,375.0
-47.0,-159.0,,217.0,-111.0,-626.0,74.0,733.0,,458.0
317.0,-108.0,,238.0,-94.0,-931.0,-3.0,811.0,,534.0
133.0,-27.0,,270.0,-77.0,-955.0,-50.0,977.0,,581.0
74.0,114.0,,278.0,-102.0,-732.0,-42.0,1025.0,,598.0
-26.0,197.0,,276.0,-67.0,-633.0,-11.0,936.0,,612.0
31.0,326.0,,273.0,-63.0,-686.0,3.0,1066.0,,614.0
90.0,442.0,,289.0,-71.0,-646.0,-25.0,1006.0,,617.0
-42.0,523.0,,304.0,-34.0,-646.0,-92.0,1243.0,,626.0
7.0,553.0,,291.0,-56.0,-748.0,-152.0,1189.0,,648.0
-158.0,445.0,,307.0,-54.0,-1083.0,-198.0,1042.0,,687.0
-15.0,384.0,,256.0,-15.0,-1464.0,-211.0,772.0,,718.0
-137.0,393.0,,211.0,-35.0,-1508.0,-224.0,293.0,,756.0
-48.0,238.0,,213.0,-5.0,-1414.0,-247.0,275.0,,789.0
-71.0,86.0,,196.0,33.0,-1276.0,-228.0,177.0,,816.0
-91.0,65.0,,145.0,22.0,-1111.0,-225.0,428.0,,850.0
-54.0,21.0,,95.0,62.0,-1156.0,-306.0,545.0,,884.0
-141.0,-72.0,,56.0,78.0,-1318.0,-356.0,587.0,,908.0
-81.0,-119.0,,-11.0,79.0,-1339.0,-332.0,831.0,,917.0
-153.0,-111.0,,-28.0,117.0,-1288.0,-291.0,668.0,,931.0
-10.0,-57.0,,-51.0,88.0,-1344.0,-260.0,644.0,,930.0
-38.0,-4.0,,-62.0,64.0,-1586.0,-256.0,323.0,,918.0
-70.0,-27.0,,-37.0,67.0,-1679.0,-294.0,279.0,,906.0
-159.0,28.0,,-24.0,1.0,-1550.0,-365.0,428.0,,871.0
-50.0,123.0,,-17.0,-21.0,-1542.0,-378.0,382.0,,843.0
18.0,167.0,,-10.0,-26.0,-1560.0,-370.0,635.0,,815.0
-128.0,225.0,,18.0,-100.0,-1423.0,-391.0,654.0,,775.0
-114.0,256.0,,56.0,-124.0,-1185.0,-386.0,912.0,,745.0
-75.0,245.0,,86.0,-150.0,-943.0,-349.0,901.0,,716.0
-74.0,228.0,,65.0,-186.0,-738.0,-306.0,722.0,,669.0
-187.0,94.0,,58.0,-137.0,-585.0,-339.0,790.0,,629.0
-169.0,-42.0,,74.0,-117.0,-490.0,-403.0,735.0,,589.0
-184.0,-40.0,,89.0,-89.0,-513.0,-401.0,953.0,,551.0
-162.0,-84.0,,150.0,-7.0,-607.0,-325.0,848.0,,533.0
-187.0,-178.0,,184.0,8.0,-717.0,-250.0,811.0,,508.0
-297.0,-201.0,,186.0,21.0,-782.0,-249.0,785.0,,502.0
-341.0,-130.0,,259.0,8.0,-713.0,-273.0,578.0,,501.0
-231.0,-198.0,,280.0,-63.0,-704.0,-277.0,554.0,,505.0
-258.0,-303.0,,269.0,-30.0,-832.0,-264.0,437.0,,513.0
-404.0,-344.0,,289.0,39.0,-963.0,-269.0,774.0,,512.0
-447.0,-430.0,,223.0,83.0,-914.0,-325.0,971.0,,521.0
-397.0,-403.0,,198.0,177.0,-767.0,-394.0,1023.0,,530.0
-376.0,-443.0,,197.0,192.0,-781.0,-402.0,831.0,,549.0
-471.0,-443.0,,164.0,156.0,-766.0,-347.0,319.0,,574.0
-339.0,-294.0,,128.0,157.0,-537.0,-294.0,341.0,,603.0
-389.0,-174.0,,106.0,82.0,-267.0,-246.0,291.0,,631.0
-406.0,-44.0,,89.0,6.0,-171.0,-213.0,445.0,,644.0
-489.0,33.0,,73.0,-47.0,-240.0,-229.0,376.0,,657.0
-348.0,82.0,,64.0,-141.0,-204.0,-283.0,134.0,,649.0
-195.0,172.0,,40.0,-152.0,-114.0,-341.0,105.0,,616.0
-319.0,172.0,,53.0,-144.0,-316.0,-363.0,-195.0,,572.0
-178.0,11.0,,56.0,-185.0,-618.0,-377.0,60.0,,513.0
-275.0,-71.0,,80.0,-180.0,-690.0,-363.0,251.0,,466.0
-71.0,-141.0,,122.0,-207.0,-446.0,-348.0,413.0,,444.0
-54.0,-261.0,,165.0,-247.0,-137.0,-404.0,558.0,,431.0
-39.0,-348.0,,214.0,-229.0,-20.0,-416.0,448.0,,438.0
15.0,-419.0,,235.0,-243.0,33.0,-385.0,583.0,,470.0
-106.0,-379.0,,269.0,-229.0,-83.0,-370.0,297.0,,508.0
144.0,-344.0,,297.0,-178.0,-202.0,-385.0,293.0,,546.0
63.0,-368.0,,290.0,-175.0,-295.0,-465.0,312.0,,580.0
123.0,-413.0,,258.0,-122.0,-597.0,-474.0,279.0,,611.0
67.0,-418.0,,240.0,-70.0,-975.0,-402.0,436.0,,635.0
-19.0,-461.0,,242.0,-82.0,-1425.0,-411.0,131.0,,636.0
117.0,-527.0,,243.0,-33.0,-1686.0,-479.0,-5.0,,635.0
40.0,-550.0,,234.0,-6.0,-1872.0,-509.0,-254.0,,635.0
-1.0,-549.0,,209.0,-21.0,-2209.0,-502.0,-136.0,,623.0
-40.0,-413.0,,195.0,21.0,-2410.0,-515.0,101.0,,615.0
-52.0,-420.0,,184.0,39.0,-2410.0,-505.0,70.0,,614.0
-89.0,-448.0,,155.0,92.0,-2186.0,-512.0,338.0,,627.0
-67.0,-385.0,,150.0,177.0,-1863.0,-599.0,323.0,,648.0
-50.0,-429.0,,155.0,152.0,-1742.0,-626.0,413.0,,688.0
-137.0,-438.0,,162.0,124.0,-1755.0,-574.0,160.0,,751.0
-188.0,-349.0,,191.0,107.0,-1688.0,-513.0,-3.0,,808.0
-86.0,-271.0,,186.0,11.0,-1735.0,-483.0,242.0,,861.0
-64.0,-296.0,,159.0,-69.0,-1994.0,-529.0,282.0,,909.0
-92.0,-243.0,,124.0,-152.0,-2246.0,-645.0,543.0,,928.0
-110.0,-160.0,,96.0,-229.0,-2269.0,-749.0,232.0,,916.0
-103.0,-97.0,,72.0,-218.0,-2057.0,-709.0,-171.0,,877.0
-124.0,-62.0,,40.0,-205.0,-1990.0,-585.0,-485.0,,822.0
-203.0,-28.0,,-5.0,-166.0,-2079.0,-545.0,-676.0,,737.0
-211.0,97.0,,-60.0,-83.0,-2078.0,-595.0,-596.0,,642.0
-271.0,97.0,,-102.0,-79.0,-1942.0,-659.0,-844.0,,557.0
-202.0,40.0,,-160.0,-78.0,-1760.0,-712.0,-702.0,,465.0
-362.0,24.0,,-171.0,-44.0,-1755.0,-698.0,-606.0,,396.0
-388.0,21.0,,-162.0,-55.0,-1940.0,-609.0,-406.0,,347.0
-329.0,-21.0,,-189.0,-34.0,-2030.0,-578.0,-203.0,,324.0
-311.0,-70.0,,-202.0,-37.0,-1878.0,-649.0,-312.0,,320.0
-296.0,-94.0,,-203.0,-98.0,-1544.0,-726.0,-266.0,,316.0
-516.0,-211.0,,-217.0,-91.0,-1155.0,-702.0,-469.0,,328.0
-383.0,-276.0,,-253.0,-84.0,-978.0,-650.0,-323.0,,330.0
-335.0,-271.0,,-277.0,-85.0,-895.0,-649.0,-277.0,,324.0
-226.0,-233.0,,-299.0,-25.0,-820.0,-683.0,-240.0,,334.0
-404.0,-225.0,,-310.0,-1.0,-1073.0,-735.0,-7.0,,355.0
-430.0,-224.0,,-340.0,45.0,-1520.0,-725.0,-84.0,,391.0
-219.0,-132.0,,-367.0,137.0,-1755.0,-688.0,79.0,,450.0
-265.0,-83.0,,-346.0,159.0,-1682.0,-674.0,-125.0,,514.0
-60.0,79.0,,-314.0,191.0,-1606.0,-670.0,-327.0,,581.0
-245.0,306.0,,-287.0,223.0,-1688.0,-709.0,-463.0,,649.0
-194.0,427.0,,-297.0,204.0,-1615.0,-740.0,-548.0,,699.0
-191.0,508.0,,-319.0,223.0,-1226.0,-703.0,-286.0,,740.0
-28.0,516.0,,-344.0,209.0,-932.0,-657.0,-461.0,,764.0
88.0,435.0,,-349.0,156.0,-1087.0,-621.0,-437.0,,759.0
-94.0,302.0,,-335.0,153.0,-1430.0,-618.0,-474.0,,729.0
90.0,233.0,,-325.0,97.0,-1711.0,-663.0,-587.0,,671.0
-10.0,194.0,,-297.0,21.0,-1641.0,-682.0,-663.0,,602.0
146.0,135.0,,-280.0,11.0,-1310.0,-671.0,-886.0,,521.0
102.0,136.0,,-260.0,-15.0,-1152.0,-645.0,-646.0,,423.0
202.0,218.0,,-260.0,-7.0,-989.0,-599.0,-607.0,,337.0
270.0,322.0,,-249.0,16.0,-674.0,-569.0,-500.0,,261.0
142.0,367.0,,-238.0,-34.0,-241.0,-573.0,-452.0,,190.0
278.0,402.0,,-261.0,-50.0,-71.0,-588.0,-500.0,,141.0
142.0,431.0,,-254.0,-70.0,-256.0,-550.0,-369.0,,108.0
370.0,404.0,,-260.0,-136.0,-131.0,-504.0,-476.0,,83.0
308.0,416.0,,-238.0,-149.0,292.0,-491.0,-223.0,,71.0
254.0,407.0,,-205.0,-173.0,366.0,-479.0,-169.0,,69.0
204.0,298.0,,-221.0,-205.0,177.0,-480.0,-75.0,,81.0
163.0,233.0,,-228.0,-185.0,291.0,-483.0,48.0,,109.0
393.0,133.0,,-230.0,-204.0,635.0,-472.0,-177.0,,149.0
188.0,22.0,,-233.0,-210.0,901.0,-423.0,-151.0,,209.0
276.0,39.0,,-241.0,-159.0,856.0,-386.0,-280.0,,276.0
156.0,8.0,,-248.0,-163.0,753.0,-399.0,-77.0,,355.0
165.0,-90.0,,-254.0,-157.0,945.0,-411.0,35.0,,435.0
255.0,-76.0,,-283.0,-105.0,1130.0,-410.0,77.0,,514.0
85.0,-11.0,,-311.0,-77.0,1046.0,-416.0,273.0,,583.0
181.0,-58.0,,-346.0,-6.0,847.0,-449.0,-42.0,,646.0
37.0,-67.0,,-373.0,72.0,914.0,-479.0,-120.0,,707.0
142.0,-48.0,,-339.0,102.0,1204.0,-462.0,-264.0,,733.0
172.0,-66.0,,-311.0,131.0,1470.0,-422.0,-258.0,,764.0
139.0,-64.0,,-291.0,109.0,1452.0,-409.0,-238.0,,765.0
100.0,-155.0,,-281.0,49.0,1239.0,-429.0,-410.0,,744.0
61.0,-178.0,,-274.0,26.0,1293.0,-461.0,-362.0,,722.0
234.0,-126.0,,-235.0,2.0,1458.0,-467.0,-713.0,,675.0
167.0,-165.0,,-202.0,-9.0,1693.0,-455.0,-779.0,,627.0
168.0,-256.0,,-154.0,37.0,1784.0,-458.0,-774.0,,575.0
109.0,-308.0,,-134.0,68.0,1573.0,-464.0,-618.0,,545.0
196.0,-214.0,,-139.0,88.0,1595.0,-483.0,-280.0,,521.0
234.0,-182.0,,-127.0,120.0,1659.0,-486.0,-332.0,,517.0
193.0,-216.0,,-111.0,103.0,1444.0,-474.0,-214.0,,532.0
191.0,-151.0,,-95.0,90.0,1086.0,-492.0,-432.0,,544.0
194.0,-69.0,,-88.0,112.0,868.0,-514.0,-460.0,,568.0
226.0,-14.0,,-87.0,99.0,976.0,-508.0,-408.0,,578.0
154.0,-62.0,,-105.0,81.0,1106.0,-455.0,-395.0,,580.0
254.0,-57.0,,-107.0,106.0,1210.0,-415.0,-112.0,,587.0
190.0,71.0,,-93.0,121.0,1216.0,-381.0,-168.0,,598.0
223.0,120.0,,-86.0,125.0,1320.0,-335.0,-40.0,,601.0
244.0,109.0,,-44.0,99.0,1644.0,-324.0,-319.0,,593.0
262.0,117.0,,-54.0,24.0,1688.0,-308.0,-565.0,,600.0
279.0,173.0,,-113.0,-30.0,1621.0,-277.0,-550.0,,608.0
269.0,196.0,,-157.0,-81.0,1447.0,-215.0,-676.0,,619.0
376.0,115.0,,-247.0,-136.0,1120.0,-172.0,-434.0,,646.0
227.0,66.0,,-312.0,-124.0,846.0,-196.0,-378.0,,682.0
240.0,70.0,,-362.0,-98.0,587.0,-223.0,-53.0,,718.0
265.0,74.0,,-412.0,-102.0,550.0,-224.0,81.0,,748.0
215.0,77.0,,-416.0,-56.0,658.0,-174.0,79.0,,766.0
242.0,90.0,,-406.0,22.0,788.0,-112.0,195.0,,775.0
236.0,117.0,,-363.0,72.0,1032.0,-86.0,-84.0,,756.0
153.0,183.0,,-292.0,120.0,1204.0,-86.0,14.0,,699.0
140.0,179.0,,-216.0,123.0,1194.0,-102.0,-11.0,,625.0
136.0,11.0,,-161.0,106.0,1136.0,-85.0,83.0,,531.0
123.0,-42.0,,-138.0,120.0,996.0,-23.0,127.0,,434.0
141.0,-37.0,,-114.0,97.0,777.0,1.0,-92.0,,345.0
72.0,-95.0,,-85.0,82.0,617.0,17.0,-142.0,,252.0
110.0,-130.0,,-79.0,119.0,613.0,70.0,-504.0,,175.0
-104.0,-222.0,,-67.0,122.0,762.0,108.0,-445.0,,102.0
-95.0,-259.0,,-69.0,106.0,830.0,90.0,-515.0,,29.0
-19.0,-275.0,,-99.0,116.0,700.0,46.0,-681.0,,-32.0
-64.0,-404.0,,-142.0,103.0,602.0,17.0,-742.0,,-99.0
-48.0,-491.0,,-193.0,99.0,701.0,-5.0,-1006.0,,-163.0
-188.0,-348.0,,-217.0,105.0,770.0,31.0,-829.0,,-218.0
-143.0,-235.0,,-236.0,90.0,502.0,127.0,-881.0,,-264.0
-325.0,-253.0,,-267.0,116.0,112.0,185.0,-742.0,,-290.0
-207.0,-112.0,,-294.0,140.0,-136.0,188.0,-620.0,,-299.0
-147.0,105.0,,-339.0,99.0,-234.0,160.0,-650.0,,-290.0
-221.0,294.0,,-384.0,83.0,-271.0,157.0,-521.0,,-265.0
-246.0,385.0,,-370.0,82.0,-493.0,188.0,-668.0,,-228.0
-445.0,393.0,,-359.0,46.0,-662.0,230.0,-397.0,,-185.0
-248.0,416.0,,-383.0,43.0,-510.0,252.0,-243.0,,-129.0
-360.0,363.0,,-401.0,32.0,-292.0,221.0,-57.0,,-76.0
-272.0,339.0,,-436.0,11.0,-323.0,185.0,123.0,,-41.0
-308.0,298.0,,-476.0,29.0,-388.0,191.0,-46.0,,-15.0
-389.0,275.0,,-491.0,-1.0,-218.0,229.0,-59.0,,-3.0
-320.0,291.0,,-509.0,-47.0,17.0,271.0,-352.0,,4.0
-395.0,196.0,,-521.0,-54.0,183.0,316.0,-389.0,,-5.0
-233.0,161.0,,-496.0,-107.0,127.0,339.0,-482.0,,-18.0
-339.0,72.0,,-462.0,-155.0,-54.0,350.0,-550.0,,-18.0
-135.0,57.0,,-457.0,-149.0,-75.0,388.0,-460.0,,-13.0
-254.0,40.0,,-460.0,-182.0,106.0,398.0,-766.0,,17.0
-321.0,-72.0,,-435.0,-196.0,74.0,384.0,-718.0,,56.0
-225.0,-23.0,,-415.0,-177.0,-138.0,353.0,-798.0,,112.0
-216.0,-38.0,,-400.0,-163.0,-226.0,339.0,-731.0,,180.0
-114.0,-65.0,,-394.0,-57.0,-58.0,367.0,-589.0,,253.0
-305.0,-136.0,,-379.0,47.0,333.0,368.0,-667.0,,335.0
-160.0,-182.0,,-345.0,92.0,401.0,351.0,-535.0,,398.0
-264.0,-200.0,,-310.0,170.0,200.0,322.0,-722.0,,448.0
-157.0,-276.0,,-269.0,188.0,121.0,291.0,-702.0,,475.0
-163.0,-283.0,,-242.0,148.0,148.0,292.0,-825.0,,488.0
-200.0,-260.0,,-232.0,158.0,62.0,338.0,-892.0,,480.0
-76.0,-287.0,,-221.0,136.0,-117.0,402.0,-718.0,,445.0
-145.0,-392.0,,-221.0,120.0,-118.0,425.0,-801.0,,405.0
-56.0,-328.0,,-245.0,161.0,139.0,375.0,-703.0,,347.0
-256.0,-398.0,,-264.0,138.0,235.0,338.0,-837.0,,285.0
-36.0,-531.0,,-271.0,116.0,26.0,392.0,-633.0,,213.0
-21.0,-345.0,,-270.0,119.0,0.0,456.0,-424.0,,127.0
-99.0,-102.0,,-259.0,52.0,154.0,498.0,-363.0,,44.0
-80.0,31.0,,-242.0,4.0,337.0,493.0,3.0,,-39.0
-97.0,169.0,,-250.0,-26.0,304.0,438.0,48.0,,-127.0
121.0,352.0,,-254.0,-83.0,69.0,388.0,169.0,,-210.0
-67.0,518.0,,-221.0,-65.0,-58.0,384.0,-86.0,,-298.0
24.0,489.0,,-179.0,-32.0,-187.0,453.0,-271.0,,-374.0
73.0,338.0,,-138.0,-13.0,-312.0,503.0,-216.0,,-428.0
41.0,400.0,,-100.0,45.0,-507.0,492.0,-388.0,,-467.0
109.0,301.0,,-55.0,29.0,-705.0,460.0,-310.0,,-478.0
28.0,227.0,,-15.0,-37.0,-547.0,455.0,-552.0,,-466.0
91.0,190.0,,7.0,-57.0,-232.0,475.0,-655.0,,-431.0
101.0,31.0,,-1.0,-109.0,-87.0,475.0,-689.0,,-370.0
235.0,35.0,,-19.0,-150.0,-70.0,461.0,-672.0,,-294.0
118.0,-15.0,,-47.0,-155.0,-59.0,442.0,-426.0,,-198.0
-11.0,-69.0,,-71.0,-213.0,-8.0,444.0,-376.0,,-90.0
144.0,-84.0,,-47.0,-238.0,-91.0,487.0,-168.0,,30.0
159.0,-12.0,,-36.0,-238.0,-333.0,556.0,-404.0,,159.0
195.0,-62.0,,-40.0,-258.0,-613.0,593.0,-563.0,,273.0
30.0,-169.0,,-19.0,-188.0,-742.0,585.0,-552.0,,373.0
41.0,-189.0,,-1.0,-121.0,-656.0,571.0,-602.0,,458.0
85.0,-250.0,,-1.0,-109.0,-657.0,572.0,-445.0,,521.0
-12.0,-306.0,,3.0,-34.0,-682.0,587.0,-652.0,,555.0
95.0,-372.0,,9.0,29.0,-527.0,592.0,-541.0,,572.0
-33.0,-252.0,,33.0,82.0,-248.0,586.0,-519.0,,580.0
-46.0,-133.0,,47.0,184.0,11.0,610.0,-526.0,,562.0
-12.0,-105.0,,51.0,222.0,68.0,647.0,-376.0,,522.0
-22.0,-47.0,,103.0,236.0,-95.0,645.0,-473.0,,456.0
-34.0,-2.0,,158.0,258.0,-321.0,629.0,-299.0,,370.0
-43.0,35.0,,205.0,200.0,-370.0,634.0,-400.0,,261.0
47.0,30.0,,226.0,161.0,-417.0,656.0,-303.0,,129.0
-52.0,125.0,,214.0,187.0,-682.0,671.0,-232.0,,-11.0
22.0,224.0,,187.0,203.0,-904.0,680.0,-262.0,,-157.0
64.0,275.0,,166.0,232.0,-897.0,671.0,-118.0,,-303.0
-16.0,276.0,,179.0,257.0,-649.0,660.0,-376.0,,-437.0
47.0,221.0,,196.0,263.0,-486.0,683.0,-279.0,,-542.0
125.0,236.0,,193.0,317.0,-609.0,693.0,-304.0,,-615.0
122.0,102.0,,158.0,308.0,-797.0,704.0,-306.0,,-650.0
120.0,1.0,,131.0,207.0,-860.0,713.0,-338.0,,-647.0
192.0,4.0,,118.0,130.0,-821.0,712.0,-552.0,,-608.0
260.0,-12.0,,91.0,22.0,-870.0,715.0,-339.0,,-549.0
289.0,-28.0,,77.0,-66.0,-979.0,716.0,-332.0,,-479.0
285.0,40.0,,63.0,-74.0,-1118.0,739.0,-88.0,,-416.0
307.0,210.0,,32.0,-84.0,-1300.0,732.0,0.0,,-350.0
349.0,213.0,,-20.0,-56.0,-1431.0,713.0,59.0,,-282.0
344.0,273.0,,-74.0,-12.0,-1330.0,703.0,160.0,,-233.0
355.0,313.0,,-117.0,-53.0,-1135.0,712.0,-205.0,,-186.0
438.0,379.0,,-145.0,-59.0,-1091.0,754.0,-310.0,,-155.0
300.0,376.0,,-167.0,-7.0,-977.0,786.0,-681.0,,-125.0
314.0,234.0,,-177.0,21.0,-737.0,783.0,-886.0,,-91.0
314.0,268.0,,-152.0,98.0,-564.0,771.0,-955.0,,-68.0
151.0,215.0,,-133.0,154.0,-509.0,799.0,-953.0,,-55.0
187.0,97.0,,-124.0,140.0,-429.0,853.0,-718.0,,-54.0
182.0,-32.0,,-95.0,135.0,-300.0,894.0,-912.0,,-48.0
156.0,-7.0,,-43.0,76.0,-101.0,917.0,-801.0,,-36.0
75.0,102.0,,-10.0,7.0,102.0,928.0,-812.0,,-26.0
18.0,102.0,,-1.0,11.0,349.0,927.0,-648.0,,-16.0
-58.0,115.0,,17.0,-16.0,782.0,914.0,-382.0,,-4.0
57.0,212.0,,31.0,-41.0,930.0,878.0,-467.0,,3.0
76.0,295.0,,22.0,-7.0,672.0,863.0,-247.0,,3.0
-26.0,229.0,,24.0,-19.0,388.0,880.0,-319.0,,8.0
-117.0,173.0,,49.0,1.0,227.0,882.0,-145.0,,13.0
-162.0,95.0,,88.0,52.0,173.0,883.0,-42.0,,20.0
-110.0,130.0,,141.0,29.0,261.0,881.0,-120.0,,37.0
-205.0,103.0,,163.0,29.0,461.0,886.0,1.0,,47.0
-105.0,80.0,,148.0,28.0,632.0,903.0,-110.0,,56.0
-149.0,108.0,,152.0,-8.0,836.0,919.0,-14.0,,64.0
-123.0,1.0,,183.0,15.0,912.0,925.0,-275.0,,71.0
-236.0,77.0,,211.0,18.0,922.0,895.0,-404.0,,67.0
-202.0,21.0,,176.0,-13.0,1071.0,870.0,-508.0,,64.0
-68.0,32.0,,108.0,1.0,1235.0,919.0,-835.0,,74.0
-196.0,162.0,,108.0,-22.0,1282.0,967.0,-733.0,,72.0
-148.0,105.0,,129.0,-73.0,1055.0,939.0,-811.0,,73.0
-280.0,102.0,,111.0,-100.0,679.0,888.0,-631.0,,73.0
-77.0,74.0,,48.0,-171.0,302.0,854.0,-624.0,,62.0
-106.0,82.0,,3.0,-216.0,97.0,875.0,-716.0,,59.0
-166.0,98.0,,26.0,-180.0,50.0,903.0,-687.0,,67.0
-146.0,92.0,,51.0,-158.0,-93.0,907.0,-903.0,,76.0
-173.0,95.0,,81.0,-128.0,-220.0,933.0,-709.0,,89.0
58.0,37.0,,89.0,-81.0,-30.0,929.0,-735.0,,112.0
-46.0,-22.0,,110.0,-91.0,329.0,916.0,-589.0,,132.0
-46.0,-27.0,,167.0,-78.0,481.0,923.0,-367.0,,154.0
-135.0,-68.0,,178.0,-37.0,608.0,911.0,-321.0,,157.0
-113.0,-139.0,,151.0,-8.0,794.0,895.0,-114.0,,153.0
-22.0,-131.0,,131.0,72.0,838.0,883.0,-277.0,,143.0
47.0,-73.0,,166.0,133.0,642.0,890.0,-144.0,,121.0
78.0,-39.0,,202.0,148.0,427.0,905.0,-201.0,,104.0
-119.0,-141.0,,200.0,185.0,385.0,906.0,-314.0,,64.0
-39.0,-97.0,,211.0,160.0,361.0,881.0,-157.0,,11.0
1.0,-6.0,,222.0,96.0,174.0,858.0,-166.0,,-40.0
43.0,-122.0,,283.0,78.0,-212.0,842.0,94.0,,-94.0
-38.0,-127.0,,363.0,38.0,-351.0,827.0,151.0,,-163.0
-15.0,-29.0,,376.0,19.0,-187.0,830.0,376.0,,-239.0
90.0,45.0,,370.0,53.0,-79.0,827.0,495.0,,-320.0
79.0,112.0,,369.0,35.0,-159.0,825.0,395.0,,-412.0
81.0,84.0,,377.0,34.0,-239.0,789.0,410.0,,-498.0
38.0,80.0,,411.0,34.0,-212.0,758.0,-35.0,,-583.0
144.0,176.0,,425.0,-17.0,-298.0,768.0,-295.0,,-668.0
62.0,111.0,,406.0,-18.0,-497.0,782.0,-480.0,,-758.0
134.0,35.0,,359.0,-17.0,-619.0,780.0,-445.0,,-843.0
79.0,-61.0,,337.0,-48.0,-621.0,733.0,-321.0,,-904.0
171.0,-210.0,,325.0,-26.0,-751.0,679.0,-317.0,,-955.0
221.0,-190.0,,281.0,-8.0,-983.0,623.0,-101.0,,-974.0
25.0,-276.0,,272.0,-15.0,-1210.0,580.0,-321.0,,-955.0
109.0,-321.0,,280.0,16.0,-1435.0,559.0,-434.0,,-912.0
104.0,-140.0,,273.0,0.0,-1677.0,550.0,-554.0,,-826.0
385.0,-111.0,,247.0,-35.0,-1784.0,542.0,-578.0,,-713.0
186.0,-183.0,,218.0,-13.0,-1686.0,513.0,-362.0,,-581.0
43.0,47.0,,205.0,-36.0,-1608.0,464.0,-502.0,,-432.0
26.0,344.0,,180.0,-34.0,-1558.0,389.0,-485.0,,-284.0
40.0,462.0,,145.0,14.0,-1431.0,341.0,-578.0,,-137.0
214.0,562.0,,117.0,0.0,-1166.0,315.0,-437.0,,-9.0
101.0,581.0,,92.0,9.0,-1010.0,291.0,-317.0,,79.0
134.0,490.0,,65.0,34.0,-1051.0,263.0,-458.0,,132.0
-65.0,336.0,,62.0,12.0,-1146.0,225.0,-386.0,,158.0
138.0,272.0,,83.0,0.0,-1168.0,194.0,-606.0,,157.0
109.0,306.0,,105.0,-47.0,-1180.0,160.0,-602.0,,144.0
-35.0,344.0,,117.0,-106.0,-1303.0,152.0,-661.0,,108.0
34.0,397.0,,108.0,-67.0,-1449.0,164.0,-611.0,,59.0
72.0,427.0,,106.0,-1.0,-1534.0,167.0,-495.0,,5.0
173.0,484.0,,124.0,67.0,-1590.0,134.0,-781.0,,-62.0
43.0,545.0,,129.0,161.0,-1613.0,82.0,-630.0,,-133.0
71.0,677.0,,153.0,155.0,-1167.0,55.0,-526.0,,-214.0
-35.0,718.0,,185.0,115.0,-542.0,48.0,-169.0,,-275.0
103.0,620.0,,215.0,114.0,-158.0,26.0,188.0,,-339.0
152.0,772.0,,256.0,67.0,124.0,-12.0,253.0,,-391.0
102.0,775.0,,310.0,59.0,361.0,-32.0,343.0,,-402.0
161.0,550.0,,365.0,65.0,394.0,-45.0,131.0,,-400.0
142.0,493.0,,405.0,25.0,127.0,-75.0,308.0,,-371.0
95.0,379.0,,489.0,61.0,-91.0,-119.0,218.0,,-339.0
-46.0,193.0,,543.0,118.0,-229.0,-159.0,60.0,,-306.0
136.0,-69.0,,531.0,143.0,-305.0,-196.0,-140.0,,-273.0
247.0,-243.0,,522.0,179.0,-396.0,-228.0,-585.0,,-250.0
166.0,-239.0,,528.0,160.0,-356.0,-236.0,-591.0,,-221.0
41.0,-422.0,,539.0,124.0,-88.0,-238.0,-816.0,,-198.0
-9.0,-659.0,,534.0,129.0,108.0,-230.0,-679.0,,-185.0
43.0,-642.0,,523.0,98.0,148.0,-261.0,-661.0,,-173.0
109.0,-493.0,,493.0,91.0,52.0,-320.0,-618.0,,-160.0
118.0,-383.0,,453.0,132.0,83.0,-358.0,-362.0,,-136.0
42.0,-182.0,,422.0,120.0,-1.0,-413.0,-465.0,,-126.0
-65.0,121.0,,388.0,134.0,-325.0,-413.0,-262.0,,-104.0
26.0,282.0,,369.0,145.0,-660.0,-392.0,-458.0,,-63.0
80.0,237.0,,342.0,74.0,-1004.0,-392.0,-380.0,,-19.0
-36.0,238.0,,297.0,39.0,-1280.0,-377.0,-260.0,,41.0
-51.0,307.0,,259.0,-14.0,-1547.0,-392.0,-158.0,,95.0
-73.0,233.0,,228.0,-115.0,-1525.0,-383.0,242.0,,141.0
82.0,136.0,,245.0,-153.0,-1314.0,-324.0,214.0,,150.0
10.0,27.0,,296.0,-200.0,-1176.0,-297.0,570.0,,114.0
106.0,-103.0,,335.0,-229.0,-916.0,-315.0,530.0,,56.0
53.0,-61.0,,368.0,-177.0,-689.0,-338.0,450.0,,-33.0
-79.0,-105.0,,393.0,-164.0,-576.0,-342.0,402.0,,-140.0
133.0,-176.0,,445.0,-137.0,-596.0,-322.0,86.0,,-256.0
111.0,-76.0,,507.0,-70.0,-663.0,-294.0,55.0,,-363.0
135.0,-31.0,,533.0,-70.0,-707.0,-272.0,-236.0,,-444.0
-6.0,-9.0,,552.0,-37.0,-894.0,-271.0,-133.0,,-501.0
132.0,-122.0,,551.0,20.0,-1119.0,-297.0,-168.0,,-523.0
31.0,-142.0,,557.0,6.0,-1296.0,-308.0,-125.0,,-494.0
38.0,-36.0,,591.0,45.0,-1266.0,-300.0,60.0,,-441.0
162.0,-141.0,,603.0,84.0,-1105.0,-298.0,-73.0,,-366.0
75.0,-267.0,,591.0,69.0,-1052.0,-297.0,145.0,,-268.0
179.0,-293.0,,541.0,94.0,-962.0,-313.0,160.0,,-161.0
12.0,-215.0,,482.0,71.0,-643.0,-335.0,352.0,,-46.0
147.0,-296.0,,461.0,45.0,-183.0,-355.0,384.0,,85.0
28.0,-416.0,,447.0,67.0,120.0,-365.0,223.0,,224.0
120.0,-341.0,,435.0,31.0,251.0,-350.0,201.0,,353.0
76.0,-213.0,,423.0,19.0,292.0,-324.0,-140.0,,487.0
-149.0,-268.0,,403.0,43.0,314.0,-298.0,-94.0,,607.0
40.0,-406.0,,366.0,10.0,365.0,-307.0,-86.0,,718.0
135.0,-229.0,,322.0,22.0,401.0,-321.0,-12.0,,826.0
186.0,-127.0,,296.0,37.0,477.0,-321.0,131.0,,915.0
-177.0,-99.0,,241.0,-15.0,456.0,-318.0,42.0,,987.0
-201.0,-121.0,,214.0,1.0,197.0,-298.0,186.0,,1036.0
33.0,-50.0,,231.0,1.0,24.0,-297.0,133.0,,1062.0
84.0,225.0,,228.0,-42.0,118.0,-303.0,482.0,,1059.0
45.0,193.0,,207.0,-24.0,186.0,-316.0,827.0,,1034.0
-47.0,193.0,,152.0,-62.0,91.0,-338.0,988.0,,1002.0
-111.0,183.0,,109.0,-106.0,-48.0,-342.0,1254.0,,976.0
12.0,59.0,,85.0,-105.0,-20.0,-349.0,1014.0,,949.0
50.0,-142.0,,72.0,-160.0,208.0,-354.0,933.0,,924.0
4.0,-301.0,,53.0,-145.0,465.0,-358.0,661.0,,902.0
-29.0,-307.0,,84.0,-96.0,537.0,-352.0,522.0,,868.0
50.0,-276.0,,135.0,-130.0,397.0,-345.0,463.0,,823.0
81.0,-146.0,,118.0,-103.0,183.0,-356.0,212.0,,754.0
-145.0,-221.0,,124.0,-92.0,-180.0,-361.0,273.0,,678.0
19.0,-146.0,,145.0,-122.0,-546.0,-387.0,116.0,,607.0
7.0,-71.0,,170.0,-58.0,-965.0,-419.0,371.0,,548.0
134.0,-62.0,,155.0,-14.0,-1468.0,-440.0,559.0,,507.0
-20.0,-161.0,,114.0,23.0,-1619.0,-470.0,545.0,,473.0
-31.0,-352.0,,124.0,106.0,-1396.0,-494.0,437.0,,456.0
37.0,-246.0,,166.0,114.0,-1125.0,-523.0,44.0,,442.0
-48.0,-451.0,,170.0,121.0,-1066.0,-545.0,18.0,,429.0
113.0,-538.0,,112.0,168.0,-1000.0,-537.0,-127.0,,409.0
-183.0,-466.0,,77.0,154.0,-722.0,-501.0,101.0,,384.0
26.0,-503.0,,26.0,181.0,-470.0,-498.0,380.0,,362.0
-31.0,-436.0,,10.0,193.0,-417.0,-532.0,408.0,,330.0
47.0,-550.0,,16.0,112.0,-371.0,-569.0,567.0,,291.0
-141.0,-561.0,,-18.0,87.0,-282.0,-604.0,500.0,,228.0
-228.0,-315.0,,-65.0,22.0,-188.0,-609.0,633.0,,166.0
-3.0,-282.0,,-97.0,-46.0,101.0,-609.0,447.0,,95.0
-185.0,-255.0,,-97.0,-2.0,331.0,-613.0,168.0,,6.0
78.0,-48.0,,-141.0,5.0,507.0,-604.0,-112.0,,-74.0
-209.0,-183.0,,-198.0,24.0,709.0,-596.0,-495.0,,-142.0
-85.0,-153.0,,-231.0,97.0,879.0,-595.0,-247.0,,-195.0
-204.0,-17.0,,-223.0,106.0,1088.0,-594.0,3.0,,-229.0
-98.0,-14.0,,-200.0,117.0,1188.0,-610.0,504.0,,-231.0
40.0,101.0,,-196.0,126.0,1183.0,-613.0,761.0,,-217.0
-324.0,64.0,,-204.0,63.0,1281.0,-581.0,641.0,,-177.0
-167.0,119.0,,-238.0,55.0,1592.0,-550.0,672.0,,-124.0
-283.0,206.0,,-275.0,43.0,1705.0,-522.0,485.0,,-64.0
-110.0,176.0,,-302.0,-23.0,1629.0,-476.0,696.0,,6.0
-300.0,189.0,,-357.0,-15.0,1638.0,-428.0,752.0,,70.0
-359.0,240.0,,-415.0,-48.0,1709.0,-391.0,890.0,,148.0
-427.0,173.0,,-415.0,-130.0,1783.0,-344.0,1025.0,,222.0
-386.0,133.0,,-408.0,-156.0,1634.0,-302.0,803.0,,287.0
-213.0,217.0,,-421.0,-223.0,1521.0,-264.0,768.0,,343.0
-503.0,167.0,,-445.0,-246.0,1624.0,-239.0,410.0,,393.0
-392.0,185.0,,-480.0,-187.0,1673.0,-257.0,273.0,,452.0
-429.0,181.0,,-473.0,-161.0,1551.0,-268.0,114.0,,509.0
-414.0,55.0,,-435.0,-80.0,1349.0,-260.0,88.0,,578.0
-563.0,75.0,,-373.0,-4.0,1243.0,-253.0,267.0,,643.0
-561.0,156.0,,-311.0,-22.0,1328.0,-244.0,138.0,,693.0
-353.0,107.0,,-291.0,-8.0,1517.0,-230.0,219.0,,722.0
-457.0,-40.0,,-262.0,-20.0,1552.0,-222.0,-105.0,,716.0
-523.0,-41.0,,-192.0,-84.0,1477.0,-213.0,-277.0,,677.0
-636.0,-12.0,,-124.0,-83.0,1488.0,-196.0,-229.0,,610.0
-576.0,-102.0,,-98.0,-94.0,1504.0,-134.0,-157.0,,532.0
-424.0,-243.0,,-97.0,-77.0,1438.0,-57.0,291.0,,445.0
-545.0,-242.0,,-162.0,19.0,1161.0,-24.0,380.0,,366.0
-482.0,-21.0,,-229.0,49.0,787.0,24.0,615.0,,301.0
-520.0,-57.0,,-232.0,77.0,609.0,37.0,589.0,,254.0
-470.0,-227.0,,-250.0,111.0,626.0,31.0,526.0,,219.0
-369.0,-188.0,,-289.0,68.0,797.0,37.0,674.0,,198.0
-618.0,-80.0,,-358.0,94.0,1014.0,34.0,535.0,,188.0
-412.0,-125.0,,-406.0,138.0,1016.0,60.0,642.0,,182.0
-462.0,-311.0,,-449.0,124.0,807.0,43.0,408.0,,204.0
-275.0,-352.0,,-495.0,141.0,609.0,12.0,426.0,,231.0
-424.0,-313.0,,-487.0,97.0,524.0,10.0,517.0,,283.0
-485.0,-362.0,,-453.0,37.0,670.0,-1.0,480.0,,344.0
-299.0,-446.0,,-409.0,59.0,957.0,16.0,637.0,,404.0
-458.0,-289.0,,-396.0,16.0,1170.0,47.0,426.0,,467.0
-164.0,-65.0,,-392.0,-28.0,1319.0,67.0,537.0,,505.0
-378.0,-132.0,,-384.0,-12.0,1359.0,84.0,491.0,,547.0
-152.0,-209.0,,-368.0,-54.0,1362.0,81.0,532.0,,574.0
-456.0,-259.0,,-345.0,-46.0,1440.0,68.0,447.0,,602.0
-413.0,-222.0,,-320.0,-16.0,1431.0,62.0,24.0,,639.0
-215.0,-211.0,,-285.0,-57.0,1360.0,69.0,-110.0,,683.0
-363.0,-369.0,,-308.0,-61.0,1243.0,57.0,-471.0,,735.0
-90.0,-276.0,,-358.0,-92.0,995.0,24.0,-360.0,,779.0
-493.0,-124.0,,-402.0,-145.0,794.0,1.0,-338.0,,820.0
-233.0,-84.0,,-422.0,-121.0,613.0,-21.0,-321.0,,847.0
-358.0,-26.0,,-425.0,-128.0,701.0,-7.0,-177.0,,868.0
-215.0,82.0,,-452.0,-130.0,1303.0,-2.0,-424.0,,890.0
-240.0,83.0,,-458.0,-68.0,1942.0,-24.0,-256.0,,906.0
-263.0,-105.0,,-447.0,-59.0,2087.0,-37.0,-247.0,,912.0
-57.0,-156.0,,-422.0,-32.0,1759.0,-63.0,16.0,,901.0
-376.0,-212.0,,-415.0,27.0,1577.0,-82.0,312.0,,860.0
-105.0,-254.0,,-429.0,9.0,1650.0,-91.0,426.0,,789.0
-223.0,-257.0,,-374.0,23.0,1579.0,-87.0,602.0,,694.0
42.0,-305.0,,-261.0,28.0,1272.0,-84.0,319.0,,580.0
-225.0,-190.0,,-159.0,-21.0,982.0,-61.0,375.0,,463.0
-290.0,-83.0,,-197.0,-10.0,867.0,-36.0,273.0,,354.0
-82.0,-57.0,,-388.0,-41.0,863.0,-28.0,376.0,,261.0
-105.0,26.0,,-470.0,-82.0,959.0,-8.0,648.0,,185.0
-21.0,209.0,,-386.0,-46.0,985.0,-21.0,545.0,,133.0
-358.0,231.0,,-328.0,-44.0,942.0,-13.0,641.0,,89.0
-164.0,98.0,,-301.0,-15.0,922.0,9.0,271.0,,45.0
-188.0,72.0,,-254.0,41.0,880.0,0.0,40.0,,-3.0
9.0,-32.0,,-202.0,20.0,976.0,14.0,-109.0,,-62.0
-113.0,-114.0,,-173.0,14.0,1220.0,27.0,-158.0,,-111.0
-138.0,-150.0,,-217.0,-15.0,1356.0,29.0,96.0,,-156.0
-50.0,-41.0,,-308.0,-108.0,1304.0,48.0,127.0,,-189.0
13.0,168.0,,-344.0,-126.0,1281.0,67.0,412.0,,-212.0
-3.0,169.0,,-293.0,-143.0,1429.0,82.0,336.0,,-222.0
-130.0,215.0,,-269.0,-167.0,1521.0,86.0,267.0,,-220.0
81.0,231.0,,-226.0,-122.0,1345.0,73.0,149.0,,-229.0
-7.0,349.0,,-202.0,-127.0,1020.0,59.0,-168.0,,-242.0
125.0,264.0,,-263.0,-129.0,909.0,54.0,-134.0,,-273.0
-137.0,5.0,,-248.0,-91.0,1035.0,59.0,-380.0,,-304.0
117.0,20.0,,-229.0,-126.0,1043.0,69.0,-327.0,,-332.0
-88.0,-35.0,,-150.0,-153.0,992.0,88.0,-319.0,,-362.0
73.0,-148.0,,-127.0,-163.0,1057.0,98.0,-330.0,,-385.0
44.0,-320.0,,-314.0,-200.0,1208.0,112.0,-134.0,,-432.0
-55.0,-253.0,,-358.0,-159.0,1266.0,121.0,-297.0,,-456.0
177.0,-176.0,,-240.0,-121.0,1151.0,104.0,-195.0,,-471.0
-240.0,-335.0,,-184.0,-122.0,856.0,98.0,-243.0,,-483.0
173.0,-371.0,,-243.0,-62.0,252.0,106.0,-158.0,,-470.0
-324.0,-179.0,,-403.0,-38.0,-255.0,119.0,-101.0,,-455.0
214.0,-29.0,,-474.0,-30.0,-492.0,108.0,-334.0,,-409.0
-70.0,-122.0,,-460.0,15.0,-556.0,67.0,-384.0,,-355.0
-13.0,-25.0,,-432.0,18.0,-396.0,31.0,-635.0,,-294.0
0.0,138.0,,-269.0,61.0,-179.0,9.0,-532.0,,-232.0
-380.0,218.0,,-176.0,107.0,302.0,-4.0,-448.0,,-175.0
105.0,270.0,,-204.0,85.0,870.0,-20.0,-227.0,,-114.0
-498.0,357.0,,-211.0,111.0,1129.0,-43.0,129.0,,-62.0
208.0,514.0,,-221.0,107.0,1207.0,-48.0,83.0,,0.0
-552.0,538.0,,-197.0,45.0,1297.0,-37.0,147.0,,63.0
-234.0,400.0,,-202.0,32.0,1454.0,-36.0,-99.0,,114.0
-450.0,280.0,,-225.0,0.0,1407.0,-41.0,-94.0,,168.0
-512.0,233.0,,-214.0,-13.0,1209.0,-59.0,-72.0,,218.0
-106.0,163.0,,-194.0,19.0,1180.0,-74.0,-223.0,,258.0
-711.0,121.0,,-179.0,-15.0,1339.0,-82.0,-134.0,,286.0
-88.0,75.0,,-214.0,-30.0,1299.0,-94.0,-286.0,,310.0
-832.0,141.0,,-262.0,-8.0,874.0,-109.0,-194.0,,326.0
-58.0,194.0,,-283.0,-38.0,448.0,-98.0,-253.0,,332.0
-486.0,115.0,,-301.0,-14.0,119.0,-72.0,-256.0,,324.0
-354.0,122.0,,-314.0,16.0,-118.0,-68.0,-267.0,,304.0
-270.0,204.0,,-326.0,1.0,-404.0,-84.0,-508.0,,276.0
-485.0,236.0,,-304.0,26.0,-728.0,-104.0,-410.0,,241.0
6.0,150.0,,-219.0,-2.0,-707.0,-107.0,-678.0,,194.0
-697.0,40.0,,-180.0,-65.0,-494.0,-133.0,-800.0,,142.0
121.0,15.0,,-241.0,-75.0,-263.0,-165.0,-907.0,,99.0
-393.0,-24.0,,-272.0,-105.0,-287.0,-179.0,-1045.0,,63.0
-11.0,-98.0,,-288.0,-96.0,-496.0,-182.0,-894.0,,29.0
-213.0,-132.0,,-226.0,-54.0,-483.0,-180.0,-899.0,,19.0
-220.0,-140.0,,-82.0,-80.0,-616.0,-182.0,-594.0,,26.0
134.0,-123.0,,-25.0,-94.0,-908.0,-172.0,-559.0,,49.0
-295.0,-124.0,,-13.0,-104.0,-1089.0,-185.0,-447.0,,95.0
202.0,-74.0,,1.0,-135.0,-1014.0,-207.0,-286.0,,149.0
-322.0,34.0,,-5.0,-111.0,-653.0,-224.0,-328.0,,223.0
205.0,102.0,,7.0,-97.0,-180.0,-249.0,-142.0,,293.0
-84.0,142.0,,24.0,-102.0,106.0,-289.0,-319.0,,368.0
-29.0,176.0,,-62.0,-51.0,-42.0,-310.0,-232.0,,447.0
27.0,157.0,,-115.0,-44.0,-317.0,-294.0,-290.0,,513.0
-71.0,148.0,,-100.0,-3.0,-532.0,-283.0,-441.0,,584.0
224.0,107.0,,-77.0,44.0,-734.0,-291.0,-424.0,,629.0
-246.0,76.0,,-2.0,22.0,-1144.0,-305.0,-609.0,,637.0
81.0,152.0,,29.0,40.0,-1484.0,-308.0,-493.0,,609.0
-139.0,145.0,,43.0,-1.0,-1419.0,-325.0,-676.0,,541.0
106.0,174.0,,113.0,-12.0,-1408.0,-349.0,-659.0,,430.0
13.0,216.0,,191.0,-34.0,-1403.0,-386.0,-674.0,,300.0
-53.0,168.0,,217.0,-80.0,-1283.0,-433.0,-833.0,,162.0
80.0,26.0,,174.0,-84.0,-1046.0,-450.0,-752.0,,10.0
-75.0,-85.0,,126.0,-100.0,-949.0,-444.0,-1019.0,,-115.0
63.0,-78.0,,191.0,-74.0,-1189.0,-445.0,-938.0,,-223.0
-80.0,-76.0,,269.0,-87.0,-1223.0,-447.0,-1021.0,,-311.0
110.0,-29.0,,261.0,-101.0,-995.0,-450.0,-1021.0,,-366.0
47.0,-48.0,,231.0,-161.0,-635.0,-467.0,-875.0,,-410.0
-13.0,40.0,,186.0,-166.0,-296.0,-470.0,-971.0,,-434.0
1.0,122.0,,121.0,-143.0,-134.0,-503.0,-729.0,,-438.0
114.0,164.0,,48.0,-124.0,-52.0,-558.0,-851.0,,-436.0
150.0,294.0,,31.0,-38.0,-29.0,-560.0,-794.0,,-435.0
56.0,305.0,,38.0,-11.0,2.0,-515.0,-731.0,,-434.0
40.0,289.0,,-7.0,39.0,123.0,-475.0,-609.0,,-430.0
151.0,170.0,,-53.0,20.0,254.0,-478.0,-214.0,,-429.0
199.0,75.0,,-81.0,-8.0,151.0,-491.0,-205.0,,-442.0
120.0,56.0,,-72.0,-29.0,-50.0,-484.0,-1.0,,-471.0
149.0,51.0,,-40.0,-65.0,-117.0,-491.0,-83.0,,-499.0
187.0,-22.0,,-34.0,-95.0,-217.0,-502.0,-16.0,,-516.0
218.0,-90.0,,29.0,-149.0,-532.0,-467.0,88.0,,-523.0
159.0,-45.0,,68.0,-126.0,-954.0,-435.0,14.0,,-523.0
209.0,-138.0,,86.0,-124.0,-1206.0,-414.0,236.0,,-513.0
245.0,-223.0,,138.0,-82.0,-1247.0,-406.0,155.0,,-517.0
278.0,-239.0,,211.0,-80.0,-1282.0,-439.0,303.0,,-534.0
113.0,-199.0,,315.0,-82.0,-1317.0,-445.0,238.0,,-557.0
118.0,-161.0,,369.0,-18.0,-1049.0,-433.0,160.0,,-595.0
188.0,-152.0,,384.0,-39.0,-530.0,-416.0,275.0,,-639.0
307.0,-165.0,,339.0,-17.0,-270.0,-391.0,105.0,,-687.0
188.0,-124.0,,321.0,3.0,-371.0,-408.0,192.0,,-732.0
179.0,-17.0,,331.0,7.0,-316.0,-416.0,22.0,,-779.0
286.0,-8.0,,314.0,44.0,7.0,-410.0,-1.0,,-811.0
280.0,78.0,,314.0,35.0,235.0,-402.0,-81.0,,-823.0
304.0,144.0,,255.0,38.0,191.0,-388.0,-354.0,,-830.0
147.0,209.0,,227.0,55.0,47.0,-398.0,-380.0,,-815.0
386.0,258.0,,255.0,21.0,45.0,-390.0,-548.0,,-782.0
280.0,211.0,,276.0,28.0,141.0,-377.0,-291.0,,-736.0
446.0,165.0,,290.0,36.0,139.0,-371.0,-186.0,,-681.0
228.0,95.0,,272.0,3.0,-233.0,-359.0,-155.0,,-620.0
355.0,-77.0,,264.0,16.0,-774.0,-358.0,-88.0,,-567.0
416.0,-307.0,,287.0,-25.0,-1114.0,-345.0,-225.0,,-518.0
332.0,-412.0,,300.0,-38.0,-1235.0,-344.0,-134.0,,-485.0
558.0,-537.0,,268.0,1.0,-1260.0,-342.0,-400.0,,-478.0
256.0,-589.0,,263.0,-13.0,-1219.0,-312.0,-376.0,,-481.0
622.0,-587.0,,290.0,38.0,-899.0,-257.0,-306.0,,-493.0
230.0,-541.0,,314.0,60.0,-285.0,-222.0,-269.0,,-498.0
420.0,-469.0,,332.0,49.0,127.0,-171.0,0.0,,-498.0
346.0,-455.0,,318.0,80.0,-22.0,-88.0,-27.0,,-493.0
417.0,-411.0,,336.0,30.0,-219.0,-80.0,206.0,,-470.0
512.0,-405.0,,396.0,30.0,-81.0,-86.0,240.0,,-437.0
137.0,-307.0,,442.0,93.0,165.0,-69.0,386.0,,-411.0
406.0,-198.0,,456.0,90.0,311.0,-46.0,548.0,,-386.0
9.0,-86.0,,467.0,119.0,177.0,-57.0,537.0,,-354.0
332.0,-48.0,,464.0,93.0,-150.0,-79.0,750.0,,-324.0
79.0,83.0,,446.0,7.0,-306.0,-76.0,569.0,,-293.0
151.0,309.0,,488.0,-33.0,-440.0,-79.0,683.0,,-255.0
121.0,322.0,,557.0,-117.0,-775.0,-72.0,720.0,,-218.0
-110.0,359.0,,580.0,-142.0,-1178.0,-85.0,654.0,,-209.0
164.0,381.0,,584.0,-128.0,-1264.0,-73.0,752.0,,-222.0
-130.0,471.0,,581.0,-119.0,-854.0,-59.0,652.0,,-251.0
181.0,463.0,,602.0,-17.0,-690.0,-61.0,779.0,,-306.0
-43.0,394.0,,677.0,34.0,-965.0,-68.0,639.0,,-360.0
-20.0,501.0,,750.0,52.0,-1308.0,-98.0,707.0,,-397.0
121.0,488.0,,785.0,81.0,-1295.0,-85.0,722.0,,-423.0
45.0,450.0,,764.0,37.0,-1135.0,-54.0,604.0,,-427.0
187.0,370.0,,719.0,45.0,-1323.0,-19.0,733.0,,-418.0
-51.0,290.0,,707.0,55.0,-1491.0,-6.0,476.0,,-403.0
144.0,282.0,,711.0,42.0,-1425.0,-16.0,502.0,,-383.0
126.0,188.0,,719.0,112.0,-1006.0,-15.0,450.0,,-369.0
174.0,43.0,,675.0,114.0,-726.0,-15.0,423.0,,-347.0
254.0,-30.0,,566.0,112.0,-663.0,-7.0,413.0,,-329.0
112.0,33.0,,511.0,115.0,-402.0,23.0,232.0,,-309.0
257.0,15.0,,515.0,30.0,-48.0,74.0,506.0,,-284.0
156.0,-34.0,,532.0,35.0,230.0,107.0,596.0,,-274.0
272.0,-96.0,,488.0,10.0,177.0,116.0,962.0,,-251.0
207.0,-178.0,,422.0,-36.0,-119.0,90.0,1213.0,,-233.0
289.0,-184.0,,389.0,9.0,-409.0,58.0,1236.0,,-206.0
364.0,-328.0,,373.0,-16.0,-469.0,49.0,1335.0,,-165.0
159.0,-440.0,,408.0,7.0,-528.0,70.0,1042.0,,-124.0
180.0,-473.0,,412.0,47.0,-715.0,116.0,1091.0,,-64.0
188.0,-514.0,,404.0,15.0,-793.0,123.0,1079.0,,-21.0
308.0,-571.0,,404.0,54.0,-618.0,93.0,1332.0,,10.0
182.0,-551.0,,436.0,28.0,-216.0,77.0,1555.0,,38.0
262.0,-405.0,,489.0,-27.0,-5.0,85.0,1356.0,,51.0
222.0,-264.0,,498.0,-28.0,-166.0,113.0,1322.0,,48.0
224.0,-20.0,,519.0,-95.0,-325.0,121.0,925.0,,27.0
220.0,138.0,,505.0,-88.0,-221.0,122.0,809.0,,10.0
196.0,264.0,,527.0,-77.0,-45.0,114.0,624.0,,-4.0
314.0,420.0,,545.0,-125.0,27.0,62.0,526.0,,-14.0
200.0,473.0,,541.0,-45.0,-36.0,56.0,698.0,,-11.0
225.0,421.0,,593.0,3.0,23.0,105.0,572.0,,-20.0
96.0,354.0,,574.0,41.0,95.0,165.0,707.0,,-37.0
163.0,480.0,,527.0,144.0,98.0,213.0,467.0,,-56.0
171.0,505.0,,428.0,157.0,215.0,208.0,399.0,,-82.0
104.0,480.0,,317.0,207.0,313.0,179.0,528.0,,-108.0
104.0,579.0,,318.0,252.0,375.0,123.0,615.0,,-133.0
112.0,550.0,,306.0,215.0,420.0,97.0,857.0,,-145.0
122.0,412.0,,292.0,246.0,581.0,129.0,739.0,,-141.0
-10.0,245.0,,274.0,209.0,593.0,191.0,982.0,,-122.0
1.0,153.0,,199.0,143.0,474.0,243.0,958.0,,-90.0
42.0,172.0,,150.0,138.0,484.0,274.0,931.0,,-53.0
-11.0,218.0,,148.0,59.0,452.0,305.0,1119.0,,4.0
-23.0,227.0,,121.0,47.0,290.0,302.0,1154.0,,72.0
-9.0,91.0,,112.0,54.0,-131.0,311.0,1598.0,,136.0
25.0,30.0,,105.0,-7.0,-477.0,319.0,1714.0,,179.0
-23.0,37.0,,62.0,15.0,-506.0,296.0,1882.0,,201.0
-110.0,-137.0,,70.0,-14.0,-309.0,291.0,1792.0,,198.0
-89.0,-234.0,,102.0,-60.0,-37.0,319.0,1564.0,,171.0
-142.0,-164.0,,235.0,-20.0,235.0,377.0,1592.0,,130.0
-25.0,-1.0,,335.0,-36.0,480.0,418.0,1341.0,,68.0
-142.0,86.0,,231.0,-5.0,588.0,415.0,1480.0,,12.0
-154.0,62.0,,125.0,43.0,840.0,391.0,1380.0,,-27.0
-150.0,170.0,,55.0,9.0,1248.0,372.0,1291.0,,-47.0
-120.0,333.0,,131.0,45.0,1479.0,375.0,1226.0,,-46.0
-73.0,397.0,,276.0,74.0,1481.0,384.0,1053.0,,-31.0
-214.0,437.0,,341.0,61.0,1493.0,361.0,1189.0,,-12.0
-59.0,539.0,,357.0,102.0,1519.0,366.0,964.0,,-3.0
-85.0,561.0,,285.0,53.0,1377.0,411.0,1010.0,,1.0
-24.0,463.0,,283.0,-30.0,953.0,435.0,933.0,,-11.0
-159.0,200.0,,343.0,-58.0,471.0,462.0,803.0,,-43.0
-123.0,-187.0,,380.0,-134.0,285.0,480.0,822.0,,-97.0
-124.0,-367.0,,397.0,-147.0,235.0,507.0,687.0,,-168.0
-62.0,-504.0,,399.0,-94.0,188.0,528.0,929.0,,-237.0
31.0,-692.0,,397.0,-76.0,194.0,511.0,859.0,,-318.0
-29.0,-630.0,,405.0,-16.0,223.0,486.0,949.0,,-391.0
170.0,-516.0,,437.0,4.0,223.0,473.0,931.0,,-441.0
27.0,-425.0,,444.0,-49.0,233.0,481.0,750.0,,-468.0
82.0,-390.0,,465.0,-69.0,248.0,482.0,849.0,,-462.0
71.0,-379.0,,422.0,-93.0,304.0,462.0,611.0,,-425.0
267.0,-267.0,,377.0,-112.0,225.0,411.0,639.0,,-363.0
289.0,-303.0,,432.0,-64.0,-73.0,395.0,517.0,,-291.0
189.0,-347.0,,409.0,-43.0,-246.0,427.0,558.0,,-213.0
244.0,-296.0,,297.0,-50.0,-152.0,432.0,681.0,,-121.0
232.0,-134.0,,248.0,-17.0,-163.0,406.0,508.0,,-30.0
390.0,-55.0,,245.0,-28.0,-348.0,363.0,670.0,,64.0
305.0,-238.0,,266.0,-43.0,-189.0,348.0,502.0,,151.0
424.0,-435.0,,351.0,-31.0,81.0,352.0,611.0,,220.0
369.0,-539.0,,338.0,-58.0,277.0,343.0,783.0,,289.0
395.0,-617.0,,221.0,-38.0,367.0,346.0,905.0,,345.0
376.0,-701.0,,186.0,6.0,494.0,375.0,1252.0,,403.0
355.0,-651.0,,217.0,4.0,795.0,395.0,1210.0,,436.0
500.0,-588.0,,244.0,28.0,919.0,370.0,1302.0,,459.0
446.0,-448.0,,210.0,62.0,1054.0,343.0,1103.0,,483.0
542.0,-489.0,,103.0,48.0,1331.0,349.0,975.0,,506.0
457.0,-608.0,,11.0,40.0,1416.0,382.0,999.0,,543.0
490.0,-461.0,,0.0,42.0,1022.0,396.0,944.0,,579.0
521.0,-346.0,,65.0,23.0,612.0,358.0,1134.0,,621.0
478.0,-205.0,,107.0,27.0,290.0,328.0,994.0,,653.0
479.0,-129.0,,108.0,25.0,-109.0,315.0,1029.0,,687.0
489.0,50.0,,57.0,-9.0,-365.0,297.0,842.0,,712.0
560.0,156.0,,17.0,-11.0,-452.0,288.0,630.0,,729.0
485.0,0.0,,26.0,-1.0,-328.0,251.0,667.0,,752.0
540.0,-163.0,,12.0,2.0,-355.0,193.0,511.0,,763.0
529.0,-297.0,,17.0,54.0,-452.0,154.0,689.0,,778.0
489.0,-385.0,,7.0,108.0,-430.0,132.0,572.0,,782.0
413.0,-512.0,,2.0,107.0,-415.0,168.0,489.0,,779.0
422.0,-494.0,,-13.0,101.0,-433.0,233.0,410.0,,752.0
407.0,-484.0,,-2.0,74.0,-662.0,245.0,312.0,,692.0
373.0,-447.0,,8.0,11.0,-957.0,202.0,522.0,,611.0
414.0,-366.0,,-67.0,-11.0,-1162.0,132.0,441.0,,503.0
272.0,-360.0,,-141.0,-21.0,-1371.0,75.0,744.0,,390.0
326.0,-278.0,,-197.0,-66.0,-1574.0,35.0,862.0,,265.0
221.0,-266.0,,-229.0,-83.0,-1557.0,26.0,888.0,,134.0
264.0,-212.0,,-314.0,-111.0,-1348.0,21.0,975.0,,13.0
201.0,-117.0,,-401.0,-165.0,-1168.0,-3.0,639.0,,-124.0
313.0,-58.0,,-432.0,-144.0,-1065.0,3.0,519.0,,-254.0
312.0,-84.0,,-423.0,-132.0,-1057.0,7.0,182.0,,-378.0
38.0,-240.0,,-379.0,-154.0,-959.0,-19.0,181.0,,-501.0
141.0,-289.0,,-386.0,-116.0,-845.0,-62.0,362.0,,-604.0
74.0,-128.0,,-408.0,-113.0,-791.0,-108.0,502.0,,-704.0
344.0,102.0,,-427.0,-147.0,-891.0,-115.0,727.0,,-776.0
130.0,333.0,,-415.0,-135.0,-1315.0,-103.0,502.0,,-830.0
138.0,699.0,,-390.0,-161.0,-1638.0,-95.0,458.0,,-870.0
78.0,862.0,,-374.0,-196.0,-1656.0,-109.0,149.0,,-901.0
67.0,807.0,,-383.0,-168.0,-1549.0,-131.0,29.0,,-935.0
172.0,776.0,,-413.0,-183.0,-1554.0,-127.0,75.0,,-964.0
-29.0,667.0,,-380.0,-196.0,-1552.0,-130.0,-64.0,,-984.0
228.0,731.0,,-369.0,-172.0,-1423.0,-124.0,48.0,,-980.0
9.0,684.0,,-377.0,-221.0,-1341.0,-135.0,-264.0,,-952.0
126.0,556.0,,-404.0,-238.0,-1379.0,-180.0,-436.0,,-910.0
-122.0,517.0,,-478.0,-188.0,-1506.0,-200.0,-727.0,,-853.0
-83.0,277.0,,-520.0,-190.0,-1446.0,-198.0,-814.0,,-777.0
39.0,55.0,,-518.0,-163.0,-1300.0,-180.0,-506.0,,-706.0
-79.0,-133.0,,-477.0,-103.0,-1290.0,-129.0,-450.0,,-630.0
0.0,-233.0,,-448.0,-86.0,-1486.0,-89.0,-86.0,,-552.0
-173.0,-171.0,,-450.0,-12.0,-1602.0,-116.0,-77.0,,-487.0
0.0,-18.0,,-440.0,84.0,-1399.0,-173.0,-48.0,,-408.0
-206.0,55.0,,-432.0,109.0,-1243.0,-205.0,-99.0,,-334.0
-139.0,158.0,,-456.0,139.0,-1268.0,-186.0,-310.0,,-261.0
-150.0,284.0,,-484.0,164.0,-1201.0,-148.0,-142.0,,-180.0
-163.0,107.0,,-489.0,135.0,-1024.0,-123.0,-160.0,,-93.0
-106.0,3.0,,-460.0,138.0,-962.0,-104.0,131.0,,-7.0
-154.0,21.0,,-467.0,118.0,-791.0,-105.0,133.0,,67.0
-200.0,36.0,,-494.0,25.0,-517.0,-96.0,94.0,,135.0
-321.0,26.0,,-456.0,-26.0,-283.0,-96.0,147.0,,183.0
-256.0,-80.0,,-408.0,-78.0,-54.0,-104.0,-120.0,,230.0
-214.0,-67.0,,-420.0,-139.0,-24.0,-108.0,-64.0,,274.0
-129.0,35.0,,-477.0,-126.0,-166.0,-109.0,-232.0,,323.0
-201.0,0.0,,-528.0,-120.0,-373.0,-118.0,-107.0,,384.0
-287.0,-19.0,,-588.0,-136.0,-583.0,-121.0,-49.0,,449.0
-375.0,75.0,,-638.0,-128.0,-618.0,-59.0,-171.0,,529.0
-211.0,149.0,,-664.0,-160.0,-492.0,-12.0,-160.0,,609.0
-214.0,316.0,,-672.0,-183.0,-379.0,-3.0,-465.0,,699.0
-250.0,445.0,,-709.0,-142.0,-189.0,-13.0,-465.0,,790.0
-319.0,640.0,,-747.0,-122.0,293.0,-58.0,-805.0,,875.0
-328.0,801.0,,-760.0,-98.0,877.0,-102.0,-962.0,,957.0
-235.0,817.0,,-763.0,-42.0,971.0,-119.0,-936.0,,1029.0
-307.0,867.0,,-741.0,-33.0,681.0,-80.0,-1084.0,,1113.0
-245.0,869.0,,-735.0,-29.0,738.0,-20.0,-890.0,,1187.0
-432.0,929.0,,-698.0,18.0,1099.0,21.0,-1071.0,,1248.0
-365.0,847.0,,-644.0,40.0,1260.0,41.0,-1034.0,,1311.0
-300.0,786.0,,-642.0,52.0,1062.0,56.0,-1053.0,,1356.0
-302.0,681.0,,-638.0,61.0,834.0,67.0,-1091.0,,1395.0
-330.0,504.0,,-624.0,29.0,715.0,63.0,-1088.0,,1414.0
-392.0,372.0,,-582.0,54.0,614.0,58.0,-1422.0,,1413.0
-370.0,52.0,,-560.0,119.0,534.0,49.0,-1415.0,,1402.0
-474.0,-6.0,,-599.0,139.0,333.0,40.0,-1552.0,,1374.0
-395.0,16.0,,-633.0,162.0,323.0,48.0,-1422.0,,1356.0
-252.0,-110.0,,-666.0,162.0,471.0,46.0,-1254.0,,1320.0
-295.0,-196.0,,-662.0,135.0,457.0,59.0,-1202.0,,1272.0
-521.0,-246.0,,-636.0,148.0,511.0,77.0,-960.0,,1238.0
-568.0,-215.0,,-621.0,138.0,524.0,71.0,-1014.0,,1187.0
-495.0,-217.0,,-584.0,97.0,472.0,57.0,-879.0,,1136.0
-380.0,-280.0,,-578.0,86.0,467.0,9.0,-979.0,,1106.0
-423.0,-200.0,,-595.0,59.0,283.0,-31.0,-1014.0,,1071.0
-464.0,-9.0,,-588.0,46.0,10.0,-56.0,-968.0,,1039.0
-526.0,21.0,,-549.0,72.0,-210.0,-56.0,-1127.0,,1010.0
-552.0,133.0,,-485.0,48.0,-431.0,-18.0,-1040.0,,983.0
-480.0,329.0,,-448.0,21.0,-580.0,2.0,-1171.0,,950.0
-548.0,417.0,,-464.0,20.0,-782.0,10.0,-1043.0,,905.0
-474.0,423.0,,-473.0,-29.0,-1126.0,-16.0,-1042.0,,853.0
-563.0,353.0,,-477.0,-35.0,-1048.0,-55.0,-1171.0,,793.0
-520.0,352.0,,-501.0,19.0,-421.0,-76.0,-1204.0,,735.0
-549.0,354.0,,-500.0,58.0,162.0,-93.0,-1581.0,,690.0
-488.0,300.0,,-528.0,140.0,579.0,-66.0,-1566.0,,660.0
-372.0,185.0,,-564.0,210.0,844.0,-42.0,-1661.0,,633.0
-567.0,71.0,,-586.0,223.0,1087.0,-42.0,-1681.0,,616.0
-405.0,-34.0,,-643.0,253.0,1300.0,-60.0,-1622.0,,592.0
-374.0,-226.0,,-688.0,221.0,1304.0,-98.0,-1762.0,,555.0
-327.0,-403.0,,-702.0,133.0,1354.0,-110.0,-1638.0,,525.0
-371.0,-366.0,,-714.0,124.0,1322.0,-120.0,-1777.0,,496.0
-420.0,-246.0,,-701.0,111.0,1216.0,-134.0,-1696.0,,478.0
-279.0,-356.0,,-687.0,81.0,1039.0,-152.0,-1649.0,,470.0
-373.0,-358.0,,-657.0,84.0,662.0,-153.0,-1513.0,,460.0
-167.0,-168.0,,-590.0,30.0,394.0,-119.0,-1208.0,,442.0
-161.0,-151.0,,-536.0,-10.0,315.0,-92.0,-1243.0,,407.0
-176.0,-157.0,,-505.0,-8.0,245.0,-77.0,-1053.0,,353.0
-207.0,-37.0,,-497.0,-47.0,123.0,-56.0,-1274.0,,284.0
-244.0,81.0,,-467.0,-34.0,323.0,-37.0,-1448.0,,221.0
-1.0,129.0,,-423.0,11.0,839.0,-45.0,-1570.0,,158.0
-134.0,149.0,,-394.0,3.0,1182.0,-75.0,-1723.0,,115.0
35.0,47.0,,-372.0,30.0,1235.0,-129.0,-1574.0,,93.0
-139.0,74.0,,-404.0,14.0,1285.0,-161.0,-1733.0,,74.0
-103.0,189.0,,-451.0,-69.0,1619.0,-165.0,-1555.0,,79.0
69.0,81.0,,-477.0,-84.0,2075.0,-166.0,-1566.0,,84.0
44.0,65.0,,-513.0,-105.0,2245.0,-127.0,-1516.0,,92.0
129.0,34.0,,-546.0,-121.0,2038.0,-96.0,-1339.0,,107.0
-182.0,-31.0,,-549.0,-78.0,1876.0,-74.0,-1516.0,,115.0
176.0,-131.0,,-504.0,-89.0,1922.0,-26.0,-1448.0,,131.0
68.0,-260.0,,-453.0,-112.0,1884.0,-21.0,-1618.0,,144.0
165.0,-244.0,,-411.0,-98.0,1727.0,-40.0,-1507.0,,168.0
41.0,-243.0,,-366.0,-113.0,1611.0,-65.0,-1474.0,,204.0
-60.0,-279.0,,-317.0,-73.0,1641.0,-86.0,-1494.0,,270.0
89.0,-451.0,,-252.0,3.0,1796.0,-77.0,-1297.0,,359.0
-93.0,-393.0,,-214.0,31.0,1839.0,-52.0,-1455.0,,461.0
127.0,-276.0,,-195.0,118.0,1680.0,-20.0,-1396.0,,603.0
-262.0,-300.0,,-138.0,188.0,1602.0,-19.0,-1777.0,,743.0
-64.0,-168.0,,-77.0,174.0,1727.0,-28.0,-2106.0,,890.0
-218.0,2.0,,-39.0,191.0,1843.0,-10.0,-2191.0,,1026.0
-227.0,173.0,,-9.0,180.0,2009.0,17.0,-2241.0,,1141.0
-271.0,136.0,,26.0,165.0,2330.0,47.0,-1801.0,,1256.0
-323.0,154.0,,55.0,204.0,2491.0,67.0,-1611.0,,1351.0
-214.0,269.0,,57.0,172.0,2304.0,71.0,-1278.0,,1431.0
-537.0,316.0,,37.0,119.0,1842.0,61.0,-1221.0,,1492.0
-346.0,209.0,,31.0,88.0,1270.0,45.0,-1212.0,,1532.0
-509.0,62.0,,41.0,-7.0,840.0,62.0,-1064.0,,1541.0
-426.0,106.0,,64.0,-37.0,529.0,88.0,-1197.0,,1539.0
-568.0,13.0,,100.0,-13.0,417.0,78.0,-872.0,,1503.0
-477.0,6.0,,117.0,-29.0,557.0,24.0,-776.0,,1443.0
-505.0,91.0,,129.0,35.0,646.0,-42.0,-576.0,,1383.0
-549.0,248.0,,167.0,126.0,759.0,-57.0,-493.0,,1293.0
-520.0,507.0,,169.0,179.0,888.0,-57.0,-727.0,,1189.0
-574.0,553.0,,127.0,240.0,1051.0,-48.0,-746.0,,1084.0
-522.0,581.0,,103.0,202.0,1129.0,-1.0,-1023.0,,979.0
-658.0,562.0,,92.0,106.0,835.0,48.0,-909.0,,893.0
-490.0,395.0,,88.0,51.0,560.0,78.0,-855.0,,822.0
-600.0,238.0,,88.0,-50.0,440.0,98.0,-683.0,,763.0
-479.0,138.0,,80.0,-107.0,235.0,115.0,-393.0,,718.0
-554.0,73.0,,87.0,-101.0,-48.0,123.0,-517.0,,666.0
-487.0,-21.0,,121.0,-136.0,-191.0,119.0,-648.0,,632.0
-527.0,-164.0,,138.0,-103.0,-185.0,114.0,-1188.0,,602.0
-411.0,-333.0,,125.0,-63.0,-143.0,117.0,-1426.0,,572.0
-344.0,-395.0,,107.0,-59.0,-83.0,107.0,-1564.0,,561.0
-464.0,-376.0,,78.0,15.0,-115.0,90.0,-1474.0,,541.0
-292.0,-426.0,,52.0,26.0,-146.0,74.0,-999.0,,530.0
-327.0,-340.0,,27.0,18.0,-162.0,52.0,-901.0,,516.0
-144.0,-83.0,,10.0,107.0,-310.0,44.0,-709.0,,514.0
-320.0,-9.0,,-27.0,162.0,-321.0,52.0,-910.0,,539.0
-151.0,-55.0,,-72.0,216.0,-115.0,55.0,-1003.0,,582.0
-167.0,35.0,,-91.0,259.0,142.0,37.0,-1005.0,,639.0
-69.0,146.0,,-107.0,198.0,285.0,12.0,-1031.0,,695.0
40.0,26.0,,-110.0,150.0,243.0,14.0,-735.0,,747.0
-177.0,-166.0,,-103.0,98.0,229.0,41.0,-842.0,,791.0
-127.0,-128.0,,-105.0,15.0,176.0,64.0,-707.0,,833.0
-134.0,-140.0,,-105.0,7.0,186.0,87.0,-727.0,,867.0
29.0,-273.0,,-93.0,-18.0,255.0,110.0,-681.0,,886.0
-177.0,-412.0,,-85.0,-63.0,290.0,144.0,-417.0,,886.0
-104.0,-419.0,,-77.0,-25.0,300.0,158.0,-375.0,,853.0
-122.0,-278.0,,-70.0,-14.0,66.0,132.0,64.0,,796.0
-144.0,-334.0,,-76.0,-10.0,-304.0,130.0,142.0,,717.0
-170.0,-416.0,,-127.0,22.0,-714.0,129.0,230.0,,628.0
-193.0,-316.0,,-167.0,-16.0,-1086.0,140.0,229.0,,551.0
-8.0,-91.0,,-159.0,0.0,-1197.0,163.0,84.0,,486.0
-132.0,-100.0,,-132.0,44.0,-1056.0,168.0,166.0,,437.0
-36.0,-190.0,,-79.0,13.0,-839.0,170.0,-40.0,,402.0
-166.0,-58.0,,-58.0,44.0,-704.0,181.0,123.0,,381.0
-48.0,-23.0,,-44.0,67.0,-632.0,219.0,142.0,,384.0
-25.0,-96.0,,-15.0,62.0,-413.0,208.0,267.0,,392.0
26.0,-220.0,,-6.0,107.0,-137.0,164.0,415.0,,420.0
74.0,-121.0,,-5.0,71.0,-36.0,148.0,197.0,,460.0
3.0,129.0,,3.0,21.0,-224.0,147.0,284.0,,510.0
172.0,127.0,,32.0,15.0,-353.0,166.0,127.0,,566.0
-7.0,-17.0,,69.0,-47.0,-150.0,155.0,238.0,,604.0
154.0,-9.0,,114.0,-39.0,-70.0,127.0,312.0,,640.0
44.0,111.0,,148.0,14.0,-265.0,113.0,293.0,,663.0
145.0,78.0,,170.0,16.0,-482.0,107.0,434.0,,678.0
106.0,28.0,,199.0,77.0,-391.0,95.0,223.0,,682.0
127.0,137.0,,193.0,102.0,-80.0,74.0,210.0,,660.0
274.0,306.0,,159.0,83.0,184.0,45.0,-11.0,,622.0
-39.0,292.0,,142.0,143.0,354.0,19.0,7.0,,572.0
177.0,178.0,,138.0,150.0,348.0,26.0,160.0,,523.0
-43.0,267.0,,114.0,133.0,355.0,46.0,295.0,,489.0
199.0,388.0,,108.0,156.0,398.0,60.0,777.0,,479.0
106.0,323.0,,131.0,96.0,254.0,48.0,846.0,,477.0
72.0,170.0,,119.0,58.0,7.0,27.0,1005.0,,474.0
136.0,89.0,,123.0,58.0,-177.0,22.0,872.0,,469.0
-125.0,61.0,,136.0,-10.0,-347.0,6.0,779.0,,458.0
219.0,-49.0,,131.0,-34.0,-526.0,0.0,925.0,,445.0
-96.0,-143.0,,131.0,-60.0,-677.0,-8.0,727.0,,435.0
124.0,-209.0,,108.0,-112.0,-645.0,0.0,801.0,,424.0
-42.0,-238.0,,97.0,-91.0,-282.0,24.0,604.0,,424.0
-3.0,-179.0,,81.0,-115.0,83.0,5.0,661.0,,422.0
49.0,-177.0,,62.0,-139.0,120.0,-30.0,831.0,,409.0
-183.0,-161.0,,70.0,-70.0,93.0,-67.0,814.0,,392.0
139.0,-149.0,,88.0,-38.0,275.0,-87.0,981.0,,357.0
-127.0,-157.0,,128.0,-2.0,477.0,-76.0,844.0,,334.0
83.0,-87.0,,147.0,54.0,417.0,-63.0,964.0,,306.0
-11.0,-33.0,,151.0,37.0,304.0,-69.0,800.0,,282.0
114.0,-81.0,,144.0,59.0,290.0,-81.0,545.0,,267.0
156.0,-56.0,,125.0,98.0,152.0,-88.0,356.0,,251.0
25.0,42.0,,117.0,61.0,-114.0,-110.0,-14.0,,244.0
130.0,92.0,,114.0,67.0,-467.0,-129.0,-27.0,,228.0
-6.0,115.0,,115.0,49.0,-643.0,-158.0,-225.0,,228.0
257.0,-18.0,,110.0,-30.0,-597.0,-185.0,-59.0,,236.0
178.0,-68.0,,130.0,-31.0,-666.0,-211.0,210.0,,265.0
155.0,-79.0,,175.0,-19.0,-772.0,-241.0,454.0,,302.0
51.0,-300.0,,231.0,-23.0,-766.0,-239.0,757.0,,340.0
142.0,-515.0,,292.0,3.0,-753.0,-219.0,622.0,,392.0
182.0,-488.0,,355.0,-6.0,-782.0,-204.0,801.0,,443.0
86.0,-376.0,,394.0,6.0,-740.0,-221.0,846.0,,497.0
133.0,-562.0,,403.0,57.0,-547.0,-253.0,1010.0,,538.0
50.0,-654.0,,414.0,17.0,-369.0,-288.0,1226.0,,583.0
76.0,-431.0,,400.0,-29.0,-223.0,-317.0,1265.0,,632.0
-34.0,-253.0,,370.0,-21.0,-70.0,-316.0,1509.0,,672.0
57.0,-321.0,,348.0,-45.0,-113.0,-316.0,1306.0,,712.0
3.0,-497.0,,325.0,-43.0,-278.0,-313.0,1322.0,,737.0
109.0,-395.0,,292.0,-37.0,-404.0,-326.0,1306.0,,733.0
85.0,-273.0,,261.0,-96.0,-436.0,-353.0,1310.0,,723.0
56.0,-458.0,,238.0,-123.0,-300.0,-352.0,1402.0,,707.0
96.0,-615.0,,221.0,-137.0,-77.0,-341.0,1117.0,,677.0
64.0,-520.0,,228.0,-165.0,47.0,-331.0,1147.0,,644.0
229.0,-415.0,,201.0,-100.0,250.0,-316.0,1027.0,,592.0
70.0,-492.0,,175.0,-35.0,596.0,-321.0,1103.0,,529.0
271.0,-557.0,,163.0,-6.0,663.0,-338.0,1073.0,,458.0
224.0,-369.0,,128.0,46.0,621.0,-359.0,894.0,,392.0
222.0,-80.0,,107.0,50.0,584.0,-405.0,894.0,,319.0
262.0,-52.0,,75.0,57.0,444.0,-419.0,495.0,,239.0
262.0,-127.0,,59.0,83.0,401.0,-403.0,460.0,,155.0
365.0,-20.0,,87.0,48.0,338.0,-395.0,332.0,,62.0
261.0,-14.0,,109.0,32.0,212.0,-397.0,539.0,,-6.0
521.0,-209.0,,139.0,59.0,214.0,-443.0,999.0,,-64.0
362.0,-384.0,,186.0,61.0,429.0,-487.0,1016.0,,-103.0
447.0,-401.0,,219.0,90.0,578.0,-487.0,1082.0,,-135.0
441.0,-286.0,,258.0,116.0,454.0,-460.0,711.0,,-164.0
502.0,-276.0,,326.0,108.0,142.0,-416.0,569.0,,-184.0
574.0,-312.0,,374.0,149.0,-191.0,-402.0,260.0,,-207.0
471.0,-176.0,,384.0,168.0,-207.0,-427.0,-68.0,,-223.0
692.0,-18.0,,377.0,164.0,33.0,-448.0,-12.0,,-242.0
438.0,21.0,,370.0,220.0,237.0,-459.0,-42.0,,-254.0
720.0,14.0,,354.0,251.0,469.0,-454.0,325.0,,-244.0
642.0,94.0,,333.0,241.0,759.0,-425.0,319.0,,-206.0
608.0,172.0,,322.0,231.0,927.0,-394.0,426.0,,-154.0
556.0,32.0,,326.0,180.0,991.0,-369.0,606.0,,-91.0
564.0,-136.0,,352.0,145.0,1068.0,-361.0,703.0,,-23.0
826.0,-173.0,,392.0,139.0,1171.0,-359.0,1152.0,,41.0
455.0,-216.0,,429.0,68.0,1254.0,-353.0,1204.0,,99.0
629.0,-358.0,,451.0,26.0,1074.0,-327.0,1358.0,,146.0
406.0,-419.0,,467.0,0.0,603.0,-303.0,1197.0,,197.0
598.0,-362.0,,468.0,-71.0,152.0,-299.0,907.0,,247.0
452.0,-322.0,,466.0,-76.0,-22.0,-272.0,761.0,,295.0
361.0,-239.0,,491.0,-99.0,-8.0,-251.0,541.0,,332.0
512.0,-168.0,,499.0,-146.0,-75.0,-242.0,692.0,,346.0
265.0,-57.0,,486.0,-131.0,-196.0,-235.0,600.0,,350.0
506.0,-102.0,,480.0,-148.0,-357.0,-258.0,812.0,,333.0
132.0,-175.0,,452.0,-153.0,-521.0,-261.0,1036.0,,290.0
353.0,36.0,,424.0,-110.0,-653.0,-257.0,1073.0,,228.0
228.0,101.0,,383.0,-140.0,-849.0,-252.0,1079.0,,127.0
295.0,50.0,,332.0,-173.0,-950.0,-225.0,554.0,,8.0
264.0,87.0,,290.0,-198.0,-847.0,-210.0,399.0,,-128.0
134.0,199.0,,258.0,-264.0,-732.0,-179.0,291.0,,-269.0
371.0,224.0,,246.0,-257.0,-952.0,-136.0,339.0,,-381.0
113.0,140.0,,238.0,-246.0,-1345.0,-107.0,463.0,,-486.0
264.0,189.0,,252.0,-256.0,-1413.0,-79.0,406.0,,-550.0
36.0,333.0,,248.0,-192.0,-1312.0,-84.0,570.0,,-587.0
284.0,450.0,,221.0,-164.0,-1405.0,-109.0,354.0,,-598.0
121.0,384.0,,200.0,-150.0,-1569.0,-125.0,334.0,,-577.0
164.0,426.0,,188.0,-80.0,-1500.0,-122.0,312.0,,-545.0
181.0,625.0,,190.0,-40.0,-1145.0,-98.0,349.0,,-495.0
42.0,710.0,,217.0,15.0,-972.0,-79.0,618.0,,-451.0
234.0,642.0,,245.0,66.0,-1224.0,-57.0,556.0,,-404.0
45.0,480.0,,269.0,47.0,-1410.0,-26.0,652.0,,-354.0
274.0,492.0,,285.0,73.0,-1425.0,-23.0,495.0,,-310.0
58.0,506.0,,263.0,88.0,-1542.0,-37.0,458.0,,-266.0
246.0,385.0,,268.0,43.0,-1820.0,-43.0,441.0,,-228.0
69.0,302.0,,248.0,34.0,-2134.0,-57.0,236.0,,-174.0
106.0,421.0,,215.0,3.0,-2320.0,-51.0,247.0,,-115.0
228.0,554.0,,221.0,-24.0,-2396.0,-20.0,-49.0,,-67.0
107.0,473.0,,211.0,-7.0,-2514.0,10.0,-94.0,,-16.0
178.0,419.0,,197.0,-30.0,-2618.0,56.0,-16.0,,21.0
-4.0,505.0,,198.0,-14.0,-2499.0,81.0,273.0,,52.0
253.0,541.0,,204.0,44.0,-2133.0,67.0,558.0,,79.0
3.0,321.0,,197.0,20.0,-1717.0,54.0,467.0,,88.0
168.0,319.0,,216.0,-2.0,-1598.0,34.0,556.0,,81.0
113.0,563.0,,233.0,9.0,-1723.0,6.0,232.0,,49.0
98.0,589.0,,231.0,10.0,-1906.0,2.0,-42.0,,2.0
182.0,458.0,,241.0,62.0,-2032.0,-13.0,-450.0,,-68.0
78.0,416.0,,256.0,88.0,-2101.0,-23.0,-877.0,,-149.0
311.0,605.0,,283.0,71.0,-2221.0,-5.0,-824.0,,-220.0
146.0,682.0,,290.0,70.0,-2246.0,-6.0,-927.0,,-289.0
247.0,573.0,,273.0,20.0,-2087.0,-23.0,-713.0,,-349.0
106.0,404.0,,280.0,8.0,-1706.0,-18.0,-694.0,,-410.0
252.0,430.0,,314.0,54.0,-1329.0,-1.0,-474.0,,-469.0
362.0,515.0,,339.0,49.0,-1164.0,26.0,-62.0,,-522.0
359.0,420.0,,359.0,62.0,-1175.0,54.0,-38.0,,-558.0
373.0,403.0,,385.0,75.0,-1249.0,57.0,184.0,,-587.0
206.0,405.0,,420.0,37.0,-1231.0,75.0,84.0,,-612.0
410.0,411.0,,430.0,26.0,-1230.0,91.0,201.0,,-628.0
386.0,315.0,,444.0,-11.0,-1312.0,99.0,269.0,,-643.0
439.0,241.0,,471.0,-95.0,-1439.0,88.0,284.0,,-652.0
358.0,198.0,,485.0,-127.0,-1429.0,68.0,572.0,,-645.0
332.0,88.0,,494.0,-161.0,-1128.0,91.0,509.0,,-620.0
323.0,-79.0,,482.0,-175.0,-846.0,114.0,576.0,,-590.0
261.0,-363.0,,508.0,-120.0,-664.0,115.0,301.0,,-545.0
289.0,-511.0,,550.0,-119.0,-495.0,113.0,127.0,,-497.0
171.0,-636.0,,551.0,-123.0,-425.0,127.0,151.0,,-447.0
170.0,-739.0,,533.0,-104.0,-468.0,177.0,197.0,,-385.0
129.0,-749.0,,492.0,-135.0,-635.0,233.0,633.0,,-334.0
98.0,-654.0,,459.0,-101.0,-717.0,281.0,591.0,,-298.0
15.0,-473.0,,448.0,-61.0,-708.0,303.0,633.0,,-269.0
72.0,-268.0,,453.0,-74.0,-820.0,300.0,376.0,,-265.0
107.0,0.0,,444.0,-24.0,-1111.0,325.0,-83.0,,-273.0
99.0,220.0,,418.0,10.0,-1385.0,355.0,-269.0,,-284.0
129.0,386.0,,378.0,0.0,-1463.0,386.0,-580.0,,-325.0
168.0,436.0,,311.0,-1.0,-1525.0,394.0,-362.0,,-365.0
225.0,485.0,,256.0,-43.0,-1573.0,367.0,-408.0,,-399.0
113.0,451.0,,214.0,-51.0,-1509.0,367.0,-258.0,,-432.0
206.0,236.0,,161.0,-5.0,-1326.0,397.0,-38.0,,-438.0
242.0,73.0,,144.0,-33.0,-1109.0,425.0,-120.0,,-441.0
276.0,-90.0,,145.0,-44.0,-927.0,425.0,-73.0,,-432.0
326.0,-278.0,,151.0,-33.0,-840.0,426.0,-565.0,,-413.0
305.0,-470.0,,166.0,-100.0,-964.0,417.0,-792.0,,-393.0
274.0,-556.0,,166.0,-120.0,-1231.0,413.0,-977.0,,-375.0
252.0,-520.0,,188.0,-118.0,-1447.0,426.0,-837.0,,-371.0
383.0,-531.0,,211.0,-109.0,-1399.0,403.0,-498.0,,-359.0
319.0,-573.0,,182.0,-48.0,-1138.0,377.0,-493.0,,-333.0
322.0,-516.0,,140.0,-24.0,-881.0,355.0,-343.0,,-305.0
325.0,-424.0,,129.0,-9.0,-733.0,351.0,-594.0,,-277.0
293.0,-487.0,,109.0,28.0,-751.0,349.0,-506.0,,-250.0
303.0,-520.0,,86.0,-10.0,-835.0,339.0,-347.0,,-220.0
290.0,-413.0,,79.0,-59.0,-811.0,341.0,-208.0,,-200.0
308.0,-303.0,,89.0,-31.0,-788.0,332.0,90.0,,-186.0
161.0,-257.0,,117.0,-28.0,-953.0,323.0,-53.0,,-168.0
218.0,-186.0,,134.0,20.0,-1191.0,333.0,-49.0,,-155.0
247.0,-9.0,,163.0,30.0,-1418.0,361.0,-169.0,,-143.0
193.0,134.0,,194.0,11.0,-1481.0,346.0,-166.0,,-141.0
159.0,156.0,,238.0,38.0,-1273.0,308.0,-210.0,,-139.0
109.0,98.0,,283.0,-2.0,-1181.0,294.0,-430.0,,-144.0
192.0,75.0,,290.0,-36.0,-1204.0,274.0,-297.0,,-161.0
88.0,70.0,,298.0,-91.0,-1152.0,257.0,-266.0,,-178.0
118.0,84.0,,290.0,-82.0,-1077.0,244.0,70.0,,-201.0
121.0,7.0,,266.0,-52.0,-1057.0,225.0,162.0,,-212.0
73.0,-26.0,,243.0,-13.0,-1142.0,214.0,42.0,,-214.0
90.0,114.0,,207.0,14.0,-1176.0,201.0,-12.0,,-201.0
29.0,152.0,,160.0,15.0,-1126.0,172.0,-343.0,,-169.0
85.0,234.0,,116.0,53.0,-1020.0,152.0,-328.0,,-132.0
57.0,336.0,,85.0,23.0,-972.0,144.0,-558.0,,-73.0
153.0,436.0,,83.0,76.0,-853.0,143.0,-487.0,,-6.0
114.0,531.0,,76.0,78.0,-718.0,148.0,-349.0,,67.0
86.0,532.0,,49.0,64.0,-619.0,127.0,-469.0,,154.0
176.0,493.0,,25.0,97.0,-577.0,129.0,-312.0,,228.0
141.0,456.0,,-11.0,102.0,-941.0,153.0,-469.0,,295.0
215.0,485.0,,-33.0,124.0,-1239.0,155.0,-279.0,,362.0
291.0,365.0,,-26.0,92.0,-1236.0,126.0,-328.0,,424.0
418.0,256.0,,-19.0,91.0,-1171.0,79.0,-310.0,,471.0
337.0,210.0,,-38.0,37.0,-1264.0,79.0,-120.0,,505.0
347.0,121.0,,-67.0,-12.0,-1452.0,88.0,-336.0,,529.0
448.0,67.0,,-85.0,-3.0,-1345.0,82.0,-199.0,,530.0
507.0,80.0,,-129.0,19.0,-994.0,59.0,-375.0,,525.0
593.0,188.0,,-151.0,82.0,-596.0,7.0,-367.0,,522.0
593.0,232.0,,-147.0,86.0,-395.0,-9.0,-369.0,,504.0
680.0,205.0,,-167.0,80.0,-275.0,15.0,-375.0,,486.0
584.0,133.0,,-176.0,110.0,-117.0,39.0,-125.0,,463.0
612.0,69.0,,-168.0,119.0,29.0,54.0,-266.0,,419.0
630.0,-90.0,,-131.0,139.0,70.0,51.0,-138.0,,338.0
604.0,-206.0,,-104.0,139.0,60.0,23.0,-288.0,,240.0
668.0,-194.0,,-108.0,128.0,64.0,16.0,-408.0,,134.0
607.0,-260.0,,-124.0,136.0,-98.0,25.0,-356.0,,34.0
524.0,-229.0,,-166.0,98.0,-274.0,18.0,-395.0,,-41.0
402.0,-127.0,,-218.0,58.0,-521.0,14.0,-288.0,,-111.0
475.0,-5.0,,-240.0,42.0,-678.0,7.0,-524.0,,-180.0
497.0,66.0,,-233.0,31.0,-514.0,-11.0,-528.0,,-253.0
400.0,175.0,,-250.0,-17.0,-258.0,-30.0,-598.0,,-312.0
332.0,362.0,,-227.0,-54.0,-189.0,-9.0,-731.0,,-373.0
308.0,478.0,,-177.0,-81.0,-427.0,26.0,-809.0,,-416.0
355.0,557.0,,-160.0,-65.0,-589.0,31.0,-1025.0,,-436.0
345.0,582.0,,-133.0,-32.0,-489.0,14.0,-903.0,,-460.0
273.0,675.0,,-105.0,-63.0,-375.0,-17.0,-988.0,,-451.0
184.0,685.0,,-90.0,-33.0,-502.0,-46.0,-896.0,,-445.0
175.0,600.0,,-74.0,-43.0,-677.0,-43.0,-733.0,,-454.0
224.0,504.0,,-44.0,-68.0,-638.0,-34.0,-594.0,,-472.0
208.0,356.0,,-23.0,-69.0,-569.0,-33.0,-181.0,,-513.0
112.0,221.0,,-9.0,-91.0,-763.0,-24.0,-99.0,,-538.0
163.0,57.0,,6.0,-37.0,-1039.0,-38.0,68.0,,-552.0
138.0,-24.0,,26.0,4.0,-969.0,-65.0,38.0,,-565.0
79.0,-10.0,,44.0,33.0,-657.0,-74.0,127.0,,-551.0
114.0,41.0,,34.0,66.0,-370.0,-52.0,223.0,,-516.0
69.0,25.0,,-1.0,70.0,-258.0,-53.0,-33.0,,-487.0
67.0,-46.0,,-27.0,105.0,-218.0,-85.0,103.0,,-462.0
-16.0,-61.0,,-34.0,118.0,-192.0,-99.0,46.0,,-444.0
-1.0,-46.0,,-48.0,92.0,-271.0,-114.0,295.0,,-430.0
-13.0,-79.0,,-68.0,102.0,-488.0,-121.0,460.0,,-413.0
-16.0,-178.0,,-101.0,91.0,-838.0,-113.0,458.0,,-374.0
25.0,-170.0,,-145.0,77.0,-976.0,-111.0,622.0,,-304.0
-74.0,-141.0,,-185.0,72.0,-829.0,-117.0,371.0,,-235.0
-67.0,-219.0,,-219.0,24.0,-674.0,-129.0,439.0,,-167.0
-83.0,-376.0,,-236.0,14.0,-534.0,-151.0,199.0,,-104.0
-9.0,-455.0,,-245.0,11.0,-342.0,-150.0,64.0,,-43.0
-95.0,-447.0,,-277.0,25.0,-77.0,-130.0,-109.0,,7.0
-167.0,-404.0,,-279.0,96.0,252.0,-126.0,-447.0,,33.0
-92.0,-336.0,,-240.0,102.0,490.0,-116.0,-280.0,,40.0
-88.0,-340.0,,-237.0,108.0,540.0,-133.0,-487.0,,23.0
-27.0,-322.0,,-244.0,128.0,432.0,-151.0,-373.0,,-7.0
-159.0,-338.0,,-187.0,100.0,364.0,-149.0,-421.0,,-50.0
-149.0,-334.0,,-128.0,145.0,636.0,-157.0,-469.0,,-95.0
-118.0,-279.0,,-83.0,176.0,904.0,-165.0,-358.0,,-152.0
-85.0,-218.0,,-30.0,169.0,840.0,-177.0,-674.0,,-220.0
-41.0,-152.0,,-13.0,178.0,788.0,-182.0,-696.0,,-289.0
-152.0,-108.0,,34.0,82.0,923.0,-203.0,-1023.0,,-340.0
-105.0,41.0,,67.0,30.0,1118.0,-237.0,-1066.0,,-354.0
-116.0,188.0,,87.0,5.0,1187.0,-263.0,-994.0,,-356.0
-167.0,196.0,,89.0,-88.0,1131.0,-262.0,-899.0,,-337.0
-141.0,132.0,,45.0,-87.0,1279.0,-252.0,-484.0,,-318.0
-171.0,134.0,,19.0,-113.0,1519.0,-255.0,-556.0,,-321.0
-110.0,155.0,,27.0,-168.0,1420.0,-222.0,-399.0,,-351.0
-154.0,152.0,,53.0,-173.0,1374.0,-199.0,-417.0,,-421.0
-241.0,139.0,,50.0,-246.0,1537.0,-177.0,-363.0,,-501.0
-223.0,202.0,,60.0,-244.0,1780.0,-150.0,-182.0,,-583.0
-263.0,305.0,,37.0,-194.0,1922.0,-148.0,-323.0,,-666.0
-147.0,203.0,,-4.0,-190.0,1727.0,-151.0,-101.0,,-730.0
-280.0,116.0,,-26.0,-94.0,1720.0,-176.0,-136.0,,-767.0
-318.0,160.0,,-60.0,-47.0,1757.0,-221.0,49.0,,-793.0
-385.0,176.0,,-79.0,-18.0,1700.0,-269.0,171.0,,-792.0
-384.0,68.0,,-101.0,42.0,1803.0,-305.0,51.0,,-780.0
-301.0,-76.0,,-123.0,-31.0,2099.0,-344.0,127.0,,-757.0
-502.0,-134.0,,-131.0,-84.0,2408.0,-368.0,-120.0,,-722.0
-374.0,-179.0,,-134.0,-152.0,2586.0,-387.0,-131.0,,-688.0
-548.0,-210.0,,-128.0,-262.0,2791.0,-386.0,-360.0,,-647.0
-469.0,-271.0,,-114.0,-282.0,2845.0,-361.0,-471.0,,-612.0
-535.0,-239.0,,-89.0,-298.0,2970.0,-381.0,-360.0,,-587.0
-532.0,-174.0,,-52.0,-269.0,2968.0,-411.0,-306.0,,-574.0
-531.0,-248.0,,-22.0,-237.0,2818.0,-439.0,97.0,,-562.0
-704.0,-210.0,,14.0,-251.0,2852.0,-455.0,208.0,,-560.0
-449.0,-37.0,,34.0,-212.0,2815.0,-454.0,395.0,,-542.0
-619.0,152.0,,24.0,-182.0,2808.0,-447.0,339.0,,-501.0
-453.0,282.0,,-5.0,-138.0,2797.0,-425.0,149.0,,-455.0
-581.0,277.0,,-55.0,-45.0,2652.0,-419.0,86.0,,-397.0
-508.0,299.0,,-103.0,3.0,2431.0,-425.0,-120.0,,-348.0
-502.0,372.0,,-142.0,62.0,2367.0,-428.0,-24.0,,-304.0
-574.0,323.0,,-156.0,77.0,2451.0,-436.0,-46.0,,-283.0
-427.0,225.0,,-152.0,49.0,2335.0,-442.0,195.0,,-286.0
-592.0,219.0,,-165.0,60.0,1944.0,-425.0,351.0,,-317.0
-408.0,219.0,,-183.0,5.0,1640.0,-396.0,218.0,,-373.0
-559.0,151.0,,-191.0,0.0,1717.0,-383.0,94.0,,-430.0
-501.0,130.0,,-207.0,25.0,1916.0,-373.0,-151.0,,-504.0
-614.0,256.0,,-204.0,-5.0,1983.0,-367.0,131.0,,-568.0
-543.0,362.0,,-186.0,24.0,1940.0,-352.0,388.0,,-623.0
-521.0,400.0,,-179.0,-13.0,1786.0,-325.0,718.0,,-659.0
-629.0,529.0,,-177.0,-60.0,1576.0,-311.0,914.0,,-678.0
-561.0,712.0,,-197.0,-44.0,1487.0,-291.0,763.0,,-695.0
-613.0,827.0,,-214.0,-125.0,1436.0,-261.0,812.0,,-698.0
-535.0,860.0,,-219.0,-150.0,1478.0,-231.0,541.0,,-686.0
-706.0,861.0,,-197.0,-131.0,1525.0,-210.0,306.0,,-654.0
-563.0,771.0,,-169.0,-141.0,1529.0,-199.0,-66.0,,-609.0
-674.0,549.0,,-159.0,-63.0,1751.0,-195.0,-260.0,,-557.0
-536.0,306.0,,-133.0,-40.0,1843.0,-188.0,-181.0,,-488.0
-496.0,109.0,,-117.0,7.0,1746.0,-169.0,-277.0,,-408.0
-577.0,-29.0,,-98.0,118.0,1820.0,-146.0,-49.0,,-350.0
-552.0,-78.0,,-78.0,106.0,1878.0,-130.0,24.0,,-305.0
-524.0,-96.0,,-64.0,128.0,1660.0,-133.0,264.0,,-267.0
-278.0,-129.0,,-39.0,150.0,1306.0,-139.0,334.0,,-246.0
-421.0,-147.0,,-10.0,112.0,1019.0,-151.0,194.0,,-211.0
-228.0,-118.0,,18.0,154.0,923.0,-145.0,86.0,,-177.0
-281.0,-67.0,,44.0,153.0,963.0,-121.0,-317.0,,-139.0
-146.0,-117.0,,65.0,161.0,909.0,-84.0,-136.0,,-99.0
-142.0,-166.0,,65.0,191.0,701.0,-58.0,57.0,,-66.0
-121.0,-160.0,,70.0,139.0,431.0,-77.0,382.0,,-37.0
65.0,-204.0,,59.0,145.0,6.0,-79.0,667.0,,-10.0
-32.0,-279.0,,36.0,130.0,-444.0,-55.0,430.0,,30.0
163.0,-380.0,,48.0,85.0,-737.0,-46.0,391.0,,75.0
15.0,-420.0,,91.0,98.0,-935.0,-40.0,351.0,,121.0
211.0,-401.0,,129.0,44.0,-1031.0,-17.0,790.0,,166.0
187.0,-372.0,,144.0,16.0,-1204.0,-1.0,1156.0,,215.0
227.0,-318.0,,168.0,6.0,-1323.0,27.0,1269.0,,266.0
257.0,-303.0,,171.0,-66.0,-1296.0,35.0,1276.0,,329.0
147.0,-236.0,,190.0,-71.0,-1243.0,-6.0,931.0,,398.0
304.0,-166.0,,261.0,-77.0,-1129.0,-38.0,1049.0,,476.0
72.0,-146.0,,341.0,-41.0,-1143.0,-51.0,1114.0,,568.0
193.0,-68.0,,433.0,62.0,-1333.0,-36.0,1156.0,,660.0
42.0,38.0,,449.0,67.0,-1439.0,-12.0,973.0,,737.0
128.0,129.0,,394.0,66.0,-1558.0,0.0,702.0,,780.0
107.0,147.0,,353.0,18.0,-1732.0,17.0,916.0,,800.0
32.0,167.0,,330.0,-86.0,-1798.0,39.0,1058.0,,787.0
152.0,206.0,,313.0,-81.0,-1796.0,61.0,1496.0,,746.0
-117.0,212.0,,337.0,-99.0,-1571.0,74.0,1559.0,,693.0
24.0,222.0,,384.0,-102.0,-1476.0,85.0,1470.0,,621.0
-150.0,223.0,,340.0,-41.0,-1508.0,109.0,1282.0,,554.0
-33.0,199.0,,280.0,-74.0,-1466.0,115.0,707.0,,485.0
-135.0,136.0,,265.0,-76.0,-1448.0,83.0,687.0,,409.0
-199.0,69.0,,253.0,-76.0,-1283.0,21.0,618.0,,326.0
-148.0,56.0,,228.0,-121.0,-1265.0,-32.0,1049.0,,236.0
-344.0,89.0,,241.0,-51.0,-1412.0,-30.0,1439.0,,157.0
-113.0,110.0,,234.0,-46.0,-1484.0,-4.0,1175.0,,81.0
-356.0,163.0,,198.0,-73.0,-1465.0,17.0,720.0,,26.0
-221.0,226.0,,204.0,-18.0,-1424.0,9.0,75.0,,-7.0
-228.0,266.0,,162.0,-34.0,-1606.0,-26.0,376.0,,-15.0
-130.0,249.0,,180.0,30.0,-1898.0,-32.0,779.0,,6.0
-162.0,149.0,,186.0,146.0,-1724.0,-18.0,1103.0,,35.0
-303.0,55.0,,207.0,175.0,-1227.0,-19.0,1106.0,,82.0
-84.0,-15.0,,260.0,262.0,-853.0,-36.0,567.0,,137.0
-197.0,-98.0,,205.0,280.0,-674.0,-28.0,521.0,,197.0
-24.0,-230.0,,184.0,257.0,-534.0,-8.0,450.0,,278.0
-168.0,-271.0,,214.0,304.0,-144.0,-1.0,979.0,,359.0
-42.0,-277.0,,270.0,250.0,112.0,0.0,1428.0,,434.0
-118.0,-346.0,,301.0,204.0,-24.0,-1.0,1529.0,,493.0
-65.0,-437.0,,307.0,199.0,-303.0,24.0,1568.0,,514.0
-2.0,-444.0,,297.0,127.0,-365.0,58.0,1282.0,,513.0
-135.0,-347.0,,314.0,135.0,-419.0,116.0,1613.0,,482.0
75.0,-353.0,,339.0,153.0,-626.0,180.0,1797.0,,435.0
-23.0,-305.0,,325.0,94.0,-667.0,210.0,1999.0,,380.0
22.0,-149.0,,330.0,84.0,-443.0,222.0,1792.0,,311.0
-169.0,-15.0,,329.0,36.0,0.0,202.0,1276.0,,261.0
56.0,13.0,,327.0,-20.0,225.0,191.0,1280.0,,211.0
93.0,47.0,,273.0,-11.0,283.0,177.0,1127.0,,163.0
43.0,219.0,,242.0,-73.0,184.0,151.0,1430.0,,127.0
36.0,291.0,,235.0,-83.0,104.0,154.0,1389.0,,93.0
10.0,267.0,,228.0,-64.0,379.0,168.0,1245.0,,70.0
116.0,225.0,,213.0,-119.0,616.0,152.0,1285.0,,54.0
-60.0,172.0,,134.0,-92.0,523.0,152.0,1145.0,,43.0
5.0,28.0,,140.0,-103.0,207.0,172.0,1452.0,,37.0
-105.0,-178.0,,189.0,-176.0,68.0,197.0,1428.0,,26.0
76.0,-288.0,,223.0,-172.0,-27.0,229.0,1476.0,,0.0
-15.0,-357.0,,287.0,-201.0,-194.0,219.0,1265.0,,-31.0
-41.0,-433.0,,295.0,-219.0,-313.0,219.0,1056.0,,-63.0
-150.0,-518.0,,302.0,-178.0,-135.0,204.0,1319.0,,-105.0
-58.0,-434.0,,347.0,-194.0,260.0,185.0,1359.0,,-135.0
111.0,-242.0,,393.0,-174.0,250.0,197.0,1688.0,,-156.0
-122.0,-156.0,,458.0,-116.0,52.0,196.0,1552.0,,-170.0
17.0,-129.0,,463.0,-101.0,4.0,204.0,1426.0,,-174.0
-56.0,-47.0,,412.0,-52.0,238.0,215.0,1278.0,,-180.0
79.0,59.0,,396.0,-45.0,544.0,236.0,958.0,,-185.0
-106.0,7.0,,394.0,-56.0,633.0,242.0,1152.0,,-194.0
1.0,-118.0,,352.0,-12.0,688.0,226.0,1099.0,,-209.0
-62.0,-132.0,,317.0,-31.0,838.0,209.0,1239.0,,-224.0
-60.0,-119.0,,266.0,-15.0,1100.0,179.0,1138.0,,-243.0
75.0,-314.0,,179.0,75.0,1199.0,166.0,1152.0,,-262.0
-131.0,-572.0,,148.0,112.0,1030.0,185.0,1346.0,,-285.0
40.0,-634.0,,106.0,162.0,874.0,213.0,1289.0,,-306.0
-110.0,-591.0,,41.0,203.0,824.0,208.0,1583.0,,-328.0
110.0,-587.0,,2.0,189.0,806.0,169.0,1435.0,,-355.0
-115.0,-590.0,,-44.0,218.0,788.0,142.0,1419.0,,-395.0
-117.0,-425.0,,-11.0,202.0,687.0,157.0,1184.0,,-437.0
-48.0,-224.0,,6.0,130.0,717.0,186.0,818.0,,-458.0
-120.0,-184.0,,-44.0,91.0,1058.0,202.0,733.0,,-465.0
5.0,-218.0,,-18.0,33.0,1517.0,195.0,362.0,,-433.0
-208.0,-124.0,,10.0,36.0,1786.0,164.0,482.0,,-363.0
-56.0,-11.0,,26.0,75.0,1934.0,132.0,460.0,,-278.0
-180.0,-46.0,,0.0,47.0,2379.0,120.0,582.0,,-178.0
65.0,-55.0,,-75.0,35.0,2663.0,136.0,637.0,,-92.0
-31.0,2.0,,-78.0,16.0,2547.0,157.0,338.0,,-8.0
-105.0,24.0,,-83.0,-21.0,2477.0,188.0,341.0,,62.0
-36.0,-118.0,,-135.0,2.0,2362.0,194.0,149.0,,130.0
-106.0,-228.0,,-181.0,18.0,2245.0,159.0,402.0,,202.0
65.0,-171.0,,-208.0,33.0,2153.0,134.0,709.0,,261.0
-140.0,-148.0,,-211.0,67.0,1884.0,132.0,1012.0,,309.0
46.0,-235.0,,-161.0,27.0,1711.0,145.0,1193.0,,334.0
-162.0,-342.0,,-146.0,-11.0,1734.0,161.0,857.0,,356.0
-97.0,-294.0,,-161.0,-25.0,1753.0,181.0,997.0,,372.0
-124.0,-264.0,,-176.0,-91.0,1832.0,187.0,1164.0,,377.0
-271.0,-371.0,,-212.0,-97.0,1707.0,168.0,1370.0,,377.0
-216.0,-461.0,,-210.0,-79.0,1189.0,145.0,1247.0,,362.0
-306.0,-427.0,,-239.0,-93.0,741.0,144.0,785.0,,355.0
-83.0,-351.0,,-217.0,-47.0,736.0,135.0,655.0,,344.0
-399.0,-334.0,,-166.0,-46.0,1133.0,134.0,502.0,,331.0
-279.0,-280.0,,-176.0,-62.0,1483.0,135.0,785.0,,328.0
-338.0,-149.0,,-167.0,15.0,1704.0,90.0,949.0,,322.0
-290.0,0.0,,-154.0,51.0,2195.0,87.0,909.0,,307.0
-238.0,66.0,,-128.0,83.0,2639.0,101.0,886.0,,269.0
-316.0,146.0,,-101.0,129.0,2720.0,96.0,713.0,,216.0
-145.0,306.0,,-114.0,96.0,2667.0,107.0,885.0,,170.0
-310.0,364.0,,-94.0,94.0,2662.0,128.0,838.0,,126.0
-131.0,293.0,,-61.0,67.0,2849.0,150.0,685.0,,91.0
-310.0,263.0,,-54.0,-22.0,2886.0,123.0,332.0,,60.0
-215.0,248.0,,-68.0,-34.0,2680.0,81.0,-48.0,,46.0
-170.0,146.0,,-103.0,-58.0,2545.0,43.0,18.0,,47.0
-91.0,32.0,,-128.0,-91.0,2264.0,26.0,57.0,,45.0
-98.0,-82.0,,-169.0,-47.0,1973.0,13.0,358.0,,61.0
-256.0,-198.0,,-207.0,-50.0,1798.0,-14.0,454.0,,71.0
-81.0,-320.0,,-248.0,-41.0,1596.0,-8.0,321.0,,91.0
-159.0,-333.0,,-243.0,26.0,1702.0,-5.0,81.0,,115.0
-20.0,-178.0,,-250.0,22.0,1878.0,23.0,-452.0,,139.0
-108.0,-60.0,,-266.0,48.0,1831.0,54.0,-678.0,,179.0
-71.0,-13.0,,-258.0,96.0,1830.0,56.0,-805.0,,199.0
-122.0,43.0,,-288.0,66.0,2029.0,45.0,-474.0,,211.0
-65.0,119.0,,-261.0,80.0,2477.0,9.0,-142.0,,209.0
-9.0,156.0,,-244.0,66.0,2767.0,-11.0,-195.0,,207.0
-97.0,104.0,,-262.0,-21.0,2739.0,-25.0,-110.0,,197.0
-31.0,76.0,,-285.0,-61.0,2578.0,-31.0,-151.0,,192.0
-54.0,126.0,,-295.0,-139.0,2476.0,-39.0,125.0,,212.0
56.0,60.0,,-319.0,-219.0,2496.0,-44.0,179.0,,220.0
-42.0,-84.0,,-329.0,-210.0,2427.0,-30.0,12.0,,240.0
132.0,-110.0,,-306.0,-234.0,2293.0,-48.0,-77.0,,265.0
-1.0,-85.0,,-323.0,-224.0,2013.0,-74.0,-279.0,,300.0
36.0,-61.0,,-330.0,-156.0,1781.0,-99.0,-66.0,,345.0
172.0,-81.0,,-358.0,-143.0,1838.0,-125.0,-72.0,,384.0
66.0,-59.0,,-372.0,-43.0,1886.0,-142.0,60.0,,422.0
181.0,118.0,,-384.0,101.0,1957.0,-155.0,55.0,,440.0
4.0,189.0,,-394.0,140.0,2260.0,-139.0,-136.0,,445.0
187.0,58.0,,-386.0,167.0,2554.0,-127.0,18.0,,440.0
13.0,-5.0,,-366.0,146.0,2646.0,-130.0,-55.0,,423.0
0.0,41.0,,-351.0,85.0,2589.0,-148.0,186.0,,404.0
91.0,27.0,,-366.0,72.0,2464.0,-159.0,75.0,,387.0
55.0,-105.0,,-394.0,10.0,2256.0,-121.0,-79.0,,372.0
136.0,-212.0,,-440.0,-40.0,2074.0,-98.0,-175.0,,369.0
-115.0,-134.0,,-467.0,-7.0,2060.0,-110.0,-493.0,,376.0
25.0,-57.0,,-484.0,-29.0,2015.0,-121.0,-448.0,,383.0
-190.0,-166.0,,-481.0,-51.0,1867.0,-129.0,-652.0,,400.0
-89.0,-171.0,,-524.0,-53.0,1525.0,-123.0,-423.0,,416.0
-130.0,-21.0,,-556.0,-131.0,1102.0,-136.0,-395.0,,434.0
-303.0,0.0,,-536.0,-181.0,1003.0,-157.0,-432.0,,449.0
-186.0,-81.0,,-544.0,-242.0,1223.0,-154.0,-356.0,,459.0
-333.0,-211.0,,-536.0,-328.0,1389.0,-166.0,-565.0,,475.0
-263.0,-280.0,,-532.0,-295.0,1343.0,-172.0,-291.0,,487.0
-579.0,-305.0,,-540.0,-257.0,1193.0,-158.0,-460.0,,501.0
-405.0,-439.0,,-577.0,-246.0,952.0,-141.0,-473.0,,511.0
-379.0,-541.0,,-601.0,-177.0,941.0,-152.0,-559.0,,526.0
-442.0,-470.0,,-624.0,-156.0,1245.0,-190.0,-644.0,,558.0
-450.0,-388.0,,-642.0,-145.0,1363.0,-211.0,-434.0,,586.0
-558.0,-404.0,,-653.0,-97.0,1214.0,-228.0,-667.0,,628.0
-463.0,-334.0,,-702.0,-123.0,1136.0,-230.0,-585.0,,675.0
-626.0,-203.0,,-703.0,-106.0,1249.0,-241.0,-801.0,,718.0
-433.0,-118.0,,-718.0,-76.0,1367.0,-247.0,-829.0,,765.0
-551.0,-108.0,,-745.0,-128.0,1283.0,-237.0,-803.0,,810.0
-493.0,-151.0,,-731.0,-113.0,1076.0,-243.0,-1032.0,,845.0
-486.0,-191.0,,-720.0,-103.0,1072.0,-222.0,-995.0,,859.0
-498.0,-243.0,,-743.0,-124.0,1402.0,-216.0,-1171.0,,864.0
-512.0,-225.0,,-720.0,-78.0,1763.0,-223.0,-1014.0,,841.0
-586.0,-204.0,,-666.0,-63.0,1765.0,-226.0,-1082.0,,801.0
-391.0,-186.0,,-667.0,-16.0,1654.0,-244.0,-1149.0,,750.0
-509.0,-199.0,,-630.0,104.0,1782.0,-246.0,-1165.0,,695.0
-367.0,-226.0,,-595.0,141.0,1880.0,-215.0,-1387.0,,649.0
-417.0,-184.0,,-570.0,179.0,1938.0,-165.0,-1215.0,,594.0
-418.0,-182.0,,-549.0,237.0,1822.0,-137.0,-1287.0,,543.0
-470.0,-173.0,,-565.0,219.0,1602.0,-136.0,-1252.0,,494.0
-411.0,-75.0,,-569.0,238.0,1621.0,-156.0,-1435.0,,456.0
-290.0,104.0,,-605.0,220.0,1705.0,-191.0,-1742.0,,429.0
-358.0,145.0,,-668.0,131.0,1628.0,-213.0,-1714.0,,417.0
-271.0,44.0,,-685.0,89.0,1382.0,-221.0,-1770.0,,415.0
-362.0,44.0,,-689.0,-14.0,1577.0,-242.0,-1465.0,,405.0
-290.0,57.0,,-713.0,-138.0,1957.0,-269.0,-1330.0,,398.0
-329.0,-52.0,,-740.0,-188.0,2009.0,-295.0,-1125.0,,382.0
-246.0,-172.0,,-774.0,-259.0,1803.0,-322.0,-787.0,,361.0
-228.0,-145.0,,-762.0,-276.0,1519.0,-305.0,-685.0,,344.0
-134.0,-28.0,,-756.0,-243.0,1531.0,-294.0,-456.0,,320.0
-46.0,0.0,,-781.0,-294.0,1561.0,-296.0,-685.0,,305.0
-133.0,-32.0,,-803.0,-306.0,1445.0,-286.0,-796.0,,304.0
-2.0,54.0,,-837.0,-285.0,1070.0,-274.0,-861.0,,304.0
-1.0,131.0,,-856.0,-295.0,1004.0,-251.0,-1025.0,,331.0
106.0,38.0,,-895.0,-245.0,1392.0,-255.0,-909.0,,382.0
-42.0,-125.0,,-896.0,-237.0,1396.0,-268.0,-1038.0,,449.0
80.0,-172.0,,-847.0,-247.0,1093.0,-275.0,-949.0,,530.0
241.0,-141.0,,-791.0,-198.0,713.0,-275.0,-1082.0,,603.0
67.0,-249.0,,-758.0,-243.0,419.0,-255.0,-1162.0,,672.0
45.0,-443.0,,-750.0,-286.0,285.0,-225.0,-1032.0,,735.0
-91.0,-436.0,,-726.0,-246.0,254.0,-196.0,-1143.0,,785.0
79.0,-228.0,,-699.0,-240.0,146.0,-201.0,-1112.0,,825.0
85.0,-201.0,,-635.0,-186.0,-40.0,-239.0,-1409.0,,861.0
39.0,-261.0,,-578.0,-149.0,-233.0,-265.0,-1356.0,,906.0
-67.0,-164.0,,-512.0,-173.0,-340.0,-241.0,-1313.0,,947.0
-226.0,5.0,,-462.0,-98.0,-200.0,-185.0,-1383.0,,999.0
-49.0,41.0,,-417.0,-57.0,-1.0,-158.0,-1322.0,,1049.0
-174.0,-104.0,,-352.0,-67.0,137.0,-186.0,-1666.0,,1074.0
-127.0,-47.0,,-329.0,-14.0,191.0,-227.0,-1716.0,,1094.0
-199.0,133.0,,-328.0,-41.0,454.0,-218.0,-1934.0,,1108.0
-187.0,113.0,,-321.0,-74.0,712.0,-168.0,-1888.0,,1120.0
-198.0,12.0,,-269.0,-60.0,733.0,-136.0,-1807.0,,1138.0
-365.0,77.0,,-224.0,-112.0,765.0,-124.0,-1912.0,,1166.0
-202.0,276.0,,-189.0,-99.0,632.0,-120.0,-1805.0,,1187.0
-340.0,290.0,,-145.0,-67.0,380.0,-140.0,-2102.0,,1205.0
-156.0,181.0,,-88.0,-115.0,125.0,-154.0,-1967.0,,1211.0
-183.0,244.0,,-41.0,-101.0,-109.0,-151.0,-1943.0,,1192.0
-217.0,416.0,,-8.0,-108.0,-342.0,-154.0,-1832.0,,1160.0
-210.0,410.0,,17.0,-142.0,-740.0,-168.0,-1618.0,,1102.0
-297.0,324.0,,-6.0,-96.0,-1078.0,-167.0,-1674.0,,1040.0
-99.0,402.0,,10.0,-86.0,-918.0,-147.0,-1367.0,,963.0
-267.0,474.0,,89.0,-52.0,-493.0,-123.0,-1537.0,,871.0
-77.0,354.0,,129.0,18.0,-294.0,-123.0,-1481.0,,777.0
-120.0,145.0,,130.0,17.0,-331.0,-116.0,-1457.0,,677.0
-111.0,-2.0,,127.0,60.0,-424.0,-83.0,-1413.0,,595.0
-111.0,-140.0,,114.0,96.0,-422.0,-63.0,-1053.0,,520.0
-196.0,-329.0,,190.0,45.0,-387.0,-35.0,-1175.0,,455.0
-35.0,-434.0,,276.0,48.0,-578.0,-32.0,-1201.0,,404.0
-176.0,-310.0,,284.0,18.0,-1093.0,-32.0,-1553.0,,364.0
59.0,-152.0,,260.0,-55.0,-1389.0,0.0,-1544.0,,331.0
-77.0,-147.0,,242.0,-60.0,-1265.0,36.0,-1326.0,,291.0
-134.0,-153.0,,231.0,-106.0,-1155.0,73.0,-1287.0,,254.0
-100.0,-62.0,,240.0,-116.0,-1204.0,105.0,-1073.0,,217.0
-104.0,68.0,,256.0,-68.0,-1208.0,133.0,-1374.0,,179.0
34.0,141.0,,200.0,-102.0,-781.0,115.0,-1454.0,,145.0
-124.0,173.0,,217.0,-85.0,-324.0,77.0,-1674.0,,134.0
65.0,161.0,,280.0,-47.0,-376.0,79.0,-1760.0,,139.0
-92.0,104.0,,309.0,-49.0,-643.0,118.0,-1622.0,,159.0
-25.0,-10.0,,343.0,-2.0,-726.0,141.0,-1688.0,,190.0
-31.0,-99.0,,369.0,-7.0,-827.0,129.0,-1385.0,,222.0
-155.0,-117.0,,377.0,-20.0,-1245.0,129.0,-1354.0,,257.0
-110.0,-178.0,,352.0,23.0,-1755.0,149.0,-1182.0,,283.0
-208.0,-220.0,,356.0,-13.0,-2087.0,169.0,-1223.0,,314.0
58.0,-261.0,,363.0,-59.0,-2176.0,176.0,-1407.0,,341.0
-180.0,-253.0,,440.0,-61.0,-2159.0,180.0,-1428.0,,379.0
-70.0,-249.0,,487.0,-87.0,-1968.0,193.0,-1755.0,,421.0
-102.0,-272.0,,429.0,-46.0,-1765.0,210.0,-1714.0,,459.0
-124.0,-162.0,,418.0,3.0,-1578.0,228.0,-1829.0,,489.0
-65.0,-30.0,,382.0,-13.0,-1272.0,222.0,-1794.0,,489.0
-217.0,16.0,,300.0,19.0,-1124.0,197.0,-1675.0,,486.0
80.0,18.0,,234.0,39.0,-1081.0,185.0,-1649.0,,474.0
-178.0,120.0,,211.0,31.0,-1089.0,186.0,-1406.0,,453.0
-12.0,167.0,,235.0,58.0,-880.0,199.0,-1502.0,,425.0
-158.0,64.0,,236.0,29.0,-575.0,212.0,-1437.0,,387.0
-212.0,-11.0,,185.0,19.0,-601.0,206.0,-1589.0,,343.0
-25.0,13.0,,143.0,76.0,-664.0,222.0,-1631.0,,295.0
-90.0,84.0,,96.0,105.0,-701.0,245.0,-1444.0,,243.0
76.0,-7.0,,104.0,154.0,-585.0,236.0,-1446.0,,180.0
-159.0,-81.0,,105.0,193.0,-522.0,208.0,-1291.0,,140.0
16.0,-29.0,,55.0,153.0,-763.0,203.0,-1546.0,,105.0
-63.0,-7.0,,72.0,122.0,-849.0,215.0,-1613.0,,70.0
-10.0,-83.0,,137.0,74.0,-822.0,221.0,-1681.0,,56.0
-5.0,-198.0,,207.0,-19.0,-845.0,215.0,-1805.0,,39.0
-121.0,-162.0,,226.0,-66.0,-1126.0,193.0,-1644.0,,23.0
30.0,-162.0,,271.0,-102.0,-1608.0,186.0,-1760.0,,26.0
-113.0,-290.0,,270.0,-128.0,-1657.0,185.0,-1690.0,,39.0
-59.0,-379.0,,271.0,-107.0,-1189.0,211.0,-1768.0,,74.0
-247.0,-334.0,,339.0,-119.0,-644.0,206.0,-1710.0,,116.0
-178.0,-226.0,,368.0,-135.0,-598.0,172.0,-1564.0,,169.0
-12.0,-222.0,,364.0,-131.0,-792.0,167.0,-1576.0,,229.0
-59.0,-169.0,,312.0,-156.0,-688.0,151.0,-1265.0,,288.0
-134.0,44.0,,282.0,-130.0,-575.0,144.0,-1206.0,,355.0
-185.0,276.0,,239.0,-78.0,-682.0,117.0,-999.0,,400.0
-24.0,396.0,,195.0,-74.0,-1041.0,100.0,-896.0,,433.0
-48.0,422.0,,145.0,-36.0,-1242.0,118.0,-870.0,,459.0
-7.0,526.0,,163.0,33.0,-1274.0,129.0,-729.0,,472.0
-28.0,590.0,,170.0,77.0,-1612.0,139.0,-846.0,,488.0
14.0,445.0,,184.0,132.0,-1851.0,157.0,-707.0,,486.0
55.0,283.0,,221.0,128.0,-1797.0,196.0,-713.0,,484.0
59.0,238.0,,169.0,62.0,-1741.0,204.0,-498.0,,470.0
65.0,248.0,,228.0,44.0,-1938.0,185.0,-210.0,,447.0
-37.0,164.0,,250.0,10.0,-2225.0,193.0,-175.0,,424.0
183.0,79.0,,253.0,-11.0,-2249.0,202.0,-99.0,,386.0
155.0,187.0,,238.0,0.0,-2299.0,222.0,-306.0,,359.0
76.0,336.0,,195.0,-12.0,-2625.0,240.0,-295.0,,340.0
71.0,396.0,,173.0,18.0,-2992.0,209.0,-365.0,,320.0
164.0,423.0,,166.0,66.0,-2997.0,183.0,-393.0,,309.0
125.0,476.0,,214.0,60.0,-2833.0,187.0,-297.0,,297.0
-64.0,454.0,,218.0,62.0,-2915.0,216.0,-434.0,,280.0
-15.0,353.0,,260.0,67.0,-3189.0,241.0,-443.0,,263.0
-48.0,270.0,,313.0,34.0,-3403.0,266.0,-667.0,,255.0
94.0,194.0,,359.0,52.0,-3669.0,306.0,-626.0,,251.0
-76.0,114.0,,358.0,94.0,-3989.0,323.0,-430.0,,255.0
-40.0,-12.0,,317.0,111.0,-4065.0,325.0,-424.0,,270.0
-117.0,-81.0,,250.0,131.0,-4061.0,321.0,-447.0,,285.0
-102.0,-30.0,,197.0,77.0,-4036.0,339.0,-753.0,,295.0
-14.0,45.0,,169.0,-5.0,-3923.0,339.0,-872.0,,302.0
-103.0,100.0,,142.0,-30.0,-3761.0,325.0,-1042.0,,303.0
3.0,89.0,,172.0,-63.0,-3736.0,335.0,-1101.0,,306.0
-162.0,45.0,,166.0,-73.0,-3823.0,321.0,-1018.0,,313.0
33.0,-2.0,,160.0,-42.0,-3987.0,338.0,-968.0,,304.0
-205.0,22.0,,159.0,-32.0,-4155.0,362.0,-593.0,,287.0
-97.0,145.0,,164.0,12.0,-4123.0,375.0,-465.0,,268.0
-104.0,273.0,,215.0,74.0,-4110.0,403.0,-299.0,,246.0
-113.0,380.0,,287.0,100.0,-4216.0,405.0,-260.0,,243.0
-43.0,460.0,,352.0,174.0,-4441.0,411.0,-277.0,,248.0
-197.0,564.0,,415.0,256.0,-4558.0,408.0,-112.0,,262.0
-128.0,570.0,,418.0,300.0,-4682.0,366.0,-166.0,,295.0
-392.0,475.0,,377.0,367.0,-4897.0,356.0,29.0,,326.0
-83.0,403.0,,395.0,399.0,-5114.0,373.0,27.0,,376.0
-327.0,341.0,,410.0,384.0,-5208.0,408.0,121.0,,418.0
-168.0,324.0,,436.0,387.0,-4877.0,453.0,262.0,,423.0
-277.0,230.0,,400.0,322.0,-4509.0,478.0,236.0,,425.0
-362.0,146.0,,382.0,222.0,-4362.0,493.0,330.0,,403.0
-301.0,178.0,,410.0,170.0,-4480.0,473.0,90.0,,351.0
-544.0,141.0,,389.0,102.0,-4454.0,444.0,129.0,,278.0
-242.0,5.0,,425.0,62.0,-4293.0,392.0,40.0,,191.0
-533.0,-57.0,,417.0,62.0,-4427.0,344.0,-42.0,,114.0
-229.0,35.0,,376.0,24.0,-4553.0,375.0,72.0,,42.0
-473.0,110.0,,323.0,-9.0,-4653.0,404.0,-38.0,,-10.0
-473.0,159.0,,302.0,-42.0,-4814.0,392.0,181.0,,-29.0
-541.0,185.0,,311.0,-130.0,-5165.0,360.0,140.0,,-19.0
-473.0,233.0,,302.0,-195.0,-5503.0,358.0,206.0,,15.0
-169.0,300.0,,313.0,-256.0,-5560.0,405.0,301.0,,74.0
-511.0,233.0,,276.0,-346.0,-5465.0,450.0,262.0,,144.0
-254.0,201.0,,250.0,-355.0,-5383.0,448.0,506.0,,212.0
-481.0,204.0,,201.0,-353.0,-5258.0,389.0,508.0,,288.0
-134.0,150.0,,166.0,-332.0,-5030.0,305.0,687.0,,359.0
-270.0,37.0,,159.0,-231.0,-4950.0,241.0,606.0,,412.0
-280.0,-20.0,,120.0,-176.0,-4815.0,254.0,424.0,,469.0
-170.0,85.0,,98.0,-109.0,-4918.0,296.0,206.0,,499.0
-202.0,140.0,,44.0,3.0,-5416.0,319.0,-177.0,,512.0
121.0,109.0,,65.0,51.0,-5824.0,296.0,7.0,,508.0
-187.0,85.0,,116.0,109.0,-5820.0,257.0,-84.0,,479.0
44.0,161.0,,91.0,190.0,-5545.0,207.0,18.0,,446.0
-58.0,260.0,,111.0,222.0,-5603.0,146.0,173.0,,386.0
118.0,311.0,,119.0,299.0,-5600.0,130.0,247.0,,319.0
44.0,447.0,,162.0,354.0,-5167.0,143.0,618.0,,243.0
104.0,558.0,,172.0,340.0,-4440.0,168.0,485.0,,160.0
256.0,544.0,,119.0,358.0,-3752.0,159.0,517.0,,76.0
23.0,437.0,,85.0,342.0,-3524.0,111.0,328.0,,-17.0
220.0,354.0,,79.0,304.0,-3603.0,34.0,256.0,,-91.0
43.0,307.0,,129.0,305.0,-3794.0,-19.0,371.0,,-157.0
254.0,216.0,,84.0,269.0,-3987.0,-14.0,225.0,,-205.0
154.0,128.0,,98.0,223.0,-4316.0,12.0,408.0,,-233.0
280.0,93.0,,100.0,211.0,-4768.0,20.0,129.0,,-246.0
260.0,128.0,,27.0,122.0,-4828.0,-24.0,29.0,,-255.0
127.0,108.0,,11.0,57.0,-4513.0,-62.0,-120.0,,-262.0
295.0,84.0,,-8.0,69.0,-4159.0,-57.0,-267.0,,-275.0
174.0,164.0,,-13.0,14.0,-3865.0,-7.0,31.0,,-314.0
356.0,272.0,,-61.0,12.0,-3744.0,39.0,14.0,,-363.0
252.0,306.0,,-39.0,45.0,-3507.0,53.0,229.0,,-434.0
277.0,245.0,,4.0,7.0,-3274.0,37.0,171.0,,-510.0
160.0,268.0,,27.0,16.0,-3297.0,18.0,136.0,,-566.0
184.0,322.0,,75.0,18.0,-3379.0,38.0,114.0,,-600.0
237.0,248.0,,47.0,-17.0,-3235.0,67.0,-73.0,,-617.0
209.0,100.0,,-2.0,5.0,-2888.0,94.0,120.0,,-635.0
320.0,43.0,,-62.0,-14.0,-2792.0,93.0,133.0,,-657.0
282.0,132.0,,-129.0,-84.0,-2782.0,91.0,473.0,,-676.0
319.0,152.0,,-189.0,-84.0,-2537.0,115.0,752.0,,-688.0
202.0,152.0,,-221.0,-95.0,-2021.0,116.0,868.0,,-698.0
252.0,220.0,,-242.0,-92.0,-1857.0,81.0,905.0,,-689.0
246.0,177.0,,-306.0,-50.0,-1818.0,13.0,691.0,,-672.0
339.0,-16.0,,-332.0,-73.0,-1437.0,-20.0,816.0,,-654.0
276.0,-233.0,,-342.0,-55.0,-987.0,11.0,733.0,,-627.0
323.0,-357.0,,-363.0,-4.0,-580.0,54.0,838.0,,-604.0
383.0,-364.0,,-358.0,-22.0,-722.0,80.0,951.0,,-579.0
302.0,-302.0,,-346.0,13.0,-735.0,66.0,986.0,,-551.0
326.0,-243.0,,-303.0,64.0,-578.0,34.0,1215.0,,-518.0
230.0,-127.0,,-252.0,51.0,-511.0,-14.0,1119.0,,-483.0
441.0,-4.0,,-174.0,87.0,-257.0,-43.0,1128.0,,-453.0
333.0,17.0,,-91.0,103.0,-216.0,-15.0,870.0,,-418.0
306.0,66.0,,-35.0,60.0,-175.0,37.0,848.0,,-379.0
214.0,207.0,,62.0,57.0,-148.0,96.0,988.0,,-337.0
234.0,273.0,,112.0,10.0,50.0,113.0,931.0,,-297.0
238.0,208.0,,120.0,-57.0,211.0,43.0,1125.0,,-249.0
132.0,183.0,,166.0,-43.0,11.0,-62.0,933.0,,-209.0
163.0,219.0,,185.0,-51.0,-85.0,-92.0,894.0,,-181.0
11.0,222.0,,190.0,-39.0,175.0,-34.0,657.0,,-158.0
195.0,106.0,,228.0,40.0,594.0,21.0,399.0,,-157.0
-25.0,-49.0,,276.0,48.0,623.0,38.0,380.0,,-153.0
-38.0,-141.0,,289.0,70.0,471.0,57.0,96.0,,-161.0
-134.0,-259.0,,308.0,110.0,654.0,67.0,151.0,,-187.0
-61.0,-451.0,,363.0,97.0,1124.0,52.0,-101.0,,-217.0
14.0,-532.0,,384.0,161.0,1287.0,49.0,-173.0,,-253.0
-199.0,-357.0,,370.0,250.0,1118.0,73.0,-121.0,,-272.0
-62.0,-189.0,,353.0,295.0,1106.0,99.0,-134.0,,-281.0
-171.0,-120.0,,328.0,353.0,1234.0,77.0,221.0,,-274.0
6.0,-30.0,,309.0,353.0,1332.0,14.0,280.0,,-253.0
-117.0,152.0,,332.0,294.0,1319.0,-52.0,657.0,,-228.0
28.0,341.0,,357.0,265.0,1473.0,-39.0,713.0,,-208.0
76.0,387.0,,331.0,202.0,1845.0,25.0,567.0,,-198.0
133.0,404.0,,277.0,150.0,2168.0,51.0,648.0,,-193.0
264.0,433.0,,241.0,157.0,2099.0,50.0,493.0,,-179.0
203.0,417.0,,218.0,123.0,1666.0,23.0,707.0,,-153.0
384.0,315.0,,183.0,101.0,1286.0,-8.0,689.0,,-133.0
284.0,218.0,,134.0,109.0,1037.0,-36.0,816.0,,-106.0
616.0,149.0,,79.0,87.0,975.0,-22.0,951.0,,-94.0
509.0,43.0,,31.0,110.0,1005.0,57.0,790.0,,-98.0
613.0,-136.0,,6.0,113.0,1139.0,123.0,744.0,,-94.0
629.0,-319.0,,3.0,47.0,1316.0,77.0,375.0,,-97.0
610.0,-413.0,,-3.0,57.0,1517.0,-45.0,332.0,,-97.0
769.0,-569.0,,19.0,69.0,1977.0,-93.0,341.0,,-107.0
630.0,-730.0,,59.0,120.0,2239.0,-56.0,570.0,,-131.0
901.0,-821.0,,80.0,159.0,2164.0,-10.0,973.0,,-156.0
785.0,-756.0,,113.0,117.0,2197.0,13.0,1023.0,,-193.0
889.0,-552.0,,158.0,85.0,2294.0,10.0,1208.0,,-228.0
797.0,-471.0,,221.0,15.0,2231.0,-9.0,977.0,,-266.0
824.0,-444.0,,277.0,-32.0,1828.0,0.0,829.0,,-326.0
891.0,-382.0,,335.0,-76.0,1297.0,1.0,764.0,,-387.0
871.0,-349.0,,349.0,-55.0,1299.0,-34.0,766.0,,-462.0
955.0,-366.0,,329.0,-35.0,1578.0,-37.0,1003.0,,-557.0
785.0,-382.0,,341.0,-5.0,1583.0,-46.0,905.0,,-645.0
889.0,-324.0,,326.0,33.0,1416.0,-79.0,953.0,,-736.0
813.0,-279.0,,339.0,7.0,1381.0,-103.0,790.0,,-810.0
888.0,-330.0,,339.0,35.0,1625.0,-85.0,720.0,,-866.0
808.0,-265.0,,291.0,15.0,1715.0,-33.0,672.0,,-919.0
784.0,-2.0,,256.0,36.0,1601.0,-25.0,485.0,,-951.0
762.0,226.0,,221.0,54.0,1314.0,-91.0,611.0,,-970.0
710.0,380.0,,209.0,64.0,952.0,-196.0,485.0,,-976.0
828.0,551.0,,199.0,84.0,636.0,-217.0,576.0,,-961.0
731.0,698.0,,169.0,76.0,517.0,-127.0,559.0,,-935.0
667.0,758.0,,167.0,100.0,776.0,-29.0,567.0,,-906.0
624.0,756.0,,204.0,99.0,943.0,-3.0,726.0,,-860.0
692.0,633.0,,213.0,156.0,1179.0,-24.0,622.0,,-804.0
595.0,385.0,,190.0,135.0,1541.0,-63.0,766.0,,-739.0
630.0,113.0,,182.0,92.0,1990.0,-153.0,652.0,,-674.0
666.0,-135.0,,166.0,51.0,2416.0,-199.0,729.0,,-621.0
555.0,-302.0,,128.0,-35.0,2775.0,-143.0,772.0,,-585.0
562.0,-377.0,,98.0,-27.0,3090.0,-57.0,703.0,,-574.0
541.0,-443.0,,72.0,-61.0,3122.0,-36.0,794.0,,-588.0
563.0,-490.0,,66.0,-53.0,3002.0,-88.0,582.0,,-641.0
517.0,-414.0,,88.0,4.0,2700.0,-130.0,700.0,,-709.0
549.0,-301.0,,117.0,4.0,2518.0,-102.0,574.0,,-779.0
566.0,-275.0,,166.0,37.0,2251.0,-32.0,615.0,,-843.0
434.0,-300.0,,183.0,52.0,1991.0,2.0,707.0,,-895.0
425.0,-300.0,,201.0,39.0,2171.0,2.0,476.0,,-933.0
385.0,-253.0,,252.0,61.0,2727.0,6.0,620.0,,-933.0
298.0,-262.0,,300.0,46.0,3346.0,18.0,441.0,,-918.0
198.0,-264.0,,325.0,41.0,3541.0,28.0,522.0,,-885.0
168.0,-165.0,,314.0,90.0,3599.0,68.0,463.0,,-849.0
105.0,-49.0,,310.0,81.0,3608.0,129.0,325.0,,-818.0
0.0,-34.0,,282.0,106.0,3710.0,138.0,515.0,,-777.0
53.0,-61.0,,237.0,103.0,3808.0,118.0,519.0,,-748.0
-30.0,70.0,,199.0,32.0,3630.0,82.0,901.0,,-723.0
-54.0,177.0,,159.0,18.0,3211.0,45.0,907.0,,-696.0
-72.0,179.0,,170.0,-44.0,2708.0,73.0,1019.0,,-649.0
37.0,189.0,,148.0,-62.0,2464.0,110.0,1056.0,,-606.0
-110.0,223.0,,74.0,-24.0,2543.0,109.0,840.0,,-557.0
-234.0,285.0,,20.0,-49.0,2733.0,140.0,1042.0,,-487.0
-72.0,305.0,,-24.0,-33.0,2721.0,204.0,927.0,,-409.0
-85.0,285.0,,-62.0,-69.0,2898.0,227.0,1282.0,,-303.0
1.0,277.0,,-83.0,-123.0,3072.0,152.0,1504.0,,-207.0
-184.0,316.0,,-84.0,-103.0,2998.0,16.0,1520.0,,-114.0
-152.0,256.0,,-100.0,-133.0,2939.0,-34.0,1624.0,,-29.0
-117.0,140.0,,-90.0,-126.0,2921.0,17.0,1369.0,,23.0
-45.0,29.0,,-14.0,-106.0,3029.0,63.0,1356.0,,61.0
-79.0,-84.0,,63.0,-118.0,2864.0,65.0,1047.0,,71.0
-200.0,-183.0,,99.0,-29.0,2420.0,50.0,1010.0,,55.0
12.0,-340.0,,147.0,21.0,2212.0,56.0,1019.0,,26.0
14.0,-418.0,,204.0,41.0,2358.0,58.0,999.0,,-1.0
14.0,-432.0,,201.0,93.0,2426.0,21.0,1237.0,,-24.0
-94.0,-484.0,,196.0,68.0,2378.0,-21.0,968.0,,-45.0
95.0,-614.0,,193.0,103.0,2280.0,-49.0,918.0,,-54.0
184.0,-620.0,,196.0,107.0,2210.0,-81.0,746.0,,-55.0
99.0,-441.0,,232.0,40.0,2286.0,-120.0,668.0,,-48.0
115.0,-365.0,,223.0,43.0,2304.0,-134.0,630.0,,-41.0
114.0,-318.0,,185.0,-25.0,2400.0,-134.0,358.0,,-33.0
308.0,-225.0,,152.0,-65.0,2518.0,-108.0,397.0,,-15.0
257.0,-111.0,,138.0,-45.0,2742.0,-50.0,151.0,,3.0
232.0,-23.0,,177.0,-68.0,3117.0,-21.0,160.0,,47.0
166.0,-40.0,,228.0,-22.0,3299.0,-13.0,184.0,,112.0
277.0,-37.0,,262.0,2.0,3414.0,-43.0,279.0,,176.0
455.0,-13.0,,290.0,0.0,3888.0,-116.0,539.0,,237.0
275.0,-39.0,,332.0,75.0,4194.0,-165.0,497.0,,286.0
226.0,-17.0,,365.0,91.0,3761.0,-104.0,716.0,,330.0
161.0,-34.0,,373.0,117.0,3098.0,26.0,676.0,,374.0
280.0,-133.0,,335.0,174.0,2711.0,96.0,720.0,,411.0
144.0,-159.0,,267.0,152.0,2728.0,51.0,727.0,,451.0
49.0,-160.0,,256.0,198.0,2806.0,-93.0,552.0,,486.0
128.0,-141.0,,245.0,200.0,2685.0,-188.0,600.0,,510.0
-16.0,-59.0,,199.0,155.0,2420.0,-129.0,552.0,,535.0
90.0,-36.0,,174.0,191.0,2424.0,-35.0,783.0,,568.0
-155.0,-47.0,,192.0,144.0,2982.0,-31.0,726.0,,613.0
-132.0,-62.0,,189.0,97.0,3685.0,-73.0,785.0,,679.0
-202.0,-122.0,,190.0,31.0,3974.0,-108.0,949.0,,750.0
-97.0,-155.0,,205.0,-76.0,3920.0,-150.0,807.0,,823.0
-29.0,-198.0,,162.0,-98.0,4181.0,-156.0,853.0,,875.0
-220.0,-220.0,,149.0,-158.0,4571.0,-135.0,665.0,,898.0
-168.0,-198.0,,163.0,-180.0,4625.0,-121.0,866.0,,909.0
-301.0,-186.0,,186.0,-141.0,4468.0,-121.0,1031.0,,878.0
23.0,-128.0,,211.0,-181.0,4296.0,-152.0,1023.0,,837.0
-99.0,-101.0,,221.0,-187.0,4262.0,-175.0,1178.0,,785.0
33.0,-148.0,,215.0,-215.0,4131.0,-145.0,1029.0,,704.0
-164.0,-174.0,,202.0,-254.0,3768.0,-103.0,1067.0,,620.0
-147.0,-179.0,,229.0,-193.0,3578.0,-98.0,849.0,,526.0
36.0,-141.0,,257.0,-203.0,3647.0,-144.0,837.0,,437.0
-147.0,-76.0,,242.0,-200.0,3723.0,-223.0,1025.0,,355.0
44.0,12.0,,159.0,-116.0,3597.0,-255.0,1121.0,,292.0
-171.0,147.0,,96.0,-54.0,3417.0,-231.0,1402.0,,248.0
132.0,250.0,,88.0,61.0,3192.0,-197.0,1261.0,,231.0
-168.0,323.0,,62.0,60.0,2837.0,-165.0,1369.0,,242.0
-143.0,416.0,,28.0,-36.0,2641.0,-143.0,1285.0,,272.0
-161.0,504.0,,1.0,-55.0,2382.0,-137.0,1091.0,,314.0
-164.0,548.0,,-11.0,-113.0,2078.0,-189.0,1127.0,,352.0
-37.0,473.0,,-40.0,-78.0,1930.0,-270.0,931.0,,376.0
-333.0,313.0,,-61.0,16.0,2082.0,-321.0,1099.0,,373.0
-150.0,309.0,,-65.0,29.0,2547.0,-323.0,1003.0,,355.0
-328.0,335.0,,-60.0,101.0,3075.0,-318.0,958.0,,320.0
-10.0,243.0,,-86.0,87.0,3626.0,-340.0,890.0,,260.0
-174.0,223.0,,-102.0,15.0,3908.0,-374.0,724.0,,188.0
-141.0,231.0,,-67.0,25.0,3887.0,-407.0,914.0,,113.0
-44.0,204.0,,-65.0,-53.0,3821.0,-408.0,753.0,,45.0
-48.0,193.0,,-69.0,-85.0,3793.0,-414.0,894.0,,-7.0
89.0,211.0,,-114.0,-47.0,3735.0,-447.0,953.0,,-31.0
-114.0,226.0,,-157.0,-94.0,3699.0,-474.0,966.0,,-14.0
121.0,204.0,,-183.0,-41.0,3596.0,-503.0,1053.0,,32.0
42.0,134.0,,-197.0,-11.0,3535.0,-551.0,849.0,,110.0
196.0,68.0,,-170.0,-94.0,3584.0,-545.0,905.0,,223.0
175.0,29.0,,-170.0,-103.0,3503.0,-476.0,631.0,,348.0
196.0,-7.0,,-138.0,-191.0,3368.0,-466.0,569.0,,490.0
185.0,-17.0,,-74.0,-265.0,3084.0,-518.0,469.0,,624.0
106.0,-90.0,,-19.0,-197.0,2790.0,-581.0,343.0,,733.0
270.0,-179.0,,47.0,-215.0,2444.0,-601.0,570.0,,820.0
173.0,-165.0,,128.0,-176.0,2113.0,-543.0,338.0,,866.0
239.0,-145.0,,176.0,-115.0,1934.0,-509.0,295.0,,875.0
174.0,-172.0,,190.0,-188.0,1685.0,-521.0,107.0,,856.0
141.0,-143.0,,167.0,-148.0,1727.0,-536.0,72.0,,823.0
177.0,-125.0,,140.0,-91.0,2164.0,-549.0,238.0,,793.0
162.0,-151.0,,145.0,-94.0,2390.0,-554.0,243.0,,771.0
59.0,-163.0,,154.0,22.0,2368.0,-590.0,694.0,,755.0
-43.0,-145.0,,155.0,89.0,2476.0,-661.0,921.0,,747.0
-55.0,-45.0,,143.0,79.0,2479.0,-710.0,1210.0,,744.0
16.0,9.0,,148.0,90.0,2278.0,-689.0,1162.0,,744.0
-128.0,26.0,,100.0,18.0,1955.0,-618.0,923.0,,755.0
-235.0,58.0,,69.0,1.0,1817.0,-575.0,853.0,,756.0
-242.0,122.0,,62.0,77.0,2029.0,-595.0,511.0,,755.0
-333.0,128.0,,38.0,74.0,1986.0,-648.0,655.0,,737.0
-327.0,-33.0,,27.0,95.0,1747.0,-699.0,720.0,,688.0
-447.0,-206.0,,9.0,83.0,1589.0,-707.0,942.0,,628.0
-317.0,-305.0,,7.0,-64.0,1494.0,-676.0,1151.0,,560.0
-451.0,-328.0,,-67.0,-137.0,1682.0,-662.0,1018.0,,492.0
-526.0,-375.0,,-151.0,-182.0,1874.0,-661.0,962.0,,433.0
-676.0,-437.0,,-202.0,-240.0,1883.0,-686.0,642.0,,385.0
-664.0,-479.0,,-227.0,-173.0,1999.0,-759.0,661.0,,348.0
-464.0,-477.0,,-198.0,-135.0,2051.0,-834.0,526.0,,320.0
-505.0,-453.0,,-161.0,-152.0,2051.0,-846.0,570.0,,299.0
-539.0,-475.0,,-159.0,-108.0,2072.0,-802.0,713.0,,274.0
-801.0,-411.0,,-234.0,-129.0,1759.0,-766.0,502.0,,261.0
-507.0,-342.0,,-287.0,-160.0,1319.0,-762.0,578.0,,257.0
-583.0,-330.0,,-302.0,-119.0,1257.0,-795.0,288.0,,263.0
-444.0,-389.0,,-325.0,-140.0,1531.0,-808.0,242.0,,283.0
-537.0,-435.0,,-282.0,-148.0,1686.0,-754.0,123.0,,305.0
-496.0,-419.0,,-201.0,-112.0,1539.0,-705.0,-145.0,,336.0
-411.0,-476.0,,-183.0,-140.0,1408.0,-712.0,-284.0,,373.0
-554.0,-521.0,,-133.0,-138.0,1636.0,-746.0,-700.0,,411.0
-214.0,-530.0,,-157.0,-89.0,2047.0,-770.0,-607.0,,431.0
-548.0,-470.0,,-190.0,-84.0,2192.0,-741.0,-615.0,,430.0
-110.0,-421.0,,-194.0,-60.0,2099.0,-715.0,-439.0,,414.0
-376.0,-347.0,,-207.0,-6.0,2138.0,-690.0,-280.0,,363.0
-213.0,-200.0,,-180.0,20.0,2473.0,-650.0,-375.0,,312.0
-293.0,-69.0,,-186.0,59.0,2496.0,-677.0,-164.0,,257.0
-262.0,61.0,,-83.0,90.0,1996.0,-724.0,-369.0,,211.0
53.0,114.0,,-80.0,95.0,1434.0,-765.0,-260.0,,198.0
-358.0,205.0,,-31.0,115.0,995.0,-790.0,-256.0,,210.0
195.0,325.0,,-118.0,128.0,855.0,-780.0,-376.0,,258.0
-198.0,380.0,,-156.0,99.0,668.0,-769.0,-208.0,,322.0
279.0,377.0,,-65.0,73.0,502.0,-735.0,-273.0,,405.0
0.0,364.0,,-131.0,64.0,757.0,-702.0,-51.0,,479.0
165.0,303.0,,-10.0,28.0,1014.0,-687.0,-118.0,,530.0
169.0,162.0,,-63.0,13.0,941.0,-699.0,-197.0,,576.0
14.0,154.0,,-124.0,47.0,747.0,-712.0,-323.0,,605.0
444.0,201.0,,-166.0,43.0,770.0,-680.0,-546.0,,617.0
-90.0,213.0,,-166.0,26.0,945.0,-627.0,-388.0,,619.0
363.0,206.0,,-243.0,28.0,1032.0,-584.0,-437.0,,617.0
-184.0,208.0,,-336.0,-11.0,1120.0,-568.0,-234.0,,603.0
313.0,189.0,,-315.0,-76.0,1470.0,-566.0,-182.0,,583.0
-39.0,36.0,,-391.0,-158.0,1769.0,-596.0,-157.0,,553.0
-100.0,-75.0,,-329.0,-257.0,1665.0,-612.0,0.0,,510.0
2.0,-126.0,,-363.0,-266.0,1256.0,-626.0,-171.0,,472.0
-308.0,-286.0,,-334.0,-236.0,715.0,-687.0,-151.0,,422.0
173.0,-492.0,,-304.0,-275.0,231.0,-724.0,-336.0,,380.0
-343.0,-573.0,,-305.0,-292.0,-253.0,-718.0,-356.0,,350.0
38.0,-573.0,,-335.0,-299.0,-620.0,-674.0,-328.0,,321.0
-483.0,-605.0,,-409.0,-326.0,-996.0,-617.0,-238.0,,304.0
-79.0,-615.0,,-437.0,-290.0,-1500.0,-575.0,20.0,,303.0
-214.0,-642.0,,-532.0,-256.0,-1844.0,-535.0,-138.0,,306.0
-341.0,-638.0,,-583.0,-255.0,-1936.0,-496.0,-179.0,,306.0
-123.0,-510.0,,-665.0,-173.0,-2053.0,-501.0,-582.0,,298.0
-504.0,-396.0,,-754.0,-118.0,-2483.0,-531.0,-776.0,,285.0
-153.0,-319.0,,-778.0,-124.0,-2844.0,-556.0,-711.0,,274.0
-598.0,-224.0,,-757.0,-64.0,-2784.0,-557.0,-779.0,,268.0
-235.0,-141.0,,-768.0,-56.0,-2499.0,-509.0,-528.0,,266.0
-464.0,-123.0,,-791.0,-97.0,-2581.0,-458.0,-618.0,,259.0
-339.0,-159.0,,-759.0,-87.0,-2863.0,-445.0,-487.0,,240.0
-392.0,-102.0,,-681.0,-113.0,-2756.0,-467.0,-552.0,,205.0
-600.0,47.0,,-639.0,-135.0,-2520.0,-467.0,-750.0,,167.0
-339.0,161.0,,-637.0,-112.0,-2477.0,-507.0,-705.0,,125.0
-590.0,238.0,,-670.0,-123.0,-2632.0,-539.0,-851.0,,70.0
-338.0,318.0,,-686.0,-107.0,-2595.0,-507.0,-607.0,,26.0
-585.0,356.0,,-623.0,-35.0,-2406.0,-472.0,-679.0,,-17.0
-421.0,245.0,,-561.0,0.0,-2311.0,-448.0,-720.0,,-80.0
-426.0,90.0,,-495.0,32.0,-2250.0,-493.0,-763.0,,-146.0
-446.0,44.0,,-481.0,71.0,-2390.0,-515.0,-1018.0,,-220.0
-415.0,34.0,,-477.0,75.0,-2509.0,-500.0,-1018.0,,-301.0
-575.0,71.0,,-434.0,115.0,-2278.0,-474.0,-1212.0,,-386.0
-319.0,48.0,,-463.0,142.0,-1893.0,-416.0,-1071.0,,-462.0
-412.0,5.0,,-515.0,97.0,-1746.0,-373.0,-1128.0,,-517.0
-334.0,33.0,,-523.0,94.0,-1936.0,-347.0,-1167.0,,-553.0
-409.0,49.0,,-501.0,103.0,-2002.0,-350.0,-1069.0,,-542.0
-374.0,121.0,,-500.0,61.0,-1768.0,-378.0,-1265.0,,-508.0
-259.0,159.0,,-505.0,64.0,-1719.0,-385.0,-1226.0,,-480.0
-276.0,195.0,,-500.0,65.0,-1946.0,-345.0,-1489.0,,-455.0
-146.0,255.0,,-476.0,42.0,-2139.0,-304.0,-1443.0,,-447.0
-242.0,212.0,,-452.0,83.0,-2101.0,-270.0,-1273.0,,-447.0
-145.0,148.0,,-505.0,99.0,-1926.0,-247.0,-1031.0,,-468.0
-195.0,135.0,,-493.0,98.0,-1670.0,-226.0,-657.0,,-483.0
-86.0,132.0,,-423.0,149.0,-1355.0,-199.0,-838.0,,-498.0
4.0,136.0,,-398.0,156.0,-1174.0,-196.0,-764.0,,-521.0
-88.0,127.0,,-386.0,144.0,-1266.0,-180.0,-873.0,,-531.0
25.0,51.0,,-312.0,173.0,-1754.0,-151.0,-888.0,,-555.0
-13.0,-36.0,,-249.0,169.0,-2109.0,-110.0,-783.0,,-581.0
247.0,-89.0,,-235.0,140.0,-2282.0,-91.0,-837.0,,-603.0
166.0,-69.0,,-211.0,128.0,-2480.0,-70.0,-582.0,,-602.0
189.0,-18.0,,-264.0,60.0,-2403.0,-35.0,-559.0,,-556.0
173.0,48.0,,-305.0,-13.0,-2541.0,-24.0,-347.0,,-479.0
151.0,141.0,,-283.0,-49.0,-2640.0,-4.0,-349.0,,-378.0
357.0,184.0,,-242.0,-112.0,-2468.0,6.0,-532.0,,-254.0
280.0,212.0,,-225.0,-121.0,-2285.0,38.0,-766.0,,-114.0
511.0,253.0,,-205.0,-109.0,-2069.0,75.0,-1186.0,,32.0
264.0,246.0,,-142.0,-146.0,-2237.0,94.0,-1027.0,,186.0
361.0,148.0,,-112.0,-138.0,-2349.0,96.0,-849.0,,342.0
286.0,-10.0,,-111.0,-132.0,-2209.0,68.0,-445.0,,489.0
342.0,-156.0,,-100.0,-155.0,-2368.0,24.0,-334.0,,616.0
554.0,-221.0,,-83.0,-128.0,-2853.0,-22.0,-672.0,,718.0
271.0,-209.0,,-69.0,-114.0,-3222.0,0.0,-896.0,,781.0
439.0,-168.0,,-55.0,-116.0,-3212.0,103.0,-1367.0,,797.0
111.0,-71.0,,-43.0,-71.0,-2912.0,207.0,-1467.0,,779.0
370.0,100.0,,-37.0,-60.0,-2680.0,231.0,-1740.0,,727.0
315.0,208.0,,-64.0,-36.0,-2729.0,214.0,-1910.0,,662.0
240.0,205.0,,-79.0,36.0,-2680.0,210.0,-1880.0,,594.0
369.0,177.0,,-84.0,32.0,-2648.0,219.0,-2021.0,,522.0
82.0,177.0,,-117.0,30.0,-2531.0,221.0,-1762.0,,456.0
350.0,210.0,,-154.0,61.0,-2454.0,219.0,-1834.0,,396.0
76.0,189.0,,-202.0,29.0,-2418.0,238.0,-1781.0,,351.0
212.0,170.0,,-223.0,32.0,-2155.0,234.0,-1753.0,,315.0
107.0,209.0,,-219.0,43.0,-2171.0,229.0,-1814.0,,278.0
52.0,251.0,,-207.0,9.0,-2443.0,243.0,-1651.0,,247.0
205.0,237.0,,-179.0,46.0,-2883.0,290.0,-1747.0,,225.0
-39.0,226.0,,-164.0,88.0,-3118.0,336.0,-1546.0,,224.0
166.0,294.0,,-156.0,105.0,-3234.0,325.0,-1589.0,,228.0
-146.0,366.0,,-193.0,203.0,-3379.0,306.0,-1529.0,,234.0
8.0,394.0,,-197.0,279.0,-3422.0,296.0,-1420.0,,241.0
1.0,335.0,,-194.0,341.0,-3576.0,283.0,-1633.0,,222.0
-1.0,283.0,,-245.0,451.0,-3465.0,278.0,-1622.0,,197.0
177.0,272.0,,-254.0,467.0,-3314.0,317.0,-1853.0,,174.0
-141.0,282.0,,-268.0,431.0,-3061.0,386.0,-1788.0,,132.0
11.0,281.0,,-263.0,388.0,-2919.0,426.0,-1757.0,,77.0
-107.0,223.0,,-233.0,266.0,-3157.0,404.0,-1733.0,,20.0
135.0,232.0,,-161.0,192.0,-3118.0,378.0,-1674.0,,-47.0
126.0,200.0,,-27.0,163.0,-3244.0,409.0,-1866.0,,-117.0
144.0,148.0,,94.0,96.0,-3405.0,427.0,-1659.0,,-191.0
178.0,105.0,,155.0,80.0,-3374.0,456.0,-1640.0,,-272.0
35.0,126.0,,83.0,45.0,-3464.0,494.0,-1468.0,,-338.0
315.0,216.0,,22.0,-26.0,-3304.0,515.0,-1485.0,,-398.0
129.0,122.0,,-20.0,-46.0,-3098.0,573.0,-1674.0,,-444.0
333.0,47.0,,-138.0,-110.0,-3101.0,608.0,-1566.0,,-474.0
144.0,23.0,,-151.0,-185.0,-3164.0,627.0,-1681.0,,-503.0
197.0,7.0,,-108.0,-190.0,-3186.0,661.0,-1404.0,,-526.0
224.0,-24.0,,-34.0,-208.0,-3124.0,679.0,-1350.0,,-551.0
237.0,-84.0,,44.0,-198.0,-3107.0,684.0,-1317.0,,-579.0
322.0,-64.0,,7.0,-134.0,-3509.0,674.0,-1269.0,,-612.0
-35.0,-98.0,,13.0,-124.0,-3768.0,678.0,-1509.0,,-645.0
176.0,-181.0,,-26.0,-122.0,-3532.0,669.0,-1474.0,,-662.0
40.0,-259.0,,-25.0,-143.0,-3427.0,645.0,-1716.0,,-650.0
251.0,-302.0,,53.0,-206.0,-3309.0,638.0,-1744.0,,-596.0
89.0,-403.0,,20.0,-183.0,-3268.0,656.0,-1849.0,,-513.0
55.0,-474.0,,24.0,-165.0,-3164.0,698.0,-1899.0,,-397.0
56.0,-431.0,,1.0,-186.0,-2958.0,712.0,-1690.0,,-265.0
-75.0,-347.0,,-1.0,-153.0,-3115.0,701.0,-1760.0,,-135.0
134.0,-278.0,,26.0,-168.0,-3247.0,682.0,-1511.0,,-4.0
-37.0,-228.0,,-28.0,-181.0,-3178.0,688.0,-1516.0,,115.0
112.0,-134.0,,-65.0,-137.0,-3186.0,730.0,-1505.0,,219.0
-80.0,-78.0,,-112.0,-125.0,-3132.0,780.0,-1502.0,,302.0
-22.0,67.0,,-169.0,-51.0,-3146.0,793.0,-1679.0,,364.0
-60.0,135.0,,-195.0,14.0,-3128.0,732.0,-1657.0,,400.0
-21.0,179.0,,-190.0,0.0,-2882.0,648.0,-1873.0,,410.0
47.0,322.0,,-230.0,49.0,-2800.0,582.0,-1747.0,,399.0
-22.0,381.0,,-274.0,65.0,-2865.0,570.0,-1716.0,,351.0
17.0,384.0,,-238.0,31.0,-3013.0,583.0,-1690.0,,288.0
-140.0,310.0,,-231.0,62.0,-2969.0,583.0,-1585.0,,221.0
18.0,314.0,,-217.0,36.0,-2850.0,605.0,-1836.0,,144.0
-33.0,337.0,,-195.0,2.0,-2906.0,636.0,-1736.0,,57.0
16.0,315.0,,-186.0,42.0,-2932.0,654.0,-1710.0,,-40.0
13.0,261.0,,-155.0,48.0,-2887.0,613.0,-1537.0,,-162.0
79.0,302.0,,-156.0,107.0,-2825.0,573.0,-1433.0,,-313.0
117.0,374.0,,-163.0,171.0,-2676.0,564.0,-1511.0,,-464.0
104.0,338.0,,-138.0,136.0,-2300.0,535.0,-1431.0,,-624.0
105.0,401.0,,-102.0,165.0,-2104.0,559.0,-1677.0,,-770.0
58.0,379.0,,-100.0,174.0,-2013.0,607.0,-1666.0,,-895.0
228.0,303.0,,-152.0,113.0,-1938.0,646.0,-1751.0,,-1011.0
263.0,264.0,,-197.0,140.0,-2071.0,656.0,-1649.0,,-1100.0
340.0,216.0,,-218.0,137.0,-2245.0,618.0,-1306.0,,-1176.0
250.0,101.0,,-287.0,103.0,-2560.0,579.0,-1055.0,,-1235.0
250.0,-65.0,,-360.0,115.0,-2733.0,535.0,-484.0,,-1271.0
349.0,-178.0,,-381.0,47.0,-2494.0,518.0,-410.0,,-1284.0
433.0,-253.0,,-353.0,10.0,-2406.0,521.0,-349.0,,-1264.0
499.0,-298.0,,-313.0,43.0,-2514.0,545.0,-456.0,,-1197.0
527.0,-393.0,,-249.0,10.0,-2359.0,570.0,-674.0,,-1092.0
533.0,-327.0,,-173.0,16.0,-2210.0,563.0,-569.0,,-957.0
501.0,-278.0,,-124.0,17.0,-2373.0,546.0,-587.0,,-800.0
674.0,-261.0,,-87.0,-59.0,-2616.0,529.0,-262.0,,-638.0
664.0,-101.0,,-119.0,-67.0,-2962.0,555.0,-253.0,,-480.0
653.0,-16.0,,-124.0,-86.0,-3134.0,565.0,-249.0,,-342.0
691.0,115.0,,-114.0,-139.0,-3148.0,551.0,-351.0,,-247.0
724.0,221.0,,-111.0,-102.0,-3503.0,585.0,-602.0,,-208.0
734.0,207.0,,-79.0,-106.0,-3551.0,613.0,-413.0,,-190.0
686.0,182.0,,-91.0,-124.0,-3432.0,596.0,-432.0,,-209.0
740.0,163.0,,-98.0,-91.0,-3304.0,561.0,-129.0,,-257.0
699.0,109.0,,-100.0,-149.0,-2961.0,540.0,-59.0,,-300.0
756.0,104.0,,-100.0,-171.0,-2945.0,526.0,-48.0,,-360.0
679.0,203.0,,-110.0,-168.0,-2860.0,480.0,1.0,,-427.0
663.0,269.0,,-165.0,-235.0,-2705.0,445.0,-321.0,,-488.0
666.0,312.0,,-254.0,-183.0,-2746.0,456.0,-275.0,,-531.0
600.0,355.0,,-313.0,-84.0,-2693.0,476.0,-511.0,,-568.0
544.0,402.0,,-318.0,0.0,-2742.0,480.0,-522.0,,-594.0
415.0,404.0,,-314.0,139.0,-2768.0,453.0,-515.0,,-599.0
527.0,299.0,,-279.0,164.0,-2664.0,422.0,-707.0,,-602.0
421.0,159.0,,-237.0,123.0,-2744.0,428.0,-681.0,,-608.0
457.0,81.0,,-156.0,129.0,-2673.0,428.0,-866.0,,-618.0
301.0,40.0,,-70.0,71.0,-2442.0,418.0,-644.0,,-632.0
295.0,12.0,,25.0,82.0,-2308.0,432.0,-474.0,,-647.0
381.0,42.0,,96.0,160.0,-2268.0,455.0,-157.0,,-647.0
277.0,123.0,,98.0,148.0,-2230.0,462.0,107.0,,-642.0
362.0,190.0,,137.0,166.0,-1942.0,438.0,40.0,,-623.0
148.0,176.0,,136.0,165.0,-1898.0,409.0,212.0,,-575.0
324.0,220.0,,114.0,95.0,-2203.0,399.0,59.0,,-516.0
257.0,278.0,,136.0,102.0,-2473.0,369.0,112.0,,-430.0
281.0,267.0,,183.0,84.0,-2813.0,331.0,70.0,,-321.0
227.0,268.0,,193.0,79.0,-3156.0,318.0,40.0,,-202.0
158.0,235.0,,200.0,197.0,-3262.0,342.0,210.0,,-64.0
289.0,246.0,,233.0,248.0,-3261.0,354.0,186.0,,71.0
129.0,222.0,,239.0,281.0,-3201.0,331.0,539.0,,199.0
304.0,128.0,,234.0,320.0,-2952.0,327.0,567.0,,312.0
162.0,89.0,,182.0,250.0,-2584.0,335.0,613.0,,402.0
125.0,90.0,,171.0,237.0,-2193.0,369.0,633.0,,471.0
47.0,52.0,,209.0,224.0,-2020.0,383.0,473.0,,525.0
101.0,-36.0,,261.0,101.0,-2023.0,386.0,509.0,,569.0
140.0,-18.0,,316.0,52.0,-1984.0,408.0,351.0,,585.0
60.0,-11.0,,359.0,7.0,-1784.0,408.0,679.0,,596.0
88.0,-97.0,,424.0,-63.0,-1661.0,416.0,946.0,,590.0
-20.0,-182.0,,456.0,-32.0,-1521.0,417.0,1204.0,,567.0
50.0,-240.0,,466.0,-60.0,-1243.0,438.0,1474.0,,533.0
-42.0,-218.0,,423.0,-94.0,-1128.0,437.0,1443.0,,467.0
70.0,-251.0,,356.0,-50.0,-868.0,408.0,1762.0,,390.0
0.0,-275.0,,343.0,-110.0,-422.0,418.0,1746.0,,315.0
-32.0,-252.0,,368.0,-146.0,38.0,421.0,1710.0,,246.0
-28.0,-213.0,,458.0,-126.0,304.0,420.0,1441.0,,162.0
-22.0,-187.0,,533.0,-154.0,463.0,433.0,1047.0,,84.0
129.0,-202.0,,557.0,-113.0,659.0,457.0,933.0,,17.0
-49.0,-132.0,,561.0,-100.0,811.0,453.0,641.0,,-48.0
-28.0,-148.0,,529.0,-124.0,1010.0,423.0,814.0,,-102.0
-146.0,-238.0,,535.0,-54.0,1140.0,406.0,953.0,,-161.0
-41.0,-340.0,,534.0,-41.0,1219.0,391.0,1293.0,,-222.0
140.0,-431.0,,480.0,-56.0,1195.0,388.0,1651.0,,-279.0
-23.0,-436.0,,480.0,10.0,1245.0,381.0,1646.0,,-338.0
-51.0,-462.0,,529.0,20.0,1553.0,354.0,1770.0,,-396.0
-121.0,-506.0,,596.0,44.0,1802.0,342.0,1448.0,,-438.0
59.0,-478.0,,626.0,125.0,1611.0,328.0,1265.0,,-470.0
68.0,-344.0,,593.0,135.0,1179.0,297.0,1034.0,,-490.0
54.0,-219.0,,611.0,180.0,834.0,250.0,890.0,,-495.0
104.0,-74.0,,599.0,224.0,674.0,228.0,1071.0,,-470.0
-85.0,77.0,,582.0,188.0,727.0,251.0,1145.0,,-429.0
57.0,142.0,,589.0,219.0,718.0,233.0,1461.0,,-387.0
23.0,153.0,,567.0,225.0,792.0,210.0,1310.0,,-347.0
56.0,158.0,,583.0,202.0,957.0,183.0,1219.0,,-328.0
59.0,216.0,,547.0,256.0,1206.0,144.0,1140.0,,-308.0
17.0,211.0,,515.0,227.0,1362.0,135.0,892.0,,-295.0
14.0,156.0,,453.0,187.0,1237.0,117.0,1073.0,,-305.0
-138.0,155.0,,350.0,208.0,1041.0,87.0,1058.0,,-326.0
33.0,221.0,,280.0,161.0,797.0,59.0,1239.0,,-351.0
-34.0,222.0,,240.0,138.0,905.0,53.0,1263.0,,-379.0
-77.0,190.0,,304.0,123.0,900.0,43.0,1258.0,,-413.0
-109.0,215.0,,428.0,63.0,552.0,26.0,1369.0,,-428.0
-50.0,203.0,,552.0,103.0,446.0,4.0,1201.0,,-430.0
19.0,205.0,,543.0,141.0,455.0,-37.0,1287.0,,-414.0
-137.0,204.0,,497.0,128.0,650.0,-52.0,1145.0,,-384.0
-136.0,238.0,,500.0,186.0,663.0,-37.0,1236.0,,-351.0
-158.0,281.0,,503.0,181.0,582.0,-24.0,1378.0,,-315.0
-105.0,246.0,,430.0,114.0,663.0,-21.0,1407.0,,-283.0
-63.0,159.0,,234.0,83.0,621.0,-46.0,1661.0,,-239.0
-103.0,61.0,,112.0,14.0,663.0,-82.0,1572.0,,-203.0
-174.0,-49.0,,71.0,14.0,767.0,-107.0,1712.0,,-169.0
-160.0,-235.0,,55.0,54.0,1014.0,-138.0,1651.0,,-134.0
-289.0,-321.0,,34.0,-21.0,1098.0,-144.0,1648.0,,-109.0
-189.0,-297.0,,49.0,-50.0,1257.0,-147.0,1860.0,,-79.0
-175.0,-249.0,,155.0,-57.0,1801.0,-167.0,1899.0,,-46.0
-158.0,-213.0,,310.0,-130.0,2186.0,-195.0,2141.0,,0.0
-219.0,-195.0,,474.0,-153.0,2545.0,-233.0,1995.0,,65.0
-435.0,-161.0,,560.0,-202.0,2792.0,-243.0,2025.0,,154.0
-220.0,-191.0,,575.0,-249.0,2900.0,-257.0,1908.0,,270.0
-410.0,-211.0,,491.0,-210.0,2790.0,-278.0,1631.0,,392.0
-287.0,-207.0,,415.0,-220.0,2474.0,-310.0,1677.0,,504.0
-440.0,-161.0,,438.0,-246.0,2360.0,-340.0,1653.0,,618.0
-352.0,-68.0,,404.0,-220.0,2323.0,-335.0,2100.0,,720.0
-311.0,0.0,,352.0,-253.0,2218.0,-310.0,2328.0,,778.0
-496.0,14.0,,348.0,-251.0,2066.0,-293.0,2462.0,,815.0
-254.0,28.0,,374.0,-180.0,2201.0,-311.0,2379.0,,831.0
-540.0,63.0,,395.0,-139.0,2694.0,-351.0,1954.0,,818.0
-223.0,61.0,,443.0,-57.0,2921.0,-370.0,1868.0,,804.0
-447.0,66.0,,542.0,-5.0,2727.0,-374.0,1542.0,,772.0
-365.0,67.0,,525.0,-20.0,2693.0,-391.0,1476.0,,743.0
-361.0,90.0,,438.0,11.0,2992.0,-392.0,1358.0,,725.0
-421.0,103.0,,394.0,17.0,2996.0,-387.0,1273.0,,712.0
-273.0,100.0,,493.0,3.0,2748.0,-391.0,1354.0,,709.0
-692.0,116.0,,602.0,36.0,2756.0,-402.0,1147.0,,704.0
-229.0,118.0,,531.0,8.0,2767.0,-402.0,1243.0,,720.0
-471.0,72.0,,428.0,-40.0,2651.0,-401.0,1127.0,,740.0
-365.0,37.0,,370.0,-35.0,2623.0,-379.0,1176.0,,759.0
-461.0,43.0,,339.0,-57.0,2753.0,-331.0,1225.0,,785.0
-547.0,9.0,,269.0,-28.0,2889.0,-319.0,1199.0,,813.0
-310.0,16.0,,176.0,34.0,3097.0,-306.0,1533.0,,833.0
-523.0,2.0,,60.0,31.0,3372.0,-310.0,1576.0,,848.0
-219.0,16.0,,-6.0,68.0,3638.0,-327.0,1818.0,,869.0
-465.0,30.0,,34.0,85.0,3765.0,-333.0,1757.0,,873.0
-293.0,-9.0,,98.0,59.0,3557.0,-353.0,1653.0,,891.0
-398.0,1.0,,114.0,89.0,3656.0,-360.0,1609.0,,905.0
-356.0,-6.0,,86.0,62.0,3789.0,-355.0,1302.0,,902.0
-261.0,-24.0,,73.0,0.0,3532.0,-341.0,1420.0,,881.0
-401.0,-135.0,,83.0,-16.0,3259.0,-321.0,1345.0,,835.0
-185.0,-210.0,,134.0,-68.0,3168.0,-309.0,1550.0,,777.0
-463.0,-226.0,,100.0,-99.0,3541.0,-319.0,1659.0,,694.0
-324.0,-293.0,,34.0,-79.0,3641.0,-319.0,1552.0,,609.0
-412.0,-270.0,,104.0,-103.0,3395.0,-291.0,1589.0,,516.0
-367.0,-175.0,,186.0,-98.0,3424.0,-261.0,1245.0,,417.0
-450.0,-102.0,,134.0,-78.0,3540.0,-230.0,1302.0,,319.0
-469.0,-132.0,,127.0,-103.0,3659.0,-217.0,1363.0,,231.0
-299.0,-228.0,,169.0,-48.0,3741.0,-232.0,1649.0,,167.0
-561.0,-329.0,,211.0,17.0,3839.0,-263.0,1917.0,,115.0
-461.0,-404.0,,258.0,48.0,4048.0,-308.0,1827.0,,95.0
-634.0,-434.0,,245.0,117.0,4271.0,-335.0,1908.0,,95.0
-499.0,-453.0,,294.0,148.0,4216.0,-327.0,1714.0,,120.0
-527.0,-452.0,,282.0,144.0,3930.0,-287.0,1906.0,,156.0
-552.0,-435.0,,215.0,148.0,3764.0,-246.0,2032.0,,181.0
-541.0,-346.0,,136.0,73.0,3928.0,-241.0,2036.0,,197.0
-683.0,-219.0,,160.0,2.0,3985.0,-268.0,1965.0,,203.0
-443.0,-95.0,,273.0,-22.0,3832.0,-304.0,1439.0,,225.0
-628.0,36.0,,231.0,-106.0,3824.0,-330.0,1119.0,,250.0
-587.0,96.0,,263.0,-130.0,3756.0,-371.0,563.0,,259.0
-625.0,124.0,,277.0,-142.0,3653.0,-388.0,443.0,,258.0
-539.0,177.0,,152.0,-242.0,3384.0,-381.0,650.0,,247.0
-578.0,228.0,,169.0,-326.0,3073.0,-394.0,798.0,,225.0
-632.0,217.0,,244.0,-400.0,3027.0,-395.0,1125.0,,191.0
-513.0,101.0,,211.0,-476.0,3169.0,-410.0,1071.0,,164.0
-601.0,-20.0,,259.0,-467.0,3254.0,-430.0,1206.0,,157.0
-484.0,-117.0,,342.0,-430.0,3238.0,-447.0,1108.0,,158.0
-615.0,-231.0,,325.0,-386.0,3404.0,-474.0,947.0,,170.0
-493.0,-267.0,,356.0,-295.0,3743.0,-506.0,803.0,,201.0
-576.0,-218.0,,317.0,-262.0,3862.0,-539.0,454.0,,231.0
-530.0,-181.0,,267.0,-196.0,3544.0,-551.0,556.0,,261.0
-620.0,-176.0,,305.0,-154.0,3458.0,-554.0,443.0,,284.0
-651.0,-132.0,,249.0,-128.0,3632.0,-553.0,539.0,,297.0
-533.0,-42.0,,174.0,-99.0,3675.0,-548.0,617.0,,294.0
-701.0,28.0,,193.0,-89.0,3623.0,-548.0,524.0,,278.0
-591.0,97.0,,245.0,-10.0,3480.0,-553.0,522.0,,254.0
-788.0,126.0,,215.0,66.0,3413.0,-553.0,99.0,,232.0
-659.0,141.0,,155.0,172.0,3395.0,-532.0,40.0,,219.0
-804.0,161.0,,156.0,190.0,3526.0,-490.0,-64.0,,210.0
-764.0,133.0,,128.0,234.0,3631.0,-445.0,-42.0,,215.0
-674.0,126.0,,2.0,268.0,3526.0,-434.0,136.0,,234.0
-754.0,94.0,,-78.0,295.0,3437.0,-420.0,184.0,,267.0
-674.0,64.0,,-87.0,356.0,3348.0,-421.0,500.0,,304.0
-830.0,23.0,,-128.0,333.0,3246.0,-422.0,423.0,,338.0
-594.0,-74.0,,-162.0,373.0,3078.0,-403.0,415.0,,347.0
-655.0,-128.0,,-172.0,316.0,3016.0,-403.0,201.0,,318.0
-604.0,-185.0,,-172.0,289.0,3138.0,-384.0,-25.0,,263.0
-722.0,-206.0,,-182.0,224.0,3032.0,-378.0,64.0,,179.0
-700.0,-178.0,,-224.0,153.0,2951.0,-367.0,-55.0,,92.0
-501.0,-116.0,,-273.0,169.0,3021.0,-342.0,206.0,,0.0
-601.0,-86.0,,-276.0,93.0,3142.0,-313.0,330.0,,-78.0
-624.0,-131.0,,-309.0,33.0,3394.0,-262.0,545.0,,-133.0
-756.0,-139.0,,-365.0,-72.0,3540.0,-203.0,641.0,,-180.0
-555.0,-121.0,,-367.0,-161.0,3578.0,-167.0,465.0,,-206.0
-632.0,-92.0,,-326.0,-266.0,3559.0,-173.0,561.0,,-231.0
-697.0,-119.0,,-301.0,-339.0,3639.0,-172.0,325.0,,-239.0
-649.0,-94.0,,-280.0,-403.0,3800.0,-183.0,338.0,,-224.0
-650.0,-36.0,,-245.0,-429.0,4082.0,-167.0,212.0,,-193.0
-554.0,-47.0,,-248.0,-400.0,4360.0,-147.0,118.0,,-132.0
-706.0,-25.0,,-224.0,-458.0,4424.0,-154.0,199.0,,-50.0
-688.0,-15.0,,-219.0,-412.0,4313.0,-161.0,53.0,,34.0
-647.0,-15.0,,-250.0,-395.0,4115.0,-173.0,218.0,,129.0
-618.0,-47.0,,-238.0,-355.0,3900.0,-148.0,-7.0,,237.0
-666.0,-20.0,,-197.0,-245.0,3598.0,-112.0,-194.0,,339.0
-800.0,64.0,,-190.0,-215.0,3394.0,-77.0,-552.0,,445.0
-731.0,82.0,,-169.0,-117.0,3154.0,-61.0,-1047.0,,538.0
-714.0,56.0,,-111.0,-53.0,2998.0,-71.0,-1075.0,,617.0
-696.0,22.0,,-99.0,-51.0,2853.0,-88.0,-1193.0,,678.0
-797.0,68.0,,-100.0,8.0,2656.0,-115.0,-995.0,,703.0
-926.0,133.0,,-91.0,39.0,2585.0,-124.0,-1040.0,,708.0
-845.0,215.0,,-86.0,50.0,2643.0,-127.0,-1019.0,,692.0
-829.0,323.0,,-102.0,74.0,2507.0,-122.0,-957.0,,658.0
-864.0,402.0,,-101.0,44.0,1848.0,-104.0,-1223.0,,614.0
-962.0,466.0,,-114.0,77.0,1777.0,-76.0,-1169.0,,565.0
-960.0,504.0,,-121.0,113.0,2165.0,-58.0,-1252.0,,507.0
-939.0,566.0,,-74.0,95.0,2297.0,-62.0,-955.0,,438.0
-960.0,645.0,,-68.0,147.0,2176.0,-56.0,-788.0,,363.0
-914.0,660.0,,-69.0,126.0,1892.0,-35.0,-829.0,,288.0
-957.0,588.0,,-63.0,89.0,2214.0,-35.0,-724.0,,212.0
-888.0,480.0,,-86.0,81.0,2644.0,-60.0,-1029.0,,129.0
-867.0,429.0,,-108.0,22.0,2754.0,-76.0,-1121.0,,57.0
-866.0,427.0,,-140.0,45.0,2737.0,-71.0,-1513.0,,0.0
-799.0,369.0,,-114.0,61.0,2474.0,-71.0,-1788.0,,-52.0
-802.0,269.0,,-55.0,66.0,2310.0,-84.0,-1757.0,,-104.0
-747.0,172.0,,-56.0,113.0,2230.0,-93.0,-1722.0,,-157.0
-760.0,57.0,,-71.0,94.0,2149.0,-99.0,-1419.0,,-209.0
-725.0,-12.0,,-69.0,102.0,1988.0,-115.0,-1426.0,,-244.0
-673.0,-39.0,,-77.0,110.0,1857.0,-121.0,-1197.0,,-262.0
-676.0,-74.0,,-99.0,87.0,1876.0,-104.0,-1212.0,,-276.0
-636.0,-155.0,,-107.0,98.0,1745.0,-71.0,-1311.0,,-276.0
-583.0,-310.0,,-141.0,61.0,1710.0,-43.0,-1199.0,,-264.0
-506.0,-409.0,,-206.0,47.0,1852.0,-43.0,-1300.0,,-253.0
-516.0,-350.0,,-276.0,62.0,1951.0,-44.0,-1005.0,,-235.0
-503.0,-241.0,,-321.0,44.0,1923.0,-56.0,-933.0,,-203.0
-471.0,-193.0,,-335.0,58.0,1746.0,-54.0,-718.0,,-170.0
-457.0,-158.0,,-378.0,41.0,1635.0,-42.0,-585.0,,-128.0
-419.0,-143.0,,-401.0,3.0,1723.0,-45.0,-663.0,,-72.0
-412.0,-196.0,,-394.0,18.0,1924.0,-26.0,-552.0,,-15.0
-338.0,-282.0,,-374.0,-3.0,2106.0,-11.0,-879.0,,29.0
-305.0,-319.0,,-337.0,-4.0,2143.0,-4.0,-890.0,,63.0
-361.0,-310.0,,-311.0,-2.0,2181.0,-6.0,-981.0,,101.0
-347.0,-340.0,,-260.0,-70.0,2418.0,-4.0,-1023.0,,149.0
-292.0,-411.0,,-203.0,-82.0,2506.0,-17.0,-1012.0,,198.0
-217.0,-460.0,,-191.0,-134.0,2332.0,-42.0,-1295.0,,260.0
-195.0,-438.0,,-155.0,-175.0,1934.0,-37.0,-1201.0,,336.0
-240.0,-436.0,,-96.0,-142.0,1623.0,-31.0,-1433.0,,385.0
-216.0,-451.0,,-62.0,-189.0,1515.0,-6.0,-1483.0,,408.0
-209.0,-474.0,,-13.0,-185.0,966.0,30.0,-1496.0,,409.0
-142.0,-528.0,,27.0,-179.0,403.0,52.0,-1522.0,,391.0
-154.0,-562.0,,10.0,-220.0,89.0,71.0,-1212.0,,354.0
-133.0,-615.0,,12.0,-188.0,20.0,73.0,-1236.0,,280.0
-95.0,-596.0,,18.0,-223.0,67.0,82.0,-1045.0,,202.0
-95.0,-548.0,,-7.0,-250.0,-366.0,128.0,-1128.0,,116.0
-41.0,-540.0,,-49.0,-230.0,-515.0,154.0,-1239.0,,33.0
-64.0,-526.0,,-142.0,-291.0,-331.0,155.0,-1289.0,,-29.0
76.0,-456.0,,-204.0,-299.0,-141.0,164.0,-1511.0,,-77.0
69.0,-362.0,,-241.0,-303.0,-104.0,158.0,-1426.0,,-98.0
88.0,-331.0,,-283.0,-303.0,-627.0,154.0,-1592.0,,-104.0
60.0,-249.0,,-306.0,-197.0,-903.0,142.0,-1502.0,,-89.0
84.0,-163.0,,-337.0,-142.0,-920.0,137.0,-1568.0,,-65.0
176.0,-98.0,,-329.0,-79.0,-1212.0,136.0,-1685.0,,-33.0
94.0,-52.0,,-317.0,-1.0,-1467.0,136.0,-1583.0,,-2.0
142.0,18.0,,-287.0,11.0,-1664.0,163.0,-1716.0,,27.0
67.0,95.0,,-219.0,76.0,-1692.0,166.0,-1383.0,,76.0
213.0,79.0,,-173.0,120.0,-1475.0,151.0,-1265.0,,116.0
160.0,109.0,,-155.0,145.0,-1475.0,129.0,-1112.0,,161.0
77.0,140.0,,-163.0,180.0,-1464.0,113.0,-955.0,,224.0
94.0,186.0,,-179.0,165.0,-1379.0,98.0,-1062.0,,288.0
132.0,228.0,,-223.0,186.0,-1256.0,76.0,-944.0,,340.0
159.0,237.0,,-250.0,191.0,-965.0,70.0,-1127.0,,385.0
35.0,315.0,,-260.0,151.0,-892.0,73.0,-1112.0,,404.0
81.0,391.0,,-256.0,124.0,-981.0,87.0,-1202.0,,399.0
-40.0,442.0,,-259.0,51.0,-861.0,100.0,-1249.0,,360.0
85.0,423.0,,-304.0,37.0,-453.0,93.0,-1132.0,,292.0
-33.0,387.0,,-287.0,58.0,-108.0,66.0,-1313.0,,203.0
-66.0,356.0,,-243.0,57.0,-31.0,46.0,-1173.0,,89.0
-33.0,292.0,,-218.0,143.0,-386.0,26.0,-1106.0,,-27.0
-8.0,201.0,,-215.0,159.0,-778.0,31.0,-757.0,,-167.0
62.0,105.0,,-207.0,116.0,-1075.0,59.0,-391.0,,-299.0
-38.0,52.0,,-117.0,89.0,-1690.0,77.0,-288.0,,-425.0
81.0,-68.0,,-54.0,0.0,-2182.0,88.0,-136.0,,-531.0
-124.0,-248.0,,-37.0,6.0,-2403.0,62.0,-375.0,,-604.0
68.0,-376.0,,-4.0,6.0,-2579.0,43.0,-323.0,,-656.0
83.0,-420.0,,-17.0,-38.0,-2928.0,31.0,-362.0,,-678.0
163.0,-487.0,,-62.0,3.0,-3186.0,25.0,-308.0,,-704.0
127.0,-575.0,,-128.0,-33.0,-2984.0,42.0,-168.0,,-734.0
13.0,-577.0,,-218.0,-54.0,-2750.0,67.0,-312.0,,-766.0
292.0,-563.0,,-293.0,-49.0,-2755.0,87.0,-188.0,,-790.0
140.0,-581.0,,-366.0,-159.0,-2644.0,73.0,-424.0,,-822.0
280.0,-618.0,,-408.0,-190.0,-2392.0,62.0,-458.0,,-824.0
142.0,-551.0,,-405.0,-206.0,-2383.0,32.0,-556.0,,-783.0
290.0,-475.0,,-373.0,-266.0,-2593.0,-4.0,-781.0,,-726.0
240.0,-533.0,,-373.0,-242.0,-2684.0,-12.0,-740.0,,-662.0
149.0,-635.0,,-439.0,-276.0,-2660.0,-31.0,-968.0,,-596.0
277.0,-680.0,,-425.0,-283.0,-2822.0,-28.0,-862.0,,-516.0
157.0,-653.0,,-366.0,-233.0,-2570.0,-30.0,-984.0,,-449.0
450.0,-656.0,,-323.0,-266.0,-1959.0,-43.0,-977.0,,-374.0
231.0,-624.0,,-254.0,-207.0,-2045.0,-43.0,-870.0,,-315.0
294.0,-500.0,,-228.0,-158.0,-2807.0,-46.0,-942.0,,-254.0
291.0,-305.0,,-207.0,-188.0,-3391.0,-33.0,-709.0,,-193.0
397.0,-191.0,,-163.0,-162.0,-3376.0,-28.0,-861.0,,-171.0
522.0,-181.0,,-104.0,-189.0,-3463.0,-39.0,-801.0,,-140.0
376.0,-160.0,,-48.0,-149.0,-4029.0,-31.0,-835.0,,-127.0
543.0,-157.0,,-40.0,-54.0,-4177.0,-31.0,-796.0,,-120.0
467.0,-129.0,,-30.0,-30.0,-3524.0,-60.0,-539.0,,-117.0
732.0,-104.0,,-54.0,49.0,-3075.0,-84.0,-583.0,,-118.0
555.0,-28.0,,-95.0,80.0,-2965.0,-125.0,-351.0,,-129.0
585.0,18.0,,-106.0,63.0,-2899.0,-164.0,-491.0,,-153.0
648.0,-11.0,,-114.0,96.0,-2847.0,-190.0,-545.0,,-177.0
653.0,-23.0,,-93.0,72.0,-2808.0,-206.0,-630.0,,-226.0
838.0,-49.0,,-49.0,86.0,-3292.0,-209.0,-785.0,,-279.0
544.0,-25.0,,25.0,117.0,-3734.0,-207.0,-594.0,,-328.0
704.0,17.0,,65.0,101.0,-3784.0,-195.0,-657.0,,-384.0
613.0,76.0,,41.0,144.0,-3768.0,-216.0,-358.0,,-439.0
743.0,111.0,,10.0,125.0,-3800.0,-227.0,-254.0,,-485.0
674.0,86.0,,-27.0,85.0,-3856.0,-234.0,-105.0,,-505.0
565.0,7.0,,-51.0,77.0,-3752.0,-247.0,116.0,,-515.0
650.0,-79.0,,-51.0,11.0,-3608.0,-248.0,18.0,,-533.0
570.0,-125.0,,-30.0,21.0,-3443.0,-260.0,181.0,,-534.0
765.0,-206.0,,-18.0,33.0,-3395.0,-250.0,53.0,,-524.0
537.0,-218.0,,0.0,31.0,-3609.0,-255.0,194.0,,-497.0
676.0,-119.0,,39.0,98.0,-4017.0,-260.0,275.0,,-449.0
627.0,0.0,,27.0,69.0,-4195.0,-236.0,321.0,,-381.0
664.0,68.0,,0.0,41.0,-4309.0,-221.0,559.0,,-304.0
625.0,108.0,,-51.0,13.0,-4750.0,-222.0,378.0,,-227.0
501.0,149.0,,-122.0,-105.0,-5110.0,-241.0,424.0,,-156.0
677.0,132.0,,-126.0,-120.0,-5056.0,-273.0,194.0,,-124.0
515.0,68.0,,-124.0,-134.0,-4589.0,-291.0,27.0,,-111.0
660.0,-2.0,,-103.0,-137.0,-4221.0,-297.0,-48.0,,-116.0
474.0,27.0,,-62.0,-45.0,-4148.0,-301.0,-155.0,,-152.0
489.0,98.0,,-33.0,-54.0,-4047.0,-282.0,27.0,,-202.0
576.0,96.0,,-31.0,-31.0,-3711.0,-272.0,-129.0,,-250.0
598.0,60.0,,-12.0,-8.0,-3397.0,-263.0,12.0,,-295.0
562.0,24.0,,58.0,-86.0,-3472.0,-248.0,-33.0,,-347.0
346.0,9.0,,107.0,-22.0,-3804.0,-254.0,-51.0,,-395.0
545.0,17.0,,159.0,61.0,-4114.0,-264.0,121.0,,-430.0
534.0,54.0,,147.0,111.0,-4364.0,-292.0,-81.0,,-443.0
542.0,140.0,,85.0,223.0,-4767.0,-320.0,-5.0,,-430.0
431.0,292.0,,7.0,219.0,-5131.0,-336.0,-175.0,,-407.0
436.0,355.0,,-76.0,211.0,-5092.0,-352.0,-197.0,,-363.0
504.0,324.0,,-68.0,227.0,-4663.0,-358.0,-245.0,,-322.0
445.0,323.0,,-48.0,143.0,-4242.0,-348.0,-356.0,,-301.0
507.0,320.0,,-43.0,151.0,-3914.0,-355.0,-147.0,,-275.0
425.0,286.0,,-57.0,153.0,-3568.0,-366.0,-218.0,,-246.0
510.0,219.0,,-45.0,83.0,-3247.0,-353.0,5.0,,-216.0
536.0,241.0,,-22.0,80.0,-2843.0,-359.0,-75.0,,-188.0
465.0,292.0,,-45.0,13.0,-2579.0,-344.0,-227.0,,-165.0
396.0,319.0,,8.0,-5.0,-2620.0,-327.0,-242.0,,-135.0
449.0,329.0,,42.0,52.0,-2677.0,-317.0,-391.0,,-112.0
580.0,316.0,,72.0,42.0,-2497.0,-305.0,-109.0,,-93.0
478.0,356.0,,149.0,124.0,-2220.0,-336.0,-40.0,,-78.0
485.0,361.0,,158.0,186.0,-2096.0,-351.0,212.0,,-85.0
457.0,362.0,,176.0,171.0,-2078.0,-371.0,336.0,,-105.0
520.0,368.0,,191.0,224.0,-1911.0,-419.0,249.0,,-127.0
570.0,348.0,,205.0,190.0,-1723.0,-440.0,253.0,,-127.0
552.0,295.0,,214.0,160.0,-1791.0,-422.0,-60.0,,-116.0
624.0,239.0,,217.0,159.0,-1986.0,-410.0,-97.0,,-108.0
534.0,215.0,,184.0,82.0,-2011.0,-422.0,-266.0,,-78.0
683.0,177.0,,142.0,93.0,-1838.0,-422.0,-201.0,,-40.0
650.0,206.0,,167.0,99.0,-1838.0,-428.0,-24.0,,-6.0
663.0,217.0,,161.0,62.0,-1942.0,-421.0,-11.0,,7.0
758.0,213.0,,157.0,74.0,-1832.0,-419.0,181.0,,1.0
744.0,239.0,,144.0,15.0,-1518.0,-434.0,-16.0,,-11.0
788.0,229.0,,148.0,-17.0,-1238.0,-437.0,127.0,,-50.0
697.0,171.0,,174.0,20.0,-1169.0,-436.0,363.0,,-104.0
845.0,93.0,,180.0,-3.0,-1320.0,-441.0,622.0,,-168.0
776.0,64.0,,227.0,38.0,-1527.0,-446.0,914.0,,-246.0
822.0,7.0,,263.0,54.0,-1767.0,-421.0,727.0,,-328.0
871.0,-40.0,,254.0,-29.0,-1868.0,-398.0,709.0,,-422.0
810.0,-76.0,,212.0,-39.0,-1949.0,-368.0,482.0,,-512.0
838.0,-109.0,,160.0,-95.0,-2214.0,-336.0,452.0,,-591.0
807.0,-144.0,,126.0,-121.0,-1963.0,-316.0,473.0,,-674.0
885.0,-238.0,,87.0,-51.0,-1350.0,-295.0,375.0,,-741.0
754.0,-327.0,,58.0,-67.0,-917.0,-305.0,609.0,,-792.0
793.0,-346.0,,23.0,-42.0,-924.0,-308.0,519.0,,-820.0
770.0,-255.0,,-52.0,2.0,-1055.0,-320.0,622.0,,-819.0
722.0,-161.0,,-122.0,-28.0,-901.0,-322.0,487.0,,-795.0
726.0,-93.0,,-173.0,-14.0,-910.0,-305.0,197.0,,-750.0
697.0,-68.0,,-182.0,-32.0,-1344.0,-299.0,66.0,,-687.0
705.0,-67.0,,-173.0,-75.0,-1989.0,-282.0,-216.0,,-624.0
649.0,-83.0,,-159.0,-30.0,-2269.0,-266.0,-144.0,,-572.0
682.0,-176.0,,-150.0,-39.0,-2352.0,-264.0,-245.0,,-503.0
595.0,-212.0,,-125.0,-45.0,-2553.0,-266.0,-68.0,,-429.0
563.0,-117.0,,-79.0,9.0,-2854.0,-244.0,16.0,,-367.0
542.0,36.0,,-82.0,-36.0,-2911.0,-221.0,-112.0,,-299.0
529.0,148.0,,-102.0,-54.0,-2737.0,-191.0,-64.0,,-235.0
508.0,309.0,,-141.0,-48.0,-2571.0,-157.0,-343.0,,-172.0
439.0,529.0,,-128.0,-92.0,-2210.0,-126.0,-234.0,,-97.0
359.0,674.0,,-121.0,-32.0,-1944.0,-93.0,-234.0,,-16.0
360.0,714.0,,-121.0,28.0,-1767.0,-73.0,-60.0,,75.0
420.0,711.0,,-94.0,50.0,-1735.0,-55.0,175.0,,173.0
422.0,741.0,,-116.0,124.0,-1740.0,-57.0,121.0,,269.0
350.0,728.0,,-125.0,137.0,-1657.0,-67.0,301.0,,368.0
267.0,649.0,,-127.0,138.0,-1813.0,-74.0,66.0,,440.0
358.0,531.0,,-83.0,179.0,-2051.0,-95.0,112.0,,485.0
373.0,402.0,,-62.0,138.0,-2158.0,-115.0,9.0,,516.0
315.0,242.0,,-88.0,104.0,-2239.0,-97.0,-158.0,,542.0
221.0,68.0,,-91.0,126.0,-2201.0,-74.0,-120.0,,565.0
315.0,-108.0,,-97.0,81.0,-1959.0,-60.0,-339.0,,580.0
364.0,-279.0,,-79.0,45.0,-1473.0,-42.0,-112.0,,600.0
344.0,-396.0,,-38.0,38.0,-929.0,-43.0,-101.0,,601.0
276.0,-543.0,,1.0,6.0,-816.0,-34.0,118.0,,598.0
234.0,-619.0,,53.0,54.0,-859.0,-20.0,267.0,,585.0
419.0,-593.0,,107.0,132.0,-1071.0,29.0,171.0,,568.0
420.0,-525.0,,134.0,156.0,-1428.0,76.0,330.0,,563.0
430.0,-463.0,,134.0,207.0,-1703.0,87.0,144.0,,557.0
212.0,-412.0,,121.0,218.0,-2028.0,102.0,264.0,,562.0
361.0,-280.0,,94.0,174.0,-2143.0,107.0,223.0,,555.0
501.0,-148.0,,97.0,140.0,-1867.0,128.0,327.0,,538.0
365.0,-85.0,,131.0,58.0,-1382.0,151.0,587.0,,512.0
408.0,-70.0,,161.0,-31.0,-922.0,154.0,447.0,,449.0
300.0,-8.0,,220.0,-78.0,-473.0,162.0,495.0,,370.0
373.0,57.0,,230.0,-141.0,17.0,169.0,219.0,,283.0
298.0,65.0,,253.0,-217.0,488.0,183.0,173.0,,181.0
323.0,67.0,,287.0,-250.0,508.0,219.0,133.0,,88.0
284.0,74.0,,290.0,-275.0,118.0,258.0,48.0,,-8.0
244.0,147.0,,335.0,-300.0,-223.0,280.0,144.0,,-117.0
334.0,247.0,,346.0,-285.0,-515.0,282.0,-5.0,,-225.0
293.0,366.0,,366.0,-279.0,-965.0,272.0,186.0,,-331.0
306.0,455.0,,359.0,-245.0,-1582.0,269.0,1.0,,-407.0
314.0,454.0,,333.0,-154.0,-1894.0,276.0,-168.0,,-488.0
429.0,435.0,,352.0,-111.0,-1903.0,299.0,-254.0,,-569.0
313.0,355.0,,329.0,-93.0,-1859.0,335.0,-504.0,,-624.0
240.0,187.0,,301.0,-41.0,-1750.0,377.0,-378.0,,-672.0
304.0,34.0,,307.0,-15.0,-1439.0,426.0,-478.0,,-704.0
384.0,-28.0,,325.0,0.0,-880.0,457.0,-308.0,,-719.0
398.0,-69.0,,331.0,39.0,-342.0,453.0,-267.0,,-719.0
323.0,-108.0,,283.0,46.0,77.0,440.0,-308.0,,-699.0
374.0,-89.0,,243.0,57.0,386.0,437.0,-330.0,,-672.0
311.0,-4.0,,225.0,72.0,523.0,431.0,-600.0,,-649.0
339.0,138.0,,167.0,50.0,582.0,443.0,-417.0,,-617.0
395.0,232.0,,132.0,71.0,472.0,479.0,-458.0,,-587.0
342.0,272.0,,141.0,119.0,256.0,492.0,-301.0,,-556.0
351.0,300.0,,147.0,125.0,135.0,492.0,-186.0,,-515.0
350.0,304.0,,145.0,161.0,-3.0,484.0,-267.0,,-474.0
337.0,301.0,,141.0,230.0,-31.0,457.0,-162.0,,-414.0
292.0,289.0,,151.0,269.0,70.0,470.0,-447.0,,-358.0
339.0,275.0,,181.0,320.0,363.0,498.0,-447.0,,-295.0
346.0,212.0,,230.0,338.0,790.0,525.0,-539.0,,-216.0
334.0,82.0,,280.0,300.0,1154.0,565.0,-485.0,,-142.0
372.0,-42.0,,325.0,298.0,1494.0,585.0,-288.0,,-61.0
303.0,-101.0,,363.0,271.0,1529.0,602.0,-295.0,,24.0
300.0,-96.0,,406.0,216.0,1350.0,608.0,1.0,,114.0
297.0,-110.0,,431.0,175.0,1130.0,623.0,-77.0,,202.0
328.0,-147.0,,439.0,71.0,1100.0,645.0,-27.0,,299.0
274.0,-132.0,,432.0,-25.0,1234.0,649.0,-64.0,,406.0
299.0,-76.0,,422.0,-65.0,1020.0,680.0,-192.0,,520.0
240.0,-66.0,,442.0,-120.0,813.0,690.0,-57.0,,640.0
168.0,-106.0,,439.0,-151.0,985.0,685.0,-118.0,,747.0
176.0,-85.0,,403.0,-153.0,1504.0,696.0,175.0,,831.0
100.0,7.0,,384.0,-177.0,1958.0,693.0,249.0,,890.0
262.0,62.0,,372.0,-160.0,1878.0,709.0,384.0,,931.0
167.0,23.0,,352.0,-124.0,1534.0,730.0,456.0,,940.0
203.0,-35.0,,324.0,-117.0,1429.0,756.0,184.0,,921.0
113.0,-60.0,,336.0,-54.0,1539.0,783.0,188.0,,871.0
103.0,-76.0,,368.0,22.0,1312.0,809.0,-46.0,,793.0
182.0,-122.0,,362.0,51.0,864.0,824.0,-3.0,,709.0
120.0,-155.0,,361.0,90.0,662.0,821.0,-29.0,,621.0
233.0,-109.0,,349.0,93.0,904.0,810.0,1.0,,543.0
68.0,-46.0,,287.0,60.0,1189.0,808.0,227.0,,460.0
229.0,-35.0,,224.0,63.0,959.0,855.0,218.0,,392.0
140.0,-31.0,,166.0,28.0,664.0,890.0,495.0,,322.0
170.0,65.0,,115.0,-29.0,630.0,899.0,373.0,,239.0
233.0,191.0,,91.0,-56.0,639.0,888.0,323.0,,155.0
227.0,241.0,,93.0,-114.0,599.0,870.0,99.0,,50.0
311.0,217.0,,99.0,-143.0,434.0,877.0,-474.0,,-53.0
161.0,219.0,,89.0,-132.0,231.0,883.0,-735.0,,-166.0
312.0,321.0,,83.0,-163.0,240.0,874.0,-1040.0,,-278.0
240.0,366.0,,110.0,-151.0,379.0,866.0,-739.0,,-383.0
372.0,306.0,,174.0,-125.0,717.0,866.0,-424.0,,-493.0
293.0,228.0,,189.0,-161.0,1260.0,865.0,-121.0,,-597.0
303.0,171.0,,188.0,-151.0,1590.0,883.0,66.0,,-695.0
321.0,88.0,,213.0,-118.0,1723.0,897.0,-242.0,,-776.0
252.0,-30.0,,225.0,-81.0,1768.0,883.0,-376.0,,-847.0
377.0,-66.0,,245.0,3.0,1667.0,867.0,-779.0,,-882.0
219.0,8.0,,258.0,32.0,1493.0,845.0,-676.0,,-890.0
332.0,104.0,,281.0,21.0,1462.0,805.0,-378.0,,-861.0
149.0,110.0,,268.0,47.0,1561.0,776.0,-166.0,,-784.0
221.0,81.0,,257.0,26.0,1625.0,768.0,229.0,,-696.0
197.0,75.0,,275.0,7.0,1499.0,779.0,73.0,,-576.0
189.0,87.0,,264.0,29.0,1245.0,796.0,-35.0,,-452.0
229.0,108.0,,235.0,1.0,1252.0,779.0,-424.0,,-336.0
45.0,90.0,,190.0,7.0,1430.0,775.0,-580.0,,-224.0
252.0,97.0,,163.0,54.0,1525.0,791.0,-365.0,,-112.0
66.0,164.0,,161.0,70.0,1650.0,809.0,-151.0,,12.0
183.0,162.0,,163.0,128.0,1999.0,827.0,351.0,,123.0
122.0,40.0,,155.0,147.0,2298.0,831.0,378.0,,225.0
105.0,-52.0,,169.0,115.0,2291.0,828.0,561.0,,325.0
159.0,-20.0,,166.0,153.0,2176.0,804.0,563.0,,416.0
39.0,52.0,,164.0,174.0,2247.0,793.0,495.0,,484.0
183.0,99.0,,165.0,191.0,2310.0,790.0,635.0,,530.0
30.0,193.0,,154.0,245.0,1986.0,792.0,460.0,,563.0
240.0,327.0,,162.0,223.0,1591.0,794.0,633.0,,560.0
118.0,409.0,,132.0,214.0,1249.0,787.0,596.0,,540.0
135.0,421.0,,155.0,230.0,1076.0,783.0,781.0,,508.0
169.0,397.0,,144.0,169.0,980.0,758.0,1036.0,,469.0
83.0,390.0,,112.0,142.0,694.0,760.0,1125.0,,421.0
182.0,337.0,,114.0,116.0,617.0,791.0,1345.0,,358.0
-11.0,237.0,,79.0,24.0,811.0,796.0,1010.0,,313.0
212.0,116.0,,62.0,-16.0,958.0,785.0,883.0,,261.0
56.0,-9.0,,42.0,-82.0,797.0,776.0,676.0,,212.0
79.0,-68.0,,10.0,-163.0,465.0,771.0,655.0,,182.0
63.0,-94.0,,-24.0,-150.0,402.0,773.0,776.0,,160.0
38.0,-132.0,,-36.0,-165.0,594.0,749.0,600.0,,159.0
97.0,-189.0,,-59.0,-174.0,678.0,731.0,764.0,,153.0
-128.0,-178.0,,-87.0,-129.0,590.0,760.0,668.0,,151.0
36.0,-120.0,,-112.0,-126.0,555.0,777.0,753.0,,157.0
-174.0,-86.0,,-140.0,-81.0,798.0,779.0,602.0,,148.0
-89.0,-20.0,,-148.0,-30.0,1118.0,765.0,325.0,,126.0
-219.0,57.0,,-165.0,-64.0,1287.0,730.0,415.0,,95.0
-330.0,95.0,,-176.0,-63.0,1525.0,694.0,247.0,,42.0
-320.0,12.0,,-189.0,-63.0,1581.0,676.0,380.0,,-32.0
-476.0,-43.0,,-190.0,-99.0,1419.0,668.0,267.0,,-109.0
-371.0,28.0,,-189.0,-86.0,1232.0,664.0,297.0,,-188.0
-674.0,59.0,,-181.0,-94.0,981.0,685.0,443.0,,-243.0
-519.0,-14.0,,-158.0,-95.0,674.0,676.0,393.0,,-274.0
-621.0,-108.0,,-189.0,-59.0,364.0,639.0,679.0,,-295.0
-721.0,-128.0,,-266.0,-51.0,375.0,601.0,644.0,,-300.0
-696.0,-157.0,,-304.0,10.0,662.0,568.0,855.0,,-300.0
-866.0,-195.0,,-321.0,86.0,811.0,555.0,864.0,,-295.0
-755.0,-199.0,,-346.0,92.0,853.0,554.0,692.0,,-288.0
-903.0,-137.0,,-393.0,124.0,1233.0,550.0,735.0,,-271.0
-757.0,-79.0,,-425.0,136.0,1772.0,526.0,607.0,,-258.0
-870.0,-108.0,,-416.0,110.0,2095.0,497.0,901.0,,-256.0
-955.0,-113.0,,-415.0,141.0,1957.0,451.0,982.0,,-276.0
-900.0,-93.0,,-408.0,122.0,1723.0,414.0,1062.0,,-318.0
-936.0,-71.0,,-366.0,75.0,1813.0,391.0,982.0,,-367.0
-719.0,-114.0,,-305.0,84.0,1695.0,386.0,652.0,,-435.0
-846.0,-176.0,,-266.0,38.0,1410.0,403.0,668.0,,-501.0
-756.0,-174.0,,-219.0,17.0,1157.0,400.0,602.0,,-563.0
-717.0,-149.0,,-168.0,32.0,1032.0,383.0,783.0,,-621.0
-728.0,-110.0,,-121.0,-7.0,1040.0,374.0,654.0,,-651.0
-642.0,-86.0,,-86.0,23.0,1080.0,370.0,513.0,,-666.0
-712.0,-71.0,,-82.0,60.0,1139.0,352.0,652.0,,-666.0
-538.0,-30.0,,-62.0,47.0,1199.0,333.0,740.0,,-640.0
-515.0,50.0,,-51.0,94.0,1306.0,314.0,1145.0,,-598.0
-510.0,92.0,,-36.0,95.0,1275.0,291.0,1103.0,,-537.0
-609.0,52.0,,-12.0,68.0,1169.0,292.0,1075.0,,-453.0
-584.0,-37.0,,17.0,88.0,1051.0,284.0,1055.0,,-361.0
-405.0,-110.0,,53.0,50.0,1051.0,257.0,997.0,,-279.0
-396.0,-182.0,,68.0,29.0,1041.0,225.0,1160.0,,-206.0
-439.0,-256.0,,81.0,33.0,1040.0,206.0,1036.0,,-153.0
-509.0,-250.0,,117.0,-30.0,1186.0,213.0,1267.0,,-118.0
-364.0,-190.0,,131.0,-35.0,1317.0,239.0,1306.0,,-98.0
-375.0,-136.0,,106.0,-14.0,1494.0,272.0,1326.0,,-99.0
-314.0,-128.0,,83.0,-34.0,1314.0,278.0,1363.0,,-96.0
-396.0,-98.0,,60.0,17.0,851.0,243.0,1110.0,,-103.0
-450.0,-47.0,,42.0,39.0,671.0,188.0,1088.0,,-126.0
-387.0,25.0,,22.0,-5.0,620.0,169.0,733.0,,-149.0
-407.0,64.0,,10.0,-4.0,344.0,169.0,661.0,,-176.0
-421.0,70.0,,-6.0,-35.0,-148.0,163.0,593.0,,-198.0
-564.0,129.0,,-50.0,-62.0,-378.0,168.0,517.0,,-214.0
-472.0,153.0,,-99.0,-29.0,-202.0,138.0,683.0,,-205.0
-535.0,122.0,,-152.0,-69.0,-100.0,102.0,495.0,,-181.0
-483.0,100.0,,-200.0,-111.0,-220.0,77.0,593.0,,-162.0
-525.0,207.0,,-262.0,-128.0,-307.0,42.0,478.0,,-130.0
-541.0,276.0,,-302.0,-205.0,-66.0,13.0,447.0,,-103.0
-526.0,200.0,,-318.0,-213.0,315.0,-18.0,504.0,,-89.0
-554.0,110.0,,-319.0,-205.0,455.0,-56.0,439.0,,-69.0
-505.0,82.0,,-280.0,-235.0,323.0,-102.0,646.0,,-58.0
-625.0,167.0,,-242.0,-173.0,34.0,-137.0,484.0,,-45.0
-470.0,153.0,,-198.0,-120.0,-141.0,-146.0,543.0,,-21.0
-490.0,54.0,,-134.0,-77.0,-160.0,-153.0,506.0,,0.0
-482.0,-37.0,,-112.0,15.0,-83.0,-172.0,535.0,,27.0
-535.0,-163.0,,-76.0,43.0,-145.0,-232.0,792.0,,51.0
-521.0,-297.0,,-24.0,61.0,-185.0,-294.0,648.0,,86.0
-471.0,-358.0,,-3.0,112.0,7.0,-335.0,713.0,,124.0
-474.0,-296.0,,9.0,104.0,206.0,-366.0,491.0,,169.0
-373.0,-229.0,,-24.0,122.0,283.0,-368.0,417.0,,235.0
-507.0,-191.0,,-79.0,165.0,140.0,-381.0,400.0,,298.0
-471.0,-203.0,,-120.0,141.0,21.0,-417.0,271.0,,365.0
-442.0,-170.0,,-178.0,130.0,-10.0,-452.0,511.0,,425.0
-419.0,-82.0,,-256.0,109.0,84.0,-480.0,484.0,,483.0
-473.0,-99.0,,-298.0,78.0,55.0,-478.0,711.0,,533.0
-492.0,-209.0,,-332.0,111.0,-52.0,-486.0,726.0,,567.0
-336.0,-324.0,,-375.0,96.0,142.0,-510.0,753.0,,585.0
-390.0,-389.0,,-432.0,58.0,406.0,-525.0,971.0,,587.0
-384.0,-484.0,,-467.0,77.0,315.0,-550.0,896.0,,579.0
-442.0,-518.0,,-443.0,57.0,-143.0,-576.0,1136.0,,556.0
-480.0,-430.0,,-448.0,43.0,-338.0,-570.0,1138.0,,538.0
-326.0,-379.0,,-427.0,60.0,-275.0,-585.0,1341.0,,523.0
-409.0,-360.0,,-443.0,22.0,-152.0,-626.0,1435.0,,512.0
-335.0,-322.0,,-487.0,5.0,-214.0,-648.0,1252.0,,510.0
-433.0,-198.0,,-485.0,5.0,-239.0,-669.0,1167.0,,523.0
-399.0,-28.0,,-493.0,-37.0,30.0,-668.0,785.0,,548.0
-343.0,88.0,,-500.0,-36.0,360.0,-680.0,761.0,,583.0
-435.0,165.0,,-515.0,-24.0,665.0,-693.0,628.0,,615.0
-278.0,223.0,,-500.0,-42.0,475.0,-674.0,770.0,,638.0
-402.0,253.0,,-557.0,-8.0,175.0,-661.0,975.0,,651.0
-308.0,221.0,,-623.0,-4.0,137.0,-645.0,792.0,,638.0
-511.0,182.0,,-626.0,-33.0,139.0,-645.0,783.0,,618.0
-343.0,157.0,,-671.0,-2.0,115.0,-668.0,421.0,,576.0
-317.0,122.0,,-673.0,-14.0,155.0,-697.0,426.0,,524.0
-376.0,84.0,,-653.0,-39.0,434.0,-719.0,436.0,,457.0
-257.0,44.0,,-629.0,-28.0,1117.0,-724.0,406.0,,374.0
-428.0,23.0,,-613.0,-56.0,1827.0,-725.0,441.0,,295.0
-200.0,43.0,,-615.0,-38.0,2120.0,-729.0,79.0,,194.0
-410.0,89.0,,-581.0,20.0,2066.0,-750.0,112.0,,110.0
-227.0,148.0,,-527.0,31.0,1564.0,-796.0,33.0,,48.0
-344.0,188.0,,-483.0,64.0,1158.0,-843.0,168.0,,4.0
-257.0,149.0,,-454.0,81.0,744.0,-855.0,293.0,,-17.0
-164.0,120.0,,-441.0,41.0,275.0,-877.0,221.0,,-40.0
-299.0,136.0,,-422.0,55.0,81.0,-913.0,323.0,,-35.0
-166.0,78.0,,-396.0,54.0,120.0,-949.0,86.0,,-20.0
-301.0,-78.0,,-381.0,16.0,589.0,-998.0,214.0,,17.0
-127.0,-228.0,,-335.0,38.0,1169.0,-1030.0,271.0,,87.0
-356.0,-299.0,,-318.0,25.0,1873.0,-1045.0,441.0,,167.0
-193.0,-372.0,,-344.0,0.0,2385.0,-1056.0,626.0,,270.0
-226.0,-411.0,,-333.0,37.0,2768.0,-1062.0,447.0,,376.0
-250.0,-380.0,,-327.0,45.0,3282.0,-1068.0,580.0,,494.0
-300.0,-317.0,,-351.0,54.0,3513.0,-1083.0,384.0,,617.0
-336.0,-324.0,,-342.0,90.0,3537.0,-1100.0,393.0,,724.0
-156.0,-391.0,,-343.0,64.0,3405.0,-1102.0,362.0,,834.0
-315.0,-348.0,,-345.0,63.0,3294.0,-1087.0,166.0,,922.0
-212.0,-259.0,,-306.0,92.0,3263.0,-1087.0,140.0,,980.0
-290.0,-156.0,,-289.0,49.0,3237.0,-1116.0,-149.0,,1014.0
-153.0,-55.0,,-259.0,50.0,3072.0,-1140.0,-116.0,,1026.0
-214.0,58.0,,-237.0,67.0,2729.0,-1127.0,-205.0,,1013.0
-210.0,195.0,,-222.0,44.0,2451.0,-1111.0,-49.0,,970.0
-199.0,240.0,,-207.0,77.0,2305.0,-1107.0,208.0,,929.0
-224.0,238.0,,-209.0,88.0,2408.0,-1102.0,317.0,,893.0
-145.0,179.0,,-163.0,50.0,2623.0,-1107.0,641.0,,865.0
-205.0,101.0,,-123.0,48.0,2666.0,-1101.0,450.0,,863.0
-173.0,11.0,,-114.0,4.0,2518.0,-1096.0,445.0,,871.0
-141.0,-155.0,,-93.0,-84.0,2408.0,-1088.0,375.0,,887.0
-108.0,-248.0,,-71.0,-107.0,2459.0,-1083.0,266.0,,901.0
-145.0,-229.0,,-61.0,-136.0,2538.0,-1089.0,463.0,,917.0
-78.0,-137.0,,-33.0,-160.0,2506.0,-1091.0,497.0,,927.0
-60.0,-107.0,,-2.0,-126.0,2416.0,-1088.0,766.0,,932.0
1.0,-108.0,,-15.0,-140.0,2652.0,-1048.0,720.0,,932.0
-76.0,-52.0,,-69.0,-147.0,3016.0,-1017.0,678.0,,907.0
-37.0,-58.0,,-85.0,-124.0,3138.0,-985.0,604.0,,867.0
-93.0,-32.0,,-93.0,-128.0,3164.0,-944.0,434.0,,806.0
-8.0,-18.0,,-92.0,-91.0,3232.0,-925.0,598.0,,729.0
-4.0,-17.0,,-84.0,-49.0,3478.0,-902.0,428.0,,631.0
-85.0,-34.0,,-91.0,-44.0,3509.0,-884.0,345.0,,531.0
-70.0,-91.0,,-77.0,13.0,3162.0,-871.0,73.0,,433.0
-175.0,-105.0,,-117.0,45.0,2587.0,-850.0,-210.0,,336.0
18.0,-101.0,,-104.0,-4.0,2015.0,-832.0,-321.0,,241.0
-133.0,-61.0,,-99.0,-35.0,1670.0,-827.0,-611.0,,144.0
-29.0,-6.0,,-87.0,-96.0,1558.0,-835.0,-521.0,,59.0
-125.0,126.0,,-19.0,-146.0,1859.0,-837.0,-594.0,,-26.0
-84.0,198.0,,-8.0,-88.0,2202.0,-817.0,-445.0,,-121.0
-26.0,191.0,,61.0,-30.0,2589.0,-800.0,-253.0,,-216.0
-82.0,248.0,,131.0,36.0,3046.0,-796.0,-352.0,,-292.0
49.0,324.0,,169.0,132.0,3202.0,-766.0,-338.0,,-352.0
-145.0,355.0,,248.0,142.0,3175.0,-737.0,-517.0,,-411.0
27.0,292.0,,298.0,142.0,2991.0,-715.0,-413.0,,-467.0
-106.0,357.0,,294.0,177.0,2761.0,-699.0,-556.0,,-531.0
-8.0,471.0,,307.0,182.0,2639.0,-685.0,-689.0,,-600.0
-5.0,401.0,,297.0,214.0,2581.0,-666.0,-720.0,,-674.0
-53.0,286.0,,269.0,213.0,2580.0,-645.0,-958.0,,-737.0
18.0,264.0,,282.0,151.0,2589.0,-623.0,-846.0,,-789.0
-120.0,241.0,,260.0,123.0,2652.0,-631.0,-999.0,,-832.0
31.0,46.0,,221.0,64.0,2679.0,-635.0,-964.0,,-855.0
-60.0,-135.0,,224.0,-26.0,2533.0,-646.0,-990.0,,-864.0
20.0,-189.0,,235.0,-47.0,2420.0,-656.0,-1088.0,,-853.0
30.0,-226.0,,237.0,-72.0,2466.0,-641.0,-960.0,,-842.0
-13.0,-285.0,,264.0,-85.0,2553.0,-633.0,-1043.0,,-826.0
10.0,-360.0,,304.0,-28.0,2522.0,-601.0,-702.0,,-788.0
-42.0,-358.0,,315.0,-17.0,2604.0,-563.0,-570.0,,-742.0
71.0,-303.0,,283.0,-7.0,2877.0,-531.0,-406.0,,-697.0
-27.0,-275.0,,263.0,5.0,3053.0,-514.0,-271.0,,-646.0
-68.0,-312.0,,267.0,-46.0,3027.0,-536.0,-408.0,,-600.0
-2.0,-339.0,,252.0,-43.0,2902.0,-529.0,-338.0,,-579.0
-24.0,-313.0,,241.0,-20.0,2964.0,-503.0,-578.0,,-559.0
24.0,-358.0,,261.0,-17.0,3084.0,-478.0,-509.0,,-540.0
-160.0,-426.0,,264.0,39.0,3007.0,-446.0,-587.0,,-510.0
-123.0,-428.0,,241.0,30.0,2582.0,-441.0,-694.0,,-464.0
-108.0,-377.0,,222.0,-43.0,2225.0,-416.0,-685.0,,-397.0
-195.0,-401.0,,199.0,-79.0,2274.0,-384.0,-946.0,,-310.0
-185.0,-445.0,,165.0,-150.0,2418.0,-363.0,-872.0,,-226.0
-384.0,-306.0,,180.0,-208.0,2504.0,-321.0,-1021.0,,-128.0
-269.0,-144.0,,200.0,-180.0,2329.0,-280.0,-866.0,,-42.0
-367.0,-129.0,,210.0,-166.0,1980.0,-244.0,-746.0,,33.0
-317.0,-172.0,,224.0,-128.0,1585.0,-212.0,-835.0,,94.0
-372.0,-185.0,,210.0,-66.0,1279.0,-190.0,-807.0,,146.0
-410.0,-185.0,,212.0,-110.0,1083.0,-189.0,-1208.0,,184.0
-308.0,-274.0,,245.0,-149.0,959.0,-179.0,-1273.0,,187.0
-451.0,-392.0,,297.0,-157.0,930.0,-170.0,-1450.0,,162.0
-288.0,-426.0,,316.0,-169.0,870.0,-165.0,-1463.0,,95.0
-367.0,-437.0,,313.0,-83.0,738.0,-142.0,-1367.0,,20.0
-198.0,-471.0,,290.0,-21.0,618.0,-110.0,-1581.0,,-60.0
-282.0,-505.0,,282.0,-35.0,828.0,-60.0,-1546.0,,-162.0
-237.0,-449.0,,277.0,-16.0,1050.0,-22.0,-1786.0,,-270.0
-129.0,-339.0,,231.0,-33.0,1123.0,4.0,-1722.0,,-383.0
-146.0,-230.0,,195.0,-58.0,963.0,24.0,-1699.0,,-493.0
37.0,-128.0,,143.0,-30.0,393.0,53.0,-1683.0,,-593.0
-59.0,-27.0,,118.0,-48.0,-31.0,81.0,-1472.0,,-681.0
97.0,68.0,,94.0,-40.0,-347.0,84.0,-1544.0,,-750.0
19.0,94.0,,80.0,27.0,-628.0,88.0,-1269.0,,-778.0
194.0,124.0,,71.0,41.0,-736.0,79.0,-1326.0,,-788.0
137.0,132.0,,37.0,73.0,-726.0,87.0,-1291.0,,-792.0
173.0,102.0,,41.0,107.0,-524.0,101.0,-1291.0,,-782.0
274.0,124.0,,55.0,72.0,-345.0,95.0,-1435.0,,-760.0
219.0,156.0,,56.0,93.0,-375.0,113.0,-1210.0,,-727.0
372.0,127.0,,65.0,101.0,-449.0,115.0,-1391.0,,-703.0
249.0,100.0,,85.0,52.0,-603.0,119.0,-1446.0,,-680.0
433.0,76.0,,95.0,69.0,-959.0,118.0,-1734.0,,-653.0
317.0,19.0,,128.0,48.0,-1346.0,107.0,-1873.0,,-643.0
392.0,-32.0,,183.0,-3.0,-1698.0,113.0,-1731.0,,-623.0
317.0,-119.0,,193.0,-8.0,-1761.0,107.0,-1812.0,,-598.0
338.0,-184.0,,145.0,-57.0,-1571.0,119.0,-1546.0,,-584.0
349.0,-245.0,,126.0,-79.0,-1566.0,132.0,-1539.0,,-569.0
260.0,-292.0,,99.0,-37.0,-1583.0,152.0,-1341.0,,-573.0
377.0,-240.0,,49.0,-30.0,-1558.0,165.0,-1239.0,,-572.0
149.0,-130.0,,63.0,8.0,-1636.0,158.0,-1291.0,,-601.0
283.0,-8.0,,86.0,64.0,-1706.0,175.0,-1169.0,,-655.0
65.0,96.0,,89.0,44.0,-1994.0,186.0,-1393.0,,-710.0
217.0,170.0,,98.0,47.0,-2390.0,193.0,-1306.0,,-794.0
167.0,183.0,,137.0,60.0,-2332.0,202.0,-1376.0,,-879.0
112.0,165.0,,190.0,53.0,-2039.0,212.0,-1319.0,,-971.0
133.0,95.0,,237.0,120.0,-1921.0,207.0,-1095.0,,-1058.0
-23.0,34.0,,278.0,133.0,-1790.0,191.0,-1110.0,,-1122.0
196.0,9.0,,297.0,88.0,-1633.0,185.0,-910.0,,-1169.0
7.0,-63.0,,319.0,83.0,-1668.0,202.0,-1082.0,,-1198.0
212.0,-125.0,,357.0,15.0,-1802.0,228.0,-1154.0,,-1212.0
73.0,-183.0,,414.0,-28.0,-2000.0,232.0,-1319.0,,-1216.0
166.0,-174.0,,442.0,-10.0,-2238.0,218.0,-1446.0,,-1223.0
138.0,-109.0,,439.0,-68.0,-2446.0,197.0,-1274.0,,-1205.0
106.0,-78.0,,428.0,-108.0,-2586.0,201.0,-1361.0,,-1163.0
291.0,-91.0,,350.0,-108.0,-2696.0,193.0,-1250.0,,-1121.0
180.0,-162.0,,287.0,-133.0,-2723.0,187.0,-1393.0,,-1070.0
418.0,-219.0,,243.0,-98.0,-2813.0,185.0,-1419.0,,-1006.0
217.0,-249.0,,185.0,-59.0,-3084.0,166.0,-1439.0,,-926.0
323.0,-225.0,,162.0,-58.0,-3234.0,155.0,-1642.0,,-842.0
235.0,-185.0,,166.0,-7.0,-3404.0,154.0,-1544.0,,-764.0
381.0,-103.0,,195.0,-16.0,-3602.0,162.0,-1631.0,,-682.0
411.0,67.0,,221.0,-76.0,-3697.0,161.0,-1395.0,,-587.0
259.0,245.0,,207.0,-83.0,-3720.0,161.0,-1308.0,,-496.0
385.0,407.0,,186.0,-130.0,-3827.0,153.0,-1337.0,,-407.0
192.0,561.0,,180.0,-150.0,-4118.0,138.0,-1339.0,,-318.0
335.0,714.0,,145.0,-125.0,-4275.0,138.0,-1563.0,,-237.0
158.0,707.0,,110.0,-161.0,-4209.0,150.0,-1455.0,,-149.0
228.0,568.0,,82.0,-152.0,-4023.0,169.0,-1633.0,,-75.0
142.0,440.0,,60.0,-96.0,-3987.0,171.0,-1546.0,,-22.0
113.0,353.0,,56.0,-89.0,-4092.0,160.0,-1391.0,,19.0
97.0,304.0,,65.0,-47.0,-3985.0,146.0,-1383.0,,41.0
-57.0,217.0,,83.0,8.0,-3715.0,110.0,-1171.0,,49.0
29.0,126.0,,86.0,41.0,-3583.0,75.0,-1285.0,,47.0
-147.0,44.0,,64.0,138.0,-3656.0,59.0,-1138.0,,24.0
3.0,20.0,,38.0,173.0,-3759.0,45.0,-1175.0,,-22.0
-195.0,34.0,,55.0,180.0,-3730.0,23.0,-1176.0,,-69.0
-156.0,86.0,,51.0,271.0,-3619.0,4.0,-1040.0,,-118.0
-173.0,218.0,,35.0,277.0,-3607.0,-3.0,-1012.0,,-168.0
-211.0,319.0,,36.0,260.0,-3734.0,1.0,-598.0,,-195.0
-109.0,333.0,,56.0,270.0,-3825.0,7.0,-504.0,,-213.0
-283.0,319.0,,132.0,191.0,-3660.0,-22.0,-295.0,,-228.0
-132.0,421.0,,190.0,131.0,-3432.0,-41.0,-188.0,,-230.0
-270.0,521.0,,222.0,87.0,-3317.0,-35.0,-234.0,,-229.0
-104.0,511.0,,252.0,17.0,-3199.0,-29.0,-151.0,,-211.0
-153.0,587.0,,262.0,49.0,-3013.0,-29.0,-378.0,,-173.0
-169.0,718.0,,257.0,69.0,-2751.0,-70.0,-219.0,,-127.0
-114.0,743.0,,269.0,27.0,-2514.0,-93.0,-147.0,,-64.0
-138.0,667.0,,255.0,48.0,-2364.0,-87.0,-22.0,,1.0
-6.0,578.0,,205.0,20.0,-2310.0,-91.0,55.0,,63.0
-157.0,487.0,,181.0,-35.0,-2362.0,-81.0,-107.0,,126.0
28.0,333.0,,161.0,-47.0,-2546.0,-64.0,38.0,,182.0
-105.0,227.0,,172.0,-129.0,-2867.0,-52.0,-127.0,,230.0
49.0,240.0,,204.0,-166.0,-3235.0,-48.0,-44.0,,276.0
-12.0,296.0,,181.0,-156.0,-3388.0,-42.0,-29.0,,307.0
-54.0,374.0,,152.0,-217.0,-3413.0,-16.0,-35.0,,322.0
34.0,389.0,,156.0,-208.0,-3616.0,28.0,51.0,,325.0
-57.0,362.0,,168.0,-172.0,-3921.0,50.0,-308.0,,315.0
180.0,357.0,,179.0,-183.0,-4165.0,48.0,-400.0,,309.0
-70.0,364.0,,172.0,-147.0,-4097.0,48.0,-681.0,,303.0
127.0,393.0,,154.0,-140.0,-3893.0,37.0,-630.0,,298.0
46.0,386.0,,127.0,-138.0,-3739.0,45.0,-447.0,,291.0
142.0,376.0,,93.0,-70.0,-3433.0,41.0,-373.0,,284.0
124.0,374.0,,79.0,-72.0,-3005.0,17.0,-44.0,,295.0
78.0,334.0,,98.0,-74.0,-2637.0,26.0,-77.0,,292.0
296.0,240.0,,121.0,-1.0,-2447.0,45.0,121.0,,279.0
12.0,158.0,,142.0,29.0,-2356.0,66.0,-12.0,,247.0
205.0,143.0,,184.0,106.0,-2426.0,71.0,-138.0,,199.0
39.0,84.0,,217.0,196.0,-2652.0,67.0,-136.0,,163.0
237.0,58.0,,269.0,202.0,-2883.0,62.0,-315.0,,110.0
213.0,98.0,,294.0,258.0,-2925.0,35.0,-24.0,,64.0
217.0,120.0,,284.0,287.0,-2731.0,31.0,36.0,,35.0
268.0,162.0,,297.0,248.0,-2416.0,38.0,343.0,,14.0
48.0,168.0,,275.0,239.0,-1990.0,42.0,474.0,,8.0
339.0,136.0,,234.0,172.0,-1695.0,43.0,343.0,,13.0
226.0,14.0,,209.0,84.0,-1426.0,46.0,399.0,,37.0
325.0,-25.0,,188.0,45.0,-1093.0,68.0,227.0,,69.0
238.0,14.0,,178.0,-27.0,-824.0,92.0,393.0,,114.0
291.0,-123.0,,170.0,-64.0,-738.0,121.0,306.0,,175.0
314.0,-268.0,,160.0,-71.0,-1028.0,145.0,343.0,,246.0
269.0,-334.0,,178.0,-123.0,-1231.0,166.0,489.0,,305.0
461.0,-320.0,,205.0,-111.0,-1203.0,160.0,443.0,,353.0
338.0,-373.0,,206.0,-72.0,-1097.0,147.0,676.0,,405.0
392.0,-438.0,,196.0,-69.0,-1062.0,150.0,613.0,,446.0
397.0,-324.0,,185.0,-26.0,-1190.0,149.0,759.0,,471.0
443.0,-129.0,,180.0,-16.0,-1118.0,148.0,737.0,,482.0
400.0,-18.0,,183.0,-29.0,-894.0,138.0,667.0,,486.0
330.0,-69.0,,197.0,23.0,-572.0,132.0,772.0,,468.0
399.0,-27.0,,194.0,30.0,-416.0,132.0,665.0,,437.0
360.0,42.0,,159.0,28.0,-604.0,130.0,982.0,,394.0
305.0,22.0,,114.0,65.0,-855.0,134.0,1106.0,,349.0
258.0,27.0,,69.0,37.0,-1062.0,159.0,1358.0,,298.0
221.0,154.0,,43.0,31.0,-1366.0,157.0,1574.0,,250.0
248.0,329.0,,39.0,21.0,-1821.0,140.0,1537.0,,206.0
216.0,371.0,,58.0,-46.0,-2125.0,141.0,1598.0,,160.0
176.0,323.0,,72.0,-46.0,-2270.0,135.0,1276.0,,130.0
131.0,250.0,,62.0,-36.0,-2215.0,166.0,1274.0,,93.0
114.0,221.0,,68.0,-35.0,-2038.0,186.0,1217.0,,71.0
157.0,138.0,,102.0,26.0,-1761.0,205.0,1335.0,,46.0
45.0,66.0,,140.0,28.0,-1312.0,250.0,1557.0,,15.0
83.0,105.0,,179.0,-24.0,-895.0,283.0,1343.0,,-11.0
118.0,173.0,,191.0,-67.0,-738.0,296.0,1363.0,,-58.0
114.0,138.0,,170.0,-140.0,-870.0,283.0,1049.0,,-104.0
59.0,-27.0,,179.0,-149.0,-855.0,289.0,875.0,,-149.0
-13.0,-165.0,,179.0,-116.0,-796.0,297.0,720.0,,-199.0
66.0,-308.0,,152.0,-110.0,-1018.0,316.0,617.0,,-261.0
63.0,-448.0,,140.0,-56.0,-1420.0,338.0,868.0,,-311.0
93.0,-520.0,,104.0,-22.0,-1585.0,350.0,811.0,,-354.0
-39.0,-497.0,,67.0,-39.0,-1498.0,379.0,962.0,,-381.0
-95.0,-426.0,,14.0,-7.0,-1419.0,395.0,844.0,,-379.0
45.0,-341.0,,-62.0,3.0,-1244.0,409.0,788.0,,-371.0
40.0,-278.0,,-121.0,-2.0,-935.0,412.0,790.0,,-353.0
2.0,-259.0,,-159.0,21.0,-534.0,410.0,548.0,,-335.0
-105.0,-243.0,,-194.0,-15.0,-237.0,426.0,703.0,,-317.0
-49.0,-287.0,,-240.0,-58.0,0.0,448.0,729.0,,-311.0
26.0,-226.0,,-295.0,-65.0,199.0,480.0,968.0,,-322.0
-35.0,-138.0,,-352.0,-99.0,156.0,482.0,986.0,,-338.0
37.0,-135.0,,-362.0,-94.0,58.0,475.0,763.0,,-355.0
31.0,-103.0,,-365.0,-72.0,50.0,496.0,570.0,,-376.0
73.0,-37.0,,-359.0,-92.0,-22.0,526.0,75.0,,-418.0
68.0,15.0,,-313.0,-69.0,-202.0,570.0,51.0,,-467.0
59.0,-61.0,,-290.0,-35.0,-454.0,615.0,149.0,,-506.0
175.0,-140.0,,-279.0,0.0,-546.0,647.0,539.0,,-526.0
136.0,-108.0,,-276.0,49.0,-497.0,656.0,947.0,,-536.0
243.0,-47.0,,-276.0,6.0,-618.0,654.0,981.0,,-526.0
189.0,-95.0,,-252.0,-25.0,-755.0,668.0,1099.0,,-505.0
178.0,-220.0,,-240.0,15.0,-826.0,671.0,981.0,,-478.0
223.0,-260.0,,-246.0,-4.0,-730.0,653.0,1114.0,,-434.0
154.0,-232.0,,-244.0,-30.0,-614.0,656.0,1128.0,,-379.0
233.0,-210.0,,-280.0,-31.0,-603.0,680.0,1202.0,,-325.0
128.0,-240.0,,-320.0,-45.0,-469.0,716.0,1528.0,,-279.0
240.0,-168.0,,-328.0,-38.0,-248.0,742.0,1546.0,,-222.0
138.0,-78.0,,-318.0,-79.0,217.0,760.0,1664.0,,-159.0
228.0,-101.0,,-297.0,-124.0,675.0,779.0,1356.0,,-93.0
299.0,-119.0,,-291.0,-116.0,775.0,768.0,1127.0,,-28.0
142.0,-58.0,,-271.0,-152.0,777.0,765.0,990.0,,26.0
281.0,98.0,,-267.0,-163.0,762.0,774.0,702.0,,89.0
164.0,171.0,,-287.0,-114.0,584.0,787.0,720.0,,149.0
364.0,135.0,,-281.0,-84.0,267.0,802.0,646.0,,193.0
147.0,131.0,,-252.0,-16.0,-54.0,793.0,910.0,,234.0
253.0,167.0,,-220.0,46.0,-200.0,776.0,951.0,,244.0
253.0,72.0,,-180.0,56.0,-154.0,770.0,873.0,,237.0
181.0,-158.0,,-144.0,104.0,-208.0,771.0,812.0,,223.0
388.0,-319.0,,-126.0,127.0,-347.0,792.0,465.0,,179.0
102.0,-376.0,,-141.0,100.0,-469.0,815.0,424.0,,119.0
413.0,-435.0,,-159.0,126.0,-492.0,822.0,116.0,,37.0
155.0,-547.0,,-149.0,118.0,-380.0,822.0,123.0,,-59.0
381.0,-545.0,,-145.0,68.0,-425.0,800.0,221.0,,-142.0
317.0,-473.0,,-161.0,44.0,-603.0,802.0,151.0,,-228.0
249.0,-442.0,,-160.0,4.0,-690.0,802.0,249.0,,-320.0
436.0,-463.0,,-148.0,-3.0,-523.0,773.0,9.0,,-393.0
213.0,-451.0,,-176.0,-26.0,-400.0,747.0,86.0,,-469.0
575.0,-325.0,,-186.0,-118.0,-680.0,738.0,-40.0,,-520.0
265.0,-243.0,,-197.0,-145.0,-1053.0,752.0,-133.0,,-563.0
565.0,-225.0,,-180.0,-150.0,-1103.0,755.0,-70.0,,-610.0
393.0,-203.0,,-150.0,-143.0,-739.0,774.0,-157.0,,-632.0
481.0,-91.0,,-128.0,-61.0,-415.0,770.0,48.0,,-659.0
575.0,-19.0,,-72.0,-18.0,-440.0,761.0,-86.0,,-669.0
456.0,-15.0,,-41.0,-8.0,-436.0,776.0,48.0,,-677.0
812.0,40.0,,6.0,0.0,-183.0,786.0,125.0,,-673.0
437.0,58.0,,30.0,-65.0,102.0,805.0,179.0,,-654.0
751.0,71.0,,46.0,-106.0,283.0,794.0,354.0,,-639.0
506.0,70.0,,58.0,-114.0,402.0,772.0,107.0,,-624.0
708.0,97.0,,44.0,-163.0,703.0,738.0,253.0,,-614.0
778.0,64.0,,37.0,-162.0,985.0,706.0,173.0,,-591.0
577.0,7.0,,-10.0,-159.0,975.0,676.0,83.0,,-564.0
766.0,17.0,,-36.0,-195.0,778.0,649.0,-112.0,,-512.0
497.0,44.0,,-31.0,-169.0,534.0,630.0,-443.0,,-461.0
739.0,128.0,,-10.0,-142.0,464.0,589.0,-400.0,,-442.0
494.0,152.0,,1.0,-112.0,413.0,546.0,-585.0,,-422.0
628.0,249.0,,-3.0,-9.0,495.0,500.0,-406.0,,-413.0
610.0,353.0,,16.0,43.0,689.0,490.0,-406.0,,-427.0
444.0,316.0,,4.0,74.0,984.0,467.0,-362.0,,-442.0
625.0,256.0,,-6.0,122.0,1495.0,455.0,-166.0,,-477.0
413.0,204.0,,23.0,106.0,1868.0,467.0,-297.0,,-517.0
545.0,230.0,,38.0,117.0,2152.0,447.0,-177.0,,-562.0
339.0,151.0,,43.0,122.0,2374.0,451.0,-284.0,,-621.0
423.0,24.0,,69.0,70.0,2527.0,430.0,-84.0,,-663.0
509.0,24.0,,89.0,71.0,2438.0,417.0,103.0,,-691.0
373.0,-5.0,,70.0,71.0,2088.0,428.0,186.0,,-699.0
444.0,-109.0,,50.0,63.0,1640.0,416.0,388.0,,-692.0
232.0,-208.0,,33.0,116.0,1264.0,417.0,133.0,,-662.0
423.0,-148.0,,10.0,105.0,1212.0,409.0,53.0,,-617.0
312.0,-27.0,,8.0,41.0,1231.0,383.0,-264.0,,-569.0
336.0,1.0,,-7.0,-3.0,1277.0,349.0,-485.0,,-506.0
279.0,15.0,,-37.0,-114.0,1197.0,333.0,-535.0,,-440.0
131.0,112.0,,-51.0,-178.0,1219.0,320.0,-644.0,,-379.0
235.0,162.0,,-70.0,-156.0,1563.0,309.0,-424.0,,-342.0
22.0,38.0,,-62.0,-144.0,1756.0,314.0,-461.0,,-327.0
113.0,-42.0,,-33.0,-68.0,1775.0,310.0,-275.0,,-337.0
-76.0,29.0,,-17.0,0.0,1696.0,295.0,-221.0,,-394.0
59.0,105.0,,-2.0,31.0,1451.0,269.0,-253.0,,-471.0
-117.0,11.0,,6.0,121.0,1051.0,260.0,-149.0,,-556.0
-209.0,-39.0,,38.0,156.0,417.0,253.0,-369.0,,-662.0
-129.0,45.0,,59.0,158.0,-214.0,241.0,-352.0,,-754.0
-242.0,57.0,,76.0,192.0,-531.0,225.0,-576.0,,-839.0
-152.0,-30.0,,121.0,165.0,-793.0,196.0,-637.0,,-935.0
-469.0,-82.0,,166.0,153.0,-988.0,163.0,-552.0,,-1008.0
-316.0,67.0,,221.0,176.0,-1080.0,107.0,-569.0,,-1061.0
-470.0,158.0,,253.0,151.0,-964.0,79.0,-367.0,,-1088.0
-303.0,145.0,,268.0,182.0,-590.0,60.0,-504.0,,-1089.0
-429.0,235.0,,282.0,229.0,-321.0,20.0,-424.0,,-1072.0
-531.0,385.0,,272.0,216.0,-44.0,12.0,-498.0,,-1036.0
-419.0,420.0,,234.0,253.0,285.0,5.0,-631.0,,-992.0
-526.0,287.0,,184.0,261.0,634.0,-4.0,-670.0,,-957.0
-234.0,209.0,,145.0,224.0,976.0,-27.0,-934.0,,-924.0
-482.0,231.0,,121.0,228.0,1148.0,-60.0,-783.0,,-892.0
-290.0,202.0,,64.0,172.0,1181.0,-91.0,-733.0,,-849.0
-461.0,49.0,,6.0,95.0,1296.0,-95.0,-439.0,,-789.0
-317.0,-71.0,,-24.0,56.0,1326.0,-97.0,-123.0,,-722.0
-259.0,-149.0,,-62.0,-34.0,1160.0,-128.0,-1.0,,-629.0
-299.0,-317.0,,-53.0,-82.0,1083.0,-141.0,188.0,,-513.0
-133.0,-608.0,,-54.0,-105.0,1051.0,-166.0,48.0,,-383.0
-334.0,-813.0,,-107.0,-180.0,1175.0,-179.0,264.0,,-252.0
-91.0,-801.0,,-131.0,-177.0,1374.0,-204.0,312.0,,-108.0
-306.0,-798.0,,-147.0,-162.0,1343.0,-223.0,404.0,,45.0
-96.0,-782.0,,-169.0,-180.0,1220.0,-194.0,550.0,,186.0
-219.0,-637.0,,-190.0,-145.0,990.0,-176.0,428.0,,320.0
-170.0,-391.0,,-229.0,-135.0,661.0,-163.0,648.0,,427.0
-105.0,-249.0,,-262.0,-135.0,403.0,-165.0,508.0,,499.0
-215.0,-264.0,,-295.0,-88.0,81.0,-175.0,543.0,,539.0
-84.0,-212.0,,-329.0,-80.0,-284.0,-200.0,541.0,,568.0
-249.0,-119.0,,-342.0,-64.0,-389.0,-222.0,412.0,,584.0
-17.0,-86.0,,-318.0,-32.0,-154.0,-239.0,513.0,,583.0
-162.0,-75.0,,-299.0,-50.0,9.0,-243.0,380.0,,572.0
-23.0,24.0,,-295.0,-3.0,-8.0,-240.0,661.0,,551.0
-118.0,179.0,,-300.0,66.0,54.0,-253.0,757.0,,530.0
-94.0,226.0,,-335.0,55.0,173.0,-245.0,807.0,,494.0
-60.0,187.0,,-349.0,44.0,254.0,-266.0,689.0,,454.0
-182.0,184.0,,-344.0,-9.0,194.0,-292.0,195.0,,410.0
18.0,155.0,,-353.0,-92.0,301.0,-306.0,83.0,,366.0
-86.0,29.0,,-396.0,-106.0,502.0,-333.0,-168.0,,327.0
67.0,-98.0,,-442.0,-111.0,421.0,-340.0,-103.0,,289.0
-58.0,-155.0,,-459.0,-83.0,247.0,-339.0,-66.0,,253.0
-49.0,-166.0,,-486.0,-22.0,43.0,-338.0,0.0,,226.0
27.0,-213.0,,-529.0,-38.0,79.0,-335.0,251.0,,213.0
-33.0,-283.0,,-554.0,-51.0,304.0,-341.0,129.0,,193.0
54.0,-242.0,,-552.0,-30.0,201.0,-355.0,236.0,,174.0
-73.0,-183.0,,-547.0,-44.0,-96.0,-373.0,125.0,,149.0
-44.0,-221.0,,-556.0,3.0,-128.0,-389.0,262.0,,110.0
-9.0,-235.0,,-553.0,90.0,16.0,-398.0,426.0,,49.0
-61.0,-147.0,,-558.0,141.0,183.0,-404.0,332.0,,-31.0
38.0,-85.0,,-574.0,216.0,419.0,-393.0,471.0,,-105.0
-89.0,-175.0,,-563.0,255.0,573.0,-403.0,388.0,,-176.0
10.0,-204.0,,-566.0,246.0,818.0,-408.0,628.0,,-233.0
-54.0,-61.0,,-555.0,266.0,1156.0,-388.0,600.0,,-265.0
-73.0,25.0,,-567.0,256.0,1348.0,-377.0,509.0,,-279.0
105.0,6.0,,-584.0,218.0,1387.0,-339.0,576.0,,-276.0
-52.0,54.0,,-606.0,216.0,1351.0,-302.0,495.0,,-248.0
135.0,213.0,,-632.0,181.0,1389.0,-276.0,718.0,,-191.0
-100.0,248.0,,-639.0,138.0,1533.0,-277.0,522.0,,-115.0
66.0,73.0,,-667.0,134.0,1750.0,-272.0,484.0,,-25.0
112.0,-62.0,,-640.0,88.0,1814.0,-263.0,280.0,,70.0
40.0,-81.0,,-626.0,42.0,1629.0,-261.0,-35.0,,170.0
161.0,-151.0,,-604.0,32.0,1478.0,-236.0,31.0,,263.0
-137.0,-249.0,,-576.0,13.0,1387.0,-216.0,-55.0,,351.0
135.0,-198.0,,-573.0,27.0,1397.0,-187.0,218.0,,428.0
-74.0,13.0,,-537.0,42.0,1663.0,-182.0,205.0,,471.0
40.0,187.0,,-473.0,-6.0,1734.0,-163.0,290.0,,502.0
25.0,297.0,,-373.0,-26.0,1488.0,-149.0,391.0,,522.0
-139.0,478.0,,-324.0,-37.0,1316.0,-151.0,223.0,,527.0
41.0,607.0,,-259.0,-91.0,1157.0,-147.0,419.0,,525.0
-237.0,506.0,,-214.0,-114.0,1006.0,-149.0,356.0,,530.0
-18.0,219.0,,-199.0,-158.0,787.0,-137.0,602.0,,522.0
-310.0,17.0,,-141.0,-226.0,534.0,-152.0,790.0,,497.0
-307.0,-88.0,,-109.0,-247.0,559.0,-139.0,825.0,,494.0
-253.0,-319.0,,-76.0,-255.0,694.0,-134.0,903.0,,485.0
-417.0,-569.0,,-73.0,-257.0,856.0,-137.0,635.0,,462.0
-233.0,-673.0,,-70.0,-249.0,1237.0,-115.0,705.0,,437.0
-637.0,-728.0,,-97.0,-258.0,1784.0,-101.0,569.0,,407.0
-375.0,-843.0,,-125.0,-251.0,2260.0,-76.0,465.0,,376.0
-497.0,-939.0,,-118.0,-197.0,2411.0,-71.0,314.0,,340.0
-435.0,-895.0,,-148.0,-165.0,2352.0,-67.0,57.0,,294.0
-425.0,-759.0,,-175.0,-160.0,2113.0,-56.0,138.0,,219.0
-665.0,-700.0,,-202.0,-144.0,1522.0,-55.0,-5.0,,121.0
-364.0,-703.0,,-202.0,-170.0,912.0,-71.0,234.0,,21.0
-611.0,-592.0,,-228.0,-206.0,681.0,-67.0,290.0,,-90.0
-369.0,-380.0,,-236.0,-205.0,695.0,-77.0,203.0,,-214.0
-592.0,-211.0,,-235.0,-181.0,411.0,-112.0,277.0,,-339.0
-425.0,-148.0,,-242.0,-115.0,-26.0,-127.0,24.0,,-456.0
-457.0,-31.0,,-204.0,-29.0,-73.0,-128.0,16.0,,-537.0
-620.0,155.0,,-205.0,15.0,305.0,-113.0,-162.0,,-599.0
-453.0,174.0,,-172.0,77.0,830.0,-122.0,-88.0,,-665.0
-650.0,73.0,,-129.0,144.0,1231.0,-127.0,-12.0,,-703.0
-359.0,12.0,,-129.0,169.0,1568.0,-148.0,-142.0,,-730.0
-636.0,-20.0,,-157.0,197.0,1859.0,-176.0,-123.0,,-734.0
-501.0,-45.0,,-169.0,200.0,2133.0,-192.0,-413.0,,-704.0
-612.0,8.0,,-182.0,182.0,2303.0,-207.0,-376.0,,-648.0
-517.0,125.0,,-221.0,202.0,2339.0,-205.0,-439.0,,-556.0
-492.0,176.0,,-248.0,218.0,2237.0,-202.0,-485.0,,-448.0
-661.0,119.0,,-264.0,219.0,2026.0,-208.0,-615.0,,-345.0
-488.0,4.0,,-252.0,222.0,2065.0,-231.0,-927.0,,-251.0
-632.0,-34.0,,-255.0,150.0,2124.0,-236.0,-715.0,,-174.0
-423.0,-55.0,,-243.0,24.0,1921.0,-239.0,-591.0,,-118.0
-590.0,-181.0,,-239.0,-67.0,1686.0,-245.0,-221.0,,-69.0
-384.0,-233.0,,-234.0,-163.0,1583.0,-240.0,-35.0,,-29.0
-465.0,-253.0,,-185.0,-237.0,1530.0,-254.0,1.0,,-3.0
-486.0,-373.0,,-137.0,-270.0,1376.0,-260.0,186.0,,14.0
-450.0,-425.0,,-98.0,-302.0,1204.0,-266.0,151.0,,33.0
-416.0,-359.0,,-95.0,-264.0,1210.0,-288.0,448.0,,50.0
-218.0,-145.0,,-131.0,-187.0,1204.0,-291.0,395.0,,71.0
-453.0,55.0,,-129.0,-164.0,882.0,-272.0,395.0,,106.0
-291.0,230.0,,-115.0,-137.0,577.0,-249.0,399.0,,134.0
-417.0,513.0,,-144.0,-83.0,708.0,-234.0,168.0,,157.0
-231.0,619.0,,-167.0,-22.0,964.0,-216.0,262.0,,182.0
-292.0,554.0,,-204.0,85.0,1022.0,-203.0,118.0,,208.0
-340.0,460.0,,-200.0,166.0,1087.0,-202.0,249.0,,232.0
-264.0,399.0,,-204.0,192.0,1218.0,-191.0,295.0,,264.0
-305.0,382.0,,-210.0,232.0,1410.0,-187.0,295.0,,297.0
-124.0,352.0,,-209.0,220.0,1549.0,-174.0,367.0,,328.0
-411.0,332.0,,-267.0,161.0,1460.0,-190.0,151.0,,364.0
-234.0,369.0,,-294.0,116.0,1339.0,-234.0,166.0,,407.0
-236.0,402.0,,-327.0,50.0,1414.0,-247.0,-33.0,,459.0
-169.0,298.0,,-321.0,-1.0,1549.0,-249.0,42.0,,497.0
-216.0,233.0,,-288.0,-15.0,1421.0,-242.0,1.0,,540.0
-311.0,264.0,,-288.0,-47.0,1242.0,-239.0,-232.0,,572.0
-103.0,272.0,,-280.0,-38.0,1240.0,-228.0,-234.0,,583.0
-274.0,223.0,,-290.0,37.0,1172.0,-212.0,-561.0,,588.0
-196.0,143.0,,-309.0,92.0,1122.0,-216.0,-563.0,,577.0
-318.0,112.0,,-335.0,156.0,1267.0,-230.0,-694.0,,565.0
-137.0,146.0,,-328.0,197.0,1381.0,-245.0,-648.0,,543.0
-204.0,58.0,,-355.0,184.0,1424.0,-263.0,-489.0,,521.0
-352.0,-161.0,,-364.0,228.0,1517.0,-274.0,-644.0,,509.0
-310.0,-160.0,,-368.0,265.0,1425.0,-273.0,-569.0,,486.0
-391.0,12.0,,-397.0,218.0,1209.0,-265.0,-798.0,,451.0
-152.0,69.0,,-361.0,155.0,1100.0,-252.0,-729.0,,401.0
-307.0,31.0,,-371.0,56.0,1043.0,-261.0,-689.0,,348.0
-264.0,93.0,,-357.0,-79.0,1039.0,-266.0,-663.0,,292.0
-365.0,198.0,,-318.0,-188.0,985.0,-291.0,-397.0,,237.0
-301.0,177.0,,-294.0,-314.0,1009.0,-325.0,-419.0,,190.0
-286.0,95.0,,-247.0,-412.0,1235.0,-328.0,-190.0,,157.0
-391.0,92.0,,-226.0,-426.0,1278.0,-367.0,-297.0,,137.0
-244.0,136.0,,-234.0,-439.0,1116.0,-380.0,-197.0,,123.0
-362.0,57.0,,-267.0,-397.0,949.0,-375.0,-11.0,,112.0
-255.0,-6.0,,-271.0,-312.0,838.0,-391.0,-131.0,,99.0
-389.0,75.0,,-236.0,-270.0,905.0,-378.0,-38.0,,100.0
-363.0,166.0,,-187.0,-194.0,803.0,-388.0,-354.0,,110.0
-399.0,195.0,,-156.0,-101.0,493.0,-396.0,-382.0,,135.0
-432.0,141.0,,-138.0,-50.0,315.0,-404.0,-570.0,,160.0
-412.0,84.0,,-150.0,29.0,308.0,-422.0,-763.0,,167.0
-504.0,-5.0,,-156.0,113.0,532.0,-427.0,-624.0,,182.0
-437.0,-142.0,,-85.0,165.0,653.0,-412.0,-764.0,,194.0
-518.0,-266.0,,-6.0,243.0,743.0,-393.0,-498.0,,207.0
-506.0,-350.0,,55.0,288.0,1015.0,-416.0,-461.0,,237.0
-611.0,-300.0,,65.0,286.0,1190.0,-420.0,-282.0,,272.0
-538.0,-323.0,,46.0,290.0,1243.0,-421.0,-210.0,,302.0
-556.0,-336.0,,46.0,241.0,1073.0,-418.0,-321.0,,309.0
-595.0,-240.0,,51.0,215.0,953.0,-395.0,-134.0,,281.0
-554.0,-164.0,,81.0,245.0,946.0,-382.0,-297.0,,240.0
-648.0,-66.0,,107.0,201.0,813.0,-369.0,-73.0,,179.0
-660.0,-62.0,,148.0,135.0,640.0,-369.0,-59.0,,100.0
-655.0,-44.0,,190.0,113.0,557.0,-375.0,27.0,,16.0
-560.0,-75.0,,198.0,54.0,609.0,-381.0,168.0,,-66.0
-617.0,-208.0,,212.0,1.0,730.0,-376.0,-5.0,,-138.0
-619.0,-281.0,,235.0,-29.0,995.0,-366.0,94.0,,-201.0
-593.0,-248.0,,259.0,-76.0,1115.0,-338.0,-258.0,,-237.0
-587.0,-178.0,,277.0,-73.0,1120.0,-315.0,-351.0,,-262.0
-560.0,-183.0,,311.0,-92.0,1081.0,-310.0,-524.0,,-268.0
-574.0,-163.0,,355.0,-158.0,1084.0,-303.0,-615.0,,-248.0
-532.0,-172.0,,385.0,-157.0,995.0,-312.0,-362.0,,-215.0
-490.0,-129.0,,397.0,-137.0,444.0,-313.0,-432.0,,-169.0
-464.0,17.0,,376.0,-131.0,110.0,-311.0,-116.0,,-119.0
-478.0,229.0,,371.0,-95.0,210.0,-308.0,-90.0,,-73.0
-465.0,339.0,,394.0,-91.0,509.0,-313.0,-60.0,,-39.0
-482.0,295.0,,387.0,-105.0,615.0,-317.0,-129.0,,-7.0
-365.0,370.0,,352.0,-62.0,695.0,-303.0,-375.0,,23.0
-344.0,394.0,,344.0,-30.0,1136.0,-271.0,-181.0,,40.0
-384.0,389.0,,353.0,-2.0,1706.0,-237.0,-243.0,,48.0
-305.0,364.0,,353.0,21.0,2155.0,-235.0,-153.0,,54.0
-318.0,337.0,,338.0,-30.0,2222.0,-233.0,-321.0,,44.0
-252.0,409.0,,301.0,-69.0,2299.0,-230.0,-441.0,,32.0
-289.0,454.0,,265.0,-82.0,2383.0,-233.0,-362.0,,4.0
-184.0,503.0,,238.0,-148.0,2315.0,-229.0,-509.0,,-45.0
-91.0,406.0,,208.0,-188.0,2103.0,-246.0,-369.0,,-83.0
-100.0,292.0,,172.0,-187.0,1738.0,-276.0,-532.0,,-106.0
-84.0,272.0,,159.0,-207.0,1449.0,-308.0,-434.0,,-103.0
-104.0,209.0,,145.0,-176.0,1534.0,-325.0,-423.0,,-81.0
34.0,116.0,,138.0,-134.0,1870.0,-331.0,-626.0,,-51.0
-20.0,171.0,,176.0,-141.0,2057.0,-328.0,-628.0,,-5.0
-6.0,386.0,,191.0,-115.0,2193.0,-325.0,-859.0,,46.0
-37.0,380.0,,207.0,-90.0,2375.0,-337.0,-606.0,,104.0
50.0,362.0,,227.0,-95.0,2745.0,-351.0,-469.0,,167.0
72.0,532.0,,248.0,-79.0,3000.0,-362.0,-232.0,,233.0
-44.0,600.0,,301.0,-102.0,2839.0,-358.0,44.0,,292.0
42.0,449.0,,308.0,-145.0,2440.0,-363.0,44.0,,325.0
-36.0,236.0,,299.0,-148.0,2267.0,-364.0,256.0,,328.0
0.0,175.0,,278.0,-173.0,2242.0,-381.0,127.0,,297.0
-104.0,89.0,,277.0,-193.0,1821.0,-417.0,251.0,,255.0
-9.0,-125.0,,304.0,-160.0,1170.0,-451.0,212.0,,195.0
1.0,-256.0,,280.0,-130.0,780.0,-479.0,145.0,,129.0
-134.0,-216.0,,275.0,-54.0,907.0,-461.0,336.0,,84.0
-86.0,-267.0,,266.0,59.0,967.0,-443.0,264.0,,37.0
-134.0,-465.0,,236.0,86.0,795.0,-429.0,454.0,,-12.0
-32.0,-518.0,,224.0,80.0,813.0,-445.0,312.0,,-52.0
-82.0,-357.0,,211.0,69.0,1003.0,-470.0,254.0,,-91.0
-108.0,-199.0,,187.0,-2.0,1238.0,-479.0,177.0,,-136.0
-165.0,-210.0,,185.0,-57.0,1339.0,-506.0,-11.0,,-172.0
-134.0,-277.0,,224.0,-96.0,1311.0,-483.0,123.0,,-205.0
-64.0,-242.0,,224.0,-126.0,1235.0,-478.0,-16.0,,-224.0
-115.0,-151.0,,229.0,-70.0,1110.0,-475.0,125.0,,-237.0
-90.0,-240.0,,249.0,-20.0,1048.0,-453.0,-33.0,,-259.0
-101.0,-337.0,,259.0,-25.0,915.0,-454.0,-312.0,,-276.0
-60.0,-268.0,,313.0,-26.0,722.0,-433.0,-439.0,,-308.0
-60.0,-249.0,,367.0,-58.0,559.0,-431.0,-715.0,,-342.0
-45.0,-352.0,,414.0,-68.0,273.0,-448.0,-506.0,,-385.0
-33.0,-415.0,,456.0,-12.0,-36.0,-458.0,-441.0,,-430.0
24.0,-182.0,,482.0,11.0,-371.0,-451.0,-201.0,,-471.0
87.0,-9.0,,467.0,32.0,-448.0,-453.0,-188.0,,-508.0
83.0,-153.0,,459.0,72.0,-206.0,-451.0,-367.0,,-522.0
104.0,-314.0,,472.0,58.0,73.0,-430.0,-277.0,,-521.0
131.0,-276.0,,452.0,47.0,231.0,-409.0,-515.0,,-503.0
172.0,-218.0,,459.0,39.0,351.0,-375.0,-384.0,,-474.0
190.0,-301.0,,443.0,-26.0,570.0,-361.0,-434.0,,-425.0
218.0,-202.0,,385.0,-31.0,734.0,-340.0,-354.0,,-358.0
333.0,20.0,,321.0,23.0,602.0,-327.0,-121.0,,-273.0
388.0,232.0,,276.0,55.0,-8.0,-321.0,-109.0,,-157.0
365.0,364.0,,273.0,106.0,-502.0,-296.0,181.0,,-42.0
408.0,448.0,,283.0,121.0,-809.0,-282.0,55.0,,76.0
410.0,645.0,,303.0,122.0,-1097.0,-289.0,166.0,,197.0
468.0,759.0,,309.0,204.0,-1456.0,-282.0,118.0,,304.0
489.0,721.0,,310.0,266.0,-1940.0,-257.0,-36.0,,406.0
486.0,635.0,,315.0,250.0,-2143.0,-241.0,46.0,,479.0
457.0,610.0,,301.0,185.0,-2308.0,-206.0,-225.0,,525.0
462.0,506.0,,297.0,45.0,-2439.0,-173.0,-195.0,,546.0
546.0,295.0,,327.0,-85.0,-2418.0,-149.0,-339.0,,542.0
453.0,87.0,,353.0,-181.0,-2321.0,-135.0,-312.0,,525.0
501.0,-83.0,,380.0,-324.0,-2383.0,-143.0,-280.0,,502.0
395.0,-105.0,,389.0,-398.0,-2547.0,-135.0,-380.0,,480.0
352.0,-85.0,,374.0,-375.0,-2535.0,-127.0,-184.0,,460.0
426.0,3.0,,387.0,-363.0,-2454.0,-120.0,-308.0,,449.0
380.0,134.0,,434.0,-307.0,-2428.0,-95.0,-129.0,,433.0
396.0,198.0,,477.0,-234.0,-2758.0,-78.0,-116.0,,428.0
166.0,332.0,,495.0,-182.0,-3113.0,-66.0,-112.0,,437.0
283.0,543.0,,548.0,-66.0,-3145.0,-46.0,12.0,,450.0
232.0,675.0,,594.0,32.0,-2890.0,-20.0,-157.0,,475.0
211.0,604.0,,639.0,66.0,-2546.0,-3.0,-33.0,,497.0
239.0,642.0,,718.0,112.0,-2389.0,14.0,-24.0,,505.0
98.0,778.0,,769.0,111.0,-2172.0,32.0,262.0,,500.0
204.0,614.0,,790.0,108.0,-1967.0,51.0,384.0,,482.0
7.0,339.0,,768.0,169.0,-1977.0,80.0,188.0,,460.0
173.0,185.0,,750.0,189.0,-2300.0,96.0,109.0,,446.0
47.0,217.0,,757.0,222.0,-2888.0,119.0,-194.0,,416.0
96.0,240.0,,730.0,303.0,-3338.0,144.0,-173.0,,368.0
129.0,100.0,,671.0,304.0,-3582.0,162.0,-243.0,,321.0
-20.0,68.0,,646.0,276.0,-3623.0,189.0,-181.0,,256.0
155.0,231.0,,664.0,254.0,-3630.0,232.0,-33.0,,180.0
18.0,273.0,,699.0,196.0,-3595.0,263.0,-29.0,,106.0
282.0,37.0,,702.0,175.0,-3386.0,286.0,205.0,,34.0
163.0,-125.0,,686.0,152.0,-3140.0,322.0,72.0,,-36.0
277.0,-53.0,,728.0,93.0,-2928.0,337.0,86.0,,-109.0
336.0,-17.0,,732.0,92.0,-3144.0,344.0,5.0,,-184.0
280.0,-149.0,,719.0,102.0,-3670.0,359.0,-125.0,,-247.0
371.0,-228.0,,758.0,108.0,-4317.0,389.0,22.0,,-293.0
256.0,-146.0,,761.0,153.0,-4912.0,406.0,31.0,,-309.0
528.0,-71.0,,732.0,165.0,-5353.0,421.0,203.0,,-291.0
459.0,-208.0,,677.0,166.0,-5853.0,425.0,-83.0,,-247.0
601.0,-419.0,,647.0,172.0,-6064.0,414.0,-363.0,,-176.0
520.0,-426.0,,657.0,123.0,-5968.0,415.0,-517.0,,-103.0
527.0,-425.0,,651.0,114.0,-5604.0,416.0,-641.0,,-23.0
625.0,-425.0,,647.0,144.0,-5478.0,437.0,-382.0,,70.0
550.0,-255.0,,630.0,105.0,-5519.0,440.0,-430.0,,154.0
703.0,-60.0,,630.0,54.0,-5342.0,434.0,-284.0,,228.0
618.0,-76.0,,646.0,19.0,-5256.0,417.0,-234.0,,292.0
678.0,-224.0,,641.0,-15.0,-5093.0,413.0,-297.0,,353.0
658.0,-186.0,,648.0,23.0,-5141.0,430.0,-328.0,,406.0
768.0,36.0,,693.0,85.0,-5269.0,430.0,-530.0,,438.0
796.0,199.0,,740.0,118.0,-5195.0,452.0,-360.0,,453.0
773.0,165.0,,761.0,188.0,-4926.0,465.0,-323.0,,442.0
888.0,139.0,,781.0,236.0,-4726.0,494.0,-29.0,,408.0
957.0,214.0,,797.0,262.0,-4844.0,493.0,253.0,,352.0
991.0,283.0,,792.0,325.0,-4751.0,465.0,382.0,,280.0
930.0,295.0,,792.0,356.0,-4407.0,456.0,604.0,,190.0
940.0,296.0,,815.0,382.0,-4252.0,439.0,437.0,,95.0
936.0,375.0,,788.0,406.0,-4568.0,455.0,515.0,,9.0
968.0,419.0,,723.0,352.0,-4856.0,434.0,400.0,,-68.0
926.0,501.0,,672.0,306.0,-4718.0,426.0,388.0,,-135.0
923.0,628.0,,609.0,245.0,-4564.0,436.0,476.0,,-206.0
895.0,667.0,,534.0,104.0,-4804.0,423.0,321.0,,-269.0
909.0,629.0,,473.0,14.0,-5081.0,441.0,533.0,,-315.0
851.0,491.0,,489.0,-39.0,-4851.0,431.0,465.0,,-351.0
744.0,375.0,,479.0,-124.0,-4634.0,426.0,497.0,,-372.0
772.0,393.0,,429.0,-183.0,-4623.0,439.0,423.0,,-369.0
777.0,323.0,,416.0,-266.0,-4488.0,437.0,325.0,,-329.0
783.0,155.0,,373.0,-348.0,-4446.0,418.0,535.0,,-260.0
629.0,66.0,,362.0,-330.0,-4565.0,403.0,484.0,,-186.0
609.0,-38.0,,402.0,-295.0,-4524.0,420.0,609.0,,-110.0
565.0,-134.0,,448.0,-236.0,-4445.0,435.0,308.0,,-35.0
591.0,-188.0,,501.0,-119.0,-4335.0,441.0,-44.0,,22.0
618.0,-121.0,,553.0,-60.0,-4213.0,439.0,-328.0,,68.0
490.0,-23.0,,547.0,-32.0,-4175.0,428.0,-692.0,,101.0
517.0,-24.0,,508.0,-3.0,-3879.0,430.0,-526.0,,116.0
434.0,20.0,,463.0,-12.0,-3833.0,434.0,-552.0,,118.0
453.0,101.0,,429.0,23.0,-3862.0,433.0,-386.0,,104.0
343.0,121.0,,424.0,75.0,-3505.0,441.0,-386.0,,80.0
344.0,155.0,,378.0,106.0,-3267.0,440.0,-480.0,,44.0
449.0,346.0,,373.0,184.0,-3292.0,448.0,-395.0,,-18.0
398.0,473.0,,377.0,194.0,-3610.0,470.0,-583.0,,-97.0
425.0,565.0,,377.0,155.0,-3587.0,467.0,-423.0,,-169.0
320.0,609.0,,422.0,177.0,-3063.0,473.0,-504.0,,-251.0
426.0,612.0,,462.0,161.0,-2844.0,477.0,-386.0,,-344.0
398.0,840.0,,519.0,148.0,-2866.0,473.0,-288.0,,-444.0
409.0,997.0,,547.0,193.0,-2582.0,493.0,-391.0,,-564.0
498.0,909.0,,558.0,205.0,-2080.0,514.0,-162.0,,-701.0
482.0,728.0,,577.0,257.0,-1629.0,535.0,-181.0,,-836.0
548.0,491.0,,572.0,329.0,-1578.0,542.0,129.0,,-973.0
483.0,95.0,,525.0,327.0,-1725.0,524.0,97.0,,-1126.0
546.0,-268.0,,487.0,320.0,-1626.0,495.0,-73.0,,-1270.0
501.0,-570.0,,449.0,260.0,-1789.0,487.0,-175.0,,-1410.0
612.0,-777.0,,435.0,166.0,-1864.0,495.0,-474.0,,-1541.0
631.0,-787.0,,480.0,173.0,-1748.0,515.0,-347.0,,-1646.0
571.0,-852.0,,480.0,193.0,-1942.0,539.0,-441.0,,-1725.0
629.0,-770.0,,464.0,195.0,-2009.0,558.0,-256.0,,-1769.0
561.0,-566.0,,453.0,206.0,-1844.0,587.0,-171.0,,-1775.0
655.0,-457.0,,424.0,144.0,-1736.0,585.0,-229.0,,-1751.0
564.0,-438.0,,417.0,97.0,-1915.0,613.0,-140.0,,-1706.0
596.0,-380.0,,449.0,89.0,-2063.0,632.0,-345.0,,-1650.0
586.0,-107.0,,512.0,13.0,-1894.0,635.0,-238.0,,-1577.0
548.0,155.0,,542.0,-43.0,-1654.0,665.0,-469.0,,-1479.0
615.0,195.0,,549.0,-102.0,-1485.0,653.0,-509.0,,-1372.0
562.0,138.0,,563.0,-218.0,-1544.0,637.0,-299.0,,-1248.0
593.0,168.0,,586.0,-253.0,-1513.0,642.0,-153.0,,-1120.0
513.0,105.0,,609.0,-250.0,-1270.0,668.0,297.0,,-1008.0
602.0,-82.0,,615.0,-238.0,-1032.0,690.0,369.0,,-899.0
624.0,-342.0,,599.0,-122.0,-670.0,717.0,548.0,,-798.0
597.0,-541.0,,553.0,-39.0,-486.0,758.0,441.0,,-693.0
596.0,-472.0,,517.0,-12.0,-640.0,772.0,221.0,,-573.0
511.0,-387.0,,517.0,40.0,-704.0,781.0,90.0,,-451.0
537.0,-322.0,,490.0,43.0,-643.0,780.0,-251.0,,-341.0
536.0,-161.0,,422.0,85.0,-752.0,794.0,-138.0,,-255.0
581.0,15.0,,363.0,179.0,-855.0,816.0,-245.0,,-190.0
537.0,192.0,,314.0,195.0,-862.0,814.0,-210.0,,-153.0
553.0,428.0,,278.0,188.0,-678.0,825.0,-179.0,,-131.0
514.0,629.0,,265.0,139.0,-440.0,836.0,-236.0,,-110.0
450.0,681.0,,259.0,28.0,-382.0,816.0,64.0,,-104.0
469.0,584.0,,208.0,-10.0,-170.0,817.0,75.0,,-112.0
419.0,238.0,,88.0,-23.0,56.0,819.0,319.0,,-127.0
450.0,-232.0,,1.0,-35.0,221.0,814.0,369.0,,-152.0
421.0,-652.0,,-34.0,17.0,158.0,805.0,295.0,,-178.0
440.0,-873.0,,-79.0,54.0,77.0,791.0,144.0,,-208.0
351.0,-869.0,,-97.0,95.0,369.0,779.0,-323.0,,-239.0
316.0,-798.0,,-100.0,152.0,642.0,742.0,-443.0,,-264.0
396.0,-626.0,,-125.0,148.0,590.0,743.0,-659.0,,-293.0
388.0,-391.0,,-157.0,178.0,568.0,757.0,-548.0,,-328.0
368.0,-161.0,,-170.0,221.0,970.0,760.0,-445.0,,-366.0
286.0,-45.0,,-187.0,183.0,1274.0,752.0,-437.0,,-410.0
317.0,19.0,,-214.0,157.0,1336.0,712.0,-297.0,,-453.0
297.0,143.0,,-198.0,93.0,1316.0,701.0,-469.0,,-505.0
236.0,208.0,,-175.0,-17.0,1572.0,710.0,-327.0,,-547.0
205.0,244.0,,-205.0,-64.0,1849.0,702.0,-434.0,,-581.0
264.0,247.0,,-251.0,-109.0,1773.0,691.0,-424.0,,-614.0
281.0,222.0,,-241.0,-129.0,1918.0,660.0,-319.0,,-643.0
251.0,92.0,,-240.0,-106.0,2143.0,620.0,-502.0,,-683.0
227.0,-59.0,,-230.0,-160.0,2561.0,590.0,-386.0,,-725.0
144.0,-137.0,,-161.0,-206.0,3095.0,564.0,-421.0,,-765.0
184.0,-101.0,,-124.0,-177.0,3369.0,568.0,-75.0,,-803.0
156.0,-73.0,,-145.0,-122.0,3292.0,565.0,169.0,,-845.0
202.0,-267.0,,-147.0,29.0,2993.0,554.0,323.0,,-886.0
196.0,-376.0,,-131.0,170.0,2909.0,546.0,606.0,,-925.0
182.0,-329.0,,-123.0,214.0,2878.0,524.0,465.0,,-965.0
193.0,-155.0,,-159.0,252.0,2692.0,504.0,511.0,,-983.0
201.0,47.0,,-195.0,196.0,2307.0,486.0,181.0,,-1000.0
211.0,155.0,,-173.0,97.0,2109.0,493.0,55.0,,-1005.0
134.0,250.0,,-211.0,71.0,2174.0,497.0,125.0,,-985.0
213.0,411.0,,-256.0,31.0,2145.0,476.0,94.0,,-965.0
192.0,537.0,,-285.0,30.0,1982.0,448.0,365.0,,-936.0
202.0,524.0,,-323.0,61.0,1704.0,419.0,351.0,,-902.0
176.0,571.0,,-318.0,15.0,1543.0,386.0,576.0,,-845.0
178.0,478.0,,-330.0,-7.0,1717.0,360.0,504.0,,-776.0
229.0,308.0,,-387.0,-6.0,2126.0,342.0,380.0,,-710.0
228.0,118.0,,-439.0,-39.0,2310.0,330.0,424.0,,-639.0
302.0,-77.0,,-433.0,1.0,2369.0,325.0,343.0,,-568.0
303.0,-176.0,,-410.0,33.0,2563.0,297.0,578.0,,-503.0
349.0,-327.0,,-381.0,39.0,2879.0,282.0,397.0,,-445.0
318.0,-406.0,,-388.0,129.0,3003.0,255.0,275.0,,-392.0
340.0,-410.0,,-390.0,167.0,2683.0,211.0,1.0,,-337.0
359.0,-264.0,,-370.0,165.0,2615.0,196.0,-306.0,,-281.0
395.0,-127.0,,-384.0,140.0,2566.0,196.0,-356.0,,-221.0
456.0,-73.0,,-339.0,14.0,2259.0,202.0,-591.0,,-172.0
445.0,-62.0,,-297.0,-61.0,2047.0,188.0,-328.0,,-128.0
464.0,-125.0,,-275.0,-96.0,1917.0,190.0,-188.0,,-91.0
409.0,-124.0,,-221.0,-164.0,2114.0,160.0,-40.0,,-56.0
415.0,-54.0,,-185.0,-141.0,2255.0,99.0,22.0,,-5.0
373.0,126.0,,-168.0,-105.0,2076.0,74.0,-179.0,,27.0
383.0,186.0,,-145.0,-111.0,2046.0,59.0,-144.0,,46.0
398.0,253.0,,-96.0,-68.0,2299.0,56.0,-319.0,,61.0
333.0,369.0,,-93.0,-62.0,2609.0,48.0,-190.0,,76.0
315.0,416.0,,-116.0,-65.0,2679.0,24.0,-118.0,,98.0
278.0,439.0,,-128.0,-26.0,2432.0,6.0,48.0,,130.0
292.0,382.0,,-105.0,-49.0,2344.0,-21.0,413.0,,171.0
262.0,399.0,,-72.0,-38.0,2495.0,-43.0,343.0,,202.0
239.0,323.0,,-79.0,22.0,2364.0,-45.0,384.0,,233.0
259.0,307.0,,-83.0,49.0,2130.0,-63.0,131.0,,255.0
266.0,352.0,,-144.0,134.0,2165.0,-77.0,46.0,,261.0
288.0,258.0,,-206.0,186.0,2550.0,-93.0,48.0,,244.0
235.0,190.0,,-259.0,163.0,2915.0,-110.0,-181.0,,206.0
282.0,119.0,,-302.0,184.0,2855.0,-110.0,-147.0,,153.0
334.0,138.0,,-328.0,168.0,2562.0,-135.0,-251.0,,101.0
350.0,149.0,,-390.0,140.0,2353.0,-163.0,-42.0,,71.0
389.0,129.0,,-438.0,160.0,2312.0,-176.0,5.0,,66.0
301.0,99.0,,-498.0,111.0,2222.0,-207.0,46.0,,87.0
320.0,59.0,,-563.0,94.0,2028.0,-222.0,171.0,,120.0
301.0,60.0,,-636.0,128.0,1906.0,-233.0,-101.0,,165.0
296.0,5.0,,-715.0,86.0,1923.0,-258.0,-116.0,,205.0
264.0,-119.0,,-809.0,70.0,1953.0,-260.0,-334.0,,238.0
192.0,-306.0,,-902.0,39.0,2001.0,-279.0,-242.0,,269.0
214.0,-408.0,,-971.0,-31.0,2038.0,-297.0,-27.0,,296.0
132.0,-515.0,,-1039.0,-18.0,2094.0,-319.0,110.0,,316.0
92.0,-661.0,,-1062.0,-6.0,2156.0,-339.0,502.0,,319.0
-9.0,-741.0,,-1053.0,2.0,2019.0,-350.0,491.0,,302.0
-42.0,-803.0,,-1037.0,34.0,1867.0,-379.0,665.0,,254.0
-60.0,-825.0,,-1014.0,-36.0,1703.0,-391.0,533.0,,193.0
-59.0,-766.0,,-946.0,-119.0,1598.0,-392.0,448.0,,117.0
-109.0,-646.0,,-893.0,-150.0,1542.0,-374.0,561.0,,39.0
-223.0,-518.0,,-868.0,-251.0,1439.0,-377.0,428.0,,-44.0
-222.0,-383.0,,-812.0,-291.0,1517.0,-398.0,535.0,,-153.0
-233.0,-278.0,,-767.0,-264.0,1615.0,-406.0,280.0,,-270.0
-254.0,-91.0,,-714.0,-261.0,1617.0,-423.0,290.0,,-389.0
-360.0,122.0,,-682.0,-180.0,1551.0,-423.0,236.0,,-480.0
-293.0,247.0,,-650.0,-110.0,1608.0,-434.0,190.0,,-564.0
-269.0,290.0,,-577.0,-89.0,1667.0,-454.0,399.0,,-644.0
-362.0,197.0,,-556.0,-31.0,1654.0,-448.0,362.0,,-701.0
-472.0,176.0,,-589.0,-16.0,1761.0,-445.0,739.0,,-751.0
-449.0,186.0,,-623.0,-10.0,1819.0,-440.0,776.0,,-793.0
-353.0,59.0,,-661.0,34.0,1780.0,-422.0,825.0,,-843.0
-409.0,-182.0,,-713.0,27.0,1674.0,-423.0,794.0,,-890.0
-465.0,-467.0,,-763.0,63.0,1734.0,-430.0,535.0,,-929.0
-528.0,-692.0,,-792.0,125.0,1810.0,-444.0,543.0,,-968.0
-515.0,-896.0,,-830.0,80.0,1577.0,-460.0,264.0,,-991.0
-539.0,-968.0,,-876.0,27.0,1321.0,-468.0,339.0,,-998.0
-461.0,-953.0,,-906.0,-57.0,1339.0,-490.0,273.0,,-980.0
-497.0,-986.0,,-959.0,-188.0,1302.0,-503.0,267.0,,-923.0
-439.0,-939.0,,-999.0,-250.0,1064.0,-507.0,367.0,,-834.0
-343.0,-811.0,,-981.0,-312.0,811.0,-511.0,149.0,,-729.0
-407.0,-516.0,,-940.0,-375.0,724.0,-501.0,271.0,,-615.0
-387.0,-146.0,,-894.0,-367.0,856.0,-505.0,145.0,,-499.0
-443.0,-29.0,,-844.0,-362.0,934.0,-504.0,242.0,,-384.0
-336.0,-63.0,,-795.0,-292.0,1091.0,-475.0,303.0,,-273.0
-362.0,-138.0,,-768.0,-138.0,1242.0,-476.0,225.0,,-182.0
-313.0,-225.0,,-743.0,-36.0,1453.0,-492.0,412.0,,-112.0
-318.0,-239.0,,-691.0,74.0,1606.0,-498.0,384.0,,-37.0
-408.0,-244.0,,-669.0,172.0,1439.0,-512.0,807.0,,18.0
-364.0,-188.0,,-698.0,186.0,1225.0,-527.0,1158.0,,50.0
-413.0,-91.0,,-701.0,212.0,978.0,-529.0,1455.0,,79.0
-305.0,-58.0,,-681.0,210.0,861.0,-526.0,1666.0,,83.0
-398.0,-16.0,,-677.0,174.0,757.0,-517.0,1552.0,,89.0
-393.0,57.0,,-688.0,178.0,663.0,-475.0,1633.0,,101.0
-392.0,102.0,,-712.0,119.0,843.0,-455.0,1343.0,,111.0
-471.0,97.0,,-743.0,43.0,1022.0,-447.0,1291.0,,126.0
-457.0,37.0,,-799.0,39.0,1163.0,-429.0,1237.0,,123.0
-540.0,-43.0,,-839.0,-2.0,1313.0,-435.0,1184.0,,108.0
-492.0,-37.0,,-875.0,-43.0,1293.0,-437.0,1396.0,,94.0
-552.0,17.0,,-965.0,-64.0,1577.0,-455.0,1234.0,,84.0
-510.0,26.0,,-1010.0,-141.0,2204.0,-473.0,1326.0,,73.0
-575.0,-38.0,,-985.0,-173.0,2659.0,-484.0,1285.0,,99.0
-668.0,-45.0,,-973.0,-199.0,2550.0,-496.0,1426.0,,147.0
-629.0,81.0,,-956.0,-285.0,2011.0,-501.0,1589.0,,207.0
-663.0,247.0,,-927.0,-300.0,1871.0,-506.0,1511.0,,288.0
-650.0,512.0,,-906.0,-278.0,1894.0,-502.0,1664.0,,354.0
-770.0,793.0,,-858.0,-231.0,1768.0,-509.0,1446.0,,395.0
-722.0,992.0,,-805.0,-112.0,1671.0,-509.0,1420.0,,413.0
-768.0,966.0,,-762.0,-35.0,1677.0,-500.0,1143.0,,424.0
-822.0,783.0,,-729.0,21.0,1843.0,-500.0,864.0,,439.0
-914.0,659.0,,-740.0,64.0,1961.0,-497.0,846.0,,477.0
-968.0,588.0,,-748.0,21.0,1848.0,-507.0,646.0,,531.0
-847.0,547.0,,-705.0,17.0,1594.0,-542.0,881.0,,581.0
-984.0,441.0,,-683.0,54.0,1548.0,-572.0,868.0,,631.0
-948.0,374.0,,-688.0,58.0,1880.0,-596.0,909.0,,654.0
-1107.0,309.0,,-669.0,107.0,2257.0,-610.0,853.0,,667.0
-1063.0,298.0,,-689.0,118.0,2099.0,-613.0,702.0,,691.0
-1025.0,289.0,,-754.0,66.0,1923.0,-635.0,853.0,,709.0
-1159.0,162.0,,-768.0,41.0,2103.0,-638.0,777.0,,728.0
-1069.0,68.0,,-754.0,-35.0,2362.0,-620.0,1093.0,,757.0
-1109.0,-53.0,,-774.0,-93.0,2520.0,-598.0,1306.0,,763.0
-1006.0,-98.0,,-833.0,-55.0,2518.0,-570.0,1500.0,,761.0
-1156.0,-133.0,,-850.0,-36.0,2687.0,-562.0,1670.0,,765.0
-1123.0,-112.0,,-820.0,12.0,2923.0,-567.0,1564.0,,751.0
-1117.0,-6.0,,-796.0,77.0,3078.0,-549.0,1720.0,,722.0
-1112.0,46.0,,-729.0,88.0,2990.0,-517.0,1548.0,,669.0
-1091.0,66.0,,-674.0,150.0,2865.0,-508.0,1494.0,,575.0
-1183.0,21.0,,-662.0,185.0,3034.0,-488.0,1278.0,,451.0
-1147.0,-31.0,,-643.0,127.0,3433.0,-447.0,973.0,,325.0
-1260.0,-163.0,,-603.0,102.0,3568.0,-439.0,1016.0,,207.0
-1149.0,-290.0,,-569.0,60.0,3333.0,-438.0,886.0,,114.0
-1247.0,-367.0,,-560.0,15.0,3199.0,-436.0,1119.0,,55.0
-1187.0,-397.0,,-533.0,31.0,3045.0,-418.0,1191.0,,32.0
-1217.0,-367.0,,-500.0,5.0,2915.0,-394.0,1265.0,,55.0
-1219.0,-298.0,,-480.0,-15.0,2773.0,-382.0,1278.0,,120.0
-1200.0,-208.0,,-477.0,-23.0,2829.0,-354.0,986.0,,236.0
-1316.0,-236.0,,-466.0,-103.0,3102.0,-349.0,988.0,,373.0
-1216.0,-244.0,,-446.0,-127.0,3347.0,-345.0,746.0,,509.0
-1299.0,-216.0,,-467.0,-118.0,3601.0,-344.0,790.0,,625.0
-1135.0,-171.0,,-476.0,-155.0,3801.0,-345.0,788.0,,695.0
-1196.0,-135.0,,-463.0,-150.0,4063.0,-327.0,812.0,,729.0
-1181.0,-168.0,,-478.0,-168.0,4198.0,-313.0,1147.0,,708.0
-1176.0,-314.0,,-490.0,-170.0,4138.0,-303.0,1136.0,,645.0
-1159.0,-655.0,,-484.0,-77.0,3934.0,-299.0,1369.0,,543.0
-1074.0,-983.0,,-480.0,-46.0,3639.0,-287.0,1350.0,,414.0
-1110.0,-1146.0,,-487.0,-72.0,3399.0,-283.0,1367.0,,276.0
-1032.0,-1133.0,,-463.0,-108.0,3304.0,-257.0,1258.0,,120.0
-1090.0,-1064.0,,-423.0,-200.0,3245.0,-246.0,966.0,,-27.0
-963.0,-980.0,,-389.0,-237.0,3000.0,-271.0,977.0,,-154.0
-1007.0,-828.0,,-352.0,-223.0,2796.0,-285.0,692.0,,-263.0
-981.0,-613.0,,-314.0,-238.0,2782.0,-322.0,870.0,,-330.0
-1029.0,-456.0,,-289.0,-193.0,2810.0,-335.0,910.0,,-348.0
-964.0,-414.0,,-308.0,-156.0,2748.0,-340.0,964.0,,-327.0
-891.0,-302.0,,-352.0,-156.0,2554.0,-341.0,1223.0,,-263.0
-996.0,-231.0,,-411.0,-134.0,2558.0,-325.0,1171.0,,-172.0
-934.0,-281.0,,-455.0,-203.0,2813.0,-347.0,1321.0,,-76.0
-1011.0,-376.0,,-511.0,-280.0,2942.0,-374.0,1091.0,,25.0
-928.0,-495.0,,-536.0,-282.0,2986.0,-387.0,1036.0,,117.0
-1009.0,-676.0,,-536.0,-301.0,3132.0,-393.0,938.0,,194.0
-965.0,-904.0,,-591.0,-273.0,3484.0,-384.0,768.0,,234.0
-943.0,-1041.0,,-625.0,-211.0,3673.0,-375.0,713.0,,236.0
-938.0,-1075.0,,-611.0,-181.0,3351.0,-378.0,304.0,,225.0
-847.0,-957.0,,-580.0,-110.0,3025.0,-381.0,275.0,,198.0
-986.0,-742.0,,-557.0,-87.0,2932.0,-391.0,109.0,,180.0
-924.0,-536.0,,-498.0,-128.0,2842.0,-414.0,68.0,,176.0
-959.0,-340.0,,-426.0,-107.0,2861.0,-445.0,72.0,,184.0
-910.0,-129.0,,-391.0,-86.0,2875.0,-470.0,-79.0,,205.0
-956.0,47.0,,-331.0,-32.0,2888.0,-471.0,84.0,,231.0
-1043.0,109.0,,-252.0,95.0,3057.0,-486.0,-31.0,,269.0
-1007.0,143.0,,-180.0,157.0,2982.0,-515.0,70.0,,310.0
-1097.0,134.0,,-146.0,193.0,2685.0,-553.0,24.0,,359.0
-1017.0,26.0,,-117.0,209.0,2270.0,-595.0,-29.0,,415.0
-1102.0,-132.0,,-103.0,131.0,2047.0,-610.0,121.0,,456.0
-1081.0,-251.0,,-134.0,70.0,1995.0,-628.0,123.0,,475.0
-1032.0,-194.0,,-158.0,12.0,1861.0,-637.0,487.0,,464.0
-1014.0,-67.0,,-196.0,-68.0,1850.0,-654.0,515.0,,422.0
-961.0,60.0,,-217.0,-49.0,1971.0,-687.0,591.0,,359.0
-1074.0,244.0,,-197.0,7.0,2272.0,-683.0,574.0,,276.0
-933.0,412.0,,-148.0,67.0,2351.0,-682.0,402.0,,194.0
-904.0,584.0,,-142.0,145.0,2166.0,-688.0,498.0,,111.0
-837.0,764.0,,-189.0,97.0,1967.0,-682.0,249.0,,36.0
-873.0,910.0,,-174.0,-6.0,1689.0,-680.0,362.0,,-31.0
-863.0,1000.0,,-135.0,-51.0,1257.0,-685.0,347.0,,-95.0
-766.0,1008.0,,-127.0,-99.0,667.0,-687.0,423.0,,-135.0
-809.0,969.0,,-100.0,-107.0,100.0,-702.0,537.0,,-158.0
-655.0,893.0,,-43.0,-137.0,-187.0,-723.0,245.0,,-156.0
-701.0,771.0,,-20.0,-260.0,-278.0,-725.0,279.0,,-124.0
-607.0,677.0,,-9.0,-338.0,-258.0,-735.0,-7.0,,-62.0
-585.0,540.0,,8.0,-373.0,25.0,-724.0,-79.0,,26.0
-530.0,286.0,,20.0,-382.0,290.0,-707.0,-258.0,,119.0
-483.0,34.0,,44.0,-314.0,549.0,-708.0,-515.0,,208.0
-555.0,-213.0,,69.0,-270.0,673.0,-691.0,-467.0,,278.0
-434.0,-368.0,,89.0,-228.0,628.0,-667.0,-607.0,,311.0
-438.0,-422.0,,85.0,-130.0,505.0,-636.0,-380.0,,312.0
-417.0,-387.0,,72.0,-108.0,252.0,-602.0,-482.0,,284.0
-453.0,-206.0,,80.0,-115.0,-323.0,-577.0,-493.0,,226.0
-398.0,-92.0,,96.0,-70.0,-1025.0,-560.0,-589.0,,153.0
-369.0,8.0,,113.0,-45.0,-1479.0,-544.0,-984.0,,70.0
-368.0,199.0,,162.0,15.0,-1853.0,-549.0,-1040.0,,-30.0
-292.0,236.0,,239.0,92.0,-1813.0,-557.0,-1269.0,,-136.0
-239.0,155.0,,316.0,91.0,-1764.0,-552.0,-1156.0,,-252.0
-142.0,94.0,,389.0,79.0,-1961.0,-541.0,-1182.0,,-380.0
-88.0,16.0,,451.0,24.0,-1924.0,-523.0,-1243.0,,-485.0
-109.0,-81.0,,522.0,-79.0,-1619.0,-507.0,-1212.0,,-562.0
-111.0,-212.0,,592.0,-118.0,-1345.0,-478.0,-1402.0,,-595.0
-73.0,-377.0,,598.0,-148.0,-1229.0,-456.0,-1282.0,,-596.0
0.0,-545.0,,585.0,-190.0,-1425.0,-426.0,-1385.0,,-574.0
-6.0,-587.0,,550.0,-161.0,-1770.0,-434.0,-1280.0,,-531.0
0.0,-577.0,,476.0,-127.0,-1907.0,-449.0,-1176.0,,-492.0
59.0,-548.0,,435.0,-92.0,-2109.0,-428.0,-1215.0,,-458.0
-4.0,-443.0,,406.0,-38.0,-2303.0,-406.0,-1117.0,,-441.0
78.0,-333.0,,387.0,-56.0,-2545.0,-341.0,-1313.0,,-419.0
47.0,-266.0,,363.0,-100.0,-2760.0,-294.0,-1245.0,,-374.0
126.0,-308.0,,349.0,-137.0,-2917.0,-253.0,-1337.0,,-318.0
59.0,-177.0,,336.0,-212.0,-3093.0,-211.0,-1395.0,,-254.0
114.0,-51.0,,297.0,-247.0,-3334.0,-190.0,-1356.0,,-187.0
122.0,-33.0,,303.0,-228.0,-3585.0,-164.0,-1496.0,,-104.0
-51.0,124.0,,352.0,-219.0,-3675.0,-140.0,-1413.0,,-26.0
116.0,211.0,,397.0,-186.0,-3715.0,-104.0,-1659.0,,57.0
0.0,284.0,,444.0,-147.0,-3896.0,-85.0,-1683.0,,148.0
182.0,254.0,,480.0,-132.0,-4206.0,-59.0,-1694.0,,217.0
4.0,120.0,,488.0,-90.0,-4246.0,-46.0,-1788.0,,264.0
111.0,14.0,,513.0,-60.0,-4230.0,-28.0,-1770.0,,295.0
88.0,-100.0,,584.0,-61.0,-4142.0,6.0,-2102.0,,310.0
-20.0,-238.0,,661.0,-35.0,-4209.0,34.0,-2049.0,,314.0
136.0,-303.0,,678.0,-32.0,-4216.0,69.0,-2041.0,,297.0
-74.0,-187.0,,671.0,-54.0,-3848.0,77.0,-1906.0,,248.0
235.0,-120.0,,660.0,-34.0,-3553.0,85.0,-1710.0,,187.0
-17.0,-20.0,,652.0,-16.0,-3395.0,105.0,-1742.0,,110.0
205.0,79.0,,678.0,8.0,-3396.0,132.0,-1511.0,,1.0
-5.0,239.0,,704.0,79.0,-3265.0,168.0,-1661.0,,-111.0
88.0,404.0,,695.0,108.0,-3203.0,197.0,-1714.0,,-228.0
190.0,329.0,,664.0,81.0,-3379.0,231.0,-1862.0,,-337.0
-72.0,357.0,,623.0,31.0,-3932.0,266.0,-1971.0,,-424.0
239.0,352.0,,559.0,-56.0,-4444.0,261.0,-1834.0,,-498.0
-145.0,278.0,,511.0,-115.0,-4482.0,241.0,-2008.0,,-552.0
246.0,214.0,,465.0,-96.0,-4426.0,248.0,-1847.0,,-579.0
-176.0,188.0,,408.0,-67.0,-4374.0,269.0,-1871.0,,-602.0
51.0,282.0,,393.0,5.0,-4457.0,282.0,-1816.0,,-617.0
-30.0,249.0,,364.0,81.0,-4321.0,275.0,-1790.0,,-637.0
-155.0,301.0,,365.0,100.0,-4154.0,275.0,-1914.0,,-673.0
145.0,413.0,,420.0,121.0,-4294.0,294.0,-1640.0,,-701.0
-238.0,541.0,,451.0,65.0,-4178.0,295.0,-1674.0,,-754.0
198.0,674.0,,478.0,37.0,-3861.0,286.0,-1618.0,,-802.0
-337.0,704.0,,486.0,85.0,-3684.0,300.0,-1812.0,,-845.0
124.0,801.0,,481.0,118.0,-3702.0,313.0,-1978.0,,-896.0
-162.0,892.0,,501.0,204.0,-3976.0,300.0,-1903.0,,-932.0
-72.0,967.0,,498.0,272.0,-4088.0,312.0,-2038.0,,-960.0
49.0,935.0,,458.0,281.0,-4124.0,331.0,-1969.0,,-976.0
-274.0,1010.0,,429.0,318.0,-4238.0,326.0,-2307.0,,-997.0
165.0,1211.0,,410.0,310.0,-4164.0,322.0,-2429.0,,-1021.0
-386.0,1220.0,,383.0,246.0,-4215.0,327.0,-2529.0,,-1062.0
200.0,1180.0,,339.0,240.0,-4459.0,329.0,-2638.0,,-1105.0
-140.0,1121.0,,296.0,207.0,-4486.0,333.0,-2342.0,,-1141.0
188.0,1077.0,,243.0,239.0,-4146.0,350.0,-2414.0,,-1166.0
145.0,960.0,,211.0,361.0,-3814.0,353.0,-2333.0,,-1161.0
1.0,734.0,,196.0,357.0,-3767.0,329.0,-2477.0,,-1131.0
336.0,654.0,,155.0,350.0,-3622.0,313.0,-2479.0,,-1060.0
4.0,598.0,,152.0,309.0,-3151.0,324.0,-2278.0,,-963.0
577.0,401.0,,153.0,191.0,-2908.0,342.0,-2185.0,,-858.0
103.0,236.0,,176.0,146.0,-3139.0,348.0,-1834.0,,-767.0
558.0,246.0,,219.0,103.0,-3534.0,350.0,-1834.0,,-701.0
363.0,327.0,,269.0,41.0,-3623.0,354.0,-1463.0,,-654.0
463.0,173.0,,323.0,6.0,-3493.0,357.0,-1252.0,,-609.0
585.0,-67.0,,389.0,-34.0,-3611.0,391.0,-1265.0,,-554.0
368.0,-203.0,,488.0,-103.0,-3833.0,421.0,-1197.0,,-497.0
771.0,-385.0,,577.0,-168.0,-3921.0,424.0,-1467.0,,-420.0
367.0,-549.0,,670.0,-172.0,-3812.0,441.0,-1319.0,,-334.0
980.0,-590.0,,715.0,-120.0,-3608.0,456.0,-1472.0,,-252.0
533.0,-525.0,,709.0,-71.0,-3405.0,489.0,-1489.0,,-156.0
749.0,-486.0,,693.0,-19.0,-3295.0,522.0,-1422.0,,-54.0
716.0,-443.0,,689.0,4.0,-3116.0,531.0,-1500.0,,29.0
714.0,-295.0,,690.0,13.0,-2790.0,529.0,-1212.0,,119.0
1020.0,-11.0,,677.0,105.0,-2529.0,527.0,-1269.0,,190.0
627.0,273.0,,699.0,165.0,-2555.0,533.0,-1016.0,,226.0
1109.0,369.0,,723.0,163.0,-2785.0,546.0,-1012.0,,254.0
680.0,367.0,,728.0,182.0,-2840.0,567.0,-1182.0,,253.0
1049.0,374.0,,758.0,134.0,-2753.0,563.0,-1165.0,,239.0
769.0,278.0,,812.0,34.0,-2812.0,555.0,-1335.0,,219.0
890.0,14.0,,878.0,-27.0,-2867.0,553.0,-1128.0,,170.0
945.0,-171.0,,932.0,-82.0,-2581.0,563.0,-1284.0,,121.0
761.0,-206.0,,941.0,-122.0,-2367.0,563.0,-1507.0,,72.0
1052.0,-266.0,,933.0,-111.0,-2449.0,574.0,-1838.0,,16.0
583.0,-406.0,,934.0,-101.0,-2754.0,598.0,-2067.0,,-33.0
1029.0,-477.0,,935.0,-116.0,-3037.0,596.0,-1875.0,,-77.0
577.0,-453.0,,920.0,-106.0,-3138.0,605.0,-1958.0,,-110.0
819.0,-444.0,,863.0,-83.0,-3244.0,597.0,-1714.0,,-130.0
597.0,-377.0,,785.0,-73.0,-3363.0,597.0,-1638.0,,-143.0
599.0,-293.0,,741.0,-20.0,-3673.0,617.0,-1535.0,,-152.0
720.0,-160.0,,695.0,43.0,-3839.0,629.0,-1439.0,,-157.0
382.0,-9.0,,656.0,61.0,-3698.0,643.0,-1548.0,,-166.0
756.0,47.0,,640.0,86.0,-3560.0,647.0,-1287.0,,-173.0
234.0,133.0,,574.0,72.0,-3564.0,640.0,-1335.0,,-176.0
643.0,226.0,,509.0,-1.0,-3624.0,655.0,-1167.0,,-178.0
327.0,276.0,,500.0,-35.0,-3292.0,684.0,-1108.0,,-159.0
541.0,248.0,,503.0,-60.0,-2823.0,699.0,-1147.0,,-116.0
472.0,189.0,,497.0,-107.0,-2744.0,715.0,-1006.0,,-37.0
261.0,158.0,,496.0,-116.0,-2942.0,703.0,-1228.0,,63.0
598.0,37.0,,480.0,-124.0,-3034.0,710.0,-1049.0,,185.0
193.0,-178.0,,439.0,-164.0,-2942.0,709.0,-1067.0,,334.0
551.0,-314.0,,435.0,-160.0,-3079.0,707.0,-1023.0,,486.0
215.0,-259.0,,418.0,-102.0,-3292.0,755.0,-848.0,,641.0
492.0,-255.0,,363.0,-67.0,-3284.0,773.0,-936.0,,759.0
312.0,-314.0,,321.0,-40.0,-3163.0,796.0,-796.0,,824.0
304.0,-253.0,,256.0,-5.0,-3096.0,807.0,-953.0,,853.0
472.0,-165.0,,208.0,-2.0,-3032.0,810.0,-861.0,,826.0
155.0,-183.0,,221.0,10.0,-2795.0,809.0,-927.0,,749.0
475.0,-228.0,,224.0,42.0,-2617.0,806.0,-1042.0,,629.0
219.0,-148.0,,218.0,29.0,-2373.0,824.0,-966.0,,462.0
445.0,-41.0,,201.0,22.0,-1972.0,826.0,-1173.0,,258.0
219.0,-47.0,,159.0,32.0,-1748.0,821.0,-1003.0,,41.0
308.0,-207.0,,179.0,-20.0,-1752.0,794.0,-990.0,,-188.0
401.0,-301.0,,256.0,-78.0,-1637.0,772.0,-716.0,,-414.0
277.0,-230.0,,325.0,-67.0,-1331.0,738.0,-594.0,,-599.0
541.0,-136.0,,394.0,-29.0,-1233.0,726.0,-731.0,,-760.0
332.0,-71.0,,458.0,20.0,-1494.0,719.0,-591.0,,-890.0
617.0,62.0,,547.0,84.0,-1704.0,708.0,-855.0,,-983.0
471.0,228.0,,633.0,101.0,-1587.0,726.0,-772.0,,-1044.0
518.0,225.0,,720.0,97.0,-1737.0,708.0,-875.0,,-1058.0
491.0,134.0,,788.0,113.0,-2161.0,677.0,-861.0,,-1053.0
434.0,75.0,,794.0,99.0,-2226.0,662.0,-615.0,,-1019.0
655.0,102.0,,772.0,69.0,-1771.0,658.0,-644.0,,-974.0
494.0,23.0,,726.0,68.0,-1216.0,653.0,-375.0,,-940.0
592.0,-214.0,,692.0,57.0,-1097.0,652.0,-546.0,,-901.0
375.0,-271.0,,639.0,45.0,-1194.0,645.0,-458.0,,-878.0
587.0,-79.0,,603.0,61.0,-842.0,626.0,-323.0,,-860.0
504.0,59.0,,536.0,59.0,-409.0,620.0,-314.0,,-847.0
428.0,39.0,,439.0,70.0,-375.0,605.0,-84.0,,-838.0
470.0,158.0,,395.0,121.0,-431.0,606.0,-168.0,,-831.0
366.0,414.0,,318.0,110.0,-550.0,612.0,-35.0,,-836.0
595.0,533.0,,270.0,64.0,-498.0,598.0,-234.0,,-853.0
365.0,474.0,,262.0,81.0,-398.0,599.0,-341.0,,-880.0
459.0,404.0,,244.0,107.0,-346.0,591.0,-402.0,,-871.0
300.0,442.0,,249.0,90.0,-381.0,576.0,-480.0,,-804.0
469.0,383.0,,252.0,79.0,-469.0,576.0,-194.0,,-702.0
500.0,191.0,,270.0,53.0,-317.0,567.0,-456.0,,-585.0
413.0,86.0,,281.0,32.0,-237.0,571.0,-532.0,,-473.0
447.0,87.0,,249.0,76.0,-301.0,551.0,-746.0,,-393.0
320.0,14.0,,211.0,106.0,-544.0,534.0,-883.0,,-366.0
562.0,-168.0,,165.0,133.0,-594.0,536.0,-713.0,,-383.0
344.0,-223.0,,125.0,224.0,-531.0,520.0,-798.0,,-451.0
449.0,-138.0,,77.0,268.0,-684.0,525.0,-436.0,,-551.0
302.0,-51.0,,4.0,210.0,-789.0,517.0,-341.0,,-657.0
403.0,-72.0,,-55.0,152.0,-853.0,501.0,-123.0,,-774.0
396.0,-53.0,,-99.0,100.0,-914.0,488.0,5.0,,-894.0
266.0,43.0,,-115.0,29.0,-1141.0,476.0,-109.0,,-997.0
267.0,-15.0,,-138.0,-24.0,-1434.0,467.0,125.0,,-1082.0
130.0,-105.0,,-158.0,-85.0,-1604.0,443.0,53.0,,-1135.0
375.0,-149.0,,-149.0,-130.0,-1690.0,411.0,286.0,,-1163.0
175.0,-73.0,,-128.0,-80.0,-1727.0,384.0,360.0,,-1155.0
289.0,-54.0,,-78.0,-1.0,-1669.0,391.0,428.0,,-1090.0
170.0,-206.0,,-35.0,39.0,-1548.0,395.0,524.0,,-995.0
283.0,-280.0,,4.0,95.0,-1354.0,397.0,303.0,,-869.0
318.0,-339.0,,31.0,122.0,-1243.0,389.0,491.0,,-732.0
238.0,-363.0,,42.0,93.0,-1269.0,359.0,393.0,,-612.0
367.0,-326.0,,71.0,70.0,-1410.0,328.0,533.0,,-508.0
299.0,-347.0,,63.0,16.0,-1704.0,305.0,652.0,,-411.0
559.0,-324.0,,44.0,-65.0,-1601.0,291.0,565.0,,-342.0
411.0,-364.0,,12.0,-106.0,-1265.0,263.0,713.0,,-280.0
397.0,-479.0,,-21.0,-150.0,-1141.0,243.0,506.0,,-200.0
344.0,-415.0,,-30.0,-215.0,-1162.0,216.0,469.0,,-124.0
585.0,-308.0,,-81.0,-238.0,-978.0,194.0,260.0,,-43.0
666.0,-158.0,,-135.0,-257.0,-515.0,191.0,339.0,,16.0
493.0,-35.0,,-179.0,-274.0,-235.0,171.0,497.0,,33.0
580.0,-16.0,,-218.0,-208.0,-298.0,151.0,314.0,,10.0
522.0,-16.0,,-216.0,-117.0,-391.0,117.0,424.0,,-53.0
693.0,1.0,,-206.0,-46.0,-173.0,92.0,168.0,,-138.0
570.0,-48.0,,-211.0,40.0,66.0,81.0,140.0,,-236.0
585.0,-121.0,,-214.0,99.0,181.0,57.0,5.0,,-339.0
610.0,-121.0,,-203.0,126.0,-4.0,43.0,-184.0,,-434.0
620.0,-362.0,,-180.0,180.0,-242.0,24.0,-48.0,,-536.0
664.0,-387.0,,-169.0,209.0,-254.0,-9.0,-188.0,,-659.0
568.0,-321.0,,-139.0,165.0,-282.0,-38.0,-62.0,,-793.0
615.0,-375.0,,-128.0,116.0,-214.0,-67.0,-145.0,,-920.0
600.0,-312.0,,-123.0,53.0,-140.0,-91.0,-92.0,,-1053.0
675.0,-353.0,,-103.0,-24.0,125.0,-121.0,44.0,,-1163.0
603.0,-147.0,,-101.0,-58.0,607.0,-140.0,59.0,,-1241.0
581.0,-13.0,,-94.0,-92.0,1103.0,-160.0,269.0,,-1303.0
629.0,-64.0,,-138.0,-133.0,1483.0,-197.0,175.0,,-1343.0
562.0,49.0,,-183.0,-122.0,1656.0,-221.0,362.0,,-1387.0
561.0,159.0,,-222.0,-115.0,1738.0,-235.0,339.0,,-1452.0
546.0,59.0,,-241.0,-121.0,1786.0,-246.0,249.0,,-1530.0
509.0,-140.0,,-252.0,-82.0,1800.0,-267.0,251.0,,-1594.0
485.0,-95.0,,-272.0,-62.0,1833.0,-286.0,96.0,,-1640.0
506.0,-50.0,,-283.0,-58.0,1999.0,-284.0,332.0,,-1673.0
380.0,-94.0,,-343.0,0.0,2185.0,-254.0,236.0,,-1658.0
323.0,-172.0,,-363.0,50.0,2433.0,-243.0,308.0,,-1612.0
387.0,-173.0,,-352.0,63.0,2521.0,-248.0,456.0,,-1545.0
380.0,28.0,,-307.0,97.0,2447.0,-239.0,448.0,,-1450.0
336.0,66.0,,-279.0,110.0,2366.0,-226.0,617.0,,-1353.0
290.0,-7.0,,-251.0,95.0,2276.0,-206.0,467.0,,-1245.0
316.0,105.0,,-173.0,123.0,2210.0,-193.0,572.0,,-1142.0
249.0,194.0,,-154.0,138.0,2009.0,-158.0,498.0,,-1058.0
250.0,72.0,,-132.0,132.0,1834.0,-151.0,365.0,,-992.0
243.0,-169.0,,-156.0,174.0,1724.0,-157.0,343.0,,-936.0
283.0,-233.0,,-197.0,199.0,1816.0,-147.0,182.0,,-876.0
339.0,-85.0,,-204.0,227.0,2005.0,-166.0,360.0,,-836.0
268.0,-147.0,,-249.0,315.0,2168.0,-171.0,338.0,,-787.0
334.0,-256.0,,-283.0,366.0,2522.0,-166.0,543.0,,-734.0
330.0,-122.0,,-301.0,373.0,3019.0,-153.0,759.0,,-699.0
388.0,22.0,,-314.0,387.0,3312.0,-133.0,842.0,,-654.0
377.0,-19.0,,-334.0,345.0,3063.0,-121.0,1042.0,,-587.0
404.0,-98.0,,-324.0,291.0,2789.0,-112.0,946.0,,-493.0
471.0,21.0,,-304.0,269.0,2917.0,-109.0,1049.0,,-381.0
479.0,153.0,,-307.0,203.0,3057.0,-105.0,886.0,,-247.0
557.0,169.0,,-304.0,145.0,2982.0,-91.0,894.0,,-103.0
480.0,133.0,,-321.0,129.0,2906.0,-74.0,1075.0,,56.0
632.0,104.0,,-337.0,79.0,3071.0,-38.0,1119.0,,227.0
632.0,141.0,,-318.0,41.0,3371.0,-3.0,1433.0,,399.0
523.0,51.0,,-285.0,44.0,3316.0,-7.0,1372.0,,570.0
592.0,-139.0,,-292.0,6.0,3036.0,-43.0,1515.0,,721.0
611.0,-300.0,,-296.0,-41.0,3000.0,-62.0,1485.0,,848.0
528.0,-434.0,,-331.0,-72.0,3256.0,-54.0,1426.0,,927.0
435.0,-535.0,,-379.0,-147.0,3614.0,-65.0,1627.0,,953.0
513.0,-646.0,,-358.0,-210.0,3704.0,-91.0,1574.0,,927.0
502.0,-682.0,,-364.0,-227.0,3561.0,-113.0,1749.0,,869.0
447.0,-638.0,,-361.0,-233.0,3290.0,-140.0,1520.0,,799.0
362.0,-523.0,,-365.0,-191.0,3179.0,-156.0,1396.0,,709.0
386.0,-411.0,,-375.0,-140.0,3463.0,-152.0,1302.0,,618.0
288.0,-232.0,,-366.0,-150.0,3923.0,-131.0,1143.0,,531.0
295.0,-9.0,,-394.0,-124.0,4270.0,-115.0,1402.0,,458.0
288.0,128.0,,-383.0,-21.0,4468.0,-136.0,1356.0,,404.0
152.0,256.0,,-384.0,64.0,4455.0,-171.0,1540.0,,367.0
191.0,293.0,,-387.0,113.0,4087.0,-222.0,1498.0,,320.0
21.0,357.0,,-377.0,103.0,3755.0,-269.0,1395.0,,266.0
34.0,337.0,,-359.0,34.0,3566.0,-300.0,1417.0,,205.0
-112.0,238.0,,-282.0,-21.0,3630.0,-331.0,1267.0,,106.0
-112.0,183.0,,-221.0,-91.0,3755.0,-350.0,1492.0,,-4.0
-123.0,94.0,,-149.0,-176.0,3517.0,-395.0,1385.0,,-131.0
-220.0,-2.0,,-99.0,-166.0,3328.0,-447.0,1459.0,,-266.0
-123.0,63.0,,-75.0,-110.0,3313.0,-476.0,1533.0,,-401.0
-216.0,220.0,,-51.0,-101.0,3320.0,-489.0,1531.0,,-544.0
-104.0,175.0,,-46.0,-67.0,3357.0,-486.0,1832.0,,-667.0
-211.0,195.0,,-43.0,-17.0,3540.0,-485.0,1901.0,,-756.0
-179.0,177.0,,-54.0,6.0,4106.0,-504.0,2202.0,,-814.0
-157.0,70.0,,-57.0,21.0,4699.0,-538.0,2174.0,,-839.0
-64.0,25.0,,-79.0,-17.0,5001.0,-568.0,2274.0,,-849.0
-61.0,-64.0,,-95.0,-78.0,5189.0,-588.0,2479.0,,-843.0
-103.0,-145.0,,-65.0,-74.0,5479.0,-590.0,2267.0,,-802.0
84.0,-242.0,,-64.0,-73.0,5893.0,-585.0,2235.0,,-749.0
7.0,-453.0,,-126.0,-86.0,5832.0,-564.0,2019.0,,-683.0
164.0,-706.0,,-188.0,-42.0,5260.0,-539.0,2110.0,,-606.0
85.0,-799.0,,-238.0,-43.0,4861.0,-524.0,2243.0,,-523.0
235.0,-851.0,,-285.0,-95.0,4700.0,-515.0,2433.0,,-414.0
282.0,-940.0,,-274.0,-105.0,4534.0,-517.0,2729.0,,-279.0
214.0,-1110.0,,-239.0,-126.0,4282.0,-489.0,2701.0,,-119.0
291.0,-1085.0,,-239.0,-124.0,3931.0,-458.0,2904.0,,48.0
242.0,-993.0,,-201.0,-55.0,3771.0,-444.0,2673.0,,226.0
367.0,-1046.0,,-133.0,-7.0,3871.0,-428.0,2335.0,,397.0
206.0,-964.0,,-72.0,47.0,4065.0,-423.0,2063.0,,552.0
316.0,-823.0,,0.0,123.0,4373.0,-412.0,1840.0,,702.0
249.0,-568.0,,30.0,123.0,4457.0,-402.0,2023.0,,838.0
202.0,-421.0,,39.0,123.0,4409.0,-367.0,2082.0,,974.0
210.0,-271.0,,38.0,148.0,4641.0,-329.0,2337.0,,1096.0
130.0,-65.0,,-10.0,113.0,4766.0,-319.0,2167.0,,1203.0
196.0,94.0,,-85.0,102.0,4434.0,-319.0,1855.0,,1298.0
81.0,215.0,,-117.0,112.0,3900.0,-328.0,1668.0,,1374.0
106.0,203.0,,-144.0,83.0,3539.0,-327.0,1470.0,,1429.0
-38.0,414.0,,-153.0,95.0,3392.0,-344.0,1834.0,,1444.0
-38.0,501.0,,-124.0,91.0,3057.0,-352.0,1895.0,,1428.0
-139.0,427.0,,-94.0,-9.0,2705.0,-322.0,1960.0,,1400.0
-230.0,449.0,,-7.0,-105.0,2643.0,-300.0,1786.0,,1349.0
-289.0,509.0,,38.0,-196.0,2650.0,-297.0,1570.0,,1286.0
-387.0,464.0,,96.0,-292.0,2458.0,-291.0,1773.0,,1238.0
-356.0,172.0,,135.0,-312.0,2155.0,-294.0,1823.0,,1179.0
-542.0,0.0,,118.0,-329.0,1992.0,-286.0,2183.0,,1128.0
-482.0,-114.0,,171.0,-313.0,1802.0,-260.0,2189.0,,1099.0
-549.0,-249.0,,170.0,-191.0,1603.0,-272.0,2163.0,,1074.0
-539.0,-450.0,,176.0,-106.0,1404.0,-271.0,2036.0,,1071.0
-518.0,-564.0,,145.0,-77.0,1337.0,-277.0,1644.0,,1070.0
-461.0,-555.0,,91.0,-44.0,1337.0,-313.0,1742.0,,1070.0
-360.0,-717.0,,67.0,-64.0,1257.0,-325.0,1755.0,,1068.0
-474.0,-756.0,,7.0,-80.0,1145.0,-348.0,1978.0,,1056.0
-319.0,-728.0,,3.0,-89.0,1020.0,-340.0,2019.0,,1031.0
-345.0,-590.0,,-33.0,-164.0,1102.0,-311.0,1986.0,,992.0
-253.0,-383.0,,-42.0,-190.0,1156.0,-302.0,2137.0,,953.0
-233.0,-302.0,,-25.0,-142.0,1062.0,-277.0,1973.0,,900.0
-206.0,-10.0,,-50.0,-110.0,744.0,-263.0,1960.0,,863.0
-156.0,238.0,,-41.0,-34.0,369.0,-258.0,1694.0,,836.0
-225.0,307.0,,-58.0,58.0,172.0,-236.0,1664.0,,830.0
-88.0,393.0,,-89.0,93.0,-82.0,-208.0,1799.0,,856.0
-188.0,410.0,,-97.0,158.0,-582.0,-189.0,1705.0,,875.0
-146.0,441.0,,-82.0,215.0,-987.0,-172.0,1727.0,,886.0
-195.0,467.0,,-23.0,208.0,-880.0,-132.0,1415.0,,871.0
-114.0,456.0,,46.0,204.0,-515.0,-108.0,1431.0,,835.0
-111.0,424.0,,84.0,141.0,-229.0,-104.0,1385.0,,777.0
-145.0,387.0,,86.0,47.0,-165.0,-66.0,1334.0,,697.0
-75.0,274.0,,66.0,27.0,6.0,-24.0,1524.0,,612.0
-221.0,141.0,,63.0,5.0,310.0,7.0,1518.0,,511.0
-49.0,201.0,,55.0,-4.0,308.0,43.0,1773.0,,413.0
-164.0,214.0,,25.0,20.0,129.0,63.0,1522.0,,310.0
-92.0,332.0,,-24.0,3.0,184.0,74.0,1332.0,,189.0
-121.0,486.0,,-79.0,7.0,162.0,71.0,1324.0,,59.0
-148.0,504.0,,-101.0,47.0,-81.0,86.0,1358.0,,-72.0
-22.0,709.0,,-136.0,25.0,-141.0,117.0,1585.0,,-192.0
-212.0,712.0,,-166.0,18.0,-73.0,151.0,1380.0,,-287.0
-58.0,624.0,,-203.0,18.0,-129.0,187.0,1618.0,,-346.0
-131.0,681.0,,-222.0,-32.0,-377.0,211.0,1528.0,,-359.0
-34.0,649.0,,-224.0,-15.0,-246.0,235.0,1337.0,,-327.0
-25.0,574.0,,-225.0,27.0,148.0,255.0,1285.0,,-262.0
-29.0,431.0,,-187.0,29.0,348.0,277.0,903.0,,-190.0
26.0,366.0,,-196.0,76.0,379.0,323.0,1029.0,,-114.0
-75.0,311.0,,-207.0,118.0,423.0,383.0,931.0,,-43.0
108.0,199.0,,-224.0,138.0,480.0,436.0,988.0,,8.0
23.0,93.0,,-256.0,197.0,184.0,465.0,923.0,,53.0
85.0,91.0,,-276.0,214.0,54.0,461.0,713.0,,78.0
-8.0,154.0,,-330.0,214.0,221.0,454.0,641.0,,81.0
9.0,93.0,,-380.0,237.0,252.0,462.0,221.0,,78.0
40.0,62.0,,-407.0,187.0,92.0,476.0,267.0,,74.0
-38.0,24.0,,-434.0,147.0,-84.0,479.0,166.0,,51.0
7.0,0.0,,-434.0,136.0,-72.0,498.0,109.0,,12.0
-121.0,-94.0,,-411.0,64.0,-11.0,534.0,49.0,,-32.0
33.0,-266.0,,-419.0,37.0,-14.0,557.0,-84.0,,-73.0
-107.0,-301.0,,-373.0,30.0,45.0,602.0,166.0,,-86.0
-58.0,-230.0,,-291.0,-12.0,233.0,626.0,171.0,,-73.0
-104.0,-120.0,,-200.0,10.0,358.0,633.0,282.0,,-28.0
-72.0,-56.0,,-81.0,30.0,446.0,661.0,142.0,,29.0
43.0,38.0,,10.0,22.0,403.0,677.0,169.0,,96.0
-133.0,133.0,,115.0,63.0,116.0,682.0,509.0,,165.0
-16.0,174.0,,193.0,83.0,-329.0,663.0,607.0,,239.0
-88.0,172.0,,239.0,99.0,-583.0,645.0,711.0,,318.0
47.0,180.0,,294.0,146.0,-532.0,625.0,458.0,,387.0
-85.0,276.0,,319.0,120.0,-530.0,627.0,572.0,,469.0
-56.0,262.0,,343.0,72.0,-659.0,656.0,630.0,,544.0
-17.0,130.0,,312.0,34.0,-863.0,673.0,461.0,,598.0
0.0,99.0,,249.0,-57.0,-832.0,696.0,461.0,,638.0
95.0,53.0,,221.0,-86.0,-713.0,705.0,112.0,,655.0
-80.0,-95.0,,146.0,-92.0,-699.0,721.0,286.0,,648.0
52.0,-116.0,,49.0,-156.0,-640.0,732.0,354.0,,624.0
4.0,-78.0,,-24.0,-159.0,-446.0,723.0,264.0,,600.0
192.0,-96.0,,-59.0,-153.0,-156.0,710.0,367.0,,579.0
74.0,-170.0,,-127.0,-142.0,-99.0,677.0,290.0,,576.0
131.0,-296.0,,-202.0,-80.0,-218.0,657.0,448.0,,579.0
229.0,-374.0,,-225.0,-80.0,-409.0,643.0,208.0,,576.0
180.0,-438.0,,-231.0,-87.0,-601.0,618.0,33.0,,550.0
248.0,-550.0,,-230.0,-39.0,-792.0,582.0,-181.0,,519.0
126.0,-630.0,,-223.0,-23.0,-859.0,542.0,-345.0,,487.0
347.0,-578.0,,-173.0,35.0,-678.0,523.0,-229.0,,439.0
275.0,-515.0,,-137.0,125.0,-339.0,496.0,-497.0,,393.0
393.0,-396.0,,-91.0,140.0,97.0,461.0,-349.0,,350.0
308.0,-247.0,,-40.0,174.0,411.0,440.0,-448.0,,329.0
373.0,-125.0,,-44.0,165.0,582.0,420.0,-661.0,,327.0
510.0,76.0,,-47.0,79.0,690.0,391.0,-735.0,,339.0
425.0,195.0,,9.0,47.0,774.0,341.0,-1014.0,,363.0
515.0,218.0,,44.0,3.0,719.0,291.0,-994.0,,394.0
414.0,241.0,,45.0,-36.0,620.0,243.0,-1090.0,,437.0
604.0,309.0,,57.0,-3.0,567.0,202.0,-879.0,,477.0
479.0,320.0,,63.0,-13.0,499.0,195.0,-848.0,,515.0
517.0,374.0,,73.0,-18.0,539.0,193.0,-772.0,,551.0
482.0,508.0,,21.0,15.0,382.0,162.0,-474.0,,575.0
442.0,521.0,,-17.0,-2.0,-34.0,110.0,-689.0,,587.0
523.0,507.0,,-46.0,12.0,-259.0,65.0,-620.0,,573.0
395.0,464.0,,-49.0,26.0,42.0,30.0,-800.0,,515.0
438.0,494.0,,12.0,-46.0,636.0,0.0,-923.0,,427.0
209.0,436.0,,39.0,-96.0,877.0,-17.0,-949.0,,315.0
256.0,349.0,,77.0,-168.0,799.0,-28.0,-1032.0,,168.0
214.0,436.0,,94.0,-242.0,776.0,-32.0,-812.0,,-4.0
182.0,490.0,,80.0,-211.0,856.0,-60.0,-875.0,,-187.0
168.0,492.0,,80.0,-195.0,697.0,-111.0,-650.0,,-396.0
41.0,438.0,,100.0,-173.0,188.0,-123.0,-661.0,,-607.0
42.0,519.0,,167.0,-77.0,-171.0,-110.0,-794.0,,-795.0
-103.0,618.0,,217.0,-17.0,-304.0,-109.0,-903.0,,-979.0
-15.0,598.0,,232.0,62.0,-368.0,-102.0,-1265.0,,-1126.0
-121.0,571.0,,245.0,145.0,-507.0,-112.0,-1226.0,,-1216.0
-111.0,591.0,,213.0,145.0,-687.0,-139.0,-1383.0,,-1255.0
-63.0,700.0,,196.0,186.0,-711.0,-146.0,-1348.0,,-1244.0
-108.0,678.0,,226.0,196.0,-842.0,-148.0,-1298.0,,-1206.0
-72.0,565.0,,239.0,142.0,-1049.0,-154.0,-1354.0,,-1140.0
-154.0,494.0,,245.0,158.0,-1017.0,-175.0,-1252.0,,-1053.0
-53.0,456.0,,234.0,154.0,-799.0,-202.0,-1319.0,,-975.0
-139.0,293.0,,205.0,167.0,-669.0,-222.0,-1069.0,,-905.0
-160.0,85.0,,240.0,235.0,-699.0,-255.0,-1258.0,,-846.0
-192.0,39.0,,301.0,216.0,-745.0,-266.0,-1435.0,,-800.0
-223.0,-22.0,,305.0,213.0,-726.0,-264.0,-1435.0,,-767.0
-186.0,-102.0,,304.0,227.0,-660.0,-261.0,-1557.0,,-752.0
-296.0,-154.0,,296.0,189.0,-644.0,-258.0,-1271.0,,-744.0
-329.0,-95.0,,280.0,242.0,-797.0,-274.0,-1197.0,,-733.0
-427.0,65.0,,256.0,300.0,-1109.0,-271.0,-903.0,,-707.0
-350.0,220.0,,221.0,288.0,-1322.0,-275.0,-862.0,,-655.0
-417.0,346.0,,187.0,307.0,-1240.0,-272.0,-982.0,,-568.0
-548.0,404.0,,178.0,253.0,-999.0,-234.0,-888.0,,-457.0
-533.0,494.0,,232.0,171.0,-1078.0,-221.0,-979.0,,-320.0
-587.0,503.0,,280.0,146.0,-1247.0,-219.0,-587.0,,-161.0
-579.0,476.0,,301.0,49.0,-1037.0,-241.0,-497.0,,3.0
-633.0,455.0,,302.0,-16.0,-882.0,-275.0,-445.0,,153.0
-593.0,341.0,,317.0,-33.0,-1140.0,-289.0,-426.0,,271.0
-576.0,240.0,,339.0,-87.0,-1590.0,-305.0,-639.0,,366.0
-570.0,62.0,,332.0,-60.0,-1565.0,-305.0,-559.0,,404.0
-508.0,-70.0,,320.0,-40.0,-1319.0,-290.0,-755.0,,405.0
-456.0,-114.0,,287.0,-53.0,-1417.0,-253.0,-646.0,,376.0
-380.0,-219.0,,280.0,18.0,-1513.0,-207.0,-705.0,,290.0
-364.0,-321.0,,266.0,14.0,-1338.0,-169.0,-988.0,,180.0
-255.0,-337.0,,240.0,-38.0,-905.0,-152.0,-1134.0,,43.0
-176.0,-256.0,,225.0,-34.0,-763.0,-156.0,-1454.0,,-96.0
-110.0,-255.0,,207.0,-84.0,-861.0,-170.0,-1504.0,,-218.0
-68.0,-291.0,,192.0,-77.0,-784.0,-182.0,-1751.0,,-310.0
-71.0,-207.0,,142.0,-29.0,-759.0,-193.0,-1777.0,,-361.0
35.0,-129.0,,91.0,-66.0,-866.0,-189.0,-1709.0,,-365.0
90.0,-171.0,,36.0,-53.0,-1039.0,-178.0,-1513.0,,-305.0
124.0,-180.0,,-8.0,-67.0,-1306.0,-172.0,-1073.0,,-213.0
107.0,-76.0,,-40.0,-134.0,-1817.0,-147.0,-1188.0,,-85.0
92.0,-66.0,,-56.0,-102.0,-2200.0,-157.0,-1012.0,,52.0
71.0,-153.0,,-49.0,-93.0,-2222.0,-176.0,-875.0,,162.0
0.0,-176.0,,-43.0,-105.0,-2297.0,-188.0,-763.0,,230.0
-10.0,-133.0,,-83.0,-91.0,-2619.0,-219.0,-752.0,,256.0
-28.0,-101.0,,-129.0,-184.0,-2825.0,-229.0,-966.0,,245.0
-61.0,-113.0,,-173.0,-251.0,-2448.0,-230.0,-798.0,,201.0
-176.0,-121.0,,-262.0,-259.0,-1984.0,-227.0,-977.0,,133.0
-215.0,-49.0,,-301.0,-306.0,-1846.0,-225.0,-925.0,,43.0
-278.0,30.0,,-345.0,-272.0,-1702.0,-222.0,-890.0,,-33.0
-325.0,10.0,,-410.0,-242.0,-1410.0,-223.0,-822.0,,-108.0
-295.0,-22.0,,-420.0,-265.0,-1018.0,-235.0,-641.0,,-180.0
-366.0,18.0,,-434.0,-213.0,-797.0,-235.0,-831.0,,-226.0
-379.0,118.0,,-450.0,-182.0,-780.0,-210.0,-646.0,,-253.0
-386.0,180.0,,-395.0,-150.0,-878.0,-196.0,-783.0,,-256.0
-326.0,182.0,,-332.0,-63.0,-1056.0,-203.0,-735.0,,-250.0
-389.0,206.0,,-311.0,-58.0,-1130.0,-214.0,-491.0,,-256.0
-406.0,225.0,,-266.0,-24.0,-1280.0,-252.0,-460.0,,-271.0
-357.0,170.0,,-223.0,67.0,-1508.0,-277.0,-310.0,,-288.0
-342.0,196.0,,-179.0,104.0,-1605.0,-272.0,-602.0,,-321.0
-304.0,352.0,,-151.0,180.0,-1727.0,-260.0,-694.0,,-344.0
-415.0,436.0,,-128.0,215.0,-1987.0,-254.0,-1067.0,,-360.0
-414.0,384.0,,-151.0,175.0,-2109.0,-266.0,-1374.0,,-390.0
-485.0,321.0,,-222.0,200.0,-1909.0,-283.0,-1193.0,,-417.0
-486.0,327.0,,-225.0,181.0,-1534.0,-300.0,-1191.0,,-461.0
-557.0,248.0,,-232.0,151.0,-1080.0,-302.0,-1008.0,,-510.0
-621.0,91.0,,-256.0,174.0,-874.0,-305.0,-1127.0,,-574.0
-597.0,-11.0,,-290.0,123.0,-1088.0,-300.0,-1055.0,,-639.0
-688.0,-58.0,,-317.0,101.0,-1447.0,-291.0,-1101.0,,-707.0
-688.0,-103.0,,-282.0,117.0,-1529.0,-293.0,-1356.0,,-770.0
-795.0,-144.0,,-243.0,85.0,-1395.0,-311.0,-1280.0,,-810.0
-751.0,-105.0,,-212.0,124.0,-1522.0,-338.0,-1358.0,,-827.0
-810.0,-45.0,,-181.0,164.0,-1662.0,-342.0,-1239.0,,-785.0
-831.0,-17.0,,-147.0,153.0,-1623.0,-344.0,-1478.0,,-722.0
-806.0,0.0,,-140.0,168.0,-1602.0,-335.0,-1417.0,,-637.0
-889.0,82.0,,-93.0,104.0,-1573.0,-341.0,-1090.0,,-542.0
-872.0,247.0,,-8.0,31.0,-1455.0,-371.0,-1158.0,,-453.0
-953.0,391.0,,50.0,48.0,-1306.0,-381.0,-1010.0,,-371.0
-913.0,469.0,,93.0,30.0,-1137.0,-403.0,-1176.0,,-331.0
-950.0,567.0,,83.0,23.0,-1018.0,-396.0,-1103.0,,-302.0
-935.0,659.0,,74.0,11.0,-984.0,-377.0,-1055.0,,-280.0
-895.0,669.0,,79.0,-56.0,-851.0,-378.0,-1079.0,,-269.0
-927.0,698.0,,54.0,-24.0,-796.0,-372.0,-964.0,,-250.0
-935.0,690.0,,-1.0,21.0,-848.0,-386.0,-1091.0,,-198.0
-993.0,579.0,,-74.0,18.0,-949.0,-380.0,-665.0,,-117.0
-892.0,354.0,,-164.0,79.0,-1050.0,-344.0,-563.0,,-22.0
-815.0,129.0,,-208.0,110.0,-1151.0,-310.0,-729.0,,98.0
-764.0,15.0,,-244.0,139.0,-1183.0,-303.0,-992.0,,226.0
-794.0,-119.0,,-298.0,195.0,-875.0,-333.0,-1419.0,,351.0
-824.0,-262.0,,-313.0,169.0,-424.0,-340.0,-1319.0,,458.0
-724.0,-343.0,,-356.0,137.0,5.0,-333.0,-1376.0,,527.0
-712.0,-329.0,,-376.0,79.0,250.0,-297.0,-1223.0,,547.0
-705.0,-344.0,,-367.0,-22.0,333.0,-246.0,-1191.0,,515.0
-698.0,-413.0,,-376.0,-26.0,563.0,-235.0,-1202.0,,440.0
-666.0,-388.0,,-375.0,-18.0,718.0,-223.0,-1117.0,,326.0
-677.0,-403.0,,-356.0,-34.0,714.0,-211.0,-1431.0,,188.0
-718.0,-486.0,,-314.0,-7.0,817.0,-191.0,-1354.0,,35.0
-659.0,-531.0,,-273.0,-52.0,703.0,-174.0,-1378.0,,-103.0
-711.0,-483.0,,-190.0,-101.0,354.0,-176.0,-1271.0,,-234.0
-675.0,-410.0,,-115.0,-95.0,-16.0,-176.0,-1175.0,,-347.0
-606.0,-386.0,,-96.0,-138.0,-223.0,-189.0,-1147.0,,-420.0
-635.0,-316.0,,-107.0,-158.0,-190.0,-194.0,-958.0,,-480.0
-659.0,-225.0,,-119.0,-175.0,-432.0,-171.0,-1169.0,,-527.0
-722.0,-76.0,,-141.0,-233.0,-636.0,-143.0,-1121.0,,-551.0
-676.0,32.0,,-151.0,-217.0,-567.0,-135.0,-1188.0,,-574.0
-688.0,66.0,,-144.0,-186.0,-317.0,-141.0,-1067.0,,-591.0
-686.0,148.0,,-170.0,-148.0,8.0,-140.0,-981.0,,-587.0
-630.0,240.0,,-190.0,-49.0,206.0,-160.0,-1143.0,,-577.0
-596.0,260.0,,-228.0,-23.0,242.0,-204.0,-910.0,,-566.0
-633.0,96.0,,-221.0,-20.0,246.0,-224.0,-918.0,,-546.0
-701.0,-18.0,,-174.0,22.0,475.0,-210.0,-633.0,,-529.0
-621.0,-60.0,,-142.0,-16.0,526.0,-205.0,-524.0,,-517.0
-625.0,-180.0,,-143.0,-47.0,332.0,-191.0,-563.0,,-518.0
-585.0,-332.0,,-166.0,-60.0,-73.0,-182.0,-406.0,,-529.0
-601.0,-471.0,,-179.0,-137.0,-436.0,-173.0,-611.0,,-546.0
-628.0,-487.0,,-235.0,-152.0,-476.0,-161.0,-617.0,,-564.0
-567.0,-505.0,,-195.0,-176.0,-448.0,-176.0,-973.0,,-581.0
-571.0,-577.0,,-182.0,-233.0,-378.0,-179.0,-1254.0,,-592.0
-549.0,-570.0,,-212.0,-197.0,-207.0,-162.0,-1274.0,,-585.0
-547.0,-439.0,,-198.0,-176.0,85.0,-133.0,-1426.0,,-539.0
-414.0,-354.0,,-211.0,-156.0,242.0,-121.0,-1295.0,,-459.0
-382.0,-339.0,,-208.0,-94.0,236.0,-114.0,-1321.0,,-355.0
-384.0,-215.0,,-195.0,-88.0,126.0,-106.0,-1119.0,,-229.0
-312.0,-80.0,,-155.0,-66.0,50.0,-105.0,-1051.0,,-105.0
-314.0,-46.0,,-124.0,-31.0,-64.0,-79.0,-1186.0,,16.0
-285.0,-58.0,,-44.0,-56.0,-432.0,-44.0,-1095.0,,122.0
-229.0,-17.0,,23.0,-27.0,-825.0,-19.0,-933.0,,193.0
-73.0,91.0,,82.0,1.0,-951.0,-17.0,-611.0,,235.0
-12.0,195.0,,156.0,-25.0,-828.0,1.0,-700.0,,246.0
-34.0,235.0,,231.0,4.0,-795.0,0.0,-739.0,,230.0
-23.0,262.0,,302.0,2.0,-734.0,-34.0,-929.0,,182.0
50.0,273.0,,339.0,-13.0,-621.0,-37.0,-1123.0,,110.0
67.0,202.0,,403.0,20.0,-553.0,-50.0,-851.0,,12.0
108.0,93.0,,428.0,0.0,-494.0,-53.0,-831.0,,-103.0
180.0,-13.0,,461.0,12.0,-441.0,-46.0,-652.0,,-232.0
144.0,-105.0,,498.0,65.0,-322.0,-37.0,-715.0,,-370.0
151.0,-152.0,,534.0,57.0,-205.0,-14.0,-694.0,,-489.0
135.0,-190.0,,533.0,72.0,-78.0,13.0,-511.0,,-579.0
176.0,-233.0,,515.0,92.0,-114.0,45.0,-561.0,,-637.0
158.0,-198.0,,495.0,67.0,-416.0,57.0,-286.0,,-662.0
250.0,-145.0,,462.0,95.0,-568.0,63.0,-310.0,,-671.0
283.0,-65.0,,501.0,122.0,-349.0,71.0,-129.0,,-665.0
206.0,49.0,,493.0,136.0,-242.0,86.0,-103.0,,-654.0
240.0,92.0,,484.0,202.0,-383.0,97.0,-299.0,,-656.0
261.0,131.0,,476.0,191.0,-605.0,88.0,-238.0,,-679.0
336.0,182.0,,473.0,143.0,-895.0,71.0,-532.0,,-741.0
233.0,282.0,,485.0,123.0,-1195.0,56.0,-545.0,,-808.0
280.0,360.0,,472.0,42.0,-1704.0,54.0,-722.0,,-870.0
336.0,344.0,,472.0,-8.0,-2214.0,62.0,-737.0,,-935.0
321.0,371.0,,432.0,-16.0,-2549.0,93.0,-506.0,,-968.0
295.0,369.0,,386.0,-32.0,-2600.0,117.0,-376.0,,-976.0
218.0,266.0,,329.0,8.0,-2407.0,143.0,-216.0,,-956.0
316.0,130.0,,300.0,3.0,-2358.0,166.0,-606.0,,-918.0
316.0,50.0,,269.0,-62.0,-2417.0,150.0,-594.0,,-890.0
375.0,26.0,,228.0,-76.0,-2569.0,148.0,-618.0,,-860.0
358.0,-40.0,,216.0,-124.0,-2536.0,162.0,-607.0,,-838.0
351.0,-149.0,,154.0,-157.0,-2368.0,185.0,-552.0,,-812.0
342.0,-228.0,,58.0,-102.0,-2232.0,200.0,-1043.0,,-775.0
286.0,-214.0,,0.0,-75.0,-2077.0,190.0,-1058.0,,-740.0
321.0,-179.0,,-44.0,-25.0,-2099.0,168.0,-1197.0,,-702.0
285.0,-129.0,,-80.0,30.0,-2163.0,135.0,-1073.0,,-670.0
314.0,-18.0,,-97.0,9.0,-2378.0,111.0,-877.0,,-654.0
183.0,91.0,,-110.0,35.0,-2748.0,91.0,-761.0,,-648.0
169.0,181.0,,-125.0,55.0,-3020.0,68.0,-393.0,,-642.0
193.0,218.0,,-148.0,16.0,-3152.0,68.0,-613.0,,-647.0
115.0,264.0,,-148.0,36.0,-3191.0,87.0,-618.0,,-653.0
104.0,311.0,,-152.0,29.0,-3203.0,80.0,-816.0,,-656.0
29.0,274.0,,-157.0,4.0,-3294.0,58.0,-938.0,,-683.0
79.0,252.0,,-170.0,31.0,-3420.0,46.0,-761.0,,-713.0
6.0,278.0,,-141.0,-11.0,-3313.0,54.0,-768.0,,-741.0
-37.0,342.0,,-124.0,-75.0,-3147.0,62.0,-563.0,,-753.0
-70.0,385.0,,-141.0,-111.0,-3104.0,56.0,-639.0,,-741.0
-120.0,395.0,,-120.0,-183.0,-3034.0,52.0,-537.0,,-722.0
-50.0,400.0,,-149.0,-180.0,-2804.0,31.0,-626.0,,-690.0
-72.0,371.0,,-172.0,-139.0,-2664.0,21.0,-703.0,,-667.0
-80.0,263.0,,-223.0,-153.0,-2899.0,16.0,-511.0,,-651.0
-99.0,41.0,,-305.0,-101.0,-3080.0,15.0,-659.0,,-640.0
-50.0,-140.0,,-357.0,-54.0,-2825.0,18.0,-639.0,,-635.0
-122.0,-279.0,,-372.0,-55.0,-2465.0,-9.0,-883.0,,-615.0
-148.0,-431.0,,-375.0,-26.0,-2331.0,-26.0,-934.0,,-597.0
-46.0,-545.0,,-397.0,-48.0,-2224.0,-28.0,-905.0,,-564.0
-25.0,-589.0,,-402.0,-54.0,-1855.0,-35.0,-842.0,,-499.0
32.0,-567.0,,-404.0,12.0,-1467.0,-52.0,-491.0,,-411.0
6.0,-486.0,,-373.0,13.0,-1309.0,-59.0,-545.0,,-288.0
18.0,-406.0,,-360.0,-37.0,-1197.0,-51.0,-421.0,,-138.0
27.0,-391.0,,-304.0,-86.0,-1129.0,-34.0,-696.0,,17.0
56.0,-320.0,,-234.0,-158.0,-1134.0,-7.0,-995.0,,184.0
147.0,-293.0,,-197.0,-178.0,-1217.0,6.0,-1012.0,,370.0
152.0,-356.0,,-166.0,-179.0,-1116.0,-6.0,-1154.0,,552.0
158.0,-372.0,,-130.0,-232.0,-911.0,-17.0,-777.0,,721.0
227.0,-354.0,,-57.0,-204.0,-920.0,-14.0,-537.0,,877.0
292.0,-382.0,,-27.0,-128.0,-920.0,-6.0,-157.0,,1005.0
297.0,-423.0,,7.0,-74.0,-830.0,17.0,-16.0,,1102.0
366.0,-401.0,,17.0,24.0,-822.0,33.0,-49.0,,1162.0
446.0,-373.0,,-1.0,93.0,-1126.0,43.0,327.0,,1201.0
455.0,-295.0,,-7.0,108.0,-1255.0,51.0,400.0,,1219.0
526.0,-188.0,,-36.0,153.0,-1005.0,44.0,729.0,,1199.0
529.0,-46.0,,-84.0,169.0,-857.0,57.0,703.0,,1178.0
516.0,93.0,,-118.0,167.0,-896.0,60.0,365.0,,1159.0
569.0,156.0,,-105.0,194.0,-802.0,65.0,22.0,,1122.0
554.0,223.0,,-122.0,152.0,-385.0,90.0,-417.0,,1073.0
599.0,248.0,,-171.0,87.0,-80.0,119.0,-254.0,,1012.0
554.0,183.0,,-162.0,43.0,-79.0,140.0,-232.0,,940.0
512.0,73.0,,-142.0,-40.0,-187.0,137.0,-153.0,,876.0
502.0,-6.0,,-139.0,-97.0,-282.0,140.0,-234.0,,808.0
435.0,-21.0,,-84.0,-115.0,-404.0,148.0,-380.0,,738.0
433.0,-25.0,,-48.0,-141.0,-511.0,165.0,-206.0,,676.0
389.0,-31.0,,-39.0,-128.0,-527.0,177.0,-242.0,,603.0
396.0,-15.0,,-62.0,-98.0,-536.0,188.0,25.0,,534.0
373.0,27.0,,-34.0,-98.0,-557.0,194.0,73.0,,461.0
347.0,29.0,,25.0,-63.0,-606.0,173.0,112.0,,383.0
318.0,-43.0,,20.0,-16.0,-703.0,155.0,49.0,,309.0
303.0,-106.0,,-36.0,7.0,-547.0,143.0,-158.0,,239.0
351.0,-222.0,,-103.0,59.0,-169.0,143.0,155.0,,172.0
360.0,-360.0,,-25.0,77.0,-57.0,139.0,384.0,,109.0
381.0,-482.0,,14.0,64.0,-254.0,133.0,809.0,,59.0
383.0,-551.0,,38.0,85.0,-527.0,121.0,890.0,,18.0
413.0,-435.0,,47.0,82.0,-333.0,104.0,796.0,,-1.0
348.0,-312.0,,23.0,64.0,203.0,98.0,794.0,,-10.0
296.0,-255.0,,63.0,79.0,503.0,90.0,471.0,,-12.0
295.0,-171.0,,70.0,81.0,693.0,102.0,474.0,,-5.0
296.0,-73.0,,136.0,81.0,864.0,121.0,404.0,,12.0
314.0,-56.0,,192.0,90.0,923.0,121.0,654.0,,37.0
226.0,-114.0,,176.0,61.0,810.0,136.0,966.0,,50.0
186.0,-135.0,,183.0,29.0,601.0,157.0,1123.0,,82.0
138.0,-109.0,,162.0,8.0,493.0,156.0,1269.0,,121.0
117.0,-156.0,,133.0,-42.0,443.0,146.0,1014.0,,153.0
93.0,-268.0,,100.0,-68.0,327.0,110.0,1225.0,,203.0
86.0,-279.0,,111.0,-57.0,267.0,77.0,1341.0,,266.0
104.0,-163.0,,161.0,-53.0,217.0,35.0,1459.0,,340.0
72.0,-9.0,,155.0,-34.0,166.0,-25.0,1404.0,,435.0
92.0,85.0,,212.0,-12.0,194.0,-40.0,925.0,,550.0
53.0,183.0,,165.0,-9.0,306.0,-39.0,949.0,,668.0
89.0,243.0,,141.0,5.0,553.0,-27.0,877.0,,780.0
143.0,231.0,,197.0,2.0,746.0,-9.0,1104.0,,868.0
167.0,197.0,,197.0,-39.0,864.0,-17.0,1254.0,,905.0
228.0,198.0,,263.0,-57.0,785.0,-18.0,1308.0,,884.0
189.0,272.0,,226.0,-52.0,628.0,0.0,1391.0,,808.0
176.0,304.0,,244.0,-33.0,543.0,18.0,916.0,,679.0
215.0,294.0,,268.0,37.0,94.0,36.0,759.0,,523.0
251.0,254.0,,267.0,88.0,-273.0,61.0,528.0,,351.0
277.0,273.0,,298.0,97.0,-327.0,46.0,620.0,,164.0
277.0,320.0,,297.0,104.0,-393.0,7.0,770.0,,-21.0
276.0,307.0,,271.0,79.0,-394.0,0.0,748.0,,-198.0
251.0,269.0,,177.0,58.0,-354.0,5.0,1077.0,,-351.0
192.0,216.0,,165.0,79.0,-2.0,3.0,1067.0,,-485.0
210.0,179.0,,102.0,73.0,471.0,-5.0,1396.0,,-579.0
297.0,117.0,,36.0,60.0,719.0,-10.0,1500.0,,-634.0
316.0,57.0,,-8.0,76.0,812.0,-19.0,1483.0,,-666.0
303.0,5.0,,-3.0,76.0,909.0,-49.0,1513.0,,-652.0
336.0,-44.0,,94.0,87.0,1236.0,-79.0,1128.0,,-634.0
364.0,-88.0,,112.0,115.0,1415.0,-97.0,1060.0,,-598.0
360.0,-146.0,,130.0,107.0,1108.0,-102.0,807.0,,-542.0
395.0,-214.0,,158.0,111.0,694.0,-110.0,1008.0,,-471.0
445.0,-306.0,,225.0,135.0,593.0,-127.0,1348.0,,-355.0
519.0,-359.0,,294.0,122.0,649.0,-144.0,1465.0,,-242.0
520.0,-358.0,,321.0,120.0,600.0,-168.0,1620.0,,-115.0
466.0,-401.0,,280.0,132.0,396.0,-184.0,1311.0,,16.0
493.0,-374.0,,239.0,132.0,267.0,-202.0,1339.0,,149.0
492.0,-208.0,,306.0,169.0,381.0,-224.0,1261.0,,292.0
459.0,-94.0,,364.0,173.0,659.0,-228.0,1297.0,,421.0
465.0,-74.0,,359.0,116.0,1045.0,-227.0,1367.0,,566.0
524.0,-67.0,,316.0,70.0,1229.0,-233.0,1149.0,,698.0
532.0,-8.0,,301.0,1.0,1323.0,-237.0,1223.0,,809.0
466.0,21.0,,301.0,-71.0,1596.0,-236.0,1055.0,,902.0
467.0,-18.0,,271.0,-88.0,1859.0,-243.0,1167.0,,961.0
516.0,-29.0,,286.0,-108.0,1727.0,-239.0,1117.0,,1022.0
504.0,-5.0,,335.0,-117.0,1371.0,-224.0,955.0,,1062.0
480.0,20.0,,217.0,-78.0,1355.0,-221.0,992.0,,1086.0
578.0,-53.0,,47.0,-74.0,1537.0,-197.0,735.0,,1095.0
589.0,-100.0,,28.0,-66.0,1553.0,-181.0,788.0,,1075.0
477.0,-58.0,,14.0,-35.0,1393.0,-188.0,768.0,,1040.0
446.0,-23.0,,-21.0,-50.0,1542.0,-199.0,986.0,,995.0
483.0,-23.0,,-68.0,-37.0,1902.0,-205.0,1273.0,,942.0
499.0,-75.0,,-174.0,8.0,1903.0,-193.0,1337.0,,873.0
446.0,-59.0,,-266.0,21.0,1865.0,-176.0,1369.0,,793.0
450.0,-3.0,,-318.0,48.0,2001.0,-150.0,1104.0,,694.0
453.0,15.0,,-332.0,69.0,2025.0,-155.0,1321.0,,601.0
427.0,-39.0,,-386.0,45.0,1851.0,-172.0,1526.0,,535.0
404.0,-115.0,,-445.0,54.0,1679.0,-179.0,1655.0,,481.0
407.0,-127.0,,-420.0,44.0,1650.0,-172.0,1670.0,,450.0
471.0,-194.0,,-387.0,-25.0,1653.0,-168.0,1419.0,,427.0
500.0,-313.0,,-315.0,-59.0,1659.0,-176.0,1446.0,,415.0
539.0,-293.0,,-187.0,-99.0,1727.0,-184.0,1212.0,,413.0
536.0,-162.0,,-86.0,-135.0,1881.0,-210.0,1158.0,,398.0
547.0,-8.0,,-89.0,-83.0,2061.0,-218.0,1091.0,,381.0
538.0,164.0,,-110.0,-39.0,2387.0,-230.0,1176.0,,362.0
529.0,260.0,,-35.0,-7.0,2669.0,-255.0,1590.0,,329.0
603.0,379.0,,79.0,40.0,2503.0,-271.0,1576.0,,280.0
564.0,419.0,,155.0,25.0,2178.0,-294.0,1577.0,,231.0
499.0,392.0,,185.0,20.0,2110.0,-302.0,1130.0,,164.0
447.0,460.0,,188.0,61.0,2360.0,-303.0,726.0,,80.0
431.0,469.0,,169.0,55.0,2515.0,-303.0,448.0,,3.0
377.0,440.0,,121.0,53.0,2443.0,-294.0,105.0,,-70.0
315.0,314.0,,3.0,60.0,2359.0,-286.0,240.0,,-125.0
359.0,158.0,,-161.0,19.0,2383.0,-290.0,253.0,,-157.0
324.0,11.0,,-322.0,6.0,2456.0,-313.0,570.0,,-175.0
230.0,-226.0,,-456.0,-19.0,2412.0,-322.0,618.0,,-183.0
124.0,-327.0,,-512.0,-107.0,2414.0,-314.0,598.0,,-190.0
164.0,-347.0,,-546.0,-160.0,2330.0,-311.0,855.0,,-217.0
175.0,-392.0,,-656.0,-210.0,2311.0,-301.0,851.0,,-263.0
103.0,-332.0,,-687.0,-257.0,2416.0,-288.0,1169.0,,-332.0
137.0,-296.0,,-612.0,-215.0,2384.0,-294.0,1158.0,,-432.0
147.0,-309.0,,-537.0,-173.0,2320.0,-306.0,1230.0,,-563.0
157.0,-365.0,,-397.0,-153.0,2349.0,-316.0,1280.0,,-721.0
93.0,-447.0,,-346.0,-87.0,2664.0,-309.0,1182.0,,-896.0
121.0,-422.0,,-314.0,-75.0,2908.0,-296.0,1330.0,,-1077.0
185.0,-415.0,,-203.0,-110.0,2808.0,-302.0,1099.0,,-1261.0
172.0,-417.0,,-154.0,-123.0,2778.0,-297.0,1056.0,,-1431.0
213.0,-353.0,,-83.0,-163.0,2905.0,-299.0,853.0,,-1574.0
272.0,-213.0,,-72.0,-138.0,2946.0,-305.0,925.0,,-1702.0
308.0,-101.0,,-6.0,-40.0,2802.0,-290.0,1304.0,,-1808.0
277.0,29.0,,141.0,5.0,2439.0,-277.0,1332.0,,-1873.0
317.0,225.0,,212.0,44.0,2199.0,-265.0,1450.0,,-1904.0
382.0,281.0,,279.0,70.0,2316.0,-257.0,1212.0,,-1904.0
461.0,338.0,,272.0,42.0,2500.0,-266.0,1241.0,,-1856.0
459.0,344.0,,230.0,48.0,2569.0,-295.0,1293.0,,-1782.0
482.0,322.0,,264.0,56.0,2525.0,-310.0,1237.0,,-1691.0
542.0,305.0,,373.0,25.0,2510.0,-323.0,1369.0,,-1594.0
487.0,172.0,,435.0,40.0,2448.0,-312.0,1237.0,,-1508.0
445.0,3.0,,429.0,71.0,2327.0,-267.0,1443.0,,-1426.0
431.0,-171.0,,394.0,77.0,2152.0,-252.0,1424.0,,-1368.0
521.0,-297.0,,357.0,101.0,1877.0,-262.0,1332.0,,-1323.0
441.0,-471.0,,343.0,77.0,1698.0,-278.0,1141.0,,-1280.0
375.0,-619.0,,290.0,-5.0,1425.0,-270.0,731.0,,-1230.0
370.0,-704.0,,262.0,-47.0,1127.0,-257.0,691.0,,-1175.0
323.0,-673.0,,197.0,-102.0,1101.0,-240.0,484.0,,-1119.0
310.0,-566.0,,147.0,-164.0,1055.0,-229.0,720.0,,-1033.0
225.0,-566.0,,131.0,-177.0,892.0,-238.0,940.0,,-932.0
272.0,-444.0,,88.0,-211.0,767.0,-246.0,958.0,,-813.0
208.0,-175.0,,98.0,-221.0,667.0,-241.0,1021.0,,-679.0
176.0,46.0,,83.0,-204.0,836.0,-221.0,849.0,,-544.0
157.0,141.0,,85.0,-241.0,1022.0,-210.0,1055.0,,-418.0
85.0,203.0,,90.0,-258.0,985.0,-197.0,1056.0,,-314.0
91.0,279.0,,85.0,-240.0,1010.0,-180.0,1201.0,,-231.0
92.0,275.0,,193.0,-242.0,877.0,-166.0,1171.0,,-181.0
116.0,206.0,,264.0,-226.0,942.0,-186.0,992.0,,-162.0
11.0,115.0,,207.0,-211.0,1064.0,-227.0,1173.0,,-173.0
-12.0,8.0,,179.0,-187.0,1043.0,-244.0,1005.0,,-208.0
-42.0,-55.0,,192.0,-90.0,1276.0,-254.0,1265.0,,-261.0
-65.0,-64.0,,165.0,-13.0,1276.0,-264.0,1363.0,,-330.0
-80.0,-14.0,,157.0,0.0,1319.0,-261.0,1382.0,,-400.0
-105.0,79.0,,145.0,16.0,1184.0,-247.0,1518.0,,-456.0
-120.0,32.0,,116.0,-9.0,526.0,-245.0,1424.0,,-482.0
-156.0,51.0,,77.0,-59.0,41.0,-243.0,1666.0,,-485.0
-173.0,113.0,,18.0,-60.0,-267.0,-235.0,1540.0,,-472.0
-278.0,70.0,,-7.0,-74.0,-342.0,-222.0,1513.0,,-429.0
-274.0,82.0,,13.0,-69.0,-297.0,-202.0,1250.0,,-373.0
-294.0,37.0,,27.0,-18.0,-204.0,-206.0,912.0,,-319.0
-297.0,-24.0,,0.0,3.0,101.0,-243.0,951.0,,-265.0
-347.0,-112.0,,-9.0,39.0,538.0,-271.0,742.0,,-211.0
-355.0,-141.0,,-21.0,93.0,968.0,-274.0,979.0,,-176.0
-309.0,-195.0,,-50.0,105.0,1297.0,-256.0,1051.0,,-171.0
-382.0,-249.0,,-56.0,136.0,1637.0,-218.0,1141.0,,-187.0
-379.0,-156.0,,-5.0,152.0,1822.0,-206.0,1182.0,,-221.0
-382.0,-268.0,,22.0,112.0,1747.0,-208.0,803.0,,-250.0
-319.0,-212.0,,-27.0,123.0,1421.0,-188.0,652.0,,-284.0
-331.0,-56.0,,-45.0,122.0,1116.0,-191.0,391.0,,-325.0
-291.0,-130.0,,-69.0,59.0,1051.0,-203.0,500.0,,-372.0
-267.0,-158.0,,-65.0,34.0,1026.0,-208.0,583.0,,-433.0
-306.0,-188.0,,-53.0,0.0,1037.0,-210.0,792.0,,-491.0
-263.0,-179.0,,-113.0,-62.0,914.0,-205.0,1212.0,,-548.0
-218.0,-307.0,,-169.0,-93.0,644.0,-213.0,1289.0,,-594.0
-150.0,-352.0,,-171.0,-152.0,580.0,-205.0,1498.0,,-623.0
-170.0,-249.0,,-166.0,-198.0,711.0,-207.0,1315.0,,-641.0
-88.0,-237.0,,-183.0,-187.0,701.0,-213.0,1278.0,,-653.0
-75.0,-119.0,,-145.0,-203.0,387.0,-215.0,1171.0,,-655.0
-75.0,-132.0,,-126.0,-195.0,237.0,-210.0,973.0,,-644.0
-60.0,-118.0,,-114.0,-139.0,384.0,-180.0,1212.0,,-624.0
-52.0,-38.0,,-53.0,-104.0,236.0,-135.0,1191.0,,-576.0
36.0,-70.0,,-26.0,-37.0,70.0,-101.0,1356.0,,-512.0
18.0,-115.0,,-24.0,17.0,152.0,-104.0,1189.0,,-441.0
9.0,-131.0,,5.0,-1.0,548.0,-121.0,1010.0,,-373.0
-37.0,-126.0,,39.0,-3.0,824.0,-156.0,975.0,,-310.0
6.0,-170.0,,58.0,-11.0,487.0,-180.0,726.0,,-246.0
44.0,-139.0,,23.0,-23.0,509.0,-171.0,711.0,,-193.0
48.0,-145.0,,-31.0,29.0,569.0,-130.0,395.0,,-167.0
66.0,-116.0,,25.0,60.0,489.0,-98.0,410.0,,-167.0
53.0,-39.0,,102.0,78.0,466.0,-102.0,369.0,,-186.0
91.0,79.0,,191.0,134.0,160.0,-123.0,169.0,,-232.0
43.0,152.0,,234.0,136.0,166.0,-152.0,129.0,,-291.0
38.0,174.0,,179.0,103.0,231.0,-165.0,-110.0,,-371.0
81.0,216.0,,173.0,90.0,321.0,-175.0,94.0,,-469.0
99.0,66.0,,217.0,39.0,347.0,-158.0,88.0,,-560.0
48.0,89.0,,287.0,-3.0,226.0,-121.0,186.0,,-651.0
33.0,12.0,,284.0,-12.0,374.0,-95.0,352.0,,-722.0
-26.0,-166.0,,277.0,-54.0,569.0,-87.0,323.0,,-773.0
-65.0,-172.0,,280.0,-67.0,736.0,-90.0,569.0,,-794.0
-35.0,-316.0,,299.0,-50.0,691.0,-69.0,456.0,,-776.0
-59.0,-355.0,,365.0,-44.0,757.0,-49.0,441.0,,-727.0
-46.0,-293.0,,321.0,21.0,1004.0,-46.0,338.0,,-654.0
-155.0,-337.0,,249.0,91.0,1026.0,-64.0,349.0,,-569.0
-166.0,-221.0,,170.0,122.0,704.0,-98.0,528.0,,-470.0
-242.0,-7.0,,94.0,191.0,64.0,-130.0,415.0,,-381.0
-291.0,-93.0,,58.0,225.0,-310.0,-133.0,517.0,,-291.0
-282.0,-4.0,,99.0,208.0,-446.0,-127.0,358.0,,-205.0
-335.0,301.0,,90.0,200.0,-603.0,-125.0,360.0,,-125.0
-308.0,426.0,,4.0,151.0,-815.0,-145.0,402.0,,-29.0
-402.0,495.0,,14.0,105.0,-1049.0,-176.0,388.0,,59.0
-363.0,536.0,,11.0,69.0,-1049.0,-175.0,626.0,,154.0
-431.0,620.0,,-35.0,-17.0,-802.0,-160.0,436.0,,231.0
-477.0,608.0,,-105.0,-78.0,-540.0,-130.0,382.0,,272.0
-456.0,453.0,,-103.0,-116.0,-521.0,-118.0,317.0,,282.0
-485.0,362.0,,-85.0,-188.0,-538.0,-103.0,347.0,,273.0
-478.0,412.0,,-108.0,-222.0,-732.0,-82.0,439.0,,251.0
-564.0,244.0,,-88.0,-222.0,-993.0,-79.0,277.0,,217.0
-494.0,131.0,,-86.0,-208.0,-1192.0,-68.0,363.0,,190.0
-570.0,207.0,,-100.0,-132.0,-1483.0,-73.0,158.0,,162.0
-570.0,35.0,,-139.0,-83.0,-1494.0,-91.0,181.0,,137.0
-560.0,1.0,,-152.0,-61.0,-1497.0,-105.0,86.0,,118.0
-597.0,-62.0,,-152.0,-2.0,-1761.0,-95.0,-190.0,,109.0
-550.0,-233.0,,-131.0,-4.0,-2112.0,-76.0,-99.0,,115.0
-642.0,-258.0,,-79.0,-32.0,-2089.0,-48.0,-339.0,,134.0
-604.0,-302.0,,-77.0,-28.0,-1777.0,-10.0,-323.0,,143.0
-667.0,-287.0,,-86.0,-56.0,-1646.0,30.0,-460.0,,136.0
-604.0,-321.0,,-76.0,-51.0,-1767.0,55.0,-554.0,,119.0
-549.0,-256.0,,-57.0,-11.0,-1853.0,47.0,-559.0,,86.0
-597.0,3.0,,-100.0,-8.0,-1579.0,40.0,-757.0,,51.0
-582.0,39.0,,-175.0,17.0,-1375.0,56.0,-498.0,,29.0
-640.0,-22.0,,-229.0,38.0,-1099.0,103.0,-436.0,,38.0
-565.0,217.0,,-262.0,29.0,-868.0,143.0,-101.0,,74.0
-625.0,270.0,,-269.0,66.0,-812.0,149.0,0.0,,144.0
-570.0,-10.0,,-271.0,81.0,-446.0,138.0,-273.0,,237.0
-552.0,106.0,,-265.0,64.0,-265.0,141.0,-365.0,,346.0
-569.0,128.0,,-266.0,85.0,-359.0,149.0,-641.0,,452.0
-550.0,-18.0,,-293.0,92.0,-482.0,146.0,-554.0,,548.0
-626.0,48.0,,-314.0,116.0,-546.0,149.0,-648.0,,636.0
-583.0,-115.0,,-318.0,177.0,-365.0,155.0,-513.0,,700.0
-627.0,-88.0,,-269.0,177.0,-580.0,187.0,-267.0,,732.0
-535.0,-32.0,,-213.0,156.0,-971.0,236.0,-323.0,,719.0
-534.0,-121.0,,-226.0,141.0,-999.0,252.0,-221.0,,673.0
-459.0,61.0,,-238.0,77.0,-989.0,231.0,-487.0,,599.0
-380.0,98.0,,-233.0,31.0,-885.0,211.0,-594.0,,505.0
-420.0,75.0,,-192.0,3.0,-826.0,203.0,-825.0,,401.0
-352.0,216.0,,-145.0,-64.0,-563.0,199.0,-921.0,,306.0
-339.0,78.0,,-94.0,-101.0,-85.0,188.0,-849.0,,231.0
-214.0,-4.0,,-68.0,-142.0,152.0,189.0,-1097.0,,175.0
-250.0,110.0,,-110.0,-220.0,196.0,194.0,-1093.0,,138.0
-222.0,-18.0,,-86.0,-258.0,175.0,193.0,-1459.0,,105.0
-241.0,-36.0,,-51.0,-315.0,392.0,188.0,-1611.0,,80.0
-280.0,96.0,,-78.0,-354.0,630.0,182.0,-1635.0,,44.0
-247.0,74.0,,-48.0,-292.0,520.0,185.0,-1698.0,,11.0
-288.0,-202.0,,-3.0,-227.0,281.0,170.0,-1507.0,,-3.0
-254.0,-357.0,,-51.0,-160.0,81.0,166.0,-1561.0,,-22.0
-348.0,-210.0,,-78.0,-92.0,-85.0,164.0,-1223.0,,-12.0
-315.0,-243.0,,-27.0,-74.0,-8.0,165.0,-1125.0,,10.0
-372.0,-414.0,,12.0,-27.0,47.0,167.0,-1082.0,,17.0
-416.0,-466.0,,76.0,35.0,-39.0,143.0,-1008.0,,22.0
-427.0,-357.0,,165.0,57.0,2.0,124.0,-1040.0,,11.0
-424.0,-354.0,,235.0,87.0,164.0,107.0,-698.0,,-12.0
-401.0,-273.0,,287.0,98.0,392.0,112.0,-757.0,,-51.0
-498.0,-32.0,,367.0,76.0,386.0,106.0,-676.0,,-88.0
-424.0,101.0,,495.0,77.0,389.0,107.0,-788.0,,-113.0
-451.0,210.0,,560.0,46.0,552.0,134.0,-942.0,,-155.0
-383.0,210.0,,533.0,-13.0,763.0,151.0,-848.0,,-187.0
-317.0,327.0,,439.0,-13.0,820.0,169.0,-1038.0,,-204.0
-253.0,546.0,,358.0,-9.0,822.0,189.0,-855.0,,-218.0
-193.0,620.0,,339.0,6.0,966.0,232.0,-914.0,,-214.0
-216.0,567.0,,295.0,52.0,978.0,271.0,-909.0,,-186.0
-167.0,590.0,,266.0,45.0,853.0,278.0,-901.0,,-142.0
-195.0,616.0,,222.0,50.0,516.0,289.0,-1097.0,,-93.0
-120.0,585.0,,117.0,65.0,546.0,290.0,-1073.0,,-44.0
-142.0,560.0,,93.0,48.0,896.0,310.0,-1315.0,,-23.0
-107.0,380.0,,181.0,83.0,1212.0,331.0,-1260.0,,-25.0
-66.0,419.0,,212.0,123.0,1534.0,335.0,-1402.0,,-60.0
-62.0,330.0,,152.0,110.0,1626.0,358.0,-1459.0,,-125.0
-111.0,176.0,,104.0,116.0,1773.0,368.0,-1332.0,,-196.0
-194.0,215.0,,155.0,97.0,1965.0,379.0,-1613.0,,-269.0
-90.0,189.0,,240.0,66.0,2180.0,397.0,-1664.0,,-315.0
-137.0,89.0,,298.0,111.0,2273.0,416.0,-1842.0,,-328.0
-177.0,-87.0,,336.0,139.0,1988.0,452.0,-1681.0,,-312.0
-227.0,-48.0,,268.0,145.0,1631.0,466.0,-1574.0,,-265.0
-203.0,-165.0,,209.0,159.0,1462.0,445.0,-1564.0,,-191.0
-258.0,-136.0,,227.0,99.0,999.0,420.0,-1306.0,,-108.0
-384.0,44.0,,189.0,32.0,244.0,391.0,-1470.0,,-14.0
-395.0,33.0,,55.0,-22.0,-22.0,366.0,-1441.0,,87.0
-461.0,61.0,,-17.0,-103.0,390.0,372.0,-1616.0,,188.0
-465.0,63.0,,-9.0,-125.0,805.0,380.0,-1598.0,,286.0
-590.0,22.0,,-6.0,-110.0,649.0,395.0,-1393.0,,378.0
-624.0,-169.0,,-27.0,-119.0,484.0,419.0,-1419.0,,459.0
-715.0,-226.0,,-86.0,-97.0,584.0,428.0,-1226.0,,507.0
-780.0,-347.0,,-75.0,-97.0,818.0,441.0,-1420.0,,508.0
-765.0,-486.0,,-67.0,-119.0,749.0,423.0,-1358.0,,474.0
-842.0,-436.0,,-84.0,-82.0,340.0,410.0,-1278.0,,396.0
-816.0,-470.0,,-80.0,-76.0,179.0,425.0,-1199.0,,302.0
-889.0,-474.0,,-97.0,-78.0,203.0,415.0,-949.0,,206.0
-862.0,-419.0,,-112.0,-32.0,359.0,446.0,-1010.0,,108.0
-884.0,-291.0,,-130.0,-32.0,536.0,486.0,-920.0,,37.0
-857.0,-197.0,,-165.0,-24.0,915.0,485.0,-1175.0,,-27.0
-786.0,-191.0,,-176.0,3.0,1318.0,483.0,-1306.0,,-86.0
-774.0,-129.0,,-124.0,-39.0,1402.0,467.0,-1481.0,,-132.0
-659.0,44.0,,-121.0,-76.0,1398.0,463.0,-1734.0,,-159.0
-651.0,126.0,,-171.0,-97.0,1310.0,491.0,-1701.0,,-170.0
-583.0,39.0,,-156.0,-131.0,1392.0,507.0,-1895.0,,-171.0
-532.0,141.0,,-103.0,-92.0,1507.0,529.0,-1605.0,,-147.0
-452.0,230.0,,-126.0,-48.0,1319.0,554.0,-1520.0,,-119.0
-408.0,25.0,,-197.0,-38.0,811.0,550.0,-1609.0,,-92.0
-386.0,-58.0,,-157.0,0.0,313.0,551.0,-1718.0,,-60.0
-296.0,-14.0,,-90.0,-8.0,169.0,538.0,-2036.0,,-33.0
-330.0,13.0,,-72.0,-22.0,182.0,536.0,-1899.0,,-28.0
-333.0,59.0,,-13.0,15.0,200.0,551.0,-1958.0,,-53.0
-290.0,3.0,,12.0,-1.0,136.0,536.0,-1751.0,,-108.0
-251.0,-40.0,,40.0,-9.0,335.0,522.0,-1570.0,,-178.0
-266.0,1.0,,97.0,41.0,542.0,498.0,-1590.0,,-261.0
-237.0,-1.0,,125.0,46.0,429.0,477.0,-1498.0,,-344.0
-136.0,22.0,,158.0,65.0,499.0,470.0,-1814.0,,-406.0
-137.0,36.0,,200.0,90.0,521.0,465.0,-1836.0,,-449.0
-162.0,-97.0,,281.0,71.0,434.0,461.0,-1895.0,,-458.0
-86.0,-67.0,,304.0,100.0,283.0,439.0,-1916.0,,-433.0
-17.0,-11.0,,306.0,109.0,4.0,409.0,-1923.0,,-374.0
23.0,-112.0,,390.0,63.0,33.0,377.0,-2086.0,,-278.0
48.0,64.0,,474.0,60.0,293.0,371.0,-1893.0,,-165.0
62.0,137.0,,522.0,22.0,624.0,379.0,-1984.0,,-54.0
111.0,-121.0,,502.0,-12.0,1014.0,405.0,-1879.0,,63.0
125.0,-142.0,,467.0,5.0,1291.0,433.0,-1762.0,,158.0
130.0,10.0,,449.0,-7.0,1233.0,433.0,-1646.0,,232.0
107.0,29.0,,384.0,18.0,878.0,447.0,-1370.0,,291.0
140.0,-54.0,,331.0,78.0,617.0,439.0,-1504.0,,332.0
147.0,-35.0,,332.0,77.0,414.0,422.0,-1443.0,,386.0
90.0,65.0,,313.0,85.0,88.0,420.0,-1605.0,,430.0
50.0,100.0,,272.0,105.0,-177.0,420.0,-1662.0,,470.0
22.0,53.0,,190.0,96.0,-131.0,447.0,-1686.0,,512.0
20.0,-20.0,,117.0,138.0,-26.0,446.0,-1805.0,,540.0
-37.0,-9.0,,102.0,155.0,-210.0,428.0,-1649.0,,568.0
-6.0,-49.0,,83.0,122.0,-591.0,419.0,-1912.0,,594.0
25.0,-225.0,,7.0,125.0,-801.0,407.0,-1964.0,,621.0
-5.0,-292.0,,-58.0,44.0,-600.0,414.0,-2219.0,,631.0
-75.0,-205.0,,-74.0,-63.0,-317.0,420.0,-2357.0,,629.0
-75.0,-227.0,,-79.0,-84.0,-101.0,442.0,-2220.0,,639.0
-26.0,-277.0,,23.0,-118.0,116.0,448.0,-2272.0,,643.0
-40.0,-204.0,,99.0,-111.0,411.0,426.0,-1949.0,,655.0
-51.0,-195.0,,31.0,-59.0,560.0,419.0,-1989.0,,681.0
-145.0,-121.0,,-44.0,-59.0,141.0,394.0,-1801.0,,709.0
-178.0,107.0,,-120.0,-18.0,-402.0,387.0,-1707.0,,734.0
-234.0,167.0,,-190.0,26.0,-602.0,389.0,-1779.0,,739.0
-257.0,292.0,,-224.0,11.0,-808.0,380.0,-1533.0,,739.0
-264.0,547.0,,-221.0,31.0,-1348.0,398.0,-1583.0,,733.0
-311.0,761.0,,-237.0,15.0,-1956.0,409.0,-1250.0,,718.0
-297.0,943.0,,-307.0,-40.0,-2037.0,405.0,-1147.0,,703.0
-358.0,983.0,,-383.0,-31.0,-1768.0,391.0,-1010.0,,677.0
-367.0,1048.0,,-463.0,-43.0,-1709.0,356.0,-859.0,,641.0
-376.0,993.0,,-467.0,-43.0,-1629.0,320.0,-1056.0,,609.0
-328.0,887.0,,-411.0,3.0,-1477.0,311.0,-1047.0,,587.0
-290.0,736.0,,-384.0,-25.0,-1519.0,319.0,-1359.0,,568.0
-254.0,451.0,,-383.0,-44.0,-1817.0,333.0,-1393.0,,550.0
-162.0,239.0,,-394.0,-33.0,-2161.0,355.0,-1452.0,,533.0
-135.0,-65.0,,-363.0,-62.0,-2331.0,358.0,-1446.0,,518.0
-55.0,-218.0,,-364.0,-41.0,-2414.0,345.0,-1197.0,,494.0
-38.0,-230.0,,-397.0,-24.0,-2468.0,342.0,-1256.0,,482.0
8.0,-417.0,,-404.0,-43.0,-2563.0,350.0,-1093.0,,471.0
121.0,-456.0,,-396.0,-9.0,-2810.0,357.0,-1243.0,,457.0
190.0,-319.0,,-335.0,1.0,-3103.0,349.0,-1291.0,,466.0
197.0,-283.0,,-259.0,8.0,-3269.0,357.0,-1289.0,,478.0
200.0,-237.0,,-239.0,65.0,-3376.0,372.0,-1363.0,,489.0
237.0,-156.0,,-226.0,74.0,-3520.0,369.0,-1138.0,,476.0
210.0,-81.0,,-199.0,81.0,-3720.0,373.0,-1202.0,,444.0
197.0,-96.0,,-235.0,103.0,-3867.0,369.0,-977.0,,386.0
235.0,-14.0,,-203.0,63.0,-3808.0,370.0,-981.0,,291.0
252.0,154.0,,-136.0,68.0,-3658.0,381.0,-1069.0,,194.0
213.0,215.0,,-134.0,105.0,-3628.0,376.0,-1049.0,,86.0
178.0,346.0,,-68.0,103.0,-3639.0,379.0,-1265.0,,-29.0
137.0,358.0,,-17.0,151.0,-3464.0,368.0,-1130.0,,-147.0
162.0,435.0,,-5.0,166.0,-2976.0,352.0,-1221.0,,-259.0
183.0,569.0,,31.0,125.0,-2545.0,330.0,-1077.0,,-372.0
170.0,506.0,,72.0,124.0,-2601.0,300.0,-1021.0,,-458.0
179.0,512.0,,121.0,94.0,-2861.0,286.0,-1038.0,,-526.0
160.0,649.0,,177.0,85.0,-2761.0,269.0,-729.0,,-580.0
173.0,630.0,,227.0,141.0,-2324.0,274.0,-744.0,,-600.0
109.0,501.0,,257.0,145.0,-2138.0,276.0,-471.0,,-613.0
84.0,391.0,,295.0,146.0,-2221.0,255.0,-432.0,,-606.0
118.0,257.0,,302.0,156.0,-2337.0,244.0,-371.0,,-611.0
135.0,218.0,,276.0,103.0,-2370.0,258.0,-279.0,,-614.0
120.0,-32.0,,271.0,89.0,-2604.0,283.0,-461.0,,-604.0
102.0,-212.0,,281.0,84.0,-3154.0,288.0,-352.0,,-616.0
127.0,-163.0,,266.0,31.0,-3576.0,268.0,-497.0,,-592.0
93.0,-174.0,,214.0,53.0,-3758.0,244.0,-410.0,,-557.0
127.0,-137.0,,200.0,81.0,-3638.0,242.0,-432.0,,-508.0
197.0,-154.0,,183.0,73.0,-3456.0,249.0,-574.0,,-416.0
228.0,-109.0,,162.0,92.0,-3105.0,243.0,-460.0,,-298.0
220.0,-101.0,,134.0,36.0,-2614.0,241.0,-533.0,,-153.0
254.0,-141.0,,2.0,-24.0,-2230.0,232.0,-297.0,,7.0
288.0,-172.0,,-55.0,-38.0,-1925.0,197.0,-232.0,,183.0
284.0,-201.0,,-57.0,-114.0,-1738.0,180.0,-134.0,,362.0
331.0,-148.0,,-135.0,-145.0,-1401.0,185.0,-70.0,,541.0
373.0,-220.0,,-156.0,-115.0,-986.0,180.0,-221.0,,677.0
465.0,-328.0,,-162.0,-113.0,-639.0,165.0,-110.0,,765.0
491.0,-350.0,,-190.0,-58.0,-510.0,165.0,-269.0,,815.0
476.0,-454.0,,-216.0,-23.0,-413.0,164.0,-236.0,,812.0
451.0,-557.0,,-248.0,-57.0,-269.0,168.0,-247.0,,761.0
512.0,-507.0,,-252.0,-48.0,-191.0,172.0,-186.0,,670.0
606.0,-450.0,,-222.0,-65.0,-269.0,154.0,35.0,,549.0
556.0,-373.0,,-216.0,-104.0,-578.0,156.0,-66.0,,390.0
539.0,-304.0,,-200.0,-61.0,-747.0,145.0,110.0,,224.0
511.0,-233.0,,-156.0,-61.0,-692.0,121.0,-20.0,,80.0
517.0,-124.0,,-129.0,-68.0,-496.0,113.0,3.0,,-36.0
460.0,-86.0,,-110.0,-12.0,-471.0,105.0,109.0,,-123.0
412.0,-69.0,,-106.0,-21.0,-428.0,110.0,51.0,,-183.0
436.0,-8.0,,-77.0,-8.0,-399.0,109.0,325.0,,-212.0
418.0,64.0,,-57.0,22.0,-467.0,115.0,253.0,,-228.0
413.0,76.0,,-10.0,-30.0,-498.0,123.0,412.0,,-239.0
364.0,165.0,,-1.0,-23.0,-678.0,114.0,378.0,,-252.0
352.0,317.0,,-20.0,-6.0,-640.0,131.0,347.0,,-263.0
323.0,357.0,,22.0,-50.0,-623.0,152.0,533.0,,-290.0
345.0,325.0,,-29.0,-30.0,-739.0,137.0,397.0,,-347.0
361.0,382.0,,-99.0,-10.0,-964.0,91.0,546.0,,-414.0
362.0,418.0,,-94.0,-3.0,-1126.0,45.0,363.0,,-482.0
411.0,341.0,,-143.0,81.0,-1103.0,19.0,315.0,,-555.0
433.0,317.0,,-219.0,126.0,-1107.0,14.0,240.0,,-633.0
472.0,273.0,,-257.0,148.0,-946.0,4.0,144.0,,-722.0
464.0,248.0,,-300.0,197.0,-981.0,6.0,421.0,,-826.0
532.0,134.0,,-301.0,159.0,-1142.0,14.0,378.0,,-935.0
592.0,-4.0,,-334.0,138.0,-1076.0,6.0,578.0,,-1051.0
609.0,-9.0,,-363.0,149.0,-802.0,12.0,397.0,,-1154.0
615.0,-6.0,,-345.0,102.0,-722.0,28.0,216.0,,-1233.0
617.0,-54.0,,-377.0,131.0,-900.0,54.0,184.0,,-1288.0
632.0,-213.0,,-366.0,158.0,-946.0,61.0,-11.0,,-1301.0
637.0,-143.0,,-318.0,115.0,-623.0,35.0,195.0,,-1279.0
683.0,-27.0,,-292.0,137.0,-183.0,21.0,210.0,,-1223.0
690.0,-66.0,,-291.0,132.0,-337.0,20.0,500.0,,-1129.0
701.0,-96.0,,-238.0,103.0,-477.0,35.0,665.0,,-1022.0
699.0,-192.0,,-208.0,132.0,-180.0,59.0,759.0,,-893.0
680.0,-168.0,,-214.0,110.0,71.0,91.0,949.0,,-759.0
655.0,-137.0,,-163.0,130.0,-52.0,104.0,934.0,,-643.0
669.0,-138.0,,-131.0,198.0,-371.0,98.0,1326.0,,-542.0
686.0,-158.0,,-75.0,163.0,-434.0,116.0,1398.0,,-460.0
714.0,-138.0,,-26.0,164.0,-189.0,122.0,1572.0,,-396.0
741.0,-135.0,,79.0,186.0,-6.0,122.0,1686.0,,-348.0
701.0,-194.0,,209.0,132.0,-292.0,146.0,1585.0,,-321.0
686.0,-178.0,,204.0,125.0,-661.0,155.0,1668.0,,-321.0
711.0,-183.0,,224.0,76.0,-753.0,169.0,1367.0,,-349.0
778.0,-101.0,,297.0,-22.0,-573.0,195.0,1291.0,,-395.0
748.0,-300.0,,309.0,-50.0,-565.0,207.0,1060.0,,-425.0
746.0,-384.0,,302.0,-120.0,-715.0,240.0,994.0,,-432.0
766.0,-255.0,,269.0,-173.0,-677.0,261.0,1090.0,,-433.0
769.0,-364.0,,214.0,-143.0,-486.0,261.0,946.0,,-410.0
716.0,-423.0,,183.0,-187.0,-208.0,269.0,1040.0,,-369.0
649.0,-464.0,,163.0,-231.0,-209.0,266.0,779.0,,-329.0
714.0,-411.0,,173.0,-240.0,-323.0,261.0,875.0,,-284.0
724.0,-548.0,,173.0,-281.0,-248.0,259.0,1001.0,,-239.0
717.0,-610.0,,143.0,-244.0,-83.0,261.0,1082.0,,-202.0
616.0,-517.0,,82.0,-184.0,-87.0,264.0,1396.0,,-167.0
583.0,-439.0,,4.0,-146.0,-133.0,263.0,1417.0,,-135.0
575.0,-267.0,,-43.0,-41.0,-42.0,256.0,1764.0,,-110.0
522.0,-279.0,,-90.0,-5.0,-33.0,250.0,1668.0,,-83.0
494.0,-265.0,,-136.0,-16.0,-214.0,266.0,1524.0,,-44.0
410.0,-173.0,,-167.0,50.0,-490.0,278.0,1454.0,,11.0
441.0,-138.0,,-176.0,79.0,-715.0,294.0,1230.0,,83.0
374.0,-300.0,,-199.0,100.0,-922.0,300.0,1395.0,,168.0
302.0,-283.0,,-228.0,140.0,-924.0,285.0,1237.0,,261.0
272.0,-205.0,,-242.0,119.0,-1004.0,288.0,1297.0,,348.0
244.0,-246.0,,-214.0,142.0,-1093.0,304.0,1382.0,,427.0
247.0,-210.0,,-171.0,164.0,-886.0,295.0,1526.0,,481.0
194.0,-176.0,,-135.0,118.0,-768.0,280.0,1790.0,,516.0
204.0,35.0,,-84.0,137.0,-715.0,242.0,1705.0,,551.0
142.0,87.0,,-79.0,149.0,-722.0,211.0,1825.0,,583.0
103.0,76.0,,-98.0,135.0,-640.0,227.0,1744.0,,608.0
78.0,149.0,,-137.0,179.0,-596.0,204.0,1868.0,,628.0
12.0,275.0,,-155.0,162.0,-682.0,197.0,1951.0,,645.0
2.0,352.0,,-153.0,114.0,-854.0,201.0,1897.0,,651.0
-25.0,347.0,,-211.0,91.0,-1186.0,180.0,2065.0,,639.0
-23.0,399.0,,-268.0,5.0,-1366.0,203.0,1904.0,,622.0
-81.0,363.0,,-311.0,-58.0,-1351.0,226.0,1923.0,,602.0
-109.0,271.0,,-345.0,-94.0,-1162.0,211.0,1792.0,,576.0
-80.0,94.0,,-395.0,-169.0,-947.0,186.0,1783.0,,551.0
-107.0,32.0,,-496.0,-177.0,-560.0,150.0,1880.0,,512.0
-100.0,-34.0,,-593.0,-177.0,-326.0,129.0,1709.0,,451.0
-52.0,-129.0,,-625.0,-213.0,-216.0,124.0,1723.0,,380.0
3.0,-171.0,,-588.0,-197.0,114.0,115.0,1483.0,,293.0
-33.0,-250.0,,-554.0,-224.0,200.0,120.0,1559.0,,185.0
1.0,-251.0,,-563.0,-268.0,249.0,96.0,1605.0,,82.0
96.0,-257.0,,-578.0,-250.0,204.0,68.0,1633.0,,-20.0
92.0,-259.0,,-558.0,-274.0,173.0,45.0,1869.0,,-136.0
110.0,-159.0,,-535.0,-289.0,128.0,22.0,1707.0,,-245.0
167.0,79.0,,-488.0,-239.0,-73.0,17.0,1843.0,,-369.0
204.0,195.0,,-432.0,-205.0,-20.0,-9.0,1797.0,,-507.0
165.0,292.0,,-432.0,-144.0,250.0,-36.0,1831.0,,-634.0
186.0,486.0,,-456.0,-54.0,448.0,-61.0,1908.0,,-767.0
243.0,481.0,,-452.0,-15.0,498.0,-76.0,1749.0,,-882.0
315.0,438.0,,-374.0,31.0,777.0,-104.0,1818.0,,-970.0
405.0,434.0,,-320.0,64.0,1114.0,-158.0,1570.0,,-1038.0
441.0,442.0,,-321.0,55.0,1212.0,-207.0,1679.0,,-1079.0
439.0,502.0,,-318.0,80.0,1106.0,-270.0,1696.0,,-1088.0
443.0,537.0,,-329.0,69.0,1061.0,-311.0,1720.0,,-1046.0
536.0,609.0,,-365.0,26.0,1090.0,-336.0,2062.0,,-987.0
528.0,624.0,,-384.0,41.0,1091.0,-369.0,2032.0,,-924.0
548.0,556.0,,-329.0,36.0,1145.0,-386.0,2232.0,,-843.0
667.0,513.0,,-328.0,23.0,1158.0,-402.0,2084.0,,-791.0
695.0,496.0,,-381.0,70.0,1206.0,-436.0,2002.0,,-757.0
699.0,467.0,,-420.0,104.0,1140.0,-482.0,1951.0,,-738.0
687.0,320.0,,-406.0,146.0,1210.0,-515.0,1779.0,,-730.0
705.0,211.0,,-341.0,213.0,1364.0,-524.0,2008.0,,-711.0
690.0,192.0,,-319.0,225.0,1321.0,-557.0,1864.0,,-702.0
667.0,126.0,,-283.0,257.0,1333.0,-603.0,1995.0,,-669.0
652.0,111.0,,-243.0,308.0,1380.0,-639.0,2012.0,,-627.0
551.0,133.0,,-154.0,283.0,1384.0,-666.0,1958.0,,-581.0
518.0,86.0,,-34.0,244.0,1125.0,-664.0,1991.0,,-528.0
487.0,-4.0,,44.0,193.0,816.0,-672.0,1683.0,,-475.0
391.0,-146.0,,91.0,102.0,888.0,-687.0,1705.0,,-418.0
310.0,-319.0,,103.0,55.0,1048.0,-701.0,1439.0,,-374.0
295.0,-380.0,,123.0,3.0,810.0,-724.0,1350.0,,-336.0
315.0,-314.0,,128.0,-87.0,427.0,-730.0,1311.0,,-314.0
199.0,-317.0,,186.0,-120.0,305.0,-733.0,1193.0,,-323.0
148.0,-267.0,,222.0,-131.0,369.0,-734.0,1378.0,,-343.0
188.0,-188.0,,159.0,-137.0,388.0,-746.0,1313.0,,-378.0
177.0,-124.0,,110.0,-83.0,219.0,-767.0,1581.0,,-414.0
150.0,-30.0,,122.0,-35.0,267.0,-780.0,1703.0,,-452.0
159.0,-62.0,,169.0,-8.0,553.0,-805.0,1868.0,,-496.0
198.0,-106.0,,139.0,18.0,904.0,-822.0,2021.0,,-528.0
145.0,-192.0,,65.0,0.0,1063.0,-841.0,1953.0,,-558.0
181.0,-205.0,,33.0,-20.0,985.0,-872.0,2241.0,,-586.0
200.0,-183.0,,41.0,-5.0,1218.0,-883.0,2224.0,,-616.0
186.0,-103.0,,83.0,-19.0,1493.0,-874.0,2372.0,,-638.0
245.0,-53.0,,100.0,-28.0,1605.0,-894.0,2341.0,,-645.0
268.0,-39.0,,140.0,-17.0,1489.0,-911.0,2143.0,,-654.0
290.0,156.0,,159.0,-53.0,1350.0,-902.0,2002.0,,-639.0
274.0,132.0,,131.0,-80.0,1229.0,-924.0,1614.0,,-602.0
292.0,189.0,,83.0,-94.0,1066.0,-953.0,1627.0,,-535.0
226.0,374.0,,68.0,-118.0,1114.0,-981.0,1470.0,,-450.0
227.0,437.0,,117.0,-80.0,1092.0,-1018.0,1470.0,,-354.0
301.0,423.0,,89.0,-24.0,1170.0,-1036.0,1419.0,,-232.0
280.0,334.0,,81.0,0.0,1311.0,-1042.0,1228.0,,-99.0
208.0,333.0,,100.0,38.0,1498.0,-1031.0,1332.0,,45.0
142.0,234.0,,86.0,16.0,1540.0,-1018.0,1193.0,,183.0
191.0,32.0,,101.0,-63.0,1410.0,-1015.0,1263.0,,305.0
78.0,-131.0,,126.0,-97.0,1306.0,-1019.0,1114.0,,400.0
10.0,-182.0,,84.0,-132.0,1177.0,-1030.0,1160.0,,458.0
45.0,-296.0,,24.0,-171.0,1141.0,-1040.0,1428.0,,480.0
31.0,-375.0,,82.0,-162.0,807.0,-1054.0,1480.0,,461.0
-12.0,-339.0,,84.0,-155.0,657.0,-1051.0,1723.0,,415.0
-132.0,-401.0,,69.0,-145.0,824.0,-1062.0,1496.0,,338.0
-153.0,-368.0,,38.0,-136.0,951.0,-1086.0,1372.0,,244.0
-211.0,-327.0,,-32.0,-183.0,911.0,-1093.0,1116.0,,158.0
-199.0,-300.0,,-19.0,-230.0,620.0,-1109.0,705.0,,65.0
-192.0,-315.0,,-17.0,-243.0,626.0,-1111.0,559.0,,-22.0
-282.0,-298.0,,22.0,-275.0,878.0,-1089.0,328.0,,-101.0
-271.0,-169.0,,65.0,-275.0,967.0,-1059.0,480.0,,-175.0
-305.0,-264.0,,96.0,-248.0,801.0,-1062.0,423.0,,-234.0
-371.0,-299.0,,179.0,-262.0,755.0,-1092.0,550.0,,-286.0
-398.0,-187.0,,254.0,-257.0,764.0,-1098.0,750.0,,-336.0
-363.0,-162.0,,312.0,-250.0,671.0,-1098.0,744.0,,-383.0
-354.0,-213.0,,401.0,-270.0,573.0,-1098.0,949.0,,-426.0
-415.0,-275.0,,471.0,-228.0,553.0,-1115.0,757.0,,-463.0
-405.0,-202.0,,460.0,-160.0,568.0,-1135.0,835.0,,-481.0
-380.0,-227.0,,493.0,-113.0,544.0,-1137.0,840.0,,-488.0
-418.0,-278.0,,550.0,-39.0,637.0,-1159.0,768.0,,-500.0
-343.0,-213.0,,543.0,12.0,590.0,-1153.0,790.0,,-506.0
-298.0,-295.0,,567.0,18.0,716.0,-1149.0,541.0,,-522.0
-339.0,-379.0,,599.0,44.0,1005.0,-1143.0,580.0,,-546.0
-308.0,-377.0,,565.0,55.0,1201.0,-1100.0,291.0,,-573.0
-253.0,-399.0,,513.0,51.0,1239.0,-1100.0,140.0,,-618.0
-210.0,-453.0,,477.0,62.0,1014.0,-1089.0,57.0,,-669.0
-246.0,-410.0,,484.0,45.0,969.0,-1075.0,-11.0,,-728.0
-135.0,-304.0,,543.0,53.0,1141.0,-1054.0,334.0,,-782.0
-60.0,-346.0,,623.0,102.0,1277.0,-1033.0,303.0,,-817.0
-64.0,-295.0,,591.0,120.0,1124.0,-1048.0,389.0,,-836.0
-66.0,-116.0,,460.0,116.0,1012.0,-1052.0,256.0,,-832.0
-95.0,-38.0,,408.0,113.0,1102.0,-1042.0,75.0,,-802.0
-33.0,5.0,,449.0,83.0,1105.0,-1004.0,-29.0,,-740.0
-72.0,101.0,,494.0,53.0,1037.0,-980.0,-334.0,,-665.0
8.0,208.0,,501.0,52.0,848.0,-946.0,-214.0,,-585.0
-20.0,290.0,,498.0,44.0,488.0,-912.0,-234.0,,-491.0
-46.0,391.0,,506.0,67.0,0.0,-889.0,-79.0,,-401.0
-4.0,445.0,,562.0,99.0,-308.0,-849.0,-103.0,,-313.0
-80.0,512.0,,532.0,77.0,-408.0,-808.0,-240.0,,-233.0
-100.0,595.0,,477.0,59.0,-587.0,-766.0,-99.0,,-161.0
-134.0,584.0,,517.0,37.0,-742.0,-746.0,-280.0,,-105.0
-45.0,498.0,,560.0,-11.0,-570.0,-726.0,-295.0,,-89.0
-140.0,278.0,,569.0,-26.0,-436.0,-715.0,-635.0,,-95.0
-144.0,117.0,,535.0,-36.0,-494.0,-692.0,-790.0,,-116.0
-79.0,69.0,,579.0,-69.0,-262.0,-654.0,-681.0,,-157.0
-148.0,-82.0,,551.0,-49.0,250.0,-611.0,-668.0,,-218.0
-140.0,-205.0,,458.0,-18.0,717.0,-571.0,-334.0,,-278.0
-127.0,-217.0,,461.0,-27.0,633.0,-552.0,-399.0,,-339.0
-93.0,-190.0,,444.0,-22.0,422.0,-534.0,-365.0,,-404.0
-171.0,-213.0,,394.0,-30.0,533.0,-512.0,-423.0,,-475.0
-148.0,-212.0,,346.0,-46.0,454.0,-484.0,-434.0,,-558.0
-198.0,-34.0,,312.0,-25.0,86.0,-467.0,-256.0,,-624.0
-295.0,92.0,,285.0,-39.0,-553.0,-447.0,-395.0,,-684.0
-300.0,39.0,,287.0,-74.0,-717.0,-428.0,-345.0,,-729.0
-334.0,-10.0,,297.0,-65.0,-364.0,-386.0,-654.0,,-756.0
-342.0,7.0,,300.0,-73.0,-325.0,-344.0,-837.0,,-755.0
-416.0,41.0,,306.0,-68.0,-334.0,-344.0,-1001.0,,-723.0
-460.0,-43.0,,269.0,-21.0,-173.0,-335.0,-1250.0,,-681.0
-523.0,-186.0,,262.0,-16.0,107.0,-344.0,-1156.0,,-602.0
-600.0,-168.0,,281.0,-22.0,129.0,-354.0,-1332.0,,-508.0
-625.0,-113.0,,284.0,-16.0,-72.0,-348.0,-1297.0,,-403.0
-658.0,-186.0,,359.0,-51.0,-270.0,-328.0,-1500.0,,-293.0
-696.0,-259.0,,412.0,-54.0,-390.0,-312.0,-1633.0,,-183.0
-712.0,-233.0,,450.0,-19.0,-334.0,-322.0,-1478.0,,-66.0
-719.0,-140.0,,501.0,-31.0,-300.0,-317.0,-1393.0,,26.0
-753.0,-91.0,,563.0,-23.0,-177.0,-280.0,-1027.0,,90.0
-742.0,-87.0,,641.0,7.0,-109.0,-225.0,-1047.0,,116.0
-698.0,24.0,,601.0,7.0,261.0,-179.0,-890.0,,108.0
-730.0,161.0,,573.0,12.0,782.0,-146.0,-805.0,,80.0
-757.0,222.0,,591.0,-18.0,1009.0,-98.0,-807.0,,39.0
-745.0,249.0,,588.0,-81.0,1080.0,-62.0,-630.0,,-2.0
-794.0,322.0,,581.0,-84.0,1092.0,-34.0,-759.0,,-49.0
-827.0,397.0,,539.0,-85.0,1297.0,-10.0,-580.0,,-82.0
-771.0,317.0,,536.0,-101.0,1256.0,-14.0,-722.0,,-86.0
-723.0,235.0,,587.0,-84.0,1095.0,-18.0,-824.0,,-72.0
-761.0,275.0,,616.0,-88.0,942.0,-18.0,-875.0,,-22.0
-741.0,244.0,,584.0,-101.0,942.0,-10.0,-1175.0,,34.0
-678.0,179.0,,560.0,-95.0,1076.0,10.0,-1160.0,,92.0
-704.0,218.0,,531.0,-137.0,930.0,65.0,-1452.0,,174.0
-749.0,186.0,,475.0,-159.0,824.0,121.0,-1478.0,,254.0
-700.0,127.0,,483.0,-117.0,628.0,165.0,-1529.0,,333.0
-633.0,83.0,,476.0,-79.0,644.0,201.0,-1500.0,,400.0
-635.0,101.0,,454.0,-6.0,732.0,216.0,-1215.0,,462.0
-606.0,234.0,,450.0,75.0,549.0,252.0,-1311.0,,510.0
-575.0,262.0,,449.0,83.0,403.0,277.0,-1217.0,,525.0
-554.0,307.0,,467.0,103.0,314.0,320.0,-1478.0,,531.0
-540.0,388.0,,450.0,151.0,404.0,350.0,-1546.0,,510.0
-505.0,471.0,,461.0,151.0,372.0,342.0,-1459.0,,462.0
-475.0,518.0,,453.0,161.0,339.0,336.0,-1520.0,,395.0
-423.0,512.0,,441.0,166.0,601.0,323.0,-1284.0,,309.0
-377.0,507.0,,455.0,122.0,880.0,341.0,-1335.0,,197.0
-366.0,359.0,,439.0,103.0,962.0,328.0,-1042.0,,67.0
-310.0,238.0,,411.0,76.0,977.0,303.0,-931.0,,-64.0
-324.0,168.0,,370.0,33.0,1099.0,305.0,-999.0,,-186.0
-311.0,81.0,,384.0,25.0,1229.0,316.0,-1064.0,,-291.0
-291.0,74.0,,401.0,-7.0,1442.0,350.0,-1402.0,,-381.0
-240.0,18.0,,410.0,-35.0,1664.0,384.0,-1271.0,,-437.0
-239.0,-112.0,,407.0,6.0,1707.0,431.0,-1278.0,,-471.0
-271.0,-96.0,,441.0,47.0,1747.0,447.0,-1071.0,,-488.0
-201.0,62.0,,450.0,60.0,2032.0,422.0,-934.0,,-483.0
-201.0,200.0,,345.0,71.0,2195.0,409.0,-1005.0,,-456.0
-193.0,308.0,,306.0,34.0,2060.0,381.0,-927.0,,-402.0
-225.0,385.0,,304.0,-10.0,1973.0,380.0,-1193.0,,-363.0
-150.0,476.0,,298.0,-15.0,1945.0,386.0,-1164.0,,-331.0
-152.0,477.0,,278.0,-37.0,1913.0,381.0,-1219.0,,-302.0
-256.0,284.0,,227.0,-38.0,1652.0,385.0,-1055.0,,-295.0
-268.0,184.0,,188.0,-6.0,1317.0,367.0,-877.0,,-314.0
-283.0,145.0,,158.0,-17.0,1317.0,374.0,-949.0,,-360.0
-244.0,-19.0,,137.0,-36.0,1482.0,375.0,-700.0,,-407.0
-333.0,-108.0,,138.0,-44.0,1510.0,379.0,-740.0,,-457.0
-404.0,-89.0,,179.0,-65.0,1342.0,396.0,-641.0,,-496.0
-461.0,-12.0,,206.0,-66.0,1206.0,414.0,-822.0,,-516.0
-501.0,-72.0,,235.0,-59.0,1325.0,456.0,-1034.0,,-517.0
-549.0,-199.0,,261.0,-59.0,1496.0,454.0,-988.0,,-488.0
-651.0,-238.0,,274.0,-27.0,1492.0,437.0,-1082.0,,-445.0
-705.0,-331.0,,276.0,-9.0,1456.0,448.0,-877.0,,-382.0
-726.0,-344.0,,200.0,-21.0,1501.0,457.0,-1047.0,,-299.0
-692.0,-346.0,,110.0,-14.0,1491.0,469.0,-1056.0,,-224.0
-790.0,-310.0,,29.0,-22.0,1327.0,487.0,-1038.0,,-172.0
-846.0,-214.0,,-45.0,-44.0,1223.0,503.0,-1099.0,,-137.0
-858.0,-192.0,,-89.0,-34.0,1227.0,494.0,-872.0,,-119.0
-817.0,-231.0,,-121.0,-37.0,1252.0,500.0,-927.0,,-130.0
-772.0,-205.0,,-158.0,-76.0,1256.0,529.0,-740.0,,-158.0
-778.0,-53.0,,-189.0,-103.0,1211.0,534.0,-909.0,,-191.0
-741.0,-25.0,,-212.0,-136.0,1241.0,541.0,-1021.0,,-238.0
-706.0,-101.0,,-238.0,-150.0,1211.0,553.0,-886.0,,-295.0
-596.0,-117.0,,-223.0,-106.0,1118.0,534.0,-982.0,,-374.0
-591.0,-13.0,,-229.0,-83.0,1184.0,497.0,-844.0,,-452.0
-574.0,23.0,,-253.0,-67.0,1338.0,457.0,-1090.0,,-525.0
-549.0,-105.0,,-259.0,-26.0,1325.0,420.0,-1079.0,,-593.0
-430.0,-148.0,,-266.0,-33.0,1354.0,406.0,-990.0,,-643.0
-404.0,-93.0,,-239.0,-43.0,1450.0,402.0,-977.0,,-677.0
-484.0,-111.0,,-184.0,-28.0,1379.0,422.0,-877.0,,-670.0
-407.0,-214.0,,-183.0,-37.0,1373.0,464.0,-1164.0,,-641.0
-437.0,-262.0,,-217.0,-27.0,1222.0,483.0,-1069.0,,-568.0
-392.0,-244.0,,-164.0,-25.0,1022.0,494.0,-1040.0,,-467.0
-435.0,-333.0,,-148.0,-81.0,909.0,493.0,-844.0,,-363.0
-443.0,-441.0,,-174.0,-112.0,707.0,487.0,-611.0,,-257.0
-444.0,-405.0,,-168.0,-120.0,636.0,483.0,-600.0,,-168.0
-466.0,-337.0,,-191.0,-157.0,641.0,470.0,-432.0,,-86.0
-420.0,-218.0,,-256.0,-142.0,827.0,471.0,-722.0,,-45.0
-553.0,-153.0,,-323.0,-83.0,1079.0,465.0,-781.0,,-30.0
-534.0,-81.0,,-364.0,-35.0,1138.0,475.0,-949.0,,-36.0
-487.0,69.0,,-414.0,46.0,1078.0,497.0,-1151.0,,-48.0
-449.0,158.0,,-446.0,115.0,957.0,501.0,-1223.0,,-73.0
-523.0,228.0,,-436.0,153.0,941.0,511.0,-1607.0,,-107.0
-562.0,201.0,,-415.0,199.0,889.0,524.0,-1557.0,,-125.0
-486.0,125.0,,-414.0,218.0,810.0,525.0,-1627.0,,-152.0
-474.0,70.0,,-390.0,234.0,675.0,517.0,-1526.0,,-162.0
-398.0,16.0,,-353.0,294.0,498.0,517.0,-1417.0,,-170.0
-437.0,-132.0,,-325.0,322.0,494.0,517.0,-1465.0,,-166.0
-407.0,-238.0,,-269.0,327.0,339.0,501.0,-1136.0,,-158.0
-392.0,-236.0,,-212.0,360.0,165.0,483.0,-957.0,,-162.0
-359.0,-277.0,,-133.0,348.0,254.0,455.0,-539.0,,-155.0
-327.0,-244.0,,-55.0,318.0,377.0,423.0,-367.0,,-156.0
-308.0,-167.0,,-48.0,292.0,305.0,406.0,-247.0,,-160.0
-185.0,-138.0,,-52.0,206.0,260.0,401.0,-147.0,,-167.0
-172.0,-171.0,,-8.0,134.0,473.0,390.0,-330.0,,-183.0
-138.0,-166.0,,4.0,94.0,653.0,392.0,-127.0,,-205.0
-133.0,-159.0,,-14.0,30.0,719.0,395.0,-236.0,,-222.0
-81.0,-107.0,,-38.0,2.0,790.0,377.0,-258.0,,-230.0
-64.0,15.0,,-96.0,-5.0,905.0,381.0,-456.0,,-224.0
-19.0,118.0,,-142.0,-31.0,1032.0,388.0,-768.0,,-198.0
47.0,252.0,,-141.0,-15.0,1218.0,390.0,-696.0,,-162.0
27.0,289.0,,-155.0,-29.0,1274.0,397.0,-816.0,,-102.0
74.0,264.0,,-169.0,-85.0,1145.0,381.0,-624.0,,-27.0
95.0,291.0,,-180.0,-101.0,1343.0,368.0,-766.0,,64.0
172.0,307.0,,-238.0,-143.0,1766.0,357.0,-861.0,,155.0
143.0,288.0,,-285.0,-224.0,1905.0,331.0,-716.0,,238.0
184.0,304.0,,-280.0,-277.0,1861.0,312.0,-715.0,,328.0
241.0,335.0,,-269.0,-329.0,1939.0,302.0,-360.0,,402.0
239.0,360.0,,-288.0,-364.0,2026.0,310.0,-360.0,,454.0
234.0,331.0,,-291.0,-352.0,1800.0,318.0,-264.0,,479.0
192.0,255.0,,-302.0,-369.0,1302.0,319.0,-404.0,,478.0
267.0,274.0,,-301.0,-367.0,1050.0,313.0,-659.0,,445.0
211.0,245.0,,-325.0,-294.0,1001.0,313.0,-532.0,,390.0
237.0,139.0,,-384.0,-230.0,910.0,333.0,-561.0,,328.0
221.0,120.0,,-388.0,-157.0,774.0,348.0,-367.0,,261.0
223.0,116.0,,-382.0,-71.0,717.0,369.0,-504.0,,191.0
243.0,81.0,,-331.0,-36.0,1098.0,377.0,-572.0,,114.0
189.0,43.0,,-274.0,11.0,1400.0,385.0,-696.0,,38.0
226.0,-65.0,,-262.0,79.0,1440.0,388.0,-883.0,,-40.0
182.0,-117.0,,-266.0,102.0,1362.0,366.0,-659.0,,-104.0
209.0,-150.0,,-256.0,151.0,1095.0,366.0,-731.0,,-145.0
167.0,-269.0,,-224.0,203.0,939.0,359.0,-521.0,,-159.0
167.0,-253.0,,-227.0,204.0,582.0,372.0,-515.0,,-138.0
120.0,-124.0,,-233.0,223.0,-60.0,370.0,-484.0,,-104.0
70.0,-18.0,,-225.0,217.0,-634.0,346.0,-267.0,,-57.0
72.0,39.0,,-215.0,182.0,-861.0,347.0,-347.0,,-14.0
34.0,88.0,,-200.0,177.0,-824.0,353.0,-182.0,,37.0
26.0,136.0,,-196.0,131.0,-920.0,368.0,-321.0,,79.0
-60.0,136.0,,-244.0,65.0,-970.0,372.0,-247.0,,104.0
-20.0,82.0,,-294.0,55.0,-851.0,369.0,-144.0,,134.0
-88.0,48.0,,-310.0,31.0,-632.0,360.0,-49.0,,129.0
-134.0,70.0,,-314.0,13.0,-423.0,333.0,175.0,,107.0
-113.0,79.0,,-299.0,48.0,-363.0,312.0,-70.0,,74.0
-92.0,98.0,,-286.0,54.0,-250.0,301.0,-94.0,,25.0
-84.0,70.0,,-290.0,74.0,-282.0,283.0,-284.0,,-37.0
-179.0,-40.0,,-304.0,118.0,-611.0,268.0,-275.0,,-94.0
-139.0,-178.0,,-289.0,94.0,-1004.0,268.0,-133.0,,-120.0
-113.0,-260.0,,-290.0,63.0,-1354.0,261.0,-155.0,,-143.0
-116.0,-300.0,,-314.0,46.0,-1546.0,255.0,64.0,,-168.0
-141.0,-312.0,,-311.0,-14.0,-1601.0,247.0,-77.0,,-188.0
-99.0,-238.0,,-302.0,-48.0,-1472.0,248.0,24.0,,-196.0
-102.0,-153.0,,-295.0,-56.0,-1245.0,274.0,20.0,,-197.0
-140.0,-94.0,,-321.0,-87.0,-1193.0,281.0,44.0,,-205.0
-145.0,-31.0,,-358.0,-65.0,-1378.0,295.0,314.0,,-226.0
-226.0,131.0,,-368.0,-66.0,-1501.0,313.0,310.0,,-254.0
-215.0,303.0,,-372.0,-126.0,-1441.0,297.0,469.0,,-292.0
-209.0,410.0,,-373.0,-110.0,-1558.0,280.0,186.0,,-355.0
-252.0,521.0,,-349.0,-83.0,-1915.0,254.0,-35.0,,-422.0
-257.0,569.0,,-342.0,-49.0,-2226.0,240.0,-236.0,,-484.0
-214.0,543.0,,-383.0,46.0,-2378.0,222.0,-421.0,,-546.0
-283.0,382.0,,-338.0,110.0,-2561.0,186.0,-218.0,,-603.0
-335.0,219.0,,-316.0,141.0,-2904.0,177.0,-197.0,,-642.0
-273.0,94.0,,-359.0,165.0,-3128.0,180.0,88.0,,-666.0
-263.0,-30.0,,-328.0,127.0,-3048.0,180.0,68.0,,-676.0
-281.0,-54.0,,-354.0,90.0,-3109.0,191.0,42.0,,-648.0
-277.0,-86.0,,-400.0,96.0,-3272.0,198.0,127.0,,-587.0
-187.0,-11.0,,-456.0,71.0,-3326.0,210.0,31.0,,-488.0
-180.0,115.0,,-494.0,78.0,-3404.0,223.0,271.0,,-349.0
-166.0,173.0,,-526.0,96.0,-3361.0,209.0,293.0,,-191.0
-80.0,216.0,,-496.0,51.0,-3513.0,216.0,513.0,,-1.0
-28.0,142.0,,-390.0,43.0,-3762.0,218.0,602.0,,203.0
9.0,57.0,,-380.0,53.0,-3772.0,211.0,519.0,,400.0
19.0,17.0,,-321.0,34.0,-3710.0,201.0,504.0,,587.0
69.0,-51.0,,-275.0,56.0,-3589.0,176.0,181.0,,745.0
71.0,-102.0,,-227.0,51.0,-3703.0,197.0,101.0,,871.0
144.0,-49.0,,-190.0,0.0,-3810.0,210.0,-92.0,,950.0
228.0,-27.0,,-212.0,-11.0,-3683.0,222.0,-18.0,,991.0
194.0,-13.0,,-245.0,-64.0,-3553.0,233.0,68.0,,1012.0
208.0,121.0,,-324.0,-109.0,-3406.0,220.0,-145.0,,997.0
270.0,221.0,,-356.0,-82.0,-3497.0,222.0,-175.0,,944.0
309.0,293.0,,-420.0,-93.0,-3528.0,227.0,-443.0,,868.0
301.0,324.0,,-453.0,-96.0,-3577.0,246.0,-343.0,,780.0
309.0,326.0,,-453.0,-64.0,-3742.0,253.0,-256.0,,685.0
316.0,291.0,,-470.0,-73.0,-3646.0,250.0,-208.0,,578.0
394.0,183.0,,-469.0,-54.0,-3742.0,227.0,-29.0,,477.0
443.0,39.0,,-491.0,7.0,-3677.0,171.0,-38.0,,392.0
390.0,-127.0,,-508.0,31.0,-3282.0,129.0,249.0,,318.0
361.0,-323.0,,-508.0,79.0,-3047.0,112.0,249.0,,251.0
420.0,-439.0,,-480.0,114.0,-3183.0,108.0,341.0,,197.0
469.0,-398.0,,-452.0,80.0,-3657.0,105.0,399.0,,167.0
377.0,-369.0,,-435.0,70.0,-3804.0,80.0,388.0,,138.0
376.0,-325.0,,-387.0,21.0,-3841.0,54.0,667.0,,126.0
493.0,-296.0,,-342.0,-56.0,-4328.0,57.0,589.0,,121.0
512.0,-230.0,,-314.0,-62.0,-4883.0,62.0,644.0,,131.0
435.0,-196.0,,-287.0,-73.0,-4983.0,79.0,419.0,,152.0
470.0,-232.0,,-266.0,-111.0,-4785.0,84.0,205.0,,160.0
566.0,-132.0,,-269.0,-123.0,-4791.0,83.0,112.0,,179.0
596.0,-93.0,,-302.0,-164.0,-4964.0,56.0,-208.0,,168.0
627.0,-126.0,,-245.0,-179.0,-4798.0,1.0,-114.0,,144.0
680.0,-161.0,,-219.0,-135.0,-4394.0,-29.0,-138.0,,108.0
705.0,-150.0,,-255.0,-130.0,-4058.0,-82.0,55.0,,63.0
724.0,-140.0,,-227.0,-95.0,-3791.0,-119.0,169.0,,31.0
816.0,-119.0,,-249.0,-37.0,-3495.0,-139.0,171.0,,-9.0
846.0,-59.0,,-310.0,-38.0,-3176.0,-158.0,354.0,,-32.0
857.0,-73.0,,-378.0,-30.0,-3426.0,-171.0,203.0,,-43.0
890.0,-31.0,,-446.0,-25.0,-3837.0,-186.0,317.0,,-44.0
940.0,-12.0,,-487.0,-40.0,-4186.0,-197.0,181.0,,-30.0
945.0,34.0,,-509.0,-3.0,-4559.0,-222.0,97.0,,-22.0
938.0,105.0,,-516.0,28.0,-4691.0,-250.0,107.0,,-9.0
934.0,143.0,,-525.0,25.0,-4879.0,-280.0,-20.0,,3.0
886.0,182.0,,-507.0,57.0,-4781.0,-301.0,103.0,,11.0
930.0,164.0,,-463.0,63.0,-4525.0,-295.0,-195.0,,23.0
927.0,139.0,,-449.0,52.0,-4201.0,-288.0,-206.0,,37.0
860.0,118.0,,-448.0,80.0,-3724.0,-320.0,-216.0,,45.0
842.0,162.0,,-439.0,69.0,-3432.0,-360.0,-245.0,,52.0
933.0,179.0,,-420.0,47.0,-3497.0,-386.0,-59.0,,59.0
893.0,217.0,,-366.0,51.0,-3793.0,-399.0,-184.0,,62.0
788.0,303.0,,-316.0,17.0,-3835.0,-414.0,-11.0,,66.0
873.0,320.0,,-307.0,3.0,-3853.0,-431.0,-66.0,,62.0
927.0,326.0,,-266.0,31.0,-4023.0,-410.0,38.0,,59.0
838.0,313.0,,-199.0,25.0,-4216.0,-394.0,133.0,,64.0
769.0,330.0,,-199.0,30.0,-4141.0,-387.0,5.0,,52.0
869.0,328.0,,-179.0,23.0,-3651.0,-364.0,169.0,,28.0
825.0,267.0,,-146.0,-28.0,-3412.0,-336.0,-29.0,,3.0
757.0,216.0,,-180.0,-33.0,-3657.0,-316.0,3.0,,-36.0
816.0,157.0,,-210.0,-43.0,-3729.0,-302.0,-83.0,,-87.0
769.0,57.0,,-213.0,-86.0,-3491.0,-291.0,-55.0,,-122.0
716.0,8.0,,-213.0,-99.0,-3284.0,-302.0,218.0,,-148.0
698.0,18.0,,-232.0,-125.0,-3278.0,-282.0,190.0,,-177.0
688.0,-32.0,,-281.0,-115.0,-3534.0,-247.0,369.0,,-207.0
607.0,-112.0,,-305.0,-66.0,-3673.0,-231.0,218.0,,-222.0
556.0,-205.0,,-269.0,-74.0,-3732.0,-209.0,314.0,,-218.0
612.0,-246.0,,-235.0,-57.0,-3794.0,-203.0,428.0,,-214.0
579.0,-287.0,,-241.0,5.0,-3841.0,-204.0,439.0,,-189.0
544.0,-348.0,,-245.0,29.0,-3760.0,-204.0,576.0,,-145.0
532.0,-350.0,,-241.0,78.0,-3434.0,-202.0,352.0,,-97.0
525.0,-341.0,,-242.0,125.0,-3140.0,-181.0,548.0,,-51.0
559.0,-295.0,,-189.0,118.0,-2710.0,-166.0,565.0,,-1.0
609.0,-228.0,,-126.0,125.0,-2337.0,-162.0,642.0,,47.0
638.0,-169.0,,-97.0,96.0,-2005.0,-144.0,720.0,,100.0
589.0,-95.0,,-40.0,62.0,-1618.0,-129.0,498.0,,158.0
656.0,-41.0,,-9.0,100.0,-1485.0,-127.0,532.0,,211.0
700.0,-49.0,,-41.0,102.0,-1461.0,-110.0,212.0,,277.0
639.0,-44.0,,-96.0,102.0,-1537.0,-91.0,147.0,,328.0
668.0,-35.0,,-131.0,145.0,-1627.0,-82.0,29.0,,354.0
757.0,12.0,,-181.0,129.0,-1615.0,-52.0,22.0,,358.0
755.0,38.0,,-185.0,115.0,-1523.0,-23.0,271.0,,346.0
691.0,-34.0,,-166.0,128.0,-1464.0,-20.0,181.0,,325.0
749.0,-64.0,,-167.0,95.0,-1385.0,-18.0,391.0,,293.0
730.0,-84.0,,-138.0,85.0,-1089.0,5.0,323.0,,268.0
678.0,-120.0,,-169.0,76.0,-872.0,15.0,386.0,,230.0
672.0,-191.0,,-207.0,39.0,-864.0,21.0,432.0,,205.0
630.0,-228.0,,-260.0,47.0,-918.0,19.0,275.0,,186.0
549.0,-228.0,,-316.0,29.0,-975.0,12.0,399.0,,176.0
512.0,-232.0,,-332.0,-12.0,-1128.0,14.0,168.0,,182.0
541.0,-218.0,,-346.0,-16.0,-1390.0,24.0,203.0,,164.0
418.0,-203.0,,-369.0,-55.0,-1418.0,59.0,227.0,,139.0
340.0,-126.0,,-446.0,-90.0,-1171.0,76.0,345.0,,99.0
372.0,-98.0,,-507.0,-72.0,-970.0,87.0,578.0,,43.0
322.0,-91.0,,-555.0,-93.0,-872.0,92.0,495.0,,-30.0
252.0,-76.0,,-588.0,-102.0,-737.0,102.0,587.0,,-115.0
205.0,-76.0,,-561.0,-82.0,-515.0,121.0,256.0,,-201.0
158.0,-89.0,,-560.0,-113.0,-250.0,145.0,118.0,,-294.0
88.0,-211.0,,-620.0,-104.0,-112.0,176.0,59.0,,-375.0
79.0,-334.0,,-584.0,-70.0,20.0,176.0,-84.0,,-450.0
96.0,-384.0,,-529.0,-66.0,217.0,157.0,14.0,,-515.0
1.0,-411.0,,-527.0,-2.0,308.0,131.0,-182.0,,-552.0
-25.0,-422.0,,-429.0,39.0,595.0,139.0,-112.0,,-569.0
-10.0,-396.0,,-349.0,6.0,1128.0,149.0,-181.0,,-562.0
-36.0,-350.0,,-303.0,-10.0,1508.0,144.0,-5.0,,-536.0
-92.0,-259.0,,-272.0,-63.0,1461.0,146.0,380.0,,-515.0
-85.0,-190.0,,-243.0,-106.0,1419.0,148.0,509.0,,-489.0
-19.0,-186.0,,-214.0,-78.0,1583.0,166.0,801.0,,-449.0
-99.0,-86.0,,-213.0,-87.0,1510.0,178.0,685.0,,-415.0
-76.0,45.0,,-209.0,-86.0,1379.0,186.0,787.0,,-371.0
-51.0,115.0,,-232.0,-60.0,1389.0,192.0,807.0,,-318.0
-97.0,122.0,,-223.0,-80.0,1615.0,195.0,715.0,,-261.0
-92.0,155.0,,-252.0,-50.0,1950.0,176.0,840.0,,-196.0
-14.0,249.0,,-273.0,-9.0,2258.0,153.0,722.0,,-145.0
15.0,290.0,,-289.0,7.0,2626.0,138.0,894.0,,-101.0
-80.0,336.0,,-339.0,84.0,3119.0,129.0,801.0,,-56.0
-21.0,361.0,,-353.0,121.0,3697.0,140.0,788.0,,-21.0
-20.0,373.0,,-380.0,119.0,4131.0,138.0,818.0,,18.0
-103.0,342.0,,-419.0,184.0,4252.0,139.0,659.0,,69.0
-94.0,220.0,,-440.0,219.0,4012.0,150.0,794.0,,109.0
-50.0,117.0,,-401.0,198.0,3884.0,168.0,598.0,,146.0
-101.0,31.0,,-425.0,181.0,3777.0,168.0,691.0,,153.0
-156.0,-61.0,,-430.0,115.0,3264.0,162.0,866.0,,139.0
-97.0,-181.0,,-399.0,68.0,2664.0,148.0,1079.0,,130.0
-145.0,-170.0,,-435.0,76.0,2242.0,117.0,1317.0,,95.0
-186.0,-78.0,,-413.0,37.0,2268.0,106.0,1101.0,,50.0
-107.0,-38.0,,-384.0,41.0,2475.0,97.0,1123.0,,7.0
-105.0,19.0,,-320.0,63.0,2468.0,92.0,962.0,,-38.0
-182.0,96.0,,-281.0,16.0,2602.0,80.0,944.0,,-80.0
-158.0,183.0,,-297.0,10.0,3109.0,76.0,903.0,,-113.0
-125.0,168.0,,-269.0,-7.0,3697.0,90.0,827.0,,-125.0
-182.0,139.0,,-240.0,-53.0,4079.0,91.0,1176.0,,-132.0
-221.0,103.0,,-176.0,-38.0,4307.0,103.0,1154.0,,-141.0
-157.0,66.0,,-101.0,-58.0,4332.0,133.0,1165.0,,-160.0
-140.0,52.0,,-85.0,-88.0,4203.0,155.0,953.0,,-171.0
-207.0,13.0,,-84.0,-63.0,4052.0,160.0,846.0,,-171.0
-173.0,17.0,,-57.0,-86.0,3680.0,179.0,947.0,,-184.0
-172.0,-8.0,,-37.0,-101.0,3198.0,188.0,827.0,,-181.0
-210.0,0.0,,-10.0,-89.0,2869.0,182.0,951.0,,-164.0
-191.0,23.0,,4.0,-129.0,2681.0,199.0,840.0,,-156.0
-194.0,34.0,,18.0,-113.0,2755.0,214.0,1066.0,,-153.0
-246.0,-37.0,,55.0,-63.0,2765.0,211.0,1206.0,,-148.0
-223.0,-97.0,,50.0,-68.0,2604.0,193.0,1169.0,,-141.0
-150.0,-82.0,,24.0,-25.0,2682.0,170.0,1404.0,,-134.0
-216.0,-119.0,,-3.0,4.0,2892.0,156.0,1317.0,,-135.0
-249.0,-136.0,,-31.0,-22.0,2995.0,141.0,1472.0,,-152.0
-120.0,-220.0,,-76.0,-7.0,2816.0,157.0,1391.0,,-177.0
-76.0,-251.0,,-94.0,-23.0,2813.0,182.0,1378.0,,-222.0
-170.0,-218.0,,-118.0,-46.0,3032.0,186.0,1343.0,,-271.0
-143.0,-172.0,,-140.0,-20.0,3068.0,183.0,1040.0,,-311.0
-52.0,-136.0,,-85.0,-46.0,3015.0,168.0,1060.0,,-348.0
-84.0,-101.0,,-44.0,-46.0,2982.0,146.0,897.0,,-387.0
-104.0,0.0,,18.0,8.0,3265.0,132.0,1073.0,,-413.0
-77.0,1.0,,38.0,9.0,3580.0,111.0,1055.0,,-438.0
-74.0,-24.0,,50.0,23.0,3682.0,102.0,1014.0,,-472.0
-53.0,-23.0,,95.0,37.0,3692.0,86.0,1193.0,,-499.0
-30.0,19.0,,130.0,-6.0,3712.0,45.0,1112.0,,-528.0
-69.0,10.0,,204.0,11.0,3619.0,21.0,1409.0,,-540.0
-120.0,-45.0,,242.0,32.0,3315.0,-9.0,1389.0,,-541.0
-72.0,5.0,,212.0,29.0,3230.0,-28.0,1444.0,,-542.0
-18.0,65.0,,207.0,96.0,3431.0,-50.0,1452.0,,-536.0
-69.0,104.0,,268.0,90.0,3836.0,-99.0,1326.0,,-527.0
-53.0,102.0,,266.0,47.0,4081.0,-136.0,1446.0,,-522.0
-20.0,52.0,,249.0,41.0,4014.0,-151.0,1197.0,,-512.0
-78.0,25.0,,269.0,-22.0,3810.0,-169.0,1191.0,,-483.0
-57.0,19.0,,285.0,-25.0,3643.0,-188.0,992.0,,-445.0
-67.0,-26.0,,330.0,-10.0,3688.0,-207.0,861.0,,-390.0
-147.0,22.0,,397.0,-63.0,3486.0,-234.0,901.0,,-330.0
-172.0,104.0,,447.0,-68.0,3144.0,-238.0,872.0,,-250.0
-120.0,69.0,,456.0,-83.0,3072.0,-247.0,1123.0,,-154.0
-151.0,87.0,,446.0,-123.0,3395.0,-263.0,927.0,,-71.0
-307.0,145.0,,425.0,-108.0,3862.0,-275.0,916.0,,7.0
-263.0,191.0,,432.0,-119.0,4036.0,-306.0,855.0,,83.0
-206.0,161.0,,469.0,-126.0,4170.0,-332.0,785.0,,161.0
-281.0,86.0,,510.0,-68.0,4358.0,-341.0,905.0,,230.0
-347.0,76.0,,522.0,-47.0,4505.0,-356.0,764.0,,277.0
-342.0,58.0,,546.0,2.0,4482.0,-370.0,973.0,,308.0
-354.0,7.0,,576.0,87.0,4238.0,-398.0,870.0,,313.0
-434.0,-48.0,,588.0,98.0,3953.0,-428.0,750.0,,292.0
-371.0,-7.0,,611.0,122.0,3759.0,-441.0,654.0,,263.0
-393.0,11.0,,640.0,131.0,3714.0,-459.0,548.0,,224.0
-461.0,-108.0,,736.0,101.0,3551.0,-467.0,753.0,,189.0
-395.0,-218.0,,750.0,101.0,3237.0,-501.0,537.0,,169.0
-303.0,-230.0,,736.0,67.0,2978.0,-529.0,509.0,,153.0
-345.0,-210.0,,779.0,18.0,2948.0,-543.0,349.0,,152.0
-392.0,-277.0,,741.0,24.0,3009.0,-575.0,249.0,,155.0
-316.0,-336.0,,726.0,4.0,2934.0,-578.0,293.0,,147.0
-328.0,-315.0,,712.0,-16.0,2940.0,-601.0,-92.0,,149.0
-320.0,-296.0,,676.0,20.0,3017.0,-624.0,-234.0,,140.0
-324.0,-359.0,,695.0,24.0,3092.0,-616.0,-515.0,,109.0
-338.0,-451.0,,668.0,51.0,2932.0,-623.0,-489.0,,79.0
-310.0,-444.0,,615.0,111.0,2798.0,-643.0,-376.0,,28.0
-234.0,-408.0,,615.0,103.0,2831.0,-670.0,-327.0,,-39.0
-241.0,-459.0,,622.0,126.0,2542.0,-701.0,59.0,,-120.0
-279.0,-467.0,,548.0,135.0,2280.0,-732.0,118.0,,-197.0
-167.0,-283.0,,501.0,57.0,2030.0,-754.0,260.0,,-262.0
-97.0,-104.0,,465.0,23.0,1748.0,-763.0,116.0,,-332.0
-125.0,-55.0,,352.0,-24.0,1506.0,-766.0,22.0,,-384.0
-152.0,37.0,,353.0,-89.0,1595.0,-777.0,99.0,,-422.0
-54.0,237.0,,340.0,-92.0,1996.0,-815.0,-72.0,,-461.0
-23.0,331.0,,317.0,-136.0,2128.0,-843.0,-1.0,,-497.0
-35.0,223.0,,355.0,-164.0,2322.0,-844.0,-166.0,,-521.0
9.0,132.0,,324.0,-157.0,2403.0,-818.0,-90.0,,-531.0
49.0,191.0,,356.0,-202.0,2472.0,-779.0,-157.0,,-543.0
44.0,245.0,,382.0,-205.0,2489.0,-759.0,-434.0,,-568.0
43.0,164.0,,390.0,-182.0,2327.0,-742.0,-467.0,,-579.0
77.0,82.0,,490.0,-194.0,2157.0,-761.0,-700.0,,-574.0
28.0,131.0,,526.0,-151.0,1811.0,-771.0,-545.0,,-562.0
38.0,181.0,,480.0,-114.0,1456.0,-759.0,-506.0,,-551.0
72.0,68.0,,535.0,-97.0,1166.0,-772.0,-386.0,,-536.0
95.0,-22.0,,558.0,-22.0,1221.0,-764.0,-229.0,,-505.0
56.0,66.0,,487.0,-15.0,1269.0,-758.0,-328.0,,-488.0
68.0,167.0,,461.0,-24.0,1278.0,-750.0,-227.0,,-457.0
89.0,72.0,,426.0,11.0,1388.0,-737.0,-389.0,,-407.0
70.0,-21.0,,375.0,-25.0,1572.0,-724.0,-194.0,,-347.0
126.0,122.0,,329.0,-43.0,1741.0,-709.0,-195.0,,-276.0
87.0,222.0,,328.0,-49.0,1645.0,-707.0,-491.0,,-203.0
81.0,155.0,,311.0,-113.0,1475.0,-679.0,-607.0,,-120.0
88.0,47.0,,245.0,-102.0,1252.0,-658.0,-988.0,,-49.0
113.0,105.0,,230.0,-68.0,1068.0,-629.0,-1104.0,,6.0
54.0,198.0,,247.0,-63.0,807.0,-603.0,-1400.0,,41.0
6.0,104.0,,231.0,-8.0,792.0,-603.0,-1481.0,,67.0
73.0,79.0,,245.0,-9.0,890.0,-606.0,-1358.0,,83.0
37.0,161.0,,307.0,-15.0,930.0,-613.0,-1213.0,,81.0
-9.0,281.0,,359.0,26.0,1044.0,-586.0,-801.0,,84.0
-40.0,257.0,,404.0,2.0,1126.0,-571.0,-857.0,,87.0
-23.0,193.0,,438.0,2.0,1226.0,-568.0,-768.0,,86.0
-73.0,282.0,,480.0,21.0,1256.0,-561.0,-872.0,,82.0
-75.0,268.0,,549.0,-4.0,1396.0,-558.0,-1043.0,,65.0
-88.0,109.0,,626.0,20.0,1306.0,-515.0,-1084.0,,57.0
-180.0,-86.0,,692.0,31.0,1110.0,-473.0,-1317.0,,58.0
-190.0,-125.0,,750.0,12.0,874.0,-450.0,-1097.0,,56.0
-178.0,-70.0,,804.0,42.0,848.0,-426.0,-1064.0,,82.0
-216.0,-88.0,,858.0,20.0,1248.0,-409.0,-896.0,,112.0
-324.0,-114.0,,913.0,-4.0,1485.0,-399.0,-816.0,,146.0
-213.0,-62.0,,935.0,47.0,1537.0,-366.0,-973.0,,196.0
-173.0,10.0,,979.0,40.0,1504.0,-308.0,-857.0,,220.0
-248.0,5.0,,1049.0,31.0,1764.0,-261.0,-1038.0,,230.0
-275.0,20.0,,1080.0,56.0,2015.0,-213.0,-933.0,,213.0
-300.0,33.0,,1070.0,18.0,2113.0,-173.0,-923.0,,158.0
-243.0,18.0,,1108.0,31.0,2162.0,-152.0,-861.0,,84.0
-281.0,-37.0,,1110.0,51.0,1915.0,-141.0,-694.0,,-3.0
-296.0,-72.0,,1042.0,8.0,1698.0,-126.0,-842.0,,-112.0
-373.0,-53.0,,1024.0,35.0,1412.0,-78.0,-622.0,,-230.0
-383.0,-48.0,,1004.0,18.0,1080.0,-34.0,-617.0,,-343.0
-317.0,4.0,,960.0,-42.0,715.0,15.0,-478.0,,-464.0
-373.0,69.0,,942.0,-13.0,342.0,38.0,-450.0,,-581.0
-453.0,127.0,,923.0,-23.0,350.0,13.0,-594.0,,-663.0
-446.0,181.0,,882.0,-14.0,246.0,19.0,-530.0,,-710.0
-317.0,280.0,,881.0,54.0,-79.0,27.0,-822.0,,-722.0
-358.0,417.0,,860.0,49.0,-139.0,56.0,-870.0,,-694.0
-411.0,435.0,,885.0,55.0,-4.0,97.0,-1080.0,,-643.0
-385.0,380.0,,917.0,43.0,47.0,131.0,-1091.0,,-573.0
-374.0,379.0,,881.0,-35.0,-155.0,186.0,-931.0,,-501.0
-310.0,408.0,,854.0,-29.0,-325.0,211.0,-1012.0,,-435.0
-225.0,337.0,,828.0,-27.0,-429.0,231.0,-761.0,,-370.0
-222.0,143.0,,814.0,-55.0,-496.0,273.0,-824.0,,-315.0
-204.0,49.0,,747.0,-19.0,-369.0,280.0,-807.0,,-267.0
-64.0,99.0,,723.0,-39.0,-163.0,282.0,-994.0,,-227.0
-16.0,18.0,,678.0,-55.0,-123.0,306.0,-1228.0,,-191.0
-30.0,-147.0,,669.0,-31.0,-363.0,325.0,-1173.0,,-151.0
-4.0,-98.0,,633.0,-68.0,-423.0,350.0,-1226.0,,-108.0
88.0,98.0,,588.0,-46.0,-164.0,383.0,-842.0,,-56.0
105.0,75.0,,593.0,2.0,17.0,418.0,-811.0,,14.0
112.0,-176.0,,512.0,2.0,54.0,438.0,-761.0,,102.0
112.0,-235.0,,505.0,82.0,183.0,461.0,-796.0,,189.0
86.0,-126.0,,410.0,142.0,431.0,493.0,-1106.0,,283.0
167.0,-190.0,,402.0,147.0,634.0,519.0,-1121.0,,386.0
190.0,-407.0,,385.0,194.0,615.0,569.0,-1441.0,,492.0
137.0,-411.0,,318.0,185.0,728.0,614.0,-1424.0,,592.0
17.0,-196.0,,332.0,161.0,971.0,663.0,-1485.0,,675.0
93.0,-207.0,,263.0,163.0,924.0,707.0,-1483.0,,759.0
95.0,-342.0,,266.0,107.0,925.0,715.0,-1343.0,,824.0
-50.0,-190.0,,283.0,87.0,1126.0,715.0,-1522.0,,870.0
-26.0,159.0,,265.0,85.0,1446.0,706.0,-1404.0,,912.0
-14.0,311.0,,231.0,25.0,1567.0,723.0,-1491.0,,939.0
-39.0,283.0,,238.0,20.0,1371.0,746.0,-1321.0,,969.0
-134.0,447.0,,162.0,16.0,1028.0,791.0,-1167.0,,978.0
-94.0,687.0,,129.0,-16.0,527.0,854.0,-1125.0,,983.0
-124.0,592.0,,224.0,6.0,227.0,898.0,-844.0,,985.0
-188.0,262.0,,233.0,-19.0,125.0,934.0,-820.0,,950.0
-120.0,125.0,,282.0,-50.0,-171.0,937.0,-624.0,,893.0
-127.0,200.0,,320.0,-21.0,-370.0,924.0,-729.0,,805.0
-164.0,162.0,,319.0,-58.0,-57.0,894.0,-759.0,,690.0
-189.0,-22.0,,323.0,-51.0,536.0,895.0,-630.0,,560.0
-75.0,-67.0,,372.0,2.0,750.0,932.0,-633.0,,423.0
-107.0,8.0,,441.0,-34.0,642.0,956.0,-436.0,,274.0
-144.0,-17.0,,430.0,-65.0,832.0,992.0,-615.0,,114.0
-101.0,-175.0,,456.0,-107.0,960.0,1001.0,-607.0,,-41.0
-90.0,-242.0,,453.0,-180.0,964.0,1010.0,-711.0,,-196.0
-57.0,-116.0,,415.0,-155.0,755.0,1025.0,-901.0,,-339.0
-87.0,-68.0,,474.0,-121.0,519.0,1033.0,-798.0,,-467.0
-53.0,-161.0,,502.0,-111.0,726.0,1054.0,-763.0,,-587.0
-118.0,-228.0,,467.0,-55.0,696.0,1062.0,-343.0,,-684.0
-79.0,-200.0,,485.0,-75.0,655.0,1079.0,-168.0,,-744.0
-9.0,-226.0,,501.0,-93.0,773.0,1105.0,-24.0,,-784.0
-85.0,-254.0,,442.0,-48.0,699.0,1107.0,9.0,,-817.0
-100.0,-137.0,,351.0,-58.0,472.0,1105.0,-188.0,,-828.0
-76.0,8.0,,271.0,-22.0,191.0,1100.0,-75.0,,-834.0
-70.0,104.0,,227.0,28.0,71.0,1098.0,-279.0,,-835.0
-132.0,163.0,,222.0,24.0,-145.0,1106.0,-297.0,,-823.0
-107.0,232.0,,202.0,80.0,-545.0,1113.0,-375.0,,-810.0
-105.0,210.0,,145.0,120.0,-1117.0,1129.0,-480.0,,-782.0
-124.0,159.0,,128.0,123.0,-1646.0,1143.0,-399.0,,-761.0
-85.0,215.0,,115.0,194.0,-1686.0,1142.0,-620.0,,-739.0
-101.0,306.0,,42.0,213.0,-1586.0,1143.0,-582.0,,-712.0
-137.0,302.0,,8.0,204.0,-1619.0,1150.0,-655.0,,-688.0
-90.0,195.0,,-29.0,230.0,-1630.0,1170.0,-528.0,,-647.0
-15.0,222.0,,-72.0,167.0,-1454.0,1185.0,-336.0,,-595.0
-111.0,306.0,,-67.0,123.0,-1368.0,1184.0,-273.0,,-531.0
-170.0,248.0,,-51.0,136.0,-1433.0,1192.0,73.0,,-470.0
-111.0,145.0,,-35.0,90.0,-1399.0,1206.0,92.0,,-418.0
-112.0,124.0,,-46.0,81.0,-1388.0,1223.0,205.0,,-381.0
-183.0,139.0,,-8.0,77.0,-1329.0,1239.0,62.0,,-366.0
-181.0,66.0,,-31.0,7.0,-1487.0,1243.0,-66.0,,-373.0
-172.0,-17.0,,-105.0,10.0,-1460.0,1238.0,-35.0,,-399.0
-217.0,-32.0,,-103.0,17.0,-1098.0,1218.0,-323.0,,-426.0
-209.0,11.0,,-133.0,-29.0,-1006.0,1195.0,-212.0,,-465.0
-213.0,-32.0,,-164.0,-19.0,-1155.0,1182.0,-179.0,,-494.0
-258.0,-173.0,,-169.0,-42.0,-1523.0,1180.0,55.0,,-525.0
-312.0,-69.0,,-147.0,-91.0,-1665.0,1171.0,186.0,,-543.0
-224.0,46.0,,-138.0,-73.0,-1705.0,1150.0,97.0,,-548.0
-222.0,-69.0,,-144.0,-91.0,-2141.0,1151.0,188.0,,-562.0
-297.0,-178.0,,-138.0,-119.0,-2652.0,1146.0,49.0,,-546.0
-285.0,-114.0,,-114.0,-89.0,-2913.0,1133.0,245.0,,-540.0
-247.0,65.0,,0.0,-94.0,-2940.0,1109.0,153.0,,-537.0
-200.0,-44.0,,30.0,-74.0,-2705.0,1079.0,120.0,,-538.0
-267.0,-235.0,,78.0,-36.0,-2501.0,1090.0,201.0,,-540.0
-221.0,-83.0,,152.0,-67.0,-2432.0,1092.0,127.0,,-523.0
-206.0,155.0,,116.0,-49.0,-2234.0,1081.0,473.0,,-523.0
-170.0,102.0,,134.0,-37.0,-2147.0,1063.0,541.0,,-512.0
-149.0,-23.0,,172.0,-19.0,-2168.0,1022.0,727.0,,-494.0
-219.0,181.0,,152.0,42.0,-2456.0,986.0,635.0,,-463.0
-164.0,397.0,,113.0,69.0,-2833.0,964.0,389.0,,-434.0
-118.0,363.0,,123.0,126.0,-3034.0,926.0,319.0,,-407.0
-108.0,205.0,,107.0,139.0,-3240.0,889.0,51.0,,-356.0
-204.0,265.0,,68.0,126.0,-3254.0,867.0,155.0,,-312.0
-103.0,437.0,,56.0,133.0,-3050.0,839.0,33.0,,-273.0
-26.0,248.0,,66.0,102.0,-2561.0,821.0,60.0,,-239.0
-94.0,38.0,,81.0,106.0,-2045.0,780.0,118.0,,-205.0
-87.0,183.0,,64.0,147.0,-1749.0,718.0,83.0,,-172.0
-36.0,386.0,,-20.0,132.0,-1536.0,673.0,273.0,,-148.0
-3.0,305.0,,-85.0,94.0,-1301.0,651.0,86.0,,-128.0
-88.0,142.0,,-86.0,42.0,-1194.0,629.0,168.0,,-121.0
40.0,200.0,,-182.0,-61.0,-1648.0,613.0,66.0,,-121.0
12.0,298.0,,-228.0,-63.0,-2324.0,599.0,-25.0,,-140.0
-41.0,189.0,,-231.0,-89.0,-2790.0,565.0,131.0,,-163.0
27.0,-35.0,,-339.0,-153.0,-3203.0,532.0,162.0,,-178.0
56.0,-32.0,,-422.0,-97.0,-3542.0,450.0,495.0,,-201.0
77.0,63.0,,-490.0,-91.0,-3809.0,390.0,436.0,,-222.0
-18.0,3.0,,-563.0,-51.0,-3930.0,375.0,443.0,,-252.0
66.0,-71.0,,-563.0,14.0,-3749.0,387.0,369.0,,-299.0
-8.0,-59.0,,-574.0,3.0,-3689.0,416.0,199.0,,-346.0
-43.0,0.0,,-545.0,31.0,-3605.0,391.0,247.0,,-412.0
1.0,-122.0,,-503.0,59.0,-3327.0,369.0,-7.0,,-477.0
-51.0,-255.0,,-489.0,36.0,-3208.0,337.0,57.0,,-529.0
-63.0,-209.0,,-425.0,40.0,-2988.0,311.0,-116.0,,-598.0
-116.0,-137.0,,-382.0,67.0,-2712.0,300.0,-225.0,,-656.0
-89.0,-66.0,,-363.0,48.0,-2674.0,266.0,-240.0,,-702.0
-183.0,-26.0,,-436.0,41.0,-2977.0,235.0,-421.0,,-746.0
-175.0,81.0,,-438.0,64.0,-2969.0,222.0,-219.0,,-778.0
-198.0,179.0,,-446.0,71.0,-2479.0,186.0,-317.0,,-793.0
-296.0,174.0,,-529.0,75.0,-2389.0,155.0,-195.0,,-797.0
-271.0,143.0,,-511.0,94.0,-2623.0,143.0,-195.0,,-808.0
-286.0,147.0,,-552.0,95.0,-2916.0,90.0,-254.0,,-818.0
-330.0,94.0,,-570.0,102.0,-2912.0,62.0,5.0,,-823.0
-391.0,-4.0,,-539.0,113.0,-2696.0,16.0,44.0,,-821.0
-302.0,45.0,,-521.0,61.0,-2792.0,-32.0,312.0,,-812.0
-342.0,126.0,,-479.0,47.0,-2994.0,-49.0,218.0,,-799.0
-432.0,172.0,,-476.0,73.0,-2934.0,-81.0,194.0,,-779.0
-368.0,178.0,,-431.0,58.0,-2627.0,-89.0,304.0,,-754.0
-319.0,243.0,,-353.0,67.0,-2546.0,-97.0,376.0,,-720.0
-380.0,277.0,,-361.0,51.0,-2666.0,-103.0,755.0,,-673.0
-428.0,96.0,,-341.0,-5.0,-2781.0,-121.0,606.0,,-613.0
-339.0,-1.0,,-342.0,9.0,-2783.0,-140.0,430.0,,-541.0
-378.0,72.0,,-369.0,28.0,-2618.0,-167.0,46.0,,-467.0
-406.0,140.0,,-373.0,14.0,-2502.0,-185.0,-243.0,,-392.0
-383.0,-2.0,,-450.0,30.0,-2617.0,-189.0,-92.0,,-309.0
-375.0,-122.0,,-480.0,9.0,-2724.0,-227.0,-11.0,,-221.0
-399.0,-26.0,,-454.0,-24.0,-2739.0,-240.0,508.0,,-131.0
-413.0,3.0,,-463.0,-16.0,-3080.0,-252.0,722.0,,-36.0
-387.0,-91.0,,-445.0,-37.0,-3462.0,-269.0,768.0,,58.0
-467.0,-180.0,,-418.0,-74.0,-3618.0,-289.0,620.0,,134.0
-426.0,-63.0,,-418.0,-67.0,-3720.0,-313.0,336.0,,197.0
-392.0,-13.0,,-410.0,-67.0,-3876.0,-331.0,439.0,,245.0
-439.0,-131.0,,-361.0,-79.0,-4016.0,-350.0,280.0,,275.0
-418.0,-175.0,,-342.0,-58.0,-3848.0,-344.0,343.0,,293.0
-382.0,-98.0,,-401.0,-63.0,-3357.0,-369.0,194.0,,293.0
-367.0,41.0,,-304.0,-93.0,-2852.0,-392.0,110.0,,285.0
-369.0,-19.0,,-283.0,-88.0,-2295.0,-425.0,275.0,,270.0
-272.0,-54.0,,-314.0,-114.0,-1600.0,-458.0,27.0,,232.0
-255.0,52.0,,-318.0,-150.0,-1266.0,-459.0,-40.0,,172.0
-279.0,146.0,,-334.0,-134.0,-1310.0,-486.0,-258.0,,101.0
-215.0,121.0,,-207.0,-131.0,-1603.0,-486.0,-133.0,,15.0
-186.0,20.0,,-217.0,-106.0,-2029.0,-515.0,125.0,,-73.0
-187.0,53.0,,-303.0,-54.0,-2418.0,-536.0,314.0,,-147.0
-153.0,26.0,,-318.0,-60.0,-2765.0,-531.0,591.0,,-200.0
-35.0,-76.0,,-230.0,-62.0,-2664.0,-536.0,306.0,,-235.0
-55.0,-162.0,,-211.0,-37.0,-2334.0,-531.0,120.0,,-251.0
-56.0,-109.0,,-170.0,-50.0,-2168.0,-558.0,-205.0,,-250.0
73.0,-15.0,,-183.0,-58.0,-2042.0,-585.0,-245.0,,-239.0
93.0,-59.0,,-185.0,-44.0,-1836.0,-640.0,-38.0,,-209.0
77.0,-50.0,,-116.0,-62.0,-1629.0,-685.0,-86.0,,-183.0
150.0,-22.0,,-106.0,-52.0,-1664.0,-719.0,171.0,,-163.0
286.0,-4.0,,-3.0,-1.0,-1744.0,-758.0,155.0,,-142.0
248.0,-71.0,,6.0,0.0,-1641.0,-770.0,388.0,,-150.0
253.0,-136.0,,28.0,-20.0,-1414.0,-769.0,502.0,,-186.0
381.0,-133.0,,-55.0,-26.0,-1403.0,-757.0,303.0,,-221.0
412.0,-155.0,,-198.0,-30.0,-1709.0,-766.0,290.0,,-257.0
417.0,-141.0,,-349.0,13.0,-1863.0,-771.0,112.0,,-283.0
473.0,-165.0,,-338.0,74.0,-1843.0,-805.0,308.0,,-280.0
555.0,-264.0,,-290.0,98.0,-1751.0,-858.0,251.0,,-256.0
507.0,-423.0,,-298.0,120.0,-1673.0,-897.0,328.0,,-213.0
522.0,-417.0,,-309.0,129.0,-1870.0,-950.0,558.0,,-166.0
542.0,-276.0,,-389.0,95.0,-2168.0,-969.0,497.0,,-120.0
515.0,-203.0,,-408.0,71.0,-2204.0,-974.0,652.0,,-60.0
533.0,-46.0,,-551.0,76.0,-2141.0,-968.0,443.0,,6.0
546.0,121.0,,-512.0,69.0,-2373.0,-943.0,410.0,,76.0
506.0,226.0,,-526.0,63.0,-2816.0,-933.0,242.0,,143.0
465.0,234.0,,-551.0,80.0,-3074.0,-924.0,110.0,,213.0
560.0,136.0,,-520.0,63.0,-3029.0,-918.0,168.0,,258.0
526.0,88.0,,-633.0,45.0,-3127.0,-905.0,-84.0,,276.0
474.0,85.0,,-672.0,54.0,-3409.0,-881.0,60.0,,280.0
499.0,5.0,,-687.0,22.0,-3538.0,-890.0,-44.0,,257.0
493.0,-189.0,,-593.0,14.0,-3347.0,-905.0,27.0,,211.0
445.0,-243.0,,-470.0,47.0,-3128.0,-918.0,157.0,,140.0
412.0,-146.0,,-459.0,42.0,-3173.0,-928.0,94.0,,57.0
452.0,-79.0,,-519.0,48.0,-3253.0,-915.0,194.0,,-19.0
408.0,-75.0,,-415.0,82.0,-3439.0,-933.0,-27.0,,-84.0
373.0,-11.0,,-347.0,88.0,-3411.0,-958.0,142.0,,-136.0
367.0,237.0,,-362.0,96.0,-3266.0,-957.0,157.0,,-162.0
359.0,334.0,,-319.0,130.0,-3267.0,-951.0,175.0,,-179.0
331.0,242.0,,-412.0,141.0,-3006.0,-925.0,269.0,,-194.0
344.0,178.0,,-482.0,172.0,-2654.0,-891.0,64.0,,-220.0
319.0,271.0,,-455.0,208.0,-2165.0,-868.0,157.0,,-255.0
291.0,386.0,,-549.0,166.0,-1710.0,-868.0,-11.0,,-291.0
384.0,206.0,,-596.0,114.0,-1535.0,-865.0,33.0,,-344.0
418.0,19.0,,-590.0,72.0,-1327.0,-833.0,-11.0,,-378.0
407.0,27.0,,-583.0,1.0,-1204.0,-790.0,-168.0,,-418.0
424.0,11.0,,-496.0,-21.0,-1205.0,-741.0,-155.0,,-456.0
507.0,-166.0,,-621.0,6.0,-1405.0,-726.0,-467.0,,-472.0
497.0,-303.0,,-628.0,7.0,-1475.0,-719.0,-400.0,,-475.0
465.0,-273.0,,-632.0,34.0,-1091.0,-699.0,-506.0,,-445.0
531.0,-280.0,,-709.0,78.0,-893.0,-694.0,-618.0,,-396.0
533.0,-410.0,,-719.0,64.0,-1044.0,-675.0,-674.0,,-338.0
489.0,-457.0,,-740.0,66.0,-1158.0,-665.0,-715.0,,-268.0
456.0,-309.0,,-743.0,72.0,-810.0,-665.0,-347.0,,-185.0
456.0,-35.0,,-845.0,31.0,-350.0,-672.0,-336.0,,-104.0
414.0,204.0,,-780.0,22.0,-223.0,-674.0,-243.0,,-17.0
380.0,263.0,,-759.0,1.0,-128.0,-671.0,-480.0,,67.0
355.0,403.0,,-760.0,-73.0,58.0,-659.0,-822.0,,155.0
258.0,564.0,,-618.0,-127.0,381.0,-622.0,-814.0,,226.0
220.0,575.0,,-584.0,-198.0,688.0,-607.0,-831.0,,277.0
209.0,485.0,,-657.0,-293.0,761.0,-592.0,-447.0,,323.0
136.0,308.0,,-491.0,-312.0,619.0,-598.0,-424.0,,332.0
87.0,246.0,,-460.0,-274.0,544.0,-609.0,-345.0,,303.0
127.0,148.0,,-423.0,-230.0,557.0,-619.0,-232.0,,261.0
106.0,-67.0,,-279.0,-153.0,424.0,-633.0,-334.0,,212.0
37.0,-148.0,,-395.0,-118.0,316.0,-637.0,-314.0,,133.0
65.0,-132.0,,-388.0,-107.0,318.0,-670.0,-604.0,,50.0
118.0,-216.0,,-510.0,-20.0,498.0,-685.0,-467.0,,-26.0
91.0,-320.0,,-517.0,41.0,775.0,-687.0,-376.0,,-105.0
81.0,-352.0,,-469.0,90.0,736.0,-660.0,-312.0,,-174.0
155.0,-317.0,,-550.0,180.0,625.0,-661.0,-144.0,,-245.0
133.0,-224.0,,-518.0,199.0,730.0,-690.0,-245.0,,-297.0
123.0,-240.0,,-557.0,194.0,852.0,-697.0,-73.0,,-331.0
153.0,-224.0,,-576.0,221.0,787.0,-735.0,-171.0,,-343.0
194.0,-214.0,,-446.0,198.0,584.0,-737.0,-59.0,,-343.0
216.0,-167.0,,-360.0,151.0,611.0,-724.0,44.0,,-336.0
255.0,5.0,,-337.0,128.0,791.0,-750.0,101.0,,-304.0
350.0,78.0,,-390.0,65.0,1078.0,-803.0,363.0,,-268.0
330.0,183.0,,-356.0,25.0,1193.0,-867.0,46.0,,-216.0
412.0,260.0,,-306.0,30.0,1091.0,-886.0,-162.0,,-160.0
492.0,419.0,,-412.0,-46.0,1014.0,-868.0,-413.0,,-125.0
507.0,477.0,,-377.0,-111.0,869.0,-841.0,-404.0,,-108.0
508.0,440.0,,-424.0,-113.0,1072.0,-824.0,-293.0,,-113.0
555.0,524.0,,-513.0,-129.0,1237.0,-847.0,-535.0,,-122.0
627.0,441.0,,-681.0,-111.0,1347.0,-893.0,-554.0,,-132.0
585.0,230.0,,-615.0,-104.0,1718.0,-923.0,-739.0,,-152.0
604.0,-40.0,,-483.0,-128.0,2088.0,-942.0,-578.0,,-155.0
582.0,-84.0,,-445.0,-83.0,2370.0,-955.0,-493.0,,-150.0
589.0,-127.0,,-406.0,-34.0,2107.0,-959.0,-430.0,,-137.0
548.0,-216.0,,-554.0,-37.0,1741.0,-984.0,-229.0,,-114.0
504.0,-205.0,,-359.0,3.0,1678.0,-991.0,-380.0,,-89.0
457.0,-150.0,,-394.0,12.0,1573.0,-996.0,-240.0,,-56.0
429.0,-85.0,,-500.0,-28.0,1379.0,-1021.0,-491.0,,-14.0
430.0,-227.0,,-310.0,-21.0,1493.0,-1025.0,-679.0,,30.0
288.0,-208.0,,-328.0,-48.0,1930.0,-1022.0,-746.0,,59.0
266.0,-139.0,,-304.0,-68.0,2309.0,-998.0,-940.0,,71.0
272.0,-9.0,,-256.0,-39.0,2505.0,-969.0,-707.0,,67.0
248.0,57.0,,-296.0,-58.0,2500.0,-958.0,-524.0,,49.0
149.0,-94.0,,-411.0,-43.0,2515.0,-944.0,18.0,,22.0
179.0,-170.0,,-540.0,19.0,2410.0,-923.0,192.0,,-5.0
234.0,-200.0,,-400.0,36.0,2197.0,-919.0,57.0,,-46.0
162.0,-125.0,,-383.0,83.0,2018.0,-918.0,-134.0,,-92.0
139.0,-85.0,,-370.0,136.0,1849.0,-920.0,-524.0,,-131.0
111.0,-39.0,,-147.0,95.0,1750.0,-927.0,-358.0,,-172.0
181.0,-41.0,,-216.0,76.0,1788.0,-892.0,-195.0,,-206.0
107.0,-75.0,,-156.0,83.0,1843.0,-855.0,375.0,,-223.0
95.0,-89.0,,-74.0,53.0,1856.0,-817.0,801.0,,-224.0
150.0,-176.0,,-92.0,69.0,2102.0,-785.0,827.0,,-224.0
155.0,-180.0,,-31.0,58.0,2593.0,-772.0,835.0,,-209.0
164.0,-122.0,,-65.0,18.0,3014.0,-750.0,352.0,,-183.0
85.0,-109.0,,-51.0,60.0,2863.0,-721.0,232.0,,-149.0
95.0,-122.0,,-184.0,68.0,2437.0,-671.0,-5.0,,-105.0
100.0,-70.0,,-245.0,53.0,2106.0,-619.0,-131.0,,-47.0
115.0,-38.0,,-235.0,90.0,1895.0,-603.0,-72.0,,30.0
65.0,-21.0,,-276.0,62.0,1727.0,-615.0,-142.0,,108.0
63.0,-16.0,,-55.0,19.0,1462.0,-632.0,225.0,,183.0
117.0,-27.0,,-35.0,11.0,1450.0,-632.0,232.0,,243.0
92.0,4.0,,-88.0,-42.0,1723.0,-621.0,275.0,,295.0
87.0,-35.0,,6.0,-78.0,2013.0,-601.0,205.0,,336.0
111.0,-159.0,,-12.0,-118.0,2088.0,-564.0,232.0,,366.0
125.0,-323.0,,43.0,-215.0,2136.0,-525.0,526.0,,409.0
51.0,-431.0,,42.0,-223.0,2268.0,-492.0,373.0,,459.0
57.0,-438.0,,65.0,-180.0,2424.0,-478.0,402.0,,519.0
81.0,-398.0,,84.0,-163.0,2575.0,-459.0,103.0,,568.0
26.0,-385.0,,29.0,-96.0,2587.0,-463.0,46.0,,609.0
20.0,-348.0,,46.0,-66.0,2441.0,-455.0,169.0,,653.0
28.0,-191.0,,-41.0,-74.0,2123.0,-416.0,216.0,,676.0
-15.0,-11.0,,-152.0,-47.0,2026.0,-409.0,639.0,,692.0
-48.0,11.0,,-202.0,-78.0,2007.0,-398.0,607.0,,686.0
-78.0,-75.0,,-176.0,-87.0,1861.0,-384.0,702.0,,654.0
-156.0,-57.0,,-159.0,-22.0,1852.0,-366.0,495.0,,609.0
-222.0,-60.0,,-174.0,1.0,2009.0,-349.0,310.0,,546.0
-225.0,-158.0,,-117.0,25.0,2221.0,-349.0,373.0,,483.0
-205.0,-191.0,,-124.0,42.0,2158.0,-380.0,110.0,,418.0
-277.0,-132.0,,-62.0,0.0,2024.0,-428.0,147.0,,362.0
-335.0,-77.0,,-17.0,12.0,2102.0,-449.0,-103.0,,313.0
-354.0,-242.0,,5.0,24.0,2222.0,-447.0,-90.0,,257.0
-372.0,-467.0,,79.0,-4.0,2290.0,-426.0,-25.0,,184.0
-394.0,-510.0,,23.0,57.0,2379.0,-434.0,-77.0,,90.0
-418.0,-513.0,,161.0,85.0,2660.0,-477.0,86.0,,-3.0
-405.0,-572.0,,221.0,60.0,2899.0,-513.0,53.0,,-119.0
-383.0,-563.0,,205.0,61.0,2940.0,-503.0,471.0,,-235.0
-346.0,-393.0,,199.0,-26.0,2938.0,-448.0,583.0,,-347.0
-381.0,-233.0,,86.0,-91.0,2927.0,-405.0,594.0,,-453.0
-393.0,-91.0,,144.0,-87.0,2802.0,-375.0,591.0,,-533.0
-340.0,-10.0,,124.0,-130.0,2360.0,-363.0,412.0,,-599.0
-296.0,74.0,,246.0,-135.0,1703.0,-367.0,569.0,,-647.0
-326.0,156.0,,301.0,-141.0,1131.0,-372.0,406.0,,-695.0
-331.0,74.0,,318.0,-207.0,872.0,-359.0,600.0,,-716.0
-258.0,47.0,,347.0,-218.0,919.0,-334.0,726.0,,-718.0
-299.0,54.0,,333.0,-249.0,1110.0,-313.0,742.0,,-721.0
-327.0,113.0,,449.0,-284.0,1533.0,-302.0,875.0,,-698.0
-274.0,99.0,,435.0,-239.0,2233.0,-311.0,639.0,,-677.0
-226.0,-13.0,,558.0,-245.0,2802.0,-297.0,766.0,,-639.0
-257.0,-27.0,,505.0,-244.0,3040.0,-296.0,698.0,,-586.0
-209.0,-77.0,,555.0,-165.0,3355.0,-289.0,764.0,,-536.0
-121.0,-159.0,,512.0,-114.0,3658.0,-268.0,916.0,,-476.0
-114.0,-182.0,,316.0,-15.0,3624.0,-266.0,894.0,,-435.0
-108.0,-85.0,,404.0,87.0,3405.0,-242.0,1103.0,,-402.0
-42.0,-42.0,,342.0,93.0,3201.0,-226.0,1031.0,,-392.0
53.0,-121.0,,456.0,129.0,2997.0,-211.0,1232.0,,-406.0
34.0,-206.0,,445.0,124.0,2714.0,-183.0,1263.0,,-434.0
81.0,-219.0,,520.0,68.0,2483.0,-158.0,1208.0,,-475.0
93.0,-173.0,,615.0,89.0,2394.0,-154.0,1261.0,,-521.0
119.0,-142.0,,667.0,58.0,2496.0,-155.0,1056.0,,-591.0
208.0,-54.0,,818.0,34.0,2535.0,-136.0,1075.0,,-666.0
232.0,43.0,,715.0,78.0,2444.0,-99.0,774.0,,-734.0
245.0,93.0,,820.0,61.0,2539.0,-59.0,657.0,,-797.0
237.0,44.0,,813.0,82.0,2524.0,-45.0,667.0,,-838.0
313.0,4.0,,743.0,118.0,2220.0,-38.0,642.0,,-862.0
294.0,25.0,,587.0,61.0,2169.0,-36.0,824.0,,-860.0
257.0,41.0,,671.0,47.0,2439.0,-24.0,659.0,,-839.0
278.0,113.0,,824.0,41.0,2676.0,0.0,739.0,,-786.0
262.0,134.0,,700.0,7.0,2864.0,17.0,711.0,,-724.0
232.0,171.0,,861.0,72.0,3030.0,45.0,805.0,,-656.0
213.0,128.0,,878.0,70.0,3309.0,77.0,977.0,,-564.0
226.0,-42.0,,920.0,9.0,3510.0,113.0,829.0,,-470.0
172.0,-61.0,,845.0,45.0,3516.0,171.0,901.0,,-389.0
133.0,-78.0,,809.0,11.0,3518.0,222.0,705.0,,-320.0
135.0,-166.0,,871.0,-9.0,3504.0,271.0,744.0,,-263.0
89.0,-251.0,,715.0,1.0,3644.0,322.0,591.0,,-223.0
59.0,-228.0,,549.0,-86.0,3818.0,345.0,327.0,,-190.0
69.0,-137.0,,390.0,-111.0,3763.0,356.0,430.0,,-151.0
-14.0,-111.0,,418.0,-102.0,3533.0,350.0,295.0,,-109.0
-120.0,-30.0,,331.0,-140.0,3496.0,349.0,533.0,,-69.0
-113.0,82.0,,207.0,-127.0,3833.0,377.0,650.0,,-12.0
-79.0,172.0,,303.0,-155.0,4069.0,411.0,903.0,,56.0
-148.0,186.0,,308.0,-228.0,3933.0,423.0,1103.0,,125.0
-216.0,130.0,,211.0,-220.0,3757.0,429.0,896.0,,188.0
-213.0,134.0,,335.0,-244.0,3682.0,466.0,984.0,,255.0
-234.0,263.0,,435.0,-250.0,3705.0,518.0,916.0,,313.0
-270.0,274.0,,348.0,-194.0,3657.0,578.0,1232.0,,326.0
-318.0,126.0,,404.0,-217.0,3363.0,619.0,1409.0,,312.0
-356.0,38.0,,415.0,-209.0,3305.0,625.0,1356.0,,284.0
-407.0,-24.0,,258.0,-180.0,3514.0,610.0,1380.0,,239.0
-460.0,-116.0,,193.0,-161.0,3681.0,588.0,986.0,,179.0
-504.0,-218.0,,217.0,-35.0,3711.0,568.0,794.0,,105.0
-535.0,-129.0,,125.0,53.0,3612.0,539.0,388.0,,27.0
-507.0,43.0,,51.0,85.0,3628.0,525.0,208.0,,-52.0
-489.0,94.0,,190.0,138.0,3541.0,550.0,271.0,,-138.0
-540.0,93.0,,297.0,114.0,3140.0,573.0,253.0,,-222.0
-548.0,197.0,,297.0,90.0,2741.0,592.0,412.0,,-293.0
-495.0,326.0,,348.0,118.0,2632.0,622.0,210.0,,-355.0
-508.0,250.0,,372.0,88.0,2687.0,640.0,190.0,,-403.0
-521.0,190.0,,359.0,91.0,2593.0,658.0,33.0,,-441.0
-471.0,221.0,,388.0,102.0,2422.0,666.0,-16.0,,-471.0
-440.0,265.0,,492.0,65.0,2393.0,662.0,208.0,,-498.0
-462.0,208.0,,578.0,95.0,2260.0,676.0,306.0,,-533.0
-414.0,109.0,,494.0,92.0,2053.0,679.0,657.0,,-550.0
-366.0,125.0,,417.0,60.0,2040.0,679.0,526.0,,-552.0
-381.0,101.0,,451.0,93.0,2012.0,698.0,380.0,,-548.0
-350.0,71.0,,483.0,65.0,2068.0,706.0,186.0,,-512.0
-276.0,76.0,,475.0,47.0,2291.0,707.0,-81.0,,-466.0
-205.0,134.0,,574.0,78.0,2530.0,720.0,7.0,,-422.0
-194.0,181.0,,588.0,45.0,2789.0,739.0,-5.0,,-380.0
-154.0,138.0,,586.0,56.0,2882.0,756.0,339.0,,-346.0
-124.0,125.0,,726.0,81.0,2802.0,787.0,473.0,,-303.0
-63.0,182.0,,671.0,26.0,2653.0,808.0,526.0,,-273.0
12.0,219.0,,819.0,19.0,2441.0,813.0,439.0,,-260.0
8.0,169.0,,830.0,-15.0,2337.0,826.0,90.0,,-243.0
9.0,143.0,,840.0,-95.0,2401.0,834.0,162.0,,-226.0
54.0,190.0,,924.0,-76.0,2414.0,833.0,16.0,,-232.0
133.0,250.0,,751.0,-86.0,2168.0,824.0,97.0,,-252.0
99.0,234.0,,799.0,-132.0,1699.0,844.0,79.0,,-256.0
72.0,173.0,,577.0,-118.0,1340.0,879.0,22.0,,-275.0
80.0,164.0,,581.0,-120.0,1249.0,908.0,166.0,,-303.0
80.0,128.0,,664.0,-85.0,1201.0,928.0,-59.0,,-320.0
95.0,57.0,,555.0,-36.0,1183.0,924.0,1.0,,-340.0
99.0,9.0,,667.0,-49.0,1168.0,900.0,-151.0,,-346.0
69.0,15.0,,683.0,-18.0,1178.0,884.0,-145.0,,-350.0
41.0,37.0,,747.0,2.0,1390.0,905.0,-62.0,,-346.0
59.0,3.0,,851.0,-17.0,1369.0,922.0,-123.0,,-340.0
29.0,-18.0,,915.0,0.0,1030.0,931.0,114.0,,-337.0
41.0,-60.0,,812.0,-2.0,810.0,933.0,33.0,,-340.0
31.0,-124.0,,780.0,-5.0,641.0,930.0,225.0,,-366.0
45.0,-162.0,,747.0,7.0,494.0,911.0,258.0,,-374.0
22.0,-161.0,,647.0,-47.0,121.0,883.0,304.0,,-392.0
23.0,-151.0,,641.0,-104.0,-484.0,862.0,467.0,,-413.0
81.0,-248.0,,600.0,-130.0,-901.0,823.0,328.0,,-420.0
44.0,-253.0,,508.0,-201.0,-1075.0,807.0,485.0,,-437.0
52.0,-171.0,,446.0,-228.0,-974.0,812.0,279.0,,-435.0
63.0,-105.0,,470.0,-228.0,-1026.0,821.0,242.0,,-438.0
128.0,-18.0,,469.0,-292.0,-1416.0,811.0,214.0,,-430.0
111.0,-36.0,,508.0,-317.0,-1550.0,780.0,162.0,,-408.0
127.0,-45.0,,570.0,-335.0,-1356.0,775.0,423.0,,-400.0
164.0,-49.0,,566.0,-345.0,-1470.0,786.0,395.0,,-373.0
128.0,-141.0,,552.0,-283.0,-1933.0,800.0,615.0,,-327.0
129.0,-141.0,,525.0,-253.0,-2073.0,813.0,487.0,,-269.0
122.0,-48.0,,304.0,-199.0,-1868.0,815.0,408.0,,-209.0
137.0,-125.0,,323.0,-101.0,-1786.0,786.0,434.0,,-127.0
85.0,-310.0,,368.0,-63.0,-1944.0,737.0,260.0,,-28.0
95.0,-327.0,,262.0,-25.0,-2058.0,677.0,450.0,,56.0
41.0,-250.0,,221.0,32.0,-2038.0,664.0,240.0,,140.0
3.0,-204.0,,1.0,48.0,-2364.0,688.0,123.0,,222.0
18.0,-247.0,,-4.0,47.0,-2992.0,695.0,-120.0,,287.0
-31.0,-284.0,,32.0,43.0,-3379.0,677.0,-345.0,,332.0
-53.0,-223.0,,35.0,10.0,-3512.0,627.0,-188.0,,360.0
-95.0,-235.0,,77.0,25.0,-3651.0,599.0,-280.0,,373.0
-81.0,-366.0,,123.0,41.0,-3901.0,565.0,-72.0,,371.0
-113.0,-442.0,,152.0,15.0,-4008.0,535.0,-162.0,,352.0
-147.0,-329.0,,164.0,46.0,-3822.0,517.0,-256.0,,330.0
-171.0,-264.0,,325.0,53.0,-3526.0,462.0,-395.0,,313.0
-193.0,-287.0,,430.0,33.0,-3284.0,422.0,-705.0,,297.0
-207.0,-219.0,,453.0,35.0,-3268.0,399.0,-644.0,,283.0
-233.0,-67.0,,515.0,17.0,-3583.0,374.0,-855.0,,265.0
-215.0,99.0,,544.0,19.0,-3994.0,364.0,-702.0,,269.0
-219.0,110.0,,442.0,12.0,-4051.0,353.0,-737.0,,280.0
-179.0,155.0,,415.0,-18.0,-4052.0,325.0,-777.0,,285.0
-155.0,270.0,,442.0,-14.0,-4432.0,294.0,-556.0,,300.0
-139.0,320.0,,349.0,9.0,-4726.0,249.0,-687.0,,318.0
-83.0,299.0,,311.0,-17.0,-4499.0,211.0,-399.0,,343.0
-35.0,294.0,,380.0,-46.0,-4153.0,176.0,-351.0,,366.0
-45.0,328.0,,349.0,-35.0,-4173.0,137.0,-186.0,,385.0
-59.0,260.0,,348.0,-48.0,-4230.0,124.0,-25.0,,370.0
17.0,212.0,,410.0,-54.0,-4063.0,109.0,-86.0,,330.0
83.0,187.0,,513.0,-67.0,-3852.0,85.0,59.0,,283.0
82.0,233.0,,541.0,-95.0,-3747.0,58.0,-142.0,,220.0
98.0,228.0,,424.0,-98.0,-3729.0,32.0,-38.0,,161.0
183.0,132.0,,430.0,-128.0,-3698.0,17.0,-109.0,,87.0
250.0,106.0,,371.0,-158.0,-3702.0,0.0,-62.0,,12.0
259.0,109.0,,343.0,-137.0,-3696.0,-16.0,114.0,,-50.0
267.0,91.0,,412.0,-103.0,-3696.0,-20.0,-27.0,,-104.0
293.0,7.0,,474.0,-73.0,-3713.0,-28.0,214.0,,-138.0
338.0,8.0,,407.0,-35.0,-3820.0,-37.0,66.0,,-165.0
355.0,52.0,,211.0,-25.0,-4012.0,-42.0,18.0,,-181.0
326.0,94.0,,224.0,-31.0,-4169.0,-56.0,-77.0,,-185.0
370.0,97.0,,254.0,-14.0,-4261.0,-75.0,-219.0,,-186.0
411.0,210.0,,217.0,-25.0,-4103.0,-90.0,-84.0,,-184.0
402.0,350.0,,202.0,-42.0,-3837.0,-84.0,-249.0,,-180.0
388.0,272.0,,173.0,-43.0,-3543.0,-64.0,-86.0,,-172.0
399.0,274.0,,88.0,-62.0,-3240.0,-62.0,-208.0,,-163.0
438.0,316.0,,3.0,-50.0,-3171.0,-71.0,-218.0,,-164.0
400.0,345.0,,21.0,-48.0,-3215.0,-76.0,-186.0,,-171.0
359.0,306.0,,55.0,-75.0,-3202.0,-85.0,-399.0,,-188.0
339.0,278.0,,83.0,-61.0,-3230.0,-101.0,-254.0,,-214.0
332.0,330.0,,55.0,-55.0,-3441.0,-146.0,-330.0,,-235.0
282.0,290.0,,26.0,-64.0,-3696.0,-158.0,-59.0,,-251.0
228.0,244.0,,36.0,-31.0,-3712.0,-143.0,12.0,,-269.0
191.0,232.0,,76.0,10.0,-3622.0,-141.0,-29.0,,-286.0
151.0,251.0,,159.0,30.0,-3688.0,-110.0,20.0,,-299.0
165.0,208.0,,252.0,65.0,-3708.0,-108.0,-218.0,,-318.0
147.0,206.0,,295.0,77.0,-3415.0,-121.0,-118.0,,-332.0
142.0,212.0,,277.0,79.0,-2927.0,-135.0,-258.0,,-340.0
97.0,153.0,,290.0,136.0,-2606.0,-156.0,-282.0,,-338.0
65.0,108.0,,159.0,150.0,-2437.0,-150.0,-423.0,,-310.0
31.0,-34.0,,-11.0,124.0,-2211.0,-136.0,-613.0,,-275.0
0.0,-90.0,,-39.0,131.0,-2015.0,-112.0,-631.0,,-222.0
31.0,-116.0,,-44.0,130.0,-1853.0,-126.0,-1012.0,,-158.0
16.0,-178.0,,-122.0,142.0,-1738.0,-159.0,-990.0,,-91.0
49.0,-148.0,,-211.0,161.0,-1684.0,-178.0,-1066.0,,-14.0
66.0,-88.0,,-225.0,146.0,-1740.0,-178.0,-962.0,,67.0
73.0,50.0,,-248.0,138.0,-1796.0,-140.0,-711.0,,168.0
38.0,70.0,,-227.0,134.0,-1677.0,-115.0,-774.0,,264.0
35.0,12.0,,-197.0,106.0,-1642.0,-97.0,-672.0,,351.0
75.0,64.0,,-211.0,99.0,-1744.0,-88.0,-888.0,,415.0
36.0,133.0,,-281.0,76.0,-1832.0,-70.0,-903.0,,460.0
58.0,148.0,,-391.0,38.0,-1988.0,-28.0,-940.0,,490.0
60.0,71.0,,-404.0,49.0,-2274.0,-17.0,-907.0,,483.0
33.0,88.0,,-446.0,35.0,-2512.0,-29.0,-707.0,,476.0
-8.0,78.0,,-543.0,26.0,-2573.0,-59.0,-949.0,,458.0
-2.0,-100.0,,-591.0,67.0,-2468.0,-78.0,-916.0,,431.0
-8.0,-225.0,,-672.0,58.0,-2344.0,-58.0,-1008.0,,410.0
-79.0,-243.0,,-706.0,43.0,-2201.0,-12.0,-862.0,,383.0
-74.0,-245.0,,-688.0,62.0,-2134.0,38.0,-611.0,,361.0
-75.0,-292.0,,-709.0,45.0,-2281.0,62.0,-668.0,,337.0
-115.0,-310.0,,-693.0,33.0,-2182.0,59.0,-473.0,,303.0
-172.0,-248.0,,-671.0,34.0,-1864.0,57.0,-569.0,,258.0
-137.0,-144.0,,-680.0,-2.0,-1608.0,61.0,-423.0,,207.0
-119.0,-149.0,,-632.0,-11.0,-1414.0,83.0,-471.0,,143.0
-197.0,-144.0,,-548.0,-22.0,-1359.0,102.0,-657.0,,82.0
-234.0,-40.0,,-504.0,-65.0,-1333.0,101.0,-652.0,,6.0
-184.0,-28.0,,-480.0,-54.0,-1064.0,108.0,-859.0,,-82.0
-151.0,-88.0,,-436.0,-61.0,-663.0,107.0,-569.0,,-173.0
-210.0,-141.0,,-470.0,-101.0,-445.0,123.0,-513.0,,-263.0
-219.0,-158.0,,-597.0,-100.0,-378.0,162.0,-406.0,,-338.0
-216.0,-200.0,,-658.0,-136.0,-373.0,191.0,-445.0,,-420.0
-195.0,-241.0,,-667.0,-168.0,-309.0,198.0,-811.0,,-479.0
-216.0,-280.0,,-674.0,-130.0,-388.0,203.0,-896.0,,-526.0
-273.0,-272.0,,-673.0,-123.0,-461.0,236.0,-1145.0,,-550.0
-252.0,-180.0,,-615.0,-125.0,-312.0,264.0,-999.0,,-547.0
-194.0,-136.0,,-618.0,-97.0,-282.0,269.0,-1049.0,,-535.0
-193.0,-71.0,,-639.0,-97.0,-542.0,237.0,-995.0,,-501.0
-235.0,-11.0,,-570.0,-59.0,-905.0,201.0,-761.0,,-479.0
-171.0,7.0,,-580.0,-4.0,-997.0,194.0,-739.0,,-460.0
-168.0,3.0,,-615.0,-21.0,-1004.0,235.0,-528.0,,-433.0
-221.0,-76.0,,-660.0,12.0,-1002.0,322.0,-851.0,,-392.0
-205.0,-143.0,,-712.0,96.0,-932.0,407.0,-1040.0,,-342.0
-173.0,-182.0,,-776.0,113.0,-720.0,448.0,-1237.0,,-299.0
-151.0,-215.0,,-785.0,126.0,-486.0,411.0,-1409.0,,-256.0
-171.0,-249.0,,-784.0,112.0,-621.0,361.0,-1374.0,,-227.0
-158.0,-259.0,,-818.0,99.0,-747.0,348.0,-1661.0,,-224.0
-138.0,-176.0,,-760.0,144.0,-811.0,377.0,-1701.0,,-254.0
-134.0,-45.0,,-749.0,128.0,-1061.0,421.0,-1938.0,,-304.0
-158.0,95.0,,-729.0,126.0,-1296.0,455.0,-1984.0,,-358.0
-142.0,195.0,,-703.0,192.0,-1201.0,484.0,-1790.0,,-415.0
-117.0,180.0,,-681.0,211.0,-1029.0,484.0,-1487.0,,-467.0
-163.0,171.0,,-621.0,221.0,-1016.0,481.0,-862.0,,-501.0
-167.0,282.0,,-604.0,233.0,-743.0,488.0,-759.0,,-507.0
-179.0,292.0,,-630.0,198.0,-334.0,504.0,-694.0,,-499.0
-170.0,162.0,,-719.0,194.0,-105.0,528.0,-903.0,,-477.0
-187.0,117.0,,-762.0,177.0,-138.0,528.0,-1265.0,,-420.0
-224.0,127.0,,-751.0,87.0,-186.0,523.0,-1407.0,,-351.0
-220.0,57.0,,-711.0,71.0,-91.0,516.0,-1590.0,,-267.0
-234.0,-23.0,,-685.0,102.0,-122.0,510.0,-1285.0,,-172.0
-250.0,-31.0,,-634.0,97.0,-181.0,520.0,-1191.0,,-81.0
-295.0,14.0,,-518.0,117.0,12.0,522.0,-1056.0,,20.0
-297.0,-21.0,,-418.0,93.0,221.0,534.0,-1019.0,,104.0
-316.0,-193.0,,-306.0,33.0,126.0,550.0,-1225.0,,171.0
-318.0,-225.0,,-250.0,17.0,-59.0,568.0,-1143.0,,226.0
-296.0,-141.0,,-226.0,-6.0,-143.0,602.0,-1343.0,,254.0
-336.0,-91.0,,-206.0,-13.0,-106.0,609.0,-1247.0,,265.0
-345.0,-108.0,,-242.0,9.0,-214.0,571.0,-1225.0,,259.0
-276.0,-100.0,,-285.0,-30.0,-440.0,523.0,-1217.0,,239.0
-187.0,11.0,,-349.0,-31.0,-465.0,501.0,-1289.0,,222.0
-245.0,39.0,,-404.0,45.0,-143.0,537.0,-1773.0,,206.0
-239.0,-64.0,,-431.0,74.0,302.0,623.0,-1847.0,,198.0
-136.0,-169.0,,-425.0,121.0,548.0,683.0,-1895.0,,209.0
-120.0,-103.0,,-394.0,148.0,781.0,687.0,-1579.0,,232.0
-141.0,-136.0,,-365.0,73.0,1078.0,646.0,-1448.0,,271.0
-157.0,-282.0,,-276.0,28.0,1454.0,613.0,-1594.0,,329.0
-78.0,-279.0,,-197.0,5.0,1684.0,637.0,-1576.0,,412.0
-55.0,-172.0,,-192.0,-39.0,1607.0,670.0,-1794.0,,498.0
-73.0,-78.0,,-177.0,-29.0,1415.0,698.0,-1723.0,,574.0
-83.0,-192.0,,-158.0,-27.0,1296.0,701.0,-2021.0,,645.0
-75.0,-200.0,,-110.0,-39.0,1108.0,645.0,-2233.0,,690.0
-34.0,-42.0,,-101.0,10.0,686.0,592.0,-2026.0,,683.0
-66.0,25.0,,-86.0,30.0,168.0,556.0,-1759.0,,643.0
-73.0,19.0,,-34.0,29.0,-167.0,564.0,-1274.0,,576.0
-100.0,18.0,,-48.0,59.0,-208.0,629.0,-1348.0,,473.0
-59.0,112.0,,-22.0,28.0,-452.0,654.0,-1520.0,,355.0
-35.0,146.0,,-40.0,-10.0,-596.0,634.0,-1869.0,,222.0
-117.0,92.0,,26.0,-10.0,-423.0,605.0,-2050.0,,96.0
-131.0,51.0,,73.0,-37.0,-276.0,576.0,-1866.0,,-23.0
-131.0,119.0,,2.0,-5.0,-208.0,554.0,-1995.0,,-121.0
-138.0,174.0,,-3.0,55.0,-135.0,535.0,-1862.0,,-181.0
-185.0,107.0,,-54.0,44.0,130.0,493.0,-1980.0,,-216.0
-196.0,2.0,,-51.0,75.0,256.0,430.0,-1947.0,,-231.0
-242.0,-99.0,,-81.0,121.0,350.0,374.0,-1866.0,,-243.0
-275.0,-98.0,,-108.0,138.0,561.0,325.0,-1989.0,,-244.0
-239.0,-116.0,,-72.0,183.0,753.0,313.0,-1855.0,,-253.0
-244.0,-189.0,,-60.0,187.0,790.0,283.0,-1912.0,,-271.0
-272.0,-150.0,,9.0,174.0,636.0,238.0,-1625.0,,-305.0
-306.0,-31.0,,13.0,191.0,664.0,235.0,-1568.0,,-359.0
-268.0,-71.0,,10.0,159.0,754.0,228.0,-1513.0,,-422.0
-282.0,-164.0,,78.0,96.0,738.0,222.0,-1230.0,,-501.0
-287.0,-115.0,,40.0,60.0,692.0,209.0,-1175.0,,-560.0
-295.0,-51.0,,-53.0,18.0,726.0,176.0,-1042.0,,-597.0
-284.0,20.0,,-110.0,-14.0,822.0,157.0,-1391.0,,-617.0
-267.0,37.0,,-159.0,-39.0,805.0,134.0,-1526.0,,-624.0
-263.0,75.0,,-217.0,-95.0,694.0,78.0,-1444.0,,-611.0
-210.0,147.0,,-257.0,-84.0,627.0,30.0,-1328.0,,-579.0
-245.0,188.0,,-283.0,-26.0,612.0,1.0,-1134.0,,-536.0
-208.0,188.0,,-282.0,-14.0,427.0,-41.0,-1393.0,,-476.0
-182.0,186.0,,-268.0,13.0,64.0,-84.0,-1234.0,,-407.0
-170.0,256.0,,-270.0,49.0,-183.0,-105.0,-1008.0,,-329.0
-191.0,191.0,,-163.0,54.0,-263.0,-116.0,-764.0,,-256.0
-163.0,129.0,,-138.0,76.0,-383.0,-135.0,-591.0,,-178.0
-89.0,96.0,,-79.0,91.0,-423.0,-155.0,-729.0,,-88.0
-131.0,64.0,,-6.0,79.0,-294.0,-166.0,-474.0,,-6.0
-150.0,79.0,,-50.0,83.0,-137.0,-177.0,-419.0,,72.0
-165.0,44.0,,-22.0,54.0,66.0,-177.0,-158.0,,138.0
-111.0,29.0,,-62.0,-5.0,189.0,-185.0,-110.0,,183.0
-130.0,42.0,,-114.0,-10.0,110.0,-222.0,-116.0,,222.0
-168.0,154.0,,-214.0,13.0,30.0,-251.0,51.0,,243.0
-161.0,122.0,,-301.0,43.0,-6.0,-277.0,-247.0,,249.0
-144.0,44.0,,-399.0,92.0,-4.0,-297.0,-347.0,,244.0
-165.0,104.0,,-460.0,120.0,-32.0,-291.0,-792.0,,217.0
-228.0,210.0,,-421.0,151.0,-158.0,-279.0,-873.0,,176.0
-205.0,393.0,,-360.0,191.0,39.0,-266.0,-744.0,,118.0
-221.0,397.0,,-205.0,209.0,392.0,-281.0,-589.0,,45.0
-251.0,297.0,,-162.0,216.0,573.0,-296.0,-164.0,,-31.0
-276.0,223.0,,-86.0,196.0,572.0,-294.0,-105.0,,-112.0
-242.0,216.0,,-51.0,145.0,345.0,-300.0,120.0,,-170.0
-275.0,258.0,,-120.0,129.0,319.0,-306.0,-55.0,,-201.0
-339.0,235.0,,-131.0,140.0,409.0,-324.0,-240.0,,-232.0
-333.0,199.0,,-177.0,116.0,260.0,-314.0,-413.0,,-248.0
-301.0,119.0,,-178.0,107.0,50.0,-277.0,-648.0,,-265.0
-323.0,56.0,,-176.0,120.0,35.0,-225.0,-351.0,,-280.0
-386.0,-3.0,,-238.0,108.0,227.0,-210.0,-221.0,,-280.0
-309.0,-6.0,,-287.0,105.0,358.0,-217.0,-149.0,,-290.0
-292.0,95.0,,-291.0,70.0,321.0,-213.0,-304.0,,-277.0
-298.0,114.0,,-285.0,3.0,281.0,-229.0,-467.0,,-242.0
-303.0,-14.0,,-255.0,-24.0,457.0,-215.0,-127.0,,-203.0
-253.0,-116.0,,-249.0,-64.0,699.0,-222.0,192.0,,-136.0
-237.0,-71.0,,-245.0,-90.0,736.0,-218.0,733.0,,-63.0
-299.0,-111.0,,-207.0,-75.0,747.0,-196.0,1101.0,,7.0
-246.0,-300.0,,-111.0,-84.0,946.0,-208.0,1280.0,,70.0
-285.0,-424.0,,-26.0,-31.0,1198.0,-203.0,1491.0,,123.0
-281.0,-403.0,,-53.0,19.0,1342.0,-194.0,1241.0,,159.0
-277.0,-342.0,,-53.0,-49.0,1477.0,-170.0,1147.0,,180.0
-316.0,-320.0,,-100.0,-114.0,1573.0,-138.0,921.0,,203.0
-320.0,-226.0,,-231.0,-164.0,1452.0,-123.0,1128.0,,220.0
-356.0,-93.0,,-307.0,-184.0,1043.0,-132.0,1404.0,,244.0
-338.0,-47.0,,-278.0,-127.0,678.0,-126.0,1367.0,,260.0
-363.0,-68.0,,-288.0,-129.0,379.0,-95.0,1638.0,,256.0
-373.0,-20.0,,-253.0,-148.0,7.0,-63.0,1570.0,,239.0
-418.0,158.0,,-125.0,-107.0,-174.0,-45.0,1912.0,,218.0
-448.0,287.0,,-64.0,-101.0,46.0,-83.0,1877.0,,187.0
-409.0,248.0,,7.0,-65.0,559.0,-130.0,1851.0,,156.0
-485.0,188.0,,41.0,-14.0,930.0,-157.0,1977.0,,145.0
-527.0,198.0,,76.0,-38.0,1404.0,-156.0,1825.0,,147.0
-519.0,238.0,,40.0,-24.0,1910.0,-133.0,2069.0,,153.0
-453.0,278.0,,-78.0,-28.0,2272.0,-109.0,1832.0,,159.0
-475.0,247.0,,-129.0,-84.0,2274.0,-101.0,1788.0,,171.0
-561.0,257.0,,-171.0,-69.0,2062.0,-140.0,1380.0,,160.0
-493.0,288.0,,-224.0,-75.0,2132.0,-137.0,1206.0,,127.0
-464.0,272.0,,-194.0,-78.0,1856.0,-101.0,1476.0,,72.0
-477.0,234.0,,-138.0,-9.0,1435.0,-99.0,1579.0,,-3.0
-534.0,267.0,,-149.0,3.0,1157.0,-86.0,2134.0,,-91.0
-468.0,380.0,,-123.0,28.0,1156.0,-102.0,2089.0,,-194.0
-393.0,291.0,,-117.0,84.0,1320.0,-124.0,2108.0,,-279.0
-400.0,129.0,,-96.0,83.0,1160.0,-126.0,1875.0,,-358.0
-336.0,18.0,,-110.0,122.0,803.0,-123.0,1637.0,,-420.0
-317.0,-2.0,,-200.0,137.0,494.0,-109.0,1686.0,,-450.0
-256.0,1.0,,-249.0,97.0,357.0,-113.0,1587.0,,-467.0
-229.0,11.0,,-360.0,133.0,140.0,-101.0,1975.0,,-461.0
-130.0,138.0,,-449.0,158.0,-204.0,-87.0,2071.0,,-447.0
-53.0,103.0,,-558.0,178.0,-337.0,-59.0,2217.0,,-418.0
-31.0,-7.0,,-584.0,247.0,57.0,-10.0,2021.0,,-382.0
45.0,-74.0,,-446.0,227.0,527.0,18.0,1880.0,,-334.0
111.0,-76.0,,-446.0,176.0,859.0,35.0,2294.0,,-295.0
203.0,-47.0,,-287.0,131.0,970.0,37.0,2481.0,,-268.0
181.0,-63.0,,-80.0,24.0,906.0,26.0,2736.0,,-221.0
249.0,-27.0,,-122.0,2.0,1074.0,31.0,2507.0,,-194.0
328.0,-112.0,,-117.0,14.0,1207.0,81.0,2159.0,,-175.0
346.0,-210.0,,-170.0,-46.0,1170.0,127.0,1760.0,,-152.0
345.0,-238.0,,-184.0,-27.0,919.0,151.0,1345.0,,-139.0
355.0,-230.0,,-221.0,-29.0,774.0,160.0,1317.0,,-140.0
448.0,-144.0,,-285.0,-94.0,869.0,126.0,1452.0,,-147.0
475.0,-66.0,,-169.0,-98.0,965.0,107.0,2030.0,,-134.0
503.0,8.0,,-154.0,-163.0,1074.0,127.0,2527.0,,-123.0
493.0,-6.0,,-102.0,-196.0,1244.0,135.0,2701.0,,-112.0
523.0,-39.0,,25.0,-144.0,1308.0,134.0,2553.0,,-101.0
544.0,-53.0,,115.0,-167.0,1183.0,118.0,2148.0,,-71.0
544.0,-76.0,,193.0,-145.0,1009.0,81.0,1958.0,,-25.0
553.0,-28.0,,176.0,-109.0,845.0,55.0,1899.0,,3.0
552.0,29.0,,155.0,-159.0,983.0,57.0,2076.0,,33.0
555.0,16.0,,117.0,-135.0,936.0,84.0,2402.0,,64.0
509.0,-24.0,,65.0,-132.0,620.0,107.0,2501.0,,82.0
525.0,5.0,,5.0,-178.0,580.0,91.0,2450.0,,90.0
496.0,6.0,,-18.0,-139.0,747.0,60.0,2235.0,,95.0
491.0,1.0,,-38.0,-154.0,920.0,41.0,2062.0,,94.0
485.0,64.0,,-27.0,-175.0,1052.0,44.0,2161.0,,97.0
481.0,148.0,,30.0,-111.0,1405.0,46.0,2575.0,,85.0
443.0,191.0,,-8.0,-108.0,1745.0,37.0,3078.0,,49.0
351.0,161.0,,22.0,-82.0,2005.0,6.0,3126.0,,4.0
378.0,139.0,,-61.0,-17.0,2098.0,-49.0,2956.0,,-55.0
362.0,142.0,,-174.0,-8.0,2047.0,-95.0,2584.0,,-117.0
330.0,78.0,,-175.0,80.0,1938.0,-121.0,2337.0,,-178.0
261.0,-15.0,,-220.0,164.0,1606.0,-109.0,2333.0,,-218.0
292.0,-44.0,,-173.0,123.0,1256.0,-96.0,2256.0,,-237.0
297.0,-108.0,,-102.0,134.0,778.0,-115.0,2359.0,,-240.0
198.0,-134.0,,42.0,140.0,405.0,-155.0,2241.0,,-224.0
197.0,-189.0,,187.0,131.0,184.0,-216.0,2126.0,,-193.0
182.0,-248.0,,231.0,187.0,397.0,-253.0,1945.0,,-146.0
187.0,-171.0,,123.0,132.0,1017.0,-244.0,1734.0,,-82.0
98.0,-174.0,,-17.0,102.0,1314.0,-244.0,1868.0,,-8.0
99.0,-199.0,,-48.0,181.0,1387.0,-257.0,1993.0,,59.0
142.0,-163.0,,-118.0,142.0,1500.0,-299.0,2246.0,,131.0
109.0,-109.0,,-170.0,109.0,1759.0,-364.0,2232.0,,198.0
55.0,-84.0,,-245.0,108.0,1650.0,-381.0,2004.0,,257.0
57.0,-78.0,,-258.0,41.0,1174.0,-389.0,1810.0,,306.0
134.0,-61.0,,-142.0,58.0,820.0,-375.0,1722.0,,336.0
93.0,6.0,,-38.0,48.0,776.0,-374.0,1873.0,,357.0
151.0,60.0,,16.0,-32.0,857.0,-406.0,1866.0,,354.0
224.0,23.0,,167.0,-6.0,752.0,-442.0,1788.0,,342.0
315.0,69.0,,282.0,-10.0,749.0,-490.0,1638.0,,313.0
314.0,127.0,,203.0,-40.0,948.0,-500.0,1576.0,,276.0
332.0,171.0,,158.0,0.0,1249.0,-506.0,1629.0,,230.0
447.0,175.0,,119.0,-39.0,1423.0,-494.0,1672.0,,167.0
470.0,102.0,,77.0,-52.0,1661.0,-492.0,1904.0,,103.0
550.0,94.0,,41.0,-4.0,1886.0,-536.0,2156.0,,23.0
567.0,101.0,,37.0,-54.0,2132.0,-568.0,2383.0,,-46.0
639.0,61.0,,72.0,-57.0,2336.0,-589.0,2472.0,,-119.0
642.0,22.0,,141.0,-12.0,2209.0,-573.0,2437.0,,-190.0
704.0,22.0,,191.0,-21.0,2137.0,-545.0,2357.0,,-244.0
741.0,42.0,,210.0,23.0,1819.0,-519.0,2204.0,,-290.0
723.0,82.0,,305.0,25.0,1583.0,-525.0,2195.0,,-325.0
804.0,159.0,,325.0,-8.0,1386.0,-562.0,2248.0,,-360.0
771.0,245.0,,291.0,49.0,1156.0,-588.0,2427.0,,-380.0
796.0,272.0,,258.0,52.0,1063.0,-628.0,2496.0,,-395.0
750.0,252.0,,235.0,51.0,879.0,-640.0,2341.0,,-407.0
811.0,220.0,,236.0,107.0,1183.0,-648.0,2241.0,,-422.0
798.0,182.0,,159.0,68.0,1576.0,-641.0,2017.0,,-430.0
787.0,168.0,,204.0,40.0,1542.0,-637.0,1892.0,,-432.0
840.0,182.0,,314.0,33.0,980.0,-641.0,1766.0,,-437.0
773.0,182.0,,200.0,-62.0,592.0,-623.0,1755.0,,-419.0
828.0,171.0,,242.0,-87.0,447.0,-629.0,1779.0,,-389.0
810.0,161.0,,443.0,-92.0,20.0,-621.0,1583.0,,-357.0
859.0,124.0,,525.0,-160.0,-610.0,-608.0,1568.0,,-324.0
803.0,88.0,,555.0,-143.0,-1172.0,-587.0,1505.0,,-287.0
838.0,-35.0,,446.0,-133.0,-1168.0,-590.0,1662.0,,-243.0
880.0,-210.0,,316.0,-146.0,-1118.0,-593.0,1679.0,,-194.0
820.0,-319.0,,162.0,-100.0,-550.0,-591.0,1457.0,,-137.0
860.0,-406.0,,6.0,-141.0,69.0,-650.0,1415.0,,-60.0
800.0,-430.0,,-6.0,-199.0,267.0,-724.0,1383.0,,16.0
850.0,-399.0,,28.0,-197.0,327.0,-795.0,1733.0,,78.0
796.0,-405.0,,58.0,-239.0,219.0,-813.0,1675.0,,138.0
819.0,-368.0,,131.0,-207.0,195.0,-798.0,1470.0,,186.0
787.0,-291.0,,257.0,-121.0,-72.0,-787.0,1335.0,,230.0
711.0,-276.0,,374.0,-117.0,-127.0,-788.0,1210.0,,261.0
751.0,-250.0,,384.0,-74.0,-202.0,-802.0,1428.0,,282.0
708.0,-191.0,,412.0,-46.0,-160.0,-778.0,1145.0,,304.0
699.0,-114.0,,454.0,-105.0,-274.0,-754.0,1127.0,,302.0
601.0,-77.0,,394.0,-99.0,-642.0,-746.0,1119.0,,288.0
651.0,-45.0,,264.0,-79.0,-679.0,-734.0,1154.0,,268.0
647.0,68.0,,176.0,-55.0,-737.0,-715.0,1372.0,,242.0
553.0,148.0,,166.0,59.0,-882.0,-707.0,1121.0,,229.0
483.0,144.0,,76.0,114.0,-967.0,-704.0,1271.0,,214.0
440.0,87.0,,102.0,112.0,-759.0,-704.0,1112.0,,208.0
436.0,21.0,,105.0,132.0,-711.0,-715.0,955.0,,208.0
343.0,-30.0,,72.0,98.0,-661.0,-726.0,910.0,,192.0
323.0,-47.0,,82.0,106.0,-613.0,-748.0,740.0,,169.0
274.0,31.0,,93.0,149.0,-575.0,-765.0,875.0,,138.0
252.0,125.0,,109.0,100.0,-480.0,-757.0,600.0,,101.0
209.0,125.0,,-12.0,78.0,-426.0,-729.0,554.0,,48.0
153.0,114.0,,-9.0,95.0,-191.0,-708.0,476.0,,-11.0
123.0,197.0,,64.0,86.0,-196.0,-703.0,515.0,,-79.0
129.0,267.0,,85.0,119.0,-478.0,-722.0,720.0,,-155.0
142.0,260.0,,76.0,86.0,-879.0,-749.0,502.0,,-244.0
60.0,234.0,,72.0,20.0,-1055.0,-751.0,513.0,,-344.0
53.0,190.0,,8.0,60.0,-1191.0,-723.0,271.0,,-429.0
49.0,137.0,,-55.0,68.0,-1504.0,-673.0,264.0,,-505.0
13.0,101.0,,-59.0,63.0,-1642.0,-660.0,437.0,,-553.0
20.0,54.0,,-133.0,78.0,-1631.0,-672.0,545.0,,-581.0
62.0,7.0,,-145.0,40.0,-1558.0,-648.0,794.0,,-599.0
23.0,29.0,,-138.0,54.0,-1536.0,-618.0,633.0,,-598.0
16.0,48.0,,-103.0,91.0,-1665.0,-607.0,740.0,,-598.0
69.0,25.0,,-17.0,55.0,-1894.0,-610.0,718.0,,-587.0
51.0,11.0,,17.0,58.0,-2155.0,-637.0,709.0,,-564.0
41.0,41.0,,36.0,94.0,-2297.0,-675.0,800.0,,-532.0
77.0,124.0,,163.0,58.0,-2437.0,-709.0,642.0,,-501.0
159.0,118.0,,231.0,21.0,-2731.0,-727.0,757.0,,-465.0
114.0,52.0,,238.0,-29.0,-2765.0,-681.0,550.0,,-429.0
84.0,-14.0,,298.0,-98.0,-2470.0,-625.0,373.0,,-393.0
165.0,-130.0,,318.0,-90.0,-2153.0,-587.0,68.0,,-355.0
186.0,-210.0,,369.0,-127.0,-1918.0,-563.0,-240.0,,-326.0
150.0,-250.0,,382.0,-175.0,-1471.0,-557.0,-288.0,,-274.0
167.0,-285.0,,411.0,-141.0,-1096.0,-519.0,-380.0,,-226.0
223.0,-305.0,,425.0,-130.0,-1028.0,-464.0,-57.0,,-184.0
191.0,-282.0,,405.0,-100.0,-878.0,-433.0,-73.0,,-124.0
194.0,-188.0,,461.0,-36.0,-672.0,-447.0,-101.0,,-79.0
230.0,-155.0,,507.0,-10.0,-605.0,-500.0,-295.0,,-32.0
233.0,-157.0,,514.0,33.0,-665.0,-553.0,-582.0,,7.0
220.0,-45.0,,488.0,81.0,-502.0,-569.0,-561.0,,35.0
209.0,38.0,,491.0,67.0,-394.0,-564.0,-866.0,,52.0
207.0,47.0,,439.0,84.0,-513.0,-539.0,-785.0,,56.0
196.0,56.0,,334.0,101.0,-993.0,-511.0,-801.0,,51.0
193.0,65.0,,283.0,59.0,-1383.0,-510.0,-572.0,,43.0
155.0,84.0,,252.0,70.0,-1555.0,-488.0,-382.0,,25.0
155.0,55.0,,245.0,57.0,-1925.0,-463.0,-733.0,,-10.0
203.0,-10.0,,246.0,-16.0,-2038.0,-433.0,-763.0,,-26.0
182.0,-52.0,,207.0,-34.0,-2128.0,-406.0,-1147.0,,-52.0
148.0,-119.0,,159.0,-77.0,-1957.0,-393.0,-1184.0,,-78.0
208.0,-192.0,,197.0,-116.0,-1790.0,-384.0,-1171.0,,-84.0
270.0,-234.0,,243.0,-75.0,-1471.0,-386.0,-1164.0,,-94.0
244.0,-344.0,,322.0,-66.0,-984.0,-363.0,-827.0,,-96.0
242.0,-354.0,,305.0,-50.0,-738.0,-325.0,-879.0,,-111.0
298.0,-259.0,,127.0,-34.0,-462.0,-269.0,-626.0,,-131.0
343.0,-205.0,,262.0,-81.0,-454.0,-238.0,-646.0,,-142.0
321.0,-74.0,,318.0,-105.0,-263.0,-252.0,-611.0,,-164.0
298.0,8.0,,219.0,-114.0,-324.0,-278.0,-524.0,,-192.0
333.0,30.0,,386.0,-142.0,-437.0,-284.0,-733.0,,-230.0
307.0,66.0,,398.0,-103.0,-454.0,-252.0,-678.0,,-274.0
269.0,107.0,,357.0,-34.0,-706.0,-206.0,-944.0,,-322.0
274.0,155.0,,487.0,-11.0,-982.0,-170.0,-942.0,,-393.0
246.0,114.0,,513.0,30.0,-1406.0,-179.0,-966.0,,-471.0
182.0,96.0,,318.0,25.0,-1519.0,-182.0,-1049.0,,-544.0
88.0,104.0,,306.0,-9.0,-1439.0,-149.0,-1014.0,,-624.0
33.0,28.0,,409.0,20.0,-1133.0,-105.0,-1271.0,,-714.0
0.0,16.0,,363.0,-15.0,-948.0,-73.0,-1241.0,,-798.0
-34.0,76.0,,342.0,-61.0,-805.0,-84.0,-1413.0,,-884.0
-86.0,78.0,,341.0,-22.0,-563.0,-114.0,-1407.0,,-980.0
-162.0,85.0,,332.0,-36.0,-281.0,-127.0,-1356.0,,-1063.0
-180.0,126.0,,252.0,-60.0,-43.0,-132.0,-1498.0,,-1142.0
-190.0,148.0,,292.0,-52.0,-241.0,-127.0,-1511.0,,-1212.0
-228.0,184.0,,337.0,-93.0,-323.0,-116.0,-1738.0,,-1254.0
-293.0,200.0,,283.0,-93.0,-520.0,-126.0,-1568.0,,-1264.0
-284.0,176.0,,301.0,-82.0,-581.0,-121.0,-1653.0,,-1236.0
-260.0,224.0,,323.0,-105.0,-632.0,-84.0,-1781.0,,-1174.0
-293.0,218.0,,288.0,-48.0,-752.0,-43.0,-1877.0,,-1087.0
-279.0,138.0,,317.0,-4.0,-601.0,-31.0,-2235.0,,-991.0
-299.0,115.0,,281.0,-12.0,-393.0,-42.0,-2086.0,,-889.0
-282.0,36.0,,186.0,46.0,-75.0,-48.0,-2237.0,,-793.0
-214.0,-20.0,,245.0,89.0,43.0,-58.0,-2254.0,,-716.0
-139.0,-105.0,,175.0,106.0,283.0,-56.0,-2335.0,,-665.0
-148.0,-244.0,,131.0,145.0,377.0,-50.0,-2494.0,,-634.0
-132.0,-179.0,,219.0,107.0,461.0,-47.0,-2307.0,,-624.0
-40.0,-153.0,,220.0,94.0,532.0,-54.0,-2438.0,,-639.0
-60.0,-248.0,,117.0,166.0,361.0,-69.0,-2209.0,,-648.0
-29.0,-259.0,,134.0,185.0,292.0,-84.0,-2283.0,,-658.0
-3.0,-297.0,,144.0,229.0,251.0,-88.0,-2368.0,,-662.0
15.0,-284.0,,-6.0,289.0,591.0,-76.0,-2307.0,,-655.0
-1.0,-160.0,,76.0,279.0,919.0,-76.0,-2525.0,,-646.0
18.0,-125.0,,41.0,316.0,1312.0,-65.0,-2359.0,,-625.0
82.0,-96.0,,-141.0,332.0,1619.0,-37.0,-2457.0,,-613.0
65.0,-19.0,,-73.0,268.0,1636.0,-26.0,-2387.0,,-589.0
83.0,-19.0,,-58.0,241.0,1664.0,-3.0,-2435.0,,-562.0
61.0,-13.0,,-134.0,165.0,1585.0,27.0,-2618.0,,-540.0
90.0,-10.0,,-58.0,74.0,1576.0,52.0,-2592.0,,-513.0
61.0,32.0,,-52.0,69.0,1408.0,73.0,-2802.0,,-476.0
43.0,49.0,,-140.0,15.0,1234.0,68.0,-2721.0,,-430.0
20.0,-70.0,,-115.0,-26.0,992.0,41.0,-2891.0,,-374.0
-27.0,-88.0,,-115.0,14.0,747.0,28.0,-2845.0,,-299.0
49.0,-13.0,,-36.0,-19.0,692.0,41.0,-2681.0,,-224.0
36.0,-2.0,,83.0,-65.0,538.0,71.0,-2649.0,,-157.0
22.0,-38.0,,66.0,-65.0,473.0,87.0,-2365.0,,-108.0
70.0,-74.0,,58.0,-93.0,559.0,73.0,-2498.0,,-74.0
127.0,-40.0,,172.0,-60.0,649.0,59.0,-2324.0,,-61.0
72.0,44.0,,213.0,-38.0,638.0,29.0,-2207.0,,-78.0
14.0,55.0,,201.0,-95.0,602.0,18.0,-2045.0,,-118.0
103.0,-8.0,,281.0,-83.0,711.0,41.0,-1755.0,,-180.0
127.0,-79.0,,325.0,-93.0,885.0,62.0,-1995.0,,-252.0
95.0,-144.0,,431.0,-162.0,981.0,77.0,-2012.0,,-343.0
118.0,-202.0,,480.0,-151.0,1084.0,91.0,-2252.0,,-448.0
174.0,-235.0,,457.0,-181.0,1110.0,106.0,-2318.0,,-546.0
174.0,-231.0,,495.0,-221.0,1060.0,106.0,-2172.0,,-641.0
172.0,-169.0,,475.0,-175.0,845.0,110.0,-2045.0,,-737.0
209.0,-160.0,,512.0,-184.0,680.0,121.0,-1722.0,,-820.0
214.0,-269.0,,498.0,-162.0,733.0,126.0,-1805.0,,-893.0
213.0,-321.0,,359.0,-86.0,671.0,136.0,-1840.0,,-947.0
199.0,-290.0,,371.0,-84.0,822.0,154.0,-2134.0,,-984.0
154.0,-297.0,,363.0,-42.0,999.0,192.0,-2335.0,,-1003.0
157.0,-443.0,,224.0,-19.0,1045.0,209.0,-2267.0,,-990.0
156.0,-519.0,,249.0,-90.0,880.0,199.0,-2220.0,,-958.0
137.0,-415.0,,307.0,-90.0,787.0,194.0,-1832.0,,-907.0
112.0,-357.0,,262.0,-83.0,1161.0,191.0,-1733.0,,-846.0
132.0,-369.0,,341.0,-105.0,1340.0,207.0,-1561.0,,-779.0
147.0,-430.0,,390.0,-53.0,1219.0,205.0,-1784.0,,-708.0
54.0,-412.0,,309.0,-60.0,882.0,199.0,-2248.0,,-647.0
41.0,-280.0,,315.0,-107.0,836.0,220.0,-2466.0,,-590.0
15.0,-277.0,,364.0,-83.0,795.0,246.0,-2777.0,,-532.0
-20.0,-367.0,,395.0,-99.0,270.0,291.0,-2455.0,,-484.0
-60.0,-265.0,,320.0,-95.0,-205.0,340.0,-2274.0,,-439.0
-93.0,-70.0,,258.0,-32.0,-582.0,395.0,-2082.0,,-395.0
-120.0,-42.0,,220.0,-42.0,-740.0,445.0,-2052.0,,-370.0
-234.0,-63.0,,124.0,-12.0,-762.0,448.0,-2300.0,,-359.0
-221.0,24.0,,200.0,50.0,-623.0,420.0,-2130.0,,-360.0
-252.0,117.0,,184.0,25.0,-483.0,391.0,-2309.0,,-366.0
-327.0,45.0,,83.0,50.0,-436.0,367.0,-2174.0,,-374.0
-342.0,-67.0,,70.0,62.0,-339.0,352.0,-2006.0,,-386.0
-311.0,-8.0,,65.0,22.0,-204.0,350.0,-1890.0,,-396.0
-302.0,107.0,,-34.0,47.0,-33.0,342.0,-1631.0,,-401.0
-333.0,148.0,,-128.0,22.0,-269.0,335.0,-1637.0,,-406.0
-268.0,101.0,,-52.0,-3.0,-544.0,350.0,-1415.0,,-397.0
-271.0,107.0,,-131.0,40.0,-607.0,385.0,-1348.0,,-363.0
-260.0,269.0,,-189.0,3.0,-748.0,434.0,-1141.0,,-332.0
-212.0,350.0,,-94.0,-43.0,-891.0,481.0,-1191.0,,-282.0
-170.0,346.0,,-101.0,-34.0,-786.0,503.0,-1346.0,,-238.0
-138.0,396.0,,-186.0,-78.0,-398.0,504.0,-1273.0,,-208.0
-146.0,452.0,,-178.0,-60.0,-199.0,497.0,-1385.0,,-180.0
-124.0,439.0,,-168.0,-2.0,-262.0,504.0,-1119.0,,-172.0
-128.0,274.0,,-150.0,-28.0,-315.0,498.0,-1182.0,,-163.0
-120.0,123.0,,-99.0,5.0,-167.0,470.0,-1119.0,,-162.0
-119.0,114.0,,-154.0,39.0,-108.0,448.0,-958.0,,-166.0
-163.0,37.0,,-147.0,14.0,-239.0,426.0,-997.0,,-186.0
-180.0,-55.0,,-171.0,27.0,-245.0,419.0,-700.0,,-218.0
-176.0,-31.0,,-172.0,-16.0,-277.0,413.0,-833.0,,-254.0
-209.0,-84.0,,-141.0,-68.0,-294.0,409.0,-812.0,,-290.0
-234.0,-175.0,,-125.0,-51.0,-283.0,437.0,-981.0,,-322.0
-229.0,-217.0,,-89.0,-83.0,-315.0,451.0,-1282.0,,-382.0
-263.0,-221.0,,-114.0,-85.0,-461.0,435.0,-1293.0,,-443.0
-315.0,-159.0,,-60.0,-18.0,-812.0,448.0,-1564.0,,-501.0
-339.0,-108.0,,-19.0,-11.0,-936.0,453.0,-1402.0,,-558.0
-301.0,-137.0,,0.0,24.0,-968.0,458.0,-1339.0,,-602.0
-307.0,-156.0,,96.0,76.0,-1224.0,477.0,-1252.0,,-638.0
-354.0,-67.0,,36.0,67.0,-1502.0,479.0,-1141.0,,-667.0
-321.0,59.0,,-78.0,139.0,-1568.0,478.0,-1256.0,,-707.0
-315.0,175.0,,-8.0,186.0,-1342.0,472.0,-1199.0,,-752.0
-298.0,251.0,,-20.0,150.0,-1380.0,474.0,-1341.0,,-795.0
-285.0,360.0,,-41.0,167.0,-1553.0,434.0,-1276.0,,-838.0
-289.0,475.0,,-73.0,135.0,-1690.0,384.0,-1343.0,,-884.0
-272.0,558.0,,-100.0,85.0,-1761.0,359.0,-1317.0,,-927.0
-253.0,538.0,,-96.0,119.0,-1597.0,315.0,-1276.0,,-955.0
-192.0,443.0,,-271.0,91.0,-1499.0,315.0,-1472.0,,-969.0
-224.0,510.0,,-170.0,51.0,-1215.0,327.0,-1317.0,,-974.0
-201.0,515.0,,-121.0,54.0,-952.0,338.0,-1424.0,,-965.0
-135.0,406.0,,-166.0,-28.0,-711.0,359.0,-1252.0,,-931.0
-120.0,336.0,,17.0,-65.0,-555.0,364.0,-1171.0,,-885.0
-104.0,305.0,,-46.0,-54.0,-356.0,380.0,-1287.0,,-833.0
-109.0,222.0,,-90.0,-121.0,-26.0,400.0,-1093.0,,-765.0
-53.0,45.0,,-3.0,-105.0,-14.0,414.0,-1225.0,,-689.0
-76.0,-158.0,,-6.0,-87.0,118.0,406.0,-1069.0,,-611.0
-76.0,-252.0,,-41.0,-157.0,-10.0,376.0,-1095.0,,-532.0
-54.0,-194.0,,-48.0,-170.0,-166.0,356.0,-1132.0,,-443.0
-89.0,-310.0,,-107.0,-223.0,-197.0,337.0,-1060.0,,-336.0
-69.0,-439.0,,-119.0,-291.0,-279.0,335.0,-1311.0,,-249.0
-69.0,-447.0,,-11.0,-258.0,-285.0,353.0,-1297.0,,-174.0
-70.0,-429.0,,-43.0,-266.0,-569.0,373.0,-1422.0,,-104.0
-78.0,-375.0,,-80.0,-265.0,-605.0,396.0,-1324.0,,-51.0
-82.0,-325.0,,-46.0,-204.0,-496.0,406.0,-1239.0,,-12.0
-154.0,-277.0,,-130.0,-224.0,-512.0,403.0,-1141.0,,-11.0
-208.0,-268.0,,-147.0,-206.0,-717.0,394.0,-892.0,,-14.0
-188.0,-238.0,,-118.0,-124.0,-820.0,405.0,-877.0,,-24.0
-265.0,-399.0,,-224.0,-103.0,-559.0,398.0,-539.0,,-45.0
-326.0,-497.0,,-180.0,-44.0,-272.0,392.0,-535.0,,-66.0
-330.0,-422.0,,-126.0,1.0,-30.0,417.0,-378.0,,-99.0
-340.0,-479.0,,-175.0,6.0,-75.0,410.0,-181.0,,-136.0
-430.0,-517.0,,-224.0,80.0,-27.0,408.0,-291.0,,-178.0
-482.0,-534.0,,-224.0,100.0,240.0,412.0,-151.0,,-223.0
-444.0,-394.0,,-178.0,80.0,436.0,419.0,-352.0,,-261.0
-497.0,-272.0,,-189.0,123.0,427.0,436.0,-188.0,,-291.0
-572.0,-317.0,,-216.0,103.0,281.0,442.0,22.0,,-313.0
-576.0,-231.0,,-319.0,70.0,450.0,425.0,194.0,,-320.0
-570.0,-27.0,,-361.0,70.0,770.0,396.0,473.0,,-317.0
-597.0,74.0,,-322.0,-1.0,964.0,397.0,404.0,,-299.0
-620.0,-1.0,,-305.0,-30.0,897.0,395.0,569.0,,-279.0
-628.0,121.0,,-314.0,-35.0,779.0,370.0,389.0,,-264.0
-631.0,381.0,,-266.0,-92.0,889.0,351.0,267.0,,-242.0
-640.0,471.0,,-290.0,-66.0,1074.0,372.0,66.0,,-223.0
-655.0,321.0,,-428.0,-51.0,1022.0,417.0,-230.0,,-209.0
-707.0,109.0,,-409.0,-89.0,703.0,433.0,-70.0,,-187.0
-672.0,212.0,,-337.0,-72.0,714.0,432.0,-96.0,,-167.0
-647.0,204.0,,-267.0,-111.0,916.0,425.0,212.0,,-159.0
-683.0,-24.0,,-307.0,-163.0,1142.0,435.0,284.0,,-139.0
-650.0,-195.0,,-375.0,-125.0,1389.0,430.0,109.0,,-107.0
-641.0,-252.0,,-299.0,-119.0,1550.0,384.0,-127.0,,-54.0
-627.0,-209.0,,-229.0,-75.0,1692.0,331.0,-535.0,,11.0
-628.0,-292.0,,-156.0,7.0,1667.0,275.0,-474.0,,85.0
-535.0,-280.0,,-125.0,-8.0,1673.0,260.0,-445.0,,189.0
-561.0,-201.0,,-186.0,1.0,1722.0,246.0,-94.0,,295.0
-615.0,-33.0,,-177.0,10.0,2042.0,214.0,96.0,,403.0
-522.0,79.0,,-112.0,-43.0,2384.0,197.0,157.0,,522.0
-536.0,20.0,,-130.0,-24.0,2436.0,155.0,327.0,,646.0
-569.0,184.0,,-78.0,-7.0,2239.0,128.0,48.0,,771.0
-573.0,242.0,,-121.0,-1.0,1951.0,107.0,68.0,,889.0
-426.0,226.0,,-130.0,79.0,2013.0,85.0,-96.0,,973.0
-440.0,268.0,,-31.0,107.0,1970.0,81.0,9.0,,1023.0
-478.0,329.0,,-81.0,120.0,1825.0,65.0,382.0,,1035.0
-418.0,421.0,,15.0,155.0,1645.0,54.0,604.0,,1006.0
-417.0,271.0,,2.0,102.0,1632.0,47.0,984.0,,959.0
-374.0,185.0,,-103.0,83.0,1893.0,28.0,925.0,,879.0
-410.0,245.0,,-126.0,99.0,2054.0,3.0,1008.0,,778.0
-331.0,261.0,,-169.0,73.0,2074.0,-15.0,886.0,,668.0
-325.0,162.0,,-129.0,106.0,2089.0,-21.0,890.0,,552.0
-294.0,19.0,,-162.0,93.0,2507.0,-17.0,1193.0,,456.0
-277.0,0.0,,-214.0,30.0,2710.0,-16.0,1226.0,,366.0
-306.0,-114.0,,-186.0,28.0,2580.0,-35.0,1570.0,,281.0
-214.0,-141.0,,-239.0,-39.0,2605.0,-70.0,1572.0,,209.0
-227.0,-81.0,,-298.0,-117.0,2700.0,-134.0,1533.0,,134.0
-214.0,-53.0,,-339.0,-131.0,2639.0,-174.0,1311.0,,57.0
-210.0,-35.0,,-366.0,-189.0,2416.0,-163.0,1012.0,,1.0
-162.0,-185.0,,-283.0,-219.0,2224.0,-165.0,1040.0,,-50.0
-212.0,-155.0,,-359.0,-225.0,1986.0,-163.0,777.0,,-97.0
-266.0,-142.0,,-435.0,-266.0,2063.0,-144.0,868.0,,-118.0
-208.0,-215.0,,-435.0,-236.0,2243.0,-118.0,812.0,,-131.0
-233.0,-19.0,,-485.0,-200.0,2376.0,-104.0,816.0,,-115.0
-286.0,159.0,,-464.0,-201.0,2423.0,-104.0,1003.0,,-82.0
-364.0,174.0,,-453.0,-132.0,2358.0,-98.0,988.0,,-38.0
-307.0,182.0,,-372.0,-100.0,2527.0,-98.0,1143.0,,28.0
-348.0,276.0,,-355.0,-127.0,2541.0,-82.0,992.0,,104.0
-437.0,300.0,,-387.0,-126.0,2474.0,-86.0,1145.0,,178.0
-419.0,281.0,,-354.0,-163.0,2249.0,-106.0,1156.0,,237.0
-440.0,183.0,,-269.0,-169.0,1991.0,-123.0,934.0,,296.0
-476.0,59.0,,-213.0,-145.0,1965.0,-148.0,844.0,,335.0
-525.0,66.0,,-298.0,-181.0,1945.0,-150.0,473.0,,359.0
-499.0,-60.0,,-277.0,-162.0,1922.0,-154.0,487.0,,374.0
-547.0,-217.0,,-269.0,-127.0,1860.0,-144.0,421.0,,365.0
-569.0,-286.0,,-238.0,-128.0,2045.0,-141.0,469.0,,351.0
-566.0,-240.0,,-145.0,-67.0,2143.0,-154.0,569.0,,320.0
-596.0,-127.0,,-154.0,-27.0,1976.0,-162.0,593.0,,291.0
-598.0,-207.0,,-182.0,17.0,1955.0,-175.0,846.0,,251.0
-633.0,-209.0,,-226.0,102.0,2126.0,-157.0,735.0,,190.0
-648.0,-63.0,,-242.0,114.0,2352.0,-113.0,933.0,,125.0
-725.0,2.0,,-241.0,128.0,2456.0,-69.0,1040.0,,53.0
-707.0,-69.0,,-174.0,153.0,2332.0,-56.0,1077.0,,-28.0
-706.0,-99.0,,-147.0,116.0,2024.0,-66.0,1140.0,,-123.0
-745.0,137.0,,-141.0,109.0,2015.0,-109.0,885.0,,-209.0
-717.0,279.0,,-103.0,108.0,1911.0,-151.0,957.0,,-291.0
-722.0,159.0,,-70.0,84.0,1375.0,-163.0,807.0,,-360.0
-710.0,128.0,,-38.0,105.0,819.0,-177.0,805.0,,-404.0
-679.0,311.0,,-10.0,80.0,254.0,-156.0,750.0,,-446.0
-562.0,306.0,,-17.0,31.0,-52.0,-130.0,661.0,,-459.0
-547.0,118.0,,-33.0,13.0,-75.0,-87.0,794.0,,-469.0
-542.0,46.0,,87.0,-52.0,138.0,-35.0,641.0,,-496.0
-419.0,76.0,,98.0,-82.0,470.0,-10.0,696.0,,-506.0
-340.0,204.0,,82.0,-82.0,740.0,7.0,493.0,,-521.0
-329.0,186.0,,111.0,-108.0,1031.0,-1.0,515.0,,-535.0
-294.0,143.0,,76.0,-83.0,1093.0,5.0,659.0,,-538.0
-178.0,181.0,,21.0,-72.0,963.0,30.0,696.0,,-524.0
-136.0,161.0,,-8.0,-86.0,770.0,59.0,1032.0,,-491.0
-111.0,74.0,,67.0,-55.0,704.0,80.0,1080.0,,-455.0
-30.0,-118.0,,46.0,-55.0,765.0,83.0,1363.0,,-401.0
-14.0,-165.0,,7.0,-50.0,631.0,73.0,1465.0,,-313.0
-39.0,-88.0,,-22.0,-11.0,477.0,64.0,1526.0,,-200.0
-18.0,-88.0,,-2.0,-18.0,519.0,78.0,1725.0,,-85.0
-7.0,-139.0,,153.0,11.0,559.0,62.0,1601.0,,46.0
-9.0,-134.0,,124.0,52.0,325.0,52.0,1690.0,,185.0
-16.0,59.0,,-71.0,43.0,-14.0,47.0,1552.0,,300.0
7.0,159.0,,-12.0,75.0,-268.0,25.0,1609.0,,400.0
1.0,99.0,,165.0,80.0,-386.0,28.0,1685.0,,481.0
5.0,265.0,,13.0,79.0,-638.0,50.0,1557.0,,541.0
25.0,427.0,,2.0,149.0,-1209.0,90.0,1740.0,,589.0
-24.0,409.0,,134.0,186.0,-1560.0,129.0,1601.0,,605.0
3.0,328.0,,-28.0,221.0,-1611.0,155.0,1662.0,,600.0
15.0,295.0,,-44.0,274.0,-1652.0,136.0,1528.0,,573.0
0.0,309.0,,79.0,258.0,-1740.0,105.0,1241.0,,514.0
-6.0,230.0,,34.0,240.0,-1693.0,74.0,1261.0,,438.0
16.0,158.0,,85.0,197.0,-1460.0,29.0,968.0,,348.0
43.0,87.0,,222.0,96.0,-1282.0,3.0,938.0,,268.0
6.0,5.0,,197.0,62.0,-1272.0,-20.0,805.0,,195.0
44.0,-56.0,,193.0,19.0,-1503.0,-38.0,796.0,,132.0
95.0,-28.0,,229.0,-32.0,-1599.0,-60.0,861.0,,85.0
66.0,-95.0,,242.0,-18.0,-1523.0,-88.0,766.0,,57.0
83.0,-238.0,,258.0,-64.0,-1537.0,-112.0,879.0,,52.0
94.0,-193.0,,258.0,-104.0,-1619.0,-135.0,746.0,,59.0
83.0,-124.0,,252.0,-102.0,-1903.0,-152.0,1005.0,,82.0
74.0,-219.0,,213.0,-162.0,-1978.0,-165.0,1140.0,,109.0
67.0,-269.0,,209.0,-181.0,-2082.0,-169.0,1165.0,,161.0
134.0,-118.0,,180.0,-189.0,-2525.0,-178.0,1173.0,,220.0
43.0,-118.0,,131.0,-238.0,-2823.0,-218.0,838.0,,283.0
88.0,-241.0,,125.0,-209.0,-2940.0,-261.0,864.0,,367.0
97.0,-240.0,,110.0,-200.0,-2772.0,-263.0,752.0,,439.0
70.0,-108.0,,115.0,-221.0,-2593.0,-243.0,958.0,,516.0
103.0,-31.0,,121.0,-180.0,-2399.0,-215.0,1243.0,,579.0
58.0,-78.0,,13.0,-199.0,-2135.0,-207.0,1406.0,,631.0
123.0,-118.0,,19.0,-223.0,-1970.0,-253.0,1631.0,,667.0
20.0,-124.0,,79.0,-208.0,-1807.0,-304.0,1426.0,,689.0
115.0,-65.0,,18.0,-243.0,-1995.0,-327.0,1431.0,,712.0
57.0,-45.0,,57.0,-200.0,-2287.0,-338.0,1263.0,,703.0
54.0,-80.0,,89.0,-97.0,-2563.0,-353.0,1335.0,,688.0
116.0,-161.0,,84.0,-27.0,-2777.0,-361.0,1585.0,,653.0
58.0,-115.0,,62.0,82.0,-2827.0,-373.0,1649.0,,594.0
142.0,-35.0,,78.0,136.0,-3040.0,-376.0,1866.0,,521.0
47.0,-7.0,,62.0,143.0,-3268.0,-347.0,1672.0,,426.0
159.0,123.0,,44.0,199.0,-3433.0,-318.0,1755.0,,329.0
74.0,215.0,,93.0,198.0,-3386.0,-302.0,1770.0,,221.0
96.0,212.0,,27.0,209.0,-3391.0,-296.0,1856.0,,101.0
124.0,16.0,,58.0,258.0,-3513.0,-291.0,2060.0,,-21.0
110.0,-153.0,,25.0,232.0,-3357.0,-303.0,1818.0,,-142.0
201.0,-100.0,,-65.0,249.0,-3193.0,-327.0,1886.0,,-268.0
138.0,-81.0,,26.0,278.0,-3228.0,-331.0,1600.0,,-390.0
221.0,-241.0,,52.0,226.0,-3315.0,-332.0,1406.0,,-492.0
125.0,-255.0,,0.0,216.0,-3126.0,-345.0,1298.0,,-574.0
206.0,-131.0,,53.0,180.0,-2853.0,-349.0,1134.0,,-641.0
194.0,-94.0,,145.0,115.0,-2618.0,-350.0,1263.0,,-698.0
166.0,1.0,,113.0,129.0,-2242.0,-350.0,1084.0,,-737.0
184.0,-64.0,,69.0,105.0,-2073.0,-335.0,1230.0,,-761.0
155.0,-71.0,,109.0,77.0,-2199.0,-300.0,1152.0,,-774.0
222.0,36.0,,64.0,90.0,-2261.0,-282.0,1184.0,,-774.0
113.0,-126.0,,51.0,15.0,-2054.0,-260.0,1256.0,,-769.0
183.0,-279.0,,179.0,-43.0,-1850.0,-238.0,897.0,,-756.0
171.0,-250.0,,145.0,-74.0,-1980.0,-233.0,785.0,,-743.0
128.0,-168.0,,66.0,-167.0,-2142.0,-216.0,502.0,,-735.0
123.0,-181.0,,71.0,-200.0,-2088.0,-211.0,615.0,,-722.0
111.0,-158.0,,40.0,-237.0,-2111.0,-197.0,655.0,,-709.0
117.0,-43.0,,79.0,-283.0,-2174.0,-183.0,872.0,,-684.0
78.0,35.0,,59.0,-205.0,-2017.0,-180.0,1245.0,,-634.0
150.0,37.0,,30.0,-147.0,-1560.0,-157.0,1206.0,,-575.0
149.0,-49.0,,72.0,-89.0,-1087.0,-125.0,1334.0,,-499.0
113.0,-17.0,,60.0,34.0,-913.0,-85.0,988.0,,-410.0
122.0,64.0,,83.0,76.0,-922.0,-76.0,897.0,,-312.0
138.0,96.0,,77.0,125.0,-989.0,-67.0,855.0,,-205.0
135.0,112.0,,79.0,172.0,-970.0,-81.0,729.0,,-109.0
122.0,167.0,,94.0,123.0,-974.0,-93.0,824.0,,-24.0
143.0,148.0,,126.0,136.0,-920.0,-84.0,611.0,,54.0
158.0,31.0,,202.0,147.0,-772.0,-90.0,622.0,,128.0
170.0,-38.0,,149.0,98.0,-639.0,-78.0,373.0,,190.0
226.0,-154.0,,110.0,111.0,-369.0,-82.0,171.0,,247.0
209.0,-91.0,,201.0,78.0,-333.0,-79.0,282.0,,306.0
221.0,-136.0,,240.0,32.0,-208.0,-67.0,312.0,,350.0
290.0,-318.0,,164.0,61.0,331.0,-68.0,484.0,,374.0
298.0,-352.0,,173.0,21.0,781.0,-57.0,301.0,,374.0
300.0,-442.0,,194.0,16.0,871.0,-50.0,186.0,,350.0
317.0,-504.0,,127.0,71.0,642.0,-47.0,240.0,,314.0
358.0,-544.0,,142.0,49.0,547.0,-42.0,251.0,,275.0
343.0,-471.0,,217.0,84.0,484.0,-52.0,641.0,,239.0
368.0,-375.0,,235.0,96.0,223.0,-75.0,794.0,,209.0
411.0,-226.0,,193.0,1.0,0.0,-77.0,992.0,,183.0
391.0,-54.0,,187.0,-33.0,-110.0,-79.0,1029.0,,164.0
376.0,33.0,,222.0,-102.0,-209.0,-78.0,827.0,,152.0
409.0,65.0,,210.0,-205.0,-586.0,-81.0,873.0,,145.0
427.0,30.0,,197.0,-212.0,-1001.0,-100.0,812.0,,121.0
364.0,149.0,,176.0,-240.0,-987.0,-104.0,1103.0,,87.0
357.0,178.0,,150.0,-227.0,-981.0,-110.0,1171.0,,51.0
395.0,55.0,,140.0,-159.0,-1094.0,-129.0,1215.0,,3.0
362.0,-7.0,,89.0,-174.0,-1093.0,-156.0,1219.0,,-54.0
321.0,12.0,,80.0,-127.0,-1024.0,-177.0,933.0,,-110.0
319.0,-15.0,,51.0,-64.0,-588.0,-181.0,837.0,,-139.0
286.0,-137.0,,10.0,-110.0,-22.0,-186.0,545.0,,-157.0
238.0,-168.0,,-14.0,-103.0,416.0,-200.0,580.0,,-158.0
222.0,2.0,,-48.0,-105.0,632.0,-222.0,517.0,,-134.0
223.0,173.0,,-48.0,-130.0,646.0,-233.0,485.0,,-100.0
229.0,124.0,,-108.0,-70.0,678.0,-233.0,473.0,,-52.0
248.0,101.0,,-124.0,-56.0,692.0,-216.0,181.0,,4.0
239.0,143.0,,-69.0,-41.0,731.0,-181.0,127.0,,57.0
223.0,114.0,,-122.0,42.0,549.0,-162.0,-96.0,,113.0
228.0,-66.0,,-204.0,54.0,346.0,-166.0,-25.0,,149.0
264.0,-188.0,,-216.0,61.0,413.0,-193.0,-3.0,,147.0
277.0,-111.0,,-267.0,99.0,467.0,-199.0,77.0,,136.0
242.0,-65.0,,-299.0,73.0,438.0,-196.0,258.0,,97.0
272.0,-143.0,,-271.0,97.0,431.0,-193.0,114.0,,22.0
254.0,-227.0,,-205.0,137.0,522.0,-184.0,223.0,,-67.0
232.0,-77.0,,-175.0,125.0,708.0,-199.0,136.0,,-172.0
250.0,49.0,,-214.0,164.0,772.0,-220.0,192.0,,-286.0
272.0,53.0,,-189.0,153.0,799.0,-246.0,116.0,,-398.0
231.0,71.0,,-106.0,90.0,790.0,-250.0,-121.0,,-497.0
186.0,181.0,,-86.0,79.0,621.0,-239.0,-138.0,,-576.0
213.0,304.0,,-84.0,25.0,649.0,-223.0,-334.0,,-636.0
194.0,187.0,,-49.0,-19.0,740.0,-211.0,-254.0,,-681.0
199.0,82.0,,-44.0,10.0,767.0,-221.0,-288.0,,-705.0
224.0,92.0,,-22.0,2.0,815.0,-241.0,-7.0,,-714.0
239.0,88.0,,17.0,24.0,882.0,-281.0,384.0,,-705.0
192.0,-10.0,,89.0,84.0,1149.0,-305.0,504.0,,-669.0
189.0,-61.0,,104.0,67.0,1279.0,-331.0,757.0,,-621.0
198.0,-30.0,,50.0,79.0,1369.0,-349.0,642.0,,-561.0
157.0,9.0,,77.0,90.0,1854.0,-348.0,727.0,,-494.0
156.0,45.0,,112.0,33.0,2251.0,-331.0,594.0,,-411.0
136.0,-42.0,,145.0,33.0,2260.0,-317.0,508.0,,-318.0
89.0,7.0,,185.0,33.0,2003.0,-326.0,576.0,,-220.0
47.0,103.0,,165.0,-7.0,1731.0,-317.0,330.0,,-128.0
45.0,181.0,,149.0,-2.0,1562.0,-305.0,421.0,,-64.0
-12.0,264.0,,173.0,-29.0,1120.0,-286.0,142.0,,1.0
-42.0,228.0,,200.0,-76.0,395.0,-263.0,70.0,,43.0
-24.0,196.0,,177.0,-81.0,-269.0,-243.0,129.0,,70.0
-23.0,89.0,,119.0,-114.0,-505.0,-233.0,131.0,,93.0
-76.0,-15.0,,90.0,-86.0,-417.0,-248.0,301.0,,102.0
-129.0,-97.0,,83.0,16.0,-211.0,-259.0,-94.0,,111.0
-104.0,-184.0,,62.0,28.0,127.0,-259.0,-164.0,,92.0
-137.0,-278.0,,31.0,12.0,587.0,-255.0,-388.0,,58.0
-171.0,-348.0,,121.0,26.0,1233.0,-240.0,-397.0,,11.0
-172.0,-365.0,,159.0,10.0,1830.0,-233.0,-66.0,,-52.0
-168.0,-473.0,,96.0,29.0,2329.0,-245.0,-140.0,,-114.0
-169.0,-502.0,,112.0,51.0,2679.0,-233.0,-5.0,,-190.0
-151.0,-410.0,,117.0,24.0,3011.0,-209.0,-310.0,,-277.0
-126.0,-342.0,,128.0,46.0,3272.0,-172.0,-400.0,,-364.0
-151.0,-331.0,,107.0,58.0,3013.0,-129.0,-460.0,,-444.0
-121.0,-312.0,,62.0,40.0,2562.0,-98.0,-667.0,,-522.0
-52.0,-152.0,,58.0,72.0,2088.0,-94.0,-611.0,,-584.0
-72.0,-61.0,,24.0,54.0,1734.0,-113.0,-964.0,,-632.0
-63.0,-103.0,,-38.0,-6.0,1606.0,-112.0,-938.0,,-679.0
-9.0,-65.0,,-57.0,-15.0,1313.0,-126.0,-962.0,,-697.0
20.0,26.0,,-8.0,-46.0,1008.0,-129.0,-962.0,,-690.0
47.0,22.0,,9.0,-65.0,1001.0,-107.0,-825.0,,-666.0
40.0,-41.0,,-51.0,-36.0,1141.0,-111.0,-859.0,,-626.0
65.0,-48.0,,-103.0,-47.0,1267.0,-119.0,-509.0,,-581.0
63.0,-55.0,,-149.0,-33.0,1259.0,-109.0,-476.0,,-519.0
92.0,-122.0,,-154.0,3.0,1009.0,-87.0,-419.0,,-445.0
73.0,-299.0,,-97.0,3.0,832.0,-56.0,-517.0,,-372.0
26.0,-420.0,,-131.0,57.0,767.0,-25.0,-720.0,,-288.0
74.0,-366.0,,-169.0,91.0,698.0,-7.0,-620.0,,-204.0
97.0,-356.0,,-179.0,37.0,537.0,-5.0,-713.0,,-142.0
86.0,-412.0,,-218.0,5.0,384.0,-18.0,-650.0,,-76.0
50.0,-412.0,,-198.0,-47.0,707.0,-37.0,-868.0,,-15.0
97.0,-318.0,,-172.0,-99.0,1069.0,-52.0,-1173.0,,34.0
61.0,-229.0,,-157.0,-63.0,1073.0,-59.0,-1419.0,,77.0
12.0,-227.0,,-138.0,-67.0,1009.0,-54.0,-1476.0,,101.0
29.0,-227.0,,-139.0,-100.0,1059.0,-21.0,-1219.0,,125.0
57.0,-165.0,,-114.0,-87.0,1143.0,-1.0,-1208.0,,132.0
58.0,-90.0,,-82.0,-111.0,967.0,-12.0,-1038.0,,115.0
33.0,-88.0,,-108.0,-108.0,429.0,-5.0,-1071.0,,90.0
83.0,-109.0,,-160.0,-44.0,5.0,12.0,-1051.0,,40.0
22.0,-75.0,,-171.0,-32.0,-8.0,14.0,-960.0,,-33.0
43.0,-33.0,,-141.0,-5.0,31.0,6.0,-907.0,,-114.0
66.0,6.0,,-125.0,32.0,73.0,0.0,-611.0,,-217.0
91.0,-6.0,,-145.0,9.0,47.0,3.0,-580.0,,-335.0
94.0,-6.0,,-203.0,27.0,-33.0,31.0,-351.0,,-463.0
53.0,117.0,,-225.0,47.0,31.0,45.0,-375.0,,-591.0
133.0,68.0,,-229.0,33.0,27.0,39.0,-415.0,,-700.0
97.0,-11.0,,-302.0,73.0,67.0,41.0,-363.0,,-802.0
141.0,78.0,,-332.0,76.0,168.0,45.0,-604.0,,-879.0
144.0,39.0,,-366.0,25.0,91.0,65.0,-443.0,,-946.0
135.0,33.0,,-455.0,9.0,209.0,70.0,-454.0,,-1008.0
149.0,60.0,,-439.0,-40.0,375.0,42.0,-238.0,,-1051.0
128.0,31.0,,-446.0,-68.0,382.0,9.0,-225.0,,-1081.0
128.0,-12.0,,-463.0,-19.0,788.0,-17.0,-524.0,,-1078.0
92.0,-12.0,,-397.0,-19.0,1423.0,-40.0,-500.0,,-1041.0
149.0,84.0,,-457.0,-8.0,1615.0,-31.0,-870.0,,-977.0
108.0,62.0,,-481.0,25.0,1298.0,-14.0,-831.0,,-895.0
102.0,78.0,,-477.0,-15.0,1093.0,-6.0,-916.0,,-801.0
145.0,155.0,,-494.0,-17.0,1225.0,28.0,-944.0,,-698.0
165.0,230.0,,-471.0,-8.0,1073.0,24.0,-644.0,,-604.0
126.0,265.0,,-522.0,-64.0,769.0,5.0,-781.0,,-512.0
101.0,314.0,,-534.0,-65.0,879.0,-3.0,-726.0,,-426.0
199.0,460.0,,-619.0,-65.0,1065.0,6.0,-1167.0,,-357.0
181.0,473.0,,-622.0,-87.0,924.0,57.0,-1481.0,,-297.0
152.0,430.0,,-613.0,-36.0,665.0,70.0,-1598.0,,-251.0
165.0,305.0,,-678.0,-2.0,767.0,67.0,-1696.0,,-217.0
233.0,171.0,,-618.0,8.0,886.0,71.0,-1280.0,,-185.0
262.0,41.0,,-666.0,57.0,976.0,84.0,-1273.0,,-168.0
246.0,-110.0,,-691.0,54.0,1357.0,119.0,-1125.0,,-134.0
247.0,-154.0,,-655.0,45.0,1502.0,138.0,-1302.0,,-82.0
277.0,-170.0,,-652.0,52.0,1536.0,133.0,-1568.0,,-36.0
331.0,-123.0,,-596.0,-19.0,1498.0,126.0,-1498.0,,23.0
334.0,-139.0,,-563.0,-55.0,1454.0,139.0,-1649.0,,89.0
335.0,-116.0,,-591.0,-23.0,1448.0,157.0,-1443.0,,148.0
326.0,-30.0,,-609.0,-26.0,999.0,158.0,-1457.0,,192.0
350.0,62.0,,-590.0,-1.0,274.0,167.0,-1202.0,,213.0
341.0,111.0,,-557.0,15.0,-180.0,190.0,-827.0,,225.0
302.0,0.0,,-535.0,-34.0,-239.0,222.0,-742.0,,234.0
293.0,75.0,,-546.0,-40.0,-393.0,260.0,-539.0,,237.0
278.0,197.0,,-505.0,-36.0,-435.0,273.0,-733.0,,226.0
205.0,261.0,,-521.0,-54.0,-274.0,264.0,-742.0,,210.0
156.0,343.0,,-505.0,-24.0,-87.0,247.0,-927.0,,189.0
122.0,404.0,,-401.0,-20.0,-39.0,245.0,-1040.0,,161.0
21.0,535.0,,-390.0,-25.0,-294.0,268.0,-875.0,,140.0
-8.0,590.0,,-392.0,29.0,-446.0,272.0,-868.0,,125.0
-21.0,441.0,,-408.0,52.0,-709.0,274.0,-639.0,,105.0
-73.0,396.0,,-387.0,87.0,-951.0,280.0,-764.0,,85.0
-158.0,558.0,,-375.0,150.0,-1124.0,277.0,-727.0,,59.0
-157.0,434.0,,-360.0,122.0,-1419.0,283.0,-698.0,,34.0
-171.0,251.0,,-312.0,88.0,-1679.0,298.0,-800.0,,5.0
-253.0,249.0,,-308.0,79.0,-1877.0,329.0,-801.0,,-32.0
-245.0,257.0,,-275.0,49.0,-2004.0,353.0,-1053.0,,-59.0
-261.0,188.0,,-319.0,87.0,-2338.0,367.0,-1043.0,,-71.0
-280.0,-48.0,,-385.0,137.0,-2477.0,355.0,-1225.0,,-75.0
-330.0,-139.0,,-375.0,134.0,-2095.0,312.0,-1221.0,,-70.0
-324.0,12.0,,-384.0,151.0,-1500.0,297.0,-1195.0,,-43.0
-300.0,53.0,,-390.0,121.0,-1169.0,297.0,-1223.0,,-11.0
-318.0,33.0,,-342.0,60.0,-1355.0,320.0,-1056.0,,17.0
-307.0,189.0,,-317.0,70.0,-1482.0,338.0,-1339.0,,58.0
-315.0,240.0,,-363.0,47.0,-1240.0,328.0,-1395.0,,90.0
-278.0,208.0,,-387.0,16.0,-1055.0,322.0,-1587.0,,124.0
-262.0,200.0,,-380.0,45.0,-1337.0,317.0,-1670.0,,157.0
-222.0,212.0,,-354.0,36.0,-1750.0,321.0,-1576.0,,181.0
-206.0,288.0,,-318.0,41.0,-1859.0,347.0,-1662.0,,212.0
-208.0,397.0,,-307.0,64.0,-1966.0,396.0,-1454.0,,248.0
-174.0,391.0,,-262.0,36.0,-2164.0,423.0,-1498.0,,276.0
-156.0,295.0,,-270.0,64.0,-2226.0,416.0,-1363.0,,284.0
-149.0,400.0,,-356.0,136.0,-2137.0,400.0,-1310.0,,286.0
-165.0,398.0,,-298.0,175.0,-1805.0,384.0,-1225.0,,269.0
-149.0,343.0,,-207.0,241.0,-1500.0,381.0,-981.0,,239.0
-171.0,317.0,,-235.0,267.0,-1446.0,384.0,-1101.0,,210.0
-129.0,270.0,,-262.0,218.0,-1349.0,394.0,-958.0,,169.0
-100.0,204.0,,-229.0,192.0,-1238.0,384.0,-1056.0,,109.0
-98.0,31.0,,-188.0,136.0,-1118.0,378.0,-1032.0,,23.0
-75.0,33.0,,-147.0,57.0,-1055.0,394.0,-1067.0,,-56.0
-72.0,69.0,,-88.0,30.0,-1101.0,403.0,-1285.0,,-132.0
-29.0,133.0,,-55.0,-13.0,-975.0,400.0,-1158.0,,-202.0
-37.0,194.0,,-83.0,-33.0,-889.0,396.0,-1261.0,,-240.0
23.0,182.0,,-40.0,-15.0,-967.0,420.0,-1073.0,,-273.0
50.0,242.0,,-2.0,-56.0,-1061.0,445.0,-1141.0,,-288.0
57.0,256.0,,7.0,-90.0,-1031.0,469.0,-1289.0,,-283.0
127.0,230.0,,115.0,-111.0,-979.0,451.0,-1273.0,,-269.0
145.0,259.0,,121.0,-175.0,-1143.0,419.0,-1417.0,,-237.0
191.0,259.0,,72.0,-213.0,-1317.0,414.0,-1138.0,,-206.0
194.0,146.0,,75.0,-251.0,-1439.0,407.0,-1134.0,,-178.0
234.0,161.0,,104.0,-304.0,-1312.0,425.0,-888.0,,-160.0
276.0,148.0,,86.0,-310.0,-1060.0,402.0,-679.0,,-153.0
266.0,-7.0,,68.0,-338.0,-920.0,387.0,-589.0,,-151.0
273.0,-25.0,,90.0,-367.0,-904.0,389.0,-140.0,,-153.0
236.0,14.0,,-10.0,-290.0,-1145.0,384.0,-112.0,,-157.0
285.0,22.0,,-55.0,-209.0,-1316.0,389.0,175.0,,-160.0
337.0,-1.0,,-72.0,-160.0,-1307.0,373.0,194.0,,-157.0
339.0,-37.0,,-138.0,-92.0,-1242.0,377.0,164.0,,-160.0
314.0,-52.0,,-100.0,-55.0,-1327.0,373.0,301.0,,-166.0
322.0,-11.0,,-49.0,8.0,-1348.0,380.0,190.0,,-160.0
365.0,-76.0,,-55.0,89.0,-1145.0,361.0,406.0,,-149.0
281.0,-193.0,,-28.0,110.0,-1079.0,318.0,260.0,,-127.0
238.0,-86.0,,33.0,156.0,-1248.0,299.0,327.0,,-86.0
207.0,83.0,,53.0,205.0,-1671.0,282.0,336.0,,-44.0
198.0,98.0,,54.0,184.0,-2011.0,273.0,205.0,,-10.0
146.0,15.0,,109.0,162.0,-2394.0,255.0,330.0,,24.0
68.0,23.0,,131.0,132.0,-2956.0,245.0,162.0,,60.0
68.0,8.0,,74.0,80.0,-3229.0,228.0,330.0,,97.0
36.0,-95.0,,69.0,78.0,-3084.0,202.0,186.0,,134.0
23.0,-204.0,,110.0,64.0,-2762.0,222.0,49.0,,157.0
-55.0,-191.0,,107.0,28.0,-2560.0,227.0,31.0,,166.0
-105.0,-127.0,,104.0,1.0,-2378.0,226.0,-155.0,,168.0
-145.0,-199.0,,91.0,-85.0,-2222.0,221.0,-7.0,,153.0
-181.0,-270.0,,43.0,-141.0,-2092.0,193.0,-177.0,,128.0
-210.0,-224.0,,19.0,-137.0,-1854.0,184.0,-138.0,,92.0
-289.0,-62.0,,71.0,-155.0,-1760.0,157.0,-195.0,,45.0
-307.0,-6.0,,135.0,-134.0,-1867.0,160.0,-234.0,,-21.0
-340.0,-15.0,,155.0,-94.0,-1902.0,156.0,-64.0,,-99.0
-367.0,17.0,,137.0,-89.0,-1864.0,138.0,-153.0,,-185.0
-414.0,210.0,,134.0,-59.0,-1969.0,146.0,188.0,,-295.0
-482.0,350.0,,210.0,-49.0,-2207.0,143.0,181.0,,-412.0
-509.0,270.0,,190.0,-85.0,-2461.0,163.0,173.0,,-539.0
-545.0,287.0,,115.0,-67.0,-2525.0,172.0,169.0,,-654.0
-543.0,246.0,,134.0,-56.0,-2242.0,193.0,38.0,,-759.0
-553.0,156.0,,155.0,-78.0,-2073.0,207.0,382.0,,-845.0
-592.0,12.0,,91.0,-45.0,-2168.0,185.0,448.0,,-898.0
-550.0,-34.0,,9.0,-32.0,-2080.0,185.0,787.0,,-920.0
-575.0,33.0,,5.0,-12.0,-1822.0,201.0,921.0,,-917.0
-614.0,120.0,,-19.0,44.0,-1356.0,221.0,1091.0,,-894.0
-626.0,299.0,,-117.0,41.0,-1035.0,243.0,1461.0,,-852.0
-616.0,279.0,,-114.0,62.0,-1160.0,264.0,1369.0,,-800.0
-585.0,265.0,,-93.0,118.0,-1318.0,270.0,1544.0,,-724.0
-620.0,277.0,,-159.0,125.0,-1512.0,280.0,1282.0,,-641.0
-580.0,174.0,,-138.0,160.0,-1697.0,294.0,1195.0,,-560.0
-563.0,55.0,,-116.0,182.0,-1978.0,311.0,1184.0,,-471.0
-510.0,21.0,,-58.0,134.0,-2170.0,341.0,1101.0,,-395.0
-464.0,91.0,,64.0,99.0,-1873.0,376.0,1492.0,,-324.0
-412.0,56.0,,144.0,58.0,-1324.0,396.0,1409.0,,-254.0
-353.0,-52.0,,189.0,20.0,-882.0,394.0,1507.0,,-184.0
-349.0,-139.0,,183.0,23.0,-749.0,401.0,1383.0,,-127.0
-294.0,-93.0,,239.0,-16.0,-680.0,396.0,1337.0,,-75.0
-260.0,-29.0,,326.0,-62.0,-683.0,399.0,1474.0,,-24.0
-195.0,-59.0,,443.0,-64.0,-881.0,420.0,1234.0,,14.0
-175.0,17.0,,478.0,-95.0,-1024.0,418.0,1359.0,,44.0
-129.0,108.0,,434.0,-90.0,-1068.0,414.0,1099.0,,63.0
-101.0,166.0,,538.0,-38.0,-1051.0,412.0,1069.0,,78.0
-86.0,136.0,,557.0,-36.0,-1058.0,424.0,979.0,,76.0
-54.0,52.0,,547.0,-21.0,-1228.0,437.0,713.0,,69.0
-41.0,111.0,,620.0,20.0,-1287.0,431.0,905.0,,44.0
39.0,126.0,,615.0,32.0,-985.0,427.0,801.0,,0.0
48.0,115.0,,621.0,61.0,-571.0,448.0,944.0,,-46.0
25.0,109.0,,677.0,67.0,-191.0,479.0,746.0,,-115.0
34.0,204.0,,709.0,38.0,-101.0,487.0,639.0,,-180.0
96.0,266.0,,657.0,48.0,-257.0,483.0,726.0,,-252.0
133.0,150.0,,653.0,26.0,-413.0,476.0,602.0,,-334.0
148.0,137.0,,657.0,-8.0,-728.0,486.0,883.0,,-409.0
176.0,42.0,,659.0,10.0,-1101.0,492.0,777.0,,-478.0
181.0,-25.0,,721.0,-5.0,-1350.0,468.0,912.0,,-524.0
188.0,-67.0,,700.0,-26.0,-1294.0,469.0,905.0,,-571.0
189.0,-131.0,,652.0,-26.0,-1085.0,492.0,774.0,,-588.0
222.0,-98.0,,602.0,-71.0,-958.0,529.0,910.0,,-587.0
228.0,-95.0,,560.0,-91.0,-747.0,566.0,818.0,,-586.0
208.0,-26.0,,611.0,-84.0,-499.0,574.0,1110.0,,-578.0
174.0,45.0,,598.0,-100.0,-207.0,553.0,1023.0,,-581.0
181.0,84.0,,508.0,-51.0,225.0,526.0,1069.0,,-563.0
220.0,-53.0,,543.0,-2.0,603.0,517.0,1125.0,,-543.0
178.0,-151.0,,553.0,13.0,707.0,523.0,890.0,,-515.0
159.0,-43.0,,524.0,77.0,703.0,515.0,899.0,,-463.0
191.0,-101.0,,502.0,95.0,691.0,506.0,471.0,,-420.0
195.0,-113.0,,457.0,82.0,568.0,501.0,421.0,,-372.0
166.0,0.0,,439.0,96.0,153.0,475.0,273.0,,-335.0
140.0,124.0,,406.0,67.0,-497.0,447.0,49.0,,-314.0
150.0,156.0,,449.0,49.0,-945.0,429.0,31.0,,-307.0
139.0,122.0,,474.0,44.0,-1121.0,422.0,-286.0,,-321.0
111.0,269.0,,456.0,-29.0,-1187.0,423.0,-182.0,,-341.0
76.0,344.0,,483.0,-47.0,-1359.0,431.0,-223.0,,-376.0
58.0,200.0,,486.0,11.0,-1417.0,439.0,-22.0,,-426.0
32.0,-9.0,,471.0,27.0,-1195.0,428.0,266.0,,-477.0
9.0,-52.0,,442.0,61.0,-930.0,423.0,463.0,,-522.0
-16.0,-65.0,,450.0,69.0,-849.0,440.0,890.0,,-560.0
-78.0,-215.0,,413.0,8.0,-931.0,460.0,779.0,,-583.0
-117.0,-323.0,,385.0,-22.0,-795.0,472.0,960.0,,-606.0
-169.0,-367.0,,407.0,-92.0,-494.0,475.0,1060.0,,-628.0
-182.0,-259.0,,369.0,-153.0,-91.0,455.0,1047.0,,-641.0
-239.0,-310.0,,435.0,-128.0,171.0,420.0,1128.0,,-663.0
-266.0,-379.0,,452.0,-133.0,246.0,402.0,995.0,,-689.0
-249.0,-179.0,,446.0,-125.0,467.0,384.0,1169.0,,-725.0
-270.0,-21.0,,480.0,-89.0,855.0,374.0,1005.0,,-761.0
-295.0,72.0,,508.0,-91.0,965.0,370.0,964.0,,-791.0
-333.0,56.0,,525.0,-75.0,669.0,367.0,840.0,,-832.0
-307.0,101.0,,480.0,-81.0,667.0,366.0,667.0,,-848.0
-286.0,236.0,,524.0,-104.0,896.0,345.0,829.0,,-863.0
-264.0,194.0,,494.0,-32.0,1157.0,330.0,696.0,,-875.0
-293.0,36.0,,542.0,33.0,1552.0,353.0,801.0,,-868.0
-273.0,38.0,,563.0,39.0,1879.0,371.0,569.0,,-858.0
-200.0,89.0,,519.0,89.0,2072.0,365.0,365.0,,-831.0
-159.0,-53.0,,538.0,115.0,2193.0,333.0,351.0,,-803.0
-118.0,-159.0,,519.0,135.0,2130.0,291.0,142.0,,-755.0
-64.0,-161.0,,560.0,191.0,1889.0,260.0,212.0,,-697.0
17.0,-141.0,,572.0,174.0,1423.0,249.0,79.0,,-625.0
47.0,-147.0,,600.0,187.0,761.0,243.0,253.0,,-550.0
109.0,-151.0,,559.0,228.0,306.0,219.0,277.0,,-474.0
149.0,-41.0,,570.0,194.0,-80.0,220.0,145.0,,-377.0
178.0,59.0,,557.0,197.0,-396.0,218.0,147.0,,-307.0
190.0,84.0,,564.0,201.0,-463.0,193.0,-116.0,,-239.0
203.0,120.0,,668.0,164.0,-212.0,161.0,-16.0,,-175.0
263.0,240.0,,593.0,175.0,-33.0,107.0,-109.0,,-120.0
271.0,327.0,,648.0,148.0,-91.0,77.0,-12.0,,-55.0
289.0,263.0,,773.0,98.0,226.0,65.0,96.0,,-11.0
311.0,282.0,,839.0,110.0,707.0,47.0,33.0,,22.0
323.0,340.0,,909.0,67.0,1064.0,40.0,299.0,,50.0
311.0,312.0,,939.0,25.0,1171.0,46.0,323.0,,69.0
313.0,277.0,,993.0,41.0,1084.0,65.0,639.0,,74.0
323.0,151.0,,1032.0,1.0,1012.0,77.0,696.0,,85.0
316.0,67.0,,1025.0,-14.0,951.0,63.0,711.0,,94.0
319.0,-20.0,,1008.0,-11.0,874.0,38.0,776.0,,92.0
281.0,-139.0,,986.0,-62.0,536.0,5.0,596.0,,100.0
277.0,-131.0,,944.0,-66.0,269.0,-20.0,798.0,,88.0
282.0,-145.0,,999.0,-107.0,281.0,-37.0,602.0,,56.0
275.0,-230.0,,999.0,-200.0,367.0,-76.0,683.0,,14.0
278.0,-367.0,,899.0,-226.0,434.0,-119.0,783.0,,-29.0
245.0,-475.0,,930.0,-293.0,474.0,-162.0,814.0,,-77.0
271.0,-594.0,,925.0,-344.0,606.0,-172.0,1051.0,,-125.0
267.0,-776.0,,829.0,-294.0,832.0,-154.0,870.0,,-178.0
268.0,-865.0,,771.0,-266.0,1030.0,-135.0,1016.0,,-254.0
298.0,-814.0,,671.0,-193.0,977.0,-98.0,859.0,,-328.0
298.0,-689.0,,573.0,-104.0,930.0,-87.0,866.0,,-412.0
300.0,-684.0,,512.0,-112.0,1161.0,-79.0,1012.0,,-478.0
298.0,-646.0,,489.0,-77.0,1336.0,-76.0,995.0,,-518.0
328.0,-460.0,,480.0,-52.0,1104.0,-118.0,1232.0,,-548.0
339.0,-368.0,,401.0,-100.0,770.0,-160.0,966.0,,-540.0
386.0,-349.0,,387.0,-63.0,654.0,-201.0,962.0,,-508.0
398.0,-314.0,,365.0,-16.0,590.0,-227.0,746.0,,-447.0
413.0,-196.0,,334.0,11.0,541.0,-233.0,500.0,,-364.0
420.0,-109.0,,388.0,96.0,500.0,-239.0,432.0,,-271.0
387.0,-152.0,,408.0,114.0,811.0,-246.0,253.0,,-177.0
407.0,-182.0,,403.0,137.0,1281.0,-266.0,532.0,,-88.0
441.0,-166.0,,356.0,190.0,1562.0,-296.0,417.0,,-6.0
457.0,-156.0,,309.0,134.0,1783.0,-326.0,421.0,,50.0
412.0,-178.0,,321.0,135.0,1709.0,-347.0,227.0,,91.0
430.0,-198.0,,363.0,195.0,1461.0,-368.0,44.0,,110.0
435.0,-97.0,,364.0,189.0,1217.0,-388.0,110.0,,109.0
392.0,116.0,,342.0,228.0,1085.0,-394.0,-125.0,,89.0
356.0,158.0,,332.0,220.0,974.0,-422.0,75.0,,53.0
353.0,77.0,,292.0,145.0,662.0,-451.0,84.0,,-3.0
366.0,107.0,,293.0,132.0,461.0,-470.0,284.0,,-84.0
284.0,114.0,,342.0,70.0,367.0,-495.0,373.0,,-183.0
271.0,34.0,,347.0,13.0,233.0,-520.0,339.0,,-284.0
265.0,-43.0,,337.0,22.0,208.0,-544.0,533.0,,-384.0
210.0,29.0,,304.0,-39.0,352.0,-550.0,352.0,,-506.0
219.0,151.0,,266.0,-70.0,686.0,-567.0,445.0,,-616.0
226.0,115.0,,224.0,-77.0,966.0,-601.0,279.0,,-710.0
209.0,30.0,,157.0,-138.0,1159.0,-646.0,314.0,,-784.0
148.0,56.0,,147.0,-111.0,1477.0,-657.0,463.0,,-819.0
150.0,166.0,,101.0,-81.0,1720.0,-651.0,327.0,,-819.0
168.0,93.0,,48.0,-90.0,1799.0,-656.0,203.0,,-769.0
121.0,-44.0,,19.0,-33.0,1791.0,-648.0,-266.0,,-691.0
148.0,-30.0,,-57.0,-48.0,1822.0,-668.0,-286.0,,-590.0
138.0,46.0,,-91.0,-99.0,1826.0,-693.0,-380.0,,-475.0
135.0,103.0,,-94.0,-81.0,1695.0,-718.0,-473.0,,-367.0
142.0,48.0,,-141.0,-101.0,1551.0,-758.0,-426.0,,-279.0
153.0,57.0,,-152.0,-60.0,1437.0,-780.0,-389.0,,-206.0
144.0,100.0,,-112.0,27.0,1520.0,-752.0,20.0,,-139.0
125.0,91.0,,-131.0,27.0,1650.0,-721.0,147.0,,-100.0
212.0,34.0,,-191.0,52.0,1659.0,-729.0,399.0,,-69.0
203.0,1.0,,-228.0,37.0,1668.0,-754.0,513.0,,-44.0
155.0,114.0,,-160.0,-6.0,1519.0,-810.0,593.0,,-35.0
186.0,155.0,,-117.0,52.0,1342.0,-876.0,807.0,,-17.0
270.0,77.0,,-151.0,68.0,1459.0,-909.0,763.0,,-8.0
234.0,5.0,,-89.0,75.0,1770.0,-908.0,918.0,,7.0
201.0,151.0,,-48.0,156.0,1847.0,-900.0,827.0,,41.0
252.0,305.0,,-23.0,179.0,1906.0,-890.0,642.0,,77.0
253.0,267.0,,55.0,193.0,2180.0,-895.0,454.0,,130.0
219.0,304.0,,8.0,199.0,2303.0,-902.0,343.0,,189.0
188.0,441.0,,-85.0,123.0,2333.0,-879.0,537.0,,238.0
211.0,528.0,,-93.0,104.0,2263.0,-863.0,487.0,,288.0
136.0,416.0,,-169.0,95.0,2529.0,-858.0,434.0,,333.0
178.0,388.0,,-232.0,51.0,3077.0,-845.0,247.0,,364.0
164.0,455.0,,-136.0,67.0,3380.0,-832.0,55.0,,404.0
98.0,374.0,,-136.0,21.0,3514.0,-836.0,147.0,,436.0
130.0,344.0,,-198.0,-47.0,3516.0,-844.0,-22.0,,453.0
125.0,342.0,,-154.0,-62.0,3656.0,-856.0,-145.0,,471.0
111.0,299.0,,-165.0,-115.0,3786.0,-858.0,-232.0,,470.0
39.0,218.0,,-155.0,-120.0,3754.0,-836.0,-314.0,,455.0
103.0,101.0,,-117.0,-110.0,3552.0,-796.0,-349.0,,419.0
95.0,-9.0,,-109.0,-161.0,3493.0,-744.0,-559.0,,375.0
104.0,-88.0,,-30.0,-151.0,3678.0,-718.0,-524.0,,320.0
98.0,-163.0,,24.0,-148.0,3674.0,-702.0,-672.0,,254.0
48.0,-325.0,,-27.0,-181.0,3649.0,-701.0,-740.0,,198.0
120.0,-411.0,,-91.0,-139.0,3689.0,-725.0,-753.0,,136.0
188.0,-424.0,,-148.0,-141.0,3783.0,-729.0,-914.0,,78.0
246.0,-471.0,,-165.0,-146.0,3906.0,-730.0,-796.0,,3.0
185.0,-495.0,,-150.0,-84.0,3798.0,-723.0,-914.0,,-71.0
282.0,-519.0,,-204.0,-82.0,3395.0,-702.0,-777.0,,-141.0
348.0,-500.0,,-264.0,-65.0,3021.0,-687.0,-842.0,,-215.0
278.0,-544.0,,-307.0,-39.0,2925.0,-662.0,-883.0,,-287.0
280.0,-617.0,,-335.0,-70.0,2847.0,-656.0,-698.0,,-355.0
397.0,-588.0,,-351.0,-33.0,2540.0,-640.0,-665.0,,-405.0
457.0,-527.0,,-359.0,18.0,2348.0,-593.0,-254.0,,-463.0
347.0,-524.0,,-325.0,53.0,2441.0,-557.0,-330.0,,-516.0
412.0,-490.0,,-323.0,125.0,2803.0,-523.0,-282.0,,-576.0
405.0,-344.0,,-335.0,121.0,3354.0,-503.0,-424.0,,-644.0
353.0,-300.0,,-266.0,97.0,3530.0,-493.0,-570.0,,-702.0
357.0,-300.0,,-190.0,122.0,3526.0,-497.0,-423.0,,-760.0
336.0,-279.0,,-139.0,127.0,3696.0,-522.0,-679.0,,-786.0
324.0,-238.0,,-148.0,204.0,3992.0,-529.0,-567.0,,-810.0
255.0,-245.0,,-144.0,273.0,4095.0,-528.0,-746.0,,-817.0
270.0,-363.0,,-81.0,237.0,3883.0,-535.0,-511.0,,-808.0
232.0,-368.0,,-80.0,226.0,3646.0,-519.0,-369.0,,-794.0
172.0,-353.0,,-54.0,175.0,3210.0,-515.0,-458.0,,-767.0
180.0,-400.0,,-141.0,107.0,2773.0,-520.0,-378.0,,-744.0
116.0,-387.0,,-313.0,116.0,2286.0,-490.0,-838.0,,-710.0
65.0,-305.0,,-410.0,72.0,1951.0,-452.0,-855.0,,-666.0
56.0,-178.0,,-437.0,33.0,1874.0,-414.0,-1069.0,,-609.0
71.0,-32.0,,-392.0,19.0,1641.0,-379.0,-849.0,,-550.0
16.0,74.0,,-425.0,-56.0,1439.0,-347.0,-600.0,,-497.0
-22.0,140.0,,-418.0,-102.0,1204.0,-335.0,-641.0,,-451.0
83.0,239.0,,-418.0,-129.0,1249.0,-347.0,-532.0,,-414.0
36.0,290.0,,-432.0,-140.0,1265.0,-367.0,-1012.0,,-371.0
0.0,132.0,,-349.0,-59.0,914.0,-390.0,-1101.0,,-341.0
53.0,-29.0,,-284.0,-4.0,723.0,-375.0,-1454.0,,-322.0
101.0,29.0,,-301.0,26.0,997.0,-355.0,-1638.0,,-313.0
139.0,55.0,,-372.0,82.0,1658.0,-352.0,-1616.0,,-310.0
158.0,-41.0,,-477.0,48.0,2005.0,-349.0,-1714.0,,-302.0
259.0,-89.0,,-685.0,22.0,2005.0,-366.0,-1430.0,,-302.0
247.0,-37.0,,-789.0,27.0,1906.0,-386.0,-1500.0,,-306.0
335.0,-43.0,,-520.0,-16.0,2001.0,-376.0,-1424.0,,-314.0
402.0,-182.0,,-288.0,25.0,2134.0,-373.0,-1553.0,,-322.0
394.0,-200.0,,-653.0,95.0,1830.0,-380.0,-1698.0,,-331.0
440.0,-87.0,,-712.0,107.0,1237.0,-379.0,-1533.0,,-340.0
475.0,0.0,,-422.0,151.0,456.0,-397.0,-1374.0,,-343.0
544.0,-14.0,,-721.0,130.0,98.0,-435.0,-938.0,,-339.0
478.0,1.0,,-668.0,69.0,63.0,-483.0,-768.0,,-333.0
552.0,116.0,,-417.0,70.0,-18.0,-486.0,-744.0,,-330.0
568.0,80.0,,-699.0,22.0,81.0,-453.0,-838.0,,-310.0
541.0,-85.0,,-663.0,6.0,190.0,-410.0,-1121.0,,-271.0
499.0,-202.0,,-478.0,42.0,443.0,-373.0,-1095.0,,-231.0
448.0,-150.0,,-712.0,5.0,557.0,-380.0,-1123.0,,-189.0
473.0,-104.0,,-777.0,17.0,370.0,-389.0,-1051.0,,-152.0
392.0,-162.0,,-653.0,13.0,167.0,-408.0,-1060.0,,-125.0
438.0,-128.0,,-725.0,-67.0,165.0,-402.0,-1306.0,,-118.0
315.0,-40.0,,-755.0,-86.0,231.0,-400.0,-1289.0,,-128.0
252.0,22.0,,-753.0,-134.0,-169.0,-423.0,-1502.0,,-135.0
232.0,-18.0,,-768.0,-198.0,-516.0,-421.0,-1437.0,,-151.0
168.0,-92.0,,-678.0,-190.0,-695.0,-427.0,-1516.0,,-173.0
87.0,-48.0,,-632.0,-236.0,-713.0,-416.0,-1537.0,,-191.0
-39.0,28.0,,-596.0,-267.0,-487.0,-397.0,-1304.0,,-213.0
26.0,76.0,,-554.0,-225.0,-373.0,-366.0,-1308.0,,-219.0
-78.0,112.0,,-669.0,-226.0,-216.0,-313.0,-851.0,,-209.0
-94.0,169.0,,-641.0,-176.0,-134.0,-279.0,-909.0,,-183.0
-144.0,206.0,,-595.0,-124.0,-124.0,-268.0,-707.0,,-130.0
-154.0,162.0,,-711.0,-137.0,-251.0,-293.0,-644.0,,-58.0
-149.0,72.0,,-710.0,-69.0,-592.0,-316.0,-624.0,,33.0
-162.0,4.0,,-716.0,-39.0,-991.0,-329.0,-157.0,,150.0
-115.0,48.0,,-657.0,-42.0,-1128.0,-352.0,1.0,,272.0
-260.0,18.0,,-650.0,15.0,-1211.0,-358.0,533.0,,387.0
-157.0,-18.0,,-737.0,-1.0,-1617.0,-341.0,339.0,,500.0
-140.0,86.0,,-641.0,20.0,-1998.0,-311.0,323.0,,613.0
-147.0,48.0,,-586.0,122.0,-2213.0,-292.0,188.0,,716.0
-155.0,-46.0,,-567.0,165.0,-2084.0,-301.0,46.0,,798.0
-158.0,-65.0,,-532.0,226.0,-2076.0,-303.0,256.0,,864.0
-86.0,-37.0,,-561.0,253.0,-2242.0,-294.0,35.0,,905.0
-109.0,-31.0,,-552.0,203.0,-2270.0,-270.0,214.0,,936.0
-76.0,-37.0,,-566.0,211.0,-2391.0,-250.0,-33.0,,951.0
-121.0,29.0,,-581.0,188.0,-2336.0,-255.0,86.0,,953.0
-120.0,41.0,,-520.0,155.0,-2341.0,-241.0,182.0,,954.0
-95.0,13.0,,-524.0,183.0,-2374.0,-245.0,118.0,,949.0
-76.0,-11.0,,-622.0,119.0,-2346.0,-249.0,173.0,,940.0
-192.0,13.0,,-622.0,53.0,-2239.0,-213.0,-177.0,,917.0
-192.0,-39.0,,-673.0,4.0,-2017.0,-203.0,-221.0,,892.0
-94.0,-171.0,,-714.0,-125.0,-2222.0,-191.0,-402.0,,858.0
-223.0,-60.0,,-640.0,-178.0,-2147.0,-163.0,-375.0,,815.0
-303.0,68.0,,-705.0,-167.0,-1837.0,-170.0,-323.0,,775.0
-281.0,42.0,,-664.0,-160.0,-1618.0,-177.0,-473.0,,725.0
-315.0,-22.0,,-600.0,-79.0,-1328.0,-180.0,-574.0,,667.0
-353.0,-58.0,,-641.0,-30.0,-1481.0,-177.0,-720.0,,587.0
-364.0,-7.0,,-638.0,-27.0,-1454.0,-138.0,-574.0,,495.0
-407.0,-22.0,,-545.0,13.0,-1308.0,-134.0,-277.0,,394.0
-394.0,-9.0,,-380.0,-10.0,-1244.0,-145.0,-153.0,,285.0
-407.0,148.0,,-342.0,-18.0,-1330.0,-129.0,-79.0,,184.0
-373.0,296.0,,-328.0,34.0,-1730.0,-100.0,-169.0,,97.0
-459.0,336.0,,-292.0,19.0,-1884.0,-51.0,-31.0,,26.0
-397.0,243.0,,-304.0,52.0,-1991.0,-28.0,218.0,,-32.0
-354.0,158.0,,-384.0,100.0,-2205.0,-13.0,334.0,,-81.0
-386.0,163.0,,-441.0,97.0,-2431.0,-6.0,607.0,,-128.0
-344.0,75.0,,-487.0,156.0,-2292.0,7.0,530.0,,-157.0
-361.0,-109.0,,-508.0,155.0,-2055.0,36.0,539.0,,-172.0
-214.0,-135.0,,-493.0,107.0,-1935.0,50.0,352.0,,-179.0
-338.0,-36.0,,-488.0,95.0,-1734.0,60.0,417.0,,-177.0
-198.0,-37.0,,-451.0,24.0,-1588.0,54.0,668.0,,-179.0
-219.0,-124.0,,-475.0,-1.0,-1366.0,54.0,729.0,,-179.0
-221.0,-120.0,,-478.0,27.0,-1231.0,51.0,892.0,,-171.0
-115.0,-37.0,,-401.0,-5.0,-944.0,27.0,582.0,,-156.0
-186.0,-83.0,,-290.0,11.0,-619.0,26.0,735.0,,-130.0
-41.0,-187.0,,-241.0,52.0,-150.0,37.0,800.0,,-88.0
-216.0,-170.0,,-242.0,34.0,212.0,43.0,833.0,,-31.0
-20.0,-113.0,,-256.0,31.0,199.0,70.0,879.0,,31.0
-122.0,-115.0,,-266.0,-36.0,431.0,73.0,661.0,,91.0
-85.0,-207.0,,-211.0,-137.0,727.0,74.0,763.0,,144.0
-42.0,-227.0,,-169.0,-170.0,1019.0,109.0,639.0,,183.0
-172.0,-172.0,,-169.0,-236.0,929.0,124.0,683.0,,216.0
-37.0,-157.0,,-214.0,-236.0,546.0,124.0,633.0,,237.0
-241.0,-96.0,,-224.0,-143.0,56.0,107.0,582.0,,250.0
-44.0,-81.0,,-246.0,-115.0,-344.0,87.0,622.0,,264.0
-271.0,-62.0,,-272.0,-87.0,-342.0,85.0,376.0,,264.0
-166.0,4.0,,-293.0,-90.0,-400.0,116.0,424.0,,267.0
-143.0,2.0,,-329.0,-146.0,-541.0,148.0,363.0,,251.0
-288.0,-25.0,,-351.0,-143.0,-788.0,186.0,339.0,,227.0
-192.0,-18.0,,-387.0,-163.0,-802.0,212.0,295.0,,195.0
-385.0,22.0,,-430.0,-191.0,-676.0,197.0,49.0,,143.0
-160.0,55.0,,-426.0,-163.0,-736.0,204.0,182.0,,112.0
-366.0,125.0,,-314.0,-162.0,-717.0,222.0,42.0,,80.0
-269.0,223.0,,-279.0,-126.0,-541.0,246.0,60.0,,53.0
-339.0,276.0,,-225.0,-70.0,-163.0,251.0,11.0,,37.0
-355.0,312.0,,-127.0,-95.0,30.0,261.0,-88.0,,30.0
-219.0,393.0,,-107.0,-74.0,95.0,250.0,66.0,,47.0
-357.0,488.0,,-65.0,-36.0,365.0,187.0,-55.0,,68.0
-234.0,550.0,,-24.0,-37.0,691.0,181.0,266.0,,107.0
-392.0,506.0,,-1.0,36.0,1014.0,191.0,291.0,,161.0
-182.0,382.0,,6.0,80.0,1062.0,196.0,469.0,,202.0
-297.0,288.0,,0.0,89.0,1038.0,218.0,565.0,,233.0
-316.0,226.0,,6.0,150.0,1188.0,235.0,423.0,,261.0
-295.0,221.0,,41.0,142.0,1147.0,263.0,539.0,,281.0
-314.0,217.0,,6.0,131.0,936.0,282.0,203.0,,273.0
-216.0,81.0,,-13.0,142.0,755.0,277.0,188.0,,255.0
-415.0,-48.0,,36.0,103.0,735.0,261.0,-14.0,,251.0
-278.0,-48.0,,65.0,128.0,843.0,244.0,-62.0,,240.0
-374.0,-11.0,,45.0,109.0,993.0,230.0,-5.0,,243.0
-320.0,76.0,,-16.0,-3.0,761.0,229.0,-194.0,,259.0
-371.0,62.0,,-23.0,-27.0,357.0,225.0,-136.0,,283.0
-418.0,35.0,,-61.0,-18.0,246.0,213.0,-410.0,,299.0
-389.0,1.0,,-111.0,12.0,252.0,216.0,-369.0,,304.0
-382.0,-107.0,,-72.0,76.0,231.0,236.0,-424.0,,318.0
-295.0,-143.0,,-34.0,77.0,-30.0,255.0,-491.0,,331.0
-468.0,-230.0,,-60.0,84.0,-20.0,285.0,-194.0,,348.0
-402.0,-240.0,,-52.0,74.0,231.0,313.0,-142.0,,373.0
-431.0,-243.0,,44.0,-31.0,472.0,331.0,88.0,,400.0
-399.0,-249.0,,131.0,-101.0,534.0,362.0,5.0,,428.0
-449.0,-112.0,,159.0,-145.0,406.0,387.0,60.0,,452.0
-489.0,34.0,,164.0,-220.0,448.0,412.0,293.0,,460.0
-446.0,98.0,,185.0,-223.0,327.0,429.0,399.0,,461.0
-448.0,128.0,,194.0,-220.0,-16.0,425.0,733.0,,445.0
-415.0,196.0,,217.0,-223.0,-383.0,403.0,696.0,,418.0
-468.0,200.0,,232.0,-173.0,-92.0,395.0,787.0,,386.0
-419.0,137.0,,242.0,-184.0,259.0,404.0,676.0,,341.0
-436.0,33.0,,256.0,-174.0,96.0,405.0,491.0,,308.0
-317.0,-13.0,,238.0,-122.0,-77.0,438.0,482.0,,268.0
-326.0,-56.0,,217.0,-136.0,-296.0,442.0,332.0,,230.0
-347.0,-142.0,,231.0,-120.0,-341.0,436.0,447.0,,204.0
-286.0,-188.0,,261.0,-101.0,-402.0,458.0,280.0,,186.0
-211.0,-261.0,,224.0,-119.0,-541.0,480.0,328.0,,177.0
-118.0,-275.0,,262.0,-92.0,-667.0,518.0,430.0,,172.0
-123.0,-208.0,,329.0,-101.0,-728.0,542.0,267.0,,186.0
-55.0,-174.0,,384.0,-145.0,-851.0,535.0,181.0,,204.0
-37.0,-90.0,,421.0,-143.0,-1002.0,506.0,-186.0,,224.0
79.0,53.0,,403.0,-160.0,-1149.0,487.0,-197.0,,246.0
63.0,138.0,,446.0,-143.0,-1402.0,458.0,-328.0,,259.0
52.0,111.0,,428.0,-78.0,-1307.0,430.0,-532.0,,265.0
153.0,31.0,,395.0,-95.0,-1129.0,421.0,-594.0,,266.0
253.0,93.0,,399.0,-102.0,-1358.0,414.0,-735.0,,261.0
269.0,49.0,,344.0,-82.0,-1792.0,432.0,-537.0,,246.0
231.0,-74.0,,282.0,-99.0,-1721.0,469.0,-733.0,,229.0
362.0,-34.0,,266.0,-57.0,-1358.0,518.0,-729.0,,217.0
392.0,-30.0,,276.0,-29.0,-1198.0,560.0,-698.0,,191.0
459.0,-63.0,,268.0,-60.0,-1229.0,579.0,-685.0,,162.0
427.0,-154.0,,276.0,-49.0,-1189.0,564.0,-508.0,,122.0
410.0,-83.0,,342.0,-39.0,-751.0,523.0,-752.0,,74.0
452.0,107.0,,325.0,-14.0,-705.0,468.0,-667.0,,54.0
454.0,174.0,,290.0,70.0,-927.0,430.0,-726.0,,40.0
489.0,196.0,,359.0,122.0,-1104.0,437.0,-593.0,,44.0
349.0,220.0,,382.0,176.0,-1185.0,467.0,-432.0,,75.0
371.0,283.0,,355.0,233.0,-1011.0,513.0,-434.0,,120.0
375.0,250.0,,319.0,190.0,-1035.0,536.0,-155.0,,165.0
334.0,262.0,,311.0,154.0,-1008.0,526.0,-195.0,,214.0
266.0,265.0,,238.0,184.0,-974.0,495.0,-36.0,,263.0
123.0,246.0,,166.0,182.0,-784.0,465.0,-84.0,,306.0
133.0,295.0,,175.0,181.0,-636.0,469.0,-145.0,,341.0
21.0,229.0,,173.0,162.0,-712.0,485.0,-147.0,,353.0
0.0,186.0,,237.0,98.0,-653.0,470.0,-397.0,,355.0
-81.0,166.0,,239.0,90.0,-544.0,444.0,-267.0,,330.0
-192.0,191.0,,184.0,87.0,-232.0,415.0,-345.0,,302.0
-127.0,246.0,,207.0,72.0,13.0,379.0,-243.0,,261.0
-151.0,301.0,,199.0,92.0,356.0,380.0,-147.0,,202.0
-204.0,417.0,,159.0,51.0,619.0,374.0,-253.0,,143.0
-304.0,520.0,,174.0,-4.0,606.0,365.0,-149.0,,67.0
-241.0,610.0,,212.0,-2.0,523.0,355.0,-297.0,,-15.0
-249.0,663.0,,196.0,-14.0,375.0,333.0,-208.0,,-96.0
-314.0,682.0,,166.0,-18.0,477.0,331.0,-269.0,,-157.0
-286.0,621.0,,116.0,26.0,338.0,317.0,-290.0,,-228.0
-334.0,554.0,,3.0,34.0,34.0,307.0,-214.0,,-306.0
-312.0,554.0,,13.0,27.0,-89.0,296.0,-526.0,,-369.0
-331.0,537.0,,100.0,44.0,-93.0,275.0,-646.0,,-438.0
-287.0,473.0,,72.0,19.0,8.0,250.0,-999.0,,-501.0
-305.0,419.0,,69.0,1.0,-142.0,228.0,-1152.0,,-548.0
-326.0,396.0,,95.0,-6.0,-321.0,221.0,-1297.0,,-585.0
-246.0,315.0,,40.0,-39.0,-313.0,222.0,-1474.0,,-607.0
-246.0,235.0,,13.0,-13.0,-411.0,231.0,-1369.0,,-616.0
-252.0,220.0,,25.0,19.0,-818.0,216.0,-1483.0,,-605.0
-278.0,209.0,,-27.0,6.0,-1158.0,195.0,-1280.0,,-579.0
-232.0,150.0,,-9.0,15.0,-1167.0,191.0,-1241.0,,-560.0
-200.0,76.0,,103.0,-9.0,-916.0,170.0,-1023.0,,-524.0
-184.0,56.0,,104.0,-50.0,-722.0,143.0,-663.0,,-465.0
-214.0,78.0,,74.0,-20.0,-850.0,121.0,-561.0,,-396.0
-253.0,47.0,,113.0,-5.0,-797.0,106.0,-275.0,,-321.0
-187.0,-41.0,,107.0,-13.0,-716.0,109.0,-354.0,,-258.0
-160.0,-179.0,,129.0,-2.0,-707.0,109.0,-210.0,,-214.0
-215.0,-309.0,,204.0,-43.0,-685.0,109.0,-297.0,,-201.0
-228.0,-332.0,,219.0,-89.0,-613.0,124.0,-576.0,,-215.0
-175.0,-403.0,,162.0,-112.0,-271.0,131.0,-687.0,,-244.0
-185.0,-493.0,,159.0,-169.0,-198.0,146.0,-964.0,,-282.0
-209.0,-551.0,,223.0,-168.0,-395.0,163.0,-783.0,,-329.0
-219.0,-666.0,,235.0,-124.0,-460.0,174.0,-790.0,,-397.0
-171.0,-716.0,,271.0,-126.0,-257.0,174.0,-617.0,,-493.0
-184.0,-697.0,,342.0,-92.0,-85.0,154.0,-552.0,,-611.0
-195.0,-600.0,,377.0,-60.0,-187.0,148.0,-731.0,,-752.0
-193.0,-494.0,,356.0,-41.0,-238.0,121.0,-698.0,,-911.0
-229.0,-444.0,,323.0,12.0,-231.0,107.0,-1084.0,,-1064.0
-157.0,-364.0,,287.0,6.0,-277.0,104.0,-1160.0,,-1215.0
-166.0,-267.0,,278.0,-43.0,-422.0,96.0,-1297.0,,-1342.0
-166.0,-140.0,,314.0,-54.0,-730.0,121.0,-1302.0,,-1437.0
-194.0,-130.0,,266.0,-84.0,-1094.0,136.0,-1031.0,,-1505.0
-185.0,-176.0,,253.0,-121.0,-1195.0,143.0,-894.0,,-1561.0
-129.0,-176.0,,295.0,-102.0,-1237.0,161.0,-502.0,,-1602.0
-202.0,-255.0,,248.0,-112.0,-1646.0,188.0,-533.0,,-1627.0
-181.0,-326.0,,235.0,-104.0,-2068.0,232.0,-419.0,,-1647.0
-199.0,-328.0,,293.0,-49.0,-2303.0,268.0,-227.0,,-1641.0
-180.0,-250.0,,322.0,-19.0,-2302.0,266.0,-88.0,,-1624.0
-147.0,-178.0,,258.0,37.0,-2257.0,257.0,169.0,,-1580.0
-213.0,-230.0,,178.0,52.0,-2358.0,256.0,-20.0,,-1510.0
-207.0,-209.0,,198.0,-26.0,-2189.0,260.0,14.0,,-1415.0
-265.0,1.0,,200.0,-93.0,-1873.0,268.0,-184.0,,-1298.0
-223.0,141.0,,190.0,-122.0,-1570.0,262.0,-243.0,,-1162.0
-203.0,129.0,,229.0,-129.0,-1554.0,273.0,-197.0,,-1002.0
-270.0,52.0,,256.0,-52.0,-1775.0,276.0,-327.0,,-838.0
-219.0,32.0,,278.0,35.0,-1616.0,297.0,-105.0,,-669.0
-202.0,68.0,,346.0,49.0,-1506.0,313.0,-131.0,,-518.0
-187.0,-9.0,,387.0,84.0,-1873.0,297.0,101.0,,-376.0
-224.0,-8.0,,383.0,86.0,-2243.0,291.0,31.0,,-256.0
-227.0,103.0,,320.0,66.0,-2292.0,271.0,-229.0,,-167.0
-249.0,78.0,,241.0,114.0,-2203.0,264.0,-371.0,,-89.0
-226.0,-117.0,,242.0,138.0,-2320.0,266.0,-768.0,,-29.0
-160.0,-277.0,,264.0,161.0,-2587.0,255.0,-792.0,,27.0
-231.0,-291.0,,313.0,193.0,-2547.0,231.0,-855.0,,74.0
-250.0,-245.0,,293.0,133.0,-2303.0,220.0,-655.0,,115.0
-235.0,-175.0,,290.0,71.0,-2276.0,229.0,-602.0,,141.0
-173.0,-101.0,,291.0,61.0,-2606.0,252.0,-822.0,,151.0
-236.0,11.0,,259.0,4.0,-2992.0,276.0,-864.0,,153.0
-264.0,101.0,,314.0,-31.0,-2941.0,272.0,-1141.0,,130.0
-251.0,74.0,,354.0,-33.0,-2599.0,266.0,-1066.0,,91.0
-246.0,-53.0,,352.0,-78.0,-2358.0,266.0,-1114.0,,48.0
-208.0,-220.0,,284.0,-80.0,-2207.0,249.0,-1032.0,,-8.0
-275.0,-298.0,,266.0,-78.0,-2162.0,221.0,-787.0,,-72.0
-261.0,-302.0,,275.0,-124.0,-2115.0,197.0,-835.0,,-142.0
-248.0,-381.0,,260.0,-108.0,-2059.0,171.0,-659.0,,-227.0
-154.0,-424.0,,293.0,-62.0,-2171.0,151.0,-759.0,,-308.0
-203.0,-386.0,,254.0,-40.0,-2360.0,146.0,-624.0,,-390.0
-256.0,-329.0,,176.0,18.0,-2500.0,136.0,-474.0,,-460.0
-201.0,-225.0,,191.0,26.0,-2695.0,141.0,-404.0,,-502.0
-244.0,-221.0,,184.0,2.0,-3178.0,149.0,-219.0,,-531.0
-258.0,-182.0,,137.0,37.0,-3277.0,152.0,-303.0,,-546.0
-278.0,-79.0,,166.0,29.0,-2973.0,167.0,-79.0,,-544.0
-230.0,-92.0,,136.0,44.0,-2712.0,164.0,-127.0,,-532.0
-273.0,-59.0,,142.0,107.0,-2532.0,165.0,-77.0,,-508.0
-223.0,49.0,,164.0,98.0,-2588.0,174.0,49.0,,-463.0
-233.0,53.0,,90.0,67.0,-2492.0,162.0,7.0,,-413.0
-333.0,88.0,,85.0,30.0,-2301.0,145.0,173.0,,-350.0
-307.0,139.0,,93.0,-37.0,-2090.0,141.0,38.0,,-279.0
-287.0,11.0,,136.0,-57.0,-2116.0,144.0,223.0,,-218.0
-248.0,-2.0,,165.0,-41.0,-2344.0,137.0,247.0,,-169.0
-359.0,64.0,,148.0,-13.0,-2390.0,116.0,131.0,,-134.0
-314.0,84.0,,154.0,94.0,-2401.0,116.0,77.0,,-120.0
-229.0,147.0,,127.0,197.0,-2389.0,117.0,-192.0,,-125.0
-262.0,242.0,,154.0,225.0,-2360.0,115.0,-42.0,,-137.0
-254.0,374.0,,214.0,261.0,-2136.0,123.0,-103.0,,-167.0
-266.0,370.0,,206.0,252.0,-1933.0,133.0,-5.0,,-205.0
-195.0,285.0,,212.0,233.0,-1810.0,127.0,46.0,,-254.0
-228.0,306.0,,267.0,276.0,-1425.0,124.0,-27.0,,-316.0
-217.0,359.0,,311.0,266.0,-1022.0,141.0,109.0,,-375.0
-218.0,258.0,,314.0,249.0,-919.0,158.0,-223.0,,-438.0
-263.0,110.0,,333.0,220.0,-996.0,177.0,-365.0,,-490.0
-173.0,29.0,,382.0,98.0,-878.0,190.0,-630.0,,-547.0
-190.0,-54.0,,328.0,15.0,-596.0,185.0,-748.0,,-592.0
-190.0,-91.0,,275.0,-39.0,-573.0,170.0,-703.0,,-615.0
-180.0,-108.0,,273.0,-129.0,-795.0,177.0,-853.0,,-641.0
-154.0,-133.0,,241.0,-133.0,-981.0,179.0,-689.0,,-654.0
-103.0,-110.0,,257.0,-81.0,-1045.0,166.0,-774.0,,-662.0
-155.0,3.0,,276.0,-46.0,-1063.0,159.0,-508.0,,-672.0
-98.0,-24.0,,283.0,21.0,-1189.0,144.0,-245.0,,-676.0
-62.0,-166.0,,267.0,65.0,-1508.0,140.0,-64.0,,-685.0
-117.0,-94.0,,214.0,84.0,-1623.0,143.0,205.0,,-692.0
-45.0,31.0,,161.0,130.0,-1360.0,160.0,24.0,,-699.0
-78.0,-24.0,,138.0,97.0,-1337.0,187.0,134.0,,-702.0
-55.0,-50.0,,104.0,51.0,-1473.0,213.0,46.0,,-692.0
-26.0,72.0,,52.0,49.0,-1481.0,206.0,118.0,,-692.0
-51.0,126.0,,49.0,-11.0,-1258.0,198.0,166.0,,-687.0
2.0,-14.0,,73.0,-32.0,-866.0,199.0,-20.0,,-669.0
-76.0,-201.0,,91.0,8.0,-733.0,175.0,107.0,,-646.0
33.0,-135.0,,82.0,8.0,-776.0,170.0,-84.0,,-618.0
-45.0,10.0,,115.0,13.0,-841.0,171.0,-125.0,,-583.0
-42.0,13.0,,163.0,1.0,-710.0,165.0,-347.0,,-530.0
-1.0,58.0,,159.0,-38.0,-746.0,158.0,-500.0,,-454.0
-110.0,193.0,,122.0,-6.0,-1115.0,158.0,-395.0,,-370.0
-51.0,270.0,,107.0,26.0,-1289.0,157.0,-467.0,,-291.0
-157.0,191.0,,76.0,28.0,-1120.0,138.0,-273.0,,-207.0
-12.0,102.0,,72.0,73.0,-840.0,120.0,-354.0,,-132.0
-186.0,112.0,,95.0,79.0,-907.0,103.0,-216.0,,-56.0
-190.0,148.0,,55.0,70.0,-807.0,110.0,-99.0,,7.0
-98.0,142.0,,30.0,95.0,-482.0,127.0,-90.0,,59.0
-193.0,124.0,,21.0,51.0,-369.0,122.0,221.0,,106.0
-152.0,39.0,,-2.0,22.0,-499.0,105.0,232.0,,132.0
-327.0,7.0,,-75.0,38.0,-748.0,85.0,617.0,,152.0
-130.0,5.0,,-38.0,9.0,-618.0,72.0,676.0,,153.0
-305.0,-135.0,,-10.0,5.0,-417.0,54.0,689.0,,152.0
-255.0,-191.0,,-49.0,-10.0,-561.0,46.0,833.0,,127.0
-209.0,-184.0,,-20.0,-92.0,-1003.0,42.0,790.0,,84.0
-300.0,-240.0,,-33.0,-120.0,-1049.0,32.0,994.0,,39.0
-114.0,-299.0,,-21.0,-133.0,-570.0,31.0,755.0,,-16.0
-326.0,-267.0,,-73.0,-148.0,-319.0,-9.0,755.0,,-58.0
-166.0,-161.0,,-18.0,-114.0,-340.0,-45.0,703.0,,-102.0
-282.0,-120.0,,44.0,-143.0,-231.0,-48.0,700.0,,-136.0
-187.0,-135.0,,-43.0,-172.0,54.0,-71.0,870.0,,-162.0
-173.0,-66.0,,-104.0,-102.0,-13.0,-99.0,805.0,,-172.0
-222.0,-5.0,,-202.0,-34.0,-312.0,-119.0,999.0,,-161.0
-8.0,12.0,,-228.0,32.0,-524.0,-153.0,790.0,,-139.0
-234.0,136.0,,-269.0,92.0,-570.0,-183.0,609.0,,-108.0
23.0,161.0,,-292.0,75.0,-440.0,-185.0,448.0,,-93.0
-62.0,44.0,,-327.0,87.0,-441.0,-179.0,186.0,,-80.0
54.0,41.0,,-384.0,136.0,-329.0,-139.0,188.0,,-76.0
56.0,90.0,,-349.0,138.0,43.0,-108.0,-131.0,,-91.0
-13.0,46.0,,-336.0,187.0,419.0,-112.0,-186.0,,-118.0
208.0,-7.0,,-300.0,260.0,532.0,-127.0,-264.0,,-140.0
-22.0,10.0,,-307.0,280.0,306.0,-151.0,-249.0,,-150.0
173.0,115.0,,-294.0,320.0,200.0,-159.0,-101.0,,-164.0
0.0,115.0,,-256.0,320.0,331.0,-177.0,-182.0,,-169.0
145.0,54.0,,-294.0,270.0,467.0,-176.0,11.0,,-172.0
98.0,69.0,,-311.0,263.0,486.0,-178.0,-199.0,,-153.0
2.0,115.0,,-266.0,228.0,298.0,-204.0,-162.0,,-113.0
165.0,115.0,,-242.0,218.0,93.0,-237.0,-57.0,,-66.0
-68.0,-52.0,,-252.0,252.0,110.0,-266.0,44.0,,-5.0
190.0,-146.0,,-245.0,198.0,110.0,-262.0,454.0,,44.0
-51.0,-199.0,,-304.0,143.0,-102.0,-272.0,495.0,,100.0
65.0,-232.0,,-292.0,125.0,12.0,-263.0,676.0,,155.0
18.0,-258.0,,-189.0,45.0,255.0,-247.0,591.0,,193.0
-32.0,-269.0,,-122.0,-9.0,137.0,-258.0,618.0,,230.0
141.0,-103.0,,-89.0,-50.0,45.0,-274.0,715.0,,264.0
-96.0,11.0,,-74.0,-136.0,274.0,-291.0,655.0,,299.0
137.0,47.0,,-79.0,-176.0,674.0,-300.0,949.0,,339.0
-3.0,102.0,,-176.0,-213.0,709.0,-324.0,870.0,,386.0
199.0,262.0,,-227.0,-257.0,665.0,-364.0,883.0,,428.0
176.0,359.0,,-198.0,-244.0,711.0,-414.0,737.0,,463.0
131.0,377.0,,-219.0,-270.0,621.0,-449.0,602.0,,504.0
269.0,339.0,,-217.0,-299.0,528.0,-444.0,792.0,,538.0
171.0,331.0,,-211.0,-281.0,403.0,-431.0,811.0,,556.0
412.0,384.0,,-261.0,-326.0,350.0,-422.0,1116.0,,557.0
197.0,224.0,,-263.0,-360.0,93.0,-426.0,1025.0,,544.0
329.0,134.0,,-189.0,-342.0,37.0,-445.0,1023.0,,520.0
343.0,24.0,,-156.0,-360.0,67.0,-450.0,1003.0,,500.0
349.0,-81.0,,-185.0,-326.0,45.0,-442.0,790.0,,493.0
340.0,-160.0,,-207.0,-252.0,281.0,-422.0,875.0,,488.0
166.0,-232.0,,-231.0,-213.0,231.0,-403.0,670.0,,486.0
377.0,-120.0,,-170.0,-141.0,270.0,-422.0,796.0,,478.0
190.0,-74.0,,-65.0,-103.0,567.0,-437.0,776.0,,447.0
229.0,-63.0,,-35.0,-125.0,1017.0,-428.0,667.0,,396.0
168.0,-129.0,,-44.0,-103.0,1335.0,-440.0,665.0,,326.0
165.0,-79.0,,-54.0,-87.0,1569.0,-428.0,363.0,,249.0
164.0,-74.0,,-22.0,-71.0,1662.0,-395.0,312.0,,179.0
73.0,-157.0,,-9.0,-10.0,1460.0,-391.0,-1.0,,109.0
109.0,-48.0,,-17.0,10.0,1408.0,-378.0,-73.0,,36.0
-21.0,-121.0,,-32.0,42.0,1233.0,-345.0,-42.0,,-31.0
65.0,-202.0,,-41.0,90.0,1074.0,-302.0,-88.0,,-93.0
-25.0,-158.0,,0.0,42.0,838.0,-263.0,177.0,,-173.0
-19.0,-223.0,,13.0,2.0,675.0,-234.0,144.0,,-255.0
-90.0,-320.0,,103.0,2.0,564.0,-209.0,389.0,,-345.0
-24.0,-309.0,,151.0,-9.0,479.0,-215.0,458.0,,-423.0
8.0,-263.0,,62.0,45.0,858.0,-234.0,511.0,,-481.0
-72.0,-273.0,,59.0,98.0,1288.0,-242.0,517.0,,-544.0
-4.0,-269.0,,91.0,101.0,1723.0,-253.0,327.0,,-592.0
-20.0,-183.0,,61.0,148.0,2018.0,-250.0,463.0,,-625.0
-2.0,-55.0,,9.0,168.0,2000.0,-244.0,306.0,,-634.0
-53.0,-101.0,,62.0,154.0,1786.0,-255.0,437.0,,-621.0
62.0,-305.0,,103.0,165.0,1473.0,-253.0,406.0,,-593.0
-19.0,-403.0,,66.0,115.0,1089.0,-235.0,273.0,,-554.0
81.0,-388.0,,69.0,73.0,644.0,-216.0,288.0,,-519.0
56.0,-466.0,,70.0,68.0,594.0,-217.0,86.0,,-463.0
87.0,-605.0,,47.0,16.0,1133.0,-227.0,164.0,,-409.0
125.0,-581.0,,24.0,18.0,1742.0,-236.0,48.0,,-360.0
111.0,-512.0,,-19.0,48.0,2103.0,-230.0,12.0,,-292.0
197.0,-501.0,,-42.0,8.0,2325.0,-210.0,-60.0,,-223.0
62.0,-474.0,,-3.0,-13.0,2614.0,-169.0,-273.0,,-145.0
256.0,-417.0,,-21.0,-53.0,2899.0,-123.0,-208.0,,-65.0
136.0,-207.0,,-8.0,-122.0,3038.0,-124.0,-336.0,,7.0
217.0,-2.0,,-8.0,-124.0,3115.0,-128.0,-162.0,,83.0
204.0,126.0,,6.0,-132.0,2919.0,-114.0,-118.0,,156.0
301.0,213.0,,9.0,-136.0,2831.0,-84.0,-62.0,,219.0
319.0,308.0,,-24.0,-89.0,2731.0,-54.0,181.0,,256.0
245.0,404.0,,-27.0,-90.0,2405.0,-28.0,158.0,,266.0
437.0,352.0,,-96.0,-87.0,2298.0,-9.0,495.0,,243.0
310.0,364.0,,-33.0,-22.0,2435.0,-33.0,484.0,,198.0
451.0,419.0,,34.0,-7.0,2806.0,-45.0,735.0,,141.0
278.0,428.0,,19.0,-6.0,2977.0,-56.0,949.0,,64.0
437.0,361.0,,18.0,-8.0,2972.0,-45.0,897.0,,-19.0
414.0,300.0,,86.0,-58.0,2960.0,-5.0,986.0,,-119.0
409.0,338.0,,141.0,-41.0,3391.0,4.0,657.0,,-220.0
494.0,308.0,,97.0,-28.0,3927.0,37.0,639.0,,-298.0
350.0,240.0,,100.0,-72.0,3868.0,74.0,484.0,,-351.0
547.0,210.0,,145.0,-75.0,3772.0,107.0,578.0,,-376.0
438.0,280.0,,186.0,-103.0,3839.0,129.0,731.0,,-377.0
511.0,327.0,,161.0,-140.0,3968.0,126.0,668.0,,-351.0
366.0,288.0,,123.0,-113.0,3781.0,128.0,872.0,,-309.0
511.0,286.0,,57.0,-100.0,3653.0,129.0,681.0,,-256.0
524.0,188.0,,3.0,-63.0,3755.0,119.0,652.0,,-208.0
430.0,64.0,,-38.0,0.0,3789.0,101.0,526.0,,-171.0
550.0,32.0,,-96.0,12.0,3591.0,88.0,321.0,,-139.0
394.0,-141.0,,-115.0,68.0,3234.0,76.0,358.0,,-125.0
487.0,-363.0,,-162.0,127.0,3136.0,121.0,227.0,,-107.0
377.0,-460.0,,-186.0,124.0,3063.0,192.0,400.0,,-89.0
428.0,-523.0,,-281.0,151.0,2931.0,232.0,236.0,,-69.0
330.0,-544.0,,-262.0,144.0,2593.0,241.0,142.0,,-41.0
325.0,-411.0,,-177.0,112.0,2480.0,225.0,88.0,,-11.0
381.0,-125.0,,-264.0,137.0,2775.0,222.0,-138.0,,29.0
255.0,51.0,,-220.0,145.0,2953.0,224.0,70.0,,87.0
291.0,119.0,,-167.0,160.0,2921.0,239.0,-77.0,,160.0
201.0,231.0,,-169.0,180.0,2840.0,214.0,112.0,,235.0
304.0,289.0,,-152.0,123.0,2773.0,162.0,134.0,,306.0
196.0,184.0,,-162.0,111.0,2529.0,121.0,149.0,,373.0
140.0,113.0,,-144.0,129.0,2428.0,99.0,219.0,,433.0
169.0,41.0,,-135.0,79.0,2348.0,117.0,-44.0,,489.0
122.0,-106.0,,-110.0,80.0,2062.0,148.0,107.0,,540.0
111.0,-108.0,,-59.0,71.0,1661.0,193.0,55.0,,586.0
48.0,-71.0,,-67.0,38.0,1257.0,198.0,441.0,,630.0
79.0,-67.0,,-148.0,76.0,1082.0,185.0,722.0,,660.0
-10.0,-114.0,,-146.0,50.0,779.0,174.0,820.0,,677.0
27.0,-85.0,,-137.0,5.0,690.0,180.0,918.0,,681.0
-5.0,-27.0,,-145.0,9.0,1024.0,208.0,689.0,,663.0
-63.0,-100.0,,-116.0,-44.0,1216.0,206.0,818.0,,640.0
-74.0,-167.0,,-126.0,-57.0,1086.0,194.0,794.0,,616.0
-99.0,-132.0,,-110.0,-47.0,802.0,179.0,925.0,,588.0
-52.0,66.0,,-81.0,-94.0,862.0,178.0,1055.0,,557.0
-110.0,176.0,,-60.0,-106.0,965.0,168.0,1003.0,,535.0
-98.0,276.0,,1.0,-136.0,1048.0,161.0,1138.0,,511.0
-107.0,391.0,,34.0,-181.0,1105.0,156.0,968.0,,478.0
-64.0,322.0,,33.0,-135.0,1106.0,138.0,1080.0,,440.0
-54.0,273.0,,30.0,-108.0,1305.0,134.0,1119.0,,383.0
-66.0,234.0,,39.0,-112.0,1339.0,126.0,962.0,,338.0
-87.0,225.0,,51.0,-88.0,1528.0,133.0,1001.0,,290.0
-79.0,305.0,,12.0,-109.0,1809.0,151.0,792.0,,233.0
32.0,378.0,,-46.0,-93.0,1886.0,165.0,957.0,,179.0
-13.0,337.0,,-79.0,-60.0,1937.0,164.0,918.0,,101.0
-40.0,222.0,,-87.0,-95.0,2221.0,154.0,962.0,,19.0
9.0,105.0,,-83.0,-73.0,2565.0,138.0,890.0,,-69.0
88.0,-94.0,,-78.0,-48.0,2512.0,146.0,598.0,,-149.0
40.0,-271.0,,-78.0,-55.0,2322.0,170.0,618.0,,-228.0
59.0,-314.0,,-8.0,-22.0,2145.0,171.0,273.0,,-300.0
99.0,-229.0,,47.0,-45.0,1897.0,170.0,325.0,,-325.0
60.0,-146.0,,0.0,-62.0,1521.0,163.0,179.0,,-343.0
129.0,-203.0,,-59.0,-9.0,1356.0,144.0,72.0,,-334.0
107.0,-281.0,,-131.0,-10.0,1169.0,101.0,162.0,,-305.0
156.0,-261.0,,-193.0,-22.0,658.0,67.0,181.0,,-269.0
140.0,-183.0,,-197.0,0.0,300.0,49.0,443.0,,-215.0
218.0,-151.0,,-146.0,-30.0,256.0,43.0,323.0,,-162.0
266.0,-122.0,,-49.0,-39.0,578.0,53.0,397.0,,-90.0
234.0,-85.0,,6.0,-19.0,949.0,63.0,428.0,,-25.0
307.0,-33.0,,-3.0,-42.0,1204.0,56.0,565.0,,38.0
291.0,-18.0,,-4.0,-16.0,1413.0,34.0,866.0,,101.0
387.0,-64.0,,60.0,-20.0,1398.0,40.0,925.0,,162.0
326.0,-1.0,,103.0,-63.0,1158.0,43.0,1195.0,,228.0
347.0,-45.0,,38.0,-39.0,848.0,71.0,1110.0,,294.0
343.0,-67.0,,51.0,-48.0,696.0,82.0,971.0,,370.0
376.0,-23.0,,110.0,-81.0,845.0,53.0,844.0,,441.0
444.0,-74.0,,159.0,-92.0,1049.0,34.0,478.0,,502.0
300.0,77.0,,154.0,-133.0,1033.0,18.0,408.0,,549.0
380.0,256.0,,112.0,-160.0,1089.0,28.0,243.0,,593.0
356.0,270.0,,104.0,-171.0,1171.0,16.0,336.0,,627.0
408.0,158.0,,2.0,-205.0,1008.0,-2.0,319.0,,643.0
321.0,42.0,,12.0,-207.0,867.0,-32.0,264.0,,647.0
286.0,6.0,,38.0,-234.0,1028.0,-68.0,380.0,,646.0
377.0,-35.0,,-79.0,-290.0,1187.0,-94.0,262.0,,628.0
324.0,-34.0,,-144.0,-283.0,808.0,-100.0,519.0,,580.0
407.0,-59.0,,-157.0,-282.0,374.0,-69.0,500.0,,518.0
287.0,-119.0,,-181.0,-259.0,194.0,-65.0,615.0,,449.0
365.0,-186.0,,-173.0,-190.0,63.0,-52.0,648.0,,374.0
344.0,-206.0,,-166.0,-178.0,-154.0,-32.0,609.0,,303.0
348.0,-102.0,,-234.0,-152.0,-372.0,-15.0,1071.0,,244.0
348.0,-56.0,,-231.0,-106.0,-112.0,-3.0,1258.0,,190.0
214.0,-45.0,,-200.0,-104.0,265.0,-17.0,1491.0,,155.0
371.0,52.0,,-254.0,-36.0,522.0,-32.0,1310.0,,133.0
295.0,229.0,,-262.0,34.0,558.0,-64.0,1130.0,,136.0
314.0,328.0,,-252.0,59.0,725.0,-86.0,1103.0,,170.0
245.0,128.0,,-301.0,123.0,1395.0,-75.0,971.0,,210.0
238.0,-154.0,,-280.0,142.0,1809.0,-65.0,1208.0,,273.0
266.0,-293.0,,-251.0,142.0,1674.0,-53.0,1208.0,,325.0
135.0,-180.0,,-259.0,162.0,1137.0,-42.0,1387.0,,345.0
188.0,134.0,,-204.0,131.0,1033.0,-62.0,1385.0,,330.0
73.0,338.0,,-194.0,147.0,1135.0,-83.0,1206.0,,273.0
98.0,362.0,,-227.0,195.0,879.0,-91.0,1247.0,,192.0
104.0,328.0,,-214.0,180.0,586.0,-103.0,1043.0,,100.0
53.0,234.0,,-93.0,163.0,471.0,-129.0,1108.0,,-2.0
33.0,18.0,,-103.0,100.0,866.0,-156.0,916.0,,-105.0
34.0,-189.0,,-124.0,31.0,1028.0,-168.0,798.0,,-209.0
108.0,-169.0,,-59.0,53.0,1115.0,-169.0,761.0,,-319.0
44.0,31.0,,-113.0,27.0,1329.0,-164.0,487.0,,-420.0
73.0,286.0,,-38.0,-6.0,1460.0,-174.0,535.0,,-508.0
72.0,517.0,,12.0,7.0,1515.0,-176.0,249.0,,-572.0
71.0,615.0,,48.0,-29.0,1243.0,-177.0,225.0,,-613.0
102.0,663.0,,141.0,-38.0,1029.0,-186.0,112.0,,-634.0
92.0,563.0,,83.0,-42.0,914.0,-196.0,-162.0,,-629.0
106.0,322.0,,34.0,-84.0,1165.0,-201.0,-218.0,,-596.0
86.0,166.0,,62.0,-68.0,1414.0,-213.0,-304.0,,-539.0
78.0,102.0,,71.0,-75.0,1423.0,-246.0,192.0,,-472.0
102.0,88.0,,99.0,-77.0,1306.0,-257.0,347.0,,-375.0
70.0,59.0,,99.0,0.0,1276.0,-266.0,482.0,,-269.0
54.0,67.0,,118.0,-4.0,1677.0,-269.0,489.0,,-161.0
107.0,161.0,,168.0,-42.0,1896.0,-280.0,412.0,,-38.0
78.0,160.0,,189.0,-47.0,1969.0,-289.0,696.0,,77.0
63.0,-50.0,,268.0,-90.0,1940.0,-302.0,558.0,,186.0
75.0,-29.0,,315.0,-63.0,2086.0,-321.0,676.0,,275.0
123.0,230.0,,346.0,-16.0,2301.0,-302.0,550.0,,345.0
104.0,312.0,,301.0,-20.0,2021.0,-296.0,530.0,,404.0
72.0,236.0,,266.0,7.0,1558.0,-291.0,750.0,,456.0
122.0,28.0,,303.0,-27.0,1129.0,-276.0,792.0,,506.0
104.0,-41.0,,313.0,-105.0,802.0,-258.0,979.0,,539.0
141.0,-24.0,,394.0,-137.0,220.0,-256.0,731.0,,549.0
126.0,2.0,,393.0,-214.0,-519.0,-250.0,755.0,,541.0
126.0,-12.0,,382.0,-236.0,-964.0,-232.0,764.0,,511.0
174.0,-192.0,,435.0,-145.0,-1032.0,-235.0,752.0,,468.0
185.0,-227.0,,409.0,-99.0,-914.0,-216.0,962.0,,415.0
189.0,-184.0,,411.0,-24.0,-890.0,-201.0,855.0,,332.0
186.0,-27.0,,441.0,41.0,-833.0,-206.0,957.0,,250.0
251.0,61.0,,478.0,18.0,-458.0,-199.0,899.0,,178.0
249.0,71.0,,517.0,49.0,177.0,-159.0,1027.0,,113.0
236.0,60.0,,464.0,40.0,283.0,-118.0,1191.0,,65.0
210.0,-94.0,,418.0,17.0,-146.0,-88.0,1038.0,,36.0
235.0,24.0,,415.0,96.0,-596.0,-71.0,1043.0,,21.0
276.0,125.0,,358.0,147.0,-727.0,-63.0,705.0,,9.0
190.0,183.0,,363.0,218.0,-500.0,-41.0,572.0,,9.0
175.0,117.0,,429.0,296.0,-492.0,-38.0,225.0,,27.0
189.0,-191.0,,446.0,258.0,-584.0,-33.0,-73.0,,56.0
189.0,-359.0,,473.0,231.0,-663.0,-28.0,-86.0,,82.0
163.0,-488.0,,507.0,202.0,-781.0,-5.0,-360.0,,92.0
156.0,-502.0,,516.0,136.0,-1070.0,21.0,-258.0,,74.0
129.0,-443.0,,470.0,159.0,-1483.0,54.0,-428.0,,39.0
88.0,-256.0,,397.0,149.0,-1735.0,112.0,-312.0,,-17.0
170.0,-182.0,,393.0,91.0,-1992.0,146.0,-131.0,,-84.0
100.0,-287.0,,442.0,96.0,-2310.0,180.0,-88.0,,-142.0
35.0,-382.0,,379.0,58.0,-2584.0,195.0,79.0,,-193.0
114.0,-594.0,,331.0,29.0,-2413.0,205.0,-96.0,,-237.0
113.0,-704.0,,289.0,10.0,-1906.0,199.0,55.0,,-291.0
96.0,-645.0,,132.0,-78.0,-1487.0,176.0,-16.0,,-340.0
37.0,-370.0,,151.0,-77.0,-1201.0,179.0,-40.0,,-398.0
36.0,-18.0,,202.0,-49.0,-1074.0,161.0,20.0,,-465.0
13.0,166.0,,136.0,-51.0,-1135.0,160.0,-33.0,,-524.0
7.0,-87.0,,38.0,34.0,-1291.0,165.0,203.0,,-589.0
27.0,-430.0,,-58.0,58.0,-1459.0,165.0,7.0,,-633.0
-28.0,-524.0,,-108.0,52.0,-1638.0,189.0,-79.0,,-669.0
36.0,-425.0,,-126.0,94.0,-1715.0,216.0,-330.0,,-688.0
-20.0,-83.0,,-134.0,36.0,-1822.0,246.0,-620.0,,-673.0
-31.0,-36.0,,-110.0,-11.0,-1659.0,254.0,-493.0,,-657.0
-33.0,-35.0,,-38.0,-24.0,-1323.0,267.0,-606.0,,-633.0
-50.0,-58.0,,-92.0,-75.0,-1397.0,277.0,-589.0,,-626.0
31.0,-49.0,,-114.0,-30.0,-1717.0,265.0,-811.0,,-625.0
-39.0,176.0,,-18.0,9.0,-1661.0,266.0,-788.0,,-636.0
-7.0,282.0,,-29.0,3.0,-1029.0,269.0,-652.0,,-667.0
-54.0,320.0,,-33.0,81.0,-799.0,274.0,-727.0,,-670.0
9.0,202.0,,18.0,117.0,-1014.0,275.0,-589.0,,-662.0
42.0,163.0,,90.0,133.0,-1072.0,255.0,-763.0,,-629.0
0.0,72.0,,181.0,184.0,-1066.0,237.0,-642.0,,-574.0
66.0,18.0,,236.0,133.0,-1013.0,222.0,-572.0,,-521.0
-2.0,39.0,,287.0,95.0,-1216.0,217.0,-448.0,,-459.0
136.0,58.0,,301.0,73.0,-1333.0,228.0,-247.0,,-412.0
155.0,140.0,,296.0,1.0,-1123.0,224.0,-301.0,,-374.0
131.0,-10.0,,315.0,23.0,-1123.0,210.0,-11.0,,-351.0
170.0,-59.0,,270.0,22.0,-1214.0,208.0,-60.0,,-355.0
136.0,-1.0,,181.0,-32.0,-1362.0,205.0,-44.0,,-370.0
194.0,103.0,,197.0,4.0,-1507.0,194.0,-166.0,,-401.0
230.0,212.0,,190.0,36.0,-1395.0,166.0,-360.0,,-438.0
182.0,394.0,,150.0,87.0,-1362.0,127.0,-275.0,,-497.0
129.0,606.0,,138.0,147.0,-1349.0,84.0,-419.0,,-572.0
192.0,668.0,,63.0,108.0,-1153.0,76.0,-186.0,,-649.0
232.0,797.0,,0.0,96.0,-1014.0,105.0,-197.0,,-713.0
216.0,757.0,,-81.0,90.0,-874.0,144.0,-218.0,,-770.0
120.0,521.0,,-112.0,45.0,-721.0,166.0,-277.0,,-834.0
155.0,354.0,,-123.0,88.0,-659.0,160.0,-554.0,,-883.0
202.0,421.0,,-157.0,120.0,-684.0,149.0,-493.0,,-923.0
180.0,460.0,,-155.0,114.0,-855.0,133.0,-750.0,,-939.0
97.0,340.0,,-169.0,141.0,-1244.0,144.0,-870.0,,-937.0
87.0,188.0,,-126.0,93.0,-1727.0,166.0,-1145.0,,-903.0
198.0,0.0,,-107.0,73.0,-2299.0,172.0,-1378.0,,-843.0
110.0,-174.0,,-160.0,111.0,-2898.0,171.0,-1258.0,,-786.0
121.0,-333.0,,-169.0,90.0,-3082.0,151.0,-1326.0,,-714.0
34.0,-297.0,,-235.0,115.0,-3176.0,126.0,-1125.0,,-646.0
90.0,-314.0,,-245.0,118.0,-3412.0,116.0,-1280.0,,-563.0
137.0,-495.0,,-156.0,69.0,-3576.0,134.0,-1356.0,,-468.0
71.0,-539.0,,-184.0,80.0,-3286.0,131.0,-1415.0,,-387.0
117.0,-420.0,,-144.0,68.0,-2453.0,116.0,-1539.0,,-304.0
28.0,-292.0,,-100.0,80.0,-1868.0,121.0,-1289.0,,-232.0
185.0,-225.0,,-59.0,129.0,-1648.0,142.0,-1346.0,,-173.0
59.0,-142.0,,6.0,87.0,-1415.0,169.0,-1014.0,,-108.0
19.0,-194.0,,7.0,50.0,-1168.0,183.0,-862.0,,-45.0
64.0,-329.0,,7.0,30.0,-1386.0,199.0,-742.0,,23.0
69.0,-419.0,,4.0,-32.0,-1802.0,202.0,-574.0,,104.0
161.0,-434.0,,79.0,-17.0,-2293.0,215.0,-809.0,,170.0
-17.0,-494.0,,79.0,10.0,-2828.0,227.0,-787.0,,235.0
50.0,-621.0,,162.0,21.0,-2915.0,242.0,-1060.0,,288.0
-102.0,-471.0,,256.0,93.0,-3123.0,254.0,-997.0,,335.0
15.0,-271.0,,219.0,88.0,-3409.0,222.0,-901.0,,371.0
-4.0,-100.0,,217.0,39.0,-3476.0,224.0,-875.0,,389.0
-205.0,41.0,,201.0,-26.0,-3205.0,222.0,-546.0,,400.0
-100.0,43.0,,238.0,-167.0,-2848.0,206.0,-487.0,,383.0
-221.0,27.0,,232.0,-176.0,-2623.0,211.0,-186.0,,353.0
-105.0,-40.0,,193.0,-88.0,-2117.0,194.0,-290.0,,305.0
-295.0,-53.0,,188.0,-8.0,-1630.0,198.0,-473.0,,245.0
-258.0,-195.0,,228.0,131.0,-1640.0,197.0,-480.0,,182.0
-265.0,-230.0,,214.0,158.0,-1880.0,183.0,-484.0,,127.0
-412.0,-124.0,,155.0,83.0,-1686.0,188.0,-254.0,,77.0
-329.0,-25.0,,183.0,72.0,-1645.0,189.0,-509.0,,27.0
-500.0,222.0,,152.0,78.0,-1888.0,203.0,-618.0,,-16.0
-449.0,420.0,,138.0,146.0,-1950.0,205.0,-796.0,,-65.0
-590.0,529.0,,34.0,236.0,-2128.0,197.0,-837.0,,-117.0
-533.0,236.0,,-101.0,233.0,-2241.0,196.0,-657.0,,-185.0
-571.0,-163.0,,-34.0,241.0,-2323.0,190.0,-822.0,,-255.0
-682.0,-470.0,,-26.0,208.0,-2277.0,196.0,-748.0,,-329.0
-630.0,-678.0,,-83.0,99.0,-1934.0,219.0,-888.0,,-408.0
-736.0,-607.0,,-96.0,65.0,-1619.0,241.0,-909.0,,-487.0
-584.0,-437.0,,-162.0,36.0,-1302.0,271.0,-951.0,,-569.0
-724.0,-139.0,,-164.0,39.0,-973.0,289.0,-1130.0,,-628.0
-703.0,-32.0,,-123.0,129.0,-795.0,263.0,-1145.0,,-687.0
-699.0,42.0,,-145.0,133.0,-728.0,243.0,-1396.0,,-729.0
-638.0,116.0,,-96.0,136.0,-936.0,246.0,-1276.0,,-757.0
-520.0,116.0,,-80.0,143.0,-1302.0,248.0,-1162.0,,-792.0
-747.0,134.0,,-63.0,22.0,-1459.0,248.0,-955.0,,-816.0
-583.0,1.0,,13.0,-64.0,-1698.0,249.0,-763.0,,-839.0
-521.0,25.0,,-45.0,-137.0,-1805.0,257.0,-907.0,,-848.0
-410.0,103.0,,-19.0,-183.0,-1729.0,257.0,-772.0,,-838.0
-459.0,134.0,,20.0,-103.0,-1852.0,257.0,-835.0,,-830.0
-472.0,78.0,,-58.0,-78.0,-1763.0,255.0,-696.0,,-821.0
-323.0,-50.0,,-55.0,-47.0,-1667.0,260.0,-655.0,,-794.0
-345.0,-99.0,,-56.0,31.0,-1385.0,268.0,-674.0,,-768.0
-236.0,-222.0,,-55.0,-4.0,-1109.0,259.0,-460.0,,-751.0
-361.0,-279.0,,-40.0,-33.0,-1216.0,242.0,-594.0,,-730.0
-241.0,-186.0,,-13.0,-64.0,-1182.0,227.0,-550.0,,-707.0
-184.0,-34.0,,38.0,-178.0,-1492.0,210.0,-807.0,,-683.0
-129.0,-44.0,,-51.0,-213.0,-1470.0,190.0,-916.0,,-667.0
-117.0,-151.0,,-193.0,-221.0,-1260.0,190.0,-988.0,,-652.0
-175.0,1.0,,-203.0,-200.0,-1332.0,205.0,-1302.0,,-651.0
-47.0,287.0,,-239.0,-74.0,-1099.0,204.0,-1263.0,,-670.0
-80.0,355.0,,-292.0,-27.0,-972.0,168.0,-1431.0,,-695.0
0.0,119.0,,-257.0,2.0,-669.0,150.0,-1215.0,,-718.0
-66.0,-129.0,,-302.0,74.0,-742.0,157.0,-1071.0,,-733.0
33.0,-231.0,,-366.0,49.0,-995.0,166.0,-995.0,,-749.0
6.0,-166.0,,-324.0,37.0,-976.0,192.0,-879.0,,-744.0
-12.0,-76.0,,-263.0,13.0,-973.0,180.0,-1064.0,,-729.0
52.0,-61.0,,-209.0,-73.0,-880.0,179.0,-861.0,,-712.0
-1.0,-114.0,,-154.0,-98.0,-1136.0,194.0,-960.0,,-695.0
89.0,-339.0,,-142.0,-159.0,-1207.0,196.0,-790.0,,-692.0
55.0,-497.0,,-126.0,-188.0,-1187.0,213.0,-482.0,,-675.0
149.0,-354.0,,-175.0,-113.0,-1006.0,216.0,-376.0,,-663.0
50.0,-80.0,,-137.0,-87.0,-709.0,222.0,-116.0,,-641.0
98.0,-18.0,,19.0,-34.0,-418.0,216.0,-129.0,,-602.0
150.0,-61.0,,37.0,15.0,-229.0,210.0,125.0,,-569.0
106.0,-32.0,,-3.0,44.0,-450.0,220.0,107.0,,-517.0
147.0,46.0,,-26.0,132.0,-119.0,200.0,145.0,,-480.0
85.0,98.0,,-7.0,163.0,-15.0,180.0,299.0,,-453.0
135.0,129.0,,-55.0,163.0,55.0,186.0,240.0,,-420.0
58.0,266.0,,-73.0,149.0,212.0,209.0,362.0,,-394.0
65.0,216.0,,2.0,70.0,258.0,249.0,66.0,,-370.0
-54.0,43.0,,0.0,39.0,413.0,261.0,25.0,,-355.0
-74.0,-47.0,,-48.0,31.0,64.0,239.0,-40.0,,-341.0
-29.0,11.0,,-143.0,17.0,-65.0,244.0,-90.0,,-333.0
-56.0,136.0,,-207.0,84.0,-163.0,242.0,90.0,,-341.0
-82.0,195.0,,-217.0,95.0,54.0,243.0,12.0,,-355.0
-204.0,420.0,,-221.0,119.0,168.0,262.0,162.0,,-372.0
-220.0,645.0,,-247.0,205.0,113.0,257.0,40.0,,-389.0
-283.0,715.0,,-308.0,190.0,406.0,259.0,-79.0,,-385.0
-174.0,614.0,,-364.0,236.0,743.0,253.0,-362.0,,-369.0
-286.0,469.0,,-425.0,237.0,1083.0,249.0,-674.0,,-348.0
-303.0,395.0,,-447.0,163.0,1108.0,252.0,-515.0,,-325.0
-308.0,314.0,,-436.0,197.0,1281.0,264.0,-530.0,,-299.0
-340.0,189.0,,-438.0,156.0,1372.0,289.0,-352.0,,-254.0
-297.0,134.0,,-474.0,73.0,1458.0,270.0,-471.0,,-201.0
-482.0,212.0,,-446.0,77.0,1431.0,246.0,-630.0,,-128.0
-319.0,169.0,,-401.0,75.0,1469.0,224.0,-569.0,,-33.0
-385.0,144.0,,-388.0,83.0,1540.0,227.0,-626.0,,72.0
-315.0,73.0,,-385.0,128.0,1582.0,241.0,-317.0,,176.0
-289.0,36.0,,-435.0,121.0,1841.0,234.0,-293.0,,264.0
-363.0,95.0,,-417.0,72.0,1665.0,218.0,-169.0,,325.0
-252.0,-9.0,,-412.0,23.0,1429.0,155.0,-64.0,,353.0
-350.0,1.0,,-386.0,-28.0,1196.0,119.0,-83.0,,344.0
-179.0,110.0,,-366.0,-55.0,959.0,121.0,105.0,,315.0
-287.0,255.0,,-360.0,-26.0,684.0,128.0,-1.0,,278.0
-263.0,239.0,,-314.0,51.0,494.0,120.0,194.0,,241.0
-145.0,-52.0,,-349.0,97.0,736.0,109.0,190.0,,225.0
-201.0,-293.0,,-320.0,158.0,1341.0,125.0,269.0,,219.0
-124.0,-338.0,,-253.0,241.0,1675.0,116.0,461.0,,216.0
-175.0,-237.0,,-171.0,254.0,1525.0,100.0,328.0,,220.0
-81.0,-96.0,,-143.0,264.0,1270.0,90.0,428.0,,213.0
-124.0,139.0,,-177.0,240.0,872.0,79.0,164.0,,188.0
-99.0,278.0,,-160.0,163.0,624.0,70.0,218.0,,161.0
-68.0,342.0,,-175.0,125.0,321.0,52.0,349.0,,126.0
-238.0,350.0,,-207.0,60.0,-162.0,28.0,410.0,,75.0
-131.0,194.0,,-224.0,-37.0,-432.0,-6.0,606.0,,38.0
-166.0,14.0,,-213.0,-82.0,-305.0,-48.0,454.0,,10.0
-181.0,-75.0,,-165.0,-138.0,28.0,-57.0,631.0,,-12.0
-238.0,-10.0,,-209.0,-197.0,227.0,-43.0,558.0,,-30.0
-332.0,25.0,,-241.0,-179.0,196.0,-40.0,587.0,,-56.0
-153.0,107.0,,-183.0,-134.0,294.0,-26.0,582.0,,-100.0
-337.0,203.0,,-208.0,-85.0,533.0,-32.0,402.0,,-143.0
-227.0,222.0,,-162.0,-28.0,624.0,-60.0,552.0,,-170.0
-316.0,164.0,,-175.0,-19.0,413.0,-95.0,388.0,,-176.0
-269.0,33.0,,-252.0,-63.0,6.0,-121.0,402.0,,-164.0
-109.0,66.0,,-214.0,-107.0,-212.0,-132.0,73.0,,-153.0
-269.0,44.0,,-237.0,-191.0,-471.0,-125.0,-262.0,,-133.0
-20.0,-66.0,,-262.0,-303.0,-828.0,-116.0,-356.0,,-111.0
-276.0,-42.0,,-228.0,-325.0,-1334.0,-152.0,-539.0,,-99.0
59.0,19.0,,-186.0,-285.0,-1819.0,-177.0,-251.0,,-84.0
-55.0,66.0,,-243.0,-227.0,-1931.0,-196.0,-142.0,,-59.0
-29.0,75.0,,-263.0,-129.0,-1895.0,-220.0,157.0,,-10.0
97.0,39.0,,-200.0,-29.0,-1775.0,-217.0,284.0,,71.0
-116.0,-93.0,,-217.0,75.0,-1226.0,-216.0,169.0,,160.0
237.0,-291.0,,-245.0,200.0,-393.0,-244.0,205.0,,254.0
-180.0,-412.0,,-292.0,262.0,135.0,-293.0,-1.0,,342.0
233.0,-431.0,,-297.0,285.0,262.0,-348.0,129.0,,409.0
-32.0,-377.0,,-295.0,321.0,244.0,-375.0,53.0,,465.0
109.0,-404.0,,-317.0,299.0,537.0,-355.0,79.0,,531.0
204.0,-439.0,,-284.0,245.0,786.0,-342.0,140.0,,621.0
-113.0,-483.0,,-272.0,199.0,803.0,-340.0,-77.0,,725.0
184.0,-481.0,,-238.0,99.0,685.0,-338.0,-57.0,,835.0
-180.0,-269.0,,-248.0,-21.0,542.0,-352.0,-345.0,,940.0
328.0,-180.0,,-219.0,-97.0,679.0,-362.0,-258.0,,1030.0
-126.0,-105.0,,-193.0,-166.0,642.0,-386.0,-162.0,,1092.0
29.0,32.0,,-237.0,-197.0,452.0,-395.0,-155.0,,1138.0
19.0,121.0,,-197.0,-172.0,314.0,-390.0,-53.0,,1171.0
-101.0,197.0,,-162.0,-159.0,434.0,-401.0,-323.0,,1188.0
139.0,130.0,,-113.0,-112.0,550.0,-421.0,-254.0,,1193.0
-274.0,81.0,,-51.0,-28.0,540.0,-476.0,-434.0,,1175.0
77.0,26.0,,-7.0,10.0,616.0,-529.0,-421.0,,1122.0
-304.0,-25.0,,24.0,50.0,612.0,-563.0,-254.0,,1059.0
-51.0,-99.0,,54.0,68.0,814.0,-571.0,-164.0,,972.0
-248.0,-273.0,,80.0,4.0,978.0,-579.0,192.0,,878.0
-328.0,-317.0,,41.0,-39.0,1101.0,-610.0,3.0,,792.0
-210.0,-354.0,,-13.0,-65.0,1230.0,-621.0,-38.0,,679.0
-391.0,-440.0,,-17.0,-138.0,1325.0,-632.0,-169.0,,589.0
-207.0,-468.0,,-6.0,-178.0,1401.0,-624.0,-219.0,,507.0
-502.0,-378.0,,-3.0,-192.0,1167.0,-589.0,-16.0,,436.0
-272.0,-177.0,,40.0,-203.0,790.0,-559.0,29.0,,394.0
-446.0,72.0,,38.0,-154.0,522.0,-536.0,369.0,,339.0
-378.0,272.0,,39.0,-113.0,468.0,-542.0,314.0,,273.0
-356.0,355.0,,22.0,-81.0,371.0,-576.0,254.0,,193.0
-477.0,519.0,,-64.0,21.0,287.0,-587.0,68.0,,119.0
-426.0,646.0,,-107.0,91.0,335.0,-593.0,-142.0,,44.0
-474.0,703.0,,-145.0,95.0,461.0,-617.0,35.0,,-9.0
-328.0,688.0,,-194.0,106.0,740.0,-637.0,-42.0,,-42.0
-427.0,538.0,,-217.0,70.0,971.0,-664.0,-3.0,,-46.0
-377.0,395.0,,-166.0,16.0,1161.0,-698.0,-260.0,,-18.0
-389.0,115.0,,-157.0,7.0,1363.0,-730.0,-269.0,,15.0
-380.0,-129.0,,-193.0,-10.0,1601.0,-753.0,-9.0,,81.0
-394.0,-209.0,,-191.0,9.0,1615.0,-764.0,7.0,,151.0
-415.0,-242.0,,-169.0,58.0,1339.0,-777.0,129.0,,249.0
-362.0,-225.0,,-141.0,16.0,1168.0,-785.0,-230.0,,369.0
-348.0,-127.0,,-154.0,-35.0,1190.0,-773.0,-412.0,,472.0
-356.0,92.0,,-65.0,-66.0,1425.0,-766.0,-654.0,,563.0
-407.0,230.0,,-22.0,-133.0,1846.0,-773.0,-890.0,,613.0
-459.0,332.0,,-41.0,-145.0,2151.0,-785.0,-816.0,,623.0
-397.0,514.0,,94.0,-147.0,2209.0,-794.0,-907.0,,610.0
-347.0,644.0,,157.0,-178.0,2464.0,-782.0,-630.0,,593.0
-398.0,577.0,,166.0,-126.0,2820.0,-776.0,-628.0,,587.0
-458.0,323.0,,165.0,-66.0,2965.0,-772.0,-521.0,,586.0
-470.0,95.0,,124.0,-49.0,2742.0,-786.0,-402.0,,588.0
-403.0,-48.0,,175.0,-21.0,2451.0,-806.0,-511.0,,592.0
-399.0,-202.0,,65.0,-79.0,2642.0,-838.0,-330.0,,585.0
-384.0,-448.0,,5.0,-175.0,2583.0,-894.0,-443.0,,572.0
-429.0,-520.0,,216.0,-175.0,2209.0,-913.0,-301.0,,536.0
-373.0,-424.0,,195.0,-180.0,1671.0,-932.0,-225.0,,469.0
-321.0,-386.0,,117.0,-180.0,1094.0,-917.0,-184.0,,385.0
-275.0,-254.0,,227.0,-120.0,854.0,-855.0,-177.0,,295.0
-330.0,-143.0,,180.0,-105.0,336.0,-813.0,-504.0,,209.0
-302.0,-11.0,,131.0,-61.0,26.0,-767.0,-493.0,,157.0
-214.0,265.0,,178.0,18.0,97.0,-740.0,-615.0,,141.0
-192.0,453.0,,155.0,11.0,89.0,-704.0,-328.0,,147.0
-213.0,487.0,,200.0,17.0,188.0,-670.0,-31.0,,154.0
-264.0,598.0,,207.0,52.0,263.0,-680.0,-20.0,,140.0
-96.0,650.0,,134.0,69.0,229.0,-693.0,147.0,,116.0
-139.0,400.0,,159.0,132.0,178.0,-702.0,-24.0,,68.0
-45.0,232.0,,234.0,169.0,477.0,-701.0,84.0,,6.0
-140.0,160.0,,264.0,151.0,690.0,-686.0,-29.0,,-54.0
-72.0,-87.0,,287.0,181.0,539.0,-657.0,-138.0,,-110.0
0.0,-309.0,,333.0,178.0,346.0,-643.0,-40.0,,-164.0
-22.0,-442.0,,349.0,128.0,99.0,-618.0,-46.0,,-221.0
55.0,-475.0,,356.0,113.0,-83.0,-581.0,199.0,,-263.0
-110.0,-380.0,,370.0,51.0,-328.0,-544.0,22.0,,-312.0
82.0,-266.0,,351.0,33.0,-454.0,-484.0,38.0,,-332.0
-85.0,-152.0,,293.0,104.0,-220.0,-460.0,-1.0,,-321.0
-20.0,-76.0,,338.0,101.0,131.0,-455.0,-101.0,,-292.0
-78.0,-87.0,,420.0,72.0,183.0,-450.0,-16.0,,-243.0
-106.0,-139.0,,415.0,23.0,77.0,-470.0,-256.0,,-221.0
-37.0,-136.0,,483.0,-88.0,236.0,-475.0,-205.0,,-231.0
-179.0,-84.0,,551.0,-121.0,532.0,-464.0,-386.0,,-275.0
-5.0,39.0,,517.0,-150.0,790.0,-478.0,-448.0,,-341.0
-246.0,128.0,,428.0,-221.0,724.0,-504.0,-509.0,,-409.0
-38.0,186.0,,480.0,-212.0,447.0,-531.0,-707.0,,-469.0
-95.0,197.0,,519.0,-183.0,471.0,-573.0,-546.0,,-505.0
-137.0,64.0,,373.0,-113.0,457.0,-596.0,-646.0,,-519.0
-166.0,29.0,,421.0,27.0,163.0,-576.0,-482.0,,-534.0
-268.0,-97.0,,439.0,82.0,-252.0,-534.0,-565.0,,-565.0
-15.0,-295.0,,418.0,72.0,-467.0,-493.0,-724.0,,-592.0
-226.0,-325.0,,470.0,35.0,-331.0,-464.0,-687.0,,-616.0
-72.0,-253.0,,407.0,-101.0,-315.0,-442.0,-774.0,,-624.0
-155.0,-177.0,,386.0,-211.0,-418.0,-398.0,-476.0,,-596.0
-75.0,-62.0,,355.0,-302.0,-618.0,-369.0,-469.0,,-540.0
12.0,42.0,,398.0,-408.0,-715.0,-378.0,-338.0,,-461.0
-52.0,135.0,,487.0,-387.0,-769.0,-404.0,-351.0,,-377.0
108.0,410.0,,526.0,-369.0,-1006.0,-439.0,-461.0,,-309.0
48.0,400.0,,558.0,-375.0,-1162.0,-458.0,-349.0,,-269.0
278.0,146.0,,530.0,-299.0,-1108.0,-465.0,-618.0,,-263.0
206.0,-95.0,,491.0,-269.0,-1030.0,-478.0,-652.0,,-282.0
259.0,-339.0,,490.0,-220.0,-1118.0,-495.0,-955.0,,-319.0
322.0,-565.0,,484.0,-124.0,-1266.0,-501.0,-1069.0,,-366.0
349.0,-869.0,,453.0,-105.0,-1437.0,-479.0,-925.0,,-419.0
518.0,-1059.0,,403.0,-68.0,-1247.0,-451.0,-881.0,,-463.0
406.0,-999.0,,330.0,-55.0,-1024.0,-397.0,-583.0,,-489.0
480.0,-798.0,,328.0,-129.0,-684.0,-331.0,-694.0,,-500.0
458.0,-678.0,,311.0,-151.0,-509.0,-275.0,-589.0,,-506.0
538.0,-375.0,,280.0,-229.0,-811.0,-233.0,-554.0,,-516.0
583.0,-62.0,,228.0,-384.0,-846.0,-224.0,-439.0,,-525.0
505.0,138.0,,164.0,-448.0,-1012.0,-228.0,-127.0,,-528.0
518.0,352.0,,153.0,-490.0,-1214.0,-230.0,-201.0,,-520.0
469.0,431.0,,132.0,-475.0,-1425.0,-224.0,-92.0,,-502.0
489.0,449.0,,169.0,-377.0,-1375.0,-217.0,-297.0,,-483.0
403.0,254.0,,183.0,-323.0,-833.0,-222.0,-323.0,,-457.0
351.0,-26.0,,201.0,-199.0,-275.0,-237.0,-280.0,,-406.0
355.0,-325.0,,209.0,-17.0,-151.0,-237.0,-253.0,,-328.0
326.0,-580.0,,197.0,89.0,-370.0,-228.0,64.0,,-227.0
314.0,-687.0,,242.0,220.0,-75.0,-211.0,72.0,,-99.0
218.0,-657.0,,280.0,289.0,248.0,-173.0,262.0,,34.0
206.0,-635.0,,321.0,243.0,192.0,-136.0,112.0,,175.0
257.0,-597.0,,302.0,208.0,-37.0,-98.0,84.0,,304.0
200.0,-487.0,,319.0,77.0,-247.0,-72.0,258.0,,410.0
189.0,-500.0,,328.0,-82.0,-340.0,-57.0,147.0,,513.0
121.0,-342.0,,199.0,-159.0,-623.0,-60.0,291.0,,597.0
138.0,-275.0,,219.0,-248.0,-1054.0,-78.0,92.0,,672.0
191.0,-230.0,,310.0,-229.0,-1158.0,-69.0,101.0,,718.0
112.0,-111.0,,242.0,-127.0,-893.0,-67.0,48.0,,727.0
188.0,-132.0,,210.0,-79.0,-807.0,-75.0,-133.0,,695.0
154.0,22.0,,203.0,12.0,-907.0,-85.0,-145.0,,619.0
208.0,161.0,,209.0,64.0,-1125.0,-93.0,-400.0,,517.0
233.0,263.0,,266.0,57.0,-1093.0,-65.0,-330.0,,391.0
238.0,260.0,,257.0,118.0,-621.0,-37.0,-533.0,,256.0
320.0,249.0,,260.0,132.0,-457.0,-29.0,-530.0,,103.0
256.0,256.0,,324.0,136.0,-511.0,-31.0,-423.0,,-44.0
345.0,264.0,,360.0,220.0,-182.0,-37.0,-600.0,,-175.0
300.0,300.0,,370.0,257.0,313.0,-40.0,-504.0,,-274.0
406.0,216.0,,377.0,301.0,511.0,-35.0,-678.0,,-323.0
426.0,343.0,,391.0,321.0,414.0,3.0,-607.0,,-320.0
450.0,401.0,,456.0,233.0,58.0,35.0,-559.0,,-271.0
519.0,380.0,,500.0,215.0,-328.0,62.0,-482.0,,-200.0
417.0,352.0,,481.0,224.0,-488.0,73.0,-323.0,,-115.0
535.0,156.0,,488.0,208.0,-868.0,67.0,-389.0,,-47.0
431.0,-64.0,,515.0,233.0,-1318.0,74.0,-179.0,,0.0
578.0,-239.0,,535.0,147.0,-1509.0,61.0,-277.0,,23.0
547.0,-380.0,,527.0,-25.0,-1427.0,66.0,-240.0,,26.0
513.0,-570.0,,458.0,-181.0,-1207.0,62.0,-223.0,,14.0
586.0,-635.0,,370.0,-357.0,-1007.0,45.0,-230.0,,-24.0
548.0,-745.0,,271.0,-450.0,-625.0,57.0,49.0,,-83.0
666.0,-936.0,,233.0,-498.0,-196.0,76.0,1.0,,-170.0
518.0,-988.0,,262.0,-575.0,306.0,99.0,225.0,,-270.0
644.0,-750.0,,212.0,-540.0,553.0,115.0,306.0,,-361.0
567.0,-491.0,,123.0,-448.0,479.0,160.0,404.0,,-411.0
627.0,-285.0,,118.0,-359.0,498.0,201.0,447.0,,-419.0
675.0,106.0,,135.0,-206.0,538.0,233.0,195.0,,-402.0
592.0,353.0,,100.0,-121.0,682.0,275.0,230.0,,-370.0
673.0,617.0,,97.0,-69.0,677.0,286.0,-12.0,,-356.0
598.0,910.0,,116.0,5.0,742.0,291.0,81.0,,-366.0
734.0,881.0,,78.0,-19.0,905.0,299.0,208.0,,-398.0
602.0,577.0,,101.0,-31.0,699.0,304.0,319.0,,-432.0
633.0,264.0,,194.0,-7.0,554.0,301.0,618.0,,-457.0
640.0,173.0,,218.0,-23.0,550.0,291.0,491.0,,-474.0
654.0,115.0,,197.0,30.0,511.0,276.0,574.0,,-475.0
696.0,-78.0,,239.0,69.0,498.0,266.0,406.0,,-485.0
609.0,-90.0,,290.0,51.0,521.0,265.0,362.0,,-489.0
666.0,94.0,,325.0,83.0,446.0,267.0,299.0,,-486.0
580.0,119.0,,352.0,77.0,170.0,271.0,-42.0,,-490.0
683.0,282.0,,318.0,77.0,-20.0,281.0,-83.0,,-484.0
620.0,341.0,,271.0,171.0,69.0,294.0,-375.0,,-455.0
602.0,271.0,,203.0,256.0,230.0,306.0,-310.0,,-389.0
617.0,443.0,,162.0,336.0,285.0,308.0,-343.0,,-314.0
541.0,481.0,,188.0,351.0,246.0,295.0,-439.0,,-221.0
509.0,573.0,,201.0,237.0,150.0,285.0,-399.0,,-129.0
414.0,647.0,,176.0,137.0,214.0,274.0,-558.0,,-63.0
458.0,726.0,,151.0,32.0,280.0,261.0,-363.0,,-27.0
406.0,722.0,,86.0,-62.0,314.0,247.0,-338.0,,-56.0
361.0,427.0,,29.0,-37.0,354.0,248.0,-42.0,,-127.0
296.0,378.0,,80.0,-16.0,371.0,256.0,160.0,,-226.0
251.0,383.0,,93.0,7.0,427.0,252.0,171.0,,-331.0
229.0,154.0,,74.0,76.0,303.0,246.0,293.0,,-438.0
196.0,-91.0,,83.0,94.0,324.0,243.0,25.0,,-545.0
166.0,-269.0,,96.0,134.0,629.0,268.0,18.0,,-636.0
112.0,-556.0,,91.0,149.0,910.0,285.0,-210.0,,-715.0
77.0,-675.0,,67.0,82.0,1008.0,298.0,-238.0,,-771.0
74.0,-738.0,,93.0,97.0,863.0,311.0,-151.0,,-806.0
133.0,-793.0,,96.0,156.0,668.0,314.0,-375.0,,-800.0
90.0,-651.0,,51.0,197.0,774.0,328.0,-319.0,,-758.0
134.0,-634.0,,-18.0,241.0,934.0,335.0,-491.0,,-681.0
141.0,-429.0,,-86.0,161.0,854.0,335.0,-347.0,,-579.0
156.0,-223.0,,-79.0,12.0,737.0,321.0,-279.0,,-493.0
187.0,-186.0,,-27.0,-56.0,708.0,300.0,-288.0,,-425.0
210.0,-78.0,,-100.0,-101.0,951.0,285.0,-171.0,,-390.0
245.0,146.0,,-142.0,-94.0,1187.0,264.0,-291.0,,-371.0
229.0,298.0,,-131.0,-42.0,1249.0,259.0,-70.0,,-364.0
290.0,338.0,,-256.0,4.0,1191.0,261.0,-166.0,,-372.0
232.0,480.0,,-288.0,140.0,1051.0,268.0,-60.0,,-373.0
302.0,460.0,,-293.0,305.0,963.0,283.0,94.0,,-379.0
281.0,223.0,,-294.0,411.0,766.0,305.0,31.0,,-386.0
332.0,-141.0,,-251.0,485.0,467.0,336.0,186.0,,-383.0
300.0,-257.0,,-277.0,433.0,114.0,350.0,7.0,,-359.0
242.0,-110.0,,-272.0,270.0,-100.0,361.0,66.0,,-343.0
364.0,-43.0,,-234.0,140.0,-219.0,370.0,-83.0,,-329.0
282.0,-69.0,,-225.0,12.0,-379.0,345.0,-114.0,,-280.0
354.0,-46.0,,-249.0,-79.0,-329.0,312.0,59.0,,-228.0
268.0,77.0,,-207.0,-118.0,-202.0,300.0,3.0,,-148.0
316.0,-23.0,,-200.0,-219.0,-67.0,330.0,291.0,,-50.0
272.0,-159.0,,-237.0,-308.0,-64.0,388.0,256.0,,32.0
279.0,-294.0,,-197.0,-359.0,-244.0,398.0,452.0,,107.0
318.0,-504.0,,-138.0,-430.0,-388.0,391.0,611.0,,142.0
283.0,-636.0,,-55.0,-413.0,-605.0,374.0,606.0,,147.0
445.0,-812.0,,6.0,-308.0,-790.0,321.0,825.0,,122.0
369.0,-777.0,,0.0,-197.0,-855.0,292.0,598.0,,74.0
475.0,-550.0,,-38.0,-36.0,-732.0,284.0,428.0,,11.0
400.0,-179.0,,-88.0,124.0,-742.0,285.0,77.0,,-54.0
484.0,237.0,,-100.0,237.0,-857.0,269.0,20.0,,-110.0
478.0,418.0,,-55.0,333.0,-672.0,264.0,96.0,,-185.0
489.0,723.0,,-89.0,332.0,-438.0,272.0,-5.0,,-256.0
592.0,1113.0,,-177.0,267.0,-147.0,261.0,131.0,,-329.0
479.0,1123.0,,-230.0,226.0,156.0,266.0,-166.0,,-373.0
595.0,1133.0,,-265.0,149.0,359.0,258.0,-286.0,,-397.0
555.0,1369.0,,-249.0,70.0,237.0,241.0,-456.0,,-417.0
705.0,1267.0,,-245.0,29.0,-60.0,227.0,-495.0,,-415.0
690.0,1066.0,,-177.0,-18.0,-194.0,204.0,-367.0,,-436.0
726.0,718.0,,-123.0,-1.0,-308.0,167.0,-467.0,,-456.0
750.0,212.0,,-160.0,96.0,-346.0,152.0,-179.0,,-493.0
688.0,-102.0,,-154.0,167.0,-327.0,157.0,-212.0,,-550.0
716.0,-506.0,,-84.0,224.0,-392.0,176.0,-79.0,,-582.0
651.0,-619.0,,-45.0,258.0,-500.0,199.0,33.0,,-601.0
720.0,-515.0,,-63.0,251.0,-688.0,194.0,-35.0,,-590.0
648.0,-481.0,,-42.0,288.0,-920.0,203.0,160.0,,-560.0
678.0,-402.0,,-102.0,321.0,-1012.0,183.0,88.0,,-504.0
639.0,-280.0,,-173.0,316.0,-1199.0,160.0,212.0,,-437.0
671.0,-165.0,,-142.0,313.0,-1212.0,158.0,-20.0,,-374.0
664.0,-142.0,,-112.0,224.0,-1118.0,144.0,-242.0,,-298.0
589.0,-118.0,,-135.0,62.0,-1307.0,123.0,-210.0,,-230.0
544.0,-265.0,,-184.0,-83.0,-1362.0,76.0,-133.0,,-157.0
471.0,-561.0,,-208.0,-233.0,-1030.0,69.0,327.0,,-95.0
493.0,-590.0,,-252.0,-338.0,-548.0,85.0,391.0,,-61.0
384.0,-464.0,,-299.0,-328.0,-532.0,95.0,591.0,,-49.0
399.0,-361.0,,-323.0,-297.0,-492.0,104.0,644.0,,-66.0
390.0,-117.0,,-353.0,-251.0,-56.0,100.0,587.0,,-117.0
368.0,2.0,,-373.0,-170.0,176.0,102.0,672.0,,-202.0
317.0,207.0,,-439.0,-131.0,-60.0,105.0,421.0,,-286.0
290.0,658.0,,-532.0,-81.0,-427.0,110.0,469.0,,-377.0
243.0,980.0,,-484.0,3.0,-517.0,122.0,275.0,,-445.0
177.0,1095.0,,-470.0,67.0,-602.0,141.0,177.0,,-464.0
186.0,1131.0,,-482.0,177.0,-734.0,155.0,205.0,,-464.0
146.0,1108.0,,-476.0,309.0,-823.0,143.0,245.0,,-437.0
127.0,740.0,,-490.0,381.0,-660.0,124.0,570.0,,-407.0
15.0,344.0,,-488.0,434.0,-365.0,132.0,448.0,,-386.0
97.0,97.0,,-529.0,419.0,-265.0,138.0,393.0,,-365.0
88.0,64.0,,-536.0,314.0,-300.0,136.0,214.0,,-351.0
1.0,139.0,,-587.0,221.0,-236.0,138.0,262.0,,-332.0
-4.0,-32.0,,-619.0,105.0,89.0,140.0,465.0,,-294.0
17.0,-46.0,,-629.0,-20.0,444.0,165.0,267.0,,-236.0
90.0,122.0,,-647.0,-59.0,713.0,196.0,365.0,,-155.0
42.0,87.0,,-598.0,-83.0,838.0,206.0,243.0,,-47.0
111.0,-260.0,,-589.0,-103.0,822.0,204.0,247.0,,75.0
112.0,-608.0,,-627.0,-57.0,648.0,199.0,221.0,,201.0
138.0,-737.0,,-575.0,-29.0,624.0,193.0,75.0,,318.0
117.0,-695.0,,-493.0,-5.0,558.0,182.0,96.0,,401.0
99.0,-531.0,,-515.0,60.0,283.0,177.0,-136.0,,458.0
141.0,-216.0,,-527.0,83.0,183.0,158.0,-38.0,,480.0
139.0,108.0,,-558.0,92.0,84.0,133.0,-83.0,,475.0
192.0,341.0,,-612.0,95.0,-135.0,143.0,48.0,,467.0
119.0,491.0,,-608.0,55.0,-789.0,143.0,271.0,,452.0
141.0,372.0,,-622.0,59.0,-1287.0,129.0,195.0,,422.0
100.0,437.0,,-607.0,72.0,-1089.0,140.0,417.0,,370.0
74.0,476.0,,-626.0,6.0,-777.0,168.0,400.0,,311.0
108.0,186.0,,-688.0,-64.0,-578.0,190.0,532.0,,235.0
102.0,39.0,,-714.0,-129.0,-490.0,203.0,336.0,,151.0
82.0,11.0,,-810.0,-189.0,-214.0,213.0,-35.0,,93.0
-28.0,10.0,,-897.0,-166.0,249.0,207.0,-142.0,,64.0
0.0,-128.0,,-910.0,-110.0,513.0,205.0,-402.0,,59.0
3.0,-348.0,,-896.0,-67.0,596.0,225.0,-206.0,,71.0
-13.0,-561.0,,-903.0,-14.0,697.0,260.0,-238.0,,80.0
-44.0,-824.0,,-904.0,-14.0,699.0,274.0,-92.0,,86.0
-59.0,-964.0,,-860.0,-20.0,556.0,266.0,84.0,,86.0
-58.0,-899.0,,-823.0,50.0,273.0,260.0,33.0,,88.0
-121.0,-689.0,,-807.0,140.0,34.0,236.0,277.0,,108.0
-118.0,-533.0,,-790.0,238.0,1.0,225.0,179.0,,123.0
-155.0,-418.0,,-719.0,301.0,-89.0,232.0,314.0,,141.0
-139.0,-179.0,,-704.0,260.0,95.0,230.0,212.0,,148.0
-114.0,161.0,,-672.0,188.0,482.0,241.0,110.0,,135.0
-170.0,622.0,,-678.0,96.0,644.0,244.0,214.0,,133.0
-162.0,961.0,,-702.0,-51.0,711.0,249.0,123.0,,127.0
-152.0,1013.0,,-640.0,-146.0,694.0,272.0,369.0,,120.0
-200.0,1004.0,,-633.0,-149.0,657.0,254.0,238.0,,101.0
-271.0,840.0,,-579.0,-123.0,335.0,248.0,288.0,,67.0
-276.0,496.0,,-560.0,-47.0,-41.0,239.0,384.0,,39.0
-224.0,301.0,,-568.0,7.0,195.0,215.0,511.0,,13.0
-232.0,58.0,,-491.0,-8.0,574.0,202.0,909.0,,1.0
-238.0,-293.0,,-487.0,-9.0,672.0,175.0,886.0,,14.0
-272.0,-346.0,,-552.0,-2.0,507.0,187.0,970.0,,42.0
-278.0,-246.0,,-507.0,20.0,492.0,182.0,661.0,,88.0
-248.0,-150.0,,-449.0,103.0,837.0,179.0,482.0,,138.0
-243.0,-166.0,,-479.0,149.0,897.0,188.0,530.0,,191.0
-252.0,-225.0,,-406.0,113.0,921.0,185.0,432.0,,243.0
-292.0,-145.0,,-356.0,53.0,790.0,199.0,521.0,,274.0
-222.0,-166.0,,-411.0,-66.0,636.0,188.0,219.0,,303.0
-219.0,-190.0,,-386.0,-175.0,943.0,171.0,314.0,,311.0
-287.0,51.0,,-360.0,-191.0,1061.0,152.0,369.0,,292.0
-309.0,282.0,,-340.0,-196.0,1027.0,143.0,325.0,,259.0
-243.0,430.0,,-308.0,-160.0,1035.0,148.0,463.0,,219.0
-228.0,592.0,,-315.0,-95.0,1272.0,152.0,291.0,,182.0
-301.0,572.0,,-332.0,-69.0,1398.0,176.0,382.0,,142.0
-331.0,537.0,,-380.0,-18.0,1224.0,202.0,190.0,,101.0
-418.0,464.0,,-349.0,53.0,1160.0,203.0,101.0,,68.0
-436.0,229.0,,-294.0,135.0,1125.0,177.0,20.0,,52.0
-485.0,122.0,,-312.0,266.0,1129.0,175.0,-112.0,,47.0
-487.0,193.0,,-325.0,342.0,1089.0,175.0,110.0,,39.0
-506.0,168.0,,-352.0,293.0,1350.0,179.0,42.0,,31.0
-543.0,58.0,,-386.0,224.0,1679.0,194.0,275.0,,14.0
-523.0,-86.0,,-418.0,164.0,1706.0,181.0,354.0,,-16.0
-604.0,-31.0,,-438.0,140.0,1701.0,176.0,421.0,,-49.0
-611.0,123.0,,-473.0,191.0,1569.0,164.0,511.0,,-106.0
-529.0,1.0,,-510.0,206.0,1340.0,132.0,275.0,,-163.0
-497.0,24.0,,-512.0,195.0,1041.0,122.0,349.0,,-207.0
-576.0,21.0,,-498.0,171.0,818.0,130.0,230.0,,-231.0
-558.0,-8.0,,-460.0,34.0,742.0,130.0,397.0,,-231.0
-527.0,-74.0,,-419.0,-132.0,674.0,123.0,563.0,,-230.0
-535.0,-202.0,,-335.0,-250.0,705.0,129.0,630.0,,-206.0
-521.0,-171.0,,-309.0,-351.0,1043.0,127.0,774.0,,-170.0
-457.0,-340.0,,-328.0,-352.0,1529.0,116.0,578.0,,-118.0
-413.0,-561.0,,-337.0,-289.0,1808.0,105.0,678.0,,-41.0
-489.0,-709.0,,-339.0,-238.0,1718.0,90.0,552.0,,52.0
-426.0,-714.0,,-274.0,-136.0,1405.0,82.0,617.0,,165.0
-421.0,-611.0,,-280.0,-69.0,1196.0,71.0,833.0,,272.0
-437.0,-323.0,,-269.0,-33.0,941.0,57.0,840.0,,381.0
-441.0,69.0,,-225.0,80.0,555.0,38.0,1032.0,,490.0
-418.0,473.0,,-244.0,175.0,281.0,9.0,929.0,,588.0
-354.0,868.0,,-246.0,265.0,271.0,0.0,1058.0,,673.0
-428.0,961.0,,-211.0,387.0,303.0,-7.0,1038.0,,733.0
-413.0,855.0,,-202.0,416.0,273.0,-29.0,992.0,,771.0
-448.0,641.0,,-217.0,383.0,399.0,-28.0,1008.0,,780.0
-455.0,314.0,,-155.0,308.0,645.0,-4.0,729.0,,768.0
-444.0,-102.0,,-83.0,149.0,859.0,30.0,722.0,,745.0
-521.0,-214.0,,0.0,18.0,872.0,43.0,428.0,,702.0
-530.0,-247.0,,44.0,-76.0,922.0,40.0,356.0,,653.0
-537.0,-231.0,,30.0,-144.0,927.0,25.0,413.0,,602.0
-539.0,-1.0,,-11.0,-86.0,711.0,5.0,393.0,,549.0
-645.0,208.0,,-39.0,5.0,572.0,6.0,489.0,,492.0
-641.0,273.0,,23.0,63.0,519.0,9.0,254.0,,410.0
-603.0,232.0,,6.0,118.0,473.0,7.0,380.0,,297.0
-627.0,359.0,,33.0,72.0,436.0,-7.0,347.0,,161.0
-629.0,221.0,,110.0,-21.0,513.0,-43.0,354.0,,4.0
-657.0,67.0,,112.0,-72.0,586.0,-76.0,521.0,,-175.0
-649.0,34.0,,163.0,-145.0,629.0,-90.0,441.0,,-343.0
-749.0,24.0,,188.0,-176.0,642.0,-82.0,585.0,,-476.0
-726.0,61.0,,181.0,-184.0,614.0,-59.0,389.0,,-578.0
-716.0,0.0,,206.0,-223.0,718.0,-40.0,406.0,,-646.0
-724.0,-47.0,,199.0,-177.0,502.0,-38.0,362.0,,-680.0
-691.0,-88.0,,149.0,-130.0,114.0,-65.0,236.0,,-679.0
-718.0,71.0,,160.0,-137.0,157.0,-99.0,347.0,,-658.0
-702.0,101.0,,126.0,-111.0,128.0,-110.0,112.0,,-620.0
-761.0,63.0,,58.0,-143.0,-155.0,-128.0,194.0,,-565.0
-660.0,84.0,,52.0,-147.0,-175.0,-137.0,88.0,,-495.0
-634.0,130.0,,48.0,-58.0,-13.0,-129.0,123.0,,-417.0
-643.0,32.0,,58.0,2.0,71.0,-135.0,267.0,,-344.0
-650.0,-290.0,,39.0,101.0,60.0,-137.0,169.0,,-281.0
-643.0,-426.0,,7.0,179.0,-37.0,-132.0,345.0,,-214.0
-603.0,-413.0,,-20.0,146.0,-79.0,-119.0,223.0,,-152.0
-639.0,-390.0,,-52.0,112.0,73.0,-96.0,362.0,,-85.0
-571.0,-590.0,,-13.0,28.0,371.0,-71.0,386.0,,-8.0
-583.0,-662.0,,7.0,-83.0,519.0,-45.0,417.0,,63.0
-501.0,-640.0,,34.0,-96.0,678.0,-32.0,665.0,,152.0
-558.0,-670.0,,122.0,-117.0,963.0,4.0,556.0,,238.0
-596.0,-689.0,,110.0,-82.0,1106.0,62.0,618.0,,327.0
-593.0,-741.0,,134.0,55.0,926.0,74.0,323.0,,394.0
-565.0,-527.0,,250.0,113.0,560.0,73.0,230.0,,431.0
-511.0,-450.0,,357.0,173.0,615.0,67.0,293.0,,448.0
-624.0,-413.0,,352.0,224.0,628.0,50.0,328.0,,430.0
-530.0,-292.0,,325.0,200.0,237.0,35.0,637.0,,409.0
-583.0,45.0,,382.0,221.0,-45.0,44.0,558.0,,370.0
-602.0,365.0,,420.0,188.0,-146.0,79.0,748.0,,331.0
-657.0,474.0,,458.0,102.0,-169.0,106.0,735.0,,294.0
-630.0,766.0,,402.0,66.0,-286.0,124.0,707.0,,237.0
-605.0,896.0,,379.0,-63.0,-369.0,138.0,853.0,,179.0
-691.0,920.0,,366.0,-209.0,-477.0,171.0,853.0,,104.0
-585.0,627.0,,328.0,-280.0,-524.0,211.0,1138.0,,28.0
-655.0,452.0,,352.0,-366.0,-303.0,250.0,1042.0,,-20.0
-670.0,254.0,,416.0,-336.0,-102.0,274.0,1064.0,,-50.0
-720.0,-181.0,,390.0,-251.0,-98.0,263.0,921.0,,-53.0
-665.0,-551.0,,309.0,-239.0,-313.0,230.0,703.0,,-41.0
-634.0,-1224.0,,377.0,-173.0,-440.0,204.0,696.0,,-46.0
-639.0,-1567.0,,382.0,-109.0,-609.0,213.0,432.0,,-61.0
-652.0,-1792.0,,377.0,-9.0,-905.0,223.0,635.0,,-82.0
-740.0,-1710.0,,369.0,207.0,-1031.0,235.0,707.0,,-108.0
-678.0,-1367.0,,338.0,350.0,-1117.0,253.0,879.0,,-130.0
-721.0,-1033.0,,335.0,453.0,-1093.0,272.0,899.0,,-136.0
-725.0,-555.0,,265.0,538.0,-977.0,306.0,583.0,,-111.0
-796.0,-136.0,,237.0,484.0,-972.0,348.0,508.0,,-73.0
-719.0,493.0,,256.0,425.0,-1191.0,401.0,136.0,,-20.0
-647.0,822.0,,284.0,356.0,-1468.0,432.0,251.0,,43.0
-726.0,1103.0,,235.0,227.0,-1641.0,439.0,323.0,,119.0
-711.0,1370.0,,228.0,170.0,-1860.0,435.0,397.0,,216.0
-655.0,1287.0,,256.0,81.0,-2088.0,432.0,574.0,,311.0
-572.0,992.0,,252.0,-34.0,-2130.0,459.0,389.0,,400.0
-534.0,494.0,,312.0,-61.0,-1967.0,473.0,491.0,,472.0
-460.0,-27.0,,356.0,-123.0,-1834.0,481.0,236.0,,514.0
-429.0,-480.0,,377.0,-150.0,-1625.0,495.0,206.0,,525.0
-365.0,-712.0,,380.0,-108.0,-1226.0,505.0,175.0,,500.0
-381.0,-971.0,,450.0,-130.0,-988.0,519.0,75.0,,459.0
-338.0,-893.0,,515.0,-121.0,-1090.0,517.0,282.0,,404.0
-319.0,-570.0,,525.0,-120.0,-1275.0,512.0,77.0,,332.0
-260.0,-304.0,,519.0,-213.0,-1277.0,518.0,96.0,,259.0
-180.0,179.0,,466.0,-275.0,-1120.0,550.0,5.0,,200.0
-305.0,541.0,,449.0,-374.0,-1093.0,565.0,194.0,,155.0
-235.0,677.0,,501.0,-495.0,-1137.0,582.0,480.0,,141.0
-269.0,597.0,,612.0,-511.0,-1018.0,606.0,489.0,,155.0
-209.0,346.0,,623.0,-533.0,-760.0,584.0,715.0,,175.0
-213.0,100.0,,570.0,-478.0,-598.0,550.0,543.0,,218.0
-242.0,-67.0,,536.0,-297.0,-799.0,517.0,567.0,,286.0
-231.0,-376.0,,580.0,-165.0,-921.0,496.0,382.0,,362.0
-387.0,-570.0,,615.0,-18.0,-1110.0,492.0,181.0,,447.0
-251.0,-446.0,,571.0,114.0,-1489.0,517.0,319.0,,526.0
-346.0,-413.0,,576.0,164.0,-1433.0,525.0,360.0,,575.0
-272.0,-301.0,,502.0,275.0,-1206.0,522.0,759.0,,587.0
-220.0,-208.0,,439.0,349.0,-1089.0,543.0,809.0,,549.0
-214.0,-57.0,,413.0,338.0,-1133.0,537.0,955.0,,453.0
-49.0,68.0,,411.0,322.0,-1215.0,503.0,896.0,,309.0
-230.0,-106.0,,408.0,200.0,-1099.0,461.0,465.0,,122.0
-123.0,-209.0,,377.0,103.0,-1020.0,438.0,242.0,,-61.0
-195.0,-252.0,,411.0,83.0,-1060.0,412.0,-194.0,,-210.0
-72.0,-466.0,,383.0,31.0,-1136.0,380.0,-88.0,,-310.0
6.0,-794.0,,351.0,79.0,-1283.0,367.0,-11.0,,-347.0
-114.0,-962.0,,345.0,133.0,-1519.0,378.0,107.0,,-336.0
17.0,-948.0,,353.0,77.0,-1803.0,400.0,288.0,,-307.0
-62.0,-712.0,,351.0,20.0,-1977.0,391.0,120.0,,-273.0
94.0,-542.0,,352.0,-102.0,-1939.0,361.0,266.0,,-243.0
9.0,-350.0,,403.0,-229.0,-1809.0,322.0,101.0,,-224.0
-8.0,-45.0,,400.0,-258.0,-1706.0,298.0,59.0,,-205.0
86.0,78.0,,443.0,-291.0,-1582.0,273.0,29.0,,-185.0
92.0,203.0,,483.0,-246.0,-1395.0,236.0,-29.0,,-158.0
105.0,215.0,,456.0,-145.0,-1216.0,202.0,112.0,,-101.0
3.0,382.0,,431.0,-139.0,-1187.0,160.0,-60.0,,-19.0
-14.0,359.0,,455.0,-128.0,-1195.0,131.0,57.0,,78.0
17.0,98.0,,505.0,-129.0,-1065.0,103.0,42.0,,201.0
72.0,-48.0,,489.0,-172.0,-972.0,81.0,147.0,,323.0
0.0,-265.0,,503.0,-143.0,-937.0,77.0,205.0,,433.0
-15.0,-427.0,,586.0,-126.0,-886.0,52.0,-46.0,,538.0
-134.0,-648.0,,669.0,-115.0,-706.0,24.0,11.0,,601.0
-7.0,-645.0,,716.0,-40.0,-677.0,10.0,-160.0,,640.0
-205.0,-531.0,,725.0,-43.0,-982.0,-9.0,-92.0,,656.0
-175.0,-459.0,,636.0,-75.0,-1076.0,-20.0,-88.0,,626.0
-188.0,-436.0,,523.0,-69.0,-1166.0,-27.0,-79.0,,585.0
-236.0,-369.0,,512.0,-116.0,-1582.0,-31.0,94.0,,521.0
-110.0,-226.0,,464.0,-119.0,-1846.0,-62.0,20.0,,461.0
-455.0,-316.0,,387.0,-127.0,-1729.0,-99.0,238.0,,397.0
-104.0,-210.0,,433.0,-212.0,-1483.0,-99.0,162.0,,325.0
-441.0,-42.0,,474.0,-208.0,-1402.0,-119.0,219.0,,249.0
-160.0,-115.0,,466.0,-145.0,-1394.0,-129.0,269.0,,147.0
-244.0,-363.0,,536.0,-35.0,-1262.0,-149.0,192.0,,51.0
-251.0,-686.0,,538.0,176.0,-1206.0,-207.0,415.0,,-46.0
-5.0,-840.0,,471.0,314.0,-1143.0,-232.0,284.0,,-134.0
-467.0,-1005.0,,498.0,395.0,-978.0,-246.0,376.0,,-223.0
51.0,-996.0,,482.0,434.0,-793.0,-249.0,223.0,,-301.0
-522.0,-533.0,,440.0,310.0,-663.0,-264.0,-31.0,,-349.0
68.0,-159.0,,451.0,155.0,-714.0,-272.0,-127.0,,-364.0
-237.0,96.0,,425.0,-4.0,-834.0,-260.0,-327.0,,-326.0
-190.0,327.0,,387.0,-191.0,-827.0,-280.0,-112.0,,-273.0
20.0,311.0,,390.0,-303.0,-467.0,-296.0,-44.0,,-190.0
-467.0,426.0,,376.0,-394.0,-136.0,-312.0,269.0,,-97.0
144.0,462.0,,278.0,-438.0,23.0,-300.0,423.0,,-22.0
-639.0,370.0,,302.0,-349.0,-242.0,-291.0,436.0,,50.0
163.0,330.0,,422.0,-257.0,-972.0,-321.0,607.0,,108.0
-457.0,293.0,,438.0,-196.0,-1335.0,-344.0,393.0,,175.0
-134.0,329.0,,401.0,-140.0,-1348.0,-378.0,441.0,,234.0
-77.0,333.0,,387.0,-183.0,-1297.0,-409.0,206.0,,261.0
-380.0,533.0,,413.0,-218.0,-1350.0,-436.0,168.0,,278.0
198.0,828.0,,440.0,-189.0,-1095.0,-469.0,312.0,,262.0
-667.0,944.0,,495.0,-168.0,-639.0,-490.0,177.0,,206.0
346.0,731.0,,539.0,-63.0,-473.0,-498.0,232.0,,127.0
-503.0,608.0,,559.0,49.0,-304.0,-490.0,-3.0,,35.0
153.0,608.0,,558.0,54.0,-44.0,-509.0,77.0,,-37.0
-186.0,397.0,,579.0,23.0,247.0,-504.0,42.0,,-87.0
-183.0,181.0,,544.0,-77.0,389.0,-494.0,-31.0,,-103.0
283.0,-3.0,,507.0,-231.0,330.0,-517.0,-64.0,,-70.0
-384.0,44.0,,537.0,-308.0,87.0,-507.0,-419.0,,-14.0
539.0,-31.0,,467.0,-312.0,-47.0,-492.0,-467.0,,80.0
-437.0,-18.0,,445.0,-225.0,33.0,-471.0,-798.0,,188.0
506.0,-18.0,,424.0,-74.0,123.0,-476.0,-665.0,,258.0
-185.0,-186.0,,325.0,-2.0,144.0,-490.0,-400.0,,299.0
157.0,38.0,,266.0,42.0,206.0,-497.0,-328.0,,312.0
178.0,168.0,,204.0,80.0,308.0,-501.0,-116.0,,299.0
-136.0,296.0,,174.0,72.0,223.0,-472.0,-260.0,,285.0
536.0,535.0,,193.0,120.0,251.0,-455.0,-40.0,,269.0
-313.0,812.0,,131.0,196.0,415.0,-447.0,-64.0,,244.0
564.0,1010.0,,87.0,239.0,514.0,-467.0,-103.0,,215.0
-320.0,983.0,,141.0,292.0,600.0,-480.0,-134.0,,183.0
320.0,986.0,,111.0,273.0,708.0,-486.0,-325.0,,142.0
-27.0,888.0,,92.0,167.0,769.0,-483.0,-145.0,,91.0
113.0,634.0,,91.0,107.0,950.0,-458.0,-314.0,,36.0
370.0,388.0,,93.0,71.0,1213.0,-450.0,-212.0,,-11.0
-46.0,333.0,,138.0,48.0,1202.0,-417.0,-105.0,,-45.0
658.0,132.0,,125.0,98.0,1119.0,-392.0,-11.0,,-64.0
-70.0,26.0,,152.0,125.0,1107.0,-367.0,173.0,,-71.0
614.0,297.0,,171.0,86.0,1014.0,-337.0,-57.0,,-92.0
38.0,306.0,,193.0,26.0,896.0,-320.0,44.0,,-128.0
515.0,265.0,,262.0,-91.0,843.0,-300.0,9.0,,-175.0
302.0,338.0,,268.0,-202.0,580.0,-295.0,166.0,,-230.0
176.0,196.0,,245.0,-271.0,380.0,-305.0,352.0,,-272.0
488.0,69.0,,188.0,-365.0,471.0,-320.0,339.0,,-301.0
16.0,122.0,,186.0,-406.0,483.0,-312.0,546.0,,-314.0
580.0,130.0,,191.0,-372.0,466.0,-296.0,358.0,,-321.0
-39.0,104.0,,124.0,-311.0,711.0,-269.0,279.0,,-339.0
561.0,148.0,,149.0,-189.0,1051.0,-230.0,-38.0,,-364.0
221.0,148.0,,174.0,-94.0,1185.0,-205.0,-206.0,,-397.0
423.0,24.0,,221.0,-73.0,1083.0,-182.0,-142.0,,-437.0
387.0,-366.0,,317.0,-61.0,805.0,-167.0,-380.0,,-480.0
179.0,-737.0,,350.0,-80.0,880.0,-161.0,-367.0,,-518.0
580.0,-1022.0,,369.0,-120.0,1028.0,-153.0,-572.0,,-547.0
33.0,-1431.0,,366.0,-121.0,911.0,-142.0,-395.0,,-580.0
578.0,-1733.0,,346.0,-135.0,722.0,-126.0,-280.0,,-617.0
79.0,-1859.0,,323.0,-148.0,620.0,-95.0,-389.0,,-647.0
445.0,-1786.0,,342.0,-113.0,874.0,-73.0,-273.0,,-669.0
140.0,-1666.0,,342.0,-117.0,1176.0,-71.0,-469.0,,-661.0
175.0,-1379.0,,311.0,-148.0,1560.0,-62.0,-504.0,,-620.0
417.0,-1000.0,,204.0,-180.0,1884.0,-59.0,-796.0,,-553.0
107.0,-729.0,,131.0,-238.0,1898.0,-62.0,-827.0,,-446.0
635.0,-494.0,,162.0,-235.0,1789.0,-46.0,-637.0,,-330.0
92.0,-338.0,,131.0,-182.0,1696.0,-30.0,-541.0,,-218.0
647.0,-258.0,,73.0,-159.0,1512.0,-37.0,-290.0,,-104.0
162.0,-332.0,,34.0,-124.0,928.0,-31.0,-596.0,,-8.0
461.0,-300.0,,112.0,-89.0,240.0,-6.0,-792.0,,59.0
324.0,-314.0,,141.0,-114.0,62.0,5.0,-1156.0,,93.0
232.0,-305.0,,186.0,-110.0,114.0,22.0,-1491.0,,91.0
553.0,-252.0,,302.0,-68.0,-36.0,25.0,-1444.0,,59.0
99.0,-137.0,,253.0,-44.0,17.0,21.0,-1448.0,,2.0
631.0,-34.0,,214.0,27.0,243.0,38.0,-1125.0,,-80.0
-5.0,-159.0,,189.0,90.0,536.0,59.0,-1140.0,,-177.0
655.0,42.0,,78.0,84.0,776.0,76.0,-1112.0,,-271.0
183.0,235.0,,0.0,96.0,1037.0,93.0,-1123.0,,-355.0
491.0,540.0,,-33.0,98.0,1334.0,122.0,-1261.0,,-408.0
436.0,763.0,,-85.0,92.0,1266.0,131.0,-1128.0,,-410.0
350.0,573.0,,-87.0,156.0,845.0,138.0,-1119.0,,-377.0
680.0,365.0,,-27.0,221.0,326.0,146.0,-755.0,,-310.0
113.0,47.0,,29.0,290.0,423.0,133.0,-724.0,,-214.0
818.0,-240.0,,105.0,353.0,834.0,126.0,-879.0,,-126.0
53.0,-596.0,,156.0,323.0,787.0,125.0,-1108.0,,-52.0
817.0,-804.0,,164.0,285.0,277.0,140.0,-1563.0,,0.0
300.0,-936.0,,166.0,262.0,-71.0,149.0,-1631.0,,16.0
608.0,-915.0,,110.0,188.0,-53.0,131.0,-1910.0,,-1.0
587.0,-553.0,,41.0,165.0,21.0,91.0,-1888.0,,-74.0
363.0,-286.0,,28.0,179.0,257.0,73.0,-1879.0,,-185.0
945.0,-51.0,,57.0,156.0,344.0,64.0,-1884.0,,-314.0
231.0,56.0,,61.0,181.0,140.0,75.0,-1564.0,,-444.0
1104.0,141.0,,42.0,172.0,52.0,103.0,-1413.0,,-537.0
320.0,455.0,,35.0,90.0,326.0,93.0,-966.0,,-591.0
947.0,839.0,,48.0,82.0,591.0,84.0,-864.0,,-594.0
563.0,1311.0,,33.0,107.0,830.0,74.0,-759.0,,-543.0
631.0,1721.0,,6.0,118.0,859.0,76.0,-764.0,,-455.0
861.0,1949.0,,27.0,149.0,574.0,67.0,-1176.0,,-338.0
322.0,2227.0,,43.0,125.0,738.0,49.0,-1317.0,,-223.0
1021.0,2401.0,,43.0,71.0,1165.0,38.0,-1577.0,,-137.0
291.0,2251.0,,20.0,38.0,1273.0,35.0,-1468.0,,-118.0
891.0,1977.0,,27.0,-21.0,1021.0,43.0,-1435.0,,-149.0
345.0,1825.0,,27.0,-22.0,957.0,24.0,-1489.0,,-221.0
587.0,1558.0,,18.0,35.0,1170.0,6.0,-1498.0,,-341.0
575.0,1118.0,,6.0,29.0,1201.0,-18.0,-1808.0,,-475.0
398.0,862.0,,-10.0,34.0,1045.0,-26.0,-1792.0,,-622.0
768.0,750.0,,-18.0,91.0,906.0,-17.0,-1829.0,,-756.0
182.0,807.0,,-31.0,162.0,883.0,-37.0,-1568.0,,-882.0
706.0,883.0,,76.0,334.0,654.0,-73.0,-1489.0,,-1008.0
256.0,903.0,,60.0,517.0,534.0,-95.0,-1707.0,,-1115.0
511.0,992.0,,-41.0,606.0,824.0,-90.0,-1683.0,,-1200.0
330.0,1152.0,,-8.0,673.0,1066.0,-93.0,-1914.0,,-1254.0
370.0,1343.0,,-49.0,621.0,1267.0,-82.0,-1842.0,,-1275.0
597.0,1319.0,,-124.0,435.0,1296.0,-59.0,-1949.0,,-1257.0
279.0,1312.0,,-103.0,246.0,1080.0,-70.0,-1975.0,,-1196.0
573.0,1328.0,,-107.0,25.0,936.0,-90.0,-1884.0,,-1110.0
303.0,1176.0,,-186.0,-167.0,831.0,-101.0,-1995.0,,-1022.0
672.0,900.0,,-224.0,-265.0,727.0,-88.0,-1788.0,,-933.0
528.0,510.0,,-204.0,-377.0,678.0,-85.0,-1871.0,,-841.0
652.0,262.0,,-155.0,-485.0,658.0,-117.0,-1712.0,,-778.0
694.0,68.0,,-169.0,-582.0,571.0,-162.0,-1662.0,,-753.0
662.0,-160.0,,-133.0,-722.0,566.0,-205.0,-1683.0,,-760.0
807.0,-406.0,,-71.0,-770.0,646.0,-235.0,-1487.0,,-817.0
573.0,-508.0,,-44.0,-703.0,607.0,-249.0,-1631.0,,-894.0
711.0,-501.0,,34.0,-582.0,557.0,-223.0,-1537.0,,-962.0
559.0,-482.0,,8.0,-343.0,427.0,-219.0,-1629.0,,-1034.0
768.0,-358.0,,31.0,-98.0,462.0,-213.0,-1526.0,,-1091.0
573.0,-393.0,,47.0,25.0,397.0,-206.0,-1426.0,,-1130.0
624.0,-425.0,,67.0,101.0,55.0,-238.0,-1542.0,,-1148.0
597.0,-536.0,,155.0,94.0,104.0,-225.0,-1413.0,,-1130.0
523.0,-746.0,,161.0,4.0,262.0,-220.0,-1624.0,,-1092.0
655.0,-922.0,,191.0,-53.0,352.0,-213.0,-1459.0,,-1047.0
547.0,-1106.0,,171.0,-120.0,461.0,-201.0,-1293.0,,-993.0
720.0,-1105.0,,168.0,-157.0,609.0,-197.0,-1127.0,,-943.0
429.0,-1191.0,,149.0,-103.0,630.0,-187.0,-957.0,,-903.0
561.0,-1317.0,,71.0,-47.0,486.0,-202.0,-1208.0,,-872.0
442.0,-1323.0,,3.0,67.0,523.0,-224.0,-1319.0,,-855.0
416.0,-1373.0,,-34.0,272.0,523.0,-263.0,-1716.0,,-837.0
451.0,-1474.0,,-30.0,409.0,414.0,-284.0,-1742.0,,-818.0
266.0,-1504.0,,-77.0,481.0,195.0,-288.0,-1725.0,,-800.0
499.0,-1374.0,,-73.0,515.0,386.0,-288.0,-1742.0,,-780.0
261.0,-1047.0,,-77.0,473.0,893.0,-290.0,-1457.0,,-755.0
458.0,-568.0,,-94.0,466.0,827.0,-306.0,-1448.0,,-729.0
352.0,-100.0,,-84.0,484.0,678.0,-313.0,-1197.0,,-695.0
412.0,358.0,,-53.0,454.0,784.0,-308.0,-1339.0,,-658.0
576.0,752.0,,-27.0,440.0,770.0,-297.0,-1450.0,,-619.0
420.0,1002.0,,-66.0,388.0,800.0,-299.0,-1441.0,,-568.0
752.0,1108.0,,-94.0,280.0,873.0,-303.0,-1504.0,,-503.0
426.0,1030.0,,-174.0,187.0,469.0,-316.0,-1154.0,,-437.0
770.0,801.0,,-164.0,70.0,-217.0,-320.0,-1088.0,,-368.0
546.0,687.0,,-129.0,-35.0,-652.0,-316.0,-944.0,,-296.0
607.0,731.0,,-157.0,-84.0,-941.0,-327.0,-1164.0,,-241.0
784.0,735.0,,-158.0,-126.0,-968.0,-322.0,-1406.0,,-187.0
547.0,756.0,,-154.0,-114.0,-877.0,-327.0,-1419.0,,-149.0
982.0,692.0,,-171.0,-56.0,-1009.0,-332.0,-1611.0,,-112.0
471.0,490.0,,-213.0,-48.0,-854.0,-341.0,-1378.0,,-82.0
952.0,399.0,,-175.0,-17.0,-523.0,-366.0,-1372.0,,-74.0
560.0,474.0,,-167.0,64.0,-358.0,-352.0,-1171.0,,-65.0
881.0,576.0,,-177.0,103.0,-145.0,-313.0,-1005.0,,-65.0
910.0,636.0,,-204.0,140.0,-56.0,-275.0,-1029.0,,-61.0
632.0,688.0,,-275.0,159.0,-129.0,-270.0,-788.0,,-57.0
1119.0,813.0,,-297.0,99.0,-39.0,-311.0,-820.0,,-48.0
522.0,821.0,,-317.0,56.0,248.0,-328.0,-541.0,,-16.0
1205.0,536.0,,-348.0,0.0,322.0,-334.0,-445.0,,30.0
517.0,57.0,,-401.0,-89.0,160.0,-330.0,-426.0,,82.0
1003.0,-425.0,,-404.0,-133.0,155.0,-293.0,-443.0,,134.0
763.0,-808.0,,-366.0,-193.0,8.0,-251.0,-665.0,,168.0
636.0,-1136.0,,-363.0,-241.0,-444.0,-209.0,-443.0,,179.0
1033.0,-1153.0,,-304.0,-191.0,-843.0,-214.0,-404.0,,164.0
307.0,-950.0,,-303.0,-138.0,-1119.0,-249.0,-101.0,,116.0
977.0,-871.0,,-351.0,-95.0,-1151.0,-273.0,25.0,,64.0
159.0,-895.0,,-310.0,-49.0,-970.0,-296.0,-175.0,,11.0
825.0,-858.0,,-304.0,-78.0,-773.0,-289.0,-291.0,,-21.0
408.0,-642.0,,-317.0,-100.0,-386.0,-294.0,-676.0,,-29.0
434.0,-342.0,,-300.0,-114.0,258.0,-289.0,-526.0,,-13.0
623.0,-42.0,,-294.0,-197.0,740.0,-264.0,-293.0,,23.0
41.0,56.0,,-259.0,-254.0,955.0,-247.0,123.0,,73.0
700.0,41.0,,-205.0,-284.0,923.0,-214.0,430.0,,129.0
-87.0,107.0,,-180.0,-294.0,774.0,-216.0,315.0,,163.0
631.0,1.0,,-162.0,-226.0,623.0,-218.0,356.0,,177.0
94.0,-416.0,,-76.0,-190.0,249.0,-234.0,109.0,,156.0
302.0,-933.0,,-36.0,-218.0,71.0,-257.0,271.0,,114.0
303.0,-1285.0,,-69.0,-204.0,-184.0,-249.0,461.0,,62.0
-137.0,-1391.0,,-55.0,-217.0,-501.0,-259.0,663.0,,-1.0
443.0,-1416.0,,-82.0,-250.0,-523.0,-248.0,916.0,,-61.0
-177.0,-1554.0,,-134.0,-220.0,-605.0,-257.0,772.0,,-120.0
500.0,-1696.0,,-123.0,-207.0,-415.0,-280.0,875.0,,-173.0
-115.0,-1693.0,,-106.0,-143.0,-95.0,-302.0,727.0,,-227.0
251.0,-1413.0,,-144.0,-2.0,60.0,-325.0,844.0,,-279.0
199.0,-865.0,,-169.0,92.0,118.0,-331.0,968.0,,-327.0
49.0,-244.0,,-176.0,185.0,256.0,-338.0,879.0,,-362.0
373.0,255.0,,-171.0,272.0,345.0,-316.0,958.0,,-402.0
-142.0,491.0,,-151.0,288.0,-105.0,-312.0,679.0,,-455.0
472.0,542.0,,-180.0,313.0,-623.0,-331.0,729.0,,-499.0
-51.0,463.0,,-180.0,339.0,-1014.0,-339.0,631.0,,-560.0
384.0,401.0,,-189.0,313.0,-1555.0,-328.0,541.0,,-610.0
63.0,493.0,,-193.0,296.0,-1813.0,-319.0,546.0,,-617.0
132.0,667.0,,-213.0,243.0,-1913.0,-324.0,375.0,,-584.0
264.0,877.0,,-273.0,155.0,-1953.0,-316.0,563.0,,-503.0
41.0,1073.0,,-330.0,98.0,-1590.0,-325.0,559.0,,-389.0
431.0,1271.0,,-389.0,1.0,-1310.0,-351.0,844.0,,-258.0
-29.0,1452.0,,-410.0,-80.0,-1231.0,-372.0,1008.0,,-127.0
433.0,1580.0,,-418.0,-93.0,-1087.0,-404.0,1008.0,,-29.0
37.0,1690.0,,-366.0,-132.0,-1132.0,-442.0,1143.0,,22.0
315.0,1809.0,,-304.0,-139.0,-1448.0,-447.0,947.0,,58.0
219.0,1706.0,,-270.0,-122.0,-1491.0,-431.0,1080.0,,85.0
222.0,1284.0,,-288.0,-145.0,-1349.0,-439.0,1047.0,,110.0
394.0,776.0,,-261.0,-104.0,-1684.0,-471.0,1138.0,,140.0
131.0,167.0,,-125.0,-72.0,-1969.0,-503.0,1247.0,,197.0
393.0,-547.0,,-34.0,-139.0,-1858.0,-506.0,1175.0,,279.0
40.0,-1153.0,,17.0,-199.0,-1747.0,-519.0,1322.0,,352.0
392.0,-1476.0,,13.0,-245.0,-1559.0,-532.0,1182.0,,430.0
169.0,-1619.0,,-81.0,-244.0,-1439.0,-523.0,1345.0,,479.0
238.0,-1717.0,,-148.0,-163.0,-1444.0,-521.0,1387.0,,478.0
187.0,-1766.0,,-142.0,-132.0,-1524.0,-504.0,1476.0,,414.0
145.0,-1837.0,,-161.0,-123.0,-1786.0,-488.0,1622.0,,265.0
277.0,-1824.0,,-159.0,-80.0,-2061.0,-483.0,1455.0,,72.0
32.0,-1521.0,,-119.0,-72.0,-2201.0,-483.0,1616.0,,-164.0
229.0,-866.0,,-52.0,-5.0,-2133.0,-479.0,1561.0,,-416.0
19.0,-120.0,,-41.0,111.0,-2182.0,-467.0,1795.0,,-644.0
178.0,304.0,,-63.0,172.0,-2088.0,-462.0,1975.0,,-855.0
148.0,443.0,,28.0,259.0,-1792.0,-466.0,1888.0,,-1021.0
89.0,390.0,,78.0,337.0,-1833.0,-467.0,1892.0,,-1122.0
94.0,99.0,,81.0,384.0,-1768.0,-476.0,1600.0,,-1151.0
-58.0,-183.0,,105.0,460.0,-1351.0,-474.0,1648.0,,-1095.0
86.0,-370.0,,48.0,456.0,-972.0,-451.0,1522.0,,-973.0
-83.0,-534.0,,-30.0,392.0,-811.0,-422.0,1574.0,,-806.0
-32.0,-658.0,,-44.0,344.0,-588.0,-416.0,1618.0,,-629.0
-69.0,-835.0,,-68.0,237.0,-444.0,-429.0,1306.0,,-463.0
-219.0,-965.0,,-86.0,162.0,-592.0,-425.0,1306.0,,-329.0
-188.0,-1008.0,,-138.0,140.0,-751.0,-431.0,1056.0,,-243.0
-428.0,-1065.0,,-192.0,76.0,-926.0,-413.0,1130.0,,-179.0
-340.0,-1022.0,,-181.0,67.0,-1106.0,-375.0,1128.0,,-144.0
-546.0,-767.0,,-206.0,64.0,-1035.0,-341.0,1128.0,,-137.0
-491.0,-400.0,,-257.0,23.0,-1024.0,-305.0,1422.0,,-148.0
-495.0,-39.0,,-301.0,71.0,-1265.0,-306.0,1478.0,,-178.0
-595.0,436.0,,-314.0,114.0,-1188.0,-304.0,1751.0,,-216.0
-452.0,864.0,,-307.0,139.0,-1081.0,-302.0,1577.0,,-232.0
-585.0,1287.0,,-308.0,196.0,-914.0,-298.0,1467.0,,-217.0
-376.0,1837.0,,-317.0,172.0,-530.0,-285.0,1256.0,,-154.0
-556.0,2160.0,,-298.0,140.0,-436.0,-264.0,946.0,,-53.0
-302.0,2145.0,,-305.0,131.0,-377.0,-229.0,1075.0,,51.0
-352.0,1982.0,,-306.0,57.0,-241.0,-221.0,981.0,,149.0
-296.0,1857.0,,-224.0,29.0,-248.0,-218.0,1276.0,,208.0
-282.0,1636.0,,-199.0,14.0,-431.0,-214.0,1293.0,,225.0
-382.0,1361.0,,-228.0,-68.0,-610.0,-199.0,1193.0,,206.0
-115.0,1003.0,,-210.0,-81.0,-673.0,-179.0,1178.0,,165.0
-345.0,504.0,,-193.0,-51.0,-494.0,-167.0,973.0,,108.0
-27.0,8.0,,-278.0,-11.0,-294.0,-159.0,1123.0,,30.0
-304.0,-336.0,,-324.0,114.0,-304.0,-183.0,1099.0,,-17.0
-202.0,-448.0,,-343.0,211.0,-152.0,-198.0,1489.0,,-41.0
-270.0,-567.0,,-445.0,288.0,219.0,-199.0,1788.0,,-49.0
-350.0,-501.0,,-512.0,383.0,473.0,-186.0,1901.0,,-24.0
-190.0,-233.0,,-567.0,350.0,325.0,-158.0,2019.0,,14.0
-438.0,0.0,,-605.0,297.0,498.0,-136.0,1655.0,,64.0
-194.0,168.0,,-609.0,305.0,897.0,-118.0,1590.0,,119.0
-550.0,300.0,,-578.0,264.0,775.0,-98.0,1324.0,,173.0
-341.0,255.0,,-562.0,253.0,695.0,-68.0,1221.0,,228.0
-473.0,-29.0,,-548.0,234.0,580.0,-74.0,1193.0,,271.0
-535.0,-369.0,,-528.0,155.0,511.0,-102.0,1010.0,,295.0
-440.0,-733.0,,-531.0,138.0,557.0,-110.0,1167.0,,302.0
-677.0,-905.0,,-480.0,129.0,340.0,-108.0,1066.0,,295.0
-368.0,-862.0,,-463.0,144.0,257.0,-107.0,1223.0,,277.0
-737.0,-667.0,,-457.0,241.0,502.0,-108.0,1298.0,,244.0
-521.0,-469.0,,-446.0,260.0,868.0,-88.0,1431.0,,199.0
-696.0,-263.0,,-470.0,248.0,1135.0,-67.0,1760.0,,168.0
-693.0,-105.0,,-467.0,281.0,1251.0,-70.0,1818.0,,159.0
-573.0,-87.0,,-391.0,252.0,1168.0,-52.0,2015.0,,146.0
-873.0,-33.0,,-332.0,212.0,1335.0,-12.0,1816.0,,120.0
-549.0,20.0,,-358.0,145.0,1706.0,5.0,1746.0,,91.0
-965.0,221.0,,-369.0,-1.0,1542.0,3.0,1675.0,,36.0
-601.0,445.0,,-375.0,-93.0,1150.0,-3.0,1570.0,,-25.0
-887.0,595.0,,-423.0,-183.0,1138.0,20.0,1738.0,,-54.0
-864.0,539.0,,-446.0,-309.0,1358.0,45.0,1492.0,,-42.0
-704.0,185.0,,-436.0,-337.0,1428.0,40.0,1406.0,,22.0
-1032.0,-350.0,,-482.0,-353.0,1380.0,31.0,1143.0,,134.0
-693.0,-802.0,,-488.0,-373.0,1348.0,40.0,1090.0,,268.0
-1135.0,-973.0,,-487.0,-340.0,1794.0,68.0,1267.0,,399.0
-677.0,-1153.0,,-563.0,-407.0,2431.0,88.0,1295.0,,500.0
-1037.0,-1191.0,,-628.0,-509.0,2433.0,107.0,1614.0,,544.0
-856.0,-1169.0,,-664.0,-569.0,2275.0,118.0,1544.0,,535.0
-770.0,-1078.0,,-659.0,-654.0,2338.0,139.0,1605.0,,476.0
-903.0,-742.0,,-632.0,-604.0,2161.0,151.0,1533.0,,385.0
-500.0,-211.0,,-547.0,-441.0,1855.0,148.0,1346.0,,287.0
-871.0,452.0,,-468.0,-303.0,1740.0,155.0,1267.0,,189.0
-392.0,878.0,,-418.0,-129.0,1377.0,149.0,881.0,,142.0
-740.0,1010.0,,-307.0,-32.0,1131.0,140.0,888.0,,165.0
-381.0,935.0,,-258.0,-40.0,1298.0,122.0,711.0,,242.0
-465.0,718.0,,-269.0,-72.0,1402.0,117.0,740.0,,368.0
-504.0,389.0,,-221.0,-203.0,1572.0,123.0,838.0,,518.0
-309.0,210.0,,-183.0,-313.0,1834.0,130.0,731.0,,690.0
-590.0,97.0,,-187.0,-288.0,2070.0,154.0,901.0,,873.0
-348.0,-146.0,,-201.0,-232.0,2338.0,168.0,707.0,,1057.0
-739.0,-389.0,,-198.0,-113.0,2525.0,189.0,737.0,,1220.0
-394.0,-859.0,,-245.0,20.0,2397.0,217.0,718.0,,1351.0
-691.0,-1218.0,,-273.0,66.0,2450.0,244.0,820.0,,1449.0
-704.0,-1212.0,,-231.0,157.0,2613.0,266.0,1053.0,,1480.0
-852.0,-1047.0,,-288.0,226.0,2251.0,276.0,944.0,,1449.0
-1046.0,-871.0,,-295.0,196.0,1881.0,299.0,1064.0,,1353.0
-910.0,-697.0,,-252.0,211.0,1972.0,328.0,842.0,,1223.0
-1180.0,-358.0,,-276.0,208.0,2134.0,358.0,818.0,,1099.0
-976.0,-13.0,,-294.0,210.0,2074.0,361.0,752.0,,971.0
-1322.0,169.0,,-242.0,308.0,2122.0,345.0,556.0,,875.0
-1121.0,233.0,,-207.0,333.0,2288.0,332.0,678.0,,809.0
-1247.0,324.0,,-214.0,322.0,2562.0,330.0,609.0,,756.0
-1261.0,202.0,,-100.0,339.0,2705.0,336.0,816.0,,715.0
-1201.0,-89.0,,-35.0,313.0,2416.0,331.0,715.0,,663.0
-1242.0,-169.0,,-51.0,325.0,2175.0,342.0,639.0,,609.0
-1013.0,-189.0,,-107.0,335.0,2210.0,345.0,650.0,,543.0
-1226.0,-165.0,,-140.0,290.0,2176.0,336.0,497.0,,453.0
-882.0,-120.0,,-130.0,262.0,2043.0,307.0,652.0,,350.0
-966.0,-110.0,,-183.0,218.0,1978.0,261.0,487.0,,247.0
-821.0,-61.0,,-236.0,125.0,1805.0,233.0,509.0,,144.0
-807.0,-86.0,,-259.0,76.0,2005.0,216.0,334.0,,77.0
-721.0,-303.0,,-230.0,-12.0,2373.0,229.0,36.0,,66.0
-508.0,-523.0,,-304.0,-102.0,2276.0,260.0,-53.0,,112.0
-642.0,-647.0,,-390.0,-121.0,2116.0,286.0,-206.0,,233.0
-371.0,-759.0,,-407.0,-184.0,2077.0,271.0,151.0,,410.0
-599.0,-793.0,,-401.0,-183.0,1921.0,236.0,254.0,,640.0
-336.0,-846.0,,-372.0,-228.0,1608.0,238.0,282.0,,902.0
-398.0,-983.0,,-387.0,-316.0,1443.0,260.0,79.0,,1152.0
-345.0,-1153.0,,-445.0,-405.0,1196.0,286.0,-275.0,,1376.0
-268.0,-1221.0,,-551.0,-497.0,1035.0,297.0,-279.0,,1556.0
-418.0,-1064.0,,-537.0,-508.0,925.0,283.0,-506.0,,1679.0
-219.0,-844.0,,-568.0,-484.0,623.0,267.0,-303.0,,1743.0
-498.0,-767.0,,-566.0,-406.0,483.0,253.0,-223.0,,1748.0
-173.0,-660.0,,-479.0,-352.0,152.0,250.0,-230.0,,1695.0
-376.0,-410.0,,-529.0,-239.0,-236.0,280.0,-242.0,,1601.0
-294.0,-91.0,,-566.0,-190.0,-200.0,310.0,-541.0,,1481.0
-362.0,286.0,,-603.0,-145.0,-42.0,311.0,-508.0,,1348.0
-378.0,628.0,,-588.0,-79.0,-143.0,312.0,-709.0,,1234.0
-138.0,1094.0,,-553.0,-92.0,-277.0,321.0,-617.0,,1132.0
-498.0,1502.0,,-464.0,-37.0,-398.0,340.0,-530.0,,1037.0
-197.0,1645.0,,-350.0,-44.0,-575.0,360.0,-485.0,,960.0
-498.0,1719.0,,-305.0,-7.0,-542.0,371.0,-229.0,,902.0
-174.0,1728.0,,-245.0,10.0,-564.0,397.0,-354.0,,864.0
-310.0,1542.0,,-155.0,-26.0,-513.0,423.0,-225.0,,841.0
-260.0,1278.0,,-41.0,-81.0,-75.0,451.0,-349.0,,818.0
-174.0,1094.0,,27.0,-142.0,200.0,495.0,-365.0,,788.0
-517.0,883.0,,149.0,-159.0,285.0,530.0,-428.0,,745.0
-121.0,726.0,,252.0,-187.0,413.0,558.0,-698.0,,687.0
-554.0,564.0,,273.0,-159.0,319.0,568.0,-565.0,,617.0
-148.0,380.0,,237.0,-152.0,127.0,574.0,-681.0,,543.0
-439.0,269.0,,169.0,-51.0,60.0,584.0,-491.0,,467.0
-295.0,162.0,,172.0,59.0,-35.0,589.0,-513.0,,398.0
-316.0,21.0,,123.0,145.0,-276.0,592.0,-620.0,,345.0
-483.0,-144.0,,63.0,268.0,-371.0,589.0,-596.0,,318.0
-18.0,-265.0,,63.0,308.0,-702.0,591.0,-825.0,,324.0
-512.0,-372.0,,74.0,352.0,-1049.0,582.0,-696.0,,345.0
-7.0,-414.0,,109.0,318.0,-872.0,588.0,-881.0,,388.0
-447.0,-316.0,,146.0,255.0,-772.0,617.0,-870.0,,439.0
-149.0,-110.0,,155.0,243.0,-540.0,644.0,-755.0,,493.0
-270.0,64.0,,173.0,183.0,-447.0,660.0,-661.0,,560.0
-384.0,89.0,,221.0,124.0,-577.0,663.0,-375.0,,622.0
-91.0,-16.0,,269.0,101.0,-523.0,643.0,-471.0,,688.0
-590.0,-98.0,,301.0,61.0,-527.0,623.0,-349.0,,752.0
0.0,-12.0,,291.0,26.0,-602.0,632.0,-537.0,,819.0
-510.0,20.0,,290.0,-61.0,-673.0,643.0,-696.0,,879.0
-117.0,-55.0,,301.0,-217.0,-589.0,652.0,-748.0,,924.0
-325.0,-211.0,,291.0,-299.0,-564.0,640.0,-964.0,,951.0
-228.0,-592.0,,351.0,-365.0,-261.0,621.0,-833.0,,921.0
-55.0,-890.0,,427.0,-373.0,137.0,593.0,-964.0,,873.0
-416.0,-1079.0,,434.0,-305.0,68.0,559.0,-849.0,,807.0
127.0,-1201.0,,418.0,-260.0,-4.0,570.0,-827.0,,715.0
-404.0,-1027.0,,409.0,-148.0,106.0,590.0,-885.0,,646.0
11.0,-661.0,,443.0,-76.0,-8.0,609.0,-859.0,,574.0
-363.0,-249.0,,494.0,-37.0,-363.0,627.0,-1164.0,,504.0
-148.0,98.0,,600.0,29.0,-490.0,623.0,-1156.0,,455.0
-179.0,386.0,,635.0,-25.0,-639.0,617.0,-1337.0,,433.0
-387.0,414.0,,580.0,-72.0,-770.0,620.0,-1217.0,,434.0
-83.0,259.0,,581.0,-94.0,-944.0,621.0,-973.0,,456.0
-555.0,155.0,,529.0,-150.0,-1151.0,613.0,-938.0,,492.0
-91.0,94.0,,539.0,-124.0,-838.0,595.0,-888.0,,519.0
-434.0,103.0,,493.0,-128.0,-476.0,593.0,-1308.0,,530.0
-109.0,100.0,,384.0,-149.0,-498.0,603.0,-1376.0,,503.0
-316.0,77.0,,284.0,-154.0,-665.0,583.0,-1483.0,,452.0
-311.0,-108.0,,164.0,-230.0,-588.0,579.0,-1468.0,,381.0
-196.0,-386.0,,123.0,-224.0,-378.0,587.0,-1315.0,,297.0
-467.0,-675.0,,58.0,-171.0,-267.0,583.0,-1496.0,,228.0
-155.0,-1018.0,,31.0,-144.0,-376.0,582.0,-1489.0,,174.0
-563.0,-1515.0,,-30.0,-82.0,-564.0,598.0,-1783.0,,152.0
-305.0,-1977.0,,-85.0,-107.0,-406.0,622.0,-1843.0,,162.0
-553.0,-2088.0,,-91.0,-120.0,-342.0,623.0,-1840.0,,167.0
-331.0,-2089.0,,-131.0,-74.0,-426.0,592.0,-1749.0,,160.0
-371.0,-1935.0,,-103.0,-87.0,-476.0,563.0,-1334.0,,130.0
-449.0,-1618.0,,-21.0,-29.0,-433.0,550.0,-1249.0,,75.0
-255.0,-1256.0,,-2.0,14.0,-112.0,532.0,-955.0,,23.0
-424.0,-668.0,,-10.0,22.0,-126.0,549.0,-888.0,,-27.0
-150.0,105.0,,-31.0,70.0,-405.0,566.0,-875.0,,-55.0
-339.0,795.0,,-77.0,33.0,-477.0,567.0,-907.0,,-50.0
-103.0,1371.0,,-117.0,35.0,-396.0,556.0,-1160.0,,-26.0
-317.0,1594.0,,-180.0,48.0,-321.0,520.0,-1097.0,,9.0
-243.0,1563.0,,-152.0,-4.0,-426.0,513.0,-1219.0,,32.0
-251.0,1704.0,,-159.0,3.0,-732.0,516.0,-1123.0,,42.0
-365.0,1768.0,,-215.0,-43.0,-1118.0,526.0,-1215.0,,34.0
-177.0,1751.0,,-243.0,-104.0,-1109.0,531.0,-1415.0,,22.0
-403.0,1624.0,,-264.0,-128.0,-1008.0,512.0,-1428.0,,18.0
-222.0,1487.0,,-207.0,-231.0,-1201.0,498.0,-1638.0,,32.0
-449.0,1550.0,,-159.0,-260.0,-1408.0,489.0,-1419.0,,66.0
-305.0,1657.0,,-120.0,-261.0,-1329.0,497.0,-1295.0,,120.0
-365.0,1683.0,,-62.0,-297.0,-968.0,507.0,-1003.0,,186.0
-483.0,1678.0,,-55.0,-236.0,-967.0,497.0,-822.0,,233.0
-360.0,1590.0,,-51.0,-238.0,-1085.0,484.0,-960.0,,268.0
-516.0,1053.0,,-6.0,-238.0,-943.0,468.0,-916.0,,287.0
-298.0,504.0,,-17.0,-192.0,-765.0,455.0,-1226.0,,287.0
-456.0,157.0,,-55.0,-219.0,-497.0,443.0,-1258.0,,269.0
-318.0,-59.0,,-66.0,-159.0,-540.0,428.0,-1402.0,,235.0
-407.0,-131.0,,-44.0,-126.0,-853.0,443.0,-1491.0,,191.0
-441.0,-330.0,,-57.0,-159.0,-697.0,453.0,-1428.0,,127.0
-299.0,-357.0,,-65.0,-125.0,-610.0,448.0,-1594.0,,37.0
-510.0,-278.0,,-33.0,-147.0,-927.0,442.0,-1431.0,,-82.0
-365.0,-259.0,,3.0,-117.0,-1116.0,428.0,-1544.0,,-221.0
-608.0,-416.0,,93.0,-31.0,-1139.0,416.0,-1393.0,,-369.0
-449.0,-618.0,,123.0,-12.0,-972.0,420.0,-1298.0,,-509.0
-557.0,-566.0,,89.0,89.0,-1180.0,444.0,-1372.0,,-626.0
-536.0,-563.0,,83.0,168.0,-1738.0,451.0,-1232.0,,-712.0
-432.0,-633.0,,126.0,210.0,-1914.0,456.0,-1437.0,,-784.0
-680.0,-704.0,,212.0,326.0,-2017.0,458.0,-1324.0,,-862.0
-471.0,-579.0,,294.0,364.0,-2248.0,456.0,-1413.0,,-945.0
-709.0,-592.0,,342.0,424.0,-2506.0,451.0,-1446.0,,-1040.0
-510.0,-757.0,,362.0,465.0,-2815.0,450.0,-1293.0,,-1150.0
-724.0,-664.0,,428.0,385.0,-2794.0,433.0,-1225.0,,-1258.0
-652.0,-544.0,,516.0,379.0,-2541.0,363.0,-907.0,,-1335.0
-668.0,-86.0,,598.0,327.0,-2467.0,309.0,-984.0,,-1400.0
-790.0,341.0,,685.0,237.0,-2346.0,278.0,-862.0,,-1440.0
-618.0,710.0,,693.0,200.0,-2228.0,248.0,-892.0,,-1454.0
-810.0,1178.0,,701.0,87.0,-2105.0,249.0,-920.0,,-1454.0
-600.0,1371.0,,734.0,43.0,-2015.0,242.0,-753.0,,-1429.0
-894.0,1464.0,,677.0,37.0,-2219.0,243.0,-962.0,,-1389.0
-608.0,1339.0,,641.0,-12.0,-2366.0,264.0,-853.0,,-1334.0
-795.0,1212.0,,614.0,43.0,-2322.0,261.0,-1019.0,,-1260.0
-708.0,985.0,,517.0,49.0,-2140.0,255.0,-1095.0,,-1174.0
-773.0,752.0,,477.0,50.0,-1979.0,228.0,-1191.0,,-1074.0
-884.0,534.0,,443.0,153.0,-2059.0,197.0,-1385.0,,-969.0
-671.0,326.0,,383.0,201.0,-1934.0,166.0,-1136.0,,-859.0
-880.0,294.0,,351.0,311.0,-1490.0,102.0,-1088.0,,-735.0
-478.0,-8.0,,288.0,390.0,-1216.0,51.0,-800.0,,-620.0
-822.0,-221.0,,212.0,352.0,-1154.0,29.0,-737.0,,-523.0
-470.0,-371.0,,228.0,390.0,-1122.0,10.0,-709.0,,-447.0
-652.0,-525.0,,280.0,382.0,-1171.0,-10.0,-665.0,,-406.0
-482.0,-645.0,,267.0,389.0,-1499.0,-21.0,-909.0,,-379.0
-456.0,-785.0,,257.0,457.0,-1819.0,-40.0,-744.0,,-375.0
-570.0,-682.0,,241.0,416.0,-1827.0,-74.0,-785.0,,-389.0
-212.0,-540.0,,286.0,393.0,-1940.0,-100.0,-628.0,,-413.0
-551.0,-376.0,,305.0,355.0,-2102.0,-106.0,-617.0,,-442.0
-158.0,-224.0,,273.0,271.0,-2212.0,-107.0,-831.0,,-465.0
-495.0,-148.0,,290.0,292.0,-2497.0,-141.0,-818.0,,-488.0
-137.0,-143.0,,241.0,247.0,-2426.0,-185.0,-1090.0,,-485.0
-211.0,-141.0,,179.0,182.0,-1962.0,-214.0,-1084.0,,-472.0
-144.0,-183.0,,154.0,204.0,-1570.0,-219.0,-1127.0,,-431.0
13.0,-329.0,,124.0,149.0,-1175.0,-211.0,-894.0,,-362.0
-186.0,-358.0,,100.0,153.0,-1074.0,-217.0,-609.0,,-314.0
196.0,-302.0,,65.0,161.0,-936.0,-223.0,-641.0,,-296.0
-119.0,-228.0,,51.0,61.0,-699.0,-233.0,-539.0,,-329.0
195.0,-76.0,,155.0,29.0,-847.0,-253.0,-729.0,,-414.0
30.0,145.0,,279.0,-64.0,-900.0,-277.0,-567.0,,-539.0
187.0,452.0,,358.0,-195.0,-1239.0,-336.0,-537.0,,-685.0
254.0,789.0,,384.0,-257.0,-1620.0,-391.0,-637.0,,-851.0
115.0,1035.0,,384.0,-399.0,-1759.0,-430.0,-630.0,,-1017.0
349.0,1157.0,,444.0,-482.0,-2187.0,-469.0,-835.0,,-1166.0
104.0,1093.0,,507.0,-496.0,-2219.0,-490.0,-809.0,,-1300.0
413.0,962.0,,561.0,-565.0,-2098.0,-512.0,-1208.0,,-1382.0
320.0,776.0,,531.0,-527.0,-1855.0,-535.0,-1367.0,,-1404.0
394.0,551.0,,542.0,-499.0,-1312.0,-572.0,-1232.0,,-1365.0
415.0,404.0,,614.0,-534.0,-1118.0,-590.0,-1010.0,,-1253.0
288.0,121.0,,651.0,-492.0,-771.0,-580.0,-487.0,,-1098.0
522.0,-189.0,,707.0,-512.0,-371.0,-564.0,-373.0,,-928.0
305.0,-503.0,,726.0,-491.0,-221.0,-565.0,-245.0,,-771.0
528.0,-897.0,,730.0,-369.0,-149.0,-585.0,-526.0,,-667.0
409.0,-1076.0,,750.0,-329.0,-373.0,-611.0,-766.0,,-627.0
497.0,-967.0,,809.0,-251.0,-360.0,-657.0,-707.0,,-667.0
592.0,-875.0,,796.0,-170.0,-285.0,-700.0,-681.0,,-770.0
517.0,-941.0,,764.0,-168.0,-323.0,-735.0,-341.0,,-911.0
762.0,-867.0,,776.0,-81.0,-245.0,-766.0,-384.0,,-1096.0
566.0,-864.0,,681.0,-6.0,-544.0,-776.0,-310.0,,-1281.0
777.0,-1008.0,,577.0,50.0,-803.0,-753.0,-312.0,,-1459.0
633.0,-1014.0,,535.0,205.0,-1080.0,-748.0,-347.0,,-1621.0
839.0,-967.0,,462.0,292.0,-1183.0,-769.0,-267.0,,-1752.0
779.0,-885.0,,351.0,340.0,-925.0,-788.0,-498.0,,-1856.0
816.0,-941.0,,273.0,403.0,-1038.0,-803.0,-279.0,,-1921.0
855.0,-1047.0,,241.0,359.0,-1058.0,-786.0,-249.0,,-1973.0
723.0,-1087.0,,183.0,300.0,-1014.0,-771.0,-230.0,,-2003.0
933.0,-914.0,,190.0,225.0,-945.0,-782.0,-256.0,,-2010.0
696.0,-685.0,,262.0,57.0,-923.0,-776.0,-474.0,,-2014.0
956.0,-596.0,,282.0,-73.0,-1149.0,-743.0,-358.0,,-2015.0
670.0,-325.0,,364.0,-184.0,-982.0,-741.0,-445.0,,-2016.0
986.0,-117.0,,413.0,-294.0,-777.0,-751.0,-275.0,,-2025.0
755.0,0.0,,395.0,-302.0,-895.0,-739.0,-293.0,,-2038.0
905.0,44.0,,416.0,-316.0,-1326.0,-749.0,-358.0,,-2035.0
1028.0,163.0,,387.0,-327.0,-1482.0,-760.0,-312.0,,-2022.0
843.0,347.0,,301.0,-230.0,-1011.0,-764.0,-493.0,,-1983.0
1184.0,328.0,,221.0,-155.0,-807.0,-755.0,-245.0,,-1903.0
735.0,324.0,,137.0,-88.0,-1019.0,-720.0,-184.0,,-1799.0
1247.0,500.0,,45.0,10.0,-1270.0,-701.0,-149.0,,-1661.0
731.0,909.0,,11.0,9.0,-1172.0,-715.0,-319.0,,-1483.0
1057.0,1137.0,,-31.0,-33.0,-1277.0,-727.0,-574.0,,-1271.0
894.0,1267.0,,-83.0,-70.0,-1766.0,-716.0,-558.0,,-1033.0
878.0,1280.0,,-65.0,-176.0,-2003.0,-696.0,-746.0,,-782.0
1120.0,983.0,,-34.0,-264.0,-2120.0,-676.0,-607.0,,-542.0
597.0,709.0,,-102.0,-308.0,-1876.0,-662.0,-676.0,,-328.0
1152.0,591.0,,-152.0,-355.0,-1438.0,-641.0,-624.0,,-159.0
479.0,493.0,,-125.0,-310.0,-1105.0,-637.0,-497.0,,-63.0
1026.0,233.0,,-176.0,-209.0,-1011.0,-641.0,-641.0,,-26.0
630.0,1.0,,-169.0,-141.0,-1002.0,-637.0,-463.0,,-49.0
683.0,-279.0,,-127.0,-47.0,-628.0,-636.0,-535.0,,-108.0
757.0,-480.0,,-138.0,1.0,-454.0,-618.0,-351.0,,-165.0
287.0,-577.0,,-69.0,-15.0,-664.0,-631.0,-186.0,,-209.0
748.0,-615.0,,-7.0,14.0,-795.0,-647.0,14.0,,-240.0
120.0,-488.0,,48.0,15.0,-615.0,-656.0,404.0,,-255.0
715.0,-388.0,,138.0,-25.0,-358.0,-662.0,352.0,,-262.0
230.0,-316.0,,256.0,-23.0,-569.0,-658.0,504.0,,-261.0
434.0,-414.0,,379.0,-57.0,-681.0,-665.0,436.0,,-234.0
437.0,-437.0,,388.0,-122.0,-396.0,-647.0,480.0,,-200.0
277.0,-359.0,,393.0,-123.0,-147.0,-595.0,434.0,,-161.0
677.0,-361.0,,439.0,-136.0,-50.0,-533.0,105.0,,-128.0
191.0,-358.0,,422.0,-148.0,-191.0,-504.0,55.0,,-98.0
751.0,-313.0,,341.0,-112.0,-15.0,-481.0,-205.0,,-67.0
315.0,-209.0,,225.0,-116.0,207.0,-470.0,-81.0,,-43.0
655.0,-140.0,,124.0,-106.0,445.0,-464.0,-53.0,,-28.0
549.0,-201.0,,45.0,-52.0,615.0,-413.0,-42.0,,-24.0
554.0,-323.0,,-19.0,-48.0,500.0,-378.0,68.0,,-10.0
750.0,-324.0,,-47.0,-59.0,524.0,-384.0,-72.0,,22.0
411.0,-492.0,,-65.0,-42.0,327.0,-395.0,173.0,,75.0
807.0,-677.0,,-51.0,-41.0,409.0,-411.0,260.0,,149.0
443.0,-657.0,,-46.0,18.0,242.0,-430.0,617.0,,239.0
833.0,-460.0,,-43.0,135.0,-38.0,-396.0,840.0,,337.0
600.0,-121.0,,-10.0,217.0,101.0,-349.0,783.0,,412.0
697.0,102.0,,-16.0,347.0,-41.0,-330.0,840.0,,461.0
764.0,371.0,,10.0,462.0,-217.0,-321.0,521.0,,489.0
732.0,579.0,,18.0,482.0,-551.0,-313.0,676.0,,490.0
986.0,725.0,,13.0,519.0,-620.0,-287.0,781.0,,452.0
728.0,861.0,,79.0,503.0,-516.0,-271.0,914.0,,381.0
1065.0,905.0,,120.0,409.0,-483.0,-255.0,997.0,,286.0
863.0,918.0,,164.0,356.0,-471.0,-246.0,702.0,,175.0
1099.0,859.0,,254.0,282.0,-567.0,-258.0,724.0,,80.0
1014.0,807.0,,320.0,187.0,-332.0,-244.0,559.0,,-14.0
1110.0,758.0,,392.0,153.0,-246.0,-222.0,783.0,,-109.0
1165.0,860.0,,460.0,74.0,-118.0,-235.0,990.0,,-190.0
1070.0,982.0,,486.0,-27.0,147.0,-259.0,1014.0,,-250.0
1240.0,973.0,,524.0,-67.0,179.0,-284.0,1058.0,,-291.0
1023.0,923.0,,609.0,-119.0,242.0,-277.0,774.0,,-314.0
1244.0,848.0,,653.0,-137.0,193.0,-264.0,833.0,,-314.0
1073.0,738.0,,626.0,-91.0,333.0,-271.0,726.0,,-305.0
1240.0,520.0,,608.0,-68.0,502.0,-240.0,910.0,,-282.0
1165.0,338.0,,577.0,-8.0,490.0,-211.0,1130.0,,-244.0
1188.0,182.0,,524.0,73.0,587.0,-168.0,1055.0,,-182.0
1131.0,112.0,,449.0,74.0,582.0,-119.0,1038.0,,-96.0
896.0,52.0,,368.0,92.0,590.0,-99.0,654.0,,0.0
977.0,98.0,,280.0,129.0,507.0,-76.0,702.0,,88.0
768.0,320.0,,164.0,103.0,513.0,-64.0,740.0,,141.0
853.0,355.0,,19.0,87.0,559.0,-49.0,881.0,,168.0
581.0,299.0,,-89.0,63.0,474.0,-38.0,1095.0,,153.0
623.0,306.0,,-239.0,28.0,314.0,-44.0,1034.0,,123.0
494.0,557.0,,-376.0,80.0,162.0,-42.0,1280.0,,99.0
384.0,745.0,,-401.0,125.0,381.0,-37.0,1149.0,,74.0
470.0,746.0,,-488.0,114.0,469.0,-35.0,1134.0,,84.0
326.0,773.0,,-540.0,121.0,510.0,-20.0,1056.0,,109.0
463.0,822.0,,-583.0,77.0,638.0,20.0,918.0,,151.0
290.0,858.0,,-550.0,35.0,970.0,92.0,1029.0,,223.0
423.0,813.0,,-458.0,64.0,1091.0,158.0,879.0,,307.0
322.0,996.0,,-441.0,69.0,654.0,186.0,1064.0,,392.0
358.0,1102.0,,-333.0,119.0,380.0,201.0,1091.0,,468.0
425.0,1020.0,,-245.0,207.0,40.0,197.0,1265.0,,540.0
232.0,932.0,,-206.0,215.0,45.0,167.0,1540.0,,586.0
370.0,837.0,,-149.0,213.0,303.0,151.0,1515.0,,589.0
143.0,795.0,,-54.0,185.0,477.0,152.0,1505.0,,554.0
316.0,694.0,,-28.0,80.0,728.0,149.0,1082.0,,490.0
85.0,617.0,,-3.0,-5.0,1211.0,155.0,994.0,,405.0
139.0,642.0,,96.0,-86.0,2120.0,135.0,923.0,,331.0
134.0,676.0,,81.0,-171.0,2430.0,116.0,861.0,,271.0
-61.0,635.0,,45.0,-154.0,2384.0,124.0,947.0,,211.0
165.0,638.0,,31.0,-126.0,2443.0,143.0,831.0,,153.0
-177.0,680.0,,53.0,-121.0,2556.0,202.0,1090.0,,91.0
123.0,630.0,,-5.0,-61.0,2694.0,256.0,1069.0,,41.0
-269.0,320.0,,-95.0,-56.0,2431.0,289.0,1049.0,,4.0
-74.0,-67.0,,-122.0,-90.0,2190.0,288.0,994.0,,-37.0
-253.0,-433.0,,-187.0,-93.0,2082.0,252.0,968.0,,-73.0
-375.0,-807.0,,-212.0,-131.0,2199.0,227.0,1345.0,,-88.0
-93.0,-1027.0,,-302.0,-127.0,2372.0,221.0,1298.0,,-84.0
-509.0,-1188.0,,-321.0,-75.0,2590.0,247.0,1291.0,,-64.0
-131.0,-1098.0,,-290.0,-39.0,2688.0,286.0,1034.0,,-25.0
-660.0,-821.0,,-390.0,69.0,2373.0,305.0,890.0,,16.0
-149.0,-725.0,,-419.0,194.0,2110.0,291.0,999.0,,53.0
-434.0,-595.0,,-396.0,248.0,1891.0,261.0,742.0,,77.0
-262.0,-264.0,,-396.0,323.0,1955.0,236.0,607.0,,67.0
-94.0,-21.0,,-387.0,359.0,1865.0,230.0,223.0,,35.0
-343.0,-18.0,,-345.0,331.0,1729.0,242.0,280.0,,-32.0
153.0,-204.0,,-304.0,344.0,1664.0,247.0,526.0,,-124.0
-301.0,-289.0,,-312.0,319.0,1532.0,235.0,626.0,,-202.0
295.0,-489.0,,-319.0,273.0,1633.0,222.0,870.0,,-230.0
-139.0,-700.0,,-317.0,255.0,1529.0,227.0,757.0,,-209.0
270.0,-519.0,,-328.0,202.0,1512.0,235.0,890.0,,-129.0
211.0,-303.0,,-370.0,202.0,1352.0,246.0,814.0,,19.0
140.0,-201.0,,-430.0,261.0,1385.0,288.0,848.0,,198.0
336.0,-156.0,,-476.0,269.0,1591.0,322.0,1014.0,,400.0
-27.0,28.0,,-494.0,286.0,1596.0,361.0,1088.0,,582.0
373.0,194.0,,-515.0,305.0,1628.0,412.0,1496.0,,720.0
37.0,294.0,,-595.0,258.0,1410.0,419.0,1431.0,,800.0
406.0,250.0,,-592.0,244.0,1510.0,398.0,1393.0,,812.0
175.0,235.0,,-556.0,238.0,1802.0,393.0,1053.0,,764.0
294.0,213.0,,-527.0,185.0,1892.0,412.0,663.0,,677.0
318.0,-52.0,,-397.0,164.0,1755.0,437.0,611.0,,580.0
339.0,-106.0,,-280.0,98.0,1822.0,450.0,426.0,,487.0
481.0,-233.0,,-188.0,-11.0,2109.0,452.0,585.0,,428.0
374.0,-295.0,,-86.0,-79.0,2291.0,448.0,465.0,,372.0
509.0,-398.0,,-9.0,-163.0,2201.0,418.0,578.0,,331.0
404.0,-580.0,,-10.0,-199.0,1727.0,415.0,742.0,,299.0
530.0,-549.0,,-14.0,-161.0,1519.0,442.0,711.0,,273.0
438.0,-489.0,,-44.0,-155.0,1465.0,455.0,807.0,,276.0
513.0,-416.0,,-94.0,-131.0,1533.0,460.0,587.0,,286.0
391.0,-452.0,,-134.0,-85.0,1560.0,440.0,761.0,,313.0
453.0,-397.0,,-276.0,-79.0,1729.0,439.0,825.0,,332.0
288.0,-329.0,,-346.0,-37.0,2097.0,451.0,988.0,,331.0
358.0,-340.0,,-366.0,0.0,2141.0,450.0,1123.0,,308.0
291.0,-517.0,,-425.0,1.0,2210.0,447.0,835.0,,275.0
322.0,-524.0,,-406.0,44.0,2113.0,440.0,881.0,,253.0
208.0,-499.0,,-353.0,64.0,2029.0,447.0,744.0,,238.0
58.0,-765.0,,-322.0,50.0,1887.0,454.0,849.0,,231.0
193.0,-868.0,,-283.0,71.0,1807.0,440.0,966.0,,216.0
-41.0,-944.0,,-269.0,33.0,2093.0,420.0,1066.0,,204.0
28.0,-992.0,,-306.0,-25.0,2055.0,408.0,1208.0,,194.0
-322.0,-1000.0,,-358.0,-50.0,2135.0,387.0,968.0,,163.0
-114.0,-854.0,,-446.0,-118.0,2351.0,352.0,1031.0,,127.0
-289.0,-663.0,,-510.0,-145.0,2487.0,319.0,873.0,,80.0
-189.0,-392.0,,-533.0,-143.0,2436.0,319.0,909.0,,18.0
-261.0,-12.0,,-627.0,-185.0,2084.0,330.0,975.0,,-41.0
-322.0,252.0,,-715.0,-175.0,2132.0,316.0,827.0,,-101.0
-181.0,582.0,,-700.0,-163.0,2028.0,274.0,875.0,,-167.0
-394.0,781.0,,-713.0,-191.0,1698.0,230.0,637.0,,-254.0
-242.0,994.0,,-687.0,-167.0,1458.0,208.0,774.0,,-347.0
-556.0,1268.0,,-647.0,-164.0,1425.0,182.0,735.0,,-436.0
-277.0,1488.0,,-680.0,-162.0,1754.0,168.0,691.0,,-523.0
-506.0,1591.0,,-647.0,-113.0,1740.0,170.0,727.0,,-611.0
-376.0,1586.0,,-518.0,-140.0,1583.0,190.0,395.0,,-720.0
-506.0,1583.0,,-412.0,-166.0,1406.0,218.0,391.0,,-836.0
-504.0,1297.0,,-414.0,-143.0,1381.0,197.0,277.0,,-965.0
-479.0,794.0,,-381.0,-153.0,1327.0,149.0,485.0,,-1102.0
-626.0,328.0,,-375.0,-109.0,1216.0,104.0,602.0,,-1229.0
-389.0,-34.0,,-416.0,-55.0,1524.0,95.0,591.0,,-1353.0
-688.0,-268.0,,-490.0,-69.0,1812.0,115.0,814.0,,-1450.0
-439.0,-351.0,,-536.0,-67.0,2122.0,119.0,727.0,,-1499.0
-728.0,-379.0,,-546.0,-92.0,2076.0,135.0,859.0,,-1476.0
-488.0,-222.0,,-660.0,-130.0,1999.0,119.0,639.0,,-1378.0
-722.0,-87.0,,-682.0,-97.0,2126.0,88.0,565.0,,-1236.0
-623.0,-185.0,,-730.0,-97.0,2195.0,90.0,709.0,,-1048.0
-588.0,-256.0,,-749.0,-115.0,2269.0,118.0,698.0,,-839.0
-696.0,-332.0,,-661.0,-105.0,2017.0,153.0,990.0,,-632.0
-532.0,-369.0,,-664.0,-161.0,1859.0,137.0,1080.0,,-445.0
-879.0,-485.0,,-649.0,-184.0,1648.0,104.0,1393.0,,-289.0
-493.0,-584.0,,-628.0,-164.0,1504.0,67.0,1387.0,,-142.0
-869.0,-625.0,,-574.0,-190.0,1485.0,57.0,1117.0,,10.0
-570.0,-694.0,,-506.0,-172.0,1500.0,71.0,812.0,,197.0
-888.0,-625.0,,-435.0,-143.0,1588.0,70.0,254.0,,411.0
-806.0,-620.0,,-369.0,-126.0,1406.0,70.0,218.0,,657.0
-772.0,-611.0,,-341.0,-43.0,1546.0,46.0,205.0,,935.0
-1017.0,-555.0,,-288.0,-14.0,1742.0,24.0,482.0,,1205.0
-726.0,-684.0,,-194.0,-25.0,1727.0,27.0,753.0,,1474.0
-1087.0,-770.0,,-127.0,21.0,1599.0,41.0,883.0,,1724.0
-678.0,-624.0,,-100.0,37.0,1413.0,48.0,1193.0,,1934.0
-1072.0,-436.0,,-54.0,94.0,1458.0,21.0,1067.0,,2095.0
-766.0,-264.0,,-31.0,198.0,1284.0,-10.0,1127.0,,2173.0
-905.0,104.0,,39.0,240.0,1357.0,-31.0,940.0,,2175.0
-882.0,524.0,,47.0,319.0,1690.0,-42.0,668.0,,2081.0
-710.0,617.0,,-32.0,371.0,1917.0,-42.0,439.0,,1893.0
-959.0,627.0,,-6.0,313.0,1947.0,-45.0,62.0,,1675.0
-596.0,594.0,,31.0,288.0,1736.0,-69.0,201.0,,1445.0
-923.0,409.0,,-26.0,255.0,1953.0,-81.0,234.0,,1223.0
-488.0,190.0,,-72.0,198.0,1871.0,-83.0,487.0,,1056.0
-738.0,-15.0,,-42.0,210.0,1565.0,-86.0,548.0,,927.0
-541.0,-56.0,,-124.0,176.0,1525.0,-61.0,412.0,,834.0
-505.0,-189.0,,-205.0,111.0,1558.0,-46.0,338.0,,782.0
-528.0,-399.0,,-181.0,59.0,1694.0,-64.0,-179.0,,751.0
-232.0,-474.0,,-196.0,-66.0,1366.0,-61.0,-334.0,,738.0
-494.0,-450.0,,-224.0,-145.0,1226.0,-51.0,-473.0,,738.0
-122.0,-428.0,,-235.0,-176.0,1473.0,-69.0,-279.0,,734.0
-415.0,-493.0,,-200.0,-227.0,1756.0,-84.0,12.0,,738.0
-149.0,-386.0,,-186.0,-189.0,1784.0,-101.0,40.0,,774.0
-265.0,-247.0,,-207.0,-132.0,1417.0,-92.0,282.0,,834.0
-237.0,-252.0,,-217.0,-123.0,1258.0,-65.0,182.0,,923.0
-87.0,-295.0,,-200.0,-71.0,1186.0,-54.0,271.0,,1034.0
-229.0,-388.0,,-102.0,-64.0,1223.0,-34.0,190.0,,1143.0
33.0,-489.0,,-16.0,-107.0,1287.0,-25.0,169.0,,1248.0
-202.0,-608.0,,42.0,-88.0,1462.0,-31.0,452.0,,1341.0
98.0,-706.0,,95.0,-98.0,1623.0,-46.0,541.0,,1418.0
-34.0,-788.0,,110.0,-109.0,1819.0,-65.0,798.0,,1470.0
104.0,-682.0,,142.0,-80.0,2186.0,-63.0,552.0,,1507.0
57.0,-514.0,,131.0,-107.0,1998.0,-42.0,332.0,,1528.0
-4.0,-619.0,,43.0,-121.0,1757.0,-12.0,83.0,,1519.0
95.0,-653.0,,-27.0,-128.0,1584.0,3.0,-303.0,,1489.0
-167.0,-598.0,,-71.0,-200.0,1377.0,-4.0,-334.0,,1444.0
25.0,-598.0,,-119.0,-233.0,1080.0,-2.0,-458.0,,1394.0
-232.0,-608.0,,-148.0,-247.0,600.0,23.0,-155.0,,1354.0
-24.0,-503.0,,-207.0,-300.0,556.0,41.0,-20.0,,1322.0
-188.0,-153.0,,-227.0,-284.0,693.0,59.0,62.0,,1305.0
-228.0,115.0,,-183.0,-267.0,757.0,53.0,179.0,,1283.0
-215.0,195.0,,-117.0,-281.0,661.0,18.0,14.0,,1253.0
-349.0,307.0,,-10.0,-219.0,522.0,-11.0,112.0,,1206.0
-146.0,455.0,,20.0,-166.0,414.0,-40.0,-158.0,,1132.0
-408.0,369.0,,89.0,-127.0,472.0,-51.0,-199.0,,1024.0
-164.0,209.0,,181.0,-57.0,768.0,-52.0,-151.0,,875.0
-296.0,200.0,,210.0,-35.0,950.0,-37.0,-101.0,,696.0
-227.0,169.0,,276.0,6.0,893.0,4.0,173.0,,473.0
-186.0,46.0,,309.0,80.0,530.0,47.0,151.0,,221.0
-166.0,-106.0,,263.0,103.0,431.0,62.0,352.0,,-40.0
45.0,-121.0,,241.0,164.0,545.0,65.0,186.0,,-309.0
-127.0,-20.0,,212.0,239.0,371.0,96.0,-11.0,,-569.0
85.0,58.0,,122.0,241.0,96.0,133.0,-182.0,,-808.0
26.0,161.0,,132.0,241.0,35.0,151.0,-408.0,,-1022.0
143.0,296.0,,166.0,243.0,154.0,151.0,-127.0,,-1216.0
144.0,393.0,,162.0,231.0,152.0,145.0,-9.0,,-1388.0
119.0,370.0,,218.0,242.0,46.0,142.0,397.0,,-1544.0
202.0,199.0,,221.0,225.0,-167.0,157.0,617.0,,-1673.0
81.0,55.0,,207.0,146.0,-386.0,191.0,659.0,,-1769.0
129.0,5.0,,252.0,98.0,-413.0,205.0,667.0,,-1834.0
0.0,1.0,,321.0,62.0,-283.0,192.0,321.0,,-1856.0
5.0,-35.0,,369.0,0.0,-99.0,169.0,251.0,,-1832.0
-49.0,-45.0,,411.0,-26.0,52.0,171.0,-88.0,,-1732.0
-166.0,53.0,,390.0,-67.0,-18.0,210.0,-195.0,,-1562.0
-168.0,121.0,,314.0,-100.0,-76.0,236.0,-249.0,,-1320.0
-218.0,132.0,,319.0,-103.0,-108.0,248.0,-362.0,,-1014.0
-261.0,90.0,,331.0,-157.0,-99.0,269.0,-212.0,,-681.0
-322.0,62.0,,294.0,-194.0,-2.0,271.0,-386.0,,-342.0
-378.0,1.0,,282.0,-180.0,-248.0,261.0,-277.0,,-23.0
-438.0,-82.0,,287.0,-189.0,-292.0,258.0,-336.0,,276.0
-498.0,-58.0,,294.0,-203.0,-331.0,260.0,-286.0,,533.0
-486.0,14.0,,333.0,-196.0,-423.0,246.0,-107.0,,746.0
-487.0,31.0,,352.0,-201.0,-298.0,244.0,-129.0,,917.0
-495.0,89.0,,357.0,-191.0,-191.0,246.0,127.0,,1048.0
-427.0,233.0,,373.0,-157.0,79.0,197.0,48.0,,1152.0
-441.0,226.0,,395.0,-123.0,112.0,174.0,138.0,,1222.0
-420.0,193.0,,441.0,-28.0,129.0,172.0,-9.0,,1277.0
-413.0,243.0,,466.0,96.0,93.0,177.0,-201.0,,1302.0
-355.0,308.0,,470.0,172.0,-35.0,205.0,-81.0,,1275.0
-316.0,349.0,,454.0,242.0,-126.0,203.0,-177.0,,1198.0
-343.0,331.0,,414.0,316.0,-275.0,206.0,70.0,,1073.0
-245.0,342.0,,337.0,378.0,-234.0,212.0,46.0,,905.0
-294.0,333.0,,301.0,428.0,-449.0,208.0,120.0,,701.0
-301.0,97.0,,283.0,410.0,-911.0,188.0,123.0,,465.0
-232.0,-233.0,,251.0,349.0,-1126.0,160.0,-70.0,,203.0
-154.0,-369.0,,243.0,314.0,-878.0,143.0,-46.0,,-64.0
-145.0,-448.0,,208.0,244.0,-613.0,127.0,-319.0,,-338.0
-215.0,-587.0,,185.0,156.0,-780.0,126.0,-269.0,,-598.0
-113.0,-605.0,,185.0,111.0,-1022.0,109.0,-404.0,,-826.0
-107.0,-390.0,,256.0,59.0,-1111.0,99.0,-402.0,,-1008.0
-60.0,-196.0,,321.0,19.0,-1198.0,92.0,-168.0,,-1136.0
-49.0,-89.0,,236.0,33.0,-1442.0,80.0,-118.0,,-1220.0
-24.0,-65.0,,200.0,46.0,-1654.0,91.0,142.0,,-1276.0
-35.0,-78.0,,281.0,79.0,-1523.0,81.0,-16.0,,-1296.0
-136.0,18.0,,280.0,119.0,-1310.0,42.0,-22.0,,-1279.0
-121.0,8.0,,221.0,98.0,-1180.0,-7.0,-140.0,,-1243.0
-254.0,-144.0,,249.0,84.0,-995.0,-49.0,-308.0,,-1184.0
-223.0,-183.0,,208.0,93.0,-976.0,-55.0,-288.0,,-1104.0
-295.0,-43.0,,110.0,72.0,-924.0,-40.0,-600.0,,-989.0
-325.0,-5.0,,171.0,66.0,-817.0,-64.0,-558.0,,-843.0
-366.0,49.0,,229.0,40.0,-680.0,-100.0,-742.0,,-686.0
-416.0,262.0,,270.0,-37.0,-598.0,-91.0,-820.0,,-508.0
-361.0,517.0,,311.0,-78.0,-797.0,-101.0,-820.0,,-322.0
-492.0,688.0,,299.0,-98.0,-855.0,-116.0,-1010.0,,-148.0
-446.0,630.0,,349.0,-141.0,-1070.0,-79.0,-853.0,,3.0
-614.0,500.0,,356.0,-145.0,-1462.0,-56.0,-973.0,,126.0
-611.0,277.0,,283.0,-157.0,-1816.0,-74.0,-862.0,,213.0
-641.0,-27.0,,245.0,-202.0,-2022.0,-100.0,-864.0,,261.0
-644.0,-362.0,,230.0,-234.0,-1773.0,-151.0,-899.0,,289.0
-645.0,-573.0,,234.0,-285.0,-1796.0,-200.0,-787.0,,305.0
-749.0,-561.0,,197.0,-292.0,-1848.0,-208.0,-1006.0,,294.0
-632.0,-555.0,,148.0,-247.0,-1704.0,-206.0,-870.0,,268.0
-698.0,-559.0,,184.0,-258.0,-1562.0,-190.0,-798.0,,234.0
-561.0,-427.0,,194.0,-258.0,-1229.0,-204.0,-478.0,,197.0
-620.0,-311.0,,250.0,-191.0,-1191.0,-246.0,-253.0,,157.0
-560.0,-291.0,,265.0,-132.0,-941.0,-243.0,-323.0,,110.0
-637.0,-271.0,,307.0,-79.0,-688.0,-241.0,-303.0,,78.0
-651.0,-324.0,,390.0,-14.0,-904.0,-238.0,-764.0,,41.0
-586.0,-241.0,,355.0,25.0,-1147.0,-257.0,-949.0,,-3.0
-645.0,-108.0,,406.0,96.0,-1463.0,-320.0,-1169.0,,-58.0
-493.0,-12.0,,379.0,186.0,-1573.0,-354.0,-1223.0,,-131.0
-569.0,105.0,,326.0,238.0,-1861.0,-377.0,-1019.0,,-187.0
-408.0,240.0,,375.0,310.0,-2099.0,-397.0,-1023.0,,-235.0
-474.0,418.0,,352.0,368.0,-2054.0,-388.0,-761.0,,-266.0
-314.0,482.0,,285.0,374.0,-2095.0,-382.0,-851.0,,-267.0
-292.0,500.0,,332.0,404.0,-1759.0,-378.0,-755.0,,-284.0
-275.0,408.0,,439.0,419.0,-1419.0,-381.0,-757.0,,-318.0
-189.0,266.0,,480.0,410.0,-1273.0,-405.0,-888.0,,-369.0
-278.0,71.0,,514.0,459.0,-1416.0,-415.0,-785.0,,-436.0
-153.0,-154.0,,540.0,466.0,-1807.0,-420.0,-986.0,,-510.0
-248.0,-290.0,,553.0,399.0,-1981.0,-434.0,-777.0,,-594.0
-90.0,-322.0,,523.0,338.0,-2236.0,-470.0,-718.0,,-681.0
-201.0,-280.0,,553.0,238.0,-2619.0,-490.0,-558.0,,-771.0
-76.0,-233.0,,669.0,135.0,-2852.0,-473.0,-546.0,,-849.0
-92.0,-136.0,,686.0,62.0,-2570.0,-470.0,-776.0,,-898.0
-158.0,-124.0,,656.0,-42.0,-2100.0,-467.0,-654.0,,-899.0
-144.0,-104.0,,724.0,-117.0,-2055.0,-471.0,-892.0,,-873.0
-221.0,-92.0,,841.0,-154.0,-1901.0,-509.0,-705.0,,-819.0
-63.0,-134.0,,850.0,-248.0,-1508.0,-557.0,-831.0,,-743.0
-240.0,-210.0,,820.0,-350.0,-1330.0,-582.0,-844.0,,-675.0
-151.0,-195.0,,833.0,-437.0,-1457.0,-598.0,-606.0,,-599.0
-258.0,-113.0,,736.0,-531.0,-1723.0,-610.0,-777.0,,-521.0
-180.0,-169.0,,585.0,-530.0,-1734.0,-619.0,-395.0,,-437.0
-197.0,-184.0,,539.0,-462.0,-1798.0,-646.0,-415.0,,-345.0
-248.0,-170.0,,505.0,-400.0,-2064.0,-620.0,-221.0,,-235.0
-207.0,-101.0,,430.0,-293.0,-2347.0,-570.0,-134.0,,-120.0
-273.0,-109.0,,321.0,-213.0,-2722.0,-558.0,-330.0,,-19.0
-128.0,-230.0,,247.0,-176.0,-3073.0,-559.0,-384.0,,78.0
-297.0,-232.0,,168.0,-92.0,-3283.0,-584.0,-901.0,,137.0
-204.0,-121.0,,35.0,-25.0,-2960.0,-619.0,-849.0,,163.0
-221.0,19.0,,-72.0,27.0,-2506.0,-676.0,-903.0,,154.0
-154.0,104.0,,-144.0,119.0,-2277.0,-696.0,-894.0,,124.0
-164.0,285.0,,-185.0,165.0,-1801.0,-688.0,-835.0,,76.0
-181.0,477.0,,-246.0,207.0,-1253.0,-703.0,-1032.0,,11.0
-48.0,538.0,,-245.0,282.0,-1032.0,-668.0,-886.0,,-30.0
-73.0,501.0,,-219.0,287.0,-1145.0,-634.0,-1053.0,,-70.0
43.0,412.0,,-166.0,288.0,-1292.0,-611.0,-837.0,,-92.0
3.0,346.0,,-119.0,300.0,-1327.0,-588.0,-593.0,,-104.0
130.0,47.0,,-145.0,219.0,-1400.0,-603.0,-526.0,,-114.0
121.0,-212.0,,-120.0,154.0,-1528.0,-638.0,-406.0,,-107.0
130.0,-233.0,,-127.0,129.0,-1558.0,-654.0,-650.0,,-109.0
186.0,-308.0,,-168.0,84.0,-1498.0,-644.0,-543.0,,-108.0
175.0,-413.0,,-151.0,105.0,-1498.0,-639.0,-687.0,,-97.0
253.0,-487.0,,-121.0,125.0,-1702.0,-622.0,-763.0,,-75.0
203.0,-418.0,,-141.0,109.0,-1845.0,-605.0,-722.0,,-48.0
231.0,-421.0,,-120.0,147.0,-1778.0,-584.0,-757.0,,-22.0
258.0,-430.0,,-97.0,160.0,-1766.0,-535.0,-402.0,,14.0
290.0,-443.0,,-95.0,122.0,-1795.0,-484.0,-445.0,,41.0
293.0,-419.0,,-64.0,87.0,-1743.0,-433.0,-303.0,,71.0
265.0,-229.0,,-34.0,-2.0,-1662.0,-382.0,-363.0,,112.0
260.0,-220.0,,35.0,-103.0,-1702.0,-365.0,-591.0,,153.0
264.0,-201.0,,83.0,-154.0,-1697.0,-355.0,-633.0,,229.0
256.0,-127.0,,93.0,-246.0,-1825.0,-336.0,-844.0,,336.0
350.0,-73.0,,115.0,-333.0,-2130.0,-330.0,-655.0,,467.0
361.0,-74.0,,148.0,-363.0,-2184.0,-296.0,-644.0,,634.0
352.0,-166.0,,150.0,-402.0,-2162.0,-255.0,-417.0,,813.0
337.0,-206.0,,124.0,-396.0,-2097.0,-232.0,-282.0,,989.0
353.0,-145.0,,64.0,-362.0,-1972.0,-233.0,-445.0,,1170.0
488.0,-261.0,,-6.0,-349.0,-1848.0,-257.0,-452.0,,1340.0
468.0,-581.0,,-82.0,-282.0,-1736.0,-251.0,-587.0,,1477.0
610.0,-494.0,,-176.0,-226.0,-1904.0,-233.0,-391.0,,1565.0
543.0,-411.0,,-264.0,-205.0,-2152.0,-199.0,-506.0,,1608.0
566.0,-584.0,,-340.0,-109.0,-2257.0,-174.0,-504.0,,1600.0
616.0,-540.0,,-357.0,15.0,-2272.0,-169.0,-485.0,,1548.0
573.0,-343.0,,-394.0,112.0,-2300.0,-162.0,-750.0,,1461.0
626.0,-216.0,,-470.0,193.0,-2413.0,-157.0,-766.0,,1334.0
520.0,-183.0,,-478.0,213.0,-2343.0,-124.0,-1055.0,,1192.0
710.0,-13.0,,-438.0,194.0,-2166.0,-81.0,-1023.0,,1029.0
613.0,124.0,,-385.0,199.0,-2027.0,-60.0,-1056.0,,871.0
631.0,206.0,,-300.0,167.0,-2065.0,-65.0,-1130.0,,740.0
648.0,356.0,,-231.0,125.0,-2312.0,-88.0,-1145.0,,629.0
633.0,527.0,,-171.0,123.0,-2382.0,-115.0,-1411.0,,574.0
696.0,729.0,,-100.0,71.0,-2322.0,-102.0,-1206.0,,562.0
532.0,783.0,,-83.0,0.0,-2268.0,-71.0,-1088.0,,601.0
633.0,686.0,,-76.0,-58.0,-2374.0,-62.0,-794.0,,660.0
499.0,547.0,,-85.0,-140.0,-2387.0,-39.0,-576.0,,718.0
591.0,448.0,,-117.0,-180.0,-2241.0,-3.0,-589.0,,774.0
496.0,279.0,,-125.0,-192.0,-2215.0,24.0,-415.0,,788.0
416.0,32.0,,-151.0,-244.0,-2145.0,62.0,-504.0,,754.0
470.0,-76.0,,-186.0,-243.0,-2518.0,111.0,-336.0,,678.0
364.0,-106.0,,-175.0,-210.0,-2950.0,144.0,-382.0,,582.0
409.0,-165.0,,-157.0,-221.0,-3004.0,158.0,-341.0,,467.0
237.0,-191.0,,-125.0,-197.0,-3115.0,152.0,-158.0,,360.0
379.0,-71.0,,-72.0,-183.0,-3061.0,156.0,-417.0,,282.0
270.0,142.0,,-23.0,-186.0,-3192.0,183.0,-489.0,,236.0
258.0,166.0,,38.0,-135.0,-3338.0,203.0,-872.0,,219.0
276.0,116.0,,60.0,-91.0,-3311.0,236.0,-1018.0,,231.0
207.0,232.0,,92.0,-45.0,-3418.0,278.0,-1045.0,,294.0
259.0,296.0,,136.0,25.0,-3546.0,322.0,-1128.0,,378.0
151.0,287.0,,107.0,36.0,-3795.0,363.0,-910.0,,486.0
284.0,119.0,,34.0,18.0,-3651.0,409.0,-921.0,,616.0
224.0,4.0,,-38.0,35.0,-3583.0,426.0,-685.0,,735.0
356.0,97.0,,-83.0,15.0,-3801.0,392.0,-681.0,,836.0
370.0,6.0,,-140.0,3.0,-3634.0,356.0,-687.0,,890.0
422.0,-19.0,,-173.0,38.0,-3605.0,352.0,-825.0,,864.0
523.0,157.0,,-176.0,46.0,-3591.0,377.0,-1176.0,,760.0
480.0,372.0,,-172.0,64.0,-3545.0,394.0,-1086.0,,580.0
527.0,436.0,,-125.0,52.0,-3699.0,415.0,-1143.0,,335.0
397.0,348.0,,-142.0,-18.0,-3689.0,434.0,-897.0,,59.0
544.0,426.0,,-181.0,-28.0,-3559.0,440.0,-857.0,,-226.0
492.0,547.0,,-162.0,-12.0,-3426.0,425.0,-892.0,,-486.0
464.0,439.0,,-166.0,-3.0,-3249.0,391.0,-812.0,,-703.0
410.0,213.0,,-197.0,45.0,-3213.0,372.0,-1016.0,,-865.0
366.0,138.0,,-221.0,42.0,-3169.0,372.0,-862.0,,-954.0
373.0,61.0,,-260.0,-7.0,-2915.0,400.0,-951.0,,-975.0
234.0,-158.0,,-359.0,-9.0,-2628.0,416.0,-727.0,,-950.0
315.0,-466.0,,-391.0,-34.0,-2481.0,402.0,-410.0,,-905.0
219.0,-541.0,,-361.0,-69.0,-2488.0,388.0,-230.0,,-839.0
227.0,-403.0,,-404.0,-76.0,-2155.0,362.0,44.0,,-784.0
150.0,-497.0,,-469.0,-124.0,-1734.0,347.0,-280.0,,-745.0
110.0,-410.0,,-488.0,-134.0,-1573.0,355.0,-384.0,,-717.0
112.0,-203.0,,-496.0,-93.0,-1511.0,353.0,-652.0,,-698.0
118.0,-164.0,,-505.0,-92.0,-1594.0,345.0,-873.0,,-671.0
157.0,-64.0,,-521.0,-48.0,-1532.0,346.0,-864.0,,-655.0
56.0,-2.0,,-522.0,25.0,-1393.0,362.0,-1001.0,,-644.0
141.0,102.0,,-474.0,49.0,-1241.0,373.0,-870.0,,-643.0
153.0,185.0,,-469.0,82.0,-1143.0,369.0,-1095.0,,-657.0
233.0,164.0,,-456.0,93.0,-1022.0,358.0,-1095.0,,-682.0
172.0,193.0,,-441.0,70.0,-594.0,330.0,-1014.0,,-713.0
224.0,225.0,,-412.0,85.0,-437.0,330.0,-881.0,,-732.0
280.0,215.0,,-248.0,66.0,-747.0,380.0,-635.0,,-739.0
257.0,190.0,,-159.0,13.0,-1155.0,432.0,-864.0,,-728.0
325.0,213.0,,-166.0,12.0,-1144.0,459.0,-875.0,,-713.0
305.0,234.0,,-44.0,-6.0,-635.0,458.0,-1043.0,,-679.0
409.0,145.0,,74.0,-32.0,-610.0,437.0,-879.0,,-631.0
362.0,-59.0,,105.0,-11.0,-775.0,420.0,-572.0,,-589.0
491.0,-134.0,,144.0,-43.0,-584.0,418.0,-583.0,,-531.0
488.0,-64.0,,214.0,-58.0,-520.0,408.0,-450.0,,-460.0
501.0,-217.0,,242.0,-38.0,-702.0,383.0,-731.0,,-390.0
541.0,-348.0,,218.0,-70.0,-1025.0,362.0,-711.0,,-314.0
501.0,-279.0,,231.0,-54.0,-859.0,334.0,-740.0,,-230.0
565.0,-183.0,,240.0,-26.0,-333.0,324.0,-777.0,,-150.0
506.0,-183.0,,200.0,-55.0,-143.0,359.0,-613.0,,-77.0
615.0,-333.0,,114.0,-24.0,-170.0,396.0,-681.0,,-22.0
495.0,-277.0,,91.0,23.0,-224.0,407.0,-445.0,,1.0
519.0,-47.0,,83.0,22.0,-63.0,380.0,-576.0,,-5.0
486.0,-34.0,,15.0,33.0,209.0,355.0,-598.0,,-59.0
418.0,-166.0,,-6.0,19.0,298.0,373.0,-733.0,,-142.0
416.0,-42.0,,26.0,0.0,188.0,371.0,-1040.0,,-235.0
311.0,199.0,,9.0,26.0,60.0,387.0,-868.0,,-315.0
342.0,205.0,,-81.0,-1.0,313.0,424.0,-698.0,,-374.0
182.0,55.0,,-65.0,-34.0,544.0,447.0,-48.0,,-405.0
309.0,78.0,,-55.0,-6.0,367.0,459.0,297.0,,-412.0
277.0,308.0,,-38.0,0.0,175.0,441.0,428.0,,-415.0
204.0,215.0,,37.0,38.0,128.0,443.0,498.0,,-391.0
224.0,-11.0,,104.0,85.0,197.0,403.0,192.0,,-350.0
267.0,61.0,,132.0,98.0,-33.0,347.0,92.0,,-294.0
409.0,195.0,,89.0,156.0,-294.0,324.0,-181.0,,-223.0
367.0,150.0,,120.0,168.0,-297.0,313.0,-88.0,,-148.0
492.0,28.0,,153.0,110.0,-251.0,353.0,-99.0,,-63.0
421.0,-37.0,,127.0,69.0,120.0,389.0,-243.0,,11.0
456.0,26.0,,112.0,8.0,242.0,433.0,-264.0,,82.0
465.0,102.0,,121.0,-30.0,240.0,452.0,-600.0,,157.0
446.0,-12.0,,93.0,-6.0,327.0,428.0,-620.0,,256.0
448.0,65.0,,69.0,3.0,190.0,416.0,-925.0,,372.0
368.0,357.0,,62.0,25.0,256.0,383.0,-1031.0,,494.0
455.0,527.0,,45.0,88.0,181.0,351.0,-916.0,,616.0
340.0,558.0,,65.0,98.0,92.0,321.0,-827.0,,714.0
344.0,674.0,,119.0,91.0,48.0,266.0,-299.0,,775.0
309.0,961.0,,162.0,83.0,-183.0,228.0,-169.0,,783.0
336.0,1072.0,,165.0,12.0,-367.0,200.0,0.0,,729.0
333.0,929.0,,216.0,-21.0,-440.0,208.0,-60.0,,607.0
263.0,758.0,,290.0,-33.0,-78.0,254.0,-203.0,,443.0
265.0,756.0,,365.0,-63.0,175.0,272.0,-234.0,,254.0
167.0,669.0,,458.0,-46.0,238.0,299.0,-495.0,,71.0
255.0,360.0,,497.0,-60.0,383.0,317.0,-436.0,,-87.0
199.0,79.0,,450.0,-85.0,663.0,289.0,-545.0,,-221.0
150.0,2.0,,401.0,-45.0,1181.0,252.0,-282.0,,-328.0
127.0,-44.0,,373.0,-43.0,1295.0,230.0,-94.0,,-412.0
150.0,-297.0,,287.0,-70.0,1448.0,235.0,-175.0,,-479.0
159.0,-401.0,,167.0,-66.0,1782.0,244.0,-90.0,,-539.0
64.0,-356.0,,46.0,-82.0,1986.0,232.0,-341.0,,-591.0
87.0,-350.0,,-39.0,-67.0,2280.0,201.0,-190.0,,-647.0
69.0,-340.0,,-122.0,-16.0,2372.0,166.0,-70.0,,-724.0
103.0,-275.0,,-190.0,7.0,2346.0,160.0,40.0,,-824.0
112.0,-115.0,,-169.0,70.0,2312.0,183.0,81.0,,-942.0
130.0,4.0,,-192.0,137.0,2365.0,203.0,-81.0,,-1077.0
117.0,96.0,,-238.0,145.0,2492.0,222.0,-66.0,,-1215.0
198.0,176.0,,-226.0,167.0,2306.0,224.0,-417.0,,-1354.0
290.0,125.0,,-178.0,160.0,2034.0,208.0,-445.0,,-1484.0
268.0,-35.0,,-72.0,116.0,1921.0,199.0,-535.0,,-1590.0
274.0,-125.0,,19.0,118.0,2054.0,194.0,-522.0,,-1688.0
293.0,-236.0,,67.0,88.0,2339.0,169.0,-206.0,,-1773.0
369.0,-365.0,,98.0,66.0,2472.0,119.0,-321.0,,-1837.0
279.0,-432.0,,134.0,92.0,2795.0,79.0,-273.0,,-1869.0
276.0,-439.0,,171.0,65.0,3018.0,67.0,-412.0,,-1891.0
279.0,-298.0,,150.0,56.0,2986.0,75.0,-290.0,,-1904.0
262.0,-200.0,,120.0,87.0,3109.0,87.0,-57.0,,-1901.0
296.0,-205.0,,64.0,104.0,3129.0,66.0,-5.0,,-1905.0
270.0,-129.0,,-35.0,149.0,3180.0,49.0,310.0,,-1911.0
243.0,45.0,,-78.0,183.0,3290.0,88.0,441.0,,-1919.0
149.0,-4.0,,-105.0,163.0,3505.0,126.0,766.0,,-1925.0
201.0,-124.0,,-176.0,174.0,3818.0,161.0,744.0,,-1946.0
151.0,2.0,,-245.0,154.0,3974.0,174.0,676.0,,-1964.0
117.0,128.0,,-307.0,92.0,4212.0,155.0,705.0,,-1960.0
120.0,224.0,,-332.0,83.0,4519.0,139.0,471.0,,-1939.0
118.0,277.0,,-304.0,40.0,4689.0,156.0,618.0,,-1882.0
112.0,404.0,,-365.0,8.0,4684.0,219.0,448.0,,-1774.0
60.0,643.0,,-476.0,40.0,4835.0,266.0,349.0,,-1610.0
134.0,630.0,,-505.0,25.0,5232.0,286.0,267.0,,-1400.0
112.0,379.0,,-457.0,6.0,5219.0,284.0,227.0,,-1147.0
214.0,386.0,,-449.0,4.0,4947.0,280.0,535.0,,-865.0
283.0,488.0,,-504.0,-51.0,4982.0,278.0,526.0,,-577.0
317.0,253.0,,-494.0,-78.0,5112.0,261.0,707.0,,-307.0
367.0,38.0,,-508.0,-87.0,5083.0,252.0,617.0,,-78.0
445.0,-11.0,,-537.0,-150.0,4889.0,264.0,554.0,,118.0
569.0,20.0,,-472.0,-178.0,4860.0,292.0,567.0,,265.0
543.0,-32.0,,-374.0,-197.0,4830.0,293.0,369.0,,373.0
602.0,-261.0,,-284.0,-241.0,4515.0,294.0,546.0,,446.0
592.0,-354.0,,-154.0,-243.0,4276.0,283.0,545.0,,486.0
624.0,-245.0,,-27.0,-254.0,4099.0,266.0,831.0,,505.0
605.0,-307.0,,104.0,-275.0,3987.0,270.0,931.0,,498.0
557.0,-587.0,,186.0,-250.0,3839.0,265.0,794.0,,492.0
516.0,-577.0,,198.0,-257.0,3839.0,269.0,833.0,,486.0
453.0,-495.0,,271.0,-273.0,4136.0,264.0,630.0,,502.0
480.0,-525.0,,320.0,-242.0,4016.0,267.0,761.0,,537.0
325.0,-589.0,,347.0,-237.0,3871.0,274.0,652.0,,581.0
228.0,-672.0,,383.0,-194.0,3973.0,292.0,665.0,,647.0
109.0,-483.0,,401.0,-113.0,4144.0,336.0,777.0,,706.0
58.0,-399.0,,388.0,-94.0,4325.0,349.0,748.0,,759.0
-10.0,-500.0,,410.0,-73.0,4259.0,352.0,994.0,,795.0
-133.0,-472.0,,523.0,-66.0,4521.0,356.0,907.0,,812.0
-97.0,-293.0,,577.0,-80.0,4626.0,367.0,1018.0,,819.0
-159.0,-54.0,,635.0,-31.0,4385.0,406.0,923.0,,804.0
-152.0,55.0,,759.0,4.0,4258.0,469.0,881.0,,790.0
-161.0,203.0,,806.0,7.0,4306.0,515.0,1152.0,,785.0
-148.0,373.0,,804.0,43.0,4593.0,523.0,1267.0,,800.0
-159.0,463.0,,776.0,27.0,4482.0,518.0,1716.0,,839.0
-184.0,406.0,,727.0,1.0,4434.0,511.0,1661.0,,902.0
-169.0,353.0,,679.0,27.0,4470.0,523.0,1579.0,,987.0
-236.0,442.0,,595.0,23.0,4271.0,543.0,1483.0,,1081.0
-222.0,342.0,,500.0,47.0,4302.0,563.0,1326.0,,1187.0
-247.0,230.0,,418.0,106.0,4280.0,567.0,1520.0,,1288.0
-277.0,255.0,,317.0,109.0,4233.0,511.0,1332.0,,1384.0
-281.0,299.0,,241.0,117.0,4196.0,494.0,1437.0,,1469.0
-248.0,257.0,,204.0,102.0,4339.0,557.0,1350.0,,1522.0
-253.0,213.0,,136.0,34.0,4721.0,577.0,1143.0,,1531.0
-263.0,333.0,,109.0,36.0,4634.0,568.0,947.0,,1483.0
-229.0,347.0,,129.0,59.0,4513.0,543.0,585.0,,1384.0
-271.0,327.0,,150.0,82.0,4472.0,526.0,678.0,,1239.0
-299.0,267.0,,188.0,151.0,4311.0,551.0,397.0,,1066.0
-284.0,165.0,,196.0,136.0,4286.0,543.0,303.0,,875.0
-233.0,127.0,,160.0,82.0,3987.0,522.0,399.0,,676.0
-308.0,-32.0,,133.0,60.0,3987.0,507.0,591.0,,476.0
-323.0,-125.0,,179.0,-14.0,4196.0,489.0,944.0,,295.0
-252.0,-79.0,,249.0,-62.0,4244.0,504.0,881.0,,133.0
-219.0,0.0,,219.0,-88.0,4138.0,525.0,1125.0,,-13.0
-212.0,42.0,,168.0,-142.0,3776.0,483.0,1337.0,,-125.0
-186.0,79.0,,179.0,-107.0,3712.0,432.0,1792.0,,-218.0
-87.0,234.0,,159.0,-62.0,3633.0,392.0,2132.0,,-304.0
-127.0,289.0,,179.0,-58.0,3578.0,366.0,2045.0,,-377.0
-87.0,186.0,,340.0,-19.0,3569.0,384.0,2111.0,,-446.0
-51.0,162.0,,470.0,-29.0,3439.0,410.0,1853.0,,-508.0
-53.0,239.0,,466.0,-30.0,3447.0,433.0,1873.0,,-554.0
9.0,169.0,,418.0,40.0,3379.0,426.0,1722.0,,-587.0
42.0,-5.0,,405.0,68.0,3244.0,408.0,1607.0,,-602.0
28.0,-9.0,,408.0,120.0,3146.0,391.0,1760.0,,-598.0
-12.0,62.0,,331.0,176.0,3028.0,360.0,1563.0,,-579.0
123.0,47.0,,201.0,135.0,2861.0,353.0,1478.0,,-555.0
170.0,-18.0,,52.0,128.0,2627.0,359.0,1073.0,,-509.0
172.0,48.0,,-112.0,116.0,2669.0,362.0,1042.0,,-441.0
247.0,240.0,,-188.0,61.0,2741.0,356.0,1236.0,,-382.0
338.0,291.0,,-181.0,72.0,2577.0,308.0,1319.0,,-304.0
410.0,239.0,,-206.0,56.0,2521.0,289.0,1596.0,,-221.0
366.0,238.0,,-187.0,25.0,2339.0,317.0,1524.0,,-153.0
387.0,324.0,,-117.0,52.0,2280.0,333.0,1677.0,,-98.0
384.0,260.0,,-148.0,32.0,2150.0,342.0,1585.0,,-75.0
437.0,-20.0,,-134.0,37.0,2053.0,314.0,1455.0,,-66.0
484.0,-83.0,,-136.0,94.0,2106.0,292.0,1457.0,,-74.0
417.0,-45.0,,-241.0,100.0,1768.0,318.0,1267.0,,-88.0
382.0,-78.0,,-238.0,129.0,1633.0,353.0,1419.0,,-121.0
386.0,-167.0,,-229.0,144.0,1646.0,359.0,1443.0,,-158.0
371.0,-290.0,,-280.0,84.0,1781.0,377.0,1753.0,,-180.0
257.0,-238.0,,-241.0,96.0,1645.0,423.0,1930.0,,-196.0
211.0,-262.0,,-235.0,90.0,1320.0,403.0,1927.0,,-186.0
201.0,-390.0,,-210.0,23.0,1456.0,314.0,2087.0,,-160.0
100.0,-502.0,,-65.0,-6.0,1356.0,230.0,1945.0,,-118.0
3.0,-523.0,,-28.0,-85.0,1087.0,216.0,2023.0,,-53.0
-70.0,-460.0,,66.0,-129.0,673.0,256.0,1823.0,,36.0
-121.0,-595.0,,155.0,-94.0,553.0,269.0,1692.0,,142.0
-161.0,-611.0,,157.0,-98.0,652.0,274.0,1659.0,,261.0
-187.0,-400.0,,190.0,-91.0,237.0,280.0,1727.0,,392.0
-231.0,-182.0,,198.0,-79.0,-122.0,255.0,2204.0,,526.0
-275.0,-79.0,,273.0,-103.0,-382.0,230.0,2187.0,,654.0
-208.0,-88.0,,194.0,-60.0,-367.0,228.0,2191.0,,744.0
-191.0,83.0,,122.0,4.0,-578.0,215.0,1908.0,,796.0
-201.0,190.0,,120.0,13.0,-999.0,177.0,1550.0,,815.0
-179.0,72.0,,50.0,50.0,-1058.0,139.0,1289.0,,789.0
-143.0,9.0,,141.0,62.0,-1337.0,116.0,903.0,,711.0
-88.0,43.0,,136.0,44.0,-1335.0,71.0,1110.0,,594.0
-111.0,-18.0,,58.0,59.0,-1333.0,9.0,1265.0,,465.0
-68.0,-189.0,,124.0,6.0,-1460.0,0.0,1662.0,,325.0
-96.0,-197.0,,141.0,-45.0,-1510.0,-4.0,1932.0,,193.0
-115.0,-41.0,,118.0,-40.0,-1707.0,-18.0,2026.0,,86.0
-82.0,106.0,,134.0,-88.0,-1370.0,0.0,2106.0,,20.0
-138.0,92.0,,98.0,-99.0,-1327.0,0.0,1542.0,,-7.0
-165.0,69.0,,56.0,-70.0,-1650.0,0.0,1245.0,,-9.0
-224.0,69.0,,95.0,-92.0,-1634.0,-42.0,870.0,,17.0
-251.0,-15.0,,78.0,-75.0,-1436.0,-98.0,729.0,,47.0
-283.0,-118.0,,32.0,-39.0,-1254.0,-85.0,790.0,,71.0
-254.0,-286.0,,26.0,-27.0,-1738.0,-109.0,727.0,,84.0
-234.0,-336.0,,-51.0,33.0,-1869.0,-169.0,1058.0,,65.0
-313.0,-285.0,,-135.0,60.0,-1598.0,-234.0,1158.0,,20.0
-304.0,-295.0,,-169.0,60.0,-1629.0,-326.0,1431.0,,-39.0
-271.0,-320.0,,-214.0,116.0,-1611.0,-344.0,1391.0,,-117.0
-289.0,-249.0,,-286.0,107.0,-1771.0,-316.0,1204.0,,-193.0
-341.0,-112.0,,-329.0,59.0,-1700.0,-336.0,1186.0,,-267.0
-293.0,-47.0,,-307.0,78.0,-1794.0,-359.0,870.0,,-340.0
-264.0,11.0,,-274.0,82.0,-1989.0,-357.0,909.0,,-408.0
-316.0,177.0,,-233.0,108.0,-1994.0,-345.0,748.0,,-474.0
-331.0,352.0,,-176.0,159.0,-2061.0,-347.0,857.0,,-527.0
-325.0,369.0,,-105.0,157.0,-1974.0,-384.0,1019.0,,-577.0
-322.0,507.0,,-27.0,193.0,-2040.0,-417.0,1042.0,,-613.0
-401.0,708.0,,48.0,240.0,-1872.0,-412.0,1428.0,,-634.0
-377.0,702.0,,109.0,219.0,-1961.0,-430.0,1494.0,,-646.0
-324.0,645.0,,130.0,211.0,-2278.0,-453.0,1679.0,,-655.0
-379.0,654.0,,121.0,213.0,-2091.0,-482.0,1478.0,,-678.0
-385.0,684.0,,76.0,187.0,-1934.0,-510.0,1228.0,,-704.0
-373.0,576.0,,73.0,199.0,-1982.0,-492.0,1066.0,,-734.0
-316.0,370.0,,93.0,191.0,-2260.0,-464.0,652.0,,-775.0
-255.0,260.0,,131.0,135.0,-2251.0,-452.0,545.0,,-820.0
-234.0,219.0,,190.0,101.0,-2191.0,-481.0,197.0,,-874.0
-208.0,98.0,,200.0,41.0,-2389.0,-506.0,153.0,,-919.0
-137.0,2.0,,170.0,1.0,-2518.0,-517.0,86.0,,-953.0
-42.0,57.0,,193.0,24.0,-2623.0,-514.0,-12.0,,-973.0
-33.0,158.0,,236.0,17.0,-2485.0,-479.0,1.0,,-956.0
-45.0,153.0,,178.0,-2.0,-2732.0,-442.0,-197.0,,-921.0
-12.0,104.0,,190.0,7.0,-3080.0,-442.0,64.0,,-844.0
-18.0,151.0,,247.0,-9.0,-2988.0,-497.0,-66.0,,-723.0
-19.0,168.0,,159.0,-3.0,-3148.0,-526.0,-192.0,,-563.0
-19.0,53.0,,55.0,32.0,-3232.0,-552.0,-214.0,,-367.0
-63.0,-22.0,,19.0,15.0,-3303.0,-578.0,-218.0,,-165.0
-139.0,10.0,,-2.0,22.0,-3208.0,-567.0,184.0,,59.0
-201.0,11.0,,-20.0,44.0,-2931.0,-550.0,151.0,,276.0
-173.0,28.0,,-105.0,14.0,-2929.0,-547.0,243.0,,485.0
-264.0,46.0,,-259.0,9.0,-2633.0,-586.0,153.0,,688.0
-352.0,143.0,,-397.0,22.0,-2671.0,-623.0,53.0,,861.0
-395.0,306.0,,-531.0,33.0,-2815.0,-641.0,36.0,,1015.0
-422.0,264.0,,-639.0,111.0,-2810.0,-624.0,-312.0,,1142.0
-457.0,224.0,,-720.0,174.0,-2940.0,-604.0,-288.0,,1234.0
-554.0,295.0,,-718.0,172.0,-2969.0,-596.0,-576.0,,1267.0
-537.0,269.0,,-731.0,188.0,-3453.0,-584.0,-792.0,,1249.0
-631.0,110.0,,-757.0,176.0,-3670.0,-589.0,-992.0,,1171.0
-603.0,4.0,,-668.0,149.0,-3645.0,-571.0,-1237.0,,1047.0
-596.0,-11.0,,-701.0,155.0,-3775.0,-570.0,-1114.0,,903.0
-647.0,-28.0,,-758.0,133.0,-3919.0,-615.0,-1106.0,,735.0
-602.0,-165.0,,-719.0,142.0,-4006.0,-679.0,-692.0,,568.0
-568.0,-406.0,,-705.0,195.0,-3657.0,-719.0,-569.0,,401.0
-470.0,-372.0,,-633.0,190.0,-3343.0,-688.0,-522.0,,235.0
-501.0,-365.0,,-588.0,159.0,-3322.0,-640.0,-530.0,,65.0
-388.0,-547.0,,-626.0,118.0,-3514.0,-571.0,-934.0,,-110.0
-386.0,-548.0,,-588.0,42.0,-3503.0,-480.0,-1116.0,,-279.0
-424.0,-396.0,,-534.0,-15.0,-3496.0,-436.0,-1526.0,,-440.0
-365.0,-268.0,,-560.0,-47.0,-3749.0,-417.0,-1476.0,,-571.0
-343.0,-331.0,,-568.0,-92.0,-3813.0,-419.0,-1383.0,,-664.0
-319.0,-331.0,,-601.0,-98.0,-3658.0,-432.0,-1328.0,,-717.0
-395.0,-243.0,,-688.0,-66.0,-3278.0,-436.0,-1141.0,,-725.0
-323.0,-272.0,,-787.0,-60.0,-2904.0,-482.0,-1437.0,,-695.0
-345.0,-337.0,,-886.0,-20.0,-2747.0,-493.0,-1409.0,,-636.0
-368.0,-342.0,,-924.0,6.0,-2663.0,-461.0,-1502.0,,-561.0
-357.0,-188.0,,-978.0,-20.0,-2547.0,-443.0,-1369.0,,-490.0
-342.0,-47.0,,-1049.0,-23.0,-2447.0,-432.0,-1097.0,,-427.0
-359.0,13.0,,-1104.0,-32.0,-2598.0,-443.0,-1047.0,,-365.0
-386.0,198.0,,-1083.0,-36.0,-2821.0,-469.0,-783.0,,-310.0
-319.0,362.0,,-1054.0,-6.0,-2784.0,-472.0,-894.0,,-262.0
-355.0,313.0,,-1195.0,-8.0,-2578.0,-420.0,-853.0,,-217.0
-317.0,193.0,,-1242.0,-14.0,-2345.0,-369.0,-1010.0,,-155.0
-304.0,46.0,,-1158.0,9.0,-2352.0,-333.0,-1138.0,,-82.0
-285.0,-48.0,,-1141.0,-17.0,-2264.0,-303.0,-1038.0,,-1.0
-281.0,-126.0,,-1090.0,-90.0,-2172.0,-292.0,-1130.0,,102.0
-247.0,-266.0,,-1083.0,-147.0,-2103.0,-303.0,-949.0,,206.0
-264.0,-343.0,,-1139.0,-220.0,-1880.0,-333.0,-1215.0,,315.0
-297.0,-315.0,,-1109.0,-264.0,-2116.0,-345.0,-1435.0,,433.0
-212.0,-293.0,,-991.0,-252.0,-2445.0,-356.0,-1627.0,,542.0
-240.0,-332.0,,-909.0,-257.0,-2651.0,-361.0,-1873.0,,651.0
-255.0,-260.0,,-849.0,-229.0,-2406.0,-353.0,-1805.0,,759.0
-256.0,-163.0,,-742.0,-192.0,-2163.0,-339.0,-1921.0,,854.0
-174.0,-146.0,,-685.0,-210.0,-2426.0,-288.0,-1784.0,,929.0
-206.0,-182.0,,-607.0,-201.0,-2545.0,-231.0,-1964.0,,994.0
-225.0,-158.0,,-535.0,-171.0,-2339.0,-203.0,-2097.0,,1036.0
-177.0,-65.0,,-471.0,-138.0,-2024.0,-216.0,-2058.0,,1062.0
-179.0,-113.0,,-363.0,-58.0,-2208.0,-253.0,-2121.0,,1071.0
-189.0,-205.0,,-315.0,-13.0,-2272.0,-259.0,-1775.0,,1060.0
-217.0,-155.0,,-297.0,-34.0,-2051.0,-236.0,-1731.0,,1038.0
-86.0,-42.0,,-255.0,-44.0,-1765.0,-198.0,-1568.0,,993.0
-164.0,-64.0,,-259.0,-96.0,-1748.0,-148.0,-1577.0,,926.0
-91.0,6.0,,-316.0,-182.0,-2027.0,-120.0,-1716.0,,838.0
-26.0,167.0,,-315.0,-200.0,-1940.0,-130.0,-1592.0,,734.0
-13.0,174.0,,-313.0,-197.0,-2030.0,-141.0,-1709.0,,617.0
80.0,106.0,,-308.0,-171.0,-1935.0,-155.0,-1531.0,,504.0
45.0,51.0,,-354.0,-101.0,-1850.0,-148.0,-1651.0,,395.0
201.0,54.0,,-338.0,-61.0,-1748.0,-132.0,-1781.0,,285.0
72.0,-18.0,,-318.0,-14.0,-1570.0,-146.0,-1866.0,,172.0
191.0,-143.0,,-420.0,39.0,-1571.0,-134.0,-2126.0,,54.0
236.0,-229.0,,-397.0,41.0,-1244.0,-113.0,-1956.0,,-36.0
146.0,-263.0,,-394.0,73.0,-1443.0,-107.0,-1962.0,,-121.0
247.0,-215.0,,-418.0,117.0,-1621.0,-121.0,-1701.0,,-191.0
121.0,-188.0,,-494.0,99.0,-1525.0,-164.0,-1494.0,,-228.0
247.0,-162.0,,-585.0,89.0,-1497.0,-193.0,-1328.0,,-258.0
57.0,-58.0,,-536.0,86.0,-1650.0,-208.0,-1101.0,,-261.0
63.0,-16.0,,-515.0,62.0,-2310.0,-227.0,-1350.0,,-240.0
-13.0,-116.0,,-568.0,89.0,-2325.0,-247.0,-1328.0,,-204.0
-139.0,-215.0,,-620.0,99.0,-2282.0,-284.0,-1393.0,,-151.0
-3.0,-213.0,,-652.0,43.0,-2372.0,-337.0,-1197.0,,-100.0
-216.0,-259.0,,-727.0,13.0,-2422.0,-367.0,-1047.0,,-52.0
-135.0,-447.0,,-676.0,-24.0,-2619.0,-384.0,-1261.0,,7.0
-285.0,-546.0,,-619.0,-47.0,-2372.0,-417.0,-1409.0,,55.0
-211.0,-471.0,,-604.0,-9.0,-2458.0,-461.0,-1877.0,,94.0
-278.0,-465.0,,-494.0,10.0,-2748.0,-515.0,-1927.0,,144.0
-377.0,-547.0,,-390.0,34.0,-3074.0,-572.0,-1975.0,,197.0
-231.0,-507.0,,-280.0,92.0,-3040.0,-607.0,-1849.0,,259.0
-438.0,-441.0,,-207.0,114.0,-2754.0,-612.0,-1742.0,,332.0
-309.0,-433.0,,-105.0,123.0,-2954.0,-599.0,-2183.0,,404.0
-354.0,-456.0,,-58.0,129.0,-3127.0,-591.0,-2337.0,,499.0
-262.0,-407.0,,-69.0,62.0,-3133.0,-624.0,-2509.0,,602.0
-346.0,-240.0,,-34.0,1.0,-2873.0,-645.0,-2263.0,,708.0
-361.0,-183.0,,-1.0,-36.0,-2790.0,-645.0,-2058.0,,841.0
-154.0,-161.0,,-6.0,-112.0,-2914.0,-645.0,-1973.0,,963.0
-305.0,-37.0,,-2.0,-136.0,-3363.0,-646.0,-1668.0,,1078.0
-188.0,142.0,,10.0,-126.0,-3484.0,-690.0,-1707.0,,1181.0
-171.0,200.0,,-94.0,-145.0,-3261.0,-752.0,-1572.0,,1246.0
-56.0,143.0,,-123.0,-130.0,-3471.0,-793.0,-1699.0,,1279.0
-18.0,165.0,,-110.0,-124.0,-3464.0,-794.0,-1579.0,,1268.0
12.0,188.0,,-140.0,-149.0,-3448.0,-769.0,-1260.0,,1222.0
133.0,155.0,,-131.0,-131.0,-3115.0,-740.0,-1116.0,,1146.0
64.0,90.0,,-138.0,-133.0,-3006.0,-709.0,-881.0,,1043.0
189.0,54.0,,-89.0,-160.0,-3170.0,-686.0,-1337.0,,910.0
192.0,66.0,,-76.0,-145.0,-3152.0,-686.0,-1644.0,,759.0
165.0,57.0,,-85.0,-139.0,-2954.0,-693.0,-1821.0,,583.0
201.0,-59.0,,-110.0,-144.0,-2385.0,-689.0,-1590.0,,405.0
163.0,-140.0,,-123.0,-123.0,-2238.0,-671.0,-886.0,,245.0
153.0,-120.0,,-46.0,-125.0,-2129.0,-639.0,-698.0,,88.0
70.0,-135.0,,-21.0,-145.0,-2143.0,-632.0,-798.0,,-60.0
141.0,-210.0,,-4.0,-182.0,-2225.0,-663.0,-1504.0,,-198.0
94.0,-240.0,,9.0,-267.0,-2187.0,-693.0,-1845.0,,-336.0
-67.0,-166.0,,43.0,-308.0,-2280.0,-696.0,-1856.0,,-487.0
5.0,-208.0,,79.0,-289.0,-2174.0,-691.0,-1866.0,,-619.0
-24.0,-338.0,,106.0,-279.0,-2111.0,-678.0,-1747.0,,-735.0
-62.0,-371.0,,174.0,-227.0,-1957.0,-670.0,-1953.0,,-826.0
-153.0,-372.0,,173.0,-145.0,-1744.0,-663.0,-1662.0,,-871.0
-151.0,-457.0,,176.0,-74.0,-1692.0,-636.0,-1441.0,,-878.0
-178.0,-538.0,,222.0,32.0,-1706.0,-588.0,-1016.0,,-837.0
-257.0,-459.0,,228.0,122.0,-1629.0,-549.0,-583.0,,-774.0
-158.0,-335.0,,200.0,169.0,-1371.0,-535.0,-707.0,,-686.0
-197.0,-316.0,,186.0,232.0,-1358.0,-527.0,-683.0,,-592.0
-190.0,-230.0,,230.0,244.0,-1528.0,-533.0,-949.0,,-503.0
-197.0,-54.0,,249.0,211.0,-1500.0,-505.0,-894.0,,-402.0
-109.0,46.0,,246.0,211.0,-1279.0,-477.0,-798.0,,-301.0
-98.0,149.0,,341.0,177.0,-1306.0,-488.0,-718.0,,-206.0
-92.0,230.0,,421.0,144.0,-1706.0,-504.0,-432.0,,-124.0
12.0,366.0,,480.0,164.0,-1709.0,-507.0,-328.0,,-56.0
-30.0,450.0,,480.0,173.0,-1535.0,-477.0,64.0,,8.0
37.0,435.0,,436.0,198.0,-1542.0,-438.0,29.0,,56.0
90.0,431.0,,475.0,245.0,-1690.0,-403.0,-14.0,,79.0
131.0,437.0,,508.0,250.0,-1744.0,-391.0,-133.0,,94.0
124.0,466.0,,578.0,244.0,-1344.0,-379.0,-413.0,,93.0
160.0,385.0,,601.0,242.0,-1029.0,-370.0,-271.0,,77.0
216.0,380.0,,537.0,206.0,-858.0,-328.0,-412.0,,48.0
169.0,444.0,,434.0,192.0,-676.0,-258.0,-332.0,,-11.0
208.0,481.0,,388.0,182.0,-314.0,-223.0,-421.0,,-105.0
241.0,446.0,,391.0,115.0,9.0,-183.0,-480.0,,-242.0
196.0,340.0,,351.0,67.0,262.0,-166.0,-325.0,,-402.0
178.0,352.0,,371.0,17.0,381.0,-166.0,-423.0,,-576.0
204.0,389.0,,405.0,-55.0,248.0,-157.0,-223.0,,-753.0
166.0,344.0,,399.0,-72.0,298.0,-133.0,-417.0,,-903.0
120.0,240.0,,333.0,-94.0,256.0,-93.0,-522.0,,-1013.0
162.0,263.0,,375.0,-128.0,333.0,-92.0,-657.0,,-1081.0
205.0,274.0,,474.0,-127.0,467.0,-119.0,-859.0,,-1093.0
119.0,100.0,,513.0,-159.0,732.0,-151.0,-639.0,,-1057.0
137.0,-101.0,,478.0,-169.0,943.0,-168.0,-639.0,,-975.0
166.0,-243.0,,392.0,-104.0,1005.0,-161.0,-282.0,,-866.0
142.0,-363.0,,379.0,-34.0,1203.0,-143.0,-181.0,,-752.0
146.0,-577.0,,348.0,40.0,1251.0,-118.0,-155.0,,-627.0
139.0,-728.0,,294.0,108.0,1356.0,-88.0,-40.0,,-530.0
159.0,-726.0,,224.0,115.0,1325.0,-85.0,-332.0,,-430.0
90.0,-716.0,,190.0,118.0,1573.0,-100.0,-456.0,,-339.0
162.0,-707.0,,78.0,127.0,1751.0,-118.0,-687.0,,-275.0
138.0,-627.0,,-36.0,103.0,1723.0,-145.0,-380.0,,-202.0
97.0,-464.0,,2.0,117.0,2014.0,-131.0,38.0,,-143.0
153.0,-305.0,,-136.0,137.0,2278.0,-104.0,238.0,,-91.0
172.0,-230.0,,-297.0,118.0,2466.0,-88.0,432.0,,-61.0
204.0,-104.0,,-287.0,122.0,2435.0,-63.0,221.0,,-45.0
159.0,110.0,,-386.0,107.0,2445.0,-54.0,221.0,,-33.0
253.0,240.0,,-385.0,59.0,2526.0,-45.0,-9.0,,-47.0
196.0,282.0,,-249.0,34.0,2682.0,-64.0,-109.0,,-63.0
224.0,322.0,,-333.0,-4.0,2638.0,-105.0,-49.0,,-86.0
251.0,387.0,,-436.0,-34.0,2613.0,-123.0,147.0,,-127.0
220.0,341.0,,-373.0,-25.0,2928.0,-132.0,831.0,,-166.0
213.0,227.0,,-211.0,-50.0,3202.0,-120.0,968.0,,-190.0
93.0,189.0,,-109.0,-71.0,3242.0,-87.0,914.0,,-216.0
163.0,195.0,,-138.0,-46.0,2944.0,-50.0,522.0,,-239.0
63.0,175.0,,-100.0,-51.0,2882.0,0.0,155.0,,-258.0
75.0,78.0,,12.0,-49.0,2758.0,42.0,99.0,,-276.0
-38.0,20.0,,13.0,-38.0,2539.0,54.0,-125.0,,-283.0
-145.0,88.0,,17.0,-75.0,2229.0,63.0,51.0,,-287.0
-124.0,141.0,,121.0,-93.0,1974.0,65.0,142.0,,-284.0
-217.0,85.0,,101.0,-109.0,2205.0,50.0,426.0,,-273.0
-200.0,115.0,,90.0,-162.0,2502.0,42.0,533.0,,-247.0
-360.0,231.0,,144.0,-170.0,2796.0,54.0,254.0,,-206.0
-271.0,341.0,,111.0,-157.0,2657.0,91.0,112.0,,-139.0
-359.0,350.0,,131.0,-163.0,2820.0,111.0,-301.0,,-52.0
-417.0,301.0,,158.0,-123.0,3183.0,123.0,-251.0,,31.0
-354.0,376.0,,82.0,-67.0,3241.0,168.0,-94.0,,104.0
-375.0,315.0,,15.0,-52.0,3103.0,202.0,284.0,,168.0
-324.0,149.0,,46.0,-44.0,2784.0,216.0,807.0,,215.0
-445.0,95.0,,86.0,-78.0,3012.0,214.0,764.0,,228.0
-251.0,124.0,,41.0,-132.0,2987.0,222.0,615.0,,220.0
-223.0,125.0,,113.0,-137.0,2748.0,255.0,216.0,,193.0
-245.0,83.0,,283.0,-151.0,2540.0,283.0,343.0,,150.0
-244.0,49.0,,290.0,-146.0,2519.0,302.0,521.0,,95.0
-248.0,32.0,,347.0,-81.0,2704.0,292.0,550.0,,25.0
-150.0,32.0,,496.0,-30.0,2760.0,284.0,781.0,,-34.0
-188.0,-39.0,,540.0,25.0,2839.0,291.0,635.0,,-96.0
-143.0,-5.0,,550.0,65.0,2677.0,299.0,757.0,,-153.0
-206.0,94.0,,515.0,49.0,2767.0,326.0,561.0,,-188.0
-168.0,68.0,,484.0,66.0,2879.0,363.0,391.0,,-211.0
-172.0,7.0,,459.0,90.0,2971.0,416.0,434.0,,-210.0
-215.0,92.0,,401.0,69.0,2886.0,437.0,423.0,,-172.0
-231.0,170.0,,346.0,65.0,2776.0,410.0,729.0,,-100.0
-250.0,65.0,,276.0,63.0,2846.0,378.0,654.0,,12.0
-235.0,66.0,,254.0,51.0,2708.0,352.0,794.0,,163.0
-288.0,148.0,,266.0,90.0,2650.0,352.0,748.0,,327.0
-222.0,178.0,,298.0,122.0,2673.0,369.0,502.0,,515.0
-199.0,112.0,,351.0,101.0,3060.0,393.0,284.0,,707.0
-202.0,28.0,,415.0,73.0,3381.0,394.0,-179.0,,881.0
-241.0,26.0,,452.0,10.0,3613.0,374.0,-140.0,,1051.0
-176.0,-14.0,,446.0,-64.0,3841.0,353.0,-151.0,,1215.0
-176.0,-77.0,,532.0,-105.0,3904.0,319.0,125.0,,1360.0
-228.0,-124.0,,544.0,-163.0,4094.0,318.0,339.0,,1477.0
-180.0,-109.0,,420.0,-203.0,4098.0,330.0,356.0,,1546.0
-172.0,-76.0,,422.0,-189.0,3998.0,326.0,650.0,,1544.0
-119.0,-122.0,,434.0,-204.0,3891.0,322.0,606.0,,1480.0
-168.0,-222.0,,338.0,-218.0,3793.0,312.0,938.0,,1365.0
-52.0,-248.0,,289.0,-180.0,3780.0,307.0,1099.0,,1209.0
-62.0,-197.0,,276.0,-176.0,3492.0,311.0,1091.0,,1026.0
-108.0,-182.0,,246.0,-162.0,3216.0,317.0,1016.0,,843.0
-65.0,-156.0,,269.0,-126.0,3190.0,314.0,550.0,,672.0
-83.0,-75.0,,359.0,-144.0,3290.0,306.0,473.0,,521.0
-20.0,13.0,,451.0,-115.0,3357.0,314.0,288.0,,399.0
-115.0,-44.0,,530.0,-81.0,2976.0,353.0,509.0,,288.0
-71.0,-157.0,,584.0,-111.0,2717.0,384.0,772.0,,196.0
-119.0,-135.0,,622.0,-96.0,2845.0,388.0,827.0,,113.0
-87.0,-164.0,,633.0,-71.0,3159.0,392.0,1040.0,,22.0
-33.0,-309.0,,574.0,-82.0,3207.0,370.0,805.0,,-75.0
-85.0,-407.0,,564.0,-50.0,3139.0,334.0,772.0,,-184.0
-35.0,-330.0,,575.0,-19.0,3395.0,335.0,626.0,,-304.0
-78.0,-245.0,,534.0,-18.0,3509.0,344.0,665.0,,-429.0
-11.0,-290.0,,512.0,21.0,3462.0,326.0,824.0,,-551.0
-37.0,-266.0,,408.0,35.0,3210.0,336.0,691.0,,-678.0
25.0,-138.0,,332.0,42.0,3065.0,365.0,665.0,,-787.0
-10.0,-74.0,,266.0,112.0,3119.0,389.0,245.0,,-874.0
-47.0,-119.0,,72.0,122.0,3164.0,422.0,147.0,,-950.0
2.0,-138.0,,-56.0,133.0,3163.0,428.0,116.0,,-993.0
-44.0,-146.0,,-162.0,191.0,2930.0,415.0,245.0,,-1010.0
-49.0,-230.0,,-215.0,176.0,2608.0,406.0,633.0,,-1009.0
-132.0,-338.0,,-193.0,158.0,2514.0,406.0,628.0,,-987.0
-85.0,-377.0,,-263.0,150.0,2557.0,383.0,805.0,,-935.0
-116.0,-319.0,,-292.0,76.0,2574.0,349.0,646.0,,-848.0
-108.0,-204.0,,-262.0,31.0,2439.0,339.0,628.0,,-725.0
-95.0,-46.0,,-289.0,6.0,2330.0,330.0,593.0,,-574.0
-93.0,122.0,,-302.0,-67.0,2371.0,331.0,291.0,,-404.0
-83.0,236.0,,-397.0,-99.0,2166.0,313.0,323.0,,-235.0
-154.0,255.0,,-467.0,-129.0,1952.0,297.0,229.0,,-70.0
-94.0,258.0,,-498.0,-178.0,1858.0,341.0,582.0,,71.0
-85.0,216.0,,-525.0,-143.0,2055.0,391.0,687.0,,178.0
-58.0,125.0,,-476.0,-118.0,2219.0,416.0,565.0,,271.0
-93.0,-12.0,,-479.0,-106.0,2082.0,408.0,670.0,,326.0
-89.0,-163.0,,-394.0,-56.0,2048.0,383.0,722.0,,358.0
-69.0,-185.0,,-355.0,-69.0,2194.0,380.0,1051.0,,373.0
-105.0,-204.0,,-326.0,-85.0,2161.0,386.0,997.0,,356.0
-86.0,-254.0,,-196.0,-80.0,1797.0,396.0,1066.0,,313.0
-91.0,-287.0,,-114.0,-131.0,1708.0,396.0,1016.0,,239.0
-30.0,-250.0,,4.0,-132.0,1753.0,408.0,855.0,,135.0
-13.0,-191.0,,157.0,-80.0,1778.0,426.0,1075.0,,4.0
-10.0,-239.0,,291.0,-62.0,1739.0,415.0,1067.0,,-142.0
30.0,-307.0,,419.0,-15.0,1809.0,401.0,1300.0,,-289.0
45.0,-350.0,,592.0,26.0,1867.0,384.0,1300.0,,-440.0
90.0,-370.0,,731.0,13.0,1747.0,380.0,1236.0,,-597.0
150.0,-476.0,,810.0,23.0,1905.0,397.0,1143.0,,-749.0
213.0,-505.0,,840.0,-9.0,2150.0,408.0,840.0,,-884.0
251.0,-357.0,,853.0,-69.0,2141.0,416.0,733.0,,-986.0
248.0,-306.0,,875.0,-43.0,1871.0,447.0,341.0,,-1059.0
283.0,-260.0,,896.0,-19.0,1935.0,476.0,242.0,,-1098.0
317.0,-148.0,,889.0,16.0,2060.0,478.0,40.0,,-1100.0
346.0,-20.0,,799.0,105.0,1881.0,472.0,-201.0,,-1085.0
363.0,58.0,,750.0,125.0,1773.0,465.0,-242.0,,-1046.0
357.0,32.0,,742.0,121.0,1994.0,470.0,-412.0,,-985.0
347.0,29.0,,740.0,125.0,2246.0,471.0,-44.0,,-911.0
333.0,124.0,,773.0,69.0,2295.0,466.0,229.0,,-812.0
340.0,213.0,,765.0,46.0,2535.0,479.0,519.0,,-708.0
315.0,172.0,,760.0,44.0,2742.0,501.0,600.0,,-592.0
287.0,229.0,,776.0,-5.0,2767.0,525.0,421.0,,-464.0
213.0,454.0,,745.0,-2.0,2508.0,532.0,578.0,,-343.0
157.0,670.0,,669.0,1.0,2132.0,523.0,574.0,,-235.0
86.0,697.0,,608.0,-35.0,1760.0,514.0,735.0,,-142.0
-13.0,564.0,,599.0,-19.0,1254.0,534.0,565.0,,-55.0
-106.0,523.0,,493.0,-11.0,980.0,558.0,312.0,,18.0
-204.0,470.0,,339.0,-2.0,953.0,569.0,227.0,,93.0
-274.0,355.0,,316.0,58.0,873.0,574.0,5.0,,173.0
-393.0,277.0,,297.0,71.0,750.0,560.0,177.0,,259.0
-413.0,319.0,,200.0,70.0,733.0,548.0,182.0,,359.0
-536.0,330.0,,72.0,94.0,923.0,534.0,373.0,,450.0
-641.0,167.0,,32.0,69.0,1165.0,532.0,519.0,,535.0
-691.0,-15.0,,74.0,60.0,1124.0,531.0,450.0,,610.0
-787.0,-46.0,,51.0,82.0,1047.0,516.0,478.0,,658.0
-775.0,-65.0,,93.0,73.0,941.0,500.0,166.0,,673.0
-841.0,-266.0,,235.0,112.0,667.0,470.0,114.0,,664.0
-817.0,-311.0,,328.0,174.0,451.0,436.0,-77.0,,628.0
-814.0,-248.0,,339.0,197.0,414.0,391.0,-144.0,,567.0
-760.0,-166.0,,359.0,258.0,345.0,353.0,-129.0,,493.0
-713.0,39.0,,413.0,271.0,120.0,335.0,-317.0,,410.0
-708.0,266.0,,450.0,216.0,22.0,323.0,-114.0,,327.0
-589.0,522.0,,491.0,190.0,-50.0,300.0,-123.0,,269.0
-513.0,685.0,,563.0,125.0,-90.0,260.0,134.0,,234.0
-398.0,732.0,,591.0,82.0,-57.0,202.0,234.0,,202.0
-342.0,595.0,,532.0,100.0,-150.0,137.0,181.0,,175.0
-273.0,439.0,,529.0,82.0,-568.0,99.0,275.0,,138.0
-269.0,434.0,,480.0,80.0,-952.0,82.0,24.0,,84.0
-216.0,353.0,,411.0,99.0,-805.0,71.0,99.0,,4.0
-102.0,175.0,,408.0,59.0,-602.0,48.0,-35.0,,-103.0
-69.0,-23.0,,370.0,37.0,-599.0,3.0,131.0,,-246.0
-103.0,-118.0,,375.0,42.0,-584.0,-58.0,480.0,,-415.0
-159.0,-119.0,,346.0,25.0,-512.0,-91.0,642.0,,-584.0
-112.0,-96.0,,292.0,59.0,-603.0,-85.0,992.0,,-767.0
-155.0,-40.0,,266.0,71.0,-941.0,-70.0,999.0,,-941.0
-183.0,-7.0,,194.0,15.0,-1107.0,-65.0,1308.0,,-1122.0
-230.0,-2.0,,133.0,5.0,-1088.0,-93.0,1199.0,,-1290.0
-252.0,-145.0,,140.0,-42.0,-1160.0,-121.0,853.0,,-1426.0
-296.0,-272.0,,173.0,-98.0,-1171.0,-136.0,670.0,,-1546.0
-346.0,-286.0,,193.0,-92.0,-1125.0,-133.0,343.0,,-1632.0
-349.0,-345.0,,171.0,-127.0,-1189.0,-135.0,415.0,,-1695.0
-343.0,-327.0,,117.0,-128.0,-1427.0,-151.0,299.0,,-1735.0
-314.0,-277.0,,110.0,-83.0,-1610.0,-158.0,467.0,,-1764.0
-391.0,-139.0,,86.0,-96.0,-1565.0,-143.0,552.0,,-1775.0
-382.0,115.0,,83.0,-95.0,-1677.0,-119.0,604.0,,-1769.0
-397.0,328.0,,51.0,-92.0,-1993.0,-128.0,846.0,,-1748.0
-361.0,383.0,,-36.0,-136.0,-2143.0,-129.0,637.0,,-1711.0
-352.0,337.0,,-1.0,-133.0,-1966.0,-119.0,642.0,,-1648.0
-355.0,376.0,,87.0,-135.0,-1828.0,-99.0,434.0,,-1559.0
-304.0,323.0,,158.0,-168.0,-1872.0,-61.0,406.0,,-1463.0
-344.0,297.0,,145.0,-122.0,-1840.0,-31.0,428.0,,-1341.0
-282.0,387.0,,175.0,-85.0,-1608.0,-3.0,238.0,,-1222.0
-269.0,521.0,,195.0,-62.0,-1292.0,-14.0,299.0,,-1107.0
-210.0,692.0,,149.0,-5.0,-1195.0,-31.0,40.0,,-1011.0
-176.0,664.0,,146.0,-28.0,-1188.0,-23.0,190.0,,-937.0
-146.0,646.0,,104.0,-35.0,-1109.0,-8.0,303.0,,-863.0
-109.0,685.0,,54.0,25.0,-1045.0,0.0,406.0,,-801.0
-87.0,628.0,,-38.0,38.0,-1149.0,-34.0,757.0,,-728.0
-22.0,493.0,,-45.0,93.0,-1204.0,-57.0,729.0,,-656.0
-69.0,316.0,,-69.0,156.0,-1097.0,-51.0,844.0,,-581.0
-46.0,223.0,,-139.0,132.0,-984.0,-43.0,589.0,,-504.0
-33.0,215.0,,-136.0,126.0,-972.0,2.0,497.0,,-443.0
51.0,218.0,,-179.0,88.0,-1050.0,28.0,493.0,,-394.0
86.0,44.0,,-184.0,7.0,-1093.0,23.0,521.0,,-369.0
81.0,34.0,,-207.0,0.0,-1207.0,7.0,855.0,,-368.0
113.0,196.0,,-229.0,-23.0,-1119.0,-9.0,718.0,,-394.0
93.0,230.0,,-195.0,-44.0,-1031.0,10.0,803.0,,-444.0
177.0,203.0,,-96.0,11.0,-1212.0,9.0,801.0,,-520.0
146.0,94.0,,-38.0,18.0,-1431.0,7.0,1077.0,,-608.0
178.0,104.0,,-39.0,23.0,-1567.0,8.0,1426.0,,-693.0
164.0,7.0,,100.0,64.0,-1487.0,-19.0,1297.0,,-765.0
174.0,-77.0,,141.0,47.0,-1500.0,-54.0,1182.0,,-806.0
188.0,4.0,,96.0,69.0,-1586.0,-109.0,679.0,,-821.0
72.0,130.0,,164.0,102.0,-1506.0,-152.0,443.0,,-798.0
122.0,354.0,,175.0,65.0,-1451.0,-164.0,240.0,,-743.0
27.0,320.0,,154.0,54.0,-1466.0,-168.0,157.0,,-680.0
-2.0,126.0,,154.0,-3.0,-1451.0,-195.0,314.0,,-598.0
-94.0,27.0,,62.0,-90.0,-1462.0,-232.0,280.0,,-502.0
-132.0,36.0,,86.0,-55.0,-1560.0,-244.0,460.0,,-402.0
-142.0,-122.0,,203.0,-13.0,-1660.0,-245.0,230.0,,-289.0
-312.0,-335.0,,128.0,24.0,-1761.0,-225.0,60.0,,-164.0
-265.0,-206.0,,50.0,82.0,-1779.0,-214.0,14.0,,-33.0
-310.0,-25.0,,76.0,28.0,-1640.0,-218.0,-203.0,,91.0
-202.0,5.0,,153.0,-17.0,-1487.0,-228.0,-112.0,,210.0
-243.0,-5.0,,199.0,9.0,-1385.0,-270.0,-145.0,,310.0
-244.0,156.0,,196.0,14.0,-1414.0,-305.0,254.0,,385.0
-204.0,285.0,,221.0,86.0,-1294.0,-335.0,668.0,,453.0
-253.0,91.0,,335.0,159.0,-910.0,-334.0,881.0,,500.0
-65.0,-102.0,,442.0,148.0,-711.0,-300.0,1018.0,,538.0
-81.0,-50.0,,377.0,163.0,-841.0,-286.0,639.0,,575.0
67.0,118.0,,329.0,134.0,-1078.0,-286.0,506.0,,604.0
62.0,184.0,,358.0,54.0,-1048.0,-286.0,171.0,,621.0
157.0,192.0,,514.0,7.0,-1026.0,-249.0,103.0,,619.0
261.0,243.0,,532.0,-109.0,-1143.0,-229.0,110.0,,595.0
304.0,153.0,,392.0,-229.0,-1141.0,-226.0,-31.0,,542.0
506.0,0.0,,416.0,-267.0,-1074.0,-232.0,212.0,,455.0
488.0,-99.0,,370.0,-330.0,-1034.0,-281.0,116.0,,343.0
630.0,-159.0,,463.0,-345.0,-1301.0,-302.0,334.0,,217.0
590.0,-60.0,,554.0,-337.0,-1514.0,-296.0,341.0,,88.0
655.0,15.0,,563.0,-400.0,-1212.0,-295.0,279.0,,-24.0
691.0,13.0,,570.0,-391.0,-869.0,-298.0,197.0,,-118.0
699.0,99.0,,468.0,-343.0,-809.0,-306.0,-177.0,,-165.0
738.0,257.0,,537.0,-311.0,-830.0,-327.0,-182.0,,-155.0
684.0,291.0,,507.0,-188.0,-842.0,-338.0,-424.0,,-127.0
728.0,170.0,,462.0,-92.0,-674.0,-328.0,-262.0,,-71.0
632.0,151.0,,388.0,-43.0,-401.0,-310.0,-242.0,,-18.0
627.0,153.0,,195.0,32.0,-242.0,-302.0,-299.0,,5.0
558.0,24.0,,-2.0,19.0,-341.0,-316.0,-103.0,,25.0
576.0,-139.0,,-245.0,8.0,-674.0,-320.0,-210.0,,20.0
489.0,-120.0,,-255.0,57.0,-799.0,-328.0,57.0,,3.0
472.0,-111.0,,-305.0,32.0,-913.0,-342.0,53.0,,-29.0
468.0,-356.0,,-366.0,22.0,-1345.0,-345.0,151.0,,-74.0
403.0,-591.0,,-304.0,36.0,-1773.0,-381.0,245.0,,-93.0
371.0,-728.0,,-245.0,-1.0,-1847.0,-406.0,205.0,,-95.0
320.0,-863.0,,-149.0,11.0,-1758.0,-410.0,428.0,,-80.0
406.0,-1002.0,,-36.0,9.0,-1661.0,-427.0,461.0,,-61.0
275.0,-1001.0,,67.0,-34.0,-1527.0,-427.0,827.0,,-43.0
373.0,-902.0,,147.0,12.0,-1194.0,-431.0,973.0,,-29.0
323.0,-704.0,,354.0,43.0,-844.0,-437.0,1073.0,,-39.0
321.0,-408.0,,453.0,73.0,-772.0,-442.0,1123.0,,-48.0
320.0,-104.0,,416.0,188.0,-543.0,-444.0,877.0,,-37.0
251.0,204.0,,415.0,248.0,-306.0,-415.0,818.0,,-31.0
387.0,354.0,,449.0,292.0,-361.0,-385.0,482.0,,-34.0
320.0,461.0,,470.0,308.0,-656.0,-387.0,354.0,,-30.0
426.0,469.0,,424.0,205.0,-907.0,-420.0,151.0,,-31.0
329.0,300.0,,431.0,136.0,-1042.0,-461.0,-35.0,,-45.0
372.0,160.0,,373.0,93.0,-1095.0,-479.0,94.0,,-71.0
394.0,39.0,,380.0,17.0,-938.0,-440.0,133.0,,-100.0
330.0,-83.0,,460.0,2.0,-761.0,-375.0,509.0,,-134.0
402.0,-188.0,,287.0,-36.0,-642.0,-325.0,657.0,,-179.0
346.0,-213.0,,117.0,-88.0,-849.0,-299.0,691.0,,-228.0
387.0,-168.0,,130.0,-68.0,-1056.0,-292.0,546.0,,-280.0
272.0,-34.0,,215.0,-95.0,-1026.0,-306.0,79.0,,-330.0
266.0,106.0,,250.0,-123.0,-1101.0,-314.0,-133.0,,-365.0
257.0,191.0,,136.0,-89.0,-1205.0,-286.0,-308.0,,-366.0
213.0,327.0,,135.0,-95.0,-1225.0,-260.0,48.0,,-349.0
179.0,535.0,,175.0,-59.0,-1272.0,-246.0,458.0,,-325.0
168.0,743.0,,158.0,3.0,-1518.0,-233.0,642.0,,-293.0
126.0,784.0,,145.0,-26.0,-1748.0,-223.0,687.0,,-266.0
-23.0,704.0,,1.0,-31.0,-1607.0,-201.0,295.0,,-240.0
-16.0,644.0,,35.0,-46.0,-1323.0,-163.0,166.0,,-235.0
-33.0,536.0,,97.0,-111.0,-1250.0,-137.0,16.0,,-241.0
-11.0,320.0,,-71.0,-114.0,-1371.0,-112.0,97.0,,-257.0
-56.0,80.0,,-187.0,-162.0,-1508.0,-84.0,303.0,,-276.0
-29.0,-41.0,,-235.0,-230.0,-1509.0,-77.0,275.0,,-282.0
-57.0,-119.0,,-260.0,-230.0,-1496.0,-60.0,317.0,,-288.0
-118.0,-269.0,,-371.0,-277.0,-1575.0,-31.0,64.0,,-279.0
-89.0,-338.0,,-471.0,-274.0,-1771.0,-11.0,35.0,,-275.0
-119.0,-203.0,,-463.0,-192.0,-1791.0,2.0,33.0,,-259.0
-29.0,35.0,,-584.0,-172.0,-1492.0,12.0,218.0,,-232.0
-78.0,127.0,,-668.0,-117.0,-1362.0,14.0,570.0,,-197.0
-41.0,92.0,,-644.0,-39.0,-1448.0,6.0,585.0,,-138.0
-45.0,145.0,,-630.0,-16.0,-1573.0,-18.0,678.0,,-95.0
-16.0,234.0,,-494.0,62.0,-1512.0,-31.0,480.0,,-47.0
3.0,370.0,,-294.0,139.0,-1454.0,-21.0,552.0,,-10.0
-53.0,420.0,,-238.0,194.0,-1657.0,-15.0,683.0,,15.0
72.0,327.0,,-285.0,314.0,-1698.0,7.0,644.0,,35.0
30.0,269.0,,-279.0,352.0,-1675.0,36.0,720.0,,34.0
40.0,181.0,,-253.0,334.0,-1637.0,57.0,513.0,,44.0
-14.0,63.0,,-183.0,346.0,-1636.0,67.0,511.0,,53.0
84.0,2.0,,-125.0,268.0,-1757.0,61.0,253.0,,65.0
126.0,20.0,,-110.0,223.0,-1784.0,62.0,22.0,,80.0
57.0,124.0,,-117.0,243.0,-1855.0,54.0,-121.0,,106.0
167.0,236.0,,-197.0,207.0,-1754.0,43.0,-303.0,,146.0
179.0,298.0,,-229.0,249.0,-1663.0,35.0,-66.0,,197.0
302.0,381.0,,-297.0,319.0,-1789.0,-18.0,-59.0,,270.0
316.0,464.0,,-407.0,331.0,-2136.0,-79.0,36.0,,351.0
449.0,535.0,,-484.0,386.0,-2575.0,-115.0,-153.0,,437.0
483.0,624.0,,-545.0,376.0,-2564.0,-125.0,-415.0,,535.0
517.0,640.0,,-550.0,315.0,-2262.0,-116.0,-310.0,,632.0
682.0,533.0,,-577.0,287.0,-2215.0,-129.0,-173.0,,725.0
701.0,316.0,,-611.0,189.0,-2515.0,-149.0,264.0,,808.0
803.0,31.0,,-615.0,102.0,-2477.0,-207.0,365.0,,891.0
783.0,-229.0,,-678.0,82.0,-2296.0,-280.0,474.0,,969.0
826.0,-420.0,,-750.0,30.0,-2254.0,-328.0,402.0,,1040.0
783.0,-543.0,,-846.0,15.0,-2310.0,-328.0,182.0,,1118.0
802.0,-533.0,,-883.0,19.0,-2356.0,-313.0,197.0,,1186.0
889.0,-538.0,,-851.0,-47.0,-2154.0,-314.0,-60.0,,1237.0
798.0,-503.0,,-904.0,-84.0,-2374.0,-322.0,33.0,,1255.0
707.0,-292.0,,-871.0,-135.0,-2672.0,-356.0,-14.0,,1253.0
631.0,-144.0,,-850.0,-209.0,-2698.0,-361.0,-33.0,,1238.0
630.0,-62.0,,-871.0,-195.0,-2545.0,-351.0,88.0,,1206.0
534.0,-95.0,,-837.0,-185.0,-2369.0,-337.0,-1.0,,1184.0
590.0,-213.0,,-740.0,-144.0,-2339.0,-332.0,110.0,,1152.0
623.0,-346.0,,-560.0,-49.0,-2147.0,-371.0,-136.0,,1112.0
547.0,-468.0,,-525.0,-35.0,-1997.0,-424.0,-171.0,,1075.0
535.0,-477.0,,-553.0,-26.0,-1816.0,-458.0,-149.0,,1022.0
519.0,-488.0,,-553.0,-14.0,-1780.0,-428.0,-147.0,,961.0
557.0,-558.0,,-574.0,-44.0,-1812.0,-350.0,-18.0,,895.0
516.0,-669.0,,-558.0,-1.0,-1694.0,-291.0,-293.0,,820.0
569.0,-574.0,,-527.0,58.0,-1670.0,-257.0,-299.0,,744.0
547.0,-333.0,,-495.0,82.0,-1731.0,-239.0,-436.0,,662.0
535.0,-203.0,,-396.0,139.0,-1972.0,-226.0,-460.0,,572.0
576.0,-97.0,,-274.0,116.0,-2340.0,-229.0,-463.0,,462.0
546.0,84.0,,-252.0,51.0,-2764.0,-250.0,-641.0,,334.0
470.0,311.0,,-249.0,43.0,-2950.0,-243.0,-537.0,,199.0
410.0,365.0,,-202.0,0.0,-3112.0,-243.0,-727.0,,57.0
527.0,277.0,,-138.0,-6.0,-3336.0,-260.0,-692.0,,-69.0
416.0,187.0,,-112.0,47.0,-3217.0,-271.0,-814.0,,-174.0
296.0,72.0,,-136.0,72.0,-2830.0,-269.0,-803.0,,-236.0
239.0,-130.0,,-141.0,122.0,-2356.0,-252.0,-430.0,,-254.0
210.0,-348.0,,-83.0,138.0,-2082.0,-265.0,-282.0,,-251.0
103.0,-471.0,,-47.0,94.0,-1819.0,-273.0,92.0,,-225.0
3.0,-565.0,,-100.0,86.0,-1594.0,-261.0,151.0,,-183.0
27.0,-560.0,,-110.0,59.0,-1694.0,-236.0,363.0,,-135.0
-76.0,-498.0,,-113.0,15.0,-1943.0,-236.0,563.0,,-84.0
-77.0,-480.0,,-76.0,-4.0,-2002.0,-258.0,582.0,,-37.0
-160.0,-420.0,,-8.0,-53.0,-2039.0,-264.0,665.0,,6.0
-132.0,-380.0,,-1.0,-43.0,-2276.0,-291.0,312.0,,29.0
-195.0,-484.0,,51.0,18.0,-2327.0,-310.0,190.0,,28.0
-221.0,-596.0,,24.0,1.0,-2075.0,-328.0,-147.0,,26.0
-241.0,-615.0,,-16.0,-3.0,-1679.0,-373.0,-378.0,,19.0
-324.0,-659.0,,-27.0,4.0,-1435.0,-423.0,-399.0,,18.0
-200.0,-714.0,,-46.0,-37.0,-1264.0,-458.0,-454.0,,42.0
-330.0,-659.0,,-54.0,-50.0,-1133.0,-467.0,-105.0,,82.0
-315.0,-527.0,,-117.0,-72.0,-1156.0,-462.0,-20.0,,134.0
-316.0,-458.0,,-114.0,-82.0,-1282.0,-440.0,232.0,,196.0
-252.0,-275.0,,-99.0,-30.0,-1400.0,-411.0,190.0,,255.0
-293.0,27.0,,-88.0,-23.0,-1295.0,-399.0,20.0,,309.0
-326.0,203.0,,-62.0,-36.0,-1214.0,-378.0,18.0,,361.0
-195.0,273.0,,-7.0,-31.0,-1228.0,-339.0,-249.0,,416.0
-332.0,222.0,,52.0,-60.0,-1102.0,-317.0,-121.0,,466.0
-294.0,91.0,,21.0,-61.0,-1034.0,-304.0,-424.0,,511.0
-280.0,-68.0,,-41.0,-46.0,-1105.0,-312.0,-727.0,,552.0
-138.0,-173.0,,-55.0,-24.0,-1126.0,-345.0,-927.0,,575.0
-166.0,-91.0,,-20.0,98.0,-1085.0,-388.0,-1173.0,,596.0
-187.0,121.0,,-20.0,215.0,-824.0,-441.0,-955.0,,613.0
-108.0,192.0,,-12.0,284.0,-620.0,-462.0,-982.0,,625.0
-189.0,90.0,,35.0,360.0,-503.0,-439.0,-715.0,,654.0
-78.0,24.0,,62.0,350.0,-315.0,-408.0,-618.0,,693.0
-91.0,-21.0,,55.0,270.0,-239.0,-375.0,-652.0,,736.0
-1.0,-58.0,,83.0,194.0,-171.0,-364.0,-657.0,,795.0
3.0,-168.0,,135.0,95.0,-233.0,-363.0,-964.0,,865.0
63.0,-241.0,,160.0,42.0,-513.0,-362.0,-872.0,,939.0
58.0,-240.0,,162.0,27.0,-744.0,-384.0,-892.0,,1011.0
-31.0,-222.0,,164.0,-15.0,-589.0,-416.0,-661.0,,1057.0
149.0,-155.0,,182.0,-6.0,-585.0,-433.0,-473.0,,1093.0
132.0,-122.0,,182.0,-4.0,-738.0,-414.0,-406.0,,1123.0
216.0,31.0,,131.0,-42.0,-776.0,-398.0,-208.0,,1146.0
207.0,47.0,,94.0,-61.0,-871.0,-400.0,-434.0,,1171.0
272.0,-259.0,,54.0,-112.0,-676.0,-411.0,-341.0,,1174.0
377.0,-525.0,,-63.0,-141.0,-443.0,-425.0,-406.0,,1164.0
349.0,-625.0,,-89.0,-121.0,-267.0,-412.0,-367.0,,1133.0
490.0,-670.0,,-51.0,-123.0,-120.0,-409.0,-247.0,,1072.0
439.0,-722.0,,-38.0,-76.0,-31.0,-425.0,-441.0,,984.0
552.0,-700.0,,-27.0,-4.0,-108.0,-448.0,-419.0,,867.0
573.0,-554.0,,-34.0,12.0,-324.0,-479.0,-739.0,,742.0
550.0,-414.0,,-68.0,28.0,-300.0,-523.0,-798.0,,624.0
564.0,-403.0,,-95.0,17.0,-111.0,-558.0,-910.0,,505.0
570.0,-319.0,,-79.0,-59.0,223.0,-528.0,-1023.0,,394.0
690.0,-161.0,,-71.0,-119.0,446.0,-441.0,-844.0,,308.0
532.0,-143.0,,-27.0,-178.0,557.0,-356.0,-979.0,,233.0
569.0,-180.0,,6.0,-225.0,767.0,-308.0,-879.0,,193.0
552.0,-145.0,,13.0,-206.0,1038.0,-290.0,-986.0,,214.0
562.0,-51.0,,52.0,-198.0,1356.0,-302.0,-929.0,,274.0
509.0,-36.0,,122.0,-163.0,1479.0,-310.0,-840.0,,381.0
436.0,-73.0,,146.0,-104.0,1433.0,-304.0,-866.0,,516.0
479.0,-128.0,,166.0,-103.0,1456.0,-304.0,-570.0,,657.0
334.0,-227.0,,185.0,-67.0,1542.0,-302.0,-498.0,,793.0
366.0,-300.0,,173.0,-7.0,1400.0,-298.0,-112.0,,899.0
217.0,-353.0,,140.0,41.0,1045.0,-296.0,-29.0,,978.0
191.0,-345.0,,72.0,124.0,939.0,-271.0,-123.0,,1018.0
76.0,-244.0,,56.0,169.0,1145.0,-235.0,-214.0,,1028.0
7.0,-18.0,,69.0,136.0,1268.0,-207.0,-663.0,,1028.0
-37.0,257.0,,38.0,99.0,1159.0,-160.0,-750.0,,1002.0
-169.0,600.0,,-42.0,35.0,1160.0,-127.0,-1008.0,,969.0
-75.0,946.0,,-53.0,-34.0,1383.0,-118.0,-894.0,,919.0
-286.0,1157.0,,-93.0,-33.0,1713.0,-115.0,-639.0,,849.0
-332.0,1280.0,,-142.0,-40.0,1976.0,-91.0,-541.0,,777.0
-453.0,1159.0,,-110.0,-54.0,2112.0,-49.0,-210.0,,695.0
-450.0,877.0,,-57.0,-57.0,2299.0,-23.0,-168.0,,610.0
-499.0,575.0,,-11.0,-91.0,2489.0,-12.0,48.0,,515.0
-582.0,312.0,,4.0,-95.0,2623.0,-15.0,-192.0,,421.0
-492.0,156.0,,77.0,-85.0,2575.0,-7.0,-631.0,,304.0
-617.0,74.0,,146.0,-92.0,2591.0,3.0,-975.0,,161.0
-583.0,73.0,,258.0,-34.0,2792.0,13.0,-1274.0,,0.0
-641.0,146.0,,329.0,56.0,2829.0,33.0,-1128.0,,-190.0
-547.0,261.0,,288.0,107.0,2711.0,65.0,-1219.0,,-390.0
-536.0,218.0,,273.0,155.0,2406.0,110.0,-923.0,,-595.0
-529.0,59.0,,232.0,181.0,2138.0,151.0,-735.0,,-762.0
-525.0,-74.0,,162.0,168.0,2059.0,201.0,-733.0,,-886.0
-527.0,-163.0,,124.0,157.0,2049.0,258.0,-659.0,,-960.0
-423.0,-297.0,,111.0,108.0,2243.0,331.0,-979.0,,-956.0
-449.0,-486.0,,70.0,36.0,2616.0,395.0,-861.0,,-906.0
-398.0,-517.0,,15.0,8.0,3076.0,444.0,-812.0,,-798.0
-373.0,-459.0,,-86.0,-18.0,3441.0,489.0,-594.0,,-660.0
-216.0,-519.0,,-186.0,-37.0,3576.0,525.0,-325.0,,-513.0
-250.0,-671.0,,-212.0,-11.0,3612.0,567.0,-192.0,,-342.0
-265.0,-604.0,,-228.0,0.0,3587.0,592.0,194.0,,-181.0
-245.0,-361.0,,-176.0,5.0,3526.0,635.0,214.0,,-38.0
-135.0,-228.0,,-141.0,15.0,3315.0,654.0,498.0,,95.0
-63.0,-90.0,,-102.0,-21.0,2942.0,649.0,567.0,,205.0
-134.0,170.0,,19.0,-68.0,2655.0,675.0,622.0,,282.0
-43.0,432.0,,70.0,-93.0,2576.0,695.0,748.0,,333.0
-26.0,517.0,,126.0,-117.0,2673.0,751.0,448.0,,361.0
93.0,480.0,,200.0,-96.0,2794.0,813.0,478.0,,367.0
15.0,429.0,,208.0,-48.0,2839.0,828.0,181.0,,366.0
140.0,400.0,,253.0,-66.0,2956.0,824.0,0.0,,363.0
191.0,358.0,,249.0,-82.0,3368.0,811.0,-110.0,,358.0
157.0,239.0,,190.0,-84.0,3756.0,804.0,-192.0,,354.0
146.0,218.0,,186.0,-122.0,3988.0,822.0,59.0,,359.0
35.0,268.0,,180.0,-135.0,4265.0,841.0,79.0,,363.0
177.0,261.0,,183.0,-130.0,4531.0,860.0,280.0,,369.0
53.0,238.0,,182.0,-107.0,4609.0,900.0,121.0,,370.0
71.0,290.0,,135.0,-33.0,4206.0,935.0,33.0,,363.0
50.0,427.0,,48.0,26.0,3689.0,955.0,-107.0,,362.0
81.0,466.0,,45.0,51.0,3601.0,945.0,-338.0,,359.0
105.0,470.0,,113.0,90.0,3679.0,939.0,-127.0,,354.0
28.0,501.0,,164.0,88.0,3500.0,942.0,-279.0,,331.0
87.0,493.0,,245.0,53.0,3392.0,954.0,-230.0,,288.0
15.0,380.0,,292.0,71.0,3694.0,995.0,-393.0,,233.0
90.0,201.0,,342.0,77.0,4209.0,1010.0,-567.0,,156.0
86.0,126.0,,364.0,79.0,4616.0,1020.0,-487.0,,74.0
149.0,163.0,,366.0,96.0,4719.0,1026.0,-580.0,,-10.0
188.0,183.0,,362.0,96.0,4632.0,993.0,-328.0,,-86.0
203.0,65.0,,328.0,152.0,4432.0,977.0,-382.0,,-163.0
204.0,-14.0,,384.0,222.0,4250.0,980.0,-332.0,,-247.0
162.0,-54.0,,390.0,210.0,3969.0,979.0,-408.0,,-312.0
247.0,-67.0,,346.0,206.0,3445.0,989.0,-513.0,,-353.0
272.0,-25.0,,345.0,216.0,3109.0,1000.0,-230.0,,-376.0
306.0,3.0,,325.0,153.0,3128.0,990.0,-201.0,,-389.0
251.0,111.0,,303.0,96.0,3125.0,984.0,182.0,,-379.0
259.0,113.0,,228.0,40.0,3065.0,987.0,254.0,,-352.0
207.0,-29.0,,103.0,-34.0,3114.0,989.0,245.0,,-306.0
122.0,-163.0,,-2.0,-80.0,3250.0,973.0,358.0,,-245.0
102.0,-263.0,,-8.0,-182.0,3553.0,938.0,262.0,,-175.0
90.0,-347.0,,-44.0,-312.0,3635.0,917.0,412.0,,-94.0
112.0,-343.0,,-173.0,-358.0,3414.0,902.0,291.0,,-20.0
4.0,-220.0,,-234.0,-371.0,3178.0,906.0,413.0,,56.0
-56.0,-38.0,,-253.0,-341.0,2873.0,913.0,436.0,,130.0
-91.0,177.0,,-315.0,-228.0,2675.0,916.0,338.0,,187.0
-94.0,296.0,,-395.0,-132.0,2419.0,924.0,186.0,,220.0
-125.0,385.0,,-384.0,-58.0,2071.0,915.0,-301.0,,245.0
-174.0,463.0,,-343.0,-17.0,1871.0,906.0,-286.0,,249.0
-190.0,432.0,,-359.0,-74.0,1624.0,897.0,-397.0,,231.0
-235.0,391.0,,-380.0,-130.0,1360.0,893.0,-299.0,,201.0
-234.0,415.0,,-382.0,-175.0,1187.0,869.0,-149.0,,143.0
-318.0,488.0,,-367.0,-259.0,1091.0,847.0,-216.0,,79.0
-276.0,496.0,,-359.0,-272.0,1111.0,843.0,-107.0,,9.0
-243.0,402.0,,-376.0,-238.0,1245.0,840.0,-345.0,,-65.0
-276.0,300.0,,-374.0,-217.0,1501.0,845.0,-290.0,,-120.0
-308.0,192.0,,-320.0,-131.0,1721.0,835.0,-286.0,,-166.0
-354.0,-60.0,,-297.0,-43.0,1957.0,814.0,-101.0,,-205.0
-257.0,-341.0,,-231.0,2.0,2376.0,778.0,168.0,,-226.0
-330.0,-451.0,,-93.0,69.0,2725.0,736.0,77.0,,-248.0
-283.0,-503.0,,-8.0,96.0,2628.0,703.0,242.0,,-262.0
-300.0,-512.0,,-12.0,112.0,2325.0,677.0,-12.0,,-263.0
-285.0,-404.0,,-20.0,189.0,2227.0,643.0,-94.0,,-267.0
-276.0,-132.0,,27.0,232.0,2281.0,607.0,-147.0,,-247.0
-341.0,186.0,,-4.0,281.0,2208.0,543.0,-267.0,,-236.0
-220.0,327.0,,-46.0,368.0,1896.0,473.0,-103.0,,-237.0
-359.0,381.0,,-90.0,379.0,1702.0,444.0,-212.0,,-235.0
-284.0,466.0,,-137.0,378.0,1677.0,404.0,60.0,,-252.0
-406.0,425.0,,-149.0,412.0,1661.0,355.0,284.0,,-264.0
-376.0,198.0,,-228.0,394.0,1545.0,288.0,602.0,,-296.0
-374.0,51.0,,-284.0,375.0,1426.0,218.0,777.0,,-320.0
-535.0,84.0,,-314.0,327.0,1572.0,175.0,436.0,,-333.0
-523.0,189.0,,-292.0,205.0,1729.0,149.0,282.0,,-355.0
-703.0,190.0,,-276.0,124.0,1583.0,143.0,-86.0,,-349.0
-575.0,199.0,,-281.0,49.0,1280.0,131.0,-59.0,,-352.0
-763.0,315.0,,-252.0,-68.0,1080.0,111.0,-31.0,,-352.0
-721.0,297.0,,-251.0,-124.0,1057.0,68.0,-164.0,,-353.0
-819.0,108.0,,-253.0,-176.0,1167.0,18.0,-142.0,,-358.0
-824.0,-165.0,,-214.0,-276.0,1215.0,-9.0,-363.0,,-364.0
-821.0,-329.0,,-160.0,-333.0,1123.0,-22.0,-382.0,,-371.0
-983.0,-443.0,,-169.0,-408.0,1066.0,-16.0,-713.0,,-366.0
-837.0,-603.0,,-155.0,-490.0,1347.0,-10.0,-825.0,,-375.0
-1004.0,-688.0,,-79.0,-504.0,1534.0,-3.0,-715.0,,-373.0
-768.0,-627.0,,-13.0,-549.0,1452.0,-17.0,-618.0,,-372.0
-946.0,-524.0,,15.0,-550.0,1391.0,-40.0,-186.0,,-376.0
-815.0,-509.0,,32.0,-471.0,1379.0,-87.0,-109.0,,-377.0
-810.0,-458.0,,107.0,-412.0,1531.0,-132.0,181.0,,-385.0
-793.0,-354.0,,249.0,-318.0,1585.0,-151.0,343.0,,-397.0
-651.0,-247.0,,362.0,-220.0,1602.0,-223.0,358.0,,-414.0
-781.0,-249.0,,429.0,-179.0,1575.0,-291.0,402.0,,-419.0
-456.0,-202.0,,480.0,-108.0,1699.0,-322.0,253.0,,-395.0
-658.0,-17.0,,473.0,-42.0,1869.0,-325.0,426.0,,-355.0
-421.0,108.0,,452.0,-42.0,1766.0,-304.0,306.0,,-291.0
-482.0,123.0,,449.0,-13.0,1695.0,-308.0,376.0,,-186.0
-315.0,49.0,,453.0,0.0,1625.0,-325.0,400.0,,-55.0
-265.0,79.0,,442.0,-14.0,1591.0,-348.0,245.0,,97.0
-306.0,61.0,,437.0,48.0,1333.0,-372.0,347.0,,282.0
-77.0,-98.0,,432.0,115.0,982.0,-389.0,197.0,,471.0
-266.0,-193.0,,399.0,170.0,1023.0,-407.0,484.0,,649.0
-9.0,-142.0,,336.0,218.0,1216.0,-420.0,735.0,,795.0
-154.0,-19.0,,234.0,171.0,1157.0,-425.0,960.0,,890.0
79.0,125.0,,161.0,125.0,958.0,-430.0,1071.0,,952.0
-10.0,283.0,,137.0,152.0,1021.0,-447.0,768.0,,960.0
39.0,358.0,,128.0,165.0,1279.0,-492.0,646.0,,937.0
56.0,416.0,,100.0,212.0,1537.0,-528.0,225.0,,880.0
-84.0,394.0,,65.0,282.0,1608.0,-541.0,162.0,,797.0
116.0,236.0,,58.0,275.0,1518.0,-536.0,162.0,,709.0
-60.0,45.0,,25.0,255.0,1404.0,-524.0,162.0,,599.0
92.0,-104.0,,-24.0,234.0,1282.0,-515.0,408.0,,491.0
-133.0,-215.0,,-24.0,159.0,1153.0,-517.0,258.0,,376.0
34.0,-255.0,,-13.0,78.0,849.0,-544.0,271.0,,263.0
-62.0,-218.0,,-38.0,-29.0,713.0,-540.0,-20.0,,140.0
-149.0,-197.0,,-36.0,-173.0,703.0,-526.0,-210.0,,9.0
-131.0,-98.0,,-8.0,-243.0,528.0,-531.0,-264.0,,-108.0
-270.0,-96.0,,-51.0,-279.0,398.0,-539.0,-315.0,,-229.0
-107.0,-205.0,,-114.0,-291.0,466.0,-557.0,-7.0,,-347.0
-303.0,-291.0,,-131.0,-226.0,799.0,-550.0,-92.0,,-445.0
-195.0,-390.0,,-117.0,-200.0,1010.0,-536.0,83.0,,-523.0
-331.0,-442.0,,-123.0,-211.0,1044.0,-526.0,144.0,,-595.0
-241.0,-571.0,,-131.0,-165.0,995.0,-511.0,171.0,,-643.0
-306.0,-697.0,,-102.0,-105.0,1270.0,-490.0,299.0,,-681.0
-359.0,-672.0,,-57.0,-50.0,1848.0,-493.0,81.0,,-709.0
-286.0,-531.0,,-84.0,-20.0,2095.0,-535.0,190.0,,-707.0
-356.0,-380.0,,-173.0,-63.0,2132.0,-571.0,157.0,,-678.0
-251.0,-262.0,,-153.0,-83.0,1903.0,-602.0,386.0,,-619.0
-408.0,-101.0,,-121.0,-52.0,1525.0,-615.0,487.0,,-539.0
-250.0,78.0,,-138.0,-48.0,1163.0,-606.0,471.0,,-440.0
-346.0,154.0,,-163.0,-13.0,860.0,-596.0,739.0,,-330.0
-313.0,100.0,,-193.0,54.0,597.0,-615.0,576.0,,-221.0
-328.0,127.0,,-166.0,98.0,328.0,-652.0,665.0,,-121.0
-305.0,214.0,,-147.0,161.0,375.0,-680.0,537.0,,-11.0
-181.0,280.0,,-180.0,203.0,665.0,-690.0,406.0,,93.0
-305.0,277.0,,-200.0,214.0,918.0,-680.0,352.0,,207.0
-198.0,313.0,,-226.0,272.0,1162.0,-649.0,29.0,,324.0
-305.0,509.0,,-197.0,317.0,1619.0,-623.0,-18.0,,411.0
-180.0,621.0,,-160.0,318.0,1888.0,-649.0,-221.0,,502.0
-258.0,655.0,,-209.0,316.0,1780.0,-674.0,7.0,,567.0
-326.0,699.0,,-207.0,265.0,1569.0,-687.0,81.0,,597.0
-322.0,685.0,,-211.0,184.0,1373.0,-689.0,-64.0,,602.0
-353.0,448.0,,-234.0,127.0,1371.0,-664.0,-1.0,,584.0
-338.0,102.0,,-259.0,65.0,1256.0,-651.0,-254.0,,562.0
-491.0,-157.0,,-285.0,2.0,982.0,-645.0,-125.0,,535.0
-378.0,-401.0,,-281.0,-66.0,525.0,-645.0,-168.0,,522.0
-411.0,-536.0,,-299.0,-188.0,-10.0,-634.0,-75.0,,527.0
-372.0,-634.0,,-251.0,-294.0,-195.0,-587.0,90.0,,525.0
-487.0,-685.0,,-209.0,-345.0,-185.0,-538.0,31.0,,499.0
-451.0,-598.0,,-207.0,-386.0,-218.0,-489.0,164.0,,437.0
-362.0,-486.0,,-224.0,-368.0,-444.0,-444.0,-31.0,,322.0
-400.0,-463.0,,-292.0,-299.0,-634.0,-408.0,92.0,,156.0
-347.0,-423.0,,-317.0,-258.0,-560.0,-387.0,12.0,,-68.0
-461.0,-248.0,,-311.0,-209.0,-421.0,-365.0,-94.0,,-325.0
-307.0,-136.0,,-311.0,-166.0,-308.0,-308.0,-25.0,,-571.0
-338.0,-87.0,,-320.0,-163.0,-56.0,-278.0,-173.0,,-807.0
-299.0,-20.0,,-346.0,-143.0,254.0,-272.0,75.0,,-1014.0
-297.0,88.0,,-378.0,-130.0,283.0,-255.0,88.0,,-1191.0
-240.0,216.0,,-342.0,-140.0,152.0,-250.0,295.0,,-1341.0
-116.0,263.0,,-269.0,-128.0,143.0,-246.0,376.0,,-1457.0
-205.0,259.0,,-223.0,-146.0,74.0,-239.0,230.0,,-1538.0
-93.0,226.0,,-207.0,-191.0,-198.0,-213.0,223.0,,-1584.0
-125.0,197.0,,-223.0,-189.0,-502.0,-183.0,-112.0,,-1598.0
-40.0,154.0,,-179.0,-198.0,-800.0,-135.0,-55.0,,-1588.0
-87.0,50.0,,-157.0,-209.0,-921.0,-90.0,-149.0,,-1557.0
-65.0,-113.0,,-187.0,-162.0,-857.0,-79.0,-210.0,,-1509.0
18.0,-176.0,,-152.0,-112.0,-846.0,-48.0,-205.0,,-1441.0
-39.0,-109.0,,-105.0,-27.0,-968.0,-6.0,-382.0,,-1364.0
25.0,-50.0,,-81.0,98.0,-1222.0,25.0,-323.0,,-1282.0
-59.0,60.0,,-49.0,177.0,-1491.0,42.0,-663.0,,-1172.0
-2.0,207.0,,-23.0,238.0,-1627.0,65.0,-722.0,,-1039.0
-56.0,272.0,,-34.0,281.0,-1828.0,93.0,-698.0,,-889.0
-43.0,163.0,,-10.0,241.0,-2246.0,108.0,-655.0,,-721.0
-11.0,-15.0,,35.0,192.0,-2529.0,91.0,-439.0,,-553.0
-99.0,-149.0,,9.0,137.0,-2666.0,43.0,-491.0,,-386.0
-17.0,-220.0,,-61.0,41.0,-2666.0,29.0,-118.0,,-239.0
-69.0,-259.0,,-159.0,-24.0,-2612.0,23.0,166.0,,-112.0
10.0,-311.0,,-284.0,-113.0,-2684.0,41.0,543.0,,10.0
15.0,-249.0,,-339.0,-207.0,-2621.0,94.0,859.0,,108.0
32.0,-131.0,,-300.0,-192.0,-2374.0,110.0,873.0,,194.0
75.0,-44.0,,-280.0,-134.0,-2231.0,115.0,929.0,,262.0
51.0,61.0,,-267.0,-86.0,-2305.0,121.0,583.0,,298.0
186.0,203.0,,-270.0,-15.0,-2350.0,116.0,528.0,,302.0
108.0,293.0,,-268.0,24.0,-2503.0,118.0,351.0,,268.0
161.0,273.0,,-200.0,55.0,-2804.0,119.0,177.0,,211.0
182.0,163.0,,-190.0,131.0,-3219.0,99.0,212.0,,142.0
202.0,68.0,,-199.0,179.0,-3695.0,90.0,94.0,,62.0
199.0,20.0,,-179.0,205.0,-3875.0,79.0,441.0,,-33.0
92.0,-150.0,,-204.0,239.0,-3957.0,47.0,506.0,,-130.0
122.0,-273.0,,-205.0,219.0,-4042.0,47.0,550.0,,-238.0
53.0,-277.0,,-128.0,175.0,-4209.0,46.0,500.0,,-373.0
110.0,-213.0,,-66.0,133.0,-4411.0,58.0,330.0,,-522.0
17.0,-169.0,,-107.0,67.0,-4278.0,107.0,399.0,,-687.0
13.0,-174.0,,-99.0,58.0,-3948.0,135.0,192.0,,-851.0
7.0,-66.0,,-26.0,79.0,-3777.0,127.0,293.0,,-1021.0
-84.0,36.0,,42.0,84.0,-3688.0,101.0,205.0,,-1171.0
-118.0,161.0,,93.0,156.0,-3503.0,76.0,238.0,,-1299.0
-213.0,254.0,,147.0,220.0,-3270.0,67.0,334.0,,-1415.0
-125.0,368.0,,177.0,221.0,-3079.0,88.0,120.0,,-1511.0
-185.0,513.0,,109.0,228.0,-3100.0,116.0,212.0,,-1601.0
-226.0,474.0,,133.0,196.0,-3084.0,140.0,-29.0,,-1671.0
-292.0,413.0,,197.0,162.0,-3057.0,149.0,-70.0,,-1719.0
-259.0,310.0,,221.0,168.0,-3013.0,133.0,-269.0,,-1738.0
-204.0,165.0,,209.0,121.0,-2978.0,107.0,-497.0,,-1735.0
-242.0,0.0,,208.0,90.0,-3078.0,84.0,-412.0,,-1709.0
-196.0,-224.0,,247.0,130.0,-2940.0,72.0,-556.0,,-1652.0
-194.0,-302.0,,224.0,134.0,-2862.0,71.0,-247.0,,-1571.0
-81.0,-284.0,,212.0,125.0,-3133.0,90.0,-16.0,,-1461.0
-88.0,-245.0,,144.0,85.0,-3457.0,97.0,426.0,,-1347.0
-67.0,-202.0,,86.0,-18.0,-3424.0,105.0,689.0,,-1232.0
-77.0,-145.0,,16.0,-107.0,-3372.0,118.0,521.0,,-1113.0
-77.0,-11.0,,-102.0,-201.0,-3499.0,109.0,604.0,,-997.0
-11.0,52.0,,-111.0,-308.0,-3692.0,98.0,493.0,,-865.0
-50.0,-19.0,,-130.0,-350.0,-3916.0,100.0,604.0,,-743.0
-27.0,-135.0,,-178.0,-377.0,-3790.0,136.0,399.0,,-638.0
-45.0,-186.0,,-211.0,-414.0,-3576.0,170.0,375.0,,-526.0
-42.0,-263.0,,-280.0,-398.0,-3300.0,186.0,696.0,,-442.0
-29.0,-374.0,,-346.0,-416.0,-3001.0,192.0,685.0,,-381.0
15.0,-438.0,,-385.0,-461.0,-2652.0,199.0,800.0,,-336.0
3.0,-500.0,,-361.0,-466.0,-2331.0,200.0,609.0,,-331.0
-28.0,-503.0,,-293.0,-504.0,-2295.0,183.0,668.0,,-344.0
15.0,-574.0,,-147.0,-500.0,-2291.0,165.0,687.0,,-387.0
0.0,-540.0,,-21.0,-413.0,-2249.0,154.0,541.0,,-450.0
-5.0,-313.0,,22.0,-329.0,-1936.0,169.0,480.0,,-527.0
-11.0,-174.0,,99.0,-230.0,-1744.0,185.0,153.0,,-617.0
17.0,-82.0,,178.0,-152.0,-1957.0,207.0,330.0,,-684.0
-5.0,-65.0,,291.0,-123.0,-2255.0,219.0,308.0,,-736.0
-16.0,-18.0,,379.0,-64.0,-2493.0,205.0,293.0,,-755.0
1.0,76.0,,438.0,-19.0,-2495.0,208.0,389.0,,-752.0
-13.0,163.0,,437.0,10.0,-2650.0,207.0,271.0,,-732.0
-27.0,293.0,,349.0,102.0,-3017.0,199.0,415.0,,-690.0
-36.0,357.0,,331.0,172.0,-3313.0,200.0,339.0,,-656.0
21.0,451.0,,349.0,218.0,-3550.0,202.0,672.0,,-613.0
-1.0,574.0,,250.0,283.0,-3681.0,202.0,892.0,,-572.0
9.0,620.0,,177.0,278.0,-3791.0,196.0,798.0,,-536.0
11.0,579.0,,240.0,274.0,-3804.0,154.0,587.0,,-494.0
27.0,503.0,,254.0,307.0,-3460.0,87.0,-36.0,,-467.0
24.0,416.0,,294.0,304.0,-2845.0,36.0,-140.0,,-423.0
-9.0,326.0,,336.0,329.0,-2589.0,-1.0,-99.0,,-362.0
88.0,281.0,,379.0,351.0,-2596.0,-12.0,321.0,,-303.0
112.0,216.0,,450.0,326.0,-2389.0,-1.0,715.0,,-222.0
122.0,185.0,,458.0,310.0,-2095.0,4.0,742.0,,-143.0
92.0,141.0,,562.0,250.0,-1805.0,6.0,888.0,,-67.0
104.0,47.0,,685.0,131.0,-1829.0,7.0,689.0,,15.0
129.0,-7.0,,739.0,62.0,-1912.0,23.0,774.0,,69.0
146.0,23.0,,747.0,5.0,-1876.0,20.0,685.0,,92.0
189.0,101.0,,705.0,-57.0,-1915.0,3.0,574.0,,86.0
210.0,107.0,,629.0,-62.0,-1988.0,-20.0,493.0,,37.0
268.0,79.0,,583.0,-108.0,-2207.0,-46.0,49.0,,-44.0
245.0,81.0,,584.0,-170.0,-2468.0,-43.0,-134.0,,-167.0
268.0,97.0,,468.0,-200.0,-2640.0,-63.0,-578.0,,-327.0
271.0,38.0,,425.0,-262.0,-2659.0,-67.0,-663.0,,-504.0
263.0,-36.0,,421.0,-274.0,-2711.0,-38.0,-546.0,,-685.0
279.0,-66.0,,291.0,-256.0,-2790.0,-9.0,-367.0,,-863.0
283.0,-139.0,,175.0,-273.0,-2827.0,14.0,22.0,,-1026.0
351.0,-276.0,,121.0,-232.0,-2722.0,10.0,20.0,,-1177.0
358.0,-360.0,,130.0,-180.0,-2460.0,9.0,214.0,,-1296.0
359.0,-340.0,,42.0,-137.0,-2478.0,14.0,99.0,,-1378.0
438.0,-368.0,,26.0,-39.0,-2512.0,24.0,-64.0,,-1437.0
494.0,-439.0,,86.0,-7.0,-2220.0,24.0,-205.0,,-1470.0
449.0,-531.0,,12.0,-28.0,-1836.0,14.0,-430.0,,-1466.0
423.0,-502.0,,-15.0,7.0,-1748.0,-1.0,-253.0,,-1433.0
493.0,-335.0,,17.0,17.0,-1811.0,-18.0,-101.0,,-1369.0
519.0,-185.0,,33.0,24.0,-1597.0,-10.0,474.0,,-1272.0
477.0,-22.0,,55.0,45.0,-1371.0,-15.0,824.0,,-1164.0
491.0,139.0,,77.0,-8.0,-1275.0,-32.0,824.0,,-1048.0
540.0,298.0,,111.0,-34.0,-1147.0,-35.0,674.0,,-932.0
570.0,312.0,,103.0,-48.0,-1020.0,-46.0,240.0,,-814.0
505.0,213.0,,108.0,-129.0,-941.0,-47.0,306.0,,-694.0
478.0,145.0,,165.0,-156.0,-827.0,-45.0,315.0,,-581.0
501.0,111.0,,173.0,-191.0,-524.0,-65.0,495.0,,-471.0
489.0,16.0,,128.0,-250.0,-251.0,-78.0,582.0,,-357.0
477.0,-180.0,,28.0,-241.0,-302.0,-93.0,537.0,,-239.0
447.0,-220.0,,-30.0,-257.0,-334.0,-84.0,800.0,,-132.0
497.0,-83.0,,-74.0,-256.0,-106.0,-63.0,589.0,,-25.0
488.0,34.0,,-129.0,-212.0,-99.0,-71.0,395.0,,66.0
477.0,84.0,,-80.0,-216.0,-316.0,-69.0,-5.0,,135.0
462.0,157.0,,-17.0,-158.0,-404.0,-62.0,-245.0,,183.0
426.0,252.0,,-13.0,-61.0,-352.0,-52.0,-197.0,,197.0
423.0,232.0,,1.0,-33.0,-182.0,-46.0,-336.0,,189.0
377.0,154.0,,0.0,17.0,-342.0,-55.0,-230.0,,153.0
395.0,216.0,,-32.0,45.0,-521.0,-63.0,-456.0,,104.0
343.0,315.0,,-112.0,16.0,-131.0,-80.0,-473.0,,47.0
249.0,289.0,,-188.0,17.0,321.0,-75.0,-576.0,,-18.0
233.0,266.0,,-243.0,-8.0,607.0,-48.0,-740.0,,-83.0
215.0,287.0,,-322.0,-20.0,934.0,-43.0,-548.0,,-148.0
179.0,351.0,,-361.0,20.0,1395.0,-31.0,-635.0,,-203.0
141.0,387.0,,-397.0,4.0,1745.0,-25.0,-489.0,,-239.0
126.0,352.0,,-416.0,8.0,1825.0,-25.0,-857.0,,-268.0
87.0,308.0,,-404.0,56.0,1858.0,4.0,-1291.0,,-295.0
-4.0,282.0,,-426.0,71.0,1818.0,35.0,-1472.0,,-327.0
-7.0,163.0,,-468.0,136.0,1727.0,41.0,-1694.0,,-371.0
-61.0,-77.0,,-432.0,214.0,1608.0,48.0,-1494.0,,-432.0
-100.0,-185.0,,-421.0,248.0,1339.0,54.0,-1511.0,,-512.0
-115.0,-177.0,,-466.0,306.0,1061.0,45.0,-1123.0,,-599.0
-183.0,-188.0,,-433.0,306.0,831.0,52.0,-711.0,,-686.0
-168.0,-248.0,,-326.0,261.0,735.0,36.0,-404.0,,-764.0
-223.0,-285.0,,-275.0,255.0,687.0,10.0,-251.0,,-825.0
-207.0,-175.0,,-345.0,196.0,477.0,0.0,-672.0,,-842.0
-243.0,-86.0,,-337.0,129.0,473.0,2.0,-759.0,,-811.0
-213.0,-77.0,,-311.0,73.0,756.0,14.0,-953.0,,-744.0
-139.0,-21.0,,-364.0,-21.0,1153.0,7.0,-855.0,,-632.0
-137.0,92.0,,-404.0,-45.0,1268.0,10.0,-739.0,,-497.0
-94.0,139.0,,-373.0,-67.0,1063.0,-9.0,-825.0,,-338.0
-86.0,95.0,,-356.0,-161.0,1095.0,-37.0,-746.0,,-158.0
51.0,99.0,,-353.0,-211.0,1193.0,-36.0,-958.0,,22.0
85.0,85.0,,-298.0,-270.0,1065.0,-32.0,-840.0,,214.0
198.0,-56.0,,-280.0,-332.0,669.0,-34.0,-936.0,,411.0
238.0,-218.0,,-242.0,-297.0,494.0,-50.0,-933.0,,593.0
267.0,-268.0,,-286.0,-269.0,529.0,-65.0,-824.0,,773.0
384.0,-216.0,,-317.0,-231.0,322.0,-67.0,-907.0,,947.0
430.0,-99.0,,-265.0,-164.0,153.0,-90.0,-744.0,,1093.0
586.0,16.0,,-270.0,-166.0,29.0,-130.0,-1084.0,,1208.0
544.0,84.0,,-260.0,-136.0,19.0,-141.0,-1276.0,,1287.0
628.0,174.0,,-252.0,-109.0,32.0,-152.0,-1522.0,,1340.0
688.0,277.0,,-196.0,-152.0,-86.0,-172.0,-1642.0,,1358.0
751.0,331.0,,-98.0,-142.0,-349.0,-196.0,-1374.0,,1348.0
816.0,357.0,,0.0,-156.0,-555.0,-235.0,-1367.0,,1329.0
742.0,319.0,,49.0,-178.0,-227.0,-238.0,-1228.0,,1310.0
872.0,193.0,,89.0,-108.0,148.0,-208.0,-1413.0,,1294.0
843.0,64.0,,156.0,-45.0,184.0,-199.0,-1372.0,,1270.0
944.0,-14.0,,112.0,46.0,146.0,-193.0,-1271.0,,1258.0
905.0,-58.0,,138.0,153.0,185.0,-211.0,-1267.0,,1238.0
861.0,-124.0,,251.0,172.0,166.0,-249.0,-1112.0,,1212.0
930.0,-128.0,,265.0,205.0,-89.0,-269.0,-1376.0,,1188.0
809.0,-59.0,,214.0,250.0,-285.0,-282.0,-1322.0,,1152.0
886.0,5.0,,121.0,246.0,-340.0,-266.0,-1452.0,,1107.0
753.0,71.0,,107.0,287.0,-228.0,-240.0,-1675.0,,1040.0
841.0,172.0,,153.0,294.0,-64.0,-238.0,-1860.0,,947.0
818.0,276.0,,176.0,251.0,16.0,-255.0,-2028.0,,826.0
742.0,168.0,,277.0,241.0,237.0,-287.0,-1507.0,,705.0
809.0,26.0,,246.0,157.0,358.0,-324.0,-1158.0,,588.0
695.0,0.0,,107.0,74.0,546.0,-378.0,-859.0,,482.0
820.0,-56.0,,102.0,59.0,765.0,-438.0,-955.0,,415.0
670.0,-168.0,,148.0,7.0,618.0,-468.0,-1260.0,,376.0
719.0,-282.0,,123.0,19.0,245.0,-494.0,-1402.0,,369.0
655.0,-269.0,,86.0,92.0,-4.0,-507.0,-1895.0,,399.0
628.0,-234.0,,95.0,108.0,-29.0,-498.0,-2126.0,,450.0
660.0,-232.0,,51.0,141.0,-128.0,-481.0,-2470.0,,521.0
522.0,-194.0,,14.0,143.0,-157.0,-451.0,-2350.0,,614.0
648.0,-78.0,,-44.0,87.0,-110.0,-455.0,-1855.0,,708.0
519.0,-43.0,,-106.0,83.0,190.0,-476.0,-1583.0,,782.0
614.0,-225.0,,-180.0,30.0,565.0,-515.0,-1452.0,,840.0
507.0,-344.0,,-244.0,-32.0,666.0,-574.0,-1980.0,,870.0
510.0,-313.0,,-245.0,-21.0,934.0,-617.0,-2256.0,,855.0
490.0,-328.0,,-266.0,-80.0,1166.0,-630.0,-2466.0,,818.0
384.0,-472.0,,-266.0,-125.0,962.0,-617.0,-2409.0,,750.0
501.0,-492.0,,-317.0,-124.0,583.0,-603.0,-2015.0,,654.0
395.0,-346.0,,-345.0,-177.0,452.0,-581.0,-1736.0,,547.0
453.0,-236.0,,-356.0,-172.0,359.0,-580.0,-1034.0,,423.0
286.0,-234.0,,-352.0,-178.0,319.0,-595.0,-796.0,,327.0
343.0,-230.0,,-351.0,-234.0,382.0,-597.0,-831.0,,263.0
351.0,-15.0,,-390.0,-196.0,470.0,-579.0,-1226.0,,239.0
333.0,149.0,,-459.0,-159.0,660.0,-562.0,-1651.0,,256.0
308.0,74.0,,-529.0,-123.0,816.0,-582.0,-1581.0,,305.0
204.0,-1.0,,-484.0,-64.0,1032.0,-589.0,-1688.0,,372.0
286.0,70.0,,-463.0,-84.0,1028.0,-602.0,-1426.0,,430.0
176.0,51.0,,-478.0,-91.0,694.0,-593.0,-1284.0,,485.0
207.0,-178.0,,-485.0,-86.0,440.0,-562.0,-1029.0,,505.0
90.0,-386.0,,-489.0,-124.0,310.0,-566.0,-753.0,,510.0
125.0,-450.0,,-555.0,-89.0,-57.0,-568.0,-921.0,,505.0
108.0,-429.0,,-581.0,-40.0,-593.0,-604.0,-975.0,,483.0
49.0,-524.0,,-503.0,-39.0,-869.0,-643.0,-1370.0,,479.0
50.0,-574.0,,-489.0,14.0,-808.0,-649.0,-1513.0,,482.0
-46.0,-391.0,,-455.0,27.0,-669.0,-655.0,-1483.0,,503.0
-24.0,-180.0,,-395.0,20.0,-615.0,-665.0,-1223.0,,549.0
-83.0,-90.0,,-310.0,83.0,-358.0,-674.0,-796.0,,614.0
-86.0,0.0,,-221.0,98.0,11.0,-677.0,-1005.0,,699.0
-135.0,219.0,,-215.0,148.0,111.0,-691.0,-1267.0,,801.0
-71.0,422.0,,-217.0,208.0,218.0,-685.0,-1829.0,,892.0
-92.0,467.0,,-186.0,195.0,471.0,-668.0,-2043.0,,969.0
-110.0,334.0,,-191.0,253.0,530.0,-682.0,-1914.0,,1025.0
-142.0,318.0,,-180.0,312.0,483.0,-704.0,-1777.0,,1040.0
-127.0,433.0,,-134.0,329.0,477.0,-701.0,-1356.0,,1025.0
-110.0,430.0,,-134.0,385.0,500.0,-703.0,-1302.0,,985.0
-180.0,413.0,,-143.0,346.0,388.0,-734.0,-1110.0,,932.0
-165.0,486.0,,-108.0,246.0,99.0,-760.0,-1326.0,,858.0
-231.0,552.0,,-48.0,185.0,123.0,-762.0,-1696.0,,768.0
-152.0,473.0,,44.0,89.0,303.0,-765.0,-1698.0,,664.0
-263.0,415.0,,125.0,49.0,282.0,-778.0,-1600.0,,545.0
-215.0,425.0,,101.0,62.0,172.0,-786.0,-1019.0,,422.0
-253.0,436.0,,107.0,33.0,67.0,-806.0,-715.0,,287.0
-258.0,403.0,,161.0,73.0,91.0,-831.0,-419.0,,157.0
-251.0,293.0,,184.0,107.0,-16.0,-868.0,-485.0,,38.0
-343.0,248.0,,211.0,85.0,-287.0,-910.0,-781.0,,-59.0
-239.0,220.0,,198.0,116.0,-348.0,-947.0,-787.0,,-131.0
-397.0,185.0,,105.0,89.0,-165.0,-956.0,-999.0,,-186.0
-274.0,110.0,,110.0,46.0,-113.0,-925.0,-770.0,,-222.0
-343.0,61.0,,204.0,45.0,-385.0,-878.0,-613.0,,-253.0
-269.0,24.0,,217.0,-44.0,-666.0,-830.0,-338.0,,-289.0
-307.0,-88.0,,231.0,-96.0,-614.0,-805.0,-55.0,,-330.0
-339.0,-160.0,,210.0,-99.0,-541.0,-794.0,-134.0,,-381.0
-229.0,-229.0,,208.0,-172.0,-674.0,-804.0,-136.0,,-446.0
-365.0,-257.0,,249.0,-174.0,-640.0,-791.0,-504.0,,-526.0
-204.0,-273.0,,321.0,-153.0,-681.0,-788.0,-519.0,,-607.0
-326.0,-291.0,,382.0,-158.0,-743.0,-792.0,-546.0,,-678.0
-208.0,-215.0,,388.0,-73.0,-840.0,-763.0,-513.0,,-720.0
-255.0,-102.0,,383.0,-21.0,-989.0,-749.0,-256.0,,-733.0
-172.0,32.0,,304.0,0.0,-899.0,-700.0,-356.0,,-725.0
-136.0,232.0,,277.0,60.0,-824.0,-647.0,-190.0,,-678.0
-134.0,391.0,,274.0,35.0,-812.0,-592.0,-345.0,,-621.0
50.0,409.0,,247.0,4.0,-1041.0,-544.0,-362.0,,-564.0
-19.0,417.0,,187.0,23.0,-1275.0,-542.0,-304.0,,-503.0
121.0,503.0,,46.0,9.0,-1312.0,-522.0,-388.0,,-456.0
36.0,537.0,,-27.0,47.0,-1284.0,-515.0,-116.0,,-412.0
204.0,485.0,,-107.0,90.0,-1264.0,-500.0,-55.0,,-374.0
80.0,485.0,,-242.0,89.0,-1256.0,-462.0,262.0,,-343.0
148.0,518.0,,-287.0,146.0,-1308.0,-443.0,315.0,,-303.0
186.0,502.0,,-296.0,153.0,-1274.0,-422.0,253.0,,-231.0
96.0,396.0,,-346.0,130.0,-925.0,-397.0,195.0,,-137.0
186.0,352.0,,-377.0,154.0,-673.0,-364.0,-83.0,,-28.0
32.0,433.0,,-304.0,145.0,-559.0,-353.0,103.0,,91.0
143.0,404.0,,-231.0,175.0,-425.0,-344.0,157.0,,203.0
-85.0,297.0,,-289.0,192.0,87.0,-336.0,467.0,,304.0
-49.0,251.0,,-342.0,133.0,442.0,-358.0,654.0,,381.0
-145.0,297.0,,-319.0,105.0,248.0,-352.0,587.0,,433.0
-218.0,198.0,,-333.0,57.0,96.0,-334.0,535.0,,464.0
-261.0,-62.0,,-352.0,4.0,58.0,-322.0,29.0,,485.0
-365.0,-225.0,,-337.0,50.0,141.0,-302.0,-77.0,,499.0
-339.0,-301.0,,-349.0,91.0,79.0,-296.0,-70.0,,510.0
-486.0,-391.0,,-356.0,125.0,12.0,-305.0,249.0,,527.0
-397.0,-547.0,,-344.0,197.0,106.0,-321.0,509.0,,556.0
-534.0,-568.0,,-270.0,204.0,294.0,-326.0,291.0,,591.0
-470.0,-499.0,,-242.0,231.0,570.0,-310.0,280.0,,637.0
-573.0,-489.0,,-276.0,247.0,787.0,-279.0,53.0,,687.0
-546.0,-494.0,,-193.0,189.0,932.0,-264.0,72.0,,733.0
-522.0,-396.0,,-88.0,196.0,1092.0,-248.0,-79.0,,787.0
-553.0,-206.0,,-70.0,171.0,1164.0,-240.0,-267.0,,826.0
-428.0,-153.0,,-117.0,99.0,1140.0,-264.0,-240.0,,855.0
-547.0,-165.0,,-174.0,92.0,1087.0,-264.0,-415.0,,871.0
-345.0,-166.0,,-117.0,48.0,772.0,-250.0,-245.0,,852.0
-422.0,-102.0,,-74.0,9.0,536.0,-240.0,-192.0,,813.0
-335.0,-69.0,,-130.0,2.0,522.0,-218.0,323.0,,753.0
-297.0,-129.0,,-113.0,-77.0,482.0,-209.0,936.0,,677.0
-288.0,-62.0,,-71.0,-109.0,314.0,-195.0,1152.0,,613.0
-215.0,65.0,,-51.0,-106.0,307.0,-209.0,1370.0,,566.0
-323.0,171.0,,-66.0,-130.0,609.0,-230.0,1234.0,,536.0
-124.0,264.0,,-93.0,-68.0,655.0,-216.0,1378.0,,531.0
-214.0,416.0,,-74.0,-27.0,316.0,-186.0,1256.0,,547.0
-239.0,553.0,,-99.0,-61.0,120.0,-120.0,1034.0,,583.0
-263.0,545.0,,-218.0,-53.0,344.0,-63.0,949.0,,623.0
-246.0,501.0,,-339.0,-66.0,415.0,-31.0,837.0,,667.0
-175.0,490.0,,-324.0,-67.0,210.0,-30.0,1141.0,,715.0
-285.0,473.0,,-246.0,-3.0,154.0,-43.0,1095.0,,769.0
-263.0,337.0,,-156.0,-3.0,452.0,-36.0,1241.0,,825.0
-327.0,242.0,,-98.0,19.0,642.0,-17.0,1496.0,,867.0
-281.0,299.0,,-106.0,81.0,471.0,12.0,1664.0,,906.0
-296.0,316.0,,-106.0,68.0,428.0,46.0,1856.0,,926.0
-344.0,261.0,,-134.0,80.0,513.0,58.0,1492.0,,924.0
-338.0,178.0,,-109.0,77.0,471.0,61.0,1254.0,,903.0
-386.0,138.0,,-76.0,36.0,176.0,73.0,994.0,,853.0
-326.0,59.0,,-129.0,42.0,69.0,101.0,957.0,,773.0
-383.0,-170.0,,-101.0,6.0,39.0,144.0,1008.0,,670.0
-319.0,-321.0,,-50.0,-5.0,-91.0,171.0,885.0,,556.0
-290.0,-233.0,,-11.0,76.0,37.0,205.0,1071.0,,441.0
-301.0,-133.0,,74.0,109.0,250.0,239.0,975.0,,330.0
-229.0,-160.0,,66.0,153.0,333.0,281.0,1005.0,,222.0
-222.0,-171.0,,38.0,223.0,319.0,340.0,916.0,,115.0
-110.0,-87.0,,69.0,219.0,471.0,400.0,842.0,,6.0
-159.0,30.0,,103.0,230.0,513.0,451.0,1001.0,,-97.0
-85.0,77.0,,147.0,207.0,279.0,476.0,835.0,,-217.0
-71.0,134.0,,157.0,130.0,39.0,492.0,909.0,,-327.0
-31.0,257.0,,184.0,101.0,-8.0,504.0,833.0,,-422.0
36.0,283.0,,192.0,41.0,40.0,518.0,910.0,,-503.0
11.0,118.0,,88.0,-21.0,-227.0,550.0,942.0,,-553.0
133.0,-127.0,,0.0,-7.0,-398.0,609.0,781.0,,-571.0
52.0,-255.0,,6.0,-22.0,-93.0,662.0,957.0,,-559.0
170.0,-350.0,,-53.0,-35.0,187.0,704.0,982.0,,-527.0
115.0,-536.0,,-121.0,-29.0,346.0,750.0,1419.0,,-476.0
131.0,-701.0,,-162.0,-99.0,598.0,792.0,1742.0,,-426.0
155.0,-751.0,,-296.0,-126.0,758.0,844.0,1927.0,,-381.0
112.0,-759.0,,-373.0,-129.0,916.0,908.0,1977.0,,-358.0
192.0,-797.0,,-428.0,-178.0,1016.0,977.0,1659.0,,-345.0
58.0,-763.0,,-513.0,-162.0,868.0,1026.0,1683.0,,-337.0
150.0,-595.0,,-577.0,-171.0,642.0,1060.0,1415.0,,-340.0
30.0,-429.0,,-603.0,-210.0,450.0,1115.0,1297.0,,-331.0
42.0,-375.0,,-546.0,-200.0,356.0,1185.0,1188.0,,-332.0
9.0,-328.0,,-495.0,-259.0,277.0,1241.0,1188.0,,-322.0
-58.0,-242.0,,-433.0,-307.0,274.0,1297.0,1509.0,,-306.0
-102.0,-207.0,,-356.0,-291.0,479.0,1339.0,1419.0,,-290.0
-286.0,-235.0,,-326.0,-304.0,837.0,1351.0,1528.0,,-276.0
-244.0,-252.0,,-281.0,-229.0,1221.0,1357.0,1337.0,,-272.0
-352.0,-249.0,,-220.0,-120.0,1497.0,1361.0,1273.0,,-275.0
-349.0,-280.0,,-173.0,-70.0,1629.0,1372.0,1395.0,,-291.0
-497.0,-300.0,,-146.0,16.0,1707.0,1394.0,1337.0,,-312.0
-567.0,-242.0,,-161.0,37.0,1717.0,1424.0,1587.0,,-340.0
-539.0,-148.0,,-194.0,10.0,1617.0,1497.0,1528.0,,-377.0
-627.0,-95.0,,-231.0,48.0,1508.0,1566.0,1598.0,,-434.0
-635.0,-58.0,,-215.0,46.0,1377.0,1576.0,1391.0,,-486.0
-726.0,9.0,,-202.0,69.0,1360.0,1589.0,1186.0,,-531.0
-658.0,99.0,,-252.0,148.0,1411.0,1598.0,1459.0,,-582.0
-699.0,113.0,,-253.0,153.0,1287.0,1582.0,1609.0,,-618.0
-748.0,124.0,,-195.0,175.0,1320.0,1539.0,1899.0,,-666.0
-693.0,210.0,,-112.0,189.0,1432.0,1502.0,1635.0,,-709.0
-741.0,239.0,,-96.0,133.0,1483.0,1499.0,1278.0,,-745.0
-713.0,185.0,,-79.0,135.0,1765.0,1501.0,921.0,,-780.0
-748.0,144.0,,13.0,94.0,1916.0,1520.0,707.0,,-795.0
-733.0,125.0,,6.0,28.0,1864.0,1529.0,1090.0,,-804.0
-679.0,-45.0,,-22.0,41.0,1951.0,1521.0,1322.0,,-819.0
-708.0,-276.0,,51.0,6.0,2122.0,1528.0,1819.0,,-829.0
-640.0,-354.0,,87.0,-14.0,2221.0,1517.0,1840.0,,-834.0
-705.0,-335.0,,109.0,-2.0,2135.0,1489.0,1548.0,,-844.0
-646.0,-414.0,,148.0,-60.0,2034.0,1477.0,1468.0,,-851.0
-619.0,-576.0,,166.0,-72.0,2230.0,1470.0,1407.0,,-849.0
-634.0,-567.0,,231.0,-46.0,2478.0,1472.0,1762.0,,-823.0
-548.0,-403.0,,301.0,-17.0,2468.0,1474.0,1648.0,,-771.0
-595.0,-336.0,,318.0,89.0,2256.0,1464.0,1516.0,,-706.0
-532.0,-379.0,,343.0,131.0,2167.0,1456.0,1361.0,,-634.0
-576.0,-240.0,,388.0,121.0,2245.0,1433.0,1154.0,,-565.0
-455.0,0.0,,360.0,162.0,2204.0,1408.0,1152.0,,-523.0
-437.0,17.0,,359.0,126.0,2166.0,1408.0,761.0,,-508.0
-508.0,-130.0,,380.0,65.0,2124.0,1416.0,678.0,,-517.0
-441.0,-162.0,,368.0,44.0,2211.0,1441.0,528.0,,-539.0
-441.0,-86.0,,343.0,-26.0,2342.0,1453.0,570.0,,-563.0
-344.0,-168.0,,281.0,-62.0,2207.0,1457.0,702.0,,-602.0
-411.0,-332.0,,255.0,-83.0,2051.0,1455.0,606.0,,-642.0
-387.0,-281.0,,259.0,-156.0,2201.0,1423.0,848.0,,-696.0
-393.0,-50.0,,266.0,-136.0,2429.0,1392.0,757.0,,-770.0
-343.0,26.0,,242.0,-97.0,2374.0,1361.0,844.0,,-863.0
-273.0,-52.0,,220.0,-93.0,2343.0,1335.0,875.0,,-965.0
-312.0,-34.0,,205.0,-43.0,2418.0,1298.0,1053.0,,-1052.0
-314.0,103.0,,208.0,-67.0,2379.0,1275.0,1480.0,,-1119.0
-316.0,101.0,,250.0,-110.0,2099.0,1280.0,1487.0,,-1133.0
-231.0,-47.0,,245.0,-110.0,1762.0,1269.0,1696.0,,-1096.0
-293.0,12.0,,190.0,-162.0,1517.0,1276.0,1653.0,,-1009.0
-294.0,192.0,,164.0,-161.0,1320.0,1269.0,1807.0,,-886.0
-296.0,159.0,,149.0,-104.0,1331.0,1235.0,1819.0,,-731.0
-303.0,-39.0,,25.0,-113.0,1434.0,1204.0,1454.0,,-550.0
-359.0,-107.0,,-41.0,-109.0,1535.0,1163.0,1300.0,,-376.0
-373.0,-60.0,,35.0,-121.0,1508.0,1123.0,1010.0,,-196.0
-275.0,-101.0,,50.0,-190.0,1470.0,1092.0,1280.0,,-24.0
-292.0,-261.0,,19.0,-200.0,1631.0,1079.0,1489.0,,155.0
-298.0,-288.0,,23.0,-210.0,1812.0,1070.0,1622.0,,332.0
-367.0,-111.0,,52.0,-236.0,1890.0,1060.0,1751.0,,485.0
-326.0,-104.0,,123.0,-190.0,1700.0,1058.0,1544.0,,653.0
-300.0,-239.0,,253.0,-155.0,1441.0,1053.0,1522.0,,807.0
-290.0,-262.0,,337.0,-114.0,1288.0,1051.0,1154.0,,943.0
-318.0,-152.0,,347.0,-17.0,1149.0,1033.0,1008.0,,1064.0
-321.0,-129.0,,412.0,25.0,1105.0,1025.0,942.0,,1155.0
-261.0,-201.0,,460.0,69.0,1289.0,1016.0,934.0,,1225.0
-304.0,-206.0,,516.0,148.0,1507.0,1000.0,1127.0,,1255.0
-276.0,-239.0,,595.0,144.0,1613.0,983.0,981.0,,1256.0
-291.0,-413.0,,586.0,138.0,1940.0,963.0,1121.0,,1218.0
-266.0,-645.0,,584.0,138.0,2272.0,988.0,981.0,,1140.0
-299.0,-660.0,,618.0,63.0,2418.0,995.0,761.0,,1025.0
-269.0,-554.0,,602.0,28.0,2412.0,973.0,447.0,,882.0
-255.0,-474.0,,605.0,6.0,2257.0,926.0,7.0,,716.0
-310.0,-413.0,,651.0,-50.0,2127.0,861.0,118.0,,541.0
-328.0,-216.0,,677.0,-47.0,2097.0,821.0,262.0,,381.0
-373.0,134.0,,648.0,-47.0,1911.0,770.0,729.0,,228.0
-328.0,377.0,,665.0,-40.0,1416.0,728.0,859.0,,104.0
-410.0,528.0,,754.0,53.0,1179.0,693.0,755.0,,-6.0
-422.0,646.0,,763.0,134.0,1366.0,657.0,720.0,,-105.0
-440.0,747.0,,791.0,173.0,1668.0,630.0,495.0,,-187.0
-448.0,657.0,,824.0,193.0,1697.0,595.0,733.0,,-257.0
-466.0,501.0,,841.0,141.0,1558.0,570.0,855.0,,-317.0
-504.0,413.0,,861.0,79.0,1485.0,544.0,1199.0,,-388.0
-460.0,228.0,,882.0,40.0,1356.0,497.0,1393.0,,-462.0
-488.0,1.0,,956.0,-50.0,1018.0,444.0,1254.0,,-550.0
-457.0,-176.0,,941.0,-101.0,619.0,374.0,1278.0,,-640.0
-547.0,-219.0,,923.0,-93.0,736.0,297.0,977.0,,-712.0
-511.0,-256.0,,875.0,-123.0,978.0,244.0,879.0,,-771.0
-456.0,-290.0,,792.0,-119.0,843.0,206.0,569.0,,-799.0
-452.0,-241.0,,797.0,-94.0,659.0,173.0,417.0,,-810.0
-436.0,-110.0,,739.0,-84.0,727.0,127.0,524.0,,-803.0
-429.0,-4.0,,674.0,-30.0,868.0,85.0,578.0,,-766.0
-284.0,27.0,,679.0,10.0,740.0,43.0,903.0,,-735.0
-314.0,153.0,,692.0,38.0,364.0,-22.0,820.0,,-703.0
-291.0,241.0,,708.0,103.0,76.0,-81.0,1014.0,,-662.0
-299.0,176.0,,718.0,100.0,-177.0,-121.0,1117.0,,-629.0
-248.0,83.0,,775.0,51.0,-498.0,-125.0,1021.0,,-594.0
-142.0,117.0,,785.0,50.0,-640.0,-140.0,929.0,,-574.0
-124.0,161.0,,731.0,10.0,-685.0,-171.0,432.0,,-546.0
-117.0,87.0,,726.0,-35.0,-800.0,-191.0,439.0,,-531.0
-211.0,-2.0,,699.0,-61.0,-970.0,-224.0,423.0,,-523.0
-78.0,-29.0,,669.0,-106.0,-927.0,-234.0,545.0,,-503.0
-55.0,44.0,,638.0,-76.0,-831.0,-265.0,637.0,,-495.0
-96.0,28.0,,582.0,-13.0,-888.0,-301.0,450.0,,-481.0
-98.0,-31.0,,574.0,-16.0,-1036.0,-328.0,537.0,,-483.0
-64.0,141.0,,584.0,-17.0,-989.0,-363.0,325.0,,-489.0
-22.0,351.0,,551.0,-36.0,-596.0,-397.0,354.0,,-496.0
-137.0,359.0,,527.0,-87.0,-447.0,-423.0,214.0,,-506.0
-77.0,401.0,,509.0,-72.0,-553.0,-421.0,-51.0,,-499.0
-71.0,503.0,,356.0,-42.0,-473.0,-437.0,-238.0,,-497.0
-18.0,451.0,,219.0,-7.0,-148.0,-479.0,-604.0,,-470.0
-28.0,276.0,,211.0,67.0,52.0,-540.0,-369.0,,-430.0
-43.0,51.0,,114.0,68.0,-159.0,-591.0,-221.0,,-378.0
7.0,1.0,,61.0,30.0,-432.0,-620.0,86.0,,-304.0
-31.0,46.0,,168.0,17.0,-447.0,-608.0,317.0,,-219.0
15.0,-43.0,,175.0,-32.0,-678.0,-593.0,199.0,,-99.0
-44.0,-151.0,,140.0,-56.0,-1224.0,-623.0,192.0,,9.0
-7.0,-192.0,,154.0,-47.0,-1667.0,-659.0,-253.0,,112.0
-26.0,-155.0,,148.0,-74.0,-1880.0,-705.0,-460.0,,226.0
-85.0,-206.0,,125.0,-67.0,-2030.0,-723.0,-800.0,,320.0
-135.0,-238.0,,52.0,-70.0,-2301.0,-726.0,-1199.0,,414.0
-172.0,-172.0,,23.0,-111.0,-2411.0,-730.0,-1422.0,,512.0
-170.0,-24.0,,24.0,-89.0,-2476.0,-741.0,-1531.0,,614.0
-253.0,125.0,,37.0,-73.0,-2493.0,-785.0,-953.0,,722.0
-217.0,90.0,,100.0,-86.0,-2395.0,-816.0,-650.0,,833.0
-252.0,154.0,,124.0,-40.0,-2147.0,-815.0,-521.0,,959.0
-270.0,235.0,,122.0,-18.0,-1890.0,-819.0,-837.0,,1074.0
-310.0,260.0,,118.0,-18.0,-1822.0,-819.0,-1300.0,,1161.0
-249.0,232.0,,93.0,9.0,-1595.0,-782.0,-1271.0,,1216.0
-216.0,201.0,,10.0,-18.0,-1530.0,-746.0,-1297.0,,1230.0
-269.0,297.0,,7.0,-56.0,-1667.0,-721.0,-914.0,,1201.0
-241.0,218.0,,48.0,-105.0,-1787.0,-682.0,-724.0,,1126.0
-285.0,86.0,,51.0,-212.0,-1937.0,-639.0,-533.0,,1041.0
-210.0,0.0,,157.0,-242.0,-2053.0,-596.0,-484.0,,943.0
-196.0,-34.0,,124.0,-220.0,-2124.0,-571.0,-691.0,,839.0
-140.0,-111.0,,63.0,-244.0,-2134.0,-564.0,-631.0,,740.0
-173.0,-189.0,,69.0,-233.0,-2110.0,-575.0,-822.0,,635.0
-145.0,-61.0,,73.0,-220.0,-2054.0,-612.0,-554.0,,541.0
-50.0,47.0,,139.0,-219.0,-1881.0,-638.0,-402.0,,438.0
-67.0,184.0,,150.0,-149.0,-1582.0,-655.0,-367.0,,332.0
-26.0,303.0,,162.0,-110.0,-1596.0,-680.0,-308.0,,240.0
-86.0,440.0,,147.0,-105.0,-1805.0,-695.0,-615.0,,149.0
-5.0,598.0,,128.0,-71.0,-1901.0,-700.0,-600.0,,75.0
-15.0,587.0,,188.0,-79.0,-2013.0,-698.0,-779.0,,16.0
52.0,536.0,,236.0,-68.0,-2215.0,-706.0,-661.0,,-23.0
77.0,503.0,,190.0,-1.0,-2353.0,-744.0,-528.0,,-41.0
28.0,466.0,,190.0,27.0,-2369.0,-757.0,-502.0,,-57.0
43.0,321.0,,164.0,66.0,-2351.0,-765.0,-301.0,,-50.0
-57.0,240.0,,130.0,115.0,-2308.0,-780.0,-506.0,,-24.0
24.0,285.0,,221.0,104.0,-2326.0,-769.0,-563.0,,7.0
-9.0,276.0,,277.0,127.0,-2231.0,-777.0,-970.0,,45.0
72.0,232.0,,271.0,148.0,-2196.0,-786.0,-1260.0,,71.0
49.0,162.0,,224.0,119.0,-2234.0,-781.0,-1346.0,,85.0
34.0,199.0,,195.0,136.0,-2368.0,-796.0,-1550.0,,82.0
170.0,223.0,,100.0,147.0,-2572.0,-813.0,-1461.0,,65.0
166.0,125.0,,6.0,134.0,-2424.0,-800.0,-1718.0,,29.0
230.0,58.0,,60.0,149.0,-2082.0,-758.0,-1668.0,,-15.0
189.0,-19.0,,107.0,131.0,-1728.0,-707.0,-1535.0,,-62.0
286.0,-108.0,,178.0,107.0,-1609.0,-670.0,-1393.0,,-117.0
315.0,-192.0,,370.0,137.0,-1646.0,-671.0,-1117.0,,-165.0
357.0,-222.0,,557.0,125.0,-1667.0,-657.0,-1208.0,,-208.0
347.0,-157.0,,637.0,95.0,-1695.0,-652.0,-1103.0,,-235.0
304.0,-117.0,,598.0,92.0,-1918.0,-654.0,-1258.0,,-237.0
381.0,-104.0,,681.0,76.0,-2055.0,-635.0,-1313.0,,-206.0
379.0,-110.0,,767.0,113.0,-1811.0,-637.0,-1310.0,,-154.0
421.0,-151.0,,619.0,149.0,-1686.0,-607.0,-1443.0,,-99.0
362.0,-175.0,,529.0,99.0,-1492.0,-571.0,-1343.0,,-53.0
377.0,-213.0,,421.0,43.0,-1247.0,-513.0,-1395.0,,-29.0
329.0,-232.0,,389.0,-32.0,-909.0,-453.0,-1055.0,,-22.0
316.0,-232.0,,336.0,-135.0,-707.0,-437.0,-944.0,,-48.0
337.0,-263.0,,265.0,-172.0,-872.0,-414.0,-1006.0,,-103.0
319.0,-332.0,,323.0,-199.0,-768.0,-412.0,-1040.0,,-178.0
293.0,-369.0,,155.0,-244.0,-726.0,-400.0,-1239.0,,-274.0
205.0,-288.0,,10.0,-227.0,-849.0,-367.0,-966.0,,-388.0
242.0,-305.0,,-79.0,-212.0,-982.0,-335.0,-872.0,,-506.0
175.0,-356.0,,-143.0,-210.0,-1156.0,-304.0,-727.0,,-618.0
182.0,-276.0,,-192.0,-186.0,-1346.0,-294.0,-812.0,,-720.0
158.0,-62.0,,-311.0,-201.0,-1585.0,-278.0,-1034.0,,-796.0
102.0,152.0,,-399.0,-189.0,-1578.0,-262.0,-999.0,,-854.0
105.0,221.0,,-608.0,-138.0,-1375.0,-241.0,-1180.0,,-883.0
84.0,402.0,,-688.0,-115.0,-1136.0,-224.0,-938.0,,-891.0
94.0,453.0,,-653.0,-49.0,-1081.0,-222.0,-940.0,,-871.0
34.0,353.0,,-587.0,40.0,-993.0,-213.0,-1019.0,,-806.0
23.0,279.0,,-528.0,88.0,-529.0,-198.0,-1162.0,,-715.0
0.0,244.0,,-655.0,155.0,-141.0,-174.0,-1487.0,,-613.0
1.0,334.0,,-765.0,206.0,-3.0,-171.0,-1306.0,,-505.0
10.0,323.0,,-843.0,232.0,8.0,-199.0,-1300.0,,-396.0
1.0,330.0,,-785.0,314.0,91.0,-219.0,-1116.0,,-307.0
-17.0,377.0,,-637.0,364.0,158.0,-239.0,-1005.0,,-239.0
-53.0,460.0,,-575.0,360.0,-25.0,-225.0,-807.0,,-181.0
9.0,459.0,,-599.0,378.0,-92.0,-183.0,-561.0,,-141.0
34.0,382.0,,-664.0,341.0,-64.0,-134.0,-870.0,,-97.0
31.0,422.0,,-595.0,253.0,-54.0,-109.0,-1080.0,,-37.0
58.0,462.0,,-445.0,177.0,47.0,-119.0,-1516.0,,15.0
58.0,418.0,,-369.0,90.0,361.0,-120.0,-1539.0,,86.0
51.0,198.0,,-346.0,39.0,642.0,-149.0,-1295.0,,168.0
58.0,70.0,,-322.0,14.0,825.0,-185.0,-1149.0,,243.0
82.0,-39.0,,-372.0,-48.0,1207.0,-206.0,-955.0,,337.0
108.0,-219.0,,-434.0,-72.0,1344.0,-220.0,-1245.0,,424.0
141.0,-347.0,,-340.0,-91.0,1405.0,-217.0,-1243.0,,496.0
177.0,-461.0,,-273.0,-151.0,1525.0,-222.0,-1206.0,,532.0
208.0,-510.0,,-283.0,-157.0,1589.0,-205.0,-982.0,,540.0
223.0,-623.0,,-282.0,-176.0,1479.0,-198.0,-785.0,,536.0
247.0,-701.0,,-293.0,-200.0,1101.0,-190.0,-984.0,,498.0
316.0,-705.0,,-266.0,-129.0,883.0,-177.0,-875.0,,451.0
340.0,-582.0,,-256.0,-70.0,928.0,-177.0,-1079.0,,395.0
366.0,-380.0,,-200.0,-38.0,1231.0,-169.0,-1219.0,,317.0
367.0,-159.0,,-154.0,18.0,1525.0,-161.0,-1487.0,,227.0
366.0,79.0,,-130.0,14.0,1863.0,-144.0,-1699.0,,123.0
435.0,234.0,,-66.0,-11.0,2374.0,-141.0,-1504.0,,8.0
468.0,409.0,,33.0,0.0,2896.0,-129.0,-1566.0,,-108.0
483.0,486.0,,149.0,-24.0,3107.0,-108.0,-1465.0,,-225.0
486.0,536.0,,92.0,-48.0,2846.0,-69.0,-1675.0,,-332.0
541.0,504.0,,0.0,-65.0,2579.0,-25.0,-1677.0,,-426.0
557.0,386.0,,-87.0,-120.0,2400.0,-32.0,-1518.0,,-516.0
528.0,253.0,,-148.0,-109.0,2090.0,-42.0,-1454.0,,-587.0
520.0,121.0,,-138.0,-66.0,1688.0,-32.0,-1138.0,,-636.0
547.0,68.0,,-166.0,-52.0,1212.0,-1.0,-1322.0,,-662.0
572.0,-107.0,,-128.0,1.0,786.0,32.0,-1237.0,,-674.0
522.0,-143.0,,-66.0,43.0,806.0,44.0,-1058.0,,-673.0
526.0,-56.0,,-130.0,59.0,1087.0,51.0,-788.0,,-650.0
536.0,108.0,,-267.0,106.0,1239.0,46.0,-489.0,,-619.0
578.0,336.0,,-285.0,94.0,1216.0,54.0,-563.0,,-585.0
566.0,518.0,,-163.0,46.0,1310.0,71.0,-308.0,,-530.0
523.0,761.0,,-105.0,28.0,1567.0,82.0,-314.0,,-463.0
504.0,807.0,,-110.0,-46.0,1500.0,93.0,-242.0,,-402.0
503.0,711.0,,-83.0,-107.0,1220.0,96.0,-413.0,,-357.0
561.0,491.0,,-86.0,-134.0,1045.0,102.0,-853.0,,-328.0
526.0,339.0,,-41.0,-196.0,1024.0,103.0,-857.0,,-309.0
521.0,184.0,,0.0,-217.0,801.0,110.0,-881.0,,-299.0
514.0,-115.0,,-69.0,-237.0,292.0,139.0,-367.0,,-293.0
553.0,-223.0,,-146.0,-266.0,-163.0,153.0,-86.0,,-293.0
630.0,-285.0,,-214.0,-202.0,-350.0,143.0,-181.0,,-282.0
666.0,-304.0,,-218.0,-112.0,-266.0,125.0,-423.0,,-249.0
691.0,-339.0,,-168.0,-29.0,-298.0,105.0,-914.0,,-203.0
705.0,-284.0,,-119.0,93.0,-275.0,85.0,-958.0,,-127.0
753.0,-140.0,,-48.0,172.0,25.0,51.0,-1032.0,,-34.0
749.0,-79.0,,-59.0,218.0,396.0,29.0,-838.0,,68.0
806.0,66.0,,-85.0,264.0,501.0,15.0,-807.0,,189.0
863.0,134.0,,-62.0,241.0,159.0,-9.0,-883.0,,303.0
882.0,268.0,,-39.0,229.0,-291.0,-10.0,-761.0,,407.0
852.0,382.0,,-78.0,230.0,-669.0,1.0,-964.0,,500.0
843.0,316.0,,-166.0,177.0,-1010.0,21.0,-970.0,,578.0
898.0,213.0,,-262.0,141.0,-1511.0,37.0,-1334.0,,652.0
873.0,106.0,,-378.0,92.0,-2037.0,52.0,-1439.0,,708.0
856.0,133.0,,-396.0,5.0,-2299.0,63.0,-1212.0,,744.0
850.0,98.0,,-373.0,-25.0,-2417.0,46.0,-1121.0,,767.0
874.0,107.0,,-190.0,-57.0,-2596.0,56.0,-840.0,,754.0
837.0,189.0,,-18.0,-86.0,-2781.0,71.0,-944.0,,698.0
792.0,228.0,,-27.0,-21.0,-2631.0,88.0,-857.0,,608.0
728.0,238.0,,-1.0,34.0,-2337.0,115.0,-962.0,,502.0
692.0,181.0,,-4.0,80.0,-2233.0,113.0,-1058.0,,398.0
697.0,152.0,,47.0,134.0,-2186.0,85.0,-814.0,,299.0
615.0,77.0,,60.0,132.0,-2203.0,57.0,-574.0,,218.0
588.0,74.0,,35.0,151.0,-2413.0,47.0,22.0,,164.0
542.0,74.0,,31.0,161.0,-2539.0,54.0,140.0,,131.0
516.0,126.0,,-24.0,95.0,-2740.0,60.0,160.0,,99.0
443.0,257.0,,-92.0,53.0,-3200.0,56.0,-22.0,,88.0
424.0,216.0,,-148.0,23.0,-3545.0,66.0,-375.0,,107.0
439.0,108.0,,-68.0,-25.0,-3769.0,71.0,-419.0,,143.0
378.0,34.0,,-34.0,-35.0,-3814.0,61.0,-598.0,,190.0
312.0,-44.0,,-131.0,-84.0,-3850.0,35.0,-328.0,,224.0
269.0,-137.0,,-214.0,-138.0,-3942.0,-6.0,-267.0,,253.0
332.0,-138.0,,-266.0,-115.0,-3740.0,-7.0,-203.0,,260.0
289.0,-133.0,,-302.0,-114.0,-3219.0,17.0,-22.0,,239.0
282.0,-114.0,,-324.0,-91.0,-2606.0,47.0,-46.0,,213.0
297.0,-39.0,,-442.0,-1.0,-2341.0,82.0,155.0,,167.0
293.0,-16.0,,-653.0,43.0,-2334.0,82.0,-127.0,,121.0
270.0,4.0,,-730.0,82.0,-2225.0,77.0,-258.0,,83.0
247.0,-29.0,,-664.0,122.0,-2111.0,69.0,-332.0,,50.0
293.0,14.0,,-576.0,104.0,-2239.0,67.0,-303.0,,44.0
264.0,96.0,,-532.0,115.0,-2582.0,112.0,29.0,,63.0
260.0,36.0,,-439.0,95.0,-2689.0,134.0,46.0,,90.0
235.0,10.0,,-405.0,25.0,-2418.0,132.0,245.0,,117.0
250.0,-11.0,,-464.0,21.0,-2070.0,127.0,68.0,,142.0
265.0,-29.0,,-460.0,0.0,-1823.0,100.0,-90.0,,138.0
261.0,-9.0,,-379.0,-42.0,-1546.0,98.0,-192.0,,113.0
254.0,22.0,,-280.0,-22.0,-1202.0,134.0,-338.0,,74.0
252.0,98.0,,-310.0,-18.0,-933.0,179.0,-118.0,,12.0
297.0,92.0,,-390.0,7.0,-779.0,215.0,-216.0,,-59.0
309.0,136.0,,-416.0,64.0,-623.0,239.0,-55.0,,-138.0
338.0,216.0,,-394.0,71.0,-469.0,254.0,14.0,,-226.0
327.0,83.0,,-307.0,127.0,-494.0,274.0,90.0,,-331.0
330.0,17.0,,-179.0,212.0,-498.0,287.0,203.0,,-431.0
332.0,88.0,,-175.0,247.0,-568.0,292.0,-14.0,,-516.0
357.0,-9.0,,-237.0,302.0,-738.0,303.0,105.0,,-585.0
392.0,-128.0,,-257.0,286.0,-874.0,309.0,5.0,,-639.0
384.0,-67.0,,-245.0,206.0,-1103.0,308.0,179.0,,-674.0
405.0,79.0,,-173.0,175.0,-1426.0,297.0,310.0,,-697.0
410.0,82.0,,-190.0,104.0,-1744.0,280.0,184.0,,-706.0
396.0,79.0,,-298.0,41.0,-1796.0,260.0,247.0,,-701.0
363.0,248.0,,-345.0,36.0,-1765.0,273.0,-16.0,,-692.0
375.0,431.0,,-335.0,-5.0,-1932.0,287.0,-46.0,,-663.0
387.0,522.0,,-285.0,0.0,-2171.0,283.0,-308.0,,-612.0
350.0,476.0,,-283.0,34.0,-2047.0,297.0,-352.0,,-553.0
303.0,627.0,,-437.0,5.0,-1594.0,288.0,-149.0,,-493.0
268.0,705.0,,-485.0,15.0,-1295.0,289.0,-242.0,,-441.0
235.0,504.0,,-481.0,29.0,-1184.0,285.0,-121.0,,-417.0
228.0,341.0,,-453.0,-1.0,-967.0,272.0,-284.0,,-411.0
224.0,194.0,,-345.0,11.0,-557.0,269.0,-133.0,,-431.0
211.0,151.0,,-328.0,-3.0,-355.0,245.0,-1.0,,-448.0
213.0,51.0,,-344.0,-18.0,-294.0,235.0,44.0,,-448.0
199.0,31.0,,-365.0,20.0,-129.0,201.0,308.0,,-450.0
227.0,141.0,,-351.0,-17.0,61.0,179.0,275.0,,-430.0
204.0,223.0,,-303.0,-63.0,87.0,178.0,567.0,,-400.0
188.0,205.0,,-204.0,-67.0,55.0,160.0,641.0,,-376.0
161.0,45.0,,-54.0,-97.0,-90.0,150.0,713.0,,-364.0
145.0,2.0,,58.0,-69.0,-434.0,140.0,788.0,,-355.0
133.0,9.0,,110.0,-44.0,-682.0,142.0,698.0,,-342.0
65.0,9.0,,160.0,-62.0,-813.0,143.0,910.0,,-335.0
26.0,-55.0,,185.0,-27.0,-827.0,149.0,829.0,,-325.0
-7.0,0.0,,170.0,-24.0,-847.0,142.0,953.0,,-293.0
28.0,151.0,,133.0,-24.0,-780.0,126.0,934.0,,-263.0
-30.0,76.0,,15.0,39.0,-651.0,106.0,984.0,,-231.0
-87.0,-72.0,,-74.0,38.0,-431.0,57.0,1243.0,,-190.0
-121.0,-180.0,,-129.0,19.0,-217.0,40.0,1140.0,,-175.0
-147.0,-255.0,,-244.0,25.0,-112.0,17.0,1322.0,,-162.0
-174.0,-414.0,,-352.0,-13.0,-9.0,-25.0,1189.0,,-169.0
-238.0,-471.0,,-435.0,19.0,56.0,-45.0,1132.0,,-205.0
-226.0,-387.0,,-521.0,74.0,384.0,-68.0,1042.0,,-244.0
-271.0,-378.0,,-532.0,64.0,571.0,-78.0,794.0,,-302.0
-244.0,-404.0,,-435.0,122.0,461.0,-95.0,872.0,,-359.0
-272.0,-316.0,,-332.0,156.0,330.0,-119.0,711.0,,-409.0
-280.0,-81.0,,-345.0,129.0,304.0,-137.0,910.0,,-449.0
-245.0,1.0,,-332.0,141.0,287.0,-152.0,859.0,,-476.0
-222.0,-21.0,,-280.0,99.0,29.0,-167.0,676.0,,-499.0
-191.0,65.0,,-335.0,90.0,-144.0,-190.0,539.0,,-497.0
-193.0,208.0,,-342.0,150.0,-189.0,-211.0,153.0,,-471.0
-108.0,185.0,,-276.0,135.0,-153.0,-224.0,206.0,,-423.0
-82.0,48.0,,-235.0,161.0,-308.0,-233.0,123.0,,-362.0
-65.0,-12.0,,-211.0,222.0,-422.0,-244.0,273.0,,-295.0
-88.0,-124.0,,-252.0,210.0,-205.0,-244.0,273.0,,-215.0
-8.0,-260.0,,-295.0,229.0,-33.0,-251.0,195.0,,-149.0
65.0,-428.0,,-363.0,231.0,-20.0,-232.0,388.0,,-103.0
51.0,-508.0,,-432.0,196.0,-139.0,-232.0,295.0,,-62.0
54.0,-484.0,,-383.0,206.0,-175.0,-252.0,541.0,,-35.0
21.0,-496.0,,-370.0,143.0,-357.0,-244.0,413.0,,-14.0
38.0,-404.0,,-404.0,72.0,-592.0,-241.0,266.0,,11.0
-41.0,-220.0,,-512.0,56.0,-621.0,-204.0,212.0,,42.0
-90.0,-4.0,,-602.0,-37.0,-589.0,-175.0,120.0,,61.0
-142.0,220.0,,-555.0,-98.0,-411.0,-177.0,511.0,,70.0
-159.0,370.0,,-483.0,-117.0,-19.0,-177.0,602.0,,72.0
-184.0,407.0,,-361.0,-174.0,423.0,-193.0,861.0,,71.0
-273.0,530.0,,-251.0,-158.0,560.0,-174.0,888.0,,63.0
-283.0,582.0,,-238.0,-163.0,615.0,-138.0,740.0,,43.0
-316.0,421.0,,-276.0,-199.0,824.0,-107.0,665.0,,17.0
-318.0,286.0,,-242.0,-169.0,962.0,-77.0,447.0,,-4.0
-339.0,114.0,,-190.0,-190.0,761.0,-79.0,652.0,,-34.0
-354.0,-82.0,,-152.0,-176.0,374.0,-104.0,628.0,,-79.0
-408.0,-320.0,,-57.0,-97.0,187.0,-125.0,807.0,,-113.0
-448.0,-380.0,,-65.0,-115.0,167.0,-129.0,886.0,,-132.0
-442.0,-279.0,,-86.0,-109.0,137.0,-138.0,724.0,,-149.0
-444.0,-199.0,,-76.0,-91.0,125.0,-144.0,715.0,,-149.0
-433.0,-58.0,,-49.0,-124.0,173.0,-149.0,436.0,,-104.0
-445.0,17.0,,96.0,-75.0,256.0,-168.0,613.0,,-32.0
-424.0,217.0,,141.0,-49.0,265.0,-176.0,798.0,,46.0
-428.0,323.0,,129.0,-37.0,202.0,-149.0,1141.0,,133.0
-407.0,273.0,,153.0,25.0,341.0,-113.0,1428.0,,213.0
-393.0,283.0,,115.0,-12.0,462.0,-110.0,1282.0,,269.0
-373.0,187.0,,31.0,-61.0,719.0,-133.0,1346.0,,301.0
-338.0,-4.0,,0.0,-69.0,1105.0,-146.0,986.0,,315.0
-334.0,-138.0,,68.0,-108.0,1255.0,-146.0,744.0,,312.0
-315.0,-149.0,,118.0,-61.0,1318.0,-158.0,509.0,,295.0
-322.0,-264.0,,121.0,-7.0,1481.0,-166.0,362.0,,265.0
-314.0,-424.0,,55.0,-25.0,1994.0,-162.0,655.0,,243.0
-320.0,-575.0,,-31.0,-4.0,2178.0,-169.0,757.0,,235.0
-361.0,-594.0,,-60.0,-32.0,1900.0,-177.0,971.0,,214.0
-398.0,-511.0,,-120.0,-70.0,2180.0,-179.0,844.0,,201.0
-407.0,-474.0,,-197.0,-32.0,2832.0,-169.0,853.0,,194.0
-413.0,-300.0,,-262.0,-34.0,2990.0,-151.0,940.0,,187.0
-455.0,-208.0,,-328.0,-7.0,2813.0,-159.0,855.0,,190.0
-520.0,-197.0,,-332.0,45.0,2861.0,-181.0,944.0,,193.0
-543.0,-190.0,,-368.0,29.0,3324.0,-190.0,661.0,,215.0
-517.0,-154.0,,-401.0,68.0,3478.0,-188.0,726.0,,255.0
-507.0,-62.0,,-336.0,85.0,2994.0,-191.0,811.0,,291.0
-523.0,-16.0,,-280.0,36.0,2687.0,-199.0,879.0,,330.0
-552.0,-5.0,,-235.0,53.0,2742.0,-181.0,1023.0,,350.0
-550.0,34.0,,-169.0,42.0,2850.0,-160.0,849.0,,355.0
-556.0,69.0,,-150.0,42.0,2662.0,-142.0,868.0,,348.0
-566.0,9.0,,-141.0,99.0,2510.0,-113.0,667.0,,331.0
-576.0,-25.0,,-127.0,77.0,2676.0,-97.0,761.0,,322.0
-611.0,-96.0,,-86.0,69.0,3064.0,-85.0,903.0,,295.0
-619.0,-97.0,,-38.0,74.0,3313.0,-70.0,892.0,,272.0
-612.0,-45.0,,-44.0,34.0,3530.0,-80.0,982.0,,266.0
-625.0,-102.0,,-20.0,66.0,3943.0,-107.0,644.0,,260.0
-628.0,-77.0,,-53.0,83.0,4105.0,-138.0,589.0,,264.0
-605.0,-99.0,,-92.0,75.0,4232.0,-149.0,447.0,,266.0
-567.0,-171.0,,-108.0,111.0,4196.0,-153.0,474.0,,280.0
-517.0,-254.0,,-93.0,74.0,4108.0,-159.0,805.0,,297.0
-483.0,-289.0,,-75.0,40.0,3933.0,-137.0,1016.0,,319.0
-451.0,-201.0,,-81.0,22.0,3653.0,-134.0,1496.0,,351.0
-404.0,-219.0,,-26.0,-78.0,3701.0,-119.0,1670.0,,388.0
-337.0,-245.0,,-13.0,-130.0,3948.0,-102.0,1934.0,,440.0
-291.0,-172.0,,-7.0,-176.0,4120.0,-127.0,1834.0,,486.0
-271.0,-78.0,,6.0,-266.0,4309.0,-151.0,1465.0,,539.0
-249.0,-164.0,,8.0,-266.0,4855.0,-176.0,1297.0,,596.0
-228.0,-233.0,,18.0,-271.0,5221.0,-188.0,975.0,,646.0
-211.0,-72.0,,103.0,-274.0,5379.0,-197.0,1261.0,,690.0
-248.0,-20.0,,193.0,-204.0,5481.0,-220.0,1535.0,,728.0
-259.0,-104.0,,177.0,-205.0,5626.0,-244.0,1855.0,,757.0
-213.0,-246.0,,172.0,-192.0,5889.0,-288.0,1984.0,,763.0
-193.0,-239.0,,176.0,-133.0,5717.0,-313.0,1762.0,,754.0
-236.0,-220.0,,193.0,-127.0,5234.0,-325.0,1834.0,,722.0
-301.0,-333.0,,197.0,-61.0,4698.0,-340.0,1731.0,,673.0
-324.0,-312.0,,157.0,6.0,4324.0,-328.0,1938.0,,621.0
-334.0,-314.0,,148.0,33.0,4034.0,-339.0,1936.0,,562.0
-341.0,-338.0,,132.0,131.0,3742.0,-356.0,1869.0,,500.0
-373.0,-385.0,,100.0,186.0,3599.0,-359.0,1888.0,,432.0
-415.0,-485.0,,87.0,210.0,3608.0,-375.0,1581.0,,356.0
-463.0,-456.0,,96.0,239.0,3719.0,-391.0,1553.0,,269.0
-462.0,-383.0,,106.0,174.0,3697.0,-404.0,1234.0,,190.0
-449.0,-360.0,,84.0,158.0,3739.0,-400.0,1147.0,,110.0
-512.0,-391.0,,122.0,189.0,3884.0,-393.0,1058.0,,37.0
-553.0,-454.0,,183.0,160.0,4083.0,-381.0,726.0,,-14.0
-571.0,-348.0,,251.0,170.0,4334.0,-369.0,569.0,,-65.0
-577.0,-259.0,,287.0,153.0,4190.0,-361.0,229.0,,-93.0
-600.0,-295.0,,202.0,107.0,3971.0,-346.0,410.0,,-127.0
-627.0,-220.0,,64.0,126.0,4051.0,-339.0,644.0,,-164.0
-645.0,-139.0,,1.0,76.0,3995.0,-343.0,971.0,,-196.0
-662.0,-98.0,,24.0,7.0,3770.0,-359.0,1215.0,,-242.0
-671.0,-75.0,,51.0,-7.0,3361.0,-375.0,1034.0,,-284.0
-705.0,-9.0,,121.0,-79.0,2915.0,-373.0,1010.0,,-314.0
-683.0,76.0,,103.0,-100.0,2804.0,-359.0,711.0,,-330.0
-685.0,109.0,,56.0,-80.0,2509.0,-356.0,683.0,,-347.0
-701.0,148.0,,44.0,-102.0,2068.0,-355.0,583.0,,-357.0
-694.0,237.0,,-53.0,-48.0,1895.0,-339.0,546.0,,-381.0
-676.0,305.0,,-72.0,-20.0,1764.0,-329.0,842.0,,-398.0
-626.0,297.0,,-65.0,-45.0,1662.0,-315.0,892.0,,-397.0
-647.0,329.0,,-69.0,-13.0,1456.0,-296.0,1201.0,,-393.0
-670.0,337.0,,-39.0,-57.0,1347.0,-273.0,1156.0,,-347.0
-650.0,364.0,,-89.0,-110.0,1506.0,-241.0,1138.0,,-283.0
-606.0,370.0,,-153.0,-121.0,1647.0,-213.0,1010.0,,-201.0
-607.0,377.0,,-131.0,-190.0,1867.0,-204.0,598.0,,-114.0
-626.0,438.0,,-34.0,-184.0,2011.0,-206.0,513.0,,-22.0
-599.0,330.0,,-41.0,-141.0,2040.0,-188.0,351.0,,88.0
-577.0,220.0,,-89.0,-138.0,2138.0,-156.0,705.0,,190.0
-534.0,179.0,,-110.0,-63.0,2170.0,-129.0,951.0,,300.0
-548.0,155.0,,-151.0,-32.0,1909.0,-110.0,1060.0,,416.0
-588.0,217.0,,-99.0,-70.0,1381.0,-96.0,1077.0,,533.0
-573.0,346.0,,10.0,-41.0,886.0,-87.0,681.0,,638.0
-512.0,385.0,,55.0,-55.0,485.0,-83.0,667.0,,728.0
-479.0,288.0,,-7.0,-45.0,22.0,-85.0,528.0,,787.0
-502.0,221.0,,-57.0,26.0,-451.0,-84.0,731.0,,814.0
-505.0,114.0,,-124.0,4.0,-693.0,-85.0,1008.0,,822.0
-472.0,92.0,,-144.0,11.0,-655.0,-98.0,1075.0,,804.0
-431.0,139.0,,-67.0,-5.0,-444.0,-95.0,1164.0,,764.0
-427.0,104.0,,-17.0,-87.0,-405.0,-95.0,761.0,,698.0
-429.0,76.0,,-57.0,-91.0,-417.0,-118.0,554.0,,612.0
-394.0,21.0,,-57.0,-136.0,-162.0,-117.0,125.0,,511.0
-382.0,-62.0,,6.0,-177.0,174.0,-105.0,-136.0,,399.0
-410.0,-126.0,,21.0,-143.0,540.0,-113.0,-51.0,,274.0
-443.0,-141.0,,116.0,-164.0,716.0,-119.0,22.0,,156.0
-446.0,-190.0,,75.0,-145.0,768.0,-98.0,323.0,,37.0
-397.0,-213.0,,38.0,-102.0,907.0,-73.0,201.0,,-84.0
-372.0,-253.0,,99.0,-128.0,1104.0,-46.0,306.0,,-201.0
-376.0,-344.0,,73.0,-87.0,1097.0,-30.0,360.0,,-320.0
-377.0,-384.0,,83.0,-53.0,888.0,-39.0,450.0,,-419.0
-305.0,-384.0,,89.0,-59.0,653.0,-43.0,707.0,,-501.0
-264.0,-324.0,,137.0,14.0,244.0,-48.0,524.0,,-555.0
-303.0,-300.0,,253.0,40.0,-60.0,-50.0,533.0,,-578.0
-301.0,-161.0,,363.0,81.0,-454.0,-69.0,312.0,,-575.0
-272.0,9.0,,346.0,196.0,-953.0,-70.0,197.0,,-561.0
-213.0,70.0,,276.0,219.0,-1240.0,-63.0,116.0,,-529.0
-212.0,185.0,,224.0,232.0,-1264.0,-82.0,-36.0,,-476.0
-197.0,301.0,,168.0,201.0,-1006.0,-79.0,49.0,,-431.0
-169.0,316.0,,173.0,69.0,-820.0,-74.0,-136.0,,-375.0
-133.0,249.0,,202.0,2.0,-712.0,-76.0,-46.0,,-318.0
-99.0,175.0,,178.0,-63.0,-504.0,-68.0,-134.0,,-254.0
-99.0,107.0,,76.0,-112.0,-116.0,-61.0,-221.0,,-177.0
-87.0,81.0,,25.0,-59.0,0.0,-65.0,-253.0,,-111.0
-108.0,13.0,,51.0,-62.0,-437.0,-78.0,-548.0,,-63.0
-87.0,-88.0,,148.0,-76.0,-779.0,-87.0,-469.0,,-29.0
-51.0,-107.0,,247.0,-78.0,-747.0,-85.0,-569.0,,-14.0
-25.0,-134.0,,241.0,-155.0,-682.0,-73.0,-478.0,,-22.0
-23.0,-193.0,,191.0,-160.0,-786.0,-57.0,-436.0,,-38.0
31.0,-163.0,,144.0,-130.0,-930.0,-63.0,-408.0,,-74.0
91.0,-49.0,,125.0,-128.0,-867.0,-95.0,-64.0,,-119.0
135.0,8.0,,86.0,-69.0,-704.0,-105.0,-83.0,,-171.0
149.0,28.0,,37.0,-99.0,-860.0,-110.0,9.0,,-213.0
161.0,125.0,,-72.0,-165.0,-1142.0,-118.0,-260.0,,-248.0
220.0,238.0,,-131.0,-156.0,-1166.0,-119.0,-378.0,,-276.0
240.0,243.0,,-50.0,-206.0,-1115.0,-108.0,-186.0,,-261.0
303.0,193.0,,-33.0,-208.0,-1303.0,-90.0,-123.0,,-240.0
308.0,139.0,,-27.0,-175.0,-1560.0,-92.0,221.0,,-187.0
356.0,80.0,,27.0,-199.0,-1743.0,-82.0,186.0,,-124.0
367.0,-4.0,,83.0,-130.0,-1887.0,-75.0,267.0,,-63.0
387.0,-41.0,,119.0,-55.0,-1898.0,-70.0,173.0,,4.0
404.0,15.0,,179.0,-4.0,-1988.0,-34.0,-94.0,,56.0
418.0,63.0,,246.0,110.0,-2165.0,0.0,-236.0,,97.0
492.0,52.0,,301.0,140.0,-2124.0,23.0,-554.0,,101.0
460.0,5.0,,318.0,137.0,-1744.0,29.0,-430.0,,90.0
483.0,-4.0,,294.0,155.0,-1414.0,43.0,-495.0,,47.0
407.0,-32.0,,292.0,74.0,-1421.0,74.0,-363.0,,-27.0
410.0,-61.0,,245.0,15.0,-1517.0,98.0,-219.0,,-100.0
445.0,-112.0,,252.0,-17.0,-1489.0,98.0,-363.0,,-179.0
455.0,-146.0,,284.0,-71.0,-1348.0,79.0,-373.0,,-255.0
435.0,-179.0,,250.0,-21.0,-1362.0,66.0,-711.0,,-331.0
347.0,-346.0,,164.0,20.0,-1431.0,37.0,-764.0,,-393.0
418.0,-422.0,,77.0,30.0,-1344.0,14.0,-1012.0,,-418.0
427.0,-447.0,,85.0,71.0,-1101.0,12.0,-1221.0,,-405.0
420.0,-549.0,,107.0,16.0,-1025.0,18.0,-1267.0,,-373.0
396.0,-649.0,,140.0,-32.0,-1366.0,20.0,-1509.0,,-314.0
473.0,-640.0,,99.0,-51.0,-1569.0,14.0,-1383.0,,-231.0
497.0,-555.0,,100.0,-130.0,-1308.0,21.0,-1576.0,,-149.0
443.0,-514.0,,170.0,-107.0,-948.0,49.0,-1516.0,,-75.0
493.0,-431.0,,148.0,-59.0,-1038.0,124.0,-1463.0,,-22.0
529.0,-339.0,,173.0,-81.0,-1320.0,183.0,-1581.0,,17.0
572.0,-178.0,,186.0,-77.0,-1257.0,216.0,-1481.0,,30.0
539.0,-44.0,,173.0,-142.0,-1072.0,255.0,-1561.0,,19.0
558.0,40.0,,203.0,-212.0,-1242.0,297.0,-1232.0,,-2.0
557.0,151.0,,218.0,-229.0,-1775.0,372.0,-1134.0,,-47.0
566.0,159.0,,166.0,-320.0,-2204.0,402.0,-971.0,,-111.0
608.0,185.0,,139.0,-341.0,-2566.0,405.0,-851.0,,-192.0
627.0,209.0,,100.0,-285.0,-3049.0,425.0,-988.0,,-278.0
632.0,224.0,,58.0,-259.0,-3459.0,425.0,-838.0,,-359.0
618.0,281.0,,146.0,-178.0,-3599.0,428.0,-1132.0,,-436.0
667.0,378.0,,117.0,-141.0,-3379.0,469.0,-1225.0,,-495.0
686.0,494.0,,67.0,-143.0,-3071.0,522.0,-1359.0,,-526.0
673.0,523.0,,190.0,-69.0,-2815.0,543.0,-1485.0,,-533.0
661.0,494.0,,318.0,-48.0,-2459.0,575.0,-1396.0,,-529.0
698.0,419.0,,340.0,-17.0,-2086.0,620.0,-1487.0,,-500.0
711.0,275.0,,398.0,61.0,-1535.0,643.0,-1167.0,,-483.0
715.0,125.0,,519.0,64.0,-1070.0,676.0,-1128.0,,-489.0
717.0,104.0,,488.0,90.0,-1111.0,715.0,-1051.0,,-504.0
708.0,95.0,,551.0,70.0,-1327.0,707.0,-1114.0,,-535.0
721.0,-61.0,,671.0,-20.0,-1489.0,688.0,-1359.0,,-579.0
732.0,-198.0,,657.0,-22.0,-1667.0,707.0,-1230.0,,-655.0
757.0,-273.0,,715.0,-71.0,-2027.0,780.0,-1354.0,,-725.0
730.0,-419.0,,660.0,-127.0,-2216.0,846.0,-1169.0,,-775.0
746.0,-595.0,,559.0,-98.0,-2066.0,876.0,-1097.0,,-809.0
759.0,-717.0,,564.0,-128.0,-1806.0,933.0,-1005.0,,-803.0
760.0,-780.0,,476.0,-128.0,-1529.0,945.0,-931.0,,-770.0
720.0,-802.0,,350.0,-105.0,-1404.0,939.0,-1243.0,,-716.0
659.0,-745.0,,356.0,-142.0,-1217.0,944.0,-1285.0,,-653.0
654.0,-542.0,,438.0,-110.0,-966.0,948.0,-1675.0,,-580.0
618.0,-279.0,,470.0,-93.0,-992.0,967.0,-1875.0,,-502.0
575.0,-38.0,,454.0,-107.0,-1114.0,959.0,-2019.0,,-430.0
513.0,180.0,,421.0,-31.0,-1108.0,994.0,-2021.0,,-385.0
462.0,347.0,,359.0,0.0,-1120.0,1024.0,-1616.0,,-347.0
382.0,400.0,,316.0,31.0,-1135.0,1030.0,-1528.0,,-304.0
293.0,441.0,,311.0,114.0,-1078.0,1059.0,-1284.0,,-275.0
236.0,507.0,,249.0,118.0,-999.0,1056.0,-1407.0,,-256.0
193.0,432.0,,249.0,151.0,-1097.0,1055.0,-1435.0,,-256.0
128.0,397.0,,233.0,166.0,-1354.0,1054.0,-1496.0,,-252.0
37.0,417.0,,165.0,111.0,-1410.0,1045.0,-1849.0,,-252.0
1.0,407.0,,186.0,109.0,-1287.0,1010.0,-1838.0,,-270.0
-5.0,432.0,,138.0,53.0,-1264.0,958.0,-1925.0,,-279.0
-54.0,422.0,,114.0,19.0,-1501.0,931.0,-1559.0,,-287.0
-83.0,537.0,,95.0,110.0,-1688.0,924.0,-1406.0,,-284.0
-20.0,669.0,,24.0,146.0,-1485.0,920.0,-1572.0,,-263.0
-21.0,702.0,,3.0,178.0,-1190.0,908.0,-1771.0,,-249.0
-27.0,729.0,,-56.0,213.0,-1035.0,884.0,-2091.0,,-222.0
28.0,669.0,,-89.0,183.0,-1007.0,827.0,-1945.0,,-198.0
126.0,569.0,,-38.0,213.0,-986.0,799.0,-2065.0,,-190.0
156.0,497.0,,-27.0,215.0,-836.0,791.0,-1971.0,,-182.0
202.0,414.0,,35.0,164.0,-904.0,774.0,-1893.0,,-185.0
331.0,292.0,,110.0,157.0,-1146.0,784.0,-2010.0,,-191.0
381.0,300.0,,68.0,89.0,-954.0,768.0,-1819.0,,-224.0
455.0,340.0,,92.0,29.0,-539.0,726.0,-1949.0,,-278.0
460.0,264.0,,98.0,-3.0,-494.0,664.0,-1794.0,,-346.0
543.0,110.0,,92.0,-107.0,-820.0,601.0,-1736.0,,-438.0
641.0,-101.0,,128.0,-150.0,-1034.0,550.0,-1707.0,,-532.0
674.0,-201.0,,158.0,-172.0,-1004.0,513.0,-1624.0,,-629.0
721.0,-270.0,,276.0,-219.0,-1045.0,506.0,-1795.0,,-711.0
752.0,-319.0,,313.0,-147.0,-1192.0,448.0,-1631.0,,-775.0
816.0,-259.0,,380.0,-93.0,-1334.0,403.0,-1740.0,,-825.0
772.0,-99.0,,427.0,-60.0,-1263.0,396.0,-1590.0,,-856.0
796.0,28.0,,338.0,48.0,-1050.0,345.0,-1369.0,,-854.0
810.0,5.0,,366.0,91.0,-959.0,324.0,-1217.0,,-816.0
786.0,69.0,,355.0,146.0,-1081.0,324.0,-840.0,,-754.0
730.0,192.0,,297.0,202.0,-1121.0,331.0,-831.0,,-674.0
721.0,239.0,,284.0,166.0,-712.0,308.0,-594.0,,-587.0
765.0,234.0,,293.0,197.0,-432.0,238.0,-683.0,,-507.0
653.0,201.0,,283.0,222.0,-742.0,215.0,-820.0,,-435.0
593.0,199.0,,228.0,196.0,-1175.0,208.0,-894.0,,-365.0
623.0,188.0,,173.0,243.0,-1341.0,202.0,-1080.0,,-310.0
658.0,121.0,,190.0,240.0,-1377.0,216.0,-837.0,,-262.0
558.0,74.0,,239.0,195.0,-1603.0,230.0,-892.0,,-226.0
494.0,144.0,,174.0,162.0,-1869.0,201.0,-805.0,,-194.0
522.0,236.0,,138.0,54.0,-1779.0,162.0,-973.0,,-153.0
507.0,223.0,,55.0,13.0,-1623.0,129.0,-1306.0,,-107.0
417.0,206.0,,36.0,41.0,-1774.0,99.0,-1515.0,,-27.0
346.0,293.0,,89.0,9.0,-2004.0,118.0,-1940.0,,56.0
372.0,370.0,,121.0,23.0,-1836.0,146.0,-1832.0,,139.0
341.0,419.0,,155.0,48.0,-1481.0,155.0,-1814.0,,225.0
309.0,472.0,,48.0,50.0,-1576.0,125.0,-1601.0,,291.0
280.0,593.0,,47.0,96.0,-1963.0,114.0,-1470.0,,335.0
300.0,710.0,,97.0,47.0,-2078.0,90.0,-1559.0,,352.0
307.0,665.0,,62.0,-53.0,-1794.0,38.0,-1407.0,,347.0
282.0,529.0,,37.0,-114.0,-1769.0,22.0,-1637.0,,321.0
255.0,334.0,,68.0,-216.0,-2084.0,-5.0,-1468.0,,277.0
279.0,187.0,,52.0,-243.0,-2172.0,-9.0,-1419.0,,226.0
282.0,-40.0,,-3.0,-189.0,-1961.0,6.0,-1417.0,,162.0
244.0,-305.0,,68.0,-143.0,-1643.0,9.0,-1339.0,,87.0
302.0,-428.0,,65.0,-26.0,-1492.0,11.0,-1574.0,,15.0
321.0,-443.0,,24.0,45.0,-1437.0,23.0,-1507.0,,-52.0
324.0,-385.0,,46.0,37.0,-1346.0,32.0,-1594.0,,-104.0
321.0,-343.0,,47.0,78.0,-1260.0,20.0,-1322.0,,-127.0
395.0,-204.0,,86.0,82.0,-1481.0,-16.0,-1212.0,,-133.0
394.0,-48.0,,160.0,60.0,-1875.0,-38.0,-1276.0,,-127.0
366.0,98.0,,149.0,102.0,-2095.0,-28.0,-992.0,,-116.0
411.0,141.0,,124.0,107.0,-2294.0,-28.0,-944.0,,-109.0
412.0,108.0,,206.0,115.0,-2334.0,-9.0,-609.0,,-111.0
416.0,210.0,,246.0,143.0,-2243.0,9.0,-533.0,,-131.0
372.0,293.0,,215.0,91.0,-2097.0,4.0,-412.0,,-151.0
426.0,364.0,,197.0,67.0,-2030.0,0.0,-225.0,,-186.0
380.0,342.0,,262.0,52.0,-2037.0,3.0,-286.0,,-250.0
295.0,305.0,,321.0,-20.0,-1942.0,-15.0,-195.0,,-335.0
302.0,334.0,,322.0,-45.0,-1898.0,-68.0,-471.0,,-452.0
308.0,276.0,,359.0,-73.0,-1707.0,-107.0,-550.0,,-569.0
269.0,173.0,,358.0,-107.0,-1467.0,-125.0,-764.0,,-684.0
183.0,112.0,,369.0,-67.0,-1457.0,-115.0,-931.0,,-799.0
223.0,158.0,,348.0,-45.0,-1566.0,-113.0,-770.0,,-879.0
181.0,124.0,,368.0,-23.0,-1585.0,-124.0,-689.0,,-948.0
79.0,-21.0,,390.0,57.0,-1627.0,-131.0,-232.0,,-1008.0
19.0,-149.0,,325.0,95.0,-1809.0,-168.0,-96.0,,-1039.0
40.0,-200.0,,333.0,113.0,-1768.0,-222.0,134.0,,-1035.0
32.0,-195.0,,241.0,112.0,-1463.0,-272.0,260.0,,-1000.0
-51.0,-332.0,,173.0,45.0,-1250.0,-308.0,120.0,,-943.0
-36.0,-486.0,,174.0,30.0,-1420.0,-319.0,168.0,,-866.0
0.0,-465.0,,56.0,47.0,-1585.0,-317.0,-212.0,,-770.0
44.0,-390.0,,13.0,12.0,-1396.0,-331.0,-354.0,,-672.0
-15.0,-434.0,,91.0,-6.0,-1314.0,-331.0,-554.0,,-573.0
-8.0,-498.0,,70.0,-34.0,-1642.0,-350.0,-639.0,,-470.0
75.0,-376.0,,79.0,-81.0,-1896.0,-375.0,-563.0,,-372.0
100.0,-274.0,,141.0,-100.0,-1608.0,-374.0,-683.0,,-296.0
114.0,-276.0,,18.0,-146.0,-1296.0,-387.0,-419.0,,-245.0
196.0,-213.0,,-78.0,-154.0,-1417.0,-405.0,-454.0,,-209.0
350.0,-62.0,,-146.0,-84.0,-1667.0,-444.0,-338.0,,-185.0
379.0,107.0,,-190.0,-68.0,-1464.0,-465.0,-325.0,,-172.0
410.0,157.0,,-141.0,-74.0,-1064.0,-462.0,-478.0,,-171.0
516.0,208.0,,-169.0,-48.0,-1108.0,-463.0,-282.0,,-169.0
629.0,356.0,,-196.0,-39.0,-1300.0,-443.0,-317.0,,-183.0
631.0,513.0,,-215.0,1.0,-1289.0,-430.0,-103.0,,-213.0
650.0,571.0,,-222.0,52.0,-1197.0,-452.0,-120.0,,-224.0
704.0,469.0,,-243.0,58.0,-1435.0,-473.0,-147.0,,-237.0
717.0,391.0,,-290.0,106.0,-1845.0,-482.0,-173.0,,-239.0
715.0,340.0,,-297.0,142.0,-1921.0,-496.0,-406.0,,-246.0
678.0,314.0,,-313.0,90.0,-1659.0,-489.0,-341.0,,-269.0
715.0,315.0,,-279.0,30.0,-1389.0,-471.0,-509.0,,-291.0
639.0,237.0,,-330.0,-42.0,-1330.0,-461.0,-227.0,,-350.0
607.0,190.0,,-350.0,-105.0,-1155.0,-453.0,103.0,,-415.0
593.0,118.0,,-306.0,-104.0,-668.0,-442.0,317.0,,-479.0
563.0,-25.0,,-386.0,-99.0,-303.0,-430.0,574.0,,-546.0
493.0,-142.0,,-408.0,-47.0,-316.0,-442.0,319.0,,-613.0
398.0,-206.0,,-423.0,72.0,-371.0,-483.0,253.0,,-666.0
397.0,-225.0,,-418.0,139.0,-260.0,-512.0,-1.0,,-701.0
313.0,-230.0,,-309.0,176.0,-91.0,-502.0,-18.0,,-729.0
267.0,-242.0,,-235.0,199.0,-122.0,-498.0,153.0,,-742.0
131.0,-286.0,,-173.0,135.0,-296.0,-490.0,160.0,,-750.0
115.0,-261.0,,-24.0,59.0,-375.0,-458.0,395.0,,-740.0
90.0,-146.0,,-36.0,0.0,-198.0,-456.0,293.0,,-729.0
2.0,-120.0,,-142.0,-43.0,-19.0,-467.0,419.0,,-717.0
-19.0,-170.0,,-122.0,-13.0,-217.0,-456.0,526.0,,-698.0
-73.0,-148.0,,-195.0,-21.0,-427.0,-415.0,851.0,,-682.0
-100.0,-70.0,,-262.0,-68.0,-459.0,-378.0,1380.0,,-680.0
-258.0,-88.0,,-258.0,-31.0,-415.0,-397.0,1452.0,,-692.0
-203.0,-163.0,,-173.0,11.0,-418.0,-432.0,1598.0,,-690.0
-221.0,-151.0,,-166.0,28.0,-298.0,-449.0,1256.0,,-680.0
-324.0,-94.0,,-236.0,58.0,37.0,-448.0,986.0,,-654.0
-334.0,-69.0,,-224.0,76.0,433.0,-417.0,827.0,,-615.0
-322.0,-44.0,,-221.0,139.0,704.0,-397.0,702.0,,-547.0
-333.0,130.0,,-139.0,212.0,775.0,-394.0,905.0,,-443.0
-486.0,300.0,,-169.0,213.0,955.0,-392.0,838.0,,-330.0
-402.0,292.0,,-233.0,234.0,1139.0,-414.0,1025.0,,-198.0
-339.0,244.0,,-339.0,252.0,1048.0,-419.0,1049.0,,-45.0
-397.0,135.0,,-437.0,200.0,692.0,-417.0,1239.0,,101.0
-487.0,70.0,,-360.0,155.0,521.0,-416.0,1437.0,,233.0
-461.0,5.0,,-347.0,101.0,577.0,-390.0,1132.0,,351.0
-393.0,-93.0,,-345.0,31.0,549.0,-385.0,933.0,,445.0
-473.0,-121.0,,-314.0,31.0,478.0,-411.0,376.0,,510.0
-483.0,-148.0,,-244.0,41.0,476.0,-434.0,177.0,,548.0
-507.0,-150.0,,-278.0,49.0,701.0,-440.0,155.0,,576.0
-468.0,-226.0,,-266.0,108.0,993.0,-439.0,177.0,,587.0
-481.0,-205.0,,-191.0,115.0,1338.0,-426.0,473.0,,581.0
-496.0,-95.0,,-220.0,72.0,1546.0,-422.0,504.0,,551.0
-423.0,-35.0,,-266.0,45.0,1453.0,-409.0,768.0,,486.0
-364.0,41.0,,-323.0,-11.0,1391.0,-398.0,807.0,,415.0
-345.0,88.0,,-349.0,-43.0,1316.0,-411.0,907.0,,311.0
-341.0,243.0,,-396.0,-37.0,1278.0,-408.0,953.0,,187.0
-259.0,287.0,,-352.0,-61.0,1296.0,-414.0,872.0,,63.0
-235.0,231.0,,-333.0,-54.0,1020.0,-405.0,1080.0,,-70.0
-227.0,203.0,,-297.0,-25.0,643.0,-402.0,962.0,,-198.0
-170.0,126.0,,-297.0,-46.0,526.0,-420.0,1056.0,,-327.0
-75.0,54.0,,-318.0,-50.0,619.0,-409.0,909.0,,-447.0
-70.0,-122.0,,-197.0,-61.0,704.0,-390.0,862.0,,-550.0
-91.0,-230.0,,-189.0,-91.0,604.0,-381.0,1119.0,,-645.0
3.0,-275.0,,-208.0,-41.0,571.0,-375.0,1147.0,,-722.0
58.0,-363.0,,-273.0,36.0,803.0,-358.0,1468.0,,-770.0
42.0,-399.0,,-309.0,115.0,997.0,-321.0,1287.0,,-819.0
72.0,-425.0,,-263.0,217.0,911.0,-296.0,1084.0,,-865.0
193.0,-370.0,,-291.0,247.0,943.0,-308.0,885.0,,-904.0
191.0,-192.0,,-373.0,237.0,1237.0,-272.0,752.0,,-928.0
133.0,-10.0,,-408.0,223.0,1310.0,-225.0,1062.0,,-932.0
169.0,106.0,,-408.0,144.0,1253.0,-219.0,1210.0,,-926.0
203.0,184.0,,-424.0,98.0,1304.0,-213.0,1760.0,,-905.0
172.0,210.0,,-307.0,109.0,1560.0,-210.0,2001.0,,-879.0
134.0,135.0,,-184.0,76.0,1748.0,-209.0,2054.0,,-840.0
159.0,-11.0,,-110.0,76.0,1579.0,-211.0,1989.0,,-797.0
143.0,-162.0,,-79.0,90.0,1366.0,-207.0,1648.0,,-752.0
129.0,-192.0,,-131.0,39.0,1149.0,-219.0,1795.0,,-692.0
124.0,-145.0,,-210.0,19.0,1014.0,-224.0,1725.0,,-643.0
100.0,-137.0,,-237.0,-13.0,951.0,-208.0,1773.0,,-594.0
79.0,-27.0,,-215.0,-76.0,776.0,-210.0,1592.0,,-549.0
36.0,99.0,,-221.0,-85.0,598.0,-218.0,1223.0,,-511.0
10.0,220.0,,-138.0,-132.0,669.0,-221.0,1197.0,,-474.0
3.0,285.0,,-38.0,-205.0,919.0,-215.0,1032.0,,-452.0
-20.0,221.0,,-10.0,-208.0,839.0,-215.0,1308.0,,-416.0
-90.0,163.0,,-41.0,-207.0,450.0,-213.0,1444.0,,-352.0
-136.0,65.0,,-72.0,-202.0,116.0,-222.0,1596.0,,-291.0
-93.0,47.0,,-68.0,-184.0,53.0,-227.0,1694.0,,-234.0
-132.0,-29.0,,-133.0,-201.0,-73.0,-216.0,1452.0,,-168.0
-235.0,-151.0,,-207.0,-177.0,-302.0,-219.0,1457.0,,-101.0
-190.0,-179.0,,-264.0,-131.0,-157.0,-231.0,1164.0,,-38.0
-168.0,-235.0,,-304.0,-136.0,175.0,-245.0,1195.0,,30.0
-252.0,-309.0,,-247.0,-102.0,418.0,-244.0,1162.0,,97.0
-284.0,-415.0,,-208.0,-84.0,462.0,-240.0,1110.0,,159.0
-195.0,-391.0,,-267.0,-135.0,547.0,-219.0,1221.0,,203.0
-172.0,-427.0,,-325.0,-161.0,838.0,-201.0,1014.0,,250.0
-265.0,-496.0,,-276.0,-206.0,828.0,-226.0,1241.0,,301.0
-250.0,-441.0,,-204.0,-237.0,580.0,-228.0,1106.0,,332.0
-205.0,-417.0,,-245.0,-189.0,499.0,-204.0,1080.0,,370.0
-226.0,-279.0,,-184.0,-151.0,285.0,-199.0,1062.0,,413.0
-274.0,-171.0,,-163.0,-119.0,-251.0,-222.0,800.0,,465.0
-234.0,-94.0,,-321.0,-45.0,-671.0,-236.0,883.0,,542.0
-237.0,9.0,,-303.0,31.0,-639.0,-235.0,722.0,,638.0
-296.0,102.0,,-162.0,127.0,-497.0,-266.0,890.0,,758.0
-266.0,215.0,,-110.0,231.0,-571.0,-299.0,807.0,,891.0
-257.0,227.0,,-135.0,263.0,-583.0,-300.0,705.0,,1035.0
-260.0,257.0,,-116.0,300.0,-285.0,-289.0,744.0,,1175.0
-281.0,319.0,,-133.0,329.0,-30.0,-268.0,617.0,,1293.0
-276.0,343.0,,-159.0,309.0,-179.0,-248.0,897.0,,1388.0
-285.0,276.0,,-117.0,322.0,-331.0,-218.0,862.0,,1446.0
-293.0,181.0,,-127.0,311.0,-237.0,-193.0,953.0,,1469.0
-360.0,188.0,,-96.0,249.0,-141.0,-207.0,910.0,,1473.0
-456.0,124.0,,8.0,221.0,-297.0,-222.0,812.0,,1443.0
-421.0,-58.0,,81.0,189.0,-575.0,-217.0,1060.0,,1383.0
-437.0,-199.0,,-17.0,133.0,-616.0,-222.0,1047.0,,1283.0
-519.0,-190.0,,-128.0,131.0,-436.0,-230.0,1239.0,,1160.0
-572.0,-155.0,,-39.0,128.0,-346.0,-238.0,1212.0,,1028.0
-542.0,-164.0,,160.0,116.0,-535.0,-257.0,1308.0,,880.0
-577.0,-176.0,,197.0,122.0,-498.0,-255.0,1481.0,,734.0
-672.0,-121.0,,66.0,88.0,-342.0,-236.0,1481.0,,572.0
-662.0,-39.0,,105.0,58.0,-400.0,-208.0,1712.0,,398.0
-668.0,-113.0,,104.0,22.0,-433.0,-188.0,1596.0,,224.0
-727.0,-232.0,,-24.0,-76.0,-361.0,-185.0,1709.0,,54.0
-761.0,-208.0,,36.0,-147.0,-1.0,-195.0,1659.0,,-122.0
-723.0,-112.0,,25.0,-180.0,219.0,-233.0,1437.0,,-284.0
-751.0,-185.0,,78.0,-241.0,150.0,-263.0,1424.0,,-406.0
-819.0,-277.0,,291.0,-259.0,141.0,-255.0,1176.0,,-483.0
-799.0,-217.0,,255.0,-263.0,308.0,-231.0,1239.0,,-507.0
-813.0,-129.0,,283.0,-264.0,475.0,-210.0,1121.0,,-505.0
-868.0,-65.0,,276.0,-213.0,425.0,-184.0,1018.0,,-473.0
-865.0,-2.0,,160.0,-196.0,313.0,-185.0,809.0,,-410.0
-810.0,189.0,,114.0,-205.0,194.0,-203.0,497.0,,-321.0
-838.0,322.0,,0.0,-184.0,321.0,-191.0,657.0,,-209.0
-891.0,334.0,,-3.0,-196.0,574.0,-177.0,591.0,,-74.0
-869.0,337.0,,44.0,-208.0,635.0,-149.0,735.0,,86.0
-851.0,349.0,,101.0,-180.0,696.0,-112.0,548.0,,251.0
-851.0,310.0,,94.0,-175.0,912.0,-126.0,201.0,,421.0
-880.0,208.0,,93.0,-155.0,1146.0,-148.0,25.0,,582.0
-886.0,128.0,,184.0,-117.0,1193.0,-159.0,-273.0,,736.0
-885.0,22.0,,168.0,-122.0,911.0,-172.0,-118.0,,868.0
-841.0,0.0,,131.0,-81.0,734.0,-139.0,-223.0,,983.0
-830.0,-38.0,,41.0,-32.0,935.0,-105.0,-53.0,,1096.0
-838.0,-22.0,,17.0,-54.0,1147.0,-68.0,155.0,,1189.0
-795.0,5.0,,107.0,-54.0,1206.0,-23.0,291.0,,1268.0
-820.0,-44.0,,173.0,-45.0,1013.0,-9.0,598.0,,1332.0
-836.0,-36.0,,249.0,-34.0,992.0,18.0,423.0,,1386.0
-842.0,-47.0,,250.0,17.0,1152.0,43.0,495.0,,1429.0
-793.0,14.0,,306.0,37.0,1195.0,71.0,236.0,,1452.0
-826.0,-7.0,,334.0,45.0,1204.0,90.0,31.0,,1450.0
-823.0,-11.0,,321.0,66.0,1254.0,131.0,60.0,,1413.0
-719.0,58.0,,382.0,36.0,1356.0,172.0,-11.0,,1332.0
-684.0,118.0,,456.0,26.0,1452.0,165.0,232.0,,1216.0
-695.0,217.0,,463.0,73.0,1773.0,185.0,120.0,,1076.0
-715.0,252.0,,458.0,80.0,1955.0,202.0,203.0,,909.0
-591.0,364.0,,494.0,85.0,1835.0,227.0,345.0,,731.0
-599.0,359.0,,459.0,98.0,1715.0,254.0,519.0,,541.0
-606.0,262.0,,542.0,66.0,1610.0,268.0,711.0,,355.0
-567.0,209.0,,447.0,63.0,1318.0,294.0,441.0,,191.0
-554.0,172.0,,312.0,63.0,690.0,299.0,382.0,,41.0
-516.0,175.0,,373.0,29.0,292.0,306.0,293.0,,-74.0
-533.0,89.0,,289.0,48.0,396.0,311.0,565.0,,-157.0
-465.0,52.0,,207.0,66.0,644.0,335.0,831.0,,-218.0
-482.0,64.0,,75.0,73.0,886.0,365.0,715.0,,-256.0
-448.0,69.0,,35.0,146.0,1091.0,389.0,702.0,,-284.0
-454.0,-29.0,,89.0,185.0,1278.0,400.0,375.0,,-299.0
-450.0,-126.0,,60.0,174.0,1391.0,380.0,319.0,,-311.0
-393.0,6.0,,7.0,156.0,1252.0,388.0,197.0,,-326.0
-396.0,70.0,,-102.0,87.0,1060.0,399.0,116.0,,-318.0
-367.0,11.0,,-146.0,56.0,1096.0,429.0,229.0,,-309.0
-346.0,-105.0,,-238.0,80.0,1092.0,468.0,-1.0,,-304.0
-269.0,-156.0,,-269.0,69.0,855.0,493.0,-20.0,,-291.0
-287.0,-159.0,,-221.0,76.0,632.0,513.0,-349.0,,-264.0
-219.0,-225.0,,-280.0,56.0,696.0,489.0,-583.0,,-220.0
-139.0,-277.0,,-290.0,-39.0,851.0,454.0,-631.0,,-171.0
-116.0,-365.0,,-312.0,-105.0,765.0,411.0,-648.0,,-125.0
-93.0,-308.0,,-342.0,-155.0,770.0,399.0,-336.0,,-74.0
-68.0,-314.0,,-309.0,-187.0,870.0,391.0,-338.0,,-5.0
25.0,-346.0,,-222.0,-132.0,975.0,369.0,-114.0,,69.0
1.0,-266.0,,-128.0,-84.0,984.0,356.0,-129.0,,158.0
59.0,-240.0,,-51.0,-62.0,859.0,331.0,-218.0,,263.0
117.0,-243.0,,9.0,13.0,1039.0,308.0,-153.0,,378.0
90.0,-349.0,,-8.0,40.0,1214.0,296.0,-358.0,,490.0
83.0,-310.0,,-44.0,17.0,1231.0,308.0,-251.0,,602.0
165.0,-313.0,,-35.0,-25.0,1024.0,319.0,-439.0,,725.0
207.0,-343.0,,52.0,-128.0,723.0,338.0,-376.0,,816.0
94.0,-266.0,,48.0,-158.0,532.0,331.0,-323.0,,890.0
101.0,-215.0,,140.0,-127.0,323.0,307.0,-493.0,,938.0
168.0,-172.0,,270.0,-122.0,246.0,300.0,-404.0,,954.0
198.0,-309.0,,213.0,-55.0,79.0,284.0,-617.0,,950.0
144.0,-218.0,,187.0,0.0,-103.0,271.0,-487.0,,906.0
125.0,-45.0,,145.0,-25.0,3.0,258.0,-552.0,,853.0
151.0,-19.0,,202.0,-25.0,208.0,255.0,-498.0,,795.0
141.0,82.0,,279.0,-66.0,238.0,255.0,-354.0,,734.0
135.0,207.0,,280.0,-139.0,426.0,282.0,-521.0,,689.0
46.0,340.0,,247.0,-140.0,934.0,292.0,-336.0,,660.0
18.0,297.0,,228.0,-148.0,1348.0,277.0,-413.0,,651.0
23.0,280.0,,241.0,-102.0,1424.0,266.0,-286.0,,654.0
-13.0,336.0,,261.0,23.0,1397.0,259.0,-426.0,,671.0
-101.0,371.0,,392.0,81.0,1429.0,271.0,-654.0,,698.0
-154.0,334.0,,442.0,98.0,1395.0,269.0,-587.0,,729.0
-155.0,264.0,,460.0,82.0,1273.0,280.0,-620.0,,762.0
-266.0,330.0,,495.0,3.0,990.0,285.0,-219.0,,790.0
-323.0,279.0,,534.0,-24.0,737.0,266.0,-129.0,,826.0
-326.0,221.0,,529.0,-51.0,589.0,250.0,11.0,,867.0
-370.0,205.0,,519.0,-98.0,535.0,238.0,96.0,,897.0
-419.0,305.0,,560.0,-72.0,506.0,224.0,199.0,,924.0
-424.0,428.0,,535.0,-86.0,676.0,216.0,473.0,,947.0
-404.0,304.0,,559.0,-135.0,1067.0,252.0,206.0,,959.0
-438.0,246.0,,557.0,-136.0,1253.0,286.0,229.0,,952.0
-439.0,248.0,,565.0,-175.0,1264.0,312.0,145.0,,936.0
-431.0,273.0,,538.0,-195.0,1421.0,341.0,72.0,,923.0
-427.0,162.0,,489.0,-154.0,1750.0,331.0,-3.0,,900.0
-439.0,-4.0,,522.0,-161.0,1724.0,301.0,-188.0,,872.0
-432.0,32.0,,519.0,-153.0,1485.0,267.0,0.0,,852.0
-388.0,20.0,,505.0,-113.0,1307.0,246.0,-42.0,,848.0
-345.0,-144.0,,447.0,-95.0,1267.0,262.0,162.0,,871.0
-259.0,-322.0,,490.0,-20.0,1166.0,303.0,179.0,,895.0
-259.0,-228.0,,502.0,47.0,761.0,325.0,84.0,,920.0
-250.0,-147.0,,412.0,70.0,676.0,316.0,83.0,,938.0
-156.0,-294.0,,425.0,125.0,875.0,308.0,-395.0,,920.0
-100.0,-308.0,,415.0,129.0,1055.0,299.0,-617.0,,901.0
-114.0,-122.0,,423.0,98.0,1065.0,301.0,-844.0,,877.0
-92.0,36.0,,418.0,121.0,994.0,333.0,-787.0,,843.0
-57.0,88.0,,489.0,130.0,1245.0,358.0,-681.0,,824.0
-77.0,195.0,,543.0,156.0,1629.0,367.0,-849.0,,808.0
-42.0,361.0,,495.0,213.0,1592.0,377.0,-702.0,,790.0
-38.0,483.0,,571.0,198.0,1211.0,369.0,-705.0,,761.0
7.0,399.0,,579.0,180.0,1068.0,353.0,-526.0,,732.0
52.0,203.0,,610.0,165.0,1087.0,371.0,-448.0,,698.0
104.0,121.0,,620.0,107.0,992.0,405.0,-310.0,,669.0
167.0,78.0,,678.0,102.0,749.0,441.0,42.0,,643.0
164.0,-40.0,,792.0,116.0,693.0,462.0,-44.0,,611.0
203.0,-145.0,,705.0,137.0,884.0,469.0,-9.0,,597.0
200.0,-139.0,,654.0,197.0,964.0,472.0,-264.0,,569.0
224.0,-176.0,,682.0,170.0,807.0,443.0,-397.0,,536.0
231.0,-275.0,,696.0,103.0,661.0,433.0,-386.0,,498.0
297.0,-322.0,,685.0,81.0,982.0,430.0,-554.0,,438.0
320.0,-289.0,,806.0,21.0,1449.0,408.0,-378.0,,369.0
315.0,-261.0,,878.0,-4.0,1438.0,383.0,-327.0,,280.0
408.0,-224.0,,775.0,5.0,1142.0,366.0,12.0,,186.0
397.0,-97.0,,714.0,-22.0,1243.0,383.0,64.0,,106.0
416.0,26.0,,648.0,-16.0,1780.0,388.0,-145.0,,51.0
407.0,64.0,,613.0,-14.0,2074.0,398.0,-162.0,,27.0
404.0,30.0,,584.0,-55.0,1695.0,408.0,-205.0,,32.0
393.0,38.0,,619.0,-68.0,1315.0,382.0,212.0,,67.0
395.0,49.0,,629.0,-113.0,1299.0,368.0,443.0,,119.0
396.0,33.0,,475.0,-177.0,1210.0,352.0,879.0,,175.0
299.0,66.0,,461.0,-184.0,906.0,330.0,1066.0,,232.0
281.0,151.0,,550.0,-206.0,540.0,279.0,800.0,,279.0
230.0,189.0,,570.0,-189.0,578.0,225.0,711.0,,299.0
181.0,125.0,,653.0,-147.0,830.0,215.0,314.0,,276.0
169.0,156.0,,682.0,-180.0,755.0,207.0,212.0,,206.0
178.0,243.0,,647.0,-178.0,361.0,216.0,12.0,,111.0
153.0,208.0,,679.0,-141.0,371.0,241.0,70.0,,1.0
88.0,145.0,,726.0,-122.0,778.0,225.0,258.0,,-127.0
113.0,108.0,,607.0,-57.0,927.0,196.0,205.0,,-243.0
120.0,161.0,,480.0,-22.0,851.0,192.0,432.0,,-338.0
77.0,225.0,,505.0,-22.0,525.0,185.0,247.0,,-430.0
32.0,94.0,,381.0,29.0,293.0,168.0,360.0,,-506.0
62.0,58.0,,266.0,29.0,277.0,115.0,441.0,,-579.0
69.0,129.0,,287.0,27.0,165.0,43.0,352.0,,-647.0
55.0,34.0,,287.0,64.0,-98.0,0.0,332.0,,-707.0
102.0,-123.0,,261.0,21.0,-160.0,-12.0,5.0,,-738.0
135.0,-244.0,,213.0,1.0,171.0,4.0,-107.0,,-740.0
129.0,-243.0,,133.0,5.0,285.0,20.0,-412.0,,-723.0
111.0,-323.0,,109.0,-36.0,5.0,15.0,-371.0,,-691.0
130.0,-510.0,,121.0,-27.0,-37.0,-26.0,-269.0,,-647.0
108.0,-585.0,,94.0,-27.0,308.0,-79.0,-158.0,,-586.0
134.0,-610.0,,153.0,-57.0,321.0,-102.0,369.0,,-518.0
162.0,-631.0,,262.0,-24.0,-171.0,-102.0,362.0,,-424.0
143.0,-724.0,,318.0,-6.0,-454.0,-62.0,354.0,,-310.0
168.0,-722.0,,341.0,29.0,-52.0,-12.0,195.0,,-172.0
179.0,-540.0,,440.0,96.0,347.0,6.0,44.0,,-14.0
136.0,-433.0,,493.0,69.0,125.0,-18.0,-33.0,,127.0
51.0,-363.0,,548.0,52.0,38.0,-87.0,-277.0,,264.0
79.0,-233.0,,642.0,47.0,332.0,-145.0,-40.0,,396.0
97.0,-63.0,,599.0,-17.0,485.0,-164.0,-73.0,,511.0
44.0,1.0,,537.0,-8.0,408.0,-157.0,-38.0,,606.0
32.0,-7.0,,487.0,-5.0,425.0,-141.0,79.0,,681.0
2.0,76.0,,553.0,-62.0,600.0,-137.0,90.0,,729.0
-12.0,136.0,,605.0,-82.0,622.0,-139.0,279.0,,744.0
-8.0,119.0,,607.0,-152.0,335.0,-152.0,96.0,,735.0
-21.0,91.0,,656.0,-179.0,41.0,-162.0,77.0,,713.0
-87.0,180.0,,619.0,-105.0,86.0,-180.0,-90.0,,656.0
-151.0,209.0,,621.0,-96.0,89.0,-198.0,-140.0,,565.0
-113.0,122.0,,640.0,-44.0,-140.0,-208.0,116.0,,455.0
-147.0,121.0,,573.0,19.0,-511.0,-246.0,116.0,,320.0
-224.0,127.0,,506.0,0.0,-747.0,-281.0,192.0,,179.0
-205.0,168.0,,543.0,55.0,-606.0,-302.0,157.0,,27.0
-198.0,175.0,,568.0,71.0,-532.0,-297.0,460.0,,-100.0
-213.0,192.0,,593.0,24.0,-625.0,-269.0,443.0,,-205.0
-243.0,129.0,,637.0,45.0,-483.0,-241.0,266.0,,-309.0
-192.0,12.0,,589.0,25.0,-327.0,-223.0,271.0,,-383.0
-169.0,-5.0,,486.0,30.0,-440.0,-221.0,-24.0,,-440.0
-127.0,-72.0,,359.0,87.0,-530.0,-236.0,314.0,,-482.0
-65.0,-92.0,,312.0,59.0,-594.0,-284.0,535.0,,-514.0
-71.0,-126.0,,281.0,48.0,-670.0,-321.0,764.0,,-529.0
13.0,-98.0,,187.0,53.0,-1000.0,-345.0,879.0,,-542.0
58.0,-78.0,,128.0,-13.0,-1348.0,-362.0,726.0,,-578.0
142.0,6.0,,156.0,-3.0,-1397.0,-337.0,835.0,,-630.0
155.0,138.0,,129.0,17.0,-1334.0,-310.0,524.0,,-704.0
218.0,58.0,,39.0,-27.0,-1277.0,-311.0,524.0,,-796.0
325.0,45.0,,53.0,-17.0,-1598.0,-330.0,308.0,,-890.0
353.0,7.0,,42.0,-51.0,-1780.0,-352.0,-72.0,,-983.0
491.0,-20.0,,-56.0,-74.0,-1574.0,-389.0,-242.0,,-1064.0
508.0,-53.0,,-127.0,2.0,-1340.0,-421.0,-521.0,,-1118.0
536.0,-11.0,,-100.0,17.0,-1330.0,-426.0,-471.0,,-1164.0
568.0,155.0,,-105.0,21.0,-1531.0,-437.0,-687.0,,-1208.0
638.0,148.0,,-135.0,37.0,-1377.0,-456.0,-574.0,,-1246.0
659.0,108.0,,-120.0,-3.0,-1087.0,-450.0,-458.0,,-1275.0
631.0,172.0,,-202.0,23.0,-1032.0,-414.0,-511.0,,-1289.0
679.0,366.0,,-245.0,28.0,-1365.0,-387.0,-243.0,,-1308.0
634.0,398.0,,-243.0,-34.0,-1725.0,-379.0,-308.0,,-1306.0
607.0,295.0,,-301.0,-43.0,-1613.0,-396.0,-210.0,,-1283.0
533.0,273.0,,-313.0,-115.0,-1341.0,-403.0,-345.0,,-1255.0
512.0,243.0,,-245.0,-190.0,-1337.0,-403.0,-408.0,,-1215.0
446.0,153.0,,-214.0,-170.0,-1567.0,-400.0,-269.0,,-1167.0
383.0,-52.0,,-266.0,-178.0,-1281.0,-384.0,-354.0,,-1108.0
359.0,-180.0,,-163.0,-126.0,-826.0,-353.0,-218.0,,-1047.0
285.0,-165.0,,-144.0,-50.0,-948.0,-288.0,-424.0,,-977.0
240.0,-232.0,,-235.0,-69.0,-1205.0,-263.0,-406.0,,-900.0
188.0,-394.0,,-117.0,-38.0,-1072.0,-263.0,-293.0,,-823.0
178.0,-334.0,,-92.0,-18.0,-808.0,-280.0,-121.0,,-760.0
121.0,-61.0,,-100.0,-37.0,-845.0,-300.0,162.0,,-701.0
90.0,59.0,,-131.0,-8.0,-968.0,-286.0,18.0,,-649.0
100.0,-16.0,,-199.0,-78.0,-900.0,-261.0,162.0,,-626.0
114.0,53.0,,-159.0,-124.0,-533.0,-233.0,81.0,,-602.0
72.0,302.0,,-221.0,-97.0,-639.0,-215.0,36.0,,-572.0
83.0,357.0,,-269.0,-143.0,-1043.0,-194.0,-24.0,,-532.0
135.0,212.0,,-186.0,-138.0,-1067.0,-196.0,-273.0,,-475.0
149.0,166.0,,-108.0,-140.0,-972.0,-193.0,-147.0,,-401.0
135.0,237.0,,-226.0,-178.0,-897.0,-180.0,-105.0,,-324.0
84.0,131.0,,-339.0,-133.0,-1189.0,-205.0,343.0,,-254.0
152.0,-67.0,,-375.0,-135.0,-1400.0,-235.0,582.0,,-215.0
198.0,-142.0,,-442.0,-137.0,-1373.0,-255.0,715.0,,-215.0
225.0,-94.0,,-428.0,-44.0,-1320.0,-258.0,971.0,,-230.0
176.0,-75.0,,-412.0,-14.0,-1408.0,-233.0,899.0,,-275.0
231.0,-160.0,,-407.0,7.0,-1536.0,-201.0,1191.0,,-332.0
346.0,-75.0,,-503.0,56.0,-1569.0,-194.0,1031.0,,-378.0
319.0,104.0,,-515.0,40.0,-1609.0,-220.0,768.0,,-403.0
321.0,147.0,,-505.0,82.0,-1437.0,-256.0,460.0,,-415.0
310.0,57.0,,-499.0,116.0,-1393.0,-277.0,-33.0,,-422.0
394.0,-17.0,,-326.0,115.0,-1364.0,-263.0,-131.0,,-421.0
375.0,-27.0,,-312.0,196.0,-1263.0,-247.0,-373.0,,-414.0
376.0,-118.0,,-319.0,234.0,-1047.0,-239.0,-171.0,,-406.0
411.0,-206.0,,-281.0,255.0,-838.0,-235.0,-18.0,,-406.0
368.0,-212.0,,-339.0,301.0,-724.0,-230.0,105.0,,-402.0
444.0,-138.0,,-347.0,277.0,-514.0,-207.0,293.0,,-393.0
445.0,-77.0,,-321.0,291.0,-285.0,-176.0,186.0,,-398.0
422.0,-39.0,,-397.0,310.0,-295.0,-135.0,352.0,,-422.0
361.0,31.0,,-478.0,270.0,-635.0,-110.0,162.0,,-456.0
399.0,78.0,,-470.0,256.0,-677.0,-113.0,48.0,,-493.0
454.0,98.0,,-498.0,172.0,-755.0,-149.0,-97.0,,-529.0
405.0,112.0,,-471.0,68.0,-850.0,-183.0,-234.0,,-546.0
380.0,116.0,,-469.0,14.0,-905.0,-194.0,-33.0,,-553.0
340.0,20.0,,-541.0,-95.0,-913.0,-198.0,-109.0,,-567.0
333.0,-12.0,,-536.0,-132.0,-890.0,-150.0,84.0,,-595.0
283.0,29.0,,-517.0,-107.0,-1285.0,-99.0,103.0,,-641.0
251.0,48.0,,-561.0,-133.0,-1246.0,-73.0,203.0,,-679.0
212.0,46.0,,-582.0,-124.0,-949.0,-75.0,306.0,,-730.0
193.0,-17.0,,-566.0,-154.0,-909.0,-110.0,162.0,,-785.0
196.0,30.0,,-719.0,-185.0,-1053.0,-136.0,356.0,,-806.0
178.0,37.0,,-816.0,-135.0,-1037.0,-146.0,242.0,,-807.0
153.0,-36.0,,-774.0,-169.0,-768.0,-113.0,325.0,,-783.0
129.0,-71.0,,-772.0,-221.0,-799.0,-63.0,275.0,,-739.0
172.0,-54.0,,-743.0,-230.0,-1085.0,-9.0,118.0,,-666.0
165.0,8.0,,-696.0,-282.0,-1404.0,31.0,64.0,,-563.0
123.0,-59.0,,-709.0,-262.0,-1529.0,28.0,-218.0,,-444.0
108.0,-85.0,,-735.0,-259.0,-1581.0,4.0,-79.0,,-313.0
113.0,34.0,,-643.0,-313.0,-1859.0,-15.0,-260.0,,-185.0
140.0,164.0,,-573.0,-254.0,-2212.0,-19.0,-240.0,,-59.0
181.0,142.0,,-681.0,-221.0,-2154.0,-2.0,-81.0,,55.0
147.0,42.0,,-756.0,-174.0,-1828.0,39.0,-73.0,,158.0
175.0,57.0,,-633.0,-40.0,-1611.0,79.0,229.0,,241.0
190.0,116.0,,-577.0,17.0,-1750.0,108.0,225.0,,310.0
194.0,127.0,,-565.0,76.0,-1830.0,137.0,522.0,,374.0
203.0,84.0,,-489.0,108.0,-1718.0,138.0,546.0,,416.0
147.0,151.0,,-521.0,51.0,-2040.0,116.0,521.0,,431.0
230.0,270.0,,-502.0,72.0,-2448.0,87.0,609.0,,428.0
185.0,256.0,,-529.0,89.0,-2750.0,74.0,430.0,,379.0
170.0,170.0,,-724.0,62.0,-2423.0,88.0,561.0,,289.0
190.0,169.0,,-767.0,84.0,-1900.0,121.0,354.0,,200.0
206.0,150.0,,-814.0,35.0,-1890.0,163.0,482.0,,86.0
208.0,-71.0,,-906.0,-16.0,-1760.0,203.0,569.0,,-52.0
149.0,-341.0,,-861.0,-10.0,-1485.0,225.0,413.0,,-206.0
232.0,-456.0,,-929.0,-43.0,-1060.0,213.0,432.0,,-374.0
149.0,-434.0,,-1041.0,-6.0,-964.0,201.0,164.0,,-550.0
131.0,-500.0,,-1000.0,28.0,-1258.0,184.0,271.0,,-737.0
147.0,-586.0,,-908.0,-13.0,-1316.0,171.0,160.0,,-910.0
150.0,-441.0,,-837.0,14.0,-1090.0,183.0,92.0,,-1056.0
178.0,-245.0,,-768.0,13.0,-814.0,194.0,-46.0,,-1174.0
142.0,-213.0,,-688.0,-1.0,-790.0,188.0,-474.0,,-1258.0
213.0,-166.0,,-573.0,40.0,-729.0,185.0,-439.0,,-1286.0
240.0,-21.0,,-504.0,10.0,-304.0,207.0,-506.0,,-1293.0
298.0,77.0,,-442.0,31.0,-145.0,233.0,-295.0,,-1287.0
260.0,42.0,,-414.0,93.0,-358.0,246.0,-264.0,,-1268.0
260.0,-37.0,,-413.0,78.0,-249.0,238.0,-306.0,,-1253.0
380.0,24.0,,-382.0,109.0,-81.0,239.0,-210.0,,-1227.0
414.0,64.0,,-421.0,108.0,-116.0,230.0,-478.0,,-1209.0
425.0,0.0,,-492.0,69.0,-498.0,204.0,-399.0,,-1166.0
460.0,12.0,,-596.0,101.0,-756.0,198.0,-388.0,,-1102.0
596.0,89.0,,-654.0,58.0,-539.0,224.0,-206.0,,-1027.0
591.0,163.0,,-691.0,8.0,-600.0,274.0,-88.0,,-931.0
525.0,173.0,,-713.0,32.0,-784.0,296.0,-206.0,,-837.0
549.0,217.0,,-713.0,-7.0,-812.0,300.0,-205.0,,-735.0
610.0,337.0,,-623.0,8.0,-600.0,282.0,-476.0,,-666.0
618.0,384.0,,-522.0,58.0,-467.0,250.0,-410.0,,-619.0
530.0,262.0,,-594.0,30.0,-328.0,244.0,-517.0,,-591.0
541.0,74.0,,-612.0,78.0,161.0,249.0,-583.0,,-595.0
517.0,18.0,,-674.0,97.0,665.0,282.0,-489.0,,-623.0
493.0,-120.0,,-702.0,52.0,1020.0,298.0,-589.0,,-680.0
477.0,-388.0,,-596.0,78.0,964.0,292.0,-339.0,,-744.0
435.0,-427.0,,-540.0,61.0,1118.0,295.0,-321.0,,-812.0
437.0,-196.0,,-457.0,63.0,1546.0,299.0,-184.0,,-875.0
430.0,-8.0,,-389.0,98.0,1585.0,328.0,-182.0,,-929.0
435.0,3.0,,-359.0,43.0,1313.0,344.0,-264.0,,-953.0
382.0,202.0,,-369.0,32.0,1078.0,338.0,-1.0,,-953.0
375.0,593.0,,-360.0,11.0,1095.0,334.0,12.0,,-942.0
437.0,724.0,,-290.0,-77.0,1060.0,349.0,253.0,,-901.0
470.0,568.0,,-213.0,-72.0,1047.0,368.0,177.0,,-850.0
442.0,517.0,,-214.0,-75.0,1212.0,407.0,125.0,,-799.0
432.0,577.0,,-304.0,-68.0,1691.0,465.0,195.0,,-753.0
471.0,427.0,,-310.0,24.0,1940.0,494.0,-36.0,,-716.0
507.0,96.0,,-253.0,33.0,1642.0,500.0,14.0,,-682.0
536.0,-57.0,,-183.0,47.0,1638.0,480.0,-144.0,,-654.0
511.0,71.0,,-131.0,89.0,1915.0,475.0,-55.0,,-619.0
528.0,90.0,,-159.0,31.0,1915.0,476.0,-97.0,,-578.0
535.0,-72.0,,-252.0,6.0,1554.0,475.0,-227.0,,-523.0
515.0,-28.0,,-340.0,-15.0,1356.0,492.0,-125.0,,-459.0
467.0,217.0,,-316.0,-57.0,1510.0,504.0,-356.0,,-393.0
438.0,284.0,,-267.0,-10.0,1817.0,535.0,-371.0,,-304.0
462.0,182.0,,-245.0,-17.0,1923.0,556.0,-620.0,,-209.0
375.0,128.0,,-319.0,-53.0,1905.0,556.0,-650.0,,-113.0
319.0,105.0,,-472.0,-34.0,2113.0,553.0,-679.0,,0.0
283.0,-47.0,,-529.0,-76.0,2241.0,540.0,-909.0,,118.0
212.0,-339.0,,-514.0,-80.0,2276.0,526.0,-779.0,,230.0
129.0,-495.0,,-543.0,-57.0,2244.0,503.0,-877.0,,342.0
92.0,-468.0,,-643.0,-99.0,2195.0,512.0,-639.0,,449.0
72.0,-432.0,,-687.0,-60.0,2253.0,525.0,-613.0,,549.0
-56.0,-453.0,,-707.0,-17.0,2455.0,507.0,-683.0,,647.0
-121.0,-356.0,,-757.0,2.0,2529.0,500.0,-641.0,,740.0
-132.0,-114.0,,-760.0,79.0,2401.0,464.0,-766.0,,835.0
-165.0,90.0,,-775.0,71.0,2389.0,445.0,-519.0,,917.0
-289.0,230.0,,-814.0,68.0,2540.0,451.0,-641.0,,979.0
-345.0,423.0,,-803.0,106.0,2726.0,445.0,-694.0,,1006.0
-317.0,643.0,,-758.0,62.0,2435.0,437.0,-825.0,,998.0
-402.0,634.0,,-775.0,58.0,2055.0,397.0,-1031.0,,958.0
-452.0,491.0,,-864.0,78.0,2195.0,361.0,-894.0,,882.0
-485.0,398.0,,-843.0,61.0,2524.0,353.0,-927.0,,809.0
-496.0,301.0,,-824.0,105.0,2509.0,366.0,-591.0,,743.0
-563.0,148.0,,-899.0,97.0,2367.0,385.0,-430.0,,692.0
-589.0,-2.0,,-977.0,65.0,2797.0,384.0,-297.0,,674.0
-585.0,-27.0,,-1014.0,100.0,3521.0,351.0,-295.0,,675.0
-606.0,-12.0,,-894.0,84.0,3700.0,322.0,-672.0,,705.0
-534.0,10.0,,-792.0,104.0,3424.0,349.0,-731.0,,737.0
-556.0,82.0,,-781.0,130.0,3367.0,376.0,-973.0,,774.0
-568.0,179.0,,-826.0,89.0,3403.0,403.0,-953.0,,831.0
-552.0,224.0,,-771.0,112.0,3164.0,456.0,-897.0,,878.0
-481.0,147.0,,-649.0,76.0,2638.0,487.0,-744.0,,924.0
-449.0,79.0,,-539.0,-6.0,2490.0,505.0,-358.0,,964.0
-465.0,49.0,,-455.0,29.0,2514.0,489.0,-327.0,,994.0
-441.0,-22.0,,-363.0,56.0,2141.0,450.0,-121.0,,1009.0
-450.0,-91.0,,-267.0,86.0,1793.0,420.0,-164.0,,1016.0
-378.0,-37.0,,-404.0,155.0,1808.0,403.0,-16.0,,1030.0
-389.0,173.0,,-413.0,171.0,2087.0,420.0,175.0,,1050.0
-404.0,344.0,,-377.0,230.0,1957.0,447.0,7.0,,1095.0
-369.0,439.0,,-339.0,257.0,1799.0,475.0,-103.0,,1156.0
-311.0,577.0,,-281.0,196.0,1983.0,487.0,-478.0,,1224.0
-328.0,778.0,,-353.0,220.0,2045.0,492.0,-432.0,,1289.0
-422.0,848.0,,-346.0,226.0,1757.0,509.0,-382.0,,1328.0
-369.0,702.0,,-406.0,198.0,1308.0,521.0,-291.0,,1334.0
-334.0,586.0,,-357.0,223.0,1028.0,550.0,-96.0,,1309.0
-378.0,550.0,,-283.0,183.0,723.0,571.0,-223.0,,1261.0
-441.0,477.0,,-342.0,167.0,516.0,572.0,-62.0,,1179.0
-404.0,315.0,,-311.0,185.0,523.0,516.0,-218.0,,1062.0
-407.0,249.0,,-282.0,135.0,500.0,426.0,-384.0,,917.0
-524.0,282.0,,-298.0,153.0,467.0,387.0,-665.0,,761.0
-553.0,170.0,,-303.0,182.0,490.0,391.0,-1006.0,,596.0
-516.0,-39.0,,-249.0,157.0,625.0,430.0,-949.0,,436.0
-511.0,-114.0,,-250.0,171.0,734.0,437.0,-1082.0,,313.0
-558.0,-48.0,,-323.0,126.0,495.0,408.0,-873.0,,222.0
-569.0,-163.0,,-290.0,66.0,355.0,363.0,-838.0,,166.0
-534.0,-389.0,,-224.0,65.0,217.0,316.0,-824.0,,149.0
-493.0,-538.0,,-210.0,-4.0,78.0,280.0,-798.0,,161.0
-528.0,-642.0,,-204.0,-38.0,2.0,229.0,-1127.0,,190.0
-559.0,-748.0,,-257.0,-27.0,-258.0,195.0,-1101.0,,216.0
-508.0,-869.0,,-271.0,-83.0,-184.0,155.0,-1219.0,,224.0
-463.0,-800.0,,-224.0,-84.0,-279.0,118.0,-988.0,,229.0
-494.0,-654.0,,-248.0,-96.0,-366.0,92.0,-763.0,,239.0
-514.0,-651.0,,-176.0,-151.0,-219.0,52.0,-822.0,,235.0
-444.0,-663.0,,-148.0,-128.0,-52.0,29.0,-855.0,,247.0
-445.0,-547.0,,-158.0,-160.0,198.0,15.0,-1226.0,,272.0
-504.0,-372.0,,-163.0,-204.0,119.0,6.0,-1204.0,,311.0
-529.0,-315.0,,-227.0,-174.0,-61.0,7.0,-1322.0,,376.0
-518.0,-350.0,,-91.0,-188.0,-120.0,-3.0,-1271.0,,452.0
-533.0,-310.0,,-91.0,-153.0,-74.0,-24.0,-962.0,,545.0
-558.0,-172.0,,-153.0,-106.0,-249.0,-68.0,-833.0,,652.0
-547.0,-111.0,,-96.0,-139.0,-388.0,-111.0,-484.0,,767.0
-577.0,-134.0,,-171.0,-91.0,-281.0,-123.0,-513.0,,890.0
-619.0,-112.0,,-233.0,-46.0,-187.0,-118.0,-458.0,,1013.0
-614.0,-68.0,,-191.0,-61.0,-258.0,-82.0,-543.0,,1111.0
-578.0,-61.0,,-173.0,-5.0,-540.0,-51.0,-574.0,,1174.0
-557.0,-93.0,,-215.0,19.0,-554.0,-41.0,-371.0,,1211.0
-555.0,-104.0,,-173.0,29.0,-569.0,-31.0,-417.0,,1221.0
-573.0,-167.0,,-110.0,99.0,-686.0,-20.0,-127.0,,1209.0
-598.0,-343.0,,-35.0,112.0,-604.0,-12.0,-101.0,,1186.0
-570.0,-517.0,,13.0,152.0,-464.0,-25.0,42.0,,1159.0
-536.0,-587.0,,28.0,223.0,-274.0,-46.0,194.0,,1132.0
-558.0,-582.0,,79.0,220.0,-325.0,-71.0,155.0,,1097.0
-559.0,-538.0,,83.0,246.0,-513.0,-99.0,345.0,,1067.0
-533.0,-423.0,,117.0,227.0,-371.0,-125.0,125.0,,1056.0
-504.0,-217.0,,114.0,133.0,-433.0,-146.0,33.0,,1062.0
-460.0,-47.0,,55.0,84.0,-776.0,-133.0,-267.0,,1072.0
-409.0,-39.0,,72.0,-5.0,-1055.0,-96.0,-474.0,,1082.0
-373.0,0.0,,41.0,-91.0,-1057.0,-45.0,-408.0,,1081.0
-337.0,90.0,,-1.0,-65.0,-873.0,-7.0,-485.0,,1052.0
-259.0,75.0,,73.0,-45.0,-1071.0,-6.0,-273.0,,1006.0
-280.0,-52.0,,79.0,-33.0,-1148.0,-11.0,-406.0,,950.0
-305.0,-136.0,,84.0,-13.0,-994.0,-22.0,-391.0,,891.0
-187.0,-143.0,,81.0,-45.0,-813.0,-33.0,-434.0,,837.0
-131.0,-256.0,,61.0,-38.0,-657.0,-42.0,-537.0,,791.0
-185.0,-444.0,,102.0,-23.0,-486.0,-40.0,-450.0,,745.0
-228.0,-513.0,,113.0,-82.0,-220.0,-31.0,-657.0,,705.0
-121.0,-402.0,,227.0,-117.0,-193.0,-28.0,-458.0,,675.0
-78.0,-286.0,,249.0,-163.0,-210.0,-30.0,-482.0,,654.0
-161.0,-230.0,,204.0,-232.0,-176.0,-55.0,-473.0,,641.0
-92.0,-129.0,,267.0,-207.0,-310.0,-77.0,-478.0,,628.0
-32.0,35.0,,274.0,-188.0,-699.0,-93.0,-705.0,,610.0
-41.0,114.0,,260.0,-190.0,-813.0,-92.0,-482.0,,568.0
-100.0,97.0,,307.0,-148.0,-565.0,-77.0,-480.0,,523.0
-75.0,132.0,,396.0,-156.0,-497.0,-76.0,-247.0,,478.0
-81.0,193.0,,394.0,-169.0,-786.0,-52.0,-147.0,,421.0
-137.0,161.0,,352.0,-146.0,-923.0,-28.0,-11.0,,355.0
-104.0,-1.0,,395.0,-159.0,-715.0,3.0,404.0,,286.0
-160.0,-64.0,,491.0,-125.0,-782.0,18.0,412.0,,203.0
-126.0,-29.0,,494.0,-47.0,-1026.0,-14.0,582.0,,96.0
-138.0,-86.0,,506.0,-1.0,-1220.0,-29.0,417.0,,-5.0
-142.0,-235.0,,595.0,79.0,-1250.0,-51.0,376.0,,-94.0
-154.0,-277.0,,525.0,126.0,-1422.0,-83.0,358.0,,-169.0
-151.0,-93.0,,508.0,125.0,-1724.0,-113.0,36.0,,-223.0
-136.0,-4.0,,505.0,182.0,-1724.0,-129.0,-94.0,,-245.0
-223.0,-57.0,,428.0,202.0,-1598.0,-116.0,-522.0,,-250.0
-160.0,40.0,,387.0,168.0,-1449.0,-123.0,-509.0,,-252.0
-201.0,331.0,,325.0,149.0,-1341.0,-144.0,-437.0,,-239.0
-251.0,462.0,,375.0,92.0,-1137.0,-204.0,-260.0,,-238.0
-277.0,393.0,,469.0,71.0,-1000.0,-263.0,162.0,,-251.0
-210.0,443.0,,463.0,100.0,-851.0,-286.0,245.0,,-286.0
-187.0,566.0,,380.0,48.0,-574.0,-315.0,565.0,,-344.0
-291.0,587.0,,325.0,-2.0,-504.0,-311.0,552.0,,-407.0
-219.0,422.0,,303.0,-50.0,-610.0,-331.0,642.0,,-478.0
-198.0,243.0,,297.0,-154.0,-792.0,-355.0,681.0,,-544.0
-168.0,129.0,,374.0,-205.0,-911.0,-344.0,546.0,,-597.0
-166.0,-77.0,,373.0,-274.0,-1010.0,-328.0,685.0,,-646.0
-138.0,-321.0,,349.0,-364.0,-1164.0,-276.0,502.0,,-689.0
-143.0,-364.0,,407.0,-368.0,-1243.0,-268.0,644.0,,-717.0
-143.0,-245.0,,458.0,-388.0,-1078.0,-281.0,596.0,,-735.0
-33.0,-161.0,,446.0,-418.0,-899.0,-330.0,535.0,,-740.0
-95.0,-146.0,,397.0,-358.0,-773.0,-422.0,582.0,,-739.0
-181.0,-95.0,,405.0,-298.0,-519.0,-465.0,358.0,,-718.0
-185.0,49.0,,349.0,-227.0,-251.0,-493.0,445.0,,-671.0
-108.0,59.0,,310.0,-113.0,32.0,-487.0,273.0,,-593.0
-118.0,-109.0,,302.0,-65.0,125.0,-492.0,371.0,,-485.0
-177.0,-311.0,,332.0,0.0,54.0,-493.0,341.0,,-381.0
-149.0,-452.0,,454.0,92.0,-126.0,-499.0,75.0,,-264.0
-165.0,-520.0,,474.0,95.0,-388.0,-536.0,73.0,,-164.0
-163.0,-557.0,,470.0,110.0,-534.0,-548.0,-18.0,,-76.0
-186.0,-509.0,,451.0,111.0,-834.0,-581.0,306.0,,18.0
-215.0,-437.0,,448.0,63.0,-1232.0,-590.0,339.0,,122.0
-223.0,-405.0,,439.0,93.0,-1496.0,-582.0,338.0,,239.0
-230.0,-374.0,,436.0,112.0,-1694.0,-598.0,303.0,,335.0
-274.0,-230.0,,422.0,100.0,-1846.0,-631.0,49.0,,427.0
-339.0,-24.0,,356.0,156.0,-2050.0,-671.0,145.0,,503.0
-290.0,91.0,,384.0,184.0,-2005.0,-686.0,53.0,,567.0
-303.0,146.0,,353.0,199.0,-1690.0,-687.0,262.0,,636.0
-388.0,224.0,,265.0,235.0,-1404.0,-666.0,319.0,,695.0
-350.0,283.0,,259.0,210.0,-1172.0,-643.0,216.0,,762.0
-287.0,276.0,,332.0,234.0,-1101.0,-649.0,214.0,,828.0
-354.0,272.0,,420.0,296.0,-857.0,-652.0,31.0,,878.0
-359.0,236.0,,498.0,275.0,-380.0,-646.0,234.0,,923.0
-250.0,157.0,,540.0,252.0,-55.0,-643.0,138.0,,944.0
-275.0,9.0,,565.0,200.0,-135.0,-608.0,53.0,,923.0
-360.0,-126.0,,688.0,93.0,-444.0,-568.0,-66.0,,886.0
-286.0,-142.0,,818.0,49.0,-714.0,-538.0,-162.0,,826.0
-209.0,-201.0,,941.0,6.0,-871.0,-527.0,177.0,,761.0
-278.0,-284.0,,1052.0,-33.0,-1013.0,-556.0,338.0,,696.0
-299.0,-242.0,,1084.0,-4.0,-1360.0,-572.0,761.0,,629.0
-246.0,-68.0,,1095.0,-38.0,-1505.0,-571.0,825.0,,571.0
-201.0,106.0,,1089.0,-91.0,-1343.0,-552.0,796.0,,496.0
-241.0,168.0,,1134.0,-102.0,-1020.0,-506.0,851.0,,429.0
-232.0,229.0,,1134.0,-157.0,-711.0,-466.0,711.0,,362.0
-211.0,300.0,,1099.0,-156.0,-352.0,-438.0,979.0,,278.0
-198.0,279.0,,1096.0,-137.0,77.0,-413.0,1003.0,,199.0
-157.0,185.0,,1083.0,-177.0,137.0,-397.0,1136.0,,113.0
-206.0,126.0,,1115.0,-157.0,-45.0,-386.0,1051.0,,18.0
-233.0,97.0,,1176.0,-150.0,-263.0,-373.0,788.0,,-79.0
-256.0,-38.0,,1213.0,-179.0,-292.0,-364.0,678.0,,-188.0
-234.0,-191.0,,1175.0,-159.0,-261.0,-358.0,297.0,,-305.0
-291.0,-192.0,,1207.0,-175.0,-283.0,-377.0,315.0,,-423.0
-317.0,-58.0,,1209.0,-207.0,-350.0,-411.0,179.0,,-545.0
-333.0,20.0,,1245.0,-206.0,-559.0,-444.0,251.0,,-664.0
-426.0,13.0,,1271.0,-248.0,-721.0,-464.0,467.0,,-784.0
-432.0,144.0,,1214.0,-251.0,-688.0,-447.0,413.0,,-907.0
-427.0,295.0,,1274.0,-204.0,-473.0,-421.0,482.0,,-999.0
-471.0,273.0,,1185.0,-210.0,-348.0,-399.0,168.0,,-1070.0
-597.0,209.0,,1069.0,-191.0,-246.0,-384.0,79.0,,-1124.0
-537.0,315.0,,1038.0,-154.0,-183.0,-373.0,-94.0,,-1149.0
-532.0,472.0,,1013.0,-149.0,-189.0,-367.0,-192.0,,-1167.0
-618.0,397.0,,935.0,-91.0,-233.0,-349.0,-84.0,,-1172.0
-589.0,218.0,,859.0,-53.0,-207.0,-321.0,-218.0,,-1160.0
-536.0,165.0,,898.0,-67.0,-10.0,-286.0,-49.0,,-1128.0
-551.0,168.0,,906.0,-33.0,-16.0,-263.0,-271.0,,-1080.0
-629.0,58.0,,934.0,-34.0,-160.0,-313.0,-412.0,,-1017.0
-532.0,-61.0,,919.0,-52.0,-267.0,-367.0,-509.0,,-920.0
-512.0,-67.0,,881.0,-8.0,-179.0,-364.0,-679.0,,-806.0
-521.0,-1.0,,827.0,1.0,-160.0,-321.0,-448.0,,-689.0
-473.0,45.0,,803.0,16.0,-242.0,-239.0,-413.0,,-584.0
-410.0,51.0,,837.0,26.0,-98.0,-183.0,-210.0,,-494.0
-384.0,137.0,,767.0,-62.0,-8.0,-172.0,-304.0,,-419.0
-374.0,229.0,,788.0,-110.0,99.0,-172.0,-330.0,,-372.0
-289.0,172.0,,805.0,-91.0,146.0,-177.0,-218.0,,-349.0
-276.0,30.0,,653.0,-99.0,223.0,-157.0,-332.0,,-334.0
-220.0,-25.0,,602.0,-75.0,326.0,-134.0,-173.0,,-322.0
-193.0,-4.0,,640.0,-83.0,237.0,-148.0,-356.0,,-320.0
-144.0,-45.0,,637.0,-118.0,239.0,-148.0,-245.0,,-322.0
-78.0,-107.0,,678.0,-83.0,369.0,-137.0,-158.0,,-323.0
-2.0,-93.0,,688.0,-97.0,528.0,-130.0,-330.0,,-326.0
65.0,-57.0,,675.0,-142.0,472.0,-130.0,-515.0,,-320.0
90.0,-106.0,,685.0,-130.0,443.0,-154.0,-1097.0,,-283.0
215.0,-205.0,,677.0,-158.0,603.0,-188.0,-1182.0,,-216.0
214.0,-179.0,,649.0,-187.0,540.0,-213.0,-1121.0,,-127.0
172.0,-119.0,,633.0,-173.0,288.0,-219.0,-740.0,,-37.0
243.0,-196.0,,637.0,-166.0,150.0,-223.0,-304.0,,57.0
316.0,-205.0,,633.0,-103.0,291.0,-194.0,-242.0,,145.0
237.0,-56.0,,737.0,-26.0,436.0,-180.0,-109.0,,208.0
190.0,124.0,,812.0,-6.0,465.0,-206.0,-391.0,,266.0
313.0,270.0,,816.0,52.0,523.0,-224.0,-338.0,,299.0
298.0,427.0,,816.0,91.0,607.0,-263.0,-256.0,,306.0
217.0,571.0,,761.0,67.0,661.0,-297.0,-55.0,,317.0
215.0,534.0,,590.0,73.0,696.0,-325.0,306.0,,309.0
236.0,400.0,,520.0,54.0,847.0,-323.0,97.0,,294.0
168.0,317.0,,535.0,46.0,999.0,-315.0,72.0,,268.0
117.0,276.0,,405.0,101.0,949.0,-334.0,-92.0,,208.0
104.0,181.0,,440.0,93.0,809.0,-343.0,18.0,,130.0
37.0,58.0,,501.0,85.0,707.0,-371.0,118.0,,47.0
76.0,82.0,,458.0,118.0,634.0,-389.0,-40.0,,-30.0
94.0,224.0,,469.0,95.0,607.0,-398.0,-72.0,,-113.0
3.0,354.0,,508.0,86.0,609.0,-395.0,-445.0,,-192.0
-28.0,394.0,,473.0,89.0,684.0,-372.0,-356.0,,-261.0
35.0,485.0,,515.0,51.0,702.0,-349.0,-314.0,,-327.0
80.0,566.0,,580.0,33.0,618.0,-310.0,-210.0,,-403.0
29.0,417.0,,516.0,-30.0,599.0,-297.0,-36.0,,-484.0
36.0,194.0,,517.0,-136.0,602.0,-322.0,-271.0,,-553.0
50.0,43.0,,495.0,-154.0,571.0,-363.0,-330.0,,-629.0
21.0,-21.0,,503.0,-151.0,624.0,-410.0,-739.0,,-693.0
45.0,-175.0,,515.0,-123.0,821.0,-444.0,-934.0,,-741.0
69.0,-429.0,,500.0,-47.0,784.0,-440.0,-1062.0,,-776.0
72.0,-576.0,,464.0,-43.0,592.0,-403.0,-1056.0,,-787.0
81.0,-588.0,,349.0,-62.0,405.0,-375.0,-722.0,,-786.0
135.0,-610.0,,370.0,-74.0,156.0,-389.0,-724.0,,-750.0
117.0,-681.0,,488.0,-152.0,104.0,-421.0,-578.0,,-680.0
108.0,-581.0,,484.0,-207.0,189.0,-447.0,-689.0,,-601.0
220.0,-380.0,,470.0,-229.0,330.0,-450.0,-600.0,,-519.0
236.0,-254.0,,515.0,-250.0,396.0,-429.0,-408.0,,-435.0
192.0,-225.0,,438.0,-198.0,321.0,-400.0,-415.0,,-359.0
220.0,-194.0,,271.0,-149.0,313.0,-382.0,-356.0,,-312.0
321.0,-122.0,,230.0,-113.0,321.0,-401.0,-737.0,,-288.0
330.0,-89.0,,191.0,-9.0,221.0,-436.0,-702.0,,-285.0
293.0,-95.0,,117.0,38.0,93.0,-465.0,-593.0,,-312.0
352.0,-136.0,,152.0,20.0,-12.0,-466.0,-448.0,,-370.0
403.0,-146.0,,169.0,43.0,-156.0,-442.0,-251.0,,-431.0
403.0,-249.0,,217.0,46.0,-396.0,-435.0,-456.0,,-501.0
362.0,-379.0,,205.0,38.0,-609.0,-436.0,-373.0,,-610.0
362.0,-342.0,,140.0,53.0,-689.0,-448.0,-378.0,,-728.0
344.0,-231.0,,122.0,0.0,-765.0,-465.0,33.0,,-849.0
342.0,-160.0,,69.0,-52.0,-770.0,-469.0,545.0,,-968.0
358.0,-155.0,,47.0,-82.0,-721.0,-469.0,766.0,,-1061.0
321.0,-95.0,,51.0,-146.0,-732.0,-447.0,892.0,,-1134.0
316.0,12.0,,45.0,-165.0,-641.0,-417.0,530.0,,-1195.0
279.0,34.0,,-25.0,-189.0,-437.0,-401.0,482.0,,-1240.0
263.0,-65.0,,-51.0,-241.0,-45.0,-380.0,317.0,,-1261.0
271.0,-138.0,,-74.0,-233.0,179.0,-340.0,280.0,,-1274.0
275.0,-126.0,,-66.0,-237.0,101.0,-316.0,293.0,,-1257.0
233.0,-122.0,,-35.0,-215.0,348.0,-314.0,79.0,,-1235.0
182.0,-145.0,,-122.0,-138.0,555.0,-313.0,304.0,,-1217.0
232.0,-165.0,,-96.0,-133.0,499.0,-321.0,266.0,,-1180.0
255.0,-203.0,,-89.0,-130.0,295.0,-325.0,511.0,,-1154.0
251.0,-303.0,,-186.0,-110.0,54.0,-330.0,670.0,,-1122.0
228.0,-370.0,,-226.0,-109.0,35.0,-364.0,519.0,,-1091.0
256.0,-411.0,,-258.0,-52.0,-79.0,-397.0,351.0,,-1062.0
274.0,-466.0,,-378.0,-26.0,-73.0,-426.0,-223.0,,-1021.0
315.0,-520.0,,-453.0,-51.0,120.0,-421.0,-365.0,,-995.0
431.0,-527.0,,-456.0,-16.0,367.0,-388.0,-369.0,,-972.0
446.0,-467.0,,-584.0,-13.0,444.0,-381.0,48.0,,-949.0
486.0,-426.0,,-648.0,-31.0,274.0,-378.0,469.0,,-923.0
575.0,-415.0,,-602.0,-12.0,232.0,-407.0,389.0,,-899.0
675.0,-396.0,,-528.0,-31.0,205.0,-433.0,286.0,,-880.0
730.0,-346.0,,-439.0,-11.0,411.0,-450.0,-210.0,,-852.0
794.0,-391.0,,-431.0,33.0,634.0,-472.0,-262.0,,-834.0
915.0,-541.0,,-509.0,22.0,682.0,-479.0,-125.0,,-834.0
958.0,-617.0,,-549.0,39.0,729.0,-489.0,125.0,,-840.0
1007.0,-515.0,,-557.0,23.0,895.0,-493.0,371.0,,-839.0
1049.0,-344.0,,-592.0,-29.0,1218.0,-536.0,177.0,,-834.0
1085.0,-262.0,,-498.0,-13.0,1017.0,-576.0,321.0,,-832.0
1103.0,-142.0,,-371.0,-41.0,554.0,-578.0,406.0,,-825.0
1134.0,107.0,,-297.0,-69.0,321.0,-564.0,729.0,,-814.0
1145.0,351.0,,-220.0,-34.0,191.0,-530.0,846.0,,-811.0
1100.0,376.0,,-197.0,-41.0,-20.0,-516.0,646.0,,-837.0
1121.0,240.0,,-186.0,-7.0,-306.0,-545.0,559.0,,-874.0
1102.0,160.0,,-96.0,55.0,-417.0,-572.0,129.0,,-917.0
1055.0,53.0,,-3.0,59.0,-277.0,-551.0,232.0,,-980.0
1034.0,-106.0,,44.0,80.0,-85.0,-511.0,280.0,,-1029.0
1019.0,-175.0,,49.0,39.0,-193.0,-449.0,362.0,,-1077.0
971.0,-117.0,,23.0,-52.0,-307.0,-412.0,539.0,,-1109.0
930.0,-74.0,,2.0,-40.0,-162.0,-405.0,310.0,,-1129.0
950.0,-135.0,,-131.0,-35.0,134.0,-391.0,415.0,,-1156.0
937.0,-129.0,,-258.0,-37.0,255.0,-380.0,345.0,,-1162.0
898.0,14.0,,-308.0,-11.0,171.0,-347.0,570.0,,-1154.0
892.0,134.0,,-318.0,-51.0,101.0,-309.0,777.0,,-1143.0
919.0,104.0,,-332.0,-49.0,-1.0,-278.0,729.0,,-1116.0
894.0,48.0,,-389.0,-50.0,-155.0,-272.0,822.0,,-1073.0
881.0,117.0,,-356.0,-116.0,-401.0,-262.0,539.0,,-1023.0
926.0,187.0,,-369.0,-98.0,-641.0,-212.0,642.0,,-983.0
932.0,203.0,,-408.0,-74.0,-914.0,-168.0,729.0,,-953.0
931.0,233.0,,-410.0,-68.0,-1090.0,-132.0,934.0,,-914.0
920.0,293.0,,-430.0,13.0,-1198.0,-101.0,1202.0,,-869.0
905.0,348.0,,-412.0,54.0,-1471.0,-76.0,1149.0,,-816.0
876.0,349.0,,-438.0,77.0,-1793.0,-53.0,1302.0,,-742.0
862.0,409.0,,-482.0,104.0,-1797.0,-41.0,1114.0,,-648.0
862.0,539.0,,-520.0,33.0,-1576.0,-16.0,1165.0,,-538.0
795.0,557.0,,-534.0,-8.0,-1504.0,11.0,1071.0,,-433.0
763.0,460.0,,-555.0,-22.0,-1454.0,18.0,838.0,,-328.0
723.0,409.0,,-564.0,-80.0,-1290.0,23.0,787.0,,-229.0
680.0,435.0,,-499.0,-52.0,-916.0,52.0,480.0,,-149.0
691.0,403.0,,-527.0,-16.0,-672.0,105.0,515.0,,-82.0
649.0,272.0,,-550.0,-11.0,-655.0,140.0,286.0,,-33.0
587.0,111.0,,-453.0,40.0,-686.0,160.0,260.0,,-1.0
547.0,-2.0,,-356.0,14.0,-745.0,181.0,325.0,,3.0
594.0,-141.0,,-337.0,-44.0,-741.0,190.0,336.0,,-5.0
623.0,-353.0,,-384.0,-65.0,-726.0,196.0,670.0,,-23.0
568.0,-404.0,,-352.0,-145.0,-744.0,212.0,600.0,,-67.0
557.0,-365.0,,-366.0,-169.0,-896.0,221.0,781.0,,-127.0
578.0,-415.0,,-460.0,-160.0,-976.0,202.0,726.0,,-191.0
590.0,-425.0,,-363.0,-208.0,-1071.0,197.0,524.0,,-255.0
576.0,-243.0,,-330.0,-185.0,-1126.0,180.0,223.0,,-299.0
565.0,-9.0,,-314.0,-181.0,-1003.0,179.0,-308.0,,-321.0
551.0,-5.0,,-159.0,-223.0,-790.0,218.0,-169.0,,-331.0
555.0,-69.0,,-156.0,-216.0,-404.0,260.0,-11.0,,-306.0
594.0,-37.0,,-100.0,-249.0,-233.0,319.0,388.0,,-276.0
585.0,-51.0,,-63.0,-244.0,-152.0,331.0,558.0,,-243.0
546.0,-224.0,,-151.0,-139.0,97.0,331.0,389.0,,-200.0
569.0,-417.0,,-192.0,-63.0,280.0,338.0,273.0,,-175.0
595.0,-420.0,,-95.0,26.0,348.0,334.0,-35.0,,-163.0
575.0,-363.0,,-3.0,109.0,229.0,358.0,118.0,,-165.0
542.0,-326.0,,-71.0,104.0,-12.0,392.0,177.0,,-175.0
528.0,-287.0,,-115.0,121.0,-183.0,380.0,399.0,,-193.0
527.0,-230.0,,-203.0,92.0,-237.0,342.0,585.0,,-226.0
532.0,-201.0,,-159.0,34.0,-285.0,333.0,480.0,,-278.0
544.0,-244.0,,-103.0,78.0,-440.0,339.0,642.0,,-344.0
528.0,-218.0,,-196.0,89.0,-503.0,373.0,572.0,,-429.0
555.0,-86.0,,-195.0,107.0,-263.0,400.0,838.0,,-537.0
576.0,51.0,,-216.0,173.0,68.0,401.0,1060.0,,-644.0
587.0,39.0,,-222.0,165.0,86.0,375.0,1165.0,,-750.0
606.0,-50.0,,-165.0,176.0,32.0,321.0,1335.0,,-840.0
634.0,-45.0,,-140.0,172.0,306.0,287.0,1223.0,,-908.0
641.0,-21.0,,-141.0,99.0,586.0,285.0,1345.0,,-956.0
579.0,-59.0,,-141.0,92.0,667.0,308.0,1197.0,,-986.0
592.0,-67.0,,-131.0,54.0,555.0,309.0,1199.0,,-1032.0
599.0,36.0,,-152.0,-24.0,513.0,283.0,1128.0,,-1081.0
564.0,70.0,,-256.0,-26.0,550.0,243.0,798.0,,-1122.0
530.0,-11.0,,-215.0,-61.0,383.0,214.0,755.0,,-1171.0
521.0,8.0,,-249.0,-99.0,196.0,200.0,522.0,,-1219.0
511.0,156.0,,-450.0,-114.0,189.0,210.0,630.0,,-1269.0
449.0,223.0,,-395.0,-182.0,281.0,229.0,642.0,,-1326.0
398.0,170.0,,-385.0,-182.0,194.0,215.0,591.0,,-1382.0
351.0,228.0,,-511.0,-157.0,129.0,198.0,622.0,,-1440.0
328.0,413.0,,-559.0,-209.0,340.0,185.0,373.0,,-1488.0
288.0,491.0,,-536.0,-179.0,641.0,185.0,312.0,,-1517.0
232.0,439.0,,-565.0,-104.0,790.0,201.0,22.0,,-1524.0
194.0,390.0,,-723.0,-23.0,872.0,222.0,51.0,,-1506.0
200.0,345.0,,-702.0,123.0,978.0,232.0,110.0,,-1465.0
229.0,219.0,,-620.0,169.0,1001.0,215.0,55.0,,-1404.0
199.0,38.0,,-605.0,176.0,1076.0,196.0,164.0,,-1337.0
167.0,-61.0,,-615.0,177.0,1197.0,207.0,-90.0,,-1283.0
162.0,-85.0,,-646.0,61.0,1218.0,251.0,-46.0,,-1222.0
151.0,-103.0,,-558.0,9.0,1039.0,301.0,-114.0,,-1133.0
130.0,-133.0,,-683.0,-3.0,1029.0,353.0,11.0,,-1047.0
132.0,-155.0,,-900.0,-48.0,1216.0,373.0,249.0,,-949.0
128.0,-156.0,,-952.0,-21.0,1254.0,329.0,186.0,,-823.0
110.0,-137.0,,-965.0,-27.0,1160.0,274.0,497.0,,-690.0
125.0,-106.0,,-966.0,-49.0,1051.0,224.0,585.0,,-565.0
128.0,-79.0,,-1001.0,-1.0,1179.0,199.0,814.0,,-464.0
116.0,-19.0,,-1004.0,-3.0,1314.0,234.0,711.0,,-400.0
101.0,18.0,,-1001.0,-6.0,1407.0,284.0,356.0,,-378.0
88.0,-4.0,,-1033.0,0.0,1522.0,305.0,327.0,,-368.0
96.0,-4.0,,-1020.0,-62.0,1780.0,296.0,194.0,,-369.0
89.0,7.0,,-980.0,-28.0,2216.0,277.0,452.0,,-376.0
99.0,-45.0,,-950.0,37.0,2454.0,253.0,430.0,,-364.0
93.0,-47.0,,-780.0,18.0,2648.0,247.0,441.0,,-355.0
95.0,22.0,,-855.0,47.0,2782.0,258.0,406.0,,-334.0
162.0,61.0,,-933.0,64.0,2900.0,254.0,99.0,,-303.0
179.0,41.0,,-776.0,81.0,3142.0,251.0,151.0,,-277.0
143.0,27.0,,-761.0,120.0,3365.0,222.0,96.0,,-236.0
124.0,121.0,,-806.0,64.0,3304.0,195.0,441.0,,-183.0
144.0,183.0,,-841.0,64.0,3102.0,204.0,511.0,,-115.0
134.0,149.0,,-677.0,129.0,3297.0,211.0,363.0,,-35.0
74.0,154.0,,-723.0,103.0,3696.0,225.0,363.0,,37.0
24.0,279.0,,-822.0,111.0,3867.0,197.0,182.0,,123.0
-14.0,367.0,,-792.0,118.0,3530.0,156.0,434.0,,212.0
-36.0,302.0,,-828.0,74.0,3279.0,136.0,463.0,,288.0
-74.0,263.0,,-866.0,80.0,3449.0,124.0,652.0,,370.0
-132.0,280.0,,-904.0,10.0,3459.0,155.0,812.0,,446.0
-188.0,255.0,,-808.0,-38.0,3144.0,194.0,840.0,,518.0
-227.0,143.0,,-744.0,-3.0,2880.0,224.0,1141.0,,582.0
-274.0,47.0,,-719.0,-71.0,3056.0,215.0,1073.0,,634.0
-348.0,15.0,,-810.0,-86.0,3067.0,173.0,1176.0,,671.0
-383.0,-62.0,,-791.0,-35.0,2771.0,129.0,1006.0,,698.0
-392.0,-195.0,,-743.0,-20.0,2558.0,99.0,824.0,,730.0
-431.0,-268.0,,-863.0,44.0,2567.0,93.0,733.0,,738.0
-482.0,-307.0,,-858.0,44.0,2657.0,122.0,450.0,,745.0
-515.0,-375.0,,-787.0,17.0,2433.0,175.0,463.0,,740.0
-520.0,-406.0,,-792.0,79.0,2162.0,187.0,153.0,,703.0
-518.0,-327.0,,-784.0,79.0,1940.0,215.0,77.0,,669.0
-490.0,-166.0,,-729.0,75.0,1907.0,247.0,31.0,,609.0
-472.0,-118.0,,-674.0,122.0,1879.0,253.0,77.0,,549.0
-509.0,-111.0,,-576.0,139.0,1345.0,277.0,299.0,,493.0
-520.0,0.0,,-554.0,218.0,966.0,269.0,133.0,,426.0
-492.0,119.0,,-633.0,250.0,1107.0,238.0,319.0,,354.0
-443.0,87.0,,-764.0,188.0,1241.0,191.0,315.0,,260.0
-428.0,-32.0,,-739.0,202.0,1237.0,147.0,400.0,,169.0
-454.0,-55.0,,-644.0,206.0,1377.0,159.0,469.0,,91.0
-446.0,-90.0,,-654.0,206.0,1826.0,200.0,339.0,,31.0
-392.0,-227.0,,-657.0,244.0,2240.0,267.0,421.0,,0.0
-336.0,-350.0,,-595.0,182.0,2388.0,349.0,153.0,,7.0
-346.0,-260.0,,-660.0,124.0,2606.0,408.0,90.0,,35.0
-380.0,-145.0,,-760.0,113.0,2855.0,439.0,-267.0,,89.0
-355.0,-186.0,,-539.0,34.0,2929.0,434.0,-543.0,,155.0
-315.0,-199.0,,-520.0,9.0,2698.0,417.0,-558.0,,218.0
-336.0,-111.0,,-650.0,-6.0,2218.0,377.0,-687.0,,285.0
-384.0,-20.0,,-475.0,-49.0,1914.0,338.0,-280.0,,333.0
-384.0,-115.0,,-400.0,-17.0,1627.0,367.0,-157.0,,375.0
-356.0,-211.0,,-505.0,-69.0,1365.0,403.0,134.0,,405.0
-375.0,-177.0,,-469.0,-99.0,1332.0,438.0,323.0,,430.0
-397.0,-104.0,,-483.0,-14.0,1255.0,449.0,236.0,,447.0
-395.0,-95.0,,-473.0,-31.0,1083.0,432.0,363.0,,450.0
-379.0,-86.0,,-409.0,-56.0,962.0,430.0,206.0,,460.0
-375.0,57.0,,-401.0,-81.0,936.0,434.0,354.0,,460.0
-403.0,196.0,,-152.0,-129.0,690.0,458.0,334.0,,438.0
-406.0,347.0,,-162.0,-56.0,359.0,468.0,467.0,,396.0
-380.0,452.0,,-288.0,8.0,163.0,473.0,558.0,,354.0
-338.0,543.0,,-116.0,68.0,89.0,484.0,282.0,,301.0
-365.0,586.0,,-110.0,179.0,114.0,504.0,327.0,,254.0
-390.0,484.0,,-102.0,167.0,-73.0,554.0,48.0,,226.0
-391.0,426.0,,-128.0,152.0,-102.0,623.0,24.0,,213.0
-366.0,420.0,,-244.0,218.0,0.0,682.0,-101.0,,239.0
-370.0,427.0,,-296.0,243.0,-24.0,682.0,-192.0,,284.0
-432.0,341.0,,-359.0,310.0,-247.0,634.0,49.0,,360.0
-399.0,266.0,,-337.0,358.0,-824.0,567.0,-60.0,,460.0
-390.0,256.0,,-424.0,352.0,-1160.0,534.0,38.0,,561.0
-378.0,213.0,,-393.0,391.0,-1291.0,562.0,-147.0,,659.0
-431.0,146.0,,-318.0,345.0,-1470.0,611.0,-206.0,,737.0
-484.0,58.0,,-405.0,284.0,-1609.0,654.0,-338.0,,798.0
-487.0,21.0,,-408.0,281.0,-1644.0,690.0,-796.0,,852.0
-521.0,-47.0,,-472.0,201.0,-1504.0,696.0,-1036.0,,892.0
-506.0,-75.0,,-499.0,159.0,-1377.0,685.0,-1396.0,,920.0
-562.0,-72.0,,-407.0,142.0,-1160.0,684.0,-1225.0,,958.0
-566.0,-78.0,,-238.0,53.0,-1140.0,722.0,-1156.0,,987.0
-581.0,-71.0,,-225.0,0.0,-1239.0,776.0,-1140.0,,1005.0
-594.0,-86.0,,-176.0,-81.0,-1302.0,791.0,-966.0,,1002.0
-567.0,-17.0,,-190.0,-153.0,-1404.0,745.0,-1104.0,,977.0
-577.0,59.0,,-394.0,-113.0,-1517.0,682.0,-1016.0,,945.0
-550.0,120.0,,-184.0,-127.0,-1845.0,644.0,-1149.0,,898.0
-565.0,106.0,,55.0,-138.0,-1963.0,638.0,-1064.0,,852.0
-553.0,72.0,,-239.0,-94.0,-1978.0,684.0,-1012.0,,807.0
-557.0,59.0,,-543.0,-87.0,-1954.0,705.0,-1058.0,,759.0
-560.0,-30.0,,-187.0,2.0,-2020.0,723.0,-868.0,,734.0
-576.0,-127.0,,-286.0,73.0,-2307.0,730.0,-1010.0,,713.0
-621.0,-206.0,,-494.0,63.0,-2479.0,718.0,-831.0,,700.0
-640.0,-148.0,,-40.0,105.0,-2464.0,754.0,-888.0,,692.0
-662.0,-55.0,,-204.0,76.0,-2348.0,787.0,-1031.0,,679.0
-648.0,-15.0,,-267.0,20.0,-2518.0,824.0,-1119.0,,672.0
-673.0,28.0,,-17.0,18.0,-2555.0,841.0,-1315.0,,654.0
-707.0,57.0,,-128.0,-39.0,-2426.0,828.0,-1073.0,,649.0
-711.0,52.0,,-79.0,-35.0,-2408.0,814.0,-1141.0,,667.0
-699.0,-49.0,,29.0,-3.0,-2485.0,828.0,-1073.0,,699.0
-717.0,-83.0,,-13.0,-50.0,-2487.0,877.0,-1221.0,,752.0
-758.0,-76.0,,-69.0,-24.0,-2330.0,913.0,-1531.0,,813.0
-765.0,-82.0,,-34.0,-10.0,-2378.0,939.0,-1542.0,,888.0
-747.0,-58.0,,-6.0,-46.0,-2588.0,928.0,-1749.0,,975.0
-719.0,-35.0,,41.0,-39.0,-2867.0,902.0,-1529.0,,1053.0
-728.0,-22.0,,56.0,-90.0,-2889.0,897.0,-1413.0,,1119.0
-726.0,-86.0,,3.0,-96.0,-2881.0,896.0,-1206.0,,1181.0
-696.0,-124.0,,39.0,-56.0,-2904.0,927.0,-994.0,,1212.0
-636.0,-55.0,,3.0,-99.0,-2723.0,954.0,-1031.0,,1218.0
-620.0,96.0,,88.0,-80.0,-2580.0,956.0,-875.0,,1201.0
-633.0,234.0,,207.0,-54.0,-2392.0,927.0,-1019.0,,1160.0
-603.0,329.0,,110.0,-99.0,-2170.0,872.0,-912.0,,1109.0
-569.0,386.0,,134.0,-94.0,-2084.0,867.0,-944.0,,1034.0
-535.0,378.0,,208.0,-109.0,-2186.0,891.0,-933.0,,959.0
-549.0,316.0,,199.0,-96.0,-2176.0,941.0,-742.0,,885.0
-534.0,214.0,,217.0,5.0,-1949.0,970.0,-910.0,,800.0
-508.0,187.0,,228.0,13.0,-1782.0,942.0,-816.0,,721.0
-492.0,192.0,,285.0,7.0,-1995.0,900.0,-1018.0,,649.0
-482.0,172.0,,332.0,17.0,-2207.0,858.0,-1114.0,,598.0
-508.0,132.0,,316.0,-17.0,-1873.0,865.0,-1199.0,,559.0
-494.0,105.0,,356.0,29.0,-1567.0,881.0,-1339.0,,530.0
-464.0,120.0,,377.0,48.0,-1492.0,876.0,-1090.0,,529.0
-428.0,101.0,,443.0,32.0,-1587.0,855.0,-1158.0,,543.0
-432.0,34.0,,439.0,56.0,-1596.0,852.0,-1090.0,,563.0
-416.0,-45.0,,470.0,-18.0,-1329.0,857.0,-1291.0,,591.0
-374.0,-72.0,,684.0,-76.0,-1364.0,862.0,-1472.0,,617.0
-338.0,-85.0,,778.0,-61.0,-1331.0,869.0,-1480.0,,648.0
-287.0,-128.0,,680.0,-115.0,-1246.0,841.0,-1637.0,,679.0
-253.0,-193.0,,678.0,-110.0,-1394.0,815.0,-1446.0,,701.0
-221.0,-200.0,,800.0,-72.0,-1333.0,768.0,-1598.0,,722.0
-196.0,-115.0,,726.0,-58.0,-1320.0,718.0,-1537.0,,736.0
-151.0,20.0,,771.0,42.0,-1402.0,698.0,-1520.0,,744.0
-120.0,186.0,,885.0,85.0,-1571.0,708.0,-1701.0,,758.0
-101.0,318.0,,789.0,117.0,-1554.0,740.0,-1733.0,,778.0
-106.0,429.0,,732.0,186.0,-1293.0,760.0,-2047.0,,810.0
-116.0,501.0,,744.0,129.0,-1523.0,747.0,-1969.0,,844.0
-73.0,562.0,,725.0,101.0,-2046.0,724.0,-1982.0,,872.0
-50.0,604.0,,740.0,116.0,-2378.0,690.0,-1814.0,,907.0
-43.0,589.0,,784.0,75.0,-2197.0,625.0,-1633.0,,936.0
-60.0,530.0,,716.0,93.0,-1765.0,585.0,-1771.0,,953.0
-32.0,413.0,,747.0,62.0,-1757.0,543.0,-1679.0,,950.0
-4.0,264.0,,764.0,-33.0,-1702.0,512.0,-1899.0,,941.0
-47.0,77.0,,620.0,-74.0,-1300.0,514.0,-1755.0,,921.0
-82.0,-79.0,,628.0,-129.0,-1152.0,484.0,-1605.0,,880.0
-118.0,-225.0,,588.0,-119.0,-1350.0,426.0,-1494.0,,828.0
-137.0,-399.0,,491.0,-64.0,-1562.0,351.0,-1239.0,,759.0
-187.0,-556.0,,543.0,-83.0,-1617.0,283.0,-1310.0,,675.0
-220.0,-604.0,,596.0,-38.0,-1716.0,251.0,-1110.0,,576.0
-251.0,-528.0,,608.0,-1.0,-2066.0,258.0,-1180.0,,489.0
-308.0,-432.0,,532.0,-24.0,-2357.0,265.0,-1080.0,,412.0
-322.0,-265.0,,591.0,45.0,-2301.0,236.0,-940.0,,347.0
-339.0,-39.0,,681.0,78.0,-1959.0,190.0,-971.0,,301.0
-363.0,113.0,,573.0,81.0,-1706.0,153.0,-785.0,,273.0
-412.0,125.0,,576.0,123.0,-1621.0,145.0,-1066.0,,273.0
-435.0,92.0,,603.0,93.0,-1625.0,147.0,-1127.0,,273.0
-447.0,126.0,,554.0,108.0,-1679.0,125.0,-1263.0,,278.0
-478.0,182.0,,534.0,106.0,-1605.0,71.0,-1396.0,,291.0
-497.0,171.0,,497.0,-19.0,-1517.0,-20.0,-1339.0,,284.0
-504.0,106.0,,522.0,-70.0,-1692.0,-110.0,-1361.0,,261.0
-539.0,68.0,,494.0,-100.0,-2025.0,-155.0,-923.0,,215.0
-537.0,17.0,,441.0,-135.0,-2200.0,-152.0,-753.0,,137.0
-505.0,-85.0,,500.0,-95.0,-2262.0,-99.0,-655.0,,47.0
-553.0,-198.0,,425.0,-105.0,-2466.0,-66.0,-872.0,,-44.0
-580.0,-216.0,,401.0,-60.0,-2821.0,-65.0,-1284.0,,-135.0
-580.0,-95.0,,470.0,31.0,-2875.0,-82.0,-1372.0,,-212.0
-556.0,-12.0,,387.0,7.0,-2880.0,-139.0,-1624.0,,-276.0
-568.0,-15.0,,349.0,19.0,-2992.0,-206.0,-1470.0,,-315.0
-578.0,11.0,,294.0,45.0,-2875.0,-261.0,-1402.0,,-328.0
-558.0,68.0,,253.0,41.0,-2746.0,-304.0,-1330.0,,-305.0
-545.0,62.0,,338.0,115.0,-2588.0,-352.0,-1276.0,,-256.0
-535.0,-13.0,,446.0,124.0,-2420.0,-389.0,-1500.0,,-203.0
-570.0,-28.0,,459.0,71.0,-2265.0,-427.0,-1398.0,,-139.0
-567.0,31.0,,478.0,41.0,-2155.0,-466.0,-1528.0,,-73.0
-580.0,60.0,,587.0,-52.0,-2111.0,-477.0,-1439.0,,-18.0
-547.0,35.0,,627.0,-93.0,-1876.0,-475.0,-1358.0,,29.0
-565.0,9.0,,632.0,-101.0,-1434.0,-480.0,-1202.0,,79.0
-592.0,21.0,,595.0,-198.0,-1314.0,-519.0,-715.0,,129.0
-540.0,9.0,,596.0,-212.0,-1464.0,-587.0,-602.0,,169.0
-522.0,-32.0,,624.0,-191.0,-1435.0,-645.0,-358.0,,198.0
-526.0,19.0,,662.0,-176.0,-1396.0,-682.0,-437.0,,228.0
-557.0,118.0,,709.0,-75.0,-1523.0,-684.0,-421.0,,251.0
-517.0,191.0,,690.0,-61.0,-1728.0,-648.0,-275.0,,259.0
-517.0,316.0,,633.0,-72.0,-1846.0,-654.0,-376.0,,261.0
-533.0,467.0,,671.0,-34.0,-1959.0,-694.0,-247.0,,268.0
-549.0,526.0,,664.0,-82.0,-2064.0,-729.0,-519.0,,268.0
-552.0,416.0,,771.0,-64.0,-2134.0,-751.0,-539.0,,280.0
-559.0,225.0,,800.0,7.0,-1948.0,-721.0,-567.0,,297.0
-599.0,96.0,,513.0,25.0,-1616.0,-691.0,-604.0,,319.0
-623.0,23.0,,591.0,68.0,-1500.0,-664.0,-393.0,,362.0
-656.0,-27.0,,542.0,35.0,-1482.0,-638.0,-633.0,,398.0
-636.0,-81.0,,505.0,-7.0,-1427.0,-655.0,-620.0,,422.0
-666.0,-125.0,,618.0,31.0,-1173.0,-687.0,-652.0,,437.0
-660.0,-136.0,,490.0,5.0,-891.0,-715.0,-415.0,,428.0
-630.0,-124.0,,449.0,3.0,-753.0,-721.0,-77.0,,385.0
-587.0,-93.0,,384.0,70.0,-747.0,-706.0,0.0,,336.0
-577.0,-46.0,,336.0,96.0,-822.0,-700.0,279.0,,284.0
-596.0,25.0,,217.0,172.0,-822.0,-708.0,295.0,,211.0
-530.0,105.0,,214.0,224.0,-669.0,-735.0,620.0,,152.0
-493.0,146.0,,244.0,217.0,-699.0,-780.0,753.0,,97.0
-449.0,126.0,,180.0,252.0,-907.0,-798.0,807.0,,28.0
-446.0,45.0,,158.0,206.0,-934.0,-807.0,925.0,,-46.0
-393.0,-84.0,,110.0,138.0,-950.0,-816.0,655.0,,-103.0
-362.0,-188.0,,123.0,116.0,-972.0,-823.0,740.0,,-134.0
-315.0,-248.0,,112.0,23.0,-991.0,-836.0,521.0,,-146.0
-252.0,-262.0,,121.0,-24.0,-991.0,-856.0,347.0,,-145.0
-276.0,-187.0,,152.0,-35.0,-895.0,-914.0,186.0,,-142.0
-216.0,-63.0,,119.0,-77.0,-753.0,-940.0,42.0,,-121.0
-206.0,-12.0,,153.0,-44.0,-643.0,-948.0,358.0,,-93.0
-184.0,-96.0,,261.0,-42.0,-694.0,-958.0,498.0,,-71.0
-171.0,-223.0,,291.0,-60.0,-897.0,-977.0,877.0,,-52.0
-136.0,-336.0,,442.0,-31.0,-953.0,-1033.0,783.0,,-44.0
-120.0,-374.0,,497.0,-78.0,-785.0,-1054.0,583.0,,-40.0
-173.0,-341.0,,473.0,-104.0,-757.0,-1076.0,622.0,,-39.0
-169.0,-265.0,,515.0,-96.0,-815.0,-1085.0,502.0,,-42.0
-182.0,-117.0,,448.0,-138.0,-792.0,-1081.0,635.0,,-36.0
-166.0,-33.0,,476.0,-83.0,-773.0,-1107.0,325.0,,-18.0
-215.0,-86.0,,447.0,-21.0,-864.0,-1160.0,210.0,,12.0
-234.0,-220.0,,377.0,-20.0,-1041.0,-1204.0,229.0,,70.0
-262.0,-303.0,,310.0,21.0,-1091.0,-1209.0,288.0,,128.0
-292.0,-343.0,,311.0,-12.0,-936.0,-1192.0,561.0,,164.0
-275.0,-428.0,,313.0,-64.0,-655.0,-1125.0,515.0,,191.0
-317.0,-515.0,,235.0,-96.0,-550.0,-1068.0,703.0,,212.0
-335.0,-558.0,,273.0,-188.0,-513.0,-1072.0,563.0,,216.0
-379.0,-501.0,,205.0,-166.0,-391.0,-1110.0,522.0,,196.0
-351.0,-412.0,,91.0,-115.0,-435.0,-1159.0,569.0,,174.0
-360.0,-308.0,,21.0,-153.0,-611.0,-1177.0,467.0,,141.0
-375.0,-123.0,,-7.0,-115.0,-800.0,-1142.0,655.0,,101.0
-357.0,135.0,,8.0,-104.0,-615.0,-1076.0,465.0,,69.0
-405.0,336.0,,-7.0,-105.0,-314.0,-1026.0,667.0,,48.0
-407.0,431.0,,47.0,-36.0,-217.0,-1017.0,916.0,,45.0
-395.0,477.0,,90.0,-38.0,-112.0,-1040.0,1117.0,,42.0
-363.0,473.0,,128.0,-7.0,16.0,-1076.0,1304.0,,49.0
-394.0,407.0,,207.0,44.0,235.0,-1117.0,1019.0,,65.0
-396.0,213.0,,241.0,8.0,222.0,-1100.0,1116.0,,79.0
-384.0,32.0,,212.0,12.0,82.0,-1033.0,1195.0,,91.0
-384.0,-25.0,,204.0,9.0,-116.0,-968.0,1548.0,,93.0
-354.0,-31.0,,306.0,-27.0,-235.0,-928.0,1722.0,,100.0
-374.0,-41.0,,321.0,8.0,-26.0,-928.0,1624.0,,97.0
-378.0,-81.0,,278.0,3.0,208.0,-936.0,1751.0,,88.0
-383.0,-96.0,,288.0,-10.0,441.0,-938.0,1518.0,,74.0
-342.0,-83.0,,157.0,21.0,684.0,-925.0,1666.0,,57.0
-346.0,-58.0,,-16.0,-26.0,1187.0,-891.0,1727.0,,23.0
-357.0,12.0,,28.0,-39.0,1750.0,-861.0,1723.0,,-28.0
-329.0,97.0,,182.0,-28.0,1832.0,-849.0,1600.0,,-75.0
-325.0,89.0,,217.0,-65.0,1669.0,-838.0,1101.0,,-135.0
-322.0,1.0,,76.0,-8.0,1474.0,-835.0,1062.0,,-181.0
-315.0,-48.0,,20.0,34.0,1186.0,-804.0,1018.0,,-228.0
-254.0,-17.0,,126.0,14.0,651.0,-731.0,1226.0,,-256.0
-255.0,29.0,,193.0,12.0,181.0,-662.0,1206.0,,-266.0
-240.0,58.0,,260.0,-74.0,204.0,-628.0,975.0,,-305.0
-192.0,78.0,,256.0,-135.0,446.0,-643.0,990.0,,-334.0
-162.0,79.0,,200.0,-101.0,679.0,-649.0,840.0,,-360.0
-137.0,84.0,,307.0,-108.0,807.0,-629.0,1008.0,,-377.0
-156.0,95.0,,388.0,-56.0,1128.0,-602.0,953.0,,-403.0
-129.0,112.0,,266.0,-1.0,1456.0,-576.0,970.0,,-441.0
-125.0,109.0,,284.0,-28.0,1721.0,-567.0,921.0,,-450.0
-140.0,101.0,,346.0,0.0,2082.0,-566.0,683.0,,-446.0
-156.0,149.0,,313.0,-1.0,2172.0,-543.0,800.0,,-429.0
-168.0,167.0,,193.0,-15.0,2138.0,-487.0,655.0,,-384.0
-164.0,123.0,,130.0,45.0,2126.0,-435.0,824.0,,-325.0
-211.0,111.0,,243.0,43.0,2246.0,-400.0,966.0,,-252.0
-254.0,132.0,,259.0,40.0,2030.0,-366.0,1199.0,,-178.0
-271.0,131.0,,272.0,93.0,1720.0,-310.0,1638.0,,-112.0
-240.0,121.0,,168.0,86.0,1790.0,-272.0,1690.0,,-48.0
-255.0,152.0,,178.0,109.0,2119.0,-263.0,1771.0,,-1.0
-310.0,202.0,,212.0,141.0,2581.0,-258.0,1433.0,,29.0
-283.0,214.0,,122.0,84.0,2574.0,-264.0,1287.0,,56.0
-240.0,166.0,,166.0,87.0,2501.0,-228.0,1188.0,,93.0
-199.0,112.0,,134.0,82.0,2822.0,-187.0,1067.0,,115.0
-167.0,90.0,,-19.0,31.0,2981.0,-164.0,1223.0,,114.0
-124.0,57.0,,-104.0,40.0,2704.0,-136.0,999.0,,125.0
-110.0,30.0,,73.0,3.0,2434.0,-134.0,1112.0,,128.0
-96.0,63.0,,65.0,-26.0,2255.0,-114.0,1108.0,,118.0
-44.0,168.0,,-107.0,31.0,2274.0,-62.0,1180.0,,118.0
-5.0,259.0,,-140.0,45.0,2434.0,5.0,1365.0,,125.0
17.0,249.0,,-85.0,54.0,2559.0,76.0,1300.0,,121.0
34.0,243.0,,-88.0,99.0,2743.0,113.0,1500.0,,102.0
112.0,293.0,,-115.0,84.0,2758.0,79.0,1267.0,,84.0
165.0,354.0,,-125.0,89.0,2890.0,33.0,1169.0,,58.0
231.0,383.0,,-136.0,99.0,3000.0,10.0,1012.0,,28.0
306.0,337.0,,-53.0,71.0,2725.0,11.0,835.0,,2.0
353.0,266.0,,-10.0,129.0,2481.0,71.0,999.0,,-38.0
438.0,171.0,,35.0,192.0,2483.0,110.0,1080.0,,-78.0
467.0,11.0,,-31.0,213.0,2506.0,119.0,1600.0,,-114.0
481.0,-163.0,,83.0,263.0,2511.0,125.0,1783.0,,-154.0
510.0,-235.0,,200.0,240.0,2530.0,124.0,1805.0,,-192.0
578.0,-222.0,,228.0,176.0,2627.0,116.0,1635.0,,-235.0
625.0,-265.0,,286.0,137.0,2998.0,105.0,1298.0,,-283.0
646.0,-353.0,,202.0,59.0,3389.0,102.0,1426.0,,-325.0
709.0,-390.0,,282.0,52.0,3510.0,102.0,1276.0,,-344.0
749.0,-395.0,,249.0,113.0,3423.0,115.0,1239.0,,-341.0
782.0,-399.0,,256.0,98.0,3336.0,127.0,1045.0,,-322.0
772.0,-397.0,,249.0,78.0,3386.0,160.0,975.0,,-291.0
772.0,-443.0,,197.0,62.0,3395.0,179.0,1180.0,,-246.0
768.0,-496.0,,213.0,9.0,3134.0,172.0,1176.0,,-210.0
762.0,-499.0,,79.0,-3.0,2934.0,182.0,1419.0,,-202.0
756.0,-467.0,,195.0,-39.0,3077.0,166.0,1243.0,,-208.0
719.0,-369.0,,242.0,-93.0,3159.0,156.0,1160.0,,-235.0
711.0,-232.0,,198.0,-67.0,2976.0,141.0,1031.0,,-267.0
710.0,-103.0,,247.0,-77.0,2872.0,112.0,796.0,,-301.0
686.0,7.0,,131.0,-127.0,3092.0,107.0,968.0,,-348.0
625.0,22.0,,40.0,-156.0,3147.0,126.0,897.0,,-392.0
606.0,22.0,,24.0,-253.0,2889.0,155.0,1075.0,,-435.0
607.0,102.0,,71.0,-317.0,2595.0,180.0,1036.0,,-475.0
587.0,149.0,,88.0,-310.0,2280.0,197.0,977.0,,-514.0
552.0,112.0,,110.0,-328.0,2058.0,173.0,949.0,,-551.0
528.0,-7.0,,98.0,-277.0,1887.0,137.0,589.0,,-580.0
532.0,-107.0,,-16.0,-188.0,1786.0,121.0,537.0,,-613.0
518.0,-172.0,,-87.0,-138.0,2007.0,110.0,363.0,,-621.0
524.0,-223.0,,-108.0,-38.0,2329.0,128.0,567.0,,-633.0
531.0,-242.0,,-85.0,49.0,2234.0,111.0,715.0,,-664.0
543.0,-255.0,,20.0,67.0,2116.0,82.0,683.0,,-673.0
550.0,-201.0,,44.0,105.0,2039.0,83.0,796.0,,-654.0
550.0,-181.0,,-30.0,116.0,1621.0,62.0,567.0,,-613.0
569.0,-187.0,,-3.0,114.0,1296.0,47.0,618.0,,-562.0
624.0,-175.0,,6.0,150.0,1275.0,45.0,500.0,,-489.0
668.0,-108.0,,-18.0,129.0,1377.0,59.0,617.0,,-404.0
663.0,-14.0,,-45.0,99.0,1385.0,69.0,916.0,,-319.0
656.0,22.0,,61.0,85.0,1446.0,68.0,1014.0,,-243.0
660.0,89.0,,117.0,24.0,1784.0,54.0,1278.0,,-198.0
669.0,131.0,,68.0,-6.0,1811.0,17.0,1138.0,,-156.0
636.0,96.0,,-45.0,-30.0,1334.0,-12.0,1247.0,,-120.0
636.0,-36.0,,-42.0,-87.0,1134.0,-18.0,1210.0,,-118.0
624.0,-173.0,,106.0,-88.0,1220.0,-13.0,1053.0,,-141.0
585.0,-256.0,,-140.0,-65.0,1032.0,-17.0,1038.0,,-175.0
596.0,-304.0,,-125.0,-73.0,719.0,-23.0,800.0,,-233.0
566.0,-303.0,,-59.0,-66.0,803.0,-31.0,966.0,,-309.0
520.0,-270.0,,-151.0,-111.0,1202.0,-23.0,923.0,,-386.0
483.0,-145.0,,-100.0,-149.0,1234.0,15.0,990.0,,-462.0
492.0,-8.0,,-148.0,-96.0,1115.0,42.0,986.0,,-542.0
488.0,118.0,,-27.0,-96.0,1166.0,76.0,812.0,,-622.0
436.0,247.0,,33.0,-108.0,1076.0,94.0,912.0,,-697.0
427.0,361.0,,90.0,-99.0,864.0,88.0,674.0,,-766.0
426.0,390.0,,66.0,-157.0,700.0,94.0,713.0,,-823.0
442.0,292.0,,62.0,-197.0,619.0,88.0,679.0,,-882.0
463.0,150.0,,65.0,-221.0,361.0,73.0,702.0,,-923.0
427.0,-4.0,,-20.0,-262.0,60.0,57.0,742.0,,-955.0
389.0,-137.0,,76.0,-252.0,177.0,48.0,352.0,,-987.0
431.0,-287.0,,79.0,-228.0,443.0,54.0,118.0,,-1002.0
481.0,-373.0,,52.0,-210.0,329.0,99.0,-412.0,,-993.0
477.0,-314.0,,-75.0,-125.0,162.0,142.0,-650.0,,-952.0
459.0,-202.0,,-95.0,-34.0,377.0,154.0,-776.0,,-885.0
459.0,-120.0,,-165.0,20.0,538.0,156.0,-746.0,,-788.0
467.0,-86.0,,-201.0,79.0,252.0,142.0,-247.0,,-673.0
459.0,-104.0,,-22.0,67.0,-223.0,144.0,1.0,,-550.0
450.0,-165.0,,-110.0,83.0,-498.0,133.0,397.0,,-421.0
406.0,-225.0,,-172.0,173.0,-673.0,126.0,269.0,,-295.0
383.0,-307.0,,-215.0,185.0,-855.0,131.0,-31.0,,-198.0
385.0,-293.0,,-292.0,164.0,-711.0,135.0,-173.0,,-130.0
370.0,-178.0,,-363.0,93.0,-302.0,178.0,-315.0,,-82.0
323.0,-93.0,,-284.0,-35.0,10.0,213.0,-24.0,,-68.0
291.0,0.0,,-194.0,-98.0,355.0,220.0,16.0,,-76.0
333.0,105.0,,-273.0,-155.0,643.0,187.0,192.0,,-107.0
329.0,212.0,,-368.0,-197.0,718.0,151.0,158.0,,-160.0
300.0,297.0,,-425.0,-163.0,810.0,158.0,33.0,,-230.0
317.0,316.0,,-350.0,-150.0,879.0,185.0,60.0,,-325.0
326.0,253.0,,-383.0,-134.0,887.0,222.0,-201.0,,-441.0
330.0,165.0,,-428.0,-66.0,797.0,246.0,-112.0,,-550.0
370.0,88.0,,-506.0,-27.0,532.0,228.0,-345.0,,-642.0
380.0,35.0,,-604.0,-4.0,381.0,183.0,-583.0,,-718.0
395.0,-13.0,,-560.0,-6.0,421.0,130.0,-776.0,,-777.0
447.0,-118.0,,-515.0,-72.0,419.0,97.0,-1064.0,,-817.0
501.0,-129.0,,-495.0,-62.0,227.0,104.0,-968.0,,-832.0
554.0,-76.0,,-404.0,-10.0,106.0,137.0,-958.0,,-840.0
577.0,-90.0,,-380.0,22.0,355.0,163.0,-515.0,,-830.0
619.0,-84.0,,-497.0,91.0,479.0,153.0,-186.0,,-811.0
641.0,-102.0,,-429.0,72.0,354.0,123.0,9.0,,-797.0
692.0,-172.0,,-370.0,8.0,255.0,121.0,38.0,,-773.0
745.0,-275.0,,-474.0,-4.0,232.0,144.0,-419.0,,-738.0
771.0,-367.0,,-591.0,-25.0,320.0,168.0,-513.0,,-700.0
815.0,-411.0,,-705.0,-2.0,301.0,173.0,-740.0,,-660.0
857.0,-408.0,,-654.0,39.0,391.0,151.0,-587.0,,-636.0
897.0,-315.0,,-517.0,39.0,409.0,132.0,-290.0,,-624.0
885.0,-201.0,,-487.0,81.0,63.0,135.0,-188.0,,-602.0
897.0,-92.0,,-508.0,105.0,-316.0,176.0,-20.0,,-590.0
910.0,13.0,,-582.0,77.0,-780.0,213.0,-345.0,,-568.0
902.0,146.0,,-664.0,80.0,-1160.0,206.0,-493.0,,-543.0
911.0,269.0,,-599.0,35.0,-1218.0,190.0,-764.0,,-540.0
918.0,367.0,,-555.0,-2.0,-1089.0,171.0,-827.0,,-535.0
912.0,446.0,,-632.0,37.0,-924.0,182.0,-727.0,,-556.0
888.0,434.0,,-625.0,33.0,-767.0,210.0,-851.0,,-583.0
865.0,352.0,,-571.0,46.0,-504.0,272.0,-578.0,,-611.0
837.0,233.0,,-620.0,77.0,-338.0,333.0,-532.0,,-650.0
806.0,181.0,,-671.0,60.0,-226.0,336.0,-367.0,,-666.0
780.0,166.0,,-642.0,88.0,-34.0,325.0,-448.0,,-666.0
718.0,111.0,,-549.0,113.0,-125.0,288.0,-620.0,,-655.0
636.0,80.0,,-495.0,110.0,-374.0,253.0,-567.0,,-647.0
649.0,95.0,,-488.0,156.0,-460.0,231.0,-912.0,,-633.0
653.0,129.0,,-414.0,155.0,-340.0,229.0,-1010.0,,-608.0
603.0,138.0,,-454.0,126.0,-16.0,249.0,-1322.0,,-580.0
543.0,158.0,,-485.0,164.0,465.0,264.0,-1411.0,,-534.0
546.0,219.0,,-354.0,177.0,953.0,282.0,-1317.0,,-478.0
594.0,279.0,,-288.0,185.0,1330.0,299.0,-1341.0,,-407.0
581.0,329.0,,-449.0,165.0,1491.0,345.0,-1075.0,,-351.0
542.0,351.0,,-622.0,50.0,1373.0,400.0,-1116.0,,-323.0
522.0,286.0,,-494.0,-19.0,1341.0,426.0,-944.0,,-315.0
573.0,202.0,,-440.0,-81.0,1517.0,411.0,-1051.0,,-329.0
596.0,159.0,,-496.0,-169.0,1445.0,354.0,-1217.0,,-361.0
578.0,136.0,,-559.0,-185.0,1032.0,297.0,-1217.0,,-404.0
529.0,115.0,,-629.0,-218.0,798.0,289.0,-1382.0,,-434.0
544.0,68.0,,-553.0,-229.0,834.0,282.0,-1104.0,,-465.0
590.0,-3.0,,-527.0,-148.0,815.0,265.0,-1097.0,,-482.0
563.0,-106.0,,-404.0,-103.0,589.0,274.0,-835.0,,-487.0
574.0,-189.0,,-367.0,-31.0,290.0,297.0,-550.0,,-501.0
582.0,-233.0,,-536.0,92.0,115.0,352.0,-397.0,,-494.0
595.0,-260.0,,-534.0,120.0,46.0,389.0,-68.0,,-488.0
576.0,-244.0,,-539.0,128.0,150.0,407.0,-179.0,,-471.0
563.0,-179.0,,-552.0,119.0,334.0,397.0,-105.0,,-436.0
537.0,-89.0,,-446.0,28.0,523.0,360.0,-275.0,,-403.0
506.0,-59.0,,-410.0,-12.0,575.0,334.0,-262.0,,-360.0
500.0,-106.0,,-469.0,-47.0,584.0,329.0,-127.0,,-327.0
474.0,-132.0,,-520.0,-109.0,720.0,370.0,-195.0,,-295.0
440.0,-163.0,,-445.0,-103.0,630.0,414.0,-11.0,,-255.0
385.0,-225.0,,-389.0,-126.0,477.0,433.0,-279.0,,-228.0
385.0,-268.0,,-480.0,-113.0,533.0,434.0,-291.0,,-201.0
339.0,-296.0,,-504.0,-8.0,633.0,428.0,-417.0,,-165.0
286.0,-319.0,,-453.0,23.0,346.0,443.0,-580.0,,-126.0
255.0,-396.0,,-553.0,58.0,-281.0,472.0,-471.0,,-87.0
231.0,-452.0,,-656.0,108.0,-367.0,492.0,-618.0,,-48.0
210.0,-411.0,,-455.0,114.0,152.0,489.0,-380.0,,-20.0
166.0,-279.0,,-459.0,174.0,464.0,455.0,-474.0,,-12.0
163.0,-106.0,,-650.0,199.0,452.0,417.0,-556.0,,-33.0
111.0,42.0,,-384.0,124.0,725.0,391.0,-618.0,,-67.0
110.0,228.0,,-408.0,51.0,1030.0,398.0,-848.0,,-89.0
127.0,412.0,,-660.0,-27.0,928.0,438.0,-713.0,,-118.0
97.0,554.0,,-524.0,-77.0,534.0,453.0,-844.0,,-136.0
100.0,628.0,,-574.0,-62.0,184.0,469.0,-766.0,,-142.0
112.0,598.0,,-689.0,-110.0,159.0,482.0,-890.0,,-147.0
143.0,485.0,,-660.0,-144.0,45.0,500.0,-1018.0,,-153.0
150.0,367.0,,-680.0,-90.0,-69.0,535.0,-994.0,,-167.0
155.0,258.0,,-691.0,-60.0,-32.0,536.0,-1273.0,,-176.0
139.0,163.0,,-636.0,7.0,187.0,519.0,-1127.0,,-190.0
146.0,135.0,,-611.0,57.0,411.0,470.0,-1073.0,,-194.0
186.0,183.0,,-644.0,8.0,361.0,429.0,-761.0,,-192.0
170.0,298.0,,-529.0,4.0,350.0,408.0,-445.0,,-193.0
125.0,359.0,,-409.0,6.0,177.0,387.0,-351.0,,-198.0
130.0,426.0,,-406.0,-39.0,-68.0,403.0,-70.0,,-218.0
175.0,493.0,,-446.0,-30.0,-320.0,431.0,-153.0,,-235.0
119.0,463.0,,-437.0,-46.0,-715.0,456.0,-92.0,,-251.0
47.0,373.0,,-367.0,-96.0,-1092.0,469.0,-286.0,,-274.0
54.0,232.0,,-354.0,-100.0,-1179.0,467.0,-469.0,,-284.0
30.0,121.0,,-317.0,-151.0,-947.0,462.0,-526.0,,-277.0
-19.0,6.0,,-291.0,-178.0,-719.0,468.0,-794.0,,-257.0
-28.0,-115.0,,-307.0,-172.0,-562.0,453.0,-700.0,,-240.0
-51.0,-209.0,,-368.0,-238.0,-373.0,417.0,-800.0,,-233.0
-89.0,-240.0,,-301.0,-265.0,208.0,386.0,-652.0,,-226.0
-115.0,-153.0,,-166.0,-275.0,686.0,346.0,-585.0,,-243.0
-130.0,-61.0,,-199.0,-272.0,755.0,339.0,-748.0,,-278.0
-168.0,-37.0,,-227.0,-168.0,784.0,353.0,-731.0,,-314.0
-219.0,-40.0,,-247.0,-96.0,834.0,350.0,-999.0,,-337.0
-224.0,-27.0,,-97.0,-53.0,772.0,344.0,-981.0,,-340.0
-250.0,-49.0,,-43.0,61.0,219.0,346.0,-1038.0,,-328.0
-264.0,-109.0,,-79.0,119.0,-363.0,369.0,-851.0,,-306.0
-267.0,-139.0,,22.0,96.0,-612.0,375.0,-513.0,,-288.0
-289.0,-168.0,,-45.0,82.0,-714.0,360.0,-362.0,,-269.0
-322.0,-210.0,,-11.0,16.0,-773.0,336.0,11.0,,-249.0
-320.0,-254.0,,44.0,-34.0,-767.0,271.0,-53.0,,-207.0
-279.0,-251.0,,-23.0,-35.0,-744.0,223.0,68.0,,-145.0
-304.0,-204.0,,-41.0,-45.0,-899.0,213.0,-11.0,,-73.0
-342.0,-183.0,,-65.0,27.0,-801.0,214.0,-280.0,,13.0
-356.0,-177.0,,-88.0,80.0,-523.0,217.0,-301.0,,103.0
-353.0,-157.0,,-156.0,65.0,-613.0,196.0,-511.0,,179.0
-390.0,-91.0,,-116.0,62.0,-947.0,174.0,-327.0,,237.0
-400.0,-53.0,,-6.0,-1.0,-1160.0,133.0,-365.0,,276.0
-413.0,-65.0,,-22.0,-18.0,-1083.0,84.0,-321.0,,295.0
-445.0,-96.0,,84.0,61.0,-1066.0,59.0,-229.0,,297.0
-444.0,-122.0,,159.0,98.0,-1277.0,30.0,-286.0,,285.0
-460.0,-102.0,,128.0,119.0,-1262.0,7.0,-35.0,,248.0
-466.0,-116.0,,167.0,139.0,-1040.0,22.0,-90.0,,203.0
-470.0,-156.0,,89.0,122.0,-934.0,52.0,57.0,,161.0
-437.0,-169.0,,69.0,140.0,-1033.0,44.0,-38.0,,103.0
-466.0,-168.0,,171.0,146.0,-1204.0,18.0,-258.0,,51.0
-471.0,-209.0,,-6.0,83.0,-1147.0,-12.0,-373.0,,14.0
-424.0,-239.0,,-87.0,53.0,-1044.0,-60.0,-672.0,,-18.0
-426.0,-193.0,,268.0,-3.0,-1120.0,-92.0,-478.0,,-47.0
-433.0,-121.0,,367.0,-75.0,-1235.0,-70.0,-509.0,,-67.0
-418.0,3.0,,177.0,-97.0,-1341.0,-42.0,-506.0,,-66.0
-379.0,136.0,,249.0,-192.0,-1573.0,-34.0,-604.0,,-58.0
-401.0,265.0,,321.0,-251.0,-1978.0,-38.0,-859.0,,-50.0
-414.0,370.0,,-9.0,-220.0,-2385.0,-48.0,-811.0,,-44.0
-389.0,385.0,,30.0,-217.0,-2520.0,-35.0,-929.0,,-40.0
-326.0,382.0,,288.0,-146.0,-2563.0,-37.0,-652.0,,-40.0
-310.0,386.0,,151.0,-66.0,-2742.0,-12.0,-546.0,,-30.0
-285.0,363.0,,184.0,-79.0,-2742.0,31.0,-513.0,,-9.0
-253.0,331.0,,175.0,-76.0,-2527.0,32.0,-432.0,,22.0
-218.0,292.0,,136.0,-81.0,-2217.0,8.0,-533.0,,63.0
-170.0,267.0,,10.0,-36.0,-1861.0,-17.0,-256.0,,102.0
-200.0,292.0,,-94.0,98.0,-1494.0,-21.0,-243.0,,139.0
-196.0,323.0,,156.0,151.0,-1196.0,-3.0,-73.0,,164.0
-227.0,303.0,,210.0,177.0,-1141.0,30.0,0.0,,177.0
-194.0,216.0,,-71.0,195.0,-1212.0,52.0,72.0,,183.0
-198.0,89.0,,-55.0,104.0,-1195.0,75.0,373.0,,209.0
-207.0,-21.0,,236.0,24.0,-1296.0,77.0,240.0,,241.0
-193.0,-110.0,,-4.0,-40.0,-1757.0,60.0,343.0,,256.0
-240.0,-208.0,,-245.0,-94.0,-2321.0,42.0,262.0,,280.0
-241.0,-332.0,,-179.0,-39.0,-2577.0,6.0,301.0,,300.0
-298.0,-399.0,,-59.0,-3.0,-2552.0,-3.0,360.0,,305.0
-338.0,-405.0,,-161.0,8.0,-2705.0,-20.0,205.0,,295.0
-406.0,-385.0,,-259.0,94.0,-3090.0,-57.0,343.0,,282.0
-384.0,-327.0,,-31.0,139.0,-3213.0,-88.0,208.0,,260.0
-429.0,-269.0,,-183.0,203.0,-2855.0,-95.0,352.0,,237.0
-500.0,-228.0,,-322.0,285.0,-2663.0,-67.0,321.0,,226.0
-447.0,-209.0,,-90.0,266.0,-2793.0,-38.0,258.0,,220.0
-430.0,-165.0,,75.0,276.0,-3035.0,-34.0,363.0,,210.0
-384.0,-88.0,,-137.0,269.0,-3590.0,-97.0,151.0,,198.0
-431.0,47.0,,-38.0,222.0,-4068.0,-144.0,136.0,,189.0
-387.0,182.0,,162.0,246.0,-4319.0,-153.0,-177.0,,188.0
-347.0,269.0,,-20.0,229.0,-4273.0,-163.0,-262.0,,209.0
-352.0,349.0,,187.0,186.0,-3910.0,-195.0,-408.0,,228.0
-336.0,410.0,,254.0,222.0,-3407.0,-253.0,-644.0,,265.0
-330.0,433.0,,202.0,212.0,-2695.0,-274.0,-546.0,,314.0
-296.0,364.0,,240.0,189.0,-2233.0,-272.0,-630.0,,351.0
-302.0,327.0,,147.0,186.0,-2257.0,-238.0,-277.0,,372.0
-257.0,352.0,,175.0,97.0,-2316.0,-224.0,-192.0,,353.0
-285.0,374.0,,167.0,44.0,-2136.0,-212.0,-208.0,,315.0
-285.0,378.0,,189.0,19.0,-2236.0,-204.0,-225.0,,253.0
-284.0,388.0,,186.0,-25.0,-2772.0,-220.0,-441.0,,180.0
-264.0,409.0,,121.0,-1.0,-3038.0,-201.0,-301.0,,111.0
-248.0,332.0,,134.0,-39.0,-2933.0,-197.0,-349.0,,40.0
-295.0,230.0,,145.0,-121.0,-2844.0,-190.0,-77.0,,-20.0
-272.0,161.0,,167.0,-149.0,-3018.0,-211.0,55.0,,-77.0
-281.0,108.0,,200.0,-243.0,-3128.0,-257.0,53.0,,-122.0
-232.0,20.0,,65.0,-337.0,-2863.0,-290.0,169.0,,-153.0
-235.0,-147.0,,22.0,-374.0,-2557.0,-294.0,55.0,,-173.0
-229.0,-336.0,,134.0,-383.0,-2579.0,-268.0,304.0,,-177.0
-202.0,-501.0,,161.0,-269.0,-2595.0,-239.0,279.0,,-172.0
-216.0,-645.0,,260.0,-159.0,-2235.0,-160.0,352.0,,-166.0
-230.0,-749.0,,157.0,-141.0,-2106.0,-103.0,437.0,,-158.0
-264.0,-748.0,,89.0,-109.0,-2063.0,-44.0,402.0,,-149.0
-243.0,-671.0,,106.0,-103.0,-2005.0,21.0,652.0,,-145.0
-295.0,-596.0,,43.0,-88.0,-2142.0,61.0,576.0,,-144.0
-319.0,-528.0,,149.0,-44.0,-2145.0,95.0,692.0,,-147.0
-323.0,-434.0,,77.0,-64.0,-2286.0,62.0,513.0,,-160.0
-340.0,-336.0,,-57.0,-61.0,-2411.0,10.0,234.0,,-176.0
-365.0,-217.0,,-112.0,-50.0,-2376.0,-19.0,68.0,,-196.0
-399.0,-115.0,,-24.0,-89.0,-2322.0,0.0,-227.0,,-220.0
-422.0,-120.0,,142.0,-67.0,-2268.0,49.0,27.0,,-235.0
-488.0,-147.0,,183.0,-61.0,-2291.0,94.0,162.0,,-245.0
-519.0,-139.0,,165.0,-61.0,-2429.0,140.0,463.0,,-263.0
-550.0,-135.0,,136.0,-29.0,-2518.0,152.0,733.0,,-295.0
-570.0,-108.0,,201.0,-80.0,-2228.0,149.0,837.0,,-331.0
-598.0,-10.0,,301.0,-99.0,-2033.0,134.0,1090.0,,-370.0
-617.0,65.0,,372.0,-71.0,-2190.0,115.0,944.0,,-423.0
-622.0,79.0,,401.0,-82.0,-2358.0,130.0,979.0,,-486.0
-644.0,88.0,,384.0,-65.0,-2423.0,143.0,807.0,,-536.0
-654.0,59.0,,273.0,-105.0,-2304.0,151.0,700.0,,-584.0
-669.0,-14.0,,166.0,-176.0,-2078.0,126.0,735.0,,-639.0
-636.0,-94.0,,147.0,-176.0,-2042.0,71.0,476.0,,-671.0
-630.0,-120.0,,142.0,-212.0,-2117.0,49.0,485.0,,-688.0
-644.0,-134.0,,107.0,-216.0,-2143.0,63.0,264.0,,-694.0
-641.0,-182.0,,48.0,-172.0,-2088.0,128.0,314.0,,-673.0
-616.0,-186.0,,-13.0,-224.0,-1883.0,177.0,509.0,,-610.0
-561.0,-173.0,,3.0,-238.0,-1692.0,172.0,711.0,,-503.0
-598.0,-169.0,,13.0,-218.0,-1421.0,154.0,1027.0,,-370.0
-604.0,-163.0,,-18.0,-203.0,-1124.0,134.0,957.0,,-244.0
-538.0,-135.0,,47.0,-71.0,-986.0,127.0,1043.0,,-142.0
-514.0,-139.0,,43.0,-35.0,-1010.0,150.0,822.0,,-64.0
-536.0,-208.0,,50.0,-100.0,-1131.0,157.0,759.0,,-22.0
-532.0,-235.0,,89.0,-100.0,-1113.0,132.0,774.0,,-3.0
-459.0,-216.0,,43.0,-119.0,-1047.0,115.0,493.0,,0.0
-442.0,-144.0,,21.0,-59.0,-1069.0,108.0,508.0,,-15.0
-430.0,-61.0,,88.0,40.0,-1179.0,106.0,253.0,,-30.0
-415.0,30.0,,219.0,66.0,-1113.0,101.0,247.0,,-60.0
-416.0,102.0,,162.0,147.0,-888.0,113.0,107.0,,-87.0
-398.0,114.0,,134.0,190.0,-835.0,94.0,-142.0,,-89.0
-359.0,99.0,,260.0,158.0,-834.0,73.0,-129.0,,-84.0
-314.0,-1.0,,238.0,193.0,-959.0,84.0,-230.0,,-55.0
-342.0,-80.0,,189.0,167.0,-793.0,77.0,31.0,,6.0
-348.0,-82.0,,186.0,131.0,-227.0,91.0,18.0,,90.0
-325.0,-39.0,,235.0,144.0,179.0,83.0,186.0,,174.0
-280.0,42.0,,195.0,65.0,334.0,57.0,314.0,,252.0
-251.0,118.0,,176.0,65.0,313.0,50.0,223.0,,321.0
-262.0,207.0,,336.0,134.0,446.0,49.0,458.0,,362.0
-275.0,317.0,,367.0,145.0,440.0,68.0,312.0,,386.0
-249.0,357.0,,394.0,200.0,266.0,69.0,511.0,,388.0
-169.0,352.0,,466.0,207.0,214.0,65.0,642.0,,376.0
-152.0,413.0,,479.0,189.0,210.0,54.0,790.0,,355.0
-111.0,429.0,,460.0,243.0,239.0,39.0,1112.0,,307.0
-62.0,397.0,,467.0,213.0,17.0,20.0,1086.0,,250.0
6.0,378.0,,502.0,182.0,-156.0,-24.0,1219.0,,183.0
51.0,305.0,,567.0,200.0,29.0,-59.0,916.0,,89.0
70.0,161.0,,506.0,185.0,477.0,-81.0,790.0,,-7.0
120.0,26.0,,370.0,211.0,819.0,-86.0,611.0,,-92.0
134.0,-59.0,,423.0,178.0,789.0,-75.0,397.0,,-164.0
164.0,-103.0,,396.0,111.0,786.0,-70.0,554.0,,-201.0
137.0,-65.0,,373.0,74.0,984.0,-87.0,450.0,,-224.0
130.0,-14.0,,416.0,-1.0,1179.0,-120.0,752.0,,-243.0
129.0,55.0,,463.0,-50.0,1099.0,-164.0,807.0,,-261.0
147.0,109.0,,365.0,-102.0,1078.0,-211.0,831.0,,-299.0
138.0,109.0,,298.0,-152.0,1454.0,-232.0,816.0,,-355.0
79.0,169.0,,381.0,-154.0,1899.0,-260.0,572.0,,-434.0
104.0,203.0,,200.0,-142.0,2285.0,-278.0,692.0,,-509.0
73.0,210.0,,69.0,-140.0,2439.0,-284.0,465.0,,-582.0
35.0,224.0,,119.0,-122.0,2463.0,-308.0,434.0,,-636.0
-7.0,199.0,,88.0,-123.0,2582.0,-328.0,236.0,,-662.0
5.0,167.0,,71.0,-171.0,2470.0,-350.0,7.0,,-684.0
36.0,110.0,,127.0,-183.0,2021.0,-392.0,-40.0,,-697.0
11.0,31.0,,-37.0,-204.0,1525.0,-431.0,-291.0,,-704.0
14.0,-40.0,,-145.0,-156.0,1515.0,-438.0,14.0,,-700.0
0.0,-55.0,,-18.0,-70.0,1664.0,-430.0,131.0,,-683.0
13.0,-66.0,,41.0,-72.0,1447.0,-393.0,303.0,,-631.0
6.0,-111.0,,119.0,-82.0,1253.0,-367.0,319.0,,-563.0
24.0,-130.0,,162.0,-135.0,1561.0,-370.0,81.0,,-473.0
42.0,-165.0,,111.0,-129.0,2545.0,-366.0,99.0,,-349.0
57.0,-205.0,,27.0,-112.0,3249.0,-372.0,-149.0,,-220.0
86.0,-246.0,,-21.0,-137.0,3325.0,-387.0,9.0,,-93.0
95.0,-239.0,,6.0,-114.0,3176.0,-384.0,48.0,,14.0
128.0,-159.0,,15.0,-72.0,3011.0,-377.0,131.0,,102.0
133.0,-116.0,,-67.0,-38.0,3136.0,-355.0,351.0,,165.0
128.0,-136.0,,-128.0,-82.0,2873.0,-316.0,279.0,,190.0
112.0,-188.0,,-37.0,-98.0,2410.0,-281.0,473.0,,176.0
156.0,-241.0,,134.0,-97.0,2343.0,-246.0,384.0,,128.0
186.0,-312.0,,103.0,-66.0,2352.0,-238.0,417.0,,50.0
169.0,-251.0,,66.0,-19.0,2218.0,-258.0,267.0,,-40.0
179.0,-107.0,,170.0,-13.0,2055.0,-283.0,27.0,,-138.0
189.0,-40.0,,62.0,57.0,2065.0,-318.0,96.0,,-262.0
196.0,2.0,,-89.0,60.0,2253.0,-333.0,-92.0,,-384.0
190.0,-28.0,,-42.0,25.0,2632.0,-339.0,-5.0,,-502.0
175.0,-61.0,,24.0,-2.0,2729.0,-331.0,-205.0,,-618.0
119.0,-84.0,,58.0,0.0,2675.0,-308.0,-358.0,,-716.0
85.0,-82.0,,125.0,89.0,2892.0,-297.0,-454.0,,-789.0
72.0,-45.0,,75.0,147.0,3283.0,-300.0,-705.0,,-852.0
49.0,-7.0,,126.0,183.0,3381.0,-313.0,-532.0,,-918.0
-32.0,88.0,,297.0,188.0,3065.0,-320.0,-576.0,,-972.0
-78.0,230.0,,339.0,141.0,2785.0,-348.0,-375.0,,-1043.0
-59.0,381.0,,409.0,109.0,2437.0,-360.0,-269.0,,-1115.0
-97.0,482.0,,349.0,62.0,2322.0,-348.0,-192.0,,-1175.0
-129.0,555.0,,271.0,22.0,2358.0,-360.0,62.0,,-1238.0
-143.0,515.0,,306.0,61.0,2531.0,-369.0,3.0,,-1270.0
-139.0,385.0,,213.0,57.0,2844.0,-373.0,145.0,,-1269.0
-166.0,285.0,,162.0,23.0,2986.0,-371.0,-62.0,,-1237.0
-168.0,152.0,,167.0,14.0,3174.0,-363.0,-116.0,,-1176.0
-152.0,25.0,,88.0,-34.0,3382.0,-360.0,-112.0,,-1073.0
-162.0,-61.0,,82.0,5.0,3566.0,-358.0,-258.0,,-938.0
-164.0,-133.0,,25.0,34.0,3429.0,-325.0,-105.0,,-794.0
-170.0,-250.0,,-18.0,4.0,3139.0,-282.0,-282.0,,-628.0
-139.0,-377.0,,-19.0,32.0,2800.0,-260.0,-188.0,,-464.0
-117.0,-428.0,,-84.0,-28.0,2377.0,-243.0,-236.0,,-311.0
-119.0,-465.0,,41.0,-101.0,2196.0,-254.0,-299.0,,-180.0
-126.0,-476.0,,63.0,-164.0,2074.0,-257.0,-96.0,,-76.0
-109.0,-458.0,,-6.0,-253.0,1917.0,-241.0,-133.0,,3.0
-86.0,-400.0,,-119.0,-205.0,1788.0,-207.0,31.0,,47.0
-77.0,-311.0,,-147.0,-164.0,1538.0,-155.0,-190.0,,62.0
-48.0,-281.0,,-108.0,-174.0,1262.0,-137.0,-301.0,,52.0
20.0,-211.0,,-211.0,-163.0,1100.0,-149.0,-448.0,,29.0
67.0,-90.0,,-86.0,-214.0,999.0,-176.0,-774.0,,0.0
69.0,22.0,,-52.0,-202.0,990.0,-183.0,-748.0,,-26.0
114.0,119.0,,-59.0,-172.0,874.0,-164.0,-982.0,,-54.0
192.0,204.0,,31.0,-162.0,826.0,-135.0,-920.0,,-67.0
225.0,252.0,,41.0,-54.0,968.0,-112.0,-1018.0,,-63.0
213.0,217.0,,-69.0,-16.0,1104.0,-95.0,-1136.0,,-50.0
222.0,120.0,,-202.0,-15.0,1084.0,-75.0,-1067.0,,-12.0
264.0,-12.0,,-230.0,-9.0,1018.0,-43.0,-1158.0,,27.0
282.0,-105.0,,-238.0,-65.0,1216.0,-3.0,-918.0,,63.0
267.0,-169.0,,-167.0,-4.0,1412.0,34.0,-958.0,,79.0
263.0,-216.0,,-181.0,41.0,1368.0,55.0,-848.0,,84.0
228.0,-231.0,,-214.0,15.0,1019.0,60.0,-866.0,,84.0
217.0,-216.0,,-153.0,49.0,1005.0,44.0,-1047.0,,71.0
200.0,-184.0,,-221.0,31.0,1143.0,5.0,-958.0,,71.0
152.0,-185.0,,-285.0,62.0,782.0,-21.0,-1029.0,,75.0
103.0,-181.0,,-106.0,104.0,409.0,-26.0,-668.0,,87.0
66.0,-117.0,,-55.0,34.0,226.0,12.0,-509.0,,110.0
34.0,-77.0,,-163.0,45.0,338.0,67.0,-404.0,,128.0
-16.0,-152.0,,-204.0,41.0,243.0,113.0,-314.0,,137.0
-17.0,-202.0,,-221.0,17.0,-43.0,140.0,-419.0,,142.0
-53.0,-176.0,,-217.0,67.0,-160.0,151.0,-197.0,,144.0
-61.0,-151.0,,-197.0,25.0,-212.0,145.0,-395.0,,143.0
-64.0,-154.0,,-145.0,36.0,-228.0,118.0,-471.0,,142.0
-66.0,-115.0,,-201.0,58.0,-289.0,115.0,-574.0,,136.0
-41.0,-27.0,,-190.0,3.0,-215.0,134.0,-574.0,,137.0
-2.0,20.0,,-56.0,52.0,-384.0,148.0,-221.0,,139.0
34.0,36.0,,-20.0,39.0,-441.0,146.0,-225.0,,132.0
-3.0,64.0,,79.0,1.0,-84.0,137.0,-42.0,,115.0
42.0,68.0,,227.0,13.0,4.0,124.0,-158.0,,89.0
85.0,5.0,,298.0,-66.0,-315.0,138.0,-227.0,,65.0
112.0,-30.0,,330.0,-54.0,-605.0,186.0,-328.0,,39.0
87.0,-100.0,,283.0,-26.0,-553.0,233.0,-641.0,,23.0
117.0,-196.0,,342.0,-64.0,-462.0,244.0,-587.0,,46.0
193.0,-236.0,,355.0,17.0,-558.0,219.0,-825.0,,99.0
136.0,-249.0,,308.0,48.0,-638.0,201.0,-812.0,,187.0
161.0,-263.0,,325.0,54.0,-431.0,191.0,-962.0,,312.0
170.0,-302.0,,324.0,107.0,-286.0,194.0,-1232.0,,449.0
167.0,-320.0,,522.0,62.0,-349.0,197.0,-1382.0,,599.0
150.0,-296.0,,578.0,102.0,-294.0,191.0,-1716.0,,722.0
112.0,-188.0,,612.0,157.0,22.0,172.0,-1531.0,,814.0
109.0,-64.0,,615.0,149.0,357.0,157.0,-1481.0,,890.0
106.0,66.0,,463.0,246.0,534.0,180.0,-1280.0,,931.0
90.0,199.0,,456.0,240.0,797.0,219.0,-1175.0,,951.0
37.0,279.0,,327.0,194.0,819.0,229.0,-1289.0,,950.0
44.0,333.0,,460.0,203.0,422.0,212.0,-1173.0,,941.0
48.0,293.0,,559.0,90.0,138.0,172.0,-1420.0,,919.0
57.0,196.0,,451.0,52.0,156.0,130.0,-1334.0,,891.0
43.0,76.0,,522.0,32.0,155.0,108.0,-1363.0,,872.0
56.0,-73.0,,433.0,-25.0,-38.0,84.0,-1365.0,,853.0
77.0,-201.0,,371.0,53.0,-237.0,70.0,-1164.0,,835.0
82.0,-235.0,,451.0,51.0,-108.0,47.0,-1230.0,,808.0
137.0,-179.0,,521.0,0.0,-71.0,37.0,-1043.0,,799.0
147.0,-85.0,,318.0,24.0,-131.0,56.0,-1097.0,,797.0
146.0,70.0,,321.0,-30.0,6.0,65.0,-1003.0,,806.0
141.0,143.0,,403.0,-24.0,55.0,75.0,-1012.0,,830.0
200.0,124.0,,253.0,19.0,114.0,77.0,-1099.0,,845.0
227.0,104.0,,344.0,-23.0,-73.0,52.0,-925.0,,863.0
194.0,58.0,,393.0,15.0,-102.0,23.0,-1027.0,,867.0
183.0,46.0,,461.0,18.0,-32.0,26.0,-864.0,,859.0
207.0,25.0,,422.0,-37.0,-272.0,36.0,-1075.0,,850.0
224.0,-17.0,,557.0,-1.0,-406.0,27.0,-1302.0,,816.0
178.0,-71.0,,673.0,-35.0,-436.0,12.0,-1337.0,,770.0
173.0,-105.0,,576.0,-46.0,-247.0,-9.0,-1472.0,,712.0
128.0,-64.0,,571.0,9.0,-200.0,-34.0,-1291.0,,651.0
102.0,-1.0,,337.0,-29.0,-270.0,-57.0,-1376.0,,587.0
90.0,36.0,,303.0,-7.0,-468.0,-66.0,-1191.0,,531.0
64.0,102.0,,292.0,42.0,-740.0,-47.0,-1151.0,,507.0
43.0,243.0,,359.0,-1.0,-811.0,-29.0,-1154.0,,511.0
-13.0,304.0,,409.0,8.0,-882.0,-29.0,-946.0,,553.0
-20.0,299.0,,211.0,16.0,-802.0,-37.0,-1018.0,,610.0
-36.0,327.0,,254.0,0.0,-885.0,-62.0,-783.0,,674.0
-40.0,358.0,,209.0,40.0,-1016.0,-96.0,-879.0,,741.0
-80.0,342.0,,256.0,13.0,-795.0,-105.0,-909.0,,786.0
-125.0,326.0,,348.0,-29.0,-499.0,-99.0,-894.0,,816.0
-134.0,372.0,,245.0,-33.0,-468.0,-101.0,-966.0,,828.0
-153.0,438.0,,291.0,-91.0,-312.0,-116.0,-707.0,,838.0
-158.0,491.0,,232.0,-98.0,150.0,-130.0,-711.0,,840.0
-199.0,463.0,,222.0,-37.0,493.0,-133.0,-428.0,,842.0
-171.0,373.0,,231.0,-18.0,559.0,-144.0,-439.0,,856.0
-146.0,265.0,,204.0,16.0,502.0,-164.0,-594.0,,861.0
-152.0,151.0,,231.0,41.0,723.0,-163.0,-618.0,,864.0
-109.0,8.0,,94.0,19.0,857.0,-161.0,-796.0,,864.0
-70.0,-138.0,,79.0,57.0,772.0,-180.0,-628.0,,856.0
-54.0,-215.0,,146.0,63.0,483.0,-189.0,-824.0,,823.0
-32.0,-226.0,,104.0,-3.0,273.0,-199.0,-881.0,,778.0
21.0,-196.0,,14.0,-16.0,509.0,-220.0,-921.0,,719.0
35.0,-203.0,,157.0,-16.0,683.0,-225.0,-994.0,,640.0
59.0,-193.0,,273.0,-38.0,582.0,-242.0,-811.0,,551.0
113.0,-202.0,,255.0,-24.0,229.0,-249.0,-955.0,,447.0
149.0,-243.0,,267.0,-20.0,83.0,-229.0,-822.0,,331.0
169.0,-233.0,,11.0,-24.0,127.0,-210.0,-907.0,,202.0
183.0,-186.0,,10.0,8.0,52.0,-175.0,-981.0,,77.0
211.0,-115.0,,25.0,-30.0,149.0,-169.0,-1034.0,,-41.0
240.0,-44.0,,-175.0,-101.0,444.0,-209.0,-1267.0,,-138.0
274.0,89.0,,-20.0,-94.0,674.0,-253.0,-1134.0,,-214.0
272.0,206.0,,212.0,-120.0,953.0,-285.0,-1267.0,,-309.0
262.0,258.0,,258.0,-133.0,1049.0,-311.0,-1110.0,,-398.0
264.0,344.0,,130.0,-105.0,689.0,-339.0,-1045.0,,-478.0
268.0,480.0,,377.0,-116.0,515.0,-354.0,-1034.0,,-567.0
234.0,543.0,,570.0,-76.0,517.0,-380.0,-707.0,,-649.0
180.0,480.0,,221.0,-27.0,498.0,-402.0,-615.0,,-718.0
184.0,459.0,,304.0,-31.0,300.0,-430.0,-214.0,,-751.0
185.0,447.0,,338.0,9.0,100.0,-433.0,-138.0,,-767.0
159.0,347.0,,179.0,54.0,92.0,-443.0,-101.0,,-779.0
155.0,164.0,,428.0,56.0,7.0,-493.0,-105.0,,-742.0
187.0,-39.0,,548.0,83.0,0.0,-514.0,-376.0,,-676.0
195.0,-180.0,,469.0,89.0,-169.0,-552.0,-349.0,,-602.0
211.0,-283.0,,443.0,42.0,-270.0,-580.0,-569.0,,-508.0
268.0,-389.0,,483.0,36.0,-83.0,-599.0,-535.0,,-408.0
322.0,-509.0,,332.0,16.0,-36.0,-642.0,-515.0,,-323.0
335.0,-508.0,,176.0,-8.0,-234.0,-662.0,-380.0,,-245.0
328.0,-422.0,,210.0,43.0,-331.0,-691.0,-31.0,,-169.0
380.0,-357.0,,204.0,57.0,-214.0,-727.0,86.0,,-112.0
443.0,-308.0,,254.0,81.0,-279.0,-749.0,365.0,,-71.0
477.0,-250.0,,155.0,157.0,-603.0,-754.0,173.0,,-44.0
472.0,-122.0,,172.0,171.0,-830.0,-757.0,90.0,,-41.0
477.0,-64.0,,274.0,210.0,-730.0,-765.0,-20.0,,-61.0
528.0,-38.0,,214.0,254.0,-542.0,-754.0,-249.0,,-86.0
585.0,56.0,,287.0,194.0,-425.0,-754.0,-223.0,,-102.0
613.0,112.0,,233.0,147.0,-402.0,-755.0,-480.0,,-106.0
640.0,51.0,,152.0,113.0,-231.0,-768.0,-341.0,,-80.0
692.0,-34.0,,20.0,35.0,185.0,-805.0,-448.0,,-34.0
731.0,-21.0,,-15.0,28.0,441.0,-800.0,-676.0,,14.0
772.0,20.0,,158.0,37.0,580.0,-790.0,-803.0,,77.0
809.0,35.0,,206.0,21.0,621.0,-791.0,-1112.0,,128.0
853.0,52.0,,242.0,54.0,409.0,-788.0,-1008.0,,162.0
836.0,112.0,,147.0,44.0,377.0,-782.0,-1018.0,,196.0
811.0,176.0,,66.0,16.0,537.0,-768.0,-672.0,,229.0
844.0,237.0,,173.0,32.0,444.0,-752.0,-480.0,,264.0
839.0,331.0,,142.0,9.0,196.0,-729.0,-526.0,,295.0
804.0,471.0,,109.0,23.0,-7.0,-730.0,-277.0,,309.0
769.0,630.0,,130.0,86.0,14.0,-738.0,-221.0,,328.0
763.0,668.0,,13.0,61.0,-6.0,-741.0,114.0,,347.0
757.0,646.0,,-59.0,50.0,-206.0,-723.0,20.0,,351.0
705.0,630.0,,-246.0,53.0,-166.0,-693.0,-216.0,,362.0
633.0,567.0,,-290.0,-10.0,158.0,-676.0,-312.0,,360.0
590.0,439.0,,-152.0,-20.0,497.0,-671.0,-269.0,,334.0
546.0,262.0,,-65.0,-41.0,558.0,-673.0,221.0,,300.0
505.0,105.0,,-137.0,-89.0,588.0,-634.0,260.0,,255.0
478.0,45.0,,-432.0,-47.0,722.0,-593.0,349.0,,200.0
445.0,63.0,,-211.0,-40.0,749.0,-556.0,177.0,,132.0
441.0,20.0,,-155.0,-46.0,740.0,-534.0,-75.0,,72.0
410.0,-48.0,,-422.0,-15.0,630.0,-528.0,-107.0,,27.0
347.0,-95.0,,-283.0,-63.0,393.0,-504.0,-219.0,,-18.0
314.0,-161.0,,-388.0,-60.0,200.0,-475.0,120.0,,-67.0
301.0,-230.0,,-551.0,-7.0,131.0,-428.0,114.0,,-113.0
271.0,-260.0,,-319.0,-32.0,325.0,-387.0,97.0,,-148.0
193.0,-209.0,,-383.0,-18.0,577.0,-330.0,38.0,,-162.0
134.0,-164.0,,-755.0,-15.0,597.0,-271.0,-129.0,,-178.0
154.0,-163.0,,-538.0,-40.0,702.0,-251.0,-110.0,,-176.0
156.0,-206.0,,-483.0,16.0,874.0,-219.0,-291.0,,-154.0
108.0,-214.0,,-703.0,38.0,842.0,-164.0,84.0,,-131.0
96.0,-149.0,,-439.0,35.0,708.0,-107.0,334.0,,-79.0
133.0,-125.0,,-418.0,73.0,606.0,-49.0,436.0,,-9.0
183.0,-193.0,,-559.0,50.0,521.0,-9.0,497.0,,71.0
206.0,-282.0,,-568.0,45.0,561.0,18.0,266.0,,157.0
208.0,-263.0,,-493.0,85.0,628.0,36.0,336.0,,244.0
244.0,-198.0,,-526.0,62.0,446.0,46.0,168.0,,326.0
302.0,-103.0,,-626.0,86.0,514.0,56.0,267.0,,393.0
328.0,-29.0,,-539.0,105.0,690.0,56.0,406.0,,439.0
342.0,68.0,,-574.0,53.0,609.0,67.0,443.0,,460.0
385.0,269.0,,-459.0,28.0,455.0,99.0,715.0,,465.0
466.0,351.0,,-354.0,-25.0,142.0,130.0,654.0,,452.0
510.0,303.0,,-501.0,-43.0,12.0,154.0,772.0,,424.0
505.0,259.0,,-498.0,11.0,-83.0,186.0,711.0,,368.0
505.0,274.0,,-409.0,25.0,-233.0,216.0,737.0,,276.0
530.0,239.0,,-549.0,30.0,-217.0,244.0,798.0,,154.0
570.0,172.0,,-648.0,-3.0,-21.0,271.0,642.0,,4.0
526.0,191.0,,-583.0,-65.0,287.0,275.0,921.0,,-145.0
489.0,258.0,,-738.0,-57.0,200.0,286.0,944.0,,-293.0
479.0,254.0,,-656.0,-87.0,-204.0,270.0,992.0,,-430.0
481.0,143.0,,-559.0,-133.0,-364.0,239.0,840.0,,-563.0
463.0,104.0,,-723.0,-117.0,-194.0,225.0,554.0,,-691.0
394.0,113.0,,-667.0,-150.0,-287.0,211.0,437.0,,-815.0
386.0,96.0,,-651.0,-152.0,-554.0,211.0,175.0,,-947.0
337.0,17.0,,-612.0,-106.0,-405.0,218.0,388.0,,-1071.0
288.0,-76.0,,-595.0,-84.0,-98.0,234.0,421.0,,-1182.0
231.0,-105.0,,-539.0,27.0,-271.0,257.0,484.0,,-1265.0
188.0,-97.0,,-556.0,124.0,-724.0,284.0,428.0,,-1332.0
128.0,-83.0,,-605.0,167.0,-674.0,307.0,24.0,,-1376.0
70.0,-119.0,,-356.0,257.0,-448.0,316.0,-131.0,,-1391.0
72.0,-169.0,,-317.0,233.0,-410.0,328.0,-275.0,,-1389.0
7.0,-177.0,,-339.0,172.0,-437.0,362.0,195.0,,-1357.0
-52.0,-126.0,,-242.0,160.0,-409.0,373.0,593.0,,-1310.0
-130.0,-76.0,,-276.0,86.0,-413.0,370.0,805.0,,-1257.0
-123.0,30.0,,-544.0,90.0,-600.0,393.0,899.0,,-1190.0
-142.0,130.0,,-557.0,110.0,-561.0,377.0,755.0,,-1126.0
-190.0,152.0,,-398.0,103.0,-481.0,371.0,1151.0,,-1062.0
-200.0,146.0,,-438.0,194.0,-726.0,384.0,1370.0,,-995.0
-237.0,72.0,,-433.0,206.0,-1032.0,388.0,1589.0,,-918.0
-217.0,-5.0,,-472.0,185.0,-1063.0,434.0,1354.0,,-839.0
-239.0,-128.0,,-489.0,232.0,-1024.0,459.0,862.0,,-761.0
-254.0,-262.0,,-639.0,219.0,-1065.0,469.0,877.0,,-662.0
-280.0,-415.0,,-643.0,232.0,-998.0,478.0,864.0,,-548.0
-241.0,-587.0,,-671.0,227.0,-962.0,475.0,1158.0,,-431.0
-245.0,-703.0,,-781.0,109.0,-977.0,493.0,1060.0,,-309.0
-321.0,-842.0,,-680.0,57.0,-1096.0,515.0,986.0,,-194.0
-337.0,-945.0,,-748.0,-2.0,-1001.0,549.0,1160.0,,-99.0
-323.0,-959.0,,-672.0,-93.0,-783.0,554.0,1346.0,,-30.0
-310.0,-885.0,,-667.0,-74.0,-1092.0,537.0,1853.0,,21.0
-372.0,-769.0,,-824.0,-98.0,-1605.0,517.0,1786.0,,62.0
-371.0,-615.0,,-735.0,-88.0,-1734.0,519.0,1690.0,,91.0
-393.0,-353.0,,-671.0,-23.0,-1579.0,546.0,1356.0,,123.0
-398.0,-68.0,,-757.0,-85.0,-1797.0,534.0,984.0,,163.0
-396.0,163.0,,-635.0,-84.0,-2274.0,528.0,1043.0,,197.0
-457.0,322.0,,-395.0,-60.0,-2564.0,522.0,992.0,,222.0
-497.0,376.0,,-484.0,-71.0,-2664.0,506.0,1228.0,,236.0
-505.0,392.0,,-578.0,54.0,-2848.0,504.0,1005.0,,251.0
-520.0,373.0,,-458.0,96.0,-3200.0,505.0,615.0,,271.0
-606.0,273.0,,-410.0,91.0,-3136.0,514.0,260.0,,296.0
-587.0,151.0,,-474.0,180.0,-3029.0,508.0,-5.0,,329.0
-557.0,54.0,,-347.0,132.0,-3046.0,507.0,351.0,,356.0
-578.0,-23.0,,-284.0,60.0,-2862.0,529.0,556.0,,379.0
-602.0,-67.0,,-439.0,-16.0,-2547.0,568.0,846.0,,383.0
-560.0,-82.0,,-387.0,-169.0,-2179.0,614.0,766.0,,385.0
-549.0,-109.0,,-440.0,-182.0,-2324.0,647.0,583.0,,397.0
-590.0,-129.0,,-489.0,-189.0,-2583.0,649.0,726.0,,390.0
-495.0,-223.0,,-452.0,-212.0,-2529.0,631.0,787.0,,381.0
-460.0,-305.0,,-633.0,-107.0,-2465.0,604.0,1125.0,,383.0
-463.0,-262.0,,-620.0,-67.0,-2522.0,615.0,1019.0,,374.0
-466.0,-263.0,,-542.0,-22.0,-2680.0,660.0,931.0,,365.0
-421.0,-272.0,,-494.0,63.0,-2535.0,677.0,957.0,,359.0
-404.0,-216.0,,-449.0,34.0,-2287.0,695.0,1079.0,,350.0
-451.0,-130.0,,-501.0,87.0,-2261.0,712.0,1496.0,,344.0
-434.0,-60.0,,-375.0,151.0,-2279.0,726.0,1369.0,,335.0
-451.0,-43.0,,-305.0,121.0,-2156.0,739.0,1258.0,,321.0
-428.0,17.0,,-339.0,170.0,-2184.0,752.0,881.0,,316.0
-416.0,90.0,,-276.0,154.0,-2546.0,788.0,659.0,,303.0
-452.0,146.0,,-175.0,103.0,-2833.0,828.0,794.0,,292.0
-492.0,220.0,,-222.0,95.0,-2823.0,860.0,788.0,,289.0
-462.0,284.0,,-252.0,-5.0,-2814.0,862.0,1067.0,,293.0
-431.0,324.0,,-202.0,-58.0,-3229.0,858.0,1003.0,,318.0
-504.0,312.0,,-308.0,-57.0,-3316.0,841.0,1071.0,,337.0
-525.0,308.0,,-257.0,-88.0,-2995.0,809.0,994.0,,347.0
-462.0,329.0,,-256.0,-30.0,-3120.0,799.0,787.0,,363.0
-456.0,355.0,,-245.0,3.0,-3428.0,824.0,923.0,,362.0
-513.0,384.0,,-130.0,7.0,-3447.0,860.0,842.0,,347.0
-495.0,397.0,,-192.0,68.0,-3059.0,858.0,1073.0,,325.0
-498.0,360.0,,-204.0,51.0,-2895.0,841.0,1031.0,,291.0
-494.0,257.0,,-99.0,45.0,-3159.0,825.0,1062.0,,247.0
-493.0,168.0,,-56.0,52.0,-3126.0,807.0,1263.0,,175.0
-541.0,113.0,,-335.0,-24.0,-2978.0,811.0,1311.0,,94.0
-567.0,146.0,,-437.0,-43.0,-3093.0,809.0,1563.0,,7.0
-545.0,202.0,,-217.0,-52.0,-2974.0,810.0,1247.0,,-103.0
-489.0,238.0,,-221.0,-99.0,-2554.0,825.0,1016.0,,-218.0
-553.0,285.0,,-290.0,-85.0,-2239.0,814.0,792.0,,-325.0
-558.0,291.0,,-228.0,-110.0,-2206.0,789.0,807.0,,-420.0
-491.0,262.0,,-113.0,-106.0,-2327.0,759.0,1330.0,,-519.0
-478.0,161.0,,-62.0,-25.0,-2172.0,744.0,1500.0,,-609.0
-500.0,98.0,,-100.0,-27.0,-1888.0,732.0,1649.0,,-681.0
-511.0,39.0,,-49.0,-41.0,-1900.0,718.0,1374.0,,-753.0
-480.0,-59.0,,-18.0,-72.0,-2082.0,713.0,1230.0,,-830.0
-484.0,-129.0,,79.0,-107.0,-1915.0,704.0,1326.0,,-905.0
-428.0,-153.0,,356.0,-48.0,-1629.0,685.0,1428.0,,-983.0
-389.0,-105.0,,397.0,-20.0,-1595.0,641.0,1744.0,,-1070.0
-400.0,-105.0,,254.0,-18.0,-1425.0,620.0,1648.0,,-1149.0
-376.0,-132.0,,276.0,4.0,-1312.0,629.0,1703.0,,-1221.0
-320.0,-145.0,,266.0,-15.0,-1608.0,643.0,1553.0,,-1279.0
-289.0,-141.0,,154.0,10.0,-2105.0,643.0,1311.0,,-1318.0
-313.0,-156.0,,257.0,40.0,-2464.0,633.0,1056.0,,-1345.0
-279.0,-185.0,,236.0,18.0,-2718.0,637.0,689.0,,-1345.0
-272.0,-134.0,,138.0,46.0,-3037.0,645.0,864.0,,-1320.0
-308.0,-52.0,,107.0,29.0,-3138.0,668.0,825.0,,-1291.0
-290.0,1.0,,191.0,-7.0,-2906.0,680.0,968.0,,-1243.0
-271.0,43.0,,200.0,14.0,-2739.0,702.0,942.0,,-1178.0
-302.0,89.0,,38.0,-15.0,-2656.0,691.0,709.0,,-1100.0
-335.0,80.0,,89.0,-19.0,-2461.0,642.0,787.0,,-995.0
-309.0,-22.0,,34.0,1.0,-2298.0,620.0,620.0,,-883.0
-326.0,-126.0,,81.0,-53.0,-2126.0,603.0,757.0,,-744.0
-375.0,-110.0,,39.0,-63.0,-2051.0,607.0,812.0,,-592.0
-368.0,-61.0,,76.0,-36.0,-1943.0,626.0,1103.0,,-431.0
-375.0,-70.0,,277.0,-48.0,-1487.0,652.0,1415.0,,-255.0
-410.0,-78.0,,162.0,1.0,-1161.0,645.0,1334.0,,-103.0
-423.0,-52.0,,162.0,56.0,-1300.0,624.0,1465.0,,31.0
-400.0,-46.0,,222.0,81.0,-1480.0,615.0,1297.0,,149.0
-420.0,-69.0,,200.0,159.0,-1380.0,613.0,1378.0,,254.0
-419.0,-41.0,,245.0,146.0,-1233.0,640.0,1441.0,,340.0
-422.0,-16.0,,269.0,89.0,-1215.0,647.0,1552.0,,410.0
-458.0,-41.0,,207.0,97.0,-1168.0,629.0,1790.0,,479.0
-433.0,-125.0,,103.0,49.0,-1106.0,583.0,1537.0,,538.0
-379.0,-193.0,,1.0,15.0,-988.0,540.0,1502.0,,592.0
-337.0,-194.0,,93.0,3.0,-967.0,520.0,1265.0,,618.0
-356.0,-160.0,,152.0,-38.0,-1266.0,505.0,1191.0,,626.0
-310.0,-111.0,,142.0,-21.0,-1400.0,509.0,1182.0,,625.0
-218.0,-79.0,,205.0,-23.0,-1216.0,500.0,1075.0,,598.0
-164.0,-55.0,,274.0,-61.0,-903.0,475.0,1339.0,,557.0
-125.0,-71.0,,352.0,-20.0,-565.0,454.0,1313.0,,513.0
-91.0,-61.0,,397.0,13.0,-337.0,438.0,1502.0,,456.0
-38.0,-6.0,,344.0,54.0,-127.0,428.0,1483.0,,385.0
-10.0,60.0,,327.0,140.0,231.0,430.0,1422.0,,314.0
3.0,111.0,,480.0,124.0,610.0,423.0,1566.0,,234.0
-33.0,55.0,,463.0,91.0,744.0,395.0,1358.0,,150.0
-37.0,-28.0,,402.0,84.0,822.0,361.0,1315.0,,76.0
14.0,-81.0,,392.0,1.0,996.0,313.0,1097.0,,0.0
-10.0,-106.0,,408.0,-57.0,1319.0,277.0,975.0,,-79.0
-75.0,-123.0,,548.0,-106.0,1544.0,267.0,698.0,,-150.0
-71.0,-116.0,,573.0,-174.0,1540.0,283.0,356.0,,-208.0
-67.0,-55.0,,619.0,-139.0,1611.0,309.0,308.0,,-270.0
-123.0,-33.0,,772.0,-104.0,1654.0,308.0,48.0,,-303.0
-171.0,-43.0,,794.0,-96.0,1694.0,297.0,125.0,,-315.0
-160.0,-6.0,,760.0,-23.0,1575.0,272.0,77.0,,-337.0
-176.0,113.0,,687.0,-5.0,1380.0,262.0,201.0,,-343.0
-248.0,236.0,,721.0,-18.0,1650.0,264.0,498.0,,-344.0
-226.0,310.0,,704.0,2.0,1981.0,239.0,582.0,,-343.0
-252.0,402.0,,640.0,-13.0,2063.0,193.0,1012.0,,-337.0
-286.0,488.0,,815.0,4.0,1967.0,144.0,1021.0,,-321.0
-283.0,549.0,,665.0,49.0,2065.0,133.0,1056.0,,-313.0
-283.0,557.0,,497.0,15.0,2438.0,147.0,992.0,,-310.0
-287.0,506.0,,518.0,0.0,2290.0,161.0,809.0,,-305.0
-334.0,434.0,,487.0,-4.0,1950.0,190.0,886.0,,-321.0
-321.0,366.0,,506.0,-83.0,1880.0,232.0,676.0,,-320.0
-350.0,292.0,,425.0,-113.0,1942.0,263.0,740.0,,-326.0
-338.0,205.0,,321.0,-134.0,2049.0,285.0,526.0,,-330.0
-339.0,105.0,,145.0,-164.0,2161.0,288.0,360.0,,-325.0
-369.0,-12.0,,256.0,-106.0,2316.0,294.0,413.0,,-322.0
-357.0,-91.0,,398.0,-69.0,2554.0,303.0,437.0,,-311.0
-313.0,-136.0,,351.0,-10.0,2923.0,257.0,755.0,,-299.0
-286.0,-200.0,,518.0,89.0,3065.0,218.0,543.0,,-269.0
-361.0,-249.0,,529.0,116.0,3179.0,192.0,448.0,,-246.0
-345.0,-265.0,,534.0,132.0,3165.0,162.0,256.0,,-209.0
-330.0,-286.0,,647.0,131.0,2888.0,163.0,33.0,,-161.0
-318.0,-277.0,,641.0,104.0,2815.0,169.0,81.0,,-100.0
-324.0,-233.0,,686.0,156.0,2864.0,174.0,-24.0,,-20.0
-330.0,-190.0,,664.0,195.0,2838.0,188.0,297.0,,52.0
-320.0,-136.0,,578.0,154.0,2685.0,204.0,293.0,,132.0
-312.0,-34.0,,672.0,126.0,2643.0,199.0,310.0,,212.0
-252.0,111.0,,628.0,35.0,2639.0,207.0,321.0,,285.0
-293.0,241.0,,553.0,-90.0,2556.0,221.0,192.0,,341.0
-302.0,334.0,,639.0,-135.0,2431.0,203.0,367.0,,389.0
-265.0,330.0,,639.0,-202.0,2564.0,182.0,173.0,,418.0
-202.0,280.0,,565.0,-212.0,2763.0,154.0,234.0,,425.0
-219.0,282.0,,422.0,-115.0,2371.0,115.0,84.0,,421.0
-230.0,333.0,,415.0,-77.0,2036.0,101.0,-64.0,,409.0
-147.0,377.0,,364.0,-51.0,2228.0,116.0,79.0,,386.0
-128.0,378.0,,470.0,-33.0,2514.0,137.0,20.0,,342.0
-133.0,344.0,,584.0,-85.0,2342.0,147.0,290.0,,284.0
-179.0,269.0,,364.0,-109.0,2217.0,135.0,232.0,,214.0
-174.0,183.0,,481.0,-161.0,2610.0,134.0,234.0,,153.0
-191.0,66.0,,420.0,-239.0,2963.0,150.0,230.0,,108.0
-181.0,-37.0,,355.0,-231.0,3201.0,160.0,177.0,,97.0
-197.0,-120.0,,612.0,-238.0,3591.0,166.0,521.0,,130.0
-258.0,-191.0,,460.0,-236.0,4035.0,152.0,596.0,,197.0
-254.0,-175.0,,431.0,-170.0,3998.0,135.0,679.0,,287.0
-271.0,-87.0,,401.0,-164.0,3810.0,105.0,310.0,,373.0
-280.0,8.0,,278.0,-144.0,3691.0,107.0,-101.0,,452.0
-315.0,77.0,,187.0,-81.0,3430.0,135.0,-421.0,,507.0
-317.0,111.0,,35.0,-68.0,3208.0,143.0,-790.0,,558.0
-332.0,81.0,,177.0,2.0,3219.0,142.0,-739.0,,612.0
-329.0,32.0,,196.0,92.0,3583.0,112.0,-958.0,,650.0
-332.0,27.0,,184.0,100.0,3753.0,103.0,-822.0,,677.0
-368.0,82.0,,74.0,132.0,3560.0,90.0,-707.0,,689.0
-373.0,177.0,,24.0,133.0,3377.0,56.0,-700.0,,697.0
-338.0,261.0,,140.0,83.0,3573.0,35.0,-578.0,,684.0
-287.0,294.0,,103.0,98.0,3705.0,-1.0,-827.0,,665.0
-308.0,352.0,,115.0,69.0,3171.0,-17.0,-739.0,,677.0
-260.0,479.0,,73.0,31.0,2767.0,-21.0,-718.0,,713.0
-181.0,554.0,,242.0,50.0,3000.0,-38.0,-465.0,,758.0
-131.0,574.0,,217.0,-15.0,3356.0,-82.0,-293.0,,800.0
-90.0,570.0,,81.0,-55.0,3368.0,-137.0,-391.0,,811.0
-31.0,550.0,,255.0,-40.0,3225.0,-178.0,-295.0,,797.0
24.0,474.0,,285.0,-52.0,3374.0,-219.0,-613.0,,752.0
50.0,372.0,,152.0,8.0,3583.0,-241.0,-663.0,,675.0
125.0,357.0,,69.0,51.0,3334.0,-239.0,-724.0,,607.0
191.0,360.0,,217.0,29.0,2965.0,-238.0,-641.0,,542.0
242.0,331.0,,235.0,45.0,3070.0,-266.0,-271.0,,483.0
285.0,256.0,,276.0,-4.0,3358.0,-297.0,-169.0,,437.0
358.0,163.0,,266.0,-98.0,3230.0,-325.0,59.0,,386.0
402.0,78.0,,221.0,-80.0,2880.0,-344.0,-9.0,,347.0
444.0,-14.0,,429.0,-58.0,2905.0,-349.0,49.0,,322.0
505.0,-127.0,,310.0,-33.0,3286.0,-355.0,-97.0,,307.0
523.0,-251.0,,259.0,30.0,3396.0,-358.0,-432.0,,305.0
544.0,-338.0,,228.0,-23.0,3052.0,-395.0,-434.0,,310.0
553.0,-372.0,,83.0,-61.0,2610.0,-455.0,-583.0,,316.0
561.0,-336.0,,115.0,-48.0,2162.0,-487.0,-360.0,,312.0
548.0,-266.0,,143.0,-116.0,1886.0,-483.0,-363.0,,286.0
547.0,-196.0,,128.0,-118.0,1929.0,-476.0,-465.0,,240.0
553.0,-139.0,,115.0,-71.0,1994.0,-478.0,-578.0,,178.0
556.0,-163.0,,179.0,-44.0,1859.0,-462.0,-872.0,,101.0
572.0,-188.0,,111.0,33.0,1845.0,-454.0,-833.0,,13.0
607.0,-104.0,,185.0,42.0,1982.0,-426.0,-1021.0,,-95.0
621.0,-20.0,,230.0,-11.0,1940.0,-392.0,-938.0,,-216.0
621.0,54.0,,182.0,-7.0,1898.0,-380.0,-1025.0,,-330.0
671.0,155.0,,246.0,-39.0,2076.0,-386.0,-1245.0,,-441.0
688.0,182.0,,90.0,-58.0,2230.0,-417.0,-1249.0,,-547.0
674.0,153.0,,22.0,2.0,2227.0,-435.0,-1494.0,,-645.0
686.0,121.0,,39.0,8.0,2232.0,-447.0,-1395.0,,-727.0
714.0,113.0,,105.0,32.0,2054.0,-451.0,-1465.0,,-815.0
690.0,99.0,,116.0,32.0,1900.0,-452.0,-1285.0,,-886.0
673.0,64.0,,42.0,-67.0,1955.0,-457.0,-1032.0,,-932.0
690.0,7.0,,62.0,-72.0,1975.0,-475.0,-964.0,,-964.0
681.0,-95.0,,-13.0,-75.0,2125.0,-478.0,-598.0,,-945.0
668.0,-252.0,,94.0,-99.0,2172.0,-472.0,-631.0,,-901.0
627.0,-426.0,,55.0,-16.0,2053.0,-501.0,-476.0,,-824.0
617.0,-484.0,,-34.0,-1.0,1985.0,-529.0,-530.0,,-721.0
615.0,-450.0,,19.0,-5.0,1929.0,-554.0,-705.0,,-604.0
636.0,-400.0,,-79.0,32.0,1928.0,-571.0,-661.0,,-477.0
645.0,-296.0,,-27.0,-20.0,1822.0,-583.0,-859.0,,-342.0
591.0,-182.0,,-52.0,-38.0,1825.0,-593.0,-711.0,,-205.0
611.0,-136.0,,-162.0,-41.0,2024.0,-603.0,-766.0,,-86.0
665.0,-153.0,,-339.0,-109.0,2053.0,-617.0,-772.0,,13.0
639.0,-212.0,,-249.0,-90.0,1690.0,-642.0,-846.0,,82.0
574.0,-293.0,,-59.0,-70.0,1412.0,-669.0,-947.0,,138.0
574.0,-378.0,,-114.0,-102.0,1748.0,-665.0,-711.0,,174.0
571.0,-470.0,,-83.0,-60.0,1951.0,-651.0,-886.0,,185.0
528.0,-496.0,,-77.0,-78.0,1759.0,-653.0,-918.0,,192.0
501.0,-465.0,,-73.0,-151.0,1541.0,-651.0,-1188.0,,195.0
491.0,-394.0,,-290.0,-178.0,1569.0,-636.0,-1404.0,,187.0
486.0,-243.0,,-283.0,-263.0,1615.0,-621.0,-1285.0,,145.0
463.0,-128.0,,-133.0,-272.0,1139.0,-624.0,-1239.0,,81.0
449.0,-96.0,,-268.0,-226.0,722.0,-645.0,-912.0,,-20.0
409.0,10.0,,-184.0,-261.0,792.0,-661.0,-981.0,,-150.0
385.0,172.0,,-40.0,-206.0,940.0,-671.0,-970.0,,-295.0
359.0,239.0,,-89.0,-136.0,876.0,-673.0,-1069.0,,-452.0
296.0,226.0,,-52.0,-104.0,824.0,-648.0,-1265.0,,-599.0
233.0,163.0,,100.0,-3.0,943.0,-620.0,-1263.0,,-741.0
212.0,90.0,,84.0,7.0,1039.0,-603.0,-1537.0,,-860.0
192.0,-39.0,,70.0,6.0,890.0,-575.0,-1335.0,,-950.0
114.0,-161.0,,80.0,65.0,842.0,-570.0,-1250.0,,-1018.0
84.0,-164.0,,-74.0,30.0,1055.0,-581.0,-1069.0,,-1068.0
66.0,-156.0,,-110.0,51.0,1266.0,-573.0,-783.0,,-1085.0
40.0,-166.0,,-126.0,104.0,1350.0,-567.0,-726.0,,-1074.0
5.0,-171.0,,-91.0,91.0,992.0,-532.0,-380.0,,-1058.0
-2.0,-121.0,,0.0,134.0,578.0,-490.0,-467.0,,-1016.0
-21.0,-74.0,,-93.0,154.0,544.0,-461.0,-441.0,,-956.0
-50.0,-91.0,,-70.0,158.0,594.0,-448.0,-447.0,,-878.0
-6.0,-106.0,,-55.0,223.0,484.0,-450.0,-460.0,,-790.0
-6.0,-58.0,,-48.0,204.0,376.0,-426.0,-310.0,,-718.0
-12.0,-20.0,,56.0,152.0,378.0,-402.0,-530.0,,-646.0
4.0,-74.0,,80.0,130.0,596.0,-393.0,-513.0,,-573.0
41.0,-115.0,,-39.0,55.0,733.0,-383.0,-748.0,,-508.0
37.0,-71.0,,-47.0,57.0,485.0,-358.0,-883.0,,-441.0
57.0,-18.0,,-104.0,66.0,385.0,-353.0,-1025.0,,-374.0
103.0,-86.0,,-288.0,18.0,481.0,-350.0,-1330.0,,-309.0
73.0,-129.0,,-100.0,29.0,482.0,-339.0,-1252.0,,-254.0
74.0,-66.0,,-24.0,2.0,233.0,-344.0,-1411.0,,-209.0
84.0,-28.0,,-40.0,-19.0,-35.0,-338.0,-1273.0,,-175.0
134.0,-69.0,,-150.0,4.0,-14.0,-324.0,-1276.0,,-160.0
155.0,-142.0,,-211.0,-24.0,214.0,-304.0,-1313.0,,-157.0
162.0,-142.0,,-45.0,-27.0,435.0,-270.0,-1208.0,,-159.0
178.0,-140.0,,-45.0,-26.0,511.0,-230.0,-1367.0,,-177.0
177.0,-134.0,,-63.0,-69.0,651.0,-210.0,-1156.0,,-216.0
219.0,-162.0,,-129.0,-47.0,814.0,-204.0,-1141.0,,-274.0
229.0,-199.0,,-78.0,-67.0,1018.0,-213.0,-888.0,,-352.0
234.0,-138.0,,-232.0,-128.0,1151.0,-243.0,-733.0,,-445.0
239.0,-88.0,,-211.0,-122.0,841.0,-247.0,-816.0,,-551.0
288.0,-62.0,,-62.0,-157.0,148.0,-236.0,-663.0,,-647.0
291.0,16.0,,-180.0,-141.0,-373.0,-240.0,-772.0,,-724.0
275.0,114.0,,-162.0,-62.0,-305.0,-243.0,-537.0,,-791.0
327.0,201.0,,-259.0,-28.0,-278.0,-248.0,-495.0,,-834.0
329.0,277.0,,-218.0,56.0,-598.0,-250.0,-445.0,,-862.0
332.0,367.0,,-154.0,105.0,-653.0,-247.0,-373.0,,-886.0
328.0,461.0,,-41.0,111.0,-226.0,-269.0,-628.0,,-904.0
333.0,417.0,,22.0,176.0,131.0,-291.0,-670.0,,-912.0
338.0,298.0,,-134.0,196.0,-60.0,-306.0,-899.0,,-918.0
319.0,217.0,,-131.0,237.0,-287.0,-310.0,-698.0,,-934.0
312.0,192.0,,-198.0,287.0,-241.0,-283.0,-484.0,,-939.0
296.0,169.0,,-443.0,207.0,-353.0,-254.0,-341.0,,-956.0
289.0,110.0,,-431.0,137.0,-660.0,-242.0,-7.0,,-979.0
268.0,156.0,,-251.0,48.0,-949.0,-225.0,-11.0,,-999.0
207.0,186.0,,-435.0,-94.0,-1120.0,-212.0,153.0,,-1023.0
151.0,155.0,,-657.0,-119.0,-1132.0,-248.0,-96.0,,-1032.0
156.0,145.0,,-711.0,-164.0,-1318.0,-296.0,-399.0,,-1039.0
162.0,129.0,,-620.0,-191.0,-1606.0,-333.0,-624.0,,-1033.0
140.0,92.0,,-547.0,-106.0,-1531.0,-342.0,-890.0,,-1014.0
91.0,53.0,,-520.0,-110.0,-1492.0,-325.0,-770.0,,-1005.0
79.0,139.0,,-453.0,-108.0,-1785.0,-330.0,-886.0,,-989.0
96.0,219.0,,-538.0,-90.0,-2085.0,-324.0,-792.0,,-959.0
96.0,182.0,,-674.0,-135.0,-2282.0,-310.0,-866.0,,-924.0
111.0,123.0,,-615.0,-81.0,-2421.0,-301.0,-931.0,,-888.0
84.0,117.0,,-514.0,-52.0,-2446.0,-306.0,-875.0,,-838.0
101.0,143.0,,-624.0,-104.0,-2483.0,-336.0,-1088.0,,-790.0
124.0,67.0,,-551.0,-118.0,-2584.0,-356.0,-901.0,,-744.0
115.0,-101.0,,-467.0,-194.0,-2702.0,-380.0,-958.0,,-669.0
116.0,-257.0,,-404.0,-236.0,-2740.0,-395.0,-861.0,,-598.0
95.0,-284.0,,-360.0,-183.0,-2508.0,-406.0,-763.0,,-515.0
78.0,-275.0,,-431.0,-189.0,-2487.0,-403.0,-764.0,,-426.0
48.0,-283.0,,-380.0,-115.0,-2808.0,-403.0,-550.0,,-341.0
64.0,-183.0,,-397.0,-15.0,-2890.0,-408.0,-731.0,,-266.0
38.0,-48.0,,-298.0,-40.0,-2859.0,-411.0,-631.0,,-230.0
-13.0,40.0,,-309.0,-27.0,-3141.0,-417.0,-713.0,,-202.0
-1.0,67.0,,-270.0,-66.0,-3379.0,-413.0,-711.0,,-213.0
-14.0,129.0,,-134.0,-140.0,-3420.0,-433.0,-548.0,,-251.0
-39.0,123.0,,-306.0,-86.0,-3444.0,-453.0,-596.0,,-312.0
-61.0,-59.0,,-317.0,-70.0,-3535.0,-486.0,-336.0,,-400.0
-62.0,-263.0,,-101.0,-49.0,-3800.0,-511.0,-426.0,,-478.0
-55.0,-408.0,,-37.0,18.0,-3867.0,-526.0,-369.0,,-539.0
-103.0,-453.0,,-187.0,-8.0,-3625.0,-527.0,-471.0,,-579.0
-140.0,-543.0,,-140.0,30.0,-3384.0,-502.0,-633.0,,-604.0
-127.0,-637.0,,-53.0,79.0,-3241.0,-509.0,-452.0,,-617.0
-125.0,-605.0,,-10.0,35.0,-2926.0,-494.0,-576.0,,-632.0
-139.0,-449.0,,55.0,100.0,-2735.0,-476.0,-441.0,,-648.0
-186.0,-269.0,,41.0,147.0,-2666.0,-469.0,-539.0,,-665.0
-183.0,-177.0,,125.0,162.0,-2453.0,-466.0,-521.0,,-662.0
-148.0,-47.0,,80.0,242.0,-2585.0,-488.0,-485.0,,-631.0
-168.0,74.0,,25.0,220.0,-2813.0,-496.0,-742.0,,-582.0
-210.0,62.0,,-51.0,207.0,-2952.0,-497.0,-668.0,,-509.0
-249.0,-113.0,,-146.0,208.0,-3004.0,-482.0,-801.0,,-437.0
-200.0,-293.0,,-178.0,113.0,-2964.0,-453.0,-663.0,,-362.0
-160.0,-428.0,,-193.0,93.0,-2931.0,-422.0,-705.0,,-289.0
-161.0,-627.0,,-13.0,80.0,-2875.0,-417.0,-739.0,,-205.0
-158.0,-815.0,,70.0,40.0,-2831.0,-419.0,-526.0,,-113.0
-143.0,-904.0,,96.0,74.0,-2673.0,-403.0,-624.0,,-37.0
-101.0,-858.0,,60.0,49.0,-2668.0,-395.0,-513.0,,47.0
-107.0,-762.0,,-107.0,26.0,-2777.0,-375.0,-683.0,,108.0
-89.0,-622.0,,-138.0,20.0,-2754.0,-358.0,-524.0,,157.0
-71.0,-470.0,,-104.0,-56.0,-2772.0,-354.0,-223.0,,194.0
-91.0,-300.0,,-131.0,-78.0,-2879.0,-358.0,-38.0,,206.0
-92.0,-166.0,,-7.0,-83.0,-2946.0,-379.0,288.0,,220.0
-89.0,-78.0,,15.0,-121.0,-2918.0,-403.0,88.0,,220.0
-84.0,23.0,,-253.0,-118.0,-2842.0,-402.0,101.0,,212.0
-104.0,85.0,,-261.0,-133.0,-2785.0,-373.0,-51.0,,200.0
-149.0,243.0,,-363.0,-125.0,-2796.0,-331.0,-164.0,,188.0
-186.0,341.0,,-449.0,-115.0,-2994.0,-300.0,-90.0,,179.0
-202.0,335.0,,-359.0,-181.0,-3191.0,-294.0,-133.0,,175.0
-239.0,269.0,,-463.0,-191.0,-3034.0,-280.0,171.0,,194.0
-302.0,138.0,,-452.0,-177.0,-2861.0,-272.0,73.0,,242.0
-360.0,45.0,,-452.0,-154.0,-2752.0,-275.0,96.0,,319.0
-393.0,-78.0,,-470.0,-78.0,-2535.0,-274.0,-12.0,,405.0
-388.0,-185.0,,-434.0,-87.0,-2247.0,-283.0,-290.0,,495.0
-416.0,-276.0,,-378.0,-99.0,-1965.0,-296.0,-389.0,,578.0
-442.0,-324.0,,-290.0,-90.0,-1799.0,-291.0,-679.0,,649.0
-441.0,-367.0,,-255.0,-113.0,-1591.0,-298.0,-497.0,,708.0
-458.0,-423.0,,-335.0,-37.0,-1527.0,-314.0,-522.0,,725.0
-471.0,-380.0,,-398.0,55.0,-1658.0,-310.0,-450.0,,725.0
-475.0,-223.0,,-507.0,117.0,-1869.0,-306.0,-363.0,,710.0
-468.0,-89.0,,-510.0,164.0,-1969.0,-284.0,-476.0,,664.0
-465.0,-98.0,,-276.0,56.0,-1969.0,-277.0,-212.0,,603.0
-437.0,-84.0,,-263.0,-71.0,-1990.0,-286.0,-232.0,,521.0
-396.0,-16.0,,-262.0,-118.0,-1848.0,-272.0,96.0,,430.0
-353.0,-3.0,,-258.0,-152.0,-1777.0,-251.0,328.0,,333.0
-322.0,-133.0,,-256.0,-60.0,-1608.0,-211.0,463.0,,255.0
-327.0,-180.0,,-83.0,32.0,-1500.0,-172.0,652.0,,199.0
-321.0,-14.0,,-70.0,48.0,-1406.0,-147.0,351.0,,162.0
-287.0,16.0,,-114.0,120.0,-1187.0,-156.0,356.0,,154.0
-258.0,-147.0,,-124.0,89.0,-1338.0,-180.0,166.0,,149.0
-269.0,-270.0,,-179.0,12.0,-1533.0,-154.0,210.0,,155.0
-249.0,-219.0,,-96.0,-7.0,-1504.0,-103.0,319.0,,157.0
-201.0,-194.0,,14.0,-97.0,-1345.0,-44.0,279.0,,146.0
-188.0,-280.0,,69.0,-92.0,-1433.0,11.0,580.0,,115.0
-195.0,-306.0,,65.0,-44.0,-1704.0,37.0,513.0,,53.0
-183.0,-250.0,,48.0,-87.0,-1830.0,32.0,609.0,,-22.0
-162.0,-222.0,,0.0,-60.0,-1972.0,29.0,572.0,,-109.0
-170.0,-318.0,,-90.0,-74.0,-2044.0,49.0,630.0,,-194.0
-176.0,-346.0,,-44.0,-113.0,-2150.0,70.0,783.0,,-272.0
-167.0,-196.0,,45.0,-45.0,-2229.0,74.0,644.0,,-329.0
-134.0,-69.0,,158.0,-39.0,-2072.0,81.0,692.0,,-359.0
-124.0,-111.0,,197.0,10.0,-1817.0,98.0,439.0,,-359.0
-119.0,-169.0,,131.0,93.0,-1558.0,134.0,497.0,,-336.0
-101.0,-60.0,,34.0,26.0,-1428.0,162.0,454.0,,-295.0
-72.0,63.0,,113.0,15.0,-1403.0,163.0,349.0,,-239.0
-50.0,-15.0,,199.0,-38.0,-1139.0,148.0,506.0,,-187.0
-42.0,-177.0,,261.0,-168.0,-636.0,118.0,349.0,,-150.0
-5.0,-88.0,,304.0,-156.0,-287.0,117.0,493.0,,-139.0
22.0,89.0,,74.0,-192.0,-386.0,152.0,426.0,,-132.0
39.0,125.0,,62.0,-186.0,-488.0,201.0,439.0,,-153.0
45.0,181.0,,160.0,-70.0,-127.0,257.0,402.0,,-193.0
79.0,363.0,,252.0,-61.0,-20.0,268.0,190.0,,-222.0
120.0,576.0,,162.0,-4.0,-328.0,261.0,293.0,,-245.0
121.0,595.0,,24.0,54.0,-409.0,269.0,164.0,,-244.0
115.0,563.0,,202.0,17.0,-198.0,294.0,367.0,,-227.0
142.0,631.0,,273.0,41.0,2.0,327.0,382.0,,-182.0
172.0,670.0,,311.0,0.0,-20.0,341.0,327.0,,-119.0
180.0,531.0,,135.0,-54.0,-13.0,358.0,434.0,,-57.0
194.0,259.0,,146.0,-4.0,212.0,358.0,249.0,,8.0
173.0,144.0,,362.0,-31.0,294.0,355.0,380.0,,55.0
140.0,119.0,,324.0,-16.0,-23.0,382.0,295.0,,72.0
119.0,83.0,,465.0,47.0,-231.0,417.0,415.0,,50.0
131.0,95.0,,374.0,20.0,-277.0,456.0,583.0,,9.0
116.0,149.0,,310.0,87.0,-452.0,490.0,578.0,,-30.0
85.0,224.0,,412.0,134.0,-490.0,515.0,761.0,,-74.0
97.0,250.0,,324.0,112.0,-358.0,523.0,574.0,,-129.0
92.0,287.0,,453.0,166.0,-177.0,537.0,600.0,,-198.0
68.0,341.0,,487.0,154.0,-4.0,539.0,389.0,,-271.0
43.0,348.0,,371.0,168.0,193.0,522.0,218.0,,-345.0
63.0,295.0,,329.0,217.0,346.0,510.0,277.0,,-404.0
52.0,261.0,,299.0,164.0,217.0,498.0,197.0,,-453.0
11.0,317.0,,393.0,157.0,-147.0,508.0,410.0,,-490.0
-9.0,356.0,,398.0,127.0,-290.0,511.0,206.0,,-512.0
-14.0,329.0,,385.0,50.0,-175.0,498.0,218.0,,-534.0
-2.0,248.0,,464.0,39.0,-244.0,485.0,295.0,,-532.0
-28.0,169.0,,318.0,3.0,-338.0,459.0,347.0,,-523.0
-48.0,84.0,,366.0,19.0,-194.0,452.0,602.0,,-512.0
-56.0,-3.0,,577.0,86.0,59.0,464.0,474.0,,-480.0
-45.0,4.0,,445.0,98.0,186.0,458.0,552.0,,-461.0
-59.0,46.0,,339.0,153.0,66.0,451.0,334.0,,-427.0
-90.0,113.0,,283.0,176.0,-91.0,465.0,169.0,,-401.0
-101.0,184.0,,165.0,135.0,-44.0,496.0,68.0,,-377.0
-116.0,207.0,,282.0,120.0,118.0,535.0,-120.0,,-328.0
-146.0,160.0,,496.0,30.0,100.0,542.0,120.0,,-294.0
-194.0,33.0,,390.0,-51.0,42.0,539.0,171.0,,-226.0
-199.0,-85.0,,243.0,-85.0,187.0,534.0,489.0,,-137.0
-214.0,-141.0,,99.0,-171.0,346.0,523.0,648.0,,-39.0
-218.0,-93.0,,17.0,-175.0,395.0,517.0,692.0,,75.0
-203.0,-83.0,,248.0,-165.0,250.0,481.0,752.0,,195.0
-181.0,-99.0,,200.0,-181.0,-35.0,456.0,467.0,,334.0
-150.0,-11.0,,79.0,-128.0,-329.0,454.0,539.0,,482.0
-131.0,71.0,,58.0,-122.0,-527.0,438.0,498.0,,637.0
-114.0,101.0,,-107.0,-76.0,-583.0,439.0,692.0,,770.0
-132.0,152.0,,-110.0,-12.0,-611.0,458.0,892.0,,892.0
-82.0,337.0,,45.0,-62.0,-575.0,457.0,912.0,,996.0
-32.0,513.0,,37.0,-65.0,-409.0,445.0,1127.0,,1048.0
-22.0,491.0,,-70.0,-68.0,-63.0,432.0,842.0,,1080.0
28.0,376.0,,-150.0,-100.0,10.0,429.0,583.0,,1073.0
77.0,299.0,,-179.0,-53.0,-110.0,414.0,101.0,,1025.0
101.0,158.0,,-83.0,-64.0,0.0,398.0,-269.0,,948.0
103.0,-182.0,,-132.0,-71.0,137.0,394.0,-314.0,,843.0
144.0,-450.0,,8.0,-11.0,260.0,376.0,-443.0,,720.0
141.0,-427.0,,50.0,-24.0,231.0,372.0,-123.0,,584.0
121.0,-344.0,,-111.0,17.0,246.0,351.0,-46.0,,450.0
154.0,-344.0,,6.0,59.0,467.0,350.0,166.0,,318.0
162.0,-239.0,,-7.0,29.0,671.0,353.0,267.0,,211.0
175.0,14.0,,1.0,132.0,895.0,346.0,125.0,,145.0
182.0,161.0,,-6.0,181.0,1178.0,353.0,262.0,,112.0
205.0,47.0,,67.0,164.0,1212.0,333.0,160.0,,121.0
223.0,-125.0,,236.0,190.0,868.0,330.0,393.0,,168.0
219.0,-143.0,,107.0,71.0,565.0,310.0,428.0,,236.0
230.0,-118.0,,152.0,-17.0,333.0,291.0,533.0,,289.0
216.0,-195.0,,207.0,-31.0,52.0,289.0,794.0,,339.0
232.0,-192.0,,132.0,-78.0,-322.0,290.0,755.0,,389.0
245.0,7.0,,352.0,-12.0,-713.0,309.0,957.0,,420.0
232.0,170.0,,407.0,45.0,-727.0,326.0,742.0,,443.0
244.0,228.0,,259.0,63.0,-509.0,353.0,668.0,,457.0
277.0,329.0,,266.0,131.0,-233.0,360.0,591.0,,467.0
286.0,508.0,,306.0,89.0,-50.0,359.0,498.0,,479.0
272.0,558.0,,294.0,56.0,-160.0,358.0,692.0,,509.0
288.0,359.0,,212.0,104.0,-241.0,331.0,668.0,,548.0
284.0,183.0,,238.0,82.0,-62.0,304.0,947.0,,601.0
281.0,169.0,,239.0,102.0,324.0,267.0,975.0,,661.0
263.0,98.0,,128.0,118.0,396.0,215.0,1047.0,,707.0
270.0,-83.0,,33.0,75.0,84.0,201.0,1103.0,,759.0
264.0,-156.0,,12.0,110.0,121.0,227.0,940.0,,797.0
192.0,-86.0,,235.0,101.0,432.0,255.0,979.0,,811.0
184.0,-43.0,,432.0,79.0,430.0,272.0,687.0,,816.0
159.0,-59.0,,310.0,80.0,143.0,258.0,679.0,,796.0
118.0,-10.0,,129.0,-20.0,60.0,239.0,593.0,,753.0
60.0,131.0,,137.0,-70.0,237.0,227.0,550.0,,686.0
27.0,171.0,,46.0,-93.0,336.0,240.0,716.0,,605.0
4.0,13.0,,-1.0,-161.0,235.0,253.0,606.0,,526.0
-48.0,-124.0,,201.0,-131.0,323.0,241.0,766.0,,454.0
-100.0,-187.0,,162.0,-111.0,636.0,219.0,626.0,,391.0
-146.0,-277.0,,-83.0,-81.0,810.0,152.0,580.0,,354.0
-164.0,-323.0,,-207.0,17.0,982.0,95.0,515.0,,355.0
-238.0,-222.0,,-163.0,53.0,972.0,83.0,299.0,,382.0
-272.0,-35.0,,-110.0,98.0,701.0,105.0,388.0,,427.0
-330.0,4.0,,-124.0,114.0,413.0,141.0,234.0,,480.0
-396.0,-36.0,,-172.0,72.0,212.0,169.0,443.0,,534.0
-454.0,-28.0,,-180.0,116.0,160.0,182.0,533.0,,576.0
-518.0,-87.0,,-165.0,135.0,-36.0,165.0,593.0,,602.0
-512.0,-234.0,,-113.0,122.0,-275.0,163.0,720.0,,603.0
-532.0,-279.0,,13.0,112.0,-270.0,158.0,519.0,,573.0
-537.0,-123.0,,-128.0,-18.0,-28.0,102.0,667.0,,520.0
-537.0,67.0,,-76.0,-125.0,-28.0,56.0,631.0,,449.0
-494.0,170.0,,60.0,-191.0,-297.0,42.0,833.0,,362.0
-487.0,236.0,,-55.0,-287.0,-239.0,26.0,964.0,,271.0
-478.0,343.0,,-4.0,-249.0,-202.0,45.0,849.0,,195.0
-419.0,322.0,,-111.0,-197.0,-338.0,44.0,909.0,,144.0
-366.0,71.0,,-48.0,-176.0,-523.0,7.0,668.0,,127.0
-309.0,-138.0,,82.0,-79.0,-521.0,-21.0,798.0,,138.0
-292.0,-189.0,,35.0,-65.0,-319.0,-61.0,772.0,,180.0
-185.0,-308.0,,34.0,-65.0,-210.0,-71.0,718.0,,248.0
-109.0,-518.0,,-46.0,-36.0,-94.0,-79.0,681.0,,322.0
-66.0,-580.0,,100.0,-66.0,-145.0,-88.0,408.0,,396.0
-24.0,-472.0,,24.0,14.0,-6.0,-96.0,448.0,,462.0
18.0,-409.0,,-82.0,129.0,363.0,-98.0,280.0,,525.0
105.0,-445.0,,9.0,190.0,659.0,-106.0,371.0,,579.0
154.0,-383.0,,-17.0,307.0,755.0,-148.0,412.0,,618.0
195.0,-201.0,,-48.0,314.0,633.0,-176.0,369.0,,636.0
205.0,-163.0,,-87.0,243.0,553.0,-215.0,480.0,,623.0
255.0,-319.0,,-44.0,213.0,269.0,-245.0,317.0,,571.0
270.0,-347.0,,-93.0,91.0,-129.0,-231.0,424.0,,488.0
256.0,-196.0,,-27.0,1.0,-327.0,-202.0,363.0,,388.0
244.0,-147.0,,-25.0,-20.0,-158.0,-204.0,347.0,,284.0
226.0,-200.0,,-193.0,-60.0,93.0,-244.0,262.0,,178.0
237.0,-113.0,,-159.0,5.0,178.0,-285.0,79.0,,79.0
195.0,85.0,,-114.0,78.0,416.0,-306.0,288.0,,6.0
192.0,101.0,,-69.0,93.0,882.0,-325.0,360.0,,-50.0
190.0,-69.0,,9.0,183.0,1406.0,-344.0,696.0,,-96.0
153.0,-237.0,,75.0,204.0,1606.0,-333.0,788.0,,-136.0
106.0,-337.0,,17.0,187.0,1707.0,-331.0,766.0,,-153.0
58.0,-452.0,,-180.0,237.0,1774.0,-333.0,879.0,,-154.0
54.0,-565.0,,42.0,161.0,1809.0,-327.0,672.0,,-169.0
50.0,-531.0,,250.0,86.0,2011.0,-336.0,774.0,,-168.0
32.0,-340.0,,259.0,54.0,2023.0,-333.0,702.0,,-181.0
5.0,-221.0,,397.0,-49.0,1886.0,-330.0,801.0,,-217.0
-7.0,-260.0,,123.0,-58.0,1700.0,-333.0,899.0,,-245.0
12.0,-233.0,,103.0,-59.0,1788.0,-353.0,753.0,,-280.0
31.0,-101.0,,314.0,-105.0,1959.0,-352.0,805.0,,-308.0
16.0,-15.0,,255.0,-37.0,1723.0,-343.0,521.0,,-336.0
18.0,-10.0,,325.0,-8.0,1350.0,-363.0,487.0,,-357.0
48.0,6.0,,313.0,-20.0,1207.0,-351.0,262.0,,-362.0
104.0,24.0,,208.0,39.0,1483.0,-341.0,3.0,,-360.0
121.0,44.0,,234.0,-11.0,1742.0,-342.0,-88.0,,-344.0
114.0,85.0,,295.0,-82.0,1879.0,-321.0,-356.0,,-322.0
134.0,151.0,,162.0,-90.0,2077.0,-303.0,-184.0,,-296.0
177.0,197.0,,173.0,-155.0,2374.0,-271.0,-201.0,,-261.0
223.0,134.0,,343.0,-119.0,2547.0,-242.0,-83.0,,-213.0
236.0,68.0,,200.0,-33.0,2453.0,-249.0,-84.0,,-168.0
272.0,39.0,,115.0,-42.0,2418.0,-247.0,-190.0,,-127.0
291.0,-25.0,,154.0,-3.0,2377.0,-283.0,-12.0,,-77.0
290.0,-83.0,,201.0,0.0,2048.0,-319.0,-60.0,,-38.0
299.0,-17.0,,220.0,-52.0,1472.0,-334.0,188.0,,-3.0
322.0,96.0,,181.0,-2.0,1147.0,-333.0,131.0,,44.0
318.0,150.0,,166.0,-31.0,1231.0,-277.0,62.0,,97.0
285.0,257.0,,90.0,-102.0,1311.0,-253.0,48.0,,142.0
288.0,441.0,,114.0,-105.0,1143.0,-231.0,-99.0,,192.0
306.0,536.0,,100.0,-208.0,1241.0,-216.0,62.0,,256.0
309.0,450.0,,214.0,-250.0,1721.0,-207.0,-121.0,,321.0
256.0,230.0,,253.0,-182.0,1993.0,-188.0,-51.0,,398.0
235.0,54.0,,120.0,-153.0,1965.0,-184.0,-36.0,,480.0
227.0,-30.0,,159.0,-44.0,1782.0,-163.0,-49.0,,536.0
199.0,-161.0,,178.0,33.0,1738.0,-177.0,142.0,,563.0
199.0,-282.0,,147.0,-2.0,1773.0,-180.0,59.0,,564.0
186.0,-272.0,,180.0,14.0,1832.0,-174.0,229.0,,536.0
161.0,-171.0,,319.0,-21.0,2085.0,-176.0,112.0,,491.0
151.0,-83.0,,269.0,-50.0,2251.0,-176.0,86.0,,427.0
150.0,45.0,,329.0,65.0,2226.0,-200.0,84.0,,377.0
141.0,302.0,,339.0,124.0,2379.0,-198.0,-11.0,,339.0
122.0,574.0,,191.0,188.0,2716.0,-196.0,168.0,,331.0
94.0,669.0,,283.0,302.0,2673.0,-163.0,0.0,,359.0
96.0,633.0,,234.0,302.0,2101.0,-96.0,53.0,,389.0
63.0,623.0,,186.0,344.0,1775.0,-57.0,-75.0,,445.0
56.0,565.0,,113.0,389.0,1875.0,-38.0,-280.0,,490.0
61.0,385.0,,76.0,304.0,1696.0,-31.0,-323.0,,517.0
41.0,173.0,,114.0,292.0,1427.0,-14.0,-558.0,,544.0
36.0,50.0,,50.0,292.0,1419.0,1.0,-469.0,,567.0
27.0,-70.0,,11.0,243.0,1550.0,26.0,-567.0,,600.0
52.0,-218.0,,-182.0,258.0,1496.0,42.0,-480.0,,631.0
8.0,-359.0,,-287.0,196.0,1320.0,27.0,-423.0,,661.0
-13.0,-458.0,,-127.0,108.0,1362.0,24.0,-528.0,,671.0
-28.0,-497.0,,-142.0,94.0,1337.0,29.0,-465.0,,642.0
-24.0,-557.0,,-138.0,21.0,1272.0,58.0,-661.0,,566.0
-13.0,-548.0,,90.0,-6.0,1220.0,89.0,-513.0,,439.0
-38.0,-392.0,,-17.0,1.0,1007.0,91.0,-504.0,,281.0
-18.0,-120.0,,-173.0,-85.0,756.0,98.0,-461.0,,92.0
-22.0,128.0,,-175.0,-137.0,714.0,104.0,-341.0,,-103.0
6.0,365.0,,-245.0,-191.0,783.0,112.0,-506.0,,-289.0
-2.0,602.0,,-199.0,-248.0,839.0,142.0,-430.0,,-458.0
8.0,698.0,,-29.0,-191.0,900.0,165.0,-655.0,,-583.0
28.0,670.0,,-10.0,-145.0,953.0,173.0,-737.0,,-670.0
32.0,570.0,,-179.0,-103.0,1183.0,181.0,-792.0,,-702.0
72.0,517.0,,-211.0,0.0,1232.0,191.0,-783.0,,-668.0
74.0,457.0,,-161.0,38.0,930.0,209.0,-450.0,,-580.0
130.0,302.0,,25.0,35.0,671.0,230.0,-461.0,,-470.0
159.0,151.0,,26.0,12.0,640.0,263.0,-293.0,,-368.0
194.0,31.0,,-49.0,-59.0,709.0,264.0,-400.0,,-285.0
244.0,-107.0,,-72.0,-24.0,631.0,261.0,-563.0,,-238.0
263.0,-270.0,,-243.0,46.0,475.0,278.0,-637.0,,-222.0
287.0,-408.0,,-141.0,38.0,474.0,286.0,-912.0,,-233.0
302.0,-511.0,,-21.0,43.0,650.0,304.0,-912.0,,-250.0
348.0,-592.0,,128.0,13.0,654.0,304.0,-1176.0,,-272.0
350.0,-645.0,,194.0,2.0,605.0,299.0,-1154.0,,-307.0
334.0,-588.0,,86.0,62.0,628.0,302.0,-1154.0,,-322.0
336.0,-485.0,,115.0,40.0,629.0,298.0,-1195.0,,-320.0
363.0,-450.0,,91.0,1.0,721.0,307.0,-1014.0,,-306.0
398.0,-367.0,,60.0,5.0,693.0,327.0,-1263.0,,-275.0
382.0,-97.0,,84.0,-41.0,699.0,341.0,-1250.0,,-225.0
343.0,245.0,,71.0,-34.0,865.0,337.0,-1443.0,,-177.0
326.0,434.0,,50.0,-10.0,1120.0,310.0,-1537.0,,-134.0
339.0,560.0,,89.0,-51.0,1252.0,279.0,-1516.0,,-93.0
305.0,764.0,,33.0,-16.0,1061.0,250.0,-1622.0,,-67.0
247.0,890.0,,71.0,35.0,857.0,236.0,-1324.0,,-60.0
242.0,818.0,,162.0,79.0,849.0,242.0,-1313.0,,-78.0
251.0,660.0,,146.0,179.0,809.0,236.0,-1123.0,,-105.0
238.0,516.0,,290.0,189.0,259.0,227.0,-1104.0,,-156.0
218.0,317.0,,212.0,114.0,-123.0,236.0,-1140.0,,-222.0
187.0,-9.0,,50.0,7.0,86.0,258.0,-929.0,,-285.0
156.0,-309.0,,53.0,-170.0,169.0,268.0,-1042.0,,-354.0
164.0,-413.0,,39.0,-255.0,-24.0,265.0,-997.0,,-409.0
169.0,-431.0,,120.0,-239.0,-279.0,268.0,-1208.0,,-457.0
146.0,-480.0,,209.0,-233.0,-129.0,294.0,-1182.0,,-480.0
128.0,-485.0,,250.0,-188.0,53.0,308.0,-1091.0,,-464.0
144.0,-352.0,,253.0,-192.0,-240.0,285.0,-1226.0,,-427.0
150.0,-214.0,,117.0,-229.0,-439.0,247.0,-1234.0,,-359.0
140.0,-208.0,,-130.0,-186.0,-281.0,216.0,-1557.0,,-274.0
157.0,-187.0,,-136.0,-134.0,-75.0,194.0,-1572.0,,-173.0
197.0,14.0,,-106.0,-33.0,14.0,202.0,-1773.0,,-64.0
210.0,278.0,,-121.0,116.0,299.0,249.0,-1947.0,,37.0
216.0,394.0,,-13.0,181.0,664.0,258.0,-1923.0,,148.0
277.0,463.0,,-83.0,221.0,680.0,246.0,-2025.0,,268.0
320.0,638.0,,-156.0,239.0,471.0,228.0,-1727.0,,380.0
336.0,775.0,,-96.0,203.0,365.0,186.0,-1845.0,,471.0
343.0,719.0,,-51.0,249.0,298.0,166.0,-1897.0,,550.0
357.0,585.0,,-99.0,327.0,58.0,160.0,-1982.0,,618.0
379.0,561.0,,-93.0,365.0,31.0,141.0,-2189.0,,670.0
390.0,534.0,,20.0,411.0,210.0,124.0,-2104.0,,703.0
387.0,408.0,,94.0,382.0,102.0,86.0,-2248.0,,724.0
369.0,324.0,,154.0,308.0,-70.0,51.0,-2019.0,,726.0
401.0,350.0,,135.0,235.0,233.0,34.0,-1936.0,,695.0
407.0,347.0,,107.0,103.0,765.0,13.0,-1866.0,,648.0
397.0,147.0,,161.0,-4.0,765.0,38.0,-1755.0,,583.0
397.0,-85.0,,169.0,-86.0,371.0,56.0,-1871.0,,494.0
402.0,-254.0,,95.0,-202.0,241.0,59.0,-1668.0,,384.0
410.0,-472.0,,83.0,-278.0,309.0,60.0,-1842.0,,258.0
400.0,-777.0,,77.0,-383.0,169.0,48.0,-1814.0,,135.0
423.0,-1034.0,,-62.0,-526.0,-193.0,59.0,-1675.0,,11.0
421.0,-1172.0,,-37.0,-583.0,-336.0,44.0,-1594.0,,-113.0
410.0,-1283.0,,-7.0,-598.0,34.0,19.0,-1321.0,,-228.0
371.0,-1264.0,,-201.0,-509.0,231.0,0.0,-1524.0,,-343.0
355.0,-1019.0,,-238.0,-296.0,76.0,-21.0,-1561.0,,-457.0
374.0,-567.0,,-204.0,-102.0,150.0,-15.0,-1731.0,,-555.0
349.0,-129.0,,-238.0,110.0,480.0,10.0,-1738.0,,-638.0
323.0,182.0,,-265.0,279.0,826.0,28.0,-1531.0,,-700.0
313.0,467.0,,-283.0,311.0,803.0,27.0,-1552.0,,-733.0
350.0,710.0,,-211.0,322.0,818.0,17.0,-1319.0,,-747.0
349.0,824.0,,-141.0,268.0,938.0,-6.0,-1465.0,,-745.0
302.0,752.0,,-229.0,169.0,789.0,-26.0,-1483.0,,-725.0
278.0,578.0,,-220.0,140.0,736.0,-13.0,-1609.0,,-703.0
302.0,330.0,,-152.0,93.0,851.0,24.0,-1810.0,,-687.0
336.0,15.0,,-297.0,95.0,1076.0,40.0,-1744.0,,-669.0
296.0,-303.0,,-330.0,166.0,1006.0,31.0,-1960.0,,-656.0
284.0,-473.0,,-184.0,157.0,634.0,4.0,-1762.0,,-644.0
341.0,-502.0,,-190.0,123.0,454.0,-4.0,-1629.0,,-622.0
372.0,-533.0,,-294.0,65.0,275.0,15.0,-1367.0,,-602.0
358.0,-515.0,,-311.0,-50.0,-91.0,40.0,-1208.0,,-585.0
369.0,-376.0,,-390.0,-94.0,-378.0,47.0,-1452.0,,-557.0
402.0,-132.0,,-409.0,-114.0,-363.0,34.0,-1420.0,,-532.0
413.0,85.0,,-297.0,-127.0,6.0,15.0,-1618.0,,-503.0
403.0,260.0,,-234.0,-49.0,300.0,3.0,-1520.0,,-444.0
412.0,494.0,,-179.0,-51.0,217.0,11.0,-1481.0,,-374.0
453.0,689.0,,-112.0,-103.0,512.0,3.0,-1415.0,,-292.0
467.0,647.0,,-221.0,-100.0,1139.0,2.0,-1208.0,,-211.0
459.0,487.0,,-374.0,-142.0,1404.0,20.0,-1374.0,,-153.0
436.0,425.0,,-232.0,-86.0,1184.0,21.0,-1273.0,,-89.0
432.0,354.0,,-124.0,-5.0,717.0,17.0,-1431.0,,-36.0
451.0,161.0,,-161.0,-33.0,691.0,7.0,-1356.0,,1.0
412.0,-81.0,,-245.0,-8.0,932.0,18.0,-1217.0,,36.0
352.0,-281.0,,-313.0,-31.0,708.0,20.0,-1239.0,,55.0
345.0,-469.0,,-356.0,-100.0,200.0,7.0,-933.0,,65.0
315.0,-697.0,,-329.0,-87.0,-43.0,17.0,-964.0,,62.0
259.0,-823.0,,-171.0,-121.0,110.0,31.0,-783.0,,22.0
223.0,-750.0,,-131.0,-131.0,401.0,57.0,-801.0,,-56.0
208.0,-641.0,,-204.0,-86.0,505.0,108.0,-818.0,,-149.0
161.0,-567.0,,-402.0,-98.0,646.0,134.0,-707.0,,-247.0
94.0,-417.0,,-433.0,-3.0,1064.0,138.0,-955.0,,-333.0
76.0,-109.0,,-307.0,135.0,1277.0,141.0,-905.0,,-384.0
43.0,248.0,,-273.0,191.0,1023.0,138.0,-1080.0,,-409.0
10.0,501.0,,-263.0,322.0,634.0,148.0,-918.0,,-414.0
-48.0,660.0,,-270.0,413.0,550.0,164.0,-720.0,,-409.0
-119.0,823.0,,-348.0,451.0,738.0,174.0,-750.0,,-414.0
-167.0,970.0,,-429.0,522.0,684.0,172.0,-591.0,,-434.0
-189.0,924.0,,-242.0,460.0,429.0,160.0,-861.0,,-478.0
-216.0,693.0,,-109.0,394.0,528.0,157.0,-907.0,,-550.0
-271.0,455.0,,-235.0,393.0,896.0,168.0,-1199.0,,-629.0
-268.0,246.0,,-343.0,305.0,951.0,170.0,-1370.0,,-709.0
-251.0,5.0,,-252.0,245.0,614.0,169.0,-1143.0,,-789.0
-271.0,-154.0,,-292.0,162.0,375.0,165.0,-951.0,,-840.0
-300.0,-182.0,,-425.0,4.0,546.0,156.0,-471.0,,-860.0
-284.0,-152.0,,-260.0,-34.0,596.0,174.0,-421.0,,-860.0
-291.0,-104.0,,-258.0,-65.0,316.0,196.0,-179.0,,-841.0
-333.0,-17.0,,-379.0,-107.0,344.0,185.0,3.0,,-808.0
-359.0,208.0,,-456.0,-48.0,586.0,161.0,81.0,,-763.0
-364.0,397.0,,-426.0,-64.0,519.0,121.0,343.0,,-724.0
-366.0,408.0,,-398.0,-86.0,127.0,94.0,264.0,,-689.0
-383.0,333.0,,-503.0,-62.0,-189.0,80.0,515.0,,-647.0
-417.0,312.0,,-327.0,-91.0,-329.0,63.0,450.0,,-602.0
-449.0,396.0,,-159.0,-1.0,-642.0,81.0,325.0,,-552.0
-449.0,486.0,,-294.0,110.0,-902.0,97.0,197.0,,-512.0
-483.0,565.0,,-370.0,127.0,-855.0,105.0,-101.0,,-483.0
-498.0,593.0,,-164.0,179.0,-767.0,95.0,22.0,,-470.0
-518.0,523.0,,-131.0,135.0,-942.0,70.0,-51.0,,-466.0
-493.0,413.0,,-157.0,46.0,-1354.0,93.0,201.0,,-454.0
-501.0,405.0,,-17.0,57.0,-1513.0,102.0,321.0,,-442.0
-538.0,441.0,,-64.0,33.0,-1357.0,104.0,240.0,,-441.0
-517.0,374.0,,-145.0,63.0,-1341.0,121.0,242.0,,-448.0
-529.0,275.0,,-172.0,103.0,-1392.0,88.0,-24.0,,-455.0
-514.0,249.0,,-111.0,3.0,-1239.0,51.0,144.0,,-456.0
-561.0,315.0,,-46.0,-52.0,-1054.0,28.0,112.0,,-452.0
-562.0,352.0,,-37.0,-98.0,-1019.0,12.0,182.0,,-433.0
-573.0,337.0,,-8.0,-167.0,-1226.0,6.0,258.0,,-387.0
-568.0,353.0,,-54.0,-136.0,-1397.0,-19.0,190.0,,-328.0
-562.0,353.0,,-292.0,-125.0,-1337.0,-37.0,469.0,,-258.0
-615.0,266.0,,-326.0,-87.0,-1411.0,-61.0,443.0,,-197.0
-597.0,129.0,,-146.0,10.0,-1707.0,-70.0,659.0,,-160.0
-634.0,29.0,,-138.0,-7.0,-1997.0,-36.0,785.0,,-144.0
-631.0,-80.0,,-125.0,-34.0,-2013.0,0.0,984.0,,-164.0
-682.0,-245.0,,-98.0,-66.0,-2080.0,26.0,1171.0,,-203.0
-679.0,-412.0,,-20.0,-152.0,-2484.0,16.0,903.0,,-259.0
-661.0,-536.0,,-89.0,-115.0,-2757.0,-1.0,912.0,,-318.0
-696.0,-652.0,,-133.0,-63.0,-2608.0,14.0,691.0,,-366.0
-678.0,-803.0,,14.0,-30.0,-2274.0,29.0,770.0,,-404.0
-683.0,-869.0,,-60.0,69.0,-2307.0,9.0,879.0,,-407.0
-629.0,-730.0,,-209.0,100.0,-2656.0,-14.0,938.0,,-397.0
-631.0,-496.0,,-216.0,129.0,-2846.0,-21.0,1297.0,,-374.0
-580.0,-329.0,,-138.0,173.0,-2676.0,-25.0,1334.0,,-325.0
-524.0,-220.0,,-82.0,141.0,-2493.0,-29.0,1601.0,,-262.0
-482.0,-123.0,,-86.0,158.0,-2600.0,-30.0,1516.0,,-185.0
-442.0,-52.0,,16.0,195.0,-2480.0,-6.0,1389.0,,-86.0
-447.0,-47.0,,-41.0,187.0,-1917.0,14.0,1324.0,,33.0
-397.0,-110.0,,-278.0,174.0,-1441.0,29.0,1112.0,,166.0
-356.0,-215.0,,-259.0,74.0,-1327.0,43.0,1313.0,,304.0
-306.0,-412.0,,-277.0,-23.0,-1480.0,43.0,1256.0,,411.0
-302.0,-683.0,,-266.0,-34.0,-1540.0,35.0,1345.0,,482.0
-268.0,-871.0,,-242.0,-27.0,-1443.0,14.0,1230.0,,527.0
-256.0,-876.0,,-259.0,65.0,-1729.0,-7.0,1104.0,,537.0
-256.0,-741.0,,-366.0,150.0,-2414.0,-15.0,1326.0,,532.0
-263.0,-541.0,,-526.0,152.0,-2984.0,0.0,1365.0,,521.0
-264.0,-299.0,,-415.0,171.0,-2794.0,28.0,1629.0,,505.0
-234.0,-12.0,,-405.0,144.0,-2159.0,45.0,1474.0,,478.0
-272.0,248.0,,-395.0,121.0,-1897.0,8.0,1339.0,,433.0
-275.0,430.0,,-305.0,104.0,-1868.0,-20.0,1271.0,,390.0
-279.0,575.0,,-247.0,-15.0,-1654.0,-24.0,1114.0,,329.0
-236.0,643.0,,-330.0,-87.0,-1319.0,4.0,1348.0,,257.0
-264.0,606.0,,-228.0,-118.0,-1288.0,54.0,1317.0,,209.0
-287.0,501.0,,47.0,-142.0,-1483.0,61.0,1457.0,,146.0
-231.0,396.0,,-1.0,-50.0,-1681.0,52.0,1411.0,,80.0
-227.0,371.0,,-48.0,-11.0,-1867.0,7.0,1332.0,,21.0
-211.0,382.0,,66.0,-30.0,-2020.0,-21.0,1411.0,,-41.0
-217.0,355.0,,173.0,-86.0,-2138.0,-16.0,1245.0,,-89.0
-166.0,325.0,,79.0,-287.0,-2185.0,-12.0,1455.0,,-138.0
-143.0,357.0,,-34.0,-430.0,-2257.0,14.0,1478.0,,-159.0
-130.0,410.0,,53.0,-499.0,-2310.0,28.0,1712.0,,-153.0
-145.0,430.0,,97.0,-537.0,-2113.0,26.0,1973.0,,-147.0
-152.0,406.0,,45.0,-402.0,-1740.0,25.0,1928.0,,-133.0
-122.0,393.0,,89.0,-262.0,-1733.0,-4.0,1977.0,,-117.0
-163.0,401.0,,101.0,-151.0,-1939.0,-46.0,1631.0,,-112.0
-184.0,363.0,,134.0,-4.0,-1881.0,-74.0,1557.0,,-114.0
-211.0,314.0,,160.0,-5.0,-1921.0,-113.0,1409.0,,-94.0
-174.0,278.0,,173.0,-27.0,-2216.0,-136.0,1328.0,,-52.0
-166.0,189.0,,134.0,1.0,-2462.0,-160.0,1478.0,,9.0
-193.0,-4.0,,-32.0,22.0,-2262.0,-180.0,1533.0,,100.0
-201.0,-175.0,,6.0,194.0,-1996.0,-176.0,1880.0,,201.0
-228.0,-228.0,,1.0,341.0,-2045.0,-183.0,1762.0,,299.0
-189.0,-245.0,,-12.0,394.0,-1853.0,-182.0,1692.0,,383.0
-182.0,-270.0,,-76.0,474.0,-1531.0,-181.0,1485.0,,428.0
-194.0,-243.0,,-206.0,409.0,-1288.0,-188.0,1199.0,,433.0
-178.0,-94.0,,3.0,281.0,-1372.0,-186.0,1256.0,,411.0
-141.0,85.0,,19.0,172.0,-1745.0,-193.0,1058.0,,359.0
-115.0,215.0,,-160.0,0.0,-1622.0,-226.0,1239.0,,298.0
-98.0,256.0,,-11.0,-51.0,-1393.0,-277.0,1173.0,,231.0
-73.0,132.0,,58.0,-8.0,-1673.0,-314.0,1075.0,,175.0
-70.0,-173.0,,-55.0,19.0,-1932.0,-342.0,1042.0,,140.0
-67.0,-519.0,,0.0,120.0,-1764.0,-383.0,912.0,,114.0
-62.0,-740.0,,93.0,128.0,-1384.0,-397.0,1219.0,,108.0
-49.0,-847.0,,108.0,53.0,-1005.0,-399.0,1254.0,,110.0
-62.0,-881.0,,73.0,0.0,-870.0,-390.0,1583.0,,116.0
-88.0,-856.0,,100.0,-156.0,-1070.0,-384.0,1807.0,,129.0
-96.0,-783.0,,162.0,-265.0,-1196.0,-417.0,1927.0,,131.0
-131.0,-685.0,,49.0,-302.0,-1173.0,-430.0,2121.0,,137.0
-143.0,-660.0,,48.0,-355.0,-1381.0,-445.0,1901.0,,152.0
-136.0,-726.0,,255.0,-283.0,-1632.0,-455.0,1971.0,,166.0
-172.0,-819.0,,266.0,-214.0,-1878.0,-484.0,1746.0,,176.0
-168.0,-911.0,,214.0,-164.0,-2078.0,-516.0,1701.0,,172.0
-156.0,-994.0,,229.0,-61.0,-1834.0,-541.0,1784.0,,149.0
-160.0,-1007.0,,208.0,-74.0,-1668.0,-584.0,1779.0,,95.0
-202.0,-869.0,,152.0,-102.0,-1765.0,-586.0,2058.0,,28.0
-228.0,-648.0,,91.0,-123.0,-1742.0,-579.0,1892.0,,-44.0
-173.0,-435.0,,204.0,-195.0,-1925.0,-545.0,1762.0,,-123.0
-209.0,-198.0,,233.0,-174.0,-2154.0,-495.0,1365.0,,-183.0
-243.0,65.0,,58.0,-148.0,-1889.0,-468.0,1058.0,,-224.0
-227.0,327.0,,99.0,-83.0,-1656.0,-464.0,1069.0,,-250.0
-197.0,538.0,,127.0,51.0,-1830.0,-487.0,953.0,,-270.0
-208.0,664.0,,46.0,79.0,-1805.0,-519.0,1171.0,,-283.0
-255.0,767.0,,58.0,78.0,-1704.0,-540.0,1110.0,,-291.0
-241.0,860.0,,0.0,74.0,-1775.0,-570.0,1208.0,,-293.0
-234.0,894.0,,-18.0,43.0,-1844.0,-596.0,1247.0,,-283.0
-240.0,878.0,,16.0,110.0,-1866.0,-596.0,1062.0,,-280.0
-265.0,853.0,,111.0,180.0,-1511.0,-596.0,1116.0,,-295.0
-240.0,779.0,,51.0,249.0,-1084.0,-550.0,971.0,,-324.0
-219.0,660.0,,73.0,373.0,-757.0,-522.0,1208.0,,-368.0
-237.0,557.0,,215.0,342.0,-287.0,-523.0,1278.0,,-422.0
-280.0,515.0,,83.0,232.0,-110.0,-509.0,1287.0,,-473.0
-315.0,526.0,,106.0,101.0,-377.0,-498.0,1365.0,,-514.0
-291.0,506.0,,29.0,-60.0,-738.0,-508.0,1239.0,,-538.0
-297.0,486.0,,-50.0,-57.0,-1032.0,-557.0,1439.0,,-539.0
-339.0,516.0,,125.0,-26.0,-1283.0,-583.0,1313.0,,-524.0
-335.0,599.0,,152.0,0.0,-1267.0,-617.0,1341.0,,-505.0
-275.0,696.0,,58.0,77.0,-971.0,-632.0,1243.0,,-473.0
-310.0,752.0,,63.0,29.0,-574.0,-630.0,1114.0,,-445.0
-346.0,800.0,,162.0,1.0,-104.0,-646.0,1346.0,,-404.0
-373.0,794.0,,177.0,-13.0,364.0,-653.0,1313.0,,-367.0
-367.0,681.0,,258.0,-118.0,632.0,-666.0,1507.0,,-321.0
-397.0,522.0,,369.0,-119.0,475.0,-671.0,1291.0,,-261.0
-466.0,393.0,,346.0,-132.0,68.0,-679.0,1132.0,,-223.0
-430.0,293.0,,234.0,-164.0,-379.0,-679.0,1058.0,,-165.0
-486.0,183.0,,229.0,-86.0,-609.0,-665.0,761.0,,-102.0
-496.0,57.0,,252.0,-85.0,-636.0,-646.0,827.0,,-20.0
-540.0,-32.0,,255.0,-77.0,-648.0,-620.0,654.0,,74.0
-564.0,-47.0,,368.0,-71.0,-530.0,-613.0,783.0,,159.0
-542.0,-9.0,,399.0,-189.0,-414.0,-632.0,853.0,,245.0
-606.0,115.0,,319.0,-190.0,-382.0,-648.0,862.0,,307.0
-609.0,317.0,,190.0,-150.0,-427.0,-672.0,934.0,,377.0
-608.0,495.0,,169.0,-141.0,-538.0,-704.0,665.0,,429.0
-563.0,618.0,,73.0,-56.0,-584.0,-729.0,637.0,,476.0
-602.0,677.0,,-21.0,-85.0,-592.0,-746.0,336.0,,543.0
-637.0,648.0,,136.0,-147.0,-655.0,-733.0,256.0,,596.0
-611.0,511.0,,158.0,-160.0,-731.0,-734.0,260.0,,651.0
-566.0,277.0,,138.0,-241.0,-716.0,-721.0,195.0,,700.0
-552.0,-8.0,,44.0,-215.0,-413.0,-692.0,388.0,,726.0
-581.0,-344.0,,-145.0,-148.0,51.0,-695.0,240.0,,748.0
-514.0,-657.0,,-89.0,-114.0,383.0,-686.0,288.0,,771.0
-458.0,-859.0,,-81.0,-30.0,419.0,-666.0,136.0,,791.0
-404.0,-943.0,,-33.0,-36.0,354.0,-629.0,133.0,,800.0
-413.0,-913.0,,-8.0,-1.0,589.0,-602.0,338.0,,785.0
-378.0,-792.0,,-181.0,144.0,730.0,-594.0,282.0,,742.0
-313.0,-587.0,,-79.0,210.0,515.0,-564.0,413.0,,669.0
-254.0,-371.0,,-44.0,289.0,204.0,-562.0,114.0,,578.0
-209.0,-168.0,,-117.0,327.0,131.0,-560.0,62.0,,474.0
-184.0,17.0,,-17.0,286.0,201.0,-540.0,70.0,,352.0
-83.0,160.0,,-33.0,306.0,89.0,-521.0,-1.0,,220.0
-48.0,261.0,,-188.0,278.0,-37.0,-476.0,190.0,,84.0
6.0,236.0,,-305.0,251.0,4.0,-447.0,86.0,,-40.0
34.0,103.0,,-147.0,237.0,239.0,-456.0,264.0,,-154.0
109.0,-29.0,,-64.0,101.0,296.0,-454.0,227.0,,-232.0
126.0,-139.0,,-123.0,-47.0,186.0,-423.0,267.0,,-281.0
121.0,-276.0,,-119.0,-217.0,348.0,-398.0,358.0,,-289.0
232.0,-422.0,,-146.0,-333.0,768.0,-378.0,144.0,,-239.0
276.0,-572.0,,-110.0,-291.0,1088.0,-352.0,184.0,,-174.0
308.0,-743.0,,-312.0,-251.0,1209.0,-337.0,-133.0,,-73.0
259.0,-920.0,,-267.0,-196.0,1371.0,-316.0,-205.0,,44.0
309.0,-1123.0,,78.0,-147.0,1596.0,-291.0,-319.0,,172.0
339.0,-1227.0,,4.0,-156.0,1721.0,-258.0,-489.0,,318.0
337.0,-1153.0,,-69.0,-101.0,1647.0,-233.0,-421.0,,442.0
344.0,-934.0,,68.0,-57.0,1638.0,-222.0,-731.0,,542.0
318.0,-647.0,,113.0,-27.0,1621.0,-227.0,-800.0,,621.0
365.0,-403.0,,34.0,37.0,1459.0,-263.0,-1093.0,,677.0
318.0,-156.0,,74.0,-36.0,1449.0,-283.0,-1145.0,,712.0
295.0,33.0,,-30.0,-150.0,1455.0,-273.0,-968.0,,725.0
256.0,64.0,,-97.0,-233.0,1329.0,-259.0,-883.0,,720.0
272.0,-15.0,,-86.0,-317.0,1373.0,-227.0,-454.0,,691.0
282.0,-120.0,,-205.0,-249.0,1657.0,-193.0,-406.0,,624.0
231.0,-222.0,,68.0,-215.0,1722.0,-172.0,-194.0,,525.0
211.0,-331.0,,114.0,-284.0,1523.0,-134.0,-219.0,,407.0
162.0,-377.0,,166.0,-343.0,1377.0,-107.0,-299.0,,295.0
175.0,-302.0,,150.0,-504.0,1337.0,-106.0,-175.0,,194.0
125.0,-91.0,,-38.0,-566.0,1364.0,-88.0,-397.0,,124.0
88.0,182.0,,126.0,-493.0,1310.0,-65.0,-290.0,,89.0
75.0,454.0,,93.0,-408.0,1268.0,-49.0,-419.0,,70.0
57.0,704.0,,58.0,-165.0,1363.0,-40.0,-402.0,,64.0
59.0,864.0,,-79.0,43.0,1333.0,-26.0,-352.0,,45.0
36.0,853.0,,64.0,174.0,1393.0,-6.0,-456.0,,7.0
91.0,684.0,,85.0,337.0,1755.0,22.0,-328.0,,-67.0
121.0,497.0,,175.0,340.0,2047.0,46.0,-532.0,,-175.0
137.0,366.0,,-384.0,316.0,2210.0,41.0,-539.0,,-316.0
158.0,319.0,,855.0,315.0,2262.0,21.0,-752.0,,-488.0
174.0,380.0,,1446.0,225.0,2345.0,-8.0,-897.0,,-662.0
227.0,523.0,,-1719.0,252.0,2442.0,-34.0,-842.0,,-833.0
243.0,720.0,,992.0,271.0,2426.0,-42.0,-947.0,,-971.0
283.0,900.0,,592.0,195.0,2357.0,-31.0,-798.0,,-1063.0
336.0,1003.0,,-1591.0,173.0,2228.0,-3.0,-947.0,,-1107.0
369.0,1017.0,,2086.0,56.0,2225.0,4.0,-859.0,,-1101.0
385.0,972.0,,-3.0,-32.0,2168.0,6.0,-859.0,,-1042.0
372.0,918.0,,-446.0,-35.0,2044.0,14.0,-981.0,,-950.0
385.0,872.0,,688.0,-114.0,1736.0,8.0,-812.0,,-837.0
377.0,786.0,,-102.0,-61.0,1197.0,8.0,-862.0,,-708.0
326.0,609.0,,617.0,52.0,999.0,3.0,-569.0,,-578.0
300.0,342.0,,-10.0,127.0,1151.0,8.0,-513.0,,-434.0
297.0,34.0,,31.0,261.0,1302.0,29.0,-513.0,,-287.0
304.0,-270.0,,110.0,281.0,1214.0,57.0,-545.0,,-155.0
309.0,-556.0,,123.0,267.0,1162.0,64.0,-901.0,,-37.0
301.0,-799.0,,-174.0,255.0,1427.0,51.0,-1031.0,,61.0
316.0,-978.0,,-210.0,133.0,1616.0,77.0,-1302.0,,144.0
331.0,-1061.0,,366.0,88.0,1320.0,78.0,-1128.0,,213.0
325.0,-1014.0,,278.0,57.0,1030.0,76.0,-966.0,,258.0
301.0,-845.0,,-150.0,-47.0,1053.0,106.0,-777.0,,276.0
323.0,-581.0,,418.0,-139.0,1064.0,134.0,-473.0,,277.0
366.0,-270.0,,427.0,-339.0,1083.0,159.0,-598.0,,259.0
331.0,11.0,,-315.0,-538.0,970.0,174.0,-443.0,,243.0
320.0,214.0,,831.0,-587.0,924.0,193.0,-596.0,,219.0
335.0,311.0,,382.0,-553.0,947.0,219.0,-631.0,,191.0
371.0,321.0,,393.0,-375.0,1029.0,262.0,-624.0,,160.0
371.0,259.0,,347.0,-197.0,1344.0,290.0,-764.0,,125.0
335.0,121.0,,173.0,-124.0,1412.0,302.0,-615.0,,94.0
306.0,-53.0,,873.0,-45.0,1368.0,330.0,-801.0,,55.0
260.0,-256.0,,114.0,-50.0,1387.0,360.0,-783.0,,37.0
261.0,-397.0,,857.0,-59.0,1334.0,420.0,-938.0,,20.0
232.0,-424.0,,617.0,-34.0,1106.0,496.0,-1016.0,,4.0
163.0,-406.0,,556.0,-86.0,688.0,532.0,-879.0,,4.0
139.0,-409.0,,477.0,-64.0,383.0,560.0,-829.0,,0.0
141.0,-510.0,,607.0,-18.0,156.0,569.0,-399.0,,14.0
137.0,-656.0,,972.0,27.0,98.0,554.0,-400.0,,59.0
114.0,-747.0,,112.0,168.0,216.0,554.0,-323.0,,131.0
76.0,-785.0,,940.0,187.0,277.0,554.0,-358.0,,223.0
74.0,-793.0,,419.0,128.0,208.0,557.0,-606.0,,320.0
54.0,-736.0,,305.0,91.0,233.0,568.0,-631.0,,411.0
33.0,-589.0,,397.0,21.0,458.0,574.0,-916.0,,503.0
39.0,-399.0,,283.0,65.0,477.0,561.0,-840.0,,593.0
23.0,-243.0,,567.0,151.0,367.0,554.0,-855.0,,658.0
33.0,-151.0,,33.0,254.0,332.0,573.0,-776.0,,700.0
33.0,-51.0,,237.0,408.0,292.0,617.0,-705.0,,696.0
15.0,37.0,,35.0,413.0,242.0,688.0,-872.0,,646.0
-12.0,63.0,,51.0,382.0,90.0,703.0,-670.0,,562.0
-12.0,42.0,,6.0,342.0,-50.0,696.0,-720.0,,439.0
-4.0,-35.0,,81.0,237.0,-98.0,674.0,-591.0,,284.0
-13.0,-136.0,,85.0,231.0,-269.0,637.0,-618.0,,92.0
-43.0,-265.0,,-130.0,150.0,-490.0,630.0,-648.0,,-119.0
-59.0,-401.0,,-79.0,-34.0,-565.0,627.0,-397.0,,-329.0
-31.0,-505.0,,-148.0,-181.0,-485.0,633.0,-456.0,,-545.0
-18.0,-592.0,,-24.0,-395.0,-538.0,609.0,-338.0,,-729.0
-5.0,-688.0,,-73.0,-516.0,-784.0,597.0,-558.0,,-866.0
-40.0,-808.0,,-179.0,-508.0,-756.0,591.0,-689.0,,-942.0
-31.0,-900.0,,-214.0,-530.0,-414.0,589.0,-689.0,,-926.0
13.0,-964.0,,-351.0,-457.0,-184.0,610.0,-731.0,,-849.0
34.0,-990.0,,-411.0,-363.0,-327.0,614.0,-569.0,,-725.0
24.0,-936.0,,-162.0,-241.0,-558.0,660.0,-783.0,,-581.0
34.0,-767.0,,-304.0,30.0,-617.0,707.0,-755.0,,-447.0
89.0,-510.0,,-187.0,223.0,-500.0,735.0,-829.0,,-321.0
91.0,-232.0,,-45.0,392.0,-315.0,748.0,-829.0,,-205.0
104.0,50.0,,-102.0,567.0,-220.0,731.0,-700.0,,-115.0
89.0,269.0,,-114.0,593.0,-182.0,707.0,-923.0,,-52.0
106.0,413.0,,8.0,652.0,-196.0,666.0,-901.0,,-9.0
140.0,488.0,,217.0,670.0,-252.0,629.0,-1152.0,,4.0
162.0,521.0,,140.0,569.0,-446.0,619.0,-1128.0,,7.0
175.0,540.0,,331.0,496.0,-661.0,624.0,-962.0,,4.0
171.0,568.0,,86.0,322.0,-630.0,632.0,-877.0,,17.0
218.0,648.0,,115.0,135.0,-406.0,646.0,-509.0,,48.0
190.0,684.0,,251.0,8.0,-288.0,661.0,-456.0,,97.0
181.0,677.0,,214.0,-233.0,-314.0,684.0,-216.0,,175.0
196.0,659.0,,362.0,-415.0,-313.0,705.0,-230.0,,254.0
187.0,604.0,,281.0,-505.0,-265.0,710.0,-169.0,,326.0
181.0,510.0,,253.0,-573.0,-287.0,732.0,66.0,,385.0
152.0,362.0,,93.0,-486.0,-542.0,765.0,73.0,,422.0
173.0,193.0,,20.0,-380.0,-682.0,785.0,321.0,,433.0
186.0,61.0,,41.0,-265.0,-621.0,775.0,72.0,,424.0
165.0,-14.0,,-79.0,-121.0,-511.0,721.0,-9.0,,379.0
138.0,-38.0,,-115.0,-158.0,-265.0,666.0,-7.0,,289.0
136.0,32.0,,-98.0,-192.0,-98.0,641.0,-55.0,,168.0
141.0,213.0,,-173.0,-144.0,-254.0,624.0,123.0,,18.0
146.0,467.0,,28.0,-137.0,-490.0,627.0,0.0,,-153.0
149.0,699.0,,100.0,-77.0,-430.0,636.0,134.0,,-329.0
165.0,895.0,,10.0,-54.0,-496.0,621.0,12.0,,-458.0
247.0,1121.0,,200.0,-35.0,-889.0,587.0,-38.0,,-545.0
249.0,1321.0,,314.0,33.0,-1155.0,578.0,-20.0,,-588.0
271.0,1401.0,,248.0,-39.0,-1293.0,599.0,-138.0,,-605.0
313.0,1321.0,,249.0,-145.0,-1419.0,607.0,5.0,,-608.0
338.0,1128.0,,283.0,-202.0,-1511.0,626.0,-249.0,,-591.0
354.0,918.0,,124.0,-240.0,-1470.0,648.0,-177.0,,-584.0
310.0,702.0,,137.0,-131.0,-1022.0,650.0,-107.0,,-563.0
377.0,447.0,,183.0,-35.0,-636.0,659.0,-18.0,,-545.0
409.0,216.0,,270.0,13.0,-737.0,665.0,271.0,,-521.0
407.0,62.0,,356.0,147.0,-726.0,662.0,181.0,,-460.0
391.0,-11.0,,238.0,192.0,-570.0,664.0,371.0,,-378.0
403.0,-18.0,,214.0,176.0,-451.0,640.0,295.0,,-258.0
445.0,-8.0,,225.0,119.0,-271.0,587.0,262.0,,-128.0
387.0,-3.0,,335.0,-16.0,-184.0,561.0,208.0,,-12.0
381.0,-46.0,,238.0,-42.0,-164.0,545.0,46.0,,83.0
362.0,-112.0,,158.0,-55.0,-159.0,545.0,254.0,,126.0
382.0,-138.0,,107.0,-71.0,-83.0,556.0,216.0,,132.0
345.0,-164.0,,-38.0,-5.0,17.0,551.0,473.0,,126.0
273.0,-262.0,,69.0,-52.0,-116.0,528.0,504.0,,111.0
242.0,-370.0,,87.0,-139.0,-342.0,478.0,476.0,,108.0
209.0,-388.0,,25.0,-231.0,-452.0,445.0,567.0,,116.0
213.0,-423.0,,-38.0,-418.0,-474.0,439.0,314.0,,121.0
153.0,-541.0,,-28.0,-500.0,-563.0,461.0,400.0,,122.0
169.0,-705.0,,-52.0,-531.0,-696.0,483.0,317.0,,133.0
182.0,-871.0,,7.0,-575.0,-427.0,503.0,473.0,,140.0
154.0,-1064.0,,189.0,-464.0,-80.0,528.0,604.0,,142.0
120.0,-1305.0,,360.0,-352.0,-47.0,506.0,548.0,,147.0
143.0,-1492.0,,366.0,-247.0,-45.0,476.0,709.0,,131.0
187.0,-1550.0,,400.0,-121.0,-76.0,449.0,543.0,,87.0
179.0,-1463.0,,605.0,-125.0,-139.0,430.0,639.0,,15.0
216.0,-1260.0,,419.0,-98.0,-56.0,433.0,617.0,,-78.0
217.0,-956.0,,385.0,-20.0,66.0,434.0,707.0,,-188.0
263.0,-621.0,,531.0,51.0,85.0,440.0,842.0,,-306.0
290.0,-333.0,,539.0,245.0,47.0,424.0,657.0,,-409.0
332.0,-102.0,,321.0,433.0,10.0,385.0,742.0,,-478.0
324.0,61.0,,258.0,588.0,68.0,358.0,548.0,,-518.0
301.0,194.0,,478.0,723.0,127.0,329.0,692.0,,-527.0
333.0,278.0,,420.0,672.0,248.0,300.0,849.0,,-489.0
285.0,346.0,,315.0,589.0,249.0,260.0,835.0,,-417.0
290.0,420.0,,342.0,513.0,137.0,222.0,934.0,,-325.0
239.0,471.0,,413.0,368.0,164.0,205.0,652.0,,-214.0
184.0,495.0,,134.0,266.0,223.0,193.0,679.0,,-99.0
142.0,480.0,,41.0,74.0,374.0,171.0,535.0,,-8.0
100.0,476.0,,304.0,-130.0,459.0,156.0,570.0,,52.0
83.0,518.0,,338.0,-167.0,664.0,166.0,752.0,,80.0
33.0,583.0,,332.0,-180.0,801.0,183.0,650.0,,62.0
31.0,611.0,,258.0,-129.0,805.0,199.0,792.0,,4.0
49.0,633.0,,53.0,-96.0,1101.0,201.0,620.0,,-98.0
44.0,706.0,,67.0,-230.0,1406.0,175.0,709.0,,-251.0
40.0,806.0,,258.0,-315.0,1525.0,140.0,735.0,,-433.0
83.0,878.0,,221.0,-324.0,1568.0,136.0,698.0,,-638.0
71.0,903.0,,98.0,-261.0,1788.0,151.0,892.0,,-846.0
102.0,904.0,,9.0,-89.0,1954.0,165.0,801.0,,-1025.0
142.0,863.0,,-47.0,2.0,1773.0,169.0,997.0,,-1159.0
162.0,776.0,,-47.0,97.0,1476.0,168.0,877.0,,-1243.0
187.0,627.0,,-20.0,230.0,1364.0,177.0,792.0,,-1266.0
209.0,446.0,,30.0,265.0,1490.0,172.0,770.0,,-1221.0
266.0,259.0,,-114.0,315.0,1591.0,174.0,572.0,,-1137.0
252.0,81.0,,-335.0,320.0,1456.0,186.0,702.0,,-1027.0
285.0,-79.0,,-377.0,282.0,1238.0,209.0,642.0,,-912.0
284.0,-194.0,,-334.0,310.0,1361.0,233.0,846.0,,-815.0
282.0,-229.0,,-239.0,278.0,1646.0,256.0,792.0,,-734.0
258.0,-240.0,,-173.0,242.0,1905.0,281.0,539.0,,-669.0
248.0,-268.0,,-189.0,225.0,2066.0,289.0,352.0,,-621.0
283.0,-356.0,,-175.0,147.0,2109.0,326.0,-44.0,,-583.0
218.0,-474.0,,-252.0,177.0,2248.0,349.0,-27.0,,-555.0
197.0,-481.0,,-350.0,283.0,2215.0,327.0,-168.0,,-535.0
142.0,-316.0,,-256.0,347.0,2011.0,295.0,-27.0,,-508.0
109.0,-65.0,,-240.0,385.0,1859.0,274.0,166.0,,-465.0
80.0,182.0,,-337.0,313.0,1812.0,274.0,221.0,,-399.0
48.0,367.0,,-299.0,288.0,1793.0,281.0,521.0,,-312.0
-44.0,441.0,,-227.0,370.0,1802.0,283.0,487.0,,-189.0
-158.0,439.0,,-236.0,336.0,1867.0,286.0,713.0,,-38.0
-198.0,386.0,,-93.0,271.0,1855.0,299.0,764.0,,127.0
-305.0,273.0,,84.0,154.0,2061.0,312.0,868.0,,307.0
-410.0,114.0,,-13.0,-36.0,2374.0,311.0,1040.0,,469.0
-558.0,-89.0,,-97.0,-106.0,2498.0,285.0,923.0,,589.0
-605.0,-280.0,,-214.0,-160.0,2446.0,279.0,1084.0,,635.0
-676.0,-369.0,,-266.0,-154.0,2449.0,285.0,829.0,,609.0
-776.0,-365.0,,-65.0,-52.0,2716.0,278.0,746.0,,527.0
-812.0,-320.0,,-76.0,-89.0,2742.0,256.0,617.0,,393.0
-844.0,-307.0,,-110.0,-151.0,2528.0,213.0,404.0,,234.0
-806.0,-360.0,,-20.0,-220.0,2437.0,196.0,543.0,,30.0
-856.0,-390.0,,18.0,-350.0,2702.0,194.0,450.0,,-221.0
-836.0,-353.0,,78.0,-354.0,2990.0,191.0,687.0,,-493.0
-809.0,-336.0,,-51.0,-354.0,2700.0,201.0,676.0,,-778.0
-777.0,-350.0,,-101.0,-389.0,2481.0,192.0,652.0,,-1041.0
-754.0,-348.0,,-44.0,-362.0,2507.0,155.0,591.0,,-1234.0
-748.0,-328.0,,-120.0,-393.0,2440.0,138.0,323.0,,-1345.0
-680.0,-290.0,,-93.0,-335.0,2278.0,114.0,421.0,,-1377.0
-655.0,-235.0,,-75.0,-216.0,2139.0,91.0,221.0,,-1325.0
-617.0,-181.0,,-114.0,-260.0,2214.0,90.0,334.0,,-1220.0
-586.0,-164.0,,-232.0,-300.0,2170.0,107.0,317.0,,-1092.0
-477.0,-188.0,,-279.0,-324.0,2335.0,117.0,258.0,,-947.0
-458.0,-203.0,,-305.0,-357.0,2698.0,99.0,461.0,,-800.0
-445.0,-102.0,,-331.0,-269.0,2784.0,122.0,332.0,,-675.0
-425.0,43.0,,-319.0,-217.0,2692.0,135.0,458.0,,-603.0
-430.0,76.0,,-415.0,-175.0,2569.0,117.0,347.0,,-583.0
-373.0,0.0,,-371.0,-81.0,2643.0,102.0,402.0,,-618.0
-402.0,-117.0,,-311.0,-133.0,2545.0,77.0,375.0,,-705.0
-349.0,-260.0,,-188.0,-177.0,2344.0,54.0,125.0,,-837.0
-348.0,-476.0,,-227.0,-134.0,2375.0,40.0,195.0,,-993.0
-295.0,-747.0,,-419.0,-124.0,2577.0,44.0,51.0,,-1148.0
-239.0,-992.0,,-342.0,-19.0,2850.0,33.0,323.0,,-1293.0
-244.0,-1139.0,,-321.0,69.0,2926.0,30.0,393.0,,-1409.0
-174.0,-1195.0,,-410.0,63.0,3057.0,67.0,443.0,,-1475.0
-176.0,-1153.0,,-337.0,124.0,3186.0,92.0,615.0,,-1490.0
-151.0,-981.0,,-344.0,147.0,3136.0,62.0,424.0,,-1449.0
-225.0,-714.0,,-440.0,148.0,3027.0,-9.0,543.0,,-1348.0
-205.0,-444.0,,-347.0,186.0,2913.0,-82.0,312.0,,-1214.0
-162.0,-192.0,,-387.0,106.0,2896.0,-116.0,312.0,,-1059.0
-192.0,104.0,,-408.0,40.0,2790.0,-110.0,362.0,,-890.0
-174.0,417.0,,-328.0,31.0,2571.0,-112.0,229.0,,-730.0
-208.0,682.0,,-301.0,4.0,2278.0,-115.0,301.0,,-584.0
-156.0,890.0,,-270.0,112.0,2084.0,-140.0,-9.0,,-450.0
-198.0,1050.0,,-246.0,197.0,2166.0,-180.0,-7.0,,-336.0
-206.0,1111.0,,-246.0,134.0,2090.0,-196.0,-140.0,,-235.0
-190.0,1077.0,,-170.0,91.0,1767.0,-222.0,-127.0,,-141.0
-159.0,1008.0,,32.0,-14.0,1483.0,-255.0,94.0,,-40.0
-100.0,869.0,,7.0,-155.0,1329.0,-265.0,112.0,,75.0
-135.0,575.0,,115.0,-197.0,1276.0,-272.0,397.0,,215.0
-88.0,119.0,,70.0,-230.0,1022.0,-270.0,262.0,,406.0
-65.0,-274.0,,-50.0,-166.0,663.0,-261.0,267.0,,610.0
-12.0,-470.0,,20.0,-40.0,568.0,-262.0,175.0,,809.0
-4.0,-629.0,,-154.0,-10.0,653.0,-277.0,-16.0,,980.0
35.0,-851.0,,-48.0,46.0,784.0,-299.0,57.0,,1107.0
84.0,-1002.0,,-10.0,84.0,986.0,-319.0,-203.0,,1191.0
77.0,-893.0,,-241.0,56.0,1158.0,-366.0,-240.0,,1222.0
116.0,-537.0,,-450.0,127.0,1303.0,-409.0,-369.0,,1212.0
124.0,-133.0,,-543.0,211.0,1457.0,-456.0,-430.0,,1150.0
132.0,159.0,,-389.0,270.0,1435.0,-482.0,-506.0,,1050.0
74.0,343.0,,-426.0,377.0,1272.0,-470.0,-626.0,,933.0
121.0,460.0,,-497.0,401.0,1189.0,-465.0,-389.0,,792.0
111.0,483.0,,-510.0,421.0,1278.0,-463.0,-389.0,,636.0
55.0,425.0,,-649.0,473.0,1350.0,-485.0,-64.0,,456.0
29.0,290.0,,-629.0,356.0,1167.0,-504.0,118.0,,246.0
35.0,71.0,,-530.0,179.0,791.0,-523.0,155.0,,27.0
38.0,-213.0,,-578.0,8.0,513.0,-547.0,206.0,,-193.0
-47.0,-462.0,,-487.0,-135.0,354.0,-551.0,-145.0,,-403.0
-18.0,-553.0,,-382.0,-122.0,-28.0,-569.0,-175.0,,-577.0
-77.0,-551.0,,-537.0,-95.0,-417.0,-603.0,-291.0,,-727.0
-109.0,-562.0,,-557.0,-121.0,-609.0,-647.0,-186.0,,-852.0
-175.0,-582.0,,-443.0,-108.0,-603.0,-667.0,-84.0,,-931.0
-234.0,-457.0,,-297.0,-139.0,-405.0,-652.0,-103.0,,-972.0
-276.0,-149.0,,-238.0,-180.0,-333.0,-640.0,51.0,,-969.0
-347.0,153.0,,-307.0,-202.0,-431.0,-639.0,-312.0,,-927.0
-313.0,306.0,,-153.0,-309.0,-522.0,-648.0,-402.0,,-864.0
-381.0,308.0,,-183.0,-346.0,-614.0,-665.0,-613.0,,-778.0
-362.0,210.0,,-409.0,-267.0,-922.0,-688.0,-933.0,,-662.0
-385.0,94.0,,-203.0,-193.0,-1315.0,-694.0,-1029.0,,-538.0
-404.0,43.0,,-84.0,-102.0,-1560.0,-703.0,-1121.0,,-400.0
-422.0,-48.0,,-224.0,-87.0,-1627.0,-726.0,-958.0,,-248.0
-436.0,-229.0,,-62.0,-115.0,-1591.0,-708.0,-1075.0,,-90.0
-374.0,-395.0,,-296.0,-49.0,-1613.0,-683.0,-866.0,,62.0
-436.0,-492.0,,-589.0,25.0,-1670.0,-676.0,-772.0,,205.0
-437.0,-503.0,,-193.0,98.0,-1648.0,-696.0,-787.0,,346.0
-444.0,-431.0,,-126.0,153.0,-1554.0,-726.0,-467.0,,446.0
-407.0,-267.0,,-309.0,107.0,-1507.0,-733.0,-539.0,,496.0
-384.0,-51.0,,-200.0,66.0,-1578.0,-768.0,-443.0,,490.0
-359.0,162.0,,-215.0,49.0,-1754.0,-797.0,-450.0,,431.0
-334.0,325.0,,-283.0,25.0,-1696.0,-803.0,-417.0,,331.0
-340.0,401.0,,-197.0,94.0,-1740.0,-808.0,-404.0,,191.0
-292.0,371.0,,-217.0,155.0,-2105.0,-810.0,-484.0,,30.0
-284.0,218.0,,-384.0,132.0,-2273.0,-805.0,-247.0,,-143.0
-233.0,-32.0,,-407.0,113.0,-2258.0,-802.0,-312.0,,-312.0
-224.0,-346.0,,-286.0,41.0,-2105.0,-832.0,-46.0,,-453.0
-187.0,-623.0,,-291.0,-24.0,-2097.0,-875.0,79.0,,-571.0
-195.0,-744.0,,-233.0,-27.0,-2291.0,-885.0,7.0,,-664.0
-178.0,-675.0,,-114.0,-80.0,-2483.0,-875.0,109.0,,-716.0
-109.0,-519.0,,-244.0,-105.0,-2599.0,-866.0,-123.0,,-732.0
-128.0,-380.0,,-313.0,-106.0,-2526.0,-850.0,-99.0,,-707.0
-118.0,-275.0,,-153.0,-155.0,-2541.0,-850.0,-214.0,,-645.0
-121.0,-183.0,,-6.0,-157.0,-2620.0,-850.0,-129.0,,-559.0
-47.0,-79.0,,61.0,-167.0,-2481.0,-838.0,-81.0,,-452.0
-38.0,-41.0,,131.0,-191.0,-2267.0,-835.0,-306.0,,-336.0
-18.0,-88.0,,-44.0,-139.0,-2207.0,-837.0,-277.0,,-209.0
6.0,-128.0,,-197.0,-133.0,-2233.0,-826.0,-528.0,,-86.0
-5.0,-125.0,,-148.0,-139.0,-2118.0,-804.0,-423.0,,18.0
54.0,-93.0,,-278.0,-127.0,-1876.0,-816.0,-386.0,,91.0
70.0,-22.0,,-230.0,-215.0,-1946.0,-826.0,-306.0,,121.0
79.0,118.0,,-200.0,-292.0,-2341.0,-807.0,-88.0,,93.0
84.0,302.0,,-252.0,-341.0,-2714.0,-800.0,-216.0,,27.0
149.0,446.0,,-90.0,-373.0,-2837.0,-795.0,-40.0,,-64.0
136.0,470.0,,-164.0,-299.0,-2820.0,-796.0,-171.0,,-166.0
132.0,430.0,,-235.0,-262.0,-2971.0,-769.0,-155.0,,-256.0
187.0,380.0,,-148.0,-260.0,-3219.0,-729.0,-184.0,,-337.0
197.0,264.0,,-139.0,-175.0,-3215.0,-730.0,-367.0,,-384.0
179.0,89.0,,-32.0,-108.0,-2926.0,-739.0,-284.0,,-405.0
136.0,-79.0,,46.0,-12.0,-2835.0,-761.0,-465.0,,-379.0
181.0,-189.0,,-91.0,108.0,-2916.0,-782.0,-332.0,,-295.0
123.0,-241.0,,-72.0,162.0,-2852.0,-780.0,-423.0,,-179.0
111.0,-286.0,,90.0,275.0,-2568.0,-785.0,-386.0,,-30.0
122.0,-382.0,,-77.0,375.0,-2369.0,-761.0,-201.0,,131.0
104.0,-503.0,,-152.0,375.0,-2438.0,-742.0,-266.0,,302.0
116.0,-524.0,,-141.0,377.0,-2604.0,-743.0,-70.0,,464.0
57.0,-447.0,,-102.0,307.0,-2623.0,-728.0,-232.0,,584.0
65.0,-351.0,,-23.0,204.0,-2543.0,-723.0,-144.0,,671.0
12.0,-247.0,,-190.0,189.0,-2626.0,-703.0,-86.0,,710.0
8.0,-149.0,,-183.0,140.0,-2630.0,-690.0,-64.0,,712.0
-16.0,-58.0,,-229.0,105.0,-2579.0,-696.0,112.0,,691.0
-52.0,2.0,,-140.0,86.0,-2403.0,-702.0,-12.0,,629.0
0.0,34.0,,-74.0,-56.0,-2278.0,-706.0,149.0,,563.0
15.0,54.0,,-287.0,-159.0,-2377.0,-691.0,-36.0,,509.0
31.0,13.0,,-103.0,-244.0,-2547.0,-700.0,-120.0,,483.0
-6.0,-45.0,,-8.0,-362.0,-2859.0,-704.0,-223.0,,502.0
43.0,-74.0,,51.0,-372.0,-3155.0,-713.0,-489.0,,559.0
53.0,-85.0,,207.0,-387.0,-3270.0,-728.0,-386.0,,632.0
27.0,-82.0,,69.0,-367.0,-3267.0,-704.0,-550.0,,714.0
45.0,-57.0,,-18.0,-244.0,-3404.0,-671.0,-371.0,,789.0
13.0,-8.0,,-98.0,-202.0,-3388.0,-656.0,-290.0,,839.0
-38.0,42.0,,-107.0,-169.0,-3294.0,-649.0,-184.0,,874.0
-110.0,125.0,,-20.0,-81.0,-3389.0,-623.0,-49.0,,871.0
-87.0,224.0,,-133.0,-4.0,-3524.0,-631.0,-295.0,,841.0
-140.0,323.0,,-280.0,141.0,-3573.0,-644.0,-208.0,,799.0
-198.0,432.0,,-362.0,214.0,-3246.0,-634.0,-339.0,,754.0
-189.0,550.0,,-374.0,146.0,-2822.0,-620.0,-173.0,,710.0
-200.0,648.0,,-439.0,108.0,-2667.0,-610.0,-27.0,,686.0
-197.0,640.0,,-516.0,39.0,-2678.0,-597.0,-107.0,,677.0
-217.0,563.0,,-372.0,12.0,-2666.0,-560.0,-46.0,,656.0
-178.0,485.0,,-241.0,77.0,-2574.0,-543.0,-332.0,,639.0
-204.0,424.0,,-153.0,58.0,-2484.0,-522.0,-279.0,,593.0
-206.0,429.0,,-59.0,60.0,-2410.0,-520.0,-389.0,,510.0
-164.0,495.0,,-52.0,103.0,-2300.0,-506.0,-408.0,,398.0
-164.0,565.0,,58.0,120.0,-2274.0,-466.0,-328.0,,265.0
-144.0,556.0,,55.0,241.0,-2460.0,-423.0,-508.0,,131.0
-163.0,465.0,,37.0,329.0,-2840.0,-375.0,-317.0,,-20.0
-143.0,353.0,,227.0,333.0,-3006.0,-383.0,-417.0,,-166.0
-135.0,271.0,,268.0,417.0,-2800.0,-364.0,-291.0,,-303.0
-148.0,217.0,,357.0,456.0,-2502.0,-362.0,-184.0,,-448.0
-148.0,170.0,,453.0,486.0,-2132.0,-367.0,-206.0,,-587.0
-175.0,148.0,,425.0,536.0,-1889.0,-327.0,22.0,,-730.0
-148.0,163.0,,484.0,453.0,-1662.0,-325.0,-92.0,,-864.0
-103.0,209.0,,547.0,378.0,-1384.0,-324.0,-92.0,,-989.0
-129.0,245.0,,539.0,285.0,-1239.0,-336.0,-369.0,,-1107.0
-95.0,228.0,,585.0,129.0,-1327.0,-345.0,-561.0,,-1200.0
-57.0,151.0,,601.0,68.0,-1573.0,-353.0,-763.0,,-1251.0
-49.0,69.0,,323.0,-11.0,-1624.0,-368.0,-1154.0,,-1233.0
0.0,34.0,,200.0,-120.0,-1652.0,-359.0,-1130.0,,-1145.0
30.0,15.0,,323.0,-144.0,-1939.0,-371.0,-1295.0,,-992.0
100.0,-11.0,,384.0,-219.0,-2460.0,-331.0,-1116.0,,-786.0
145.0,-75.0,,464.0,-295.0,-2607.0,-305.0,-958.0,,-567.0
259.0,-183.0,,520.0,-339.0,-2281.0,-320.0,-855.0,,-357.0
319.0,-297.0,,408.0,-471.0,-2114.0,-290.0,-630.0,,-169.0
340.0,-340.0,,365.0,-510.0,-2106.0,-276.0,-674.0,,-7.0
414.0,-249.0,,440.0,-479.0,-1861.0,-253.0,-397.0,,149.0
445.0,-124.0,,289.0,-443.0,-1277.0,-261.0,-382.0,,315.0
486.0,-78.0,,370.0,-309.0,-930.0,-286.0,-203.0,,509.0
500.0,-87.0,,553.0,-253.0,-1021.0,-288.0,-57.0,,736.0
574.0,-77.0,,510.0,-239.0,-1216.0,-289.0,-120.0,,988.0
511.0,-44.0,,460.0,-198.0,-1212.0,-263.0,72.0,,1261.0
468.0,-33.0,,275.0,-210.0,-965.0,-268.0,-136.0,,1533.0
486.0,-42.0,,168.0,-157.0,-771.0,-265.0,-105.0,,1789.0
415.0,0.0,,252.0,-56.0,-804.0,-244.0,-314.0,,2022.0
364.0,99.0,,387.0,0.0,-854.0,-221.0,-559.0,,2229.0
334.0,150.0,,349.0,77.0,-703.0,-191.0,-532.0,,2405.0
327.0,101.0,,163.0,88.0,-509.0,-174.0,-691.0,,2533.0
210.0,12.0,,94.0,48.0,-564.0,-151.0,-519.0,,2603.0
182.0,-12.0,,159.0,69.0,-961.0,-130.0,-587.0,,2627.0
144.0,35.0,,228.0,44.0,-1043.0,-93.0,-482.0,,2580.0
42.0,100.0,,260.0,61.0,-563.0,-85.0,-482.0,,2456.0
-28.0,171.0,,225.0,142.0,-287.0,-93.0,-631.0,,2261.0
-27.0,255.0,,37.0,175.0,-479.0,-81.0,-546.0,,1994.0
-59.0,336.0,,-48.0,249.0,-528.0,-77.0,-739.0,,1701.0
-196.0,367.0,,-16.0,302.0,-165.0,-64.0,-519.0,,1378.0
-173.0,352.0,,-13.0,338.0,164.0,-53.0,-413.0,,1057.0
-159.0,362.0,,-38.0,428.0,298.0,-44.0,-275.0,,778.0
-171.0,392.0,,31.0,447.0,394.0,-44.0,-188.0,,558.0
-167.0,396.0,,13.0,442.0,450.0,-49.0,-500.0,,428.0
-78.0,376.0,,-96.0,442.0,319.0,-31.0,-591.0,,355.0
-40.0,359.0,,-27.0,361.0,33.0,-9.0,-971.0,,338.0
-9.0,373.0,,-25.0,294.0,-206.0,26.0,-1128.0,,352.0
101.0,366.0,,89.0,149.0,-272.0,79.0,-1300.0,,390.0
138.0,281.0,,83.0,-70.0,-267.0,127.0,-1409.0,,460.0
250.0,105.0,,-121.0,-175.0,-210.0,119.0,-1191.0,,550.0
332.0,-116.0,,15.0,-271.0,-45.0,98.0,-1141.0,,647.0
427.0,-307.0,,163.0,-308.0,98.0,99.0,-687.0,,703.0
459.0,-480.0,,123.0,-237.0,137.0,102.0,-517.0,,706.0
545.0,-591.0,,0.0,-230.0,188.0,119.0,-410.0,,673.0
653.0,-640.0,,-191.0,-203.0,458.0,132.0,-448.0,,623.0
631.0,-689.0,,-265.0,-165.0,704.0,163.0,-753.0,,563.0
705.0,-735.0,,-331.0,-139.0,613.0,171.0,-735.0,,502.0
768.0,-737.0,,-296.0,-20.0,331.0,153.0,-999.0,,441.0
801.0,-657.0,,-247.0,0.0,305.0,162.0,-907.0,,381.0
782.0,-560.0,,-375.0,-43.0,454.0,172.0,-872.0,,335.0
784.0,-532.0,,-400.0,13.0,246.0,186.0,-885.0,,287.0
778.0,-580.0,,-391.0,-13.0,77.0,213.0,-790.0,,232.0
720.0,-607.0,,-210.0,-27.0,256.0,241.0,-986.0,,167.0
744.0,-532.0,,-29.0,1.0,471.0,258.0,-796.0,,103.0
726.0,-359.0,,11.0,-55.0,584.0,272.0,-835.0,,26.0
698.0,-159.0,,35.0,-10.0,517.0,288.0,-702.0,,-82.0
724.0,-8.0,,160.0,24.0,541.0,314.0,-598.0,,-205.0
712.0,104.0,,259.0,-16.0,693.0,347.0,-600.0,,-342.0
683.0,214.0,,197.0,14.0,685.0,342.0,-363.0,,-481.0
642.0,351.0,,398.0,0.0,534.0,321.0,-537.0,,-608.0
726.0,487.0,,474.0,12.0,381.0,291.0,-448.0,,-712.0
768.0,588.0,,521.0,82.0,318.0,272.0,-596.0,,-792.0
695.0,655.0,,588.0,35.0,288.0,283.0,-703.0,,-860.0
749.0,670.0,,297.0,4.0,239.0,312.0,-735.0,,-897.0
732.0,658.0,,250.0,11.0,265.0,348.0,-1090.0,,-911.0
752.0,644.0,,484.0,-54.0,443.0,344.0,-1071.0,,-903.0
712.0,578.0,,399.0,-35.0,692.0,346.0,-1228.0,,-852.0
747.0,422.0,,329.0,-79.0,888.0,370.0,-1110.0,,-752.0
759.0,225.0,,467.0,-164.0,830.0,399.0,-1088.0,,-608.0
671.0,39.0,,233.0,-152.0,739.0,419.0,-1154.0,,-438.0
697.0,-90.0,,13.0,-186.0,923.0,416.0,-907.0,,-268.0
585.0,-165.0,,217.0,-146.0,954.0,428.0,-866.0,,-114.0
646.0,-220.0,,214.0,-82.0,819.0,440.0,-508.0,,18.0
557.0,-261.0,,-13.0,-30.0,779.0,473.0,-546.0,,110.0
551.0,-277.0,,138.0,34.0,855.0,512.0,-611.0,,168.0
523.0,-282.0,,179.0,114.0,947.0,518.0,-609.0,,203.0
453.0,-268.0,,-17.0,170.0,790.0,497.0,-827.0,,229.0
520.0,-218.0,,93.0,265.0,788.0,479.0,-644.0,,258.0
363.0,-157.0,,133.0,368.0,1009.0,499.0,-735.0,,277.0
463.0,-135.0,,90.0,384.0,1139.0,503.0,-585.0,,295.0
348.0,-135.0,,240.0,480.0,1226.0,519.0,-580.0,,294.0
360.0,-80.0,,312.0,478.0,1091.0,550.0,-685.0,,268.0
303.0,38.0,,396.0,542.0,845.0,576.0,-596.0,,210.0
278.0,142.0,,464.0,566.0,806.0,607.0,-831.0,,138.0
299.0,185.0,,374.0,502.0,991.0,626.0,-776.0,,70.0
110.0,235.0,,447.0,500.0,980.0,636.0,-1042.0,,12.0
218.0,315.0,,414.0,405.0,734.0,640.0,-1116.0,,-45.0
64.0,372.0,,266.0,398.0,578.0,659.0,-1099.0,,-99.0
133.0,399.0,,297.0,296.0,555.0,680.0,-1289.0,,-152.0
5.0,403.0,,227.0,202.0,615.0,704.0,-1182.0,,-237.0
42.0,394.0,,64.0,133.0,381.0,738.0,-1400.0,,-327.0
38.0,372.0,,68.0,26.0,145.0,724.0,-1310.0,,-426.0
-44.0,344.0,,23.0,-45.0,269.0,697.0,-1313.0,,-524.0
100.0,363.0,,-117.0,-147.0,421.0,693.0,-1245.0,,-597.0
-69.0,436.0,,-132.0,-164.0,253.0,707.0,-1029.0,,-637.0
63.0,487.0,,-288.0,-174.0,-162.0,751.0,-1025.0,,-614.0
-102.0,480.0,,-344.0,-140.0,-216.0,785.0,-681.0,,-532.0
5.0,403.0,,-363.0,-118.0,-83.0,779.0,-679.0,,-385.0
-97.0,284.0,,-284.0,-100.0,-219.0,746.0,-530.0,,-187.0
-120.0,198.0,,-83.0,-73.0,-468.0,729.0,-404.0,,21.0
-52.0,144.0,,-122.0,-74.0,-747.0,737.0,-363.0,,225.0
-212.0,131.0,,-20.0,-37.0,-911.0,750.0,-153.0,,389.0
-38.0,163.0,,-98.0,-3.0,-810.0,786.0,-273.0,,493.0
-256.0,202.0,,-127.0,54.0,-690.0,829.0,-101.0,,542.0
-96.0,196.0,,-5.0,62.0,-676.0,852.0,-86.0,,532.0
-256.0,159.0,,23.0,41.0,-731.0,847.0,-73.0,,492.0
-176.0,124.0,,192.0,44.0,-866.0,835.0,-94.0,,433.0
-178.0,50.0,,134.0,-1.0,-945.0,838.0,-317.0,,375.0
-238.0,-46.0,,68.0,-66.0,-784.0,836.0,-188.0,,338.0
-35.0,-129.0,,166.0,-139.0,-497.0,838.0,-288.0,,293.0
-232.0,-182.0,,238.0,-184.0,-249.0,839.0,-208.0,,259.0
0.0,-226.0,,289.0,-164.0,-36.0,816.0,-269.0,,223.0
-160.0,-262.0,,263.0,-160.0,46.0,787.0,-369.0,,168.0
17.0,-265.0,,255.0,-154.0,76.0,780.0,-155.0,,80.0
-31.0,-215.0,,301.0,-140.0,-75.0,767.0,-184.0,,-46.0
-23.0,-109.0,,213.0,-109.0,-313.0,751.0,92.0,,-204.0
120.0,39.0,,240.0,-41.0,-359.0,733.0,114.0,,-402.0
-45.0,219.0,,338.0,19.0,-411.0,717.0,190.0,,-617.0
172.0,333.0,,244.0,107.0,-504.0,732.0,271.0,,-840.0
1.0,368.0,,261.0,170.0,-520.0,759.0,173.0,,-1059.0
202.0,373.0,,325.0,217.0,-520.0,775.0,413.0,,-1279.0
75.0,339.0,,323.0,211.0,-540.0,760.0,264.0,,-1473.0
108.0,312.0,,242.0,139.0,-524.0,756.0,315.0,,-1618.0
151.0,341.0,,274.0,78.0,-505.0,772.0,201.0,,-1714.0
31.0,389.0,,322.0,28.0,-274.0,770.0,92.0,,-1739.0
137.0,357.0,,181.0,63.0,-58.0,751.0,205.0,,-1713.0
-44.0,243.0,,220.0,106.0,-356.0,721.0,77.0,,-1649.0
147.0,97.0,,125.0,105.0,-617.0,722.0,314.0,,-1569.0
8.0,-45.0,,30.0,127.0,-326.0,704.0,315.0,,-1493.0
152.0,-136.0,,86.0,125.0,-203.0,668.0,593.0,,-1425.0
95.0,-200.0,,75.0,107.0,-512.0,642.0,746.0,,-1360.0
115.0,-234.0,,215.0,88.0,-614.0,607.0,598.0,,-1284.0
235.0,-183.0,,217.0,15.0,-498.0,589.0,713.0,,-1200.0
121.0,-58.0,,254.0,-24.0,-221.0,606.0,545.0,,-1111.0
298.0,69.0,,188.0,1.0,3.0,631.0,722.0,,-1031.0
173.0,166.0,,161.0,41.0,-27.0,632.0,707.0,,-977.0
330.0,242.0,,259.0,96.0,-123.0,609.0,724.0,,-969.0
172.0,317.0,,176.0,87.0,-135.0,537.0,877.0,,-989.0
216.0,386.0,,218.0,67.0,97.0,489.0,739.0,,-1021.0
186.0,393.0,,61.0,58.0,388.0,467.0,831.0,,-1051.0
105.0,356.0,,-47.0,12.0,587.0,417.0,676.0,,-1044.0
120.0,330.0,,-52.0,-23.0,645.0,377.0,807.0,,-980.0
-26.0,338.0,,-177.0,-58.0,744.0,349.0,929.0,,-854.0
90.0,358.0,,-269.0,-71.0,1011.0,349.0,953.0,,-670.0
-108.0,363.0,,-117.0,-66.0,1224.0,324.0,1108.0,,-429.0
-76.0,327.0,,10.0,-63.0,1285.0,291.0,966.0,,-157.0
-233.0,230.0,,-110.0,-36.0,1296.0,283.0,1140.0,,120.0
-229.0,85.0,,-72.0,-15.0,1412.0,252.0,1051.0,,390.0
-296.0,-108.0,,-143.0,0.0,1422.0,221.0,1040.0,,624.0
-406.0,-289.0,,-78.0,47.0,1325.0,193.0,1154.0,,827.0
-382.0,-413.0,,-32.0,111.0,1270.0,174.0,1090.0,,1005.0
-515.0,-491.0,,-103.0,197.0,1368.0,158.0,1245.0,,1139.0
-445.0,-504.0,,161.0,250.0,1611.0,151.0,1104.0,,1219.0
-610.0,-422.0,,250.0,229.0,1620.0,137.0,1158.0,,1259.0
-530.0,-261.0,,94.0,182.0,1613.0,109.0,1034.0,,1254.0
-577.0,-133.0,,-6.0,110.0,1774.0,101.0,920.0,,1217.0
-542.0,-89.0,,186.0,90.0,1895.0,63.0,962.0,,1168.0
-538.0,-92.0,,390.0,114.0,2034.0,18.0,777.0,,1102.0
-573.0,-105.0,,303.0,129.0,2205.0,3.0,999.0,,1034.0
-519.0,-149.0,,211.0,133.0,2490.0,3.0,931.0,,975.0
-578.0,-229.0,,186.0,51.0,2659.0,6.0,966.0,,919.0
-452.0,-290.0,,159.0,-69.0,2413.0,-1.0,984.0,,871.0
-562.0,-298.0,,-3.0,-201.0,1967.0,-8.0,816.0,,830.0
-551.0,-255.0,,-30.0,-299.0,1665.0,-10.0,916.0,,782.0
-624.0,-205.0,,-16.0,-308.0,1671.0,-6.0,696.0,,742.0
-605.0,-156.0,,-68.0,-289.0,1765.0,10.0,838.0,,702.0
-619.0,-98.0,,60.0,-228.0,1839.0,45.0,909.0,,658.0
-700.0,-49.0,,33.0,-174.0,1965.0,62.0,1016.0,,623.0
-614.0,-6.0,,15.0,-135.0,2116.0,75.0,1182.0,,567.0
-660.0,34.0,,120.0,-34.0,2353.0,79.0,955.0,,505.0
-593.0,66.0,,79.0,67.0,2619.0,86.0,1029.0,,428.0
-618.0,87.0,,63.0,171.0,2648.0,99.0,781.0,,344.0
-549.0,111.0,,176.0,253.0,2579.0,101.0,681.0,,264.0
-521.0,141.0,,179.0,245.0,2656.0,113.0,537.0,,188.0
-495.0,175.0,,-20.0,240.0,2823.0,68.0,328.0,,134.0
-429.0,198.0,,-52.0,243.0,2911.0,34.0,393.0,,105.0
-392.0,174.0,,-34.0,238.0,2704.0,40.0,131.0,,108.0
-275.0,102.0,,-64.0,236.0,2617.0,39.0,164.0,,119.0
-282.0,-10.0,,-3.0,168.0,2727.0,65.0,31.0,,127.0
-243.0,-131.0,,-124.0,99.0,2629.0,63.0,125.0,,146.0
-233.0,-201.0,,-141.0,59.0,2386.0,59.0,352.0,,181.0
-122.0,-195.0,,7.0,47.0,2045.0,60.0,369.0,,221.0
-73.0,-161.0,,2.0,99.0,1739.0,42.0,735.0,,275.0
-100.0,-145.0,,-46.0,135.0,1533.0,28.0,853.0,,330.0
-51.0,-159.0,,10.0,175.0,1450.0,-4.0,1184.0,,367.0
-50.0,-168.0,,15.0,195.0,1439.0,-36.0,1306.0,,386.0
-8.0,-145.0,,-20.0,171.0,1476.0,-32.0,1267.0,,366.0
-70.0,-140.0,,49.0,186.0,1677.0,-11.0,1308.0,,307.0
-44.0,-168.0,,83.0,173.0,1905.0,-1.0,1008.0,,216.0
-60.0,-217.0,,121.0,168.0,1997.0,16.0,947.0,,109.0
-132.0,-283.0,,118.0,133.0,1935.0,7.0,663.0,,17.0
-145.0,-341.0,,89.0,-7.0,2031.0,-22.0,563.0,,-52.0
-213.0,-333.0,,64.0,-116.0,2349.0,-25.0,493.0,,-104.0
-222.0,-238.0,,14.0,-217.0,2411.0,-38.0,243.0,,-158.0
-310.0,-93.0,,31.0,-295.0,2290.0,-37.0,388.0,,-207.0
-303.0,57.0,,-3.0,-302.0,2389.0,-27.0,443.0,,-256.0
-309.0,154.0,,-48.0,-319.0,2641.0,-34.0,801.0,,-306.0
-327.0,182.0,,-75.0,-266.0,2537.0,-65.0,946.0,,-355.0
-315.0,131.0,,-108.0,-195.0,2085.0,-109.0,914.0,,-391.0
-384.0,1.0,,-137.0,-174.0,1976.0,-127.0,925.0,,-387.0
-370.0,-165.0,,-162.0,-111.0,2226.0,-131.0,657.0,,-340.0
-416.0,-265.0,,-174.0,-86.0,2457.0,-116.0,735.0,,-231.0
-409.0,-270.0,,-269.0,-68.0,2627.0,-75.0,635.0,,-82.0
-462.0,-246.0,,-262.0,-48.0,2797.0,-48.0,722.0,,84.0
-476.0,-220.0,,-160.0,-69.0,3026.0,-69.0,737.0,,250.0
-466.0,-163.0,,-160.0,-44.0,3196.0,-93.0,445.0,,401.0
-549.0,-45.0,,-249.0,-21.0,3279.0,-105.0,284.0,,555.0
-535.0,109.0,,-347.0,18.0,3320.0,-115.0,-218.0,,699.0
-555.0,313.0,,-225.0,76.0,3196.0,-118.0,-301.0,,816.0
-490.0,513.0,,-192.0,95.0,3090.0,-138.0,-389.0,,888.0
-547.0,608.0,,-414.0,136.0,3121.0,-162.0,-365.0,,911.0
-585.0,573.0,,-411.0,111.0,3136.0,-180.0,-105.0,,869.0
-563.0,500.0,,-377.0,44.0,3117.0,-195.0,-11.0,,768.0
-590.0,484.0,,-385.0,19.0,2954.0,-245.0,293.0,,613.0
-529.0,481.0,,-196.0,-18.0,2800.0,-307.0,144.0,,413.0
-545.0,449.0,,-198.0,10.0,2743.0,-328.0,123.0,,214.0
-512.0,389.0,,-278.0,18.0,2602.0,-337.0,-35.0,,22.0
-532.0,293.0,,-232.0,-31.0,2478.0,-332.0,-216.0,,-149.0
-514.0,138.0,,-341.0,-17.0,2450.0,-344.0,-121.0,,-311.0
-517.0,-14.0,,-414.0,-27.0,2439.0,-358.0,-347.0,,-462.0
-574.0,-119.0,,-345.0,6.0,2461.0,-377.0,-164.0,,-599.0
-549.0,-206.0,,-242.0,57.0,2577.0,-431.0,-145.0,,-734.0
-539.0,-284.0,,-134.0,43.0,2627.0,-497.0,-96.0,,-837.0
-474.0,-343.0,,-257.0,96.0,2656.0,-545.0,-107.0,,-913.0
-442.0,-331.0,,-362.0,85.0,2712.0,-563.0,-367.0,,-926.0
-346.0,-266.0,,-177.0,44.0,2647.0,-580.0,-323.0,,-897.0
-302.0,-213.0,,-95.0,70.0,2587.0,-574.0,-439.0,,-851.0
-288.0,-169.0,,-125.0,18.0,2485.0,-559.0,-216.0,,-778.0
-244.0,-87.0,,-176.0,-4.0,2271.0,-566.0,-133.0,,-722.0
-224.0,9.0,,-283.0,-27.0,2034.0,-584.0,-57.0,,-680.0
-181.0,67.0,,-278.0,-101.0,1818.0,-604.0,169.0,,-655.0
-177.0,83.0,,-429.0,-102.0,1790.0,-644.0,97.0,,-622.0
-153.0,56.0,,-545.0,-123.0,1946.0,-694.0,351.0,,-565.0
-195.0,57.0,,-472.0,-87.0,2024.0,-702.0,315.0,,-489.0
-157.0,153.0,,-526.0,2.0,2017.0,-685.0,286.0,,-372.0
-119.0,304.0,,-456.0,28.0,1965.0,-656.0,155.0,,-240.0
-169.0,440.0,,-446.0,91.0,1940.0,-636.0,-155.0,,-74.0
-212.0,521.0,,-460.0,84.0,1982.0,-641.0,-186.0,,107.0
-242.0,515.0,,-401.0,38.0,1846.0,-651.0,-493.0,,275.0
-243.0,440.0,,-427.0,71.0,1768.0,-652.0,-552.0,,427.0
-334.0,323.0,,-405.0,54.0,1686.0,-639.0,-739.0,,551.0
-357.0,209.0,,-240.0,62.0,1385.0,-641.0,-752.0,,663.0
-391.0,129.0,,-19.0,53.0,1231.0,-653.0,-528.0,,752.0
-381.0,42.0,,-41.0,-6.0,1058.0,-687.0,-556.0,,827.0
-336.0,-48.0,,-21.0,14.0,774.0,-705.0,-325.0,,890.0
-341.0,-138.0,,-30.0,-22.0,621.0,-691.0,-393.0,,927.0
-317.0,-194.0,,-128.0,-64.0,668.0,-681.0,-219.0,,936.0
-302.0,-175.0,,-152.0,-62.0,859.0,-645.0,-149.0,,916.0
-205.0,-83.0,,-273.0,-90.0,812.0,-634.0,-314.0,,872.0
-178.0,18.0,,-423.0,5.0,615.0,-643.0,-323.0,,797.0
-95.0,71.0,,-387.0,98.0,595.0,-639.0,-630.0,,706.0
-36.0,123.0,,-384.0,171.0,517.0,-663.0,-521.0,,602.0
-23.0,175.0,,-605.0,328.0,253.0,-668.0,-509.0,,511.0
27.0,224.0,,-681.0,369.0,-11.0,-645.0,-384.0,,445.0
63.0,320.0,,-695.0,389.0,-7.0,-626.0,-225.0,,396.0
141.0,456.0,,-736.0,389.0,216.0,-615.0,-332.0,,372.0
72.0,574.0,,-764.0,274.0,336.0,-635.0,-232.0,,361.0
104.0,612.0,,-674.0,235.0,388.0,-645.0,-517.0,,364.0
136.0,556.0,,-548.0,149.0,452.0,-648.0,-620.0,,377.0
98.0,409.0,,-422.0,54.0,613.0,-640.0,-825.0,,390.0
58.0,195.0,,-354.0,41.0,773.0,-610.0,-990.0,,398.0
34.0,-49.0,,-575.0,-110.0,651.0,-601.0,-870.0,,375.0
70.0,-285.0,,-592.0,-187.0,254.0,-591.0,-899.0,,341.0
-19.0,-452.0,,-522.0,-211.0,-181.0,-582.0,-600.0,,293.0
-3.0,-506.0,,-500.0,-322.0,-354.0,-589.0,-596.0,,227.0
-10.0,-438.0,,-429.0,-309.0,-451.0,-609.0,-500.0,,165.0
-31.0,-295.0,,-366.0,-338.0,-538.0,-625.0,-415.0,,109.0
-62.0,-131.0,,-389.0,-346.0,-436.0,-585.0,-521.0,,70.0
-109.0,-12.0,,-531.0,-245.0,-191.0,-523.0,-310.0,,47.0
-94.0,36.0,,-436.0,-238.0,37.0,-480.0,-293.0,,50.0
-129.0,61.0,,-417.0,-158.0,-55.0,-459.0,5.0,,57.0
-123.0,57.0,,-428.0,-86.0,-244.0,-453.0,125.0,,60.0
-181.0,0.0,,-365.0,-117.0,-444.0,-437.0,116.0,,37.0
-169.0,-134.0,,-519.0,-39.0,-704.0,-411.0,151.0,,-35.0
-169.0,-316.0,,-576.0,-13.0,-1123.0,-365.0,-70.0,,-127.0
-183.0,-468.0,,-521.0,-15.0,-1673.0,-336.0,64.0,,-274.0
-167.0,-553.0,,-504.0,54.0,-1809.0,-343.0,-24.0,,-461.0
-170.0,-530.0,,-447.0,-2.0,-1669.0,-355.0,129.0,,-662.0
-151.0,-399.0,,-542.0,4.0,-1545.0,-367.0,351.0,,-870.0
-195.0,-232.0,,-676.0,70.0,-1564.0,-356.0,460.0,,-1043.0
-180.0,-111.0,,-772.0,38.0,-1594.0,-337.0,733.0,,-1185.0
-221.0,-66.0,,-857.0,84.0,-1416.0,-294.0,533.0,,-1288.0
-227.0,-82.0,,-902.0,68.0,-1179.0,-282.0,572.0,,-1351.0
-242.0,-125.0,,-1086.0,31.0,-1051.0,-282.0,487.0,,-1375.0
-287.0,-170.0,,-1096.0,92.0,-1124.0,-244.0,467.0,,-1347.0
-271.0,-231.0,,-969.0,5.0,-1277.0,-232.0,537.0,,-1294.0
-298.0,-298.0,,-982.0,-31.0,-1414.0,-209.0,349.0,,-1212.0
-301.0,-339.0,,-958.0,40.0,-1571.0,-202.0,423.0,,-1093.0
-383.0,-292.0,,-876.0,19.0,-1882.0,-215.0,194.0,,-960.0
-396.0,-109.0,,-826.0,81.0,-2186.0,-226.0,182.0,,-814.0
-376.0,132.0,,-699.0,95.0,-2347.0,-237.0,171.0,,-671.0
-405.0,372.0,,-586.0,24.0,-2358.0,-215.0,121.0,,-562.0
-403.0,579.0,,-603.0,51.0,-2389.0,-196.0,271.0,,-490.0
-413.0,702.0,,-601.0,-8.0,-2484.0,-196.0,125.0,,-462.0
-393.0,737.0,,-491.0,-55.0,-2366.0,-196.0,304.0,,-479.0
-421.0,698.0,,-330.0,0.0,-2389.0,-208.0,284.0,,-528.0
-374.0,571.0,,-266.0,-21.0,-2590.0,-218.0,299.0,,-591.0
-294.0,354.0,,-346.0,2.0,-2771.0,-218.0,354.0,,-651.0
-274.0,113.0,,-376.0,50.0,-2894.0,-209.0,142.0,,-690.0
-242.0,-86.0,,-311.0,17.0,-3014.0,-200.0,199.0,,-695.0
-231.0,-220.0,,-393.0,62.0,-3139.0,-187.0,-49.0,,-652.0
-163.0,-295.0,,-380.0,58.0,-3128.0,-140.0,-86.0,,-555.0
-72.0,-322.0,,-379.0,-20.0,-3181.0,-115.0,-190.0,,-419.0
-23.0,-316.0,,-398.0,0.0,-3285.0,-107.0,-279.0,,-260.0
25.0,-283.0,,-267.0,-19.0,-3115.0,-94.0,-5.0,,-74.0
73.0,-219.0,,-294.0,-15.0,-2533.0,-102.0,60.0,,97.0
133.0,-154.0,,-266.0,33.0,-2034.0,-102.0,504.0,,246.0
217.0,-133.0,,-201.0,-21.0,-1723.0,-99.0,737.0,,383.0
256.0,-189.0,,-243.0,-33.0,-1322.0,-68.0,981.0,,474.0
285.0,-315.0,,-197.0,-31.0,-868.0,-33.0,1056.0,,544.0
348.0,-460.0,,-95.0,-81.0,-678.0,-9.0,724.0,,593.0
407.0,-596.0,,-36.0,-41.0,-865.0,9.0,633.0,,623.0
423.0,-701.0,,-124.0,-5.0,-995.0,26.0,321.0,,673.0
426.0,-732.0,,-228.0,11.0,-1102.0,72.0,423.0,,725.0
427.0,-693.0,,-191.0,101.0,-1174.0,109.0,460.0,,781.0
417.0,-621.0,,-257.0,123.0,-1274.0,151.0,454.0,,835.0
419.0,-532.0,,-400.0,118.0,-1361.0,176.0,498.0,,883.0
414.0,-426.0,,-447.0,114.0,-1306.0,160.0,232.0,,925.0
420.0,-312.0,,-403.0,23.0,-1226.0,154.0,338.0,,963.0
391.0,-238.0,,-402.0,-13.0,-1055.0,140.0,212.0,,1003.0
359.0,-226.0,,-365.0,-40.0,-973.0,128.0,399.0,,1032.0
332.0,-261.0,,-321.0,-121.0,-1012.0,132.0,633.0,,1046.0
365.0,-349.0,,-453.0,-140.0,-1087.0,137.0,665.0,,1043.0
390.0,-445.0,,-300.0,-173.0,-1190.0,160.0,827.0,,1029.0
329.0,-466.0,,-128.0,-196.0,-1339.0,163.0,587.0,,1008.0
305.0,-419.0,,-49.0,-157.0,-1458.0,148.0,569.0,,976.0
286.0,-326.0,,65.0,-190.0,-1395.0,137.0,293.0,,930.0
296.0,-184.0,,16.0,-196.0,-1085.0,119.0,90.0,,896.0
258.0,-49.0,,20.0,-168.0,-1020.0,111.0,27.0,,888.0
244.0,58.0,,7.0,-201.0,-1414.0,90.0,-194.0,,888.0
244.0,157.0,,166.0,-153.0,-1620.0,61.0,-92.0,,916.0
188.0,255.0,,126.0,-101.0,-1543.0,24.0,-218.0,,968.0
151.0,375.0,,13.0,-88.0,-1377.0,-23.0,-110.0,,1018.0
126.0,531.0,,152.0,-22.0,-1416.0,-54.0,-171.0,,1078.0
135.0,658.0,,103.0,-18.0,-1575.0,-71.0,-175.0,,1130.0
84.0,682.0,,13.0,-3.0,-1741.0,-52.0,120.0,,1159.0
43.0,628.0,,48.0,61.0,-1957.0,-29.0,97.0,,1180.0
43.0,558.0,,155.0,45.0,-1967.0,-43.0,330.0,,1187.0
75.0,490.0,,167.0,82.0,-2036.0,-72.0,269.0,,1186.0
90.0,416.0,,109.0,133.0,-2234.0,-75.0,332.0,,1162.0
60.0,326.0,,-96.0,113.0,-2417.0,-85.0,437.0,,1111.0
45.0,250.0,,-42.0,168.0,-2509.0,-119.0,277.0,,1014.0
53.0,192.0,,281.0,180.0,-2578.0,-146.0,203.0,,865.0
74.0,109.0,,451.0,151.0,-2794.0,-155.0,-266.0,,686.0
82.0,-8.0,,634.0,172.0,-2915.0,-132.0,-413.0,,478.0
127.0,-151.0,,622.0,126.0,-2687.0,-91.0,-561.0,,257.0
182.0,-239.0,,526.0,144.0,-2356.0,-51.0,-578.0,,33.0
207.0,-216.0,,461.0,218.0,-2282.0,-29.0,-410.0,,-166.0
222.0,-126.0,,394.0,227.0,-2520.0,-34.0,-498.0,,-332.0
302.0,-68.0,,619.0,291.0,-2732.0,-46.0,-251.0,,-455.0
355.0,-55.0,,719.0,298.0,-2584.0,-28.0,-321.0,,-524.0
395.0,-78.0,,536.0,239.0,-2656.0,6.0,-223.0,,-561.0
473.0,-153.0,,496.0,232.0,-3072.0,10.0,-94.0,,-563.0
531.0,-218.0,,422.0,126.0,-3184.0,23.0,-94.0,,-551.0
567.0,-244.0,,366.0,11.0,-2947.0,14.0,169.0,,-534.0
568.0,-238.0,,349.0,-41.0,-2749.0,21.0,138.0,,-524.0
643.0,-221.0,,294.0,-144.0,-2814.0,56.0,352.0,,-535.0
687.0,-145.0,,269.0,-157.0,-2817.0,60.0,356.0,,-567.0
686.0,-12.0,,260.0,-141.0,-2671.0,72.0,458.0,,-648.0
726.0,92.0,,325.0,-163.0,-2559.0,65.0,646.0,,-752.0
746.0,159.0,,422.0,-86.0,-2460.0,54.0,574.0,,-868.0
725.0,226.0,,533.0,-56.0,-2370.0,57.0,709.0,,-990.0
676.0,295.0,,531.0,-57.0,-2285.0,57.0,402.0,,-1101.0
706.0,271.0,,530.0,-21.0,-2144.0,68.0,319.0,,-1191.0
731.0,169.0,,532.0,-76.0,-1934.0,64.0,218.0,,-1242.0
694.0,60.0,,541.0,-66.0,-1775.0,58.0,123.0,,-1246.0
663.0,-48.0,,577.0,-29.0,-1722.0,54.0,264.0,,-1192.0
616.0,-179.0,,451.0,-79.0,-1628.0,49.0,107.0,,-1089.0
575.0,-300.0,,338.0,-34.0,-1353.0,62.0,286.0,,-960.0
551.0,-359.0,,260.0,-3.0,-1247.0,90.0,254.0,,-796.0
563.0,-344.0,,249.0,0.0,-1622.0,118.0,360.0,,-612.0
550.0,-250.0,,446.0,68.0,-1871.0,114.0,526.0,,-441.0
483.0,-161.0,,651.0,56.0,-1698.0,79.0,541.0,,-284.0
437.0,-119.0,,619.0,60.0,-1658.0,29.0,840.0,,-156.0
446.0,-85.0,,588.0,72.0,-1888.0,4.0,796.0,,-46.0
445.0,-2.0,,647.0,13.0,-1967.0,12.0,946.0,,49.0
378.0,98.0,,553.0,32.0,-1744.0,9.0,848.0,,133.0
345.0,175.0,,502.0,24.0,-1611.0,17.0,628.0,,213.0
339.0,246.0,,495.0,-41.0,-1757.0,44.0,530.0,,277.0
378.0,285.0,,424.0,-47.0,-1832.0,70.0,110.0,,332.0
337.0,323.0,,477.0,-98.0,-1774.0,74.0,1.0,,377.0
268.0,423.0,,491.0,-95.0,-1866.0,52.0,-225.0,,401.0
284.0,627.0,,425.0,-30.0,-2066.0,48.0,-120.0,,385.0
289.0,808.0,,640.0,-27.0,-2124.0,65.0,140.0,,337.0
307.0,783.0,,858.0,48.0,-2066.0,62.0,286.0,,247.0
269.0,579.0,,953.0,100.0,-2126.0,37.0,600.0,,138.0
303.0,286.0,,1049.0,86.0,-2195.0,9.0,498.0,,25.0
321.0,-31.0,,806.0,99.0,-2147.0,-15.0,580.0,,-94.0
341.0,-273.0,,532.0,46.0,-2091.0,-15.0,498.0,,-193.0
356.0,-348.0,,309.0,25.0,-2070.0,-10.0,526.0,,-291.0
314.0,-263.0,,304.0,43.0,-2050.0,4.0,713.0,,-366.0
352.0,-178.0,,629.0,-13.0,-2045.0,30.0,650.0,,-414.0
342.0,-226.0,,598.0,-32.0,-2249.0,45.0,855.0,,-447.0
346.0,-361.0,,337.0,-56.0,-2412.0,76.0,694.0,,-466.0
303.0,-497.0,,256.0,-93.0,-2324.0,98.0,715.0,,-485.0
306.0,-567.0,,290.0,-74.0,-2243.0,118.0,589.0,,-487.0
289.0,-564.0,,265.0,-145.0,-2451.0,162.0,345.0,,-484.0
246.0,-484.0,,344.0,-195.0,-2735.0,185.0,454.0,,-464.0
245.0,-349.0,,510.0,-181.0,-2586.0,177.0,360.0,,-422.0
172.0,-181.0,,544.0,-203.0,-2489.0,166.0,654.0,,-363.0
162.0,34.0,,668.0,-96.0,-2582.0,140.0,739.0,,-273.0
89.0,207.0,,696.0,11.0,-2400.0,128.0,883.0,,-162.0
23.0,296.0,,454.0,45.0,-2078.0,137.0,1121.0,,-47.0
-43.0,326.0,,107.0,140.0,-1903.0,153.0,1176.0,,56.0
-70.0,294.0,,-188.0,129.0,-1982.0,193.0,1465.0,,116.0
-86.0,157.0,,-54.0,105.0,-2027.0,208.0,1358.0,,138.0
-146.0,-36.0,,189.0,149.0,-2037.0,221.0,1430.0,,117.0
-131.0,-262.0,,322.0,87.0,-2226.0,218.0,1291.0,,39.0
-148.0,-581.0,,581.0,56.0,-2251.0,189.0,986.0,,-56.0
-131.0,-865.0,,685.0,23.0,-2101.0,176.0,827.0,,-175.0
-149.0,-963.0,,734.0,-87.0,-2158.0,154.0,458.0,,-301.0
-118.0,-810.0,,475.0,-89.0,-2301.0,126.0,535.0,,-400.0
-66.0,-453.0,,166.0,-105.0,-2352.0,92.0,497.0,,-493.0
-102.0,-37.0,,184.0,-126.0,-2281.0,67.0,681.0,,-560.0
-140.0,278.0,,-85.0,-54.0,-2326.0,42.0,951.0,,-603.0
-161.0,395.0,,-204.0,-71.0,-2401.0,3.0,1043.0,,-623.0
-127.0,371.0,,247.0,-73.0,-2043.0,-12.0,1250.0,,-628.0
-130.0,281.0,,621.0,-30.0,-1567.0,0.0,1058.0,,-648.0
-148.0,143.0,,590.0,-56.0,-1387.0,17.0,1110.0,,-668.0
-193.0,-61.0,,633.0,-9.0,-1449.0,-3.0,946.0,,-688.0
-238.0,-299.0,,557.0,24.0,-1362.0,-35.0,840.0,,-710.0
-257.0,-496.0,,325.0,-24.0,-1114.0,-59.0,907.0,,-740.0
-290.0,-583.0,,377.0,-3.0,-1126.0,-62.0,700.0,,-794.0
-302.0,-549.0,,487.0,-14.0,-1270.0,-43.0,859.0,,-841.0
-322.0,-459.0,,708.0,-43.0,-1224.0,-34.0,696.0,,-880.0
-319.0,-296.0,,892.0,6.0,-1117.0,-28.0,674.0,,-906.0
-269.0,-29.0,,862.0,-10.0,-1308.0,-31.0,633.0,,-906.0
-232.0,288.0,,777.0,-17.0,-1441.0,-20.0,495.0,,-872.0
-200.0,552.0,,705.0,20.0,-1235.0,-4.0,607.0,,-811.0
-115.0,655.0,,531.0,-35.0,-1165.0,15.0,386.0,,-748.0
-18.0,543.0,,462.0,-80.0,-1197.0,10.0,428.0,,-689.0
53.0,233.0,,665.0,-118.0,-1085.0,-6.0,247.0,,-645.0
122.0,-158.0,,914.0,-169.0,-760.0,3.0,118.0,,-635.0
220.0,-551.0,,1245.0,-118.0,-637.0,-3.0,48.0,,-653.0
283.0,-885.0,,1427.0,-55.0,-868.0,20.0,-155.0,,-701.0
310.0,-1032.0,,1414.0,-10.0,-859.0,41.0,84.0,,-781.0
363.0,-909.0,,1494.0,76.0,-783.0,37.0,60.0,,-865.0
414.0,-624.0,,1491.0,88.0,-811.0,28.0,194.0,,-936.0
470.0,-403.0,,956.0,46.0,-866.0,7.0,171.0,,-1006.0
489.0,-286.0,,695.0,38.0,-747.0,-14.0,73.0,,-1050.0
498.0,-184.0,,1131.0,-17.0,-362.0,-32.0,188.0,,-1064.0
523.0,-94.0,,1484.0,-52.0,-206.0,-28.0,84.0,,-1062.0
499.0,-110.0,,1772.0,-57.0,-267.0,-37.0,301.0,,-1038.0
485.0,-260.0,,1792.0,-104.0,-187.0,-46.0,258.0,,-989.0
502.0,-459.0,,1376.0,-80.0,72.0,-52.0,312.0,,-914.0
525.0,-627.0,,946.0,-71.0,221.0,-54.0,345.0,,-820.0
519.0,-672.0,,811.0,-170.0,138.0,-37.0,112.0,,-703.0
494.0,-614.0,,788.0,-259.0,128.0,-18.0,105.0,,-583.0
496.0,-540.0,,968.0,-365.0,346.0,-5.0,-103.0,,-466.0
474.0,-420.0,,1128.0,-436.0,550.0,-13.0,42.0,,-355.0
406.0,-346.0,,1048.0,-394.0,607.0,-28.0,72.0,,-261.0
345.0,-420.0,,1080.0,-362.0,515.0,-47.0,86.0,,-191.0
358.0,-541.0,,1035.0,-292.0,442.0,-79.0,168.0,,-142.0
378.0,-736.0,,1044.0,-149.0,688.0,-78.0,-57.0,,-108.0
342.0,-939.0,,1055.0,-76.0,890.0,-52.0,-7.0,,-110.0
274.0,-1018.0,,950.0,1.0,787.0,-39.0,-216.0,,-135.0
206.0,-938.0,,777.0,83.0,724.0,-40.0,-158.0,,-176.0
183.0,-581.0,,800.0,77.0,602.0,-48.0,-81.0,,-221.0
127.0,-167.0,,871.0,91.0,440.0,-28.0,-127.0,,-254.0
56.0,97.0,,787.0,89.0,452.0,-14.0,33.0,,-269.0
-24.0,359.0,,707.0,47.0,505.0,24.0,-123.0,,-248.0
-75.0,672.0,,515.0,62.0,639.0,82.0,-64.0,,-199.0
-72.0,947.0,,437.0,45.0,734.0,92.0,-247.0,,-123.0
-134.0,1038.0,,494.0,13.0,790.0,110.0,-317.0,,-27.0
-168.0,922.0,,613.0,49.0,965.0,108.0,-264.0,,76.0
-168.0,639.0,,642.0,53.0,970.0,87.0,-423.0,,152.0
-168.0,143.0,,648.0,82.0,817.0,73.0,-358.0,,192.0
-174.0,-401.0,,535.0,156.0,891.0,45.0,-628.0,,193.0
-195.0,-751.0,,271.0,145.0,1214.0,22.0,-591.0,,152.0
-177.0,-849.0,,357.0,147.0,1542.0,13.0,-563.0,,93.0
-153.0,-629.0,,429.0,158.0,1775.0,48.0,-606.0,,7.0
-121.0,-174.0,,294.0,121.0,1947.0,85.0,-447.0,,-75.0
-132.0,320.0,,476.0,145.0,2041.0,109.0,-574.0,,-142.0
-153.0,702.0,,549.0,137.0,1949.0,128.0,-487.0,,-194.0
-127.0,873.0,,416.0,55.0,1740.0,124.0,-715.0,,-224.0
-124.0,806.0,,109.0,-2.0,1750.0,127.0,-886.0,,-244.0
-136.0,651.0,,-267.0,-106.0,1907.0,155.0,-962.0,,-247.0
-145.0,563.0,,-311.0,-195.0,1696.0,188.0,-1064.0,,-222.0
-123.0,433.0,,-285.0,-175.0,1190.0,223.0,-809.0,,-168.0
-111.0,271.0,,-87.0,-174.0,866.0,258.0,-873.0,,-91.0
-132.0,150.0,,-41.0,-152.0,795.0,256.0,-674.0,,17.0
-126.0,111.0,,-76.0,-116.0,964.0,263.0,-604.0,,144.0
-158.0,176.0,,-139.0,-188.0,1288.0,302.0,-620.0,,270.0
-194.0,263.0,,-209.0,-246.0,1604.0,333.0,-500.0,,370.0
-190.0,381.0,,-107.0,-294.0,1876.0,358.0,-696.0,,434.0
-178.0,541.0,,70.0,-355.0,2084.0,388.0,-550.0,,461.0
-173.0,443.0,,9.0,-311.0,2349.0,410.0,-633.0,,438.0
-175.0,133.0,,-327.0,-255.0,2607.0,416.0,-550.0,,380.0
-156.0,-75.0,,-277.0,-221.0,2834.0,417.0,-447.0,,288.0
-165.0,-259.0,,-246.0,-146.0,3100.0,416.0,-436.0,,186.0
-142.0,-407.0,,-170.0,-120.0,3357.0,431.0,-118.0,,81.0
-125.0,-415.0,,41.0,-84.0,3459.0,441.0,-194.0,,-8.0
-119.0,-279.0,,316.0,-12.0,3136.0,465.0,-12.0,,-54.0
-75.0,-211.0,,356.0,-27.0,2928.0,491.0,-90.0,,-71.0
-36.0,-233.0,,-68.0,-18.0,3189.0,477.0,-301.0,,-40.0
-19.0,-161.0,,-242.0,34.0,3238.0,464.0,-443.0,,25.0
-52.0,-65.0,,-195.0,8.0,2797.0,464.0,-883.0,,115.0
-32.0,-118.0,,-238.0,-18.0,2420.0,470.0,-970.0,,218.0
-14.0,-203.0,,-236.0,-84.0,2545.0,486.0,-1143.0,,316.0
-6.0,-95.0,,-38.0,-199.0,2984.0,532.0,-973.0,,410.0
-15.0,6.0,,-1.0,-230.0,3291.0,576.0,-792.0,,470.0
-23.0,0.0,,-17.0,-257.0,3469.0,601.0,-665.0,,497.0
-14.0,74.0,,49.0,-264.0,4032.0,581.0,-408.0,,481.0
-42.0,417.0,,-44.0,-178.0,4803.0,558.0,-668.0,,441.0
-32.0,890.0,,-24.0,-117.0,5077.0,553.0,-801.0,,367.0
-21.0,1272.0,,91.0,-45.0,4780.0,546.0,-1154.0,,269.0
28.0,1349.0,,220.0,49.0,4501.0,566.0,-1256.0,,180.0
60.0,1027.0,,530.0,60.0,4438.0,576.0,-1095.0,,74.0
63.0,506.0,,646.0,75.0,4308.0,607.0,-1062.0,,-18.0
52.0,-81.0,,546.0,95.0,4054.0,618.0,-687.0,,-77.0
66.0,-606.0,,352.0,44.0,3630.0,614.0,-667.0,,-98.0
133.0,-969.0,,50.0,10.0,3169.0,629.0,-583.0,,-87.0
101.0,-884.0,,52.0,-52.0,2994.0,651.0,-776.0,,-42.0
112.0,-490.0,,153.0,-158.0,3156.0,683.0,-1077.0,,44.0
122.0,-122.0,,44.0,-205.0,3262.0,677.0,-1090.0,,138.0
105.0,155.0,,-46.0,-252.0,3189.0,672.0,-1291.0,,226.0
86.0,229.0,,-166.0,-245.0,3326.0,631.0,-1149.0,,295.0
64.0,291.0,,-378.0,-150.0,3814.0,601.0,-1341.0,,368.0
58.0,370.0,,-198.0,-93.0,4290.0,622.0,-1402.0,,421.0
-5.0,486.0,,13.0,-2.0,4378.0,656.0,-1369.0,,458.0
-12.0,652.0,,-71.0,95.0,4229.0,680.0,-1550.0,,511.0
-42.0,590.0,,-162.0,105.0,4091.0,673.0,-1417.0,,553.0
-96.0,348.0,,-398.0,154.0,3875.0,647.0,-1596.0,,612.0
-124.0,174.0,,-512.0,208.0,3496.0,590.0,-1468.0,,684.0
-120.0,-38.0,,-388.0,200.0,3142.0,560.0,-1404.0,,755.0
-109.0,-403.0,,-48.0,197.0,3078.0,536.0,-1376.0,,823.0
-143.0,-577.0,,224.0,122.0,3290.0,523.0,-1134.0,,884.0
-132.0,-410.0,,123.0,-9.0,3501.0,545.0,-1154.0,,956.0
-135.0,-193.0,,-89.0,-76.0,3570.0,567.0,-918.0,,1033.0
-157.0,-59.0,,-186.0,-133.0,3598.0,584.0,-986.0,,1096.0
-195.0,17.0,,-171.0,-121.0,3634.0,568.0,-925.0,,1135.0
-233.0,-13.0,,-110.0,-31.0,3587.0,528.0,-849.0,,1137.0
-248.0,-206.0,,9.0,22.0,3384.0,472.0,-927.0,,1105.0
-263.0,-473.0,,-115.0,102.0,3090.0,436.0,-837.0,,1051.0
-326.0,-557.0,,-452.0,140.0,2801.0,412.0,-1042.0,,962.0
-437.0,-397.0,,-799.0,98.0,2562.0,410.0,-903.0,,860.0
-492.0,-67.0,,-877.0,79.0,2328.0,430.0,-997.0,,740.0
-561.0,388.0,,-584.0,16.0,2017.0,419.0,-1040.0,,613.0
-676.0,770.0,,-289.0,-93.0,1931.0,390.0,-914.0,,497.0
-788.0,952.0,,-204.0,-129.0,2278.0,350.0,-1040.0,,390.0
-873.0,905.0,,-416.0,-185.0,2714.0,319.0,-838.0,,324.0
-972.0,647.0,,-730.0,-214.0,2979.0,298.0,-947.0,,286.0
-1080.0,342.0,,-809.0,-218.0,3192.0,279.0,-844.0,,273.0
-1136.0,121.0,,-644.0,-232.0,3449.0,286.0,-678.0,,261.0
-1208.0,-121.0,,-438.0,-144.0,3394.0,279.0,-526.0,,235.0
-1302.0,-403.0,,-74.0,-68.0,2948.0,264.0,-291.0,,200.0
-1352.0,-571.0,,-124.0,35.0,2222.0,246.0,-478.0,,139.0
-1333.0,-522.0,,-553.0,133.0,1389.0,221.0,-362.0,,75.0
-1338.0,-434.0,,-958.0,244.0,838.0,226.0,-513.0,,8.0
-1381.0,-382.0,,-1140.0,344.0,550.0,215.0,-626.0,,-63.0
-1355.0,-27.0,,-920.0,408.0,563.0,195.0,-718.0,,-134.0
-1286.0,377.0,,-880.0,419.0,743.0,194.0,-977.0,,-209.0
-1217.0,585.0,,-889.0,330.0,1162.0,193.0,-840.0,,-294.0
-1186.0,710.0,,-1171.0,245.0,1777.0,217.0,-979.0,,-378.0
-1136.0,823.0,,-1360.0,55.0,1920.0,238.0,-903.0,,-452.0
-1065.0,823.0,,-1228.0,-24.0,1767.0,244.0,-920.0,,-510.0
-1016.0,533.0,,-886.0,-85.0,1798.0,263.0,-927.0,,-527.0
-972.0,199.0,,-436.0,-68.0,1813.0,292.0,-746.0,,-515.0
-946.0,-48.0,,-503.0,47.0,1435.0,300.0,-868.0,,-474.0
-827.0,-257.0,,-783.0,68.0,804.0,277.0,-763.0,,-397.0
-735.0,-501.0,,-1051.0,174.0,423.0,272.0,-957.0,,-314.0
-687.0,-497.0,,-953.0,177.0,346.0,294.0,-973.0,,-220.0
-633.0,-238.0,,-804.0,189.0,171.0,305.0,-918.0,,-130.0
-545.0,77.0,,-803.0,199.0,-56.0,297.0,-1001.0,,-62.0
-454.0,387.0,,-750.0,179.0,-116.0,269.0,-837.0,,-16.0
-477.0,616.0,,-680.0,203.0,-4.0,222.0,-1012.0,,13.0
-418.0,874.0,,-617.0,221.0,381.0,166.0,-923.0,,34.0
-377.0,840.0,,-548.0,275.0,869.0,141.0,-938.0,,44.0
-334.0,580.0,,-326.0,297.0,1017.0,164.0,-916.0,,53.0
-294.0,172.0,,-356.0,329.0,776.0,195.0,-731.0,,58.0
-273.0,-286.0,,-648.0,277.0,622.0,213.0,-837.0,,81.0
-228.0,-603.0,,-1084.0,248.0,639.0,222.0,-707.0,,125.0
-207.0,-732.0,,-1311.0,166.0,598.0,215.0,-864.0,,187.0
-151.0,-675.0,,-1257.0,35.0,283.0,190.0,-761.0,,280.0
-177.0,-666.0,,-1044.0,-2.0,55.0,173.0,-659.0,,397.0
-171.0,-518.0,,-719.0,-49.0,245.0,172.0,-659.0,,537.0
-168.0,-318.0,,-528.0,2.0,173.0,196.0,-354.0,,679.0
-159.0,-86.0,,-321.0,23.0,-227.0,217.0,-360.0,,820.0
-186.0,293.0,,-231.0,27.0,-711.0,218.0,-112.0,,945.0
-222.0,745.0,,-180.0,63.0,-984.0,202.0,-245.0,,1035.0
-216.0,994.0,,-209.0,37.0,-776.0,190.0,-406.0,,1094.0
-272.0,966.0,,-264.0,53.0,-530.0,196.0,-365.0,,1108.0
-265.0,912.0,,-307.0,65.0,-367.0,211.0,-521.0,,1101.0
-305.0,768.0,,-429.0,61.0,-292.0,229.0,-393.0,,1060.0
-335.0,604.0,,-422.0,78.0,-25.0,232.0,-541.0,,998.0
-376.0,269.0,,-487.0,107.0,496.0,255.0,-430.0,,936.0
-378.0,-161.0,,-538.0,164.0,564.0,280.0,-415.0,,838.0
-375.0,-543.0,,-671.0,210.0,367.0,272.0,-495.0,,729.0
-390.0,-866.0,,-865.0,188.0,360.0,274.0,-428.0,,635.0
-350.0,-1080.0,,-882.0,130.0,357.0,270.0,-737.0,,550.0
-360.0,-1154.0,,-785.0,35.0,191.0,256.0,-777.0,,491.0
-345.0,-860.0,,-751.0,-74.0,-100.0,230.0,-1049.0,,455.0
-350.0,-435.0,,-773.0,-177.0,-210.0,202.0,-1116.0,,415.0
-325.0,-69.0,,-492.0,-313.0,-166.0,210.0,-947.0,,372.0
-355.0,218.0,,-333.0,-399.0,-235.0,221.0,-837.0,,295.0
-391.0,454.0,,-337.0,-446.0,-344.0,235.0,-412.0,,188.0
-406.0,550.0,,-228.0,-452.0,-101.0,235.0,-419.0,,42.0
-487.0,407.0,,-325.0,-395.0,624.0,224.0,-408.0,,-146.0
-532.0,187.0,,-468.0,-390.0,996.0,232.0,-609.0,,-329.0
-531.0,17.0,,-385.0,-363.0,964.0,219.0,-838.0,,-516.0
-504.0,26.0,,-448.0,-311.0,966.0,196.0,-763.0,,-669.0
-541.0,75.0,,-672.0,-258.0,860.0,171.0,-897.0,,-786.0
-540.0,112.0,,-699.0,-124.0,886.0,152.0,-829.0,,-864.0
-509.0,78.0,,-661.0,-35.0,987.0,162.0,-984.0,,-883.0
-529.0,-37.0,,-571.0,25.0,976.0,179.0,-1006.0,,-875.0
-536.0,-94.0,,-603.0,92.0,644.0,181.0,-1008.0,,-832.0
-495.0,-102.0,,-652.0,84.0,339.0,185.0,-1186.0,,-758.0
-442.0,-1.0,,-726.0,92.0,375.0,203.0,-1147.0,,-655.0
-405.0,132.0,,-810.0,87.0,392.0,216.0,-1330.0,,-528.0
-359.0,258.0,,-710.0,59.0,344.0,239.0,-1176.0,,-401.0
-318.0,251.0,,-692.0,68.0,341.0,247.0,-1104.0,,-301.0
-266.0,69.0,,-574.0,49.0,665.0,256.0,-1019.0,,-216.0
-234.0,-158.0,,-692.0,60.0,857.0,288.0,-851.0,,-158.0
-220.0,-333.0,,-1008.0,107.0,727.0,303.0,-973.0,,-136.0
-204.0,-386.0,,-1110.0,154.0,613.0,305.0,-772.0,,-121.0
-156.0,-470.0,,-1038.0,233.0,717.0,293.0,-800.0,,-129.0
-85.0,-479.0,,-961.0,284.0,979.0,305.0,-655.0,,-148.0
-47.0,-436.0,,-979.0,316.0,843.0,324.0,-533.0,,-196.0
-28.0,-370.0,,-989.0,339.0,569.0,335.0,-550.0,,-261.0
20.0,-249.0,,-1104.0,298.0,734.0,351.0,-384.0,,-344.0
86.0,-169.0,,-1037.0,239.0,1161.0,336.0,-567.0,,-438.0
115.0,3.0,,-937.0,172.0,1393.0,309.0,-476.0,,-517.0
152.0,137.0,,-824.0,118.0,1435.0,257.0,-572.0,,-583.0
174.0,235.0,,-631.0,89.0,1322.0,227.0,-513.0,,-613.0
220.0,348.0,,-664.0,47.0,1268.0,220.0,-240.0,,-645.0
303.0,317.0,,-636.0,28.0,1441.0,202.0,-232.0,,-680.0
328.0,153.0,,-575.0,-3.0,1667.0,186.0,73.0,,-708.0
337.0,-47.0,,-730.0,-13.0,1579.0,176.0,79.0,,-744.0
358.0,-297.0,,-680.0,19.0,982.0,204.0,171.0,,-764.0
375.0,-568.0,,-539.0,27.0,509.0,213.0,107.0,,-778.0
338.0,-592.0,,-543.0,74.0,467.0,194.0,-35.0,,-780.0
297.0,-533.0,,-750.0,83.0,569.0,183.0,123.0,,-763.0
299.0,-364.0,,-750.0,38.0,467.0,167.0,-20.0,,-724.0
273.0,-36.0,,-539.0,-6.0,340.0,158.0,31.0,,-670.0
227.0,102.0,,-833.0,-105.0,292.0,144.0,-230.0,,-601.0
176.0,190.0,,-652.0,-159.0,225.0,103.0,-397.0,,-509.0
159.0,242.0,,-628.0,-173.0,118.0,59.0,-412.0,,-399.0
137.0,169.0,,-589.0,-172.0,-73.0,42.0,-598.0,,-274.0
100.0,44.0,,-357.0,-87.0,-113.0,34.0,-436.0,,-142.0
107.0,-133.0,,-501.0,-10.0,-174.0,26.0,-517.0,,-9.0
144.0,-384.0,,-384.0,64.0,-272.0,16.0,-301.0,,110.0
192.0,-631.0,,-541.0,129.0,-396.0,20.0,-123.0,,219.0
222.0,-742.0,,-465.0,133.0,-664.0,22.0,-22.0,,288.0
268.0,-807.0,,-471.0,172.0,-673.0,15.0,123.0,,310.0
317.0,-758.0,,-429.0,172.0,-482.0,40.0,-208.0,,293.0
363.0,-554.0,,-688.0,129.0,-573.0,52.0,-327.0,,233.0
376.0,-198.0,,-1025.0,115.0,-824.0,56.0,-594.0,,154.0
406.0,276.0,,-855.0,63.0,-830.0,60.0,-548.0,,74.0
463.0,673.0,,-831.0,18.0,-399.0,51.0,-306.0,,14.0
485.0,876.0,,-690.0,-33.0,-22.0,62.0,-245.0,,-11.0
486.0,729.0,,-696.0,-80.0,-271.0,80.0,-3.0,,-7.0
453.0,425.0,,-406.0,-107.0,-665.0,90.0,-55.0,,17.0
485.0,49.0,,-422.0,-166.0,-612.0,68.0,190.0,,67.0
442.0,-390.0,,-362.0,-148.0,-370.0,31.0,304.0,,142.0
376.0,-679.0,,-137.0,-97.0,-544.0,6.0,395.0,,239.0
374.0,-891.0,,-224.0,-59.0,-866.0,-25.0,554.0,,344.0
338.0,-965.0,,-92.0,2.0,-915.0,-53.0,389.0,,473.0
282.0,-869.0,,-93.0,11.0,-838.0,-51.0,552.0,,615.0
201.0,-648.0,,-26.0,11.0,-838.0,-70.0,526.0,,736.0
233.0,-366.0,,-9.0,-12.0,-1088.0,-88.0,711.0,,830.0
212.0,-132.0,,27.0,-64.0,-1180.0,-74.0,861.0,,878.0
206.0,47.0,,51.0,-42.0,-953.0,-71.0,912.0,,884.0
228.0,166.0,,237.0,-38.0,-811.0,-53.0,1167.0,,853.0
207.0,243.0,,242.0,-23.0,-828.0,-58.0,1029.0,,775.0
227.0,193.0,,211.0,30.0,-819.0,-67.0,1103.0,,676.0
216.0,192.0,,270.0,19.0,-720.0,-67.0,894.0,,565.0
266.0,278.0,,164.0,31.0,-785.0,-79.0,733.0,,436.0
241.0,295.0,,363.0,24.0,-1181.0,-68.0,683.0,,307.0
266.0,354.0,,251.0,16.0,-1647.0,-76.0,413.0,,178.0
262.0,401.0,,61.0,86.0,-1964.0,-87.0,458.0,,60.0
250.0,428.0,,-122.0,65.0,-2137.0,-105.0,308.0,,-15.0
298.0,322.0,,-134.0,28.0,-2322.0,-144.0,524.0,,-60.0
285.0,140.0,,-20.0,-13.0,-2581.0,-165.0,654.0,,-63.0
329.0,107.0,,15.0,-122.0,-2661.0,-178.0,652.0,,-23.0
309.0,300.0,,258.0,-174.0,-2654.0,-190.0,855.0,,37.0
345.0,592.0,,346.0,-273.0,-2663.0,-199.0,800.0,,99.0
338.0,755.0,,512.0,-350.0,-2671.0,-222.0,1062.0,,140.0
363.0,917.0,,489.0,-313.0,-2683.0,-238.0,992.0,,141.0
397.0,867.0,,390.0,-292.0,-2690.0,-239.0,912.0,,80.0
401.0,543.0,,393.0,-210.0,-2765.0,-235.0,927.0,,-48.0
437.0,-49.0,,279.0,-142.0,-2810.0,-243.0,851.0,,-223.0
417.0,-634.0,,264.0,-108.0,-2942.0,-265.0,1084.0,,-408.0
463.0,-957.0,,149.0,-33.0,-3214.0,-248.0,1008.0,,-593.0
402.0,-1261.0,,93.0,-36.0,-3535.0,-225.0,1169.0,,-734.0
415.0,-1177.0,,51.0,-30.0,-3659.0,-230.0,1176.0,,-815.0
391.0,-811.0,,145.0,-18.0,-3724.0,-246.0,1075.0,,-849.0
356.0,-383.0,,164.0,-58.0,-4038.0,-269.0,1053.0,,-822.0
346.0,31.0,,147.0,-44.0,-4342.0,-291.0,718.0,,-752.0
286.0,402.0,,363.0,-68.0,-4432.0,-306.0,727.0,,-650.0
292.0,676.0,,441.0,-67.0,-4417.0,-321.0,589.0,,-518.0
179.0,748.0,,650.0,-12.0,-4561.0,-348.0,698.0,,-359.0
134.0,735.0,,557.0,-42.0,-4603.0,-363.0,837.0,,-179.0
116.0,401.0,,591.0,-40.0,-4507.0,-387.0,855.0,,3.0
137.0,51.0,,537.0,-76.0,-4405.0,-405.0,1101.0,,177.0
134.0,-114.0,,477.0,-140.0,-4172.0,-394.0,946.0,,315.0
108.0,-142.0,,534.0,-92.0,-3995.0,-388.0,1023.0,,429.0
155.0,-116.0,,387.0,-94.0,-3990.0,-372.0,873.0,,503.0
170.0,-113.0,,696.0,-65.0,-4198.0,-359.0,759.0,,538.0
187.0,42.0,,515.0,0.0,-4428.0,-367.0,868.0,,552.0
165.0,115.0,,848.0,30.0,-4538.0,-401.0,772.0,,538.0
216.0,120.0,,764.0,183.0,-4725.0,-440.0,1014.0,,520.0
307.0,133.0,,108.0,237.0,-4970.0,-442.0,970.0,,478.0
380.0,114.0,,278.0,207.0,-4898.0,-454.0,1060.0,,409.0
405.0,16.0,,283.0,264.0,-4507.0,-472.0,1084.0,,344.0
478.0,-214.0,,469.0,237.0,-4136.0,-476.0,1032.0,,278.0
589.0,-382.0,,276.0,279.0,-3932.0,-481.0,1237.0,,228.0
628.0,-516.0,,361.0,325.0,-3616.0,-480.0,1125.0,,205.0
649.0,-742.0,,570.0,241.0,-3119.0,-484.0,1221.0,,202.0
701.0,-810.0,,303.0,249.0,-3111.0,-476.0,1110.0,,202.0
767.0,-733.0,,484.0,204.0,-3426.0,-483.0,1097.0,,182.0
767.0,-658.0,,655.0,146.0,-3385.0,-492.0,1125.0,,123.0
785.0,-522.0,,626.0,189.0,-3165.0,-482.0,1003.0,,32.0
800.0,-440.0,,588.0,120.0,-3405.0,-480.0,1236.0,,-105.0
841.0,-378.0,,571.0,112.0,-3948.0,-489.0,1265.0,,-288.0
849.0,-402.0,,577.0,123.0,-4063.0,-510.0,1589.0,,-485.0
847.0,-487.0,,636.0,21.0,-3945.0,-498.0,1810.0,,-698.0
844.0,-582.0,,730.0,6.0,-4045.0,-455.0,1967.0,,-898.0
816.0,-599.0,,742.0,-78.0,-4246.0,-430.0,2158.0,,-1069.0
847.0,-518.0,,559.0,-168.0,-4218.0,-448.0,1960.0,,-1223.0
813.0,-553.0,,360.0,-116.0,-4023.0,-493.0,1892.0,,-1352.0
786.0,-536.0,,429.0,-134.0,-3849.0,-525.0,1457.0,,-1460.0
769.0,-458.0,,542.0,-87.0,-3603.0,-548.0,1239.0,,-1564.0
780.0,-300.0,,280.0,-9.0,-3225.0,-553.0,1104.0,,-1635.0
740.0,-104.0,,474.0,-46.0,-2960.0,-542.0,881.0,,-1676.0
676.0,87.0,,676.0,14.0,-2924.0,-526.0,975.0,,-1691.0
680.0,230.0,,255.0,14.0,-2773.0,-513.0,877.0,,-1660.0
628.0,272.0,,306.0,-62.0,-2511.0,-514.0,1147.0,,-1588.0
580.0,335.0,,96.0,-18.0,-2512.0,-521.0,1278.0,,-1494.0
553.0,247.0,,40.0,-61.0,-2722.0,-532.0,1374.0,,-1364.0
576.0,174.0,,401.0,-97.0,-2781.0,-536.0,1507.0,,-1198.0
546.0,178.0,,275.0,-52.0,-2716.0,-532.0,1269.0,,-1017.0
495.0,82.0,,415.0,-95.0,-2679.0,-542.0,1191.0,,-798.0
467.0,-34.0,,518.0,-40.0,-2701.0,-564.0,892.0,,-569.0
417.0,-22.0,,490.0,54.0,-2613.0,-584.0,975.0,,-341.0
414.0,40.0,,464.0,83.0,-2397.0,-586.0,1104.0,,-126.0
382.0,6.0,,114.0,223.0,-2272.0,-582.0,1077.0,,49.0
337.0,90.0,,92.0,328.0,-2061.0,-569.0,1258.0,,177.0
337.0,280.0,,62.0,331.0,-1629.0,-562.0,1108.0,,233.0
360.0,471.0,,-139.0,359.0,-1303.0,-571.0,1210.0,,244.0
343.0,588.0,,-193.0,304.0,-1457.0,-577.0,1130.0,,220.0
303.0,672.0,,-98.0,237.0,-1714.0,-585.0,1130.0,,187.0
323.0,876.0,,176.0,217.0,-1898.0,-584.0,1236.0,,155.0
372.0,891.0,,285.0,114.0,-2031.0,-580.0,1117.0,,126.0
332.0,638.0,,436.0,55.0,-1921.0,-557.0,1345.0,,107.0
315.0,360.0,,546.0,26.0,-1819.0,-522.0,1369.0,,101.0
357.0,96.0,,596.0,-74.0,-1750.0,-510.0,1675.0,,113.0
376.0,-179.0,,466.0,-104.0,-1770.0,-489.0,1951.0,,103.0
353.0,-421.0,,524.0,-137.0,-1787.0,-481.0,2102.0,,104.0
310.0,-438.0,,495.0,-202.0,-1665.0,-486.0,2298.0,,101.0
294.0,-391.0,,207.0,-168.0,-1705.0,-486.0,2086.0,,86.0
287.0,-383.0,,485.0,-156.0,-1991.0,-493.0,2143.0,,83.0
281.0,-289.0,,403.0,-156.0,-2207.0,-483.0,1912.0,,65.0
236.0,-183.0,,373.0,-70.0,-2078.0,-472.0,1784.0,,51.0
233.0,-102.0,,484.0,-27.0,-1942.0,-460.0,1747.0,,29.0
261.0,-69.0,,382.0,9.0,-2035.0,-450.0,1546.0,,-1.0
276.0,-48.0,,393.0,72.0,-1817.0,-456.0,1657.0,,-29.0
249.0,-143.0,,581.0,56.0,-1174.0,-436.0,1463.0,,-47.0
221.0,-137.0,,503.0,92.0,-685.0,-405.0,1502.0,,-40.0
242.0,-48.0,,406.0,140.0,-621.0,-370.0,1391.0,,-6.0
211.0,-121.0,,601.0,65.0,-698.0,-345.0,1228.0,,42.0
218.0,-62.0,,219.0,5.0,-463.0,-335.0,1278.0,,106.0
254.0,172.0,,570.0,-68.0,-229.0,-339.0,1186.0,,186.0
316.0,333.0,,169.0,-144.0,-425.0,-383.0,1485.0,,236.0
330.0,369.0,,408.0,-107.0,-786.0,-411.0,1500.0,,268.0
320.0,417.0,,906.0,-95.0,-1048.0,-423.0,1598.0,,280.0
340.0,275.0,,54.0,-57.0,-1045.0,-423.0,1613.0,,252.0
314.0,-13.0,,848.0,50.0,-968.0,-421.0,1402.0,,210.0
324.0,-298.0,,683.0,54.0,-1071.0,-436.0,1387.0,,164.0
309.0,-387.0,,709.0,76.0,-1117.0,-437.0,1043.0,,128.0
284.0,-252.0,,678.0,131.0,-958.0,-430.0,940.0,,90.0
294.0,-263.0,,456.0,119.0,-703.0,-424.0,698.0,,55.0
316.0,-203.0,,487.0,169.0,-383.0,-433.0,578.0,,28.0
293.0,7.0,,308.0,188.0,-64.0,-433.0,705.0,,-11.0
225.0,109.0,,780.0,148.0,181.0,-421.0,681.0,,-79.0
229.0,-61.0,,33.0,168.0,206.0,-395.0,979.0,,-188.0
210.0,-256.0,,653.0,108.0,-14.0,-371.0,1027.0,,-314.0
153.0,-322.0,,327.0,50.0,-74.0,-385.0,1091.0,,-432.0
127.0,-317.0,,200.0,89.0,65.0,-414.0,879.0,,-523.0
53.0,-208.0,,861.0,86.0,52.0,-459.0,565.0,,-585.0
-19.0,-65.0,,370.0,137.0,-99.0,-512.0,570.0,,-613.0
-60.0,124.0,,792.0,195.0,20.0,-529.0,484.0,,-594.0
-77.0,164.0,,658.0,144.0,419.0,-509.0,838.0,,-532.0
-126.0,126.0,,840.0,132.0,607.0,-495.0,981.0,,-422.0
-211.0,3.0,,663.0,63.0,705.0,-496.0,1112.0,,-256.0
-234.0,-164.0,,754.0,-50.0,758.0,-499.0,1110.0,,-43.0
-283.0,-363.0,,986.0,-46.0,724.0,-503.0,739.0,,200.0
-299.0,-648.0,,892.0,-44.0,744.0,-510.0,683.0,,442.0
-299.0,-818.0,,1112.0,3.0,822.0,-529.0,485.0,,646.0
-342.0,-991.0,,910.0,75.0,1018.0,-542.0,602.0,,797.0
-387.0,-908.0,,631.0,18.0,939.0,-549.0,611.0,,856.0
-354.0,-680.0,,498.0,2.0,569.0,-574.0,587.0,,838.0
-304.0,-462.0,,648.0,-8.0,294.0,-599.0,783.0,,773.0
-379.0,-78.0,,692.0,-78.0,339.0,-596.0,715.0,,662.0
-398.0,332.0,,778.0,-48.0,392.0,-582.0,901.0,,515.0
-324.0,653.0,,512.0,-47.0,207.0,-583.0,753.0,,353.0
-226.0,736.0,,576.0,-68.0,293.0,-562.0,781.0,,218.0
-211.0,744.0,,306.0,-38.0,697.0,-533.0,984.0,,115.0
-175.0,670.0,,209.0,-115.0,1145.0,-501.0,990.0,,48.0
-81.0,543.0,,424.0,-160.0,1372.0,-453.0,1225.0,,7.0
-8.0,337.0,,304.0,-127.0,1449.0,-415.0,1180.0,,-20.0
79.0,222.0,,650.0,-126.0,1540.0,-367.0,1298.0,,-35.0
125.0,227.0,,638.0,-30.0,1517.0,-339.0,1230.0,,-53.0
212.0,13.0,,687.0,58.0,1466.0,-314.0,1123.0,,-63.0
259.0,-6.0,,416.0,90.0,1363.0,-280.0,1121.0,,-68.0
308.0,22.0,,448.0,159.0,1207.0,-256.0,851.0,,-92.0
285.0,-54.0,,560.0,118.0,1113.0,-225.0,840.0,,-127.0
282.0,-70.0,,487.0,61.0,1162.0,-216.0,506.0,,-139.0
334.0,-43.0,,424.0,70.0,1275.0,-202.0,400.0,,-140.0
283.0,10.0,,278.0,27.0,1291.0,-174.0,448.0,,-128.0
241.0,77.0,,252.0,79.0,1401.0,-144.0,358.0,,-89.0
198.0,252.0,,-231.0,181.0,1725.0,-113.0,521.0,,-14.0
231.0,458.0,,83.0,190.0,2042.0,-126.0,369.0,,91.0
171.0,687.0,,274.0,223.0,2116.0,-150.0,465.0,,202.0
122.0,717.0,,114.0,184.0,2075.0,-163.0,362.0,,329.0
105.0,623.0,,13.0,113.0,2081.0,-142.0,121.0,,449.0
84.0,460.0,,34.0,149.0,1959.0,-112.0,27.0,,552.0
98.0,284.0,,123.0,121.0,1767.0,-105.0,-271.0,,640.0
72.0,200.0,,-111.0,116.0,1638.0,-86.0,-168.0,,702.0
120.0,97.0,,173.0,129.0,1735.0,-65.0,-338.0,,746.0
118.0,101.0,,290.0,51.0,2052.0,-28.0,-434.0,,754.0
174.0,86.0,,397.0,33.0,2385.0,-17.0,-400.0,,730.0
152.0,52.0,,343.0,-9.0,2679.0,-22.0,-443.0,,677.0
151.0,-80.0,,304.0,-79.0,2856.0,-20.0,-225.0,,596.0
217.0,-238.0,,608.0,-61.0,3029.0,-30.0,-336.0,,487.0
205.0,-295.0,,538.0,-99.0,3108.0,-6.0,-199.0,,345.0
194.0,-395.0,,467.0,-124.0,3111.0,1.0,-234.0,,189.0
182.0,-530.0,,580.0,-96.0,3101.0,26.0,-269.0,,19.0
310.0,-559.0,,452.0,-146.0,3097.0,61.0,-171.0,,-136.0
317.0,-446.0,,302.0,-149.0,3341.0,87.0,-384.0,,-262.0
333.0,-442.0,,451.0,-154.0,3493.0,137.0,-230.0,,-345.0
347.0,-367.0,,253.0,-173.0,3326.0,173.0,-297.0,,-379.0
334.0,-143.0,,235.0,-96.0,3158.0,215.0,-206.0,,-355.0
327.0,18.0,,340.0,-74.0,3349.0,229.0,-190.0,,-268.0
253.0,-106.0,,109.0,-38.0,3598.0,224.0,-277.0,,-150.0
259.0,-318.0,,315.0,69.0,3530.0,222.0,-79.0,,2.0
195.0,-335.0,,408.0,95.0,3472.0,215.0,-247.0,,169.0
219.0,-422.0,,328.0,132.0,3491.0,224.0,-208.0,,333.0
179.0,-441.0,,543.0,156.0,3550.0,257.0,-412.0,,499.0
136.0,-322.0,,434.0,150.0,3549.0,287.0,-526.0,,650.0
129.0,-29.0,,397.0,229.0,3651.0,306.0,-515.0,,774.0
56.0,316.0,,723.0,234.0,3868.0,344.0,-705.0,,871.0
70.0,468.0,,761.0,186.0,3896.0,355.0,-546.0,,941.0
56.0,605.0,,536.0,161.0,3845.0,359.0,-676.0,,988.0
100.0,732.0,,531.0,48.0,3822.0,361.0,-641.0,,1023.0
61.0,678.0,,436.0,-22.0,3973.0,358.0,-790.0,,1045.0
22.0,422.0,,297.0,-34.0,4053.0,383.0,-1067.0,,1054.0
21.0,291.0,,307.0,-51.0,4088.0,412.0,-1040.0,,1052.0
-15.0,248.0,,220.0,22.0,4019.0,440.0,-1182.0,,1058.0
-32.0,226.0,,190.0,47.0,3612.0,450.0,-1045.0,,1060.0
-68.0,298.0,,284.0,31.0,3190.0,440.0,-1210.0,,1050.0
-68.0,307.0,,259.0,69.0,2867.0,420.0,-1278.0,,1051.0
-124.0,313.0,,40.0,27.0,2759.0,400.0,-1350.0,,1062.0
-143.0,250.0,,366.0,5.0,2518.0,376.0,-1679.0,,1074.0
-180.0,180.0,,397.0,-12.0,1977.0,357.0,-1670.0,,1088.0
-214.0,138.0,,443.0,-116.0,1715.0,345.0,-1832.0,,1104.0
-227.0,134.0,,681.0,-154.0,1876.0,311.0,-1611.0,,1110.0
-246.0,126.0,,543.0,-234.0,2059.0,299.0,-1515.0,,1097.0
-230.0,18.0,,713.0,-330.0,1992.0,296.0,-1507.0,,1052.0
-289.0,-88.0,,598.0,-323.0,1954.0,289.0,-1400.0,,969.0
-291.0,-222.0,,478.0,-345.0,2013.0,291.0,-1675.0,,853.0
-311.0,-304.0,,428.0,-285.0,2011.0,305.0,-1677.0,,725.0
-339.0,-450.0,,497.0,-163.0,1978.0,319.0,-1928.0,,601.0
-357.0,-433.0,,456.0,-130.0,1773.0,301.0,-1875.0,,484.0
-358.0,-285.0,,321.0,-54.0,1579.0,289.0,-1679.0,,385.0
-342.0,-276.0,,262.0,-5.0,1672.0,271.0,-1637.0,,317.0
-367.0,-39.0,,67.0,1.0,1819.0,249.0,-1516.0,,273.0
-345.0,177.0,,33.0,85.0,1718.0,251.0,-1947.0,,239.0
-353.0,262.0,,85.0,87.0,1510.0,265.0,-2086.0,,228.0
-336.0,362.0,,217.0,64.0,1551.0,278.0,-2365.0,,242.0
-332.0,493.0,,160.0,83.0,1800.0,280.0,-2477.0,,268.0
-367.0,700.0,,244.0,12.0,1923.0,299.0,-2243.0,,323.0
-395.0,816.0,,37.0,-4.0,1655.0,324.0,-2243.0,,396.0
-381.0,853.0,,-99.0,-9.0,1451.0,322.0,-1927.0,,467.0
-361.0,819.0,,70.0,-77.0,1493.0,316.0,-1954.0,,523.0
-393.0,819.0,,-57.0,-53.0,1425.0,304.0,-1899.0,,554.0
-389.0,642.0,,45.0,-53.0,1411.0,288.0,-1971.0,,558.0
-356.0,257.0,,159.0,-61.0,1498.0,297.0,-2135.0,,535.0
-349.0,29.0,,136.0,4.0,1669.0,316.0,-2032.0,,513.0
-387.0,-172.0,,-32.0,1.0,1740.0,331.0,-2185.0,,490.0
-371.0,-423.0,,10.0,24.0,1696.0,332.0,-1880.0,,465.0
-357.0,-674.0,,78.0,101.0,1805.0,329.0,-1792.0,,460.0
-357.0,-754.0,,13.0,120.0,1877.0,330.0,-1720.0,,461.0
-351.0,-787.0,,70.0,180.0,1930.0,322.0,-1646.0,,469.0
-355.0,-969.0,,-3.0,218.0,1930.0,357.0,-1849.0,,488.0
-327.0,-904.0,,-162.0,186.0,1776.0,401.0,-1712.0,,510.0
-326.0,-536.0,,-304.0,198.0,1531.0,426.0,-1768.0,,531.0
-338.0,-5.0,,-114.0,134.0,1284.0,450.0,-1476.0,,550.0
-388.0,423.0,,7.0,10.0,1390.0,448.0,-1293.0,,552.0
-436.0,664.0,,135.0,-52.0,1642.0,442.0,-1212.0,,513.0
-447.0,968.0,,278.0,-159.0,1711.0,439.0,-1082.0,,446.0
-479.0,1097.0,,45.0,-244.0,1771.0,426.0,-1446.0,,354.0
-536.0,867.0,,-13.0,-264.0,2013.0,425.0,-1574.0,,239.0
-561.0,498.0,,46.0,-304.0,2144.0,428.0,-1840.0,,110.0
-572.0,333.0,,-28.0,-262.0,2099.0,414.0,-1819.0,,-23.0
-644.0,294.0,,-77.0,-198.0,2180.0,396.0,-1757.0,,-153.0
-651.0,210.0,,-47.0,-203.0,2326.0,379.0,-1884.0,,-281.0
-620.0,72.0,,-171.0,-169.0,2640.0,377.0,-1771.0,,-391.0
-629.0,41.0,,-166.0,-127.0,2854.0,375.0,-2038.0,,-476.0
-644.0,260.0,,-149.0,-95.0,2835.0,373.0,-2121.0,,-546.0
-645.0,290.0,,-302.0,-9.0,2695.0,379.0,-2317.0,,-591.0
-611.0,280.0,,-338.0,26.0,2422.0,404.0,-2331.0,,-623.0
-622.0,430.0,,-603.0,34.0,2199.0,439.0,-2154.0,,-637.0
-613.0,521.0,,-606.0,91.0,1901.0,448.0,-2187.0,,-644.0
-591.0,401.0,,-613.0,100.0,1619.0,447.0,-1928.0,,-650.0
-590.0,157.0,,-361.0,117.0,1457.0,433.0,-2054.0,,-640.0
-563.0,171.0,,-206.0,151.0,1290.0,426.0,-2032.0,,-643.0
-540.0,72.0,,-616.0,94.0,1122.0,424.0,-2084.0,,-634.0
-509.0,-195.0,,-312.0,32.0,951.0,425.0,-2241.0,,-609.0
-476.0,-244.0,,-321.0,-29.0,777.0,431.0,-2119.0,,-573.0
-429.0,-132.0,,-256.0,-113.0,830.0,418.0,-2226.0,,-512.0
-410.0,-30.0,,-3.0,-130.0,988.0,415.0,-2052.0,,-442.0
-401.0,-15.0,,-48.0,-141.0,955.0,392.0,-2110.0,,-372.0
-386.0,30.0,,-61.0,-166.0,882.0,374.0,-2001.0,,-309.0
-381.0,92.0,,-265.0,-136.0,863.0,366.0,-1759.0,,-273.0
-412.0,117.0,,-242.0,-134.0,968.0,355.0,-1777.0,,-258.0
-412.0,-3.0,,-269.0,-163.0,955.0,378.0,-1609.0,,-256.0
-400.0,-167.0,,-266.0,-152.0,882.0,388.0,-1766.0,,-279.0
-411.0,-122.0,,-240.0,-186.0,995.0,388.0,-1633.0,,-296.0
-407.0,-10.0,,-183.0,-207.0,1122.0,384.0,-1535.0,,-287.0
-457.0,-24.0,,-238.0,-151.0,1223.0,367.0,-1478.0,,-249.0
-435.0,-122.0,,-346.0,-124.0,1165.0,356.0,-1204.0,,-182.0
-430.0,-181.0,,-313.0,-73.0,978.0,328.0,-1201.0,,-109.0
-412.0,-279.0,,-352.0,-15.0,732.0,325.0,-1027.0,,-36.0
-425.0,-378.0,,-342.0,-23.0,578.0,301.0,-1221.0,,27.0
-427.0,-297.0,,-265.0,-4.0,628.0,252.0,-1324.0,,64.0
-350.0,-91.0,,-204.0,-1.0,728.0,226.0,-1370.0,,97.0
-383.0,45.0,,-205.0,-52.0,743.0,180.0,-1540.0,,133.0
-370.0,5.0,,-168.0,-53.0,677.0,163.0,-1426.0,,164.0
-366.0,-20.0,,-161.0,-61.0,795.0,155.0,-1614.0,,211.0
-271.0,40.0,,-173.0,-85.0,887.0,149.0,-1539.0,,268.0
-238.0,7.0,,-249.0,-44.0,860.0,140.0,-1577.0,,333.0
-213.0,-163.0,,-286.0,-25.0,989.0,113.0,-1625.0,,399.0
-130.0,-203.0,,-253.0,-12.0,1251.0,103.0,-1572.0,,463.0
-140.0,-155.0,,-270.0,46.0,1300.0,81.0,-1788.0,,532.0
-51.0,-180.0,,-279.0,75.0,955.0,67.0,-1668.0,,595.0
-54.0,-29.0,,-367.0,113.0,664.0,52.0,-1709.0,,676.0
-24.0,264.0,,-458.0,143.0,463.0,15.0,-1450.0,,750.0
-45.0,531.0,,-460.0,98.0,248.0,-4.0,-1245.0,,806.0
-57.0,635.0,,-465.0,63.0,118.0,-4.0,-1247.0,,834.0
-51.0,616.0,,-524.0,37.0,104.0,3.0,-1119.0,,819.0
-115.0,575.0,,-555.0,-18.0,173.0,-1.0,-1420.0,,778.0
-91.0,492.0,,-492.0,-28.0,261.0,-13.0,-1407.0,,693.0
-144.0,309.0,,-498.0,-37.0,426.0,-51.0,-1598.0,,591.0
-162.0,106.0,,-406.0,-56.0,590.0,-108.0,-1698.0,,467.0
-227.0,149.0,,-398.0,-44.0,598.0,-130.0,-1553.0,,325.0
-257.0,246.0,,-422.0,-98.0,409.0,-140.0,-1624.0,,193.0
-281.0,111.0,,-240.0,-166.0,324.0,-152.0,-1433.0,,63.0
-331.0,-159.0,,-247.0,-168.0,345.0,-144.0,-1579.0,,-60.0
-326.0,-132.0,,-89.0,-173.0,156.0,-147.0,-1467.0,,-182.0
-338.0,105.0,,-33.0,-136.0,-166.0,-167.0,-1339.0,,-297.0
-318.0,107.0,,-198.0,-70.0,-306.0,-180.0,-1212.0,,-407.0
-354.0,-11.0,,-124.0,-39.0,-285.0,-191.0,-912.0,,-490.0
-320.0,-65.0,,-40.0,42.0,-346.0,-190.0,-1073.0,,-532.0
-313.0,-65.0,,-138.0,125.0,-491.0,-185.0,-1001.0,,-542.0
-339.0,-140.0,,-415.0,139.0,-454.0,-186.0,-1127.0,,-497.0
-358.0,-169.0,,-562.0,181.0,-290.0,-185.0,-1049.0,,-417.0
-379.0,-46.0,,-616.0,209.0,-441.0,-179.0,-984.0,,-322.0
-368.0,45.0,,-596.0,205.0,-760.0,-179.0,-1184.0,,-225.0
-387.0,126.0,,-679.0,248.0,-958.0,-182.0,-966.0,,-147.0
-362.0,301.0,,-886.0,248.0,-929.0,-183.0,-994.0,,-92.0
-361.0,570.0,,-865.0,216.0,-911.0,-216.0,-752.0,,-49.0
-371.0,825.0,,-937.0,210.0,-945.0,-244.0,-611.0,,-33.0
-370.0,793.0,,-952.0,131.0,-820.0,-239.0,-515.0,,-42.0
-342.0,558.0,,-768.0,48.0,-731.0,-215.0,-258.0,,-70.0
-343.0,401.0,,-685.0,15.0,-669.0,-196.0,-256.0,,-130.0
-351.0,202.0,,-826.0,-31.0,-615.0,-174.0,70.0,,-199.0
-355.0,-53.0,,-822.0,-10.0,-597.0,-138.0,151.0,,-297.0
-347.0,-209.0,,-599.0,31.0,-702.0,-140.0,363.0,,-422.0
-350.0,-281.0,,-792.0,-6.0,-826.0,-169.0,445.0,,-553.0
-336.0,-307.0,,-1022.0,-16.0,-1035.0,-208.0,297.0,,-688.0
-301.0,-353.0,,-1065.0,-14.0,-1510.0,-227.0,373.0,,-785.0
-342.0,-452.0,,-1011.0,-24.0,-2065.0,-215.0,169.0,,-838.0
-300.0,-507.0,,-923.0,41.0,-2509.0,-200.0,397.0,,-838.0
-362.0,-537.0,,-945.0,94.0,-2677.0,-194.0,596.0,,-789.0
-342.0,-535.0,,-971.0,102.0,-2700.0,-198.0,872.0,,-709.0
-330.0,-364.0,,-1147.0,107.0,-2660.0,-188.0,1151.0,,-597.0
-318.0,-113.0,,-1143.0,41.0,-2587.0,-174.0,1034.0,,-474.0
-252.0,-76.0,,-1059.0,-20.0,-2377.0,-178.0,1053.0,,-327.0
-298.0,-188.0,,-1023.0,-22.0,-2092.0,-208.0,672.0,,-194.0
-165.0,-99.0,,-885.0,-65.0,-1974.0,-247.0,504.0,,-88.0
-201.0,85.0,,-1133.0,-91.0,-2055.0,-266.0,369.0,,11.0
-141.0,189.0,,-1074.0,-88.0,-2299.0,-272.0,380.0,,95.0
-107.0,330.0,,-730.0,-143.0,-2474.0,-284.0,752.0,,168.0
-106.0,495.0,,-747.0,-161.0,-2667.0,-298.0,755.0,,214.0
-33.0,536.0,,-497.0,-147.0,-2906.0,-328.0,868.0,,241.0
-69.0,348.0,,-408.0,-148.0,-3040.0,-375.0,548.0,,254.0
26.0,62.0,,-621.0,-70.0,-3027.0,-391.0,291.0,,254.0
-40.0,-143.0,,-771.0,28.0,-2903.0,-395.0,243.0,,261.0
27.0,-302.0,,-848.0,107.0,-2713.0,-383.0,205.0,,277.0
12.0,-409.0,,-756.0,201.0,-2463.0,-382.0,567.0,,310.0
1.0,-393.0,,-792.0,208.0,-2294.0,-403.0,561.0,,371.0
54.0,-253.0,,-933.0,150.0,-2072.0,-406.0,642.0,,446.0
-64.0,-122.0,,-921.0,92.0,-1921.0,-421.0,511.0,,537.0
8.0,-177.0,,-1016.0,-17.0,-2002.0,-423.0,352.0,,632.0
-87.0,-316.0,,-1072.0,-77.0,-2039.0,-399.0,441.0,,715.0
-61.0,-347.0,,-1108.0,-59.0,-1988.0,-402.0,317.0,,797.0
-86.0,-193.0,,-1112.0,-60.0,-2007.0,-431.0,563.0,,854.0
-140.0,-107.0,,-951.0,-6.0,-2093.0,-439.0,657.0,,885.0
-89.0,-188.0,,-967.0,49.0,-2105.0,-437.0,1006.0,,887.0
-229.0,-213.0,,-864.0,26.0,-1969.0,-417.0,1395.0,,856.0
-121.0,-173.0,,-964.0,22.0,-1846.0,-369.0,1465.0,,801.0
-230.0,-73.0,,-830.0,-11.0,-1865.0,-335.0,1664.0,,722.0
-191.0,-10.0,,-597.0,-62.0,-1774.0,-332.0,1498.0,,609.0
-215.0,58.0,,-606.0,-4.0,-1642.0,-330.0,1531.0,,470.0
-293.0,114.0,,-264.0,68.0,-1641.0,-328.0,1439.0,,315.0
-188.0,212.0,,-349.0,126.0,-1670.0,-322.0,1419.0,,123.0
-333.0,275.0,,-470.0,198.0,-1711.0,-292.0,1579.0,,-79.0
-204.0,177.0,,-426.0,181.0,-1663.0,-268.0,1435.0,,-299.0
-400.0,96.0,,-597.0,139.0,-1417.0,-243.0,1529.0,,-545.0
-348.0,51.0,,-436.0,111.0,-989.0,-240.0,1359.0,,-782.0
-333.0,260.0,,-308.0,15.0,-649.0,-247.0,1417.0,,-1014.0
-381.0,410.0,,-551.0,-57.0,-525.0,-244.0,1542.0,,-1220.0
-277.0,372.0,,-621.0,-102.0,-465.0,-239.0,1566.0,,-1380.0
-452.0,344.0,,-584.0,-164.0,-391.0,-221.0,1816.0,,-1496.0
-281.0,340.0,,-688.0,-135.0,-285.0,-213.0,1718.0,,-1551.0
-423.0,471.0,,-597.0,-86.0,-392.0,-195.0,1831.0,,-1546.0
-318.0,493.0,,-501.0,-89.0,-581.0,-185.0,1705.0,,-1492.0
-362.0,428.0,,-526.0,-72.0,-459.0,-195.0,1539.0,,-1399.0
-369.0,292.0,,-530.0,-90.0,-220.0,-191.0,1430.0,,-1294.0
-227.0,82.0,,-701.0,-101.0,10.0,-149.0,1180.0,,-1182.0
-365.0,-167.0,,-591.0,-39.0,178.0,-96.0,1382.0,,-1065.0
-222.0,-353.0,,-577.0,-22.0,289.0,-75.0,1339.0,,-963.0
-324.0,-438.0,,-600.0,-2.0,395.0,-78.0,1516.0,,-853.0
-162.0,-553.0,,-399.0,59.0,422.0,-98.0,1540.0,,-724.0
-201.0,-525.0,,-662.0,78.0,298.0,-118.0,1383.0,,-602.0
-194.0,-457.0,,-764.0,117.0,0.0,-136.0,1513.0,,-475.0
-110.0,-320.0,,-780.0,148.0,-154.0,-158.0,1378.0,,-333.0
-145.0,-104.0,,-727.0,87.0,-58.0,-160.0,1544.0,,-174.0
-21.0,-5.0,,-627.0,53.0,-46.0,-159.0,1516.0,,-26.0
-143.0,99.0,,-541.0,44.0,-333.0,-168.0,1542.0,,101.0
-33.0,135.0,,-427.0,9.0,-551.0,-174.0,1516.0,,213.0
-86.0,95.0,,-439.0,26.0,-504.0,-182.0,1180.0,,275.0
-79.0,78.0,,-224.0,-26.0,-502.0,-174.0,1197.0,,288.0
-90.0,59.0,,-239.0,-86.0,-562.0,-162.0,1049.0,,254.0
-107.0,73.0,,-144.0,-100.0,-540.0,-152.0,1208.0,,172.0
-25.0,146.0,,2.0,-141.0,-576.0,-136.0,1330.0,,53.0
-73.0,208.0,,-3.0,-88.0,-815.0,-111.0,1424.0,,-89.0
35.0,252.0,,-55.0,-39.0,-970.0,-96.0,1557.0,,-228.0
51.0,268.0,,-198.0,4.0,-966.0,-91.0,1250.0,,-377.0
138.0,59.0,,-31.0,38.0,-872.0,-81.0,1276.0,,-531.0
137.0,-193.0,,-116.0,41.0,-821.0,-81.0,1156.0,,-666.0
190.0,-389.0,,-363.0,41.0,-936.0,-42.0,1271.0,,-793.0
241.0,-614.0,,-227.0,26.0,-1044.0,39.0,1389.0,,-915.0
271.0,-806.0,,-58.0,33.0,-1220.0,82.0,1213.0,,-1026.0
346.0,-971.0,,-65.0,-17.0,-1569.0,85.0,1193.0,,-1111.0
336.0,-977.0,,-169.0,-42.0,-1798.0,87.0,833.0,,-1170.0
417.0,-906.0,,-215.0,-113.0,-1734.0,79.0,811.0,,-1201.0
400.0,-759.0,,-24.0,-148.0,-1704.0,73.0,798.0,,-1193.0
438.0,-516.0,,-10.0,-118.0,-1852.0,81.0,1018.0,,-1156.0
394.0,-243.0,,-86.0,-132.0,-1830.0,74.0,1424.0,,-1087.0
386.0,117.0,,70.0,-82.0,-1523.0,66.0,1470.0,,-996.0
363.0,419.0,,51.0,-64.0,-1406.0,52.0,1655.0,,-902.0
344.0,513.0,,-23.0,-32.0,-1602.0,41.0,1481.0,,-785.0
360.0,414.0,,-130.0,-14.0,-1800.0,45.0,1544.0,,-641.0
303.0,287.0,,-87.0,2.0,-1898.0,63.0,1583.0,,-501.0
313.0,119.0,,-45.0,33.0,-1938.0,85.0,1522.0,,-367.0
231.0,-22.0,,-192.0,72.0,-2164.0,100.0,1727.0,,-258.0
245.0,-114.0,,-107.0,136.0,-2399.0,111.0,1709.0,,-179.0
185.0,-202.0,,-414.0,148.0,-2257.0,127.0,2012.0,,-141.0
194.0,-196.0,,-746.0,217.0,-2107.0,153.0,2013.0,,-151.0
128.0,-156.0,,-681.0,221.0,-2220.0,179.0,1914.0,,-187.0
56.0,-29.0,,-763.0,237.0,-2383.0,222.0,1823.0,,-251.0
81.0,0.0,,-762.0,246.0,-2351.0,237.0,1496.0,,-349.0
50.0,-66.0,,-633.0,131.0,-1971.0,238.0,1500.0,,-468.0
140.0,-116.0,,-628.0,68.0,-1654.0,226.0,1302.0,,-577.0
72.0,-190.0,,-698.0,-16.0,-1529.0,222.0,1310.0,,-651.0
129.0,-125.0,,-615.0,-60.0,-1502.0,264.0,1176.0,,-690.0
124.0,-48.0,,-504.0,-51.0,-1431.0,276.0,949.0,,-704.0
129.0,2.0,,-332.0,-92.0,-1247.0,286.0,918.0,,-692.0
152.0,-3.0,,-245.0,-96.0,-1280.0,299.0,668.0,,-650.0
155.0,-104.0,,-221.0,-84.0,-1319.0,296.0,862.0,,-615.0
236.0,-213.0,,-151.0,-103.0,-1280.0,289.0,885.0,,-592.0
194.0,-251.0,,-72.0,-65.0,-1201.0,291.0,994.0,,-584.0
277.0,-211.0,,185.0,-42.0,-1098.0,311.0,1145.0,,-587.0
247.0,-244.0,,228.0,-58.0,-1101.0,325.0,988.0,,-599.0
280.0,-312.0,,269.0,-13.0,-1164.0,337.0,962.0,,-631.0
252.0,-307.0,,374.0,-11.0,-1194.0,355.0,606.0,,-677.0
202.0,-162.0,,289.0,37.0,-1071.0,375.0,543.0,,-738.0
233.0,-9.0,,162.0,101.0,-1097.0,386.0,443.0,,-798.0
159.0,65.0,,40.0,74.0,-1342.0,394.0,410.0,,-838.0
152.0,69.0,,-55.0,84.0,-1325.0,395.0,532.0,,-865.0
31.0,33.0,,-185.0,30.0,-1003.0,420.0,376.0,,-901.0
0.0,-14.0,,-317.0,-20.0,-733.0,446.0,587.0,,-931.0
-29.0,-114.0,,-342.0,9.0,-538.0,464.0,511.0,,-954.0
-34.0,-184.0,,-122.0,-28.0,-350.0,506.0,618.0,,-986.0
-14.0,-229.0,,-192.0,-24.0,-128.0,507.0,846.0,,-1009.0
-23.0,-135.0,,-441.0,-9.0,158.0,475.0,981.0,,-1023.0
53.0,21.0,,-321.0,-45.0,400.0,423.0,1315.0,,-1012.0
49.0,66.0,,-221.0,9.0,568.0,369.0,1176.0,,-979.0
123.0,63.0,,-330.0,17.0,730.0,367.0,1201.0,,-937.0
145.0,105.0,,-174.0,16.0,787.0,406.0,1088.0,,-873.0
177.0,138.0,,63.0,99.0,637.0,446.0,1075.0,,-810.0
234.0,15.0,,-128.0,103.0,517.0,459.0,1239.0,,-755.0
269.0,-191.0,,-266.0,146.0,439.0,468.0,1152.0,,-714.0
314.0,-376.0,,-197.0,163.0,469.0,496.0,1300.0,,-681.0
326.0,-476.0,,-27.0,96.0,578.0,525.0,1016.0,,-656.0
437.0,-583.0,,-183.0,131.0,732.0,568.0,848.0,,-662.0
450.0,-644.0,,-361.0,93.0,1009.0,592.0,750.0,,-668.0
491.0,-566.0,,-168.0,27.0,1057.0,581.0,709.0,,-667.0
539.0,-404.0,,-15.0,46.0,1058.0,552.0,968.0,,-665.0
579.0,-203.0,,-30.0,14.0,1028.0,544.0,844.0,,-664.0
629.0,-143.0,,-68.0,65.0,803.0,568.0,907.0,,-676.0
582.0,-29.0,,236.0,90.0,509.0,588.0,700.0,,-673.0
600.0,111.0,,100.0,11.0,351.0,623.0,517.0,,-651.0
568.0,86.0,,107.0,29.0,550.0,636.0,399.0,,-606.0
572.0,126.0,,464.0,-3.0,767.0,619.0,57.0,,-533.0
546.0,221.0,,494.0,-49.0,858.0,609.0,121.0,,-430.0
477.0,265.0,,557.0,-25.0,963.0,631.0,16.0,,-332.0
449.0,198.0,,378.0,-82.0,1220.0,666.0,158.0,,-250.0
435.0,94.0,,250.0,-57.0,1497.0,681.0,192.0,,-190.0
441.0,117.0,,345.0,-12.0,1508.0,687.0,208.0,,-156.0
381.0,246.0,,424.0,-50.0,1423.0,665.0,391.0,,-130.0
384.0,309.0,,293.0,10.0,1432.0,633.0,158.0,,-115.0
361.0,366.0,,274.0,21.0,1213.0,621.0,166.0,,-79.0
331.0,546.0,,197.0,17.0,684.0,625.0,-64.0,,-31.0
303.0,640.0,,3.0,85.0,401.0,646.0,-94.0,,35.0
244.0,638.0,,111.0,53.0,416.0,668.0,-38.0,,131.0
237.0,508.0,,154.0,62.0,428.0,664.0,-142.0,,252.0
203.0,256.0,,193.0,78.0,368.0,661.0,62.0,,381.0
198.0,62.0,,68.0,22.0,486.0,643.0,3.0,,493.0
143.0,-87.0,,72.0,76.0,608.0,618.0,195.0,,603.0
80.0,-209.0,,95.0,96.0,488.0,632.0,118.0,,691.0
68.0,-285.0,,-101.0,102.0,460.0,632.0,-29.0,,746.0
44.0,-223.0,,68.0,179.0,511.0,640.0,-18.0,,770.0
-3.0,-186.0,,207.0,130.0,571.0,660.0,-214.0,,740.0
-63.0,-229.0,,206.0,88.0,627.0,665.0,-14.0,,673.0
-81.0,-123.0,,338.0,46.0,951.0,669.0,-131.0,,587.0
-95.0,95.0,,411.0,-66.0,1439.0,661.0,-64.0,,471.0
-114.0,329.0,,253.0,-36.0,1571.0,659.0,3.0,,366.0
-147.0,519.0,,279.0,-2.0,1584.0,674.0,-175.0,,279.0
-157.0,657.0,,381.0,30.0,1756.0,699.0,-182.0,,204.0
-140.0,667.0,,301.0,137.0,1999.0,701.0,-469.0,,158.0
-141.0,506.0,,520.0,116.0,1855.0,683.0,-345.0,,123.0
-206.0,268.0,,427.0,105.0,1379.0,679.0,-367.0,,106.0
-248.0,79.0,,370.0,93.0,1254.0,680.0,-410.0,,99.0
-248.0,28.0,,481.0,-13.0,1322.0,684.0,-365.0,,107.0
-282.0,70.0,,238.0,-20.0,1171.0,700.0,-539.0,,122.0
-314.0,184.0,,669.0,-49.0,879.0,726.0,-317.0,,127.0
-346.0,302.0,,990.0,-78.0,658.0,732.0,-299.0,,132.0
-338.0,310.0,,816.0,8.0,625.0,709.0,-66.0,,145.0
-360.0,295.0,,686.0,-2.0,666.0,660.0,131.0,,155.0
-362.0,319.0,,574.0,-27.0,785.0,631.0,262.0,,161.0
-369.0,235.0,,781.0,-31.0,807.0,656.0,585.0,,175.0
-424.0,98.0,,716.0,-127.0,613.0,699.0,563.0,,186.0
-455.0,4.0,,789.0,-139.0,535.0,729.0,770.0,,195.0
-452.0,-32.0,,792.0,-164.0,637.0,716.0,700.0,,210.0
-416.0,-24.0,,681.0,-231.0,709.0,678.0,635.0,,247.0
-427.0,-7.0,,771.0,-157.0,580.0,648.0,576.0,,294.0
-389.0,81.0,,619.0,-119.0,715.0,632.0,277.0,,353.0
-372.0,245.0,,759.0,-83.0,1206.0,644.0,177.0,,407.0
-306.0,492.0,,676.0,-5.0,1570.0,673.0,-251.0,,441.0
-227.0,694.0,,762.0,-56.0,1742.0,708.0,-332.0,,445.0
-186.0,835.0,,823.0,-70.0,1740.0,715.0,-349.0,,392.0
-102.0,899.0,,671.0,-85.0,1806.0,685.0,-327.0,,315.0
-54.0,782.0,,726.0,-200.0,1774.0,659.0,-162.0,,204.0
67.0,556.0,,578.0,-213.0,1627.0,649.0,-347.0,,72.0
74.0,245.0,,698.0,-224.0,1592.0,676.0,-219.0,,-50.0
109.0,32.0,,715.0,-241.0,1641.0,721.0,-408.0,,-153.0
207.0,-24.0,,759.0,-142.0,1621.0,732.0,-602.0,,-226.0
274.0,-96.0,,692.0,-109.0,1389.0,738.0,-733.0,,-258.0
303.0,-251.0,,718.0,-98.0,1161.0,737.0,-923.0,,-247.0
267.0,-345.0,,821.0,-59.0,916.0,711.0,-798.0,,-190.0
340.0,-322.0,,718.0,-118.0,849.0,682.0,-901.0,,-78.0
322.0,-359.0,,757.0,-137.0,1032.0,653.0,-668.0,,58.0
328.0,-421.0,,611.0,-119.0,1225.0,635.0,-648.0,,210.0
287.0,-449.0,,861.0,-159.0,1272.0,651.0,-670.0,,354.0
270.0,-463.0,,937.0,-119.0,1302.0,665.0,-594.0,,492.0
302.0,-498.0,,643.0,-59.0,1483.0,654.0,-866.0,,617.0
292.0,-522.0,,698.0,-27.0,1468.0,632.0,-837.0,,719.0
328.0,-510.0,,683.0,58.0,1161.0,613.0,-1031.0,,807.0
256.0,-561.0,,664.0,64.0,799.0,625.0,-953.0,,871.0
306.0,-660.0,,877.0,7.0,753.0,645.0,-757.0,,924.0
302.0,-732.0,,1010.0,33.0,863.0,618.0,-646.0,,953.0
290.0,-675.0,,851.0,25.0,730.0,565.0,-341.0,,973.0
262.0,-517.0,,704.0,5.0,561.0,483.0,-376.0,,975.0
199.0,-366.0,,673.0,47.0,663.0,402.0,-212.0,,977.0
200.0,-267.0,,640.0,8.0,861.0,356.0,-310.0,,989.0
123.0,-256.0,,682.0,-49.0,785.0,335.0,-312.0,,978.0
116.0,-256.0,,581.0,-80.0,536.0,333.0,-149.0,,977.0
22.0,-176.0,,432.0,-165.0,326.0,295.0,-266.0,,983.0
-17.0,-56.0,,266.0,-181.0,337.0,250.0,-116.0,,999.0
-47.0,57.0,,171.0,-152.0,373.0,187.0,-264.0,,1015.0
-75.0,238.0,,340.0,-162.0,264.0,105.0,-280.0,,1014.0
-127.0,419.0,,278.0,-92.0,324.0,65.0,-410.0,,987.0
-188.0,468.0,,277.0,-9.0,537.0,45.0,-602.0,,914.0
-140.0,469.0,,326.0,4.0,641.0,23.0,-567.0,,823.0
-186.0,508.0,,259.0,48.0,536.0,-18.0,-788.0,,700.0
-145.0,529.0,,350.0,62.0,486.0,-66.0,-661.0,,550.0
-126.0,415.0,,495.0,28.0,623.0,-146.0,-814.0,,401.0
-66.0,206.0,,422.0,35.0,665.0,-236.0,-957.0,,254.0
-1.0,44.0,,339.0,10.0,551.0,-307.0,-982.0,,142.0
56.0,3.0,,409.0,-33.0,475.0,-354.0,-1162.0,,77.0
155.0,29.0,,550.0,-22.0,531.0,-351.0,-1097.0,,50.0
208.0,44.0,,861.0,-17.0,799.0,-331.0,-1315.0,,72.0
343.0,54.0,,827.0,22.0,1146.0,-307.0,-1180.0,,130.0
372.0,77.0,,709.0,108.0,1269.0,-308.0,-1069.0,,227.0
413.0,72.0,,709.0,120.0,1358.0,-311.0,-1055.0,,362.0
460.0,40.0,,813.0,114.0,1424.0,-308.0,-1008.0,,518.0
570.0,72.0,,864.0,148.0,1366.0,-355.0,-1352.0,,692.0
687.0,157.0,,677.0,159.0,1344.0,-419.0,-1383.0,,852.0
700.0,248.0,,557.0,178.0,1302.0,-466.0,-1696.0,,997.0
721.0,295.0,,324.0,216.0,1325.0,-507.0,-1875.0,,1126.0
658.0,335.0,,193.0,220.0,1266.0,-525.0,-1808.0,,1227.0
614.0,473.0,,269.0,221.0,1243.0,-540.0,-1729.0,,1309.0
549.0,615.0,,356.0,183.0,1283.0,-553.0,-1343.0,,1356.0
468.0,643.0,,432.0,74.0,1076.0,-581.0,-1300.0,,1379.0
362.0,578.0,,504.0,31.0,862.0,-634.0,-1175.0,,1376.0
289.0,527.0,,559.0,37.0,602.0,-646.0,-1285.0,,1356.0
228.0,475.0,,672.0,14.0,423.0,-620.0,-1407.0,,1315.0
97.0,331.0,,678.0,33.0,256.0,-593.0,-1419.0,,1262.0
13.0,126.0,,608.0,66.0,-87.0,-598.0,-1579.0,,1206.0
-54.0,-5.0,,695.0,53.0,-329.0,-620.0,-1419.0,,1137.0
-132.0,16.0,,841.0,47.0,-394.0,-664.0,-1568.0,,1073.0
-214.0,76.0,,876.0,21.0,-301.0,-715.0,-1513.0,,988.0
-242.0,135.0,,800.0,-49.0,-387.0,-732.0,-1579.0,,898.0
-271.0,189.0,,733.0,-83.0,-623.0,-749.0,-1855.0,,812.0
-292.0,224.0,,570.0,-97.0,-813.0,-758.0,-1836.0,,737.0
-292.0,227.0,,534.0,-97.0,-842.0,-755.0,-1980.0,,688.0
-283.0,153.0,,805.0,-25.0,-690.0,-771.0,-1698.0,,646.0
-238.0,85.0,,1046.0,32.0,-678.0,-790.0,-1552.0,,614.0
-176.0,51.0,,788.0,50.0,-716.0,-807.0,-1430.0,,578.0
-77.0,64.0,,546.0,85.0,-650.0,-842.0,-1348.0,,560.0
-47.0,83.0,,632.0,60.0,-387.0,-861.0,-1439.0,,558.0
8.0,82.0,,625.0,12.0,-223.0,-858.0,-1171.0,,576.0
124.0,122.0,,798.0,29.0,-277.0,-838.0,-1276.0,,624.0
189.0,186.0,,753.0,23.0,-289.0,-822.0,-1199.0,,685.0
230.0,175.0,,457.0,28.0,-255.0,-836.0,-1184.0,,753.0
273.0,72.0,,415.0,86.0,-243.0,-861.0,-1226.0,,807.0
344.0,-22.0,,518.0,87.0,-538.0,-915.0,-1042.0,,812.0
380.0,-102.0,,512.0,81.0,-922.0,-955.0,-1071.0,,763.0
423.0,-131.0,,349.0,89.0,-1194.0,-956.0,-759.0,,673.0
480.0,-37.0,,321.0,25.0,-1524.0,-935.0,-709.0,,552.0
473.0,171.0,,231.0,-16.0,-1969.0,-906.0,-630.0,,434.0
482.0,326.0,,316.0,-3.0,-2220.0,-892.0,-628.0,,325.0
517.0,355.0,,425.0,-11.0,-2068.0,-885.0,-825.0,,246.0
540.0,313.0,,290.0,30.0,-1934.0,-900.0,-716.0,,213.0
509.0,185.0,,128.0,71.0,-2003.0,-906.0,-936.0,,211.0
470.0,55.0,,51.0,42.0,-2050.0,-890.0,-909.0,,243.0
431.0,-28.0,,146.0,68.0,-1752.0,-900.0,-1012.0,,305.0
359.0,-92.0,,197.0,89.0,-1520.0,-931.0,-1091.0,,373.0
320.0,-187.0,,246.0,76.0,-1609.0,-977.0,-995.0,,430.0
264.0,-285.0,,78.0,135.0,-1735.0,-1012.0,-1164.0,,470.0
222.0,-338.0,,88.0,151.0,-1845.0,-1015.0,-1064.0,,504.0
180.0,-372.0,,262.0,113.0,-1938.0,-1026.0,-1287.0,,520.0
140.0,-365.0,,390.0,115.0,-2070.0,-1019.0,-1343.0,,513.0
83.0,-368.0,,485.0,69.0,-2109.0,-1021.0,-1439.0,,507.0
53.0,-444.0,,469.0,0.0,-2237.0,-1047.0,-1625.0,,488.0
124.0,-557.0,,520.0,-20.0,-2474.0,-1047.0,-1518.0,,463.0
138.0,-613.0,,252.0,-68.0,-2544.0,-1026.0,-1685.0,,420.0
112.0,-535.0,,364.0,-110.0,-2466.0,-991.0,-1557.0,,352.0
73.0,-355.0,,425.0,-121.0,-2409.0,-970.0,-1585.0,,294.0
85.0,-139.0,,183.0,-180.0,-2371.0,-983.0,-1457.0,,231.0
85.0,51.0,,242.0,-193.0,-2118.0,-1034.0,-1213.0,,189.0
78.0,167.0,,197.0,-133.0,-1733.0,-1086.0,-1228.0,,178.0
111.0,200.0,,387.0,-102.0,-1525.0,-1111.0,-1006.0,,193.0
73.0,123.0,,319.0,-33.0,-1568.0,-1112.0,-1114.0,,250.0
84.0,-25.0,,280.0,35.0,-1456.0,-1083.0,-949.0,,333.0
124.0,-230.0,,383.0,19.0,-1238.0,-1073.0,-838.0,,440.0
146.0,-436.0,,269.0,8.0,-1221.0,-1093.0,-877.0,,587.0
121.0,-504.0,,230.0,-26.0,-1252.0,-1086.0,-727.0,,766.0
160.0,-467.0,,186.0,-83.0,-1227.0,-1069.0,-801.0,,960.0
202.0,-432.0,,207.0,-58.0,-1133.0,-1053.0,-513.0,,1177.0
201.0,-352.0,,186.0,-40.0,-1060.0,-1041.0,-417.0,,1394.0
234.0,-236.0,,460.0,-27.0,-945.0,-1072.0,-284.0,,1581.0
213.0,-187.0,,424.0,46.0,-780.0,-1111.0,-157.0,,1727.0
226.0,-124.0,,337.0,78.0,-550.0,-1148.0,-271.0,,1819.0
209.0,-61.0,,456.0,97.0,-267.0,-1173.0,-181.0,,1863.0
221.0,-71.0,,506.0,171.0,-160.0,-1173.0,-424.0,,1851.0
170.0,-159.0,,633.0,204.0,-167.0,-1157.0,-391.0,,1783.0
82.0,-307.0,,655.0,225.0,-219.0,-1151.0,-437.0,,1663.0
47.0,-465.0,,846.0,239.0,-260.0,-1145.0,-485.0,,1485.0
-42.0,-604.0,,644.0,159.0,-329.0,-1121.0,-279.0,,1249.0
-110.0,-659.0,,455.0,91.0,-473.0,-1058.0,-365.0,,979.0
-154.0,-571.0,,389.0,47.0,-474.0,-987.0,-179.0,,707.0
-124.0,-353.0,,401.0,-16.0,-221.0,-984.0,-271.0,,437.0
-136.0,-168.0,,636.0,-16.0,72.0,-998.0,-362.0,,186.0
-159.0,35.0,,598.0,-15.0,18.0,-1039.0,-452.0,,-40.0
-118.0,297.0,,472.0,-62.0,-221.0,-1081.0,-565.0,,-244.0
-100.0,505.0,,456.0,-59.0,-251.0,-1111.0,-327.0,,-423.0
-89.0,635.0,,598.0,-47.0,-265.0,-1140.0,-365.0,,-595.0
-50.0,583.0,,521.0,-44.0,-381.0,-1139.0,-208.0,,-742.0
-10.0,429.0,,563.0,-6.0,-522.0,-1153.0,-303.0,,-868.0
3.0,235.0,,552.0,-34.0,-620.0,-1154.0,-443.0,,-980.0
59.0,87.0,,367.0,-78.0,-606.0,-1159.0,-443.0,,-1070.0
125.0,101.0,,523.0,-60.0,-618.0,-1160.0,-622.0,,-1141.0
105.0,88.0,,432.0,-94.0,-601.0,-1157.0,-491.0,,-1169.0
125.0,38.0,,272.0,-136.0,-591.0,-1157.0,-609.0,,-1158.0
210.0,23.0,,371.0,-122.0,-606.0,-1153.0,-578.0,,-1091.0
227.0,28.0,,308.0,-117.0,-561.0,-1168.0,-578.0,,-950.0
264.0,91.0,,166.0,-73.0,-649.0,-1137.0,-526.0,,-754.0
271.0,141.0,,146.0,1.0,-904.0,-1104.0,-72.0,,-503.0
283.0,163.0,,33.0,29.0,-1217.0,-1089.0,92.0,,-226.0
274.0,109.0,,-173.0,68.0,-1256.0,-1078.0,380.0,,63.0
282.0,-31.0,,-124.0,77.0,-1029.0,-1075.0,343.0,,351.0
277.0,-116.0,,1.0,29.0,-847.0,-1030.0,286.0,,608.0
221.0,-139.0,,257.0,51.0,-712.0,-973.0,291.0,,820.0
229.0,-179.0,,442.0,86.0,-598.0,-904.0,92.0,,977.0
212.0,-208.0,,317.0,78.0,-385.0,-849.0,173.0,,1097.0
205.0,-161.0,,199.0,77.0,-227.0,-821.0,-35.0,,1178.0
144.0,-195.0,,16.0,5.0,-311.0,-769.0,20.0,,1235.0
205.0,-299.0,,234.0,-89.0,-331.0,-704.0,16.0,,1275.0
193.0,-290.0,,419.0,-120.0,-179.0,-627.0,-62.0,,1291.0
148.0,-260.0,,290.0,-171.0,-125.0,-549.0,121.0,,1290.0
120.0,-233.0,,186.0,-176.0,-128.0,-513.0,18.0,,1256.0
24.0,-137.0,,22.0,-126.0,-94.0,-469.0,219.0,,1198.0
-2.0,-50.0,,49.0,-147.0,-27.0,-426.0,249.0,,1108.0
-122.0,-30.0,,-82.0,-148.0,-12.0,-384.0,380.0,,994.0
-58.0,29.0,,-274.0,-129.0,-107.0,-310.0,533.0,,877.0
-122.0,20.0,,-335.0,-143.0,-99.0,-245.0,526.0,,740.0
-94.0,-84.0,,-377.0,-96.0,-141.0,-194.0,777.0,,595.0
-28.0,-125.0,,-412.0,-47.0,-318.0,-181.0,642.0,,458.0
-61.0,-79.0,,-414.0,-27.0,-403.0,-183.0,779.0,,309.0
41.0,45.0,,-359.0,32.0,-421.0,-172.0,842.0,,168.0
21.0,76.0,,-225.0,37.0,-539.0,-155.0,994.0,,48.0
162.0,15.0,,-177.0,-7.0,-598.0,-133.0,1409.0,,-50.0
92.0,-28.0,,-217.0,-11.0,-466.0,-121.0,1513.0,,-116.0
106.0,-31.0,,-111.0,-70.0,-323.0,-100.0,1818.0,,-176.0
92.0,-40.0,,-198.0,-102.0,-267.0,-68.0,1699.0,,-217.0
1.0,-69.0,,-381.0,-41.0,-275.0,-20.0,1613.0,,-234.0
68.0,5.0,,-485.0,-18.0,-324.0,20.0,1446.0,,-256.0
-56.0,15.0,,-288.0,36.0,-388.0,40.0,1206.0,,-273.0
-23.0,-31.0,,-154.0,74.0,-372.0,30.0,1378.0,,-288.0
-117.0,-17.0,,-311.0,17.0,-373.0,51.0,1297.0,,-301.0
-55.0,-22.0,,-245.0,-2.0,-516.0,120.0,1448.0,,-317.0
-120.0,-11.0,,-245.0,-49.0,-802.0,169.0,1322.0,,-339.0
-262.0,-39.0,,-228.0,-125.0,-907.0,203.0,1147.0,,-366.0
-175.0,-102.0,,-55.0,-128.0,-745.0,201.0,1064.0,,-397.0
-252.0,-156.0,,-148.0,-170.0,-794.0,222.0,899.0,,-436.0
-186.0,-252.0,,-249.0,-203.0,-866.0,270.0,1169.0,,-506.0
-243.0,-325.0,,-145.0,-188.0,-486.0,353.0,1114.0,,-596.0
-173.0,-426.0,,-290.0,-254.0,-128.0,470.0,1221.0,,-710.0
-169.0,-606.0,,-443.0,-289.0,-368.0,529.0,1180.0,,-860.0
-189.0,-713.0,,-294.0,-261.0,-820.0,558.0,994.0,,-1028.0
-101.0,-705.0,,-240.0,-247.0,-1051.0,573.0,1034.0,,-1211.0
-163.0,-605.0,,-291.0,-127.0,-1104.0,601.0,825.0,,-1378.0
-84.0,-462.0,,-283.0,-14.0,-1245.0,635.0,1036.0,,-1515.0
-107.0,-367.0,,-238.0,1.0,-1437.0,661.0,1110.0,,-1613.0
-57.0,-300.0,,-84.0,42.0,-1209.0,696.0,1293.0,,-1657.0
-74.0,-248.0,,-152.0,20.0,-675.0,725.0,1507.0,,-1659.0
-56.0,-215.0,,-280.0,-23.0,-361.0,741.0,1398.0,,-1602.0
-8.0,-169.0,,-193.0,2.0,-262.0,746.0,1492.0,,-1495.0
-19.0,-84.0,,-253.0,-20.0,-203.0,782.0,1315.0,,-1346.0
53.0,37.0,,-176.0,-18.0,-304.0,819.0,1431.0,,-1149.0
15.0,186.0,,-109.0,16.0,-586.0,843.0,1509.0,,-939.0
64.0,295.0,,-224.0,-34.0,-932.0,839.0,1590.0,,-724.0
47.0,318.0,,-252.0,-51.0,-1384.0,808.0,2047.0,,-512.0
98.0,212.0,,-334.0,-73.0,-1808.0,819.0,2318.0,,-321.0
93.0,16.0,,-265.0,-144.0,-1904.0,850.0,2725.0,,-146.0
56.0,-114.0,,-249.0,-135.0,-1811.0,867.0,2681.0,,0.0
117.0,-128.0,,-504.0,-139.0,-1836.0,878.0,2516.0,,132.0
96.0,-19.0,,-728.0,-140.0,-1911.0,871.0,2368.0,,254.0
107.0,68.0,,-878.0,-78.0,-1748.0,874.0,2219.0,,358.0
93.0,185.0,,-837.0,-122.0,-1352.0,904.0,2429.0,,450.0
140.0,308.0,,-958.0,-182.0,-1106.0,913.0,2337.0,,527.0
86.0,379.0,,-1173.0,-151.0,-1189.0,897.0,2426.0,,578.0
89.0,456.0,,-1077.0,-138.0,-1262.0,879.0,2353.0,,602.0
128.0,450.0,,-1015.0,-54.0,-1229.0,880.0,2228.0,,589.0
49.0,436.0,,-944.0,60.0,-1376.0,917.0,2263.0,,550.0
0.0,297.0,,-803.0,120.0,-1603.0,986.0,2049.0,,491.0
-35.0,94.0,,-697.0,225.0,-1504.0,1048.0,2102.0,,419.0
-23.0,-69.0,,-637.0,244.0,-1034.0,1058.0,1869.0,,350.0
-77.0,-159.0,,-622.0,212.0,-663.0,1030.0,1781.0,,288.0
-101.0,-136.0,,-494.0,277.0,-582.0,1003.0,1801.0,,224.0
-120.0,-149.0,,-235.0,296.0,-548.0,1014.0,1783.0,,165.0
-150.0,-78.0,,-55.0,324.0,-370.0,1024.0,2060.0,,138.0
-183.0,62.0,,-193.0,385.0,-298.0,1034.0,1971.0,,146.0
-217.0,294.0,,-301.0,353.0,-492.0,1028.0,2028.0,,201.0
-222.0,460.0,,-162.0,324.0,-730.0,1007.0,1869.0,,293.0
-248.0,505.0,,-162.0,263.0,-822.0,994.0,1686.0,,408.0
-218.0,506.0,,-186.0,178.0,-605.0,965.0,1601.0,,540.0
-243.0,423.0,,-155.0,219.0,-272.0,975.0,1269.0,,664.0
-273.0,436.0,,-390.0,221.0,-20.0,1006.0,1297.0,,794.0
-282.0,472.0,,-486.0,172.0,131.0,1042.0,1138.0,,903.0
-288.0,583.0,,-339.0,165.0,315.0,1058.0,1332.0,,977.0
-316.0,664.0,,-317.0,83.0,604.0,1044.0,1583.0,,1036.0
-322.0,619.0,,-334.0,18.0,720.0,1055.0,1644.0,,1050.0
-289.0,563.0,,-496.0,-12.0,527.0,1051.0,1856.0,,1016.0
-315.0,484.0,,-680.0,-96.0,414.0,1051.0,1674.0,,933.0
-270.0,376.0,,-788.0,-102.0,607.0,1031.0,1747.0,,791.0
-278.0,193.0,,-755.0,-112.0,680.0,998.0,1642.0,,628.0
-315.0,-31.0,,-479.0,-165.0,496.0,1001.0,1592.0,,465.0
-321.0,-366.0,,-329.0,-148.0,171.0,991.0,1609.0,,313.0
-272.0,-694.0,,-371.0,-187.0,-77.0,987.0,1278.0,,205.0
-220.0,-866.0,,-449.0,-231.0,-197.0,966.0,1228.0,,142.0
-245.0,-855.0,,-461.0,-211.0,-326.0,952.0,1038.0,,108.0
-190.0,-708.0,,-404.0,-231.0,-292.0,951.0,1189.0,,108.0
-134.0,-527.0,,-423.0,-194.0,-96.0,945.0,1276.0,,139.0
-65.0,-336.0,,-426.0,-143.0,248.0,955.0,1206.0,,183.0
-54.0,-177.0,,-397.0,-133.0,464.0,946.0,1239.0,,236.0
21.0,-93.0,,-452.0,-21.0,341.0,948.0,914.0,,276.0
97.0,-109.0,,-390.0,71.0,278.0,929.0,923.0,,299.0
89.0,-64.0,,-330.0,128.0,446.0,900.0,807.0,,310.0
122.0,26.0,,-425.0,234.0,591.0,896.0,914.0,,303.0
111.0,87.0,,-346.0,232.0,610.0,908.0,1130.0,,288.0
150.0,119.0,,-175.0,182.0,671.0,925.0,1103.0,,262.0
135.0,140.0,,-108.0,129.0,744.0,908.0,1265.0,,235.0
149.0,224.0,,-86.0,16.0,797.0,882.0,1128.0,,202.0
120.0,282.0,,-311.0,9.0,713.0,835.0,1300.0,,152.0
79.0,303.0,,-525.0,35.0,486.0,792.0,1370.0,,93.0
75.0,339.0,,-489.0,24.0,379.0,749.0,1437.0,,17.0
32.0,361.0,,-363.0,75.0,328.0,705.0,1688.0,,-75.0
64.0,326.0,,-295.0,61.0,352.0,656.0,1729.0,,-188.0
32.0,272.0,,-335.0,38.0,575.0,606.0,1999.0,,-303.0
-6.0,202.0,,-361.0,67.0,842.0,590.0,1816.0,,-424.0
-62.0,165.0,,-491.0,16.0,1004.0,556.0,1651.0,,-559.0
-60.0,107.0,,-485.0,6.0,1171.0,523.0,1396.0,,-680.0
-111.0,-57.0,,-401.0,6.0,1419.0,477.0,1077.0,,-793.0
-160.0,-213.0,,-380.0,-67.0,1570.0,441.0,1138.0,,-902.0
-120.0,-364.0,,-421.0,-66.0,1546.0,427.0,977.0,,-1006.0
-140.0,-432.0,,-290.0,-102.0,1617.0,403.0,1099.0,,-1104.0
-150.0,-441.0,,-148.0,-166.0,1804.0,406.0,1005.0,,-1189.0
-165.0,-466.0,,-207.0,-147.0,1850.0,377.0,903.0,,-1261.0
-114.0,-502.0,,-102.0,-196.0,1734.0,331.0,837.0,,-1322.0
-129.0,-501.0,,-78.0,-234.0,1615.0,307.0,474.0,,-1370.0
-127.0,-376.0,,13.0,-234.0,1804.0,285.0,428.0,,-1399.0
-60.0,-281.0,,-56.0,-292.0,2009.0,274.0,138.0,,-1396.0
6.0,-238.0,,-135.0,-278.0,1933.0,222.0,171.0,,-1361.0
49.0,-239.0,,-102.0,-292.0,1875.0,145.0,240.0,,-1282.0
82.0,-304.0,,-238.0,-355.0,1983.0,105.0,197.0,,-1173.0
146.0,-390.0,,-195.0,-294.0,2147.0,100.0,360.0,,-1045.0
139.0,-477.0,,-162.0,-246.0,2242.0,149.0,96.0,,-909.0
178.0,-472.0,,-204.0,-170.0,2465.0,178.0,120.0,,-774.0
227.0,-327.0,,-253.0,-18.0,2761.0,117.0,20.0,,-626.0
288.0,-139.0,,-325.0,55.0,2868.0,37.0,-20.0,,-497.0
243.0,-69.0,,-234.0,145.0,2915.0,-22.0,36.0,,-386.0
220.0,-7.0,,-101.0,203.0,3107.0,-43.0,-118.0,,-284.0
255.0,81.0,,-183.0,152.0,3358.0,-22.0,31.0,,-193.0
222.0,145.0,,-204.0,120.0,3281.0,-28.0,-123.0,,-109.0
219.0,163.0,,-197.0,35.0,3094.0,-51.0,-55.0,,-41.0
162.0,104.0,,-262.0,-83.0,3123.0,-71.0,-22.0,,14.0
186.0,116.0,,-262.0,-110.0,3045.0,-101.0,68.0,,48.0
167.0,178.0,,-176.0,-135.0,2802.0,-110.0,432.0,,65.0
107.0,181.0,,-96.0,-103.0,2656.0,-107.0,354.0,,80.0
46.0,95.0,,-12.0,-39.0,2702.0,-113.0,491.0,,86.0
37.0,-17.0,,-18.0,-78.0,2549.0,-102.0,406.0,,69.0
55.0,-126.0,,-166.0,-57.0,2271.0,-94.0,373.0,,26.0
-26.0,-217.0,,-148.0,-26.0,2241.0,-122.0,389.0,,-24.0
-45.0,-236.0,,-109.0,-76.0,2277.0,-160.0,199.0,,-90.0
-53.0,-197.0,,-112.0,-80.0,2452.0,-211.0,254.0,,-166.0
-66.0,-67.0,,-114.0,-114.0,2566.0,-274.0,25.0,,-244.0
-129.0,78.0,,-72.0,-117.0,2515.0,-317.0,134.0,,-315.0
-109.0,177.0,,-54.0,-37.0,2587.0,-324.0,168.0,,-370.0
-71.0,248.0,,-186.0,-25.0,2685.0,-284.0,105.0,,-421.0
-96.0,311.0,,-183.0,-1.0,2700.0,-227.0,72.0,,-458.0
-103.0,333.0,,-88.0,29.0,2653.0,-204.0,-328.0,,-483.0
-143.0,307.0,,-184.0,-7.0,2752.0,-202.0,-291.0,,-513.0
-191.0,353.0,,-221.0,3.0,3003.0,-202.0,-354.0,,-550.0
-299.0,374.0,,-141.0,5.0,3028.0,-209.0,-171.0,,-594.0
-317.0,331.0,,-249.0,-12.0,2757.0,-196.0,-16.0,,-660.0
-336.0,265.0,,-504.0,36.0,2456.0,-178.0,-164.0,,-729.0
-390.0,152.0,,-686.0,19.0,2295.0,-168.0,-169.0,,-794.0
-459.0,23.0,,-751.0,-11.0,2313.0,-176.0,-526.0,,-865.0
-546.0,-133.0,,-827.0,11.0,2343.0,-174.0,-615.0,,-928.0
-565.0,-247.0,,-703.0,-15.0,2197.0,-127.0,-883.0,,-987.0
-599.0,-282.0,,-790.0,11.0,1992.0,-84.0,-1014.0,,-1024.0
-621.0,-272.0,,-1009.0,46.0,1945.0,-56.0,-933.0,,-1044.0
-671.0,-270.0,,-671.0,-1.0,1986.0,-53.0,-1117.0,,-1053.0
-681.0,-233.0,,-640.0,-12.0,1982.0,-60.0,-1062.0,,-1033.0
-696.0,-152.0,,-653.0,-54.0,1938.0,-69.0,-1341.0,,-989.0
-748.0,-88.0,,-360.0,-72.0,1894.0,-79.0,-1367.0,,-926.0
-751.0,-22.0,,-363.0,18.0,1937.0,-68.0,-1339.0,,-848.0
-732.0,-4.0,,-325.0,78.0,1966.0,-69.0,-1289.0,,-752.0
-726.0,-5.0,,-296.0,123.0,1761.0,-64.0,-946.0,,-631.0
-769.0,-24.0,,-287.0,164.0,1605.0,-67.0,-910.0,,-490.0
-742.0,-12.0,,-352.0,100.0,1721.0,-120.0,-600.0,,-344.0
-716.0,88.0,,-437.0,48.0,1672.0,-188.0,-631.0,,-199.0
-740.0,235.0,,-475.0,-1.0,1270.0,-230.0,-764.0,,-74.0
-725.0,386.0,,-515.0,-69.0,915.0,-233.0,-905.0,,49.0
-698.0,431.0,,-459.0,-31.0,928.0,-217.0,-1247.0,,168.0
-732.0,427.0,,-690.0,-34.0,1087.0,-230.0,-1239.0,,273.0
-770.0,438.0,,-816.0,-12.0,1141.0,-278.0,-1500.0,,373.0
-712.0,406.0,,-625.0,8.0,1209.0,-327.0,-1507.0,,455.0
-756.0,359.0,,-553.0,0.0,1496.0,-385.0,-1572.0,,516.0
-829.0,333.0,,-563.0,0.0,1724.0,-403.0,-1662.0,,535.0
-782.0,363.0,,-491.0,-57.0,1552.0,-393.0,-1649.0,,507.0
-739.0,401.0,,-490.0,-115.0,1296.0,-411.0,-1999.0,,438.0
-721.0,343.0,,-556.0,-181.0,1050.0,-428.0,-1973.0,,337.0
-703.0,239.0,,-416.0,-188.0,781.0,-459.0,-2119.0,,200.0
-668.0,147.0,,-381.0,-209.0,552.0,-489.0,-2060.0,,47.0
-705.0,34.0,,-536.0,-129.0,470.0,-511.0,-1757.0,,-101.0
-737.0,-92.0,,-487.0,-88.0,582.0,-554.0,-1557.0,,-246.0
-708.0,-139.0,,-328.0,-85.0,634.0,-613.0,-1162.0,,-378.0
-710.0,-148.0,,-368.0,-18.0,719.0,-661.0,-1117.0,,-506.0
-703.0,-186.0,,-294.0,-41.0,970.0,-694.0,-942.0,,-644.0
-661.0,-204.0,,-138.0,50.0,1162.0,-707.0,-925.0,,-789.0
-636.0,-200.0,,-212.0,54.0,1099.0,-696.0,-910.0,,-924.0
-672.0,-118.0,,-64.0,37.0,845.0,-669.0,-811.0,,-1039.0
-672.0,17.0,,34.0,33.0,659.0,-662.0,-955.0,,-1122.0
-658.0,182.0,,-214.0,-1.0,593.0,-691.0,-814.0,,-1167.0
-683.0,322.0,,-426.0,44.0,327.0,-743.0,-968.0,,-1179.0
-666.0,348.0,,-373.0,64.0,-94.0,-797.0,-995.0,,-1135.0
-624.0,300.0,,-202.0,83.0,-260.0,-809.0,-1073.0,,-1064.0
-680.0,264.0,,-298.0,67.0,-119.0,-796.0,-1225.0,,-966.0
-725.0,322.0,,-315.0,74.0,28.0,-775.0,-1016.0,,-837.0
-651.0,354.0,,-429.0,11.0,40.0,-786.0,-1154.0,,-721.0
-622.0,292.0,,-522.0,5.0,203.0,-824.0,-1169.0,,-598.0
-643.0,230.0,,-277.0,33.0,525.0,-860.0,-1350.0,,-508.0
-608.0,228.0,,-296.0,26.0,711.0,-868.0,-1419.0,,-449.0
-519.0,267.0,,-169.0,99.0,568.0,-834.0,-1374.0,,-410.0
-529.0,234.0,,17.0,65.0,331.0,-817.0,-1589.0,,-419.0
-520.0,82.0,,-51.0,81.0,273.0,-799.0,-1548.0,,-430.0
-455.0,-117.0,,-117.0,86.0,292.0,-760.0,-1779.0,,-460.0
-457.0,-264.0,,-204.0,0.0,315.0,-685.0,-1757.0,,-505.0
-421.0,-307.0,,-135.0,-5.0,199.0,-634.0,-1762.0,,-551.0
-355.0,-253.0,,-157.0,0.0,108.0,-617.0,-1784.0,,-593.0
-331.0,-133.0,,-193.0,2.0,39.0,-589.0,-1600.0,,-623.0
-350.0,-14.0,,-120.0,0.0,93.0,-571.0,-1825.0,,-628.0
-308.0,8.0,,-143.0,-56.0,299.0,-551.0,-1823.0,,-602.0
-282.0,-40.0,,-166.0,-68.0,208.0,-531.0,-1973.0,,-563.0
-294.0,-66.0,,-141.0,-9.0,83.0,-486.0,-1919.0,,-524.0
-267.0,-77.0,,-145.0,25.0,-160.0,-444.0,-1757.0,,-493.0
-243.0,-70.0,,-207.0,114.0,-553.0,-414.0,-1831.0,,-482.0
-263.0,17.0,,-171.0,166.0,-821.0,-408.0,-1637.0,,-494.0
-287.0,114.0,,-184.0,145.0,-1113.0,-449.0,-1659.0,,-493.0
-258.0,141.0,,-83.0,145.0,-1147.0,-461.0,-1393.0,,-497.0
-270.0,104.0,,-34.0,85.0,-1015.0,-448.0,-1310.0,,-495.0
-272.0,4.0,,-205.0,77.0,-953.0,-423.0,-1369.0,,-473.0
-249.0,-142.0,,-229.0,83.0,-896.0,-400.0,-1245.0,,-446.0
-274.0,-323.0,,-154.0,9.0,-959.0,-405.0,-1335.0,,-419.0
-331.0,-438.0,,-9.0,-36.0,-1089.0,-405.0,-1019.0,,-405.0
-322.0,-431.0,,-93.0,-109.0,-1180.0,-398.0,-901.0,,-372.0
-312.0,-350.0,,-242.0,-140.0,-1135.0,-395.0,-716.0,,-339.0
-375.0,-223.0,,-110.0,-106.0,-1006.0,-382.0,-545.0,,-305.0
-391.0,-83.0,,-23.0,-111.0,-813.0,-364.0,-652.0,,-267.0
-386.0,6.0,,-108.0,-45.0,-584.0,-342.0,-574.0,,-243.0
-422.0,34.0,,-159.0,15.0,-457.0,-333.0,-705.0,,-212.0
-502.0,-34.0,,-268.0,14.0,-299.0,-309.0,-552.0,,-176.0
-516.0,-227.0,,-211.0,54.0,-129.0,-265.0,-639.0,,-141.0
-573.0,-356.0,,-38.0,38.0,92.0,-252.0,-720.0,,-113.0
-630.0,-373.0,,14.0,55.0,143.0,-249.0,-591.0,,-94.0
-576.0,-330.0,,195.0,97.0,-150.0,-258.0,-648.0,,-91.0
-546.0,-273.0,,74.0,53.0,-414.0,-262.0,-450.0,,-111.0
-537.0,-231.0,,-53.0,48.0,-522.0,-227.0,-700.0,,-149.0
-512.0,-240.0,,65.0,-17.0,-415.0,-191.0,-859.0,,-208.0
-446.0,-323.0,,283.0,-117.0,-313.0,-182.0,-1001.0,,-292.0
-440.0,-353.0,,365.0,-126.0,-392.0,-187.0,-1202.0,,-387.0
-342.0,-365.0,,314.0,-188.0,-446.0,-200.0,-1106.0,,-472.0
-211.0,-403.0,,321.0,-195.0,-395.0,-236.0,-1197.0,,-553.0
-146.0,-485.0,,114.0,-146.0,-374.0,-257.0,-912.0,,-608.0
-48.0,-562.0,,207.0,-136.0,-425.0,-258.0,-866.0,,-617.0
56.0,-578.0,,379.0,-53.0,-404.0,-265.0,-885.0,,-591.0
166.0,-582.0,,430.0,-47.0,-287.0,-323.0,-938.0,,-543.0
193.0,-580.0,,268.0,-78.0,-93.0,-388.0,-1165.0,,-488.0
333.0,-587.0,,56.0,-38.0,69.0,-440.0,-994.0,,-414.0
451.0,-527.0,,-10.0,-69.0,179.0,-493.0,-1147.0,,-338.0
436.0,-407.0,,-83.0,-38.0,256.0,-498.0,-1060.0,,-258.0
468.0,-258.0,,96.0,44.0,277.0,-512.0,-997.0,,-157.0
550.0,-109.0,,46.0,109.0,315.0,-515.0,-982.0,,-37.0
611.0,34.0,,-131.0,232.0,287.0,-526.0,-679.0,,97.0
603.0,149.0,,-303.0,224.0,206.0,-567.0,-683.0,,217.0
686.0,160.0,,-291.0,149.0,258.0,-592.0,-532.0,,320.0
730.0,155.0,,-255.0,136.0,388.0,-609.0,-696.0,,384.0
728.0,208.0,,-294.0,82.0,457.0,-635.0,-809.0,,415.0
766.0,289.0,,-114.0,83.0,393.0,-682.0,-861.0,,415.0
759.0,306.0,,55.0,104.0,357.0,-706.0,-958.0,,376.0
734.0,327.0,,70.0,152.0,457.0,-723.0,-691.0,,341.0
743.0,427.0,,-159.0,282.0,555.0,-740.0,-735.0,,300.0
808.0,545.0,,-94.0,297.0,519.0,-732.0,-650.0,,252.0
800.0,551.0,,42.0,250.0,154.0,-719.0,-838.0,,207.0
804.0,427.0,,44.0,176.0,-278.0,-705.0,-1031.0,,151.0
856.0,340.0,,-38.0,37.0,-463.0,-688.0,-1021.0,,85.0
792.0,298.0,,-55.0,-7.0,-478.0,-677.0,-1276.0,,25.0
721.0,296.0,,71.0,-47.0,-523.0,-680.0,-1164.0,,-38.0
749.0,301.0,,45.0,-75.0,-481.0,-704.0,-1210.0,,-111.0
782.0,292.0,,187.0,-32.0,-316.0,-728.0,-981.0,,-193.0
747.0,250.0,,277.0,-65.0,-225.0,-737.0,-718.0,,-295.0
699.0,140.0,,382.0,-70.0,-152.0,-761.0,-685.0,,-394.0
677.0,58.0,,390.0,-91.0,-116.0,-794.0,-456.0,,-497.0
607.0,63.0,,278.0,-164.0,72.0,-785.0,-504.0,,-577.0
582.0,98.0,,289.0,-152.0,321.0,-743.0,-299.0,,-613.0
578.0,78.0,,379.0,-199.0,465.0,-702.0,-284.0,,-617.0
465.0,71.0,,460.0,-232.0,388.0,-656.0,-162.0,,-572.0
390.0,94.0,,318.0,-189.0,208.0,-625.0,96.0,,-490.0
379.0,153.0,,329.0,-201.0,358.0,-617.0,68.0,,-378.0
378.0,245.0,,169.0,-121.0,532.0,-606.0,319.0,,-257.0
303.0,297.0,,163.0,-33.0,511.0,-585.0,142.0,,-116.0
262.0,297.0,,436.0,2.0,409.0,-564.0,16.0,,22.0
253.0,210.0,,403.0,101.0,386.0,-559.0,-125.0,,146.0
163.0,43.0,,422.0,85.0,281.0,-556.0,-279.0,,269.0
139.0,-72.0,,352.0,82.0,23.0,-565.0,-70.0,,363.0
100.0,-101.0,,180.0,146.0,-235.0,-580.0,-114.0,,428.0
32.0,-188.0,,66.0,109.0,-366.0,-573.0,-9.0,,455.0
-71.0,-330.0,,89.0,147.0,-306.0,-575.0,-212.0,,449.0
-50.0,-425.0,,101.0,148.0,-342.0,-557.0,-339.0,,412.0
-48.0,-324.0,,-72.0,56.0,-419.0,-506.0,-378.0,,333.0
-126.0,-91.0,,-201.0,50.0,-595.0,-469.0,-602.0,,237.0
-83.0,67.0,,-136.0,18.0,-609.0,-439.0,-487.0,,141.0
-132.0,160.0,,-25.0,64.0,-400.0,-426.0,-633.0,,54.0
-154.0,251.0,,0.0,170.0,-164.0,-416.0,-548.0,,-9.0
-164.0,353.0,,48.0,152.0,146.0,-395.0,-602.0,,-48.0
-109.0,360.0,,46.0,184.0,327.0,-364.0,-716.0,,-41.0
-127.0,332.0,,33.0,191.0,601.0,-331.0,-574.0,,3.0
-155.0,287.0,,-50.0,150.0,761.0,-309.0,-674.0,,48.0
-113.0,210.0,,7.0,188.0,730.0,-280.0,-519.0,,84.0
-182.0,144.0,,238.0,122.0,576.0,-261.0,-727.0,,108.0
-151.0,58.0,,264.0,42.0,422.0,-250.0,-831.0,,113.0
-99.0,5.0,,248.0,-1.0,479.0,-230.0,-766.0,,95.0
-30.0,-66.0,,342.0,-92.0,425.0,-187.0,-781.0,,63.0
-71.0,-155.0,,328.0,-46.0,296.0,-150.0,-460.0,,12.0
17.0,-211.0,,231.0,11.0,115.0,-127.0,-404.0,,-44.0
105.0,-243.0,,289.0,30.0,103.0,-91.0,-96.0,,-98.0
18.0,-230.0,,262.0,106.0,104.0,-73.0,36.0,,-148.0
30.0,-199.0,,231.0,83.0,-50.0,-62.0,105.0,,-175.0
32.0,-164.0,,263.0,94.0,-274.0,-29.0,284.0,,-178.0
73.0,-121.0,,227.0,149.0,-528.0,18.0,179.0,,-153.0
10.0,-55.0,,211.0,107.0,-521.0,65.0,406.0,,-100.0
59.0,28.0,,181.0,129.0,-710.0,108.0,345.0,,-18.0
50.0,137.0,,389.0,139.0,-1121.0,146.0,386.0,,78.0
-16.0,216.0,,559.0,125.0,-1441.0,159.0,371.0,,187.0
38.0,208.0,,295.0,152.0,-1466.0,151.0,243.0,,316.0
-1.0,219.0,,65.0,60.0,-1281.0,134.0,439.0,,458.0
-40.0,293.0,,222.0,6.0,-1404.0,138.0,319.0,,626.0
-84.0,400.0,,174.0,14.0,-1523.0,166.0,458.0,,808.0
-36.0,448.0,,-12.0,-47.0,-1386.0,214.0,413.0,,990.0
-100.0,357.0,,229.0,-34.0,-1210.0,263.0,410.0,,1146.0
-180.0,236.0,,314.0,-80.0,-1283.0,288.0,513.0,,1258.0
-166.0,91.0,,235.0,-223.0,-1663.0,297.0,369.0,,1330.0
-187.0,-22.0,,124.0,-288.0,-1955.0,276.0,524.0,,1339.0
-176.0,10.0,,103.0,-378.0,-1937.0,274.0,363.0,,1296.0
-157.0,109.0,,430.0,-361.0,-1743.0,286.0,404.0,,1226.0
-148.0,173.0,,424.0,-229.0,-1672.0,294.0,369.0,,1126.0
-176.0,167.0,,297.0,-171.0,-1903.0,306.0,194.0,,1010.0
-137.0,116.0,,486.0,-35.0,-2222.0,316.0,229.0,,909.0
-98.0,63.0,,321.0,73.0,-2143.0,333.0,-1.0,,828.0
-110.0,-1.0,,94.0,86.0,-1696.0,354.0,48.0,,774.0
-83.0,-73.0,,375.0,174.0,-1363.0,403.0,-83.0,,752.0
22.0,-63.0,,591.0,204.0,-1388.0,451.0,-142.0,,738.0
30.0,33.0,,577.0,228.0,-1467.0,470.0,-182.0,,736.0
40.0,111.0,,408.0,309.0,-1200.0,465.0,-345.0,,733.0
163.0,75.0,,301.0,248.0,-947.0,453.0,-147.0,,709.0
233.0,-70.0,,449.0,170.0,-827.0,447.0,-171.0,,670.0
270.0,-140.0,,537.0,108.0,-574.0,436.0,90.0,,617.0
335.0,-39.0,,605.0,-37.0,-319.0,442.0,166.0,,564.0
451.0,104.0,,652.0,-99.0,-175.0,475.0,153.0,,500.0
434.0,245.0,,653.0,-136.0,-171.0,517.0,339.0,,436.0
462.0,423.0,,712.0,-166.0,-60.0,557.0,290.0,,373.0
554.0,529.0,,812.0,-77.0,175.0,582.0,648.0,,306.0
560.0,465.0,,822.0,-29.0,191.0,584.0,657.0,,234.0
563.0,281.0,,658.0,50.0,104.0,597.0,615.0,,150.0
599.0,71.0,,474.0,219.0,124.0,623.0,485.0,,65.0
643.0,-88.0,,471.0,266.0,223.0,635.0,114.0,,-22.0
598.0,-238.0,,510.0,292.0,156.0,633.0,127.0,,-102.0
615.0,-327.0,,500.0,309.0,-84.0,645.0,-22.0,,-150.0
610.0,-310.0,,533.0,197.0,-284.0,668.0,138.0,,-174.0
567.0,-254.0,,487.0,120.0,-538.0,693.0,110.0,,-188.0
568.0,-221.0,,420.0,49.0,-701.0,751.0,96.0,,-189.0
545.0,-294.0,,405.0,-68.0,-669.0,785.0,212.0,,-191.0
459.0,-346.0,,407.0,-95.0,-623.0,787.0,-29.0,,-193.0
376.0,-354.0,,504.0,-163.0,-629.0,800.0,49.0,,-210.0
393.0,-414.0,,577.0,-304.0,-554.0,805.0,-92.0,,-231.0
346.0,-375.0,,497.0,-371.0,-383.0,836.0,84.0,,-235.0
277.0,-212.0,,455.0,-445.0,-331.0,869.0,301.0,,-225.0
265.0,-55.0,,359.0,-435.0,-513.0,883.0,347.0,,-180.0
247.0,42.0,,284.0,-299.0,-682.0,907.0,589.0,,-112.0
180.0,102.0,,293.0,-226.0,-553.0,908.0,535.0,,-10.0
146.0,115.0,,266.0,-141.0,-598.0,916.0,822.0,,123.0
115.0,118.0,,293.0,-58.0,-931.0,919.0,864.0,,269.0
44.0,238.0,,280.0,-65.0,-1272.0,891.0,968.0,,431.0
51.0,496.0,,228.0,-2.0,-1385.0,851.0,1128.0,,598.0
82.0,673.0,,150.0,72.0,-1335.0,799.0,975.0,,788.0
41.0,633.0,,103.0,48.0,-1498.0,779.0,1145.0,,990.0
-45.0,550.0,,254.0,39.0,-1708.0,756.0,1008.0,,1193.0
-29.0,496.0,,483.0,16.0,-1884.0,700.0,1108.0,,1409.0
-9.0,401.0,,484.0,10.0,-1984.0,648.0,1106.0,,1601.0
-65.0,207.0,,446.0,86.0,-2046.0,604.0,916.0,,1753.0
-74.0,23.0,,359.0,54.0,-2067.0,562.0,925.0,,1881.0
-45.0,43.0,,195.0,-13.0,-2038.0,554.0,731.0,,1953.0
-59.0,122.0,,117.0,-5.0,-1997.0,557.0,894.0,,1962.0
-111.0,103.0,,260.0,-59.0,-1793.0,545.0,759.0,,1932.0
-117.0,32.0,,411.0,-92.0,-1574.0,543.0,574.0,,1855.0
-139.0,-35.0,,257.0,-112.0,-1598.0,500.0,351.0,,1726.0
-160.0,-23.0,,175.0,-200.0,-1817.0,463.0,53.0,,1564.0
-146.0,-29.0,,206.0,-202.0,-1959.0,451.0,169.0,,1376.0
-156.0,-191.0,,280.0,-184.0,-1979.0,432.0,84.0,,1159.0
-198.0,-364.0,,401.0,-249.0,-2066.0,424.0,308.0,,934.0
-208.0,-383.0,,548.0,-265.0,-2307.0,419.0,291.0,,713.0
-211.0,-293.0,,563.0,-264.0,-2472.0,440.0,240.0,,500.0
-238.0,-175.0,,563.0,-214.0,-2433.0,437.0,260.0,,309.0
-213.0,-148.0,,486.0,-90.0,-2242.0,425.0,-92.0,,133.0
-181.0,-238.0,,373.0,-77.0,-2103.0,419.0,9.0,,-18.0
-173.0,-310.0,,558.0,-50.0,-2197.0,397.0,-105.0,,-143.0
-142.0,-313.0,,527.0,112.0,-2211.0,403.0,-64.0,,-265.0
-75.0,-224.0,,410.0,251.0,-2051.0,415.0,-18.0,,-375.0
-58.0,-95.0,,397.0,393.0,-2012.0,416.0,-134.0,,-453.0
-38.0,10.0,,319.0,493.0,-2098.0,417.0,1.0,,-506.0
93.0,97.0,,418.0,457.0,-2093.0,406.0,-142.0,,-524.0
174.0,138.0,,418.0,451.0,-1853.0,370.0,-11.0,,-505.0
170.0,38.0,,245.0,412.0,-1763.0,355.0,-48.0,,-453.0
236.0,-146.0,,236.0,270.0,-2090.0,348.0,55.0,,-355.0
321.0,-201.0,,219.0,147.0,-2291.0,342.0,360.0,,-235.0
341.0,-152.0,,168.0,-57.0,-2220.0,361.0,436.0,,-105.0
335.0,-84.0,,161.0,-285.0,-1974.0,349.0,709.0,,31.0
351.0,-45.0,,283.0,-387.0,-1833.0,335.0,552.0,,159.0
347.0,9.0,,298.0,-489.0,-1884.0,314.0,526.0,,277.0
309.0,168.0,,138.0,-552.0,-1740.0,290.0,445.0,,385.0
323.0,339.0,,246.0,-543.0,-1678.0,301.0,345.0,,474.0
313.0,503.0,,386.0,-537.0,-1854.0,289.0,522.0,,559.0
278.0,628.0,,326.0,-352.0,-2086.0,253.0,410.0,,647.0
299.0,659.0,,307.0,-69.0,-2239.0,224.0,570.0,,732.0
324.0,637.0,,442.0,79.0,-2360.0,210.0,522.0,,826.0
299.0,615.0,,318.0,218.0,-2554.0,190.0,474.0,,913.0
223.0,589.0,,110.0,343.0,-2629.0,183.0,365.0,,987.0
191.0,492.0,,149.0,405.0,-2610.0,204.0,66.0,,1045.0
113.0,371.0,,213.0,441.0,-2764.0,227.0,121.0,,1089.0
70.0,229.0,,172.0,327.0,-2886.0,249.0,-73.0,,1152.0
92.0,57.0,,128.0,195.0,-2618.0,240.0,-51.0,,1205.0
63.0,-102.0,,87.0,140.0,-2320.0,205.0,-162.0,,1253.0
14.0,-264.0,,-61.0,13.0,-2272.0,174.0,-267.0,,1305.0
3.0,-393.0,,-6.0,-67.0,-2241.0,162.0,-105.0,,1317.0
-6.0,-496.0,,95.0,-119.0,-2179.0,166.0,-236.0,,1294.0
-97.0,-508.0,,152.0,-241.0,-2166.0,179.0,-114.0,,1242.0
-106.0,-463.0,,107.0,-240.0,-2199.0,158.0,-275.0,,1166.0
-89.0,-424.0,,15.0,-219.0,-2089.0,110.0,-384.0,,1073.0
-119.0,-286.0,,-7.0,-293.0,-1905.0,79.0,-491.0,,968.0
-154.0,-141.0,,-182.0,-315.0,-2127.0,70.0,-746.0,,870.0
-134.0,-20.0,,-313.0,-336.0,-2650.0,78.0,-689.0,,786.0
-120.0,87.0,,-346.0,-260.0,-3052.0,77.0,-837.0,,716.0
-136.0,175.0,,-400.0,-22.0,-3219.0,80.0,-587.0,,651.0
-52.0,254.0,,-487.0,151.0,-3280.0,70.0,-489.0,,598.0
-21.0,277.0,,-438.0,286.0,-3326.0,38.0,-408.0,,562.0
0.0,279.0,,-520.0,406.0,-3365.0,10.0,-157.0,,544.0
34.0,236.0,,-528.0,454.0,-3507.0,-1.0,-267.0,,542.0
105.0,112.0,,-251.0,544.0,-3614.0,-4.0,-121.0,,544.0
126.0,12.0,,-131.0,558.0,-3471.0,-17.0,-282.0,,551.0
95.0,62.0,,-173.0,437.0,-3148.0,-37.0,-291.0,,558.0
153.0,146.0,,-51.0,349.0,-3299.0,-75.0,-299.0,,565.0
161.0,101.0,,193.0,234.0,-3628.0,-112.0,-532.0,,585.0
158.0,-66.0,,16.0,119.0,-3450.0,-148.0,-556.0,,605.0
112.0,-302.0,,41.0,45.0,-3272.0,-157.0,-859.0,,629.0
68.0,-495.0,,127.0,-158.0,-3382.0,-118.0,-849.0,,664.0
41.0,-612.0,,-28.0,-368.0,-3721.0,-73.0,-964.0,,695.0
52.0,-709.0,,26.0,-527.0,-3662.0,-15.0,-1019.0,,724.0
48.0,-791.0,,-51.0,-742.0,-3195.0,8.0,-905.0,,726.0
-14.0,-833.0,,-200.0,-824.0,-3038.0,3.0,-1005.0,,714.0
-16.0,-860.0,,-242.0,-774.0,-3113.0,-11.0,-814.0,,704.0
-16.0,-862.0,,-202.0,-666.0,-2869.0,-40.0,-933.0,,680.0
-50.0,-774.0,,-187.0,-468.0,-2328.0,-23.0,-820.0,,642.0
-101.0,-649.0,,-24.0,-350.0,-2264.0,-17.0,-639.0,,590.0
-67.0,-501.0,,-244.0,-256.0,-2319.0,-6.0,-559.0,,538.0
-51.0,-276.0,,-395.0,-125.0,-2248.0,16.0,-299.0,,472.0
-77.0,-29.0,,-6.0,-104.0,-2199.0,17.0,-317.0,,400.0
-85.0,197.0,,-171.0,-57.0,-2088.0,5.0,14.0,,329.0
-79.0,336.0,,-176.0,59.0,-2184.0,-8.0,184.0,,246.0
-90.0,426.0,,82.0,158.0,-2508.0,20.0,286.0,,159.0
-96.0,542.0,,-116.0,301.0,-2950.0,60.0,315.0,,66.0
-58.0,602.0,,-339.0,346.0,-3015.0,77.0,171.0,,-12.0
-65.0,569.0,,-206.0,266.0,-2773.0,73.0,423.0,,-65.0
-23.0,519.0,,-116.0,196.0,-2586.0,77.0,404.0,,-103.0
13.0,508.0,,-185.0,58.0,-2583.0,90.0,589.0,,-122.0
34.0,441.0,,-118.0,-39.0,-2546.0,73.0,600.0,,-132.0
42.0,303.0,,-138.0,-43.0,-2199.0,44.0,497.0,,-153.0
89.0,198.0,,26.0,-78.0,-2057.0,16.0,533.0,,-157.0
157.0,150.0,,-169.0,-40.0,-2110.0,-5.0,253.0,,-142.0
207.0,145.0,,-588.0,35.0,-2053.0,-20.0,388.0,,-123.0
275.0,160.0,,-262.0,84.0,-1818.0,-32.0,402.0,,-71.0
288.0,146.0,,-170.0,156.0,-1757.0,-46.0,515.0,,-11.0
312.0,72.0,,-304.0,131.0,-1980.0,-40.0,521.0,,66.0
323.0,-11.0,,-42.0,78.0,-1982.0,3.0,273.0,,155.0
409.0,-75.0,,-127.0,115.0,-1716.0,29.0,282.0,,225.0
425.0,-173.0,,-351.0,118.0,-1490.0,14.0,18.0,,299.0
444.0,-243.0,,-83.0,124.0,-1550.0,-28.0,84.0,,372.0
514.0,-224.0,,-24.0,123.0,-1492.0,-85.0,27.0,,442.0
506.0,-179.0,,-161.0,59.0,-1210.0,-126.0,14.0,,513.0
513.0,-104.0,,-204.0,45.0,-943.0,-138.0,153.0,,564.0
473.0,9.0,,-328.0,-34.0,-761.0,-132.0,48.0,,610.0
490.0,143.0,,-249.0,-155.0,-788.0,-129.0,290.0,,649.0
419.0,223.0,,-259.0,-181.0,-832.0,-110.0,230.0,,652.0
386.0,219.0,,-231.0,-224.0,-907.0,-69.0,351.0,,638.0
384.0,247.0,,-180.0,-233.0,-905.0,-22.0,497.0,,611.0
290.0,338.0,,-275.0,-213.0,-795.0,0.0,537.0,,570.0
256.0,405.0,,-329.0,-254.0,-772.0,1.0,696.0,,525.0
262.0,336.0,,-273.0,-211.0,-673.0,21.0,469.0,,471.0
308.0,186.0,,-69.0,-189.0,-460.0,23.0,521.0,,414.0
266.0,125.0,,-262.0,-238.0,-385.0,23.0,439.0,,348.0
283.0,135.0,,-383.0,-202.0,-553.0,27.0,602.0,,283.0
296.0,128.0,,-149.0,-189.0,-659.0,29.0,944.0,,248.0
259.0,111.0,,-298.0,-144.0,-439.0,37.0,1062.0,,231.0
221.0,90.0,,-502.0,-34.0,-109.0,30.0,1383.0,,239.0
189.0,38.0,,-353.0,22.0,-100.0,18.0,1328.0,,285.0
190.0,-47.0,,-330.0,158.0,-317.0,24.0,1385.0,,354.0
155.0,-150.0,,-497.0,279.0,-388.0,41.0,1267.0,,441.0
172.0,-271.0,,-482.0,302.0,-113.0,34.0,1106.0,,540.0
156.0,-395.0,,-539.0,385.0,242.0,39.0,1191.0,,621.0
136.0,-504.0,,-720.0,404.0,469.0,61.0,1165.0,,691.0
130.0,-585.0,,-643.0,377.0,687.0,68.0,1607.0,,756.0
120.0,-614.0,,-581.0,411.0,943.0,60.0,1819.0,,804.0
100.0,-583.0,,-640.0,378.0,1407.0,46.0,1938.0,,843.0
96.0,-467.0,,-588.0,354.0,1730.0,26.0,1845.0,,882.0
98.0,-272.0,,-576.0,279.0,1862.0,-4.0,1468.0,,912.0
29.0,-33.0,,-615.0,84.0,1985.0,-14.0,1391.0,,917.0
-11.0,209.0,,-620.0,5.0,2157.0,-15.0,1204.0,,893.0
-15.0,410.0,,-588.0,-60.0,2186.0,-30.0,1395.0,,836.0
-50.0,493.0,,-486.0,-147.0,1786.0,-54.0,1382.0,,762.0
-109.0,434.0,,-380.0,-130.0,1500.0,-57.0,1247.0,,692.0
-107.0,283.0,,-397.0,-190.0,1482.0,-52.0,1182.0,,624.0
-125.0,40.0,,-330.0,-223.0,1719.0,-33.0,842.0,,568.0
-176.0,-249.0,,-195.0,-171.0,1936.0,30.0,857.0,,516.0
-201.0,-481.0,,-33.0,-163.0,2172.0,84.0,659.0,,487.0
-178.0,-613.0,,4.0,-67.0,2679.0,121.0,668.0,,498.0
-140.0,-680.0,,-107.0,2.0,3102.0,135.0,718.0,,524.0
-103.0,-667.0,,-143.0,-10.0,3344.0,126.0,631.0,,577.0
-54.0,-568.0,,-113.0,82.0,3420.0,112.0,668.0,,643.0
-51.0,-479.0,,-166.0,142.0,3516.0,91.0,386.0,,698.0
-9.0,-442.0,,-392.0,191.0,3496.0,88.0,561.0,,744.0
45.0,-440.0,,-305.0,261.0,3395.0,82.0,702.0,,765.0
93.0,-394.0,,-302.0,186.0,3443.0,72.0,879.0,,761.0
118.0,-259.0,,-339.0,152.0,3531.0,84.0,1095.0,,722.0
168.0,-85.0,,-153.0,137.0,3626.0,70.0,1032.0,,656.0
229.0,35.0,,-56.0,6.0,3633.0,67.0,1182.0,,561.0
229.0,59.0,,-89.0,-45.0,3659.0,90.0,1053.0,,431.0
215.0,70.0,,-227.0,-82.0,3694.0,98.0,1152.0,,301.0
177.0,126.0,,-182.0,-107.0,3592.0,102.0,1140.0,,157.0
148.0,183.0,,-149.0,-19.0,3455.0,85.0,999.0,,23.0
117.0,162.0,,-86.0,-19.0,3338.0,40.0,955.0,,-77.0
104.0,109.0,,-42.0,-29.0,3355.0,1.0,598.0,,-153.0
63.0,68.0,,29.0,22.0,3518.0,-14.0,493.0,,-202.0
15.0,12.0,,156.0,-15.0,3643.0,-17.0,238.0,,-236.0
34.0,-67.0,,133.0,-29.0,3679.0,-6.0,291.0,,-263.0
30.0,-178.0,,144.0,-56.0,3801.0,20.0,458.0,,-291.0
13.0,-306.0,,171.0,-146.0,4035.0,38.0,415.0,,-333.0
17.0,-478.0,,238.0,-165.0,4296.0,57.0,593.0,,-383.0
20.0,-638.0,,254.0,-232.0,4517.0,68.0,352.0,,-427.0
-3.0,-770.0,,236.0,-339.0,4511.0,74.0,282.0,,-466.0
-3.0,-913.0,,262.0,-389.0,4446.0,101.0,134.0,,-488.0
12.0,-1020.0,,117.0,-487.0,4302.0,113.0,68.0,,-489.0
-15.0,-1010.0,,62.0,-543.0,4130.0,113.0,343.0,,-474.0
-24.0,-830.0,,183.0,-505.0,4142.0,112.0,506.0,,-452.0
-19.0,-590.0,,207.0,-499.0,4237.0,73.0,1049.0,,-437.0
-45.0,-330.0,,105.0,-417.0,4382.0,46.0,1310.0,,-421.0
-77.0,-12.0,,55.0,-284.0,4500.0,45.0,1559.0,,-410.0
-76.0,310.0,,82.0,-179.0,4836.0,52.0,1570.0,,-413.0
-73.0,568.0,,-100.0,14.0,5148.0,92.0,1263.0,,-407.0
-128.0,748.0,,-134.0,180.0,5154.0,119.0,1119.0,,-407.0
-123.0,831.0,,-57.0,275.0,5019.0,130.0,694.0,,-407.0
-138.0,827.0,,-242.0,375.0,4786.0,137.0,709.0,,-391.0
-195.0,764.0,,-307.0,367.0,4655.0,124.0,681.0,,-384.0
-246.0,639.0,,-183.0,347.0,4595.0,112.0,857.0,,-370.0
-345.0,533.0,,-180.0,376.0,4528.0,89.0,1189.0,,-357.0
-392.0,448.0,,-257.0,343.0,4425.0,68.0,1082.0,,-355.0
-457.0,334.0,,-501.0,305.0,4388.0,64.0,1043.0,,-360.0
-482.0,201.0,,-726.0,231.0,4494.0,62.0,561.0,,-366.0
-512.0,114.0,,-535.0,121.0,4661.0,48.0,327.0,,-353.0
-564.0,43.0,,-577.0,103.0,4639.0,26.0,205.0,,-346.0
-568.0,-29.0,,-726.0,71.0,4432.0,21.0,201.0,,-344.0
-635.0,-65.0,,-491.0,12.0,4479.0,24.0,489.0,,-354.0
-685.0,-92.0,,-525.0,14.0,4691.0,45.0,413.0,,-365.0
-690.0,-61.0,,-753.0,-16.0,4826.0,51.0,452.0,,-368.0
-665.0,-93.0,,-437.0,-39.0,4814.0,42.0,-18.0,,-368.0
-668.0,-230.0,,-3.0,-56.0,4812.0,69.0,-424.0,,-359.0
-691.0,-326.0,,-283.0,-147.0,4857.0,79.0,-533.0,,-329.0
-686.0,-378.0,,-459.0,-165.0,4841.0,88.0,-620.0,,-282.0
-669.0,-370.0,,-125.0,-161.0,4686.0,94.0,-297.0,,-216.0
-677.0,-338.0,,-301.0,-198.0,4437.0,92.0,-365.0,,-126.0
-700.0,-311.0,,-432.0,-134.0,4365.0,95.0,-356.0,,-55.0
-664.0,-249.0,,-62.0,-45.0,4230.0,82.0,-474.0,,-2.0
-656.0,-167.0,,-27.0,52.0,4090.0,88.0,-572.0,,32.0
-654.0,-79.0,,-169.0,148.0,3968.0,91.0,-356.0,,39.0
-626.0,11.0,,-112.0,116.0,3768.0,73.0,-315.0,,15.0
-614.0,80.0,,-117.0,65.0,3737.0,65.0,44.0,,-28.0
-598.0,130.0,,-108.0,32.0,3711.0,73.0,120.0,,-80.0
-533.0,161.0,,95.0,-26.0,3527.0,67.0,195.0,,-154.0
-502.0,119.0,,70.0,-24.0,3322.0,68.0,109.0,,-224.0
-550.0,107.0,,-96.0,-35.0,3492.0,75.0,-225.0,,-303.0
-532.0,125.0,,-54.0,-48.0,3750.0,88.0,-232.0,,-373.0
-481.0,48.0,,10.0,30.0,3639.0,109.0,-389.0,,-421.0
-465.0,-49.0,,71.0,55.0,3303.0,121.0,-88.0,,-448.0
-470.0,-122.0,,148.0,49.0,3085.0,140.0,140.0,,-430.0
-446.0,-135.0,,156.0,25.0,3245.0,145.0,271.0,,-394.0
-435.0,-95.0,,117.0,-68.0,3171.0,129.0,419.0,,-343.0
-431.0,-32.0,,179.0,-66.0,2734.0,85.0,260.0,,-305.0
-375.0,94.0,,209.0,-35.0,2470.0,44.0,402.0,,-302.0
-371.0,269.0,,245.0,-49.0,2340.0,26.0,303.0,,-325.0
-350.0,436.0,,461.0,-3.0,2207.0,45.0,328.0,,-358.0
-264.0,625.0,,425.0,3.0,2074.0,99.0,199.0,,-367.0
-191.0,792.0,,223.0,18.0,1929.0,156.0,-33.0,,-361.0
-156.0,776.0,,83.0,77.0,1676.0,227.0,25.0,,-316.0
-107.0,685.0,,125.0,56.0,1569.0,288.0,-216.0,,-239.0
-61.0,517.0,,311.0,86.0,1669.0,319.0,-182.0,,-169.0
-51.0,259.0,,227.0,154.0,1607.0,317.0,-362.0,,-97.0
-26.0,31.0,,188.0,162.0,1321.0,296.0,-395.0,,-44.0
0.0,-195.0,,82.0,180.0,1033.0,278.0,-267.0,,-23.0
2.0,-407.0,,-59.0,105.0,1113.0,264.0,-423.0,,-44.0
15.0,-593.0,,31.0,-15.0,1309.0,274.0,-290.0,,-89.0
66.0,-652.0,,129.0,-47.0,1252.0,271.0,-347.0,,-145.0
83.0,-540.0,,236.0,-98.0,1224.0,273.0,-240.0,,-230.0
72.0,-349.0,,114.0,-118.0,1400.0,297.0,-428.0,,-345.0
69.0,-167.0,,-41.0,-122.0,1467.0,303.0,-809.0,,-485.0
108.0,39.0,,10.0,-195.0,1179.0,294.0,-986.0,,-648.0
123.0,269.0,,82.0,-156.0,897.0,301.0,-1302.0,,-815.0
124.0,449.0,,55.0,-89.0,860.0,306.0,-1127.0,,-973.0
154.0,562.0,,34.0,-95.0,924.0,286.0,-1027.0,,-1124.0
155.0,577.0,,0.0,-44.0,772.0,277.0,-711.0,,-1238.0
198.0,603.0,,-123.0,-43.0,678.0,283.0,-408.0,,-1307.0
219.0,597.0,,-143.0,-14.0,928.0,313.0,-417.0,,-1342.0
237.0,565.0,,-148.0,125.0,955.0,332.0,-216.0,,-1328.0
259.0,526.0,,-182.0,191.0,734.0,325.0,-332.0,,-1282.0
287.0,441.0,,-249.0,267.0,492.0,302.0,-179.0,,-1221.0
331.0,388.0,,-277.0,340.0,431.0,264.0,-164.0,,-1136.0
300.0,329.0,,-294.0,305.0,359.0,263.0,-245.0,,-1032.0
323.0,238.0,,-277.0,319.0,265.0,268.0,-227.0,,-921.0
341.0,77.0,,-161.0,301.0,370.0,288.0,-493.0,,-817.0
334.0,-151.0,,-152.0,227.0,217.0,317.0,-519.0,,-725.0
328.0,-438.0,,-11.0,202.0,-8.0,323.0,-853.0,,-621.0
283.0,-682.0,,39.0,81.0,-93.0,358.0,-1008.0,,-527.0
249.0,-818.0,,-48.0,-39.0,89.0,415.0,-1173.0,,-456.0
219.0,-907.0,,18.0,-89.0,262.0,460.0,-1339.0,,-407.0
235.0,-989.0,,44.0,-201.0,181.0,495.0,-1058.0,,-391.0
200.0,-1035.0,,35.0,-224.0,175.0,493.0,-981.0,,-389.0
207.0,-967.0,,94.0,-184.0,145.0,472.0,-620.0,,-395.0
254.0,-847.0,,249.0,-197.0,6.0,472.0,-589.0,,-405.0
227.0,-646.0,,221.0,-149.0,-404.0,489.0,-639.0,,-425.0
196.0,-391.0,,69.0,-154.0,-694.0,515.0,-533.0,,-462.0
157.0,-153.0,,35.0,-182.0,-565.0,560.0,-582.0,,-513.0
192.0,109.0,,35.0,-115.0,-431.0,601.0,-291.0,,-571.0
218.0,332.0,,84.0,-95.0,-619.0,613.0,-216.0,,-627.0
213.0,511.0,,139.0,-40.0,-789.0,618.0,90.0,,-692.0
220.0,677.0,,57.0,35.0,-803.0,635.0,293.0,,-754.0
190.0,796.0,,-18.0,6.0,-829.0,660.0,315.0,,-813.0
187.0,852.0,,45.0,-11.0,-703.0,657.0,336.0,,-860.0
210.0,862.0,,19.0,-79.0,-793.0,663.0,-59.0,,-886.0
183.0,827.0,,0.0,-191.0,-886.0,688.0,-153.0,,-901.0
139.0,729.0,,33.0,-211.0,-748.0,681.0,-426.0,,-897.0
153.0,547.0,,161.0,-257.0,-579.0,675.0,-448.0,,-870.0
191.0,322.0,,387.0,-287.0,-608.0,661.0,-221.0,,-781.0
188.0,149.0,,391.0,-256.0,-758.0,659.0,-136.0,,-639.0
138.0,16.0,,240.0,-255.0,-514.0,660.0,86.0,,-456.0
135.0,-105.0,,262.0,-160.0,-187.0,673.0,-147.0,,-253.0
160.0,-209.0,,276.0,-44.0,-6.0,716.0,-184.0,,-64.0
155.0,-300.0,,200.0,-16.0,-52.0,757.0,-328.0,,100.0
134.0,-353.0,,328.0,10.0,-139.0,780.0,-461.0,,218.0
96.0,-326.0,,323.0,-30.0,-34.0,768.0,-508.0,,300.0
63.0,-228.0,,276.0,-108.0,-58.0,765.0,-890.0,,334.0
73.0,-144.0,,262.0,-90.0,-391.0,768.0,-833.0,,341.0
26.0,-71.0,,100.0,-110.0,-926.0,787.0,-946.0,,317.0
-85.0,-14.0,,109.0,-112.0,-1300.0,809.0,-829.0,,264.0
-81.0,27.0,,155.0,-74.0,-1497.0,806.0,-726.0,,205.0
-62.0,95.0,,118.0,-42.0,-1409.0,810.0,-870.0,,137.0
-120.0,141.0,,158.0,96.0,-1218.0,818.0,-753.0,,91.0
-183.0,185.0,,227.0,193.0,-1172.0,843.0,-1019.0,,65.0
-179.0,183.0,,140.0,286.0,-894.0,874.0,-1038.0,,64.0
-141.0,127.0,,103.0,321.0,-431.0,902.0,-1176.0,,87.0
-126.0,69.0,,202.0,287.0,50.0,906.0,-1217.0,,138.0
-84.0,1.0,,187.0,235.0,129.0,879.0,-1073.0,,197.0
-69.0,-2.0,,88.0,187.0,-75.0,860.0,-1130.0,,247.0
-29.0,85.0,,89.0,154.0,-89.0,850.0,-716.0,,280.0
20.0,176.0,,221.0,63.0,-202.0,835.0,-517.0,,265.0
56.0,196.0,,286.0,-5.0,-487.0,820.0,-182.0,,218.0
88.0,142.0,,474.0,-146.0,-733.0,785.0,-127.0,,132.0
123.0,3.0,,551.0,-167.0,-705.0,741.0,-312.0,,44.0
248.0,-131.0,,388.0,-174.0,-758.0,709.0,-155.0,,-11.0
290.0,-198.0,,357.0,-143.0,-1109.0,684.0,-236.0,,-51.0
292.0,-201.0,,366.0,-69.0,-1339.0,670.0,73.0,,-59.0
360.0,-101.0,,422.0,-101.0,-1322.0,659.0,181.0,,-49.0
408.0,27.0,,398.0,-31.0,-1421.0,656.0,267.0,,-28.0
419.0,227.0,,221.0,-65.0,-1746.0,649.0,266.0,,-13.0
382.0,491.0,,100.0,-61.0,-1833.0,629.0,-96.0,,-25.0
397.0,691.0,,118.0,-33.0,-1794.0,612.0,-138.0,,-40.0
333.0,819.0,,106.0,-17.0,-1641.0,593.0,-395.0,,-60.0
258.0,857.0,,188.0,66.0,-1479.0,554.0,-282.0,,-74.0
266.0,836.0,,331.0,108.0,-1527.0,511.0,-195.0,,-62.0
212.0,760.0,,287.0,154.0,-1745.0,474.0,-138.0,,-55.0
152.0,594.0,,228.0,198.0,-2080.0,423.0,110.0,,-41.0
115.0,321.0,,136.0,263.0,-2133.0,395.0,59.0,,-31.0
112.0,-7.0,,58.0,252.0,-2103.0,378.0,238.0,,-44.0
52.0,-336.0,,51.0,253.0,-2208.0,360.0,-59.0,,-59.0
-2.0,-653.0,,172.0,146.0,-2370.0,339.0,-373.0,,-94.0
-61.0,-913.0,,242.0,11.0,-2223.0,291.0,-678.0,,-162.0
-102.0,-1066.0,,218.0,-35.0,-1998.0,238.0,-1051.0,,-270.0
-95.0,-1074.0,,179.0,-101.0,-2264.0,187.0,-929.0,,-393.0
-140.0,-1015.0,,89.0,-30.0,-2559.0,161.0,-1019.0,,-529.0
-143.0,-880.0,,76.0,-17.0,-2616.0,137.0,-800.0,,-678.0
-166.0,-588.0,,34.0,-33.0,-2511.0,99.0,-779.0,,-825.0
-139.0,-225.0,,131.0,-3.0,-2621.0,52.0,-927.0,,-997.0
-139.0,75.0,,193.0,-60.0,-2856.0,-13.0,-984.0,,-1171.0
-178.0,261.0,,259.0,-72.0,-2978.0,-55.0,-1237.0,,-1330.0
-170.0,404.0,,239.0,-36.0,-2954.0,-95.0,-1042.0,,-1467.0
-176.0,518.0,,69.0,18.0,-2748.0,-130.0,-1029.0,,-1563.0
-205.0,548.0,,154.0,125.0,-2654.0,-160.0,-779.0,,-1624.0
-273.0,531.0,,107.0,170.0,-2340.0,-206.0,-561.0,,-1648.0
-261.0,505.0,,27.0,175.0,-1986.0,-248.0,-620.0,,-1631.0
-314.0,429.0,,-30.0,207.0,-1840.0,-302.0,-504.0,,-1579.0
-340.0,292.0,,-176.0,151.0,-1742.0,-342.0,-707.0,,-1486.0
-318.0,164.0,,-249.0,82.0,-1752.0,-367.0,-652.0,,-1363.0
-335.0,166.0,,-182.0,25.0,-1703.0,-403.0,-746.0,,-1207.0
-364.0,279.0,,-114.0,-76.0,-1583.0,-430.0,-787.0,,-1014.0
-413.0,345.0,,-126.0,-161.0,-1393.0,-442.0,-752.0,,-814.0
-336.0,322.0,,-165.0,-291.0,-1370.0,-483.0,-907.0,,-621.0
-397.0,283.0,,-268.0,-373.0,-1442.0,-529.0,-801.0,,-449.0
-416.0,257.0,,-302.0,-371.0,-1452.0,-594.0,-1042.0,,-313.0
-318.0,172.0,,-273.0,-345.0,-1466.0,-676.0,-1071.0,,-199.0
-315.0,21.0,,-182.0,-203.0,-1407.0,-705.0,-1147.0,,-103.0
-256.0,-118.0,,-219.0,-20.0,-1359.0,-737.0,-1123.0,,-36.0
-252.0,-175.0,,-108.0,192.0,-1232.0,-758.0,-805.0,,-1.0
-164.0,-179.0,,-58.0,397.0,-1041.0,-782.0,-824.0,,14.0
-118.0,-159.0,,-197.0,440.0,-983.0,-825.0,-604.0,,5.0
-52.0,-89.0,,-38.0,415.0,-1124.0,-857.0,-727.0,,-16.0
50.0,-26.0,,-104.0,312.0,-1254.0,-915.0,-763.0,,-47.0
43.0,0.0,,-224.0,173.0,-1320.0,-947.0,-678.0,,-91.0
167.0,-22.0,,-175.0,103.0,-1432.0,-966.0,-720.0,,-128.0
181.0,-26.0,,-102.0,-10.0,-1425.0,-993.0,-452.0,,-175.0
240.0,-7.0,,28.0,-86.0,-1214.0,-1006.0,-325.0,,-226.0
277.0,-20.0,,62.0,-115.0,-1027.0,-1034.0,151.0,,-272.0
358.0,-31.0,,9.0,-174.0,-1053.0,-1044.0,319.0,,-333.0
444.0,-37.0,,-13.0,-160.0,-1052.0,-1059.0,229.0,,-371.0
344.0,-42.0,,103.0,-176.0,-873.0,-1099.0,59.0,,-398.0
408.0,-90.0,,53.0,-211.0,-717.0,-1122.0,-380.0,,-408.0
356.0,-132.0,,103.0,-166.0,-686.0,-1135.0,-256.0,,-401.0
406.0,-135.0,,296.0,-160.0,-542.0,-1143.0,-181.0,,-391.0
412.0,-175.0,,252.0,-86.0,-345.0,-1152.0,129.0,,-342.0
350.0,-267.0,,159.0,48.0,-475.0,-1165.0,404.0,,-270.0
344.0,-349.0,,56.0,149.0,-713.0,-1183.0,384.0,,-175.0
299.0,-375.0,,69.0,297.0,-785.0,-1190.0,463.0,,-44.0
399.0,-413.0,,96.0,361.0,-630.0,-1192.0,157.0,,108.0
302.0,-454.0,,93.0,371.0,-361.0,-1186.0,62.0,,269.0
315.0,-439.0,,66.0,387.0,-289.0,-1174.0,-88.0,,408.0
312.0,-363.0,,-38.0,291.0,-283.0,-1167.0,-118.0,,516.0
336.0,-292.0,,58.0,182.0,-199.0,-1141.0,-59.0,,580.0
442.0,-257.0,,92.0,56.0,-209.0,-1145.0,-280.0,,598.0
388.0,-178.0,,-27.0,-65.0,-239.0,-1145.0,-245.0,,579.0
406.0,-32.0,,115.0,-77.0,-203.0,-1146.0,-515.0,,542.0
362.0,111.0,,248.0,-57.0,-94.0,-1173.0,-539.0,,513.0
402.0,223.0,,141.0,17.0,215.0,-1167.0,-620.0,,516.0
393.0,335.0,,91.0,103.0,505.0,-1159.0,-811.0,,554.0
398.0,456.0,,179.0,112.0,459.0,-1134.0,-626.0,,624.0
370.0,543.0,,92.0,109.0,230.0,-1125.0,-591.0,,706.0
354.0,612.0,,77.0,64.0,273.0,-1115.0,-232.0,,781.0
393.0,720.0,,277.0,33.0,527.0,-1082.0,-188.0,,841.0
319.0,793.0,,168.0,40.0,502.0,-1090.0,-171.0,,893.0
361.0,732.0,,101.0,18.0,377.0,-1093.0,-131.0,,938.0
320.0,580.0,,100.0,61.0,486.0,-1084.0,-299.0,,971.0
312.0,398.0,,41.0,85.0,722.0,-1067.0,-101.0,,1010.0
280.0,206.0,,204.0,65.0,786.0,-1049.0,-86.0,,1059.0
274.0,-51.0,,144.0,65.0,519.0,-1034.0,286.0,,1099.0
245.0,-339.0,,6.0,37.0,425.0,-998.0,506.0,,1128.0
223.0,-515.0,,29.0,73.0,553.0,-963.0,509.0,,1143.0
315.0,-602.0,,14.0,107.0,362.0,-942.0,528.0,,1136.0
240.0,-661.0,,152.0,91.0,105.0,-933.0,230.0,,1126.0
288.0,-633.0,,176.0,117.0,12.0,-930.0,371.0,,1104.0
271.0,-467.0,,92.0,77.0,108.0,-939.0,358.0,,1092.0
315.0,-229.0,,59.0,55.0,298.0,-951.0,561.0,,1123.0
301.0,15.0,,-19.0,97.0,324.0,-944.0,759.0,,1171.0
263.0,285.0,,113.0,73.0,348.0,-950.0,657.0,,1226.0
357.0,570.0,,199.0,43.0,364.0,-941.0,774.0,,1272.0
306.0,799.0,,163.0,-63.0,429.0,-911.0,611.0,,1288.0
432.0,887.0,,151.0,-203.0,622.0,-906.0,715.0,,1283.0
391.0,829.0,,208.0,-240.0,798.0,-891.0,567.0,,1267.0
386.0,704.0,,141.0,-273.0,818.0,-896.0,388.0,,1235.0
380.0,585.0,,117.0,-224.0,589.0,-920.0,461.0,,1208.0
382.0,490.0,,325.0,-142.0,329.0,-923.0,376.0,,1188.0
454.0,437.0,,235.0,-110.0,230.0,-923.0,626.0,,1163.0
290.0,454.0,,104.0,-22.0,229.0,-933.0,443.0,,1134.0
324.0,555.0,,-10.0,18.0,313.0,-930.0,267.0,,1071.0
261.0,673.0,,45.0,57.0,481.0,-928.0,29.0,,983.0
240.0,728.0,,132.0,129.0,507.0,-922.0,-256.0,,886.0
224.0,729.0,,79.0,139.0,387.0,-866.0,-131.0,,788.0
180.0,677.0,,128.0,175.0,214.0,-825.0,-262.0,,703.0
223.0,526.0,,48.0,170.0,40.0,-799.0,-79.0,,628.0
141.0,294.0,,71.0,130.0,-187.0,-799.0,-46.0,,547.0
182.0,75.0,,138.0,134.0,-484.0,-810.0,-18.0,,461.0
93.0,-85.0,,191.0,101.0,-669.0,-805.0,-3.0,,369.0
112.0,-188.0,,203.0,105.0,-966.0,-789.0,-254.0,,249.0
130.0,-221.0,,140.0,100.0,-1316.0,-716.0,-110.0,,118.0
59.0,-217.0,,59.0,40.0,-1464.0,-650.0,-131.0,,-23.0
129.0,-225.0,,-8.0,15.0,-1483.0,-610.0,114.0,,-156.0
109.0,-239.0,,0.0,-56.0,-1532.0,-578.0,142.0,,-279.0
176.0,-238.0,,-16.0,-112.0,-1692.0,-574.0,12.0,,-422.0
172.0,-238.0,,-86.0,-127.0,-1749.0,-581.0,92.0,,-568.0
192.0,-277.0,,-15.0,-187.0,-1711.0,-575.0,-64.0,,-714.0
225.0,-357.0,,-60.0,-183.0,-1834.0,-571.0,223.0,,-840.0
201.0,-467.0,,-377.0,-196.0,-2129.0,-568.0,321.0,,-924.0
285.0,-621.0,,-248.0,-202.0,-2272.0,-579.0,393.0,,-940.0
279.0,-768.0,,-141.0,-111.0,-2186.0,-606.0,303.0,,-886.0
289.0,-903.0,,-218.0,-57.0,-2247.0,-607.0,-5.0,,-756.0
245.0,-1027.0,,-46.0,38.0,-2615.0,-592.0,-29.0,,-569.0
258.0,-1083.0,,29.0,99.0,-2805.0,-577.0,-314.0,,-360.0
319.0,-1071.0,,-24.0,19.0,-2723.0,-561.0,-247.0,,-146.0
272.0,-1002.0,,-31.0,-72.0,-2664.0,-536.0,-293.0,,25.0
312.0,-939.0,,23.0,-224.0,-2758.0,-532.0,-323.0,,166.0
287.0,-881.0,,-24.0,-334.0,-3109.0,-541.0,-240.0,,271.0
251.0,-837.0,,41.0,-364.0,-3144.0,-539.0,-471.0,,325.0
252.0,-827.0,,46.0,-430.0,-2848.0,-550.0,-371.0,,345.0
241.0,-799.0,,-56.0,-412.0,-2868.0,-568.0,-382.0,,330.0
225.0,-744.0,,9.0,-373.0,-3163.0,-572.0,-16.0,,287.0
202.0,-679.0,,30.0,-335.0,-3394.0,-555.0,371.0,,227.0
242.0,-583.0,,20.0,-215.0,-3322.0,-550.0,541.0,,180.0
255.0,-440.0,,52.0,-171.0,-3134.0,-518.0,774.0,,155.0
226.0,-369.0,,197.0,-151.0,-3112.0,-461.0,559.0,,179.0
164.0,-414.0,,114.0,-111.0,-3220.0,-440.0,617.0,,261.0
145.0,-495.0,,25.0,-90.0,-3336.0,-420.0,467.0,,374.0
136.0,-533.0,,114.0,21.0,-3255.0,-410.0,417.0,,491.0
91.0,-513.0,,-17.0,113.0,-3123.0,-405.0,630.0,,574.0
50.0,-458.0,,-10.0,178.0,-3213.0,-409.0,691.0,,615.0
-11.0,-337.0,,119.0,263.0,-3282.0,-422.0,1058.0,,618.0
-67.0,-149.0,,93.0,253.0,-3247.0,-412.0,1082.0,,594.0
-120.0,64.0,,34.0,233.0,-3103.0,-412.0,1182.0,,546.0
-166.0,213.0,,119.0,164.0,-2909.0,-386.0,1064.0,,501.0
-229.0,293.0,,34.0,53.0,-2865.0,-331.0,812.0,,469.0
-275.0,321.0,,-118.0,28.0,-3035.0,-289.0,785.0,,456.0
-326.0,294.0,,-62.0,-15.0,-3103.0,-266.0,530.0,,464.0
-403.0,273.0,,-188.0,-4.0,-2706.0,-266.0,676.0,,476.0
-451.0,277.0,,-264.0,45.0,-2498.0,-265.0,626.0,,510.0
-470.0,320.0,,-240.0,42.0,-2566.0,-260.0,674.0,,542.0
-498.0,367.0,,-401.0,115.0,-2282.0,-246.0,702.0,,568.0
-536.0,386.0,,-421.0,158.0,-1631.0,-259.0,456.0,,599.0
-533.0,359.0,,-306.0,175.0,-1088.0,-291.0,474.0,,640.0
-540.0,305.0,,-235.0,206.0,-1012.0,-309.0,240.0,,688.0
-551.0,219.0,,-117.0,136.0,-1005.0,-304.0,304.0,,723.0
-564.0,48.0,,-24.0,114.0,-734.0,-289.0,173.0,,753.0
-581.0,-90.0,,-83.0,99.0,-478.0,-288.0,7.0,,784.0
-619.0,-171.0,,-296.0,40.0,-552.0,-285.0,110.0,,800.0
-619.0,-261.0,,-296.0,76.0,-675.0,-282.0,60.0,,804.0
-583.0,-350.0,,-234.0,50.0,-692.0,-266.0,356.0,,800.0
-593.0,-364.0,,-213.0,12.0,-440.0,-230.0,291.0,,790.0
-592.0,-266.0,,-39.0,27.0,-147.0,-183.0,253.0,,790.0
-594.0,-156.0,,-44.0,-10.0,-87.0,-151.0,134.0,,787.0
-570.0,-79.0,,-42.0,49.0,113.0,-140.0,-12.0,,771.0
-571.0,-47.0,,-117.0,97.0,282.0,-137.0,277.0,,732.0
-536.0,-56.0,,-278.0,67.0,637.0,-135.0,424.0,,660.0
-505.0,-95.0,,-119.0,83.0,972.0,-131.0,803.0,,565.0
-534.0,-152.0,,43.0,1.0,776.0,-131.0,777.0,,459.0
-486.0,-216.0,,45.0,-77.0,498.0,-90.0,753.0,,356.0
-453.0,-308.0,,35.0,-123.0,527.0,-28.0,825.0,,262.0
-429.0,-370.0,,-6.0,-241.0,552.0,3.0,705.0,,190.0
-430.0,-363.0,,-179.0,-258.0,258.0,4.0,951.0,,144.0
-331.0,-290.0,,-141.0,-273.0,173.0,3.0,870.0,,140.0
-239.0,-141.0,,44.0,-304.0,376.0,20.0,995.0,,173.0
-214.0,53.0,,-28.0,-273.0,633.0,35.0,1036.0,,255.0
-141.0,236.0,,-127.0,-320.0,657.0,55.0,975.0,,403.0
-141.0,360.0,,-146.0,-302.0,494.0,60.0,1045.0,,596.0
-95.0,398.0,,-76.0,-259.0,626.0,83.0,742.0,,826.0
-88.0,332.0,,-41.0,-300.0,770.0,104.0,757.0,,1065.0
-97.0,196.0,,-9.0,-270.0,582.0,100.0,563.0,,1283.0
-113.0,76.0,,44.0,-281.0,229.0,106.0,463.0,,1446.0
-113.0,-19.0,,90.0,-283.0,113.0,89.0,458.0,,1537.0
-82.0,-113.0,,79.0,-217.0,244.0,101.0,417.0,,1547.0
-145.0,-182.0,,-12.0,-219.0,325.0,154.0,792.0,,1464.0
-143.0,-182.0,,157.0,-129.0,315.0,217.0,811.0,,1320.0
-118.0,-112.0,,248.0,-5.0,409.0,290.0,933.0,,1156.0
-95.0,-63.0,,124.0,37.0,548.0,333.0,740.0,,989.0
-150.0,6.0,,60.0,88.0,531.0,369.0,426.0,,841.0
-173.0,166.0,,100.0,22.0,435.0,381.0,330.0,,714.0
-190.0,314.0,,100.0,-26.0,289.0,356.0,-9.0,,591.0
-277.0,378.0,,93.0,-5.0,232.0,364.0,0.0,,469.0
-264.0,432.0,,185.0,-62.0,482.0,375.0,-153.0,,344.0
-304.0,503.0,,68.0,0.0,778.0,372.0,-86.0,,217.0
-375.0,550.0,,-26.0,90.0,670.0,392.0,-60.0,,80.0
-429.0,572.0,,-59.0,121.0,490.0,394.0,-151.0,,-47.0
-378.0,582.0,,-264.0,191.0,630.0,382.0,99.0,,-151.0
-381.0,568.0,,-118.0,138.0,823.0,381.0,5.0,,-225.0
-423.0,474.0,,122.0,106.0,841.0,382.0,155.0,,-278.0
-349.0,277.0,,-110.0,137.0,680.0,383.0,114.0,,-320.0
-345.0,52.0,,-121.0,65.0,615.0,379.0,182.0,,-332.0
-297.0,-127.0,,-89.0,63.0,632.0,381.0,519.0,,-340.0
-284.0,-308.0,,-253.0,23.0,597.0,381.0,572.0,,-327.0
-294.0,-532.0,,-208.0,-116.0,609.0,390.0,729.0,,-284.0
-281.0,-675.0,,-133.0,-147.0,613.0,408.0,365.0,,-240.0
-230.0,-630.0,,-122.0,-213.0,755.0,432.0,62.0,,-193.0
-133.0,-473.0,,-183.0,-246.0,916.0,453.0,-221.0,,-165.0
-100.0,-313.0,,-138.0,-204.0,1053.0,450.0,-395.0,,-150.0
-38.0,-149.0,,-104.0,-256.0,1253.0,442.0,-145.0,,-150.0
26.0,25.0,,-105.0,-182.0,1363.0,434.0,-101.0,,-161.0
114.0,124.0,,-61.0,-79.0,1481.0,437.0,123.0,,-173.0
143.0,83.0,,113.0,-57.0,1476.0,472.0,-3.0,,-189.0
172.0,8.0,,273.0,54.0,1381.0,525.0,-81.0,,-208.0
238.0,-53.0,,187.0,76.0,1353.0,542.0,-105.0,,-231.0
268.0,-175.0,,117.0,96.0,1323.0,530.0,-317.0,,-232.0
319.0,-342.0,,83.0,216.0,1414.0,506.0,-206.0,,-220.0
335.0,-398.0,,107.0,223.0,1648.0,489.0,-290.0,,-188.0
367.0,-258.0,,244.0,266.0,1641.0,499.0,-31.0,,-129.0
374.0,-7.0,,290.0,298.0,1372.0,494.0,75.0,,-62.0
407.0,278.0,,231.0,203.0,1287.0,505.0,109.0,,23.0
414.0,598.0,,169.0,206.0,1396.0,531.0,343.0,,125.0
348.0,925.0,,-48.0,204.0,1450.0,538.0,356.0,,235.0
344.0,1146.0,,-156.0,194.0,1324.0,568.0,735.0,,339.0
335.0,1243.0,,-154.0,284.0,1265.0,579.0,729.0,,422.0
284.0,1241.0,,-142.0,265.0,1437.0,577.0,678.0,,474.0
215.0,1103.0,,-140.0,225.0,1569.0,592.0,563.0,,488.0
194.0,854.0,,-255.0,221.0,1371.0,590.0,341.0,,470.0
187.0,533.0,,-278.0,130.0,1252.0,609.0,461.0,,429.0
180.0,186.0,,-386.0,130.0,1678.0,640.0,339.0,,374.0
147.0,-185.0,,-340.0,132.0,2134.0,670.0,552.0,,299.0
87.0,-538.0,,-278.0,68.0,2211.0,694.0,572.0,,206.0
61.0,-790.0,,-366.0,128.0,2118.0,678.0,569.0,,107.0
53.0,-908.0,,-375.0,131.0,2259.0,649.0,661.0,,16.0
57.0,-856.0,,-432.0,67.0,2432.0,619.0,478.0,,-47.0
36.0,-707.0,,-298.0,56.0,2337.0,610.0,613.0,,-88.0
25.0,-561.0,,-88.0,-46.0,2317.0,606.0,417.0,,-87.0
13.0,-397.0,,-204.0,-128.0,2468.0,607.0,254.0,,-30.0
0.0,-230.0,,-327.0,-158.0,2540.0,627.0,-48.0,,60.0
-3.0,-65.0,,-160.0,-247.0,2445.0,623.0,-384.0,,180.0
25.0,106.0,,-129.0,-230.0,2384.0,629.0,-369.0,,318.0
26.0,220.0,,-141.0,-203.0,2425.0,643.0,-546.0,,463.0
-23.0,220.0,,-93.0,-266.0,2454.0,651.0,-397.0,,587.0
10.0,95.0,,-108.0,-240.0,2585.0,643.0,-478.0,,665.0
-26.0,-111.0,,-248.0,-222.0,2775.0,618.0,-526.0,,678.0
-105.0,-341.0,,-477.0,-249.0,2739.0,602.0,-515.0,,625.0
-109.0,-569.0,,-409.0,-220.0,2426.0,581.0,-696.0,,505.0
-118.0,-796.0,,-374.0,-237.0,2032.0,573.0,-554.0,,319.0
-161.0,-919.0,,-524.0,-232.0,1848.0,569.0,-624.0,,121.0
-207.0,-838.0,,-432.0,-130.0,1771.0,581.0,-423.0,,-70.0
-175.0,-657.0,,-246.0,-79.0,1517.0,604.0,-410.0,,-217.0
-235.0,-441.0,,-377.0,-24.0,1188.0,619.0,-467.0,,-312.0
-303.0,-251.0,,-537.0,10.0,1156.0,609.0,-236.0,,-356.0
-273.0,-154.0,,-567.0,-51.0,1281.0,570.0,-321.0,,-343.0
-251.0,-170.0,,-429.0,-53.0,1220.0,533.0,-225.0,,-303.0
-223.0,-252.0,,-290.0,-67.0,1197.0,495.0,-424.0,,-243.0
-204.0,-294.0,,-358.0,-135.0,1176.0,506.0,-413.0,,-198.0
-156.0,-297.0,,-231.0,-96.0,1060.0,518.0,-297.0,,-164.0
-163.0,-259.0,,-356.0,-51.0,849.0,511.0,-360.0,,-136.0
-127.0,-174.0,,-512.0,-37.0,598.0,510.0,-129.0,,-139.0
-41.0,-22.0,,-411.0,20.0,347.0,486.0,-173.0,,-144.0
-48.0,155.0,,-445.0,15.0,158.0,483.0,131.0,,-157.0
-34.0,271.0,,-633.0,-18.0,329.0,504.0,339.0,,-190.0
15.0,319.0,,-726.0,-27.0,607.0,549.0,458.0,,-218.0
62.0,320.0,,-591.0,-111.0,729.0,585.0,667.0,,-246.0
42.0,306.0,,-768.0,-162.0,909.0,580.0,474.0,,-271.0
63.0,273.0,,-933.0,-147.0,1286.0,565.0,373.0,,-280.0
64.0,235.0,,-702.0,-169.0,1645.0,548.0,-9.0,,-264.0
59.0,186.0,,-491.0,-121.0,1619.0,554.0,-66.0,,-207.0
107.0,106.0,,-644.0,-81.0,1229.0,600.0,-48.0,,-117.0
79.0,-58.0,,-615.0,-143.0,919.0,643.0,-182.0,,4.0
66.0,-297.0,,-467.0,-168.0,676.0,676.0,-138.0,,130.0
3.0,-459.0,,-598.0,-209.0,329.0,680.0,-349.0,,236.0
-8.0,-438.0,,-381.0,-253.0,-60.0,659.0,-110.0,,321.0
-66.0,-309.0,,-73.0,-219.0,-335.0,645.0,-14.0,,377.0
-115.0,-234.0,,-48.0,-243.0,-321.0,641.0,-44.0,,417.0
-64.0,-175.0,,-181.0,-257.0,-142.0,652.0,-223.0,,440.0
-114.0,-126.0,,-41.0,-184.0,171.0,673.0,-757.0,,455.0
-156.0,-189.0,,214.0,-168.0,505.0,684.0,-897.0,,469.0
-221.0,-332.0,,152.0,-147.0,943.0,667.0,-1069.0,,476.0
-213.0,-455.0,,198.0,-95.0,1117.0,649.0,-816.0,,472.0
-244.0,-498.0,,220.0,-105.0,919.0,641.0,-589.0,,468.0
-245.0,-493.0,,64.0,-84.0,782.0,636.0,-441.0,,466.0
-196.0,-445.0,,14.0,-79.0,600.0,644.0,-197.0,,458.0
-267.0,-360.0,,-90.0,-139.0,560.0,642.0,-423.0,,463.0
-291.0,-268.0,,-292.0,-135.0,333.0,630.0,-399.0,,460.0
-293.0,-197.0,,-199.0,-163.0,-91.0,595.0,-580.0,,449.0
-273.0,-175.0,,-37.0,-229.0,-242.0,550.0,-585.0,,430.0
-332.0,-182.0,,-172.0,-201.0,-139.0,546.0,-469.0,,373.0
-347.0,-199.0,,-213.0,-185.0,-53.0,551.0,-515.0,,300.0
-367.0,-212.0,,-156.0,-158.0,49.0,559.0,-297.0,,212.0
-429.0,-172.0,,-255.0,-80.0,354.0,569.0,-445.0,,108.0
-449.0,-33.0,,-214.0,-64.0,578.0,553.0,-399.0,,21.0
-511.0,110.0,,-131.0,-9.0,757.0,545.0,-445.0,,-41.0
-556.0,205.0,,-134.0,95.0,859.0,531.0,-445.0,,-71.0
-600.0,288.0,,-86.0,146.0,909.0,518.0,-343.0,,-71.0
-535.0,338.0,,-129.0,238.0,970.0,501.0,-607.0,,-47.0
-592.0,272.0,,-134.0,296.0,990.0,465.0,-600.0,,-18.0
-672.0,107.0,,-98.0,270.0,904.0,448.0,-827.0,,7.0
-648.0,38.0,,-176.0,288.0,619.0,414.0,-763.0,,17.0
-663.0,142.0,,-234.0,265.0,352.0,381.0,-652.0,,4.0
-678.0,430.0,,-263.0,224.0,303.0,361.0,-702.0,,-21.0
-710.0,753.0,,-285.0,245.0,493.0,356.0,-550.0,,-52.0
-689.0,959.0,,-262.0,215.0,665.0,374.0,-790.0,,-100.0
-740.0,1033.0,,-252.0,194.0,770.0,408.0,-661.0,,-164.0
-731.0,965.0,,-226.0,177.0,778.0,440.0,-545.0,,-229.0
-708.0,845.0,,-248.0,82.0,656.0,450.0,-315.0,,-309.0
-747.0,711.0,,-212.0,42.0,342.0,462.0,-3.0,,-411.0
-717.0,609.0,,-66.0,25.0,-141.0,458.0,-110.0,,-521.0
-639.0,597.0,,-67.0,-14.0,-338.0,450.0,-42.0,,-636.0
-598.0,671.0,,89.0,46.0,-246.0,451.0,-254.0,,-753.0
-626.0,821.0,,224.0,123.0,-152.0,458.0,-223.0,,-842.0
-581.0,1039.0,,44.0,203.0,-108.0,489.0,-155.0,,-890.0
-550.0,1254.0,,50.0,335.0,-12.0,511.0,-112.0,,-877.0
-545.0,1399.0,,58.0,363.0,158.0,540.0,86.0,,-802.0
-552.0,1445.0,,29.0,371.0,258.0,571.0,-114.0,,-681.0
-519.0,1319.0,,147.0,392.0,226.0,567.0,-81.0,,-525.0
-514.0,1032.0,,133.0,327.0,162.0,528.0,-332.0,,-367.0
-489.0,654.0,,105.0,320.0,102.0,475.0,-480.0,,-214.0
-424.0,302.0,,36.0,298.0,-101.0,430.0,-351.0,,-92.0
-458.0,-5.0,,-62.0,186.0,-402.0,406.0,-299.0,,-10.0
-461.0,-289.0,,-15.0,113.0,-663.0,411.0,77.0,,54.0
-406.0,-556.0,,-121.0,7.0,-713.0,424.0,27.0,,86.0
-289.0,-686.0,,-317.0,-85.0,-663.0,453.0,-123.0,,98.0
-299.0,-611.0,,-270.0,-78.0,-701.0,465.0,-506.0,,96.0
-308.0,-495.0,,-106.0,-75.0,-587.0,463.0,-862.0,,82.0
-264.0,-329.0,,-164.0,-14.0,-549.0,460.0,-883.0,,48.0
-219.0,-177.0,,-161.0,79.0,-599.0,417.0,-1101.0,,-9.0
-106.0,-36.0,,88.0,90.0,-406.0,406.0,-1032.0,,-63.0
-63.0,102.0,,183.0,138.0,-166.0,391.0,-1197.0,,-136.0
-18.0,162.0,,216.0,146.0,49.0,364.0,-1164.0,,-195.0
7.0,180.0,,303.0,59.0,167.0,361.0,-1055.0,,-222.0
110.0,151.0,,429.0,24.0,347.0,325.0,-1173.0,,-230.0
119.0,139.0,,462.0,-40.0,467.0,324.0,-971.0,,-190.0
84.0,110.0,,419.0,-85.0,205.0,336.0,-1036.0,,-121.0
195.0,98.0,,475.0,-62.0,-78.0,317.0,-757.0,,-19.0
226.0,119.0,,573.0,-99.0,-201.0,309.0,-513.0,,111.0
205.0,96.0,,511.0,-75.0,-208.0,275.0,-339.0,,249.0
160.0,26.0,,368.0,-27.0,-386.0,245.0,-155.0,,371.0
189.0,-76.0,,467.0,-50.0,-514.0,224.0,-432.0,,459.0
171.0,-57.0,,449.0,-27.0,-434.0,205.0,-439.0,,520.0
127.0,53.0,,335.0,-62.0,-472.0,205.0,-650.0,,544.0
149.0,165.0,,364.0,-139.0,-494.0,217.0,-606.0,,524.0
90.0,266.0,,225.0,-137.0,-358.0,236.0,-502.0,,468.0
82.0,292.0,,9.0,-171.0,-21.0,241.0,-543.0,,403.0
83.0,209.0,,50.0,-163.0,-17.0,235.0,-321.0,,343.0
39.0,4.0,,193.0,-96.0,-167.0,222.0,-495.0,,284.0
-24.0,-216.0,,153.0,-107.0,-41.0,201.0,-397.0,,250.0
0.0,-434.0,,123.0,-73.0,-85.0,184.0,-397.0,,248.0
87.0,-613.0,,90.0,-56.0,-438.0,168.0,-297.0,,268.0
62.0,-588.0,,-45.0,-111.0,-884.0,167.0,-48.0,,289.0
48.0,-369.0,,-59.0,-113.0,-872.0,167.0,-55.0,,297.0
55.0,-58.0,,46.0,-183.0,-797.0,168.0,192.0,,290.0
130.0,206.0,,219.0,-256.0,-917.0,176.0,44.0,,250.0
142.0,409.0,,231.0,-268.0,-831.0,180.0,84.0,,194.0
123.0,544.0,,129.0,-360.0,-674.0,179.0,35.0,,127.0
160.0,561.0,,226.0,-374.0,-477.0,173.0,-103.0,,37.0
122.0,544.0,,333.0,-325.0,-488.0,168.0,38.0,,-45.0
187.0,515.0,,331.0,-341.0,-374.0,158.0,-186.0,,-106.0
183.0,458.0,,261.0,-308.0,-64.0,137.0,-173.0,,-139.0
145.0,320.0,,358.0,-310.0,214.0,112.0,-314.0,,-140.0
162.0,112.0,,346.0,-325.0,569.0,99.0,-321.0,,-123.0
159.0,-95.0,,106.0,-249.0,719.0,96.0,-338.0,,-90.0
135.0,-257.0,,262.0,-217.0,818.0,94.0,-676.0,,-49.0
63.0,-352.0,,456.0,-148.0,779.0,92.0,-761.0,,-13.0
118.0,-423.0,,441.0,-13.0,632.0,95.0,-1003.0,,27.0
55.0,-459.0,,454.0,46.0,552.0,85.0,-770.0,,82.0
3.0,-444.0,,437.0,152.0,534.0,67.0,-513.0,,133.0
41.0,-365.0,,440.0,235.0,648.0,45.0,-286.0,,159.0
3.0,-326.0,,403.0,229.0,708.0,33.0,12.0,,166.0
4.0,-327.0,,373.0,286.0,824.0,38.0,-203.0,,144.0
31.0,-341.0,,431.0,268.0,873.0,41.0,-225.0,,86.0
108.0,-447.0,,542.0,200.0,816.0,58.0,-448.0,,-14.0
36.0,-586.0,,632.0,207.0,882.0,57.0,-467.0,,-143.0
19.0,-711.0,,574.0,160.0,1032.0,52.0,-489.0,,-278.0
116.0,-763.0,,504.0,159.0,1135.0,63.0,-668.0,,-407.0
143.0,-759.0,,473.0,202.0,1081.0,85.0,-408.0,,-514.0
138.0,-715.0,,387.0,176.0,1101.0,102.0,-380.0,,-608.0
145.0,-574.0,,386.0,220.0,1336.0,93.0,-86.0,,-644.0
179.0,-319.0,,381.0,246.0,1507.0,73.0,-31.0,,-639.0
111.0,-33.0,,282.0,236.0,1233.0,41.0,-121.0,,-598.0
151.0,195.0,,148.0,309.0,673.0,28.0,-112.0,,-507.0
189.0,340.0,,51.0,302.0,363.0,10.0,-393.0,,-409.0
171.0,342.0,,-7.0,283.0,163.0,-1.0,-378.0,,-314.0
198.0,256.0,,-161.0,301.0,-136.0,0.0,-600.0,,-237.0
226.0,162.0,,-128.0,193.0,-454.0,-16.0,-582.0,,-175.0
225.0,130.0,,20.0,87.0,-746.0,-23.0,-548.0,,-136.0
131.0,166.0,,-65.0,-23.0,-765.0,-34.0,-620.0,,-123.0
166.0,192.0,,-68.0,-147.0,-666.0,-38.0,-504.0,,-139.0
232.0,199.0,,14.0,-156.0,-648.0,-39.0,-788.0,,-183.0
244.0,110.0,,-44.0,-228.0,-559.0,-49.0,-740.0,,-240.0
231.0,-65.0,,-20.0,-302.0,-271.0,-52.0,-678.0,,-319.0
186.0,-231.0,,99.0,-250.0,81.0,-55.0,-330.0,,-407.0
190.0,-332.0,,132.0,-220.0,194.0,-65.0,149.0,,-499.0
193.0,-316.0,,114.0,-156.0,171.0,-82.0,153.0,,-593.0
149.0,-213.0,,84.0,-82.0,200.0,-101.0,173.0,,-672.0
70.0,-105.0,,14.0,-50.0,268.0,-138.0,-101.0,,-719.0
80.0,2.0,,12.0,62.0,72.0,-174.0,-11.0,,-740.0
101.0,160.0,,-11.0,122.0,-346.0,-194.0,81.0,,-730.0
10.0,278.0,,-123.0,108.0,-640.0,-207.0,127.0,,-700.0
0.0,267.0,,-115.0,134.0,-810.0,-225.0,376.0,,-677.0
89.0,139.0,,-121.0,70.0,-795.0,-246.0,242.0,,-656.0
94.0,-27.0,,-186.0,-23.0,-807.0,-270.0,271.0,,-650.0
32.0,-164.0,,-191.0,-115.0,-908.0,-294.0,14.0,,-669.0
9.0,-289.0,,-176.0,-245.0,-1000.0,-313.0,-83.0,,-704.0
63.0,-324.0,,-102.0,-278.0,-813.0,-348.0,-24.0,,-754.0
21.0,-299.0,,-137.0,-317.0,-179.0,-366.0,-162.0,,-811.0
-43.0,-284.0,,-81.0,-355.0,316.0,-364.0,-51.0,,-860.0
-21.0,-225.0,,23.0,-245.0,500.0,-358.0,-160.0,,-901.0
-65.0,-107.0,,-42.0,-120.0,617.0,-358.0,1.0,,-911.0
-72.0,59.0,,17.0,33.0,969.0,-378.0,-49.0,,-904.0
-70.0,180.0,,-51.0,211.0,1062.0,-368.0,-230.0,,-903.0
-112.0,261.0,,2.0,284.0,704.0,-366.0,-327.0,,-886.0
-187.0,322.0,,104.0,376.0,662.0,-366.0,-635.0,,-846.0
-185.0,334.0,,128.0,420.0,895.0,-355.0,-552.0,,-778.0
-146.0,312.0,,245.0,364.0,955.0,-346.0,-681.0,,-679.0
-176.0,222.0,,65.0,361.0,612.0,-335.0,-593.0,,-556.0
-159.0,37.0,,44.0,289.0,406.0,-344.0,-509.0,,-408.0
-115.0,-215.0,,142.0,193.0,513.0,-344.0,-565.0,,-242.0
-47.0,-447.0,,51.0,170.0,509.0,-363.0,-351.0,,-85.0
-68.0,-638.0,,74.0,117.0,421.0,-373.0,-412.0,,52.0
-90.0,-725.0,,200.0,119.0,483.0,-366.0,-262.0,,175.0
-102.0,-700.0,,273.0,83.0,617.0,-373.0,-336.0,,263.0
-110.0,-635.0,,259.0,-47.0,425.0,-358.0,-341.0,,309.0
-65.0,-529.0,,114.0,-83.0,402.0,-358.0,-179.0,,320.0
-126.0,-417.0,,107.0,-127.0,823.0,-344.0,-88.0,,280.0
-133.0,-297.0,,229.0,-170.0,1166.0,-328.0,203.0,,198.0
-100.0,-167.0,,312.0,-136.0,1184.0,-313.0,-1.0,,88.0
-106.0,-69.0,,476.0,-192.0,1237.0,-281.0,-96.0,,-38.0
-148.0,27.0,,418.0,-221.0,1594.0,-276.0,-266.0,,-158.0
-141.0,132.0,,378.0,-191.0,1727.0,-286.0,-375.0,,-263.0
-26.0,147.0,,502.0,-221.0,1565.0,-302.0,-160.0,,-323.0
-52.0,141.0,,575.0,-171.0,1655.0,-303.0,-166.0,,-339.0
-80.0,124.0,,536.0,-137.0,1906.0,-307.0,182.0,,-339.0
1.0,119.0,,489.0,-143.0,1865.0,-321.0,338.0,,-303.0
33.0,95.0,,532.0,-60.0,1577.0,-324.0,428.0,,-261.0
-4.0,-29.0,,530.0,-70.0,1323.0,-341.0,260.0,,-232.0
20.0,-112.0,,615.0,-89.0,1168.0,-362.0,-121.0,,-207.0
121.0,-182.0,,561.0,-30.0,980.0,-362.0,-59.0,,-198.0
112.0,-184.0,,404.0,-15.0,893.0,-330.0,-134.0,,-186.0
98.0,-151.0,,348.0,82.0,862.0,-324.0,153.0,,-168.0
137.0,-94.0,,383.0,168.0,819.0,-354.0,249.0,,-131.0
194.0,-41.0,,418.0,170.0,747.0,-390.0,210.0,,-70.0
240.0,-75.0,,257.0,234.0,578.0,-422.0,253.0,,11.0
245.0,-92.0,,212.0,211.0,451.0,-441.0,-5.0,,110.0
274.0,-125.0,,285.0,123.0,335.0,-474.0,66.0,,193.0
323.0,-63.0,,342.0,72.0,374.0,-499.0,-101.0,,284.0
373.0,-8.0,,336.0,-45.0,450.0,-541.0,-88.0,,359.0
363.0,-12.0,,287.0,-73.0,505.0,-585.0,-195.0,,399.0
353.0,31.0,,353.0,-39.0,413.0,-594.0,-426.0,,427.0
410.0,106.0,,328.0,-86.0,298.0,-592.0,-301.0,,428.0
453.0,127.0,,245.0,-46.0,571.0,-592.0,-563.0,,389.0
383.0,18.0,,242.0,-20.0,770.0,-594.0,-545.0,,323.0
326.0,-26.0,,329.0,-37.0,630.0,-617.0,-637.0,,242.0
364.0,-78.0,,411.0,39.0,458.0,-653.0,-613.0,,141.0
371.0,-66.0,,348.0,48.0,486.0,-676.0,-424.0,,48.0
316.0,72.0,,349.0,48.0,275.0,-698.0,-448.0,,-37.0
315.0,170.0,,411.0,85.0,-171.0,-694.0,-145.0,,-111.0
377.0,319.0,,330.0,10.0,-387.0,-688.0,-147.0,,-153.0
387.0,461.0,,302.0,-22.0,-390.0,-701.0,36.0,,-168.0
424.0,521.0,,408.0,-44.0,-364.0,-709.0,46.0,,-148.0
442.0,520.0,,384.0,-121.0,-465.0,-723.0,-46.0,,-91.0
433.0,500.0,,297.0,-104.0,-537.0,-737.0,155.0,,8.0
470.0,382.0,,215.0,-121.0,-678.0,-765.0,70.0,,139.0
495.0,119.0,,143.0,-130.0,-628.0,-776.0,234.0,,280.0
481.0,-74.0,,158.0,-58.0,-383.0,-766.0,66.0,,421.0
475.0,-162.0,,85.0,-75.0,-310.0,-760.0,-60.0,,531.0
529.0,-170.0,,31.0,-45.0,-318.0,-750.0,-114.0,,589.0
534.0,-112.0,,18.0,23.0,-451.0,-776.0,-245.0,,598.0
518.0,-70.0,,-110.0,3.0,-402.0,-796.0,-16.0,,557.0
565.0,-33.0,,-150.0,28.0,-248.0,-796.0,-75.0,,484.0
622.0,34.0,,-186.0,9.0,-139.0,-791.0,96.0,,393.0
680.0,219.0,,-239.0,-56.0,-3.0,-797.0,90.0,,291.0
685.0,465.0,,-148.0,-42.0,72.0,-821.0,79.0,,200.0
689.0,630.0,,79.0,-94.0,95.0,-846.0,210.0,,127.0
696.0,729.0,,186.0,-134.0,-95.0,-878.0,49.0,,99.0
672.0,711.0,,115.0,-128.0,-361.0,-873.0,227.0,,118.0
702.0,592.0,,197.0,-184.0,-754.0,-881.0,127.0,,167.0
650.0,435.0,,246.0,-146.0,-1094.0,-886.0,219.0,,246.0
657.0,294.0,,204.0,-80.0,-1240.0,-877.0,410.0,,323.0
675.0,192.0,,194.0,-55.0,-1350.0,-890.0,533.0,,375.0
633.0,109.0,,205.0,35.0,-1384.0,-901.0,857.0,,392.0
635.0,106.0,,215.0,70.0,-1494.0,-938.0,700.0,,365.0
647.0,220.0,,202.0,94.0,-1446.0,-957.0,729.0,,313.0
720.0,442.0,,231.0,155.0,-1422.0,-963.0,654.0,,240.0
621.0,605.0,,451.0,120.0,-1452.0,-948.0,727.0,,153.0
604.0,669.0,,485.0,104.0,-1250.0,-916.0,938.0,,74.0
648.0,634.0,,258.0,85.0,-1071.0,-872.0,861.0,,-4.0
599.0,546.0,,346.0,-4.0,-1022.0,-828.0,1053.0,,-72.0
551.0,558.0,,345.0,2.0,-1039.0,-818.0,885.0,,-97.0
548.0,566.0,,249.0,7.0,-815.0,-802.0,896.0,,-98.0
618.0,509.0,,303.0,11.0,-537.0,-793.0,892.0,,-53.0
572.0,337.0,,179.0,106.0,-490.0,-783.0,811.0,,34.0
606.0,94.0,,55.0,136.0,-728.0,-771.0,896.0,,166.0
614.0,-159.0,,64.0,176.0,-1091.0,-729.0,628.0,,339.0
627.0,-479.0,,11.0,227.0,-1226.0,-693.0,670.0,,503.0
644.0,-794.0,,-13.0,172.0,-1272.0,-700.0,554.0,,662.0
632.0,-1065.0,,-89.0,159.0,-1258.0,-682.0,559.0,,807.0
624.0,-1200.0,,-180.0,132.0,-1236.0,-687.0,480.0,,909.0
582.0,-1110.0,,-183.0,51.0,-1137.0,-651.0,134.0,,974.0
620.0,-834.0,,-159.0,53.0,-937.0,-578.0,175.0,,1001.0
533.0,-566.0,,-62.0,10.0,-747.0,-539.0,68.0,,1002.0
478.0,-468.0,,-179.0,-49.0,-565.0,-501.0,280.0,,992.0
450.0,-413.0,,-219.0,-57.0,-509.0,-495.0,303.0,,981.0
456.0,-317.0,,-17.0,-147.0,-440.0,-489.0,282.0,,983.0
436.0,-192.0,,120.0,-192.0,-361.0,-473.0,325.0,,1006.0
403.0,-64.0,,199.0,-208.0,-386.0,-431.0,40.0,,1038.0
407.0,-22.0,,145.0,-267.0,-436.0,-402.0,166.0,,1071.0
316.0,-78.0,,47.0,-235.0,-505.0,-384.0,192.0,,1092.0
359.0,-191.0,,86.0,-241.0,-517.0,-369.0,478.0,,1098.0
348.0,-192.0,,128.0,-284.0,-348.0,-366.0,687.0,,1082.0
305.0,-40.0,,69.0,-251.0,-204.0,-339.0,631.0,,1047.0
274.0,139.0,,204.0,-282.0,-173.0,-333.0,659.0,,1010.0
346.0,185.0,,276.0,-300.0,-47.0,-316.0,400.0,,967.0
413.0,94.0,,165.0,-261.0,159.0,-287.0,532.0,,927.0
352.0,104.0,,291.0,-291.0,195.0,-252.0,546.0,,871.0
395.0,148.0,,408.0,-281.0,-39.0,-215.0,657.0,,795.0
418.0,150.0,,370.0,-277.0,-216.0,-201.0,788.0,,703.0
474.0,47.0,,210.0,-301.0,-192.0,-178.0,622.0,,560.0
475.0,-210.0,,162.0,-232.0,-126.0,-158.0,768.0,,379.0
557.0,-493.0,,176.0,-184.0,-64.0,-124.0,685.0,,167.0
576.0,-698.0,,30.0,-145.0,-8.0,-97.0,838.0,,-62.0
536.0,-711.0,,46.0,-54.0,103.0,-85.0,824.0,,-268.0
605.0,-580.0,,2.0,-24.0,277.0,-76.0,635.0,,-431.0
599.0,-314.0,,-163.0,19.0,456.0,-74.0,665.0,,-532.0
645.0,-41.0,,-281.0,82.0,597.0,-67.0,524.0,,-570.0
633.0,212.0,,-337.0,79.0,463.0,-57.0,777.0,,-557.0
682.0,468.0,,-403.0,126.0,227.0,-40.0,812.0,,-497.0
688.0,634.0,,-413.0,146.0,39.0,-43.0,981.0,,-400.0
716.0,735.0,,-249.0,82.0,-332.0,-46.0,1104.0,,-288.0
748.0,688.0,,-249.0,74.0,-625.0,-32.0,814.0,,-162.0
679.0,633.0,,-297.0,62.0,-521.0,-29.0,761.0,,-33.0
694.0,567.0,,-252.0,60.0,-208.0,-3.0,447.0,,71.0
641.0,400.0,,-228.0,122.0,-109.0,22.0,461.0,,153.0
582.0,275.0,,-197.0,137.0,-329.0,44.0,419.0,,201.0
496.0,176.0,,-280.0,165.0,-450.0,65.0,212.0,,226.0
503.0,-22.0,,-278.0,230.0,-56.0,80.0,103.0,,249.0
458.0,-304.0,,-66.0,232.0,325.0,112.0,-214.0,,254.0
376.0,-455.0,,-83.0,244.0,226.0,134.0,-125.0,,253.0
382.0,-465.0,,-219.0,253.0,77.0,157.0,-205.0,,251.0
358.0,-402.0,,-155.0,208.0,-23.0,190.0,-83.0,,241.0
313.0,-342.0,,-63.0,207.0,-154.0,215.0,144.0,,240.0
222.0,-333.0,,-137.0,169.0,-181.0,230.0,242.0,,272.0
248.0,-340.0,,-177.0,87.0,-183.0,266.0,500.0,,340.0
184.0,-354.0,,-159.0,72.0,-222.0,300.0,358.0,,450.0
152.0,-275.0,,-252.0,49.0,-317.0,324.0,515.0,,590.0
175.0,-101.0,,-248.0,51.0,-563.0,348.0,583.0,,751.0
154.0,115.0,,-389.0,95.0,-683.0,352.0,691.0,,922.0
155.0,249.0,,-454.0,75.0,-742.0,383.0,801.0,,1065.0
148.0,282.0,,-366.0,54.0,-839.0,428.0,502.0,,1182.0
243.0,253.0,,-461.0,34.0,-821.0,464.0,489.0,,1263.0
176.0,158.0,,-508.0,-54.0,-785.0,500.0,282.0,,1304.0
141.0,48.0,,-560.0,-111.0,-728.0,516.0,378.0,,1320.0
212.0,-51.0,,-539.0,-157.0,-787.0,526.0,406.0,,1294.0
226.0,-46.0,,-401.0,-220.0,-828.0,540.0,253.0,,1232.0
201.0,53.0,,-249.0,-196.0,-770.0,559.0,284.0,,1161.0
152.0,152.0,,-339.0,-171.0,-639.0,571.0,92.0,,1081.0
214.0,190.0,,-396.0,-159.0,-549.0,570.0,360.0,,1000.0
215.0,203.0,,-200.0,-103.0,-611.0,567.0,412.0,,927.0
208.0,254.0,,-184.0,-104.0,-676.0,549.0,450.0,,859.0
180.0,327.0,,-33.0,-103.0,-767.0,524.0,491.0,,809.0
156.0,330.0,,227.0,-66.0,-825.0,517.0,295.0,,756.0
174.0,243.0,,106.0,-102.0,-989.0,524.0,600.0,,712.0
130.0,80.0,,-81.0,-114.0,-1247.0,533.0,740.0,,682.0
70.0,-186.0,,48.0,-84.0,-1546.0,530.0,1005.0,,643.0
6.0,-374.0,,45.0,-56.0,-1733.0,526.0,1031.0,,633.0
33.0,-458.0,,11.0,65.0,-1731.0,525.0,894.0,,637.0
-39.0,-510.0,,325.0,158.0,-1696.0,525.0,942.0,,645.0
-107.0,-528.0,,242.0,188.0,-1511.0,546.0,748.0,,660.0
-91.0,-457.0,,-21.0,256.0,-1289.0,559.0,885.0,,675.0
-128.0,-219.0,,149.0,266.0,-1239.0,550.0,742.0,,693.0
-176.0,55.0,,93.0,270.0,-1475.0,541.0,740.0,,719.0
-200.0,270.0,,-88.0,308.0,-1527.0,529.0,829.0,,748.0
-165.0,443.0,,-6.0,279.0,-1295.0,524.0,750.0,,777.0
-243.0,604.0,,-44.0,294.0,-1293.0,518.0,997.0,,835.0
-323.0,595.0,,-177.0,348.0,-1410.0,508.0,962.0,,894.0
-332.0,471.0,,-345.0,333.0,-1517.0,492.0,1077.0,,962.0
-351.0,380.0,,-440.0,351.0,-1461.0,477.0,947.0,,1043.0
-423.0,249.0,,-306.0,335.0,-1327.0,472.0,820.0,,1115.0
-476.0,79.0,,-393.0,248.0,-1343.0,475.0,929.0,,1183.0
-476.0,-181.0,,-429.0,207.0,-1429.0,490.0,783.0,,1236.0
-545.0,-439.0,,-239.0,96.0,-1487.0,490.0,890.0,,1264.0
-602.0,-576.0,,-271.0,-20.0,-1446.0,481.0,715.0,,1256.0
-612.0,-569.0,,-181.0,-46.0,-1636.0,484.0,707.0,,1206.0
-601.0,-553.0,,-58.0,-92.0,-1993.0,462.0,626.0,,1109.0
-595.0,-577.0,,-58.0,-92.0,-2080.0,455.0,317.0,,992.0
-605.0,-521.0,,-93.0,-54.0,-1885.0,458.0,251.0,,861.0
-638.0,-432.0,,-125.0,-58.0,-1719.0,458.0,27.0,,736.0
-613.0,-288.0,,-101.0,-9.0,-1821.0,465.0,190.0,,626.0
-574.0,-121.0,,-31.0,37.0,-1924.0,447.0,162.0,,515.0
-635.0,61.0,,36.0,46.0,-1783.0,433.0,225.0,,446.0
-683.0,161.0,,-13.0,96.0,-1500.0,395.0,406.0,,399.0
-653.0,162.0,,-55.0,78.0,-1483.0,372.0,321.0,,373.0
-605.0,214.0,,-121.0,24.0,-1659.0,383.0,539.0,,372.0
-626.0,289.0,,-118.0,10.0,-1834.0,375.0,495.0,,371.0
-587.0,361.0,,-219.0,-91.0,-2087.0,375.0,654.0,,387.0
-527.0,318.0,,-210.0,-180.0,-2203.0,372.0,674.0,,400.0
-543.0,252.0,,-84.0,-216.0,-2178.0,392.0,587.0,,409.0
-509.0,255.0,,-162.0,-283.0,-2083.0,412.0,768.0,,401.0
-459.0,320.0,,-79.0,-277.0,-2061.0,421.0,752.0,,369.0
-456.0,442.0,,-58.0,-281.0,-1779.0,430.0,957.0,,329.0
-449.0,501.0,,-52.0,-343.0,-1037.0,435.0,739.0,,262.0
-348.0,539.0,,51.0,-336.0,-505.0,443.0,618.0,,202.0
-260.0,524.0,,21.0,-342.0,-460.0,428.0,663.0,,151.0
-265.0,412.0,,-82.0,-322.0,-492.0,410.0,713.0,,97.0
-230.0,216.0,,48.0,-212.0,-363.0,369.0,1191.0,,59.0
-160.0,-34.0,,280.0,-161.0,-560.0,335.0,1182.0,,29.0
-120.0,-251.0,,315.0,-129.0,-1011.0,335.0,1165.0,,34.0
-126.0,-449.0,,324.0,-104.0,-1332.0,330.0,931.0,,42.0
-135.0,-575.0,,238.0,-143.0,-1462.0,316.0,691.0,,54.0
-118.0,-611.0,,146.0,-110.0,-1476.0,300.0,805.0,,80.0
-127.0,-626.0,,27.0,-55.0,-1738.0,296.0,912.0,,97.0
-41.0,-596.0,,-27.0,-25.0,-1946.0,313.0,1359.0,,108.0
-6.0,-457.0,,-69.0,82.0,-1790.0,311.0,1431.0,,104.0
-30.0,-270.0,,-267.0,148.0,-1429.0,307.0,1487.0,,104.0
18.0,-173.0,,-419.0,172.0,-1309.0,318.0,1365.0,,93.0
8.0,-130.0,,-548.0,236.0,-1565.0,309.0,1084.0,,85.0
43.0,-111.0,,-610.0,235.0,-1677.0,311.0,1005.0,,75.0
27.0,-139.0,,-653.0,239.0,-1556.0,310.0,567.0,,70.0
27.0,-173.0,,-623.0,232.0,-1366.0,288.0,465.0,,79.0
19.0,-164.0,,-655.0,129.0,-1185.0,255.0,297.0,,92.0
-8.0,-89.0,,-688.0,97.0,-1132.0,229.0,334.0,,136.0
-8.0,-25.0,,-643.0,111.0,-1191.0,212.0,506.0,,197.0
-133.0,37.0,,-652.0,109.0,-1128.0,188.0,373.0,,283.0
-159.0,144.0,,-474.0,186.0,-1135.0,184.0,522.0,,373.0
-211.0,265.0,,-467.0,245.0,-1465.0,195.0,421.0,,440.0
-284.0,361.0,,-535.0,283.0,-1681.0,214.0,589.0,,477.0
-356.0,394.0,,-392.0,354.0,-1359.0,209.0,626.0,,457.0
-408.0,373.0,,-373.0,337.0,-860.0,210.0,650.0,,372.0
-389.0,310.0,,-452.0,312.0,-864.0,211.0,936.0,,229.0
-480.0,201.0,,-374.0,312.0,-1078.0,196.0,844.0,,57.0
-512.0,92.0,,-314.0,247.0,-926.0,216.0,977.0,,-126.0
-547.0,74.0,,-412.0,243.0,-521.0,218.0,727.0,,-284.0
-541.0,122.0,,-385.0,250.0,-315.0,203.0,545.0,,-404.0
-552.0,131.0,,-431.0,207.0,-536.0,186.0,428.0,,-470.0
-631.0,93.0,,-482.0,214.0,-752.0,152.0,164.0,,-479.0
-653.0,61.0,,-477.0,165.0,-636.0,139.0,315.0,,-457.0
-695.0,34.0,,-591.0,70.0,-484.0,159.0,314.0,,-410.0
-679.0,-30.0,,-591.0,2.0,-382.0,173.0,583.0,,-365.0
-728.0,-135.0,,-563.0,-134.0,-185.0,178.0,578.0,,-336.0
-786.0,-198.0,,-653.0,-218.0,0.0,165.0,519.0,,-315.0
-771.0,-188.0,,-675.0,-206.0,223.0,130.0,630.0,,-299.0
-775.0,-172.0,,-593.0,-219.0,445.0,99.0,471.0,,-281.0
-754.0,-174.0,,-539.0,-176.0,543.0,65.0,618.0,,-238.0
-794.0,-149.0,,-442.0,-133.0,492.0,67.0,450.0,,-182.0
-759.0,-86.0,,-324.0,-155.0,447.0,82.0,436.0,,-110.0
-729.0,-139.0,,-252.0,-143.0,561.0,97.0,519.0,,-2.0
-741.0,-322.0,,-238.0,-166.0,502.0,101.0,548.0,,113.0
-693.0,-390.0,,-125.0,-195.0,123.0,73.0,726.0,,238.0
-705.0,-356.0,,135.0,-163.0,-184.0,75.0,439.0,,355.0
-663.0,-399.0,,245.0,-179.0,-49.0,96.0,376.0,,451.0
-609.0,-476.0,,210.0,-178.0,79.0,138.0,218.0,,526.0
-547.0,-474.0,,102.0,-147.0,-170.0,165.0,253.0,,551.0
-548.0,-397.0,,-101.0,-192.0,-435.0,143.0,489.0,,544.0
-519.0,-347.0,,-159.0,-193.0,-505.0,100.0,397.0,,508.0
-444.0,-358.0,,-28.0,-185.0,-464.0,52.0,467.0,,438.0
-454.0,-321.0,,-47.0,-213.0,-582.0,23.0,238.0,,341.0
-395.0,-255.0,,-166.0,-150.0,-561.0,-4.0,234.0,,224.0
-366.0,-233.0,,-356.0,-109.0,-223.0,-28.0,308.0,,97.0
-306.0,-227.0,,-409.0,-77.0,-30.0,-47.0,500.0,,-29.0
-287.0,-232.0,,-284.0,26.0,-25.0,-54.0,918.0,,-133.0
-274.0,-222.0,,-228.0,73.0,-91.0,-77.0,873.0,,-208.0
-269.0,-210.0,,-212.0,93.0,-100.0,-121.0,820.0,,-273.0
-321.0,-210.0,,-178.0,101.0,12.0,-156.0,286.0,,-341.0
-303.0,-217.0,,7.0,39.0,219.0,-174.0,-103.0,,-401.0
-315.0,-246.0,,-114.0,15.0,350.0,-166.0,-197.0,,-490.0
-295.0,-241.0,,-28.0,22.0,196.0,-159.0,-249.0,,-593.0
-313.0,-237.0,,110.0,-15.0,126.0,-141.0,46.0,,-677.0
-287.0,-229.0,,-65.0,5.0,196.0,-139.0,-33.0,,-770.0
-263.0,-155.0,,62.0,17.0,90.0,-148.0,11.0,,-862.0
-265.0,-118.0,,-5.0,12.0,-206.0,-156.0,-133.0,,-943.0
-188.0,-75.0,,-15.0,69.0,-473.0,-181.0,-362.0,,-1020.0
-180.0,68.0,,22.0,74.0,-412.0,-184.0,-498.0,,-1077.0
-137.0,217.0,,-59.0,83.0,-302.0,-202.0,-779.0,,-1110.0
-74.0,351.0,,-63.0,99.0,-450.0,-243.0,-620.0,,-1121.0
11.0,476.0,,-166.0,41.0,-651.0,-276.0,-637.0,,-1112.0
20.0,517.0,,-232.0,26.0,-653.0,-306.0,-478.0,,-1077.0
50.0,395.0,,-151.0,50.0,-594.0,-320.0,-380.0,,-1019.0
146.0,226.0,,-162.0,61.0,-536.0,-324.0,-445.0,,-943.0
129.0,160.0,,-387.0,139.0,-379.0,-319.0,-310.0,,-858.0
133.0,166.0,,-392.0,178.0,-181.0,-303.0,-539.0,,-771.0
122.0,197.0,,-269.0,168.0,29.0,-288.0,-550.0,,-698.0
142.0,194.0,,-18.0,171.0,191.0,-282.0,-637.0,,-642.0
112.0,236.0,,54.0,95.0,392.0,-269.0,-570.0,,-608.0
84.0,371.0,,-138.0,53.0,582.0,-249.0,-458.0,,-587.0
58.0,474.0,,-112.0,84.0,692.0,-227.0,-631.0,,-584.0
0.0,511.0,,-39.0,81.0,812.0,-209.0,-484.0,,-598.0
-14.0,473.0,,159.0,132.0,1072.0,-210.0,-569.0,,-601.0
-85.0,357.0,,306.0,180.0,1295.0,-200.0,-467.0,,-613.0
-115.0,226.0,,269.0,158.0,1314.0,-188.0,-452.0,,-628.0
-242.0,95.0,,107.0,147.0,1179.0,-180.0,-545.0,,-660.0
-311.0,-54.0,,-7.0,62.0,836.0,-162.0,-410.0,,-708.0
-349.0,-168.0,,193.0,-11.0,465.0,-163.0,-539.0,,-785.0
-452.0,-294.0,,435.0,-20.0,0.0,-177.0,-432.0,,-894.0
-515.0,-419.0,,543.0,-98.0,-274.0,-187.0,-535.0,,-1010.0
-606.0,-479.0,,307.0,-121.0,-386.0,-199.0,-532.0,,-1140.0
-649.0,-498.0,,-21.0,-107.0,-469.0,-191.0,-424.0,,-1234.0
-771.0,-469.0,,-124.0,-132.0,-272.0,-164.0,-463.0,,-1304.0
-790.0,-487.0,,-32.0,-82.0,9.0,-137.0,-304.0,,-1337.0
-837.0,-442.0,,193.0,-67.0,516.0,-110.0,-533.0,,-1305.0
-960.0,-269.0,,74.0,-77.0,1032.0,-105.0,-600.0,,-1239.0
-970.0,-51.0,,-207.0,-22.0,1405.0,-96.0,-879.0,,-1137.0
-1016.0,155.0,,-224.0,-13.0,1495.0,-64.0,-1123.0,,-1034.0
-1054.0,295.0,,-203.0,15.0,1309.0,-63.0,-988.0,,-931.0
-1114.0,410.0,,-342.0,61.0,1409.0,-54.0,-1031.0,,-838.0
-1136.0,380.0,,-373.0,18.0,1709.0,-57.0,-859.0,,-752.0
-1155.0,213.0,,-275.0,21.0,1823.0,-90.0,-1079.0,,-652.0
-1134.0,56.0,,-272.0,9.0,1623.0,-103.0,-1156.0,,-553.0
-1168.0,34.0,,-212.0,-48.0,1307.0,-123.0,-1147.0,,-461.0
-1279.0,9.0,,-89.0,-21.0,1033.0,-143.0,-1274.0,,-359.0
-1277.0,-151.0,,-3.0,-34.0,851.0,-166.0,-1261.0,,-255.0
-1263.0,-278.0,,-24.0,-54.0,704.0,-184.0,-1544.0,,-157.0
-1234.0,-314.0,,-41.0,-29.0,610.0,-210.0,-1361.0,,-70.0
-1269.0,-258.0,,-69.0,-79.0,609.0,-236.0,-1249.0,,1.0
-1234.0,-216.0,,159.0,-82.0,747.0,-237.0,-1106.0,,62.0
-1143.0,-193.0,,245.0,-68.0,901.0,-246.0,-949.0,,95.0
-1144.0,-131.0,,-53.0,-127.0,932.0,-258.0,-1090.0,,128.0
-1163.0,-107.0,,134.0,-108.0,1183.0,-300.0,-912.0,,160.0
-1118.0,-157.0,,48.0,-113.0,1624.0,-342.0,-1045.0,,199.0
-1051.0,-299.0,,-69.0,-158.0,1984.0,-368.0,-1010.0,,252.0
-1072.0,-477.0,,378.0,-139.0,1953.0,-389.0,-1125.0,,301.0
-1040.0,-573.0,,396.0,-194.0,1625.0,-409.0,-1359.0,,361.0
-1027.0,-483.0,,49.0,-226.0,1471.0,-433.0,-1247.0,,427.0
-966.0,-319.0,,196.0,-172.0,1540.0,-422.0,-1289.0,,511.0
-929.0,-198.0,,582.0,-167.0,1612.0,-419.0,-1032.0,,612.0
-918.0,-69.0,,326.0,-120.0,1502.0,-421.0,-1027.0,,718.0
-857.0,42.0,,280.0,-93.0,1549.0,-423.0,-1032.0,,823.0
-810.0,168.0,,388.0,-124.0,1896.0,-451.0,-1110.0,,910.0
-704.0,310.0,,187.0,-82.0,2051.0,-487.0,-1332.0,,969.0
-726.0,385.0,,328.0,-101.0,1891.0,-501.0,-1195.0,,991.0
-651.0,394.0,,471.0,-134.0,1928.0,-499.0,-1276.0,,969.0
-526.0,399.0,,422.0,-68.0,2198.0,-506.0,-1079.0,,919.0
-461.0,393.0,,249.0,-43.0,2167.0,-500.0,-1116.0,,849.0
-392.0,336.0,,140.0,12.0,1933.0,-476.0,-1219.0,,771.0
-327.0,258.0,,88.0,78.0,1807.0,-450.0,-1084.0,,694.0
-229.0,144.0,,78.0,55.0,1752.0,-448.0,-1123.0,,632.0
-230.0,-22.0,,114.0,90.0,1588.0,-439.0,-746.0,,616.0
-174.0,-174.0,,-20.0,98.0,1282.0,-414.0,-679.0,,620.0
-119.0,-281.0,,-79.0,36.0,1162.0,-381.0,-655.0,,659.0
-106.0,-274.0,,-152.0,12.0,1239.0,-335.0,-785.0,,730.0
-92.0,-210.0,,-110.0,-73.0,1263.0,-320.0,-1141.0,,812.0
-46.0,-172.0,,305.0,-122.0,1289.0,-319.0,-1173.0,,918.0
-19.0,-121.0,,539.0,-57.0,1377.0,-300.0,-1370.0,,1019.0
-32.0,-76.0,,470.0,-38.0,1523.0,-276.0,-1108.0,,1111.0
-16.0,-14.0,,588.0,-6.0,1844.0,-259.0,-888.0,,1206.0
-78.0,104.0,,784.0,-1.0,2274.0,-235.0,-633.0,,1305.0
-118.0,231.0,,739.0,-88.0,2604.0,-171.0,-349.0,,1395.0
-108.0,330.0,,814.0,-104.0,2716.0,-112.0,-478.0,,1478.0
-77.0,408.0,,858.0,-133.0,2705.0,-102.0,-408.0,,1551.0
-158.0,498.0,,623.0,-180.0,2853.0,-101.0,-702.0,,1596.0
-211.0,612.0,,586.0,-133.0,2911.0,-100.0,-729.0,,1616.0
-174.0,648.0,,714.0,-139.0,2621.0,-94.0,-700.0,,1608.0
-184.0,488.0,,737.0,-132.0,2153.0,-71.0,-812.0,,1559.0
-208.0,169.0,,500.0,-71.0,1861.0,-43.0,-703.0,,1463.0
-259.0,-59.0,,466.0,-72.0,1971.0,-25.0,-942.0,,1318.0
-215.0,-105.0,,581.0,-21.0,2155.0,-9.0,-933.0,,1136.0
-232.0,-145.0,,493.0,15.0,2370.0,7.0,-1121.0,,920.0
-267.0,-111.0,,432.0,-19.0,2696.0,10.0,-1343.0,,674.0
-283.0,36.0,,312.0,16.0,2993.0,43.0,-1590.0,,420.0
-276.0,222.0,,240.0,30.0,3065.0,75.0,-1977.0,,164.0
-237.0,358.0,,165.0,40.0,2998.0,85.0,-1858.0,,-87.0
-264.0,429.0,,215.0,95.0,2914.0,105.0,-1784.0,,-341.0
-254.0,458.0,,266.0,56.0,2452.0,117.0,-1313.0,,-602.0
-278.0,441.0,,198.0,22.0,2004.0,129.0,-1008.0,,-845.0
-200.0,456.0,,154.0,0.0,1821.0,144.0,-933.0,,-1045.0
-197.0,380.0,,158.0,-84.0,1650.0,128.0,-739.0,,-1206.0
-268.0,315.0,,254.0,-103.0,1641.0,110.0,-855.0,,-1325.0
-208.0,325.0,,225.0,-153.0,1798.0,123.0,-729.0,,-1399.0
-164.0,297.0,,208.0,-250.0,2216.0,119.0,-929.0,,-1438.0
-98.0,231.0,,214.0,-267.0,2570.0,120.0,-1073.0,,-1450.0
-108.0,196.0,,110.0,-325.0,2681.0,129.0,-1263.0,,-1458.0
-23.0,208.0,,114.0,-359.0,2864.0,117.0,-1546.0,,-1461.0
84.0,94.0,,315.0,-310.0,2983.0,113.0,-1428.0,,-1453.0
151.0,55.0,,362.0,-313.0,2884.0,102.0,-1509.0,,-1440.0
238.0,65.0,,371.0,-261.0,2533.0,85.0,-1213.0,,-1415.0
255.0,42.0,,400.0,-194.0,2246.0,80.0,-1058.0,,-1366.0
318.0,71.0,,290.0,-189.0,2212.0,82.0,-912.0,,-1282.0
326.0,144.0,,166.0,-117.0,2032.0,82.0,-642.0,,-1171.0
376.0,237.0,,174.0,-68.0,1659.0,76.0,-582.0,,-1019.0
335.0,156.0,,333.0,-29.0,1356.0,68.0,-243.0,,-826.0
304.0,41.0,,442.0,74.0,1239.0,70.0,-266.0,,-619.0
372.0,-56.0,,472.0,107.0,1273.0,85.0,-151.0,,-403.0
328.0,-142.0,,385.0,148.0,1352.0,81.0,-123.0,,-198.0
316.0,-170.0,,500.0,217.0,1686.0,76.0,-169.0,,-20.0
252.0,-188.0,,525.0,198.0,2099.0,79.0,7.0,,134.0
260.0,-192.0,,351.0,198.0,2328.0,63.0,-134.0,,272.0
227.0,-250.0,,320.0,171.0,2429.0,49.0,-27.0,,402.0
223.0,-303.0,,141.0,111.0,2408.0,43.0,-254.0,,522.0
240.0,-348.0,,85.0,143.0,2412.0,59.0,-474.0,,643.0
164.0,-380.0,,59.0,139.0,2289.0,74.0,-585.0,,761.0
210.0,-372.0,,-79.0,121.0,2159.0,62.0,-820.0,,882.0
173.0,-332.0,,-16.0,155.0,1844.0,55.0,-672.0,,1017.0
159.0,-256.0,,-165.0,133.0,1559.0,42.0,-759.0,,1135.0
136.0,-159.0,,-336.0,153.0,1607.0,19.0,-574.0,,1257.0
117.0,-91.0,,-193.0,173.0,1591.0,0.0,-485.0,,1373.0
135.0,-83.0,,-166.0,88.0,1696.0,13.0,-471.0,,1463.0
125.0,-51.0,,-129.0,43.0,1895.0,22.0,-290.0,,1535.0
130.0,65.0,,14.0,-27.0,2168.0,20.0,-434.0,,1562.0
86.0,198.0,,-52.0,-124.0,2279.0,27.0,-232.0,,1558.0
69.0,198.0,,-221.0,-115.0,2394.0,36.0,-266.0,,1508.0
51.0,165.0,,-112.0,-143.0,2526.0,69.0,-308.0,,1409.0
73.0,206.0,,34.0,-172.0,2324.0,113.0,-467.0,,1288.0
38.0,218.0,,49.0,-145.0,1919.0,176.0,-851.0,,1140.0
-3.0,102.0,,-140.0,-164.0,1394.0,239.0,-903.0,,957.0
-8.0,-7.0,,-273.0,-124.0,1174.0,286.0,-1071.0,,776.0
-59.0,26.0,,-115.0,-84.0,1036.0,332.0,-753.0,,617.0
-53.0,29.0,,-192.0,-107.0,953.0,363.0,-473.0,,463.0
-70.0,-19.0,,-251.0,-61.0,903.0,374.0,-219.0,,335.0
-86.0,-24.0,,-214.0,-64.0,904.0,392.0,48.0,,234.0
-66.0,54.0,,-346.0,-107.0,1013.0,411.0,-155.0,,157.0
-64.0,55.0,,-425.0,-101.0,853.0,416.0,-114.0,,95.0
-56.0,-44.0,,-533.0,-191.0,737.0,411.0,-328.0,,51.0
-42.0,-99.0,,-773.0,-265.0,792.0,382.0,-465.0,,7.0
-9.0,-222.0,,-954.0,-257.0,889.0,381.0,-676.0,,-48.0
-6.0,-302.0,,-954.0,-273.0,867.0,411.0,-855.0,,-93.0
15.0,-273.0,,-883.0,-201.0,669.0,422.0,-556.0,,-129.0
75.0,-206.0,,-861.0,-113.0,291.0,425.0,-369.0,,-151.0
81.0,-89.0,,-790.0,-72.0,115.0,414.0,136.0,,-154.0
99.0,90.0,,-858.0,39.0,178.0,404.0,219.0,,-139.0
117.0,235.0,,-1003.0,96.0,-41.0,409.0,136.0,,-124.0
164.0,223.0,,-839.0,117.0,-346.0,414.0,66.0,,-108.0
147.0,237.0,,-608.0,137.0,-487.0,428.0,-160.0,,-84.0
150.0,228.0,,-563.0,54.0,-301.0,451.0,103.0,,-68.0
187.0,171.0,,-535.0,45.0,-72.0,479.0,120.0,,-48.0
183.0,74.0,,-469.0,87.0,-273.0,511.0,256.0,,-15.0
238.0,-49.0,,-463.0,73.0,-519.0,518.0,234.0,,33.0
180.0,-43.0,,-457.0,122.0,-388.0,526.0,177.0,,104.0
239.0,-51.0,,-435.0,130.0,-304.0,527.0,373.0,,179.0
274.0,-93.0,,-309.0,82.0,-659.0,536.0,332.0,,261.0
263.0,-176.0,,-294.0,89.0,-1225.0,562.0,631.0,,349.0
294.0,-274.0,,-456.0,56.0,-1531.0,581.0,720.0,,420.0
287.0,-380.0,,-566.0,69.0,-1516.0,597.0,942.0,,468.0
356.0,-453.0,,-566.0,177.0,-1431.0,591.0,1058.0,,492.0
336.0,-491.0,,-555.0,200.0,-1250.0,587.0,772.0,,503.0
399.0,-553.0,,-570.0,205.0,-939.0,602.0,691.0,,493.0
397.0,-516.0,,-411.0,198.0,-634.0,632.0,373.0,,487.0
473.0,-496.0,,-425.0,147.0,-423.0,643.0,452.0,,478.0
593.0,-409.0,,-473.0,176.0,-116.0,623.0,491.0,,452.0
601.0,-226.0,,-335.0,147.0,162.0,609.0,522.0,,436.0
644.0,29.0,,-268.0,76.0,212.0,618.0,779.0,,413.0
700.0,282.0,,-190.0,74.0,131.0,648.0,683.0,,394.0
851.0,379.0,,-183.0,5.0,33.0,660.0,667.0,,373.0
858.0,422.0,,-24.0,-17.0,-104.0,663.0,221.0,,360.0
866.0,311.0,,155.0,11.0,-405.0,676.0,-35.0,,359.0
923.0,181.0,,77.0,-53.0,-682.0,673.0,3.0,,352.0
998.0,95.0,,160.0,-83.0,-686.0,653.0,127.0,,365.0
1009.0,-22.0,,122.0,-140.0,-478.0,637.0,548.0,,382.0
999.0,-95.0,,44.0,-247.0,-490.0,634.0,508.0,,387.0
979.0,-135.0,,107.0,-265.0,-644.0,632.0,576.0,,384.0
959.0,-116.0,,-34.0,-293.0,-530.0,610.0,388.0,,357.0
961.0,-48.0,,-24.0,-277.0,-388.0,562.0,131.0,,316.0
879.0,11.0,,-138.0,-172.0,-556.0,518.0,79.0,,259.0
834.0,6.0,,-306.0,-112.0,-887.0,490.0,-75.0,,183.0
756.0,-38.0,,-186.0,-12.0,-1005.0,461.0,218.0,,103.0
793.0,-114.0,,-133.0,87.0,-910.0,450.0,301.0,,13.0
660.0,-156.0,,-209.0,94.0,-955.0,468.0,480.0,,-76.0
669.0,-126.0,,-248.0,111.0,-1070.0,480.0,445.0,,-149.0
612.0,-119.0,,-134.0,56.0,-1099.0,479.0,218.0,,-213.0
518.0,-186.0,,-140.0,-24.0,-1166.0,461.0,308.0,,-263.0
522.0,-248.0,,-100.0,-16.0,-1055.0,470.0,234.0,,-302.0
378.0,-243.0,,-75.0,-51.0,-805.0,495.0,513.0,,-330.0
446.0,-269.0,,-184.0,-68.0,-518.0,496.0,517.0,,-354.0
223.0,-315.0,,-107.0,-68.0,-283.0,497.0,448.0,,-377.0
333.0,-292.0,,-55.0,-140.0,-209.0,495.0,373.0,,-397.0
255.0,-193.0,,-7.0,-145.0,-309.0,488.0,144.0,,-424.0
192.0,-106.0,,-44.0,-146.0,-680.0,480.0,382.0,,-452.0
219.0,-123.0,,-174.0,-182.0,-954.0,462.0,480.0,,-484.0
149.0,-140.0,,-138.0,-131.0,-1072.0,426.0,803.0,,-520.0
307.0,-70.0,,-115.0,-108.0,-1234.0,396.0,957.0,,-555.0
94.0,26.0,,-145.0,-80.0,-1502.0,385.0,975.0,,-579.0
303.0,178.0,,-53.0,7.0,-1700.0,378.0,979.0,,-578.0
207.0,370.0,,170.0,40.0,-1592.0,370.0,513.0,,-556.0
288.0,437.0,,-85.0,98.0,-1304.0,359.0,315.0,,-498.0
262.0,315.0,,-230.0,112.0,-1143.0,315.0,12.0,,-394.0
177.0,159.0,,283.0,24.0,-1140.0,264.0,-5.0,,-235.0
270.0,90.0,,173.0,-17.0,-1021.0,246.0,125.0,,-33.0
71.0,29.0,,-182.0,-91.0,-788.0,223.0,216.0,,202.0
268.0,-18.0,,131.0,-166.0,-659.0,210.0,535.0,,450.0
51.0,-52.0,,159.0,-164.0,-860.0,213.0,424.0,,688.0
147.0,-88.0,,-44.0,-195.0,-1295.0,209.0,434.0,,934.0
64.0,-56.0,,358.0,-177.0,-1831.0,193.0,251.0,,1158.0
95.0,-53.0,,221.0,-113.0,-2163.0,194.0,182.0,,1365.0
172.0,-39.0,,-304.0,-82.0,-2151.0,220.0,354.0,,1547.0
28.0,-15.0,,232.0,21.0,-2022.0,230.0,312.0,,1653.0
176.0,-33.0,,514.0,109.0,-1784.0,208.0,461.0,,1693.0
53.0,11.0,,0.0,152.0,-1480.0,185.0,254.0,,1660.0
280.0,11.0,,292.0,234.0,-1136.0,215.0,297.0,,1567.0
213.0,13.0,,242.0,239.0,-919.0,230.0,306.0,,1450.0
320.0,58.0,,103.0,258.0,-955.0,203.0,188.0,,1322.0
365.0,62.0,,628.0,321.0,-1220.0,183.0,367.0,,1214.0
424.0,-41.0,,404.0,304.0,-1478.0,149.0,297.0,,1126.0
551.0,-153.0,,494.0,315.0,-1617.0,102.0,393.0,,1054.0
416.0,-113.0,,453.0,283.0,-1789.0,88.0,131.0,,1010.0
602.0,-68.0,,215.0,172.0,-2061.0,63.0,-73.0,,965.0
549.0,-94.0,,408.0,149.0,-2381.0,34.0,-16.0,,915.0
699.0,-210.0,,382.0,106.0,-2464.0,58.0,48.0,,855.0
667.0,-298.0,,264.0,64.0,-2285.0,57.0,419.0,,778.0
729.0,-375.0,,301.0,97.0,-2136.0,52.0,404.0,,708.0
745.0,-442.0,,263.0,67.0,-2132.0,72.0,463.0,,644.0
731.0,-487.0,,90.0,85.0,-2016.0,81.0,293.0,,608.0
814.0,-502.0,,190.0,112.0,-1797.0,73.0,36.0,,602.0
697.0,-334.0,,83.0,39.0,-1610.0,54.0,14.0,,627.0
789.0,-342.0,,149.0,41.0,-1549.0,74.0,-123.0,,666.0
691.0,-490.0,,99.0,17.0,-1504.0,65.0,149.0,,699.0
808.0,-483.0,,237.0,-46.0,-1342.0,46.0,149.0,,731.0
658.0,-370.0,,620.0,-20.0,-1344.0,43.0,203.0,,749.0
713.0,-328.0,,334.0,-59.0,-1444.0,5.0,208.0,,752.0
716.0,-353.0,,339.0,-104.0,-1502.0,-17.0,-3.0,,730.0
630.0,-250.0,,359.0,-114.0,-1473.0,-35.0,94.0,,691.0
701.0,-95.0,,134.0,-200.0,-1572.0,-41.0,-1.0,,642.0
566.0,38.0,,239.0,-203.0,-1809.0,-47.0,286.0,,585.0
674.0,24.0,,368.0,-181.0,-1886.0,-89.0,426.0,,523.0
521.0,106.0,,352.0,-197.0,-1688.0,-123.0,384.0,,452.0
673.0,376.0,,274.0,-97.0,-1282.0,-159.0,275.0,,387.0
591.0,461.0,,200.0,-39.0,-1061.0,-182.0,-120.0,,317.0
635.0,364.0,,152.0,-40.0,-1005.0,-182.0,29.0,,237.0
706.0,218.0,,137.0,-20.0,-1005.0,-186.0,125.0,,155.0
674.0,197.0,,276.0,-111.0,-897.0,-171.0,421.0,,65.0
771.0,137.0,,283.0,-170.0,-691.0,-160.0,569.0,,-37.0
658.0,46.0,,277.0,-164.0,-654.0,-138.0,434.0,,-152.0
801.0,58.0,,345.0,-189.0,-723.0,-112.0,428.0,,-259.0
651.0,131.0,,210.0,-89.0,-724.0,-123.0,42.0,,-366.0
804.0,271.0,,86.0,8.0,-664.0,-142.0,3.0,,-459.0
724.0,238.0,,157.0,35.0,-632.0,-159.0,-25.0,,-531.0
731.0,234.0,,255.0,115.0,-515.0,-168.0,116.0,,-596.0
709.0,220.0,,131.0,104.0,-493.0,-200.0,293.0,,-652.0
746.0,-18.0,,58.0,101.0,-499.0,-232.0,120.0,,-712.0
900.0,-269.0,,110.0,163.0,-391.0,-233.0,112.0,,-782.0
651.0,-396.0,,74.0,140.0,-367.0,-238.0,-171.0,,-861.0
868.0,-379.0,,-11.0,177.0,-184.0,-248.0,-182.0,,-939.0
729.0,-368.0,,51.0,205.0,63.0,-283.0,-210.0,,-1020.0
876.0,-360.0,,81.0,138.0,-12.0,-283.0,-199.0,,-1098.0
714.0,-327.0,,-31.0,141.0,-318.0,-238.0,-57.0,,-1169.0
678.0,-272.0,,122.0,133.0,-506.0,-208.0,-225.0,,-1228.0
789.0,-292.0,,190.0,116.0,-386.0,-190.0,-12.0,,-1268.0
615.0,-329.0,,24.0,137.0,-345.0,-179.0,-22.0,,-1301.0
808.0,-228.0,,96.0,69.0,-429.0,-183.0,22.0,,-1311.0
536.0,-22.0,,117.0,33.0,-450.0,-196.0,-36.0,,-1302.0
742.0,156.0,,-43.0,40.0,-497.0,-182.0,-308.0,,-1274.0
613.0,270.0,,26.0,-8.0,-419.0,-177.0,-218.0,,-1221.0
676.0,464.0,,173.0,25.0,-239.0,-158.0,-325.0,,-1134.0
680.0,515.0,,258.0,57.0,-137.0,-141.0,-134.0,,-1017.0
561.0,470.0,,275.0,49.0,-172.0,-131.0,-151.0,,-866.0
791.0,420.0,,214.0,108.0,-324.0,-93.0,-232.0,,-673.0
523.0,326.0,,237.0,102.0,-553.0,-99.0,-118.0,,-472.0
704.0,258.0,,197.0,96.0,-663.0,-100.0,-225.0,,-259.0
489.0,171.0,,241.0,108.0,-901.0,-87.0,-25.0,,-68.0
605.0,124.0,,449.0,26.0,-1220.0,-90.0,-48.0,,89.0
535.0,96.0,,456.0,2.0,-1293.0,-84.0,173.0,,216.0
513.0,122.0,,363.0,-12.0,-1402.0,-94.0,388.0,,297.0
588.0,71.0,,273.0,-61.0,-1378.0,-109.0,356.0,,359.0
340.0,44.0,,179.0,-57.0,-1400.0,-129.0,399.0,,372.0
551.0,119.0,,210.0,-100.0,-1481.0,-152.0,68.0,,354.0
315.0,150.0,,248.0,-111.0,-1416.0,-179.0,125.0,,327.0
542.0,121.0,,248.0,-53.0,-1359.0,-176.0,147.0,,291.0
336.0,46.0,,91.0,-67.0,-1375.0,-155.0,238.0,,254.0
442.0,38.0,,-76.0,-21.0,-1727.0,-183.0,448.0,,214.0
399.0,-47.0,,-21.0,53.0,-2138.0,-208.0,495.0,,204.0
310.0,-175.0,,4.0,48.0,-2472.0,-213.0,787.0,,203.0
490.0,-263.0,,61.0,94.0,-2752.0,-225.0,716.0,,210.0
197.0,-291.0,,132.0,105.0,-2930.0,-230.0,740.0,,228.0
549.0,-285.0,,102.0,85.0,-3071.0,-232.0,524.0,,238.0
283.0,-322.0,,31.0,127.0,-2998.0,-245.0,173.0,,245.0
545.0,-245.0,,24.0,98.0,-2706.0,-253.0,105.0,,226.0
393.0,-178.0,,63.0,119.0,-2325.0,-246.0,-92.0,,188.0
431.0,-126.0,,17.0,199.0,-2077.0,-244.0,142.0,,144.0
651.0,-143.0,,-1.0,173.0,-2049.0,-234.0,188.0,,99.0
447.0,-195.0,,26.0,193.0,-2165.0,-236.0,236.0,,73.0
717.0,-83.0,,82.0,206.0,-2317.0,-263.0,273.0,,67.0
411.0,-26.0,,110.0,173.0,-2397.0,-257.0,118.0,,73.0
751.0,-21.0,,107.0,218.0,-2395.0,-250.0,216.0,,93.0
489.0,-11.0,,124.0,193.0,-2316.0,-252.0,24.0,,126.0
536.0,97.0,,152.0,158.0,-2166.0,-247.0,157.0,,162.0
479.0,171.0,,260.0,173.0,-1910.0,-255.0,242.0,,212.0
287.0,103.0,,400.0,79.0,-1654.0,-266.0,251.0,,265.0
515.0,137.0,,378.0,25.0,-1514.0,-290.0,321.0,,336.0
197.0,172.0,,303.0,12.0,-1377.0,-292.0,48.0,,403.0
391.0,132.0,,377.0,-47.0,-1093.0,-284.0,107.0,,434.0
33.0,12.0,,371.0,-32.0,-860.0,-279.0,-101.0,,453.0
240.0,76.0,,357.0,-48.0,-842.0,-257.0,-125.0,,442.0
173.0,314.0,,508.0,-56.0,-737.0,-232.0,-46.0,,416.0
48.0,404.0,,589.0,24.0,-548.0,-216.0,-142.0,,381.0
190.0,400.0,,438.0,7.0,-499.0,-226.0,5.0,,338.0
-5.0,377.0,,284.0,-18.0,-545.0,-237.0,-168.0,,295.0
276.0,461.0,,352.0,-6.0,-490.0,-230.0,-49.0,,235.0
15.0,389.0,,352.0,-80.0,-365.0,-211.0,-27.0,,163.0
199.0,147.0,,298.0,-113.0,-492.0,-215.0,97.0,,65.0
114.0,-2.0,,225.0,-149.0,-777.0,-219.0,312.0,,-46.0
124.0,-174.0,,131.0,-201.0,-804.0,-229.0,247.0,,-179.0
269.0,-324.0,,162.0,-139.0,-621.0,-268.0,509.0,,-307.0
88.0,-446.0,,208.0,-138.0,-696.0,-279.0,408.0,,-438.0
218.0,-459.0,,238.0,-161.0,-1120.0,-294.0,412.0,,-580.0
91.0,-424.0,,147.0,-119.0,-1273.0,-299.0,230.0,,-691.0
207.0,-444.0,,-41.0,-149.0,-995.0,-259.0,-66.0,,-785.0
85.0,-449.0,,-145.0,-117.0,-912.0,-219.0,-14.0,,-834.0
99.0,-372.0,,-114.0,-28.0,-1112.0,-191.0,-134.0,,-852.0
91.0,-159.0,,-158.0,5.0,-1208.0,-193.0,90.0,,-835.0
3.0,-69.0,,-212.0,100.0,-947.0,-215.0,81.0,,-784.0
11.0,2.0,,-211.0,132.0,-619.0,-219.0,155.0,,-738.0
-94.0,78.0,,-322.0,107.0,-413.0,-218.0,293.0,,-650.0
-62.0,85.0,,-290.0,172.0,-287.0,-199.0,284.0,,-539.0
-144.0,167.0,,-192.0,165.0,-461.0,-168.0,604.0,,-425.0
-58.0,205.0,,-92.0,149.0,-442.0,-178.0,561.0,,-308.0
-158.0,307.0,,-85.0,185.0,-116.0,-197.0,679.0,,-213.0
-202.0,393.0,,-169.0,158.0,-29.0,-224.0,561.0,,-140.0
-192.0,322.0,,-83.0,166.0,-235.0,-246.0,339.0,,-115.0
-212.0,250.0,,21.0,147.0,-316.0,-238.0,358.0,,-128.0
-207.0,182.0,,197.0,74.0,-157.0,-227.0,166.0,,-178.0
-249.0,1.0,,318.0,72.0,-299.0,-208.0,369.0,,-249.0
-142.0,-188.0,,321.0,21.0,-623.0,-215.0,327.0,,-334.0
-238.0,-228.0,,321.0,-56.0,-632.0,-239.0,354.0,,-434.0
-230.0,-242.0,,294.0,-69.0,-225.0,-244.0,332.0,,-510.0
-213.0,-225.0,,314.0,-128.0,130.0,-232.0,31.0,,-575.0
-277.0,-168.0,,422.0,-134.0,167.0,-239.0,-1.0,,-615.0
-281.0,-37.0,,435.0,-69.0,391.0,-269.0,-266.0,,-617.0
-331.0,206.0,,303.0,-46.0,836.0,-264.0,-247.0,,-597.0
-308.0,332.0,,297.0,31.0,1153.0,-250.0,-352.0,,-537.0
-420.0,356.0,,184.0,80.0,1301.0,-240.0,-388.0,,-456.0
-437.0,411.0,,31.0,74.0,1412.0,-225.0,-136.0,,-349.0
-421.0,458.0,,89.0,118.0,1315.0,-209.0,-107.0,,-210.0
-452.0,364.0,,142.0,89.0,1002.0,-193.0,149.0,,-69.0
-425.0,148.0,,69.0,31.0,782.0,-180.0,25.0,,90.0
-514.0,23.0,,-82.0,0.0,640.0,-159.0,3.0,,235.0
-447.0,-24.0,,-247.0,-68.0,448.0,-149.0,38.0,,351.0
-511.0,-104.0,,-332.0,-80.0,284.0,-131.0,-48.0,,441.0
-457.0,-153.0,,-365.0,-69.0,467.0,-123.0,147.0,,488.0
-496.0,-32.0,,-439.0,-100.0,757.0,-129.0,-27.0,,518.0
-560.0,144.0,,-422.0,-78.0,876.0,-134.0,-81.0,,520.0
-478.0,180.0,,-359.0,-72.0,1001.0,-137.0,-277.0,,513.0
-569.0,199.0,,-430.0,-94.0,1149.0,-127.0,-423.0,,517.0
-511.0,273.0,,-606.0,-69.0,1252.0,-123.0,-378.0,,521.0
-605.0,267.0,,-512.0,-80.0,1201.0,-126.0,-432.0,,539.0
-497.0,193.0,,-356.0,-37.0,1049.0,-156.0,-81.0,,563.0
-620.0,84.0,,-345.0,44.0,948.0,-191.0,24.0,,606.0
-643.0,56.0,,-339.0,18.0,1033.0,-219.0,223.0,,675.0
-600.0,91.0,,-509.0,2.0,1009.0,-252.0,157.0,,757.0
-630.0,-57.0,,-633.0,-20.0,900.0,-282.0,-168.0,,840.0
-546.0,-245.0,,-505.0,-44.0,920.0,-284.0,-192.0,,920.0
-684.0,-359.0,,-459.0,23.0,937.0,-283.0,-399.0,,976.0
-571.0,-400.0,,-581.0,57.0,1022.0,-281.0,-121.0,,995.0
-731.0,-467.0,,-529.0,83.0,964.0,-252.0,55.0,,986.0
-593.0,-476.0,,-563.0,149.0,843.0,-239.0,201.0,,945.0
-567.0,-317.0,,-661.0,130.0,623.0,-230.0,397.0,,892.0
-592.0,-228.0,,-638.0,99.0,448.0,-218.0,273.0,,832.0
-602.0,-209.0,,-629.0,89.0,820.0,-205.0,330.0,,758.0
-752.0,-284.0,,-591.0,56.0,1286.0,-188.0,92.0,,692.0
-603.0,-267.0,,-615.0,83.0,1366.0,-174.0,101.0,,636.0
-722.0,-212.0,,-664.0,96.0,1354.0,-143.0,20.0,,586.0
-579.0,-113.0,,-560.0,90.0,1482.0,-144.0,-121.0,,550.0
-686.0,82.0,,-359.0,148.0,1373.0,-167.0,-60.0,,544.0
-683.0,133.0,,-229.0,154.0,1031.0,-156.0,-397.0,,562.0
-670.0,154.0,,-177.0,141.0,894.0,-161.0,-395.0,,597.0
-709.0,26.0,,-80.0,164.0,993.0,-171.0,-463.0,,655.0
-608.0,-152.0,,-27.0,126.0,945.0,-147.0,-404.0,,733.0
-772.0,-229.0,,-236.0,75.0,730.0,-139.0,-306.0,,828.0
-585.0,-243.0,,-221.0,44.0,986.0,-151.0,-452.0,,918.0
-673.0,-252.0,,-152.0,-8.0,1659.0,-151.0,-367.0,,996.0
-591.0,-140.0,,-107.0,5.0,1896.0,-132.0,-607.0,,1070.0
-585.0,119.0,,131.0,22.0,1825.0,-116.0,-532.0,,1111.0
-615.0,162.0,,65.0,-15.0,1992.0,-108.0,-463.0,,1117.0
-472.0,172.0,,-76.0,5.0,2113.0,-91.0,-430.0,,1087.0
-557.0,240.0,,-155.0,10.0,2105.0,-81.0,-219.0,,1021.0
-368.0,236.0,,-158.0,-4.0,2002.0,-76.0,-408.0,,925.0
-492.0,124.0,,-143.0,10.0,1976.0,-81.0,-358.0,,805.0
-294.0,12.0,,-225.0,-34.0,1974.0,-95.0,-559.0,,682.0
-325.0,71.0,,-330.0,-64.0,1876.0,-107.0,-598.0,,554.0
-379.0,178.0,,-590.0,-41.0,1954.0,-111.0,-456.0,,434.0
-259.0,159.0,,-761.0,-57.0,2098.0,-107.0,-484.0,,320.0
-355.0,58.0,,-587.0,-62.0,2289.0,-102.0,-293.0,,229.0
-134.0,120.0,,-429.0,-62.0,2422.0,-100.0,-498.0,,156.0
-358.0,207.0,,-447.0,-102.0,2512.0,-98.0,-554.0,,101.0
-232.0,166.0,,-519.0,-116.0,2518.0,-85.0,-718.0,,87.0
-371.0,160.0,,-681.0,-169.0,2418.0,-68.0,-766.0,,103.0
-383.0,339.0,,-736.0,-254.0,2272.0,-51.0,-515.0,,148.0
-411.0,468.0,,-714.0,-253.0,2093.0,-35.0,-498.0,,212.0
-610.0,448.0,,-536.0,-251.0,2040.0,-47.0,-101.0,,286.0
-521.0,450.0,,-335.0,-229.0,2102.0,-81.0,31.0,,362.0
-787.0,373.0,,-401.0,-139.0,2197.0,-119.0,140.0,,438.0
-633.0,282.0,,-378.0,-88.0,2107.0,-157.0,120.0,,501.0
-872.0,146.0,,-279.0,-29.0,2088.0,-181.0,-142.0,,553.0
-815.0,-71.0,,-237.0,39.0,2026.0,-207.0,-173.0,,604.0
-929.0,-216.0,,-245.0,48.0,1711.0,-249.0,-517.0,,641.0
-979.0,-298.0,,-222.0,87.0,1318.0,-262.0,-611.0,,671.0
-912.0,-438.0,,-217.0,140.0,1032.0,-258.0,-785.0,,695.0
-1057.0,-459.0,,-205.0,143.0,1072.0,-268.0,-838.0,,703.0
-919.0,-237.0,,-111.0,191.0,1270.0,-291.0,-600.0,,688.0
-1126.0,-24.0,,-193.0,224.0,1497.0,-313.0,-569.0,,657.0
-957.0,86.0,,-27.0,189.0,1558.0,-330.0,-312.0,,613.0
-1085.0,113.0,,97.0,185.0,1620.0,-366.0,-290.0,,574.0
-999.0,213.0,,-39.0,141.0,1835.0,-398.0,-55.0,,540.0
-1001.0,286.0,,1.0,66.0,2120.0,-413.0,60.0,,502.0
-926.0,217.0,,-216.0,42.0,2357.0,-407.0,-55.0,,477.0
-929.0,156.0,,-386.0,22.0,2303.0,-393.0,51.0,,478.0
-1024.0,125.0,,-244.0,55.0,2178.0,-377.0,-164.0,,490.0
-875.0,143.0,,-220.0,107.0,2266.0,-373.0,-84.0,,500.0
-946.0,69.0,,-86.0,83.0,2376.0,-373.0,-214.0,,535.0
-684.0,-29.0,,-65.0,85.0,2177.0,-389.0,-338.0,,582.0
-799.0,-58.0,,-362.0,119.0,1944.0,-400.0,-321.0,,639.0
-590.0,-51.0,,-416.0,119.0,1980.0,-390.0,-461.0,,707.0
-709.0,10.0,,-350.0,137.0,1946.0,-397.0,-229.0,,771.0
-597.0,17.0,,-225.0,115.0,1713.0,-402.0,-312.0,,820.0
-521.0,11.0,,-88.0,46.0,1483.0,-433.0,-253.0,,838.0
-588.0,45.0,,-152.0,45.0,1358.0,-455.0,-363.0,,838.0
-456.0,68.0,,-325.0,50.0,1389.0,-447.0,-554.0,,802.0
-670.0,11.0,,-319.0,57.0,1341.0,-442.0,-484.0,,765.0
-390.0,-71.0,,-259.0,98.0,1204.0,-419.0,-589.0,,732.0
-676.0,-119.0,,-302.0,70.0,1260.0,-388.0,-347.0,,703.0
-541.0,-56.0,,-189.0,34.0,1446.0,-374.0,-460.0,,692.0
-678.0,127.0,,-263.0,55.0,1536.0,-383.0,-454.0,,681.0
-667.0,172.0,,-371.0,65.0,1385.0,-404.0,-349.0,,675.0
-608.0,232.0,,-501.0,99.0,1375.0,-427.0,-393.0,,662.0
-858.0,399.0,,-522.0,118.0,1521.0,-426.0,-145.0,,642.0
-607.0,542.0,,-352.0,53.0,1446.0,-419.0,-203.0,,619.0
-909.0,574.0,,-353.0,5.0,1303.0,-410.0,-73.0,,594.0
-627.0,506.0,,-327.0,-69.0,1234.0,-407.0,-208.0,,572.0
-869.0,498.0,,-358.0,-214.0,1203.0,-422.0,-473.0,,549.0
-767.0,414.0,,-356.0,-293.0,1124.0,-457.0,-593.0,,522.0
-682.0,186.0,,-279.0,-345.0,1159.0,-473.0,-818.0,,481.0
-832.0,-116.0,,-177.0,-392.0,1277.0,-466.0,-554.0,,439.0
-573.0,-222.0,,-34.0,-368.0,1197.0,-466.0,-458.0,,399.0
-853.0,-238.0,,71.0,-353.0,1203.0,-433.0,-210.0,,353.0
-479.0,-366.0,,-48.0,-314.0,1520.0,-426.0,-55.0,,303.0
-740.0,-423.0,,-128.0,-236.0,1684.0,-442.0,-118.0,,238.0
-524.0,-391.0,,3.0,-215.0,1341.0,-430.0,96.0,,162.0
-496.0,-225.0,,32.0,-155.0,939.0,-428.0,27.0,,93.0
-591.0,-163.0,,44.0,-35.0,752.0,-424.0,251.0,,12.0
-360.0,-108.0,,17.0,49.0,553.0,-434.0,341.0,,-77.0
-667.0,70.0,,133.0,135.0,248.0,-433.0,369.0,,-175.0
-309.0,198.0,,-20.0,180.0,-160.0,-433.0,412.0,,-291.0
-648.0,260.0,,-156.0,165.0,-379.0,-462.0,173.0,,-407.0
-351.0,208.0,,68.0,189.0,-356.0,-490.0,262.0,,-503.0
-411.0,192.0,,-13.0,178.0,-491.0,-533.0,81.0,,-582.0
-439.0,200.0,,8.0,121.0,-635.0,-607.0,48.0,,-651.0
-302.0,148.0,,34.0,95.0,-650.0,-654.0,-49.0,,-674.0
-583.0,70.0,,63.0,23.0,-627.0,-662.0,-160.0,,-672.0
-211.0,19.0,,13.0,-35.0,-482.0,-677.0,66.0,,-640.0
-534.0,-23.0,,-83.0,-15.0,-356.0,-676.0,46.0,,-574.0
-205.0,-102.0,,-20.0,-34.0,-308.0,-666.0,299.0,,-519.0
-435.0,-177.0,,-85.0,-51.0,-425.0,-660.0,286.0,,-454.0
-298.0,-214.0,,-158.0,-63.0,-606.0,-662.0,254.0,,-389.0
-227.0,-168.0,,-237.0,-120.0,-648.0,-665.0,197.0,,-339.0
-390.0,-188.0,,-179.0,-104.0,-828.0,-641.0,-27.0,,-304.0
-132.0,-238.0,,-180.0,-73.0,-1097.0,-610.0,88.0,,-293.0
-432.0,-116.0,,34.0,-77.0,-1141.0,-550.0,-22.0,,-272.0
-29.0,43.0,,173.0,-51.0,-1049.0,-544.0,138.0,,-224.0
-304.0,143.0,,78.0,-89.0,-997.0,-562.0,101.0,,-155.0
-32.0,215.0,,49.0,-166.0,-1016.0,-542.0,16.0,,-57.0
-143.0,271.0,,-154.0,-197.0,-982.0,-507.0,125.0,,74.0
-165.0,328.0,,-109.0,-249.0,-1043.0,-438.0,-77.0,,229.0
-17.0,345.0,,-166.0,-258.0,-1298.0,-398.0,-18.0,,396.0
-153.0,312.0,,-278.0,-218.0,-1492.0,-362.0,-206.0,,564.0
177.0,209.0,,-72.0,-230.0,-1687.0,-348.0,-219.0,,721.0
-128.0,86.0,,-92.0,-180.0,-1773.0,-342.0,-223.0,,856.0
160.0,9.0,,-333.0,-103.0,-1612.0,-310.0,-367.0,,959.0
-70.0,-68.0,,-311.0,-83.0,-1314.0,-288.0,-118.0,,1018.0
144.0,-133.0,,-171.0,-22.0,-1089.0,-250.0,-46.0,,1052.0
121.0,-167.0,,-171.0,-9.0,-1080.0,-221.0,273.0,,1074.0
90.0,-245.0,,-118.0,-29.0,-1095.0,-192.0,260.0,,1097.0
246.0,-347.0,,-165.0,12.0,-1052.0,-141.0,107.0,,1131.0
9.0,-452.0,,-274.0,-3.0,-1027.0,-105.0,96.0,,1170.0
283.0,-566.0,,-268.0,-19.0,-1264.0,-96.0,-24.0,,1212.0
19.0,-633.0,,-204.0,15.0,-1415.0,-112.0,219.0,,1231.0
298.0,-653.0,,-107.0,-2.0,-1306.0,-138.0,149.0,,1231.0
140.0,-661.0,,-68.0,15.0,-1292.0,-156.0,232.0,,1201.0
187.0,-673.0,,-31.0,57.0,-1356.0,-171.0,138.0,,1158.0
180.0,-623.0,,-60.0,29.0,-1368.0,-171.0,-186.0,,1107.0
101.0,-513.0,,-111.0,21.0,-1153.0,-173.0,-266.0,,1038.0
211.0,-305.0,,-152.0,-15.0,-1113.0,-199.0,-471.0,,966.0
-65.0,-163.0,,-307.0,-85.0,-1268.0,-222.0,-230.0,,883.0
93.0,-151.0,,-329.0,-85.0,-1332.0,-235.0,-192.0,,787.0
-135.0,-36.0,,-294.0,-128.0,-1400.0,-222.0,-125.0,,677.0
-15.0,20.0,,-373.0,-154.0,-1380.0,-179.0,-36.0,,568.0
-105.0,-69.0,,-361.0,-94.0,-1393.0,-146.0,-186.0,,464.0
-51.0,-216.0,,-343.0,-90.0,-1456.0,-138.0,3.0,,368.0
-112.0,-231.0,,-298.0,-75.0,-1461.0,-134.0,-27.0,,274.0
-277.0,-78.0,,-245.0,-40.0,-1227.0,-116.0,177.0,,184.0
-140.0,44.0,,-267.0,-74.0,-898.0,-88.0,243.0,,109.0
-224.0,144.0,,-207.0,-60.0,-848.0,-57.0,197.0,,57.0
-49.0,260.0,,-146.0,-52.0,-1024.0,-36.0,267.0,,28.0
-220.0,302.0,,-45.0,-101.0,-1136.0,-29.0,46.0,,11.0
-112.0,153.0,,57.0,-69.0,-1062.0,-43.0,216.0,,27.0
-171.0,9.0,,129.0,-57.0,-1092.0,-40.0,123.0,,46.0
-159.0,55.0,,156.0,-66.0,-1300.0,-27.0,44.0,,69.0
-118.0,190.0,,90.0,-5.0,-1448.0,-12.0,-27.0,,107.0
-188.0,283.0,,98.0,-18.0,-1423.0,21.0,-247.0,,152.0
-44.0,356.0,,42.0,-54.0,-1388.0,52.0,-151.0,,190.0
-147.0,458.0,,-33.0,-39.0,-1545.0,98.0,-310.0,,196.0
-55.0,471.0,,-58.0,-70.0,-1707.0,135.0,-175.0,,206.0
-173.0,403.0,,-183.0,-56.0,-1614.0,148.0,-129.0,,205.0
-77.0,318.0,,-254.0,-9.0,-1342.0,158.0,-109.0,,191.0
-49.0,297.0,,-253.0,-33.0,-1120.0,181.0,-68.0,,178.0
-72.0,261.0,,-270.0,-22.0,-1139.0,219.0,-330.0,,147.0
1.0,49.0,,-253.0,-30.0,-1255.0,249.0,-179.0,,114.0
-13.0,-96.0,,-143.0,-78.0,-1201.0,297.0,-214.0,,84.0
132.0,-69.0,,-120.0,-42.0,-1087.0,335.0,-35.0,,71.0
54.0,42.0,,-175.0,-40.0,-1114.0,346.0,129.0,,68.0
149.0,53.0,,-53.0,-60.0,-1210.0,359.0,81.0,,74.0
180.0,-33.0,,-58.0,-29.0,-1143.0,364.0,145.0,,97.0
274.0,-63.0,,-112.0,-70.0,-1016.0,376.0,-234.0,,119.0
325.0,-98.0,,-38.0,-96.0,-1008.0,358.0,-365.0,,158.0
232.0,-112.0,,50.0,-60.0,-1078.0,355.0,-519.0,,196.0
305.0,-57.0,,183.0,-77.0,-1016.0,357.0,-354.0,,232.0
274.0,101.0,,198.0,-48.0,-862.0,352.0,55.0,,276.0
344.0,203.0,,237.0,-7.0,-932.0,364.0,145.0,,302.0
267.0,165.0,,391.0,-23.0,-1199.0,368.0,352.0,,321.0
271.0,1.0,,478.0,21.0,-1501.0,417.0,101.0,,304.0
314.0,-162.0,,479.0,34.0,-1686.0,456.0,51.0,,246.0
247.0,-124.0,,519.0,7.0,-1777.0,487.0,22.0,,168.0
245.0,-34.0,,543.0,66.0,-1882.0,517.0,59.0,,69.0
151.0,106.0,,505.0,94.0,-2047.0,541.0,489.0,,-29.0
235.0,325.0,,565.0,97.0,-2250.0,560.0,589.0,,-132.0
224.0,527.0,,647.0,131.0,-2361.0,558.0,803.0,,-213.0
197.0,564.0,,657.0,95.0,-2532.0,595.0,654.0,,-269.0
218.0,388.0,,649.0,87.0,-2768.0,619.0,594.0,,-299.0
201.0,223.0,,605.0,132.0,-2938.0,642.0,600.0,,-286.0
280.0,103.0,,525.0,117.0,-3016.0,657.0,406.0,,-247.0
228.0,-19.0,,507.0,132.0,-2766.0,656.0,502.0,,-183.0
285.0,-64.0,,543.0,131.0,-2476.0,670.0,314.0,,-95.0
341.0,-60.0,,530.0,60.0,-2585.0,685.0,465.0,,-9.0
388.0,-85.0,,537.0,48.0,-2705.0,714.0,406.0,,62.0
434.0,-30.0,,486.0,5.0,-2324.0,743.0,236.0,,121.0
435.0,35.0,,420.0,-71.0,-1674.0,777.0,290.0,,152.0
504.0,59.0,,399.0,-43.0,-1529.0,800.0,153.0,,160.0
451.0,159.0,,365.0,-3.0,-1701.0,807.0,371.0,,153.0
468.0,246.0,,429.0,49.0,-1421.0,824.0,308.0,,124.0
479.0,282.0,,494.0,119.0,-930.0,831.0,448.0,,77.0
497.0,202.0,,508.0,80.0,-805.0,819.0,602.0,,15.0
493.0,59.0,,420.0,38.0,-1004.0,816.0,509.0,,-32.0
447.0,-11.0,,430.0,39.0,-1162.0,812.0,517.0,,-70.0
501.0,-2.0,,451.0,-11.0,-1284.0,783.0,203.0,,-99.0
445.0,46.0,,373.0,3.0,-1531.0,768.0,254.0,,-117.0
436.0,59.0,,425.0,36.0,-1611.0,774.0,295.0,,-125.0
460.0,112.0,,338.0,-10.0,-1475.0,772.0,458.0,,-120.0
477.0,156.0,,261.0,-28.0,-1482.0,761.0,615.0,,-112.0
508.0,74.0,,224.0,-91.0,-1604.0,763.0,399.0,,-108.0
453.0,-171.0,,179.0,-172.0,-1496.0,780.0,391.0,,-108.0
441.0,-384.0,,273.0,-170.0,-1145.0,800.0,147.0,,-114.0
448.0,-404.0,,266.0,-204.0,-956.0,785.0,136.0,,-131.0
502.0,-349.0,,227.0,-217.0,-957.0,779.0,84.0,,-139.0
517.0,-259.0,,234.0,-173.0,-840.0,796.0,-3.0,,-149.0
454.0,-182.0,,193.0,-205.0,-689.0,798.0,142.0,,-162.0
446.0,-69.0,,273.0,-220.0,-782.0,808.0,103.0,,-173.0
388.0,53.0,,508.0,-215.0,-908.0,825.0,467.0,,-191.0
361.0,225.0,,707.0,-255.0,-767.0,828.0,652.0,,-214.0
385.0,431.0,,743.0,-200.0,-544.0,851.0,759.0,,-256.0
381.0,563.0,,657.0,-116.0,-494.0,881.0,750.0,,-311.0
360.0,611.0,,757.0,-61.0,-630.0,902.0,513.0,,-387.0
324.0,476.0,,984.0,42.0,-534.0,933.0,580.0,,-464.0
332.0,290.0,,1083.0,64.0,-362.0,953.0,445.0,,-532.0
332.0,-10.0,,1041.0,51.0,-490.0,969.0,624.0,,-591.0
315.0,-388.0,,941.0,84.0,-639.0,963.0,705.0,,-619.0
344.0,-699.0,,775.0,20.0,-630.0,943.0,740.0,,-629.0
358.0,-973.0,,761.0,-39.0,-360.0,914.0,866.0,,-606.0
336.0,-964.0,,892.0,-43.0,-36.0,871.0,589.0,,-562.0
345.0,-752.0,,858.0,-105.0,33.0,860.0,572.0,,-502.0
396.0,-486.0,,794.0,-110.0,-91.0,861.0,360.0,,-427.0
397.0,-122.0,,625.0,-84.0,43.0,885.0,413.0,,-336.0
342.0,217.0,,529.0,-103.0,448.0,913.0,594.0,,-239.0
375.0,416.0,,630.0,-49.0,713.0,930.0,611.0,,-147.0
420.0,538.0,,720.0,-5.0,928.0,944.0,929.0,,-51.0
472.0,575.0,,707.0,9.0,1139.0,961.0,962.0,,16.0
469.0,581.0,,603.0,97.0,1321.0,963.0,1082.0,,62.0
435.0,570.0,,588.0,138.0,1485.0,936.0,925.0,,84.0
451.0,458.0,,599.0,166.0,1528.0,916.0,899.0,,73.0
416.0,512.0,,633.0,246.0,1441.0,878.0,1090.0,,59.0
452.0,655.0,,645.0,239.0,1424.0,852.0,958.0,,11.0
450.0,682.0,,660.0,218.0,1568.0,824.0,1075.0,,-46.0
469.0,642.0,,699.0,205.0,1721.0,805.0,842.0,,-111.0
368.0,543.0,,733.0,132.0,1669.0,796.0,783.0,,-195.0
291.0,392.0,,647.0,117.0,1606.0,765.0,733.0,,-262.0
344.0,206.0,,466.0,112.0,1792.0,747.0,535.0,,-331.0
358.0,29.0,,340.0,69.0,2023.0,721.0,620.0,,-384.0
408.0,-148.0,,267.0,77.0,2088.0,708.0,465.0,,-425.0
319.0,-310.0,,329.0,45.0,2015.0,714.0,657.0,,-476.0
409.0,-425.0,,255.0,7.0,1992.0,721.0,705.0,,-525.0
414.0,-506.0,,104.0,40.0,1940.0,709.0,777.0,,-574.0
400.0,-604.0,,113.0,8.0,1801.0,677.0,824.0,,-622.0
426.0,-628.0,,214.0,-49.0,1652.0,653.0,593.0,,-647.0
387.0,-664.0,,235.0,-88.0,1653.0,626.0,711.0,,-654.0
429.0,-767.0,,183.0,-167.0,1842.0,607.0,604.0,,-654.0
385.0,-816.0,,56.0,-149.0,1953.0,593.0,820.0,,-648.0
458.0,-811.0,,-99.0,-81.0,1830.0,571.0,835.0,,-629.0
392.0,-660.0,,12.0,-74.0,1699.0,548.0,565.0,,-600.0
383.0,-444.0,,231.0,-22.0,1734.0,531.0,467.0,,-572.0
388.0,-154.0,,369.0,-10.0,1697.0,518.0,129.0,,-532.0
393.0,187.0,,359.0,-31.0,1728.0,503.0,201.0,,-489.0
424.0,468.0,,291.0,12.0,1801.0,492.0,160.0,,-436.0
393.0,709.0,,183.0,-17.0,1815.0,481.0,315.0,,-372.0
410.0,942.0,,245.0,-58.0,1919.0,473.0,511.0,,-319.0
315.0,1020.0,,422.0,-32.0,2053.0,484.0,484.0,,-275.0
269.0,820.0,,516.0,-28.0,2224.0,475.0,678.0,,-228.0
151.0,593.0,,477.0,52.0,2274.0,463.0,508.0,,-180.0
218.0,367.0,,303.0,136.0,2337.0,469.0,606.0,,-140.0
187.0,118.0,,269.0,125.0,2587.0,463.0,517.0,,-81.0
45.0,-185.0,,325.0,157.0,2607.0,470.0,428.0,,-18.0
-23.0,-438.0,,437.0,140.0,2412.0,492.0,598.0,,44.0
-87.0,-661.0,,421.0,57.0,2347.0,510.0,582.0,,112.0
-14.0,-940.0,,378.0,27.0,2385.0,509.0,864.0,,158.0
-84.0,-1036.0,,320.0,-43.0,2350.0,496.0,752.0,,190.0
-49.0,-1049.0,,287.0,-71.0,2190.0,468.0,715.0,,183.0
-38.0,-932.0,,293.0,-18.0,2222.0,454.0,613.0,,129.0
0.0,-724.0,,323.0,-30.0,2469.0,456.0,382.0,,46.0
0.0,-604.0,,415.0,-18.0,2567.0,456.0,391.0,,-66.0
14.0,-608.0,,298.0,-19.0,2424.0,441.0,149.0,,-202.0
108.0,-693.0,,234.0,-102.0,2166.0,395.0,264.0,,-346.0
70.0,-672.0,,230.0,-129.0,2071.0,373.0,179.0,,-501.0
166.0,-561.0,,178.0,-154.0,2071.0,372.0,147.0,,-643.0
222.0,-381.0,,116.0,-175.0,1967.0,373.0,140.0,,-769.0
266.0,-275.0,,219.0,-136.0,1936.0,362.0,-127.0,,-866.0
215.0,-178.0,,326.0,-174.0,2053.0,330.0,-60.0,,-920.0
246.0,-97.0,,173.0,-208.0,2071.0,317.0,-199.0,,-956.0
259.0,-182.0,,-57.0,-191.0,2074.0,285.0,31.0,,-950.0
169.0,-196.0,,-134.0,-222.0,2199.0,226.0,151.0,,-901.0
216.0,-198.0,,-118.0,-191.0,2124.0,191.0,46.0,,-818.0
211.0,-192.0,,-74.0,-146.0,1790.0,170.0,-11.0,,-697.0
271.0,-109.0,,23.0,-123.0,1387.0,168.0,-415.0,,-559.0
204.0,-6.0,,-137.0,5.0,1233.0,163.0,-445.0,,-407.0
149.0,104.0,,-264.0,115.0,1177.0,116.0,-572.0,,-255.0
142.0,195.0,,-283.0,176.0,895.0,75.0,-473.0,,-115.0
203.0,255.0,,-241.0,249.0,695.0,55.0,-395.0,,16.0
235.0,196.0,,-256.0,242.0,719.0,62.0,-567.0,,139.0
148.0,149.0,,-346.0,262.0,880.0,77.0,-491.0,,252.0
164.0,126.0,,-211.0,308.0,921.0,85.0,-705.0,,355.0
136.0,179.0,,-323.0,272.0,922.0,68.0,-609.0,,447.0
178.0,249.0,,-394.0,268.0,1026.0,30.0,-639.0,,528.0
154.0,321.0,,-190.0,241.0,943.0,42.0,-620.0,,581.0
223.0,506.0,,-103.0,186.0,767.0,57.0,-382.0,,602.0
261.0,610.0,,-55.0,218.0,697.0,56.0,-356.0,,597.0
206.0,684.0,,-64.0,237.0,792.0,54.0,-77.0,,563.0
213.0,702.0,,-29.0,258.0,868.0,28.0,-188.0,,504.0
166.0,693.0,,-22.0,290.0,807.0,-11.0,-227.0,,430.0
196.0,603.0,,28.0,222.0,753.0,-19.0,-308.0,,356.0
239.0,431.0,,113.0,179.0,690.0,10.0,-436.0,,283.0
353.0,282.0,,-4.0,166.0,703.0,25.0,-254.0,,218.0
309.0,64.0,,31.0,119.0,736.0,-2.0,-328.0,,161.0
296.0,-165.0,,34.0,118.0,628.0,-24.0,-147.0,,127.0
396.0,-360.0,,10.0,64.0,382.0,-36.0,-232.0,,112.0
461.0,-336.0,,16.0,-3.0,102.0,-68.0,-356.0,,119.0
462.0,-162.0,,-83.0,12.0,-29.0,-82.0,-521.0,,151.0
451.0,-10.0,,-62.0,-25.0,-86.0,-76.0,-953.0,,187.0
578.0,106.0,,-208.0,-54.0,-12.0,-73.0,-1003.0,,220.0
563.0,154.0,,-224.0,-29.0,182.0,-85.0,-1147.0,,244.0
561.0,61.0,,-110.0,-52.0,286.0,-94.0,-912.0,,272.0
495.0,-200.0,,-76.0,-31.0,498.0,-86.0,-737.0,,298.0
500.0,-369.0,,36.0,-14.0,657.0,-74.0,-715.0,,316.0
506.0,-502.0,,63.0,-55.0,742.0,-93.0,-582.0,,335.0
451.0,-662.0,,25.0,-6.0,843.0,-110.0,-718.0,,346.0
478.0,-722.0,,-137.0,15.0,813.0,-82.0,-569.0,,364.0
418.0,-806.0,,-249.0,-27.0,847.0,-63.0,-633.0,,389.0
419.0,-784.0,,-344.0,-56.0,734.0,-48.0,-533.0,,404.0
305.0,-548.0,,-375.0,-157.0,519.0,-65.0,-415.0,,423.0
271.0,-139.0,,-460.0,-188.0,440.0,-115.0,-513.0,,446.0
263.0,324.0,,-608.0,-123.0,385.0,-140.0,-419.0,,470.0
216.0,674.0,,-555.0,-113.0,338.0,-139.0,-707.0,,493.0
187.0,1011.0,,-649.0,-65.0,222.0,-141.0,-709.0,,511.0
128.0,1154.0,,-635.0,-24.0,232.0,-144.0,-800.0,,522.0
150.0,1054.0,,-608.0,-9.0,544.0,-154.0,-838.0,,516.0
78.0,982.0,,-584.0,82.0,741.0,-158.0,-622.0,,492.0
61.0,1000.0,,-438.0,87.0,706.0,-164.0,-613.0,,441.0
66.0,953.0,,-444.0,36.0,642.0,-179.0,-349.0,,362.0
67.0,816.0,,-352.0,52.0,459.0,-165.0,-500.0,,251.0
6.0,775.0,,-271.0,30.0,358.0,-171.0,-558.0,,131.0
-9.0,737.0,,-248.0,63.0,358.0,-196.0,-652.0,,11.0
59.0,688.0,,-162.0,116.0,378.0,-207.0,-829.0,,-101.0
9.0,548.0,,-11.0,84.0,586.0,-215.0,-672.0,,-193.0
4.0,240.0,,55.0,103.0,825.0,-221.0,-855.0,,-269.0
-3.0,-161.0,,33.0,79.0,874.0,-193.0,-777.0,,-324.0
0.0,-594.0,,9.0,-16.0,682.0,-154.0,-910.0,,-387.0
4.0,-837.0,,-106.0,-42.0,358.0,-177.0,-955.0,,-448.0
-15.0,-962.0,,-233.0,-107.0,-31.0,-213.0,-805.0,,-480.0
-34.0,-1110.0,,-191.0,-159.0,-342.0,-233.0,-894.0,,-483.0
-65.0,-1218.0,,-147.0,-123.0,-499.0,-201.0,-816.0,,-445.0
-38.0,-1230.0,,-280.0,-123.0,-536.0,-158.0,-1055.0,,-356.0
-13.0,-1266.0,,-399.0,-51.0,-509.0,-190.0,-955.0,,-245.0
-25.0,-1382.0,,-590.0,51.0,-586.0,-228.0,-897.0,,-116.0
-13.0,-1374.0,,-638.0,83.0,-645.0,-248.0,-914.0,,18.0
-11.0,-1222.0,,-541.0,179.0,-624.0,-263.0,-800.0,,131.0
-61.0,-942.0,,-524.0,223.0,-525.0,-266.0,-1021.0,,248.0
-70.0,-533.0,,-518.0,200.0,-362.0,-263.0,-931.0,,353.0
-44.0,-106.0,,-556.0,238.0,-227.0,-261.0,-1051.0,,429.0
-19.0,226.0,,-602.0,196.0,-188.0,-268.0,-1003.0,,479.0
-51.0,440.0,,-522.0,141.0,-338.0,-276.0,-853.0,,513.0
-67.0,643.0,,-409.0,140.0,-513.0,-263.0,-811.0,,518.0
-154.0,962.0,,-484.0,54.0,-512.0,-228.0,-467.0,,480.0
-242.0,1374.0,,-510.0,-8.0,-350.0,-201.0,-508.0,,417.0
-193.0,1597.0,,-473.0,-67.0,-325.0,-158.0,-371.0,,319.0
-208.0,1559.0,,-522.0,-171.0,-493.0,-137.0,-445.0,,200.0
-241.0,1290.0,,-565.0,-177.0,-507.0,-155.0,-607.0,,74.0
-339.0,803.0,,-591.0,-191.0,-530.0,-165.0,-635.0,,-49.0
-303.0,265.0,,-674.0,-202.0,-735.0,-177.0,-951.0,,-152.0
-330.0,-293.0,,-740.0,-120.0,-930.0,-186.0,-899.0,,-228.0
-411.0,-845.0,,-671.0,-86.0,-1060.0,-195.0,-1047.0,,-268.0
-355.0,-1346.0,,-595.0,-15.0,-1043.0,-186.0,-947.0,,-258.0
-398.0,-1804.0,,-653.0,88.0,-999.0,-180.0,-873.0,,-200.0
-372.0,-2209.0,,-688.0,93.0,-1137.0,-203.0,-1005.0,,-114.0
-402.0,-2293.0,,-657.0,150.0,-1473.0,-227.0,-776.0,,8.0
-308.0,-1952.0,,-748.0,203.0,-1690.0,-232.0,-831.0,,167.0
-318.0,-1473.0,,-799.0,190.0,-1678.0,-224.0,-618.0,,344.0
-362.0,-943.0,,-622.0,221.0,-1663.0,-258.0,-646.0,,540.0
-333.0,-326.0,,-467.0,192.0,-1563.0,-258.0,-735.0,,731.0
-376.0,310.0,,-374.0,144.0,-1449.0,-207.0,-724.0,,908.0
-298.0,626.0,,-358.0,132.0,-1304.0,-222.0,-942.0,,1069.0
-358.0,546.0,,-470.0,38.0,-1209.0,-272.0,-857.0,,1197.0
-322.0,337.0,,-439.0,-23.0,-1120.0,-268.0,-1095.0,,1290.0
-363.0,155.0,,-408.0,-40.0,-866.0,-235.0,-1125.0,,1348.0
-332.0,12.0,,-398.0,-123.0,-669.0,-216.0,-1221.0,,1361.0
-338.0,-111.0,,-358.0,-157.0,-722.0,-179.0,-1326.0,,1337.0
-382.0,-157.0,,-400.0,-189.0,-1117.0,-172.0,-1090.0,,1281.0
-273.0,-233.0,,-439.0,-224.0,-1312.0,-174.0,-1193.0,,1195.0
-312.0,-288.0,,-439.0,-154.0,-1020.0,-140.0,-1110.0,,1085.0
-281.0,-309.0,,-424.0,-111.0,-686.0,-88.0,-1269.0,,950.0
-345.0,-133.0,,-378.0,-54.0,-624.0,-28.0,-1254.0,,805.0
-278.0,339.0,,-279.0,49.0,-736.0,1.0,-1093.0,,675.0
-270.0,643.0,,-314.0,58.0,-717.0,19.0,-1123.0,,574.0
-245.0,812.0,,-264.0,74.0,-611.0,19.0,-851.0,,497.0
-188.0,901.0,,-173.0,75.0,-550.0,45.0,-881.0,,446.0
-250.0,808.0,,-272.0,8.0,-689.0,88.0,-639.0,,411.0
-200.0,630.0,,-284.0,8.0,-1076.0,81.0,-541.0,,365.0
-249.0,418.0,,-229.0,-13.0,-1437.0,59.0,-585.0,,313.0
-212.0,396.0,,-140.0,-45.0,-1549.0,52.0,-456.0,,256.0
-281.0,581.0,,-105.0,-31.0,-1374.0,74.0,-661.0,,176.0
-217.0,879.0,,-105.0,-108.0,-1306.0,90.0,-626.0,,83.0
-196.0,1141.0,,-176.0,-169.0,-1661.0,110.0,-851.0,,-14.0
-269.0,1300.0,,-324.0,-158.0,-1895.0,144.0,-886.0,,-121.0
-249.0,1334.0,,-249.0,-164.0,-1951.0,149.0,-868.0,,-217.0
-295.0,1153.0,,-190.0,-97.0,-2189.0,134.0,-1023.0,,-296.0
-213.0,949.0,,-207.0,-28.0,-2529.0,118.0,-927.0,,-352.0
-243.0,792.0,,-260.0,5.0,-2823.0,125.0,-1136.0,,-365.0
-181.0,657.0,,-337.0,111.0,-2815.0,149.0,-966.0,,-343.0
-212.0,467.0,,-282.0,153.0,-2729.0,159.0,-855.0,,-277.0
-198.0,163.0,,-219.0,142.0,-2607.0,158.0,-676.0,,-168.0
-148.0,-72.0,,-202.0,147.0,-2356.0,162.0,-423.0,,-32.0
-199.0,-199.0,,-155.0,84.0,-2171.0,182.0,-509.0,,124.0
-145.0,-224.0,,-11.0,80.0,-2022.0,197.0,-291.0,,293.0
-139.0,-151.0,,-10.0,115.0,-1856.0,179.0,-413.0,,460.0
-43.0,-33.0,,-76.0,102.0,-1696.0,124.0,-384.0,,615.0
-101.0,78.0,,-48.0,152.0,-1777.0,93.0,-338.0,,736.0
-91.0,192.0,,-105.0,175.0,-2019.0,91.0,-345.0,,819.0
-137.0,490.0,,-125.0,189.0,-2226.0,85.0,-96.0,,858.0
-143.0,793.0,,-97.0,286.0,-2409.0,75.0,-166.0,,870.0
-82.0,963.0,,-134.0,303.0,-2729.0,62.0,-40.0,,869.0
-181.0,1120.0,,-131.0,285.0,-3130.0,57.0,-184.0,,846.0
-211.0,1250.0,,-176.0,281.0,-3349.0,26.0,-249.0,,816.0
-315.0,1272.0,,-276.0,204.0,-3422.0,1.0,-125.0,,800.0
-262.0,1041.0,,-240.0,174.0,-3468.0,-5.0,-77.0,,777.0
-319.0,729.0,,-262.0,135.0,-3633.0,-18.0,325.0,,760.0
-351.0,466.0,,-300.0,50.0,-3516.0,-28.0,362.0,,748.0
-340.0,202.0,,-200.0,68.0,-3008.0,-74.0,424.0,,730.0
-371.0,-190.0,,-102.0,63.0,-2556.0,-116.0,240.0,,707.0
-350.0,-624.0,,-140.0,50.0,-2360.0,-141.0,-7.0,,674.0
-408.0,-917.0,,-217.0,113.0,-2363.0,-165.0,-24.0,,652.0
-363.0,-1200.0,,-261.0,122.0,-2090.0,-154.0,-264.0,,621.0
-402.0,-1444.0,,-356.0,158.0,-1640.0,-130.0,-125.0,,587.0
-363.0,-1763.0,,-291.0,178.0,-1621.0,-132.0,-230.0,,565.0
-394.0,-2052.0,,-177.0,80.0,-2111.0,-152.0,-218.0,,550.0
-415.0,-2275.0,,-219.0,16.0,-2478.0,-177.0,-264.0,,555.0
-418.0,-2442.0,,-352.0,-72.0,-2359.0,-182.0,-509.0,,575.0
-414.0,-2132.0,,-379.0,-200.0,-2203.0,-163.0,-327.0,,603.0
-391.0,-1417.0,,-261.0,-247.0,-2329.0,-165.0,-347.0,,634.0
-531.0,-566.0,,-228.0,-323.0,-2659.0,-173.0,-79.0,,677.0
-497.0,112.0,,-249.0,-374.0,-2727.0,-194.0,20.0,,713.0
-484.0,487.0,,-173.0,-365.0,-2556.0,-216.0,77.0,,756.0
-446.0,757.0,,1.0,-403.0,-2564.0,-227.0,249.0,,809.0
-485.0,869.0,,68.0,-366.0,-2627.0,-255.0,72.0,,852.0
-514.0,796.0,,89.0,-309.0,-2717.0,-282.0,99.0,,896.0
-496.0,699.0,,128.0,-324.0,-2724.0,-303.0,-99.0,,940.0
-497.0,666.0,,48.0,-290.0,-2706.0,-305.0,36.0,,970.0
-403.0,421.0,,7.0,-297.0,-2930.0,-305.0,227.0,,988.0
-415.0,-183.0,,-73.0,-315.0,-3088.0,-324.0,282.0,,996.0
-334.0,-764.0,,-167.0,-217.0,-3107.0,-335.0,570.0,,982.0
-309.0,-985.0,,-122.0,-104.0,-3060.0,-356.0,506.0,,944.0
-257.0,-849.0,,-153.0,78.0,-3025.0,-373.0,635.0,,881.0
-283.0,-711.0,,-81.0,302.0,-3044.0,-374.0,487.0,,806.0
-278.0,-636.0,,49.0,417.0,-2802.0,-364.0,332.0,,710.0
-172.0,-428.0,,2.0,543.0,-2487.0,-352.0,291.0,,617.0
-174.0,-282.0,,-85.0,605.0,-2182.0,-351.0,112.0,,530.0
-140.0,-325.0,,-79.0,555.0,-1846.0,-369.0,347.0,,448.0
-195.0,-554.0,,26.0,522.0,-1581.0,-398.0,408.0,,404.0
-135.0,-802.0,,129.0,398.0,-1334.0,-419.0,705.0,,370.0
-138.0,-930.0,,141.0,244.0,-1174.0,-411.0,746.0,,350.0
-124.0,-881.0,,22.0,144.0,-1139.0,-387.0,580.0,,331.0
-112.0,-605.0,,149.0,-9.0,-1242.0,-394.0,593.0,,304.0
-126.0,-305.0,,323.0,-93.0,-1329.0,-412.0,319.0,,282.0
-100.0,-53.0,,276.0,-117.0,-1429.0,-445.0,474.0,,269.0
-121.0,-19.0,,233.0,-170.0,-1445.0,-473.0,478.0,,271.0
-68.0,-188.0,,241.0,-120.0,-1406.0,-460.0,545.0,,277.0
-133.0,-376.0,,344.0,-81.0,-1437.0,-450.0,644.0,,292.0
-72.0,-645.0,,391.0,-114.0,-1294.0,-455.0,561.0,,303.0
-56.0,-815.0,,461.0,-79.0,-1011.0,-484.0,644.0,,319.0
-19.0,-769.0,,499.0,-88.0,-729.0,-498.0,325.0,,341.0
-27.0,-653.0,,466.0,-110.0,-686.0,-482.0,286.0,,362.0
-92.0,-581.0,,470.0,-127.0,-596.0,-462.0,184.0,,399.0
-52.0,-429.0,,469.0,-253.0,-126.0,-458.0,149.0,,459.0
-75.0,-122.0,,424.0,-315.0,424.0,-464.0,277.0,,519.0
-14.0,212.0,,328.0,-318.0,631.0,-448.0,60.0,,577.0
-84.0,333.0,,341.0,-374.0,428.0,-441.0,216.0,,632.0
-88.0,214.0,,343.0,-396.0,550.0,-434.0,164.0,,657.0
-87.0,73.0,,413.0,-476.0,1030.0,-384.0,280.0,,672.0
-90.0,-330.0,,414.0,-581.0,1069.0,-359.0,497.0,,664.0
-99.0,-978.0,,256.0,-593.0,847.0,-356.0,580.0,,645.0
-101.0,-1335.0,,323.0,-643.0,819.0,-315.0,868.0,,633.0
-12.0,-1292.0,,387.0,-663.0,746.0,-296.0,764.0,,601.0
-48.0,-964.0,,458.0,-639.0,533.0,-306.0,885.0,,580.0
-26.0,-529.0,,570.0,-681.0,217.0,-325.0,812.0,,563.0
-19.0,-144.0,,644.0,-655.0,-128.0,-328.0,774.0,,546.0
25.0,191.0,,616.0,-607.0,-388.0,-318.0,934.0,,531.0
35.0,414.0,,548.0,-564.0,-526.0,-329.0,870.0,,504.0
54.0,417.0,,650.0,-396.0,-433.0,-324.0,1112.0,,480.0
74.0,215.0,,566.0,-237.0,-202.0,-309.0,960.0,,445.0
51.0,-32.0,,661.0,-91.0,-130.0,-300.0,886.0,,407.0
108.0,-242.0,,867.0,83.0,-1.0,-297.0,674.0,,359.0
90.0,-444.0,,732.0,145.0,396.0,-291.0,351.0,,299.0
100.0,-627.0,,608.0,204.0,550.0,-269.0,432.0,,260.0
58.0,-761.0,,569.0,288.0,492.0,-243.0,336.0,,219.0
72.0,-775.0,,460.0,310.0,676.0,-229.0,642.0,,179.0
101.0,-583.0,,335.0,357.0,1126.0,-219.0,842.0,,153.0
87.0,-191.0,,359.0,337.0,1329.0,-203.0,1080.0,,136.0
101.0,297.0,,262.0,272.0,1125.0,-213.0,1278.0,,118.0
12.0,575.0,,168.0,280.0,1104.0,-233.0,1134.0,,96.0
44.0,683.0,,50.0,221.0,1287.0,-243.0,1210.0,,68.0
2.0,848.0,,-67.0,167.0,1311.0,-253.0,1027.0,,10.0
-32.0,959.0,,27.0,150.0,991.0,-267.0,1173.0,,-69.0
-2.0,1052.0,,134.0,67.0,809.0,-267.0,1289.0,,-160.0
7.0,1060.0,,301.0,40.0,982.0,-265.0,1365.0,,-242.0
40.0,962.0,,221.0,-9.0,980.0,-291.0,1526.0,,-309.0
-73.0,873.0,,208.0,-132.0,847.0,-319.0,1241.0,,-378.0
-31.0,803.0,,356.0,-165.0,841.0,-328.0,1182.0,,-425.0
-22.0,718.0,,330.0,-182.0,1077.0,-303.0,912.0,,-460.0
-24.0,764.0,,311.0,-162.0,1352.0,-258.0,934.0,,-467.0
-1.0,952.0,,315.0,-70.0,1597.0,-226.0,1117.0,,-437.0
-23.0,950.0,,336.0,-46.0,1909.0,-202.0,1160.0,,-376.0
-15.0,800.0,,287.0,10.0,1940.0,-196.0,1417.0,,-291.0
-79.0,477.0,,306.0,83.0,1846.0,-193.0,1285.0,,-211.0
-19.0,209.0,,314.0,50.0,2034.0,-161.0,1459.0,,-132.0
-38.0,86.0,,332.0,51.0,2182.0,-121.0,1481.0,,-86.0
-55.0,-95.0,,320.0,37.0,2184.0,-101.0,1430.0,,-78.0
-45.0,-8.0,,370.0,-16.0,2291.0,-110.0,1494.0,,-106.0
-48.0,351.0,,467.0,-29.0,2627.0,-121.0,1261.0,,-154.0
-43.0,652.0,,421.0,-134.0,3007.0,-116.0,1295.0,,-217.0
-64.0,669.0,,396.0,-240.0,2954.0,-118.0,1019.0,,-293.0
-46.0,558.0,,314.0,-249.0,2764.0,-110.0,979.0,,-353.0
-70.0,390.0,,357.0,-239.0,2765.0,-89.0,966.0,,-398.0
-52.0,48.0,,256.0,-132.0,2785.0,-80.0,844.0,,-412.0
-50.0,-332.0,,158.0,-10.0,2754.0,-63.0,1040.0,,-388.0
-53.0,-627.0,,241.0,52.0,2684.0,-65.0,995.0,,-319.0
0.0,-756.0,,130.0,185.0,2694.0,-90.0,1256.0,,-209.0
68.0,-826.0,,-11.0,270.0,2640.0,-111.0,1274.0,,-85.0
86.0,-805.0,,-80.0,267.0,2457.0,-127.0,1241.0,,39.0
103.0,-585.0,,-97.0,264.0,2335.0,-119.0,1273.0,,140.0
139.0,-241.0,,-131.0,163.0,2295.0,-115.0,1178.0,,217.0
159.0,85.0,,-103.0,76.0,2280.0,-123.0,1395.0,,274.0
119.0,249.0,,-70.0,92.0,2372.0,-158.0,1184.0,,294.0
111.0,388.0,,-125.0,106.0,2364.0,-190.0,1171.0,,298.0
114.0,672.0,,-144.0,173.0,2282.0,-201.0,1173.0,,290.0
54.0,982.0,,-134.0,220.0,2487.0,-199.0,1152.0,,270.0
59.0,1197.0,,-149.0,170.0,2838.0,-172.0,1393.0,,244.0
54.0,1428.0,,-62.0,194.0,3083.0,-178.0,1332.0,,236.0
39.0,1618.0,,179.0,238.0,3052.0,-205.0,1535.0,,237.0
-22.0,1572.0,,387.0,212.0,3258.0,-238.0,1468.0,,239.0
-24.0,1401.0,,419.0,192.0,3788.0,-280.0,1334.0,,265.0
-64.0,1344.0,,350.0,134.0,3959.0,-285.0,1136.0,,301.0
-145.0,1429.0,,297.0,98.0,3904.0,-264.0,787.0,,368.0
-152.0,1490.0,,363.0,108.0,3611.0,-245.0,881.0,,440.0
-176.0,1427.0,,425.0,18.0,3187.0,-235.0,868.0,,511.0
-174.0,1220.0,,383.0,-78.0,2860.0,-246.0,1121.0,,592.0
-229.0,940.0,,317.0,-86.0,2608.0,-245.0,1241.0,,651.0
-228.0,559.0,,190.0,-71.0,2394.0,-228.0,1359.0,,693.0
-240.0,169.0,,98.0,15.0,2009.0,-225.0,1524.0,,706.0
-247.0,-93.0,,121.0,135.0,1762.0,-230.0,1310.0,,691.0
-220.0,-400.0,,205.0,234.0,1915.0,-239.0,1378.0,,639.0
-269.0,-679.0,,97.0,369.0,2331.0,-246.0,1252.0,,566.0
-260.0,-869.0,,-2.0,435.0,2577.0,-278.0,1317.0,,474.0
-248.0,-835.0,,7.0,404.0,2495.0,-294.0,1313.0,,342.0
-270.0,-581.0,,-9.0,364.0,2454.0,-308.0,1141.0,,202.0
-302.0,-360.0,,-3.0,219.0,2587.0,-358.0,1130.0,,57.0
-294.0,-79.0,,-13.0,17.0,2616.0,-385.0,761.0,,-79.0
-228.0,176.0,,121.0,-111.0,2391.0,-420.0,670.0,,-187.0
-259.0,194.0,,57.0,-232.0,2278.0,-434.0,445.0,,-261.0
-286.0,-83.0,,-73.0,-282.0,2349.0,-434.0,441.0,,-302.0
-260.0,-264.0,,-29.0,-245.0,2466.0,-444.0,604.0,,-328.0
-306.0,-96.0,,-10.0,-215.0,2526.0,-409.0,526.0,,-350.0
-295.0,71.0,,20.0,-123.0,2499.0,-388.0,761.0,,-373.0
-277.0,138.0,,20.0,-53.0,2447.0,-390.0,620.0,,-411.0
-225.0,210.0,,83.0,-96.0,2540.0,-389.0,626.0,,-436.0
-234.0,346.0,,30.0,-109.0,2798.0,-402.0,493.0,,-432.0
-282.0,390.0,,-16.0,-79.0,2867.0,-438.0,260.0,,-429.0
-225.0,223.0,,8.0,-15.0,2769.0,-481.0,347.0,,-411.0
-257.0,64.0,,68.0,144.0,2630.0,-495.0,301.0,,-388.0
-207.0,-99.0,,98.0,292.0,2662.0,-489.0,670.0,,-355.0
-133.0,-302.0,,-50.0,389.0,2654.0,-485.0,877.0,,-306.0
-104.0,-364.0,,-41.0,449.0,2460.0,-492.0,1112.0,,-252.0
-84.0,-220.0,,-1.0,380.0,2352.0,-513.0,1204.0,,-183.0
-96.0,142.0,,-79.0,274.0,2270.0,-534.0,907.0,,-115.0
-71.0,334.0,,-210.0,180.0,2232.0,-539.0,770.0,,-47.0
-108.0,257.0,,-313.0,16.0,2147.0,-522.0,465.0,,24.0
-110.0,208.0,,-418.0,-87.0,2074.0,-507.0,558.0,,86.0
-122.0,148.0,,-581.0,-86.0,2101.0,-500.0,506.0,,123.0
-138.0,27.0,,-643.0,-80.0,2238.0,-498.0,388.0,,159.0
-135.0,-238.0,,-528.0,-44.0,2182.0,-509.0,413.0,,195.0
-140.0,-430.0,,-386.0,-29.0,1951.0,-523.0,186.0,,225.0
-140.0,-500.0,,-370.0,-52.0,2011.0,-518.0,365.0,,262.0
-181.0,-537.0,,-390.0,-11.0,2100.0,-513.0,352.0,,308.0
-143.0,-530.0,,-411.0,7.0,2111.0,-526.0,404.0,,361.0
-131.0,-423.0,,-432.0,9.0,2060.0,-523.0,511.0,,410.0
-141.0,-165.0,,-484.0,63.0,1892.0,-525.0,474.0,,463.0
-121.0,15.0,,-511.0,54.0,1815.0,-529.0,626.0,,504.0
-148.0,155.0,,-421.0,18.0,1723.0,-532.0,467.0,,545.0
-174.0,112.0,,-384.0,0.0,1484.0,-559.0,497.0,,568.0
-195.0,-86.0,,-393.0,-68.0,1229.0,-571.0,406.0,,568.0
-125.0,-374.0,,-395.0,-107.0,999.0,-573.0,434.0,,561.0
-98.0,-691.0,,-332.0,-122.0,854.0,-564.0,602.0,,522.0
-77.0,-913.0,,-160.0,-163.0,709.0,-572.0,480.0,,484.0
10.0,-1063.0,,-187.0,-142.0,564.0,-591.0,580.0,,450.0
-9.0,-1100.0,,-204.0,-133.0,608.0,-601.0,254.0,,442.0
21.0,-1258.0,,-167.0,-168.0,831.0,-618.0,116.0,,467.0
28.0,-1319.0,,-220.0,-146.0,1088.0,-615.0,40.0,,519.0
53.0,-1264.0,,-141.0,-154.0,1090.0,-612.0,-127.0,,595.0
80.0,-1146.0,,-25.0,-181.0,874.0,-623.0,120.0,,691.0
0.0,-904.0,,114.0,-154.0,754.0,-623.0,136.0,,811.0
45.0,-644.0,,178.0,-168.0,832.0,-621.0,380.0,,913.0
-13.0,-333.0,,136.0,-171.0,843.0,-635.0,345.0,,1011.0
42.0,-178.0,,76.0,-145.0,711.0,-643.0,221.0,,1083.0
78.0,-1.0,,14.0,-149.0,652.0,-629.0,158.0,,1111.0
64.0,152.0,,83.0,-83.0,605.0,-613.0,-31.0,,1125.0
170.0,270.0,,51.0,6.0,438.0,-612.0,114.0,,1107.0
94.0,447.0,,-50.0,42.0,141.0,-593.0,-136.0,,1072.0
215.0,588.0,,13.0,124.0,-67.0,-570.0,-195.0,,1014.0
166.0,767.0,,32.0,164.0,-140.0,-560.0,-371.0,,931.0
224.0,775.0,,-65.0,125.0,-349.0,-525.0,-585.0,,834.0
279.0,667.0,,-137.0,133.0,-621.0,-475.0,-537.0,,703.0
230.0,502.0,,-108.0,116.0,-719.0,-427.0,-816.0,,552.0
407.0,282.0,,-153.0,111.0,-731.0,-376.0,-674.0,,387.0
298.0,22.0,,-121.0,166.0,-728.0,-339.0,-624.0,,233.0
413.0,-209.0,,-24.0,150.0,-813.0,-316.0,-445.0,,119.0
351.0,-300.0,,3.0,117.0,-1068.0,-300.0,-376.0,,36.0
380.0,-324.0,,166.0,91.0,-1283.0,-287.0,-681.0,,3.0
422.0,-304.0,,166.0,30.0,-1319.0,-263.0,-757.0,,19.0
316.0,-407.0,,126.0,45.0,-1360.0,-235.0,-1012.0,,59.0
428.0,-508.0,,209.0,85.0,-1536.0,-179.0,-840.0,,120.0
269.0,-580.0,,146.0,103.0,-1750.0,-134.0,-744.0,,191.0
304.0,-544.0,,93.0,188.0,-1939.0,-124.0,-622.0,,265.0
253.0,-322.0,,118.0,223.0,-1997.0,-107.0,-365.0,,322.0
221.0,-49.0,,8.0,182.0,-1987.0,-105.0,-484.0,,351.0
231.0,319.0,,-104.0,170.0,-1948.0,-83.0,-434.0,,344.0
122.0,576.0,,-42.0,95.0,-1929.0,-26.0,-764.0,,316.0
179.0,617.0,,25.0,-16.0,-2017.0,34.0,-920.0,,256.0
51.0,545.0,,13.0,-120.0,-2054.0,71.0,-951.0,,165.0
-8.0,575.0,,-85.0,-260.0,-2147.0,81.0,-988.0,,70.0
30.0,514.0,,-148.0,-327.0,-2256.0,94.0,-733.0,,-43.0
-33.0,310.0,,-98.0,-334.0,-2282.0,116.0,-825.0,,-178.0
47.0,162.0,,-57.0,-364.0,-2225.0,171.0,-731.0,,-334.0
-94.0,78.0,,22.0,-335.0,-2260.0,227.0,-918.0,,-484.0
-89.0,-11.0,,75.0,-306.0,-2630.0,272.0,-1066.0,,-625.0
-101.0,-156.0,,30.0,-308.0,-2983.0,298.0,-970.0,,-740.0
-212.0,-20.0,,-17.0,-253.0,-2827.0,310.0,-1027.0,,-807.0
-179.0,259.0,,-124.0,-259.0,-2255.0,336.0,-798.0,,-849.0
-419.0,549.0,,-157.0,-329.0,-2034.0,325.0,-877.0,,-854.0
-231.0,724.0,,-42.0,-360.0,-2087.0,328.0,-783.0,,-852.0
-421.0,788.0,,-52.0,-433.0,-2065.0,356.0,-864.0,,-820.0
-409.0,798.0,,-131.0,-458.0,-2148.0,377.0,-1128.0,,-761.0
-456.0,560.0,,-207.0,-380.0,-2350.0,395.0,-1193.0,,-727.0
-563.0,260.0,,-274.0,-324.0,-2671.0,405.0,-1553.0,,-681.0
-361.0,-14.0,,-180.0,-213.0,-2777.0,412.0,-1561.0,,-651.0
-605.0,-25.0,,-155.0,-79.0,-2644.0,433.0,-1777.0,,-633.0
-307.0,89.0,,-285.0,-25.0,-2603.0,474.0,-1888.0,,-597.0
-482.0,149.0,,-318.0,43.0,-2754.0,493.0,-1860.0,,-568.0
-308.0,226.0,,-346.0,78.0,-2831.0,506.0,-1956.0,,-540.0
-329.0,331.0,,-380.0,80.0,-2769.0,518.0,-1657.0,,-493.0
-343.0,390.0,,-367.0,155.0,-2759.0,526.0,-1631.0,,-427.0
-132.0,305.0,,-432.0,173.0,-2758.0,531.0,-1441.0,,-350.0
-332.0,211.0,,-359.0,122.0,-2844.0,518.0,-1492.0,,-263.0
-7.0,38.0,,-221.0,92.0,-2925.0,500.0,-1677.0,,-166.0
-169.0,-53.0,,-218.0,23.0,-2881.0,513.0,-1638.0,,-66.0
72.0,-215.0,,-197.0,19.0,-2666.0,540.0,-1773.0,,25.0
20.0,-397.0,,-100.0,88.0,-2525.0,532.0,-1492.0,,93.0
115.0,-407.0,,-50.0,89.0,-2790.0,543.0,-1378.0,,132.0
258.0,-323.0,,-262.0,104.0,-3029.0,566.0,-1173.0,,141.0
176.0,-149.0,,-385.0,104.0,-2800.0,618.0,-1075.0,,120.0
412.0,-68.0,,-326.0,46.0,-2583.0,643.0,-1132.0,,85.0
218.0,88.0,,-307.0,52.0,-2639.0,620.0,-958.0,,40.0
470.0,169.0,,-140.0,42.0,-2481.0,615.0,-1128.0,,-3.0
385.0,120.0,,-42.0,8.0,-2220.0,604.0,-1036.0,,-28.0
536.0,27.0,,-5.0,59.0,-2105.0,627.0,-1230.0,,-33.0
520.0,-102.0,,27.0,90.0,-2166.0,646.0,-1402.0,,-22.0
486.0,-167.0,,30.0,97.0,-2403.0,647.0,-1378.0,,-8.0
630.0,-228.0,,25.0,107.0,-2563.0,651.0,-1585.0,,-11.0
442.0,-91.0,,-86.0,24.0,-2537.0,646.0,-1487.0,,-26.0
607.0,199.0,,-64.0,-55.0,-2361.0,641.0,-1690.0,,-52.0
438.0,466.0,,-105.0,-94.0,-2350.0,607.0,-1662.0,,-82.0
564.0,550.0,,-169.0,-171.0,-2469.0,580.0,-1616.0,,-107.0
434.0,465.0,,-71.0,-191.0,-2385.0,557.0,-1548.0,,-132.0
477.0,218.0,,-77.0,-180.0,-2122.0,554.0,-1215.0,,-156.0
481.0,-202.0,,-200.0,-184.0,-1930.0,565.0,-1274.0,,-179.0
286.0,-509.0,,-170.0,-112.0,-1985.0,543.0,-1112.0,,-207.0
376.0,-743.0,,37.0,-78.0,-2004.0,520.0,-1193.0,,-236.0
195.0,-865.0,,-78.0,-118.0,-1844.0,503.0,-1136.0,,-295.0
293.0,-736.0,,-176.0,-121.0,-1702.0,483.0,-984.0,,-374.0
92.0,-408.0,,-154.0,-163.0,-1800.0,465.0,-994.0,,-459.0
203.0,149.0,,-292.0,-180.0,-1954.0,445.0,-624.0,,-568.0
120.0,641.0,,-166.0,-83.0,-1800.0,455.0,-630.0,,-685.0
19.0,1067.0,,-72.0,-2.0,-1659.0,472.0,-532.0,,-797.0
95.0,1419.0,,-138.0,88.0,-1905.0,479.0,-683.0,,-887.0
-18.0,1431.0,,-183.0,165.0,-2253.0,509.0,-944.0,,-953.0
46.0,1258.0,,-212.0,135.0,-2368.0,507.0,-901.0,,-1001.0
-116.0,850.0,,-258.0,125.0,-2347.0,497.0,-1029.0,,-1018.0
28.0,420.0,,-274.0,98.0,-2406.0,500.0,-770.0,,-995.0
-110.0,125.0,,-134.0,20.0,-2553.0,498.0,-654.0,,-947.0
-89.0,-97.0,,-161.0,2.0,-2394.0,509.0,-445.0,,-877.0
-99.0,-234.0,,-159.0,-41.0,-2079.0,509.0,-397.0,,-797.0
-121.0,-250.0,,-73.0,-93.0,-1934.0,513.0,-604.0,,-711.0
-74.0,-119.0,,-28.0,-67.0,-1941.0,537.0,-546.0,,-623.0
-102.0,-82.0,,66.0,-52.0,-2078.0,554.0,-770.0,,-550.0
33.0,-154.0,,42.0,-5.0,-2139.0,558.0,-698.0,,-477.0
-124.0,-357.0,,-62.0,73.0,-2226.0,558.0,-788.0,,-420.0
31.0,-417.0,,-79.0,58.0,-2184.0,573.0,-851.0,,-379.0
-86.0,-446.0,,-43.0,48.0,-2051.0,601.0,-692.0,,-327.0
-58.0,-561.0,,-155.0,59.0,-1964.0,599.0,-794.0,,-286.0
-68.0,-422.0,,-199.0,40.0,-1952.0,611.0,-655.0,,-231.0
-18.0,-81.0,,-75.0,103.0,-2161.0,621.0,-770.0,,-155.0
11.0,387.0,,-137.0,161.0,-2308.0,613.0,-687.0,,-81.0
-157.0,702.0,,-246.0,157.0,-2226.0,630.0,-633.0,,2.0
52.0,1022.0,,-83.0,181.0,-1844.0,645.0,-722.0,,60.0
-76.0,1274.0,,-134.0,148.0,-1435.0,660.0,-594.0,,90.0
35.0,1279.0,,-213.0,111.0,-1262.0,658.0,-698.0,,102.0
-38.0,1084.0,,21.0,139.0,-1252.0,642.0,-471.0,,71.0
28.0,641.0,,-27.0,128.0,-1336.0,632.0,-445.0,,-2.0
28.0,259.0,,-69.0,156.0,-1341.0,623.0,-328.0,,-96.0
-44.0,-178.0,,111.0,202.0,-1234.0,617.0,-160.0,,-194.0
109.0,-586.0,,152.0,159.0,-1151.0,604.0,-314.0,,-280.0
-87.0,-902.0,,18.0,138.0,-1262.0,596.0,-194.0,,-332.0
14.0,-1094.0,,25.0,78.0,-1374.0,604.0,-388.0,,-355.0
-19.0,-1136.0,,31.0,-50.0,-1262.0,609.0,-317.0,,-375.0
55.0,-1082.0,,-114.0,-85.0,-1201.0,610.0,-284.0,,-391.0
-13.0,-824.0,,-136.0,-84.0,-1435.0,615.0,-371.0,,-406.0
16.0,-572.0,,-242.0,-27.0,-1625.0,606.0,-275.0,,-433.0
122.0,-169.0,,-310.0,141.0,-1406.0,609.0,-415.0,,-464.0
10.0,133.0,,-268.0,237.0,-984.0,633.0,-169.0,,-490.0
138.0,266.0,,-142.0,272.0,-886.0,666.0,-136.0,,-512.0
88.0,359.0,,-1.0,252.0,-1130.0,689.0,-35.0,,-506.0
161.0,259.0,,-32.0,108.0,-1135.0,676.0,24.0,,-455.0
93.0,144.0,,27.0,13.0,-876.0,642.0,-168.0,,-351.0
155.0,-37.0,,24.0,-19.0,-778.0,593.0,-57.0,,-203.0
171.0,-147.0,,43.0,-53.0,-747.0,574.0,-179.0,,-28.0
147.0,-240.0,,183.0,-11.0,-477.0,601.0,72.0,,182.0
268.0,-267.0,,265.0,9.0,-212.0,615.0,192.0,,392.0
204.0,-227.0,,345.0,-4.0,-169.0,608.0,118.0,,594.0
244.0,-212.0,,278.0,26.0,-262.0,576.0,86.0,,770.0
263.0,-244.0,,226.0,-5.0,-314.0,536.0,-256.0,,903.0
350.0,-376.0,,241.0,-41.0,-199.0,509.0,-338.0,,1001.0
228.0,-339.0,,274.0,-38.0,-37.0,487.0,-641.0,,1062.0
263.0,-323.0,,351.0,-88.0,181.0,459.0,-698.0,,1128.0
336.0,-252.0,,374.0,-82.0,222.0,420.0,-702.0,,1175.0
312.0,-163.0,,350.0,-61.0,124.0,391.0,-803.0,,1203.0
335.0,-144.0,,290.0,-115.0,272.0,372.0,-606.0,,1214.0
319.0,-160.0,,200.0,-108.0,582.0,380.0,-691.0,,1207.0
422.0,-250.0,,212.0,-93.0,715.0,378.0,-441.0,,1184.0
347.0,-219.0,,353.0,-99.0,525.0,355.0,-341.0,,1131.0
432.0,-179.0,,335.0,-28.0,502.0,349.0,-323.0,,1071.0
468.0,-27.0,,308.0,13.0,789.0,340.0,-256.0,,976.0
510.0,82.0,,215.0,32.0,895.0,332.0,-365.0,,850.0
551.0,225.0,,68.0,89.0,608.0,337.0,-83.0,,717.0
596.0,453.0,,160.0,74.0,365.0,327.0,-70.0,,564.0
645.0,538.0,,206.0,76.0,480.0,292.0,90.0,,411.0
607.0,513.0,,228.0,132.0,684.0,274.0,125.0,,265.0
762.0,375.0,,314.0,148.0,879.0,253.0,-18.0,,133.0
730.0,311.0,,345.0,198.0,929.0,231.0,38.0,,37.0
743.0,244.0,,260.0,238.0,1005.0,219.0,-219.0,,-28.0
726.0,161.0,,130.0,241.0,1241.0,193.0,-210.0,,-71.0
749.0,64.0,,104.0,318.0,1347.0,165.0,-428.0,,-93.0
703.0,114.0,,133.0,364.0,1211.0,137.0,-484.0,,-101.0
620.0,242.0,,167.0,357.0,959.0,126.0,-386.0,,-80.0
626.0,246.0,,129.0,381.0,943.0,133.0,-552.0,,-31.0
447.0,280.0,,148.0,334.0,1208.0,148.0,-441.0,,40.0
453.0,325.0,,187.0,285.0,1447.0,152.0,-624.0,,131.0
377.0,429.0,,114.0,300.0,1391.0,150.0,-530.0,,220.0
336.0,376.0,,87.0,270.0,1331.0,157.0,-445.0,,285.0
227.0,290.0,,69.0,265.0,1598.0,171.0,-412.0,,326.0
147.0,420.0,,93.0,267.0,1819.0,190.0,-197.0,,354.0
146.0,636.0,,78.0,205.0,1734.0,180.0,-325.0,,360.0
15.0,790.0,,69.0,190.0,1554.0,144.0,-254.0,,362.0
59.0,755.0,,-10.0,181.0,1563.0,112.0,-419.0,,365.0
-34.0,636.0,,-107.0,170.0,1585.0,91.0,-378.0,,389.0
-64.0,406.0,,16.0,218.0,1552.0,110.0,-238.0,,422.0
-71.0,25.0,,13.0,195.0,1672.0,133.0,-225.0,,444.0
-51.0,-515.0,,73.0,122.0,1685.0,126.0,99.0,,466.0
-34.0,-986.0,,79.0,63.0,1635.0,132.0,53.0,,471.0
-50.0,-1326.0,,-28.0,-44.0,1766.0,153.0,118.0,,449.0
67.0,-1599.0,,4.0,-104.0,1913.0,168.0,3.0,,407.0
61.0,-1540.0,,33.0,-137.0,1972.0,162.0,-68.0,,377.0
106.0,-1265.0,,122.0,-236.0,1942.0,159.0,94.0,,333.0
118.0,-864.0,,36.0,-267.0,2088.0,158.0,77.0,,276.0
198.0,-361.0,,-31.0,-256.0,2412.0,149.0,332.0,,235.0
212.0,134.0,,-41.0,-255.0,2613.0,141.0,267.0,,192.0
219.0,517.0,,-65.0,-189.0,2758.0,119.0,363.0,,153.0
266.0,668.0,,81.0,-154.0,3016.0,91.0,308.0,,115.0
241.0,648.0,,81.0,-143.0,3366.0,75.0,-20.0,,87.0
341.0,479.0,,17.0,-101.0,3460.0,89.0,-73.0,,90.0
319.0,188.0,,-26.0,-149.0,3277.0,124.0,-327.0,,118.0
401.0,-166.0,,-61.0,-200.0,3252.0,164.0,-188.0,,157.0
413.0,-368.0,,-48.0,-205.0,3543.0,194.0,-227.0,,192.0
442.0,-426.0,,-85.0,-235.0,3775.0,198.0,-286.0,,210.0
470.0,-504.0,,-102.0,-170.0,3664.0,200.0,-232.0,,225.0
471.0,-600.0,,-86.0,-59.0,3413.0,221.0,-369.0,,225.0
555.0,-728.0,,-130.0,16.0,3326.0,212.0,-173.0,,223.0
485.0,-823.0,,-106.0,138.0,3502.0,204.0,-269.0,,223.0
490.0,-858.0,,108.0,213.0,3614.0,218.0,-162.0,,226.0
410.0,-856.0,,211.0,251.0,3464.0,199.0,-168.0,,240.0
415.0,-857.0,,152.0,311.0,3348.0,202.0,-363.0,,252.0
339.0,-719.0,,153.0,279.0,3399.0,233.0,-332.0,,251.0
289.0,-519.0,,152.0,231.0,3387.0,249.0,-489.0,,211.0
314.0,-435.0,,195.0,207.0,3220.0,249.0,-266.0,,145.0
264.0,-328.0,,179.0,117.0,2950.0,244.0,-254.0,,52.0
251.0,-161.0,,80.0,88.0,2928.0,224.0,-134.0,,-32.0
210.0,8.0,,150.0,91.0,3228.0,192.0,9.0,,-94.0
282.0,124.0,,173.0,27.0,3318.0,137.0,-153.0,,-134.0
152.0,225.0,,200.0,4.0,3209.0,95.0,-18.0,,-143.0
189.0,328.0,,403.0,-32.0,3219.0,102.0,-188.0,,-145.0
193.0,299.0,,551.0,-56.0,3270.0,112.0,-112.0,,-126.0
133.0,102.0,,516.0,3.0,2998.0,128.0,-40.0,,-115.0
173.0,23.0,,472.0,-8.0,2556.0,110.0,-42.0,,-118.0
143.0,62.0,,471.0,-49.0,2245.0,88.0,-11.0,,-133.0
229.0,47.0,,501.0,-63.0,2086.0,56.0,-271.0,,-192.0
184.0,49.0,,650.0,-124.0,2023.0,18.0,-105.0,,-286.0
257.0,66.0,,725.0,-126.0,1849.0,21.0,-77.0,,-404.0
263.0,90.0,,750.0,-89.0,1687.0,3.0,24.0,,-533.0
283.0,9.0,,640.0,-65.0,1633.0,5.0,48.0,,-636.0
325.0,-107.0,,484.0,57.0,1768.0,-4.0,-14.0,,-695.0
301.0,-181.0,,429.0,166.0,1988.0,-17.0,260.0,,-692.0
334.0,-182.0,,401.0,202.0,2093.0,-28.0,210.0,,-626.0
342.0,-185.0,,391.0,250.0,2139.0,-67.0,380.0,,-509.0
382.0,-195.0,,200.0,201.0,2208.0,-80.0,312.0,,-341.0
373.0,-111.0,,87.0,95.0,2259.0,-114.0,177.0,,-156.0
459.0,25.0,,63.0,5.0,2020.0,-131.0,153.0,,48.0
457.0,337.0,,53.0,-112.0,1631.0,-99.0,-203.0,,255.0
514.0,553.0,,-44.0,-129.0,1427.0,-91.0,-260.0,,440.0
512.0,657.0,,-187.0,-103.0,1465.0,-90.0,-467.0,,589.0
504.0,789.0,,-33.0,-129.0,1381.0,-78.0,-489.0,,699.0
566.0,828.0,,59.0,-86.0,1051.0,-82.0,-615.0,,781.0
507.0,699.0,,134.0,-64.0,878.0,-75.0,-835.0,,809.0
568.0,498.0,,276.0,-78.0,920.0,-63.0,-639.0,,815.0
560.0,499.0,,388.0,-39.0,1006.0,-59.0,-620.0,,819.0
549.0,424.0,,361.0,-68.0,1038.0,-38.0,-327.0,,847.0
499.0,269.0,,249.0,-99.0,1136.0,-36.0,-225.0,,909.0
555.0,133.0,,404.0,-59.0,1211.0,-14.0,-83.0,,1004.0
535.0,20.0,,516.0,-58.0,1127.0,6.0,179.0,,1105.0
424.0,-69.0,,415.0,-12.0,976.0,12.0,131.0,,1176.0
438.0,-328.0,,272.0,28.0,719.0,68.0,310.0,,1238.0
390.0,-474.0,,213.0,-22.0,442.0,94.0,221.0,,1262.0
371.0,-556.0,,96.0,-27.0,360.0,102.0,303.0,,1262.0
270.0,-640.0,,-8.0,-51.0,534.0,123.0,328.0,,1260.0
263.0,-574.0,,7.0,-90.0,679.0,132.0,158.0,,1241.0
218.0,-441.0,,-27.0,-52.0,535.0,140.0,96.0,,1238.0
255.0,-353.0,,-81.0,-84.0,374.0,106.0,-195.0,,1246.0
279.0,-226.0,,-189.0,-115.0,577.0,68.0,-49.0,,1248.0
226.0,-45.0,,-73.0,-99.0,784.0,59.0,-40.0,,1238.0
313.0,-49.0,,179.0,-139.0,672.0,57.0,66.0,,1192.0
307.0,4.0,,240.0,-122.0,673.0,79.0,249.0,,1122.0
337.0,70.0,,297.0,-106.0,1099.0,91.0,120.0,,1040.0
256.0,87.0,,344.0,-156.0,1441.0,82.0,192.0,,947.0
290.0,80.0,,386.0,-122.0,1032.0,96.0,-103.0,,854.0
311.0,-10.0,,378.0,-91.0,450.0,111.0,-197.0,,760.0
259.0,84.0,,336.0,-83.0,444.0,137.0,-275.0,,682.0
288.0,166.0,,489.0,-30.0,657.0,144.0,-275.0,,602.0
247.0,250.0,,608.0,-52.0,778.0,127.0,35.0,,538.0
261.0,296.0,,595.0,-64.0,786.0,124.0,88.0,,498.0
184.0,350.0,,477.0,-38.0,710.0,134.0,360.0,,459.0
175.0,406.0,,248.0,-90.0,648.0,171.0,271.0,,435.0
102.0,324.0,,162.0,-95.0,561.0,182.0,282.0,,415.0
19.0,311.0,,225.0,-68.0,613.0,173.0,356.0,,417.0
-12.0,163.0,,245.0,-62.0,759.0,140.0,273.0,,421.0
-112.0,41.0,,216.0,21.0,810.0,93.0,509.0,,433.0
-226.0,-2.0,,184.0,80.0,852.0,80.0,471.0,,469.0
-320.0,-81.0,,75.0,119.0,811.0,81.0,705.0,,509.0
-280.0,-202.0,,46.0,208.0,576.0,85.0,724.0,,540.0
-356.0,-253.0,,145.0,216.0,169.0,79.0,659.0,,557.0
-388.0,-148.0,,59.0,213.0,58.0,78.0,816.0,,558.0
-367.0,-135.0,,-96.0,231.0,501.0,75.0,801.0,,532.0
-381.0,-36.0,,-63.0,166.0,794.0,76.0,1108.0,,512.0
-343.0,140.0,,0.0,141.0,486.0,93.0,1114.0,,491.0
-335.0,307.0,,31.0,124.0,91.0,99.0,1169.0,,475.0
-268.0,353.0,,9.0,59.0,68.0,111.0,1062.0,,481.0
-233.0,289.0,,-11.0,64.0,104.0,134.0,774.0,,498.0
-214.0,303.0,,-18.0,24.0,31.0,148.0,729.0,,525.0
-151.0,301.0,,30.0,-65.0,56.0,149.0,419.0,,548.0
-128.0,283.0,,130.0,-120.0,250.0,154.0,533.0,,572.0
-107.0,304.0,,169.0,-252.0,588.0,172.0,569.0,,581.0
-30.0,369.0,,268.0,-350.0,705.0,178.0,642.0,,557.0
-20.0,337.0,,265.0,-360.0,513.0,157.0,837.0,,503.0
-49.0,220.0,,325.0,-382.0,388.0,153.0,772.0,,411.0
41.0,152.0,,418.0,-321.0,564.0,161.0,1001.0,,281.0
90.0,39.0,,310.0,-280.0,866.0,157.0,844.0,,138.0
83.0,-193.0,,238.0,-327.0,820.0,154.0,737.0,,17.0
83.0,-339.0,,188.0,-313.0,566.0,146.0,617.0,,-60.0
61.0,-324.0,,77.0,-316.0,554.0,146.0,537.0,,-100.0
101.0,-281.0,,89.0,-308.0,735.0,149.0,715.0,,-117.0
93.0,-169.0,,169.0,-210.0,759.0,164.0,569.0,,-109.0
60.0,-98.0,,104.0,-138.0,372.0,184.0,774.0,,-101.0
9.0,-173.0,,63.0,-28.0,106.0,179.0,814.0,,-95.0
-3.0,-220.0,,169.0,114.0,280.0,179.0,918.0,,-97.0
21.0,-168.0,,197.0,180.0,281.0,197.0,1006.0,,-106.0
-49.0,-120.0,,0.0,276.0,158.0,208.0,801.0,,-104.0
-105.0,-118.0,,-89.0,335.0,127.0,202.0,970.0,,-103.0
-158.0,-151.0,,-52.0,310.0,155.0,185.0,881.0,,-99.0
-233.0,-146.0,,-119.0,347.0,350.0,163.0,960.0,,-100.0
-387.0,-120.0,,-183.0,350.0,490.0,144.0,866.0,,-104.0
-391.0,-167.0,,-103.0,319.0,451.0,130.0,705.0,,-108.0
-417.0,-185.0,,-41.0,315.0,310.0,116.0,842.0,,-113.0
-548.0,-173.0,,-89.0,230.0,319.0,85.0,781.0,,-117.0
-581.0,-111.0,,-124.0,168.0,469.0,36.0,1018.0,,-112.0
-618.0,64.0,,-275.0,152.0,454.0,16.0,960.0,,-97.0
-618.0,171.0,,-387.0,90.0,305.0,7.0,984.0,,-62.0
-707.0,153.0,,-397.0,114.0,449.0,4.0,1023.0,,-2.0
-720.0,56.0,,-218.0,157.0,859.0,5.0,914.0,,63.0
-775.0,-22.0,,23.0,164.0,1033.0,-23.0,1045.0,,114.0
-768.0,-104.0,,-228.0,242.0,1007.0,-39.0,883.0,,148.0
-721.0,-201.0,,-228.0,260.0,1072.0,-36.0,1053.0,,167.0
-706.0,-89.0,,32.0,235.0,1410.0,-35.0,997.0,,165.0
-629.0,73.0,,-64.0,231.0,1667.0,-49.0,875.0,,160.0
-606.0,279.0,,-136.0,116.0,1577.0,-78.0,822.0,,139.0
-519.0,544.0,,-81.0,6.0,1327.0,-95.0,478.0,,101.0
-551.0,761.0,,121.0,-58.0,1001.0,-123.0,498.0,,67.0
-455.0,918.0,,-194.0,-145.0,812.0,-171.0,256.0,,31.0
-394.0,920.0,,-332.0,-132.0,744.0,-234.0,291.0,,13.0
-392.0,891.0,,-27.0,-108.0,615.0,-296.0,417.0,,1.0
-387.0,767.0,,-451.0,-117.0,485.0,-356.0,504.0,,3.0
-327.0,677.0,,-544.0,-81.0,496.0,-417.0,853.0,,47.0
-224.0,578.0,,-293.0,-122.0,706.0,-452.0,752.0,,104.0
-276.0,387.0,,-470.0,-160.0,907.0,-476.0,855.0,,181.0
-187.0,229.0,,-453.0,-129.0,787.0,-507.0,739.0,,287.0
-190.0,22.0,,-320.0,-155.0,648.0,-532.0,681.0,,419.0
-182.0,-108.0,,-454.0,-140.0,813.0,-546.0,798.0,,555.0
-274.0,-220.0,,-422.0,-120.0,959.0,-571.0,718.0,,680.0
-261.0,-202.0,,-203.0,-180.0,700.0,-576.0,968.0,,790.0
-242.0,-151.0,,-275.0,-193.0,223.0,-602.0,986.0,,862.0
-283.0,-145.0,,-385.0,-214.0,89.0,-649.0,1201.0,,888.0
-271.0,-149.0,,-388.0,-236.0,337.0,-677.0,1228.0,,854.0
-378.0,-170.0,,-439.0,-169.0,538.0,-739.0,1125.0,,760.0
-210.0,-76.0,,-238.0,-169.0,548.0,-779.0,1206.0,,623.0
-289.0,-56.0,,-189.0,-185.0,570.0,-792.0,1003.0,,452.0
-309.0,93.0,,-535.0,-141.0,606.0,-802.0,1104.0,,266.0
-299.0,318.0,,-388.0,-156.0,542.0,-823.0,949.0,,108.0
-360.0,512.0,,-192.0,-119.0,434.0,-852.0,925.0,,-21.0
-320.0,684.0,,-494.0,-72.0,431.0,-850.0,951.0,,-121.0
-467.0,622.0,,-568.0,-99.0,441.0,-842.0,875.0,,-179.0
-507.0,500.0,,-323.0,-61.0,339.0,-831.0,1140.0,,-204.0
-609.0,391.0,,-415.0,-51.0,160.0,-826.0,1006.0,,-199.0
-557.0,258.0,,-635.0,-82.0,-57.0,-810.0,1034.0,,-190.0
-579.0,185.0,,-501.0,-58.0,-305.0,-811.0,842.0,,-174.0
-656.0,240.0,,-446.0,-91.0,-532.0,-818.0,642.0,,-164.0
-651.0,233.0,,-517.0,-119.0,-550.0,-816.0,705.0,,-167.0
-684.0,237.0,,-492.0,-118.0,-659.0,-819.0,606.0,,-179.0
-603.0,367.0,,-414.0,-184.0,-870.0,-811.0,855.0,,-202.0
-634.0,449.0,,-526.0,-171.0,-893.0,-831.0,853.0,,-213.0
-625.0,448.0,,-483.0,-131.0,-728.0,-843.0,1058.0,,-212.0
-596.0,394.0,,-394.0,-144.0,-465.0,-876.0,1210.0,,-192.0
-479.0,390.0,,-375.0,-73.0,-355.0,-895.0,1186.0,,-135.0
-490.0,476.0,,-103.0,-32.0,-110.0,-879.0,1398.0,,-39.0
-572.0,581.0,,-201.0,-3.0,256.0,-868.0,1300.0,,56.0
-440.0,670.0,,-178.0,94.0,244.0,-839.0,1516.0,,151.0
-395.0,831.0,,-29.0,133.0,-64.0,-828.0,1539.0,,239.0
-325.0,988.0,,-57.0,208.0,-203.0,-835.0,1515.0,,306.0
-313.0,1021.0,,55.0,296.0,-47.0,-846.0,1553.0,,359.0
-238.0,882.0,,93.0,293.0,31.0,-833.0,1398.0,,383.0
-116.0,758.0,,81.0,340.0,-166.0,-833.0,1655.0,,416.0
-24.0,691.0,,-12.0,383.0,-336.0,-843.0,1644.0,,451.0
37.0,427.0,,18.0,386.0,-369.0,-842.0,1698.0,,486.0
49.0,68.0,,34.0,443.0,-530.0,-833.0,1576.0,,543.0
115.0,-290.0,,-174.0,415.0,-611.0,-788.0,1339.0,,598.0
67.0,-520.0,,-347.0,319.0,-563.0,-740.0,1383.0,,644.0
151.0,-697.0,,-325.0,245.0,-547.0,-691.0,1151.0,,667.0
156.0,-799.0,,-289.0,117.0,-482.0,-671.0,1204.0,,667.0
169.0,-751.0,,-291.0,49.0,-442.0,-677.0,1095.0,,632.0
225.0,-677.0,,-319.0,16.0,-379.0,-676.0,1116.0,,589.0
129.0,-494.0,,-373.0,-69.0,-419.0,-668.0,1191.0,,554.0
201.0,-279.0,,-310.0,-50.0,-490.0,-642.0,957.0,,526.0
231.0,-63.0,,-317.0,10.0,-353.0,-612.0,968.0,,509.0
222.0,2.0,,-241.0,42.0,-323.0,-595.0,750.0,,493.0
162.0,-14.0,,-296.0,100.0,-507.0,-581.0,853.0,,469.0
106.0,-32.0,,-276.0,76.0,-773.0,-551.0,885.0,,445.0
98.0,-120.0,,31.0,48.0,-932.0,-520.0,929.0,,430.0
16.0,-102.0,,-34.0,66.0,-795.0,-476.0,1261.0,,421.0
41.0,-20.0,,-178.0,12.0,-563.0,-447.0,1315.0,,412.0
-8.0,81.0,,-119.0,5.0,-480.0,-419.0,1579.0,,408.0
-81.0,109.0,,-62.0,13.0,-457.0,-391.0,1446.0,,430.0
-3.0,79.0,,-50.0,-58.0,-450.0,-387.0,1291.0,,460.0
-88.0,-44.0,,-17.0,-73.0,-598.0,-354.0,999.0,,498.0
-154.0,-241.0,,-58.0,-104.0,-849.0,-327.0,528.0,,568.0
-100.0,-292.0,,-96.0,-175.0,-1189.0,-318.0,558.0,,637.0
-74.0,-419.0,,-69.0,-194.0,-1480.0,-317.0,498.0,,714.0
-129.0,-664.0,,-150.0,-246.0,-1675.0,-306.0,833.0,,788.0
-276.0,-819.0,,-232.0,-220.0,-1853.0,-278.0,981.0,,845.0
-297.0,-832.0,,-193.0,-87.0,-1891.0,-257.0,1003.0,,875.0
-294.0,-807.0,,-251.0,-15.0,-1989.0,-202.0,1104.0,,864.0
-248.0,-715.0,,-474.0,91.0,-2111.0,-154.0,949.0,,841.0
-278.0,-526.0,,-328.0,181.0,-2059.0,-128.0,1110.0,,796.0
-322.0,-417.0,,-52.0,172.0,-2082.0,-116.0,1003.0,,740.0
-283.0,-392.0,,-242.0,210.0,-2209.0,-137.0,1128.0,,693.0
-240.0,-374.0,,-263.0,208.0,-2112.0,-132.0,1223.0,,669.0
-220.0,-230.0,,10.0,172.0,-1794.0,-120.0,1171.0,,671.0
-241.0,-64.0,,-89.0,159.0,-1598.0,-102.0,1332.0,,679.0
-184.0,-101.0,,-94.0,31.0,-1774.0,-93.0,1138.0,,711.0
-192.0,-260.0,,-48.0,-74.0,-1971.0,-92.0,1252.0,,755.0
-168.0,-297.0,,-122.0,-100.0,-1800.0,-73.0,1103.0,,805.0
-190.0,-299.0,,-44.0,-170.0,-1689.0,-68.0,853.0,,858.0
-193.0,-419.0,,-72.0,-193.0,-1960.0,-60.0,668.0,,894.0
-157.0,-454.0,,-58.0,-221.0,-2312.0,-51.0,345.0,,919.0
-179.0,-365.0,,13.0,-266.0,-2410.0,-56.0,402.0,,907.0
-181.0,-313.0,,149.0,-214.0,-2339.0,-93.0,240.0,,863.0
-249.0,-323.0,,141.0,-200.0,-2308.0,-116.0,328.0,,792.0
-180.0,-300.0,,170.0,-185.0,-2304.0,-88.0,291.0,,701.0
-104.0,-214.0,,326.0,-110.0,-2155.0,-50.0,166.0,,605.0
-210.0,31.0,,309.0,-113.0,-1921.0,5.0,192.0,,504.0
-274.0,221.0,,300.0,-88.0,-1847.0,24.0,-60.0,,419.0
-261.0,260.0,,217.0,-20.0,-1973.0,14.0,103.0,,340.0
-215.0,498.0,,204.0,-8.0,-2185.0,10.0,70.0,,291.0
-184.0,791.0,,219.0,14.0,-2313.0,23.0,182.0,,262.0
-207.0,834.0,,312.0,-33.0,-2462.0,62.0,321.0,,257.0
-217.0,680.0,,264.0,-105.0,-2706.0,96.0,256.0,,297.0
-205.0,472.0,,13.0,-55.0,-2878.0,138.0,528.0,,361.0
-121.0,178.0,,99.0,-38.0,-3015.0,160.0,485.0,,441.0
-180.0,-235.0,,96.0,-33.0,-3073.0,161.0,694.0,,526.0
-187.0,-735.0,,-13.0,14.0,-2921.0,152.0,698.0,,600.0
-210.0,-1064.0,,68.0,4.0,-2805.0,164.0,526.0,,639.0
-259.0,-1075.0,,162.0,34.0,-2839.0,210.0,365.0,,645.0
-206.0,-1077.0,,205.0,62.0,-2876.0,249.0,-177.0,,621.0
-357.0,-1060.0,,263.0,43.0,-2718.0,267.0,-327.0,,554.0
-337.0,-831.0,,311.0,117.0,-2458.0,265.0,-543.0,,469.0
-409.0,-546.0,,340.0,165.0,-2529.0,264.0,-410.0,,368.0
-438.0,-424.0,,277.0,167.0,-2882.0,269.0,-225.0,,263.0
-446.0,-440.0,,232.0,228.0,-3019.0,291.0,-236.0,,170.0
-462.0,-416.0,,437.0,229.0,-2628.0,324.0,-109.0,,81.0
-420.0,-393.0,,428.0,225.0,-2393.0,338.0,-467.0,,14.0
-529.0,-505.0,,406.0,231.0,-2693.0,343.0,-524.0,,-41.0
-513.0,-565.0,,489.0,139.0,-2937.0,339.0,-609.0,,-82.0
-615.0,-606.0,,538.0,89.0,-2737.0,327.0,-580.0,,-120.0
-462.0,-651.0,,653.0,49.0,-2463.0,313.0,-432.0,,-161.0
-389.0,-497.0,,509.0,-25.0,-2706.0,306.0,-583.0,,-185.0
-391.0,-295.0,,566.0,-25.0,-2989.0,307.0,-419.0,,-209.0
-493.0,-147.0,,674.0,-73.0,-2896.0,280.0,-482.0,,-215.0
-591.0,-54.0,,622.0,-116.0,-2756.0,266.0,-352.0,,-200.0
-379.0,122.0,,581.0,-67.0,-2810.0,283.0,-351.0,,-172.0
-378.0,350.0,,460.0,-67.0,-2767.0,296.0,-489.0,,-136.0
-337.0,386.0,,528.0,-32.0,-2514.0,294.0,-408.0,,-108.0
-408.0,380.0,,498.0,26.0,-2314.0,277.0,-600.0,,-101.0
-327.0,481.0,,435.0,22.0,-2184.0,263.0,-413.0,,-131.0
-360.0,508.0,,400.0,64.0,-2183.0,239.0,-424.0,,-207.0
-348.0,419.0,,456.0,37.0,-2093.0,232.0,-362.0,,-322.0
-271.0,374.0,,567.0,-76.0,-1980.0,229.0,-177.0,,-458.0
-332.0,223.0,,476.0,-112.0,-2020.0,197.0,-205.0,,-601.0
-247.0,22.0,,501.0,-157.0,-1955.0,171.0,27.0,,-725.0
-354.0,-246.0,,572.0,-185.0,-1782.0,122.0,-84.0,,-844.0
-320.0,-569.0,,500.0,-148.0,-1602.0,76.0,-62.0,,-956.0
-387.0,-627.0,,341.0,-147.0,-1620.0,69.0,-175.0,,-1043.0
-360.0,-546.0,,358.0,-71.0,-1652.0,88.0,-389.0,,-1120.0
-293.0,-461.0,,447.0,18.0,-1564.0,102.0,-493.0,,-1169.0
-354.0,-504.0,,385.0,21.0,-1578.0,88.0,-890.0,,-1203.0
-448.0,-503.0,,229.0,80.0,-1389.0,38.0,-942.0,,-1222.0
-482.0,-309.0,,175.0,121.0,-1143.0,-25.0,-1134.0,,-1244.0
-329.0,-213.0,,171.0,116.0,-1135.0,-37.0,-1064.0,,-1277.0
-404.0,-145.0,,172.0,170.0,-1227.0,-15.0,-910.0,,-1321.0
-476.0,-76.0,,235.0,179.0,-1340.0,18.0,-1006.0,,-1372.0
-572.0,-20.0,,164.0,185.0,-1429.0,39.0,-916.0,,-1417.0
-534.0,82.0,,60.0,189.0,-1610.0,33.0,-1191.0,,-1463.0
-355.0,-20.0,,-58.0,61.0,-1850.0,14.0,-1273.0,,-1483.0
-378.0,-179.0,,-119.0,-31.0,-2004.0,-9.0,-1505.0,,-1496.0
-491.0,-141.0,,6.0,-92.0,-1946.0,10.0,-1627.0,,-1489.0
-520.0,-129.0,,89.0,-206.0,-1867.0,23.0,-1444.0,,-1445.0
-450.0,-183.0,,52.0,-244.0,-1859.0,24.0,-1433.0,,-1397.0
-333.0,-183.0,,58.0,-269.0,-1834.0,46.0,-1114.0,,-1337.0
-359.0,46.0,,-171.0,-256.0,-1892.0,47.0,-1212.0,,-1257.0
-383.0,206.0,,-330.0,-141.0,-1865.0,39.0,-1249.0,,-1162.0
-376.0,112.0,,-142.0,-73.0,-1679.0,35.0,-1326.0,,-1055.0
-407.0,71.0,,-141.0,-3.0,-1554.0,14.0,-1564.0,,-948.0
-369.0,85.0,,-117.0,77.0,-1592.0,-14.0,-1542.0,,-838.0
-397.0,160.0,,8.0,76.0,-1600.0,-24.0,-1801.0,,-726.0
-326.0,71.0,,-110.0,123.0,-1443.0,-34.0,-1696.0,,-634.0
-343.0,-103.0,,-274.0,166.0,-1473.0,-28.0,-1683.0,,-550.0
-253.0,-165.0,,-231.0,134.0,-1832.0,-15.0,-1559.0,,-474.0
-277.0,-241.0,,-198.0,154.0,-2003.0,-13.0,-1341.0,,-410.0
-292.0,-397.0,,-224.0,123.0,-1726.0,-14.0,-1406.0,,-375.0
-225.0,-541.0,,-198.0,60.0,-1323.0,-23.0,-1147.0,,-365.0
-283.0,-407.0,,-226.0,44.0,-1129.0,-9.0,-1188.0,,-369.0
-199.0,-217.0,,-273.0,-52.0,-1060.0,-4.0,-982.0,,-415.0
-361.0,-173.0,,-355.0,-122.0,-983.0,-15.0,-846.0,,-488.0
-314.0,-36.0,,-464.0,-122.0,-951.0,-11.0,-864.0,,-594.0
-351.0,231.0,,-413.0,-158.0,-931.0,-22.0,-783.0,,-717.0
-322.0,364.0,,-356.0,-116.0,-872.0,-35.0,-1127.0,,-842.0
-251.0,450.0,,-370.0,-43.0,-680.0,-51.0,-1160.0,,-948.0
-416.0,552.0,,-266.0,0.0,-338.0,-54.0,-1354.0,,-1016.0
-189.0,508.0,,-110.0,98.0,-20.0,-40.0,-1417.0,,-1043.0
-130.0,484.0,,-78.0,109.0,129.0,-35.0,-1483.0,,-1034.0
-40.0,550.0,,-70.0,59.0,274.0,-26.0,-1788.0,,-994.0
-49.0,599.0,,-78.0,69.0,446.0,-35.0,-1783.0,,-917.0
-112.0,573.0,,-228.0,31.0,611.0,-28.0,-1991.0,,-834.0
40.0,574.0,,-175.0,-1.0,876.0,-7.0,-1847.0,,-733.0
6.0,610.0,,-17.0,2.0,907.0,-11.0,-1731.0,,-623.0
164.0,557.0,,31.0,-23.0,799.0,-7.0,-1546.0,,-523.0
45.0,389.0,,44.0,11.0,897.0,-29.0,-1321.0,,-429.0
-40.0,263.0,,13.0,35.0,1102.0,-56.0,-1505.0,,-361.0
54.0,274.0,,-62.0,-3.0,1172.0,-74.0,-1439.0,,-298.0
-33.0,288.0,,-153.0,27.0,1038.0,-79.0,-1640.0,,-248.0
30.0,226.0,,-79.0,40.0,975.0,-68.0,-1553.0,,-212.0
-169.0,153.0,,-147.0,-6.0,1121.0,-62.0,-1444.0,,-168.0
-5.0,151.0,,-238.0,-2.0,1338.0,-69.0,-1480.0,,-114.0
-34.0,80.0,,-215.0,-26.0,1348.0,-101.0,-1189.0,,-40.0
-193.0,68.0,,-264.0,-53.0,1263.0,-107.0,-1256.0,,51.0
-57.0,129.0,,-373.0,-34.0,1272.0,-116.0,-1140.0,,159.0
-178.0,132.0,,-399.0,-71.0,1238.0,-121.0,-1254.0,,279.0
14.0,240.0,,-338.0,-98.0,1054.0,-121.0,-1330.0,,411.0
-203.0,383.0,,-408.0,-112.0,833.0,-135.0,-1236.0,,536.0
-285.0,387.0,,-332.0,-169.0,840.0,-155.0,-1352.0,,643.0
-240.0,306.0,,-304.0,-146.0,920.0,-191.0,-1169.0,,725.0
-199.0,301.0,,-322.0,-84.0,764.0,-212.0,-1282.0,,776.0
-68.0,216.0,,-346.0,-77.0,268.0,-228.0,-1201.0,,806.0
-369.0,50.0,,-297.0,-64.0,-409.0,-230.0,-1219.0,,807.0
-318.0,-47.0,,-130.0,-94.0,-790.0,-213.0,-1361.0,,781.0
-313.0,-46.0,,-141.0,-135.0,-795.0,-191.0,-1317.0,,719.0
-231.0,4.0,,14.0,-88.0,-828.0,-191.0,-1620.0,,630.0
-213.0,-109.0,,45.0,-62.0,-920.0,-196.0,-1605.0,,528.0
-285.0,-204.0,,-157.0,-50.0,-869.0,-178.0,-1810.0,,420.0
-143.0,-165.0,,-156.0,0.0,-725.0,-151.0,-1853.0,,328.0
-298.0,-101.0,,-7.0,-18.0,-605.0,-132.0,-1718.0,,249.0
-262.0,-111.0,,87.0,-72.0,-663.0,-130.0,-1762.0,,209.0
-118.0,-128.0,,99.0,-119.0,-811.0,-128.0,-1494.0,,205.0
-145.0,-28.0,,51.0,-206.0,-786.0,-134.0,-1515.0,,221.0
-30.0,-61.0,,-109.0,-238.0,-661.0,-120.0,-1258.0,,254.0
-70.0,-209.0,,-269.0,-220.0,-643.0,-104.0,-1136.0,,301.0
-49.0,-409.0,,-306.0,-222.0,-818.0,-97.0,-1093.0,,357.0
-4.0,-523.0,,-262.0,-170.0,-986.0,-103.0,-879.0,,412.0
170.0,-451.0,,-118.0,-113.0,-940.0,-127.0,-923.0,,461.0
293.0,-545.0,,-58.0,-96.0,-982.0,-115.0,-670.0,,505.0
99.0,-704.0,,-178.0,-65.0,-1271.0,-79.0,-787.0,,547.0
378.0,-603.0,,-148.0,-76.0,-1475.0,-47.0,-896.0,,567.0
341.0,-336.0,,-62.0,-100.0,-1338.0,-31.0,-1010.0,,583.0
381.0,-141.0,,-56.0,-66.0,-1147.0,-24.0,-1189.0,,591.0
475.0,-46.0,,-37.0,-61.0,-1264.0,-31.0,-990.0,,585.0
492.0,69.0,,-17.0,-51.0,-1575.0,-25.0,-910.0,,581.0
592.0,220.0,,-133.0,12.0,-1782.0,-6.0,-487.0,,579.0
459.0,300.0,,-221.0,23.0,-1735.0,14.0,-306.0,,569.0
596.0,230.0,,-176.0,28.0,-1732.0,37.0,-319.0,,533.0
502.0,133.0,,-100.0,68.0,-1863.0,27.0,-478.0,,481.0
597.0,108.0,,51.0,82.0,-1867.0,9.0,-918.0,,413.0
526.0,-32.0,,69.0,119.0,-1702.0,1.0,-970.0,,340.0
516.0,-266.0,,5.0,125.0,-1444.0,9.0,-1145.0,,260.0
471.0,-455.0,,-116.0,45.0,-1251.0,-4.0,-971.0,,180.0
489.0,-510.0,,-205.0,-14.0,-1096.0,-34.0,-825.0,,115.0
627.0,-499.0,,-83.0,-71.0,-948.0,-49.0,-875.0,,55.0
362.0,-628.0,,-20.0,-143.0,-780.0,-54.0,-894.0,,14.0
299.0,-583.0,,-29.0,-166.0,-587.0,-50.0,-1319.0,,-3.0
211.0,-462.0,,-46.0,-214.0,-581.0,-49.0,-1335.0,,-21.0
371.0,-326.0,,-135.0,-269.0,-699.0,-34.0,-1284.0,,-21.0
253.0,-114.0,,-288.0,-283.0,-630.0,-40.0,-1032.0,,3.0
238.0,2.0,,-346.0,-346.0,-388.0,-52.0,-803.0,,39.0
155.0,127.0,,-211.0,-378.0,-352.0,-45.0,-801.0,,96.0
61.0,121.0,,-269.0,-318.0,-555.0,-21.0,-493.0,,160.0
131.0,120.0,,-418.0,-284.0,-574.0,26.0,-473.0,,238.0
159.0,36.0,,-404.0,-243.0,-269.0,39.0,-275.0,,315.0
256.0,-90.0,,-387.0,-175.0,-25.0,2.0,-400.0,,391.0
130.0,-149.0,,-283.0,-145.0,-125.0,-41.0,-689.0,,477.0
297.0,-227.0,,-164.0,-102.0,-344.0,-36.0,-763.0,,559.0
169.0,-184.0,,-141.0,-86.0,-343.0,1.0,-997.0,,628.0
302.0,-85.0,,1.0,-127.0,-127.0,53.0,-720.0,,677.0
373.0,39.0,,158.0,-113.0,91.0,82.0,-559.0,,706.0
451.0,47.0,,72.0,-80.0,212.0,85.0,-343.0,,697.0
415.0,128.0,,108.0,-35.0,125.0,113.0,-339.0,,661.0
402.0,179.0,,112.0,73.0,128.0,122.0,-570.0,,599.0
647.0,82.0,,23.0,124.0,325.0,130.0,-386.0,,510.0
510.0,9.0,,8.0,130.0,391.0,158.0,-306.0,,399.0
735.0,-141.0,,-129.0,168.0,352.0,180.0,129.0,,279.0
675.0,-176.0,,-130.0,177.0,279.0,197.0,323.0,,156.0
731.0,-155.0,,-130.0,182.0,375.0,211.0,369.0,,25.0
620.0,-73.0,,-162.0,198.0,433.0,243.0,358.0,,-76.0
798.0,39.0,,-83.0,150.0,286.0,282.0,3.0,,-140.0
996.0,114.0,,-15.0,114.0,246.0,324.0,29.0,,-174.0
756.0,249.0,,-31.0,106.0,329.0,364.0,-99.0,,-165.0
726.0,314.0,,-79.0,71.0,431.0,367.0,90.0,,-119.0
583.0,459.0,,-53.0,91.0,396.0,355.0,234.0,,-53.0
798.0,523.0,,-96.0,98.0,486.0,339.0,75.0,,27.0
714.0,372.0,,-35.0,63.0,759.0,348.0,-49.0,,105.0
720.0,272.0,,49.0,91.0,896.0,358.0,-482.0,,157.0
486.0,147.0,,-63.0,89.0,714.0,344.0,-473.0,,183.0
350.0,-39.0,,-130.0,30.0,304.0,365.0,-537.0,,179.0
408.0,-200.0,,-129.0,-22.0,33.0,369.0,-436.0,,152.0
350.0,-295.0,,0.0,-106.0,-135.0,362.0,-260.0,,124.0
469.0,-360.0,,26.0,-157.0,-160.0,357.0,-262.0,,101.0
225.0,-421.0,,-124.0,-138.0,-95.0,345.0,24.0,,91.0
214.0,-468.0,,-89.0,-149.0,-172.0,338.0,-27.0,,86.0
108.0,-463.0,,-83.0,-147.0,-260.0,316.0,179.0,,85.0
152.0,-373.0,,-87.0,-141.0,-99.0,305.0,225.0,,81.0
197.0,-342.0,,-82.0,-202.0,218.0,295.0,260.0,,58.0
153.0,-342.0,,-46.0,-217.0,332.0,275.0,493.0,,16.0
158.0,-410.0,,95.0,-207.0,383.0,244.0,375.0,,-44.0
144.0,-464.0,,179.0,-212.0,583.0,229.0,563.0,,-112.0
178.0,-446.0,,69.0,-157.0,793.0,226.0,458.0,,-173.0
125.0,-492.0,,-181.0,-127.0,718.0,212.0,465.0,,-198.0
245.0,-410.0,,-190.0,-143.0,476.0,204.0,556.0,,-189.0
227.0,-311.0,,-173.0,-131.0,514.0,182.0,478.0,,-144.0
217.0,-263.0,,83.0,-161.0,845.0,138.0,620.0,,-85.0
135.0,-242.0,,323.0,-192.0,1048.0,101.0,408.0,,-21.0
244.0,-223.0,,93.0,-156.0,851.0,82.0,456.0,,49.0
315.0,-79.0,,29.0,-148.0,675.0,60.0,363.0,,97.0
332.0,26.0,,70.0,-145.0,847.0,40.0,256.0,,135.0
242.0,92.0,,211.0,-127.0,1150.0,43.0,312.0,,156.0
115.0,277.0,,299.0,-130.0,1164.0,34.0,99.0,,170.0
379.0,417.0,,378.0,-72.0,738.0,35.0,208.0,,184.0
480.0,320.0,,395.0,0.0,451.0,48.0,62.0,,184.0
506.0,223.0,,124.0,26.0,616.0,74.0,60.0,,175.0
349.0,164.0,,122.0,90.0,847.0,111.0,53.0,,157.0
400.0,61.0,,343.0,138.0,804.0,121.0,-35.0,,135.0
490.0,-72.0,,295.0,166.0,534.0,138.0,153.0,,112.0
566.0,-145.0,,169.0,256.0,430.0,143.0,68.0,,96.0
481.0,-94.0,,227.0,287.0,630.0,140.0,284.0,,70.0
338.0,-22.0,,158.0,271.0,793.0,145.0,343.0,,45.0
397.0,60.0,,83.0,312.0,728.0,168.0,487.0,,18.0
234.0,142.0,,104.0,327.0,792.0,221.0,648.0,,-18.0
265.0,275.0,,145.0,324.0,1047.0,268.0,545.0,,-51.0
56.0,387.0,,56.0,305.0,1134.0,296.0,727.0,,-85.0
71.0,524.0,,52.0,206.0,1033.0,285.0,596.0,,-107.0
46.0,673.0,,250.0,139.0,834.0,254.0,694.0,,-115.0
-141.0,780.0,,385.0,107.0,848.0,243.0,681.0,,-108.0
-127.0,875.0,,458.0,41.0,1053.0,257.0,659.0,,-101.0
-145.0,823.0,,368.0,30.0,1214.0,275.0,835.0,,-91.0
7.0,793.0,,327.0,12.0,1303.0,317.0,683.0,,-59.0
-184.0,753.0,,253.0,-55.0,1380.0,355.0,818.0,,-51.0
-188.0,572.0,,287.0,-56.0,1674.0,371.0,696.0,,-57.0
-100.0,353.0,,396.0,-50.0,1979.0,387.0,694.0,,-78.0
-38.0,115.0,,399.0,-45.0,2224.0,398.0,724.0,,-130.0
37.0,-33.0,,286.0,16.0,2329.0,415.0,532.0,,-175.0
-48.0,-81.0,,136.0,50.0,2379.0,416.0,537.0,,-221.0
94.0,-192.0,,212.0,93.0,2379.0,435.0,321.0,,-238.0
42.0,-220.0,,179.0,187.0,2029.0,450.0,450.0,,-221.0
101.0,-96.0,,93.0,222.0,1670.0,453.0,511.0,,-171.0
213.0,-22.0,,145.0,228.0,1535.0,472.0,582.0,,-70.0
218.0,10.0,,123.0,208.0,1621.0,480.0,696.0,,60.0
271.0,32.0,,7.0,123.0,1765.0,503.0,382.0,,231.0
194.0,-13.0,,72.0,90.0,1940.0,491.0,280.0,,409.0
370.0,-87.0,,64.0,78.0,2156.0,465.0,-3.0,,582.0
322.0,-172.0,,-72.0,26.0,2429.0,456.0,31.0,,737.0
369.0,-279.0,,1.0,13.0,2713.0,454.0,188.0,,838.0
533.0,-222.0,,154.0,-45.0,2810.0,479.0,157.0,,881.0
460.0,-175.0,,263.0,-158.0,2964.0,486.0,253.0,,850.0
558.0,-209.0,,170.0,-224.0,3194.0,484.0,7.0,,759.0
506.0,-96.0,,67.0,-302.0,3249.0,482.0,131.0,,618.0
603.0,-11.0,,86.0,-348.0,3105.0,458.0,190.0,,445.0
592.0,49.0,,63.0,-302.0,2978.0,437.0,314.0,,265.0
714.0,86.0,,123.0,-259.0,2843.0,420.0,550.0,,100.0
652.0,81.0,,231.0,-184.0,2725.0,405.0,469.0,,-22.0
496.0,31.0,,266.0,-88.0,2808.0,410.0,613.0,,-123.0
652.0,-41.0,,339.0,-51.0,2880.0,435.0,404.0,,-181.0
585.0,-47.0,,249.0,-7.0,2757.0,440.0,428.0,,-190.0
766.0,-87.0,,104.0,8.0,2517.0,416.0,493.0,,-170.0
539.0,-190.0,,121.0,-28.0,2523.0,379.0,460.0,,-108.0
510.0,-329.0,,121.0,-13.0,2708.0,331.0,580.0,,-11.0
518.0,-382.0,,283.0,-11.0,2747.0,303.0,358.0,,109.0
548.0,-428.0,,305.0,-34.0,2704.0,311.0,530.0,,239.0
655.0,-433.0,,154.0,29.0,2744.0,305.0,611.0,,363.0
409.0,-441.0,,125.0,94.0,2889.0,292.0,849.0,,471.0
554.0,-437.0,,156.0,134.0,2833.0,260.0,1045.0,,551.0
331.0,-283.0,,214.0,186.0,2689.0,201.0,879.0,,579.0
343.0,-214.0,,92.0,191.0,2680.0,156.0,914.0,,554.0
404.0,-15.0,,-59.0,230.0,2669.0,111.0,493.0,,482.0
491.0,188.0,,-82.0,288.0,2712.0,86.0,352.0,,369.0
553.0,299.0,,51.0,276.0,2729.0,82.0,190.0,,227.0
305.0,392.0,,45.0,296.0,2675.0,68.0,62.0,,65.0
347.0,402.0,,-95.0,304.0,2663.0,54.0,267.0,,-92.0
447.0,445.0,,-68.0,243.0,2791.0,29.0,160.0,,-243.0
621.0,346.0,,-85.0,202.0,2861.0,-12.0,301.0,,-366.0
572.0,237.0,,-123.0,136.0,2730.0,-70.0,157.0,,-437.0
510.0,182.0,,-260.0,63.0,2669.0,-135.0,147.0,,-450.0
316.0,155.0,,-329.0,41.0,2712.0,-160.0,173.0,,-405.0
353.0,74.0,,-229.0,-45.0,2760.0,-182.0,96.0,,-308.0
442.0,10.0,,-154.0,-153.0,2543.0,-216.0,339.0,,-174.0
343.0,68.0,,14.0,-204.0,2264.0,-218.0,262.0,,-19.0
214.0,25.0,,6.0,-265.0,2261.0,-220.0,471.0,,119.0
63.0,-94.0,,-62.0,-258.0,2272.0,-222.0,504.0,,218.0
130.0,-206.0,,93.0,-214.0,2102.0,-227.0,576.0,,285.0
-87.0,-193.0,,52.0,-232.0,1890.0,-221.0,783.0,,283.0
-92.0,-153.0,,-48.0,-206.0,1858.0,-226.0,648.0,,250.0
-48.0,-109.0,,-99.0,-170.0,1919.0,-252.0,859.0,,189.0
-137.0,-101.0,,-175.0,-180.0,1956.0,-269.0,849.0,,93.0
-238.0,-107.0,,-169.0,-135.0,1899.0,-291.0,910.0,,10.0
-132.0,-110.0,,-159.0,-87.0,1847.0,-299.0,803.0,,-82.0
0.0,-235.0,,-127.0,-44.0,1805.0,-303.0,607.0,,-154.0
-64.0,-304.0,,-180.0,58.0,1800.0,-309.0,718.0,,-217.0
49.0,-329.0,,-145.0,98.0,1808.0,-339.0,606.0,,-266.0
-114.0,-318.0,,-147.0,109.0,1678.0,-375.0,788.0,,-304.0
-13.0,-419.0,,-124.0,141.0,1537.0,-397.0,650.0,,-331.0
145.0,-529.0,,-78.0,108.0,1476.0,-426.0,526.0,,-334.0
191.0,-510.0,,-192.0,117.0,1590.0,-445.0,476.0,,-342.0
159.0,-475.0,,-106.0,155.0,1677.0,-475.0,181.0,,-324.0
-51.0,-444.0,,-89.0,127.0,1600.0,-522.0,227.0,,-299.0
14.0,-496.0,,-71.0,123.0,1506.0,-565.0,73.0,,-252.0
97.0,-390.0,,13.0,108.0,1585.0,-599.0,230.0,,-168.0
244.0,-195.0,,-21.0,82.0,1791.0,-607.0,323.0,,-59.0
23.0,-60.0,,0.0,130.0,1834.0,-585.0,327.0,,71.0
-19.0,132.0,,59.0,130.0,1742.0,-575.0,460.0,,202.0
-6.0,400.0,,69.0,87.0,1775.0,-559.0,273.0,,307.0
-101.0,588.0,,-57.0,83.0,2065.0,-560.0,428.0,,376.0
213.0,659.0,,-170.0,35.0,2244.0,-574.0,391.0,,435.0
108.0,772.0,,-186.0,16.0,2209.0,-579.0,502.0,,467.0
11.0,808.0,,-29.0,36.0,2218.0,-590.0,642.0,,473.0
6.0,728.0,,8.0,-18.0,2273.0,-560.0,574.0,,475.0
133.0,624.0,,-222.0,-60.0,2316.0,-535.0,814.0,,478.0
135.0,477.0,,-283.0,-111.0,2164.0,-533.0,831.0,,484.0
84.0,235.0,,-256.0,-217.0,1786.0,-522.0,1073.0,,514.0
211.0,116.0,,-215.0,-254.0,1451.0,-507.0,1060.0,,556.0
71.0,143.0,,-94.0,-281.0,1337.0,-478.0,977.0,,594.0
203.0,107.0,,-78.0,-300.0,1228.0,-430.0,1077.0,,636.0
90.0,77.0,,-169.0,-233.0,959.0,-384.0,1001.0,,663.0
61.0,49.0,,18.0,-209.0,903.0,-364.0,1276.0,,688.0
178.0,57.0,,186.0,-169.0,1098.0,-365.0,1167.0,,695.0
83.0,79.0,,131.0,-44.0,1097.0,-365.0,1099.0,,693.0
-80.0,138.0,,266.0,27.0,881.0,-335.0,970.0,,687.0
-185.0,239.0,,151.0,93.0,773.0,-294.0,707.0,,672.0
97.0,280.0,,91.0,134.0,918.0,-247.0,722.0,,654.0
55.0,261.0,,262.0,82.0,1164.0,-218.0,506.0,,617.0
-47.0,178.0,,260.0,75.0,1220.0,-201.0,700.0,,582.0
-169.0,99.0,,319.0,70.0,1106.0,-172.0,746.0,,534.0
-280.0,33.0,,307.0,37.0,1189.0,-173.0,809.0,,478.0
-125.0,51.0,,323.0,60.0,1335.0,-163.0,864.0,,434.0
26.0,106.0,,437.0,30.0,1110.0,-148.0,600.0,,394.0
38.0,95.0,,483.0,-24.0,732.0,-158.0,737.0,,362.0
-288.0,140.0,,480.0,-31.0,517.0,-152.0,631.0,,333.0
-276.0,209.0,,390.0,-90.0,477.0,-126.0,694.0,,302.0
-83.0,219.0,,139.0,-122.0,479.0,-84.0,670.0,,271.0
-179.0,205.0,,60.0,-108.0,388.0,-52.0,554.0,,243.0
-194.0,215.0,,196.0,-151.0,434.0,-71.0,678.0,,228.0
-352.0,136.0,,219.0,-156.0,728.0,-77.0,508.0,,227.0
-410.0,17.0,,136.0,-127.0,993.0,-84.0,585.0,,246.0
-439.0,-57.0,,26.0,-136.0,1065.0,-100.0,367.0,,301.0
-549.0,-176.0,,36.0,-104.0,863.0,-88.0,238.0,,370.0
-430.0,-229.0,,42.0,-92.0,580.0,-83.0,249.0,,438.0
-605.0,-206.0,,118.0,-91.0,657.0,-63.0,164.0,,502.0
-553.0,-116.0,,252.0,-16.0,884.0,-45.0,548.0,,552.0
-606.0,47.0,,147.0,11.0,922.0,-38.0,585.0,,584.0
-730.0,215.0,,-33.0,19.0,845.0,-16.0,770.0,,598.0
-689.0,389.0,,24.0,70.0,872.0,-20.0,840.0,,599.0
-766.0,443.0,,242.0,77.0,1024.0,-56.0,703.0,,577.0
-559.0,428.0,,231.0,93.0,1028.0,-106.0,742.0,,539.0
-769.0,423.0,,168.0,115.0,978.0,-140.0,591.0,,467.0
-759.0,360.0,,310.0,84.0,862.0,-158.0,779.0,,356.0
-694.0,178.0,,354.0,106.0,709.0,-157.0,755.0,,224.0
-595.0,-42.0,,226.0,142.0,747.0,-135.0,866.0,,69.0
-410.0,-114.0,,164.0,141.0,731.0,-135.0,940.0,,-86.0
-479.0,-94.0,,267.0,196.0,513.0,-152.0,812.0,,-216.0
-418.0,-76.0,,303.0,237.0,423.0,-183.0,933.0,,-296.0
-384.0,-38.0,,278.0,258.0,586.0,-196.0,644.0,,-339.0
-25.0,41.0,,325.0,298.0,766.0,-163.0,604.0,,-333.0
0.0,66.0,,305.0,253.0,716.0,-141.0,478.0,,-279.0
-22.0,16.0,,221.0,199.0,377.0,-154.0,402.0,,-210.0
-32.0,-38.0,,192.0,179.0,243.0,-168.0,456.0,,-136.0
195.0,-89.0,,121.0,106.0,439.0,-176.0,195.0,,-73.0
268.0,-84.0,,45.0,81.0,550.0,-163.0,230.0,,-34.0
133.0,-57.0,,76.0,77.0,252.0,-137.0,20.0,,-24.0
258.0,-37.0,,33.0,32.0,20.0,-142.0,7.0,,-46.0
115.0,-43.0,,121.0,51.0,361.0,-149.0,-48.0,,-119.0
264.0,-52.0,,54.0,54.0,646.0,-157.0,-160.0,,-215.0
88.0,-16.0,,-102.0,23.0,524.0,-163.0,22.0,,-322.0
217.0,25.0,,-137.0,33.0,391.0,-175.0,-68.0,,-426.0
144.0,18.0,,-169.0,1.0,548.0,-220.0,219.0,,-510.0
155.0,-30.0,,-35.0,-24.0,569.0,-260.0,286.0,,-578.0
162.0,-38.0,,-20.0,-6.0,300.0,-318.0,325.0,,-606.0
-98.0,-16.0,,106.0,-42.0,-37.0,-365.0,391.0,,-597.0
203.0,18.0,,214.0,-57.0,-386.0,-369.0,210.0,,-532.0
-50.0,62.0,,186.0,-56.0,-575.0,-367.0,317.0,,-409.0
104.0,65.0,,163.0,-90.0,-594.0,-320.0,123.0,,-252.0
-108.0,40.0,,107.0,-48.0,-502.0,-272.0,114.0,,-72.0
-73.0,48.0,,89.0,-5.0,-534.0,-261.0,-68.0,,111.0
-86.0,-18.0,,-44.0,8.0,-586.0,-249.0,-323.0,,298.0
-294.0,-132.0,,49.0,70.0,-429.0,-270.0,-351.0,,496.0
60.0,-134.0,,302.0,74.0,-208.0,-291.0,-626.0,,701.0
-253.0,-148.0,,145.0,63.0,-250.0,-291.0,-537.0,,904.0
-284.0,-132.0,,34.0,86.0,-554.0,-294.0,-624.0,,1111.0
-553.0,-79.0,,125.0,29.0,-661.0,-282.0,-541.0,,1309.0
-280.0,25.0,,121.0,-23.0,-515.0,-273.0,-452.0,,1494.0
-215.0,194.0,,27.0,-50.0,-416.0,-271.0,-609.0,,1663.0
-529.0,289.0,,60.0,-132.0,-559.0,-285.0,-522.0,,1785.0
-531.0,382.0,,140.0,-188.0,-793.0,-325.0,-788.0,,1853.0
-834.0,410.0,,-8.0,-261.0,-845.0,-361.0,-837.0,,1885.0
-580.0,376.0,,160.0,-355.0,-870.0,-378.0,-1014.0,,1867.0
-545.0,255.0,,221.0,-356.0,-963.0,-376.0,-1241.0,,1798.0
-563.0,65.0,,159.0,-360.0,-988.0,-378.0,-1250.0,,1702.0
-766.0,-87.0,,138.0,-333.0,-1067.0,-407.0,-1393.0,,1575.0
-765.0,-285.0,,87.0,-226.0,-1312.0,-436.0,-1193.0,,1426.0
-604.0,-441.0,,183.0,-173.0,-1541.0,-476.0,-1258.0,,1246.0
-740.0,-504.0,,54.0,-112.0,-1764.0,-509.0,-1162.0,,1052.0
-567.0,-475.0,,122.0,-35.0,-1996.0,-529.0,-1012.0,,871.0
-546.0,-458.0,,131.0,-7.0,-2090.0,-540.0,-892.0,,696.0
-529.0,-449.0,,-58.0,78.0,-2228.0,-525.0,-482.0,,553.0
-718.0,-391.0,,-256.0,172.0,-2411.0,-524.0,-461.0,,447.0
-712.0,-377.0,,-325.0,233.0,-2584.0,-514.0,-232.0,,385.0
-501.0,-324.0,,-136.0,349.0,-2535.0,-515.0,-299.0,,362.0
-409.0,-292.0,,-161.0,405.0,-1951.0,-531.0,-445.0,,363.0
-357.0,-309.0,,-183.0,349.0,-1502.0,-522.0,-461.0,,392.0
-631.0,-261.0,,-173.0,309.0,-1498.0,-524.0,-659.0,,424.0
-648.0,-200.0,,-314.0,246.0,-1629.0,-532.0,-539.0,,471.0
-461.0,-201.0,,-318.0,187.0,-1666.0,-539.0,-729.0,,524.0
-160.0,-264.0,,-200.0,191.0,-1381.0,-553.0,-724.0,,568.0
-269.0,-248.0,,-248.0,144.0,-1296.0,-579.0,-881.0,,609.0
-702.0,-108.0,,-380.0,107.0,-1478.0,-604.0,-1108.0,,630.0
-562.0,38.0,,-268.0,95.0,-1614.0,-597.0,-1045.0,,639.0
-336.0,153.0,,-296.0,26.0,-1727.0,-579.0,-1239.0,,641.0
-196.0,254.0,,-379.0,-9.0,-1863.0,-574.0,-1014.0,,641.0
-219.0,284.0,,-228.0,-4.0,-2170.0,-574.0,-1012.0,,645.0
-346.0,206.0,,-305.0,-17.0,-2287.0,-570.0,-1001.0,,659.0
-275.0,112.0,,-403.0,10.0,-2173.0,-536.0,-1031.0,,692.0
-192.0,16.0,,-422.0,57.0,-2128.0,-493.0,-1291.0,,733.0
-99.0,-61.0,,-353.0,63.0,-2207.0,-451.0,-1221.0,,763.0
22.0,-91.0,,-242.0,106.0,-2295.0,-423.0,-1415.0,,777.0
42.0,-173.0,,-404.0,150.0,-2231.0,-426.0,-1326.0,,749.0
49.0,-190.0,,-507.0,153.0,-2038.0,-430.0,-1306.0,,673.0
-4.0,-120.0,,-374.0,194.0,-1995.0,-436.0,-1300.0,,568.0
148.0,-188.0,,-225.0,204.0,-2180.0,-430.0,-1184.0,,445.0
234.0,-230.0,,-206.0,153.0,-2120.0,-403.0,-1415.0,,318.0
241.0,-230.0,,-313.0,108.0,-1832.0,-385.0,-1348.0,,197.0
260.0,-256.0,,-79.0,37.0,-1665.0,-381.0,-1515.0,,93.0
106.0,-196.0,,107.0,-47.0,-1907.0,-365.0,-1528.0,,5.0
341.0,-115.0,,-24.0,-114.0,-2352.0,-330.0,-1467.0,,-71.0
96.0,33.0,,65.0,-220.0,-2601.0,-295.0,-1516.0,,-134.0
158.0,153.0,,31.0,-283.0,-2609.0,-275.0,-1273.0,,-194.0
310.0,205.0,,-56.0,-248.0,-2479.0,-258.0,-1285.0,,-270.0
76.0,162.0,,-116.0,-229.0,-2353.0,-232.0,-1043.0,,-362.0
176.0,169.0,,-215.0,-186.0,-2138.0,-221.0,-971.0,,-467.0
79.0,188.0,,-74.0,-106.0,-1828.0,-189.0,-892.0,,-590.0
348.0,1.0,,19.0,-78.0,-1525.0,-160.0,-659.0,,-726.0
145.0,-111.0,,-134.0,-25.0,-1405.0,-129.0,-746.0,,-865.0
22.0,-178.0,,-211.0,15.0,-1383.0,-81.0,-578.0,,-991.0
-20.0,-140.0,,-173.0,-15.0,-1380.0,-78.0,-687.0,,-1103.0
50.0,-135.0,,-377.0,-19.0,-1414.0,-67.0,-618.0,,-1182.0
378.0,-196.0,,-491.0,-28.0,-1592.0,-59.0,-546.0,,-1238.0
67.0,-68.0,,-343.0,-38.0,-2006.0,-26.0,-672.0,,-1254.0
-148.0,60.0,,-379.0,16.0,-2181.0,29.0,-594.0,,-1240.0
-171.0,139.0,,-358.0,15.0,-2124.0,62.0,-877.0,,-1224.0
119.0,140.0,,-148.0,-36.0,-2130.0,99.0,-896.0,,-1179.0
-69.0,234.0,,-354.0,-73.0,-2146.0,134.0,-1034.0,,-1137.0
-90.0,357.0,,-503.0,-154.0,-2127.0,165.0,-1084.0,,-1087.0
-121.0,360.0,,-241.0,-173.0,-2073.0,163.0,-897.0,,-1027.0
-345.0,401.0,,-316.0,-120.0,-1784.0,171.0,-986.0,,-960.0
-346.0,451.0,,-303.0,-99.0,-1386.0,204.0,-896.0,,-874.0
-418.0,453.0,,-86.0,-11.0,-1268.0,252.0,-1095.0,,-770.0
-265.0,379.0,,-166.0,84.0,-1445.0,314.0,-1082.0,,-636.0
-388.0,408.0,,-306.0,101.0,-1777.0,361.0,-1067.0,,-492.0
-412.0,457.0,,-280.0,135.0,-1777.0,412.0,-1130.0,,-316.0
-704.0,330.0,,-248.0,137.0,-1596.0,432.0,-992.0,,-140.0
-633.0,155.0,,-372.0,120.0,-1735.0,462.0,-1158.0,,15.0
-476.0,67.0,,-348.0,173.0,-1967.0,509.0,-979.0,,156.0
-534.0,29.0,,-406.0,199.0,-1991.0,536.0,-975.0,,254.0
-519.0,-69.0,,-486.0,220.0,-1963.0,590.0,-868.0,,335.0
-893.0,-88.0,,-522.0,258.0,-2138.0,640.0,-617.0,,401.0
-794.0,-24.0,,-495.0,206.0,-2172.0,682.0,-617.0,,469.0
-594.0,-54.0,,-256.0,178.0,-1972.0,704.0,-448.0,,535.0
-493.0,-129.0,,-261.0,184.0,-1785.0,712.0,-698.0,,596.0
-563.0,-116.0,,-329.0,128.0,-1684.0,751.0,-652.0,,656.0
-690.0,0.0,,-484.0,122.0,-1638.0,792.0,-556.0,,693.0
-598.0,0.0,,-441.0,120.0,-1644.0,809.0,-498.0,,721.0
-604.0,-87.0,,-161.0,95.0,-1846.0,819.0,-277.0,,721.0
-482.0,-72.0,,-10.0,141.0,-2017.0,827.0,-413.0,,690.0
-465.0,-39.0,,10.0,141.0,-2076.0,821.0,-314.0,,662.0
-594.0,-37.0,,-172.0,93.0,-2283.0,813.0,-522.0,,624.0
-611.0,-26.0,,-171.0,83.0,-2452.0,801.0,-626.0,,581.0
-659.0,28.0,,-166.0,21.0,-2387.0,794.0,-702.0,,548.0
-564.0,3.0,,-231.0,-28.0,-2160.0,783.0,-936.0,,536.0
-747.0,-116.0,,-218.0,-10.0,-2093.0,766.0,-809.0,,542.0
-569.0,-160.0,,-86.0,0.0,-2184.0,772.0,-988.0,,564.0
-566.0,-163.0,,-48.0,80.0,-2030.0,796.0,-892.0,,610.0
-893.0,-175.0,,-144.0,163.0,-1788.0,839.0,-918.0,,663.0
-661.0,-266.0,,-100.0,173.0,-1775.0,864.0,-1010.0,,711.0
-777.0,-391.0,,41.0,218.0,-2093.0,819.0,-901.0,,722.0
-494.0,-366.0,,131.0,215.0,-2287.0,781.0,-905.0,,697.0
-590.0,-248.0,,-181.0,176.0,-2118.0,760.0,-541.0,,639.0
-673.0,-201.0,,-297.0,173.0,-1965.0,743.0,-480.0,,561.0
-690.0,-185.0,,-182.0,72.0,-2040.0,758.0,-275.0,,486.0
-741.0,-112.0,,-155.0,-36.0,-2304.0,748.0,-145.0,,413.0
-412.0,-94.0,,-226.0,-67.0,-2490.0,737.0,-123.0,,367.0
-697.0,-170.0,,-401.0,-131.0,-2854.0,719.0,110.0,,347.0
-537.0,-191.0,,-367.0,-139.0,-3329.0,674.0,-36.0,,362.0
-656.0,-115.0,,-397.0,-119.0,-3409.0,660.0,168.0,,415.0
-681.0,-66.0,,-408.0,-160.0,-3117.0,674.0,201.0,,488.0
-584.0,-113.0,,-288.0,-131.0,-2706.0,700.0,290.0,,558.0
-654.0,-163.0,,-274.0,-89.0,-2459.0,699.0,358.0,,635.0
-591.0,-244.0,,-520.0,-58.0,-2243.0,654.0,48.0,,714.0
-675.0,-318.0,,-624.0,31.0,-1901.0,587.0,127.0,,761.0
-559.0,-235.0,,-349.0,27.0,-1525.0,563.0,14.0,,803.0
-585.0,-183.0,,-324.0,-4.0,-1145.0,574.0,140.0,,826.0
-526.0,-282.0,,-396.0,11.0,-811.0,573.0,201.0,,828.0
-495.0,-372.0,,-311.0,-59.0,-632.0,571.0,251.0,,826.0
-449.0,-252.0,,-274.0,-91.0,-548.0,556.0,532.0,,800.0
-525.0,-57.0,,-286.0,-59.0,-406.0,564.0,465.0,,774.0
-443.0,-89.0,,-273.0,-66.0,-267.0,584.0,606.0,,750.0
-344.0,-128.0,,-178.0,-27.0,-200.0,597.0,437.0,,717.0
-290.0,56.0,,-145.0,-43.0,-106.0,628.0,363.0,,676.0
-194.0,153.0,,-95.0,-120.0,70.0,649.0,273.0,,635.0
-267.0,-21.0,,-232.0,-127.0,143.0,651.0,-55.0,,593.0
-156.0,-88.0,,-224.0,-184.0,-18.0,632.0,-33.0,,549.0
-146.0,-14.0,,27.0,-250.0,-268.0,593.0,-162.0,,519.0
-35.0,-45.0,,-217.0,-257.0,-348.0,576.0,44.0,,486.0
68.0,-167.0,,-287.0,-334.0,-317.0,573.0,109.0,,440.0
34.0,-195.0,,-254.0,-383.0,-375.0,564.0,64.0,,387.0
-24.0,-23.0,,-303.0,-398.0,-431.0,562.0,81.0,,319.0
49.0,110.0,,-107.0,-445.0,-458.0,559.0,-168.0,,235.0
89.0,142.0,,-231.0,-384.0,-373.0,539.0,-12.0,,134.0
194.0,169.0,,-239.0,-314.0,-278.0,522.0,-57.0,,26.0
277.0,161.0,,-89.0,-281.0,-299.0,529.0,107.0,,-91.0
159.0,50.0,,107.0,-161.0,-233.0,518.0,310.0,,-221.0
189.0,-153.0,,357.0,-84.0,-75.0,523.0,275.0,,-333.0
345.0,-402.0,,379.0,-42.0,123.0,553.0,447.0,,-441.0
461.0,-566.0,,341.0,32.0,381.0,555.0,310.0,,-546.0
225.0,-533.0,,206.0,24.0,636.0,530.0,498.0,,-634.0
322.0,-481.0,,248.0,36.0,805.0,486.0,550.0,,-716.0
406.0,-426.0,,322.0,85.0,925.0,440.0,554.0,,-778.0
383.0,-256.0,,334.0,67.0,983.0,423.0,703.0,,-815.0
277.0,-72.0,,251.0,111.0,903.0,443.0,585.0,,-831.0
246.0,129.0,,162.0,146.0,722.0,461.0,755.0,,-834.0
449.0,344.0,,331.0,128.0,482.0,470.0,733.0,,-813.0
282.0,474.0,,408.0,176.0,283.0,441.0,933.0,,-770.0
322.0,621.0,,317.0,173.0,187.0,381.0,1027.0,,-710.0
159.0,723.0,,169.0,168.0,108.0,336.0,973.0,,-624.0
340.0,708.0,,107.0,219.0,-76.0,299.0,1043.0,,-532.0
410.0,655.0,,133.0,204.0,-180.0,300.0,691.0,,-437.0
273.0,589.0,,74.0,260.0,10.0,298.0,589.0,,-345.0
293.0,513.0,,4.0,333.0,127.0,283.0,273.0,,-267.0
268.0,409.0,,110.0,285.0,-144.0,261.0,153.0,,-198.0
582.0,391.0,,49.0,282.0,-563.0,209.0,227.0,,-123.0
474.0,403.0,,-63.0,268.0,-646.0,178.0,157.0,,-31.0
618.0,387.0,,-22.0,223.0,-682.0,151.0,447.0,,75.0
568.0,322.0,,28.0,260.0,-1180.0,132.0,412.0,,198.0
642.0,183.0,,-89.0,257.0,-1617.0,134.0,528.0,,327.0
655.0,132.0,,-235.0,265.0,-1460.0,142.0,489.0,,459.0
650.0,173.0,,-60.0,305.0,-824.0,154.0,382.0,,569.0
927.0,183.0,,-41.0,253.0,-446.0,140.0,500.0,,643.0
690.0,148.0,,-119.0,227.0,-452.0,94.0,395.0,,683.0
896.0,143.0,,-88.0,189.0,-279.0,53.0,652.0,,691.0
703.0,117.0,,31.0,80.0,-165.0,42.0,654.0,,668.0
834.0,101.0,,10.0,50.0,-346.0,32.0,742.0,,635.0
992.0,72.0,,-12.0,-18.0,-550.0,0.0,772.0,,606.0
828.0,-24.0,,141.0,-124.0,-594.0,-49.0,519.0,,571.0
699.0,-102.0,,148.0,-145.0,-628.0,-73.0,567.0,,539.0
581.0,-231.0,,266.0,-195.0,-753.0,-73.0,328.0,,516.0
929.0,-347.0,,344.0,-179.0,-723.0,-38.0,456.0,,501.0
716.0,-391.0,,245.0,-103.0,-517.0,28.0,618.0,,493.0
878.0,-431.0,,249.0,-115.0,-463.0,52.0,798.0,,492.0
664.0,-414.0,,324.0,-108.0,-411.0,45.0,1042.0,,491.0
638.0,-326.0,,339.0,-130.0,-267.0,24.0,842.0,,488.0
777.0,-234.0,,223.0,-184.0,-241.0,6.0,879.0,,470.0
641.0,-38.0,,-22.0,-160.0,-215.0,-7.0,654.0,,426.0
892.0,259.0,,-61.0,-215.0,-27.0,-18.0,633.0,,362.0
505.0,403.0,,-82.0,-302.0,381.0,-5.0,563.0,,265.0
699.0,465.0,,-147.0,-310.0,674.0,3.0,306.0,,164.0
489.0,518.0,,0.0,-368.0,775.0,-13.0,395.0,,62.0
493.0,478.0,,-13.0,-366.0,893.0,-43.0,205.0,,-23.0
691.0,354.0,,-90.0,-344.0,1154.0,-74.0,282.0,,-72.0
400.0,169.0,,-110.0,-421.0,1458.0,-91.0,121.0,,-88.0
465.0,29.0,,-182.0,-424.0,1400.0,-84.0,1.0,,-64.0
202.0,-10.0,,-176.0,-413.0,1285.0,-102.0,112.0,,-24.0
410.0,-17.0,,-163.0,-386.0,1294.0,-130.0,75.0,,29.0
316.0,-86.0,,-295.0,-286.0,1156.0,-105.0,404.0,,90.0
461.0,-125.0,,-254.0,-257.0,1056.0,-71.0,541.0,,170.0
484.0,-56.0,,-273.0,-179.0,1118.0,-55.0,875.0,,263.0
351.0,7.0,,-425.0,-28.0,1108.0,-39.0,1034.0,,346.0
502.0,31.0,,-392.0,24.0,926.0,-48.0,1071.0,,419.0
242.0,17.0,,-483.0,109.0,861.0,-79.0,1330.0,,478.0
541.0,-61.0,,-540.0,217.0,1083.0,-104.0,1269.0,,519.0
464.0,-88.0,,-571.0,256.0,1125.0,-120.0,1489.0,,538.0
412.0,-8.0,,-612.0,337.0,853.0,-142.0,1419.0,,530.0
216.0,55.0,,-457.0,337.0,815.0,-151.0,1350.0,,492.0
273.0,71.0,,-214.0,293.0,975.0,-158.0,1422.0,,449.0
558.0,134.0,,-134.0,305.0,746.0,-175.0,1300.0,,389.0
200.0,284.0,,-179.0,243.0,377.0,-208.0,1446.0,,318.0
131.0,373.0,,-198.0,237.0,509.0,-252.0,1374.0,,252.0
91.0,403.0,,-155.0,284.0,800.0,-268.0,1559.0,,190.0
356.0,488.0,,-147.0,245.0,851.0,-288.0,1642.0,,145.0
244.0,597.0,,-173.0,253.0,738.0,-307.0,1690.0,,117.0
41.0,578.0,,11.0,228.0,848.0,-317.0,1888.0,,127.0
45.0,334.0,,90.0,132.0,1293.0,-324.0,1698.0,,168.0
3.0,49.0,,76.0,100.0,1348.0,-333.0,1699.0,,233.0
221.0,-104.0,,111.0,3.0,1049.0,-347.0,1335.0,,312.0
64.0,-247.0,,157.0,-90.0,924.0,-362.0,1125.0,,383.0
76.0,-445.0,,228.0,-89.0,1000.0,-377.0,1032.0,,460.0
279.0,-561.0,,124.0,-117.0,1080.0,-361.0,764.0,,509.0
217.0,-698.0,,-16.0,-94.0,1056.0,-342.0,748.0,,529.0
98.0,-805.0,,79.0,-75.0,1062.0,-323.0,484.0,,511.0
75.0,-770.0,,231.0,-124.0,1056.0,-302.0,654.0,,457.0
329.0,-676.0,,250.0,-88.0,1135.0,-280.0,822.0,,379.0
315.0,-475.0,,207.0,-86.0,1187.0,-272.0,1038.0,,273.0
196.0,-229.0,,249.0,-117.0,935.0,-290.0,1261.0,,173.0
215.0,4.0,,252.0,-74.0,603.0,-305.0,1058.0,,85.0
213.0,198.0,,245.0,-94.0,511.0,-306.0,1040.0,,13.0
434.0,357.0,,437.0,-71.0,634.0,-283.0,618.0,,-48.0
227.0,494.0,,331.0,8.0,690.0,-256.0,408.0,,-91.0
270.0,517.0,,302.0,11.0,569.0,-216.0,330.0,,-145.0
294.0,517.0,,463.0,67.0,626.0,-170.0,336.0,,-211.0
293.0,494.0,,271.0,109.0,1137.0,-146.0,696.0,,-276.0
419.0,443.0,,145.0,73.0,1507.0,-151.0,781.0,,-365.0
221.0,450.0,,282.0,82.0,1487.0,-164.0,1136.0,,-442.0
375.0,370.0,,246.0,38.0,1363.0,-160.0,1167.0,,-513.0
128.0,255.0,,91.0,12.0,1387.0,-151.0,1147.0,,-558.0
336.0,197.0,,300.0,69.0,1675.0,-152.0,1189.0,,-578.0
270.0,151.0,,380.0,44.0,1679.0,-162.0,1049.0,,-590.0
162.0,163.0,,319.0,73.0,1443.0,-154.0,1310.0,,-588.0
327.0,226.0,,466.0,143.0,1579.0,-155.0,1335.0,,-595.0
-33.0,287.0,,467.0,103.0,2065.0,-153.0,1459.0,,-603.0
202.0,306.0,,505.0,92.0,2318.0,-131.0,1306.0,,-623.0
14.0,335.0,,689.0,39.0,2153.0,-123.0,1023.0,,-644.0
107.0,346.0,,757.0,-80.0,2141.0,-142.0,920.0,,-665.0
48.0,330.0,,836.0,-154.0,2510.0,-155.0,524.0,,-694.0
-45.0,310.0,,791.0,-255.0,2637.0,-130.0,497.0,,-707.0
107.0,253.0,,563.0,-285.0,2306.0,-98.0,249.0,,-703.0
-226.0,243.0,,633.0,-239.0,2120.0,-60.0,182.0,,-669.0
-214.0,256.0,,778.0,-254.0,2151.0,-34.0,210.0,,-617.0
-355.0,260.0,,680.0,-186.0,2203.0,-23.0,81.0,,-546.0
-9.0,311.0,,539.0,-85.0,2225.0,-20.0,308.0,,-449.0
-94.0,370.0,,370.0,-76.0,2091.0,-34.0,171.0,,-352.0
-222.0,390.0,,233.0,-30.0,2032.0,-35.0,221.0,,-248.0
-129.0,409.0,,211.0,-11.0,2178.0,-21.0,192.0,,-156.0
-338.0,457.0,,263.0,-1.0,2270.0,12.0,229.0,,-86.0
45.0,508.0,,370.0,94.0,2313.0,29.0,443.0,,-52.0
-43.0,510.0,,330.0,145.0,2339.0,27.0,386.0,,-62.0
-37.0,467.0,,300.0,207.0,2288.0,28.0,572.0,,-94.0
-146.0,413.0,,463.0,284.0,2251.0,24.0,314.0,,-146.0
-132.0,342.0,,456.0,267.0,2232.0,43.0,121.0,,-206.0
-20.0,253.0,,460.0,275.0,2073.0,65.0,-133.0,,-279.0
-183.0,96.0,,542.0,271.0,1780.0,89.0,-447.0,,-347.0
8.0,-36.0,,428.0,215.0,1602.0,106.0,-295.0,,-403.0
-171.0,-60.0,,512.0,208.0,1468.0,106.0,-325.0,,-441.0
-81.0,-125.0,,535.0,147.0,1260.0,102.0,-35.0,,-462.0
-181.0,-253.0,,463.0,98.0,984.0,96.0,35.0,,-471.0
-255.0,-343.0,,594.0,146.0,770.0,85.0,77.0,,-452.0
-143.0,-384.0,,571.0,127.0,775.0,77.0,214.0,,-407.0
-271.0,-408.0,,482.0,109.0,810.0,99.0,129.0,,-341.0
-202.0,-344.0,,321.0,119.0,795.0,136.0,290.0,,-266.0
-332.0,-259.0,,249.0,50.0,822.0,188.0,79.0,,-175.0
-322.0,-264.0,,111.0,8.0,901.0,215.0,7.0,,-71.0
-329.0,-277.0,,0.0,-52.0,1048.0,213.0,-240.0,,22.0
-253.0,-254.0,,162.0,-156.0,1182.0,225.0,-561.0,,123.0
-357.0,-269.0,,212.0,-156.0,1079.0,220.0,-624.0,,222.0
-438.0,-409.0,,321.0,-169.0,1014.0,230.0,-942.0,,302.0
-397.0,-541.0,,282.0,-209.0,1093.0,239.0,-868.0,,377.0
-490.0,-562.0,,166.0,-174.0,1043.0,244.0,-1032.0,,463.0
-262.0,-525.0,,132.0,-176.0,922.0,263.0,-1119.0,,559.0
-394.0,-541.0,,124.0,-150.0,907.0,272.0,-1071.0,,639.0
-482.0,-581.0,,124.0,-79.0,1114.0,298.0,-1141.0,,722.0
-430.0,-512.0,,203.0,-60.0,1368.0,323.0,-851.0,,804.0
-325.0,-476.0,,72.0,7.0,1444.0,333.0,-776.0,,853.0
-314.0,-493.0,,-152.0,56.0,1200.0,322.0,-445.0,,904.0
-481.0,-480.0,,32.0,32.0,968.0,275.0,-341.0,,961.0
-470.0,-407.0,,-143.0,60.0,801.0,225.0,-336.0,,1020.0
-471.0,-333.0,,-232.0,83.0,344.0,211.0,-127.0,,1074.0
-289.0,-317.0,,-105.0,85.0,-122.0,210.0,-136.0,,1126.0
-310.0,-262.0,,-100.0,122.0,-460.0,193.0,131.0,,1173.0
-358.0,-171.0,,-116.0,90.0,-654.0,174.0,-16.0,,1196.0
-339.0,-23.0,,-242.0,44.0,-559.0,151.0,-55.0,,1208.0
-156.0,103.0,,-131.0,47.0,-443.0,143.0,0.0,,1201.0
-96.0,216.0,,-152.0,10.0,-519.0,169.0,-12.0,,1167.0
-132.0,380.0,,-228.0,11.0,-413.0,191.0,221.0,,1113.0
31.0,461.0,,-137.0,27.0,-181.0,177.0,7.0,,1037.0
-36.0,490.0,,-59.0,-19.0,-82.0,164.0,18.0,,924.0
-18.0,507.0,,-34.0,-30.0,-130.0,140.0,-81.0,,789.0
-64.0,511.0,,-100.0,-53.0,-246.0,121.0,-107.0,,647.0
89.0,479.0,,-63.0,-119.0,-138.0,122.0,-73.0,,480.0
117.0,391.0,,41.0,-112.0,-98.0,71.0,-399.0,,322.0
51.0,340.0,,-131.0,-93.0,-302.0,45.0,-404.0,,179.0
-134.0,336.0,,-177.0,-83.0,-622.0,36.0,-648.0,,43.0
-202.0,285.0,,80.0,-40.0,-939.0,22.0,-663.0,,-77.0
8.0,155.0,,-23.0,-60.0,-895.0,37.0,-659.0,,-190.0
-69.0,45.0,,-109.0,-100.0,-715.0,32.0,-720.0,,-282.0
-12.0,-107.0,,209.0,-97.0,-834.0,32.0,-498.0,,-358.0
-432.0,-257.0,,341.0,-138.0,-1049.0,0.0,-524.0,,-403.0
-276.0,-349.0,,130.0,-178.0,-1182.0,-28.0,-267.0,,-415.0
-118.0,-400.0,,100.0,-175.0,-1164.0,-18.0,-290.0,,-398.0
-317.0,-381.0,,181.0,-195.0,-959.0,-20.0,-352.0,,-337.0
-230.0,-388.0,,86.0,-173.0,-859.0,3.0,-439.0,,-253.0
-363.0,-394.0,,222.0,-140.0,-641.0,-15.0,-783.0,,-130.0
-218.0,-429.0,,219.0,-141.0,-275.0,-68.0,-829.0,,7.0
-458.0,-389.0,,-4.0,-106.0,-79.0,-86.0,-1108.0,,147.0
-325.0,-280.0,,174.0,-114.0,-124.0,-107.0,-1077.0,,280.0
-250.0,-180.0,,284.0,-162.0,-503.0,-130.0,-1071.0,,388.0
-222.0,16.0,,130.0,-148.0,-651.0,-134.0,-988.0,,487.0
-190.0,256.0,,-38.0,-125.0,-482.0,-138.0,-615.0,,562.0
-413.0,469.0,,-70.0,-95.0,-559.0,-142.0,-585.0,,619.0
-64.0,538.0,,103.0,-28.0,-765.0,-141.0,-327.0,,665.0
-93.0,552.0,,168.0,-5.0,-764.0,-145.0,-362.0,,684.0
-58.0,557.0,,143.0,20.0,-557.0,-154.0,-328.0,,694.0
-183.0,504.0,,30.0,81.0,-302.0,-165.0,-267.0,,684.0
-263.0,383.0,,-56.0,101.0,-120.0,-177.0,-400.0,,656.0
-160.0,213.0,,-6.0,134.0,72.0,-196.0,-205.0,,627.0
-140.0,46.0,,-34.0,170.0,494.0,-229.0,-229.0,,604.0
-87.0,-124.0,,101.0,149.0,956.0,-261.0,-11.0,,582.0
-238.0,-223.0,,170.0,138.0,1257.0,-272.0,-31.0,,552.0
-183.0,-250.0,,-72.0,116.0,1478.0,-274.0,-120.0,,527.0
-295.0,-147.0,,-34.0,55.0,1536.0,-282.0,-53.0,,494.0
-171.0,42.0,,116.0,28.0,1345.0,-285.0,-304.0,,456.0
-123.0,178.0,,6.0,-15.0,1095.0,-278.0,-284.0,,417.0
-167.0,286.0,,-58.0,-76.0,917.0,-283.0,-587.0,,376.0
-149.0,411.0,,-52.0,-65.0,694.0,-295.0,-705.0,,346.0
-139.0,435.0,,-66.0,-65.0,384.0,-283.0,-685.0,,321.0
-53.0,340.0,,-96.0,-88.0,210.0,-271.0,-742.0,,301.0
-237.0,207.0,,-204.0,-67.0,374.0,-255.0,-509.0,,272.0
-160.0,60.0,,-200.0,-64.0,532.0,-227.0,-567.0,,231.0
-19.0,-18.0,,-18.0,-59.0,342.0,-227.0,-373.0,,184.0
-45.0,-104.0,,-76.0,-20.0,164.0,-222.0,-415.0,,121.0
-50.0,-167.0,,-158.0,-2.0,375.0,-237.0,-471.0,,50.0
20.0,-195.0,,-62.0,31.0,486.0,-240.0,-352.0,,-30.0
-39.0,-181.0,,-164.0,88.0,139.0,-207.0,-428.0,,-118.0
-15.0,-150.0,,-175.0,121.0,-138.0,-197.0,-201.0,,-208.0
108.0,-84.0,,-54.0,192.0,-149.0,-153.0,-290.0,,-302.0
274.0,41.0,,-116.0,261.0,-221.0,-127.0,-206.0,,-383.0
247.0,97.0,,-275.0,247.0,-485.0,-121.0,-253.0,,-451.0
196.0,233.0,,-149.0,224.0,-562.0,-113.0,-473.0,,-499.0
287.0,307.0,,-65.0,195.0,-388.0,-123.0,-476.0,,-509.0
250.0,308.0,,-289.0,148.0,-419.0,-113.0,-753.0,,-498.0
336.0,307.0,,-325.0,136.0,-522.0,-124.0,-618.0,,-477.0
221.0,254.0,,-207.0,114.0,-536.0,-123.0,-582.0,,-446.0
400.0,277.0,,-76.0,84.0,-488.0,-127.0,-395.0,,-429.0
286.0,206.0,,-119.0,95.0,-260.0,-117.0,-164.0,,-427.0
181.0,91.0,,-225.0,86.0,-82.0,-93.0,-212.0,,-435.0
157.0,38.0,,-321.0,81.0,-86.0,-103.0,-125.0,,-459.0
155.0,-12.0,,-423.0,118.0,-164.0,-122.0,-471.0,,-500.0
321.0,-104.0,,-262.0,125.0,-190.0,-169.0,-506.0,,-554.0
-28.0,-220.0,,-51.0,130.0,-80.0,-196.0,-589.0,,-611.0
65.0,-290.0,,72.0,145.0,-175.0,-188.0,-642.0,,-662.0
-50.0,-337.0,,-14.0,96.0,-469.0,-175.0,-539.0,,-704.0
28.0,-323.0,,8.0,42.0,-711.0,-202.0,-827.0,,-726.0
-211.0,-309.0,,138.0,0.0,-1049.0,-243.0,-818.0,,-729.0
-327.0,-268.0,,-206.0,-67.0,-1314.0,-271.0,-1090.0,,-722.0
-21.0,-176.0,,-173.0,-89.0,-1394.0,-305.0,-1145.0,,-703.0
-278.0,-79.0,,112.0,-135.0,-1525.0,-323.0,-1101.0,,-676.0
-126.0,-25.0,,-137.0,-238.0,-1594.0,-342.0,-1117.0,,-623.0
-218.0,-25.0,,-142.0,-295.0,-1435.0,-336.0,-742.0,,-550.0
-129.0,79.0,,254.0,-342.0,-1286.0,-317.0,-722.0,,-450.0
-255.0,153.0,,234.0,-381.0,-1227.0,-314.0,-469.0,,-348.0
-174.0,160.0,,-118.0,-340.0,-1183.0,-303.0,-367.0,,-255.0
48.0,218.0,,-140.0,-300.0,-1055.0,-297.0,-258.0,,-163.0
-75.0,302.0,,-48.0,-276.0,-884.0,-299.0,-16.0,,-108.0
5.0,330.0,,51.0,-235.0,-891.0,-286.0,-62.0,,-59.0
-59.0,233.0,,148.0,-229.0,-1072.0,-261.0,169.0,,-37.0
165.0,158.0,,70.0,-184.0,-1274.0,-261.0,36.0,,-59.0
157.0,66.0,,-210.0,-102.0,-1447.0,-265.0,33.0,,-71.0
250.0,-38.0,,-40.0,-64.0,-1841.0,-258.0,-12.0,,-99.0
164.0,-69.0,,654.0,-14.0,-2313.0,-258.0,-177.0,,-120.0
172.0,-111.0,,301.0,70.0,-2614.0,-247.0,-25.0,,-112.0
467.0,-141.0,,-238.0,139.0,-2771.0,-245.0,-133.0,,-92.0
389.0,-107.0,,208.0,270.0,-2756.0,-249.0,64.0,,-33.0
388.0,-72.0,,183.0,366.0,-2695.0,-253.0,31.0,,46.0
313.0,-50.0,,-307.0,397.0,-2689.0,-237.0,55.0,,123.0
390.0,42.0,,-66.0,421.0,-2634.0,-234.0,129.0,,199.0
407.0,155.0,,73.0,371.0,-2383.0,-244.0,-107.0,,264.0
480.0,219.0,,-403.0,347.0,-2156.0,-216.0,-36.0,,318.0
585.0,229.0,,-361.0,296.0,-2100.0,-187.0,-327.0,,347.0
408.0,229.0,,-239.0,267.0,-2016.0,-159.0,-360.0,,346.0
357.0,212.0,,-304.0,246.0,-1692.0,-140.0,-467.0,,325.0
474.0,168.0,,-201.0,206.0,-1159.0,-123.0,-659.0,,292.0
519.0,69.0,,-438.0,162.0,-699.0,-115.0,-572.0,,247.0
546.0,-16.0,,-466.0,90.0,-548.0,-120.0,-746.0,,189.0
636.0,21.0,,-220.0,74.0,-655.0,-108.0,-626.0,,123.0
625.0,17.0,,-437.0,1.0,-628.0,-99.0,-820.0,,54.0
433.0,-1.0,,-474.0,7.0,-460.0,-77.0,-899.0,,-14.0
441.0,54.0,,-61.0,1.0,-414.0,-70.0,-940.0,,-78.0
758.0,95.0,,-246.0,-1.0,-506.0,-78.0,-1114.0,,-129.0
743.0,31.0,,-496.0,35.0,-631.0,-70.0,-947.0,,-176.0
612.0,-10.0,,-244.0,24.0,-715.0,-83.0,-1047.0,,-221.0
438.0,35.0,,-256.0,94.0,-724.0,-74.0,-861.0,,-265.0
405.0,15.0,,-298.0,124.0,-705.0,-51.0,-877.0,,-304.0
457.0,10.0,,-402.0,153.0,-746.0,-10.0,-914.0,,-336.0
436.0,10.0,,-486.0,119.0,-623.0,31.0,-757.0,,-362.0
496.0,-11.0,,-155.0,70.0,-344.0,44.0,-785.0,,-369.0
211.0,-11.0,,13.0,26.0,-179.0,79.0,-489.0,,-363.0
175.0,2.0,,-76.0,5.0,-200.0,106.0,-535.0,,-348.0
279.0,45.0,,-204.0,52.0,-236.0,136.0,-485.0,,-324.0
281.0,115.0,,-52.0,64.0,-106.0,152.0,-482.0,,-297.0
201.0,202.0,,162.0,147.0,33.0,156.0,-582.0,,-274.0
156.0,233.0,,24.0,132.0,128.0,181.0,-410.0,,-253.0
224.0,205.0,,158.0,101.0,363.0,194.0,-519.0,,-243.0
119.0,161.0,,175.0,90.0,802.0,208.0,-358.0,,-247.0
210.0,87.0,,-101.0,29.0,1074.0,221.0,-428.0,,-247.0
238.0,-57.0,,-121.0,61.0,1014.0,225.0,-484.0,,-248.0
134.0,-210.0,,8.0,56.0,961.0,250.0,-497.0,,-254.0
48.0,-290.0,,277.0,43.0,989.0,280.0,-764.0,,-256.0
116.0,-322.0,,373.0,67.0,1115.0,300.0,-755.0,,-262.0
76.0,-320.0,,321.0,45.0,1112.0,330.0,-1090.0,,-266.0
140.0,-241.0,,89.0,34.0,771.0,330.0,-1136.0,,-273.0
205.0,-137.0,,-176.0,17.0,363.0,338.0,-1110.0,,-299.0
55.0,-56.0,,-221.0,-71.0,124.0,351.0,-1025.0,,-323.0
14.0,-14.0,,-144.0,-125.0,39.0,338.0,-731.0,,-360.0
-23.0,18.0,,89.0,-172.0,-62.0,328.0,-851.0,,-422.0
223.0,53.0,,40.0,-206.0,-230.0,314.0,-779.0,,-496.0
57.0,-6.0,,83.0,-119.0,-400.0,323.0,-1001.0,,-592.0
-32.0,-57.0,,339.0,-74.0,-388.0,336.0,-1064.0,,-681.0
0.0,-82.0,,294.0,-38.0,-468.0,349.0,-1001.0,,-756.0
-33.0,-161.0,,510.0,-15.0,-788.0,359.0,-958.0,,-803.0
-15.0,-245.0,,700.0,-93.0,-934.0,367.0,-598.0,,-810.0
-30.0,-352.0,,460.0,-109.0,-797.0,381.0,-750.0,,-785.0
125.0,-420.0,,373.0,-146.0,-411.0,409.0,-772.0,,-733.0
-184.0,-464.0,,497.0,-167.0,-139.0,443.0,-973.0,,-677.0
33.0,-440.0,,556.0,-95.0,-56.0,452.0,-1077.0,,-610.0
97.0,-400.0,,206.0,-103.0,16.0,466.0,-855.0,,-544.0
24.0,-352.0,,138.0,-101.0,-43.0,468.0,-921.0,,-471.0
75.0,-217.0,,352.0,-111.0,-140.0,450.0,-685.0,,-394.0
-29.0,-175.0,,93.0,-204.0,-323.0,416.0,-663.0,,-320.0
141.0,-98.0,,-127.0,-223.0,-645.0,391.0,-476.0,,-231.0
25.0,-5.0,,-153.0,-266.0,-945.0,420.0,-360.0,,-147.0
186.0,39.0,,-157.0,-299.0,-1110.0,442.0,-480.0,,-61.0
84.0,83.0,,-292.0,-244.0,-1113.0,456.0,-445.0,,18.0
106.0,68.0,,-318.0,-255.0,-1106.0,452.0,-764.0,,84.0
91.0,89.0,,-365.0,-213.0,-1099.0,434.0,-822.0,,157.0
52.0,67.0,,-406.0,-138.0,-885.0,443.0,-1025.0,,220.0
189.0,-12.0,,-324.0,-132.0,-597.0,440.0,-1079.0,,276.0
128.0,-91.0,,-385.0,-59.0,-610.0,448.0,-1012.0,,322.0
343.0,-123.0,,-234.0,-49.0,-801.0,433.0,-1193.0,,352.0
46.0,-121.0,,-134.0,-78.0,-798.0,409.0,-1049.0,,361.0
55.0,-112.0,,-214.0,-32.0,-732.0,397.0,-1204.0,,352.0
106.0,-29.0,,-80.0,-58.0,-726.0,364.0,-1147.0,,352.0
139.0,24.0,,72.0,-50.0,-747.0,343.0,-1152.0,,348.0
258.0,102.0,,-156.0,-21.0,-763.0,310.0,-1206.0,,354.0
137.0,208.0,,-262.0,-48.0,-725.0,281.0,-940.0,,385.0
117.0,231.0,,-242.0,0.0,-724.0,252.0,-862.0,,458.0
-55.0,203.0,,-422.0,-22.0,-688.0,224.0,-491.0,,568.0
120.0,114.0,,-563.0,-69.0,-653.0,191.0,-382.0,,705.0
154.0,39.0,,-598.0,-18.0,-644.0,159.0,-184.0,,870.0
28.0,-41.0,,-583.0,-26.0,-483.0,138.0,7.0,,1025.0
-144.0,-96.0,,-733.0,1.0,-281.0,112.0,16.0,,1171.0
15.0,-64.0,,-766.0,21.0,-148.0,85.0,291.0,,1283.0
67.0,-69.0,,-868.0,-42.0,-92.0,35.0,208.0,,1356.0
-149.0,-116.0,,-837.0,-9.0,-34.0,10.0,347.0,,1388.0
-23.0,-141.0,,-757.0,-2.0,125.0,14.0,242.0,,1384.0
-45.0,-108.0,,-851.0,-11.0,121.0,10.0,64.0,,1342.0
-12.0,-114.0,,-633.0,46.0,-9.0,-23.0,133.0,,1268.0
-86.0,-133.0,,-647.0,16.0,-73.0,-71.0,86.0,,1179.0
-68.0,-86.0,,-554.0,15.0,-197.0,-98.0,428.0,,1068.0
-182.0,-76.0,,-297.0,32.0,-373.0,-130.0,437.0,,962.0
-102.0,-68.0,,-221.0,-20.0,-523.0,-158.0,493.0,,860.0
63.0,-56.0,,-78.0,-2.0,-494.0,-168.0,443.0,,757.0
-42.0,-47.0,,59.0,-42.0,-326.0,-180.0,206.0,,646.0
-142.0,-72.0,,102.0,-116.0,-358.0,-193.0,234.0,,525.0
-197.0,-132.0,,-133.0,-90.0,-471.0,-211.0,49.0,,403.0
42.0,-100.0,,-117.0,-110.0,-367.0,-234.0,238.0,,273.0
-77.0,-91.0,,-39.0,-75.0,-204.0,-232.0,279.0,,137.0
-98.0,-156.0,,-136.0,-4.0,-33.0,-224.0,312.0,,-12.0
-79.0,-206.0,,0.0,-7.0,61.0,-227.0,315.0,,-158.0
-127.0,-221.0,,-88.0,64.0,-61.0,-247.0,22.0,,-310.0
10.0,-202.0,,-332.0,72.0,-187.0,-258.0,72.0,,-445.0
50.0,-201.0,,-272.0,26.0,-177.0,-264.0,-138.0,,-561.0
65.0,-204.0,,-77.0,64.0,-60.0,-278.0,-121.0,,-676.0
55.0,-180.0,,10.0,34.0,-27.0,-268.0,-145.0,,-761.0
216.0,-91.0,,-32.0,37.0,-129.0,-277.0,-230.0,,-827.0
123.0,-71.0,,-198.0,80.0,-162.0,-298.0,-131.0,,-861.0
-46.0,-99.0,,-186.0,41.0,-45.0,-316.0,-273.0,,-869.0
142.0,-101.0,,72.0,71.0,118.0,-354.0,-33.0,,-864.0
332.0,-156.0,,155.0,57.0,210.0,-378.0,5.0,,-826.0
163.0,-189.0,,15.0,-21.0,131.0,-426.0,173.0,,-784.0
-45.0,-234.0,,-45.0,-20.0,76.0,-462.0,321.0,,-738.0
0.0,-210.0,,113.0,-100.0,110.0,-442.0,236.0,,-684.0
50.0,-121.0,,66.0,-182.0,25.0,-436.0,448.0,,-633.0
55.0,-48.0,,-59.0,-210.0,-212.0,-448.0,365.0,,-562.0
103.0,25.0,,-77.0,-276.0,-590.0,-458.0,567.0,,-490.0
42.0,68.0,,-238.0,-239.0,-776.0,-462.0,654.0,,-399.0
-133.0,62.0,,-212.0,-211.0,-832.0,-439.0,711.0,,-286.0
-19.0,-58.0,,-204.0,-245.0,-1077.0,-430.0,809.0,,-172.0
66.0,-191.0,,-404.0,-191.0,-1210.0,-428.0,500.0,,-21.0
4.0,-324.0,,-419.0,-201.0,-1080.0,-405.0,513.0,,128.0
-51.0,-458.0,,-217.0,-236.0,-1005.0,-426.0,389.0,,283.0
-33.0,-600.0,,-34.0,-211.0,-1071.0,-464.0,578.0,,445.0
151.0,-702.0,,65.0,-249.0,-1099.0,-474.0,739.0,,587.0
94.0,-721.0,,-11.0,-204.0,-959.0,-478.0,615.0,,722.0
63.0,-769.0,,-2.0,-123.0,-836.0,-471.0,681.0,,832.0
88.0,-778.0,,271.0,-95.0,-947.0,-461.0,437.0,,917.0
70.0,-741.0,,297.0,29.0,-949.0,-435.0,489.0,,982.0
334.0,-653.0,,270.0,118.0,-822.0,-437.0,356.0,,1012.0
242.0,-536.0,,274.0,156.0,-601.0,-455.0,249.0,,1013.0
161.0,-436.0,,22.0,238.0,-326.0,-459.0,339.0,,1005.0
229.0,-310.0,,94.0,233.0,-191.0,-472.0,267.0,,988.0
234.0,-139.0,,340.0,238.0,-37.0,-450.0,456.0,,972.0
322.0,36.0,,-20.0,276.0,3.0,-430.0,358.0,,959.0
122.0,140.0,,-55.0,225.0,51.0,-426.0,489.0,,947.0
333.0,221.0,,95.0,235.0,229.0,-446.0,567.0,,930.0
310.0,247.0,,-275.0,242.0,233.0,-460.0,513.0,,903.0
143.0,197.0,,-17.0,171.0,-31.0,-414.0,626.0,,872.0
214.0,112.0,,280.0,159.0,-98.0,-359.0,469.0,,845.0
187.0,49.0,,156.0,71.0,321.0,-319.0,661.0,,837.0
332.0,0.0,,207.0,-38.0,449.0,-307.0,674.0,,811.0
240.0,-121.0,,394.0,-50.0,151.0,-314.0,731.0,,764.0
235.0,-216.0,,356.0,-110.0,121.0,-295.0,729.0,,707.0
29.0,-285.0,,140.0,-135.0,492.0,-270.0,441.0,,639.0
140.0,-367.0,,438.0,-119.0,775.0,-245.0,478.0,,560.0
335.0,-400.0,,455.0,-186.0,671.0,-208.0,328.0,,467.0
118.0,-385.0,,173.0,-204.0,581.0,-188.0,504.0,,364.0
-34.0,-380.0,,335.0,-198.0,790.0,-168.0,594.0,,240.0
-223.0,-394.0,,173.0,-238.0,1093.0,-159.0,546.0,,85.0
12.0,-412.0,,109.0,-191.0,1165.0,-126.0,543.0,,-81.0
59.0,-408.0,,523.0,-145.0,1114.0,-52.0,260.0,,-230.0
-31.0,-343.0,,169.0,-158.0,1206.0,10.0,321.0,,-377.0
-103.0,-320.0,,62.0,-137.0,1354.0,50.0,142.0,,-493.0
-301.0,-319.0,,342.0,-189.0,1329.0,57.0,181.0,,-579.0
-161.0,-298.0,,72.0,-235.0,1247.0,58.0,254.0,,-645.0
-79.0,-279.0,,66.0,-190.0,1219.0,47.0,186.0,,-687.0
-106.0,-222.0,,110.0,-198.0,1087.0,29.0,336.0,,-733.0
-112.0,-132.0,,-17.0,-181.0,946.0,21.0,46.0,,-785.0
-178.0,-17.0,,-131.0,-126.0,891.0,31.0,31.0,,-853.0
-281.0,35.0,,-25.0,-143.0,897.0,34.0,-136.0,,-915.0
-332.0,18.0,,50.0,-119.0,955.0,20.0,-254.0,,-986.0
-173.0,-60.0,,73.0,-53.0,1044.0,23.0,-168.0,,-1047.0
-214.0,-95.0,,-18.0,-25.0,1156.0,28.0,-218.0,,-1092.0
-304.0,-76.0,,9.0,44.0,1237.0,40.0,145.0,,-1131.0
-254.0,-85.0,,124.0,112.0,1301.0,67.0,247.0,,-1128.0
-304.0,-62.0,,-65.0,101.0,1453.0,80.0,541.0,,-1125.0
-325.0,-19.0,,14.0,115.0,1571.0,87.0,652.0,,-1109.0
-341.0,73.0,,44.0,101.0,1481.0,108.0,611.0,,-1064.0
-121.0,130.0,,46.0,49.0,1255.0,115.0,837.0,,-999.0
-211.0,154.0,,93.0,75.0,1064.0,116.0,750.0,,-907.0
-319.0,171.0,,24.0,73.0,851.0,119.0,942.0,,-794.0
-213.0,171.0,,-60.0,48.0,415.0,121.0,825.0,,-654.0
-257.0,185.0,,-15.0,91.0,-90.0,129.0,752.0,,-503.0
-171.0,190.0,,156.0,86.0,-342.0,137.0,718.0,,-347.0
-290.0,209.0,,209.0,64.0,-232.0,140.0,480.0,,-190.0
-97.0,192.0,,102.0,97.0,68.0,116.0,648.0,,-33.0
-58.0,177.0,,165.0,107.0,319.0,77.0,543.0,,112.0
-105.0,153.0,,287.0,148.0,396.0,54.0,668.0,,275.0
-15.0,136.0,,24.0,203.0,446.0,76.0,709.0,,432.0
-157.0,114.0,,51.0,173.0,513.0,110.0,639.0,,564.0
-98.0,37.0,,184.0,168.0,492.0,115.0,611.0,,691.0
-95.0,-65.0,,159.0,183.0,368.0,107.0,205.0,,780.0
100.0,-203.0,,211.0,128.0,265.0,110.0,121.0,,852.0
-64.0,-315.0,,23.0,114.0,334.0,134.0,-101.0,,912.0
-153.0,-446.0,,-7.0,112.0,303.0,157.0,-53.0,,954.0
-106.0,-529.0,,131.0,54.0,214.0,186.0,73.0,,988.0
-224.0,-544.0,,182.0,52.0,300.0,191.0,-1.0,,1001.0
-88.0,-554.0,,276.0,54.0,553.0,188.0,138.0,,1001.0
-183.0,-478.0,,197.0,32.0,804.0,196.0,-81.0,,980.0
-182.0,-367.0,,114.0,68.0,968.0,216.0,-181.0,,942.0
-352.0,-254.0,,202.0,76.0,1128.0,230.0,-493.0,,881.0
-315.0,-138.0,,62.0,59.0,1187.0,237.0,-661.0,,808.0
-316.0,14.0,,-76.0,94.0,1281.0,270.0,-598.0,,740.0
-409.0,178.0,,112.0,90.0,1371.0,277.0,-800.0,,665.0
-339.0,274.0,,162.0,75.0,1481.0,286.0,-692.0,,610.0
-481.0,305.0,,136.0,89.0,1394.0,288.0,-814.0,,567.0
-507.0,309.0,,230.0,22.0,1028.0,286.0,-670.0,,531.0
-552.0,287.0,,357.0,-42.0,893.0,309.0,-439.0,,525.0
-427.0,230.0,,366.0,-65.0,866.0,332.0,-290.0,,524.0
-630.0,216.0,,276.0,-117.0,723.0,368.0,64.0,,549.0
-791.0,238.0,,276.0,-102.0,399.0,350.0,79.0,,596.0
-750.0,243.0,,333.0,-52.0,363.0,339.0,325.0,,654.0
-725.0,232.0,,376.0,-38.0,661.0,342.0,299.0,,716.0
-827.0,191.0,,235.0,20.0,786.0,321.0,247.0,,776.0
-874.0,170.0,,355.0,57.0,773.0,339.0,206.0,,830.0
-716.0,180.0,,448.0,12.0,707.0,359.0,-127.0,,846.0
-976.0,161.0,,420.0,-10.0,838.0,361.0,-153.0,,828.0
-923.0,106.0,,565.0,-51.0,932.0,357.0,-402.0,,782.0
-886.0,52.0,,460.0,-110.0,826.0,370.0,-303.0,,714.0
-778.0,55.0,,324.0,-107.0,657.0,391.0,-205.0,,636.0
-844.0,28.0,,324.0,-133.0,482.0,387.0,-218.0,,549.0
-863.0,-65.0,,348.0,-169.0,594.0,366.0,-94.0,,470.0
-743.0,-118.0,,147.0,-155.0,847.0,349.0,-371.0,,402.0
-848.0,-111.0,,165.0,-179.0,1037.0,324.0,-345.0,,346.0
-591.0,-46.0,,392.0,-181.0,1082.0,310.0,-447.0,,319.0
-656.0,13.0,,336.0,-147.0,960.0,312.0,-327.0,,311.0
-516.0,88.0,,368.0,-161.0,989.0,303.0,-120.0,,317.0
-502.0,195.0,,380.0,-125.0,914.0,318.0,-179.0,,326.0
-399.0,242.0,,465.0,-68.0,540.0,307.0,-94.0,,315.0
-440.0,192.0,,370.0,-82.0,220.0,277.0,-358.0,,306.0
-534.0,129.0,,232.0,-62.0,79.0,248.0,-293.0,,284.0
-242.0,131.0,,445.0,-60.0,88.0,219.0,-341.0,,238.0
-364.0,99.0,,444.0,-96.0,-110.0,198.0,-376.0,,195.0
-243.0,49.0,,452.0,-88.0,-374.0,186.0,-271.0,,125.0
-312.0,-21.0,,343.0,-137.0,-430.0,190.0,-480.0,,41.0
-183.0,-69.0,,92.0,-201.0,-469.0,194.0,-367.0,,-59.0
-334.0,-99.0,,89.0,-182.0,-442.0,219.0,-441.0,,-171.0
-298.0,-209.0,,184.0,-163.0,-423.0,243.0,-245.0,,-270.0
-25.0,-287.0,,166.0,-114.0,-486.0,278.0,-118.0,,-358.0
-219.0,-351.0,,48.0,-28.0,-464.0,319.0,-166.0,,-400.0
-51.0,-430.0,,39.0,15.0,-369.0,327.0,36.0,,-390.0
-162.0,-499.0,,-50.0,101.0,-521.0,321.0,-145.0,,-336.0
-51.0,-496.0,,-190.0,191.0,-818.0,291.0,-81.0,,-262.0
-138.0,-446.0,,-264.0,207.0,-996.0,251.0,-201.0,,-177.0
41.0,-398.0,,-197.0,252.0,-998.0,238.0,-315.0,,-92.0
184.0,-280.0,,-76.0,241.0,-809.0,250.0,-362.0,,-14.0
-52.0,-144.0,,2.0,142.0,-703.0,277.0,-624.0,,70.0
127.0,-17.0,,-31.0,79.0,-649.0,306.0,-635.0,,137.0
123.0,74.0,,-131.0,-16.0,-484.0,291.0,-921.0,,193.0
268.0,148.0,,43.0,-124.0,-269.0,280.0,-888.0,,243.0
156.0,236.0,,65.0,-171.0,-226.0,283.0,-912.0,,281.0
230.0,293.0,,47.0,-239.0,-402.0,266.0,-968.0,,302.0
184.0,278.0,,36.0,-265.0,-399.0,259.0,-796.0,,301.0
142.0,243.0,,-92.0,-224.0,-199.0,247.0,-984.0,,282.0
304.0,284.0,,20.0,-209.0,-188.0,230.0,-831.0,,246.0
188.0,374.0,,-115.0,-134.0,-464.0,211.0,-838.0,,200.0
210.0,435.0,,-191.0,-42.0,-686.0,186.0,-727.0,,139.0
73.0,443.0,,-48.0,-21.0,-561.0,147.0,-565.0,,63.0
204.0,484.0,,-100.0,28.0,-326.0,94.0,-578.0,,-46.0
92.0,535.0,,-182.0,57.0,-205.0,31.0,-297.0,,-170.0
149.0,552.0,,-179.0,46.0,-114.0,-11.0,-334.0,,-305.0
215.0,536.0,,-116.0,80.0,131.0,-35.0,-158.0,,-448.0
16.0,496.0,,-288.0,70.0,505.0,-85.0,-145.0,,-583.0
66.0,436.0,,-252.0,56.0,659.0,-138.0,-107.0,,-710.0
-54.0,350.0,,-180.0,97.0,657.0,-196.0,97.0,,-805.0
85.0,284.0,,-257.0,81.0,653.0,-251.0,-40.0,,-871.0
-104.0,236.0,,-188.0,83.0,613.0,-300.0,121.0,,-916.0
-148.0,219.0,,-161.0,109.0,728.0,-341.0,36.0,,-938.0
-90.0,138.0,,60.0,77.0,826.0,-377.0,94.0,,-949.0
-253.0,44.0,,77.0,82.0,728.0,-420.0,155.0,,-943.0
-250.0,41.0,,-20.0,83.0,738.0,-439.0,84.0,,-911.0
-298.0,19.0,,173.0,68.0,959.0,-448.0,251.0,,-846.0
-241.0,5.0,,240.0,121.0,1151.0,-462.0,153.0,,-753.0
-395.0,42.0,,71.0,130.0,1089.0,-467.0,378.0,,-638.0
-319.0,99.0,,117.0,119.0,995.0,-475.0,365.0,,-502.0
-345.0,118.0,,256.0,145.0,1088.0,-501.0,262.0,,-371.0
-356.0,119.0,,173.0,92.0,1135.0,-543.0,203.0,,-247.0
-297.0,107.0,,183.0,41.0,931.0,-588.0,-160.0,,-119.0
-421.0,97.0,,222.0,22.0,703.0,-615.0,-199.0,,0.0
-350.0,102.0,,156.0,-52.0,797.0,-627.0,-428.0,,103.0
-326.0,61.0,,37.0,-65.0,984.0,-640.0,-415.0,,197.0
-171.0,64.0,,55.0,-45.0,1035.0,-653.0,-328.0,,265.0
-339.0,42.0,,45.0,-34.0,1070.0,-671.0,-336.0,,311.0
-419.0,17.0,,-3.0,40.0,1086.0,-709.0,-184.0,,340.0
-399.0,0.0,,118.0,52.0,1157.0,-760.0,-314.0,,350.0
-372.0,-75.0,,168.0,24.0,1389.0,-785.0,-221.0,,356.0
-270.0,-117.0,,211.0,51.0,1548.0,-800.0,-417.0,,354.0
-376.0,-132.0,,337.0,22.0,1381.0,-805.0,-508.0,,333.0
-360.0,-74.0,,284.0,11.0,1138.0,-828.0,-454.0,,308.0
-506.0,49.0,,234.0,44.0,1172.0,-879.0,-583.0,,272.0
-325.0,232.0,,313.0,22.0,1168.0,-897.0,-373.0,,216.0
-357.0,328.0,,172.0,67.0,857.0,-914.0,-426.0,,150.0
-453.0,335.0,,196.0,134.0,528.0,-930.0,-227.0,,71.0
-416.0,342.0,,375.0,139.0,493.0,-943.0,-171.0,,-3.0
-448.0,287.0,,354.0,172.0,474.0,-954.0,-297.0,,-57.0
-394.0,280.0,,163.0,144.0,221.0,-938.0,-242.0,,-95.0
-521.0,270.0,,134.0,72.0,195.0,-936.0,-373.0,,-100.0
-300.0,290.0,,181.0,70.0,381.0,-946.0,-48.0,,-73.0
-480.0,299.0,,43.0,39.0,595.0,-953.0,77.0,,-26.0
-513.0,234.0,,167.0,25.0,644.0,-949.0,227.0,,36.0
-468.0,218.0,,58.0,37.0,511.0,-932.0,363.0,,119.0
-464.0,259.0,,-148.0,-10.0,423.0,-947.0,264.0,,208.0
-393.0,274.0,,-106.0,3.0,245.0,-983.0,380.0,,286.0
-472.0,219.0,,51.0,18.0,164.0,-1009.0,214.0,,368.0
-272.0,162.0,,210.0,-25.0,273.0,-1019.0,328.0,,441.0
-534.0,80.0,,194.0,-4.0,322.0,-991.0,330.0,,498.0
-396.0,-5.0,,255.0,-27.0,345.0,-948.0,271.0,,551.0
-321.0,-60.0,,209.0,-101.0,555.0,-938.0,264.0,,606.0
-301.0,-96.0,,176.0,-111.0,763.0,-912.0,-59.0,,658.0
-224.0,-110.0,,-49.0,-139.0,745.0,-872.0,-35.0,,699.0
-307.0,-137.0,,-151.0,-116.0,634.0,-854.0,-164.0,,727.0
-184.0,-164.0,,-78.0,-57.0,674.0,-852.0,-20.0,,735.0
-269.0,-139.0,,-310.0,-102.0,789.0,-855.0,164.0,,722.0
-8.0,-109.0,,17.0,-109.0,581.0,-861.0,284.0,,695.0
-81.0,-71.0,,163.0,-105.0,152.0,-867.0,624.0,,654.0
-33.0,-62.0,,-470.0,-148.0,-145.0,-847.0,563.0,,600.0
89.0,-119.0,,-321.0,-129.0,-237.0,-839.0,707.0,,545.0
136.0,-152.0,,24.0,-153.0,-231.0,-828.0,537.0,,500.0
189.0,-184.0,,-349.0,-180.0,-207.0,-793.0,395.0,,465.0
91.0,-194.0,,-108.0,-145.0,-231.0,-757.0,404.0,,457.0
379.0,-180.0,,252.0,-178.0,-312.0,-721.0,245.0,,474.0
332.0,-139.0,,-183.0,-181.0,-395.0,-702.0,445.0,,489.0
403.0,-96.0,,-136.0,-131.0,-339.0,-668.0,341.0,,503.0
383.0,0.0,,110.0,-137.0,-162.0,-643.0,437.0,,518.0
365.0,155.0,,-249.0,-93.0,-208.0,-629.0,439.0,,513.0
413.0,199.0,,-183.0,-46.0,-180.0,-609.0,426.0,,498.0
416.0,223.0,,-24.0,-25.0,156.0,-596.0,678.0,,455.0
603.0,212.0,,-93.0,61.0,271.0,-578.0,556.0,,395.0
389.0,197.0,,24.0,97.0,91.0,-566.0,687.0,,325.0
435.0,188.0,,-15.0,128.0,-18.0,-526.0,648.0,,239.0
377.0,92.0,,-48.0,221.0,125.0,-485.0,711.0,,170.0
329.0,66.0,,-128.0,248.0,288.0,-461.0,788.0,,87.0
335.0,110.0,,-275.0,269.0,232.0,-444.0,644.0,,1.0
325.0,156.0,,-256.0,291.0,81.0,-437.0,711.0,,-72.0
467.0,186.0,,-256.0,239.0,202.0,-430.0,524.0,,-154.0
269.0,276.0,,-384.0,234.0,504.0,-430.0,606.0,,-248.0
355.0,369.0,,-332.0,245.0,394.0,-406.0,497.0,,-350.0
320.0,357.0,,-532.0,233.0,141.0,-401.0,362.0,,-465.0
393.0,239.0,,-606.0,286.0,148.0,-429.0,450.0,,-583.0
455.0,-1.0,,-224.0,285.0,397.0,-448.0,303.0,,-688.0
394.0,-117.0,,-408.0,226.0,582.0,-440.0,439.0,,-785.0
473.0,-175.0,,-530.0,190.0,496.0,-403.0,352.0,,-851.0
291.0,-254.0,,-459.0,104.0,502.0,-369.0,404.0,,-895.0
487.0,-267.0,,-435.0,45.0,534.0,-338.0,487.0,,-938.0
465.0,-255.0,,-356.0,47.0,609.0,-307.0,498.0,,-965.0
449.0,-189.0,,-291.0,8.0,548.0,-250.0,764.0,,-980.0
483.0,-143.0,,-127.0,-14.0,254.0,-230.0,785.0,,-970.0
397.0,-50.0,,-270.0,-24.0,221.0,-219.0,1069.0,,-926.0
499.0,54.0,,-451.0,-93.0,343.0,-169.0,1128.0,,-864.0
433.0,71.0,,-488.0,-124.0,417.0,-125.0,1245.0,,-756.0
529.0,0.0,,-492.0,-148.0,294.0,-71.0,1472.0,,-619.0
349.0,-90.0,,-386.0,-191.0,11.0,-32.0,1396.0,,-459.0
296.0,-135.0,,-369.0,-139.0,-97.0,15.0,1589.0,,-269.0
431.0,-146.0,,-245.0,-92.0,4.0,54.0,1480.0,,-90.0
334.0,-125.0,,-207.0,-75.0,95.0,96.0,1533.0,,89.0
240.0,-137.0,,-409.0,1.0,95.0,138.0,1526.0,,261.0
168.0,-69.0,,-455.0,57.0,151.0,155.0,1376.0,,410.0
253.0,26.0,,-521.0,116.0,260.0,207.0,1409.0,,535.0
186.0,26.0,,-416.0,176.0,364.0,251.0,1291.0,,617.0
138.0,0.0,,-117.0,151.0,321.0,265.0,1546.0,,654.0
150.0,3.0,,-146.0,145.0,-11.0,268.0,1511.0,,647.0
134.0,62.0,,-301.0,169.0,-231.0,280.0,1444.0,,603.0
207.0,128.0,,-189.0,149.0,-67.0,283.0,1300.0,,526.0
211.0,134.0,,-318.0,165.0,-56.0,280.0,912.0,,419.0
153.0,78.0,,-327.0,183.0,-394.0,313.0,857.0,,292.0
138.0,-8.0,,-69.0,163.0,-647.0,336.0,593.0,,168.0
212.0,-91.0,,-290.0,200.0,-663.0,355.0,761.0,,58.0
184.0,-120.0,,-403.0,213.0,-729.0,372.0,981.0,,-26.0
128.0,-66.0,,-358.0,186.0,-991.0,394.0,1116.0,,-84.0
225.0,91.0,,-255.0,200.0,-1134.0,441.0,1278.0,,-98.0
301.0,301.0,,-257.0,163.0,-948.0,488.0,1016.0,,-78.0
287.0,418.0,,-328.0,120.0,-686.0,540.0,1008.0,,-38.0
188.0,386.0,,-122.0,118.0,-597.0,573.0,785.0,,42.0
236.0,324.0,,-41.0,67.0,-650.0,601.0,722.0,,123.0
349.0,302.0,,27.0,45.0,-527.0,618.0,702.0,,220.0
372.0,322.0,,189.0,30.0,-277.0,626.0,485.0,,311.0
401.0,264.0,,315.0,-52.0,-361.0,668.0,587.0,,376.0
303.0,106.0,,221.0,-97.0,-568.0,727.0,460.0,,443.0
306.0,30.0,,141.0,-136.0,-791.0,802.0,591.0,,484.0
421.0,-24.0,,215.0,-191.0,-956.0,861.0,628.0,,508.0
521.0,-12.0,,124.0,-161.0,-991.0,895.0,698.0,,510.0
478.0,59.0,,178.0,-160.0,-980.0,923.0,923.0,,493.0
401.0,108.0,,190.0,-195.0,-971.0,917.0,923.0,,452.0
432.0,138.0,,-23.0,-197.0,-1170.0,916.0,1258.0,,392.0
464.0,148.0,,-92.0,-258.0,-1185.0,937.0,1330.0,,332.0
465.0,238.0,,-13.0,-274.0,-1164.0,969.0,1465.0,,261.0
450.0,335.0,,81.0,-213.0,-1217.0,991.0,1476.0,,188.0
464.0,407.0,,28.0,-195.0,-1170.0,989.0,1321.0,,125.0
360.0,471.0,,-65.0,-141.0,-1124.0,997.0,1359.0,,66.0
424.0,519.0,,-66.0,-89.0,-962.0,1017.0,1064.0,,8.0
403.0,513.0,,42.0,-93.0,-835.0,1034.0,1045.0,,-45.0
332.0,479.0,,44.0,-48.0,-722.0,1044.0,855.0,,-115.0
318.0,429.0,,-105.0,-19.0,-726.0,1048.0,755.0,,-213.0
308.0,278.0,,-132.0,1.0,-785.0,1038.0,766.0,,-314.0
288.0,115.0,,-136.0,73.0,-826.0,1025.0,508.0,,-426.0
143.0,-71.0,,-76.0,71.0,-989.0,1030.0,622.0,,-546.0
235.0,-220.0,,-28.0,81.0,-1189.0,1042.0,561.0,,-655.0
154.0,-259.0,,-90.0,159.0,-1329.0,1050.0,761.0,,-744.0
134.0,-286.0,,-185.0,179.0,-1400.0,1036.0,920.0,,-806.0
167.0,-252.0,,-381.0,206.0,-1395.0,1024.0,995.0,,-851.0
148.0,-160.0,,-423.0,201.0,-1414.0,1012.0,1315.0,,-869.0
88.0,-72.0,,-234.0,136.0,-1604.0,1009.0,1295.0,,-865.0
85.0,-21.0,,-105.0,139.0,-1564.0,1024.0,1411.0,,-845.0
178.0,34.0,,-263.0,120.0,-1272.0,1032.0,1127.0,,-795.0
34.0,60.0,,-408.0,87.0,-1128.0,1044.0,862.0,,-730.0
154.0,51.0,,-311.0,114.0,-1345.0,1038.0,707.0,,-666.0
228.0,105.0,,-365.0,82.0,-1477.0,1027.0,367.0,,-602.0
242.0,148.0,,-262.0,72.0,-1168.0,1011.0,343.0,,-538.0
144.0,194.0,,-68.0,112.0,-1008.0,1003.0,155.0,,-480.0
209.0,192.0,,-204.0,65.0,-1162.0,1008.0,325.0,,-422.0
358.0,144.0,,-276.0,12.0,-1233.0,996.0,345.0,,-343.0
304.0,104.0,,-207.0,-42.0,-918.0,970.0,308.0,,-241.0
422.0,35.0,,-252.0,-113.0,-659.0,953.0,511.0,,-116.0
357.0,22.0,,-292.0,-109.0,-778.0,966.0,471.0,,13.0
386.0,-31.0,,-121.0,-142.0,-995.0,939.0,800.0,,146.0
418.0,-78.0,,-119.0,-179.0,-989.0,927.0,833.0,,269.0
539.0,-63.0,,-162.0,-135.0,-717.0,942.0,866.0,,374.0
448.0,-53.0,,-10.0,-155.0,-598.0,923.0,818.0,,474.0
331.0,-13.0,,-117.0,-186.0,-646.0,912.0,515.0,,557.0
404.0,9.0,,-277.0,-197.0,-692.0,914.0,439.0,,625.0
322.0,17.0,,-186.0,-257.0,-686.0,904.0,35.0,,671.0
421.0,-61.0,,30.0,-249.0,-613.0,883.0,-73.0,,697.0
309.0,-130.0,,99.0,-217.0,-566.0,890.0,-267.0,,717.0
314.0,-164.0,,-114.0,-219.0,-538.0,880.0,-412.0,,717.0
188.0,-238.0,,-188.0,-174.0,-498.0,849.0,-334.0,,723.0
189.0,-266.0,,-99.0,-172.0,-285.0,824.0,-450.0,,729.0
303.0,-277.0,,-110.0,-195.0,17.0,801.0,-277.0,,719.0
97.0,-317.0,,-42.0,-149.0,150.0,778.0,-415.0,,705.0
114.0,-420.0,,13.0,-132.0,224.0,713.0,-354.0,,668.0
90.0,-449.0,,65.0,-101.0,421.0,637.0,-249.0,,607.0
93.0,-399.0,,96.0,-42.0,645.0,587.0,-173.0,,539.0
-44.0,-366.0,,6.0,-59.0,668.0,586.0,149.0,,447.0
-10.0,-412.0,,102.0,-51.0,543.0,565.0,107.0,,343.0
44.0,-465.0,,79.0,-39.0,617.0,528.0,301.0,,247.0
-33.0,-399.0,,-3.0,-65.0,834.0,489.0,323.0,,149.0
-5.0,-352.0,,4.0,4.0,830.0,430.0,428.0,,58.0
-78.0,-292.0,,-103.0,58.0,770.0,400.0,493.0,,-7.0
-84.0,-276.0,,4.0,44.0,795.0,347.0,279.0,,-51.0
-54.0,-242.0,,178.0,72.0,765.0,306.0,360.0,,-64.0
26.0,-167.0,,163.0,73.0,726.0,265.0,92.0,,-50.0
-135.0,-123.0,,-2.0,75.0,654.0,204.0,109.0,,-11.0
-150.0,-42.0,,86.0,139.0,592.0,190.0,110.0,,61.0
6.0,0.0,,85.0,163.0,567.0,150.0,107.0,,144.0
-18.0,71.0,,-60.0,198.0,682.0,102.0,386.0,,254.0
-128.0,68.0,,133.0,242.0,1017.0,64.0,338.0,,367.0
-165.0,44.0,,44.0,187.0,1227.0,11.0,535.0,,487.0
-1.0,25.0,,-47.0,141.0,1225.0,-31.0,461.0,,620.0
35.0,-4.0,,-95.0,101.0,1245.0,-62.0,441.0,,723.0
24.0,87.0,,-159.0,38.0,1414.0,-71.0,356.0,,827.0
-67.0,126.0,,-129.0,30.0,1661.0,-79.0,1.0,,909.0
-43.0,163.0,,-335.0,0.0,1659.0,-78.0,-55.0,,966.0
53.0,153.0,,-341.0,-32.0,1442.0,-73.0,-341.0,,993.0
97.0,44.0,,-249.0,19.0,1310.0,-68.0,-260.0,,987.0
79.0,-66.0,,-373.0,47.0,1160.0,-74.0,-279.0,,966.0
-81.0,-98.0,,-505.0,39.0,918.0,-96.0,-356.0,,915.0
28.0,-62.0,,-290.0,49.0,696.0,-101.0,-393.0,,851.0
53.0,-52.0,,-204.0,12.0,616.0,-91.0,-776.0,,761.0
16.0,-10.0,,-282.0,-18.0,713.0,-101.0,-781.0,,646.0
-1.0,-1.0,,-177.0,-5.0,784.0,-120.0,-951.0,,507.0
-34.0,3.0,,-376.0,-21.0,800.0,-126.0,-840.0,,359.0
-19.0,25.0,,-452.0,-4.0,757.0,-141.0,-703.0,,199.0
-111.0,126.0,,-325.0,31.0,699.0,-131.0,-716.0,,35.0
1.0,236.0,,-324.0,11.0,699.0,-96.0,-476.0,,-115.0
36.0,249.0,,-256.0,25.0,458.0,-62.0,-598.0,,-261.0
68.0,258.0,,-235.0,37.0,62.0,-35.0,-521.0,,-367.0
54.0,177.0,,-414.0,-25.0,-193.0,-34.0,-713.0,,-443.0
-39.0,94.0,,-378.0,-91.0,-266.0,-46.0,-783.0,,-488.0
-68.0,0.0,,-332.0,-162.0,-274.0,-74.0,-615.0,,-493.0
28.0,-100.0,,-492.0,-215.0,-358.0,-101.0,-667.0,,-471.0
195.0,-161.0,,-429.0,-174.0,-377.0,-124.0,-439.0,,-412.0
69.0,-236.0,,-353.0,-117.0,-205.0,-126.0,-561.0,,-335.0
101.0,-240.0,,-361.0,-64.0,-17.0,-126.0,-443.0,,-267.0
88.0,-225.0,,-453.0,-6.0,9.0,-138.0,-412.0,,-207.0
131.0,-176.0,,-287.0,-27.0,-87.0,-140.0,-541.0,,-164.0
168.0,-121.0,,-267.0,-70.0,-100.0,-173.0,-432.0,,-137.0
210.0,-92.0,,-560.0,-80.0,11.0,-215.0,-583.0,,-123.0
231.0,-125.0,,-493.0,-115.0,-105.0,-232.0,-404.0,,-114.0
26.0,-189.0,,-348.0,-131.0,-413.0,-229.0,-506.0,,-122.0
163.0,-206.0,,-285.0,-111.0,-688.0,-233.0,-528.0,,-149.0
172.0,-281.0,,-259.0,-117.0,-809.0,-262.0,-460.0,,-150.0
79.0,-324.0,,-165.0,-101.0,-713.0,-278.0,-613.0,,-143.0
-8.0,-292.0,,-144.0,-78.0,-705.0,-306.0,-454.0,,-121.0
63.0,-215.0,,-190.0,-88.0,-900.0,-320.0,-644.0,,-81.0
16.0,-111.0,,-177.0,-64.0,-1049.0,-326.0,-565.0,,-33.0
-85.0,-3.0,,-117.0,-48.0,-928.0,-341.0,-513.0,,28.0
-47.0,154.0,,-150.0,-64.0,-883.0,-350.0,-506.0,,78.0
-225.0,269.0,,-279.0,-38.0,-1243.0,-380.0,-291.0,,115.0
-112.0,310.0,,-124.0,-21.0,-1718.0,-388.0,-404.0,,142.0
-132.0,284.0,,-162.0,-50.0,-1758.0,-391.0,-312.0,,154.0
-152.0,268.0,,-275.0,-44.0,-1486.0,-400.0,-454.0,,138.0
-232.0,232.0,,-48.0,-40.0,-1586.0,-398.0,-391.0,,98.0
-215.0,104.0,,-110.0,-37.0,-1792.0,-392.0,-301.0,,38.0
-55.0,-13.0,,-307.0,-1.0,-1818.0,-384.0,-386.0,,-46.0
-239.0,-154.0,,-187.0,-14.0,-1711.0,-389.0,-240.0,,-130.0
-162.0,-296.0,,-151.0,21.0,-1626.0,-394.0,-482.0,,-207.0
-125.0,-420.0,,-324.0,55.0,-1821.0,-403.0,-521.0,,-278.0
-177.0,-460.0,,-408.0,23.0,-2040.0,-408.0,-659.0,,-359.0
-191.0,-395.0,,-384.0,25.0,-2015.0,-430.0,-668.0,,-434.0
-231.0,-322.0,,-262.0,-8.0,-1765.0,-465.0,-458.0,,-507.0
-175.0,-273.0,,-210.0,3.0,-1654.0,-490.0,-515.0,,-584.0
-228.0,-215.0,,-255.0,32.0,-1713.0,-504.0,-282.0,,-651.0
-243.0,-97.0,,-190.0,8.0,-1689.0,-501.0,-402.0,,-724.0
-291.0,-51.0,,-129.0,-1.0,-1479.0,-489.0,-400.0,,-799.0
-407.0,-47.0,,-90.0,-38.0,-1371.0,-478.0,-360.0,,-868.0
-279.0,-75.0,,-193.0,-83.0,-1708.0,-496.0,-487.0,,-931.0
-273.0,-109.0,,-229.0,-75.0,-2061.0,-517.0,-419.0,,-979.0
-401.0,-125.0,,-294.0,-85.0,-2175.0,-515.0,-668.0,,-1008.0
-569.0,-229.0,,-448.0,-90.0,-2165.0,-500.0,-598.0,,-1017.0
-564.0,-354.0,,-503.0,-22.0,-2299.0,-489.0,-637.0,,-996.0
-409.0,-438.0,,-592.0,-20.0,-2580.0,-495.0,-546.0,,-954.0
-522.0,-391.0,,-552.0,27.0,-2756.0,-506.0,-363.0,,-892.0
-445.0,-353.0,,-569.0,73.0,-2831.0,-513.0,-583.0,,-812.0
-561.0,-356.0,,-416.0,18.0,-2783.0,-498.0,-591.0,,-724.0
-673.0,-262.0,,-366.0,67.0,-2658.0,-467.0,-909.0,,-633.0
-571.0,-171.0,,-425.0,65.0,-2450.0,-449.0,-955.0,,-540.0
-481.0,-111.0,,-396.0,39.0,-2312.0,-453.0,-949.0,,-449.0
-484.0,-82.0,,-453.0,91.0,-2209.0,-457.0,-921.0,,-365.0
-627.0,-18.0,,-338.0,59.0,-2116.0,-465.0,-567.0,,-291.0
-597.0,51.0,,-307.0,66.0,-2157.0,-489.0,-454.0,,-236.0
-609.0,65.0,,-183.0,129.0,-2218.0,-514.0,-38.0,,-195.0
-565.0,66.0,,-99.0,128.0,-2330.0,-528.0,64.0,,-166.0
-610.0,27.0,,-40.0,143.0,-2491.0,-518.0,145.0,,-142.0
-565.0,-45.0,,124.0,154.0,-2772.0,-511.0,194.0,,-119.0
-520.0,-121.0,,190.0,139.0,-3071.0,-487.0,-29.0,,-108.0
-518.0,-178.0,,184.0,215.0,-3276.0,-485.0,29.0,,-98.0
-530.0,-266.0,,262.0,271.0,-3429.0,-506.0,-218.0,,-81.0
-622.0,-376.0,,301.0,247.0,-3482.0,-481.0,-201.0,,-63.0
-619.0,-417.0,,91.0,217.0,-3358.0,-450.0,-208.0,,-59.0
-469.0,-389.0,,47.0,133.0,-3084.0,-431.0,-190.0,,-63.0
-427.0,-307.0,,73.0,25.0,-2866.0,-405.0,29.0,,-70.0
-655.0,-168.0,,274.0,-40.0,-2704.0,-374.0,-92.0,,-80.0
-489.0,-29.0,,337.0,-105.0,-2519.0,-351.0,14.0,,-84.0
-422.0,-5.0,,204.0,-184.0,-2285.0,-335.0,-94.0,,-71.0
-466.0,-6.0,,319.0,-200.0,-2119.0,-341.0,-77.0,,-35.0
-504.0,28.0,,379.0,-171.0,-2042.0,-342.0,-90.0,,18.0
-360.0,99.0,,515.0,-152.0,-1863.0,-299.0,-253.0,,94.0
-185.0,185.0,,523.0,-110.0,-1675.0,-246.0,-147.0,,190.0
-239.0,270.0,,551.0,-106.0,-1688.0,-204.0,-351.0,,291.0
-216.0,418.0,,501.0,-143.0,-1818.0,-181.0,-262.0,,403.0
-373.0,411.0,,299.0,-135.0,-1819.0,-195.0,-332.0,,508.0
-142.0,375.0,,489.0,-155.0,-1721.0,-208.0,-458.0,,593.0
-54.0,354.0,,718.0,-182.0,-1790.0,-184.0,-487.0,,670.0
-126.0,282.0,,630.0,-155.0,-1892.0,-152.0,-807.0,,740.0
-173.0,328.0,,483.0,-143.0,-1728.0,-118.0,-790.0,,800.0
-198.0,286.0,,486.0,-111.0,-1564.0,-84.0,-981.0,,858.0
-88.0,195.0,,525.0,-55.0,-1619.0,-44.0,-955.0,,909.0
-125.0,77.0,,606.0,-50.0,-1704.0,-17.0,-920.0,,939.0
-3.0,-15.0,,484.0,-15.0,-1545.0,-12.0,-936.0,,952.0
-116.0,-74.0,,527.0,58.0,-1227.0,3.0,-696.0,,954.0
-128.0,-141.0,,538.0,100.0,-1206.0,14.0,-707.0,,954.0
-68.0,-121.0,,345.0,171.0,-1406.0,37.0,-376.0,,953.0
-27.0,-95.0,,503.0,226.0,-1475.0,65.0,-317.0,,943.0
36.0,-53.0,,573.0,196.0,-1508.0,90.0,-230.0,,927.0
-132.0,-77.0,,711.0,174.0,-1400.0,115.0,-160.0,,888.0
-130.0,-121.0,,766.0,155.0,-1001.0,140.0,-375.0,,823.0
-144.0,-110.0,,637.0,95.0,-758.0,163.0,-208.0,,731.0
-140.0,-44.0,,787.0,34.0,-644.0,182.0,-306.0,,608.0
-3.0,48.0,,716.0,-33.0,-357.0,220.0,-121.0,,471.0
-28.0,95.0,,532.0,-111.0,24.0,232.0,-5.0,,315.0
-76.0,188.0,,676.0,-140.0,186.0,225.0,-72.0,,148.0
-89.0,307.0,,850.0,-140.0,30.0,254.0,-73.0,,-15.0
-60.0,325.0,,868.0,-142.0,54.0,258.0,-382.0,,-182.0
-18.0,317.0,,847.0,-82.0,304.0,221.0,-369.0,,-329.0
7.0,367.0,,824.0,-5.0,536.0,198.0,-574.0,,-454.0
144.0,349.0,,615.0,21.0,455.0,201.0,-574.0,,-551.0
48.0,322.0,,543.0,58.0,65.0,202.0,-476.0,,-605.0
32.0,347.0,,587.0,95.0,-214.0,202.0,-517.0,,-631.0
20.0,360.0,,514.0,86.0,-235.0,188.0,-258.0,,-614.0
85.0,361.0,,483.0,86.0,-223.0,179.0,-365.0,,-564.0
234.0,381.0,,382.0,63.0,-397.0,186.0,-293.0,,-482.0
80.0,450.0,,292.0,0.0,-377.0,184.0,-376.0,,-366.0
140.0,427.0,,289.0,5.0,-110.0,216.0,-363.0,,-244.0
84.0,284.0,,242.0,31.0,150.0,256.0,-83.0,,-115.0
174.0,225.0,,222.0,9.0,320.0,285.0,-92.0,,3.0
112.0,230.0,,418.0,11.0,470.0,302.0,194.0,,100.0
25.0,196.0,,345.0,16.0,837.0,319.0,48.0,,192.0
128.0,148.0,,234.0,6.0,1206.0,357.0,-186.0,,266.0
80.0,141.0,,380.0,47.0,1309.0,355.0,-460.0,,328.0
160.0,203.0,,356.0,71.0,1300.0,331.0,-735.0,,384.0
-56.0,169.0,,321.0,39.0,1485.0,338.0,-559.0,,410.0
1.0,114.0,,299.0,53.0,1739.0,350.0,-626.0,,414.0
-34.0,132.0,,331.0,87.0,1888.0,341.0,-476.0,,399.0
-33.0,153.0,,297.0,95.0,2002.0,314.0,-561.0,,354.0
-45.0,209.0,,187.0,118.0,2092.0,278.0,-593.0,,289.0
-141.0,195.0,,267.0,105.0,2345.0,268.0,-480.0,,204.0
-24.0,205.0,,287.0,53.0,2586.0,252.0,-628.0,,109.0
-226.0,270.0,,120.0,56.0,2705.0,219.0,-448.0,,3.0
-180.0,258.0,,145.0,78.0,2704.0,196.0,-554.0,,-106.0
-244.0,225.0,,179.0,106.0,2681.0,174.0,-408.0,,-224.0
-165.0,199.0,,20.0,177.0,2845.0,169.0,-295.0,,-339.0
-176.0,252.0,,41.0,181.0,2847.0,156.0,-336.0,,-432.0
-306.0,243.0,,-7.0,106.0,2649.0,158.0,-275.0,,-508.0
-264.0,83.0,,-81.0,56.0,2372.0,156.0,-561.0,,-562.0
-200.0,-42.0,,-11.0,-8.0,2441.0,132.0,-513.0,,-602.0
-120.0,-68.0,,22.0,-102.0,2840.0,137.0,-689.0,,-627.0
-382.0,-49.0,,107.0,-135.0,2973.0,127.0,-726.0,,-640.0
-358.0,-149.0,,45.0,-133.0,2894.0,115.0,-689.0,,-636.0
-284.0,-301.0,,69.0,-133.0,2928.0,127.0,-846.0,,-615.0
-205.0,-383.0,,150.0,-110.0,3284.0,136.0,-648.0,,-587.0
-203.0,-403.0,,100.0,-142.0,3372.0,140.0,-733.0,,-550.0
-233.0,-425.0,,96.0,-212.0,2996.0,157.0,-594.0,,-500.0
-220.0,-429.0,,-50.0,-195.0,2777.0,191.0,-604.0,,-434.0
-302.0,-323.0,,20.0,-128.0,3094.0,239.0,-637.0,,-364.0
-267.0,-255.0,,145.0,-79.0,3441.0,251.0,-406.0,,-270.0
-227.0,-303.0,,104.0,-10.0,3329.0,229.0,-328.0,,-162.0
-121.0,-360.0,,78.0,41.0,3198.0,215.0,16.0,,-45.0
-103.0,-298.0,,0.0,53.0,3257.0,186.0,-7.0,,86.0
-154.0,-266.0,,-86.0,61.0,3538.0,206.0,59.0,,193.0
-288.0,-328.0,,-205.0,22.0,3600.0,257.0,138.0,,290.0
-216.0,-350.0,,-103.0,-29.0,3354.0,281.0,92.0,,363.0
-112.0,-293.0,,-211.0,-26.0,3211.0,309.0,242.0,,392.0
-41.0,-211.0,,-242.0,-34.0,3209.0,317.0,60.0,,408.0
-123.0,-223.0,,-138.0,-76.0,3290.0,319.0,210.0,,410.0
-174.0,-178.0,,-273.0,-97.0,3145.0,323.0,219.0,,413.0
-24.0,-93.0,,-112.0,-126.0,2671.0,325.0,232.0,,430.0
-131.0,-56.0,,-138.0,-161.0,2353.0,319.0,432.0,,450.0
-60.0,-7.0,,-238.0,-142.0,2655.0,308.0,375.0,,477.0
-77.0,5.0,,-200.0,-117.0,3040.0,317.0,545.0,,507.0
15.0,-38.0,,-132.0,-84.0,2890.0,299.0,375.0,,547.0
-51.0,-165.0,,179.0,-1.0,2424.0,272.0,299.0,,599.0
-105.0,-291.0,,290.0,39.0,2207.0,256.0,145.0,,641.0
32.0,-389.0,,274.0,17.0,2178.0,258.0,-123.0,,681.0
-109.0,-435.0,,324.0,-14.0,1934.0,265.0,-112.0,,708.0
104.0,-396.0,,291.0,-87.0,1592.0,263.0,-338.0,,706.0
68.0,-311.0,,427.0,-154.0,1548.0,282.0,-201.0,,683.0
239.0,-156.0,,622.0,-149.0,1755.0,281.0,-286.0,,632.0
275.0,-67.0,,643.0,-150.0,1656.0,269.0,-347.0,,560.0
95.0,-38.0,,447.0,-158.0,1639.0,266.0,-286.0,,497.0
272.0,-41.0,,339.0,-106.0,1951.0,255.0,-508.0,,433.0
217.0,-40.0,,329.0,-65.0,2159.0,239.0,-439.0,,377.0
450.0,72.0,,238.0,-56.0,2036.0,236.0,-716.0,,321.0
282.0,115.0,,256.0,-40.0,1746.0,241.0,-764.0,,253.0
323.0,77.0,,212.0,-72.0,1732.0,233.0,-713.0,,189.0
403.0,59.0,,169.0,-98.0,1725.0,202.0,-631.0,,116.0
281.0,34.0,,164.0,-64.0,1744.0,190.0,-389.0,,42.0
397.0,-15.0,,257.0,-54.0,1992.0,216.0,-585.0,,-25.0
178.0,-39.0,,245.0,-42.0,2254.0,232.0,-498.0,,-79.0
357.0,34.0,,310.0,22.0,2183.0,244.0,-624.0,,-118.0
183.0,55.0,,317.0,72.0,1949.0,224.0,-620.0,,-142.0
172.0,49.0,,203.0,132.0,2125.0,180.0,-474.0,,-151.0
160.0,168.0,,439.0,222.0,2191.0,143.0,-430.0,,-156.0
2.0,260.0,,444.0,267.0,1896.0,112.0,-33.0,,-165.0
44.0,274.0,,490.0,321.0,1646.0,110.0,-18.0,,-189.0
-207.0,246.0,,570.0,389.0,1692.0,110.0,138.0,,-225.0
-22.0,196.0,,502.0,388.0,1869.0,98.0,142.0,,-276.0
-194.0,222.0,,521.0,377.0,1588.0,74.0,62.0,,-353.0
-147.0,183.0,,412.0,365.0,1237.0,52.0,53.0,,-448.0
-168.0,82.0,,419.0,325.0,1219.0,14.0,-264.0,,-552.0
-279.0,58.0,,571.0,332.0,1150.0,-9.0,-245.0,,-678.0
-232.0,50.0,,596.0,339.0,817.0,3.0,-413.0,,-807.0
-346.0,-32.0,,380.0,267.0,425.0,-9.0,-365.0,,-927.0
-76.0,-192.0,,325.0,209.0,325.0,-22.0,-338.0,,-1056.0
-218.0,-283.0,,541.0,173.0,400.0,-46.0,-443.0,,-1165.0
-165.0,-313.0,,515.0,110.0,258.0,-71.0,-299.0,,-1264.0
-217.0,-333.0,,498.0,66.0,94.0,-91.0,-452.0,,-1357.0
-192.0,-380.0,,487.0,-9.0,25.0,-137.0,-245.0,,-1421.0
-76.0,-392.0,,475.0,-120.0,-29.0,-154.0,-199.0,,-1467.0
-149.0,-383.0,,644.0,-177.0,190.0,-189.0,-110.0,,-1494.0
-44.0,-437.0,,674.0,-233.0,461.0,-224.0,112.0,,-1499.0
-121.0,-427.0,,685.0,-292.0,638.0,-248.0,64.0,,-1476.0
58.0,-433.0,,620.0,-283.0,742.0,-288.0,216.0,,-1434.0
-55.0,-324.0,,557.0,-290.0,864.0,-307.0,-75.0,,-1373.0
-22.0,-170.0,,548.0,-331.0,1043.0,-317.0,-284.0,,-1289.0
44.0,-158.0,,542.0,-322.0,1114.0,-323.0,-594.0,,-1192.0
40.0,-57.0,,439.0,-318.0,1168.0,-370.0,-861.0,,-1077.0
173.0,41.0,,359.0,-326.0,1089.0,-402.0,-731.0,,-945.0
56.0,60.0,,334.0,-296.0,970.0,-415.0,-787.0,,-804.0
103.0,84.0,,237.0,-289.0,781.0,-444.0,-541.0,,-665.0
-25.0,149.0,,397.0,-262.0,518.0,-472.0,-578.0,,-520.0
103.0,254.0,,341.0,-181.0,435.0,-503.0,-463.0,,-367.0
99.0,359.0,,258.0,-154.0,520.0,-506.0,-332.0,,-220.0
-26.0,416.0,,431.0,-130.0,692.0,-518.0,-502.0,,-71.0
76.0,381.0,,397.0,-75.0,624.0,-514.0,-384.0,,72.0
9.0,362.0,,388.0,-66.0,394.0,-514.0,-607.0,,194.0
45.0,341.0,,339.0,-17.0,241.0,-510.0,-550.0,,301.0
-157.0,292.0,,238.0,69.0,145.0,-511.0,-591.0,,385.0
-129.0,303.0,,353.0,100.0,147.0,-516.0,-731.0,,449.0
-59.0,339.0,,355.0,143.0,81.0,-508.0,-702.0,,495.0
-113.0,384.0,,449.0,183.0,-70.0,-532.0,-857.0,,523.0
-161.0,380.0,,658.0,179.0,-203.0,-543.0,-668.0,,542.0
-352.0,379.0,,418.0,217.0,-494.0,-546.0,-866.0,,545.0
-241.0,452.0,,166.0,236.0,-1003.0,-519.0,-971.0,,530.0
-314.0,498.0,,214.0,191.0,-1382.0,-484.0,-1019.0,,505.0
-244.0,566.0,,317.0,165.0,-1447.0,-459.0,-1091.0,,463.0
-312.0,562.0,,297.0,95.0,-1401.0,-418.0,-776.0,,407.0
-448.0,454.0,,302.0,0.0,-1416.0,-416.0,-800.0,,362.0
-291.0,360.0,,346.0,-34.0,-1385.0,-399.0,-631.0,,327.0
-371.0,264.0,,259.0,-86.0,-1137.0,-374.0,-702.0,,280.0
-289.0,222.0,,353.0,-126.0,-1003.0,-374.0,-742.0,,237.0
-333.0,146.0,,466.0,-106.0,-1062.0,-375.0,-611.0,,187.0
-280.0,1.0,,344.0,-126.0,-988.0,-398.0,-683.0,,143.0
-314.0,-92.0,,221.0,-126.0,-861.0,-419.0,-461.0,,96.0
-310.0,-179.0,,178.0,-83.0,-819.0,-434.0,-526.0,,54.0
-231.0,-309.0,,-49.0,-88.0,-843.0,-449.0,-373.0,,27.0
-297.0,-426.0,,-31.0,-58.0,-708.0,-435.0,-339.0,,-13.0
-124.0,-527.0,,259.0,-18.0,-511.0,-429.0,-327.0,,-42.0
-274.0,-588.0,,188.0,-39.0,-473.0,-437.0,-25.0,,-63.0
-208.0,-594.0,,34.0,-3.0,-306.0,-439.0,-5.0,,-83.0
-219.0,-615.0,,42.0,57.0,104.0,-433.0,352.0,,-90.0
-123.0,-579.0,,65.0,77.0,406.0,-420.0,473.0,,-73.0
0.0,-482.0,,-147.0,115.0,305.0,-406.0,661.0,,-52.0
-177.0,-427.0,,-55.0,110.0,116.0,-391.0,772.0,,-26.0
-60.0,-377.0,,113.0,83.0,34.0,-388.0,570.0,,13.0
-121.0,-303.0,,-159.0,100.0,21.0,-402.0,550.0,,48.0
84.0,-180.0,,-224.0,72.0,-35.0,-411.0,181.0,,80.0
120.0,-61.0,,-88.0,52.0,-206.0,-398.0,158.0,,101.0
131.0,37.0,,-45.0,87.0,-219.0,-377.0,120.0,,114.0
227.0,140.0,,0.0,82.0,-117.0,-361.0,155.0,,121.0
155.0,185.0,,-46.0,97.0,-78.0,-341.0,339.0,,110.0
291.0,160.0,,-165.0,125.0,-60.0,-337.0,155.0,,92.0
272.0,42.0,,-38.0,74.0,136.0,-327.0,197.0,,67.0
384.0,-27.0,,-23.0,53.0,298.0,-297.0,-40.0,,36.0
389.0,-40.0,,-162.0,57.0,265.0,-293.0,-96.0,,0.0
468.0,-69.0,,-42.0,41.0,237.0,-311.0,-142.0,,-56.0
487.0,-36.0,,82.0,88.0,237.0,-338.0,-358.0,,-116.0
441.0,0.0,,-64.0,119.0,205.0,-348.0,-299.0,,-166.0
576.0,73.0,,-64.0,124.0,126.0,-326.0,-495.0,,-223.0
513.0,132.0,,-15.0,160.0,144.0,-319.0,-443.0,,-289.0
541.0,195.0,,-45.0,129.0,21.0,-304.0,-604.0,,-359.0
536.0,324.0,,44.0,79.0,-46.0,-287.0,-750.0,,-427.0
533.0,399.0,,175.0,52.0,302.0,-276.0,-667.0,,-471.0
578.0,477.0,,379.0,-31.0,698.0,-250.0,-659.0,,-496.0
617.0,531.0,,314.0,-76.0,789.0,-218.0,-321.0,,-504.0
588.0,483.0,,255.0,-70.0,594.0,-191.0,-271.0,,-496.0
576.0,359.0,,237.0,-106.0,584.0,-185.0,-103.0,,-473.0
540.0,245.0,,125.0,-94.0,590.0,-188.0,-79.0,,-428.0
535.0,127.0,,78.0,-96.0,285.0,-186.0,-123.0,,-367.0
616.0,0.0,,-20.0,-163.0,-73.0,-185.0,73.0,,-306.0
599.0,-3.0,,0.0,-173.0,-234.0,-177.0,35.0,,-255.0
578.0,45.0,,6.0,-214.0,-178.0,-159.0,288.0,,-213.0
513.0,70.0,,-133.0,-275.0,-268.0,-134.0,247.0,,-177.0
579.0,45.0,,-266.0,-263.0,-315.0,-79.0,240.0,,-144.0
528.0,-21.0,,-305.0,-276.0,-256.0,-48.0,240.0,,-113.0
595.0,-92.0,,-246.0,-264.0,-219.0,-20.0,35.0,,-93.0
523.0,-179.0,,-326.0,-197.0,-174.0,34.0,131.0,,-75.0
504.0,-302.0,,-518.0,-183.0,-277.0,57.0,73.0,,-65.0
514.0,-455.0,,-494.0,-148.0,-281.0,70.0,400.0,,-58.0
388.0,-570.0,,-240.0,-112.0,-329.0,80.0,511.0,,-53.0
470.0,-651.0,,-91.0,-138.0,-410.0,65.0,537.0,,-61.0
219.0,-668.0,,-321.0,-119.0,-409.0,64.0,711.0,,-68.0
406.0,-634.0,,-351.0,-117.0,-346.0,121.0,607.0,,-93.0
334.0,-570.0,,-314.0,-136.0,-279.0,172.0,931.0,,-145.0
289.0,-461.0,,-546.0,-77.0,-369.0,184.0,929.0,,-208.0
265.0,-359.0,,-354.0,-59.0,-325.0,186.0,953.0,,-276.0
171.0,-281.0,,-188.0,-32.0,-329.0,197.0,953.0,,-340.0
337.0,-234.0,,-425.0,59.0,-335.0,224.0,750.0,,-383.0
142.0,-176.0,,-506.0,66.0,-335.0,225.0,740.0,,-386.0
384.0,-120.0,,-304.0,78.0,-330.0,229.0,443.0,,-345.0
147.0,-140.0,,-244.0,127.0,-195.0,247.0,474.0,,-269.0
210.0,-204.0,,-359.0,124.0,-228.0,258.0,362.0,,-161.0
218.0,-241.0,,-442.0,157.0,-411.0,272.0,352.0,,-50.0
85.0,-282.0,,-552.0,142.0,-666.0,286.0,450.0,,57.0
284.0,-238.0,,-425.0,67.0,-742.0,291.0,367.0,,153.0
176.0,-131.0,,-463.0,70.0,-690.0,264.0,652.0,,245.0
343.0,-78.0,,-605.0,37.0,-669.0,248.0,600.0,,318.0
91.0,-73.0,,-466.0,-15.0,-687.0,263.0,746.0,,363.0
174.0,-79.0,,-453.0,-25.0,-674.0,265.0,768.0,,400.0
155.0,-51.0,,-394.0,-88.0,-614.0,258.0,681.0,,423.0
214.0,-51.0,,-169.0,-107.0,-709.0,264.0,731.0,,440.0
349.0,-47.0,,-43.0,-79.0,-834.0,282.0,476.0,,437.0
178.0,-9.0,,-72.0,-100.0,-964.0,275.0,589.0,,429.0
275.0,68.0,,192.0,-71.0,-936.0,257.0,497.0,,425.0
138.0,129.0,,328.0,-59.0,-978.0,235.0,485.0,,430.0
325.0,167.0,,171.0,-104.0,-1208.0,229.0,432.0,,438.0
314.0,252.0,,366.0,-94.0,-1246.0,239.0,266.0,,437.0
288.0,274.0,,262.0,-117.0,-1187.0,200.0,452.0,,452.0
367.0,236.0,,97.0,-143.0,-1133.0,169.0,352.0,,445.0
450.0,187.0,,72.0,-111.0,-1111.0,167.0,509.0,,437.0
553.0,141.0,,68.0,-147.0,-1064.0,172.0,461.0,,428.0
413.0,72.0,,246.0,-160.0,-1121.0,186.0,378.0,,395.0
538.0,-32.0,,201.0,-124.0,-1124.0,193.0,426.0,,369.0
570.0,-116.0,,217.0,-126.0,-960.0,182.0,171.0,,349.0
636.0,-142.0,,44.0,-60.0,-851.0,144.0,258.0,,343.0
650.0,-145.0,,-92.0,-22.0,-828.0,118.0,206.0,,332.0
595.0,-149.0,,55.0,-64.0,-1043.0,99.0,439.0,,325.0
625.0,-110.0,,111.0,-39.0,-1126.0,98.0,650.0,,314.0
729.0,-67.0,,265.0,-33.0,-922.0,84.0,646.0,,291.0
785.0,-12.0,,250.0,-34.0,-824.0,62.0,833.0,,274.0
714.0,2.0,,101.0,18.0,-917.0,63.0,665.0,,240.0
720.0,15.0,,121.0,3.0,-797.0,42.0,726.0,,196.0
707.0,115.0,,99.0,4.0,-531.0,38.0,583.0,,143.0
824.0,202.0,,-47.0,19.0,-629.0,23.0,509.0,,79.0
770.0,245.0,,44.0,-35.0,-872.0,4.0,668.0,,4.0
690.0,262.0,,272.0,-12.0,-803.0,1.0,727.0,,-64.0
691.0,319.0,,192.0,28.0,-557.0,0.0,1080.0,,-128.0
785.0,370.0,,63.0,33.0,-692.0,7.0,1058.0,,-167.0
810.0,340.0,,-29.0,109.0,-899.0,-10.0,1219.0,,-173.0
602.0,286.0,,-277.0,131.0,-861.0,-20.0,1284.0,,-160.0
648.0,298.0,,-268.0,107.0,-797.0,-37.0,1186.0,,-103.0
744.0,302.0,,-230.0,116.0,-882.0,-59.0,1271.0,,-36.0
760.0,235.0,,-367.0,55.0,-1105.0,-85.0,1038.0,,55.0
552.0,183.0,,-349.0,35.0,-1124.0,-120.0,1093.0,,159.0
491.0,143.0,,-318.0,82.0,-1045.0,-157.0,988.0,,259.0
575.0,124.0,,-358.0,90.0,-1001.0,-182.0,966.0,,362.0
585.0,74.0,,-233.0,165.0,-1046.0,-177.0,921.0,,456.0
570.0,73.0,,-156.0,240.0,-993.0,-215.0,670.0,,562.0
359.0,122.0,,-233.0,249.0,-760.0,-235.0,716.0,,656.0
429.0,146.0,,-349.0,297.0,-563.0,-249.0,491.0,,737.0
471.0,159.0,,-580.0,284.0,-460.0,-298.0,593.0,,812.0
547.0,148.0,,-405.0,241.0,-542.0,-342.0,604.0,,878.0
479.0,184.0,,-359.0,273.0,-730.0,-386.0,572.0,,931.0
341.0,195.0,,-408.0,270.0,-821.0,-408.0,715.0,,976.0
449.0,198.0,,-373.0,283.0,-690.0,-433.0,543.0,,1024.0
343.0,206.0,,-421.0,299.0,-720.0,-450.0,665.0,,1058.0
373.0,238.0,,-229.0,205.0,-1026.0,-473.0,509.0,,1079.0
239.0,269.0,,-152.0,145.0,-1272.0,-474.0,460.0,,1084.0
320.0,254.0,,-122.0,88.0,-1340.0,-453.0,447.0,,1055.0
380.0,271.0,,-196.0,-17.0,-1324.0,-440.0,321.0,,1007.0
250.0,238.0,,-76.0,-55.0,-1327.0,-440.0,436.0,,936.0
235.0,163.0,,-218.0,-107.0,-1115.0,-474.0,286.0,,849.0
149.0,47.0,,-399.0,-135.0,-774.0,-494.0,493.0,,749.0
282.0,-53.0,,-223.0,-100.0,-479.0,-498.0,567.0,,626.0
136.0,-111.0,,-221.0,-142.0,-324.0,-497.0,661.0,,504.0
158.0,-162.0,,-58.0,-159.0,-394.0,-504.0,809.0,,381.0
56.0,-173.0,,-22.0,-128.0,-463.0,-506.0,648.0,,267.0
32.0,-141.0,,128.0,-144.0,-497.0,-502.0,822.0,,157.0
160.0,-57.0,,281.0,-82.0,-501.0,-487.0,707.0,,51.0
80.0,-37.0,,107.0,-6.0,-471.0,-476.0,742.0,,-33.0
126.0,-33.0,,154.0,3.0,-457.0,-500.0,702.0,,-96.0
0.0,12.0,,380.0,48.0,-406.0,-514.0,513.0,,-137.0
138.0,54.0,,321.0,29.0,-271.0,-543.0,513.0,,-164.0
112.0,60.0,,240.0,-25.0,-182.0,-565.0,282.0,,-165.0
45.0,17.0,,286.0,-31.0,-292.0,-556.0,424.0,,-167.0
82.0,-8.0,,197.0,-85.0,-414.0,-537.0,384.0,,-158.0
153.0,-72.0,,162.0,-109.0,-454.0,-533.0,546.0,,-151.0
270.0,-171.0,,204.0,-91.0,-526.0,-538.0,774.0,,-164.0
224.0,-237.0,,368.0,-106.0,-674.0,-537.0,700.0,,-174.0
190.0,-213.0,,176.0,-36.0,-848.0,-536.0,929.0,,-201.0
199.0,-108.0,,-135.0,31.0,-922.0,-531.0,903.0,,-236.0
312.0,-19.0,,-141.0,15.0,-637.0,-558.0,1112.0,,-271.0
339.0,5.0,,-239.0,33.0,-343.0,-593.0,1178.0,,-323.0
350.0,28.0,,-208.0,0.0,-341.0,-602.0,1184.0,,-382.0
339.0,112.0,,-76.0,-33.0,-340.0,-593.0,1265.0,,-434.0
436.0,152.0,,-160.0,9.0,-433.0,-583.0,938.0,,-493.0
524.0,159.0,,-451.0,4.0,-489.0,-565.0,812.0,,-553.0
586.0,218.0,,-475.0,15.0,-623.0,-550.0,412.0,,-615.0
483.0,246.0,,-173.0,37.0,-936.0,-561.0,218.0,,-673.0
585.0,193.0,,-31.0,-17.0,-1131.0,-566.0,25.0,,-699.0
616.0,145.0,,-31.0,-16.0,-1131.0,-559.0,-256.0,,-715.0
508.0,124.0,,-91.0,-10.0,-1007.0,-570.0,-70.0,,-714.0
518.0,99.0,,-77.0,-64.0,-914.0,-611.0,-29.0,,-675.0
405.0,41.0,,-86.0,-60.0,-697.0,-645.0,328.0,,-613.0
685.0,-43.0,,-16.0,-104.0,-340.0,-674.0,463.0,,-553.0
518.0,-29.0,,79.0,-164.0,-35.0,-702.0,478.0,,-493.0
437.0,52.0,,-103.0,-134.0,-63.0,-705.0,596.0,,-416.0
321.0,116.0,,-204.0,-132.0,-275.0,-714.0,480.0,,-331.0
400.0,126.0,,-266.0,-91.0,-181.0,-730.0,630.0,,-247.0
574.0,46.0,,-198.0,-23.0,16.0,-736.0,447.0,,-172.0
406.0,-24.0,,-249.0,-41.0,31.0,-744.0,415.0,,-109.0
582.0,-100.0,,-343.0,-21.0,60.0,-760.0,365.0,,-56.0
291.0,-228.0,,-290.0,-11.0,200.0,-766.0,225.0,,-18.0
462.0,-346.0,,-351.0,-49.0,326.0,-760.0,225.0,,7.0
377.0,-440.0,,-302.0,-15.0,325.0,-738.0,-138.0,,27.0
423.0,-541.0,,-298.0,-22.0,276.0,-713.0,-86.0,,28.0
553.0,-652.0,,-249.0,-42.0,234.0,-729.0,-181.0,,14.0
396.0,-718.0,,-267.0,4.0,154.0,-745.0,-173.0,,0.0
483.0,-723.0,,-235.0,3.0,304.0,-752.0,1.0,,-16.0
237.0,-680.0,,-200.0,27.0,519.0,-745.0,-40.0,,-33.0
537.0,-604.0,,-162.0,88.0,570.0,-712.0,221.0,,-39.0
373.0,-462.0,,-62.0,90.0,605.0,-688.0,136.0,,-26.0
383.0,-277.0,,-241.0,147.0,745.0,-659.0,201.0,,-9.0
276.0,-143.0,,-232.0,194.0,1139.0,-651.0,166.0,,16.0
183.0,-23.0,,-259.0,158.0,1382.0,-655.0,92.0,,45.0
349.0,49.0,,-371.0,166.0,1214.0,-645.0,256.0,,81.0
40.0,69.0,,-254.0,152.0,1077.0,-644.0,109.0,,130.0
198.0,93.0,,-213.0,127.0,1011.0,-646.0,260.0,,177.0
87.0,93.0,,-239.0,160.0,690.0,-659.0,238.0,,238.0
165.0,65.0,,-353.0,140.0,385.0,-667.0,269.0,,297.0
-9.0,-26.0,,-359.0,160.0,361.0,-687.0,347.0,,343.0
-5.0,-109.0,,-356.0,223.0,573.0,-706.0,338.0,,378.0
67.0,-163.0,,-429.0,204.0,784.0,-699.0,648.0,,402.0
-54.0,-252.0,,-370.0,229.0,721.0,-701.0,739.0,,425.0
109.0,-297.0,,-381.0,260.0,701.0,-702.0,1031.0,,450.0
-114.0,-250.0,,-176.0,239.0,880.0,-689.0,1047.0,,463.0
-24.0,-123.0,,58.0,252.0,991.0,-674.0,944.0,,452.0
-71.0,-18.0,,55.0,197.0,951.0,-683.0,947.0,,426.0
-49.0,21.0,,229.0,110.0,830.0,-712.0,700.0,,359.0
-151.0,75.0,,281.0,84.0,659.0,-711.0,803.0,,245.0
-238.0,151.0,,115.0,10.0,578.0,-670.0,692.0,,102.0
-95.0,198.0,,44.0,-40.0,612.0,-654.0,713.0,,-62.0
-150.0,200.0,,74.0,-53.0,523.0,-656.0,729.0,,-227.0
-210.0,206.0,,136.0,-121.0,374.0,-631.0,591.0,,-379.0
-324.0,179.0,,136.0,-120.0,402.0,-629.0,574.0,,-532.0
-236.0,136.0,,175.0,-91.0,596.0,-645.0,177.0,,-676.0
-158.0,79.0,,155.0,-87.0,796.0,-633.0,84.0,,-811.0
-197.0,39.0,,36.0,-15.0,878.0,-598.0,-142.0,,-942.0
-325.0,59.0,,-57.0,5.0,849.0,-559.0,-279.0,,-1050.0
-299.0,104.0,,-71.0,14.0,881.0,-548.0,-258.0,,-1144.0
-299.0,200.0,,3.0,72.0,984.0,-537.0,-508.0,,-1232.0
-174.0,305.0,,-32.0,43.0,972.0,-500.0,-410.0,,-1307.0
-257.0,415.0,,-267.0,11.0,861.0,-472.0,-474.0,,-1377.0
-313.0,418.0,,-337.0,-13.0,896.0,-462.0,-327.0,,-1450.0
-348.0,310.0,,-209.0,-93.0,1114.0,-450.0,-214.0,,-1514.0
-431.0,168.0,,-171.0,-90.0,1272.0,-409.0,-195.0,,-1568.0
-280.0,-79.0,,-211.0,-83.0,1223.0,-375.0,-68.0,,-1600.0
-372.0,-313.0,,-472.0,-118.0,1131.0,-374.0,-264.0,,-1604.0
-252.0,-472.0,,-461.0,-88.0,1295.0,-400.0,-136.0,,-1575.0
-437.0,-542.0,,-403.0,-99.0,1396.0,-447.0,-188.0,,-1518.0
-321.0,-539.0,,-378.0,-126.0,1168.0,-464.0,-70.0,,-1441.0
-386.0,-493.0,,-216.0,-111.0,875.0,-453.0,81.0,,-1322.0
-477.0,-407.0,,-330.0,-139.0,597.0,-435.0,-75.0,,-1195.0
-323.0,-308.0,,-217.0,-110.0,458.0,-409.0,40.0,,-1048.0
-443.0,-216.0,,-89.0,-33.0,536.0,-398.0,-112.0,,-868.0
-359.0,-197.0,,-76.0,-12.0,650.0,-373.0,-40.0,,-676.0
-580.0,-182.0,,-146.0,53.0,759.0,-328.0,-62.0,,-475.0
-355.0,-94.0,,-124.0,93.0,897.0,-291.0,-51.0,,-290.0
-389.0,27.0,,-34.0,46.0,1101.0,-247.0,145.0,,-119.0
-325.0,105.0,,-106.0,23.0,1213.0,-245.0,18.0,,21.0
-343.0,161.0,,-15.0,-47.0,955.0,-269.0,110.0,,129.0
-487.0,161.0,,-40.0,-126.0,779.0,-266.0,-57.0,,210.0
-355.0,61.0,,-183.0,-150.0,812.0,-255.0,35.0,,273.0
-438.0,-28.0,,-122.0,-209.0,722.0,-239.0,179.0,,324.0
-284.0,-63.0,,26.0,-208.0,407.0,-242.0,112.0,,356.0
-458.0,-48.0,,-105.0,-151.0,1.0,-227.0,277.0,,391.0
-320.0,-69.0,,-179.0,-164.0,-156.0,-188.0,129.0,,421.0
-384.0,-141.0,,-31.0,-159.0,-146.0,-135.0,291.0,,449.0
-350.0,-188.0,,105.0,-138.0,-105.0,-80.0,328.0,,491.0
-336.0,-188.0,,60.0,-130.0,-162.0,-60.0,323.0,,530.0
-490.0,-149.0,,-141.0,-43.0,-323.0,-34.0,378.0,,564.0
-285.0,-106.0,,-147.0,-11.0,-436.0,-7.0,145.0,,584.0
-338.0,1.0,,-148.0,-19.0,-338.0,37.0,210.0,,571.0
-315.0,144.0,,-68.0,18.0,-309.0,92.0,-9.0,,544.0
-486.0,209.0,,-4.0,-21.0,-439.0,123.0,-31.0,,499.0
-365.0,172.0,,-40.0,-75.0,-394.0,153.0,-96.0,,430.0
-502.0,106.0,,-33.0,-121.0,-233.0,172.0,-284.0,,365.0
-464.0,8.0,,-162.0,-219.0,-92.0,187.0,-219.0,,303.0
-382.0,-142.0,,-211.0,-271.0,-258.0,208.0,-461.0,,265.0
-573.0,-303.0,,-166.0,-283.0,-558.0,243.0,-404.0,,275.0
-504.0,-397.0,,-301.0,-296.0,-802.0,280.0,-550.0,,298.0
-658.0,-387.0,,-369.0,-195.0,-840.0,305.0,-565.0,,341.0
-427.0,-388.0,,-239.0,-104.0,-851.0,355.0,-476.0,,395.0
-587.0,-403.0,,-221.0,-29.0,-1095.0,426.0,-633.0,,455.0
-570.0,-333.0,,-349.0,95.0,-1289.0,472.0,-473.0,,542.0
-640.0,-206.0,,-370.0,155.0,-1234.0,527.0,-630.0,,627.0
-752.0,-112.0,,-185.0,221.0,-884.0,582.0,-443.0,,707.0
-600.0,-28.0,,-83.0,197.0,-854.0,588.0,-319.0,,776.0
-762.0,52.0,,-75.0,158.0,-1066.0,571.0,-360.0,,838.0
-626.0,148.0,,-103.0,149.0,-984.0,571.0,-288.0,,892.0
-815.0,209.0,,-71.0,134.0,-705.0,603.0,-613.0,,920.0
-720.0,195.0,,-31.0,140.0,-598.0,627.0,-668.0,,932.0
-838.0,209.0,,-139.0,159.0,-740.0,652.0,-1001.0,,932.0
-811.0,224.0,,-205.0,242.0,-744.0,697.0,-1154.0,,922.0
-639.0,230.0,,-311.0,270.0,-557.0,737.0,-1147.0,,906.0
-755.0,208.0,,-253.0,327.0,-350.0,768.0,-1210.0,,879.0
-708.0,205.0,,-118.0,305.0,-238.0,816.0,-929.0,,841.0
-908.0,213.0,,-76.0,281.0,-219.0,848.0,-992.0,,785.0
-678.0,125.0,,-86.0,273.0,-372.0,847.0,-824.0,,710.0
-746.0,10.0,,-147.0,201.0,-556.0,853.0,-776.0,,634.0
-720.0,-66.0,,10.0,229.0,-740.0,867.0,-739.0,,555.0
-781.0,-87.0,,17.0,196.0,-1148.0,894.0,-602.0,,469.0
-861.0,-49.0,,-38.0,202.0,-1765.0,921.0,-748.0,,376.0
-691.0,33.0,,102.0,195.0,-2206.0,942.0,-618.0,,280.0
-814.0,131.0,,140.0,171.0,-2149.0,974.0,-737.0,,179.0
-777.0,235.0,,124.0,153.0,-2043.0,1009.0,-665.0,,78.0
-904.0,317.0,,155.0,79.0,-2145.0,1042.0,-678.0,,-21.0
-722.0,409.0,,231.0,27.0,-2036.0,1058.0,-733.0,,-115.0
-715.0,473.0,,152.0,-28.0,-1405.0,1062.0,-430.0,,-197.0
-744.0,428.0,,147.0,-26.0,-745.0,1067.0,-445.0,,-259.0
-807.0,413.0,,204.0,-96.0,-586.0,1068.0,-275.0,,-278.0
-766.0,400.0,,-99.0,-148.0,-475.0,1057.0,-369.0,,-276.0
-565.0,330.0,,-189.0,-204.0,29.0,1039.0,-432.0,,-254.0
-736.0,266.0,,-50.0,-266.0,438.0,1052.0,-448.0,,-216.0
-620.0,229.0,,-88.0,-230.0,344.0,1079.0,-691.0,,-185.0
-660.0,252.0,,-100.0,-243.0,159.0,1089.0,-556.0,,-150.0
-614.0,269.0,,-110.0,-181.0,131.0,1114.0,-630.0,,-124.0
-639.0,226.0,,-35.0,-126.0,313.0,1140.0,-456.0,,-86.0
-663.0,176.0,,46.0,-116.0,610.0,1143.0,-432.0,,-37.0
-584.0,194.0,,49.0,-64.0,715.0,1154.0,-580.0,,21.0
-615.0,240.0,,4.0,-55.0,639.0,1158.0,-663.0,,100.0
-524.0,206.0,,10.0,-36.0,516.0,1146.0,-1119.0,,180.0
-608.0,129.0,,186.0,-32.0,492.0,1135.0,-1188.0,,276.0
-544.0,62.0,,167.0,-89.0,555.0,1131.0,-1380.0,,355.0
-498.0,3.0,,226.0,-105.0,550.0,1136.0,-1335.0,,423.0
-501.0,-110.0,,333.0,-111.0,515.0,1145.0,-1247.0,,482.0
-487.0,-224.0,,141.0,-158.0,465.0,1128.0,-1529.0,,512.0
-490.0,-208.0,,220.0,-129.0,423.0,1082.0,-1585.0,,544.0
-476.0,-122.0,,477.0,-107.0,279.0,1051.0,-1866.0,,541.0
-434.0,-54.0,,452.0,-66.0,-14.0,1039.0,-1845.0,,523.0
-406.0,30.0,,256.0,9.0,-89.0,1042.0,-1858.0,,510.0
-415.0,198.0,,211.0,-15.0,18.0,1036.0,-1744.0,,493.0
-383.0,388.0,,345.0,7.0,-139.0,1026.0,-1441.0,,474.0
-406.0,500.0,,391.0,16.0,-778.0,1026.0,-1400.0,,456.0
-354.0,513.0,,400.0,-37.0,-1364.0,1019.0,-1156.0,,449.0
-246.0,511.0,,370.0,-33.0,-1521.0,1022.0,-1328.0,,451.0
-242.0,498.0,,202.0,-91.0,-1573.0,1046.0,-1321.0,,478.0
-284.0,411.0,,117.0,-119.0,-1541.0,1068.0,-1341.0,,512.0
-291.0,284.0,,366.0,-88.0,-1494.0,1064.0,-1577.0,,572.0
-306.0,133.0,,474.0,-127.0,-1433.0,1076.0,-1487.0,,636.0
-252.0,20.0,,246.0,-110.0,-1471.0,1079.0,-1637.0,,693.0
-368.0,-64.0,,159.0,-76.0,-1588.0,1028.0,-1446.0,,764.0
-352.0,-169.0,,67.0,-60.0,-1510.0,963.0,-1339.0,,818.0
-377.0,-231.0,,-18.0,43.0,-1562.0,895.0,-1291.0,,882.0
-412.0,-212.0,,28.0,71.0,-1696.0,872.0,-1258.0,,934.0
-427.0,-165.0,,77.0,72.0,-1841.0,867.0,-1498.0,,955.0
-667.0,-112.0,,-46.0,114.0,-2088.0,863.0,-1428.0,,960.0
-455.0,15.0,,-239.0,55.0,-2353.0,876.0,-1568.0,,924.0
-489.0,135.0,,-117.0,28.0,-2510.0,838.0,-1409.0,,882.0
-604.0,144.0,,-70.0,-7.0,-2449.0,805.0,-1249.0,,816.0
-732.0,33.0,,-260.0,-75.0,-2424.0,776.0,-1178.0,,729.0
-712.0,-94.0,,-244.0,-16.0,-2445.0,735.0,-897.0,,647.0
-621.0,-184.0,,-130.0,-4.0,-2487.0,732.0,-984.0,,557.0
-791.0,-356.0,,-112.0,1.0,-2519.0,738.0,-816.0,,474.0
-723.0,-551.0,,-187.0,73.0,-2557.0,737.0,-934.0,,387.0
-840.0,-684.0,,-156.0,70.0,-2691.0,726.0,-1056.0,,328.0
-731.0,-770.0,,82.0,118.0,-2727.0,726.0,-1071.0,,286.0
-837.0,-770.0,,27.0,144.0,-2743.0,693.0,-1261.0,,251.0
-836.0,-712.0,,-185.0,73.0,-2671.0,665.0,-1162.0,,240.0
-764.0,-648.0,,-249.0,69.0,-2373.0,663.0,-1443.0,,237.0
-760.0,-497.0,,-366.0,33.0,-2019.0,659.0,-1526.0,,254.0
-611.0,-267.0,,-319.0,28.0,-1634.0,680.0,-1596.0,,286.0
-765.0,-70.0,,-86.0,91.0,-1156.0,678.0,-1631.0,,337.0
-676.0,73.0,,-67.0,49.0,-802.0,677.0,-1476.0,,407.0
-757.0,163.0,,-184.0,33.0,-610.0,667.0,-1631.0,,489.0
-654.0,206.0,,-261.0,43.0,-506.0,660.0,-1463.0,,576.0
-606.0,151.0,,-295.0,0.0,-682.0,682.0,-1467.0,,663.0
-602.0,36.0,,-168.0,38.0,-918.0,690.0,-1369.0,,752.0
-515.0,-52.0,,-133.0,34.0,-1167.0,695.0,-1370.0,,848.0
-636.0,-113.0,,-144.0,-18.0,-1527.0,667.0,-1601.0,,943.0
-493.0,-145.0,,-231.0,-19.0,-1814.0,642.0,-1522.0,,1028.0
-426.0,-131.0,,-359.0,-98.0,-1937.0,663.0,-1714.0,,1104.0
-381.0,-82.0,,-221.0,-110.0,-1882.0,684.0,-1664.0,,1160.0
-383.0,14.0,,-127.0,-44.0,-1812.0,687.0,-1638.0,,1202.0
-318.0,137.0,,-76.0,-48.0,-1965.0,671.0,-1507.0,,1223.0
-285.0,200.0,,-39.0,-1.0,-2189.0,657.0,-1302.0,,1231.0
-298.0,259.0,,-51.0,16.0,-2112.0,665.0,-1468.0,,1222.0
-171.0,301.0,,-184.0,1.0,-1851.0,684.0,-1483.0,,1202.0
-163.0,305.0,,-278.0,59.0,-1534.0,693.0,-1801.0,,1186.0
-222.0,287.0,,-112.0,33.0,-1204.0,697.0,-1838.0,,1146.0
-157.0,173.0,,4.0,-9.0,-769.0,690.0,-1829.0,,1100.0
-100.0,2.0,,26.0,11.0,-119.0,680.0,-1810.0,,1047.0
-111.0,-152.0,,-79.0,-22.0,285.0,666.0,-1467.0,,980.0
-83.0,-307.0,,-197.0,-11.0,301.0,620.0,-1492.0,,906.0
-70.0,-424.0,,-174.0,1.0,281.0,568.0,-1304.0,,831.0
-89.0,-462.0,,-72.0,-60.0,479.0,557.0,-1383.0,,761.0
-107.0,-494.0,,-33.0,-57.0,612.0,575.0,-1409.0,,699.0
0.0,-469.0,,-27.0,-100.0,321.0,580.0,-1287.0,,637.0
4.0,-402.0,,155.0,-145.0,-112.0,584.0,-1387.0,,565.0
4.0,-351.0,,207.0,-76.0,-368.0,602.0,-1171.0,,486.0
-64.0,-266.0,,21.0,-52.0,-389.0,621.0,-1202.0,,385.0
-72.0,-227.0,,-87.0,-19.0,-365.0,660.0,-916.0,,278.0
-18.0,-195.0,,-204.0,30.0,-365.0,681.0,-726.0,,169.0
8.0,-143.0,,-124.0,6.0,-150.0,658.0,-689.0,,55.0
71.0,-76.0,,262.0,10.0,132.0,648.0,-491.0,,-53.0
-52.0,36.0,,294.0,-10.0,290.0,654.0,-624.0,,-150.0
34.0,87.0,,79.0,-68.0,448.0,662.0,-458.0,,-224.0
8.0,96.0,,-158.0,-31.0,562.0,656.0,-524.0,,-280.0
-67.0,129.0,,-389.0,-34.0,659.0,655.0,-423.0,,-314.0
-149.0,242.0,,-169.0,-72.0,813.0,670.0,-243.0,,-330.0
-23.0,356.0,,-2.0,-55.0,979.0,676.0,-317.0,,-325.0
117.0,373.0,,-96.0,-100.0,1039.0,671.0,-227.0,,-300.0
-67.0,378.0,,-211.0,-98.0,938.0,673.0,-386.0,,-257.0
5.0,374.0,,-411.0,-55.0,971.0,690.0,-127.0,,-196.0
-11.0,358.0,,-314.0,-68.0,1063.0,705.0,12.0,,-130.0
27.0,326.0,,-109.0,-20.0,941.0,723.0,81.0,,-44.0
-21.0,304.0,,-9.0,-9.0,626.0,727.0,149.0,,41.0
36.0,280.0,,-82.0,-59.0,360.0,727.0,-149.0,,115.0
107.0,240.0,,-287.0,-38.0,470.0,735.0,-134.0,,183.0
64.0,192.0,,-175.0,-54.0,666.0,743.0,-343.0,,255.0
169.0,156.0,,-65.0,-70.0,594.0,774.0,-284.0,,327.0
68.0,130.0,,-20.0,-7.0,550.0,804.0,-242.0,,390.0
143.0,51.0,,51.0,3.0,920.0,815.0,-391.0,,458.0
182.0,-41.0,,-59.0,43.0,1403.0,810.0,-362.0,,519.0
265.0,-135.0,,-169.0,109.0,1570.0,790.0,-630.0,,567.0
225.0,-163.0,,-343.0,101.0,1522.0,816.0,-487.0,,596.0
164.0,-160.0,,-395.0,128.0,1674.0,857.0,-389.0,,603.0
263.0,-131.0,,-316.0,124.0,2143.0,876.0,-181.0,,603.0
221.0,-29.0,,-344.0,58.0,2437.0,908.0,99.0,,593.0
263.0,36.0,,-295.0,44.0,2477.0,922.0,110.0,,562.0
200.0,70.0,,-367.0,3.0,2412.0,940.0,242.0,,500.0
210.0,52.0,,-313.0,-45.0,2451.0,968.0,-51.0,,417.0
121.0,46.0,,-190.0,-10.0,2512.0,989.0,-57.0,,327.0
99.0,84.0,,-246.0,-9.0,2215.0,1003.0,-53.0,,218.0
161.0,109.0,,-173.0,-4.0,1873.0,964.0,-38.0,,108.0
42.0,119.0,,-297.0,61.0,1602.0,941.0,147.0,,7.0
16.0,184.0,,-466.0,59.0,1560.0,948.0,-53.0,,-98.0
-10.0,316.0,,-467.0,59.0,1711.0,944.0,94.0,,-208.0
-1.0,402.0,,-411.0,94.0,1751.0,933.0,92.0,,-314.0
-71.0,502.0,,-334.0,65.0,1854.0,927.0,216.0,,-419.0
-31.0,598.0,,-277.0,61.0,1961.0,941.0,343.0,,-520.0
-67.0,661.0,,-297.0,67.0,2118.0,949.0,253.0,,-604.0
-145.0,694.0,,-283.0,33.0,2230.0,939.0,480.0,,-683.0
-68.0,640.0,,-157.0,65.0,2363.0,939.0,500.0,,-739.0
-136.0,549.0,,-283.0,85.0,2504.0,951.0,829.0,,-791.0
-120.0,467.0,,-281.0,40.0,2449.0,952.0,973.0,,-819.0
-110.0,384.0,,-249.0,33.0,2423.0,945.0,1132.0,,-819.0
-23.0,267.0,,-275.0,-1.0,2297.0,904.0,1372.0,,-813.0
-107.0,171.0,,-93.0,-61.0,2062.0,862.0,1151.0,,-768.0
-196.0,120.0,,-150.0,-56.0,1896.0,858.0,1236.0,,-701.0
-62.0,77.0,,-343.0,-80.0,1975.0,832.0,1132.0,,-613.0
5.0,15.0,,-447.0,-110.0,2005.0,797.0,1287.0,,-513.0
49.0,-21.0,,-439.0,-80.0,1715.0,754.0,1441.0,,-411.0
-26.0,-27.0,,-399.0,-90.0,1543.0,719.0,1306.0,,-315.0
19.0,-87.0,,-257.0,-88.0,1721.0,705.0,1291.0,,-235.0
-19.0,-152.0,,-124.0,-24.0,2060.0,672.0,942.0,,-175.0
45.0,-183.0,,-177.0,-2.0,2166.0,640.0,903.0,,-138.0
101.0,-155.0,,-235.0,30.0,2235.0,595.0,774.0,,-88.0
80.0,-155.0,,-228.0,94.0,2347.0,563.0,805.0,,-48.0
121.0,-225.0,,-133.0,96.0,2412.0,545.0,1014.0,,0.0
107.0,-186.0,,-106.0,81.0,2410.0,484.0,1025.0,,54.0
131.0,-71.0,,-242.0,71.0,1997.0,420.0,1267.0,,124.0
22.0,-19.0,,-368.0,14.0,1705.0,376.0,1117.0,,200.0
148.0,0.0,,-228.0,-27.0,1881.0,324.0,1145.0,,270.0
126.0,9.0,,-121.0,-59.0,1968.0,268.0,1132.0,,348.0
160.0,-40.0,,-100.0,-133.0,1772.0,224.0,1066.0,,415.0
189.0,-76.0,,-1.0,-159.0,1450.0,196.0,1191.0,,484.0
122.0,-141.0,,-59.0,-146.0,1227.0,164.0,1014.0,,541.0
135.0,-220.0,,-203.0,-143.0,1020.0,126.0,1164.0,,605.0
108.0,-205.0,,-225.0,-91.0,736.0,97.0,1156.0,,673.0
269.0,-216.0,,-56.0,-42.0,404.0,81.0,1263.0,,735.0
131.0,-234.0,,86.0,-36.0,29.0,53.0,1433.0,,797.0
193.0,-216.0,,93.0,20.0,-28.0,0.0,1411.0,,834.0
132.0,-139.0,,-67.0,80.0,174.0,-40.0,1553.0,,860.0
117.0,-86.0,,-207.0,100.0,242.0,-79.0,1335.0,,849.0
141.0,-116.0,,-88.0,144.0,168.0,-120.0,1391.0,,830.0
37.0,-191.0,,51.0,139.0,154.0,-163.0,1334.0,,781.0
207.0,-279.0,,-8.0,68.0,152.0,-227.0,1306.0,,692.0
61.0,-313.0,,-62.0,1.0,4.0,-277.0,1448.0,,605.0
204.0,-412.0,,-34.0,-92.0,-200.0,-310.0,1319.0,,496.0
182.0,-546.0,,10.0,-161.0,-228.0,-329.0,1529.0,,386.0
197.0,-627.0,,162.0,-145.0,-112.0,-357.0,1478.0,,273.0
266.0,-638.0,,271.0,-139.0,-38.0,-390.0,1594.0,,168.0
246.0,-634.0,,219.0,-119.0,143.0,-421.0,1731.0,,68.0
376.0,-580.0,,-42.0,-50.0,335.0,-432.0,1768.0,,-20.0
186.0,-447.0,,-44.0,-32.0,546.0,-412.0,2013.0,,-95.0
395.0,-348.0,,108.0,-5.0,615.0,-406.0,1904.0,,-182.0
401.0,-161.0,,-20.0,61.0,640.0,-400.0,2069.0,,-243.0
375.0,66.0,,-48.0,69.0,840.0,-426.0,2041.0,,-300.0
339.0,244.0,,13.0,77.0,757.0,-477.0,2108.0,,-335.0
249.0,353.0,,-16.0,92.0,555.0,-536.0,2311.0,,-330.0
370.0,429.0,,-29.0,36.0,411.0,-599.0,2254.0,,-301.0
290.0,467.0,,12.0,-7.0,358.0,-613.0,2442.0,,-219.0
418.0,437.0,,15.0,-34.0,354.0,-599.0,2270.0,,-119.0
256.0,413.0,,38.0,-93.0,354.0,-583.0,2289.0,,-11.0
211.0,346.0,,129.0,-106.0,457.0,-598.0,2261.0,,93.0
223.0,267.0,,188.0,-95.0,667.0,-649.0,2189.0,,175.0
172.0,77.0,,176.0,-83.0,666.0,-704.0,2346.0,,241.0
214.0,-96.0,,203.0,-15.0,423.0,-730.0,2176.0,,286.0
114.0,-121.0,,135.0,17.0,471.0,-744.0,2333.0,,314.0
224.0,-84.0,,122.0,5.0,545.0,-783.0,2305.0,,313.0
55.0,18.0,,200.0,32.0,567.0,-837.0,2366.0,,291.0
64.0,121.0,,107.0,18.0,505.0,-887.0,2368.0,,253.0
112.0,229.0,,152.0,-19.0,582.0,-921.0,2026.0,,205.0
55.0,251.0,,172.0,-3.0,1007.0,-946.0,1943.0,,168.0
115.0,231.0,,73.0,-35.0,1141.0,-956.0,1542.0,,134.0
95.0,119.0,,-12.0,-80.0,1035.0,-974.0,1420.0,,94.0
214.0,-16.0,,-218.0,-79.0,827.0,-984.0,1228.0,,53.0
109.0,-77.0,,-305.0,-135.0,688.0,-992.0,1112.0,,6.0
101.0,-202.0,,-280.0,-180.0,786.0,-1010.0,1321.0,,-51.0
163.0,-280.0,,-272.0,-169.0,856.0,-1045.0,1274.0,,-110.0
150.0,-286.0,,-166.0,-179.0,628.0,-1099.0,1500.0,,-171.0
236.0,-188.0,,-89.0,-134.0,288.0,-1103.0,1433.0,,-217.0
281.0,-205.0,,38.0,-55.0,220.0,-1100.0,1550.0,,-265.0
325.0,-308.0,,190.0,-53.0,295.0,-1121.0,1640.0,,-318.0
321.0,-272.0,,152.0,-58.0,306.0,-1167.0,1518.0,,-361.0
351.0,-256.0,,173.0,-75.0,161.0,-1209.0,1637.0,,-403.0
425.0,-303.0,,389.0,-113.0,166.0,-1232.0,1481.0,,-431.0
470.0,-476.0,,404.0,-82.0,406.0,-1241.0,1633.0,,-455.0
516.0,-592.0,,239.0,-44.0,473.0,-1219.0,1524.0,,-472.0
540.0,-555.0,,248.0,-36.0,366.0,-1204.0,1391.0,,-494.0
539.0,-560.0,,229.0,2.0,278.0,-1190.0,1398.0,,-512.0
598.0,-597.0,,197.0,2.0,335.0,-1185.0,1197.0,,-523.0
612.0,-537.0,,207.0,-26.0,450.0,-1181.0,1273.0,,-554.0
700.0,-389.0,,191.0,-3.0,350.0,-1172.0,1062.0,,-590.0
725.0,-283.0,,93.0,4.0,58.0,-1148.0,1171.0,,-632.0
733.0,-271.0,,46.0,33.0,-108.0,-1131.0,1335.0,,-669.0
746.0,-223.0,,-17.0,114.0,-22.0,-1139.0,1415.0,,-712.0
677.0,-81.0,,-211.0,127.0,114.0,-1137.0,1611.0,,-752.0
817.0,49.0,,-217.0,147.0,143.0,-1132.0,1441.0,,-779.0
722.0,90.0,,-225.0,201.0,264.0,-1100.0,1600.0,,-804.0
662.0,116.0,,-228.0,190.0,597.0,-1058.0,1611.0,,-797.0
669.0,273.0,,-195.0,185.0,936.0,-1015.0,1775.0,,-774.0
700.0,430.0,,-107.0,197.0,1197.0,-1017.0,1986.0,,-735.0
796.0,463.0,,-106.0,188.0,1384.0,-1063.0,1873.0,,-679.0
670.0,480.0,,-250.0,234.0,1444.0,-1111.0,1888.0,,-621.0
653.0,601.0,,-107.0,282.0,1394.0,-1120.0,1509.0,,-556.0
529.0,555.0,,79.0,288.0,1302.0,-1073.0,1443.0,,-496.0
617.0,369.0,,197.0,329.0,1124.0,-1047.0,1424.0,,-436.0
677.0,329.0,,117.0,320.0,974.0,-1037.0,1358.0,,-372.0
606.0,353.0,,91.0,258.0,1022.0,-1070.0,1404.0,,-293.0
598.0,332.0,,176.0,251.0,1137.0,-1131.0,1145.0,,-211.0
507.0,239.0,,59.0,225.0,1056.0,-1167.0,1140.0,,-142.0
583.0,328.0,,162.0,201.0,754.0,-1175.0,925.0,,-77.0
489.0,349.0,,186.0,199.0,491.0,-1156.0,962.0,,-23.0
518.0,238.0,,86.0,129.0,401.0,-1170.0,1090.0,,19.0
520.0,140.0,,48.0,86.0,389.0,-1209.0,1047.0,,43.0
502.0,11.0,,40.0,95.0,306.0,-1239.0,1149.0,,36.0
419.0,-65.0,,62.0,62.0,314.0,-1241.0,800.0,,13.0
371.0,-204.0,,57.0,64.0,483.0,-1200.0,722.0,,-19.0
427.0,-313.0,,176.0,73.0,843.0,-1145.0,576.0,,-65.0
321.0,-458.0,,150.0,14.0,1173.0,-1090.0,493.0,,-123.0
441.0,-525.0,,10.0,-15.0,1255.0,-1077.0,511.0,,-193.0
271.0,-524.0,,43.0,-55.0,1348.0,-1101.0,151.0,,-285.0
308.0,-519.0,,159.0,-96.0,1408.0,-1093.0,120.0,,-392.0
346.0,-430.0,,198.0,-70.0,1193.0,-1065.0,-42.0,,-506.0
259.0,-331.0,,250.0,-94.0,641.0,-1035.0,109.0,,-624.0
217.0,-106.0,,250.0,-128.0,408.0,-1025.0,277.0,,-740.0
110.0,76.0,,252.0,-74.0,449.0,-1031.0,290.0,,-843.0
246.0,216.0,,156.0,-58.0,304.0,-1042.0,445.0,,-922.0
179.0,350.0,,-93.0,-63.0,222.0,-1053.0,186.0,,-993.0
246.0,477.0,,-40.0,-48.0,403.0,-1032.0,179.0,,-1044.0
107.0,613.0,,174.0,-78.0,747.0,-1026.0,20.0,,-1086.0
52.0,667.0,,235.0,-56.0,872.0,-1051.0,-12.0,,-1122.0
44.0,678.0,,179.0,-16.0,1021.0,-1066.0,66.0,,-1133.0
167.0,628.0,,66.0,2.0,1156.0,-1036.0,-90.0,,-1133.0
254.0,516.0,,-95.0,112.0,968.0,-981.0,0.0,,-1102.0
70.0,319.0,,-93.0,201.0,503.0,-933.0,-210.0,,-1039.0
101.0,71.0,,35.0,234.0,248.0,-923.0,-201.0,,-955.0
32.0,-94.0,,97.0,307.0,273.0,-947.0,-243.0,,-855.0
201.0,-138.0,,76.0,324.0,80.0,-947.0,-243.0,,-732.0
8.0,-153.0,,83.0,313.0,-108.0,-947.0,-35.0,,-586.0
75.0,-189.0,,39.0,311.0,-104.0,-915.0,-142.0,,-421.0
122.0,-179.0,,-71.0,231.0,7.0,-872.0,22.0,,-233.0
73.0,-25.0,,39.0,185.0,-162.0,-841.0,-44.0,,-35.0
153.0,96.0,,195.0,177.0,-425.0,-815.0,88.0,,172.0
6.0,140.0,,310.0,95.0,-517.0,-828.0,312.0,,388.0
152.0,193.0,,325.0,67.0,-638.0,-832.0,371.0,,595.0
45.0,271.0,,249.0,54.0,-742.0,-830.0,572.0,,776.0
230.0,359.0,,252.0,-5.0,-914.0,-816.0,308.0,,945.0
84.0,339.0,,336.0,-5.0,-935.0,-800.0,277.0,,1079.0
145.0,432.0,,408.0,-32.0,-889.0,-814.0,84.0,,1180.0
308.0,540.0,,529.0,-75.0,-1039.0,-807.0,-48.0,,1261.0
165.0,534.0,,559.0,-67.0,-1216.0,-772.0,53.0,,1304.0
220.0,478.0,,304.0,-118.0,-1270.0,-718.0,-88.0,,1328.0
126.0,431.0,,307.0,-140.0,-1348.0,-666.0,57.0,,1323.0
351.0,462.0,,474.0,-82.0,-1544.0,-644.0,-70.0,,1294.0
311.0,391.0,,564.0,-65.0,-1702.0,-649.0,-24.0,,1230.0
408.0,264.0,,629.0,-15.0,-1759.0,-665.0,-72.0,,1127.0
284.0,181.0,,532.0,43.0,-1795.0,-666.0,-319.0,,999.0
237.0,192.0,,438.0,41.0,-1982.0,-661.0,-399.0,,865.0
350.0,71.0,,260.0,85.0,-2046.0,-637.0,-764.0,,719.0
358.0,-95.0,,387.0,84.0,-2124.0,-590.0,-774.0,,551.0
456.0,-143.0,,563.0,35.0,-2520.0,-561.0,-949.0,,392.0
245.0,-202.0,,368.0,60.0,-2634.0,-528.0,-966.0,,232.0
376.0,-212.0,,266.0,33.0,-2410.0,-495.0,-848.0,,70.0
322.0,-244.0,,159.0,0.0,-2243.0,-493.0,-990.0,,-86.0
346.0,-191.0,,204.0,39.0,-2239.0,-481.0,-848.0,,-221.0
324.0,-145.0,,292.0,6.0,-2336.0,-448.0,-1008.0,,-333.0
288.0,-161.0,,256.0,-8.0,-2178.0,-417.0,-962.0,,-406.0
334.0,-145.0,,207.0,-5.0,-1859.0,-397.0,-962.0,,-422.0
287.0,-129.0,,53.0,-65.0,-1767.0,-384.0,-975.0,,-410.0
348.0,-60.0,,-117.0,-43.0,-1852.0,-358.0,-835.0,,-363.0
168.0,16.0,,-112.0,-36.0,-1847.0,-339.0,-992.0,,-299.0
183.0,61.0,,89.0,-71.0,-1782.0,-334.0,-894.0,,-232.0
158.0,75.0,,200.0,-17.0,-2014.0,-314.0,-1123.0,,-164.0
153.0,158.0,,184.0,-10.0,-2456.0,-305.0,-1125.0,,-100.0
113.0,214.0,,163.0,-28.0,-2775.0,-309.0,-984.0,,-67.0
87.0,234.0,,129.0,0.0,-2879.0,-313.0,-970.0,,-73.0
137.0,337.0,,28.0,-31.0,-2856.0,-315.0,-713.0,,-118.0
-4.0,418.0,,34.0,-38.0,-2758.0,-300.0,-877.0,,-221.0
19.0,430.0,,190.0,-41.0,-2610.0,-274.0,-825.0,,-344.0
26.0,442.0,,273.0,-139.0,-2477.0,-248.0,-918.0,,-485.0
72.0,500.0,,276.0,-171.0,-2231.0,-229.0,-946.0,,-613.0
125.0,554.0,,272.0,-169.0,-2093.0,-241.0,-848.0,,-712.0
84.0,520.0,,166.0,-201.0,-2093.0,-278.0,-995.0,,-798.0
84.0,397.0,,103.0,-161.0,-2088.0,-309.0,-792.0,,-842.0
36.0,392.0,,211.0,-169.0,-2107.0,-330.0,-844.0,,-863.0
194.0,420.0,,244.0,-196.0,-2127.0,-299.0,-639.0,,-875.0
256.0,357.0,,252.0,-164.0,-2279.0,-233.0,-550.0,,-881.0
219.0,383.0,,190.0,-187.0,-2454.0,-189.0,-591.0,,-879.0
274.0,427.0,,25.0,-158.0,-2571.0,-176.0,-399.0,,-881.0
251.0,339.0,,40.0,-81.0,-2558.0,-157.0,-600.0,,-897.0
398.0,172.0,,234.0,-59.0,-2380.0,-137.0,-548.0,,-933.0
347.0,88.0,,392.0,3.0,-2110.0,-140.0,-711.0,,-974.0
398.0,2.0,,257.0,55.0,-1989.0,-119.0,-811.0,,-1013.0
431.0,-142.0,,43.0,64.0,-2024.0,-83.0,-840.0,,-1057.0
447.0,-267.0,,-97.0,127.0,-1951.0,-33.0,-1027.0,,-1084.0
583.0,-291.0,,-294.0,151.0,-1948.0,-4.0,-1010.0,,-1118.0
501.0,-171.0,,-214.0,147.0,-2078.0,-23.0,-1358.0,,-1160.0
561.0,-110.0,,-69.0,201.0,-2263.0,-18.0,-1389.0,,-1207.0
464.0,-4.0,,-51.0,181.0,-2394.0,9.0,-1426.0,,-1282.0
539.0,176.0,,-86.0,154.0,-2400.0,33.0,-1398.0,,-1358.0
531.0,245.0,,-49.0,165.0,-2394.0,65.0,-1147.0,,-1423.0
547.0,253.0,,-162.0,118.0,-2422.0,90.0,-1269.0,,-1466.0
575.0,241.0,,-360.0,138.0,-2251.0,88.0,-1165.0,,-1492.0
455.0,289.0,,-103.0,161.0,-1882.0,91.0,-1300.0,,-1491.0
519.0,276.0,,35.0,115.0,-1587.0,88.0,-1287.0,,-1475.0
421.0,121.0,,31.0,118.0,-1501.0,91.0,-1186.0,,-1458.0
495.0,-19.0,,-5.0,71.0,-1512.0,130.0,-1247.0,,-1417.0
410.0,-162.0,,37.0,-4.0,-1293.0,167.0,-1119.0,,-1373.0
478.0,-272.0,,83.0,1.0,-1083.0,194.0,-1350.0,,-1316.0
458.0,-311.0,,-17.0,-24.0,-1122.0,190.0,-1383.0,,-1234.0
368.0,-363.0,,62.0,-25.0,-1219.0,171.0,-1559.0,,-1148.0
403.0,-376.0,,-21.0,23.0,-1341.0,169.0,-1655.0,,-1036.0
272.0,-280.0,,-36.0,11.0,-1377.0,177.0,-1504.0,,-915.0
322.0,-208.0,,-29.0,54.0,-1400.0,205.0,-1589.0,,-797.0
238.0,-154.0,,-78.0,63.0,-1653.0,224.0,-1385.0,,-666.0
342.0,-1.0,,6.0,-8.0,-1691.0,213.0,-1422.0,,-544.0
269.0,78.0,,15.0,28.0,-1279.0,197.0,-1278.0,,-411.0
254.0,75.0,,37.0,37.0,-922.0,180.0,-1175.0,,-258.0
258.0,91.0,,-23.0,-1.0,-838.0,133.0,-1261.0,,-105.0
174.0,109.0,,-34.0,6.0,-727.0,110.0,-1204.0,,57.0
225.0,103.0,,148.0,-64.0,-304.0,111.0,-1419.0,,212.0
160.0,41.0,,377.0,-111.0,83.0,94.0,-1295.0,,352.0
357.0,3.0,,387.0,-121.0,2.0,113.0,-1446.0,,473.0
256.0,17.0,,209.0,-208.0,-217.0,137.0,-1605.0,,565.0
218.0,42.0,,26.0,-235.0,-137.0,127.0,-1611.0,,628.0
167.0,8.0,,-155.0,-254.0,97.0,94.0,-1709.0,,658.0
176.0,17.0,,-70.0,-309.0,245.0,59.0,-1433.0,,649.0
308.0,106.0,,46.0,-267.0,117.0,38.0,-1374.0,,625.0
223.0,104.0,,31.0,-227.0,10.0,33.0,-1014.0,,594.0
245.0,56.0,,124.0,-214.0,5.0,40.0,-755.0,,553.0
149.0,21.0,,121.0,-171.0,-112.0,29.0,-650.0,,526.0
249.0,-46.0,,6.0,-203.0,-62.0,34.0,-495.0,,490.0
221.0,-117.0,,103.0,-218.0,-8.0,39.0,-776.0,,445.0
212.0,-190.0,,229.0,-193.0,-112.0,31.0,-788.0,,397.0
240.0,-234.0,,211.0,-221.0,-152.0,10.0,-1018.0,,342.0
280.0,-251.0,,201.0,-176.0,127.0,-28.0,-1071.0,,290.0
338.0,-291.0,,64.0,-111.0,481.0,-51.0,-951.0,,235.0
192.0,-305.0,,1.0,-100.0,567.0,-68.0,-1006.0,,191.0
239.0,-270.0,,185.0,-47.0,604.0,-67.0,-923.0,,153.0
136.0,-218.0,,387.0,-59.0,862.0,-50.0,-1186.0,,113.0
182.0,-245.0,,384.0,-97.0,1159.0,-18.0,-1175.0,,87.0
211.0,-307.0,,338.0,-35.0,1046.0,22.0,-1295.0,,73.0
198.0,-366.0,,435.0,0.0,809.0,54.0,-1420.0,,52.0
239.0,-374.0,,378.0,58.0,985.0,51.0,-1426.0,,37.0
204.0,-355.0,,427.0,173.0,1448.0,11.0,-1712.0,,37.0
238.0,-377.0,,567.0,221.0,1600.0,-14.0,-1589.0,,37.0
122.0,-268.0,,494.0,268.0,1600.0,-20.0,-1664.0,,41.0
213.0,-152.0,,398.0,263.0,1783.0,-28.0,-1574.0,,39.0
246.0,-96.0,,394.0,168.0,1967.0,-48.0,-1470.0,,32.0
245.0,-24.0,,530.0,153.0,2021.0,-33.0,-1461.0,,23.0
153.0,90.0,,494.0,149.0,1796.0,-14.0,-1184.0,,24.0
87.0,184.0,,398.0,128.0,1646.0,-40.0,-1315.0,,22.0
185.0,196.0,,473.0,182.0,1711.0,-77.0,-1269.0,,20.0
146.0,219.0,,410.0,154.0,1728.0,-105.0,-1400.0,,29.0
206.0,253.0,,328.0,96.0,1646.0,-107.0,-1417.0,,24.0
112.0,300.0,,339.0,85.0,1475.0,-89.0,-1319.0,,6.0
128.0,263.0,,280.0,20.0,1469.0,-51.0,-1505.0,,-17.0
129.0,150.0,,259.0,14.0,1600.0,-45.0,-1346.0,,-54.0
77.0,9.0,,137.0,18.0,1629.0,-65.0,-1441.0,,-107.0
18.0,-128.0,,17.0,-28.0,1630.0,-90.0,-1287.0,,-182.0
-69.0,-176.0,,328.0,26.0,1599.0,-110.0,-1160.0,,-275.0
39.0,-160.0,,503.0,74.0,1779.0,-85.0,-1160.0,,-376.0
-67.0,-118.0,,460.0,75.0,2043.0,-63.0,-971.0,,-454.0
-100.0,-47.0,,460.0,88.0,2096.0,-51.0,-1071.0,,-481.0
-120.0,24.0,,331.0,4.0,2095.0,-65.0,-881.0,,-475.0
-194.0,78.0,,307.0,-72.0,2025.0,-105.0,-873.0,,-434.0
-315.0,109.0,,366.0,-89.0,2152.0,-138.0,-705.0,,-356.0
-394.0,110.0,,408.0,-145.0,2297.0,-169.0,-548.0,,-263.0
-284.0,152.0,,346.0,-148.0,2222.0,-179.0,-683.0,,-158.0
-326.0,178.0,,385.0,-94.0,2120.0,-166.0,-537.0,,-56.0
-368.0,181.0,,439.0,-74.0,2107.0,-171.0,-630.0,,29.0
-458.0,140.0,,182.0,-27.0,2224.0,-170.0,-363.0,,88.0
-535.0,76.0,,76.0,-4.0,2202.0,-151.0,-195.0,,118.0
-542.0,31.0,,200.0,-22.0,1982.0,-148.0,-94.0,,113.0
-482.0,0.0,,255.0,-2.0,1881.0,-142.0,142.0,,83.0
-495.0,31.0,,193.0,-48.0,2104.0,-146.0,-16.0,,41.0
-550.0,15.0,,55.0,-86.0,2168.0,-148.0,18.0,,-9.0
-545.0,27.0,,-34.0,-50.0,1942.0,-151.0,-219.0,,-53.0
-596.0,42.0,,-86.0,-66.0,1732.0,-143.0,-218.0,,-84.0
-565.0,30.0,,-79.0,-12.0,1821.0,-142.0,-131.0,,-97.0
-570.0,-41.0,,95.0,88.0,2100.0,-140.0,-221.0,,-93.0
-545.0,-84.0,,144.0,121.0,2055.0,-131.0,-118.0,,-74.0
-577.0,-35.0,,-10.0,195.0,1899.0,-135.0,-362.0,,-34.0
-586.0,-129.0,,-56.0,202.0,1928.0,-107.0,-301.0,,16.0
-585.0,-158.0,,-26.0,141.0,2120.0,-89.0,-417.0,,73.0
-631.0,-110.0,,-145.0,150.0,2163.0,-67.0,-484.0,,123.0
-685.0,-78.0,,-223.0,117.0,2093.0,-54.0,-391.0,,163.0
-788.0,-88.0,,-79.0,105.0,2107.0,-32.0,-498.0,,202.0
-682.0,-125.0,,-71.0,174.0,2069.0,23.0,-262.0,,248.0
-653.0,-86.0,,-83.0,168.0,2012.0,73.0,-327.0,,300.0
-739.0,-68.0,,-44.0,146.0,2001.0,121.0,-149.0,,368.0
-796.0,-95.0,,-35.0,107.0,2038.0,113.0,-51.0,,457.0
-764.0,-135.0,,-46.0,-21.0,1873.0,104.0,-96.0,,552.0
-748.0,-117.0,,67.0,-76.0,1703.0,129.0,77.0,,643.0
-742.0,-183.0,,366.0,-94.0,1698.0,172.0,-90.0,,714.0
-708.0,-341.0,,181.0,-120.0,1707.0,247.0,46.0,,765.0
-737.0,-467.0,,-24.0,-66.0,1625.0,297.0,27.0,,789.0
-668.0,-469.0,,34.0,-60.0,1381.0,310.0,90.0,,788.0
-723.0,-434.0,,90.0,-70.0,1389.0,285.0,116.0,,770.0
-716.0,-465.0,,184.0,-36.0,1540.0,269.0,-42.0,,715.0
-647.0,-369.0,,238.0,-96.0,1406.0,296.0,120.0,,644.0
-590.0,-248.0,,457.0,-129.0,1147.0,343.0,-29.0,,558.0
-603.0,-123.0,,329.0,-117.0,1041.0,406.0,168.0,,465.0
-722.0,-29.0,,58.0,-157.0,1086.0,416.0,266.0,,385.0
-635.0,12.0,,145.0,-123.0,844.0,402.0,264.0,,325.0
-606.0,96.0,,247.0,-77.0,338.0,407.0,360.0,,298.0
-538.0,167.0,,328.0,-76.0,-36.0,420.0,118.0,,291.0
-562.0,119.0,,277.0,-47.0,-306.0,453.0,186.0,,302.0
-643.0,8.0,,223.0,-68.0,-398.0,474.0,18.0,,329.0
-549.0,-2.0,,221.0,-85.0,-436.0,495.0,-3.0,,362.0
-533.0,-76.0,,92.0,-21.0,-535.0,500.0,-20.0,,400.0
-505.0,-201.0,,17.0,-15.0,-555.0,492.0,-46.0,,427.0
-616.0,-274.0,,-1.0,0.0,-427.0,491.0,269.0,,439.0
-632.0,-253.0,,27.0,13.0,-229.0,493.0,330.0,,454.0
-592.0,-245.0,,-72.0,-29.0,-194.0,535.0,672.0,,451.0
-589.0,-289.0,,-235.0,-32.0,-19.0,551.0,755.0,,434.0
-574.0,-290.0,,-291.0,-93.0,377.0,534.0,870.0,,425.0
-613.0,-298.0,,-408.0,-132.0,594.0,554.0,1012.0,,411.0
-510.0,-294.0,,-327.0,-161.0,510.0,601.0,840.0,,393.0
-686.0,-369.0,,-276.0,-166.0,294.0,645.0,970.0,,378.0
-653.0,-379.0,,-428.0,-158.0,285.0,674.0,849.0,,357.0
-614.0,-324.0,,-479.0,-152.0,285.0,704.0,944.0,,328.0
-672.0,-335.0,,-470.0,-141.0,-26.0,725.0,883.0,,285.0
-551.0,-414.0,,-409.0,-168.0,-418.0,735.0,761.0,,220.0
-672.0,-480.0,,-332.0,-122.0,-590.0,734.0,888.0,,150.0
-648.0,-481.0,,-376.0,-149.0,-548.0,742.0,768.0,,56.0
-732.0,-543.0,,-467.0,-120.0,-618.0,777.0,907.0,,-41.0
-646.0,-527.0,,-510.0,-89.0,-640.0,819.0,685.0,,-127.0
-636.0,-530.0,,-355.0,-72.0,-327.0,859.0,515.0,,-208.0
-691.0,-481.0,,-190.0,-26.0,6.0,900.0,408.0,,-265.0
-618.0,-390.0,,-195.0,-78.0,283.0,936.0,179.0,,-299.0
-696.0,-379.0,,-242.0,-64.0,428.0,956.0,254.0,,-309.0
-580.0,-319.0,,-414.0,-68.0,408.0,952.0,60.0,,-297.0
-679.0,-297.0,,-415.0,-44.0,414.0,939.0,216.0,,-267.0
-612.0,-231.0,,-463.0,-23.0,511.0,939.0,319.0,,-226.0
-606.0,-215.0,,-487.0,-28.0,590.0,940.0,376.0,,-160.0
-603.0,-211.0,,-305.0,-47.0,472.0,954.0,517.0,,-82.0
-491.0,-189.0,,-378.0,-89.0,371.0,953.0,328.0,,-3.0
-547.0,-151.0,,-387.0,-86.0,371.0,960.0,375.0,,100.0
-475.0,-66.0,,-272.0,-95.0,418.0,989.0,206.0,,217.0
-572.0,-97.0,,-280.0,-88.0,419.0,998.0,315.0,,345.0
-468.0,-69.0,,-257.0,-113.0,385.0,1027.0,434.0,,446.0
-470.0,-32.0,,-204.0,-111.0,461.0,1056.0,391.0,,538.0
-506.0,30.0,,-110.0,-93.0,497.0,1079.0,456.0,,632.0
-456.0,100.0,,-51.0,-99.0,405.0,1073.0,86.0,,691.0
-581.0,125.0,,-128.0,-114.0,114.0,1078.0,16.0,,734.0
-505.0,175.0,,-204.0,-148.0,-219.0,1086.0,-121.0,,739.0
-489.0,149.0,,-242.0,-173.0,-323.0,1065.0,-51.0,,707.0
-467.0,198.0,,-158.0,-184.0,-268.0,1115.0,251.0,,664.0
-574.0,206.0,,-126.0,-174.0,-377.0,1126.0,356.0,,589.0
-597.0,189.0,,-82.0,-125.0,-559.0,1107.0,637.0,,486.0
-502.0,206.0,,-107.0,-60.0,-568.0,1106.0,474.0,,365.0
-558.0,225.0,,-177.0,-1.0,-400.0,1097.0,428.0,,231.0
-513.0,257.0,,-100.0,55.0,-35.0,1137.0,378.0,,105.0
-529.0,201.0,,-150.0,70.0,102.0,1155.0,443.0,,-18.0
-470.0,218.0,,-55.0,104.0,73.0,1185.0,770.0,,-144.0
-489.0,183.0,,-20.0,105.0,44.0,1245.0,794.0,,-259.0
-431.0,122.0,,-55.0,74.0,14.0,1282.0,1095.0,,-371.0
-361.0,69.0,,-68.0,57.0,46.0,1280.0,1119.0,,-459.0
-351.0,9.0,,-183.0,-3.0,-177.0,1241.0,1176.0,,-531.0
-317.0,-27.0,,-117.0,0.0,-273.0,1224.0,1162.0,,-572.0
-438.0,-139.0,,18.0,0.0,-224.0,1204.0,949.0,,-587.0
-349.0,-195.0,,-13.0,-17.0,-415.0,1192.0,1045.0,,-587.0
-354.0,-261.0,,-145.0,10.0,-648.0,1169.0,855.0,,-570.0
-250.0,-359.0,,-148.0,4.0,-822.0,1145.0,912.0,,-563.0
-272.0,-459.0,,-147.0,2.0,-859.0,1182.0,809.0,,-558.0
-373.0,-428.0,,-109.0,10.0,-818.0,1199.0,746.0,,-542.0
-334.0,-342.0,,-16.0,2.0,-674.0,1196.0,825.0,,-509.0
-364.0,-340.0,,-53.0,32.0,-446.0,1205.0,602.0,,-457.0
-288.0,-278.0,,-159.0,22.0,-367.0,1233.0,670.0,,-386.0
-398.0,-223.0,,-101.0,-16.0,-369.0,1268.0,497.0,,-295.0
-344.0,-161.0,,-121.0,-2.0,-363.0,1229.0,552.0,,-187.0
-362.0,-223.0,,-183.0,-35.0,-444.0,1181.0,567.0,,-59.0
-349.0,-385.0,,-257.0,-37.0,-630.0,1189.0,430.0,,74.0
-360.0,-435.0,,-487.0,-26.0,-726.0,1229.0,454.0,,214.0
-418.0,-441.0,,-519.0,-67.0,-535.0,1250.0,194.0,,351.0
-325.0,-487.0,,-443.0,-30.0,-344.0,1249.0,291.0,,467.0
-322.0,-537.0,,-517.0,-25.0,-328.0,1280.0,225.0,,555.0
-282.0,-480.0,,-677.0,-38.0,-395.0,1310.0,286.0,,606.0
-402.0,-369.0,,-494.0,-19.0,-382.0,1308.0,391.0,,617.0
-349.0,-279.0,,-363.0,-55.0,-137.0,1267.0,197.0,,616.0
-357.0,-199.0,,-367.0,-52.0,-21.0,1212.0,256.0,,609.0
-323.0,-64.0,,-255.0,-67.0,47.0,1197.0,129.0,,580.0
-310.0,80.0,,-305.0,-117.0,268.0,1206.0,354.0,,543.0
-332.0,125.0,,-331.0,-90.0,518.0,1200.0,493.0,,496.0
-289.0,124.0,,-414.0,-78.0,582.0,1174.0,569.0,,433.0
-356.0,192.0,,-484.0,-35.0,367.0,1173.0,746.0,,358.0
-284.0,306.0,,-415.0,49.0,315.0,1169.0,583.0,,273.0
-352.0,299.0,,-362.0,81.0,361.0,1129.0,641.0,,196.0
-224.0,272.0,,-360.0,140.0,221.0,1114.0,402.0,,130.0
-236.0,318.0,,-333.0,136.0,-37.0,1104.0,391.0,,67.0
-230.0,297.0,,-249.0,78.0,-244.0,1093.0,489.0,,10.0
-225.0,147.0,,-173.0,73.0,-356.0,1101.0,423.0,,-29.0
-218.0,20.0,,-274.0,14.0,-349.0,1101.0,524.0,,-63.0
-15.0,12.0,,-514.0,-5.0,-256.0,1089.0,301.0,,-86.0
-67.0,31.0,,-529.0,-11.0,-313.0,1056.0,304.0,,-106.0
-12.0,32.0,,-389.0,-85.0,-440.0,1004.0,175.0,,-128.0
-113.0,19.0,,-359.0,-86.0,-456.0,941.0,229.0,,-136.0
10.0,97.0,,-365.0,-118.0,-314.0,899.0,469.0,,-158.0
92.0,216.0,,-446.0,-138.0,-177.0,897.0,576.0,,-167.0
81.0,281.0,,-571.0,-70.0,-262.0,877.0,988.0,,-176.0
86.0,326.0,,-550.0,-68.0,-191.0,831.0,960.0,,-212.0
43.0,405.0,,-451.0,-17.0,97.0,796.0,1060.0,,-249.0
207.0,436.0,,-375.0,41.0,28.0,793.0,1025.0,,-297.0
160.0,312.0,,-255.0,40.0,-280.0,797.0,861.0,,-346.0
213.0,219.0,,-217.0,88.0,-486.0,749.0,968.0,,-392.0
183.0,130.0,,-258.0,50.0,-496.0,684.0,846.0,,-437.0
223.0,-6.0,,-182.0,6.0,-634.0,621.0,1097.0,,-456.0
243.0,-122.0,,-232.0,12.0,-893.0,568.0,1141.0,,-435.0
172.0,-214.0,,-180.0,-57.0,-847.0,548.0,1247.0,,-415.0
203.0,-205.0,,-60.0,-77.0,-661.0,517.0,1284.0,,-402.0
203.0,-167.0,,20.0,-101.0,-546.0,481.0,1006.0,,-385.0
229.0,-157.0,,89.0,-139.0,-651.0,442.0,1008.0,,-373.0
121.0,-89.0,,3.0,-82.0,-744.0,410.0,705.0,,-372.0
67.0,9.0,,-8.0,-84.0,-826.0,370.0,742.0,,-385.0
63.0,29.0,,-183.0,-67.0,-931.0,298.0,731.0,,-400.0
13.0,23.0,,-203.0,-17.0,-936.0,261.0,630.0,,-424.0
5.0,60.0,,-3.0,-65.0,-901.0,257.0,637.0,,-446.0
-56.0,124.0,,86.0,-70.0,-830.0,233.0,375.0,,-457.0
-95.0,149.0,,-31.0,-104.0,-919.0,202.0,487.0,,-450.0
-89.0,129.0,,-179.0,-154.0,-872.0,201.0,408.0,,-422.0
-225.0,185.0,,-86.0,-114.0,-699.0,189.0,500.0,,-374.0
-137.0,247.0,,-203.0,-134.0,-607.0,126.0,561.0,,-317.0
-220.0,248.0,,-162.0,-114.0,-469.0,39.0,436.0,,-261.0
-208.0,186.0,,28.0,-67.0,-365.0,-4.0,554.0,,-209.0
-160.0,115.0,,0.0,-97.0,-302.0,4.0,356.0,,-160.0
-213.0,87.0,,-51.0,-69.0,-238.0,-50.0,443.0,,-98.0
-99.0,15.0,,-44.0,-88.0,-49.0,-134.0,384.0,,-26.0
-211.0,-35.0,,231.0,-138.0,152.0,-143.0,397.0,,61.0
-65.0,-48.0,,454.0,-111.0,227.0,-129.0,543.0,,155.0
-74.0,-66.0,,326.0,-157.0,214.0,-145.0,341.0,,264.0
49.0,-123.0,,197.0,-166.0,86.0,-225.0,373.0,,392.0
26.0,-158.0,,256.0,-135.0,-7.0,-315.0,162.0,,528.0
16.0,-76.0,,166.0,-163.0,-2.0,-339.0,201.0,,670.0
114.0,-35.0,,128.0,-95.0,-37.0,-359.0,271.0,,795.0
132.0,-100.0,,388.0,-53.0,-135.0,-391.0,286.0,,900.0
364.0,-188.0,,426.0,-57.0,-296.0,-393.0,537.0,,972.0
157.0,-208.0,,238.0,9.0,-505.0,-377.0,539.0,,1007.0
254.0,-191.0,,93.0,10.0,-672.0,-386.0,787.0,,1010.0
263.0,-226.0,,121.0,38.0,-728.0,-401.0,735.0,,972.0
348.0,-195.0,,332.0,68.0,-639.0,-420.0,759.0,,896.0
379.0,-51.0,,338.0,0.0,-448.0,-468.0,877.0,,794.0
331.0,76.0,,242.0,15.0,-269.0,-490.0,896.0,,659.0
451.0,115.0,,159.0,19.0,-70.0,-509.0,1271.0,,510.0
338.0,123.0,,-6.0,-10.0,66.0,-478.0,1319.0,,360.0
492.0,196.0,,55.0,41.0,-79.0,-439.0,1502.0,,209.0
410.0,256.0,,231.0,35.0,-247.0,-461.0,1354.0,,80.0
490.0,208.0,,422.0,42.0,-408.0,-469.0,1042.0,,-39.0
498.0,191.0,,535.0,75.0,-581.0,-486.0,894.0,,-141.0
452.0,243.0,,470.0,18.0,-590.0,-479.0,491.0,,-228.0
475.0,258.0,,472.0,26.0,-701.0,-489.0,506.0,,-315.0
385.0,198.0,,493.0,10.0,-778.0,-541.0,443.0,,-392.0
557.0,158.0,,552.0,-84.0,-709.0,-567.0,630.0,,-459.0
507.0,180.0,,505.0,-80.0,-665.0,-606.0,803.0,,-491.0
543.0,181.0,,386.0,-97.0,-590.0,-648.0,731.0,,-497.0
460.0,164.0,,290.0,-112.0,-365.0,-668.0,700.0,,-480.0
437.0,154.0,,200.0,-73.0,-43.0,-667.0,286.0,,-424.0
513.0,197.0,,126.0,-107.0,207.0,-669.0,230.0,,-341.0
456.0,211.0,,49.0,-63.0,280.0,-702.0,18.0,,-227.0
510.0,156.0,,124.0,11.0,220.0,-726.0,-94.0,,-98.0
405.0,147.0,,79.0,-4.0,169.0,-682.0,-31.0,,33.0
479.0,146.0,,121.0,32.0,131.0,-614.0,-171.0,,177.0
426.0,106.0,,126.0,31.0,41.0,-598.0,12.0,,314.0
483.0,27.0,,6.0,-1.0,-207.0,-607.0,-192.0,,438.0
447.0,-45.0,,179.0,18.0,-325.0,-612.0,-264.0,,543.0
410.0,-50.0,,275.0,-26.0,-340.0,-619.0,-330.0,,623.0
598.0,-36.0,,279.0,-35.0,-423.0,-649.0,-412.0,,691.0
505.0,0.0,,237.0,-2.0,-473.0,-665.0,-225.0,,732.0
615.0,129.0,,200.0,-32.0,-513.0,-646.0,-262.0,,759.0
474.0,294.0,,122.0,14.0,-448.0,-614.0,-49.0,,787.0
560.0,363.0,,154.0,65.0,-345.0,-588.0,-109.0,,803.0
583.0,402.0,,265.0,56.0,-140.0,-593.0,-101.0,,811.0
550.0,482.0,,62.0,102.0,-74.0,-590.0,-107.0,,819.0
535.0,506.0,,78.0,95.0,-125.0,-592.0,-303.0,,805.0
446.0,454.0,,202.0,78.0,-179.0,-612.0,-195.0,,785.0
569.0,396.0,,121.0,110.0,-294.0,-634.0,-424.0,,759.0
383.0,413.0,,83.0,57.0,-386.0,-642.0,-388.0,,726.0
556.0,378.0,,63.0,33.0,-674.0,-634.0,-415.0,,696.0
401.0,268.0,,79.0,39.0,-792.0,-652.0,-511.0,,641.0
459.0,195.0,,86.0,-7.0,-838.0,-667.0,-434.0,,574.0
431.0,159.0,,24.0,23.0,-987.0,-649.0,-594.0,,497.0
338.0,146.0,,46.0,25.0,-1132.0,-603.0,-498.0,,402.0
483.0,103.0,,164.0,-14.0,-1205.0,-592.0,-687.0,,295.0
367.0,82.0,,98.0,5.0,-955.0,-620.0,-674.0,,168.0
522.0,85.0,,10.0,-39.0,-769.0,-615.0,-580.0,,37.0
252.0,86.0,,52.0,-36.0,-595.0,-585.0,-537.0,,-107.0
393.0,26.0,,-1.0,40.0,-382.0,-562.0,-218.0,,-256.0
315.0,-15.0,,1.0,24.0,-321.0,-577.0,-308.0,,-392.0
366.0,45.0,,63.0,40.0,-415.0,-600.0,-225.0,,-526.0
440.0,62.0,,97.0,51.0,-676.0,-622.0,-386.0,,-642.0
312.0,18.0,,127.0,12.0,-829.0,-648.0,-480.0,,-733.0
368.0,-17.0,,110.0,36.0,-926.0,-688.0,-388.0,,-804.0
158.0,55.0,,138.0,-4.0,-999.0,-716.0,-563.0,,-851.0
446.0,129.0,,169.0,-53.0,-870.0,-719.0,-399.0,,-878.0
330.0,79.0,,224.0,2.0,-807.0,-729.0,-421.0,,-891.0
471.0,30.0,,256.0,11.0,-959.0,-724.0,-221.0,,-903.0
370.0,57.0,,265.0,48.0,-980.0,-673.0,-229.0,,-914.0
328.0,42.0,,275.0,123.0,-901.0,-592.0,-402.0,,-927.0
446.0,-90.0,,346.0,108.0,-801.0,-574.0,-349.0,,-918.0
395.0,-179.0,,394.0,145.0,-732.0,-614.0,-665.0,,-891.0
605.0,-166.0,,335.0,178.0,-889.0,-649.0,-705.0,,-845.0
394.0,-142.0,,370.0,146.0,-888.0,-636.0,-986.0,,-784.0
618.0,-121.0,,235.0,173.0,-782.0,-576.0,-1145.0,,-718.0
449.0,-31.0,,175.0,136.0,-828.0,-553.0,-1114.0,,-626.0
433.0,159.0,,149.0,82.0,-837.0,-607.0,-1199.0,,-530.0
424.0,301.0,,-34.0,114.0,-852.0,-713.0,-966.0,,-419.0
431.0,354.0,,34.0,89.0,-766.0,-759.0,-1104.0,,-292.0
516.0,429.0,,110.0,77.0,-682.0,-722.0,-1067.0,,-142.0
344.0,454.0,,76.0,94.0,-839.0,-696.0,-1178.0,,25.0
437.0,393.0,,6.0,37.0,-1020.0,-728.0,-1341.0,,192.0
229.0,328.0,,51.0,36.0,-1032.0,-783.0,-1208.0,,376.0
348.0,293.0,,8.0,52.0,-957.0,-837.0,-1271.0,,535.0
232.0,246.0,,-131.0,15.0,-857.0,-869.0,-1018.0,,681.0
267.0,185.0,,-140.0,27.0,-820.0,-846.0,-1069.0,,796.0
273.0,126.0,,-148.0,-2.0,-755.0,-818.0,-1095.0,,883.0
252.0,52.0,,-203.0,-64.0,-669.0,-818.0,-1156.0,,949.0
289.0,11.0,,-294.0,-54.0,-807.0,-872.0,-1402.0,,980.0
152.0,-28.0,,-206.0,-73.0,-910.0,-917.0,-1337.0,,1009.0
250.0,-22.0,,-265.0,-75.0,-1038.0,-902.0,-1504.0,,1022.0
204.0,21.0,,-334.0,-29.0,-1080.0,-879.0,-1278.0,,1029.0
387.0,8.0,,-242.0,-36.0,-838.0,-852.0,-1250.0,,1032.0
274.0,-6.0,,-259.0,-14.0,-549.0,-872.0,-1298.0,,1040.0
283.0,-55.0,,-248.0,14.0,-258.0,-917.0,-1123.0,,1061.0
270.0,-153.0,,-327.0,-15.0,-121.0,-954.0,-1143.0,,1073.0
351.0,-289.0,,-288.0,12.0,23.0,-966.0,-848.0,,1090.0
417.0,-406.0,,-173.0,36.0,155.0,-942.0,-903.0,,1098.0
355.0,-418.0,,-121.0,14.0,152.0,-939.0,-755.0,,1088.0
384.0,-379.0,,63.0,60.0,-73.0,-964.0,-569.0,,1065.0
328.0,-333.0,,64.0,86.0,-369.0,-1022.0,-436.0,,1008.0
520.0,-272.0,,-103.0,91.0,-525.0,-1048.0,-138.0,,931.0
393.0,-168.0,,-145.0,156.0,-680.0,-988.0,-247.0,,836.0
461.0,-91.0,,-66.0,167.0,-855.0,-914.0,-75.0,,742.0
369.0,-65.0,,62.0,161.0,-968.0,-869.0,-190.0,,656.0
471.0,-42.0,,193.0,158.0,-709.0,-829.0,-286.0,,592.0
437.0,-20.0,,274.0,66.0,-406.0,-797.0,-362.0,,557.0
391.0,41.0,,230.0,20.0,-396.0,-801.0,-663.0,,530.0
536.0,80.0,,211.0,47.0,-492.0,-810.0,-596.0,,530.0
347.0,84.0,,234.0,41.0,-306.0,-819.0,-759.0,,537.0
492.0,142.0,,139.0,66.0,52.0,-800.0,-667.0,,548.0
313.0,245.0,,42.0,87.0,135.0,-757.0,-668.0,,557.0
463.0,276.0,,76.0,61.0,-20.0,-750.0,-715.0,,557.0
442.0,219.0,,137.0,88.0,-169.0,-758.0,-628.0,,549.0
492.0,202.0,,153.0,89.0,48.0,-757.0,-872.0,,506.0
502.0,156.0,,32.0,55.0,223.0,-746.0,-849.0,,445.0
317.0,42.0,,-83.0,67.0,247.0,-781.0,-1073.0,,360.0
463.0,-58.0,,74.0,30.0,325.0,-853.0,-1147.0,,258.0
352.0,-71.0,,114.0,-8.0,404.0,-873.0,-1116.0,,153.0
528.0,17.0,,-23.0,4.0,482.0,-839.0,-1175.0,,48.0
378.0,72.0,,-20.0,-20.0,588.0,-790.0,-997.0,,-44.0
459.0,131.0,,-25.0,-14.0,962.0,-786.0,-1164.0,,-145.0
430.0,205.0,,-29.0,26.0,1224.0,-796.0,-1093.0,,-227.0
377.0,247.0,,-25.0,22.0,1305.0,-747.0,-1121.0,,-298.0
459.0,228.0,,-10.0,70.0,1426.0,-694.0,-1049.0,,-358.0
322.0,71.0,,-22.0,130.0,1522.0,-648.0,-861.0,,-401.0
457.0,-74.0,,23.0,134.0,1469.0,-621.0,-946.0,,-445.0
381.0,-141.0,,114.0,175.0,1407.0,-620.0,-748.0,,-475.0
505.0,-240.0,,54.0,203.0,1477.0,-619.0,-849.0,,-489.0
383.0,-306.0,,-3.0,213.0,1448.0,-617.0,-731.0,,-493.0
362.0,-227.0,,-124.0,264.0,1348.0,-598.0,-709.0,,-501.0
392.0,-63.0,,-91.0,247.0,1179.0,-582.0,-827.0,,-489.0
385.0,69.0,,-82.0,207.0,1257.0,-583.0,-655.0,,-469.0
467.0,148.0,,-34.0,204.0,1456.0,-583.0,-805.0,,-452.0
373.0,257.0,,128.0,127.0,1486.0,-557.0,-722.0,,-412.0
401.0,395.0,,66.0,64.0,1601.0,-485.0,-870.0,,-357.0
287.0,412.0,,262.0,28.0,1621.0,-447.0,-899.0,,-283.0
414.0,371.0,,541.0,-80.0,1656.0,-488.0,-862.0,,-198.0
427.0,358.0,,410.0,-121.0,1642.0,-540.0,-1047.0,,-100.0
369.0,309.0,,54.0,-104.0,1322.0,-544.0,-947.0,,6.0
365.0,251.0,,245.0,-97.0,1071.0,-502.0,-1125.0,,118.0
355.0,188.0,,551.0,-30.0,964.0,-447.0,-942.0,,235.0
331.0,121.0,,363.0,-7.0,920.0,-403.0,-805.0,,337.0
274.0,48.0,,285.0,-30.0,862.0,-396.0,-637.0,,430.0
319.0,-62.0,,300.0,10.0,815.0,-420.0,-288.0,,508.0
270.0,-213.0,,302.0,24.0,1005.0,-423.0,-363.0,,565.0
269.0,-333.0,,422.0,32.0,1257.0,-390.0,-225.0,,606.0
196.0,-333.0,,325.0,84.0,1455.0,-359.0,-363.0,,624.0
181.0,-292.0,,182.0,71.0,1416.0,-341.0,-319.0,,613.0
192.0,-267.0,,367.0,65.0,1250.0,-314.0,-221.0,,579.0
238.0,-229.0,,317.0,90.0,1210.0,-262.0,-288.0,,527.0
158.0,-166.0,,259.0,62.0,1176.0,-227.0,-72.0,,453.0
64.0,-93.0,,297.0,67.0,1183.0,-227.0,-153.0,,358.0
60.0,-67.0,,256.0,62.0,1018.0,-215.0,5.0,,269.0
73.0,-84.0,,307.0,13.0,826.0,-207.0,-75.0,,180.0
53.0,-90.0,,342.0,14.0,805.0,-192.0,-227.0,,93.0
-83.0,-109.0,,280.0,-33.0,765.0,-182.0,-230.0,,23.0
-100.0,-154.0,,114.0,-104.0,596.0,-208.0,-434.0,,-39.0
-238.0,-210.0,,231.0,-93.0,436.0,-221.0,-303.0,,-94.0
-224.0,-281.0,,320.0,-114.0,425.0,-193.0,-476.0,,-136.0
-259.0,-304.0,,128.0,-115.0,362.0,-168.0,-482.0,,-166.0
-239.0,-267.0,,139.0,-63.0,224.0,-201.0,-480.0,,-190.0
-282.0,-258.0,,273.0,-69.0,3.0,-230.0,-593.0,,-197.0
-364.0,-317.0,,169.0,-41.0,-163.0,-250.0,-508.0,,-200.0
-274.0,-342.0,,134.0,0.0,-297.0,-244.0,-770.0,,-202.0
-446.0,-294.0,,156.0,-5.0,-456.0,-196.0,-718.0,,-198.0
-382.0,-263.0,,25.0,46.0,-558.0,-179.0,-798.0,,-197.0
-400.0,-236.0,,-68.0,68.0,-683.0,-146.0,-781.0,,-195.0
-348.0,-150.0,,-116.0,48.0,-568.0,-158.0,-661.0,,-203.0
-343.0,5.0,,-62.0,82.0,-413.0,-180.0,-716.0,,-201.0
-381.0,114.0,,76.0,59.0,-498.0,-155.0,-439.0,,-190.0
-300.0,114.0,,206.0,24.0,-585.0,-149.0,-489.0,,-198.0
-385.0,126.0,,121.0,50.0,-479.0,-164.0,-419.0,,-207.0
-196.0,158.0,,-131.0,33.0,-241.0,-205.0,-556.0,,-228.0
-195.0,170.0,,-314.0,47.0,-200.0,-212.0,-726.0,,-263.0
-146.0,114.0,,-229.0,60.0,-279.0,-207.0,-655.0,,-301.0
-112.0,3.0,,66.0,7.0,-290.0,-207.0,-840.0,,-340.0
-128.0,-26.0,,87.0,20.0,-434.0,-204.0,-667.0,,-362.0
-81.0,8.0,,-18.0,39.0,-632.0,-214.0,-735.0,,-381.0
-173.0,30.0,,-96.0,24.0,-709.0,-206.0,-667.0,,-397.0
-60.0,67.0,,-220.0,54.0,-820.0,-172.0,-576.0,,-397.0
-84.0,202.0,,-205.0,40.0,-1052.0,-122.0,-644.0,,-398.0
-75.0,321.0,,-269.0,39.0,-1231.0,-123.0,-371.0,,-397.0
-114.0,316.0,,-13.0,101.0,-1218.0,-204.0,-328.0,,-391.0
-156.0,276.0,,287.0,97.0,-1163.0,-255.0,-27.0,,-380.0
-156.0,297.0,,7.0,108.0,-1031.0,-222.0,77.0,,-365.0
-238.0,369.0,,-42.0,137.0,-866.0,-174.0,179.0,,-333.0
-210.0,304.0,,171.0,90.0,-855.0,-158.0,349.0,,-277.0
-304.0,170.0,,66.0,75.0,-1022.0,-152.0,219.0,,-216.0
-334.0,106.0,,-134.0,54.0,-1356.0,-140.0,380.0,,-145.0
-349.0,84.0,,21.0,38.0,-1598.0,-157.0,232.0,,-82.0
-356.0,9.0,,62.0,118.0,-1664.0,-180.0,280.0,,-21.0
-390.0,-83.0,,-55.0,152.0,-1601.0,-160.0,242.0,,44.0
-465.0,-70.0,,-6.0,163.0,-1629.0,-123.0,73.0,,93.0
-490.0,-59.0,,58.0,228.0,-1976.0,-116.0,190.0,,137.0
-515.0,-70.0,,13.0,237.0,-2193.0,-105.0,62.0,,176.0
-500.0,-95.0,,-17.0,265.0,-2001.0,-49.0,230.0,,197.0
-534.0,-54.0,,173.0,308.0,-1774.0,31.0,181.0,,209.0
-621.0,10.0,,110.0,284.0,-1817.0,50.0,219.0,,210.0
-651.0,-1.0,,0.0,302.0,-1980.0,-27.0,273.0,,197.0
-620.0,4.0,,90.0,286.0,-1855.0,-96.0,81.0,,184.0
-651.0,91.0,,7.0,218.0,-1630.0,-96.0,125.0,,173.0
-588.0,240.0,,-165.0,210.0,-1943.0,1.0,-173.0,,164.0
-606.0,321.0,,201.0,146.0,-2373.0,123.0,-125.0,,159.0
-606.0,356.0,,372.0,73.0,-2345.0,173.0,-144.0,,161.0
-641.0,364.0,,103.0,61.0,-2163.0,166.0,-277.0,,169.0
-681.0,369.0,,103.0,6.0,-2177.0,123.0,-208.0,,177.0
-583.0,335.0,,19.0,-1.0,-2426.0,92.0,-354.0,,202.0
-579.0,264.0,,183.0,17.0,-2543.0,117.0,-145.0,,230.0
-465.0,269.0,,116.0,-7.0,-2378.0,185.0,-166.0,,253.0
-558.0,312.0,,-78.0,36.0,-2255.0,237.0,-59.0,,279.0
-546.0,354.0,,3.0,54.0,-2287.0,270.0,59.0,,304.0
-543.0,344.0,,-197.0,18.0,-2306.0,313.0,-1.0,,311.0
-543.0,317.0,,-292.0,39.0,-2255.0,359.0,194.0,,296.0
-476.0,265.0,,-76.0,13.0,-2204.0,386.0,60.0,,264.0
-552.0,216.0,,69.0,-20.0,-2274.0,373.0,194.0,,197.0
-395.0,165.0,,-154.0,-22.0,-2354.0,322.0,169.0,,115.0
-476.0,76.0,,-239.0,-82.0,-2256.0,268.0,162.0,,21.0
-434.0,27.0,,-111.0,-94.0,-2041.0,253.0,378.0,,-79.0
-474.0,-22.0,,-207.0,-90.0,-1692.0,335.0,345.0,,-183.0
-469.0,-69.0,,-168.0,-154.0,-1257.0,460.0,550.0,,-291.0
-300.0,-146.0,,-58.0,-137.0,-816.0,491.0,371.0,,-401.0
-333.0,-302.0,,-105.0,-115.0,-460.0,441.0,321.0,,-511.0
-225.0,-426.0,,-89.0,-126.0,-49.0,422.0,262.0,,-602.0
-346.0,-386.0,,44.0,-84.0,250.0,469.0,94.0,,-677.0
-254.0,-302.0,,121.0,-108.0,27.0,530.0,242.0,,-714.0
-215.0,-314.0,,26.0,-133.0,-414.0,578.0,134.0,,-715.0
-162.0,-318.0,,-51.0,-110.0,-705.0,578.0,328.0,,-684.0
-146.0,-257.0,,-137.0,-152.0,-815.0,537.0,426.0,,-621.0
-252.0,-230.0,,-51.0,-136.0,-1077.0,504.0,558.0,,-550.0
-101.0,-284.0,,124.0,-111.0,-1252.0,505.0,672.0,,-475.0
-229.0,-272.0,,169.0,-163.0,-872.0,533.0,598.0,,-406.0
-158.0,-172.0,,56.0,-147.0,-285.0,527.0,883.0,,-349.0
-223.0,-112.0,,-31.0,-139.0,69.0,496.0,901.0,,-314.0
-110.0,-156.0,,170.0,-141.0,119.0,440.0,1114.0,,-277.0
-95.0,-139.0,,211.0,-76.0,210.0,367.0,1162.0,,-244.0
-238.0,-32.0,,150.0,-68.0,275.0,375.0,1082.0,,-227.0
-119.0,-116.0,,146.0,-43.0,73.0,445.0,1169.0,,-212.0
-254.0,-335.0,,156.0,31.0,-221.0,516.0,942.0,,-204.0
-116.0,-504.0,,0.0,14.0,-475.0,550.0,1010.0,,-185.0
-277.0,-519.0,,-37.0,-4.0,-688.0,488.0,897.0,,-190.0
-242.0,-491.0,,85.0,-18.0,-936.0,411.0,899.0,,-198.0
-245.0,-530.0,,-6.0,-90.0,-924.0,397.0,879.0,,-196.0
-238.0,-457.0,,17.0,-96.0,-765.0,386.0,692.0,,-214.0
-129.0,-286.0,,2.0,-100.0,-738.0,347.0,792.0,,-221.0
-315.0,-171.0,,54.0,-139.0,-563.0,314.0,580.0,,-228.0
-187.0,-214.0,,39.0,-89.0,-256.0,335.0,642.0,,-224.0
-273.0,-226.0,,72.0,-51.0,52.0,383.0,580.0,,-228.0
-90.0,-104.0,,203.0,-58.0,78.0,396.0,537.0,,-234.0
-136.0,-45.0,,-25.0,-54.0,102.0,385.0,679.0,,-221.0
-140.0,-126.0,,-130.0,-108.0,494.0,356.0,521.0,,-222.0
-81.0,-224.0,,-102.0,-163.0,746.0,308.0,633.0,,-205.0
-137.0,-168.0,,-81.0,-207.0,711.0,282.0,480.0,,-190.0
-1.0,-152.0,,31.0,-293.0,698.0,302.0,493.0,,-172.0
-86.0,-253.0,,14.0,-298.0,944.0,318.0,471.0,,-138.0
38.0,-298.0,,-55.0,-231.0,1234.0,317.0,321.0,,-109.0
-21.0,-209.0,,-75.0,-193.0,1319.0,290.0,465.0,,-74.0
65.0,-133.0,,-145.0,-125.0,1386.0,230.0,327.0,,-40.0
39.0,-139.0,,-82.0,-74.0,1620.0,230.0,484.0,,-8.0
17.0,-49.0,,31.0,-76.0,1833.0,229.0,430.0,,0.0
57.0,78.0,,9.0,-35.0,1942.0,197.0,447.0,,-9.0
-18.0,205.0,,138.0,-12.0,2106.0,186.0,576.0,,-26.0
63.0,273.0,,36.0,-11.0,2164.0,185.0,408.0,,-57.0
-18.0,307.0,,-168.0,48.0,2082.0,216.0,524.0,,-114.0
-37.0,401.0,,-148.0,63.0,1960.0,233.0,336.0,,-180.0
-177.0,432.0,,-278.0,45.0,1848.0,222.0,376.0,,-245.0
-204.0,436.0,,-39.0,30.0,1692.0,207.0,356.0,,-312.0
-246.0,457.0,,96.0,-43.0,1348.0,199.0,291.0,,-358.0
-307.0,456.0,,20.0,-87.0,1080.0,212.0,517.0,,-393.0
-309.0,375.0,,-3.0,-92.0,949.0,229.0,559.0,,-417.0
-395.0,273.0,,-187.0,-138.0,725.0,232.0,984.0,,-429.0
-474.0,251.0,,-281.0,-143.0,500.0,208.0,1073.0,,-430.0
-567.0,275.0,,-327.0,-123.0,507.0,155.0,1169.0,,-412.0
-599.0,290.0,,-26.0,-143.0,801.0,127.0,1284.0,,-377.0
-636.0,250.0,,-27.0,-135.0,1064.0,163.0,1245.0,,-321.0
-605.0,216.0,,-289.0,-138.0,1075.0,179.0,1481.0,,-258.0
-708.0,144.0,,-411.0,-162.0,1162.0,147.0,1300.0,,-197.0
-790.0,24.0,,-332.0,-141.0,1423.0,107.0,1359.0,,-141.0
-827.0,-66.0,,-264.0,-184.0,1471.0,76.0,1278.0,,-103.0
-798.0,-119.0,,-384.0,-239.0,1246.0,75.0,1160.0,,-86.0
-724.0,-163.0,,-247.0,-212.0,995.0,107.0,1162.0,,-69.0
-817.0,-277.0,,-222.0,-201.0,880.0,151.0,942.0,,-54.0
-780.0,-339.0,,-295.0,-154.0,762.0,144.0,1091.0,,-35.0
-787.0,-310.0,,-387.0,-54.0,555.0,85.0,988.0,,17.0
-746.0,-332.0,,-348.0,-4.0,448.0,29.0,1071.0,,88.0
-744.0,-476.0,,-380.0,59.0,523.0,34.0,1029.0,,186.0
-744.0,-581.0,,-350.0,127.0,771.0,87.0,768.0,,297.0
-652.0,-555.0,,-228.0,140.0,904.0,100.0,687.0,,406.0
-701.0,-551.0,,-262.0,191.0,878.0,21.0,351.0,,520.0
-641.0,-571.0,,-196.0,244.0,1035.0,-97.0,458.0,,621.0
-617.0,-504.0,,-245.0,253.0,1314.0,-188.0,413.0,,699.0
-513.0,-271.0,,-208.0,298.0,1385.0,-199.0,426.0,,759.0
-524.0,-105.0,,-121.0,327.0,1356.0,-123.0,548.0,,795.0
-496.0,-96.0,,-289.0,355.0,1325.0,-60.0,400.0,,793.0
-457.0,-17.0,,-511.0,421.0,1262.0,-82.0,535.0,,769.0
-485.0,185.0,,-493.0,426.0,1306.0,-154.0,334.0,,718.0
-392.0,324.0,,-466.0,380.0,1339.0,-224.0,254.0,,641.0
-466.0,260.0,,-422.0,332.0,1566.0,-218.0,151.0,,557.0
-345.0,240.0,,-304.0,253.0,1895.0,-123.0,68.0,,457.0
-417.0,316.0,,-317.0,204.0,2001.0,-40.0,303.0,,347.0
-363.0,338.0,,-298.0,197.0,1998.0,-21.0,314.0,,222.0
-337.0,235.0,,-394.0,161.0,1974.0,-71.0,576.0,,88.0
-345.0,161.0,,-492.0,151.0,2035.0,-119.0,567.0,,-45.0
-276.0,285.0,,-496.0,128.0,2048.0,-99.0,630.0,,-178.0
-391.0,372.0,,-492.0,32.0,2093.0,-60.0,746.0,,-295.0
-263.0,334.0,,-481.0,-26.0,2136.0,-44.0,644.0,,-411.0
-364.0,359.0,,-566.0,-50.0,2024.0,-100.0,781.0,,-514.0
-335.0,542.0,,-572.0,-79.0,1968.0,-174.0,572.0,,-605.0
-403.0,614.0,,-596.0,-68.0,2048.0,-215.0,596.0,,-687.0
-373.0,472.0,,-618.0,-92.0,2226.0,-248.0,480.0,,-748.0
-263.0,341.0,,-558.0,-153.0,2184.0,-247.0,269.0,,-789.0
-310.0,330.0,,-508.0,-193.0,1977.0,-219.0,267.0,,-793.0
-260.0,289.0,,-444.0,-274.0,1993.0,-190.0,72.0,,-772.0
-354.0,130.0,,-420.0,-345.0,2047.0,-221.0,184.0,,-721.0
-239.0,81.0,,-494.0,-350.0,1975.0,-250.0,136.0,,-634.0
-206.0,112.0,,-560.0,-376.0,1911.0,-205.0,319.0,,-535.0
-162.0,69.0,,-452.0,-365.0,2026.0,-151.0,456.0,,-438.0
-150.0,-99.0,,-425.0,-283.0,2391.0,-116.0,463.0,,-346.0
-149.0,-199.0,,-406.0,-219.0,2699.0,-121.0,772.0,,-261.0
-121.0,-109.0,,-495.0,-156.0,2924.0,-154.0,787.0,,-194.0
-143.0,-42.0,,-733.0,-114.0,3115.0,-171.0,1071.0,,-129.0
-107.0,-37.0,,-705.0,-143.0,3090.0,-157.0,1189.0,,-76.0
-52.0,37.0,,-581.0,-148.0,3052.0,-121.0,1278.0,,-27.0
-5.0,235.0,,-434.0,-124.0,3040.0,-99.0,1415.0,,24.0
38.0,301.0,,-222.0,-115.0,3073.0,-121.0,1254.0,,60.0
72.0,267.0,,-239.0,-53.0,3007.0,-162.0,1274.0,,109.0
46.0,282.0,,-384.0,10.0,2860.0,-194.0,994.0,,166.0
166.0,281.0,,-332.0,13.0,2943.0,-192.0,897.0,,218.0
139.0,211.0,,-376.0,30.0,2957.0,-168.0,716.0,,284.0
191.0,51.0,,-401.0,43.0,2767.0,-127.0,528.0,,350.0
92.0,-21.0,,-360.0,46.0,2571.0,-85.0,667.0,,403.0
113.0,-54.0,,-384.0,67.0,2428.0,-96.0,611.0,,434.0
164.0,-131.0,,-391.0,32.0,2246.0,-123.0,870.0,,452.0
96.0,-230.0,,-375.0,-14.0,1954.0,-89.0,892.0,,461.0
160.0,-239.0,,-361.0,-21.0,1709.0,50.0,981.0,,442.0
-27.0,-164.0,,-528.0,-63.0,1762.0,136.0,1104.0,,414.0
146.0,-164.0,,-512.0,-94.0,1811.0,60.0,1027.0,,368.0
102.0,-178.0,,-329.0,-86.0,1609.0,-54.0,1162.0,,312.0
139.0,-173.0,,-380.0,-114.0,1426.0,-107.0,886.0,,261.0
83.0,-192.0,,-404.0,-128.0,1302.0,-49.0,801.0,,197.0
7.0,-284.0,,-331.0,-120.0,1191.0,37.0,617.0,,149.0
119.0,-338.0,,-449.0,-149.0,993.0,72.0,467.0,,103.0
-39.0,-320.0,,-440.0,-140.0,813.0,98.0,519.0,,81.0
135.0,-319.0,,-331.0,-117.0,767.0,113.0,332.0,,82.0
13.0,-395.0,,-262.0,-94.0,724.0,79.0,524.0,,73.0
81.0,-470.0,,-235.0,-9.0,657.0,37.0,456.0,,94.0
63.0,-431.0,,-229.0,29.0,621.0,59.0,506.0,,118.0
33.0,-472.0,,-230.0,18.0,545.0,115.0,515.0,,150.0
66.0,-588.0,,-415.0,22.0,419.0,110.0,399.0,,188.0
-68.0,-642.0,,-352.0,-20.0,370.0,88.0,635.0,,213.0
84.0,-588.0,,-235.0,-57.0,205.0,125.0,569.0,,253.0
-6.0,-540.0,,-231.0,-56.0,-237.0,158.0,766.0,,297.0
70.0,-543.0,,-262.0,-88.0,-728.0,135.0,794.0,,348.0
-22.0,-387.0,,-380.0,-92.0,-915.0,90.0,792.0,,394.0
-22.0,-150.0,,-334.0,-91.0,-1042.0,106.0,859.0,,415.0
60.0,-23.0,,-149.0,-149.0,-1274.0,168.0,718.0,,411.0
-38.0,-41.0,,-101.0,-150.0,-1353.0,187.0,947.0,,402.0
85.0,11.0,,-166.0,-106.0,-1137.0,144.0,916.0,,392.0
57.0,116.0,,-110.0,-62.0,-671.0,120.0,1101.0,,374.0
117.0,66.0,,-157.0,30.0,-494.0,144.0,1173.0,,369.0
62.0,-80.0,,-169.0,82.0,-498.0,123.0,1112.0,,375.0
-25.0,-166.0,,-84.0,107.0,-419.0,63.0,1249.0,,392.0
82.0,-133.0,,17.0,157.0,-323.0,19.0,988.0,,417.0
65.0,-225.0,,158.0,121.0,-304.0,43.0,1060.0,,449.0
169.0,-373.0,,253.0,59.0,-600.0,102.0,931.0,,464.0
87.0,-360.0,,212.0,44.0,-933.0,165.0,885.0,,464.0
-20.0,-269.0,,57.0,-10.0,-1142.0,191.0,877.0,,453.0
64.0,-247.0,,145.0,-47.0,-1216.0,119.0,611.0,,426.0
-4.0,-298.0,,256.0,-56.0,-1271.0,35.0,705.0,,396.0
106.0,-213.0,,237.0,-86.0,-1462.0,6.0,491.0,,343.0
-16.0,-65.0,,193.0,-52.0,-1642.0,63.0,482.0,,282.0
43.0,-59.0,,149.0,-26.0,-1677.0,146.0,297.0,,221.0
59.0,-142.0,,147.0,-69.0,-1492.0,185.0,51.0,,155.0
-7.0,-150.0,,193.0,-72.0,-1325.0,151.0,60.0,,93.0
133.0,-87.0,,193.0,-72.0,-1416.0,78.0,-162.0,,31.0
-16.0,-85.0,,60.0,-79.0,-1611.0,31.0,-48.0,,-16.0
191.0,-114.0,,46.0,-24.0,-1538.0,25.0,-188.0,,-57.0
91.0,-59.0,,133.0,-10.0,-1370.0,79.0,-144.0,,-84.0
234.0,84.0,,101.0,-23.0,-1472.0,125.0,-145.0,,-97.0
225.0,119.0,,101.0,-7.0,-1650.0,128.0,-351.0,,-101.0
155.0,29.0,,244.0,-36.0,-1541.0,104.0,-264.0,,-88.0
397.0,47.0,,238.0,-42.0,-1141.0,102.0,-474.0,,-74.0
240.0,139.0,,249.0,-25.0,-878.0,148.0,-351.0,,-38.0
492.0,150.0,,321.0,-69.0,-955.0,175.0,-412.0,,8.0
339.0,120.0,,312.0,-99.0,-984.0,175.0,-478.0,,47.0
495.0,149.0,,390.0,-153.0,-688.0,186.0,-412.0,,84.0
456.0,165.0,,504.0,-233.0,-485.0,227.0,-559.0,,106.0
423.0,6.0,,536.0,-219.0,-659.0,274.0,-317.0,,110.0
596.0,-199.0,,481.0,-179.0,-903.0,263.0,-363.0,,89.0
379.0,-275.0,,415.0,-153.0,-875.0,236.0,-197.0,,56.0
655.0,-307.0,,368.0,-89.0,-777.0,225.0,-140.0,,6.0
413.0,-395.0,,483.0,-66.0,-813.0,225.0,-291.0,,-65.0
559.0,-439.0,,544.0,-45.0,-940.0,278.0,-225.0,,-131.0
431.0,-317.0,,411.0,19.0,-1082.0,318.0,-458.0,,-219.0
402.0,-174.0,,428.0,38.0,-1028.0,315.0,-404.0,,-299.0
539.0,-107.0,,446.0,83.0,-991.0,272.0,-620.0,,-373.0
266.0,-65.0,,326.0,150.0,-1058.0,211.0,-770.0,,-449.0
485.0,13.0,,422.0,137.0,-1074.0,197.0,-790.0,,-491.0
186.0,92.0,,481.0,138.0,-1010.0,201.0,-921.0,,-508.0
385.0,58.0,,335.0,127.0,-950.0,226.0,-774.0,,-499.0
255.0,45.0,,285.0,60.0,-981.0,241.0,-947.0,,-466.0
197.0,134.0,,325.0,39.0,-1049.0,219.0,-801.0,,-417.0
233.0,206.0,,301.0,-3.0,-1049.0,213.0,-776.0,,-348.0
81.0,163.0,,210.0,-73.0,-896.0,241.0,-748.0,,-278.0
358.0,138.0,,153.0,-80.0,-803.0,280.0,-508.0,,-202.0
101.0,226.0,,217.0,-115.0,-698.0,289.0,-618.0,,-127.0
272.0,256.0,,368.0,-152.0,-609.0,278.0,-363.0,,-58.0
139.0,248.0,,383.0,-123.0,-618.0,288.0,-271.0,,-1.0
259.0,317.0,,344.0,-116.0,-446.0,319.0,-134.0,,41.0
256.0,396.0,,325.0,-94.0,-469.0,356.0,-96.0,,78.0
237.0,325.0,,404.0,-44.0,-621.0,373.0,-247.0,,108.0
388.0,119.0,,486.0,-41.0,-486.0,350.0,-229.0,,135.0
212.0,-27.0,,517.0,-26.0,-352.0,341.0,-589.0,,156.0
433.0,-108.0,,538.0,0.0,-268.0,405.0,-698.0,,182.0
280.0,-219.0,,510.0,-18.0,-317.0,473.0,-931.0,,205.0
478.0,-332.0,,456.0,-11.0,-381.0,501.0,-986.0,,220.0
426.0,-338.0,,406.0,4.0,-356.0,483.0,-776.0,,228.0
545.0,-243.0,,464.0,12.0,-532.0,439.0,-744.0,,215.0
528.0,-229.0,,387.0,68.0,-790.0,478.0,-395.0,,183.0
429.0,-282.0,,390.0,109.0,-1039.0,579.0,-424.0,,137.0
543.0,-176.0,,468.0,139.0,-1221.0,659.0,-388.0,,77.0
437.0,29.0,,394.0,191.0,-1344.0,682.0,-528.0,,5.0
607.0,94.0,,434.0,178.0,-1389.0,627.0,-820.0,,-71.0
421.0,64.0,,522.0,137.0,-1404.0,562.0,-822.0,,-150.0
536.0,179.0,,550.0,135.0,-1508.0,577.0,-1125.0,,-227.0
418.0,400.0,,546.0,109.0,-1506.0,613.0,-1053.0,,-295.0
500.0,432.0,,532.0,103.0,-1283.0,629.0,-1121.0,,-361.0
460.0,302.0,,435.0,123.0,-983.0,641.0,-1123.0,,-423.0
368.0,341.0,,259.0,90.0,-968.0,634.0,-1077.0,,-473.0
408.0,488.0,,266.0,81.0,-1175.0,658.0,-1293.0,,-528.0
308.0,458.0,,426.0,76.0,-1226.0,664.0,-1158.0,,-592.0
386.0,326.0,,498.0,28.0,-1015.0,640.0,-1254.0,,-647.0
215.0,340.0,,369.0,10.0,-987.0,606.0,-1134.0,,-695.0
310.0,427.0,,203.0,-15.0,-1320.0,567.0,-1182.0,,-729.0
188.0,311.0,,152.0,-65.0,-1542.0,582.0,-1295.0,,-748.0
302.0,148.0,,105.0,-67.0,-1596.0,648.0,-1151.0,,-752.0
241.0,178.0,,206.0,-73.0,-1613.0,708.0,-1217.0,,-727.0
252.0,285.0,,228.0,-70.0,-1733.0,693.0,-958.0,,-688.0
171.0,238.0,,110.0,1.0,-1748.0,641.0,-936.0,,-632.0
84.0,58.0,,-13.0,45.0,-1558.0,603.0,-755.0,,-550.0
191.0,58.0,,-31.0,88.0,-1441.0,579.0,-550.0,,-449.0
56.0,155.0,,65.0,150.0,-1252.0,554.0,-556.0,,-346.0
179.0,72.0,,99.0,144.0,-1046.0,545.0,-339.0,,-239.0
-7.0,-53.0,,266.0,127.0,-916.0,537.0,-408.0,,-134.0
163.0,44.0,,133.0,102.0,-838.0,490.0,-219.0,,-52.0
38.0,212.0,,51.0,38.0,-958.0,443.0,-234.0,,13.0
126.0,207.0,,170.0,26.0,-1256.0,406.0,-273.0,,54.0
107.0,128.0,,152.0,45.0,-1552.0,413.0,-256.0,,86.0
0.0,111.0,,228.0,56.0,-1807.0,436.0,-502.0,,104.0
125.0,121.0,,277.0,79.0,-1895.0,430.0,-376.0,,102.0
-45.0,4.0,,368.0,41.0,-1788.0,417.0,-506.0,,102.0
194.0,-116.0,,359.0,-28.0,-1766.0,438.0,-415.0,,98.0
24.0,-95.0,,395.0,-40.0,-1644.0,450.0,-345.0,,97.0
178.0,-52.0,,385.0,-75.0,-1445.0,420.0,-426.0,,99.0
95.0,-62.0,,311.0,-86.0,-1367.0,386.0,-284.0,,104.0
108.0,-49.0,,408.0,-28.0,-1333.0,409.0,-419.0,,109.0
222.0,68.0,,385.0,-13.0,-1312.0,499.0,-288.0,,120.0
124.0,200.0,,442.0,-3.0,-1263.0,514.0,-437.0,,117.0
253.0,254.0,,473.0,12.0,-1310.0,472.0,-530.0,,103.0
111.0,242.0,,338.0,-24.0,-1297.0,462.0,-563.0,,81.0
311.0,288.0,,307.0,-31.0,-1300.0,489.0,-809.0,,21.0
179.0,338.0,,317.0,-4.0,-1292.0,522.0,-737.0,,-53.0
242.0,340.0,,307.0,15.0,-1147.0,506.0,-1047.0,,-137.0
290.0,353.0,,271.0,84.0,-1124.0,483.0,-1079.0,,-240.0
252.0,301.0,,155.0,141.0,-1175.0,432.0,-1167.0,,-354.0
314.0,195.0,,72.0,148.0,-1447.0,386.0,-1317.0,,-455.0
226.0,105.0,,169.0,170.0,-1607.0,379.0,-1169.0,,-558.0
339.0,94.0,,213.0,137.0,-1379.0,386.0,-1241.0,,-651.0
210.0,91.0,,245.0,85.0,-1305.0,397.0,-933.0,,-718.0
247.0,31.0,,223.0,79.0,-1438.0,348.0,-851.0,,-788.0
242.0,17.0,,116.0,35.0,-1548.0,261.0,-744.0,,-838.0
249.0,99.0,,66.0,-2.0,-1366.0,215.0,-674.0,,-863.0
208.0,139.0,,155.0,-13.0,-998.0,251.0,-752.0,,-850.0
167.0,35.0,,337.0,-56.0,-701.0,344.0,-469.0,,-797.0
201.0,-20.0,,211.0,-69.0,-351.0,412.0,-533.0,,-699.0
72.0,-4.0,,207.0,-81.0,-97.0,422.0,-408.0,,-564.0
87.0,-32.0,,221.0,-149.0,148.0,375.0,-506.0,,-417.0
36.0,-154.0,,187.0,-172.0,246.0,342.0,-667.0,,-245.0
49.0,-187.0,,276.0,-165.0,50.0,363.0,-659.0,,-86.0
-4.0,-39.0,,194.0,-167.0,-154.0,381.0,-934.0,,40.0
-20.0,54.0,,264.0,-111.0,-285.0,366.0,-870.0,,134.0
-28.0,72.0,,285.0,-51.0,-200.0,327.0,-1018.0,,195.0
-56.0,116.0,,263.0,-13.0,-189.0,297.0,-938.0,,234.0
-14.0,306.0,,370.0,46.0,-303.0,260.0,-855.0,,242.0
-87.0,396.0,,384.0,64.0,-260.0,212.0,-877.0,,227.0
-75.0,336.0,,334.0,76.0,93.0,157.0,-652.0,,191.0
-88.0,409.0,,428.0,123.0,563.0,105.0,-785.0,,142.0
-19.0,590.0,,498.0,118.0,692.0,99.0,-663.0,,92.0
-29.0,681.0,,435.0,135.0,666.0,104.0,-731.0,,44.0
-46.0,489.0,,377.0,192.0,758.0,109.0,-707.0,,6.0
-11.0,328.0,,277.0,189.0,790.0,140.0,-572.0,,-21.0
-16.0,332.0,,304.0,191.0,484.0,157.0,-624.0,,-49.0
38.0,323.0,,333.0,175.0,133.0,112.0,-308.0,,-82.0
65.0,184.0,,453.0,98.0,-4.0,44.0,-256.0,,-104.0
74.0,58.0,,615.0,47.0,52.0,6.0,-57.0,,-117.0
22.0,129.0,,495.0,-14.0,165.0,9.0,-46.0,,-121.0
29.0,162.0,,425.0,-81.0,128.0,33.0,-99.0,,-114.0
61.0,76.0,,299.0,-85.0,13.0,45.0,75.0,,-97.0
97.0,-32.0,,169.0,-120.0,77.0,21.0,-83.0,,-72.0
85.0,38.0,,293.0,-160.0,316.0,-10.0,1.0,,-56.0
136.0,108.0,,349.0,-148.0,383.0,-6.0,-218.0,,-52.0
99.0,6.0,,406.0,-175.0,268.0,24.0,-304.0,,-55.0
100.0,-61.0,,373.0,-187.0,129.0,48.0,-266.0,,-68.0
135.0,-31.0,,276.0,-162.0,256.0,35.0,-386.0,,-105.0
139.0,11.0,,262.0,-185.0,406.0,19.0,-147.0,,-161.0
199.0,-119.0,,238.0,-171.0,200.0,31.0,-149.0,,-227.0
163.0,-295.0,,401.0,-138.0,-6.0,81.0,75.0,,-297.0
218.0,-349.0,,387.0,-150.0,85.0,140.0,33.0,,-355.0
159.0,-309.0,,257.0,-113.0,417.0,158.0,-168.0,,-393.0
271.0,-293.0,,208.0,-64.0,482.0,144.0,-153.0,,-416.0
275.0,-292.0,,81.0,-36.0,317.0,111.0,-267.0,,-421.0
326.0,-173.0,,162.0,31.0,500.0,119.0,18.0,,-401.0
303.0,-82.0,,163.0,59.0,855.0,152.0,-35.0,,-366.0
295.0,-50.0,,91.0,68.0,1019.0,134.0,-57.0,,-314.0
384.0,-15.0,,114.0,137.0,1030.0,113.0,-110.0,,-267.0
214.0,62.0,,80.0,154.0,1070.0,103.0,-286.0,,-224.0
323.0,185.0,,87.0,165.0,1149.0,87.0,-212.0,,-177.0
231.0,255.0,,89.0,200.0,1101.0,94.0,-484.0,,-142.0
370.0,292.0,,86.0,178.0,945.0,115.0,-448.0,,-119.0
305.0,252.0,,31.0,210.0,686.0,143.0,-522.0,,-107.0
311.0,159.0,,-41.0,260.0,521.0,119.0,-532.0,,-96.0
299.0,132.0,,43.0,238.0,645.0,63.0,-397.0,,-90.0
184.0,150.0,,116.0,245.0,897.0,21.0,-456.0,,-81.0
354.0,168.0,,-65.0,250.0,1007.0,-3.0,-136.0,,-67.0
202.0,188.0,,-152.0,189.0,899.0,42.0,-75.0,,-57.0
375.0,286.0,,-89.0,165.0,850.0,91.0,118.0,,-41.0
262.0,410.0,,-74.0,128.0,936.0,87.0,238.0,,-34.0
350.0,450.0,,-49.0,62.0,1112.0,18.0,317.0,,-40.0
294.0,374.0,,-65.0,53.0,1094.0,-40.0,606.0,,-56.0
285.0,305.0,,4.0,14.0,1051.0,-42.0,631.0,,-86.0
382.0,298.0,,72.0,-22.0,1316.0,6.0,903.0,,-115.0
252.0,196.0,,54.0,2.0,1477.0,77.0,814.0,,-134.0
392.0,48.0,,-27.0,-3.0,1371.0,52.0,768.0,,-158.0
215.0,-48.0,,-44.0,-22.0,1288.0,7.0,729.0,,-163.0
332.0,-64.0,,3.0,-11.0,1483.0,-15.0,583.0,,-155.0
248.0,-100.0,,-119.0,-24.0,1755.0,-10.0,800.0,,-130.0
365.0,-257.0,,-64.0,-26.0,1780.0,12.0,670.0,,-84.0
378.0,-321.0,,84.0,-3.0,1548.0,-30.0,787.0,,-42.0
309.0,-216.0,,-34.0,-30.0,1335.0,-110.0,748.0,,-1.0
421.0,-154.0,,-106.0,-48.0,1136.0,-227.0,744.0,,18.0
368.0,-229.0,,-123.0,-52.0,781.0,-321.0,890.0,,21.0
505.0,-204.0,,-211.0,-89.0,452.0,-322.0,718.0,,12.0
342.0,-66.0,,-290.0,-83.0,219.0,-266.0,855.0,,-7.0
437.0,-69.0,,-355.0,-53.0,143.0,-210.0,731.0,,-24.0
419.0,-212.0,,-395.0,-54.0,299.0,-239.0,750.0,,-44.0
487.0,-272.0,,-391.0,-2.0,462.0,-355.0,596.0,,-49.0
526.0,-139.0,,-373.0,63.0,406.0,-440.0,321.0,,-44.0
453.0,-76.0,,-358.0,98.0,388.0,-447.0,343.0,,-32.0
513.0,-132.0,,-335.0,155.0,651.0,-423.0,164.0,,-15.0
433.0,-150.0,,-389.0,176.0,961.0,-440.0,360.0,,9.0
502.0,-26.0,,-307.0,175.0,935.0,-503.0,243.0,,52.0
375.0,161.0,,-251.0,224.0,688.0,-563.0,184.0,,88.0
385.0,194.0,,-334.0,234.0,719.0,-609.0,264.0,,111.0
354.0,144.0,,-305.0,205.0,899.0,-619.0,147.0,,115.0
326.0,138.0,,-307.0,212.0,765.0,-578.0,380.0,,110.0
280.0,181.0,,-155.0,197.0,559.0,-542.0,376.0,,87.0
204.0,110.0,,-154.0,180.0,724.0,-543.0,615.0,,47.0
248.0,-15.0,,-280.0,193.0,979.0,-564.0,707.0,,11.0
161.0,-12.0,,-185.0,154.0,1014.0,-583.0,737.0,,-24.0
185.0,22.0,,-168.0,113.0,818.0,-534.0,918.0,,-55.0
114.0,-7.0,,-93.0,99.0,580.0,-439.0,740.0,,-89.0
92.0,-101.0,,-41.0,52.0,670.0,-397.0,907.0,,-118.0
58.0,-128.0,,-28.0,27.0,947.0,-420.0,829.0,,-136.0
53.0,-133.0,,64.0,37.0,1123.0,-451.0,811.0,,-160.0
98.0,-185.0,,56.0,27.0,1174.0,-436.0,779.0,,-174.0
55.0,-223.0,,-31.0,26.0,1302.0,-398.0,513.0,,-191.0
73.0,-201.0,,-58.0,24.0,1617.0,-388.0,498.0,,-211.0
21.0,-120.0,,-69.0,-14.0,1855.0,-446.0,264.0,,-231.0
-18.0,-95.0,,-145.0,-25.0,1848.0,-506.0,378.0,,-256.0
-81.0,-88.0,,-200.0,-39.0,1716.0,-542.0,376.0,,-268.0
-97.0,-66.0,,-155.0,-89.0,1722.0,-539.0,436.0,,-264.0
-108.0,-57.0,,-116.0,-87.0,1769.0,-483.0,685.0,,-243.0
-124.0,-91.0,,-165.0,-66.0,1612.0,-431.0,631.0,,-208.0
-137.0,-98.0,,-162.0,-53.0,1406.0,-379.0,833.0,,-151.0
-193.0,-29.0,,-195.0,-9.0,1334.0,-403.0,648.0,,-88.0
-201.0,-45.0,,-193.0,-3.0,1402.0,-476.0,504.0,,-33.0
-174.0,-149.0,,-235.0,-44.0,1410.0,-508.0,397.0,,25.0
-133.0,-205.0,,-305.0,-67.0,1219.0,-516.0,327.0,,67.0
-171.0,-160.0,,-264.0,-105.0,1030.0,-481.0,611.0,,91.0
-183.0,-60.0,,-260.0,-142.0,944.0,-419.0,615.0,,100.0
-197.0,34.0,,-312.0,-119.0,1035.0,-372.0,890.0,,95.0
-185.0,122.0,,-342.0,-92.0,1146.0,-352.0,957.0,,95.0
-182.0,203.0,,-257.0,-60.0,1056.0,-339.0,936.0,,94.0
-203.0,222.0,,-213.0,-14.0,1039.0,-367.0,890.0,,105.0
-220.0,140.0,,-134.0,0.0,1216.0,-428.0,624.0,,112.0
-210.0,-71.0,,-224.0,19.0,1497.0,-473.0,711.0,,115.0
-163.0,-373.0,,-436.0,64.0,1578.0,-469.0,585.0,,113.0
-228.0,-632.0,,-420.0,67.0,1383.0,-420.0,718.0,,96.0
-233.0,-781.0,,-315.0,58.0,1323.0,-400.0,702.0,,89.0
-226.0,-835.0,,-288.0,45.0,1522.0,-420.0,594.0,,79.0
-187.0,-891.0,,-239.0,-21.0,1519.0,-419.0,716.0,,56.0
-221.0,-919.0,,-152.0,-57.0,1130.0,-394.0,495.0,,20.0
-261.0,-874.0,,-290.0,-49.0,964.0,-417.0,535.0,,-37.0
-191.0,-823.0,,-333.0,-50.0,1124.0,-483.0,271.0,,-110.0
-177.0,-768.0,,-320.0,-16.0,1208.0,-508.0,103.0,,-207.0
-139.0,-688.0,,-233.0,6.0,1112.0,-481.0,60.0,,-312.0
-187.0,-500.0,,-41.0,-33.0,1032.0,-417.0,-66.0,,-404.0
-157.0,-248.0,,-144.0,-61.0,989.0,-387.0,133.0,,-498.0
-103.0,-159.0,,-228.0,-66.0,948.0,-391.0,11.0,,-568.0
-50.0,-177.0,,-313.0,-65.0,907.0,-386.0,51.0,,-618.0
-21.0,-84.0,,-301.0,-26.0,759.0,-390.0,-121.0,,-659.0
-23.0,47.0,,-229.0,-7.0,584.0,-401.0,-262.0,,-672.0
90.0,-19.0,,-294.0,-20.0,393.0,-422.0,-230.0,,-658.0
121.0,-266.0,,-238.0,7.0,417.0,-403.0,-402.0,,-625.0
116.0,-444.0,,-303.0,18.0,444.0,-352.0,-229.0,,-584.0
110.0,-500.0,,-249.0,-6.0,202.0,-319.0,-386.0,,-515.0
146.0,-566.0,,-189.0,-2.0,-61.0,-314.0,-434.0,,-442.0
183.0,-642.0,,-263.0,-6.0,-115.0,-314.0,-591.0,,-376.0
163.0,-547.0,,-180.0,-7.0,-19.0,-285.0,-899.0,,-302.0
144.0,-334.0,,-181.0,22.0,-205.0,-275.0,-805.0,,-235.0
135.0,-257.0,,-183.0,13.0,-464.0,-311.0,-840.0,,-159.0
156.0,-262.0,,-193.0,1.0,-538.0,-363.0,-559.0,,-76.0
187.0,-143.0,,-262.0,11.0,-472.0,-358.0,-474.0,,1.0
168.0,19.0,,-304.0,-19.0,-636.0,-281.0,-334.0,,73.0
122.0,45.0,,-261.0,-37.0,-1061.0,-190.0,-75.0,,146.0
88.0,-26.0,,-166.0,-8.0,-1276.0,-154.0,-33.0,,203.0
82.0,-91.0,,-158.0,12.0,-1312.0,-174.0,303.0,,241.0
105.0,-72.0,,-139.0,31.0,-1274.0,-203.0,254.0,,261.0
80.0,-83.0,,-126.0,40.0,-1408.0,-233.0,330.0,,255.0
79.0,-193.0,,-200.0,9.0,-1554.0,-253.0,192.0,,237.0
70.0,-243.0,,-213.0,-2.0,-1579.0,-305.0,-147.0,,198.0
94.0,-163.0,,-176.0,-22.0,-1531.0,-322.0,-223.0,,160.0
89.0,-45.0,,-141.0,-85.0,-1417.0,-255.0,-530.0,,133.0
35.0,-5.0,,-124.0,-90.0,-1378.0,-162.0,-404.0,,108.0
47.0,47.0,,-100.0,-52.0,-1343.0,-92.0,-365.0,,80.0
53.0,150.0,,-6.0,-18.0,-1307.0,-101.0,-238.0,,57.0
13.0,216.0,,133.0,60.0,-1106.0,-144.0,-138.0,,41.0
-46.0,159.0,,103.0,130.0,-945.0,-209.0,-304.0,,32.0
-66.0,54.0,,-107.0,166.0,-846.0,-274.0,-229.0,,41.0
-104.0,67.0,,-153.0,223.0,-566.0,-320.0,-448.0,,68.0
-125.0,84.0,,-207.0,211.0,-236.0,-331.0,-389.0,,113.0
-233.0,54.0,,-254.0,130.0,-38.0,-295.0,-493.0,,171.0
-322.0,13.0,,-140.0,86.0,-283.0,-230.0,-657.0,,238.0
-376.0,-2.0,,25.0,15.0,-558.0,-200.0,-676.0,,316.0
-398.0,48.0,,116.0,-70.0,-514.0,-257.0,-1008.0,,396.0
-432.0,73.0,,27.0,-95.0,-489.0,-340.0,-1051.0,,477.0
-532.0,25.0,,-20.0,-107.0,-647.0,-400.0,-1328.0,,555.0
-536.0,-3.0,,48.0,-98.0,-945.0,-362.0,-1337.0,,624.0
-568.0,-12.0,,79.0,-52.0,-997.0,-303.0,-1210.0,,676.0
-539.0,-57.0,,69.0,-36.0,-765.0,-301.0,-1195.0,,714.0
-583.0,-120.0,,6.0,-8.0,-684.0,-319.0,-953.0,,734.0
-601.0,-184.0,,-39.0,39.0,-738.0,-342.0,-1027.0,,728.0
-607.0,-168.0,,-20.0,15.0,-602.0,-355.0,-788.0,,704.0
-588.0,-79.0,,48.0,8.0,-332.0,-389.0,-715.0,,647.0
-537.0,8.0,,261.0,40.0,-142.0,-396.0,-631.0,,559.0
-583.0,90.0,,197.0,34.0,-111.0,-371.0,-469.0,,441.0
-514.0,195.0,,31.0,58.0,-261.0,-357.0,-570.0,,301.0
-498.0,308.0,,-54.0,77.0,-306.0,-354.0,-332.0,,142.0
-438.0,361.0,,-152.0,44.0,-164.0,-350.0,-474.0,,-28.0
-462.0,337.0,,-100.0,29.0,40.0,-380.0,-511.0,,-186.0
-466.0,295.0,,-49.0,6.0,204.0,-409.0,-696.0,,-330.0
-423.0,303.0,,10.0,-32.0,251.0,-377.0,-1027.0,,-459.0
-419.0,290.0,,-100.0,-3.0,299.0,-319.0,-986.0,,-579.0
-380.0,254.0,,-58.0,20.0,216.0,-256.0,-1158.0,,-673.0
-429.0,217.0,,-78.0,21.0,-91.0,-272.0,-966.0,,-729.0
-369.0,185.0,,-210.0,71.0,-523.0,-342.0,-990.0,,-775.0
-387.0,180.0,,-48.0,71.0,-962.0,-349.0,-957.0,,-795.0
-376.0,125.0,,17.0,57.0,-1220.0,-338.0,-910.0,,-796.0
-374.0,8.0,,64.0,115.0,-1373.0,-361.0,-1103.0,,-778.0
-396.0,-128.0,,13.0,135.0,-1554.0,-382.0,-957.0,,-740.0
-316.0,-244.0,,-111.0,120.0,-1664.0,-356.0,-1127.0,,-690.0
-347.0,-410.0,,-85.0,93.0,-1688.0,-319.0,-975.0,,-633.0
-328.0,-631.0,,110.0,14.0,-1500.0,-320.0,-896.0,,-579.0
-363.0,-727.0,,132.0,-29.0,-1239.0,-334.0,-809.0,,-520.0
-350.0,-670.0,,-22.0,-34.0,-1184.0,-350.0,-533.0,,-468.0
-284.0,-574.0,,-53.0,-83.0,-1082.0,-361.0,-620.0,,-398.0
-281.0,-473.0,,-83.0,-94.0,-805.0,-395.0,-432.0,,-329.0
-238.0,-274.0,,-181.0,-88.0,-565.0,-452.0,-497.0,,-246.0
-317.0,32.0,,-265.0,-146.0,-701.0,-477.0,-439.0,,-148.0
-287.0,334.0,,-196.0,-179.0,-832.0,-446.0,-491.0,,-47.0
-284.0,505.0,,-186.0,-192.0,-561.0,-381.0,-727.0,,58.0
-305.0,627.0,,-136.0,-213.0,-227.0,-330.0,-652.0,,142.0
-285.0,748.0,,-110.0,-181.0,-149.0,-284.0,-818.0,,239.0
-366.0,710.0,,-214.0,-177.0,-266.0,-297.0,-687.0,,317.0
-288.0,533.0,,-200.0,-209.0,-247.0,-331.0,-715.0,,378.0
-324.0,326.0,,-162.0,-180.0,-275.0,-323.0,-650.0,,436.0
-320.0,189.0,,-132.0,-152.0,-414.0,-330.0,-463.0,,478.0
-379.0,47.0,,-102.0,-137.0,-526.0,-351.0,-567.0,,505.0
-450.0,-153.0,,-205.0,-79.0,-511.0,-348.0,-419.0,,495.0
-441.0,-297.0,,-298.0,-34.0,-519.0,-257.0,-572.0,,488.0
-540.0,-309.0,,-276.0,-3.0,-747.0,-189.0,-517.0,,458.0
-522.0,-239.0,,-211.0,45.0,-798.0,-227.0,-484.0,,393.0
-639.0,-245.0,,-176.0,58.0,-705.0,-318.0,-543.0,,326.0
-640.0,-200.0,,-227.0,67.0,-667.0,-414.0,-415.0,,231.0
-710.0,-46.0,,-312.0,99.0,-538.0,-425.0,-650.0,,123.0
-794.0,96.0,,-458.0,82.0,-237.0,-337.0,-678.0,,7.0
-776.0,133.0,,-364.0,35.0,7.0,-227.0,-942.0,,-112.0
-809.0,113.0,,-264.0,-14.0,122.0,-185.0,-1116.0,,-201.0
-801.0,224.0,,-235.0,-88.0,103.0,-247.0,-1158.0,,-271.0
-917.0,346.0,,-140.0,-127.0,34.0,-322.0,-1278.0,,-322.0
-914.0,330.0,,-159.0,-119.0,85.0,-349.0,-1010.0,,-343.0
-887.0,179.0,,-70.0,-130.0,-69.0,-391.0,-1003.0,,-343.0
-854.0,71.0,,-65.0,-131.0,-232.0,-406.0,-774.0,,-345.0
-819.0,0.0,,14.0,-121.0,-42.0,-397.0,-742.0,,-346.0
-773.0,-183.0,,24.0,-128.0,258.0,-408.0,-868.0,,-333.0
-744.0,-375.0,,-27.0,-88.0,354.0,-416.0,-755.0,,-310.0
-741.0,-493.0,,159.0,-40.0,395.0,-383.0,-835.0,,-273.0
-705.0,-500.0,,71.0,-35.0,655.0,-296.0,-552.0,,-224.0
-676.0,-440.0,,83.0,-38.0,916.0,-274.0,-430.0,,-160.0
-586.0,-306.0,,119.0,-77.0,1003.0,-392.0,-155.0,,-91.0
-538.0,-114.0,,10.0,-115.0,882.0,-533.0,90.0,,-18.0
-477.0,61.0,,17.0,-120.0,701.0,-524.0,73.0,,80.0
-478.0,172.0,,-34.0,-141.0,419.0,-420.0,280.0,,188.0
-449.0,188.0,,47.0,-166.0,66.0,-338.0,138.0,,290.0
-403.0,200.0,,119.0,-154.0,-177.0,-277.0,229.0,,385.0
-372.0,223.0,,163.0,-133.0,-473.0,-255.0,173.0,,460.0
-314.0,248.0,,211.0,-106.0,-521.0,-268.0,109.0,,516.0
-317.0,232.0,,199.0,-57.0,-279.0,-299.0,271.0,,549.0
-273.0,163.0,,176.0,-36.0,-121.0,-311.0,205.0,,544.0
-320.0,80.0,,207.0,-11.0,-154.0,-272.0,384.0,,526.0
-307.0,-18.0,,173.0,37.0,-339.0,-223.0,262.0,,505.0
-271.0,-47.0,,212.0,42.0,-384.0,-227.0,253.0,,473.0
-262.0,-38.0,,356.0,42.0,-300.0,-268.0,234.0,,445.0
-220.0,-57.0,,276.0,54.0,-341.0,-257.0,169.0,,437.0
-306.0,-48.0,,247.0,22.0,-659.0,-162.0,349.0,,442.0
-298.0,42.0,,165.0,-10.0,-898.0,-63.0,201.0,,471.0
-371.0,171.0,,86.0,-19.0,-888.0,-67.0,273.0,,518.0
-389.0,245.0,,67.0,-34.0,-993.0,-152.0,83.0,,579.0
-446.0,322.0,,31.0,-21.0,-1140.0,-224.0,-110.0,,651.0
-484.0,440.0,,111.0,5.0,-1124.0,-246.0,-254.0,,715.0
-426.0,477.0,,138.0,4.0,-857.0,-259.0,-576.0,,776.0
-548.0,475.0,,3.0,26.0,-623.0,-243.0,-484.0,,840.0
-513.0,501.0,,-193.0,44.0,-512.0,-154.0,-563.0,,900.0
-616.0,498.0,,-271.0,23.0,-314.0,-90.0,-367.0,,946.0
-568.0,363.0,,-127.0,12.0,-266.0,-105.0,-306.0,,994.0
-604.0,84.0,,-80.0,-18.0,-415.0,-188.0,-349.0,,1040.0
-654.0,-154.0,,-162.0,-69.0,-586.0,-263.0,-157.0,,1077.0
-632.0,-313.0,,-81.0,-89.0,-876.0,-264.0,-247.0,,1100.0
-728.0,-430.0,,-205.0,-122.0,-1178.0,-272.0,3.0,,1114.0
-623.0,-517.0,,-383.0,-146.0,-1186.0,-258.0,11.0,,1121.0
-725.0,-525.0,,-377.0,-103.0,-1099.0,-222.0,64.0,,1104.0
-646.0,-432.0,,-269.0,-73.0,-1172.0,-204.0,169.0,,1079.0
-689.0,-364.0,,-179.0,-69.0,-1237.0,-208.0,168.0,,1040.0
-644.0,-346.0,,-232.0,-49.0,-1109.0,-230.0,495.0,,1006.0
-607.0,-287.0,,-387.0,-65.0,-863.0,-245.0,467.0,,978.0
-642.0,-72.0,,-528.0,-67.0,-634.0,-290.0,574.0,,938.0
-552.0,144.0,,-399.0,-31.0,-578.0,-351.0,430.0,,900.0
-636.0,160.0,,-318.0,-45.0,-677.0,-387.0,290.0,,851.0
-496.0,68.0,,-311.0,-53.0,-786.0,-373.0,356.0,,785.0
-533.0,14.0,,-259.0,-27.0,-982.0,-313.0,179.0,,704.0
-433.0,-41.0,,-431.0,-44.0,-1201.0,-237.0,338.0,,620.0
-426.0,-155.0,,-523.0,-71.0,-1502.0,-192.0,269.0,,542.0
-415.0,-278.0,,-428.0,-102.0,-1812.0,-210.0,362.0,,477.0
-355.0,-351.0,,-299.0,-176.0,-1963.0,-271.0,373.0,,424.0
-417.0,-383.0,,-191.0,-205.0,-1996.0,-329.0,216.0,,368.0
-330.0,-419.0,,-239.0,-182.0,-1937.0,-322.0,280.0,,293.0
-389.0,-406.0,,-233.0,-156.0,-1945.0,-280.0,133.0,,209.0
-291.0,-332.0,,-169.0,-80.0,-1818.0,-279.0,380.0,,120.0
-329.0,-227.0,,-102.0,-23.0,-1673.0,-331.0,423.0,,28.0
-279.0,-170.0,,-20.0,-20.0,-1763.0,-345.0,478.0,,-64.0
-263.0,-145.0,,-28.0,18.0,-1894.0,-296.0,615.0,,-157.0
-315.0,-98.0,,24.0,33.0,-2072.0,-228.0,535.0,,-234.0
-239.0,-48.0,,182.0,12.0,-2173.0,-205.0,835.0,,-295.0
-270.0,34.0,,253.0,25.0,-2231.0,-249.0,788.0,,-342.0
-197.0,97.0,,167.0,19.0,-2343.0,-284.0,840.0,,-377.0
-268.0,89.0,,76.0,6.0,-2533.0,-286.0,801.0,,-397.0
-255.0,22.0,,233.0,28.0,-2718.0,-258.0,674.0,,-399.0
-266.0,-1.0,,346.0,6.0,-2714.0,-264.0,759.0,,-396.0
-272.0,-7.0,,195.0,-35.0,-2531.0,-263.0,528.0,,-373.0
-234.0,-70.0,,239.0,-43.0,-2255.0,-194.0,620.0,,-321.0
-279.0,-98.0,,235.0,-69.0,-2229.0,-129.0,593.0,,-268.0
-213.0,-41.0,,189.0,-79.0,-2253.0,-104.0,735.0,,-203.0
-246.0,59.0,,281.0,-58.0,-2205.0,-144.0,914.0,,-129.0
-214.0,118.0,,323.0,-39.0,-2159.0,-211.0,818.0,,-36.0
-211.0,144.0,,399.0,33.0,-2094.0,-259.0,949.0,,61.0
-186.0,206.0,,329.0,109.0,-2056.0,-246.0,702.0,,150.0
-179.0,270.0,,317.0,109.0,-1707.0,-186.0,681.0,,237.0
-197.0,250.0,,368.0,114.0,-1483.0,-120.0,572.0,,308.0
-154.0,167.0,,335.0,114.0,-1588.0,-65.0,386.0,,366.0
-194.0,138.0,,179.0,77.0,-1510.0,-48.0,404.0,,398.0
-139.0,158.0,,-13.0,49.0,-1148.0,-61.0,188.0,,418.0
-143.0,181.0,,-44.0,18.0,-824.0,-108.0,254.0,,416.0
-69.0,229.0,,-27.0,5.0,-910.0,-95.0,59.0,,390.0
-42.0,356.0,,19.0,58.0,-1145.0,-10.0,-3.0,,361.0
-12.0,557.0,,-37.0,87.0,-1285.0,69.0,27.0,,333.0
77.0,637.0,,-79.0,59.0,-1334.0,87.0,22.0,,329.0
82.0,576.0,,-67.0,45.0,-1428.0,32.0,319.0,,342.0
143.0,584.0,,-40.0,5.0,-1616.0,0.0,266.0,,374.0
134.0,650.0,,-44.0,-33.0,-1783.0,38.0,437.0,,398.0
208.0,602.0,,-34.0,2.0,-1926.0,122.0,460.0,,406.0
213.0,437.0,,9.0,38.0,-1943.0,187.0,393.0,,396.0
256.0,307.0,,-1.0,71.0,-1845.0,243.0,400.0,,370.0
301.0,263.0,,67.0,120.0,-1644.0,282.0,188.0,,357.0
308.0,230.0,,84.0,130.0,-1495.0,273.0,367.0,,345.0
360.0,182.0,,162.0,155.0,-1360.0,263.0,367.0,,347.0
345.0,222.0,,241.0,183.0,-1014.0,294.0,535.0,,355.0
390.0,348.0,,252.0,143.0,-799.0,363.0,678.0,,375.0
342.0,446.0,,246.0,100.0,-782.0,438.0,698.0,,392.0
344.0,428.0,,183.0,69.0,-717.0,518.0,958.0,,392.0
344.0,349.0,,212.0,19.0,-513.0,531.0,901.0,,403.0
326.0,369.0,,108.0,-8.0,-450.0,462.0,1051.0,,395.0
312.0,396.0,,14.0,-28.0,-736.0,427.0,1010.0,,384.0
248.0,296.0,,80.0,-57.0,-941.0,450.0,1012.0,,384.0
239.0,193.0,,112.0,-44.0,-1038.0,517.0,1132.0,,381.0
225.0,186.0,,188.0,-42.0,-1322.0,571.0,1036.0,,360.0
244.0,188.0,,61.0,-60.0,-1537.0,560.0,1204.0,,312.0
198.0,153.0,,65.0,-35.0,-1342.0,571.0,1064.0,,262.0
172.0,91.0,,178.0,-31.0,-1005.0,596.0,1062.0,,195.0
185.0,71.0,,137.0,-34.0,-836.0,571.0,947.0,,112.0
163.0,81.0,,213.0,0.0,-801.0,504.0,687.0,,22.0
157.0,28.0,,55.0,6.0,-700.0,446.0,661.0,,-63.0
197.0,-26.0,,30.0,6.0,-430.0,489.0,388.0,,-154.0
256.0,-49.0,,231.0,46.0,-220.0,544.0,393.0,,-240.0
250.0,-62.0,,335.0,72.0,-200.0,559.0,232.0,,-298.0
248.0,-134.0,,361.0,93.0,-371.0,591.0,194.0,,-366.0
272.0,-256.0,,350.0,102.0,-452.0,591.0,247.0,,-418.0
309.0,-342.0,,377.0,54.0,-229.0,544.0,55.0,,-466.0
342.0,-340.0,,241.0,17.0,-73.0,506.0,129.0,,-527.0
368.0,-272.0,,249.0,3.0,-154.0,534.0,-25.0,,-546.0
380.0,-210.0,,370.0,-55.0,-281.0,533.0,64.0,,-556.0
352.0,-148.0,,342.0,-113.0,-197.0,479.0,25.0,,-550.0
344.0,-108.0,,195.0,-138.0,143.0,440.0,-27.0,,-525.0
363.0,-38.0,,48.0,-151.0,336.0,436.0,136.0,,-495.0
384.0,48.0,,151.0,-111.0,419.0,473.0,-5.0,,-451.0
362.0,87.0,,153.0,-80.0,588.0,478.0,182.0,,-416.0
348.0,121.0,,183.0,-93.0,724.0,411.0,112.0,,-387.0
374.0,157.0,,301.0,-79.0,711.0,316.0,158.0,,-357.0
390.0,212.0,,195.0,-87.0,496.0,269.0,301.0,,-339.0
386.0,239.0,,210.0,-110.0,309.0,287.0,295.0,,-334.0
373.0,246.0,,294.0,-80.0,354.0,355.0,473.0,,-348.0
389.0,249.0,,242.0,-70.0,570.0,451.0,282.0,,-383.0
382.0,221.0,,235.0,-83.0,698.0,518.0,388.0,,-429.0
378.0,125.0,,292.0,-56.0,878.0,481.0,264.0,,-488.0
359.0,-18.0,,183.0,-49.0,1024.0,344.0,51.0,,-539.0
387.0,-69.0,,88.0,-44.0,937.0,210.0,-12.0,,-574.0
394.0,-54.0,,152.0,-19.0,926.0,225.0,-260.0,,-602.0
346.0,-28.0,,115.0,-40.0,893.0,386.0,-66.0,,-605.0
342.0,3.0,,41.0,-64.0,848.0,525.0,-129.0,,-589.0
352.0,43.0,,78.0,-52.0,855.0,551.0,-53.0,,-572.0
388.0,67.0,,99.0,-42.0,880.0,457.0,-64.0,,-553.0
336.0,0.0,,169.0,6.0,933.0,352.0,-299.0,,-529.0
322.0,-109.0,,217.0,99.0,991.0,334.0,-304.0,,-503.0
291.0,-131.0,,264.0,154.0,1153.0,376.0,-500.0,,-479.0
275.0,-67.0,,390.0,200.0,1346.0,436.0,-280.0,,-458.0
293.0,-26.0,,277.0,229.0,1529.0,483.0,-205.0,,-442.0
268.0,-27.0,,170.0,198.0,1622.0,470.0,-25.0,,-441.0
304.0,5.0,,91.0,180.0,1523.0,408.0,256.0,,-436.0
245.0,129.0,,55.0,154.0,1476.0,371.0,201.0,,-435.0
265.0,189.0,,90.0,87.0,1654.0,364.0,271.0,,-435.0
248.0,135.0,,80.0,46.0,1579.0,398.0,-59.0,,-400.0
247.0,76.0,,37.0,25.0,1201.0,461.0,-134.0,,-360.0
275.0,116.0,,-39.0,2.0,954.0,494.0,-166.0,,-305.0
242.0,204.0,,75.0,23.0,960.0,522.0,-168.0,,-242.0
305.0,220.0,,152.0,47.0,1176.0,539.0,-16.0,,-172.0
266.0,242.0,,184.0,50.0,1256.0,515.0,-192.0,,-84.0
253.0,252.0,,190.0,83.0,1165.0,505.0,-18.0,,10.0
213.0,221.0,,183.0,72.0,1061.0,548.0,-44.0,,126.0
259.0,127.0,,269.0,25.0,1021.0,609.0,96.0,,235.0
294.0,31.0,,380.0,7.0,880.0,617.0,286.0,,338.0
224.0,-8.0,,440.0,-22.0,536.0,568.0,297.0,,418.0
245.0,-48.0,,378.0,-18.0,423.0,540.0,606.0,,478.0
206.0,-73.0,,378.0,21.0,438.0,568.0,485.0,,527.0
211.0,-109.0,,407.0,2.0,220.0,602.0,448.0,,553.0
163.0,-147.0,,419.0,-20.0,22.0,578.0,232.0,,579.0
186.0,-193.0,,352.0,-4.0,127.0,551.0,3.0,,573.0
198.0,-183.0,,204.0,-16.0,350.0,553.0,-68.0,,562.0
146.0,-127.0,,233.0,1.0,622.0,579.0,-378.0,,546.0
155.0,-94.0,,325.0,51.0,962.0,600.0,-336.0,,516.0
98.0,-74.0,,316.0,72.0,1358.0,568.0,-570.0,,502.0
99.0,-111.0,,263.0,132.0,1568.0,545.0,-683.0,,487.0
89.0,-144.0,,261.0,196.0,1580.0,569.0,-798.0,,490.0
128.0,-156.0,,278.0,199.0,1719.0,625.0,-1034.0,,505.0
110.0,-156.0,,177.0,205.0,1659.0,659.0,-885.0,,515.0
56.0,-122.0,,93.0,174.0,1481.0,680.0,-901.0,,526.0
79.0,-34.0,,-16.0,109.0,1310.0,679.0,-589.0,,528.0
87.0,119.0,,72.0,101.0,1141.0,621.0,-467.0,,512.0
102.0,254.0,,233.0,81.0,1079.0,590.0,-391.0,,474.0
58.0,342.0,,246.0,50.0,885.0,585.0,-334.0,,419.0
51.0,377.0,,304.0,70.0,812.0,582.0,-585.0,,362.0
86.0,325.0,,65.0,63.0,1254.0,555.0,-402.0,,303.0
88.0,223.0,,-89.0,63.0,1939.0,472.0,-458.0,,242.0
57.0,128.0,,-74.0,87.0,2362.0,425.0,-291.0,,182.0
75.0,53.0,,-96.0,52.0,2572.0,435.0,-142.0,,125.0
119.0,-7.0,,-155.0,30.0,2815.0,412.0,-162.0,,63.0
155.0,-53.0,,-201.0,43.0,3091.0,355.0,-5.0,,9.0
167.0,-95.0,,-107.0,8.0,3062.0,328.0,-230.0,,-39.0
188.0,-167.0,,-231.0,-10.0,2811.0,364.0,-194.0,,-81.0
236.0,-237.0,,-269.0,-31.0,2758.0,390.0,-328.0,,-108.0
229.0,-256.0,,-310.0,-93.0,2722.0,356.0,-269.0,,-117.0
249.0,-230.0,,-358.0,-84.0,2592.0,288.0,-38.0,,-101.0
289.0,-199.0,,-246.0,-46.0,2570.0,233.0,-20.0,,-88.0
363.0,-238.0,,-294.0,-39.0,2697.0,233.0,277.0,,-53.0
381.0,-310.0,,-259.0,-24.0,2889.0,278.0,184.0,,-22.0
416.0,-324.0,,-223.0,-47.0,3083.0,316.0,271.0,,-29.0
470.0,-276.0,,-166.0,-78.0,3238.0,313.0,173.0,,-46.0
480.0,-236.0,,-268.0,-62.0,3318.0,260.0,-62.0,,-103.0
503.0,-219.0,,-485.0,-84.0,3121.0,189.0,-120.0,,-189.0
501.0,-167.0,,-525.0,-97.0,2969.0,194.0,-391.0,,-280.0
578.0,-121.0,,-614.0,-72.0,3107.0,235.0,-295.0,,-385.0
589.0,-105.0,,-673.0,-101.0,3015.0,198.0,-508.0,,-488.0
628.0,-101.0,,-726.0,-114.0,2649.0,70.0,-589.0,,-584.0
661.0,-67.0,,-702.0,-91.0,2353.0,-84.0,-681.0,,-672.0
653.0,-2.0,,-642.0,-83.0,2425.0,-124.0,-903.0,,-724.0
699.0,22.0,,-624.0,-30.0,2629.0,-27.0,-748.0,,-758.0
724.0,18.0,,-667.0,25.0,2643.0,96.0,-848.0,,-767.0
784.0,51.0,,-680.0,34.0,2735.0,90.0,-591.0,,-746.0
773.0,119.0,,-608.0,79.0,2954.0,-71.0,-493.0,,-711.0
795.0,114.0,,-672.0,105.0,3115.0,-227.0,-478.0,,-670.0
778.0,48.0,,-699.0,84.0,3111.0,-229.0,-424.0,,-639.0
743.0,11.0,,-596.0,101.0,3111.0,-115.0,-600.0,,-622.0
741.0,1.0,,-577.0,75.0,3109.0,-76.0,-373.0,,-615.0
711.0,-7.0,,-733.0,44.0,2886.0,-128.0,-360.0,,-621.0
685.0,14.0,,-713.0,83.0,2573.0,-144.0,-166.0,,-651.0
610.0,74.0,,-650.0,93.0,2440.0,-63.0,-83.0,,-703.0
559.0,102.0,,-628.0,113.0,2408.0,10.0,-81.0,,-759.0
462.0,68.0,,-497.0,168.0,2261.0,-51.0,118.0,,-823.0
450.0,32.0,,-684.0,175.0,2265.0,-180.0,-97.0,,-900.0
430.0,82.0,,-743.0,189.0,2351.0,-240.0,-22.0,,-974.0
353.0,206.0,,-660.0,204.0,2222.0,-141.0,-138.0,,-1041.0
327.0,322.0,,-662.0,147.0,1997.0,-9.0,-179.0,,-1096.0
314.0,365.0,,-551.0,113.0,1886.0,-42.0,-109.0,,-1156.0
333.0,339.0,,-542.0,82.0,1869.0,-154.0,-195.0,,-1218.0
283.0,237.0,,-561.0,18.0,1758.0,-230.0,31.0,,-1276.0
302.0,88.0,,-569.0,14.0,1588.0,-219.0,-97.0,,-1350.0
297.0,-58.0,,-390.0,0.0,1590.0,-126.0,-51.0,,-1407.0
265.0,-193.0,,-435.0,-44.0,1792.0,-56.0,-118.0,,-1475.0
284.0,-289.0,,-563.0,-47.0,1838.0,-88.0,-192.0,,-1546.0
302.0,-366.0,,-643.0,-99.0,1756.0,-207.0,-46.0,,-1588.0
315.0,-419.0,,-710.0,-163.0,1619.0,-292.0,-218.0,,-1626.0
284.0,-464.0,,-632.0,-162.0,1686.0,-258.0,-109.0,,-1628.0
285.0,-500.0,,-729.0,-197.0,1957.0,-157.0,-238.0,,-1616.0
278.0,-526.0,,-541.0,-213.0,1853.0,-82.0,-186.0,,-1587.0
292.0,-555.0,,-506.0,-183.0,1687.0,-63.0,-60.0,,-1523.0
271.0,-556.0,,-642.0,-192.0,1786.0,-94.0,-140.0,,-1447.0
244.0,-556.0,,-746.0,-146.0,2199.0,-216.0,88.0,,-1361.0
256.0,-549.0,,-761.0,-83.0,2554.0,-375.0,70.0,,-1280.0
251.0,-539.0,,-639.0,-70.0,2535.0,-426.0,271.0,,-1205.0
235.0,-510.0,,-681.0,-5.0,2602.0,-322.0,245.0,,-1137.0
187.0,-459.0,,-574.0,32.0,2808.0,-154.0,134.0,,-1082.0
177.0,-396.0,,-690.0,22.0,2973.0,-64.0,145.0,,-1033.0
155.0,-319.0,,-733.0,58.0,2907.0,-88.0,-42.0,,-981.0
107.0,-240.0,,-653.0,48.0,2802.0,-126.0,160.0,,-919.0
73.0,-137.0,,-710.0,26.0,2898.0,-143.0,97.0,,-852.0
47.0,-39.0,,-698.0,53.0,2967.0,-178.0,212.0,,-766.0
3.0,46.0,,-726.0,24.0,2829.0,-229.0,321.0,,-677.0
-57.0,92.0,,-758.0,17.0,2515.0,-243.0,256.0,,-606.0
-33.0,77.0,,-830.0,39.0,2377.0,-220.0,476.0,,-545.0
-1.0,46.0,,-716.0,12.0,2324.0,-227.0,367.0,,-490.0
-38.0,21.0,,-649.0,48.0,2181.0,-235.0,445.0,,-442.0
-60.0,39.0,,-643.0,83.0,2111.0,-216.0,279.0,,-426.0
-74.0,65.0,,-664.0,80.0,2022.0,-188.0,114.0,,-422.0
-111.0,93.0,,-650.0,142.0,1836.0,-163.0,68.0,,-423.0
-150.0,170.0,,-508.0,166.0,1681.0,-183.0,-219.0,,-444.0
-153.0,249.0,,-463.0,151.0,1736.0,-223.0,-182.0,,-465.0
-144.0,311.0,,-280.0,148.0,1687.0,-254.0,-406.0,,-483.0
-167.0,329.0,,-321.0,73.0,1331.0,-291.0,-391.0,,-475.0
-195.0,286.0,,-371.0,18.0,1215.0,-330.0,-399.0,,-430.0
-167.0,199.0,,-227.0,6.0,1433.0,-333.0,-482.0,,-366.0
-103.0,89.0,,-176.0,-61.0,1439.0,-305.0,-327.0,,-293.0
-82.0,14.0,,-68.0,-84.0,1160.0,-260.0,-421.0,,-209.0
-63.0,-42.0,,-50.0,-71.0,1005.0,-210.0,-190.0,,-117.0
-41.0,-44.0,,-84.0,-111.0,1147.0,-221.0,-249.0,,-37.0
-10.0,-6.0,,10.0,-117.0,1219.0,-232.0,-194.0,,37.0
16.0,11.0,,3.0,-157.0,1090.0,-188.0,-14.0,,93.0
42.0,-4.0,,-114.0,-203.0,1110.0,-151.0,18.0,,134.0
75.0,-55.0,,-66.0,-155.0,1209.0,-136.0,402.0,,175.0
103.0,-89.0,,-132.0,-149.0,1126.0,-175.0,463.0,,215.0
138.0,-110.0,,-274.0,-135.0,785.0,-227.0,733.0,,262.0
155.0,-108.0,,-229.0,-77.0,567.0,-204.0,796.0,,291.0
190.0,-114.0,,-231.0,-90.0,549.0,-136.0,709.0,,302.0
189.0,-158.0,,-335.0,-95.0,348.0,-94.0,752.0,,310.0
167.0,-189.0,,-401.0,-125.0,202.0,-99.0,559.0,,302.0
182.0,-185.0,,-458.0,-217.0,143.0,-146.0,689.0,,273.0
214.0,-135.0,,-420.0,-220.0,169.0,-162.0,537.0,,221.0
210.0,-84.0,,-368.0,-218.0,188.0,-69.0,572.0,,167.0
188.0,-72.0,,-558.0,-230.0,288.0,52.0,639.0,,112.0
223.0,-53.0,,-555.0,-152.0,771.0,117.0,593.0,,51.0
217.0,7.0,,-169.0,-111.0,1067.0,81.0,829.0,,1.0
169.0,44.0,,-429.0,-80.0,1164.0,8.0,748.0,,-25.0
148.0,27.0,,-720.0,-17.0,1389.0,4.0,966.0,,-43.0
150.0,-9.0,,-215.0,-37.0,1640.0,20.0,953.0,,-64.0
138.0,-49.0,,-175.0,-32.0,1668.0,27.0,831.0,,-84.0
118.0,-56.0,,-662.0,-4.0,1407.0,60.0,787.0,,-100.0
108.0,6.0,,-589.0,-21.0,1256.0,114.0,491.0,,-127.0
81.0,92.0,,-426.0,38.0,1283.0,112.0,506.0,,-161.0
69.0,148.0,,-759.0,102.0,1166.0,78.0,269.0,,-192.0
82.0,175.0,,-402.0,123.0,801.0,27.0,229.0,,-226.0
99.0,207.0,,-80.0,193.0,497.0,17.0,125.0,,-255.0
60.0,229.0,,-267.0,200.0,260.0,103.0,-35.0,,-288.0
20.0,181.0,,-408.0,158.0,-12.0,179.0,57.0,,-305.0
9.0,129.0,,-240.0,153.0,-183.0,210.0,-212.0,,-314.0
15.0,106.0,,-58.0,98.0,-298.0,182.0,-149.0,,-345.0
29.0,37.0,,-515.0,56.0,-409.0,157.0,-175.0,,-375.0
16.0,-81.0,,-337.0,44.0,-476.0,199.0,-79.0,,-400.0
36.0,-197.0,,113.0,-25.0,-424.0,297.0,140.0,,-438.0
88.0,-282.0,,-167.0,-48.0,-292.0,350.0,203.0,,-476.0
100.0,-329.0,,-506.0,-45.0,-123.0,295.0,554.0,,-499.0
36.0,-359.0,,-135.0,-93.0,125.0,249.0,576.0,,-507.0
6.0,-395.0,,-198.0,-80.0,443.0,268.0,713.0,,-507.0
31.0,-361.0,,-159.0,-58.0,763.0,318.0,615.0,,-504.0
36.0,-220.0,,86.0,-74.0,905.0,326.0,508.0,,-488.0
0.0,-91.0,,38.0,-62.0,792.0,299.0,642.0,,-451.0
-42.0,-22.0,,175.0,-94.0,761.0,246.0,454.0,,-418.0
-48.0,-1.0,,-316.0,-119.0,888.0,189.0,552.0,,-385.0
-95.0,-31.0,,99.0,-78.0,849.0,183.0,412.0,,-326.0
-137.0,-114.0,,491.0,-90.0,671.0,231.0,421.0,,-272.0
-134.0,-246.0,,77.0,-86.0,469.0,303.0,515.0,,-221.0
-143.0,-320.0,,192.0,-45.0,474.0,323.0,463.0,,-150.0
-184.0,-312.0,,374.0,-51.0,611.0,297.0,652.0,,-93.0
-232.0,-298.0,,168.0,-12.0,486.0,221.0,526.0,,-31.0
-241.0,-336.0,,0.0,30.0,226.0,191.0,593.0,,37.0
-245.0,-348.0,,78.0,17.0,-72.0,300.0,485.0,,91.0
-244.0,-285.0,,62.0,55.0,-308.0,427.0,391.0,,142.0
-215.0,-211.0,,117.0,59.0,-505.0,469.0,424.0,,185.0
-202.0,-98.0,,29.0,11.0,-781.0,439.0,181.0,,222.0
-204.0,19.0,,-65.0,25.0,-791.0,403.0,245.0,,264.0
-178.0,125.0,,-265.0,11.0,-563.0,406.0,120.0,,304.0
-153.0,193.0,,-293.0,-25.0,-418.0,426.0,171.0,,340.0
-147.0,212.0,,-21.0,-44.0,-396.0,449.0,162.0,,382.0
-142.0,197.0,,6.0,-126.0,-252.0,491.0,44.0,,437.0
-130.0,173.0,,-3.0,-176.0,60.0,515.0,182.0,,489.0
-111.0,204.0,,6.0,-168.0,98.0,511.0,81.0,,528.0
-86.0,279.0,,7.0,-183.0,-91.0,490.0,295.0,,540.0
-84.0,360.0,,80.0,-144.0,-335.0,450.0,301.0,,518.0
-82.0,388.0,,164.0,-93.0,-559.0,395.0,367.0,,489.0
-65.0,395.0,,114.0,-77.0,-599.0,402.0,528.0,,432.0
-37.0,369.0,,70.0,-8.0,-692.0,513.0,461.0,,363.0
-17.0,293.0,,-1.0,17.0,-973.0,606.0,672.0,,318.0
-15.0,169.0,,-24.0,-22.0,-1321.0,607.0,569.0,,275.0
19.0,8.0,,169.0,-39.0,-1409.0,537.0,689.0,,237.0
15.0,-103.0,,103.0,-85.0,-1214.0,475.0,729.0,,210.0
31.0,-122.0,,69.0,-98.0,-1103.0,470.0,667.0,,194.0
60.0,-41.0,,204.0,-31.0,-1167.0,499.0,757.0,,187.0
81.0,21.0,,345.0,4.0,-1179.0,536.0,528.0,,199.0
103.0,64.0,,338.0,55.0,-1065.0,559.0,543.0,,217.0
111.0,139.0,,215.0,101.0,-1139.0,593.0,249.0,,230.0
140.0,216.0,,409.0,78.0,-1487.0,604.0,134.0,,228.0
96.0,239.0,,314.0,105.0,-1671.0,595.0,131.0,,197.0
86.0,225.0,,195.0,123.0,-1302.0,589.0,-33.0,,151.0
94.0,223.0,,401.0,91.0,-951.0,539.0,64.0,,77.0
86.0,159.0,,468.0,119.0,-970.0,514.0,-273.0,,-11.0
55.0,46.0,,293.0,142.0,-1003.0,558.0,-362.0,,-105.0
-7.0,-58.0,,408.0,148.0,-1067.0,639.0,-519.0,,-184.0
-41.0,-93.0,,388.0,167.0,-1287.0,721.0,-606.0,,-251.0
-82.0,-70.0,,153.0,123.0,-1667.0,681.0,-465.0,,-303.0
-137.0,-47.0,,343.0,91.0,-1885.0,503.0,-545.0,,-325.0
-198.0,17.0,,447.0,119.0,-2019.0,378.0,-288.0,,-344.0
-220.0,133.0,,567.0,92.0,-2067.0,365.0,-362.0,,-347.0
-242.0,192.0,,290.0,71.0,-1777.0,381.0,-277.0,,-340.0
-272.0,113.0,,18.0,72.0,-1576.0,415.0,-267.0,,-310.0
-343.0,12.0,,124.0,44.0,-1643.0,470.0,-384.0,,-257.0
-358.0,-53.0,,301.0,93.0,-1897.0,510.0,-201.0,,-205.0
-344.0,-132.0,,414.0,131.0,-2032.0,480.0,-290.0,,-147.0
-353.0,-244.0,,238.0,96.0,-1970.0,386.0,-49.0,,-74.0
-334.0,-312.0,,279.0,89.0,-2241.0,290.0,77.0,,24.0
-355.0,-285.0,,160.0,59.0,-2635.0,268.0,232.0,,127.0
-341.0,-257.0,,-51.0,-14.0,-2597.0,342.0,203.0,,231.0
-362.0,-266.0,,98.0,-46.0,-2303.0,411.0,-75.0,,336.0
-323.0,-242.0,,128.0,-80.0,-2264.0,380.0,14.0,,425.0
-289.0,-164.0,,-3.0,-134.0,-2488.0,327.0,-247.0,,506.0
-304.0,-78.0,,-97.0,-131.0,-2429.0,353.0,-181.0,,590.0
-289.0,0.0,,-124.0,-115.0,-1994.0,346.0,-109.0,,667.0
-320.0,52.0,,73.0,-107.0,-1691.0,209.0,-99.0,,747.0
-307.0,92.0,,126.0,-91.0,-1712.0,38.0,166.0,,831.0
-318.0,172.0,,215.0,-112.0,-1777.0,32.0,62.0,,901.0
-289.0,250.0,,290.0,-142.0,-1813.0,152.0,171.0,,965.0
-276.0,248.0,,145.0,-100.0,-1861.0,192.0,-18.0,,1010.0
-303.0,201.0,,77.0,-30.0,-2059.0,156.0,-229.0,,1040.0
-295.0,171.0,,112.0,-2.0,-2365.0,127.0,-339.0,,1061.0
-309.0,124.0,,335.0,46.0,-2470.0,146.0,-574.0,,1077.0
-299.0,52.0,,305.0,83.0,-2468.0,171.0,-522.0,,1085.0
-322.0,18.0,,196.0,86.0,-2303.0,147.0,-724.0,,1066.0
-328.0,88.0,,248.0,102.0,-2070.0,45.0,-667.0,,1025.0
-366.0,186.0,,434.0,73.0,-1935.0,-52.0,-814.0,,969.0
-393.0,213.0,,536.0,-1.0,-1867.0,-43.0,-958.0,,891.0
-393.0,193.0,,443.0,-32.0,-1845.0,22.0,-910.0,,797.0
-411.0,158.0,,418.0,-48.0,-1792.0,45.0,-1217.0,,706.0
-402.0,120.0,,277.0,-90.0,-1838.0,82.0,-1106.0,,613.0
-407.0,90.0,,314.0,-101.0,-1857.0,183.0,-1199.0,,512.0
-366.0,79.0,,470.0,-115.0,-1830.0,164.0,-1141.0,,409.0
-370.0,66.0,,458.0,-109.0,-1853.0,13.0,-986.0,,312.0
-347.0,30.0,,444.0,-30.0,-1844.0,-107.0,-1042.0,,217.0
-293.0,-19.0,,354.0,8.0,-1732.0,-61.0,-883.0,,122.0
-273.0,-61.0,,342.0,-16.0,-1561.0,59.0,-953.0,,43.0
-229.0,-88.0,,359.0,-14.0,-1322.0,75.0,-720.0,,-37.0
-207.0,-83.0,,242.0,0.0,-1013.0,34.0,-746.0,,-109.0
-174.0,-32.0,,311.0,9.0,-931.0,-18.0,-851.0,,-186.0
-169.0,47.0,,467.0,56.0,-1164.0,-62.0,-792.0,,-276.0
-141.0,131.0,,484.0,73.0,-1385.0,-70.0,-905.0,,-351.0
-130.0,182.0,,564.0,46.0,-1425.0,-31.0,-740.0,,-422.0
-163.0,196.0,,574.0,39.0,-1571.0,-31.0,-927.0,,-486.0
-165.0,143.0,,477.0,13.0,-1990.0,-76.0,-921.0,,-536.0
-174.0,34.0,,581.0,-7.0,-2362.0,-42.0,-903.0,,-576.0
-190.0,-12.0,,563.0,11.0,-2474.0,21.0,-995.0,,-605.0
-218.0,47.0,,625.0,-2.0,-2639.0,23.0,-855.0,,-613.0
-193.0,137.0,,826.0,-21.0,-2790.0,17.0,-947.0,,-611.0
-150.0,221.0,,747.0,21.0,-2801.0,62.0,-752.0,,-597.0
-174.0,347.0,,756.0,57.0,-2670.0,62.0,-790.0,,-568.0
-173.0,496.0,,727.0,92.0,-2527.0,-28.0,-807.0,,-533.0
-131.0,579.0,,638.0,174.0,-2606.0,-112.0,-764.0,,-493.0
-87.0,590.0,,784.0,217.0,-2456.0,-86.0,-927.0,,-457.0
-40.0,606.0,,791.0,229.0,-2127.0,26.0,-790.0,,-435.0
-13.0,629.0,,587.0,243.0,-1890.0,137.0,-957.0,,-415.0
32.0,607.0,,667.0,196.0,-1711.0,185.0,-940.0,,-398.0
97.0,570.0,,775.0,144.0,-1498.0,127.0,-992.0,,-375.0
151.0,514.0,,667.0,140.0,-1277.0,33.0,-1031.0,,-339.0
197.0,439.0,,565.0,113.0,-1272.0,0.0,-848.0,,-293.0
239.0,403.0,,505.0,97.0,-1451.0,49.0,-1005.0,,-242.0
290.0,396.0,,570.0,97.0,-1815.0,81.0,-848.0,,-187.0
304.0,373.0,,515.0,57.0,-2201.0,41.0,-912.0,,-130.0
314.0,323.0,,595.0,55.0,-2559.0,25.0,-864.0,,-84.0
362.0,276.0,,730.0,62.0,-2835.0,102.0,-707.0,,-47.0
395.0,224.0,,709.0,29.0,-3009.0,232.0,-698.0,,-28.0
404.0,175.0,,722.0,51.0,-3226.0,288.0,-417.0,,-26.0
410.0,168.0,,569.0,82.0,-3301.0,266.0,-460.0,,-29.0
399.0,166.0,,511.0,80.0,-3250.0,199.0,-262.0,,-30.0
401.0,150.0,,522.0,113.0,-3123.0,93.0,-221.0,,-35.0
411.0,135.0,,467.0,120.0,-2961.0,59.0,-197.0,,-40.0
424.0,154.0,,394.0,70.0,-2767.0,77.0,-96.0,,-44.0
403.0,180.0,,373.0,44.0,-2387.0,69.0,-323.0,,-48.0
389.0,161.0,,445.0,5.0,-2032.0,68.0,-192.0,,-48.0
408.0,123.0,,576.0,-38.0,-2041.0,129.0,-362.0,,-50.0
418.0,75.0,,519.0,-22.0,-2376.0,197.0,-432.0,,-45.0
422.0,17.0,,383.0,-20.0,-2799.0,187.0,-500.0,,-42.0
415.0,-48.0,,544.0,-20.0,-3163.0,127.0,-641.0,,-44.0
446.0,-110.0,,712.0,12.0,-3546.0,41.0,-476.0,,-44.0
444.0,-166.0,,756.0,-7.0,-3957.0,-61.0,-667.0,,-44.0
454.0,-244.0,,652.0,-21.0,-4188.0,-98.0,-642.0,,-36.0
453.0,-338.0,,477.0,2.0,-4367.0,9.0,-768.0,,-20.0
438.0,-416.0,,344.0,-29.0,-4424.0,152.0,-824.0,,3.0
448.0,-430.0,,548.0,-49.0,-4253.0,174.0,-713.0,,52.0
408.0,-393.0,,807.0,-42.0,-4004.0,26.0,-753.0,,117.0
374.0,-325.0,,726.0,-74.0,-3574.0,-144.0,-502.0,,177.0
310.0,-262.0,,655.0,-69.0,-3100.0,-221.0,-559.0,,243.0
295.0,-241.0,,734.0,-50.0,-2713.0,-244.0,-400.0,,295.0
274.0,-211.0,,858.0,-57.0,-2611.0,-168.0,-356.0,,322.0
244.0,-192.0,,774.0,-6.0,-2707.0,-112.0,-454.0,,333.0
225.0,-191.0,,766.0,35.0,-2721.0,-130.0,-251.0,,335.0
171.0,-186.0,,845.0,13.0,-2861.0,-136.0,-295.0,,329.0
139.0,-174.0,,790.0,14.0,-3125.0,-134.0,-60.0,,309.0
82.0,-95.0,,760.0,1.0,-3366.0,-158.0,-5.0,,268.0
122.0,25.0,,709.0,5.0,-3360.0,-267.0,171.0,,214.0
129.0,138.0,,696.0,109.0,-3110.0,-349.0,413.0,,161.0
107.0,224.0,,614.0,193.0,-2859.0,-307.0,419.0,,90.0
112.0,242.0,,602.0,240.0,-2604.0,-202.0,626.0,,26.0
121.0,180.0,,734.0,274.0,-2312.0,-186.0,423.0,,-16.0
144.0,108.0,,811.0,219.0,-2076.0,-339.0,465.0,,-48.0
123.0,18.0,,864.0,153.0,-2018.0,-483.0,461.0,,-63.0
168.0,-62.0,,758.0,97.0,-2013.0,-478.0,441.0,,-72.0
178.0,-51.0,,643.0,-14.0,-2026.0,-396.0,652.0,,-76.0
179.0,-12.0,,681.0,-77.0,-2193.0,-388.0,559.0,,-79.0
174.0,0.0,,788.0,-79.0,-2397.0,-437.0,716.0,,-89.0
166.0,0.0,,746.0,-92.0,-2425.0,-434.0,596.0,,-112.0
147.0,39.0,,813.0,-71.0,-2387.0,-392.0,589.0,,-137.0
105.0,72.0,,858.0,-89.0,-2587.0,-389.0,596.0,,-145.0
104.0,27.0,,678.0,-153.0,-2873.0,-417.0,419.0,,-149.0
70.0,-66.0,,816.0,-160.0,-2869.0,-423.0,467.0,,-153.0
64.0,-124.0,,835.0,-190.0,-2699.0,-425.0,216.0,,-158.0
46.0,-149.0,,722.0,-230.0,-2679.0,-439.0,279.0,,-179.0
22.0,-198.0,,842.0,-193.0,-2784.0,-462.0,166.0,,-210.0
30.0,-215.0,,837.0,-156.0,-2839.0,-484.0,3.0,,-244.0
28.0,-176.0,,826.0,-90.0,-2829.0,-457.0,-44.0,,-282.0
-8.0,-111.0,,944.0,5.0,-2945.0,-418.0,-260.0,,-320.0
-54.0,-74.0,,878.0,27.0,-3200.0,-427.0,7.0,,-359.0
-51.0,-41.0,,712.0,66.0,-3191.0,-433.0,51.0,,-381.0
-66.0,-5.0,,619.0,123.0,-2894.0,-348.0,188.0,,-389.0
-103.0,48.0,,754.0,106.0,-2702.0,-241.0,253.0,,-391.0
-100.0,125.0,,778.0,95.0,-2822.0,-269.0,164.0,,-380.0
-68.0,113.0,,529.0,71.0,-3169.0,-429.0,286.0,,-364.0
-89.0,88.0,,403.0,27.0,-3260.0,-540.0,133.0,,-341.0
-147.0,86.0,,403.0,72.0,-3272.0,-502.0,362.0,,-326.0
-188.0,34.0,,572.0,119.0,-3586.0,-392.0,517.0,,-311.0
-217.0,-80.0,,615.0,126.0,-3885.0,-311.0,674.0,,-296.0
-243.0,-191.0,,647.0,160.0,-3877.0,-333.0,829.0,,-291.0
-237.0,-236.0,,692.0,149.0,-3535.0,-437.0,676.0,,-288.0
-258.0,-271.0,,415.0,139.0,-3394.0,-542.0,787.0,,-299.0
-258.0,-283.0,,249.0,179.0,-3374.0,-537.0,639.0,,-313.0
-199.0,-271.0,,474.0,175.0,-3128.0,-395.0,733.0,,-328.0
-186.0,-206.0,,555.0,179.0,-2932.0,-246.0,805.0,,-341.0
-185.0,-143.0,,395.0,184.0,-2858.0,-183.0,755.0,,-340.0
-185.0,-122.0,,357.0,133.0,-2821.0,-211.0,920.0,,-335.0
-120.0,-31.0,,298.0,135.0,-2677.0,-271.0,735.0,,-341.0
-94.0,91.0,,253.0,150.0,-2550.0,-364.0,770.0,,-359.0
-98.0,188.0,,318.0,92.0,-2489.0,-448.0,570.0,,-385.0
-74.0,206.0,,336.0,52.0,-2368.0,-426.0,412.0,,-416.0
-79.0,217.0,,262.0,-15.0,-2220.0,-342.0,395.0,,-465.0
-62.0,227.0,,217.0,-110.0,-2094.0,-263.0,291.0,,-515.0
-90.0,146.0,,173.0,-128.0,-1940.0,-223.0,533.0,,-546.0
-69.0,11.0,,211.0,-176.0,-1609.0,-232.0,506.0,,-579.0
-77.0,-103.0,,256.0,-215.0,-1315.0,-253.0,665.0,,-597.0
-94.0,-93.0,,252.0,-185.0,-1297.0,-269.0,670.0,,-599.0
-87.0,-66.0,,303.0,-203.0,-1393.0,-290.0,687.0,,-580.0
-123.0,-42.0,,207.0,-190.0,-1481.0,-293.0,842.0,,-542.0
-88.0,21.0,,161.0,-117.0,-1500.0,-306.0,672.0,,-502.0
-70.0,90.0,,272.0,-89.0,-1495.0,-340.0,929.0,,-445.0
-50.0,133.0,,152.0,-42.0,-1620.0,-363.0,986.0,,-377.0
-54.0,153.0,,149.0,1.0,-1617.0,-366.0,1121.0,,-290.0
-59.0,200.0,,193.0,-12.0,-1490.0,-304.0,1204.0,,-202.0
-35.0,191.0,,62.0,9.0,-1395.0,-245.0,1156.0,,-111.0
-45.0,164.0,,234.0,-17.0,-1161.0,-275.0,1485.0,,-24.0
-54.0,114.0,,106.0,-89.0,-840.0,-363.0,1544.0,,36.0
-64.0,67.0,,-27.0,-77.0,-502.0,-455.0,1794.0,,85.0
-53.0,39.0,,62.0,-100.0,-291.0,-465.0,1710.0,,126.0
-45.0,-27.0,,6.0,-143.0,-101.0,-422.0,1566.0,,153.0
-35.0,-80.0,,94.0,-129.0,127.0,-400.0,1624.0,,180.0
-42.0,-84.0,,14.0,-145.0,245.0,-402.0,1492.0,,211.0
-37.0,-59.0,,-23.0,-128.0,386.0,-373.0,1662.0,,252.0
-6.0,-53.0,,79.0,-79.0,542.0,-324.0,1491.0,,314.0
-4.0,-17.0,,170.0,-85.0,523.0,-323.0,1485.0,,380.0
-28.0,15.0,,45.0,-38.0,337.0,-347.0,1443.0,,456.0
-26.0,-12.0,,-89.0,14.0,401.0,-352.0,1228.0,,526.0
6.0,-117.0,,-110.0,2.0,699.0,-350.0,1226.0,,578.0
15.0,-228.0,,-276.0,19.0,871.0,-337.0,966.0,,624.0
20.0,-257.0,,-78.0,-9.0,742.0,-280.0,1034.0,,649.0
46.0,-255.0,,-16.0,-73.0,615.0,-260.0,910.0,,657.0
67.0,-218.0,,-148.0,-75.0,788.0,-277.0,892.0,,638.0
69.0,-99.0,,-260.0,-116.0,855.0,-290.0,984.0,,602.0
74.0,61.0,,-474.0,-140.0,748.0,-315.0,857.0,,559.0
65.0,180.0,,-279.0,-101.0,757.0,-331.0,1016.0,,506.0
84.0,298.0,,-260.0,-119.0,1018.0,-366.0,833.0,,460.0
108.0,467.0,,-368.0,-99.0,1363.0,-375.0,921.0,,437.0
95.0,647.0,,-281.0,-29.0,1732.0,-366.0,1025.0,,433.0
75.0,661.0,,-278.0,-28.0,2013.0,-340.0,1158.0,,441.0
71.0,517.0,,-291.0,-22.0,2143.0,-316.0,1502.0,,462.0
92.0,385.0,,-236.0,-34.0,2322.0,-391.0,1531.0,,499.0
46.0,301.0,,-129.0,-83.0,2558.0,-479.0,1805.0,,539.0
21.0,183.0,,-325.0,-51.0,2731.0,-484.0,1710.0,,572.0
27.0,19.0,,-253.0,-23.0,2560.0,-386.0,1699.0,,597.0
19.0,-85.0,,45.0,-25.0,2261.0,-265.0,1714.0,,623.0
19.0,-153.0,,-43.0,31.0,2122.0,-263.0,1568.0,,657.0
22.0,-186.0,,-141.0,44.0,1997.0,-349.0,1690.0,,673.0
56.0,-117.0,,-146.0,56.0,1725.0,-419.0,1516.0,,674.0
64.0,143.0,,-193.0,113.0,1586.0,-431.0,1583.0,,688.0
106.0,436.0,,-231.0,96.0,1848.0,-394.0,1463.0,,698.0
130.0,505.0,,-138.0,95.0,2220.0,-361.0,1430.0,,700.0
125.0,389.0,,-217.0,109.0,2456.0,-375.0,1550.0,,693.0
153.0,291.0,,-297.0,62.0,2629.0,-420.0,1395.0,,678.0
149.0,286.0,,-207.0,60.0,2961.0,-402.0,1587.0,,674.0
138.0,253.0,,-309.0,35.0,3168.0,-317.0,1492.0,,654.0
101.0,217.0,,-358.0,-44.0,3104.0,-246.0,1520.0,,632.0
95.0,230.0,,-380.0,-63.0,3164.0,-226.0,1463.0,,619.0
96.0,221.0,,-405.0,-99.0,3307.0,-258.0,1291.0,,599.0
88.0,78.0,,-349.0,-123.0,3206.0,-335.0,1354.0,,581.0
72.0,-89.0,,-384.0,-60.0,3025.0,-408.0,1101.0,,548.0
28.0,-88.0,,-397.0,-38.0,3007.0,-388.0,1121.0,,503.0
5.0,4.0,,-405.0,-2.0,3092.0,-266.0,968.0,,444.0
-4.0,45.0,,-459.0,86.0,3080.0,-166.0,870.0,,375.0
8.0,18.0,,-370.0,96.0,3057.0,-206.0,811.0,,321.0
-35.0,19.0,,-339.0,114.0,3438.0,-280.0,585.0,,262.0
-49.0,24.0,,-484.0,145.0,3918.0,-275.0,661.0,,198.0
-31.0,-7.0,,-386.0,107.0,4104.0,-191.0,498.0,,140.0
-77.0,-27.0,,-212.0,89.0,4228.0,-88.0,689.0,,74.0
-73.0,9.0,,-309.0,48.0,4418.0,-71.0,774.0,,7.0
-68.0,114.0,,-431.0,-20.0,4499.0,-96.0,752.0,,-55.0
-62.0,214.0,,-338.0,-21.0,4317.0,-116.0,877.0,,-118.0
-52.0,231.0,,-365.0,-70.0,4181.0,-160.0,661.0,,-157.0
-41.0,146.0,,-435.0,-145.0,4304.0,-194.0,733.0,,-182.0
-26.0,15.0,,-335.0,-127.0,4328.0,-171.0,620.0,,-203.0
-47.0,-28.0,,-427.0,-115.0,4213.0,-148.0,724.0,,-209.0
-30.0,46.0,,-460.0,-95.0,4110.0,-177.0,853.0,,-206.0
-19.0,127.0,,-498.0,-48.0,4065.0,-197.0,731.0,,-200.0
-10.0,98.0,,-543.0,-49.0,4236.0,-175.0,835.0,,-197.0
0.0,-5.0,,-488.0,-11.0,4367.0,-118.0,606.0,,-211.0
0.0,-86.0,,-484.0,43.0,4323.0,-54.0,582.0,,-240.0
9.0,-83.0,,-511.0,34.0,4263.0,-30.0,400.0,,-259.0
-8.0,7.0,,-624.0,73.0,4298.0,-51.0,349.0,,-284.0
25.0,85.0,,-535.0,107.0,4477.0,-102.0,511.0,,-309.0
37.0,72.0,,-550.0,73.0,4550.0,-120.0,321.0,,-325.0
35.0,-1.0,,-640.0,67.0,4499.0,-84.0,384.0,,-336.0
55.0,-16.0,,-463.0,25.0,4549.0,-47.0,186.0,,-340.0
86.0,18.0,,-463.0,-39.0,4753.0,-16.0,120.0,,-351.0
157.0,46.0,,-479.0,-41.0,4870.0,-9.0,5.0,,-370.0
182.0,38.0,,-427.0,-72.0,4732.0,-25.0,-194.0,,-393.0
188.0,-50.0,,-557.0,-92.0,4665.0,4.0,-153.0,,-404.0
202.0,-214.0,,-593.0,-54.0,4851.0,57.0,-297.0,,-392.0
263.0,-367.0,,-441.0,-71.0,4979.0,28.0,-75.0,,-360.0
279.0,-427.0,,-414.0,-77.0,4777.0,-61.0,-136.0,,-318.0
282.0,-424.0,,-558.0,-28.0,4531.0,-73.0,-199.0,,-281.0
326.0,-355.0,,-380.0,-10.0,4513.0,-34.0,-254.0,,-250.0
382.0,-247.0,,-292.0,53.0,4644.0,-13.0,-528.0,,-227.0
417.0,-145.0,,-593.0,117.0,4824.0,-9.0,-426.0,,-224.0
387.0,-89.0,,-684.0,117.0,4924.0,-9.0,-567.0,,-235.0
415.0,-22.0,,-588.0,148.0,4938.0,21.0,-471.0,,-256.0
450.0,81.0,,-419.0,143.0,4918.0,-6.0,-498.0,,-299.0
448.0,147.0,,-525.0,97.0,4970.0,-70.0,-500.0,,-351.0
413.0,117.0,,-694.0,100.0,5002.0,-56.0,-317.0,,-402.0
399.0,-13.0,,-570.0,76.0,4895.0,-6.0,-432.0,,-432.0
373.0,-68.0,,-648.0,42.0,4898.0,23.0,-232.0,,-451.0
327.0,-23.0,,-589.0,53.0,5058.0,-23.0,-393.0,,-460.0
310.0,0.0,,-540.0,34.0,5239.0,-79.0,-376.0,,-449.0
297.0,-121.0,,-925.0,55.0,5133.0,-79.0,-321.0,,-426.0
289.0,-332.0,,-911.0,130.0,4906.0,-43.0,-419.0,,-389.0
248.0,-506.0,,-550.0,119.0,4977.0,8.0,-223.0,,-363.0
223.0,-570.0,,-790.0,93.0,5018.0,1.0,-432.0,,-329.0
181.0,-499.0,,-975.0,76.0,4874.0,-56.0,-456.0,,-284.0
159.0,-428.0,,-638.0,19.0,4663.0,-119.0,-722.0,,-246.0
149.0,-436.0,,-726.0,19.0,4515.0,-121.0,-1003.0,,-217.0
119.0,-525.0,,-772.0,17.0,4401.0,-63.0,-1162.0,,-183.0
88.0,-508.0,,-809.0,-13.0,4199.0,-4.0,-1542.0,,-134.0
84.0,-303.0,,-1070.0,18.0,4089.0,56.0,-1589.0,,-84.0
75.0,-80.0,,-899.0,28.0,4118.0,69.0,-1831.0,,-26.0
29.0,-31.0,,-819.0,15.0,4088.0,45.0,-1801.0,,44.0
25.0,-151.0,,-910.0,36.0,3948.0,29.0,-1807.0,,121.0
29.0,-209.0,,-809.0,0.0,3852.0,17.0,-1832.0,,209.0
51.0,-134.0,,-822.0,-64.0,3687.0,41.0,-1635.0,,289.0
38.0,21.0,,-944.0,-92.0,3434.0,85.0,-1764.0,,360.0
49.0,150.0,,-747.0,-152.0,3296.0,99.0,-1596.0,,431.0
77.0,210.0,,-722.0,-184.0,3218.0,76.0,-1607.0,,476.0
100.0,226.0,,-954.0,-167.0,3090.0,57.0,-1496.0,,513.0
157.0,192.0,,-739.0,-181.0,2806.0,62.0,-1317.0,,543.0
178.0,106.0,,-548.0,-144.0,2638.0,56.0,-1415.0,,546.0
207.0,61.0,,-719.0,-78.0,2802.0,79.0,-1315.0,,531.0
238.0,140.0,,-559.0,-30.0,2820.0,150.0,-1535.0,,496.0
258.0,193.0,,-393.0,69.0,2678.0,178.0,-1531.0,,449.0
236.0,98.0,,-585.0,131.0,2687.0,159.0,-1613.0,,376.0
228.0,-81.0,,-348.0,118.0,2870.0,115.0,-1696.0,,293.0
253.0,-192.0,,-177.0,118.0,3036.0,79.0,-1553.0,,219.0
262.0,-219.0,,-474.0,110.0,2900.0,65.0,-1657.0,,135.0
240.0,-229.0,,-625.0,130.0,2787.0,42.0,-1454.0,,51.0
217.0,-222.0,,-394.0,206.0,2921.0,71.0,-1487.0,,-36.0
221.0,-263.0,,-232.0,223.0,2942.0,152.0,-1402.0,,-116.0
190.0,-309.0,,-347.0,197.0,2781.0,212.0,-1350.0,,-169.0
153.0,-264.0,,-214.0,175.0,2621.0,207.0,-1480.0,,-198.0
134.0,-139.0,,-278.0,90.0,2442.0,193.0,-1302.0,,-200.0
128.0,-38.0,,-333.0,22.0,2314.0,198.0,-1533.0,,-181.0
123.0,-63.0,,-288.0,12.0,2195.0,158.0,-1577.0,,-154.0
84.0,-161.0,,-291.0,-4.0,2074.0,113.0,-1740.0,,-123.0
32.0,-228.0,,-286.0,7.0,2007.0,118.0,-1888.0,,-102.0
26.0,-218.0,,-501.0,-1.0,1933.0,195.0,-1764.0,,-92.0
27.0,-172.0,,-429.0,-59.0,2013.0,261.0,-1873.0,,-85.0
13.0,-109.0,,-390.0,-74.0,2132.0,275.0,-1729.0,,-99.0
4.0,-81.0,,-300.0,-100.0,2132.0,275.0,-1847.0,,-125.0
8.0,-175.0,,-309.0,-132.0,2069.0,243.0,-1838.0,,-150.0
-7.0,-359.0,,-250.0,-89.0,1988.0,209.0,-1925.0,,-197.0
-44.0,-614.0,,-42.0,-46.0,1948.0,164.0,-2180.0,,-251.0
-39.0,-834.0,,-359.0,-10.0,1934.0,127.0,-2104.0,,-316.0
-24.0,-876.0,,-405.0,50.0,1775.0,140.0,-2280.0,,-385.0
9.0,-732.0,,-238.0,49.0,1606.0,181.0,-2104.0,,-448.0
-10.0,-508.0,,-378.0,27.0,1794.0,205.0,-2078.0,,-506.0
-4.0,-272.0,,-576.0,49.0,1954.0,166.0,-2049.0,,-541.0
24.0,-42.0,,-446.0,59.0,1866.0,121.0,-1856.0,,-568.0
28.0,87.0,,-333.0,99.0,1729.0,131.0,-1901.0,,-579.0
63.0,87.0,,-342.0,139.0,1564.0,153.0,-1675.0,,-562.0
99.0,61.0,,-273.0,122.0,1355.0,148.0,-1762.0,,-518.0
196.0,31.0,,-353.0,128.0,1073.0,97.0,-1699.0,,-454.0
208.0,-105.0,,-335.0,101.0,713.0,71.0,-1722.0,,-385.0
229.0,-183.0,,-411.0,35.0,371.0,127.0,-1855.0,,-318.0
297.0,-88.0,,-299.0,43.0,319.0,156.0,-1734.0,,-267.0
376.0,22.0,,-96.0,59.0,398.0,155.0,-1892.0,,-228.0
416.0,56.0,,-195.0,55.0,406.0,156.0,-1710.0,,-208.0
374.0,2.0,,-293.0,91.0,337.0,70.0,-1729.0,,-194.0
417.0,-80.0,,-445.0,102.0,167.0,-28.0,-1694.0,,-184.0
433.0,-143.0,,-348.0,90.0,92.0,-16.0,-1603.0,,-193.0
442.0,-116.0,,-275.0,101.0,16.0,42.0,-1799.0,,-197.0
408.0,-5.0,,-280.0,80.0,-133.0,41.0,-1746.0,,-205.0
393.0,176.0,,-98.0,71.0,-300.0,12.0,-1971.0,,-204.0
390.0,320.0,,-173.0,86.0,-482.0,32.0,-1903.0,,-203.0
379.0,325.0,,-343.0,42.0,-517.0,87.0,-1890.0,,-214.0
368.0,275.0,,-218.0,16.0,-452.0,122.0,-1880.0,,-229.0
305.0,185.0,,-138.0,24.0,-436.0,95.0,-1722.0,,-249.0
315.0,112.0,,-212.0,0.0,-413.0,28.0,-1901.0,,-282.0
295.0,0.0,,-145.0,15.0,-385.0,-4.0,-1720.0,,-331.0
297.0,-166.0,,-128.0,34.0,-463.0,15.0,-1821.0,,-377.0
234.0,-307.0,,-32.0,6.0,-560.0,19.0,-1792.0,,-427.0
220.0,-462.0,,55.0,-9.0,-685.0,-20.0,-1681.0,,-465.0
258.0,-620.0,,31.0,-65.0,-787.0,-37.0,-1725.0,,-485.0
220.0,-698.0,,-136.0,-133.0,-752.0,-14.0,-1516.0,,-508.0
222.0,-664.0,,-290.0,-131.0,-717.0,-22.0,-1670.0,,-526.0
215.0,-688.0,,-183.0,-142.0,-459.0,-129.0,-1516.0,,-549.0
275.0,-706.0,,-112.0,-127.0,-68.0,-229.0,-1396.0,,-574.0
268.0,-524.0,,0.0,-31.0,146.0,-191.0,-1206.0,,-595.0
237.0,-240.0,,89.0,10.0,202.0,-84.0,-903.0,,-614.0
216.0,-68.0,,114.0,-2.0,81.0,-37.0,-931.0,,-624.0
241.0,-105.0,,-100.0,-20.0,-128.0,-107.0,-726.0,,-627.0
238.0,-253.0,,-257.0,-75.0,-400.0,-187.0,-803.0,,-610.0
170.0,-461.0,,-155.0,-92.0,-536.0,-213.0,-715.0,,-583.0
186.0,-622.0,,-76.0,-93.0,-515.0,-223.0,-663.0,,-539.0
172.0,-646.0,,-152.0,-124.0,-500.0,-197.0,-687.0,,-476.0
171.0,-527.0,,-373.0,-104.0,-520.0,-172.0,-504.0,,-402.0
103.0,-348.0,,-216.0,-66.0,-516.0,-222.0,-676.0,,-316.0
124.0,-175.0,,-97.0,-31.0,-328.0,-306.0,-654.0,,-235.0
143.0,54.0,,-145.0,49.0,-101.0,-317.0,-899.0,,-164.0
77.0,171.0,,-96.0,85.0,-41.0,-272.0,-1034.0,,-102.0
54.0,62.0,,-31.0,74.0,-62.0,-227.0,-1040.0,,-53.0
17.0,-106.0,,33.0,121.0,-12.0,-253.0,-1221.0,,-2.0
10.0,-252.0,,-91.0,135.0,-91.0,-319.0,-1053.0,,64.0
-51.0,-407.0,,-107.0,103.0,-392.0,-263.0,-1127.0,,120.0
-98.0,-448.0,,-5.0,91.0,-569.0,-206.0,-1003.0,,150.0
-153.0,-358.0,,-78.0,40.0,-509.0,-297.0,-949.0,,168.0
-154.0,-266.0,,-211.0,1.0,-556.0,-423.0,-840.0,,169.0
-160.0,-185.0,,-168.0,3.0,-697.0,-405.0,-509.0,,145.0
-192.0,-200.0,,-82.0,-9.0,-489.0,-257.0,-495.0,,104.0
-206.0,-233.0,,-115.0,12.0,-41.0,-171.0,-242.0,,78.0
-231.0,-144.0,,-154.0,17.0,226.0,-203.0,-271.0,,54.0
-213.0,-48.0,,-192.0,-43.0,260.0,-233.0,-125.0,,37.0
-276.0,-11.0,,-41.0,-51.0,290.0,-166.0,38.0,,36.0
-294.0,44.0,,67.0,-37.0,368.0,-73.0,-55.0,,41.0
-276.0,75.0,,56.0,-16.0,388.0,-117.0,101.0,,38.0
-286.0,-15.0,,146.0,55.0,296.0,-261.0,-11.0,,21.0
-347.0,-94.0,,147.0,75.0,154.0,-294.0,158.0,,13.0
-389.0,-27.0,,104.0,73.0,-12.0,-186.0,136.0,,15.0
-367.0,107.0,,69.0,101.0,-304.0,-76.0,72.0,,16.0
-365.0,183.0,,194.0,71.0,-536.0,-96.0,230.0,,22.0
-409.0,152.0,,281.0,20.0,-653.0,-218.0,230.0,,29.0
-457.0,172.0,,134.0,20.0,-745.0,-280.0,528.0,,40.0
-399.0,291.0,,-60.0,29.0,-706.0,-205.0,533.0,,56.0
-397.0,300.0,,59.0,67.0,-494.0,-111.0,755.0,,78.0
-428.0,197.0,,326.0,124.0,-308.0,-80.0,942.0,,107.0
-471.0,106.0,,275.0,128.0,-317.0,-77.0,936.0,,131.0
-454.0,25.0,,417.0,143.0,-321.0,-152.0,1134.0,,158.0
-411.0,-44.0,,508.0,144.0,-225.0,-154.0,931.0,,172.0
-447.0,-43.0,,341.0,90.0,-209.0,46.0,949.0,,178.0
-470.0,125.0,,194.0,66.0,-398.0,165.0,753.0,,180.0
-442.0,448.0,,334.0,55.0,-629.0,52.0,537.0,,149.0
-353.0,672.0,,537.0,54.0,-743.0,-71.0,460.0,,111.0
-381.0,690.0,,522.0,101.0,-839.0,-69.0,238.0,,64.0
-401.0,650.0,,595.0,103.0,-936.0,-12.0,408.0,,3.0
-372.0,594.0,,327.0,48.0,-991.0,72.0,358.0,,-66.0
-345.0,513.0,,255.0,11.0,-976.0,204.0,493.0,,-143.0
-365.0,429.0,,348.0,-40.0,-891.0,257.0,502.0,,-231.0
-388.0,295.0,,328.0,-58.0,-835.0,130.0,410.0,,-316.0
-351.0,34.0,,369.0,-18.0,-878.0,24.0,522.0,,-377.0
-367.0,-145.0,,89.0,-12.0,-930.0,154.0,367.0,,-434.0
-344.0,-118.0,,100.0,0.0,-891.0,371.0,622.0,,-462.0
-353.0,-81.0,,127.0,22.0,-786.0,381.0,674.0,,-468.0
-368.0,-61.0,,152.0,20.0,-702.0,313.0,718.0,,-463.0
-394.0,-61.0,,349.0,55.0,-672.0,341.0,766.0,,-435.0
-402.0,-83.0,,206.0,88.0,-505.0,345.0,604.0,,-389.0
-406.0,-2.0,,184.0,73.0,-113.0,333.0,681.0,,-328.0
-448.0,204.0,,183.0,86.0,226.0,358.0,456.0,,-264.0
-450.0,309.0,,91.0,72.0,250.0,372.0,532.0,,-179.0
-464.0,224.0,,183.0,1.0,20.0,310.0,550.0,,-91.0
-456.0,41.0,,132.0,-35.0,-85.0,277.0,646.0,,-19.0
-461.0,-118.0,,-18.0,-87.0,-36.0,317.0,881.0,,51.0
-451.0,-176.0,,-45.0,-148.0,-65.0,340.0,761.0,,113.0
-461.0,-176.0,,-83.0,-161.0,-266.0,319.0,970.0,,169.0
-490.0,-132.0,,-117.0,-200.0,-576.0,324.0,868.0,,217.0
-505.0,-99.0,,-40.0,-234.0,-739.0,423.0,840.0,,252.0
-514.0,-8.0,,66.0,-225.0,-742.0,459.0,752.0,,289.0
-509.0,72.0,,-65.0,-228.0,-779.0,418.0,513.0,,325.0
-537.0,-45.0,,-114.0,-192.0,-993.0,481.0,604.0,,348.0
-553.0,-249.0,,-74.0,-129.0,-1295.0,510.0,441.0,,361.0
-564.0,-234.0,,-155.0,-114.0,-1440.0,338.0,569.0,,365.0
-538.0,-51.0,,-48.0,-94.0,-1450.0,208.0,498.0,,346.0
-516.0,51.0,,-141.0,-89.0,-1672.0,291.0,443.0,,306.0
-517.0,119.0,,-83.0,-114.0,-1984.0,424.0,511.0,,246.0
-477.0,113.0,,143.0,-109.0,-1981.0,483.0,388.0,,175.0
-459.0,-23.0,,56.0,-123.0,-1809.0,462.0,576.0,,101.0
-497.0,-208.0,,120.0,-122.0,-1776.0,366.0,469.0,,14.0
-499.0,-232.0,,283.0,-54.0,-1890.0,248.0,515.0,,-64.0
-458.0,-127.0,,262.0,-64.0,-1913.0,257.0,436.0,,-132.0
-447.0,-11.0,,207.0,-133.0,-1951.0,396.0,341.0,,-205.0
-461.0,88.0,,253.0,-142.0,-2113.0,472.0,539.0,,-265.0
-447.0,76.0,,168.0,-138.0,-2318.0,356.0,473.0,,-296.0
-398.0,-23.0,,122.0,-98.0,-2395.0,154.0,755.0,,-293.0
-388.0,-199.0,,60.0,-54.0,-2522.0,88.0,848.0,,-269.0
-403.0,-250.0,,92.0,-94.0,-2815.0,182.0,981.0,,-228.0
-403.0,-121.0,,129.0,-112.0,-2962.0,319.0,1101.0,,-178.0
-381.0,27.0,,-3.0,-91.0,-3269.0,413.0,968.0,,-132.0
-367.0,167.0,,139.0,-82.0,-3566.0,344.0,1152.0,,-84.0
-375.0,338.0,,137.0,-27.0,-3742.0,143.0,1110.0,,-41.0
-397.0,496.0,,128.0,-2.0,-3946.0,85.0,1217.0,,0.0
-417.0,593.0,,259.0,-27.0,-4024.0,192.0,1132.0,,35.0
-451.0,750.0,,160.0,-8.0,-4115.0,264.0,1042.0,,58.0
-511.0,839.0,,188.0,4.0,-4119.0,301.0,1128.0,,59.0
-538.0,645.0,,441.0,39.0,-4058.0,373.0,933.0,,51.0
-554.0,309.0,,301.0,109.0,-3953.0,357.0,1045.0,,46.0
-566.0,200.0,,48.0,87.0,-3967.0,194.0,783.0,,42.0
-591.0,346.0,,174.0,49.0,-4013.0,20.0,578.0,,56.0
-608.0,478.0,,84.0,43.0,-3899.0,-18.0,484.0,,80.0
-601.0,389.0,,-88.0,4.0,-3896.0,154.0,269.0,,110.0
-606.0,116.0,,-51.0,14.0,-3992.0,391.0,380.0,,158.0
-612.0,-31.0,,-110.0,22.0,-4094.0,474.0,181.0,,227.0
-586.0,-88.0,,-107.0,17.0,-4063.0,321.0,221.0,,297.0
-568.0,-193.0,,-11.0,84.0,-4177.0,74.0,181.0,,359.0
-575.0,-209.0,,26.0,88.0,-4661.0,-32.0,173.0,,433.0
-556.0,-9.0,,164.0,50.0,-4985.0,111.0,343.0,,495.0
-487.0,217.0,,117.0,72.0,-5025.0,293.0,262.0,,545.0
-434.0,287.0,,144.0,62.0,-5012.0,239.0,515.0,,583.0
-424.0,240.0,,275.0,65.0,-5169.0,149.0,528.0,,590.0
-386.0,118.0,,185.0,57.0,-5227.0,165.0,683.0,,592.0
-355.0,27.0,,224.0,-55.0,-4842.0,137.0,770.0,,592.0
-296.0,-1.0,,338.0,-126.0,-4446.0,17.0,733.0,,591.0
-293.0,56.0,,451.0,-169.0,-4319.0,13.0,921.0,,597.0
-294.0,230.0,,390.0,-234.0,-4484.0,227.0,759.0,,594.0
-257.0,399.0,,277.0,-216.0,-4578.0,408.0,892.0,,592.0
-239.0,437.0,,249.0,-204.0,-4384.0,392.0,735.0,,586.0
-213.0,437.0,,287.0,-192.0,-4215.0,213.0,563.0,,574.0
-256.0,445.0,,352.0,-123.0,-4256.0,15.0,546.0,,561.0
-246.0,357.0,,378.0,-108.0,-4364.0,-8.0,460.0,,548.0
-235.0,322.0,,477.0,-87.0,-4288.0,158.0,801.0,,544.0
-228.0,422.0,,411.0,-53.0,-4304.0,262.0,801.0,,547.0
-239.0,408.0,,266.0,-82.0,-4253.0,134.0,1001.0,,556.0
-264.0,129.0,,214.0,-59.0,-4223.0,-60.0,1060.0,,565.0
-247.0,-178.0,,417.0,-28.0,-4433.0,-96.0,977.0,,586.0
-277.0,-257.0,,618.0,-33.0,-4609.0,24.0,1130.0,,611.0
-310.0,-235.0,,182.0,15.0,-4743.0,105.0,966.0,,620.0
-353.0,-357.0,,-43.0,8.0,-4756.0,131.0,1047.0,,618.0
-356.0,-600.0,,368.0,-39.0,-4821.0,178.0,837.0,,594.0
-354.0,-784.0,,237.0,-48.0,-4899.0,140.0,681.0,,552.0
-364.0,-852.0,,235.0,-74.0,-4897.0,-62.0,517.0,,495.0
-405.0,-709.0,,802.0,-50.0,-4588.0,-290.0,179.0,,434.0
-410.0,-286.0,,171.0,-11.0,-4257.0,-323.0,203.0,,399.0
-374.0,187.0,,-228.0,-36.0,-4283.0,-142.0,-3.0,,375.0
-368.0,414.0,,501.0,-11.0,-4146.0,42.0,99.0,,362.0
-365.0,326.0,,59.0,-3.0,-3852.0,50.0,70.0,,357.0
-385.0,109.0,,-163.0,-43.0,-3660.0,-121.0,99.0,,338.0
-340.0,-18.0,,663.0,-1.0,-3757.0,-266.0,319.0,,323.0
-338.0,-35.0,,244.0,12.0,-3890.0,-254.0,173.0,,301.0
-350.0,0.0,,-321.0,-8.0,-3858.0,-190.0,343.0,,269.0
-342.0,115.0,,261.0,-4.0,-3747.0,-144.0,304.0,,242.0
-313.0,251.0,,268.0,-56.0,-3507.0,-123.0,489.0,,206.0
-275.0,277.0,,-27.0,-80.0,-3367.0,-112.0,648.0,,164.0
-300.0,273.0,,288.0,-75.0,-3239.0,-148.0,548.0,,112.0
-296.0,322.0,,96.0,-90.0,-2984.0,-308.0,678.0,,63.0
-311.0,332.0,,-252.0,-8.0,-2804.0,-456.0,497.0,,25.0
-288.0,324.0,,31.0,94.0,-2943.0,-453.0,559.0,,0.0
-277.0,456.0,,85.0,136.0,-3167.0,-335.0,426.0,,-14.0
-299.0,701.0,,11.0,197.0,-3215.0,-163.0,356.0,,-12.0
-289.0,906.0,,145.0,207.0,-3196.0,-91.0,495.0,,14.0
-286.0,944.0,,184.0,203.0,-3312.0,-255.0,469.0,,67.0
-292.0,799.0,,6.0,233.0,-3640.0,-515.0,781.0,,149.0
-300.0,579.0,,-183.0,174.0,-3724.0,-579.0,766.0,,260.0
-294.0,357.0,,38.0,127.0,-3390.0,-453.0,896.0,,387.0
-321.0,279.0,,163.0,124.0,-3180.0,-371.0,896.0,,511.0
-316.0,386.0,,235.0,64.0,-3295.0,-414.0,707.0,,638.0
-316.0,498.0,,227.0,47.0,-3215.0,-484.0,764.0,,743.0
-320.0,547.0,,109.0,31.0,-2866.0,-518.0,552.0,,802.0
-342.0,637.0,,210.0,-26.0,-2604.0,-525.0,630.0,,839.0
-360.0,758.0,,134.0,-10.0,-2568.0,-497.0,493.0,,832.0
-327.0,764.0,,65.0,0.0,-2663.0,-438.0,399.0,,776.0
-327.0,599.0,,228.0,3.0,-2769.0,-348.0,430.0,,677.0
-320.0,405.0,,331.0,55.0,-2831.0,-369.0,282.0,,556.0
-350.0,323.0,,32.0,22.0,-2757.0,-483.0,323.0,,443.0
-342.0,270.0,,-123.0,-20.0,-2786.0,-531.0,55.0,,328.0
-333.0,158.0,,34.0,-25.0,-2884.0,-517.0,125.0,,208.0
-324.0,72.0,,10.0,-64.0,-2821.0,-450.0,160.0,,97.0
-338.0,22.0,,93.0,-55.0,-2608.0,-410.0,136.0,,0.0
-376.0,-94.0,,165.0,-56.0,-2421.0,-398.0,293.0,,-94.0
-350.0,-229.0,,119.0,-99.0,-2420.0,-366.0,225.0,,-170.0
-358.0,-225.0,,94.0,-72.0,-2306.0,-338.0,550.0,,-213.0
-344.0,-118.0,,13.0,-69.0,-1930.0,-389.0,679.0,,-239.0
-337.0,-69.0,,25.0,-67.0,-1627.0,-459.0,853.0,,-249.0
-314.0,-71.0,,145.0,2.0,-1638.0,-402.0,957.0,,-243.0
-320.0,-32.0,,236.0,-5.0,-1760.0,-325.0,899.0,,-227.0
-347.0,24.0,,270.0,-13.0,-1541.0,-307.0,1031.0,,-211.0
-345.0,61.0,,276.0,30.0,-1087.0,-335.0,761.0,,-187.0
-371.0,93.0,,189.0,27.0,-911.0,-426.0,779.0,,-169.0
-369.0,61.0,,217.0,62.0,-1022.0,-520.0,700.0,,-153.0
-392.0,-66.0,,322.0,80.0,-1109.0,-461.0,718.0,,-124.0
-410.0,-183.0,,153.0,33.0,-911.0,-289.0,896.0,,-117.0
-418.0,-210.0,,-13.0,33.0,-627.0,-230.0,759.0,,-119.0
-387.0,-180.0,,48.0,-17.0,-486.0,-241.0,879.0,,-118.0
-383.0,-101.0,,162.0,-87.0,-275.0,-260.0,663.0,,-125.0
-405.0,30.0,,93.0,-64.0,74.0,-293.0,585.0,,-125.0
-391.0,157.0,,31.0,-88.0,499.0,-338.0,439.0,,-112.0
-400.0,259.0,,38.0,-132.0,763.0,-372.0,175.0,,-88.0
-383.0,255.0,,80.0,-143.0,771.0,-317.0,216.0,,-70.0
-410.0,131.0,,101.0,-194.0,846.0,-180.0,53.0,,-56.0
-422.0,-3.0,,-83.0,-166.0,1056.0,-54.0,188.0,,-37.0
-424.0,-123.0,,-92.0,-105.0,1051.0,-71.0,90.0,,-23.0
-462.0,-179.0,,-181.0,-99.0,824.0,-172.0,5.0,,-36.0
-445.0,-132.0,,-263.0,-58.0,596.0,-251.0,-38.0,,-83.0
-462.0,-17.0,,-66.0,-98.0,592.0,-311.0,-203.0,,-154.0
-476.0,29.0,,-22.0,-170.0,818.0,-251.0,110.0,,-253.0
-482.0,-76.0,,-6.0,-147.0,826.0,-83.0,236.0,,-362.0
-475.0,-234.0,,-18.0,-147.0,665.0,-27.0,532.0,,-472.0
-450.0,-269.0,,-154.0,-78.0,712.0,-75.0,582.0,,-583.0
-460.0,-131.0,,-65.0,66.0,1004.0,-143.0,460.0,,-678.0
-434.0,2.0,,127.0,104.0,1209.0,-247.0,528.0,,-763.0
-466.0,18.0,,113.0,136.0,1236.0,-292.0,336.0,,-820.0
-464.0,-89.0,,121.0,164.0,1412.0,-249.0,495.0,,-845.0
-441.0,-286.0,,-34.0,130.0,1702.0,-216.0,480.0,,-844.0
-448.0,-416.0,,34.0,162.0,1841.0,-172.0,541.0,,-794.0
-453.0,-368.0,,305.0,173.0,1843.0,-56.0,591.0,,-716.0
-469.0,-196.0,,100.0,141.0,1821.0,5.0,478.0,,-628.0
-417.0,-10.0,,186.0,161.0,1767.0,-99.0,600.0,,-531.0
-432.0,104.0,,437.0,95.0,1762.0,-233.0,417.0,,-437.0
-415.0,99.0,,348.0,37.0,1823.0,-286.0,495.0,,-349.0
-399.0,-22.0,,469.0,51.0,1895.0,-284.0,423.0,,-275.0
-383.0,-241.0,,604.0,11.0,1849.0,-223.0,426.0,,-231.0
-378.0,-427.0,,528.0,38.0,1734.0,-163.0,622.0,,-224.0
-408.0,-438.0,,613.0,84.0,1809.0,-119.0,556.0,,-224.0
-367.0,-330.0,,586.0,72.0,1969.0,-70.0,783.0,,-248.0
-377.0,-208.0,,502.0,116.0,2063.0,-76.0,700.0,,-296.0
-336.0,-75.0,,578.0,123.0,2030.0,-98.0,727.0,,-356.0
-339.0,18.0,,484.0,87.0,2022.0,-87.0,655.0,,-437.0
-311.0,-24.0,,442.0,119.0,2054.0,-109.0,410.0,,-535.0
-241.0,-116.0,,410.0,111.0,1938.0,-137.0,380.0,,-660.0
-215.0,-99.0,,482.0,111.0,1873.0,-122.0,86.0,,-798.0
-183.0,44.0,,463.0,160.0,1985.0,-142.0,140.0,,-940.0
-173.0,220.0,,285.0,123.0,2019.0,-204.0,55.0,,-1075.0
-76.0,306.0,,391.0,103.0,1951.0,-204.0,29.0,,-1209.0
-56.0,263.0,,234.0,69.0,2120.0,-116.0,29.0,,-1316.0
-57.0,148.0,,193.0,-54.0,2397.0,-10.0,-199.0,,-1388.0
-35.0,-15.0,,347.0,-84.0,2655.0,46.0,-14.0,,-1450.0
3.0,-240.0,,291.0,-80.0,2878.0,23.0,9.0,,-1494.0
36.0,-444.0,,359.0,-94.0,2848.0,-74.0,260.0,,-1527.0
20.0,-484.0,,296.0,-50.0,2568.0,-112.0,389.0,,-1555.0
59.0,-330.0,,192.0,-61.0,2185.0,21.0,389.0,,-1584.0
91.0,-158.0,,244.0,-76.0,2011.0,157.0,545.0,,-1607.0
128.0,-101.0,,296.0,-35.0,2005.0,99.0,406.0,,-1613.0
136.0,-156.0,,279.0,-45.0,1961.0,3.0,543.0,,-1586.0
156.0,-294.0,,166.0,-18.0,1931.0,68.0,389.0,,-1534.0
164.0,-385.0,,148.0,28.0,2079.0,132.0,269.0,,-1466.0
155.0,-298.0,,242.0,1.0,2374.0,88.0,230.0,,-1395.0
173.0,-54.0,,318.0,12.0,2545.0,37.0,48.0,,-1315.0
185.0,229.0,,290.0,5.0,2660.0,63.0,171.0,,-1218.0
200.0,438.0,,114.0,-40.0,2792.0,144.0,73.0,,-1109.0
166.0,416.0,,103.0,-28.0,2969.0,137.0,273.0,,-967.0
131.0,101.0,,132.0,-73.0,3159.0,108.0,330.0,,-821.0
115.0,-307.0,,43.0,-121.0,3159.0,191.0,315.0,,-684.0
103.0,-531.0,,95.0,-95.0,3021.0,262.0,402.0,,-538.0
81.0,-466.0,,183.0,-119.0,2854.0,235.0,158.0,,-415.0
53.0,-231.0,,133.0,-112.0,2815.0,152.0,282.0,,-322.0
50.0,61.0,,3.0,-85.0,2875.0,36.0,205.0,,-243.0
34.0,266.0,,101.0,-133.0,2831.0,4.0,249.0,,-178.0
-21.0,172.0,,262.0,-121.0,2810.0,171.0,229.0,,-138.0
-39.0,-232.0,,215.0,-71.0,2921.0,411.0,14.0,,-112.0
-49.0,-696.0,,100.0,-32.0,3130.0,468.0,33.0,,-92.0
-74.0,-972.0,,49.0,52.0,3176.0,302.0,-308.0,,-92.0
-78.0,-1034.0,,65.0,70.0,2989.0,138.0,-373.0,,-97.0
-90.0,-926.0,,114.0,51.0,2807.0,146.0,-637.0,,-103.0
-87.0,-706.0,,86.0,70.0,2600.0,250.0,-807.0,,-118.0
-94.0,-458.0,,-68.0,37.0,2458.0,293.0,-670.0,,-137.0
-77.0,-197.0,,-199.0,39.0,2310.0,269.0,-644.0,,-168.0
-99.0,91.0,,-172.0,96.0,2236.0,306.0,-179.0,,-205.0
-117.0,342.0,,-7.0,108.0,2415.0,390.0,46.0,,-250.0
-101.0,496.0,,-179.0,133.0,2657.0,412.0,388.0,,-289.0
-69.0,454.0,,-176.0,128.0,2819.0,370.0,626.0,,-331.0
-43.0,196.0,,-86.0,72.0,2913.0,234.0,641.0,,-368.0
-79.0,1.0,,-197.0,69.0,3015.0,112.0,737.0,,-384.0
-45.0,61.0,,-61.0,50.0,3201.0,180.0,493.0,,-405.0
-31.0,265.0,,-112.0,38.0,3443.0,353.0,543.0,,-415.0
-4.0,423.0,,-209.0,111.0,3514.0,465.0,423.0,,-421.0
0.0,482.0,,-326.0,154.0,3499.0,461.0,358.0,,-421.0
-12.0,447.0,,-191.0,167.0,3483.0,399.0,293.0,,-407.0
18.0,250.0,,-20.0,198.0,3574.0,324.0,-48.0,,-404.0
41.0,-50.0,,-159.0,189.0,3593.0,244.0,-36.0,,-393.0
113.0,-277.0,,-240.0,198.0,3378.0,191.0,-256.0,,-381.0
129.0,-290.0,,-226.0,227.0,3445.0,165.0,-254.0,,-370.0
180.0,-142.0,,-187.0,218.0,3686.0,188.0,-269.0,,-370.0
229.0,-27.0,,-290.0,256.0,3737.0,322.0,-362.0,,-368.0
233.0,-71.0,,-349.0,285.0,3524.0,451.0,-277.0,,-382.0
240.0,-296.0,,-442.0,224.0,3313.0,440.0,-426.0,,-405.0
235.0,-583.0,,-384.0,173.0,3405.0,334.0,-290.0,,-422.0
265.0,-722.0,,-209.0,117.0,3578.0,213.0,-423.0,,-436.0
285.0,-563.0,,-199.0,41.0,3471.0,201.0,-432.0,,-416.0
312.0,-185.0,,-285.0,38.0,3276.0,244.0,-380.0,,-407.0
255.0,237.0,,-227.0,58.0,3361.0,271.0,-533.0,,-401.0
220.0,508.0,,-44.0,71.0,3618.0,294.0,-336.0,,-382.0
245.0,487.0,,-81.0,83.0,3879.0,271.0,-378.0,,-349.0
262.0,237.0,,-295.0,-12.0,3877.0,289.0,-210.0,,-299.0
272.0,-85.0,,-238.0,-153.0,3899.0,311.0,-243.0,,-264.0
247.0,-231.0,,-68.0,-221.0,4063.0,236.0,-380.0,,-223.0
278.0,-166.0,,-179.0,-243.0,3960.0,130.0,-400.0,,-191.0
298.0,-34.0,,-107.0,-195.0,3681.0,85.0,-654.0,,-154.0
303.0,30.0,,-84.0,-102.0,3361.0,134.0,-522.0,,-126.0
285.0,-60.0,,62.0,-41.0,3328.0,246.0,-561.0,,-115.0
254.0,-225.0,,136.0,6.0,3468.0,328.0,-371.0,,-104.0
245.0,-421.0,,-159.0,-3.0,3446.0,253.0,-218.0,,-113.0
228.0,-540.0,,-158.0,-81.0,3353.0,137.0,-173.0,,-138.0
225.0,-494.0,,-242.0,-90.0,3246.0,110.0,83.0,,-178.0
187.0,-232.0,,-259.0,-61.0,3301.0,143.0,-49.0,,-202.0
160.0,169.0,,-63.0,-72.0,3470.0,160.0,25.0,,-209.0
148.0,451.0,,26.0,-57.0,3556.0,39.0,-175.0,,-207.0
159.0,463.0,,-121.0,-29.0,3436.0,-77.0,-279.0,,-190.0
199.0,168.0,,-363.0,0.0,3237.0,-4.0,-184.0,,-173.0
197.0,-255.0,,-394.0,65.0,3121.0,147.0,-264.0,,-145.0
186.0,-584.0,,-240.0,98.0,3084.0,211.0,-51.0,,-109.0
199.0,-652.0,,-39.0,109.0,3145.0,219.0,-212.0,,-41.0
241.0,-409.0,,-77.0,151.0,3233.0,284.0,-223.0,,54.0
276.0,14.0,,-127.0,162.0,3305.0,293.0,-260.0,,155.0
297.0,394.0,,-214.0,173.0,3290.0,193.0,-386.0,,257.0
339.0,464.0,,-229.0,213.0,3173.0,171.0,-352.0,,342.0
383.0,234.0,,-207.0,188.0,2921.0,288.0,-563.0,,392.0
432.0,-78.0,,-241.0,147.0,2738.0,358.0,-454.0,,411.0
492.0,-226.0,,-125.0,118.0,2752.0,315.0,-537.0,,425.0
524.0,-153.0,,-166.0,57.0,2629.0,259.0,-533.0,,438.0
537.0,86.0,,-314.0,65.0,2190.0,196.0,-515.0,,449.0
549.0,522.0,,-581.0,99.0,1652.0,202.0,-722.0,,451.0
547.0,865.0,,-681.0,77.0,1355.0,272.0,-642.0,,439.0
566.0,734.0,,-675.0,67.0,1231.0,364.0,-849.0,,406.0
569.0,224.0,,-633.0,22.0,987.0,417.0,-770.0,,356.0
569.0,-246.0,,-532.0,-49.0,676.0,291.0,-644.0,,308.0
579.0,-474.0,,-627.0,-23.0,615.0,201.0,-519.0,,254.0
561.0,-434.0,,-557.0,17.0,567.0,320.0,-317.0,,203.0
602.0,-123.0,,-473.0,11.0,390.0,496.0,-484.0,,149.0
618.0,244.0,,-567.0,19.0,310.0,554.0,-391.0,,96.0
612.0,335.0,,-532.0,-30.0,91.0,411.0,-593.0,,49.0
625.0,-45.0,,-330.0,-87.0,-91.0,266.0,-624.0,,0.0
630.0,-567.0,,-363.0,-103.0,-140.0,252.0,-539.0,,-33.0
675.0,-756.0,,-424.0,-146.0,-285.0,257.0,-517.0,,-50.0
686.0,-577.0,,-314.0,-133.0,-544.0,288.0,-208.0,,-51.0
704.0,-251.0,,-304.0,-71.0,-936.0,390.0,-271.0,,-43.0
738.0,76.0,,-307.0,-70.0,-1095.0,511.0,-194.0,,-33.0
773.0,396.0,,-335.0,-50.0,-993.0,515.0,-408.0,,-18.0
779.0,528.0,,-265.0,-2.0,-1145.0,416.0,-541.0,,3.0
772.0,356.0,,-234.0,6.0,-1575.0,321.0,-528.0,,48.0
806.0,47.0,,-383.0,51.0,-1844.0,256.0,-840.0,,97.0
823.0,-188.0,,-435.0,87.0,-1792.0,232.0,-720.0,,141.0
810.0,-314.0,,-323.0,97.0,-1695.0,203.0,-715.0,,183.0
765.0,-436.0,,-134.0,159.0,-1876.0,310.0,-519.0,,214.0
779.0,-477.0,,-224.0,159.0,-2043.0,523.0,-448.0,,229.0
807.0,-372.0,,-280.0,113.0,-1762.0,560.0,-521.0,,229.0
805.0,-269.0,,-197.0,111.0,-1527.0,392.0,-443.0,,201.0
763.0,-268.0,,-260.0,73.0,-1535.0,257.0,-753.0,,149.0
754.0,-327.0,,-93.0,56.0,-1379.0,292.0,-783.0,,75.0
787.0,-432.0,,-56.0,93.0,-1026.0,349.0,-1018.0,,0.0
758.0,-591.0,,38.0,87.0,-710.0,412.0,-1091.0,,-71.0
765.0,-744.0,,51.0,110.0,-724.0,418.0,-946.0,,-140.0
771.0,-807.0,,-116.0,136.0,-849.0,367.0,-946.0,,-179.0
804.0,-696.0,,19.0,97.0,-938.0,395.0,-648.0,,-204.0
801.0,-478.0,,42.0,96.0,-1009.0,411.0,-613.0,,-217.0
793.0,-244.0,,76.0,73.0,-1077.0,378.0,-269.0,,-214.0
813.0,9.0,,-31.0,-17.0,-1364.0,322.0,-101.0,,-209.0
800.0,224.0,,-120.0,-86.0,-1697.0,326.0,-118.0,,-195.0
834.0,339.0,,-89.0,-180.0,-1892.0,349.0,53.0,,-205.0
838.0,366.0,,-225.0,-259.0,-1813.0,288.0,-68.0,,-236.0
875.0,291.0,,-331.0,-259.0,-1584.0,302.0,149.0,,-284.0
882.0,94.0,,-349.0,-278.0,-1531.0,472.0,188.0,,-371.0
892.0,-119.0,,-306.0,-288.0,-1696.0,593.0,290.0,,-480.0
906.0,-208.0,,-286.0,-280.0,-1800.0,456.0,382.0,,-598.0
897.0,-135.0,,-352.0,-317.0,-1642.0,174.0,212.0,,-698.0
911.0,-42.0,,-349.0,-309.0,-1642.0,57.0,223.0,,-776.0
878.0,3.0,,-386.0,-279.0,-1825.0,181.0,-68.0,,-837.0
864.0,67.0,,-502.0,-284.0,-1921.0,370.0,-94.0,,-880.0
831.0,116.0,,-290.0,-204.0,-1967.0,422.0,-271.0,,-935.0
835.0,26.0,,-290.0,-100.0,-2075.0,355.0,-522.0,,-999.0
840.0,-169.0,,-543.0,-53.0,-2184.0,289.0,-587.0,,-1073.0
857.0,-147.0,,-567.0,-2.0,-2114.0,203.0,-809.0,,-1131.0
824.0,145.0,,-464.0,-13.0,-1938.0,132.0,-657.0,,-1168.0
777.0,481.0,,-437.0,-41.0,-1683.0,137.0,-746.0,,-1191.0
789.0,622.0,,-440.0,-6.0,-1502.0,178.0,-598.0,,-1189.0
764.0,494.0,,-359.0,6.0,-1410.0,205.0,-437.0,,-1191.0
744.0,122.0,,-287.0,60.0,-1290.0,202.0,-439.0,,-1191.0
672.0,-440.0,,-352.0,168.0,-1297.0,157.0,-175.0,,-1179.0
680.0,-849.0,,-502.0,196.0,-1415.0,127.0,-221.0,,-1158.0
664.0,-836.0,,-340.0,207.0,-1617.0,145.0,20.0,,-1122.0
614.0,-397.0,,-204.0,203.0,-1932.0,114.0,-18.0,,-1061.0
566.0,128.0,,-3.0,132.0,-2207.0,76.0,-70.0,,-964.0
534.0,421.0,,124.0,129.0,-2289.0,85.0,-57.0,,-845.0
567.0,342.0,,38.0,145.0,-2272.0,91.0,-277.0,,-696.0
508.0,-98.0,,-55.0,104.0,-2231.0,77.0,-55.0,,-536.0
512.0,-618.0,,-89.0,99.0,-2107.0,59.0,-84.0,,-384.0
489.0,-901.0,,105.0,78.0,-2026.0,40.0,81.0,,-226.0
469.0,-728.0,,47.0,36.0,-1890.0,-6.0,199.0,,-77.0
433.0,-253.0,,75.0,42.0,-1630.0,-5.0,221.0,,59.0
396.0,271.0,,150.0,11.0,-1440.0,53.0,360.0,,189.0
409.0,585.0,,82.0,-39.0,-1316.0,5.0,223.0,,289.0
379.0,627.0,,67.0,-48.0,-1335.0,-72.0,382.0,,366.0
383.0,472.0,,-20.0,-101.0,-1493.0,-8.0,210.0,,424.0
340.0,130.0,,-31.0,-157.0,-1708.0,73.0,218.0,,462.0
362.0,-148.0,,130.0,-188.0,-1910.0,73.0,264.0,,499.0
351.0,-179.0,,157.0,-273.0,-1846.0,25.0,173.0,,532.0
332.0,-12.0,,38.0,-311.0,-1524.0,-56.0,487.0,,561.0
356.0,128.0,,91.0,-277.0,-1441.0,-137.0,434.0,,581.0
374.0,191.0,,13.0,-256.0,-1636.0,-168.0,550.0,,592.0
421.0,158.0,,-141.0,-199.0,-1567.0,-146.0,515.0,,594.0
425.0,-15.0,,-76.0,-170.0,-1332.0,-140.0,508.0,,605.0
485.0,-233.0,,-14.0,-215.0,-1166.0,-172.0,639.0,,639.0
525.0,-305.0,,11.0,-218.0,-1114.0,-199.0,563.0,,681.0
578.0,-81.0,,206.0,-192.0,-863.0,-162.0,840.0,,711.0
591.0,256.0,,-35.0,-140.0,-287.0,-93.0,696.0,,732.0
621.0,471.0,,-101.0,-33.0,-59.0,-169.0,611.0,,723.0
690.0,478.0,,304.0,9.0,-47.0,-291.0,406.0,,684.0
689.0,336.0,,75.0,10.0,53.0,-229.0,112.0,,633.0
712.0,98.0,,177.0,23.0,131.0,-138.0,256.0,,559.0
699.0,-70.0,,458.0,-43.0,154.0,-220.0,208.0,,477.0
727.0,-48.0,,184.0,-127.0,229.0,-330.0,502.0,,393.0
709.0,99.0,,123.0,-155.0,375.0,-204.0,639.0,,311.0
665.0,332.0,,408.0,-166.0,423.0,14.0,801.0,,246.0
645.0,475.0,,499.0,-91.0,644.0,-57.0,949.0,,214.0
607.0,444.0,,262.0,39.0,942.0,-365.0,770.0,,225.0
604.0,310.0,,283.0,126.0,1160.0,-494.0,814.0,,254.0
576.0,120.0,,350.0,211.0,1138.0,-237.0,642.0,,291.0
574.0,-44.0,,431.0,238.0,899.0,-68.0,855.0,,313.0
542.0,-49.0,,474.0,165.0,857.0,-241.0,975.0,,307.0
515.0,132.0,,404.0,104.0,707.0,-380.0,946.0,,282.0
516.0,361.0,,380.0,53.0,464.0,-419.0,1106.0,,238.0
463.0,507.0,,186.0,12.0,324.0,-406.0,997.0,,193.0
422.0,511.0,,307.0,51.0,318.0,-327.0,1123.0,,135.0
375.0,337.0,,380.0,84.0,386.0,-315.0,920.0,,61.0
343.0,38.0,,264.0,91.0,389.0,-367.0,766.0,,-29.0
319.0,-235.0,,253.0,103.0,534.0,-307.0,733.0,,-147.0
260.0,-360.0,,193.0,43.0,767.0,-216.0,672.0,,-262.0
228.0,-306.0,,332.0,-11.0,1094.0,-329.0,958.0,,-355.0
223.0,-107.0,,336.0,1.0,1258.0,-470.0,938.0,,-419.0
215.0,87.0,,266.0,19.0,1300.0,-375.0,1132.0,,-468.0
199.0,167.0,,293.0,80.0,1349.0,-208.0,1128.0,,-495.0
175.0,165.0,,358.0,140.0,1167.0,-300.0,966.0,,-519.0
164.0,69.0,,488.0,147.0,1029.0,-495.0,840.0,,-557.0
176.0,-79.0,,417.0,180.0,803.0,-416.0,447.0,,-577.0
196.0,-174.0,,347.0,206.0,484.0,-234.0,528.0,,-601.0
198.0,-177.0,,295.0,155.0,292.0,-253.0,441.0,,-606.0
235.0,-118.0,,305.0,89.0,325.0,-359.0,515.0,,-579.0
259.0,33.0,,361.0,5.0,574.0,-423.0,618.0,,-550.0
264.0,232.0,,212.0,-85.0,824.0,-467.0,513.0,,-505.0
285.0,310.0,,235.0,-96.0,959.0,-355.0,724.0,,-430.0
273.0,178.0,,395.0,-99.0,1045.0,-154.0,665.0,,-346.0
271.0,-138.0,,318.0,-110.0,1338.0,-311.0,903.0,,-259.0
265.0,-387.0,,191.0,-92.0,1444.0,-623.0,1056.0,,-171.0
270.0,-414.0,,186.0,-123.0,1335.0,-563.0,1169.0,,-89.0
261.0,-292.0,,388.0,-149.0,1273.0,-296.0,1380.0,,2.0
232.0,-75.0,,436.0,-114.0,1222.0,-238.0,1315.0,,85.0
257.0,196.0,,406.0,-85.0,1174.0,-419.0,1542.0,,166.0
260.0,347.0,,516.0,-38.0,930.0,-501.0,1391.0,,236.0
230.0,276.0,,385.0,5.0,716.0,-441.0,1293.0,,273.0
208.0,158.0,,381.0,-6.0,742.0,-328.0,1130.0,,283.0
201.0,147.0,,422.0,19.0,841.0,-192.0,873.0,,245.0
177.0,275.0,,348.0,69.0,951.0,-222.0,936.0,,194.0
125.0,446.0,,148.0,72.0,1202.0,-419.0,676.0,,132.0
96.0,568.0,,81.0,96.0,1368.0,-573.0,670.0,,67.0
87.0,518.0,,204.0,87.0,1455.0,-528.0,467.0,,21.0
92.0,190.0,,44.0,-8.0,1521.0,-411.0,319.0,,-2.0
56.0,-312.0,,13.0,-110.0,1458.0,-336.0,288.0,,-10.0
-20.0,-771.0,,-83.0,-205.0,1389.0,-291.0,44.0,,-8.0
-55.0,-981.0,,-184.0,-231.0,1275.0,-292.0,206.0,,13.0
-92.0,-850.0,,-152.0,-158.0,1231.0,-281.0,157.0,,54.0
-148.0,-417.0,,-137.0,-112.0,1153.0,-237.0,312.0,,123.0
-204.0,22.0,,79.0,-87.0,1031.0,-210.0,371.0,,181.0
-215.0,260.0,,-66.0,-28.0,930.0,-316.0,412.0,,229.0
-196.0,264.0,,-302.0,-24.0,932.0,-486.0,661.0,,265.0
-244.0,84.0,,-293.0,-40.0,1055.0,-436.0,509.0,,254.0
-313.0,-98.0,,-318.0,-11.0,1099.0,-206.0,618.0,,229.0
-333.0,-211.0,,-211.0,38.0,1304.0,-142.0,447.0,,187.0
-308.0,-172.0,,-228.0,143.0,1652.0,-340.0,351.0,,147.0
-328.0,0.0,,-117.0,230.0,1813.0,-515.0,264.0,,127.0
-330.0,213.0,,49.0,248.0,1803.0,-484.0,-55.0,,116.0
-296.0,359.0,,-14.0,270.0,1869.0,-391.0,36.0,,128.0
-283.0,412.0,,-79.0,253.0,2042.0,-276.0,-42.0,,155.0
-293.0,438.0,,-96.0,198.0,2196.0,-117.0,144.0,,190.0
-324.0,307.0,,-34.0,195.0,2118.0,-32.0,230.0,,222.0
-295.0,-101.0,,-57.0,177.0,1824.0,-89.0,319.0,,248.0
-279.0,-671.0,,-55.0,127.0,1675.0,-252.0,509.0,,270.0
-278.0,-1100.0,,-48.0,122.0,1757.0,-406.0,352.0,,271.0
-274.0,-1288.0,,95.0,116.0,1759.0,-405.0,447.0,,255.0
-257.0,-1228.0,,327.0,110.0,1668.0,-257.0,229.0,,254.0
-214.0,-858.0,,411.0,117.0,1671.0,-166.0,225.0,,263.0
-193.0,-301.0,,325.0,90.0,1795.0,-274.0,279.0,,304.0
-185.0,254.0,,187.0,102.0,1988.0,-495.0,120.0,,387.0
-185.0,718.0,,298.0,149.0,1878.0,-598.0,184.0,,464.0
-141.0,929.0,,434.0,157.0,1658.0,-440.0,-12.0,,532.0
-109.0,690.0,,284.0,167.0,1607.0,-171.0,49.0,,582.0
-95.0,363.0,,182.0,129.0,1696.0,-117.0,-118.0,,620.0
-86.0,443.0,,385.0,40.0,1737.0,-291.0,-260.0,,655.0
-73.0,669.0,,273.0,22.0,1510.0,-347.0,-188.0,,680.0
-70.0,807.0,,190.0,1.0,1246.0,-272.0,-225.0,,718.0
-103.0,1094.0,,386.0,-31.0,1185.0,-218.0,-38.0,,755.0
-118.0,1215.0,,401.0,1.0,1354.0,-236.0,-269.0,,753.0
-121.0,484.0,,329.0,13.0,1315.0,-247.0,-286.0,,709.0
-112.0,-719.0,,302.0,10.0,1174.0,-194.0,-330.0,,621.0
-115.0,-1177.0,,328.0,6.0,1108.0,-252.0,-434.0,,514.0
-117.0,-801.0,,285.0,-55.0,1098.0,-372.0,-310.0,,417.0
-116.0,-541.0,,352.0,-105.0,1160.0,-434.0,-500.0,,335.0
-112.0,-676.0,,297.0,-129.0,995.0,-260.0,-367.0,,277.0
-148.0,-342.0,,243.0,-141.0,798.0,42.0,-473.0,,233.0
-194.0,673.0,,236.0,-72.0,640.0,59.0,-552.0,,191.0
-194.0,959.0,,121.0,-2.0,467.0,-152.0,-585.0,,152.0
-202.0,298.0,,229.0,-41.0,296.0,-273.0,-788.0,,104.0
-197.0,-119.0,,307.0,-105.0,-3.0,-186.0,-676.0,,49.0
-203.0,46.0,,280.0,-153.0,-469.0,-133.0,-801.0,,-2.0
-209.0,445.0,,247.0,-193.0,-792.0,-179.0,-576.0,,-52.0
-201.0,588.0,,228.0,-200.0,-801.0,-113.0,-491.0,,-93.0
-214.0,293.0,,169.0,-194.0,-697.0,1.0,-484.0,,-138.0
-252.0,43.0,,138.0,-113.0,-546.0,-40.0,-376.0,,-193.0
-260.0,35.0,,94.0,46.0,-449.0,-151.0,-578.0,,-241.0
-238.0,-541.0,,-117.0,131.0,-239.0,-121.0,-430.0,,-277.0
-205.0,-1933.0,,-107.0,135.0,83.0,14.0,-594.0,,-292.0
-177.0,-2818.0,,-85.0,100.0,278.0,67.0,-593.0,,-284.0
-185.0,-2014.0,,-77.0,35.0,509.0,47.0,-593.0,,-244.0
-172.0,62.0,,80.0,11.0,734.0,29.0,-755.0,,-175.0
-171.0,1851.0,,25.0,27.0,758.0,-59.0,-685.0,,-105.0
-141.0,2404.0,,29.0,62.0,641.0,-54.0,-966.0,,-48.0
-105.0,2599.0,,121.0,119.0,365.0,140.0,-962.0,,-11.0
-78.0,2898.0,,212.0,146.0,60.0,280.0,-1143.0,,7.0
-56.0,2421.0,,267.0,157.0,-15.0,187.0,-1293.0,,0.0
-50.0,1426.0,,263.0,155.0,29.0,18.0,-1370.0,,-5.0
-24.0,692.0,,155.0,81.0,85.0,-1.0,-1675.0,,11.0
-26.0,-348.0,,63.0,84.0,113.0,146.0,-1627.0,,36.0
-11.0,-1905.0,,26.0,257.0,123.0,345.0,-1805.0,,61.0
-3.0,-2030.0,,-118.0,397.0,127.0,382.0,-1670.0,,75.0
20.0,-443.0,,-6.0,433.0,195.0,363.0,-1542.0,,82.0
37.0,167.0,,20.0,443.0,248.0,401.0,-1411.0,,70.0
39.0,-454.0,,-114.0,439.0,70.0,305.0,-1027.0,,45.0
34.0,-467.0,,-125.0,428.0,-16.0,90.0,-1062.0,,33.0
17.0,462.0,,-95.0,345.0,114.0,28.0,-888.0,,15.0
-5.0,1186.0,,-24.0,215.0,390.0,171.0,-977.0,,-5.0
-72.0,37.0,,31.0,113.0,608.0,275.0,-1008.0,,-42.0
-85.0,-1685.0,,32.0,-6.0,670.0,171.0,-960.0,,-118.0
-85.0,-1385.0,,58.0,-26.0,878.0,73.0,-1123.0,,-207.0
-120.0,-369.0,,61.0,31.0,1020.0,237.0,-1025.0,,-286.0
-185.0,166.0,,101.0,-78.0,861.0,393.0,-1165.0,,-338.0
-199.0,491.0,,128.0,-164.0,507.0,309.0,-1058.0,,-340.0
-234.0,551.0,,30.0,-17.0,271.0,180.0,-1145.0,,-295.0
-289.0,1155.0,,133.0,106.0,123.0,143.0,-1287.0,,-231.0
-325.0,1577.0,,294.0,43.0,-208.0,116.0,-1243.0,,-162.0
-360.0,785.0,,320.0,-106.0,-528.0,121.0,-1422.0,,-118.0
-331.0,-512.0,,167.0,-138.0,-524.0,180.0,-1249.0,,-78.0
-345.0,-1285.0,,242.0,-14.0,-75.0,194.0,-1387.0,,-13.0
-336.0,-796.0,,396.0,9.0,434.0,219.0,-1406.0,,62.0
-363.0,60.0,,395.0,-45.0,682.0,294.0,-1415.0,,164.0
-345.0,228.0,,247.0,-1.0,891.0,327.0,-1627.0,,262.0
-326.0,7.0,,-24.0,7.0,1089.0,216.0,-1625.0,,328.0
-346.0,-163.0,,335.0,-13.0,1070.0,45.0,-1879.0,,349.0
-326.0,-144.0,,362.0,-11.0,850.0,6.0,-1784.0,,338.0
-324.0,-565.0,,40.0,-109.0,534.0,113.0,-1838.0,,326.0
-256.0,-1056.0,,373.0,-182.0,354.0,209.0,-1753.0,,333.0
-259.0,-898.0,,444.0,-137.0,220.0,148.0,-1544.0,,382.0
-249.0,-1239.0,,173.0,-78.0,-131.0,78.0,-1598.0,,452.0
-252.0,-1462.0,,286.0,-23.0,-363.0,112.0,-1313.0,,515.0
-249.0,-344.0,,314.0,-85.0,-256.0,134.0,-1372.0,,544.0
-237.0,311.0,,-53.0,-194.0,-60.0,116.0,-1239.0,,524.0
-287.0,-436.0,,89.0,-139.0,75.0,102.0,-1225.0,,468.0
-276.0,-689.0,,379.0,-111.0,110.0,105.0,-1350.0,,392.0
-288.0,792.0,,128.0,-177.0,43.0,98.0,-1304.0,,306.0
-279.0,2826.0,,-1.0,-159.0,-132.0,54.0,-1518.0,,221.0
-294.0,3229.0,,136.0,-110.0,-350.0,4.0,-1346.0,,142.0
-305.0,1264.0,,183.0,-17.0,-477.0,-31.0,-1376.0,,57.0
-309.0,-548.0,,79.0,79.0,-637.0,37.0,-1202.0,,-37.0
-302.0,-179.0,,44.0,35.0,-810.0,181.0,-997.0,,-134.0
-288.0,481.0,,151.0,1.0,-888.0,198.0,-1008.0,,-212.0
-290.0,632.0,,269.0,30.0,-1023.0,93.0,-814.0,,-277.0
-278.0,893.0,,262.0,56.0,-1316.0,17.0,-1097.0,,-304.0
-292.0,131.0,,372.0,144.0,-1537.0,37.0,-1097.0,,-294.0
-254.0,-955.0,,422.0,217.0,-1528.0,-13.0,-1152.0,,-292.0
-252.0,-1101.0,,228.0,263.0,-1457.0,-130.0,-1140.0,,-302.0
-243.0,-1018.0,,219.0,295.0,-1309.0,-140.0,-901.0,,-340.0
-249.0,-1157.0,,171.0,194.0,-1157.0,-71.0,-929.0,,-401.0
-249.0,-1724.0,,65.0,84.0,-934.0,7.0,-691.0,,-486.0
-221.0,-1716.0,,38.0,15.0,-749.0,48.0,-781.0,,-576.0
-228.0,-907.0,,27.0,-136.0,-821.0,42.0,-748.0,,-638.0
-223.0,-661.0,,-48.0,-209.0,-1006.0,-99.0,-764.0,,-682.0
-235.0,-10.0,,-24.0,-188.0,-1243.0,-242.0,-929.0,,-715.0
-217.0,1499.0,,122.0,-220.0,-1334.0,-156.0,-825.0,,-754.0
-239.0,2175.0,,-57.0,-211.0,-1526.0,-49.0,-944.0,,-818.0
-257.0,861.0,,-132.0,-167.0,-1894.0,-110.0,-735.0,,-912.0
-287.0,-1383.0,,-90.0,-109.0,-2126.0,-285.0,-726.0,,-1009.0
-302.0,-1786.0,,-61.0,-49.0,-2218.0,-394.0,-696.0,,-1098.0
-292.0,-759.0,,-15.0,-120.0,-2157.0,-311.0,-642.0,,-1154.0
-298.0,198.0,,-113.0,-142.0,-2134.0,-177.0,-862.0,,-1177.0
-291.0,1392.0,,-114.0,-57.0,-2212.0,-193.0,-755.0,,-1180.0
-282.0,1373.0,,-1.0,-61.0,-2230.0,-325.0,-825.0,,-1150.0
-225.0,127.0,,152.0,-23.0,-2141.0,-389.0,-652.0,,-1111.0
-238.0,107.0,,38.0,25.0,-2135.0,-304.0,-609.0,,-1074.0
-238.0,706.0,,-2.0,4.0,-2272.0,-135.0,-652.0,,-1064.0
-230.0,-88.0,,112.0,67.0,-2358.0,-81.0,-504.0,,-1071.0
-202.0,-1204.0,,-24.0,63.0,-2342.0,-196.0,-620.0,,-1063.0
-151.0,-704.0,,-134.0,-87.0,-2359.0,-317.0,-413.0,,-1038.0
-149.0,786.0,,-107.0,-244.0,-2585.0,-386.0,-384.0,,-1005.0
-127.0,1390.0,,-79.0,-368.0,-2746.0,-384.0,-199.0,,-972.0
-143.0,687.0,,-57.0,-289.0,-2703.0,-277.0,3.0,,-947.0
-152.0,-287.0,,-70.0,-49.0,-2679.0,-166.0,-16.0,,-946.0
-196.0,-1057.0,,-174.0,189.0,-2681.0,-166.0,147.0,,-955.0
-238.0,-1274.0,,-262.0,495.0,-2767.0,-220.0,-49.0,,-949.0
-265.0,-679.0,,-333.0,637.0,-2905.0,-201.0,60.0,,-879.0
-294.0,-510.0,,-273.0,454.0,-2913.0,-139.0,29.0,,-762.0
-302.0,-1069.0,,-258.0,216.0,-2875.0,-193.0,-84.0,,-618.0
-329.0,-1158.0,,-188.0,42.0,-2990.0,-359.0,18.0,,-450.0
-333.0,-570.0,,-99.0,-3.0,-3151.0,-397.0,-181.0,,-316.0
-378.0,44.0,,-258.0,74.0,-3238.0,-269.0,-131.0,,-249.0
-424.0,248.0,,-232.0,85.0,-3278.0,-182.0,-288.0,,-240.0
-437.0,358.0,,-195.0,93.0,-3454.0,-186.0,-290.0,,-270.0
-459.0,656.0,,-204.0,162.0,-3932.0,-161.0,-308.0,,-322.0
-495.0,819.0,,-72.0,181.0,-4297.0,-104.0,-522.0,,-382.0
-529.0,414.0,,-56.0,157.0,-4197.0,-128.0,-485.0,,-422.0
-559.0,-290.0,,-193.0,-17.0,-3826.0,-162.0,-668.0,,-431.0
-596.0,-500.0,,-264.0,-272.0,-3501.0,-205.0,-487.0,,-449.0
-607.0,-818.0,,-300.0,-320.0,-3370.0,-265.0,-419.0,,-465.0
-629.0,-1459.0,,-243.0,-270.0,-3273.0,-274.0,-267.0,,-482.0
-664.0,-1089.0,,-135.0,-285.0,-3006.0,-250.0,62.0,,-522.0
-680.0,-221.0,,-78.0,-387.0,-2800.0,-191.0,134.0,,-593.0
-667.0,-237.0,,-196.0,-538.0,-3019.0,-159.0,454.0,,-709.0
-644.0,-495.0,,-436.0,-466.0,-3542.0,-200.0,436.0,,-816.0
-643.0,113.0,,-338.0,-176.0,-4167.0,-296.0,556.0,,-875.0
-627.0,879.0,,-246.0,33.0,-4530.0,-320.0,563.0,,-887.0
-619.0,686.0,,-149.0,141.0,-4524.0,-192.0,473.0,,-890.0
-627.0,96.0,,-11.0,140.0,-4556.0,-66.0,620.0,,-909.0
-644.0,37.0,,-176.0,39.0,-4620.0,-71.0,509.0,,-918.0
-657.0,319.0,,-405.0,-37.0,-4626.0,-123.0,757.0,,-930.0
-654.0,24.0,,-442.0,-126.0,-4490.0,-149.0,713.0,,-954.0
-690.0,-463.0,,-411.0,-124.0,-4218.0,-163.0,685.0,,-969.0
-695.0,-71.0,,-439.0,-28.0,-4027.0,-114.0,659.0,,-952.0
-683.0,132.0,,-534.0,-47.0,-3869.0,-105.0,410.0,,-927.0
-686.0,-627.0,,-679.0,-34.0,-3537.0,-163.0,498.0,,-902.0
-693.0,-966.0,,-676.0,-25.0,-3229.0,-143.0,238.0,,-856.0
-710.0,-48.0,,-668.0,-133.0,-3305.0,-34.0,260.0,,-810.0
-695.0,938.0,,-555.0,-108.0,-3499.0,48.0,243.0,,-789.0
-693.0,1071.0,,-549.0,0.0,-3395.0,26.0,151.0,,-784.0
-720.0,1155.0,,-736.0,125.0,-3084.0,0.0,203.0,,-767.0
-730.0,1157.0,,-691.0,330.0,-2931.0,-11.0,-36.0,,-734.0
-712.0,624.0,,-736.0,361.0,-2988.0,-24.0,88.0,,-702.0
-694.0,24.0,,-776.0,203.0,-3108.0,10.0,46.0,,-677.0
-689.0,-342.0,,-635.0,-3.0,-3191.0,61.0,171.0,,-647.0
-691.0,-305.0,,-664.0,-186.0,-3114.0,96.0,312.0,,-614.0
-665.0,-280.0,,-598.0,-117.0,-2926.0,87.0,310.0,,-582.0
-654.0,-919.0,,-530.0,109.0,-2823.0,81.0,589.0,,-538.0
-627.0,-1790.0,,-694.0,283.0,-2723.0,74.0,497.0,,-503.0
-581.0,-1666.0,,-647.0,374.0,-2193.0,67.0,618.0,,-452.0
-592.0,-59.0,,-503.0,265.0,-1565.0,146.0,552.0,,-366.0
-578.0,1368.0,,-476.0,86.0,-1514.0,268.0,391.0,,-239.0
-593.0,608.0,,-396.0,-59.0,-1684.0,345.0,388.0,,-67.0
-582.0,-969.0,,-294.0,-268.0,-1556.0,319.0,247.0,,79.0
-538.0,-1190.0,,-269.0,-263.0,-1235.0,226.0,471.0,,156.0
-516.0,-1014.0,,-306.0,-28.0,-1138.0,193.0,485.0,,153.0
-503.0,-967.0,,-380.0,35.0,-1276.0,250.0,630.0,,98.0
-514.0,-170.0,,-276.0,-45.0,-1220.0,296.0,628.0,,-3.0
-508.0,1203.0,,-232.0,-124.0,-1103.0,304.0,528.0,,-151.0
-520.0,2195.0,,-448.0,-109.0,-1227.0,366.0,676.0,,-313.0
-524.0,2136.0,,-460.0,106.0,-1394.0,400.0,533.0,,-453.0
-523.0,1672.0,,-432.0,335.0,-1350.0,361.0,726.0,,-559.0
-529.0,1240.0,,-427.0,415.0,-952.0,325.0,761.0,,-685.0
-548.0,2.0,,-308.0,274.0,-582.0,315.0,857.0,,-828.0
-526.0,-1924.0,,-164.0,-8.0,-641.0,395.0,964.0,,-974.0
-491.0,-2720.0,,-199.0,-44.0,-818.0,512.0,763.0,,-1090.0
-462.0,-1898.0,,-334.0,11.0,-1010.0,493.0,824.0,,-1135.0
-461.0,-440.0,,-151.0,-141.0,-1168.0,375.0,654.0,,-1155.0
-466.0,1582.0,,-176.0,-97.0,-1171.0,344.0,722.0,,-1167.0
-406.0,3262.0,,-348.0,157.0,-1080.0,476.0,654.0,,-1183.0
-415.0,3235.0,,-178.0,216.0,-953.0,601.0,570.0,,-1207.0
-404.0,1961.0,,-211.0,62.0,-797.0,551.0,733.0,,-1248.0
-396.0,143.0,,-315.0,-184.0,-565.0,416.0,596.0,,-1309.0
-375.0,-1352.0,,-284.0,-277.0,-486.0,353.0,709.0,,-1346.0
-336.0,-1286.0,,-454.0,-174.0,-646.0,370.0,578.0,,-1343.0
-326.0,-581.0,,-415.0,-108.0,-746.0,377.0,659.0,,-1312.0
-295.0,-731.0,,-271.0,-27.0,-556.0,359.0,772.0,,-1258.0
-292.0,-1189.0,,-331.0,81.0,-336.0,317.0,707.0,,-1169.0
-208.0,-1063.0,,-432.0,107.0,-226.0,322.0,881.0,,-1045.0
-191.0,-663.0,,-419.0,50.0,-66.0,411.0,652.0,,-925.0
-187.0,-733.0,,-266.0,-184.0,185.0,475.0,687.0,,-818.0
-155.0,-764.0,,-362.0,-456.0,529.0,463.0,620.0,,-717.0
-123.0,-255.0,,-397.0,-486.0,712.0,429.0,572.0,,-579.0
-65.0,183.0,,-397.0,-360.0,644.0,467.0,646.0,,-424.0
-99.0,691.0,,-407.0,-138.0,548.0,511.0,480.0,,-308.0
-77.0,1727.0,,-303.0,68.0,722.0,473.0,576.0,,-195.0
-52.0,2387.0,,-211.0,63.0,957.0,396.0,399.0,,-56.0
7.0,1585.0,,-122.0,46.0,936.0,366.0,450.0,,127.0
28.0,25.0,,-128.0,118.0,787.0,398.0,441.0,,316.0
-15.0,-552.0,,-86.0,188.0,682.0,355.0,362.0,,452.0
16.0,105.0,,-148.0,233.0,701.0,295.0,539.0,,539.0
71.0,710.0,,-100.0,109.0,568.0,358.0,467.0,,624.0
124.0,786.0,,-24.0,13.0,244.0,451.0,733.0,,717.0
71.0,500.0,,-171.0,236.0,95.0,453.0,700.0,,751.0
72.0,398.0,,-266.0,508.0,259.0,369.0,644.0,,690.0
77.0,1341.0,,-183.0,542.0,507.0,327.0,633.0,,569.0
37.0,2264.0,,-184.0,332.0,571.0,437.0,424.0,,459.0
19.0,1191.0,,-176.0,57.0,590.0,568.0,491.0,,353.0
-31.0,-1108.0,,-127.0,-16.0,747.0,524.0,223.0,,269.0
-10.0,-1648.0,,-238.0,-101.0,866.0,412.0,175.0,,232.0
3.0,-247.0,,-201.0,-342.0,874.0,389.0,66.0,,226.0
71.0,221.0,,-217.0,-385.0,914.0,434.0,-20.0,,228.0
169.0,-651.0,,-259.0,-268.0,893.0,448.0,60.0,,180.0
252.0,-596.0,,-296.0,-87.0,763.0,429.0,-160.0,,110.0
336.0,210.0,,-334.0,13.0,609.0,451.0,1.0,,44.0
336.0,-121.0,,-317.0,-11.0,409.0,451.0,73.0,,11.0
302.0,-721.0,,-292.0,-12.0,252.0,422.0,358.0,,39.0
238.0,-450.0,,-247.0,-46.0,275.0,429.0,609.0,,109.0
212.0,-257.0,,-297.0,-33.0,400.0,481.0,624.0,,205.0
244.0,-499.0,,-290.0,27.0,428.0,511.0,859.0,,300.0
301.0,-797.0,,-286.0,121.0,373.0,436.0,818.0,,351.0
343.0,-1076.0,,-303.0,158.0,509.0,333.0,1038.0,,354.0
379.0,-993.0,,-342.0,267.0,850.0,313.0,1062.0,,351.0
357.0,-375.0,,-426.0,385.0,1118.0,396.0,1067.0,,377.0
215.0,372.0,,-305.0,343.0,1174.0,516.0,1136.0,,446.0
41.0,839.0,,-273.0,200.0,1114.0,554.0,927.0,,537.0
-79.0,714.0,,-370.0,-131.0,1052.0,500.0,957.0,,654.0
-47.0,386.0,,-282.0,-327.0,991.0,411.0,668.0,,769.0
93.0,-120.0,,-312.0,-415.0,982.0,357.0,563.0,,850.0
225.0,-1333.0,,-410.0,-438.0,959.0,408.0,415.0,,886.0
222.0,-2141.0,,-442.0,-367.0,832.0,483.0,280.0,,934.0
108.0,-1495.0,,-385.0,-224.0,734.0,437.0,423.0,,1036.0
-56.0,-222.0,,-408.0,45.0,825.0,269.0,258.0,,1122.0
-178.0,377.0,,-398.0,92.0,945.0,186.0,391.0,,1163.0
-209.0,299.0,,-256.0,-97.0,792.0,275.0,349.0,,1142.0
-202.0,490.0,,-332.0,-256.0,568.0,384.0,412.0,,1095.0
-112.0,682.0,,-352.0,-133.0,670.0,392.0,495.0,,1030.0
-63.0,93.0,,-325.0,0.0,1056.0,317.0,343.0,,946.0
-44.0,-529.0,,-356.0,-69.0,1318.0,280.0,432.0,,870.0
-83.0,-356.0,,-306.0,-237.0,1312.0,302.0,234.0,,780.0
-163.0,202.0,,-256.0,-412.0,1504.0,355.0,299.0,,664.0
-224.0,677.0,,-147.0,-323.0,1901.0,406.0,173.0,,519.0
-234.0,840.0,,-194.0,-125.0,1799.0,431.0,11.0,,388.0
-177.0,695.0,,-419.0,28.0,1357.0,353.0,97.0,,291.0
-154.0,339.0,,-290.0,0.0,1134.0,161.0,-14.0,,251.0
-113.0,-149.0,,-81.0,-106.0,1241.0,64.0,144.0,,259.0
-101.0,-892.0,,-174.0,-13.0,1348.0,160.0,-62.0,,274.0
-44.0,-1794.0,,-110.0,111.0,1196.0,281.0,-110.0,,267.0
-68.0,-1905.0,,-117.0,195.0,1113.0,242.0,-107.0,,220.0
-146.0,-907.0,,-261.0,235.0,1208.0,126.0,-166.0,,168.0
-123.0,421.0,,-249.0,184.0,1407.0,75.0,112.0,,112.0
-104.0,1148.0,,-359.0,17.0,1558.0,93.0,57.0,,63.0
-55.0,1161.0,,-196.0,-249.0,1598.0,112.0,266.0,,30.0
-48.0,741.0,,22.0,-386.0,1586.0,56.0,225.0,,17.0
-7.0,75.0,,65.0,-316.0,1762.0,-23.0,60.0,,11.0
50.0,-281.0,,115.0,-253.0,2147.0,-90.0,12.0,,18.0
97.0,-269.0,,0.0,-195.0,2414.0,-155.0,-190.0,,58.0
97.0,-45.0,,30.0,-108.0,2581.0,-146.0,-31.0,,92.0
67.0,450.0,,90.0,-49.0,2623.0,-75.0,-169.0,,95.0
144.0,858.0,,121.0,29.0,2721.0,-49.0,-60.0,,37.0
239.0,506.0,,79.0,-18.0,2708.0,-112.0,7.0,,-54.0
286.0,-368.0,,24.0,-114.0,2275.0,-229.0,-66.0,,-115.0
273.0,-873.0,,-21.0,-29.0,1813.0,-291.0,109.0,,-133.0
267.0,-965.0,,-176.0,131.0,1648.0,-288.0,-24.0,,-85.0
255.0,-927.0,,-255.0,308.0,1659.0,-280.0,101.0,,3.0
243.0,-724.0,,-214.0,407.0,1644.0,-268.0,-33.0,,104.0
224.0,-363.0,,-96.0,422.0,1732.0,-249.0,-90.0,,204.0
202.0,-272.0,,-79.0,460.0,2021.0,-247.0,-33.0,,287.0
182.0,-350.0,,-186.0,323.0,2379.0,-303.0,-79.0,,351.0
92.0,5.0,,-237.0,91.0,2458.0,-363.0,160.0,,363.0
19.0,399.0,,-143.0,28.0,2347.0,-338.0,-5.0,,357.0
11.0,319.0,,-70.0,0.0,2291.0,-274.0,-3.0,,373.0
78.0,77.0,,121.0,-152.0,2064.0,-302.0,-160.0,,419.0
149.0,99.0,,244.0,-370.0,1641.0,-398.0,-321.0,,458.0
169.0,304.0,,139.0,-404.0,1137.0,-375.0,-291.0,,420.0
176.0,347.0,,159.0,-279.0,782.0,-241.0,-471.0,,332.0
188.0,158.0,,165.0,-253.0,696.0,-172.0,-214.0,,255.0
180.0,-62.0,,175.0,-140.0,805.0,-246.0,-179.0,,226.0
153.0,-145.0,,240.0,148.0,957.0,-338.0,-79.0,,242.0
145.0,-139.0,,330.0,355.0,994.0,-388.0,-62.0,,282.0
215.0,-216.0,,342.0,365.0,1088.0,-501.0,-214.0,,308.0
349.0,-291.0,,222.0,172.0,1264.0,-582.0,-29.0,,237.0
389.0,29.0,,170.0,27.0,1316.0,-500.0,-99.0,,59.0
345.0,411.0,,121.0,-23.0,1126.0,-350.0,20.0,,-144.0
336.0,249.0,,69.0,-222.0,790.0,-333.0,-97.0,,-282.0
370.0,-132.0,,71.0,-317.0,577.0,-461.0,-201.0,,-330.0
383.0,-160.0,,79.0,-240.0,611.0,-518.0,-151.0,,-314.0
346.0,134.0,,-62.0,-222.0,554.0,-458.0,-354.0,,-246.0
353.0,241.0,,-56.0,-274.0,391.0,-414.0,-208.0,,-186.0
416.0,281.0,,85.0,-430.0,557.0,-464.0,-247.0,,-174.0
400.0,638.0,,92.0,-503.0,900.0,-517.0,-77.0,,-165.0
320.0,1127.0,,207.0,-461.0,1073.0,-480.0,14.0,,-115.0
253.0,1344.0,,213.0,-439.0,848.0,-469.0,-123.0,,12.0
225.0,1101.0,,217.0,-279.0,764.0,-539.0,-105.0,,169.0
208.0,621.0,,272.0,-8.0,1073.0,-551.0,-400.0,,302.0
154.0,179.0,,253.0,314.0,1235.0,-450.0,-441.0,,412.0
142.0,81.0,,279.0,530.0,1276.0,-419.0,-667.0,,498.0
160.0,116.0,,244.0,394.0,1262.0,-524.0,-746.0,,564.0
176.0,-1.0,,281.0,258.0,1348.0,-592.0,-703.0,,574.0
145.0,-155.0,,470.0,308.0,1438.0,-594.0,-925.0,,516.0
118.0,-384.0,,445.0,298.0,1348.0,-625.0,-796.0,,417.0
119.0,-762.0,,97.0,229.0,1134.0,-662.0,-886.0,,338.0
93.0,-1070.0,,-42.0,136.0,1026.0,-610.0,-685.0,,310.0
94.0,-752.0,,58.0,155.0,1163.0,-543.0,-485.0,,283.0
103.0,-146.0,,150.0,226.0,1222.0,-646.0,-373.0,,222.0
115.0,38.0,,282.0,118.0,1091.0,-785.0,-72.0,,130.0
111.0,-2.0,,408.0,74.0,784.0,-794.0,-18.0,,67.0
96.0,190.0,,411.0,104.0,619.0,-761.0,271.0,,41.0
62.0,584.0,,401.0,54.0,520.0,-772.0,212.0,,25.0
101.0,688.0,,550.0,73.0,323.0,-857.0,256.0,,-1.0
171.0,397.0,,618.0,79.0,231.0,-930.0,293.0,,-44.0
187.0,-8.0,,511.0,117.0,259.0,-910.0,44.0,,-74.0
270.0,-94.0,,451.0,225.0,525.0,-824.0,66.0,,-149.0
315.0,239.0,,395.0,257.0,774.0,-726.0,-205.0,,-283.0
327.0,540.0,,399.0,380.0,971.0,-677.0,-162.0,,-432.0
304.0,311.0,,446.0,481.0,1323.0,-758.0,-169.0,,-551.0
319.0,-414.0,,463.0,387.0,1818.0,-921.0,-181.0,,-599.0
364.0,-961.0,,455.0,290.0,2356.0,-1009.0,-1.0,,-573.0
358.0,-921.0,,418.0,134.0,2542.0,-931.0,-57.0,,-463.0
362.0,-626.0,,387.0,-14.0,2376.0,-736.0,184.0,,-328.0
348.0,-675.0,,444.0,-26.0,2090.0,-635.0,72.0,,-202.0
388.0,-832.0,,577.0,-5.0,1882.0,-726.0,-11.0,,-123.0
333.0,-451.0,,569.0,112.0,1672.0,-888.0,-153.0,,-93.0
291.0,248.0,,595.0,147.0,1210.0,-989.0,-399.0,,-84.0
274.0,797.0,,501.0,-27.0,829.0,-1004.0,-301.0,,-77.0
253.0,1167.0,,468.0,-81.0,786.0,-993.0,-430.0,,-59.0
318.0,1333.0,,532.0,-41.0,857.0,-950.0,-269.0,,-66.0
348.0,1220.0,,433.0,-41.0,765.0,-861.0,-262.0,,-72.0
411.0,747.0,,451.0,5.0,580.0,-841.0,-210.0,,-46.0
419.0,-199.0,,408.0,10.0,661.0,-930.0,-118.0,,9.0
433.0,-1204.0,,415.0,-14.0,1079.0,-984.0,-327.0,,113.0
376.0,-1703.0,,319.0,-40.0,1407.0,-990.0,-247.0,,289.0
333.0,-1663.0,,107.0,-91.0,1237.0,-956.0,-404.0,,521.0
382.0,-1294.0,,61.0,13.0,905.0,-878.0,-262.0,,747.0
389.0,-934.0,,173.0,209.0,902.0,-847.0,-134.0,,895.0
418.0,-665.0,,308.0,336.0,1089.0,-885.0,-75.0,,917.0
383.0,-57.0,,252.0,434.0,1163.0,-955.0,184.0,,804.0
406.0,796.0,,242.0,379.0,1075.0,-980.0,62.0,,599.0
423.0,1178.0,,200.0,232.0,1026.0,-947.0,188.0,,396.0
441.0,897.0,,231.0,199.0,1174.0,-933.0,53.0,,223.0
423.0,385.0,,348.0,139.0,1395.0,-887.0,-44.0,,72.0
412.0,21.0,,264.0,-51.0,1493.0,-833.0,-99.0,,-63.0
450.0,-278.0,,267.0,-266.0,1411.0,-884.0,-301.0,,-220.0
405.0,-532.0,,333.0,-396.0,1397.0,-941.0,-134.0,,-363.0
398.0,-325.0,,401.0,-328.0,1573.0,-942.0,-264.0,,-443.0
327.0,370.0,,470.0,-161.0,1812.0,-930.0,-155.0,,-442.0
288.0,965.0,,440.0,-108.0,1842.0,-896.0,-162.0,,-365.0
276.0,1167.0,,430.0,-92.0,1605.0,-855.0,-182.0,,-273.0
282.0,1084.0,,630.0,-81.0,1540.0,-815.0,27.0,,-248.0
325.0,671.0,,850.0,-164.0,1640.0,-779.0,-5.0,,-344.0
370.0,-10.0,,732.0,-241.0,1507.0,-773.0,243.0,,-496.0
366.0,-575.0,,605.0,-277.0,1087.0,-775.0,184.0,,-565.0
239.0,-663.0,,470.0,-234.0,727.0,-740.0,258.0,,-476.0
141.0,-302.0,,342.0,-73.0,484.0,-719.0,301.0,,-301.0
25.0,-35.0,,347.0,0.0,112.0,-718.0,175.0,,-155.0
-23.0,-247.0,,384.0,-29.0,-205.0,-715.0,291.0,,-91.0
-42.0,-727.0,,414.0,13.0,-255.0,-776.0,29.0,,-168.0
-30.0,-1209.0,,496.0,28.0,-131.0,-849.0,36.0,,-383.0
-11.0,-1490.0,,601.0,-29.0,67.0,-786.0,-103.0,,-625.0
-12.0,-1520.0,,490.0,-71.0,350.0,-673.0,-214.0,,-786.0
17.0,-1352.0,,441.0,-116.0,566.0,-662.0,-181.0,,-812.0
-36.0,-876.0,,337.0,-71.0,588.0,-677.0,-360.0,,-725.0
-35.0,-160.0,,473.0,47.0,611.0,-663.0,-194.0,,-605.0
14.0,425.0,,666.0,54.0,817.0,-664.0,-230.0,,-528.0
77.0,711.0,,735.0,-11.0,839.0,-641.0,-51.0,,-513.0
125.0,878.0,,810.0,-92.0,578.0,-554.0,-3.0,,-549.0
157.0,953.0,,540.0,-183.0,397.0,-455.0,-105.0,,-583.0
205.0,957.0,,328.0,-108.0,309.0,-439.0,51.0,,-584.0
171.0,1057.0,,279.0,92.0,95.0,-504.0,-121.0,,-578.0
100.0,1323.0,,494.0,130.0,-322.0,-521.0,-14.0,,-561.0
43.0,1453.0,,576.0,-29.0,-599.0,-506.0,-86.0,,-551.0
70.0,1077.0,,512.0,-258.0,-667.0,-515.0,-227.0,,-591.0
143.0,552.0,,422.0,-404.0,-642.0,-508.0,-327.0,,-688.0
172.0,363.0,,231.0,-394.0,-636.0,-500.0,-580.0,,-823.0
215.0,354.0,,175.0,-382.0,-628.0,-501.0,-478.0,,-923.0
251.0,219.0,,260.0,-362.0,-379.0,-521.0,-506.0,,-968.0
302.0,15.0,,401.0,-159.0,-66.0,-461.0,-230.0,,-920.0
349.0,-225.0,,308.0,72.0,252.0,-257.0,-133.0,,-743.0
355.0,-576.0,,101.0,130.0,552.0,-134.0,-212.0,,-510.0
418.0,-880.0,,-4.0,44.0,768.0,-178.0,-203.0,,-282.0
440.0,-1071.0,,-96.0,-112.0,921.0,-234.0,-565.0,,-121.0
395.0,-1155.0,,-256.0,-170.0,946.0,-278.0,-613.0,,-25.0
343.0,-1034.0,,-117.0,-69.0,835.0,-320.0,-899.0,,14.0
330.0,-834.0,,30.0,73.0,619.0,-266.0,-1042.0,,31.0
351.0,-831.0,,-7.0,301.0,521.0,-99.0,-1051.0,,138.0
350.0,-955.0,,-165.0,558.0,469.0,24.0,-1145.0,,307.0
356.0,-1154.0,,-152.0,535.0,164.0,-1.0,-912.0,,428.0
318.0,-1595.0,,-55.0,255.0,-340.0,-99.0,-1008.0,,433.0
260.0,-2139.0,,-158.0,-5.0,-636.0,-105.0,-798.0,,355.0
163.0,-2355.0,,29.0,-125.0,-598.0,-4.0,-691.0,,251.0
53.0,-2072.0,,136.0,-34.0,-682.0,27.0,-644.0,,146.0
-15.0,-1599.0,,40.0,138.0,-868.0,-31.0,-450.0,,66.0
-72.0,-1136.0,,-138.0,200.0,-892.0,-89.0,-526.0,,82.0
-115.0,-543.0,,-211.0,208.0,-687.0,-57.0,-282.0,,188.0
-109.0,234.0,,-99.0,159.0,-242.0,-49.0,-240.0,,262.0
-82.0,1029.0,,4.0,77.0,55.0,-80.0,-42.0,,227.0
-85.0,1573.0,,33.0,139.0,174.0,14.0,27.0,,90.0
-81.0,1689.0,,44.0,231.0,339.0,62.0,-149.0,,-49.0
-89.0,1429.0,,128.0,165.0,579.0,32.0,-116.0,,-156.0
-81.0,1083.0,,27.0,32.0,674.0,-15.0,-371.0,,-235.0
-88.0,880.0,,-46.0,-102.0,475.0,-55.0,-330.0,,-270.0
-106.0,590.0,,-55.0,-181.0,149.0,44.0,-412.0,,-268.0
-141.0,40.0,,10.0,-159.0,-256.0,168.0,-428.0,,-249.0
-154.0,-379.0,,76.0,-170.0,-571.0,213.0,-375.0,,-232.0
-132.0,-252.0,,-48.0,-162.0,-827.0,199.0,-580.0,,-183.0
-178.0,425.0,,-105.0,-25.0,-1024.0,169.0,-504.0,,-74.0
-217.0,1234.0,,-126.0,86.0,-1023.0,164.0,-702.0,,74.0
-230.0,1653.0,,-76.0,147.0,-786.0,183.0,-707.0,,170.0
-191.0,1484.0,,38.0,199.0,-439.0,283.0,-703.0,,188.0
-175.0,874.0,,48.0,174.0,-200.0,379.0,-635.0,,133.0
-181.0,76.0,,-11.0,128.0,-39.0,315.0,-334.0,,12.0
-158.0,-639.0,,38.0,68.0,84.0,146.0,-327.0,,-98.0
-96.0,-875.0,,77.0,-37.0,321.0,67.0,-59.0,,-165.0
-23.0,-444.0,,134.0,-50.0,492.0,158.0,-70.0,,-174.0
-22.0,231.0,,190.0,16.0,414.0,261.0,-60.0,,-195.0
-36.0,620.0,,-3.0,59.0,166.0,316.0,-149.0,,-336.0
-125.0,620.0,,-37.0,123.0,-81.0,425.0,-454.0,,-618.0
-185.0,401.0,,27.0,137.0,-298.0,440.0,-397.0,,-972.0
-265.0,-37.0,,34.0,78.0,-732.0,227.0,-578.0,,-1287.0
-261.0,-648.0,,205.0,85.0,-987.0,83.0,-458.0,,-1445.0
-160.0,-901.0,,257.0,99.0,-924.0,161.0,-417.0,,-1390.0
-76.0,-476.0,,163.0,132.0,-884.0,345.0,-399.0,,-1195.0
85.0,286.0,,186.0,269.0,-893.0,447.0,-205.0,,-986.0
118.0,795.0,,87.0,337.0,-797.0,330.0,-267.0,,-864.0
92.0,766.0,,134.0,306.0,-607.0,236.0,-88.0,,-882.0
-26.0,435.0,,199.0,259.0,-494.0,282.0,-190.0,,-992.0
-49.0,13.0,,49.0,138.0,-423.0,341.0,-83.0,,-1044.0
-8.0,-558.0,,-9.0,42.0,-363.0,353.0,-9.0,,-955.0
-44.0,-1209.0,,-175.0,40.0,-344.0,329.0,-110.0,,-746.0
-18.0,-1575.0,,-173.0,46.0,-441.0,350.0,97.0,,-494.0
-19.0,-1426.0,,62.0,83.0,-584.0,336.0,1.0,,-317.0
54.0,-932.0,,132.0,59.0,-747.0,263.0,151.0,,-250.0
15.0,-422.0,,94.0,-107.0,-891.0,261.0,11.0,,-288.0
1.0,-99.0,,190.0,-205.0,-987.0,359.0,-107.0,,-370.0
78.0,70.0,,211.0,-185.0,-1079.0,433.0,-29.0,,-437.0
136.0,227.0,,88.0,-151.0,-1050.0,389.0,-129.0,,-467.0
154.0,404.0,,-41.0,-120.0,-957.0,328.0,157.0,,-391.0
69.0,683.0,,141.0,-207.0,-954.0,289.0,116.0,,-220.0
40.0,972.0,,287.0,-326.0,-934.0,294.0,218.0,,4.0
4.0,935.0,,140.0,-293.0,-614.0,362.0,181.0,,209.0
18.0,632.0,,208.0,-231.0,-330.0,442.0,107.0,,364.0
37.0,191.0,,184.0,-162.0,-369.0,490.0,321.0,,499.0
114.0,-383.0,,114.0,-54.0,-450.0,389.0,206.0,,576.0
182.0,-927.0,,31.0,-24.0,-315.0,308.0,330.0,,575.0
117.0,-1164.0,,75.0,-25.0,-122.0,418.0,129.0,,469.0
5.0,-916.0,,202.0,-14.0,-161.0,507.0,70.0,,291.0
-142.0,-388.0,,-141.0,-41.0,-267.0,458.0,79.0,,162.0
-177.0,38.0,,-281.0,-37.0,-189.0,316.0,-144.0,,142.0
-154.0,155.0,,190.0,-23.0,-112.0,215.0,-97.0,,211.0
-58.0,62.0,,317.0,-12.0,-458.0,244.0,-338.0,,299.0
79.0,25.0,,81.0,114.0,-936.0,361.0,-201.0,,389.0
181.0,195.0,,24.0,196.0,-1080.0,445.0,-86.0,,498.0
246.0,476.0,,103.0,110.0,-979.0,396.0,20.0,,635.0
242.0,748.0,,-6.0,21.0,-1068.0,292.0,227.0,,779.0
224.0,873.0,,-204.0,-49.0,-1300.0,236.0,151.0,,872.0
233.0,762.0,,-152.0,-41.0,-1283.0,255.0,384.0,,891.0
267.0,542.0,,-128.0,39.0,-1193.0,294.0,221.0,,850.0
261.0,269.0,,20.0,22.0,-1077.0,291.0,160.0,,735.0
236.0,-35.0,,28.0,1.0,-768.0,289.0,134.0,,533.0
207.0,-210.0,,-82.0,32.0,-315.0,331.0,40.0,,266.0
212.0,-136.0,,14.0,29.0,16.0,367.0,247.0,,22.0
202.0,125.0,,-114.0,87.0,156.0,351.0,145.0,,-73.0
200.0,370.0,,-255.0,144.0,312.0,359.0,280.0,,9.0
258.0,481.0,,-15.0,81.0,481.0,384.0,151.0,,196.0
249.0,477.0,,17.0,4.0,232.0,334.0,5.0,,356.0
170.0,280.0,,-234.0,-107.0,8.0,252.0,-68.0,,416.0
86.0,-71.0,,-85.0,-220.0,267.0,241.0,-356.0,,378.0
108.0,-326.0,,15.0,-232.0,283.0,307.0,-328.0,,222.0
146.0,-262.0,,-80.0,-254.0,-119.0,396.0,-596.0,,-10.0
161.0,82.0,,-14.0,-219.0,-567.0,430.0,-617.0,,-253.0
218.0,487.0,,-46.0,-55.0,-594.0,402.0,-631.0,,-447.0
245.0,795.0,,-235.0,65.0,-611.0,396.0,-580.0,,-565.0
210.0,855.0,,-301.0,140.0,-981.0,448.0,-304.0,,-639.0
120.0,561.0,,-154.0,128.0,-1230.0,445.0,-397.0,,-698.0
92.0,57.0,,-194.0,-40.0,-1304.0,359.0,-197.0,,-754.0
141.0,-313.0,,-359.0,-184.0,-1415.0,330.0,-199.0,,-799.0
231.0,-492.0,,-140.0,-263.0,-1612.0,338.0,-46.0,,-829.0
289.0,-590.0,,27.0,-273.0,-1575.0,350.0,184.0,,-879.0
261.0,-592.0,,-74.0,-129.0,-1245.0,417.0,258.0,,-929.0
176.0,-421.0,,-11.0,2.0,-945.0,534.0,558.0,,-933.0
32.0,-152.0,,8.0,85.0,-891.0,587.0,465.0,,-875.0
-131.0,-143.0,,-76.0,153.0,-684.0,467.0,509.0,,-756.0
-282.0,-517.0,,-124.0,65.0,-459.0,330.0,299.0,,-621.0
-323.0,-1149.0,,-141.0,-38.0,-561.0,289.0,118.0,,-499.0
-317.0,-1782.0,,-95.0,-33.0,-621.0,275.0,201.0,,-396.0
-262.0,-2113.0,,-32.0,-22.0,-634.0,302.0,22.0,,-280.0
-161.0,-1977.0,,-17.0,28.0,-767.0,391.0,73.0,,-129.0
-64.0,-1355.0,,-65.0,50.0,-1090.0,464.0,-158.0,,-37.0
52.0,-406.0,,-26.0,33.0,-1190.0,426.0,-136.0,,-87.0
76.0,564.0,,-28.0,108.0,-904.0,308.0,-46.0,,-283.0
47.0,1202.0,,-238.0,130.0,-782.0,249.0,-55.0,,-549.0
-46.0,1378.0,,-370.0,87.0,-943.0,251.0,166.0,,-790.0
-147.0,1191.0,,-338.0,101.0,-979.0,183.0,-12.0,,-955.0
-188.0,815.0,,-276.0,69.0,-749.0,133.0,114.0,,-971.0
-234.0,547.0,,-175.0,56.0,-583.0,266.0,142.0,,-827.0
-163.0,604.0,,-138.0,96.0,-606.0,510.0,266.0,,-602.0
-36.0,875.0,,-261.0,55.0,-576.0,632.0,532.0,,-389.0
93.0,1113.0,,-364.0,8.0,-522.0,512.0,493.0,,-285.0
119.0,1125.0,,-282.0,-41.0,-615.0,352.0,620.0,,-314.0
54.0,969.0,,-205.0,-96.0,-702.0,321.0,334.0,,-411.0
16.0,910.0,,-122.0,-30.0,-785.0,345.0,251.0,,-533.0
-114.0,965.0,,-24.0,17.0,-901.0,315.0,101.0,,-628.0
-183.0,920.0,,-46.0,23.0,-995.0,218.0,-86.0,,-650.0
-152.0,718.0,,34.0,119.0,-1104.0,255.0,46.0,,-593.0
0.0,455.0,,207.0,189.0,-1191.0,478.0,-110.0,,-461.0
194.0,264.0,,300.0,229.0,-1168.0,599.0,134.0,,-316.0
319.0,244.0,,231.0,265.0,-1174.0,478.0,151.0,,-195.0
437.0,301.0,,87.0,232.0,-1229.0,275.0,169.0,,-122.0
427.0,396.0,,-42.0,284.0,-1148.0,230.0,291.0,,-120.0
344.0,487.0,,-113.0,386.0,-1095.0,344.0,258.0,,-172.0
172.0,498.0,,-85.0,417.0,-991.0,431.0,498.0,,-257.0
63.0,431.0,,-71.0,460.0,-857.0,531.0,378.0,,-297.0
54.0,229.0,,-68.0,404.0,-784.0,676.0,532.0,,-285.0
79.0,-160.0,,-3.0,230.0,-619.0,740.0,554.0,,-240.0
194.0,-670.0,,-97.0,85.0,-561.0,685.0,482.0,,-192.0
239.0,-1020.0,,-347.0,-70.0,-555.0,561.0,583.0,,-144.0
263.0,-1201.0,,-345.0,-118.0,-482.0,520.0,351.0,,-64.0
146.0,-1402.0,,-276.0,-44.0,-417.0,583.0,506.0,,-28.0
21.0,-1543.0,,-366.0,-49.0,-477.0,670.0,447.0,,-32.0
-38.0,-1507.0,,-346.0,-71.0,-625.0,723.0,424.0,,-47.0
-73.0,-1404.0,,-262.0,-134.0,-501.0,655.0,432.0,,-21.0
-42.0,-1345.0,,-310.0,-309.0,-294.0,610.0,341.0,,30.0
-40.0,-1247.0,,-165.0,-438.0,-467.0,725.0,565.0,,39.0
32.0,-1056.0,,37.0,-494.0,-796.0,871.0,511.0,,39.0
0.0,-775.0,,-62.0,-450.0,-758.0,833.0,716.0,,4.0
-60.0,-567.0,,-287.0,-286.0,-375.0,678.0,685.0,,-48.0
-185.0,-433.0,,-332.0,-224.0,-225.0,665.0,602.0,,-112.0
-377.0,-115.0,,-197.0,-209.0,-321.0,799.0,630.0,,-153.0
-473.0,353.0,,-172.0,-129.0,-208.0,931.0,428.0,,-108.0
-492.0,694.0,,-79.0,-115.0,151.0,928.0,609.0,,-2.0
-378.0,821.0,,-2.0,-108.0,310.0,836.0,530.0,,149.0
-361.0,847.0,,51.0,-121.0,64.0,785.0,630.0,,300.0
-338.0,793.0,,209.0,-165.0,169.0,816.0,598.0,,468.0
-355.0,602.0,,281.0,-97.0,487.0,890.0,382.0,,674.0
-460.0,336.0,,320.0,-38.0,559.0,844.0,423.0,,856.0
-547.0,238.0,,359.0,-16.0,613.0,732.0,210.0,,969.0
-603.0,323.0,,318.0,65.0,563.0,745.0,402.0,,983.0
-527.0,436.0,,288.0,66.0,611.0,797.0,424.0,,914.0
-513.0,437.0,,329.0,44.0,559.0,805.0,515.0,,777.0
-553.0,358.0,,103.0,107.0,437.0,839.0,661.0,,625.0
-683.0,290.0,,-68.0,164.0,367.0,898.0,489.0,,528.0
-825.0,230.0,,-45.0,264.0,146.0,878.0,587.0,,475.0
-870.0,246.0,,-176.0,341.0,2.0,713.0,400.0,,414.0
-893.0,270.0,,-276.0,310.0,-54.0,527.0,397.0,,253.0
-810.0,332.0,,-389.0,277.0,-77.0,480.0,304.0,,-2.0
-735.0,361.0,,-208.0,183.0,-148.0,564.0,290.0,,-266.0
-712.0,235.0,,-28.0,91.0,-177.0,652.0,617.0,,-493.0
-771.0,-19.0,,-40.0,143.0,-79.0,595.0,620.0,,-626.0
-821.0,-323.0,,14.0,195.0,69.0,494.0,800.0,,-609.0
-785.0,-551.0,,-72.0,210.0,70.0,563.0,593.0,,-441.0
-741.0,-585.0,,-106.0,213.0,-54.0,710.0,397.0,,-209.0
-663.0,-274.0,,-246.0,138.0,164.0,716.0,229.0,,-43.0
-598.0,176.0,,-325.0,109.0,568.0,522.0,-109.0,,17.0
-562.0,594.0,,-271.0,147.0,686.0,354.0,-73.0,,-5.0
-576.0,944.0,,-214.0,167.0,742.0,403.0,-216.0,,-84.0
-617.0,1169.0,,-221.0,230.0,962.0,562.0,-72.0,,-176.0
-620.0,1280.0,,-282.0,247.0,1250.0,659.0,-110.0,,-214.0
-569.0,1265.0,,-266.0,219.0,1381.0,529.0,-240.0,,-149.0
-488.0,1281.0,,-311.0,278.0,1154.0,247.0,-168.0,,30.0
-381.0,1393.0,,-296.0,293.0,895.0,143.0,-249.0,,271.0
-309.0,1422.0,,-319.0,262.0,767.0,243.0,49.0,,495.0
-291.0,1242.0,,-401.0,269.0,703.0,330.0,48.0,,676.0
-306.0,976.0,,-350.0,242.0,619.0,333.0,171.0,,792.0
-348.0,765.0,,-228.0,245.0,479.0,364.0,352.0,,846.0
-361.0,778.0,,-207.0,245.0,532.0,373.0,354.0,,855.0
-390.0,1022.0,,-85.0,153.0,814.0,180.0,563.0,,834.0
-431.0,1143.0,,-62.0,102.0,1129.0,35.0,450.0,,787.0
-472.0,953.0,,-119.0,106.0,1299.0,107.0,591.0,,699.0
-415.0,583.0,,-17.0,116.0,1275.0,185.0,545.0,,614.0
-326.0,192.0,,-90.0,170.0,1204.0,229.0,485.0,,555.0
-301.0,-239.0,,-93.0,176.0,1214.0,230.0,493.0,,513.0
-308.0,-672.0,,-183.0,101.0,1139.0,165.0,295.0,,527.0
-388.0,-1023.0,,-296.0,41.0,841.0,175.0,400.0,,619.0
-445.0,-1227.0,,-166.0,-26.0,646.0,294.0,158.0,,762.0
-549.0,-1258.0,,-171.0,-77.0,750.0,361.0,227.0,,920.0
-597.0,-1222.0,,-119.0,-44.0,852.0,197.0,334.0,,1043.0
-565.0,-1077.0,,-11.0,-5.0,770.0,-104.0,360.0,,1130.0
-545.0,-853.0,,-73.0,57.0,644.0,-209.0,556.0,,1155.0
-533.0,-725.0,,-104.0,143.0,803.0,-26.0,321.0,,1096.0
-577.0,-744.0,,2.0,139.0,1131.0,194.0,369.0,,969.0
-571.0,-814.0,,10.0,87.0,1245.0,254.0,194.0,,773.0
-624.0,-922.0,,35.0,57.0,1180.0,129.0,109.0,,562.0
-640.0,-1063.0,,76.0,39.0,1091.0,-49.0,203.0,,343.0
-639.0,-1188.0,,-51.0,82.0,1093.0,-157.0,205.0,,140.0
-631.0,-1314.0,,-9.0,136.0,1069.0,-233.0,441.0,,10.0
-573.0,-1235.0,,44.0,124.0,994.0,-255.0,238.0,,-18.0
-582.0,-903.0,,20.0,131.0,857.0,-185.0,164.0,,49.0
-599.0,-407.0,,-41.0,119.0,740.0,-28.0,-46.0,,148.0
-661.0,94.0,,-100.0,55.0,804.0,83.0,-197.0,,234.0
-669.0,586.0,,-98.0,18.0,874.0,-12.0,-75.0,,251.0
-719.0,1192.0,,-172.0,-47.0,934.0,-176.0,-140.0,,187.0
-733.0,1699.0,,-179.0,-138.0,1111.0,-241.0,121.0,,78.0
-646.0,1837.0,,-128.0,-179.0,1410.0,-221.0,88.0,,-46.0
-552.0,1483.0,,-32.0,-211.0,1604.0,-298.0,142.0,,-138.0
-464.0,896.0,,46.0,-203.0,1592.0,-493.0,120.0,,-194.0
-525.0,160.0,,114.0,-136.0,1479.0,-518.0,-51.0,,-240.0
-561.0,-614.0,,124.0,-126.0,1262.0,-311.0,88.0,,-289.0
-600.0,-1105.0,,88.0,-135.0,1020.0,-149.0,-25.0,,-353.0
-630.0,-1249.0,,86.0,-118.0,805.0,-188.0,133.0,,-418.0
-655.0,-1127.0,,50.0,-160.0,669.0,-288.0,60.0,,-463.0
-672.0,-1137.0,,79.0,-199.0,565.0,-366.0,25.0,,-477.0
-645.0,-1313.0,,-48.0,-196.0,435.0,-434.0,127.0,,-452.0
-689.0,-1453.0,,-117.0,-171.0,488.0,-500.0,-48.0,,-394.0
-698.0,-1495.0,,-1.0,-81.0,637.0,-556.0,103.0,,-318.0
-747.0,-1556.0,,-114.0,-7.0,682.0,-482.0,-16.0,,-275.0
-751.0,-1712.0,,-166.0,3.0,709.0,-238.0,51.0,,-269.0
-681.0,-1860.0,,-104.0,21.0,592.0,-49.0,79.0,,-268.0
-595.0,-2061.0,,-175.0,-8.0,345.0,-121.0,18.0,,-264.0
-439.0,-2125.0,,-221.0,-114.0,214.0,-355.0,205.0,,-243.0
-344.0,-2015.0,,-74.0,-190.0,239.0,-522.0,44.0,,-231.0
-222.0,-1774.0,,40.0,-271.0,388.0,-486.0,110.0,,-238.0
-169.0,-1406.0,,-33.0,-360.0,395.0,-326.0,7.0,,-272.0
-214.0,-949.0,,-57.0,-355.0,117.0,-260.0,73.0,,-317.0
-229.0,-407.0,,-75.0,-299.0,16.0,-344.0,291.0,,-332.0
-227.0,104.0,,-55.0,-231.0,59.0,-451.0,288.0,,-287.0
-188.0,731.0,,38.0,-170.0,-135.0,-457.0,508.0,,-158.0
-183.0,1377.0,,-30.0,-191.0,-436.0,-348.0,406.0,,40.0
-86.0,1781.0,,-65.0,-245.0,-567.0,-235.0,530.0,,282.0
72.0,1707.0,,-142.0,-287.0,-527.0,-152.0,460.0,,507.0
142.0,1104.0,,-225.0,-332.0,-646.0,-101.0,168.0,,663.0
176.0,473.0,,-84.0,-289.0,-693.0,-181.0,48.0,,696.0
223.0,190.0,,-110.0,-200.0,-459.0,-367.0,-273.0,,620.0
310.0,243.0,,-48.0,-209.0,-277.0,-482.0,-210.0,,508.0
372.0,588.0,,131.0,-265.0,-234.0,-370.0,-321.0,,376.0
410.0,1012.0,,274.0,-332.0,-121.0,-112.0,-293.0,,257.0
444.0,1134.0,,318.0,-389.0,195.0,-3.0,-218.0,,153.0
456.0,987.0,,82.0,-362.0,299.0,-181.0,-306.0,,58.0
406.0,680.0,,50.0,-307.0,52.0,-444.0,-133.0,,-18.0
296.0,252.0,,-7.0,-259.0,-25.0,-542.0,-249.0,,-49.0
272.0,-98.0,,-87.0,-170.0,65.0,-411.0,-79.0,,-35.0
315.0,-358.0,,-117.0,-135.0,-307.0,-169.0,-24.0,,-33.0
354.0,-598.0,,-176.0,-176.0,-917.0,-112.0,62.0,,-53.0
355.0,-745.0,,-94.0,-193.0,-1271.0,-266.0,303.0,,-122.0
327.0,-716.0,,-83.0,-228.0,-1535.0,-414.0,240.0,,-214.0
393.0,-553.0,,52.0,-276.0,-1703.0,-450.0,467.0,,-274.0
374.0,-257.0,,34.0,-265.0,-1974.0,-334.0,341.0,,-295.0
267.0,189.0,,-124.0,-228.0,-2130.0,-239.0,190.0,,-277.0
173.0,746.0,,-161.0,-135.0,-1992.0,-285.0,-112.0,,-226.0
143.0,1252.0,,-74.0,-35.0,-2040.0,-423.0,-532.0,,-179.0
180.0,1446.0,,-17.0,-54.0,-2051.0,-555.0,-642.0,,-135.0
115.0,1253.0,,-92.0,-89.0,-1866.0,-533.0,-921.0,,-83.0
117.0,816.0,,-10.0,-57.0,-1688.0,-373.0,-783.0,,-53.0
140.0,314.0,,-54.0,-26.0,-1519.0,-194.0,-766.0,,-48.0
158.0,-22.0,,-92.0,19.0,-1471.0,-137.0,-648.0,,-89.0
142.0,34.0,,44.0,44.0,-1502.0,-317.0,-419.0,,-193.0
106.0,348.0,,96.0,13.0,-1448.0,-603.0,-428.0,,-362.0
152.0,718.0,,155.0,8.0,-1344.0,-718.0,-173.0,,-596.0
109.0,1044.0,,152.0,-1.0,-1271.0,-565.0,-271.0,,-868.0
80.0,1208.0,,87.0,-27.0,-1404.0,-341.0,-149.0,,-1087.0
59.0,1312.0,,110.0,15.0,-1713.0,-345.0,-66.0,,-1203.0
78.0,1394.0,,-40.0,51.0,-1763.0,-477.0,-79.0,,-1236.0
113.0,1319.0,,-238.0,28.0,-1747.0,-472.0,88.0,,-1222.0
102.0,1069.0,,-103.0,10.0,-1971.0,-357.0,-118.0,,-1212.0
113.0,714.0,,-112.0,-26.0,-2305.0,-312.0,-97.0,,-1230.0
98.0,378.0,,-290.0,-45.0,-2583.0,-426.0,-254.0,,-1279.0
107.0,186.0,,-155.0,-14.0,-2566.0,-540.0,-253.0,,-1320.0
99.0,111.0,,-125.0,-21.0,-2616.0,-558.0,-203.0,,-1309.0
143.0,81.0,,-141.0,-19.0,-2786.0,-510.0,-303.0,,-1222.0
210.0,62.0,,-71.0,30.0,-2825.0,-465.0,-96.0,,-1079.0
250.0,133.0,,-110.0,43.0,-2769.0,-471.0,-238.0,,-894.0
306.0,349.0,,3.0,61.0,-2485.0,-458.0,-142.0,,-693.0
336.0,632.0,,-61.0,106.0,-2307.0,-400.0,-140.0,,-508.0
371.0,813.0,,-157.0,116.0,-2243.0,-328.0,-127.0,,-330.0
389.0,698.0,,-1.0,145.0,-2125.0,-373.0,118.0,,-187.0
446.0,403.0,,-156.0,173.0,-2115.0,-493.0,109.0,,-93.0
496.0,105.0,,-322.0,138.0,-2035.0,-478.0,267.0,,-80.0
549.0,-168.0,,-191.0,111.0,-1876.0,-373.0,64.0,,-136.0
622.0,-461.0,,-174.0,89.0,-1885.0,-314.0,1.0,,-243.0
657.0,-708.0,,-145.0,37.0,-1961.0,-311.0,-112.0,,-388.0
682.0,-732.0,,-56.0,24.0,-1719.0,-283.0,-330.0,,-512.0
641.0,-645.0,,61.0,33.0,-1475.0,-218.0,-238.0,,-593.0
616.0,-602.0,,147.0,28.0,-1680.0,-258.0,-400.0,,-607.0
590.0,-599.0,,224.0,26.0,-2027.0,-422.0,-240.0,,-556.0
635.0,-514.0,,223.0,-31.0,-2093.0,-506.0,-260.0,,-450.0
696.0,-228.0,,87.0,-94.0,-2085.0,-378.0,-267.0,,-315.0
696.0,286.0,,137.0,-78.0,-2237.0,-208.0,-216.0,,-187.0
732.0,880.0,,138.0,-58.0,-2310.0,-197.0,-404.0,,-116.0
688.0,1283.0,,198.0,-34.0,-2288.0,-304.0,-264.0,,-133.0
629.0,1440.0,,138.0,48.0,-2241.0,-378.0,-386.0,,-225.0
543.0,1353.0,,66.0,121.0,-2287.0,-338.0,-277.0,,-364.0
490.0,1110.0,,84.0,189.0,-2280.0,-265.0,-225.0,,-493.0
482.0,766.0,,-71.0,271.0,-2002.0,-268.0,-308.0,,-572.0
522.0,303.0,,62.0,295.0,-1588.0,-389.0,-218.0,,-566.0
613.0,-169.0,,-1.0,319.0,-1311.0,-522.0,-421.0,,-515.0
620.0,-663.0,,-63.0,355.0,-1203.0,-512.0,-303.0,,-498.0
569.0,-1020.0,,-1.0,323.0,-1237.0,-368.0,-410.0,,-526.0
482.0,-1003.0,,-185.0,297.0,-1378.0,-275.0,-408.0,,-606.0
464.0,-739.0,,-124.0,281.0,-1222.0,-304.0,-267.0,,-714.0
419.0,-467.0,,11.0,222.0,-946.0,-361.0,-352.0,,-782.0
390.0,-235.0,,36.0,185.0,-960.0,-474.0,-227.0,,-760.0
440.0,-10.0,,-46.0,156.0,-1228.0,-640.0,-487.0,,-653.0
556.0,128.0,,-34.0,145.0,-1276.0,-757.0,-535.0,,-502.0
676.0,105.0,,-158.0,229.0,-907.0,-667.0,-613.0,,-366.0
680.0,-41.0,,-387.0,330.0,-678.0,-456.0,-663.0,,-293.0
684.0,-183.0,,-290.0,390.0,-806.0,-404.0,-521.0,,-298.0
655.0,-182.0,,-304.0,438.0,-878.0,-541.0,-668.0,,-351.0
619.0,-19.0,,-285.0,420.0,-523.0,-718.0,-498.0,,-396.0
549.0,278.0,,-138.0,364.0,-89.0,-739.0,-576.0,,-397.0
546.0,519.0,,-19.0,325.0,-74.0,-586.0,-489.0,,-341.0
605.0,428.0,,37.0,237.0,-254.0,-435.0,-288.0,,-273.0
629.0,185.0,,-66.0,140.0,-208.0,-453.0,-166.0,,-243.0
622.0,-3.0,,62.0,75.0,-43.0,-575.0,186.0,,-282.0
561.0,-66.0,,256.0,-21.0,-160.0,-622.0,90.0,,-387.0
541.0,103.0,,185.0,-101.0,-460.0,-576.0,88.0,,-520.0
524.0,417.0,,117.0,-141.0,-500.0,-502.0,-218.0,,-638.0
563.0,735.0,,102.0,-187.0,-354.0,-450.0,-556.0,,-691.0
536.0,905.0,,125.0,-167.0,-208.0,-416.0,-692.0,,-698.0
480.0,1155.0,,208.0,-93.0,-257.0,-433.0,-999.0,,-674.0
468.0,1611.0,,285.0,-51.0,-367.0,-477.0,-883.0,,-639.0
399.0,1923.0,,366.0,7.0,-180.0,-442.0,-907.0,,-643.0
299.0,1868.0,,324.0,54.0,44.0,-371.0,-705.0,,-700.0
166.0,1524.0,,291.0,45.0,78.0,-378.0,-620.0,,-805.0
132.0,1000.0,,417.0,34.0,-60.0,-498.0,-692.0,,-906.0
135.0,353.0,,497.0,-10.0,-137.0,-636.0,-541.0,,-984.0
166.0,-43.0,,580.0,-66.0,3.0,-659.0,-650.0,,-1049.0
188.0,-187.0,,660.0,-51.0,327.0,-541.0,-432.0,,-1106.0
242.0,-284.0,,605.0,-47.0,750.0,-331.0,-467.0,,-1156.0
347.0,-393.0,,529.0,-59.0,922.0,-171.0,-441.0,,-1179.0
360.0,-548.0,,508.0,-31.0,694.0,-160.0,-410.0,,-1156.0
400.0,-590.0,,417.0,-34.0,295.0,-213.0,-559.0,,-1068.0
416.0,-549.0,,190.0,-27.0,-57.0,-244.0,-341.0,,-936.0
401.0,-423.0,,27.0,25.0,-331.0,-238.0,-469.0,,-793.0
361.0,-375.0,,54.0,71.0,-564.0,-249.0,-448.0,,-684.0
348.0,-541.0,,190.0,157.0,-563.0,-248.0,-618.0,,-644.0
381.0,-763.0,,238.0,255.0,-332.0,-139.0,-748.0,,-663.0
372.0,-752.0,,180.0,290.0,-254.0,-32.0,-661.0,,-717.0
348.0,-465.0,,231.0,332.0,-233.0,-76.0,-892.0,,-730.0
329.0,-287.0,,325.0,376.0,-15.0,-229.0,-848.0,,-629.0
372.0,-216.0,,337.0,362.0,358.0,-314.0,-1025.0,,-386.0
326.0,-257.0,,481.0,341.0,577.0,-225.0,-946.0,,-30.0
218.0,-342.0,,584.0,305.0,430.0,-84.0,-857.0,,313.0
179.0,-269.0,,574.0,269.0,228.0,-56.0,-938.0,,550.0
235.0,-61.0,,629.0,306.0,218.0,-132.0,-809.0,,643.0
333.0,272.0,,496.0,343.0,293.0,-176.0,-1021.0,,587.0
368.0,551.0,,477.0,324.0,304.0,-128.0,-909.0,,432.0
406.0,648.0,,457.0,290.0,377.0,-35.0,-827.0,,234.0
439.0,498.0,,419.0,201.0,514.0,15.0,-589.0,,62.0
443.0,204.0,,526.0,93.0,597.0,-21.0,-225.0,,-63.0
350.0,-118.0,,396.0,49.0,681.0,-84.0,-194.0,,-162.0
281.0,-429.0,,393.0,5.0,715.0,-124.0,11.0,,-233.0
285.0,-650.0,,435.0,-28.0,753.0,-119.0,-138.0,,-293.0
266.0,-788.0,,357.0,-29.0,882.0,-120.0,-164.0,,-343.0
276.0,-802.0,,238.0,-56.0,1026.0,-144.0,-258.0,,-352.0
267.0,-758.0,,243.0,-32.0,1078.0,-89.0,-456.0,,-287.0
278.0,-693.0,,220.0,31.0,1062.0,-59.0,-400.0,,-159.0
262.0,-601.0,,19.0,42.0,1212.0,-143.0,-561.0,,5.0
199.0,-430.0,,190.0,68.0,1516.0,-283.0,-439.0,,150.0
151.0,-276.0,,262.0,102.0,1699.0,-364.0,-441.0,,225.0
113.0,-268.0,,249.0,111.0,1590.0,-287.0,-267.0,,230.0
102.0,-200.0,,364.0,184.0,1396.0,-154.0,14.0,,159.0
94.0,18.0,,359.0,268.0,1489.0,-82.0,53.0,,63.0
78.0,191.0,,328.0,281.0,1649.0,-129.0,297.0,,-16.0
41.0,134.0,,284.0,257.0,1679.0,-218.0,162.0,,-68.0
1.0,-161.0,,282.0,171.0,1621.0,-230.0,181.0,,-83.0
-64.0,-601.0,,89.0,101.0,1633.0,-191.0,105.0,,-83.0
-170.0,-1016.0,,104.0,126.0,1922.0,-174.0,-42.0,,-104.0
-256.0,-1348.0,,183.0,119.0,2154.0,-219.0,-27.0,,-166.0
-235.0,-1480.0,,153.0,75.0,2270.0,-286.0,-295.0,,-251.0
-163.0,-1398.0,,187.0,56.0,2331.0,-287.0,-280.0,,-319.0
-93.0,-1255.0,,56.0,6.0,2337.0,-252.0,-497.0,,-343.0
-2.0,-1007.0,,-27.0,-13.0,2308.0,-250.0,-561.0,,-310.0
71.0,-652.0,,-193.0,15.0,2163.0,-265.0,-545.0,,-208.0
72.0,-242.0,,-156.0,17.0,2060.0,-287.0,-563.0,,-70.0
-21.0,37.0,,-110.0,22.0,1965.0,-289.0,-232.0,,67.0
-103.0,174.0,,-178.0,0.0,1903.0,-260.0,-208.0,,161.0
-131.0,195.0,,-114.0,-88.0,1947.0,-222.0,24.0,,202.0
-100.0,111.0,,-187.0,-138.0,2061.0,-170.0,53.0,,228.0
-56.0,63.0,,-231.0,-171.0,1880.0,-169.0,60.0,,252.0
17.0,36.0,,-233.0,-229.0,1421.0,-290.0,116.0,,286.0
107.0,121.0,,-34.0,-230.0,1309.0,-451.0,-158.0,,301.0
160.0,159.0,,53.0,-216.0,1577.0,-504.0,-162.0,,273.0
161.0,57.0,,46.0,-195.0,1906.0,-412.0,-406.0,,183.0
132.0,-85.0,,231.0,-127.0,2034.0,-289.0,-358.0,,7.0
137.0,-246.0,,138.0,-88.0,2111.0,-292.0,-304.0,,-241.0
131.0,-352.0,,52.0,-57.0,2380.0,-385.0,-339.0,,-511.0
190.0,-444.0,,131.0,-15.0,2572.0,-430.0,-149.0,,-740.0
233.0,-429.0,,147.0,-47.0,2367.0,-371.0,-264.0,,-856.0
285.0,-339.0,,37.0,-77.0,2040.0,-260.0,-62.0,,-837.0
315.0,-295.0,,-81.0,-30.0,1976.0,-213.0,-116.0,,-722.0
267.0,-302.0,,-33.0,2.0,1932.0,-286.0,-90.0,,-553.0
264.0,-312.0,,-24.0,40.0,1664.0,-430.0,109.0,,-386.0
275.0,-274.0,,-20.0,69.0,1504.0,-520.0,166.0,,-259.0
327.0,-226.0,,49.0,36.0,1817.0,-486.0,535.0,,-195.0
269.0,-229.0,,36.0,15.0,2259.0,-381.0,519.0,,-205.0
194.0,-307.0,,-25.0,-7.0,2202.0,-338.0,587.0,,-273.0
172.0,-280.0,,36.0,-37.0,1698.0,-390.0,491.0,,-374.0
130.0,-134.0,,121.0,-23.0,1414.0,-437.0,412.0,,-492.0
76.0,9.0,,62.0,-53.0,1300.0,-364.0,589.0,,-623.0
0.0,99.0,,19.0,-145.0,928.0,-283.0,521.0,,-759.0
21.0,100.0,,-26.0,-203.0,457.0,-291.0,746.0,,-875.0
30.0,115.0,,-72.0,-261.0,150.0,-301.0,604.0,,-961.0
12.0,72.0,,-80.0,-282.0,302.0,-325.0,485.0,,-1027.0
12.0,15.0,,-156.0,-215.0,566.0,-345.0,328.0,,-1052.0
49.0,122.0,,-164.0,-167.0,719.0,-370.0,1.0,,-1027.0
102.0,319.0,,-198.0,-138.0,1162.0,-380.0,101.0,,-977.0
115.0,509.0,,-264.0,-116.0,1667.0,-317.0,138.0,,-912.0
108.0,635.0,,-370.0,-147.0,2029.0,-303.0,485.0,,-852.0
79.0,700.0,,-342.0,-153.0,2143.0,-357.0,548.0,,-839.0
58.0,632.0,,-259.0,-136.0,1966.0,-382.0,526.0,,-899.0
41.0,441.0,,-343.0,-173.0,1631.0,-323.0,563.0,,-1011.0
9.0,291.0,,-219.0,-198.0,1283.0,-238.0,347.0,,-1151.0
-18.0,136.0,,-149.0,-232.0,1289.0,-191.0,469.0,,-1274.0
8.0,-122.0,,-72.0,-323.0,1325.0,-178.0,297.0,,-1349.0
57.0,-439.0,,111.0,-377.0,1194.0,-214.0,347.0,,-1337.0
76.0,-684.0,,117.0,-406.0,1285.0,-244.0,415.0,,-1219.0
54.0,-804.0,,-40.0,-409.0,1713.0,-239.0,369.0,,-1062.0
25.0,-782.0,,55.0,-327.0,2057.0,-202.0,517.0,,-892.0
26.0,-629.0,,197.0,-251.0,2084.0,-147.0,310.0,,-745.0
31.0,-473.0,,-16.0,-192.0,2126.0,-95.0,301.0,,-652.0
7.0,-408.0,,-13.0,-98.0,2061.0,-6.0,29.0,,-615.0
-24.0,-508.0,,-70.0,-45.0,1921.0,60.0,-133.0,,-634.0
-41.0,-712.0,,-145.0,-31.0,1744.0,17.0,-118.0,,-655.0
-57.0,-812.0,,-151.0,-18.0,1559.0,-66.0,-236.0,,-670.0
-90.0,-712.0,,-338.0,-47.0,1412.0,-89.0,-9.0,,-681.0
-137.0,-463.0,,-308.0,-73.0,1066.0,-81.0,-51.0,,-683.0
-165.0,-207.0,,-205.0,-59.0,945.0,-31.0,114.0,,-680.0
-209.0,-108.0,,-378.0,-43.0,1089.0,42.0,109.0,,-696.0
-228.0,-136.0,,-539.0,27.0,1176.0,69.0,-33.0,,-729.0
-259.0,-184.0,,-481.0,122.0,1321.0,46.0,57.0,,-753.0
-295.0,-235.0,,-572.0,145.0,1606.0,-28.0,-44.0,,-722.0
-318.0,-182.0,,-693.0,156.0,1999.0,-57.0,221.0,,-629.0
-383.0,-98.0,,-651.0,175.0,2080.0,12.0,293.0,,-528.0
-415.0,-50.0,,-527.0,161.0,1823.0,141.0,476.0,,-439.0
-455.0,7.0,,-575.0,143.0,1775.0,231.0,602.0,,-419.0
-490.0,55.0,,-615.0,97.0,1971.0,225.0,487.0,,-476.0
-526.0,172.0,,-475.0,11.0,2013.0,204.0,552.0,,-580.0
-514.0,314.0,,-477.0,-18.0,1582.0,213.0,308.0,,-709.0
-452.0,454.0,,-275.0,-13.0,1049.0,257.0,437.0,,-810.0
-416.0,528.0,,-148.0,-32.0,742.0,291.0,454.0,,-866.0
-335.0,421.0,,-370.0,-48.0,517.0,267.0,519.0,,-890.0
-265.0,267.0,,-493.0,-107.0,385.0,260.0,670.0,,-858.0
-241.0,170.0,,-475.0,-187.0,321.0,350.0,524.0,,-782.0
-253.0,56.0,,-447.0,-198.0,642.0,440.0,681.0,,-703.0
-296.0,-129.0,,-367.0,-201.0,1057.0,445.0,567.0,,-628.0
-351.0,-291.0,,-295.0,-227.0,999.0,405.0,720.0,,-566.0
-434.0,-365.0,,-359.0,-238.0,761.0,388.0,792.0,,-505.0
-450.0,-340.0,,-375.0,-256.0,744.0,415.0,792.0,,-448.0
-419.0,-297.0,,-349.0,-241.0,973.0,400.0,1053.0,,-407.0
-369.0,-199.0,,-242.0,-176.0,922.0,381.0,923.0,,-374.0
-312.0,-36.0,,-74.0,-158.0,728.0,450.0,1045.0,,-349.0
-271.0,57.0,,-93.0,-174.0,701.0,531.0,907.0,,-336.0
-206.0,125.0,,-256.0,-174.0,727.0,534.0,816.0,,-330.0
-224.0,44.0,,-400.0,-184.0,644.0,486.0,716.0,,-334.0
-227.0,-60.0,,-401.0,-151.0,323.0,451.0,393.0,,-346.0
-262.0,-84.0,,-387.0,-69.0,13.0,459.0,465.0,,-362.0
-319.0,-142.0,,-383.0,-28.0,-264.0,508.0,277.0,,-387.0
-338.0,-153.0,,-266.0,4.0,-328.0,480.0,325.0,,-381.0
-369.0,-91.0,,-188.0,60.0,-273.0,403.0,284.0,,-344.0
-307.0,32.0,,-120.0,97.0,-248.0,422.0,253.0,,-247.0
-266.0,71.0,,-44.0,148.0,-56.0,517.0,467.0,,-97.0
-211.0,84.0,,-12.0,197.0,168.0,596.0,358.0,,58.0
-234.0,102.0,,-20.0,194.0,231.0,583.0,508.0,,210.0
-313.0,114.0,,-129.0,214.0,99.0,497.0,423.0,,330.0
-373.0,72.0,,-91.0,255.0,63.0,399.0,424.0,,421.0
-421.0,75.0,,-46.0,240.0,123.0,339.0,399.0,,498.0
-417.0,302.0,,-194.0,186.0,6.0,383.0,212.0,,579.0
-469.0,505.0,,-398.0,85.0,-269.0,487.0,406.0,,662.0
-471.0,617.0,,-567.0,-62.0,-461.0,536.0,417.0,,745.0
-485.0,567.0,,-669.0,-175.0,-526.0,546.0,655.0,,828.0
-458.0,455.0,,-628.0,-241.0,-559.0,558.0,637.0,,899.0
-459.0,378.0,,-542.0,-252.0,-561.0,535.0,576.0,,954.0
-472.0,243.0,,-636.0,-173.0,-390.0,493.0,713.0,,992.0
-426.0,91.0,,-571.0,-108.0,-29.0,515.0,593.0,,1045.0
-391.0,-13.0,,-512.0,-96.0,183.0,597.0,744.0,,1104.0
-319.0,-74.0,,-510.0,-60.0,118.0,599.0,600.0,,1163.0
-328.0,-68.0,,-439.0,-39.0,-76.0,517.0,665.0,,1226.0
-262.0,83.0,,-402.0,-49.0,-292.0,464.0,781.0,,1268.0
-234.0,189.0,,-238.0,-53.0,-515.0,472.0,702.0,,1285.0
-257.0,230.0,,-173.0,-87.0,-551.0,492.0,801.0,,1251.0
-282.0,181.0,,-107.0,-127.0,-511.0,515.0,593.0,,1162.0
-323.0,38.0,,-73.0,-120.0,-557.0,575.0,750.0,,1017.0
-318.0,-186.0,,-134.0,-121.0,-571.0,639.0,818.0,,838.0
-412.0,-485.0,,-177.0,-122.0,-487.0,657.0,951.0,,674.0
-411.0,-770.0,,-211.0,-90.0,-320.0,606.0,1125.0,,540.0
-352.0,-1012.0,,-264.0,-73.0,-247.0,553.0,947.0,,453.0
-295.0,-938.0,,-240.0,-27.0,-401.0,539.0,1067.0,,384.0
-247.0,-687.0,,-107.0,57.0,-568.0,526.0,827.0,,308.0
-232.0,-390.0,,-177.0,102.0,-328.0,478.0,764.0,,221.0
-255.0,-22.0,,-183.0,160.0,56.0,428.0,716.0,,119.0
-322.0,311.0,,-230.0,247.0,196.0,410.0,582.0,,37.0
-364.0,563.0,,-272.0,294.0,206.0,418.0,713.0,,3.0
-420.0,660.0,,-71.0,345.0,465.0,478.0,578.0,,34.0
-429.0,737.0,,54.0,387.0,951.0,534.0,733.0,,102.0
-461.0,720.0,,148.0,366.0,1122.0,567.0,604.0,,192.0
-445.0,657.0,,206.0,356.0,928.0,551.0,473.0,,278.0
-397.0,608.0,,175.0,360.0,809.0,483.0,423.0,,308.0
-351.0,548.0,,123.0,328.0,955.0,456.0,284.0,,292.0
-322.0,545.0,,138.0,302.0,1017.0,510.0,528.0,,226.0
-335.0,412.0,,155.0,270.0,899.0,584.0,469.0,,143.0
-285.0,331.0,,131.0,215.0,796.0,551.0,672.0,,94.0
-264.0,345.0,,192.0,181.0,870.0,468.0,772.0,,66.0
-211.0,319.0,,155.0,141.0,1149.0,421.0,750.0,,88.0
-204.0,274.0,,39.0,84.0,1247.0,453.0,864.0,,159.0
-167.0,123.0,,24.0,53.0,1060.0,551.0,654.0,,230.0
-109.0,47.0,,-53.0,-17.0,858.0,596.0,722.0,,289.0
-89.0,75.0,,-197.0,-128.0,804.0,568.0,548.0,,300.0
10.0,89.0,,-221.0,-198.0,844.0,506.0,487.0,,257.0
65.0,62.0,,-131.0,-247.0,809.0,425.0,489.0,,141.0
168.0,64.0,,-100.0,-253.0,784.0,353.0,371.0,,-29.0
274.0,64.0,,-71.0,-188.0,724.0,341.0,511.0,,-201.0
375.0,39.0,,-50.0,-149.0,404.0,367.0,367.0,,-349.0
412.0,128.0,,11.0,-144.0,-29.0,433.0,461.0,,-452.0
382.0,214.0,,34.0,-130.0,-277.0,502.0,373.0,,-500.0
374.0,236.0,,-38.0,-179.0,-51.0,518.0,347.0,,-482.0
296.0,127.0,,18.0,-240.0,358.0,501.0,445.0,,-435.0
221.0,-14.0,,-13.0,-268.0,503.0,456.0,258.0,,-369.0
164.0,8.0,,129.0,-302.0,467.0,435.0,399.0,,-284.0
196.0,73.0,,301.0,-269.0,393.0,409.0,310.0,,-182.0
245.0,27.0,,420.0,-157.0,409.0,362.0,443.0,,-47.0
265.0,2.0,,539.0,-50.0,507.0,322.0,511.0,,116.0
261.0,81.0,,422.0,40.0,642.0,369.0,432.0,,316.0
264.0,33.0,,419.0,136.0,759.0,506.0,552.0,,530.0
262.0,36.0,,326.0,182.0,677.0,574.0,386.0,,739.0
176.0,62.0,,190.0,213.0,360.0,557.0,491.0,,927.0
101.0,82.0,,83.0,238.0,106.0,477.0,439.0,,1081.0
10.0,135.0,,-4.0,200.0,16.0,404.0,545.0,,1211.0
-30.0,118.0,,-35.0,181.0,-190.0,366.0,668.0,,1301.0
-66.0,256.0,,-165.0,192.0,-549.0,356.0,578.0,,1348.0
-87.0,364.0,,-71.0,183.0,-762.0,380.0,744.0,,1369.0
-81.0,485.0,,60.0,190.0,-676.0,414.0,558.0,,1362.0
-108.0,665.0,,40.0,205.0,-642.0,490.0,624.0,,1330.0
-136.0,699.0,,31.0,188.0,-806.0,552.0,624.0,,1261.0
-124.0,644.0,,-55.0,199.0,-823.0,579.0,652.0,,1174.0
-28.0,510.0,,-69.0,194.0,-537.0,565.0,925.0,,1096.0
15.0,342.0,,-65.0,129.0,-200.0,564.0,925.0,,1031.0
27.0,226.0,,-65.0,90.0,-133.0,634.0,1043.0,,991.0
56.0,139.0,,-127.0,46.0,-185.0,709.0,766.0,,972.0
49.0,-7.0,,-310.0,-18.0,-125.0,766.0,617.0,,961.0
-33.0,-110.0,,-262.0,-52.0,-191.0,780.0,478.0,,972.0
-145.0,-168.0,,-165.0,-109.0,-520.0,743.0,264.0,,1027.0
-221.0,-199.0,,0.0,-203.0,-832.0,687.0,334.0,,1107.0
-245.0,-120.0,,62.0,-284.0,-1027.0,619.0,169.0,,1212.0
-222.0,-98.0,,-13.0,-360.0,-1324.0,561.0,351.0,,1315.0
-188.0,-191.0,,-2.0,-364.0,-1548.0,559.0,336.0,,1373.0
-125.0,-226.0,,3.0,-260.0,-1492.0,612.0,271.0,,1378.0
-70.0,-302.0,,181.0,-133.0,-1358.0,659.0,280.0,,1320.0
-30.0,-434.0,,269.0,22.0,-1337.0,659.0,75.0,,1224.0
-76.0,-596.0,,241.0,152.0,-1480.0,615.0,210.0,,1117.0
-106.0,-688.0,,170.0,161.0,-1599.0,594.0,112.0,,1036.0
-48.0,-652.0,,243.0,128.0,-1758.0,598.0,169.0,,991.0
21.0,-797.0,,427.0,100.0,-2036.0,571.0,101.0,,992.0
122.0,-818.0,,398.0,33.0,-2194.0,582.0,-81.0,,1022.0
222.0,-743.0,,330.0,-10.0,-2212.0,615.0,-33.0,,1058.0
375.0,-661.0,,189.0,-34.0,-2297.0,597.0,-236.0,,1092.0
465.0,-443.0,,44.0,-84.0,-2506.0,546.0,-134.0,,1088.0
485.0,-242.0,,-15.0,-105.0,-2592.0,555.0,-206.0,,1066.0
432.0,-125.0,,86.0,-125.0,-2474.0,660.0,-88.0,,996.0
297.0,-53.0,,178.0,-168.0,-2435.0,757.0,142.0,,863.0
284.0,319.0,,103.0,-148.0,-2537.0,760.0,140.0,,680.0
345.0,517.0,,127.0,-74.0,-2541.0,635.0,356.0,,466.0
351.0,420.0,,179.0,-6.0,-2212.0,511.0,123.0,,246.0
344.0,388.0,,151.0,73.0,-1719.0,507.0,70.0,,19.0
398.0,337.0,,148.0,111.0,-1645.0,550.0,46.0,,-192.0
441.0,188.0,,195.0,80.0,-1775.0,587.0,114.0,,-392.0
395.0,-32.0,,169.0,35.0,-1718.0,659.0,423.0,,-565.0
339.0,-74.0,,139.0,-64.0,-1749.0,739.0,441.0,,-698.0
384.0,-45.0,,231.0,-189.0,-2026.0,717.0,659.0,,-760.0
425.0,-53.0,,341.0,-260.0,-2501.0,669.0,497.0,,-741.0
431.0,-43.0,,218.0,-317.0,-2923.0,659.0,406.0,,-664.0
456.0,40.0,,112.0,-343.0,-3074.0,699.0,314.0,,-546.0
504.0,120.0,,145.0,-301.0,-3111.0,752.0,83.0,,-433.0
514.0,116.0,,62.0,-267.0,-3195.0,756.0,188.0,,-334.0
455.0,-88.0,,-30.0,-230.0,-3218.0,778.0,-7.0,,-280.0
399.0,-445.0,,-168.0,-165.0,-2997.0,772.0,31.0,,-276.0
357.0,-712.0,,-181.0,-140.0,-2569.0,711.0,-136.0,,-260.0
391.0,-842.0,,-72.0,-113.0,-2422.0,657.0,-323.0,,-220.0
381.0,-1016.0,,-39.0,-74.0,-2589.0,652.0,-310.0,,-134.0
364.0,-1121.0,,8.0,-92.0,-2665.0,719.0,-502.0,,20.0
316.0,-851.0,,50.0,-86.0,-2633.0,788.0,-312.0,,220.0
275.0,-541.0,,-24.0,-17.0,-2812.0,804.0,-388.0,,441.0
241.0,-138.0,,-21.0,41.0,-3230.0,813.0,-362.0,,654.0
180.0,240.0,,79.0,133.0,-3303.0,821.0,-434.0,,829.0
193.0,526.0,,104.0,221.0,-2938.0,818.0,-637.0,,945.0
158.0,809.0,,73.0,227.0,-2627.0,819.0,-515.0,,975.0
187.0,821.0,,13.0,224.0,-2541.0,834.0,-556.0,,899.0
178.0,697.0,,-31.0,209.0,-2249.0,886.0,-282.0,,761.0
209.0,577.0,,-110.0,158.0,-1715.0,899.0,-277.0,,598.0
188.0,565.0,,-80.0,155.0,-1416.0,854.0,-267.0,,429.0
84.0,383.0,,-93.0,193.0,-1573.0,820.0,-297.0,,317.0
46.0,116.0,,-134.0,230.0,-1945.0,811.0,-628.0,,266.0
-26.0,76.0,,-173.0,270.0,-2107.0,816.0,-694.0,,256.0
-28.0,112.0,,-238.0,257.0,-2152.0,850.0,-1021.0,,272.0
-87.0,69.0,,-254.0,226.0,-2212.0,904.0,-1008.0,,259.0
-97.0,-98.0,,-283.0,255.0,-2285.0,903.0,-1031.0,,206.0
-137.0,-178.0,,-203.0,249.0,-2271.0,857.0,-1018.0,,119.0
-134.0,-176.0,,-255.0,197.0,-2144.0,783.0,-811.0,,11.0
-153.0,-221.0,,-276.0,182.0,-2007.0,721.0,-973.0,,-81.0
-258.0,-396.0,,-245.0,157.0,-1971.0,767.0,-883.0,,-152.0
-272.0,-547.0,,-250.0,131.0,-2060.0,853.0,-1080.0,,-203.0
-334.0,-462.0,,-191.0,108.0,-2182.0,891.0,-1049.0,,-250.0
-327.0,-463.0,,-187.0,10.0,-2253.0,865.0,-923.0,,-301.0
-396.0,-608.0,,-166.0,-96.0,-2028.0,809.0,-971.0,,-350.0
-375.0,-649.0,,-243.0,-148.0,-1629.0,779.0,-796.0,,-395.0
-341.0,-530.0,,-207.0,-190.0,-1314.0,772.0,-992.0,,-424.0
-371.0,-534.0,,-99.0,-165.0,-1080.0,797.0,-872.0,,-445.0
-339.0,-678.0,,-164.0,-88.0,-816.0,814.0,-883.0,,-451.0
-369.0,-503.0,,-191.0,-67.0,-598.0,764.0,-903.0,,-441.0
-331.0,-265.0,,-172.0,-54.0,-642.0,687.0,-798.0,,-417.0
-338.0,-56.0,,-90.0,-50.0,-947.0,594.0,-923.0,,-374.0
-369.0,142.0,,-37.0,-91.0,-1206.0,542.0,-763.0,,-358.0
-434.0,295.0,,-208.0,-96.0,-1309.0,617.0,-958.0,,-375.0
-425.0,579.0,,-397.0,-103.0,-1375.0,749.0,-994.0,,-409.0
-376.0,659.0,,-319.0,-124.0,-1449.0,825.0,-1084.0,,-453.0
-380.0,569.0,,-278.0,-88.0,-1533.0,766.0,-1225.0,,-476.0
-362.0,527.0,,-228.0,-65.0,-1322.0,640.0,-1027.0,,-471.0
-396.0,416.0,,-78.0,-86.0,-1069.0,592.0,-1101.0,,-428.0
-385.0,231.0,,-237.0,-99.0,-1091.0,583.0,-831.0,,-359.0
-381.0,229.0,,-304.0,-130.0,-1312.0,561.0,-770.0,,-288.0
-331.0,254.0,,-179.0,-159.0,-1500.0,564.0,-668.0,,-215.0
-276.0,267.0,,-235.0,-138.0,-1498.0,612.0,-484.0,,-165.0
-236.0,337.0,,-152.0,-145.0,-1586.0,645.0,-572.0,,-145.0
-173.0,256.0,,-61.0,-170.0,-1712.0,589.0,-430.0,,-151.0
-153.0,183.0,,-89.0,-144.0,-1608.0,470.0,-659.0,,-167.0
-131.0,36.0,,-83.0,-133.0,-1221.0,383.0,-696.0,,-165.0
-119.0,-180.0,,-145.0,-120.0,-931.0,421.0,-855.0,,-158.0
-91.0,-403.0,,-47.0,-77.0,-910.0,506.0,-1097.0,,-157.0
-148.0,-524.0,,46.0,-50.0,-985.0,526.0,-1112.0,,-166.0
-202.0,-513.0,,62.0,21.0,-1026.0,478.0,-1413.0,,-183.0
-219.0,-555.0,,23.0,104.0,-1042.0,350.0,-1326.0,,-215.0
-284.0,-604.0,,-155.0,116.0,-1139.0,163.0,-1398.0,,-275.0
-342.0,-668.0,,-160.0,136.0,-1130.0,35.0,-1321.0,,-350.0
-390.0,-641.0,,-172.0,156.0,-1105.0,87.0,-1156.0,,-450.0
-406.0,-555.0,,-236.0,125.0,-1037.0,227.0,-1169.0,,-568.0
-418.0,-424.0,,-297.0,110.0,-638.0,326.0,-968.0,,-715.0
-387.0,-200.0,,-406.0,101.0,-356.0,316.0,-1182.0,,-861.0
-377.0,-38.0,,-382.0,62.0,-345.0,233.0,-1252.0,,-982.0
-403.0,100.0,,-280.0,42.0,-127.0,134.0,-1472.0,,-1085.0
-427.0,365.0,,-243.0,23.0,173.0,41.0,-1552.0,,-1151.0
-418.0,659.0,,-249.0,1.0,217.0,15.0,-1358.0,,-1181.0
-409.0,770.0,,-170.0,29.0,37.0,55.0,-1424.0,,-1174.0
-436.0,669.0,,-47.0,54.0,-68.0,102.0,-1158.0,,-1145.0
-402.0,637.0,,-9.0,77.0,-20.0,78.0,-1217.0,,-1088.0
-372.0,635.0,,45.0,150.0,1.0,16.0,-1169.0,,-1004.0
-312.0,448.0,,168.0,180.0,-127.0,-38.0,-1141.0,,-897.0
-259.0,325.0,,148.0,158.0,-282.0,-71.0,-1202.0,,-774.0
-247.0,252.0,,191.0,149.0,-275.0,-57.0,-909.0,,-668.0
-252.0,273.0,,311.0,131.0,-141.0,-17.0,-953.0,,-579.0
-260.0,312.0,,349.0,131.0,31.0,-21.0,-750.0,,-508.0
-236.0,182.0,,404.0,151.0,123.0,-106.0,-764.0,,-469.0
-287.0,106.0,,266.0,133.0,239.0,-176.0,-739.0,,-474.0
-323.0,26.0,,138.0,123.0,547.0,-217.0,-548.0,,-509.0
-328.0,-35.0,,174.0,137.0,951.0,-229.0,-585.0,,-569.0
-321.0,-132.0,,136.0,119.0,1166.0,-186.0,-306.0,,-632.0
-320.0,-307.0,,31.0,110.0,1081.0,-129.0,-360.0,,-690.0
-344.0,-395.0,,-102.0,128.0,1014.0,-160.0,-262.0,,-744.0
-322.0,-471.0,,-215.0,135.0,1014.0,-274.0,-338.0,,-774.0
-296.0,-578.0,,-147.0,170.0,918.0,-357.0,-587.0,,-794.0
-264.0,-644.0,,36.0,213.0,614.0,-388.0,-630.0,,-786.0
-257.0,-567.0,,30.0,227.0,164.0,-335.0,-897.0,,-767.0
-261.0,-508.0,,10.0,257.0,70.0,-273.0,-796.0,,-737.0
-238.0,-388.0,,47.0,267.0,196.0,-275.0,-901.0,,-706.0
-218.0,-95.0,,84.0,247.0,265.0,-316.0,-868.0,,-684.0
-286.0,283.0,,93.0,264.0,429.0,-400.0,-873.0,,-674.0
-346.0,540.0,,-60.0,269.0,719.0,-484.0,-1127.0,,-687.0
-282.0,479.0,,-235.0,247.0,1109.0,-504.0,-1049.0,,-696.0
-232.0,519.0,,-460.0,262.0,1208.0,-432.0,-1199.0,,-719.0
-227.0,561.0,,-518.0,256.0,1031.0,-362.0,-1016.0,,-737.0
-210.0,479.0,,-496.0,234.0,908.0,-324.0,-910.0,,-742.0
-121.0,248.0,,-530.0,250.0,928.0,-355.0,-796.0,,-721.0
-72.0,44.0,,-497.0,252.0,981.0,-492.0,-532.0,,-666.0
-96.0,172.0,,-641.0,260.0,934.0,-592.0,-570.0,,-583.0
-74.0,204.0,,-731.0,299.0,723.0,-601.0,-447.0,,-464.0
-74.0,224.0,,-640.0,279.0,373.0,-550.0,-661.0,,-336.0
-63.0,304.0,,-530.0,219.0,324.0,-523.0,-715.0,,-200.0
-13.0,434.0,,-433.0,178.0,467.0,-629.0,-757.0,,-97.0
45.0,476.0,,-348.0,126.0,535.0,-766.0,-909.0,,-35.0
58.0,400.0,,-322.0,113.0,577.0,-800.0,-809.0,,4.0
48.0,387.0,,-291.0,131.0,761.0,-719.0,-970.0,,6.0
55.0,208.0,,-196.0,116.0,1192.0,-587.0,-873.0,,-47.0
-8.0,159.0,,-110.0,122.0,1402.0,-522.0,-971.0,,-163.0
-82.0,176.0,,-22.0,104.0,1401.0,-533.0,-1066.0,,-301.0
-150.0,265.0,,65.0,28.0,1469.0,-624.0,-1016.0,,-446.0
-154.0,382.0,,178.0,-14.0,1596.0,-766.0,-1067.0,,-586.0
-113.0,331.0,,201.0,-48.0,1588.0,-807.0,-702.0,,-692.0
-84.0,541.0,,145.0,-96.0,1385.0,-756.0,-585.0,,-744.0
-54.0,749.0,,107.0,-102.0,1309.0,-724.0,-406.0,,-759.0
-72.0,836.0,,62.0,-123.0,1487.0,-777.0,-443.0,,-752.0
-94.0,756.0,,-24.0,-168.0,1873.0,-855.0,-654.0,,-723.0
-185.0,527.0,,-65.0,-185.0,2061.0,-860.0,-618.0,,-694.0
-225.0,458.0,,-112.0,-217.0,2039.0,-834.0,-814.0,,-663.0
-217.0,339.0,,-209.0,-225.0,2119.0,-802.0,-637.0,,-658.0
-207.0,70.0,,-248.0,-151.0,2114.0,-739.0,-580.0,,-668.0
-162.0,-314.0,,-195.0,-89.0,1842.0,-732.0,-493.0,,-692.0
-122.0,-451.0,,-95.0,-30.0,1324.0,-846.0,-423.0,,-733.0
-5.0,-504.0,,-117.0,49.0,907.0,-970.0,-519.0,,-774.0
16.0,-744.0,,-97.0,68.0,676.0,-1028.0,-358.0,,-817.0
-5.0,-826.0,,-9.0,56.0,442.0,-1059.0,-519.0,,-858.0
-34.0,-691.0,,16.0,19.0,240.0,-1103.0,-297.0,,-896.0
-93.0,-465.0,,38.0,-50.0,181.0,-1109.0,-125.0,,-957.0
-132.0,-348.0,,152.0,-67.0,317.0,-1075.0,40.0,,-1066.0
-210.0,-151.0,,241.0,-64.0,492.0,-1054.0,363.0,,-1209.0
-216.0,31.0,,253.0,-95.0,547.0,-1042.0,236.0,,-1397.0
-223.0,59.0,,211.0,-101.0,545.0,-1029.0,363.0,,-1596.0
-246.0,28.0,,-10.0,-122.0,638.0,-981.0,291.0,,-1768.0
-249.0,-63.0,,-107.0,-181.0,637.0,-940.0,358.0,,-1891.0
-238.0,51.0,,-155.0,-174.0,496.0,-960.0,441.0,,-1933.0
-185.0,66.0,,-115.0,-154.0,421.0,-1025.0,406.0,,-1916.0
-167.0,-172.0,,3.0,-156.0,382.0,-1112.0,606.0,,-1859.0
-150.0,-340.0,,20.0,-127.0,499.0,-1164.0,443.0,,-1807.0
-139.0,-387.0,,114.0,-155.0,693.0,-1170.0,399.0,,-1768.0
-131.0,-437.0,,73.0,-198.0,852.0,-1162.0,125.0,,-1745.0
-116.0,-477.0,,65.0,-183.0,920.0,-1143.0,24.0,,-1729.0
-80.0,-361.0,,217.0,-185.0,888.0,-1114.0,182.0,,-1699.0
-35.0,-258.0,,256.0,-165.0,955.0,-1106.0,145.0,,-1659.0
-31.0,-343.0,,199.0,-96.0,964.0,-1112.0,360.0,,-1598.0
13.0,-564.0,,188.0,-47.0,667.0,-1111.0,225.0,,-1533.0
71.0,-626.0,,129.0,28.0,230.0,-1126.0,288.0,,-1465.0
119.0,-473.0,,-41.0,93.0,83.0,-1137.0,362.0,,-1386.0
130.0,-392.0,,-171.0,76.0,57.0,-1128.0,384.0,,-1292.0
118.0,-433.0,,-167.0,84.0,-43.0,-1113.0,589.0,,-1174.0
161.0,-551.0,,-128.0,89.0,-141.0,-1071.0,428.0,,-1050.0
158.0,-657.0,,-142.0,41.0,-246.0,-1026.0,487.0,,-926.0
127.0,-705.0,,-162.0,15.0,-272.0,-1005.0,267.0,,-822.0
111.0,-651.0,,-265.0,-31.0,-384.0,-1050.0,147.0,,-749.0
92.0,-592.0,,-356.0,-84.0,-486.0,-1078.0,192.0,,-713.0
71.0,-576.0,,-307.0,-60.0,-451.0,-1042.0,118.0,,-733.0
59.0,-422.0,,-141.0,-42.0,-426.0,-1032.0,376.0,,-784.0
99.0,-250.0,,79.0,-24.0,-387.0,-1036.0,386.0,,-862.0
126.0,-76.0,,162.0,55.0,-288.0,-1067.0,611.0,,-955.0
121.0,215.0,,159.0,112.0,-192.0,-1082.0,652.0,,-1017.0
164.0,524.0,,178.0,158.0,-131.0,-1067.0,667.0,,-1056.0
213.0,615.0,,185.0,186.0,-107.0,-1075.0,916.0,,-1084.0
203.0,554.0,,287.0,102.0,-128.0,-1092.0,877.0,,-1093.0
181.0,401.0,,247.0,9.0,-116.0,-1067.0,1143.0,,-1065.0
165.0,112.0,,207.0,-60.0,-267.0,-973.0,1112.0,,-972.0
163.0,84.0,,262.0,-144.0,-546.0,-878.0,1158.0,,-835.0
146.0,89.0,,131.0,-118.0,-640.0,-888.0,1267.0,,-668.0
142.0,24.0,,125.0,-47.0,-659.0,-952.0,1213.0,,-462.0
146.0,23.0,,42.0,-48.0,-794.0,-948.0,1280.0,,-247.0
137.0,-108.0,,-134.0,-37.0,-1012.0,-933.0,971.0,,-45.0
106.0,-34.0,,-26.0,-35.0,-1103.0,-911.0,970.0,,115.0
71.0,40.0,,-17.0,-18.0,-1062.0,-871.0,840.0,,221.0
84.0,-165.0,,-45.0,50.0,-1072.0,-824.0,777.0,,296.0
37.0,-213.0,,141.0,41.0,-1240.0,-819.0,918.0,,340.0
-26.0,-42.0,,87.0,2.0,-1343.0,-877.0,873.0,,381.0
-101.0,18.0,,-3.0,13.0,-1323.0,-911.0,1145.0,,445.0
-95.0,146.0,,159.0,-17.0,-1276.0,-924.0,1040.0,,529.0
-71.0,393.0,,162.0,-61.0,-1042.0,-915.0,1010.0,,636.0
-72.0,456.0,,9.0,-80.0,-767.0,-876.0,910.0,,761.0
0.0,497.0,,-14.0,-108.0,-438.0,-838.0,727.0,,883.0
29.0,497.0,,59.0,-63.0,-32.0,-869.0,794.0,,992.0
40.0,464.0,,79.0,3.0,271.0,-941.0,563.0,,1076.0
22.0,521.0,,248.0,1.0,344.0,-1010.0,622.0,,1103.0
102.0,577.0,,373.0,22.0,194.0,-1035.0,515.0,,1072.0
145.0,520.0,,316.0,30.0,111.0,-949.0,521.0,,976.0
124.0,387.0,,415.0,-4.0,230.0,-841.0,618.0,,792.0
132.0,371.0,,446.0,-15.0,272.0,-771.0,522.0,,557.0
151.0,379.0,,439.0,-63.0,118.0,-726.0,744.0,,321.0
186.0,306.0,,441.0,-119.0,58.0,-725.0,707.0,,117.0
137.0,216.0,,311.0,-109.0,17.0,-774.0,907.0,,-35.0
152.0,175.0,,294.0,-115.0,-58.0,-771.0,962.0,,-131.0
119.0,102.0,,424.0,-83.0,-198.0,-710.0,862.0,,-156.0
111.0,-50.0,,432.0,22.0,-366.0,-694.0,824.0,,-137.0
87.0,-188.0,,335.0,78.0,-402.0,-694.0,441.0,,-103.0
62.0,-123.0,,379.0,142.0,-435.0,-682.0,417.0,,-61.0
72.0,-60.0,,525.0,198.0,-473.0,-686.0,284.0,,-26.0
19.0,-242.0,,659.0,145.0,-463.0,-714.0,323.0,,1.0
44.0,-287.0,,576.0,83.0,-360.0,-687.0,306.0,,37.0
18.0,-161.0,,619.0,26.0,-331.0,-596.0,131.0,,102.0
49.0,-41.0,,750.0,-45.0,-354.0,-539.0,332.0,,196.0
5.0,8.0,,640.0,-53.0,-277.0,-570.0,312.0,,303.0
-63.0,76.0,,561.0,-76.0,-316.0,-612.0,530.0,,410.0
-83.0,199.0,,378.0,-131.0,-667.0,-577.0,517.0,,505.0
-109.0,277.0,,245.0,-121.0,-1023.0,-523.0,493.0,,566.0
-91.0,311.0,,165.0,-113.0,-1051.0,-499.0,644.0,,582.0
-135.0,313.0,,62.0,-102.0,-955.0,-509.0,480.0,,571.0
-93.0,358.0,,50.0,-74.0,-883.0,-531.0,574.0,,553.0
-70.0,278.0,,-3.0,-134.0,-843.0,-489.0,443.0,,532.0
-30.0,172.0,,-41.0,-193.0,-859.0,-391.0,519.0,,525.0
0.0,-45.0,,-15.0,-194.0,-899.0,-289.0,572.0,,550.0
20.0,-247.0,,-13.0,-213.0,-975.0,-196.0,484.0,,578.0
27.0,-256.0,,-42.0,-173.0,-1170.0,-139.0,580.0,,603.0
8.0,-288.0,,13.0,-116.0,-1424.0,-92.0,408.0,,632.0
72.0,-154.0,,144.0,-113.0,-1439.0,-76.0,583.0,,656.0
94.0,-99.0,,307.0,-49.0,-1220.0,-132.0,517.0,,692.0
121.0,2.0,,358.0,14.0,-1160.0,-196.0,548.0,,760.0
86.0,105.0,,346.0,26.0,-1116.0,-234.0,746.0,,864.0
70.0,43.0,,325.0,60.0,-824.0,-175.0,696.0,,1004.0
29.0,66.0,,321.0,28.0,-442.0,-91.0,929.0,,1164.0
0.0,-29.0,,390.0,-29.0,-129.0,-65.0,809.0,,1305.0
-24.0,-138.0,,390.0,-26.0,146.0,-32.0,927.0,,1419.0
-109.0,-296.0,,335.0,-59.0,450.0,-5.0,1031.0,,1492.0
-124.0,-391.0,,227.0,-77.0,454.0,16.0,1031.0,,1508.0
-180.0,-414.0,,185.0,-36.0,378.0,7.0,1169.0,,1466.0
-163.0,-420.0,,214.0,-12.0,343.0,0.0,903.0,,1364.0
-195.0,-294.0,,177.0,67.0,104.0,81.0,812.0,,1232.0
-224.0,-123.0,,233.0,146.0,-248.0,153.0,413.0,,1097.0
-217.0,197.0,,311.0,140.0,-729.0,173.0,110.0,,956.0
-205.0,355.0,,321.0,157.0,-1023.0,197.0,-96.0,,819.0
-157.0,385.0,,418.0,156.0,-1197.0,243.0,-402.0,,703.0
-130.0,387.0,,344.0,103.0,-1472.0,284.0,-367.0,,602.0
-24.0,323.0,,204.0,80.0,-1706.0,300.0,-500.0,,506.0
41.0,293.0,,204.0,46.0,-1623.0,338.0,-208.0,,418.0
132.0,221.0,,176.0,19.0,-1228.0,351.0,-35.0,,327.0
168.0,173.0,,173.0,65.0,-904.0,321.0,9.0,,232.0
275.0,118.0,,236.0,73.0,-524.0,256.0,22.0,,130.0
395.0,81.0,,273.0,44.0,4.0,169.0,-314.0,,12.0
465.0,-126.0,,175.0,26.0,534.0,174.0,-290.0,,-106.0
514.0,-498.0,,62.0,-21.0,977.0,199.0,-482.0,,-228.0
507.0,-698.0,,77.0,-5.0,1360.0,211.0,-491.0,,-350.0
559.0,-661.0,,108.0,38.0,1638.0,191.0,-485.0,,-442.0
534.0,-479.0,,-2.0,-6.0,1533.0,88.0,-570.0,,-498.0
570.0,-299.0,,-51.0,-42.0,1231.0,90.0,-439.0,,-518.0
516.0,-203.0,,-94.0,-66.0,1076.0,171.0,-635.0,,-504.0
536.0,-122.0,,-158.0,-112.0,1049.0,213.0,-563.0,,-481.0
570.0,38.0,,-148.0,-85.0,959.0,205.0,-670.0,,-476.0
507.0,37.0,,-292.0,-50.0,809.0,155.0,-646.0,,-491.0
494.0,-10.0,,-297.0,-38.0,874.0,162.0,-480.0,,-525.0
412.0,103.0,,-198.0,21.0,1030.0,181.0,-469.0,,-569.0
409.0,152.0,,-256.0,39.0,1111.0,168.0,-70.0,,-621.0
332.0,157.0,,-233.0,66.0,1253.0,180.0,-42.0,,-664.0
307.0,188.0,,-152.0,159.0,1564.0,233.0,46.0,,-658.0
268.0,258.0,,-176.0,179.0,1914.0,270.0,-51.0,,-611.0
185.0,343.0,,-142.0,181.0,2068.0,248.0,-249.0,,-525.0
165.0,366.0,,3.0,170.0,2318.0,223.0,-188.0,,-415.0
201.0,320.0,,6.0,79.0,2732.0,230.0,-356.0,,-305.0
228.0,378.0,,-76.0,39.0,2944.0,262.0,-210.0,,-217.0
167.0,474.0,,-164.0,2.0,2868.0,229.0,-310.0,,-166.0
188.0,435.0,,-214.0,-87.0,2694.0,154.0,-347.0,,-155.0
223.0,371.0,,-182.0,-93.0,2377.0,146.0,-380.0,,-182.0
262.0,362.0,,-80.0,-53.0,1761.0,205.0,-589.0,,-232.0
233.0,482.0,,80.0,-2.0,1194.0,244.0,-493.0,,-307.0
294.0,446.0,,108.0,83.0,959.0,224.0,-661.0,,-388.0
352.0,209.0,,83.0,82.0,751.0,172.0,-570.0,,-480.0
410.0,-1.0,,138.0,48.0,400.0,81.0,-583.0,,-589.0
501.0,-248.0,,221.0,40.0,340.0,24.0,-620.0,,-701.0
540.0,-510.0,,193.0,-56.0,844.0,23.0,-528.0,,-812.0
624.0,-700.0,,197.0,-144.0,1611.0,40.0,-720.0,,-902.0
654.0,-606.0,,202.0,-148.0,2174.0,-7.0,-709.0,,-981.0
750.0,-412.0,,138.0,-159.0,2724.0,-90.0,-940.0,,-1035.0
761.0,-200.0,,51.0,-103.0,3350.0,-145.0,-899.0,,-1066.0
792.0,128.0,,24.0,-31.0,3601.0,-154.0,-846.0,,-1065.0
822.0,446.0,,194.0,-15.0,3437.0,-71.0,-879.0,,-1030.0
828.0,776.0,,158.0,49.0,3170.0,1.0,-626.0,,-979.0
819.0,971.0,,28.0,62.0,3148.0,37.0,-672.0,,-893.0
726.0,1035.0,,-7.0,18.0,3088.0,-93.0,-461.0,,-810.0
707.0,1049.0,,68.0,49.0,2849.0,-266.0,-594.0,,-740.0
626.0,974.0,,102.0,70.0,2524.0,-218.0,-800.0,,-676.0
597.0,759.0,,79.0,100.0,2273.0,-62.0,-866.0,,-642.0
526.0,596.0,,187.0,183.0,2372.0,46.0,-1097.0,,-639.0
490.0,490.0,,266.0,211.0,2499.0,-43.0,-966.0,,-663.0
488.0,171.0,,377.0,232.0,2550.0,-229.0,-1130.0,,-693.0
432.0,-59.0,,338.0,248.0,2611.0,-364.0,-1077.0,,-711.0
388.0,-207.0,,309.0,175.0,2762.0,-412.0,-1040.0,,-719.0
346.0,-422.0,,387.0,147.0,2864.0,-319.0,-1064.0,,-735.0
384.0,-584.0,,349.0,161.0,2975.0,-202.0,-938.0,,-751.0
327.0,-650.0,,321.0,125.0,3090.0,-111.0,-1145.0,,-780.0
296.0,-534.0,,426.0,128.0,3176.0,-86.0,-966.0,,-823.0
312.0,-467.0,,404.0,115.0,3390.0,-151.0,-984.0,,-868.0
376.0,-570.0,,382.0,50.0,3443.0,-252.0,-921.0,,-930.0
392.0,-549.0,,610.0,26.0,3414.0,-359.0,-855.0,,-997.0
366.0,-327.0,,612.0,-6.0,3329.0,-370.0,-1016.0,,-1073.0
433.0,-74.0,,465.0,-34.0,3477.0,-319.0,-899.0,,-1156.0
446.0,75.0,,411.0,-9.0,3772.0,-310.0,-1130.0,,-1232.0
472.0,108.0,,384.0,-39.0,3731.0,-308.0,-1091.0,,-1286.0
473.0,132.0,,311.0,-78.0,3556.0,-317.0,-1188.0,,-1309.0
474.0,91.0,,235.0,-63.0,3391.0,-336.0,-1282.0,,-1301.0
474.0,43.0,,238.0,-103.0,3242.0,-303.0,-1106.0,,-1257.0
497.0,100.0,,153.0,-138.0,2882.0,-240.0,-1123.0,,-1188.0
511.0,233.0,,102.0,-180.0,2447.0,-168.0,-757.0,,-1081.0
472.0,275.0,,81.0,-301.0,2252.0,-151.0,-685.0,,-948.0
482.0,178.0,,41.0,-379.0,2216.0,-235.0,-530.0,,-800.0
504.0,139.0,,-41.0,-446.0,2189.0,-313.0,-388.0,,-632.0
530.0,40.0,,-98.0,-525.0,2086.0,-278.0,-343.0,,-474.0
532.0,-93.0,,-158.0,-508.0,2086.0,-155.0,-68.0,,-320.0
517.0,-238.0,,-266.0,-485.0,2299.0,-67.0,-234.0,,-167.0
487.0,-403.0,,13.0,-463.0,2554.0,-60.0,-123.0,,-4.0
506.0,-416.0,,-211.0,-369.0,2739.0,-96.0,-110.0,,160.0
503.0,-426.0,,-1230.0,-304.0,2575.0,-97.0,-31.0,,318.0
457.0,-374.0,,-723.0,-227.0,2276.0,-68.0,169.0,,490.0
425.0,-188.0,,435.0,-103.0,2375.0,-70.0,7.0,,635.0
435.0,-59.0,,-498.0,-42.0,2331.0,-52.0,44.0,,748.0
440.0,6.0,,-1085.0,36.0,1757.0,-13.0,-254.0,,837.0
360.0,64.0,,-310.0,145.0,1126.0,7.0,-410.0,,910.0
378.0,143.0,,-269.0,170.0,801.0,8.0,-630.0,,974.0
404.0,265.0,,-794.0,201.0,695.0,9.0,-840.0,,1017.0
373.0,337.0,,-358.0,227.0,472.0,0.0,-659.0,,1060.0
294.0,193.0,,1.0,198.0,258.0,16.0,-679.0,,1078.0
261.0,-7.0,,-475.0,215.0,379.0,135.0,-378.0,,1081.0
288.0,-122.0,,-245.0,207.0,527.0,277.0,-378.0,,1090.0
203.0,-314.0,,-463.0,158.0,567.0,331.0,-365.0,,1099.0
147.0,-416.0,,129.0,162.0,584.0,284.0,-319.0,,1115.0
128.0,-399.0,,-20.0,129.0,641.0,231.0,-515.0,,1133.0
157.0,-342.0,,-872.0,94.0,675.0,247.0,-423.0,,1159.0
142.0,-205.0,,124.0,126.0,490.0,299.0,-528.0,,1184.0
137.0,-135.0,,-239.0,134.0,352.0,390.0,-325.0,,1201.0
191.0,-112.0,,-861.0,137.0,146.0,484.0,-299.0,,1218.0
176.0,-94.0,,-384.0,143.0,-317.0,481.0,-303.0,,1238.0
144.0,-60.0,,-230.0,105.0,-761.0,377.0,-223.0,,1277.0
97.0,-45.0,,-526.0,90.0,-893.0,276.0,-417.0,,1321.0
126.0,-11.0,,-132.0,64.0,-761.0,280.0,-201.0,,1359.0
89.0,136.0,,-161.0,-16.0,-657.0,430.0,-179.0,,1370.0
37.0,252.0,,-354.0,-27.0,-466.0,593.0,97.0,,1330.0
55.0,322.0,,115.0,-18.0,-229.0,613.0,362.0,,1231.0
106.0,423.0,,36.0,-59.0,-141.0,525.0,402.0,,1074.0
184.0,463.0,,185.0,-54.0,-24.0,436.0,641.0,,886.0
147.0,407.0,,-164.0,-78.0,58.0,411.0,565.0,,677.0
168.0,362.0,,0.0,-148.0,-143.0,414.0,763.0,,460.0
177.0,341.0,,283.0,-202.0,-506.0,405.0,763.0,,264.0
191.0,348.0,,-309.0,-297.0,-630.0,422.0,840.0,,118.0
216.0,321.0,,-139.0,-348.0,-481.0,455.0,1088.0,,17.0
253.0,183.0,,-38.0,-303.0,-410.0,439.0,1093.0,,-40.0
338.0,44.0,,-229.0,-267.0,-461.0,428.0,1321.0,,-57.0
332.0,-72.0,,-53.0,-192.0,-491.0,458.0,1140.0,,-59.0
409.0,-152.0,,-2.0,-112.0,-482.0,525.0,1108.0,,-53.0
481.0,-184.0,,-73.0,-116.0,-361.0,578.0,1047.0,,-65.0
520.0,-235.0,,-31.0,-92.0,-65.0,530.0,942.0,,-102.0
531.0,-269.0,,2.0,-53.0,141.0,456.0,1138.0,,-170.0
529.0,-322.0,,101.0,-47.0,151.0,412.0,1049.0,,-288.0
554.0,-418.0,,287.0,6.0,148.0,464.0,1189.0,,-438.0
523.0,-510.0,,494.0,33.0,246.0,578.0,1119.0,,-600.0
507.0,-592.0,,463.0,40.0,389.0,612.0,1058.0,,-755.0
489.0,-563.0,,359.0,107.0,375.0,594.0,1001.0,,-890.0
459.0,-527.0,,454.0,114.0,243.0,601.0,877.0,,-983.0
392.0,-578.0,,366.0,71.0,202.0,666.0,1080.0,,-1039.0
370.0,-510.0,,262.0,48.0,269.0,704.0,977.0,,-1062.0
342.0,-355.0,,285.0,-16.0,213.0,725.0,1132.0,,-1067.0
287.0,-243.0,,245.0,-54.0,185.0,755.0,1108.0,,-1080.0
226.0,-161.0,,-29.0,-54.0,253.0,765.0,1066.0,,-1093.0
161.0,-41.0,,-231.0,-85.0,306.0,790.0,1189.0,,-1116.0
168.0,114.0,,-176.0,-57.0,321.0,799.0,992.0,,-1149.0
118.0,212.0,,-181.0,-2.0,196.0,818.0,1075.0,,-1187.0
77.0,262.0,,-110.0,15.0,-27.0,825.0,842.0,,-1228.0
44.0,292.0,,-138.0,93.0,-371.0,813.0,814.0,,-1261.0
57.0,338.0,,-99.0,165.0,-767.0,858.0,848.0,,-1299.0
86.0,301.0,,-106.0,190.0,-1072.0,891.0,766.0,,-1324.0
70.0,218.0,,-58.0,262.0,-1281.0,866.0,977.0,,-1330.0
120.0,229.0,,89.0,308.0,-1571.0,825.0,846.0,,-1334.0
125.0,210.0,,62.0,319.0,-1739.0,788.0,992.0,,-1332.0
124.0,274.0,,227.0,337.0,-1593.0,759.0,988.0,,-1310.0
148.0,340.0,,217.0,264.0,-1339.0,732.0,988.0,,-1267.0
191.0,360.0,,207.0,191.0,-1135.0,782.0,992.0,,-1217.0
183.0,385.0,,242.0,178.0,-989.0,875.0,716.0,,-1149.0
143.0,267.0,,93.0,131.0,-744.0,895.0,809.0,,-1091.0
147.0,172.0,,134.0,113.0,-488.0,889.0,694.0,,-1052.0
102.0,90.0,,218.0,96.0,-338.0,891.0,840.0,,-1020.0
69.0,-1.0,,190.0,32.0,-331.0,922.0,822.0,,-1005.0
28.0,-155.0,,179.0,14.0,-375.0,915.0,635.0,,-998.0
44.0,-349.0,,98.0,-17.0,-381.0,847.0,676.0,,-1005.0
77.0,-433.0,,58.0,-72.0,-272.0,816.0,423.0,,-1041.0
37.0,-491.0,,208.0,-39.0,-219.0,823.0,543.0,,-1102.0
21.0,-456.0,,230.0,-43.0,-368.0,829.0,508.0,,-1154.0
53.0,-436.0,,345.0,-118.0,-468.0,797.0,607.0,,-1180.0
84.0,-373.0,,481.0,-170.0,-541.0,770.0,753.0,,-1168.0
36.0,-225.0,,335.0,-243.0,-594.0,818.0,672.0,,-1113.0
33.0,-130.0,,360.0,-260.0,-858.0,923.0,818.0,,-1030.0
57.0,-104.0,,430.0,-230.0,-1284.0,998.0,700.0,,-957.0
83.0,-166.0,,525.0,-241.0,-1417.0,966.0,942.0,,-931.0
80.0,-196.0,,729.0,-213.0,-1274.0,841.0,1091.0,,-946.0
61.0,-197.0,,680.0,-203.0,-1176.0,767.0,1291.0,,-1014.0
70.0,-134.0,,621.0,-248.0,-1263.0,822.0,1605.0,,-1124.0
54.0,-147.0,,740.0,-196.0,-1108.0,888.0,1533.0,,-1267.0
98.0,-305.0,,718.0,-105.0,-711.0,870.0,1648.0,,-1401.0
133.0,-422.0,,647.0,-65.0,-456.0,808.0,1424.0,,-1523.0
156.0,-459.0,,690.0,-10.0,-392.0,796.0,1363.0,,-1625.0
128.0,-377.0,,454.0,5.0,-438.0,821.0,1310.0,,-1675.0
182.0,-273.0,,342.0,13.0,-482.0,828.0,1156.0,,-1679.0
281.0,-174.0,,477.0,71.0,-666.0,822.0,1219.0,,-1616.0
291.0,-86.0,,269.0,77.0,-1108.0,838.0,979.0,,-1488.0
304.0,-30.0,,273.0,85.0,-1595.0,870.0,975.0,,-1324.0
311.0,91.0,,476.0,146.0,-1800.0,832.0,739.0,,-1145.0
355.0,285.0,,217.0,169.0,-1760.0,746.0,583.0,,-978.0
287.0,505.0,,173.0,202.0,-1809.0,703.0,569.0,,-860.0
264.0,639.0,,416.0,249.0,-1942.0,733.0,428.0,,-784.0
269.0,620.0,,395.0,255.0,-1920.0,752.0,644.0,,-756.0
274.0,508.0,,501.0,278.0,-1690.0,733.0,541.0,,-767.0
275.0,387.0,,653.0,272.0,-1521.0,763.0,598.0,,-801.0
241.0,341.0,,572.0,202.0,-1448.0,819.0,548.0,,-863.0
283.0,296.0,,494.0,159.0,-1247.0,877.0,376.0,,-913.0
240.0,172.0,,408.0,108.0,-1112.0,855.0,373.0,,-969.0
234.0,32.0,,342.0,59.0,-1154.0,768.0,168.0,,-1014.0
179.0,30.0,,375.0,95.0,-1213.0,729.0,349.0,,-1037.0
166.0,199.0,,370.0,127.0,-1165.0,722.0,291.0,,-1046.0
147.0,357.0,,456.0,114.0,-977.0,752.0,347.0,,-1038.0
109.0,466.0,,435.0,121.0,-811.0,835.0,391.0,,-1033.0
108.0,459.0,,408.0,118.0,-676.0,912.0,269.0,,-1021.0
73.0,333.0,,411.0,124.0,-528.0,955.0,484.0,,-1018.0
81.0,186.0,,342.0,153.0,-324.0,965.0,391.0,,-1002.0
-15.0,69.0,,290.0,141.0,-50.0,935.0,585.0,,-961.0
0.0,66.0,,164.0,147.0,159.0,881.0,654.0,,-907.0
-40.0,74.0,,106.0,185.0,318.0,810.0,752.0,,-819.0
-59.0,29.0,,-79.0,187.0,431.0,746.0,912.0,,-724.0
-41.0,-31.0,,-35.0,192.0,350.0,753.0,726.0,,-626.0
-66.0,-79.0,,-41.0,188.0,145.0,808.0,857.0,,-515.0
15.0,-79.0,,-221.0,135.0,41.0,839.0,716.0,,-393.0
0.0,1.0,,-154.0,103.0,-64.0,811.0,851.0,,-264.0
69.0,188.0,,-217.0,80.0,-280.0,798.0,999.0,,-150.0
90.0,448.0,,-245.0,11.0,-357.0,829.0,992.0,,-50.0
90.0,701.0,,-346.0,-50.0,-221.0,882.0,1178.0,,17.0
64.0,738.0,,-352.0,-117.0,-196.0,954.0,966.0,,45.0
47.0,496.0,,-165.0,-190.0,-534.0,939.0,946.0,,44.0
82.0,289.0,,-261.0,-190.0,-967.0,852.0,707.0,,18.0
53.0,306.0,,-317.0,-164.0,-1062.0,784.0,598.0,,-12.0
94.0,386.0,,-332.0,-152.0,-1101.0,773.0,646.0,,-47.0
68.0,297.0,,-381.0,-122.0,-1404.0,812.0,569.0,,-49.0
60.0,43.0,,-344.0,-100.0,-1671.0,773.0,842.0,,-42.0
25.0,-124.0,,-458.0,-76.0,-1747.0,625.0,752.0,,-45.0
0.0,-93.0,,-588.0,-10.0,-1683.0,489.0,764.0,,-42.0
-27.0,66.0,,-586.0,24.0,-1598.0,486.0,635.0,,-68.0
-107.0,131.0,,-588.0,23.0,-1550.0,622.0,426.0,,-103.0
-177.0,-46.0,,-616.0,16.0,-1288.0,788.0,454.0,,-160.0
-265.0,-300.0,,-484.0,-64.0,-830.0,829.0,325.0,,-239.0
-315.0,-359.0,,-405.0,-152.0,-482.0,701.0,533.0,,-314.0
-388.0,-262.0,,-456.0,-199.0,-328.0,542.0,491.0,,-390.0
-426.0,-260.0,,-431.0,-263.0,-302.0,495.0,537.0,,-437.0
-472.0,-301.0,,-422.0,-292.0,-290.0,576.0,473.0,,-444.0
-504.0,-369.0,,-474.0,-273.0,-368.0,676.0,101.0,,-411.0
-578.0,-459.0,,-482.0,-263.0,-586.0,715.0,14.0,,-325.0
-621.0,-506.0,,-418.0,-230.0,-868.0,679.0,-236.0,,-191.0
-616.0,-481.0,,-458.0,-187.0,-1084.0,581.0,-60.0,,-14.0
-650.0,-334.0,,-500.0,-181.0,-1020.0,473.0,29.0,,191.0
-700.0,-216.0,,-542.0,-139.0,-934.0,417.0,68.0,,388.0
-731.0,-175.0,,-573.0,-88.0,-853.0,395.0,216.0,,550.0
-674.0,-226.0,,-536.0,-54.0,-546.0,372.0,142.0,,670.0
-683.0,-289.0,,-542.0,33.0,-217.0,376.0,375.0,,739.0
-665.0,-182.0,,-517.0,95.0,23.0,400.0,304.0,,751.0
-643.0,110.0,,-581.0,114.0,110.0,420.0,400.0,,710.0
-617.0,337.0,,-666.0,156.0,87.0,416.0,410.0,,627.0
-606.0,199.0,,-577.0,165.0,33.0,367.0,236.0,,523.0
-616.0,-89.0,,-467.0,161.0,-8.0,317.0,260.0,,412.0
-574.0,-279.0,,-463.0,166.0,18.0,324.0,-16.0,,309.0
-534.0,-294.0,,-460.0,119.0,-35.0,384.0,31.0,,240.0
-434.0,-131.0,,-486.0,54.0,-256.0,416.0,-97.0,,198.0
-400.0,14.0,,-528.0,15.0,-338.0,375.0,-79.0,,176.0
-375.0,-34.0,,-394.0,-47.0,-22.0,267.0,57.0,,167.0
-367.0,-322.0,,-293.0,-84.0,291.0,202.0,-68.0,,161.0
-344.0,-560.0,,-298.0,-114.0,329.0,237.0,129.0,,149.0
-364.0,-456.0,,-290.0,-183.0,347.0,236.0,0.0,,112.0
-445.0,-95.0,,-231.0,-193.0,650.0,149.0,96.0,,55.0
-436.0,182.0,,-231.0,-203.0,1022.0,48.0,171.0,,-23.0
-492.0,150.0,,-238.0,-141.0,962.0,14.0,179.0,,-128.0
-551.0,-29.0,,-70.0,-42.0,823.0,95.0,351.0,,-250.0
-630.0,-160.0,,-10.0,9.0,932.0,234.0,242.0,,-356.0
-657.0,-164.0,,-20.0,49.0,1075.0,314.0,471.0,,-443.0
-711.0,-77.0,,-44.0,14.0,1103.0,286.0,367.0,,-509.0
-835.0,-34.0,,-56.0,4.0,1007.0,155.0,336.0,,-535.0
-867.0,-74.0,,-32.0,-42.0,914.0,2.0,423.0,,-536.0
-961.0,-154.0,,-124.0,-83.0,729.0,-73.0,380.0,,-509.0
-1030.0,-111.0,,-58.0,-93.0,509.0,-80.0,652.0,,-446.0
-1089.0,8.0,,116.0,-89.0,511.0,-48.0,593.0,,-354.0
-1114.0,-39.0,,178.0,-34.0,595.0,-60.0,713.0,,-237.0
-1124.0,-230.0,,201.0,22.0,521.0,-117.0,659.0,,-106.0
-1151.0,-418.0,,87.0,86.0,551.0,-169.0,606.0,,18.0
-1099.0,-505.0,,98.0,93.0,809.0,-172.0,630.0,,156.0
-1169.0,-490.0,,179.0,97.0,879.0,-95.0,369.0,,305.0
-1224.0,-354.0,,91.0,42.0,857.0,-28.0,406.0,,443.0
-1227.0,-203.0,,107.0,-7.0,1005.0,-38.0,142.0,,580.0
-1260.0,-146.0,,145.0,-46.0,1164.0,-125.0,75.0,,703.0
-1332.0,-68.0,,156.0,-78.0,1208.0,-204.0,-64.0,,797.0
-1409.0,63.0,,56.0,-44.0,1147.0,-235.0,-295.0,,849.0
-1406.0,187.0,,-48.0,-69.0,1064.0,-280.0,-197.0,,859.0
-1489.0,260.0,,24.0,-78.0,1018.0,-341.0,-399.0,,835.0
-1517.0,339.0,,98.0,-127.0,825.0,-376.0,-310.0,,774.0
-1511.0,309.0,,127.0,-164.0,318.0,-380.0,-406.0,,700.0
-1517.0,88.0,,105.0,-150.0,-228.0,-393.0,-423.0,,603.0
-1492.0,-92.0,,93.0,-167.0,-527.0,-430.0,-301.0,,504.0
-1468.0,-199.0,,99.0,-126.0,-690.0,-447.0,-395.0,,423.0
-1423.0,-338.0,,103.0,-108.0,-999.0,-437.0,-245.0,,345.0
-1398.0,-534.0,,137.0,-88.0,-1151.0,-433.0,-424.0,,297.0
-1305.0,-613.0,,164.0,-38.0,-901.0,-467.0,-341.0,,295.0
-1263.0,-523.0,,220.0,-44.0,-564.0,-551.0,-314.0,,340.0
-1191.0,-537.0,,251.0,-32.0,-344.0,-637.0,-360.0,,423.0
-1090.0,-786.0,,138.0,-34.0,-231.0,-725.0,-201.0,,538.0
-989.0,-1014.0,,11.0,-91.0,-116.0,-768.0,-410.0,,660.0
-906.0,-850.0,,35.0,-93.0,-178.0,-727.0,-397.0,,772.0
-889.0,-400.0,,40.0,-112.0,-280.0,-619.0,-606.0,,873.0
-766.0,-7.0,,48.0,-117.0,-354.0,-524.0,-587.0,,963.0
-718.0,148.0,,124.0,-43.0,-634.0,-585.0,-434.0,,1045.0
-669.0,123.0,,25.0,-20.0,-930.0,-741.0,-428.0,,1097.0
-602.0,84.0,,-143.0,28.0,-1120.0,-880.0,-127.0,,1114.0
-531.0,44.0,,-181.0,68.0,-1141.0,-938.0,-153.0,,1104.0
-466.0,33.0,,-198.0,62.0,-1183.0,-857.0,29.0,,1072.0
-410.0,31.0,,-301.0,143.0,-1362.0,-749.0,-18.0,,1005.0
-314.0,-24.0,,-330.0,177.0,-1414.0,-732.0,-136.0,,915.0
-303.0,49.0,,-299.0,202.0,-1268.0,-818.0,-33.0,,826.0
-276.0,412.0,,-330.0,276.0,-1142.0,-934.0,-145.0,,707.0
-288.0,753.0,,-448.0,249.0,-1241.0,-966.0,-49.0,,561.0
-278.0,778.0,,-583.0,250.0,-1466.0,-894.0,-308.0,,409.0
-316.0,640.0,,-602.0,246.0,-1661.0,-783.0,-397.0,,246.0
-361.0,507.0,,-544.0,152.0,-1729.0,-752.0,-467.0,,97.0
-355.0,482.0,,-501.0,120.0,-1811.0,-823.0,-607.0,,-41.0
-409.0,565.0,,-519.0,41.0,-2095.0,-917.0,-521.0,,-166.0
-425.0,535.0,,-548.0,-31.0,-2440.0,-1000.0,-785.0,,-258.0
-478.0,324.0,,-608.0,-14.0,-2508.0,-1003.0,-726.0,,-337.0
-494.0,111.0,,-548.0,-81.0,-2211.0,-942.0,-820.0,,-397.0
-529.0,-26.0,,-486.0,-92.0,-2122.0,-921.0,-936.0,,-445.0
-530.0,-115.0,,-508.0,-38.0,-2413.0,-966.0,-1008.0,,-486.0
-495.0,-77.0,,-449.0,-12.0,-2519.0,-1014.0,-1252.0,,-511.0
-471.0,112.0,,-445.0,86.0,-2316.0,-1031.0,-1116.0,,-527.0
-375.0,334.0,,-441.0,114.0,-2136.0,-1022.0,-1171.0,,-499.0
-324.0,425.0,,-363.0,118.0,-2207.0,-971.0,-946.0,,-442.0
-263.0,296.0,,-397.0,201.0,-2346.0,-915.0,-888.0,,-369.0
-188.0,79.0,,-467.0,194.0,-2378.0,-852.0,-1018.0,,-276.0
-101.0,-71.0,,-371.0,198.0,-2580.0,-811.0,-1051.0,,-180.0
-42.0,-223.0,,-269.0,196.0,-2917.0,-866.0,-1463.0,,-67.0
47.0,-431.0,,-272.0,116.0,-3140.0,-988.0,-1513.0,,60.0
165.0,-583.0,,-335.0,114.0,-3096.0,-1107.0,-1688.0,,204.0
191.0,-594.0,,-458.0,51.0,-2775.0,-1142.0,-1633.0,,353.0
237.0,-466.0,,-561.0,-48.0,-2564.0,-1101.0,-1441.0,,497.0
320.0,-259.0,,-499.0,-42.0,-2561.0,-1028.0,-1376.0,,627.0
359.0,27.0,,-538.0,-47.0,-2581.0,-970.0,-1086.0,,733.0
341.0,327.0,,-504.0,34.0,-2566.0,-964.0,-1171.0,,825.0
368.0,406.0,,-384.0,161.0,-2441.0,-997.0,-1069.0,,898.0
373.0,270.0,,-352.0,186.0,-2297.0,-1058.0,-1249.0,,940.0
353.0,267.0,,-421.0,233.0,-2358.0,-1081.0,-1426.0,,971.0
302.0,539.0,,-674.0,214.0,-2426.0,-1059.0,-1461.0,,1006.0
246.0,717.0,,-638.0,120.0,-2200.0,-1041.0,-1753.0,,1030.0
225.0,554.0,,-700.0,106.0,-1976.0,-1026.0,-1627.0,,1056.0
165.0,245.0,,-653.0,69.0,-2029.0,-1012.0,-1755.0,,1072.0
128.0,49.0,,-496.0,67.0,-2111.0,-989.0,-1762.0,,1072.0
57.0,-13.0,,-692.0,124.0,-2013.0,-986.0,-1875.0,,1054.0
12.0,-133.0,,-753.0,124.0,-1928.0,-1005.0,-2071.0,,1011.0
-42.0,-242.0,,-718.0,174.0,-1932.0,-1012.0,-1862.0,,967.0
-114.0,-170.0,,-643.0,196.0,-1911.0,-990.0,-1914.0,,895.0
-144.0,-1.0,,-562.0,148.0,-1726.0,-972.0,-1725.0,,824.0
-181.0,99.0,,-366.0,150.0,-1371.0,-978.0,-1725.0,,760.0
-238.0,141.0,,-363.0,88.0,-1105.0,-986.0,-1622.0,,673.0
-337.0,175.0,,-472.0,15.0,-851.0,-1035.0,-1398.0,,584.0
-320.0,205.0,,-312.0,22.0,-668.0,-1048.0,-1420.0,,471.0
-309.0,303.0,,-379.0,1.0,-583.0,-992.0,-1110.0,,355.0
-362.0,446.0,,-388.0,32.0,-411.0,-906.0,-1071.0,,246.0
-404.0,563.0,,-242.0,47.0,-258.0,-837.0,-844.0,,138.0
-423.0,561.0,,-317.0,-40.0,-132.0,-871.0,-748.0,,59.0
-428.0,365.0,,-343.0,-65.0,-82.0,-961.0,-873.0,,2.0
-471.0,38.0,,-396.0,-88.0,-152.0,-1032.0,-837.0,,-37.0
-469.0,-249.0,,-542.0,-89.0,-365.0,-1000.0,-1008.0,,-82.0
-467.0,-433.0,,-521.0,-16.0,-565.0,-885.0,-833.0,,-121.0
-464.0,-527.0,,-580.0,-28.0,-637.0,-773.0,-846.0,,-144.0
-451.0,-479.0,,-761.0,-38.0,-653.0,-733.0,-776.0,,-171.0
-423.0,-358.0,,-802.0,-25.0,-779.0,-777.0,-755.0,,-197.0
-421.0,-217.0,,-802.0,-64.0,-950.0,-881.0,-992.0,,-221.0
-458.0,-79.0,,-810.0,-35.0,-749.0,-1006.0,-990.0,,-267.0
-476.0,27.0,,-778.0,-9.0,-471.0,-1030.0,-1282.0,,-336.0
-473.0,82.0,,-644.0,-32.0,-285.0,-942.0,-1252.0,,-401.0
-465.0,97.0,,-592.0,-7.0,-173.0,-785.0,-1276.0,,-469.0
-495.0,136.0,,-666.0,-41.0,-137.0,-661.0,-1302.0,,-527.0
-488.0,184.0,,-618.0,-61.0,162.0,-639.0,-1171.0,,-565.0
-495.0,216.0,,-675.0,21.0,519.0,-649.0,-1350.0,,-587.0
-538.0,184.0,,-736.0,64.0,571.0,-644.0,-1304.0,,-582.0
-562.0,115.0,,-568.0,128.0,538.0,-599.0,-1566.0,,-556.0
-550.0,65.0,,-590.0,163.0,755.0,-571.0,-1635.0,,-509.0
-558.0,30.0,,-743.0,94.0,1086.0,-613.0,-1592.0,,-466.0
-561.0,34.0,,-745.0,101.0,1193.0,-702.0,-1657.0,,-433.0
-543.0,113.0,,-755.0,108.0,942.0,-787.0,-1467.0,,-400.0
-521.0,234.0,,-785.0,102.0,932.0,-800.0,-1576.0,,-357.0
-465.0,287.0,,-748.0,188.0,1264.0,-730.0,-1457.0,,-302.0
-445.0,302.0,,-691.0,208.0,1396.0,-657.0,-1518.0,,-220.0
-358.0,319.0,,-709.0,180.0,1350.0,-639.0,-1533.0,,-127.0
-281.0,353.0,,-726.0,161.0,1219.0,-668.0,-1444.0,,-51.0
-242.0,378.0,,-672.0,75.0,1256.0,-679.0,-1540.0,,23.0
-216.0,351.0,,-501.0,42.0,1429.0,-650.0,-1202.0,,81.0
-152.0,336.0,,-301.0,59.0,1605.0,-635.0,-1103.0,,114.0
-48.0,374.0,,-518.0,42.0,1707.0,-637.0,-861.0,,119.0
-64.0,436.0,,-646.0,88.0,1751.0,-673.0,-729.0,,84.0
-39.0,430.0,,-117.0,95.0,1844.0,-716.0,-761.0,,26.0
67.0,391.0,,-51.0,51.0,1915.0,-723.0,-626.0,,-50.0
177.0,333.0,,-379.0,99.0,1957.0,-702.0,-794.0,,-147.0
168.0,224.0,,-210.0,127.0,1867.0,-665.0,-622.0,,-240.0
183.0,142.0,,-76.0,148.0,2003.0,-644.0,-622.0,,-326.0
277.0,92.0,,-164.0,193.0,2132.0,-631.0,-530.0,,-404.0
323.0,92.0,,-50.0,120.0,2166.0,-649.0,-491.0,,-463.0
338.0,94.0,,132.0,42.0,2415.0,-676.0,-720.0,,-520.0
312.0,52.0,,86.0,10.0,2282.0,-635.0,-663.0,,-576.0
329.0,8.0,,186.0,-66.0,2126.0,-553.0,-907.0,,-640.0
315.0,1.0,,171.0,-100.0,2435.0,-493.0,-753.0,,-716.0
347.0,-10.0,,275.0,-133.0,2787.0,-520.0,-620.0,,-797.0
374.0,-62.0,,477.0,-165.0,2768.0,-633.0,-495.0,,-882.0
376.0,-52.0,,285.0,-89.0,2579.0,-730.0,-258.0,,-971.0
396.0,-53.0,,415.0,-57.0,2759.0,-705.0,-476.0,,-1059.0
347.0,-172.0,,491.0,-103.0,3100.0,-604.0,-491.0,,-1132.0
340.0,-261.0,,333.0,-121.0,3052.0,-501.0,-798.0,,-1192.0
332.0,-154.0,,282.0,-175.0,2727.0,-436.0,-905.0,,-1235.0
361.0,-35.0,,290.0,-217.0,2735.0,-423.0,-949.0,,-1255.0
427.0,-176.0,,294.0,-198.0,2951.0,-458.0,-986.0,,-1259.0
443.0,-444.0,,366.0,-210.0,2995.0,-522.0,-650.0,,-1242.0
436.0,-573.0,,493.0,-179.0,2838.0,-540.0,-644.0,,-1216.0
424.0,-564.0,,449.0,-105.0,2627.0,-517.0,-469.0,,-1186.0
419.0,-560.0,,388.0,-90.0,2515.0,-449.0,-591.0,,-1131.0
398.0,-573.0,,387.0,-47.0,2422.0,-368.0,-650.0,,-1087.0
430.0,-590.0,,525.0,-22.0,2374.0,-329.0,-561.0,,-1054.0
491.0,-623.0,,488.0,-64.0,2373.0,-300.0,-737.0,,-1016.0
522.0,-621.0,,448.0,-57.0,2362.0,-321.0,-663.0,,-986.0
542.0,-544.0,,570.0,-70.0,2320.0,-372.0,-868.0,,-935.0
529.0,-346.0,,360.0,-99.0,2464.0,-396.0,-825.0,,-878.0
562.0,-61.0,,316.0,-53.0,2564.0,-374.0,-807.0,,-822.0
576.0,186.0,,418.0,-33.0,2330.0,-317.0,-822.0,,-755.0
526.0,268.0,,345.0,-8.0,2158.0,-255.0,-618.0,,-682.0
465.0,146.0,,287.0,46.0,2181.0,-207.0,-696.0,,-583.0
456.0,-29.0,,226.0,25.0,2106.0,-210.0,-491.0,,-455.0
515.0,-99.0,,253.0,25.0,1787.0,-246.0,-578.0,,-305.0
450.0,-69.0,,162.0,68.0,1669.0,-275.0,-620.0,,-156.0
392.0,-44.0,,177.0,66.0,1919.0,-284.0,-594.0,,-6.0
422.0,-102.0,,210.0,92.0,2189.0,-250.0,-681.0,,135.0
396.0,-181.0,,178.0,104.0,2299.0,-174.0,-388.0,,258.0
259.0,-196.0,,200.0,38.0,2550.0,-101.0,-424.0,,373.0
172.0,-228.0,,89.0,38.0,3103.0,-79.0,-310.0,,456.0
229.0,-343.0,,185.0,84.0,3251.0,-93.0,-386.0,,523.0
230.0,-381.0,,289.0,102.0,2873.0,-84.0,-541.0,,571.0
138.0,-268.0,,289.0,180.0,2454.0,-54.0,-500.0,,592.0
68.0,-141.0,,359.0,242.0,2263.0,-56.0,-672.0,,612.0
38.0,-56.0,,432.0,223.0,2225.0,-83.0,-445.0,,620.0
-3.0,19.0,,425.0,199.0,2057.0,-110.0,-439.0,,606.0
-38.0,125.0,,395.0,143.0,1868.0,-107.0,-227.0,,567.0
-73.0,230.0,,487.0,65.0,1756.0,-54.0,55.0,,506.0
-107.0,254.0,,538.0,41.0,1686.0,-45.0,162.0,,406.0
-170.0,236.0,,441.0,3.0,1603.0,-115.0,495.0,,274.0
-212.0,240.0,,362.0,-23.0,1644.0,-182.0,478.0,,133.0
-232.0,290.0,,445.0,24.0,1650.0,-202.0,715.0,,5.0
-281.0,385.0,,426.0,58.0,1458.0,-180.0,750.0,,-103.0
-338.0,428.0,,335.0,119.0,1414.0,-138.0,777.0,,-202.0
-364.0,406.0,,415.0,206.0,1408.0,-65.0,910.0,,-282.0
-341.0,330.0,,422.0,207.0,1076.0,15.0,739.0,,-351.0
-390.0,175.0,,429.0,180.0,555.0,71.0,866.0,,-389.0
-424.0,-82.0,,450.0,160.0,496.0,76.0,679.0,,-420.0
-417.0,-298.0,,474.0,97.0,771.0,28.0,626.0,,-425.0
-361.0,-359.0,,556.0,67.0,764.0,-54.0,517.0,,-375.0
-394.0,-444.0,,480.0,69.0,609.0,-119.0,317.0,,-305.0
-455.0,-537.0,,514.0,26.0,679.0,-118.0,382.0,,-216.0
-363.0,-588.0,,589.0,7.0,943.0,-90.0,168.0,,-108.0
-309.0,-574.0,,647.0,-9.0,1016.0,-48.0,306.0,,19.0
-341.0,-517.0,,639.0,-90.0,745.0,-9.0,269.0,,137.0
-356.0,-422.0,,569.0,-115.0,509.0,-3.0,314.0,,241.0
-254.0,-296.0,,631.0,-113.0,678.0,-6.0,430.0,,331.0
-251.0,-243.0,,619.0,-190.0,669.0,2.0,254.0,,386.0
-257.0,-219.0,,593.0,-258.0,267.0,48.0,341.0,,393.0
-180.0,-214.0,,519.0,-278.0,-34.0,98.0,110.0,,348.0
-127.0,-120.0,,498.0,-268.0,-5.0,101.0,147.0,,285.0
-128.0,-4.0,,529.0,-192.0,316.0,74.0,136.0,,220.0
-102.0,-1.0,,573.0,-123.0,342.0,38.0,73.0,,165.0
35.0,-11.0,,562.0,-99.0,124.0,39.0,182.0,,134.0
64.0,12.0,,461.0,-47.0,145.0,129.0,-77.0,,135.0
82.0,109.0,,441.0,-34.0,362.0,260.0,-49.0,,154.0
132.0,196.0,,460.0,-58.0,757.0,339.0,-238.0,,193.0
241.0,237.0,,532.0,11.0,984.0,355.0,-210.0,,265.0
332.0,226.0,,486.0,118.0,822.0,338.0,-42.0,,355.0
368.0,131.0,,485.0,185.0,741.0,309.0,25.0,,437.0
408.0,-11.0,,535.0,211.0,866.0,296.0,389.0,,491.0
429.0,-162.0,,417.0,129.0,775.0,346.0,404.0,,537.0
517.0,-219.0,,460.0,14.0,373.0,405.0,652.0,,557.0
550.0,-273.0,,526.0,-7.0,69.0,402.0,726.0,,574.0
600.0,-382.0,,471.0,-11.0,42.0,356.0,752.0,,575.0
634.0,-469.0,,483.0,-2.0,125.0,322.0,920.0,,550.0
645.0,-514.0,,501.0,56.0,-15.0,330.0,809.0,,514.0
629.0,-433.0,,602.0,87.0,-383.0,369.0,927.0,,430.0
608.0,-297.0,,633.0,110.0,-568.0,443.0,774.0,,316.0
682.0,-198.0,,674.0,146.0,-583.0,479.0,829.0,,182.0
664.0,-142.0,,732.0,110.0,-564.0,450.0,796.0,,43.0
613.0,-82.0,,730.0,72.0,-617.0,395.0,657.0,,-92.0
622.0,36.0,,884.0,61.0,-710.0,363.0,842.0,,-208.0
664.0,134.0,,920.0,0.0,-653.0,428.0,763.0,,-301.0
699.0,236.0,,859.0,-24.0,-518.0,522.0,1018.0,,-385.0
690.0,265.0,,925.0,-33.0,-543.0,542.0,1071.0,,-455.0
722.0,169.0,,996.0,-110.0,-745.0,448.0,1103.0,,-519.0
743.0,98.0,,882.0,-177.0,-906.0,352.0,1184.0,,-557.0
733.0,76.0,,829.0,-270.0,-878.0,337.0,971.0,,-599.0
831.0,-27.0,,906.0,-400.0,-855.0,386.0,958.0,,-662.0
880.0,-133.0,,692.0,-447.0,-1082.0,473.0,644.0,,-730.0
879.0,-78.0,,611.0,-475.0,-1236.0,495.0,550.0,,-783.0
898.0,15.0,,668.0,-516.0,-1183.0,451.0,380.0,,-795.0
927.0,94.0,,515.0,-441.0,-1178.0,402.0,238.0,,-785.0
978.0,140.0,,587.0,-316.0,-1396.0,389.0,376.0,,-771.0
924.0,129.0,,549.0,-218.0,-1715.0,364.0,245.0,,-760.0
948.0,115.0,,377.0,-106.0,-2022.0,326.0,437.0,,-764.0
974.0,96.0,,397.0,-57.0,-2207.0,335.0,380.0,,-779.0
964.0,120.0,,348.0,-41.0,-2209.0,368.0,402.0,,-804.0
920.0,155.0,,394.0,18.0,-2302.0,423.0,467.0,,-855.0
886.0,145.0,,503.0,49.0,-2477.0,448.0,315.0,,-922.0
885.0,138.0,,602.0,108.0,-2424.0,465.0,436.0,,-986.0
762.0,131.0,,736.0,211.0,-2180.0,468.0,277.0,,-1039.0
728.0,88.0,,778.0,236.0,-2212.0,409.0,437.0,,-1081.0
690.0,65.0,,770.0,248.0,-2439.0,336.0,543.0,,-1121.0
683.0,49.0,,854.0,277.0,-2485.0,300.0,591.0,,-1147.0
597.0,-19.0,,969.0,237.0,-2374.0,335.0,753.0,,-1153.0
537.0,-79.0,,1038.0,190.0,-2511.0,440.0,611.0,,-1150.0
602.0,-103.0,,970.0,107.0,-2714.0,528.0,720.0,,-1135.0
509.0,-26.0,,885.0,-51.0,-2651.0,506.0,509.0,,-1113.0
443.0,134.0,,956.0,-116.0,-2466.0,435.0,456.0,,-1077.0
420.0,257.0,,972.0,-124.0,-2297.0,364.0,463.0,,-1039.0
489.0,318.0,,1074.0,-158.0,-2457.0,338.0,356.0,,-1037.0
487.0,302.0,,1003.0,-147.0,-2664.0,391.0,497.0,,-1032.0
447.0,245.0,,736.0,-190.0,-2799.0,501.0,256.0,,-1032.0
517.0,181.0,,778.0,-279.0,-2924.0,598.0,242.0,,-1049.0
578.0,82.0,,826.0,-290.0,-3017.0,578.0,70.0,,-1077.0
656.0,-64.0,,746.0,-282.0,-3061.0,468.0,-12.0,,-1122.0
638.0,-161.0,,784.0,-261.0,-3045.0,372.0,72.0,,-1173.0
665.0,-143.0,,920.0,-219.0,-2998.0,402.0,-24.0,,-1226.0
734.0,-87.0,,930.0,-212.0,-2769.0,500.0,273.0,,-1243.0
779.0,-25.0,,895.0,-137.0,-2516.0,582.0,314.0,,-1224.0
798.0,68.0,,905.0,0.0,-2300.0,635.0,558.0,,-1161.0
785.0,230.0,,847.0,43.0,-2328.0,596.0,683.0,,-1067.0
836.0,395.0,,842.0,52.0,-2387.0,536.0,692.0,,-959.0
812.0,497.0,,840.0,44.0,-2335.0,489.0,905.0,,-823.0
770.0,535.0,,851.0,-24.0,-2539.0,483.0,807.0,,-678.0
723.0,423.0,,840.0,-36.0,-2797.0,511.0,1112.0,,-536.0
705.0,183.0,,729.0,-44.0,-2809.0,489.0,1158.0,,-405.0
681.0,-81.0,,673.0,-90.0,-2543.0,429.0,1230.0,,-288.0
594.0,-296.0,,577.0,-53.0,-2372.0,401.0,1369.0,,-206.0
549.0,-405.0,,519.0,1.0,-2342.0,431.0,1258.0,,-171.0
446.0,-443.0,,515.0,62.0,-2127.0,423.0,1454.0,,-157.0
366.0,-457.0,,441.0,192.0,-1885.0,380.0,1284.0,,-156.0
302.0,-451.0,,356.0,267.0,-1759.0,352.0,1304.0,,-165.0
261.0,-359.0,,213.0,285.0,-1637.0,353.0,1219.0,,-197.0
203.0,-242.0,,134.0,303.0,-1512.0,393.0,1106.0,,-264.0
165.0,-114.0,,149.0,249.0,-1385.0,467.0,1175.0,,-373.0
185.0,38.0,,115.0,210.0,-1259.0,539.0,885.0,,-491.0
143.0,133.0,,116.0,208.0,-1005.0,507.0,901.0,,-598.0
144.0,209.0,,171.0,159.0,-684.0,445.0,705.0,,-673.0
137.0,225.0,,165.0,152.0,-744.0,439.0,698.0,,-699.0
176.0,221.0,,167.0,144.0,-930.0,467.0,700.0,,-711.0
166.0,194.0,,191.0,57.0,-836.0,496.0,491.0,,-710.0
218.0,150.0,,159.0,25.0,-795.0,536.0,576.0,,-716.0
328.0,189.0,,145.0,32.0,-891.0,554.0,388.0,,-720.0
330.0,243.0,,124.0,23.0,-914.0,518.0,519.0,,-720.0
312.0,277.0,,136.0,52.0,-785.0,504.0,506.0,,-727.0
286.0,263.0,,236.0,27.0,-763.0,551.0,484.0,,-718.0
371.0,270.0,,321.0,-17.0,-1170.0,606.0,587.0,,-724.0
344.0,261.0,,308.0,9.0,-1539.0,592.0,450.0,,-731.0
295.0,208.0,,161.0,-23.0,-1450.0,539.0,589.0,,-721.0
300.0,164.0,,17.0,-85.0,-1211.0,511.0,400.0,,-702.0
313.0,128.0,,-18.0,-126.0,-1207.0,553.0,434.0,,-684.0
310.0,101.0,,-96.0,-207.0,-1251.0,674.0,454.0,,-672.0
225.0,68.0,,-197.0,-237.0,-1076.0,792.0,389.0,,-658.0
225.0,93.0,,-211.0,-224.0,-715.0,837.0,613.0,,-619.0
188.0,82.0,,-193.0,-250.0,-424.0,798.0,545.0,,-550.0
153.0,98.0,,-176.0,-228.0,-343.0,738.0,798.0,,-459.0
41.0,194.0,,-139.0,-196.0,-318.0,703.0,896.0,,-337.0
-3.0,326.0,,-46.0,-181.0,-372.0,692.0,1025.0,,-198.0
30.0,444.0,,50.0,-82.0,-357.0,696.0,1199.0,,-65.0
-56.0,465.0,,116.0,-17.0,-397.0,707.0,1110.0,,67.0
-113.0,473.0,,172.0,-12.0,-534.0,719.0,1215.0,,192.0
-161.0,407.0,,166.0,2.0,-743.0,726.0,1005.0,,289.0
-124.0,317.0,,118.0,-42.0,-884.0,731.0,1008.0,,355.0
-178.0,188.0,,171.0,-51.0,-669.0,766.0,873.0,,373.0
-202.0,43.0,,152.0,-13.0,-591.0,827.0,720.0,,347.0
-136.0,12.0,,102.0,-56.0,-764.0,885.0,825.0,,273.0
-153.0,-4.0,,93.0,-66.0,-760.0,900.0,726.0,,168.0
-172.0,-44.0,,10.0,-36.0,-463.0,882.0,999.0,,43.0
-135.0,-81.0,,-21.0,-80.0,-368.0,880.0,964.0,,-80.0
-35.0,-22.0,,-42.0,-86.0,-602.0,863.0,958.0,,-189.0
-93.0,24.0,,-128.0,-92.0,-641.0,857.0,997.0,,-301.0
-82.0,86.0,,-303.0,-125.0,-398.0,844.0,846.0,,-407.0
-19.0,239.0,,-342.0,-86.0,-420.0,814.0,879.0,,-526.0
2.0,363.0,,-242.0,-87.0,-598.0,810.0,574.0,,-663.0
6.0,450.0,,-190.0,-83.0,-519.0,763.0,550.0,,-799.0
11.0,466.0,,-131.0,-27.0,-573.0,746.0,380.0,,-914.0
46.0,514.0,,-34.0,-77.0,-482.0,781.0,275.0,,-990.0
-4.0,548.0,,-77.0,-158.0,-383.0,822.0,315.0,,-1031.0
11.0,500.0,,-198.0,-198.0,-486.0,839.0,40.0,,-1041.0
33.0,384.0,,-213.0,-247.0,-400.0,777.0,149.0,,-1021.0
48.0,232.0,,-206.0,-225.0,-292.0,668.0,0.0,,-989.0
-21.0,91.0,,-214.0,-185.0,-202.0,567.0,7.0,,-954.0
-57.0,-92.0,,-252.0,-192.0,-348.0,531.0,24.0,,-936.0
-78.0,-222.0,,-200.0,-151.0,-411.0,570.0,-16.0,,-932.0
-119.0,-404.0,,-245.0,-156.0,-238.0,601.0,225.0,,-935.0
-130.0,-609.0,,-280.0,-186.0,-149.0,589.0,109.0,,-951.0
-186.0,-711.0,,-346.0,-118.0,-134.0,573.0,291.0,,-955.0
-170.0,-723.0,,-435.0,-81.0,-307.0,555.0,325.0,,-953.0
-218.0,-590.0,,-359.0,-40.0,-411.0,524.0,388.0,,-920.0
-230.0,-436.0,,-345.0,42.0,-490.0,491.0,474.0,,-838.0
-251.0,-307.0,,-252.0,58.0,-661.0,485.0,282.0,,-699.0
-187.0,-235.0,,-375.0,123.0,-849.0,472.0,397.0,,-499.0
-169.0,-251.0,,-447.0,229.0,-821.0,426.0,223.0,,-261.0
-265.0,-342.0,,-406.0,255.0,-525.0,400.0,232.0,,4.0
-239.0,-372.0,,-557.0,282.0,-246.0,384.0,175.0,,244.0
-208.0,-326.0,,-647.0,247.0,66.0,388.0,44.0,,448.0
-227.0,-286.0,,-735.0,147.0,229.0,403.0,168.0,,617.0
-291.0,-188.0,,-733.0,110.0,273.0,399.0,53.0,,719.0
-240.0,-172.0,,-881.0,41.0,430.0,357.0,151.0,,775.0
-259.0,-170.0,,-939.0,-30.0,664.0,289.0,-11.0,,775.0
-288.0,-153.0,,-783.0,-47.0,626.0,251.0,-40.0,,723.0
-299.0,-165.0,,-798.0,-126.0,250.0,253.0,33.0,,666.0
-274.0,-172.0,,-781.0,-156.0,-66.0,239.0,-101.0,,626.0
-281.0,-245.0,,-763.0,-130.0,-119.0,178.0,51.0,,614.0
-363.0,-292.0,,-795.0,-185.0,-177.0,127.0,16.0,,649.0
-301.0,-318.0,,-775.0,-200.0,-396.0,99.0,206.0,,730.0
-327.0,-303.0,,-764.0,-181.0,-322.0,89.0,271.0,,841.0
-346.0,-227.0,,-836.0,-160.0,-93.0,102.0,365.0,,973.0
-371.0,-152.0,,-812.0,-56.0,22.0,132.0,663.0,,1101.0
-342.0,-47.0,,-768.0,-12.0,-76.0,120.0,659.0,,1216.0
-302.0,-8.0,,-751.0,-39.0,-228.0,60.0,914.0,,1314.0
-337.0,-27.0,,-696.0,-31.0,-251.0,-17.0,894.0,,1376.0
-296.0,-5.0,,-781.0,-71.0,-171.0,-81.0,1034.0,,1425.0
-275.0,123.0,,-790.0,-78.0,-4.0,-77.0,1206.0,,1464.0
-212.0,345.0,,-683.0,-43.0,31.0,-46.0,1088.0,,1459.0
-215.0,452.0,,-807.0,-99.0,79.0,-18.0,1162.0,,1431.0
-214.0,428.0,,-1001.0,-131.0,-14.0,-51.0,897.0,,1380.0
-166.0,280.0,,-973.0,-125.0,-193.0,-121.0,853.0,,1296.0
-141.0,28.0,,-933.0,-149.0,-329.0,-190.0,661.0,,1194.0
-157.0,-156.0,,-961.0,-92.0,-519.0,-236.0,561.0,,1052.0
-206.0,-192.0,,-954.0,-12.0,-550.0,-231.0,716.0,,906.0
-159.0,-70.0,,-871.0,56.0,-462.0,-235.0,607.0,,767.0
-146.0,4.0,,-885.0,174.0,-426.0,-250.0,709.0,,628.0
-186.0,-2.0,,-833.0,212.0,-500.0,-278.0,508.0,,484.0
-176.0,36.0,,-689.0,238.0,-363.0,-305.0,556.0,,331.0
-174.0,151.0,,-639.0,334.0,14.0,-319.0,541.0,,205.0
-215.0,316.0,,-472.0,341.0,354.0,-317.0,382.0,,99.0
-194.0,364.0,,-428.0,325.0,540.0,-308.0,430.0,,21.0
-113.0,337.0,,-513.0,319.0,667.0,-300.0,105.0,,-33.0
-158.0,250.0,,-551.0,233.0,985.0,-305.0,127.0,,-77.0
-250.0,100.0,,-429.0,159.0,1099.0,-325.0,7.0,,-119.0
-184.0,2.0,,-318.0,46.0,846.0,-335.0,20.0,,-200.0
-126.0,-29.0,,-269.0,-113.0,619.0,-345.0,199.0,,-297.0
-174.0,-40.0,,-221.0,-179.0,443.0,-333.0,175.0,,-401.0
-211.0,-92.0,,-255.0,-249.0,405.0,-340.0,373.0,,-518.0
-164.0,-170.0,,-242.0,-298.0,539.0,-344.0,229.0,,-619.0
-155.0,-153.0,,-207.0,-221.0,841.0,-325.0,327.0,,-707.0
-214.0,55.0,,-29.0,-153.0,1116.0,-315.0,328.0,,-771.0
-194.0,273.0,,60.0,-78.0,1262.0,-318.0,286.0,,-800.0
-190.0,337.0,,82.0,17.0,1431.0,-345.0,454.0,,-787.0
-183.0,259.0,,197.0,26.0,1414.0,-371.0,376.0,,-723.0
-199.0,99.0,,179.0,57.0,1352.0,-403.0,746.0,,-607.0
-161.0,-18.0,,48.0,94.0,1283.0,-408.0,921.0,,-468.0
-135.0,-86.0,,126.0,41.0,1414.0,-380.0,1073.0,,-329.0
-147.0,-77.0,,308.0,7.0,1773.0,-357.0,1130.0,,-199.0
-114.0,-5.0,,379.0,-40.0,1875.0,-350.0,1023.0,,-78.0
-118.0,82.0,,292.0,-109.0,1823.0,-369.0,1186.0,,21.0
-49.0,178.0,,202.0,-107.0,1830.0,-370.0,995.0,,99.0
-48.0,259.0,,309.0,-145.0,1915.0,-358.0,1077.0,,135.0
-21.0,356.0,,190.0,-198.0,1979.0,-325.0,1008.0,,126.0
44.0,451.0,,235.0,-179.0,2055.0,-288.0,997.0,,111.0
93.0,473.0,,357.0,-190.0,2074.0,-313.0,1162.0,,85.0
96.0,477.0,,235.0,-154.0,2055.0,-347.0,957.0,,70.0
99.0,473.0,,215.0,-54.0,2090.0,-371.0,1032.0,,71.0
219.0,403.0,,130.0,9.0,2120.0,-368.0,923.0,,72.0
240.0,337.0,,42.0,127.0,1986.0,-321.0,1032.0,,66.0
199.0,256.0,,-25.0,242.0,1733.0,-298.0,1103.0,,25.0
192.0,202.0,,-114.0,276.0,1759.0,-301.0,1049.0,,-43.0
269.0,141.0,,-232.0,339.0,1787.0,-344.0,1204.0,,-127.0
257.0,53.0,,-366.0,339.0,1546.0,-379.0,968.0,,-224.0
208.0,37.0,,-429.0,265.0,1289.0,-380.0,942.0,,-339.0
224.0,29.0,,-403.0,244.0,1320.0,-392.0,705.0,,-471.0
271.0,86.0,,-289.0,200.0,1508.0,-388.0,582.0,,-614.0
332.0,142.0,,-253.0,179.0,1540.0,-363.0,606.0,,-754.0
336.0,180.0,,-280.0,218.0,1448.0,-336.0,351.0,,-894.0
363.0,236.0,,-214.0,209.0,1362.0,-324.0,369.0,,-1035.0
363.0,231.0,,-131.0,214.0,1406.0,-329.0,83.0,,-1182.0
364.0,193.0,,-122.0,201.0,1314.0,-341.0,11.0,,-1343.0
335.0,134.0,,-140.0,103.0,1095.0,-345.0,-55.0,,-1508.0
320.0,157.0,,-66.0,63.0,1044.0,-347.0,-173.0,,-1665.0
258.0,255.0,,1.0,43.0,1020.0,-339.0,16.0,,-1792.0
242.0,389.0,,86.0,4.0,832.0,-308.0,-35.0,,-1893.0
275.0,487.0,,210.0,39.0,569.0,-280.0,214.0,,-1976.0
230.0,458.0,,299.0,72.0,379.0,-251.0,271.0,,-2056.0
186.0,374.0,,374.0,131.0,152.0,-225.0,380.0,,-2106.0
105.0,210.0,,215.0,255.0,-13.0,-225.0,519.0,,-2129.0
126.0,-18.0,,158.0,321.0,0.0,-215.0,332.0,,-2128.0
85.0,-216.0,,173.0,361.0,-23.0,-210.0,375.0,,-2087.0
-32.0,-287.0,,146.0,388.0,-250.0,-230.0,169.0,,-2009.0
-112.0,-262.0,,262.0,319.0,-443.0,-237.0,232.0,,-1890.0
-78.0,-229.0,,194.0,241.0,-321.0,-237.0,133.0,,-1734.0
-34.0,-229.0,,117.0,163.0,-152.0,-238.0,-99.0,,-1549.0
-123.0,-281.0,,-9.0,37.0,-168.0,-236.0,-145.0,,-1355.0
-121.0,-342.0,,-102.0,-31.0,-358.0,-250.0,-430.0,,-1165.0
-79.0,-474.0,,-123.0,-93.0,-482.0,-283.0,-347.0,,-1010.0
-137.0,-729.0,,-171.0,-165.0,-478.0,-260.0,-552.0,,-883.0
-205.0,-985.0,,-169.0,-157.0,-523.0,-177.0,-683.0,,-766.0
-167.0,-1073.0,,-355.0,-207.0,-503.0,-113.0,-746.0,,-673.0
-143.0,-1034.0,,-477.0,-277.0,-335.0,-91.0,-853.0,,-594.0
-164.0,-1001.0,,-577.0,-266.0,12.0,-113.0,-580.0,,-553.0
-181.0,-924.0,,-714.0,-257.0,190.0,-149.0,-552.0,,-565.0
-150.0,-746.0,,-815.0,-190.0,47.0,-193.0,-206.0,,-605.0
-204.0,-535.0,,-830.0,-96.0,-35.0,-232.0,-46.0,,-676.0
-246.0,-407.0,,-768.0,-65.0,183.0,-236.0,38.0,,-763.0
-186.0,-353.0,,-828.0,0.0,343.0,-230.0,162.0,,-837.0
-239.0,-226.0,,-887.0,67.0,86.0,-237.0,44.0,,-935.0
-295.0,-100.0,,-967.0,80.0,-166.0,-250.0,290.0,,-1021.0
-337.0,-69.0,,-916.0,120.0,-159.0,-244.0,188.0,,-1083.0
-292.0,-51.0,,-750.0,133.0,18.0,-214.0,195.0,,-1143.0
-330.0,-24.0,,-592.0,134.0,148.0,-172.0,142.0,,-1173.0
-368.0,42.0,,-498.0,208.0,208.0,-118.0,-12.0,,-1198.0
-353.0,73.0,,-418.0,215.0,373.0,-71.0,107.0,,-1191.0
-387.0,62.0,,-352.0,171.0,606.0,-57.0,-35.0,,-1164.0
-344.0,61.0,,-408.0,144.0,748.0,-86.0,118.0,,-1147.0
-388.0,-2.0,,-440.0,69.0,782.0,-146.0,92.0,,-1107.0
-375.0,-145.0,,-493.0,50.0,695.0,-191.0,129.0,,-1066.0
-344.0,-248.0,,-529.0,94.0,571.0,-213.0,219.0,,-1033.0
-278.0,-187.0,,-562.0,83.0,663.0,-200.0,84.0,,-995.0
-273.0,-61.0,,-550.0,63.0,702.0,-148.0,205.0,,-970.0
-286.0,29.0,,-632.0,7.0,446.0,-113.0,-72.0,,-946.0
-229.0,19.0,,-760.0,-112.0,25.0,-130.0,-245.0,,-898.0
-328.0,3.0,,-801.0,-181.0,-198.0,-204.0,-495.0,,-824.0
-331.0,-3.0,,-781.0,-224.0,-232.0,-272.0,-792.0,,-725.0
-277.0,-65.0,,-705.0,-252.0,-388.0,-296.0,-837.0,,-597.0
-272.0,-127.0,,-732.0,-196.0,-522.0,-311.0,-1043.0,,-460.0
-416.0,-210.0,,-816.0,-138.0,-368.0,-316.0,-916.0,,-325.0
-481.0,-186.0,,-868.0,-71.0,237.0,-310.0,-1012.0,,-204.0
-403.0,-140.0,,-761.0,47.0,713.0,-289.0,-1012.0,,-91.0
-512.0,-7.0,,-743.0,106.0,724.0,-279.0,-1003.0,,21.0
-597.0,169.0,,-710.0,135.0,642.0,-314.0,-1140.0,,114.0
-572.0,207.0,,-689.0,156.0,683.0,-375.0,-951.0,,190.0
-520.0,242.0,,-688.0,103.0,799.0,-419.0,-1073.0,,239.0
-571.0,241.0,,-581.0,96.0,660.0,-448.0,-923.0,,234.0
-589.0,226.0,,-632.0,137.0,460.0,-450.0,-885.0,,205.0
-567.0,102.0,,-558.0,129.0,560.0,-452.0,-890.0,,173.0
-594.0,11.0,,-470.0,147.0,752.0,-496.0,-759.0,,119.0
-598.0,22.0,,-424.0,162.0,769.0,-542.0,-940.0,,58.0
-532.0,-9.0,,-387.0,130.0,797.0,-550.0,-792.0,,-5.0
-514.0,-100.0,,-390.0,123.0,852.0,-450.0,-853.0,,-88.0
-560.0,-214.0,,-337.0,95.0,770.0,-308.0,-768.0,,-184.0
-444.0,-168.0,,-259.0,41.0,623.0,-246.0,-654.0,,-276.0
-390.0,-161.0,,-80.0,43.0,476.0,-268.0,-670.0,,-322.0
-362.0,-187.0,,5.0,26.0,557.0,-324.0,-439.0,,-326.0
-319.0,-202.0,,94.0,-21.0,706.0,-349.0,-548.0,,-301.0
-205.0,-166.0,,273.0,-35.0,704.0,-348.0,-428.0,,-246.0
-101.0,-54.0,,324.0,-95.0,600.0,-324.0,-476.0,,-181.0
-56.0,-84.0,,325.0,-172.0,350.0,-314.0,-491.0,,-115.0
-12.0,-71.0,,388.0,-212.0,73.0,-325.0,-291.0,,-68.0
-76.0,6.0,,366.0,-292.0,75.0,-363.0,-406.0,,-37.0
29.0,-34.0,,303.0,-359.0,467.0,-411.0,-341.0,,-16.0
86.0,-177.0,,309.0,-383.0,866.0,-417.0,-578.0,,1.0
98.0,-264.0,,177.0,-415.0,1042.0,-375.0,-578.0,,21.0
57.0,-263.0,,-51.0,-408.0,1274.0,-269.0,-600.0,,43.0
56.0,-268.0,,-96.0,-371.0,1650.0,-213.0,-796.0,,59.0
94.0,-329.0,,-124.0,-343.0,1861.0,-230.0,-727.0,,37.0
-45.0,-299.0,,-245.0,-262.0,1805.0,-281.0,-929.0,,-22.0
-19.0,-107.0,,-262.0,-166.0,1630.0,-344.0,-879.0,,-100.0
-3.0,41.0,,-282.0,-118.0,1663.0,-373.0,-1134.0,,-183.0
-12.0,99.0,,-236.0,-54.0,1725.0,-394.0,-1348.0,,-273.0
-88.0,106.0,,-176.0,26.0,1556.0,-389.0,-1359.0,,-364.0
-92.0,104.0,,-192.0,104.0,1445.0,-362.0,-1439.0,,-442.0
-53.0,47.0,,-190.0,195.0,1452.0,-322.0,-1249.0,,-506.0
-101.0,11.0,,-176.0,222.0,1631.0,-310.0,-1504.0,,-557.0
4.0,20.0,,-119.0,190.0,1780.0,-319.0,-1540.0,,-579.0
18.0,127.0,,-20.0,192.0,1856.0,-321.0,-1661.0,,-589.0
10.0,259.0,,71.0,173.0,1878.0,-359.0,-1801.0,,-589.0
52.0,219.0,,-3.0,105.0,1660.0,-406.0,-1698.0,,-596.0
127.0,194.0,,-72.0,46.0,1434.0,-434.0,-1797.0,,-615.0
153.0,217.0,,24.0,-37.0,1151.0,-459.0,-1507.0,,-616.0
138.0,256.0,,170.0,-118.0,740.0,-467.0,-1430.0,,-610.0
163.0,231.0,,228.0,-116.0,409.0,-473.0,-1241.0,,-591.0
219.0,149.0,,234.0,-85.0,356.0,-507.0,-1095.0,,-563.0
261.0,79.0,,213.0,-56.0,484.0,-567.0,-1165.0,,-522.0
205.0,13.0,,176.0,-14.0,526.0,-634.0,-1023.0,,-476.0
205.0,-64.0,,226.0,1.0,561.0,-661.0,-1221.0,,-432.0
174.0,-179.0,,256.0,40.0,721.0,-636.0,-1165.0,,-377.0
217.0,-244.0,,213.0,120.0,1049.0,-575.0,-1285.0,,-317.0
233.0,-368.0,,75.0,165.0,1318.0,-544.0,-1385.0,,-228.0
190.0,-489.0,,24.0,206.0,1416.0,-582.0,-1372.0,,-122.0
229.0,-574.0,,-26.0,231.0,1566.0,-589.0,-1646.0,,25.0
198.0,-655.0,,-121.0,166.0,1750.0,-551.0,-1616.0,,216.0
164.0,-695.0,,-208.0,82.0,1912.0,-532.0,-1856.0,,443.0
93.0,-674.0,,-342.0,20.0,1891.0,-524.0,-1886.0,,707.0
112.0,-501.0,,-338.0,-47.0,1723.0,-549.0,-1886.0,,967.0
98.0,-267.0,,-369.0,-96.0,1517.0,-606.0,-1932.0,,1221.0
36.0,-36.0,,-487.0,-150.0,1265.0,-662.0,-1736.0,,1437.0
47.0,111.0,,-529.0,-200.0,1197.0,-693.0,-1799.0,,1602.0
-39.0,252.0,,-581.0,-153.0,1137.0,-639.0,-1557.0,,1725.0
-118.0,369.0,,-543.0,-51.0,1028.0,-545.0,-1515.0,,1790.0
-171.0,453.0,,-394.0,32.0,1002.0,-464.0,-1317.0,,1787.0
-164.0,593.0,,-461.0,129.0,1051.0,-407.0,-1018.0,,1716.0
-234.0,647.0,,-495.0,197.0,1149.0,-407.0,-942.0,,1579.0
-302.0,570.0,,-432.0,189.0,1103.0,-449.0,-502.0,,1406.0
-287.0,357.0,,-408.0,179.0,1154.0,-488.0,-388.0,,1218.0
-319.0,143.0,,-367.0,163.0,1310.0,-467.0,-232.0,,1022.0
-333.0,-14.0,,-421.0,110.0,1317.0,-370.0,-327.0,,850.0
-333.0,-123.0,,-372.0,57.0,1132.0,-227.0,-508.0,,709.0
-222.0,-122.0,,-266.0,-10.0,890.0,-142.0,-469.0,,608.0
-254.0,-42.0,,-174.0,-79.0,872.0,-163.0,-750.0,,557.0
-234.0,101.0,,-47.0,-92.0,841.0,-228.0,-777.0,,540.0
-147.0,192.0,,76.0,-104.0,606.0,-235.0,-979.0,,535.0
-179.0,165.0,,49.0,-122.0,371.0,-104.0,-940.0,,520.0
-146.0,118.0,,-31.0,-91.0,319.0,69.0,-807.0,,502.0
-187.0,215.0,,38.0,-63.0,402.0,128.0,-864.0,,458.0
-95.0,290.0,,72.0,-42.0,554.0,33.0,-694.0,,365.0
-116.0,238.0,,42.0,4.0,623.0,-89.0,-866.0,,222.0
-165.0,212.0,,47.0,29.0,352.0,-109.0,-825.0,,44.0
-172.0,229.0,,48.0,45.0,69.0,1.0,-921.0,,-139.0
-224.0,285.0,,110.0,82.0,37.0,182.0,-1064.0,,-315.0
-182.0,285.0,,188.0,108.0,-108.0,291.0,-1110.0,,-473.0
-319.0,308.0,,186.0,130.0,-595.0,221.0,-1398.0,,-625.0
-300.0,361.0,,200.0,147.0,-928.0,33.0,-1341.0,,-744.0
-307.0,332.0,,215.0,116.0,-854.0,-82.0,-1505.0,,-826.0
-344.0,212.0,,232.0,101.0,-795.0,-41.0,-1459.0,,-876.0
-353.0,132.0,,179.0,118.0,-800.0,71.0,-1407.0,,-879.0
-440.0,277.0,,61.0,100.0,-703.0,169.0,-1474.0,,-858.0
-371.0,467.0,,62.0,97.0,-475.0,185.0,-1315.0,,-812.0
-373.0,521.0,,187.0,118.0,-282.0,132.0,-1446.0,,-747.0
-292.0,454.0,,213.0,113.0,-400.0,115.0,-1217.0,,-684.0
-230.0,489.0,,144.0,131.0,-620.0,126.0,-1156.0,,-639.0
-247.0,569.0,,221.0,168.0,-686.0,115.0,-1023.0,,-621.0
-205.0,509.0,,243.0,171.0,-803.0,110.0,-800.0,,-608.0
-162.0,406.0,,186.0,202.0,-1077.0,156.0,-914.0,,-611.0
-80.0,313.0,,230.0,255.0,-1209.0,251.0,-809.0,,-624.0
-36.0,289.0,,339.0,247.0,-1162.0,302.0,-990.0,,-626.0
-16.0,214.0,,424.0,238.0,-1172.0,279.0,-801.0,,-634.0
89.0,150.0,,447.0,221.0,-1124.0,206.0,-594.0,,-626.0
146.0,188.0,,529.0,151.0,-1022.0,133.0,-448.0,,-617.0
90.0,247.0,,505.0,91.0,-1076.0,132.0,-144.0,,-606.0
85.0,270.0,,376.0,24.0,-1187.0,152.0,-260.0,,-581.0
136.0,243.0,,448.0,-78.0,-1026.0,138.0,-177.0,,-581.0
212.0,238.0,,643.0,-161.0,-745.0,146.0,-363.0,,-598.0
205.0,200.0,,650.0,-244.0,-753.0,202.0,-363.0,,-622.0
272.0,64.0,,528.0,-303.0,-964.0,286.0,-214.0,,-652.0
304.0,-165.0,,498.0,-277.0,-1035.0,316.0,-144.0,,-667.0
346.0,-297.0,,432.0,-251.0,-981.0,230.0,147.0,,-666.0
399.0,-308.0,,364.0,-254.0,-1222.0,121.0,-48.0,,-647.0
318.0,-295.0,,396.0,-246.0,-1531.0,39.0,-116.0,,-611.0
364.0,-283.0,,445.0,-259.0,-1464.0,16.0,-376.0,,-576.0
328.0,-243.0,,463.0,-251.0,-1246.0,101.0,-541.0,,-534.0
369.0,-152.0,,462.0,-187.0,-1153.0,270.0,-371.0,,-462.0
326.0,-89.0,,462.0,-170.0,-1141.0,395.0,-343.0,,-378.0
283.0,-18.0,,540.0,-205.0,-1026.0,278.0,-7.0,,-288.0
361.0,3.0,,628.0,-253.0,-863.0,31.0,5.0,,-186.0
341.0,0.0,,657.0,-330.0,-696.0,-52.0,14.0,,-88.0
369.0,-66.0,,654.0,-349.0,-512.0,104.0,-158.0,,11.0
271.0,-176.0,,675.0,-310.0,-370.0,371.0,-447.0,,112.0
286.0,-269.0,,812.0,-297.0,-301.0,540.0,-474.0,,191.0
215.0,-359.0,,901.0,-273.0,-177.0,494.0,-696.0,,261.0
235.0,-299.0,,831.0,-223.0,93.0,339.0,-532.0,,293.0
273.0,-151.0,,733.0,-166.0,198.0,207.0,-565.0,,281.0
144.0,6.0,,754.0,-75.0,-22.0,162.0,-567.0,,251.0
188.0,87.0,,788.0,14.0,-181.0,264.0,-522.0,,206.0
138.0,117.0,,846.0,45.0,-52.0,416.0,-729.0,,152.0
128.0,138.0,,893.0,100.0,-39.0,495.0,-533.0,,67.0
0.0,78.0,,939.0,158.0,-244.0,476.0,-452.0,,-23.0
15.0,15.0,,930.0,148.0,-376.0,389.0,-162.0,,-123.0
39.0,-8.0,,853.0,152.0,-262.0,317.0,11.0,,-231.0
-2.0,-14.0,,866.0,159.0,-134.0,338.0,116.0,,-326.0
35.0,-64.0,,802.0,139.0,-323.0,450.0,321.0,,-413.0
0.0,-152.0,,783.0,126.0,-383.0,498.0,158.0,,-500.0
120.0,-247.0,,685.0,86.0,-81.0,413.0,184.0,,-590.0
59.0,-311.0,,576.0,29.0,298.0,297.0,-77.0,,-677.0
86.0,-410.0,,535.0,33.0,461.0,316.0,-173.0,,-748.0
89.0,-584.0,,406.0,55.0,450.0,459.0,-175.0,,-806.0
163.0,-688.0,,279.0,68.0,496.0,543.0,-393.0,,-857.0
220.0,-657.0,,189.0,108.0,473.0,520.0,-415.0,,-894.0
176.0,-620.0,,235.0,110.0,513.0,423.0,-694.0,,-931.0
274.0,-671.0,,211.0,83.0,517.0,342.0,-661.0,,-960.0
206.0,-666.0,,223.0,70.0,207.0,347.0,-639.0,,-968.0
289.0,-588.0,,258.0,32.0,-32.0,460.0,-491.0,,-957.0
193.0,-499.0,,194.0,21.0,89.0,592.0,-184.0,,-920.0
235.0,-451.0,,141.0,36.0,275.0,574.0,-142.0,,-853.0
294.0,-408.0,,155.0,-20.0,391.0,420.0,182.0,,-767.0
145.0,-315.0,,348.0,-108.0,373.0,247.0,157.0,,-663.0
97.0,-334.0,,439.0,-164.0,282.0,214.0,227.0,,-544.0
5.0,-447.0,,429.0,-213.0,291.0,380.0,308.0,,-423.0
56.0,-549.0,,387.0,-236.0,35.0,571.0,327.0,,-301.0
-58.0,-541.0,,269.0,-236.0,-400.0,615.0,665.0,,-195.0
-78.0,-477.0,,273.0,-251.0,-617.0,520.0,742.0,,-99.0
-141.0,-451.0,,295.0,-255.0,-490.0,463.0,988.0,,-35.0
-211.0,-359.0,,397.0,-239.0,-365.0,504.0,861.0,,-2.0
-157.0,-215.0,,397.0,-234.0,-448.0,531.0,661.0,,34.0
-268.0,-90.0,,279.0,-185.0,-345.0,472.0,572.0,,48.0
-311.0,-57.0,,267.0,-99.0,-63.0,389.0,306.0,,52.0
-331.0,-48.0,,197.0,-49.0,292.0,369.0,415.0,,44.0
-260.0,3.0,,320.0,-3.0,396.0,420.0,382.0,,36.0
-261.0,68.0,,417.0,16.0,434.0,528.0,663.0,,22.0
-263.0,134.0,,350.0,3.0,522.0,613.0,862.0,,3.0
-219.0,214.0,,216.0,20.0,472.0,590.0,825.0,,-3.0
-170.0,311.0,,73.0,22.0,516.0,472.0,785.0,,-10.0
-126.0,315.0,,106.0,-36.0,563.0,391.0,389.0,,12.0
-91.0,199.0,,88.0,-110.0,572.0,447.0,336.0,,62.0
19.0,49.0,,132.0,-190.0,477.0,536.0,107.0,,140.0
76.0,-39.0,,138.0,-252.0,480.0,518.0,24.0,,242.0
126.0,-78.0,,140.0,-225.0,338.0,395.0,7.0,,349.0
71.0,-43.0,,145.0,-172.0,137.0,260.0,-177.0,,452.0
76.0,33.0,,204.0,-138.0,160.0,239.0,-107.0,,556.0
165.0,63.0,,398.0,-91.0,177.0,374.0,-447.0,,666.0
219.0,104.0,,395.0,-71.0,329.0,546.0,-484.0,,755.0
166.0,56.0,,335.0,-22.0,162.0,585.0,-436.0,,814.0
94.0,-71.0,,287.0,110.0,-175.0,447.0,-315.0,,836.0
100.0,-186.0,,281.0,198.0,-196.0,281.0,-53.0,,816.0
88.0,-243.0,,276.0,211.0,-10.0,238.0,-62.0,,759.0
50.0,-185.0,,305.0,194.0,4.0,332.0,208.0,,680.0
-21.0,-89.0,,443.0,136.0,-112.0,440.0,182.0,,580.0
82.0,22.0,,560.0,127.0,16.0,419.0,269.0,,482.0
4.0,122.0,,531.0,173.0,352.0,274.0,303.0,,401.0
-66.0,220.0,,467.0,166.0,651.0,142.0,260.0,,339.0
-63.0,289.0,,543.0,140.0,504.0,143.0,535.0,,301.0
-104.0,273.0,,577.0,101.0,246.0,292.0,474.0,,269.0
-9.0,230.0,,600.0,17.0,281.0,464.0,644.0,,251.0
-172.0,218.0,,633.0,-26.0,567.0,507.0,631.0,,250.0
-233.0,235.0,,622.0,-19.0,690.0,383.0,672.0,,270.0
-258.0,238.0,,545.0,-14.0,520.0,140.0,820.0,,299.0
-226.0,199.0,,466.0,20.0,403.0,-18.0,715.0,,339.0
-297.0,131.0,,406.0,66.0,340.0,52.0,868.0,,392.0
-411.0,68.0,,440.0,77.0,352.0,253.0,783.0,,437.0
-305.0,-50.0,,434.0,107.0,370.0,408.0,981.0,,484.0
-332.0,-137.0,,365.0,122.0,551.0,402.0,1069.0,,510.0
-226.0,-24.0,,401.0,88.0,657.0,304.0,1034.0,,525.0
-315.0,202.0,,277.0,80.0,555.0,228.0,1156.0,,529.0
-324.0,346.0,,169.0,65.0,534.0,205.0,925.0,,511.0
-293.0,344.0,,193.0,14.0,374.0,183.0,1018.0,,479.0
-278.0,343.0,,231.0,-14.0,100.0,172.0,848.0,,419.0
-261.0,388.0,,250.0,-68.0,27.0,212.0,761.0,,352.0
-369.0,377.0,,289.0,-143.0,249.0,250.0,763.0,,282.0
-212.0,340.0,,210.0,-183.0,452.0,255.0,567.0,,182.0
-225.0,401.0,,152.0,-244.0,442.0,193.0,727.0,,93.0
-213.0,504.0,,387.0,-277.0,446.0,102.0,670.0,,17.0
-315.0,547.0,,425.0,-211.0,738.0,74.0,820.0,,-44.0
-247.0,592.0,,317.0,-139.0,922.0,110.0,777.0,,-80.0
-158.0,687.0,,214.0,-82.0,818.0,128.0,685.0,,-124.0
-234.0,763.0,,150.0,-19.0,766.0,86.0,716.0,,-176.0
-156.0,711.0,,146.0,0.0,647.0,-12.0,458.0,,-255.0
-215.0,597.0,,-3.0,17.0,498.0,-97.0,461.0,,-334.0
-93.0,503.0,,-80.0,51.0,263.0,-99.0,194.0,,-412.0
-80.0,397.0,,-148.0,41.0,123.0,-65.0,155.0,,-495.0
-13.0,197.0,,-243.0,23.0,112.0,-12.0,203.0,,-539.0
-13.0,8.0,,-281.0,5.0,19.0,18.0,123.0,,-550.0
11.0,37.0,,-342.0,-41.0,-76.0,-2.0,279.0,,-515.0
129.0,233.0,,-369.0,-51.0,-221.0,-35.0,197.0,,-446.0
115.0,453.0,,-304.0,-38.0,-246.0,-74.0,341.0,,-346.0
126.0,567.0,,-165.0,-37.0,-100.0,-112.0,260.0,,-228.0
114.0,640.0,,-96.0,12.0,175.0,-142.0,317.0,,-139.0
267.0,734.0,,-44.0,91.0,388.0,-151.0,572.0,,-59.0
273.0,778.0,,69.0,150.0,436.0,-173.0,585.0,,-17.0
307.0,689.0,,217.0,222.0,473.0,-250.0,831.0,,-17.0
264.0,499.0,,379.0,252.0,600.0,-330.0,681.0,,-49.0
245.0,291.0,,420.0,193.0,710.0,-336.0,613.0,,-144.0
203.0,37.0,,366.0,145.0,500.0,-246.0,447.0,,-274.0
182.0,-219.0,,196.0,120.0,181.0,-135.0,179.0,,-416.0
203.0,-410.0,,48.0,96.0,71.0,-76.0,140.0,,-539.0
53.0,-416.0,,139.0,100.0,85.0,-103.0,-169.0,,-629.0
189.0,-345.0,,108.0,91.0,-88.0,-140.0,-109.0,,-679.0
145.0,-409.0,,-9.0,97.0,-299.0,-134.0,-223.0,,-684.0
128.0,-610.0,,9.0,146.0,-267.0,-174.0,-245.0,,-666.0
102.0,-835.0,,27.0,156.0,-114.0,-251.0,-110.0,,-611.0
145.0,-950.0,,27.0,135.0,-81.0,-275.0,-120.0,,-535.0
245.0,-951.0,,51.0,130.0,-155.0,-204.0,182.0,,-453.0
155.0,-873.0,,145.0,93.0,-141.0,-113.0,186.0,,-373.0
247.0,-787.0,,195.0,44.0,-302.0,-66.0,484.0,,-317.0
214.0,-678.0,,200.0,21.0,-588.0,-96.0,702.0,,-276.0
286.0,-457.0,,137.0,-14.0,-720.0,-224.0,885.0,,-245.0
321.0,-141.0,,112.0,-28.0,-673.0,-330.0,1171.0,,-241.0
328.0,19.0,,157.0,-23.0,-502.0,-302.0,1001.0,,-242.0
383.0,21.0,,214.0,-74.0,-323.0,-133.0,1086.0,,-224.0
412.0,105.0,,223.0,-117.0,-107.0,26.0,912.0,,-205.0
471.0,238.0,,100.0,-126.0,167.0,-12.0,851.0,,-178.0
429.0,330.0,,135.0,-152.0,492.0,-250.0,794.0,,-136.0
436.0,314.0,,122.0,-138.0,778.0,-476.0,583.0,,-84.0
431.0,285.0,,113.0,-93.0,1024.0,-562.0,668.0,,-28.0
436.0,285.0,,232.0,-77.0,1090.0,-500.0,452.0,,30.0
376.0,201.0,,224.0,-52.0,868.0,-344.0,495.0,,101.0
363.0,104.0,,205.0,-11.0,487.0,-215.0,476.0,,163.0
321.0,110.0,,242.0,16.0,54.0,-210.0,556.0,,189.0
277.0,226.0,,261.0,75.0,-206.0,-392.0,709.0,,182.0
255.0,295.0,,204.0,135.0,-327.0,-614.0,532.0,,141.0
217.0,278.0,,250.0,151.0,-569.0,-715.0,563.0,,72.0
174.0,247.0,,342.0,179.0,-880.0,-660.0,264.0,,-11.0
171.0,171.0,,416.0,201.0,-1020.0,-521.0,133.0,,-114.0
297.0,22.0,,380.0,195.0,-918.0,-442.0,-3.0,,-233.0
261.0,-89.0,,243.0,185.0,-776.0,-445.0,-227.0,,-383.0
256.0,-62.0,,248.0,122.0,-752.0,-546.0,-184.0,,-554.0
224.0,12.0,,263.0,40.0,-619.0,-696.0,-480.0,,-714.0
277.0,29.0,,290.0,11.0,-304.0,-729.0,-583.0,,-877.0
263.0,45.0,,335.0,-13.0,-238.0,-632.0,-833.0,,-1014.0
330.0,181.0,,353.0,-16.0,-484.0,-516.0,-873.0,,-1104.0
409.0,224.0,,272.0,42.0,-562.0,-526.0,-648.0,,-1159.0
322.0,44.0,,155.0,97.0,-494.0,-662.0,-567.0,,-1182.0
371.0,-125.0,,67.0,134.0,-635.0,-748.0,-216.0,,-1186.0
301.0,-184.0,,38.0,155.0,-999.0,-699.0,-258.0,,-1168.0
402.0,-156.0,,111.0,120.0,-1166.0,-571.0,-116.0,,-1136.0
309.0,-91.0,,162.0,77.0,-1072.0,-472.0,-31.0,,-1097.0
403.0,-59.0,,159.0,50.0,-1064.0,-524.0,-38.0,,-1055.0
404.0,-126.0,,86.0,-9.0,-1068.0,-728.0,230.0,,-1036.0
340.0,-219.0,,53.0,-29.0,-1014.0,-885.0,206.0,,-1044.0
340.0,-266.0,,103.0,7.0,-930.0,-873.0,432.0,,-1080.0
190.0,-305.0,,200.0,25.0,-952.0,-720.0,408.0,,-1150.0
314.0,-293.0,,140.0,46.0,-1060.0,-573.0,437.0,,-1239.0
130.0,-166.0,,76.0,51.0,-1166.0,-589.0,485.0,,-1329.0
223.0,47.0,,55.0,-2.0,-1450.0,-740.0,334.0,,-1411.0
75.0,227.0,,-15.0,-49.0,-1694.0,-879.0,437.0,,-1479.0
107.0,272.0,,55.0,-81.0,-1602.0,-889.0,216.0,,-1511.0
83.0,194.0,,121.0,-120.0,-1371.0,-841.0,352.0,,-1507.0
-113.0,138.0,,87.0,-107.0,-1312.0,-833.0,473.0,,-1472.0
-41.0,153.0,,30.0,-86.0,-1386.0,-863.0,615.0,,-1417.0
-219.0,218.0,,145.0,-85.0,-1354.0,-891.0,846.0,,-1337.0
-34.0,243.0,,204.0,-64.0,-1222.0,-869.0,648.0,,-1223.0
-205.0,84.0,,154.0,-85.0,-1485.0,-776.0,698.0,,-1099.0
-192.0,-147.0,,190.0,-145.0,-1853.0,-698.0,426.0,,-961.0
-316.0,-315.0,,313.0,-174.0,-1817.0,-738.0,345.0,,-822.0
-370.0,-385.0,,289.0,-210.0,-1851.0,-900.0,315.0,,-697.0
-229.0,-358.0,,207.0,-241.0,-2053.0,-1068.0,199.0,,-587.0
-298.0,-277.0,,356.0,-202.0,-2155.0,-1025.0,400.0,,-508.0
-177.0,-111.0,,300.0,-154.0,-2026.0,-791.0,205.0,,-454.0
-288.0,-10.0,,81.0,-102.0,-1965.0,-577.0,223.0,,-414.0
-175.0,-105.0,,-25.0,-38.0,-2270.0,-557.0,42.0,,-376.0
-221.0,-237.0,,-40.0,-42.0,-2545.0,-751.0,-60.0,,-332.0
-183.0,-286.0,,-214.0,-56.0,-2417.0,-948.0,-14.0,,-275.0
-175.0,-228.0,,-314.0,-51.0,-2195.0,-938.0,-157.0,,-196.0
-132.0,-99.0,,-283.0,-96.0,-2207.0,-758.0,79.0,,-105.0
-66.0,70.0,,-434.0,-124.0,-2246.0,-605.0,-49.0,,-3.0
-156.0,120.0,,-530.0,-90.0,-2093.0,-605.0,53.0,,107.0
-158.0,19.0,,-581.0,-50.0,-1884.0,-690.0,131.0,,205.0
-213.0,73.0,,-559.0,10.0,-2035.0,-721.0,81.0,,271.0
-95.0,391.0,,-542.0,44.0,-2395.0,-642.0,243.0,,317.0
-126.0,662.0,,-482.0,4.0,-2645.0,-539.0,40.0,,338.0
-114.0,538.0,,-411.0,-14.0,-2805.0,-559.0,182.0,,331.0
-156.0,206.0,,-493.0,-32.0,-2841.0,-716.0,190.0,,314.0
-72.0,-83.0,,-523.0,-67.0,-2792.0,-878.0,245.0,,286.0
-47.0,-226.0,,-523.0,-38.0,-2833.0,-833.0,339.0,,254.0
-144.0,-256.0,,-517.0,13.0,-3042.0,-571.0,247.0,,223.0
-134.0,-250.0,,-525.0,62.0,-3033.0,-299.0,384.0,,213.0
-124.0,-182.0,,-545.0,136.0,-2790.0,-237.0,133.0,,227.0
-40.0,-136.0,,-382.0,166.0,-2786.0,-427.0,99.0,,261.0
-88.0,-149.0,,-275.0,145.0,-3042.0,-621.0,-77.0,,313.0
-114.0,-221.0,,-301.0,115.0,-3196.0,-608.0,-203.0,,372.0
-199.0,-155.0,,-306.0,45.0,-3191.0,-369.0,-79.0,,449.0
-132.0,-2.0,,-325.0,20.0,-3261.0,-140.0,-280.0,,529.0
-78.0,-61.0,,-316.0,71.0,-3449.0,-139.0,-149.0,,616.0
-90.0,-327.0,,-303.0,101.0,-3604.0,-340.0,-264.0,,690.0
-112.0,-476.0,,-204.0,143.0,-3482.0,-557.0,-230.0,,751.0
-84.0,-356.0,,-278.0,176.0,-3216.0,-574.0,-197.0,,789.0
-53.0,-245.0,,-444.0,150.0,-2951.0,-423.0,-347.0,,789.0
-138.0,-285.0,,-485.0,161.0,-2639.0,-294.0,-192.0,,770.0
-89.0,-402.0,,-501.0,192.0,-2265.0,-272.0,-328.0,,716.0
-82.0,-363.0,,-436.0,159.0,-1815.0,-327.0,-160.0,,641.0
-24.0,-200.0,,-433.0,128.0,-1585.0,-377.0,-72.0,,533.0
-109.0,35.0,,-406.0,77.0,-1544.0,-333.0,107.0,,425.0
-74.0,314.0,,-363.0,-18.0,-1530.0,-225.0,417.0,,310.0
-89.0,324.0,,-369.0,-70.0,-1617.0,-171.0,375.0,,172.0
-152.0,106.0,,-499.0,-137.0,-1691.0,-230.0,618.0,,50.0
-65.0,-24.0,,-508.0,-210.0,-1830.0,-315.0,556.0,,-82.0
-97.0,93.0,,-457.0,-204.0,-2095.0,-308.0,587.0,,-214.0
-24.0,294.0,,-613.0,-174.0,-2295.0,-264.0,500.0,,-343.0
-74.0,355.0,,-555.0,-108.0,-2270.0,-220.0,208.0,,-460.0
-27.0,297.0,,-551.0,-2.0,-2164.0,-194.0,166.0,,-551.0
-89.0,266.0,,-578.0,41.0,-2144.0,-229.0,-142.0,,-631.0
-105.0,222.0,,-530.0,64.0,-2041.0,-292.0,-103.0,,-686.0
-10.0,88.0,,-629.0,116.0,-1810.0,-361.0,-179.0,,-727.0
-48.0,-79.0,,-616.0,118.0,-1579.0,-380.0,-123.0,,-748.0
-5.0,-123.0,,-565.0,118.0,-1427.0,-348.0,36.0,,-747.0
-36.0,11.0,,-537.0,103.0,-1287.0,-322.0,-97.0,,-723.0
50.0,28.0,,-418.0,16.0,-1156.0,-338.0,-29.0,,-683.0
16.0,20.0,,-293.0,-30.0,-1179.0,-308.0,-349.0,,-642.0
62.0,213.0,,-245.0,-45.0,-1376.0,-208.0,-421.0,,-607.0
157.0,362.0,,-270.0,-97.0,-1713.0,-185.0,-554.0,,-586.0
94.0,271.0,,-284.0,-101.0,-2028.0,-233.0,-744.0,,-573.0
181.0,253.0,,-202.0,-93.0,-2023.0,-300.0,-639.0,,-566.0
194.0,472.0,,-134.0,-112.0,-1914.0,-334.0,-829.0,,-550.0
174.0,581.0,,-153.0,-73.0,-2017.0,-370.0,-737.0,,-531.0
178.0,532.0,,-193.0,-32.0,-2134.0,-425.0,-936.0,,-508.0
224.0,476.0,,-131.0,0.0,-2070.0,-438.0,-1091.0,,-480.0
310.0,504.0,,-191.0,64.0,-1804.0,-449.0,-1152.0,,-445.0
244.0,539.0,,-294.0,87.0,-1658.0,-422.0,-1256.0,,-399.0
257.0,491.0,,-325.0,128.0,-1851.0,-353.0,-1025.0,,-340.0
315.0,421.0,,-440.0,217.0,-1971.0,-278.0,-1173.0,,-283.0
285.0,425.0,,-451.0,260.0,-1836.0,-234.0,-1079.0,,-243.0
301.0,437.0,,-494.0,292.0,-1726.0,-222.0,-1101.0,,-213.0
279.0,267.0,,-460.0,295.0,-1686.0,-221.0,-1010.0,,-190.0
300.0,48.0,,-455.0,209.0,-1563.0,-235.0,-648.0,,-169.0
257.0,-76.0,,-535.0,155.0,-1287.0,-232.0,-620.0,,-167.0
259.0,-158.0,,-466.0,137.0,-991.0,-241.0,-332.0,,-155.0
213.0,-386.0,,-420.0,92.0,-905.0,-284.0,-421.0,,-123.0
180.0,-560.0,,-486.0,90.0,-936.0,-322.0,-485.0,,-85.0
226.0,-501.0,,-545.0,61.0,-1005.0,-259.0,-491.0,,-19.0
152.0,-515.0,,-532.0,-14.0,-1073.0,-77.0,-589.0,,58.0
219.0,-438.0,,-618.0,-51.0,-996.0,59.0,-511.0,,153.0
151.0,-74.0,,-744.0,-115.0,-959.0,34.0,-735.0,,255.0
204.0,347.0,,-754.0,-181.0,-1072.0,-76.0,-615.0,,355.0
120.0,450.0,,-693.0,-188.0,-1210.0,-108.0,-606.0,,456.0
46.0,313.0,,-736.0,-228.0,-1181.0,31.0,-539.0,,553.0
115.0,333.0,,-752.0,-247.0,-1133.0,252.0,-400.0,,634.0
-25.0,497.0,,-752.0,-238.0,-1343.0,366.0,-554.0,,688.0
26.0,635.0,,-795.0,-299.0,-1494.0,294.0,-408.0,,749.0
-44.0,572.0,,-807.0,-343.0,-1455.0,126.0,-532.0,,805.0
-11.0,364.0,,-916.0,-348.0,-1337.0,95.0,-495.0,,854.0
-96.0,32.0,,-958.0,-373.0,-1256.0,305.0,-533.0,,901.0
-219.0,-315.0,,-928.0,-342.0,-1241.0,541.0,-652.0,,936.0
-224.0,-425.0,,-918.0,-255.0,-1232.0,553.0,-548.0,,988.0
-316.0,-470.0,,-943.0,-168.0,-1289.0,363.0,-772.0,,1047.0
-262.0,-562.0,,-927.0,-40.0,-1369.0,250.0,-722.0,,1092.0
-351.0,-621.0,,-813.0,41.0,-1485.0,400.0,-914.0,,1126.0
-418.0,-584.0,,-761.0,60.0,-1480.0,716.0,-1049.0,,1127.0
-438.0,-459.0,,-724.0,109.0,-1339.0,927.0,-1110.0,,1088.0
-442.0,-279.0,,-712.0,109.0,-1133.0,827.0,-1382.0,,1032.0
-453.0,-166.0,,-643.0,76.0,-807.0,545.0,-1317.0,,939.0
-527.0,-172.0,,-508.0,75.0,-612.0,393.0,-1446.0,,800.0
-503.0,-37.0,,-525.0,48.0,-515.0,546.0,-1271.0,,640.0
-480.0,177.0,,-534.0,71.0,-293.0,839.0,-1232.0,,444.0
-497.0,238.0,,-594.0,164.0,-131.0,945.0,-1223.0,,249.0
-523.0,183.0,,-685.0,212.0,-227.0,815.0,-960.0,,85.0
-550.0,134.0,,-667.0,249.0,-291.0,608.0,-975.0,,-56.0
-485.0,40.0,,-646.0,252.0,-37.0,567.0,-705.0,,-147.0
-529.0,-112.0,,-595.0,165.0,256.0,814.0,-785.0,,-205.0
-522.0,-186.0,,-581.0,108.0,386.0,1084.0,-785.0,,-236.0
-515.0,-80.0,,-642.0,76.0,484.0,1076.0,-713.0,,-237.0
-555.0,60.0,,-667.0,41.0,778.0,831.0,-768.0,,-227.0
-471.0,37.0,,-675.0,58.0,1181.0,622.0,-642.0,,-208.0
-605.0,150.0,,-764.0,54.0,1449.0,711.0,-957.0,,-211.0
-578.0,270.0,,-735.0,53.0,1640.0,1064.0,-994.0,,-246.0
-606.0,178.0,,-640.0,126.0,1709.0,1322.0,-1149.0,,-309.0
-535.0,88.0,,-719.0,169.0,1706.0,1190.0,-1226.0,,-417.0
-531.0,59.0,,-772.0,195.0,1745.0,782.0,-1171.0,,-558.0
-650.0,237.0,,-725.0,248.0,1890.0,507.0,-1337.0,,-710.0
-541.0,414.0,,-664.0,207.0,2086.0,610.0,-1154.0,,-860.0
-653.0,441.0,,-543.0,114.0,2226.0,940.0,-1311.0,,-979.0
-535.0,293.0,,-532.0,26.0,2587.0,1114.0,-1256.0,,-1046.0
-576.0,-19.0,,-537.0,-87.0,3007.0,962.0,-1223.0,,-1057.0
-498.0,-203.0,,-455.0,-109.0,2987.0,666.0,-1247.0,,-1038.0
-443.0,-258.0,,-361.0,-75.0,2825.0,511.0,-1001.0,,-1013.0
-461.0,-277.0,,-238.0,-90.0,2925.0,705.0,-986.0,,-986.0
-375.0,-420.0,,-283.0,-92.0,3162.0,1005.0,-591.0,,-976.0
-458.0,-662.0,,-358.0,-105.0,3171.0,1047.0,-497.0,,-985.0
-267.0,-799.0,,-392.0,-127.0,2764.0,838.0,-347.0,,-1006.0
-326.0,-796.0,,-329.0,-79.0,2554.0,655.0,-110.0,,-1038.0
-314.0,-718.0,,-242.0,-41.0,2735.0,741.0,-121.0,,-1075.0
-310.0,-733.0,,-307.0,2.0,2742.0,966.0,116.0,,-1139.0
-248.0,-673.0,,-224.0,92.0,2519.0,1110.0,-29.0,,-1214.0
-232.0,-525.0,,-203.0,121.0,2482.0,1013.0,44.0,,-1281.0
-347.0,-470.0,,-325.0,120.0,2942.0,696.0,35.0,,-1346.0
-286.0,-426.0,,-334.0,119.0,3391.0,475.0,-14.0,,-1381.0
-324.0,-406.0,,-302.0,49.0,3407.0,598.0,140.0,,-1391.0
-266.0,-322.0,,-292.0,-19.0,3316.0,947.0,92.0,,-1363.0
-332.0,-321.0,,-304.0,-65.0,3366.0,1148.0,380.0,,-1296.0
-368.0,-377.0,,-315.0,-142.0,3471.0,1030.0,369.0,,-1220.0
-431.0,-184.0,,-440.0,-174.0,3460.0,704.0,491.0,,-1128.0
-443.0,38.0,,-475.0,-200.0,3499.0,478.0,528.0,,-1018.0
-414.0,28.0,,-461.0,-265.0,3605.0,549.0,317.0,,-896.0
-428.0,-163.0,,-527.0,-268.0,3624.0,755.0,293.0,,-776.0
-422.0,-188.0,,-422.0,-264.0,3633.0,838.0,-84.0,,-663.0
-456.0,-4.0,,-539.0,-252.0,3648.0,744.0,-90.0,,-569.0
-508.0,201.0,,-606.0,-183.0,3555.0,646.0,-181.0,,-512.0
-453.0,250.0,,-463.0,-154.0,3423.0,651.0,-254.0,,-476.0
-378.0,101.0,,-585.0,-133.0,3605.0,713.0,-223.0,,-451.0
-390.0,7.0,,-698.0,-64.0,3906.0,730.0,-415.0,,-428.0
-384.0,-25.0,,-643.0,-12.0,3972.0,631.0,-269.0,,-383.0
-431.0,44.0,,-499.0,56.0,3879.0,463.0,-389.0,,-322.0
-268.0,180.0,,-432.0,131.0,3962.0,426.0,-317.0,,-258.0
-408.0,296.0,,-306.0,119.0,4252.0,635.0,-266.0,,-200.0
-286.0,338.0,,-197.0,121.0,4249.0,842.0,-260.0,,-159.0
-279.0,282.0,,-189.0,149.0,4031.0,811.0,-79.0,,-129.0
-288.0,332.0,,-4.0,127.0,4004.0,613.0,-266.0,,-124.0
-162.0,474.0,,-7.0,133.0,4330.0,439.0,-162.0,,-122.0
-336.0,596.0,,-29.0,112.0,4603.0,358.0,-195.0,,-114.0
-142.0,567.0,,51.0,52.0,4538.0,442.0,-86.0,,-105.0
-450.0,431.0,,-95.0,55.0,4459.0,680.0,66.0,,-79.0
-300.0,307.0,,-145.0,51.0,4420.0,769.0,44.0,,-36.0
-460.0,178.0,,-99.0,60.0,4388.0,634.0,345.0,,32.0
-503.0,-17.0,,-61.0,129.0,4281.0,459.0,341.0,,91.0
-503.0,-200.0,,25.0,121.0,4129.0,331.0,580.0,,137.0
-769.0,-185.0,,6.0,71.0,3939.0,256.0,665.0,,167.0
-590.0,-91.0,,20.0,84.0,3706.0,289.0,633.0,,164.0
-1039.0,-76.0,,10.0,97.0,3525.0,374.0,742.0,,143.0
-712.0,-111.0,,-119.0,121.0,3481.0,408.0,617.0,,96.0
-1017.0,-139.0,,-96.0,124.0,3491.0,482.0,796.0,,26.0
-938.0,-190.0,,-59.0,75.0,3477.0,611.0,764.0,,-57.0
-1015.0,-299.0,,-38.0,72.0,3594.0,634.0,938.0,,-141.0
-1146.0,-470.0,,-11.0,46.0,3710.0,461.0,1043.0,,-226.0
-832.0,-581.0,,-34.0,-25.0,3866.0,278.0,897.0,,-303.0
-1276.0,-600.0,,-73.0,-32.0,4033.0,222.0,949.0,,-355.0
-777.0,-616.0,,-134.0,-41.0,4169.0,305.0,681.0,,-384.0
-1172.0,-537.0,,-96.0,-51.0,4332.0,478.0,678.0,,-388.0
-758.0,-473.0,,-110.0,16.0,4342.0,610.0,532.0,,-383.0
-832.0,-444.0,,-86.0,64.0,4204.0,635.0,504.0,,-365.0
-872.0,-432.0,,-12.0,86.0,4136.0,542.0,698.0,,-347.0
-594.0,-381.0,,-15.0,97.0,4269.0,450.0,672.0,,-347.0
-937.0,-233.0,,-14.0,44.0,4385.0,389.0,892.0,,-339.0
-280.0,-45.0,,63.0,42.0,4354.0,395.0,711.0,,-337.0
-714.0,200.0,,202.0,79.0,4098.0,525.0,543.0,,-321.0
-219.0,316.0,,290.0,55.0,3773.0,606.0,288.0,,-283.0
-450.0,373.0,,435.0,60.0,3615.0,553.0,57.0,,-231.0
-362.0,480.0,,599.0,55.0,3506.0,475.0,166.0,,-140.0
-185.0,547.0,,615.0,3.0,3366.0,475.0,96.0,,-32.0
-435.0,554.0,,608.0,-9.0,3170.0,469.0,410.0,,68.0
114.0,486.0,,550.0,-32.0,3062.0,374.0,502.0,,147.0
-375.0,396.0,,479.0,-64.0,3092.0,275.0,587.0,,212.0
70.0,371.0,,567.0,-35.0,3090.0,280.0,679.0,,269.0
-247.0,407.0,,563.0,-39.0,3086.0,388.0,530.0,,293.0
-65.0,377.0,,556.0,-61.0,3099.0,489.0,654.0,,303.0
-81.0,334.0,,652.0,-34.0,3105.0,489.0,541.0,,302.0
-280.0,242.0,,686.0,-52.0,3157.0,416.0,816.0,,297.0
45.0,194.0,,628.0,-76.0,3148.0,403.0,1075.0,,300.0
-335.0,219.0,,612.0,-76.0,3015.0,457.0,1173.0,,298.0
66.0,69.0,,681.0,-114.0,2900.0,432.0,1285.0,,307.0
-313.0,-122.0,,553.0,-112.0,2898.0,409.0,1023.0,,332.0
-125.0,-262.0,,490.0,-70.0,2850.0,487.0,1051.0,,364.0
-249.0,-364.0,,513.0,-70.0,2615.0,484.0,781.0,,420.0
-307.0,-508.0,,453.0,-61.0,2325.0,335.0,631.0,,486.0
-159.0,-491.0,,406.0,-68.0,2046.0,204.0,563.0,,546.0
-428.0,-182.0,,370.0,-110.0,1833.0,244.0,413.0,,592.0
-100.0,46.0,,280.0,-84.0,1840.0,389.0,598.0,,608.0
-417.0,102.0,,210.0,-65.0,1973.0,447.0,421.0,,596.0
-263.0,50.0,,257.0,-54.0,2081.0,401.0,465.0,,551.0
-422.0,69.0,,203.0,29.0,2310.0,322.0,373.0,,482.0
-258.0,85.0,,178.0,82.0,2560.0,234.0,391.0,,416.0
-205.0,35.0,,145.0,118.0,2621.0,227.0,655.0,,362.0
-382.0,28.0,,83.0,165.0,2441.0,282.0,746.0,,316.0
-256.0,-1.0,,138.0,131.0,2119.0,254.0,1197.0,,273.0
-494.0,-107.0,,166.0,58.0,2021.0,222.0,1326.0,,229.0
-208.0,-324.0,,227.0,-4.0,2038.0,257.0,1576.0,,180.0
-384.0,-455.0,,387.0,-78.0,1827.0,272.0,1696.0,,123.0
-270.0,-491.0,,401.0,-101.0,1446.0,221.0,1570.0,,62.0
-415.0,-510.0,,321.0,-98.0,1343.0,179.0,1557.0,,12.0
-370.0,-533.0,,370.0,-102.0,1476.0,252.0,1236.0,,-33.0
-266.0,-550.0,,339.0,-63.0,1435.0,345.0,1252.0,,-83.0
-490.0,-485.0,,261.0,-66.0,1212.0,303.0,1119.0,,-123.0
-354.0,-422.0,,302.0,-95.0,1010.0,160.0,1123.0,,-170.0
-567.0,-435.0,,250.0,-48.0,1160.0,63.0,1182.0,,-216.0
-401.0,-481.0,,27.0,-14.0,1149.0,68.0,1103.0,,-263.0
-655.0,-390.0,,38.0,11.0,801.0,99.0,1363.0,,-306.0
-527.0,-231.0,,72.0,106.0,596.0,123.0,1282.0,,-317.0
-570.0,-84.0,,-132.0,178.0,494.0,198.0,1387.0,,-312.0
-674.0,103.0,,-190.0,210.0,421.0,247.0,1311.0,,-271.0
-634.0,297.0,,-103.0,213.0,248.0,196.0,1123.0,,-206.0
-831.0,501.0,,-134.0,129.0,274.0,100.0,1095.0,,-129.0
-618.0,612.0,,-85.0,21.0,532.0,38.0,825.0,,-34.0
-816.0,570.0,,103.0,-102.0,562.0,102.0,788.0,,70.0
-600.0,463.0,,123.0,-261.0,369.0,208.0,511.0,,183.0
-811.0,365.0,,179.0,-326.0,245.0,267.0,456.0,,292.0
-739.0,304.0,,304.0,-280.0,281.0,311.0,426.0,,416.0
-653.0,330.0,,354.0,-188.0,237.0,307.0,249.0,,554.0
-668.0,324.0,,343.0,-41.0,201.0,235.0,308.0,,714.0
-499.0,193.0,,399.0,89.0,261.0,164.0,134.0,,886.0
-689.0,-26.0,,424.0,185.0,348.0,127.0,282.0,,1048.0
-413.0,-277.0,,331.0,298.0,332.0,119.0,314.0,,1191.0
-562.0,-368.0,,353.0,331.0,204.0,145.0,325.0,,1292.0
-335.0,-272.0,,477.0,289.0,254.0,229.0,413.0,,1333.0
-324.0,-104.0,,608.0,257.0,269.0,311.0,334.0,,1302.0
-256.0,9.0,,622.0,185.0,278.0,273.0,524.0,,1225.0
-152.0,72.0,,656.0,91.0,396.0,168.0,410.0,,1100.0
-195.0,119.0,,622.0,7.0,289.0,182.0,558.0,,952.0
45.0,122.0,,661.0,-92.0,12.0,366.0,683.0,,793.0
-108.0,141.0,,781.0,-148.0,-160.0,515.0,672.0,,622.0
94.0,165.0,,702.0,-160.0,-91.0,462.0,842.0,,463.0
-45.0,157.0,,650.0,-188.0,22.0,263.0,639.0,,303.0
66.0,129.0,,640.0,-155.0,-152.0,146.0,713.0,,167.0
102.0,14.0,,678.0,-90.0,-584.0,219.0,626.0,,64.0
83.0,-238.0,,736.0,-68.0,-770.0,332.0,637.0,,-6.0
167.0,-374.0,,855.0,-49.0,-774.0,407.0,744.0,,-51.0
-2.0,-401.0,,986.0,-69.0,-988.0,465.0,687.0,,-86.0
179.0,-483.0,,1033.0,-122.0,-1140.0,448.0,982.0,,-113.0
47.0,-546.0,,989.0,-111.0,-1006.0,351.0,899.0,,-148.0
197.0,-570.0,,928.0,-89.0,-805.0,236.0,990.0,,-188.0
205.0,-417.0,,962.0,-82.0,-961.0,170.0,975.0,,-230.0
213.0,-193.0,,1024.0,-34.0,-1300.0,225.0,798.0,,-277.0
241.0,-106.0,,1051.0,-21.0,-1429.0,322.0,726.0,,-322.0
183.0,-119.0,,934.0,-55.0,-1357.0,405.0,445.0,,-359.0
379.0,-165.0,,859.0,-66.0,-1383.0,420.0,624.0,,-389.0
314.0,-268.0,,747.0,-96.0,-1673.0,342.0,607.0,,-420.0
417.0,-425.0,,699.0,-137.0,-1888.0,248.0,665.0,,-452.0
330.0,-483.0,,688.0,-146.0,-1972.0,177.0,676.0,,-484.0
389.0,-407.0,,536.0,-167.0,-1964.0,191.0,448.0,,-528.0
453.0,-314.0,,645.0,-162.0,-1947.0,328.0,456.0,,-577.0
467.0,-285.0,,608.0,-97.0,-2004.0,536.0,114.0,,-637.0
531.0,-166.0,,442.0,-55.0,-2015.0,590.0,-18.0,,-716.0
418.0,34.0,,561.0,-18.0,-1809.0,464.0,-214.0,,-797.0
561.0,175.0,,665.0,37.0,-1487.0,272.0,-297.0,,-875.0
583.0,275.0,,571.0,55.0,-1478.0,73.0,-199.0,,-965.0
660.0,226.0,,470.0,62.0,-1708.0,-8.0,-362.0,,-1059.0
630.0,85.0,,494.0,57.0,-2086.0,34.0,-236.0,,-1143.0
647.0,-64.0,,534.0,18.0,-2380.0,207.0,-327.0,,-1205.0
683.0,-205.0,,664.0,0.0,-2596.0,453.0,-234.0,,-1256.0
697.0,-333.0,,707.0,-44.0,-2995.0,579.0,-140.0,,-1295.0
840.0,-394.0,,686.0,-144.0,-3274.0,403.0,-120.0,,-1313.0
798.0,-383.0,,685.0,-195.0,-3426.0,57.0,123.0,,-1317.0
863.0,-436.0,,659.0,-232.0,-3434.0,-9.0,35.0,,-1319.0
839.0,-448.0,,695.0,-296.0,-3407.0,305.0,164.0,,-1320.0
893.0,-371.0,,611.0,-279.0,-3407.0,526.0,68.0,,-1309.0
885.0,-105.0,,536.0,-203.0,-3194.0,326.0,27.0,,-1287.0
919.0,189.0,,519.0,-126.0,-2911.0,35.0,40.0,,-1252.0
1010.0,292.0,,509.0,-23.0,-2858.0,51.0,-197.0,,-1199.0
946.0,346.0,,448.0,71.0,-3137.0,212.0,-118.0,,-1140.0
952.0,438.0,,380.0,166.0,-3372.0,202.0,-338.0,,-1083.0
877.0,569.0,,381.0,287.0,-3271.0,126.0,-412.0,,-1005.0
927.0,607.0,,328.0,341.0,-3238.0,176.0,-593.0,,-926.0
877.0,607.0,,354.0,343.0,-3626.0,228.0,-766.0,,-842.0
861.0,614.0,,374.0,351.0,-4033.0,91.0,-635.0,,-758.0
835.0,548.0,,390.0,310.0,-4155.0,-96.0,-746.0,,-691.0
779.0,343.0,,360.0,271.0,-4157.0,-73.0,-576.0,,-625.0
807.0,85.0,,355.0,259.0,-4336.0,140.0,-694.0,,-585.0
726.0,-156.0,,423.0,192.0,-4693.0,275.0,-687.0,,-546.0
729.0,-334.0,,401.0,117.0,-4828.0,191.0,-504.0,,-524.0
704.0,-393.0,,385.0,61.0,-4832.0,115.0,-430.0,,-495.0
779.0,-490.0,,423.0,-30.0,-4807.0,151.0,-66.0,,-446.0
767.0,-476.0,,444.0,-83.0,-4676.0,102.0,18.0,,-413.0
716.0,-384.0,,291.0,-79.0,-4458.0,-146.0,312.0,,-360.0
689.0,-307.0,,250.0,-91.0,-4116.0,-400.0,358.0,,-321.0
590.0,-303.0,,273.0,-64.0,-3752.0,-275.0,254.0,,-295.0
599.0,-354.0,,139.0,1.0,-3443.0,159.0,306.0,,-261.0
564.0,-236.0,,136.0,17.0,-3359.0,389.0,131.0,,-235.0
553.0,-126.0,,220.0,-2.0,-3521.0,147.0,258.0,,-197.0
438.0,-75.0,,244.0,-60.0,-3718.0,-314.0,131.0,,-161.0
400.0,-14.0,,238.0,-142.0,-3899.0,-519.0,144.0,,-139.0
431.0,151.0,,294.0,-170.0,-4208.0,-397.0,249.0,,-121.0
392.0,368.0,,368.0,-192.0,-4627.0,-274.0,225.0,,-113.0
383.0,421.0,,339.0,-245.0,-4844.0,-268.0,360.0,,-128.0
351.0,482.0,,359.0,-253.0,-4807.0,-250.0,147.0,,-153.0
392.0,644.0,,370.0,-257.0,-4552.0,-182.0,212.0,,-187.0
329.0,657.0,,302.0,-279.0,-4129.0,-220.0,142.0,,-219.0
343.0,528.0,,300.0,-259.0,-3763.0,-462.0,103.0,,-231.0
361.0,455.0,,267.0,-250.0,-3403.0,-772.0,138.0,,-215.0
361.0,444.0,,200.0,-236.0,-2992.0,-860.0,-131.0,,-164.0
427.0,471.0,,121.0,-176.0,-2850.0,-616.0,-99.0,,-115.0
445.0,438.0,,-31.0,-142.0,-2979.0,-335.0,-389.0,,-76.0
521.0,394.0,,-63.0,-119.0,-3191.0,-292.0,-456.0,,-36.0
509.0,430.0,,-57.0,-80.0,-3398.0,-444.0,-519.0,,-5.0
586.0,484.0,,-115.0,-73.0,-3384.0,-677.0,-735.0,,30.0
605.0,421.0,,-28.0,-74.0,-3444.0,-940.0,-679.0,,67.0
585.0,313.0,,49.0,-72.0,-3706.0,-1100.0,-875.0,,97.0
635.0,298.0,,21.0,-94.0,-3811.0,-1075.0,-744.0,,120.0
646.0,286.0,,-57.0,-109.0,-3691.0,-917.0,-783.0,,116.0
641.0,252.0,,31.0,-130.0,-3578.0,-741.0,-768.0,,101.0
564.0,91.0,,133.0,-185.0,-3541.0,-726.0,-687.0,,74.0
578.0,19.0,,104.0,-200.0,-3315.0,-887.0,-716.0,,25.0
562.0,76.0,,134.0,-185.0,-2998.0,-1033.0,-412.0,,-14.0
608.0,0.0,,135.0,-188.0,-2828.0,-1076.0,-461.0,,-77.0
600.0,-93.0,,176.0,-133.0,-2724.0,-1115.0,-314.0,,-145.0
557.0,-124.0,,243.0,-39.0,-2548.0,-1196.0,-301.0,,-187.0
581.0,-102.0,,248.0,44.0,-2395.0,-1212.0,-341.0,,-213.0
557.0,-116.0,,185.0,165.0,-2435.0,-1095.0,-264.0,,-195.0
555.0,-142.0,,225.0,273.0,-2502.0,-979.0,-491.0,,-146.0
494.0,-163.0,,253.0,312.0,-2456.0,-1043.0,-338.0,,-76.0
569.0,-153.0,,219.0,321.0,-2407.0,-1274.0,-314.0,,3.0
574.0,-161.0,,238.0,261.0,-2505.0,-1453.0,-147.0,,93.0
563.0,-210.0,,197.0,145.0,-2602.0,-1412.0,-81.0,,203.0
564.0,-168.0,,79.0,57.0,-2497.0,-1245.0,-182.0,,310.0
535.0,-115.0,,22.0,-36.0,-2343.0,-1095.0,-66.0,,393.0
543.0,-46.0,,115.0,-131.0,-2234.0,-1048.0,-243.0,,461.0
492.0,-37.0,,24.0,-177.0,-2164.0,-1145.0,-103.0,,520.0
577.0,-106.0,,-51.0,-236.0,-2023.0,-1292.0,-181.0,,551.0
600.0,-167.0,,-70.0,-293.0,-1903.0,-1377.0,-212.0,,553.0
624.0,-191.0,,-221.0,-281.0,-1907.0,-1410.0,-96.0,,530.0
597.0,-145.0,,-267.0,-254.0,-1913.0,-1411.0,-345.0,,488.0
591.0,-118.0,,-342.0,-211.0,-2182.0,-1348.0,-312.0,,421.0
610.0,-114.0,,-344.0,-136.0,-2574.0,-1301.0,-522.0,,338.0
598.0,-60.0,,-394.0,-88.0,-2719.0,-1345.0,-556.0,,246.0
655.0,98.0,,-401.0,-30.0,-2522.0,-1408.0,-607.0,,154.0
616.0,270.0,,-318.0,22.0,-2346.0,-1428.0,-763.0,,77.0
635.0,341.0,,-234.0,1.0,-2450.0,-1451.0,-740.0,,11.0
602.0,348.0,,-135.0,-29.0,-2290.0,-1537.0,-1066.0,,-33.0
602.0,378.0,,-225.0,-63.0,-2055.0,-1622.0,-1108.0,,-77.0
600.0,405.0,,-153.0,-145.0,-2024.0,-1600.0,-1317.0,,-134.0
621.0,392.0,,-191.0,-178.0,-2127.0,-1501.0,-1300.0,,-189.0
629.0,444.0,,-273.0,-138.0,-2230.0,-1421.0,-1138.0,,-235.0
590.0,536.0,,-235.0,-101.0,-2159.0,-1418.0,-1202.0,,-279.0
628.0,478.0,,-295.0,-56.0,-2203.0,-1502.0,-944.0,,-325.0
580.0,326.0,,-356.0,-47.0,-2208.0,-1558.0,-1038.0,,-370.0
583.0,279.0,,-450.0,-108.0,-1968.0,-1545.0,-949.0,,-421.0
513.0,335.0,,-456.0,-141.0,-1670.0,-1503.0,-975.0,,-477.0
504.0,368.0,,-461.0,-152.0,-1613.0,-1396.0,-1084.0,,-532.0
488.0,277.0,,-491.0,-159.0,-1525.0,-1300.0,-990.0,,-565.0
482.0,157.0,,-484.0,-111.0,-1350.0,-1263.0,-1091.0,,-568.0
499.0,121.0,,-380.0,-51.0,-1349.0,-1287.0,-837.0,,-556.0
411.0,64.0,,-305.0,10.0,-1225.0,-1357.0,-861.0,,-532.0
391.0,-29.0,,-294.0,97.0,-1106.0,-1358.0,-792.0,,-498.0
368.0,-32.0,,-264.0,128.0,-922.0,-1268.0,-759.0,,-460.0
409.0,-1.0,,-290.0,112.0,-633.0,-1187.0,-968.0,,-435.0
360.0,15.0,,-383.0,127.0,-573.0,-1192.0,-973.0,,-417.0
402.0,63.0,,-367.0,126.0,-709.0,-1220.0,-1300.0,,-390.0
448.0,176.0,,-297.0,125.0,-703.0,-1168.0,-1282.0,,-371.0
419.0,395.0,,-310.0,149.0,-454.0,-1079.0,-1359.0,,-346.0
476.0,523.0,,-300.0,131.0,-189.0,-1057.0,-1487.0,,-336.0
531.0,491.0,,-347.0,114.0,-135.0,-1075.0,-1520.0,,-354.0
575.0,444.0,,-357.0,111.0,-231.0,-1058.0,-1760.0,,-378.0
565.0,443.0,,-401.0,45.0,-48.0,-981.0,-1539.0,,-440.0
647.0,407.0,,-356.0,-7.0,196.0,-898.0,-1500.0,,-507.0
683.0,241.0,,-303.0,-16.0,224.0,-841.0,-1363.0,,-583.0
750.0,126.0,,-375.0,-26.0,244.0,-769.0,-1291.0,,-671.0
795.0,55.0,,-311.0,33.0,562.0,-687.0,-1311.0,,-764.0
846.0,-100.0,,-361.0,128.0,1026.0,-648.0,-1079.0,,-868.0
924.0,-233.0,,-349.0,168.0,1077.0,-698.0,-1097.0,,-939.0
937.0,-193.0,,-277.0,185.0,987.0,-752.0,-824.0,,-997.0
1022.0,-4.0,,-337.0,127.0,1156.0,-685.0,-801.0,,-1006.0
998.0,57.0,,-335.0,2.0,1277.0,-595.0,-718.0,,-972.0
1010.0,8.0,,-318.0,-65.0,1106.0,-587.0,-545.0,,-910.0
1017.0,19.0,,-348.0,-100.0,1066.0,-573.0,-618.0,,-808.0
1000.0,0.0,,-488.0,-104.0,1262.0,-466.0,-430.0,,-712.0
984.0,-136.0,,-529.0,-51.0,1304.0,-336.0,-637.0,,-601.0
1002.0,-250.0,,-436.0,-32.0,1348.0,-308.0,-652.0,,-506.0
1045.0,-259.0,,-425.0,-28.0,1531.0,-357.0,-700.0,,-455.0
963.0,-317.0,,-393.0,19.0,1759.0,-366.0,-748.0,,-418.0
946.0,-412.0,,-305.0,37.0,1880.0,-319.0,-554.0,,-413.0
941.0,-488.0,,-287.0,54.0,1704.0,-250.0,-648.0,,-425.0
971.0,-433.0,,-287.0,108.0,1436.0,-137.0,-465.0,,-462.0
946.0,-374.0,,-266.0,105.0,1197.0,-37.0,-556.0,,-510.0
901.0,-468.0,,-239.0,83.0,1005.0,-7.0,-539.0,,-554.0
875.0,-503.0,,-252.0,95.0,837.0,-23.0,-533.0,,-617.0
841.0,-427.0,,-266.0,106.0,682.0,-96.0,-779.0,,-662.0
882.0,-226.0,,-231.0,166.0,735.0,-123.0,-781.0,,-710.0
821.0,30.0,,-237.0,247.0,914.0,-60.0,-1064.0,,-745.0
773.0,258.0,,-240.0,272.0,1198.0,0.0,-1088.0,,-752.0
761.0,483.0,,-273.0,300.0,1487.0,60.0,-1291.0,,-758.0
789.0,680.0,,-272.0,305.0,1591.0,105.0,-1446.0,,-739.0
751.0,749.0,,-294.0,241.0,1629.0,188.0,-1374.0,,-701.0
681.0,733.0,,-368.0,187.0,1742.0,292.0,-1537.0,,-657.0
687.0,830.0,,-393.0,149.0,1949.0,280.0,-1313.0,,-622.0
629.0,920.0,,-418.0,107.0,2001.0,218.0,-1274.0,,-614.0
561.0,873.0,,-387.0,108.0,1729.0,227.0,-1055.0,,-634.0
518.0,766.0,,-376.0,112.0,1490.0,365.0,-855.0,,-699.0
518.0,795.0,,-364.0,98.0,1341.0,521.0,-776.0,,-784.0
426.0,837.0,,-444.0,134.0,1012.0,545.0,-526.0,,-864.0
391.0,689.0,,-529.0,162.0,753.0,503.0,-626.0,,-950.0
376.0,543.0,,-459.0,148.0,667.0,472.0,-404.0,,-1031.0
330.0,488.0,,-464.0,151.0,592.0,492.0,-393.0,,-1100.0
360.0,407.0,,-483.0,138.0,580.0,548.0,-347.0,,-1163.0
376.0,219.0,,-429.0,123.0,750.0,618.0,-238.0,,-1232.0
402.0,142.0,,-334.0,125.0,849.0,623.0,-356.0,,-1290.0
375.0,177.0,,-330.0,90.0,755.0,589.0,-114.0,,-1338.0
425.0,126.0,,-363.0,39.0,697.0,664.0,-123.0,,-1383.0
435.0,4.0,,-284.0,-2.0,833.0,769.0,53.0,,-1417.0
411.0,-37.0,,-331.0,-56.0,1002.0,824.0,94.0,,-1460.0
416.0,83.0,,-431.0,-70.0,905.0,825.0,68.0,,-1514.0
399.0,194.0,,-361.0,-49.0,670.0,802.0,273.0,,-1578.0
389.0,269.0,,-308.0,-54.0,492.0,816.0,288.0,,-1650.0
366.0,327.0,,-395.0,-51.0,565.0,925.0,587.0,,-1725.0
369.0,377.0,,-404.0,-45.0,486.0,1076.0,546.0,,-1800.0
282.0,356.0,,-390.0,-84.0,214.0,1145.0,611.0,,-1849.0
224.0,233.0,,-365.0,-116.0,150.0,1107.0,716.0,,-1867.0
187.0,154.0,,-356.0,-152.0,201.0,1045.0,594.0,,-1863.0
150.0,113.0,,-525.0,-195.0,342.0,1069.0,672.0,,-1826.0
88.0,-21.0,,-522.0,-163.0,313.0,1142.0,473.0,,-1756.0
4.0,-279.0,,-438.0,-94.0,239.0,1243.0,569.0,,-1679.0
-46.0,-512.0,,-510.0,-34.0,162.0,1303.0,530.0,,-1594.0
-120.0,-649.0,,-491.0,65.0,127.0,1268.0,467.0,,-1504.0
-113.0,-785.0,,-441.0,174.0,99.0,1240.0,506.0,,-1426.0
-146.0,-949.0,,-442.0,247.0,-59.0,1250.0,260.0,,-1355.0
-215.0,-947.0,,-473.0,312.0,-118.0,1237.0,291.0,,-1284.0
-243.0,-861.0,,-423.0,323.0,-5.0,1153.0,66.0,,-1219.0
-251.0,-842.0,,-387.0,278.0,131.0,1100.0,5.0,,-1169.0
-290.0,-705.0,,-459.0,236.0,104.0,1107.0,3.0,,-1126.0
-314.0,-419.0,,-442.0,175.0,209.0,1110.0,24.0,,-1081.0
-277.0,-158.0,,-471.0,130.0,373.0,1084.0,304.0,,-1019.0
-271.0,-66.0,,-449.0,157.0,535.0,1028.0,291.0,,-937.0
-297.0,12.0,,-348.0,204.0,662.0,997.0,604.0,,-833.0
-318.0,196.0,,-253.0,258.0,704.0,1026.0,670.0,,-705.0
-299.0,307.0,,-163.0,288.0,933.0,1059.0,726.0,,-555.0
-292.0,161.0,,-200.0,226.0,1199.0,1000.0,866.0,,-402.0
-250.0,-66.0,,-123.0,141.0,1283.0,854.0,735.0,,-257.0
-214.0,-111.0,,-1.0,100.0,1166.0,752.0,844.0,,-96.0
-210.0,-100.0,,-17.0,72.0,1040.0,781.0,722.0,,60.0
-200.0,-206.0,,-47.0,106.0,887.0,904.0,875.0,,206.0
-161.0,-380.0,,17.0,161.0,783.0,997.0,885.0,,357.0
-120.0,-425.0,,169.0,153.0,698.0,910.0,809.0,,483.0
-139.0,-464.0,,234.0,147.0,676.0,736.0,840.0,,591.0
-93.0,-645.0,,268.0,136.0,738.0,696.0,526.0,,656.0
-78.0,-830.0,,207.0,84.0,745.0,760.0,558.0,,689.0
-103.0,-772.0,,90.0,53.0,867.0,816.0,371.0,,715.0
-137.0,-564.0,,102.0,37.0,820.0,809.0,399.0,,714.0
-201.0,-538.0,,76.0,34.0,634.0,746.0,524.0,,726.0
-241.0,-454.0,,108.0,75.0,645.0,704.0,545.0,,746.0
-278.0,-266.0,,141.0,87.0,822.0,687.0,864.0,,754.0
-282.0,-182.0,,92.0,71.0,815.0,613.0,875.0,,735.0
-344.0,-307.0,,2.0,93.0,624.0,454.0,1101.0,,681.0
-405.0,-432.0,,-89.0,84.0,672.0,340.0,1108.0,,610.0
-443.0,-354.0,,-32.0,40.0,930.0,393.0,1173.0,,524.0
-497.0,-309.0,,113.0,21.0,964.0,532.0,1398.0,,449.0
-518.0,-290.0,,137.0,-19.0,703.0,570.0,1435.0,,384.0
-544.0,-296.0,,-23.0,-41.0,618.0,516.0,1744.0,,329.0
-572.0,-151.0,,37.0,4.0,790.0,472.0,1694.0,,285.0
-596.0,-39.0,,133.0,15.0,978.0,441.0,1851.0,,246.0
-577.0,-158.0,,122.0,5.0,954.0,448.0,1879.0,,235.0
-580.0,-119.0,,218.0,0.0,899.0,497.0,1760.0,,239.0
-641.0,63.0,,240.0,-61.0,801.0,502.0,1945.0,,262.0
-647.0,227.0,,162.0,-105.0,528.0,410.0,1873.0,,285.0
-582.0,180.0,,201.0,-130.0,513.0,373.0,2069.0,,302.0
-565.0,99.0,,283.0,-210.0,548.0,422.0,2017.0,,314.0
-588.0,134.0,,171.0,-274.0,527.0,383.0,2049.0,,287.0
-544.0,96.0,,208.0,-311.0,681.0,272.0,2156.0,,224.0
-492.0,-128.0,,207.0,-343.0,858.0,212.0,2049.0,,147.0
-468.0,-414.0,,185.0,-297.0,945.0,265.0,2228.0,,55.0
-465.0,-377.0,,254.0,-242.0,688.0,377.0,2110.0,,-44.0
-426.0,-294.0,,197.0,-248.0,387.0,437.0,2183.0,,-137.0
-333.0,-262.0,,297.0,-204.0,429.0,392.0,2078.0,,-224.0
-268.0,-148.0,,380.0,-138.0,450.0,286.0,1892.0,,-308.0
-257.0,-74.0,,392.0,-111.0,231.0,211.0,1864.0,,-392.0
-274.0,-32.0,,405.0,-75.0,-38.0,140.0,1564.0,,-487.0
-215.0,-126.0,,469.0,-49.0,-45.0,49.0,1592.0,,-571.0
-120.0,-198.0,,484.0,4.0,85.0,25.0,1380.0,,-652.0
-118.0,-223.0,,424.0,96.0,85.0,80.0,1330.0,,-744.0
-151.0,-223.0,,476.0,127.0,66.0,83.0,1300.0,,-829.0
-107.0,-103.0,,446.0,140.0,104.0,25.0,1093.0,,-901.0
-41.0,122.0,,324.0,177.0,208.0,-25.0,1114.0,,-978.0
-4.0,333.0,,297.0,135.0,420.0,-90.0,1003.0,,-1047.0
27.0,336.0,,317.0,65.0,575.0,-130.0,1361.0,,-1094.0
71.0,369.0,,217.0,51.0,544.0,-126.0,1552.0,,-1133.0
101.0,512.0,,157.0,50.0,480.0,-135.0,1733.0,,-1166.0
105.0,686.0,,266.0,80.0,584.0,-137.0,1880.0,,-1190.0
137.0,807.0,,315.0,108.0,781.0,-77.0,1733.0,,-1199.0
122.0,837.0,,326.0,81.0,797.0,5.0,1936.0,,-1198.0
89.0,880.0,,552.0,73.0,728.0,-10.0,1836.0,,-1185.0
113.0,728.0,,643.0,57.0,776.0,-165.0,1947.0,,-1174.0
141.0,399.0,,557.0,19.0,969.0,-274.0,1928.0,,-1147.0
147.0,129.0,,606.0,58.0,1066.0,-240.0,1699.0,,-1107.0
126.0,12.0,,695.0,120.0,940.0,-223.0,1674.0,,-1064.0
120.0,-2.0,,792.0,141.0,913.0,-275.0,1443.0,,-1002.0
95.0,-84.0,,719.0,179.0,988.0,-284.0,1572.0,,-937.0
69.0,-183.0,,705.0,163.0,995.0,-328.0,1574.0,,-854.0
47.0,-150.0,,799.0,69.0,906.0,-455.0,1720.0,,-746.0
24.0,-153.0,,750.0,-12.0,901.0,-514.0,1860.0,,-623.0
5.0,-370.0,,691.0,-107.0,916.0,-465.0,1792.0,,-511.0
-10.0,-556.0,,562.0,-187.0,882.0,-437.0,1958.0,,-405.0
-56.0,-634.0,,490.0,-192.0,942.0,-500.0,1823.0,,-314.0
-125.0,-710.0,,463.0,-196.0,943.0,-523.0,1916.0,,-231.0
-92.0,-829.0,,359.0,-171.0,963.0,-478.0,1842.0,,-147.0
-99.0,-928.0,,349.0,-87.0,1143.0,-463.0,1738.0,,-75.0
-178.0,-882.0,,325.0,-45.0,1404.0,-477.0,1781.0,,6.0
-237.0,-862.0,,264.0,-27.0,1554.0,-484.0,1552.0,,86.0
-269.0,-972.0,,245.0,-6.0,1618.0,-510.0,1590.0,,166.0
-287.0,-1030.0,,309.0,-27.0,1667.0,-642.0,1391.0,,236.0
-332.0,-848.0,,355.0,-53.0,1660.0,-754.0,1298.0,,292.0
-349.0,-483.0,,260.0,-66.0,1509.0,-716.0,1104.0,,359.0
-393.0,12.0,,234.0,-81.0,1278.0,-653.0,742.0,,419.0
-412.0,619.0,,252.0,-37.0,1299.0,-673.0,639.0,,467.0
-381.0,1233.0,,228.0,27.0,1442.0,-739.0,354.0,,509.0
-385.0,1656.0,,154.0,61.0,1482.0,-752.0,388.0,,551.0
-451.0,1720.0,,119.0,119.0,1340.0,-770.0,260.0,,593.0
-492.0,1598.0,,107.0,151.0,1233.0,-849.0,269.0,,638.0
-450.0,1565.0,,-89.0,134.0,1272.0,-847.0,458.0,,693.0
-441.0,1588.0,,-178.0,144.0,1335.0,-729.0,424.0,,733.0
-457.0,1450.0,,-176.0,159.0,1385.0,-667.0,722.0,,752.0
-460.0,1287.0,,-233.0,194.0,1389.0,-754.0,764.0,,760.0
-440.0,1115.0,,-188.0,229.0,1412.0,-860.0,916.0,,747.0
-440.0,773.0,,-236.0,179.0,1319.0,-947.0,890.0,,739.0
-442.0,306.0,,-335.0,124.0,1310.0,-1025.0,668.0,,733.0
-425.0,-56.0,,-442.0,104.0,1460.0,-986.0,596.0,,718.0
-407.0,-274.0,,-399.0,22.0,1608.0,-915.0,312.0,,693.0
-376.0,-520.0,,-308.0,-71.0,1665.0,-950.0,400.0,,642.0
-371.0,-652.0,,-361.0,-110.0,1620.0,-1041.0,279.0,,566.0
-347.0,-702.0,,-256.0,-135.0,1665.0,-1004.0,280.0,,468.0
-278.0,-614.0,,-189.0,-100.0,1776.0,-856.0,290.0,,365.0
-214.0,-567.0,,-128.0,-38.0,1950.0,-820.0,55.0,,280.0
-244.0,-754.0,,-1.0,-40.0,2033.0,-901.0,66.0,,224.0
-268.0,-836.0,,116.0,-40.0,1882.0,-984.0,-232.0,,195.0
-235.0,-763.0,,206.0,-50.0,1482.0,-972.0,-158.0,,183.0
-235.0,-607.0,,279.0,-87.0,1135.0,-939.0,-101.0,,188.0
-262.0,-525.0,,289.0,-63.0,860.0,-958.0,-44.0,,198.0
-259.0,-434.0,,303.0,-26.0,502.0,-970.0,142.0,,209.0
-273.0,-253.0,,368.0,4.0,279.0,-942.0,-64.0,,231.0
-297.0,-143.0,,373.0,77.0,67.0,-871.0,-25.0,,242.0
-292.0,-165.0,,423.0,112.0,-25.0,-831.0,-175.0,,254.0
-271.0,-168.0,,387.0,109.0,65.0,-833.0,-92.0,,276.0
-259.0,89.0,,449.0,120.0,349.0,-878.0,60.0,,280.0
-336.0,397.0,,497.0,75.0,682.0,-924.0,79.0,,277.0
-369.0,622.0,,487.0,24.0,924.0,-901.0,277.0,,266.0
-380.0,697.0,,487.0,24.0,1261.0,-797.0,145.0,,250.0
-366.0,520.0,,390.0,20.0,1636.0,-715.0,271.0,,239.0
-385.0,78.0,,519.0,54.0,1763.0,-741.0,223.0,,221.0
-458.0,-360.0,,692.0,114.0,1584.0,-734.0,201.0,,206.0
-477.0,-411.0,,752.0,111.0,1449.0,-663.0,273.0,,190.0
-528.0,-297.0,,735.0,115.0,1479.0,-621.0,169.0,,175.0
-567.0,-189.0,,706.0,109.0,1669.0,-650.0,426.0,,160.0
-659.0,-74.0,,667.0,56.0,1544.0,-654.0,365.0,,122.0
-733.0,18.0,,500.0,46.0,1295.0,-584.0,417.0,,72.0
-799.0,-86.0,,490.0,46.0,1333.0,-576.0,380.0,,8.0
-850.0,-411.0,,550.0,28.0,1383.0,-624.0,234.0,,-61.0
-923.0,-752.0,,511.0,23.0,1451.0,-657.0,273.0,,-127.0
-990.0,-983.0,,460.0,-42.0,1395.0,-670.0,57.0,,-176.0
-1008.0,-979.0,,411.0,-138.0,1540.0,-664.0,197.0,,-213.0
-1080.0,-973.0,,418.0,-169.0,1730.0,-617.0,121.0,,-260.0
-1119.0,-952.0,,460.0,-201.0,1727.0,-522.0,51.0,,-299.0
-1157.0,-827.0,,433.0,-238.0,1796.0,-459.0,-79.0,,-336.0
-1115.0,-604.0,,352.0,-244.0,1867.0,-477.0,-508.0,,-356.0
-1136.0,-325.0,,354.0,-274.0,1840.0,-523.0,-585.0,,-366.0
-1167.0,-175.0,,245.0,-252.0,1683.0,-506.0,-840.0,,-341.0
-1157.0,-29.0,,234.0,-194.0,1634.0,-389.0,-800.0,,-282.0
-1108.0,109.0,,351.0,-188.0,1532.0,-322.0,-822.0,,-217.0
-1024.0,136.0,,397.0,-150.0,1292.0,-345.0,-896.0,,-119.0
-985.0,37.0,,464.0,-118.0,1120.0,-343.0,-822.0,,-16.0
-923.0,26.0,,501.0,-148.0,1149.0,-291.0,-1047.0,,112.0
-881.0,102.0,,586.0,-130.0,1260.0,-238.0,-971.0,,248.0
-745.0,63.0,,641.0,-83.0,1214.0,-250.0,-1066.0,,402.0
-701.0,-24.0,,671.0,-30.0,1409.0,-247.0,-905.0,,566.0
-673.0,14.0,,540.0,46.0,1812.0,-138.0,-737.0,,707.0
-633.0,264.0,,457.0,54.0,2047.0,19.0,-803.0,,828.0
-594.0,412.0,,372.0,30.0,2083.0,94.0,-689.0,,894.0
-609.0,403.0,,292.0,51.0,1985.0,82.0,-944.0,,926.0
-667.0,437.0,,490.0,32.0,1923.0,98.0,-940.0,,895.0
-603.0,550.0,,399.0,9.0,1750.0,113.0,-1077.0,,795.0
-613.0,528.0,,354.0,9.0,1499.0,108.0,-1140.0,,644.0
-603.0,221.0,,416.0,-25.0,1467.0,144.0,-1001.0,,453.0
-659.0,-68.0,,217.0,-19.0,1554.0,207.0,-1084.0,,257.0
-607.0,-297.0,,168.0,20.0,1552.0,221.0,-846.0,,58.0
-576.0,-716.0,,189.0,45.0,1483.0,191.0,-816.0,,-102.0
-622.0,-1211.0,,133.0,103.0,1465.0,226.0,-593.0,,-230.0
-610.0,-1411.0,,47.0,108.0,1476.0,323.0,-545.0,,-341.0
-649.0,-1271.0,,38.0,46.0,1396.0,380.0,-740.0,,-437.0
-565.0,-913.0,,54.0,33.0,1287.0,442.0,-722.0,,-522.0
-559.0,-498.0,,-10.0,22.0,1240.0,559.0,-894.0,,-586.0
-541.0,-192.0,,23.0,26.0,934.0,621.0,-703.0,,-651.0
-550.0,-63.0,,64.0,80.0,601.0,601.0,-764.0,,-706.0
-482.0,-69.0,,31.0,68.0,549.0,576.0,-781.0,,-741.0
-394.0,31.0,,26.0,7.0,467.0,539.0,-742.0,,-771.0
-386.0,131.0,,103.0,-57.0,301.0,479.0,-964.0,,-798.0
-305.0,-70.0,,160.0,-165.0,-7.0,504.0,-920.0,,-810.0
-272.0,-478.0,,190.0,-248.0,-32.0,593.0,-1232.0,,-801.0
-207.0,-726.0,,243.0,-303.0,209.0,598.0,-1317.0,,-777.0
-212.0,-525.0,,189.0,-376.0,187.0,506.0,-1443.0,,-725.0
-136.0,108.0,,172.0,-387.0,227.0,465.0,-1644.0,,-637.0
-109.0,728.0,,190.0,-365.0,508.0,461.0,-1742.0,,-517.0
-101.0,1070.0,,163.0,-351.0,724.0,406.0,-2098.0,,-389.0
-23.0,1166.0,,69.0,-262.0,763.0,457.0,-2060.0,,-247.0
6.0,773.0,,-14.0,-176.0,784.0,625.0,-2209.0,,-116.0
48.0,44.0,,-93.0,-122.0,771.0,650.0,-2145.0,,-8.0
41.0,-483.0,,-196.0,-50.0,742.0,434.0,-1997.0,,94.0
90.0,-717.0,,-160.0,-43.0,683.0,274.0,-1995.0,,149.0
80.0,-965.0,,-226.0,-40.0,479.0,391.0,-1736.0,,178.0
126.0,-1306.0,,-263.0,18.0,130.0,543.0,-1847.0,,182.0
129.0,-1520.0,,-268.0,46.0,-67.0,525.0,-1738.0,,151.0
96.0,-1439.0,,-336.0,75.0,114.0,456.0,-1797.0,,115.0
76.0,-1063.0,,-358.0,90.0,148.0,477.0,-1886.0,,64.0
59.0,-523.0,,-444.0,26.0,-17.0,539.0,-1869.0,,19.0
82.0,171.0,,-469.0,-16.0,-104.0,567.0,-2062.0,,-24.0
7.0,862.0,,-456.0,-43.0,53.0,548.0,-1923.0,,-56.0
55.0,1414.0,,-373.0,-83.0,411.0,476.0,-2078.0,,-63.0
73.0,1674.0,,-327.0,-44.0,440.0,452.0,-2008.0,,-49.0
22.0,1523.0,,-298.0,15.0,289.0,519.0,-1975.0,,-3.0
-60.0,970.0,,-273.0,68.0,218.0,574.0,-2073.0,,68.0
-62.0,142.0,,-384.0,179.0,134.0,595.0,-1975.0,,170.0
-65.0,-445.0,,-484.0,248.0,-75.0,578.0,-2256.0,,280.0
-134.0,-636.0,,-573.0,266.0,-212.0,554.0,-2189.0,,391.0
-139.0,-610.0,,-605.0,264.0,-171.0,645.0,-2300.0,,502.0
-202.0,-488.0,,-638.0,171.0,-267.0,712.0,-2339.0,,610.0
-184.0,-100.0,,-692.0,69.0,-331.0,587.0,-2259.0,,725.0
-219.0,594.0,,-762.0,-7.0,-442.0,397.0,-2372.0,,832.0
-202.0,1224.0,,-868.0,-96.0,-634.0,359.0,-2095.0,,940.0
-200.0,1572.0,,-930.0,-108.0,-680.0,499.0,-2089.0,,1052.0
-170.0,1522.0,,-907.0,-79.0,-509.0,618.0,-1958.0,,1152.0
-74.0,1208.0,,-755.0,-94.0,-228.0,621.0,-1997.0,,1247.0
-135.0,598.0,,-665.0,-94.0,-274.0,554.0,-2026.0,,1345.0
-158.0,-194.0,,-613.0,-122.0,-519.0,450.0,-1807.0,,1436.0
-221.0,-778.0,,-462.0,-179.0,-708.0,373.0,-1855.0,,1514.0
-216.0,-1008.0,,-457.0,-168.0,-794.0,364.0,-1596.0,,1580.0
-269.0,-959.0,,-388.0,-165.0,-959.0,400.0,-1631.0,,1652.0
-314.0,-841.0,,-228.0,-168.0,-1216.0,431.0,-1505.0,,1694.0
-302.0,-682.0,,-298.0,-134.0,-1318.0,424.0,-1359.0,,1706.0
-377.0,-602.0,,-316.0,-172.0,-1258.0,369.0,-1496.0,,1698.0
-413.0,-622.0,,-373.0,-234.0,-1042.0,335.0,-1448.0,,1661.0
-515.0,-717.0,,-475.0,-243.0,-978.0,427.0,-1692.0,,1604.0
-547.0,-739.0,,-422.0,-265.0,-870.0,551.0,-1564.0,,1521.0
-597.0,-526.0,,-392.0,-229.0,-644.0,522.0,-1522.0,,1442.0
-610.0,-312.0,,-278.0,-150.0,-450.0,356.0,-1535.0,,1369.0
-661.0,-244.0,,-235.0,-81.0,-370.0,236.0,-1518.0,,1287.0
-751.0,-213.0,,-352.0,62.0,-619.0,247.0,-1784.0,,1196.0
-743.0,21.0,,-344.0,187.0,-711.0,264.0,-1710.0,,1089.0
-808.0,430.0,,-403.0,245.0,-471.0,233.0,-1847.0,,977.0
-795.0,946.0,,-428.0,306.0,-109.0,225.0,-1710.0,,861.0
-823.0,1464.0,,-316.0,306.0,-64.0,238.0,-1670.0,,757.0
-801.0,1680.0,,-333.0,261.0,-339.0,218.0,-1845.0,,669.0
-821.0,1446.0,,-380.0,232.0,-450.0,172.0,-1799.0,,592.0
-803.0,845.0,,-404.0,147.0,-451.0,207.0,-2078.0,,527.0
-703.0,208.0,,-342.0,57.0,-451.0,253.0,-1991.0,,467.0
-707.0,-395.0,,-355.0,17.0,-653.0,194.0,-2041.0,,407.0
-622.0,-943.0,,-429.0,-50.0,-962.0,105.0,-2019.0,,335.0
-589.0,-1240.0,,-400.0,-83.0,-1095.0,101.0,-1869.0,,265.0
-461.0,-1236.0,,-469.0,-95.0,-980.0,183.0,-1967.0,,217.0
-421.0,-957.0,,-508.0,-160.0,-799.0,211.0,-1783.0,,187.0
-357.0,-356.0,,-460.0,-196.0,-697.0,166.0,-1882.0,,179.0
-254.0,443.0,,-391.0,-239.0,-563.0,128.0,-1749.0,,180.0
-209.0,1081.0,,-394.0,-297.0,-528.0,107.0,-1707.0,,213.0
-33.0,1462.0,,-351.0,-248.0,-658.0,77.0,-1738.0,,267.0
-18.0,1473.0,,-241.0,-177.0,-838.0,50.0,-1583.0,,323.0
53.0,1017.0,,-301.0,-132.0,-1076.0,65.0,-1720.0,,412.0
53.0,159.0,,-220.0,-73.0,-1341.0,99.0,-1485.0,,500.0
168.0,-809.0,,-155.0,-77.0,-1637.0,70.0,-1535.0,,589.0
224.0,-1484.0,,-182.0,-61.0,-1890.0,29.0,-1587.0,,677.0
129.0,-1903.0,,-183.0,-36.0,-2109.0,67.0,-1531.0,,744.0
245.0,-1939.0,,-210.0,-104.0,-2275.0,115.0,-1522.0,,794.0
220.0,-1693.0,,-79.0,-126.0,-2157.0,95.0,-1127.0,,825.0
237.0,-1511.0,,-66.0,-113.0,-1952.0,51.0,-1031.0,,835.0
136.0,-1359.0,,-71.0,-139.0,-1907.0,82.0,-796.0,,821.0
186.0,-1073.0,,-113.0,-68.0,-2065.0,105.0,-783.0,,797.0
226.0,-498.0,,-114.0,43.0,-2161.0,38.0,-890.0,,742.0
138.0,44.0,,-6.0,126.0,-2099.0,-32.0,-862.0,,666.0
195.0,369.0,,-129.0,234.0,-2130.0,-14.0,-1016.0,,567.0
88.0,526.0,,-20.0,268.0,-2222.0,87.0,-790.0,,449.0
164.0,545.0,,95.0,257.0,-2135.0,166.0,-770.0,,318.0
145.0,406.0,,-130.0,265.0,-1782.0,165.0,-593.0,,179.0
160.0,171.0,,-176.0,200.0,-1588.0,101.0,-461.0,,49.0
139.0,55.0,,-52.0,115.0,-1693.0,32.0,-567.0,,-78.0
145.0,87.0,,-71.0,30.0,-1856.0,126.0,-473.0,,-196.0
306.0,287.0,,-217.0,-109.0,-1952.0,368.0,-685.0,,-304.0
265.0,378.0,,-125.0,-189.0,-1989.0,446.0,-655.0,,-400.0
349.0,351.0,,59.0,-225.0,-2043.0,263.0,-812.0,,-494.0
319.0,226.0,,-16.0,-284.0,-2193.0,92.0,-910.0,,-586.0
352.0,-12.0,,0.0,-287.0,-2296.0,165.0,-872.0,,-669.0
345.0,-113.0,,140.0,-284.0,-2162.0,331.0,-1086.0,,-736.0
369.0,-116.0,,112.0,-269.0,-2097.0,391.0,-990.0,,-775.0
410.0,31.0,,125.0,-176.0,-2307.0,364.0,-1180.0,,-791.0
325.0,367.0,,159.0,-122.0,-2550.0,330.0,-1132.0,,-789.0
406.0,560.0,,48.0,-78.0,-2538.0,338.0,-1064.0,,-755.0
397.0,391.0,,34.0,-1.0,-2381.0,346.0,-1027.0,,-708.0
406.0,259.0,,-41.0,-13.0,-2341.0,347.0,-713.0,,-671.0
358.0,186.0,,-221.0,-36.0,-2512.0,306.0,-740.0,,-629.0
391.0,-4.0,,-274.0,-49.0,-2445.0,305.0,-554.0,,-580.0
353.0,-151.0,,-294.0,-139.0,-2069.0,425.0,-618.0,,-523.0
306.0,-411.0,,-305.0,-215.0,-1913.0,470.0,-574.0,,-466.0
313.0,-790.0,,-268.0,-258.0,-2036.0,406.0,-430.0,,-392.0
237.0,-1074.0,,-153.0,-269.0,-2438.0,364.0,-532.0,,-316.0
226.0,-1208.0,,-98.0,-175.0,-2655.0,392.0,-402.0,,-265.0
192.0,-1207.0,,-190.0,-91.0,-2758.0,469.0,-583.0,,-231.0
228.0,-1018.0,,-224.0,-34.0,-3103.0,532.0,-539.0,,-220.0
151.0,-777.0,,-110.0,84.0,-3214.0,598.0,-639.0,,-228.0
163.0,-443.0,,-103.0,173.0,-3075.0,615.0,-764.0,,-255.0
157.0,79.0,,-65.0,283.0,-2787.0,517.0,-650.0,,-287.0
128.0,543.0,,6.0,432.0,-2629.0,405.0,-803.0,,-322.0
83.0,791.0,,6.0,484.0,-2659.0,422.0,-657.0,,-349.0
56.0,768.0,,73.0,490.0,-2506.0,562.0,-729.0,,-372.0
100.0,620.0,,99.0,436.0,-2151.0,648.0,-572.0,,-383.0
41.0,444.0,,143.0,289.0,-1880.0,592.0,-345.0,,-367.0
111.0,136.0,,198.0,182.0,-1867.0,489.0,-339.0,,-339.0
66.0,-361.0,,194.0,82.0,-1873.0,546.0,-123.0,,-303.0
94.0,-790.0,,150.0,-37.0,-1936.0,707.0,-247.0,,-272.0
160.0,-964.0,,203.0,-64.0,-2172.0,785.0,-107.0,,-242.0
217.0,-1000.0,,151.0,-66.0,-2611.0,804.0,-84.0,,-218.0
242.0,-934.0,,134.0,-58.0,-3032.0,776.0,-1.0,,-193.0
257.0,-911.0,,197.0,-14.0,-3128.0,777.0,264.0,,-153.0
420.0,-848.0,,136.0,-40.0,-2961.0,860.0,234.0,,-125.0
425.0,-882.0,,131.0,-40.0,-2886.0,948.0,404.0,,-105.0
458.0,-1218.0,,123.0,21.0,-2857.0,915.0,260.0,,-108.0
505.0,-1377.0,,150.0,39.0,-2525.0,804.0,358.0,,-126.0
571.0,-1114.0,,63.0,78.0,-2247.0,797.0,452.0,,-152.0
577.0,-648.0,,70.0,81.0,-1942.0,872.0,448.0,,-198.0
607.0,-233.0,,46.0,21.0,-1348.0,953.0,687.0,,-252.0
689.0,208.0,,-34.0,27.0,-714.0,973.0,582.0,,-316.0
665.0,675.0,,69.0,13.0,-403.0,987.0,785.0,,-383.0
701.0,1021.0,,87.0,-39.0,-315.0,1052.0,783.0,,-448.0
722.0,1185.0,,138.0,-55.0,-41.0,1107.0,764.0,,-502.0
709.0,1020.0,,245.0,-122.0,37.0,1096.0,801.0,,-539.0
638.0,699.0,,311.0,-151.0,-503.0,1029.0,670.0,,-546.0
659.0,387.0,,275.0,-83.0,-1233.0,1051.0,814.0,,-538.0
662.0,143.0,,267.0,-44.0,-1544.0,1131.0,611.0,,-532.0
587.0,-1.0,,310.0,7.0,-1700.0,1190.0,617.0,,-508.0
586.0,167.0,,384.0,49.0,-1926.0,1164.0,465.0,,-500.0
594.0,576.0,,404.0,30.0,-1988.0,1098.0,254.0,,-505.0
584.0,625.0,,359.0,67.0,-1832.0,1113.0,223.0,,-516.0
550.0,421.0,,390.0,106.0,-1550.0,1144.0,-36.0,,-542.0
575.0,378.0,,353.0,114.0,-1375.0,1189.0,125.0,,-571.0
561.0,392.0,,215.0,170.0,-1259.0,1266.0,162.0,,-618.0
559.0,215.0,,224.0,173.0,-1060.0,1303.0,382.0,,-681.0
602.0,-174.0,,328.0,124.0,-915.0,1192.0,548.0,,-759.0
623.0,-607.0,,226.0,61.0,-724.0,1109.0,495.0,,-850.0
600.0,-850.0,,104.0,-82.0,-527.0,1231.0,641.0,,-940.0
582.0,-821.0,,37.0,-162.0,-468.0,1312.0,502.0,,-1014.0
599.0,-531.0,,1.0,-128.0,-229.0,1210.0,661.0,,-1081.0
550.0,-143.0,,-144.0,-89.0,198.0,1073.0,626.0,,-1146.0
522.0,31.0,,-241.0,-24.0,561.0,1015.0,691.0,,-1211.0
482.0,93.0,,-224.0,-9.0,617.0,1046.0,909.0,,-1275.0
455.0,236.0,,-257.0,-69.0,441.0,1115.0,816.0,,-1322.0
432.0,407.0,,-155.0,-59.0,305.0,1128.0,1018.0,,-1371.0
406.0,489.0,,-128.0,-40.0,245.0,1081.0,910.0,,-1404.0
334.0,478.0,,-100.0,-54.0,154.0,1045.0,1012.0,,-1400.0
234.0,415.0,,-55.0,-10.0,-104.0,1066.0,1149.0,,-1384.0
244.0,244.0,,-62.0,17.0,-162.0,1041.0,1232.0,,-1357.0
205.0,-84.0,,-22.0,39.0,63.0,895.0,1529.0,,-1324.0
159.0,-444.0,,72.0,101.0,206.0,838.0,1520.0,,-1295.0
151.0,-554.0,,177.0,107.0,68.0,975.0,1801.0,,-1275.0
182.0,-598.0,,169.0,122.0,-245.0,1113.0,1794.0,,-1265.0
176.0,-549.0,,92.0,164.0,-366.0,1042.0,1805.0,,-1259.0
123.0,-243.0,,-7.0,126.0,-323.0,846.0,1773.0,,-1261.0
135.0,-56.0,,-47.0,63.0,-357.0,810.0,1531.0,,-1265.0
100.0,88.0,,-44.0,-4.0,-546.0,968.0,1723.0,,-1267.0
99.0,386.0,,-49.0,-101.0,-774.0,1101.0,1723.0,,-1263.0
91.0,845.0,,-72.0,-130.0,-867.0,1048.0,2026.0,,-1263.0
40.0,1130.0,,-146.0,-96.0,-826.0,849.0,2058.0,,-1278.0
33.0,1001.0,,-259.0,-36.0,-864.0,747.0,1923.0,,-1287.0
48.0,701.0,,-274.0,64.0,-1053.0,794.0,1938.0,,-1300.0
75.0,354.0,,-305.0,89.0,-1012.0,808.0,1712.0,,-1305.0
33.0,128.0,,-372.0,37.0,-697.0,716.0,1821.0,,-1292.0
51.0,-127.0,,-321.0,14.0,-527.0,587.0,1600.0,,-1273.0
123.0,-305.0,,-376.0,-22.0,-518.0,511.0,1564.0,,-1243.0
87.0,-220.0,,-427.0,-38.0,-441.0,535.0,1546.0,,-1211.0
62.0,-15.0,,-477.0,38.0,-360.0,593.0,1428.0,,-1178.0
74.0,185.0,,-451.0,126.0,-578.0,608.0,1566.0,,-1154.0
45.0,429.0,,-352.0,219.0,-950.0,606.0,1356.0,,-1152.0
-9.0,976.0,,-395.0,287.0,-1068.0,612.0,1419.0,,-1166.0
-30.0,1217.0,,-415.0,211.0,-1129.0,635.0,1285.0,,-1188.0
-62.0,874.0,,-463.0,83.0,-1379.0,579.0,1243.0,,-1220.0
-137.0,557.0,,-429.0,-1.0,-1652.0,412.0,1385.0,,-1256.0
-197.0,398.0,,-411.0,-73.0,-1735.0,356.0,1335.0,,-1287.0
-224.0,285.0,,-403.0,-107.0,-1728.0,478.0,1564.0,,-1323.0
-181.0,203.0,,-377.0,-106.0,-1777.0,576.0,1528.0,,-1343.0
-137.0,171.0,,-471.0,-98.0,-1721.0,485.0,1670.0,,-1344.0
-125.0,302.0,,-385.0,-41.0,-1676.0,310.0,1703.0,,-1327.0
-124.0,529.0,,-237.0,0.0,-1740.0,296.0,1649.0,,-1283.0
-87.0,634.0,,-183.0,-27.0,-1763.0,401.0,1733.0,,-1206.0
-29.0,878.0,,-98.0,-3.0,-1725.0,402.0,1561.0,,-1083.0
-9.0,1251.0,,8.0,40.0,-1729.0,263.0,1686.0,,-929.0
-3.0,1284.0,,27.0,40.0,-1729.0,158.0,1526.0,,-745.0
47.0,1113.0,,74.0,28.0,-1542.0,222.0,1492.0,,-541.0
94.0,1035.0,,142.0,-35.0,-1371.0,297.0,1566.0,,-333.0
93.0,1023.0,,69.0,-105.0,-1307.0,207.0,1509.0,,-134.0
135.0,923.0,,23.0,-133.0,-1249.0,50.0,1674.0,,53.0
149.0,689.0,,-5.0,-168.0,-1214.0,37.0,1537.0,,209.0
148.0,493.0,,-67.0,-168.0,-1125.0,210.0,1651.0,,305.0
149.0,383.0,,-62.0,-109.0,-1128.0,321.0,1596.0,,363.0
177.0,164.0,,-14.0,-84.0,-1246.0,157.0,1605.0,,379.0
130.0,-156.0,,-68.0,-78.0,-1327.0,-149.0,1803.0,,364.0
49.0,-586.0,,-141.0,-59.0,-1379.0,-310.0,1731.0,,337.0
50.0,-1081.0,,-134.0,-74.0,-1406.0,-241.0,1958.0,,293.0
4.0,-1259.0,,-163.0,-57.0,-1447.0,-141.0,1921.0,,261.0
-39.0,-1180.0,,-121.0,-7.0,-1433.0,-172.0,1988.0,,242.0
-56.0,-853.0,,-84.0,36.0,-1333.0,-280.0,1904.0,,238.0
-14.0,-33.0,,-96.0,104.0,-1089.0,-328.0,1757.0,,272.0
-83.0,784.0,,19.0,128.0,-759.0,-229.0,1908.0,,329.0
-168.0,1125.0,,122.0,109.0,-596.0,-129.0,1819.0,,402.0
-153.0,1063.0,,145.0,130.0,-575.0,-191.0,2095.0,,493.0
-191.0,700.0,,148.0,161.0,-586.0,-374.0,2135.0,,577.0
-237.0,199.0,,94.0,199.0,-538.0,-529.0,2233.0,,654.0
-247.0,-313.0,,85.0,271.0,-594.0,-557.0,2372.0,,722.0
-206.0,-674.0,,112.0,289.0,-770.0,-507.0,2272.0,,776.0
-214.0,-782.0,,121.0,268.0,-901.0,-426.0,2470.0,,800.0
-186.0,-868.0,,145.0,279.0,-920.0,-456.0,2328.0,,797.0
-135.0,-912.0,,175.0,249.0,-658.0,-657.0,2370.0,,756.0
-118.0,-740.0,,150.0,195.0,-475.0,-819.0,2267.0,,671.0
-135.0,-555.0,,114.0,140.0,-416.0,-749.0,2147.0,,562.0
-105.0,-375.0,,213.0,43.0,-129.0,-484.0,2246.0,,461.0
-59.0,-58.0,,280.0,-18.0,393.0,-339.0,2063.0,,380.0
-74.0,333.0,,294.0,-38.0,862.0,-535.0,2169.0,,311.0
-25.0,678.0,,323.0,-69.0,796.0,-839.0,1936.0,,262.0
-8.0,782.0,,361.0,-55.0,650.0,-952.0,1808.0,,218.0
31.0,802.0,,415.0,-30.0,776.0,-850.0,1651.0,,183.0
55.0,822.0,,406.0,-31.0,926.0,-774.0,1317.0,,145.0
38.0,632.0,,346.0,10.0,901.0,-893.0,1376.0,,109.0
36.0,218.0,,281.0,35.0,710.0,-1036.0,1271.0,,86.0
68.0,-327.0,,201.0,41.0,671.0,-1044.0,1528.0,,44.0
120.0,-621.0,,140.0,122.0,757.0,-885.0,1622.0,,-5.0
73.0,-404.0,,141.0,221.0,931.0,-799.0,1709.0,,-68.0
119.0,100.0,,-10.0,323.0,1020.0,-1046.0,1892.0,,-152.0
199.0,609.0,,-92.0,422.0,1079.0,-1326.0,1827.0,,-248.0
220.0,1031.0,,-17.0,399.0,1060.0,-1300.0,1999.0,,-359.0
196.0,1229.0,,-28.0,309.0,1022.0,-1052.0,1807.0,,-473.0
198.0,1141.0,,48.0,244.0,1158.0,-933.0,1845.0,,-566.0
261.0,930.0,,48.0,145.0,1126.0,-1114.0,1775.0,,-643.0
260.0,769.0,,-65.0,21.0,1234.0,-1391.0,1544.0,,-693.0
296.0,629.0,,-107.0,-121.0,1489.0,-1489.0,1491.0,,-706.0
302.0,185.0,,-62.0,-272.0,1628.0,-1320.0,1149.0,,-697.0
313.0,-281.0,,-83.0,-302.0,1654.0,-1131.0,1210.0,,-651.0
326.0,-449.0,,-148.0,-217.0,1571.0,-1149.0,1171.0,,-585.0
312.0,-566.0,,-64.0,-119.0,1625.0,-1340.0,1319.0,,-499.0
317.0,-661.0,,-165.0,9.0,1888.0,-1500.0,1609.0,,-415.0
291.0,-689.0,,-320.0,108.0,2165.0,-1502.0,1747.0,,-347.0
331.0,-563.0,,-312.0,142.0,2504.0,-1444.0,2050.0,,-262.0
343.0,-413.0,,-211.0,175.0,2927.0,-1395.0,1906.0,,-173.0
328.0,-410.0,,-163.0,136.0,3228.0,-1404.0,1975.0,,-74.0
295.0,-524.0,,-233.0,34.0,3535.0,-1409.0,1845.0,,43.0
251.0,-397.0,,-141.0,-23.0,3744.0,-1271.0,1659.0,,171.0
265.0,-41.0,,-36.0,-62.0,3868.0,-1116.0,1738.0,,302.0
246.0,-8.0,,162.0,-67.0,3903.0,-1168.0,1592.0,,425.0
187.0,-106.0,,241.0,-15.0,3697.0,-1359.0,1753.0,,531.0
129.0,-149.0,,215.0,13.0,3311.0,-1393.0,1603.0,,609.0
84.0,-108.0,,266.0,55.0,2773.0,-1201.0,1455.0,,669.0
12.0,-83.0,,149.0,119.0,2414.0,-1011.0,1236.0,,722.0
-68.0,8.0,,161.0,113.0,2337.0,-1028.0,986.0,,767.0
-134.0,433.0,,190.0,101.0,2323.0,-1284.0,1045.0,,803.0
-125.0,786.0,,148.0,98.0,2158.0,-1547.0,742.0,,791.0
-138.0,826.0,,82.0,69.0,2065.0,-1508.0,748.0,,722.0
-187.0,625.0,,19.0,96.0,2513.0,-1205.0,626.0,,648.0
-191.0,426.0,,-17.0,113.0,3132.0,-983.0,582.0,,584.0
-220.0,260.0,,-34.0,74.0,3429.0,-1052.0,630.0,,528.0
-271.0,-5.0,,27.0,48.0,3491.0,-1215.0,452.0,,486.0
-319.0,-63.0,,-31.0,-31.0,3475.0,-1260.0,626.0,,443.0
-329.0,126.0,,-79.0,-127.0,3478.0,-1203.0,452.0,,388.0
-329.0,143.0,,5.0,-141.0,3246.0,-1112.0,413.0,,297.0
-332.0,-137.0,,11.0,-136.0,2827.0,-1173.0,206.0,,164.0
-322.0,-416.0,,-116.0,-92.0,2468.0,-1358.0,-46.0,,7.0
-317.0,-540.0,,-145.0,-6.0,2200.0,-1326.0,68.0,,-141.0
-348.0,-743.0,,-87.0,43.0,2206.0,-1009.0,-96.0,,-285.0
-340.0,-1022.0,,-53.0,127.0,2239.0,-810.0,18.0,,-433.0
-341.0,-1272.0,,-34.0,212.0,2264.0,-998.0,-131.0,,-547.0
-312.0,-1418.0,,24.0,177.0,2558.0,-1257.0,-190.0,,-651.0
-285.0,-1392.0,,-9.0,104.0,3030.0,-1191.0,-205.0,,-737.0
-303.0,-1448.0,,-92.0,17.0,3434.0,-894.0,-424.0,,-793.0
-253.0,-1360.0,,-62.0,-85.0,3629.0,-735.0,-351.0,,-841.0
-220.0,-722.0,,-49.0,-110.0,3699.0,-888.0,-559.0,,-872.0
-209.0,36.0,,45.0,-121.0,3676.0,-1205.0,-465.0,,-911.0
-304.0,450.0,,69.0,-116.0,3503.0,-1314.0,-491.0,,-940.0
-291.0,537.0,,96.0,-20.0,3242.0,-997.0,-578.0,,-960.0
-261.0,401.0,,99.0,38.0,3052.0,-595.0,-600.0,,-992.0
-292.0,229.0,,-22.0,46.0,2844.0,-550.0,-951.0,,-1010.0
-298.0,25.0,,-6.0,56.0,2578.0,-729.0,-982.0,,-1017.0
-287.0,-218.0,,-10.0,12.0,2477.0,-739.0,-1197.0,,-984.0
-213.0,-217.0,,8.0,-27.0,2460.0,-656.0,-1080.0,,-917.0
-315.0,-6.0,,73.0,-29.0,2282.0,-704.0,-886.0,,-837.0
-305.0,179.0,,66.0,-37.0,2020.0,-796.0,-842.0,,-732.0
-333.0,590.0,,55.0,9.0,1998.0,-837.0,-613.0,,-618.0
-335.0,1119.0,,69.0,71.0,2170.0,-734.0,-735.0,,-487.0
-329.0,1328.0,,44.0,101.0,2155.0,-459.0,-615.0,,-327.0
-404.0,1318.0,,44.0,162.0,1936.0,-251.0,-770.0,,-154.0
-334.0,1118.0,,121.0,158.0,1887.0,-349.0,-881.0,,10.0
-351.0,917.0,,107.0,75.0,2254.0,-590.0,-886.0,,151.0
-265.0,574.0,,96.0,8.0,2545.0,-525.0,-1090.0,,265.0
-314.0,41.0,,48.0,-96.0,2583.0,-158.0,-962.0,,348.0
-332.0,61.0,,-27.0,-170.0,2848.0,0.0,-1132.0,,414.0
-267.0,402.0,,-41.0,-123.0,3282.0,-239.0,-1018.0,,489.0
-208.0,417.0,,-81.0,-74.0,3362.0,-557.0,-973.0,,572.0
-119.0,282.0,,-55.0,-39.0,2815.0,-665.0,-1067.0,,653.0
-119.0,224.0,,-41.0,-5.0,2168.0,-504.0,-1023.0,,733.0
-22.0,109.0,,-57.0,-43.0,1789.0,-190.0,-1193.0,,775.0
-35.0,-80.0,,-28.0,-43.0,1423.0,17.0,-1010.0,,780.0
51.0,-487.0,,-43.0,30.0,1078.0,-12.0,-1132.0,,765.0
82.0,-670.0,,-112.0,81.0,905.0,-144.0,-1193.0,,719.0
126.0,-450.0,,14.0,136.0,963.0,-177.0,-1284.0,,657.0
209.0,-521.0,,192.0,177.0,1231.0,-127.0,-1424.0,,588.0
187.0,-514.0,,235.0,204.0,1660.0,-119.0,-1212.0,,524.0
241.0,-261.0,,326.0,272.0,2014.0,-134.0,-1374.0,,468.0
239.0,69.0,,323.0,266.0,2226.0,-106.0,-1345.0,,403.0
319.0,336.0,,336.0,181.0,2567.0,-135.0,-1585.0,,336.0
257.0,499.0,,418.0,150.0,2906.0,-237.0,-1847.0,,262.0
220.0,728.0,,417.0,126.0,3078.0,-252.0,-1945.0,,169.0
250.0,996.0,,429.0,78.0,3032.0,-168.0,-2252.0,,66.0
244.0,1030.0,,418.0,34.0,2771.0,-23.0,-2183.0,,-33.0
209.0,728.0,,345.0,-57.0,2421.0,150.0,-2342.0,,-123.0
113.0,536.0,,331.0,-133.0,2055.0,322.0,-2202.0,,-203.0
117.0,215.0,,300.0,-168.0,1765.0,271.0,-2038.0,,-279.0
45.0,-115.0,,318.0,-222.0,1585.0,-130.0,-2013.0,,-345.0
-14.0,-458.0,,370.0,-202.0,1633.0,-413.0,-1834.0,,-389.0
-88.0,-632.0,,324.0,-117.0,1671.0,-277.0,-2073.0,,-416.0
-124.0,-561.0,,391.0,-81.0,1656.0,50.0,-1995.0,,-426.0
-108.0,-544.0,,430.0,-32.0,1888.0,306.0,-2069.0,,-424.0
-111.0,-221.0,,388.0,33.0,2230.0,347.0,-2111.0,,-426.0
-165.0,105.0,,378.0,67.0,2502.0,258.0,-2148.0,,-434.0
-141.0,354.0,,375.0,133.0,2580.0,249.0,-2352.0,,-456.0
-88.0,283.0,,380.0,157.0,2603.0,264.0,-2182.0,,-492.0
-61.0,46.0,,470.0,131.0,2537.0,201.0,-2235.0,,-553.0
-70.0,-40.0,,474.0,127.0,2335.0,115.0,-1958.0,,-632.0
-85.0,-27.0,,390.0,37.0,2262.0,-17.0,-1834.0,,-692.0
30.0,-40.0,,371.0,-98.0,2270.0,-62.0,-1790.0,,-723.0
-63.0,-129.0,,299.0,-151.0,2157.0,113.0,-1555.0,,-709.0
-11.0,-188.0,,386.0,-168.0,1907.0,250.0,-1679.0,,-656.0
-13.0,-429.0,,409.0,-148.0,1742.0,182.0,-1564.0,,-582.0
22.0,-628.0,,382.0,-89.0,1723.0,88.0,-1722.0,,-489.0
18.0,-900.0,,439.0,-52.0,1767.0,151.0,-1746.0,,-400.0
-55.0,-903.0,,424.0,14.0,1821.0,274.0,-1742.0,,-282.0
83.0,-757.0,,512.0,77.0,1936.0,297.0,-1766.0,,-142.0
-85.0,-838.0,,576.0,78.0,2131.0,134.0,-1446.0,,-2.0
41.0,-759.0,,570.0,117.0,2250.0,-125.0,-1452.0,,144.0
11.0,-493.0,,635.0,147.0,2212.0,-263.0,-1291.0,,262.0
39.0,-242.0,,616.0,140.0,2268.0,-173.0,-1540.0,,344.0
41.0,-291.0,,493.0,197.0,2460.0,125.0,-1842.0,,384.0
-6.0,-339.0,,527.0,237.0,2481.0,353.0,-1903.0,,394.0
121.0,-187.0,,571.0,209.0,2397.0,335.0,-2086.0,,422.0
-58.0,-49.0,,454.0,173.0,2310.0,155.0,-1879.0,,477.0
95.0,-108.0,,471.0,77.0,2254.0,56.0,-1960.0,,549.0
-12.0,-118.0,,634.0,-27.0,2197.0,121.0,-1853.0,,645.0
72.0,84.0,,629.0,-76.0,1874.0,101.0,-1807.0,,757.0
17.0,320.0,,635.0,-151.0,1275.0,-14.0,-1847.0,,877.0
-23.0,350.0,,693.0,-174.0,849.0,-40.0,-1705.0,,991.0
64.0,312.0,,609.0,-113.0,780.0,-9.0,-1936.0,,1065.0
-55.0,593.0,,537.0,-74.0,801.0,-102.0,-1825.0,,1090.0
133.0,607.0,,503.0,-3.0,605.0,-213.0,-1958.0,,1066.0
-56.0,213.0,,496.0,90.0,265.0,-164.0,-2006.0,,1005.0
60.0,-40.0,,438.0,128.0,209.0,51.0,-1910.0,,924.0
37.0,-250.0,,371.0,152.0,427.0,399.0,-2026.0,,843.0
114.0,-527.0,,307.0,132.0,497.0,621.0,-1808.0,,768.0
152.0,-683.0,,240.0,99.0,254.0,274.0,-1899.0,,707.0
97.0,-641.0,,259.0,153.0,6.0,-537.0,-1751.0,,681.0
237.0,-280.0,,276.0,200.0,-114.0,-985.0,-1659.0,,668.0
97.0,-46.0,,317.0,218.0,-158.0,-683.0,-1637.0,,652.0
244.0,-101.0,,297.0,272.0,-294.0,49.0,-1485.0,,624.0
114.0,25.0,,306.0,264.0,-519.0,629.0,-1587.0,,572.0
144.0,213.0,,297.0,202.0,-498.0,510.0,-1317.0,,488.0
135.0,179.0,,339.0,123.0,-223.0,-189.0,-1359.0,,369.0
166.0,-170.0,,403.0,-38.0,50.0,-782.0,-1328.0,,231.0
229.0,-482.0,,334.0,-186.0,-31.0,-864.0,-1271.0,,100.0
151.0,-474.0,,403.0,-263.0,-205.0,-606.0,-1332.0,,3.0
253.0,-323.0,,408.0,-310.0,-271.0,-287.0,-1075.0,,-64.0
262.0,-322.0,,400.0,-242.0,-369.0,-20.0,-1145.0,,-89.0
346.0,-232.0,,436.0,-136.0,-375.0,191.0,-1018.0,,-80.0
270.0,107.0,,467.0,-111.0,-613.0,280.0,-1001.0,,-57.0
384.0,353.0,,480.0,-105.0,-1029.0,-76.0,-923.0,,-22.0
422.0,321.0,,429.0,-136.0,-1288.0,-801.0,-787.0,,5.0
444.0,114.0,,402.0,-168.0,-1492.0,-1067.0,-925.0,,36.0
443.0,55.0,,430.0,-117.0,-1616.0,-542.0,-755.0,,50.0
441.0,-183.0,,473.0,-97.0,-1750.0,140.0,-814.0,,55.0
520.0,-528.0,,450.0,-124.0,-1732.0,229.0,-582.0,,59.0
470.0,-524.0,,471.0,-126.0,-1459.0,-259.0,-417.0,,59.0
516.0,-350.0,,445.0,-153.0,-1333.0,-739.0,-454.0,,65.0
425.0,-196.0,,433.0,-130.0,-1391.0,-850.0,-258.0,,67.0
488.0,-46.0,,460.0,-40.0,-1349.0,-523.0,-388.0,,92.0
438.0,123.0,,538.0,-22.0,-1239.0,-96.0,-218.0,,142.0
369.0,243.0,,641.0,-1.0,-1371.0,-6.0,-181.0,,198.0
359.0,272.0,,747.0,50.0,-1825.0,-197.0,-90.0,,259.0
383.0,66.0,,749.0,49.0,-2217.0,-273.0,64.0,,298.0
435.0,-56.0,,687.0,82.0,-2160.0,-129.0,1.0,,310.0
356.0,-80.0,,671.0,109.0,-2149.0,-67.0,182.0,,290.0
387.0,-345.0,,565.0,80.0,-2483.0,-231.0,-7.0,,230.0
336.0,-641.0,,601.0,86.0,-2801.0,-444.0,-9.0,,162.0
344.0,-806.0,,563.0,47.0,-2948.0,-495.0,-73.0,,72.0
326.0,-940.0,,498.0,-44.0,-2801.0,-485.0,-79.0,,-32.0
346.0,-1121.0,,520.0,-82.0,-2581.0,-528.0,184.0,,-119.0
347.0,-1120.0,,495.0,-119.0,-2486.0,-491.0,151.0,,-202.0
375.0,-672.0,,477.0,-117.0,-2415.0,-184.0,334.0,,-279.0
440.0,-146.0,,379.0,-48.0,-2293.0,332.0,160.0,,-342.0
373.0,216.0,,273.0,-6.0,-2201.0,660.0,92.0,,-392.0
435.0,675.0,,222.0,41.0,-2199.0,418.0,31.0,,-443.0
455.0,1073.0,,172.0,55.0,-2383.0,-362.0,-144.0,,-501.0
493.0,1338.0,,70.0,-32.0,-2740.0,-878.0,24.0,,-565.0
447.0,1289.0,,65.0,-82.0,-3000.0,-552.0,-62.0,,-629.0
427.0,1121.0,,62.0,-98.0,-3029.0,118.0,145.0,,-686.0
501.0,1063.0,,-38.0,-126.0,-2937.0,492.0,57.0,,-733.0
498.0,608.0,,-28.0,-71.0,-2999.0,392.0,-83.0,,-775.0
478.0,68.0,,-46.0,-22.0,-3141.0,-29.0,5.0,,-789.0
411.0,-362.0,,-101.0,-9.0,-3128.0,-420.0,-51.0,,-782.0
467.0,-684.0,,-98.0,41.0,-2898.0,-574.0,199.0,,-799.0
491.0,-822.0,,-109.0,41.0,-2795.0,-469.0,145.0,,-803.0
473.0,-1005.0,,-86.0,15.0,-2725.0,-128.0,317.0,,-804.0
460.0,-987.0,,-124.0,4.0,-2324.0,185.0,421.0,,-804.0
440.0,-657.0,,-172.0,-62.0,-1969.0,275.0,402.0,,-778.0
453.0,-451.0,,-239.0,-77.0,-1888.0,255.0,526.0,,-742.0
435.0,-506.0,,-299.0,-49.0,-2020.0,147.0,303.0,,-692.0
453.0,-437.0,,-369.0,-91.0,-2010.0,43.0,460.0,,-657.0
435.0,-299.0,,-441.0,-96.0,-1917.0,247.0,450.0,,-622.0
373.0,-243.0,,-424.0,-73.0,-1930.0,498.0,474.0,,-579.0
351.0,-332.0,,-466.0,-66.0,-2076.0,162.0,559.0,,-521.0
422.0,-344.0,,-488.0,13.0,-2375.0,-559.0,513.0,,-442.0
417.0,-79.0,,-473.0,74.0,-2494.0,-758.0,801.0,,-366.0
301.0,68.0,,-512.0,74.0,-2561.0,-52.0,814.0,,-303.0
292.0,210.0,,-581.0,79.0,-2747.0,721.0,1064.0,,-257.0
350.0,320.0,,-520.0,19.0,-3028.0,637.0,1121.0,,-252.0
337.0,390.0,,-401.0,-30.0,-3045.0,-57.0,1108.0,,-285.0
271.0,374.0,,-363.0,-26.0,-2790.0,-451.0,1332.0,,-333.0
250.0,213.0,,-356.0,-85.0,-2767.0,-174.0,1263.0,,-408.0
292.0,181.0,,-259.0,-102.0,-2908.0,358.0,1513.0,,-495.0
306.0,142.0,,-198.0,-95.0,-3016.0,727.0,1389.0,,-583.0
281.0,284.0,,-190.0,-165.0,-2898.0,693.0,1256.0,,-651.0
324.0,494.0,,-169.0,-192.0,-2657.0,206.0,1208.0,,-686.0
349.0,748.0,,-231.0,-199.0,-2397.0,-179.0,1031.0,,-715.0
410.0,927.0,,-178.0,-215.0,-2168.0,52.0,1167.0,,-736.0
467.0,728.0,,-203.0,-159.0,-1921.0,527.0,1012.0,,-766.0
451.0,458.0,,-295.0,-139.0,-1566.0,526.0,1075.0,,-800.0
566.0,99.0,,-307.0,-135.0,-1304.0,109.0,1010.0,,-845.0
641.0,-154.0,,-358.0,-72.0,-1185.0,32.0,1042.0,,-898.0
676.0,-243.0,,-370.0,-73.0,-1327.0,467.0,1167.0,,-947.0
702.0,-429.0,,-415.0,-84.0,-1489.0,878.0,944.0,,-986.0
711.0,-600.0,,-460.0,-53.0,-1492.0,876.0,1067.0,,-991.0
747.0,-523.0,,-437.0,-78.0,-1526.0,692.0,931.0,,-984.0
778.0,-357.0,,-474.0,-61.0,-1802.0,687.0,1006.0,,-955.0
841.0,-220.0,,-539.0,-32.0,-2169.0,637.0,1038.0,,-920.0
771.0,16.0,,-600.0,-92.0,-2199.0,461.0,968.0,,-890.0
756.0,178.0,,-662.0,-117.0,-1907.0,339.0,1182.0,,-838.0
797.0,344.0,,-650.0,-144.0,-1560.0,299.0,1045.0,,-785.0
757.0,462.0,,-557.0,-148.0,-1419.0,384.0,1171.0,,-741.0
672.0,431.0,,-550.0,-54.0,-1234.0,593.0,1042.0,,-683.0
586.0,387.0,,-645.0,3.0,-934.0,722.0,1021.0,,-603.0
578.0,200.0,,-703.0,81.0,-822.0,624.0,1112.0,,-509.0
556.0,-46.0,,-744.0,220.0,-953.0,532.0,947.0,,-403.0
496.0,-253.0,,-736.0,295.0,-1020.0,609.0,1082.0,,-308.0
424.0,-432.0,,-690.0,368.0,-896.0,950.0,921.0,,-236.0
470.0,-392.0,,-742.0,410.0,-944.0,1414.0,1005.0,,-190.0
455.0,-129.0,,-809.0,343.0,-1125.0,1377.0,968.0,,-152.0
435.0,125.0,,-804.0,296.0,-1243.0,707.0,910.0,,-114.0
441.0,272.0,,-934.0,226.0,-1195.0,128.0,1053.0,,-85.0
405.0,306.0,,-854.0,82.0,-1045.0,154.0,901.0,,-62.0
413.0,343.0,,-868.0,-11.0,-870.0,647.0,1032.0,,-53.0
374.0,444.0,,-899.0,-109.0,-651.0,1167.0,925.0,,-33.0
386.0,363.0,,-741.0,-182.0,-450.0,1174.0,1005.0,,-32.0
296.0,262.0,,-833.0,-177.0,-268.0,750.0,1058.0,,-52.0
308.0,281.0,,-667.0,-217.0,-224.0,397.0,905.0,,-81.0
282.0,164.0,,-706.0,-243.0,-281.0,297.0,995.0,,-129.0
222.0,-58.0,,-729.0,-239.0,-365.0,336.0,805.0,,-161.0
248.0,-262.0,,-629.0,-285.0,-491.0,665.0,905.0,,-184.0
189.0,-393.0,,-697.0,-280.0,-490.0,1559.0,862.0,,-197.0
218.0,-518.0,,-602.0,-261.0,-466.0,2109.0,897.0,,-194.0
146.0,-642.0,,-612.0,-265.0,-543.0,1383.0,1127.0,,-194.0
212.0,-672.0,,-596.0,-198.0,-499.0,207.0,1104.0,,-197.0
202.0,-493.0,,-605.0,-162.0,-175.0,-67.0,1332.0,,-191.0
163.0,-216.0,,-652.0,-174.0,164.0,713.0,1212.0,,-176.0
158.0,-41.0,,-619.0,-153.0,171.0,1534.0,1245.0,,-163.0
39.0,74.0,,-553.0,-173.0,73.0,1322.0,1208.0,,-122.0
16.0,79.0,,-602.0,-153.0,210.0,166.0,1027.0,,-61.0
-144.0,-22.0,,-529.0,-95.0,341.0,-553.0,1080.0,,-4.0
-152.0,-120.0,,-435.0,-105.0,137.0,26.0,855.0,,42.0
-248.0,-151.0,,-470.0,-84.0,26.0,1220.0,955.0,,67.0
-361.0,-109.0,,-415.0,-66.0,148.0,1698.0,862.0,,75.0
-406.0,-4.0,,-365.0,-81.0,201.0,1132.0,855.0,,86.0
-501.0,136.0,,-290.0,-26.0,135.0,636.0,866.0,,98.0
-471.0,181.0,,-324.0,-18.0,42.0,651.0,642.0,,132.0
-519.0,169.0,,-331.0,-71.0,189.0,514.0,705.0,,172.0
-458.0,131.0,,-307.0,-68.0,352.0,267.0,423.0,,215.0
-499.0,-75.0,,-356.0,-81.0,428.0,408.0,419.0,,270.0
-472.0,-191.0,,-392.0,-43.0,508.0,677.0,327.0,,298.0
-465.0,-53.0,,-477.0,53.0,541.0,578.0,238.0,,316.0
-523.0,116.0,,-460.0,82.0,383.0,334.0,395.0,,328.0
-437.0,243.0,,-440.0,136.0,263.0,216.0,358.0,,323.0
-416.0,304.0,,-458.0,166.0,364.0,234.0,639.0,,329.0
-347.0,255.0,,-484.0,129.0,235.0,536.0,554.0,,326.0
-392.0,166.0,,-508.0,143.0,-2.0,712.0,519.0,,317.0
-327.0,94.0,,-466.0,116.0,-272.0,306.0,439.0,,302.0
-301.0,55.0,,-519.0,51.0,-429.0,-73.0,251.0,,280.0
-307.0,234.0,,-354.0,55.0,-555.0,215.0,362.0,,265.0
-257.0,435.0,,-189.0,36.0,-845.0,714.0,192.0,,243.0
-287.0,529.0,,-239.0,21.0,-897.0,621.0,323.0,,212.0
-237.0,712.0,,-184.0,52.0,-801.0,74.0,291.0,,191.0
-289.0,686.0,,-143.0,40.0,-899.0,-144.0,312.0,,172.0
-288.0,373.0,,-219.0,74.0,-1102.0,133.0,461.0,,164.0
-300.0,107.0,,-265.0,110.0,-1144.0,112.0,339.0,,170.0
-302.0,-19.0,,-207.0,65.0,-1162.0,-458.0,502.0,,189.0
-293.0,-181.0,,-250.0,69.0,-1015.0,-640.0,404.0,,225.0
-317.0,-330.0,,-252.0,46.0,-759.0,-98.0,469.0,,241.0
-310.0,-293.0,,-262.0,-6.0,-688.0,625.0,443.0,,236.0
-345.0,-208.0,,-239.0,29.0,-671.0,919.0,339.0,,209.0
-308.0,-110.0,,-160.0,55.0,-788.0,228.0,508.0,,139.0
-299.0,-31.0,,-319.0,111.0,-951.0,-1007.0,410.0,,43.0
-302.0,150.0,,-317.0,218.0,-1165.0,-1273.0,511.0,,-69.0
-303.0,354.0,,-263.0,230.0,-1502.0,-276.0,356.0,,-169.0
-249.0,343.0,,-278.0,231.0,-1717.0,615.0,358.0,,-251.0
-255.0,224.0,,-159.0,224.0,-1718.0,689.0,454.0,,-307.0
-284.0,0.0,,-155.0,141.0,-1668.0,127.0,317.0,,-340.0
-274.0,-11.0,,-69.0,105.0,-1542.0,-726.0,439.0,,-368.0
-284.0,-108.0,,-64.0,68.0,-1268.0,-1199.0,234.0,,-395.0
-277.0,-350.0,,-121.0,32.0,-909.0,-841.0,227.0,,-424.0
-400.0,-274.0,,-46.0,85.0,-648.0,143.0,97.0,,-434.0
-371.0,-138.0,,-34.0,77.0,-703.0,661.0,-138.0,,-405.0
-380.0,-41.0,,-23.0,56.0,-840.0,-101.0,-205.0,,-337.0
-415.0,-39.0,,4.0,74.0,-999.0,-934.0,-413.0,,-246.0
-386.0,31.0,,73.0,29.0,-1264.0,-645.0,-260.0,,-149.0
-451.0,58.0,,-74.0,22.0,-1424.0,93.0,-352.0,,-74.0
-457.0,-42.0,,-208.0,30.0,-1478.0,269.0,-291.0,,-50.0
-472.0,-225.0,,-260.0,9.0,-1573.0,-80.0,-282.0,,-51.0
-394.0,-306.0,,-341.0,52.0,-1571.0,-353.0,-556.0,,-63.0
-454.0,-116.0,,-260.0,57.0,-1249.0,-695.0,-546.0,,-89.0
-484.0,-21.0,,-255.0,16.0,-937.0,-790.0,-716.0,,-121.0
-438.0,95.0,,-322.0,19.0,-804.0,42.0,-528.0,,-164.0
-417.0,182.0,,-414.0,-50.0,-547.0,803.0,-452.0,,-214.0
-407.0,304.0,,-392.0,-130.0,-114.0,675.0,-389.0,,-277.0
-491.0,378.0,,-374.0,-147.0,159.0,-159.0,-229.0,,-346.0
-405.0,253.0,,-400.0,-212.0,-2.0,-1139.0,-369.0,,-404.0
-425.0,298.0,,-321.0,-215.0,-131.0,-1273.0,-310.0,,-457.0
-431.0,393.0,,-285.0,-183.0,93.0,-482.0,-565.0,,-491.0
-442.0,302.0,,-236.0,-205.0,300.0,643.0,-587.0,,-494.0
-456.0,183.0,,-255.0,-171.0,141.0,1174.0,-620.0,,-450.0
-347.0,307.0,,-308.0,-173.0,-117.0,472.0,-657.0,,-362.0
-342.0,526.0,,-283.0,-208.0,75.0,-947.0,-397.0,,-263.0
-360.0,399.0,,-323.0,-170.0,397.0,-1768.0,-428.0,,-182.0
-379.0,92.0,,-376.0,-165.0,396.0,-1093.0,-221.0,,-130.0
-280.0,45.0,,-389.0,-137.0,258.0,270.0,-386.0,,-104.0
-300.0,94.0,,-344.0,-48.0,419.0,1117.0,-598.0,,-130.0
-337.0,174.0,,-297.0,-25.0,854.0,666.0,-759.0,,-192.0
-347.0,307.0,,-381.0,33.0,1083.0,-590.0,-938.0,,-254.0
-350.0,531.0,,-366.0,89.0,1208.0,-1151.0,-707.0,,-310.0
-267.0,698.0,,-346.0,61.0,1293.0,-927.0,-763.0,,-336.0
-393.0,658.0,,-460.0,101.0,1193.0,-287.0,-589.0,,-319.0
-425.0,582.0,,-493.0,130.0,949.0,637.0,-646.0,,-257.0
-377.0,591.0,,-437.0,141.0,656.0,691.0,-715.0,,-175.0
-384.0,607.0,,-468.0,216.0,419.0,-499.0,-689.0,,-92.0
-480.0,420.0,,-519.0,205.0,146.0,-1365.0,-960.0,,-4.0
-565.0,296.0,,-429.0,169.0,-2.0,-803.0,-848.0,,43.0
-495.0,191.0,,-404.0,167.0,22.0,358.0,-986.0,,63.0
-495.0,154.0,,-308.0,90.0,81.0,634.0,-886.0,,53.0
-507.0,66.0,,-197.0,39.0,62.0,-151.0,-820.0,,22.0
-515.0,-106.0,,-162.0,-14.0,159.0,-997.0,-840.0,,-6.0
-514.0,-110.0,,-105.0,-109.0,449.0,-1017.0,-526.0,,-27.0
-503.0,-126.0,,-72.0,-107.0,383.0,-134.0,-500.0,,-22.0
-484.0,-68.0,,26.0,-119.0,114.0,991.0,-236.0,,-12.0
-551.0,-79.0,,96.0,-149.0,-100.0,1203.0,-290.0,,0.0
-551.0,20.0,,109.0,-97.0,-229.0,110.0,-297.0,,-7.0
-485.0,153.0,,102.0,-86.0,-149.0,-1012.0,-216.0,,-38.0
-524.0,85.0,,105.0,-86.0,-51.0,-1184.0,-402.0,,-56.0
-568.0,-132.0,,23.0,-86.0,4.0,-609.0,-254.0,,-73.0
-631.0,-327.0,,-96.0,-168.0,127.0,60.0,-395.0,,-93.0
-559.0,-351.0,,-148.0,-210.0,202.0,380.0,-421.0,,-101.0
-548.0,-530.0,,-138.0,-236.0,131.0,663.0,-570.0,,-96.0
-573.0,-542.0,,-150.0,-298.0,6.0,871.0,-711.0,,-77.0
-649.0,-404.0,,-135.0,-276.0,-135.0,222.0,-543.0,,-45.0
-591.0,-342.0,,-107.0,-268.0,-102.0,-854.0,-678.0,,5.0
-499.0,-223.0,,-127.0,-275.0,-10.0,-1084.0,-630.0,,85.0
-587.0,-138.0,,-59.0,-197.0,-88.0,-269.0,-859.0,,160.0
-568.0,65.0,,-103.0,-147.0,-185.0,458.0,-958.0,,229.0
-667.0,88.0,,-51.0,-59.0,-62.0,268.0,-822.0,,279.0
-512.0,-106.0,,66.0,92.0,250.0,179.0,-742.0,,288.0
-580.0,32.0,,112.0,173.0,348.0,604.0,-399.0,,275.0
-610.0,206.0,,183.0,279.0,268.0,452.0,-362.0,,231.0
-629.0,266.0,,186.0,391.0,248.0,-215.0,-232.0,,171.0
-655.0,423.0,,247.0,425.0,169.0,-531.0,-363.0,,110.0
-478.0,470.0,,225.0,472.0,12.0,-311.0,-578.0,,46.0
-689.0,355.0,,177.0,442.0,-108.0,85.0,-620.0,,-20.0
-520.0,265.0,,214.0,357.0,-100.0,338.0,-792.0,,-76.0
-592.0,250.0,,166.0,306.0,23.0,550.0,-606.0,,-111.0
-414.0,252.0,,28.0,161.0,133.0,704.0,-722.0,,-146.0
-347.0,358.0,,23.0,33.0,243.0,339.0,-685.0,,-173.0
-378.0,359.0,,84.0,-2.0,268.0,-470.0,-561.0,,-199.0
-177.0,270.0,,80.0,-65.0,244.0,-751.0,-476.0,,-236.0
-273.0,326.0,,142.0,-82.0,372.0,-221.0,-134.0,,-291.0
-13.0,257.0,,169.0,-68.0,621.0,508.0,-121.0,,-389.0
-157.0,112.0,,201.0,-74.0,815.0,797.0,90.0,,-521.0
28.0,130.0,,312.0,-25.0,742.0,450.0,46.0,,-689.0
-17.0,174.0,,352.0,-51.0,666.0,10.0,20.0,,-873.0
22.0,254.0,,328.0,-113.0,782.0,-249.0,99.0,,-1046.0
110.0,283.0,,251.0,-61.0,754.0,-194.0,59.0,,-1211.0
-12.0,320.0,,259.0,-43.0,529.0,249.0,410.0,,-1363.0
136.0,424.0,,332.0,-32.0,517.0,675.0,382.0,,-1492.0
-135.0,334.0,,238.0,-3.0,788.0,656.0,439.0,,-1588.0
108.0,155.0,,133.0,-42.0,932.0,200.0,402.0,,-1662.0
-63.0,-16.0,,76.0,-4.0,840.0,-3.0,295.0,,-1710.0
-81.0,-51.0,,50.0,43.0,853.0,39.0,404.0,,-1731.0
-102.0,54.0,,102.0,22.0,1151.0,-9.0,208.0,,-1712.0
-182.0,40.0,,139.0,74.0,1420.0,205.0,208.0,,-1646.0
-83.0,-151.0,,142.0,90.0,1483.0,603.0,-35.0,,-1554.0
-338.0,-222.0,,213.0,65.0,1519.0,738.0,-57.0,,-1406.0
-206.0,-226.0,,269.0,121.0,1483.0,358.0,59.0,,-1232.0
-418.0,-368.0,,264.0,133.0,1373.0,41.0,33.0,,-1045.0
-317.0,-485.0,,229.0,142.0,1437.0,178.0,280.0,,-837.0
-381.0,-558.0,,166.0,180.0,1575.0,296.0,151.0,,-650.0
-454.0,-447.0,,252.0,152.0,1500.0,429.0,303.0,,-474.0
-450.0,-452.0,,273.0,171.0,1413.0,576.0,376.0,,-342.0
-507.0,-570.0,,290.0,180.0,1643.0,487.0,400.0,,-254.0
-321.0,-532.0,,367.0,100.0,2013.0,98.0,493.0,,-187.0
-531.0,-605.0,,330.0,65.0,2135.0,-190.0,223.0,,-141.0
-467.0,-759.0,,459.0,11.0,2102.0,102.0,319.0,,-116.0
-506.0,-889.0,,673.0,-49.0,2260.0,553.0,201.0,,-118.0
-431.0,-845.0,,736.0,-32.0,2413.0,718.0,338.0,,-128.0
-520.0,-651.0,,664.0,-66.0,2347.0,672.0,502.0,,-139.0
-568.0,-535.0,,599.0,-93.0,2059.0,500.0,473.0,,-144.0
-431.0,-428.0,,588.0,-96.0,1862.0,263.0,674.0,,-136.0
-448.0,-352.0,,604.0,-170.0,2056.0,43.0,504.0,,-112.0
-356.0,-292.0,,702.0,-151.0,2212.0,53.0,556.0,,-83.0
-455.0,-240.0,,665.0,-80.0,2338.0,532.0,363.0,,-79.0
-367.0,-234.0,,480.0,-62.0,2352.0,1101.0,299.0,,-84.0
-410.0,-188.0,,465.0,4.0,2297.0,944.0,467.0,,-109.0
-293.0,-160.0,,431.0,30.0,2414.0,62.0,500.0,,-149.0
-260.0,67.0,,397.0,9.0,2447.0,-536.0,925.0,,-191.0
-292.0,257.0,,521.0,10.0,2330.0,-254.0,981.0,,-219.0
-217.0,235.0,,554.0,-72.0,2091.0,433.0,1114.0,,-226.0
-204.0,221.0,,577.0,-139.0,2084.0,834.0,1056.0,,-227.0
-152.0,122.0,,556.0,-131.0,2234.0,709.0,888.0,,-206.0
-171.0,84.0,,489.0,-171.0,2380.0,285.0,981.0,,-202.0
-66.0,8.0,,467.0,-157.0,2369.0,-105.0,798.0,,-198.0
-139.0,49.0,,474.0,-105.0,2439.0,2.0,920.0,,-176.0
-56.0,120.0,,489.0,-109.0,2891.0,602.0,820.0,,-162.0
-8.0,36.0,,560.0,-74.0,3142.0,780.0,825.0,,-123.0
32.0,-99.0,,684.0,-70.0,3089.0,414.0,820.0,,-77.0
-21.0,-249.0,,703.0,-66.0,2905.0,245.0,550.0,,-15.0
38.0,-270.0,,706.0,28.0,2982.0,322.0,565.0,,59.0
110.0,-366.0,,728.0,86.0,2968.0,327.0,402.0,,145.0
83.0,-414.0,,725.0,152.0,2531.0,333.0,694.0,,236.0
91.0,-409.0,,689.0,234.0,2294.0,412.0,964.0,,296.0
0.0,-289.0,,702.0,229.0,2438.0,377.0,1186.0,,333.0
127.0,-167.0,,759.0,246.0,2553.0,77.0,1537.0,,320.0
59.0,-172.0,,798.0,259.0,2405.0,-179.0,1505.0,,265.0
168.0,-185.0,,851.0,225.0,2520.0,139.0,1655.0,,175.0
45.0,-337.0,,862.0,263.0,2678.0,749.0,1500.0,,78.0
166.0,-245.0,,730.0,275.0,2691.0,769.0,1431.0,,-5.0
221.0,-155.0,,568.0,256.0,2858.0,286.0,1369.0,,-88.0
193.0,-123.0,,533.0,261.0,3067.0,92.0,1239.0,,-136.0
234.0,212.0,,455.0,190.0,3000.0,45.0,1358.0,,-162.0
111.0,438.0,,383.0,145.0,2588.0,35.0,1114.0,,-157.0
316.0,529.0,,297.0,140.0,2568.0,300.0,1193.0,,-123.0
181.0,535.0,,262.0,70.0,2895.0,526.0,1158.0,,-84.0
294.0,439.0,,301.0,66.0,2894.0,651.0,1145.0,,-44.0
198.0,354.0,,206.0,114.0,2550.0,422.0,1278.0,,-27.0
348.0,262.0,,181.0,127.0,2330.0,-251.0,1171.0,,-46.0
352.0,241.0,,132.0,183.0,2424.0,-623.0,1308.0,,-101.0
376.0,279.0,,28.0,192.0,2627.0,-210.0,1038.0,,-183.0
400.0,370.0,,68.0,178.0,2719.0,555.0,914.0,,-272.0
273.0,481.0,,203.0,241.0,2657.0,825.0,748.0,,-347.0
477.0,652.0,,235.0,247.0,2641.0,525.0,550.0,,-406.0
356.0,698.0,,155.0,244.0,2564.0,9.0,676.0,,-430.0
405.0,651.0,,139.0,257.0,2142.0,-468.0,526.0,,-433.0
301.0,624.0,,166.0,174.0,1782.0,-487.0,659.0,,-436.0
527.0,412.0,,245.0,95.0,1788.0,43.0,589.0,,-437.0
333.0,230.0,,288.0,34.0,1821.0,537.0,576.0,,-433.0
455.0,-120.0,,249.0,-76.0,1840.0,259.0,587.0,,-422.0
372.0,-342.0,,198.0,-144.0,1729.0,-481.0,473.0,,-409.0
386.0,-497.0,,152.0,-201.0,1816.0,-807.0,722.0,,-387.0
419.0,-867.0,,118.0,-256.0,2115.0,-442.0,713.0,,-366.0
219.0,-948.0,,108.0,-214.0,2111.0,342.0,899.0,,-358.0
449.0,-958.0,,168.0,-176.0,1838.0,549.0,879.0,,-351.0
59.0,-915.0,,251.0,-160.0,1404.0,-133.0,801.0,,-359.0
409.0,-761.0,,259.0,-121.0,1204.0,-756.0,907.0,,-385.0
31.0,-521.0,,254.0,-124.0,952.0,-726.0,733.0,,-422.0
234.0,-342.0,,287.0,-84.0,537.0,-344.0,851.0,,-462.0
-29.0,-117.0,,279.0,-18.0,275.0,-164.0,800.0,,-485.0
-46.0,170.0,,342.0,-54.0,360.0,-81.0,864.0,,-488.0
60.0,232.0,,409.0,-102.0,818.0,-333.0,827.0,,-467.0
-259.0,357.0,,338.0,-157.0,1124.0,-951.0,650.0,,-417.0
134.0,506.0,,283.0,-256.0,1372.0,-1068.0,770.0,,-345.0
-444.0,598.0,,297.0,-292.0,1540.0,-603.0,615.0,,-270.0
65.0,682.0,,359.0,-302.0,1608.0,-65.0,766.0,,-215.0
-372.0,650.0,,363.0,-317.0,1569.0,38.0,794.0,,-200.0
31.0,705.0,,376.0,-276.0,1204.0,-437.0,855.0,,-227.0
-149.0,742.0,,381.0,-255.0,652.0,-1039.0,1055.0,,-296.0
-142.0,506.0,,352.0,-241.0,100.0,-1252.0,925.0,,-396.0
193.0,427.0,,395.0,-190.0,-178.0,-724.0,927.0,,-493.0
-177.0,370.0,,427.0,-185.0,-369.0,210.0,515.0,,-564.0
387.0,272.0,,415.0,-169.0,-772.0,430.0,288.0,,-616.0
-222.0,131.0,,402.0,-87.0,-1146.0,-401.0,129.0,,-628.0
416.0,-109.0,,483.0,-2.0,-1122.0,-1273.0,3.0,,-607.0
-61.0,-139.0,,468.0,121.0,-907.0,-1257.0,262.0,,-572.0
300.0,-216.0,,411.0,245.0,-1040.0,-677.0,267.0,,-516.0
106.0,-160.0,,404.0,275.0,-1469.0,-206.0,498.0,,-464.0
-59.0,49.0,,397.0,276.0,-1528.0,-43.0,343.0,,-415.0
303.0,309.0,,452.0,239.0,-1314.0,-307.0,123.0,,-380.0
-152.0,604.0,,446.0,146.0,-1423.0,-698.0,20.0,,-362.0
408.0,736.0,,366.0,113.0,-1515.0,-776.0,-227.0,,-327.0
-283.0,643.0,,301.0,93.0,-1414.0,-318.0,-92.0,,-298.0
306.0,449.0,,304.0,31.0,-1176.0,230.0,-184.0,,-259.0
-84.0,326.0,,270.0,28.0,-872.0,85.0,20.0,,-223.0
133.0,121.0,,224.0,46.0,-767.0,-642.0,81.0,,-205.0
-10.0,-63.0,,229.0,47.0,-744.0,-1280.0,-68.0,,-192.0
-175.0,-141.0,,267.0,87.0,-799.0,-1193.0,-83.0,,-202.0
132.0,-59.0,,231.0,114.0,-871.0,-359.0,-432.0,,-204.0
-381.0,116.0,,173.0,131.0,-892.0,319.0,-423.0,,-192.0
107.0,222.0,,186.0,167.0,-981.0,-88.0,-528.0,,-179.0
-484.0,284.0,,256.0,155.0,-1128.0,-906.0,-432.0,,-159.0
0.0,330.0,,311.0,128.0,-1285.0,-1001.0,-262.0,,-158.0
-310.0,267.0,,306.0,135.0,-1272.0,-790.0,-264.0,,-172.0
-122.0,87.0,,376.0,113.0,-1228.0,-414.0,-20.0,,-182.0
-156.0,-67.0,,388.0,102.0,-1383.0,247.0,-195.0,,-188.0
-240.0,-192.0,,377.0,102.0,-1485.0,363.0,-138.0,,-166.0
73.0,-258.0,,473.0,30.0,-1526.0,-239.0,-227.0,,-112.0
-284.0,-277.0,,588.0,-30.0,-1571.0,-821.0,-376.0,,-51.0
199.0,-305.0,,612.0,-62.0,-1607.0,-874.0,-339.0,,10.0
-216.0,-330.0,,633.0,-97.0,-1638.0,-457.0,-521.0,,52.0
197.0,-272.0,,678.0,-90.0,-1572.0,-126.0,-280.0,,100.0
-11.0,-278.0,,591.0,-99.0,-1700.0,-143.0,-282.0,,138.0
258.0,-241.0,,517.0,-128.0,-1773.0,-291.0,-288.0,,161.0
271.0,-100.0,,512.0,-99.0,-1614.0,-361.0,-454.0,,179.0
184.0,30.0,,496.0,-72.0,-1610.0,-185.0,-777.0,,169.0
519.0,168.0,,394.0,-75.0,-1521.0,52.0,-752.0,,147.0
276.0,5.0,,222.0,-58.0,-1331.0,75.0,-903.0,,98.0
633.0,-204.0,,95.0,-92.0,-1229.0,-32.0,-689.0,,61.0
243.0,-293.0,,64.0,-164.0,-1341.0,-143.0,-622.0,,39.0
646.0,-428.0,,5.0,-169.0,-1646.0,-415.0,-545.0,,28.0
413.0,-562.0,,-56.0,-178.0,-1823.0,-746.0,-384.0,,48.0
524.0,-651.0,,-32.0,-202.0,-1865.0,-546.0,-502.0,,56.0
504.0,-654.0,,-67.0,-205.0,-2008.0,173.0,-375.0,,53.0
322.0,-595.0,,-92.0,-228.0,-2263.0,511.0,-574.0,,22.0
585.0,-479.0,,-110.0,-193.0,-2363.0,-3.0,-532.0,,-51.0
246.0,-489.0,,-118.0,-112.0,-2280.0,-799.0,-452.0,,-145.0
538.0,-387.0,,-48.0,-81.0,-2159.0,-1187.0,-399.0,,-259.0
106.0,-238.0,,-13.0,-50.0,-2172.0,-678.0,-171.0,,-370.0
346.0,-280.0,,-102.0,-6.0,-2166.0,210.0,-338.0,,-454.0
201.0,-386.0,,-182.0,0.0,-1956.0,403.0,-280.0,,-484.0
210.0,-495.0,,-112.0,44.0,-1876.0,63.0,-550.0,,-470.0
289.0,-396.0,,16.0,115.0,-1866.0,-169.0,-727.0,,-419.0
118.0,-422.0,,36.0,159.0,-1849.0,-393.0,-763.0,,-329.0
440.0,-542.0,,-74.0,238.0,-1878.0,-757.0,-940.0,,-237.0
111.0,-481.0,,-150.0,286.0,-1857.0,-621.0,-733.0,,-171.0
459.0,-252.0,,-235.0,274.0,-2045.0,-113.0,-842.0,,-140.0
233.0,-11.0,,-273.0,273.0,-2293.0,-43.0,-752.0,,-136.0
513.0,31.0,,-277.0,222.0,-2309.0,-11.0,-759.0,,-131.0
490.0,154.0,,-296.0,150.0,-2222.0,346.0,-790.0,,-121.0
426.0,269.0,,-298.0,146.0,-2018.0,459.0,-641.0,,-85.0
657.0,230.0,,-335.0,136.0,-1834.0,-63.0,-785.0,,-11.0
474.0,41.0,,-294.0,141.0,-1839.0,-936.0,-674.0,,83.0
831.0,-120.0,,-264.0,172.0,-1780.0,-1282.0,-848.0,,192.0
404.0,-203.0,,-233.0,135.0,-1600.0,-573.0,-849.0,,293.0
693.0,-216.0,,-235.0,93.0,-1704.0,581.0,-838.0,,375.0
553.0,-125.0,,-227.0,82.0,-2232.0,1132.0,-1031.0,,426.0
700.0,-64.0,,-216.0,41.0,-2775.0,522.0,-905.0,,431.0
684.0,234.0,,-265.0,17.0,-2927.0,-486.0,-1091.0,,406.0
508.0,524.0,,-149.0,0.0,-2892.0,-882.0,-1018.0,,375.0
829.0,628.0,,-89.0,-52.0,-2971.0,-603.0,-1031.0,,325.0
498.0,693.0,,-86.0,-60.0,-2997.0,15.0,-1027.0,,257.0
906.0,762.0,,-92.0,-81.0,-2806.0,392.0,-812.0,,209.0
477.0,776.0,,-88.0,-124.0,-2532.0,467.0,-844.0,,175.0
750.0,457.0,,-99.0,-92.0,-2424.0,497.0,-642.0,,178.0
621.0,132.0,,-184.0,-79.0,-2456.0,308.0,-777.0,,223.0
550.0,-65.0,,2.0,-78.0,-2414.0,59.0,-742.0,,268.0
600.0,-317.0,,93.0,-35.0,-2274.0,-188.0,-674.0,,316.0
236.0,-531.0,,3.0,-40.0,-2103.0,-373.0,-691.0,,355.0
644.0,-684.0,,128.0,-58.0,-1904.0,-32.0,-437.0,,388.0
139.0,-728.0,,336.0,-43.0,-1907.0,305.0,-530.0,,423.0
409.0,-614.0,,350.0,-73.0,-2008.0,356.0,-378.0,,465.0
38.0,-440.0,,206.0,-90.0,-1928.0,800.0,-482.0,,533.0
258.0,-298.0,,182.0,-58.0,-1873.0,1079.0,-606.0,,627.0
132.0,-105.0,,89.0,-67.0,-2058.0,363.0,-633.0,,736.0
-122.0,50.0,,32.0,-76.0,-2418.0,-876.0,-921.0,,844.0
114.0,12.0,,33.0,-117.0,-2355.0,-1322.0,-944.0,,934.0
-250.0,-44.0,,-31.0,-214.0,-2045.0,-274.0,-1265.0,,982.0
121.0,-119.0,,20.0,-246.0,-2196.0,745.0,-1284.0,,983.0
-416.0,-198.0,,-72.0,-251.0,-2472.0,780.0,-1247.0,,933.0
-93.0,-275.0,,-238.0,-271.0,-2497.0,582.0,-1193.0,,844.0
-342.0,-398.0,,-204.0,-249.0,-2394.0,149.0,-881.0,,740.0
-199.0,-372.0,,-141.0,-249.0,-2305.0,-242.0,-886.0,,631.0
-199.0,-223.0,,-166.0,-269.0,-2131.0,-403.0,-731.0,,527.0
-446.0,-31.0,,-276.0,-232.0,-1874.0,-529.0,-992.0,,429.0
-110.0,-13.0,,-386.0,-231.0,-1650.0,108.0,-1189.0,,362.0
-496.0,7.0,,-337.0,-267.0,-1467.0,978.0,-1306.0,,344.0
-130.0,77.0,,-333.0,-258.0,-1346.0,741.0,-1498.0,,359.0
-604.0,20.0,,-442.0,-242.0,-1346.0,171.0,-1304.0,,409.0
-315.0,98.0,,-486.0,-195.0,-1330.0,-83.0,-1437.0,,514.0
-509.0,-9.0,,-505.0,-123.0,-1088.0,-480.0,-1345.0,,644.0
-556.0,-291.0,,-570.0,-88.0,-863.0,-931.0,-1422.0,,787.0
-528.0,-420.0,,-591.0,-31.0,-820.0,-821.0,-1563.0,,942.0
-761.0,-375.0,,-521.0,1.0,-807.0,221.0,-1566.0,,1088.0
-401.0,-257.0,,-524.0,-37.0,-646.0,638.0,-1771.0,,1230.0
-776.0,-129.0,,-466.0,-40.0,-496.0,265.0,-1622.0,,1352.0
-428.0,100.0,,-459.0,-56.0,-639.0,313.0,-1701.0,,1463.0
-732.0,292.0,,-505.0,-100.0,-953.0,3.0,-1576.0,,1572.0
-473.0,313.0,,-514.0,-66.0,-994.0,-616.0,-1535.0,,1651.0
-550.0,175.0,,-545.0,-21.0,-704.0,-741.0,-1640.0,,1701.0
-597.0,141.0,,-556.0,33.0,-473.0,-465.0,-1415.0,,1713.0
-411.0,252.0,,-561.0,135.0,-300.0,-109.0,-1480.0,,1676.0
-630.0,236.0,,-487.0,176.0,-177.0,144.0,-1315.0,,1597.0
-270.0,51.0,,-441.0,172.0,-106.0,104.0,-1378.0,,1479.0
-529.0,-76.0,,-349.0,186.0,47.0,-268.0,-1428.0,,1330.0
-222.0,-84.0,,-380.0,161.0,352.0,-640.0,-1356.0,,1166.0
-422.0,-120.0,,-435.0,138.0,471.0,-553.0,-1452.0,,1003.0
-292.0,-275.0,,-417.0,127.0,579.0,-121.0,-1247.0,,854.0
-244.0,-340.0,,-467.0,85.0,915.0,185.0,-1431.0,,724.0
-325.0,-193.0,,-467.0,88.0,945.0,32.0,-1485.0,,618.0
-88.0,-86.0,,-458.0,90.0,736.0,-756.0,-1679.0,,529.0
-342.0,-33.0,,-377.0,37.0,515.0,-959.0,-1940.0,,462.0
-32.0,30.0,,-360.0,32.0,562.0,-38.0,-1897.0,,419.0
-194.0,191.0,,-307.0,38.0,603.0,363.0,-2141.0,,388.0
-12.0,282.0,,-188.0,34.0,273.0,-470.0,-1958.0,,360.0
-113.0,300.0,,-110.0,79.0,34.0,-987.0,-1901.0,,330.0
-101.0,355.0,,10.0,89.0,102.0,-604.0,-1699.0,,291.0
-10.0,410.0,,24.0,86.0,396.0,-574.0,-1443.0,,239.0
-240.0,423.0,,-101.0,132.0,759.0,-633.0,-1526.0,,168.0
-38.0,234.0,,-176.0,142.0,927.0,-274.0,-1335.0,,82.0
-302.0,141.0,,-241.0,159.0,1014.0,22.0,-1345.0,,-5.0
-121.0,171.0,,-301.0,202.0,1288.0,-207.0,-1119.0,,-105.0
-250.0,134.0,,-285.0,161.0,1345.0,-953.0,-1128.0,,-214.0
-236.0,-26.0,,-458.0,94.0,1272.0,-790.0,-1210.0,,-322.0
-269.0,-103.0,,-576.0,57.0,1261.0,-44.0,-1191.0,,-446.0
-348.0,-70.0,,-634.0,13.0,1153.0,-599.0,-1483.0,,-578.0
-196.0,-226.0,,-657.0,24.0,1079.0,-1294.0,-1507.0,,-710.0
-458.0,-379.0,,-543.0,55.0,1199.0,-903.0,-1790.0,,-825.0
-310.0,-572.0,,-553.0,38.0,1285.0,-196.0,-1810.0,,-914.0
-478.0,-722.0,,-505.0,55.0,984.0,81.0,-1723.0,,-991.0
-330.0,-810.0,,-483.0,76.0,829.0,-612.0,-1659.0,,-1039.0
-437.0,-937.0,,-487.0,54.0,930.0,-1089.0,-1376.0,,-1045.0
-495.0,-761.0,,-451.0,17.0,899.0,-631.0,-1444.0,,-1015.0
-430.0,-458.0,,-429.0,-95.0,592.0,-243.0,-1322.0,,-959.0
-557.0,-191.0,,-382.0,-236.0,276.0,-402.0,-1481.0,,-890.0
-323.0,113.0,,-353.0,-311.0,307.0,-600.0,-1526.0,,-811.0
-607.0,383.0,,-317.0,-385.0,400.0,-295.0,-1352.0,,-738.0
-486.0,594.0,,-284.0,-424.0,486.0,-601.0,-1350.0,,-679.0
-561.0,642.0,,-256.0,-404.0,626.0,-1069.0,-1077.0,,-623.0
-469.0,605.0,,-236.0,-414.0,713.0,-502.0,-1151.0,,-564.0
-459.0,456.0,,-203.0,-403.0,667.0,-180.0,-1106.0,,-502.0
-636.0,236.0,,-242.0,-376.0,557.0,-611.0,-1212.0,,-434.0
-449.0,73.0,,-317.0,-394.0,619.0,-1089.0,-1400.0,,-351.0
-675.0,-21.0,,-337.0,-376.0,695.0,-993.0,-1350.0,,-270.0
-562.0,-119.0,,-429.0,-344.0,625.0,-408.0,-1494.0,,-191.0
-751.0,-130.0,,-536.0,-315.0,590.0,-322.0,-1184.0,,-112.0
-726.0,7.0,,-487.0,-211.0,473.0,-803.0,-1106.0,,-19.0
-660.0,30.0,,-409.0,-97.0,226.0,-824.0,-936.0,,104.0
-780.0,173.0,,-309.0,-27.0,50.0,-322.0,-702.0,,235.0
-636.0,220.0,,-125.0,31.0,73.0,-241.0,-787.0,,377.0
-832.0,87.0,,-67.0,31.0,172.0,-671.0,-646.0,,526.0
-667.0,20.0,,-20.0,14.0,46.0,-634.0,-855.0,,666.0
-708.0,-253.0,,62.0,44.0,-81.0,-416.0,-752.0,,795.0
-726.0,-597.0,,96.0,40.0,1.0,-880.0,-596.0,,900.0
-678.0,-827.0,,169.0,28.0,20.0,-1000.0,-402.0,,962.0
-779.0,-974.0,,218.0,31.0,-179.0,-400.0,-145.0,,980.0
-536.0,-1101.0,,168.0,-10.0,-308.0,-42.0,-290.0,,942.0
-660.0,-1098.0,,107.0,-10.0,-86.0,-230.0,-134.0,,845.0
-574.0,-958.0,,100.0,25.0,216.0,-309.0,-260.0,,714.0
-551.0,-734.0,,71.0,42.0,94.0,-97.0,-256.0,,546.0
-527.0,-504.0,,70.0,117.0,-224.0,-392.0,-264.0,,362.0
-307.0,-265.0,,28.0,191.0,-391.0,-1035.0,-358.0,,173.0
-444.0,26.0,,-20.0,211.0,-549.0,-807.0,-199.0,,-15.0
-291.0,295.0,,20.0,242.0,-715.0,257.0,-376.0,,-190.0
-401.0,503.0,,28.0,248.0,-860.0,435.0,-219.0,,-349.0
-215.0,522.0,,18.0,225.0,-985.0,-471.0,-242.0,,-473.0
-175.0,556.0,,29.0,209.0,-1069.0,-879.0,-192.0,,-573.0
-316.0,593.0,,79.0,123.0,-977.0,-301.0,-31.0,,-642.0
-77.0,450.0,,82.0,37.0,-775.0,16.0,-155.0,,-671.0
-247.0,300.0,,38.0,13.0,-538.0,-585.0,-24.0,,-699.0
23.0,187.0,,30.0,-61.0,-179.0,-1092.0,-282.0,,-715.0
-155.0,-68.0,,63.0,-130.0,293.0,-715.0,-282.0,,-724.0
-56.0,-279.0,,121.0,-136.0,823.0,-91.0,-279.0,,-746.0
-13.0,-417.0,,176.0,-132.0,1046.0,95.0,-323.0,,-766.0
-150.0,-578.0,,206.0,-64.0,974.0,79.0,-107.0,,-777.0
92.0,-542.0,,151.0,17.0,862.0,-173.0,-284.0,,-781.0
-200.0,-525.0,,22.0,49.0,728.0,-544.0,-240.0,,-770.0
87.0,-455.0,,-74.0,109.0,534.0,-774.0,-423.0,,-718.0
-169.0,-150.0,,-104.0,163.0,62.0,-839.0,-500.0,,-644.0
-7.0,82.0,,-177.0,188.0,-497.0,-528.0,-458.0,,-561.0
-96.0,276.0,,-252.0,225.0,-784.0,-98.0,-533.0,,-459.0
-201.0,521.0,,-276.0,198.0,-820.0,-188.0,-308.0,,-358.0
32.0,727.0,,-306.0,152.0,-747.0,-551.0,-349.0,,-265.0
-216.0,967.0,,-331.0,150.0,-712.0,-458.0,-138.0,,-198.0
51.0,959.0,,-299.0,81.0,-777.0,-55.0,-110.0,,-123.0
-245.0,793.0,,-280.0,18.0,-694.0,35.0,-92.0,,-33.0
62.0,695.0,,-322.0,26.0,-265.0,-626.0,125.0,,43.0
-207.0,405.0,,-335.0,15.0,-18.0,-856.0,60.0,,121.0
-8.0,150.0,,-377.0,41.0,-2.0,42.0,240.0,,202.0
44.0,-44.0,,-450.0,82.0,93.0,419.0,149.0,,276.0
-133.0,-217.0,,-401.0,64.0,239.0,-6.0,271.0,,329.0
78.0,-310.0,,-325.0,63.0,473.0,-115.0,410.0,,359.0
-200.0,-448.0,,-392.0,27.0,580.0,4.0,356.0,,364.0
192.0,-450.0,,-489.0,-48.0,602.0,-54.0,434.0,,338.0
-214.0,-256.0,,-505.0,-51.0,358.0,-24.0,175.0,,267.0
-4.0,-89.0,,-557.0,-48.0,-64.0,215.0,225.0,,161.0
-301.0,-83.0,,-685.0,-40.0,-327.0,479.0,140.0,,31.0
-149.0,-69.0,,-826.0,14.0,-638.0,285.0,138.0,,-126.0
-205.0,-34.0,,-911.0,5.0,-1030.0,-196.0,266.0,,-298.0
-512.0,-58.0,,-1013.0,-28.0,-1245.0,-157.0,179.0,,-460.0
-382.0,-62.0,,-1031.0,-52.0,-937.0,476.0,369.0,,-595.0
-715.0,-140.0,,-957.0,-129.0,-618.0,937.0,273.0,,-706.0
-317.0,-255.0,,-993.0,-162.0,-573.0,462.0,413.0,,-789.0
-792.0,-383.0,,-806.0,-163.0,-444.0,104.0,509.0,,-850.0
-550.0,-488.0,,-612.0,-209.0,-312.0,425.0,506.0,,-903.0
-733.0,-376.0,,-588.0,-215.0,-315.0,428.0,711.0,,-959.0
-555.0,-206.0,,-474.0,-226.0,-482.0,288.0,642.0,,-1025.0
-543.0,-96.0,,-352.0,-249.0,-559.0,349.0,798.0,,-1107.0
-719.0,-2.0,,-301.0,-205.0,-488.0,551.0,654.0,,-1194.0
-482.0,57.0,,-308.0,-170.0,-684.0,818.0,618.0,,-1295.0
-648.0,42.0,,-204.0,-140.0,-1233.0,796.0,679.0,,-1384.0
-209.0,-55.0,,-196.0,-85.0,-1568.0,697.0,585.0,,-1444.0
-595.0,-147.0,,-119.0,-74.0,-1427.0,816.0,709.0,,-1490.0
-302.0,-222.0,,17.0,-30.0,-1306.0,568.0,454.0,,-1499.0
-352.0,-343.0,,-7.0,47.0,-1372.0,152.0,469.0,,-1489.0
-116.0,-523.0,,76.0,49.0,-1333.0,487.0,439.0,,-1470.0
-102.0,-628.0,,138.0,70.0,-1034.0,1076.0,495.0,,-1443.0
-222.0,-561.0,,243.0,85.0,-684.0,1132.0,761.0,,-1413.0
124.0,-493.0,,290.0,37.0,-651.0,743.0,685.0,,-1378.0
-14.0,-376.0,,266.0,30.0,-608.0,564.0,807.0,,-1342.0
342.0,-99.0,,323.0,6.0,-427.0,791.0,572.0,,-1300.0
81.0,102.0,,325.0,-47.0,-266.0,895.0,413.0,,-1255.0
310.0,277.0,,329.0,-73.0,47.0,774.0,312.0,,-1200.0
344.0,433.0,,352.0,-147.0,98.0,702.0,234.0,,-1130.0
433.0,562.0,,433.0,-184.0,-405.0,891.0,497.0,,-1054.0
539.0,646.0,,499.0,-135.0,-1076.0,900.0,469.0,,-971.0
418.0,601.0,,433.0,-115.0,-1212.0,576.0,569.0,,-862.0
592.0,515.0,,422.0,-75.0,-878.0,529.0,325.0,,-735.0
598.0,480.0,,557.0,-17.0,-950.0,663.0,162.0,,-614.0
831.0,560.0,,548.0,-18.0,-1275.0,664.0,151.0,,-495.0
682.0,292.0,,584.0,8.0,-1039.0,809.0,-16.0,,-382.0
808.0,-48.0,,660.0,40.0,-313.0,1193.0,290.0,,-277.0
882.0,-151.0,,603.0,33.0,125.0,1249.0,376.0,,-176.0
981.0,-294.0,,677.0,71.0,201.0,662.0,678.0,,-88.0
1031.0,-272.0,,696.0,69.0,313.0,152.0,886.0,,8.0
966.0,-241.0,,678.0,48.0,342.0,493.0,877.0,,110.0
1038.0,-276.0,,652.0,102.0,170.0,1076.0,977.0,,193.0
1022.0,-241.0,,592.0,108.0,-105.0,959.0,788.0,,258.0
1191.0,-178.0,,494.0,106.0,-484.0,549.0,907.0,,312.0
976.0,-128.0,,400.0,120.0,-876.0,530.0,868.0,,356.0
983.0,19.0,,385.0,62.0,-1118.0,554.0,1069.0,,374.0
990.0,112.0,,351.0,42.0,-1139.0,420.0,1328.0,,374.0
1019.0,20.0,,330.0,35.0,-1064.0,677.0,1260.0,,368.0
1028.0,-37.0,,280.0,-7.0,-1124.0,875.0,1363.0,,351.0
858.0,-121.0,,297.0,25.0,-975.0,571.0,1071.0,,333.0
947.0,3.0,,205.0,70.0,-388.0,406.0,1025.0,,329.0
893.0,155.0,,115.0,97.0,-75.0,561.0,934.0,,346.0
942.0,73.0,,131.0,183.0,-162.0,807.0,881.0,,365.0
751.0,-6.0,,29.0,224.0,2.0,721.0,1056.0,,363.0
752.0,-182.0,,51.0,215.0,465.0,386.0,1014.0,,330.0
842.0,-346.0,,109.0,222.0,684.0,397.0,1178.0,,254.0
845.0,-413.0,,3.0,152.0,576.0,651.0,1001.0,,134.0
765.0,-248.0,,-71.0,75.0,641.0,840.0,1090.0,,6.0
589.0,-14.0,,-38.0,49.0,777.0,745.0,1213.0,,-136.0
725.0,23.0,,-93.0,-7.0,684.0,547.0,1217.0,,-291.0
632.0,79.0,,-135.0,-32.0,429.0,514.0,1431.0,,-436.0
613.0,146.0,,-203.0,-61.0,239.0,489.0,1252.0,,-576.0
420.0,284.0,,-291.0,-122.0,251.0,579.0,1407.0,,-680.0
409.0,439.0,,-234.0,-104.0,126.0,838.0,1369.0,,-770.0
431.0,574.0,,-273.0,-126.0,-121.0,983.0,1287.0,,-860.0
324.0,607.0,,-248.0,-189.0,-275.0,794.0,1226.0,,-924.0
282.0,544.0,,-174.0,-178.0,-303.0,406.0,947.0,,-974.0
109.0,414.0,,-197.0,-194.0,-301.0,196.0,1034.0,,-1010.0
162.0,105.0,,-110.0,-167.0,-263.0,497.0,861.0,,-1025.0
84.0,70.0,,-62.0,-69.0,-33.0,983.0,964.0,,-1005.0
75.0,135.0,,-124.0,-22.0,25.0,1090.0,1010.0,,-970.0
-54.0,110.0,,-107.0,57.0,-194.0,946.0,1021.0,,-914.0
-62.0,173.0,,-104.0,112.0,-110.0,660.0,1197.0,,-849.0
-77.0,185.0,,-136.0,56.0,198.0,519.0,1023.0,,-782.0
-110.0,246.0,,-73.0,25.0,139.0,652.0,1204.0,,-709.0
-43.0,309.0,,-72.0,-9.0,-4.0,830.0,1176.0,,-648.0
-96.0,284.0,,-78.0,-54.0,131.0,914.0,1322.0,,-587.0
-57.0,199.0,,-32.0,-11.0,321.0,723.0,1537.0,,-538.0
-128.0,186.0,,14.0,7.0,302.0,690.0,1516.0,,-479.0
-62.0,189.0,,38.0,20.0,25.0,855.0,1760.0,,-425.0
-149.0,196.0,,27.0,83.0,-146.0,851.0,1648.0,,-388.0
-172.0,243.0,,116.0,72.0,10.0,707.0,1742.0,,-348.0
-135.0,163.0,,175.0,69.0,60.0,620.0,1664.0,,-335.0
-140.0,-55.0,,197.0,88.0,-236.0,684.0,1572.0,,-347.0
-110.0,-296.0,,296.0,50.0,-466.0,803.0,1620.0,,-382.0
-172.0,-278.0,,381.0,79.0,-329.0,1081.0,1407.0,,-414.0
-94.0,-209.0,,393.0,130.0,57.0,1034.0,1498.0,,-434.0
-72.0,-148.0,,488.0,133.0,239.0,730.0,1271.0,,-439.0
22.0,-66.0,,633.0,191.0,358.0,589.0,1249.0,,-406.0
3.0,-31.0,,655.0,206.0,713.0,599.0,1212.0,,-353.0
-47.0,91.0,,753.0,172.0,1046.0,844.0,1119.0,,-276.0
-16.0,8.0,,758.0,171.0,1373.0,881.0,1395.0,,-203.0
66.0,-78.0,,596.0,91.0,1425.0,831.0,1358.0,,-138.0
165.0,-36.0,,538.0,53.0,1126.0,747.0,1553.0,,-75.0
48.0,-59.0,,420.0,106.0,1120.0,658.0,1526.0,,-31.0
130.0,-167.0,,242.0,77.0,1231.0,796.0,1607.0,,0.0
249.0,-155.0,,153.0,50.0,1110.0,740.0,1764.0,,11.0
280.0,61.0,,141.0,15.0,970.0,691.0,1681.0,,26.0
243.0,243.0,,170.0,-75.0,857.0,869.0,1903.0,,55.0
228.0,448.0,,126.0,-101.0,937.0,967.0,1810.0,,94.0
332.0,523.0,,65.0,-153.0,884.0,804.0,1927.0,,158.0
295.0,576.0,,94.0,-224.0,586.0,493.0,1851.0,,232.0
329.0,645.0,,80.0,-196.0,419.0,497.0,1696.0,,306.0
262.0,613.0,,51.0,-160.0,408.0,861.0,1783.0,,362.0
277.0,628.0,,20.0,-89.0,458.0,975.0,1661.0,,409.0
323.0,481.0,,3.0,34.0,319.0,835.0,1904.0,,441.0
254.0,87.0,,18.0,91.0,146.0,816.0,1856.0,,434.0
234.0,-246.0,,-2.0,172.0,-110.0,696.0,1938.0,,393.0
155.0,-373.0,,10.0,249.0,-371.0,567.0,1988.0,,323.0
295.0,-513.0,,-48.0,232.0,-468.0,551.0,1795.0,,233.0
266.0,-578.0,,-103.0,231.0,-434.0,675.0,1879.0,,125.0
161.0,-501.0,,-166.0,183.0,-400.0,910.0,1648.0,,9.0
154.0,-373.0,,-236.0,111.0,-527.0,787.0,1722.0,,-114.0
121.0,-233.0,,-248.0,147.0,-419.0,598.0,1675.0,,-240.0
164.0,-65.0,,-241.0,150.0,-424.0,720.0,1640.0,,-342.0
113.0,193.0,,-163.0,119.0,-586.0,721.0,1714.0,,-419.0
72.0,401.0,,-179.0,102.0,-532.0,504.0,1459.0,,-458.0
20.0,563.0,,-173.0,8.0,-258.0,241.0,1485.0,,-475.0
84.0,509.0,,-51.0,-21.0,12.0,277.0,1265.0,,-481.0
180.0,324.0,,-48.0,1.0,62.0,749.0,1315.0,,-478.0
113.0,266.0,,-65.0,-48.0,161.0,863.0,1428.0,,-471.0
135.0,205.0,,-13.0,-55.0,114.0,689.0,1430.0,,-454.0
240.0,122.0,,-5.0,-75.0,-64.0,699.0,1638.0,,-436.0
339.0,-25.0,,-21.0,-125.0,-164.0,479.0,1520.0,,-400.0
357.0,-130.0,,-58.0,-85.0,-224.0,203.0,1631.0,,-333.0
313.0,-242.0,,-86.0,-81.0,-402.0,254.0,1494.0,,-247.0
430.0,-437.0,,-130.0,-95.0,-730.0,555.0,1385.0,,-152.0
467.0,-386.0,,-231.0,-63.0,-978.0,780.0,1385.0,,-59.0
518.0,-137.0,,-370.0,-99.0,-991.0,616.0,1265.0,,11.0
510.0,2.0,,-438.0,-99.0,-802.0,330.0,1518.0,,50.0
438.0,-32.0,,-465.0,-54.0,-785.0,394.0,1437.0,,38.0
499.0,22.0,,-592.0,-77.0,-630.0,493.0,1511.0,,-17.0
500.0,135.0,,-633.0,-52.0,-78.0,462.0,1485.0,,-101.0
527.0,126.0,,-559.0,-36.0,338.0,557.0,1356.0,,-205.0
407.0,121.0,,-529.0,-70.0,449.0,544.0,1404.0,,-294.0
477.0,46.0,,-489.0,-48.0,633.0,506.0,1149.0,,-378.0
541.0,-73.0,,-419.0,-70.0,922.0,410.0,1236.0,,-444.0
461.0,-168.0,,-328.0,-82.0,976.0,341.0,1125.0,,-464.0
437.0,-213.0,,-214.0,10.0,871.0,421.0,1128.0,,-449.0
396.0,-219.0,,-211.0,72.0,704.0,350.0,1199.0,,-418.0
472.0,-65.0,,-186.0,131.0,669.0,361.0,1079.0,,-389.0
403.0,109.0,,-55.0,179.0,723.0,381.0,1206.0,,-349.0
372.0,-15.0,,45.0,120.0,536.0,243.0,1038.0,,-322.0
265.0,-31.0,,101.0,84.0,375.0,134.0,1136.0,,-312.0
272.0,64.0,,148.0,51.0,265.0,186.0,1053.0,,-303.0
295.0,0.0,,116.0,-15.0,69.0,336.0,999.0,,-311.0
149.0,55.0,,31.0,0.0,3.0,300.0,1060.0,,-331.0
78.0,272.0,,1.0,-8.0,-25.0,82.0,753.0,,-358.0
43.0,409.0,,-72.0,-21.0,-90.0,12.0,785.0,,-395.0
138.0,456.0,,-206.0,34.0,-136.0,78.0,519.0,,-429.0
34.0,387.0,,-340.0,39.0,-323.0,-81.0,369.0,,-460.0
-15.0,298.0,,-395.0,52.0,-531.0,-204.0,219.0,,-501.0
-14.0,336.0,,-508.0,96.0,-471.0,-137.0,-27.0,,-543.0
8.0,220.0,,-614.0,64.0,-173.0,-161.0,16.0,,-585.0
56.0,-36.0,,-636.0,53.0,110.0,-209.0,-144.0,,-634.0
10.0,-258.0,,-785.0,61.0,137.0,-146.0,31.0,,-680.0
5.0,-404.0,,-825.0,45.0,16.0,-39.0,18.0,,-720.0
-10.0,-413.0,,-813.0,89.0,152.0,-69.0,14.0,,-752.0
71.0,-521.0,,-778.0,76.0,467.0,-81.0,25.0,,-773.0
-12.0,-607.0,,-752.0,43.0,479.0,-138.0,-192.0,,-797.0
-42.0,-330.0,,-762.0,92.0,427.0,-425.0,-75.0,,-814.0
-54.0,-171.0,,-692.0,94.0,721.0,-439.0,-182.0,,-829.0
-52.0,-150.0,,-711.0,96.0,1010.0,-123.0,-27.0,,-833.0
-89.0,-10.0,,-595.0,127.0,1151.0,84.0,25.0,,-813.0
-226.0,95.0,,-510.0,102.0,1208.0,-48.0,-12.0,,-780.0
-169.0,224.0,,-526.0,120.0,1126.0,-306.0,157.0,,-728.0
-247.0,147.0,,-482.0,152.0,1193.0,-277.0,-5.0,,-669.0
-298.0,101.0,,-455.0,117.0,1475.0,-227.0,57.0,,-602.0
-390.0,240.0,,-415.0,109.0,1650.0,-183.0,-147.0,,-523.0
-412.0,273.0,,-437.0,74.0,1531.0,-66.0,-238.0,,-443.0
-431.0,95.0,,-469.0,13.0,1324.0,-89.0,-208.0,,-368.0
-467.0,-1.0,,-503.0,3.0,1327.0,-39.0,-315.0,,-289.0
-509.0,143.0,,-529.0,-39.0,1361.0,-22.0,-194.0,,-188.0
-693.0,132.0,,-513.0,-49.0,1170.0,-249.0,-450.0,,-84.0
-601.0,296.0,,-474.0,-15.0,1072.0,-329.0,-509.0,,24.0
-571.0,537.0,,-425.0,-33.0,1223.0,-145.0,-726.0,,125.0
-575.0,540.0,,-399.0,-6.0,1496.0,23.0,-910.0,,197.0
-634.0,471.0,,-327.0,1.0,1852.0,63.0,-851.0,,237.0
-560.0,260.0,,-249.0,-80.0,2093.0,-3.0,-992.0,,254.0
-483.0,13.0,,-390.0,-115.0,2299.0,-43.0,-763.0,,245.0
-552.0,-169.0,,-456.0,-146.0,2468.0,-202.0,-792.0,,220.0
-453.0,-362.0,,-377.0,-167.0,2556.0,-388.0,-707.0,,185.0
-472.0,-523.0,,-387.0,-115.0,2675.0,-84.0,-659.0,,141.0
-419.0,-474.0,,-418.0,-114.0,2641.0,422.0,-764.0,,115.0
-452.0,-515.0,,-465.0,-128.0,2486.0,565.0,-652.0,,101.0
-418.0,-550.0,,-449.0,-132.0,2366.0,296.0,-759.0,,93.0
-427.0,-515.0,,-394.0,-176.0,2346.0,-88.0,-513.0,,98.0
-480.0,-537.0,,-311.0,-125.0,2299.0,-154.0,-521.0,,115.0
-422.0,-324.0,,-307.0,-36.0,2280.0,85.0,-530.0,,150.0
-521.0,-251.0,,-404.0,4.0,2301.0,168.0,-482.0,,196.0
-551.0,-277.0,,-432.0,70.0,2176.0,31.0,-716.0,,230.0
-540.0,-38.0,,-351.0,57.0,2138.0,51.0,-702.0,,254.0
-526.0,149.0,,-300.0,0.0,2027.0,163.0,-1062.0,,269.0
-596.0,199.0,,-410.0,3.0,1862.0,34.0,-1119.0,,257.0
-599.0,393.0,,-380.0,-18.0,1890.0,-19.0,-1067.0,,219.0
-575.0,545.0,,-223.0,3.0,1905.0,221.0,-997.0,,158.0
-576.0,545.0,,-294.0,50.0,1846.0,282.0,-689.0,,85.0
-538.0,417.0,,-283.0,28.0,1774.0,-9.0,-790.0,,10.0
-509.0,242.0,,-174.0,52.0,1907.0,-262.0,-716.0,,-54.0
-478.0,319.0,,-191.0,58.0,2210.0,-170.0,-905.0,,-94.0
-460.0,315.0,,-193.0,-2.0,2229.0,64.0,-970.0,,-102.0
-368.0,138.0,,-112.0,-7.0,1879.0,189.0,-984.0,,-87.0
-315.0,117.0,,22.0,-10.0,1647.0,130.0,-1210.0,,-47.0
-272.0,329.0,,-36.0,19.0,1629.0,-53.0,-1160.0,,0.0
-237.0,255.0,,-132.0,103.0,1423.0,-182.0,-1433.0,,29.0
-182.0,-95.0,,-172.0,86.0,965.0,-239.0,-1407.0,,63.0
-124.0,-205.0,,-202.0,73.0,644.0,-148.0,-1472.0,,89.0
-86.0,-194.0,,-272.0,99.0,661.0,75.0,-1552.0,,118.0
-52.0,-131.0,,-439.0,54.0,713.0,144.0,-1407.0,,162.0
-16.0,-306.0,,-397.0,53.0,757.0,-253.0,-1559.0,,208.0
-26.0,-316.0,,-328.0,53.0,901.0,-652.0,-1480.0,,266.0
33.0,-38.0,,-459.0,24.0,1116.0,-353.0,-1620.0,,325.0
31.0,-105.0,,-503.0,88.0,1409.0,43.0,-1500.0,,370.0
-28.0,-366.0,,-504.0,123.0,1519.0,-47.0,-1339.0,,400.0
44.0,-425.0,,-627.0,132.0,1305.0,-451.0,-1324.0,,402.0
-8.0,-235.0,,-552.0,195.0,907.0,-617.0,-1141.0,,376.0
82.0,-257.0,,-498.0,166.0,423.0,-364.0,-1346.0,,331.0
66.0,-431.0,,-562.0,121.0,91.0,-328.0,-1260.0,,276.0
86.0,-524.0,,-516.0,116.0,-150.0,-365.0,-1337.0,,221.0
74.0,-406.0,,-537.0,93.0,-468.0,-266.0,-1326.0,,194.0
51.0,-267.0,,-474.0,148.0,-774.0,-325.0,-1232.0,,198.0
129.0,-319.0,,-398.0,157.0,-984.0,-553.0,-1491.0,,239.0
-51.0,-193.0,,-346.0,72.0,-871.0,-777.0,-1454.0,,315.0
73.0,96.0,,-297.0,56.0,-578.0,-598.0,-1731.0,,422.0
17.0,448.0,,-375.0,15.0,-503.0,-327.0,-1746.0,,541.0
110.0,752.0,,-387.0,-35.0,-468.0,-492.0,-1759.0,,642.0
9.0,956.0,,-335.0,-39.0,-142.0,-815.0,-1821.0,,714.0
-64.0,1122.0,,-186.0,-118.0,152.0,-840.0,-1489.0,,725.0
146.0,1148.0,,-127.0,-149.0,-87.0,-587.0,-1426.0,,701.0
-49.0,831.0,,-158.0,-115.0,-732.0,-568.0,-1199.0,,638.0
99.0,507.0,,-67.0,-171.0,-974.0,-854.0,-1280.0,,554.0
-135.0,468.0,,-83.0,-191.0,-831.0,-893.0,-1256.0,,469.0
-120.0,389.0,,-24.0,-179.0,-951.0,-652.0,-1182.0,,367.0
-111.0,289.0,,100.0,-184.0,-1252.0,-683.0,-1363.0,,292.0
-209.0,217.0,,76.0,-102.0,-1418.0,-773.0,-1282.0,,227.0
-151.0,84.0,,19.0,-69.0,-1315.0,-644.0,-1553.0,,186.0
-394.0,-6.0,,15.0,-78.0,-1293.0,-698.0,-1589.0,,158.0
-193.0,-85.0,,74.0,-3.0,-1398.0,-959.0,-1808.0,,126.0
-303.0,-210.0,,107.0,28.0,-1276.0,-1116.0,-2098.0,,88.0
-270.0,-152.0,,88.0,52.0,-861.0,-906.0,-2104.0,,20.0
-323.0,-124.0,,109.0,60.0,-473.0,-533.0,-2315.0,,-62.0
-347.0,-200.0,,148.0,-4.0,-367.0,-508.0,-2123.0,,-168.0
-222.0,-240.0,,202.0,27.0,-376.0,-862.0,-2159.0,,-270.0
-297.0,-226.0,,237.0,89.0,-397.0,-1188.0,-2098.0,,-371.0
-217.0,-150.0,,337.0,77.0,-372.0,-1104.0,-2013.0,,-463.0
-329.0,-307.0,,417.0,101.0,-502.0,-842.0,-2030.0,,-534.0
-155.0,-297.0,,439.0,66.0,-638.0,-845.0,-1747.0,,-596.0
-163.0,-166.0,,662.0,1.0,-700.0,-818.0,-1779.0,,-630.0
-160.0,-118.0,,702.0,7.0,-789.0,-580.0,-1559.0,,-653.0
-150.0,3.0,,717.0,-49.0,-677.0,-787.0,-1531.0,,-658.0
-132.0,143.0,,754.0,-90.0,-641.0,-1262.0,-1467.0,,-658.0
31.0,391.0,,709.0,-79.0,-549.0,-1107.0,-1254.0,,-657.0
-69.0,352.0,,695.0,-122.0,-338.0,-599.0,-1326.0,,-646.0
-48.0,140.0,,601.0,-95.0,-133.0,-500.0,-1143.0,,-637.0
-44.0,61.0,,637.0,-36.0,12.0,-1000.0,-1302.0,,-614.0
-8.0,-82.0,,602.0,-22.0,-60.0,-1360.0,-1352.0,,-584.0
-72.0,-285.0,,642.0,23.0,0.0,-885.0,-1461.0,,-522.0
-78.0,-308.0,,656.0,-18.0,146.0,-420.0,-1640.0,,-423.0
-27.0,-70.0,,532.0,-101.0,377.0,-607.0,-1557.0,,-308.0
-105.0,42.0,,489.0,-98.0,545.0,-962.0,-1686.0,,-177.0
-58.0,-112.0,,536.0,-122.0,608.0,-1023.0,-1424.0,,-48.0
-64.0,-279.0,,616.0,-98.0,659.0,-830.0,-1334.0,,71.0
-150.0,-387.0,,587.0,-32.0,525.0,-871.0,-1206.0,,175.0
-146.0,-549.0,,625.0,-61.0,339.0,-1015.0,-1077.0,,280.0
-109.0,-718.0,,617.0,-59.0,101.0,-838.0,-1225.0,,375.0
-65.0,-750.0,,675.0,-52.0,31.0,-699.0,-1003.0,,449.0
-84.0,-589.0,,680.0,-113.0,-67.0,-948.0,-1029.0,,518.0
-105.0,-443.0,,614.0,-131.0,-253.0,-1111.0,-920.0,,579.0
-54.0,-591.0,,648.0,-175.0,-356.0,-777.0,-896.0,,624.0
-5.0,-660.0,,602.0,-210.0,-454.0,-439.0,-909.0,,650.0
58.0,-423.0,,605.0,-147.0,-511.0,-709.0,-816.0,,671.0
-32.0,-251.0,,640.0,-111.0,-534.0,-1290.0,-997.0,,671.0
1.0,-240.0,,716.0,-48.0,-450.0,-1259.0,-840.0,,656.0
25.0,-170.0,,635.0,39.0,-466.0,-743.0,-933.0,,627.0
58.0,119.0,,628.0,49.0,-438.0,-583.0,-853.0,,579.0
68.0,308.0,,688.0,83.0,-369.0,-761.0,-733.0,,534.0
-20.0,148.0,,611.0,110.0,-203.0,-972.0,-722.0,,462.0
78.0,141.0,,619.0,92.0,-105.0,-1101.0,-412.0,,365.0
53.0,377.0,,544.0,122.0,-206.0,-1153.0,-491.0,,258.0
51.0,360.0,,547.0,103.0,-164.0,-1151.0,-362.0,,138.0
-48.0,236.0,,596.0,57.0,-313.0,-893.0,-412.0,,14.0
-26.0,124.0,,570.0,99.0,-428.0,-541.0,-400.0,,-116.0
14.0,188.0,,521.0,106.0,-498.0,-573.0,-234.0,,-249.0
0.0,389.0,,566.0,109.0,-678.0,-1009.0,-317.0,,-380.0
58.0,181.0,,661.0,137.0,-739.0,-1487.0,-64.0,,-520.0
-64.0,69.0,,626.0,105.0,-689.0,-1478.0,-151.0,,-669.0
27.0,218.0,,588.0,109.0,-433.0,-942.0,-131.0,,-815.0
59.0,393.0,,531.0,82.0,-164.0,-569.0,-225.0,,-956.0
38.0,380.0,,505.0,-8.0,125.0,-750.0,-397.0,,-1095.0
-4.0,160.0,,572.0,-35.0,526.0,-1238.0,-230.0,,-1216.0
12.0,315.0,,638.0,-80.0,903.0,-1404.0,-365.0,,-1328.0
72.0,201.0,,653.0,-118.0,941.0,-1074.0,-240.0,,-1407.0
2.0,-197.0,,605.0,-73.0,800.0,-771.0,-360.0,,-1453.0
25.0,-302.0,,639.0,-49.0,804.0,-762.0,-443.0,,-1464.0
-57.0,-355.0,,726.0,-4.0,683.0,-866.0,-349.0,,-1423.0
-53.0,-357.0,,750.0,38.0,298.0,-1048.0,-410.0,,-1370.0
-71.0,-391.0,,812.0,-27.0,-31.0,-1231.0,-166.0,,-1301.0
-161.0,-330.0,,743.0,-47.0,15.0,-1015.0,-164.0,,-1231.0
-244.0,-51.0,,678.0,-9.0,223.0,-667.0,59.0,,-1177.0
-278.0,54.0,,722.0,-9.0,365.0,-595.0,131.0,,-1127.0
-276.0,-24.0,,739.0,18.0,432.0,-779.0,83.0,,-1085.0
-358.0,34.0,,692.0,5.0,541.0,-1249.0,225.0,,-1052.0
-339.0,50.0,,673.0,-22.0,713.0,-1472.0,162.0,,-1023.0
-370.0,32.0,,675.0,23.0,893.0,-1124.0,423.0,,-1004.0
-389.0,87.0,,527.0,21.0,1034.0,-817.0,362.0,,-1006.0
-338.0,154.0,,555.0,45.0,1049.0,-751.0,380.0,,-1022.0
-311.0,291.0,,512.0,137.0,907.0,-810.0,424.0,,-1063.0
-352.0,253.0,,443.0,137.0,792.0,-1006.0,290.0,,-1107.0
-322.0,170.0,,573.0,115.0,780.0,-1020.0,367.0,,-1148.0
-265.0,345.0,,581.0,102.0,546.0,-913.0,94.0,,-1167.0
-234.0,442.0,,532.0,41.0,200.0,-851.0,175.0,,-1160.0
-228.0,428.0,,460.0,27.0,109.0,-858.0,229.0,,-1140.0
-269.0,518.0,,508.0,29.0,347.0,-965.0,395.0,,-1072.0
-112.0,564.0,,602.0,28.0,446.0,-930.0,739.0,,-987.0
-82.0,533.0,,662.0,90.0,313.0,-866.0,790.0,,-887.0
-103.0,398.0,,650.0,111.0,354.0,-894.0,1097.0,,-761.0
-117.0,367.0,,605.0,92.0,632.0,-864.0,977.0,,-613.0
-55.0,452.0,,721.0,84.0,887.0,-662.0,960.0,,-445.0
29.0,364.0,,832.0,-1.0,896.0,-600.0,909.0,,-268.0
65.0,121.0,,854.0,-90.0,952.0,-819.0,829.0,,-75.0
157.0,19.0,,823.0,-133.0,1078.0,-796.0,1079.0,,108.0
69.0,201.0,,823.0,-196.0,1135.0,-671.0,914.0,,271.0
205.0,222.0,,870.0,-206.0,1167.0,-771.0,936.0,,415.0
257.0,-34.0,,961.0,-200.0,1049.0,-954.0,668.0,,544.0
229.0,-146.0,,959.0,-265.0,749.0,-1010.0,408.0,,636.0
263.0,-18.0,,766.0,-303.0,489.0,-806.0,336.0,,714.0
282.0,-216.0,,694.0,-323.0,358.0,-623.0,240.0,,778.0
406.0,-593.0,,636.0,-353.0,316.0,-682.0,559.0,,826.0
416.0,-574.0,,571.0,-298.0,85.0,-799.0,530.0,,879.0
489.0,-450.0,,625.0,-219.0,-209.0,-889.0,635.0,,920.0
463.0,-491.0,,566.0,-169.0,-156.0,-920.0,598.0,,950.0
491.0,-693.0,,461.0,-99.0,-14.0,-686.0,545.0,,962.0
521.0,-786.0,,466.0,-68.0,58.0,-494.0,733.0,,963.0
498.0,-567.0,,590.0,-30.0,55.0,-678.0,604.0,,940.0
449.0,-451.0,,567.0,37.0,273.0,-855.0,807.0,,911.0
363.0,-580.0,,456.0,18.0,515.0,-835.0,831.0,,881.0
486.0,-516.0,,535.0,-10.0,333.0,-724.0,1045.0,,850.0
464.0,-224.0,,525.0,9.0,-27.0,-542.0,1289.0,,821.0
418.0,11.0,,421.0,0.0,-258.0,-542.0,1202.0,,772.0
414.0,-92.0,,431.0,3.0,-462.0,-809.0,1298.0,,739.0
456.0,-255.0,,493.0,27.0,-938.0,-878.0,1067.0,,705.0
483.0,-102.0,,466.0,29.0,-1384.0,-713.0,1077.0,,677.0
437.0,-54.0,,363.0,52.0,-1542.0,-738.0,946.0,,660.0
479.0,-262.0,,380.0,60.0,-1381.0,-749.0,857.0,,649.0
417.0,-344.0,,330.0,8.0,-1256.0,-637.0,981.0,,645.0
456.0,-58.0,,186.0,-19.0,-1150.0,-595.0,848.0,,630.0
414.0,152.0,,203.0,-38.0,-889.0,-599.0,1032.0,,614.0
313.0,-100.0,,141.0,-67.0,-536.0,-739.0,849.0,,581.0
313.0,-262.0,,45.0,-45.0,-122.0,-785.0,833.0,,536.0
301.0,-44.0,,65.0,-32.0,58.0,-680.0,896.0,,483.0
290.0,109.0,,51.0,-20.0,160.0,-735.0,861.0,,445.0
179.0,102.0,,20.0,43.0,176.0,-810.0,1080.0,,420.0
176.0,140.0,,-6.0,80.0,235.0,-809.0,938.0,,407.0
157.0,366.0,,-36.0,109.0,209.0,-733.0,1060.0,,407.0
172.0,388.0,,-93.0,145.0,-29.0,-645.0,918.0,,404.0
94.0,154.0,,-118.0,94.0,-181.0,-771.0,892.0,,405.0
28.0,71.0,,-213.0,18.0,-119.0,-869.0,1112.0,,405.0
61.0,148.0,,-357.0,-27.0,27.0,-643.0,1043.0,,404.0
16.0,316.0,,-369.0,-76.0,-65.0,-539.0,1252.0,,401.0
95.0,252.0,,-314.0,-68.0,-105.0,-858.0,1082.0,,407.0
37.0,153.0,,-271.0,-37.0,13.0,-925.0,1099.0,,403.0
80.0,71.0,,-250.0,-48.0,198.0,-599.0,1097.0,,392.0
71.0,57.0,,-366.0,-38.0,208.0,-501.0,1025.0,,373.0
101.0,15.0,,-460.0,-30.0,145.0,-573.0,1202.0,,334.0
180.0,-98.0,,-280.0,-56.0,218.0,-660.0,1127.0,,282.0
140.0,-77.0,,-214.0,-44.0,296.0,-835.0,1413.0,,205.0
239.0,-209.0,,-114.0,-36.0,367.0,-799.0,1415.0,,131.0
144.0,-236.0,,26.0,-42.0,233.0,-547.0,1485.0,,63.0
212.0,-361.0,,-96.0,11.0,109.0,-484.0,1600.0,,-6.0
226.0,-425.0,,-131.0,43.0,18.0,-458.0,1452.0,,-62.0
232.0,-400.0,,-120.0,39.0,-2.0,-393.0,1513.0,,-89.0
311.0,-448.0,,-123.0,61.0,31.0,-516.0,1134.0,,-95.0
253.0,-358.0,,-127.0,28.0,0.0,-512.0,1031.0,,-83.0
361.0,-388.0,,-184.0,-27.0,87.0,-358.0,905.0,,-54.0
312.0,-433.0,,-214.0,-55.0,232.0,-386.0,792.0,,-14.0
386.0,-287.0,,-136.0,-140.0,298.0,-453.0,796.0,,12.0
386.0,-85.0,,-69.0,-212.0,179.0,-385.0,485.0,,13.0
342.0,-209.0,,-72.0,-225.0,137.0,-340.0,613.0,,6.0
440.0,-255.0,,-79.0,-230.0,231.0,-391.0,561.0,,-14.0
367.0,-160.0,,-128.0,-175.0,363.0,-286.0,718.0,,-29.0
430.0,1.0,,-112.0,-101.0,351.0,-87.0,868.0,,-30.0
367.0,125.0,,-15.0,-77.0,204.0,-84.0,825.0,,-31.0
365.0,-29.0,,-5.0,-40.0,167.0,-229.0,1014.0,,-31.0
345.0,110.0,,-69.0,-27.0,78.0,-364.0,820.0,,-43.0
228.0,260.0,,-79.0,-38.0,-39.0,-293.0,896.0,,-58.0
315.0,106.0,,-45.0,10.0,-116.0,-121.0,803.0,,-81.0
292.0,-85.0,,3.0,27.0,-20.0,-59.0,774.0,,-107.0
281.0,-146.0,,-89.0,33.0,31.0,21.0,890.0,,-129.0
234.0,-101.0,,-141.0,117.0,5.0,112.0,748.0,,-145.0
212.0,-190.0,,-110.0,166.0,230.0,152.0,903.0,,-130.0
274.0,-319.0,,-128.0,167.0,465.0,192.0,696.0,,-101.0
274.0,-234.0,,-183.0,157.0,587.0,102.0,622.0,,-92.0
282.0,-126.0,,-311.0,84.0,559.0,-43.0,519.0,,-82.0
261.0,-185.0,,-263.0,15.0,640.0,105.0,404.0,,-64.0
211.0,-259.0,,-144.0,-32.0,778.0,428.0,596.0,,-61.0
273.0,-323.0,,-72.0,-126.0,505.0,484.0,509.0,,-57.0
270.0,-341.0,,-56.0,-185.0,237.0,304.0,672.0,,-41.0
212.0,-380.0,,-92.0,-219.0,219.0,280.0,668.0,,-11.0
220.0,-451.0,,-63.0,-288.0,253.0,424.0,801.0,,40.0
97.0,-380.0,,-92.0,-279.0,259.0,442.0,981.0,,109.0
165.0,-103.0,,-93.0,-229.0,267.0,356.0,988.0,,196.0
61.0,64.0,,-68.0,-202.0,411.0,406.0,1215.0,,284.0
8.0,31.0,,-114.0,-138.0,598.0,530.0,1042.0,,359.0
-3.0,127.0,,-86.0,-116.0,852.0,581.0,1018.0,,428.0
-115.0,142.0,,-137.0,-108.0,871.0,587.0,776.0,,484.0
-3.0,70.0,,-158.0,-40.0,592.0,465.0,561.0,,535.0
-241.0,55.0,,-100.0,-14.0,471.0,458.0,633.0,,566.0
-140.0,144.0,,-153.0,2.0,425.0,728.0,460.0,,548.0
-249.0,403.0,,-166.0,60.0,368.0,780.0,530.0,,524.0
-272.0,403.0,,-157.0,67.0,92.0,600.0,277.0,,480.0
-230.0,391.0,,-173.0,57.0,-243.0,540.0,133.0,,421.0
-427.0,505.0,,-171.0,59.0,-143.0,738.0,-27.0,,372.0
-149.0,519.0,,-138.0,40.0,171.0,944.0,-291.0,,322.0
-401.0,581.0,,-178.0,84.0,292.0,769.0,-230.0,,281.0
-207.0,591.0,,-176.0,157.0,280.0,603.0,-306.0,,231.0
-313.0,491.0,,-146.0,189.0,619.0,795.0,-3.0,,183.0
-298.0,265.0,,-195.0,247.0,1044.0,1135.0,88.0,,129.0
-122.0,49.0,,-218.0,277.0,1126.0,1140.0,149.0,,54.0
-329.0,-141.0,,-229.0,249.0,1122.0,735.0,254.0,,-2.0
-96.0,-263.0,,-269.0,254.0,1045.0,625.0,73.0,,-54.0
-416.0,-397.0,,-307.0,224.0,911.0,924.0,197.0,,-101.0
-53.0,-443.0,,-325.0,167.0,719.0,1196.0,73.0,,-159.0
-187.0,-307.0,,-320.0,167.0,297.0,1161.0,177.0,,-246.0
-125.0,-332.0,,-279.0,138.0,-123.0,1001.0,245.0,,-333.0
-24.0,-282.0,,-383.0,117.0,-471.0,1143.0,229.0,,-419.0
-240.0,-194.0,,-376.0,146.0,-815.0,1315.0,395.0,,-498.0
122.0,-83.0,,-299.0,108.0,-943.0,1106.0,214.0,,-565.0
-183.0,7.0,,-236.0,51.0,-988.0,938.0,206.0,,-620.0
149.0,39.0,,-119.0,15.0,-928.0,1168.0,-138.0,,-669.0
-131.0,23.0,,-150.0,-49.0,-661.0,1349.0,-356.0,,-725.0
-12.0,-48.0,,-148.0,-69.0,-414.0,1310.0,-388.0,,-769.0
108.0,20.0,,-122.0,-96.0,-436.0,1199.0,-456.0,,-804.0
-53.0,-104.0,,-86.0,-169.0,-740.0,1105.0,-214.0,,-837.0
232.0,-184.0,,-122.0,-167.0,-852.0,1267.0,-376.0,,-871.0
-32.0,-75.0,,-159.0,-135.0,-669.0,1447.0,-354.0,,-913.0
323.0,-35.0,,-159.0,-109.0,-619.0,1300.0,-515.0,,-936.0
105.0,-112.0,,-194.0,-24.0,-936.0,1112.0,-692.0,,-955.0
223.0,-195.0,,-124.0,48.0,-1196.0,1176.0,-639.0,,-988.0
351.0,-49.0,,-93.0,110.0,-1039.0,1377.0,-805.0,,-1007.0
291.0,144.0,,-126.0,197.0,-739.0,1455.0,-563.0,,-1006.0
522.0,306.0,,-124.0,205.0,-648.0,1374.0,-556.0,,-991.0
307.0,379.0,,-121.0,155.0,-800.0,1440.0,-461.0,,-929.0
503.0,481.0,,-197.0,121.0,-836.0,1600.0,-465.0,,-822.0
464.0,576.0,,-228.0,54.0,-690.0,1522.0,-626.0,,-696.0
555.0,397.0,,-165.0,8.0,-580.0,1335.0,-489.0,,-545.0
633.0,215.0,,-162.0,9.0,-639.0,1357.0,-615.0,,-411.0
493.0,142.0,,-135.0,-39.0,-840.0,1589.0,-419.0,,-299.0
692.0,33.0,,-139.0,-82.0,-1071.0,1656.0,-445.0,,-209.0
622.0,-87.0,,-171.0,-104.0,-1193.0,1497.0,-408.0,,-168.0
634.0,-206.0,,-83.0,-152.0,-1220.0,1435.0,-219.0,,-160.0
641.0,-179.0,,11.0,-138.0,-1170.0,1460.0,-332.0,,-191.0
527.0,-24.0,,48.0,-102.0,-1025.0,1515.0,-173.0,,-244.0
658.0,-34.0,,20.0,-78.0,-961.0,1553.0,-306.0,,-295.0
485.0,-45.0,,-102.0,5.0,-827.0,1441.0,-173.0,,-352.0
584.0,42.0,,-166.0,68.0,-621.0,1399.0,-90.0,,-395.0
512.0,64.0,,-63.0,79.0,-396.0,1451.0,-197.0,,-409.0
442.0,29.0,,-31.0,124.0,-239.0,1366.0,-182.0,,-400.0
534.0,-34.0,,-67.0,143.0,-276.0,1308.0,-509.0,,-359.0
335.0,28.0,,-84.0,139.0,-325.0,1307.0,-576.0,,-304.0
490.0,81.0,,-28.0,181.0,-398.0,1285.0,-872.0,,-238.0
231.0,49.0,,16.0,182.0,-455.0,1212.0,-953.0,,-173.0
324.0,32.0,,16.0,157.0,-529.0,1123.0,-903.0,,-125.0
285.0,57.0,,118.0,141.0,-597.0,1204.0,-995.0,,-84.0
258.0,102.0,,82.0,63.0,-632.0,1215.0,-683.0,,-61.0
358.0,59.0,,8.0,-6.0,-786.0,1103.0,-679.0,,-51.0
97.0,125.0,,-78.0,-18.0,-997.0,1093.0,-533.0,,-48.0
350.0,83.0,,-51.0,-39.0,-1109.0,1076.0,-593.0,,-54.0
152.0,50.0,,-22.0,-31.0,-1121.0,1031.0,-722.0,,-80.0
244.0,135.0,,-140.0,-3.0,-1304.0,1069.0,-676.0,,-119.0
148.0,129.0,,-223.0,-18.0,-1683.0,1166.0,-846.0,,-163.0
67.0,147.0,,-388.0,-16.0,-1830.0,1069.0,-720.0,,-231.0
216.0,24.0,,-426.0,-7.0,-1738.0,883.0,-853.0,,-291.0
-56.0,14.0,,-469.0,-8.0,-1783.0,931.0,-757.0,,-345.0
104.0,9.0,,-480.0,34.0,-1899.0,911.0,-659.0,,-373.0
-60.0,-104.0,,-446.0,28.0,-1864.0,804.0,-665.0,,-371.0
46.0,-132.0,,-438.0,-60.0,-1710.0,962.0,-441.0,,-358.0
-34.0,-63.0,,-424.0,-114.0,-1661.0,1055.0,-583.0,,-310.0
-201.0,-45.0,,-474.0,-135.0,-1706.0,916.0,-415.0,,-255.0
-54.0,-164.0,,-471.0,-144.0,-1780.0,858.0,-458.0,,-183.0
-215.0,-119.0,,-452.0,-119.0,-1938.0,902.0,-526.0,,-123.0
23.0,-157.0,,-383.0,-143.0,-2036.0,966.0,-519.0,,-75.0
-157.0,-140.0,,-419.0,-197.0,-2131.0,888.0,-700.0,,-13.0
-155.0,-178.0,,-396.0,-200.0,-2323.0,751.0,-530.0,,29.0
-95.0,-330.0,,-301.0,-217.0,-2439.0,805.0,-598.0,,78.0
-178.0,-299.0,,-350.0,-209.0,-2308.0,777.0,-380.0,,124.0
8.0,-239.0,,-359.0,-148.0,-2094.0,680.0,-238.0,,160.0
-217.0,-95.0,,-308.0,-113.0,-2182.0,698.0,-201.0,,206.0
-36.0,-5.0,,-193.0,-64.0,-2454.0,722.0,-79.0,,255.0
-122.0,153.0,,-194.0,-4.0,-2539.0,752.0,-352.0,,304.0
-51.0,256.0,,-183.0,22.0,-2617.0,758.0,-325.0,,351.0
44.0,258.0,,-95.0,55.0,-2761.0,684.0,-480.0,,377.0
-123.0,205.0,,-177.0,90.0,-2810.0,451.0,-363.0,,383.0
178.0,90.0,,-233.0,86.0,-2769.0,390.0,-155.0,,363.0
48.0,127.0,,-217.0,82.0,-2733.0,538.0,-195.0,,328.0
283.0,102.0,,-189.0,78.0,-2749.0,532.0,-62.0,,302.0
224.0,-8.0,,-139.0,59.0,-2669.0,568.0,-386.0,,267.0
254.0,-110.0,,-128.0,59.0,-2518.0,648.0,-532.0,,245.0
423.0,-33.0,,-248.0,45.0,-2397.0,686.0,-788.0,,211.0
237.0,71.0,,-313.0,8.0,-2437.0,579.0,-962.0,,162.0
525.0,-8.0,,-323.0,2.0,-2414.0,370.0,-899.0,,112.0
349.0,-24.0,,-418.0,3.0,-2163.0,331.0,-971.0,,35.0
524.0,52.0,,-462.0,-1.0,-2062.0,363.0,-644.0,,-46.0
416.0,57.0,,-425.0,18.0,-1974.0,416.0,-642.0,,-132.0
380.0,-25.0,,-330.0,32.0,-1890.0,414.0,-567.0,,-220.0
457.0,-106.0,,-251.0,52.0,-1861.0,305.0,-528.0,,-303.0
192.0,-41.0,,-232.0,115.0,-1721.0,187.0,-580.0,,-384.0
395.0,5.0,,-316.0,168.0,-1646.0,166.0,-338.0,,-449.0
122.0,-148.0,,-415.0,197.0,-1637.0,260.0,-362.0,,-503.0
208.0,-184.0,,-494.0,227.0,-1909.0,338.0,-131.0,,-536.0
70.0,-134.0,,-496.0,227.0,-2240.0,373.0,-86.0,,-562.0
39.0,-130.0,,-503.0,214.0,-2238.0,338.0,-16.0,,-567.0
56.0,-116.0,,-543.0,226.0,-2205.0,253.0,83.0,,-552.0
-117.0,-89.0,,-540.0,197.0,-2280.0,115.0,-123.0,,-529.0
21.0,44.0,,-636.0,157.0,-2345.0,20.0,-118.0,,-478.0
-189.0,70.0,,-584.0,140.0,-2199.0,85.0,-356.0,,-419.0
-66.0,46.0,,-502.0,88.0,-2040.0,176.0,-339.0,,-347.0
-157.0,97.0,,-535.0,51.0,-2038.0,210.0,-388.0,,-271.0
-121.0,134.0,,-506.0,58.0,-2164.0,184.0,-461.0,,-211.0
-226.0,218.0,,-399.0,78.0,-2189.0,128.0,-349.0,,-160.0
-240.0,158.0,,-380.0,109.0,-2013.0,40.0,-519.0,,-117.0
-111.0,132.0,,-423.0,106.0,-2134.0,87.0,-402.0,,-75.0
-186.0,139.0,,-280.0,64.0,-2370.0,199.0,-532.0,,-32.0
-132.0,-48.0,,-245.0,59.0,-2598.0,201.0,-528.0,,22.0
-274.0,-278.0,,-231.0,60.0,-2824.0,219.0,-528.0,,68.0
-139.0,-483.0,,-207.0,22.0,-2709.0,210.0,-707.0,,114.0
-254.0,-496.0,,-210.0,11.0,-2336.0,102.0,-535.0,,134.0
-210.0,-472.0,,-218.0,-3.0,-1992.0,-27.0,-620.0,,112.0
-228.0,-431.0,,-276.0,-58.0,-1932.0,13.0,-469.0,,72.0
-202.0,-286.0,,-197.0,-88.0,-1866.0,63.0,-469.0,,-10.0
-202.0,-139.0,,-114.0,-121.0,-1500.0,112.0,-441.0,,-101.0
-305.0,-198.0,,-31.0,-129.0,-1283.0,243.0,-264.0,,-185.0
-190.0,-385.0,,-27.0,-87.0,-1507.0,112.0,-345.0,,-263.0
-278.0,-331.0,,10.0,-84.0,-1732.0,-56.0,-160.0,,-332.0
-167.0,-310.0,,60.0,-77.0,-1548.0,-74.0,-242.0,,-378.0
-287.0,-336.0,,87.0,-18.0,-1251.0,-147.0,-1.0,,-413.0
-231.0,-352.0,,155.0,-1.0,-1320.0,-149.0,175.0,,-437.0
-264.0,-334.0,,195.0,-11.0,-1494.0,14.0,97.0,,-438.0
-240.0,-180.0,,299.0,-11.0,-1375.0,172.0,288.0,,-422.0
-229.0,-84.0,,281.0,-50.0,-1192.0,151.0,192.0,,-390.0
-339.0,2.0,,297.0,-43.0,-1239.0,-13.0,424.0,,-351.0
-275.0,43.0,,350.0,-11.0,-1313.0,-144.0,456.0,,-306.0
-342.0,68.0,,367.0,-30.0,-1154.0,-176.0,458.0,,-266.0
-242.0,79.0,,332.0,-16.0,-930.0,-133.0,484.0,,-235.0
-393.0,23.0,,131.0,-11.0,-851.0,-98.0,282.0,,-217.0
-374.0,65.0,,96.0,-52.0,-844.0,-171.0,365.0,,-207.0
-449.0,106.0,,153.0,-56.0,-797.0,-183.0,62.0,,-173.0
-440.0,-25.0,,126.0,-78.0,-923.0,-72.0,31.0,,-131.0
-395.0,-319.0,,102.0,-133.0,-1036.0,-92.0,-29.0,,-85.0
-507.0,-431.0,,117.0,-129.0,-968.0,-160.0,-133.0,,-47.0
-506.0,-382.0,,107.0,-112.0,-997.0,-109.0,1.0,,-31.0
-579.0,-416.0,,18.0,-87.0,-1091.0,-63.0,-138.0,,-22.0
-482.0,-254.0,,13.0,-21.0,-1082.0,-30.0,134.0,,-29.0
-624.0,-80.0,,18.0,-17.0,-1019.0,-62.0,114.0,,-41.0
-572.0,150.0,,14.0,-38.0,-1012.0,-142.0,59.0,,-44.0
-564.0,339.0,,57.0,-29.0,-927.0,-85.0,-7.0,,-41.0
-552.0,235.0,,47.0,-74.0,-852.0,-97.0,-236.0,,-31.0
-549.0,270.0,,79.0,-99.0,-810.0,-303.0,-99.0,,-26.0
-625.0,305.0,,144.0,-67.0,-918.0,-360.0,-179.0,,-19.0
-555.0,326.0,,187.0,-65.0,-1072.0,-197.0,-11.0,,-23.0
-660.0,379.0,,245.0,-32.0,-835.0,-157.0,-35.0,,-29.0
-561.0,489.0,,326.0,8.0,-659.0,-211.0,-22.0,,-28.0
-593.0,563.0,,405.0,-10.0,-672.0,-198.0,144.0,,-32.0
-564.0,467.0,,501.0,9.0,-616.0,-279.0,88.0,,-40.0
-583.0,422.0,,563.0,14.0,-310.0,-327.0,306.0,,-46.0
-565.0,278.0,,558.0,-27.0,173.0,-188.0,94.0,,-26.0
-488.0,194.0,,549.0,-10.0,331.0,-165.0,24.0,,20.0
-584.0,143.0,,447.0,11.0,361.0,-278.0,-60.0,,96.0
-500.0,42.0,,321.0,38.0,459.0,-264.0,-271.0,,195.0
-518.0,-19.0,,260.0,122.0,519.0,-255.0,-230.0,,300.0
-427.0,0.0,,217.0,138.0,525.0,-308.0,-452.0,,385.0
-476.0,89.0,,198.0,108.0,434.0,-260.0,-323.0,,452.0
-477.0,-8.0,,181.0,91.0,367.0,-273.0,-269.0,,511.0
-491.0,-21.0,,155.0,-5.0,491.0,-329.0,-51.0,,538.0
-451.0,68.0,,181.0,-56.0,841.0,-274.0,158.0,,568.0
-313.0,118.0,,237.0,-8.0,1085.0,-376.0,36.0,,585.0
-485.0,149.0,,307.0,-1.0,1100.0,-523.0,166.0,,578.0
-386.0,143.0,,363.0,-2.0,1166.0,-409.0,-72.0,,557.0
-417.0,164.0,,321.0,-32.0,1296.0,-456.0,-84.0,,516.0
-335.0,-11.0,,351.0,-112.0,1293.0,-627.0,-168.0,,460.0
-420.0,-205.0,,409.0,-110.0,1163.0,-432.0,-314.0,,383.0
-462.0,-243.0,,328.0,-85.0,1020.0,-295.0,-238.0,,309.0
-308.0,-167.0,,253.0,-83.0,863.0,-464.0,-467.0,,235.0
-428.0,-55.0,,291.0,-21.0,748.0,-620.0,-463.0,,175.0
-275.0,-56.0,,214.0,-4.0,757.0,-567.0,-763.0,,141.0
-436.0,-23.0,,131.0,-43.0,833.0,-391.0,-920.0,,107.0
-339.0,20.0,,264.0,-24.0,1005.0,-445.0,-1006.0,,95.0
-364.0,110.0,,320.0,-39.0,1199.0,-618.0,-1258.0,,96.0
-369.0,178.0,,210.0,-71.0,1297.0,-576.0,-1136.0,,103.0
-316.0,173.0,,296.0,-79.0,1286.0,-341.0,-1228.0,,123.0
-495.0,187.0,,415.0,-140.0,989.0,-284.0,-1025.0,,122.0
-315.0,133.0,,294.0,-145.0,492.0,-514.0,-949.0,,108.0
-539.0,108.0,,329.0,-112.0,298.0,-661.0,-864.0,,66.0
-451.0,96.0,,346.0,-159.0,402.0,-593.0,-668.0,,5.0
-547.0,89.0,,224.0,-168.0,439.0,-442.0,-753.0,,-53.0
-504.0,12.0,,188.0,-145.0,458.0,-362.0,-545.0,,-121.0
-462.0,-174.0,,65.0,-152.0,722.0,-392.0,-655.0,,-178.0
-652.0,-269.0,,-10.0,-96.0,1245.0,-477.0,-558.0,,-220.0
-513.0,-297.0,,38.0,-41.0,1512.0,-511.0,-484.0,,-238.0
-782.0,-373.0,,-2.0,-16.0,1473.0,-464.0,-574.0,,-235.0
-605.0,-275.0,,-39.0,51.0,1559.0,-514.0,-478.0,,-208.0
-657.0,-104.0,,-1.0,61.0,1575.0,-645.0,-715.0,,-166.0
-586.0,-6.0,,-1.0,33.0,1345.0,-619.0,-694.0,,-135.0
-582.0,118.0,,34.0,46.0,1210.0,-458.0,-990.0,,-108.0
-715.0,269.0,,55.0,-2.0,1231.0,-369.0,-1212.0,,-80.0
-497.0,491.0,,96.0,-54.0,1116.0,-431.0,-1269.0,,-41.0
-696.0,395.0,,150.0,-64.0,913.0,-431.0,-1446.0,,-3.0
-536.0,213.0,,86.0,-112.0,917.0,-294.0,-1247.0,,30.0
-656.0,98.0,,50.0,-121.0,1046.0,-238.0,-1437.0,,43.0
-594.0,-29.0,,3.0,-108.0,905.0,-303.0,-1430.0,,23.0
-490.0,-71.0,,-91.0,-127.0,974.0,-391.0,-1494.0,,-13.0
-618.0,-106.0,,-143.0,-74.0,1393.0,-420.0,-1574.0,,-68.0
-479.0,73.0,,-190.0,-5.0,1492.0,-478.0,-1395.0,,-124.0
-633.0,100.0,,-123.0,17.0,1351.0,-511.0,-1492.0,,-167.0
-432.0,146.0,,-22.0,88.0,1272.0,-465.0,-1310.0,,-185.0
-426.0,207.0,,-35.0,133.0,1466.0,-447.0,-1446.0,,-181.0
-442.0,159.0,,-91.0,141.0,1615.0,-452.0,-1522.0,,-165.0
-383.0,166.0,,-146.0,193.0,1446.0,-531.0,-1637.0,,-115.0
-505.0,78.0,,-170.0,191.0,1287.0,-451.0,-1860.0,,-32.0
-323.0,-67.0,,-38.0,171.0,1396.0,-311.0,-1698.0,,69.0
-426.0,-347.0,,117.0,160.0,1619.0,-333.0,-1757.0,,175.0
-377.0,-422.0,,73.0,72.0,1581.0,-314.0,-1507.0,,271.0
-388.0,-470.0,,83.0,29.0,1525.0,-308.0,-1452.0,,354.0
-379.0,-496.0,,242.0,16.0,1598.0,-317.0,-1387.0,,407.0
-227.0,-420.0,,308.0,-52.0,1568.0,-398.0,-1197.0,,444.0
-384.0,-272.0,,233.0,-51.0,1470.0,-452.0,-1293.0,,474.0
-307.0,4.0,,207.0,-3.0,1390.0,-346.0,-1103.0,,494.0
-382.0,61.0,,149.0,43.0,1249.0,-415.0,-1152.0,,509.0
-301.0,131.0,,-10.0,133.0,1101.0,-518.0,-1038.0,,509.0
-325.0,170.0,,13.0,166.0,1075.0,-455.0,-1071.0,,501.0
-393.0,206.0,,57.0,176.0,1096.0,-470.0,-1293.0,,482.0
-256.0,263.0,,-80.0,225.0,1216.0,-524.0,-1402.0,,452.0
-319.0,239.0,,-41.0,182.0,1369.0,-501.0,-1807.0,,423.0
-212.0,258.0,,-19.0,122.0,1525.0,-476.0,-1818.0,,384.0
-292.0,322.0,,-116.0,116.0,1682.0,-439.0,-1988.0,,330.0
-255.0,263.0,,-101.0,68.0,1767.0,-400.0,-1973.0,,270.0
-191.0,-4.0,,-117.0,38.0,1773.0,-467.0,-1851.0,,179.0
-159.0,-89.0,,-44.0,32.0,1815.0,-589.0,-1980.0,,51.0
-153.0,-99.0,,-25.0,-13.0,2061.0,-579.0,-1784.0,,-96.0
-207.0,-186.0,,0.0,-14.0,2127.0,-425.0,-1860.0,,-270.0
-208.0,-299.0,,31.0,-21.0,1954.0,-366.0,-1760.0,,-436.0
-236.0,-341.0,,74.0,-86.0,1772.0,-458.0,-1843.0,,-591.0
-243.0,-277.0,,169.0,-100.0,1744.0,-493.0,-1923.0,,-735.0
-302.0,-351.0,,95.0,-117.0,1896.0,-461.0,-1753.0,,-847.0
-324.0,-347.0,,100.0,-127.0,1946.0,-540.0,-1836.0,,-943.0
-447.0,-198.0,,61.0,-85.0,2125.0,-579.0,-1655.0,,-1003.0
-453.0,-118.0,,26.0,-124.0,2454.0,-484.0,-1864.0,,-1030.0
-522.0,-163.0,,101.0,-200.0,2758.0,-391.0,-1869.0,,-1026.0
-502.0,-299.0,,185.0,-243.0,3024.0,-322.0,-1736.0,,-986.0
-547.0,-381.0,,179.0,-313.0,3218.0,-384.0,-1803.0,,-917.0
-524.0,-409.0,,154.0,-312.0,3270.0,-436.0,-1631.0,,-831.0
-483.0,-406.0,,221.0,-261.0,3242.0,-457.0,-1746.0,,-744.0
-593.0,-347.0,,101.0,-267.0,3307.0,-413.0,-1550.0,,-651.0
-492.0,-260.0,,46.0,-234.0,3282.0,-245.0,-1507.0,,-559.0
-513.0,-112.0,,90.0,-214.0,3184.0,-244.0,-1498.0,,-464.0
-436.0,44.0,,30.0,-235.0,3098.0,-252.0,-1378.0,,-379.0
-479.0,118.0,,-78.0,-190.0,3154.0,-182.0,-1509.0,,-321.0
-342.0,201.0,,-198.0,-164.0,3338.0,-132.0,-1304.0,,-283.0
-262.0,282.0,,-269.0,-160.0,3355.0,-157.0,-1324.0,,-262.0
-212.0,349.0,,-383.0,-114.0,3192.0,-197.0,-1080.0,,-253.0
-71.0,359.0,,-346.0,-113.0,3131.0,-121.0,-881.0,,-250.0
-107.0,234.0,,-199.0,-101.0,3201.0,-143.0,-866.0,,-249.0
17.0,190.0,,-153.0,-59.0,3025.0,-174.0,-724.0,,-252.0
33.0,118.0,,-155.0,-96.0,2886.0,-94.0,-946.0,,-254.0
131.0,25.0,,-202.0,-109.0,3190.0,-130.0,-812.0,,-259.0
105.0,116.0,,-227.0,-78.0,3616.0,-258.0,-914.0,,-249.0
151.0,170.0,,-214.0,-81.0,3678.0,-109.0,-949.0,,-225.0
173.0,214.0,,-189.0,-35.0,3545.0,96.0,-849.0,,-194.0
208.0,317.0,,-192.0,0.0,3693.0,-4.0,-995.0,,-147.0
305.0,386.0,,-169.0,12.0,3895.0,-20.0,-896.0,,-92.0
236.0,344.0,,-139.0,87.0,3925.0,14.0,-1171.0,,-19.0
281.0,287.0,,-178.0,101.0,3809.0,-75.0,-1249.0,,59.0
237.0,248.0,,-141.0,73.0,3588.0,-166.0,-1326.0,,141.0
323.0,178.0,,-161.0,104.0,3515.0,-197.0,-1311.0,,217.0
244.0,144.0,,-235.0,108.0,3493.0,-56.0,-1136.0,,261.0
183.0,105.0,,-139.0,147.0,3156.0,140.0,-1219.0,,288.0
261.0,66.0,,-168.0,224.0,2759.0,101.0,-896.0,,284.0
226.0,15.0,,-221.0,216.0,2693.0,-120.0,-835.0,,246.0
261.0,-77.0,,-65.0,214.0,2779.0,-101.0,-670.0,,213.0
186.0,-178.0,,-14.0,221.0,2841.0,14.0,-578.0,,194.0
194.0,-158.0,,-69.0,165.0,2833.0,10.0,-609.0,,194.0
178.0,-162.0,,-40.0,158.0,2722.0,6.0,-291.0,,207.0
107.0,-193.0,,3.0,145.0,2621.0,38.0,-306.0,,223.0
162.0,-108.0,,-43.0,91.0,2653.0,77.0,-84.0,,239.0
162.0,79.0,,3.0,115.0,2587.0,33.0,-79.0,,259.0
193.0,315.0,,55.0,121.0,2295.0,-4.0,-36.0,,263.0
148.0,352.0,,3.0,97.0,2030.0,18.0,134.0,,252.0
82.0,408.0,,-19.0,91.0,1908.0,102.0,33.0,,227.0
65.0,521.0,,-12.0,6.0,1914.0,21.0,186.0,,171.0
23.0,544.0,,-29.0,-69.0,1817.0,-264.0,14.0,,85.0
96.0,433.0,,-101.0,-86.0,1565.0,-357.0,44.0,,-21.0
20.0,194.0,,-31.0,-128.0,1510.0,-204.0,-12.0,,-132.0
66.0,151.0,,-89.0,-126.0,1688.0,-34.0,-103.0,,-239.0
21.0,121.0,,-226.0,-125.0,1683.0,60.0,70.0,,-322.0
-12.0,-78.0,,-177.0,-183.0,1282.0,30.0,-49.0,,-364.0
93.0,-193.0,,-230.0,-178.0,899.0,-143.0,160.0,,-366.0
29.0,-149.0,,-294.0,-175.0,805.0,-235.0,97.0,,-316.0
179.0,-98.0,,-303.0,-179.0,623.0,-208.0,60.0,,-240.0
122.0,-156.0,,-268.0,-98.0,279.0,-197.0,116.0,,-145.0
205.0,-170.0,,-204.0,-66.0,75.0,-143.0,55.0,,-46.0
206.0,-7.0,,-123.0,-70.0,16.0,-74.0,321.0,,38.0
190.0,181.0,,-98.0,-37.0,-79.0,-59.0,393.0,,123.0
293.0,243.0,,-96.0,-49.0,-232.0,-64.0,707.0,,194.0
222.0,277.0,,3.0,-31.0,-226.0,-191.0,766.0,,250.0
356.0,246.0,,2.0,25.0,-118.0,-317.0,809.0,,295.0
287.0,165.0,,-121.0,32.0,-68.0,-182.0,1021.0,,344.0
354.0,185.0,,-160.0,71.0,-62.0,27.0,914.0,,396.0
277.0,44.0,,-80.0,90.0,-5.0,60.0,1093.0,,440.0
292.0,-134.0,,-90.0,35.0,15.0,-81.0,1006.0,,484.0
366.0,-294.0,,-116.0,14.0,-123.0,-233.0,1099.0,,509.0
291.0,-481.0,,-123.0,-39.0,-283.0,-300.0,1274.0,,521.0
308.0,-523.0,,-293.0,-118.0,-371.0,-233.0,1359.0,,528.0
222.0,-534.0,,-366.0,-99.0,-475.0,31.0,1655.0,,520.0
313.0,-417.0,,-377.0,-78.0,-695.0,139.0,1670.0,,508.0
197.0,-293.0,,-384.0,-67.0,-692.0,-33.0,1960.0,,464.0
219.0,-176.0,,-327.0,-25.0,-514.0,56.0,1953.0,,377.0
202.0,-103.0,,-385.0,-47.0,-405.0,218.0,1923.0,,263.0
198.0,-39.0,,-295.0,-63.0,-337.0,-58.0,1936.0,,118.0
169.0,145.0,,-210.0,-60.0,-290.0,-209.0,1659.0,,-41.0
45.0,208.0,,-329.0,-107.0,-202.0,137.0,1690.0,,-205.0
75.0,231.0,,-245.0,-78.0,-338.0,435.0,1441.0,,-369.0
-13.0,141.0,,-81.0,-22.0,-525.0,384.0,1505.0,,-532.0
22.0,-16.0,,-110.0,-28.0,-691.0,135.0,1552.0,,-681.0
-82.0,-132.0,,-69.0,-9.0,-969.0,-97.0,1505.0,,-815.0
-59.0,-213.0,,13.0,-40.0,-1235.0,192.0,1648.0,,-932.0
-60.0,-276.0,,-56.0,-109.0,-1483.0,678.0,1400.0,,-1036.0
-71.0,-338.0,,-59.0,-105.0,-1637.0,602.0,1433.0,,-1131.0
-116.0,-233.0,,-60.0,-125.0,-1656.0,168.0,1261.0,,-1192.0
-170.0,-206.0,,-59.0,-117.0,-1507.0,46.0,1280.0,,-1239.0
-93.0,-212.0,,0.0,-32.0,-1416.0,408.0,1454.0,,-1253.0
-123.0,7.0,,-3.0,-11.0,-1454.0,517.0,1470.0,,-1241.0
2.0,251.0,,-70.0,21.0,-1429.0,447.0,1762.0,,-1216.0
-40.0,384.0,,-75.0,86.0,-1412.0,483.0,1701.0,,-1162.0
11.0,344.0,,5.0,97.0,-1481.0,511.0,1849.0,,-1107.0
0.0,324.0,,57.0,143.0,-1585.0,742.0,1807.0,,-1056.0
57.0,352.0,,105.0,165.0,-1692.0,828.0,1672.0,,-1017.0
163.0,277.0,,102.0,113.0,-1747.0,503.0,1666.0,,-981.0
128.0,239.0,,152.0,119.0,-1778.0,227.0,1426.0,,-945.0
249.0,209.0,,193.0,131.0,-1894.0,554.0,1620.0,,-922.0
223.0,239.0,,129.0,126.0,-2057.0,975.0,1644.0,,-897.0
293.0,227.0,,74.0,175.0,-2132.0,887.0,1812.0,,-871.0
251.0,186.0,,-44.0,181.0,-2139.0,662.0,1877.0,,-841.0
297.0,160.0,,-129.0,179.0,-2179.0,692.0,1740.0,,-796.0
348.0,58.0,,-73.0,187.0,-2090.0,998.0,1877.0,,-740.0
327.0,-40.0,,-13.0,98.0,-1972.0,1067.0,1762.0,,-675.0
382.0,-212.0,,24.0,36.0,-2070.0,665.0,2002.0,,-618.0
359.0,-312.0,,62.0,15.0,-2264.0,405.0,2108.0,,-581.0
448.0,-358.0,,36.0,-41.0,-2133.0,656.0,2254.0,,-557.0
464.0,-332.0,,-5.0,-16.0,-1879.0,883.0,2446.0,,-555.0
509.0,-311.0,,55.0,32.0,-2008.0,854.0,2250.0,,-568.0
555.0,-419.0,,27.0,58.0,-2163.0,761.0,2302.0,,-582.0
636.0,-477.0,,-30.0,130.0,-2012.0,721.0,2102.0,,-585.0
637.0,-415.0,,32.0,114.0,-1656.0,793.0,2089.0,,-576.0
668.0,-296.0,,-86.0,30.0,-1576.0,788.0,1941.0,,-555.0
716.0,-372.0,,-213.0,2.0,-1606.0,743.0,1686.0,,-514.0
747.0,-398.0,,-185.0,-48.0,-1463.0,670.0,1707.0,,-465.0
806.0,-287.0,,-227.0,-67.0,-1446.0,670.0,1443.0,,-403.0
763.0,-199.0,,-310.0,-6.0,-1613.0,877.0,1459.0,,-325.0
898.0,-174.0,,-295.0,23.0,-2022.0,855.0,1263.0,,-249.0
833.0,-151.0,,-194.0,87.0,-2157.0,565.0,1223.0,,-188.0
813.0,58.0,,-117.0,150.0,-2151.0,652.0,1276.0,,-140.0
814.0,105.0,,-131.0,116.0,-2390.0,837.0,1230.0,,-114.0
873.0,131.0,,-99.0,98.0,-2550.0,622.0,1576.0,,-110.0
911.0,272.0,,-67.0,61.0,-2619.0,515.0,1627.0,,-122.0
785.0,408.0,,-128.0,3.0,-2614.0,511.0,1954.0,,-163.0
856.0,525.0,,-144.0,62.0,-2614.0,508.0,2098.0,,-222.0
753.0,524.0,,-160.0,128.0,-2527.0,606.0,2148.0,,-273.0
765.0,622.0,,-105.0,153.0,-2557.0,670.0,2318.0,,-310.0
687.0,577.0,,-103.0,192.0,-2678.0,743.0,2174.0,,-334.0
645.0,520.0,,-154.0,152.0,-2598.0,676.0,2315.0,,-327.0
652.0,557.0,,-144.0,85.0,-2545.0,539.0,2195.0,,-306.0
573.0,450.0,,-214.0,52.0,-2526.0,463.0,2243.0,,-276.0
561.0,346.0,,-258.0,-3.0,-2657.0,437.0,2185.0,,-255.0
451.0,236.0,,-165.0,1.0,-2702.0,479.0,1921.0,,-250.0
483.0,165.0,,-41.0,34.0,-2597.0,475.0,1873.0,,-241.0
346.0,29.0,,7.0,27.0,-2610.0,404.0,1596.0,,-256.0
302.0,-30.0,,107.0,80.0,-2537.0,407.0,1757.0,,-297.0
241.0,-18.0,,197.0,109.0,-2459.0,506.0,1818.0,,-357.0
179.0,-3.0,,211.0,57.0,-2369.0,548.0,1932.0,,-430.0
159.0,4.0,,207.0,40.0,-2357.0,484.0,2086.0,,-521.0
20.0,87.0,,160.0,0.0,-2483.0,344.0,1977.0,,-616.0
17.0,332.0,,179.0,-40.0,-2419.0,318.0,2108.0,,-708.0
-96.0,359.0,,217.0,-37.0,-2216.0,412.0,1866.0,,-795.0
-72.0,426.0,,253.0,-107.0,-2156.0,447.0,1838.0,,-868.0
-58.0,398.0,,341.0,-138.0,-2357.0,414.0,1819.0,,-925.0
-39.0,246.0,,305.0,-71.0,-2631.0,309.0,1766.0,,-960.0
-44.0,178.0,,255.0,-42.0,-2717.0,275.0,1903.0,,-967.0
-52.0,30.0,,290.0,13.0,-2680.0,361.0,1709.0,,-956.0
73.0,16.0,,298.0,90.0,-2656.0,306.0,1768.0,,-920.0
38.0,29.0,,339.0,107.0,-2735.0,77.0,1672.0,,-845.0
88.0,44.0,,304.0,146.0,-2797.0,-3.0,1775.0,,-767.0
123.0,29.0,,234.0,152.0,-2671.0,256.0,1956.0,,-688.0
188.0,28.0,,241.0,129.0,-2550.0,478.0,1899.0,,-610.0
200.0,140.0,,231.0,180.0,-2518.0,278.0,2121.0,,-550.0
209.0,275.0,,259.0,184.0,-2460.0,43.0,2067.0,,-490.0
301.0,296.0,,174.0,139.0,-2142.0,137.0,2302.0,,-457.0
293.0,178.0,,99.0,132.0,-1885.0,311.0,2509.0,,-428.0
350.0,152.0,,138.0,57.0,-2034.0,361.0,2616.0,,-389.0
410.0,190.0,,15.0,-39.0,-2133.0,239.0,2767.0,,-371.0
485.0,332.0,,114.0,-93.0,-1857.0,148.0,2570.0,,-354.0
462.0,413.0,,183.0,-179.0,-1546.0,229.0,2636.0,,-340.0
469.0,371.0,,67.0,-195.0,-1742.0,169.0,2396.0,,-340.0
531.0,411.0,,193.0,-152.0,-1886.0,6.0,2232.0,,-354.0
581.0,335.0,,207.0,-145.0,-1648.0,-27.0,2080.0,,-374.0
578.0,227.0,,202.0,-78.0,-1676.0,72.0,1812.0,,-398.0
497.0,304.0,,241.0,-30.0,-1895.0,186.0,1882.0,,-431.0
547.0,276.0,,262.0,-44.0,-1871.0,88.0,1707.0,,-470.0
579.0,125.0,,241.0,-10.0,-1638.0,-109.0,1921.0,,-499.0
579.0,12.0,,258.0,-11.0,-1510.0,-125.0,1995.0,,-506.0
529.0,-69.0,,384.0,-20.0,-1464.0,82.0,1988.0,,-490.0
558.0,-133.0,,328.0,52.0,-1272.0,228.0,1999.0,,-442.0
632.0,-303.0,,418.0,70.0,-1082.0,222.0,1564.0,,-383.0
580.0,-453.0,,480.0,60.0,-1007.0,127.0,1516.0,,-312.0
543.0,-598.0,,387.0,72.0,-957.0,-23.0,1424.0,,-250.0
626.0,-689.0,,367.0,32.0,-794.0,-26.0,1649.0,,-216.0
660.0,-592.0,,214.0,41.0,-604.0,29.0,1868.0,,-195.0
609.0,-437.0,,58.0,78.0,-661.0,59.0,1877.0,,-194.0
626.0,-376.0,,34.0,61.0,-679.0,-17.0,2015.0,,-226.0
623.0,-244.0,,22.0,87.0,-345.0,12.0,1777.0,,-291.0
641.0,35.0,,46.0,116.0,-68.0,235.0,1808.0,,-361.0
614.0,85.0,,141.0,91.0,-137.0,214.0,1646.0,,-442.0
648.0,25.0,,139.0,102.0,-142.0,-41.0,1590.0,,-535.0
605.0,-195.0,,152.0,92.0,-52.0,-172.0,1618.0,,-615.0
594.0,-380.0,,224.0,54.0,-30.0,35.0,1400.0,,-685.0
645.0,-459.0,,233.0,73.0,-137.0,201.0,1535.0,,-753.0
582.0,-696.0,,161.0,46.0,-321.0,222.0,1441.0,,-814.0
603.0,-749.0,,231.0,23.0,-287.0,233.0,1624.0,,-872.0
524.0,-764.0,,368.0,79.0,-347.0,134.0,1759.0,,-926.0
540.0,-694.0,,262.0,79.0,-258.0,4.0,1797.0,,-967.0
505.0,-546.0,,237.0,65.0,-38.0,79.0,2010.0,,-1003.0
462.0,-504.0,,203.0,68.0,-254.0,231.0,1904.0,,-1015.0
443.0,-474.0,,249.0,47.0,-490.0,127.0,2010.0,,-994.0
411.0,-407.0,,301.0,78.0,-367.0,179.0,1786.0,,-942.0
413.0,-261.0,,111.0,77.0,4.0,333.0,1666.0,,-845.0
301.0,-202.0,,121.0,-31.0,229.0,313.0,1644.0,,-733.0
289.0,-170.0,,134.0,-105.0,284.0,182.0,1433.0,,-605.0
297.0,-47.0,,55.0,-148.0,534.0,115.0,1526.0,,-481.0
341.0,29.0,,-10.0,-210.0,778.0,253.0,1282.0,,-376.0
336.0,57.0,,9.0,-199.0,837.0,327.0,1274.0,,-286.0
324.0,190.0,,52.0,-159.0,889.0,454.0,1134.0,,-221.0
298.0,347.0,,-52.0,-128.0,974.0,495.0,927.0,,-172.0
362.0,387.0,,-64.0,-62.0,1108.0,317.0,1012.0,,-150.0
342.0,352.0,,-69.0,-49.0,1235.0,257.0,859.0,,-117.0
293.0,487.0,,-6.0,-44.0,1229.0,341.0,946.0,,-68.0
339.0,607.0,,-6.0,35.0,1249.0,416.0,737.0,,-15.0
280.0,554.0,,-65.0,100.0,1523.0,367.0,687.0,,56.0
334.0,464.0,,57.0,181.0,1732.0,300.0,685.0,,138.0
269.0,323.0,,62.0,259.0,1737.0,425.0,524.0,,225.0
290.0,214.0,,35.0,223.0,1693.0,554.0,654.0,,289.0
225.0,81.0,,9.0,168.0,1576.0,408.0,465.0,,334.0
213.0,73.0,,-33.0,114.0,1553.0,297.0,596.0,,355.0
285.0,113.0,,26.0,9.0,1448.0,426.0,644.0,,363.0
229.0,173.0,,76.0,-48.0,1249.0,619.0,622.0,,380.0
228.0,252.0,,86.0,-73.0,1097.0,648.0,674.0,,393.0
152.0,214.0,,62.0,-110.0,983.0,467.0,471.0,,401.0
244.0,237.0,,-64.0,-92.0,836.0,329.0,567.0,,398.0
199.0,208.0,,-117.0,-75.0,621.0,360.0,412.0,,382.0
226.0,104.0,,-24.0,-77.0,692.0,507.0,441.0,,362.0
248.0,-115.0,,-55.0,-54.0,909.0,545.0,454.0,,350.0
253.0,-261.0,,-25.0,-53.0,1028.0,464.0,315.0,,323.0
316.0,-322.0,,149.0,-52.0,1035.0,467.0,304.0,,298.0
226.0,-410.0,,190.0,-5.0,975.0,509.0,-59.0,,275.0
268.0,-442.0,,217.0,18.0,951.0,420.0,-88.0,,252.0
234.0,-442.0,,253.0,27.0,799.0,278.0,-225.0,,246.0
217.0,-243.0,,238.0,65.0,486.0,371.0,-243.0,,229.0
158.0,-182.0,,266.0,56.0,179.0,569.0,-140.0,,235.0
111.0,-8.0,,262.0,30.0,-90.0,529.0,-275.0,,252.0
63.0,383.0,,302.0,22.0,-296.0,339.0,-155.0,,282.0
12.0,501.0,,242.0,-32.0,-310.0,296.0,-436.0,,335.0
25.0,407.0,,204.0,-100.0,-237.0,425.0,-558.0,,380.0
-8.0,205.0,,207.0,-168.0,-269.0,430.0,-707.0,,425.0
-69.0,162.0,,156.0,-255.0,-320.0,247.0,-896.0,,450.0
-146.0,54.0,,211.0,-285.0,-154.0,151.0,-801.0,,463.0
-66.0,-139.0,,234.0,-268.0,52.0,208.0,-890.0,,463.0
-102.0,-140.0,,264.0,-238.0,48.0,363.0,-615.0,,452.0
-155.0,-3.0,,165.0,-152.0,-39.0,393.0,-572.0,,438.0
-180.0,161.0,,120.0,-47.0,112.0,150.0,-493.0,,419.0
-174.0,212.0,,140.0,20.0,490.0,46.0,-469.0,,398.0
-150.0,388.0,,-14.0,85.0,600.0,216.0,-630.0,,342.0
-156.0,487.0,,-54.0,111.0,583.0,458.0,-413.0,,272.0
-107.0,346.0,,-86.0,77.0,690.0,545.0,-506.0,,191.0
-185.0,281.0,,-173.0,72.0,832.0,349.0,-369.0,,105.0
-165.0,203.0,,-169.0,55.0,751.0,110.0,-382.0,,36.0
-182.0,68.0,,-177.0,15.0,540.0,73.0,-445.0,,-21.0
-145.0,-28.0,,-179.0,6.0,538.0,168.0,-301.0,,-56.0
-94.0,-259.0,,-165.0,-29.0,600.0,207.0,-474.0,,-90.0
-122.0,-435.0,,-118.0,-54.0,814.0,253.0,-426.0,,-134.0
-86.0,-324.0,,-160.0,-21.0,973.0,233.0,-642.0,,-180.0
-136.0,-229.0,,-189.0,21.0,871.0,81.0,-650.0,,-232.0
-107.0,-228.0,,-72.0,85.0,581.0,-43.0,-689.0,,-292.0
-153.0,-172.0,,-100.0,159.0,423.0,-2.0,-925.0,,-344.0
-110.0,-75.0,,-155.0,181.0,442.0,205.0,-909.0,,-374.0
-68.0,-44.0,,-127.0,169.0,310.0,299.0,-1201.0,,-384.0
-129.0,-104.0,,-166.0,135.0,155.0,194.0,-1134.0,,-370.0
-147.0,-78.0,,-249.0,71.0,-70.0,-23.0,-1221.0,,-335.0
-210.0,52.0,,-172.0,64.0,-64.0,-151.0,-1250.0,,-277.0
-99.0,-38.0,,-80.0,98.0,-8.0,-151.0,-1138.0,,-195.0
-145.0,-218.0,,-113.0,114.0,-250.0,-57.0,-1346.0,,-105.0
-202.0,-176.0,,-119.0,142.0,-510.0,90.0,-1285.0,,-14.0
-195.0,44.0,,-133.0,178.0,-491.0,-91.0,-1520.0,,67.0
-238.0,235.0,,22.0,178.0,-77.0,-272.0,-1546.0,,123.0
-226.0,213.0,,117.0,151.0,286.0,-166.0,-1550.0,,142.0
-300.0,250.0,,103.0,140.0,535.0,-136.0,-1614.0,,125.0
-270.0,258.0,,112.0,128.0,645.0,-243.0,-1450.0,,98.0
-297.0,280.0,,81.0,128.0,653.0,-345.0,-1550.0,,55.0
-284.0,370.0,,147.0,109.0,738.0,-382.0,-1426.0,,3.0
-307.0,309.0,,103.0,31.0,699.0,-451.0,-1646.0,,-52.0
-370.0,155.0,,72.0,-50.0,402.0,-445.0,-1808.0,,-96.0
-343.0,-49.0,,-27.0,-126.0,-6.0,-313.0,-1856.0,,-105.0
-360.0,-250.0,,-82.0,-193.0,-231.0,-324.0,-1980.0,,-108.0
-290.0,-460.0,,-77.0,-212.0,-397.0,-503.0,-1722.0,,-81.0
-297.0,-311.0,,-105.0,-194.0,-754.0,-579.0,-1751.0,,-56.0
-288.0,-118.0,,-17.0,-177.0,-1050.0,-553.0,-1544.0,,-52.0
-286.0,-128.0,,-129.0,-118.0,-1023.0,-492.0,-1474.0,,-52.0
-267.0,-42.0,,-93.0,-57.0,-845.0,-394.0,-1496.0,,-75.0
-239.0,-6.0,,-62.0,-42.0,-823.0,-408.0,-1369.0,,-93.0
-269.0,154.0,,-114.0,-17.0,-901.0,-533.0,-1481.0,,-123.0
-235.0,217.0,,-148.0,-36.0,-783.0,-642.0,-1284.0,,-153.0
-254.0,219.0,,-109.0,-96.0,-642.0,-652.0,-1363.0,,-177.0
-229.0,366.0,,-23.0,-108.0,-554.0,-662.0,-1295.0,,-193.0
-260.0,283.0,,-105.0,-121.0,-390.0,-654.0,-1265.0,,-210.0
-310.0,136.0,,-31.0,-128.0,-202.0,-583.0,-1450.0,,-229.0
-301.0,76.0,,-54.0,-100.0,35.0,-587.0,-1378.0,,-233.0
-294.0,-24.0,,-179.0,-127.0,194.0,-716.0,-1681.0,,-229.0
-311.0,-139.0,,-294.0,-145.0,270.0,-780.0,-1734.0,,-208.0
-347.0,-210.0,,-364.0,-108.0,281.0,-682.0,-1858.0,,-187.0
-330.0,-147.0,,-359.0,-98.0,275.0,-604.0,-1914.0,,-160.0
-375.0,12.0,,-379.0,-40.0,389.0,-659.0,-1908.0,,-127.0
-370.0,196.0,,-399.0,60.0,458.0,-721.0,-2196.0,,-105.0
-354.0,362.0,,-442.0,124.0,248.0,-638.0,-2191.0,,-82.0
-379.0,376.0,,-446.0,201.0,2.0,-603.0,-2457.0,,-73.0
-362.0,316.0,,-470.0,230.0,95.0,-609.0,-2398.0,,-75.0
-319.0,350.0,,-494.0,201.0,114.0,-609.0,-2350.0,,-68.0
-284.0,343.0,,-425.0,222.0,-111.0,-646.0,-2411.0,,-57.0
-337.0,276.0,,-327.0,239.0,-253.0,-671.0,-2226.0,,-54.0
-365.0,108.0,,-283.0,227.0,-154.0,-714.0,-2372.0,,-56.0
-374.0,-83.0,,-271.0,228.0,258.0,-723.0,-2226.0,,-75.0
-376.0,-53.0,,-193.0,183.0,526.0,-677.0,-2283.0,,-99.0
-376.0,26.0,,-134.0,101.0,515.0,-483.0,-2220.0,,-120.0
-419.0,71.0,,-132.0,81.0,571.0,-420.0,-2076.0,,-139.0
-488.0,67.0,,-38.0,72.0,796.0,-590.0,-2191.0,,-154.0
-561.0,133.0,,54.0,60.0,928.0,-650.0,-2032.0,,-171.0
-573.0,249.0,,128.0,72.0,845.0,-726.0,-2195.0,,-198.0
-628.0,386.0,,141.0,17.0,782.0,-856.0,-2182.0,,-234.0
-675.0,441.0,,95.0,-44.0,784.0,-891.0,-2285.0,,-265.0
-664.0,359.0,,32.0,-66.0,953.0,-759.0,-2353.0,,-298.0
-691.0,443.0,,-46.0,-114.0,1182.0,-623.0,-2191.0,,-318.0
-750.0,278.0,,-2.0,-97.0,1220.0,-698.0,-2305.0,,-326.0
-840.0,31.0,,56.0,-20.0,992.0,-678.0,-2154.0,,-329.0
-833.0,-64.0,,-12.0,44.0,803.0,-579.0,-2302.0,,-329.0
-787.0,-115.0,,-69.0,120.0,705.0,-683.0,-2250.0,,-333.0
-800.0,-189.0,,-60.0,130.0,353.0,-774.0,-2250.0,,-336.0
-779.0,-457.0,,-124.0,70.0,-84.0,-793.0,-2549.0,,-337.0
-803.0,-478.0,,-124.0,37.0,-182.0,-810.0,-2573.0,,-329.0
-802.0,-376.0,,-10.0,-31.0,115.0,-693.0,-2913.0,,-334.0
-848.0,-243.0,,28.0,-146.0,246.0,-487.0,-2908.0,,-341.0
-854.0,-326.0,,-4.0,-186.0,191.0,-509.0,-2998.0,,-342.0
-837.0,-456.0,,48.0,-185.0,344.0,-751.0,-3037.0,,-359.0
-833.0,-470.0,,141.0,-184.0,755.0,-841.0,-2860.0,,-384.0
-741.0,-584.0,,34.0,-159.0,939.0,-857.0,-2934.0,,-428.0
-812.0,-498.0,,-71.0,-195.0,663.0,-882.0,-2743.0,,-466.0
-749.0,-543.0,,-31.0,-249.0,574.0,-754.0,-2867.0,,-497.0
-714.0,-363.0,,44.0,-250.0,686.0,-526.0,-2717.0,,-525.0
-691.0,-280.0,,109.0,-283.0,744.0,-482.0,-2571.0,,-520.0
-654.0,-544.0,,82.0,-266.0,698.0,-674.0,-2529.0,,-488.0
-600.0,-614.0,,14.0,-171.0,621.0,-766.0,-2200.0,,-426.0
-466.0,-523.0,,48.0,-141.0,553.0,-714.0,-2243.0,,-346.0
-500.0,-330.0,,100.0,-127.0,473.0,-636.0,-2036.0,,-243.0
-397.0,-304.0,,24.0,-132.0,382.0,-554.0,-2045.0,,-115.0
-394.0,-178.0,,-11.0,-204.0,81.0,-576.0,-2015.0,,9.0
-315.0,-117.0,,17.0,-246.0,-312.0,-721.0,-1884.0,,132.0
-284.0,-154.0,,31.0,-288.0,-480.0,-768.0,-1960.0,,249.0
-212.0,-300.0,,7.0,-330.0,-475.0,-578.0,-1814.0,,351.0
-109.0,-350.0,,5.0,-268.0,-728.0,-416.0,-1986.0,,430.0
-185.0,-194.0,,-87.0,-190.0,-1037.0,-399.0,-1958.0,,488.0
-132.0,-270.0,,-192.0,-138.0,-884.0,-503.0,-2100.0,,538.0
-190.0,-212.0,,-30.0,-48.0,-432.0,-659.0,-2311.0,,583.0
-96.0,-90.0,,9.0,1.0,-227.0,-591.0,-2392.0,,620.0
-99.0,-26.0,,-11.0,40.0,-217.0,-390.0,-2640.0,,647.0
-87.0,21.0,,69.0,132.0,200.0,-278.0,-2405.0,,654.0
-56.0,142.0,,4.0,193.0,719.0,-211.0,-2411.0,,649.0
-63.0,174.0,,-71.0,253.0,949.0,-302.0,-2289.0,,624.0
-4.0,203.0,,-1.0,333.0,964.0,-603.0,-2202.0,,578.0
-52.0,250.0,,86.0,343.0,941.0,-784.0,-2313.0,,542.0
19.0,91.0,,115.0,353.0,1070.0,-585.0,-2161.0,,505.0
7.0,8.0,,227.0,387.0,1060.0,-316.0,-2359.0,,467.0
26.0,-207.0,,324.0,362.0,1020.0,-318.0,-2272.0,,431.0
23.0,-242.0,,273.0,319.0,1100.0,-386.0,-2265.0,,412.0
-24.0,-169.0,,244.0,244.0,1005.0,-293.0,-2219.0,,398.0
-30.0,-127.0,,217.0,135.0,916.0,-169.0,-2106.0,,379.0
-65.0,-49.0,,128.0,77.0,1135.0,-248.0,-2331.0,,377.0
-42.0,-123.0,,56.0,34.0,1363.0,-403.0,-2352.0,,373.0
-35.0,-70.0,,14.0,18.0,1307.0,-443.0,-2642.0,,392.0
-128.0,-106.0,,-39.0,89.0,1208.0,-483.0,-2636.0,,421.0
-133.0,-83.0,,-86.0,135.0,1381.0,-412.0,-2629.0,,443.0
-180.0,-145.0,,-140.0,143.0,1582.0,-283.0,-2684.0,,475.0
-189.0,-231.0,,-199.0,178.0,1388.0,-325.0,-2431.0,,484.0
-219.0,-3.0,,-136.0,159.0,1123.0,-414.0,-2437.0,,492.0
-295.0,84.0,,-119.0,134.0,1067.0,-419.0,-2141.0,,501.0
-194.0,89.0,,-127.0,132.0,1066.0,-398.0,-2004.0,,503.0
-312.0,102.0,,-48.0,77.0,976.0,-442.0,-1821.0,,519.0
-257.0,129.0,,0.0,41.0,825.0,-345.0,-1618.0,,531.0
-357.0,35.0,,-53.0,0.0,830.0,-168.0,-1649.0,,548.0
-359.0,-76.0,,-100.0,-94.0,772.0,-272.0,-1478.0,,551.0
-300.0,-41.0,,-20.0,-146.0,575.0,-443.0,-1627.0,,526.0
-332.0,104.0,,-87.0,-189.0,608.0,-348.0,-1483.0,,491.0
-182.0,257.0,,-93.0,-270.0,824.0,-186.0,-1448.0,,430.0
-301.0,210.0,,90.0,-294.0,1003.0,-211.0,-1518.0,,351.0
-158.0,362.0,,-1.0,-284.0,1228.0,-339.0,-1409.0,,267.0
-194.0,616.0,,-56.0,-288.0,1592.0,-493.0,-1674.0,,187.0
-96.0,843.0,,117.0,-251.0,1831.0,-534.0,-1633.0,,108.0
-23.0,908.0,,-7.0,-227.0,1844.0,-390.0,-1727.0,,26.0
-20.0,693.0,,-51.0,-216.0,1764.0,-160.0,-1600.0,,-51.0
93.0,454.0,,151.0,-182.0,1593.0,-17.0,-1407.0,,-133.0
30.0,166.0,,55.0,-190.0,1358.0,-174.0,-1465.0,,-225.0
206.0,-58.0,,34.0,-185.0,922.0,-384.0,-1260.0,,-325.0
149.0,-83.0,,162.0,-130.0,495.0,-416.0,-1367.0,,-436.0
226.0,200.0,,48.0,-107.0,183.0,-396.0,-1213.0,,-553.0
255.0,434.0,,81.0,-73.0,-104.0,-249.0,-1208.0,,-672.0
244.0,470.0,,270.0,-11.0,-212.0,-157.0,-1195.0,,-782.0
329.0,422.0,,209.0,28.0,-265.0,-313.0,-981.0,,-883.0
342.0,504.0,,198.0,98.0,-289.0,-355.0,-992.0,,-969.0
374.0,610.0,,264.0,168.0,-241.0,-256.0,-689.0,,-1052.0
323.0,502.0,,177.0,177.0,-117.0,-109.0,-705.0,,-1133.0
379.0,435.0,,133.0,183.0,-214.0,-24.0,-524.0,,-1197.0
406.0,335.0,,176.0,162.0,-379.0,-114.0,-360.0,,-1249.0
400.0,273.0,,146.0,113.0,-199.0,-165.0,-349.0,,-1273.0
412.0,157.0,,3.0,101.0,148.0,-113.0,-75.0,,-1263.0
427.0,118.0,,-99.0,51.0,367.0,42.0,-144.0,,-1207.0
396.0,56.0,,-56.0,-19.0,376.0,119.0,29.0,,-1111.0
366.0,-43.0,,-36.0,-51.0,599.0,62.0,75.0,,-987.0
317.0,-79.0,,-94.0,-121.0,769.0,-38.0,151.0,,-839.0
370.0,-198.0,,-9.0,-191.0,665.0,-149.0,214.0,,-684.0
397.0,-217.0,,-4.0,-220.0,573.0,-150.0,35.0,,-528.0
393.0,-310.0,,-62.0,-272.0,557.0,-71.0,166.0,,-392.0
335.0,-321.0,,62.0,-294.0,496.0,84.0,14.0,,-271.0
253.0,-444.0,,79.0,-264.0,110.0,141.0,46.0,,-184.0
312.0,-564.0,,-30.0,-240.0,-169.0,125.0,5.0,,-131.0
251.0,-454.0,,-18.0,-191.0,-244.0,156.0,-131.0,,-94.0
267.0,-269.0,,47.0,-172.0,-518.0,193.0,-70.0,,-102.0
304.0,29.0,,14.0,-201.0,-877.0,341.0,-218.0,,-137.0
268.0,148.0,,90.0,-153.0,-929.0,306.0,-24.0,,-207.0
265.0,123.0,,124.0,-77.0,-659.0,125.0,-7.0,,-291.0
236.0,-15.0,,-22.0,-14.0,-345.0,81.0,116.0,,-368.0
244.0,-128.0,,-95.0,72.0,-55.0,177.0,328.0,,-440.0
305.0,-194.0,,-49.0,98.0,290.0,372.0,412.0,,-481.0
260.0,-154.0,,-38.0,83.0,639.0,321.0,692.0,,-509.0
296.0,-11.0,,-125.0,84.0,807.0,225.0,591.0,,-525.0
276.0,4.0,,-63.0,50.0,897.0,223.0,727.0,,-528.0
224.0,-132.0,,-103.0,32.0,924.0,153.0,755.0,,-525.0
223.0,-390.0,,-124.0,64.0,890.0,207.0,853.0,,-515.0
196.0,-412.0,,-67.0,75.0,718.0,314.0,1114.0,,-487.0
269.0,-317.0,,-192.0,109.0,582.0,402.0,1031.0,,-439.0
185.0,-251.0,,-88.0,165.0,675.0,457.0,1334.0,,-381.0
219.0,-261.0,,-74.0,182.0,558.0,451.0,1413.0,,-310.0
213.0,-305.0,,-228.0,206.0,358.0,338.0,1596.0,,-234.0
179.0,-246.0,,-240.0,192.0,384.0,284.0,1714.0,,-136.0
146.0,-346.0,,-265.0,124.0,537.0,377.0,1622.0,,-35.0
72.0,-495.0,,-244.0,104.0,545.0,392.0,1755.0,,51.0
168.0,-522.0,,-93.0,76.0,362.0,338.0,1664.0,,128.0
153.0,-374.0,,19.0,21.0,281.0,246.0,1877.0,,175.0
130.0,-222.0,,-51.0,22.0,463.0,295.0,1805.0,,190.0
99.0,-151.0,,-80.0,36.0,732.0,442.0,1709.0,,164.0
83.0,-101.0,,-71.0,44.0,718.0,422.0,1710.0,,92.0
142.0,-43.0,,48.0,74.0,661.0,300.0,1528.0,,-9.0
39.0,-29.0,,138.0,67.0,755.0,267.0,1674.0,,-133.0
67.0,-240.0,,35.0,43.0,780.0,339.0,1529.0,,-266.0
128.0,-182.0,,86.0,28.0,758.0,317.0,1614.0,,-394.0
78.0,52.0,,66.0,-4.0,563.0,260.0,1624.0,,-521.0
125.0,67.0,,31.0,20.0,195.0,400.0,1505.0,,-639.0
-22.0,10.0,,174.0,76.0,-74.0,544.0,1570.0,,-747.0
49.0,-59.0,,109.0,80.0,-160.0,382.0,1393.0,,-848.0
-35.0,-98.0,,-87.0,95.0,-162.0,165.0,1579.0,,-926.0
28.0,-113.0,,-85.0,103.0,-251.0,122.0,1600.0,,-996.0
13.0,-74.0,,-13.0,59.0,-365.0,190.0,1701.0,,-1045.0
-154.0,10.0,,-20.0,53.0,-309.0,273.0,1779.0,,-1077.0
-27.0,108.0,,-24.0,59.0,-75.0,227.0,1585.0,,-1100.0
-223.0,42.0,,-94.0,39.0,102.0,179.0,1696.0,,-1087.0
-49.0,-61.0,,-150.0,32.0,132.0,236.0,1540.0,,-1052.0
-258.0,41.0,,-50.0,-5.0,298.0,211.0,1627.0,,-987.0
-153.0,234.0,,-79.0,-20.0,468.0,133.0,1611.0,,-894.0
-125.0,330.0,,-269.0,14.0,365.0,131.0,1529.0,,-793.0
-189.0,330.0,,-161.0,-31.0,140.0,208.0,1648.0,,-671.0
-27.0,241.0,,-84.0,-135.0,-121.0,341.0,1563.0,,-538.0
-245.0,91.0,,-186.0,-213.0,-270.0,248.0,1810.0,,-417.0
-25.0,54.0,,-110.0,-285.0,-390.0,96.0,1790.0,,-300.0
-137.0,-11.0,,-71.0,-299.0,-547.0,165.0,1938.0,,-188.0
59.0,-68.0,,-8.0,-277.0,-564.0,160.0,2076.0,,-89.0
-51.0,16.0,,-11.0,-268.0,-562.0,78.0,1930.0,,-14.0
-66.0,237.0,,17.0,-196.0,-454.0,88.0,2001.0,,35.0
-47.0,383.0,,38.0,-126.0,-435.0,204.0,1825.0,,71.0
-186.0,383.0,,-83.0,-100.0,-609.0,320.0,2043.0,,96.0
12.0,464.0,,-96.0,-30.0,-582.0,265.0,2106.0,,112.0
-132.0,481.0,,-79.0,39.0,-450.0,94.0,2121.0,,136.0
-57.0,356.0,,-89.0,50.0,-353.0,-34.0,2189.0,,165.0
-197.0,291.0,,-221.0,38.0,-427.0,6.0,1964.0,,196.0
-98.0,188.0,,-148.0,-9.0,-411.0,81.0,2084.0,,228.0
-203.0,10.0,,-38.0,-39.0,-164.0,-30.0,1895.0,,250.0
-230.0,-62.0,,-90.0,-10.0,-69.0,-79.0,1899.0,,270.0
-157.0,-223.0,,-113.0,-34.0,-104.0,54.0,1797.0,,291.0
-217.0,-409.0,,-104.0,-67.0,-169.0,180.0,1509.0,,306.0
-131.0,-620.0,,-29.0,-39.0,-95.0,139.0,1507.0,,315.0
-251.0,-797.0,,-79.0,-26.0,14.0,33.0,1269.0,,318.0
-111.0,-699.0,,-70.0,-8.0,135.0,26.0,1358.0,,321.0
-197.0,-547.0,,-47.0,11.0,67.0,-38.0,1265.0,,312.0
-131.0,-434.0,,-3.0,-2.0,-321.0,-59.0,1317.0,,297.0
-169.0,-257.0,,75.0,22.0,-558.0,-22.0,1448.0,,289.0
-165.0,-13.0,,161.0,45.0,-681.0,-2.0,1376.0,,293.0
-70.0,252.0,,277.0,44.0,-739.0,95.0,1664.0,,318.0
-118.0,407.0,,242.0,104.0,-811.0,74.0,1640.0,,363.0
30.0,422.0,,283.0,134.0,-925.0,-185.0,1855.0,,446.0
-130.0,472.0,,320.0,109.0,-934.0,-313.0,1936.0,,551.0
-70.0,312.0,,345.0,95.0,-860.0,-109.0,1842.0,,650.0
-48.0,58.0,,389.0,47.0,-599.0,-70.0,1877.0,,736.0
54.0,-139.0,,339.0,11.0,-227.0,-251.0,1625.0,,807.0
129.0,-252.0,,305.0,21.0,196.0,-329.0,1683.0,,870.0
31.0,-361.0,,375.0,25.0,615.0,-377.0,1522.0,,920.0
153.0,-611.0,,504.0,71.0,936.0,-308.0,1439.0,,947.0
69.0,-766.0,,534.0,138.0,1022.0,-236.0,1398.0,,941.0
242.0,-1005.0,,458.0,144.0,767.0,-316.0,1345.0,,911.0
212.0,-1019.0,,417.0,147.0,600.0,-375.0,1631.0,,851.0
229.0,-789.0,,547.0,141.0,533.0,-476.0,1555.0,,755.0
281.0,-470.0,,529.0,85.0,147.0,-485.0,1659.0,,656.0
282.0,-258.0,,423.0,78.0,-260.0,-366.0,1557.0,,544.0
364.0,-85.0,,446.0,90.0,-486.0,-341.0,1419.0,,442.0
230.0,118.0,,331.0,65.0,-460.0,-294.0,1387.0,,366.0
447.0,86.0,,306.0,54.0,-210.0,-279.0,1067.0,,282.0
366.0,528.0,,353.0,-7.0,-117.0,-476.0,1104.0,,220.0
393.0,752.0,,132.0,-98.0,-56.0,-640.0,947.0,,168.0
344.0,660.0,,91.0,-130.0,47.0,-370.0,986.0,,112.0
411.0,688.0,,201.0,-152.0,182.0,-184.0,1075.0,,71.0
422.0,539.0,,167.0,-130.0,402.0,-589.0,1051.0,,41.0
293.0,521.0,,228.0,-71.0,281.0,-684.0,1195.0,,19.0
446.0,361.0,,162.0,-68.0,47.0,-398.0,1014.0,,-15.0
265.0,161.0,,169.0,-61.0,212.0,-403.0,1152.0,,-53.0
495.0,19.0,,321.0,-44.0,269.0,-442.0,1132.0,,-93.0
388.0,52.0,,324.0,-56.0,56.0,-511.0,1263.0,,-155.0
388.0,86.0,,223.0,-40.0,60.0,-620.0,1574.0,,-222.0
295.0,252.0,,242.0,-54.0,266.0,-577.0,1589.0,,-278.0
285.0,543.0,,352.0,-112.0,444.0,-415.0,1840.0,,-314.0
422.0,364.0,,297.0,-118.0,392.0,-301.0,1731.0,,-327.0
282.0,149.0,,281.0,-120.0,263.0,-469.0,1819.0,,-325.0
438.0,-101.0,,276.0,-134.0,433.0,-598.0,1827.0,,-314.0
219.0,-131.0,,245.0,-102.0,543.0,-456.0,1718.0,,-295.0
375.0,-90.0,,175.0,-106.0,404.0,-445.0,1843.0,,-272.0
310.0,-168.0,,203.0,-133.0,340.0,-579.0,1672.0,,-238.0
394.0,-46.0,,162.0,-108.0,302.0,-487.0,1742.0,,-201.0
378.0,40.0,,19.0,-100.0,235.0,-378.0,1491.0,,-167.0
268.0,70.0,,34.0,-61.0,259.0,-452.0,1385.0,,-136.0
411.0,5.0,,53.0,11.0,280.0,-524.0,1358.0,,-138.0
256.0,27.0,,51.0,30.0,229.0,-525.0,1130.0,,-155.0
357.0,151.0,,42.0,51.0,302.0,-428.0,1228.0,,-185.0
198.0,326.0,,127.0,34.0,470.0,-249.0,1069.0,,-229.0
275.0,295.0,,93.0,-46.0,544.0,-48.0,1204.0,,-261.0
209.0,181.0,,162.0,-79.0,459.0,-242.0,1117.0,,-284.0
186.0,326.0,,319.0,-82.0,415.0,-676.0,949.0,,-293.0
188.0,417.0,,308.0,-75.0,620.0,-618.0,921.0,,-306.0
74.0,416.0,,342.0,-26.0,701.0,-248.0,700.0,,-317.0
134.0,315.0,,338.0,-17.0,434.0,-129.0,849.0,,-312.0
21.0,61.0,,366.0,-11.0,185.0,-292.0,727.0,,-316.0
0.0,-162.0,,383.0,47.0,191.0,-287.0,814.0,,-306.0
-130.0,-209.0,,357.0,80.0,223.0,-140.0,855.0,,-282.0
-44.0,-221.0,,307.0,125.0,320.0,-302.0,729.0,,-258.0
-58.0,-315.0,,280.0,160.0,552.0,-449.0,750.0,,-228.0
-214.0,-540.0,,362.0,122.0,575.0,-237.0,397.0,,-207.0
-355.0,-640.0,,331.0,109.0,565.0,-93.0,373.0,,-185.0
-383.0,-584.0,,294.0,107.0,732.0,-103.0,227.0,,-164.0
-307.0,-572.0,,368.0,77.0,837.0,-112.0,262.0,,-151.0
-400.0,-478.0,,389.0,103.0,882.0,-238.0,460.0,,-133.0
-424.0,-343.0,,386.0,121.0,867.0,-312.0,437.0,,-117.0
-457.0,-26.0,,387.0,102.0,931.0,-174.0,696.0,,-123.0
-389.0,143.0,,407.0,87.0,1117.0,-90.0,652.0,,-145.0
-468.0,177.0,,399.0,-9.0,948.0,-274.0,835.0,,-190.0
-487.0,466.0,,351.0,-118.0,658.0,-395.0,910.0,,-246.0
-375.0,583.0,,360.0,-131.0,623.0,-200.0,872.0,,-295.0
-331.0,481.0,,352.0,-144.0,663.0,-2.0,949.0,,-343.0
-268.0,380.0,,380.0,-159.0,562.0,-7.0,750.0,,-386.0
-381.0,452.0,,408.0,-154.0,278.0,-72.0,909.0,,-430.0
-288.0,571.0,,295.0,-195.0,89.0,-28.0,877.0,,-495.0
-274.0,496.0,,194.0,-202.0,-45.0,49.0,946.0,,-572.0
-282.0,458.0,,159.0,-193.0,-189.0,6.0,912.0,,-646.0
-205.0,360.0,,93.0,-210.0,-298.0,-48.0,652.0,,-719.0
-178.0,131.0,,-8.0,-136.0,-316.0,79.0,648.0,,-785.0
-78.0,25.0,,1.0,-52.0,-217.0,221.0,304.0,,-840.0
-167.0,28.0,,48.0,-8.0,-125.0,146.0,273.0,,-882.0
-54.0,-32.0,,86.0,46.0,0.0,13.0,179.0,,-893.0
-42.0,-36.0,,146.0,28.0,68.0,-7.0,155.0,,-871.0
2.0,-58.0,,141.0,-21.0,106.0,222.0,249.0,,-819.0
63.0,-361.0,,214.0,-55.0,69.0,482.0,3.0,,-739.0
33.0,-496.0,,231.0,-142.0,-167.0,227.0,55.0,,-616.0
101.0,-547.0,,225.0,-208.0,-438.0,-134.0,-164.0,,-475.0
46.0,-798.0,,252.0,-210.0,-722.0,95.0,-114.0,,-331.0
198.0,-617.0,,217.0,-237.0,-934.0,486.0,-27.0,,-174.0
195.0,-270.0,,179.0,-236.0,-1029.0,380.0,-55.0,,-34.0
227.0,-262.0,,83.0,-232.0,-953.0,234.0,181.0,,87.0
239.0,-263.0,,63.0,-290.0,-740.0,445.0,96.0,,196.0
245.0,-245.0,,97.0,-292.0,-488.0,522.0,301.0,,292.0
259.0,-257.0,,34.0,-272.0,-179.0,448.0,205.0,,353.0
203.0,-323.0,,-117.0,-246.0,-133.0,525.0,107.0,,391.0
227.0,-442.0,,-179.0,-155.0,-208.0,562.0,125.0,,414.0
106.0,-332.0,,-219.0,-98.0,-258.0,409.0,-123.0,,413.0
131.0,-111.0,,-234.0,-36.0,-446.0,423.0,-68.0,,415.0
113.0,-259.0,,-171.0,41.0,-703.0,623.0,-171.0,,421.0
99.0,-390.0,,-184.0,17.0,-1005.0,608.0,38.0,,441.0
0.0,-250.0,,-138.0,-25.0,-1212.0,568.0,171.0,,468.0
-59.0,-330.0,,-100.0,-20.0,-1419.0,677.0,190.0,,496.0
-80.0,-443.0,,-86.0,-27.0,-1619.0,740.0,301.0,,515.0
-149.0,-215.0,,-73.0,-9.0,-1615.0,638.0,92.0,,516.0
-90.0,147.0,,-54.0,-13.0,-1434.0,578.0,84.0,,490.0
-195.0,134.0,,-79.0,-62.0,-1307.0,748.0,-208.0,,437.0
-222.0,-162.0,,-183.0,-33.0,-1377.0,833.0,-308.0,,360.0
-271.0,-470.0,,-188.0,0.0,-1401.0,707.0,-363.0,,260.0
-253.0,-626.0,,-156.0,1.0,-1193.0,607.0,-533.0,,159.0
-300.0,-598.0,,-147.0,59.0,-1078.0,709.0,-434.0,,38.0
-399.0,-697.0,,-139.0,112.0,-1150.0,1023.0,-705.0,,-103.0
-313.0,-659.0,,-58.0,154.0,-1066.0,1101.0,-694.0,,-251.0
-396.0,-419.0,,-2.0,205.0,-959.0,779.0,-824.0,,-389.0
-411.0,-154.0,,45.0,179.0,-948.0,688.0,-905.0,,-498.0
-414.0,65.0,,25.0,132.0,-1026.0,872.0,-727.0,,-574.0
-388.0,240.0,,44.0,96.0,-1078.0,799.0,-696.0,,-609.0
-390.0,510.0,,182.0,36.0,-1026.0,609.0,-321.0,,-635.0
-435.0,668.0,,145.0,41.0,-944.0,687.0,-317.0,,-661.0
-370.0,654.0,,145.0,65.0,-771.0,899.0,-169.0,,-696.0
-312.0,575.0,,99.0,36.0,-703.0,909.0,-33.0,,-739.0
-297.0,602.0,,67.0,39.0,-774.0,659.0,-60.0,,-788.0
-387.0,691.0,,44.0,43.0,-788.0,493.0,68.0,,-837.0
-323.0,529.0,,-24.0,32.0,-779.0,621.0,-123.0,,-873.0
-361.0,463.0,,-81.0,56.0,-886.0,777.0,14.0,,-918.0
-247.0,601.0,,-163.0,31.0,-884.0,771.0,-49.0,,-965.0
-227.0,636.0,,-89.0,-8.0,-848.0,639.0,-48.0,,-1012.0
-305.0,524.0,,-86.0,20.0,-842.0,649.0,-22.0,,-1078.0
-212.0,308.0,,-157.0,35.0,-717.0,825.0,-258.0,,-1153.0
-350.0,202.0,,-181.0,39.0,-684.0,735.0,-158.0,,-1230.0
-251.0,8.0,,-122.0,32.0,-571.0,537.0,-291.0,,-1302.0
-265.0,-225.0,,-114.0,-30.0,-474.0,593.0,-151.0,,-1349.0
-129.0,-285.0,,-55.0,-45.0,-582.0,682.0,-153.0,,-1371.0
-71.0,-216.0,,34.0,-6.0,-765.0,701.0,-236.0,,-1369.0
-208.0,-102.0,,30.0,-15.0,-903.0,733.0,-184.0,,-1336.0
-124.0,-56.0,,45.0,-35.0,-912.0,658.0,-465.0,,-1281.0
-111.0,1.0,,-37.0,-63.0,-971.0,472.0,-430.0,,-1211.0
8.0,-28.0,,-66.0,-78.0,-930.0,358.0,-626.0,,-1122.0
20.0,51.0,,-2.0,-16.0,-680.0,414.0,-628.0,,-1005.0
35.0,189.0,,76.0,-21.0,-433.0,568.0,-607.0,,-876.0
9.0,266.0,,73.0,-86.0,-329.0,701.0,-696.0,,-740.0
48.0,233.0,,55.0,-77.0,-327.0,663.0,-497.0,,-598.0
-8.0,134.0,,13.0,-67.0,-187.0,592.0,-659.0,,-463.0
8.0,260.0,,-82.0,-29.0,70.0,648.0,-606.0,,-330.0
24.0,222.0,,-79.0,64.0,278.0,575.0,-698.0,,-230.0
-52.0,41.0,,-29.0,130.0,281.0,436.0,-641.0,,-140.0
21.0,45.0,,70.0,198.0,-28.0,481.0,-517.0,,-40.0
-47.0,111.0,,207.0,250.0,-336.0,582.0,-707.0,,44.0
27.0,33.0,,245.0,224.0,-257.0,633.0,-624.0,,140.0
-82.0,2.0,,232.0,189.0,58.0,733.0,-838.0,,232.0
-67.0,140.0,,222.0,149.0,134.0,776.0,-761.0,,312.0
-94.0,316.0,,115.0,94.0,128.0,648.0,-711.0,,377.0
-78.0,442.0,,126.0,86.0,341.0,602.0,-716.0,,417.0
14.0,288.0,,233.0,61.0,609.0,780.0,-460.0,,452.0
-122.0,99.0,,183.0,13.0,725.0,936.0,-504.0,,461.0
-85.0,-40.0,,167.0,0.0,558.0,933.0,-358.0,,458.0
-223.0,-243.0,,176.0,-64.0,564.0,858.0,-445.0,,435.0
-97.0,-464.0,,73.0,-135.0,732.0,651.0,-399.0,,379.0
-91.0,-740.0,,93.0,-184.0,622.0,565.0,-315.0,,306.0
-57.0,-798.0,,98.0,-285.0,474.0,759.0,-327.0,,198.0
-80.0,-656.0,,39.0,-322.0,414.0,905.0,-3.0,,99.0
-219.0,-709.0,,90.0,-272.0,431.0,845.0,-1.0,,7.0
-130.0,-768.0,,-3.0,-237.0,519.0,765.0,214.0,,-78.0
-212.0,-470.0,,-108.0,-171.0,574.0,865.0,134.0,,-130.0
-111.0,-57.0,,-158.0,-116.0,615.0,906.0,-157.0,,-166.0
-178.0,83.0,,-258.0,-96.0,793.0,839.0,-293.0,,-175.0
-118.0,152.0,,-262.0,-24.0,945.0,904.0,-639.0,,-162.0
-137.0,321.0,,-240.0,28.0,920.0,997.0,-609.0,,-132.0
-166.0,269.0,,-264.0,78.0,784.0,966.0,-768.0,,-92.0
-131.0,103.0,,-288.0,171.0,514.0,936.0,-777.0,,-55.0
-173.0,-154.0,,-220.0,181.0,377.0,943.0,-764.0,,-22.0
-160.0,-417.0,,-176.0,158.0,320.0,816.0,-872.0,,10.0
-185.0,-450.0,,-203.0,180.0,126.0,691.0,-764.0,,45.0
-5.0,-454.0,,-194.0,167.0,-97.0,757.0,-938.0,,80.0
-74.0,-480.0,,-193.0,195.0,-131.0,965.0,-746.0,,112.0
-10.0,-468.0,,-241.0,260.0,75.0,1058.0,-703.0,,128.0
-54.0,-315.0,,-297.0,295.0,131.0,903.0,-648.0,,138.0
4.0,-124.0,,-361.0,356.0,90.0,778.0,-480.0,,127.0
40.0,-61.0,,-359.0,360.0,254.0,726.0,-574.0,,90.0
51.0,-12.0,,-251.0,275.0,371.0,739.0,-452.0,,73.0
222.0,165.0,,-354.0,197.0,298.0,910.0,-687.0,,71.0
128.0,416.0,,-423.0,102.0,185.0,1020.0,-774.0,,82.0
234.0,492.0,,-345.0,24.0,81.0,916.0,-888.0,,98.0
101.0,466.0,,-379.0,4.0,69.0,814.0,-958.0,,124.0
210.0,570.0,,-373.0,-39.0,131.0,852.0,-794.0,,164.0
312.0,609.0,,-316.0,-57.0,151.0,833.0,-862.0,,199.0
325.0,462.0,,-376.0,-47.0,175.0,847.0,-522.0,,245.0
330.0,365.0,,-465.0,-89.0,138.0,1048.0,-423.0,,286.0
315.0,416.0,,-397.0,-79.0,187.0,1120.0,-291.0,,322.0
388.0,569.0,,-369.0,-24.0,260.0,969.0,-258.0,,362.0
335.0,696.0,,-390.0,-8.0,6.0,855.0,-558.0,,387.0
473.0,671.0,,-413.0,13.0,-317.0,881.0,-593.0,,404.0
411.0,693.0,,-438.0,-2.0,-598.0,973.0,-907.0,,391.0
551.0,800.0,,-508.0,-40.0,-716.0,1005.0,-962.0,,358.0
498.0,785.0,,-419.0,-26.0,-776.0,967.0,-1134.0,,325.0
487.0,558.0,,-331.0,-83.0,-1022.0,942.0,-1302.0,,284.0
462.0,343.0,,-401.0,-152.0,-1182.0,938.0,-1239.0,,248.0
389.0,227.0,,-273.0,-147.0,-1215.0,938.0,-1398.0,,210.0
485.0,146.0,,-309.0,-169.0,-1055.0,924.0,-1221.0,,163.0
359.0,224.0,,-353.0,-156.0,-948.0,849.0,-1267.0,,108.0
408.0,88.0,,-264.0,-126.0,-993.0,809.0,-1116.0,,43.0
302.0,-24.0,,-250.0,-113.0,-962.0,948.0,-964.0,,-27.0
386.0,-69.0,,-261.0,-56.0,-977.0,1124.0,-977.0,,-106.0
303.0,-393.0,,-290.0,-73.0,-938.0,1125.0,-694.0,,-175.0
250.0,-514.0,,-253.0,-140.0,-861.0,1011.0,-707.0,,-236.0
246.0,-259.0,,-290.0,-145.0,-979.0,908.0,-456.0,,-309.0
261.0,119.0,,-248.0,-157.0,-1079.0,802.0,-376.0,,-385.0
366.0,203.0,,-180.0,-141.0,-929.0,747.0,-314.0,,-466.0
191.0,96.0,,-243.0,-60.0,-674.0,837.0,-195.0,,-562.0
229.0,129.0,,-230.0,-10.0,-522.0,906.0,-334.0,,-656.0
121.0,384.0,,-221.0,40.0,-572.0,861.0,-145.0,,-731.0
217.0,593.0,,-229.0,74.0,-536.0,768.0,-279.0,,-793.0
251.0,661.0,,-190.0,33.0,-274.0,691.0,-267.0,,-836.0
261.0,783.0,,-88.0,28.0,-41.0,734.0,-356.0,,-847.0
253.0,838.0,,-69.0,0.0,22.0,758.0,-589.0,,-826.0
161.0,697.0,,-151.0,-56.0,67.0,693.0,-559.0,,-781.0
276.0,450.0,,-116.0,-28.0,250.0,763.0,-709.0,,-732.0
156.0,405.0,,-144.0,-17.0,239.0,920.0,-508.0,,-682.0
186.0,221.0,,-211.0,17.0,-14.0,892.0,-554.0,,-646.0
119.0,-191.0,,-169.0,93.0,-159.0,793.0,-532.0,,-634.0
150.0,-397.0,,-96.0,104.0,-183.0,825.0,-463.0,,-638.0
141.0,-278.0,,-113.0,137.0,-265.0,821.0,-633.0,,-662.0
-35.0,42.0,,-109.0,178.0,-423.0,678.0,-545.0,,-693.0
-13.0,179.0,,-46.0,158.0,-506.0,545.0,-803.0,,-740.0
-122.0,-121.0,,-87.0,169.0,-423.0,557.0,-827.0,,-793.0
-35.0,-587.0,,-109.0,156.0,-314.0,702.0,-916.0,,-831.0
-112.0,-725.0,,-133.0,118.0,-111.0,804.0,-1080.0,,-846.0
-211.0,-736.0,,-144.0,151.0,166.0,769.0,-1088.0,,-815.0
-175.0,-767.0,,-110.0,140.0,129.0,756.0,-1321.0,,-762.0
-248.0,-722.0,,-148.0,128.0,91.0,758.0,-1188.0,,-683.0
-249.0,-590.0,,-100.0,175.0,311.0,685.0,-1258.0,,-588.0
-425.0,-489.0,,-38.0,169.0,293.0,640.0,-1191.0,,-497.0
-283.0,-376.0,,-221.0,202.0,120.0,635.0,-1136.0,,-415.0
-218.0,-36.0,,-368.0,227.0,53.0,622.0,-1289.0,,-344.0
-294.0,79.0,,-420.0,149.0,94.0,618.0,-1210.0,,-289.0
-295.0,-17.0,,-391.0,140.0,60.0,660.0,-1430.0,,-250.0
-289.0,10.0,,-275.0,141.0,-119.0,716.0,-1295.0,,-211.0
-196.0,193.0,,-249.0,94.0,-60.0,670.0,-1249.0,,-185.0
-322.0,324.0,,-202.0,100.0,52.0,567.0,-1191.0,,-166.0
-196.0,258.0,,-220.0,49.0,269.0,456.0,-973.0,,-139.0
-92.0,163.0,,-271.0,-32.0,518.0,311.0,-1021.0,,-106.0
-22.0,-42.0,,-321.0,-52.0,561.0,300.0,-792.0,,-66.0
-19.0,-255.0,,-395.0,-82.0,770.0,361.0,-907.0,,-4.0
0.0,-417.0,,-321.0,-55.0,1045.0,330.0,-942.0,,71.0
3.0,-460.0,,-197.0,0.0,1329.0,250.0,-1034.0,,158.0
-30.0,-369.0,,-146.0,-31.0,1297.0,132.0,-1191.0,,242.0
92.0,-282.0,,-113.0,-3.0,1049.0,124.0,-1049.0,,290.0
117.0,-285.0,,-101.0,53.0,1040.0,210.0,-1119.0,,304.0
143.0,-507.0,,-107.0,44.0,1175.0,233.0,-807.0,,276.0
10.0,-625.0,,-72.0,79.0,1234.0,234.0,-711.0,,220.0
104.0,-513.0,,-68.0,54.0,911.0,171.0,-694.0,,159.0
92.0,-313.0,,-68.0,4.0,575.0,7.0,-742.0,,91.0
132.0,-204.0,,58.0,50.0,674.0,-95.0,-1116.0,,24.0
41.0,-168.0,,71.0,35.0,1083.0,-76.0,-1143.0,,-43.0
-30.0,-79.0,,-6.0,9.0,1235.0,-69.0,-1319.0,,-105.0
56.0,55.0,,81.0,33.0,1145.0,-132.0,-1243.0,,-161.0
-52.0,303.0,,110.0,3.0,1300.0,-153.0,-1234.0,,-212.0
45.0,297.0,,39.0,23.0,1452.0,-115.0,-1300.0,,-243.0
-133.0,203.0,,121.0,75.0,1233.0,-185.0,-1284.0,,-269.0
-36.0,217.0,,127.0,63.0,725.0,-266.0,-1627.0,,-284.0
-130.0,60.0,,-19.0,105.0,403.0,-308.0,-1609.0,,-277.0
-85.0,-143.0,,7.0,112.0,451.0,-455.0,-1668.0,,-269.0
16.0,-300.0,,6.0,55.0,392.0,-559.0,-1415.0,,-246.0
-184.0,-329.0,,-79.0,81.0,127.0,-486.0,-1047.0,,-212.0
-178.0,-178.0,,-93.0,90.0,-52.0,-368.0,-968.0,,-171.0
-334.0,15.0,,-58.0,110.0,-44.0,-386.0,-674.0,,-108.0
-140.0,-41.0,,-51.0,199.0,164.0,-573.0,-729.0,,-37.0
-199.0,-171.0,,-89.0,225.0,328.0,-788.0,-635.0,,43.0
-145.0,-264.0,,-171.0,263.0,294.0,-815.0,-763.0,,119.0
-186.0,-409.0,,-219.0,319.0,115.0,-663.0,-949.0,,184.0
-301.0,-379.0,,-236.0,280.0,267.0,-549.0,-949.0,,246.0
-255.0,-347.0,,-284.0,271.0,606.0,-617.0,-1130.0,,282.0
-366.0,-326.0,,-331.0,270.0,710.0,-784.0,-899.0,,310.0
-210.0,-236.0,,-295.0,218.0,740.0,-818.0,-970.0,,335.0
-227.0,-250.0,,-200.0,214.0,790.0,-824.0,-957.0,,336.0
-185.0,-277.0,,-265.0,156.0,966.0,-878.0,-1056.0,,319.0
-364.0,-235.0,,-190.0,58.0,794.0,-847.0,-1378.0,,290.0
-341.0,-241.0,,-144.0,43.0,538.0,-822.0,-1363.0,,261.0
-214.0,-285.0,,-148.0,6.0,655.0,-850.0,-1561.0,,218.0
-216.0,-172.0,,-146.0,-36.0,904.0,-826.0,-1387.0,,186.0
-221.0,40.0,,-242.0,-29.0,1012.0,-834.0,-1352.0,,163.0
-323.0,315.0,,-144.0,-89.0,876.0,-981.0,-1317.0,,146.0
-181.0,609.0,,-134.0,-145.0,804.0,-1055.0,-1197.0,,156.0
-255.0,540.0,,-207.0,-136.0,900.0,-996.0,-1369.0,,181.0
-145.0,351.0,,-276.0,-172.0,1102.0,-932.0,-1313.0,,222.0
-218.0,356.0,,-265.0,-176.0,1170.0,-902.0,-1552.0,,258.0
-260.0,418.0,,-235.0,-154.0,1126.0,-996.0,-1500.0,,279.0
-131.0,491.0,,-298.0,-175.0,934.0,-1149.0,-1437.0,,281.0
-122.0,455.0,,-298.0,-103.0,877.0,-1256.0,-1448.0,,266.0
-97.0,386.0,,-304.0,-9.0,959.0,-1218.0,-1265.0,,235.0
-270.0,284.0,,-370.0,32.0,827.0,-1067.0,-1304.0,,193.0
-198.0,89.0,,-462.0,90.0,776.0,-1026.0,-986.0,,153.0
-282.0,-84.0,,-494.0,70.0,759.0,-1103.0,-886.0,,117.0
-301.0,-109.0,,-516.0,12.0,768.0,-1195.0,-648.0,,84.0
-304.0,-239.0,,-491.0,12.0,753.0,-1251.0,-345.0,,56.0
-269.0,-570.0,,-402.0,-25.0,674.0,-1221.0,-249.0,,35.0
-281.0,-833.0,,-418.0,-48.0,409.0,-1149.0,112.0,,11.0
-392.0,-1158.0,,-454.0,1.0,231.0,-1124.0,55.0,,-8.0
-288.0,-1132.0,,-350.0,37.0,509.0,-1174.0,97.0,,-27.0
-319.0,-824.0,,-229.0,130.0,713.0,-1265.0,-22.0,,-50.0
-240.0,-756.0,,-238.0,239.0,604.0,-1289.0,-182.0,,-55.0
-241.0,-789.0,,-234.0,276.0,343.0,-1263.0,-151.0,,-59.0
-193.0,-917.0,,-70.0,318.0,196.0,-1265.0,-288.0,,-57.0
-231.0,-801.0,,-42.0,311.0,262.0,-1286.0,-42.0,,-39.0
-137.0,-445.0,,-87.0,203.0,265.0,-1307.0,-57.0,,8.0
-141.0,-223.0,,-7.0,119.0,-23.0,-1327.0,-16.0,,81.0
-192.0,42.0,,40.0,11.0,-284.0,-1342.0,-38.0,,172.0
-29.0,179.0,,69.0,-89.0,-303.0,-1346.0,-286.0,,295.0
-93.0,118.0,,66.0,-98.0,-288.0,-1357.0,-306.0,,422.0
-23.0,214.0,,186.0,-156.0,-443.0,-1301.0,-548.0,,553.0
-56.0,290.0,,299.0,-177.0,-669.0,-1254.0,-450.0,,668.0
104.0,186.0,,228.0,-196.0,-732.0,-1257.0,-448.0,,752.0
-48.0,75.0,,285.0,-212.0,-719.0,-1261.0,-421.0,,792.0
-107.0,118.0,,349.0,-188.0,-868.0,-1368.0,-295.0,,787.0
38.0,180.0,,233.0,-147.0,-1172.0,-1495.0,-347.0,,765.0
31.0,617.0,,190.0,-69.0,-1234.0,-1537.0,-68.0,,724.0
76.0,1208.0,,203.0,-18.0,-1163.0,-1459.0,-114.0,,673.0
-170.0,1169.0,,226.0,51.0,-1171.0,-1312.0,-77.0,,598.0
-32.0,998.0,,335.0,33.0,-1117.0,-1228.0,-218.0,,518.0
-89.0,814.0,,319.0,55.0,-900.0,-1293.0,-441.0,,445.0
-62.0,677.0,,259.0,32.0,-717.0,-1428.0,-426.0,,374.0
-80.0,660.0,,329.0,-60.0,-542.0,-1500.0,-639.0,,316.0
-113.0,619.0,,314.0,-96.0,-421.0,-1528.0,-363.0,,250.0
36.0,558.0,,218.0,-191.0,-705.0,-1461.0,-201.0,,185.0
-131.0,537.0,,169.0,-202.0,-849.0,-1382.0,64.0,,119.0
-59.0,539.0,,159.0,-208.0,-700.0,-1346.0,360.0,,46.0
-127.0,554.0,,129.0,-187.0,-432.0,-1349.0,469.0,,-42.0
-6.0,670.0,,-81.0,-153.0,-352.0,-1412.0,916.0,,-144.0
16.0,723.0,,-96.0,-126.0,-515.0,-1379.0,1036.0,,-232.0
-44.0,841.0,,106.0,-147.0,-428.0,-1341.0,1252.0,,-308.0
-18.0,714.0,,-73.0,-196.0,-327.0,-1381.0,1117.0,,-367.0
-119.0,662.0,,-51.0,-192.0,-374.0,-1421.0,912.0,,-408.0
-59.0,837.0,,136.0,-234.0,-634.0,-1423.0,1006.0,,-428.0
-60.0,783.0,,-103.0,-154.0,-618.0,-1390.0,999.0,,-448.0
-10.0,622.0,,27.0,-135.0,-310.0,-1376.0,1454.0,,-460.0
-75.0,518.0,,221.0,-155.0,-327.0,-1307.0,1533.0,,-452.0
-73.0,515.0,,-131.0,-128.0,-632.0,-1252.0,1598.0,,-461.0
-94.0,596.0,,-145.0,-174.0,-745.0,-1274.0,1539.0,,-470.0
-75.0,759.0,,209.0,-127.0,-346.0,-1293.0,1195.0,,-489.0
-93.0,676.0,,84.0,-71.0,-365.0,-1255.0,1167.0,,-508.0
-26.0,397.0,,-43.0,-52.0,-682.0,-1170.0,946.0,,-505.0
-40.0,-101.0,,26.0,2.0,-770.0,-1125.0,1051.0,,-493.0
-132.0,-364.0,,-141.0,12.0,-812.0,-1151.0,1031.0,,-471.0
2.0,-514.0,,-47.0,-15.0,-843.0,-1199.0,1025.0,,-459.0
-6.0,-512.0,,-15.0,2.0,-1003.0,-1178.0,1130.0,,-449.0
132.0,-262.0,,-198.0,-9.0,-999.0,-1131.0,955.0,,-444.0
-144.0,-201.0,,-155.0,1.0,-948.0,-1099.0,1071.0,,-454.0
-20.0,77.0,,-105.0,47.0,-918.0,-1045.0,994.0,,-469.0
121.0,3.0,,-101.0,22.0,-847.0,-1036.0,1263.0,,-507.0
56.0,4.0,,-112.0,79.0,-709.0,-1061.0,1537.0,,-568.0
71.0,-28.0,,-65.0,130.0,-701.0,-1045.0,1613.0,,-649.0
-40.0,-205.0,,29.0,161.0,-964.0,-1007.0,1860.0,,-718.0
197.0,-235.0,,76.0,259.0,-974.0,-994.0,1710.0,,-758.0
-59.0,-182.0,,115.0,257.0,-899.0,-1039.0,1786.0,,-781.0
69.0,347.0,,160.0,251.0,-969.0,-1059.0,1585.0,,-761.0
45.0,568.0,,164.0,236.0,-1116.0,-1003.0,1345.0,,-703.0
114.0,622.0,,127.0,119.0,-1145.0,-920.0,1311.0,,-609.0
76.0,356.0,,237.0,35.0,-970.0,-853.0,1223.0,,-492.0
-137.0,206.0,,413.0,-84.0,-912.0,-854.0,1555.0,,-396.0
43.0,113.0,,368.0,-220.0,-922.0,-908.0,1659.0,,-321.0
-34.0,-233.0,,358.0,-252.0,-672.0,-928.0,1897.0,,-285.0
99.0,-323.0,,373.0,-290.0,-273.0,-830.0,1943.0,,-267.0
-213.0,-657.0,,399.0,-274.0,-62.0,-731.0,1836.0,,-250.0
-78.0,-620.0,,470.0,-228.0,-119.0,-742.0,1842.0,,-236.0
-85.0,-639.0,,407.0,-245.0,-264.0,-761.0,1561.0,,-220.0
-96.0,-636.0,,406.0,-193.0,-248.0,-793.0,1611.0,,-221.0
-91.0,-292.0,,375.0,-178.0,-232.0,-786.0,1419.0,,-248.0
-225.0,-250.0,,364.0,-200.0,-423.0,-675.0,1363.0,,-288.0
0.0,-371.0,,394.0,-145.0,-797.0,-627.0,1345.0,,-326.0
-207.0,-660.0,,425.0,-130.0,-1128.0,-709.0,1149.0,,-343.0
-42.0,-595.0,,470.0,-61.0,-1160.0,-777.0,1230.0,,-333.0
-182.0,-261.0,,417.0,35.0,-1035.0,-721.0,999.0,,-305.0
-77.0,-111.0,,394.0,29.0,-1131.0,-593.0,1064.0,,-275.0
-85.0,-116.0,,391.0,36.0,-1410.0,-567.0,1023.0,,-241.0
-157.0,37.0,,364.0,-14.0,-1372.0,-615.0,1088.0,,-204.0
-72.0,180.0,,297.0,-68.0,-1104.0,-607.0,1383.0,,-163.0
-185.0,90.0,,343.0,14.0,-1003.0,-584.0,1483.0,,-119.0
66.0,125.0,,379.0,53.0,-965.0,-573.0,1964.0,,-75.0
-183.0,63.0,,288.0,68.0,-914.0,-532.0,2069.0,,-16.0
-177.0,-20.0,,325.0,74.0,-864.0,-465.0,2237.0,,55.0
-245.0,71.0,,302.0,30.0,-927.0,-493.0,2298.0,,115.0
-98.0,-46.0,,171.0,84.0,-1365.0,-569.0,2207.0,,168.0
-80.0,-333.0,,176.0,86.0,-1942.0,-492.0,2294.0,,211.0
-278.0,-270.0,,275.0,32.0,-2320.0,-341.0,2036.0,,238.0
-208.0,-178.0,,306.0,63.0,-2327.0,-322.0,2169.0,,253.0
-302.0,-297.0,,313.0,38.0,-2352.0,-433.0,2171.0,,268.0
-100.0,-379.0,,344.0,40.0,-2705.0,-543.0,2220.0,,281.0
-299.0,-394.0,,173.0,73.0,-2733.0,-546.0,2307.0,,269.0
-116.0,-282.0,,114.0,21.0,-2459.0,-437.0,2145.0,,246.0
-102.0,-198.0,,323.0,40.0,-2314.0,-384.0,2252.0,,217.0
-124.0,-114.0,,409.0,53.0,-2302.0,-436.0,2091.0,,184.0
-177.0,-76.0,,531.0,-13.0,-2408.0,-488.0,2163.0,,163.0
-246.0,-86.0,,447.0,-7.0,-2419.0,-534.0,2063.0,,141.0
79.0,-131.0,,204.0,-33.0,-2299.0,-583.0,1903.0,,111.0
-127.0,-202.0,,149.0,-56.0,-2334.0,-593.0,1960.0,,74.0
-41.0,-289.0,,149.0,-22.0,-2532.0,-502.0,1747.0,,19.0
-211.0,-429.0,,166.0,-59.0,-2584.0,-417.0,1868.0,,-55.0
110.0,-269.0,,122.0,-16.0,-2329.0,-482.0,1703.0,,-146.0
45.0,-52.0,,157.0,81.0,-1967.0,-518.0,1648.0,,-251.0
-132.0,28.0,,152.0,126.0,-1612.0,-405.0,1589.0,,-362.0
96.0,284.0,,114.0,207.0,-1230.0,-288.0,1297.0,,-463.0
-49.0,532.0,,162.0,185.0,-948.0,-291.0,1276.0,,-537.0
234.0,453.0,,190.0,108.0,-667.0,-345.0,979.0,,-584.0
-50.0,305.0,,161.0,108.0,-374.0,-303.0,1029.0,,-615.0
212.0,402.0,,131.0,54.0,-348.0,-251.0,947.0,,-622.0
91.0,355.0,,143.0,12.0,-533.0,-327.0,848.0,,-596.0
100.0,65.0,,204.0,-25.0,-655.0,-435.0,903.0,,-552.0
250.0,-33.0,,313.0,-108.0,-701.0,-378.0,691.0,,-510.0
117.0,-112.0,,292.0,-81.0,-915.0,-234.0,842.0,,-482.0
386.0,-235.0,,287.0,-57.0,-1204.0,-183.0,824.0,,-471.0
29.0,-225.0,,342.0,-80.0,-1168.0,-163.0,1056.0,,-473.0
269.0,-185.0,,307.0,-52.0,-967.0,-120.0,1271.0,,-499.0
21.0,-92.0,,256.0,-90.0,-994.0,-115.0,1261.0,,-540.0
154.0,-54.0,,314.0,-107.0,-1365.0,-197.0,1332.0,,-587.0
132.0,-14.0,,287.0,-78.0,-1675.0,-202.0,1058.0,,-628.0
77.0,-21.0,,119.0,-84.0,-1529.0,-29.0,1123.0,,-653.0
181.0,-167.0,,155.0,-14.0,-1262.0,122.0,1010.0,,-664.0
-153.0,-164.0,,332.0,50.0,-1169.0,87.0,931.0,,-643.0
150.0,-6.0,,307.0,100.0,-1234.0,-6.0,962.0,,-606.0
-187.0,66.0,,291.0,234.0,-1083.0,20.0,886.0,,-571.0
82.0,111.0,,473.0,317.0,-774.0,87.0,1108.0,,-552.0
-158.0,306.0,,444.0,395.0,-643.0,148.0,957.0,,-563.0
-62.0,327.0,,383.0,486.0,-743.0,196.0,951.0,,-595.0
-41.0,146.0,,384.0,478.0,-1005.0,200.0,794.0,,-647.0
-171.0,127.0,,379.0,485.0,-1083.0,216.0,572.0,,-692.0
150.0,254.0,,368.0,431.0,-1149.0,220.0,519.0,,-732.0
-208.0,308.0,,289.0,282.0,-1383.0,157.0,284.0,,-774.0
169.0,310.0,,319.0,181.0,-1796.0,175.0,526.0,,-789.0
-118.0,215.0,,333.0,36.0,-2072.0,288.0,582.0,,-793.0
264.0,-1.0,,298.0,-81.0,-1948.0,296.0,731.0,,-782.0
196.0,-8.0,,193.0,-92.0,-1878.0,223.0,761.0,,-767.0
213.0,-26.0,,187.0,-105.0,-1980.0,219.0,524.0,,-745.0
286.0,-74.0,,293.0,-29.0,-1970.0,248.0,546.0,,-696.0
92.0,-115.0,,281.0,61.0,-1711.0,187.0,291.0,,-646.0
586.0,-151.0,,276.0,85.0,-1485.0,138.0,388.0,,-587.0
159.0,-57.0,,201.0,173.0,-1329.0,234.0,351.0,,-528.0
488.0,-43.0,,139.0,203.0,-1218.0,354.0,386.0,,-478.0
222.0,-73.0,,173.0,199.0,-1062.0,347.0,580.0,,-446.0
514.0,-47.0,,187.0,219.0,-644.0,277.0,393.0,,-449.0
411.0,104.0,,200.0,122.0,-171.0,296.0,439.0,,-448.0
219.0,-101.0,,163.0,37.0,-19.0,335.0,188.0,,-435.0
597.0,-204.0,,128.0,-31.0,-137.0,273.0,155.0,,-405.0
381.0,47.0,,73.0,-135.0,-117.0,230.0,162.0,,-350.0
731.0,24.0,,-22.0,-133.0,-110.0,334.0,184.0,,-259.0
234.0,-35.0,,-5.0,-158.0,-83.0,441.0,517.0,,-145.0
592.0,-71.0,,-20.0,-219.0,-40.0,383.0,526.0,,-34.0
411.0,57.0,,-15.0,-166.0,43.0,225.0,768.0,,73.0
352.0,234.0,,35.0,-134.0,475.0,193.0,679.0,,160.0
512.0,359.0,,58.0,-92.0,765.0,271.0,537.0,,227.0
218.0,272.0,,111.0,-25.0,618.0,268.0,360.0,,276.0
571.0,179.0,,81.0,-54.0,508.0,307.0,-31.0,,309.0
177.0,344.0,,103.0,-41.0,608.0,444.0,-18.0,,336.0
439.0,181.0,,130.0,-45.0,617.0,497.0,-201.0,,345.0
234.0,-61.0,,204.0,-109.0,354.0,498.0,-57.0,,328.0
324.0,-149.0,,252.0,-113.0,182.0,524.0,-73.0,,292.0
385.0,-122.0,,173.0,-191.0,275.0,551.0,-262.0,,254.0
87.0,-121.0,,134.0,-273.0,388.0,553.0,-227.0,,209.0
420.0,-205.0,,40.0,-269.0,572.0,513.0,-436.0,,169.0
76.0,-104.0,,-6.0,-319.0,728.0,469.0,-384.0,,140.0
331.0,58.0,,19.0,-338.0,937.0,498.0,-548.0,,113.0
160.0,177.0,,80.0,-368.0,1081.0,585.0,-493.0,,81.0
156.0,177.0,,103.0,-478.0,1149.0,640.0,-389.0,,34.0
302.0,253.0,,151.0,-467.0,1448.0,623.0,-437.0,,-14.0
63.0,135.0,,260.0,-406.0,1707.0,598.0,-221.0,,-56.0
270.0,-110.0,,182.0,-343.0,1725.0,621.0,-317.0,,-86.0
7.0,2.0,,5.0,-189.0,1580.0,617.0,-110.0,,-103.0
247.0,-103.0,,12.0,-89.0,1600.0,601.0,-96.0,,-108.0
65.0,-29.0,,34.0,3.0,1627.0,659.0,-81.0,,-107.0
75.0,4.0,,9.0,102.0,1396.0,701.0,142.0,,-105.0
126.0,-274.0,,-1.0,43.0,1136.0,593.0,147.0,,-115.0
-25.0,-281.0,,-70.0,-9.0,1110.0,484.0,415.0,,-129.0
226.0,-324.0,,14.0,-17.0,1047.0,559.0,304.0,,-153.0
-159.0,-129.0,,13.0,-61.0,878.0,642.0,317.0,,-199.0
164.0,-177.0,,-86.0,-22.0,949.0,624.0,258.0,,-247.0
105.0,-442.0,,-31.0,21.0,1087.0,644.0,103.0,,-290.0
208.0,-466.0,,2.0,47.0,1192.0,692.0,203.0,,-310.0
144.0,-409.0,,-54.0,139.0,1128.0,665.0,53.0,,-304.0
-20.0,-376.0,,-117.0,143.0,978.0,565.0,221.0,,-269.0
356.0,-309.0,,-131.0,122.0,955.0,539.0,68.0,,-209.0
103.0,6.0,,-93.0,168.0,918.0,595.0,-46.0,,-141.0
289.0,-47.0,,-31.0,134.0,738.0,573.0,-60.0,,-80.0
-30.0,197.0,,17.0,100.0,688.0,498.0,-301.0,,-34.0
232.0,352.0,,131.0,71.0,834.0,479.0,-203.0,,-30.0
294.0,97.0,,161.0,-7.0,790.0,553.0,-360.0,,-100.0
150.0,126.0,,166.0,-24.0,745.0,640.0,-258.0,,-194.0
244.0,-16.0,,275.0,-46.0,888.0,593.0,-212.0,,-304.0
64.0,142.0,,316.0,-54.0,1239.0,501.0,-236.0,,-450.0
400.0,54.0,,363.0,42.0,1456.0,503.0,-186.0,,-581.0
85.0,-75.0,,352.0,78.0,1515.0,557.0,-474.0,,-691.0
290.0,306.0,,367.0,46.0,1772.0,510.0,-428.0,,-783.0
300.0,341.0,,417.0,24.0,1823.0,385.0,-594.0,,-856.0
426.0,165.0,,339.0,-58.0,1712.0,417.0,-670.0,,-923.0
350.0,129.0,,357.0,-90.0,1812.0,504.0,-731.0,,-985.0
199.0,337.0,,446.0,-61.0,2075.0,479.0,-840.0,,-1046.0
460.0,513.0,,404.0,-83.0,2136.0,434.0,-582.0,,-1113.0
339.0,671.0,,380.0,-48.0,2015.0,422.0,-543.0,,-1172.0
611.0,701.0,,365.0,0.0,2125.0,412.0,-192.0,,-1207.0
362.0,514.0,,249.0,-1.0,2598.0,393.0,-72.0,,-1227.0
517.0,442.0,,131.0,27.0,3103.0,422.0,-25.0,,-1226.0
397.0,77.0,,114.0,-16.0,3213.0,492.0,127.0,,-1224.0
474.0,-173.0,,107.0,-94.0,3335.0,565.0,48.0,,-1217.0
517.0,74.0,,-4.0,-78.0,3592.0,559.0,304.0,,-1203.0
372.0,96.0,,-67.0,-92.0,3731.0,441.0,242.0,,-1184.0
508.0,-59.0,,-100.0,-79.0,3464.0,378.0,299.0,,-1143.0
255.0,-286.0,,-76.0,23.0,3057.0,426.0,227.0,,-1120.0
525.0,-390.0,,-124.0,86.0,3100.0,509.0,5.0,,-1098.0
329.0,-276.0,,-157.0,150.0,3272.0,544.0,88.0,,-1087.0
557.0,-405.0,,-55.0,174.0,3401.0,569.0,-38.0,,-1096.0
401.0,-519.0,,-136.0,89.0,3349.0,639.0,151.0,,-1096.0
352.0,-538.0,,-238.0,32.0,3351.0,677.0,40.0,,-1096.0
533.0,-326.0,,-137.0,-15.0,3476.0,687.0,-72.0,,-1085.0
395.0,-250.0,,-124.0,-92.0,3482.0,701.0,-92.0,,-1071.0
583.0,-328.0,,-308.0,-96.0,3433.0,702.0,-280.0,,-1047.0
263.0,-59.0,,-217.0,-102.0,3409.0,676.0,-131.0,,-1033.0
571.0,-175.0,,-154.0,-120.0,3462.0,668.0,-218.0,,-1026.0
401.0,-267.0,,-210.0,-85.0,3361.0,691.0,-84.0,,-1027.0
485.0,-238.0,,-153.0,-113.0,3321.0,667.0,-144.0,,-1029.0
488.0,-243.0,,-169.0,-161.0,3307.0,580.0,-247.0,,-1028.0
339.0,-47.0,,-38.0,-170.0,3098.0,585.0,-225.0,,-1038.0
568.0,-77.0,,-13.0,-235.0,2818.0,707.0,-485.0,,-1010.0
311.0,-334.0,,-130.0,-253.0,2758.0,772.0,-345.0,,-951.0
552.0,-591.0,,-144.0,-204.0,2810.0,777.0,-456.0,,-860.0
220.0,-501.0,,-121.0,-209.0,2635.0,811.0,-399.0,,-742.0
464.0,-482.0,,-103.0,-189.0,2468.0,861.0,-341.0,,-636.0
401.0,-257.0,,-74.0,-156.0,2533.0,835.0,-533.0,,-542.0
238.0,92.0,,-17.0,-159.0,2863.0,740.0,-509.0,,-467.0
350.0,97.0,,-96.0,-111.0,3078.0,709.0,-785.0,,-390.0
218.0,422.0,,-152.0,-89.0,3040.0,790.0,-663.0,,-316.0
602.0,551.0,,-188.0,-133.0,3144.0,883.0,-546.0,,-238.0
106.0,463.0,,-328.0,-120.0,3461.0,850.0,-363.0,,-155.0
435.0,424.0,,-366.0,-118.0,3622.0,751.0,-70.0,,-86.0
400.0,376.0,,-355.0,-136.0,3476.0,793.0,-90.0,,-21.0
430.0,374.0,,-351.0,-72.0,3320.0,928.0,29.0,,33.0
388.0,105.0,,-397.0,-30.0,3212.0,927.0,-356.0,,80.0
157.0,240.0,,-414.0,9.0,3115.0,910.0,-583.0,,126.0
439.0,596.0,,-332.0,92.0,2946.0,995.0,-776.0,,164.0
44.0,582.0,,-373.0,111.0,2532.0,1042.0,-1034.0,,194.0
315.0,520.0,,-421.0,117.0,2205.0,1023.0,-970.0,,217.0
-21.0,451.0,,-453.0,132.0,2001.0,924.0,-1195.0,,208.0
102.0,428.0,,-467.0,87.0,1757.0,814.0,-1141.0,,165.0
-81.0,269.0,,-377.0,73.0,1598.0,855.0,-1212.0,,106.0
-126.0,95.0,,-400.0,120.0,1492.0,917.0,-1239.0,,19.0
-102.0,172.0,,-408.0,149.0,1510.0,953.0,-1245.0,,-67.0
-299.0,184.0,,-277.0,231.0,1396.0,1082.0,-1444.0,,-142.0
-91.0,122.0,,-280.0,347.0,1233.0,1144.0,-1280.0,,-189.0
-549.0,273.0,,-410.0,388.0,1143.0,1052.0,-1356.0,,-196.0
-317.0,309.0,,-479.0,435.0,1143.0,973.0,-1140.0,,-192.0
-611.0,153.0,,-372.0,441.0,1375.0,1016.0,-975.0,,-183.0
-427.0,121.0,,-348.0,346.0,1289.0,1067.0,-981.0,,-207.0
-661.0,53.0,,-482.0,281.0,1066.0,1040.0,-901.0,,-264.0
-669.0,-2.0,,-331.0,194.0,1030.0,1056.0,-1084.0,,-333.0
-639.0,159.0,,-231.0,74.0,1101.0,1005.0,-875.0,,-410.0
-833.0,321.0,,-320.0,38.0,1315.0,865.0,-835.0,,-467.0
-600.0,362.0,,-229.0,13.0,1200.0,844.0,-674.0,,-520.0
-928.0,487.0,,-169.0,2.0,813.0,872.0,-487.0,,-564.0
-569.0,175.0,,-236.0,51.0,717.0,776.0,-541.0,,-605.0
-786.0,-116.0,,-188.0,58.0,565.0,693.0,-428.0,,-641.0
-588.0,-87.0,,-45.0,62.0,50.0,803.0,-668.0,,-669.0
-746.0,-276.0,,-44.0,120.0,-345.0,877.0,-678.0,,-698.0
-639.0,-165.0,,-152.0,134.0,-488.0,818.0,-737.0,,-724.0
-530.0,-155.0,,-190.0,152.0,-482.0,813.0,-681.0,,-744.0
-661.0,-201.0,,-131.0,188.0,-608.0,813.0,-493.0,,-727.0
-464.0,-12.0,,-121.0,132.0,-857.0,727.0,-642.0,,-680.0
-669.0,-25.0,,-155.0,91.0,-902.0,621.0,-630.0,,-608.0
-315.0,-161.0,,-245.0,76.0,-1054.0,582.0,-934.0,,-516.0
-555.0,-115.0,,-303.0,11.0,-1061.0,638.0,-1005.0,,-429.0
-312.0,6.0,,-256.0,-16.0,-697.0,727.0,-1049.0,,-373.0
-307.0,66.0,,-325.0,-55.0,-565.0,707.0,-1154.0,,-344.0
-234.0,145.0,,-375.0,-114.0,-477.0,635.0,-1027.0,,-333.0
-194.0,23.0,,-335.0,-80.0,-125.0,652.0,-1217.0,,-347.0
-303.0,151.0,,-343.0,-71.0,98.0,649.0,-1152.0,,-372.0
-75.0,328.0,,-243.0,-87.0,93.0,573.0,-1315.0,,-407.0
-239.0,133.0,,-155.0,-6.0,148.0,514.0,-1372.0,,-455.0
-45.0,-57.0,,-186.0,53.0,466.0,546.0,-1391.0,,-501.0
-280.0,-171.0,,-194.0,105.0,786.0,637.0,-1648.0,,-555.0
-179.0,-212.0,,-114.0,192.0,912.0,661.0,-1601.0,,-591.0
-139.0,-407.0,,-31.0,179.0,1062.0,650.0,-1890.0,,-591.0
-119.0,-635.0,,-57.0,127.0,1260.0,624.0,-1884.0,,-586.0
-87.0,-622.0,,43.0,94.0,1452.0,568.0,-1901.0,,-557.0
-124.0,-480.0,,57.0,28.0,1474.0,559.0,-1930.0,,-516.0
130.0,-453.0,,-28.0,-5.0,1289.0,562.0,-1718.0,,-482.0
-115.0,-363.0,,-27.0,-59.0,1074.0,469.0,-1764.0,,-438.0
-110.0,43.0,,8.0,-177.0,837.0,375.0,-1491.0,,-412.0
-67.0,200.0,,-33.0,-237.0,704.0,411.0,-1465.0,,-393.0
47.0,83.0,,-120.0,-298.0,651.0,461.0,-1310.0,,-364.0
-6.0,-216.0,,56.0,-384.0,536.0,453.0,-1119.0,,-329.0
-168.0,-477.0,,38.0,-384.0,349.0,396.0,-1138.0,,-287.0
-42.0,-315.0,,5.0,-365.0,286.0,311.0,-960.0,,-236.0
-96.0,-404.0,,175.0,-336.0,429.0,204.0,-1104.0,,-174.0
-29.0,-508.0,,88.0,-213.0,296.0,149.0,-1027.0,,-105.0
-198.0,-188.0,,-65.0,-104.0,-54.0,239.0,-1212.0,,-34.0
-189.0,164.0,,-83.0,-29.0,-82.0,308.0,-1365.0,,37.0
-99.0,277.0,,-33.0,65.0,148.0,252.0,-1358.0,,97.0
-201.0,280.0,,25.0,100.0,227.0,170.0,-1537.0,,130.0
-157.0,384.0,,104.0,146.0,191.0,146.0,-1334.0,,157.0
-250.0,248.0,,-3.0,195.0,395.0,123.0,-1492.0,,174.0
-153.0,-59.0,,-156.0,144.0,768.0,89.0,-1459.0,,170.0
-209.0,-90.0,,35.0,113.0,1019.0,135.0,-1465.0,,167.0
-169.0,107.0,,77.0,105.0,1029.0,181.0,-1576.0,,136.0
-139.0,150.0,,-72.0,69.0,1060.0,58.0,-1459.0,,86.0
-220.0,89.0,,100.0,81.0,1126.0,-137.0,-1563.0,,14.0
-256.0,52.0,,59.0,82.0,1009.0,-120.0,-1274.0,,-80.0
-301.0,143.0,,-17.0,41.0,813.0,-14.0,-1260.0,,-170.0
-123.0,239.0,,114.0,68.0,544.0,-32.0,-1204.0,,-245.0
-196.0,95.0,,166.0,79.0,269.0,-123.0,-1197.0,,-301.0
-143.0,6.0,,259.0,48.0,70.0,-247.0,-1409.0,,-349.0
-269.0,24.0,,253.0,79.0,58.0,-343.0,-1313.0,,-397.0
-215.0,-26.0,,163.0,86.0,227.0,-384.0,-1533.0,,-446.0
-117.0,-213.0,,58.0,94.0,143.0,-313.0,-1439.0,,-502.0
-168.0,-270.0,,19.0,119.0,-192.0,-163.0,-1472.0,,-538.0
-50.0,-180.0,,-16.0,80.0,-371.0,-124.0,-1561.0,,-558.0
-123.0,-118.0,,60.0,59.0,-227.0,-235.0,-1437.0,,-572.0
-33.0,49.0,,0.0,51.0,-171.0,-395.0,-1513.0,,-562.0
-188.0,433.0,,-252.0,1.0,-382.0,-486.0,-1256.0,,-559.0
-87.0,756.0,,-328.0,-10.0,-401.0,-491.0,-1285.0,,-552.0
20.0,798.0,,-385.0,-27.0,-220.0,-475.0,-1147.0,,-540.0
-24.0,661.0,,-360.0,-90.0,8.0,-433.0,-1010.0,,-542.0
-165.0,286.0,,-349.0,-102.0,42.0,-455.0,-1016.0,,-529.0
-307.0,-23.0,,-265.0,-98.0,-54.0,-574.0,-761.0,,-505.0
-58.0,-163.0,,-246.0,-74.0,-64.0,-632.0,-927.0,,-467.0
-133.0,-218.0,,-424.0,22.0,-6.0,-590.0,-897.0,,-430.0
-112.0,-37.0,,-424.0,38.0,52.0,-512.0,-1110.0,,-399.0
-236.0,189.0,,-457.0,19.0,-123.0,-444.0,-1295.0,,-364.0
-275.0,156.0,,-517.0,51.0,-374.0,-465.0,-1356.0,,-340.0
-102.0,50.0,,-445.0,27.0,-598.0,-577.0,-1661.0,,-318.0
-211.0,-49.0,,-410.0,6.0,-642.0,-667.0,-1526.0,,-308.0
-221.0,-147.0,,-322.0,-4.0,-840.0,-616.0,-1613.0,,-305.0
-240.0,-167.0,,-223.0,-77.0,-1441.0,-503.0,-1454.0,,-290.0
-224.0,-339.0,,-197.0,-116.0,-1836.0,-502.0,-1424.0,,-273.0
-268.0,-291.0,,-148.0,-151.0,-1837.0,-583.0,-1548.0,,-261.0
-315.0,-122.0,,-148.0,-220.0,-1817.0,-662.0,-1398.0,,-247.0
-216.0,-187.0,,-167.0,-217.0,-2224.0,-648.0,-1520.0,,-226.0
-140.0,-166.0,,-121.0,-226.0,-2516.0,-520.0,-1221.0,,-206.0
-141.0,-91.0,,-152.0,-250.0,-2229.0,-451.0,-1125.0,,-175.0
-296.0,-93.0,,-284.0,-173.0,-1932.0,-517.0,-958.0,,-118.0
-316.0,-102.0,,-266.0,-127.0,-1930.0,-619.0,-801.0,,-33.0
-166.0,-99.0,,-255.0,-116.0,-1899.0,-674.0,-875.0,,88.0
-177.0,-154.0,,-336.0,-90.0,-1529.0,-679.0,-604.0,,216.0
-245.0,-295.0,,-333.0,-140.0,-1111.0,-642.0,-635.0,,344.0
-292.0,-463.0,,-285.0,-162.0,-1147.0,-621.0,-399.0,,471.0
-126.0,-490.0,,-199.0,-134.0,-1445.0,-644.0,-386.0,,585.0
-103.0,-517.0,,-118.0,-142.0,-1582.0,-681.0,-489.0,,677.0
-228.0,-443.0,,110.0,-97.0,-1625.0,-762.0,-465.0,,748.0
-153.0,-294.0,,113.0,-58.0,-1768.0,-761.0,-685.0,,835.0
-159.0,-373.0,,-89.0,-91.0,-1986.0,-635.0,-522.0,,924.0
-95.0,-290.0,,-17.0,-73.0,-2068.0,-561.0,-596.0,,1018.0
-145.0,-82.0,,-15.0,-59.0,-1993.0,-621.0,-452.0,,1131.0
-145.0,36.0,,-78.0,-58.0,-1845.0,-723.0,-349.0,,1245.0
-109.0,181.0,,-193.0,8.0,-1818.0,-759.0,-436.0,,1352.0
-30.0,133.0,,-175.0,45.0,-1960.0,-716.0,-293.0,,1451.0
17.0,-110.0,,-130.0,103.0,-2130.0,-615.0,-465.0,,1556.0
-105.0,-204.0,,-317.0,203.0,-2219.0,-571.0,-397.0,,1672.0
-11.0,-481.0,,-286.0,195.0,-2260.0,-651.0,-567.0,,1796.0
-24.0,-896.0,,-204.0,185.0,-2493.0,-759.0,-674.0,,1909.0
14.0,-992.0,,-303.0,207.0,-2805.0,-785.0,-652.0,,2017.0
-25.0,-1310.0,,-337.0,161.0,-2773.0,-755.0,-785.0,,2096.0
-19.0,-1747.0,,-247.0,130.0,-2472.0,-664.0,-618.0,,2147.0
28.0,-1902.0,,-232.0,51.0,-2353.0,-540.0,-748.0,,2158.0
-61.0,-1903.0,,-230.0,-70.0,-2412.0,-542.0,-718.0,,2110.0
19.0,-1951.0,,-197.0,-90.0,-2393.0,-565.0,-840.0,,2033.0
-86.0,-2178.0,,-220.0,-124.0,-2203.0,-534.0,-1032.0,,1917.0
-122.0,-2078.0,,-216.0,-129.0,-2237.0,-498.0,-1055.0,,1767.0
-153.0,-1560.0,,-239.0,-51.0,-2450.0,-463.0,-1269.0,,1578.0
-154.0,-1051.0,,-256.0,-40.0,-2536.0,-450.0,-1099.0,,1362.0
-126.0,-682.0,,-257.0,-33.0,-2423.0,-445.0,-1147.0,,1147.0
-295.0,-294.0,,-265.0,-50.0,-2189.0,-476.0,-1043.0,,943.0
-386.0,193.0,,-290.0,-141.0,-2234.0,-503.0,-910.0,,744.0
-427.0,583.0,,-325.0,-140.0,-2228.0,-469.0,-870.0,,556.0
-391.0,680.0,,-364.0,-120.0,-2184.0,-389.0,-484.0,,383.0
-505.0,755.0,,-499.0,-125.0,-2216.0,-312.0,-419.0,,228.0
-680.0,1043.0,,-564.0,-32.0,-2307.0,-299.0,-169.0,,116.0
-762.0,846.0,,-471.0,32.0,-2600.0,-341.0,-121.0,,32.0
-790.0,406.0,,-379.0,37.0,-2716.0,-431.0,-44.0,,-30.0
-668.0,223.0,,-337.0,54.0,-2650.0,-511.0,114.0,,-75.0
-764.0,-32.0,,-299.0,-2.0,-2637.0,-493.0,-66.0,,-108.0
-812.0,-206.0,,-294.0,-21.0,-2681.0,-388.0,-9.0,,-124.0
-745.0,-224.0,,-187.0,35.0,-2612.0,-265.0,-293.0,,-128.0
-761.0,89.0,,-18.0,65.0,-2516.0,-254.0,-339.0,,-121.0
-728.0,574.0,,-69.0,181.0,-2343.0,-351.0,-295.0,,-119.0
-821.0,856.0,,-152.0,299.0,-1909.0,-375.0,-243.0,,-116.0
-628.0,1188.0,,-183.0,309.0,-1580.0,-291.0,81.0,,-116.0
-615.0,1630.0,,-164.0,340.0,-1515.0,-213.0,24.0,,-123.0
-613.0,1724.0,,-127.0,321.0,-1394.0,-207.0,173.0,,-146.0
-646.0,1445.0,,-124.0,251.0,-1237.0,-247.0,131.0,,-180.0
-726.0,1292.0,,-116.0,271.0,-1218.0,-260.0,164.0,,-223.0
-432.0,1071.0,,-139.0,278.0,-1606.0,-218.0,256.0,,-266.0
-478.0,654.0,,-146.0,310.0,-2168.0,-172.0,184.0,,-290.0
-415.0,273.0,,-195.0,377.0,-2408.0,-192.0,456.0,,-291.0
-622.0,81.0,,-217.0,315.0,-2646.0,-229.0,408.0,,-267.0
-449.0,-10.0,,-196.0,265.0,-2953.0,-166.0,533.0,,-243.0
-411.0,3.0,,-157.0,246.0,-3305.0,-96.0,439.0,,-216.0
-557.0,374.0,,-126.0,163.0,-3230.0,-176.0,258.0,,-183.0
-427.0,870.0,,-128.0,161.0,-2810.0,-299.0,371.0,,-134.0
-512.0,1363.0,,-57.0,155.0,-2641.0,-297.0,267.0,,-71.0
-205.0,1735.0,,-34.0,103.0,-2531.0,-166.0,482.0,,2.0
-495.0,1796.0,,-18.0,127.0,-2237.0,-38.0,426.0,,64.0
-339.0,1675.0,,10.0,129.0,-1771.0,-31.0,509.0,,89.0
-334.0,1653.0,,113.0,135.0,-1718.0,-129.0,574.0,,86.0
-244.0,1409.0,,343.0,194.0,-1884.0,-245.0,432.0,,44.0
-219.0,790.0,,408.0,171.0,-2070.0,-262.0,530.0,,-15.0
-417.0,267.0,,411.0,152.0,-2336.0,-229.0,315.0,,-81.0
-186.0,-126.0,,336.0,181.0,-2654.0,-265.0,532.0,,-130.0
-361.0,-527.0,,249.0,168.0,-2992.0,-323.0,637.0,,-156.0
-49.0,-1151.0,,257.0,205.0,-3359.0,-319.0,657.0,,-172.0
-316.0,-1417.0,,229.0,240.0,-4013.0,-224.0,783.0,,-161.0
-124.0,-1165.0,,258.0,203.0,-4251.0,-170.0,633.0,,-136.0
-164.0,-1050.0,,212.0,211.0,-4074.0,-257.0,731.0,,-86.0
-146.0,-1085.0,,94.0,173.0,-3896.0,-334.0,515.0,,-15.0
-32.0,-664.0,,114.0,69.0,-3708.0,-275.0,485.0,,62.0
-214.0,82.0,,140.0,24.0,-3449.0,-174.0,424.0,,127.0
68.0,186.0,,-16.0,-28.0,-2759.0,-186.0,304.0,,170.0
-300.0,309.0,,-60.0,-67.0,-2247.0,-253.0,452.0,,196.0
3.0,635.0,,-115.0,-66.0,-2335.0,-268.0,286.0,,176.0
-215.0,761.0,,-234.0,-130.0,-2400.0,-207.0,406.0,,119.0
-65.0,779.0,,-152.0,-148.0,-2196.0,-93.0,369.0,,48.0
-170.0,695.0,,-79.0,-131.0,-2146.0,-61.0,452.0,,-50.0
-286.0,570.0,,-68.0,-205.0,-2455.0,-106.0,628.0,,-173.0
-25.0,162.0,,-127.0,-247.0,-2662.0,-138.0,617.0,,-292.0
-374.0,-388.0,,-42.0,-280.0,-2441.0,-122.0,855.0,,-409.0
-51.0,-859.0,,76.0,-345.0,-2184.0,-95.0,798.0,,-506.0
-359.0,-903.0,,34.0,-314.0,-2292.0,-169.0,1040.0,,-595.0
-135.0,-712.0,,125.0,-282.0,-2250.0,-323.0,1156.0,,-684.0
-252.0,-370.0,,159.0,-249.0,-2093.0,-373.0,1223.0,,-757.0
-332.0,-60.0,,143.0,-169.0,-2032.0,-229.0,1396.0,,-830.0
-313.0,260.0,,179.0,-178.0,-1911.0,-82.0,1284.0,,-891.0
-464.0,883.0,,179.0,-174.0,-2091.0,-130.0,1544.0,,-942.0
-184.0,852.0,,224.0,-131.0,-2151.0,-325.0,1524.0,,-980.0
-556.0,439.0,,285.0,-179.0,-1941.0,-455.0,1557.0,,-1006.0
-408.0,492.0,,293.0,-216.0,-1736.0,-411.0,1553.0,,-1005.0
-516.0,743.0,,190.0,-233.0,-1667.0,-308.0,1507.0,,-959.0
-333.0,471.0,,232.0,-254.0,-1752.0,-299.0,1775.0,,-883.0
-415.0,-72.0,,250.0,-179.0,-1552.0,-339.0,1766.0,,-774.0
-499.0,-374.0,,182.0,-101.0,-1240.0,-362.0,1986.0,,-643.0
-278.0,-799.0,,182.0,-68.0,-1149.0,-408.0,1925.0,,-508.0
-337.0,-1587.0,,130.0,-22.0,-1149.0,-446.0,1882.0,,-384.0
-90.0,-2463.0,,197.0,-66.0,-983.0,-475.0,1884.0,,-286.0
-333.0,-2633.0,,253.0,-153.0,-757.0,-488.0,1648.0,,-225.0
-152.0,-2628.0,,231.0,-196.0,-824.0,-441.0,1722.0,,-199.0
-234.0,-2860.0,,242.0,-293.0,-1128.0,-377.0,1546.0,,-194.0
-81.0,-2776.0,,304.0,-362.0,-1267.0,-411.0,1642.0,,-215.0
-14.0,-2431.0,,313.0,-363.0,-1325.0,-529.0,1609.0,,-231.0
-66.0,-1915.0,,359.0,-385.0,-1452.0,-557.0,1470.0,,-229.0
140.0,-1004.0,,414.0,-343.0,-1391.0,-469.0,1559.0,,-202.0
45.0,-165.0,,349.0,-279.0,-1343.0,-339.0,1304.0,,-138.0
259.0,102.0,,314.0,-229.0,-1304.0,-338.0,1306.0,,-55.0
65.0,473.0,,356.0,-95.0,-1171.0,-465.0,1110.0,,34.0
345.0,696.0,,471.0,5.0,-1341.0,-525.0,1047.0,,108.0
244.0,842.0,,483.0,63.0,-1435.0,-529.0,1008.0,,157.0
256.0,981.0,,365.0,149.0,-1272.0,-540.0,774.0,,147.0
213.0,759.0,,304.0,163.0,-1237.0,-570.0,920.0,,83.0
163.0,592.0,,290.0,156.0,-1233.0,-573.0,849.0,,-11.0
363.0,80.0,,217.0,138.0,-1352.0,-503.0,1062.0,,-138.0
59.0,-419.0,,234.0,25.0,-1494.0,-378.0,1182.0,,-264.0
348.0,-756.0,,225.0,-93.0,-1525.0,-363.0,1225.0,,-384.0
71.0,-1165.0,,163.0,-222.0,-1604.0,-553.0,1374.0,,-480.0
263.0,-1291.0,,221.0,-377.0,-1786.0,-638.0,1271.0,,-561.0
149.0,-1287.0,,225.0,-437.0,-1903.0,-484.0,1417.0,,-633.0
188.0,-1374.0,,165.0,-465.0,-1979.0,-291.0,1298.0,,-679.0
337.0,-1701.0,,146.0,-513.0,-2274.0,-253.0,1422.0,,-698.0
89.0,-1919.0,,176.0,-488.0,-2299.0,-391.0,1548.0,,-692.0
360.0,-1829.0,,204.0,-445.0,-1953.0,-552.0,1516.0,,-661.0
52.0,-1395.0,,193.0,-392.0,-1503.0,-599.0,1716.0,,-621.0
383.0,-811.0,,221.0,-292.0,-951.0,-531.0,1568.0,,-600.0
222.0,-210.0,,245.0,-242.0,-908.0,-433.0,1625.0,,-602.0
197.0,617.0,,178.0,-191.0,-1001.0,-351.0,1431.0,,-631.0
157.0,1313.0,,121.0,-128.0,-673.0,-342.0,1280.0,,-684.0
76.0,1776.0,,134.0,-156.0,-555.0,-388.0,1237.0,,-720.0
298.0,2085.0,,211.0,-147.0,-815.0,-417.0,1040.0,,-729.0
-44.0,2034.0,,152.0,-87.0,-1168.0,-353.0,1195.0,,-730.0
165.0,1478.0,,3.0,-84.0,-1427.0,-219.0,966.0,,-710.0
29.0,782.0,,-20.0,-58.0,-1520.0,-140.0,942.0,,-681.0
67.0,391.0,,-75.0,-38.0,-1585.0,-215.0,953.0,,-645.0
-64.0,186.0,,-156.0,-58.0,-1847.0,-451.0,1012.0,,-591.0
-113.0,221.0,,-136.0,-34.0,-1685.0,-582.0,1302.0,,-532.0
47.0,463.0,,-131.0,-18.0,-1143.0,-420.0,1284.0,,-468.0
-12.0,665.0,,-202.0,-25.0,-693.0,-90.0,1550.0,,-402.0
46.0,937.0,,-158.0,-15.0,-124.0,109.0,1535.0,,-340.0
-182.0,910.0,,-121.0,-46.0,285.0,28.0,1590.0,,-306.0
16.0,871.0,,-193.0,-67.0,781.0,-179.0,1590.0,,-298.0
78.0,1076.0,,-166.0,-25.0,1219.0,-306.0,1326.0,,-310.0
64.0,665.0,,-112.0,-18.0,1300.0,-262.0,1250.0,,-352.0
27.0,118.0,,-182.0,-11.0,1162.0,-143.0,861.0,,-398.0
-14.0,-218.0,,-211.0,16.0,832.0,-82.0,809.0,,-435.0
151.0,-420.0,,-138.0,-2.0,469.0,-124.0,681.0,,-456.0
91.0,-310.0,,-158.0,29.0,4.0,-174.0,679.0,,-449.0
175.0,-505.0,,-231.0,102.0,-590.0,-192.0,907.0,,-413.0
164.0,-597.0,,-271.0,121.0,-794.0,-193.0,903.0,,-366.0
163.0,-218.0,,-238.0,185.0,-357.0,-165.0,1169.0,,-318.0
296.0,82.0,,-159.0,254.0,47.0,-148.0,1121.0,,-269.0
232.0,506.0,,-155.0,214.0,407.0,-179.0,1221.0,,-224.0
266.0,830.0,,-242.0,159.0,806.0,-303.0,1186.0,,-171.0
250.0,932.0,,-329.0,106.0,1394.0,-363.0,1005.0,,-105.0
310.0,1075.0,,-322.0,59.0,1899.0,-225.0,1032.0,,-32.0
333.0,982.0,,-299.0,86.0,1890.0,20.0,698.0,,51.0
272.0,715.0,,-274.0,79.0,1778.0,204.0,644.0,,126.0
402.0,444.0,,-250.0,17.0,1600.0,177.0,391.0,,172.0
325.0,21.0,,-199.0,0.0,1529.0,-9.0,282.0,,202.0
422.0,-707.0,,-189.0,-16.0,1206.0,-190.0,275.0,,214.0
310.0,-1089.0,,-233.0,14.0,779.0,-240.0,-9.0,,210.0
284.0,-996.0,,-112.0,113.0,658.0,-222.0,46.0,,211.0
233.0,-694.0,,-80.0,120.0,779.0,-135.0,-94.0,,224.0
146.0,-301.0,,-100.0,62.0,1252.0,27.0,97.0,,273.0
258.0,23.0,,-4.0,19.0,1617.0,88.0,195.0,,366.0
96.0,272.0,,-8.0,-40.0,1850.0,4.0,142.0,,483.0
211.0,274.0,,107.0,-43.0,2129.0,-109.0,271.0,,622.0
76.0,512.0,,195.0,17.0,2520.0,-132.0,129.0,,762.0
207.0,651.0,,175.0,47.0,2778.0,-71.0,319.0,,883.0
72.0,923.0,,300.0,88.0,2659.0,56.0,291.0,,992.0
48.0,1119.0,,315.0,153.0,2610.0,191.0,415.0,,1071.0
113.0,698.0,,274.0,211.0,2986.0,176.0,580.0,,1133.0
30.0,392.0,,295.0,318.0,3206.0,44.0,487.0,,1185.0
232.0,43.0,,197.0,392.0,3023.0,-51.0,650.0,,1192.0
55.0,-71.0,,86.0,366.0,2887.0,-53.0,522.0,,1172.0
252.0,-95.0,,83.0,348.0,2804.0,21.0,618.0,,1128.0
56.0,129.0,,65.0,294.0,2804.0,74.0,541.0,,1051.0
239.0,456.0,,56.0,188.0,2657.0,87.0,436.0,,967.0
192.0,588.0,,31.0,105.0,2684.0,202.0,489.0,,883.0
128.0,1003.0,,-13.0,-20.0,2813.0,332.0,393.0,,799.0
144.0,997.0,,-2.0,-134.0,2819.0,295.0,683.0,,714.0
16.0,1012.0,,-89.0,-144.0,2934.0,116.0,711.0,,621.0
288.0,1166.0,,-149.0,-133.0,2940.0,-48.0,886.0,,517.0
-33.0,1053.0,,-206.0,-100.0,3023.0,-44.0,901.0,,421.0
196.0,992.0,,-241.0,-31.0,3019.0,37.0,676.0,,340.0
68.0,744.0,,-191.0,-5.0,3099.0,40.0,665.0,,289.0
226.0,431.0,,-145.0,25.0,3265.0,17.0,356.0,,310.0
131.0,267.0,,-46.0,83.0,3374.0,43.0,391.0,,404.0
-15.0,77.0,,-88.0,110.0,3512.0,101.0,271.0,,568.0
235.0,-398.0,,-114.0,181.0,3633.0,115.0,136.0,,782.0
143.0,-883.0,,-92.0,269.0,4127.0,28.0,84.0,,992.0
395.0,-1020.0,,-45.0,295.0,4518.0,-32.0,-81.0,,1176.0
50.0,-725.0,,-5.0,327.0,4515.0,62.0,22.0,,1319.0
266.0,-333.0,,-58.0,311.0,4439.0,184.0,-275.0,,1400.0
255.0,21.0,,-12.0,198.0,4374.0,213.0,-367.0,,1411.0
344.0,588.0,,-27.0,104.0,4118.0,177.0,-498.0,,1350.0
278.0,984.0,,-35.0,24.0,3673.0,95.0,-631.0,,1219.0
94.0,1369.0,,-42.0,-49.0,3399.0,0.0,-478.0,,1048.0
308.0,1634.0,,-61.0,-38.0,3237.0,-24.0,-528.0,,875.0
62.0,1721.0,,-51.0,-9.0,3019.0,57.0,-260.0,,694.0
292.0,1974.0,,-141.0,46.0,2819.0,182.0,-216.0,,533.0
80.0,1884.0,,-158.0,170.0,2893.0,242.0,-99.0,,410.0
282.0,1173.0,,-107.0,271.0,3016.0,178.0,-62.0,,311.0
100.0,211.0,,-72.0,376.0,3234.0,90.0,-190.0,,228.0
106.0,-607.0,,-77.0,464.0,3505.0,114.0,49.0,,148.0
115.0,-1329.0,,-10.0,451.0,3716.0,292.0,46.0,,69.0
-51.0,-1666.0,,21.0,396.0,3972.0,447.0,267.0,,-18.0
220.0,-1753.0,,63.0,302.0,3958.0,398.0,282.0,,-123.0
-233.0,-1668.0,,189.0,165.0,3972.0,259.0,253.0,,-238.0
81.0,-1312.0,,79.0,47.0,3885.0,167.0,290.0,,-336.0
-245.0,-1090.0,,73.0,-67.0,3649.0,162.0,-14.0,,-435.0
30.0,-813.0,,128.0,-172.0,3404.0,208.0,3.0,,-523.0
-56.0,-632.0,,33.0,-207.0,3092.0,256.0,-229.0,,-595.0
-104.0,-615.0,,-27.0,-215.0,2972.0,280.0,-210.0,,-659.0
109.0,-635.0,,-187.0,-217.0,2867.0,299.0,-92.0,,-697.0
-288.0,-491.0,,-261.0,-163.0,2775.0,331.0,-86.0,,-735.0
188.0,-240.0,,-279.0,-103.0,2592.0,338.0,182.0,,-759.0
-268.0,-143.0,,-222.0,-51.0,2421.0,345.0,72.0,,-752.0
233.0,-97.0,,-60.0,24.0,2382.0,363.0,129.0,,-725.0
-126.0,-161.0,,9.0,72.0,2266.0,355.0,-24.0,,-673.0
24.0,-1.0,,147.0,105.0,2147.0,244.0,-92.0,,-600.0
141.0,267.0,,266.0,129.0,2031.0,22.0,73.0,,-526.0
-94.0,409.0,,318.0,59.0,2020.0,-42.0,59.0,,-460.0
389.0,361.0,,425.0,-87.0,2026.0,249.0,258.0,,-396.0
-56.0,74.0,,544.0,-268.0,1809.0,646.0,75.0,,-352.0
494.0,-311.0,,627.0,-494.0,1616.0,806.0,27.0,,-318.0
21.0,-597.0,,643.0,-676.0,1685.0,640.0,-127.0,,-274.0
450.0,-604.0,,604.0,-783.0,1660.0,281.0,-332.0,,-239.0
327.0,-646.0,,557.0,-856.0,1556.0,81.0,-238.0,,-186.0
306.0,-778.0,,445.0,-862.0,1675.0,205.0,-386.0,,-134.0
511.0,-1141.0,,324.0,-844.0,1989.0,487.0,-218.0,,-104.0
159.0,-1430.0,,232.0,-823.0,2214.0,684.0,-267.0,,-87.0
622.0,-1212.0,,162.0,-726.0,2249.0,622.0,-280.0,,-105.0
130.0,-878.0,,98.0,-553.0,2367.0,389.0,-212.0,,-139.0
585.0,-520.0,,59.0,-334.0,2314.0,281.0,-323.0,,-206.0
230.0,-24.0,,100.0,-89.0,2118.0,341.0,-243.0,,-298.0
436.0,439.0,,143.0,79.0,1738.0,384.0,-469.0,,-392.0
395.0,617.0,,183.0,143.0,1327.0,381.0,-384.0,,-518.0
240.0,936.0,,207.0,164.0,1206.0,338.0,-408.0,,-652.0
518.0,1449.0,,309.0,156.0,909.0,262.0,-489.0,,-793.0
140.0,1770.0,,408.0,187.0,723.0,206.0,-456.0,,-934.0
514.0,1815.0,,456.0,286.0,690.0,221.0,-692.0,,-1037.0
112.0,1620.0,,497.0,369.0,705.0,323.0,-594.0,,-1104.0
433.0,1443.0,,488.0,455.0,887.0,471.0,-748.0,,-1117.0
203.0,836.0,,470.0,542.0,1164.0,534.0,-703.0,,-1103.0
172.0,66.0,,423.0,544.0,1596.0,349.0,-635.0,,-1060.0
248.0,-313.0,,421.0,469.0,1842.0,52.0,-759.0,,-996.0
1.0,-569.0,,255.0,340.0,1835.0,-43.0,-667.0,,-937.0
338.0,-757.0,,56.0,163.0,1710.0,130.0,-888.0,,-874.0
-11.0,-936.0,,-47.0,16.0,1535.0,349.0,-875.0,,-821.0
313.0,-1167.0,,-106.0,-76.0,1134.0,430.0,-1040.0,,-762.0
76.0,-1429.0,,-126.0,-152.0,689.0,406.0,-1117.0,,-710.0
206.0,-1195.0,,-303.0,-160.0,610.0,338.0,-1043.0,,-662.0
260.0,-653.0,,-291.0,-96.0,770.0,311.0,-1141.0,,-627.0
136.0,-113.0,,-208.0,-27.0,739.0,342.0,-910.0,,-608.0
408.0,439.0,,-234.0,64.0,464.0,372.0,-979.0,,-582.0
80.0,379.0,,-238.0,158.0,415.0,347.0,-790.0,,-563.0
412.0,13.0,,-247.0,222.0,442.0,238.0,-615.0,,-540.0
208.0,-322.0,,-256.0,296.0,218.0,118.0,-587.0,,-512.0
334.0,-517.0,,-283.0,334.0,-110.0,101.0,-430.0,,-488.0
345.0,-473.0,,-210.0,323.0,-135.0,188.0,-546.0,,-482.0
308.0,-640.0,,-185.0,311.0,-148.0,266.0,-334.0,,-493.0
512.0,-905.0,,-131.0,241.0,-371.0,306.0,-308.0,,-511.0
290.0,-758.0,,-138.0,107.0,-535.0,341.0,-168.0,,-537.0
583.0,-373.0,,-192.0,-32.0,-503.0,373.0,-53.0,,-578.0
354.0,-65.0,,-153.0,-191.0,-247.0,335.0,-186.0,,-621.0
566.0,272.0,,-134.0,-310.0,-205.0,240.0,-72.0,,-664.0
582.0,484.0,,-62.0,-354.0,-292.0,300.0,-351.0,,-710.0
548.0,403.0,,-28.0,-374.0,-356.0,506.0,-441.0,,-765.0
606.0,102.0,,-30.0,-330.0,-513.0,601.0,-611.0,,-828.0
486.0,-147.0,,-61.0,-229.0,-691.0,444.0,-720.0,,-897.0
722.0,-114.0,,62.0,-160.0,-924.0,149.0,-565.0,,-972.0
506.0,8.0,,225.0,-99.0,-1163.0,18.0,-683.0,,-1039.0
633.0,-103.0,,200.0,-59.0,-1323.0,126.0,-574.0,,-1118.0
521.0,126.0,,173.0,-87.0,-1399.0,368.0,-746.0,,-1184.0
538.0,631.0,,171.0,-130.0,-1363.0,613.0,-766.0,,-1213.0
458.0,859.0,,89.0,-221.0,-1209.0,656.0,-776.0,,-1207.0
443.0,1151.0,,44.0,-352.0,-1060.0,450.0,-947.0,,-1157.0
665.0,1247.0,,120.0,-414.0,-850.0,131.0,-905.0,,-1107.0
488.0,1295.0,,157.0,-434.0,-551.0,-99.0,-1199.0,,-1062.0
642.0,1218.0,,221.0,-398.0,-383.0,-85.0,-1249.0,,-1013.0
527.0,1152.0,,251.0,-266.0,-442.0,139.0,-1455.0,,-952.0
658.0,1345.0,,262.0,-134.0,-532.0,306.0,-1611.0,,-879.0
666.0,1512.0,,247.0,-6.0,-651.0,316.0,-1635.0,,-809.0
652.0,1721.0,,208.0,134.0,-972.0,230.0,-1849.0,,-722.0
720.0,1677.0,,248.0,213.0,-1336.0,115.0,-1685.0,,-618.0
603.0,1913.0,,235.0,269.0,-1526.0,132.0,-1723.0,,-516.0
761.0,2272.0,,301.0,326.0,-1587.0,197.0,-1529.0,,-410.0
665.0,2262.0,,432.0,310.0,-1691.0,197.0,-1430.0,,-314.0
788.0,2002.0,,440.0,276.0,-1594.0,198.0,-1443.0,,-232.0
798.0,1861.0,,305.0,212.0,-1204.0,152.0,-1140.0,,-164.0
843.0,1917.0,,198.0,64.0,-1025.0,18.0,-1125.0,,-112.0
793.0,1419.0,,175.0,-38.0,-1042.0,18.0,-870.0,,-92.0
705.0,938.0,,188.0,-46.0,-929.0,272.0,-868.0,,-108.0
839.0,783.0,,243.0,31.0,-690.0,377.0,-873.0,,-136.0
764.0,708.0,,271.0,213.0,-560.0,107.0,-831.0,,-179.0
817.0,460.0,,279.0,368.0,-558.0,-218.0,-1010.0,,-202.0
663.0,184.0,,189.0,455.0,-294.0,-308.0,-936.0,,-213.0
650.0,332.0,,221.0,543.0,-115.0,-100.0,-1178.0,,-221.0
563.0,448.0,,286.0,589.0,-212.0,228.0,-1134.0,,-209.0
570.0,448.0,,179.0,610.0,-325.0,331.0,-1149.0,,-201.0
531.0,481.0,,145.0,606.0,-431.0,81.0,-1210.0,,-180.0
382.0,597.0,,139.0,460.0,-238.0,-259.0,-1055.0,,-160.0
376.0,699.0,,166.0,243.0,-153.0,-310.0,-1182.0,,-154.0
226.0,514.0,,186.0,40.0,-171.0,-124.0,-1021.0,,-156.0
329.0,239.0,,141.0,-170.0,-179.0,-67.0,-1128.0,,-181.0
171.0,184.0,,30.0,-296.0,-289.0,-135.0,-1075.0,,-231.0
250.0,234.0,,-40.0,-337.0,-366.0,-23.0,-973.0,,-304.0
177.0,68.0,,-48.0,-373.0,-666.0,201.0,-958.0,,-381.0
249.0,-571.0,,-63.0,-343.0,-835.0,188.0,-626.0,,-445.0
342.0,-1010.0,,3.0,-296.0,-1064.0,94.0,-687.0,,-491.0
203.0,-1367.0,,11.0,-273.0,-1311.0,73.0,-585.0,,-494.0
335.0,-1940.0,,16.0,-168.0,-1201.0,26.0,-790.0,,-457.0
173.0,-2180.0,,27.0,-20.0,-979.0,90.0,-1055.0,,-415.0
405.0,-2015.0,,46.0,135.0,-870.0,148.0,-1119.0,,-360.0
241.0,-1303.0,,32.0,275.0,-888.0,4.0,-1389.0,,-308.0
315.0,-626.0,,-1.0,280.0,-587.0,-155.0,-1289.0,,-264.0
213.0,66.0,,-25.0,241.0,-360.0,-116.0,-1424.0,,-224.0
152.0,827.0,,-86.0,234.0,-259.0,41.0,-1365.0,,-204.0
292.0,1680.0,,-43.0,156.0,-173.0,165.0,-1310.0,,-202.0
24.0,2527.0,,-83.0,85.0,-227.0,158.0,-1326.0,,-221.0
210.0,2846.0,,-50.0,87.0,-225.0,-40.0,-1075.0,,-258.0
-73.0,3070.0,,15.0,79.0,-293.0,-253.0,-1127.0,,-307.0
152.0,2678.0,,-69.0,136.0,-175.0,-216.0,-881.0,,-358.0
-77.0,1950.0,,-35.0,239.0,-20.0,23.0,-855.0,,-422.0
-104.0,1316.0,,-10.0,319.0,212.0,151.0,-838.0,,-493.0
-52.0,597.0,,0.0,453.0,450.0,116.0,-796.0,,-573.0
-162.0,-1.0,,15.0,539.0,511.0,107.0,-1012.0,,-662.0
19.0,-783.0,,-128.0,542.0,664.0,87.0,-927.0,,-743.0
-284.0,-1494.0,,-251.0,604.0,778.0,9.0,-1158.0,,-823.0
41.0,-2206.0,,-334.0,675.0,1094.0,-143.0,-1169.0,,-882.0
-149.0,-2838.0,,-452.0,749.0,1229.0,-235.0,-1230.0,,-911.0
49.0,-3096.0,,-520.0,858.0,1026.0,-90.0,-1324.0,,-902.0
-123.0,-3295.0,,-525.0,909.0,1097.0,75.0,-1230.0,,-858.0
-176.0,-3489.0,,-471.0,948.0,1249.0,113.0,-1439.0,,-777.0
-117.0,-3719.0,,-434.0,980.0,1263.0,42.0,-1348.0,,-664.0
-236.0,-3770.0,,-332.0,904.0,1091.0,-63.0,-1457.0,,-538.0
-9.0,-3651.0,,-218.0,814.0,868.0,-68.0,-1289.0,,-400.0
-335.0,-3198.0,,-218.0,704.0,853.0,-51.0,-1008.0,,-288.0
-112.0,-2380.0,,-224.0,538.0,916.0,-81.0,-916.0,,-225.0
-350.0,-1794.0,,-157.0,444.0,1029.0,-89.0,-598.0,,-216.0
-143.0,-1530.0,,-40.0,373.0,1098.0,-49.0,-648.0,,-260.0
-309.0,-1277.0,,-38.0,277.0,1052.0,79.0,-506.0,,-336.0
-254.0,-780.0,,-27.0,268.0,1047.0,272.0,-570.0,,-452.0
-156.0,-478.0,,-41.0,264.0,1056.0,280.0,-615.0,,-600.0
-332.0,-216.0,,-179.0,194.0,950.0,-8.0,-443.0,,-745.0
-101.0,142.0,,-176.0,119.0,592.0,-242.0,-497.0,,-886.0
-436.0,342.0,,-121.0,8.0,502.0,-70.0,-258.0,,-1017.0
-36.0,678.0,,-141.0,-63.0,762.0,233.0,-291.0,,-1124.0
-268.0,1087.0,,-58.0,-48.0,953.0,331.0,-169.0,,-1205.0
-29.0,1426.0,,-44.0,-64.0,1084.0,317.0,-136.0,,-1257.0
-196.0,1487.0,,-117.0,-60.0,1126.0,137.0,-206.0,,-1282.0
-316.0,1532.0,,16.0,-44.0,1361.0,-167.0,68.0,,-1258.0
-88.0,1451.0,,115.0,-111.0,1646.0,-218.0,35.0,,-1186.0
-349.0,1132.0,,162.0,-147.0,1749.0,66.0,168.0,,-1078.0
-11.0,700.0,,287.0,-191.0,1638.0,261.0,114.0,,-956.0
-415.0,-16.0,,217.0,-296.0,1460.0,186.0,173.0,,-828.0
-120.0,-631.0,,170.0,-343.0,1475.0,105.0,321.0,,-693.0
-352.0,-1396.0,,266.0,-431.0,1245.0,39.0,173.0,,-552.0
-286.0,-2373.0,,211.0,-538.0,955.0,-36.0,221.0,,-404.0
-203.0,-3098.0,,157.0,-572.0,979.0,76.0,-92.0,,-258.0
-438.0,-3572.0,,261.0,-662.0,1103.0,330.0,-188.0,,-122.0
-119.0,-3836.0,,309.0,-738.0,1203.0,380.0,-336.0,,-17.0
-417.0,-3922.0,,233.0,-714.0,1114.0,193.0,-587.0,,63.0
-3.0,-3705.0,,309.0,-660.0,1058.0,-68.0,-554.0,,108.0
-230.0,-2950.0,,275.0,-502.0,1101.0,-264.0,-700.0,,117.0
31.0,-1924.0,,103.0,-307.0,1051.0,-86.0,-559.0,,111.0
85.0,-903.0,,180.0,-206.0,1022.0,352.0,-642.0,,68.0
-11.0,-29.0,,211.0,-89.0,1063.0,478.0,-556.0,,23.0
244.0,701.0,,165.0,-16.0,981.0,123.0,-419.0,,-1.0
-95.0,1207.0,,220.0,-33.0,919.0,-269.0,-380.0,,-23.0
206.0,1172.0,,277.0,-4.0,1089.0,-297.0,40.0,,-47.0
-84.0,1089.0,,220.0,-28.0,1070.0,-52.0,84.0,,-79.0
97.0,971.0,,240.0,-93.0,922.0,217.0,349.0,,-126.0
-50.0,694.0,,314.0,-96.0,955.0,267.0,417.0,,-187.0
-81.0,284.0,,295.0,-160.0,1086.0,33.0,310.0,,-274.0
77.0,-71.0,,297.0,-257.0,1022.0,-176.0,293.0,,-377.0
-126.0,49.0,,344.0,-322.0,830.0,-180.0,64.0,,-474.0
73.0,300.0,,418.0,-394.0,744.0,11.0,195.0,,-569.0
-213.0,507.0,,319.0,-371.0,667.0,314.0,77.0,,-640.0
-26.0,797.0,,262.0,-307.0,818.0,440.0,177.0,,-679.0
-214.0,1482.0,,325.0,-303.0,1061.0,244.0,264.0,,-694.0
-79.0,1938.0,,306.0,-251.0,1216.0,-55.0,245.0,,-687.0
-118.0,2040.0,,302.0,-223.0,1306.0,-153.0,460.0,,-683.0
-213.0,2187.0,,353.0,-245.0,1431.0,26.0,262.0,,-682.0
-82.0,1824.0,,371.0,-186.0,1597.0,285.0,365.0,,-690.0
-273.0,1163.0,,290.0,-147.0,1667.0,384.0,332.0,,-721.0
-92.0,441.0,,238.0,-143.0,1567.0,181.0,393.0,,-765.0
-341.0,-304.0,,207.0,-136.0,1470.0,-187.0,596.0,,-827.0
-74.0,-1015.0,,189.0,-211.0,1548.0,-317.0,580.0,,-898.0
-162.0,-1488.0,,218.0,-268.0,1551.0,-55.0,833.0,,-955.0
-100.0,-1723.0,,214.0,-284.0,1513.0,249.0,711.0,,-982.0
-46.0,-1939.0,,227.0,-340.0,1346.0,199.0,739.0,,-959.0
-155.0,-1888.0,,276.0,-362.0,1327.0,-86.0,691.0,,-865.0
0.0,-1555.0,,400.0,-397.0,1366.0,-251.0,681.0,,-713.0
-157.0,-956.0,,580.0,-469.0,1287.0,-183.0,953.0,,-537.0
99.0,-531.0,,626.0,-474.0,1360.0,12.0,925.0,,-351.0
-63.0,-358.0,,687.0,-503.0,1410.0,140.0,1117.0,,-183.0
80.0,-106.0,,728.0,-571.0,1492.0,37.0,997.0,,-36.0
-30.0,41.0,,654.0,-584.0,1300.0,-163.0,920.0,,93.0
-100.0,173.0,,578.0,-594.0,1010.0,-216.0,803.0,,170.0
-15.0,208.0,,390.0,-570.0,1041.0,-121.0,535.0,,185.0
-93.0,247.0,,360.0,-489.0,1078.0,63.0,670.0,,151.0
50.0,140.0,,339.0,-443.0,1164.0,157.0,618.0,,83.0
-154.0,-84.0,,108.0,-382.0,1400.0,39.0,855.0,,11.0
-7.0,-152.0,,32.0,-319.0,1478.0,-124.0,944.0,,-54.0
-150.0,-471.0,,-10.0,-327.0,1319.0,-257.0,960.0,,-109.0
-86.0,-664.0,,-110.0,-312.0,1072.0,-390.0,1056.0,,-127.0
-155.0,-853.0,,-151.0,-332.0,813.0,-384.0,796.0,,-111.0
-197.0,-1192.0,,-126.0,-406.0,525.0,-160.0,774.0,,-64.0
-151.0,-1446.0,,-101.0,-411.0,310.0,17.0,537.0,,26.0
-280.0,-1724.0,,-52.0,-437.0,242.0,-115.0,589.0,,146.0
-146.0,-1938.0,,55.0,-466.0,164.0,-380.0,694.0,,273.0
-343.0,-2192.0,,86.0,-436.0,-122.0,-367.0,655.0,,373.0
-211.0,-2130.0,,95.0,-465.0,-303.0,-109.0,866.0,,422.0
-332.0,-1904.0,,140.0,-481.0,-31.0,26.0,696.0,,407.0
-280.0,-1768.0,,169.0,-440.0,66.0,-35.0,803.0,,319.0
-359.0,-1625.0,,166.0,-410.0,-283.0,-130.0,727.0,,190.0
-403.0,-1772.0,,83.0,-317.0,-717.0,-140.0,644.0,,41.0
-293.0,-2109.0,,31.0,-215.0,-839.0,-40.0,707.0,,-108.0
-407.0,-2178.0,,1.0,-167.0,-889.0,18.0,491.0,,-217.0
-246.0,-1937.0,,-166.0,-86.0,-1163.0,-116.0,670.0,,-273.0
-479.0,-1727.0,,-229.0,-52.0,-1162.0,-268.0,679.0,,-244.0
-350.0,-1357.0,,-176.0,-87.0,-983.0,-269.0,903.0,,-145.0
-459.0,-893.0,,-173.0,-68.0,-910.0,-177.0,1023.0,,-14.0
-370.0,-517.0,,-207.0,-33.0,-1091.0,-66.0,927.0,,138.0
-378.0,220.0,,-164.0,21.0,-1326.0,-70.0,1075.0,,283.0
-466.0,1178.0,,-106.0,115.0,-1312.0,-211.0,1018.0,,413.0
-336.0,1992.0,,-143.0,111.0,-1189.0,-301.0,1298.0,,513.0
-539.0,2486.0,,-83.0,42.0,-1072.0,-216.0,1330.0,,569.0
-313.0,2563.0,,-31.0,-55.0,-1135.0,-19.0,1383.0,,591.0
-453.0,2524.0,,-15.0,-228.0,-1258.0,84.0,1529.0,,575.0
-290.0,2482.0,,-3.0,-353.0,-1250.0,-49.0,1459.0,,525.0
-446.0,2200.0,,-12.0,-428.0,-1069.0,-185.0,1662.0,,448.0
-460.0,1706.0,,-133.0,-499.0,-752.0,-101.0,1570.0,,355.0
-345.0,1353.0,,-176.0,-472.0,-502.0,95.0,1707.0,,267.0
-474.0,1011.0,,-20.0,-416.0,-424.0,200.0,1856.0,,195.0
-252.0,837.0,,28.0,-337.0,-319.0,95.0,1965.0,,154.0
-442.0,1144.0,,44.0,-206.0,-139.0,-48.0,2111.0,,137.0
-195.0,1633.0,,-13.0,-140.0,-198.0,-112.0,1879.0,,115.0
-362.0,2057.0,,-24.0,-71.0,-469.0,-110.0,1938.0,,74.0
-256.0,2300.0,,9.0,33.0,-867.0,-65.0,1736.0,,21.0
-151.0,2395.0,,-29.0,89.0,-1087.0,4.0,1692.0,,-44.0
-192.0,2293.0,,-17.0,174.0,-1187.0,93.0,1801.0,,-144.0
46.0,2107.0,,-16.0,278.0,-1464.0,29.0,1699.0,,-275.0
-81.0,1796.0,,-62.0,324.0,-1587.0,-158.0,1856.0,,-439.0
110.0,1566.0,,-119.0,352.0,-1690.0,-260.0,1674.0,,-626.0
-81.0,1571.0,,-62.0,317.0,-1533.0,-177.0,1701.0,,-810.0
101.0,1456.0,,-110.0,271.0,-1310.0,-21.0,1703.0,,-976.0
135.0,1590.0,,-244.0,348.0,-1544.0,19.0,1627.0,,-1092.0
132.0,1945.0,,-283.0,438.0,-1777.0,-78.0,1613.0,,-1156.0
233.0,1869.0,,-321.0,476.0,-1883.0,-217.0,1285.0,,-1165.0
86.0,1572.0,,-349.0,469.0,-1710.0,-177.0,1280.0,,-1101.0
261.0,1403.0,,-384.0,371.0,-1495.0,-4.0,1106.0,,-968.0
17.0,1314.0,,-385.0,284.0,-1611.0,11.0,1164.0,,-770.0
119.0,1152.0,,-468.0,234.0,-1796.0,-186.0,1285.0,,-527.0
43.0,906.0,,-467.0,168.0,-1802.0,-366.0,1245.0,,-273.0
-63.0,952.0,,-352.0,161.0,-1617.0,-294.0,1533.0,,-58.0
-77.0,1303.0,,-289.0,163.0,-1674.0,-18.0,1465.0,,80.0
-202.0,1775.0,,-171.0,121.0,-1986.0,186.0,1553.0,,138.0
-105.0,2276.0,,-211.0,130.0,-2222.0,20.0,1522.0,,130.0
-264.0,2962.0,,-229.0,157.0,-2410.0,-274.0,1470.0,,78.0
-156.0,3402.0,,-124.0,211.0,-2439.0,-241.0,1476.0,,-7.0
-270.0,3200.0,,-120.0,319.0,-2653.0,-73.0,1261.0,,-105.0
-219.0,2898.0,,-181.0,366.0,-2888.0,-25.0,1428.0,,-209.0
-132.0,2491.0,,-161.0,406.0,-2474.0,-24.0,1426.0,,-292.0
-143.0,2162.0,,-124.0,468.0,-1815.0,-43.0,1674.0,,-336.0
-7.0,1656.0,,-217.0,465.0,-1540.0,-127.0,1766.0,,-343.0
-116.0,783.0,,-182.0,480.0,-1847.0,-131.0,1646.0,,-302.0
56.0,382.0,,-193.0,507.0,-2022.0,60.0,1705.0,,-219.0
-4.0,337.0,,-288.0,480.0,-1823.0,147.0,1396.0,,-109.0
39.0,134.0,,-276.0,475.0,-1771.0,6.0,1420.0,,39.0
86.0,105.0,,-249.0,450.0,-2238.0,-177.0,1321.0,,218.0
72.0,253.0,,-264.0,392.0,-2806.0,-253.0,1424.0,,417.0
149.0,348.0,,-280.0,346.0,-2713.0,-96.0,1740.0,,617.0
63.0,259.0,,-180.0,207.0,-2506.0,188.0,1773.0,,804.0
182.0,-10.0,,-174.0,44.0,-2568.0,308.0,1932.0,,967.0
154.0,169.0,,-46.0,-28.0,-2890.0,125.0,1738.0,,1096.0
244.0,595.0,,100.0,-86.0,-2957.0,-174.0,1816.0,,1209.0
239.0,830.0,,67.0,-69.0,-2687.0,-357.0,1838.0,,1304.0
188.0,744.0,,114.0,4.0,-2775.0,-354.0,1823.0,,1377.0
197.0,324.0,,54.0,34.0,-2992.0,-187.0,1965.0,,1447.0
174.0,-50.0,,-100.0,129.0,-3015.0,79.0,1819.0,,1507.0
193.0,-340.0,,-235.0,265.0,-2759.0,291.0,1988.0,,1549.0
105.0,-494.0,,-281.0,375.0,-2644.0,250.0,1770.0,,1584.0
162.0,-295.0,,-322.0,549.0,-2742.0,33.0,1555.0,,1600.0
158.0,52.0,,-385.0,687.0,-2760.0,-165.0,1361.0,,1579.0
112.0,280.0,,-413.0,760.0,-2769.0,-163.0,1008.0,,1514.0
64.0,467.0,,-464.0,856.0,-2791.0,23.0,1034.0,,1410.0
38.0,551.0,,-510.0,872.0,-2934.0,106.0,879.0,,1271.0
26.0,951.0,,-536.0,833.0,-3190.0,52.0,1040.0,,1121.0
69.0,1529.0,,-550.0,788.0,-3462.0,-14.0,1031.0,,965.0
70.0,1738.0,,-578.0,656.0,-3500.0,-46.0,982.0,,785.0
69.0,1595.0,,-574.0,550.0,-3398.0,-135.0,1053.0,,623.0
103.0,1157.0,,-574.0,488.0,-3341.0,-214.0,857.0,,482.0
112.0,852.0,,-570.0,417.0,-3325.0,-151.0,990.0,,354.0
202.0,617.0,,-459.0,458.0,-3313.0,-84.0,809.0,,254.0
196.0,527.0,,-262.0,536.0,-3079.0,-28.0,805.0,,173.0
244.0,619.0,,-203.0,547.0,-2894.0,-19.0,838.0,,136.0
180.0,319.0,,-196.0,561.0,-3078.0,-51.0,726.0,,126.0
149.0,-322.0,,-96.0,548.0,-3424.0,-123.0,750.0,,139.0
138.0,-920.0,,87.0,537.0,-3590.0,-220.0,412.0,,179.0
71.0,-1776.0,,214.0,569.0,-3443.0,-193.0,419.0,,228.0
46.0,-2693.0,,103.0,540.0,-3302.0,-113.0,269.0,,295.0
-30.0,-2984.0,,67.0,502.0,-3329.0,-76.0,162.0,,361.0
-60.0,-2912.0,,103.0,502.0,-3279.0,-204.0,186.0,,416.0
-218.0,-2626.0,,7.0,435.0,-3091.0,-342.0,42.0,,438.0
-287.0,-2547.0,,-68.0,358.0,-2959.0,-333.0,227.0,,416.0
-340.0,-2343.0,,-98.0,303.0,-2961.0,-319.0,86.0,,355.0
-425.0,-1926.0,,-98.0,204.0,-3011.0,-271.0,99.0,,243.0
-482.0,-2130.0,,-66.0,142.0,-3086.0,-189.0,20.0,,110.0
-575.0,-2256.0,,-35.0,78.0,-3000.0,-37.0,-36.0,,-21.0
-655.0,-2267.0,,20.0,-13.0,-2856.0,25.0,158.0,,-126.0
-695.0,-2450.0,,159.0,-52.0,-2978.0,-216.0,62.0,,-158.0
-729.0,-2335.0,,323.0,-128.0,-3117.0,-435.0,277.0,,-135.0
-816.0,-1830.0,,383.0,-203.0,-2918.0,-443.0,227.0,,-73.0
-834.0,-1376.0,,503.0,-237.0,-2738.0,-294.0,297.0,,10.0
-912.0,-865.0,,635.0,-351.0,-2826.0,-108.0,395.0,,114.0
-863.0,-400.0,,591.0,-471.0,-2729.0,-91.0,256.0,,232.0
-893.0,-583.0,,482.0,-563.0,-2773.0,-133.0,497.0,,350.0
-891.0,-643.0,,453.0,-687.0,-2863.0,-89.0,471.0,,481.0
-840.0,-814.0,,480.0,-749.0,-2650.0,-46.0,630.0,,607.0
-889.0,-1151.0,,418.0,-735.0,-2616.0,-91.0,633.0,,729.0
-856.0,-1213.0,,343.0,-688.0,-2464.0,-197.0,558.0,,834.0
-907.0,-1261.0,,239.0,-561.0,-2112.0,-241.0,613.0,,927.0
-738.0,-1012.0,,167.0,-417.0,-1857.0,-231.0,362.0,,1018.0
-804.0,-826.0,,107.0,-295.0,-1863.0,-267.0,463.0,,1092.0
-833.0,-575.0,,12.0,-160.0,-1982.0,-253.0,314.0,,1144.0
-816.0,-408.0,,-49.0,-91.0,-1921.0,-79.0,299.0,,1145.0
-848.0,-806.0,,-139.0,-36.0,-1826.0,-32.0,319.0,,1116.0
-765.0,-1396.0,,-131.0,70.0,-1878.0,-215.0,149.0,,1059.0
-872.0,-1889.0,,-104.0,137.0,-2277.0,-324.0,251.0,,983.0
-709.0,-1840.0,,-89.0,197.0,-2340.0,-390.0,-3.0,,929.0
-836.0,-1404.0,,-84.0,218.0,-1960.0,-410.0,-96.0,,901.0
-733.0,-847.0,,-63.0,146.0,-1788.0,-360.0,-410.0,,887.0
-747.0,60.0,,-10.0,108.0,-1846.0,-356.0,-652.0,,875.0
-833.0,976.0,,-29.0,58.0,-1970.0,-328.0,-648.0,,840.0
-633.0,1307.0,,54.0,-32.0,-1734.0,-251.0,-925.0,,801.0
-713.0,1453.0,,34.0,-39.0,-1501.0,-117.0,-931.0,,799.0
-550.0,1562.0,,-97.0,-42.0,-1337.0,-104.0,-1169.0,,828.0
-721.0,1353.0,,-129.0,-67.0,-1092.0,-256.0,-1117.0,,898.0
-516.0,1087.0,,-162.0,-38.0,-976.0,-386.0,-1034.0,,1013.0
-509.0,557.0,,-131.0,6.0,-966.0,-442.0,-1038.0,,1146.0
-575.0,-5.0,,-98.0,87.0,-866.0,-411.0,-803.0,,1275.0
-473.0,-270.0,,-97.0,139.0,-483.0,-294.0,-958.0,,1371.0
-573.0,-288.0,,-133.0,94.0,-454.0,-224.0,-814.0,,1416.0
-382.0,-118.0,,-144.0,88.0,-491.0,-350.0,-857.0,,1400.0
-590.0,-90.0,,-184.0,104.0,-297.0,-501.0,-890.0,,1354.0
-506.0,-112.0,,-285.0,67.0,37.0,-587.0,-829.0,,1286.0
-599.0,-83.0,,-258.0,50.0,146.0,-604.0,-977.0,,1194.0
-503.0,-48.0,,-276.0,5.0,-33.0,-384.0,-796.0,,1085.0
-530.0,-64.0,,-315.0,-71.0,134.0,-149.0,-923.0,,965.0
-609.0,-67.0,,-357.0,-110.0,265.0,-239.0,-848.0,,849.0
-501.0,128.0,,-391.0,-182.0,398.0,-479.0,-883.0,,741.0
-621.0,437.0,,-440.0,-228.0,225.0,-458.0,-1058.0,,667.0
-399.0,490.0,,-450.0,-151.0,2.0,-130.0,-1031.0,,635.0
-509.0,366.0,,-346.0,-67.0,45.0,7.0,-1228.0,,623.0
-365.0,257.0,,-374.0,1.0,-50.0,-277.0,-1047.0,,630.0
-444.0,61.0,,-302.0,63.0,-210.0,-579.0,-1112.0,,618.0
-359.0,-99.0,,-187.0,105.0,-359.0,-581.0,-1084.0,,545.0
-370.0,-281.0,,-136.0,194.0,-246.0,-366.0,-981.0,,411.0
-422.0,-265.0,,-64.0,211.0,-262.0,-181.0,-1027.0,,205.0
-369.0,-121.0,,-10.0,96.0,-248.0,-137.0,-796.0,,-42.0
-532.0,87.0,,22.0,8.0,-157.0,-259.0,-947.0,,-313.0
-348.0,332.0,,86.0,-76.0,-99.0,-425.0,-838.0,,-592.0
-433.0,382.0,,75.0,-172.0,128.0,-495.0,-851.0,,-841.0
-276.0,433.0,,-57.0,-227.0,420.0,-450.0,-888.0,,-1058.0
-439.0,168.0,,-58.0,-302.0,598.0,-302.0,-777.0,,-1223.0
-307.0,-153.0,,-138.0,-311.0,500.0,-226.0,-892.0,,-1328.0
-395.0,-272.0,,-181.0,-245.0,493.0,-240.0,-678.0,,-1372.0
-468.0,-434.0,,-247.0,-264.0,575.0,-245.0,-909.0,,-1378.0
-388.0,-523.0,,-350.0,-297.0,565.0,-224.0,-1080.0,,-1368.0
-535.0,-513.0,,-346.0,-299.0,305.0,-132.0,-1291.0,,-1371.0
-372.0,-458.0,,-419.0,-315.0,-10.0,-59.0,-1603.0,,-1401.0
-570.0,-693.0,,-418.0,-282.0,-98.0,-199.0,-1544.0,,-1447.0
-346.0,-1063.0,,-392.0,-258.0,-87.0,-512.0,-1801.0,,-1511.0
-618.0,-1374.0,,-425.0,-274.0,-139.0,-543.0,-1764.0,,-1595.0
-520.0,-1626.0,,-471.0,-247.0,-344.0,-173.0,-1707.0,,-1713.0
-488.0,-1754.0,,-422.0,-232.0,-420.0,137.0,-1480.0,,-1868.0
-498.0,-1840.0,,-371.0,-215.0,-206.0,82.0,-1237.0,,-2071.0
-358.0,-1677.0,,-429.0,-160.0,21.0,-231.0,-1370.0,,-2315.0
-469.0,-1258.0,,-456.0,-173.0,-16.0,-433.0,-1315.0,,-2568.0
-147.0,-822.0,,-415.0,-204.0,-198.0,-316.0,-1666.0,,-2782.0
-295.0,-556.0,,-449.0,-177.0,-314.0,-7.0,-1832.0,,-2930.0
-35.0,-249.0,,-492.0,-171.0,-117.0,131.0,-2017.0,,-3002.0
-128.0,118.0,,-479.0,-144.0,182.0,38.0,-2180.0,,-2988.0
41.0,387.0,,-528.0,-106.0,262.0,6.0,-1925.0,,-2920.0
42.0,615.0,,-461.0,-144.0,408.0,6.0,-1906.0,,-2798.0
-46.0,828.0,,-335.0,-151.0,738.0,-76.0,-1611.0,,-2647.0
73.0,1084.0,,-294.0,-140.0,1110.0,-151.0,-1736.0,,-2497.0
-117.0,1127.0,,-284.0,-138.0,1126.0,-163.0,-1975.0,,-2366.0
138.0,1045.0,,-278.0,-60.0,976.0,-96.0,-2110.0,,-2261.0
-34.0,1114.0,,-207.0,-22.0,1060.0,34.0,-2363.0,,-2174.0
160.0,1267.0,,-146.0,-36.0,1133.0,12.0,-2178.0,,-2123.0
42.0,1091.0,,-128.0,-32.0,955.0,-167.0,-2220.0,,-2078.0
67.0,611.0,,-80.0,-75.0,596.0,-224.0,-2013.0,,-2030.0
119.0,142.0,,-107.0,-121.0,425.0,-119.0,-1964.0,,-1983.0
60.0,-274.0,,-216.0,-162.0,219.0,29.0,-1949.0,,-1927.0
248.0,-620.0,,-340.0,-269.0,212.0,116.0,-1821.0,,-1856.0
42.0,-941.0,,-413.0,-328.0,453.0,128.0,-2124.0,,-1768.0
254.0,-741.0,,-481.0,-352.0,678.0,32.0,-2026.0,,-1662.0
138.0,-490.0,,-506.0,-428.0,1053.0,-82.0,-2062.0,,-1525.0
215.0,-597.0,,-416.0,-447.0,1171.0,-51.0,-1890.0,,-1379.0
224.0,-761.0,,-408.0,-426.0,1279.0,-5.0,-1664.0,,-1246.0
272.0,-958.0,,-380.0,-377.0,1205.0,-21.0,-1670.0,,-1127.0
377.0,-1042.0,,-284.0,-292.0,863.0,-87.0,-1509.0,,-1019.0
293.0,-1205.0,,-192.0,-306.0,666.0,-139.0,-1504.0,,-915.0
438.0,-1192.0,,-117.0,-362.0,740.0,-84.0,-1197.0,,-786.0
333.0,-982.0,,-124.0,-402.0,947.0,21.0,-1193.0,,-624.0
473.0,-826.0,,-173.0,-457.0,800.0,33.0,-1176.0,,-449.0
358.0,-861.0,,-152.0,-421.0,807.0,-48.0,-1116.0,,-288.0
421.0,-721.0,,-128.0,-337.0,983.0,-24.0,-1278.0,,-165.0
439.0,-364.0,,-235.0,-290.0,1056.0,101.0,-1169.0,,-67.0
428.0,-298.0,,-311.0,-210.0,978.0,180.0,-1356.0,,0.0
465.0,-187.0,,-370.0,-181.0,812.0,208.0,-1228.0,,53.0
328.0,-143.0,,-429.0,-210.0,945.0,179.0,-1119.0,,91.0
386.0,-240.0,,-376.0,-185.0,1134.0,47.0,-1125.0,,110.0
218.0,-194.0,,-343.0,-201.0,1382.0,-96.0,-1066.0,,134.0
405.0,-94.0,,-332.0,-243.0,1749.0,-117.0,-1452.0,,135.0
389.0,-68.0,,-178.0,-231.0,2078.0,-20.0,-1539.0,,138.0
462.0,-83.0,,-42.0,-251.0,2262.0,104.0,-1759.0,,140.0
470.0,-79.0,,-25.0,-253.0,2279.0,146.0,-1855.0,,142.0
519.0,86.0,,-79.0,-244.0,2299.0,73.0,-1812.0,,135.0
686.0,306.0,,-155.0,-310.0,2270.0,-7.0,-1919.0,,104.0
628.0,434.0,,-88.0,-350.0,2183.0,10.0,-1814.0,,86.0
770.0,580.0,,-89.0,-383.0,2145.0,115.0,-2025.0,,65.0
678.0,643.0,,-166.0,-401.0,2227.0,247.0,-1910.0,,47.0
875.0,778.0,,-176.0,-293.0,2150.0,255.0,-1875.0,,51.0
745.0,880.0,,-301.0,-191.0,2117.0,55.0,-1949.0,,68.0
750.0,834.0,,-349.0,-133.0,2404.0,-85.0,-1738.0,,59.0
769.0,879.0,,-275.0,-44.0,2500.0,12.0,-1674.0,,20.0
616.0,1078.0,,-248.0,-16.0,2571.0,180.0,-1359.0,,-58.0
631.0,1155.0,,-184.0,0.0,2781.0,233.0,-1424.0,,-182.0
484.0,1169.0,,-65.0,54.0,2951.0,180.0,-1419.0,,-306.0
578.0,1193.0,,29.0,36.0,3049.0,88.0,-1424.0,,-438.0
471.0,1057.0,,29.0,32.0,2939.0,43.0,-1589.0,,-566.0
415.0,1119.0,,86.0,79.0,2892.0,143.0,-1383.0,,-674.0
370.0,1129.0,,136.0,115.0,3228.0,238.0,-1483.0,,-759.0
443.0,962.0,,91.0,203.0,3464.0,222.0,-1252.0,,-804.0
546.0,930.0,,96.0,251.0,3322.0,198.0,-1103.0,,-807.0
622.0,950.0,,79.0,240.0,3164.0,215.0,-1062.0,,-733.0
685.0,858.0,,-25.0,306.0,3162.0,271.0,-1001.0,,-579.0
707.0,385.0,,-96.0,349.0,3384.0,283.0,-1271.0,,-370.0
705.0,-44.0,,-6.0,377.0,3435.0,215.0,-1197.0,,-128.0
746.0,-174.0,,40.0,433.0,3250.0,117.0,-1341.0,,102.0
854.0,-432.0,,52.0,397.0,3186.0,199.0,-1189.0,,280.0
803.0,-794.0,,196.0,359.0,3354.0,515.0,-970.0,,408.0
809.0,-823.0,,307.0,335.0,3624.0,707.0,-885.0,,503.0
661.0,-410.0,,308.0,215.0,3664.0,544.0,-541.0,,546.0
682.0,9.0,,325.0,139.0,3338.0,247.0,-569.0,,537.0
578.0,606.0,,481.0,109.0,3036.0,253.0,-389.0,,490.0
497.0,1422.0,,536.0,23.0,3125.0,492.0,-432.0,,400.0
405.0,1996.0,,363.0,16.0,2942.0,567.0,-428.0,,261.0
347.0,2122.0,,235.0,67.0,2385.0,436.0,-279.0,,100.0
291.0,1895.0,,173.0,113.0,2042.0,302.0,-415.0,,-70.0
163.0,1664.0,,140.0,209.0,2040.0,262.0,-328.0,,-244.0
223.0,1297.0,,35.0,263.0,2219.0,323.0,-578.0,,-391.0
49.0,833.0,,-100.0,325.0,2289.0,497.0,-618.0,,-518.0
106.0,333.0,,-132.0,463.0,2193.0,613.0,-676.0,,-629.0
33.0,-84.0,,-153.0,536.0,2224.0,558.0,-798.0,,-708.0
100.0,-327.0,,-85.0,577.0,2495.0,435.0,-635.0,,-774.0
51.0,-497.0,,-10.0,595.0,2668.0,383.0,-716.0,,-842.0
7.0,-582.0,,52.0,525.0,2786.0,452.0,-447.0,,-905.0
32.0,-627.0,,113.0,492.0,2597.0,525.0,-308.0,,-982.0
-28.0,-444.0,,165.0,475.0,2222.0,528.0,-131.0,,-1070.0
33.0,-269.0,,244.0,443.0,2106.0,525.0,-22.0,,-1156.0
-125.0,-137.0,,305.0,490.0,1963.0,540.0,-208.0,,-1221.0
-25.0,230.0,,370.0,483.0,1777.0,538.0,-110.0,,-1255.0
-175.0,865.0,,299.0,367.0,1560.0,456.0,-264.0,,-1263.0
-122.0,1349.0,,245.0,248.0,1452.0,347.0,-158.0,,-1219.0
-186.0,1611.0,,262.0,91.0,1509.0,370.0,-153.0,,-1141.0
-192.0,1913.0,,262.0,-44.0,1523.0,490.0,-134.0,,-1030.0
-147.0,1768.0,,302.0,-104.0,1559.0,501.0,112.0,,-891.0
-249.0,1245.0,,363.0,-193.0,1760.0,338.0,62.0,,-751.0
-182.0,607.0,,421.0,-246.0,2019.0,209.0,256.0,,-596.0
-266.0,77.0,,366.0,-231.0,2144.0,252.0,162.0,,-469.0
-66.0,-199.0,,372.0,-258.0,1983.0,342.0,218.0,,-369.0
-216.0,-447.0,,469.0,-277.0,1629.0,409.0,310.0,,-288.0
-104.0,-511.0,,498.0,-299.0,1147.0,440.0,229.0,,-256.0
-162.0,-407.0,,563.0,-352.0,630.0,408.0,378.0,,-240.0
-107.0,-340.0,,575.0,-329.0,398.0,360.0,219.0,,-246.0
-96.0,-403.0,,522.0,-264.0,317.0,281.0,386.0,,-274.0
-163.0,-411.0,,460.0,-201.0,498.0,205.0,458.0,,-314.0
27.0,-254.0,,419.0,-80.0,870.0,205.0,541.0,,-388.0
-258.0,-108.0,,399.0,12.0,1176.0,259.0,667.0,,-459.0
-80.0,9.0,,349.0,26.0,1482.0,342.0,504.0,,-517.0
-226.0,222.0,,391.0,42.0,1641.0,393.0,665.0,,-537.0
-28.0,417.0,,392.0,50.0,1864.0,374.0,509.0,,-494.0
-94.0,507.0,,313.0,68.0,2204.0,246.0,585.0,,-404.0
-63.0,515.0,,240.0,120.0,2408.0,129.0,726.0,,-260.0
100.0,368.0,,169.0,124.0,2426.0,240.0,781.0,,-88.0
-105.0,367.0,,140.0,89.0,2380.0,495.0,1082.0,,91.0
250.0,249.0,,177.0,42.0,2459.0,618.0,1164.0,,261.0
83.0,-174.0,,256.0,-31.0,2533.0,524.0,1516.0,,383.0
327.0,-592.0,,203.0,-51.0,2525.0,316.0,1524.0,,442.0
152.0,-1007.0,,141.0,-12.0,2638.0,147.0,1516.0,,443.0
227.0,-1272.0,,150.0,20.0,2615.0,179.0,1564.0,,398.0
267.0,-1524.0,,131.0,89.0,2560.0,370.0,1402.0,,298.0
117.0,-1532.0,,117.0,157.0,2533.0,563.0,1509.0,,149.0
320.0,-1170.0,,97.0,182.0,2237.0,697.0,1346.0,,-6.0
72.0,-760.0,,96.0,230.0,2125.0,646.0,1526.0,,-171.0
324.0,-508.0,,46.0,299.0,2023.0,415.0,1651.0,,-362.0
162.0,-497.0,,20.0,325.0,1738.0,252.0,1709.0,,-541.0
378.0,-394.0,,159.0,308.0,1345.0,287.0,1818.0,,-704.0
259.0,-381.0,,356.0,274.0,813.0,451.0,1500.0,,-850.0
287.0,-481.0,,498.0,229.0,555.0,614.0,1457.0,,-968.0
459.0,-369.0,,532.0,201.0,727.0,688.0,1156.0,,-1052.0
259.0,-233.0,,605.0,181.0,1091.0,644.0,1010.0,,-1103.0
469.0,-273.0,,627.0,158.0,1288.0,517.0,938.0,,-1127.0
245.0,-370.0,,583.0,161.0,1479.0,344.0,744.0,,-1115.0
477.0,-353.0,,640.0,178.0,1624.0,243.0,846.0,,-1086.0
338.0,-206.0,,677.0,185.0,1601.0,397.0,685.0,,-1032.0
491.0,-41.0,,626.0,204.0,1593.0,585.0,809.0,,-965.0
459.0,28.0,,494.0,204.0,1424.0,553.0,788.0,,-901.0
360.0,85.0,,435.0,162.0,1066.0,364.0,873.0,,-835.0
591.0,100.0,,415.0,138.0,715.0,157.0,1143.0,,-750.0
436.0,12.0,,403.0,146.0,449.0,146.0,1093.0,,-598.0
563.0,-215.0,,402.0,180.0,267.0,311.0,1298.0,,-402.0
320.0,-564.0,,346.0,235.0,271.0,513.0,1247.0,,-163.0
527.0,-822.0,,305.0,238.0,319.0,627.0,1358.0,,106.0
415.0,-1009.0,,297.0,168.0,515.0,454.0,1387.0,,369.0
403.0,-1020.0,,301.0,114.0,859.0,129.0,1302.0,,632.0
387.0,-662.0,,317.0,76.0,901.0,-40.0,1439.0,,871.0
301.0,-269.0,,381.0,42.0,923.0,63.0,1241.0,,1085.0
492.0,-56.0,,407.0,83.0,1152.0,274.0,1289.0,,1247.0
184.0,64.0,,352.0,113.0,1366.0,362.0,1138.0,,1350.0
253.0,32.0,,247.0,106.0,1291.0,320.0,1128.0,,1399.0
111.0,-62.0,,173.0,137.0,1055.0,303.0,1249.0,,1388.0
282.0,-242.0,,228.0,144.0,1001.0,385.0,1202.0,,1357.0
237.0,-471.0,,368.0,126.0,864.0,409.0,1472.0,,1322.0
145.0,-486.0,,281.0,129.0,538.0,322.0,1413.0,,1281.0
244.0,-568.0,,152.0,90.0,285.0,239.0,1618.0,,1245.0
194.0,-702.0,,263.0,26.0,218.0,263.0,1723.0,,1216.0
397.0,-454.0,,273.0,-10.0,144.0,371.0,1755.0,,1217.0
311.0,-105.0,,238.0,-103.0,-11.0,369.0,1932.0,,1260.0
553.0,98.0,,234.0,-187.0,35.0,280.0,1729.0,,1355.0
582.0,261.0,,262.0,-192.0,244.0,262.0,1814.0,,1515.0
715.0,293.0,,339.0,-216.0,219.0,271.0,1686.0,,1742.0
893.0,190.0,,256.0,-222.0,141.0,309.0,1709.0,,2025.0
928.0,-112.0,,153.0,-177.0,264.0,411.0,1718.0,,2346.0
1084.0,-507.0,,286.0,-120.0,411.0,448.0,1533.0,,2656.0
1027.0,-648.0,,336.0,-19.0,498.0,317.0,1570.0,,2912.0
1151.0,-616.0,,255.0,56.0,677.0,223.0,1302.0,,3091.0
1067.0,-555.0,,304.0,54.0,1024.0,342.0,1367.0,,3165.0
1036.0,-490.0,,353.0,65.0,1018.0,495.0,1261.0,,3121.0
1073.0,-421.0,,346.0,46.0,810.0,543.0,1147.0,,2997.0
1082.0,-438.0,,383.0,-34.0,799.0,477.0,1180.0,,2807.0
1085.0,-647.0,,460.0,-74.0,938.0,384.0,962.0,,2579.0
1011.0,-955.0,,428.0,-114.0,1035.0,363.0,1088.0,,2351.0
1048.0,-1097.0,,400.0,-175.0,752.0,411.0,918.0,,2145.0
1041.0,-1002.0,,363.0,-202.0,566.0,504.0,868.0,,2000.0
1012.0,-890.0,,292.0,-285.0,592.0,547.0,835.0,,1908.0
935.0,-774.0,,256.0,-398.0,436.0,584.0,672.0,,1861.0
898.0,-612.0,,177.0,-449.0,166.0,604.0,709.0,,1861.0
871.0,-372.0,,150.0,-506.0,92.0,554.0,430.0,,1882.0
854.0,-307.0,,66.0,-536.0,208.0,524.0,426.0,,1909.0
782.0,-309.0,,-83.0,-461.0,349.0,526.0,315.0,,1941.0
663.0,-75.0,,-137.0,-388.0,563.0,485.0,332.0,,1968.0
632.0,136.0,,-252.0,-336.0,843.0,333.0,474.0,,1982.0
562.0,168.0,,-301.0,-255.0,999.0,285.0,360.0,,1970.0
495.0,65.0,,-278.0,-204.0,1045.0,396.0,476.0,,1914.0
374.0,146.0,,-342.0,-156.0,1201.0,428.0,247.0,,1845.0
229.0,278.0,,-348.0,-108.0,1115.0,392.0,245.0,,1771.0
138.0,303.0,,-444.0,-109.0,765.0,357.0,240.0,,1690.0
116.0,465.0,,-516.0,-98.0,189.0,319.0,205.0,,1604.0
91.0,779.0,,-580.0,-68.0,-215.0,281.0,363.0,,1513.0
-46.0,1084.0,,-534.0,-89.0,-162.0,235.0,216.0,,1418.0
-61.0,1155.0,,-416.0,-122.0,-378.0,187.0,363.0,,1304.0
-62.0,1079.0,,-556.0,-161.0,-678.0,171.0,225.0,,1204.0
-96.0,906.0,,-560.0,-224.0,-717.0,209.0,160.0,,1127.0
-196.0,636.0,,-555.0,-223.0,-557.0,225.0,107.0,,1049.0
-251.0,287.0,,-701.0,-186.0,-567.0,199.0,-110.0,,952.0
-112.0,-57.0,,-671.0,-178.0,-779.0,183.0,14.0,,834.0
-203.0,-153.0,,-537.0,-145.0,-761.0,139.0,-140.0,,704.0
-259.0,-122.0,,-464.0,-113.0,-596.0,59.0,12.0,,563.0
-248.0,-45.0,,-332.0,-111.0,-493.0,28.0,73.0,,418.0
-193.0,115.0,,-221.0,-93.0,-644.0,79.0,133.0,,275.0
-146.0,159.0,,-177.0,-78.0,-663.0,115.0,321.0,,132.0
-248.0,111.0,,-180.0,-74.0,-522.0,7.0,194.0,,-27.0
-218.0,13.0,,-229.0,-39.0,-471.0,-192.0,375.0,,-207.0
-253.0,9.0,,-163.0,-12.0,-596.0,-288.0,315.0,,-431.0
-202.0,182.0,,-152.0,-7.0,-914.0,-221.0,395.0,,-709.0
-234.0,361.0,,-212.0,19.0,-1052.0,-101.0,389.0,,-1017.0
-334.0,500.0,,-252.0,26.0,-1259.0,-120.0,256.0,,-1334.0
-316.0,633.0,,-301.0,-9.0,-1479.0,-263.0,402.0,,-1640.0
-339.0,762.0,,-399.0,-22.0,-1523.0,-331.0,242.0,,-1886.0
-410.0,689.0,,-527.0,-13.0,-1437.0,-305.0,341.0,,-2046.0
-503.0,712.0,,-608.0,1.0,-1197.0,-213.0,232.0,,-2121.0
-516.0,923.0,,-620.0,18.0,-968.0,-134.0,181.0,,-2120.0
-618.0,1146.0,,-596.0,-14.0,-789.0,-119.0,201.0,,-2072.0
-640.0,1249.0,,-631.0,-60.0,-780.0,-180.0,-77.0,,-1984.0
-703.0,1202.0,,-643.0,-61.0,-943.0,-299.0,-123.0,,-1871.0
-688.0,1221.0,,-675.0,-45.0,-1193.0,-331.0,-515.0,,-1744.0
-689.0,1013.0,,-668.0,-7.0,-1323.0,-321.0,-657.0,,-1598.0
-654.0,580.0,,-553.0,57.0,-1521.0,-294.0,-788.0,,-1446.0
-564.0,153.0,,-489.0,90.0,-1914.0,-215.0,-949.0,,-1288.0
-598.0,-143.0,,-414.0,103.0,-2331.0,-143.0,-807.0,,-1124.0
-457.0,-391.0,,-300.0,132.0,-2541.0,-129.0,-916.0,,-986.0
-489.0,-643.0,,-274.0,115.0,-2454.0,-244.0,-787.0,,-882.0
-380.0,-848.0,,-256.0,80.0,-2418.0,-368.0,-894.0,,-786.0
-411.0,-808.0,,-120.0,87.0,-2513.0,-381.0,-872.0,,-722.0
-349.0,-623.0,,-26.0,88.0,-2505.0,-279.0,-822.0,,-692.0
-390.0,-507.0,,27.0,102.0,-2187.0,-115.0,-979.0,,-671.0
-555.0,-255.0,,70.0,94.0,-2277.0,-76.0,-803.0,,-678.0
-443.0,-22.0,,65.0,9.0,-2504.0,-252.0,-920.0,,-708.0
-553.0,257.0,,96.0,-42.0,-2232.0,-501.0,-853.0,,-749.0
-448.0,337.0,,103.0,-50.0,-2004.0,-573.0,-962.0,,-779.0
-605.0,331.0,,24.0,-76.0,-1951.0,-408.0,-1097.0,,-782.0
-546.0,484.0,,7.0,-55.0,-2022.0,-244.0,-1005.0,,-752.0
-619.0,517.0,,71.0,-4.0,-1786.0,-257.0,-1066.0,,-672.0
-647.0,398.0,,9.0,33.0,-1396.0,-326.0,-726.0,,-541.0
-629.0,252.0,,-29.0,108.0,-1358.0,-422.0,-748.0,,-373.0
-775.0,312.0,,34.0,180.0,-1516.0,-548.0,-713.0,,-184.0
-580.0,200.0,,49.0,200.0,-1638.0,-576.0,-661.0,,15.0
-732.0,-172.0,,24.0,218.0,-1661.0,-496.0,-744.0,,213.0
-667.0,-457.0,,28.0,178.0,-1942.0,-383.0,-630.0,,400.0
-785.0,-523.0,,-38.0,86.0,-2282.0,-369.0,-861.0,,552.0
-596.0,-658.0,,-82.0,41.0,-2216.0,-440.0,-705.0,,638.0
-603.0,-885.0,,11.0,-10.0,-2164.0,-490.0,-622.0,,650.0
-704.0,-941.0,,-28.0,-54.0,-2353.0,-561.0,-458.0,,565.0
-653.0,-825.0,,-81.0,-52.0,-2543.0,-632.0,-188.0,,385.0
-803.0,-601.0,,-65.0,-58.0,-2713.0,-615.0,-251.0,,155.0
-703.0,-519.0,,-31.0,-33.0,-2996.0,-539.0,-151.0,,-106.0
-895.0,-321.0,,38.0,9.0,-3073.0,-501.0,-367.0,,-371.0
-770.0,-77.0,,69.0,-22.0,-2800.0,-539.0,-312.0,,-586.0
-939.0,28.0,,87.0,-63.0,-2706.0,-660.0,-238.0,,-759.0
-843.0,93.0,,207.0,-49.0,-2689.0,-777.0,-171.0,,-903.0
-851.0,82.0,,270.0,-56.0,-2546.0,-813.0,16.0,,-1014.0
-921.0,233.0,,245.0,-85.0,-2234.0,-808.0,-218.0,,-1102.0
-891.0,373.0,,326.0,-137.0,-2066.0,-780.0,-210.0,,-1165.0
-1045.0,333.0,,328.0,-219.0,-2237.0,-712.0,-443.0,,-1217.0
-843.0,259.0,,302.0,-260.0,-2201.0,-663.0,-561.0,,-1267.0
-1050.0,271.0,,242.0,-297.0,-2095.0,-752.0,-593.0,,-1324.0
-959.0,343.0,,250.0,-344.0,-2139.0,-849.0,-733.0,,-1389.0
-1026.0,311.0,,247.0,-336.0,-2272.0,-827.0,-546.0,,-1458.0
-953.0,312.0,,131.0,-323.0,-2426.0,-709.0,-692.0,,-1547.0
-975.0,375.0,,169.0,-295.0,-2520.0,-635.0,-628.0,,-1664.0
-1105.0,373.0,,129.0,-154.0,-2637.0,-732.0,-702.0,,-1803.0
-1072.0,351.0,,113.0,4.0,-2779.0,-836.0,-818.0,,-1976.0
-1129.0,438.0,,139.0,118.0,-2915.0,-879.0,-792.0,,-2169.0
-963.0,473.0,,89.0,225.0,-2911.0,-882.0,-1010.0,,-2349.0
-1193.0,279.0,,143.0,274.0,-2668.0,-878.0,-862.0,,-2495.0
-1163.0,-20.0,,238.0,284.0,-2519.0,-890.0,-951.0,,-2585.0
-1122.0,-326.0,,356.0,272.0,-2671.0,-883.0,-842.0,,-2619.0
-1028.0,-529.0,,442.0,178.0,-2833.0,-876.0,-687.0,,-2581.0
-1076.0,-762.0,,489.0,67.0,-2844.0,-848.0,-696.0,,-2464.0
-1082.0,-784.0,,529.0,20.0,-2644.0,-771.0,-458.0,,-2323.0
-935.0,-478.0,,498.0,-20.0,-2575.0,-710.0,-559.0,,-2162.0
-888.0,-327.0,,429.0,-45.0,-2773.0,-700.0,-463.0,,-1997.0
-677.0,-397.0,,400.0,-33.0,-2787.0,-752.0,-598.0,,-1844.0
-721.0,-312.0,,436.0,-39.0,-2566.0,-903.0,-702.0,,-1705.0
-551.0,-11.0,,435.0,-18.0,-2370.0,-1000.0,-613.0,,-1587.0
-461.0,95.0,,375.0,50.0,-2456.0,-1049.0,-692.0,,-1479.0
-225.0,129.0,,338.0,119.0,-2464.0,-1131.0,-476.0,,-1410.0
-72.0,94.0,,326.0,184.0,-2241.0,-1040.0,-567.0,,-1375.0
-41.0,194.0,,239.0,211.0,-1849.0,-796.0,-439.0,,-1372.0
178.0,382.0,,124.0,175.0,-1434.0,-662.0,-413.0,,-1393.0
236.0,239.0,,58.0,153.0,-1460.0,-783.0,-509.0,,-1434.0
376.0,228.0,,11.0,121.0,-1633.0,-989.0,-345.0,,-1513.0
343.0,200.0,,-45.0,15.0,-1704.0,-1014.0,-469.0,,-1595.0
531.0,-38.0,,-146.0,-126.0,-1645.0,-848.0,-251.0,,-1698.0
566.0,-255.0,,-227.0,-278.0,-1589.0,-635.0,-223.0,,-1793.0
515.0,-392.0,,-304.0,-389.0,-1525.0,-578.0,-72.0,,-1856.0
604.0,-521.0,,-382.0,-420.0,-1213.0,-730.0,175.0,,-1885.0
501.0,-726.0,,-473.0,-415.0,-827.0,-895.0,129.0,,-1874.0
633.0,-1004.0,,-442.0,-395.0,-575.0,-919.0,347.0,,-1865.0
599.0,-1202.0,,-407.0,-320.0,-716.0,-885.0,253.0,,-1837.0
626.0,-1239.0,,-418.0,-213.0,-915.0,-863.0,323.0,,-1830.0
494.0,-1429.0,,-297.0,-106.0,-706.0,-771.0,299.0,,-1845.0
467.0,-1449.0,,-267.0,13.0,-475.0,-659.0,232.0,,-1848.0
571.0,-1076.0,,-228.0,103.0,-525.0,-644.0,339.0,,-1848.0
338.0,-499.0,,-130.0,158.0,-715.0,-680.0,177.0,,-1808.0
452.0,-2.0,,3.0,200.0,-968.0,-787.0,347.0,,-1717.0
275.0,199.0,,149.0,205.0,-988.0,-874.0,297.0,,-1585.0
313.0,447.0,,265.0,210.0,-1082.0,-797.0,404.0,,-1414.0
302.0,758.0,,303.0,236.0,-1412.0,-680.0,600.0,,-1203.0
221.0,923.0,,176.0,213.0,-1450.0,-609.0,541.0,,-969.0
405.0,951.0,,126.0,145.0,-1404.0,-690.0,533.0,,-726.0
177.0,826.0,,76.0,74.0,-1289.0,-871.0,97.0,,-489.0
306.0,567.0,,-74.0,-22.0,-1237.0,-942.0,-66.0,,-288.0
267.0,239.0,,-165.0,-87.0,-1280.0,-911.0,-277.0,,-154.0
315.0,-243.0,,-186.0,-69.0,-1138.0,-835.0,-386.0,,-86.0
393.0,-638.0,,-242.0,-12.0,-766.0,-775.0,-312.0,,-54.0
290.0,-779.0,,-180.0,90.0,-336.0,-771.0,-445.0,,-60.0
451.0,-778.0,,-3.0,192.0,-362.0,-845.0,-232.0,,-96.0
381.0,-760.0,,23.0,225.0,-578.0,-889.0,-303.0,,-123.0
441.0,-803.0,,26.0,235.0,-676.0,-791.0,-195.0,,-121.0
451.0,-806.0,,138.0,215.0,-784.0,-736.0,-155.0,,-79.0
417.0,-884.0,,250.0,132.0,-990.0,-740.0,-208.0,,8.0
591.0,-868.0,,297.0,66.0,-1268.0,-734.0,42.0,,113.0
549.0,-730.0,,300.0,3.0,-1407.0,-824.0,-31.0,,241.0
557.0,-352.0,,303.0,-92.0,-1206.0,-892.0,155.0,,359.0
559.0,250.0,,281.0,-149.0,-866.0,-868.0,70.0,,446.0
601.0,627.0,,224.0,-198.0,-788.0,-864.0,-20.0,,523.0
674.0,776.0,,216.0,-246.0,-676.0,-844.0,0.0,,566.0
457.0,625.0,,263.0,-211.0,-448.0,-785.0,-129.0,,587.0
539.0,307.0,,256.0,-148.0,-321.0,-782.0,88.0,,593.0
424.0,136.0,,168.0,-51.0,-254.0,-822.0,5.0,,606.0
436.0,185.0,,200.0,94.0,-234.0,-754.0,157.0,,645.0
454.0,162.0,,352.0,189.0,-388.0,-567.0,205.0,,702.0
288.0,148.0,,342.0,266.0,-690.0,-438.0,203.0,,783.0
358.0,316.0,,318.0,319.0,-813.0,-479.0,426.0,,869.0
253.0,439.0,,456.0,287.0,-845.0,-582.0,306.0,,949.0
503.0,570.0,,428.0,253.0,-845.0,-624.0,474.0,,1021.0
297.0,763.0,,289.0,199.0,-838.0,-617.0,436.0,,1069.0
315.0,1013.0,,251.0,46.0,-768.0,-574.0,528.0,,1088.0
415.0,1069.0,,155.0,-81.0,-348.0,-529.0,696.0,,1073.0
394.0,1063.0,,22.0,-137.0,71.0,-472.0,722.0,,1032.0
536.0,1007.0,,-33.0,-196.0,179.0,-429.0,955.0,,981.0
296.0,908.0,,-93.0,-179.0,208.0,-460.0,774.0,,921.0
543.0,633.0,,-111.0,-134.0,329.0,-523.0,779.0,,851.0
388.0,95.0,,-51.0,-125.0,233.0,-567.0,600.0,,761.0
507.0,-195.0,,-77.0,-83.0,-95.0,-556.0,506.0,,651.0
550.0,-368.0,,-109.0,-48.0,-384.0,-510.0,676.0,,513.0
459.0,-243.0,,-90.0,-3.0,-726.0,-479.0,585.0,,362.0
554.0,-136.0,,-52.0,98.0,-1079.0,-457.0,729.0,,201.0
382.0,-190.0,,-39.0,177.0,-1217.0,-464.0,556.0,,35.0
582.0,-66.0,,6.0,205.0,-1199.0,-478.0,565.0,,-98.0
387.0,50.0,,37.0,195.0,-1171.0,-433.0,515.0,,-217.0
465.0,29.0,,-88.0,106.0,-1033.0,-387.0,264.0,,-318.0
363.0,-101.0,,-124.0,34.0,-895.0,-380.0,273.0,,-415.0
324.0,5.0,,-109.0,-7.0,-743.0,-393.0,125.0,,-498.0
426.0,25.0,,-141.0,-119.0,-630.0,-366.0,314.0,,-557.0
202.0,-18.0,,-142.0,-190.0,-517.0,-287.0,310.0,,-583.0
249.0,-201.0,,-126.0,-183.0,-419.0,-252.0,312.0,,-542.0
200.0,-414.0,,-111.0,-159.0,-625.0,-250.0,371.0,,-455.0
268.0,-273.0,,-124.0,-54.0,-690.0,-217.0,212.0,,-335.0
141.0,-180.0,,-147.0,74.0,-696.0,-200.0,303.0,,-190.0
150.0,-190.0,,-154.0,140.0,-897.0,-218.0,169.0,,-29.0
115.0,-373.0,,-133.0,204.0,-1219.0,-183.0,271.0,,148.0
107.0,-397.0,,-141.0,203.0,-1515.0,-107.0,303.0,,338.0
171.0,-226.0,,-138.0,166.0,-1466.0,-95.0,317.0,,535.0
40.0,-137.0,,-112.0,192.0,-1312.0,-176.0,511.0,,724.0
109.0,-94.0,,-148.0,186.0,-1266.0,-202.0,378.0,,910.0
129.0,-163.0,,-166.0,201.0,-1306.0,-105.0,485.0,,1092.0
155.0,-303.0,,-126.0,257.0,-1183.0,-29.0,277.0,,1268.0
80.0,-532.0,,-76.0,245.0,-945.0,-29.0,181.0,,1428.0
149.0,-668.0,,23.0,240.0,-759.0,-9.0,223.0,,1566.0
179.0,-760.0,,142.0,232.0,-475.0,69.0,77.0,,1672.0
122.0,-786.0,,240.0,149.0,-223.0,105.0,206.0,,1717.0
99.0,-753.0,,389.0,103.0,-273.0,81.0,101.0,,1696.0
124.0,-796.0,,508.0,87.0,-580.0,54.0,269.0,,1602.0
135.0,-966.0,,569.0,84.0,-734.0,74.0,218.0,,1453.0
41.0,-1395.0,,629.0,169.0,-880.0,146.0,57.0,,1282.0
26.0,-1604.0,,626.0,229.0,-1034.0,215.0,33.0,,1117.0
-116.0,-1420.0,,633.0,257.0,-880.0,278.0,-210.0,,960.0
-101.0,-1027.0,,633.0,293.0,-570.0,322.0,-3.0,,817.0
-316.0,-352.0,,581.0,237.0,-429.0,325.0,-25.0,,722.0
-373.0,508.0,,474.0,163.0,-613.0,344.0,116.0,,663.0
-373.0,1177.0,,472.0,122.0,-621.0,437.0,295.0,,632.0
-562.0,1566.0,,408.0,55.0,-344.0,549.0,356.0,,646.0
-641.0,1953.0,,228.0,52.0,-95.0,607.0,663.0,,702.0
-710.0,2032.0,,171.0,112.0,-19.0,587.0,585.0,,798.0
-614.0,1749.0,,42.0,136.0,-136.0,507.0,779.0,,918.0
-701.0,1339.0,,-24.0,165.0,-187.0,452.0,752.0,,1057.0
-570.0,902.0,,-145.0,143.0,-377.0,447.0,716.0,,1197.0
-743.0,389.0,,-204.0,30.0,-601.0,472.0,787.0,,1324.0
-582.0,-273.0,,-154.0,-57.0,-611.0,514.0,583.0,,1440.0
-542.0,-502.0,,-200.0,-154.0,-649.0,554.0,722.0,,1532.0
-457.0,-384.0,,-154.0,-234.0,-767.0,633.0,546.0,,1590.0
-381.0,-403.0,,-114.0,-241.0,-899.0,750.0,576.0,,1591.0
-597.0,-337.0,,-38.0,-290.0,-941.0,816.0,515.0,,1535.0
-210.0,-138.0,,8.0,-334.0,-1090.0,733.0,343.0,,1405.0
-415.0,-173.0,,15.0,-330.0,-1320.0,601.0,412.0,,1220.0
-147.0,-397.0,,-37.0,-370.0,-1106.0,610.0,166.0,,1003.0
-376.0,-568.0,,-86.0,-401.0,-716.0,754.0,251.0,,763.0
-103.0,-921.0,,-33.0,-414.0,-557.0,877.0,79.0,,547.0
-107.0,-1461.0,,-134.0,-462.0,-376.0,849.0,-79.0,,355.0
-275.0,-1754.0,,-236.0,-459.0,28.0,744.0,-184.0,,212.0
-64.0,-1799.0,,-256.0,-470.0,563.0,674.0,-312.0,,121.0
-453.0,-2044.0,,-290.0,-539.0,823.0,617.0,-49.0,,67.0
-116.0,-2288.0,,-297.0,-543.0,841.0,599.0,-99.0,,29.0
-628.0,-1898.0,,-395.0,-556.0,915.0,624.0,101.0,,-29.0
-355.0,-982.0,,-519.0,-583.0,1013.0,663.0,112.0,,-122.0
-771.0,-39.0,,-560.0,-531.0,874.0,731.0,107.0,,-275.0
-719.0,760.0,,-460.0,-495.0,544.0,791.0,251.0,,-479.0
-745.0,1356.0,,-381.0,-422.0,400.0,835.0,81.0,,-748.0
-1016.0,1731.0,,-390.0,-231.0,171.0,879.0,160.0,,-1050.0
-733.0,1977.0,,-393.0,-36.0,-208.0,871.0,9.0,,-1338.0
-1175.0,2020.0,,-329.0,160.0,-504.0,808.0,75.0,,-1600.0
-701.0,1651.0,,-206.0,312.0,-563.0,768.0,90.0,,-1803.0
-1073.0,1077.0,,-127.0,331.0,-393.0,786.0,-31.0,,-1938.0
-655.0,786.0,,51.0,345.0,-139.0,811.0,75.0,,-2013.0
-875.0,751.0,,211.0,314.0,198.0,765.0,-88.0,,-2046.0
-657.0,677.0,,339.0,183.0,332.0,718.0,68.0,,-2039.0
-546.0,477.0,,368.0,97.0,342.0,750.0,38.0,,-2019.0
-511.0,285.0,,405.0,0.0,528.0,822.0,59.0,,-2026.0
-282.0,89.0,,441.0,-125.0,916.0,896.0,201.0,,-2077.0
-683.0,-282.0,,346.0,-165.0,1185.0,930.0,149.0,,-2207.0
-5.0,-525.0,,319.0,-194.0,1174.0,947.0,415.0,,-2408.0
-431.0,-518.0,,221.0,-213.0,1259.0,947.0,393.0,,-2670.0
-37.0,-749.0,,33.0,-172.0,1582.0,894.0,550.0,,-2989.0
-414.0,-1099.0,,-104.0,-152.0,1859.0,826.0,606.0,,-3315.0
-106.0,-1229.0,,-79.0,-66.0,1623.0,764.0,526.0,,-3607.0
-129.0,-1303.0,,-171.0,87.0,1310.0,701.0,670.0,,-3839.0
-221.0,-1207.0,,-248.0,180.0,1487.0,668.0,545.0,,-4001.0
26.0,-748.0,,-228.0,293.0,1723.0,710.0,657.0,,-4103.0
-538.0,-230.0,,-363.0,370.0,1707.0,782.0,482.0,,-4141.0
6.0,8.0,,-446.0,345.0,1550.0,790.0,319.0,,-4128.0
-616.0,-102.0,,-449.0,316.0,1408.0,696.0,249.0,,-4088.0
-193.0,-632.0,,-485.0,204.0,1283.0,619.0,79.0,,-4033.0
-683.0,-1135.0,,-535.0,27.0,1134.0,638.0,171.0,,-3947.0
-606.0,-1203.0,,-518.0,-73.0,822.0,636.0,-84.0,,-3829.0
-541.0,-920.0,,-620.0,-159.0,515.0,572.0,-138.0,,-3688.0
-716.0,-455.0,,-740.0,-204.0,554.0,529.0,-365.0,,-3516.0
-540.0,-123.0,,-811.0,-152.0,893.0,552.0,-596.0,,-3342.0
-1049.0,64.0,,-952.0,-120.0,1258.0,623.0,-541.0,,-3171.0
-355.0,361.0,,-1063.0,-79.0,1364.0,640.0,-696.0,,-3010.0
-863.0,640.0,,-1122.0,-64.0,1352.0,564.0,-500.0,,-2871.0
-410.0,545.0,,-1151.0,-130.0,1512.0,495.0,-552.0,,-2727.0
-763.0,553.0,,-1231.0,-123.0,1723.0,478.0,-511.0,,-2551.0
-483.0,551.0,,-1281.0,-95.0,1625.0,465.0,-506.0,,-2349.0
-253.0,97.0,,-1273.0,-97.0,1316.0,464.0,-650.0,,-2122.0
-447.0,-299.0,,-1196.0,-34.0,1310.0,483.0,-600.0,,-1878.0
17.0,-640.0,,-1085.0,-21.0,1646.0,476.0,-910.0,,-1652.0
-477.0,-842.0,,-1034.0,-86.0,1808.0,424.0,-872.0,,-1442.0
277.0,-689.0,,-902.0,-129.0,1794.0,412.0,-899.0,,-1260.0
-230.0,-355.0,,-767.0,-212.0,2109.0,462.0,-792.0,,-1095.0
196.0,-136.0,,-643.0,-274.0,2775.0,485.0,-587.0,,-928.0
31.0,55.0,,-451.0,-291.0,3207.0,436.0,-757.0,,-764.0
44.0,550.0,,-456.0,-395.0,3232.0,370.0,-626.0,,-572.0
425.0,1191.0,,-499.0,-450.0,3217.0,413.0,-766.0,,-374.0
0.0,1686.0,,-422.0,-414.0,3143.0,510.0,-731.0,,-189.0
492.0,1794.0,,-508.0,-421.0,2961.0,552.0,-733.0,,12.0
-127.0,1573.0,,-557.0,-405.0,2742.0,548.0,-766.0,,232.0
422.0,1039.0,,-551.0,-389.0,2648.0,533.0,-493.0,,455.0
81.0,63.0,,-668.0,-385.0,2648.0,613.0,-509.0,,687.0
232.0,-1158.0,,-801.0,-320.0,2762.0,688.0,-347.0,,941.0
199.0,-2233.0,,-875.0,-272.0,3045.0,662.0,-506.0,,1180.0
-60.0,-2959.0,,-819.0,-249.0,2931.0,596.0,-570.0,,1385.0
550.0,-3055.0,,-761.0,-149.0,2555.0,478.0,-559.0,,1564.0
-26.0,-2237.0,,-664.0,-61.0,2636.0,383.0,-689.0,,1685.0
454.0,-974.0,,-542.0,-4.0,3009.0,380.0,-441.0,,1736.0
88.0,189.0,,-368.0,75.0,3091.0,455.0,-495.0,,1728.0
426.0,993.0,,-179.0,49.0,2926.0,561.0,-230.0,,1680.0
399.0,1355.0,,-92.0,28.0,2959.0,592.0,-114.0,,1597.0
221.0,1377.0,,28.0,-14.0,3282.0,602.0,-138.0,,1521.0
468.0,1161.0,,108.0,-110.0,3369.0,708.0,-29.0,,1458.0
94.0,980.0,,229.0,-177.0,3186.0,803.0,-264.0,,1398.0
624.0,770.0,,313.0,-267.0,3276.0,837.0,-157.0,,1377.0
93.0,496.0,,310.0,-302.0,3598.0,805.0,-227.0,,1374.0
433.0,417.0,,256.0,-330.0,3727.0,704.0,-68.0,,1391.0
308.0,486.0,,140.0,-298.0,3560.0,617.0,51.0,,1449.0
284.0,840.0,,3.0,-272.0,3280.0,588.0,-72.0,,1530.0
466.0,1651.0,,-183.0,-237.0,2902.0,623.0,29.0,,1627.0
216.0,2458.0,,-350.0,-219.0,2762.0,657.0,-131.0,,1739.0
602.0,2637.0,,-543.0,-249.0,2921.0,670.0,66.0,,1827.0
194.0,2366.0,,-643.0,-171.0,2998.0,620.0,-5.0,,1862.0
682.0,2091.0,,-759.0,-116.0,2950.0,556.0,-131.0,,1836.0
452.0,1823.0,,-858.0,-14.0,2933.0,571.0,-125.0,,1728.0
562.0,1549.0,,-866.0,44.0,3151.0,621.0,-391.0,,1563.0
522.0,1202.0,,-841.0,45.0,3143.0,671.0,-397.0,,1319.0
371.0,752.0,,-780.0,61.0,2824.0,712.0,-661.0,,1016.0
667.0,382.0,,-769.0,77.0,2573.0,772.0,-654.0,,684.0
271.0,259.0,,-663.0,71.0,2411.0,797.0,-659.0,,334.0
520.0,307.0,,-612.0,8.0,2351.0,737.0,-702.0,,9.0
142.0,614.0,,-615.0,4.0,2147.0,655.0,-535.0,,-276.0
387.0,1076.0,,-629.0,-42.0,1849.0,643.0,-652.0,,-510.0
182.0,1255.0,,-603.0,-22.0,1688.0,701.0,-404.0,,-666.0
151.0,1278.0,,-472.0,4.0,1755.0,741.0,-402.0,,-751.0
194.0,1390.0,,-421.0,41.0,2007.0,757.0,-304.0,,-797.0
83.0,1734.0,,-352.0,180.0,2124.0,758.0,-157.0,,-798.0
361.0,2030.0,,-220.0,262.0,2044.0,766.0,-225.0,,-777.0
4.0,1907.0,,-95.0,405.0,2075.0,809.0,1.0,,-729.0
220.0,1438.0,,-13.0,512.0,2393.0,849.0,-195.0,,-678.0
-22.0,865.0,,132.0,544.0,2443.0,844.0,-201.0,,-657.0
256.0,565.0,,263.0,566.0,2055.0,841.0,-282.0,,-669.0
141.0,482.0,,180.0,496.0,1811.0,865.0,-410.0,,-737.0
173.0,579.0,,174.0,408.0,1880.0,857.0,-330.0,,-852.0
255.0,657.0,,164.0,354.0,1979.0,838.0,-430.0,,-1041.0
213.0,483.0,,-49.0,307.0,1892.0,816.0,-232.0,,-1272.0
593.0,391.0,,-107.0,314.0,1850.0,796.0,-273.0,,-1529.0
289.0,368.0,,-181.0,327.0,1919.0,816.0,-101.0,,-1799.0
548.0,233.0,,-216.0,289.0,2020.0,843.0,48.0,,-2043.0
349.0,-52.0,,-167.0,282.0,1956.0,853.0,46.0,,-2263.0
606.0,-289.0,,-267.0,227.0,1716.0,853.0,284.0,,-2402.0
547.0,-390.0,,-231.0,140.0,1725.0,850.0,151.0,,-2455.0
432.0,-446.0,,-180.0,83.0,1769.0,859.0,269.0,,-2430.0
597.0,-102.0,,-91.0,22.0,1660.0,884.0,291.0,,-2316.0
354.0,613.0,,34.0,37.0,1465.0,906.0,473.0,,-2146.0
570.0,1022.0,,196.0,18.0,1235.0,897.0,759.0,,-1939.0
257.0,823.0,,383.0,0.0,1016.0,939.0,698.0,,-1754.0
424.0,471.0,,493.0,104.0,857.0,1017.0,849.0,,-1612.0
337.0,310.0,,714.0,179.0,915.0,1065.0,681.0,,-1515.0
313.0,102.0,,638.0,304.0,853.0,1098.0,700.0,,-1481.0
364.0,-283.0,,556.0,465.0,687.0,1070.0,600.0,,-1474.0
214.0,-663.0,,674.0,575.0,715.0,1065.0,508.0,,-1474.0
404.0,-849.0,,604.0,717.0,808.0,1087.0,687.0,,-1462.0
166.0,-771.0,,546.0,750.0,778.0,1097.0,521.0,,-1424.0
385.0,-477.0,,399.0,753.0,684.0,1119.0,648.0,,-1359.0
209.0,-215.0,,307.0,796.0,880.0,1125.0,509.0,,-1267.0
185.0,-105.0,,269.0,743.0,1173.0,1121.0,476.0,,-1143.0
246.0,32.0,,191.0,756.0,1101.0,1132.0,506.0,,-964.0
165.0,35.0,,261.0,782.0,849.0,1149.0,363.0,,-751.0
323.0,-156.0,,398.0,693.0,838.0,1121.0,530.0,,-492.0
94.0,-434.0,,541.0,622.0,770.0,1100.0,408.0,,-198.0
313.0,-678.0,,722.0,516.0,383.0,1107.0,535.0,,104.0
171.0,-828.0,,957.0,440.0,166.0,1089.0,532.0,,403.0
259.0,-1132.0,,1107.0,425.0,242.0,1067.0,545.0,,663.0
224.0,-1268.0,,1351.0,351.0,374.0,1053.0,650.0,,882.0
210.0,-1158.0,,1523.0,358.0,358.0,1006.0,474.0,,1028.0
379.0,-1146.0,,1521.0,347.0,164.0,931.0,574.0,,1112.0
302.0,-1206.0,,1643.0,223.0,58.0,899.0,365.0,,1138.0
469.0,-1215.0,,1777.0,170.0,-18.0,932.0,448.0,,1103.0
225.0,-1009.0,,1799.0,94.0,-252.0,983.0,570.0,,1047.0
333.0,-706.0,,1771.0,56.0,-422.0,1006.0,585.0,,971.0
176.0,-315.0,,1712.0,106.0,-461.0,991.0,825.0,,896.0
269.0,0.0,,1588.0,106.0,-580.0,981.0,689.0,,833.0
180.0,-5.0,,1646.0,201.0,-631.0,1014.0,814.0,,782.0
113.0,-170.0,,1719.0,284.0,-507.0,1023.0,740.0,,759.0
270.0,-384.0,,1654.0,239.0,-458.0,956.0,740.0,,763.0
83.0,-474.0,,1743.0,180.0,-402.0,849.0,840.0,,808.0
245.0,-507.0,,1823.0,16.0,-133.0,775.0,700.0,,896.0
56.0,-541.0,,1754.0,-120.0,146.0,749.0,785.0,,1026.0
223.0,-534.0,,1798.0,-194.0,329.0,780.0,535.0,,1186.0
104.0,-532.0,,1867.0,-360.0,569.0,846.0,537.0,,1369.0
147.0,-451.0,,1779.0,-462.0,654.0,903.0,447.0,,1550.0
176.0,-405.0,,1755.0,-543.0,464.0,940.0,354.0,,1693.0
155.0,-297.0,,1790.0,-638.0,245.0,938.0,556.0,,1786.0
294.0,-210.0,,1740.0,-623.0,-49.0,938.0,598.0,,1823.0
173.0,-319.0,,1754.0,-631.0,-267.0,897.0,1049.0,,1814.0
389.0,-460.0,,1815.0,-569.0,-387.0,833.0,1151.0,,1770.0
339.0,-507.0,,1691.0,-449.0,-485.0,769.0,1228.0,,1724.0
601.0,-283.0,,1598.0,-425.0,-300.0,705.0,1263.0,,1697.0
576.0,-51.0,,1502.0,-359.0,-103.0,698.0,1082.0,,1669.0
600.0,57.0,,1383.0,-338.0,-123.0,718.0,1188.0,,1644.0
673.0,68.0,,1319.0,-354.0,-260.0,758.0,1019.0,,1611.0
657.0,-94.0,,1244.0,-291.0,-289.0,790.0,1145.0,,1569.0
873.0,-294.0,,1206.0,-255.0,-260.0,789.0,1125.0,,1522.0
716.0,-507.0,,1126.0,-181.0,-322.0,750.0,1145.0,,1465.0
844.0,-715.0,,1082.0,-134.0,-279.0,683.0,1308.0,,1405.0
655.0,-852.0,,1005.0,-172.0,-332.0,627.0,1127.0,,1329.0
642.0,-784.0,,1124.0,-98.0,-562.0,567.0,1260.0,,1232.0
680.0,-528.0,,1263.0,26.0,-850.0,543.0,1112.0,,1108.0
498.0,-253.0,,1293.0,208.0,-999.0,529.0,1121.0,,959.0
546.0,-77.0,,1326.0,483.0,-1037.0,505.0,1108.0,,786.0
296.0,75.0,,1233.0,632.0,-1072.0,486.0,903.0,,606.0
481.0,235.0,,1217.0,723.0,-1042.0,458.0,848.0,,440.0
405.0,219.0,,1077.0,789.0,-1044.0,450.0,467.0,,317.0
304.0,106.0,,878.0,764.0,-1051.0,433.0,460.0,,245.0
293.0,-67.0,,721.0,802.0,-1051.0,414.0,380.0,,203.0
207.0,-323.0,,614.0,758.0,-972.0,386.0,461.0,,197.0
497.0,-542.0,,456.0,628.0,-937.0,328.0,661.0,,201.0
252.0,-635.0,,323.0,576.0,-1005.0,297.0,604.0,,190.0
398.0,-463.0,,245.0,454.0,-1135.0,296.0,816.0,,188.0
317.0,-131.0,,55.0,327.0,-1113.0,285.0,707.0,,174.0
343.0,185.0,,-6.0,178.0,-999.0,190.0,746.0,,125.0
411.0,381.0,,-51.0,-18.0,-1013.0,50.0,604.0,,42.0
215.0,356.0,,57.0,-51.0,-950.0,-32.0,487.0,,-82.0
585.0,384.0,,119.0,-81.0,-863.0,-59.0,652.0,,-238.0
393.0,609.0,,107.0,-134.0,-760.0,-37.0,478.0,,-424.0
501.0,821.0,,134.0,-107.0,-778.0,-2.0,602.0,,-631.0
387.0,805.0,,24.0,-184.0,-828.0,-35.0,434.0,,-828.0
402.0,654.0,,5.0,-269.0,-730.0,-129.0,365.0,,-1018.0
489.0,444.0,,-139.0,-334.0,-523.0,-193.0,339.0,,-1202.0
311.0,114.0,,-304.0,-481.0,-271.0,-225.0,118.0,,-1379.0
518.0,-41.0,,-446.0,-549.0,4.0,-254.0,205.0,,-1559.0
338.0,-106.0,,-511.0,-604.0,310.0,-271.0,25.0,,-1740.0
386.0,-60.0,,-571.0,-637.0,353.0,-268.0,190.0,,-1921.0
251.0,166.0,,-780.0,-527.0,377.0,-207.0,229.0,,-2071.0
289.0,88.0,,-538.0,-464.0,514.0,-174.0,264.0,,-2181.0
378.0,-243.0,,-441.0,-420.0,550.0,-228.0,473.0,,-2249.0
241.0,-574.0,,-1087.0,-394.0,403.0,-321.0,424.0,,-2266.0
245.0,-788.0,,-1244.0,-530.0,256.0,-428.0,715.0,,-2256.0
139.0,-875.0,,-345.0,-593.0,297.0,-486.0,705.0,,-2196.0
148.0,-875.0,,-448.0,-572.0,147.0,-478.0,864.0,,-2081.0
74.0,-713.0,,-1174.0,-566.0,29.0,-435.0,951.0,,-1916.0
-131.0,-580.0,,-643.0,-463.0,251.0,-436.0,825.0,,-1709.0
-137.0,-603.0,,-399.0,-398.0,413.0,-471.0,907.0,,-1486.0
-71.0,-689.0,,-1301.0,-331.0,419.0,-481.0,563.0,,-1247.0
-157.0,-714.0,,-1172.0,-170.0,466.0,-481.0,456.0,,-1020.0
-134.0,-734.0,,-422.0,-100.0,635.0,-476.0,208.0,,-803.0
-330.0,-808.0,,-1162.0,-39.0,711.0,-503.0,53.0,,-594.0
-220.0,-787.0,,-1300.0,38.0,427.0,-533.0,60.0,,-396.0
-216.0,-635.0,,-1022.0,23.0,235.0,-525.0,-133.0,,-180.0
-231.0,-443.0,,-823.0,58.0,480.0,-488.0,-44.0,,55.0
-205.0,-439.0,,-876.0,74.0,682.0,-467.0,-230.0,,303.0
-203.0,-578.0,,-1252.0,8.0,719.0,-486.0,-171.0,,523.0
54.0,-650.0,,-589.0,39.0,774.0,-523.0,-227.0,,718.0
-154.0,-561.0,,-735.0,71.0,862.0,-557.0,-443.0,,875.0
-41.0,-280.0,,-944.0,92.0,901.0,-546.0,-478.0,,998.0
-311.0,82.0,,-657.0,201.0,888.0,-507.0,-763.0,,1114.0
-139.0,586.0,,-584.0,248.0,1130.0,-487.0,-674.0,,1198.0
-158.0,945.0,,-868.0,276.0,1279.0,-510.0,-764.0,,1252.0
-350.0,989.0,,-630.0,340.0,1150.0,-540.0,-779.0,,1243.0
-211.0,706.0,,-244.0,322.0,1196.0,-545.0,-788.0,,1171.0
-462.0,285.0,,-799.0,278.0,1318.0,-498.0,-947.0,,1057.0
-88.0,152.0,,-588.0,209.0,1193.0,-443.0,-798.0,,905.0
-490.0,-26.0,,-207.0,34.0,843.0,-446.0,-1005.0,,739.0
-409.0,-364.0,,-217.0,-108.0,711.0,-473.0,-894.0,,595.0
-552.0,-779.0,,-467.0,-176.0,780.0,-522.0,-798.0,,483.0
-540.0,-1106.0,,-166.0,-256.0,715.0,-565.0,-689.0,,397.0
-557.0,-1197.0,,211.0,-279.0,530.0,-600.0,-430.0,,333.0
-971.0,-1094.0,,-155.0,-281.0,499.0,-652.0,-561.0,,251.0
-690.0,-750.0,,22.0,-327.0,841.0,-657.0,-397.0,,133.0
-1053.0,-274.0,,211.0,-293.0,1103.0,-619.0,-480.0,,-22.0
-649.0,458.0,,131.0,-217.0,1094.0,-593.0,-408.0,,-169.0
-926.0,1108.0,,103.0,-152.0,1065.0,-615.0,-365.0,,-285.0
-779.0,1257.0,,65.0,-23.0,1165.0,-676.0,-530.0,,-345.0
-811.0,1010.0,,225.0,48.0,1320.0,-737.0,-424.0,,-347.0
-842.0,638.0,,270.0,15.0,1286.0,-802.0,-689.0,,-313.0
-431.0,316.0,,277.0,-10.0,1111.0,-847.0,-696.0,,-227.0
-841.0,44.0,,418.0,-95.0,881.0,-869.0,-875.0,,-98.0
-505.0,32.0,,501.0,-212.0,680.0,-894.0,-1006.0,,61.0
-813.0,222.0,,533.0,-256.0,475.0,-920.0,-949.0,,252.0
-358.0,315.0,,453.0,-304.0,184.0,-935.0,-1049.0,,481.0
-641.0,395.0,,618.0,-312.0,-70.0,-911.0,-716.0,,728.0
-652.0,511.0,,829.0,-214.0,-48.0,-887.0,-655.0,,961.0
-504.0,658.0,,885.0,-118.0,247.0,-895.0,-478.0,,1152.0
-734.0,743.0,,903.0,-28.0,292.0,-936.0,-480.0,,1287.0
-307.0,657.0,,936.0,126.0,-11.0,-982.0,-602.0,,1361.0
-872.0,682.0,,1023.0,250.0,-133.0,-1010.0,-424.0,,1384.0
-490.0,781.0,,814.0,320.0,14.0,-1014.0,-467.0,,1379.0
-904.0,810.0,,718.0,361.0,157.0,-995.0,-194.0,,1365.0
-533.0,714.0,,697.0,286.0,246.0,-1011.0,-223.0,,1349.0
-659.0,595.0,,648.0,192.0,269.0,-1045.0,-243.0,,1321.0
-860.0,481.0,,539.0,158.0,271.0,-1064.0,-242.0,,1278.0
-428.0,273.0,,384.0,120.0,287.0,-1051.0,-467.0,,1191.0
-928.0,193.0,,401.0,105.0,190.0,-1025.0,-421.0,,1082.0
-374.0,239.0,,321.0,106.0,16.0,-1030.0,-665.0,,961.0
-1040.0,415.0,,377.0,56.0,-89.0,-1036.0,-665.0,,833.0
-562.0,461.0,,406.0,14.0,-148.0,-1034.0,-840.0,,711.0
-763.0,346.0,,384.0,0.0,-152.0,-989.0,-1036.0,,578.0
-690.0,102.0,,492.0,-77.0,-158.0,-936.0,-1036.0,,425.0
-451.0,-217.0,,484.0,-141.0,-509.0,-953.0,-1291.0,,265.0
-921.0,-411.0,,437.0,-141.0,-820.0,-1013.0,-1151.0,,124.0
-182.0,-635.0,,357.0,-156.0,-772.0,-1057.0,-1213.0,,26.0
-657.0,-647.0,,325.0,-146.0,-665.0,-1069.0,-1082.0,,37.0
48.0,-580.0,,294.0,-91.0,-763.0,-1078.0,-925.0,,134.0
-342.0,-489.0,,152.0,-58.0,-1218.0,-1104.0,-916.0,,286.0
65.0,-413.0,,220.0,-22.0,-1494.0,-1124.0,-724.0,,478.0
308.0,-391.0,,239.0,-15.0,-1642.0,-1112.0,-936.0,,668.0
250.0,-109.0,,46.0,-81.0,-2051.0,-1068.0,-886.0,,830.0
781.0,211.0,,-3.0,-143.0,-2366.0,-993.0,-1027.0,,945.0
254.0,386.0,,-98.0,-232.0,-2416.0,-904.0,-1073.0,,1016.0
1030.0,394.0,,-295.0,-349.0,-2160.0,-880.0,-925.0,,1035.0
514.0,420.0,,-387.0,-355.0,-1745.0,-967.0,-1086.0,,997.0
1166.0,391.0,,-468.0,-251.0,-1475.0,-1051.0,-1005.0,,907.0
918.0,326.0,,-674.0,-153.0,-1333.0,-1081.0,-1273.0,,787.0
913.0,507.0,,-705.0,-105.0,-1237.0,-1101.0,-1341.0,,650.0
1060.0,830.0,,-673.0,-159.0,-1302.0,-1095.0,-1398.0,,511.0
618.0,1239.0,,-891.0,-327.0,-1677.0,-1061.0,-1522.0,,401.0
1092.0,1625.0,,-908.0,-462.0,-2337.0,-995.0,-1304.0,,321.0
311.0,1776.0,,-603.0,-532.0,-2954.0,-928.0,-1252.0,,272.0
823.0,1580.0,,-526.0,-552.0,-3225.0,-927.0,-896.0,,233.0
180.0,1122.0,,-660.0,-464.0,-3349.0,-986.0,-848.0,,190.0
477.0,628.0,,-505.0,-357.0,-3586.0,-1057.0,-814.0,,125.0
168.0,329.0,,-268.0,-242.0,-3671.0,-1075.0,-746.0,,44.0
-62.0,225.0,,-202.0,-58.0,-3365.0,-1014.0,-912.0,,-33.0
270.0,194.0,,-110.0,103.0,-2771.0,-962.0,-750.0,,-86.0
-270.0,241.0,,-85.0,213.0,-2363.0,-960.0,-870.0,,-123.0
237.0,402.0,,-197.0,319.0,-2285.0,-1002.0,-739.0,,-164.0
-452.0,511.0,,-145.0,366.0,-2193.0,-1067.0,-606.0,,-213.0
89.0,400.0,,-178.0,356.0,-2216.0,-1101.0,-526.0,,-268.0
-255.0,199.0,,-363.0,370.0,-2585.0,-1121.0,-389.0,,-318.0
-117.0,-34.0,,-373.0,358.0,-3301.0,-1140.0,-654.0,,-371.0
-270.0,-439.0,,-520.0,344.0,-3871.0,-1165.0,-583.0,,-397.0
-541.0,-1044.0,,-550.0,375.0,-4181.0,-1204.0,-672.0,,-410.0
-63.0,-1583.0,,-514.0,376.0,-4388.0,-1223.0,-593.0,,-409.0
-562.0,-1749.0,,-705.0,391.0,-4353.0,-1222.0,-484.0,,-377.0
-73.0,-1566.0,,-683.0,425.0,-3981.0,-1208.0,-565.0,,-336.0
-645.0,-1257.0,,-608.0,434.0,-3344.0,-1187.0,-423.0,,-306.0
-275.0,-856.0,,-591.0,471.0,-2906.0,-1167.0,-720.0,,-305.0
-378.0,-331.0,,-489.0,507.0,-2576.0,-1133.0,-851.0,,-329.0
-373.0,180.0,,-434.0,516.0,-2374.0,-1137.0,-1106.0,,-387.0
-390.0,466.0,,-463.0,557.0,-2312.0,-1207.0,-1250.0,,-456.0
-773.0,523.0,,-409.0,530.0,-2368.0,-1294.0,-1140.0,,-527.0
-306.0,457.0,,-224.0,399.0,-2654.0,-1330.0,-1217.0,,-574.0
-747.0,211.0,,-171.0,330.0,-2982.0,-1292.0,-990.0,,-596.0
-533.0,-138.0,,-159.0,262.0,-3275.0,-1277.0,-1112.0,,-617.0
-889.0,-384.0,,-52.0,139.0,-3401.0,-1305.0,-1073.0,,-613.0
-678.0,-447.0,,-53.0,55.0,-3398.0,-1315.0,-1058.0,,-608.0
-683.0,-466.0,,-233.0,-20.0,-3219.0,-1291.0,-1132.0,,-607.0
-758.0,-382.0,,-280.0,-15.0,-3247.0,-1223.0,-981.0,,-611.0
-594.0,-167.0,,-99.0,95.0,-3387.0,-1168.0,-1175.0,,-628.0
-836.0,257.0,,-128.0,149.0,-3180.0,-1137.0,-986.0,,-652.0
-454.0,920.0,,-193.0,185.0,-2836.0,-1129.0,-920.0,,-683.0
-691.0,1317.0,,-179.0,236.0,-2656.0,-1165.0,-768.0,,-704.0
-501.0,1376.0,,-216.0,175.0,-2597.0,-1214.0,-500.0,,-703.0
-660.0,1285.0,,-214.0,68.0,-2204.0,-1260.0,-463.0,,-684.0
-437.0,1097.0,,-193.0,-32.0,-2073.0,-1235.0,-184.0,,-656.0
-418.0,658.0,,-206.0,-163.0,-2372.0,-1167.0,-243.0,,-615.0
-614.0,-10.0,,-226.0,-193.0,-2504.0,-1129.0,-151.0,,-542.0
-338.0,-448.0,,-243.0,-176.0,-2608.0,-1076.0,-269.0,,-432.0
-545.0,-762.0,,-448.0,-183.0,-2629.0,-1039.0,-480.0,,-294.0
-112.0,-1106.0,,-503.0,-104.0,-2399.0,-1033.0,-382.0,,-138.0
-347.0,-1366.0,,-480.0,-31.0,-1963.0,-1014.0,-552.0,,21.0
-197.0,-1500.0,,-609.0,15.0,-1542.0,-941.0,-533.0,,170.0
-274.0,-1567.0,,-701.0,149.0,-1234.0,-880.0,-753.0,,300.0
-275.0,-1594.0,,-799.0,250.0,-826.0,-936.0,-746.0,,395.0
-2.0,-1361.0,,-823.0,284.0,-421.0,-1060.0,-570.0,,457.0
-400.0,-899.0,,-805.0,331.0,-438.0,-1161.0,-504.0,,522.0
-126.0,-409.0,,-821.0,278.0,-790.0,-1170.0,-240.0,,596.0
-530.0,-40.0,,-851.0,178.0,-1016.0,-1117.0,-317.0,,710.0
-273.0,325.0,,-788.0,86.0,-1019.0,-1043.0,-46.0,,879.0
-500.0,659.0,,-653.0,-99.0,-1076.0,-995.0,88.0,,1083.0
-525.0,768.0,,-550.0,-221.0,-1111.0,-991.0,94.0,,1338.0
-298.0,804.0,,-480.0,-243.0,-954.0,-989.0,201.0,,1596.0
-587.0,610.0,,-420.0,-251.0,-784.0,-964.0,44.0,,1810.0
-161.0,206.0,,-385.0,-161.0,-746.0,-915.0,144.0,,1948.0
-578.0,-296.0,,-361.0,-52.0,-815.0,-906.0,-79.0,,1992.0
-129.0,-831.0,,-342.0,-4.0,-851.0,-878.0,-22.0,,1934.0
-418.0,-1228.0,,-334.0,61.0,-752.0,-861.0,90.0,,1791.0
-267.0,-1525.0,,-371.0,56.0,-506.0,-875.0,48.0,,1631.0
-81.0,-1629.0,,-380.0,-13.0,-432.0,-877.0,221.0,,1459.0
-247.0,-1580.0,,-337.0,-38.0,-479.0,-893.0,-33.0,,1315.0
193.0,-1260.0,,-388.0,-83.0,-485.0,-861.0,-22.0,,1223.0
-266.0,-763.0,,-252.0,-107.0,-653.0,-819.0,-247.0,,1161.0
361.0,-446.0,,-108.0,-109.0,-776.0,-788.0,-502.0,,1162.0
137.0,-327.0,,-47.0,-192.0,-908.0,-799.0,-552.0,,1211.0
462.0,-281.0,,63.0,-242.0,-1151.0,-816.0,-763.0,,1300.0
515.0,-395.0,,65.0,-253.0,-1439.0,-767.0,-631.0,,1388.0
529.0,-801.0,,124.0,-324.0,-1800.0,-684.0,-733.0,,1403.0
1035.0,-1190.0,,102.0,-403.0,-2326.0,-568.0,-589.0,,1352.0
708.0,-1443.0,,43.0,-500.0,-2769.0,-483.0,-506.0,,1208.0
1224.0,-1636.0,,66.0,-575.0,-2910.0,-458.0,-530.0,,969.0
981.0,-1792.0,,59.0,-512.0,-2998.0,-478.0,-399.0,,673.0
1523.0,-1719.0,,37.0,-399.0,-2931.0,-505.0,-554.0,,337.0
1442.0,-1181.0,,11.0,-276.0,-2899.0,-488.0,-323.0,,-12.0
1454.0,-404.0,,-69.0,-83.0,-2767.0,-417.0,-312.0,,-360.0
1790.0,354.0,,-131.0,59.0,-2337.0,-342.0,-286.0,,-673.0
1544.0,940.0,,-86.0,136.0,-2031.0,-305.0,-284.0,,-930.0
1930.0,1378.0,,-84.0,174.0,-2090.0,-301.0,-465.0,,-1136.0
1487.0,1720.0,,-103.0,120.0,-2200.0,-342.0,-330.0,,-1280.0
1693.0,1814.0,,-110.0,81.0,-2137.0,-345.0,-482.0,,-1373.0
1496.0,1552.0,,-90.0,40.0,-2245.0,-310.0,-450.0,,-1441.0
1467.0,1066.0,,-93.0,-46.0,-2340.0,-283.0,-558.0,,-1486.0
1435.0,607.0,,-138.0,0.0,-2157.0,-277.0,-604.0,,-1512.0
1070.0,131.0,,-112.0,130.0,-1623.0,-291.0,-452.0,,-1539.0
1190.0,-262.0,,-94.0,217.0,-1288.0,-275.0,-476.0,,-1574.0
885.0,-203.0,,-181.0,316.0,-1237.0,-249.0,-140.0,,-1617.0
1003.0,232.0,,-239.0,336.0,-958.0,-198.0,-42.0,,-1671.0
705.0,670.0,,-283.0,310.0,-567.0,-149.0,194.0,,-1709.0
692.0,1056.0,,-340.0,334.0,-323.0,-119.0,327.0,,-1710.0
718.0,1508.0,,-463.0,316.0,-340.0,-90.0,225.0,,-1662.0
537.0,1791.0,,-681.0,352.0,-165.0,-125.0,323.0,,-1560.0
665.0,1787.0,,-868.0,458.0,49.0,-184.0,197.0,,-1415.0
543.0,1384.0,,-1077.0,475.0,5.0,-202.0,389.0,,-1232.0
612.0,674.0,,-1227.0,458.0,-184.0,-186.0,434.0,,-1038.0
686.0,-83.0,,-1303.0,432.0,-277.0,-161.0,552.0,,-867.0
627.0,-846.0,,-1438.0,389.0,-308.0,-119.0,703.0,,-737.0
578.0,-1265.0,,-1546.0,444.0,-521.0,-47.0,485.0,,-650.0
652.0,-1343.0,,-1463.0,485.0,-730.0,-11.0,450.0,,-563.0
722.0,-1062.0,,-1304.0,446.0,-744.0,-4.0,103.0,,-449.0
709.0,-703.0,,-1086.0,428.0,-553.0,21.0,53.0,,-306.0
595.0,-444.0,,-809.0,302.0,-511.0,60.0,81.0,,-138.0
747.0,-20.0,,-557.0,90.0,-525.0,107.0,73.0,,44.0
549.0,283.0,,-321.0,-144.0,-258.0,137.0,365.0,,237.0
477.0,521.0,,-207.0,-457.0,45.0,147.0,349.0,,421.0
449.0,535.0,,-194.0,-664.0,212.0,144.0,437.0,,583.0
181.0,479.0,,-26.0,-746.0,306.0,117.0,120.0,,701.0
310.0,257.0,,114.0,-819.0,156.0,85.0,-138.0,,771.0
37.0,-290.0,,108.0,-796.0,116.0,104.0,-201.0,,780.0
181.0,-596.0,,201.0,-730.0,133.0,160.0,-400.0,,739.0
-87.0,-676.0,,-20.0,-623.0,-215.0,201.0,-277.0,,665.0
-125.0,-585.0,,-231.0,-404.0,-621.0,240.0,-428.0,,560.0
-39.0,-549.0,,-121.0,-232.0,-820.0,236.0,-332.0,,444.0
-179.0,-422.0,,-231.0,-81.0,-565.0,171.0,-343.0,,314.0
-59.0,-323.0,,-304.0,102.0,-260.0,122.0,-487.0,,217.0
-441.0,-346.0,,-129.0,176.0,-275.0,126.0,-513.0,,164.0
-70.0,-376.0,,-177.0,184.0,-391.0,154.0,-705.0,,146.0
-410.0,-425.0,,-356.0,120.0,-143.0,187.0,-443.0,,186.0
-288.0,-195.0,,-263.0,-36.0,217.0,256.0,-375.0,,258.0
-338.0,-52.0,,-275.0,-134.0,187.0,317.0,-144.0,,319.0
-590.0,193.0,,-438.0,-213.0,242.0,315.0,73.0,,333.0
-345.0,529.0,,-429.0,-275.0,397.0,277.0,90.0,,311.0
-726.0,716.0,,-607.0,-216.0,404.0,255.0,273.0,,267.0
-490.0,783.0,,-837.0,-156.0,208.0,300.0,110.0,,228.0
-1000.0,675.0,,-725.0,-115.0,-69.0,363.0,205.0,,219.0
-734.0,490.0,,-714.0,-54.0,-261.0,363.0,110.0,,258.0
-914.0,89.0,,-788.0,-52.0,-318.0,325.0,64.0,,338.0
-985.0,-388.0,,-758.0,2.0,-186.0,313.0,66.0,,452.0
-780.0,-734.0,,-736.0,99.0,-156.0,358.0,-190.0,,604.0
-1116.0,-732.0,,-710.0,120.0,-141.0,418.0,-136.0,,766.0
-691.0,-491.0,,-641.0,163.0,88.0,465.0,-395.0,,924.0
-1098.0,-89.0,,-525.0,170.0,379.0,492.0,-384.0,,1023.0
-793.0,550.0,,-551.0,94.0,621.0,454.0,-395.0,,1040.0
-1023.0,1296.0,,-467.0,23.0,569.0,436.0,-367.0,,966.0
-899.0,1754.0,,-342.0,-112.0,448.0,470.0,-51.0,,762.0
-763.0,1697.0,,-321.0,-246.0,594.0,504.0,-64.0,,477.0
-875.0,1453.0,,-244.0,-300.0,767.0,482.0,218.0,,137.0
-733.0,1033.0,,-211.0,-399.0,657.0,420.0,171.0,,-234.0
-1119.0,412.0,,-223.0,-478.0,331.0,419.0,205.0,,-613.0
-685.0,-305.0,,-221.0,-489.0,263.0,437.0,295.0,,-969.0
-1047.0,-790.0,,-179.0,-514.0,454.0,462.0,230.0,,-1279.0
-958.0,-962.0,,-233.0,-448.0,477.0,483.0,522.0,,-1557.0
-1143.0,-1108.0,,-258.0,-304.0,85.0,462.0,454.0,,-1777.0
-1045.0,-1037.0,,-177.0,-165.0,-323.0,412.0,561.0,,-1948.0
-825.0,-548.0,,-110.0,47.0,-387.0,363.0,423.0,,-2081.0
-1013.0,12.0,,19.0,202.0,-455.0,361.0,258.0,,-2171.0
-862.0,377.0,,168.0,202.0,-794.0,367.0,219.0,,-2201.0
-1168.0,789.0,,269.0,156.0,-1009.0,392.0,-168.0,,-2176.0
-739.0,1036.0,,365.0,47.0,-782.0,439.0,-221.0,,-2132.0
-805.0,1000.0,,439.0,-59.0,-502.0,495.0,-489.0,,-2067.0
-679.0,645.0,,513.0,-104.0,-419.0,489.0,-476.0,,-2000.0
-842.0,21.0,,593.0,-182.0,-648.0,379.0,-423.0,,-1940.0
-690.0,-541.0,,525.0,-223.0,-909.0,258.0,-543.0,,-1863.0
-409.0,-1200.0,,472.0,-227.0,-876.0,194.0,-417.0,,-1746.0
-567.0,-1638.0,,492.0,-313.0,-895.0,224.0,-509.0,,-1573.0
-386.0,-1759.0,,402.0,-374.0,-1220.0,325.0,-282.0,,-1369.0
-578.0,-1587.0,,267.0,-348.0,-1584.0,416.0,-253.0,,-1147.0
-254.0,-1121.0,,176.0,-245.0,-1533.0,434.0,-203.0,,-936.0
-464.0,-600.0,,132.0,-30.0,-1230.0,409.0,-136.0,,-752.0
-498.0,21.0,,-27.0,150.0,-1070.0,384.0,-339.0,,-590.0
-645.0,553.0,,-185.0,220.0,-1147.0,334.0,-236.0,,-479.0
-502.0,853.0,,-203.0,252.0,-1099.0,339.0,-388.0,,-415.0
-374.0,864.0,,-242.0,200.0,-755.0,434.0,-319.0,,-379.0
-684.0,893.0,,-247.0,95.0,-623.0,518.0,-321.0,,-392.0
-510.0,899.0,,-356.0,30.0,-656.0,566.0,-410.0,,-452.0
-630.0,723.0,,-425.0,-32.0,-691.0,588.0,-343.0,,-558.0
-347.0,445.0,,-377.0,-44.0,-782.0,587.0,-583.0,,-717.0
-489.0,247.0,,-401.0,4.0,-824.0,510.0,-500.0,,-902.0
-380.0,347.0,,-387.0,30.0,-941.0,388.0,-591.0,,-1090.0
-437.0,252.0,,-437.0,77.0,-999.0,364.0,-445.0,,-1258.0
-189.0,141.0,,-502.0,105.0,-751.0,455.0,-186.0,,-1401.0
75.0,249.0,,-591.0,71.0,-473.0,605.0,-168.0,,-1522.0
-159.0,486.0,,-612.0,51.0,-221.0,708.0,149.0,,-1648.0
183.0,565.0,,-620.0,18.0,146.0,710.0,175.0,,-1785.0
38.0,390.0,,-695.0,-35.0,446.0,647.0,415.0,,-1923.0
436.0,373.0,,-687.0,-75.0,648.0,571.0,448.0,,-2069.0
325.0,289.0,,-675.0,-173.0,775.0,526.0,419.0,,-2212.0
464.0,160.0,,-624.0,-243.0,1126.0,527.0,642.0,,-2352.0
455.0,43.0,,-573.0,-176.0,1544.0,591.0,663.0,,-2489.0
392.0,-10.0,,-516.0,-68.0,1628.0,658.0,1025.0,,-2611.0
649.0,16.0,,-547.0,85.0,1700.0,662.0,1043.0,,-2715.0
237.0,-8.0,,-654.0,260.0,2014.0,581.0,1073.0,,-2786.0
723.0,-30.0,,-706.0,360.0,2398.0,461.0,1043.0,,-2779.0
322.0,-96.0,,-763.0,447.0,2397.0,420.0,840.0,,-2703.0
481.0,-132.0,,-945.0,468.0,2320.0,453.0,844.0,,-2554.0
277.0,-174.0,,-1132.0,362.0,2552.0,490.0,524.0,,-2346.0
-69.0,-248.0,,-1183.0,262.0,3103.0,500.0,533.0,,-2147.0
35.0,-210.0,,-1220.0,174.0,3427.0,466.0,467.0,,-1972.0
-397.0,59.0,,-1211.0,106.0,3247.0,402.0,541.0,,-1845.0
-110.0,302.0,,-1050.0,122.0,3403.0,341.0,691.0,,-1762.0
-761.0,370.0,,-890.0,70.0,3675.0,314.0,526.0,,-1732.0
-466.0,358.0,,-797.0,-18.0,3721.0,321.0,582.0,,-1761.0
-665.0,348.0,,-590.0,8.0,3595.0,361.0,286.0,,-1833.0
-726.0,423.0,,-321.0,33.0,3490.0,403.0,291.0,,-1941.0
-510.0,273.0,,-100.0,73.0,3583.0,414.0,282.0,,-2070.0
-823.0,100.0,,24.0,181.0,3612.0,371.0,230.0,,-2209.0
-379.0,99.0,,141.0,197.0,3597.0,316.0,443.0,,-2332.0
-799.0,14.0,,262.0,166.0,3682.0,300.0,330.0,,-2412.0
-371.0,-150.0,,385.0,165.0,3866.0,285.0,436.0,,-2424.0
-578.0,-322.0,,427.0,117.0,3845.0,283.0,243.0,,-2363.0
-593.0,-354.0,,416.0,90.0,3779.0,310.0,184.0,,-2235.0
-563.0,-347.0,,463.0,70.0,3752.0,338.0,205.0,,-2056.0
-806.0,-359.0,,384.0,-10.0,3629.0,350.0,157.0,,-1837.0
-474.0,-346.0,,339.0,-50.0,3436.0,378.0,485.0,,-1607.0
-911.0,-273.0,,326.0,-70.0,3407.0,417.0,485.0,,-1387.0
-663.0,-222.0,,266.0,-126.0,3773.0,414.0,748.0,,-1193.0
-949.0,-344.0,,179.0,-168.0,4049.0,423.0,886.0,,-1031.0
-876.0,-492.0,,38.0,-249.0,4209.0,441.0,1003.0,,-884.0
-753.0,-618.0,,10.0,-363.0,4398.0,446.0,1228.0,,-772.0
-913.0,-668.0,,94.0,-404.0,4591.0,464.0,1075.0,,-678.0
-666.0,-693.0,,133.0,-430.0,4671.0,451.0,1167.0,,-598.0
-883.0,-765.0,,163.0,-440.0,4463.0,380.0,1060.0,,-540.0
-654.0,-953.0,,191.0,-380.0,4144.0,333.0,1093.0,,-482.0
-753.0,-1036.0,,106.0,-350.0,3806.0,356.0,1064.0,,-436.0
-691.0,-935.0,,122.0,-292.0,3677.0,397.0,951.0,,-372.0
-504.0,-890.0,,220.0,-153.0,3585.0,383.0,1077.0,,-274.0
-620.0,-760.0,,246.0,-62.0,3576.0,311.0,923.0,,-151.0
-426.0,-504.0,,283.0,-4.0,3918.0,263.0,1069.0,,-12.0
-445.0,-148.0,,341.0,25.0,4178.0,244.0,984.0,,97.0
-227.0,-86.0,,363.0,-44.0,4210.0,237.0,968.0,,146.0
-179.0,-185.0,,348.0,-95.0,3960.0,238.0,1145.0,,110.0
-145.0,-318.0,,316.0,-95.0,3700.0,199.0,1073.0,,-16.0
168.0,-539.0,,206.0,-108.0,3797.0,160.0,1256.0,,-218.0
149.0,-517.0,,20.0,-42.0,3938.0,156.0,1132.0,,-435.0
473.0,-414.0,,-82.0,41.0,3819.0,135.0,1189.0,,-626.0
407.0,-223.0,,-82.0,52.0,3695.0,93.0,1297.0,,-783.0
601.0,-84.0,,-87.0,88.0,3769.0,71.0,1395.0,,-892.0
776.0,86.0,,-76.0,85.0,3729.0,93.0,1699.0,,-967.0
709.0,147.0,,-53.0,33.0,3475.0,154.0,1631.0,,-1013.0
935.0,-4.0,,-65.0,48.0,3207.0,183.0,1740.0,,-1042.0
791.0,-68.0,,-34.0,41.0,3255.0,168.0,1587.0,,-1031.0
1151.0,-86.0,,87.0,31.0,3470.0,144.0,1481.0,,-980.0
907.0,73.0,,164.0,59.0,3433.0,140.0,1422.0,,-916.0
988.0,191.0,,261.0,19.0,3164.0,169.0,1116.0,,-835.0
1000.0,174.0,,290.0,-30.0,2942.0,202.0,1112.0,,-786.0
942.0,248.0,,290.0,-43.0,2816.0,193.0,890.0,,-767.0
1180.0,382.0,,417.0,-128.0,2683.0,127.0,1010.0,,-776.0
908.0,431.0,,487.0,-203.0,2616.0,85.0,1088.0,,-811.0
1244.0,528.0,,581.0,-182.0,2332.0,102.0,1042.0,,-842.0
1009.0,507.0,,598.0,-137.0,2193.0,172.0,1084.0,,-875.0
1156.0,332.0,,604.0,-35.0,2514.0,253.0,788.0,,-887.0
1104.0,125.0,,680.0,41.0,2865.0,279.0,759.0,,-882.0
1062.0,-238.0,,720.0,35.0,2915.0,269.0,473.0,,-864.0
1244.0,-500.0,,828.0,47.0,2677.0,279.0,388.0,,-836.0
1044.0,-791.0,,861.0,31.0,2756.0,310.0,395.0,,-794.0
1269.0,-1048.0,,819.0,-27.0,3000.0,331.0,232.0,,-745.0
974.0,-974.0,,723.0,-61.0,3070.0,333.0,317.0,,-679.0
1154.0,-556.0,,745.0,-118.0,2975.0,317.0,40.0,,-583.0
1188.0,-177.0,,883.0,-171.0,2905.0,336.0,27.0,,-458.0
1138.0,98.0,,855.0,-130.0,3014.0,372.0,-46.0,,-297.0
1195.0,423.0,,805.0,-101.0,2823.0,378.0,-59.0,,-132.0
1026.0,571.0,,793.0,-59.0,2347.0,379.0,44.0,,17.0
1210.0,696.0,,752.0,57.0,2033.0,380.0,-96.0,,136.0
1024.0,655.0,,598.0,141.0,2036.0,414.0,55.0,,238.0
1108.0,588.0,,473.0,245.0,1940.0,471.0,-112.0,,306.0
1174.0,541.0,,378.0,373.0,1843.0,480.0,-155.0,,333.0
1055.0,478.0,,265.0,444.0,2161.0,440.0,-254.0,,326.0
1110.0,487.0,,189.0,491.0,2725.0,376.0,-382.0,,259.0
996.0,395.0,,86.0,502.0,3138.0,380.0,-251.0,,160.0
1093.0,292.0,,22.0,409.0,3219.0,461.0,-330.0,,29.0
1011.0,59.0,,-53.0,304.0,3274.0,508.0,22.0,,-112.0
944.0,-185.0,,51.0,235.0,3213.0,492.0,192.0,,-232.0
911.0,-331.0,,254.0,181.0,2977.0,447.0,415.0,,-336.0
882.0,-246.0,,321.0,213.0,2614.0,398.0,620.0,,-418.0
1081.0,-143.0,,419.0,245.0,2337.0,335.0,509.0,,-481.0
944.0,-102.0,,607.0,221.0,2154.0,302.0,654.0,,-525.0
932.0,37.0,,780.0,238.0,1913.0,289.0,509.0,,-547.0
777.0,96.0,,958.0,273.0,1616.0,280.0,630.0,,-538.0
805.0,285.0,,1078.0,296.0,1317.0,286.0,650.0,,-493.0
823.0,401.0,,1154.0,309.0,1199.0,255.0,578.0,,-420.0
610.0,495.0,,1250.0,265.0,863.0,225.0,541.0,,-305.0
603.0,602.0,,1236.0,206.0,624.0,203.0,158.0,,-161.0
443.0,576.0,,1269.0,158.0,802.0,239.0,192.0,,-29.0
549.0,471.0,,1256.0,68.0,1131.0,318.0,116.0,,106.0
332.0,216.0,,1114.0,1.0,1213.0,367.0,306.0,,253.0
271.0,-23.0,,1018.0,-9.0,1151.0,378.0,461.0,,400.0
215.0,-225.0,,941.0,-41.0,1343.0,329.0,339.0,,549.0
212.0,-342.0,,961.0,-58.0,1617.0,255.0,404.0,,677.0
222.0,-476.0,,968.0,-71.0,1797.0,143.0,1.0,,770.0
-12.0,-540.0,,798.0,-127.0,1559.0,63.0,-203.0,,821.0
136.0,-505.0,,797.0,-116.0,1235.0,62.0,-535.0,,835.0
19.0,-450.0,,795.0,-71.0,1117.0,89.0,-716.0,,833.0
69.0,-292.0,,624.0,-48.0,999.0,109.0,-500.0,,843.0
-117.0,-66.0,,600.0,22.0,534.0,69.0,-467.0,,909.0
-50.0,152.0,,571.0,60.0,129.0,17.0,-230.0,,1036.0
-28.0,187.0,,566.0,42.0,41.0,4.0,-351.0,,1234.0
-48.0,182.0,,570.0,49.0,-280.0,56.0,-279.0,,1509.0
14.0,147.0,,534.0,56.0,-588.0,127.0,-212.0,,1833.0
-206.0,71.0,,424.0,49.0,-526.0,132.0,-347.0,,2188.0
-47.0,-148.0,,316.0,53.0,-246.0,93.0,-225.0,,2554.0
-126.0,-493.0,,453.0,6.0,-143.0,40.0,-291.0,,2901.0
59.0,-726.0,,435.0,-58.0,-108.0,9.0,20.0,,3212.0
-132.0,-998.0,,335.0,-104.0,-86.0,1.0,88.0,,3438.0
-80.0,-1129.0,,268.0,-205.0,-22.0,-28.0,77.0,,3563.0
-137.0,-1063.0,,181.0,-273.0,-191.0,-76.0,125.0,,3584.0
-150.0,-999.0,,235.0,-275.0,-686.0,-116.0,-109.0,,3479.0
-25.0,-1003.0,,211.0,-306.0,-948.0,-90.0,-46.0,,3271.0
-254.0,-1002.0,,235.0,-337.0,-1127.0,0.0,-245.0,,2994.0
-104.0,-806.0,,332.0,-318.0,-1446.0,50.0,-232.0,,2678.0
-415.0,-407.0,,438.0,-259.0,-1748.0,42.0,-306.0,,2336.0
-232.0,-34.0,,485.0,-152.0,-1807.0,9.0,-450.0,,1967.0
-427.0,160.0,,484.0,-89.0,-1885.0,-35.0,-330.0,,1579.0
-424.0,338.0,,527.0,-118.0,-1956.0,-44.0,-495.0,,1178.0
-479.0,455.0,,501.0,-118.0,-1823.0,3.0,-325.0,,760.0
-476.0,443.0,,543.0,-124.0,-1721.0,94.0,-389.0,,348.0
-384.0,283.0,,607.0,-161.0,-1725.0,140.0,-351.0,,-23.0
-601.0,186.0,,598.0,-141.0,-1704.0,110.0,-168.0,,-353.0
-297.0,279.0,,557.0,-108.0,-1575.0,60.0,-221.0,,-621.0
-585.0,320.0,,505.0,-93.0,-1355.0,-6.0,-55.0,,-826.0
-413.0,424.0,,426.0,-61.0,-1312.0,-47.0,-254.0,,-990.0
-615.0,520.0,,391.0,-60.0,-1476.0,-59.0,-243.0,,-1127.0
-455.0,737.0,,381.0,-77.0,-1459.0,-35.0,-266.0,,-1241.0
-513.0,1162.0,,278.0,-65.0,-1552.0,18.0,-223.0,,-1348.0
-535.0,1530.0,,279.0,-98.0,-1694.0,32.0,7.0,,-1432.0
-394.0,1801.0,,334.0,-135.0,-1640.0,-14.0,-75.0,,-1486.0
-718.0,1968.0,,336.0,-131.0,-1595.0,-76.0,125.0,,-1510.0
-301.0,2069.0,,394.0,-146.0,-1546.0,-115.0,-25.0,,-1474.0
-414.0,1926.0,,452.0,-116.0,-1385.0,-122.0,-112.0,,-1441.0
-102.0,1610.0,,457.0,-31.0,-1291.0,-111.0,-177.0,,-1411.0
-214.0,1114.0,,429.0,-9.0,-1398.0,-113.0,-378.0,,-1383.0
-101.0,535.0,,468.0,-25.0,-1391.0,-118.0,-258.0,,-1343.0
-38.0,-65.0,,519.0,-81.0,-1328.0,-138.0,-417.0,,-1277.0
-90.0,-694.0,,499.0,-191.0,-1390.0,-190.0,-249.0,,-1184.0
80.0,-1039.0,,564.0,-247.0,-1486.0,-267.0,-194.0,,-1031.0
-186.0,-1227.0,,602.0,-264.0,-1454.0,-312.0,-225.0,,-856.0
38.0,-1253.0,,625.0,-236.0,-1229.0,-275.0,-206.0,,-683.0
-171.0,-1121.0,,729.0,-123.0,-1044.0,-216.0,-480.0,,-541.0
-72.0,-866.0,,785.0,-21.0,-1240.0,-167.0,-443.0,,-445.0
-173.0,-608.0,,766.0,38.0,-1438.0,-151.0,-596.0,,-405.0
-192.0,-286.0,,861.0,62.0,-1444.0,-185.0,-539.0,,-422.0
-105.0,69.0,,954.0,15.0,-1492.0,-230.0,-535.0,,-470.0
-177.0,218.0,,809.0,-29.0,-1414.0,-281.0,-659.0,,-556.0
-157.0,252.0,,676.0,0.0,-1490.0,-298.0,-594.0,,-647.0
-186.0,132.0,,524.0,15.0,-1746.0,-223.0,-859.0,,-725.0
-81.0,19.0,,367.0,29.0,-2059.0,-100.0,-831.0,,-776.0
-240.0,-192.0,,288.0,90.0,-2289.0,14.0,-999.0,,-771.0
-182.0,-527.0,,190.0,87.0,-2333.0,64.0,-1018.0,,-726.0
-231.0,-708.0,,113.0,62.0,-2436.0,28.0,-910.0,,-655.0
-241.0,-701.0,,99.0,55.0,-2572.0,-4.0,-1079.0,,-563.0
-400.0,-692.0,,140.0,30.0,-2464.0,7.0,-970.0,,-496.0
-524.0,-677.0,,167.0,38.0,-2172.0,7.0,-1186.0,,-445.0
-584.0,-391.0,,290.0,72.0,-2277.0,-7.0,-1197.0,,-421.0
-619.0,63.0,,501.0,110.0,-2552.0,-3.0,-1215.0,,-449.0
-648.0,403.0,,588.0,199.0,-2606.0,23.0,-1136.0,,-499.0
-675.0,547.0,,580.0,289.0,-2615.0,82.0,-761.0,,-583.0
-626.0,656.0,,526.0,307.0,-2767.0,171.0,-611.0,,-682.0
-670.0,650.0,,482.0,313.0,-2991.0,229.0,-184.0,,-775.0
-626.0,463.0,,453.0,319.0,-2957.0,219.0,-107.0,,-855.0
-804.0,250.0,,341.0,279.0,-2754.0,177.0,11.0,,-926.0
-731.0,132.0,,276.0,249.0,-2712.0,179.0,77.0,,-987.0
-842.0,128.0,,142.0,235.0,-2856.0,259.0,-75.0,,-1023.0
-867.0,-2.0,,-61.0,191.0,-2879.0,327.0,59.0,,-1042.0
-945.0,-308.0,,-184.0,130.0,-2819.0,349.0,-60.0,,-1038.0
-1005.0,-359.0,,-226.0,14.0,-2945.0,363.0,83.0,,-1021.0
-988.0,-163.0,,-249.0,-112.0,-3215.0,386.0,1.0,,-1007.0
-1148.0,-140.0,,-293.0,-162.0,-3510.0,413.0,-177.0,,-1009.0
-1019.0,-195.0,,-268.0,-231.0,-3755.0,402.0,-182.0,,-1049.0
-1052.0,-64.0,,-366.0,-285.0,-3864.0,376.0,-373.0,,-1142.0
-830.0,341.0,,-355.0,-273.0,-3631.0,347.0,-247.0,,-1274.0
-850.0,482.0,,-192.0,-296.0,-3159.0,319.0,-330.0,,-1426.0
-635.0,295.0,,-209.0,-327.0,-2896.0,314.0,-186.0,,-1578.0
-545.0,285.0,,-256.0,-378.0,-2721.0,350.0,-103.0,,-1696.0
-476.0,228.0,,-297.0,-438.0,-2420.0,436.0,-179.0,,-1776.0
-183.0,136.0,,-349.0,-400.0,-2052.0,523.0,-36.0,,-1796.0
-208.0,15.0,,-387.0,-351.0,-2019.0,561.0,-312.0,,-1758.0
41.0,-110.0,,-517.0,-330.0,-2465.0,515.0,-369.0,,-1669.0
8.0,9.0,,-641.0,-263.0,-2553.0,482.0,-641.0,,-1505.0
200.0,83.0,,-641.0,-212.0,-2330.0,507.0,-846.0,,-1287.0
174.0,-57.0,,-595.0,-189.0,-2462.0,553.0,-825.0,,-1015.0
343.0,-199.0,,-504.0,-132.0,-2798.0,591.0,-990.0,,-719.0
457.0,-302.0,,-498.0,-87.0,-2894.0,545.0,-849.0,,-446.0
419.0,-426.0,,-463.0,-25.0,-2685.0,453.0,-1029.0,,-211.0
656.0,-589.0,,-453.0,84.0,-2328.0,383.0,-1014.0,,-28.0
630.0,-788.0,,-552.0,149.0,-2216.0,377.0,-1034.0,,114.0
829.0,-860.0,,-514.0,185.0,-2300.0,423.0,-1032.0,,233.0
639.0,-725.0,,-559.0,229.0,-2071.0,487.0,-676.0,,369.0
725.0,-583.0,,-647.0,227.0,-1760.0,530.0,-613.0,,511.0
714.0,-512.0,,-760.0,231.0,-1530.0,523.0,-269.0,,668.0
717.0,-362.0,,-937.0,252.0,-1331.0,531.0,-264.0,,836.0
740.0,-192.0,,-901.0,208.0,-1216.0,559.0,-290.0,,991.0
550.0,-185.0,,-846.0,171.0,-1066.0,568.0,-251.0,,1150.0
528.0,-263.0,,-795.0,159.0,-719.0,545.0,-378.0,,1285.0
351.0,-204.0,,-689.0,97.0,-405.0,514.0,-240.0,,1404.0
533.0,-8.0,,-623.0,39.0,-351.0,501.0,-454.0,,1474.0
418.0,60.0,,-602.0,-54.0,-384.0,551.0,-423.0,,1476.0
452.0,47.0,,-626.0,-194.0,-340.0,649.0,-450.0,,1428.0
424.0,108.0,,-529.0,-257.0,-277.0,716.0,-460.0,,1336.0
366.0,205.0,,-487.0,-283.0,-427.0,735.0,-319.0,,1237.0
346.0,253.0,,-509.0,-272.0,-588.0,699.0,-508.0,,1160.0
308.0,174.0,,-495.0,-177.0,-441.0,695.0,-393.0,,1161.0
408.0,32.0,,-487.0,-108.0,-110.0,721.0,-482.0,,1243.0
240.0,-72.0,,-474.0,-47.0,-171.0,740.0,-452.0,,1410.0
280.0,-105.0,,-524.0,17.0,-368.0,755.0,-445.0,,1650.0
174.0,-125.0,,-524.0,3.0,-185.0,720.0,-537.0,,1927.0
284.0,-185.0,,-451.0,23.0,65.0,655.0,-308.0,,2200.0
171.0,-260.0,,-398.0,116.0,139.0,596.0,-291.0,,2431.0
170.0,-126.0,,-301.0,188.0,-12.0,605.0,-24.0,,2619.0
167.0,77.0,,-182.0,252.0,-95.0,654.0,55.0,,2732.0
123.0,20.0,,-213.0,299.0,0.0,695.0,145.0,,2788.0
242.0,-70.0,,-208.0,279.0,130.0,708.0,358.0,,2789.0
70.0,0.0,,-168.0,224.0,46.0,644.0,280.0,,2753.0
230.0,64.0,,-105.0,160.0,-225.0,543.0,445.0,,2703.0
18.0,-39.0,,18.0,86.0,-315.0,470.0,347.0,,2615.0
70.0,-195.0,,-44.0,30.0,-129.0,403.0,345.0,,2544.0
-67.0,-253.0,,-190.0,-54.0,52.0,325.0,225.0,,2490.0
-96.0,-248.0,,-314.0,-148.0,23.0,240.0,29.0,,2444.0
-42.0,-392.0,,-339.0,-165.0,27.0,182.0,59.0,,2404.0
-372.0,-590.0,,-301.0,-191.0,256.0,199.0,-291.0,,2368.0
-339.0,-628.0,,-323.0,-224.0,592.0,235.0,-288.0,,2312.0
-562.0,-619.0,,-350.0,-230.0,418.0,272.0,-360.0,,2196.0
-382.0,-568.0,,-321.0,-268.0,12.0,261.0,-258.0,,2047.0
-587.0,-609.0,,-270.0,-271.0,172.0,169.0,86.0,,1840.0
-686.0,-629.0,,-270.0,-266.0,475.0,120.0,134.0,,1612.0
-738.0,-531.0,,-168.0,-273.0,505.0,143.0,301.0,,1391.0
-947.0,-460.0,,-75.0,-195.0,338.0,169.0,90.0,,1183.0
-849.0,-423.0,,-87.0,-101.0,166.0,129.0,53.0,,1021.0
-1095.0,-343.0,,-18.0,-26.0,81.0,68.0,-125.0,,886.0
-980.0,-66.0,,28.0,79.0,-153.0,23.0,-349.0,,793.0
-1115.0,126.0,,-67.0,135.0,-529.0,-42.0,-290.0,,722.0
-979.0,193.0,,-199.0,141.0,-650.0,-67.0,-491.0,,666.0
-953.0,400.0,,-367.0,150.0,-479.0,-64.0,-369.0,,605.0
-953.0,663.0,,-578.0,89.0,-458.0,-90.0,-513.0,,539.0
-708.0,781.0,,-683.0,44.0,-446.0,-143.0,-511.0,,466.0
-786.0,793.0,,-730.0,59.0,-217.0,-188.0,-423.0,,385.0
-570.0,862.0,,-723.0,30.0,-119.0,-197.0,-521.0,,318.0
-633.0,992.0,,-781.0,44.0,-115.0,-176.0,-395.0,,260.0
-318.0,971.0,,-924.0,70.0,-41.0,-139.0,-587.0,,239.0
-264.0,617.0,,-913.0,52.0,185.0,-160.0,-384.0,,243.0
-362.0,317.0,,-861.0,101.0,317.0,-232.0,-203.0,,276.0
-278.0,199.0,,-837.0,128.0,386.0,-303.0,-103.0,,321.0
-387.0,71.0,,-727.0,105.0,719.0,-377.0,64.0,,339.0
-146.0,97.0,,-550.0,140.0,876.0,-390.0,-11.0,,333.0
-250.0,212.0,,-513.0,155.0,936.0,-387.0,260.0,,291.0
-187.0,382.0,,-491.0,171.0,1038.0,-383.0,328.0,,193.0
-299.0,490.0,,-547.0,220.0,1034.0,-350.0,600.0,,42.0
-322.0,306.0,,-745.0,173.0,865.0,-369.0,772.0,,-155.0
-129.0,183.0,,-764.0,106.0,623.0,-434.0,678.0,,-407.0
-246.0,135.0,,-736.0,54.0,717.0,-526.0,766.0,,-687.0
-28.0,-88.0,,-639.0,-69.0,874.0,-564.0,502.0,,-982.0
-47.0,-412.0,,-496.0,-153.0,1005.0,-540.0,517.0,,-1270.0
-41.0,-663.0,,-421.0,-193.0,1233.0,-573.0,424.0,,-1518.0
-11.0,-778.0,,-310.0,-263.0,1394.0,-649.0,413.0,,-1706.0
55.0,-885.0,,-301.0,-305.0,1493.0,-716.0,559.0,,-1824.0
143.0,-781.0,,-228.0,-345.0,1523.0,-736.0,506.0,,-1880.0
55.0,-599.0,,-84.0,-385.0,1737.0,-700.0,761.0,,-1878.0
208.0,-428.0,,-82.0,-331.0,2098.0,-648.0,667.0,,-1840.0
231.0,-118.0,,-40.0,-266.0,2226.0,-609.0,681.0,,-1776.0
343.0,137.0,,-78.0,-231.0,2024.0,-564.0,641.0,,-1699.0
349.0,363.0,,-235.0,-189.0,1823.0,-529.0,502.0,,-1611.0
367.0,504.0,,-377.0,-194.0,1914.0,-529.0,556.0,,-1498.0
334.0,480.0,,-441.0,-162.0,1878.0,-550.0,267.0,,-1369.0
278.0,404.0,,-382.0,-108.0,1670.0,-590.0,297.0,,-1229.0
389.0,395.0,,-412.0,-129.0,1736.0,-601.0,177.0,,-1084.0
317.0,309.0,,-475.0,-106.0,1936.0,-569.0,101.0,,-934.0
397.0,96.0,,-408.0,-61.0,1943.0,-531.0,81.0,,-790.0
306.0,-2.0,,-326.0,-88.0,1753.0,-532.0,-171.0,,-654.0
291.0,7.0,,-144.0,-86.0,1615.0,-542.0,-114.0,,-541.0
215.0,-39.0,,202.0,-64.0,1672.0,-503.0,-275.0,,-434.0
320.0,-199.0,,487.0,-61.0,1680.0,-449.0,-140.0,,-334.0
462.0,-250.0,,648.0,26.0,1467.0,-410.0,-18.0,,-253.0
408.0,-148.0,,761.0,105.0,1245.0,-367.0,66.0,,-177.0
422.0,-114.0,,861.0,110.0,1091.0,-291.0,338.0,,-116.0
328.0,-128.0,,901.0,101.0,930.0,-202.0,297.0,,-63.0
474.0,-109.0,,891.0,31.0,748.0,-183.0,506.0,,-60.0
331.0,-1.0,,837.0,-39.0,556.0,-261.0,437.0,,-108.0
407.0,62.0,,758.0,-55.0,532.0,-310.0,478.0,,-201.0
415.0,-64.0,,678.0,-70.0,607.0,-284.0,511.0,,-329.0
500.0,14.0,,602.0,-36.0,600.0,-190.0,280.0,,-469.0
520.0,249.0,,505.0,37.0,530.0,-71.0,369.0,,-586.0
422.0,326.0,,416.0,55.0,415.0,-11.0,182.0,,-637.0
528.0,360.0,,412.0,71.0,515.0,18.0,242.0,,-644.0
430.0,330.0,,422.0,78.0,694.0,2.0,168.0,,-597.0
703.0,309.0,,589.0,2.0,623.0,3.0,55.0,,-526.0
543.0,237.0,,714.0,-66.0,534.0,12.0,73.0,,-449.0
662.0,159.0,,703.0,-119.0,598.0,18.0,-186.0,,-365.0
552.0,179.0,,686.0,-140.0,558.0,78.0,-75.0,,-290.0
447.0,225.0,,608.0,-73.0,256.0,104.0,-153.0,,-202.0
441.0,302.0,,550.0,-46.0,-93.0,93.0,-18.0,,-109.0
183.0,257.0,,484.0,-69.0,-413.0,50.0,92.0,,-7.0
403.0,184.0,,422.0,-28.0,-542.0,13.0,16.0,,107.0
64.0,75.0,,265.0,20.0,-517.0,-18.0,192.0,,214.0
161.0,-141.0,,135.0,47.0,-502.0,-90.0,97.0,,320.0
-38.0,-412.0,,89.0,92.0,-520.0,-126.0,360.0,,431.0
-43.0,-583.0,,-2.0,142.0,-669.0,-108.0,456.0,,536.0
27.0,-537.0,,-30.0,234.0,-718.0,-29.0,548.0,,653.0
-131.0,-432.0,,-63.0,357.0,-655.0,43.0,729.0,,787.0
149.0,-248.0,,-131.0,406.0,-751.0,64.0,609.0,,910.0
-137.0,-72.0,,-108.0,415.0,-982.0,62.0,755.0,,1010.0
38.0,214.0,,-135.0,396.0,-1062.0,59.0,582.0,,1070.0
-153.0,491.0,,-233.0,301.0,-1108.0,55.0,578.0,,1102.0
-155.0,478.0,,-228.0,225.0,-1281.0,2.0,460.0,,1112.0
-89.0,427.0,,-264.0,176.0,-1431.0,-85.0,184.0,,1131.0
-275.0,313.0,,-319.0,111.0,-1435.0,-164.0,133.0,,1172.0
-135.0,116.0,,-349.0,67.0,-1224.0,-213.0,-112.0,,1234.0
-375.0,-148.0,,-373.0,46.0,-1114.0,-252.0,107.0,,1350.0
-205.0,-443.0,,-331.0,25.0,-1162.0,-284.0,181.0,,1495.0
-437.0,-630.0,,-211.0,14.0,-1024.0,-286.0,408.0,,1649.0
-494.0,-762.0,,-58.0,-13.0,-800.0,-238.0,683.0,,1795.0
-406.0,-824.0,,78.0,-69.0,-755.0,-144.0,596.0,,1894.0
-470.0,-719.0,,300.0,-89.0,-828.0,-123.0,646.0,,1937.0
-380.0,-547.0,,518.0,-84.0,-964.0,-182.0,321.0,,1912.0
-594.0,-391.0,,663.0,-66.0,-1150.0,-223.0,225.0,,1830.0
-477.0,-189.0,,759.0,-9.0,-1369.0,-249.0,12.0,,1685.0
-588.0,-46.0,,801.0,45.0,-1531.0,-263.0,-120.0,,1489.0
-467.0,1.0,,824.0,45.0,-1446.0,-244.0,-3.0,,1272.0
-407.0,-28.0,,754.0,11.0,-1372.0,-276.0,-145.0,,1059.0
-463.0,-89.0,,569.0,-27.0,-1396.0,-359.0,70.0,,858.0
-330.0,-199.0,,419.0,-77.0,-1306.0,-412.0,-75.0,,662.0
-309.0,-352.0,,347.0,-110.0,-1072.0,-437.0,-134.0,,472.0
-191.0,-443.0,,227.0,-133.0,-820.0,-448.0,-110.0,,285.0
-342.0,-475.0,,33.0,-132.0,-818.0,-456.0,-177.0,,114.0
-212.0,-417.0,,-36.0,-95.0,-893.0,-419.0,121.0,,-52.0
-164.0,-302.0,,-45.0,-104.0,-797.0,-373.0,103.0,,-215.0
-92.0,-92.0,,-100.0,-131.0,-751.0,-389.0,341.0,,-378.0
-101.0,165.0,,-121.0,-91.0,-966.0,-391.0,445.0,,-559.0
-149.0,387.0,,-107.0,-36.0,-1106.0,-370.0,478.0,,-745.0
-102.0,664.0,,-59.0,6.0,-993.0,-359.0,639.0,,-948.0
-257.0,915.0,,-124.0,58.0,-1058.0,-369.0,582.0,,-1151.0
-255.0,995.0,,-231.0,70.0,-1398.0,-423.0,849.0,,-1355.0
-397.0,1022.0,,-370.0,38.0,-1696.0,-447.0,853.0,,-1551.0
-303.0,1047.0,,-515.0,5.0,-1721.0,-422.0,1038.0,,-1720.0
-417.0,913.0,,-716.0,-47.0,-1466.0,-375.0,1156.0,,-1876.0
-524.0,781.0,,-942.0,-60.0,-1213.0,-371.0,1128.0,,-2007.0
-595.0,751.0,,-1065.0,-8.0,-1138.0,-410.0,1295.0,,-2127.0
-615.0,695.0,,-1243.0,23.0,-992.0,-407.0,1055.0,,-2245.0
-493.0,663.0,,-1280.0,93.0,-703.0,-402.0,1116.0,,-2340.0
-558.0,676.0,,-1224.0,192.0,-516.0,-397.0,1060.0,,-2416.0
-433.0,779.0,,-1167.0,240.0,-649.0,-415.0,1101.0,,-2483.0
-523.0,808.0,,-1084.0,274.0,-965.0,-427.0,1189.0,,-2527.0
-470.0,706.0,,-965.0,267.0,-1095.0,-404.0,1005.0,,-2550.0
-582.0,695.0,,-794.0,228.0,-1037.0,-440.0,1075.0,,-2557.0
-517.0,660.0,,-667.0,253.0,-1163.0,-481.0,861.0,,-2537.0
-511.0,519.0,,-570.0,289.0,-1489.0,-487.0,916.0,,-2478.0
-585.0,366.0,,-550.0,284.0,-1611.0,-436.0,873.0,,-2371.0
-487.0,261.0,,-589.0,293.0,-1535.0,-345.0,800.0,,-2227.0
-636.0,209.0,,-709.0,270.0,-1613.0,-260.0,951.0,,-2055.0
-488.0,107.0,,-827.0,222.0,-1848.0,-200.0,766.0,,-1867.0
-608.0,-72.0,,-896.0,227.0,-1880.0,-235.0,803.0,,-1674.0
-494.0,-219.0,,-906.0,256.0,-1903.0,-269.0,469.0,,-1488.0
-503.0,-294.0,,-941.0,299.0,-2046.0,-210.0,236.0,,-1331.0
-342.0,-403.0,,-1000.0,333.0,-2230.0,-87.0,175.0,,-1228.0
-187.0,-503.0,,-889.0,290.0,-2290.0,28.0,75.0,,-1189.0
-301.0,-452.0,,-739.0,189.0,-2147.0,54.0,330.0,,-1193.0
-131.0,-192.0,,-665.0,105.0,-2226.0,19.0,212.0,,-1212.0
-213.0,96.0,,-632.0,26.0,-2226.0,-39.0,245.0,,-1225.0
116.0,165.0,,-557.0,-44.0,-2148.0,-55.0,118.0,,-1214.0
78.0,128.0,,-413.0,-59.0,-2038.0,0.0,14.0,,-1173.0
212.0,113.0,,-277.0,-52.0,-1794.0,84.0,145.0,,-1109.0
302.0,25.0,,-150.0,-7.0,-1623.0,202.0,84.0,,-1043.0
320.0,-179.0,,24.0,55.0,-1558.0,314.0,352.0,,-985.0
479.0,-388.0,,263.0,76.0,-1553.0,414.0,352.0,,-939.0
339.0,-541.0,,440.0,120.0,-1383.0,473.0,539.0,,-898.0
495.0,-759.0,,530.0,195.0,-1328.0,487.0,678.0,,-847.0
307.0,-1001.0,,612.0,204.0,-1576.0,509.0,576.0,,-789.0
416.0,-1070.0,,649.0,179.0,-1931.0,503.0,691.0,,-732.0
214.0,-1001.0,,659.0,163.0,-1914.0,492.0,478.0,,-685.0
122.0,-892.0,,612.0,105.0,-1676.0,548.0,482.0,,-657.0
57.0,-653.0,,584.0,60.0,-1595.0,648.0,303.0,,-646.0
-171.0,-315.0,,529.0,31.0,-1522.0,758.0,177.0,,-657.0
-206.0,103.0,,366.0,-5.0,-1483.0,843.0,192.0,,-686.0
-512.0,479.0,,328.0,-4.0,-1411.0,844.0,103.0,,-729.0
-407.0,698.0,,284.0,-1.0,-1403.0,823.0,347.0,,-764.0
-629.0,869.0,,170.0,-2.0,-1306.0,850.0,232.0,,-785.0
-630.0,931.0,,81.0,27.0,-1180.0,920.0,284.0,,-783.0
-790.0,885.0,,-25.0,23.0,-1170.0,1022.0,269.0,,-737.0
-845.0,725.0,,-159.0,-13.0,-1272.0,1086.0,190.0,,-654.0
-737.0,568.0,,-273.0,-15.0,-1457.0,1060.0,323.0,,-518.0
-798.0,469.0,,-304.0,-34.0,-1517.0,994.0,195.0,,-343.0
-634.0,316.0,,-390.0,-57.0,-1635.0,950.0,469.0,,-128.0
-797.0,122.0,,-467.0,-38.0,-1823.0,981.0,550.0,,121.0
-674.0,7.0,,-474.0,-55.0,-1880.0,1103.0,694.0,,377.0
-747.0,49.0,,-507.0,-65.0,-1788.0,1181.0,897.0,,624.0
-630.0,66.0,,-425.0,-39.0,-1695.0,1179.0,837.0,,834.0
-604.0,142.0,,-315.0,-57.0,-1465.0,1155.0,947.0,,1012.0
-608.0,228.0,,-280.0,-57.0,-1089.0,1132.0,716.0,,1153.0
-529.0,225.0,,-152.0,-26.0,-926.0,1181.0,755.0,,1249.0
-619.0,169.0,,-33.0,-40.0,-979.0,1224.0,657.0,,1310.0
-497.0,90.0,,-26.0,-38.0,-1019.0,1233.0,511.0,,1327.0
-579.0,158.0,,7.0,-3.0,-943.0,1254.0,589.0,,1306.0
-436.0,195.0,,74.0,-5.0,-802.0,1231.0,437.0,,1260.0
-450.0,189.0,,102.0,7.0,-614.0,1161.0,685.0,,1197.0
-354.0,204.0,,105.0,12.0,-559.0,1105.0,729.0,,1118.0
-330.0,212.0,,154.0,-30.0,-696.0,1143.0,846.0,,1039.0
-325.0,133.0,,177.0,-52.0,-711.0,1260.0,947.0,,975.0
-234.0,-84.0,,182.0,-87.0,-436.0,1382.0,885.0,,922.0
-214.0,-275.0,,315.0,-128.0,-116.0,1423.0,994.0,,870.0
-16.0,-387.0,,466.0,-95.0,13.0,1399.0,768.0,,812.0
18.0,-466.0,,570.0,-63.0,113.0,1399.0,820.0,,758.0
144.0,-471.0,,622.0,-75.0,496.0,1400.0,713.0,,687.0
146.0,-349.0,,665.0,-54.0,997.0,1365.0,639.0,,604.0
230.0,-225.0,,682.0,-32.0,1112.0,1292.0,606.0,,531.0
222.0,-143.0,,700.0,6.0,1020.0,1233.0,280.0,,460.0
287.0,-134.0,,768.0,88.0,924.0,1232.0,291.0,,403.0
413.0,-102.0,,677.0,118.0,670.0,1283.0,68.0,,345.0
517.0,-17.0,,546.0,142.0,453.0,1339.0,88.0,,299.0
661.0,-61.0,,409.0,198.0,293.0,1324.0,33.0,,290.0
627.0,-176.0,,294.0,197.0,219.0,1259.0,-114.0,,311.0
710.0,-187.0,,301.0,155.0,422.0,1204.0,33.0,,366.0
680.0,-102.0,,298.0,109.0,709.0,1168.0,-51.0,,428.0
778.0,-66.0,,318.0,24.0,859.0,1169.0,181.0,,486.0
795.0,-23.0,,395.0,-27.0,1032.0,1171.0,247.0,,538.0
855.0,111.0,,512.0,-19.0,1293.0,1134.0,460.0,,579.0
861.0,230.0,,581.0,-21.0,1522.0,1054.0,654.0,,609.0
853.0,199.0,,643.0,29.0,1558.0,948.0,641.0,,617.0
909.0,106.0,,659.0,113.0,1266.0,885.0,923.0,,586.0
800.0,39.0,,573.0,165.0,986.0,870.0,862.0,,516.0
817.0,-22.0,,537.0,224.0,863.0,888.0,1077.0,,411.0
713.0,-124.0,,483.0,261.0,861.0,917.0,1125.0,,260.0
759.0,-267.0,,345.0,248.0,877.0,904.0,1055.0,,98.0
703.0,-229.0,,265.0,236.0,926.0,867.0,1051.0,,-61.0
591.0,-121.0,,148.0,220.0,1285.0,800.0,713.0,,-213.0
458.0,-194.0,,-50.0,177.0,1636.0,695.0,676.0,,-348.0
366.0,-226.0,,-114.0,136.0,1805.0,657.0,395.0,,-479.0
425.0,-63.0,,-114.0,53.0,1740.0,682.0,345.0,,-582.0
393.0,107.0,,-170.0,-53.0,1669.0,710.0,319.0,,-657.0
421.0,167.0,,-211.0,-81.0,1762.0,709.0,129.0,,-706.0
351.0,278.0,,-189.0,-98.0,1692.0,662.0,221.0,,-723.0
412.0,463.0,,-107.0,-135.0,1570.0,653.0,83.0,,-714.0
393.0,494.0,,27.0,-124.0,1483.0,695.0,293.0,,-701.0
380.0,456.0,,154.0,-117.0,1494.0,710.0,280.0,,-689.0
422.0,349.0,,262.0,-112.0,1666.0,679.0,190.0,,-672.0
452.0,191.0,,373.0,-71.0,1873.0,643.0,210.0,,-667.0
490.0,4.0,,439.0,-9.0,1894.0,615.0,-62.0,,-659.0
384.0,-214.0,,526.0,87.0,1892.0,605.0,-110.0,,-653.0
350.0,-180.0,,522.0,185.0,2040.0,627.0,-487.0,,-657.0
280.0,-47.0,,409.0,229.0,2184.0,661.0,-667.0,,-689.0
346.0,-19.0,,367.0,228.0,2367.0,682.0,-811.0,,-751.0
362.0,-54.0,,313.0,201.0,2433.0,650.0,-986.0,,-826.0
373.0,-5.0,,252.0,131.0,2413.0,581.0,-853.0,,-914.0
413.0,73.0,,160.0,64.0,2402.0,534.0,-944.0,,-999.0
440.0,14.0,,94.0,24.0,2340.0,521.0,-726.0,,-1074.0
507.0,-145.0,,148.0,-61.0,2260.0,479.0,-768.0,,-1128.0
455.0,-319.0,,183.0,-142.0,2328.0,413.0,-792.0,,-1143.0
512.0,-392.0,,216.0,-206.0,2479.0,393.0,-766.0,,-1103.0
616.0,-641.0,,335.0,-270.0,2466.0,395.0,-866.0,,-1021.0
711.0,-939.0,,499.0,-251.0,2398.0,377.0,-567.0,,-925.0
640.0,-1005.0,,512.0,-223.0,2280.0,305.0,-533.0,,-827.0
625.0,-1008.0,,567.0,-233.0,2282.0,183.0,-286.0,,-741.0
588.0,-1031.0,,688.0,-200.0,2372.0,89.0,-254.0,,-684.0
567.0,-1070.0,,742.0,-163.0,2418.0,45.0,-334.0,,-666.0
588.0,-897.0,,869.0,-147.0,2502.0,1.0,-254.0,,-658.0
521.0,-568.0,,845.0,-64.0,2393.0,-27.0,-526.0,,-670.0
497.0,-328.0,,833.0,65.0,2189.0,-16.0,-522.0,,-699.0
334.0,-145.0,,915.0,181.0,2176.0,-51.0,-837.0,,-723.0
347.0,71.0,,977.0,254.0,2122.0,-114.0,-1058.0,,-747.0
244.0,246.0,,1031.0,215.0,1911.0,-146.0,-1121.0,,-752.0
227.0,336.0,,1036.0,125.0,1769.0,-155.0,-1230.0,,-716.0
219.0,489.0,,1100.0,93.0,1633.0,-196.0,-1036.0,,-637.0
220.0,681.0,,1140.0,80.0,1333.0,-280.0,-1132.0,,-523.0
318.0,858.0,,1231.0,67.0,1074.0,-300.0,-979.0,,-377.0
209.0,950.0,,1274.0,65.0,1197.0,-263.0,-957.0,,-207.0
304.0,935.0,,1188.0,29.0,1444.0,-232.0,-925.0,,-35.0
220.0,954.0,,1186.0,-17.0,1585.0,-255.0,-752.0,,148.0
314.0,936.0,,1181.0,-52.0,1627.0,-290.0,-877.0,,321.0
373.0,711.0,,1086.0,-128.0,1623.0,-327.0,-748.0,,441.0
423.0,360.0,,993.0,-165.0,1673.0,-381.0,-848.0,,518.0
530.0,118.0,,952.0,-117.0,1698.0,-394.0,-779.0,,546.0
468.0,-20.0,,932.0,-94.0,1693.0,-425.0,-718.0,,525.0
621.0,-160.0,,878.0,-74.0,1596.0,-453.0,-718.0,,451.0
552.0,-242.0,,843.0,-38.0,1357.0,-495.0,-469.0,,343.0
686.0,-161.0,,930.0,-30.0,959.0,-543.0,-561.0,,229.0
742.0,-79.0,,999.0,-11.0,777.0,-534.0,-511.0,,120.0
797.0,-132.0,,986.0,22.0,854.0,-554.0,-700.0,,20.0
902.0,-174.0,,968.0,56.0,877.0,-604.0,-766.0,,-60.0
806.0,-147.0,,939.0,113.0,731.0,-660.0,-698.0,,-108.0
907.0,-151.0,,936.0,138.0,536.0,-740.0,-774.0,,-145.0
865.0,-278.0,,919.0,103.0,642.0,-786.0,-493.0,,-182.0
979.0,-320.0,,886.0,107.0,586.0,-766.0,-513.0,,-224.0
939.0,-231.0,,813.0,122.0,270.0,-745.0,-349.0,,-287.0
920.0,-210.0,,712.0,124.0,235.0,-761.0,-339.0,,-371.0
941.0,-264.0,,602.0,152.0,359.0,-864.0,-521.0,,-468.0
820.0,-256.0,,431.0,146.0,231.0,-1018.0,-582.0,,-581.0
901.0,-138.0,,304.0,140.0,-104.0,-1111.0,-912.0,,-695.0
763.0,-68.0,,216.0,179.0,-441.0,-1160.0,-862.0,,-779.0
826.0,-5.0,,124.0,181.0,-613.0,-1193.0,-958.0,,-837.0
806.0,106.0,,-33.0,176.0,-568.0,-1226.0,-896.0,,-858.0
813.0,171.0,,-227.0,211.0,-527.0,-1259.0,-820.0,,-843.0
805.0,202.0,,-315.0,215.0,-611.0,-1251.0,-995.0,,-813.0
670.0,265.0,,-466.0,216.0,-759.0,-1229.0,-949.0,,-802.0
764.0,348.0,,-598.0,240.0,-757.0,-1231.0,-1260.0,,-829.0
698.0,424.0,,-615.0,228.0,-671.0,-1267.0,-1289.0,,-883.0
784.0,408.0,,-718.0,207.0,-631.0,-1356.0,-1419.0,,-980.0
658.0,320.0,,-723.0,142.0,-709.0,-1452.0,-1507.0,,-1093.0
639.0,299.0,,-698.0,12.0,-794.0,-1517.0,-1298.0,,-1216.0
613.0,328.0,,-701.0,-54.0,-575.0,-1531.0,-1326.0,,-1337.0
517.0,251.0,,-565.0,-92.0,-282.0,-1499.0,-1027.0,,-1434.0
466.0,80.0,,-391.0,-139.0,-313.0,-1471.0,-1062.0,,-1522.0
296.0,78.0,,-190.0,-119.0,-475.0,-1485.0,-1018.0,,-1579.0
436.0,96.0,,-54.0,-99.0,-373.0,-1540.0,-894.0,,-1599.0
323.0,59.0,,65.0,-90.0,-302.0,-1569.0,-907.0,,-1595.0
351.0,101.0,,141.0,-61.0,-581.0,-1566.0,-696.0,,-1555.0
247.0,180.0,,140.0,-68.0,-965.0,-1564.0,-733.0,,-1482.0
257.0,342.0,,182.0,-102.0,-1039.0,-1547.0,-408.0,,-1395.0
372.0,333.0,,216.0,-88.0,-982.0,-1559.0,-247.0,,-1307.0
333.0,246.0,,275.0,-62.0,-1145.0,-1598.0,-99.0,,-1227.0
491.0,302.0,,386.0,-71.0,-1345.0,-1651.0,79.0,,-1158.0
403.0,318.0,,462.0,-87.0,-1450.0,-1668.0,-46.0,,-1102.0
550.0,182.0,,423.0,-134.0,-1494.0,-1628.0,158.0,,-1062.0
516.0,16.0,,455.0,-140.0,-1548.0,-1655.0,14.0,,-1007.0
557.0,-17.0,,433.0,-89.0,-1484.0,-1742.0,35.0,,-935.0
610.0,-103.0,,294.0,-66.0,-1424.0,-1805.0,109.0,,-863.0
666.0,-243.0,,251.0,0.0,-1285.0,-1843.0,173.0,,-759.0
842.0,-289.0,,254.0,102.0,-1038.0,-1897.0,424.0,,-617.0
793.0,-178.0,,294.0,119.0,-1026.0,-1978.0,295.0,,-450.0
922.0,0.0,,267.0,84.0,-985.0,-2016.0,336.0,,-256.0
839.0,137.0,,142.0,64.0,-880.0,-1982.0,90.0,,-78.0
901.0,318.0,,-26.0,41.0,-843.0,-1952.0,-25.0,,92.0
886.0,448.0,,-179.0,40.0,-943.0,-1954.0,-90.0,,230.0
925.0,489.0,,-238.0,40.0,-1136.0,-1944.0,-284.0,,294.0
998.0,391.0,,-272.0,-10.0,-1285.0,-1935.0,-153.0,,322.0
908.0,171.0,,-307.0,-24.0,-1158.0,-1946.0,-380.0,,290.0
954.0,46.0,,-346.0,-28.0,-774.0,-1974.0,-360.0,,214.0
824.0,-52.0,,-518.0,-52.0,-603.0,-1969.0,-421.0,,119.0
879.0,-215.0,,-679.0,-26.0,-511.0,-1961.0,-522.0,,11.0
834.0,-367.0,,-602.0,-25.0,-465.0,-2030.0,-465.0,,-86.0
857.0,-479.0,,-430.0,-36.0,-435.0,-2148.0,-641.0,,-175.0
841.0,-549.0,,-314.0,0.0,-555.0,-2219.0,-485.0,,-240.0
707.0,-580.0,,-246.0,-8.0,-734.0,-2178.0,-491.0,,-270.0
669.0,-528.0,,-232.0,-34.0,-716.0,-2047.0,-356.0,,-268.0
499.0,-351.0,,-292.0,-8.0,-706.0,-1911.0,-327.0,,-262.0
435.0,-129.0,,-403.0,2.0,-613.0,-1904.0,-439.0,,-248.0
262.0,10.0,,-405.0,39.0,-606.0,-2003.0,-280.0,,-214.0
135.0,98.0,,-384.0,93.0,-539.0,-2077.0,-412.0,,-166.0
14.0,221.0,,-382.0,77.0,-379.0,-2061.0,-221.0,,-107.0
-142.0,256.0,,-302.0,50.0,-277.0,-1981.0,-145.0,,-38.0
-264.0,165.0,,-387.0,4.0,-260.0,-1927.0,-44.0,,32.0
-412.0,22.0,,-452.0,-71.0,-426.0,-1939.0,155.0,,87.0
-475.0,-163.0,,-470.0,-79.0,-685.0,-1993.0,-11.0,,127.0
-538.0,-329.0,,-508.0,-61.0,-1014.0,-2005.0,-36.0,,143.0
-581.0,-505.0,,-499.0,-60.0,-1247.0,-1950.0,-330.0,,149.0
-589.0,-622.0,,-500.0,-5.0,-1441.0,-1887.0,-351.0,,145.0
-631.0,-596.0,,-454.0,33.0,-1341.0,-1831.0,-441.0,,136.0
-622.0,-588.0,,-412.0,35.0,-925.0,-1787.0,-600.0,,127.0
-558.0,-588.0,,-307.0,79.0,-741.0,-1759.0,-511.0,,117.0
-553.0,-443.0,,-295.0,88.0,-780.0,-1734.0,-713.0,,112.0
-463.0,-212.0,,-188.0,72.0,-707.0,-1734.0,-533.0,,116.0
-417.0,-43.0,,-49.0,80.0,-513.0,-1771.0,-604.0,,145.0
-321.0,138.0,,72.0,25.0,-515.0,-1804.0,-635.0,,186.0
-331.0,315.0,,289.0,-43.0,-673.0,-1784.0,-570.0,,237.0
-315.0,351.0,,294.0,-98.0,-928.0,-1678.0,-729.0,,294.0
-244.0,364.0,,362.0,-198.0,-1233.0,-1583.0,-589.0,,336.0
-252.0,388.0,,401.0,-270.0,-1335.0,-1611.0,-703.0,,365.0
-131.0,332.0,,325.0,-350.0,-1162.0,-1720.0,-556.0,,388.0
-183.0,228.0,,332.0,-480.0,-765.0,-1817.0,-487.0,,398.0
-119.0,71.0,,352.0,-519.0,-427.0,-1776.0,-445.0,,405.0
-174.0,-86.0,,335.0,-492.0,-226.0,-1594.0,-243.0,,422.0
-239.0,-130.0,,304.0,-458.0,37.0,-1466.0,-380.0,,426.0
-276.0,-159.0,,322.0,-361.0,343.0,-1486.0,-297.0,,436.0
-340.0,-171.0,,300.0,-261.0,380.0,-1595.0,-528.0,,465.0
-313.0,-64.0,,281.0,-176.0,81.0,-1687.0,-641.0,,507.0
-426.0,86.0,,143.0,-89.0,-10.0,-1683.0,-676.0,,579.0
-400.0,191.0,,-11.0,-75.0,378.0,-1562.0,-796.0,,653.0
-466.0,199.0,,-69.0,-96.0,789.0,-1410.0,-642.0,,713.0
-455.0,246.0,,-192.0,-127.0,781.0,-1337.0,-729.0,,745.0
-489.0,361.0,,-330.0,-245.0,868.0,-1299.0,-482.0,,707.0
-385.0,399.0,,-581.0,-364.0,1300.0,-1221.0,-413.0,,596.0
-275.0,329.0,,-737.0,-402.0,1593.0,-1168.0,-410.0,,412.0
-320.0,179.0,,-814.0,-400.0,1643.0,-1193.0,-369.0,,161.0
-250.0,84.0,,-887.0,-314.0,1570.0,-1191.0,-654.0,,-100.0
-288.0,-59.0,,-871.0,-194.0,1660.0,-1079.0,-637.0,,-354.0
-193.0,-318.0,,-834.0,-126.0,1732.0,-901.0,-831.0,,-575.0
-229.0,-429.0,,-757.0,-34.0,1685.0,-772.0,-764.0,,-739.0
-168.0,-379.0,,-753.0,34.0,1735.0,-751.0,-678.0,,-853.0
-211.0,-246.0,,-705.0,36.0,1813.0,-817.0,-727.0,,-911.0
-281.0,-136.0,,-594.0,73.0,1992.0,-905.0,-713.0,,-933.0
-292.0,-30.0,,-450.0,109.0,2312.0,-860.0,-1099.0,,-925.0
-377.0,152.0,,-384.0,146.0,2670.0,-644.0,-1127.0,,-890.0
-310.0,229.0,,-404.0,231.0,2871.0,-423.0,-1263.0,,-838.0
-368.0,227.0,,-482.0,258.0,2842.0,-328.0,-1228.0,,-772.0
-244.0,174.0,,-553.0,246.0,2790.0,-338.0,-1088.0,,-683.0
-324.0,65.0,,-508.0,242.0,2939.0,-387.0,-1193.0,,-574.0
-247.0,41.0,,-525.0,169.0,2942.0,-386.0,-953.0,,-447.0
-211.0,-23.0,,-598.0,86.0,2608.0,-285.0,-1014.0,,-300.0
-227.0,-110.0,,-658.0,7.0,2453.0,-98.0,-881.0,,-132.0
-117.0,-166.0,,-570.0,-100.0,2595.0,44.0,-831.0,,63.0
-170.0,-251.0,,-577.0,-115.0,2600.0,20.0,-803.0,,274.0
78.0,-301.0,,-567.0,-105.0,2308.0,-31.0,-550.0,,483.0
-36.0,-358.0,,-456.0,-136.0,2017.0,-40.0,-570.0,,673.0
133.0,-418.0,,-411.0,-122.0,2065.0,-15.0,-321.0,,838.0
101.0,-424.0,,-342.0,-139.0,2321.0,95.0,-410.0,,963.0
132.0,-323.0,,-354.0,-180.0,2325.0,226.0,-384.0,,1027.0
248.0,-239.0,,-265.0,-158.0,2230.0,265.0,-352.0,,1038.0
188.0,-142.0,,-266.0,-137.0,2157.0,241.0,-552.0,,996.0
531.0,83.0,,-222.0,-99.0,2042.0,266.0,-441.0,,915.0
364.0,240.0,,-155.0,-20.0,1871.0,340.0,-702.0,,808.0
619.0,360.0,,-200.0,-12.0,1592.0,416.0,-663.0,,687.0
469.0,472.0,,-73.0,-36.0,1330.0,511.0,-628.0,,563.0
576.0,574.0,,-38.0,-70.0,1203.0,619.0,-583.0,,454.0
673.0,647.0,,-81.0,-158.0,1261.0,687.0,-410.0,,355.0
534.0,610.0,,-76.0,-192.0,1260.0,688.0,-641.0,,254.0
743.0,530.0,,19.0,-216.0,1216.0,682.0,-654.0,,161.0
452.0,404.0,,95.0,-255.0,1128.0,757.0,-940.0,,53.0
691.0,196.0,,139.0,-200.0,1306.0,850.0,-1043.0,,-85.0
405.0,-115.0,,231.0,-144.0,1481.0,901.0,-1106.0,,-261.0
454.0,-367.0,,294.0,-128.0,1195.0,965.0,-1276.0,,-469.0
394.0,-502.0,,278.0,-95.0,907.0,1036.0,-1206.0,,-679.0
346.0,-564.0,,175.0,-96.0,722.0,1037.0,-1515.0,,-894.0
452.0,-543.0,,81.0,-78.0,846.0,976.0,-1568.0,,-1101.0
160.0,-442.0,,27.0,-31.0,841.0,975.0,-1818.0,,-1279.0
324.0,-186.0,,62.0,-26.0,609.0,1131.0,-1973.0,,-1440.0
4.0,55.0,,8.0,41.0,440.0,1317.0,-1890.0,,-1562.0
124.0,176.0,,-101.0,135.0,344.0,1343.0,-2004.0,,-1631.0
-68.0,266.0,,-206.0,138.0,550.0,1298.0,-1803.0,,-1663.0
-13.0,323.0,,-287.0,118.0,775.0,1355.0,-1877.0,,-1656.0
-19.0,303.0,,-314.0,41.0,692.0,1488.0,-1710.0,,-1626.0
-207.0,210.0,,-335.0,-66.0,494.0,1581.0,-1601.0,,-1587.0
-148.0,131.0,,-331.0,-95.0,687.0,1570.0,-1589.0,,-1533.0
-436.0,44.0,,-399.0,-126.0,1055.0,1503.0,-1363.0,,-1473.0
-214.0,-31.0,,-467.0,-133.0,1194.0,1486.0,-1450.0,,-1425.0
-356.0,-77.0,,-657.0,-65.0,1013.0,1550.0,-1237.0,,-1380.0
-246.0,-109.0,,-759.0,-49.0,1226.0,1621.0,-1269.0,,-1333.0
-387.0,-39.0,,-718.0,-42.0,1723.0,1670.0,-1201.0,,-1302.0
-407.0,58.0,,-798.0,9.0,1743.0,1742.0,-1114.0,,-1314.0
-341.0,36.0,,-879.0,50.0,1668.0,1827.0,-1282.0,,-1360.0
-474.0,-24.0,,-1023.0,168.0,1573.0,1815.0,-1160.0,,-1434.0
-374.0,-76.0,,-1107.0,295.0,1500.0,1724.0,-1345.0,,-1537.0
-528.0,-206.0,,-1136.0,325.0,1290.0,1663.0,-1215.0,,-1636.0
-415.0,-269.0,,-1156.0,361.0,1168.0,1698.0,-1104.0,,-1704.0
-622.0,-410.0,,-1134.0,336.0,1320.0,1767.0,-1075.0,,-1727.0
-616.0,-605.0,,-1178.0,257.0,1672.0,1726.0,-883.0,,-1691.0
-773.0,-647.0,,-1143.0,236.0,2120.0,1646.0,-988.0,,-1573.0
-841.0,-672.0,,-1047.0,172.0,2404.0,1648.0,-849.0,,-1376.0
-888.0,-562.0,,-941.0,86.0,2647.0,1693.0,-986.0,,-1104.0
-1078.0,-458.0,,-808.0,7.0,2734.0,1715.0,-1014.0,,-777.0
-1079.0,-430.0,,-710.0,-132.0,2837.0,1748.0,-962.0,,-420.0
-1258.0,-393.0,,-750.0,-174.0,2806.0,1827.0,-1019.0,,-51.0
-1182.0,-378.0,,-826.0,-104.0,2583.0,1907.0,-790.0,,280.0
-1408.0,-322.0,,-754.0,-27.0,2335.0,1927.0,-890.0,,556.0
-1366.0,-327.0,,-721.0,106.0,2005.0,1906.0,-713.0,,788.0
-1419.0,-261.0,,-689.0,209.0,1826.0,1925.0,-652.0,,964.0
-1370.0,-58.0,,-613.0,268.0,1834.0,1969.0,-618.0,,1094.0
-1329.0,72.0,,-685.0,383.0,1623.0,1926.0,-402.0,,1189.0
-1437.0,124.0,,-787.0,411.0,1199.0,1754.0,-493.0,,1253.0
-1289.0,283.0,,-779.0,374.0,1093.0,1638.0,-288.0,,1306.0
-1426.0,535.0,,-745.0,394.0,1122.0,1724.0,-279.0,,1348.0
-1211.0,733.0,,-704.0,361.0,893.0,1933.0,-149.0,,1376.0
-1268.0,829.0,,-674.0,343.0,689.0,2095.0,-86.0,,1402.0
-1114.0,873.0,,-675.0,349.0,792.0,2095.0,-121.0,,1423.0
-1029.0,1039.0,,-674.0,247.0,1050.0,2007.0,134.0,,1438.0
-998.0,1064.0,,-633.0,164.0,1284.0,1935.0,25.0,,1448.0
-814.0,905.0,,-605.0,101.0,1358.0,1863.0,175.0,,1438.0
-887.0,801.0,,-643.0,10.0,1426.0,1772.0,175.0,,1413.0
-594.0,656.0,,-629.0,1.0,1323.0,1785.0,218.0,,1363.0
-649.0,516.0,,-664.0,-17.0,950.0,1868.0,356.0,,1303.0
-441.0,252.0,,-718.0,-51.0,661.0,1902.0,190.0,,1246.0
-439.0,-20.0,,-725.0,-13.0,421.0,1873.0,291.0,,1162.0
-409.0,-118.0,,-742.0,-24.0,317.0,1696.0,99.0,,1061.0
-324.0,-218.0,,-750.0,-48.0,285.0,1514.0,136.0,,942.0
-450.0,-389.0,,-788.0,-42.0,70.0,1426.0,145.0,,800.0
-213.0,-557.0,,-809.0,-119.0,-235.0,1422.0,116.0,,633.0
-315.0,-542.0,,-799.0,-192.0,-322.0,1581.0,247.0,,446.0
-201.0,-427.0,,-709.0,-240.0,-179.0,1728.0,12.0,,252.0
-325.0,-342.0,,-633.0,-319.0,-108.0,1714.0,125.0,,49.0
-255.0,-222.0,,-516.0,-322.0,-216.0,1478.0,35.0,,-138.0
-250.0,-2.0,,-346.0,-307.0,-208.0,1134.0,144.0,,-317.0
-294.0,195.0,,-290.0,-308.0,-105.0,963.0,334.0,,-474.0
-161.0,257.0,,-144.0,-248.0,-136.0,1015.0,282.0,,-591.0
-229.0,280.0,,31.0,-233.0,-246.0,1152.0,506.0,,-692.0
-36.0,342.0,,148.0,-265.0,-449.0,1221.0,400.0,,-759.0
-258.0,397.0,,269.0,-255.0,-563.0,1168.0,539.0,,-801.0
-187.0,331.0,,304.0,-269.0,-585.0,1003.0,552.0,,-830.0
-242.0,163.0,,391.0,-232.0,-599.0,825.0,618.0,,-853.0
-208.0,44.0,,409.0,-137.0,-677.0,739.0,914.0,,-879.0
-250.0,9.0,,314.0,-119.0,-757.0,737.0,994.0,,-893.0
-393.0,-38.0,,267.0,-94.0,-640.0,791.0,1354.0,,-913.0
-269.0,-106.0,,193.0,-101.0,-537.0,782.0,1315.0,,-941.0
-429.0,-206.0,,231.0,-191.0,-667.0,678.0,1417.0,,-974.0
-357.0,-280.0,,328.0,-226.0,-940.0,506.0,1548.0,,-1036.0
-537.0,-340.0,,344.0,-242.0,-1040.0,264.0,1485.0,,-1135.0
-432.0,-465.0,,350.0,-238.0,-972.0,33.0,1640.0,,-1258.0
-490.0,-525.0,,385.0,-178.0,-1081.0,-40.0,1529.0,,-1397.0
-455.0,-486.0,,362.0,-157.0,-1379.0,140.0,1716.0,,-1538.0
-396.0,-508.0,,306.0,-132.0,-1474.0,325.0,1725.0,,-1661.0
-486.0,-574.0,,301.0,-87.0,-1297.0,283.0,1736.0,,-1748.0
-333.0,-528.0,,379.0,-82.0,-1314.0,52.0,1853.0,,-1793.0
-467.0,-414.0,,470.0,-42.0,-1484.0,-247.0,1723.0,,-1783.0
-309.0,-222.0,,426.0,-3.0,-1377.0,-411.0,1855.0,,-1728.0
-393.0,-86.0,,482.0,-16.0,-1092.0,-379.0,1605.0,,-1638.0
-265.0,-15.0,,525.0,16.0,-903.0,-320.0,1520.0,,-1522.0
-247.0,125.0,,489.0,20.0,-699.0,-369.0,1422.0,,-1380.0
-285.0,253.0,,522.0,-35.0,-415.0,-475.0,1197.0,,-1230.0
-244.0,355.0,,487.0,-29.0,-414.0,-567.0,1298.0,,-1082.0
-343.0,348.0,,527.0,-46.0,-647.0,-615.0,1193.0,,-940.0
-224.0,339.0,,488.0,-73.0,-832.0,-657.0,1383.0,,-835.0
-342.0,345.0,,262.0,-45.0,-1088.0,-724.0,1295.0,,-749.0
-200.0,226.0,,138.0,-81.0,-1465.0,-788.0,1250.0,,-691.0
-298.0,96.0,,88.0,-106.0,-1752.0,-819.0,1361.0,,-663.0
-288.0,42.0,,31.0,-81.0,-1892.0,-780.0,1300.0,,-632.0
-305.0,31.0,,69.0,-89.0,-1910.0,-782.0,1555.0,,-599.0
-403.0,52.0,,152.0,-41.0,-1918.0,-894.0,1450.0,,-533.0
-359.0,72.0,,70.0,1.0,-1888.0,-1033.0,1598.0,,-421.0
-435.0,75.0,,-166.0,-20.0,-1616.0,-1122.0,1657.0,,-266.0
-288.0,108.0,,-148.0,11.0,-1358.0,-1130.0,1611.0,,-60.0
-433.0,16.0,,94.0,13.0,-1362.0,-1137.0,1753.0,,194.0
-405.0,-183.0,,71.0,-15.0,-1658.0,-1159.0,1624.0,,488.0
-429.0,-360.0,,-8.0,4.0,-1855.0,-1193.0,1843.0,,817.0
-420.0,-521.0,,-29.0,-25.0,-1871.0,-1276.0,1794.0,,1167.0
-348.0,-555.0,,-88.0,-34.0,-2114.0,-1343.0,1819.0,,1514.0
-354.0,-515.0,,-170.0,1.0,-2543.0,-1395.0,1843.0,,1836.0
-249.0,-521.0,,-128.0,-33.0,-2850.0,-1428.0,1731.0,,2106.0
-370.0,-510.0,,18.0,-51.0,-2940.0,-1389.0,1945.0,,2300.0
-338.0,-422.0,,69.0,-61.0,-3121.0,-1307.0,1812.0,,2408.0
-359.0,-332.0,,89.0,-85.0,-3268.0,-1243.0,1912.0,,2424.0
-282.0,-251.0,,-103.0,-14.0,-3240.0,-1231.0,1882.0,,2338.0
-285.0,-106.0,,-25.0,51.0,-3153.0,-1285.0,1838.0,,2178.0
-297.0,88.0,,0.0,113.0,-3053.0,-1417.0,1884.0,,1976.0
-262.0,252.0,,-321.0,236.0,-3017.0,-1572.0,1644.0,,1755.0
-327.0,337.0,,-235.0,286.0,-2990.0,-1631.0,1677.0,,1529.0
-251.0,359.0,,-197.0,305.0,-3015.0,-1543.0,1444.0,,1312.0
-336.0,387.0,,-370.0,334.0,-3007.0,-1416.0,1409.0,,1129.0
-248.0,453.0,,-347.0,289.0,-2939.0,-1370.0,1345.0,,978.0
-248.0,450.0,,-266.0,260.0,-2924.0,-1410.0,1241.0,,875.0
-231.0,377.0,,-390.0,253.0,-3017.0,-1514.0,1528.0,,826.0
-203.0,305.0,,-454.0,209.0,-3267.0,-1581.0,1579.0,,808.0
-199.0,254.0,,-483.0,218.0,-3430.0,-1497.0,1862.0,,842.0
-124.0,114.0,,-590.0,205.0,-3344.0,-1291.0,1855.0,,888.0
-209.0,-118.0,,-501.0,147.0,-3236.0,-1115.0,1836.0,,935.0
-103.0,-273.0,,-490.0,144.0,-3153.0,-1086.0,1897.0,,970.0
-110.0,-283.0,,-584.0,95.0,-3073.0,-1178.0,1749.0,,952.0
-95.0,-163.0,,-697.0,27.0,-2982.0,-1268.0,1940.0,,920.0
-152.0,-153.0,,-689.0,-3.0,-2839.0,-1273.0,1858.0,,849.0
-184.0,-102.0,,-534.0,-86.0,-2906.0,-1209.0,1928.0,,757.0
-155.0,72.0,,-536.0,-151.0,-3129.0,-1118.0,1888.0,,660.0
-218.0,136.0,,-490.0,-189.0,-3194.0,-1056.0,1790.0,,538.0
-190.0,204.0,,-392.0,-253.0,-3130.0,-1035.0,1936.0,,419.0
-240.0,286.0,,-361.0,-237.0,-3117.0,-1059.0,1814.0,,311.0
-239.0,354.0,,-346.0,-212.0,-3144.0,-1109.0,1977.0,,215.0
-368.0,357.0,,-363.0,-239.0,-2865.0,-1135.0,1912.0,,134.0
-380.0,284.0,,-371.0,-217.0,-2332.0,-1114.0,1927.0,,75.0
-405.0,112.0,,-270.0,-237.0,-1932.0,-1027.0,2038.0,,22.0
-451.0,-72.0,,-171.0,-286.0,-1731.0,-952.0,1904.0,,-10.0
-500.0,-244.0,,-239.0,-292.0,-1757.0,-927.0,1973.0,,-18.0
-616.0,-464.0,,-245.0,-334.0,-1900.0,-932.0,1725.0,,2.0
-601.0,-618.0,,-242.0,-309.0,-1967.0,-912.0,1648.0,,48.0
-773.0,-696.0,,-297.0,-213.0,-2056.0,-769.0,1455.0,,94.0
-898.0,-640.0,,-274.0,-174.0,-2380.0,-584.0,1250.0,,133.0
-1042.0,-571.0,,-256.0,-101.0,-2639.0,-455.0,1226.0,,149.0
-1090.0,-415.0,,-353.0,-44.0,-2597.0,-398.0,1010.0,,137.0
-1141.0,-160.0,,-364.0,-65.0,-2637.0,-364.0,1128.0,,89.0
-1232.0,69.0,,-277.0,-65.0,-2902.0,-306.0,905.0,,31.0
-1204.0,203.0,,-232.0,-86.0,-3074.0,-299.0,822.0,,-55.0
-1269.0,203.0,,-162.0,-91.0,-2790.0,-310.0,809.0,,-186.0
-1258.0,247.0,,-169.0,-28.0,-2301.0,-247.0,759.0,,-331.0
-1242.0,228.0,,-201.0,-1.0,-2001.0,-77.0,1067.0,,-498.0
-1131.0,134.0,,-211.0,38.0,-1989.0,101.0,997.0,,-678.0
-1050.0,46.0,,-91.0,90.0,-1895.0,173.0,1145.0,,-848.0
-921.0,7.0,,34.0,63.0,-1599.0,190.0,1112.0,,-1006.0
-788.0,-38.0,,152.0,41.0,-1598.0,206.0,1141.0,,-1147.0
-738.0,-70.0,,252.0,7.0,-1742.0,296.0,1367.0,,-1267.0
-595.0,-7.0,,247.0,-68.0,-1785.0,424.0,1404.0,,-1372.0
-451.0,70.0,,290.0,-62.0,-1600.0,481.0,1703.0,,-1465.0
-176.0,116.0,,321.0,-57.0,-1337.0,476.0,1570.0,,-1530.0
-61.0,-1.0,,428.0,-59.0,-1261.0,487.0,1537.0,,-1568.0
28.0,-133.0,,482.0,4.0,-1332.0,557.0,1391.0,,-1572.0
181.0,-295.0,,508.0,-1.0,-1471.0,627.0,1158.0,,-1530.0
284.0,-488.0,,511.0,-2.0,-1519.0,709.0,1158.0,,-1475.0
403.0,-526.0,,424.0,74.0,-1483.0,768.0,899.0,,-1388.0
438.0,-521.0,,379.0,103.0,-1515.0,794.0,1014.0,,-1262.0
548.0,-461.0,,384.0,124.0,-1638.0,853.0,899.0,,-1099.0
602.0,-340.0,,436.0,121.0,-1505.0,926.0,873.0,,-901.0
692.0,-110.0,,398.0,80.0,-1120.0,1046.0,971.0,,-693.0
689.0,162.0,,364.0,129.0,-755.0,1125.0,885.0,,-465.0
650.0,322.0,,329.0,186.0,-642.0,1109.0,1006.0,,-245.0
715.0,382.0,,233.0,220.0,-737.0,1062.0,705.0,,-42.0
696.0,369.0,,159.0,295.0,-572.0,1089.0,572.0,,122.0
662.0,354.0,,-24.0,283.0,-142.0,1218.0,338.0,,238.0
557.0,286.0,,-134.0,235.0,32.0,1317.0,205.0,,308.0
563.0,164.0,,-114.0,215.0,-70.0,1380.0,269.0,,318.0
493.0,9.0,,-141.0,123.0,104.0,1408.0,-3.0,,274.0
361.0,-66.0,,-156.0,36.0,459.0,1423.0,12.0,,183.0
376.0,-153.0,,-211.0,-38.0,625.0,1398.0,-315.0,,45.0
362.0,-262.0,,-186.0,-147.0,661.0,1295.0,-498.0,,-139.0
274.0,-141.0,,-104.0,-179.0,670.0,1237.0,-650.0,,-344.0
220.0,69.0,,-138.0,-226.0,721.0,1304.0,-916.0,,-543.0
212.0,249.0,,-129.0,-318.0,815.0,1503.0,-774.0,,-727.0
122.0,307.0,,-10.0,-331.0,757.0,1694.0,-872.0,,-883.0
58.0,315.0,,49.0,-344.0,564.0,1692.0,-676.0,,-988.0
97.0,331.0,,65.0,-311.0,520.0,1547.0,-655.0,,-1033.0
136.0,265.0,,131.0,-196.0,678.0,1425.0,-609.0,,-1040.0
46.0,77.0,,152.0,-152.0,743.0,1392.0,-386.0,,-998.0
28.0,-108.0,,197.0,-124.0,624.0,1435.0,-434.0,,-920.0
67.0,-212.0,,306.0,-88.0,567.0,1500.0,-275.0,,-836.0
56.0,-342.0,,390.0,-93.0,730.0,1533.0,-450.0,,-758.0
19.0,-420.0,,526.0,-25.0,1039.0,1520.0,-388.0,,-697.0
52.0,-503.0,,579.0,48.0,949.0,1470.0,-386.0,,-663.0
149.0,-543.0,,531.0,60.0,585.0,1424.0,-487.0,,-649.0
161.0,-627.0,,597.0,135.0,439.0,1430.0,-306.0,,-655.0
226.0,-812.0,,592.0,203.0,511.0,1486.0,-509.0,,-650.0
205.0,-949.0,,584.0,239.0,634.0,1534.0,-530.0,,-626.0
224.0,-1002.0,,602.0,300.0,625.0,1556.0,-753.0,,-581.0
239.0,-942.0,,536.0,276.0,634.0,1568.0,-835.0,,-487.0
264.0,-857.0,,487.0,241.0,760.0,1545.0,-772.0,,-377.0
299.0,-665.0,,478.0,261.0,958.0,1489.0,-920.0,,-255.0
310.0,-397.0,,551.0,223.0,1076.0,1446.0,-811.0,,-135.0
366.0,-88.0,,524.0,192.0,989.0,1486.0,-984.0,,-36.0
287.0,176.0,,423.0,199.0,693.0,1594.0,-864.0,,43.0
299.0,384.0,,415.0,190.0,570.0,1628.0,-838.0,,86.0
282.0,568.0,,402.0,224.0,596.0,1620.0,-885.0,,98.0
305.0,636.0,,359.0,238.0,451.0,1645.0,-716.0,,67.0
333.0,635.0,,300.0,200.0,362.0,1684.0,-840.0,,6.0
357.0,539.0,,211.0,199.0,520.0,1720.0,-650.0,,-59.0
345.0,476.0,,166.0,153.0,877.0,1683.0,-798.0,,-127.0
254.0,382.0,,106.0,69.0,830.0,1619.0,-892.0,,-197.0
313.0,326.0,,-141.0,34.0,529.0,1577.0,-840.0,,-266.0
303.0,405.0,,-342.0,-27.0,425.0,1530.0,-857.0,,-333.0
261.0,412.0,,-429.0,-65.0,527.0,1450.0,-589.0,,-398.0
194.0,391.0,,-539.0,-42.0,663.0,1394.0,-626.0,,-468.0
212.0,374.0,,-550.0,-42.0,632.0,1449.0,-439.0,,-558.0
184.0,377.0,,-501.0,-2.0,785.0,1513.0,-441.0,,-651.0
119.0,353.0,,-447.0,49.0,1093.0,1481.0,-393.0,,-752.0
118.0,251.0,,-336.0,10.0,1391.0,1410.0,-214.0,,-847.0
123.0,116.0,,-176.0,-20.0,1428.0,1369.0,-293.0,,-920.0
145.0,-26.0,,-89.0,-27.0,1351.0,1315.0,3.0,,-984.0
44.0,-178.0,,48.0,-65.0,1228.0,1273.0,16.0,,-1038.0
33.0,-346.0,,227.0,-44.0,983.0,1280.0,129.0,,-1089.0
15.0,-439.0,,275.0,5.0,885.0,1266.0,125.0,,-1123.0
-32.0,-460.0,,335.0,21.0,759.0,1195.0,-131.0,,-1159.0
-85.0,-476.0,,352.0,49.0,628.0,1051.0,-242.0,,-1196.0
-91.0,-472.0,,398.0,34.0,439.0,916.0,-572.0,,-1238.0
-79.0,-419.0,,503.0,-7.0,472.0,811.0,-535.0,,-1269.0
-155.0,-290.0,,515.0,-7.0,519.0,726.0,-635.0,,-1268.0
-255.0,-174.0,,528.0,-30.0,459.0,694.0,-646.0,,-1232.0
-286.0,-57.0,,591.0,-42.0,714.0,721.0,-646.0,,-1135.0
-253.0,144.0,,628.0,17.0,907.0,767.0,-921.0,,-1010.0
-359.0,327.0,,621.0,49.0,948.0,679.0,-886.0,,-847.0
-399.0,467.0,,605.0,48.0,840.0,486.0,-1184.0,,-670.0
-354.0,569.0,,664.0,33.0,770.0,350.0,-1239.0,,-512.0
-311.0,577.0,,723.0,-7.0,785.0,322.0,-1215.0,,-358.0
-386.0,474.0,,655.0,-9.0,747.0,317.0,-1167.0,,-226.0
-431.0,342.0,,626.0,-9.0,530.0,225.0,-927.0,,-123.0
-340.0,261.0,,651.0,-38.0,413.0,126.0,-1016.0,,-65.0
-350.0,179.0,,745.0,7.0,571.0,67.0,-820.0,,-40.0
-370.0,48.0,,871.0,68.0,652.0,18.0,-820.0,,-69.0
-328.0,-170.0,,966.0,65.0,777.0,-40.0,-667.0,,-145.0
-197.0,-348.0,,987.0,86.0,839.0,-71.0,-509.0,,-245.0
-183.0,-426.0,,970.0,114.0,1046.0,-51.0,-563.0,,-355.0
-173.0,-483.0,,939.0,103.0,1230.0,-14.0,-308.0,,-448.0
-75.0,-444.0,,781.0,93.0,1185.0,8.0,-410.0,,-509.0
15.0,-324.0,,671.0,68.0,1095.0,-35.0,-345.0,,-519.0
80.0,-131.0,,550.0,56.0,903.0,-67.0,-465.0,,-491.0
132.0,109.0,,442.0,86.0,782.0,-53.0,-583.0,,-425.0
221.0,274.0,,455.0,57.0,552.0,-59.0,-522.0,,-321.0
256.0,429.0,,429.0,-2.0,382.0,-49.0,-731.0,,-196.0
321.0,494.0,,418.0,-7.0,297.0,12.0,-596.0,,-61.0
333.0,383.0,,456.0,-17.0,106.0,83.0,-679.0,,66.0
336.0,258.0,,491.0,-6.0,81.0,91.0,-513.0,,166.0
395.0,79.0,,508.0,40.0,214.0,77.0,-367.0,,232.0
437.0,-132.0,,571.0,59.0,380.0,70.0,-458.0,,273.0
421.0,-246.0,,697.0,88.0,545.0,68.0,-386.0,,305.0
401.0,-274.0,,723.0,119.0,658.0,99.0,-635.0,,360.0
382.0,-227.0,,695.0,100.0,702.0,162.0,-604.0,,432.0
354.0,-193.0,,702.0,103.0,668.0,238.0,-790.0,,534.0
438.0,-227.0,,757.0,135.0,527.0,261.0,-903.0,,672.0
450.0,-290.0,,785.0,110.0,237.0,252.0,-934.0,,832.0
395.0,-333.0,,717.0,89.0,-135.0,218.0,-1164.0,,1016.0
324.0,-334.0,,664.0,85.0,-179.0,145.0,-1058.0,,1189.0
305.0,-409.0,,599.0,47.0,59.0,149.0,-1232.0,,1348.0
261.0,-482.0,,601.0,25.0,155.0,241.0,-1116.0,,1467.0
99.0,-467.0,,631.0,-4.0,160.0,390.0,-1093.0,,1528.0
59.0,-416.0,,582.0,-17.0,310.0,501.0,-1112.0,,1529.0
43.0,-272.0,,477.0,16.0,536.0,455.0,-868.0,,1456.0
-49.0,-104.0,,432.0,-13.0,406.0,314.0,-897.0,,1307.0
-163.0,29.0,,411.0,-73.0,143.0,185.0,-606.0,,1083.0
-185.0,132.0,,311.0,-82.0,153.0,149.0,-552.0,,822.0
-226.0,167.0,,247.0,-104.0,210.0,165.0,-415.0,,525.0
-307.0,162.0,,238.0,-121.0,8.0,165.0,-267.0,,213.0
-320.0,179.0,,307.0,-104.0,-359.0,181.0,-295.0,,-78.0
-353.0,145.0,,340.0,-102.0,-488.0,208.0,-92.0,,-326.0
-403.0,9.0,,338.0,-66.0,-458.0,140.0,-234.0,,-509.0
-437.0,-139.0,,325.0,-11.0,-475.0,-12.0,-59.0,,-614.0
-429.0,-198.0,,314.0,-22.0,-586.0,-90.0,-12.0,,-640.0
-464.0,-200.0,,332.0,-24.0,-608.0,-79.0,-5.0,,-593.0
-460.0,-154.0,,270.0,-17.0,-384.0,-44.0,166.0,,-481.0
-463.0,69.0,,185.0,-38.0,-123.0,15.0,-5.0,,-333.0
-463.0,322.0,,280.0,-9.0,81.0,51.0,125.0,,-147.0
-372.0,506.0,,380.0,11.0,277.0,27.0,-16.0,,57.0
-353.0,582.0,,307.0,-27.0,563.0,-38.0,-81.0,,267.0
-360.0,588.0,,307.0,-49.0,623.0,-115.0,-107.0,,458.0
-295.0,584.0,,336.0,-48.0,585.0,-132.0,-210.0,,617.0
-151.0,393.0,,321.0,-20.0,625.0,-78.0,-27.0,,747.0
-94.0,142.0,,337.0,66.0,563.0,-51.0,-73.0,,824.0
-76.0,-39.0,,457.0,140.0,633.0,-125.0,123.0,,874.0
8.0,-91.0,,516.0,178.0,561.0,-178.0,96.0,,901.0
112.0,-72.0,,420.0,218.0,356.0,-182.0,114.0,,931.0
153.0,-30.0,,363.0,196.0,70.0,-233.0,230.0,,976.0
175.0,163.0,,295.0,139.0,-234.0,-309.0,136.0,,1024.0
267.0,327.0,,301.0,97.0,-172.0,-386.0,349.0,,1095.0
291.0,396.0,,302.0,17.0,93.0,-414.0,269.0,,1170.0
278.0,405.0,,214.0,-43.0,287.0,-387.0,325.0,,1258.0
308.0,352.0,,102.0,-59.0,287.0,-325.0,304.0,,1336.0
321.0,297.0,,-44.0,-68.0,356.0,-284.0,254.0,,1382.0
267.0,191.0,,-31.0,-45.0,471.0,-348.0,389.0,,1411.0
255.0,69.0,,0.0,-38.0,566.0,-459.0,291.0,,1384.0
252.0,14.0,,-32.0,-97.0,498.0,-551.0,587.0,,1300.0
210.0,-4.0,,-66.0,-141.0,306.0,-603.0,679.0,,1157.0
176.0,-30.0,,-156.0,-157.0,391.0,-617.0,818.0,,942.0
168.0,84.0,,-208.0,-184.0,565.0,-650.0,912.0,,689.0
162.0,272.0,,-281.0,-147.0,569.0,-715.0,729.0,,411.0
74.0,439.0,,-290.0,-79.0,383.0,-746.0,840.0,,127.0
76.0,528.0,,-136.0,-50.0,547.0,-733.0,739.0,,-116.0
119.0,417.0,,-58.0,-9.0,928.0,-723.0,971.0,,-319.0
114.0,417.0,,-55.0,-15.0,1124.0,-710.0,1095.0,,-468.0
49.0,378.0,,61.0,-64.0,1086.0,-720.0,1138.0,,-557.0
-3.0,219.0,,172.0,-77.0,984.0,-766.0,1285.0,,-587.0
27.0,199.0,,236.0,-104.0,1222.0,-821.0,955.0,,-561.0
37.0,188.0,,235.0,-114.0,1332.0,-867.0,755.0,,-507.0
18.0,177.0,,221.0,-50.0,1054.0,-822.0,343.0,,-445.0
-25.0,109.0,,231.0,-7.0,638.0,-724.0,188.0,,-394.0
-4.0,88.0,,162.0,26.0,440.0,-732.0,107.0,,-362.0
21.0,59.0,,126.0,64.0,248.0,-808.0,-35.0,,-385.0
-16.0,-89.0,,96.0,47.0,-86.0,-836.0,110.0,,-449.0
8.0,-238.0,,76.0,53.0,-271.0,-793.0,-42.0,,-536.0
151.0,-322.0,,23.0,68.0,-209.0,-726.0,166.0,,-645.0
245.0,-317.0,,-85.0,14.0,139.0,-709.0,164.0,,-725.0
253.0,-319.0,,-120.0,-18.0,540.0,-711.0,138.0,,-785.0
326.0,-188.0,,-79.0,-20.0,939.0,-685.0,253.0,,-817.0
464.0,0.0,,42.0,-16.0,1233.0,-682.0,179.0,,-791.0
529.0,169.0,,79.0,68.0,1556.0,-719.0,417.0,,-725.0
542.0,225.0,,110.0,151.0,1961.0,-764.0,291.0,,-613.0
646.0,189.0,,165.0,160.0,2213.0,-797.0,371.0,,-484.0
754.0,282.0,,140.0,146.0,2111.0,-794.0,389.0,,-354.0
789.0,271.0,,231.0,79.0,1782.0,-780.0,306.0,,-209.0
798.0,258.0,,349.0,-1.0,1802.0,-771.0,417.0,,-97.0
794.0,202.0,,463.0,-8.0,2061.0,-741.0,258.0,,0.0
803.0,129.0,,444.0,17.0,2055.0,-704.0,417.0,,100.0
791.0,232.0,,354.0,82.0,1853.0,-666.0,282.0,,186.0
712.0,260.0,,397.0,180.0,1895.0,-651.0,269.0,,280.0
688.0,266.0,,411.0,211.0,2017.0,-676.0,349.0,,381.0
656.0,400.0,,461.0,230.0,1945.0,-691.0,218.0,,477.0
615.0,589.0,,524.0,256.0,1864.0,-674.0,306.0,,568.0
564.0,665.0,,559.0,228.0,2056.0,-716.0,107.0,,643.0
447.0,771.0,,563.0,216.0,2393.0,-856.0,286.0,,684.0
416.0,915.0,,518.0,195.0,2456.0,-973.0,393.0,,697.0
328.0,912.0,,477.0,113.0,2456.0,-986.0,410.0,,670.0
268.0,855.0,,473.0,73.0,2562.0,-883.0,482.0,,606.0
228.0,721.0,,505.0,48.0,2594.0,-770.0,188.0,,507.0
158.0,502.0,,445.0,-6.0,2598.0,-752.0,136.0,,370.0
115.0,366.0,,361.0,-42.0,2685.0,-805.0,-142.0,,216.0
114.0,293.0,,322.0,-109.0,2721.0,-900.0,-214.0,,46.0
117.0,158.0,,262.0,-200.0,2607.0,-943.0,-229.0,,-131.0
17.0,130.0,,140.0,-233.0,2501.0,-905.0,-354.0,,-295.0
54.0,173.0,,-9.0,-265.0,2495.0,-838.0,-275.0,,-408.0
55.0,138.0,,-91.0,-301.0,2460.0,-800.0,-572.0,,-471.0
12.0,98.0,,-197.0,-262.0,2388.0,-843.0,-594.0,,-491.0
-26.0,51.0,,-297.0,-211.0,2518.0,-911.0,-716.0,,-454.0
19.0,33.0,,-345.0,-134.0,2664.0,-986.0,-685.0,,-388.0
79.0,82.0,,-367.0,-13.0,2598.0,-1062.0,-400.0,,-315.0
-18.0,123.0,,-337.0,44.0,2337.0,-1106.0,-397.0,,-247.0
36.0,190.0,,-332.0,81.0,2119.0,-1082.0,-145.0,,-191.0
76.0,312.0,,-281.0,126.0,2082.0,-1035.0,-262.0,,-157.0
160.0,294.0,,-311.0,166.0,1921.0,-1036.0,-299.0,,-127.0
162.0,153.0,,-320.0,249.0,1602.0,-1047.0,-365.0,,-104.0
278.0,-22.0,,-152.0,313.0,1245.0,-1031.0,-448.0,,-89.0
445.0,-229.0,,-122.0,285.0,1013.0,-992.0,-315.0,,-78.0
462.0,-455.0,,-163.0,244.0,938.0,-952.0,-533.0,,-86.0
605.0,-647.0,,-173.0,210.0,884.0,-941.0,-380.0,,-114.0
679.0,-778.0,,-205.0,154.0,907.0,-950.0,-463.0,,-176.0
854.0,-923.0,,-221.0,118.0,901.0,-995.0,-500.0,,-294.0
848.0,-929.0,,-177.0,58.0,922.0,-1054.0,-426.0,,-463.0
963.0,-844.0,,-117.0,-26.0,1231.0,-1086.0,-485.0,,-661.0
1038.0,-777.0,,-118.0,-44.0,1520.0,-1126.0,-210.0,,-864.0
1063.0,-705.0,,-110.0,-29.0,1389.0,-1178.0,-264.0,,-1059.0
1174.0,-636.0,,-19.0,18.0,1103.0,-1224.0,-116.0,,-1223.0
984.0,-537.0,,-16.0,123.0,1064.0,-1228.0,-277.0,,-1335.0
1062.0,-499.0,,-44.0,180.0,1137.0,-1209.0,-504.0,,-1386.0
962.0,-452.0,,25.0,178.0,942.0,-1192.0,-519.0,,-1378.0
941.0,-382.0,,20.0,167.0,680.0,-1148.0,-811.0,,-1317.0
815.0,-343.0,,-34.0,87.0,609.0,-1149.0,-674.0,,-1199.0
691.0,-394.0,,-83.0,0.0,572.0,-1205.0,-772.0,,-1043.0
722.0,-520.0,,-130.0,-66.0,582.0,-1268.0,-683.0,,-870.0
485.0,-547.0,,-176.0,-171.0,774.0,-1349.0,-648.0,,-700.0
491.0,-649.0,,-162.0,-226.0,1078.0,-1398.0,-833.0,,-552.0
281.0,-883.0,,-145.0,-233.0,1210.0,-1375.0,-718.0,,-436.0
301.0,-1057.0,,-221.0,-265.0,1214.0,-1307.0,-842.0,,-382.0
243.0,-1106.0,,-232.0,-264.0,1250.0,-1226.0,-620.0,,-370.0
98.0,-1024.0,,-214.0,-231.0,1144.0,-1188.0,-576.0,,-387.0
80.0,-867.0,,-320.0,-198.0,776.0,-1199.0,-474.0,,-442.0
-36.0,-622.0,,-453.0,-126.0,417.0,-1225.0,-256.0,,-507.0
22.0,-289.0,,-495.0,-72.0,346.0,-1240.0,-286.0,,-569.0
-143.0,151.0,,-473.0,-45.0,225.0,-1194.0,-51.0,,-627.0
-148.0,539.0,,-471.0,30.0,2.0,-1146.0,-181.0,,-676.0
-247.0,707.0,,-481.0,74.0,131.0,-1137.0,-94.0,,-695.0
-247.0,772.0,,-413.0,80.0,632.0,-1157.0,-44.0,,-668.0
-268.0,758.0,,-292.0,104.0,994.0,-1159.0,-42.0,,-593.0
-380.0,616.0,,-251.0,75.0,1085.0,-1084.0,195.0,,-464.0
-293.0,387.0,,-252.0,29.0,1240.0,-970.0,118.0,,-296.0
-351.0,161.0,,-186.0,19.0,1320.0,-874.0,266.0,,-104.0
-216.0,34.0,,-133.0,3.0,1216.0,-819.0,105.0,,93.0
-273.0,-34.0,,-138.0,34.0,883.0,-821.0,-3.0,,269.0
-171.0,-140.0,,-144.0,90.0,679.0,-831.0,-24.0,,415.0
-3.0,-161.0,,-63.0,72.0,736.0,-807.0,-251.0,,532.0
-39.0,-55.0,,-44.0,50.0,499.0,-754.0,-218.0,,622.0
30.0,64.0,,-92.0,52.0,49.0,-642.0,-491.0,,665.0
64.0,110.0,,-16.0,39.0,-293.0,-489.0,-558.0,,681.0
225.0,95.0,,115.0,67.0,-402.0,-353.0,-687.0,,695.0
221.0,21.0,,304.0,107.0,-498.0,-297.0,-825.0,,684.0
218.0,-53.0,,467.0,124.0,-560.0,-322.0,-722.0,,667.0
225.0,-94.0,,522.0,168.0,-540.0,-369.0,-776.0,,654.0
287.0,-241.0,,560.0,181.0,-557.0,-366.0,-530.0,,645.0
379.0,-264.0,,692.0,158.0,-413.0,-285.0,-582.0,,617.0
296.0,-209.0,,828.0,158.0,-164.0,-194.0,-539.0,,577.0
370.0,-158.0,,881.0,108.0,-22.0,-146.0,-465.0,,516.0
442.0,-32.0,,862.0,10.0,-164.0,-169.0,-533.0,,426.0
500.0,11.0,,770.0,-73.0,-388.0,-196.0,-336.0,,338.0
466.0,54.0,,693.0,-142.0,-398.0,-177.0,-428.0,,234.0
534.0,115.0,,645.0,-136.0,-344.0,-102.0,-264.0,,142.0
688.0,215.0,,633.0,-65.0,-509.0,-12.0,-234.0,,67.0
655.0,206.0,,597.0,-45.0,-732.0,-22.0,-157.0,,-11.0
722.0,188.0,,521.0,-52.0,-754.0,-71.0,27.0,,-95.0
726.0,208.0,,468.0,-67.0,-655.0,-96.0,-51.0,,-179.0
861.0,117.0,,449.0,-144.0,-713.0,-98.0,182.0,,-275.0
961.0,118.0,,489.0,-187.0,-876.0,-98.0,129.0,,-387.0
930.0,173.0,,550.0,-176.0,-808.0,-88.0,286.0,,-502.0
954.0,321.0,,525.0,-172.0,-680.0,-37.0,358.0,,-618.0
960.0,403.0,,490.0,-99.0,-640.0,-6.0,286.0,,-741.0
1062.0,436.0,,484.0,6.0,-758.0,-7.0,437.0,,-883.0
957.0,476.0,,411.0,54.0,-914.0,-24.0,218.0,,-1020.0
919.0,454.0,,360.0,89.0,-1005.0,-34.0,286.0,,-1143.0
870.0,499.0,,302.0,110.0,-1018.0,-52.0,192.0,,-1248.0
820.0,389.0,,227.0,114.0,-955.0,-82.0,218.0,,-1314.0
827.0,305.0,,180.0,143.0,-1024.0,-59.0,328.0,,-1328.0
736.0,284.0,,120.0,125.0,-1110.0,-17.0,157.0,,-1291.0
802.0,244.0,,116.0,60.0,-999.0,23.0,168.0,,-1211.0
740.0,135.0,,139.0,34.0,-624.0,52.0,-179.0,,-1103.0
718.0,-64.0,,109.0,15.0,-498.0,96.0,-266.0,,-973.0
689.0,-64.0,,22.0,14.0,-614.0,135.0,-382.0,,-840.0
666.0,-80.0,,-27.0,50.0,-661.0,134.0,-384.0,,-724.0
653.0,-162.0,,-40.0,62.0,-710.0,133.0,-151.0,,-617.0
636.0,-327.0,,-117.0,65.0,-642.0,149.0,-299.0,,-528.0
687.0,-419.0,,-179.0,61.0,-640.0,202.0,-249.0,,-467.0
681.0,-246.0,,-262.0,30.0,-630.0,241.0,-495.0,,-442.0
722.0,-217.0,,-423.0,31.0,-571.0,247.0,-541.0,,-450.0
667.0,-179.0,,-487.0,48.0,-483.0,255.0,-522.0,,-493.0
693.0,-73.0,,-477.0,4.0,-454.0,255.0,-576.0,,-562.0
671.0,-124.0,,-471.0,-53.0,-708.0,283.0,-323.0,,-642.0
619.0,-287.0,,-484.0,-119.0,-1013.0,340.0,-341.0,,-738.0
507.0,-451.0,,-471.0,-211.0,-1076.0,419.0,-120.0,,-838.0
426.0,-476.0,,-416.0,-252.0,-1032.0,496.0,-184.0,,-944.0
422.0,-503.0,,-344.0,-241.0,-1237.0,489.0,-232.0,,-1040.0
318.0,-523.0,,-206.0,-191.0,-1509.0,430.0,-184.0,,-1113.0
171.0,-576.0,,-117.0,-112.0,-1539.0,402.0,-384.0,,-1161.0
-21.0,-548.0,,-93.0,-84.0,-1272.0,457.0,-304.0,,-1168.0
9.0,-435.0,,-73.0,-84.0,-980.0,554.0,-508.0,,-1123.0
-93.0,-399.0,,-78.0,-41.0,-844.0,605.0,-412.0,,-1031.0
-210.0,-322.0,,-117.0,-6.0,-703.0,587.0,-295.0,,-902.0
-333.0,-360.0,,-155.0,28.0,-664.0,517.0,-225.0,,-749.0
-368.0,-329.0,,-149.0,96.0,-721.0,472.0,0.0,,-598.0
-344.0,-284.0,,-228.0,113.0,-873.0,465.0,-199.0,,-450.0
-474.0,-256.0,,-344.0,113.0,-1107.0,490.0,-153.0,,-333.0
-454.0,-59.0,,-384.0,127.0,-1240.0,553.0,-273.0,,-249.0
-518.0,80.0,,-387.0,89.0,-1255.0,590.0,-301.0,,-190.0
-481.0,256.0,,-401.0,43.0,-1360.0,606.0,-262.0,,-168.0
-544.0,366.0,,-422.0,-17.0,-1529.0,568.0,-375.0,,-171.0
-553.0,450.0,,-360.0,-114.0,-1498.0,479.0,-208.0,,-218.0
-506.0,513.0,,-285.0,-142.0,-1302.0,409.0,-388.0,,-279.0
-464.0,436.0,,-281.0,-118.0,-1245.0,379.0,-343.0,,-334.0
-381.0,390.0,,-240.0,-94.0,-1492.0,417.0,-363.0,,-391.0
-484.0,300.0,,-214.0,-51.0,-1644.0,471.0,-432.0,,-422.0
-439.0,284.0,,-232.0,-37.0,-1625.0,484.0,-319.0,,-427.0
-404.0,263.0,,-156.0,-28.0,-1714.0,437.0,-417.0,,-405.0
-364.0,218.0,,-96.0,28.0,-1974.0,361.0,-219.0,,-361.0
-447.0,232.0,,-108.0,23.0,-2194.0,292.0,-288.0,,-302.0
-457.0,181.0,,-79.0,-39.0,-1980.0,229.0,-212.0,,-216.0
-446.0,190.0,,-34.0,-70.0,-1596.0,198.0,-75.0,,-115.0
-513.0,215.0,,-72.0,-97.0,-1611.0,177.0,-1.0,,0.0
-534.0,281.0,,-138.0,-91.0,-1935.0,148.0,358.0,,134.0
-593.0,315.0,,-131.0,-73.0,-1927.0,131.0,330.0,,277.0
-565.0,258.0,,-146.0,-134.0,-1798.0,147.0,460.0,,441.0
-637.0,168.0,,-187.0,-182.0,-2000.0,155.0,461.0,,602.0
-567.0,21.0,,-184.0,-192.0,-2284.0,154.0,563.0,,741.0
-582.0,-81.0,,-173.0,-238.0,-2449.0,163.0,766.0,,851.0
-537.0,-210.0,,-221.0,-259.0,-2368.0,144.0,683.0,,918.0
-524.0,-252.0,,-232.0,-285.0,-2278.0,141.0,881.0,,927.0
-575.0,-245.0,,-182.0,-330.0,-2227.0,189.0,744.0,,892.0
-445.0,-266.0,,-190.0,-300.0,-2084.0,279.0,766.0,,838.0
-483.0,-215.0,,-226.0,-236.0,-1854.0,377.0,750.0,,750.0
-373.0,-194.0,,-247.0,-162.0,-1576.0,396.0,613.0,,665.0
-436.0,-137.0,,-182.0,-55.0,-1450.0,345.0,739.0,,584.0
-353.0,-118.0,,-173.0,-34.0,-1521.0,309.0,543.0,,501.0
-238.0,-112.0,,-225.0,-66.0,-1806.0,317.0,552.0,,411.0
-327.0,-95.0,,-254.0,-62.0,-2055.0,346.0,314.0,,295.0
-263.0,-122.0,,-338.0,-94.0,-1942.0,416.0,166.0,,179.0
-306.0,-35.0,,-425.0,-112.0,-1666.0,502.0,88.0,,60.0
-221.0,48.0,,-472.0,-105.0,-1534.0,574.0,-221.0,,-51.0
-321.0,141.0,,-441.0,-138.0,-1458.0,645.0,-127.0,,-157.0
-351.0,217.0,,-418.0,-136.0,-1339.0,676.0,-227.0,,-255.0
-250.0,111.0,,-419.0,-138.0,-1204.0,656.0,-75.0,,-357.0
-247.0,-15.0,,-433.0,-176.0,-1167.0,615.0,7.0,,-488.0
-149.0,-113.0,,-406.0,-148.0,-1316.0,603.0,44.0,,-634.0
-204.0,-178.0,,-296.0,-106.0,-1406.0,656.0,284.0,,-799.0
-159.0,-176.0,,-304.0,-95.0,-1416.0,762.0,290.0,,-967.0
-33.0,-160.0,,-358.0,-52.0,-1498.0,889.0,558.0,,-1110.0
-26.0,-149.0,,-310.0,-31.0,-1462.0,955.0,513.0,,-1217.0
-58.0,-125.0,,-248.0,-18.0,-1329.0,907.0,582.0,,-1304.0
-52.0,-73.0,,-269.0,44.0,-1154.0,807.0,620.0,,-1371.0
16.0,38.0,,-328.0,83.0,-798.0,746.0,443.0,,-1409.0
67.0,246.0,,-325.0,130.0,-536.0,747.0,524.0,,-1430.0
65.0,447.0,,-366.0,170.0,-384.0,763.0,336.0,,-1424.0
98.0,605.0,,-404.0,112.0,-263.0,762.0,445.0,,-1383.0
111.0,698.0,,-390.0,77.0,-163.0,765.0,351.0,,-1329.0
157.0,632.0,,-432.0,74.0,-22.0,771.0,271.0,,-1268.0
163.0,555.0,,-440.0,40.0,-182.0,765.0,419.0,,-1200.0
105.0,498.0,,-445.0,73.0,-581.0,735.0,360.0,,-1152.0
74.0,440.0,,-526.0,140.0,-874.0,680.0,624.0,,-1134.0
47.0,461.0,,-578.0,182.0,-1077.0,637.0,609.0,,-1137.0
108.0,481.0,,-550.0,243.0,-1254.0,640.0,759.0,,-1165.0
-111.0,541.0,,-543.0,257.0,-1420.0,639.0,798.0,,-1219.0
-223.0,570.0,,-549.0,234.0,-1377.0,619.0,598.0,,-1303.0
-221.0,478.0,,-491.0,246.0,-1065.0,590.0,628.0,,-1387.0
-302.0,380.0,,-378.0,221.0,-874.0,550.0,395.0,,-1476.0
-334.0,250.0,,-263.0,206.0,-854.0,499.0,537.0,,-1552.0
-522.0,85.0,,-237.0,229.0,-1018.0,423.0,497.0,,-1580.0
-511.0,2.0,,-257.0,198.0,-1279.0,365.0,423.0,,-1585.0
-592.0,48.0,,-273.0,160.0,-1456.0,330.0,436.0,,-1562.0
-627.0,76.0,,-221.0,102.0,-1782.0,289.0,232.0,,-1519.0
-673.0,89.0,,-238.0,0.0,-2065.0,253.0,363.0,,-1473.0
-801.0,104.0,,-282.0,-39.0,-2199.0,232.0,168.0,,-1423.0
-773.0,54.0,,-249.0,-51.0,-2102.0,201.0,144.0,,-1374.0
-793.0,136.0,,-270.0,-65.0,-1768.0,124.0,75.0,,-1332.0
-760.0,219.0,,-280.0,-5.0,-1642.0,30.0,-24.0,,-1284.0
-837.0,223.0,,-267.0,39.0,-1706.0,-40.0,206.0,,-1214.0
-886.0,251.0,,-196.0,62.0,-1711.0,-87.0,208.0,,-1141.0
-831.0,233.0,,-117.0,127.0,-1552.0,-140.0,511.0,,-1049.0
-784.0,245.0,,-20.0,117.0,-1608.0,-205.0,539.0,,-934.0
-815.0,153.0,,69.0,76.0,-1981.0,-249.0,578.0,,-807.0
-822.0,-5.0,,108.0,78.0,-2317.0,-261.0,598.0,,-652.0
-865.0,-64.0,,141.0,44.0,-2686.0,-258.0,437.0,,-481.0
-742.0,-25.0,,105.0,34.0,-3103.0,-283.0,528.0,,-294.0
-680.0,9.0,,126.0,24.0,-3319.0,-367.0,286.0,,-101.0
-714.0,-8.0,,128.0,-43.0,-3211.0,-465.0,388.0,,84.0
-618.0,74.0,,113.0,-37.0,-2975.0,-527.0,393.0,,257.0
-552.0,99.0,,133.0,-3.0,-2606.0,-528.0,421.0,,404.0
-345.0,86.0,,91.0,-34.0,-2222.0,-512.0,578.0,,524.0
-499.0,32.0,,53.0,-52.0,-2081.0,-497.0,308.0,,597.0
-385.0,-51.0,,10.0,-62.0,-2045.0,-476.0,323.0,,617.0
-280.0,-49.0,,28.0,-43.0,-1990.0,-495.0,73.0,,586.0
-162.0,-58.0,,55.0,20.0,-1800.0,-520.0,-33.0,,519.0
-80.0,21.0,,31.0,12.0,-1695.0,-515.0,-153.0,,440.0
-230.0,112.0,,3.0,-5.0,-1748.0,-478.0,-384.0,,336.0
9.0,212.0,,-62.0,29.0,-1846.0,-384.0,-262.0,,214.0
-69.0,271.0,,-72.0,18.0,-1810.0,-265.0,-441.0,,76.0
124.0,282.0,,-71.0,35.0,-1625.0,-189.0,-437.0,,-73.0
-17.0,310.0,,-134.0,76.0,-1606.0,-168.0,-707.0,,-204.0
-13.0,307.0,,-252.0,42.0,-1337.0,-218.0,-916.0,,-314.0
120.0,310.0,,-342.0,5.0,-869.0,-283.0,-894.0,,-407.0
89.0,249.0,,-423.0,-57.0,-644.0,-308.0,-1108.0,,-487.0
228.0,232.0,,-502.0,-157.0,-654.0,-275.0,-955.0,,-544.0
-91.0,151.0,,-504.0,-191.0,-606.0,-143.0,-997.0,,-568.0
139.0,-20.0,,-494.0,-211.0,-494.0,-2.0,-838.0,,-575.0
59.0,-114.0,,-536.0,-206.0,-563.0,98.0,-739.0,,-550.0
148.0,-113.0,,-660.0,-105.0,-669.0,158.0,-740.0,,-494.0
106.0,-68.0,,-773.0,-35.0,-712.0,183.0,-478.0,,-426.0
-34.0,-55.0,,-824.0,13.0,-602.0,163.0,-485.0,,-338.0
233.0,-48.0,,-831.0,83.0,-621.0,93.0,-188.0,,-236.0
47.0,4.0,,-794.0,84.0,-678.0,57.0,-149.0,,-137.0
281.0,128.0,,-684.0,94.0,-530.0,93.0,-66.0,,-41.0
141.0,175.0,,-626.0,81.0,-273.0,188.0,-64.0,,56.0
218.0,260.0,,-595.0,-18.0,-91.0,283.0,-388.0,,131.0
353.0,339.0,,-557.0,-57.0,-101.0,341.0,-330.0,,181.0
258.0,312.0,,-576.0,-57.0,27.0,383.0,-582.0,,200.0
339.0,275.0,,-546.0,-77.0,276.0,433.0,-563.0,,178.0
205.0,149.0,,-560.0,-48.0,407.0,460.0,-622.0,,154.0
413.0,80.0,,-599.0,-44.0,358.0,456.0,-735.0,,120.0
300.0,18.0,,-630.0,-76.0,371.0,470.0,-646.0,,63.0
304.0,-33.0,,-629.0,-82.0,482.0,496.0,-890.0,,-10.0
353.0,-31.0,,-584.0,-152.0,553.0,488.0,-833.0,,-91.0
332.0,-20.0,,-626.0,-228.0,603.0,444.0,-1010.0,,-192.0
407.0,17.0,,-606.0,-243.0,677.0,416.0,-981.0,,-304.0
267.0,87.0,,-470.0,-286.0,805.0,417.0,-888.0,,-412.0
242.0,218.0,,-384.0,-286.0,984.0,439.0,-1023.0,,-525.0
174.0,200.0,,-328.0,-254.0,1106.0,470.0,-886.0,,-626.0
256.0,164.0,,-300.0,-257.0,996.0,440.0,-1032.0,,-729.0
207.0,173.0,,-275.0,-218.0,798.0,397.0,-907.0,,-826.0
120.0,136.0,,-169.0,-178.0,638.0,388.0,-909.0,,-913.0
-5.0,106.0,,-17.0,-136.0,441.0,398.0,-925.0,,-986.0
-7.0,11.0,,118.0,-53.0,14.0,455.0,-768.0,,-1036.0
49.0,-58.0,,160.0,-41.0,-208.0,515.0,-809.0,,-1067.0
0.0,-55.0,,161.0,-51.0,-46.0,560.0,-561.0,,-1068.0
-41.0,17.0,,259.0,-11.0,47.0,592.0,-661.0,,-1056.0
-78.0,48.0,,339.0,-10.0,-56.0,563.0,-670.0,,-1043.0
5.0,111.0,,291.0,-3.0,-118.0,492.0,-726.0,,-1032.0
-81.0,232.0,,228.0,14.0,42.0,471.0,-881.0,,-1014.0
-116.0,254.0,,186.0,-14.0,119.0,475.0,-727.0,,-980.0
-205.0,249.0,,147.0,22.0,108.0,456.0,-788.0,,-935.0
-64.0,222.0,,81.0,95.0,169.0,457.0,-497.0,,-873.0
-129.0,183.0,,-23.0,144.0,455.0,481.0,-382.0,,-806.0
-93.0,99.0,,-146.0,255.0,897.0,557.0,-262.0,,-743.0
-114.0,49.0,,-279.0,323.0,1115.0,666.0,-114.0,,-688.0
-92.0,37.0,,-384.0,317.0,1022.0,737.0,-258.0,,-639.0
32.0,62.0,,-442.0,331.0,973.0,775.0,-182.0,,-586.0
-198.0,78.0,,-494.0,328.0,1156.0,784.0,-415.0,,-530.0
-57.0,37.0,,-516.0,365.0,1318.0,744.0,-369.0,,-457.0
-279.0,92.0,,-576.0,443.0,1149.0,704.0,-373.0,,-370.0
-93.0,126.0,,-664.0,453.0,866.0,668.0,-474.0,,-263.0
-237.0,114.0,,-661.0,478.0,908.0,604.0,-428.0,,-132.0
-351.0,59.0,,-706.0,487.0,953.0,567.0,-700.0,,14.0
-410.0,2.0,,-790.0,391.0,1012.0,523.0,-642.0,,187.0
-582.0,-70.0,,-879.0,325.0,1036.0,481.0,-726.0,,366.0
-330.0,-181.0,,-936.0,290.0,1051.0,483.0,-613.0,,552.0
-586.0,-284.0,,-904.0,226.0,1187.0,534.0,-511.0,,716.0
-604.0,-367.0,,-892.0,183.0,1100.0,620.0,-622.0,,848.0
-894.0,-287.0,,-861.0,65.0,913.0,671.0,-450.0,,958.0
-665.0,-176.0,,-870.0,-70.0,819.0,682.0,-648.0,,1017.0
-752.0,-23.0,,-886.0,-125.0,876.0,712.0,-572.0,,1053.0
-929.0,153.0,,-861.0,-188.0,940.0,790.0,-546.0,,1058.0
-834.0,357.0,,-875.0,-182.0,922.0,808.0,-448.0,,1012.0
-924.0,555.0,,-858.0,-112.0,734.0,743.0,-138.0,,956.0
-770.0,574.0,,-826.0,-85.0,670.0,629.0,-136.0,,903.0
-1033.0,556.0,,-800.0,-55.0,860.0,522.0,121.0,,859.0
-894.0,452.0,,-767.0,-46.0,1064.0,478.0,64.0,,827.0
-982.0,311.0,,-696.0,-86.0,1206.0,462.0,133.0,,810.0
-842.0,129.0,,-595.0,-66.0,1133.0,497.0,110.0,,791.0
-801.0,-103.0,,-478.0,-56.0,1148.0,542.0,-79.0,,771.0
-920.0,-311.0,,-415.0,-102.0,1216.0,553.0,44.0,,745.0
-776.0,-502.0,,-437.0,-82.0,1205.0,539.0,-46.0,,712.0
-851.0,-600.0,,-422.0,-79.0,969.0,520.0,291.0,,678.0
-766.0,-723.0,,-416.0,-81.0,648.0,551.0,447.0,,624.0
-844.0,-783.0,,-443.0,-51.0,731.0,587.0,567.0,,537.0
-710.0,-866.0,,-461.0,-61.0,1037.0,576.0,718.0,,422.0
-699.0,-856.0,,-453.0,-10.0,1172.0,520.0,511.0,,285.0
-641.0,-710.0,,-466.0,90.0,1038.0,450.0,552.0,,111.0
-565.0,-606.0,,-473.0,152.0,1149.0,404.0,345.0,,-86.0
-577.0,-372.0,,-395.0,247.0,1374.0,393.0,389.0,,-297.0
-468.0,-206.0,,-373.0,318.0,1311.0,417.0,380.0,,-501.0
-536.0,-70.0,,-324.0,292.0,1120.0,461.0,343.0,,-692.0
-355.0,45.0,,-219.0,265.0,951.0,489.0,493.0,,-855.0
-353.0,80.0,,-162.0,183.0,857.0,500.0,312.0,,-972.0
-353.0,118.0,,-124.0,93.0,757.0,498.0,461.0,,-1066.0
-244.0,154.0,,-37.0,84.0,721.0,473.0,363.0,,-1126.0
-237.0,216.0,,106.0,42.0,732.0,478.0,373.0,,-1164.0
-135.0,284.0,,184.0,15.0,680.0,507.0,469.0,,-1168.0
-168.0,381.0,,227.0,18.0,634.0,493.0,339.0,,-1148.0
-44.0,431.0,,247.0,-31.0,893.0,456.0,484.0,,-1122.0
-78.0,504.0,,266.0,-43.0,1184.0,420.0,376.0,,-1077.0
28.0,493.0,,322.0,-44.0,1187.0,396.0,530.0,,-1035.0
113.0,497.0,,387.0,-78.0,1354.0,425.0,607.0,,-988.0
3.0,538.0,,450.0,-43.0,1849.0,501.0,659.0,,-937.0
77.0,458.0,,505.0,-13.0,2030.0,575.0,896.0,,-886.0
14.0,416.0,,541.0,7.0,1673.0,616.0,920.0,,-815.0
155.0,375.0,,550.0,91.0,1427.0,623.0,1236.0,,-739.0
118.0,361.0,,509.0,111.0,1341.0,601.0,1265.0,,-646.0
114.0,300.0,,422.0,81.0,1019.0,579.0,1411.0,,-536.0
36.0,202.0,,322.0,33.0,335.0,566.0,1533.0,,-416.0
38.0,187.0,,214.0,-107.0,-45.0,532.0,1406.0,,-273.0
135.0,282.0,,134.0,-232.0,231.0,491.0,1444.0,,-119.0
0.0,331.0,,58.0,-316.0,424.0,458.0,1165.0,,43.0
64.0,281.0,,0.0,-408.0,285.0,451.0,1241.0,,201.0
-64.0,198.0,,-48.0,-405.0,200.0,473.0,1206.0,,335.0
-11.0,-37.0,,-69.0,-370.0,429.0,482.0,1077.0,,452.0
-82.0,-237.0,,-46.0,-330.0,717.0,433.0,1016.0,,532.0
-133.0,-437.0,,-58.0,-205.0,918.0,350.0,739.0,,569.0
-92.0,-624.0,,-55.0,-131.0,1069.0,330.0,868.0,,569.0
-141.0,-642.0,,-27.0,-110.0,1172.0,377.0,689.0,,527.0
70.0,-579.0,,1.0,-70.0,1268.0,405.0,615.0,,458.0
-16.0,-483.0,,-1.0,-58.0,1318.0,358.0,550.0,,379.0
1.0,-409.0,,5.0,31.0,1428.0,279.0,402.0,,303.0
24.0,-301.0,,69.0,185.0,1657.0,167.0,569.0,,239.0
2.0,-198.0,,96.0,265.0,1914.0,90.0,476.0,,196.0
165.0,-200.0,,107.0,313.0,2082.0,116.0,727.0,,191.0
127.0,-334.0,,86.0,279.0,2122.0,155.0,812.0,,219.0
179.0,-484.0,,82.0,153.0,2001.0,197.0,929.0,,271.0
134.0,-602.0,,113.0,84.0,1858.0,217.0,1160.0,,336.0
171.0,-785.0,,124.0,23.0,1940.0,218.0,1130.0,,394.0
181.0,-941.0,,176.0,-31.0,2118.0,220.0,1350.0,,439.0
109.0,-1005.0,,248.0,5.0,2118.0,162.0,1197.0,,466.0
201.0,-947.0,,339.0,36.0,2065.0,104.0,1195.0,,483.0
82.0,-794.0,,392.0,94.0,2132.0,90.0,1158.0,,505.0
91.0,-564.0,,495.0,173.0,2145.0,69.0,1112.0,,516.0
-20.0,-355.0,,633.0,155.0,2199.0,68.0,1249.0,,520.0
55.0,-252.0,,729.0,154.0,2352.0,101.0,1021.0,,514.0
83.0,-79.0,,800.0,177.0,2328.0,96.0,1119.0,,492.0
-17.0,40.0,,823.0,160.0,2164.0,34.0,1051.0,,462.0
113.0,17.0,,901.0,194.0,1959.0,-74.0,1158.0,,431.0
93.0,36.0,,905.0,194.0,1803.0,-169.0,1313.0,,405.0
224.0,84.0,,945.0,141.0,1697.0,-211.0,1171.0,,385.0
301.0,112.0,,1027.0,142.0,1563.0,-214.0,1261.0,,383.0
444.0,95.0,,1024.0,100.0,1581.0,-170.0,1066.0,,410.0
482.0,96.0,,1055.0,45.0,1736.0,-126.0,1127.0,,458.0
523.0,197.0,,1063.0,33.0,1719.0,-119.0,1099.0,,504.0
511.0,277.0,,1087.0,-34.0,1584.0,-155.0,1058.0,,553.0
612.0,255.0,,1102.0,-78.0,1640.0,-223.0,1160.0,,596.0
752.0,273.0,,1124.0,-91.0,1803.0,-302.0,925.0,,614.0
713.0,389.0,,1100.0,-150.0,1794.0,-347.0,862.0,,619.0
698.0,426.0,,990.0,-145.0,1452.0,-374.0,532.0,,602.0
497.0,369.0,,898.0,-109.0,1128.0,-428.0,541.0,,555.0
571.0,353.0,,865.0,-98.0,1120.0,-480.0,633.0,,488.0
566.0,328.0,,865.0,-44.0,1156.0,-497.0,606.0,,403.0
528.0,284.0,,744.0,-20.0,952.0,-500.0,851.0,,309.0
394.0,216.0,,657.0,-9.0,630.0,-504.0,644.0,,205.0
294.0,117.0,,693.0,57.0,578.0,-463.0,696.0,,107.0
188.0,126.0,,700.0,73.0,790.0,-411.0,609.0,,40.0
229.0,106.0,,702.0,78.0,999.0,-405.0,567.0,,6.0
240.0,-59.0,,686.0,99.0,1058.0,-426.0,718.0,,9.0
62.0,-201.0,,653.0,40.0,1277.0,-453.0,635.0,,45.0
86.0,-200.0,,636.0,-12.0,1612.0,-466.0,796.0,,100.0
-34.0,-161.0,,572.0,-59.0,1670.0,-450.0,657.0,,149.0
30.0,-248.0,,522.0,-122.0,1517.0,-427.0,716.0,,164.0
-74.0,-262.0,,490.0,-100.0,1357.0,-458.0,585.0,,135.0
3.0,-116.0,,401.0,-94.0,1474.0,-493.0,373.0,,84.0
-74.0,-29.0,,272.0,-106.0,1628.0,-498.0,430.0,,18.0
-14.0,-98.0,,162.0,-48.0,1519.0,-483.0,243.0,,-71.0
-13.0,-195.0,,106.0,-37.0,1247.0,-450.0,546.0,,-157.0
-85.0,-242.0,,41.0,-44.0,1045.0,-424.0,709.0,,-240.0
130.0,-342.0,,-30.0,-25.0,1038.0,-409.0,931.0,,-332.0
-88.0,-512.0,,-114.0,-69.0,966.0,-470.0,1108.0,,-412.0
-30.0,-669.0,,-166.0,-89.0,747.0,-585.0,925.0,,-476.0
-147.0,-771.0,,-144.0,-74.0,583.0,-678.0,916.0,,-533.0
43.0,-838.0,,-150.0,-68.0,452.0,-718.0,606.0,,-577.0
9.0,-862.0,,-160.0,35.0,164.0,-717.0,609.0,,-613.0
14.0,-867.0,,-43.0,146.0,-258.0,-717.0,620.0,,-632.0
75.0,-859.0,,78.0,182.0,-511.0,-685.0,613.0,,-624.0
-78.0,-776.0,,87.0,232.0,-366.0,-663.0,676.0,,-601.0
139.0,-640.0,,141.0,228.0,-52.0,-670.0,386.0,,-561.0
141.0,-478.0,,226.0,190.0,107.0,-687.0,349.0,,-508.0
367.0,-220.0,,283.0,188.0,126.0,-745.0,55.0,,-433.0
156.0,11.0,,365.0,152.0,177.0,-779.0,-127.0,,-341.0
210.0,145.0,,432.0,144.0,252.0,-802.0,-236.0,,-256.0
332.0,242.0,,463.0,176.0,338.0,-849.0,-415.0,,-175.0
372.0,288.0,,536.0,141.0,431.0,-861.0,-253.0,,-114.0
461.0,338.0,,628.0,120.0,386.0,-871.0,-310.0,,-59.0
407.0,302.0,,719.0,91.0,388.0,-905.0,-68.0,,-8.0
596.0,163.0,,793.0,-27.0,690.0,-957.0,103.0,,31.0
532.0,-46.0,,830.0,-121.0,1079.0,-1011.0,295.0,,86.0
649.0,-231.0,,850.0,-198.0,1133.0,-1006.0,607.0,,142.0
575.0,-347.0,,806.0,-285.0,790.0,-950.0,620.0,,202.0
622.0,-390.0,,705.0,-301.0,582.0,-883.0,853.0,,278.0
652.0,-336.0,,622.0,-313.0,623.0,-843.0,744.0,,358.0
564.0,-330.0,,619.0,-320.0,657.0,-818.0,729.0,,426.0
656.0,-301.0,,630.0,-248.0,607.0,-820.0,561.0,,478.0
604.0,-126.0,,659.0,-180.0,398.0,-869.0,221.0,,517.0
672.0,135.0,,663.0,-120.0,350.0,-906.0,140.0,,519.0
562.0,270.0,,680.0,-32.0,586.0,-903.0,-275.0,,506.0
436.0,372.0,,773.0,-1.0,882.0,-857.0,-299.0,,499.0
550.0,498.0,,851.0,11.0,899.0,-833.0,-365.0,,499.0
525.0,425.0,,894.0,27.0,894.0,-833.0,-291.0,,521.0
558.0,299.0,,882.0,4.0,1341.0,-813.0,-188.0,,540.0
415.0,177.0,,871.0,11.0,1608.0,-775.0,-417.0,,566.0
217.0,23.0,,902.0,16.0,1335.0,-724.0,-408.0,,598.0
350.0,-104.0,,989.0,-45.0,945.0,-713.0,-750.0,,625.0
298.0,-242.0,,1034.0,-99.0,874.0,-721.0,-776.0,,664.0
339.0,-268.0,,1043.0,-125.0,1028.0,-721.0,-866.0,,692.0
136.0,-178.0,,1008.0,-146.0,966.0,-708.0,-1010.0,,704.0
141.0,-122.0,,919.0,-103.0,856.0,-687.0,-947.0,,703.0
113.0,-165.0,,861.0,-36.0,888.0,-673.0,-1217.0,,685.0
-80.0,-297.0,,730.0,-1.0,857.0,-680.0,-1215.0,,657.0
-42.0,-305.0,,589.0,54.0,642.0,-706.0,-1428.0,,609.0
-172.0,-277.0,,539.0,82.0,342.0,-702.0,-1369.0,,535.0
-73.0,-282.0,,484.0,63.0,387.0,-690.0,-1221.0,,455.0
-325.0,-276.0,,394.0,65.0,537.0,-651.0,-1276.0,,383.0
-277.0,-223.0,,386.0,47.0,477.0,-571.0,-1106.0,,303.0
-371.0,-142.0,,411.0,11.0,342.0,-517.0,-1215.0,,214.0
-413.0,-244.0,,418.0,25.0,-2.0,-509.0,-1049.0,,126.0
-426.0,-340.0,,411.0,17.0,-338.0,-545.0,-1127.0,,47.0
-531.0,-358.0,,391.0,-19.0,-493.0,-619.0,-1171.0,,-26.0
-336.0,-337.0,,448.0,-10.0,-405.0,-677.0,-1023.0,,-95.0
-593.0,-399.0,,439.0,-10.0,-441.0,-676.0,-1128.0,,-139.0
-424.0,-494.0,,356.0,-27.0,-634.0,-666.0,-923.0,,-166.0
-602.0,-430.0,,296.0,-52.0,-513.0,-649.0,-1019.0,,-190.0
-452.0,-409.0,,242.0,-119.0,-235.0,-623.0,-942.0,,-210.0
-305.0,-444.0,,216.0,-168.0,-132.0,-589.0,-905.0,,-224.0
-405.0,-476.0,,145.0,-187.0,-325.0,-529.0,-1025.0,,-237.0
-310.0,-440.0,,73.0,-230.0,-277.0,-518.0,-925.0,,-238.0
-392.0,-326.0,,86.0,-249.0,-45.0,-516.0,-1121.0,,-237.0
-23.0,-292.0,,132.0,-254.0,-142.0,-515.0,-1001.0,,-228.0
-137.0,-332.0,,173.0,-284.0,-667.0,-531.0,-1079.0,,-197.0
18.0,-280.0,,228.0,-277.0,-1062.0,-540.0,-1104.0,,-149.0
115.0,-279.0,,298.0,-252.0,-918.0,-537.0,-1038.0,,-72.0
189.0,-310.0,,352.0,-251.0,-801.0,-476.0,-1199.0,,39.0
480.0,-256.0,,379.0,-223.0,-823.0,-436.0,-1051.0,,181.0
375.0,-152.0,,392.0,-214.0,-1003.0,-433.0,-1188.0,,350.0
569.0,54.0,,415.0,-244.0,-1079.0,-450.0,-1116.0,,543.0
646.0,176.0,,427.0,-229.0,-839.0,-476.0,-1164.0,,736.0
698.0,261.0,,403.0,-209.0,-628.0,-458.0,-1302.0,,920.0
763.0,360.0,,381.0,-203.0,-580.0,-402.0,-1345.0,,1078.0
872.0,404.0,,411.0,-139.0,-673.0,-333.0,-1731.0,,1192.0
996.0,327.0,,453.0,-73.0,-687.0,-289.0,-1722.0,,1261.0
819.0,199.0,,463.0,-36.0,-652.0,-253.0,-1873.0,,1260.0
932.0,172.0,,456.0,38.0,-899.0,-250.0,-1871.0,,1197.0
992.0,53.0,,456.0,112.0,-1472.0,-264.0,-1759.0,,1102.0
884.0,-50.0,,406.0,161.0,-1923.0,-266.0,-1832.0,,971.0
980.0,-13.0,,356.0,213.0,-1899.0,-260.0,-1709.0,,803.0
810.0,66.0,,335.0,222.0,-1784.0,-241.0,-1875.0,,618.0
838.0,42.0,,292.0,224.0,-1994.0,-247.0,-1777.0,,437.0
649.0,-58.0,,273.0,258.0,-2045.0,-230.0,-1808.0,,291.0
517.0,-149.0,,224.0,218.0,-1617.0,-199.0,-1779.0,,169.0
599.0,-243.0,,128.0,140.0,-1165.0,-170.0,-1600.0,,85.0
375.0,-170.0,,35.0,95.0,-955.0,-172.0,-1768.0,,44.0
281.0,-64.0,,-38.0,30.0,-928.0,-216.0,-1616.0,,31.0
-16.0,51.0,,-85.0,-14.0,-1210.0,-261.0,-1694.0,,51.0
80.0,159.0,,-85.0,-31.0,-1471.0,-313.0,-1657.0,,75.0
-117.0,175.0,,-100.0,-78.0,-1448.0,-315.0,-1683.0,,92.0
-283.0,182.0,,-136.0,-94.0,-1566.0,-269.0,-1906.0,,73.0
-304.0,123.0,,-101.0,-75.0,-1692.0,-211.0,-1869.0,,7.0
-521.0,102.0,,-79.0,-56.0,-1799.0,-168.0,-2069.0,,-90.0
-447.0,75.0,,-86.0,-5.0,-1773.0,-147.0,-1962.0,,-218.0
-725.0,-64.0,,-69.0,7.0,-1604.0,-110.0,-1986.0,,-377.0
-537.0,-231.0,,-45.0,-50.0,-1648.0,-60.0,-1980.0,,-537.0
-624.0,-280.0,,-9.0,-71.0,-1584.0,13.0,-1921.0,,-669.0
-651.0,-261.0,,-25.0,-83.0,-1435.0,91.0,-2089.0,,-779.0
-721.0,-276.0,,-50.0,-130.0,-1478.0,109.0,-1917.0,,-835.0
-799.0,-259.0,,-22.0,-139.0,-1573.0,70.0,-2052.0,,-848.0
-494.0,-293.0,,-89.0,-123.0,-1565.0,38.0,-2039.0,,-802.0
-785.0,-361.0,,-125.0,-111.0,-1535.0,49.0,-2117.0,,-688.0
-608.0,-296.0,,-117.0,-99.0,-1455.0,91.0,-2281.0,,-540.0
-811.0,-165.0,,-145.0,-127.0,-1350.0,133.0,-2163.0,,-362.0
-653.0,-89.0,,-68.0,-149.0,-1431.0,127.0,-2285.0,,-173.0
-514.0,29.0,,-34.0,-121.0,-1529.0,108.0,-2067.0,,13.0
-704.0,100.0,,-31.0,-112.0,-1487.0,117.0,-2019.0,,192.0
-370.0,132.0,,-3.0,-103.0,-1460.0,162.0,-1807.0,,361.0
-637.0,143.0,,-14.0,-73.0,-1567.0,255.0,-1496.0,,513.0
-468.0,158.0,,-24.0,-97.0,-1669.0,340.0,-1480.0,,642.0
-487.0,314.0,,-126.0,-113.0,-1646.0,395.0,-1252.0,,744.0
-381.0,419.0,,-215.0,-75.0,-1610.0,386.0,-1326.0,,818.0
-370.0,439.0,,-240.0,-68.0,-1619.0,305.0,-1178.0,,863.0
-543.0,440.0,,-248.0,-45.0,-1675.0,221.0,-1223.0,,871.0
-337.0,530.0,,-247.0,-21.0,-1710.0,161.0,-1282.0,,864.0
-514.0,541.0,,-252.0,-56.0,-1595.0,128.0,-1104.0,,843.0
-216.0,383.0,,-206.0,-49.0,-1476.0,103.0,-1158.0,,805.0
-304.0,265.0,,-249.0,-10.0,-1662.0,76.0,-901.0,,782.0
-376.0,119.0,,-341.0,-21.0,-1922.0,69.0,-1045.0,,781.0
-483.0,-2.0,,-366.0,-44.0,-1707.0,60.0,-1114.0,,796.0
-523.0,-88.0,,-380.0,-83.0,-1390.0,20.0,-1180.0,,822.0
-274.0,-148.0,,-385.0,-133.0,-1592.0,-29.0,-1369.0,,841.0
-632.0,-230.0,,-370.0,-130.0,-1911.0,-108.0,-1313.0,,835.0
-477.0,-318.0,,-363.0,-132.0,-1882.0,-193.0,-1587.0,,777.0
-634.0,-345.0,,-380.0,-159.0,-1700.0,-231.0,-1537.0,,681.0
-671.0,-374.0,,-313.0,-134.0,-1669.0,-280.0,-1607.0,,554.0
-590.0,-352.0,,-293.0,-115.0,-1769.0,-376.0,-1518.0,,409.0
-702.0,-324.0,,-351.0,-124.0,-1708.0,-511.0,-1300.0,,273.0
-479.0,-289.0,,-368.0,-136.0,-1449.0,-654.0,-1343.0,,152.0
-641.0,-265.0,,-422.0,-209.0,-1267.0,-771.0,-1029.0,,62.0
-451.0,-235.0,,-439.0,-267.0,-1158.0,-845.0,-1006.0,,9.0
-619.0,-148.0,,-432.0,-252.0,-1037.0,-875.0,-748.0,,0.0
-621.0,-93.0,,-446.0,-232.0,-803.0,-843.0,-539.0,,15.0
-384.0,-28.0,,-498.0,-175.0,-501.0,-807.0,-519.0,,64.0
-444.0,-1.0,,-581.0,-103.0,-315.0,-830.0,-312.0,,128.0
-417.0,32.0,,-624.0,-79.0,-150.0,-838.0,-410.0,,183.0
-580.0,60.0,,-654.0,-11.0,-126.0,-854.0,-230.0,,208.0
-219.0,36.0,,-687.0,101.0,-210.0,-867.0,-266.0,,190.0
-287.0,46.0,,-688.0,162.0,-208.0,-867.0,-286.0,,138.0
-348.0,-61.0,,-701.0,193.0,-352.0,-890.0,-249.0,,40.0
-162.0,-165.0,,-768.0,180.0,-897.0,-907.0,-327.0,,-93.0
-129.0,-159.0,,-821.0,122.0,-1352.0,-958.0,-9.0,,-258.0
66.0,-116.0,,-864.0,122.0,-1485.0,-1021.0,36.0,,-419.0
74.0,-72.0,,-910.0,142.0,-1682.0,-1058.0,356.0,,-563.0
223.0,-28.0,,-1035.0,152.0,-1938.0,-1058.0,556.0,,-681.0
106.0,99.0,,-1155.0,192.0,-2033.0,-1024.0,537.0,,-750.0
237.0,154.0,,-1199.0,179.0,-1752.0,-975.0,633.0,,-785.0
427.0,178.0,,-1217.0,128.0,-1624.0,-938.0,388.0,,-768.0
306.0,245.0,,-1177.0,146.0,-1593.0,-899.0,482.0,,-710.0
437.0,303.0,,-1133.0,174.0,-1358.0,-819.0,452.0,,-621.0
536.0,326.0,,-1091.0,180.0,-1127.0,-754.0,558.0,,-516.0
570.0,251.0,,-1121.0,192.0,-811.0,-702.0,667.0,,-421.0
556.0,134.0,,-1106.0,170.0,-649.0,-682.0,585.0,,-340.0
606.0,11.0,,-1023.0,139.0,-486.0,-696.0,720.0,,-297.0
698.0,-89.0,,-983.0,117.0,-323.0,-698.0,395.0,,-279.0
671.0,-145.0,,-960.0,50.0,-448.0,-694.0,249.0,,-304.0
591.0,-189.0,,-852.0,-25.0,-803.0,-668.0,51.0,,-373.0
515.0,-176.0,,-745.0,-101.0,-1052.0,-617.0,-5.0,,-438.0
489.0,-156.0,,-788.0,-219.0,-1165.0,-552.0,266.0,,-509.0
606.0,-133.0,,-779.0,-305.0,-1384.0,-482.0,327.0,,-568.0
432.0,16.0,,-666.0,-320.0,-1535.0,-436.0,550.0,,-608.0
345.0,190.0,,-575.0,-307.0,-1576.0,-426.0,408.0,,-610.0
323.0,309.0,,-542.0,-239.0,-1389.0,-422.0,412.0,,-572.0
185.0,324.0,,-446.0,-141.0,-1170.0,-394.0,454.0,,-511.0
297.0,292.0,,-356.0,-80.0,-1090.0,-365.0,491.0,,-418.0
43.0,247.0,,-287.0,-38.0,-1087.0,-343.0,703.0,,-312.0
-61.0,212.0,,-204.0,-30.0,-1128.0,-321.0,508.0,,-201.0
-179.0,236.0,,-111.0,-48.0,-923.0,-299.0,541.0,,-98.0
-201.0,170.0,,-57.0,-26.0,-721.0,-257.0,334.0,,-14.0
-260.0,77.0,,-101.0,-35.0,-623.0,-214.0,219.0,,51.0
-441.0,-72.0,,-79.0,-79.0,-400.0,-166.0,295.0,,81.0
-443.0,-212.0,,-149.0,-73.0,-196.0,-85.0,199.0,,82.0
-684.0,-256.0,,-228.0,-81.0,-182.0,1.0,473.0,,65.0
-527.0,-331.0,,-230.0,-110.0,-374.0,59.0,522.0,,18.0
-654.0,-357.0,,-240.0,-123.0,-385.0,85.0,726.0,,-46.0
-653.0,-371.0,,-253.0,-152.0,-313.0,122.0,792.0,,-118.0
-748.0,-446.0,,-338.0,-154.0,-491.0,158.0,709.0,,-199.0
-805.0,-431.0,,-418.0,-127.0,-632.0,176.0,755.0,,-273.0
-585.0,-340.0,,-443.0,-130.0,-604.0,164.0,469.0,,-344.0
-685.0,-262.0,,-446.0,-110.0,-593.0,169.0,522.0,,-400.0
-548.0,-252.0,,-477.0,-58.0,-745.0,241.0,415.0,,-427.0
-822.0,-321.0,,-493.0,-45.0,-781.0,321.0,408.0,,-434.0
-645.0,-386.0,,-495.0,-15.0,-567.0,367.0,519.0,,-419.0
-460.0,-490.0,,-463.0,28.0,-312.0,362.0,349.0,,-375.0
-457.0,-562.0,,-410.0,41.0,-231.0,358.0,352.0,,-308.0
-510.0,-605.0,,-391.0,88.0,-122.0,372.0,33.0,,-237.0
-642.0,-623.0,,-392.0,138.0,212.0,381.0,-31.0,,-182.0
-320.0,-554.0,,-425.0,156.0,386.0,402.0,-90.0,,-156.0
-348.0,-462.0,,-434.0,185.0,427.0,420.0,-90.0,,-150.0
-335.0,-412.0,,-361.0,183.0,601.0,436.0,169.0,,-161.0
-357.0,-363.0,,-337.0,125.0,932.0,456.0,195.0,,-183.0
-267.0,-149.0,,-324.0,78.0,1150.0,475.0,572.0,,-203.0
-288.0,39.0,,-224.0,1.0,1154.0,491.0,703.0,,-210.0
-429.0,163.0,,-206.0,-107.0,1147.0,509.0,910.0,,-209.0
-297.0,312.0,,-257.0,-141.0,1231.0,539.0,1164.0,,-217.0
-194.0,471.0,,-221.0,-145.0,1099.0,566.0,1247.0,,-242.0
-158.0,636.0,,-165.0,-135.0,805.0,623.0,1539.0,,-308.0
-322.0,667.0,,-238.0,-77.0,826.0,702.0,1498.0,,-410.0
-394.0,719.0,,-276.0,-67.0,916.0,744.0,1649.0,,-527.0
-238.0,787.0,,-214.0,-93.0,915.0,757.0,1555.0,,-677.0
-182.0,830.0,,-238.0,-102.0,862.0,733.0,1435.0,,-847.0
-186.0,891.0,,-238.0,-114.0,1005.0,734.0,1480.0,,-1029.0
-271.0,892.0,,-186.0,-61.0,1202.0,771.0,1341.0,,-1235.0
-264.0,957.0,,-269.0,32.0,1170.0,766.0,1533.0,,-1433.0
-74.0,1009.0,,-371.0,68.0,1165.0,744.0,1407.0,,-1620.0
-130.0,937.0,,-380.0,107.0,1268.0,720.0,1407.0,,-1787.0
-53.0,794.0,,-354.0,173.0,1437.0,736.0,1339.0,,-1924.0
-134.0,688.0,,-337.0,186.0,1297.0,788.0,1127.0,,-2031.0
-95.0,600.0,,-362.0,155.0,868.0,807.0,1169.0,,-2093.0
-61.0,447.0,,-394.0,82.0,571.0,800.0,1006.0,,-2120.0
7.0,233.0,,-417.0,-5.0,590.0,755.0,1195.0,,-2109.0
2.0,24.0,,-446.0,-4.0,782.0,715.0,1247.0,,-2079.0
-215.0,-51.0,,-463.0,38.0,803.0,743.0,1302.0,,-2043.0
91.0,-178.0,,-488.0,73.0,807.0,806.0,1304.0,,-2006.0
10.0,-295.0,,-528.0,132.0,1064.0,871.0,1008.0,,-1960.0
119.0,-296.0,,-632.0,137.0,1387.0,891.0,1032.0,,-1892.0
18.0,-266.0,,-748.0,85.0,1520.0,839.0,822.0,,-1820.0
20.0,-186.0,,-765.0,73.0,1427.0,779.0,892.0,,-1735.0
149.0,-165.0,,-798.0,76.0,1271.0,740.0,957.0,,-1628.0
185.0,-78.0,,-765.0,70.0,1283.0,735.0,946.0,,-1520.0
288.0,48.0,,-689.0,65.0,1299.0,746.0,1127.0,,-1414.0
7.0,186.0,,-724.0,10.0,1004.0,719.0,951.0,,-1306.0
270.0,278.0,,-743.0,-60.0,635.0,670.0,1038.0,,-1189.0
101.0,200.0,,-681.0,-121.0,521.0,644.0,960.0,,-1057.0
137.0,140.0,,-612.0,-217.0,548.0,654.0,1055.0,,-918.0
78.0,98.0,,-513.0,-262.0,469.0,665.0,1267.0,,-767.0
290.0,160.0,,-437.0,-228.0,317.0,639.0,1287.0,,-603.0
484.0,266.0,,-412.0,-213.0,209.0,593.0,1576.0,,-443.0
96.0,304.0,,-315.0,-193.0,158.0,550.0,1485.0,,-303.0
331.0,346.0,,-219.0,-173.0,258.0,526.0,1528.0,,-187.0
209.0,362.0,,-169.0,-190.0,256.0,526.0,1391.0,,-102.0
524.0,416.0,,-98.0,-169.0,83.0,515.0,1186.0,,-52.0
452.0,495.0,,0.0,-123.0,5.0,496.0,1151.0,,-33.0
334.0,533.0,,64.0,-88.0,79.0,492.0,921.0,,-40.0
372.0,538.0,,90.0,-5.0,221.0,464.0,1106.0,,-52.0
225.0,577.0,,163.0,78.0,112.0,423.0,1101.0,,-80.0
494.0,563.0,,217.0,118.0,-81.0,392.0,1221.0,,-132.0
351.0,419.0,,221.0,152.0,77.0,370.0,1250.0,,-190.0
324.0,245.0,,292.0,127.0,325.0,378.0,1084.0,,-272.0
147.0,153.0,,352.0,76.0,250.0,381.0,1145.0,,-353.0
292.0,121.0,,367.0,99.0,77.0,367.0,914.0,,-430.0
316.0,12.0,,395.0,128.0,101.0,332.0,994.0,,-517.0
179.0,-80.0,,418.0,166.0,223.0,299.0,862.0,,-605.0
191.0,-101.0,,394.0,250.0,164.0,312.0,800.0,,-672.0
3.0,-118.0,,337.0,266.0,68.0,328.0,918.0,,-726.0
116.0,-125.0,,321.0,238.0,121.0,336.0,761.0,,-790.0
-38.0,-63.0,,228.0,228.0,229.0,330.0,837.0,,-846.0
20.0,8.0,,152.0,218.0,416.0,296.0,594.0,,-902.0
-21.0,-26.0,,154.0,247.0,578.0,252.0,528.0,,-966.0
-85.0,-93.0,,142.0,275.0,700.0,195.0,413.0,,-1039.0
-103.0,-51.0,,133.0,242.0,646.0,182.0,290.0,,-1115.0
-321.0,63.0,,117.0,212.0,523.0,197.0,423.0,,-1199.0
-92.0,117.0,,82.0,189.0,434.0,211.0,299.0,,-1290.0
-102.0,168.0,,28.0,99.0,169.0,222.0,448.0,,-1362.0
-68.0,234.0,,35.0,19.0,-259.0,182.0,345.0,,-1418.0
-246.0,175.0,,27.0,-31.0,-380.0,138.0,376.0,,-1452.0
-374.0,9.0,,39.0,-66.0,-175.0,113.0,543.0,,-1480.0
-149.0,-161.0,,101.0,-14.0,-231.0,111.0,539.0,,-1504.0
-185.0,-208.0,,85.0,28.0,-377.0,121.0,770.0,,-1507.0
9.0,-119.0,,85.0,32.0,-266.0,96.0,661.0,,-1492.0
-250.0,-23.0,,134.0,60.0,127.0,40.0,748.0,,-1477.0
-280.0,105.0,,170.0,49.0,343.0,-37.0,679.0,,-1461.0
80.0,223.0,,172.0,14.0,349.0,-130.0,517.0,,-1438.0
21.0,233.0,,128.0,17.0,492.0,-197.0,508.0,,-1426.0
88.0,153.0,,83.0,9.0,755.0,-196.0,245.0,,-1409.0
-89.0,56.0,,79.0,28.0,962.0,-141.0,330.0,,-1377.0
12.0,-17.0,,91.0,80.0,915.0,-94.0,219.0,,-1336.0
262.0,-112.0,,70.0,81.0,924.0,-105.0,247.0,,-1268.0
142.0,-252.0,,32.0,85.0,938.0,-155.0,291.0,,-1154.0
89.0,-310.0,,6.0,93.0,1015.0,-208.0,147.0,,-1004.0
48.0,-213.0,,-43.0,64.0,1108.0,-249.0,188.0,,-834.0
199.0,-151.0,,-134.0,73.0,959.0,-310.0,-116.0,,-640.0
131.0,-193.0,,-195.0,119.0,705.0,-372.0,-112.0,,-435.0
59.0,-248.0,,-200.0,132.0,491.0,-400.0,-243.0,,-234.0
131.0,-148.0,,-161.0,137.0,484.0,-417.0,-373.0,,-53.0
111.0,34.0,,-112.0,113.0,548.0,-409.0,-373.0,,101.0
25.0,184.0,,-87.0,45.0,520.0,-389.0,-526.0,,231.0
-109.0,352.0,,-48.0,15.0,471.0,-370.0,-184.0,,318.0
94.0,411.0,,-30.0,-14.0,726.0,-349.0,-46.0,,373.0
49.0,396.0,,-10.0,-53.0,1153.0,-359.0,249.0,,394.0
89.0,362.0,,62.0,-30.0,1201.0,-416.0,389.0,,370.0
121.0,446.0,,134.0,-24.0,1013.0,-465.0,349.0,,315.0
35.0,598.0,,177.0,-53.0,1070.0,-481.0,485.0,,235.0
131.0,551.0,,192.0,-77.0,1350.0,-466.0,290.0,,131.0
117.0,395.0,,169.0,-135.0,1467.0,-440.0,450.0,,18.0
356.0,281.0,,138.0,-178.0,1264.0,-426.0,406.0,,-87.0
258.0,213.0,,128.0,-188.0,1074.0,-435.0,450.0,,-183.0
237.0,114.0,,80.0,-220.0,1156.0,-456.0,465.0,,-258.0
292.0,-28.0,,33.0,-208.0,1343.0,-450.0,195.0,,-321.0
318.0,-172.0,,-3.0,-173.0,1387.0,-423.0,271.0,,-382.0
305.0,-250.0,,-20.0,-190.0,1285.0,-376.0,70.0,,-407.0
194.0,-359.0,,-18.0,-191.0,1245.0,-366.0,160.0,,-415.0
407.0,-516.0,,-2.0,-158.0,1204.0,-395.0,192.0,,-410.0
294.0,-612.0,,8.0,-149.0,1209.0,-453.0,179.0,,-368.0
268.0,-605.0,,-67.0,-127.0,1101.0,-549.0,247.0,,-310.0
198.0,-558.0,,-98.0,-96.0,847.0,-610.0,7.0,,-233.0
330.0,-571.0,,-38.0,-75.0,876.0,-626.0,66.0,,-157.0
350.0,-512.0,,11.0,-9.0,1048.0,-577.0,-81.0,,-90.0
183.0,-345.0,,50.0,28.0,1173.0,-504.0,83.0,,-30.0
280.0,-51.0,,115.0,32.0,1097.0,-452.0,253.0,,16.0
174.0,231.0,,164.0,66.0,973.0,-422.0,266.0,,55.0
211.0,411.0,,205.0,77.0,1118.0,-422.0,537.0,,80.0
110.0,513.0,,252.0,89.0,1192.0,-447.0,436.0,,86.0
261.0,493.0,,285.0,131.0,1070.0,-492.0,563.0,,82.0
280.0,470.0,,335.0,140.0,1082.0,-501.0,532.0,,69.0
227.0,335.0,,338.0,151.0,1300.0,-495.0,637.0,,41.0
253.0,89.0,,318.0,192.0,1518.0,-469.0,792.0,,-2.0
138.0,-158.0,,317.0,181.0,1674.0,-428.0,696.0,,-82.0
349.0,-285.0,,339.0,159.0,1739.0,-416.0,909.0,,-185.0
281.0,-295.0,,366.0,154.0,1832.0,-393.0,752.0,,-316.0
264.0,-360.0,,391.0,143.0,1947.0,-385.0,872.0,,-463.0
244.0,-500.0,,384.0,178.0,1909.0,-383.0,896.0,,-607.0
197.0,-681.0,,416.0,176.0,1807.0,-370.0,781.0,,-772.0
245.0,-735.0,,515.0,105.0,1490.0,-340.0,872.0,,-907.0
226.0,-748.0,,560.0,76.0,1281.0,-283.0,744.0,,-1012.0
274.0,-678.0,,598.0,43.0,1474.0,-204.0,1005.0,,-1092.0
197.0,-486.0,,652.0,-31.0,1488.0,-148.0,966.0,,-1125.0
141.0,-346.0,,702.0,-75.0,1320.0,-151.0,953.0,,-1125.0
170.0,-294.0,,681.0,-91.0,1369.0,-164.0,929.0,,-1082.0
163.0,-332.0,,658.0,-70.0,1650.0,-212.0,709.0,,-999.0
121.0,-270.0,,666.0,-13.0,1775.0,-277.0,759.0,,-895.0
105.0,-112.0,,619.0,-5.0,1586.0,-299.0,509.0,,-786.0
84.0,112.0,,637.0,2.0,1387.0,-294.0,558.0,,-675.0
91.0,233.0,,588.0,42.0,1320.0,-260.0,517.0,,-580.0
143.0,176.0,,533.0,30.0,1296.0,-204.0,461.0,,-497.0
149.0,188.0,,572.0,16.0,1092.0,-140.0,482.0,,-445.0
42.0,199.0,,490.0,1.0,856.0,-74.0,197.0,,-421.0
117.0,134.0,,474.0,-70.0,725.0,-21.0,249.0,,-410.0
225.0,-2.0,,508.0,-85.0,739.0,-3.0,153.0,,-436.0
186.0,-50.0,,453.0,-49.0,945.0,-18.0,269.0,,-476.0
168.0,-54.0,,397.0,-54.0,999.0,-52.0,314.0,,-538.0
154.0,-90.0,,321.0,-53.0,950.0,-68.0,206.0,,-603.0
104.0,-134.0,,236.0,-65.0,1060.0,-49.0,282.0,,-653.0
102.0,-120.0,,126.0,-58.0,1280.0,-24.0,-3.0,,-695.0
226.0,3.0,,69.0,21.0,1337.0,4.0,5.0,,-711.0
160.0,-81.0,,47.0,76.0,1199.0,43.0,-118.0,,-714.0
95.0,-94.0,,37.0,117.0,1117.0,64.0,-179.0,,-715.0
105.0,35.0,,69.0,176.0,991.0,85.0,-75.0,,-706.0
151.0,118.0,,72.0,189.0,700.0,99.0,-160.0,,-690.0
42.0,262.0,,69.0,196.0,262.0,88.0,-22.0,,-664.0
24.0,311.0,,72.0,168.0,5.0,99.0,-269.0,,-613.0
139.0,297.0,,134.0,79.0,19.0,130.0,-349.0,,-550.0
22.0,173.0,,178.0,68.0,-56.0,182.0,-399.0,,-475.0
58.0,41.0,,191.0,66.0,-138.0,232.0,-393.0,,-376.0
-35.0,41.0,,220.0,48.0,-69.0,257.0,-105.0,,-275.0
-33.0,51.0,,169.0,83.0,153.0,285.0,-125.0,,-173.0
44.0,-40.0,,124.0,58.0,364.0,306.0,77.0,,-92.0
75.0,-105.0,,109.0,48.0,473.0,330.0,12.0,,-46.0
13.0,-107.0,,123.0,70.0,591.0,359.0,-22.0,,-22.0
-44.0,-117.0,,164.0,31.0,654.0,375.0,-96.0,,-29.0
111.0,6.0,,164.0,61.0,621.0,398.0,-404.0,,-41.0
83.0,49.0,,190.0,120.0,549.0,434.0,-358.0,,-62.0
118.0,32.0,,207.0,147.0,609.0,447.0,-517.0,,-94.0
-29.0,-58.0,,253.0,242.0,630.0,417.0,-439.0,,-115.0
-16.0,-280.0,,327.0,290.0,519.0,398.0,-530.0,,-154.0
68.0,-375.0,,317.0,304.0,553.0,383.0,-737.0,,-192.0
1.0,-374.0,,327.0,358.0,643.0,344.0,-838.0,,-224.0
37.0,-286.0,,355.0,302.0,525.0,327.0,-1197.0,,-278.0
-44.0,-192.0,,335.0,211.0,277.0,320.0,-1193.0,,-334.0
-34.0,-187.0,,291.0,127.0,283.0,339.0,-1343.0,,-381.0
-66.0,-158.0,,258.0,-19.0,459.0,369.0,-1250.0,,-426.0
40.0,-37.0,,206.0,-64.0,589.0,380.0,-1088.0,,-460.0
89.0,46.0,,131.0,-34.0,601.0,363.0,-1104.0,,-488.0
113.0,91.0,,86.0,-17.0,655.0,338.0,-896.0,,-523.0
176.0,137.0,,-1.0,26.0,879.0,349.0,-909.0,,-545.0
140.0,79.0,,-13.0,-16.0,993.0,356.0,-558.0,,-544.0
150.0,-9.0,,20.0,-90.0,1024.0,336.0,-325.0,,-531.0
205.0,-90.0,,-44.0,-82.0,913.0,281.0,-147.0,,-502.0
449.0,-169.0,,-14.0,-111.0,949.0,257.0,5.0,,-462.0
425.0,-260.0,,55.0,-131.0,1142.0,262.0,-227.0,,-398.0
446.0,-333.0,,83.0,-129.0,1012.0,241.0,-267.0,,-303.0
499.0,-325.0,,105.0,-199.0,820.0,235.0,-585.0,,-196.0
383.0,-309.0,,151.0,-220.0,735.0,251.0,-659.0,,-86.0
475.0,-375.0,,238.0,-215.0,980.0,304.0,-777.0,,31.0
560.0,-517.0,,251.0,-243.0,1229.0,360.0,-962.0,,151.0
584.0,-557.0,,271.0,-200.0,1060.0,363.0,-838.0,,267.0
425.0,-483.0,,357.0,-188.0,902.0,332.0,-912.0,,383.0
347.0,-341.0,,381.0,-197.0,890.0,301.0,-620.0,,489.0
192.0,-148.0,,349.0,-126.0,901.0,306.0,-609.0,,581.0
170.0,36.0,,387.0,-117.0,805.0,361.0,-622.0,,666.0
188.0,277.0,,393.0,-110.0,705.0,377.0,-633.0,,742.0
-100.0,471.0,,372.0,-9.0,722.0,299.0,-918.0,,815.0
37.0,539.0,,470.0,85.0,751.0,221.0,-936.0,,886.0
-142.0,566.0,,515.0,218.0,546.0,193.0,-1273.0,,951.0
-309.0,641.0,,476.0,327.0,159.0,221.0,-1245.0,,1014.0
-316.0,618.0,,471.0,332.0,-113.0,260.0,-1206.0,,1060.0
-459.0,437.0,,425.0,353.0,-203.0,287.0,-1206.0,,1099.0
-436.0,255.0,,329.0,297.0,-288.0,285.0,-1027.0,,1153.0
-480.0,96.0,,225.0,176.0,-527.0,225.0,-1202.0,,1201.0
-455.0,42.0,,105.0,137.0,-567.0,170.0,-1025.0,,1250.0
-664.0,-1.0,,-20.0,80.0,-450.0,126.0,-1031.0,,1289.0
-587.0,-14.0,,-127.0,53.0,-378.0,128.0,-914.0,,1308.0
-621.0,22.0,,-238.0,89.0,-469.0,202.0,-816.0,,1311.0
-584.0,55.0,,-366.0,49.0,-598.0,277.0,-920.0,,1269.0
-536.0,141.0,,-405.0,4.0,-596.0,295.0,-753.0,,1202.0
-632.0,295.0,,-430.0,-17.0,-703.0,250.0,-881.0,,1104.0
-545.0,506.0,,-452.0,-66.0,-818.0,218.0,-729.0,,979.0
-674.0,575.0,,-446.0,-41.0,-1020.0,208.0,-750.0,,849.0
-565.0,481.0,,-480.0,0.0,-1151.0,190.0,-768.0,,706.0
-729.0,213.0,,-493.0,8.0,-1271.0,175.0,-718.0,,550.0
-660.0,-62.0,,-442.0,65.0,-1512.0,169.0,-886.0,,380.0
-645.0,-184.0,,-348.0,79.0,-1661.0,190.0,-642.0,,205.0
-617.0,-267.0,,-339.0,87.0,-1739.0,243.0,-648.0,,40.0
-608.0,-301.0,,-343.0,164.0,-1646.0,291.0,-471.0,,-102.0
-810.0,-342.0,,-323.0,167.0,-1610.0,258.0,-413.0,,-219.0
-458.0,-337.0,,-317.0,155.0,-1587.0,200.0,-519.0,,-323.0
-418.0,-294.0,,-278.0,155.0,-1525.0,185.0,-384.0,,-401.0
-387.0,-175.0,,-217.0,94.0,-1564.0,179.0,-563.0,,-451.0
-456.0,2.0,,-161.0,86.0,-1727.0,204.0,-415.0,,-474.0
-284.0,84.0,,-113.0,86.0,-2030.0,219.0,-384.0,,-474.0
-176.0,155.0,,-44.0,35.0,-2211.0,206.0,-301.0,,-464.0
-243.0,192.0,,-11.0,32.0,-2327.0,218.0,-190.0,,-437.0
-169.0,179.0,,52.0,15.0,-2503.0,270.0,-351.0,,-401.0
-180.0,210.0,,120.0,-5.0,-2681.0,337.0,-260.0,,-334.0
79.0,368.0,,169.0,26.0,-2675.0,394.0,-408.0,,-237.0
-52.0,622.0,,253.0,5.0,-2569.0,430.0,-339.0,,-120.0
69.0,788.0,,266.0,-12.0,-2637.0,430.0,-362.0,,8.0
105.0,743.0,,211.0,13.0,-2629.0,412.0,-389.0,,127.0
149.0,598.0,,165.0,-20.0,-2350.0,373.0,-125.0,,261.0
169.0,502.0,,155.0,0.0,-2107.0,340.0,-162.0,,376.0
43.0,400.0,,155.0,64.0,-2175.0,321.0,38.0,,460.0
156.0,426.0,,171.0,67.0,-2366.0,335.0,-36.0,,544.0
60.0,540.0,,199.0,79.0,-2464.0,368.0,-70.0,,612.0
328.0,553.0,,152.0,21.0,-2391.0,388.0,-49.0,,668.0
113.0,477.0,,44.0,-106.0,-2372.0,420.0,-267.0,,690.0
33.0,276.0,,-75.0,-158.0,-2544.0,416.0,-194.0,,662.0
167.0,45.0,,-128.0,-198.0,-2523.0,422.0,-312.0,,580.0
196.0,-145.0,,-47.0,-205.0,-2348.0,453.0,-109.0,,446.0
230.0,-319.0,,-64.0,-159.0,-2232.0,466.0,-40.0,,286.0
13.0,-471.0,,-131.0,-180.0,-2252.0,482.0,-66.0,,108.0
204.0,-507.0,,-46.0,-181.0,-2359.0,485.0,33.0,,-69.0
122.0,-427.0,,9.0,-149.0,-2328.0,484.0,-177.0,,-252.0
61.0,-324.0,,13.0,-163.0,-2116.0,475.0,-9.0,,-426.0
-49.0,-281.0,,11.0,-114.0,-1914.0,442.0,-24.0,,-575.0
-73.0,-279.0,,81.0,-39.0,-1952.0,412.0,134.0,,-699.0
24.0,-170.0,,132.0,28.0,-2070.0,409.0,297.0,,-792.0
96.0,-111.0,,93.0,139.0,-1967.0,412.0,206.0,,-868.0
-60.0,-123.0,,155.0,164.0,-1703.0,407.0,260.0,,-910.0
-202.0,-13.0,,150.0,147.0,-1550.0,374.0,-64.0,,-922.0
75.0,143.0,,94.0,176.0,-1656.0,328.0,-79.0,,-912.0
-41.0,145.0,,87.0,152.0,-1877.0,280.0,-212.0,,-882.0
36.0,79.0,,48.0,160.0,-1913.0,225.0,-284.0,,-840.0
-127.0,112.0,,103.0,199.0,-1975.0,186.0,-188.0,,-777.0
-13.0,179.0,,110.0,166.0,-2171.0,156.0,-412.0,,-693.0
-6.0,265.0,,10.0,147.0,-2308.0,151.0,-386.0,,-590.0
-132.0,254.0,,-47.0,99.0,-2358.0,169.0,-667.0,,-484.0
132.0,215.0,,-137.0,10.0,-2343.0,180.0,-761.0,,-381.0
17.0,235.0,,-127.0,-12.0,-2420.0,172.0,-825.0,,-282.0
194.0,159.0,,-49.0,-43.0,-2448.0,180.0,-877.0,,-189.0
110.0,32.0,,-63.0,-57.0,-2359.0,193.0,-587.0,,-94.0
330.0,-149.0,,6.0,0.0,-2298.0,202.0,-539.0,,12.0
263.0,-304.0,,112.0,17.0,-2312.0,196.0,-206.0,,115.0
207.0,-418.0,,169.0,44.0,-2390.0,169.0,-164.0,,223.0
437.0,-510.0,,273.0,100.0,-2364.0,160.0,-125.0,,317.0
362.0,-507.0,,293.0,75.0,-2124.0,110.0,16.0,,398.0
571.0,-455.0,,297.0,60.0,-1969.0,59.0,-18.0,,476.0
345.0,-369.0,,341.0,35.0,-1979.0,16.0,258.0,,528.0
501.0,-355.0,,330.0,-21.0,-1896.0,-42.0,129.0,,598.0
455.0,-274.0,,349.0,-21.0,-1821.0,-29.0,92.0,,676.0
568.0,-75.0,,328.0,-64.0,-1820.0,8.0,-84.0,,761.0
544.0,114.0,,344.0,-115.0,-1786.0,19.0,-314.0,,853.0
325.0,266.0,,370.0,-118.0,-1653.0,10.0,-286.0,,936.0
609.0,317.0,,327.0,-192.0,-1528.0,-17.0,-602.0,,1039.0
355.0,296.0,,344.0,-238.0,-1388.0,-68.0,-570.0,,1150.0
582.0,134.0,,283.0,-211.0,-1233.0,-116.0,-700.0,,1294.0
428.0,-74.0,,182.0,-254.0,-1132.0,-124.0,-692.0,,1447.0
436.0,-256.0,,168.0,-289.0,-1087.0,-112.0,-574.0,,1588.0
421.0,-365.0,,135.0,-270.0,-1111.0,-98.0,-696.0,,1733.0
279.0,-346.0,,117.0,-276.0,-1014.0,-82.0,-539.0,,1862.0
495.0,-305.0,,167.0,-243.0,-920.0,-48.0,-687.0,,1968.0
182.0,-279.0,,204.0,-224.0,-972.0,3.0,-572.0,,2041.0
478.0,-319.0,,242.0,-221.0,-1126.0,60.0,-532.0,,2061.0
388.0,-337.0,,278.0,-137.0,-1204.0,73.0,-521.0,,2026.0
478.0,-259.0,,270.0,-88.0,-1110.0,0.0,-373.0,,1944.0
371.0,-111.0,,246.0,-68.0,-1203.0,-60.0,-565.0,,1825.0
236.0,43.0,,242.0,-17.0,-1350.0,-81.0,-476.0,,1665.0
479.0,156.0,,304.0,-8.0,-1340.0,-82.0,-604.0,,1469.0
104.0,282.0,,400.0,8.0,-1320.0,-78.0,-487.0,,1259.0
292.0,337.0,,481.0,20.0,-1331.0,-105.0,-389.0,,1031.0
211.0,345.0,,531.0,-28.0,-1531.0,-146.0,-467.0,,798.0
243.0,362.0,,527.0,-10.0,-1644.0,-145.0,-303.0,,570.0
11.0,411.0,,492.0,56.0,-1667.0,-79.0,-556.0,,355.0
-77.0,476.0,,452.0,97.0,-1776.0,-7.0,-552.0,,174.0
108.0,394.0,,411.0,186.0,-1765.0,4.0,-600.0,,15.0
36.0,332.0,,475.0,261.0,-1740.0,-50.0,-478.0,,-95.0
203.0,336.0,,574.0,291.0,-1504.0,-119.0,-206.0,,-181.0
-243.0,303.0,,593.0,324.0,-1228.0,-168.0,-227.0,,-252.0
-122.0,244.0,,692.0,266.0,-1024.0,-193.0,-53.0,,-304.0
-85.0,182.0,,721.0,187.0,-820.0,-159.0,-199.0,,-359.0
-85.0,129.0,,643.0,160.0,-874.0,-87.0,-75.0,,-396.0
-60.0,-3.0,,658.0,96.0,-926.0,-24.0,-38.0,,-430.0
-274.0,-168.0,,650.0,72.0,-1012.0,26.0,-158.0,,-452.0
-123.0,-391.0,,608.0,52.0,-1162.0,66.0,-25.0,,-469.0
-304.0,-544.0,,544.0,-53.0,-1341.0,88.0,-168.0,,-483.0
-219.0,-584.0,,480.0,-124.0,-1460.0,60.0,-38.0,,-501.0
-268.0,-573.0,,390.0,-174.0,-1264.0,-10.0,-125.0,,-522.0
-230.0,-471.0,,243.0,-226.0,-965.0,-59.0,-149.0,,-533.0
-308.0,-370.0,,141.0,-204.0,-857.0,-84.0,-138.0,,-551.0
-367.0,-205.0,,25.0,-201.0,-1022.0,-68.0,-347.0,,-540.0
-192.0,-64.0,,-60.0,-176.0,-1066.0,-31.0,-277.0,,-508.0
-284.0,34.0,,-176.0,-37.0,-974.0,10.0,-506.0,,-473.0
-175.0,121.0,,-272.0,82.0,-1050.0,57.0,-389.0,,-427.0
-325.0,203.0,,-295.0,178.0,-1200.0,109.0,-258.0,,-390.0
-167.0,241.0,,-380.0,238.0,-1258.0,169.0,-169.0,,-359.0
-63.0,215.0,,-447.0,178.0,-1235.0,170.0,55.0,,-322.0
-9.0,282.0,,-484.0,118.0,-1106.0,157.0,-110.0,,-273.0
-29.0,380.0,,-523.0,42.0,-881.0,126.0,-84.0,,-209.0
-113.0,487.0,,-574.0,-90.0,-846.0,102.0,-347.0,,-151.0
55.0,590.0,,-555.0,-174.0,-847.0,141.0,-417.0,,-99.0
10.0,674.0,,-529.0,-274.0,-680.0,176.0,-378.0,,-44.0
132.0,643.0,,-555.0,-342.0,-363.0,209.0,-497.0,,3.0
44.0,445.0,,-522.0,-270.0,-281.0,207.0,-382.0,,63.0
178.0,169.0,,-481.0,-224.0,-514.0,174.0,-548.0,,138.0
-27.0,-115.0,,-470.0,-229.0,-425.0,158.0,-397.0,,217.0
-97.0,-263.0,,-434.0,-213.0,-239.0,204.0,-373.0,,310.0
13.0,-317.0,,-418.0,-226.0,-374.0,276.0,-293.0,,411.0
-35.0,-336.0,,-386.0,-207.0,-663.0,281.0,-81.0,,498.0
120.0,-331.0,,-298.0,-174.0,-718.0,250.0,-175.0,,571.0
-208.0,-225.0,,-233.0,-172.0,-467.0,208.0,3.0,,625.0
-169.0,-48.0,,-193.0,-95.0,-290.0,191.0,-147.0,,641.0
-230.0,4.0,,-160.0,-11.0,-313.0,180.0,-149.0,,619.0
-156.0,-50.0,,-38.0,16.0,-406.0,157.0,-116.0,,538.0
-315.0,-153.0,,89.0,77.0,-397.0,107.0,-158.0,,419.0
-419.0,-252.0,,135.0,79.0,-223.0,40.0,11.0,,269.0
-275.0,-334.0,,174.0,7.0,-8.0,46.0,-158.0,,97.0
-374.0,-398.0,,176.0,-43.0,-54.0,84.0,-110.0,,-75.0
-324.0,-426.0,,182.0,-106.0,-321.0,103.0,-290.0,,-233.0
-585.0,-428.0,,227.0,-89.0,-541.0,74.0,-419.0,,-366.0
-303.0,-358.0,,251.0,13.0,-601.0,10.0,-509.0,,-490.0
-390.0,-179.0,,305.0,40.0,-688.0,-41.0,-805.0,,-576.0
-470.0,74.0,,383.0,40.0,-858.0,-79.0,-679.0,,-631.0
-358.0,295.0,,383.0,49.0,-753.0,-98.0,-787.0,,-650.0
-432.0,410.0,,300.0,15.0,-346.0,-124.0,-628.0,,-641.0
-385.0,385.0,,298.0,7.0,104.0,-178.0,-498.0,,-611.0
-529.0,236.0,,432.0,-2.0,289.0,-234.0,-436.0,,-550.0
-387.0,46.0,,496.0,-31.0,496.0,-283.0,-120.0,,-479.0
-473.0,-72.0,,553.0,-2.0,943.0,-319.0,-138.0,,-400.0
-406.0,-107.0,,608.0,-22.0,1247.0,-324.0,134.0,,-330.0
-486.0,-120.0,,620.0,-90.0,1171.0,-330.0,160.0,,-262.0
-487.0,-112.0,,641.0,-106.0,928.0,-323.0,249.0,,-187.0
-496.0,-88.0,,594.0,-141.0,926.0,-303.0,404.0,,-116.0
-653.0,-27.0,,565.0,-132.0,1062.0,-272.0,306.0,,-52.0
-470.0,-41.0,,532.0,-66.0,1249.0,-225.0,469.0,,-8.0
-560.0,-167.0,,432.0,-52.0,1256.0,-227.0,277.0,,30.0
-495.0,-282.0,,367.0,-32.0,1295.0,-243.0,308.0,,89.0
-625.0,-309.0,,335.0,-17.0,1600.0,-260.0,288.0,,166.0
-609.0,-307.0,,302.0,-38.0,1847.0,-259.0,336.0,,266.0
-452.0,-397.0,,255.0,-10.0,1994.0,-234.0,587.0,,385.0
-487.0,-508.0,,165.0,-3.0,1834.0,-255.0,443.0,,507.0
-417.0,-618.0,,102.0,-43.0,1740.0,-299.0,570.0,,648.0
-562.0,-683.0,,114.0,-22.0,1887.0,-296.0,473.0,,786.0
-400.0,-631.0,,160.0,8.0,2039.0,-211.0,552.0,,893.0
-261.0,-439.0,,130.0,42.0,2012.0,-99.0,648.0,,971.0
-400.0,-227.0,,17.0,109.0,1815.0,-15.0,489.0,,992.0
-510.0,-99.0,,-79.0,99.0,1773.0,33.0,537.0,,959.0
-407.0,4.0,,-132.0,58.0,1809.0,82.0,284.0,,871.0
-219.0,84.0,,-172.0,45.0,1703.0,128.0,264.0,,729.0
-282.0,143.0,,-315.0,-9.0,1189.0,144.0,123.0,,546.0
-156.0,116.0,,-518.0,-62.0,941.0,126.0,99.0,,323.0
-207.0,27.0,,-679.0,-107.0,1094.0,108.0,288.0,,94.0
-252.0,-1.0,,-815.0,-161.0,1149.0,118.0,293.0,,-112.0
-30.0,101.0,,-941.0,-144.0,1197.0,119.0,543.0,,-292.0
-30.0,291.0,,-1029.0,-103.0,1060.0,141.0,430.0,,-428.0
60.0,517.0,,-1046.0,-100.0,1046.0,199.0,445.0,,-506.0
39.0,722.0,,-1049.0,-69.0,1066.0,264.0,352.0,,-544.0
122.0,822.0,,-1079.0,-65.0,950.0,326.0,158.0,,-535.0
99.0,767.0,,-1147.0,-109.0,853.0,394.0,210.0,,-484.0
30.0,492.0,,-1122.0,-105.0,637.0,472.0,20.0,,-409.0
387.0,131.0,,-937.0,-109.0,569.0,504.0,205.0,,-300.0
291.0,-198.0,,-763.0,-106.0,540.0,484.0,184.0,,-188.0
288.0,-496.0,,-609.0,-31.0,336.0,462.0,194.0,,-114.0
311.0,-748.0,,-521.0,17.0,202.0,488.0,282.0,,-82.0
260.0,-940.0,,-449.0,34.0,428.0,513.0,114.0,,-98.0
500.0,-1127.0,,-377.0,27.0,874.0,498.0,192.0,,-156.0
308.0,-1225.0,,-313.0,-40.0,1108.0,465.0,-27.0,,-252.0
343.0,-1161.0,,-235.0,-70.0,1096.0,420.0,-3.0,,-390.0
273.0,-971.0,,-268.0,-44.0,1078.0,396.0,-57.0,,-556.0
229.0,-667.0,,-335.0,-59.0,1289.0,387.0,-158.0,,-727.0
389.0,-384.0,,-388.0,-83.0,1332.0,370.0,3.0,,-900.0
165.0,-128.0,,-375.0,-113.0,1152.0,367.0,-68.0,,-1040.0
260.0,12.0,,-391.0,-190.0,1112.0,359.0,203.0,,-1140.0
110.0,51.0,,-477.0,-224.0,1141.0,313.0,245.0,,-1211.0
150.0,71.0,,-483.0,-234.0,1309.0,268.0,325.0,,-1243.0
101.0,-22.0,,-453.0,-272.0,1439.0,243.0,419.0,,-1253.0
5.0,-222.0,,-423.0,-263.0,1528.0,207.0,360.0,,-1251.0
197.0,-464.0,,-402.0,-264.0,1690.0,136.0,524.0,,-1246.0
-161.0,-628.0,,-435.0,-291.0,1819.0,51.0,339.0,,-1219.0
18.0,-689.0,,-425.0,-259.0,1826.0,3.0,428.0,,-1178.0
0.0,-613.0,,-388.0,-232.0,1700.0,15.0,454.0,,-1116.0
-54.0,-436.0,,-418.0,-218.0,1614.0,67.0,517.0,,-1025.0
-8.0,-222.0,,-401.0,-164.0,1646.0,117.0,683.0,,-927.0
-152.0,23.0,,-373.0,-125.0,1857.0,126.0,508.0,,-823.0
48.0,202.0,,-387.0,-85.0,1995.0,74.0,589.0,,-723.0
-102.0,287.0,,-358.0,-4.0,2030.0,-1.0,369.0,,-604.0
17.0,267.0,,-270.0,52.0,2189.0,-102.0,223.0,,-481.0
-55.0,229.0,,-221.0,119.0,2328.0,-177.0,101.0,,-355.0
-199.0,215.0,,-295.0,218.0,2383.0,-196.0,-9.0,,-232.0
-77.0,117.0,,-346.0,263.0,2311.0,-221.0,251.0,,-128.0
-86.0,0.0,,-337.0,284.0,2306.0,-211.0,295.0,,-20.0
-84.0,-26.0,,-425.0,254.0,2420.0,-160.0,598.0,,67.0
-252.0,23.0,,-533.0,104.0,2452.0,-119.0,667.0,,150.0
-158.0,52.0,,-548.0,-35.0,2457.0,-118.0,733.0,,225.0
-240.0,53.0,,-569.0,-93.0,2569.0,-149.0,872.0,,263.0
-325.0,84.0,,-615.0,-105.0,2869.0,-185.0,711.0,,290.0
-254.0,113.0,,-631.0,-48.0,2888.0,-187.0,781.0,,294.0
-388.0,99.0,,-633.0,30.0,2831.0,-163.0,552.0,,271.0
-360.0,8.0,,-623.0,75.0,2996.0,-146.0,609.0,,227.0
-479.0,-76.0,,-560.0,124.0,2931.0,-185.0,685.0,,139.0
-535.0,-101.0,,-539.0,154.0,2840.0,-272.0,678.0,,22.0
-492.0,-113.0,,-494.0,165.0,2955.0,-343.0,877.0,,-103.0
-485.0,-116.0,,-405.0,224.0,3268.0,-368.0,709.0,,-230.0
-439.0,-112.0,,-367.0,253.0,3373.0,-321.0,837.0,,-343.0
-606.0,-76.0,,-321.0,223.0,3217.0,-261.0,811.0,,-442.0
-569.0,2.0,,-288.0,204.0,3343.0,-234.0,864.0,,-528.0
-472.0,105.0,,-252.0,136.0,3645.0,-229.0,921.0,,-591.0
-491.0,175.0,,-242.0,36.0,3674.0,-252.0,726.0,,-626.0
-535.0,233.0,,-229.0,-20.0,3292.0,-278.0,800.0,,-635.0
-462.0,327.0,,-182.0,-74.0,2976.0,-280.0,537.0,,-618.0
-304.0,381.0,,-164.0,-105.0,2886.0,-269.0,502.0,,-595.0
-412.0,344.0,,-120.0,-115.0,2672.0,-286.0,328.0,,-583.0
-365.0,256.0,,-55.0,-196.0,2331.0,-313.0,282.0,,-583.0
-244.0,166.0,,-33.0,-268.0,2159.0,-330.0,694.0,,-606.0
-202.0,114.0,,-50.0,-269.0,2164.0,-353.0,873.0,,-643.0
-177.0,125.0,,-87.0,-283.0,2195.0,-362.0,1219.0,,-708.0
-181.0,108.0,,-120.0,-257.0,2183.0,-334.0,1112.0,,-810.0
-119.0,-1.0,,-119.0,-193.0,2072.0,-291.0,1099.0,,-922.0
-96.0,-146.0,,-185.0,-195.0,1956.0,-251.0,1201.0,,-1055.0
-83.0,-208.0,,-189.0,-189.0,1902.0,-211.0,1169.0,,-1188.0
-189.0,-115.0,,-101.0,-154.0,1890.0,-213.0,1385.0,,-1310.0
-59.0,-29.0,,-103.0,-136.0,1685.0,-250.0,1335.0,,-1393.0
-89.0,-68.0,,-90.0,-75.0,1428.0,-253.0,1531.0,,-1426.0
-286.0,-191.0,,-57.0,-13.0,1474.0,-220.0,1528.0,,-1413.0
-159.0,-310.0,,-44.0,6.0,1588.0,-196.0,1528.0,,-1349.0
-219.0,-341.0,,-69.0,32.0,1732.0,-190.0,1592.0,,-1270.0
-94.0,-309.0,,-79.0,21.0,1777.0,-185.0,1398.0,,-1178.0
-200.0,-239.0,,-86.0,-30.0,1722.0,-208.0,1564.0,,-1096.0
-348.0,-124.0,,-93.0,-43.0,1830.0,-277.0,1426.0,,-1015.0
-330.0,13.0,,-54.0,-60.0,1761.0,-329.0,1450.0,,-927.0
-259.0,118.0,,-35.0,-95.0,1537.0,-370.0,1452.0,,-855.0
-132.0,158.0,,45.0,-69.0,1337.0,-419.0,1278.0,,-778.0
-381.0,137.0,,56.0,-28.0,1230.0,-434.0,1322.0,,-718.0
-329.0,84.0,,77.0,0.0,1116.0,-426.0,1106.0,,-669.0
-392.0,60.0,,214.0,29.0,814.0,-429.0,1173.0,,-621.0
-372.0,94.0,,226.0,23.0,752.0,-441.0,1071.0,,-578.0
-420.0,148.0,,186.0,28.0,802.0,-436.0,1079.0,,-523.0
-356.0,142.0,,155.0,50.0,732.0,-447.0,1210.0,,-457.0
-306.0,74.0,,179.0,33.0,816.0,-512.0,1091.0,,-368.0
-470.0,-39.0,,116.0,17.0,1037.0,-579.0,1239.0,,-286.0
-432.0,-191.0,,-34.0,37.0,1215.0,-632.0,1023.0,,-202.0
-627.0,-264.0,,-117.0,30.0,1184.0,-682.0,994.0,,-124.0
-485.0,-200.0,,-206.0,-31.0,1205.0,-713.0,1001.0,,-69.0
-558.0,-40.0,,-174.0,-123.0,1431.0,-738.0,920.0,,-14.0
-512.0,109.0,,-121.0,-229.0,1421.0,-780.0,1012.0,,3.0
-588.0,138.0,,-126.0,-287.0,1303.0,-822.0,811.0,,14.0
-661.0,109.0,,-171.0,-299.0,1290.0,-847.0,849.0,,14.0
-612.0,53.0,,-256.0,-321.0,1298.0,-857.0,678.0,,-18.0
-637.0,-84.0,,-256.0,-309.0,1223.0,-851.0,642.0,,-57.0
-410.0,-292.0,,-195.0,-237.0,1147.0,-834.0,694.0,,-127.0
-558.0,-425.0,,-129.0,-173.0,1356.0,-830.0,681.0,,-205.0
-494.0,-442.0,,-90.0,-106.0,1460.0,-847.0,1008.0,,-282.0
-486.0,-478.0,,-121.0,-46.0,1263.0,-872.0,886.0,,-361.0
-373.0,-545.0,,-219.0,-22.0,997.0,-885.0,890.0,,-430.0
-364.0,-602.0,,-255.0,-27.0,927.0,-891.0,696.0,,-486.0
-405.0,-613.0,,-208.0,-109.0,983.0,-916.0,515.0,,-526.0
-298.0,-546.0,,-197.0,-203.0,932.0,-928.0,620.0,,-553.0
-178.0,-388.0,,-252.0,-214.0,799.0,-893.0,487.0,,-568.0
-98.0,-147.0,,-249.0,-198.0,643.0,-819.0,685.0,,-568.0
-233.0,62.0,,-210.0,-167.0,651.0,-779.0,572.0,,-557.0
-196.0,138.0,,-222.0,-64.0,740.0,-758.0,587.0,,-550.0
-180.0,116.0,,-199.0,56.0,874.0,-713.0,582.0,,-542.0
-60.0,121.0,,-94.0,139.0,858.0,-683.0,497.0,,-523.0
-109.0,105.0,,-14.0,204.0,858.0,-649.0,700.0,,-506.0
-151.0,36.0,,3.0,231.0,1087.0,-615.0,545.0,,-518.0
-174.0,27.0,,29.0,227.0,1179.0,-606.0,711.0,,-553.0
-6.0,101.0,,-2.0,227.0,987.0,-621.0,696.0,,-606.0
-122.0,170.0,,-34.0,190.0,656.0,-643.0,689.0,,-678.0
-404.0,146.0,,0.0,145.0,674.0,-599.0,705.0,,-756.0
-177.0,55.0,,31.0,134.0,857.0,-498.0,415.0,,-830.0
-96.0,-82.0,,27.0,88.0,707.0,-368.0,391.0,,-887.0
-55.0,-231.0,,33.0,58.0,407.0,-278.0,66.0,,-928.0
-293.0,-347.0,,38.0,55.0,388.0,-269.0,-16.0,,-961.0
-310.0,-381.0,,31.0,-11.0,532.0,-269.0,-168.0,,-971.0
-53.0,-295.0,,11.0,-58.0,543.0,-268.0,-291.0,,-956.0
-90.0,-180.0,,-74.0,-44.0,475.0,-275.0,-77.0,,-941.0
-35.0,-61.0,,-126.0,-6.0,460.0,-283.0,-145.0,,-917.0
-222.0,92.0,,-147.0,90.0,659.0,-247.0,33.0,,-883.0
-220.0,264.0,,-149.0,184.0,732.0,-179.0,-70.0,,-855.0
69.0,390.0,,-140.0,187.0,659.0,-135.0,-36.0,,-821.0
-167.0,427.0,,-107.0,150.0,466.0,-85.0,83.0,,-803.0
-185.0,406.0,,-48.0,39.0,205.0,-56.0,0.0,,-805.0
-251.0,358.0,,-62.0,-106.0,299.0,-38.0,162.0,,-819.0
-36.0,325.0,,-48.0,-156.0,539.0,13.0,31.0,,-855.0
34.0,288.0,,-24.0,-180.0,671.0,47.0,197.0,,-895.0
-182.0,268.0,,-33.0,-183.0,607.0,58.0,151.0,,-940.0
-96.0,260.0,,-53.0,-132.0,567.0,70.0,7.0,,-975.0
-235.0,269.0,,-93.0,-113.0,692.0,118.0,46.0,,-986.0
-9.0,354.0,,-30.0,-110.0,653.0,190.0,-177.0,,-976.0
-276.0,463.0,,9.0,-107.0,207.0,244.0,-121.0,,-944.0
-30.0,523.0,,-16.0,-170.0,-115.0,285.0,-408.0,,-882.0
-58.0,438.0,,-25.0,-230.0,-8.0,311.0,-535.0,,-794.0
-22.0,187.0,,-37.0,-248.0,-93.0,342.0,-618.0,,-704.0
96.0,-141.0,,-77.0,-284.0,-270.0,377.0,-774.0,,-595.0
-246.0,-452.0,,-138.0,-260.0,-408.0,409.0,-713.0,,-500.0
222.0,-686.0,,-147.0,-175.0,-338.0,435.0,-1005.0,,-432.0
9.0,-817.0,,-214.0,-63.0,-40.0,448.0,-949.0,,-370.0
338.0,-858.0,,-229.0,109.0,38.0,501.0,-1032.0,,-337.0
68.0,-836.0,,-152.0,241.0,-62.0,601.0,-934.0,,-303.0
145.0,-721.0,,-78.0,300.0,-233.0,707.0,-604.0,,-268.0
245.0,-493.0,,-41.0,357.0,-256.0,761.0,-506.0,,-230.0
81.0,-147.0,,-76.0,334.0,-272.0,765.0,-103.0,,-163.0
502.0,277.0,,-40.0,240.0,-463.0,767.0,-60.0,,-91.0
112.0,724.0,,20.0,183.0,-727.0,779.0,73.0,,-13.0
461.0,1126.0,,11.0,114.0,-828.0,841.0,49.0,,70.0
95.0,1404.0,,-28.0,36.0,-694.0,883.0,-149.0,,151.0
364.0,1474.0,,-28.0,-18.0,-665.0,868.0,-169.0,,223.0
437.0,1343.0,,-1.0,-93.0,-846.0,839.0,-447.0,,269.0
236.0,1126.0,,22.0,-108.0,-974.0,796.0,-393.0,,277.0
486.0,788.0,,58.0,-25.0,-851.0,779.0,-489.0,,236.0
241.0,289.0,,85.0,51.0,-793.0,767.0,-391.0,,161.0
746.0,-261.0,,145.0,141.0,-1055.0,788.0,-242.0,,61.0
336.0,-717.0,,159.0,237.0,-1419.0,828.0,-321.0,,-38.0
445.0,-1079.0,,93.0,281.0,-1446.0,873.0,-121.0,,-132.0
586.0,-1343.0,,48.0,340.0,-1319.0,869.0,-249.0,,-223.0
544.0,-1380.0,,-23.0,359.0,-1490.0,793.0,-97.0,,-277.0
659.0,-1220.0,,-146.0,280.0,-1751.0,750.0,-1.0,,-291.0
336.0,-973.0,,-227.0,172.0,-1851.0,718.0,22.0,,-276.0
688.0,-620.0,,-224.0,30.0,-1949.0,687.0,107.0,,-238.0
481.0,-105.0,,-182.0,-92.0,-2117.0,652.0,-227.0,,-181.0
510.0,500.0,,-157.0,-107.0,-2128.0,606.0,-251.0,,-123.0
455.0,1143.0,,-153.0,-111.0,-2299.0,592.0,-469.0,,-75.0
348.0,1687.0,,-132.0,-122.0,-2479.0,596.0,-463.0,,-53.0
543.0,1931.0,,-114.0,-95.0,-2207.0,557.0,-376.0,,-37.0
238.0,1978.0,,-70.0,-127.0,-2061.0,489.0,-480.0,,-37.0
384.0,1934.0,,5.0,-170.0,-2226.0,465.0,-304.0,,-64.0
214.0,1679.0,,38.0,-162.0,-2255.0,497.0,-497.0,,-74.0
137.0,1096.0,,111.0,-152.0,-1972.0,523.0,-471.0,,-84.0
97.0,298.0,,190.0,-63.0,-1688.0,503.0,-593.0,,-73.0
0.0,-437.0,,194.0,53.0,-1700.0,486.0,-731.0,,-40.0
102.0,-932.0,,183.0,106.0,-1798.0,464.0,-670.0,,0.0
-161.0,-1176.0,,177.0,183.0,-1729.0,445.0,-787.0,,63.0
-71.0,-1242.0,,231.0,214.0,-1650.0,415.0,-580.0,,129.0
-206.0,-1173.0,,301.0,160.0,-1835.0,388.0,-624.0,,206.0
-140.0,-999.0,,256.0,132.0,-2118.0,388.0,-521.0,,295.0
-273.0,-585.0,,195.0,88.0,-2428.0,395.0,-485.0,,385.0
-386.0,17.0,,156.0,56.0,-2693.0,404.0,-607.0,,483.0
-174.0,471.0,,62.0,71.0,-2911.0,358.0,-543.0,,581.0
-306.0,773.0,,-16.0,-5.0,-3217.0,282.0,-761.0,,683.0
-207.0,1055.0,,-20.0,-105.0,-3336.0,202.0,-670.0,,791.0
-378.0,1378.0,,13.0,-143.0,-3352.0,160.0,-761.0,,886.0
-291.0,1716.0,,28.0,-214.0,-3198.0,158.0,-809.0,,958.0
-302.0,1964.0,,53.0,-252.0,-2790.0,186.0,-812.0,,1005.0
-364.0,2018.0,,62.0,-200.0,-2510.0,245.0,-1034.0,,1021.0
-358.0,1754.0,,87.0,-99.0,-2210.0,275.0,-892.0,,1007.0
-330.0,1235.0,,96.0,89.0,-1783.0,271.0,-994.0,,953.0
-274.0,604.0,,115.0,279.0,-1490.0,209.0,-866.0,,865.0
-325.0,41.0,,150.0,381.0,-1529.0,164.0,-814.0,,740.0
-271.0,-317.0,,100.0,447.0,-1702.0,174.0,-901.0,,590.0
-517.0,-513.0,,100.0,427.0,-1693.0,158.0,-883.0,,436.0
-274.0,-623.0,,83.0,333.0,-1752.0,99.0,-1143.0,,285.0
-266.0,-695.0,,76.0,264.0,-1985.0,26.0,-1077.0,,149.0
-274.0,-625.0,,68.0,162.0,-2074.0,-20.0,-1156.0,,30.0
-286.0,-476.0,,30.0,69.0,-1905.0,-12.0,-979.0,,-71.0
-438.0,-431.0,,60.0,20.0,-1671.0,34.0,-729.0,,-158.0
-184.0,-382.0,,55.0,-101.0,-1428.0,79.0,-740.0,,-221.0
-160.0,-122.0,,58.0,-203.0,-1300.0,146.0,-668.0,,-266.0
-80.0,313.0,,85.0,-204.0,-1513.0,215.0,-1008.0,,-295.0
-177.0,689.0,,93.0,-183.0,-1735.0,246.0,-1079.0,,-286.0
-44.0,950.0,,105.0,-69.0,-1775.0,252.0,-1226.0,,-250.0
157.0,1062.0,,152.0,101.0,-1676.0,247.0,-1291.0,,-200.0
94.0,1031.0,,190.0,214.0,-1610.0,237.0,-1169.0,,-149.0
89.0,1022.0,,214.0,307.0,-1654.0,235.0,-1287.0,,-71.0
235.0,952.0,,195.0,331.0,-1629.0,241.0,-1104.0,,17.0
352.0,736.0,,168.0,309.0,-1556.0,274.0,-1167.0,,89.0
286.0,501.0,,194.0,334.0,-1510.0,326.0,-1077.0,,179.0
314.0,344.0,,204.0,308.0,-1659.0,329.0,-1069.0,,261.0
378.0,304.0,,199.0,246.0,-1620.0,320.0,-1138.0,,333.0
602.0,328.0,,221.0,246.0,-1269.0,296.0,-1005.0,,387.0
511.0,477.0,,234.0,194.0,-1075.0,269.0,-1193.0,,412.0
353.0,759.0,,132.0,107.0,-1087.0,293.0,-986.0,,428.0
426.0,831.0,,70.0,51.0,-965.0,319.0,-946.0,,417.0
589.0,559.0,,81.0,-31.0,-623.0,352.0,-875.0,,407.0
732.0,188.0,,37.0,-35.0,-615.0,365.0,-790.0,,411.0
697.0,-218.0,,43.0,31.0,-867.0,366.0,-1012.0,,425.0
587.0,-670.0,,122.0,33.0,-849.0,391.0,-1018.0,,442.0
492.0,-1040.0,,151.0,24.0,-670.0,424.0,-1354.0,,470.0
760.0,-1280.0,,87.0,30.0,-607.0,456.0,-1485.0,,503.0
804.0,-1301.0,,110.0,45.0,-567.0,449.0,-1692.0,,523.0
697.0,-1134.0,,189.0,117.0,-628.0,430.0,-1873.0,,531.0
694.0,-882.0,,129.0,176.0,-864.0,404.0,-1808.0,,524.0
721.0,-458.0,,51.0,210.0,-1081.0,355.0,-1940.0,,508.0
716.0,-108.0,,-28.0,295.0,-1348.0,315.0,-1646.0,,467.0
628.0,-70.0,,-107.0,327.0,-1575.0,282.0,-1552.0,,414.0
748.0,-125.0,,-143.0,285.0,-1602.0,229.0,-1380.0,,346.0
807.0,-160.0,,-183.0,256.0,-1281.0,147.0,-1252.0,,267.0
780.0,-166.0,,-169.0,183.0,-692.0,74.0,-1343.0,,165.0
626.0,-126.0,,-152.0,140.0,-382.0,40.0,-1127.0,,44.0
569.0,-125.0,,-155.0,159.0,-426.0,51.0,-1143.0,,-71.0
542.0,-194.0,,-141.0,114.0,-406.0,71.0,-918.0,,-186.0
560.0,-268.0,,-140.0,75.0,-354.0,66.0,-837.0,,-286.0
608.0,-383.0,,-160.0,50.0,-554.0,50.0,-740.0,,-374.0
428.0,-507.0,,-162.0,-58.0,-923.0,33.0,-585.0,,-445.0
405.0,-481.0,,-176.0,-179.0,-1230.0,-9.0,-785.0,,-488.0
435.0,-416.0,,-211.0,-279.0,-1334.0,-93.0,-672.0,,-498.0
288.0,-427.0,,-190.0,-363.0,-1406.0,-180.0,-787.0,,-488.0
191.0,-479.0,,-166.0,-377.0,-1296.0,-237.0,-659.0,,-456.0
188.0,-540.0,,-165.0,-378.0,-910.0,-256.0,-565.0,,-418.0
18.0,-566.0,,-180.0,-361.0,-575.0,-246.0,-763.0,,-377.0
3.0,-657.0,,-204.0,-254.0,-324.0,-230.0,-711.0,,-344.0
91.0,-788.0,,-91.0,-191.0,-191.0,-241.0,-870.0,,-330.0
-26.0,-825.0,,21.0,-187.0,1.0,-296.0,-665.0,,-329.0
-248.0,-668.0,,10.0,-135.0,156.0,-366.0,-561.0,,-362.0
-142.0,-400.0,,12.0,-83.0,101.0,-414.0,-412.0,,-407.0
42.0,-172.0,,48.0,-15.0,14.0,-436.0,-245.0,,-456.0
-100.0,182.0,,54.0,55.0,-248.0,-451.0,-439.0,,-511.0
-203.0,627.0,,18.0,68.0,-646.0,-460.0,-376.0,,-542.0
-232.0,989.0,,17.0,109.0,-824.0,-479.0,-624.0,,-545.0
-40.0,1304.0,,65.0,171.0,-770.0,-510.0,-578.0,,-501.0
-81.0,1674.0,,98.0,162.0,-794.0,-509.0,-537.0,,-422.0
-91.0,2076.0,,65.0,127.0,-1052.0,-481.0,-558.0,,-333.0
-67.0,2253.0,,58.0,90.0,-1385.0,-458.0,-339.0,,-247.0
74.0,1935.0,,8.0,57.0,-1366.0,-441.0,-500.0,,-174.0
288.0,1111.0,,-72.0,106.0,-1173.0,-465.0,-419.0,,-123.0
19.0,62.0,,-83.0,149.0,-1196.0,-530.0,-644.0,,-88.0
123.0,-935.0,,-126.0,175.0,-1193.0,-577.0,-703.0,,-54.0
186.0,-1721.0,,-136.0,267.0,-1070.0,-581.0,-569.0,,-33.0
365.0,-2244.0,,-159.0,329.0,-890.0,-545.0,-604.0,,-14.0
292.0,-2477.0,,-186.0,357.0,-646.0,-486.0,-371.0,,11.0
138.0,-2501.0,,-136.0,380.0,-519.0,-422.0,-519.0,,30.0
407.0,-2451.0,,-88.0,313.0,-500.0,-377.0,-423.0,,31.0
380.0,-2237.0,,-124.0,221.0,-425.0,-349.0,-419.0,,14.0
530.0,-1714.0,,-155.0,153.0,-313.0,-327.0,-436.0,,8.0
407.0,-1001.0,,-117.0,38.0,-231.0,-325.0,-269.0,,4.0
377.0,-452.0,,-117.0,-43.0,-404.0,-329.0,-328.0,,2.0
355.0,-172.0,,-93.0,-91.0,-703.0,-333.0,-107.0,,11.0
464.0,14.0,,-36.0,-183.0,-823.0,-339.0,-260.0,,37.0
670.0,286.0,,24.0,-244.0,-874.0,-361.0,-264.0,,67.0
414.0,649.0,,65.0,-306.0,-986.0,-392.0,-282.0,,86.0
501.0,854.0,,79.0,-360.0,-1124.0,-434.0,-417.0,,114.0
489.0,890.0,,76.0,-309.0,-961.0,-450.0,-269.0,,132.0
535.0,834.0,,79.0,-270.0,-625.0,-378.0,-450.0,,147.0
421.0,571.0,,124.0,-246.0,-567.0,-274.0,-277.0,,165.0
461.0,123.0,,128.0,-139.0,-567.0,-172.0,-232.0,,163.0
694.0,-412.0,,192.0,-62.0,-491.0,-128.0,-158.0,,157.0
573.0,-861.0,,265.0,11.0,-356.0,-170.0,-7.0,,136.0
523.0,-1069.0,,301.0,103.0,-279.0,-219.0,-94.0,,91.0
388.0,-1027.0,,354.0,93.0,-442.0,-236.0,147.0,,29.0
740.0,-671.0,,328.0,63.0,-594.0,-233.0,105.0,,-52.0
852.0,-28.0,,266.0,1.0,-738.0,-252.0,277.0,,-132.0
704.0,592.0,,257.0,-152.0,-762.0,-266.0,312.0,,-195.0
665.0,929.0,,222.0,-246.0,-711.0,-236.0,195.0,,-245.0
536.0,954.0,,139.0,-230.0,-842.0,-191.0,238.0,,-277.0
715.0,682.0,,222.0,-178.0,-936.0,-171.0,-105.0,,-290.0
855.0,211.0,,257.0,-111.0,-801.0,-170.0,-184.0,,-306.0
891.0,-453.0,,155.0,-132.0,-521.0,-141.0,-478.0,,-311.0
777.0,-1251.0,,73.0,-213.0,-449.0,-88.0,-589.0,,-307.0
664.0,-1817.0,,47.0,-213.0,-638.0,-39.0,-522.0,,-314.0
707.0,-2007.0,,31.0,-189.0,-839.0,-28.0,-519.0,,-328.0
906.0,-1876.0,,-29.0,-120.0,-749.0,-28.0,-195.0,,-338.0
813.0,-1423.0,,-24.0,24.0,-751.0,-28.0,-225.0,,-357.0
635.0,-740.0,,-47.0,123.0,-1238.0,-18.0,-90.0,,-387.0
649.0,-4.0,,-57.0,189.0,-1625.0,39.0,-121.0,,-422.0
730.0,718.0,,-43.0,192.0,-1545.0,114.0,-127.0,,-446.0
672.0,1321.0,,-69.0,87.0,-1193.0,169.0,18.0,,-473.0
519.0,1489.0,,-114.0,39.0,-1101.0,192.0,-33.0,,-510.0
630.0,1310.0,,-124.0,70.0,-1233.0,200.0,230.0,,-536.0
649.0,1020.0,,-65.0,74.0,-1195.0,197.0,203.0,,-562.0
614.0,587.0,,-41.0,101.0,-957.0,180.0,325.0,,-581.0
315.0,124.0,,-23.0,103.0,-699.0,211.0,253.0,,-577.0
459.0,-214.0,,15.0,52.0,-751.0,250.0,-51.0,,-559.0
560.0,-423.0,,52.0,2.0,-1020.0,230.0,-131.0,,-542.0
501.0,-577.0,,84.0,-107.0,-1131.0,183.0,-489.0,,-523.0
469.0,-723.0,,91.0,-182.0,-1211.0,105.0,-504.0,,-521.0
233.0,-793.0,,78.0,-136.0,-1462.0,20.0,-674.0,,-551.0
449.0,-614.0,,76.0,-116.0,-1574.0,-28.0,-716.0,,-616.0
317.0,-272.0,,38.0,-106.0,-1465.0,-35.0,-613.0,,-725.0
495.0,63.0,,13.0,-34.0,-1265.0,-31.0,-678.0,,-852.0
304.0,414.0,,37.0,4.0,-1239.0,-20.0,-386.0,,-972.0
207.0,605.0,,27.0,23.0,-1337.0,-30.0,-415.0,,-1062.0
373.0,600.0,,60.0,-7.0,-1187.0,-81.0,-230.0,,-1117.0
248.0,447.0,,68.0,-118.0,-984.0,-140.0,-136.0,,-1126.0
516.0,88.0,,36.0,-138.0,-863.0,-223.0,-114.0,,-1099.0
140.0,-442.0,,41.0,-105.0,-853.0,-260.0,121.0,,-1049.0
261.0,-1075.0,,43.0,-79.0,-908.0,-224.0,-11.0,,-988.0
422.0,-1650.0,,62.0,28.0,-970.0,-191.0,97.0,,-929.0
339.0,-1962.0,,131.0,122.0,-1126.0,-216.0,-77.0,,-866.0
230.0,-1839.0,,219.0,173.0,-1182.0,-306.0,-112.0,,-842.0
91.0,-1364.0,,246.0,233.0,-1214.0,-383.0,-53.0,,-842.0
355.0,-704.0,,265.0,226.0,-1412.0,-425.0,-147.0,,-831.0
210.0,14.0,,280.0,186.0,-1398.0,-434.0,88.0,,-828.0
130.0,589.0,,263.0,157.0,-1051.0,-420.0,-55.0,,-825.0
172.0,881.0,,280.0,75.0,-728.0,-425.0,60.0,,-813.0
250.0,831.0,,243.0,-1.0,-577.0,-428.0,59.0,,-793.0
170.0,601.0,,240.0,-44.0,-394.0,-420.0,12.0,,-764.0
97.0,360.0,,311.0,-78.0,-68.0,-413.0,210.0,,-732.0
123.0,148.0,,290.0,-12.0,0.0,-429.0,216.0,,-691.0
256.0,-30.0,,240.0,79.0,-229.0,-457.0,574.0,,-645.0
278.0,-207.0,,266.0,114.0,-481.0,-464.0,532.0,,-582.0
127.0,-385.0,,348.0,161.0,-550.0,-485.0,489.0,,-505.0
162.0,-479.0,,386.0,170.0,-380.0,-520.0,413.0,,-425.0
156.0,-382.0,,352.0,183.0,-212.0,-575.0,216.0,,-322.0
216.0,-178.0,,311.0,248.0,-87.0,-629.0,328.0,,-224.0
165.0,7.0,,280.0,238.0,-73.0,-623.0,173.0,,-107.0
391.0,133.0,,292.0,205.0,-39.0,-592.0,291.0,,11.0
251.0,196.0,,262.0,204.0,100.0,-525.0,208.0,,122.0
13.0,131.0,,202.0,176.0,163.0,-464.0,164.0,,236.0
191.0,-54.0,,214.0,183.0,126.0,-451.0,190.0,,324.0
312.0,-205.0,,183.0,164.0,113.0,-430.0,20.0,,399.0
450.0,-219.0,,148.0,27.0,297.0,-408.0,216.0,,440.0
198.0,-101.0,,179.0,-99.0,426.0,-400.0,149.0,,438.0
210.0,160.0,,193.0,-191.0,294.0,-394.0,303.0,,382.0
269.0,597.0,,217.0,-230.0,53.0,-395.0,312.0,,287.0
355.0,1026.0,,236.0,-129.0,34.0,-433.0,236.0,,181.0
480.0,1260.0,,278.0,-43.0,248.0,-483.0,378.0,,82.0
411.0,1224.0,,265.0,-70.0,210.0,-502.0,194.0,,20.0
401.0,906.0,,159.0,-107.0,115.0,-494.0,290.0,,1.0
341.0,426.0,,53.0,-156.0,317.0,-426.0,149.0,,30.0
400.0,-52.0,,10.0,-165.0,489.0,-337.0,112.0,,76.0
493.0,-407.0,,21.0,-115.0,444.0,-276.0,195.0,,152.0
604.0,-694.0,,-6.0,-107.0,374.0,-243.0,166.0,,257.0
484.0,-929.0,,-7.0,-56.0,442.0,-247.0,452.0,,363.0
481.0,-1047.0,,-77.0,18.0,581.0,-264.0,386.0,,460.0
460.0,-1022.0,,-130.0,-11.0,586.0,-290.0,502.0,,531.0
488.0,-1000.0,,-84.0,-52.0,497.0,-291.0,539.0,,569.0
567.0,-937.0,,-76.0,-76.0,406.0,-247.0,618.0,,566.0
551.0,-641.0,,-84.0,-101.0,194.0,-205.0,894.0,,533.0
476.0,-235.0,,-86.0,-59.0,23.0,-165.0,818.0,,458.0
241.0,243.0,,-13.0,2.0,50.0,-113.0,1018.0,,351.0
408.0,807.0,,-2.0,82.0,98.0,-73.0,1031.0,,200.0
396.0,1413.0,,-42.0,210.0,-10.0,-63.0,1156.0,,33.0
364.0,1863.0,,3.0,248.0,-22.0,-73.0,1228.0,,-122.0
234.0,1949.0,,72.0,176.0,285.0,-82.0,1101.0,,-269.0
137.0,1647.0,,134.0,71.0,361.0,-91.0,1173.0,,-363.0
239.0,1089.0,,199.0,-97.0,120.0,-96.0,1008.0,,-410.0
85.0,539.0,,253.0,-233.0,95.0,-65.0,1134.0,,-404.0
-53.0,14.0,,277.0,-287.0,297.0,-9.0,1067.0,,-350.0
-74.0,-495.0,,321.0,-314.0,308.0,31.0,1099.0,,-263.0
-102.0,-950.0,,318.0,-250.0,12.0,63.0,1250.0,,-138.0
-375.0,-1287.0,,283.0,-140.0,-134.0,88.0,1134.0,,12.0
-315.0,-1452.0,,307.0,-81.0,77.0,83.0,1252.0,,160.0
-458.0,-1476.0,,315.0,-13.0,190.0,97.0,938.0,,295.0
-514.0,-1331.0,,300.0,30.0,62.0,140.0,837.0,,402.0
-548.0,-1070.0,,257.0,2.0,82.0,182.0,840.0,,492.0
-555.0,-726.0,,254.0,-13.0,233.0,224.0,772.0,,594.0
-276.0,-337.0,,360.0,-68.0,320.0,244.0,931.0,,689.0
-499.0,29.0,,459.0,-123.0,444.0,253.0,833.0,,797.0
-310.0,314.0,,466.0,-115.0,592.0,268.0,982.0,,906.0
-299.0,485.0,,475.0,-182.0,643.0,266.0,886.0,,994.0
-203.0,541.0,,507.0,-267.0,726.0,279.0,859.0,,1053.0
-109.0,510.0,,484.0,-302.0,857.0,311.0,883.0,,1039.0
-174.0,468.0,,484.0,-358.0,1032.0,351.0,681.0,,967.0
60.0,359.0,,480.0,-349.0,1043.0,409.0,859.0,,842.0
-77.0,198.0,,448.0,-271.0,930.0,463.0,785.0,,693.0
-89.0,19.0,,397.0,-196.0,1085.0,497.0,973.0,,565.0
-170.0,-24.0,,276.0,-57.0,1170.0,491.0,1095.0,,453.0
117.0,162.0,,163.0,56.0,1032.0,484.0,1042.0,,364.0
214.0,353.0,,114.0,77.0,849.0,512.0,1079.0,,309.0
-3.0,519.0,,57.0,84.0,844.0,571.0,750.0,,289.0
-41.0,649.0,,-70.0,6.0,958.0,626.0,707.0,,283.0
-2.0,756.0,,-163.0,-122.0,835.0,638.0,482.0,,300.0
218.0,734.0,,-103.0,-192.0,828.0,628.0,415.0,,359.0
13.0,514.0,,34.0,-270.0,1058.0,609.0,476.0,,447.0
50.0,328.0,,100.0,-304.0,1148.0,634.0,423.0,,558.0
16.0,166.0,,164.0,-225.0,1137.0,688.0,617.0,,681.0
39.0,65.0,,248.0,-142.0,1210.0,735.0,460.0,,786.0
-31.0,-55.0,,311.0,-55.0,1379.0,730.0,569.0,,869.0
-203.0,-305.0,,355.0,15.0,1504.0,643.0,626.0,,899.0
-68.0,-592.0,,401.0,10.0,1747.0,576.0,652.0,,853.0
-67.0,-819.0,,467.0,10.0,2178.0,574.0,764.0,,791.0
69.0,-821.0,,450.0,-22.0,2305.0,612.0,617.0,,740.0
-114.0,-672.0,,384.0,-84.0,2266.0,643.0,796.0,,695.0
-137.0,-434.0,,289.0,-10.0,2297.0,646.0,776.0,,678.0
-155.0,-171.0,,197.0,126.0,2373.0,630.0,909.0,,662.0
-67.0,33.0,,114.0,212.0,2536.0,594.0,979.0,,619.0
-45.0,162.0,,63.0,264.0,2618.0,542.0,946.0,,550.0
-252.0,224.0,,27.0,226.0,2864.0,516.0,1165.0,,449.0
-307.0,230.0,,-95.0,135.0,3164.0,521.0,1058.0,,326.0
-450.0,75.0,,-125.0,56.0,3332.0,488.0,1173.0,,202.0
-460.0,-126.0,,-66.0,-31.0,3508.0,396.0,1034.0,,77.0
-644.0,-257.0,,-71.0,-21.0,3578.0,297.0,957.0,,-30.0
-520.0,-277.0,,-109.0,84.0,3677.0,291.0,1018.0,,-141.0
-683.0,-199.0,,-115.0,174.0,3764.0,350.0,879.0,,-250.0
-761.0,-18.0,,-67.0,296.0,3651.0,381.0,1075.0,,-314.0
-842.0,296.0,,-69.0,393.0,3538.0,390.0,964.0,,-330.0
-1000.0,535.0,,-89.0,393.0,3589.0,333.0,1056.0,,-286.0
-782.0,614.0,,-79.0,379.0,3715.0,232.0,1056.0,,-202.0
-951.0,612.0,,-93.0,301.0,3666.0,152.0,970.0,,-101.0
-995.0,583.0,,-73.0,177.0,3321.0,74.0,1106.0,,5.0
-1192.0,541.0,,-23.0,131.0,3012.0,35.0,942.0,,86.0
-992.0,517.0,,-4.0,76.0,2967.0,28.0,1104.0,,148.0
-957.0,501.0,,-43.0,-7.0,3050.0,4.0,1066.0,,185.0
-983.0,456.0,,-27.0,-49.0,3128.0,10.0,1119.0,,204.0
-1001.0,406.0,,16.0,-97.0,3049.0,24.0,1123.0,,219.0
-1232.0,359.0,,-12.0,-106.0,3008.0,9.0,842.0,,207.0
-1042.0,262.0,,-6.0,-76.0,3115.0,-10.0,862.0,,183.0
-1101.0,80.0,,12.0,-91.0,3182.0,-51.0,678.0,,146.0
-954.0,-58.0,,12.0,-61.0,3023.0,-95.0,848.0,,88.0
-1092.0,-171.0,,22.0,-10.0,2712.0,-118.0,914.0,,44.0
-1097.0,-350.0,,71.0,-25.0,2706.0,-123.0,966.0,,26.0
-1191.0,-533.0,,118.0,-31.0,2625.0,-136.0,1151.0,,45.0
-1064.0,-612.0,,103.0,-49.0,2171.0,-151.0,947.0,,106.0
-889.0,-612.0,,79.0,-76.0,1820.0,-147.0,951.0,,182.0
-1035.0,-571.0,,103.0,-26.0,1631.0,-123.0,685.0,,261.0
-799.0,-395.0,,166.0,17.0,1552.0,-63.0,683.0,,314.0
-966.0,-195.0,,155.0,52.0,1423.0,-22.0,801.0,,317.0
-711.0,-49.0,,109.0,127.0,1331.0,-9.0,811.0,,282.0
-800.0,18.0,,92.0,125.0,1387.0,2.0,1056.0,,243.0
-614.0,1.0,,31.0,79.0,1286.0,29.0,990.0,,226.0
-512.0,-86.0,,-14.0,66.0,1227.0,56.0,1165.0,,235.0
-630.0,-168.0,,-23.0,-6.0,1164.0,43.0,1084.0,,259.0
-371.0,-48.0,,7.0,-87.0,949.0,18.0,1029.0,,292.0
-528.0,131.0,,51.0,-149.0,824.0,-28.0,1077.0,,326.0
-232.0,246.0,,60.0,-233.0,866.0,-57.0,896.0,,336.0
-479.0,346.0,,72.0,-242.0,1075.0,-59.0,1097.0,,329.0
-366.0,421.0,,60.0,-184.0,1118.0,-45.0,1031.0,,323.0
-356.0,368.0,,46.0,-80.0,987.0,6.0,1121.0,,318.0
-340.0,154.0,,-15.0,124.0,984.0,36.0,1128.0,,307.0
-229.0,-31.0,,-52.0,311.0,1119.0,40.0,1091.0,,291.0
-443.0,-143.0,,-13.0,432.0,1132.0,34.0,1269.0,,268.0
-177.0,-223.0,,-30.0,529.0,851.0,28.0,1184.0,,236.0
-452.0,-294.0,,-3.0,509.0,720.0,27.0,1363.0,,190.0
-210.0,-335.0,,23.0,439.0,937.0,41.0,1245.0,,135.0
-274.0,-334.0,,11.0,396.0,1048.0,70.0,1217.0,,72.0
-231.0,-393.0,,45.0,293.0,740.0,59.0,1210.0,,-7.0
-268.0,-596.0,,84.0,202.0,367.0,69.0,1012.0,,-103.0
-518.0,-821.0,,145.0,143.0,219.0,86.0,1034.0,,-198.0
-176.0,-982.0,,186.0,40.0,191.0,69.0,698.0,,-289.0
-275.0,-1107.0,,184.0,-23.0,106.0,38.0,654.0,,-388.0
-104.0,-1057.0,,193.0,-63.0,-66.0,3.0,624.0,,-477.0
-287.0,-819.0,,200.0,-130.0,-177.0,0.0,698.0,,-540.0
-209.0,-464.0,,191.0,-132.0,-166.0,15.0,929.0,,-572.0
-185.0,-98.0,,190.0,-108.0,85.0,63.0,820.0,,-582.0
-206.0,112.0,,211.0,-101.0,175.0,77.0,921.0,,-570.0
-106.0,176.0,,270.0,-57.0,-60.0,47.0,735.0,,-532.0
-292.0,176.0,,315.0,-47.0,-109.0,44.0,748.0,,-484.0
-237.0,65.0,,350.0,-54.0,-2.0,62.0,759.0,,-445.0
-436.0,-104.0,,342.0,-28.0,-164.0,96.0,685.0,,-419.0
-160.0,-171.0,,313.0,-65.0,-757.0,93.0,890.0,,-382.0
-96.0,-103.0,,249.0,-125.0,-1066.0,50.0,718.0,,-325.0
-157.0,71.0,,148.0,-156.0,-928.0,31.0,811.0,,-244.0
-282.0,183.0,,113.0,-204.0,-1013.0,45.0,672.0,,-130.0
-318.0,266.0,,36.0,-192.0,-1404.0,84.0,565.0,,-1.0
-76.0,292.0,,13.0,-140.0,-1590.0,151.0,572.0,,98.0
-177.0,220.0,,-58.0,-91.0,-1369.0,205.0,301.0,,146.0
24.0,142.0,,-190.0,13.0,-1274.0,248.0,323.0,,130.0
56.0,47.0,,-303.0,83.0,-1256.0,293.0,9.0,,48.0
-1.0,-35.0,,-397.0,84.0,-1153.0,319.0,-101.0,,-74.0
27.0,-189.0,,-418.0,99.0,-1065.0,317.0,-234.0,,-217.0
224.0,-299.0,,-449.0,83.0,-997.0,277.0,-327.0,,-360.0
364.0,-325.0,,-423.0,29.0,-882.0,225.0,-77.0,,-473.0
197.0,-317.0,,-422.0,-18.0,-742.0,147.0,-112.0,,-588.0
228.0,-224.0,,-415.0,-119.0,-776.0,55.0,96.0,,-698.0
274.0,-65.0,,-420.0,-199.0,-814.0,49.0,-11.0,,-771.0
187.0,140.0,,-430.0,-225.0,-772.0,119.0,-68.0,,-824.0
181.0,293.0,,-423.0,-290.0,-702.0,163.0,-40.0,,-841.0
115.0,480.0,,-387.0,-318.0,-728.0,153.0,-123.0,,-823.0
188.0,700.0,,-317.0,-288.0,-633.0,165.0,123.0,,-786.0
145.0,861.0,,-278.0,-266.0,-263.0,206.0,84.0,,-733.0
-18.0,952.0,,-287.0,-216.0,105.0,215.0,234.0,,-673.0
106.0,918.0,,-343.0,-176.0,273.0,201.0,192.0,,-607.0
-26.0,805.0,,-354.0,-168.0,294.0,168.0,145.0,,-535.0
84.0,644.0,,-321.0,-108.0,532.0,134.0,271.0,,-482.0
65.0,434.0,,-231.0,-30.0,730.0,110.0,120.0,,-439.0
72.0,211.0,,-204.0,14.0,409.0,98.0,229.0,,-410.0
116.0,-6.0,,-165.0,58.0,-41.0,105.0,60.0,,-437.0
52.0,-164.0,,-117.0,49.0,-15.0,111.0,169.0,,-492.0
144.0,-240.0,,-118.0,42.0,66.0,95.0,315.0,,-569.0
-13.0,-315.0,,-69.0,127.0,-122.0,68.0,264.0,,-664.0
134.0,-380.0,,-96.0,221.0,-332.0,59.0,388.0,,-742.0
-1.0,-407.0,,-154.0,301.0,-366.0,49.0,164.0,,-796.0
36.0,-470.0,,-235.0,364.0,-174.0,31.0,269.0,,-810.0
-9.0,-527.0,,-328.0,349.0,-98.0,20.0,251.0,,-801.0
-60.0,-511.0,,-332.0,305.0,92.0,1.0,271.0,,-780.0
-32.0,-430.0,,-283.0,250.0,336.0,-2.0,360.0,,-775.0
-236.0,-289.0,,-235.0,163.0,306.0,21.0,236.0,,-787.0
-143.0,-111.0,,-265.0,127.0,313.0,32.0,327.0,,-793.0
-350.0,137.0,,-266.0,127.0,219.0,19.0,14.0,,-834.0
-276.0,433.0,,-235.0,129.0,-49.0,27.0,-99.0,,-920.0
-344.0,627.0,,-248.0,180.0,-230.0,44.0,-254.0,,-1052.0
-333.0,655.0,,-236.0,212.0,-129.0,45.0,-389.0,,-1224.0
-435.0,467.0,,-273.0,168.0,177.0,67.0,-245.0,,-1407.0
-532.0,52.0,,-313.0,106.0,119.0,59.0,-458.0,,-1586.0
-298.0,-475.0,,-356.0,21.0,-171.0,14.0,-351.0,,-1735.0
-374.0,-950.0,,-428.0,-60.0,-146.0,-26.0,-426.0,,-1844.0
-213.0,-1201.0,,-496.0,-87.0,184.0,-90.0,-452.0,,-1887.0
-244.0,-1220.0,,-550.0,-115.0,328.0,-118.0,-380.0,,-1863.0
-225.0,-1069.0,,-607.0,-120.0,130.0,-82.0,-502.0,,-1790.0
-276.0,-790.0,,-697.0,-51.0,114.0,-7.0,-312.0,,-1683.0
-270.0,-389.0,,-783.0,6.0,139.0,54.0,-426.0,,-1562.0
-219.0,44.0,,-795.0,47.0,70.0,63.0,-328.0,,-1422.0
-326.0,342.0,,-728.0,68.0,-31.0,43.0,-391.0,,-1291.0
-358.0,509.0,,-718.0,24.0,-106.0,-4.0,-533.0,,-1178.0
-486.0,574.0,,-731.0,-3.0,-43.0,-53.0,-473.0,,-1092.0
-546.0,508.0,,-703.0,18.0,-26.0,-63.0,-691.0,,-1033.0
-600.0,288.0,,-695.0,43.0,141.0,-44.0,-473.0,,-981.0
-645.0,4.0,,-668.0,77.0,282.0,-21.0,-467.0,,-900.0
-801.0,-207.0,,-569.0,78.0,315.0,-46.0,-388.0,,-787.0
-665.0,-383.0,,-543.0,34.0,381.0,-115.0,-323.0,,-657.0
-618.0,-487.0,,-575.0,26.0,491.0,-188.0,-400.0,,-510.0
-733.0,-470.0,,-567.0,21.0,587.0,-247.0,-134.0,,-372.0
-822.0,-333.0,,-496.0,-37.0,541.0,-237.0,-147.0,,-232.0
-773.0,-103.0,,-432.0,-82.0,596.0,-204.0,103.0,,-98.0
-745.0,126.0,,-411.0,-125.0,630.0,-171.0,214.0,,17.0
-903.0,279.0,,-360.0,-163.0,653.0,-137.0,315.0,,96.0
-791.0,334.0,,-321.0,-152.0,586.0,-151.0,450.0,,108.0
-838.0,256.0,,-226.0,-197.0,313.0,-144.0,297.0,,62.0
-802.0,43.0,,-164.0,-303.0,60.0,-120.0,434.0,,-27.0
-973.0,-115.0,,-162.0,-385.0,-113.0,-91.0,256.0,,-148.0
-883.0,-194.0,,-182.0,-465.0,-218.0,-70.0,238.0,,-244.0
-680.0,-245.0,,-259.0,-472.0,-319.0,-88.0,138.0,,-291.0
-686.0,-210.0,,-270.0,-353.0,-450.0,-119.0,-44.0,,-300.0
-560.0,-147.0,,-180.0,-224.0,-458.0,-149.0,68.0,,-277.0
-782.0,-62.0,,-72.0,-117.0,-306.0,-140.0,-131.0,,-244.0
-660.0,38.0,,31.0,-11.0,-246.0,-103.0,-44.0,,-226.0
-646.0,106.0,,109.0,43.0,-73.0,-59.0,-173.0,,-239.0
-543.0,145.0,,140.0,74.0,44.0,-45.0,-247.0,,-266.0
-506.0,193.0,,196.0,108.0,-9.0,-60.0,-177.0,,-286.0
-612.0,190.0,,212.0,108.0,-221.0,-82.0,-319.0,,-273.0
-441.0,122.0,,148.0,129.0,-539.0,-93.0,-236.0,,-240.0
-455.0,96.0,,114.0,165.0,-532.0,-99.0,-441.0,,-224.0
-211.0,94.0,,72.0,125.0,-294.0,-98.0,-408.0,,-218.0
-140.0,36.0,,-22.0,64.0,-131.0,-60.0,-460.0,,-230.0
-67.0,-63.0,,-82.0,9.0,-257.0,-36.0,-447.0,,-234.0
-78.0,-123.0,,-119.0,-50.0,-158.0,-20.0,-256.0,,-215.0
-142.0,-85.0,,-153.0,-34.0,4.0,0.0,-375.0,,-151.0
-47.0,-27.0,,-197.0,3.0,-41.0,46.0,-177.0,,-33.0
-4.0,-17.0,,-252.0,-19.0,-151.0,99.0,-310.0,,119.0
123.0,-4.0,,-262.0,-74.0,-239.0,115.0,-345.0,,282.0
52.0,2.0,,-228.0,-129.0,-63.0,67.0,-376.0,,399.0
24.0,5.0,,-177.0,-147.0,-163.0,-37.0,-591.0,,455.0
21.0,2.0,,-191.0,-110.0,-306.0,-106.0,-561.0,,413.0
144.0,-62.0,,-235.0,-87.0,-288.0,-117.0,-748.0,,318.0
137.0,-109.0,,-303.0,-83.0,-465.0,-72.0,-637.0,,241.0
51.0,-133.0,,-370.0,-11.0,-737.0,-14.0,-726.0,,186.0
93.0,-155.0,,-387.0,74.0,-859.0,30.0,-761.0,,183.0
161.0,-71.0,,-416.0,157.0,-811.0,42.0,-659.0,,221.0
113.0,81.0,,-371.0,263.0,-821.0,28.0,-768.0,,269.0
20.0,295.0,,-281.0,300.0,-882.0,14.0,-602.0,,299.0
177.0,557.0,,-262.0,266.0,-876.0,-15.0,-783.0,,296.0
44.0,745.0,,-269.0,209.0,-630.0,-62.0,-716.0,,254.0
-48.0,882.0,,-248.0,108.0,-681.0,-102.0,-617.0,,191.0
-72.0,926.0,,-210.0,3.0,-1089.0,-76.0,-611.0,,139.0
16.0,772.0,,-155.0,-75.0,-1044.0,-12.0,-473.0,,101.0
47.0,505.0,,-138.0,-154.0,-805.0,26.0,-689.0,,74.0
-34.0,224.0,,-152.0,-196.0,-778.0,14.0,-626.0,,32.0
28.0,-119.0,,-120.0,-196.0,-891.0,-4.0,-746.0,,-6.0
45.0,-437.0,,-116.0,-221.0,-926.0,23.0,-676.0,,-42.0
175.0,-661.0,,-70.0,-219.0,-787.0,76.0,-502.0,,-66.0
110.0,-812.0,,-22.0,-165.0,-775.0,120.0,-485.0,,-40.0
151.0,-819.0,,-26.0,-122.0,-900.0,121.0,-245.0,,18.0
105.0,-694.0,,13.0,-58.0,-1022.0,85.0,-391.0,,100.0
162.0,-447.0,,30.0,-7.0,-984.0,24.0,-310.0,,191.0
143.0,-214.0,,22.0,-16.0,-859.0,-20.0,-386.0,,250.0
39.0,-5.0,,22.0,-12.0,-910.0,-14.0,-434.0,,264.0
103.0,193.0,,13.0,-10.0,-919.0,23.0,-334.0,,239.0
30.0,312.0,,-25.0,-4.0,-764.0,106.0,-467.0,,190.0
203.0,354.0,,-116.0,64.0,-607.0,172.0,-243.0,,132.0
83.0,233.0,,-166.0,130.0,-699.0,188.0,-282.0,,54.0
166.0,-38.0,,-140.0,131.0,-1045.0,205.0,-219.0,,-26.0
157.0,-396.0,,-182.0,121.0,-1299.0,215.0,-306.0,,-122.0
84.0,-678.0,,-214.0,97.0,-1300.0,238.0,-541.0,,-246.0
49.0,-790.0,,-214.0,48.0,-1283.0,289.0,-543.0,,-368.0
-77.0,-686.0,,-256.0,54.0,-1398.0,342.0,-800.0,,-468.0
125.0,-468.0,,-207.0,62.0,-1301.0,380.0,-683.0,,-531.0
29.0,-213.0,,-127.0,48.0,-1116.0,413.0,-720.0,,-565.0
-16.0,124.0,,-41.0,66.0,-997.0,448.0,-755.0,,-581.0
-172.0,355.0,,8.0,64.0,-812.0,493.0,-752.0,,-590.0
-105.0,470.0,,-2.0,73.0,-735.0,560.0,-1034.0,,-594.0
-54.0,485.0,,-8.0,104.0,-774.0,603.0,-999.0,,-594.0
-90.0,458.0,,3.0,89.0,-962.0,604.0,-1079.0,,-583.0
-160.0,431.0,,38.0,72.0,-1160.0,587.0,-881.0,,-546.0
-258.0,374.0,,21.0,106.0,-1267.0,580.0,-761.0,,-499.0
-221.0,347.0,,58.0,86.0,-1443.0,576.0,-820.0,,-462.0
-266.0,353.0,,125.0,20.0,-1530.0,565.0,-798.0,,-421.0
-156.0,363.0,,124.0,-44.0,-1362.0,564.0,-1079.0,,-400.0
-267.0,307.0,,97.0,-158.0,-1110.0,564.0,-1103.0,,-397.0
-161.0,224.0,,55.0,-238.0,-1030.0,562.0,-1345.0,,-392.0
-344.0,114.0,,48.0,-272.0,-1045.0,575.0,-1385.0,,-386.0
-334.0,30.0,,21.0,-299.0,-851.0,613.0,-1254.0,,-343.0
-331.0,-53.0,,3.0,-277.0,-536.0,620.0,-1297.0,,-278.0
-305.0,-184.0,,21.0,-231.0,-603.0,601.0,-1045.0,,-214.0
-237.0,-315.0,,61.0,-203.0,-920.0,575.0,-1073.0,,-169.0
-392.0,-473.0,,131.0,-165.0,-995.0,582.0,-905.0,,-164.0
-169.0,-608.0,,159.0,-116.0,-934.0,606.0,-859.0,,-213.0
-338.0,-680.0,,217.0,-91.0,-1061.0,584.0,-890.0,,-285.0
-98.0,-605.0,,287.0,-22.0,-1374.0,554.0,-777.0,,-337.0
-165.0,-396.0,,308.0,34.0,-1512.0,515.0,-894.0,,-376.0
-41.0,-102.0,,313.0,43.0,-1417.0,506.0,-679.0,,-349.0
-34.0,204.0,,270.0,92.0,-1268.0,544.0,-722.0,,-224.0
-131.0,428.0,,208.0,117.0,-1143.0,581.0,-639.0,,-17.0
168.0,577.0,,162.0,112.0,-1111.0,587.0,-521.0,,273.0
58.0,605.0,,162.0,125.0,-1161.0,572.0,-572.0,,598.0
249.0,565.0,,196.0,87.0,-1123.0,546.0,-393.0,,914.0
115.0,474.0,,171.0,2.0,-1056.0,497.0,-497.0,,1207.0
307.0,370.0,,136.0,-35.0,-1027.0,466.0,-373.0,,1409.0
339.0,312.0,,157.0,-49.0,-1012.0,450.0,-522.0,,1491.0
392.0,321.0,,171.0,-62.0,-1117.0,437.0,-702.0,,1454.0
437.0,380.0,,161.0,-21.0,-1017.0,453.0,-731.0,,1295.0
504.0,377.0,,179.0,-6.0,-859.0,497.0,-1034.0,,1053.0
811.0,348.0,,217.0,-19.0,-833.0,550.0,-975.0,,778.0
706.0,226.0,,236.0,-18.0,-842.0,587.0,-1134.0,,535.0
877.0,52.0,,273.0,-59.0,-876.0,584.0,-1097.0,,347.0
915.0,-126.0,,281.0,-83.0,-668.0,548.0,-1053.0,,223.0
1080.0,-332.0,,249.0,-77.0,-617.0,527.0,-1116.0,,143.0
1060.0,-468.0,,272.0,-110.0,-850.0,513.0,-1025.0,,92.0
1051.0,-531.0,,292.0,-153.0,-1121.0,563.0,-1356.0,,86.0
1062.0,-494.0,,256.0,-187.0,-1290.0,653.0,-1332.0,,102.0
904.0,-489.0,,202.0,-234.0,-1222.0,693.0,-1407.0,,144.0
932.0,-471.0,,87.0,-269.0,-1335.0,698.0,-1348.0,,217.0
877.0,-418.0,,-72.0,-307.0,-1523.0,676.0,-1193.0,,296.0
860.0,-431.0,,-169.0,-385.0,-1441.0,663.0,-1302.0,,374.0
831.0,-419.0,,-141.0,-404.0,-1253.0,662.0,-1069.0,,436.0
767.0,-372.0,,-40.0,-368.0,-1214.0,671.0,-1156.0,,445.0
770.0,-231.0,,27.0,-355.0,-1374.0,693.0,-1069.0,,401.0
743.0,-12.0,,64.0,-297.0,-1356.0,690.0,-1125.0,,313.0
694.0,208.0,,125.0,-252.0,-1200.0,647.0,-1267.0,,204.0
690.0,356.0,,219.0,-225.0,-1207.0,582.0,-1287.0,,110.0
593.0,429.0,,214.0,-134.0,-1345.0,554.0,-1616.0,,30.0
527.0,467.0,,137.0,-58.0,-1467.0,545.0,-1540.0,,-18.0
300.0,414.0,,176.0,6.0,-1381.0,564.0,-1644.0,,-25.0
438.0,330.0,,148.0,90.0,-1306.0,611.0,-1552.0,,-2.0
437.0,259.0,,206.0,147.0,-1521.0,629.0,-1463.0,,44.0
428.0,185.0,,196.0,159.0,-1777.0,616.0,-1524.0,,111.0
455.0,133.0,,89.0,167.0,-1640.0,571.0,-1304.0,,185.0
262.0,101.0,,147.0,130.0,-1343.0,514.0,-1483.0,,253.0
437.0,57.0,,72.0,77.0,-1304.0,455.0,-1409.0,,291.0
299.0,55.0,,233.0,71.0,-1350.0,414.0,-1548.0,,284.0
463.0,135.0,,334.0,7.0,-1166.0,370.0,-1709.0,,250.0
350.0,294.0,,442.0,-48.0,-749.0,311.0,-1640.0,,186.0
365.0,459.0,,589.0,-43.0,-490.0,271.0,-1771.0,,107.0
505.0,523.0,,554.0,-44.0,-487.0,227.0,-1553.0,,30.0
364.0,517.0,,769.0,-12.0,-469.0,209.0,-1500.0,,-44.0
500.0,442.0,,743.0,36.0,-308.0,233.0,-1245.0,,-109.0
326.0,261.0,,734.0,83.0,-216.0,277.0,-1195.0,,-173.0
399.0,58.0,,770.0,141.0,-205.0,305.0,-1310.0,,-239.0
355.0,-8.0,,732.0,180.0,-254.0,282.0,-1158.0,,-321.0
376.0,31.0,,681.0,155.0,-296.0,241.0,-1308.0,,-399.0
401.0,169.0,,563.0,112.0,-46.0,225.0,-1169.0,,-473.0
316.0,409.0,,581.0,89.0,212.0,233.0,-1230.0,,-520.0
495.0,588.0,,570.0,37.0,377.0,249.0,-1151.0,,-512.0
568.0,679.0,,563.0,10.0,474.0,221.0,-966.0,,-462.0
641.0,672.0,,501.0,-6.0,630.0,114.0,-1051.0,,-359.0
655.0,529.0,,504.0,-61.0,783.0,-20.0,-910.0,,-241.0
588.0,274.0,,519.0,-59.0,496.0,-126.0,-1027.0,,-140.0
658.0,8.0,,488.0,-28.0,315.0,-180.0,-840.0,,-93.0
646.0,-192.0,,519.0,13.0,438.0,-166.0,-759.0,,-106.0
656.0,-352.0,,513.0,88.0,542.0,-169.0,-805.0,,-134.0
639.0,-483.0,,471.0,118.0,573.0,-191.0,-755.0,,-169.0
430.0,-556.0,,425.0,123.0,522.0,-211.0,-947.0,,-188.0
518.0,-559.0,,401.0,170.0,634.0,-279.0,-809.0,,-177.0
400.0,-530.0,,296.0,222.0,822.0,-320.0,-970.0,,-127.0
425.0,-477.0,,146.0,242.0,1054.0,-382.0,-1019.0,,-92.0
362.0,-375.0,,34.0,280.0,1331.0,-483.0,-1021.0,,-94.0
321.0,-166.0,,-89.0,298.0,1529.0,-566.0,-1132.0,,-111.0
275.0,57.0,,-58.0,297.0,1531.0,-623.0,-962.0,,-165.0
34.0,227.0,,28.0,327.0,1529.0,-596.0,-1104.0,,-243.0
205.0,401.0,,110.0,287.0,1731.0,-579.0,-940.0,,-351.0
82.0,493.0,,183.0,240.0,1608.0,-598.0,-962.0,,-459.0
239.0,446.0,,200.0,237.0,1325.0,-618.0,-1008.0,,-564.0
5.0,361.0,,273.0,180.0,1341.0,-645.0,-918.0,,-663.0
-95.0,294.0,,304.0,128.0,1410.0,-664.0,-1138.0,,-724.0
-69.0,211.0,,341.0,84.0,1323.0,-701.0,-1038.0,,-757.0
-119.0,83.0,,376.0,2.0,1363.0,-761.0,-1180.0,,-725.0
46.0,-64.0,,411.0,-43.0,1605.0,-838.0,-1084.0,,-654.0
-214.0,-125.0,,442.0,-55.0,1650.0,-886.0,-984.0,,-562.0
-21.0,-132.0,,351.0,-109.0,1512.0,-924.0,-982.0,,-445.0
-147.0,-81.0,,257.0,-129.0,1442.0,-942.0,-733.0,,-353.0
41.0,-35.0,,268.0,-102.0,1471.0,-941.0,-800.0,,-295.0
64.0,-34.0,,230.0,-97.0,1456.0,-970.0,-498.0,,-261.0
64.0,-12.0,,70.0,-57.0,1481.0,-999.0,-426.0,,-238.0
189.0,25.0,,-26.0,-55.0,1540.0,-1050.0,-367.0,,-220.0
6.0,98.0,,-25.0,-111.0,1318.0,-1085.0,-260.0,,-179.0
177.0,142.0,,-69.0,-140.0,909.0,-1091.0,-373.0,,-132.0
-74.0,259.0,,-82.0,-175.0,709.0,-1092.0,-136.0,,-96.0
53.0,348.0,,-19.0,-149.0,763.0,-1087.0,-195.0,,-55.0
-94.0,356.0,,6.0,-46.0,790.0,-1110.0,-24.0,,-52.0
-82.0,342.0,,56.0,22.0,589.0,-1132.0,3.0,,-75.0
-84.0,252.0,,85.0,55.0,438.0,-1163.0,-31.0,,-90.0
-217.0,148.0,,112.0,96.0,500.0,-1200.0,92.0,,-102.0
-108.0,39.0,,190.0,91.0,388.0,-1236.0,-160.0,,-98.0
-276.0,20.0,,259.0,105.0,269.0,-1266.0,-81.0,,-65.0
-68.0,55.0,,359.0,179.0,266.0,-1279.0,-216.0,,14.0
-268.0,120.0,,401.0,210.0,159.0,-1326.0,-112.0,,113.0
-117.0,130.0,,309.0,261.0,93.0,-1379.0,70.0,,202.0
-123.0,105.0,,190.0,329.0,175.0,-1410.0,-62.0,,276.0
-146.0,69.0,,39.0,333.0,191.0,-1444.0,-40.0,,315.0
-113.0,-31.0,,-48.0,359.0,87.0,-1436.0,-382.0,,324.0
-259.0,-112.0,,-17.0,365.0,217.0,-1406.0,-487.0,,284.0
-41.0,-233.0,,-34.0,316.0,485.0,-1381.0,-683.0,,209.0
-243.0,-317.0,,-31.0,303.0,597.0,-1386.0,-788.0,,89.0
-136.0,-376.0,,37.0,247.0,386.0,-1452.0,-711.0,,-112.0
-228.0,-415.0,,68.0,177.0,70.0,-1516.0,-838.0,,-353.0
-119.0,-354.0,,50.0,179.0,96.0,-1530.0,-589.0,,-615.0
-37.0,-189.0,,60.0,117.0,173.0,-1471.0,-630.0,,-880.0
21.0,-23.0,,107.0,10.0,83.0,-1435.0,-533.0,,-1088.0
119.0,108.0,,80.0,-55.0,184.0,-1466.0,-513.0,,-1200.0
-70.0,230.0,,-12.0,-163.0,490.0,-1505.0,-596.0,,-1197.0
209.0,325.0,,17.0,-209.0,598.0,-1538.0,-384.0,,-1109.0
165.0,441.0,,82.0,-195.0,437.0,-1511.0,-473.0,,-992.0
264.0,351.0,,46.0,-291.0,383.0,-1432.0,-297.0,,-878.0
176.0,205.0,,-7.0,-355.0,571.0,-1357.0,-363.0,,-801.0
213.0,155.0,,-49.0,-389.0,676.0,-1316.0,-408.0,,-784.0
335.0,118.0,,-80.0,-428.0,573.0,-1322.0,-400.0,,-816.0
345.0,112.0,,-84.0,-342.0,281.0,-1379.0,-646.0,,-853.0
465.0,81.0,,-93.0,-251.0,50.0,-1410.0,-639.0,,-879.0
393.0,55.0,,-94.0,-180.0,-2.0,-1400.0,-866.0,,-902.0
519.0,-34.0,,-55.0,-87.0,-105.0,-1369.0,-733.0,,-917.0
470.0,-57.0,,-86.0,-87.0,-279.0,-1323.0,-604.0,,-936.0
518.0,6.0,,-117.0,-85.0,-246.0,-1304.0,-498.0,,-950.0
431.0,162.0,,-154.0,-19.0,73.0,-1260.0,-297.0,,-944.0
585.0,303.0,,-174.0,-17.0,257.0,-1182.0,-443.0,,-890.0
648.0,382.0,,-208.0,16.0,354.0,-1090.0,-323.0,,-767.0
622.0,530.0,,-344.0,84.0,515.0,-1014.0,-456.0,,-581.0
562.0,547.0,,-424.0,72.0,745.0,-980.0,-430.0,,-355.0
501.0,497.0,,-475.0,127.0,776.0,-956.0,-363.0,,-137.0
644.0,383.0,,-478.0,173.0,661.0,-913.0,-447.0,,44.0
554.0,210.0,,-500.0,152.0,747.0,-866.0,-262.0,,140.0
693.0,-74.0,,-605.0,219.0,810.0,-824.0,-399.0,,150.0
536.0,-401.0,,-641.0,252.0,961.0,-804.0,-264.0,,88.0
639.0,-610.0,,-582.0,254.0,1103.0,-793.0,-273.0,,-30.0
576.0,-798.0,,-520.0,300.0,1022.0,-771.0,-236.0,,-183.0
594.0,-869.0,,-446.0,257.0,855.0,-757.0,-49.0,,-339.0
633.0,-830.0,,-287.0,195.0,822.0,-718.0,-166.0,,-456.0
587.0,-576.0,,-122.0,192.0,901.0,-634.0,73.0,,-518.0
693.0,-213.0,,5.0,125.0,1018.0,-548.0,48.0,,-520.0
393.0,104.0,,88.0,83.0,1112.0,-498.0,208.0,,-480.0
512.0,423.0,,100.0,86.0,1015.0,-471.0,315.0,,-387.0
315.0,721.0,,104.0,17.0,898.0,-442.0,229.0,,-265.0
411.0,974.0,,107.0,13.0,1028.0,-405.0,382.0,,-147.0
359.0,1138.0,,64.0,42.0,1289.0,-454.0,260.0,,-34.0
298.0,1209.0,,-31.0,20.0,1319.0,-568.0,508.0,,40.0
233.0,1182.0,,-132.0,76.0,1350.0,-654.0,541.0,,82.0
-29.0,1152.0,,-280.0,91.0,1579.0,-674.0,519.0,,73.0
92.0,986.0,,-400.0,42.0,1882.0,-581.0,497.0,,-11.0
-116.0,635.0,,-389.0,81.0,1994.0,-477.0,219.0,,-142.0
-20.0,254.0,,-437.0,92.0,1976.0,-401.0,279.0,,-317.0
-229.0,-86.0,,-472.0,89.0,2128.0,-372.0,44.0,,-507.0
-208.0,-406.0,,-423.0,122.0,2128.0,-425.0,-11.0,,-664.0
-329.0,-680.0,,-317.0,71.0,1966.0,-492.0,-116.0,,-767.0
-375.0,-819.0,,-166.0,47.0,1702.0,-523.0,-212.0,,-795.0
-205.0,-871.0,,-27.0,76.0,1624.0,-480.0,-27.0,,-747.0
-341.0,-840.0,,121.0,45.0,1801.0,-376.0,-66.0,,-635.0
-257.0,-741.0,,229.0,46.0,1712.0,-284.0,230.0,,-481.0
-346.0,-504.0,,314.0,13.0,1551.0,-285.0,341.0,,-321.0
-153.0,-154.0,,326.0,-86.0,1623.0,-311.0,511.0,,-165.0
-251.0,182.0,,281.0,-82.0,2005.0,-296.0,589.0,,-33.0
-118.0,389.0,,190.0,-47.0,2168.0,-244.0,354.0,,78.0
-110.0,477.0,,17.0,-11.0,1859.0,-180.0,314.0,,160.0
-166.0,585.0,,-191.0,87.0,1661.0,-174.0,53.0,,186.0
-101.0,623.0,,-376.0,102.0,1742.0,-221.0,195.0,,183.0
-153.0,580.0,,-463.0,98.0,1894.0,-292.0,256.0,,162.0
-73.0,440.0,,-499.0,145.0,1732.0,-328.0,310.0,,125.0
-149.0,241.0,,-423.0,86.0,1498.0,-285.0,506.0,,71.0
-68.0,15.0,,-313.0,42.0,1434.0,-201.0,386.0,,7.0
-316.0,-256.0,,-231.0,55.0,1368.0,-102.0,561.0,,-53.0
-225.0,-468.0,,-152.0,-16.0,1333.0,-59.0,437.0,,-130.0
-235.0,-640.0,,-126.0,-46.0,1295.0,-62.0,504.0,,-211.0
-175.0,-740.0,,-146.0,-69.0,1367.0,-49.0,665.0,,-292.0
-246.0,-779.0,,-204.0,-141.0,1493.0,2.0,722.0,,-370.0
-318.0,-745.0,,-211.0,-132.0,1556.0,81.0,1104.0,,-436.0
-120.0,-610.0,,-184.0,-162.0,1500.0,104.0,1173.0,,-468.0
-282.0,-425.0,,-183.0,-239.0,1371.0,89.0,1430.0,,-468.0
-176.0,-232.0,,-184.0,-201.0,1312.0,103.0,1472.0,,-466.0
-289.0,-112.0,,-126.0,-174.0,1275.0,125.0,1480.0,,-465.0
-160.0,22.0,,-6.0,-158.0,1255.0,124.0,1548.0,,-483.0
-270.0,189.0,,114.0,-69.0,1168.0,101.0,1350.0,,-524.0
-236.0,336.0,,172.0,-44.0,986.0,50.0,1393.0,,-602.0
-193.0,421.0,,190.0,-8.0,726.0,24.0,1149.0,,-716.0
-263.0,480.0,,237.0,75.0,502.0,50.0,1226.0,,-829.0
-122.0,505.0,,290.0,73.0,474.0,99.0,1260.0,,-925.0
-135.0,421.0,,359.0,125.0,552.0,165.0,1141.0,,-986.0
-4.0,352.0,,421.0,183.0,652.0,197.0,1232.0,,-995.0
-182.0,216.0,,426.0,120.0,598.0,200.0,1025.0,,-954.0
-82.0,32.0,,373.0,109.0,302.0,171.0,1141.0,,-883.0
-183.0,-150.0,,389.0,110.0,104.0,149.0,988.0,,-815.0
-83.0,-324.0,,428.0,97.0,99.0,175.0,960.0,,-755.0
-118.0,-344.0,,432.0,173.0,1.0,195.0,1097.0,,-725.0
-149.0,-299.0,,482.0,194.0,-135.0,179.0,1062.0,,-712.0
-114.0,-298.0,,519.0,188.0,-126.0,110.0,1304.0,,-703.0
-237.0,-363.0,,550.0,239.0,-312.0,34.0,1123.0,,-684.0
-42.0,-435.0,,512.0,186.0,-621.0,-5.0,1208.0,,-635.0
-201.0,-472.0,,481.0,111.0,-430.0,-9.0,1252.0,,-578.0
71.0,-393.0,,509.0,91.0,-45.0,22.0,1239.0,,-487.0
-54.0,-210.0,,498.0,14.0,-75.0,82.0,1361.0,,-371.0
-20.0,18.0,,497.0,-9.0,-413.0,138.0,1101.0,,-264.0
-131.0,317.0,,444.0,9.0,-570.0,179.0,1138.0,,-179.0
-198.0,547.0,,332.0,0.0,-525.0,169.0,962.0,,-127.0
-126.0,697.0,,253.0,98.0,-657.0,116.0,942.0,,-115.0
-455.0,850.0,,249.0,159.0,-868.0,56.0,957.0,,-135.0
-346.0,983.0,,194.0,85.0,-890.0,4.0,827.0,,-167.0
-698.0,956.0,,130.0,42.0,-730.0,35.0,994.0,,-220.0
-573.0,743.0,,152.0,-51.0,-606.0,63.0,875.0,,-273.0
-782.0,499.0,,146.0,-166.0,-655.0,75.0,1086.0,,-344.0
-729.0,298.0,,168.0,-193.0,-830.0,86.0,1158.0,,-423.0
-709.0,87.0,,139.0,-273.0,-1003.0,54.0,1167.0,,-484.0
-827.0,-116.0,,69.0,-322.0,-1190.0,43.0,1271.0,,-514.0
-630.0,-201.0,,-12.0,-307.0,-1402.0,30.0,1051.0,,-497.0
-946.0,-198.0,,-66.0,-378.0,-1608.0,43.0,1055.0,,-451.0
-650.0,-147.0,,-48.0,-408.0,-1848.0,101.0,740.0,,-370.0
-844.0,-68.0,,-3.0,-387.0,-2014.0,158.0,691.0,,-255.0
-649.0,-2.0,,83.0,-383.0,-2069.0,198.0,752.0,,-120.0
-720.0,3.0,,113.0,-243.0,-2053.0,193.0,790.0,,21.0
-757.0,-74.0,,173.0,-82.0,-2042.0,197.0,1060.0,,182.0
-635.0,-146.0,,257.0,-9.0,-1873.0,228.0,933.0,,339.0
-729.0,-138.0,,295.0,106.0,-1597.0,255.0,1080.0,,456.0
-299.0,-80.0,,256.0,163.0,-1473.0,263.0,1071.0,,557.0
-480.0,-95.0,,134.0,191.0,-1525.0,263.0,1175.0,,618.0
-276.0,-202.0,,8.0,264.0,-1750.0,272.0,1398.0,,629.0
-376.0,-270.0,,-158.0,200.0,-1882.0,280.0,1443.0,,615.0
-216.0,-258.0,,-298.0,106.0,-2016.0,317.0,1773.0,,575.0
-175.0,-178.0,,-382.0,71.0,-2231.0,366.0,1740.0,,535.0
-215.0,-11.0,,-447.0,-30.0,-2372.0,366.0,1832.0,,484.0
25.0,164.0,,-451.0,-71.0,-2321.0,333.0,1709.0,,404.0
-116.0,224.0,,-419.0,-64.0,-2143.0,317.0,1520.0,,323.0
32.0,188.0,,-408.0,-112.0,-2118.0,325.0,1539.0,,239.0
-96.0,113.0,,-380.0,-84.0,-2075.0,342.0,1317.0,,170.0
90.0,12.0,,-356.0,-80.0,-2087.0,357.0,1463.0,,155.0
-9.0,-132.0,,-320.0,-120.0,-2111.0,353.0,1426.0,,196.0
42.0,-317.0,,-226.0,-46.0,-2024.0,341.0,1498.0,,282.0
105.0,-412.0,,-97.0,-17.0,-2130.0,331.0,1504.0,,397.0
-29.0,-370.0,,10.0,-27.0,-2391.0,340.0,1308.0,,507.0
-2.0,-253.0,,80.0,23.0,-2543.0,388.0,1328.0,,602.0
-128.0,-114.0,,140.0,-26.0,-2460.0,465.0,1073.0,,673.0
-6.0,29.0,,213.0,-85.0,-2378.0,507.0,1171.0,,709.0
-147.0,142.0,,230.0,-88.0,-2480.0,461.0,1167.0,,725.0
-85.0,209.0,,174.0,-175.0,-2610.0,391.0,1260.0,,714.0
-116.0,340.0,,152.0,-198.0,-2566.0,380.0,1463.0,,697.0
-156.0,501.0,,155.0,-190.0,-2328.0,439.0,1232.0,,673.0
-117.0,533.0,,186.0,-261.0,-2248.0,519.0,1226.0,,650.0
-87.0,389.0,,198.0,-252.0,-2281.0,569.0,944.0,,655.0
-81.0,180.0,,155.0,-232.0,-2304.0,578.0,848.0,,664.0
-144.0,26.0,,88.0,-216.0,-2375.0,575.0,838.0,,692.0
-79.0,-75.0,,13.0,-73.0,-2351.0,567.0,796.0,,731.0
-181.0,-161.0,,-39.0,46.0,-2386.0,546.0,984.0,,763.0
-201.0,-217.0,,-17.0,105.0,-2412.0,544.0,905.0,,803.0
-281.0,-186.0,,55.0,158.0,-2373.0,573.0,1103.0,,843.0
-270.0,-113.0,,155.0,100.0,-2190.0,635.0,1019.0,,896.0
-295.0,-48.0,,332.0,53.0,-1889.0,712.0,1016.0,,973.0
-259.0,59.0,,508.0,52.0,-1734.0,760.0,1141.0,,1070.0
-233.0,240.0,,622.0,-48.0,-1640.0,763.0,1023.0,,1159.0
-254.0,399.0,,747.0,-89.0,-1576.0,749.0,1291.0,,1226.0
-149.0,443.0,,797.0,-76.0,-1503.0,730.0,1273.0,,1275.0
-134.0,326.0,,698.0,-101.0,-1554.0,697.0,1443.0,,1275.0
-134.0,97.0,,567.0,-53.0,-1605.0,707.0,1498.0,,1234.0
-186.0,-111.0,,432.0,-57.0,-1410.0,780.0,1365.0,,1148.0
-7.0,-292.0,,282.0,-133.0,-1041.0,865.0,1383.0,,1013.0
26.0,-475.0,,166.0,-109.0,-826.0,889.0,1189.0,,847.0
-26.0,-651.0,,49.0,-99.0,-758.0,861.0,1461.0,,652.0
25.0,-731.0,,-93.0,-107.0,-545.0,881.0,1598.0,,470.0
16.0,-735.0,,-121.0,-49.0,-425.0,916.0,1790.0,,312.0
18.0,-703.0,,-96.0,-63.0,-555.0,946.0,1851.0,,201.0
-56.0,-630.0,,-51.0,-53.0,-872.0,948.0,1616.0,,138.0
-48.0,-516.0,,0.0,34.0,-1179.0,879.0,1590.0,,133.0
-15.0,-330.0,,-55.0,71.0,-1299.0,783.0,1228.0,,190.0
-15.0,-199.0,,-128.0,171.0,-1236.0,699.0,1269.0,,272.0
-49.0,-71.0,,-123.0,262.0,-1200.0,668.0,1289.0,,386.0
-147.0,116.0,,-53.0,219.0,-1224.0,693.0,1247.0,,501.0
-205.0,313.0,,90.0,209.0,-1134.0,754.0,1274.0,,605.0
-187.0,482.0,,291.0,199.0,-726.0,799.0,975.0,,679.0
-208.0,581.0,,367.0,155.0,-350.0,825.0,861.0,,717.0
-278.0,607.0,,346.0,181.0,-470.0,882.0,485.0,,705.0
-361.0,518.0,,349.0,131.0,-551.0,916.0,417.0,,645.0
-389.0,405.0,,333.0,23.0,-526.0,877.0,441.0,,565.0
-429.0,279.0,,300.0,-14.0,-560.0,788.0,434.0,,468.0
-371.0,184.0,,249.0,-97.0,-636.0,709.0,711.0,,384.0
-245.0,145.0,,171.0,-134.0,-885.0,666.0,617.0,,299.0
-306.0,34.0,,123.0,-80.0,-949.0,686.0,777.0,,212.0
-350.0,-136.0,,18.0,-66.0,-697.0,713.0,792.0,,140.0
-351.0,-354.0,,-121.0,6.0,-621.0,693.0,807.0,,83.0
-295.0,-537.0,,-156.0,83.0,-862.0,704.0,846.0,,53.0
-336.0,-595.0,,-179.0,70.0,-962.0,721.0,561.0,,71.0
-263.0,-533.0,,-203.0,117.0,-744.0,712.0,550.0,,140.0
-185.0,-406.0,,-148.0,141.0,-521.0,682.0,253.0,,244.0
-287.0,-300.0,,-48.0,94.0,-550.0,644.0,149.0,,387.0
-301.0,-240.0,,-18.0,106.0,-593.0,620.0,11.0,,538.0
-328.0,-147.0,,-29.0,58.0,-550.0,631.0,-171.0,,666.0
-328.0,27.0,,-2.0,-26.0,-505.0,674.0,35.0,,737.0
-430.0,124.0,,85.0,-23.0,-376.0,722.0,70.0,,725.0
-345.0,150.0,,160.0,-58.0,-219.0,781.0,279.0,,640.0
-355.0,162.0,,114.0,-91.0,22.0,785.0,184.0,,485.0
-398.0,124.0,,51.0,-57.0,289.0,748.0,153.0,,286.0
-285.0,165.0,,-9.0,-50.0,436.0,732.0,177.0,,70.0
-215.0,251.0,,-41.0,2.0,508.0,746.0,64.0,,-125.0
-161.0,283.0,,-20.0,56.0,488.0,780.0,260.0,,-282.0
-192.0,282.0,,-10.0,14.0,559.0,775.0,212.0,,-372.0
14.0,325.0,,83.0,28.0,813.0,752.0,408.0,,-391.0
-21.0,434.0,,250.0,43.0,943.0,744.0,395.0,,-338.0
-35.0,447.0,,347.0,3.0,859.0,748.0,310.0,,-225.0
-11.0,308.0,,370.0,56.0,747.0,763.0,397.0,,-103.0
-41.0,146.0,,354.0,79.0,880.0,768.0,234.0,,25.0
-6.0,86.0,,322.0,27.0,985.0,757.0,400.0,,124.0
-42.0,41.0,,314.0,-7.0,805.0,738.0,351.0,,183.0
22.0,-38.0,,244.0,-90.0,693.0,709.0,471.0,,198.0
-26.0,-99.0,,137.0,-106.0,794.0,672.0,624.0,,180.0
81.0,-143.0,,40.0,-13.0,985.0,656.0,594.0,,170.0
48.0,-137.0,,-86.0,24.0,975.0,657.0,694.0,,147.0
14.0,-34.0,,-168.0,80.0,839.0,679.0,491.0,,145.0
-38.0,170.0,,-205.0,113.0,861.0,681.0,655.0,,158.0
-57.0,342.0,,-271.0,6.0,1090.0,640.0,672.0,,154.0
-102.0,400.0,,-328.0,-89.0,1224.0,619.0,720.0,,127.0
-273.0,393.0,,-362.0,-152.0,1051.0,584.0,938.0,,52.0
-213.0,372.0,,-444.0,-177.0,932.0,525.0,933.0,,-68.0
-258.0,362.0,,-496.0,-64.0,1145.0,491.0,1173.0,,-221.0
-212.0,342.0,,-460.0,36.0,1511.0,472.0,1016.0,,-369.0
-298.0,272.0,,-343.0,78.0,1690.0,454.0,984.0,,-497.0
-207.0,89.0,,-252.0,149.0,1681.0,412.0,886.0,,-592.0
-157.0,-116.0,,-274.0,121.0,1562.0,372.0,665.0,,-639.0
-126.0,-223.0,,-294.0,48.0,1558.0,372.0,630.0,,-641.0
-125.0,-228.0,,-279.0,39.0,1534.0,433.0,288.0,,-610.0
-253.0,-151.0,,-213.0,-11.0,1352.0,498.0,290.0,,-547.0
-111.0,1.0,,-148.0,-11.0,1342.0,493.0,92.0,,-440.0
-164.0,152.0,,-145.0,54.0,1461.0,456.0,49.0,,-308.0
-100.0,244.0,,-170.0,71.0,1604.0,405.0,153.0,,-148.0
-234.0,303.0,,-175.0,98.0,1569.0,372.0,83.0,,2.0
-134.0,280.0,,-159.0,74.0,1469.0,350.0,334.0,,127.0
-118.0,178.0,,-86.0,-7.0,1434.0,336.0,188.0,,216.0
-188.0,82.0,,20.0,-2.0,1464.0,345.0,249.0,,248.0
-66.0,28.0,,62.0,-20.0,1649.0,339.0,234.0,,253.0
-115.0,-30.0,,87.0,-73.0,1748.0,330.0,127.0,,223.0
65.0,-107.0,,168.0,-42.0,1617.0,347.0,109.0,,196.0
37.0,-135.0,,292.0,-43.0,1460.0,376.0,-223.0,,189.0
229.0,-114.0,,397.0,-29.0,1485.0,391.0,-199.0,,180.0
139.0,-112.0,,469.0,16.0,1362.0,418.0,-371.0,,198.0
190.0,-117.0,,424.0,-37.0,1154.0,448.0,-266.0,,228.0
361.0,-79.0,,359.0,-62.0,1115.0,464.0,-110.0,,252.0
389.0,-71.0,,357.0,-61.0,1297.0,500.0,-181.0,,296.0
483.0,-125.0,,298.0,-109.0,1577.0,534.0,33.0,,330.0
378.0,-111.0,,227.0,-74.0,1572.0,528.0,-66.0,,338.0
590.0,59.0,,191.0,-25.0,1487.0,500.0,134.0,,347.0
499.0,236.0,,190.0,-34.0,1487.0,447.0,181.0,,330.0
628.0,280.0,,149.0,0.0,1608.0,389.0,258.0,,298.0
651.0,292.0,,135.0,-16.0,1516.0,358.0,421.0,,272.0
599.0,237.0,,170.0,-41.0,1152.0,392.0,262.0,,245.0
570.0,-22.0,,179.0,31.0,900.0,513.0,456.0,,228.0
508.0,-384.0,,233.0,28.0,830.0,634.0,328.0,,213.0
628.0,-638.0,,260.0,-6.0,984.0,689.0,362.0,,193.0
500.0,-766.0,,328.0,19.0,931.0,666.0,273.0,,168.0
603.0,-880.0,,352.0,8.0,955.0,605.0,68.0,,143.0
585.0,-961.0,,279.0,38.0,1294.0,564.0,168.0,,111.0
593.0,-933.0,,247.0,85.0,1681.0,569.0,-131.0,,78.0
569.0,-830.0,,162.0,76.0,1932.0,618.0,-153.0,,58.0
629.0,-722.0,,159.0,119.0,1688.0,636.0,-288.0,,47.0
710.0,-584.0,,159.0,133.0,1495.0,626.0,-223.0,,34.0
710.0,-425.0,,162.0,76.0,1512.0,629.0,-31.0,,18.0
711.0,-377.0,,191.0,91.0,1659.0,617.0,-181.0,,-11.0
637.0,-472.0,,114.0,83.0,1763.0,648.0,-177.0,,-69.0
652.0,-548.0,,152.0,34.0,1578.0,687.0,-546.0,,-146.0
685.0,-536.0,,282.0,28.0,1571.0,679.0,-661.0,,-221.0
655.0,-520.0,,348.0,-50.0,1666.0,688.0,-798.0,,-284.0
552.0,-507.0,,379.0,-148.0,1735.0,676.0,-934.0,,-322.0
596.0,-488.0,,391.0,-206.0,1621.0,657.0,-759.0,,-329.0
570.0,-410.0,,337.0,-317.0,1476.0,661.0,-777.0,,-316.0
608.0,-143.0,,378.0,-369.0,1557.0,661.0,-524.0,,-286.0
482.0,224.0,,419.0,-335.0,1690.0,676.0,-611.0,,-259.0
628.0,440.0,,356.0,-316.0,1805.0,669.0,-659.0,,-243.0
595.0,492.0,,287.0,-226.0,1685.0,634.0,-781.0,,-239.0
482.0,487.0,,146.0,-145.0,1684.0,621.0,-1145.0,,-255.0
483.0,439.0,,60.0,-146.0,1963.0,629.0,-1154.0,,-286.0
405.0,369.0,,13.0,-93.0,2189.0,639.0,-1372.0,,-318.0
570.0,262.0,,-40.0,-52.0,2138.0,643.0,-1232.0,,-340.0
422.0,170.0,,-98.0,-13.0,2024.0,625.0,-1236.0,,-365.0
614.0,151.0,,-180.0,80.0,2222.0,599.0,-1263.0,,-382.0
454.0,183.0,,-167.0,98.0,2368.0,581.0,-1164.0,,-414.0
530.0,193.0,,-114.0,62.0,2226.0,560.0,-1374.0,,-453.0
583.0,110.0,,-69.0,18.0,1841.0,583.0,-1267.0,,-505.0
461.0,17.0,,10.0,-71.0,1573.0,632.0,-1454.0,,-587.0
505.0,-51.0,,52.0,-88.0,1742.0,645.0,-1393.0,,-651.0
336.0,-114.0,,104.0,-63.0,1898.0,615.0,-1337.0,,-720.0
541.0,-102.0,,214.0,-116.0,1773.0,542.0,-1478.0,,-766.0
325.0,-39.0,,252.0,-127.0,1696.0,467.0,-1452.0,,-767.0
397.0,-64.0,,197.0,-118.0,1714.0,411.0,-1812.0,,-734.0
261.0,-121.0,,62.0,-115.0,1726.0,382.0,-1788.0,,-668.0
220.0,-89.0,,-89.0,0.0,1652.0,371.0,-1941.0,,-602.0
291.0,13.0,,-156.0,86.0,1513.0,354.0,-2089.0,,-532.0
220.0,211.0,,-178.0,107.0,1538.0,322.0,-2021.0,,-492.0
298.0,382.0,,-213.0,135.0,1450.0,258.0,-2071.0,,-467.0
114.0,397.0,,-241.0,69.0,1233.0,197.0,-1797.0,,-445.0
327.0,316.0,,-294.0,33.0,1002.0,166.0,-1823.0,,-464.0
312.0,255.0,,-387.0,82.0,722.0,149.0,-1661.0,,-491.0
409.0,274.0,,-383.0,74.0,782.0,138.0,-1589.0,,-550.0
382.0,267.0,,-348.0,96.0,909.0,135.0,-1555.0,,-636.0
378.0,187.0,,-312.0,107.0,761.0,135.0,-1317.0,,-725.0
409.0,82.0,,-260.0,32.0,670.0,138.0,-1426.0,,-822.0
317.0,85.0,,-266.0,34.0,569.0,148.0,-1236.0,,-891.0
399.0,206.0,,-229.0,59.0,486.0,123.0,-1260.0,,-947.0
236.0,337.0,,-224.0,66.0,548.0,56.0,-1191.0,,-988.0
341.0,458.0,,-264.0,144.0,567.0,6.0,-1110.0,,-993.0
308.0,555.0,,-298.0,147.0,592.0,-8.0,-1223.0,,-984.0
278.0,662.0,,-356.0,114.0,607.0,21.0,-1025.0,,-965.0
214.0,721.0,,-373.0,169.0,669.0,30.0,-1103.0,,-924.0
210.0,696.0,,-370.0,179.0,663.0,-22.0,-938.0,,-883.0
309.0,608.0,,-332.0,207.0,556.0,-99.0,-979.0,,-846.0
177.0,430.0,,-301.0,286.0,657.0,-191.0,-1055.0,,-821.0
200.0,213.0,,-302.0,291.0,771.0,-237.0,-1018.0,,-823.0
197.0,27.0,,-240.0,317.0,828.0,-226.0,-1249.0,,-847.0
243.0,-86.0,,-120.0,328.0,763.0,-205.0,-1132.0,,-895.0
122.0,-191.0,,-43.0,236.0,612.0,-212.0,-1273.0,,-934.0
43.0,-331.0,,-27.0,210.0,748.0,-255.0,-1236.0,,-947.0
92.0,-447.0,,22.0,232.0,844.0,-302.0,-1230.0,,-925.0
59.0,-437.0,,42.0,224.0,693.0,-328.0,-1363.0,,-868.0
100.0,-292.0,,20.0,224.0,379.0,-300.0,-1289.0,,-786.0
75.0,-147.0,,-9.0,135.0,325.0,-266.0,-1513.0,,-710.0
98.0,-84.0,,-11.0,28.0,635.0,-314.0,-1489.0,,-667.0
174.0,-107.0,,9.0,27.0,559.0,-421.0,-1629.0,,-647.0
200.0,-63.0,,-13.0,-12.0,335.0,-511.0,-1620.0,,-679.0
139.0,133.0,,17.0,-49.0,141.0,-544.0,-1528.0,,-747.0
165.0,406.0,,27.0,-25.0,-14.0,-528.0,-1635.0,,-834.0
275.0,692.0,,38.0,-86.0,107.0,-518.0,-1409.0,,-922.0
261.0,919.0,,70.0,-124.0,79.0,-525.0,-1446.0,,-984.0
203.0,1031.0,,32.0,-99.0,-213.0,-560.0,-1308.0,,-1004.0
199.0,1023.0,,76.0,-120.0,-444.0,-609.0,-1284.0,,-971.0
236.0,984.0,,152.0,-71.0,-360.0,-633.0,-1341.0,,-884.0
264.0,815.0,,116.0,-9.0,-307.0,-661.0,-1215.0,,-747.0
266.0,492.0,,52.0,4.0,-377.0,-687.0,-1306.0,,-591.0
228.0,188.0,,-31.0,91.0,-269.0,-735.0,-1069.0,,-427.0
138.0,6.0,,-140.0,138.0,-162.0,-786.0,-1064.0,,-293.0
112.0,-80.0,,-182.0,119.0,-131.0,-824.0,-903.0,,-199.0
79.0,-177.0,,-294.0,110.0,-166.0,-857.0,-622.0,,-145.0
0.0,-133.0,,-396.0,-33.0,-213.0,-885.0,-509.0,,-157.0
-13.0,45.0,,-391.0,-191.0,-251.0,-944.0,-164.0,,-211.0
-65.0,214.0,,-448.0,-222.0,-248.0,-990.0,-155.0,,-301.0
-115.0,310.0,,-415.0,-242.0,-290.0,-992.0,40.0,,-428.0
-204.0,285.0,,-249.0,-174.0,-386.0,-963.0,25.0,,-542.0
-227.0,170.0,,-100.0,-50.0,-441.0,-908.0,-131.0,,-633.0
-243.0,19.0,,-34.0,-15.0,-582.0,-861.0,-184.0,,-696.0
-318.0,-22.0,,10.0,10.0,-740.0,-880.0,-428.0,,-722.0
-276.0,121.0,,58.0,18.0,-715.0,-952.0,-256.0,,-741.0
-235.0,333.0,,46.0,-2.0,-492.0,-1022.0,-288.0,,-751.0
-265.0,400.0,,41.0,60.0,-509.0,-1054.0,-110.0,,-772.0
-409.0,351.0,,7.0,116.0,-571.0,-1054.0,-11.0,,-816.0
-415.0,153.0,,5.0,116.0,-415.0,-1070.0,-227.0,,-873.0
-445.0,-232.0,,34.0,178.0,-420.0,-1094.0,-238.0,,-931.0
-494.0,-558.0,,19.0,190.0,-556.0,-1123.0,-535.0,,-983.0
-472.0,-631.0,,0.0,140.0,-609.0,-1115.0,-450.0,,-1025.0
-510.0,-416.0,,-40.0,94.0,-534.0,-1074.0,-399.0,,-1036.0
-484.0,-118.0,,-44.0,-71.0,-665.0,-1036.0,-284.0,,-1027.0
-508.0,181.0,,-50.0,-220.0,-1005.0,-1008.0,-51.0,,-999.0
-362.0,461.0,,-31.0,-221.0,-1325.0,-1049.0,-94.0,,-960.0
-288.0,671.0,,-2.0,-174.0,-1496.0,-1115.0,48.0,,-898.0
-165.0,791.0,,-43.0,-57.0,-1525.0,-1151.0,-182.0,,-810.0
-23.0,839.0,,-76.0,63.0,-1676.0,-1140.0,-160.0,,-711.0
-37.0,901.0,,-138.0,106.0,-1871.0,-1075.0,-131.0,,-606.0
93.0,785.0,,-187.0,181.0,-1869.0,-1032.0,-125.0,,-509.0
144.0,478.0,,-219.0,218.0,-1690.0,-1026.0,109.0,,-403.0
277.0,244.0,,-275.0,188.0,-1643.0,-1053.0,-94.0,,-284.0
298.0,171.0,,-298.0,219.0,-1640.0,-1109.0,-7.0,,-163.0
354.0,113.0,,-358.0,210.0,-1579.0,-1154.0,-112.0,,-38.0
465.0,-26.0,,-414.0,172.0,-1588.0,-1196.0,-140.0,,76.0
492.0,-215.0,,-412.0,221.0,-1538.0,-1215.0,-33.0,,164.0
554.0,-404.0,,-423.0,236.0,-1354.0,-1194.0,-131.0,,224.0
430.0,-456.0,,-377.0,181.0,-1031.0,-1144.0,73.0,,246.0
427.0,-423.0,,-304.0,138.0,-728.0,-1077.0,3.0,,209.0
367.0,-331.0,,-259.0,56.0,-602.0,-1032.0,162.0,,107.0
310.0,-139.0,,-193.0,-9.0,-525.0,-1031.0,171.0,,-34.0
284.0,8.0,,-134.0,-9.0,-510.0,-1071.0,94.0,,-195.0
236.0,19.0,,-86.0,-70.0,-643.0,-1128.0,121.0,,-353.0
250.0,-79.0,,-41.0,-98.0,-782.0,-1157.0,-194.0,,-480.0
204.0,-187.0,,0.0,-73.0,-937.0,-1154.0,-97.0,,-554.0
253.0,-186.0,,36.0,-93.0,-1032.0,-1145.0,-175.0,,-560.0
301.0,-45.0,,11.0,-77.0,-1143.0,-1126.0,-62.0,,-510.0
386.0,114.0,,-54.0,-46.0,-1160.0,-1101.0,79.0,,-407.0
406.0,210.0,,-63.0,-43.0,-921.0,-1055.0,-35.0,,-260.0
417.0,278.0,,-36.0,18.0,-838.0,-989.0,107.0,,-109.0
469.0,296.0,,-35.0,62.0,-794.0,-957.0,-1.0,,11.0
477.0,318.0,,-69.0,-9.0,-680.0,-951.0,192.0,,87.0
472.0,429.0,,-148.0,-49.0,-464.0,-979.0,266.0,,126.0
519.0,616.0,,-235.0,-59.0,-297.0,-1022.0,389.0,,124.0
523.0,760.0,,-322.0,-91.0,-360.0,-1022.0,626.0,,99.0
424.0,758.0,,-377.0,-101.0,-336.0,-1011.0,522.0,,84.0
432.0,707.0,,-435.0,-133.0,-415.0,-1021.0,716.0,,84.0
371.0,632.0,,-503.0,-142.0,-495.0,-1044.0,670.0,,117.0
345.0,543.0,,-549.0,-59.0,-408.0,-1040.0,783.0,,180.0
329.0,415.0,,-634.0,45.0,-434.0,-1020.0,859.0,,261.0
371.0,211.0,,-653.0,123.0,-598.0,-1019.0,792.0,,369.0
368.0,125.0,,-609.0,180.0,-753.0,-1026.0,914.0,,464.0
288.0,205.0,,-564.0,164.0,-750.0,-1012.0,707.0,,543.0
279.0,362.0,,-429.0,128.0,-757.0,-947.0,707.0,,593.0
193.0,529.0,,-328.0,103.0,-940.0,-863.0,519.0,,587.0
223.0,661.0,,-312.0,26.0,-1137.0,-832.0,463.0,,542.0
135.0,657.0,,-293.0,-34.0,-1212.0,-857.0,509.0,,466.0
58.0,512.0,,-291.0,-45.0,-1242.0,-934.0,291.0,,385.0
-20.0,364.0,,-288.0,-60.0,-1347.0,-1042.0,347.0,,316.0
-97.0,219.0,,-315.0,-90.0,-1407.0,-1095.0,129.0,,254.0
-104.0,127.0,,-401.0,-138.0,-1199.0,-1103.0,188.0,,189.0
-223.0,91.0,,-445.0,-181.0,-990.0,-1084.0,182.0,,131.0
-208.0,118.0,,-432.0,-154.0,-1017.0,-1050.0,90.0,,64.0
-261.0,161.0,,-467.0,-78.0,-936.0,-1017.0,194.0,,-32.0
-297.0,139.0,,-484.0,18.0,-669.0,-968.0,-24.0,,-116.0
-340.0,140.0,,-499.0,142.0,-398.0,-925.0,70.0,,-218.0
-440.0,131.0,,-540.0,241.0,-430.0,-909.0,-70.0,,-336.0
-478.0,32.0,,-478.0,263.0,-807.0,-922.0,-118.0,,-462.0
-529.0,-37.0,,-412.0,245.0,-922.0,-993.0,-103.0,,-624.0
-484.0,130.0,,-387.0,211.0,-747.0,-1089.0,-225.0,,-789.0
-510.0,362.0,,-339.0,166.0,-653.0,-1152.0,-107.0,,-965.0
-567.0,446.0,,-295.0,143.0,-607.0,-1164.0,-277.0,,-1122.0
-505.0,482.0,,-317.0,111.0,-613.0,-1114.0,-94.0,,-1231.0
-459.0,539.0,,-308.0,40.0,-614.0,-1034.0,-101.0,,-1291.0
-434.0,509.0,,-251.0,-25.0,-562.0,-947.0,-94.0,,-1283.0
-414.0,282.0,,-290.0,-51.0,-571.0,-912.0,157.0,,-1204.0
-379.0,12.0,,-351.0,-52.0,-605.0,-924.0,145.0,,-1067.0
-322.0,-200.0,,-368.0,-43.0,-711.0,-930.0,413.0,,-899.0
-272.0,-439.0,,-387.0,-55.0,-689.0,-946.0,382.0,,-725.0
-171.0,-631.0,,-377.0,-90.0,-580.0,-956.0,550.0,,-570.0
-154.0,-647.0,,-297.0,-113.0,-825.0,-968.0,731.0,,-434.0
-72.0,-515.0,,-250.0,-141.0,-1157.0,-984.0,772.0,,-336.0
-26.0,-362.0,,-249.0,-134.0,-1258.0,-975.0,958.0,,-284.0
-43.0,-302.0,,-251.0,-32.0,-1060.0,-943.0,696.0,,-268.0
3.0,-261.0,,-257.0,66.0,-922.0,-917.0,703.0,,-288.0
-11.0,-139.0,,-251.0,97.0,-1047.0,-877.0,583.0,,-316.0
54.0,74.0,,-263.0,110.0,-1074.0,-802.0,537.0,,-341.0
-17.0,304.0,,-266.0,100.0,-967.0,-713.0,617.0,,-357.0
9.0,410.0,,-261.0,97.0,-820.0,-651.0,506.0,,-362.0
52.0,477.0,,-323.0,121.0,-863.0,-649.0,737.0,,-353.0
38.0,568.0,,-372.0,97.0,-979.0,-676.0,626.0,,-335.0
76.0,616.0,,-325.0,36.0,-964.0,-674.0,696.0,,-306.0
47.0,524.0,,-219.0,-6.0,-922.0,-634.0,702.0,,-258.0
128.0,310.0,,-140.0,-18.0,-861.0,-564.0,574.0,,-213.0
35.0,99.0,,-124.0,67.0,-770.0,-504.0,615.0,,-172.0
75.0,-67.0,,-88.0,186.0,-467.0,-502.0,319.0,,-151.0
64.0,-82.0,,-86.0,200.0,-193.0,-514.0,327.0,,-150.0
38.0,34.0,,-109.0,175.0,-248.0,-543.0,234.0,,-142.0
76.0,197.0,,-87.0,164.0,-442.0,-547.0,343.0,,-127.0
-1.0,277.0,,-101.0,142.0,-480.0,-479.0,423.0,,-97.0
-8.0,191.0,,-145.0,163.0,-298.0,-418.0,291.0,,-30.0
-183.0,31.0,,-138.0,174.0,-152.0,-386.0,463.0,,74.0
-175.0,-164.0,,-152.0,148.0,-138.0,-384.0,256.0,,203.0
-191.0,-290.0,,-198.0,174.0,-227.0,-381.0,288.0,,334.0
-210.0,-350.0,,-188.0,172.0,-174.0,-392.0,155.0,,452.0
-241.0,-374.0,,-207.0,125.0,-42.0,-409.0,31.0,,547.0
-334.0,-380.0,,-214.0,140.0,-19.0,-415.0,88.0,,616.0
-384.0,-383.0,,-199.0,138.0,-176.0,-420.0,-138.0,,668.0
-537.0,-303.0,,-262.0,115.0,-394.0,-413.0,11.0,,694.0
-528.0,-286.0,,-283.0,151.0,-275.0,-369.0,-57.0,,691.0
-659.0,-333.0,,-285.0,166.0,-299.0,-285.0,96.0,,663.0
-739.0,-390.0,,-290.0,157.0,-477.0,-238.0,205.0,,607.0
-847.0,-468.0,,-197.0,146.0,-567.0,-204.0,127.0,,525.0
-872.0,-483.0,,-94.0,58.0,-421.0,-174.0,210.0,,407.0
-818.0,-440.0,,-8.0,-6.0,-87.0,-139.0,-88.0,,289.0
-945.0,-323.0,,26.0,-10.0,-275.0,-84.0,-88.0,,187.0
-896.0,-269.0,,19.0,-62.0,-627.0,-55.0,-238.0,,93.0
-1026.0,-326.0,,20.0,-81.0,-879.0,-70.0,-197.0,,31.0
-999.0,-453.0,,14.0,-76.0,-1027.0,-134.0,-7.0,,9.0
-1016.0,-530.0,,-19.0,-107.0,-1032.0,-181.0,-158.0,,35.0
-1167.0,-481.0,,-118.0,-85.0,-1107.0,-177.0,-142.0,,97.0
-1168.0,-441.0,,-153.0,-65.0,-1208.0,-144.0,-504.0,,183.0
-1237.0,-369.0,,-127.0,-89.0,-1416.0,-117.0,-572.0,,273.0
-1143.0,-306.0,,-145.0,-78.0,-1575.0,-119.0,-558.0,,340.0
-1216.0,-183.0,,-171.0,-108.0,-1435.0,-118.0,-526.0,,394.0
-1185.0,-20.0,,-124.0,-189.0,-1309.0,-91.0,-310.0,,418.0
-1155.0,85.0,,-69.0,-201.0,-1439.0,-23.0,-476.0,,434.0
-1103.0,168.0,,-136.0,-236.0,-1377.0,27.0,-362.0,,434.0
-1014.0,161.0,,-187.0,-282.0,-1107.0,38.0,-447.0,,408.0
-1062.0,96.0,,-174.0,-232.0,-909.0,49.0,-395.0,,381.0
-948.0,-57.0,,-150.0,-201.0,-949.0,25.0,-234.0,,318.0
-1011.0,-214.0,,-110.0,-179.0,-1063.0,10.0,-197.0,,250.0
-825.0,-285.0,,-122.0,-112.0,-886.0,31.0,96.0,,184.0
-796.0,-337.0,,-145.0,-87.0,-728.0,73.0,35.0,,91.0
-780.0,-386.0,,-112.0,-37.0,-773.0,122.0,210.0,,-18.0
-655.0,-394.0,,-88.0,45.0,-847.0,118.0,219.0,,-146.0
-695.0,-312.0,,-133.0,70.0,-732.0,65.0,192.0,,-280.0
-629.0,-300.0,,-164.0,120.0,-429.0,-7.0,293.0,,-396.0
-665.0,-363.0,,-177.0,178.0,-409.0,-43.0,138.0,,-494.0
-495.0,-355.0,,-231.0,162.0,-660.0,-10.0,304.0,,-576.0
-504.0,-301.0,,-246.0,144.0,-815.0,80.0,171.0,,-628.0
-388.0,-270.0,,-228.0,101.0,-838.0,182.0,206.0,,-673.0
-431.0,-328.0,,-239.0,26.0,-782.0,235.0,158.0,,-702.0
-516.0,-292.0,,-172.0,34.0,-838.0,253.0,-90.0,,-707.0
-407.0,-167.0,,-86.0,82.0,-799.0,262.0,-120.0,,-679.0
-398.0,-71.0,,-83.0,133.0,-547.0,278.0,-430.0,,-609.0
-310.0,-14.0,,-117.0,218.0,-288.0,315.0,-356.0,,-517.0
-496.0,-12.0,,-102.0,218.0,-191.0,343.0,-360.0,,-416.0
-447.0,74.0,,-49.0,152.0,-385.0,356.0,-277.0,,-328.0
-447.0,153.0,,-63.0,135.0,-480.0,350.0,-145.0,,-265.0
-439.0,166.0,,-11.0,105.0,-444.0,332.0,-306.0,,-239.0
-481.0,134.0,,1.0,72.0,-465.0,328.0,-179.0,,-263.0
-480.0,120.0,,-28.0,43.0,-580.0,330.0,-328.0,,-335.0
-429.0,137.0,,-21.0,-46.0,-612.0,345.0,-275.0,,-457.0
-511.0,55.0,,-6.0,-89.0,-473.0,370.0,-205.0,,-613.0
-411.0,2.0,,-1.0,-38.0,-335.0,403.0,-164.0,,-763.0
-519.0,18.0,,-114.0,-7.0,-228.0,426.0,-11.0,,-899.0
-448.0,-10.0,,-138.0,19.0,-161.0,425.0,-260.0,,-988.0
-435.0,-115.0,,-174.0,49.0,214.0,434.0,-284.0,,-1010.0
-406.0,-227.0,,-264.0,35.0,562.0,451.0,-482.0,,-981.0
-397.0,-237.0,,-352.0,17.0,644.0,500.0,-484.0,,-917.0
-489.0,-121.0,,-467.0,-18.0,800.0,545.0,-336.0,,-845.0
-364.0,-26.0,,-486.0,-83.0,897.0,548.0,-349.0,,-765.0
-402.0,10.0,,-472.0,-109.0,980.0,553.0,-44.0,,-696.0
-439.0,109.0,,-431.0,-111.0,899.0,575.0,-5.0,,-641.0
-398.0,211.0,,-401.0,-114.0,795.0,632.0,184.0,,-588.0
-351.0,192.0,,-304.0,-87.0,727.0,700.0,168.0,,-530.0
-348.0,133.0,,-211.0,-72.0,591.0,766.0,57.0,,-448.0
-411.0,138.0,,-183.0,-104.0,489.0,819.0,205.0,,-364.0
-409.0,155.0,,-121.0,-143.0,221.0,847.0,203.0,,-251.0
-503.0,132.0,,-134.0,-184.0,4.0,836.0,476.0,,-119.0
-511.0,21.0,,-182.0,-189.0,-22.0,782.0,400.0,,16.0
-390.0,-41.0,,-200.0,-96.0,221.0,724.0,354.0,,168.0
-435.0,-43.0,,-129.0,13.0,441.0,701.0,269.0,,304.0
-418.0,-41.0,,-55.0,60.0,459.0,742.0,84.0,,438.0
-511.0,60.0,,-87.0,89.0,537.0,790.0,258.0,,567.0
-445.0,198.0,,-95.0,86.0,476.0,849.0,147.0,,656.0
-407.0,354.0,,-122.0,21.0,528.0,928.0,243.0,,708.0
-432.0,465.0,,-121.0,-39.0,503.0,953.0,120.0,,702.0
-382.0,434.0,,-42.0,-71.0,393.0,931.0,-3.0,,646.0
-479.0,365.0,,20.0,-60.0,392.0,909.0,20.0,,568.0
-372.0,357.0,,68.0,-4.0,164.0,939.0,-155.0,,474.0
-435.0,276.0,,134.0,10.0,108.0,998.0,-27.0,,376.0
-436.0,99.0,,205.0,1.0,31.0,1045.0,-169.0,,274.0
-563.0,-72.0,,222.0,0.0,-166.0,1071.0,-72.0,,175.0
-524.0,-239.0,,199.0,-43.0,-116.0,1030.0,-20.0,,88.0
-395.0,-344.0,,229.0,-93.0,-35.0,950.0,-123.0,,2.0
-559.0,-472.0,,287.0,-117.0,-79.0,922.0,-118.0,,-64.0
-531.0,-539.0,,292.0,-143.0,-325.0,949.0,-469.0,,-92.0
-554.0,-461.0,,330.0,-154.0,-339.0,988.0,-526.0,,-109.0
-476.0,-432.0,,375.0,-143.0,-64.0,1022.0,-803.0,,-117.0
-541.0,-438.0,,361.0,-149.0,181.0,1035.0,-966.0,,-110.0
-509.0,-415.0,,382.0,-108.0,264.0,1045.0,-960.0,,-81.0
-451.0,-380.0,,401.0,-17.0,149.0,1079.0,-999.0,,-10.0
-455.0,-301.0,,355.0,11.0,105.0,1107.0,-655.0,,119.0
-354.0,-244.0,,463.0,15.0,137.0,1093.0,-611.0,,303.0
-404.0,-224.0,,502.0,19.0,217.0,1030.0,-332.0,,491.0
-453.0,-44.0,,321.0,-6.0,-6.0,964.0,-243.0,,666.0
-372.0,175.0,,382.0,-2.0,-263.0,936.0,-249.0,,808.0
-237.0,258.0,,414.0,-24.0,-292.0,932.0,-175.0,,916.0
-262.0,294.0,,315.0,-96.0,-366.0,937.0,-463.0,,991.0
-287.0,306.0,,332.0,-111.0,-453.0,945.0,-373.0,,1021.0
-281.0,369.0,,162.0,-105.0,-691.0,964.0,-528.0,,1016.0
-228.0,411.0,,-13.0,-93.0,-701.0,962.0,-576.0,,977.0
-238.0,445.0,,57.0,0.0,-537.0,961.0,-691.0,,901.0
-199.0,538.0,,70.0,122.0,-390.0,995.0,-921.0,,803.0
-198.0,566.0,,27.0,243.0,-375.0,1042.0,-800.0,,707.0
-130.0,460.0,,21.0,337.0,-596.0,1076.0,-982.0,,610.0
-118.0,211.0,,-9.0,292.0,-598.0,1076.0,-870.0,,527.0
-196.0,-48.0,,55.0,165.0,-550.0,1029.0,-990.0,,455.0
-130.0,-247.0,,96.0,71.0,-696.0,978.0,-1036.0,,388.0
-213.0,-313.0,,44.0,-26.0,-1022.0,950.0,-788.0,,328.0
-61.0,-270.0,,32.0,-92.0,-1200.0,907.0,-755.0,,273.0
-131.0,-163.0,,37.0,-123.0,-963.0,878.0,-497.0,,233.0
-144.0,14.0,,4.0,-182.0,-807.0,867.0,-550.0,,209.0
-75.0,51.0,,66.0,-209.0,-955.0,911.0,-363.0,,197.0
-161.0,5.0,,114.0,-223.0,-1012.0,1028.0,-232.0,,190.0
-133.0,-25.0,,168.0,-283.0,-653.0,1103.0,-197.0,,202.0
-192.0,-123.0,,311.0,-292.0,-352.0,1104.0,16.0,,205.0
-106.0,-228.0,,429.0,-244.0,-463.0,1056.0,-121.0,,205.0
-234.0,-332.0,,577.0,-211.0,-559.0,980.0,44.0,,210.0
-119.0,-364.0,,607.0,-154.0,-381.0,910.0,33.0,,209.0
-51.0,-287.0,,698.0,-123.0,-151.0,843.0,73.0,,215.0
-79.0,-194.0,,743.0,-128.0,-323.0,767.0,109.0,,208.0
-5.0,-45.0,,720.0,-82.0,-560.0,714.0,-51.0,,183.0
-6.0,83.0,,775.0,-80.0,-489.0,697.0,70.0,,143.0
112.0,126.0,,767.0,-126.0,-421.0,676.0,-75.0,,108.0
27.0,98.0,,813.0,-125.0,-559.0,656.0,-59.0,,86.0
240.0,29.0,,792.0,-155.0,-678.0,631.0,-286.0,,102.0
188.0,-56.0,,691.0,-196.0,-680.0,636.0,-467.0,,169.0
160.0,-175.0,,550.0,-178.0,-742.0,674.0,-369.0,,254.0
183.0,-211.0,,433.0,-183.0,-655.0,690.0,-436.0,,343.0
156.0,-211.0,,303.0,-176.0,-579.0,707.0,-251.0,,410.0
247.0,-227.0,,245.0,-129.0,-487.0,698.0,-504.0,,457.0
94.0,-327.0,,219.0,-126.0,-382.0,640.0,-655.0,,470.0
320.0,-443.0,,166.0,-96.0,-347.0,590.0,-774.0,,458.0
200.0,-416.0,,231.0,-38.0,-152.0,567.0,-920.0,,439.0
259.0,-395.0,,287.0,-61.0,-90.0,541.0,-691.0,,410.0
207.0,-389.0,,368.0,-75.0,-146.0,483.0,-703.0,,372.0
212.0,-349.0,,467.0,-27.0,-141.0,427.0,-439.0,,315.0
284.0,-251.0,,520.0,-3.0,-127.0,439.0,-413.0,,242.0
-3.0,-123.0,,459.0,27.0,-2.0,506.0,-421.0,,164.0
146.0,-34.0,,386.0,16.0,110.0,594.0,-334.0,,97.0
-47.0,68.0,,352.0,-47.0,-198.0,652.0,-476.0,,52.0
97.0,208.0,,288.0,-47.0,-524.0,613.0,-358.0,,31.0
-72.0,327.0,,276.0,-51.0,-500.0,509.0,-487.0,,35.0
-164.0,321.0,,221.0,-90.0,-567.0,392.0,-345.0,,88.0
-140.0,310.0,,124.0,-102.0,-810.0,340.0,-288.0,,162.0
-210.0,318.0,,114.0,-154.0,-1054.0,364.0,-277.0,,234.0
-80.0,225.0,,222.0,-208.0,-943.0,444.0,-5.0,,308.0
-371.0,124.0,,317.0,-186.0,-592.0,528.0,-7.0,,374.0
-112.0,38.0,,374.0,-199.0,-499.0,558.0,304.0,,424.0
-236.0,-33.0,,458.0,-238.0,-438.0,581.0,323.0,,435.0
-152.0,-146.0,,464.0,-239.0,-70.0,592.0,399.0,,408.0
-75.0,-264.0,,534.0,-276.0,513.0,593.0,511.0,,351.0
49.0,-300.0,,624.0,-250.0,809.0,591.0,413.0,,290.0
210.0,-285.0,,612.0,-137.0,732.0,548.0,541.0,,225.0
72.0,-233.0,,602.0,-63.0,788.0,489.0,327.0,,162.0
304.0,-244.0,,563.0,33.0,906.0,455.0,489.0,,130.0
207.0,-202.0,,590.0,145.0,959.0,428.0,576.0,,122.0
469.0,-72.0,,678.0,197.0,873.0,434.0,668.0,,153.0
424.0,78.0,,722.0,252.0,833.0,462.0,899.0,,211.0
468.0,291.0,,647.0,278.0,951.0,462.0,783.0,,310.0
463.0,532.0,,593.0,217.0,898.0,490.0,962.0,,445.0
443.0,799.0,,602.0,127.0,772.0,506.0,859.0,,560.0
580.0,949.0,,474.0,-13.0,682.0,518.0,894.0,,633.0
446.0,900.0,,404.0,-168.0,835.0,542.0,831.0,,650.0
567.0,773.0,,395.0,-196.0,909.0,557.0,548.0,,609.0
489.0,639.0,,351.0,-162.0,912.0,567.0,498.0,,527.0
644.0,466.0,,321.0,-141.0,1148.0,545.0,201.0,,418.0
578.0,298.0,,366.0,-68.0,1327.0,544.0,321.0,,299.0
705.0,163.0,,433.0,19.0,1358.0,565.0,332.0,,176.0
737.0,112.0,,376.0,94.0,1229.0,578.0,388.0,,46.0
637.0,148.0,,393.0,161.0,1413.0,588.0,537.0,,-71.0
740.0,172.0,,390.0,177.0,1558.0,582.0,352.0,,-153.0
759.0,251.0,,328.0,191.0,1581.0,532.0,395.0,,-200.0
837.0,340.0,,333.0,217.0,1914.0,485.0,199.0,,-197.0
623.0,415.0,,297.0,173.0,2222.0,475.0,271.0,,-155.0
671.0,493.0,,281.0,88.0,2376.0,463.0,308.0,,-89.0
499.0,585.0,,296.0,9.0,2179.0,458.0,275.0,,-7.0
518.0,694.0,,211.0,-80.0,2148.0,440.0,482.0,,63.0
530.0,692.0,,57.0,-112.0,2356.0,430.0,362.0,,135.0
432.0,638.0,,27.0,-73.0,2376.0,430.0,504.0,,190.0
414.0,589.0,,38.0,-37.0,2278.0,430.0,450.0,,237.0
294.0,498.0,,-38.0,-9.0,2187.0,404.0,441.0,,296.0
450.0,344.0,,-66.0,-31.0,2367.0,313.0,447.0,,370.0
324.0,174.0,,-43.0,-91.0,2552.0,234.0,249.0,,465.0
449.0,67.0,,-54.0,-84.0,2605.0,199.0,365.0,,554.0
396.0,-65.0,,-1.0,-48.0,2491.0,197.0,219.0,,631.0
334.0,-218.0,,87.0,-24.0,2342.0,229.0,254.0,,695.0
389.0,-259.0,,120.0,37.0,2351.0,237.0,120.0,,738.0
371.0,-233.0,,187.0,85.0,2388.0,198.0,-75.0,,758.0
448.0,-193.0,,239.0,78.0,2367.0,141.0,-97.0,,767.0
263.0,-167.0,,281.0,69.0,2241.0,81.0,-373.0,,761.0
379.0,-91.0,,333.0,26.0,2420.0,36.0,-323.0,,730.0
396.0,9.0,,324.0,-24.0,2618.0,0.0,-434.0,,685.0
449.0,-21.0,,262.0,-34.0,2437.0,-31.0,-297.0,,616.0
450.0,-82.0,,199.0,-43.0,2254.0,-31.0,-103.0,,524.0
343.0,-78.0,,152.0,-3.0,2112.0,-46.0,-81.0,,418.0
377.0,-23.0,,100.0,76.0,1955.0,-85.0,116.0,,318.0
315.0,59.0,,32.0,98.0,1880.0,-148.0,5.0,,220.0
422.0,125.0,,-24.0,85.0,1872.0,-199.0,216.0,,129.0
388.0,236.0,,-35.0,58.0,1775.0,-233.0,301.0,,54.0
324.0,410.0,,-41.0,-2.0,1665.0,-271.0,461.0,,-9.0
357.0,444.0,,-55.0,-23.0,1727.0,-288.0,764.0,,-44.0
326.0,363.0,,-31.0,0.0,1905.0,-320.0,811.0,,-56.0
259.0,336.0,,59.0,-8.0,1949.0,-340.0,1071.0,,-52.0
247.0,329.0,,119.0,-14.0,1899.0,-350.0,940.0,,-37.0
339.0,238.0,,131.0,-30.0,1758.0,-359.0,949.0,,-10.0
270.0,0.0,,184.0,-75.0,1566.0,-369.0,903.0,,41.0
191.0,-264.0,,179.0,-102.0,1539.0,-396.0,774.0,,119.0
184.0,-493.0,,162.0,-147.0,1419.0,-406.0,829.0,,226.0
120.0,-678.0,,225.0,-177.0,1279.0,-443.0,539.0,,359.0
193.0,-770.0,,214.0,-154.0,1231.0,-496.0,528.0,,512.0
170.0,-766.0,,231.0,-157.0,1135.0,-534.0,360.0,,667.0
157.0,-725.0,,349.0,-125.0,1022.0,-542.0,306.0,,785.0
130.0,-714.0,,304.0,-41.0,971.0,-515.0,319.0,,871.0
158.0,-703.0,,272.0,-31.0,1032.0,-483.0,199.0,,894.0
349.0,-656.0,,306.0,-30.0,1108.0,-462.0,336.0,,846.0
207.0,-553.0,,249.0,2.0,933.0,-472.0,97.0,,755.0
250.0,-343.0,,211.0,-7.0,569.0,-525.0,169.0,,622.0
270.0,-85.0,,217.0,-11.0,481.0,-566.0,164.0,,450.0
315.0,78.0,,234.0,-14.0,657.0,-511.0,49.0,,282.0
326.0,213.0,,198.0,-19.0,619.0,-389.0,79.0,,133.0
302.0,349.0,,181.0,22.0,214.0,-271.0,-249.0,,0.0
392.0,429.0,,224.0,48.0,87.0,-249.0,-315.0,,-108.0
235.0,370.0,,254.0,79.0,383.0,-327.0,-582.0,,-187.0
364.0,177.0,,216.0,138.0,473.0,-419.0,-689.0,,-245.0
253.0,45.0,,224.0,101.0,100.0,-481.0,-694.0,,-314.0
240.0,-28.0,,253.0,64.0,-184.0,-483.0,-776.0,,-387.0
189.0,-74.0,,232.0,120.0,-4.0,-458.0,-598.0,,-460.0
141.0,-95.0,,227.0,117.0,-8.0,-449.0,-681.0,,-541.0
185.0,-169.0,,155.0,52.0,-338.0,-461.0,-439.0,,-599.0
118.0,-248.0,,124.0,10.0,-534.0,-451.0,-332.0,,-651.0
304.0,-270.0,,62.0,12.0,-378.0,-400.0,-188.0,,-717.0
128.0,-242.0,,-44.0,78.0,-208.0,-341.0,68.0,,-806.0
335.0,-201.0,,-95.0,128.0,-321.0,-307.0,12.0,,-931.0
374.0,-126.0,,-142.0,127.0,-325.0,-324.0,227.0,,-1086.0
449.0,83.0,,-128.0,157.0,-153.0,-377.0,166.0,,-1261.0
570.0,345.0,,-96.0,163.0,-48.0,-396.0,214.0,,-1433.0
515.0,461.0,,-76.0,122.0,-49.0,-353.0,109.0,,-1603.0
732.0,389.0,,-41.0,108.0,66.0,-294.0,-94.0,,-1751.0
642.0,279.0,,-19.0,79.0,162.0,-248.0,-46.0,,-1868.0
791.0,237.0,,6.0,64.0,-71.0,-252.0,-341.0,,-1939.0
767.0,101.0,,34.0,95.0,-301.0,-291.0,-236.0,,-1941.0
791.0,-59.0,,6.0,76.0,-280.0,-314.0,-218.0,,-1888.0
778.0,-92.0,,65.0,30.0,-188.0,-311.0,-116.0,,-1761.0
710.0,-110.0,,85.0,-5.0,-369.0,-289.0,83.0,,-1589.0
736.0,-270.0,,51.0,-54.0,-567.0,-282.0,-5.0,,-1395.0
692.0,-524.0,,158.0,-68.0,-471.0,-294.0,147.0,,-1178.0
737.0,-739.0,,69.0,-91.0,-465.0,-315.0,-48.0,,-959.0
586.0,-935.0,,-145.0,-116.0,-655.0,-315.0,-90.0,,-748.0
577.0,-1116.0,,-182.0,-68.0,-713.0,-268.0,-256.0,,-577.0
622.0,-1215.0,,-181.0,-58.0,-495.0,-222.0,-478.0,,-450.0
667.0,-1025.0,,-238.0,-100.0,-335.0,-191.0,-436.0,,-365.0
452.0,-741.0,,-254.0,-136.0,-327.0,-166.0,-644.0,,-337.0
440.0,-618.0,,-373.0,-205.0,-241.0,-129.0,-574.0,,-338.0
549.0,-506.0,,-391.0,-190.0,13.0,-103.0,-726.0,,-353.0
480.0,-366.0,,-266.0,-56.0,201.0,-111.0,-737.0,,-392.0
366.0,-251.0,,-431.0,44.0,162.0,-105.0,-785.0,,-430.0
204.0,-264.0,,-432.0,103.0,145.0,-93.0,-1021.0,,-456.0
291.0,-311.0,,-442.0,114.0,131.0,-58.0,-940.0,,-466.0
101.0,-325.0,,-758.0,61.0,67.0,-29.0,-1108.0,,-441.0
95.0,-272.0,,-771.0,72.0,-20.0,-34.0,-940.0,,-389.0
3.0,-105.0,,-657.0,128.0,-156.0,-60.0,-929.0,,-315.0
-116.0,108.0,,-888.0,129.0,-486.0,-88.0,-970.0,,-224.0
-43.0,275.0,,-937.0,98.0,-754.0,-118.0,-792.0,,-134.0
-225.0,257.0,,-653.0,21.0,-670.0,-118.0,-796.0,,-76.0
-160.0,244.0,,-738.0,-34.0,-590.0,-62.0,-471.0,,-46.0
-227.0,353.0,,-944.0,17.0,-601.0,-20.0,-413.0,,-45.0
-167.0,452.0,,-824.0,81.0,-654.0,0.0,-288.0,,-76.0
-155.0,486.0,,-749.0,89.0,-572.0,-40.0,-264.0,,-109.0
-261.0,392.0,,-875.0,10.0,-465.0,-126.0,-395.0,,-142.0
-156.0,181.0,,-824.0,-107.0,-788.0,-199.0,-327.0,,-164.0
-109.0,74.0,,-785.0,-95.0,-1145.0,-229.0,-545.0,,-183.0
-16.0,145.0,,-906.0,-22.0,-1119.0,-232.0,-458.0,,-235.0
-111.0,212.0,,-877.0,-25.0,-920.0,-246.0,-630.0,,-314.0
-12.0,247.0,,-741.0,-14.0,-769.0,-262.0,-774.0,,-417.0
86.0,221.0,,-847.0,0.0,-732.0,-275.0,-774.0,,-542.0
186.0,163.0,,-895.0,-8.0,-644.0,-255.0,-953.0,,-681.0
240.0,187.0,,-857.0,13.0,-514.0,-225.0,-779.0,,-826.0
162.0,276.0,,-975.0,0.0,-546.0,-196.0,-881.0,,-958.0
238.0,330.0,,-926.0,-55.0,-501.0,-201.0,-650.0,,-1075.0
290.0,342.0,,-888.0,-81.0,-361.0,-233.0,-421.0,,-1167.0
401.0,315.0,,-736.0,-88.0,-360.0,-253.0,-282.0,,-1222.0
390.0,180.0,,-605.0,-47.0,-335.0,-301.0,57.0,,-1249.0
431.0,-31.0,,-477.0,-7.0,-321.0,-335.0,51.0,,-1258.0
374.0,-329.0,,-358.0,-44.0,-274.0,-350.0,308.0,,-1251.0
515.0,-617.0,,-256.0,-12.0,-234.0,-341.0,269.0,,-1223.0
588.0,-701.0,,-95.0,120.0,-178.0,-298.0,319.0,,-1180.0
509.0,-527.0,,-151.0,252.0,42.0,-277.0,421.0,,-1130.0
589.0,-416.0,,-116.0,346.0,58.0,-293.0,395.0,,-1079.0
541.0,-577.0,,-141.0,300.0,0.0,-349.0,727.0,,-1036.0
691.0,-665.0,,-163.0,177.0,135.0,-415.0,659.0,,-987.0
678.0,-548.0,,-194.0,162.0,396.0,-476.0,757.0,,-942.0
651.0,-363.0,,-145.0,209.0,532.0,-522.0,665.0,,-913.0
648.0,-246.0,,-118.0,260.0,511.0,-540.0,511.0,,-882.0
625.0,-43.0,,-148.0,272.0,667.0,-561.0,524.0,,-871.0
686.0,343.0,,65.0,163.0,836.0,-568.0,312.0,,-872.0
722.0,645.0,,126.0,57.0,754.0,-554.0,491.0,,-857.0
577.0,631.0,,150.0,3.0,498.0,-543.0,434.0,,-853.0
608.0,368.0,,169.0,-50.0,466.0,-567.0,511.0,,-850.0
660.0,170.0,,192.0,-8.0,618.0,-620.0,506.0,,-849.0
474.0,58.0,,266.0,67.0,688.0,-668.0,323.0,,-866.0
457.0,45.0,,276.0,37.0,700.0,-705.0,400.0,,-875.0
417.0,22.0,,252.0,-17.0,586.0,-727.0,177.0,,-875.0
645.0,-53.0,,285.0,-95.0,490.0,-740.0,253.0,,-863.0
368.0,-36.0,,259.0,-221.0,462.0,-735.0,131.0,,-823.0
274.0,51.0,,107.0,-332.0,453.0,-710.0,-25.0,,-778.0
435.0,183.0,,114.0,-404.0,507.0,-684.0,-57.0,,-730.0
400.0,163.0,,128.0,-319.0,606.0,-670.0,-275.0,,-678.0
611.0,16.0,,28.0,-92.0,828.0,-680.0,-151.0,,-624.0
449.0,-162.0,,-67.0,65.0,1016.0,-703.0,-247.0,,-567.0
547.0,-291.0,,-84.0,102.0,937.0,-733.0,-121.0,,-503.0
404.0,-371.0,,-117.0,12.0,749.0,-774.0,-66.0,,-426.0
530.0,-418.0,,-215.0,-137.0,612.0,-786.0,-73.0,,-367.0
687.0,-289.0,,-323.0,-158.0,502.0,-765.0,232.0,,-347.0
512.0,-172.0,,-318.0,-98.0,320.0,-731.0,297.0,,-366.0
647.0,-212.0,,-235.0,-104.0,116.0,-690.0,593.0,,-423.0
499.0,-324.0,,-255.0,-113.0,-10.0,-665.0,641.0,,-503.0
702.0,-334.0,,-235.0,-120.0,-109.0,-653.0,798.0,,-587.0
602.0,-200.0,,-238.0,-120.0,-148.0,-677.0,960.0,,-671.0
614.0,-96.0,,-241.0,-64.0,-123.0,-743.0,883.0,,-759.0
700.0,-98.0,,-149.0,-60.0,-149.0,-786.0,1073.0,,-850.0
472.0,-89.0,,-153.0,-65.0,-230.0,-790.0,870.0,,-947.0
635.0,-62.0,,-278.0,-3.0,-234.0,-765.0,927.0,,-1029.0
529.0,-118.0,,-258.0,10.0,-128.0,-740.0,875.0,,-1083.0
572.0,-212.0,,-221.0,45.0,-79.0,-720.0,739.0,,-1113.0
455.0,-270.0,,-262.0,159.0,-271.0,-702.0,885.0,,-1100.0
407.0,-161.0,,-142.0,267.0,-356.0,-706.0,809.0,,-1059.0
367.0,49.0,,-79.0,331.0,-137.0,-691.0,984.0,,-1017.0
267.0,113.0,,-39.0,274.0,100.0,-655.0,816.0,,-967.0
342.0,53.0,,2.0,161.0,208.0,-616.0,814.0,,-921.0
121.0,47.0,,-76.0,152.0,227.0,-570.0,903.0,,-855.0
165.0,126.0,,-179.0,183.0,481.0,-538.0,790.0,,-777.0
54.0,237.0,,-236.0,178.0,709.0,-524.0,877.0,,-706.0
20.0,315.0,,-308.0,147.0,647.0,-518.0,550.0,,-638.0
-5.0,309.0,,-316.0,60.0,417.0,-487.0,484.0,,-591.0
43.0,185.0,,-235.0,25.0,313.0,-430.0,288.0,,-557.0
23.0,-59.0,,-262.0,46.0,459.0,-367.0,138.0,,-540.0
-140.0,-205.0,,-183.0,-4.0,466.0,-285.0,195.0,,-560.0
-80.0,-170.0,,-49.0,-38.0,389.0,-188.0,-29.0,,-598.0
-24.0,-80.0,,27.0,-42.0,256.0,-110.0,57.0,,-666.0
160.0,-38.0,,17.0,-90.0,315.0,-87.0,-127.0,,-767.0
-53.0,-65.0,,-117.0,-125.0,418.0,-85.0,-118.0,,-881.0
11.0,-109.0,,-205.0,-124.0,369.0,-73.0,-120.0,,-994.0
74.0,-145.0,,-154.0,-55.0,422.0,-66.0,-223.0,,-1081.0
108.0,-44.0,,-75.0,63.0,480.0,-53.0,-48.0,,-1133.0
121.0,140.0,,-156.0,60.0,507.0,-31.0,-203.0,,-1151.0
62.0,336.0,,-182.0,-17.0,248.0,5.0,-83.0,,-1133.0
158.0,563.0,,-207.0,-8.0,-44.0,56.0,-232.0,,-1081.0
33.0,664.0,,-259.0,9.0,-162.0,60.0,-373.0,,-1008.0
175.0,665.0,,-208.0,40.0,-133.0,20.0,-436.0,,-925.0
109.0,573.0,,-166.0,91.0,68.0,-18.0,-670.0,,-819.0
230.0,387.0,,-186.0,83.0,182.0,-26.0,-497.0,,-712.0
173.0,188.0,,-202.0,143.0,238.0,-4.0,-609.0,,-599.0
135.0,167.0,,-131.0,225.0,273.0,26.0,-480.0,,-486.0
210.0,326.0,,-244.0,189.0,266.0,66.0,-445.0,,-399.0
166.0,401.0,,-290.0,132.0,110.0,127.0,-454.0,,-330.0
283.0,440.0,,-242.0,84.0,-194.0,181.0,-293.0,,-295.0
138.0,515.0,,-248.0,75.0,-373.0,199.0,-473.0,,-290.0
245.0,637.0,,-97.0,143.0,-338.0,205.0,-343.0,,-306.0
114.0,573.0,,-55.0,153.0,-461.0,213.0,-504.0,,-347.0
62.0,384.0,,-94.0,110.0,-822.0,221.0,-565.0,,-416.0
56.0,371.0,,-147.0,85.0,-1069.0,229.0,-667.0,,-499.0
97.0,414.0,,-205.0,25.0,-1185.0,224.0,-984.0,,-610.0
11.0,398.0,,-155.0,15.0,-1138.0,225.0,-1012.0,,-733.0
-223.0,306.0,,-62.0,41.0,-997.0,233.0,-1298.0,,-812.0
-86.0,302.0,,0.0,0.0,-1043.0,236.0,-1271.0,,-856.0
-253.0,269.0,,105.0,19.0,-1090.0,269.0,-1354.0,,-851.0
-210.0,46.0,,176.0,60.0,-1051.0,294.0,-1269.0,,-805.0
-227.0,-225.0,,145.0,46.0,-1018.0,322.0,-979.0,,-734.0
-250.0,-364.0,,7.0,103.0,-1017.0,394.0,-981.0,,-654.0
-353.0,-256.0,,-148.0,151.0,-1174.0,449.0,-716.0,,-600.0
-462.0,-1.0,,-68.0,139.0,-1218.0,486.0,-702.0,,-534.0
-303.0,216.0,,-128.0,138.0,-1164.0,462.0,-426.0,,-466.0
-347.0,278.0,,-214.0,90.0,-1156.0,376.0,-232.0,,-387.0
-331.0,327.0,,-140.0,83.0,-1247.0,301.0,-186.0,,-288.0
-445.0,379.0,,-162.0,153.0,-1439.0,243.0,81.0,,-210.0
-371.0,321.0,,-158.0,144.0,-1450.0,229.0,36.0,,-153.0
-411.0,250.0,,-58.0,110.0,-1569.0,247.0,212.0,,-120.0
-488.0,326.0,,21.0,115.0,-1846.0,260.0,90.0,,-101.0
-502.0,468.0,,-17.0,99.0,-2107.0,244.0,25.0,,-98.0
-568.0,431.0,,-27.0,91.0,-2203.0,217.0,-12.0,,-113.0
-485.0,273.0,,-93.0,48.0,-2075.0,197.0,-290.0,,-119.0
-624.0,167.0,,-100.0,-3.0,-2001.0,170.0,-240.0,,-122.0
-619.0,129.0,,-123.0,26.0,-1938.0,150.0,-432.0,,-123.0
-561.0,52.0,,-255.0,26.0,-1903.0,149.0,-384.0,,-118.0
-518.0,-29.0,,-269.0,30.0,-1768.0,146.0,-474.0,,-101.0
-597.0,-21.0,,-301.0,128.0,-1512.0,168.0,-598.0,,-63.0
-598.0,-21.0,,-318.0,148.0,-1531.0,224.0,-522.0,,-2.0
-478.0,-92.0,,-321.0,62.0,-1802.0,263.0,-707.0,,82.0
-488.0,-195.0,,-234.0,-56.0,-1929.0,286.0,-583.0,,168.0
-496.0,-320.0,,-119.0,-198.0,-1916.0,300.0,-785.0,,252.0
-480.0,-476.0,,-90.0,-205.0,-1866.0,293.0,-840.0,,340.0
-376.0,-573.0,,3.0,-102.0,-1796.0,288.0,-827.0,,434.0
-442.0,-514.0,,69.0,-40.0,-1743.0,283.0,-1010.0,,517.0
-422.0,-345.0,,94.0,13.0,-1523.0,251.0,-975.0,,584.0
-416.0,-208.0,,134.0,-14.0,-1339.0,218.0,-1217.0,,639.0
-361.0,-141.0,,204.0,-114.0,-1380.0,196.0,-1097.0,,667.0
-427.0,-53.0,,299.0,-139.0,-1428.0,208.0,-1103.0,,676.0
-439.0,14.0,,250.0,-188.0,-1445.0,257.0,-1123.0,,669.0
-306.0,31.0,,164.0,-247.0,-1411.0,310.0,-1031.0,,653.0
-434.0,74.0,,132.0,-206.0,-1271.0,365.0,-1117.0,,648.0
-422.0,96.0,,107.0,-177.0,-1249.0,384.0,-840.0,,630.0
-484.0,15.0,,109.0,-125.0,-1325.0,367.0,-872.0,,608.0
-365.0,-137.0,,60.0,-34.0,-1361.0,352.0,-729.0,,588.0
-439.0,-231.0,,-20.0,-27.0,-1398.0,353.0,-618.0,,569.0
-497.0,-223.0,,-81.0,-31.0,-1559.0,383.0,-576.0,,595.0
-424.0,-205.0,,-90.0,-16.0,-1830.0,439.0,-229.0,,662.0
-457.0,-138.0,,-54.0,-27.0,-1837.0,490.0,-206.0,,776.0
-321.0,36.0,,41.0,-13.0,-1702.0,523.0,-20.0,,905.0
-411.0,120.0,,167.0,-28.0,-1571.0,512.0,-107.0,,1000.0
-371.0,26.0,,224.0,-30.0,-1542.0,472.0,-173.0,,1069.0
-465.0,-27.0,,216.0,72.0,-1500.0,466.0,-162.0,,1084.0
-470.0,49.0,,161.0,127.0,-1192.0,462.0,-262.0,,1054.0
-461.0,203.0,,186.0,79.0,-935.0,472.0,-14.0,,971.0
-489.0,307.0,,284.0,63.0,-742.0,467.0,-27.0,,847.0
-408.0,298.0,,321.0,86.0,-560.0,439.0,125.0,,714.0
-555.0,228.0,,355.0,171.0,-343.0,436.0,20.0,,554.0
-557.0,96.0,,367.0,232.0,-281.0,451.0,-145.0,,400.0
-503.0,-68.0,,272.0,175.0,-678.0,493.0,-149.0,,262.0
-486.0,-187.0,,85.0,165.0,-1003.0,505.0,-408.0,,139.0
-548.0,-170.0,,10.0,195.0,-993.0,459.0,-208.0,,39.0
-554.0,-120.0,,6.0,180.0,-898.0,377.0,-188.0,,-31.0
-535.0,-121.0,,-51.0,204.0,-920.0,327.0,-68.0,,-62.0
-517.0,-103.0,,-52.0,190.0,-1059.0,333.0,-57.0,,-82.0
-527.0,12.0,,-10.0,100.0,-1076.0,371.0,-271.0,,-82.0
-536.0,244.0,,38.0,47.0,-1005.0,392.0,-179.0,,-53.0
-577.0,441.0,,65.0,7.0,-900.0,363.0,-389.0,,-6.0
-628.0,507.0,,130.0,-10.0,-814.0,316.0,-371.0,,62.0
-533.0,463.0,,141.0,35.0,-621.0,280.0,-548.0,,150.0
-551.0,461.0,,69.0,44.0,-427.0,271.0,-681.0,,259.0
-673.0,456.0,,27.0,12.0,-512.0,267.0,-663.0,,376.0
-720.0,368.0,,24.0,-36.0,-598.0,256.0,-870.0,,504.0
-664.0,245.0,,69.0,-140.0,-607.0,218.0,-776.0,,634.0
-709.0,102.0,,137.0,-201.0,-585.0,143.0,-966.0,,761.0
-710.0,15.0,,158.0,-181.0,-501.0,49.0,-877.0,,885.0
-741.0,-65.0,,185.0,-125.0,-214.0,-6.0,-755.0,,979.0
-723.0,-78.0,,365.0,-3.0,-16.0,-32.0,-694.0,,1043.0
-742.0,-77.0,,372.0,114.0,-123.0,-67.0,-327.0,,1091.0
-787.0,-106.0,,352.0,151.0,1.0,-108.0,-179.0,,1125.0
-693.0,-98.0,,478.0,173.0,179.0,-160.0,168.0,,1141.0
-579.0,-91.0,,367.0,138.0,161.0,-161.0,151.0,,1130.0
-509.0,-83.0,,241.0,8.0,93.0,-123.0,107.0,,1100.0
-682.0,-90.0,,291.0,-115.0,-32.0,-77.0,35.0,,1058.0
-683.0,-36.0,,344.0,-196.0,-136.0,-45.0,-256.0,,993.0
-620.0,-22.0,,245.0,-216.0,-150.0,-63.0,-243.0,,913.0
-550.0,-62.0,,246.0,-186.0,29.0,-104.0,-500.0,,862.0
-638.0,-114.0,,287.0,-172.0,181.0,-127.0,-478.0,,847.0
-718.0,-182.0,,213.0,-109.0,256.0,-144.0,-582.0,,853.0
-652.0,-218.0,,223.0,25.0,516.0,-165.0,-709.0,,879.0
-687.0,-281.0,,217.0,78.0,698.0,-191.0,-589.0,,908.0
-694.0,-332.0,,279.0,46.0,559.0,-222.0,-696.0,,940.0
-683.0,-365.0,,248.0,60.0,250.0,-227.0,-423.0,,950.0
-600.0,-338.0,,140.0,109.0,127.0,-223.0,-386.0,,936.0
-804.0,-299.0,,189.0,150.0,156.0,-219.0,-181.0,,927.0
-784.0,-261.0,,264.0,167.0,43.0,-205.0,-12.0,,924.0
-683.0,-197.0,,261.0,138.0,-95.0,-174.0,-70.0,,935.0
-761.0,-161.0,,314.0,137.0,-81.0,-176.0,188.0,,913.0
-815.0,-126.0,,411.0,152.0,103.0,-210.0,175.0,,848.0
-842.0,-138.0,,394.0,123.0,108.0,-255.0,521.0,,758.0
-854.0,-167.0,,407.0,91.0,-205.0,-286.0,604.0,,653.0
-930.0,-226.0,,308.0,24.0,-483.0,-313.0,528.0,,589.0
-823.0,-293.0,,180.0,-80.0,-659.0,-342.0,574.0,,561.0
-920.0,-324.0,,165.0,-105.0,-783.0,-341.0,391.0,,559.0
-917.0,-352.0,,161.0,-45.0,-851.0,-331.0,582.0,,574.0
-1000.0,-381.0,,122.0,28.0,-881.0,-275.0,474.0,,622.0
-925.0,-403.0,,67.0,125.0,-934.0,-255.0,517.0,,684.0
-818.0,-345.0,,55.0,202.0,-1072.0,-302.0,539.0,,735.0
-906.0,-186.0,,70.0,198.0,-1066.0,-344.0,484.0,,796.0
-835.0,15.0,,160.0,164.0,-986.0,-352.0,727.0,,845.0
-1026.0,159.0,,178.0,86.0,-928.0,-302.0,611.0,,897.0
-803.0,222.0,,209.0,-7.0,-703.0,-274.0,655.0,,956.0
-835.0,253.0,,248.0,-20.0,-463.0,-280.0,448.0,,1011.0
-883.0,203.0,,256.0,-3.0,-344.0,-346.0,269.0,,1081.0
-899.0,17.0,,290.0,10.0,-363.0,-444.0,147.0,,1138.0
-950.0,-177.0,,244.0,18.0,-344.0,-502.0,-144.0,,1182.0
-735.0,-251.0,,325.0,-49.0,-177.0,-506.0,-68.0,,1240.0
-925.0,-289.0,,360.0,-169.0,37.0,-451.0,-242.0,,1289.0
-730.0,-310.0,,268.0,-229.0,-74.0,-410.0,-129.0,,1304.0
-869.0,-263.0,,316.0,-222.0,-486.0,-386.0,-114.0,,1302.0
-874.0,-69.0,,360.0,-167.0,-669.0,-380.0,-151.0,,1301.0
-791.0,186.0,,393.0,-74.0,-744.0,-398.0,57.0,,1309.0
-752.0,316.0,,500.0,-38.0,-884.0,-430.0,-48.0,,1323.0
-533.0,362.0,,490.0,-22.0,-1080.0,-447.0,138.0,,1331.0
-786.0,372.0,,387.0,23.0,-1007.0,-442.0,97.0,,1328.0
-631.0,393.0,,366.0,17.0,-748.0,-431.0,118.0,,1323.0
-766.0,439.0,,364.0,-6.0,-611.0,-392.0,73.0,,1326.0
-714.0,494.0,,412.0,-37.0,-442.0,-386.0,-64.0,,1350.0
-642.0,507.0,,488.0,-94.0,-322.0,-439.0,116.0,,1363.0
-645.0,414.0,,531.0,-74.0,-208.0,-476.0,14.0,,1345.0
-524.0,268.0,,615.0,-6.0,-273.0,-464.0,258.0,,1308.0
-759.0,135.0,,660.0,30.0,-410.0,-402.0,343.0,,1251.0
-597.0,122.0,,660.0,59.0,-292.0,-319.0,460.0,,1199.0
-654.0,115.0,,713.0,63.0,-60.0,-287.0,711.0,,1147.0
-498.0,62.0,,787.0,62.0,57.0,-297.0,641.0,,1088.0
-484.0,62.0,,787.0,115.0,121.0,-311.0,816.0,,1039.0
-646.0,117.0,,766.0,153.0,227.0,-367.0,722.0,,984.0
-565.0,203.0,,701.0,162.0,201.0,-423.0,842.0,,922.0
-635.0,262.0,,595.0,180.0,166.0,-450.0,934.0,,871.0
-546.0,337.0,,477.0,127.0,69.0,-444.0,951.0,,825.0
-751.0,412.0,,396.0,49.0,-121.0,-390.0,1217.0,,782.0
-713.0,430.0,,363.0,34.0,-364.0,-349.0,1243.0,,730.0
-750.0,340.0,,269.0,-6.0,-697.0,-344.0,1537.0,,691.0
-879.0,259.0,,221.0,-54.0,-799.0,-354.0,1431.0,,666.0
-784.0,292.0,,176.0,-65.0,-617.0,-348.0,1265.0,,647.0
-826.0,347.0,,228.0,-85.0,-423.0,-336.0,1125.0,,624.0
-737.0,339.0,,335.0,-46.0,-340.0,-347.0,796.0,,576.0
-855.0,226.0,,408.0,1.0,-248.0,-356.0,879.0,,505.0
-601.0,94.0,,460.0,-38.0,-129.0,-347.0,768.0,,421.0
-598.0,-81.0,,471.0,-48.0,-27.0,-330.0,977.0,,356.0
-720.0,-258.0,,539.0,0.0,31.0,-327.0,1058.0,,321.0
-498.0,-368.0,,525.0,26.0,78.0,-325.0,990.0,,306.0
-491.0,-433.0,,547.0,25.0,317.0,-298.0,1027.0,,275.0
-364.0,-431.0,,525.0,-46.0,638.0,-255.0,761.0,,190.0
-573.0,-364.0,,394.0,-157.0,771.0,-211.0,818.0,,81.0
-333.0,-195.0,,333.0,-145.0,815.0,-234.0,642.0,,-26.0
-272.0,1.0,,318.0,-88.0,822.0,-310.0,661.0,,-110.0
-305.0,170.0,,225.0,-65.0,887.0,-391.0,685.0,,-169.0
-153.0,281.0,,10.0,-39.0,1007.0,-413.0,578.0,,-234.0
-231.0,378.0,,-89.0,-87.0,860.0,-348.0,800.0,,-318.0
-87.0,491.0,,-138.0,-119.0,695.0,-278.0,716.0,,-422.0
-267.0,570.0,,-166.0,-79.0,756.0,-211.0,920.0,,-532.0
-48.0,600.0,,-170.0,-82.0,957.0,-160.0,975.0,,-606.0
-164.0,564.0,,-181.0,-78.0,947.0,-131.0,1003.0,,-656.0
-87.0,507.0,,-103.0,-37.0,686.0,-93.0,1141.0,,-666.0
-41.0,415.0,,-103.0,-30.0,709.0,-26.0,1136.0,,-601.0
-188.0,353.0,,-135.0,-24.0,873.0,29.0,1411.0,,-508.0
-54.0,293.0,,-130.0,-43.0,847.0,29.0,1274.0,,-398.0
-226.0,195.0,,-131.0,-109.0,579.0,16.0,1252.0,,-294.0
19.0,75.0,,-141.0,-92.0,348.0,-12.0,1121.0,,-198.0
-98.0,-52.0,,-143.0,-29.0,398.0,-29.0,934.0,,-77.0
113.0,-104.0,,-98.0,5.0,547.0,-33.0,997.0,,71.0
-75.0,-131.0,,-83.0,62.0,636.0,-14.0,748.0,,241.0
-180.0,-88.0,,1.0,68.0,763.0,32.0,766.0,,416.0
64.0,-44.0,,121.0,56.0,1129.0,68.0,587.0,,578.0
4.0,-85.0,,191.0,72.0,1535.0,97.0,522.0,,703.0
130.0,-141.0,,225.0,26.0,1641.0,143.0,428.0,,790.0
-156.0,-158.0,,210.0,13.0,1452.0,188.0,123.0,,834.0
127.0,-93.0,,242.0,56.0,1282.0,250.0,192.0,,846.0
-55.0,-65.0,,274.0,58.0,1302.0,312.0,110.0,,819.0
0.0,-50.0,,245.0,90.0,1489.0,313.0,419.0,,738.0
69.0,-36.0,,172.0,136.0,1708.0,313.0,628.0,,606.0
-20.0,-13.0,,151.0,122.0,1728.0,295.0,796.0,,426.0
85.0,68.0,,88.0,130.0,1563.0,297.0,1090.0,,224.0
4.0,156.0,,23.0,113.0,1448.0,342.0,1062.0,,17.0
284.0,231.0,,8.0,59.0,1571.0,355.0,1311.0,,-187.0
-12.0,270.0,,-66.0,65.0,1682.0,352.0,1317.0,,-366.0
222.0,314.0,,-113.0,35.0,1680.0,344.0,1483.0,,-507.0
222.0,390.0,,-132.0,1.0,1779.0,360.0,1552.0,,-601.0
341.0,462.0,,-129.0,23.0,2188.0,384.0,1415.0,,-642.0
468.0,476.0,,-162.0,-19.0,2660.0,412.0,1487.0,,-651.0
442.0,437.0,,-188.0,-72.0,2815.0,483.0,1201.0,,-638.0
644.0,344.0,,-193.0,-113.0,2974.0,574.0,1193.0,,-609.0
459.0,192.0,,-195.0,-191.0,3189.0,624.0,1058.0,,-600.0
802.0,59.0,,-291.0,-203.0,3267.0,601.0,1060.0,,-628.0
689.0,-12.0,,-464.0,-187.0,2882.0,545.0,1173.0,,-699.0
795.0,17.0,,-535.0,-216.0,2271.0,519.0,1056.0,,-781.0
759.0,104.0,,-622.0,-176.0,2121.0,537.0,1263.0,,-853.0
811.0,182.0,,-581.0,-121.0,2228.0,569.0,1160.0,,-912.0
864.0,192.0,,-510.0,-116.0,2205.0,614.0,1217.0,,-940.0
738.0,128.0,,-564.0,-73.0,1944.0,649.0,1088.0,,-945.0
969.0,33.0,,-508.0,-40.0,1705.0,658.0,807.0,,-908.0
741.0,-98.0,,-402.0,-11.0,1648.0,659.0,750.0,,-853.0
762.0,-224.0,,-258.0,35.0,1613.0,654.0,493.0,,-759.0
651.0,-302.0,,-162.0,-14.0,1413.0,649.0,539.0,,-629.0
767.0,-335.0,,-119.0,-88.0,1195.0,638.0,290.0,,-506.0
679.0,-374.0,,-17.0,-103.0,1128.0,624.0,201.0,,-375.0
641.0,-377.0,,7.0,-139.0,1172.0,620.0,157.0,,-273.0
630.0,-306.0,,44.0,-144.0,1168.0,624.0,-24.0,,-210.0
390.0,-265.0,,100.0,-86.0,1014.0,638.0,123.0,,-213.0
525.0,-249.0,,100.0,-53.0,1020.0,659.0,-3.0,,-288.0
643.0,-205.0,,88.0,21.0,1116.0,654.0,199.0,,-404.0
767.0,-140.0,,104.0,99.0,1215.0,626.0,267.0,,-533.0
460.0,-94.0,,126.0,82.0,1379.0,643.0,358.0,,-622.0
473.0,-81.0,,129.0,73.0,1573.0,690.0,532.0,,-670.0
572.0,-86.0,,117.0,58.0,1751.0,732.0,399.0,,-666.0
638.0,-90.0,,82.0,25.0,1962.0,769.0,631.0,,-626.0
575.0,-74.0,,76.0,51.0,2074.0,784.0,620.0,,-563.0
547.0,-71.0,,40.0,77.0,1940.0,777.0,809.0,,-465.0
519.0,-116.0,,-38.0,88.0,1850.0,744.0,960.0,,-343.0
421.0,-174.0,,-44.0,109.0,1924.0,693.0,1008.0,,-190.0
515.0,-168.0,,-2.0,57.0,2256.0,622.0,1221.0,,-29.0
328.0,-109.0,,-14.0,-16.0,2419.0,548.0,1021.0,,146.0
496.0,-35.0,,21.0,-55.0,2269.0,492.0,1066.0,,318.0
378.0,78.0,,18.0,-128.0,2204.0,469.0,916.0,,439.0
396.0,202.0,,31.0,-151.0,2282.0,479.0,918.0,,511.0
323.0,273.0,,60.0,-106.0,2279.0,504.0,1086.0,,536.0
372.0,244.0,,-62.0,-95.0,1924.0,557.0,1103.0,,528.0
435.0,185.0,,-129.0,-60.0,1526.0,599.0,1380.0,,488.0
244.0,171.0,,-129.0,-11.0,1193.0,624.0,1219.0,,422.0
457.0,175.0,,-122.0,-15.0,910.0,620.0,1178.0,,340.0
307.0,167.0,,-255.0,-3.0,797.0,570.0,1031.0,,261.0
408.0,147.0,,-453.0,-11.0,953.0,515.0,890.0,,203.0
307.0,153.0,,-536.0,-48.0,1190.0,467.0,1018.0,,153.0
414.0,116.0,,-531.0,-27.0,1110.0,437.0,905.0,,92.0
340.0,45.0,,-484.0,-21.0,881.0,433.0,1104.0,,35.0
224.0,60.0,,-451.0,-17.0,761.0,439.0,1023.0,,-19.0
471.0,172.0,,-429.0,63.0,740.0,444.0,949.0,,-67.0
440.0,267.0,,-442.0,114.0,747.0,461.0,818.0,,-81.0
454.0,315.0,,-456.0,95.0,809.0,477.0,509.0,,-89.0
375.0,402.0,,-395.0,53.0,866.0,479.0,522.0,,-89.0
569.0,431.0,,-356.0,-10.0,816.0,449.0,306.0,,-87.0
587.0,324.0,,-490.0,-16.0,680.0,381.0,323.0,,-91.0
708.0,107.0,,-515.0,21.0,600.0,312.0,199.0,,-81.0
725.0,-59.0,,-496.0,13.0,567.0,277.0,127.0,,-87.0
814.0,-128.0,,-588.0,36.0,403.0,266.0,205.0,,-111.0
825.0,-208.0,,-560.0,63.0,61.0,255.0,81.0,,-143.0
993.0,-264.0,,-545.0,31.0,-283.0,268.0,317.0,,-186.0
1089.0,-281.0,,-595.0,27.0,-409.0,296.0,286.0,,-228.0
932.0,-260.0,,-561.0,9.0,-404.0,316.0,393.0,,-264.0
1071.0,-285.0,,-444.0,-44.0,-552.0,320.0,445.0,,-289.0
975.0,-327.0,,-377.0,-36.0,-733.0,314.0,345.0,,-321.0
1236.0,-294.0,,-383.0,-14.0,-750.0,302.0,430.0,,-354.0
1098.0,-215.0,,-413.0,1.0,-812.0,274.0,195.0,,-361.0
1232.0,-215.0,,-369.0,35.0,-895.0,211.0,256.0,,-355.0
1013.0,-288.0,,-252.0,-1.0,-832.0,151.0,116.0,,-354.0
1012.0,-244.0,,-209.0,-55.0,-704.0,157.0,46.0,,-376.0
1221.0,-159.0,,-204.0,-53.0,-837.0,197.0,88.0,,-433.0
1061.0,-142.0,,-235.0,-85.0,-947.0,266.0,-121.0,,-517.0
1229.0,-135.0,,-249.0,-114.0,-769.0,327.0,-62.0,,-621.0
929.0,-33.0,,-264.0,-126.0,-687.0,361.0,-327.0,,-723.0
1107.0,30.0,,-299.0,-183.0,-674.0,389.0,-358.0,,-812.0
721.0,-62.0,,-296.0,-209.0,-644.0,369.0,-430.0,,-888.0
950.0,-84.0,,-359.0,-196.0,-620.0,324.0,-576.0,,-950.0
1025.0,-14.0,,-430.0,-179.0,-743.0,273.0,-489.0,,-1015.0
938.0,-46.0,,-429.0,-115.0,-814.0,236.0,-609.0,,-1085.0
965.0,-193.0,,-493.0,-99.0,-721.0,222.0,-323.0,,-1153.0
721.0,-274.0,,-499.0,-138.0,-759.0,225.0,-277.0,,-1197.0
1124.0,-261.0,,-377.0,-113.0,-1007.0,232.0,-123.0,,-1202.0
754.0,-265.0,,-356.0,-99.0,-1243.0,241.0,101.0,,-1171.0
1152.0,-357.0,,-287.0,-101.0,-1116.0,271.0,177.0,,-1100.0
1025.0,-395.0,,-197.0,-47.0,-955.0,283.0,545.0,,-1008.0
1097.0,-324.0,,-175.0,-22.0,-1079.0,283.0,524.0,,-898.0
1171.0,-287.0,,-115.0,-19.0,-1423.0,270.0,713.0,,-799.0
1015.0,-281.0,,-107.0,-3.0,-1598.0,257.0,696.0,,-731.0
1284.0,-166.0,,-110.0,-25.0,-1595.0,257.0,600.0,,-676.0
934.0,72.0,,-63.0,-1.0,-1861.0,249.0,615.0,,-602.0
1293.0,249.0,,-65.0,61.0,-2017.0,240.0,325.0,,-496.0
980.0,325.0,,-86.0,73.0,-1894.0,183.0,410.0,,-362.0
1198.0,421.0,,7.0,134.0,-1677.0,115.0,218.0,,-216.0
1177.0,581.0,,83.0,219.0,-1573.0,96.0,203.0,,-91.0
993.0,552.0,,65.0,260.0,-1642.0,105.0,275.0,,17.0
1105.0,305.0,,36.0,310.0,-1424.0,125.0,254.0,,88.0
891.0,115.0,,26.0,284.0,-1125.0,107.0,448.0,,133.0
1236.0,28.0,,-12.0,203.0,-1039.0,76.0,214.0,,152.0
801.0,-31.0,,-83.0,166.0,-1032.0,37.0,162.0,,141.0
955.0,-118.0,,-110.0,109.0,-1195.0,0.0,-60.0,,131.0
882.0,-109.0,,-83.0,68.0,-1229.0,-6.0,-212.0,,106.0
847.0,-42.0,,-74.0,88.0,-1323.0,-6.0,-251.0,,67.0
993.0,-83.0,,-138.0,71.0,-1673.0,-10.0,-509.0,,14.0
806.0,-212.0,,-141.0,59.0,-1896.0,-27.0,-432.0,,-63.0
957.0,-234.0,,-212.0,80.0,-2080.0,-27.0,-604.0,,-169.0
664.0,-110.0,,-270.0,51.0,-2087.0,-25.0,-587.0,,-271.0
913.0,-24.0,,-217.0,44.0,-2049.0,-43.0,-667.0,,-352.0
823.0,46.0,,-230.0,44.0,-1947.0,-52.0,-809.0,,-408.0
747.0,178.0,,-281.0,0.0,-1707.0,-62.0,-739.0,,-427.0
680.0,350.0,,-318.0,1.0,-1526.0,-74.0,-842.0,,-463.0
603.0,390.0,,-297.0,-5.0,-1275.0,-108.0,-563.0,,-519.0
685.0,314.0,,-305.0,-49.0,-1208.0,-124.0,-517.0,,-589.0
476.0,283.0,,-330.0,-40.0,-1266.0,-114.0,-365.0,,-676.0
781.0,248.0,,-283.0,-45.0,-1185.0,-84.0,-232.0,,-758.0
568.0,145.0,,-210.0,-65.0,-778.0,-50.0,-264.0,,-850.0
523.0,-35.0,,-221.0,-23.0,-434.0,-73.0,5.0,,-920.0
475.0,-107.0,,-245.0,16.0,-429.0,-104.0,-75.0,,-970.0
469.0,-91.0,,-246.0,78.0,-462.0,-105.0,72.0,,-1004.0
660.0,-170.0,,-291.0,154.0,-488.0,-101.0,66.0,,-992.0
590.0,-252.0,,-322.0,153.0,-398.0,-115.0,73.0,,-954.0
650.0,-249.0,,-319.0,180.0,-409.0,-136.0,277.0,,-893.0
453.0,-248.0,,-379.0,229.0,-370.0,-137.0,127.0,,-814.0
597.0,-287.0,,-458.0,200.0,-383.0,-145.0,177.0,,-723.0
587.0,-255.0,,-406.0,186.0,-443.0,-177.0,27.0,,-630.0
641.0,-146.0,,-400.0,179.0,-469.0,-218.0,190.0,,-550.0
673.0,40.0,,-447.0,152.0,-632.0,-246.0,380.0,,-465.0
577.0,185.0,,-446.0,170.0,-620.0,-300.0,419.0,,-387.0
614.0,211.0,,-394.0,126.0,-682.0,-354.0,644.0,,-329.0
439.0,254.0,,-357.0,52.0,-577.0,-380.0,482.0,,-288.0
539.0,237.0,,-269.0,46.0,-315.0,-416.0,563.0,,-250.0
509.0,141.0,,-126.0,-23.0,-127.0,-447.0,336.0,,-217.0
419.0,4.0,,-76.0,-111.0,12.0,-486.0,138.0,,-185.0
412.0,-84.0,,-65.0,-147.0,33.0,-520.0,173.0,,-134.0
384.0,-102.0,,-108.0,-205.0,310.0,-551.0,73.0,,-73.0
333.0,-95.0,,-94.0,-202.0,742.0,-555.0,327.0,,-15.0
251.0,-18.0,,-100.0,-144.0,910.0,-532.0,240.0,,6.0
265.0,46.0,,-60.0,-113.0,689.0,-534.0,251.0,,9.0
283.0,54.0,,44.0,-32.0,591.0,-524.0,59.0,,-7.0
261.0,-17.0,,28.0,16.0,556.0,-545.0,-282.0,,-55.0
311.0,-71.0,,16.0,-26.0,308.0,-588.0,-448.0,,-96.0
207.0,-75.0,,-27.0,-46.0,42.0,-646.0,-838.0,,-132.0
104.0,-80.0,,-13.0,-94.0,-64.0,-704.0,-848.0,,-157.0
179.0,-72.0,,81.0,-143.0,73.0,-736.0,-1034.0,,-166.0
181.0,-43.0,,112.0,-101.0,142.0,-771.0,-999.0,,-172.0
185.0,43.0,,65.0,-69.0,316.0,-769.0,-862.0,,-187.0
67.0,68.0,,118.0,-44.0,664.0,-772.0,-877.0,,-195.0
83.0,17.0,,183.0,-22.0,1156.0,-770.0,-626.0,,-199.0
59.0,-12.0,,193.0,-81.0,1525.0,-757.0,-691.0,,-176.0
66.0,-6.0,,241.0,-92.0,1533.0,-762.0,-485.0,,-121.0
140.0,-68.0,,233.0,-29.0,1581.0,-796.0,-436.0,,-61.0
49.0,-186.0,,258.0,9.0,1529.0,-881.0,-461.0,,6.0
9.0,-265.0,,223.0,76.0,1340.0,-936.0,-369.0,,52.0
-26.0,-316.0,,148.0,127.0,1053.0,-943.0,-482.0,,64.0
-27.0,-365.0,,93.0,133.0,671.0,-941.0,-312.0,,31.0
41.0,-426.0,,36.0,167.0,482.0,-928.0,-533.0,,-31.0
114.0,-373.0,,-24.0,163.0,498.0,-925.0,-635.0,,-106.0
-67.0,-272.0,,-66.0,124.0,711.0,-935.0,-776.0,,-189.0
-168.0,-225.0,,-136.0,129.0,997.0,-953.0,-1010.0,,-249.0
-71.0,-195.0,,-302.0,107.0,1118.0,-975.0,-944.0,,-297.0
25.0,-69.0,,-366.0,100.0,1268.0,-992.0,-1225.0,,-329.0
26.0,118.0,,-412.0,162.0,1521.0,-1028.0,-1193.0,,-340.0
-101.0,177.0,,-512.0,187.0,1712.0,-1056.0,-1330.0,,-333.0
-171.0,185.0,,-557.0,221.0,1661.0,-1054.0,-1387.0,,-284.0
-174.0,236.0,,-537.0,240.0,1419.0,-1048.0,-1324.0,,-186.0
-187.0,257.0,,-501.0,164.0,1367.0,-1036.0,-1513.0,,-43.0
-173.0,85.0,,-375.0,128.0,1207.0,-1033.0,-1326.0,,132.0
-153.0,-176.0,,-293.0,111.0,993.0,-1025.0,-1346.0,,321.0
-251.0,-331.0,,-298.0,81.0,1030.0,-1019.0,-1075.0,,476.0
-251.0,-422.0,,-217.0,110.0,1066.0,-1049.0,-901.0,,572.0
-357.0,-550.0,,-173.0,97.0,1012.0,-1103.0,-796.0,,630.0
-357.0,-648.0,,-133.0,55.0,899.0,-1142.0,-517.0,,651.0
-254.0,-581.0,,-134.0,49.0,895.0,-1123.0,-646.0,,651.0
-247.0,-479.0,,-121.0,-16.0,899.0,-1082.0,-487.0,,632.0
-264.0,-460.0,,-33.0,-37.0,855.0,-1072.0,-659.0,,589.0
-401.0,-454.0,,-5.0,20.0,761.0,-1098.0,-776.0,,531.0
-292.0,-327.0,,-17.0,13.0,625.0,-1137.0,-787.0,,449.0
-243.0,-179.0,,-22.0,16.0,597.0,-1182.0,-938.0,,374.0
-345.0,-112.0,,0.0,-2.0,676.0,-1229.0,-779.0,,314.0
-338.0,-51.0,,24.0,-84.0,767.0,-1262.0,-864.0,,271.0
-252.0,-1.0,,11.0,-107.0,661.0,-1271.0,-659.0,,252.0
-221.0,74.0,,24.0,-157.0,358.0,-1225.0,-657.0,,244.0
-214.0,102.0,,136.0,-192.0,52.0,-1170.0,-659.0,,246.0
-258.0,56.0,,160.0,-105.0,-14.0,-1131.0,-478.0,,233.0
-335.0,54.0,,147.0,-65.0,75.0,-1082.0,-691.0,,215.0
-210.0,63.0,,204.0,-42.0,191.0,-1050.0,-757.0,,193.0
-141.0,-1.0,,212.0,23.0,256.0,-1027.0,-1143.0,,157.0
-146.0,-56.0,,174.0,38.0,173.0,-1020.0,-1361.0,,109.0
-304.0,-4.0,,141.0,109.0,198.0,-1033.0,-1540.0,,50.0
-369.0,95.0,,193.0,188.0,262.0,-1050.0,-1814.0,,-18.0
-309.0,199.0,,215.0,206.0,245.0,-1026.0,-1779.0,,-87.0
-283.0,270.0,,162.0,271.0,221.0,-986.0,-1973.0,,-175.0
-345.0,309.0,,93.0,278.0,160.0,-967.0,-1906.0,,-301.0
-419.0,338.0,,19.0,240.0,19.0,-939.0,-2060.0,,-452.0
-405.0,362.0,,0.0,261.0,-218.0,-889.0,-2178.0,,-628.0
-549.0,391.0,,3.0,243.0,-378.0,-805.0,-2117.0,,-802.0
-530.0,367.0,,-51.0,226.0,-376.0,-735.0,-2219.0,,-931.0
-534.0,285.0,,-131.0,230.0,-333.0,-666.0,-1940.0,,-1005.0
-555.0,147.0,,-111.0,180.0,-333.0,-620.0,-1916.0,,-1050.0
-649.0,29.0,,-52.0,175.0,-406.0,-630.0,-1709.0,,-1076.0
-666.0,-14.0,,-31.0,163.0,-386.0,-611.0,-1600.0,,-1087.0
-672.0,-21.0,,55.0,69.0,-290.0,-543.0,-1618.0,,-1093.0
-694.0,37.0,,180.0,28.0,-200.0,-471.0,-1417.0,,-1061.0
-545.0,132.0,,212.0,-30.0,-167.0,-434.0,-1531.0,,-988.0
-604.0,237.0,,267.0,-112.0,-327.0,-417.0,-1304.0,,-881.0
-636.0,322.0,,382.0,-130.0,-251.0,-397.0,-1276.0,,-747.0
-804.0,391.0,,459.0,-183.0,37.0,-373.0,-1189.0,,-617.0
-547.0,434.0,,530.0,-169.0,164.0,-338.0,-1101.0,,-490.0
-463.0,411.0,,547.0,-102.0,29.0,-330.0,-1313.0,,-376.0
-478.0,266.0,,505.0,-128.0,-281.0,-331.0,-1252.0,,-279.0
-502.0,24.0,,523.0,-125.0,-425.0,-320.0,-1472.0,,-187.0
-724.0,-153.0,,523.0,-107.0,-467.0,-294.0,-1391.0,,-103.0
-427.0,-343.0,,411.0,-151.0,-602.0,-234.0,-1334.0,,-9.0
-520.0,-525.0,,335.0,-164.0,-812.0,-177.0,-1236.0,,82.0
-373.0,-643.0,,255.0,-199.0,-824.0,-151.0,-984.0,,162.0
-471.0,-714.0,,144.0,-240.0,-815.0,-140.0,-1121.0,,240.0
-446.0,-754.0,,141.0,-209.0,-968.0,-116.0,-1067.0,,294.0
-316.0,-815.0,,177.0,-206.0,-1011.0,-74.0,-1374.0,,332.0
-452.0,-842.0,,144.0,-181.0,-830.0,-43.0,-1507.0,,356.0
-281.0,-814.0,,183.0,-130.0,-412.0,-38.0,-1539.0,,358.0
-387.0,-704.0,,276.0,-151.0,-98.0,-23.0,-1653.0,,350.0
-138.0,-604.0,,244.0,-110.0,-156.0,3.0,-1431.0,,314.0
-299.0,-493.0,,238.0,-18.0,-325.0,16.0,-1548.0,,259.0
-211.0,-316.0,,298.0,37.0,-332.0,12.0,-1481.0,,201.0
-175.0,-196.0,,352.0,115.0,-351.0,5.0,-1629.0,,135.0
-278.0,-169.0,,349.0,131.0,-402.0,29.0,-1799.0,,64.0
-68.0,-212.0,,370.0,94.0,-513.0,65.0,-1851.0,,-13.0
-220.0,-243.0,,332.0,76.0,-616.0,78.0,-2095.0,,-98.0
-101.0,-305.0,,263.0,-17.0,-593.0,91.0,-1967.0,,-190.0
-262.0,-440.0,,300.0,-105.0,-659.0,107.0,-2111.0,,-280.0
-121.0,-574.0,,221.0,-109.0,-797.0,89.0,-2095.0,,-371.0
-188.0,-570.0,,182.0,-124.0,-983.0,76.0,-2195.0,,-444.0
-280.0,-482.0,,152.0,-105.0,-1222.0,92.0,-2381.0,,-494.0
-167.0,-428.0,,131.0,-93.0,-1287.0,119.0,-2202.0,,-538.0
-244.0,-323.0,,102.0,-148.0,-1117.0,137.0,-2292.0,,-561.0
-105.0,-135.0,,27.0,-162.0,-923.0,123.0,-2100.0,,-579.0
-326.0,70.0,,17.0,-196.0,-716.0,102.0,-2076.0,,-602.0
-344.0,171.0,,-112.0,-242.0,-550.0,101.0,-1984.0,,-614.0
-386.0,204.0,,-58.0,-204.0,-357.0,116.0,-1808.0,,-606.0
-270.0,217.0,,47.0,-216.0,-304.0,124.0,-1838.0,,-563.0
-235.0,191.0,,24.0,-227.0,-497.0,132.0,-1657.0,,-476.0
-482.0,101.0,,31.0,-179.0,-541.0,137.0,-1851.0,,-357.0
-448.0,-41.0,,-49.0,-192.0,-521.0,136.0,-1838.0,,-208.0
-469.0,-146.0,,-96.0,-167.0,-623.0,153.0,-1904.0,,-39.0
-385.0,-230.0,,-164.0,-125.0,-802.0,176.0,-2010.0,,116.0
-423.0,-281.0,,-144.0,-131.0,-855.0,195.0,-1960.0,,257.0
-504.0,-302.0,,-65.0,-73.0,-811.0,213.0,-2226.0,,369.0
-555.0,-226.0,,-65.0,-16.0,-763.0,221.0,-2183.0,,441.0
-573.0,-100.0,,-35.0,31.0,-805.0,213.0,-2318.0,,473.0
-451.0,-65.0,,25.0,139.0,-846.0,210.0,-2281.0,,482.0
-469.0,-12.0,,67.0,184.0,-728.0,205.0,-2202.0,,486.0
-609.0,109.0,,14.0,184.0,-896.0,199.0,-2331.0,,472.0
-684.0,171.0,,93.0,181.0,-1219.0,222.0,-2187.0,,443.0
-660.0,177.0,,220.0,72.0,-1280.0,267.0,-2267.0,,407.0
-586.0,248.0,,262.0,-8.0,-1210.0,298.0,-2052.0,,360.0
-571.0,322.0,,349.0,-13.0,-1371.0,306.0,-1947.0,,304.0
-608.0,344.0,,426.0,-38.0,-1503.0,339.0,-1784.0,,232.0
-620.0,290.0,,420.0,-7.0,-1195.0,376.0,-1439.0,,157.0
-617.0,221.0,,332.0,3.0,-911.0,398.0,-1407.0,,76.0
-603.0,190.0,,351.0,-15.0,-1028.0,462.0,-1158.0,,-3.0
-648.0,66.0,,394.0,42.0,-1432.0,519.0,-1258.0,,-58.0
-563.0,-43.0,,363.0,58.0,-1665.0,546.0,-1223.0,,-85.0
-558.0,-34.0,,311.0,54.0,-1617.0,574.0,-1156.0,,-90.0
-603.0,43.0,,246.0,99.0,-1551.0,606.0,-1221.0,,-91.0
-675.0,104.0,,226.0,80.0,-1518.0,653.0,-1095.0,,-95.0
-755.0,177.0,,179.0,66.0,-1424.0,672.0,-1260.0,,-91.0
-641.0,317.0,,189.0,78.0,-1234.0,682.0,-1112.0,,-79.0
-663.0,379.0,,228.0,41.0,-1158.0,719.0,-1119.0,,-63.0
-608.0,389.0,,256.0,44.0,-1135.0,764.0,-1040.0,,-30.0
-679.0,420.0,,327.0,33.0,-1018.0,807.0,-829.0,,21.0
-689.0,506.0,,313.0,-25.0,-873.0,820.0,-844.0,,76.0
-583.0,554.0,,270.0,-25.0,-1029.0,824.0,-670.0,,114.0
-649.0,436.0,,260.0,-67.0,-1381.0,849.0,-944.0,,151.0
-621.0,326.0,,212.0,-120.0,-1512.0,885.0,-1051.0,,179.0
-654.0,278.0,,142.0,-95.0,-1375.0,944.0,-1230.0,,187.0
-503.0,239.0,,96.0,-138.0,-1213.0,1004.0,-1441.0,,172.0
-499.0,175.0,,76.0,-192.0,-1393.0,1058.0,-1334.0,,135.0
-688.0,135.0,,69.0,-191.0,-1370.0,1091.0,-1485.0,,98.0
-695.0,164.0,,31.0,-198.0,-1095.0,1077.0,-1352.0,,49.0
-687.0,146.0,,52.0,-125.0,-1089.0,1030.0,-1433.0,,7.0
-589.0,82.0,,85.0,-62.0,-1212.0,979.0,-1446.0,,-11.0
-604.0,57.0,,73.0,-61.0,-1168.0,956.0,-1374.0,,-8.0
-697.0,59.0,,62.0,0.0,-897.0,948.0,-1468.0,,37.0
-790.0,-8.0,,27.0,3.0,-987.0,981.0,-1302.0,,93.0
-853.0,-181.0,,27.0,-35.0,-1332.0,1028.0,-1372.0,,164.0
-761.0,-347.0,,46.0,-23.0,-1435.0,1081.0,-1132.0,,231.0
-780.0,-394.0,,47.0,-78.0,-1343.0,1131.0,-947.0,,285.0
-817.0,-400.0,,31.0,-114.0,-984.0,1113.0,-752.0,,330.0
-849.0,-436.0,,20.0,-134.0,-559.0,1073.0,-439.0,,349.0
-921.0,-444.0,,13.0,-217.0,-348.0,1031.0,-474.0,,347.0
-930.0,-403.0,,37.0,-210.0,-174.0,1006.0,-164.0,,297.0
-923.0,-374.0,,44.0,-155.0,91.0,995.0,-129.0,,217.0
-848.0,-350.0,,61.0,-120.0,342.0,984.0,-48.0,,113.0
-975.0,-260.0,,134.0,3.0,317.0,1001.0,29.0,,-11.0
-994.0,-106.0,,136.0,111.0,82.0,1024.0,-44.0,,-142.0
-961.0,59.0,,110.0,164.0,89.0,1032.0,140.0,,-283.0
-1075.0,202.0,,145.0,231.0,198.0,1039.0,22.0,,-409.0
-996.0,389.0,,182.0,193.0,195.0,1056.0,216.0,,-525.0
-1033.0,514.0,,149.0,197.0,189.0,1082.0,234.0,,-600.0
-1025.0,509.0,,163.0,256.0,107.0,1098.0,339.0,,-629.0
-1105.0,459.0,,217.0,221.0,104.0,1090.0,593.0,,-632.0
-1105.0,374.0,,257.0,210.0,168.0,1064.0,504.0,,-591.0
-969.0,309.0,,284.0,143.0,132.0,1019.0,665.0,,-533.0
-1022.0,237.0,,264.0,106.0,81.0,967.0,424.0,,-450.0
-1003.0,161.0,,216.0,126.0,10.0,923.0,406.0,,-350.0
-1080.0,82.0,,134.0,82.0,43.0,916.0,424.0,,-251.0
-935.0,35.0,,98.0,93.0,50.0,923.0,402.0,,-138.0
-834.0,8.0,,141.0,94.0,-52.0,938.0,711.0,,-53.0
-811.0,35.0,,173.0,77.0,-228.0,952.0,694.0,,4.0
-776.0,160.0,,180.0,86.0,-440.0,947.0,875.0,,22.0
-869.0,234.0,,212.0,102.0,-438.0,971.0,724.0,,4.0
-691.0,276.0,,187.0,129.0,-407.0,993.0,582.0,,-14.0
-641.0,304.0,,177.0,153.0,-400.0,994.0,469.0,,-51.0
-618.0,342.0,,262.0,136.0,-219.0,985.0,109.0,,-72.0
-693.0,397.0,,340.0,103.0,162.0,980.0,140.0,,-89.0
-650.0,396.0,,377.0,72.0,488.0,971.0,-22.0,,-98.0
-511.0,350.0,,415.0,29.0,459.0,944.0,101.0,,-89.0
-630.0,290.0,,487.0,52.0,204.0,904.0,131.0,,-80.0
-649.0,227.0,,502.0,11.0,-24.0,868.0,101.0,,-65.0
-672.0,167.0,,538.0,-26.0,-191.0,875.0,362.0,,-44.0
-595.0,192.0,,577.0,-24.0,-307.0,908.0,389.0,,-16.0
-570.0,230.0,,668.0,-44.0,-372.0,946.0,722.0,,-8.0
-619.0,225.0,,719.0,25.0,-307.0,942.0,835.0,,3.0
-636.0,197.0,,545.0,3.0,-129.0,892.0,1042.0,,-7.0
-610.0,129.0,,442.0,-24.0,-98.0,843.0,1225.0,,-46.0
-600.0,140.0,,319.0,7.0,-81.0,804.0,1140.0,,-88.0
-642.0,186.0,,179.0,-18.0,-10.0,799.0,1249.0,,-148.0
-552.0,194.0,,245.0,20.0,-64.0,797.0,1025.0,,-213.0
-431.0,191.0,,266.0,46.0,-153.0,804.0,1027.0,,-294.0
-495.0,184.0,,199.0,49.0,-110.0,815.0,896.0,,-375.0
-607.0,167.0,,236.0,107.0,-27.0,802.0,803.0,,-449.0
-582.0,72.0,,257.0,72.0,-137.0,799.0,888.0,,-501.0
-529.0,-30.0,,271.0,-7.0,-194.0,816.0,716.0,,-516.0
-442.0,-75.0,,342.0,-47.0,-70.0,841.0,837.0,,-491.0
-421.0,-106.0,,346.0,-156.0,-23.0,871.0,702.0,,-426.0
-448.0,-177.0,,406.0,-202.0,-18.0,874.0,752.0,,-355.0
-548.0,-225.0,,499.0,-205.0,122.0,820.0,903.0,,-269.0
-461.0,-263.0,,503.0,-257.0,437.0,761.0,1034.0,,-198.0
-351.0,-350.0,,506.0,-223.0,683.0,708.0,1391.0,,-145.0
-292.0,-440.0,,498.0,-254.0,811.0,668.0,1406.0,,-101.0
-311.0,-525.0,,446.0,-294.0,1039.0,672.0,1679.0,,-89.0
-368.0,-509.0,,415.0,-203.0,1404.0,694.0,1753.0,,-93.0
-217.0,-501.0,,352.0,-166.0,1748.0,708.0,1858.0,,-130.0
-179.0,-547.0,,252.0,-112.0,1713.0,688.0,2093.0,,-175.0
-2.0,-520.0,,194.0,-26.0,1531.0,659.0,2058.0,,-211.0
-9.0,-514.0,,184.0,-27.0,1460.0,642.0,2326.0,,-252.0
-11.0,-558.0,,135.0,20.0,1363.0,655.0,2320.0,,-266.0
32.0,-551.0,,51.0,49.0,1047.0,676.0,2490.0,,-261.0
121.0,-439.0,,30.0,1.0,627.0,671.0,2522.0,,-236.0
218.0,-243.0,,100.0,35.0,584.0,650.0,2324.0,,-177.0
153.0,-24.0,,211.0,48.0,647.0,624.0,2376.0,,-104.0
252.0,72.0,,270.0,29.0,721.0,594.0,2220.0,,-35.0
157.0,122.0,,364.0,58.0,594.0,581.0,2459.0,,35.0
153.0,229.0,,429.0,18.0,476.0,577.0,2549.0,,109.0
58.0,319.0,,515.0,-20.0,706.0,548.0,2677.0,,192.0
111.0,384.0,,601.0,-3.0,686.0,528.0,2838.0,,287.0
106.0,438.0,,581.0,-25.0,561.0,490.0,2710.0,,373.0
37.0,435.0,,602.0,-22.0,380.0,470.0,2775.0,,462.0
62.0,358.0,,623.0,-18.0,437.0,477.0,2426.0,,552.0
-13.0,259.0,,635.0,-68.0,624.0,451.0,2263.0,,625.0
85.0,159.0,,554.0,-52.0,594.0,413.0,2089.0,,700.0
-31.0,75.0,,433.0,-27.0,523.0,369.0,1932.0,,768.0
-26.0,-38.0,,384.0,-76.0,275.0,360.0,2084.0,,834.0
-117.0,-123.0,,327.0,-80.0,161.0,350.0,1904.0,,886.0
-50.0,-181.0,,311.0,-60.0,117.0,336.0,1947.0,,920.0
-45.0,-299.0,,257.0,-53.0,85.0,297.0,1853.0,,952.0
-140.0,-350.0,,208.0,-4.0,-43.0,221.0,1908.0,,974.0
-121.0,-258.0,,260.0,-5.0,-110.0,194.0,2038.0,,981.0
-121.0,-80.0,,269.0,-26.0,11.0,191.0,2008.0,,975.0
33.0,48.0,,254.0,2.0,33.0,211.0,2281.0,,981.0
-88.0,100.0,,266.0,-18.0,154.0,221.0,2254.0,,971.0
-78.0,115.0,,278.0,-41.0,270.0,190.0,2381.0,,944.0
-278.0,165.0,,311.0,-33.0,440.0,168.0,2398.0,,918.0
-157.0,241.0,,332.0,-74.0,490.0,172.0,2385.0,,875.0
-101.0,232.0,,274.0,-71.0,357.0,177.0,2551.0,,810.0
-219.0,225.0,,212.0,-19.0,58.0,153.0,2501.0,,733.0
-168.0,253.0,,204.0,-23.0,-225.0,121.0,2705.0,,644.0
-282.0,251.0,,167.0,0.0,43.0,99.0,2581.0,,537.0
-61.0,184.0,,171.0,30.0,538.0,76.0,2621.0,,430.0
-265.0,125.0,,166.0,22.0,861.0,67.0,2690.0,,325.0
-99.0,173.0,,191.0,88.0,907.0,62.0,2612.0,,243.0
-26.0,215.0,,263.0,152.0,1003.0,49.0,2917.0,,176.0
-61.0,183.0,,249.0,158.0,1345.0,70.0,2956.0,,117.0
-19.0,163.0,,257.0,200.0,1679.0,86.0,3152.0,,75.0
-108.0,223.0,,249.0,217.0,1602.0,64.0,3081.0,,40.0
185.0,269.0,,302.0,197.0,1283.0,18.0,2989.0,,24.0
-43.0,232.0,,334.0,209.0,1072.0,-26.0,3022.0,,31.0
104.0,174.0,,261.0,175.0,916.0,-30.0,2819.0,,72.0
1.0,85.0,,287.0,93.0,815.0,-24.0,2899.0,,129.0
28.0,9.0,,305.0,57.0,607.0,-6.0,2645.0,,193.0
98.0,-8.0,,283.0,29.0,732.0,26.0,2655.0,,253.0
-106.0,11.0,,247.0,13.0,928.0,35.0,2631.0,,298.0
177.0,46.0,,238.0,40.0,757.0,38.0,2470.0,,332.0
-113.0,62.0,,153.0,51.0,609.0,22.0,2616.0,,346.0
57.0,42.0,,26.0,50.0,904.0,6.0,2470.0,,340.0
-7.0,55.0,,-54.0,59.0,1656.0,43.0,2586.0,,325.0
10.0,105.0,,-113.0,41.0,1976.0,96.0,2429.0,,321.0
143.0,103.0,,-102.0,7.0,1961.0,106.0,2243.0,,309.0
-85.0,48.0,,-141.0,-12.0,2014.0,74.0,2111.0,,299.0
34.0,-32.0,,-180.0,-73.0,2192.0,26.0,1821.0,,294.0
-175.0,-77.0,,-196.0,-173.0,2331.0,-49.0,1860.0,,278.0
90.0,-126.0,,-185.0,-225.0,2155.0,-94.0,1622.0,,261.0
-52.0,-152.0,,-159.0,-267.0,2166.0,-107.0,1688.0,,239.0
-18.0,-85.0,,-121.0,-311.0,2245.0,-108.0,1731.0,,210.0
74.0,4.0,,-110.0,-273.0,2278.0,-82.0,1718.0,,181.0
-94.0,62.0,,-188.0,-202.0,2301.0,-76.0,1842.0,,143.0
106.0,96.0,,-208.0,-145.0,2095.0,-57.0,1694.0,,118.0
-128.0,196.0,,-242.0,-70.0,1848.0,-42.0,1855.0,,100.0
83.0,348.0,,-287.0,-20.0,1740.0,-51.0,1768.0,,78.0
-52.0,410.0,,-274.0,1.0,1842.0,-73.0,1795.0,,74.0
72.0,297.0,,-277.0,40.0,1862.0,-132.0,1875.0,,74.0
139.0,228.0,,-306.0,47.0,1833.0,-193.0,1853.0,,80.0
-35.0,393.0,,-324.0,36.0,1953.0,-226.0,2073.0,,90.0
34.0,540.0,,-285.0,90.0,2147.0,-245.0,1919.0,,112.0
-45.0,485.0,,-254.0,143.0,2339.0,-245.0,1925.0,,144.0
331.0,262.0,,-267.0,161.0,2316.0,-235.0,1668.0,,175.0
190.0,-57.0,,-322.0,214.0,2374.0,-244.0,1380.0,,206.0
315.0,-174.0,,-340.0,243.0,2607.0,-251.0,1310.0,,228.0
193.0,-133.0,,-336.0,233.0,2823.0,-252.0,1027.0,,243.0
230.0,-305.0,,-408.0,248.0,2931.0,-260.0,1106.0,,217.0
353.0,-472.0,,-435.0,217.0,2865.0,-292.0,964.0,,164.0
272.0,-436.0,,-432.0,170.0,2723.0,-361.0,955.0,,82.0
508.0,-445.0,,-407.0,200.0,2449.0,-408.0,951.0,,-36.0
304.0,-491.0,,-511.0,218.0,2148.0,-431.0,885.0,,-162.0
511.0,-295.0,,-631.0,197.0,1729.0,-431.0,1119.0,,-296.0
380.0,-105.0,,-628.0,194.0,1310.0,-425.0,1088.0,,-414.0
461.0,-244.0,,-635.0,160.0,1250.0,-442.0,1383.0,,-509.0
560.0,-301.0,,-525.0,115.0,1417.0,-476.0,1515.0,,-570.0
594.0,-52.0,,-498.0,105.0,1391.0,-516.0,1638.0,,-602.0
558.0,58.0,,-467.0,38.0,1102.0,-495.0,1790.0,,-621.0
487.0,-192.0,,-339.0,-50.0,1155.0,-461.0,1624.0,,-621.0
612.0,-376.0,,-204.0,-93.0,1405.0,-454.0,1712.0,,-616.0
483.0,-283.0,,-75.0,-175.0,1395.0,-463.0,1507.0,,-603.0
674.0,-282.0,,-17.0,-247.0,1095.0,-503.0,1492.0,,-590.0
514.0,-443.0,,104.0,-208.0,666.0,-528.0,1383.0,,-579.0
629.0,-500.0,,168.0,-166.0,339.0,-538.0,1276.0,,-578.0
570.0,-525.0,,108.0,-159.0,51.0,-557.0,1485.0,,-597.0
702.0,-497.0,,80.0,-141.0,-152.0,-576.0,1406.0,,-619.0
716.0,-208.0,,129.0,-128.0,-271.0,-576.0,1544.0,,-658.0
610.0,-18.0,,124.0,-76.0,-267.0,-600.0,1396.0,,-707.0
798.0,-179.0,,58.0,4.0,-123.0,-627.0,1415.0,,-746.0
723.0,-200.0,,34.0,38.0,137.0,-627.0,1563.0,,-776.0
1000.0,288.0,,-18.0,73.0,252.0,-639.0,1470.0,,-774.0
949.0,722.0,,-112.0,144.0,247.0,-627.0,1515.0,,-736.0
1055.0,395.0,,-162.0,168.0,157.0,-626.0,1123.0,,-662.0
989.0,-23.0,,-168.0,161.0,2.0,-641.0,931.0,,-564.0
1069.0,267.0,,-128.0,133.0,12.0,-649.0,585.0,,-453.0
1090.0,618.0,,-133.0,57.0,-306.0,-650.0,304.0,,-337.0
1101.0,240.0,,-179.0,40.0,-611.0,-618.0,349.0,,-224.0
1224.0,-441.0,,-164.0,82.0,-705.0,-581.0,203.0,,-126.0
1119.0,-560.0,,-176.0,79.0,-772.0,-565.0,426.0,,-40.0
1214.0,-79.0,,-198.0,77.0,-980.0,-588.0,334.0,,33.0
1079.0,366.0,,-220.0,95.0,-1462.0,-629.0,293.0,,88.0
1179.0,130.0,,-273.0,83.0,-1625.0,-679.0,258.0,,121.0
1005.0,-531.0,,-291.0,101.0,-1537.0,-724.0,151.0,,122.0
1029.0,-474.0,,-261.0,136.0,-1365.0,-724.0,406.0,,99.0
967.0,532.0,,-265.0,126.0,-1449.0,-694.0,417.0,,78.0
1006.0,950.0,,-300.0,157.0,-1578.0,-649.0,635.0,,60.0
1032.0,34.0,,-314.0,204.0,-1507.0,-637.0,550.0,,32.0
804.0,-641.0,,-364.0,191.0,-1502.0,-668.0,485.0,,4.0
884.0,-188.0,,-380.0,184.0,-1260.0,-685.0,639.0,,-21.0
739.0,318.0,,-356.0,164.0,-1118.0,-663.0,596.0,,-62.0
964.0,-71.0,,-385.0,105.0,-1132.0,-607.0,848.0,,-108.0
895.0,-710.0,,-478.0,81.0,-1093.0,-570.0,742.0,,-159.0
898.0,-608.0,,-581.0,62.0,-1123.0,-582.0,763.0,,-203.0
852.0,-52.0,,-573.0,22.0,-1073.0,-624.0,744.0,,-237.0
785.0,65.0,,-575.0,37.0,-1171.0,-698.0,624.0,,-270.0
835.0,-322.0,,-557.0,50.0,-1633.0,-754.0,729.0,,-290.0
775.0,-516.0,,-543.0,44.0,-2047.0,-757.0,565.0,,-303.0
955.0,-274.0,,-582.0,78.0,-2015.0,-731.0,718.0,,-314.0
829.0,96.0,,-563.0,61.0,-1809.0,-702.0,624.0,,-326.0
866.0,92.0,,-629.0,-15.0,-1758.0,-712.0,644.0,,-323.0
692.0,-300.0,,-626.0,-70.0,-1663.0,-754.0,772.0,,-313.0
730.0,-477.0,,-611.0,-149.0,-1350.0,-816.0,635.0,,-319.0
805.0,-74.0,,-651.0,-207.0,-1104.0,-875.0,768.0,,-324.0
789.0,330.0,,-701.0,-192.0,-990.0,-931.0,554.0,,-322.0
787.0,143.0,,-753.0,-190.0,-1027.0,-984.0,585.0,,-317.0
637.0,-190.0,,-688.0,-160.0,-1310.0,-1020.0,550.0,,-308.0
805.0,-272.0,,-669.0,-65.0,-1550.0,-1050.0,546.0,,-275.0
661.0,-119.0,,-657.0,-49.0,-1740.0,-1039.0,707.0,,-214.0
777.0,-81.0,,-627.0,-62.0,-1715.0,-1022.0,471.0,,-136.0
814.0,-244.0,,-598.0,-46.0,-1524.0,-1005.0,458.0,,-41.0
855.0,-60.0,,-643.0,-56.0,-1393.0,-978.0,62.0,,43.0
962.0,410.0,,-702.0,9.0,-1473.0,-974.0,-249.0,,123.0
901.0,513.0,,-682.0,102.0,-1833.0,-978.0,-495.0,,198.0
1019.0,187.0,,-669.0,118.0,-1928.0,-956.0,-729.0,,259.0
959.0,69.0,,-635.0,134.0,-1856.0,-916.0,-589.0,,315.0
1086.0,414.0,,-630.0,99.0,-1759.0,-875.0,-705.0,,360.0
1075.0,527.0,,-646.0,4.0,-1737.0,-833.0,-545.0,,394.0
1139.0,-3.0,,-704.0,-20.0,-1884.0,-823.0,-535.0,,411.0
1204.0,-535.0,,-635.0,-52.0,-1876.0,-808.0,-482.0,,428.0
1225.0,-391.0,,-534.0,-114.0,-1817.0,-805.0,-389.0,,457.0
1241.0,205.0,,-557.0,-136.0,-1887.0,-825.0,-498.0,,476.0
1185.0,179.0,,-578.0,-194.0,-2015.0,-836.0,-319.0,,492.0
1241.0,-410.0,,-636.0,-223.0,-1877.0,-839.0,-461.0,,518.0
1095.0,-702.0,,-649.0,-147.0,-1722.0,-810.0,-393.0,,538.0
1219.0,-447.0,,-678.0,-95.0,-1882.0,-786.0,-393.0,,553.0
1160.0,289.0,,-723.0,-32.0,-2281.0,-746.0,-476.0,,565.0
1154.0,478.0,,-750.0,50.0,-2654.0,-664.0,-315.0,,568.0
1179.0,-136.0,,-763.0,23.0,-2527.0,-609.0,-469.0,,568.0
1002.0,-352.0,,-762.0,-9.0,-2370.0,-601.0,-456.0,,553.0
978.0,126.0,,-824.0,-8.0,-2493.0,-628.0,-739.0,,528.0
883.0,350.0,,-868.0,-57.0,-2591.0,-661.0,-862.0,,490.0
983.0,-171.0,,-825.0,-77.0,-2369.0,-662.0,-825.0,,430.0
862.0,-640.0,,-738.0,-77.0,-1893.0,-621.0,-1031.0,,362.0
724.0,-514.0,,-686.0,-105.0,-1600.0,-568.0,-981.0,,280.0
652.0,-293.0,,-657.0,-91.0,-1371.0,-525.0,-1236.0,,191.0
594.0,-333.0,,-606.0,-87.0,-1212.0,-487.0,-1213.0,,97.0
554.0,-220.0,,-519.0,-82.0,-1046.0,-472.0,-1282.0,,3.0
450.0,-15.0,,-423.0,0.0,-979.0,-439.0,-1443.0,,-75.0
453.0,-190.0,,-386.0,6.0,-1125.0,-388.0,-1337.0,,-132.0
381.0,-262.0,,-344.0,-17.0,-1197.0,-363.0,-1450.0,,-175.0
415.0,105.0,,-303.0,45.0,-1150.0,-338.0,-1186.0,,-214.0
234.0,216.0,,-249.0,45.0,-894.0,-317.0,-1104.0,,-232.0
147.0,-13.0,,-227.0,9.0,-790.0,-291.0,-881.0,,-246.0
158.0,127.0,,-324.0,8.0,-899.0,-255.0,-661.0,,-265.0
208.0,392.0,,-363.0,-4.0,-860.0,-235.0,-689.0,,-283.0
152.0,140.0,,-373.0,14.0,-529.0,-249.0,-517.0,,-310.0
-140.0,-304.0,,-390.0,0.0,-269.0,-289.0,-713.0,,-337.0
-38.0,-276.0,,-391.0,-80.0,-556.0,-321.0,-654.0,,-366.0
-63.0,31.0,,-382.0,-63.0,-979.0,-320.0,-768.0,,-381.0
-102.0,39.0,,-375.0,-10.0,-1041.0,-277.0,-818.0,,-373.0
-243.0,-27.0,,-382.0,-26.0,-759.0,-250.0,-661.0,,-357.0
-232.0,75.0,,-352.0,-13.0,-563.0,-235.0,-803.0,,-334.0
-95.0,109.0,,-324.0,-2.0,-523.0,-200.0,-667.0,,-296.0
-226.0,-73.0,,-290.0,6.0,-169.0,-165.0,-873.0,,-250.0
-149.0,-227.0,,-262.0,49.0,350.0,-136.0,-934.0,,-203.0
-241.0,58.0,,-204.0,20.0,669.0,-117.0,-1032.0,,-154.0
-233.0,511.0,,-124.0,7.0,751.0,-120.0,-1232.0,,-95.0
-173.0,449.0,,-83.0,36.0,651.0,-135.0,-1184.0,,-33.0
-129.0,210.0,,-79.0,-23.0,652.0,-130.0,-1391.0,,22.0
-162.0,415.0,,-37.0,-45.0,661.0,-121.0,-1302.0,,97.0
-188.0,635.0,,59.0,26.0,434.0,-118.0,-1509.0,,177.0
-15.0,525.0,,51.0,80.0,72.0,-124.0,-1681.0,,260.0
-53.0,184.0,,-42.0,138.0,-122.0,-144.0,-1829.0,,346.0
-74.0,-115.0,,-89.0,147.0,-71.0,-149.0,-2104.0,,424.0
-101.0,-223.0,,-92.0,128.0,-1.0,-125.0,-1949.0,,501.0
-27.0,-295.0,,-11.0,175.0,16.0,-46.0,-2047.0,,565.0
-30.0,-372.0,,54.0,145.0,28.0,20.0,-1866.0,,624.0
-21.0,-524.0,,32.0,74.0,287.0,32.0,-1842.0,,675.0
37.0,-631.0,,28.0,88.0,575.0,17.0,-1901.0,,708.0
-56.0,-373.0,,0.0,63.0,509.0,-43.0,-1831.0,,722.0
-72.0,223.0,,38.0,32.0,208.0,-79.0,-2047.0,,708.0
-107.0,245.0,,87.0,68.0,60.0,-89.0,-1893.0,,678.0
-87.0,-436.0,,135.0,55.0,160.0,-90.0,-1949.0,,627.0
-78.0,-514.0,,214.0,52.0,215.0,-74.0,-1795.0,,571.0
-12.0,154.0,,245.0,70.0,147.0,-71.0,-1709.0,,516.0
-45.0,557.0,,333.0,40.0,54.0,-32.0,-1845.0,,469.0
-128.0,375.0,,394.0,31.0,298.0,20.0,-1701.0,,431.0
-131.0,-77.0,,428.0,-9.0,647.0,91.0,-1871.0,,385.0
-137.0,-448.0,,428.0,-55.0,642.0,159.0,-1747.0,,340.0
-76.0,-192.0,,411.0,1.0,527.0,199.0,-1738.0,,281.0
-22.0,337.0,,396.0,26.0,527.0,235.0,-1631.0,,209.0
-22.0,315.0,,352.0,16.0,588.0,235.0,-1385.0,,141.0
-193.0,0.0,,350.0,50.0,519.0,236.0,-1415.0,,83.0
-132.0,-200.0,,314.0,13.0,296.0,222.0,-1193.0,,37.0
-79.0,-6.0,,305.0,-18.0,90.0,182.0,-1313.0,,-6.0
-114.0,469.0,,332.0,-1.0,111.0,171.0,-1306.0,,-31.0
-28.0,621.0,,344.0,-27.0,87.0,186.0,-1426.0,,-52.0
-4.0,402.0,,320.0,23.0,13.0,220.0,-1585.0,,-71.0
-21.0,249.0,,290.0,92.0,197.0,250.0,-1413.0,,-66.0
-139.0,154.0,,263.0,48.0,343.0,260.0,-1544.0,,-56.0
-88.0,4.0,,298.0,-10.0,492.0,257.0,-1402.0,,-24.0
-42.0,42.0,,397.0,-93.0,658.0,269.0,-1502.0,,14.0
68.0,34.0,,386.0,-146.0,587.0,286.0,-1522.0,,59.0
110.0,-249.0,,373.0,-92.0,271.0,300.0,-1502.0,,114.0
58.0,-545.0,,355.0,-97.0,59.0,321.0,-1731.0,,149.0
2.0,-519.0,,333.0,-133.0,137.0,328.0,-1644.0,,169.0
-11.0,-214.0,,325.0,-71.0,192.0,340.0,-1866.0,,150.0
86.0,-173.0,,356.0,8.0,82.0,344.0,-1884.0,,95.0
-3.0,-368.0,,370.0,77.0,-303.0,330.0,-2067.0,,22.0
80.0,-340.0,,335.0,81.0,-494.0,324.0,-2317.0,,-71.0
-11.0,-74.0,,391.0,3.0,-281.0,341.0,-2361.0,,-178.0
-9.0,145.0,,349.0,16.0,-62.0,384.0,-2584.0,,-285.0
-64.0,279.0,,360.0,67.0,36.0,433.0,-2387.0,,-368.0
-137.0,452.0,,456.0,48.0,61.0,478.0,-2392.0,,-426.0
-22.0,451.0,,462.0,42.0,123.0,495.0,-2169.0,,-472.0
-158.0,316.0,,484.0,19.0,-85.0,461.0,-1938.0,,-487.0
-52.0,418.0,,466.0,20.0,-350.0,420.0,-1951.0,,-483.0
-206.0,627.0,,460.0,102.0,-565.0,396.0,-1747.0,,-474.0
-197.0,565.0,,426.0,140.0,-694.0,406.0,-1856.0,,-463.0
-220.0,316.0,,345.0,191.0,-722.0,463.0,-1698.0,,-466.0
-289.0,122.0,,323.0,240.0,-966.0,512.0,-1679.0,,-464.0
-286.0,24.0,,247.0,149.0,-1107.0,539.0,-1642.0,,-473.0
-462.0,68.0,,165.0,93.0,-1237.0,556.0,-1520.0,,-476.0
-288.0,210.0,,86.0,109.0,-1219.0,575.0,-1720.0,,-454.0
-343.0,314.0,,44.0,40.0,-1091.0,611.0,-1709.0,,-438.0
-317.0,327.0,,27.0,-42.0,-1053.0,634.0,-2013.0,,-392.0
-501.0,359.0,,-20.0,-112.0,-911.0,638.0,-2100.0,,-312.0
-526.0,464.0,,-15.0,-163.0,-733.0,650.0,-2161.0,,-215.0
-405.0,424.0,,-31.0,-159.0,-540.0,645.0,-2222.0,,-81.0
-508.0,178.0,,-19.0,-215.0,-482.0,645.0,-1943.0,,63.0
-391.0,-57.0,,-51.0,-264.0,-335.0,646.0,-1934.0,,212.0
-475.0,-149.0,,-91.0,-231.0,-143.0,636.0,-1653.0,,362.0
-408.0,-20.0,,-70.0,-259.0,40.0,648.0,-1738.0,,501.0
-509.0,73.0,,-65.0,-264.0,133.0,666.0,-1827.0,,623.0
-470.0,-165.0,,-110.0,-185.0,-19.0,688.0,-1790.0,,721.0
-441.0,-568.0,,-142.0,-124.0,83.0,692.0,-1945.0,,792.0
-435.0,-808.0,,-131.0,-27.0,313.0,686.0,-1716.0,,847.0
-320.0,-627.0,,-152.0,41.0,271.0,690.0,-1734.0,,885.0
-472.0,-380.0,,-65.0,42.0,-141.0,693.0,-1448.0,,903.0
-439.0,-474.0,,-2.0,115.0,-684.0,716.0,-1315.0,,918.0
-466.0,-718.0,,41.0,188.0,-815.0,744.0,-1311.0,,906.0
-236.0,-814.0,,67.0,206.0,-790.0,764.0,-1130.0,,864.0
-314.0,-757.0,,72.0,225.0,-755.0,773.0,-1284.0,,802.0
-364.0,-625.0,,118.0,188.0,-395.0,775.0,-1038.0,,722.0
-189.0,-353.0,,146.0,155.0,65.0,776.0,-984.0,,638.0
-237.0,-62.0,,205.0,152.0,452.0,777.0,-840.0,,550.0
-116.0,75.0,,203.0,74.0,571.0,766.0,-768.0,,485.0
-217.0,-2.0,,177.0,19.0,646.0,751.0,-883.0,,436.0
-127.0,-35.0,,154.0,2.0,810.0,765.0,-655.0,,398.0
-76.0,242.0,,159.0,-67.0,561.0,799.0,-727.0,,358.0
35.0,672.0,,148.0,-62.0,378.0,829.0,-567.0,,303.0
35.0,717.0,,97.0,-12.0,372.0,832.0,-635.0,,245.0
-95.0,224.0,,103.0,7.0,285.0,811.0,-731.0,,165.0
9.0,-68.0,,134.0,70.0,292.0,773.0,-720.0,,82.0
-66.0,174.0,,91.0,92.0,246.0,730.0,-940.0,,3.0
93.0,567.0,,65.0,72.0,352.0,708.0,-851.0,,-82.0
54.0,600.0,,38.0,61.0,266.0,688.0,-1114.0,,-150.0
-52.0,289.0,,-43.0,-43.0,-83.0,692.0,-1197.0,,-218.0
-89.0,135.0,,-44.0,-152.0,-99.0,707.0,-1326.0,,-275.0
-175.0,258.0,,-42.0,-166.0,12.0,685.0,-1518.0,,-301.0
-118.0,392.0,,-65.0,-169.0,20.0,650.0,-1433.0,,-304.0
-200.0,82.0,,-87.0,-126.0,-278.0,604.0,-1601.0,,-277.0
-186.0,-599.0,,-96.0,-78.0,-532.0,596.0,-1430.0,,-221.0
-242.0,-1016.0,,-105.0,-99.0,-391.0,618.0,-1417.0,,-134.0
-265.0,-850.0,,-100.0,-95.0,-315.0,623.0,-1247.0,,-35.0
-308.0,-498.0,,-6.0,-138.0,-463.0,609.0,-1021.0,,79.0
-314.0,-584.0,,86.0,-252.0,-702.0,551.0,-1060.0,,192.0
-311.0,-862.0,,130.0,-264.0,-692.0,488.0,-805.0,,281.0
-402.0,-819.0,,214.0,-231.0,-381.0,419.0,-857.0,,354.0
-334.0,-498.0,,228.0,-211.0,-173.0,367.0,-744.0,,382.0
-495.0,-288.0,,213.0,-134.0,-244.0,366.0,-825.0,,379.0
-420.0,-278.0,,257.0,-62.0,-228.0,400.0,-918.0,,344.0
-351.0,-293.0,,247.0,4.0,-33.0,423.0,-727.0,,298.0
-358.0,-347.0,,249.0,62.0,27.0,397.0,-807.0,,241.0
-379.0,-357.0,,259.0,40.0,-22.0,375.0,-641.0,,179.0
-572.0,-402.0,,256.0,50.0,-239.0,333.0,-788.0,,137.0
-421.0,-491.0,,227.0,90.0,-386.0,317.0,-759.0,,78.0
-413.0,-520.0,,192.0,30.0,-87.0,350.0,-556.0,,22.0
-388.0,-456.0,,187.0,-15.0,420.0,373.0,-412.0,,-39.0
-455.0,-354.0,,236.0,-22.0,561.0,382.0,-12.0,,-103.0
-464.0,-247.0,,266.0,-71.0,353.0,345.0,-25.0,,-157.0
-486.0,-1.0,,251.0,-105.0,351.0,295.0,114.0,,-196.0
-490.0,269.0,,240.0,-154.0,479.0,235.0,79.0,,-212.0
-336.0,422.0,,260.0,-222.0,441.0,202.0,79.0,,-221.0
-457.0,476.0,,334.0,-226.0,276.0,213.0,190.0,,-210.0
-436.0,562.0,,328.0,-215.0,271.0,222.0,81.0,,-184.0
-499.0,607.0,,363.0,-203.0,577.0,227.0,279.0,,-149.0
-344.0,622.0,,387.0,-172.0,794.0,174.0,136.0,,-108.0
-399.0,685.0,,367.0,-171.0,808.0,113.0,212.0,,-55.0
-364.0,674.0,,392.0,-135.0,895.0,81.0,251.0,,14.0
-242.0,627.0,,363.0,-95.0,886.0,46.0,151.0,,82.0
-354.0,427.0,,336.0,-138.0,613.0,51.0,266.0,,153.0
-154.0,92.0,,276.0,-157.0,332.0,62.0,36.0,,231.0
-348.0,-39.0,,269.0,-181.0,219.0,48.0,60.0,,290.0
-242.0,2.0,,280.0,-265.0,117.0,33.0,-205.0,,344.0
-184.0,-54.0,,283.0,-239.0,-95.0,26.0,-408.0,,400.0
-161.0,-172.0,,353.0,-130.0,-313.0,14.0,-478.0,,433.0
-106.0,-280.0,,332.0,-71.0,-415.0,-7.0,-615.0,,454.0
-285.0,-339.0,,280.0,-8.0,-457.0,-36.0,-341.0,,444.0
-25.0,-282.0,,280.0,60.0,-459.0,-76.0,-349.0,,408.0
-43.0,-200.0,,254.0,162.0,-311.0,-127.0,-99.0,,363.0
-14.0,-176.0,,186.0,310.0,-203.0,-171.0,-62.0,,305.0
-92.0,-215.0,,143.0,368.0,-147.0,-190.0,-62.0,,246.0
-76.0,-134.0,,130.0,382.0,12.0,-207.0,112.0,,181.0
141.0,27.0,,97.0,452.0,110.0,-241.0,-62.0,,122.0
37.0,-40.0,,76.0,474.0,-169.0,-296.0,144.0,,78.0
-18.0,-260.0,,20.0,435.0,-941.0,-368.0,112.0,,37.0
-72.0,-301.0,,6.0,337.0,-1528.0,-431.0,242.0,,1.0
4.0,-94.0,,93.0,181.0,-1540.0,-448.0,367.0,,-24.0
-110.0,173.0,,82.0,123.0,-1503.0,-451.0,354.0,,-51.0
-73.0,351.0,,68.0,130.0,-1671.0,-468.0,563.0,,-70.0
-149.0,334.0,,113.0,84.0,-1748.0,-464.0,386.0,,-70.0
-179.0,143.0,,122.0,49.0,-1431.0,-449.0,450.0,,-63.0
-27.0,65.0,,121.0,0.0,-1037.0,-436.0,253.0,,-40.0
-189.0,215.0,,82.0,-53.0,-987.0,-419.0,168.0,,-10.0
-200.0,320.0,,92.0,-23.0,-950.0,-424.0,234.0,,15.0
-321.0,274.0,,101.0,-18.0,-1147.0,-423.0,42.0,,48.0
-137.0,315.0,,121.0,-48.0,-1530.0,-406.0,208.0,,93.0
-232.0,411.0,,172.0,-22.0,-1456.0,-422.0,97.0,,160.0
-278.0,378.0,,139.0,-22.0,-1265.0,-444.0,266.0,,237.0
-204.0,372.0,,103.0,-26.0,-1126.0,-480.0,404.0,,310.0
-271.0,480.0,,121.0,-7.0,-1002.0,-512.0,423.0,,368.0
-137.0,453.0,,147.0,-45.0,-684.0,-511.0,667.0,,402.0
-385.0,207.0,,162.0,-60.0,-308.0,-511.0,672.0,,425.0
-250.0,9.0,,202.0,-71.0,-330.0,-490.0,1008.0,,442.0
-275.0,-23.0,,173.0,-130.0,-388.0,-459.0,1082.0,,443.0
-184.0,-11.0,,139.0,-113.0,-258.0,-396.0,1197.0,,439.0
-200.0,-85.0,,142.0,-69.0,-24.0,-343.0,1298.0,,443.0
-372.0,-167.0,,117.0,-67.0,37.0,-356.0,1151.0,,438.0
-302.0,-169.0,,103.0,-22.0,-71.0,-366.0,1311.0,,432.0
-342.0,-82.0,,134.0,4.0,-156.0,-373.0,1247.0,,426.0
-166.0,43.0,,206.0,-17.0,-170.0,-361.0,1424.0,,411.0
-352.0,15.0,,193.0,-19.0,6.0,-324.0,1413.0,,416.0
-243.0,-131.0,,135.0,-34.0,179.0,-305.0,1382.0,,426.0
-381.0,-236.0,,9.0,10.0,101.0,-289.0,1559.0,,439.0
-437.0,-218.0,,-57.0,130.0,-194.0,-275.0,1413.0,,440.0
-287.0,-245.0,,-15.0,187.0,-246.0,-260.0,1498.0,,409.0
-410.0,-334.0,,-23.0,200.0,29.0,-241.0,1282.0,,357.0
-274.0,-288.0,,-91.0,170.0,324.0,-226.0,1245.0,,272.0
-389.0,-126.0,,-166.0,77.0,466.0,-215.0,1271.0,,172.0
-285.0,-4.0,,-153.0,38.0,544.0,-194.0,1165.0,,47.0
-405.0,-31.0,,-191.0,7.0,774.0,-185.0,1234.0,,-87.0
-504.0,-24.0,,-211.0,-77.0,786.0,-186.0,990.0,,-205.0
-408.0,147.0,,-194.0,-99.0,510.0,-174.0,1047.0,,-316.0
-409.0,397.0,,-238.0,-98.0,285.0,-167.0,879.0,,-415.0
-297.0,483.0,,-276.0,-104.0,283.0,-141.0,772.0,,-483.0
-487.0,401.0,,-241.0,-39.0,394.0,-112.0,849.0,,-521.0
-509.0,372.0,,-205.0,11.0,523.0,-88.0,731.0,,-539.0
-435.0,430.0,,-212.0,49.0,804.0,-47.0,931.0,,-540.0
-382.0,448.0,,-160.0,134.0,1062.0,-7.0,809.0,,-531.0
-296.0,299.0,,-154.0,178.0,1110.0,45.0,835.0,,-505.0
-465.0,161.0,,-176.0,227.0,1062.0,93.0,809.0,,-474.0
-414.0,91.0,,-249.0,273.0,1075.0,135.0,777.0,,-439.0
-254.0,32.0,,-338.0,227.0,1064.0,174.0,979.0,,-404.0
-220.0,-32.0,,-306.0,213.0,1083.0,200.0,896.0,,-382.0
-179.0,-108.0,,-293.0,235.0,1224.0,202.0,1191.0,,-381.0
-328.0,-162.0,,-342.0,203.0,1496.0,181.0,1234.0,,-392.0
-263.0,-154.0,,-326.0,189.0,1512.0,186.0,1311.0,,-406.0
-251.0,12.0,,-307.0,164.0,1093.0,182.0,1417.0,,-436.0
-241.0,170.0,,-304.0,102.0,1055.0,164.0,1265.0,,-467.0
-134.0,170.0,,-295.0,93.0,1379.0,191.0,1409.0,,-488.0
-298.0,128.0,,-270.0,92.0,1468.0,239.0,1267.0,,-472.0
-204.0,170.0,,-245.0,99.0,1246.0,313.0,1398.0,,-438.0
-214.0,263.0,,-251.0,174.0,1110.0,396.0,1470.0,,-398.0
-285.0,277.0,,-142.0,231.0,1229.0,445.0,1513.0,,-342.0
-288.0,159.0,,-65.0,282.0,1276.0,468.0,1668.0,,-297.0
-185.0,3.0,,-84.0,333.0,1430.0,462.0,1468.0,,-236.0
-65.0,-20.0,,-112.0,282.0,1817.0,436.0,1563.0,,-164.0
-324.0,61.0,,-34.0,206.0,1997.0,427.0,1474.0,,-97.0
-303.0,78.0,,75.0,149.0,1700.0,407.0,1548.0,,-34.0
-239.0,92.0,,76.0,72.0,1338.0,405.0,1555.0,,14.0
-63.0,267.0,,23.0,60.0,1095.0,440.0,1478.0,,52.0
6.0,462.0,,-6.0,84.0,792.0,455.0,1716.0,,68.0
-197.0,533.0,,19.0,71.0,578.0,485.0,1563.0,,64.0
-127.0,458.0,,-30.0,66.0,600.0,515.0,1609.0,,24.0
-93.0,262.0,,-34.0,24.0,728.0,536.0,1498.0,,-32.0
132.0,146.0,,-31.0,-51.0,945.0,567.0,1444.0,,-102.0
18.0,176.0,,-26.0,-79.0,1402.0,578.0,1491.0,,-183.0
11.0,172.0,,50.0,-113.0,1775.0,587.0,1219.0,,-276.0
90.0,31.0,,85.0,-138.0,1753.0,581.0,1130.0,,-381.0
58.0,-62.0,,86.0,-106.0,1439.0,542.0,816.0,,-463.0
170.0,40.0,,80.0,-120.0,1350.0,514.0,774.0,,-523.0
-187.0,147.0,,73.0,-127.0,1590.0,498.0,641.0,,-533.0
-35.0,92.0,,96.0,-103.0,1535.0,503.0,532.0,,-488.0
-129.0,-21.0,,121.0,-143.0,1151.0,525.0,661.0,,-414.0
-48.0,-97.0,,85.0,-146.0,907.0,523.0,482.0,,-325.0
109.0,-175.0,,129.0,-109.0,1030.0,492.0,672.0,,-244.0
-239.0,-200.0,,230.0,-79.0,1136.0,452.0,663.0,,-178.0
-140.0,-145.0,,256.0,11.0,906.0,433.0,753.0,,-138.0
-221.0,-115.0,,251.0,78.0,830.0,422.0,864.0,,-131.0
-33.0,-99.0,,238.0,74.0,1145.0,433.0,735.0,,-150.0
-103.0,-67.0,,186.0,84.0,1108.0,449.0,846.0,,-171.0
-168.0,48.0,,121.0,50.0,703.0,439.0,646.0,,-197.0
-109.0,181.0,,48.0,0.0,452.0,412.0,687.0,,-225.0
-127.0,264.0,,11.0,8.0,446.0,399.0,609.0,,-236.0
8.0,326.0,,49.0,-18.0,760.0,406.0,537.0,,-239.0
-132.0,274.0,,112.0,-33.0,1104.0,406.0,604.0,,-235.0
14.0,155.0,,173.0,-5.0,1326.0,376.0,397.0,,-227.0
31.0,33.0,,236.0,-16.0,1264.0,311.0,502.0,,-214.0
62.0,-30.0,,250.0,23.0,1272.0,263.0,393.0,,-195.0
-24.0,-93.0,,252.0,85.0,1674.0,241.0,535.0,,-177.0
-91.0,-171.0,,328.0,85.0,1819.0,253.0,685.0,,-162.0
127.0,-200.0,,395.0,109.0,1572.0,304.0,650.0,,-136.0
20.0,-191.0,,425.0,110.0,1291.0,340.0,720.0,,-115.0
-34.0,-158.0,,442.0,53.0,1383.0,321.0,400.0,,-120.0
-164.0,-179.0,,462.0,55.0,1485.0,263.0,437.0,,-135.0
-131.0,-163.0,,371.0,61.0,1317.0,193.0,319.0,,-156.0
74.0,-138.0,,242.0,49.0,1349.0,133.0,267.0,,-183.0
-105.0,-156.0,,230.0,84.0,1565.0,107.0,391.0,,-205.0
-131.0,-227.0,,269.0,84.0,1772.0,109.0,323.0,,-219.0
0.0,-287.0,,255.0,98.0,1925.0,121.0,604.0,,-228.0
-14.0,-245.0,,184.0,160.0,2061.0,117.0,600.0,,-231.0
-117.0,-146.0,,128.0,155.0,2127.0,115.0,739.0,,-231.0
-104.0,17.0,,46.0,171.0,2242.0,96.0,776.0,,-231.0
24.0,163.0,,68.0,219.0,2445.0,87.0,718.0,,-201.0
79.0,271.0,,150.0,204.0,2470.0,86.0,811.0,,-134.0
162.0,269.0,,197.0,208.0,2357.0,38.0,639.0,,-43.0
-72.0,275.0,,211.0,204.0,2239.0,-15.0,864.0,,74.0
22.0,387.0,,172.0,125.0,2247.0,-56.0,909.0,,200.0
116.0,472.0,,190.0,49.0,2192.0,-60.0,1064.0,,312.0
43.0,451.0,,267.0,-49.0,1992.0,-40.0,1165.0,,409.0
220.0,296.0,,323.0,-140.0,2013.0,-24.0,940.0,,501.0
-44.0,179.0,,317.0,-132.0,2136.0,-32.0,973.0,,587.0
3.0,98.0,,298.0,-147.0,2221.0,-68.0,752.0,,647.0
6.0,-47.0,,304.0,-184.0,2291.0,-101.0,759.0,,683.0
29.0,-288.0,,328.0,-168.0,2372.0,-109.0,641.0,,693.0
54.0,-544.0,,386.0,-163.0,2482.0,-79.0,500.0,,676.0
1.0,-682.0,,450.0,-120.0,2347.0,-65.0,456.0,,646.0
146.0,-624.0,,399.0,-41.0,2139.0,-73.0,173.0,,599.0
-134.0,-425.0,,283.0,-10.0,1982.0,-87.0,210.0,,548.0
-18.0,-308.0,,214.0,32.0,1695.0,-112.0,-31.0,,509.0
64.0,-263.0,,207.0,52.0,1239.0,-137.0,-94.0,,471.0
29.0,-209.0,,338.0,10.0,635.0,-173.0,-145.0,,420.0
58.0,-91.0,,435.0,40.0,223.0,-215.0,-275.0,,361.0
78.0,59.0,,437.0,86.0,121.0,-246.0,-42.0,,284.0
16.0,186.0,,429.0,93.0,190.0,-250.0,-138.0,,181.0
-71.0,319.0,,393.0,136.0,285.0,-238.0,-72.0,,82.0
135.0,359.0,,366.0,146.0,383.0,-226.0,-114.0,,2.0
-37.0,330.0,,351.0,154.0,548.0,-225.0,-31.0,,-46.0
-19.0,320.0,,363.0,217.0,888.0,-221.0,210.0,,-67.0
-41.0,270.0,,308.0,254.0,1434.0,-240.0,199.0,,-60.0
-14.0,129.0,,190.0,319.0,1680.0,-296.0,404.0,,-41.0
2.0,-15.0,,93.0,412.0,1719.0,-334.0,282.0,,-12.0
-172.0,-60.0,,-41.0,417.0,1835.0,-349.0,332.0,,32.0
-48.0,-85.0,,-202.0,418.0,1720.0,-340.0,266.0,,71.0
-81.0,-174.0,,-308.0,413.0,1334.0,-321.0,75.0,,106.0
-219.0,-252.0,,-384.0,331.0,884.0,-309.0,218.0,,123.0
-354.0,-214.0,,-487.0,259.0,578.0,-325.0,177.0,,120.0
-272.0,-167.0,,-514.0,143.0,442.0,-348.0,515.0,,103.0
-396.0,-173.0,,-504.0,-7.0,442.0,-346.0,593.0,,72.0
-410.0,-88.0,,-487.0,-106.0,471.0,-353.0,659.0,,46.0
-391.0,46.0,,-447.0,-259.0,393.0,-364.0,805.0,,29.0
-453.0,88.0,,-425.0,-408.0,380.0,-391.0,696.0,,3.0
-412.0,77.0,,-375.0,-438.0,738.0,-427.0,816.0,,-46.0
-501.0,102.0,,-299.0,-444.0,1080.0,-458.0,606.0,,-119.0
-429.0,74.0,,-227.0,-397.0,1012.0,-499.0,628.0,,-207.0
-418.0,-112.0,,-223.0,-294.0,848.0,-522.0,528.0,,-293.0
-256.0,-351.0,,-275.0,-248.0,808.0,-500.0,402.0,,-375.0
-337.0,-464.0,,-234.0,-196.0,981.0,-481.0,548.0,,-437.0
-389.0,-436.0,,-97.0,-156.0,1043.0,-464.0,450.0,,-480.0
-340.0,-401.0,,28.0,-177.0,685.0,-439.0,637.0,,-513.0
-213.0,-396.0,,119.0,-146.0,142.0,-423.0,484.0,,-533.0
-110.0,-358.0,,117.0,-142.0,-224.0,-392.0,371.0,,-552.0
-135.0,-229.0,,127.0,-174.0,-330.0,-398.0,266.0,,-539.0
43.0,-86.0,,144.0,-155.0,-626.0,-443.0,97.0,,-497.0
-69.0,-54.0,,176.0,-199.0,-1057.0,-481.0,225.0,,-440.0
78.0,-101.0,,166.0,-226.0,-1174.0,-498.0,-20.0,,-362.0
143.0,-147.0,,79.0,-185.0,-1048.0,-501.0,-44.0,,-264.0
258.0,-195.0,,110.0,-193.0,-926.0,-477.0,-260.0,,-153.0
405.0,-256.0,,52.0,-121.0,-913.0,-465.0,-397.0,,-60.0
377.0,-279.0,,-25.0,5.0,-793.0,-471.0,-317.0,,11.0
347.0,-240.0,,-59.0,65.0,-534.0,-456.0,-443.0,,67.0
235.0,-174.0,,-105.0,139.0,-464.0,-464.0,-247.0,,99.0
465.0,-89.0,,-111.0,145.0,-662.0,-453.0,-391.0,,119.0
616.0,76.0,,-173.0,95.0,-898.0,-438.0,-399.0,,119.0
694.0,312.0,,-186.0,111.0,-1070.0,-419.0,-376.0,,102.0
461.0,478.0,,-212.0,72.0,-1176.0,-395.0,-426.0,,69.0
385.0,536.0,,-252.0,29.0,-1155.0,-402.0,-319.0,,23.0
512.0,498.0,,-221.0,62.0,-1235.0,-395.0,-498.0,,-2.0
586.0,363.0,,-203.0,32.0,-1404.0,-398.0,-328.0,,-8.0
697.0,157.0,,-205.0,-3.0,-1421.0,-394.0,-360.0,,-5.0
510.0,-11.0,,-216.0,-22.0,-1281.0,-375.0,-347.0,,2.0
535.0,-63.0,,-203.0,-74.0,-1075.0,-341.0,-312.0,,11.0
568.0,-84.0,,-187.0,-38.0,-1000.0,-325.0,-524.0,,16.0
513.0,-111.0,,-212.0,11.0,-993.0,-359.0,-465.0,,22.0
529.0,-64.0,,-217.0,19.0,-915.0,-398.0,-659.0,,36.0
577.0,97.0,,-166.0,89.0,-984.0,-420.0,-578.0,,48.0
538.0,259.0,,-242.0,123.0,-1226.0,-440.0,-665.0,,65.0
542.0,387.0,,-349.0,146.0,-1292.0,-470.0,-814.0,,80.0
485.0,499.0,,-257.0,220.0,-1074.0,-493.0,-794.0,,100.0
364.0,648.0,,-233.0,197.0,-964.0,-512.0,-1040.0,,115.0
506.0,803.0,,-240.0,152.0,-1117.0,-525.0,-894.0,,112.0
613.0,834.0,,-148.0,150.0,-1080.0,-529.0,-990.0,,98.0
560.0,865.0,,-134.0,102.0,-780.0,-513.0,-936.0,,71.0
373.0,890.0,,-103.0,89.0,-618.0,-492.0,-901.0,,35.0
327.0,742.0,,-3.0,73.0,-868.0,-479.0,-1043.0,,-3.0
532.0,364.0,,19.0,-9.0,-1176.0,-479.0,-851.0,,-47.0
646.0,-44.0,,-1.0,-53.0,-1057.0,-515.0,-921.0,,-99.0
374.0,-314.0,,26.0,-129.0,-870.0,-548.0,-727.0,,-141.0
383.0,-515.0,,-24.0,-229.0,-880.0,-571.0,-713.0,,-177.0
568.0,-683.0,,-51.0,-197.0,-1045.0,-585.0,-607.0,,-204.0
593.0,-746.0,,6.0,-114.0,-1083.0,-596.0,-406.0,,-231.0
487.0,-623.0,,-1.0,-17.0,-751.0,-613.0,-517.0,,-273.0
309.0,-504.0,,-43.0,97.0,-434.0,-627.0,-301.0,,-316.0
550.0,-452.0,,-77.0,104.0,-352.0,-654.0,-347.0,,-375.0
649.0,-333.0,,-71.0,113.0,-419.0,-682.0,-192.0,,-451.0
645.0,-123.0,,-109.0,169.0,-507.0,-721.0,-160.0,,-538.0
420.0,42.0,,-144.0,160.0,-486.0,-740.0,-334.0,,-625.0
471.0,47.0,,-156.0,163.0,-486.0,-717.0,-356.0,,-702.0
634.0,-48.0,,-127.0,128.0,-844.0,-683.0,-644.0,,-774.0
620.0,-132.0,,-81.0,-2.0,-1300.0,-649.0,-609.0,,-838.0
659.0,-180.0,,-95.0,-86.0,-1358.0,-646.0,-794.0,,-888.0
461.0,-333.0,,-115.0,-163.0,-1127.0,-649.0,-838.0,,-906.0
629.0,-462.0,,-127.0,-224.0,-842.0,-652.0,-809.0,,-882.0
527.0,-422.0,,-63.0,-199.0,-653.0,-660.0,-1036.0,,-812.0
697.0,-314.0,,-69.0,-216.0,-431.0,-667.0,-1029.0,,-697.0
793.0,-278.0,,-101.0,-220.0,-60.0,-690.0,-1306.0,,-555.0
607.0,-245.0,,-100.0,-143.0,160.0,-674.0,-1202.0,,-415.0
612.0,-94.0,,-135.0,-112.0,33.0,-638.0,-1158.0,,-290.0
632.0,-21.0,,-45.0,-63.0,-154.0,-609.0,-1193.0,,-198.0
859.0,-32.0,,27.0,-5.0,-133.0,-553.0,-995.0,,-131.0
667.0,-27.0,,-20.0,-22.0,-188.0,-473.0,-1060.0,,-95.0
833.0,61.0,,-28.0,11.0,-523.0,-413.0,-849.0,,-102.0
946.0,91.0,,-39.0,49.0,-933.0,-388.0,-875.0,,-134.0
863.0,-92.0,,-59.0,25.0,-1180.0,-414.0,-744.0,,-200.0
746.0,-307.0,,-2.0,37.0,-1264.0,-478.0,-628.0,,-274.0
888.0,-460.0,,48.0,9.0,-1350.0,-511.0,-698.0,,-348.0
1082.0,-539.0,,37.0,-39.0,-1421.0,-523.0,-574.0,,-420.0
913.0,-587.0,,65.0,-24.0,-1391.0,-517.0,-842.0,,-456.0
992.0,-599.0,,113.0,-64.0,-1368.0,-503.0,-840.0,,-460.0
847.0,-568.0,,169.0,-111.0,-1332.0,-503.0,-1008.0,,-429.0
1020.0,-507.0,,197.0,-102.0,-967.0,-485.0,-1119.0,,-374.0
1039.0,-378.0,,117.0,-139.0,-589.0,-453.0,-970.0,,-309.0
1034.0,-209.0,,100.0,-146.0,-648.0,-407.0,-984.0,,-243.0
971.0,-90.0,,152.0,-124.0,-712.0,-329.0,-655.0,,-188.0
948.0,-92.0,,201.0,-131.0,-655.0,-276.0,-565.0,,-126.0
1106.0,-81.0,,211.0,-53.0,-688.0,-265.0,-306.0,,-71.0
947.0,-16.0,,157.0,24.0,-1020.0,-278.0,-164.0,,-7.0
955.0,24.0,,88.0,47.0,-1391.0,-313.0,-184.0,,64.0
874.0,22.0,,28.0,108.0,-1355.0,-341.0,-62.0,,118.0
1180.0,-28.0,,-55.0,103.0,-1404.0,-367.0,-290.0,,168.0
1103.0,18.0,,-197.0,52.0,-1553.0,-372.0,-168.0,,193.0
1048.0,176.0,,-228.0,26.0,-1499.0,-367.0,-201.0,,193.0
991.0,318.0,,-227.0,-63.0,-1383.0,-372.0,-144.0,,168.0
904.0,431.0,,-335.0,-124.0,-1346.0,-360.0,-48.0,,134.0
1156.0,511.0,,-389.0,-112.0,-1401.0,-328.0,-290.0,,97.0
1045.0,514.0,,-393.0,-155.0,-1331.0,-282.0,-341.0,,56.0
1084.0,453.0,,-389.0,-163.0,-1227.0,-227.0,-703.0,,44.0
793.0,464.0,,-314.0,-121.0,-1261.0,-184.0,-803.0,,39.0
893.0,538.0,,-301.0,-124.0,-1397.0,-180.0,-1003.0,,38.0
865.0,530.0,,-361.0,-93.0,-1575.0,-188.0,-1149.0,,51.0
751.0,401.0,,-370.0,-84.0,-1786.0,-200.0,-960.0,,72.0
789.0,259.0,,-307.0,-118.0,-1924.0,-207.0,-1064.0,,97.0
629.0,226.0,,-222.0,-91.0,-1999.0,-191.0,-888.0,,106.0
658.0,166.0,,-162.0,-107.0,-1817.0,-173.0,-981.0,,93.0
367.0,22.0,,-106.0,-148.0,-1209.0,-160.0,-947.0,,70.0
444.0,-108.0,,-166.0,-131.0,-775.0,-171.0,-868.0,,49.0
321.0,-188.0,,-242.0,-146.0,-579.0,-202.0,-923.0,,24.0
316.0,-279.0,,-241.0,-164.0,-235.0,-252.0,-698.0,,4.0
282.0,-413.0,,-226.0,-157.0,60.0,-285.0,-840.0,,-6.0
112.0,-396.0,,-172.0,-185.0,-52.0,-268.0,-727.0,,1.0
180.0,-259.0,,-194.0,-154.0,-311.0,-243.0,-862.0,,26.0
34.0,-182.0,,-233.0,-76.0,-375.0,-246.0,-997.0,,67.0
234.0,-172.0,,-267.0,-58.0,-538.0,-246.0,-947.0,,134.0
175.0,-143.0,,-280.0,-26.0,-989.0,-225.0,-1154.0,,207.0
126.0,-63.0,,-219.0,-16.0,-1550.0,-185.0,-970.0,,291.0
35.0,-75.0,,-204.0,-45.0,-1747.0,-155.0,-1067.0,,400.0
140.0,-173.0,,-221.0,-21.0,-1534.0,-159.0,-970.0,,505.0
339.0,-191.0,,-248.0,-12.0,-1237.0,-169.0,-903.0,,578.0
213.0,-106.0,,-204.0,-3.0,-885.0,-174.0,-990.0,,607.0
173.0,-71.0,,-131.0,54.0,-304.0,-188.0,-864.0,,599.0
56.0,-117.0,,-151.0,68.0,246.0,-216.0,-1071.0,,563.0
356.0,-106.0,,-169.0,71.0,302.0,-205.0,-984.0,,507.0
278.0,-59.0,,-190.0,121.0,171.0,-187.0,-1101.0,,449.0
167.0,-30.0,,-193.0,133.0,89.0,-176.0,-1084.0,,406.0
152.0,42.0,,-228.0,126.0,-267.0,-155.0,-931.0,,384.0
138.0,233.0,,-293.0,116.0,-883.0,-162.0,-1006.0,,381.0
321.0,461.0,,-313.0,46.0,-1237.0,-157.0,-776.0,,390.0
107.0,524.0,,-373.0,11.0,-1332.0,-127.0,-798.0,,405.0
259.0,442.0,,-359.0,12.0,-1302.0,-100.0,-563.0,,426.0
150.0,375.0,,-252.0,-28.0,-1145.0,-102.0,-469.0,,454.0
210.0,362.0,,-169.0,-53.0,-913.0,-117.0,-504.0,,490.0
345.0,241.0,,-96.0,-83.0,-563.0,-130.0,-336.0,,534.0
239.0,-7.0,,-8.0,-142.0,-468.0,-140.0,-410.0,,566.0
315.0,-175.0,,33.0,-126.0,-619.0,-104.0,-249.0,,582.0
180.0,-243.0,,80.0,-73.0,-736.0,-76.0,-404.0,,574.0
321.0,-354.0,,72.0,-47.0,-871.0,-72.0,-461.0,,560.0
196.0,-506.0,,11.0,-20.0,-1110.0,-71.0,-445.0,,544.0
322.0,-480.0,,16.0,-40.0,-1383.0,-66.0,-482.0,,511.0
295.0,-333.0,,12.0,-78.0,-1469.0,-48.0,-242.0,,481.0
102.0,-254.0,,86.0,-68.0,-1555.0,-49.0,-273.0,,433.0
155.0,-255.0,,145.0,-84.0,-1757.0,-63.0,38.0,,369.0
-25.0,-245.0,,138.0,-97.0,-1694.0,-94.0,175.0,,306.0
173.0,-198.0,,93.0,-60.0,-1427.0,-93.0,266.0,,234.0
-28.0,-243.0,,120.0,-57.0,-1280.0,-63.0,402.0,,172.0
-66.0,-289.0,,166.0,-50.0,-1222.0,-43.0,234.0,,126.0
-221.0,-237.0,,144.0,5.0,-1252.0,0.0,371.0,,98.0
-369.0,-195.0,,169.0,34.0,-1229.0,23.0,194.0,,86.0
-123.0,-248.0,,69.0,67.0,-1091.0,40.0,166.0,,89.0
-369.0,-283.0,,43.0,101.0,-1099.0,37.0,49.0,,103.0
-315.0,-251.0,,17.0,91.0,-1272.0,31.0,-186.0,,128.0
-578.0,-273.0,,-72.0,109.0,-1358.0,28.0,-195.0,,163.0
-593.0,-299.0,,-67.0,143.0,-1304.0,9.0,-558.0,,177.0
-544.0,-254.0,,-75.0,136.0,-1144.0,-6.0,-602.0,,173.0
-709.0,-168.0,,-72.0,125.0,-1015.0,-40.0,-774.0,,155.0
-487.0,-107.0,,-167.0,104.0,-1056.0,-51.0,-805.0,,122.0
-763.0,-103.0,,-143.0,66.0,-1011.0,-28.0,-652.0,,84.0
-855.0,-62.0,,-116.0,93.0,-838.0,8.0,-630.0,,40.0
-984.0,6.0,,-244.0,138.0,-587.0,52.0,-254.0,,-12.0
-750.0,8.0,,-193.0,132.0,-292.0,95.0,-145.0,,-67.0
-770.0,-45.0,,-76.0,126.0,-226.0,132.0,90.0,,-126.0
-963.0,-101.0,,-56.0,110.0,-293.0,154.0,79.0,,-193.0
-775.0,-130.0,,-57.0,117.0,-340.0,154.0,-22.0,,-249.0
-978.0,-179.0,,-41.0,199.0,-477.0,148.0,-5.0,,-298.0
-712.0,-242.0,,-13.0,255.0,-560.0,150.0,-343.0,,-334.0
-897.0,-247.0,,-4.0,228.0,-459.0,162.0,-327.0,,-347.0
-720.0,-216.0,,-21.0,170.0,-202.0,184.0,-458.0,,-346.0
-775.0,-243.0,,26.0,70.0,-54.0,188.0,-358.0,,-332.0
-781.0,-275.0,,64.0,-50.0,-232.0,178.0,-262.0,,-330.0
-569.0,-226.0,,75.0,-149.0,-379.0,176.0,-389.0,,-328.0
-858.0,-211.0,,103.0,-269.0,-246.0,182.0,-190.0,,-326.0
-509.0,-305.0,,109.0,-359.0,-48.0,201.0,-201.0,,-338.0
-730.0,-439.0,,145.0,-353.0,-225.0,224.0,105.0,,-366.0
-494.0,-487.0,,282.0,-320.0,-588.0,243.0,221.0,,-404.0
-682.0,-468.0,,410.0,-241.0,-619.0,306.0,295.0,,-448.0
-601.0,-465.0,,414.0,-121.0,-483.0,396.0,498.0,,-512.0
-523.0,-471.0,,459.0,-69.0,-404.0,449.0,395.0,,-568.0
-787.0,-450.0,,462.0,-62.0,-274.0,466.0,476.0,,-608.0
-443.0,-423.0,,452.0,-61.0,88.0,450.0,323.0,,-644.0
-684.0,-424.0,,491.0,-79.0,435.0,448.0,389.0,,-660.0
-417.0,-373.0,,522.0,-55.0,505.0,457.0,389.0,,-664.0
-677.0,-271.0,,529.0,6.0,397.0,444.0,229.0,,-656.0
-527.0,-200.0,,439.0,35.0,245.0,453.0,234.0,,-632.0
-585.0,-253.0,,387.0,70.0,87.0,460.0,-79.0,,-600.0
-550.0,-287.0,,329.0,110.0,-152.0,464.0,-129.0,,-549.0
-283.0,-112.0,,245.0,113.0,-436.0,476.0,-282.0,,-498.0
-555.0,119.0,,186.0,123.0,-673.0,477.0,-295.0,,-454.0
-344.0,277.0,,148.0,109.0,-530.0,485.0,-194.0,,-413.0
-545.0,388.0,,145.0,86.0,-22.0,497.0,-334.0,,-385.0
-259.0,535.0,,155.0,127.0,424.0,530.0,-247.0,,-354.0
-416.0,672.0,,164.0,176.0,618.0,551.0,-386.0,,-328.0
-311.0,701.0,,128.0,176.0,717.0,557.0,-273.0,,-300.0
-317.0,655.0,,135.0,158.0,1134.0,552.0,-280.0,,-257.0
-371.0,557.0,,153.0,131.0,1448.0,520.0,-328.0,,-226.0
-191.0,406.0,,158.0,94.0,1342.0,511.0,-188.0,,-203.0
-439.0,200.0,,227.0,69.0,1157.0,517.0,-341.0,,-185.0
-164.0,69.0,,255.0,21.0,949.0,530.0,-101.0,,-190.0
-279.0,95.0,,221.0,-33.0,832.0,534.0,-140.0,,-218.0
-85.0,153.0,,192.0,-32.0,799.0,550.0,-181.0,,-279.0
-315.0,166.0,,164.0,-47.0,764.0,587.0,-181.0,,-341.0
-225.0,161.0,,145.0,-100.0,776.0,615.0,-367.0,,-401.0
-6.0,215.0,,190.0,-123.0,878.0,644.0,-275.0,,-463.0
-153.0,270.0,,240.0,-147.0,1116.0,642.0,-467.0,,-504.0
-78.0,233.0,,200.0,-169.0,1267.0,615.0,-399.0,,-520.0
-301.0,164.0,,102.0,-168.0,1227.0,598.0,-436.0,,-512.0
-116.0,141.0,,27.0,-221.0,1205.0,593.0,-432.0,,-477.0
-247.0,62.0,,26.0,-276.0,1128.0,576.0,-308.0,,-409.0
-147.0,-72.0,,-13.0,-261.0,1051.0,546.0,-504.0,,-320.0
-235.0,-77.0,,-70.0,-228.0,1183.0,524.0,-382.0,,-225.0
-335.0,21.0,,-13.0,-154.0,1343.0,532.0,-473.0,,-134.0
-304.0,73.0,,-26.0,-46.0,1306.0,567.0,-356.0,,-49.0
-308.0,13.0,,-47.0,33.0,1205.0,581.0,-297.0,,19.0
-251.0,-43.0,,8.0,131.0,1118.0,591.0,-391.0,,54.0
-463.0,-52.0,,-10.0,232.0,970.0,594.0,-247.0,,51.0
-306.0,-116.0,,-4.0,265.0,938.0,590.0,-402.0,,20.0
-473.0,-206.0,,-15.0,295.0,1049.0,571.0,-267.0,,-25.0
-490.0,-193.0,,-5.0,317.0,1066.0,526.0,-301.0,,-85.0
-542.0,-57.0,,-45.0,268.0,784.0,514.0,-260.0,,-160.0
-580.0,1.0,,-112.0,194.0,448.0,524.0,-160.0,,-239.0
-612.0,-1.0,,-85.0,87.0,446.0,528.0,-260.0,,-301.0
-596.0,122.0,,-89.0,-59.0,632.0,542.0,-3.0,,-353.0
-530.0,283.0,,-49.0,-162.0,781.0,543.0,-35.0,,-371.0
-716.0,327.0,,-74.0,-228.0,846.0,521.0,112.0,,-358.0
-706.0,255.0,,-200.0,-265.0,968.0,495.0,120.0,,-330.0
-784.0,157.0,,-226.0,-230.0,1200.0,456.0,133.0,,-295.0
-593.0,75.0,,-227.0,-217.0,1213.0,449.0,458.0,,-275.0
-737.0,-75.0,,-269.0,-221.0,954.0,445.0,487.0,,-262.0
-606.0,-293.0,,-196.0,-167.0,729.0,441.0,761.0,,-273.0
-656.0,-419.0,,-176.0,-121.0,661.0,470.0,705.0,,-304.0
-721.0,-395.0,,-166.0,-83.0,613.0,479.0,631.0,,-349.0
-604.0,-396.0,,-184.0,-21.0,459.0,483.0,521.0,,-399.0
-785.0,-422.0,,-209.0,-2.0,362.0,447.0,254.0,,-431.0
-472.0,-322.0,,-163.0,-14.0,383.0,426.0,363.0,,-441.0
-629.0,-218.0,,-210.0,-13.0,571.0,422.0,284.0,,-419.0
-461.0,-266.0,,-89.0,-67.0,740.0,371.0,502.0,,-365.0
-694.0,-396.0,,-50.0,-144.0,626.0,331.0,533.0,,-306.0
-675.0,-427.0,,-132.0,-184.0,557.0,286.0,469.0,,-259.0
-444.0,-377.0,,-55.0,-238.0,589.0,259.0,476.0,,-234.0
-549.0,-351.0,,-28.0,-275.0,644.0,263.0,114.0,,-234.0
-374.0,-300.0,,-73.0,-275.0,625.0,274.0,48.0,,-247.0
-771.0,-124.0,,65.0,-294.0,646.0,268.0,-125.0,,-268.0
-477.0,32.0,,180.0,-287.0,774.0,235.0,-7.0,,-305.0
-655.0,88.0,,62.0,-239.0,792.0,185.0,171.0,,-351.0
-595.0,156.0,,58.0,-184.0,853.0,130.0,212.0,,-403.0
-545.0,250.0,,118.0,-57.0,860.0,96.0,428.0,,-460.0
-703.0,295.0,,127.0,100.0,936.0,102.0,282.0,,-519.0
-482.0,216.0,,129.0,206.0,1024.0,124.0,358.0,,-576.0
-804.0,153.0,,129.0,291.0,885.0,130.0,277.0,,-624.0
-503.0,132.0,,152.0,326.0,698.0,153.0,295.0,,-682.0
-669.0,105.0,,197.0,295.0,744.0,176.0,456.0,,-731.0
-462.0,84.0,,252.0,255.0,1034.0,199.0,378.0,,-757.0
-570.0,128.0,,201.0,179.0,950.0,219.0,554.0,,-775.0
-765.0,244.0,,191.0,73.0,661.0,210.0,399.0,,-756.0
-480.0,286.0,,221.0,19.0,567.0,177.0,450.0,,-717.0
-649.0,262.0,,173.0,-13.0,648.0,134.0,439.0,,-654.0
-403.0,229.0,,231.0,-44.0,690.0,109.0,397.0,,-570.0
-742.0,204.0,,228.0,-37.0,543.0,87.0,679.0,,-466.0
-542.0,28.0,,214.0,-73.0,585.0,96.0,689.0,,-329.0
-602.0,-211.0,,220.0,-130.0,516.0,118.0,992.0,,-186.0
-610.0,-315.0,,189.0,-130.0,344.0,135.0,1029.0,,-39.0
-458.0,-339.0,,236.0,-119.0,334.0,159.0,1099.0,,104.0
-741.0,-341.0,,205.0,-82.0,176.0,148.0,1221.0,,230.0
-411.0,-319.0,,283.0,-17.0,-32.0,157.0,1152.0,,330.0
-684.0,-153.0,,314.0,14.0,-98.0,151.0,1332.0,,392.0
-464.0,51.0,,257.0,39.0,91.0,106.0,1175.0,,422.0
-558.0,115.0,,274.0,59.0,318.0,91.0,1267.0,,415.0
-593.0,96.0,,204.0,5.0,432.0,92.0,1213.0,,370.0
-418.0,135.0,,190.0,-47.0,537.0,98.0,1132.0,,306.0
-656.0,198.0,,180.0,-48.0,708.0,95.0,1152.0,,220.0
-432.0,177.0,,75.0,-68.0,891.0,70.0,787.0,,124.0
-665.0,133.0,,37.0,-72.0,880.0,34.0,787.0,,24.0
-516.0,129.0,,73.0,-34.0,832.0,32.0,650.0,,-74.0
-719.0,121.0,,24.0,15.0,692.0,51.0,726.0,,-157.0
-704.0,2.0,,10.0,104.0,423.0,82.0,833.0,,-234.0
-517.0,-125.0,,128.0,190.0,129.0,132.0,825.0,,-292.0
-717.0,-147.0,,110.0,208.0,-102.0,144.0,1082.0,,-339.0
-582.0,-161.0,,64.0,216.0,-217.0,124.0,975.0,,-376.0
-760.0,-183.0,,198.0,207.0,-287.0,89.0,1056.0,,-412.0
-586.0,-162.0,,172.0,141.0,-172.0,59.0,857.0,,-443.0
-653.0,-30.0,,94.0,84.0,-14.0,34.0,646.0,,-467.0
-617.0,126.0,,112.0,59.0,139.0,19.0,550.0,,-507.0
-635.0,131.0,,76.0,75.0,110.0,40.0,269.0,,-532.0
-740.0,112.0,,103.0,134.0,-20.0,59.0,467.0,,-550.0
-575.0,144.0,,98.0,144.0,-27.0,57.0,421.0,,-559.0
-682.0,89.0,,36.0,86.0,-215.0,45.0,583.0,,-543.0
-577.0,-121.0,,-86.0,48.0,-368.0,33.0,681.0,,-525.0
-650.0,-360.0,,-86.0,26.0,-473.0,56.0,609.0,,-476.0
-572.0,-528.0,,-1.0,11.0,-280.0,89.0,759.0,,-382.0
-692.0,-695.0,,-78.0,45.0,98.0,107.0,554.0,,-266.0
-750.0,-866.0,,-110.0,70.0,280.0,119.0,635.0,,-124.0
-518.0,-912.0,,-85.0,60.0,498.0,124.0,565.0,,30.0
-587.0,-734.0,,-78.0,43.0,567.0,129.0,585.0,,186.0
-562.0,-508.0,,-69.0,-25.0,667.0,127.0,700.0,,341.0
-736.0,-380.0,,-101.0,-136.0,507.0,126.0,628.0,,467.0
-676.0,-289.0,,-173.0,-222.0,85.0,128.0,801.0,,543.0
-552.0,-161.0,,-142.0,-303.0,-234.0,118.0,620.0,,578.0
-606.0,-118.0,,-72.0,-335.0,-452.0,118.0,598.0,,564.0
-485.0,-189.0,,-76.0,-275.0,-505.0,127.0,402.0,,533.0
-589.0,-219.0,,29.0,-223.0,-516.0,118.0,227.0,,484.0
-505.0,-188.0,,96.0,-176.0,-225.0,96.0,367.0,,418.0
-526.0,-154.0,,26.0,-113.0,223.0,88.0,299.0,,353.0
-491.0,-160.0,,61.0,-86.0,694.0,110.0,476.0,,265.0
-369.0,-55.0,,85.0,-41.0,966.0,142.0,369.0,,195.0
-435.0,106.0,,102.0,28.0,1060.0,162.0,376.0,,145.0
-283.0,182.0,,178.0,70.0,1252.0,174.0,373.0,,113.0
-498.0,209.0,,197.0,143.0,1546.0,177.0,236.0,,110.0
-343.0,306.0,,201.0,255.0,1731.0,184.0,360.0,,132.0
-397.0,467.0,,169.0,323.0,1379.0,208.0,275.0,,179.0
-371.0,548.0,,215.0,376.0,1020.0,260.0,567.0,,222.0
-303.0,589.0,,210.0,386.0,759.0,311.0,670.0,,263.0
-507.0,613.0,,112.0,305.0,477.0,326.0,757.0,,275.0
-268.0,635.0,,81.0,223.0,183.0,329.0,946.0,,265.0
-560.0,589.0,,8.0,140.0,17.0,325.0,846.0,,228.0
-351.0,474.0,,-21.0,31.0,187.0,319.0,1005.0,,168.0
-518.0,365.0,,1.0,-39.0,347.0,304.0,816.0,,97.0
-429.0,229.0,,33.0,-94.0,586.0,285.0,794.0,,-6.0
-346.0,81.0,,-11.0,-133.0,627.0,280.0,759.0,,-115.0
-633.0,-112.0,,-46.0,-78.0,611.0,266.0,602.0,,-214.0
-339.0,-278.0,,-40.0,-10.0,878.0,260.0,657.0,,-287.0
-598.0,-348.0,,-61.0,32.0,1229.0,261.0,417.0,,-340.0
-252.0,-358.0,,-10.0,67.0,1575.0,269.0,428.0,,-370.0
-383.0,-260.0,,23.0,30.0,1715.0,281.0,194.0,,-381.0
-315.0,-71.0,,77.0,-36.0,1807.0,298.0,79.0,,-386.0
-120.0,123.0,,62.0,-71.0,1886.0,309.0,62.0,,-377.0
-297.0,172.0,,58.0,-101.0,1948.0,304.0,-160.0,,-372.0
-33.0,98.0,,93.0,-111.0,1823.0,334.0,-101.0,,-364.0
-199.0,72.0,,30.0,-105.0,1569.0,360.0,-310.0,,-351.0
101.0,6.0,,103.0,-149.0,1612.0,361.0,-195.0,,-323.0
49.0,-160.0,,135.0,-156.0,1711.0,336.0,-153.0,,-275.0
-12.0,-304.0,,107.0,-138.0,1780.0,292.0,-205.0,,-209.0
173.0,-309.0,,105.0,-197.0,1815.0,273.0,-118.0,,-119.0
49.0,-298.0,,15.0,-238.0,1733.0,266.0,-247.0,,-28.0
263.0,-282.0,,20.0,-226.0,1661.0,272.0,-16.0,,76.0
140.0,-169.0,,29.0,-199.0,1753.0,266.0,46.0,,198.0
142.0,-17.0,,-22.0,-128.0,1845.0,265.0,219.0,,322.0
160.0,76.0,,-65.0,-37.0,1579.0,291.0,232.0,,450.0
116.0,43.0,,-71.0,34.0,1441.0,304.0,59.0,,561.0
315.0,67.0,,-61.0,114.0,1656.0,316.0,88.0,,649.0
137.0,82.0,,-82.0,131.0,1834.0,340.0,-230.0,,726.0
284.0,48.0,,-43.0,83.0,1857.0,381.0,-254.0,,773.0
206.0,-28.0,,-3.0,113.0,1767.0,411.0,-408.0,,815.0
239.0,-123.0,,77.0,171.0,1826.0,416.0,-448.0,,863.0
343.0,-100.0,,116.0,169.0,1811.0,446.0,-273.0,,902.0
253.0,-111.0,,117.0,150.0,1608.0,468.0,-269.0,,945.0
446.0,-157.0,,180.0,91.0,1239.0,430.0,14.0,,992.0
211.0,-200.0,,149.0,17.0,971.0,369.0,-27.0,,1015.0
370.0,-173.0,,103.0,-32.0,1263.0,325.0,-22.0,,1019.0
240.0,-163.0,,5.0,-100.0,1579.0,297.0,-199.0,,1020.0
262.0,-193.0,,15.0,-144.0,1643.0,300.0,-373.0,,987.0
325.0,-160.0,,60.0,-125.0,1611.0,317.0,-251.0,,946.0
242.0,-68.0,,-55.0,-109.0,1781.0,312.0,-299.0,,886.0
341.0,72.0,,-97.0,-88.0,2004.0,331.0,27.0,,814.0
69.0,84.0,,-190.0,-23.0,1928.0,370.0,53.0,,745.0
250.0,105.0,,-214.0,13.0,1776.0,392.0,79.0,,668.0
170.0,130.0,,-199.0,43.0,1659.0,399.0,20.0,,599.0
288.0,8.0,,-211.0,102.0,1823.0,390.0,-341.0,,541.0
277.0,-173.0,,-183.0,120.0,2053.0,399.0,-437.0,,495.0
255.0,-337.0,,-182.0,128.0,2009.0,407.0,-809.0,,455.0
288.0,-416.0,,-186.0,135.0,1877.0,411.0,-853.0,,436.0
248.0,-541.0,,-213.0,85.0,1750.0,419.0,-920.0,,436.0
438.0,-680.0,,-140.0,20.0,1734.0,390.0,-942.0,,447.0
293.0,-717.0,,-39.0,-61.0,1681.0,373.0,-733.0,,470.0
522.0,-591.0,,-2.0,-161.0,1393.0,384.0,-838.0,,490.0
497.0,-426.0,,-93.0,-180.0,1159.0,381.0,-755.0,,493.0
507.0,-352.0,,-85.0,-141.0,1177.0,384.0,-955.0,,482.0
431.0,-172.0,,-68.0,-115.0,1227.0,367.0,-897.0,,470.0
444.0,108.0,,-174.0,-74.0,1214.0,353.0,-761.0,,430.0
655.0,329.0,,-197.0,-48.0,1193.0,337.0,-735.0,,380.0
529.0,423.0,,-161.0,-39.0,1168.0,313.0,-478.0,,332.0
635.0,431.0,,-54.0,14.0,1239.0,338.0,-580.0,,286.0
497.0,376.0,,-54.0,81.0,1097.0,354.0,-448.0,,251.0
631.0,209.0,,-158.0,157.0,640.0,366.0,-583.0,,243.0
697.0,2.0,,-200.0,254.0,504.0,393.0,-694.0,,264.0
648.0,-110.0,,-98.0,286.0,736.0,380.0,-670.0,,295.0
809.0,-117.0,,-41.0,261.0,801.0,343.0,-861.0,,341.0
766.0,-117.0,,-78.0,258.0,519.0,297.0,-772.0,,378.0
911.0,-95.0,,-71.0,232.0,298.0,257.0,-999.0,,412.0
803.0,-20.0,,-85.0,172.0,465.0,257.0,-918.0,,426.0
783.0,48.0,,-126.0,116.0,757.0,274.0,-864.0,,412.0
957.0,117.0,,-145.0,61.0,689.0,282.0,-831.0,,397.0
1008.0,230.0,,-55.0,43.0,287.0,285.0,-594.0,,368.0
978.0,362.0,,-25.0,30.0,61.0,293.0,-668.0,,335.0
816.0,453.0,,-35.0,-50.0,135.0,303.0,-362.0,,293.0
929.0,476.0,,-71.0,-106.0,85.0,317.0,-291.0,,236.0
954.0,485.0,,-134.0,-107.0,-283.0,338.0,-92.0,,173.0
966.0,497.0,,-96.0,-128.0,-548.0,341.0,96.0,,103.0
901.0,416.0,,-107.0,-136.0,-444.0,331.0,64.0,,39.0
886.0,240.0,,-64.0,-147.0,-405.0,291.0,279.0,,-3.0
943.0,63.0,,-93.0,-164.0,-626.0,213.0,81.0,,-32.0
821.0,-100.0,,-208.0,-111.0,-805.0,150.0,112.0,,-36.0
845.0,-269.0,,-187.0,-58.0,-955.0,113.0,-51.0,,-4.0
784.0,-469.0,,-114.0,-29.0,-1220.0,114.0,-205.0,,52.0
878.0,-612.0,,37.0,32.0,-1548.0,112.0,-157.0,,133.0
823.0,-637.0,,58.0,49.0,-1753.0,95.0,-275.0,,225.0
763.0,-561.0,,55.0,34.0,-1900.0,121.0,70.0,,339.0
736.0,-366.0,,119.0,37.0,-1979.0,149.0,151.0,,457.0
763.0,-116.0,,204.0,-18.0,-1918.0,145.0,391.0,,553.0
860.0,115.0,,301.0,-83.0,-1776.0,101.0,583.0,,639.0
748.0,227.0,,325.0,-106.0,-1737.0,45.0,598.0,,711.0
779.0,207.0,,473.0,-120.0,-1773.0,-5.0,816.0,,771.0
712.0,126.0,,490.0,-83.0,-1492.0,-42.0,661.0,,841.0
739.0,71.0,,389.0,-48.0,-1289.0,-50.0,766.0,,901.0
671.0,-36.0,,338.0,-70.0,-1385.0,-62.0,687.0,,938.0
676.0,-229.0,,371.0,-64.0,-1752.0,-58.0,650.0,,949.0
580.0,-297.0,,431.0,-66.0,-2186.0,-46.0,676.0,,924.0
515.0,-292.0,,376.0,-108.0,-2314.0,-51.0,410.0,,875.0
553.0,-237.0,,397.0,-114.0,-2518.0,-76.0,460.0,,790.0
466.0,-153.0,,329.0,-135.0,-2695.0,-142.0,362.0,,674.0
584.0,-22.0,,238.0,-139.0,-2727.0,-190.0,565.0,,546.0
516.0,92.0,,150.0,-48.0,-2756.0,-193.0,617.0,,427.0
539.0,101.0,,41.0,35.0,-2771.0,-200.0,526.0,,326.0
476.0,127.0,,-6.0,108.0,-2840.0,-219.0,587.0,,256.0
559.0,157.0,,-86.0,185.0,-2880.0,-257.0,280.0,,246.0
527.0,183.0,,-89.0,197.0,-2971.0,-298.0,314.0,,271.0
502.0,128.0,,-141.0,207.0,-3071.0,-320.0,145.0,,354.0
632.0,85.0,,-155.0,208.0,-3017.0,-354.0,144.0,,484.0
634.0,91.0,,-134.0,147.0,-3058.0,-377.0,251.0,,631.0
696.0,99.0,,-139.0,113.0,-3322.0,-382.0,197.0,,801.0
573.0,122.0,,-99.0,74.0,-3539.0,-392.0,448.0,,941.0
671.0,100.0,,-116.0,-20.0,-3632.0,-398.0,378.0,,1062.0
695.0,130.0,,-93.0,-44.0,-3643.0,-409.0,570.0,,1160.0
762.0,181.0,,-89.0,-9.0,-3733.0,-390.0,552.0,,1229.0
679.0,256.0,,-23.0,46.0,-3657.0,-369.0,473.0,,1275.0
724.0,341.0,,9.0,152.0,-3185.0,-367.0,552.0,,1300.0
685.0,374.0,,-21.0,198.0,-2696.0,-375.0,376.0,,1331.0
637.0,339.0,,116.0,218.0,-2499.0,-377.0,541.0,,1347.0
706.0,179.0,,113.0,277.0,-2545.0,-360.0,469.0,,1343.0
576.0,75.0,,78.0,289.0,-2311.0,-380.0,676.0,,1319.0
738.0,86.0,,129.0,284.0,-2143.0,-416.0,809.0,,1277.0
574.0,133.0,,46.0,273.0,-2459.0,-459.0,737.0,,1223.0
592.0,93.0,,-6.0,217.0,-2762.0,-498.0,921.0,,1159.0
408.0,-29.0,,5.0,195.0,-2809.0,-493.0,837.0,,1099.0
562.0,-51.0,,32.0,168.0,-2627.0,-468.0,1097.0,,1032.0
618.0,-55.0,,-21.0,43.0,-2579.0,-421.0,1095.0,,952.0
486.0,-61.0,,-33.0,-67.0,-2706.0,-384.0,1110.0,,841.0
560.0,-82.0,,1.0,-171.0,-2575.0,-377.0,1217.0,,713.0
349.0,-117.0,,-6.0,-273.0,-2324.0,-375.0,1151.0,,585.0
568.0,-161.0,,33.0,-253.0,-2225.0,-384.0,1376.0,,434.0
389.0,-194.0,,19.0,-188.0,-2335.0,-368.0,1188.0,,267.0
574.0,-123.0,,28.0,-121.0,-2610.0,-340.0,1208.0,,109.0
476.0,-49.0,,94.0,-42.0,-2742.0,-330.0,1143.0,,-54.0
476.0,19.0,,158.0,-38.0,-2805.0,-325.0,1049.0,,-214.0
545.0,-1.0,,44.0,-71.0,-3029.0,-335.0,1117.0,,-363.0
410.0,-8.0,,51.0,-83.0,-3263.0,-344.0,812.0,,-496.0
690.0,0.0,,237.0,-109.0,-3352.0,-365.0,886.0,,-598.0
538.0,-86.0,,125.0,-78.0,-3255.0,-387.0,816.0,,-662.0
675.0,-156.0,,102.0,26.0,-2912.0,-399.0,888.0,,-684.0
451.0,-258.0,,135.0,94.0,-2520.0,-403.0,947.0,,-668.0
512.0,-360.0,,110.0,139.0,-2449.0,-406.0,785.0,,-600.0
580.0,-457.0,,134.0,116.0,-2474.0,-414.0,822.0,,-486.0
438.0,-463.0,,57.0,-3.0,-2385.0,-391.0,504.0,,-350.0
528.0,-380.0,,29.0,-93.0,-2338.0,-373.0,498.0,,-207.0
374.0,-258.0,,27.0,-155.0,-2479.0,-361.0,419.0,,-64.0
485.0,-113.0,,34.0,-195.0,-2705.0,-348.0,471.0,,64.0
275.0,42.0,,-6.0,-160.0,-2680.0,-334.0,724.0,,153.0
274.0,269.0,,-9.0,-128.0,-2433.0,-320.0,663.0,,225.0
374.0,412.0,,47.0,-96.0,-2290.0,-324.0,805.0,,288.0
279.0,444.0,,41.0,-16.0,-2260.0,-310.0,600.0,,344.0
343.0,399.0,,27.0,24.0,-2203.0,-285.0,569.0,,385.0
99.0,340.0,,-11.0,56.0,-2117.0,-262.0,535.0,,408.0
165.0,313.0,,27.0,134.0,-1951.0,-233.0,497.0,,419.0
158.0,235.0,,-6.0,172.0,-1832.0,-221.0,726.0,,405.0
133.0,135.0,,-10.0,202.0,-1760.0,-247.0,626.0,,375.0
204.0,85.0,,74.0,240.0,-1579.0,-271.0,746.0,,313.0
56.0,31.0,,17.0,216.0,-1449.0,-284.0,591.0,,234.0
230.0,-84.0,,-18.0,207.0,-1591.0,-282.0,532.0,,139.0
78.0,-161.0,,-49.0,187.0,-1616.0,-288.0,502.0,,30.0
158.0,-112.0,,-26.0,102.0,-1252.0,-313.0,240.0,,-79.0
134.0,-29.0,,-34.0,41.0,-1000.0,-297.0,347.0,,-205.0
173.0,-11.0,,-114.0,-20.0,-970.0,-289.0,271.0,,-333.0
208.0,14.0,,-118.0,-69.0,-899.0,-261.0,530.0,,-471.0
78.0,90.0,,-97.0,-51.0,-694.0,-247.0,670.0,,-612.0
171.0,223.0,,-83.0,-51.0,-496.0,-257.0,716.0,,-740.0
65.0,355.0,,-126.0,-55.0,-347.0,-241.0,896.0,,-841.0
228.0,401.0,,-219.0,-24.0,-210.0,-274.0,740.0,,-910.0
144.0,359.0,,-315.0,-43.0,-145.0,-300.0,805.0,,-948.0
259.0,197.0,,-312.0,-76.0,-125.0,-283.0,539.0,,-953.0
129.0,-69.0,,-327.0,-71.0,-43.0,-253.0,437.0,,-935.0
233.0,-263.0,,-357.0,-78.0,84.0,-197.0,415.0,,-880.0
201.0,-301.0,,-318.0,-72.0,-110.0,-165.0,290.0,,-812.0
192.0,-395.0,,-251.0,-64.0,-479.0,-195.0,467.0,,-735.0
309.0,-543.0,,-232.0,-92.0,-550.0,-241.0,384.0,,-632.0
143.0,-561.0,,-250.0,-80.0,-465.0,-308.0,661.0,,-509.0
336.0,-404.0,,-155.0,-91.0,-497.0,-331.0,781.0,,-364.0
131.0,-165.0,,-119.0,-165.0,-550.0,-313.0,885.0,,-192.0
399.0,-17.0,,-49.0,-177.0,-353.0,-292.0,1071.0,,-7.0
208.0,50.0,,81.0,-150.0,-51.0,-246.0,955.0,,172.0
306.0,68.0,,114.0,-126.0,-25.0,-241.0,1055.0,,362.0
303.0,-7.0,,122.0,-90.0,-148.0,-243.0,796.0,,550.0
281.0,-103.0,,134.0,-110.0,-36.0,-262.0,770.0,,729.0
402.0,-131.0,,178.0,-138.0,123.0,-285.0,681.0,,898.0
235.0,-175.0,,212.0,-95.0,-75.0,-299.0,508.0,,1032.0
528.0,-313.0,,263.0,-73.0,-372.0,-342.0,591.0,,1128.0
296.0,-490.0,,300.0,-42.0,-319.0,-362.0,443.0,,1178.0
452.0,-585.0,,268.0,44.0,-28.0,-352.0,652.0,,1192.0
261.0,-512.0,,221.0,87.0,79.0,-337.0,563.0,,1175.0
345.0,-415.0,,225.0,124.0,-45.0,-352.0,506.0,,1130.0
404.0,-368.0,,190.0,166.0,6.0,-338.0,484.0,,1066.0
376.0,-302.0,,142.0,182.0,332.0,-288.0,347.0,,970.0
395.0,-238.0,,84.0,240.0,816.0,-222.0,559.0,,859.0
216.0,-172.0,,-34.0,266.0,1141.0,-171.0,421.0,,733.0
370.0,-117.0,,19.0,223.0,1030.0,-174.0,526.0,,595.0
267.0,-20.0,,0.0,216.0,802.0,-165.0,509.0,,457.0
364.0,126.0,,-69.0,181.0,663.0,-163.0,419.0,,309.0
178.0,171.0,,5.0,80.0,707.0,-150.0,412.0,,162.0
301.0,86.0,,83.0,16.0,667.0,-102.0,120.0,,17.0
157.0,-1.0,,168.0,-38.0,484.0,-78.0,179.0,,-129.0
91.0,-94.0,,53.0,-67.0,468.0,-77.0,42.0,,-265.0
84.0,-277.0,,51.0,-31.0,590.0,-92.0,101.0,,-389.0
68.0,-441.0,,62.0,-35.0,920.0,-112.0,112.0,,-477.0
175.0,-482.0,,-79.0,-30.0,1134.0,-112.0,-38.0,,-530.0
2.0,-434.0,,-58.0,-3.0,1156.0,-109.0,99.0,,-562.0
86.0,-382.0,,-7.0,-48.0,1029.0,-103.0,-12.0,,-578.0
-182.0,-322.0,,82.0,-79.0,785.0,-84.0,229.0,,-576.0
31.0,-139.0,,-20.0,-86.0,498.0,-64.0,314.0,,-551.0
-82.0,89.0,,-100.0,-92.0,135.0,-49.0,338.0,,-501.0
-12.0,240.0,,-105.0,-31.0,4.0,-50.0,382.0,,-427.0
19.0,418.0,,-215.0,31.0,-66.0,-35.0,203.0,,-346.0
-142.0,576.0,,-184.0,62.0,58.0,-18.0,376.0,,-265.0
13.0,499.0,,-180.0,124.0,256.0,-1.0,330.0,,-194.0
-241.0,288.0,,-290.0,165.0,327.0,45.0,511.0,,-121.0
51.0,122.0,,-273.0,179.0,344.0,97.0,543.0,,-47.0
-170.0,-7.0,,-118.0,235.0,223.0,144.0,456.0,,17.0
-32.0,-99.0,,-155.0,243.0,281.0,140.0,602.0,,85.0
-58.0,-165.0,,-139.0,222.0,358.0,88.0,410.0,,152.0
-199.0,-170.0,,-20.0,241.0,178.0,42.0,436.0,,229.0
-50.0,-151.0,,-8.0,218.0,-297.0,6.0,168.0,,302.0
-334.0,-251.0,,-27.0,199.0,-371.0,-2.0,3.0,,366.0
59.0,-292.0,,-40.0,171.0,-70.0,-4.0,-73.0,,432.0
-174.0,-151.0,,43.0,55.0,20.0,9.0,-273.0,,481.0
-28.0,18.0,,38.0,-45.0,83.0,57.0,-83.0,,526.0
-117.0,153.0,,43.0,-115.0,142.0,96.0,-134.0,,576.0
-146.0,195.0,,139.0,-185.0,177.0,115.0,42.0,,619.0
61.0,176.0,,83.0,-178.0,-148.0,122.0,27.0,,673.0
-197.0,144.0,,62.0,-148.0,-439.0,119.0,-11.0,,726.0
64.0,66.0,,102.0,-121.0,-425.0,96.0,83.0,,767.0
-266.0,-16.0,,116.0,-25.0,-358.0,41.0,-145.0,,804.0
70.0,-32.0,,117.0,49.0,-350.0,5.0,-166.0,,819.0
-93.0,5.0,,-63.0,72.0,-379.0,-8.0,-511.0,,838.0
-104.0,1.0,,-108.0,82.0,-141.0,-39.0,-561.0,,845.0
12.0,-79.0,,-76.0,26.0,-5.0,-68.0,-572.0,,847.0
-159.0,-164.0,,-119.0,-21.0,-98.0,-85.0,-753.0,,848.0
178.0,-148.0,,-97.0,-32.0,-265.0,-77.0,-692.0,,815.0
-166.0,-98.0,,-86.0,-112.0,-406.0,-60.0,-953.0,,764.0
150.0,-41.0,,0.0,-172.0,-486.0,-32.0,-879.0,,673.0
-36.0,119.0,,-33.0,-175.0,-496.0,0.0,-949.0,,550.0
105.0,233.0,,-13.0,-190.0,-593.0,1.0,-1016.0,,405.0
43.0,203.0,,10.0,-145.0,-965.0,-5.0,-968.0,,253.0
-138.0,119.0,,-47.0,-107.0,-1113.0,-19.0,-1080.0,,108.0
128.0,37.0,,36.0,-99.0,-984.0,-33.0,-838.0,,-21.0
-112.0,30.0,,-111.0,-26.0,-838.0,-37.0,-829.0,,-107.0
184.0,-12.0,,-207.0,15.0,-690.0,-26.0,-582.0,,-155.0
-177.0,-152.0,,-149.0,22.0,-436.0,-13.0,-504.0,,-151.0
-25.0,-284.0,,-215.0,59.0,-156.0,-14.0,-655.0,,-98.0
-149.0,-389.0,,-138.0,53.0,-140.0,-21.0,-665.0,,-17.0
-184.0,-347.0,,-18.0,72.0,-261.0,-60.0,-970.0,,96.0
-72.0,-195.0,,-21.0,161.0,-394.0,-86.0,-905.0,,224.0
-298.0,-95.0,,-86.0,161.0,-590.0,-113.0,-964.0,,364.0
-73.0,-20.0,,-52.0,101.0,-826.0,-149.0,-888.0,,496.0
-450.0,65.0,,6.0,46.0,-1043.0,-158.0,-838.0,,594.0
-257.0,144.0,,-29.0,-33.0,-1276.0,-164.0,-1034.0,,646.0
-515.0,213.0,,96.0,-41.0,-1402.0,-157.0,-981.0,,629.0
-380.0,212.0,,160.0,-41.0,-1252.0,-149.0,-1234.0,,568.0
-384.0,37.0,,110.0,-93.0,-1068.0,-133.0,-1176.0,,447.0
-563.0,-215.0,,86.0,-64.0,-1190.0,-125.0,-1199.0,,299.0
-447.0,-403.0,,-58.0,-2.0,-1275.0,-131.0,-1108.0,,167.0
-720.0,-522.0,,-76.0,32.0,-898.0,-135.0,-820.0,,57.0
-451.0,-604.0,,-39.0,76.0,-346.0,-147.0,-783.0,,-4.0
-764.0,-667.0,,-46.0,43.0,-40.0,-165.0,-402.0,,-26.0
-497.0,-662.0,,-47.0,-26.0,-128.0,-202.0,-393.0,,-6.0
-660.0,-518.0,,-96.0,-21.0,-318.0,-240.0,-290.0,,29.0
-608.0,-303.0,,-98.0,-29.0,-315.0,-266.0,-284.0,,89.0
-593.0,-146.0,,-118.0,-10.0,-283.0,-288.0,-424.0,,168.0
-757.0,22.0,,-121.0,51.0,-514.0,-298.0,-317.0,,254.0
-529.0,200.0,,-191.0,54.0,-838.0,-296.0,-583.0,,347.0
-768.0,259.0,,-307.0,59.0,-851.0,-316.0,-609.0,,421.0
-487.0,265.0,,-325.0,38.0,-518.0,-364.0,-905.0,,477.0
-804.0,297.0,,-336.0,-42.0,-230.0,-425.0,-1110.0,,504.0
-592.0,276.0,,-411.0,-71.0,-308.0,-477.0,-1117.0,,512.0
-796.0,267.0,,-408.0,-83.0,-225.0,-504.0,-1295.0,,504.0
-732.0,350.0,,-368.0,-117.0,150.0,-507.0,-1114.0,,464.0
-720.0,461.0,,-425.0,-107.0,350.0,-508.0,-1158.0,,404.0
-723.0,564.0,,-400.0,-138.0,335.0,-551.0,-934.0,,290.0
-636.0,654.0,,-362.0,-209.0,217.0,-613.0,-896.0,,143.0
-968.0,695.0,,-305.0,-182.0,356.0,-663.0,-1060.0,,-24.0
-604.0,675.0,,-299.0,-127.0,610.0,-668.0,-1005.0,,-207.0
-885.0,599.0,,-318.0,-73.0,645.0,-640.0,-1184.0,,-392.0
-519.0,490.0,,-231.0,-14.0,698.0,-648.0,-1021.0,,-563.0
-936.0,472.0,,-128.0,-32.0,753.0,-677.0,-1023.0,,-710.0
-640.0,474.0,,-76.0,-39.0,664.0,-725.0,-940.0,,-851.0
-732.0,455.0,,-152.0,-3.0,582.0,-772.0,-921.0,,-957.0
-766.0,399.0,,-207.0,6.0,665.0,-748.0,-1097.0,,-1047.0
-580.0,303.0,,-287.0,59.0,703.0,-726.0,-1003.0,,-1130.0
-943.0,198.0,,-326.0,126.0,653.0,-735.0,-1201.0,,-1186.0
-317.0,50.0,,-301.0,140.0,714.0,-763.0,-1058.0,,-1233.0
-879.0,-36.0,,-276.0,185.0,900.0,-814.0,-1051.0,,-1267.0
-283.0,-167.0,,-293.0,211.0,1012.0,-840.0,-1064.0,,-1295.0
-697.0,-228.0,,-325.0,169.0,867.0,-855.0,-840.0,,-1327.0
-365.0,-256.0,,-238.0,136.0,722.0,-832.0,-859.0,,-1358.0
-326.0,-311.0,,-302.0,85.0,760.0,-807.0,-667.0,,-1379.0
-525.0,-270.0,,-273.0,52.0,856.0,-842.0,-859.0,,-1414.0
-32.0,-273.0,,-105.0,69.0,756.0,-874.0,-848.0,,-1435.0
-600.0,-201.0,,-122.0,24.0,451.0,-905.0,-755.0,,-1432.0
146.0,-83.0,,-186.0,-44.0,448.0,-897.0,-822.0,,-1404.0
-410.0,105.0,,-175.0,-81.0,783.0,-888.0,-687.0,,-1349.0
109.0,290.0,,-113.0,-152.0,843.0,-906.0,-809.0,,-1296.0
-152.0,364.0,,-114.0,-208.0,663.0,-906.0,-617.0,,-1227.0
-164.0,394.0,,-119.0,-231.0,674.0,-916.0,-646.0,,-1152.0
40.0,409.0,,-105.0,-260.0,915.0,-886.0,-646.0,,-1075.0
-360.0,417.0,,-74.0,-239.0,1060.0,-829.0,-545.0,,-999.0
229.0,259.0,,-148.0,-218.0,1093.0,-782.0,-661.0,,-916.0
-299.0,45.0,,-215.0,-244.0,1395.0,-764.0,-487.0,,-841.0
242.0,-92.0,,-143.0,-221.0,1694.0,-783.0,-702.0,,-778.0
-165.0,-155.0,,-96.0,-178.0,1689.0,-812.0,-827.0,,-716.0
21.0,-244.0,,-41.0,-140.0,1482.0,-805.0,-1095.0,,-668.0
55.0,-275.0,,-40.0,-43.0,1337.0,-765.0,-1358.0,,-617.0
-31.0,-175.0,,17.0,41.0,1222.0,-742.0,-1263.0,,-569.0
230.0,-70.0,,102.0,102.0,972.0,-740.0,-1350.0,,-505.0
-186.0,66.0,,150.0,166.0,826.0,-763.0,-1123.0,,-420.0
256.0,220.0,,256.0,164.0,878.0,-749.0,-1173.0,,-323.0
-153.0,393.0,,272.0,169.0,876.0,-723.0,-1132.0,,-211.0
126.0,525.0,,228.0,230.0,916.0,-702.0,-1127.0,,-77.0
-29.0,563.0,,245.0,256.0,1120.0,-664.0,-1324.0,,80.0
-23.0,559.0,,219.0,277.0,1102.0,-627.0,-1252.0,,239.0
-32.0,601.0,,158.0,304.0,1049.0,-581.0,-1480.0,,387.0
-289.0,662.0,,179.0,276.0,1027.0,-565.0,-1311.0,,506.0
-14.0,665.0,,140.0,233.0,988.0,-562.0,-1245.0,,597.0
-278.0,607.0,,121.0,194.0,1010.0,-571.0,-1263.0,,653.0
-68.0,613.0,,162.0,128.0,934.0,-603.0,-1269.0,,662.0
-377.0,646.0,,157.0,94.0,866.0,-642.0,-1592.0,,630.0
-176.0,606.0,,101.0,51.0,798.0,-656.0,-1504.0,,559.0
-303.0,546.0,,97.0,-22.0,874.0,-633.0,-1607.0,,454.0
-318.0,461.0,,191.0,-51.0,931.0,-597.0,-1537.0,,340.0
-270.0,394.0,,258.0,-95.0,830.0,-549.0,-1513.0,,216.0
-462.0,216.0,,283.0,-149.0,845.0,-512.0,-1570.0,,106.0
-219.0,112.0,,191.0,-147.0,1042.0,-520.0,-1382.0,,21.0
-550.0,100.0,,243.0,-121.0,1246.0,-551.0,-1476.0,,-49.0
-262.0,22.0,,299.0,-62.0,1199.0,-556.0,-1265.0,,-79.0
-581.0,-60.0,,182.0,43.0,1035.0,-541.0,-1254.0,,-78.0
-339.0,-164.0,,222.0,93.0,929.0,-523.0,-1125.0,,-55.0
-473.0,-158.0,,218.0,90.0,899.0,-512.0,-986.0,,-14.0
-517.0,-178.0,,197.0,105.0,986.0,-503.0,-1140.0,,24.0
-352.0,-209.0,,179.0,109.0,897.0,-506.0,-984.0,,58.0
-652.0,-168.0,,101.0,135.0,666.0,-515.0,-1114.0,,86.0
-258.0,-83.0,,157.0,174.0,654.0,-530.0,-981.0,,86.0
-686.0,-36.0,,162.0,156.0,756.0,-551.0,-981.0,,48.0
-176.0,-135.0,,143.0,128.0,978.0,-553.0,-1147.0,,-13.0
-503.0,-269.0,,171.0,101.0,1114.0,-528.0,-1201.0,,-99.0
-286.0,-390.0,,128.0,63.0,1061.0,-482.0,-1516.0,,-185.0
-279.0,-508.0,,95.0,69.0,1097.0,-445.0,-1472.0,,-250.0
-375.0,-641.0,,35.0,94.0,1195.0,-416.0,-1574.0,,-280.0
16.0,-659.0,,0.0,85.0,1222.0,-416.0,-1396.0,,-268.0
-383.0,-638.0,,34.0,78.0,1214.0,-445.0,-1169.0,,-217.0
196.0,-690.0,,73.0,70.0,1426.0,-493.0,-1160.0,,-136.0
-362.0,-739.0,,24.0,50.0,1571.0,-538.0,-888.0,,-50.0
125.0,-664.0,,-41.0,84.0,1486.0,-540.0,-964.0,,30.0
-119.0,-465.0,,-22.0,132.0,1470.0,-518.0,-903.0,,98.0
49.0,-358.0,,-66.0,157.0,1665.0,-499.0,-1043.0,,130.0
94.0,-298.0,,-100.0,206.0,1895.0,-495.0,-1143.0,,121.0
-132.0,-166.0,,-153.0,217.0,1904.0,-493.0,-1018.0,,68.0
305.0,22.0,,-203.0,176.0,1928.0,-482.0,-1012.0,,-20.0
-342.0,146.0,,-162.0,122.0,2000.0,-478.0,-705.0,,-145.0
299.0,186.0,,-161.0,33.0,2001.0,-495.0,-692.0,,-296.0
-221.0,209.0,,-99.0,-28.0,1946.0,-506.0,-576.0,,-455.0
261.0,144.0,,-63.0,-27.0,2018.0,-535.0,-633.0,,-610.0
-11.0,-36.0,,-92.0,-39.0,2078.0,-565.0,-824.0,,-744.0
67.0,-280.0,,-72.0,-55.0,1857.0,-554.0,-753.0,,-842.0
255.0,-382.0,,-65.0,-46.0,1575.0,-537.0,-868.0,,-901.0
-132.0,-366.0,,-85.0,-77.0,1302.0,-506.0,-596.0,,-910.0
471.0,-357.0,,26.0,-98.0,1115.0,-489.0,-563.0,,-864.0
-192.0,-255.0,,161.0,-55.0,1000.0,-475.0,-559.0,,-792.0
521.0,-71.0,,126.0,-28.0,994.0,-461.0,-567.0,,-692.0
-55.0,147.0,,156.0,3.0,1126.0,-486.0,-816.0,,-572.0
289.0,282.0,,166.0,48.0,1091.0,-512.0,-739.0,,-463.0
135.0,309.0,,177.0,46.0,828.0,-533.0,-933.0,,-351.0
28.0,324.0,,238.0,50.0,690.0,-549.0,-805.0,,-263.0
512.0,284.0,,311.0,66.0,753.0,-531.0,-659.0,,-212.0
-169.0,156.0,,363.0,42.0,748.0,-500.0,-620.0,,-198.0
470.0,68.0,,332.0,34.0,601.0,-457.0,-521.0,,-215.0
-238.0,119.0,,370.0,42.0,387.0,-428.0,-766.0,,-240.0
384.0,218.0,,302.0,28.0,392.0,-427.0,-678.0,,-276.0
-21.0,320.0,,335.0,50.0,565.0,-435.0,-787.0,,-299.0
8.0,384.0,,407.0,69.0,653.0,-468.0,-715.0,,-309.0
223.0,468.0,,441.0,41.0,775.0,-487.0,-617.0,,-310.0
-166.0,538.0,,529.0,40.0,981.0,-463.0,-668.0,,-291.0
443.0,492.0,,492.0,43.0,1192.0,-410.0,-393.0,,-254.0
-270.0,468.0,,525.0,41.0,1187.0,-359.0,-436.0,,-211.0
426.0,494.0,,512.0,80.0,999.0,-325.0,-242.0,,-173.0
-21.0,465.0,,482.0,97.0,984.0,-303.0,-245.0,,-143.0
306.0,401.0,,542.0,107.0,988.0,-295.0,-221.0,,-152.0
174.0,409.0,,550.0,142.0,749.0,-279.0,-48.0,,-192.0
0.0,399.0,,470.0,135.0,427.0,-263.0,-138.0,,-265.0
417.0,314.0,,412.0,109.0,201.0,-240.0,51.0,,-360.0
-72.0,161.0,,408.0,114.0,166.0,-224.0,-31.0,,-431.0
471.0,-28.0,,295.0,73.0,321.0,-211.0,84.0,,-499.0
-183.0,-112.0,,289.0,-6.0,586.0,-174.0,49.0,,-553.0
360.0,-207.0,,321.0,-45.0,880.0,-131.0,-145.0,,-598.0
10.0,-333.0,,226.0,-85.0,1108.0,-83.0,-138.0,,-643.0
194.0,-352.0,,204.0,-136.0,1480.0,-37.0,-397.0,,-673.0
203.0,-238.0,,143.0,-180.0,1886.0,-20.0,-256.0,,-697.0
-69.0,-94.0,,114.0,-277.0,1940.0,-6.0,-269.0,,-707.0
381.0,-38.0,,96.0,-381.0,1789.0,26.0,-184.0,,-694.0
-160.0,10.0,,37.0,-450.0,1737.0,67.0,-59.0,,-656.0
476.0,82.0,,-26.0,-522.0,1894.0,105.0,-107.0,,-608.0
-110.0,34.0,,-99.0,-553.0,1905.0,121.0,216.0,,-555.0
441.0,-114.0,,-23.0,-516.0,1616.0,121.0,273.0,,-500.0
202.0,-174.0,,-24.0,-455.0,1399.0,142.0,456.0,,-457.0
282.0,-156.0,,-59.0,-353.0,1450.0,186.0,338.0,,-422.0
443.0,-249.0,,-56.0,-241.0,1557.0,286.0,72.0,,-388.0
92.0,-416.0,,-127.0,-191.0,1546.0,407.0,-29.0,,-356.0
703.0,-457.0,,-114.0,-147.0,1636.0,484.0,-336.0,,-330.0
78.0,-406.0,,-265.0,-74.0,1855.0,531.0,-299.0,,-314.0
773.0,-363.0,,-674.0,-3.0,1947.0,542.0,-484.0,,-321.0
201.0,-362.0,,-544.0,83.0,1743.0,529.0,-423.0,,-321.0
562.0,-364.0,,-3.0,140.0,1670.0,521.0,-282.0,,-308.0
390.0,-347.0,,-186.0,106.0,1902.0,550.0,-321.0,,-297.0
316.0,-397.0,,-469.0,52.0,1978.0,599.0,-153.0,,-270.0
723.0,-466.0,,-84.0,-16.0,1818.0,623.0,-299.0,,-239.0
105.0,-438.0,,37.0,-103.0,1648.0,635.0,-118.0,,-198.0
754.0,-303.0,,-214.0,-108.0,1752.0,667.0,-44.0,,-148.0
102.0,-190.0,,3.0,-55.0,2059.0,715.0,83.0,,-98.0
677.0,-117.0,,117.0,7.0,2330.0,760.0,254.0,,-55.0
329.0,-76.0,,32.0,88.0,2491.0,803.0,77.0,,-25.0
512.0,-35.0,,89.0,158.0,2757.0,855.0,134.0,,-4.0
641.0,7.0,,-133.0,202.0,3031.0,914.0,-94.0,,-1.0
300.0,-25.0,,146.0,255.0,3148.0,950.0,-51.0,,-17.0
751.0,13.0,,100.0,292.0,3289.0,953.0,-12.0,,-62.0
131.0,101.0,,-373.0,293.0,3318.0,945.0,36.0,,-132.0
769.0,124.0,,-105.0,276.0,3215.0,934.0,312.0,,-219.0
255.0,109.0,,-183.0,187.0,2993.0,927.0,247.0,,-314.0
524.0,108.0,,-515.0,76.0,2933.0,928.0,491.0,,-407.0
306.0,105.0,,-426.0,48.0,2978.0,931.0,406.0,,-492.0
168.0,34.0,,-440.0,37.0,2834.0,936.0,315.0,,-551.0
392.0,25.0,,-658.0,8.0,2790.0,942.0,227.0,,-594.0
-99.0,137.0,,-546.0,0.0,2893.0,975.0,-79.0,,-598.0
367.0,234.0,,-572.0,-44.0,2976.0,1031.0,-55.0,,-560.0
-267.0,236.0,,-581.0,-116.0,2868.0,1076.0,-275.0,,-499.0
100.0,203.0,,-294.0,-161.0,2717.0,1107.0,-125.0,,-404.0
-260.0,117.0,,-247.0,-192.0,2618.0,1109.0,36.0,,-303.0
-180.0,-75.0,,-169.0,-153.0,2437.0,1107.0,188.0,,-202.0
-129.0,-299.0,,-321.0,-38.0,2173.0,1123.0,375.0,,-92.0
-505.0,-499.0,,-260.0,42.0,1891.0,1158.0,166.0,,23.0
-66.0,-584.0,,-89.0,91.0,1686.0,1192.0,269.0,,108.0
-525.0,-521.0,,-358.0,137.0,1728.0,1197.0,171.0,,159.0
-134.0,-443.0,,-296.0,126.0,1817.0,1202.0,310.0,,177.0
-531.0,-263.0,,-277.0,118.0,1565.0,1181.0,461.0,,157.0
-328.0,54.0,,-442.0,152.0,1337.0,1143.0,413.0,,118.0
-305.0,343.0,,-473.0,157.0,1422.0,1124.0,565.0,,65.0
-430.0,511.0,,-492.0,155.0,1879.0,1128.0,376.0,,23.0
-125.0,553.0,,-499.0,137.0,2403.0,1164.0,430.0,,-12.0
-498.0,578.0,,-420.0,76.0,2502.0,1218.0,297.0,,-20.0
-61.0,531.0,,-332.0,37.0,2502.0,1280.0,290.0,,2.0
-334.0,390.0,,-470.0,-6.0,2497.0,1336.0,436.0,,31.0
-120.0,229.0,,-363.0,-102.0,2220.0,1361.0,356.0,,69.0
-205.0,71.0,,-249.0,-172.0,1802.0,1370.0,598.0,,92.0
-219.0,-149.0,,-333.0,-210.0,1446.0,1375.0,487.0,,86.0
-14.0,-390.0,,-206.0,-247.0,1337.0,1361.0,541.0,,52.0
-216.0,-491.0,,-90.0,-239.0,1363.0,1340.0,484.0,,-10.0
69.0,-554.0,,-226.0,-230.0,1275.0,1328.0,297.0,,-90.0
-265.0,-592.0,,-347.0,-230.0,1279.0,1309.0,421.0,,-183.0
-34.0,-594.0,,-252.0,-187.0,1290.0,1319.0,365.0,,-279.0
-164.0,-547.0,,-317.0,-174.0,1326.0,1347.0,567.0,,-352.0
-136.0,-461.0,,-463.0,-176.0,1536.0,1344.0,467.0,,-396.0
-110.0,-424.0,,-506.0,-128.0,1529.0,1360.0,406.0,,-414.0
-221.0,-368.0,,-452.0,-124.0,1397.0,1371.0,319.0,,-394.0
5.0,-262.0,,-456.0,-157.0,1516.0,1353.0,109.0,,-351.0
-266.0,-192.0,,-529.0,-170.0,1915.0,1348.0,251.0,,-294.0
-64.0,-189.0,,-506.0,-210.0,2225.0,1334.0,153.0,,-229.0
-221.0,-209.0,,-617.0,-233.0,2216.0,1321.0,399.0,,-173.0
-89.0,-229.0,,-671.0,-197.0,2027.0,1309.0,522.0,,-112.0
-128.0,-216.0,,-583.0,-186.0,1781.0,1301.0,615.0,,-53.0
-172.0,-222.0,,-563.0,-192.0,1537.0,1277.0,800.0,,13.0
-90.0,-286.0,,-550.0,-188.0,1060.0,1248.0,652.0,,104.0
-231.0,-354.0,,-584.0,-218.0,381.0,1257.0,761.0,,196.0
-12.0,-366.0,,-551.0,-210.0,-117.0,1268.0,600.0,,301.0
-186.0,-403.0,,-451.0,-149.0,-305.0,1267.0,687.0,,401.0
-11.0,-463.0,,-439.0,-133.0,-404.0,1254.0,866.0,,509.0
-144.0,-416.0,,-452.0,-125.0,-461.0,1241.0,931.0,,615.0
-109.0,-261.0,,-472.0,-89.0,-335.0,1240.0,1169.0,,690.0
-94.0,-55.0,,-511.0,-38.0,-214.0,1245.0,1058.0,,744.0
-162.0,75.0,,-611.0,21.0,-242.0,1249.0,1228.0,,763.0
-21.0,220.0,,-536.0,52.0,-456.0,1220.0,1167.0,,746.0
-141.0,342.0,,-466.0,57.0,-570.0,1174.0,1053.0,,677.0
18.0,326.0,,-498.0,93.0,-372.0,1142.0,1043.0,,580.0
-149.0,199.0,,-398.0,114.0,-258.0,1101.0,881.0,,452.0
-77.0,0.0,,-429.0,80.0,-420.0,1044.0,1055.0,,303.0
-150.0,-153.0,,-525.0,48.0,-666.0,1008.0,888.0,,168.0
-77.0,-285.0,,-543.0,15.0,-821.0,1011.0,910.0,,44.0
-17.0,-331.0,,-444.0,-21.0,-888.0,1020.0,958.0,,-31.0
-98.0,-234.0,,-378.0,-8.0,-957.0,1013.0,981.0,,-70.0
-81.0,-45.0,,-301.0,15.0,-942.0,989.0,1167.0,,-78.0
-252.0,126.0,,-201.0,8.0,-769.0,963.0,984.0,,-59.0
-64.0,290.0,,-192.0,17.0,-573.0,930.0,1064.0,,-20.0
-198.0,474.0,,-73.0,58.0,-417.0,917.0,909.0,,25.0
-103.0,622.0,,-105.0,102.0,-323.0,911.0,848.0,,59.0
-185.0,733.0,,-105.0,140.0,-295.0,885.0,807.0,,105.0
-210.0,739.0,,-31.0,138.0,-389.0,882.0,596.0,,152.0
-197.0,698.0,,-118.0,86.0,-750.0,871.0,709.0,,185.0
-335.0,522.0,,-174.0,23.0,-1162.0,866.0,502.0,,215.0
-159.0,248.0,,-276.0,-52.0,-1450.0,852.0,624.0,,232.0
-341.0,22.0,,-248.0,-108.0,-1769.0,825.0,670.0,,243.0
-234.0,-176.0,,-230.0,-94.0,-2042.0,822.0,648.0,,257.0
-274.0,-351.0,,-248.0,-66.0,-2212.0,776.0,709.0,,275.0
-297.0,-490.0,,-160.0,-45.0,-2326.0,724.0,484.0,,308.0
-259.0,-564.0,,-145.0,-5.0,-2346.0,679.0,639.0,,355.0
-267.0,-567.0,,-132.0,-8.0,-2367.0,642.0,561.0,,400.0
-176.0,-480.0,,-243.0,-26.0,-2148.0,641.0,602.0,,436.0
-274.0,-406.0,,-269.0,-13.0,-1686.0,631.0,532.0,,429.0
-203.0,-319.0,,-214.0,-38.0,-1507.0,593.0,356.0,,382.0
-227.0,-211.0,,-192.0,-56.0,-1546.0,514.0,508.0,,295.0
-138.0,-121.0,,-175.0,-9.0,-1529.0,436.0,393.0,,164.0
-162.0,-21.0,,-150.0,50.0,-1415.0,398.0,635.0,,22.0
-184.0,-8.0,,-53.0,166.0,-1458.0,380.0,740.0,,-130.0
-111.0,-99.0,,-38.0,302.0,-2013.0,377.0,923.0,,-287.0
-74.0,-224.0,,-45.0,350.0,-2594.0,376.0,1149.0,,-431.0
4.0,-294.0,,-65.0,356.0,-2813.0,353.0,1060.0,,-565.0
-29.0,-353.0,,7.0,320.0,-3031.0,350.0,1164.0,,-671.0
46.0,-342.0,,68.0,223.0,-3274.0,343.0,897.0,,-725.0
51.0,-248.0,,50.0,150.0,-3344.0,331.0,872.0,,-746.0
135.0,-209.0,,-1.0,107.0,-3257.0,332.0,783.0,,-748.0
161.0,-182.0,,-47.0,55.0,-2878.0,289.0,606.0,,-725.0
256.0,-66.0,,-18.0,27.0,-2390.0,221.0,582.0,,-707.0
293.0,73.0,,-45.0,-15.0,-2051.0,146.0,301.0,,-684.0
254.0,137.0,,36.0,-100.0,-1713.0,97.0,380.0,,-655.0
320.0,128.0,,99.0,-144.0,-1632.0,67.0,269.0,,-639.0
242.0,37.0,,54.0,-193.0,-1766.0,77.0,373.0,,-604.0
294.0,-65.0,,-31.0,-265.0,-2065.0,98.0,591.0,,-584.0
262.0,-197.0,,-1.0,-267.0,-2642.0,83.0,667.0,,-571.0
334.0,-342.0,,85.0,-273.0,-3036.0,63.0,1005.0,,-539.0
257.0,-469.0,,24.0,-299.0,-3151.0,3.0,984.0,,-508.0
264.0,-530.0,,167.0,-269.0,-2982.0,-57.0,1173.0,,-463.0
268.0,-440.0,,179.0,-254.0,-2789.0,-112.0,1158.0,,-415.0
209.0,-277.0,,83.0,-245.0,-2739.0,-121.0,1077.0,,-350.0
339.0,-99.0,,191.0,-195.0,-2466.0,-82.0,1136.0,,-272.0
247.0,71.0,,170.0,-167.0,-2038.0,-87.0,947.0,,-179.0
310.0,230.0,,148.0,-133.0,-1659.0,-106.0,1029.0,,-70.0
155.0,339.0,,256.0,-79.0,-1408.0,-129.0,835.0,,38.0
306.0,324.0,,355.0,-61.0,-1444.0,-166.0,859.0,,144.0
295.0,251.0,,280.0,-36.0,-1777.0,-201.0,903.0,,245.0
214.0,210.0,,218.0,0.0,-2191.0,-237.0,896.0,,346.0
287.0,171.0,,231.0,-9.0,-2595.0,-279.0,1132.0,,434.0
167.0,129.0,,195.0,-2.0,-2808.0,-307.0,1014.0,,515.0
363.0,-14.0,,189.0,19.0,-2865.0,-335.0,1134.0,,588.0
189.0,-143.0,,184.0,4.0,-2768.0,-333.0,973.0,,672.0
216.0,-148.0,,190.0,34.0,-2395.0,-331.0,811.0,,770.0
96.0,-182.0,,204.0,89.0,-1981.0,-343.0,757.0,,871.0
107.0,-163.0,,189.0,99.0,-1441.0,-336.0,583.0,,964.0
193.0,-94.0,,179.0,109.0,-874.0,-377.0,794.0,,1044.0
87.0,-14.0,,231.0,118.0,-413.0,-397.0,705.0,,1118.0
120.0,94.0,,261.0,114.0,-166.0,-420.0,763.0,,1158.0
5.0,224.0,,244.0,142.0,-262.0,-452.0,646.0,,1187.0
166.0,370.0,,284.0,159.0,-300.0,-425.0,460.0,,1210.0
40.0,516.0,,327.0,138.0,-162.0,-409.0,515.0,,1223.0
93.0,548.0,,252.0,122.0,-413.0,-394.0,393.0,,1231.0
98.0,466.0,,228.0,85.0,-1181.0,-398.0,709.0,,1232.0
110.0,393.0,,198.0,48.0,-1677.0,-424.0,809.0,,1213.0
148.0,280.0,,149.0,51.0,-1523.0,-470.0,940.0,,1170.0
36.0,172.0,,235.0,32.0,-1352.0,-518.0,955.0,,1132.0
132.0,37.0,,282.0,-23.0,-1586.0,-534.0,713.0,,1082.0
83.0,-153.0,,294.0,-73.0,-1575.0,-539.0,770.0,,1017.0
237.0,-339.0,,263.0,-122.0,-1081.0,-515.0,563.0,,938.0
144.0,-425.0,,249.0,-111.0,-626.0,-506.0,672.0,,859.0
151.0,-422.0,,287.0,-40.0,-664.0,-517.0,678.0,,798.0
171.0,-404.0,,243.0,-29.0,-922.0,-557.0,726.0,,743.0
158.0,-301.0,,216.0,-70.0,-851.0,-624.0,942.0,,705.0
196.0,-141.0,,237.0,-114.0,-876.0,-646.0,879.0,,673.0
80.0,-79.0,,175.0,-155.0,-1035.0,-657.0,1103.0,,634.0
177.0,-202.0,,96.0,-161.0,-1207.0,-649.0,951.0,,585.0
71.0,-334.0,,55.0,-161.0,-1371.0,-622.0,835.0,,535.0
123.0,-411.0,,22.0,-211.0,-1401.0,-632.0,652.0,,478.0
99.0,-450.0,,2.0,-266.0,-1433.0,-654.0,400.0,,404.0
94.0,-535.0,,24.0,-301.0,-1335.0,-666.0,517.0,,337.0
95.0,-631.0,,77.0,-349.0,-1231.0,-679.0,456.0,,268.0
-9.0,-609.0,,108.0,-337.0,-1224.0,-672.0,668.0,,217.0
33.0,-573.0,,128.0,-258.0,-1100.0,-654.0,618.0,,175.0
-86.0,-542.0,,94.0,-188.0,-902.0,-650.0,644.0,,141.0
-26.0,-553.0,,138.0,-106.0,-914.0,-666.0,788.0,,131.0
-74.0,-420.0,,220.0,-36.0,-1200.0,-680.0,678.0,,132.0
-140.0,-175.0,,291.0,1.0,-1375.0,-653.0,872.0,,149.0
-259.0,21.0,,411.0,60.0,-1096.0,-628.0,757.0,,163.0
-267.0,252.0,,397.0,85.0,-846.0,-618.0,824.0,,197.0
-181.0,480.0,,373.0,45.0,-874.0,-606.0,678.0,,234.0
-324.0,682.0,,397.0,9.0,-881.0,-646.0,338.0,,245.0
-278.0,741.0,,374.0,-32.0,-728.0,-704.0,266.0,,254.0
-337.0,657.0,,314.0,-79.0,-379.0,-725.0,-46.0,,238.0
-310.0,514.0,,287.0,-79.0,-404.0,-710.0,35.0,,217.0
-337.0,396.0,,300.0,-90.0,-578.0,-676.0,-86.0,,200.0
-315.0,196.0,,249.0,-87.0,-412.0,-677.0,-121.0,,196.0
-288.0,-94.0,,125.0,-7.0,-216.0,-707.0,-62.0,,228.0
-403.0,-223.0,,-20.0,48.0,-41.0,-719.0,-206.0,,273.0
-347.0,-354.0,,-110.0,69.0,54.0,-722.0,-79.0,,330.0
-340.0,-512.0,,-213.0,97.0,180.0,-737.0,-254.0,,393.0
-280.0,-538.0,,-336.0,85.0,218.0,-744.0,-129.0,,439.0
-329.0,-434.0,,-383.0,85.0,79.0,-722.0,-77.0,,482.0
-283.0,-210.0,,-422.0,129.0,-58.0,-679.0,3.0,,516.0
-289.0,85.0,,-462.0,152.0,-139.0,-661.0,243.0,,543.0
-311.0,317.0,,-432.0,205.0,-135.0,-688.0,192.0,,581.0
-288.0,523.0,,-407.0,276.0,-395.0,-750.0,469.0,,609.0
-315.0,722.0,,-335.0,273.0,-875.0,-815.0,397.0,,631.0
-320.0,772.0,,-279.0,262.0,-1486.0,-824.0,461.0,,643.0
-417.0,769.0,,-254.0,233.0,-2209.0,-798.0,493.0,,640.0
-341.0,642.0,,-173.0,148.0,-2610.0,-776.0,369.0,,628.0
-389.0,481.0,,-149.0,112.0,-2884.0,-779.0,543.0,,592.0
-314.0,373.0,,-105.0,93.0,-3140.0,-810.0,415.0,,554.0
-317.0,174.0,,-39.0,53.0,-3155.0,-854.0,533.0,,508.0
-417.0,8.0,,-6.0,60.0,-2871.0,-899.0,363.0,,466.0
-417.0,-159.0,,-24.0,62.0,-2224.0,-901.0,177.0,,451.0
-460.0,-283.0,,-72.0,46.0,-1589.0,-888.0,92.0,,459.0
-357.0,-329.0,,-109.0,74.0,-994.0,-897.0,-118.0,,484.0
-425.0,-386.0,,-123.0,78.0,-364.0,-907.0,46.0,,514.0
-393.0,-388.0,,-84.0,64.0,-18.0,-914.0,-96.0,,552.0
-387.0,-243.0,,3.0,99.0,89.0,-913.0,92.0,,585.0
-425.0,-11.0,,65.0,110.0,12.0,-893.0,221.0,,609.0
-390.0,146.0,,44.0,108.0,-171.0,-883.0,273.0,,639.0
-396.0,282.0,,55.0,128.0,-273.0,-892.0,478.0,,666.0
-346.0,372.0,,86.0,81.0,-280.0,-928.0,264.0,,687.0
-377.0,374.0,,125.0,32.0,-109.0,-931.0,378.0,,708.0
-359.0,347.0,,209.0,11.0,179.0,-911.0,264.0,,704.0
-384.0,272.0,,315.0,-37.0,319.0,-919.0,232.0,,682.0
-326.0,253.0,,381.0,-29.0,231.0,-943.0,245.0,,650.0
-244.0,220.0,,420.0,26.0,78.0,-971.0,105.0,,591.0
-311.0,83.0,,408.0,62.0,66.0,-974.0,238.0,,529.0
-327.0,21.0,,365.0,102.0,87.0,-989.0,48.0,,471.0
-307.0,-47.0,,370.0,93.0,38.0,-994.0,127.0,,426.0
-173.0,-96.0,,375.0,20.0,2.0,-984.0,40.0,,389.0
-150.0,-102.0,,371.0,3.0,24.0,-982.0,5.0,,369.0
-261.0,-265.0,,352.0,31.0,-75.0,-981.0,171.0,,378.0
-222.0,-402.0,,313.0,35.0,-389.0,-1000.0,81.0,,396.0
-191.0,-430.0,,197.0,49.0,-487.0,-977.0,332.0,,416.0
-199.0,-402.0,,70.0,45.0,-486.0,-913.0,238.0,,426.0
-165.0,-356.0,,17.0,31.0,-640.0,-861.0,242.0,,416.0
-171.0,-354.0,,22.0,60.0,-819.0,-841.0,169.0,,384.0
-176.0,-371.0,,128.0,54.0,-1005.0,-838.0,-36.0,,317.0
-173.0,-359.0,,214.0,56.0,-998.0,-821.0,22.0,,232.0
-221.0,-340.0,,230.0,127.0,-1083.0,-795.0,-214.0,,127.0
-203.0,-370.0,,267.0,141.0,-1249.0,-777.0,-131.0,,11.0
-147.0,-298.0,,259.0,117.0,-1083.0,-774.0,-277.0,,-98.0
-98.0,-296.0,,314.0,107.0,-811.0,-796.0,-362.0,,-204.0
-244.0,-403.0,,403.0,64.0,-666.0,-827.0,-360.0,,-298.0
-336.0,-433.0,,400.0,30.0,-785.0,-836.0,-567.0,,-364.0
-216.0,-473.0,,405.0,-6.0,-780.0,-850.0,-345.0,,-405.0
-222.0,-488.0,,420.0,-100.0,-587.0,-843.0,-362.0,,-427.0
-207.0,-489.0,,439.0,-172.0,-577.0,-807.0,-184.0,,-423.0
-316.0,-429.0,,422.0,-199.0,-752.0,-755.0,-144.0,,-406.0
-240.0,-268.0,,366.0,-211.0,-1094.0,-720.0,-258.0,,-371.0
-197.0,-61.0,,340.0,-133.0,-1269.0,-700.0,-184.0,,-333.0
-290.0,41.0,,321.0,-39.0,-1399.0,-640.0,-365.0,,-310.0
-253.0,39.0,,318.0,12.0,-1585.0,-580.0,-273.0,,-273.0
-358.0,125.0,,356.0,53.0,-1682.0,-531.0,-406.0,,-232.0
-220.0,171.0,,346.0,18.0,-1666.0,-515.0,-351.0,,-187.0
-203.0,96.0,,331.0,-48.0,-1546.0,-512.0,-232.0,,-122.0
-127.0,-43.0,,351.0,-52.0,-1458.0,-495.0,-271.0,,-55.0
-114.0,-164.0,,363.0,-61.0,-1314.0,-479.0,-53.0,,4.0
-200.0,-218.0,,350.0,-64.0,-1167.0,-451.0,-214.0,,47.0
-67.0,-211.0,,370.0,-48.0,-946.0,-400.0,-142.0,,56.0
-158.0,-164.0,,470.0,-102.0,-967.0,-330.0,-249.0,,55.0
1.0,-124.0,,456.0,-90.0,-1377.0,-275.0,-393.0,,46.0
49.0,-24.0,,408.0,-50.0,-1840.0,-229.0,-382.0,,22.0
51.0,108.0,,415.0,-29.0,-2314.0,-201.0,-604.0,,11.0
41.0,163.0,,369.0,11.0,-2450.0,-201.0,-408.0,,9.0
27.0,199.0,,328.0,-1.0,-2569.0,-191.0,-511.0,,7.0
198.0,255.0,,342.0,21.0,-2864.0,-176.0,-447.0,,11.0
125.0,321.0,,369.0,16.0,-3134.0,-185.0,-341.0,,7.0
292.0,352.0,,362.0,14.0,-3372.0,-185.0,-426.0,,0.0
180.0,303.0,,352.0,4.0,-3070.0,-165.0,-325.0,,-20.0
174.0,240.0,,332.0,-2.0,-2489.0,-153.0,-502.0,,-76.0
271.0,165.0,,277.0,-11.0,-2184.0,-115.0,-371.0,,-168.0
223.0,160.0,,279.0,2.0,-2092.0,-70.0,-515.0,,-290.0
374.0,103.0,,294.0,105.0,-1875.0,-42.0,-624.0,,-430.0
163.0,29.0,,256.0,103.0,-1646.0,-12.0,-639.0,,-566.0
278.0,93.0,,269.0,102.0,-1550.0,9.0,-881.0,,-670.0
198.0,69.0,,252.0,37.0,-1527.0,15.0,-787.0,,-744.0
131.0,37.0,,282.0,10.0,-1788.0,18.0,-990.0,,-782.0
190.0,51.0,,370.0,51.0,-1961.0,21.0,-984.0,,-778.0
132.0,75.0,,390.0,29.0,-2057.0,40.0,-1060.0,,-757.0
178.0,118.0,,449.0,31.0,-2397.0,65.0,-1215.0,,-713.0
-29.0,118.0,,475.0,8.0,-2978.0,73.0,-1165.0,,-668.0
61.0,38.0,,499.0,53.0,-3441.0,112.0,-1315.0,,-642.0
-68.0,-32.0,,484.0,91.0,-3515.0,145.0,-1110.0,,-628.0
-9.0,-3.0,,481.0,149.0,-3607.0,129.0,-1116.0,,-640.0
-20.0,-47.0,,515.0,169.0,-3682.0,109.0,-1038.0,,-665.0
-175.0,-98.0,,510.0,204.0,-3586.0,91.0,-981.0,,-698.0
-112.0,-132.0,,554.0,287.0,-3284.0,116.0,-986.0,,-728.0
-149.0,-163.0,,485.0,254.0,-2894.0,169.0,-617.0,,-743.0
-26.0,-185.0,,442.0,259.0,-2527.0,197.0,-598.0,,-758.0
-197.0,-226.0,,421.0,201.0,-2166.0,204.0,-408.0,,-767.0
-184.0,-193.0,,333.0,150.0,-2005.0,196.0,-439.0,,-776.0
-195.0,-124.0,,312.0,101.0,-2111.0,190.0,-548.0,,-777.0
-192.0,-94.0,,291.0,-69.0,-2178.0,185.0,-502.0,,-764.0
-182.0,-106.0,,301.0,-192.0,-2197.0,183.0,-720.0,,-732.0
-173.0,-30.0,,264.0,-270.0,-2403.0,188.0,-702.0,,-689.0
-21.0,85.0,,199.0,-261.0,-2470.0,185.0,-960.0,,-654.0
-91.0,118.0,,162.0,-171.0,-2382.0,203.0,-1023.0,,-619.0
-35.0,-18.0,,179.0,-141.0,-2338.0,203.0,-1151.0,,-584.0
-81.0,-182.0,,210.0,-136.0,-2370.0,186.0,-1369.0,,-543.0
35.0,-220.0,,208.0,-115.0,-2383.0,155.0,-1201.0,,-495.0
198.0,-265.0,,199.0,-140.0,-2138.0,118.0,-1217.0,,-460.0
164.0,-275.0,,210.0,-120.0,-1906.0,124.0,-857.0,,-436.0
137.0,-265.0,,272.0,-116.0,-1823.0,116.0,-694.0,,-407.0
144.0,-228.0,,304.0,-205.0,-1737.0,126.0,-532.0,,-385.0
272.0,-165.0,,364.0,-263.0,-1709.0,125.0,-360.0,,-373.0
315.0,-114.0,,394.0,-369.0,-1667.0,87.0,-495.0,,-366.0
248.0,-65.0,,339.0,-433.0,-1529.0,59.0,-358.0,,-354.0
268.0,-40.0,,308.0,-400.0,-1304.0,29.0,-533.0,,-338.0
255.0,-71.0,,350.0,-381.0,-1049.0,13.0,-447.0,,-321.0
305.0,-158.0,,328.0,-283.0,-741.0,17.0,-487.0,,-287.0
302.0,-165.0,,316.0,-201.0,-425.0,6.0,-644.0,,-246.0
228.0,-231.0,,404.0,-135.0,-419.0,-8.0,-607.0,,-199.0
289.0,-347.0,,399.0,11.0,-482.0,12.0,-855.0,,-153.0
238.0,-413.0,,381.0,79.0,-204.0,29.0,-750.0,,-133.0
283.0,-535.0,,384.0,103.0,287.0,50.0,-885.0,,-123.0
161.0,-638.0,,359.0,122.0,420.0,68.0,-794.0,,-135.0
195.0,-724.0,,363.0,101.0,267.0,85.0,-493.0,,-165.0
224.0,-781.0,,380.0,157.0,272.0,98.0,-319.0,,-197.0
137.0,-724.0,,335.0,164.0,406.0,85.0,-20.0,,-232.0
166.0,-597.0,,311.0,119.0,537.0,86.0,-162.0,,-285.0
176.0,-481.0,,260.0,114.0,442.0,92.0,-147.0,,-344.0
286.0,-346.0,,199.0,36.0,459.0,122.0,-399.0,,-401.0
176.0,-184.0,,209.0,10.0,843.0,175.0,-642.0,,-478.0
223.0,-87.0,,199.0,23.0,1320.0,222.0,-703.0,,-542.0
138.0,-22.0,,225.0,3.0,1320.0,255.0,-892.0,,-585.0
209.0,79.0,,190.0,87.0,1049.0,259.0,-777.0,,-606.0
287.0,129.0,,168.0,112.0,1049.0,250.0,-997.0,,-610.0
273.0,62.0,,188.0,70.0,1201.0,224.0,-990.0,,-600.0
273.0,25.0,,207.0,53.0,1306.0,180.0,-1006.0,,-591.0
215.0,110.0,,254.0,-59.0,1087.0,172.0,-1019.0,,-586.0
306.0,176.0,,297.0,-96.0,957.0,213.0,-740.0,,-565.0
80.0,104.0,,330.0,-68.0,1197.0,240.0,-792.0,,-538.0
189.0,35.0,,388.0,-87.0,1521.0,236.0,-541.0,,-491.0
234.0,39.0,,459.0,-36.0,1600.0,219.0,-522.0,,-430.0
213.0,-1.0,,476.0,-68.0,1647.0,224.0,-521.0,,-366.0
105.0,-109.0,,501.0,-151.0,1946.0,267.0,-497.0,,-287.0
108.0,-179.0,,494.0,-155.0,2180.0,333.0,-703.0,,-187.0
287.0,-188.0,,456.0,-209.0,1988.0,381.0,-561.0,,-80.0
185.0,-193.0,,329.0,-199.0,1387.0,381.0,-606.0,,30.0
280.0,-255.0,,188.0,-158.0,931.0,359.0,-404.0,,149.0
200.0,-296.0,,149.0,-180.0,659.0,348.0,-382.0,,249.0
315.0,-235.0,,196.0,-121.0,400.0,377.0,-437.0,,326.0
371.0,-186.0,,194.0,-120.0,196.0,422.0,-345.0,,361.0
460.0,-125.0,,124.0,-147.0,48.0,459.0,-611.0,,347.0
402.0,-52.0,,133.0,-97.0,72.0,476.0,-526.0,,300.0
325.0,44.0,,135.0,-127.0,369.0,473.0,-617.0,,202.0
506.0,124.0,,170.0,-108.0,653.0,477.0,-539.0,,69.0
418.0,205.0,,235.0,-48.0,801.0,485.0,-395.0,,-96.0
572.0,303.0,,286.0,-37.0,1120.0,495.0,-386.0,,-278.0
436.0,346.0,,278.0,56.0,1425.0,499.0,-123.0,,-457.0
503.0,454.0,,235.0,93.0,1583.0,508.0,-195.0,,-619.0
458.0,530.0,,228.0,98.0,1655.0,540.0,-77.0,,-732.0
353.0,547.0,,268.0,153.0,1788.0,568.0,-199.0,,-818.0
453.0,581.0,,294.0,126.0,1934.0,574.0,-247.0,,-859.0
278.0,604.0,,226.0,155.0,1876.0,589.0,-129.0,,-862.0
444.0,479.0,,224.0,183.0,1911.0,623.0,-210.0,,-839.0
258.0,302.0,,221.0,113.0,1922.0,646.0,36.0,,-785.0
206.0,176.0,,165.0,112.0,1690.0,694.0,-92.0,,-728.0
147.0,60.0,,130.0,90.0,1481.0,760.0,-101.0,,-654.0
156.0,34.0,,87.0,82.0,1462.0,808.0,-319.0,,-589.0
194.0,-52.0,,66.0,131.0,1517.0,813.0,-716.0,,-528.0
-3.0,-105.0,,58.0,79.0,1399.0,793.0,-727.0,,-472.0
149.0,-169.0,,44.0,68.0,1366.0,800.0,-892.0,,-434.0
-6.0,-236.0,,-10.0,84.0,1796.0,783.0,-667.0,,-399.0
54.0,-166.0,,-57.0,43.0,2437.0,771.0,-644.0,,-377.0
34.0,-91.0,,-65.0,56.0,2706.0,766.0,-606.0,,-376.0
-52.0,-41.0,,-56.0,-14.0,2499.0,740.0,-497.0,,-394.0
-64.0,-29.0,,-34.0,-105.0,2330.0,742.0,-567.0,,-413.0
-107.0,62.0,,-53.0,-96.0,2387.0,776.0,-345.0,,-425.0
-38.0,126.0,,-104.0,-127.0,2282.0,805.0,-397.0,,-437.0
-201.0,126.0,,-142.0,-102.0,2066.0,807.0,-218.0,,-441.0
-251.0,115.0,,-117.0,-41.0,2086.0,810.0,-206.0,,-435.0
-350.0,40.0,,-42.0,-43.0,2319.0,828.0,-210.0,,-418.0
-276.0,-72.0,,-6.0,8.0,2586.0,850.0,-51.0,,-401.0
-328.0,-230.0,,30.0,-4.0,2627.0,842.0,-190.0,,-369.0
-368.0,-270.0,,32.0,-65.0,2679.0,829.0,22.0,,-326.0
-201.0,-261.0,,-6.0,-63.0,2887.0,807.0,-29.0,,-276.0
-229.0,-236.0,,-3.0,-134.0,3167.0,728.0,31.0,,-199.0
-274.0,-195.0,,-83.0,-178.0,3551.0,656.0,24.0,,-107.0
-314.0,-253.0,,-136.0,-198.0,3620.0,623.0,-271.0,,8.0
-229.0,-237.0,,-130.0,-251.0,3504.0,623.0,-319.0,,116.0
-194.0,-206.0,,-198.0,-200.0,3443.0,640.0,-559.0,,201.0
-139.0,-269.0,,-231.0,-190.0,3326.0,656.0,-424.0,,263.0
-106.0,-318.0,,-245.0,-219.0,3201.0,658.0,-382.0,,304.0
-238.0,-244.0,,-268.0,-160.0,2898.0,643.0,-293.0,,330.0
-174.0,-74.0,,-198.0,-137.0,2745.0,618.0,-134.0,,324.0
-96.0,5.0,,-103.0,-68.0,2987.0,622.0,-243.0,,297.0
-174.0,16.0,,-147.0,16.0,3114.0,638.0,-33.0,,246.0
-94.0,52.0,,-159.0,0.0,2952.0,645.0,-171.0,,185.0
-99.0,72.0,,-132.0,40.0,2867.0,672.0,-181.0,,113.0
-40.0,37.0,,-150.0,42.0,3121.0,664.0,-227.0,,57.0
6.0,10.0,,-167.0,-1.0,3350.0,623.0,-327.0,,51.0
-29.0,79.0,,-218.0,25.0,3237.0,595.0,-120.0,,82.0
-9.0,162.0,,-268.0,-36.0,3019.0,584.0,-149.0,,169.0
2.0,133.0,,-247.0,-91.0,3074.0,585.0,116.0,,294.0
91.0,47.0,,-252.0,-73.0,3161.0,599.0,114.0,,435.0
79.0,53.0,,-317.0,-98.0,2843.0,589.0,177.0,,564.0
157.0,136.0,,-301.0,-28.0,2491.0,562.0,256.0,,643.0
87.0,139.0,,-330.0,61.0,2337.0,522.0,107.0,,677.0
96.0,104.0,,-381.0,118.0,2381.0,478.0,317.0,,662.0
86.0,128.0,,-371.0,251.0,2545.0,456.0,232.0,,598.0
90.0,129.0,,-383.0,309.0,2616.0,434.0,404.0,,524.0
149.0,93.0,,-388.0,337.0,2628.0,443.0,487.0,,460.0
107.0,83.0,,-385.0,378.0,2679.0,455.0,474.0,,412.0
87.0,93.0,,-336.0,312.0,2741.0,480.0,570.0,,385.0
-58.0,155.0,,-284.0,281.0,2662.0,510.0,367.0,,366.0
14.0,241.0,,-269.0,250.0,2613.0,511.0,450.0,,359.0
-78.0,216.0,,-222.0,181.0,2623.0,467.0,247.0,,347.0
54.0,241.0,,-219.0,245.0,2582.0,384.0,171.0,,323.0
35.0,357.0,,-232.0,265.0,2577.0,342.0,112.0,,299.0
-13.0,420.0,,-209.0,205.0,2401.0,329.0,-40.0,,265.0
-4.0,508.0,,-185.0,186.0,2282.0,342.0,127.0,,218.0
-168.0,563.0,,-119.0,98.0,2351.0,343.0,25.0,,174.0
9.0,482.0,,-119.0,57.0,2297.0,327.0,199.0,,123.0
-45.0,351.0,,-163.0,73.0,2155.0,314.0,190.0,,79.0
129.0,275.0,,-199.0,21.0,2027.0,296.0,249.0,,64.0
-30.0,221.0,,-224.0,15.0,1991.0,292.0,382.0,,70.0
-35.0,184.0,,-183.0,-40.0,1932.0,275.0,179.0,,123.0
71.0,120.0,,-131.0,-165.0,1715.0,221.0,312.0,,203.0
26.0,84.0,,-38.0,-177.0,1514.0,155.0,184.0,,278.0
159.0,148.0,,51.0,-191.0,1498.0,114.0,260.0,,362.0
-2.0,202.0,,93.0,-205.0,1627.0,110.0,286.0,,414.0
251.0,274.0,,144.0,-184.0,1733.0,140.0,158.0,,446.0
167.0,333.0,,219.0,-230.0,1745.0,149.0,279.0,,464.0
179.0,385.0,,281.0,-204.0,1830.0,109.0,247.0,,449.0
113.0,394.0,,272.0,-137.0,1915.0,34.0,543.0,,426.0
92.0,304.0,,252.0,-142.0,1901.0,-21.0,569.0,,391.0
207.0,177.0,,249.0,-106.0,1821.0,0.0,696.0,,356.0
-19.0,43.0,,261.0,-102.0,1609.0,50.0,824.0,,342.0
141.0,-111.0,,226.0,-160.0,1514.0,60.0,628.0,,323.0
-10.0,-249.0,,176.0,-159.0,1563.0,0.0,652.0,,289.0
109.0,-275.0,,169.0,-182.0,1723.0,-48.0,314.0,,258.0
-7.0,-264.0,,157.0,-183.0,1926.0,-68.0,238.0,,220.0
-87.0,-246.0,,176.0,-100.0,1981.0,-63.0,190.0,,173.0
-49.0,-215.0,,184.0,-82.0,2068.0,-57.0,157.0,,130.0
-120.0,-120.0,,196.0,-66.0,2245.0,-80.0,312.0,,79.0
61.0,-66.0,,185.0,-37.0,2324.0,-88.0,267.0,,23.0
-236.0,-150.0,,168.0,-97.0,2088.0,-113.0,511.0,,-22.0
-133.0,-170.0,,197.0,-105.0,1600.0,-107.0,474.0,,-56.0
-325.0,-150.0,,276.0,-78.0,1229.0,-83.0,522.0,,-74.0
-215.0,-239.0,,309.0,-113.0,1172.0,-45.0,541.0,,-78.0
-159.0,-376.0,,250.0,-88.0,1331.0,-10.0,461.0,,-63.0
-353.0,-337.0,,248.0,-52.0,1597.0,-11.0,670.0,,-33.0
-201.0,-265.0,,190.0,-50.0,1969.0,8.0,591.0,,15.0
-398.0,-282.0,,76.0,-3.0,2393.0,39.0,687.0,,78.0
-219.0,-379.0,,-19.0,-15.0,2682.0,86.0,408.0,,158.0
-312.0,-503.0,,-67.0,-46.0,2852.0,85.0,51.0,,248.0
-225.0,-454.0,,-96.0,-4.0,2891.0,45.0,-114.0,,340.0
-250.0,-409.0,,-180.0,-26.0,2786.0,4.0,-399.0,,448.0
-196.0,-372.0,,-155.0,-47.0,2462.0,-46.0,-284.0,,547.0
-75.0,-245.0,,-107.0,4.0,1926.0,-65.0,-428.0,,629.0
-197.0,-35.0,,-166.0,24.0,1630.0,-58.0,-393.0,,707.0
-12.0,146.0,,-146.0,96.0,1552.0,-36.0,-363.0,,757.0
-84.0,261.0,,-127.0,192.0,1348.0,-42.0,-384.0,,798.0
141.0,407.0,,-138.0,171.0,980.0,-71.0,-195.0,,831.0
31.0,512.0,,-159.0,163.0,901.0,-107.0,-299.0,,860.0
67.0,590.0,,-263.0,205.0,1361.0,-140.0,-14.0,,905.0
143.0,469.0,,-231.0,200.0,1897.0,-177.0,129.0,,953.0
130.0,299.0,,-207.0,225.0,2203.0,-197.0,360.0,,1014.0
269.0,278.0,,-253.0,251.0,2380.0,-205.0,615.0,,1071.0
52.0,242.0,,-220.0,213.0,2658.0,-231.0,563.0,,1138.0
229.0,166.0,,-218.0,214.0,2750.0,-230.0,722.0,,1219.0
204.0,105.0,,-244.0,200.0,2326.0,-236.0,495.0,,1292.0
305.0,219.0,,-269.0,133.0,1914.0,-239.0,376.0,,1378.0
237.0,369.0,,-248.0,110.0,1786.0,-238.0,149.0,,1445.0
157.0,501.0,,-191.0,62.0,1641.0,-265.0,-36.0,,1490.0
301.0,724.0,,-215.0,-13.0,1275.0,-283.0,-3.0,,1519.0
203.0,886.0,,-198.0,1.0,816.0,-287.0,-210.0,,1509.0
342.0,945.0,,-145.0,67.0,665.0,-286.0,-112.0,,1443.0
151.0,843.0,,-204.0,101.0,680.0,-284.0,-245.0,,1331.0
274.0,675.0,,-133.0,127.0,507.0,-268.0,-114.0,,1188.0
265.0,484.0,,-10.0,141.0,328.0,-268.0,75.0,,1010.0
214.0,227.0,,-92.0,154.0,248.0,-283.0,84.0,,814.0
264.0,29.0,,-68.0,195.0,-83.0,-336.0,358.0,,613.0
138.0,-121.0,,35.0,168.0,-594.0,-391.0,310.0,,430.0
345.0,-172.0,,13.0,102.0,-733.0,-401.0,484.0,,282.0
130.0,-142.0,,63.0,89.0,-651.0,-433.0,412.0,,171.0
279.0,2.0,,-19.0,70.0,-770.0,-436.0,301.0,,108.0
200.0,82.0,,-94.0,96.0,-992.0,-429.0,317.0,,80.0
177.0,49.0,,-53.0,167.0,-1070.0,-430.0,129.0,,70.0
219.0,194.0,,-166.0,138.0,-933.0,-431.0,260.0,,86.0
49.0,363.0,,-159.0,87.0,-903.0,-433.0,142.0,,117.0
258.0,456.0,,-149.0,71.0,-996.0,-414.0,245.0,,154.0
-23.0,438.0,,-260.0,10.0,-842.0,-406.0,266.0,,194.0
142.0,389.0,,-338.0,-34.0,-678.0,-394.0,203.0,,228.0
41.0,244.0,,-355.0,-71.0,-566.0,-391.0,417.0,,283.0
77.0,43.0,,-356.0,-152.0,-637.0,-366.0,412.0,,356.0
126.0,-61.0,,-390.0,-176.0,-931.0,-359.0,685.0,,438.0
-101.0,-143.0,,-381.0,-157.0,-1153.0,-377.0,639.0,,550.0
72.0,-123.0,,-350.0,-138.0,-1339.0,-377.0,642.0,,673.0
-63.0,-178.0,,-319.0,-57.0,-1467.0,-363.0,711.0,,797.0
137.0,-284.0,,-318.0,4.0,-1723.0,-347.0,513.0,,909.0
-62.0,-441.0,,-312.0,5.0,-1858.0,-382.0,569.0,,995.0
-143.0,-544.0,,-345.0,45.0,-1859.0,-380.0,376.0,,1055.0
-98.0,-383.0,,-373.0,80.0,-1872.0,-375.0,467.0,,1088.0
-111.0,-174.0,,-304.0,108.0,-1778.0,-372.0,430.0,,1105.0
43.0,2.0,,-286.0,176.0,-1768.0,-363.0,319.0,,1112.0
-145.0,161.0,,-242.0,194.0,-1771.0,-380.0,334.0,,1109.0
-70.0,371.0,,-141.0,177.0,-1752.0,-365.0,75.0,,1090.0
-141.0,509.0,,-99.0,157.0,-1515.0,-349.0,225.0,,1072.0
-172.0,480.0,,-18.0,73.0,-1231.0,-326.0,144.0,,1066.0
-124.0,421.0,,55.0,7.0,-1172.0,-312.0,229.0,,1059.0
-131.0,327.0,,27.0,0.0,-1245.0,-298.0,325.0,,1046.0
-5.0,157.0,,77.0,-44.0,-1211.0,-285.0,216.0,,1009.0
-88.0,-137.0,,111.0,-59.0,-1216.0,-286.0,388.0,,946.0
-178.0,-395.0,,72.0,-32.0,-1522.0,-289.0,262.0,,858.0
-116.0,-409.0,,124.0,-22.0,-1760.0,-311.0,417.0,,745.0
-54.0,-355.0,,112.0,41.0,-1800.0,-334.0,456.0,,614.0
78.0,-307.0,,125.0,98.0,-1541.0,-345.0,580.0,,467.0
-60.0,-266.0,,169.0,95.0,-1366.0,-320.0,800.0,,333.0
-13.0,-211.0,,200.0,133.0,-1411.0,-255.0,740.0,,214.0
118.0,-109.0,,231.0,159.0,-1271.0,-219.0,951.0,,100.0
152.0,-46.0,,164.0,119.0,-1039.0,-217.0,764.0,,11.0
238.0,-29.0,,98.0,86.0,-964.0,-209.0,783.0,,-56.0
58.0,-43.0,,6.0,27.0,-1111.0,-224.0,787.0,,-95.0
304.0,91.0,,-64.0,-29.0,-1312.0,-208.0,661.0,,-91.0
221.0,196.0,,-72.0,-21.0,-1399.0,-154.0,737.0,,-71.0
270.0,191.0,,-87.0,-34.0,-1291.0,-90.0,521.0,,-26.0
379.0,224.0,,-120.0,-37.0,-1594.0,-44.0,678.0,,50.0
270.0,256.0,,-131.0,18.0,-2124.0,-60.0,715.0,,148.0
360.0,220.0,,-165.0,50.0,-1955.0,-97.0,855.0,,259.0
183.0,-64.0,,-204.0,62.0,-1453.0,-145.0,1073.0,,377.0
353.0,-316.0,,-134.0,45.0,-1281.0,-143.0,1038.0,,500.0
247.0,-392.0,,-98.0,0.0,-1404.0,-119.0,1249.0,,605.0
333.0,-466.0,,-56.0,45.0,-1218.0,-90.0,1149.0,,687.0
233.0,-505.0,,-10.0,97.0,-667.0,-64.0,1191.0,,737.0
69.0,-464.0,,-80.0,66.0,-501.0,-70.0,1080.0,,730.0
236.0,-466.0,,-103.0,55.0,-783.0,-63.0,986.0,,675.0
154.0,-438.0,,-118.0,28.0,-1005.0,-63.0,1084.0,,594.0
247.0,-246.0,,-169.0,-14.0,-1156.0,-62.0,840.0,,484.0
35.0,-38.0,,-224.0,12.0,-1289.0,-82.0,907.0,,366.0
164.0,109.0,,-294.0,13.0,-1562.0,-92.0,731.0,,268.0
89.0,143.0,,-354.0,-34.0,-1876.0,-90.0,718.0,,186.0
5.0,124.0,,-392.0,-81.0,-1802.0,-113.0,729.0,,118.0
15.0,43.0,,-404.0,-168.0,-1666.0,-128.0,545.0,,53.0
-24.0,1.0,,-484.0,-226.0,-1632.0,-143.0,715.0,,-10.0
138.0,65.0,,-539.0,-243.0,-1773.0,-151.0,667.0,,-82.0
-92.0,120.0,,-539.0,-309.0,-2131.0,-155.0,909.0,,-151.0
55.0,69.0,,-519.0,-325.0,-2514.0,-157.0,957.0,,-211.0
-52.0,10.0,,-523.0,-266.0,-2887.0,-169.0,1003.0,,-272.0
4.0,124.0,,-462.0,-216.0,-3124.0,-185.0,1158.0,,-329.0
-5.0,226.0,,-373.0,-154.0,-3439.0,-179.0,1019.0,,-383.0
-138.0,325.0,,-422.0,-127.0,-3728.0,-144.0,1186.0,,-436.0
16.0,315.0,,-418.0,-145.0,-3793.0,-118.0,1066.0,,-489.0
-46.0,234.0,,-466.0,-97.0,-3735.0,-133.0,1197.0,,-524.0
98.0,262.0,,-474.0,-43.0,-3570.0,-153.0,1324.0,,-552.0
-80.0,245.0,,-418.0,-44.0,-3377.0,-176.0,1396.0,,-576.0
10.0,175.0,,-489.0,-32.0,-3000.0,-184.0,1685.0,,-593.0
-27.0,135.0,,-484.0,-53.0,-2489.0,-166.0,1546.0,,-618.0
23.0,216.0,,-487.0,-65.0,-2244.0,-174.0,1644.0,,-641.0
141.0,209.0,,-570.0,-27.0,-2364.0,-188.0,1444.0,,-654.0
104.0,81.0,,-582.0,-39.0,-2303.0,-201.0,1293.0,,-652.0
256.0,-116.0,,-590.0,-42.0,-1949.0,-193.0,1317.0,,-625.0
127.0,-244.0,,-598.0,-35.0,-1918.0,-160.0,1201.0,,-561.0
313.0,-248.0,,-537.0,-86.0,-2232.0,-119.0,1361.0,,-467.0
244.0,-412.0,,-511.0,-91.0,-2429.0,-83.0,1171.0,,-346.0
432.0,-570.0,,-480.0,-69.0,-2298.0,-87.0,1206.0,,-224.0
475.0,-691.0,,-396.0,-77.0,-2033.0,-87.0,1138.0,,-112.0
461.0,-631.0,,-362.0,-66.0,-1825.0,-93.0,1040.0,,-18.0
503.0,-353.0,,-269.0,-76.0,-1850.0,-87.0,1147.0,,33.0
411.0,-172.0,,-186.0,-70.0,-1963.0,-62.0,973.0,,57.0
621.0,3.0,,-150.0,7.0,-2009.0,-88.0,1173.0,,48.0
457.0,224.0,,-38.0,48.0,-2208.0,-123.0,1106.0,,18.0
562.0,370.0,,-28.0,102.0,-2525.0,-137.0,1140.0,,-2.0
433.0,255.0,,-27.0,222.0,-2865.0,-126.0,1201.0,,-17.0
485.0,92.0,,-43.0,296.0,-2936.0,-105.0,1069.0,,-33.0
383.0,124.0,,-183.0,375.0,-2886.0,-99.0,1215.0,,-41.0
310.0,199.0,,-247.0,461.0,-2988.0,-109.0,1077.0,,-42.0
411.0,285.0,,-285.0,460.0,-3077.0,-129.0,1256.0,,-57.0
247.0,281.0,,-323.0,431.0,-2965.0,-130.0,1284.0,,-74.0
358.0,315.0,,-406.0,377.0,-2629.0,-134.0,1300.0,,-97.0
167.0,372.0,,-513.0,313.0,-2412.0,-123.0,1407.0,,-127.0
405.0,278.0,,-518.0,306.0,-2386.0,-101.0,1167.0,,-157.0
233.0,228.0,,-496.0,256.0,-2420.0,-91.0,1274.0,,-192.0
216.0,198.0,,-484.0,199.0,-2182.0,-112.0,1156.0,,-228.0
237.0,249.0,,-463.0,236.0,-1686.0,-160.0,1321.0,,-275.0
218.0,238.0,,-377.0,257.0,-1397.0,-189.0,1516.0,,-339.0
439.0,57.0,,-376.0,256.0,-1457.0,-228.0,1444.0,,-412.0
142.0,-140.0,,-377.0,244.0,-1552.0,-261.0,1500.0,,-478.0
296.0,-265.0,,-376.0,169.0,-1571.0,-293.0,1167.0,,-542.0
103.0,-266.0,,-373.0,123.0,-1782.0,-329.0,1062.0,,-591.0
291.0,-251.0,,-294.0,98.0,-2081.0,-335.0,812.0,,-629.0
116.0,-245.0,,-327.0,44.0,-2332.0,-329.0,702.0,,-670.0
68.0,-325.0,,-296.0,55.0,-2399.0,-311.0,678.0,,-703.0
276.0,-266.0,,-305.0,70.0,-2333.0,-296.0,439.0,,-728.0
37.0,-262.0,,-346.0,40.0,-2226.0,-268.0,598.0,,-726.0
237.0,-324.0,,-398.0,44.0,-2331.0,-257.0,461.0,,-698.0
-78.0,-235.0,,-456.0,18.0,-2582.0,-266.0,558.0,,-645.0
111.0,-216.0,,-442.0,-5.0,-2430.0,-286.0,572.0,,-583.0
8.0,-207.0,,-485.0,6.0,-2136.0,-335.0,513.0,,-521.0
132.0,-296.0,,-491.0,-33.0,-2003.0,-371.0,713.0,,-456.0
121.0,-316.0,,-483.0,-36.0,-1977.0,-416.0,561.0,,-405.0
-74.0,-261.0,,-449.0,-35.0,-1757.0,-443.0,668.0,,-358.0
139.0,-303.0,,-431.0,-120.0,-1404.0,-439.0,545.0,,-303.0
-76.0,-423.0,,-369.0,-135.0,-1343.0,-418.0,569.0,,-231.0
82.0,-429.0,,-282.0,-109.0,-1370.0,-400.0,642.0,,-169.0
-201.0,-346.0,,-166.0,-138.0,-1179.0,-403.0,441.0,,-111.0
0.0,-296.0,,-23.0,-143.0,-916.0,-394.0,546.0,,-56.0
-83.0,-214.0,,64.0,-191.0,-890.0,-393.0,436.0,,-23.0
-126.0,-236.0,,138.0,-253.0,-1051.0,-384.0,558.0,,10.0
-83.0,-105.0,,166.0,-237.0,-1191.0,-364.0,448.0,,35.0
-149.0,66.0,,163.0,-261.0,-1232.0,-362.0,275.0,,63.0
58.0,58.0,,148.0,-291.0,-1310.0,-369.0,299.0,,92.0
-208.0,-1.0,,159.0,-281.0,-1446.0,-386.0,-5.0,,117.0
65.0,55.0,,133.0,-275.0,-1654.0,-409.0,-1.0,,130.0
-90.0,64.0,,56.0,-189.0,-1819.0,-417.0,-188.0,,119.0
72.0,42.0,,4.0,-124.0,-1657.0,-424.0,-127.0,,102.0
34.0,120.0,,17.0,-175.0,-1436.0,-422.0,22.0,,77.0
8.0,74.0,,24.0,-169.0,-1156.0,-428.0,3.0,,52.0
112.0,109.0,,55.0,-133.0,-734.0,-449.0,208.0,,30.0
32.0,-36.0,,93.0,-129.0,-328.0,-447.0,73.0,,9.0
292.0,-128.0,,108.0,-62.0,83.0,-441.0,171.0,,-4.0
111.0,-94.0,,153.0,-27.0,367.0,-415.0,53.0,,-21.0
328.0,-195.0,,164.0,-23.0,474.0,-411.0,-9.0,,-38.0
206.0,-229.0,,148.0,38.0,465.0,-444.0,66.0,,-52.0
226.0,-312.0,,124.0,58.0,516.0,-445.0,-173.0,,-78.0
258.0,-247.0,,157.0,59.0,525.0,-424.0,-168.0,,-115.0
355.0,-102.0,,89.0,53.0,290.0,-395.0,-537.0,,-165.0
378.0,56.0,,36.0,-53.0,137.0,-353.0,-707.0,,-227.0
208.0,200.0,,35.0,-121.0,348.0,-322.0,-881.0,,-311.0
430.0,406.0,,-10.0,-69.0,707.0,-310.0,-1136.0,,-415.0
311.0,484.0,,23.0,11.0,851.0,-281.0,-1080.0,,-516.0
413.0,429.0,,-34.0,124.0,767.0,-260.0,-1239.0,,-619.0
331.0,598.0,,-72.0,157.0,745.0,-269.0,-1043.0,,-703.0
404.0,618.0,,-86.0,73.0,997.0,-263.0,-1058.0,,-758.0
436.0,540.0,,-99.0,47.0,1183.0,-253.0,-1038.0,,-784.0
373.0,578.0,,-45.0,60.0,1120.0,-254.0,-951.0,,-795.0
443.0,644.0,,-26.0,63.0,1224.0,-276.0,-1049.0,,-790.0
343.0,534.0,,-42.0,92.0,1493.0,-303.0,-881.0,,-759.0
364.0,471.0,,-61.0,77.0,1573.0,-307.0,-1029.0,,-725.0
242.0,608.0,,-56.0,92.0,1393.0,-319.0,-968.0,,-688.0
312.0,550.0,,-66.0,201.0,1223.0,-324.0,-1010.0,,-653.0
263.0,555.0,,-44.0,256.0,1170.0,-329.0,-1021.0,,-620.0
169.0,534.0,,-55.0,261.0,1071.0,-323.0,-833.0,,-595.0
150.0,303.0,,-55.0,240.0,799.0,-292.0,-962.0,,-574.0
27.0,266.0,,-76.0,141.0,411.0,-289.0,-827.0,,-555.0
129.0,174.0,,-169.0,79.0,239.0,-288.0,-999.0,,-547.0
141.0,-57.0,,-173.0,51.0,335.0,-296.0,-1119.0,,-542.0
101.0,-208.0,,-156.0,-2.0,424.0,-335.0,-1263.0,,-536.0
32.0,-215.0,,-180.0,7.0,489.0,-359.0,-1535.0,,-511.0
19.0,-235.0,,-217.0,-7.0,617.0,-358.0,-1489.0,,-482.0
76.0,-390.0,,-289.0,-89.0,761.0,-344.0,-1683.0,,-446.0
-26.0,-366.0,,-333.0,-109.0,878.0,-305.0,-1587.0,,-406.0
22.0,-269.0,,-301.0,-132.0,918.0,-284.0,-1666.0,,-382.0
16.0,-280.0,,-276.0,-149.0,748.0,-288.0,-1701.0,,-370.0
59.0,-433.0,,-254.0,-85.0,494.0,-270.0,-1624.0,,-376.0
-80.0,-348.0,,-218.0,-79.0,432.0,-261.0,-1864.0,,-397.0
-170.0,-145.0,,-146.0,-135.0,387.0,-233.0,-1705.0,,-436.0
-87.0,-258.0,,-89.0,-163.0,152.0,-202.0,-1759.0,,-493.0
-73.0,-316.0,,-53.0,-195.0,-134.0,-179.0,-1629.0,,-557.0
9.0,-389.0,,16.0,-162.0,-126.0,-145.0,-1461.0,,-615.0
-256.0,-328.0,,0.0,-103.0,13.0,-134.0,-1459.0,,-663.0
-243.0,-190.0,,-11.0,-107.0,-279.0,-135.0,-1295.0,,-691.0
-263.0,-314.0,,-13.0,-50.0,-759.0,-142.0,-1481.0,,-710.0
-149.0,-362.0,,-67.0,24.0,-909.0,-146.0,-1474.0,,-733.0
-253.0,-262.0,,-62.0,41.0,-674.0,-162.0,-1624.0,,-749.0
-351.0,-152.0,,-60.0,109.0,-448.0,-179.0,-1572.0,,-780.0
-229.0,-136.0,,-49.0,155.0,-413.0,-188.0,-1413.0,,-811.0
-315.0,-110.0,,14.0,135.0,-174.0,-177.0,-1489.0,,-824.0
-133.0,-7.0,,-9.0,123.0,306.0,-158.0,-1254.0,,-822.0
-309.0,-6.0,,-20.0,35.0,746.0,-159.0,-1372.0,,-802.0
-89.0,-92.0,,39.0,-58.0,1046.0,-160.0,-1261.0,,-785.0
-222.0,-205.0,,104.0,-71.0,1143.0,-171.0,-1241.0,,-776.0
-148.0,-243.0,,200.0,-92.0,1079.0,-175.0,-1263.0,,-772.0
-99.0,-310.0,,269.0,-71.0,937.0,-176.0,-1032.0,,-776.0
-134.0,-396.0,,286.0,-31.0,787.0,-153.0,-1189.0,,-785.0
119.0,-346.0,,291.0,-72.0,762.0,-134.0,-1173.0,,-808.0
-102.0,-279.0,,318.0,-77.0,780.0,-118.0,-1494.0,,-852.0
125.0,-254.0,,297.0,-29.0,770.0,-93.0,-1657.0,,-907.0
-145.0,-304.0,,257.0,9.0,709.0,-95.0,-1709.0,,-983.0
27.0,-241.0,,220.0,69.0,598.0,-101.0,-1884.0,,-1043.0
-30.0,-216.0,,193.0,47.0,586.0,-114.0,-1768.0,,-1084.0
23.0,-257.0,,167.0,-51.0,723.0,-99.0,-1978.0,,-1110.0
78.0,-158.0,,86.0,-94.0,905.0,-85.0,-1853.0,,-1107.0
-159.0,-72.0,,118.0,-137.0,965.0,-90.0,-1843.0,,-1084.0
100.0,15.0,,81.0,-180.0,980.0,-96.0,-1856.0,,-1021.0
-96.0,138.0,,-37.0,-169.0,987.0,-91.0,-1731.0,,-916.0
126.0,250.0,,-47.0,-169.0,1170.0,-86.0,-1877.0,,-799.0
-65.0,207.0,,-66.0,-154.0,1583.0,-82.0,-1753.0,,-685.0
44.0,183.0,,-67.0,-112.0,1709.0,-43.0,-1895.0,,-570.0
21.0,191.0,,-42.0,-117.0,1610.0,-23.0,-1814.0,,-467.0
15.0,186.0,,8.0,-103.0,1659.0,-21.0,-1698.0,,-380.0
106.0,183.0,,54.0,-73.0,1863.0,5.0,-1686.0,,-303.0
-9.0,129.0,,25.0,-99.0,1864.0,30.0,-1515.0,,-239.0
223.0,164.0,,56.0,-81.0,1585.0,24.0,-1614.0,,-192.0
73.0,67.0,,193.0,-18.0,1469.0,17.0,-1443.0,,-182.0
229.0,-59.0,,236.0,36.0,1578.0,6.0,-1518.0,,-197.0
93.0,-83.0,,228.0,101.0,1786.0,-8.0,-1513.0,,-211.0
198.0,-182.0,,194.0,99.0,1857.0,-3.0,-1404.0,,-224.0
146.0,-339.0,,123.0,62.0,1834.0,7.0,-1529.0,,-218.0
175.0,-394.0,,91.0,59.0,2018.0,49.0,-1341.0,,-195.0
207.0,-371.0,,25.0,0.0,2245.0,94.0,-1402.0,,-171.0
53.0,-400.0,,-49.0,-92.0,2301.0,112.0,-1206.0,,-124.0
120.0,-438.0,,-100.0,-105.0,2194.0,138.0,-1049.0,,-86.0
-120.0,-427.0,,-182.0,-114.0,2182.0,167.0,-1032.0,,-58.0
-19.0,-393.0,,-247.0,-115.0,2366.0,205.0,-910.0,,-27.0
-237.0,-321.0,,-282.0,-72.0,2377.0,253.0,-1145.0,,0.0
-191.0,-190.0,,-350.0,-61.0,2094.0,277.0,-1069.0,,29.0
-278.0,-176.0,,-354.0,-41.0,1713.0,292.0,-1199.0,,47.0
-343.0,-172.0,,-377.0,-21.0,1419.0,292.0,-1221.0,,52.0
-344.0,-167.0,,-412.0,-12.0,1346.0,274.0,-1127.0,,30.0
-498.0,-212.0,,-429.0,86.0,1318.0,266.0,-1162.0,,2.0
-360.0,-218.0,,-465.0,191.0,1305.0,272.0,-842.0,,-39.0
-528.0,-159.0,,-499.0,183.0,1408.0,272.0,-901.0,,-105.0
-426.0,-87.0,,-530.0,138.0,1489.0,254.0,-914.0,,-179.0
-589.0,-132.0,,-530.0,94.0,1556.0,231.0,-1154.0,,-261.0
-553.0,-127.0,,-582.0,57.0,1701.0,208.0,-1433.0,,-335.0
-557.0,-86.0,,-581.0,78.0,1798.0,210.0,-1435.0,,-392.0
-697.0,-72.0,,-606.0,83.0,1691.0,228.0,-1609.0,,-431.0
-692.0,-42.0,,-624.0,95.0,1666.0,265.0,-1404.0,,-440.0
-778.0,-3.0,,-591.0,179.0,1762.0,327.0,-1400.0,,-412.0
-698.0,98.0,,-602.0,230.0,1631.0,371.0,-1263.0,,-364.0
-841.0,176.0,,-567.0,275.0,1338.0,406.0,-1149.0,,-296.0
-769.0,182.0,,-550.0,351.0,1212.0,453.0,-1249.0,,-231.0
-843.0,196.0,,-498.0,363.0,1298.0,493.0,-1097.0,,-182.0
-810.0,211.0,,-371.0,347.0,1131.0,521.0,-1193.0,,-138.0
-885.0,193.0,,-282.0,311.0,742.0,527.0,-936.0,,-128.0
-938.0,150.0,,-245.0,220.0,591.0,530.0,-729.0,,-165.0
-909.0,139.0,,-117.0,164.0,496.0,525.0,-485.0,,-212.0
-942.0,178.0,,-5.0,107.0,318.0,498.0,-214.0,,-274.0
-735.0,230.0,,47.0,24.0,196.0,483.0,-389.0,,-348.0
-896.0,334.0,,121.0,12.0,72.0,497.0,-397.0,,-403.0
-812.0,374.0,,150.0,-10.0,49.0,509.0,-720.0,,-449.0
-868.0,365.0,,165.0,-66.0,126.0,504.0,-851.0,,-482.0
-725.0,330.0,,170.0,-55.0,166.0,493.0,-962.0,,-502.0
-631.0,208.0,,170.0,-43.0,226.0,481.0,-1095.0,,-491.0
-678.0,161.0,,127.0,-54.0,377.0,483.0,-897.0,,-470.0
-595.0,98.0,,96.0,-27.0,667.0,475.0,-970.0,,-448.0
-772.0,-40.0,,79.0,-19.0,823.0,465.0,-807.0,,-416.0
-644.0,-113.0,,86.0,0.0,744.0,492.0,-881.0,,-396.0
-699.0,-162.0,,115.0,68.0,734.0,523.0,-872.0,,-359.0
-559.0,-164.0,,127.0,77.0,1012.0,536.0,-831.0,,-310.0
-684.0,-163.0,,162.0,70.0,1270.0,539.0,-1047.0,,-249.0
-783.0,-104.0,,135.0,70.0,1200.0,524.0,-918.0,,-169.0
-783.0,67.0,,119.0,24.0,1139.0,487.0,-1003.0,,-89.0
-907.0,185.0,,141.0,26.0,1174.0,470.0,-833.0,,-29.0
-754.0,203.0,,169.0,66.0,1160.0,456.0,-766.0,,5.0
-811.0,163.0,,188.0,87.0,999.0,423.0,-818.0,,26.0
-651.0,153.0,,188.0,123.0,688.0,401.0,-700.0,,32.0
-735.0,120.0,,221.0,139.0,329.0,379.0,-761.0,,67.0
-745.0,96.0,,216.0,108.0,265.0,372.0,-473.0,,127.0
-781.0,48.0,,197.0,89.0,513.0,375.0,-376.0,,206.0
-697.0,-13.0,,252.0,20.0,414.0,375.0,-107.0,,303.0
-544.0,11.0,,304.0,-43.0,217.0,387.0,86.0,,400.0
-628.0,-16.0,,290.0,-47.0,223.0,388.0,40.0,,506.0
-551.0,4.0,,270.0,-71.0,369.0,372.0,258.0,,607.0
-569.0,60.0,,304.0,-45.0,605.0,349.0,114.0,,683.0
-384.0,98.0,,342.0,-43.0,657.0,304.0,262.0,,729.0
-513.0,198.0,,328.0,-38.0,650.0,283.0,290.0,,751.0
-468.0,278.0,,346.0,-30.0,697.0,284.0,277.0,,748.0
-419.0,287.0,,350.0,-79.0,909.0,286.0,386.0,,749.0
-361.0,205.0,,315.0,-99.0,1045.0,310.0,144.0,,749.0
-346.0,80.0,,375.0,-156.0,792.0,319.0,107.0,,744.0
-455.0,-21.0,,411.0,-192.0,505.0,327.0,-279.0,,733.0
-277.0,-63.0,,325.0,-226.0,544.0,333.0,-465.0,,699.0
-442.0,-135.0,,291.0,-243.0,744.0,328.0,-522.0,,660.0
-309.0,-201.0,,329.0,-265.0,535.0,319.0,-550.0,,616.0
-421.0,-169.0,,339.0,-283.0,2.0,283.0,-290.0,,565.0
-391.0,-126.0,,325.0,-235.0,-248.0,270.0,-343.0,,490.0
-393.0,-108.0,,364.0,-198.0,-175.0,285.0,-83.0,,387.0
-444.0,-242.0,,391.0,-139.0,-231.0,288.0,-25.0,,273.0
-369.0,-428.0,,380.0,-115.0,-501.0,280.0,40.0,,156.0
-533.0,-523.0,,430.0,-64.0,-600.0,277.0,155.0,,55.0
-345.0,-581.0,,456.0,-36.0,-416.0,283.0,7.0,,-18.0
-560.0,-599.0,,502.0,-22.0,-238.0,286.0,144.0,,-83.0
-384.0,-539.0,,522.0,-27.0,-185.0,289.0,-57.0,,-136.0
-481.0,-337.0,,512.0,-87.0,-50.0,302.0,-92.0,,-176.0
-550.0,-173.0,,539.0,-69.0,108.0,341.0,-192.0,,-207.0
-514.0,-43.0,,522.0,-100.0,265.0,384.0,-297.0,,-227.0
-677.0,30.0,,544.0,-69.0,402.0,377.0,-160.0,,-237.0
-475.0,10.0,,562.0,-47.0,312.0,384.0,-308.0,,-264.0
-711.0,43.0,,539.0,-86.0,84.0,406.0,-166.0,,-325.0
-502.0,33.0,,535.0,-60.0,-137.0,380.0,-223.0,,-404.0
-568.0,36.0,,559.0,-104.0,-307.0,381.0,-160.0,,-493.0
-542.0,34.0,,525.0,-109.0,-574.0,353.0,-60.0,,-553.0
-510.0,-24.0,,435.0,-84.0,-843.0,328.0,-131.0,,-581.0
-601.0,-149.0,,454.0,-121.0,-872.0,369.0,129.0,,-602.0
-427.0,-215.0,,509.0,-114.0,-754.0,397.0,145.0,,-602.0
-480.0,-139.0,,483.0,-80.0,-755.0,442.0,439.0,,-576.0
-230.0,-136.0,,478.0,-58.0,-1033.0,457.0,591.0,,-512.0
-332.0,-148.0,,510.0,5.0,-1305.0,439.0,582.0,,-448.0
-331.0,-113.0,,560.0,24.0,-1409.0,408.0,635.0,,-370.0
-370.0,-80.0,,587.0,53.0,-1399.0,375.0,373.0,,-243.0
-253.0,-96.0,,619.0,157.0,-1577.0,380.0,408.0,,-107.0
-162.0,-93.0,,689.0,160.0,-1665.0,417.0,247.0,,43.0
-268.0,-55.0,,670.0,178.0,-1097.0,484.0,306.0,,181.0
-174.0,-85.0,,664.0,176.0,-427.0,511.0,362.0,,285.0
-267.0,-126.0,,698.0,104.0,-53.0,492.0,295.0,,374.0
-178.0,-100.0,,693.0,119.0,204.0,473.0,545.0,,430.0
-320.0,13.0,,692.0,85.0,506.0,457.0,351.0,,453.0
-241.0,112.0,,698.0,72.0,863.0,443.0,356.0,,434.0
-274.0,163.0,,653.0,124.0,1116.0,444.0,145.0,,394.0
-231.0,168.0,,605.0,75.0,962.0,440.0,-16.0,,351.0
-292.0,87.0,,595.0,66.0,466.0,437.0,38.0,,276.0
-466.0,-59.0,,525.0,56.0,51.0,459.0,-186.0,,187.0
-296.0,-177.0,,421.0,-24.0,-197.0,478.0,-81.0,,109.0
-418.0,-291.0,,373.0,-20.0,-231.0,494.0,-223.0,,47.0
-297.0,-457.0,,355.0,-31.0,-302.0,461.0,-110.0,,-6.0
-498.0,-568.0,,332.0,-43.0,-300.0,417.0,9.0,,-51.0
-337.0,-595.0,,332.0,1.0,291.0,398.0,70.0,,-84.0
-346.0,-513.0,,297.0,-50.0,968.0,378.0,424.0,,-90.0
-373.0,-413.0,,255.0,-70.0,1345.0,378.0,487.0,,-83.0
-234.0,-349.0,,197.0,-72.0,1576.0,369.0,798.0,,-55.0
-333.0,-278.0,,138.0,-169.0,1825.0,345.0,824.0,,16.0
-81.0,-214.0,,187.0,-189.0,2155.0,308.0,888.0,,105.0
-322.0,-162.0,,212.0,-205.0,2166.0,277.0,1012.0,,206.0
-87.0,-215.0,,191.0,-217.0,1855.0,255.0,872.0,,299.0
-209.0,-242.0,,242.0,-113.0,1535.0,249.0,886.0,,389.0
-125.0,-168.0,,226.0,-52.0,1369.0,262.0,511.0,,486.0
-59.0,-78.0,,173.0,12.0,1243.0,250.0,400.0,,578.0
-182.0,10.0,,202.0,87.0,1224.0,241.0,290.0,,671.0
57.0,94.0,,245.0,81.0,1430.0,200.0,256.0,,758.0
-194.0,224.0,,263.0,122.0,1526.0,165.0,448.0,,841.0
107.0,272.0,,200.0,124.0,1543.0,173.0,410.0,,925.0
-104.0,246.0,,176.0,63.0,1506.0,190.0,655.0,,1021.0
46.0,239.0,,218.0,73.0,1463.0,203.0,580.0,,1134.0
-12.0,207.0,,164.0,35.0,1421.0,182.0,587.0,,1251.0
-173.0,92.0,,185.0,13.0,1272.0,174.0,545.0,,1370.0
13.0,-82.0,,279.0,43.0,1097.0,141.0,351.0,,1465.0
-118.0,-177.0,,290.0,6.0,932.0,123.0,436.0,,1515.0
151.0,-214.0,,326.0,30.0,882.0,137.0,267.0,,1529.0
-199.0,-274.0,,360.0,74.0,773.0,109.0,497.0,,1502.0
-62.0,-359.0,,359.0,32.0,632.0,104.0,582.0,,1434.0
-194.0,-302.0,,334.0,4.0,777.0,118.0,622.0,,1325.0
-159.0,-197.0,,332.0,-74.0,1009.0,156.0,759.0,,1190.0
0.0,-178.0,,321.0,-120.0,987.0,186.0,663.0,,1034.0
-114.0,-156.0,,299.0,-58.0,988.0,183.0,886.0,,850.0
68.0,-167.0,,317.0,-70.0,1254.0,195.0,811.0,,656.0
-185.0,-154.0,,291.0,-61.0,1316.0,183.0,955.0,,454.0
110.0,-128.0,,265.0,-29.0,1066.0,161.0,1110.0,,254.0
-153.0,-68.0,,263.0,-78.0,916.0,160.0,1204.0,,66.0
15.0,38.0,,298.0,-80.0,1038.0,159.0,1476.0,,-96.0
107.0,135.0,,290.0,-114.0,1076.0,174.0,1346.0,,-223.0
-75.0,187.0,,269.0,-148.0,771.0,190.0,1526.0,,-306.0
75.0,168.0,,290.0,-87.0,790.0,186.0,1522.0,,-343.0
-203.0,125.0,,289.0,-98.0,1236.0,179.0,1625.0,,-356.0
89.0,93.0,,305.0,-83.0,1664.0,163.0,1803.0,,-340.0
-193.0,100.0,,301.0,23.0,1926.0,141.0,1649.0,,-313.0
-98.0,124.0,,290.0,53.0,1921.0,140.0,1675.0,,-295.0
-117.0,145.0,,259.0,75.0,1989.0,160.0,1315.0,,-279.0
-240.0,145.0,,221.0,79.0,2039.0,190.0,1167.0,,-285.0
-44.0,118.0,,176.0,24.0,2020.0,240.0,1016.0,,-309.0
-340.0,57.0,,58.0,63.0,1884.0,295.0,936.0,,-344.0
-154.0,2.0,,20.0,96.0,1657.0,336.0,1127.0,,-392.0
-281.0,-53.0,,6.0,94.0,1592.0,359.0,1056.0,,-427.0
-65.0,-84.0,,-87.0,143.0,1301.0,387.0,1234.0,,-435.0
-55.0,-10.0,,-92.0,79.0,1018.0,418.0,1051.0,,-424.0
-240.0,88.0,,-47.0,-23.0,874.0,408.0,962.0,,-393.0
19.0,160.0,,-51.0,-73.0,759.0,398.0,909.0,,-333.0
-96.0,207.0,,-38.0,-183.0,838.0,395.0,755.0,,-257.0
133.0,238.0,,1.0,-226.0,959.0,383.0,973.0,,-175.0
13.0,247.0,,38.0,-177.0,1071.0,366.0,946.0,,-97.0
32.0,196.0,,50.0,-139.0,1256.0,340.0,1169.0,,-27.0
121.0,127.0,,64.0,-26.0,1761.0,336.0,1180.0,,31.0
-16.0,111.0,,107.0,68.0,2289.0,361.0,1171.0,,81.0
274.0,115.0,,94.0,105.0,2429.0,386.0,1223.0,,126.0
2.0,32.0,,76.0,203.0,2259.0,409.0,1012.0,,154.0
189.0,-94.0,,85.0,244.0,2085.0,423.0,1080.0,,174.0
62.0,-150.0,,114.0,208.0,2128.0,407.0,903.0,,172.0
25.0,-133.0,,114.0,173.0,1959.0,398.0,1064.0,,167.0
191.0,-152.0,,94.0,85.0,1519.0,399.0,1084.0,,174.0
-58.0,-216.0,,134.0,38.0,1140.0,415.0,931.0,,171.0
271.0,-174.0,,127.0,47.0,927.0,439.0,1032.0,,171.0
-147.0,-134.0,,156.0,-23.0,780.0,414.0,833.0,,174.0
83.0,-220.0,,181.0,-73.0,506.0,364.0,984.0,,188.0
16.0,-309.0,,176.0,-74.0,211.0,331.0,999.0,,217.0
27.0,-315.0,,229.0,-103.0,-15.0,336.0,1165.0,,265.0
174.0,-295.0,,283.0,-75.0,-136.0,351.0,1437.0,,327.0
-11.0,-334.0,,359.0,-62.0,-308.0,369.0,1428.0,,388.0
263.0,-374.0,,422.0,-100.0,-460.0,388.0,1524.0,,421.0
-201.0,-324.0,,436.0,-79.0,-256.0,377.0,1241.0,,417.0
108.0,-240.0,,354.0,-86.0,-12.0,317.0,1243.0,,403.0
-22.0,-249.0,,294.0,-126.0,12.0,253.0,1178.0,,388.0
122.0,-271.0,,294.0,-133.0,56.0,243.0,1066.0,,366.0
34.0,-240.0,,279.0,-202.0,251.0,269.0,1123.0,,311.0
-98.0,-248.0,,291.0,-278.0,381.0,322.0,859.0,,253.0
105.0,-376.0,,231.0,-277.0,300.0,354.0,855.0,,203.0
-153.0,-465.0,,190.0,-289.0,166.0,383.0,554.0,,161.0
119.0,-419.0,,217.0,-262.0,61.0,414.0,351.0,,142.0
-175.0,-411.0,,166.0,-164.0,-81.0,410.0,201.0,,117.0
137.0,-326.0,,121.0,-101.0,-322.0,406.0,1.0,,106.0
53.0,-193.0,,162.0,-23.0,-481.0,371.0,254.0,,118.0
58.0,-44.0,,192.0,54.0,-561.0,330.0,286.0,,141.0
12.0,127.0,,172.0,48.0,-605.0,300.0,473.0,,171.0
44.0,173.0,,121.0,70.0,-406.0,258.0,421.0,,187.0
390.0,145.0,,77.0,132.0,-234.0,230.0,334.0,,190.0
213.0,136.0,,91.0,147.0,-279.0,214.0,376.0,,186.0
394.0,134.0,,114.0,167.0,-317.0,218.0,312.0,,185.0
267.0,29.0,,136.0,165.0,-66.0,239.0,646.0,,189.0
498.0,-39.0,,123.0,119.0,361.0,241.0,689.0,,187.0
405.0,-37.0,,88.0,125.0,495.0,227.0,816.0,,171.0
508.0,-37.0,,77.0,102.0,509.0,198.0,783.0,,137.0
565.0,-108.0,,108.0,10.0,667.0,164.0,618.0,,109.0
577.0,-249.0,,167.0,-48.0,755.0,168.0,681.0,,97.0
618.0,-311.0,,187.0,-123.0,702.0,194.0,491.0,,80.0
517.0,-351.0,,202.0,-230.0,545.0,242.0,615.0,,82.0
668.0,-390.0,,236.0,-276.0,337.0,270.0,533.0,,109.0
535.0,-440.0,,207.0,-306.0,171.0,263.0,471.0,,147.0
792.0,-426.0,,160.0,-339.0,52.0,234.0,389.0,,190.0
579.0,-367.0,,164.0,-313.0,24.0,170.0,129.0,,250.0
597.0,-334.0,,93.0,-306.0,-27.0,125.0,201.0,,321.0
620.0,-257.0,,26.0,-288.0,-167.0,118.0,9.0,,389.0
639.0,-124.0,,14.0,-169.0,-173.0,148.0,99.0,,471.0
733.0,21.0,,-16.0,-60.0,-179.0,188.0,33.0,,521.0
530.0,100.0,,-35.0,4.0,-452.0,175.0,-57.0,,538.0
583.0,190.0,,-95.0,57.0,-699.0,128.0,107.0,,539.0
434.0,296.0,,-152.0,63.0,-668.0,81.0,-51.0,,513.0
545.0,364.0,,-113.0,73.0,-709.0,47.0,35.0,,478.0
502.0,450.0,,-36.0,137.0,-748.0,44.0,-114.0,,431.0
418.0,515.0,,-27.0,160.0,-611.0,68.0,-33.0,,377.0
376.0,530.0,,5.0,132.0,-580.0,99.0,105.0,,316.0
368.0,522.0,,31.0,114.0,-583.0,101.0,44.0,,267.0
338.0,411.0,,-12.0,62.0,-546.0,72.0,221.0,,249.0
238.0,235.0,,-39.0,28.0,-513.0,31.0,134.0,,269.0
363.0,72.0,,-46.0,27.0,-570.0,-3.0,347.0,,318.0
346.0,-156.0,,-49.0,-4.0,-666.0,-9.0,352.0,,369.0
307.0,-377.0,,-43.0,13.0,-730.0,-17.0,413.0,,422.0
251.0,-464.0,,-35.0,67.0,-976.0,-35.0,622.0,,468.0
231.0,-467.0,,-75.0,49.0,-1268.0,-72.0,552.0,,499.0
243.0,-510.0,,-79.0,37.0,-1343.0,-118.0,766.0,,510.0
306.0,-528.0,,-94.0,89.0,-1279.0,-157.0,618.0,,493.0
382.0,-374.0,,-125.0,122.0,-1450.0,-180.0,594.0,,453.0
334.0,-112.0,,-118.0,144.0,-1868.0,-162.0,447.0,,391.0
213.0,61.0,,-184.0,137.0,-2036.0,-146.0,127.0,,313.0
251.0,123.0,,-277.0,55.0,-1873.0,-140.0,55.0,,253.0
230.0,312.0,,-322.0,18.0,-1797.0,-130.0,-212.0,,204.0
232.0,543.0,,-304.0,15.0,-2059.0,-137.0,-109.0,,162.0
306.0,595.0,,-249.0,-31.0,-2299.0,-138.0,-206.0,,142.0
263.0,597.0,,-212.0,-46.0,-2250.0,-163.0,-184.0,,139.0
233.0,666.0,,-240.0,-23.0,-2065.0,-207.0,-83.0,,154.0
135.0,744.0,,-197.0,-9.0,-2040.0,-219.0,-221.0,,183.0
259.0,667.0,,-118.0,31.0,-2067.0,-222.0,-145.0,,231.0
178.0,509.0,,-107.0,60.0,-1916.0,-246.0,-443.0,,299.0
219.0,506.0,,-98.0,42.0,-1994.0,-288.0,-402.0,,372.0
329.0,652.0,,-143.0,65.0,-2120.0,-302.0,-421.0,,437.0
296.0,729.0,,-175.0,101.0,-2182.0,-269.0,-554.0,,485.0
315.0,639.0,,-197.0,121.0,-2372.0,-238.0,-537.0,,539.0
245.0,604.0,,-211.0,182.0,-2599.0,-221.0,-812.0,,590.0
451.0,685.0,,-246.0,205.0,-2781.0,-195.0,-683.0,,613.0
362.0,699.0,,-273.0,188.0,-2637.0,-196.0,-742.0,,626.0
420.0,586.0,,-244.0,224.0,-2412.0,-202.0,-641.0,,621.0
422.0,541.0,,-290.0,247.0,-2262.0,-218.0,-476.0,,581.0
377.0,568.0,,-305.0,202.0,-2262.0,-291.0,-489.0,,518.0
390.0,522.0,,-224.0,145.0,-2318.0,-355.0,-251.0,,426.0
364.0,431.0,,-176.0,63.0,-2157.0,-400.0,-415.0,,308.0
467.0,394.0,,-193.0,-1.0,-2028.0,-426.0,-382.0,,176.0
225.0,501.0,,-144.0,-2.0,-2081.0,-479.0,-465.0,,26.0
366.0,522.0,,-59.0,-34.0,-2240.0,-560.0,-424.0,,-123.0
285.0,499.0,,-33.0,-50.0,-2261.0,-596.0,-195.0,,-270.0
305.0,607.0,,-14.0,-19.0,-2246.0,-612.0,-279.0,,-399.0
307.0,739.0,,-33.0,-53.0,-2418.0,-591.0,-96.0,,-504.0
246.0,767.0,,-55.0,-75.0,-2690.0,-542.0,-266.0,,-596.0
281.0,678.0,,-48.0,-29.0,-2754.0,-518.0,-304.0,,-654.0
54.0,695.0,,-38.0,-10.0,-2525.0,-512.0,-336.0,,-691.0
256.0,712.0,,-51.0,22.0,-2291.0,-515.0,-388.0,,-715.0
130.0,642.0,,-70.0,68.0,-2022.0,-540.0,-131.0,,-731.0
242.0,504.0,,-75.0,12.0,-1727.0,-557.0,-212.0,,-748.0
187.0,440.0,,-122.0,-90.0,-1623.0,-565.0,-66.0,,-763.0
159.0,471.0,,-128.0,-181.0,-1719.0,-582.0,-157.0,,-767.0
174.0,332.0,,-149.0,-278.0,-1876.0,-590.0,-142.0,,-762.0
127.0,100.0,,-208.0,-265.0,-2006.0,-613.0,-51.0,,-737.0
340.0,-114.0,,-190.0,-203.0,-1982.0,-632.0,-271.0,,-697.0
149.0,-189.0,,-221.0,-193.0,-1924.0,-651.0,-240.0,,-667.0
309.0,-239.0,,-287.0,-125.0,-1944.0,-685.0,-559.0,,-639.0
148.0,-309.0,,-291.0,-55.0,-1789.0,-718.0,-655.0,,-628.0
262.0,-296.0,,-277.0,-38.0,-1348.0,-741.0,-744.0,,-635.0
240.0,-228.0,,-275.0,24.0,-926.0,-724.0,-807.0,,-660.0
245.0,-105.0,,-264.0,72.0,-936.0,-678.0,-628.0,,-709.0
380.0,-58.0,,-259.0,91.0,-965.0,-617.0,-731.0,,-775.0
163.0,143.0,,-260.0,148.0,-884.0,-573.0,-504.0,,-845.0
363.0,464.0,,-241.0,134.0,-985.0,-547.0,-450.0,,-910.0
106.0,634.0,,-254.0,70.0,-1287.0,-520.0,-245.0,,-964.0
211.0,683.0,,-275.0,70.0,-1735.0,-522.0,-42.0,,-983.0
120.0,592.0,,-273.0,36.0,-1895.0,-540.0,-145.0,,-979.0
246.0,471.0,,-314.0,1.0,-1867.0,-564.0,12.0,,-939.0
304.0,376.0,,-356.0,-16.0,-1739.0,-566.0,-64.0,,-865.0
93.0,286.0,,-374.0,-131.0,-1500.0,-541.0,162.0,,-786.0
314.0,203.0,,-422.0,-241.0,-1339.0,-538.0,214.0,,-695.0
92.0,132.0,,-462.0,-279.0,-1304.0,-554.0,168.0,,-596.0
285.0,2.0,,-534.0,-324.0,-1358.0,-546.0,238.0,,-500.0
179.0,-94.0,,-553.0,-316.0,-1334.0,-540.0,-84.0,,-413.0
297.0,-14.0,,-530.0,-291.0,-1391.0,-548.0,-96.0,,-334.0
332.0,70.0,,-541.0,-312.0,-1446.0,-550.0,-304.0,,-264.0
275.0,95.0,,-468.0,-271.0,-1421.0,-539.0,-295.0,,-210.0
404.0,47.0,,-464.0,-220.0,-1342.0,-510.0,-197.0,,-166.0
223.0,-44.0,,-494.0,-197.0,-1264.0,-506.0,-236.0,,-120.0
488.0,-176.0,,-454.0,-112.0,-1335.0,-501.0,-22.0,,-85.0
452.0,-343.0,,-412.0,-47.0,-1295.0,-493.0,-151.0,,-72.0
494.0,-509.0,,-412.0,-14.0,-997.0,-484.0,-129.0,,-83.0
367.0,-646.0,,-469.0,58.0,-659.0,-433.0,-349.0,,-108.0
429.0,-731.0,,-485.0,95.0,-532.0,-400.0,-480.0,,-130.0
549.0,-921.0,,-505.0,119.0,-563.0,-403.0,-450.0,,-178.0
396.0,-1023.0,,-566.0,177.0,-586.0,-420.0,-594.0,,-220.0
471.0,-929.0,,-601.0,180.0,-557.0,-430.0,-406.0,,-258.0
405.0,-760.0,,-600.0,182.0,-757.0,-426.0,-487.0,,-306.0
492.0,-641.0,,-605.0,215.0,-1068.0,-416.0,-360.0,,-357.0
393.0,-592.0,,-590.0,187.0,-1075.0,-389.0,-314.0,,-411.0
484.0,-479.0,,-528.0,199.0,-851.0,-398.0,-363.0,,-467.0
439.0,-425.0,,-492.0,268.0,-578.0,-423.0,-214.0,,-537.0
337.0,-428.0,,-408.0,310.0,-493.0,-448.0,-230.0,,-612.0
421.0,-506.0,,-299.0,395.0,-457.0,-448.0,125.0,,-687.0
348.0,-530.0,,-274.0,440.0,-467.0,-406.0,171.0,,-744.0
386.0,-576.0,,-238.0,402.0,-510.0,-347.0,256.0,,-783.0
330.0,-720.0,,-228.0,394.0,-533.0,-283.0,373.0,,-791.0
375.0,-731.0,,-211.0,336.0,-665.0,-255.0,301.0,,-770.0
166.0,-759.0,,-156.0,230.0,-634.0,-258.0,495.0,,-745.0
-9.0,-823.0,,-182.0,173.0,-605.0,-258.0,380.0,,-684.0
59.0,-959.0,,-261.0,67.0,-728.0,-270.0,567.0,,-622.0
0.0,-1041.0,,-316.0,-47.0,-888.0,-288.0,663.0,,-558.0
24.0,-1030.0,,-268.0,-90.0,-992.0,-281.0,655.0,,-481.0
-41.0,-1019.0,,-231.0,-145.0,-995.0,-264.0,602.0,,-417.0
-111.0,-925.0,,-228.0,-154.0,-1007.0,-257.0,138.0,,-345.0
-219.0,-822.0,,-206.0,-143.0,-1029.0,-253.0,9.0,,-281.0
-222.0,-621.0,,-234.0,-199.0,-1085.0,-237.0,-186.0,,-234.0
-134.0,-383.0,,-224.0,-193.0,-1085.0,-216.0,-40.0,,-199.0
-248.0,-225.0,,-189.0,-166.0,-1080.0,-257.0,131.0,,-198.0
-202.0,-256.0,,-139.0,-181.0,-1097.0,-301.0,114.0,,-215.0
-174.0,-333.0,,-100.0,-135.0,-1105.0,-320.0,299.0,,-239.0
-92.0,-318.0,,-113.0,-142.0,-1128.0,-334.0,109.0,,-279.0
-111.0,-375.0,,-110.0,-213.0,-1095.0,-333.0,147.0,,-319.0
-103.0,-409.0,,-99.0,-237.0,-959.0,-357.0,64.0,,-366.0
-44.0,-344.0,,-75.0,-309.0,-831.0,-366.0,38.0,,-420.0
-4.0,-161.0,,-65.0,-385.0,-919.0,-370.0,208.0,,-493.0
172.0,-17.0,,-93.0,-414.0,-867.0,-353.0,194.0,,-576.0
74.0,-15.0,,-121.0,-496.0,-611.0,-319.0,469.0,,-648.0
77.0,-82.0,,-117.0,-524.0,-538.0,-306.0,399.0,,-712.0
75.0,-192.0,,-85.0,-467.0,-633.0,-252.0,354.0,,-756.0
210.0,-239.0,,-116.0,-438.0,-684.0,-205.0,223.0,,-774.0
238.0,-192.0,,-176.0,-342.0,-599.0,-196.0,33.0,,-770.0
222.0,-116.0,,-207.0,-233.0,-711.0,-201.0,105.0,,-756.0
292.0,-115.0,,-249.0,-202.0,-971.0,-212.0,-68.0,,-732.0
263.0,-154.0,,-237.0,-123.0,-1190.0,-217.0,66.0,,-704.0
250.0,-119.0,,-250.0,-59.0,-1379.0,-221.0,-1.0,,-685.0
298.0,-69.0,,-264.0,11.0,-1429.0,-225.0,31.0,,-665.0
473.0,-13.0,,-217.0,158.0,-1579.0,-240.0,184.0,,-645.0
417.0,153.0,,-231.0,220.0,-1842.0,-231.0,133.0,,-621.0
528.0,306.0,,-211.0,264.0,-1954.0,-211.0,399.0,,-597.0
478.0,387.0,,-179.0,361.0,-1878.0,-195.0,439.0,,-576.0
552.0,432.0,,-125.0,374.0,-1871.0,-172.0,720.0,,-549.0
555.0,463.0,,-24.0,351.0,-2024.0,-162.0,831.0,,-513.0
605.0,512.0,,65.0,300.0,-2167.0,-150.0,788.0,,-474.0
681.0,500.0,,130.0,169.0,-2207.0,-123.0,870.0,,-450.0
527.0,508.0,,139.0,78.0,-2126.0,-101.0,650.0,,-444.0
638.0,516.0,,156.0,0.0,-2184.0,-106.0,659.0,,-463.0
576.0,511.0,,134.0,-89.0,-2333.0,-115.0,424.0,,-501.0
637.0,471.0,,104.0,-101.0,-2399.0,-112.0,375.0,,-546.0
527.0,370.0,,119.0,-148.0,-2418.0,-129.0,308.0,,-598.0
485.0,265.0,,89.0,-195.0,-2334.0,-155.0,81.0,,-637.0
445.0,81.0,,10.0,-133.0,-2175.0,-185.0,112.0,,-662.0
498.0,-84.0,,-45.0,-72.0,-1973.0,-194.0,-162.0,,-680.0
539.0,-110.0,,-74.0,4.0,-1748.0,-157.0,-72.0,,-685.0
354.0,89.0,,-122.0,91.0,-1460.0,-110.0,-127.0,,-676.0
327.0,380.0,,-207.0,123.0,-1227.0,-61.0,-160.0,,-648.0
298.0,498.0,,-226.0,211.0,-1169.0,-46.0,-33.0,,-621.0
261.0,410.0,,-156.0,288.0,-1207.0,-46.0,-230.0,,-570.0
151.0,289.0,,-179.0,258.0,-1339.0,-35.0,-121.0,,-505.0
293.0,300.0,,-179.0,275.0,-1533.0,-19.0,-266.0,,-441.0
222.0,223.0,,-126.0,297.0,-1611.0,0.0,-181.0,,-360.0
145.0,29.0,,-79.0,244.0,-1600.0,-38.0,-12.0,,-288.0
64.0,-96.0,,0.0,223.0,-1786.0,-86.0,101.0,,-216.0
113.0,-151.0,,26.0,179.0,-1886.0,-121.0,421.0,,-145.0
170.0,-201.0,,46.0,147.0,-1618.0,-126.0,339.0,,-101.0
54.0,-303.0,,93.0,168.0,-1318.0,-79.0,430.0,,-65.0
215.0,-255.0,,164.0,108.0,-1359.0,-46.0,286.0,,-51.0
61.0,-14.0,,160.0,74.0,-1583.0,-23.0,188.0,,-42.0
162.0,210.0,,166.0,115.0,-1542.0,-14.0,227.0,,-19.0
93.0,267.0,,179.0,89.0,-1406.0,-29.0,99.0,,-4.0
58.0,163.0,,101.0,75.0,-1495.0,-40.0,236.0,,-14.0
115.0,3.0,,101.0,85.0,-1533.0,-28.0,-3.0,,-45.0
-27.0,-105.0,,100.0,72.0,-1244.0,-10.0,-112.0,,-107.0
225.0,-34.0,,83.0,122.0,-1091.0,21.0,-249.0,,-198.0
-66.0,29.0,,97.0,147.0,-1302.0,51.0,-380.0,,-297.0
4.0,-28.0,,146.0,134.0,-1534.0,62.0,-338.0,,-396.0
-73.0,-63.0,,191.0,152.0,-1575.0,63.0,-593.0,,-463.0
-110.0,-46.0,,191.0,55.0,-1534.0,48.0,-478.0,,-537.0
55.0,-20.0,,242.0,-74.0,-1542.0,22.0,-593.0,,-608.0
-122.0,-10.0,,290.0,-87.0,-1426.0,-24.0,-589.0,,-661.0
79.0,115.0,,249.0,-100.0,-1241.0,-66.0,-530.0,,-728.0
-288.0,289.0,,236.0,-79.0,-1027.0,-77.0,-652.0,,-782.0
-56.0,273.0,,268.0,3.0,-857.0,-45.0,-397.0,,-836.0
-140.0,182.0,,266.0,56.0,-694.0,3.0,-493.0,,-886.0
-145.0,229.0,,328.0,151.0,-474.0,35.0,-362.0,,-926.0
-29.0,417.0,,364.0,203.0,-321.0,52.0,-349.0,,-968.0
-120.0,503.0,,342.0,140.0,-206.0,51.0,-408.0,,-1010.0
135.0,317.0,,344.0,108.0,-247.0,64.0,-334.0,,-1069.0
-195.0,142.0,,339.0,37.0,-273.0,84.0,-570.0,,-1130.0
167.0,125.0,,369.0,-48.0,-201.0,99.0,-428.0,,-1179.0
-6.0,44.0,,435.0,-25.0,-100.0,110.0,-452.0,,-1218.0
87.0,-207.0,,446.0,-10.0,108.0,126.0,-238.0,,-1227.0
65.0,-506.0,,393.0,20.0,118.0,148.0,-84.0,,-1208.0
11.0,-674.0,,392.0,88.0,-56.0,166.0,-118.0,,-1173.0
259.0,-714.0,,350.0,73.0,-48.0,196.0,94.0,,-1107.0
58.0,-707.0,,249.0,79.0,109.0,216.0,-83.0,,-1013.0
341.0,-653.0,,155.0,140.0,310.0,210.0,3.0,,-885.0
101.0,-549.0,,72.0,171.0,407.0,186.0,-127.0,,-747.0
262.0,-530.0,,7.0,240.0,347.0,169.0,-175.0,,-613.0
231.0,-636.0,,-43.0,267.0,272.0,182.0,-112.0,,-487.0
231.0,-725.0,,-40.0,215.0,378.0,194.0,-373.0,,-385.0
283.0,-651.0,,-81.0,243.0,493.0,216.0,-363.0,,-307.0
158.0,-406.0,,-84.0,260.0,314.0,242.0,-626.0,,-249.0
239.0,-240.0,,-15.0,189.0,244.0,239.0,-576.0,,-221.0
102.0,-135.0,,-31.0,115.0,413.0,239.0,-613.0,,-238.0
247.0,12.0,,-33.0,14.0,553.0,256.0,-700.0,,-281.0
194.0,143.0,,31.0,-6.0,494.0,269.0,-596.0,,-343.0
167.0,246.0,,103.0,55.0,361.0,279.0,-857.0,,-415.0
108.0,276.0,,112.0,12.0,471.0,291.0,-827.0,,-465.0
80.0,304.0,,79.0,-46.0,724.0,293.0,-1055.0,,-482.0
34.0,375.0,,117.0,-43.0,940.0,295.0,-1071.0,,-459.0
-30.0,344.0,,121.0,-32.0,978.0,294.0,-986.0,,-405.0
-12.0,67.0,,139.0,23.0,931.0,278.0,-1027.0,,-325.0
-50.0,-284.0,,246.0,43.0,1075.0,255.0,-833.0,,-236.0
-93.0,-473.0,,274.0,-9.0,1364.0,222.0,-1008.0,,-156.0
-94.0,-395.0,,245.0,-14.0,1364.0,193.0,-925.0,,-87.0
-148.0,-151.0,,214.0,-6.0,1220.0,179.0,-1032.0,,-20.0
-308.0,29.0,,133.0,2.0,1400.0,151.0,-1110.0,,45.0
-318.0,141.0,,71.0,79.0,1688.0,127.0,-1053.0,,102.0
-237.0,200.0,,58.0,108.0,1945.0,139.0,-1219.0,,147.0
-266.0,253.0,,23.0,74.0,2073.0,174.0,-1036.0,,167.0
-419.0,262.0,,-16.0,56.0,2123.0,220.0,-1108.0,,165.0
-412.0,169.0,,-41.0,-10.0,2264.0,275.0,-890.0,,138.0
-432.0,10.0,,-88.0,-60.0,2243.0,309.0,-722.0,,106.0
-462.0,-181.0,,-128.0,-54.0,2076.0,304.0,-663.0,,78.0
-416.0,-340.0,,-135.0,-44.0,1921.0,327.0,-375.0,,73.0
-362.0,-365.0,,-152.0,37.0,1838.0,362.0,-489.0,,108.0
-393.0,-202.0,,-164.0,119.0,1809.0,372.0,-339.0,,158.0
-397.0,-69.0,,-147.0,110.0,1778.0,354.0,-417.0,,202.0
-448.0,-4.0,,-193.0,102.0,1819.0,321.0,-447.0,,213.0
-398.0,147.0,,-220.0,73.0,1925.0,322.0,-388.0,,210.0
-339.0,431.0,,-195.0,10.0,2068.0,313.0,-530.0,,183.0
-280.0,732.0,,-211.0,-23.0,2025.0,280.0,-423.0,,139.0
-275.0,886.0,,-226.0,-96.0,1798.0,269.0,-622.0,,102.0
-355.0,865.0,,-238.0,-188.0,1635.0,295.0,-545.0,,64.0
-207.0,755.0,,-229.0,-191.0,1702.0,310.0,-559.0,,29.0
-268.0,599.0,,-221.0,-165.0,2053.0,305.0,-641.0,,-21.0
-137.0,368.0,,-225.0,-109.0,2439.0,314.0,-659.0,,-75.0
-267.0,220.0,,-223.0,-25.0,2681.0,330.0,-1012.0,,-136.0
-278.0,116.0,,-241.0,-13.0,2758.0,344.0,-947.0,,-198.0
-312.0,-44.0,,-203.0,-22.0,2950.0,329.0,-1082.0,,-245.0
-347.0,-186.0,,-165.0,-47.0,3126.0,311.0,-1062.0,,-291.0
-181.0,-230.0,,-145.0,-117.0,2927.0,301.0,-929.0,,-331.0
-433.0,-157.0,,-84.0,-112.0,2678.0,305.0,-938.0,,-371.0
-406.0,-55.0,,-93.0,-81.0,2769.0,323.0,-718.0,,-392.0
-534.0,127.0,,-121.0,-117.0,3013.0,322.0,-851.0,,-382.0
-438.0,372.0,,-78.0,-117.0,3002.0,318.0,-787.0,,-343.0
-553.0,544.0,,-23.0,-87.0,2920.0,331.0,-840.0,,-263.0
-574.0,560.0,,-8.0,-51.0,2909.0,355.0,-777.0,,-170.0
-467.0,421.0,,30.0,50.0,3024.0,379.0,-497.0,,-62.0
-630.0,219.0,,98.0,113.0,3082.0,402.0,-502.0,,57.0
-551.0,124.0,,145.0,91.0,2651.0,409.0,-293.0,,177.0
-597.0,248.0,,226.0,50.0,2269.0,411.0,-445.0,,301.0
-467.0,438.0,,310.0,-27.0,2285.0,401.0,-402.0,,406.0
-563.0,503.0,,338.0,-110.0,2384.0,383.0,-343.0,,478.0
-528.0,501.0,,318.0,-135.0,2180.0,367.0,-415.0,,507.0
-559.0,535.0,,286.0,-142.0,1907.0,366.0,-212.0,,505.0
-626.0,531.0,,276.0,-102.0,2098.0,408.0,-345.0,,481.0
-474.0,476.0,,281.0,-16.0,2303.0,456.0,-269.0,,447.0
-458.0,470.0,,243.0,29.0,2411.0,487.0,-400.0,,422.0
-354.0,485.0,,155.0,95.0,2539.0,478.0,-502.0,,418.0
-432.0,388.0,,149.0,162.0,2654.0,442.0,-582.0,,431.0
-307.0,210.0,,227.0,151.0,2768.0,427.0,-916.0,,451.0
-255.0,94.0,,228.0,136.0,2769.0,439.0,-905.0,,461.0
-374.0,123.0,,174.0,119.0,2802.0,469.0,-1084.0,,443.0
-291.0,198.0,,158.0,72.0,2829.0,507.0,-979.0,,413.0
-339.0,223.0,,135.0,76.0,2846.0,554.0,-944.0,,369.0
-229.0,211.0,,123.0,111.0,2648.0,588.0,-955.0,,317.0
-218.0,166.0,,144.0,133.0,2177.0,600.0,-727.0,,264.0
-274.0,127.0,,140.0,182.0,1736.0,597.0,-790.0,,197.0
-321.0,9.0,,104.0,189.0,1604.0,582.0,-613.0,,115.0
-376.0,-82.0,,59.0,176.0,1789.0,587.0,-676.0,,29.0
-190.0,-20.0,,38.0,227.0,2048.0,601.0,-604.0,,-57.0
-287.0,93.0,,19.0,250.0,2096.0,612.0,-417.0,,-149.0
-254.0,4.0,,-26.0,253.0,2000.0,613.0,-373.0,,-222.0
-260.0,-276.0,,-55.0,271.0,2172.0,600.0,-131.0,,-263.0
-178.0,-377.0,,-62.0,225.0,2274.0,581.0,-238.0,,-263.0
-238.0,-351.0,,-22.0,158.0,2233.0,565.0,-79.0,,-226.0
-220.0,-274.0,,6.0,107.0,1965.0,572.0,-25.0,,-163.0
-28.0,-173.0,,-47.0,5.0,1731.0,562.0,-18.0,,-79.0
-156.0,-100.0,,-100.0,-82.0,1876.0,514.0,133.0,,4.0
-53.0,-45.0,,-135.0,-140.0,1869.0,469.0,-7.0,,89.0
-246.0,11.0,,-142.0,-216.0,1719.0,451.0,84.0,,189.0
-77.0,93.0,,-166.0,-227.0,1406.0,459.0,-81.0,,265.0
-134.0,189.0,,-179.0,-218.0,1279.0,470.0,-81.0,,315.0
-48.0,298.0,,-110.0,-258.0,1297.0,480.0,-36.0,,348.0
-13.0,230.0,,-72.0,-269.0,1254.0,502.0,-33.0,,342.0
-147.0,125.0,,-65.0,-251.0,1332.0,503.0,157.0,,318.0
123.0,35.0,,-51.0,-201.0,1453.0,448.0,-66.0,,257.0
2.0,-218.0,,-36.0,-66.0,1569.0,372.0,-94.0,,181.0
174.0,-558.0,,-56.0,49.0,1429.0,324.0,-351.0,,93.0
-21.0,-868.0,,-34.0,192.0,1299.0,286.0,-515.0,,-25.0
187.0,-1023.0,,-10.0,352.0,1188.0,261.0,-517.0,,-157.0
138.0,-1022.0,,-55.0,390.0,1070.0,231.0,-670.0,,-317.0
146.0,-895.0,,-83.0,409.0,953.0,174.0,-454.0,,-476.0
326.0,-777.0,,-117.0,381.0,694.0,145.0,-535.0,,-609.0
207.0,-709.0,,-131.0,378.0,617.0,123.0,-424.0,,-712.0
376.0,-598.0,,-138.0,390.0,661.0,114.0,-399.0,,-786.0
148.0,-443.0,,-93.0,343.0,769.0,136.0,-448.0,,-823.0
423.0,-197.0,,-69.0,315.0,890.0,155.0,-297.0,,-830.0
239.0,105.0,,-115.0,232.0,933.0,166.0,-434.0,,-830.0
443.0,275.0,,-83.0,98.0,1000.0,141.0,-234.0,,-813.0
414.0,213.0,,-31.0,-37.0,1083.0,105.0,-339.0,,-783.0
220.0,235.0,,38.0,-140.0,1237.0,71.0,-450.0,,-742.0
378.0,322.0,,136.0,-225.0,1325.0,40.0,-484.0,,-694.0
199.0,245.0,,221.0,-264.0,1306.0,30.0,-622.0,,-643.0
396.0,217.0,,268.0,-322.0,1439.0,45.0,-434.0,,-586.0
102.0,214.0,,263.0,-338.0,1488.0,74.0,-491.0,,-521.0
306.0,120.0,,300.0,-265.0,1164.0,80.0,-205.0,,-451.0
162.0,47.0,,349.0,-235.0,845.0,79.0,5.0,,-361.0
108.0,88.0,,336.0,-127.0,930.0,69.0,221.0,,-249.0
91.0,177.0,,352.0,-85.0,1052.0,71.0,515.0,,-136.0
-19.0,225.0,,377.0,-73.0,884.0,101.0,341.0,,-18.0
111.0,242.0,,348.0,-1.0,617.0,123.0,399.0,,93.0
-71.0,298.0,,361.0,-50.0,467.0,156.0,277.0,,202.0
118.0,326.0,,376.0,-98.0,507.0,173.0,388.0,,303.0
-85.0,44.0,,332.0,-199.0,541.0,158.0,485.0,,391.0
0.0,-258.0,,277.0,-295.0,624.0,121.0,388.0,,464.0
-109.0,-229.0,,256.0,-251.0,605.0,74.0,428.0,,504.0
-23.0,-135.0,,244.0,-216.0,432.0,43.0,110.0,,525.0
31.0,-95.0,,200.0,-202.0,252.0,14.0,48.0,,526.0
101.0,54.0,,169.0,-246.0,84.0,6.0,-149.0,,491.0
83.0,197.0,,195.0,-307.0,227.0,21.0,-151.0,,449.0
-131.0,327.0,,262.0,-297.0,306.0,44.0,33.0,,404.0
152.0,568.0,,304.0,-269.0,148.0,103.0,16.0,,353.0
14.0,565.0,,346.0,-233.0,20.0,160.0,254.0,,314.0
158.0,320.0,,407.0,-196.0,-143.0,193.0,25.0,,275.0
-61.0,7.0,,455.0,-200.0,-446.0,196.0,-83.0,,239.0
140.0,-360.0,,460.0,-219.0,-926.0,176.0,-232.0,,185.0
41.0,-592.0,,444.0,-209.0,-1271.0,157.0,-423.0,,121.0
6.0,-660.0,,437.0,-212.0,-1263.0,115.0,-286.0,,70.0
101.0,-522.0,,434.0,-170.0,-1206.0,90.0,-363.0,,14.0
-101.0,-71.0,,426.0,-145.0,-1270.0,60.0,-77.0,,-31.0
97.0,296.0,,349.0,-147.0,-1208.0,4.0,-12.0,,-81.0
-214.0,161.0,,273.0,-129.0,-1095.0,-48.0,121.0,,-134.0
77.0,101.0,,188.0,-184.0,-830.0,-66.0,301.0,,-178.0
-162.0,467.0,,124.0,-198.0,-738.0,-62.0,201.0,,-218.0
8.0,858.0,,106.0,-171.0,-1106.0,-79.0,345.0,,-246.0
-26.0,996.0,,34.0,-129.0,-1127.0,-77.0,175.0,,-261.0
-194.0,762.0,,-44.0,-61.0,-925.0,-90.0,303.0,,-246.0
-42.0,210.0,,-78.0,-36.0,-712.0,-98.0,269.0,,-226.0
-247.0,-181.0,,-82.0,-9.0,-672.0,-90.0,153.0,,-222.0
27.0,8.0,,-103.0,76.0,-903.0,-93.0,253.0,,-218.0
-323.0,233.0,,-115.0,194.0,-819.0,-85.0,136.0,,-238.0
-133.0,182.0,,-83.0,284.0,-595.0,-84.0,339.0,,-280.0
-226.0,163.0,,-22.0,327.0,-435.0,-96.0,208.0,,-336.0
-229.0,295.0,,13.0,383.0,-503.0,-147.0,188.0,,-415.0
-155.0,466.0,,20.0,447.0,-613.0,-169.0,107.0,,-517.0
-204.0,362.0,,32.0,428.0,-521.0,-167.0,-83.0,,-645.0
-63.0,109.0,,37.0,365.0,-584.0,-169.0,-38.0,,-779.0
-276.0,-142.0,,50.0,247.0,-751.0,-185.0,-363.0,,-892.0
-58.0,-361.0,,116.0,169.0,-910.0,-241.0,-343.0,,-973.0
-192.0,-531.0,,193.0,124.0,-1032.0,-269.0,-436.0,,-1025.0
-143.0,-792.0,,235.0,33.0,-1009.0,-266.0,-424.0,,-1062.0
-186.0,-991.0,,236.0,-30.0,-984.0,-230.0,-343.0,,-1102.0
-115.0,-1034.0,,211.0,-129.0,-1005.0,-187.0,-493.0,,-1154.0
-42.0,-829.0,,185.0,-169.0,-795.0,-176.0,-266.0,,-1212.0
-156.0,-318.0,,148.0,-174.0,-498.0,-184.0,-273.0,,-1257.0
-127.0,88.0,,162.0,-209.0,-352.0,-191.0,-64.0,,-1279.0
-230.0,177.0,,186.0,-204.0,-352.0,-181.0,86.0,,-1283.0
-57.0,320.0,,173.0,-215.0,-454.0,-171.0,212.0,,-1266.0
-65.0,481.0,,218.0,-189.0,-386.0,-147.0,495.0,,-1217.0
-34.0,249.0,,310.0,-100.0,-342.0,-153.0,463.0,,-1141.0
-77.0,-54.0,,322.0,-91.0,-495.0,-201.0,707.0,,-1033.0
-27.0,-215.0,,321.0,-93.0,-646.0,-253.0,631.0,,-903.0
-24.0,-337.0,,369.0,-59.0,-626.0,-277.0,615.0,,-771.0
-134.0,-150.0,,328.0,-69.0,-497.0,-236.0,716.0,,-653.0
-19.0,78.0,,241.0,-9.0,-553.0,-183.0,679.0,,-590.0
-37.0,60.0,,174.0,24.0,-709.0,-163.0,870.0,,-563.0
-72.0,60.0,,120.0,2.0,-661.0,-168.0,729.0,,-553.0
-155.0,-19.0,,109.0,31.0,-335.0,-177.0,774.0,,-555.0
-62.0,-198.0,,93.0,0.0,6.0,-214.0,674.0,,-525.0
-38.0,-349.0,,47.0,15.0,140.0,-252.0,606.0,,-481.0
-39.0,-609.0,,31.0,52.0,25.0,-246.0,700.0,,-400.0
23.0,-916.0,,80.0,40.0,9.0,-251.0,543.0,,-292.0
-66.0,-1163.0,,100.0,69.0,128.0,-245.0,703.0,,-169.0
-60.0,-1526.0,,85.0,3.0,18.0,-252.0,620.0,,-12.0
-58.0,-1929.0,,103.0,-72.0,-85.0,-292.0,685.0,,144.0
6.0,-1918.0,,149.0,-64.0,-265.0,-325.0,646.0,,307.0
-40.0,-1454.0,,196.0,-116.0,-385.0,-355.0,426.0,,443.0
-47.0,-951.0,,204.0,-135.0,-289.0,-391.0,482.0,,554.0
-46.0,-558.0,,207.0,-164.0,-281.0,-423.0,275.0,,634.0
-108.0,-52.0,,222.0,-257.0,-228.0,-437.0,432.0,,659.0
-37.0,573.0,,249.0,-235.0,-97.0,-445.0,406.0,,672.0
-24.0,1011.0,,292.0,-206.0,99.0,-460.0,436.0,,684.0
-43.0,1103.0,,302.0,-154.0,57.0,-496.0,659.0,,697.0
-176.0,1110.0,,307.0,0.0,-183.0,-523.0,546.0,,690.0
-74.0,1315.0,,318.0,77.0,-154.0,-548.0,585.0,,672.0
-41.0,1344.0,,314.0,163.0,-6.0,-562.0,319.0,,634.0
-68.0,957.0,,287.0,213.0,101.0,-551.0,306.0,,588.0
-82.0,599.0,,262.0,149.0,22.0,-546.0,282.0,,552.0
-117.0,233.0,,225.0,146.0,-149.0,-546.0,249.0,,506.0
-59.0,-236.0,,173.0,142.0,-106.0,-560.0,474.0,,486.0
-192.0,-344.0,,165.0,194.0,88.0,-589.0,432.0,,465.0
-58.0,-48.0,,131.0,315.0,317.0,-604.0,727.0,,460.0
-137.0,352.0,,136.0,313.0,438.0,-604.0,833.0,,474.0
-134.0,534.0,,141.0,289.0,398.0,-592.0,1064.0,,497.0
-64.0,574.0,,105.0,245.0,439.0,-584.0,1278.0,,545.0
-113.0,722.0,,165.0,197.0,500.0,-625.0,1175.0,,594.0
-33.0,708.0,,150.0,243.0,414.0,-688.0,1337.0,,654.0
-129.0,644.0,,74.0,196.0,501.0,-734.0,1202.0,,691.0
-20.0,766.0,,66.0,144.0,759.0,-752.0,1291.0,,688.0
-46.0,813.0,,64.0,171.0,981.0,-756.0,1289.0,,645.0
67.0,749.0,,37.0,121.0,984.0,-761.0,1195.0,,571.0
102.0,622.0,,43.0,122.0,721.0,-793.0,1213.0,,483.0
30.0,178.0,,85.0,97.0,778.0,-822.0,1014.0,,384.0
118.0,-405.0,,51.0,-19.0,1013.0,-821.0,1151.0,,307.0
86.0,-915.0,,58.0,-28.0,1052.0,-811.0,1027.0,,239.0
120.0,-1343.0,,113.0,-38.0,1036.0,-784.0,1056.0,,170.0
97.0,-1273.0,,130.0,-78.0,902.0,-780.0,1079.0,,120.0
213.0,-738.0,,169.0,-161.0,863.0,-754.0,885.0,,86.0
200.0,-248.0,,157.0,-327.0,872.0,-707.0,905.0,,56.0
139.0,-126.0,,145.0,-338.0,717.0,-665.0,611.0,,26.0
197.0,-264.0,,98.0,-264.0,561.0,-638.0,650.0,,-4.0
283.0,-450.0,,-24.0,-193.0,518.0,-662.0,654.0,,-46.0
327.0,-640.0,,-10.0,-77.0,468.0,-682.0,705.0,,-83.0
264.0,-574.0,,3.0,-112.0,319.0,-729.0,851.0,,-105.0
248.0,-180.0,,-55.0,-197.0,231.0,-771.0,805.0,,-115.0
191.0,15.0,,-49.0,-203.0,231.0,-783.0,1134.0,,-113.0
195.0,-254.0,,-42.0,-255.0,294.0,-771.0,1158.0,,-116.0
212.0,-526.0,,-73.0,-255.0,321.0,-733.0,1326.0,,-117.0
175.0,-860.0,,-38.0,-257.0,321.0,-725.0,1370.0,,-134.0
96.0,-1232.0,,22.0,-270.0,452.0,-703.0,1245.0,,-153.0
123.0,-1219.0,,51.0,-190.0,628.0,-688.0,1315.0,,-147.0
169.0,-1044.0,,125.0,-142.0,714.0,-664.0,1073.0,,-122.0
172.0,-808.0,,145.0,-82.0,812.0,-610.0,1180.0,,-70.0
218.0,-703.0,,156.0,-56.0,892.0,-593.0,1053.0,,-7.0
222.0,-676.0,,221.0,-111.0,853.0,-589.0,1016.0,,57.0
216.0,-335.0,,243.0,-85.0,792.0,-613.0,1138.0,,96.0
203.0,253.0,,260.0,-35.0,709.0,-610.0,1042.0,,103.0
233.0,834.0,,229.0,9.0,843.0,-563.0,1278.0,,74.0
185.0,1106.0,,183.0,80.0,1081.0,-527.0,1202.0,,9.0
171.0,1064.0,,148.0,99.0,1173.0,-492.0,1241.0,,-82.0
216.0,865.0,,61.0,118.0,1349.0,-499.0,1062.0,,-190.0
113.0,678.0,,-20.0,96.0,1475.0,-527.0,849.0,,-282.0
23.0,631.0,,-115.0,39.0,1600.0,-557.0,921.0,,-361.0
39.0,865.0,,-174.0,99.0,1734.0,-582.0,763.0,,-425.0
107.0,1264.0,,-236.0,94.0,1517.0,-593.0,955.0,,-452.0
20.0,1378.0,,-339.0,69.0,1199.0,-598.0,870.0,,-423.0
-58.0,1193.0,,-427.0,75.0,859.0,-577.0,833.0,,-344.0
15.0,880.0,,-430.0,-17.0,467.0,-576.0,763.0,,-230.0
7.0,548.0,,-418.0,-33.0,227.0,-568.0,574.0,,-112.0
-9.0,186.0,,-447.0,-27.0,60.0,-553.0,794.0,,-31.0
-62.0,-82.0,,-378.0,7.0,115.0,-543.0,833.0,,8.0
-15.0,1.0,,-307.0,95.0,170.0,-522.0,1176.0,,7.0
22.0,222.0,,-232.0,77.0,166.0,-514.0,1300.0,,-14.0
3.0,301.0,,-175.0,128.0,290.0,-487.0,1376.0,,-24.0
2.0,293.0,,-160.0,231.0,307.0,-448.0,1553.0,,-15.0
-40.0,152.0,,-161.0,237.0,378.0,-432.0,1468.0,,14.0
102.0,0.0,,-176.0,282.0,260.0,-435.0,1672.0,,63.0
165.0,134.0,,-167.0,314.0,-31.0,-451.0,1589.0,,125.0
165.0,411.0,,-200.0,324.0,-31.0,-455.0,1746.0,,185.0
166.0,616.0,,-235.0,420.0,148.0,-448.0,1840.0,,254.0
134.0,654.0,,-256.0,412.0,331.0,-457.0,1723.0,,336.0
188.0,592.0,,-252.0,333.0,400.0,-470.0,1799.0,,419.0
230.0,562.0,,-259.0,239.0,500.0,-455.0,1620.0,,498.0
289.0,578.0,,-257.0,46.0,594.0,-443.0,1781.0,,552.0
286.0,577.0,,-224.0,-42.0,563.0,-408.0,1698.0,,572.0
269.0,444.0,,-214.0,-72.0,497.0,-356.0,1674.0,,570.0
280.0,265.0,,-174.0,-110.0,540.0,-316.0,1779.0,,559.0
287.0,123.0,,-107.0,-70.0,546.0,-253.0,1625.0,,530.0
249.0,-13.0,,-124.0,-114.0,317.0,-199.0,1661.0,,486.0
278.0,-70.0,,-144.0,-170.0,77.0,-179.0,1304.0,,443.0
315.0,35.0,,-83.0,-197.0,-139.0,-163.0,1171.0,,400.0
207.0,147.0,,-62.0,-279.0,-154.0,-152.0,1008.0,,358.0
154.0,6.0,,-53.0,-231.0,-178.0,-144.0,886.0,,325.0
223.0,-397.0,,-15.0,-133.0,-169.0,-126.0,1027.0,,303.0
279.0,-825.0,,-33.0,-102.0,-147.0,-95.0,848.0,,274.0
160.0,-1002.0,,-35.0,-75.0,-486.0,-60.0,1018.0,,240.0
124.0,-991.0,,6.0,-140.0,-609.0,-37.0,968.0,,209.0
135.0,-850.0,,44.0,-187.0,-532.0,-11.0,1005.0,,186.0
60.0,-706.0,,100.0,-202.0,-522.0,-3.0,1114.0,,171.0
40.0,-737.0,,107.0,-261.0,-667.0,3.0,1014.0,,153.0
-20.0,-704.0,,89.0,-192.0,-819.0,49.0,1093.0,,147.0
-57.0,-558.0,,74.0,-117.0,-696.0,92.0,812.0,,184.0
-104.0,-213.0,,67.0,-120.0,-511.0,107.0,788.0,,257.0
-82.0,205.0,,61.0,-76.0,-413.0,106.0,654.0,,342.0
-143.0,402.0,,44.0,-70.0,-525.0,98.0,537.0,,430.0
-228.0,468.0,,17.0,-48.0,-568.0,92.0,574.0,,475.0
-153.0,428.0,,-74.0,49.0,-516.0,100.0,395.0,,459.0
-180.0,461.0,,-125.0,82.0,-611.0,96.0,670.0,,417.0
-198.0,564.0,,-111.0,127.0,-795.0,58.0,759.0,,378.0
-191.0,686.0,,-92.0,172.0,-923.0,42.0,1010.0,,348.0
-156.0,772.0,,-93.0,166.0,-917.0,59.0,1193.0,,310.0
-189.0,762.0,,-104.0,242.0,-1074.0,68.0,1171.0,,286.0
-116.0,775.0,,-112.0,242.0,-1321.0,72.0,1352.0,,263.0
-11.0,685.0,,-147.0,157.0,-1437.0,68.0,1213.0,,239.0
-78.0,496.0,,-186.0,119.0,-1386.0,85.0,1313.0,,224.0
-22.0,189.0,,-204.0,51.0,-1441.0,119.0,1193.0,,198.0
-3.0,-121.0,,-204.0,4.0,-1701.0,118.0,1169.0,,177.0
12.0,-202.0,,-223.0,-44.0,-1808.0,82.0,1134.0,,167.0
-43.0,-11.0,,-233.0,-98.0,-1913.0,27.0,772.0,,158.0
-66.0,443.0,,-229.0,-41.0,-2042.0,-21.0,737.0,,162.0
-19.0,817.0,,-200.0,2.0,-2126.0,-40.0,439.0,,179.0
-108.0,876.0,,-139.0,1.0,-2025.0,-32.0,533.0,,193.0
-106.0,830.0,,-93.0,77.0,-1702.0,-40.0,648.0,,191.0
-66.0,874.0,,-83.0,126.0,-1500.0,-36.0,635.0,,167.0
-64.0,834.0,,-38.0,114.0,-1412.0,-13.0,705.0,,108.0
-77.0,593.0,,35.0,55.0,-1427.0,-3.0,384.0,,18.0
-12.0,467.0,,69.0,-54.0,-1442.0,6.0,336.0,,-95.0
12.0,468.0,,116.0,-51.0,-1258.0,2.0,59.0,,-233.0
-14.0,307.0,,131.0,3.0,-926.0,-2.0,9.0,,-364.0
34.0,70.0,,152.0,13.0,-845.0,7.0,72.0,,-488.0
55.0,-86.0,,149.0,64.0,-1121.0,40.0,25.0,,-584.0
41.0,-193.0,,131.0,54.0,-1363.0,53.0,330.0,,-648.0
21.0,-281.0,,117.0,13.0,-1487.0,42.0,262.0,,-713.0
19.0,-280.0,,28.0,9.0,-1552.0,31.0,345.0,,-748.0
-4.0,-241.0,,0.0,-70.0,-1831.0,18.0,218.0,,-771.0
-27.0,-345.0,,-33.0,-105.0,-2222.0,41.0,162.0,,-805.0
33.0,-513.0,,-134.0,-67.0,-2173.0,93.0,295.0,,-832.0
23.0,-628.0,,-181.0,-93.0,-1992.0,154.0,121.0,,-839.0
-63.0,-632.0,,-171.0,-91.0,-1934.0,188.0,273.0,,-846.0
-5.0,-665.0,,-173.0,-75.0,-1853.0,188.0,155.0,,-865.0
0.0,-822.0,,-150.0,-109.0,-1679.0,171.0,236.0,,-892.0
-19.0,-960.0,,-113.0,-124.0,-1421.0,170.0,256.0,,-924.0
29.0,-1153.0,,-72.0,-143.0,-1352.0,208.0,60.0,,-946.0
80.0,-1320.0,,-1.0,-82.0,-1345.0,231.0,118.0,,-949.0
96.0,-1289.0,,50.0,40.0,-1329.0,235.0,-105.0,,-931.0
83.0,-1133.0,,76.0,21.0,-1308.0,257.0,-79.0,,-907.0
156.0,-1000.0,,68.0,-4.0,-1089.0,274.0,-330.0,,-885.0
131.0,-919.0,,86.0,38.0,-860.0,300.0,-565.0,,-845.0
170.0,-793.0,,87.0,80.0,-786.0,338.0,-620.0,,-778.0
213.0,-557.0,,112.0,164.0,-674.0,362.0,-801.0,,-697.0
239.0,-222.0,,113.0,150.0,-484.0,393.0,-689.0,,-594.0
223.0,83.0,,51.0,69.0,-458.0,409.0,-938.0,,-468.0
177.0,206.0,,110.0,107.0,-563.0,414.0,-984.0,,-338.0
318.0,135.0,,159.0,124.0,-732.0,412.0,-1064.0,,-182.0
297.0,94.0,,172.0,89.0,-755.0,417.0,-1225.0,,-6.0
282.0,145.0,,217.0,120.0,-628.0,465.0,-1097.0,,151.0
197.0,103.0,,252.0,145.0,-755.0,526.0,-1134.0,,274.0
120.0,35.0,,180.0,181.0,-891.0,580.0,-846.0,,332.0
100.0,-44.0,,122.0,202.0,-907.0,597.0,-777.0,,318.0
67.0,-153.0,,197.0,127.0,-997.0,596.0,-655.0,,236.0
83.0,-179.0,,177.0,70.0,-1189.0,598.0,-506.0,,103.0
-57.0,-93.0,,88.0,-10.0,-1390.0,583.0,-500.0,,-37.0
-35.0,24.0,,-10.0,-117.0,-1316.0,566.0,-245.0,,-175.0
-74.0,-34.0,,-51.0,-106.0,-1110.0,571.0,-363.0,,-304.0
-171.0,-172.0,,-48.0,-93.0,-891.0,590.0,-314.0,,-413.0
-210.0,-263.0,,-58.0,-92.0,-619.0,593.0,-487.0,,-493.0
-198.0,-317.0,,21.0,-46.0,-457.0,618.0,-644.0,,-553.0
-150.0,-310.0,,74.0,-73.0,-363.0,618.0,-574.0,,-618.0
-221.0,-277.0,,70.0,-83.0,-208.0,594.0,-833.0,,-673.0
-185.0,-59.0,,110.0,-8.0,-37.0,574.0,-776.0,,-747.0
-170.0,256.0,,145.0,41.0,47.0,546.0,-914.0,,-835.0
-192.0,471.0,,122.0,116.0,-169.0,557.0,-861.0,,-904.0
-240.0,568.0,,153.0,157.0,-511.0,570.0,-779.0,,-973.0
-321.0,465.0,,131.0,150.0,-614.0,580.0,-861.0,,-1030.0
-367.0,235.0,,25.0,232.0,-726.0,582.0,-777.0,,-1088.0
-301.0,14.0,,-17.0,251.0,-868.0,564.0,-1031.0,,-1138.0
-260.0,-178.0,,-70.0,181.0,-1087.0,528.0,-1003.0,,-1183.0
-319.0,-263.0,,-106.0,147.0,-1199.0,483.0,-1189.0,,-1251.0
-349.0,-104.0,,-112.0,81.0,-878.0,462.0,-1315.0,,-1317.0
-327.0,80.0,,-93.0,32.0,-679.0,455.0,-1376.0,,-1377.0
-367.0,65.0,,-129.0,33.0,-849.0,454.0,-1712.0,,-1426.0
-531.0,92.0,,-193.0,-27.0,-979.0,448.0,-1618.0,,-1474.0
-566.0,210.0,,-209.0,-73.0,-619.0,461.0,-1742.0,,-1515.0
-580.0,228.0,,-245.0,-90.0,-179.0,474.0,-1655.0,,-1547.0
-648.0,66.0,,-259.0,-170.0,-186.0,468.0,-1637.0,,-1552.0
-722.0,-182.0,,-275.0,-171.0,-283.0,470.0,-1716.0,,-1496.0
-773.0,-333.0,,-298.0,-92.0,-155.0,500.0,-1590.0,,-1408.0
-826.0,-366.0,,-281.0,-14.0,44.0,539.0,-1810.0,,-1285.0
-848.0,-382.0,,-285.0,99.0,14.0,520.0,-1771.0,,-1147.0
-832.0,-511.0,,-309.0,130.0,-315.0,471.0,-1904.0,,-1019.0
-912.0,-635.0,,-287.0,96.0,-619.0,442.0,-1884.0,,-904.0
-945.0,-645.0,,-259.0,99.0,-590.0,432.0,-1816.0,,-803.0
-881.0,-597.0,,-244.0,47.0,-525.0,448.0,-1941.0,,-722.0
-838.0,-400.0,,-229.0,-51.0,-526.0,467.0,-1744.0,,-656.0
-846.0,-103.0,,-199.0,-120.0,-560.0,477.0,-1816.0,,-608.0
-836.0,176.0,,-217.0,-186.0,-571.0,491.0,-1576.0,,-593.0
-774.0,448.0,,-275.0,-183.0,-399.0,490.0,-1406.0,,-572.0
-679.0,715.0,,-290.0,-112.0,-211.0,490.0,-1358.0,,-508.0
-701.0,860.0,,-327.0,-81.0,-73.0,506.0,-1182.0,,-366.0
-724.0,771.0,,-394.0,-30.0,-119.0,526.0,-1298.0,,-181.0
-712.0,561.0,,-423.0,4.0,-235.0,549.0,-1176.0,,0.0
-667.0,377.0,,-409.0,-15.0,-182.0,554.0,-1304.0,,176.0
-574.0,256.0,,-364.0,28.0,-217.0,546.0,-1245.0,,332.0
-600.0,158.0,,-347.0,61.0,-449.0,514.0,-1201.0,,481.0
-567.0,106.0,,-372.0,44.0,-702.0,457.0,-1389.0,,606.0
-469.0,45.0,,-336.0,101.0,-739.0,414.0,-1311.0,,694.0
-443.0,-225.0,,-284.0,163.0,-498.0,411.0,-1524.0,,735.0
-397.0,-569.0,,-292.0,167.0,-425.0,430.0,-1478.0,,717.0
-349.0,-701.0,,-307.0,171.0,-536.0,433.0,-1616.0,,648.0
-339.0,-579.0,,-358.0,120.0,-534.0,452.0,-1701.0,,532.0
-336.0,-387.0,,-415.0,70.0,-482.0,489.0,-1596.0,,406.0
-382.0,-190.0,,-392.0,119.0,-573.0,497.0,-1742.0,,307.0
-317.0,105.0,,-393.0,179.0,-676.0,492.0,-1592.0,,258.0
-350.0,352.0,,-435.0,262.0,-439.0,491.0,-1784.0,,266.0
-353.0,510.0,,-428.0,337.0,-212.0,478.0,-1729.0,,303.0
-314.0,593.0,,-347.0,293.0,-251.0,462.0,-1618.0,,321.0
-400.0,552.0,,-246.0,243.0,-463.0,423.0,-1598.0,,321.0
-302.0,532.0,,-215.0,198.0,-481.0,369.0,-1358.0,,314.0
-324.0,596.0,,-188.0,64.0,-210.0,365.0,-1409.0,,291.0
-295.0,662.0,,-138.0,-23.0,-102.0,375.0,-1156.0,,278.0
-370.0,665.0,,-131.0,-38.0,-235.0,402.0,-1184.0,,270.0
-425.0,636.0,,-101.0,-55.0,-488.0,430.0,-1158.0,,261.0
-328.0,569.0,,-34.0,-33.0,-507.0,411.0,-1171.0,,253.0
-391.0,355.0,,-16.0,-56.0,-378.0,378.0,-1430.0,,242.0
-325.0,63.0,,-3.0,-158.0,-503.0,348.0,-1269.0,,224.0
-401.0,-151.0,,-11.0,-228.0,-807.0,346.0,-1363.0,,163.0
-369.0,-286.0,,-73.0,-309.0,-825.0,349.0,-1189.0,,65.0
-412.0,-433.0,,-111.0,-393.0,-473.0,345.0,-1106.0,,-41.0
-406.0,-553.0,,-168.0,-380.0,-238.0,339.0,-1104.0,,-135.0
-343.0,-568.0,,-253.0,-342.0,-237.0,285.0,-990.0,,-202.0
-456.0,-600.0,,-297.0,-271.0,-277.0,185.0,-1228.0,,-230.0
-308.0,-637.0,,-347.0,-179.0,-71.0,105.0,-1232.0,,-220.0
-302.0,-605.0,,-393.0,-173.0,115.0,84.0,-1513.0,,-189.0
-298.0,-463.0,,-363.0,-163.0,5.0,92.0,-1590.0,,-146.0
-398.0,-240.0,,-318.0,-118.0,-141.0,103.0,-1564.0,,-100.0
-314.0,-9.0,,-308.0,-131.0,-296.0,100.0,-1655.0,,-41.0
-225.0,296.0,,-282.0,-107.0,-394.0,84.0,-1483.0,,25.0
-344.0,490.0,,-282.0,-37.0,-538.0,79.0,-1670.0,,92.0
-303.0,467.0,,-301.0,-6.0,-891.0,84.0,-1594.0,,167.0
-396.0,343.0,,-294.0,51.0,-1295.0,121.0,-1592.0,,231.0
-298.0,205.0,,-347.0,68.0,-1542.0,162.0,-1552.0,,246.0
-279.0,62.0,,-388.0,8.0,-1654.0,159.0,-1378.0,,203.0
-192.0,-126.0,,-364.0,-27.0,-1708.0,134.0,-1411.0,,104.0
-109.0,-290.0,,-320.0,-125.0,-1667.0,90.0,-1112.0,,-31.0
-111.0,-420.0,,-264.0,-223.0,-1577.0,61.0,-1006.0,,-164.0
-19.0,-507.0,,-196.0,-201.0,-1495.0,56.0,-740.0,,-269.0
-76.0,-653.0,,-190.0,-174.0,-1280.0,38.0,-626.0,,-333.0
-50.0,-845.0,,-242.0,-126.0,-799.0,12.0,-596.0,,-350.0
19.0,-855.0,,-233.0,-26.0,-506.0,-10.0,-347.0,,-339.0
3.0,-686.0,,-214.0,38.0,-436.0,-23.0,-434.0,,-296.0
-35.0,-501.0,,-205.0,124.0,-379.0,1.0,-323.0,,-239.0
32.0,-399.0,,-186.0,187.0,-381.0,50.0,-482.0,,-199.0
-5.0,-219.0,,-147.0,118.0,-435.0,61.0,-539.0,,-176.0
-14.0,27.0,,-149.0,39.0,-728.0,58.0,-526.0,,-192.0
-85.0,174.0,,-148.0,-29.0,-1024.0,51.0,-733.0,,-248.0
-58.0,262.0,,-141.0,-147.0,-1212.0,61.0,-617.0,,-324.0
-94.0,303.0,,-149.0,-197.0,-1392.0,99.0,-620.0,,-401.0
-171.0,315.0,,-99.0,-184.0,-1486.0,126.0,-315.0,,-469.0
-73.0,211.0,,-96.0,-174.0,-1433.0,151.0,-125.0,,-524.0
-215.0,34.0,,-133.0,-119.0,-1407.0,168.0,-66.0,,-573.0
-195.0,-75.0,,-161.0,-106.0,-1518.0,179.0,1.0,,-622.0
-246.0,-134.0,,-204.0,-147.0,-1511.0,201.0,-279.0,,-675.0
-181.0,-109.0,,-234.0,-158.0,-1340.0,257.0,-291.0,,-751.0
-229.0,-24.0,,-177.0,-166.0,-920.0,290.0,-493.0,,-828.0
-285.0,54.0,,-159.0,-104.0,-459.0,281.0,-474.0,,-874.0
-185.0,9.0,,-134.0,42.0,-199.0,237.0,-484.0,,-902.0
-330.0,-142.0,,-78.0,154.0,-34.0,155.0,-681.0,,-913.0
-216.0,-258.0,,-115.0,290.0,21.0,112.0,-541.0,,-907.0
-263.0,-345.0,,-50.0,417.0,-77.0,113.0,-654.0,,-875.0
-259.0,-375.0,,68.0,405.0,-233.0,116.0,-508.0,,-816.0
-222.0,-333.0,,158.0,386.0,-274.0,98.0,-567.0,,-764.0
-218.0,-193.0,,237.0,361.0,-298.0,44.0,-679.0,,-729.0
-116.0,24.0,,297.0,236.0,-389.0,3.0,-698.0,,-725.0
-186.0,249.0,,303.0,118.0,-546.0,3.0,-916.0,,-740.0
-76.0,492.0,,289.0,23.0,-613.0,33.0,-785.0,,-767.0
-39.0,693.0,,305.0,-34.0,-524.0,95.0,-899.0,,-820.0
-37.0,849.0,,269.0,-6.0,-287.0,165.0,-694.0,,-878.0
-34.0,938.0,,207.0,-22.0,68.0,191.0,-474.0,,-924.0
-54.0,902.0,,112.0,-94.0,141.0,158.0,-365.0,,-927.0
58.0,772.0,,15.0,-101.0,127.0,132.0,-70.0,,-889.0
101.0,548.0,,-79.0,-97.0,231.0,113.0,-145.0,,-833.0
133.0,262.0,,-152.0,-83.0,430.0,90.0,81.0,,-779.0
153.0,-31.0,,-201.0,-44.0,703.0,102.0,-3.0,,-744.0
245.0,-268.0,,-236.0,-45.0,714.0,105.0,-94.0,,-716.0
377.0,-392.0,,-252.0,-23.0,672.0,110.0,-64.0,,-696.0
461.0,-431.0,,-318.0,-25.0,608.0,121.0,-216.0,,-660.0
541.0,-420.0,,-347.0,-117.0,478.0,111.0,-1.0,,-602.0
501.0,-348.0,,-324.0,-187.0,315.0,86.0,-96.0,,-530.0
504.0,-280.0,,-258.0,-304.0,38.0,36.0,-5.0,,-433.0
602.0,-293.0,,-150.0,-460.0,-21.0,34.0,-7.0,,-327.0
623.0,-376.0,,-107.0,-460.0,67.0,38.0,-48.0,,-215.0
638.0,-460.0,,-93.0,-385.0,176.0,12.0,70.0,,-93.0
572.0,-542.0,,-51.0,-307.0,229.0,0.0,-173.0,,22.0
516.0,-662.0,,-38.0,-179.0,166.0,-11.0,-145.0,,120.0
612.0,-693.0,,-58.0,-99.0,62.0,4.0,-352.0,,198.0
635.0,-567.0,,-70.0,-39.0,-87.0,26.0,-363.0,,255.0
666.0,-434.0,,-92.0,16.0,-134.0,40.0,-336.0,,289.0
633.0,-414.0,,-80.0,-18.0,-91.0,48.0,-489.0,,312.0
629.0,-465.0,,-94.0,-13.0,-68.0,37.0,-352.0,,323.0
642.0,-520.0,,-152.0,44.0,-110.0,3.0,-563.0,,337.0
598.0,-519.0,,-144.0,52.0,-92.0,-52.0,-508.0,,377.0
657.0,-421.0,,-142.0,91.0,-180.0,-87.0,-487.0,,420.0
618.0,-266.0,,-156.0,111.0,-268.0,-98.0,-376.0,,471.0
681.0,-112.0,,-173.0,82.0,-166.0,-95.0,-129.0,,527.0
615.0,-50.0,,-167.0,87.0,-243.0,-93.0,-173.0,,578.0
577.0,-11.0,,-115.0,59.0,-379.0,-132.0,24.0,,609.0
591.0,54.0,,-36.0,8.0,-496.0,-157.0,-140.0,,612.0
469.0,45.0,,50.0,25.0,-492.0,-160.0,-234.0,,614.0
516.0,-35.0,,86.0,26.0,-276.0,-170.0,-378.0,,608.0
340.0,-196.0,,137.0,31.0,-203.0,-163.0,-554.0,,583.0
356.0,-353.0,,193.0,98.0,-323.0,-169.0,-412.0,,539.0
278.0,-456.0,,247.0,133.0,-332.0,-166.0,-506.0,,474.0
242.0,-563.0,,322.0,201.0,-47.0,-132.0,-264.0,,390.0
267.0,-614.0,,355.0,257.0,420.0,-129.0,-225.0,,313.0
31.0,-584.0,,293.0,193.0,589.0,-134.0,-145.0,,282.0
161.0,-511.0,,295.0,125.0,655.0,-136.0,0.0,,307.0
32.0,-436.0,,396.0,39.0,975.0,-156.0,-162.0,,386.0
85.0,-308.0,,306.0,-66.0,1095.0,-155.0,-109.0,,505.0
-37.0,-36.0,,314.0,-85.0,970.0,-131.0,-376.0,,614.0
-166.0,322.0,,313.0,-93.0,728.0,-125.0,-397.0,,697.0
-46.0,648.0,,89.0,-102.0,567.0,-157.0,-491.0,,752.0
-260.0,845.0,,160.0,-47.0,461.0,-185.0,-635.0,,776.0
-94.0,981.0,,208.0,-43.0,395.0,-202.0,-548.0,,793.0
-185.0,1046.0,,63.0,-76.0,396.0,-220.0,-739.0,,804.0
-185.0,976.0,,208.0,-60.0,227.0,-217.0,-578.0,,799.0
-221.0,883.0,,363.0,-54.0,221.0,-201.0,-670.0,,757.0
-231.0,795.0,,200.0,-13.0,559.0,-174.0,-631.0,,677.0
-134.0,727.0,,210.0,73.0,1031.0,-197.0,-445.0,,561.0
-195.0,617.0,,318.0,134.0,1334.0,-258.0,-363.0,,433.0
-27.0,486.0,,276.0,216.0,1405.0,-325.0,46.0,,317.0
-117.0,361.0,,376.0,291.0,1499.0,-373.0,188.0,,213.0
-39.0,147.0,,407.0,302.0,1626.0,-363.0,528.0,,139.0
-116.0,-34.0,,289.0,318.0,1600.0,-329.0,617.0,,51.0
-23.0,-120.0,,287.0,278.0,1532.0,-260.0,646.0,,-65.0
12.0,-133.0,,338.0,186.0,1565.0,-227.0,776.0,,-219.0
-9.0,-85.0,,328.0,167.0,1577.0,-241.0,618.0,,-411.0
93.0,50.0,,347.0,145.0,1463.0,-274.0,755.0,,-602.0
21.0,233.0,,368.0,98.0,1355.0,-324.0,633.0,,-788.0
225.0,386.0,,403.0,45.0,1368.0,-346.0,740.0,,-943.0
104.0,464.0,,332.0,-55.0,1465.0,-366.0,805.0,,-1054.0
292.0,418.0,,326.0,-113.0,1727.0,-363.0,729.0,,-1118.0
235.0,313.0,,370.0,-80.0,1859.0,-358.0,866.0,,-1150.0
222.0,183.0,,316.0,-52.0,1842.0,-344.0,726.0,,-1161.0
493.0,18.0,,353.0,3.0,1865.0,-327.0,951.0,,-1182.0
352.0,-188.0,,301.0,47.0,2062.0,-335.0,981.0,,-1212.0
478.0,-378.0,,269.0,-23.0,2339.0,-316.0,1023.0,,-1226.0
350.0,-435.0,,244.0,-94.0,2238.0,-297.0,1045.0,,-1234.0
467.0,-390.0,,240.0,-143.0,1946.0,-300.0,770.0,,-1217.0
508.0,-397.0,,256.0,-214.0,1917.0,-312.0,737.0,,-1154.0
471.0,-439.0,,308.0,-249.0,2111.0,-328.0,373.0,,-1040.0
717.0,-390.0,,373.0,-296.0,2229.0,-339.0,325.0,,-890.0
611.0,-290.0,,332.0,-348.0,2284.0,-364.0,328.0,,-717.0
719.0,-163.0,,383.0,-308.0,2316.0,-379.0,415.0,,-539.0
705.0,21.0,,379.0,-269.0,2431.0,-383.0,667.0,,-354.0
615.0,223.0,,412.0,-227.0,2338.0,-387.0,513.0,,-179.0
647.0,327.0,,409.0,-97.0,2053.0,-384.0,633.0,,-27.0
542.0,293.0,,370.0,16.0,1777.0,-389.0,439.0,,106.0
655.0,189.0,,323.0,110.0,1333.0,-388.0,336.0,,200.0
538.0,73.0,,231.0,184.0,1037.0,-377.0,290.0,,280.0
478.0,-12.0,,232.0,157.0,609.0,-339.0,96.0,,358.0
485.0,5.0,,186.0,107.0,232.0,-302.0,221.0,,440.0
418.0,117.0,,201.0,93.0,179.0,-294.0,129.0,,503.0
509.0,252.0,,204.0,80.0,290.0,-295.0,260.0,,517.0
348.0,344.0,,239.0,129.0,615.0,-300.0,223.0,,497.0
474.0,384.0,,320.0,239.0,617.0,-308.0,317.0,,449.0
368.0,413.0,,325.0,313.0,429.0,-297.0,570.0,,360.0
410.0,411.0,,274.0,363.0,287.0,-286.0,609.0,,241.0
462.0,372.0,,273.0,366.0,383.0,-304.0,1018.0,,107.0
264.0,292.0,,429.0,311.0,821.0,-292.0,1099.0,,-39.0
428.0,266.0,,397.0,258.0,1025.0,-255.0,1254.0,,-184.0
293.0,260.0,,415.0,161.0,968.0,-216.0,1249.0,,-336.0
531.0,118.0,,468.0,46.0,698.0,-186.0,1053.0,,-489.0
329.0,-152.0,,366.0,-12.0,565.0,-170.0,1086.0,,-630.0
368.0,-404.0,,435.0,-75.0,753.0,-163.0,877.0,,-754.0
485.0,-610.0,,469.0,-140.0,830.0,-163.0,992.0,,-833.0
297.0,-800.0,,359.0,-140.0,893.0,-157.0,966.0,,-869.0
538.0,-822.0,,365.0,-112.0,964.0,-157.0,1086.0,,-888.0
204.0,-711.0,,427.0,-31.0,1045.0,-155.0,1152.0,,-882.0
465.0,-499.0,,314.0,82.0,1126.0,-157.0,907.0,,-846.0
276.0,-257.0,,252.0,121.0,1083.0,-169.0,988.0,,-784.0
224.0,0.0,,274.0,131.0,1204.0,-183.0,766.0,,-693.0
269.0,232.0,,291.0,106.0,1590.0,-187.0,873.0,,-596.0
25.0,303.0,,348.0,33.0,1825.0,-166.0,916.0,,-488.0
389.0,369.0,,326.0,27.0,1734.0,-150.0,840.0,,-374.0
59.0,435.0,,259.0,55.0,1508.0,-143.0,934.0,,-242.0
234.0,494.0,,256.0,39.0,1322.0,-121.0,753.0,,-94.0
102.0,495.0,,213.0,32.0,1232.0,-92.0,921.0,,49.0
117.0,388.0,,131.0,-7.0,1165.0,-52.0,881.0,,182.0
176.0,253.0,,124.0,-89.0,1252.0,-22.0,971.0,,285.0
15.0,146.0,,86.0,-118.0,1475.0,-15.0,1025.0,,338.0
312.0,44.0,,93.0,-148.0,1760.0,-29.0,920.0,,329.0
40.0,-136.0,,66.0,-156.0,1983.0,-67.0,1075.0,,290.0
364.0,-277.0,,36.0,-108.0,2038.0,-79.0,897.0,,235.0
197.0,-315.0,,-60.0,-83.0,2085.0,-71.0,1051.0,,190.0
295.0,-297.0,,-150.0,-22.0,2176.0,-57.0,1006.0,,157.0
298.0,-255.0,,-145.0,53.0,2323.0,-40.0,923.0,,127.0
193.0,-124.0,,-229.0,25.0,2222.0,-35.0,990.0,,114.0
496.0,57.0,,-179.0,-26.0,1878.0,-19.0,809.0,,99.0
175.0,116.0,,-186.0,-88.0,1712.0,1.0,951.0,,76.0
597.0,85.0,,-183.0,-194.0,1782.0,39.0,837.0,,28.0
311.0,67.0,,-137.0,-246.0,1906.0,98.0,929.0,,-33.0
488.0,89.0,,-163.0,-279.0,1829.0,141.0,964.0,,-104.0
448.0,9.0,,-221.0,-286.0,1575.0,140.0,872.0,,-186.0
385.0,-211.0,,-314.0,-208.0,1547.0,109.0,938.0,,-284.0
590.0,-424.0,,-287.0,-148.0,1657.0,67.0,694.0,,-395.0
249.0,-608.0,,-318.0,-105.0,1473.0,23.0,809.0,,-503.0
753.0,-781.0,,-363.0,-50.0,1292.0,6.0,644.0,,-598.0
303.0,-852.0,,-435.0,-60.0,1445.0,4.0,498.0,,-669.0
542.0,-768.0,,-466.0,-88.0,1823.0,6.0,441.0,,-727.0
373.0,-618.0,,-475.0,-82.0,2134.0,11.0,218.0,,-766.0
480.0,-480.0,,-485.0,-88.0,2108.0,0.0,349.0,,-797.0
656.0,-306.0,,-402.0,-79.0,1944.0,-27.0,142.0,,-822.0
330.0,-88.0,,-387.0,-96.0,1884.0,-62.0,127.0,,-836.0
736.0,95.0,,-351.0,-169.0,1656.0,-87.0,105.0,,-834.0
261.0,150.0,,-348.0,-176.0,1271.0,-95.0,123.0,,-829.0
664.0,128.0,,-365.0,-164.0,1083.0,-107.0,363.0,,-815.0
494.0,104.0,,-339.0,-185.0,1093.0,-129.0,321.0,,-767.0
621.0,81.0,,-301.0,-162.0,1260.0,-150.0,613.0,,-684.0
539.0,79.0,,-302.0,-154.0,1293.0,-151.0,689.0,,-542.0
345.0,48.0,,-283.0,-151.0,1214.0,-150.0,814.0,,-351.0
571.0,47.0,,-224.0,-75.0,1335.0,-143.0,920.0,,-140.0
260.0,132.0,,-203.0,6.0,1488.0,-160.0,837.0,,49.0
500.0,249.0,,-180.0,98.0,1511.0,-202.0,1029.0,,206.0
248.0,345.0,,-184.0,203.0,1526.0,-261.0,942.0,,318.0
417.0,421.0,,-146.0,189.0,1593.0,-326.0,1077.0,,381.0
244.0,441.0,,-155.0,120.0,1627.0,-336.0,1042.0,,432.0
349.0,362.0,,-162.0,97.0,1669.0,-328.0,984.0,,455.0
360.0,298.0,,-95.0,94.0,1755.0,-341.0,1084.0,,451.0
255.0,313.0,,-74.0,155.0,1905.0,-385.0,901.0,,430.0
315.0,372.0,,-8.0,236.0,1995.0,-421.0,1029.0,,400.0
227.0,406.0,,86.0,286.0,2145.0,-437.0,946.0,,362.0
403.0,489.0,,171.0,327.0,2318.0,-456.0,986.0,,326.0
279.0,661.0,,217.0,297.0,2149.0,-466.0,914.0,,293.0
494.0,744.0,,208.0,236.0,1738.0,-480.0,663.0,,257.0
321.0,713.0,,209.0,238.0,1354.0,-463.0,607.0,,231.0
420.0,608.0,,197.0,264.0,1351.0,-433.0,258.0,,198.0
282.0,434.0,,147.0,288.0,1429.0,-409.0,354.0,,162.0
365.0,271.0,,93.0,319.0,1231.0,-373.0,343.0,,133.0
418.0,129.0,,49.0,296.0,1245.0,-377.0,393.0,,89.0
280.0,-29.0,,-24.0,258.0,1504.0,-394.0,495.0,,36.0
333.0,-212.0,,-58.0,237.0,1565.0,-395.0,232.0,,-33.0
93.0,-401.0,,-28.0,146.0,1559.0,-399.0,297.0,,-112.0
339.0,-501.0,,36.0,67.0,1673.0,-399.0,105.0,,-171.0
170.0,-511.0,,132.0,34.0,1868.0,-408.0,101.0,,-205.0
235.0,-520.0,,159.0,-27.0,1928.0,-442.0,-31.0,,-209.0
110.0,-456.0,,196.0,-68.0,1707.0,-495.0,-295.0,,-180.0
166.0,-260.0,,262.0,-125.0,1570.0,-550.0,-317.0,,-138.0
254.0,-86.0,,287.0,-211.0,1447.0,-590.0,-530.0,,-102.0
58.0,-59.0,,327.0,-246.0,1270.0,-573.0,-315.0,,-87.0
189.0,-131.0,,391.0,-285.0,1086.0,-557.0,-315.0,,-117.0
79.0,-215.0,,470.0,-341.0,801.0,-569.0,-175.0,,-203.0
235.0,-325.0,,532.0,-342.0,744.0,-570.0,7.0,,-350.0
80.0,-411.0,,553.0,-352.0,710.0,-571.0,-49.0,,-531.0
52.0,-397.0,,519.0,-382.0,484.0,-567.0,195.0,,-729.0
62.0,-299.0,,454.0,-368.0,394.0,-570.0,94.0,,-935.0
25.0,-101.0,,394.0,-376.0,419.0,-559.0,218.0,,-1111.0
37.0,136.0,,362.0,-381.0,416.0,-525.0,245.0,,-1272.0
-185.0,372.0,,387.0,-346.0,301.0,-498.0,197.0,,-1406.0
-67.0,547.0,,366.0,-359.0,239.0,-496.0,208.0,,-1481.0
-49.0,721.0,,362.0,-356.0,326.0,-508.0,-38.0,,-1498.0
10.0,890.0,,375.0,-300.0,294.0,-509.0,62.0,,-1478.0
-44.0,895.0,,359.0,-268.0,39.0,-502.0,-75.0,,-1449.0
-151.0,836.0,,425.0,-199.0,-233.0,-506.0,-16.0,,-1408.0
-85.0,752.0,,496.0,-123.0,-431.0,-500.0,-25.0,,-1380.0
-171.0,585.0,,556.0,-97.0,-766.0,-472.0,-247.0,,-1352.0
-85.0,261.0,,515.0,-42.0,-1039.0,-455.0,-221.0,,-1327.0
-179.0,-48.0,,455.0,-26.0,-1208.0,-422.0,-487.0,,-1305.0
-205.0,-179.0,,439.0,-60.0,-1293.0,-369.0,-397.0,,-1261.0
-178.0,-193.0,,346.0,-39.0,-1311.0,-333.0,-362.0,,-1211.0
-296.0,-157.0,,286.0,-32.0,-1333.0,-314.0,-249.0,,-1168.0
-199.0,-75.0,,253.0,-56.0,-1149.0,-327.0,-97.0,,-1148.0
-226.0,172.0,,235.0,-39.0,-1127.0,-339.0,-282.0,,-1142.0
-168.0,371.0,,197.0,-28.0,-1154.0,-308.0,-277.0,,-1148.0
-268.0,464.0,,207.0,17.0,-1087.0,-268.0,-559.0,,-1143.0
-415.0,558.0,,244.0,86.0,-1032.0,-220.0,-517.0,,-1111.0
-384.0,650.0,,224.0,65.0,-834.0,-179.0,-432.0,,-1036.0
-398.0,685.0,,181.0,42.0,-707.0,-173.0,-384.0,,-935.0
-385.0,599.0,,115.0,76.0,-768.0,-173.0,-219.0,,-834.0
-511.0,509.0,,131.0,105.0,-932.0,-162.0,-465.0,,-723.0
-466.0,396.0,,111.0,159.0,-961.0,-149.0,-439.0,,-622.0
-413.0,275.0,,96.0,220.0,-976.0,-138.0,-683.0,,-523.0
-403.0,78.0,,100.0,214.0,-1174.0,-115.0,-803.0,,-410.0
-314.0,-163.0,,63.0,230.0,-1290.0,-75.0,-768.0,,-270.0
-260.0,-386.0,,18.0,208.0,-1077.0,-43.0,-881.0,,-120.0
-184.0,-473.0,,-25.0,157.0,-769.0,-29.0,-565.0,,33.0
-257.0,-427.0,,-13.0,159.0,-734.0,-50.0,-493.0,,171.0
-134.0,-471.0,,-44.0,123.0,-827.0,-99.0,-245.0,,272.0
29.0,-315.0,,-72.0,152.0,-932.0,-145.0,-227.0,,340.0
33.0,-122.0,,-54.0,171.0,-1006.0,-162.0,-395.0,,372.0
10.0,-89.0,,-14.0,189.0,-1141.0,-172.0,-388.0,,398.0
-75.0,-25.0,,-46.0,219.0,-1490.0,-210.0,-639.0,,397.0
16.0,17.0,,-88.0,221.0,-1777.0,-231.0,-561.0,,364.0
77.0,61.0,,-85.0,241.0,-1806.0,-230.0,-694.0,,305.0
69.0,65.0,,-121.0,221.0,-1711.0,-215.0,-654.0,,217.0
2.0,88.0,,-96.0,209.0,-1621.0,-196.0,-685.0,,105.0
7.0,93.0,,-45.0,113.0,-1471.0,-207.0,-1005.0,,-23.0
24.0,22.0,,-8.0,58.0,-1307.0,-227.0,-1031.0,,-140.0
-9.0,-61.0,,25.0,-25.0,-1133.0,-260.0,-1282.0,,-246.0
37.0,-158.0,,91.0,-43.0,-939.0,-291.0,-1154.0,,-307.0
141.0,-292.0,,106.0,26.0,-784.0,-329.0,-1140.0,,-318.0
136.0,-440.0,,48.0,3.0,-651.0,-357.0,-1097.0,,-295.0
-7.0,-444.0,,-18.0,26.0,-725.0,-351.0,-831.0,,-244.0
16.0,-454.0,,-51.0,-93.0,-811.0,-373.0,-750.0,,-196.0
49.0,-528.0,,-53.0,-151.0,-703.0,-380.0,-351.0,,-171.0
195.0,-573.0,,-128.0,-234.0,-532.0,-359.0,-230.0,,-174.0
61.0,-612.0,,-192.0,-354.0,-550.0,-353.0,81.0,,-196.0
12.0,-586.0,,-210.0,-352.0,-833.0,-335.0,251.0,,-211.0
9.0,-558.0,,-189.0,-372.0,-1060.0,-310.0,251.0,,-192.0
68.0,-511.0,,-148.0,-279.0,-1266.0,-279.0,461.0,,-129.0
262.0,-390.0,,-90.0,-204.0,-1499.0,-256.0,256.0,,-23.0
1.0,-141.0,,-100.0,-138.0,-1803.0,-266.0,271.0,,87.0
-48.0,145.0,,-168.0,-133.0,-1963.0,-281.0,0.0,,174.0
-152.0,333.0,,-189.0,-150.0,-1928.0,-278.0,-160.0,,224.0
105.0,440.0,,-188.0,-198.0,-1934.0,-275.0,-92.0,,244.0
93.0,408.0,,-151.0,-256.0,-1844.0,-275.0,-184.0,,259.0
-20.0,300.0,,-155.0,-227.0,-1786.0,-257.0,33.0,,276.0
-2.0,142.0,,-162.0,-209.0,-1719.0,-219.0,-9.0,,286.0
-206.0,7.0,,-192.0,-37.0,-1882.0,-200.0,129.0,,285.0
-64.0,-10.0,,-238.0,90.0,-2230.0,-207.0,79.0,,268.0
-170.0,40.0,,-218.0,177.0,-2313.0,-207.0,-57.0,,220.0
0.0,37.0,,-251.0,251.0,-2324.0,-176.0,-53.0,,146.0
-139.0,-76.0,,-314.0,188.0,-2351.0,-121.0,-264.0,,54.0
-216.0,-115.0,,-304.0,152.0,-2512.0,-84.0,-116.0,,-33.0
-223.0,-85.0,,-307.0,66.0,-2754.0,-70.0,-225.0,,-110.0
-259.0,-49.0,,-365.0,-1.0,-2859.0,-88.0,-203.0,,-170.0
-119.0,43.0,,-397.0,27.0,-2943.0,-118.0,-205.0,,-219.0
-239.0,180.0,,-432.0,35.0,-3123.0,-99.0,-402.0,,-274.0
-209.0,226.0,,-480.0,53.0,-3288.0,-54.0,-384.0,,-320.0
-543.0,202.0,,-465.0,82.0,-3348.0,-12.0,-715.0,,-380.0
-401.0,175.0,,-407.0,31.0,-3388.0,20.0,-752.0,,-464.0
-306.0,117.0,,-330.0,5.0,-3605.0,28.0,-840.0,,-547.0
-346.0,124.0,,-251.0,-13.0,-3896.0,49.0,-840.0,,-618.0
-373.0,121.0,,-183.0,-85.0,-3797.0,59.0,-715.0,,-670.0
-544.0,64.0,,-101.0,-72.0,-3541.0,15.0,-809.0,,-685.0
-377.0,-21.0,,-55.0,-86.0,-3359.0,-2.0,-546.0,,-664.0
-377.0,-83.0,,-63.0,-97.0,-3173.0,18.0,-541.0,,-609.0
-233.0,-159.0,,-79.0,-76.0,-3213.0,40.0,-376.0,,-544.0
-405.0,-278.0,,-127.0,-126.0,-3345.0,75.0,-341.0,,-499.0
-518.0,-334.0,,-170.0,-104.0,-3457.0,94.0,-413.0,,-477.0
-469.0,-329.0,,-151.0,-84.0,-3539.0,106.0,-234.0,,-477.0
-214.0,-239.0,,-155.0,-90.0,-3552.0,124.0,-321.0,,-489.0
-210.0,-183.0,,-202.0,-32.0,-3608.0,114.0,-81.0,,-502.0
-456.0,-102.0,,-281.0,-16.0,-3551.0,77.0,-64.0,,-501.0
-252.0,50.0,,-373.0,27.0,-3275.0,21.0,24.0,,-501.0
-313.0,143.0,,-391.0,94.0,-2877.0,-10.0,81.0,,-508.0
-202.0,74.0,,-365.0,91.0,-2700.0,0.0,-51.0,,-514.0
-183.0,-111.0,,-342.0,114.0,-2883.0,15.0,157.0,,-542.0
-42.0,-151.0,,-314.0,77.0,-3073.0,59.0,-25.0,,-584.0
-93.0,-296.0,,-308.0,2.0,-3137.0,127.0,22.0,,-642.0
-182.0,-494.0,,-237.0,15.0,-3284.0,191.0,-66.0,,-710.0
-77.0,-498.0,,-147.0,-16.0,-3473.0,250.0,-129.0,,-772.0
-71.0,-490.0,,-122.0,-39.0,-3336.0,295.0,36.0,,-822.0
67.0,-459.0,,-65.0,-64.0,-2879.0,326.0,-149.0,,-839.0
-26.0,-410.0,,-74.0,-149.0,-2427.0,351.0,-51.0,,-818.0
64.0,-295.0,,-121.0,-114.0,-2347.0,377.0,-212.0,,-748.0
-74.0,-181.0,,-200.0,-74.0,-2306.0,361.0,-131.0,,-644.0
106.0,-98.0,,-256.0,-63.0,-1929.0,340.0,22.0,,-534.0
173.0,23.0,,-287.0,-15.0,-1649.0,339.0,-7.0,,-414.0
145.0,111.0,,-331.0,-73.0,-1588.0,338.0,201.0,,-325.0
171.0,148.0,,-319.0,-126.0,-1596.0,359.0,86.0,,-260.0
50.0,152.0,,-303.0,-197.0,-1542.0,378.0,182.0,,-204.0
209.0,137.0,,-228.0,-340.0,-1612.0,404.0,81.0,,-151.0
-51.0,171.0,,-170.0,-356.0,-1792.0,419.0,60.0,,-96.0
106.0,202.0,,-126.0,-350.0,-1851.0,429.0,155.0,,-35.0
46.0,231.0,,-72.0,-324.0,-1863.0,461.0,-3.0,,45.0
11.0,291.0,,12.0,-225.0,-1759.0,507.0,127.0,,112.0
-13.0,293.0,,38.0,-234.0,-1813.0,571.0,-9.0,,176.0
-103.0,312.0,,37.0,-208.0,-2024.0,585.0,46.0,,223.0
141.0,175.0,,51.0,-111.0,-2096.0,598.0,-1.0,,253.0
19.0,68.0,,0.0,-49.0,-1960.0,621.0,-151.0,,284.0
83.0,91.0,,24.0,88.0,-1820.0,603.0,5.0,,292.0
-131.0,83.0,,19.0,180.0,-2086.0,574.0,-9.0,,288.0
-13.0,102.0,,6.0,222.0,-2352.0,534.0,284.0,,272.0
59.0,57.0,,41.0,296.0,-2226.0,521.0,303.0,,256.0
-118.0,67.0,,44.0,260.0,-2069.0,539.0,251.0,,221.0
-217.0,55.0,,48.0,252.0,-2124.0,551.0,186.0,,172.0
-343.0,54.0,,92.0,292.0,-2061.0,571.0,-101.0,,112.0
-90.0,108.0,,114.0,257.0,-1881.0,589.0,-81.0,,12.0
-320.0,297.0,,107.0,272.0,-1719.0,588.0,-240.0,,-116.0
-336.0,456.0,,91.0,246.0,-1452.0,603.0,-109.0,,-257.0
-317.0,429.0,,80.0,191.0,-1298.0,612.0,-136.0,,-386.0
-261.0,498.0,,82.0,215.0,-1223.0,601.0,-327.0,,-503.0
-215.0,505.0,,52.0,167.0,-1030.0,603.0,-354.0,,-604.0
-436.0,439.0,,41.0,146.0,-600.0,607.0,-641.0,,-678.0
-270.0,324.0,,25.0,156.0,-270.0,636.0,-552.0,,-714.0
-403.0,166.0,,69.0,106.0,-64.0,650.0,-609.0,,-706.0
-304.0,0.0,,114.0,126.0,155.0,637.0,-515.0,,-660.0
-334.0,-157.0,,105.0,102.0,314.0,621.0,-360.0,,-596.0
-380.0,-280.0,,134.0,45.0,604.0,589.0,-338.0,,-530.0
-333.0,-377.0,,152.0,58.0,442.0,568.0,-29.0,,-483.0
-481.0,-352.0,,134.0,3.0,-81.0,531.0,-11.0,,-451.0
-424.0,-334.0,,92.0,-12.0,-448.0,504.0,219.0,,-425.0
-580.0,-286.0,,98.0,23.0,-570.0,513.0,251.0,,-427.0
-486.0,-179.0,,70.0,26.0,-576.0,523.0,299.0,,-434.0
-685.0,-22.0,,34.0,93.0,-619.0,577.0,478.0,,-442.0
-841.0,135.0,,31.0,88.0,-420.0,646.0,341.0,,-450.0
-830.0,186.0,,-23.0,37.0,-95.0,684.0,456.0,,-444.0
-913.0,242.0,,13.0,45.0,276.0,716.0,260.0,,-420.0
-915.0,332.0,,54.0,4.0,431.0,715.0,197.0,,-371.0
-1013.0,374.0,,64.0,7.0,335.0,672.0,127.0,,-301.0
-930.0,289.0,,58.0,20.0,296.0,607.0,35.0,,-192.0
-1073.0,230.0,,37.0,-41.0,332.0,564.0,260.0,,-67.0
-944.0,150.0,,46.0,-75.0,256.0,550.0,205.0,,48.0
-933.0,-23.0,,10.0,-157.0,96.0,558.0,382.0,,175.0
-983.0,-117.0,,45.0,-223.0,53.0,598.0,327.0,,296.0
-853.0,-180.0,,46.0,-188.0,116.0,623.0,336.0,,399.0
-872.0,-187.0,,12.0,-182.0,415.0,627.0,397.0,,492.0
-776.0,-146.0,,-10.0,-132.0,629.0,634.0,190.0,,582.0
-781.0,-99.0,,-47.0,-91.0,734.0,662.0,249.0,,655.0
-612.0,7.0,,-83.0,-138.0,947.0,694.0,-25.0,,710.0
-599.0,72.0,,-102.0,-134.0,1317.0,680.0,-60.0,,742.0
-586.0,37.0,,-61.0,-161.0,1564.0,663.0,-169.0,,735.0
-477.0,-48.0,,-63.0,-147.0,1475.0,651.0,-397.0,,691.0
-284.0,-203.0,,-48.0,-34.0,1463.0,630.0,-404.0,,605.0
-196.0,-428.0,,-48.0,-9.0,1648.0,651.0,-668.0,,489.0
-327.0,-617.0,,0.0,39.0,1930.0,657.0,-567.0,,343.0
-186.0,-798.0,,32.0,69.0,1832.0,628.0,-589.0,,183.0
-144.0,-888.0,,11.0,18.0,1456.0,596.0,-471.0,,3.0
-10.0,-852.0,,36.0,49.0,1423.0,547.0,-345.0,,-187.0
20.0,-875.0,,35.0,41.0,1765.0,512.0,-454.0,,-336.0
26.0,-854.0,,73.0,34.0,2005.0,462.0,-308.0,,-437.0
-45.0,-819.0,,88.0,80.0,1984.0,440.0,-369.0,,-462.0
-25.0,-785.0,,134.0,37.0,1901.0,448.0,-107.0,,-419.0
235.0,-801.0,,147.0,34.0,1846.0,444.0,-49.0,,-336.0
196.0,-867.0,,89.0,36.0,1970.0,436.0,-114.0,,-220.0
276.0,-657.0,,65.0,-8.0,1807.0,430.0,-46.0,,-107.0
122.0,-465.0,,62.0,39.0,1464.0,437.0,-221.0,,7.0
111.0,-419.0,,97.0,42.0,1362.0,400.0,-97.0,,112.0
172.0,-341.0,,69.0,21.0,1281.0,349.0,-182.0,,213.0
239.0,-175.0,,38.0,39.0,1219.0,306.0,-33.0,,319.0
323.0,-17.0,,18.0,-49.0,1313.0,257.0,151.0,,433.0
47.0,185.0,,-14.0,-96.0,1677.0,259.0,208.0,,556.0
40.0,529.0,,-3.0,-98.0,1976.0,275.0,395.0,,686.0
9.0,656.0,,-1.0,-146.0,2080.0,309.0,203.0,,828.0
122.0,830.0,,10.0,-120.0,2167.0,365.0,299.0,,968.0
53.0,931.0,,6.0,-118.0,2038.0,382.0,201.0,,1099.0
-31.0,768.0,,31.0,-117.0,1850.0,381.0,144.0,,1208.0
-112.0,637.0,,80.0,-54.0,1792.0,345.0,232.0,,1297.0
-280.0,504.0,,61.0,-94.0,1796.0,292.0,168.0,,1354.0
-162.0,387.0,,43.0,-113.0,1621.0,276.0,413.0,,1380.0
-265.0,210.0,,10.0,-93.0,1241.0,305.0,325.0,,1402.0
-172.0,80.0,,-41.0,-104.0,1076.0,350.0,450.0,,1417.0
-283.0,70.0,,-95.0,-6.0,974.0,369.0,443.0,,1441.0
-345.0,18.0,,-96.0,76.0,870.0,355.0,277.0,,1472.0
-309.0,-86.0,,-66.0,126.0,815.0,311.0,389.0,,1489.0
-382.0,-15.0,,-81.0,195.0,876.0,282.0,279.0,,1497.0
-232.0,91.0,,-62.0,141.0,1271.0,268.0,423.0,,1488.0
-346.0,136.0,,-38.0,104.0,1752.0,282.0,325.0,,1452.0
-427.0,255.0,,27.0,137.0,1965.0,308.0,358.0,,1386.0
-375.0,288.0,,64.0,164.0,1842.0,311.0,437.0,,1296.0
-282.0,237.0,,-14.0,263.0,1723.0,319.0,295.0,,1186.0
-338.0,169.0,,-48.0,320.0,1389.0,328.0,391.0,,1043.0
-472.0,-25.0,,-3.0,328.0,984.0,353.0,118.0,,868.0
-423.0,-268.0,,13.0,367.0,774.0,366.0,140.0,,657.0
-462.0,-430.0,,-20.0,301.0,550.0,365.0,160.0,,408.0
-473.0,-484.0,,-48.0,220.0,425.0,349.0,160.0,,134.0
-415.0,-463.0,,-54.0,139.0,256.0,327.0,266.0,,-162.0
-430.0,-572.0,,-67.0,-7.0,244.0,300.0,-1.0,,-454.0
-404.0,-561.0,,-88.0,-59.0,229.0,265.0,62.0,,-725.0
-443.0,-555.0,,-122.0,-88.0,141.0,268.0,-51.0,,-959.0
-370.0,-656.0,,-166.0,-97.0,228.0,300.0,-20.0,,-1159.0
-287.0,-765.0,,-207.0,-30.0,322.0,349.0,-12.0,,-1307.0
-287.0,-819.0,,-227.0,-51.0,313.0,372.0,-182.0,,-1407.0
-333.0,-625.0,,-210.0,-81.0,219.0,361.0,-101.0,,-1462.0
-414.0,-548.0,,-164.0,-67.0,436.0,338.0,-319.0,,-1453.0
-208.0,-333.0,,-139.0,-102.0,696.0,298.0,-243.0,,-1424.0
-171.0,-172.0,,-138.0,-103.0,627.0,264.0,-334.0,,-1371.0
-157.0,-77.0,,-135.0,-102.0,370.0,263.0,-343.0,,-1289.0
-265.0,143.0,,-145.0,-129.0,298.0,292.0,-251.0,,-1200.0
-274.0,127.0,,-144.0,-89.0,540.0,296.0,-415.0,,-1096.0
-181.0,146.0,,-200.0,-96.0,733.0,266.0,-256.0,,-979.0
-190.0,29.0,,-221.0,-96.0,696.0,219.0,-406.0,,-856.0
-142.0,-107.0,,-228.0,-19.0,433.0,158.0,-328.0,,-742.0
-332.0,-169.0,,-304.0,-27.0,308.0,112.0,-223.0,,-654.0
-215.0,-252.0,,-321.0,-6.0,307.0,111.0,-107.0,,-588.0
-212.0,-351.0,,-314.0,31.0,217.0,140.0,223.0,,-550.0
-151.0,-408.0,,-290.0,20.0,79.0,124.0,303.0,,-523.0
-164.0,-192.0,,-305.0,108.0,102.0,110.0,609.0,,-505.0
-199.0,-156.0,,-311.0,154.0,340.0,102.0,554.0,,-505.0
-79.0,-82.0,,-304.0,182.0,520.0,106.0,626.0,,-505.0
-181.0,61.0,,-339.0,274.0,594.0,140.0,689.0,,-506.0
-54.0,144.0,,-415.0,261.0,617.0,115.0,521.0,,-505.0
-2.0,234.0,,-479.0,272.0,774.0,93.0,633.0,,-501.0
186.0,169.0,,-459.0,303.0,852.0,101.0,439.0,,-480.0
117.0,246.0,,-474.0,225.0,847.0,76.0,513.0,,-454.0
135.0,249.0,,-485.0,169.0,936.0,46.0,452.0,,-416.0
238.0,245.0,,-485.0,76.0,1091.0,31.0,450.0,,-356.0
193.0,92.0,,-505.0,-26.0,1389.0,28.0,668.0,,-289.0
357.0,-35.0,,-464.0,-7.0,1578.0,20.0,585.0,,-205.0
360.0,186.0,,-388.0,-25.0,1521.0,5.0,726.0,,-120.0
504.0,120.0,,-292.0,-56.0,1305.0,-3.0,574.0,,-35.0
399.0,32.0,,-231.0,-37.0,1082.0,-20.0,607.0,,27.0
443.0,86.0,,-216.0,-80.0,1022.0,-37.0,539.0,,64.0
472.0,22.0,,-146.0,-96.0,978.0,-45.0,260.0,,71.0
568.0,-140.0,,2.0,-114.0,742.0,-38.0,243.0,,41.0
665.0,-236.0,,127.0,-181.0,682.0,-22.0,-44.0,,14.0
442.0,-330.0,,209.0,-169.0,912.0,-40.0,77.0,,-21.0
575.0,-307.0,,307.0,-157.0,1220.0,-65.0,44.0,,-47.0
394.0,-145.0,,394.0,-137.0,1330.0,-58.0,-81.0,,-74.0
438.0,-163.0,,514.0,-45.0,1272.0,-35.0,-151.0,,-112.0
419.0,-32.0,,524.0,-11.0,1503.0,-26.0,-447.0,,-153.0
438.0,137.0,,419.0,-2.0,1842.0,-39.0,-436.0,,-194.0
491.0,308.0,,384.0,2.0,2126.0,-32.0,-672.0,,-220.0
218.0,413.0,,421.0,-48.0,2239.0,-27.0,-598.0,,-226.0
248.0,380.0,,437.0,-30.0,2341.0,-33.0,-515.0,,-200.0
151.0,377.0,,441.0,-20.0,2400.0,-43.0,-497.0,,-159.0
304.0,339.0,,465.0,-64.0,2107.0,-51.0,-251.0,,-95.0
156.0,242.0,,403.0,-17.0,1558.0,-48.0,-308.0,,-24.0
142.0,-17.0,,380.0,22.0,1141.0,-73.0,-92.0,,47.0
158.0,-161.0,,337.0,16.0,1170.0,-101.0,-131.0,,112.0
68.0,-189.0,,310.0,26.0,1071.0,-128.0,-140.0,,149.0
232.0,-305.0,,329.0,-5.0,735.0,-147.0,-57.0,,151.0
111.0,-491.0,,342.0,-1.0,490.0,-143.0,-84.0,,101.0
162.0,-443.0,,348.0,58.0,555.0,-129.0,145.0,,19.0
69.0,-379.0,,304.0,67.0,990.0,-107.0,38.0,,-93.0
115.0,-520.0,,337.0,80.0,1201.0,-90.0,144.0,,-211.0
-5.0,-538.0,,359.0,79.0,1106.0,-87.0,88.0,,-322.0
2.0,-441.0,,443.0,40.0,1022.0,-126.0,-35.0,,-409.0
102.0,-382.0,,421.0,78.0,1143.0,-176.0,-51.0,,-473.0
18.0,-503.0,,340.0,93.0,1457.0,-222.0,-288.0,,-512.0
-7.0,-448.0,,318.0,65.0,1458.0,-251.0,-81.0,,-504.0
-160.0,-369.0,,183.0,67.0,1241.0,-259.0,-51.0,,-473.0
59.0,-358.0,,110.0,-9.0,1195.0,-255.0,114.0,,-409.0
12.0,-337.0,,78.0,-80.0,1191.0,-221.0,171.0,,-327.0
5.0,-240.0,,84.0,-78.0,1039.0,-208.0,57.0,,-230.0
-56.0,86.0,,115.0,-121.0,853.0,-199.0,151.0,,-107.0
-173.0,190.0,,145.0,-125.0,824.0,-181.0,-66.0,,23.0
-24.0,212.0,,139.0,-88.0,921.0,-168.0,68.0,,145.0
38.0,264.0,,66.0,-114.0,1156.0,-141.0,-7.0,,254.0
-20.0,329.0,,9.0,-101.0,1091.0,-119.0,35.0,,343.0
-238.0,308.0,,-31.0,-72.0,996.0,-115.0,199.0,,416.0
-47.0,267.0,,0.0,-85.0,1199.0,-134.0,7.0,,479.0
62.0,319.0,,65.0,-29.0,1356.0,-171.0,101.0,,523.0
33.0,328.0,,79.0,5.0,1381.0,-186.0,-79.0,,550.0
-41.0,372.0,,91.0,-1.0,1020.0,-177.0,-31.0,,551.0
-69.0,292.0,,131.0,34.0,888.0,-174.0,-83.0,,533.0
106.0,296.0,,138.0,25.0,1130.0,-202.0,-238.0,,500.0
32.0,260.0,,146.0,7.0,1300.0,-246.0,-181.0,,445.0
-17.0,121.0,,172.0,35.0,1302.0,-272.0,-386.0,,382.0
-141.0,14.0,,197.0,38.0,1060.0,-284.0,-194.0,,295.0
-154.0,-157.0,,159.0,43.0,1102.0,-281.0,-216.0,,185.0
-104.0,-76.0,,81.0,60.0,1343.0,-271.0,-153.0,,68.0
-208.0,4.0,,62.0,22.0,1379.0,-258.0,-29.0,,-56.0
-248.0,-89.0,,-17.0,25.0,1302.0,-233.0,-107.0,,-175.0
-230.0,-55.0,,-85.0,45.0,1146.0,-201.0,60.0,,-286.0
-154.0,-4.0,,-103.0,-21.0,976.0,-182.0,-145.0,,-381.0
-275.0,-166.0,,-154.0,-44.0,702.0,-174.0,-138.0,,-465.0
-293.0,-314.0,,-148.0,-40.0,409.0,-165.0,-199.0,,-551.0
-159.0,-210.0,,-178.0,-51.0,333.0,-148.0,-271.0,,-632.0
-58.0,-141.0,,-195.0,-6.0,326.0,-146.0,-206.0,,-723.0
9.0,-207.0,,-145.0,22.0,386.0,-177.0,-426.0,,-830.0
-33.0,-267.0,,-129.0,12.0,441.0,-215.0,-424.0,,-969.0
-101.0,-211.0,,-112.0,-7.0,517.0,-280.0,-661.0,,-1119.0
-105.0,-147.0,,-130.0,-69.0,649.0,-347.0,-641.0,,-1280.0
76.0,-244.0,,-144.0,-117.0,733.0,-391.0,-615.0,,-1456.0
131.0,-277.0,,-152.0,-85.0,734.0,-392.0,-783.0,,-1607.0
-19.0,-213.0,,-200.0,-79.0,549.0,-355.0,-729.0,,-1722.0
-62.0,-176.0,,-216.0,-88.0,302.0,-344.0,-868.0,,-1790.0
-41.0,-230.0,,-234.0,-67.0,-68.0,-338.0,-683.0,,-1801.0
71.0,-341.0,,-276.0,-100.0,-442.0,-338.0,-661.0,,-1747.0
96.0,-292.0,,-287.0,-106.0,-736.0,-336.0,-572.0,,-1633.0
-95.0,-214.0,,-264.0,-71.0,-1082.0,-308.0,-395.0,,-1478.0
-93.0,-249.0,,-235.0,-83.0,-1546.0,-300.0,-358.0,,-1284.0
-96.0,-249.0,,-250.0,-64.0,-2001.0,-292.0,-18.0,,-1072.0
-69.0,-148.0,,-243.0,-30.0,-2097.0,-311.0,-31.0,,-860.0
-39.0,-109.0,,-131.0,-38.0,-2013.0,-361.0,144.0,,-646.0
-38.0,-185.0,,-53.0,1.0,-1926.0,-396.0,179.0,,-430.0
-2.0,-190.0,,-31.0,62.0,-1689.0,-431.0,109.0,,-225.0
56.0,-98.0,,51.0,61.0,-1367.0,-465.0,203.0,,-39.0
141.0,-35.0,,176.0,70.0,-1107.0,-500.0,12.0,,133.0
59.0,-135.0,,258.0,64.0,-878.0,-515.0,234.0,,266.0
201.0,-206.0,,323.0,39.0,-721.0,-504.0,223.0,,349.0
271.0,-137.0,,387.0,68.0,-456.0,-471.0,306.0,,420.0
320.0,-130.0,,380.0,72.0,-292.0,-428.0,389.0,,463.0
308.0,-246.0,,319.0,51.0,-465.0,-378.0,184.0,,501.0
369.0,-372.0,,262.0,65.0,-724.0,-340.0,267.0,,525.0
518.0,-309.0,,200.0,40.0,-1247.0,-330.0,84.0,,517.0
583.0,-194.0,,110.0,0.0,-1714.0,-311.0,131.0,,505.0
631.0,-182.0,,58.0,-10.0,-2095.0,-300.0,9.0,,468.0
524.0,-160.0,,2.0,-84.0,-2547.0,-260.0,-77.0,,427.0
585.0,8.0,,-62.0,-164.0,-2844.0,-214.0,-49.0,,374.0
633.0,52.0,,-41.0,-188.0,-3030.0,-217.0,-347.0,,311.0
663.0,-102.0,,-13.0,-214.0,-3009.0,-232.0,-321.0,,265.0
552.0,-84.0,,1.0,-136.0,-2948.0,-238.0,-591.0,,217.0
503.0,-28.0,,16.0,21.0,-2802.0,-232.0,-618.0,,189.0
514.0,-34.0,,-19.0,114.0,-2450.0,-218.0,-607.0,,199.0
547.0,-103.0,,-58.0,191.0,-1919.0,-176.0,-727.0,,244.0
443.0,-28.0,,-89.0,227.0,-1441.0,-125.0,-598.0,,299.0
376.0,115.0,,-160.0,178.0,-1362.0,-102.0,-818.0,,363.0
362.0,157.0,,-226.0,163.0,-1503.0,-81.0,-657.0,,435.0
317.0,220.0,,-301.0,144.0,-1609.0,-61.0,-561.0,,478.0
348.0,264.0,,-373.0,66.0,-1661.0,-27.0,-439.0,,503.0
169.0,361.0,,-394.0,18.0,-1817.0,0.0,-290.0,,511.0
127.0,299.0,,-401.0,-47.0,-2159.0,0.0,-424.0,,508.0
28.0,262.0,,-429.0,-106.0,-2442.0,-10.0,-310.0,,507.0
152.0,346.0,,-439.0,-60.0,-2362.0,-46.0,-474.0,,488.0
35.0,431.0,,-407.0,-7.0,-2191.0,-82.0,-349.0,,446.0
-99.0,419.0,,-377.0,47.0,-2049.0,-93.0,-312.0,,386.0
-84.0,307.0,,-352.0,152.0,-1794.0,-88.0,-380.0,,321.0
-77.0,401.0,,-372.0,195.0,-1506.0,-96.0,-214.0,,246.0
-91.0,486.0,,-369.0,208.0,-1260.0,-113.0,-315.0,,169.0
-257.0,526.0,,-320.0,256.0,-1229.0,-132.0,-114.0,,102.0
-123.0,592.0,,-330.0,260.0,-1141.0,-116.0,-182.0,,25.0
-202.0,724.0,,-289.0,267.0,-815.0,-87.0,-136.0,,-52.0
-143.0,872.0,,-204.0,272.0,-580.0,-97.0,-36.0,,-136.0
-260.0,882.0,,-147.0,192.0,-590.0,-115.0,-123.0,,-216.0
-324.0,761.0,,-65.0,153.0,-670.0,-126.0,75.0,,-295.0
-256.0,717.0,,-20.0,137.0,-736.0,-126.0,-24.0,,-367.0
-328.0,729.0,,65.0,64.0,-769.0,-145.0,168.0,,-424.0
-365.0,535.0,,143.0,28.0,-604.0,-183.0,162.0,,-469.0
-456.0,310.0,,159.0,-29.0,-213.0,-219.0,101.0,,-503.0
-343.0,86.0,,190.0,-104.0,83.0,-248.0,192.0,,-522.0
-372.0,-27.0,,143.0,-82.0,135.0,-269.0,-1.0,,-512.0
-303.0,-120.0,,125.0,-46.0,245.0,-295.0,184.0,,-509.0
-326.0,-250.0,,128.0,-2.0,374.0,-311.0,92.0,,-509.0
-400.0,-169.0,,76.0,81.0,452.0,-317.0,171.0,,-518.0
-263.0,-4.0,,41.0,82.0,524.0,-316.0,273.0,,-572.0
-271.0,72.0,,74.0,23.0,475.0,-310.0,166.0,,-668.0
-155.0,153.0,,153.0,-19.0,306.0,-296.0,288.0,,-803.0
-154.0,319.0,,153.0,-83.0,171.0,-284.0,105.0,,-946.0
-129.0,321.0,,172.0,-99.0,348.0,-296.0,175.0,,-1113.0
2.0,178.0,,233.0,-69.0,724.0,-333.0,14.0,,-1286.0
-66.0,-69.0,,228.0,-87.0,1183.0,-358.0,-86.0,,-1425.0
92.0,-158.0,,188.0,-78.0,1669.0,-339.0,-44.0,,-1530.0
16.0,-191.0,,124.0,-64.0,1921.0,-315.0,-144.0,,-1586.0
141.0,-387.0,,96.0,-76.0,2218.0,-282.0,123.0,,-1577.0
38.0,-283.0,,35.0,-26.0,2659.0,-257.0,9.0,,-1493.0
-97.0,-141.0,,-38.0,-15.0,2805.0,-252.0,131.0,,-1354.0
27.0,-81.0,,-34.0,-58.0,2460.0,-236.0,221.0,,-1197.0
-211.0,-83.0,,-73.0,-52.0,1918.0,-242.0,206.0,,-1022.0
-3.0,-69.0,,-83.0,-66.0,1569.0,-241.0,328.0,,-847.0
-155.0,50.0,,-143.0,-74.0,1166.0,-240.0,186.0,,-681.0
-66.0,-45.0,,-234.0,-26.0,571.0,-235.0,410.0,,-516.0
-143.0,-73.0,,-326.0,0.0,272.0,-213.0,354.0,,-394.0
-150.0,42.0,,-467.0,71.0,235.0,-225.0,402.0,,-315.0
-122.0,154.0,,-544.0,156.0,329.0,-227.0,393.0,,-269.0
-352.0,247.0,,-619.0,121.0,692.0,-243.0,181.0,,-243.0
-8.0,299.0,,-717.0,64.0,1075.0,-268.0,297.0,,-228.0
-207.0,387.0,,-834.0,8.0,1508.0,-247.0,73.0,,-220.0
-201.0,464.0,,-855.0,-84.0,2005.0,-229.0,68.0,,-192.0
-331.0,396.0,,-899.0,-113.0,2375.0,-214.0,-55.0,,-171.0
-281.0,297.0,,-857.0,-132.0,2384.0,-211.0,-103.0,,-151.0
-218.0,369.0,,-772.0,-157.0,2013.0,-201.0,44.0,,-106.0
-343.0,268.0,,-789.0,-110.0,1611.0,-163.0,7.0,,-41.0
-167.0,43.0,,-653.0,-76.0,1237.0,-155.0,291.0,,32.0
-347.0,-44.0,,-566.0,-41.0,927.0,-159.0,303.0,,126.0
-378.0,33.0,,-474.0,23.0,540.0,-137.0,524.0,,236.0
-368.0,158.0,,-404.0,4.0,274.0,-91.0,705.0,,348.0
-280.0,-7.0,,-442.0,-36.0,194.0,-42.0,764.0,,466.0
-294.0,-89.0,,-463.0,-42.0,264.0,-3.0,958.0,,582.0
-478.0,41.0,,-472.0,-71.0,408.0,29.0,776.0,,710.0
-442.0,145.0,,-467.0,-51.0,258.0,62.0,853.0,,839.0
-426.0,162.0,,-484.0,-18.0,157.0,89.0,718.0,,961.0
-475.0,5.0,,-463.0,-44.0,22.0,110.0,752.0,,1063.0
-464.0,35.0,,-467.0,-10.0,-66.0,126.0,859.0,,1139.0
-571.0,156.0,,-452.0,27.0,-51.0,131.0,750.0,,1194.0
-524.0,-4.0,,-420.0,27.0,-31.0,130.0,970.0,,1208.0
-569.0,-123.0,,-391.0,67.0,151.0,99.0,921.0,,1202.0
-514.0,-44.0,,-332.0,71.0,109.0,81.0,1116.0,,1172.0
-535.0,27.0,,-328.0,79.0,-108.0,65.0,1165.0,,1099.0
-574.0,1.0,,-313.0,148.0,-353.0,51.0,1169.0,,1002.0
-481.0,25.0,,-299.0,173.0,-477.0,72.0,1317.0,,890.0
-687.0,206.0,,-314.0,192.0,-500.0,89.0,1169.0,,745.0
-569.0,368.0,,-343.0,232.0,-735.0,122.0,1254.0,,581.0
-608.0,457.0,,-339.0,212.0,-1106.0,146.0,1001.0,,400.0
-489.0,411.0,,-320.0,205.0,-1233.0,176.0,912.0,,197.0
-561.0,446.0,,-260.0,190.0,-1188.0,191.0,890.0,,1.0
-620.0,560.0,,-155.0,129.0,-1114.0,165.0,753.0,,-193.0
-565.0,382.0,,-138.0,149.0,-876.0,158.0,831.0,,-392.0
-633.0,161.0,,-97.0,172.0,-669.0,132.0,532.0,,-571.0
-410.0,252.0,,-77.0,160.0,-429.0,109.0,463.0,,-714.0
-588.0,372.0,,-87.0,189.0,-303.0,95.0,260.0,,-814.0
-519.0,125.0,,-57.0,164.0,-303.0,56.0,73.0,,-867.0
-569.0,18.0,,-49.0,118.0,-373.0,-24.0,22.0,,-872.0
-499.0,195.0,,-87.0,93.0,-656.0,-102.0,-188.0,,-849.0
-510.0,269.0,,-142.0,-6.0,-898.0,-112.0,-64.0,,-817.0
-613.0,158.0,,-177.0,-82.0,-1034.0,-123.0,-86.0,,-791.0
-480.0,31.0,,-182.0,-99.0,-1060.0,-154.0,188.0,,-767.0
-534.0,105.0,,-173.0,-140.0,-1053.0,-195.0,391.0,,-745.0
-363.0,49.0,,-250.0,-121.0,-987.0,-252.0,473.0,,-731.0
-504.0,-44.0,,-310.0,-85.0,-648.0,-280.0,678.0,,-714.0
-404.0,-138.0,,-327.0,-89.0,-231.0,-268.0,563.0,,-687.0
-457.0,-194.0,,-349.0,-57.0,82.0,-246.0,787.0,,-665.0
-345.0,-121.0,,-377.0,-66.0,292.0,-236.0,759.0,,-634.0
-267.0,-64.0,,-440.0,-113.0,375.0,-230.0,763.0,,-589.0
-347.0,68.0,,-432.0,-92.0,529.0,-246.0,818.0,,-554.0
-87.0,185.0,,-425.0,-101.0,416.0,-259.0,637.0,,-524.0
-210.0,265.0,,-442.0,-128.0,-68.0,-233.0,703.0,,-495.0
6.0,356.0,,-376.0,-107.0,-400.0,-232.0,515.0,,-488.0
-186.0,540.0,,-345.0,-127.0,-498.0,-271.0,602.0,,-498.0
67.0,473.0,,-366.0,-150.0,-450.0,-303.0,606.0,,-513.0
109.0,424.0,,-352.0,-159.0,-500.0,-305.0,569.0,,-531.0
22.0,413.0,,-318.0,-225.0,-550.0,-300.0,691.0,,-524.0
248.0,196.0,,-329.0,-252.0,-390.0,-288.0,572.0,,-486.0
0.0,159.0,,-346.0,-217.0,-157.0,-268.0,820.0,,-418.0
306.0,-54.0,,-344.0,-187.0,78.0,-253.0,853.0,,-317.0
132.0,-204.0,,-352.0,-120.0,141.0,-243.0,1006.0,,-186.0
427.0,-196.0,,-349.0,-70.0,201.0,-242.0,1060.0,,-35.0
269.0,-172.0,,-318.0,-89.0,433.0,-227.0,829.0,,104.0
269.0,-201.0,,-239.0,-93.0,496.0,-191.0,864.0,,224.0
519.0,-241.0,,-171.0,-117.0,337.0,-96.0,648.0,,316.0
412.0,-14.0,,-86.0,-160.0,135.0,-16.0,694.0,,369.0
628.0,263.0,,-28.0,-137.0,47.0,-6.0,585.0,,387.0
354.0,322.0,,55.0,-120.0,10.0,-15.0,532.0,,384.0
667.0,176.0,,149.0,-128.0,-98.0,-51.0,613.0,,375.0
484.0,351.0,,177.0,-110.0,-162.0,-73.0,419.0,,350.0
727.0,363.0,,214.0,-108.0,-404.0,-105.0,480.0,,314.0
715.0,187.0,,257.0,-107.0,-518.0,-144.0,286.0,,286.0
591.0,190.0,,303.0,-68.0,-578.0,-172.0,388.0,,235.0
717.0,218.0,,233.0,-41.0,-993.0,-192.0,463.0,,169.0
540.0,288.0,,209.0,-26.0,-1281.0,-155.0,423.0,,99.0
703.0,135.0,,180.0,8.0,-1487.0,-90.0,639.0,,9.0
366.0,119.0,,101.0,20.0,-1631.0,-29.0,532.0,,-75.0
601.0,191.0,,120.0,48.0,-1732.0,26.0,655.0,,-169.0
403.0,210.0,,93.0,107.0,-1766.0,56.0,526.0,,-278.0
350.0,93.0,,58.0,126.0,-1577.0,62.0,413.0,,-379.0
223.0,-91.0,,9.0,112.0,-1460.0,67.0,382.0,,-476.0
121.0,-30.0,,-21.0,72.0,-1456.0,74.0,186.0,,-570.0
238.0,-89.0,,-33.0,4.0,-1462.0,84.0,338.0,,-640.0
44.0,-296.0,,19.0,-27.0,-1461.0,63.0,242.0,,-677.0
170.0,-497.0,,90.0,-19.0,-1515.0,33.0,349.0,,-688.0
-3.0,-404.0,,116.0,-27.0,-1595.0,25.0,271.0,,-665.0
174.0,-232.0,,183.0,-19.0,-1777.0,34.0,35.0,,-633.0
-5.0,-320.0,,186.0,-6.0,-2035.0,36.0,3.0,,-603.0
61.0,-296.0,,215.0,-45.0,-2268.0,24.0,-242.0,,-559.0
26.0,-133.0,,297.0,-71.0,-2307.0,32.0,-140.0,,-509.0
129.0,64.0,,314.0,-81.0,-2111.0,37.0,-279.0,,-438.0
332.0,86.0,,273.0,-105.0,-1948.0,71.0,-230.0,,-334.0
51.0,-19.0,,268.0,-99.0,-1674.0,107.0,-72.0,,-227.0
124.0,106.0,,282.0,-84.0,-1145.0,134.0,-197.0,,-118.0
61.0,392.0,,285.0,-87.0,-504.0,152.0,-127.0,,-5.0
355.0,548.0,,333.0,-65.0,-302.0,123.0,-349.0,,92.0
229.0,508.0,,375.0,-35.0,-472.0,114.0,-275.0,,181.0
259.0,571.0,,390.0,3.0,-663.0,96.0,-266.0,,263.0
203.0,775.0,,393.0,70.0,-890.0,90.0,-179.0,,334.0
150.0,778.0,,453.0,78.0,-920.0,111.0,66.0,,400.0
335.0,578.0,,473.0,55.0,-943.0,82.0,5.0,,459.0
82.0,500.0,,460.0,99.0,-927.0,58.0,260.0,,497.0
230.0,355.0,,504.0,129.0,-766.0,62.0,203.0,,522.0
138.0,162.0,,490.0,130.0,-446.0,67.0,245.0,,522.0
223.0,35.0,,498.0,169.0,12.0,57.0,240.0,,494.0
187.0,-220.0,,551.0,187.0,306.0,41.0,153.0,,435.0
178.0,-332.0,,585.0,179.0,553.0,23.0,447.0,,331.0
234.0,-331.0,,559.0,145.0,792.0,12.0,408.0,,213.0
77.0,-352.0,,502.0,29.0,874.0,43.0,495.0,,82.0
144.0,-452.0,,497.0,-63.0,874.0,63.0,319.0,,-47.0
15.0,-514.0,,487.0,-96.0,792.0,60.0,142.0,,-170.0
155.0,-364.0,,497.0,-127.0,819.0,59.0,158.0,,-288.0
80.0,-250.0,,504.0,-83.0,985.0,53.0,72.0,,-392.0
2.0,-131.0,,518.0,-2.0,1002.0,67.0,306.0,,-501.0
15.0,61.0,,515.0,22.0,992.0,46.0,177.0,,-582.0
-80.0,238.0,,510.0,62.0,968.0,30.0,144.0,,-639.0
-66.0,308.0,,561.0,92.0,898.0,9.0,-18.0,,-684.0
-119.0,288.0,,633.0,82.0,709.0,-31.0,-367.0,,-714.0
-27.0,235.0,,698.0,115.0,515.0,18.0,-526.0,,-755.0
-191.0,131.0,,710.0,128.0,352.0,65.0,-929.0,,-799.0
-275.0,-37.0,,733.0,95.0,101.0,102.0,-946.0,,-842.0
-276.0,-225.0,,705.0,108.0,66.0,122.0,-1127.0,,-893.0
-218.0,-302.0,,671.0,109.0,199.0,98.0,-1263.0,,-934.0
-172.0,-488.0,,667.0,85.0,539.0,73.0,-1280.0,,-968.0
-297.0,-601.0,,671.0,67.0,721.0,32.0,-1404.0,,-995.0
-271.0,-510.0,,681.0,-19.0,707.0,50.0,-1167.0,,-1011.0
-264.0,-605.0,,579.0,-127.0,851.0,95.0,-1119.0,,-1017.0
-131.0,-635.0,,525.0,-172.0,1040.0,101.0,-833.0,,-1027.0
-190.0,-551.0,,496.0,-203.0,1247.0,76.0,-744.0,,-1038.0
-262.0,-451.0,,483.0,-210.0,1224.0,43.0,-709.0,,-1047.0
-239.0,-350.0,,495.0,-197.0,1250.0,27.0,-604.0,,-1048.0
-51.0,-330.0,,468.0,-227.0,1346.0,25.0,-920.0,,-1021.0
63.0,-186.0,,518.0,-241.0,1278.0,52.0,-936.0,,-975.0
-88.0,-143.0,,489.0,-223.0,1032.0,58.0,-1073.0,,-903.0
-30.0,-154.0,,446.0,-225.0,871.0,45.0,-962.0,,-809.0
-22.0,-46.0,,463.0,-188.0,1074.0,40.0,-916.0,,-702.0
117.0,155.0,,456.0,-142.0,1195.0,34.0,-1021.0,,-595.0
93.0,330.0,,491.0,-139.0,1062.0,34.0,-825.0,,-515.0
100.0,307.0,,501.0,-108.0,840.0,29.0,-933.0,,-448.0
62.0,322.0,,421.0,-91.0,843.0,14.0,-787.0,,-417.0
25.0,276.0,,352.0,-129.0,915.0,-3.0,-894.0,,-409.0
121.0,316.0,,344.0,-136.0,868.0,-6.0,-957.0,,-425.0
-6.0,252.0,,330.0,-141.0,909.0,-1.0,-886.0,,-461.0
150.0,-20.0,,312.0,-154.0,975.0,21.0,-1040.0,,-484.0
192.0,-100.0,,300.0,-112.0,1177.0,44.0,-798.0,,-519.0
265.0,-132.0,,286.0,-67.0,1292.0,39.0,-857.0,,-561.0
112.0,-169.0,,246.0,-47.0,1193.0,75.0,-763.0,,-610.0
23.0,-357.0,,186.0,-29.0,1231.0,119.0,-812.0,,-665.0
181.0,-421.0,,121.0,-55.0,1398.0,110.0,-1038.0,,-718.0
175.0,-371.0,,73.0,-81.0,1707.0,79.0,-927.0,,-759.0
225.0,-434.0,,13.0,-57.0,1884.0,53.0,-1003.0,,-782.0
113.0,-570.0,,-27.0,-56.0,1665.0,28.0,-746.0,,-798.0
172.0,-590.0,,-53.0,-61.0,1441.0,24.0,-726.0,,-792.0
191.0,-206.0,,-88.0,-44.0,1266.0,35.0,-679.0,,-774.0
303.0,39.0,,-10.0,-72.0,1097.0,20.0,-646.0,,-726.0
198.0,132.0,,64.0,-83.0,878.0,-15.0,-914.0,,-647.0
122.0,307.0,,106.0,-4.0,523.0,-64.0,-899.0,,-546.0
216.0,523.0,,165.0,98.0,438.0,-84.0,-1158.0,,-421.0
259.0,700.0,,242.0,199.0,563.0,-90.0,-1119.0,,-288.0
347.0,620.0,,330.0,265.0,722.0,-88.0,-1141.0,,-152.0
175.0,324.0,,396.0,252.0,721.0,-82.0,-1219.0,,-14.0
261.0,122.0,,423.0,220.0,505.0,-102.0,-1132.0,,118.0
217.0,-13.0,,453.0,174.0,471.0,-119.0,-1334.0,,235.0
340.0,-288.0,,521.0,90.0,408.0,-121.0,-1171.0,,358.0
321.0,-377.0,,557.0,36.0,252.0,-76.0,-1223.0,,469.0
245.0,-408.0,,622.0,21.0,133.0,-16.0,-1152.0,,560.0
328.0,-324.0,,688.0,20.0,96.0,3.0,-1049.0,,646.0
224.0,-134.0,,733.0,84.0,150.0,-5.0,-1101.0,,722.0
331.0,-2.0,,770.0,142.0,43.0,-35.0,-947.0,,786.0
182.0,328.0,,736.0,139.0,-179.0,-66.0,-1130.0,,844.0
294.0,504.0,,702.0,160.0,-146.0,-90.0,-990.0,,893.0
307.0,405.0,,678.0,163.0,-22.0,-81.0,-1045.0,,932.0
267.0,219.0,,643.0,134.0,-230.0,-71.0,-1117.0,,971.0
272.0,140.0,,669.0,137.0,-242.0,-93.0,-1071.0,,999.0
155.0,279.0,,696.0,142.0,-16.0,-90.0,-1328.0,,1029.0
180.0,193.0,,674.0,126.0,233.0,-70.0,-1245.0,,1048.0
75.0,-81.0,,612.0,112.0,272.0,-56.0,-1444.0,,1066.0
152.0,-70.0,,592.0,34.0,20.0,-30.0,-1387.0,,1081.0
136.0,108.0,,657.0,-64.0,56.0,-9.0,-1310.0,,1080.0
160.0,191.0,,705.0,-92.0,191.0,3.0,-1365.0,,1099.0
207.0,138.0,,714.0,-110.0,338.0,-2.0,-1186.0,,1109.0
202.0,150.0,,698.0,-42.0,392.0,-21.0,-1346.0,,1091.0
175.0,298.0,,726.0,29.0,348.0,-59.0,-1164.0,,1038.0
183.0,308.0,,780.0,93.0,507.0,-93.0,-1136.0,,939.0
286.0,182.0,,755.0,169.0,731.0,-91.0,-1093.0,,808.0
374.0,102.0,,707.0,175.0,791.0,-82.0,-1005.0,,643.0
346.0,134.0,,711.0,195.0,689.0,-56.0,-1114.0,,452.0
233.0,139.0,,653.0,167.0,562.0,-6.0,-864.0,,254.0
263.0,72.0,,591.0,159.0,540.0,17.0,-910.0,,58.0
378.0,-5.0,,581.0,143.0,640.0,4.0,-729.0,,-123.0
510.0,-10.0,,511.0,153.0,603.0,-17.0,-648.0,,-283.0
348.0,119.0,,422.0,182.0,390.0,4.0,-587.0,,-404.0
356.0,38.0,,409.0,166.0,-81.0,34.0,-232.0,,-481.0
428.0,-232.0,,417.0,189.0,-490.0,30.0,-260.0,,-531.0
500.0,-276.0,,395.0,174.0,-668.0,26.0,-42.0,,-557.0
517.0,-182.0,,400.0,191.0,-995.0,24.0,-123.0,,-557.0
394.0,-256.0,,341.0,180.0,-1285.0,24.0,-205.0,,-546.0
464.0,-455.0,,302.0,141.0,-1356.0,6.0,-273.0,,-516.0
406.0,-438.0,,268.0,55.0,-1208.0,4.0,-522.0,,-472.0
390.0,-251.0,,200.0,-26.0,-1201.0,5.0,-382.0,,-446.0
304.0,-201.0,,169.0,-58.0,-1483.0,0.0,-473.0,,-435.0
294.0,-253.0,,64.0,-110.0,-1572.0,3.0,-308.0,,-449.0
292.0,-162.0,,-17.0,-99.0,-1558.0,-10.0,-365.0,,-496.0
208.0,91.0,,-56.0,-175.0,-1769.0,28.0,-487.0,,-556.0
247.0,151.0,,-110.0,-200.0,-2191.0,81.0,-469.0,,-632.0
190.0,89.0,,-154.0,-193.0,-2352.0,122.0,-750.0,,-724.0
225.0,118.0,,-209.0,-211.0,-2092.0,150.0,-655.0,,-830.0
217.0,191.0,,-259.0,-150.0,-1912.0,124.0,-794.0,,-936.0
130.0,247.0,,-315.0,-162.0,-1732.0,110.0,-709.0,,-1046.0
124.0,144.0,,-343.0,-130.0,-1581.0,108.0,-631.0,,-1156.0
104.0,-6.0,,-339.0,-43.0,-1308.0,114.0,-694.0,,-1244.0
234.0,-59.0,,-316.0,2.0,-1164.0,125.0,-530.0,,-1309.0
129.0,-49.0,,-284.0,61.0,-1598.0,141.0,-620.0,,-1347.0
118.0,-178.0,,-249.0,95.0,-1805.0,157.0,-371.0,,-1347.0
184.0,-324.0,,-162.0,74.0,-1713.0,178.0,-399.0,,-1314.0
151.0,-276.0,,-107.0,89.0,-1627.0,208.0,-352.0,,-1241.0
191.0,-190.0,,-51.0,77.0,-1603.0,232.0,-310.0,,-1125.0
6.0,-199.0,,-33.0,56.0,-1584.0,280.0,-569.0,,-985.0
168.0,-248.0,,-48.0,117.0,-1455.0,318.0,-467.0,,-830.0
32.0,-122.0,,-44.0,90.0,-1375.0,333.0,-580.0,,-670.0
61.0,1.0,,-70.0,81.0,-1398.0,346.0,-321.0,,-508.0
-1.0,-30.0,,-72.0,77.0,-1304.0,358.0,-151.0,,-354.0
-77.0,21.0,,-106.0,5.0,-1078.0,400.0,-66.0,,-208.0
-5.0,176.0,,-150.0,22.0,-1164.0,431.0,177.0,,-67.0
-226.0,315.0,,-191.0,12.0,-1408.0,438.0,125.0,,56.0
88.0,421.0,,-199.0,-1.0,-1542.0,438.0,338.0,,158.0
-16.0,463.0,,-165.0,19.0,-1488.0,462.0,199.0,,244.0
76.0,512.0,,-188.0,-61.0,-1287.0,488.0,173.0,,317.0
-56.0,596.0,,-212.0,-87.0,-966.0,457.0,147.0,,373.0
2.0,602.0,,-203.0,-55.0,-568.0,431.0,29.0,,421.0
70.0,463.0,,-232.0,-64.0,-154.0,426.0,192.0,,447.0
23.0,255.0,,-238.0,-10.0,163.0,445.0,31.0,,448.0
218.0,171.0,,-220.0,-10.0,50.0,460.0,243.0,,440.0
5.0,116.0,,-207.0,-43.0,-313.0,456.0,303.0,,419.0
203.0,19.0,,-185.0,5.0,-755.0,462.0,308.0,,388.0
-10.0,-109.0,,-194.0,-7.0,-1076.0,448.0,376.0,,355.0
104.0,-101.0,,-160.0,4.0,-1268.0,446.0,201.0,,309.0
29.0,75.0,,-155.0,43.0,-1586.0,439.0,432.0,,261.0
181.0,106.0,,-194.0,-15.0,-1903.0,451.0,445.0,,231.0
101.0,85.0,,-207.0,-31.0,-1846.0,501.0,630.0,,221.0
-102.0,143.0,,-229.0,-62.0,-1375.0,538.0,713.0,,248.0
11.0,285.0,,-295.0,-114.0,-924.0,537.0,589.0,,294.0
-203.0,346.0,,-349.0,-57.0,-417.0,494.0,602.0,,340.0
31.0,260.0,,-370.0,-38.0,104.0,424.0,317.0,,384.0
-300.0,221.0,,-451.0,-9.0,396.0,348.0,356.0,,402.0
-90.0,292.0,,-539.0,43.0,483.0,294.0,243.0,,403.0
-319.0,362.0,,-584.0,-5.0,323.0,263.0,291.0,,391.0
-226.0,256.0,,-621.0,-18.0,327.0,263.0,378.0,,350.0
-248.0,187.0,,-692.0,-35.0,342.0,277.0,181.0,,290.0
-372.0,254.0,,-712.0,-92.0,174.0,294.0,351.0,,207.0
-96.0,262.0,,-706.0,-76.0,323.0,312.0,249.0,,101.0
-359.0,195.0,,-708.0,-106.0,504.0,335.0,297.0,,-17.0
-19.0,128.0,,-690.0,-132.0,609.0,358.0,243.0,,-142.0
-395.0,103.0,,-663.0,-69.0,590.0,380.0,181.0,,-260.0
-17.0,89.0,,-640.0,-74.0,274.0,389.0,354.0,,-379.0
-108.0,13.0,,-640.0,-70.0,-12.0,359.0,310.0,,-492.0
-72.0,-91.0,,-626.0,-59.0,-403.0,313.0,539.0,,-578.0
66.0,-124.0,,-646.0,-94.0,-856.0,246.0,480.0,,-652.0
-44.0,-49.0,,-608.0,-23.0,-1045.0,190.0,574.0,,-705.0
363.0,72.0,,-590.0,38.0,-1099.0,160.0,565.0,,-721.0
61.0,122.0,,-604.0,68.0,-913.0,131.0,327.0,,-712.0
409.0,205.0,,-576.0,129.0,-506.0,97.0,391.0,,-669.0
173.0,332.0,,-584.0,90.0,-148.0,61.0,171.0,,-618.0
389.0,359.0,,-625.0,71.0,297.0,31.0,269.0,,-568.0
323.0,248.0,,-723.0,79.0,550.0,19.0,162.0,,-520.0
269.0,99.0,,-798.0,5.0,662.0,54.0,99.0,,-493.0
452.0,39.0,,-875.0,0.0,770.0,105.0,260.0,,-470.0
303.0,-55.0,,-892.0,-2.0,542.0,155.0,245.0,,-459.0
520.0,-251.0,,-871.0,-24.0,163.0,191.0,533.0,,-458.0
224.0,-367.0,,-879.0,25.0,-202.0,211.0,528.0,,-459.0
484.0,-287.0,,-794.0,-16.0,-511.0,219.0,739.0,,-458.0
334.0,-250.0,,-728.0,-77.0,-834.0,204.0,822.0,,-468.0
487.0,-260.0,,-627.0,-101.0,-1132.0,186.0,752.0,,-492.0
548.0,-199.0,,-478.0,-199.0,-1334.0,162.0,805.0,,-538.0
543.0,-65.0,,-351.0,-210.0,-1602.0,131.0,535.0,,-622.0
584.0,59.0,,-203.0,-174.0,-1873.0,83.0,702.0,,-721.0
340.0,20.0,,-50.0,-183.0,-1955.0,37.0,750.0,,-828.0
583.0,-14.0,,84.0,-144.0,-1921.0,9.0,933.0,,-939.0
496.0,55.0,,168.0,-165.0,-1880.0,8.0,1151.0,,-1029.0
736.0,95.0,,213.0,-196.0,-1715.0,31.0,1104.0,,-1092.0
619.0,-73.0,,213.0,-150.0,-1495.0,24.0,1302.0,,-1122.0
623.0,-302.0,,222.0,-157.0,-1431.0,3.0,1143.0,,-1116.0
625.0,-243.0,,205.0,-112.0,-1517.0,-12.0,1201.0,,-1067.0
610.0,-89.0,,183.0,-20.0,-1581.0,-18.0,1114.0,,-979.0
851.0,-214.0,,235.0,-1.0,-1619.0,-9.0,992.0,,-845.0
698.0,-251.0,,251.0,59.0,-1533.0,-17.0,1108.0,,-676.0
881.0,-83.0,,249.0,88.0,-1377.0,-54.0,958.0,,-508.0
769.0,-53.0,,314.0,98.0,-1161.0,-103.0,1079.0,,-340.0
756.0,-49.0,,348.0,189.0,-834.0,-133.0,833.0,,-171.0
677.0,-44.0,,351.0,193.0,-661.0,-158.0,679.0,,-31.0
645.0,-35.0,,401.0,174.0,-490.0,-168.0,561.0,,53.0
852.0,-87.0,,417.0,186.0,-388.0,-182.0,258.0,,92.0
682.0,-199.0,,430.0,132.0,-417.0,-259.0,254.0,,90.0
672.0,-333.0,,431.0,130.0,-523.0,-326.0,-35.0,,51.0
529.0,-473.0,,426.0,141.0,-852.0,-362.0,7.0,,-2.0
653.0,-505.0,,462.0,101.0,-1127.0,-353.0,-16.0,,-56.0
675.0,-519.0,,501.0,121.0,-1318.0,-302.0,5.0,,-95.0
564.0,-493.0,,539.0,109.0,-1487.0,-272.0,162.0,,-118.0
621.0,-425.0,,527.0,83.0,-1535.0,-278.0,116.0,,-135.0
584.0,-369.0,,511.0,118.0,-1500.0,-330.0,448.0,,-151.0
666.0,-235.0,,494.0,90.0,-1327.0,-380.0,491.0,,-167.0
458.0,34.0,,480.0,74.0,-1037.0,-409.0,650.0,,-183.0
523.0,104.0,,510.0,82.0,-822.0,-412.0,654.0,,-190.0
525.0,38.0,,487.0,24.0,-599.0,-411.0,539.0,,-196.0
543.0,189.0,,404.0,23.0,-346.0,-415.0,628.0,,-199.0
423.0,282.0,,335.0,3.0,-177.0,-409.0,373.0,,-205.0
266.0,236.0,,258.0,-59.0,-67.0,-388.0,522.0,,-215.0
425.0,140.0,,134.0,-29.0,-244.0,-371.0,517.0,,-239.0
231.0,182.0,,31.0,-22.0,-365.0,-409.0,611.0,,-275.0
204.0,316.0,,-15.0,-20.0,-269.0,-435.0,735.0,,-341.0
89.0,276.0,,-32.0,41.0,-176.0,-469.0,572.0,,-449.0
172.0,209.0,,-40.0,36.0,17.0,-503.0,740.0,,-583.0
95.0,159.0,,-20.0,47.0,73.0,-495.0,598.0,,-741.0
16.0,112.0,,-5.0,91.0,95.0,-476.0,655.0,,-899.0
69.0,-1.0,,-16.0,60.0,142.0,-423.0,609.0,,-1044.0
-21.0,-37.0,,23.0,77.0,63.0,-397.0,537.0,,-1164.0
72.0,59.0,,52.0,101.0,-10.0,-412.0,657.0,,-1235.0
-35.0,109.0,,40.0,54.0,11.0,-444.0,489.0,,-1257.0
-80.0,88.0,,0.0,42.0,55.0,-490.0,663.0,,-1210.0
-46.0,10.0,,-59.0,7.0,164.0,-523.0,596.0,,-1114.0
119.0,37.0,,-93.0,-45.0,406.0,-519.0,726.0,,-982.0
90.0,76.0,,-131.0,-36.0,517.0,-458.0,868.0,,-813.0
47.0,64.0,,-128.0,-62.0,621.0,-400.0,763.0,,-634.0
-3.0,-102.0,,-83.0,-86.0,942.0,-381.0,994.0,,-452.0
46.0,-150.0,,-73.0,-56.0,1335.0,-394.0,855.0,,-283.0
13.0,-4.0,,-124.0,-77.0,1517.0,-416.0,872.0,,-145.0
97.0,-53.0,,-197.0,-95.0,1527.0,-409.0,707.0,,-37.0
157.0,-55.0,,-230.0,-70.0,1665.0,-384.0,528.0,,25.0
-18.0,-58.0,,-256.0,-86.0,1770.0,-342.0,498.0,,56.0
8.0,-1.0,,-254.0,-70.0,1653.0,-305.0,243.0,,48.0
-174.0,0.0,,-227.0,-19.0,1326.0,-281.0,315.0,,10.0
33.0,-158.0,,-222.0,-19.0,991.0,-244.0,92.0,,-52.0
-174.0,-117.0,,-160.0,35.0,902.0,-230.0,136.0,,-137.0
-118.0,-35.0,,-137.0,127.0,810.0,-255.0,169.0,,-222.0
-260.0,8.0,,-173.0,179.0,578.0,-298.0,94.0,,-309.0
-369.0,-62.0,,-173.0,242.0,467.0,-326.0,284.0,,-378.0
-285.0,-230.0,,-206.0,262.0,342.0,-329.0,86.0,,-445.0
-532.0,-222.0,,-238.0,244.0,238.0,-319.0,195.0,,-481.0
-283.0,-168.0,,-265.0,238.0,400.0,-289.0,86.0,,-488.0
-589.0,-262.0,,-241.0,140.0,701.0,-282.0,42.0,,-480.0
-244.0,-262.0,,-197.0,-6.0,1067.0,-285.0,188.0,,-439.0
-608.0,-143.0,,-184.0,-71.0,1291.0,-278.0,177.0,,-401.0
-570.0,-72.0,,-120.0,-124.0,1404.0,-244.0,443.0,,-370.0
-396.0,0.0,,-72.0,-161.0,1591.0,-177.0,352.0,,-366.0
-525.0,61.0,,-22.0,-121.0,1745.0,-138.0,430.0,,-395.0
-271.0,200.0,,5.0,-67.0,1708.0,-112.0,304.0,,-456.0
-667.0,224.0,,-34.0,-1.0,1528.0,-114.0,107.0,,-535.0
-257.0,233.0,,-88.0,86.0,1435.0,-135.0,118.0,,-613.0
-585.0,372.0,,-93.0,122.0,1429.0,-127.0,-127.0,,-693.0
-374.0,295.0,,-54.0,156.0,1469.0,-135.0,-29.0,,-758.0
-604.0,279.0,,-48.0,196.0,1559.0,-147.0,-140.0,,-805.0
-474.0,341.0,,9.0,158.0,1760.0,-137.0,-49.0,,-838.0
-319.0,322.0,,78.0,119.0,1992.0,-152.0,90.0,,-853.0
-612.0,266.0,,106.0,128.0,2174.0,-148.0,70.0,,-850.0
-299.0,225.0,,156.0,101.0,2299.0,-127.0,242.0,,-840.0
-798.0,182.0,,197.0,70.0,2410.0,-97.0,86.0,,-815.0
-308.0,2.0,,210.0,79.0,2426.0,-55.0,269.0,,-776.0
-586.0,7.0,,195.0,64.0,2010.0,-79.0,363.0,,-732.0
-336.0,-132.0,,192.0,27.0,1597.0,-114.0,469.0,,-679.0
-563.0,-291.0,,228.0,4.0,1543.0,-154.0,635.0,,-623.0
-511.0,-230.0,,216.0,-24.0,1523.0,-194.0,497.0,,-557.0
-294.0,-206.0,,160.0,-16.0,1496.0,-190.0,683.0,,-460.0
-592.0,-61.0,,146.0,11.0,1651.0,-172.0,624.0,,-350.0
-124.0,-1.0,,72.0,-33.0,2079.0,-138.0,711.0,,-232.0
-672.0,202.0,,-13.0,-96.0,2561.0,-96.0,768.0,,-86.0
-262.0,373.0,,-41.0,-135.0,3087.0,-68.0,722.0,,66.0
-534.0,476.0,,-105.0,-191.0,3618.0,-45.0,892.0,,240.0
-227.0,658.0,,-141.0,-212.0,4167.0,-51.0,715.0,,424.0
-343.0,745.0,,-146.0,-205.0,4703.0,-72.0,777.0,,609.0
-478.0,662.0,,-171.0,-223.0,4797.0,-76.0,676.0,,795.0
-238.0,315.0,,-191.0,-207.0,4599.0,-81.0,661.0,,975.0
-583.0,225.0,,-206.0,-134.0,4089.0,-74.0,716.0,,1152.0
-192.0,163.0,,-212.0,-62.0,3536.0,-67.0,570.0,,1310.0
-554.0,4.0,,-240.0,11.0,3190.0,-70.0,716.0,,1454.0
-143.0,-160.0,,-262.0,63.0,2592.0,-93.0,541.0,,1575.0
-366.0,-19.0,,-240.0,32.0,1988.0,-102.0,508.0,,1662.0
-312.0,280.0,,-259.0,-21.0,1681.0,-96.0,218.0,,1705.0
-361.0,199.0,,-245.0,-64.0,1805.0,-96.0,-147.0,,1718.0
-402.0,326.0,,-216.0,-126.0,2325.0,-72.0,-227.0,,1698.0
-158.0,449.0,,-208.0,-147.0,2677.0,-57.0,-473.0,,1657.0
-263.0,487.0,,-131.0,-100.0,2950.0,4.0,-293.0,,1606.0
-28.0,439.0,,-117.0,-55.0,3509.0,78.0,-358.0,,1530.0
-401.0,337.0,,-134.0,3.0,3933.0,117.0,-351.0,,1456.0
-179.0,313.0,,-155.0,71.0,3848.0,163.0,-352.0,,1384.0
-291.0,233.0,,-136.0,88.0,3261.0,187.0,-458.0,,1320.0
-182.0,200.0,,-48.0,109.0,2766.0,219.0,-254.0,,1261.0
-219.0,13.0,,-20.0,119.0,2561.0,223.0,-352.0,,1220.0
-275.0,-24.0,,18.0,72.0,2180.0,209.0,-190.0,,1188.0
-171.0,-4.0,,-10.0,64.0,1823.0,176.0,-251.0,,1148.0
-261.0,-86.0,,-38.0,83.0,1717.0,134.0,-280.0,,1102.0
-185.0,-205.0,,-10.0,48.0,1988.0,158.0,-166.0,,1041.0
-346.0,-247.0,,-21.0,25.0,2378.0,207.0,-332.0,,969.0
-140.0,-88.0,,16.0,32.0,2497.0,269.0,-216.0,,868.0
-183.0,-53.0,,69.0,-1.0,2624.0,310.0,-319.0,,752.0
-195.0,-38.0,,50.0,-37.0,3019.0,339.0,-127.0,,632.0
-245.0,111.0,,10.0,-61.0,3360.0,365.0,-12.0,,502.0
-256.0,335.0,,30.0,-97.0,3134.0,395.0,-66.0,,360.0
-220.0,344.0,,55.0,-80.0,2507.0,431.0,-3.0,,213.0
-221.0,240.0,,79.0,-40.0,2009.0,445.0,-243.0,,69.0
-185.0,275.0,,112.0,-35.0,1821.0,458.0,-103.0,,-68.0
-250.0,303.0,,123.0,-22.0,1482.0,447.0,-162.0,,-183.0
-301.0,299.0,,119.0,-23.0,865.0,455.0,-120.0,,-295.0
-339.0,233.0,,104.0,-78.0,464.0,484.0,-31.0,,-369.0
-382.0,174.0,,121.0,-110.0,292.0,523.0,-11.0,,-398.0
-342.0,23.0,,125.0,-122.0,200.0,567.0,310.0,,-400.0
-365.0,-104.0,,109.0,-163.0,181.0,579.0,225.0,,-357.0
-433.0,-38.0,,100.0,-159.0,200.0,587.0,380.0,,-299.0
-360.0,31.0,,66.0,-127.0,353.0,561.0,369.0,,-224.0
-456.0,70.0,,36.0,-104.0,688.0,537.0,319.0,,-124.0
-359.0,65.0,,6.0,-44.0,989.0,528.0,448.0,,-27.0
-418.0,-14.0,,0.0,-16.0,1083.0,539.0,352.0,,59.0
-315.0,-185.0,,-6.0,-59.0,909.0,569.0,587.0,,143.0
-366.0,-238.0,,-38.0,-60.0,788.0,547.0,500.0,,200.0
-338.0,-188.0,,-28.0,-2.0,934.0,505.0,423.0,,226.0
-191.0,-119.0,,-19.0,73.0,974.0,464.0,223.0,,214.0
-211.0,8.0,,26.0,171.0,633.0,426.0,-123.0,,157.0
26.0,40.0,,29.0,212.0,39.0,412.0,-164.0,,73.0
-122.0,135.0,,-49.0,168.0,-354.0,419.0,-356.0,,-35.0
-6.0,267.0,,-22.0,124.0,-537.0,434.0,-158.0,,-144.0
-102.0,295.0,,15.0,74.0,-772.0,442.0,-114.0,,-241.0
23.0,204.0,,4.0,4.0,-924.0,439.0,-112.0,,-324.0
125.0,122.0,,-6.0,-32.0,-851.0,430.0,-81.0,,-382.0
56.0,134.0,,0.0,-67.0,-707.0,420.0,-258.0,,-405.0
186.0,164.0,,-5.0,-104.0,-708.0,422.0,-125.0,,-396.0
-81.0,239.0,,-6.0,-91.0,-701.0,412.0,-277.0,,-368.0
103.0,163.0,,2.0,-116.0,-434.0,385.0,-216.0,,-322.0
64.0,186.0,,-31.0,-175.0,4.0,364.0,-240.0,,-254.0
2.0,301.0,,-55.0,-162.0,320.0,356.0,-291.0,,-172.0
60.0,246.0,,-117.0,-136.0,219.0,355.0,-105.0,,-97.0
46.0,298.0,,-220.0,-135.0,64.0,331.0,-279.0,,-23.0
-5.0,402.0,,-283.0,-136.0,137.0,298.0,-147.0,,33.0
-189.0,340.0,,-247.0,-190.0,-2.0,279.0,-240.0,,67.0
-115.0,139.0,,-200.0,-248.0,-145.0,277.0,-262.0,,90.0
-106.0,-118.0,,-226.0,-240.0,-269.0,286.0,-275.0,,97.0
-83.0,-326.0,,-203.0,-232.0,-656.0,291.0,-493.0,,101.0
-265.0,-429.0,,-186.0,-197.0,-1068.0,303.0,-338.0,,88.0
-276.0,-501.0,,-198.0,-107.0,-1503.0,306.0,-424.0,,73.0
-267.0,-573.0,,-131.0,-63.0,-1800.0,302.0,-279.0,,59.0
-397.0,-564.0,,-99.0,-40.0,-1798.0,317.0,-354.0,,26.0
-350.0,-390.0,,-107.0,3.0,-1647.0,317.0,-476.0,,3.0
-390.0,-253.0,,-101.0,10.0,-1345.0,294.0,-380.0,,-11.0
-363.0,-45.0,,-129.0,39.0,-1149.0,272.0,-528.0,,-11.0
-469.0,194.0,,-153.0,103.0,-1258.0,243.0,-299.0,,0.0
-531.0,227.0,,-116.0,113.0,-1229.0,232.0,-277.0,,8.0
-573.0,261.0,,-68.0,103.0,-1135.0,240.0,-99.0,,22.0
-495.0,198.0,,-56.0,85.0,-1241.0,217.0,68.0,,32.0
-465.0,252.0,,17.0,42.0,-1502.0,201.0,59.0,,48.0
-546.0,262.0,,63.0,47.0,-1817.0,188.0,194.0,,59.0
-544.0,188.0,,44.0,60.0,-1978.0,157.0,-20.0,,76.0
-513.0,247.0,,94.0,42.0,-2090.0,119.0,109.0,,99.0
-415.0,205.0,,148.0,69.0,-2059.0,60.0,55.0,,113.0
-552.0,237.0,,132.0,84.0,-1913.0,37.0,44.0,,130.0
-437.0,176.0,,118.0,58.0,-1657.0,20.0,197.0,,131.0
-459.0,85.0,,145.0,73.0,-1241.0,-9.0,27.0,,127.0
-401.0,61.0,,159.0,83.0,-631.0,-38.0,109.0,,105.0
-374.0,158.0,,141.0,62.0,33.0,-76.0,-35.0,,65.0
-397.0,185.0,,153.0,65.0,75.0,-103.0,59.0,,19.0
-261.0,59.0,,211.0,37.0,-335.0,-125.0,123.0,,-37.0
-355.0,139.0,,255.0,0.0,-642.0,-105.0,131.0,,-97.0
-263.0,147.0,,282.0,23.0,-811.0,-84.0,356.0,,-175.0
-449.0,296.0,,346.0,8.0,-1201.0,-73.0,271.0,,-246.0
-271.0,334.0,,420.0,-26.0,-1868.0,-101.0,354.0,,-313.0
-215.0,262.0,,421.0,-8.0,-2290.0,-172.0,53.0,,-393.0
-189.0,405.0,,392.0,-10.0,-2262.0,-243.0,-199.0,,-463.0
-235.0,322.0,,388.0,20.0,-2170.0,-303.0,-356.0,,-529.0
-315.0,147.0,,373.0,89.0,-2295.0,-321.0,-618.0,,-594.0
-72.0,47.0,,343.0,109.0,-2214.0,-362.0,-500.0,,-658.0
-306.0,86.0,,310.0,152.0,-1798.0,-417.0,-652.0,,-714.0
-89.0,96.0,,259.0,203.0,-1423.0,-489.0,-563.0,,-761.0
-147.0,143.0,,243.0,172.0,-1449.0,-558.0,-535.0,,-797.0
-60.0,225.0,,211.0,151.0,-1633.0,-562.0,-602.0,,-811.0
-99.0,247.0,,140.0,152.0,-1649.0,-540.0,-613.0,,-824.0
-161.0,408.0,,129.0,124.0,-1577.0,-476.0,-772.0,,-828.0
27.0,403.0,,104.0,144.0,-1494.0,-431.0,-489.0,,-831.0
-52.0,363.0,,118.0,141.0,-1711.0,-428.0,-448.0,,-838.0
89.0,360.0,,150.0,83.0,-1863.0,-439.0,-290.0,,-843.0
-130.0,239.0,,134.0,84.0,-1754.0,-480.0,-223.0,,-865.0
78.0,205.0,,146.0,76.0,-1644.0,-518.0,-363.0,,-905.0
-21.0,159.0,,198.0,62.0,-1543.0,-527.0,-232.0,,-959.0
-54.0,91.0,,269.0,94.0,-1408.0,-511.0,-430.0,,-1024.0
-15.0,57.0,,297.0,57.0,-1018.0,-518.0,-341.0,,-1103.0
-99.0,-90.0,,307.0,7.0,-593.0,-529.0,-341.0,,-1170.0
150.0,-122.0,,320.0,12.0,-358.0,-522.0,-303.0,,-1226.0
-94.0,49.0,,357.0,-5.0,-276.0,-509.0,-125.0,,-1257.0
-167.0,211.0,,356.0,-4.0,-363.0,-497.0,-214.0,,-1257.0
-292.0,243.0,,328.0,26.0,-466.0,-509.0,-55.0,,-1214.0
-159.0,272.0,,326.0,24.0,-473.0,-514.0,-179.0,,-1137.0
-97.0,442.0,,249.0,43.0,-590.0,-505.0,-31.0,,-1050.0
-180.0,584.0,,173.0,44.0,-894.0,-457.0,149.0,,-944.0
-129.0,709.0,,117.0,-27.0,-1105.0,-380.0,203.0,,-849.0
-199.0,736.0,,31.0,-64.0,-937.0,-294.0,454.0,,-772.0
-173.0,772.0,,-24.0,-93.0,-728.0,-213.0,338.0,,-718.0
-229.0,651.0,,-107.0,-149.0,-763.0,-215.0,463.0,,-674.0
-140.0,456.0,,-217.0,-144.0,-795.0,-267.0,423.0,,-637.0
-213.0,426.0,,-326.0,-133.0,-873.0,-309.0,436.0,,-581.0
-205.0,225.0,,-404.0,-113.0,-935.0,-313.0,498.0,,-515.0
-279.0,110.0,,-399.0,-57.0,-1058.0,-272.0,373.0,,-453.0
-374.0,58.0,,-424.0,-65.0,-1206.0,-238.0,497.0,,-378.0
-250.0,57.0,,-479.0,-78.0,-1226.0,-221.0,280.0,,-329.0
-226.0,76.0,,-494.0,-43.0,-1135.0,-208.0,245.0,,-291.0
-184.0,142.0,,-503.0,-58.0,-922.0,-183.0,9.0,,-272.0
-335.0,259.0,,-517.0,-64.0,-922.0,-153.0,-242.0,,-276.0
-327.0,165.0,,-480.0,-25.0,-836.0,-138.0,-177.0,,-280.0
-296.0,65.0,,-425.0,-19.0,-528.0,-137.0,-310.0,,-284.0
-349.0,-35.0,,-399.0,21.0,-482.0,-154.0,-90.0,,-285.0
-324.0,12.0,,-342.0,68.0,-634.0,-172.0,-140.0,,-277.0
-378.0,-2.0,,-284.0,61.0,-897.0,-168.0,-118.0,,-250.0
-381.0,18.0,,-240.0,94.0,-1081.0,-151.0,-157.0,,-224.0
-393.0,161.0,,-176.0,126.0,-1100.0,-107.0,-471.0,,-180.0
-410.0,115.0,,-140.0,145.0,-1210.0,-87.0,-484.0,,-131.0
-362.0,136.0,,-125.0,219.0,-1244.0,-95.0,-650.0,,-83.0
-354.0,71.0,,-131.0,248.0,-1066.0,-79.0,-434.0,,-14.0
-428.0,16.0,,-162.0,244.0,-851.0,-85.0,-382.0,,44.0
-427.0,0.0,,-197.0,255.0,-723.0,-80.0,-399.0,,86.0
-467.0,-95.0,,-246.0,215.0,-654.0,-71.0,-351.0,,106.0
-389.0,-48.0,,-272.0,194.0,-571.0,-82.0,-607.0,,94.0
-391.0,12.0,,-330.0,189.0,-596.0,-97.0,-533.0,,53.0
-489.0,44.0,,-378.0,122.0,-803.0,-115.0,-687.0,,-6.0
-441.0,52.0,,-388.0,80.0,-1055.0,-93.0,-565.0,,-86.0
-481.0,-36.0,,-370.0,48.0,-1321.0,-80.0,-467.0,,-180.0
-461.0,-78.0,,-329.0,-37.0,-1526.0,-59.0,-495.0,,-281.0
-560.0,-21.0,,-348.0,-71.0,-1592.0,-38.0,-303.0,,-383.0
-462.0,-30.0,,-384.0,-75.0,-1611.0,-62.0,-489.0,,-487.0
-487.0,-65.0,,-422.0,-89.0,-1533.0,-83.0,-410.0,,-588.0
-555.0,-74.0,,-391.0,-44.0,-1265.0,-102.0,-569.0,,-652.0
-504.0,-102.0,,-325.0,-25.0,-898.0,-93.0,-624.0,,-659.0
-537.0,-57.0,,-321.0,-17.0,-736.0,-57.0,-567.0,,-606.0
-310.0,-65.0,,-323.0,25.0,-707.0,-54.0,-687.0,,-497.0
-462.0,-37.0,,-314.0,-5.0,-646.0,-54.0,-524.0,,-359.0
-340.0,115.0,,-316.0,-52.0,-673.0,-29.0,-740.0,,-209.0
-290.0,174.0,,-297.0,-89.0,-711.0,-13.0,-668.0,,-41.0
-342.0,312.0,,-293.0,-185.0,-843.0,10.0,-676.0,,116.0
-284.0,488.0,,-302.0,-219.0,-1120.0,26.0,-685.0,,243.0
-378.0,563.0,,-289.0,-175.0,-1334.0,8.0,-465.0,,334.0
-164.0,577.0,,-325.0,-153.0,-1247.0,-21.0,-489.0,,385.0
-238.0,582.0,,-335.0,-75.0,-880.0,-68.0,-120.0,,421.0
-74.0,433.0,,-301.0,-2.0,-712.0,-100.0,-84.0,,426.0
-226.0,290.0,,-287.0,-2.0,-737.0,-115.0,-62.0,,414.0
-251.0,374.0,,-283.0,39.0,-670.0,-104.0,-105.0,,384.0
-131.0,301.0,,-271.0,73.0,-626.0,-82.0,-352.0,,339.0
-267.0,229.0,,-235.0,115.0,-564.0,-84.0,-269.0,,306.0
-52.0,246.0,,-239.0,215.0,-577.0,-78.0,-450.0,,261.0
-231.0,256.0,,-228.0,254.0,-676.0,-73.0,-388.0,,231.0
-148.0,218.0,,-227.0,248.0,-794.0,-62.0,-474.0,,195.0
-307.0,202.0,,-278.0,208.0,-934.0,-35.0,-524.0,,153.0
-332.0,318.0,,-308.0,84.0,-871.0,-16.0,-482.0,,133.0
-195.0,291.0,,-333.0,-8.0,-701.0,6.0,-729.0,,111.0
-332.0,228.0,,-326.0,-47.0,-650.0,41.0,-646.0,,96.0
-239.0,49.0,,-301.0,-110.0,-576.0,74.0,-872.0,,97.0
-456.0,-212.0,,-274.0,-120.0,-230.0,90.0,-944.0,,117.0
-363.0,-340.0,,-243.0,-93.0,187.0,92.0,-1018.0,,149.0
-344.0,-457.0,,-248.0,-85.0,418.0,88.0,-1225.0,,191.0
-387.0,-468.0,,-228.0,-28.0,427.0,82.0,-1169.0,,231.0
-359.0,-393.0,,-210.0,-21.0,505.0,60.0,-1354.0,,255.0
-417.0,-426.0,,-216.0,-70.0,591.0,32.0,-1285.0,,266.0
-297.0,-594.0,,-188.0,-75.0,281.0,51.0,-1419.0,,260.0
-370.0,-765.0,,-187.0,-100.0,0.0,93.0,-1428.0,,228.0
-338.0,-896.0,,-190.0,-95.0,-217.0,108.0,-1337.0,,166.0
-305.0,-890.0,,-138.0,-54.0,-600.0,116.0,-1413.0,,77.0
-241.0,-745.0,,-137.0,-83.0,-1071.0,146.0,-1158.0,,-28.0
-290.0,-604.0,,-180.0,-104.0,-1420.0,168.0,-1212.0,,-161.0
-373.0,-297.0,,-176.0,-98.0,-1404.0,167.0,-1047.0,,-301.0
-193.0,133.0,,-159.0,-140.0,-1287.0,140.0,-1069.0,,-437.0
-224.0,458.0,,-171.0,-145.0,-1232.0,83.0,-1219.0,,-574.0
-250.0,615.0,,-169.0,-154.0,-1151.0,63.0,-1191.0,,-697.0
-274.0,705.0,,-131.0,-207.0,-891.0,54.0,-1481.0,,-805.0
-202.0,801.0,,-122.0,-193.0,-525.0,38.0,-1448.0,,-889.0
-231.0,726.0,,-60.0,-183.0,-347.0,72.0,-1537.0,,-937.0
-306.0,370.0,,0.0,-184.0,-329.0,90.0,-1393.0,,-933.0
-201.0,-86.0,,32.0,-134.0,-185.0,109.0,-1226.0,,-886.0
-265.0,-382.0,,159.0,-150.0,-31.0,138.0,-1225.0,,-789.0
-133.0,-732.0,,245.0,-223.0,-60.0,129.0,-999.0,,-652.0
-226.0,-969.0,,266.0,-279.0,-133.0,128.0,-1067.0,,-494.0
-267.0,-731.0,,246.0,-355.0,-338.0,138.0,-825.0,,-320.0
-190.0,-312.0,,218.0,-371.0,-655.0,139.0,-814.0,,-164.0
3.0,-78.0,,214.0,-332.0,-976.0,112.0,-805.0,,-33.0
75.0,-216.0,,220.0,-319.0,-1156.0,81.0,-650.0,,69.0
-92.0,-396.0,,217.0,-228.0,-1178.0,63.0,-679.0,,157.0
137.0,-478.0,,176.0,-138.0,-1333.0,28.0,-380.0,,241.0
127.0,-587.0,,152.0,-125.0,-1471.0,13.0,-452.0,,314.0
272.0,-608.0,,109.0,-57.0,-1444.0,9.0,-378.0,,368.0
225.0,-533.0,,97.0,6.0,-1335.0,23.0,-410.0,,408.0
286.0,-423.0,,113.0,56.0,-1179.0,48.0,-589.0,,431.0
377.0,-215.0,,159.0,154.0,-1060.0,46.0,-519.0,,428.0
323.0,107.0,,232.0,207.0,-926.0,30.0,-718.0,,423.0
399.0,311.0,,210.0,220.0,-907.0,-14.0,-615.0,,398.0
225.0,382.0,,190.0,224.0,-1014.0,-31.0,-698.0,,361.0
414.0,399.0,,207.0,171.0,-1114.0,-14.0,-689.0,,344.0
381.0,553.0,,220.0,158.0,-1071.0,-20.0,-609.0,,333.0
375.0,811.0,,213.0,198.0,-856.0,-25.0,-737.0,,334.0
234.0,1068.0,,204.0,213.0,-843.0,-25.0,-567.0,,334.0
190.0,1317.0,,233.0,279.0,-866.0,-31.0,-659.0,,337.0
290.0,1179.0,,188.0,319.0,-805.0,-55.0,-524.0,,344.0
150.0,838.0,,96.0,297.0,-753.0,-71.0,-517.0,,337.0
161.0,634.0,,87.0,330.0,-591.0,-52.0,-582.0,,340.0
67.0,341.0,,128.0,331.0,-521.0,-26.0,-545.0,,346.0
123.0,9.0,,105.0,299.0,-444.0,-33.0,-794.0,,352.0
0.0,121.0,,98.0,334.0,-333.0,-52.0,-654.0,,362.0
-58.0,172.0,,168.0,374.0,-509.0,-54.0,-702.0,,359.0
-14.0,-226.0,,207.0,441.0,-740.0,-69.0,-633.0,,350.0
-74.0,-561.0,,227.0,539.0,-735.0,-75.0,-587.0,,339.0
-50.0,-453.0,,226.0,573.0,-640.0,-82.0,-626.0,,326.0
-125.0,129.0,,162.0,629.0,-573.0,-68.0,-358.0,,303.0
-202.0,22.0,,94.0,692.0,-553.0,-24.0,-474.0,,287.0
-171.0,-502.0,,88.0,680.0,-343.0,1.0,-363.0,,282.0
-210.0,-276.0,,80.0,701.0,-12.0,14.0,-402.0,,262.0
-181.0,216.0,,51.0,711.0,211.0,20.0,-380.0,,234.0
-274.0,620.0,,0.0,652.0,436.0,23.0,-216.0,,194.0
-267.0,554.0,,-32.0,633.0,690.0,12.0,-323.0,,132.0
-289.0,-116.0,,-93.0,627.0,984.0,17.0,-142.0,,48.0
-319.0,-584.0,,-147.0,640.0,966.0,38.0,-258.0,,-34.0
-47.0,-527.0,,-203.0,732.0,732.0,47.0,-164.0,,-121.0
-203.0,-725.0,,-294.0,777.0,631.0,63.0,-173.0,,-213.0
-47.0,-1531.0,,-287.0,779.0,548.0,82.0,-308.0,,-282.0
-87.0,-2467.0,,-323.0,802.0,641.0,74.0,-192.0,,-334.0
125.0,-3047.0,,-388.0,765.0,809.0,34.0,-321.0,,-367.0
276.0,-3072.0,,-429.0,739.0,795.0,23.0,-49.0,,-400.0
171.0,-2821.0,,-437.0,752.0,795.0,29.0,29.0,,-449.0
436.0,-2084.0,,-460.0,708.0,847.0,32.0,227.0,,-501.0
299.0,-421.0,,-519.0,695.0,884.0,29.0,434.0,,-559.0
581.0,1141.0,,-606.0,703.0,915.0,17.0,371.0,,-623.0
315.0,1126.0,,-706.0,652.0,803.0,43.0,620.0,,-684.0
407.0,277.0,,-667.0,639.0,717.0,86.0,548.0,,-743.0
515.0,456.0,,-567.0,644.0,744.0,113.0,720.0,,-796.0
555.0,1401.0,,-528.0,634.0,715.0,137.0,759.0,,-831.0
629.0,1474.0,,-453.0,674.0,694.0,125.0,711.0,,-850.0
228.0,170.0,,-346.0,677.0,661.0,84.0,864.0,,-845.0
531.0,-1055.0,,-363.0,631.0,554.0,63.0,764.0,,-826.0
362.0,-945.0,,-305.0,632.0,708.0,95.0,886.0,,-783.0
509.0,-496.0,,-221.0,650.0,1162.0,155.0,781.0,,-723.0
336.0,-982.0,,-174.0,722.0,1501.0,169.0,912.0,,-669.0
296.0,-2330.0,,-111.0,844.0,1592.0,177.0,966.0,,-604.0
412.0,-3314.0,,-131.0,878.0,1398.0,172.0,842.0,,-554.0
182.0,-3667.0,,-160.0,891.0,1280.0,135.0,940.0,,-524.0
386.0,-4199.0,,-176.0,916.0,1470.0,127.0,672.0,,-493.0
179.0,-4478.0,,-112.0,818.0,1546.0,131.0,681.0,,-480.0
347.0,-4146.0,,-39.0,663.0,1319.0,134.0,482.0,,-476.0
202.0,-4075.0,,5.0,522.0,1062.0,132.0,321.0,,-474.0
167.0,-4884.0,,2.0,377.0,1006.0,149.0,419.0,,-464.0
179.0,-5859.0,,-15.0,275.0,927.0,166.0,413.0,,-459.0
70.0,-5917.0,,-48.0,162.0,617.0,172.0,703.0,,-462.0
224.0,-5031.0,,-36.0,26.0,323.0,194.0,663.0,,-459.0
127.0,-4452.0,,-4.0,-27.0,461.0,208.0,761.0,,-469.0
244.0,-4975.0,,-43.0,-56.0,710.0,228.0,718.0,,-492.0
78.0,-5845.0,,51.0,-96.0,611.0,247.0,570.0,,-520.0
76.0,-6188.0,,110.0,-112.0,471.0,244.0,687.0,,-546.0
64.0,-5676.0,,74.0,-185.0,564.0,240.0,569.0,,-563.0
67.0,-4542.0,,81.0,-292.0,939.0,268.0,764.0,,-562.0
186.0,-3650.0,,41.0,-347.0,1251.0,308.0,703.0,,-533.0
8.0,-3419.0,,-38.0,-389.0,1279.0,325.0,644.0,,-478.0
45.0,-3114.0,,-51.0,-366.0,1318.0,308.0,641.0,,-402.0
74.0,-2419.0,,-97.0,-292.0,1442.0,258.0,500.0,,-336.0
155.0,-1807.0,,-184.0,-342.0,1399.0,215.0,770.0,,-269.0
123.0,-1476.0,,-175.0,-480.0,1211.0,221.0,759.0,,-211.0
59.0,-1576.0,,-157.0,-627.0,1168.0,264.0,892.0,,-169.0
111.0,-2225.0,,-154.0,-787.0,1166.0,322.0,886.0,,-145.0
190.0,-2617.0,,-172.0,-886.0,1019.0,355.0,801.0,,-145.0
248.0,-2381.0,,-158.0,-952.0,742.0,358.0,912.0,,-168.0
78.0,-2132.0,,-73.0,-997.0,442.0,340.0,811.0,,-226.0
81.0,-1662.0,,-35.0,-957.0,308.0,314.0,990.0,,-295.0
212.0,-1526.0,,24.0,-957.0,394.0,312.0,883.0,,-374.0
248.0,-2215.0,,69.0,-1044.0,534.0,310.0,955.0,,-452.0
134.0,-2760.0,,56.0,-1119.0,484.0,299.0,1119.0,,-524.0
124.0,-2867.0,,87.0,-1194.0,299.0,269.0,1169.0,,-587.0
207.0,-2950.0,,138.0,-1213.0,371.0,239.0,1459.0,,-636.0
293.0,-3003.0,,167.0,-1095.0,515.0,232.0,1374.0,,-663.0
207.0,-2972.0,,117.0,-925.0,558.0,219.0,1467.0,,-663.0
89.0,-3044.0,,106.0,-709.0,477.0,215.0,1345.0,,-651.0
194.0,-2567.0,,138.0,-469.0,248.0,201.0,1276.0,,-612.0
166.0,-1382.0,,106.0,-371.0,373.0,199.0,1358.0,,-565.0
205.0,-21.0,,76.0,-419.0,505.0,218.0,1140.0,,-527.0
40.0,1057.0,,110.0,-570.0,400.0,229.0,1169.0,,-490.0
87.0,1720.0,,187.0,-784.0,217.0,199.0,929.0,,-460.0
130.0,2561.0,,242.0,-881.0,199.0,144.0,868.0,,-428.0
53.0,3830.0,,280.0,-871.0,517.0,95.0,724.0,,-400.0
44.0,5467.0,,249.0,-874.0,536.0,54.0,561.0,,-382.0
-34.0,6365.0,,217.0,-888.0,568.0,32.0,720.0,,-357.0
138.0,5856.0,,221.0,-926.0,766.0,-15.0,618.0,,-332.0
82.0,5074.0,,167.0,-957.0,797.0,-76.0,801.0,,-292.0
94.0,5110.0,,152.0,-941.0,765.0,-124.0,681.0,,-227.0
-38.0,5378.0,,83.0,-957.0,694.0,-159.0,594.0,,-150.0
70.0,4652.0,,-27.0,-991.0,631.0,-161.0,622.0,,-49.0
136.0,4184.0,,14.0,-970.0,432.0,-143.0,452.0,,59.0
97.0,5037.0,,28.0,-958.0,272.0,-129.0,552.0,,162.0
101.0,6012.0,,-22.0,-944.0,71.0,-143.0,371.0,,282.0
-101.0,5902.0,,-30.0,-863.0,-331.0,-167.0,378.0,,400.0
16.0,4906.0,,-17.0,-759.0,-597.0,-169.0,254.0,,495.0
-66.0,4353.0,,-47.0,-682.0,-640.0,-155.0,201.0,,576.0
80.0,4441.0,,-89.0,-717.0,-641.0,-166.0,380.0,,626.0
-23.0,4653.0,,-93.0,-898.0,-846.0,-185.0,306.0,,648.0
-53.0,4545.0,,-147.0,-1061.0,-1100.0,-201.0,561.0,,643.0
-54.0,3964.0,,-173.0,-1155.0,-1002.0,-235.0,495.0,,607.0
-93.0,3428.0,,-172.0,-1249.0,-776.0,-242.0,537.0,,564.0
7.0,2918.0,,-238.0,-1299.0,-651.0,-233.0,574.0,,508.0
-118.0,2139.0,,-262.0,-1337.0,-479.0,-218.0,452.0,,459.0
39.0,1204.0,,-240.0,-1394.0,-352.0,-196.0,600.0,,436.0
-61.0,470.0,,-300.0,-1365.0,-224.0,-199.0,406.0,,448.0
77.0,248.0,,-336.0,-1268.0,-79.0,-201.0,450.0,,482.0
-46.0,732.0,,-317.0,-1179.0,-146.0,-205.0,306.0,,550.0
-35.0,2099.0,,-315.0,-1115.0,-277.0,-224.0,201.0,,634.0
107.0,3834.0,,-259.0,-1184.0,-281.0,-239.0,194.0,,687.0
151.0,4564.0,,-186.0,-1307.0,-256.0,-249.0,-33.0,,739.0
226.0,3995.0,,-177.0,-1279.0,-330.0,-217.0,112.0,,767.0
-61.0,3006.0,,-190.0,-1117.0,-369.0,-164.0,25.0,,763.0
212.0,2267.0,,-187.0,-848.0,-185.0,-112.0,264.0,,741.0
213.0,2531.0,,-169.0,-523.0,-153.0,-67.0,522.0,,687.0
290.0,4011.0,,-140.0,-286.0,-278.0,-23.0,657.0,,596.0
243.0,5595.0,,-144.0,-154.0,-225.0,21.0,885.0,,478.0
217.0,6046.0,,-134.0,-125.0,-73.0,23.0,676.0,,355.0
415.0,5872.0,,-133.0,-160.0,183.0,15.0,774.0,,207.0
290.0,5998.0,,-172.0,-107.0,427.0,-1.0,702.0,,66.0
345.0,6411.0,,-147.0,-10.0,612.0,-16.0,661.0,,-71.0
208.0,6744.0,,-127.0,55.0,696.0,-7.0,652.0,,-211.0
394.0,6630.0,,-154.0,147.0,788.0,14.0,469.0,,-312.0
411.0,6709.0,,-150.0,201.0,964.0,28.0,539.0,,-387.0
337.0,7227.0,,-128.0,183.0,911.0,10.0,304.0,,-415.0
303.0,7076.0,,-134.0,135.0,727.0,-7.0,327.0,,-401.0
288.0,5720.0,,-143.0,-29.0,558.0,-43.0,249.0,,-366.0
439.0,4331.0,,-127.0,-246.0,540.0,-76.0,173.0,,-325.0
286.0,3844.0,,-114.0,-366.0,707.0,-76.0,275.0,,-279.0
367.0,3646.0,,-127.0,-444.0,823.0,-59.0,79.0,,-212.0
341.0,3249.0,,-174.0,-474.0,692.0,-28.0,138.0,,-138.0
388.0,2827.0,,-180.0,-454.0,390.0,2.0,-79.0,,-43.0
348.0,2652.0,,-134.0,-486.0,277.0,34.0,-162.0,,59.0
337.0,1879.0,,-116.0,-528.0,273.0,63.0,-286.0,,155.0
445.0,-79.0,,-69.0,-606.0,160.0,71.0,-530.0,,258.0
282.0,-2413.0,,-31.0,-747.0,-5.0,79.0,-400.0,,356.0
483.0,-4319.0,,-12.0,-817.0,-229.0,63.0,-582.0,,434.0
388.0,-5090.0,,30.0,-837.0,-148.0,-1.0,-521.0,,507.0
372.0,-4681.0,,35.0,-906.0,239.0,-53.0,-587.0,,571.0
418.0,-3314.0,,14.0,-1009.0,467.0,-75.0,-615.0,,633.0
433.0,-2438.0,,-23.0,-1148.0,682.0,-85.0,-517.0,,692.0
606.0,-3291.0,,-38.0,-1248.0,786.0,-82.0,-641.0,,725.0
339.0,-4535.0,,-86.0,-1217.0,890.0,-68.0,-397.0,,746.0
562.0,-5206.0,,-137.0,-1121.0,881.0,-56.0,-436.0,,746.0
528.0,-5262.0,,-175.0,-957.0,494.0,-46.0,-338.0,,731.0
582.0,-4415.0,,-222.0,-685.0,275.0,-32.0,-410.0,,711.0
705.0,-2518.0,,-211.0,-357.0,301.0,-16.0,-618.0,,685.0
564.0,-55.0,,-187.0,46.0,494.0,2.0,-550.0,,652.0
673.0,2195.0,,-199.0,438.0,545.0,57.0,-772.0,,595.0
512.0,3305.0,,-235.0,715.0,389.0,131.0,-631.0,,541.0
787.0,3647.0,,-275.0,1042.0,369.0,166.0,-657.0,,498.0
622.0,4354.0,,-301.0,1414.0,525.0,177.0,-543.0,,448.0
675.0,5398.0,,-292.0,1678.0,744.0,163.0,-295.0,,378.0
634.0,6860.0,,-330.0,1912.0,738.0,133.0,-297.0,,306.0
566.0,7850.0,,-359.0,2132.0,759.0,123.0,-79.0,,221.0
729.0,7476.0,,-363.0,2272.0,1009.0,127.0,-169.0,,110.0
442.0,6215.0,,-329.0,2362.0,1262.0,134.0,35.0,,9.0
653.0,4348.0,,-297.0,2342.0,1414.0,140.0,92.0,,-78.0
384.0,2292.0,,-258.0,2203.0,1450.0,138.0,118.0,,-161.0
588.0,1422.0,,-173.0,2033.0,1677.0,137.0,339.0,,-210.0
433.0,2426.0,,-193.0,1801.0,1919.0,149.0,186.0,,-220.0
399.0,3961.0,,-181.0,1555.0,1746.0,167.0,315.0,,-183.0
539.0,4671.0,,-192.0,1385.0,1413.0,218.0,136.0,,-102.0
376.0,3701.0,,-200.0,1217.0,1164.0,269.0,83.0,,3.0
629.0,1769.0,,-179.0,1023.0,1143.0,302.0,136.0,,121.0
294.0,273.0,,-190.0,801.0,1057.0,355.0,51.0,,225.0
521.0,-993.0,,-224.0,585.0,833.0,387.0,162.0,,314.0
286.0,-1780.0,,-259.0,533.0,709.0,380.0,-114.0,,396.0
444.0,-1921.0,,-256.0,603.0,666.0,353.0,-129.0,,490.0
489.0,-2704.0,,-287.0,644.0,730.0,333.0,-288.0,,581.0
314.0,-4441.0,,-290.0,635.0,870.0,347.0,-373.0,,660.0
438.0,-5543.0,,-304.0,518.0,1229.0,395.0,-251.0,,756.0
220.0,-5487.0,,-305.0,347.0,1478.0,433.0,-397.0,,847.0
445.0,-5343.0,,-283.0,264.0,1738.0,437.0,-234.0,,929.0
151.0,-5386.0,,-235.0,157.0,1870.0,430.0,-373.0,,996.0
331.0,-5205.0,,-259.0,42.0,1536.0,411.0,-352.0,,1047.0
195.0,-4909.0,,-301.0,98.0,1158.0,375.0,-373.0,,1096.0
103.0,-4750.0,,-283.0,210.0,872.0,373.0,-558.0,,1123.0
62.0,-4213.0,,-271.0,282.0,743.0,407.0,-521.0,,1142.0
-129.0,-2772.0,,-265.0,374.0,333.0,446.0,-724.0,,1155.0
8.0,-1379.0,,-237.0,474.0,95.0,492.0,-526.0,,1148.0
-226.0,-1330.0,,-120.0,599.0,219.0,495.0,-500.0,,1126.0
-129.0,-2025.0,,-72.0,694.0,382.0,475.0,-441.0,,1096.0
-395.0,-2863.0,,-28.0,690.0,622.0,434.0,-323.0,,1066.0
-372.0,-4442.0,,41.0,683.0,609.0,384.0,-382.0,,1036.0
-341.0,-6061.0,,55.0,740.0,674.0,377.0,-109.0,,1037.0
-404.0,-6471.0,,57.0,890.0,716.0,353.0,-227.0,,1077.0
-369.0,-5857.0,,17.0,1132.0,836.0,339.0,-158.0,,1136.0
-532.0,-5108.0,,-41.0,1289.0,732.0,341.0,-125.0,,1211.0
-430.0,-4411.0,,-62.0,1329.0,402.0,337.0,-94.0,,1270.0
-553.0,-3342.0,,-53.0,1389.0,584.0,339.0,97.0,,1294.0
-610.0,-2006.0,,-109.0,1404.0,737.0,325.0,-55.0,,1265.0
-555.0,-961.0,,-137.0,1335.0,593.0,339.0,7.0,,1196.0
-591.0,218.0,,-80.0,1225.0,-67.0,347.0,-216.0,,1092.0
-542.0,2400.0,,-60.0,1028.0,-479.0,340.0,-245.0,,968.0
-561.0,4920.0,,-61.0,855.0,-193.0,359.0,-269.0,,849.0
-608.0,6218.0,,-10.0,800.0,-23.0,364.0,-412.0,,718.0
-612.0,5705.0,,87.0,752.0,-124.0,369.0,-153.0,,586.0
-674.0,4428.0,,176.0,781.0,-342.0,342.0,-118.0,,460.0
-531.0,3374.0,,268.0,958.0,-202.0,292.0,210.0,,343.0
-631.0,2316.0,,380.0,1117.0,-64.0,248.0,371.0,,233.0
-603.0,1091.0,,449.0,1151.0,-97.0,199.0,497.0,,150.0
-579.0,339.0,,529.0,971.0,-224.0,201.0,663.0,,100.0
-609.0,-14.0,,584.0,588.0,-237.0,211.0,569.0,,72.0
-496.0,-854.0,,566.0,181.0,-78.0,213.0,718.0,,82.0
-651.0,-1530.0,,570.0,-223.0,-231.0,230.0,546.0,,97.0
-470.0,-1334.0,,544.0,-530.0,-563.0,236.0,580.0,,98.0
-586.0,-823.0,,404.0,-528.0,-928.0,227.0,539.0,,71.0
-391.0,-613.0,,290.0,-212.0,-853.0,180.0,461.0,,14.0
-299.0,-478.0,,238.0,357.0,-677.0,143.0,644.0,,-69.0
-377.0,-176.0,,167.0,976.0,-746.0,112.0,491.0,,-157.0
-174.0,-570.0,,131.0,1341.0,-960.0,79.0,611.0,,-243.0
-205.0,-1272.0,,100.0,1476.0,-1073.0,53.0,508.0,,-334.0
53.0,-1774.0,,109.0,1452.0,-868.0,-3.0,524.0,,-411.0
-141.0,-3097.0,,103.0,1274.0,-618.0,-38.0,606.0,,-487.0
-6.0,-5201.0,,101.0,1157.0,-327.0,-28.0,393.0,,-551.0
43.0,-6560.0,,165.0,1087.0,-338.0,-18.0,421.0,,-605.0
70.0,-6506.0,,204.0,887.0,-345.0,-10.0,125.0,,-647.0
193.0,-5586.0,,304.0,557.0,-418.0,-9.0,109.0,,-679.0
2.0,-4198.0,,387.0,113.0,-734.0,-20.0,18.0,,-744.0
203.0,-3088.0,,489.0,-267.0,-1139.0,-41.0,-86.0,,-836.0
-57.0,-2253.0,,519.0,-573.0,-1494.0,-92.0,60.0,,-946.0
99.0,-882.0,,481.0,-1066.0,-1402.0,-136.0,53.0,,-1048.0
24.0,688.0,,456.0,-1585.0,-1193.0,-162.0,380.0,,-1130.0
-45.0,1947.0,,354.0,-1803.0,-911.0,-212.0,321.0,,-1200.0
34.0,2532.0,,270.0,-1708.0,-771.0,-263.0,352.0,,-1251.0
-97.0,1927.0,,183.0,-1416.0,-551.0,-276.0,334.0,,-1289.0
131.0,773.0,,163.0,-1206.0,-204.0,-272.0,179.0,,-1296.0
-23.0,203.0,,137.0,-1232.0,-54.0,-245.0,306.0,,-1255.0
160.0,263.0,,173.0,-1248.0,-58.0,-197.0,109.0,,-1172.0
1.0,722.0,,180.0,-1104.0,-287.0,-207.0,234.0,,-1052.0
53.0,1712.0,,196.0,-760.0,-285.0,-268.0,121.0,,-918.0
120.0,2611.0,,292.0,-247.0,-258.0,-339.0,31.0,,-812.0
71.0,2557.0,,249.0,150.0,-221.0,-383.0,97.0,,-744.0
288.0,2739.0,,281.0,369.0,-396.0,-345.0,-16.0,,-703.0
177.0,4285.0,,330.0,501.0,-674.0,-296.0,188.0,,-674.0
274.0,5811.0,,347.0,574.0,-588.0,-269.0,114.0,,-639.0
92.0,6170.0,,363.0,777.0,-487.0,-275.0,345.0,,-606.0
242.0,5952.0,,368.0,1091.0,-333.0,-308.0,528.0,,-596.0
228.0,6197.0,,380.0,1295.0,-319.0,-285.0,642.0,,-635.0
203.0,6957.0,,408.0,1346.0,-265.0,-230.0,981.0,,-729.0
210.0,7285.0,,427.0,1177.0,-272.0,-203.0,905.0,,-874.0
140.0,6465.0,,390.0,846.0,-334.0,-205.0,1073.0,,-1048.0
217.0,4744.0,,405.0,515.0,-453.0,-211.0,994.0,,-1216.0
116.0,2972.0,,398.0,119.0,-582.0,-215.0,984.0,,-1378.0
267.0,1797.0,,402.0,-263.0,-346.0,-209.0,1073.0,,-1551.0
162.0,1359.0,,410.0,-518.0,-75.0,-183.0,999.0,,-1754.0
144.0,976.0,,397.0,-716.0,43.0,-188.0,1226.0,,-1988.0
74.0,325.0,,368.0,-738.0,-194.0,-224.0,1032.0,,-2212.0
137.0,-208.0,,280.0,-582.0,-260.0,-278.0,982.0,,-2404.0
148.0,-988.0,,204.0,-428.0,-322.0,-318.0,801.0,,-2543.0
119.0,-2150.0,,162.0,-246.0,-702.0,-317.0,613.0,,-2634.0
206.0,-2620.0,,62.0,-127.0,-989.0,-272.0,668.0,,-2707.0
131.0,-2213.0,,6.0,-113.0,-1173.0,-209.0,463.0,,-2766.0
191.0,-1753.0,,93.0,-52.0,-1212.0,-174.0,604.0,,-2801.0
108.0,-1356.0,,124.0,-30.0,-1292.0,-160.0,532.0,,-2808.0
193.0,-1231.0,,103.0,-99.0,-1341.0,-144.0,618.0,,-2765.0
99.0,-1306.0,,76.0,-227.0,-1279.0,-112.0,639.0,,-2674.0
136.0,-1190.0,,83.0,-457.0,-1022.0,-69.0,458.0,,-2571.0
146.0,-1593.0,,90.0,-642.0,-768.0,-14.0,593.0,,-2454.0
112.0,-2553.0,,32.0,-748.0,-548.0,29.0,399.0,,-2356.0
211.0,-2634.0,,16.0,-896.0,-283.0,68.0,395.0,,-2276.0
104.0,-1603.0,,62.0,-1042.0,-130.0,99.0,171.0,,-2183.0
168.0,-184.0,,121.0,-1245.0,-112.0,99.0,51.0,,-2095.0
161.0,1203.0,,148.0,-1426.0,-365.0,106.0,147.0,,-1975.0
321.0,2058.0,,168.0,-1290.0,-757.0,138.0,-22.0,,-1815.0
313.0,2350.0,,194.0,-997.0,-1146.0,201.0,49.0,,-1632.0
273.0,2225.0,,254.0,-734.0,-1450.0,252.0,-199.0,,-1455.0
356.0,2287.0,,290.0,-382.0,-1805.0,275.0,-229.0,,-1318.0
356.0,2826.0,,279.0,-90.0,-2141.0,299.0,-242.0,,-1202.0
454.0,3238.0,,370.0,65.0,-2346.0,328.0,-308.0,,-1091.0
504.0,3294.0,,417.0,153.0,-2264.0,363.0,-90.0,,-950.0
602.0,2756.0,,387.0,102.0,-2056.0,373.0,-145.0,,-791.0
614.0,1566.0,,432.0,20.0,-1974.0,384.0,79.0,,-653.0
611.0,54.0,,442.0,-93.0,-1720.0,402.0,86.0,,-531.0
661.0,-983.0,,438.0,-295.0,-1287.0,432.0,116.0,,-450.0
676.0,-425.0,,454.0,-428.0,-747.0,490.0,201.0,,-445.0
603.0,1353.0,,446.0,-501.0,-431.0,528.0,12.0,,-507.0
564.0,2299.0,,415.0,-476.0,-363.0,550.0,35.0,,-612.0
508.0,1872.0,,387.0,-205.0,-288.0,536.0,-221.0,,-748.0
494.0,986.0,,380.0,198.0,-180.0,515.0,-243.0,,-893.0
485.0,-109.0,,297.0,620.0,-41.0,498.0,-352.0,,-1024.0
538.0,-919.0,,270.0,860.0,83.0,455.0,-511.0,,-1132.0
512.0,-1117.0,,369.0,678.0,20.0,444.0,-406.0,,-1185.0
452.0,-1015.0,,411.0,332.0,-62.0,450.0,-471.0,,-1184.0
481.0,-1350.0,,386.0,101.0,112.0,470.0,-190.0,,-1138.0
415.0,-2586.0,,399.0,-38.0,305.0,507.0,-166.0,,-1051.0
538.0,-3926.0,,517.0,8.0,388.0,539.0,-70.0,,-967.0
438.0,-4438.0,,521.0,267.0,286.0,542.0,81.0,,-909.0
510.0,-4128.0,,477.0,576.0,227.0,490.0,77.0,,-875.0
466.0,-3620.0,,545.0,737.0,196.0,443.0,293.0,,-851.0
504.0,-3290.0,,597.0,628.0,113.0,404.0,168.0,,-826.0
589.0,-3375.0,,612.0,483.0,58.0,363.0,247.0,,-779.0
567.0,-3887.0,,567.0,476.0,106.0,333.0,147.0,,-699.0
748.0,-4016.0,,508.0,369.0,336.0,335.0,83.0,,-613.0
593.0,-2887.0,,449.0,115.0,521.0,388.0,219.0,,-542.0
739.0,-797.0,,422.0,-149.0,606.0,434.0,123.0,,-479.0
671.0,1273.0,,360.0,-399.0,570.0,434.0,303.0,,-412.0
842.0,2875.0,,271.0,-524.0,508.0,392.0,205.0,,-325.0
852.0,3876.0,,212.0,-608.0,523.0,328.0,254.0,,-187.0
798.0,4019.0,,169.0,-764.0,513.0,272.0,203.0,,-12.0
934.0,3438.0,,131.0,-833.0,344.0,249.0,-16.0,,166.0
841.0,2748.0,,77.0,-791.0,228.0,266.0,-20.0,,328.0
978.0,1979.0,,110.0,-736.0,35.0,300.0,-330.0,,449.0
822.0,593.0,,103.0,-783.0,-196.0,305.0,-332.0,,531.0
907.0,-1445.0,,126.0,-996.0,-285.0,286.0,-417.0,,547.0
786.0,-3401.0,,208.0,-1077.0,-249.0,274.0,-371.0,,501.0
793.0,-4517.0,,197.0,-843.0,-125.0,279.0,-230.0,,449.0
681.0,-4363.0,,226.0,-519.0,-154.0,291.0,-299.0,,392.0
583.0,-2926.0,,281.0,-197.0,4.0,273.0,-149.0,,351.0
559.0,-926.0,,286.0,33.0,180.0,225.0,-349.0,,352.0
391.0,406.0,,234.0,115.0,148.0,144.0,-328.0,,354.0
365.0,229.0,,179.0,163.0,165.0,98.0,-400.0,,350.0
161.0,-564.0,,124.0,85.0,421.0,98.0,-452.0,,376.0
160.0,-658.0,,28.0,-108.0,679.0,115.0,-269.0,,430.0
-114.0,-841.0,,-27.0,-319.0,822.0,161.0,-360.0,,496.0
-80.0,-2097.0,,-63.0,-691.0,939.0,168.0,-158.0,,557.0
-188.0,-3483.0,,-129.0,-1044.0,1016.0,161.0,-260.0,,580.0
-230.0,-4178.0,,-235.0,-1089.0,1044.0,151.0,-286.0,,585.0
-378.0,-4244.0,,-311.0,-855.0,713.0,131.0,-334.0,,572.0
-482.0,-4060.0,,-346.0,-313.0,352.0,127.0,-485.0,,508.0
-419.0,-3870.0,,-354.0,398.0,200.0,113.0,-332.0,,386.0
-578.0,-3154.0,,-337.0,1050.0,198.0,102.0,-445.0,,175.0
-428.0,-1848.0,,-392.0,1669.0,61.0,90.0,-277.0,,-92.0
-596.0,-292.0,,-479.0,2062.0,-152.0,85.0,-323.0,,-361.0
-437.0,1242.0,,-546.0,2006.0,-46.0,95.0,-277.0,,-622.0
-572.0,2021.0,,-614.0,1599.0,226.0,109.0,-133.0,,-867.0
-384.0,1645.0,,-653.0,982.0,448.0,81.0,-264.0,,-1073.0
-335.0,464.0,,-656.0,421.0,496.0,18.0,-44.0,,-1212.0
-269.0,-1136.0,,-644.0,57.0,421.0,-26.0,-88.0,,-1297.0
-41.0,-2598.0,,-619.0,-294.0,347.0,-54.0,151.0,,-1366.0
-176.0,-3089.0,,-593.0,-578.0,295.0,-45.0,365.0,,-1448.0
109.0,-2386.0,,-526.0,-682.0,105.0,-46.0,408.0,,-1538.0
-55.0,-1278.0,,-460.0,-689.0,-76.0,-54.0,567.0,,-1638.0
240.0,-671.0,,-429.0,-603.0,-162.0,-52.0,391.0,,-1735.0
109.0,-147.0,,-352.0,-563.0,-104.0,-50.0,443.0,,-1771.0
172.0,918.0,,-276.0,-543.0,6.0,-36.0,206.0,,-1733.0
170.0,2200.0,,-200.0,-299.0,4.0,-38.0,81.0,,-1647.0
91.0,3480.0,,-113.0,-36.0,20.0,-37.0,20.0,,-1553.0
340.0,4722.0,,-38.0,32.0,135.0,-48.0,-160.0,,-1483.0
72.0,5427.0,,24.0,-61.0,210.0,-57.0,16.0,,-1448.0
274.0,5309.0,,101.0,-436.0,145.0,-62.0,-96.0,,-1438.0
35.0,4869.0,,256.0,-970.0,25.0,-71.0,7.0,,-1440.0
237.0,4364.0,,378.0,-1424.0,-94.0,-56.0,-120.0,,-1456.0
58.0,3709.0,,439.0,-1766.0,-79.0,-32.0,-308.0,,-1482.0
-41.0,2744.0,,546.0,-1761.0,-131.0,-60.0,-275.0,,-1507.0
68.0,1510.0,,657.0,-1295.0,-338.0,-155.0,-456.0,,-1516.0
-107.0,312.0,,695.0,-563.0,-678.0,-254.0,-306.0,,-1519.0
14.0,-882.0,,645.0,316.0,-941.0,-299.0,-474.0,,-1534.0
-358.0,-2140.0,,596.0,1024.0,-989.0,-286.0,-485.0,,-1537.0
-290.0,-3328.0,,503.0,1271.0,-949.0,-261.0,-473.0,,-1499.0
-615.0,-4110.0,,400.0,1274.0,-918.0,-210.0,-633.0,,-1398.0
-620.0,-4059.0,,344.0,1313.0,-838.0,-175.0,-559.0,,-1257.0
-660.0,-3106.0,,187.0,1398.0,-502.0,-167.0,-787.0,,-1107.0
-752.0,-2359.0,,80.0,1302.0,-275.0,-152.0,-678.0,,-980.0
-632.0,-2709.0,,32.0,849.0,-344.0,-169.0,-648.0,,-890.0
-822.0,-3659.0,,-51.0,270.0,-610.0,-189.0,-530.0,,-823.0
-646.0,-4819.0,,-71.0,-171.0,-685.0,-209.0,-345.0,,-770.0
-850.0,-5792.0,,-95.0,-303.0,-536.0,-232.0,-430.0,,-707.0
-708.0,-5936.0,,-86.0,29.0,-489.0,-255.0,-230.0,,-618.0
-763.0,-5032.0,,-33.0,523.0,-484.0,-265.0,-406.0,,-521.0
-751.0,-3692.0,,-15.0,899.0,-277.0,-258.0,-371.0,,-448.0
-741.0,-2463.0,,-22.0,1235.0,235.0,-258.0,-397.0,,-399.0
-746.0,-1518.0,,-12.0,1452.0,696.0,-251.0,-487.0,,-360.0
-500.0,-1259.0,,20.0,1512.0,997.0,-243.0,-277.0,,-355.0
-512.0,-1093.0,,36.0,1476.0,1401.0,-244.0,-408.0,,-357.0
-248.0,-149.0,,93.0,1227.0,1803.0,-227.0,-253.0,,-326.0
-349.0,1338.0,,138.0,832.0,1857.0,-195.0,-343.0,,-242.0
-239.0,2778.0,,149.0,444.0,1558.0,-196.0,-373.0,,-120.0
-189.0,3712.0,,211.0,0.0,999.0,-214.0,-319.0,,-30.0
-106.0,3802.0,,282.0,-422.0,784.0,-196.0,-389.0,,-10.0
-29.0,3298.0,,379.0,-747.0,900.0,-137.0,-84.0,,-79.0
-110.0,2899.0,,498.0,-946.0,824.0,-88.0,-46.0,,-205.0
-32.0,2896.0,,520.0,-892.0,719.0,-65.0,251.0,,-317.0
-133.0,3064.0,,545.0,-780.0,682.0,-57.0,341.0,,-377.0
-68.0,3108.0,,622.0,-775.0,896.0,-44.0,327.0,,-389.0
-197.0,2949.0,,598.0,-779.0,1068.0,16.0,423.0,,-351.0
-213.0,2468.0,,622.0,-824.0,1103.0,64.0,229.0,,-263.0
-351.0,2169.0,,696.0,-853.0,1208.0,73.0,399.0,,-167.0
-350.0,2473.0,,727.0,-837.0,1230.0,63.0,312.0,,-59.0
-366.0,2878.0,,771.0,-881.0,1425.0,32.0,352.0,,57.0
-471.0,2810.0,,785.0,-828.0,1708.0,37.0,325.0,,228.0
-537.0,1936.0,,771.0,-701.0,1704.0,82.0,110.0,,494.0
-711.0,731.0,,747.0,-728.0,1582.0,142.0,162.0,,853.0
-782.0,-104.0,,740.0,-814.0,1364.0,180.0,-66.0,,1315.0
-1005.0,-351.0,,716.0,-893.0,1168.0,180.0,-9.0,,1808.0
-925.0,-542.0,,638.0,-932.0,1073.0,198.0,-129.0,,2271.0
-1051.0,-1030.0,,550.0,-792.0,868.0,240.0,-175.0,,2651.0
-1005.0,-1762.0,,532.0,-559.0,928.0,288.0,-109.0,,2980.0
-1119.0,-2796.0,,563.0,-272.0,1219.0,350.0,-369.0,,3331.0
-1199.0,-3379.0,,534.0,76.0,1415.0,361.0,-336.0,,3685.0
-1211.0,-3193.0,,483.0,314.0,1597.0,317.0,-526.0,,3987.0
-1325.0,-2548.0,,505.0,425.0,1617.0,266.0,-445.0,,4156.0
-1228.0,-1692.0,,545.0,342.0,1781.0,240.0,-380.0,,4190.0
-1370.0,-1106.0,,531.0,-18.0,1982.0,268.0,-487.0,,4127.0
-1155.0,-860.0,,629.0,-366.0,1755.0,278.0,-463.0,,3987.0
-1277.0,-504.0,,711.0,-578.0,1554.0,265.0,-678.0,,3798.0
-1201.0,179.0,,673.0,-742.0,1496.0,267.0,-563.0,,3554.0
-1249.0,932.0,,734.0,-796.0,1663.0,249.0,-715.0,,3195.0
-1151.0,1607.0,,792.0,-784.0,1783.0,230.0,-726.0,,2709.0
-923.0,1929.0,,772.0,-672.0,1650.0,227.0,-609.0,,2137.0
-927.0,1614.0,,830.0,-329.0,1757.0,208.0,-652.0,,1564.0
-668.0,757.0,,876.0,134.0,1951.0,185.0,-397.0,,1077.0
-799.0,-392.0,,803.0,629.0,2230.0,151.0,-530.0,,695.0
-568.0,-1349.0,,814.0,1042.0,2433.0,102.0,-513.0,,417.0
-569.0,-1551.0,,771.0,1139.0,2547.0,71.0,-635.0,,210.0
-366.0,-615.0,,653.0,976.0,2804.0,20.0,-724.0,,41.0
-274.0,1212.0,,637.0,737.0,2929.0,-26.0,-565.0,,-118.0
-229.0,2961.0,,630.0,506.0,2852.0,-63.0,-624.0,,-264.0
-56.0,3959.0,,592.0,389.0,2742.0,-101.0,-347.0,,-376.0
-134.0,4471.0,,557.0,279.0,2661.0,-128.0,-360.0,,-481.0
71.0,4761.0,,613.0,159.0,2623.0,-172.0,-266.0,,-598.0
-23.0,4551.0,,611.0,177.0,2558.0,-221.0,-188.0,,-751.0
122.0,3952.0,,616.0,169.0,2315.0,-289.0,-258.0,,-978.0
6.0,3350.0,,716.0,115.0,2228.0,-350.0,-12.0,,-1259.0
31.0,2836.0,,763.0,61.0,2261.0,-380.0,-3.0,,-1505.0
45.0,2263.0,,743.0,-162.0,2216.0,-380.0,336.0,,-1660.0
-61.0,1268.0,,709.0,-442.0,2366.0,-362.0,500.0,,-1657.0
1.0,74.0,,778.0,-559.0,2516.0,-389.0,519.0,,-1500.0
-238.0,-699.0,,844.0,-505.0,2525.0,-449.0,524.0,,-1269.0
-187.0,-1227.0,,872.0,-330.0,2529.0,-509.0,262.0,,-974.0
-288.0,-1892.0,,861.0,-233.0,2397.0,-531.0,275.0,,-658.0
-260.0,-2470.0,,729.0,-355.0,2203.0,-539.0,3.0,,-355.0
-300.0,-2588.0,,660.0,-615.0,1770.0,-547.0,-12.0,,-81.0
-327.0,-2230.0,,667.0,-978.0,1287.0,-545.0,12.0,,183.0
-215.0,-1764.0,,660.0,-1232.0,1281.0,-573.0,0.0,,456.0
-306.0,-1392.0,,674.0,-1189.0,1313.0,-615.0,186.0,,713.0
-242.0,-1029.0,,632.0,-1006.0,1084.0,-643.0,5.0,,950.0
-260.0,-854.0,,682.0,-731.0,707.0,-657.0,16.0,,1142.0
-178.0,-1145.0,,747.0,-442.0,709.0,-670.0,-275.0,,1287.0
-136.0,-1705.0,,688.0,-378.0,1095.0,-684.0,-482.0,,1398.0
-102.0,-2059.0,,757.0,-395.0,1184.0,-692.0,-578.0,,1514.0
25.0,-2093.0,,771.0,-341.0,1007.0,-698.0,-833.0,,1609.0
148.0,-1926.0,,678.0,-375.0,1006.0,-690.0,-696.0,,1646.0
366.0,-1488.0,,605.0,-477.0,1096.0,-670.0,-796.0,,1611.0
468.0,-879.0,,492.0,-565.0,962.0,-664.0,-692.0,,1510.0
587.0,-466.0,,325.0,-532.0,703.0,-662.0,-716.0,,1392.0
685.0,-207.0,,144.0,-242.0,451.0,-651.0,-792.0,,1247.0
751.0,78.0,,103.0,177.0,476.0,-656.0,-630.0,,1109.0
873.0,201.0,,44.0,619.0,467.0,-656.0,-613.0,,970.0
984.0,171.0,,-86.0,1095.0,229.0,-654.0,-332.0,,838.0
1187.0,224.0,,-168.0,1497.0,8.0,-665.0,-375.0,,752.0
1367.0,403.0,,-217.0,1761.0,-228.0,-660.0,-304.0,,714.0
1372.0,574.0,,-271.0,1819.0,-343.0,-658.0,-253.0,,730.0
1426.0,640.0,,-322.0,1545.0,-429.0,-651.0,-269.0,,777.0
1558.0,718.0,,-318.0,1065.0,-564.0,-612.0,14.0,,873.0
1655.0,903.0,,-390.0,609.0,-582.0,-584.0,-94.0,,984.0
1761.0,1018.0,,-445.0,327.0,-467.0,-564.0,-51.0,,1068.0
1749.0,790.0,,-418.0,298.0,-256.0,-567.0,-203.0,,1137.0
1720.0,367.0,,-418.0,327.0,96.0,-582.0,-352.0,,1207.0
1585.0,-122.0,,-432.0,262.0,253.0,-582.0,-408.0,,1313.0
1462.0,-972.0,,-460.0,267.0,82.0,-578.0,-657.0,,1453.0
1401.0,-2147.0,,-410.0,362.0,6.0,-550.0,-585.0,,1597.0
1324.0,-3171.0,,-353.0,451.0,-5.0,-540.0,-746.0,,1721.0
1345.0,-3593.0,,-304.0,569.0,-195.0,-537.0,-565.0,,1802.0
1225.0,-3161.0,,-277.0,622.0,-437.0,-532.0,-380.0,,1848.0
1119.0,-1800.0,,-339.0,535.0,-575.0,-512.0,-282.0,,1882.0
1020.0,-132.0,,-390.0,300.0,-468.0,-480.0,88.0,,1915.0
1047.0,1025.0,,-462.0,-153.0,-432.0,-475.0,136.0,,1967.0
1030.0,1349.0,,-540.0,-646.0,-828.0,-470.0,373.0,,2031.0
884.0,971.0,,-602.0,-914.0,-1185.0,-484.0,232.0,,2080.0
887.0,429.0,,-664.0,-931.0,-1118.0,-488.0,97.0,,2084.0
843.0,-14.0,,-734.0,-752.0,-859.0,-489.0,101.0,,2029.0
876.0,-251.0,,-741.0,-533.0,-815.0,-498.0,11.0,,1954.0
867.0,-375.0,,-799.0,-429.0,-1022.0,-503.0,210.0,,1834.0
859.0,-508.0,,-876.0,-353.0,-1348.0,-514.0,72.0,,1672.0
812.0,-856.0,,-778.0,-267.0,-1430.0,-507.0,253.0,,1496.0
758.0,-1438.0,,-771.0,-250.0,-1521.0,-521.0,317.0,,1335.0
779.0,-1855.0,,-821.0,-283.0,-1819.0,-536.0,351.0,,1226.0
765.0,-1809.0,,-817.0,-410.0,-1759.0,-511.0,530.0,,1138.0
858.0,-1261.0,,-886.0,-553.0,-1592.0,-488.0,312.0,,1055.0
867.0,-674.0,,-943.0,-476.0,-1438.0,-464.0,389.0,,990.0
919.0,-112.0,,-964.0,-215.0,-1412.0,-433.0,177.0,,1010.0
961.0,454.0,,-1027.0,131.0,-1642.0,-405.0,133.0,,1113.0
1040.0,1076.0,,-1101.0,510.0,-1746.0,-396.0,110.0,,1264.0
1123.0,1883.0,,-1148.0,750.0,-1784.0,-432.0,-101.0,,1415.0
1106.0,2864.0,,-1185.0,866.0,-1917.0,-440.0,-25.0,,1489.0
1211.0,3899.0,,-1261.0,884.0,-2199.0,-416.0,-236.0,,1488.0
1230.0,4471.0,,-1304.0,714.0,-2533.0,-395.0,-131.0,,1425.0
1263.0,4406.0,,-1290.0,511.0,-2677.0,-343.0,-138.0,,1324.0
1296.0,3681.0,,-1305.0,388.0,-2751.0,-321.0,-110.0,,1198.0
1347.0,2669.0,,-1363.0,306.0,-2801.0,-303.0,-12.0,,1026.0
1344.0,1716.0,,-1432.0,303.0,-2739.0,-289.0,-179.0,,740.0
1264.0,919.0,,-1435.0,344.0,-2542.0,-294.0,-24.0,,352.0
1286.0,441.0,,-1491.0,449.0,-2390.0,-266.0,-166.0,,-64.0
1190.0,129.0,,-1484.0,707.0,-2575.0,-224.0,-72.0,,-442.0
1114.0,-69.0,,-1448.0,1006.0,-2818.0,-160.0,-1.0,,-699.0
994.0,-327.0,,-1395.0,1255.0,-2947.0,-121.0,-83.0,,-831.0
885.0,-518.0,,-1328.0,1433.0,-2805.0,-105.0,27.0,,-859.0
746.0,-345.0,,-1350.0,1389.0,-2620.0,-67.0,-186.0,,-798.0
499.0,25.0,,-1220.0,1148.0,-2759.0,-30.0,-144.0,,-659.0
293.0,235.0,,-1079.0,868.0,-3059.0,-11.0,-286.0,,-438.0
-22.0,-14.0,,-938.0,580.0,-3290.0,15.0,-269.0,,-114.0
-268.0,-628.0,,-852.0,373.0,-3276.0,67.0,-210.0,,287.0
-493.0,-1251.0,,-830.0,244.0,-3226.0,106.0,-404.0,,720.0
-712.0,-1545.0,,-873.0,94.0,-3177.0,151.0,-197.0,,1096.0
-916.0,-1283.0,,-956.0,2.0,-3004.0,183.0,-177.0,,1323.0
-1167.0,-684.0,,-1058.0,-27.0,-2699.0,214.0,109.0,,1408.0
-1399.0,-1.0,,-1210.0,-70.0,-2635.0,243.0,232.0,,1372.0
-1621.0,745.0,,-1235.0,-66.0,-2778.0,240.0,271.0,,1273.0
-1735.0,1514.0,,-1400.0,-102.0,-2761.0,230.0,521.0,,1164.0
-1895.0,2183.0,,-1479.0,-265.0,-2646.0,208.0,471.0,,1079.0
-2065.0,2545.0,,-1462.0,-436.0,-2518.0,203.0,694.0,,992.0
-2178.0,2538.0,,-1491.0,-612.0,-2570.0,221.0,637.0,,851.0
-2297.0,2106.0,,-1385.0,-792.0,-2744.0,232.0,726.0,,658.0
-2378.0,1483.0,,-1297.0,-918.0,-2704.0,238.0,849.0,,463.0
-2427.0,854.0,,-1294.0,-1085.0,-2512.0,235.0,727.0,,342.0
-2410.0,206.0,,-1197.0,-1285.0,-2522.0,232.0,777.0,,347.0
-2435.0,-424.0,,-1008.0,-1419.0,-2435.0,213.0,487.0,,461.0
-2520.0,-1023.0,,-1038.0,-1485.0,-2293.0,201.0,511.0,,596.0
-2507.0,-1260.0,,-965.0,-1375.0,-2148.0,198.0,436.0,,727.0
-2443.0,-1258.0,,-896.0,-1056.0,-2001.0,208.0,410.0,,828.0
-2437.0,-1111.0,,-1004.0,-739.0,-2042.0,241.0,521.0,,901.0
-2460.0,-785.0,,-1030.0,-460.0,-1946.0,241.0,352.0,,953.0
-2396.0,-509.0,,-1089.0,-215.0,-1747.0,210.0,500.0,,990.0
-2313.0,-355.0,,-1194.0,-79.0,-1552.0,174.0,295.0,,1043.0
-2239.0,-283.0,,-1266.0,32.0,-1372.0,159.0,218.0,,1078.0
-2174.0,-21.0,,-1245.0,180.0,-1286.0,165.0,79.0,,1099.0
-2277.0,304.0,,-1304.0,380.0,-1312.0,179.0,-179.0,,1127.0
-2347.0,555.0,,-1349.0,636.0,-1079.0,211.0,-112.0,,1232.0
-2400.0,827.0,,-1353.0,794.0,-845.0,229.0,-341.0,,1417.0
-2516.0,972.0,,-1398.0,791.0,-885.0,211.0,-234.0,,1658.0
-2601.0,643.0,,-1393.0,801.0,-1048.0,182.0,-258.0,,1923.0
-2654.0,-245.0,,-1418.0,869.0,-1141.0,153.0,-181.0,,2115.0
-2633.0,-1109.0,,-1461.0,920.0,-937.0,113.0,-68.0,,2215.0
-2719.0,-1554.0,,-1517.0,889.0,-863.0,90.0,-282.0,,2200.0
-2862.0,-1663.0,,-1550.0,745.0,-875.0,70.0,-219.0,,2040.0
-2987.0,-1756.0,,-1547.0,618.0,-894.0,27.0,-432.0,,1709.0
-3088.0,-1813.0,,-1531.0,563.0,-814.0,-17.0,-282.0,,1216.0
-3127.0,-1714.0,,-1533.0,529.0,-723.0,-45.0,-182.0,,603.0
-3203.0,-1498.0,,-1568.0,624.0,-761.0,-51.0,-171.0,,-51.0
-3313.0,-1029.0,,-1534.0,880.0,-849.0,-46.0,51.0,,-686.0
-3440.0,-446.0,,-1468.0,1123.0,-696.0,-40.0,-72.0,,-1278.0
-3519.0,243.0,,-1518.0,1271.0,-323.0,-60.0,144.0,,-1797.0
-3465.0,1002.0,,-1362.0,1230.0,-245.0,-123.0,83.0,,-2203.0
-3456.0,1595.0,,-993.0,916.0,-173.0,-196.0,36.0,,-2463.0
-3428.0,1810.0,,-1017.0,518.0,-188.0,-239.0,22.0,,-2601.0
-3383.0,1580.0,,-878.0,145.0,-102.0,-242.0,-179.0,,-2622.0
-3351.0,1210.0,,-633.0,-196.0,66.0,-223.0,-153.0,,-2623.0
-3311.0,961.0,,-707.0,-431.0,3.0,-232.0,-437.0,,-2717.0
-3258.0,1017.0,,-425.0,-623.0,-176.0,-277.0,-395.0,,-2933.0
-3054.0,1411.0,,-222.0,-825.0,-212.0,-347.0,-410.0,,-3232.0
-2951.0,1700.0,,-300.0,-955.0,-45.0,-412.0,-349.0,,-3582.0
-2789.0,1543.0,,-168.0,-1010.0,31.0,-412.0,-136.0,,-3968.0
-2731.0,1222.0,,-28.0,-989.0,40.0,-406.0,-229.0,,-4355.0
-2650.0,1040.0,,-140.0,-887.0,-247.0,-392.0,-29.0,,-4780.0
-2508.0,1199.0,,-162.0,-838.0,-507.0,-344.0,-123.0,,-5191.0
-2417.0,1507.0,,-44.0,-853.0,-868.0,-312.0,-55.0,,-5498.0
-2211.0,1795.0,,-93.0,-884.0,-1210.0,-305.0,33.0,,-5665.0
-2188.0,2141.0,,-58.0,-977.0,-1195.0,-314.0,18.0,,-5640.0
-2075.0,2178.0,,-24.0,-1028.0,-1055.0,-342.0,249.0,,-5456.0
-2058.0,1872.0,,-26.0,-960.0,-738.0,-392.0,214.0,,-5210.0
-1921.0,1309.0,,29.0,-814.0,-610.0,-419.0,450.0,,-4972.0
-1842.0,650.0,,19.0,-524.0,-652.0,-398.0,467.0,,-4774.0
-1821.0,166.0,,79.0,-78.0,-840.0,-372.0,528.0,,-4606.0
-1672.0,-138.0,,179.0,403.0,-1003.0,-385.0,583.0,,-4435.0
-1655.0,-431.0,,309.0,791.0,-1059.0,-403.0,327.0,,-4244.0
-1461.0,-807.0,,328.0,964.0,-1100.0,-426.0,382.0,,-4019.0
-1472.0,-1033.0,,250.0,967.0,-1235.0,-450.0,205.0,,-3794.0
-1411.0,-1213.0,,360.0,980.0,-1325.0,-437.0,245.0,,-3626.0
-1377.0,-1320.0,,397.0,992.0,-872.0,-425.0,123.0,,-3526.0
-1344.0,-1438.0,,379.0,937.0,-259.0,-395.0,-101.0,,-3450.0
-1274.0,-1696.0,,371.0,875.0,87.0,-398.0,-133.0,,-3347.0
-1295.0,-1875.0,,364.0,760.0,185.0,-411.0,-408.0,,-3161.0
-1248.0,-2085.0,,277.0,595.0,319.0,-378.0,-301.0,,-2862.0
-1263.0,-2279.0,,161.0,447.0,415.0,-369.0,-323.0,,-2554.0
-1097.0,-2434.0,,181.0,256.0,235.0,-372.0,-160.0,,-2322.0
-1051.0,-2441.0,,93.0,52.0,-160.0,-377.0,-27.0,,-2178.0
-855.0,-2282.0,,13.0,-95.0,-431.0,-366.0,-160.0,,-2155.0
-595.0,-2218.0,,-72.0,-190.0,-321.0,-318.0,-90.0,,-2227.0
-384.0,-2366.0,,-121.0,-176.0,-129.0,-290.0,-295.0,,-2357.0
-245.0,-2709.0,,-186.0,-102.0,-148.0,-294.0,-190.0,,-2535.0
-183.0,-2928.0,,-222.0,-103.0,-262.0,-268.0,-247.0,,-2734.0
35.0,-2948.0,,-169.0,-150.0,-70.0,-250.0,-279.0,,-2912.0
130.0,-2612.0,,-115.0,-201.0,431.0,-250.0,-212.0,,-3023.0
333.0,-1919.0,,20.0,-239.0,903.0,-232.0,-474.0,,-3056.0
485.0,-1129.0,,70.0,-171.0,976.0,-238.0,-450.0,,-2999.0
723.0,-346.0,,252.0,-33.0,955.0,-245.0,-696.0,,-2845.0
1001.0,200.0,,382.0,89.0,1001.0,-243.0,-726.0,,-2612.0
1184.0,567.0,,375.0,220.0,955.0,-239.0,-755.0,,-2338.0
1289.0,748.0,,583.0,232.0,784.0,-246.0,-785.0,,-2072.0
1348.0,812.0,,735.0,14.0,552.0,-266.0,-493.0,,-1788.0
1552.0,738.0,,897.0,-235.0,617.0,-260.0,-487.0,,-1439.0
1706.0,493.0,,1137.0,-333.0,571.0,-245.0,-218.0,,-1026.0
1877.0,211.0,,1311.0,-235.0,441.0,-247.0,-192.0,,-560.0
1943.0,-84.0,,1505.0,17.0,441.0,-276.0,-79.0,,-94.0
2087.0,-237.0,,1665.0,211.0,544.0,-302.0,112.0,,351.0
2175.0,-258.0,,1843.0,263.0,655.0,-317.0,62.0,,781.0
2234.0,6.0,,1884.0,253.0,609.0,-291.0,266.0,,1178.0
2280.0,436.0,,1833.0,208.0,653.0,-230.0,121.0,,1530.0
2254.0,778.0,,1766.0,204.0,744.0,-191.0,238.0,,1845.0
2207.0,972.0,,1563.0,215.0,946.0,-159.0,297.0,,2170.0
2166.0,903.0,,1343.0,79.0,1221.0,-191.0,197.0,,2492.0
2320.0,585.0,,1166.0,-154.0,1232.0,-253.0,240.0,,2805.0
2356.0,-114.0,,1076.0,-320.0,924.0,-278.0,3.0,,3027.0
2490.0,-1063.0,,843.0,-360.0,954.0,-257.0,38.0,,3092.0
2515.0,-1784.0,,556.0,-231.0,1433.0,-202.0,-105.0,,3028.0
2551.0,-2086.0,,390.0,-32.0,1836.0,-174.0,-70.0,,2860.0
2617.0,-2155.0,,168.0,114.0,1803.0,-166.0,11.0,,2653.0
2679.0,-2091.0,,-84.0,277.0,1514.0,-171.0,-101.0,,2415.0
2822.0,-1935.0,,-261.0,379.0,1462.0,-149.0,22.0,,2167.0
2811.0,-1727.0,,-343.0,380.0,1252.0,-117.0,-240.0,,1899.0
2879.0,-1629.0,,-404.0,367.0,877.0,-83.0,-362.0,,1585.0
2830.0,-1566.0,,-446.0,260.0,612.0,-49.0,-630.0,,1203.0
2837.0,-1234.0,,-523.0,71.0,677.0,-57.0,-842.0,,752.0
2857.0,-803.0,,-646.0,-109.0,940.0,-65.0,-801.0,,310.0
3002.0,-569.0,,-648.0,-307.0,1053.0,-71.0,-957.0,,-117.0
3138.0,-608.0,,-590.0,-443.0,1178.0,-60.0,-772.0,,-468.0
3225.0,-596.0,,-580.0,-474.0,1327.0,-39.0,-833.0,,-728.0
3357.0,-329.0,,-489.0,-519.0,1691.0,-31.0,-761.0,,-942.0
3428.0,103.0,,-342.0,-600.0,2093.0,-31.0,-755.0,,-1094.0
3575.0,584.0,,-273.0,-711.0,2203.0,-56.0,-933.0,,-1207.0
3589.0,1157.0,,-219.0,-735.0,2003.0,-66.0,-807.0,,-1268.0
3677.0,1660.0,,-124.0,-525.0,1870.0,-40.0,-927.0,,-1237.0
3708.0,1586.0,,-82.0,-309.0,1934.0,-20.0,-705.0,,-1114.0
3812.0,1100.0,,-28.0,-250.0,1921.0,29.0,-641.0,,-989.0
3872.0,539.0,,65.0,-230.0,1672.0,110.0,-617.0,,-905.0
3903.0,104.0,,88.0,-231.0,1243.0,172.0,-500.0,,-890.0
3929.0,-185.0,,201.0,-197.0,1019.0,234.0,-648.0,,-960.0
3874.0,-366.0,,389.0,-36.0,851.0,275.0,-493.0,,-1036.0
3934.0,-279.0,,562.0,186.0,560.0,296.0,-642.0,,-1118.0
3875.0,-143.0,,846.0,441.0,108.0,303.0,-637.0,,-1218.0
3936.0,-153.0,,1058.0,616.0,-191.0,279.0,-635.0,,-1340.0
3824.0,-279.0,,1231.0,573.0,-89.0,255.0,-670.0,,-1503.0
3704.0,-378.0,,1429.0,472.0,210.0,245.0,-461.0,,-1697.0
3603.0,-380.0,,1499.0,385.0,370.0,238.0,-578.0,,-1922.0
3450.0,-313.0,,1477.0,311.0,438.0,244.0,-469.0,,-2162.0
3375.0,-133.0,,1467.0,418.0,928.0,247.0,-648.0,,-2376.0
3203.0,25.0,,1478.0,576.0,1292.0,253.0,-724.0,,-2530.0
3085.0,-89.0,,1463.0,552.0,1459.0,288.0,-663.0,,-2644.0
2846.0,-343.0,,1430.0,325.0,1445.0,313.0,-753.0,,-2691.0
2709.0,-425.0,,1362.0,-92.0,1170.0,299.0,-480.0,,-2671.0
2442.0,-364.0,,1222.0,-523.0,1079.0,256.0,-474.0,,-2587.0
2152.0,-178.0,,872.0,-784.0,934.0,197.0,-254.0,,-2405.0
1944.0,48.0,,747.0,-874.0,710.0,144.0,-238.0,,-2151.0
1684.0,177.0,,674.0,-723.0,452.0,110.0,-291.0,,-1833.0
1546.0,295.0,,155.0,-399.0,404.0,86.0,-97.0,,-1455.0
1320.0,409.0,,-69.0,-214.0,492.0,76.0,-147.0,,-1021.0
1253.0,390.0,,-328.0,-192.0,491.0,65.0,101.0,,-553.0
1121.0,279.0,,-1013.0,-208.0,338.0,59.0,27.0,,-74.0
987.0,225.0,,-1128.0,-272.0,194.0,77.0,44.0,,381.0
925.0,185.0,,-1056.0,-364.0,430.0,123.0,-33.0,,728.0
821.0,165.0,,-1425.0,-498.0,701.0,144.0,-347.0,,897.0
788.0,285.0,,-1295.0,-618.0,861.0,143.0,-323.0,,845.0
595.0,551.0,,-901.0,-584.0,838.0,135.0,-524.0,,556.0
364.0,883.0,,-879.0,-436.0,789.0,104.0,-391.0,,52.0
152.0,1323.0,,-753.0,-233.0,744.0,109.0,-388.0,,-561.0
-24.0,1865.0,,-414.0,-26.0,727.0,116.0,-334.0,,-1164.0
-113.0,2241.0,,-178.0,33.0,665.0,138.0,-206.0,,-1688.0
-252.0,2240.0,,34.0,32.0,481.0,166.0,-413.0,,-2077.0
-320.0,1671.0,,404.0,103.0,621.0,148.0,-328.0,,-2304.0
-241.0,696.0,,648.0,148.0,797.0,129.0,-570.0,,-2363.0
-220.0,-364.0,,814.0,190.0,575.0,97.0,-641.0,,-2251.0
-166.0,-1497.0,,962.0,226.0,177.0,91.0,-672.0,,-2002.0
-162.0,-2487.0,,1204.0,177.0,242.0,87.0,-757.0,,-1668.0
-107.0,-3141.0,,1496.0,152.0,367.0,84.0,-591.0,,-1279.0
-156.0,-3287.0,,1743.0,164.0,219.0,113.0,-731.0,,-883.0
-305.0,-3002.0,,1930.0,143.0,69.0,93.0,-641.0,,-542.0
-289.0,-2519.0,,2006.0,207.0,85.0,71.0,-794.0,,-325.0
-360.0,-1876.0,,2159.0,318.0,310.0,56.0,-918.0,,-269.0
-336.0,-1306.0,,2264.0,367.0,391.0,20.0,-897.0,,-372.0
-438.0,-779.0,,2332.0,458.0,412.0,-4.0,-1031.0,,-584.0
-493.0,-186.0,,2345.0,533.0,393.0,-40.0,-888.0,,-810.0
-526.0,540.0,,2314.0,478.0,584.0,-60.0,-1049.0,,-1017.0
-546.0,1342.0,,2082.0,344.0,699.0,-47.0,-992.0,,-1139.0
-541.0,1807.0,,1843.0,166.0,719.0,-53.0,-907.0,,-1148.0
-701.0,1706.0,,1680.0,-19.0,880.0,-38.0,-763.0,,-1034.0
-709.0,1253.0,,1319.0,-228.0,901.0,-59.0,-480.0,,-774.0
-820.0,659.0,,1078.0,-476.0,804.0,-124.0,-533.0,,-421.0
-855.0,64.0,,1026.0,-623.0,450.0,-180.0,-295.0,,1.0
-924.0,-267.0,,955.0,-627.0,73.0,-234.0,-271.0,,436.0
-921.0,-345.0,,781.0,-612.0,-325.0,-244.0,-49.0,,843.0
-893.0,-178.0,,687.0,-556.0,-527.0,-263.0,197.0,,1232.0
-977.0,41.0,,506.0,-493.0,-569.0,-267.0,243.0,,1624.0
-952.0,151.0,,284.0,-533.0,-641.0,-258.0,484.0,,2035.0
-987.0,336.0,,242.0,-611.0,-731.0,-278.0,304.0,,2459.0
-881.0,539.0,,114.0,-664.0,-829.0,-299.0,332.0,,2872.0
-855.0,476.0,,18.0,-606.0,-541.0,-350.0,223.0,,3210.0
-849.0,171.0,,-17.0,-379.0,-177.0,-415.0,169.0,,3489.0
-881.0,-108.0,,-141.0,-155.0,152.0,-447.0,264.0,,3748.0
-884.0,-306.0,,-219.0,-28.0,369.0,-442.0,109.0,,4010.0
-761.0,-415.0,,-225.0,82.0,400.0,-416.0,227.0,,4274.0
-784.0,-655.0,,-203.0,99.0,467.0,-378.0,112.0,,4514.0
-797.0,-930.0,,-105.0,34.0,498.0,-334.0,306.0,,4685.0
-776.0,-1083.0,,23.0,8.0,233.0,-297.0,500.0,,4755.0
-759.0,-1226.0,,155.0,-51.0,-183.0,-266.0,521.0,,4720.0
-854.0,-1158.0,,354.0,-125.0,-439.0,-247.0,591.0,,4531.0
-913.0,-766.0,,549.0,-148.0,-651.0,-234.0,164.0,,4207.0
-895.0,-130.0,,742.0,-123.0,-786.0,-188.0,3.0,,3772.0
-811.0,423.0,,978.0,70.0,-993.0,-121.0,-279.0,,3275.0
-671.0,802.0,,1198.0,391.0,-971.0,-32.0,-367.0,,2809.0
-566.0,1058.0,,1410.0,664.0,-765.0,38.0,-249.0,,2345.0
-433.0,1116.0,,1628.0,874.0,-770.0,43.0,-345.0,,1897.0
-400.0,1086.0,,1852.0,939.0,-945.0,34.0,-197.0,,1510.0
-311.0,1099.0,,2117.0,829.0,-1176.0,1.0,-332.0,,1179.0
-276.0,1176.0,,2314.0,692.0,-1158.0,1.0,-194.0,,911.0
-283.0,1114.0,,2489.0,549.0,-1220.0,42.0,-142.0,,733.0
-172.0,998.0,,2736.0,435.0,-1362.0,82.0,-81.0,,607.0
-67.0,973.0,,2784.0,418.0,-1345.0,132.0,303.0,,534.0
76.0,1050.0,,2697.0,411.0,-1262.0,156.0,404.0,,533.0
128.0,1124.0,,2541.0,385.0,-1193.0,168.0,724.0,,573.0
237.0,981.0,,2300.0,326.0,-1144.0,179.0,733.0,,685.0
288.0,812.0,,1987.0,157.0,-1078.0,182.0,840.0,,869.0
260.0,621.0,,1677.0,-16.0,-974.0,164.0,1005.0,,1151.0
266.0,445.0,,1414.0,-135.0,-857.0,135.0,947.0,,1515.0
164.0,477.0,,1055.0,-254.0,-872.0,131.0,1082.0,,1937.0
150.0,756.0,,640.0,-244.0,-883.0,133.0,855.0,,2404.0
87.0,983.0,,271.0,-121.0,-881.0,142.0,907.0,,2862.0
54.0,789.0,,-31.0,-50.0,-875.0,149.0,842.0,,3321.0
-34.0,479.0,,-278.0,-32.0,-989.0,134.0,709.0,,3738.0
-133.0,74.0,,-391.0,-114.0,-1175.0,114.0,807.0,,4066.0
-160.0,-404.0,,-561.0,-330.0,-1300.0,75.0,709.0,,4296.0
-381.0,-816.0,,-640.0,-554.0,-1276.0,62.0,875.0,,4442.0
-606.0,-1165.0,,-608.0,-709.0,-1141.0,87.0,750.0,,4538.0
-842.0,-1457.0,,-625.0,-748.0,-1147.0,98.0,739.0,,4643.0
-1008.0,-1835.0,,-617.0,-687.0,-1074.0,116.0,661.0,,4789.0
-1239.0,-2182.0,,-480.0,-691.0,-1023.0,130.0,408.0,,4905.0
-1411.0,-2424.0,,-298.0,-722.0,-1087.0,134.0,432.0,,4965.0
-1406.0,-2436.0,,-253.0,-683.0,-1254.0,120.0,210.0,,4935.0
-1369.0,-2274.0,,-80.0,-652.0,-1311.0,107.0,327.0,,4807.0
-1247.0,-2055.0,,-27.0,-559.0,-1193.0,92.0,303.0,,4636.0
-1186.0,-1816.0,,23.0,-374.0,-1131.0,63.0,301.0,,4422.0
-1065.0,-1530.0,,250.0,-189.0,-972.0,45.0,436.0,,4149.0
-958.0,-1276.0,,393.0,29.0,-742.0,2.0,334.0,,3777.0
-682.0,-1207.0,,639.0,252.0,-557.0,-9.0,524.0,,3270.0
-460.0,-1133.0,,920.0,492.0,-683.0,4.0,395.0,,2649.0
-397.0,-1126.0,,1103.0,784.0,-882.0,10.0,428.0,,1917.0
-279.0,-1145.0,,1164.0,907.0,-924.0,18.0,388.0,,1110.0
-246.0,-1208.0,,1282.0,821.0,-855.0,-7.0,205.0,,268.0
-37.0,-1267.0,,1540.0,746.0,-840.0,-50.0,275.0,,-567.0
60.0,-1368.0,,1653.0,703.0,-966.0,-74.0,55.0,,-1330.0
282.0,-1496.0,,1704.0,688.0,-809.0,-88.0,184.0,,-1978.0
449.0,-1247.0,,1761.0,696.0,-422.0,-111.0,162.0,,-2489.0
512.0,-831.0,,1661.0,574.0,-244.0,-137.0,194.0,,-2914.0
732.0,-312.0,,1452.0,359.0,-402.0,-179.0,352.0,,-3264.0
743.0,249.0,,1305.0,142.0,-435.0,-191.0,256.0,,-3550.0
1007.0,761.0,,1114.0,-73.0,-306.0,-191.0,369.0,,-3800.0
1153.0,1086.0,,815.0,-198.0,-303.0,-205.0,157.0,,-4037.0
1203.0,1186.0,,486.0,-309.0,-376.0,-207.0,158.0,,-4256.0
1148.0,1279.0,,12.0,-486.0,-361.0,-195.0,116.0,,-4354.0
1018.0,1262.0,,-463.0,-577.0,-392.0,-161.0,62.0,,-4329.0
1070.0,1172.0,,-937.0,-628.0,-477.0,-123.0,201.0,,-4209.0
877.0,956.0,,-1386.0,-693.0,-482.0,-75.0,5.0,,-4038.0
784.0,734.0,,-1779.0,-652.0,-317.0,-52.0,60.0,,-3848.0
516.0,401.0,,-2140.0,-544.0,-27.0,-37.0,-166.0,,-3608.0
384.0,19.0,,-2396.0,-397.0,-4.0,-35.0,-243.0,,-3313.0
178.0,-59.0,,-2619.0,-237.0,179.0,-46.0,-264.0,,-2945.0
-133.0,-26.0,,-2723.0,-172.0,501.0,-34.0,-473.0,,-2570.0
-231.0,-11.0,,-2774.0,-125.0,741.0,-20.0,-330.0,,-2237.0
-558.0,-106.0,,-2817.0,-45.0,848.0,37.0,-458.0,,-1936.0
-691.0,-83.0,,-2724.0,0.0,851.0,141.0,-290.0,,-1660.0
-1029.0,205.0,,-2554.0,106.0,1082.0,256.0,-230.0,,-1411.0
-1158.0,527.0,,-2345.0,277.0,1124.0,331.0,-212.0,,-1188.0
-1255.0,811.0,,-2186.0,396.0,897.0,355.0,-38.0,,-984.0
-1351.0,1058.0,,-2124.0,515.0,826.0,344.0,-125.0,,-837.0
-1279.0,1170.0,,-1913.0,566.0,1007.0,335.0,153.0,,-731.0
-1403.0,1066.0,,-1658.0,503.0,1139.0,341.0,210.0,,-687.0
-1197.0,799.0,,-1479.0,404.0,1224.0,368.0,423.0,,-722.0
-1238.0,468.0,,-1217.0,228.0,1264.0,423.0,558.0,,-793.0
-1144.0,155.0,,-1022.0,69.0,1446.0,471.0,495.0,,-925.0
-1061.0,-171.0,,-923.0,48.0,1644.0,534.0,665.0,,-1089.0
-959.0,-495.0,,-715.0,86.0,1463.0,587.0,487.0,,-1268.0
-767.0,-754.0,,-456.0,220.0,1170.0,621.0,569.0,,-1451.0
-706.0,-725.0,,-190.0,400.0,1033.0,670.0,476.0,,-1604.0
-439.0,-471.0,,115.0,429.0,1188.0,735.0,493.0,,-1755.0
-371.0,-203.0,,350.0,372.0,1288.0,810.0,620.0,,-1903.0
-216.0,201.0,,494.0,309.0,1164.0,858.0,463.0,,-2050.0
-211.0,546.0,,573.0,235.0,1085.0,884.0,572.0,,-2164.0
-126.0,652.0,,573.0,220.0,1261.0,917.0,436.0,,-2271.0
-66.0,611.0,,494.0,187.0,1432.0,964.0,609.0,,-2426.0
-93.0,531.0,,429.0,81.0,1372.0,1015.0,716.0,,-2602.0
-98.0,326.0,,349.0,13.0,1254.0,1059.0,696.0,,-2805.0
-105.0,38.0,,202.0,-58.0,1342.0,1092.0,820.0,,-3019.0
-45.0,-126.0,,20.0,-118.0,1395.0,1133.0,522.0,,-3246.0
-191.0,-160.0,,-253.0,-108.0,1106.0,1167.0,515.0,,-3501.0
-148.0,-124.0,,-508.0,-156.0,903.0,1218.0,264.0,,-3778.0
-209.0,-58.0,,-624.0,-220.0,1048.0,1291.0,59.0,,-4034.0
-180.0,165.0,,-912.0,-250.0,1417.0,1337.0,57.0,,-4270.0
-288.0,509.0,,-1354.0,-319.0,1581.0,1393.0,-64.0,,-4475.0
-444.0,950.0,,-1716.0,-349.0,1472.0,1435.0,136.0,,-4542.0
-571.0,1428.0,,-2016.0,-377.0,1245.0,1452.0,35.0,,-4467.0
-763.0,1695.0,,-2304.0,-512.0,1122.0,1459.0,138.0,,-4203.0
-925.0,1758.0,,-2550.0,-660.0,1026.0,1467.0,142.0,,-3734.0
-1200.0,1685.0,,-2640.0,-778.0,807.0,1480.0,79.0,,-3114.0
-1177.0,1450.0,,-2791.0,-785.0,680.0,1452.0,232.0,,-2352.0
-1375.0,1127.0,,-2916.0,-577.0,759.0,1413.0,101.0,,-1526.0
-1442.0,947.0,,-2880.0,-347.0,1116.0,1344.0,299.0,,-696.0
-1587.0,911.0,,-2796.0,-210.0,1379.0,1293.0,297.0,,86.0
-1802.0,806.0,,-2697.0,-115.0,1403.0,1291.0,424.0,,803.0
-1828.0,555.0,,-2573.0,-126.0,1441.0,1291.0,582.0,,1461.0
-1951.0,258.0,,-2338.0,-154.0,1727.0,1306.0,521.0,,2086.0
-1986.0,-91.0,,-2104.0,-119.0,2066.0,1291.0,626.0,,2743.0
-2155.0,-550.0,,-1893.0,-95.0,2161.0,1284.0,327.0,,3412.0
-2147.0,-1029.0,,-1588.0,-6.0,2156.0,1308.0,284.0,,4082.0
-2115.0,-1479.0,,-1313.0,86.0,2140.0,1333.0,121.0,,4738.0
-2036.0,-1859.0,,-1153.0,63.0,2093.0,1347.0,-46.0,,5355.0
-2023.0,-2115.0,,-941.0,30.0,1901.0,1327.0,-12.0,,5900.0
-1935.0,-2205.0,,-823.0,-35.0,1464.0,1273.0,-168.0,,6329.0
-1826.0,-2178.0,,-752.0,-150.0,1168.0,1197.0,-25.0,,6649.0
-1739.0,-1977.0,,-602.0,-209.0,1249.0,1153.0,-145.0,,6810.0
-1444.0,-1612.0,,-629.0,-254.0,1377.0,1121.0,-53.0,,6808.0
-1186.0,-1230.0,,-619.0,-234.0,1401.0,1076.0,18.0,,6633.0
-850.0,-897.0,,-515.0,-78.0,1311.0,1032.0,62.0,,6247.0
-690.0,-749.0,,-522.0,104.0,1454.0,995.0,399.0,,5742.0
-455.0,-729.0,,-508.0,307.0,1815.0,998.0,336.0,,5181.0
-279.0,-710.0,,-377.0,481.0,2026.0,995.0,519.0,,4594.0
-174.0,-691.0,,-320.0,514.0,1864.0,993.0,448.0,,4052.0
14.0,-861.0,,-225.0,504.0,1670.0,1031.0,384.0,,3588.0
127.0,-1057.0,,-38.0,474.0,1713.0,1048.0,456.0,,3208.0
232.0,-1051.0,,-93.0,415.0,1600.0,1037.0,367.0,,2906.0
307.0,-1003.0,,-178.0,448.0,1381.0,1011.0,630.0,,2640.0
367.0,-923.0,,-251.0,470.0,1064.0,972.0,628.0,,2368.0
319.0,-870.0,,-329.0,384.0,834.0,931.0,774.0,,2063.0
342.0,-610.0,,-339.0,288.0,622.0,889.0,659.0,,1706.0
312.0,-132.0,,-383.0,155.0,173.0,865.0,443.0,,1320.0
191.0,274.0,,-490.0,-7.0,-275.0,853.0,474.0,,892.0
112.0,603.0,,-563.0,-89.0,-421.0,825.0,277.0,,461.0
89.0,782.0,,-627.0,-101.0,-383.0,807.0,485.0,,70.0
120.0,840.0,,-699.0,5.0,-520.0,785.0,493.0,,-232.0
153.0,792.0,,-631.0,189.0,-780.0,733.0,626.0,,-394.0
155.0,870.0,,-586.0,258.0,-847.0,677.0,720.0,,-454.0
275.0,1168.0,,-516.0,252.0,-473.0,606.0,556.0,,-382.0
270.0,1519.0,,-536.0,178.0,-70.0,539.0,646.0,,-144.0
250.0,1811.0,,-718.0,1.0,4.0,464.0,373.0,,221.0
264.0,1900.0,,-830.0,-119.0,-58.0,356.0,378.0,,688.0
278.0,1673.0,,-784.0,-178.0,-1.0,266.0,315.0,,1219.0
377.0,1111.0,,-692.0,-186.0,73.0,227.0,293.0,,1778.0
284.0,628.0,,-588.0,-99.0,32.0,199.0,436.0,,2327.0
431.0,327.0,,-450.0,-79.0,11.0,147.0,227.0,,2831.0
358.0,150.0,,-398.0,-140.0,22.0,82.0,267.0,,3232.0
453.0,224.0,,-342.0,-168.0,-41.0,10.0,33.0,,3487.0
530.0,495.0,,-272.0,-229.0,-89.0,-52.0,31.0,,3565.0
555.0,918.0,,-149.0,-258.0,-141.0,-107.0,53.0,,3451.0
760.0,1304.0,,10.0,-171.0,-251.0,-176.0,-127.0,,3197.0
692.0,1711.0,,204.0,-66.0,-239.0,-280.0,-62.0,,2857.0
1014.0,1972.0,,288.0,31.0,-158.0,-392.0,-232.0,,2486.0
995.0,1835.0,,367.0,29.0,-84.0,-488.0,-55.0,,2129.0
1204.0,1389.0,,523.0,-73.0,-108.0,-577.0,-57.0,,1786.0
1304.0,612.0,,479.0,-77.0,-133.0,-643.0,16.0,,1414.0
1410.0,-349.0,,528.0,-47.0,-151.0,-680.0,203.0,,998.0
1665.0,-1346.0,,716.0,-24.0,-62.0,-689.0,136.0,,530.0
1606.0,-2194.0,,821.0,84.0,171.0,-696.0,369.0,,14.0
1953.0,-2826.0,,854.0,153.0,245.0,-698.0,284.0,,-502.0
1891.0,-3168.0,,919.0,147.0,200.0,-699.0,474.0,,-1003.0
2162.0,-3171.0,,949.0,107.0,284.0,-721.0,687.0,,-1475.0
2147.0,-2979.0,,858.0,-26.0,437.0,-728.0,783.0,,-1928.0
2152.0,-2593.0,,918.0,-134.0,394.0,-710.0,986.0,,-2359.0
2254.0,-2027.0,,895.0,-127.0,417.0,-711.0,788.0,,-2762.0
2059.0,-1308.0,,727.0,-95.0,522.0,-734.0,807.0,,-3124.0
2158.0,-718.0,,768.0,-28.0,567.0,-761.0,615.0,,-3447.0
1829.0,-336.0,,701.0,0.0,617.0,-812.0,550.0,,-3717.0
1875.0,5.0,,554.0,-45.0,579.0,-839.0,565.0,,-3883.0
1522.0,233.0,,503.0,-32.0,495.0,-839.0,432.0,,-3942.0
1340.0,343.0,,397.0,6.0,621.0,-860.0,558.0,,-3880.0
1147.0,369.0,,275.0,88.0,782.0,-853.0,393.0,,-3745.0
871.0,459.0,,93.0,257.0,732.0,-843.0,533.0,,-3560.0
902.0,628.0,,-206.0,348.0,624.0,-839.0,563.0,,-3322.0
539.0,712.0,,-547.0,335.0,480.0,-834.0,519.0,,-3041.0
613.0,744.0,,-630.0,249.0,496.0,-860.0,548.0,,-2699.0
357.0,779.0,,-814.0,43.0,491.0,-860.0,275.0,,-2315.0
446.0,888.0,,-1131.0,-128.0,320.0,-856.0,336.0,,-1912.0
380.0,1080.0,,-1290.0,-234.0,155.0,-880.0,38.0,,-1500.0
360.0,1311.0,,-1528.0,-397.0,1.0,-912.0,-179.0,,-1056.0
407.0,1527.0,,-1661.0,-521.0,-133.0,-980.0,-317.0,,-579.0
256.0,1615.0,,-1812.0,-603.0,-214.0,-1049.0,-528.0,,-94.0
521.0,1661.0,,-1813.0,-652.0,-311.0,-1116.0,-393.0,,336.0
397.0,1697.0,,-1750.0,-561.0,-506.0,-1185.0,-563.0,,654.0
569.0,1639.0,,-1709.0,-440.0,-453.0,-1271.0,-522.0,,856.0
403.0,1538.0,,-1493.0,-310.0,-364.0,-1357.0,-609.0,,936.0
391.0,1471.0,,-1379.0,-118.0,-394.0,-1419.0,-674.0,,919.0
325.0,1397.0,,-1196.0,-15.0,-254.0,-1504.0,-630.0,,844.0
290.0,1179.0,,-945.0,-2.0,-27.0,-1556.0,-755.0,,723.0
364.0,890.0,,-782.0,-23.0,177.0,-1590.0,-485.0,,539.0
158.0,460.0,,-657.0,-137.0,17.0,-1626.0,-467.0,,253.0
172.0,-159.0,,-435.0,-247.0,-324.0,-1628.0,-332.0,,-153.0
-90.0,-782.0,,-262.0,-316.0,-490.0,-1643.0,-325.0,,-694.0
-48.0,-1357.0,,-42.0,-360.0,-586.0,-1657.0,-443.0,,-1333.0
-235.0,-1798.0,,197.0,-229.0,-568.0,-1680.0,-301.0,,-2006.0
-210.0,-2110.0,,325.0,-10.0,-623.0,-1740.0,-524.0,,-2643.0
-224.0,-2377.0,,666.0,173.0,-760.0,-1783.0,-537.0,,-3183.0
-299.0,-2649.0,,851.0,395.0,-824.0,-1812.0,-729.0,,-3657.0
-282.0,-2825.0,,972.0,564.0,-850.0,-1828.0,-881.0,,-4037.0
-499.0,-2787.0,,1028.0,688.0,-849.0,-1812.0,-949.0,,-4319.0
-442.0,-2608.0,,884.0,806.0,-1029.0,-1801.0,-1143.0,,-4542.0
-467.0,-2445.0,,906.0,769.0,-1221.0,-1809.0,-1034.0,,-4685.0
-384.0,-2257.0,,557.0,654.0,-1215.0,-1820.0,-1217.0,,-4767.0
-529.0,-1850.0,,365.0,577.0,-1049.0,-1858.0,-1121.0,,-4790.0
-564.0,-1278.0,,626.0,481.0,-755.0,-1898.0,-1125.0,,-4759.0
-656.0,-648.0,,54.0,442.0,-628.0,-1898.0,-1169.0,,-4693.0
-636.0,110.0,,-616.0,479.0,-609.0,-1892.0,-997.0,,-4604.0
-726.0,897.0,,195.0,551.0,-605.0,-1900.0,-1130.0,,-4517.0
-819.0,1515.0,,663.0,702.0,-643.0,-1921.0,-918.0,,-4438.0
-638.0,2049.0,,-359.0,806.0,-652.0,-1933.0,-921.0,,-4370.0
-715.0,2518.0,,-510.0,825.0,-724.0,-1933.0,-781.0,,-4305.0
-580.0,2823.0,,3.0,859.0,-714.0,-1924.0,-593.0,,-4239.0
-664.0,2944.0,,-591.0,759.0,-525.0,-1880.0,-624.0,,-4145.0
-558.0,2902.0,,-983.0,537.0,-373.0,-1854.0,-391.0,,-4011.0
-607.0,2703.0,,-467.0,353.0,-170.0,-1829.0,-485.0,,-3823.0
-554.0,2367.0,,-1190.0,188.0,314.0,-1793.0,-408.0,,-3558.0
-527.0,1936.0,,-1294.0,97.0,778.0,-1774.0,-596.0,,-3245.0
-546.0,1443.0,,-1408.0,38.0,1026.0,-1734.0,-833.0,,-2908.0
-423.0,963.0,,-2146.0,-124.0,981.0,-1704.0,-855.0,,-2559.0
-619.0,506.0,,-1207.0,-286.0,715.0,-1682.0,-1119.0,,-2226.0
-510.0,135.0,,-2132.0,-424.0,529.0,-1674.0,-1014.0,,-1912.0
-736.0,-143.0,,-2311.0,-607.0,302.0,-1717.0,-1062.0,,-1591.0
-647.0,-243.0,,-1182.0,-744.0,0.0,-1773.0,-888.0,,-1249.0
-795.0,-157.0,,-1755.0,-855.0,-246.0,-1804.0,-692.0,,-883.0
-817.0,-72.0,,-1667.0,-917.0,-400.0,-1785.0,-753.0,,-506.0
-757.0,-11.0,,-847.0,-828.0,-361.0,-1745.0,-752.0,,-138.0
-971.0,35.0,,-565.0,-719.0,-316.0,-1690.0,-1141.0,,186.0
-858.0,163.0,,-242.0,-585.0,-366.0,-1641.0,-1169.0,,456.0
-1122.0,380.0,,664.0,-353.0,-140.0,-1602.0,-1208.0,,669.0
-1055.0,548.0,,665.0,-182.0,85.0,-1562.0,-1167.0,,801.0
-1315.0,645.0,,1107.0,-50.0,55.0,-1554.0,-986.0,,859.0
-1293.0,651.0,,1671.0,77.0,0.0,-1550.0,-1095.0,,888.0
-1432.0,497.0,,1854.0,127.0,-4.0,-1550.0,-1029.0,,918.0
-1590.0,246.0,,2273.0,197.0,99.0,-1562.0,-1330.0,,967.0
-1596.0,-41.0,,2171.0,278.0,91.0,-1565.0,-1435.0,,1021.0
-1830.0,-315.0,,2670.0,335.0,-72.0,-1555.0,-1522.0,,1028.0
-1682.0,-638.0,,2626.0,466.0,-325.0,-1531.0,-1672.0,,965.0
-1938.0,-1046.0,,2444.0,586.0,-554.0,-1500.0,-1492.0,,842.0
-1666.0,-1389.0,,3027.0,673.0,-623.0,-1444.0,-1522.0,,666.0
-1794.0,-1629.0,,2838.0,796.0,-589.0,-1377.0,-1258.0,,459.0
-1755.0,-1718.0,,2650.0,854.0,-483.0,-1336.0,-1175.0,,239.0
-1625.0,-1652.0,,2629.0,879.0,-440.0,-1302.0,-1010.0,,30.0
-1503.0,-1513.0,,2291.0,876.0,-412.0,-1255.0,-781.0,,-142.0
-1162.0,-1459.0,,2164.0,712.0,-255.0,-1215.0,-740.0,,-276.0
-1253.0,-1438.0,,1968.0,516.0,-135.0,-1162.0,-386.0,,-353.0
-788.0,-1235.0,,1682.0,383.0,-135.0,-1119.0,-310.0,,-369.0
-790.0,-915.0,,1515.0,213.0,-133.0,-1103.0,11.0,,-316.0
-456.0,-581.0,,1425.0,33.0,-147.0,-1064.0,181.0,,-155.0
-308.0,-326.0,,986.0,-209.0,-319.0,-1020.0,169.0,,138.0
-145.0,-166.0,,609.0,-524.0,-594.0,-990.0,262.0,,586.0
168.0,-81.0,,581.0,-762.0,-659.0,-980.0,51.0,,1151.0
78.0,-63.0,,259.0,-972.0,-463.0,-973.0,225.0,,1826.0
280.0,-55.0,,-13.0,-1133.0,-154.0,-944.0,192.0,,2551.0
102.0,-61.0,,-172.0,-1137.0,14.0,-914.0,219.0,,3213.0
322.0,-102.0,,-276.0,-1089.0,-12.0,-875.0,267.0,,3774.0
181.0,-146.0,,-453.0,-990.0,117.0,-840.0,121.0,,4197.0
-16.0,-34.0,,-548.0,-854.0,429.0,-832.0,299.0,,4493.0
-119.0,208.0,,-384.0,-833.0,708.0,-841.0,186.0,,4679.0
-324.0,397.0,,-347.0,-868.0,809.0,-845.0,208.0,,4774.0
-323.0,424.0,,-176.0,-951.0,849.0,-853.0,27.0,,4801.0
-637.0,223.0,,-38.0,-1118.0,928.0,-876.0,-195.0,,4751.0
-611.0,-164.0,,237.0,-1180.0,987.0,-880.0,-227.0,,4653.0
-720.0,-612.0,,591.0,-1140.0,896.0,-863.0,-495.0,,4515.0
-764.0,-969.0,,735.0,-1053.0,611.0,-844.0,-460.0,,4339.0
-811.0,-1222.0,,1057.0,-844.0,297.0,-799.0,-718.0,,4127.0
-835.0,-1349.0,,1268.0,-616.0,50.0,-729.0,-853.0,,3865.0
-696.0,-1251.0,,1598.0,-396.0,-70.0,-666.0,-934.0,,3544.0
-723.0,-994.0,,1820.0,-143.0,-204.0,-617.0,-1193.0,,3202.0
-623.0,-618.0,,2038.0,72.0,-241.0,-584.0,-1165.0,,2879.0
-693.0,-171.0,,2427.0,324.0,-39.0,-554.0,-1319.0,,2575.0
-641.0,203.0,,2294.0,563.0,347.0,-526.0,-1199.0,,2299.0
-521.0,280.0,,2288.0,623.0,675.0,-500.0,-1208.0,,2038.0
-380.0,179.0,,2513.0,644.0,638.0,-463.0,-1156.0,,1769.0
-214.0,219.0,,2512.0,715.0,655.0,-427.0,-979.0,,1507.0
-98.0,290.0,,2384.0,770.0,845.0,-393.0,-1029.0,,1239.0
136.0,259.0,,2200.0,851.0,811.0,-362.0,-790.0,,935.0
322.0,207.0,,2022.0,878.0,493.0,-335.0,-800.0,,626.0
568.0,195.0,,1709.0,835.0,229.0,-302.0,-574.0,,318.0
751.0,104.0,,1394.0,818.0,170.0,-248.0,-410.0,,37.0
900.0,-55.0,,1069.0,723.0,252.0,-188.0,-339.0,,-176.0
1108.0,-101.0,,722.0,579.0,349.0,-165.0,-5.0,,-335.0
1257.0,21.0,,408.0,487.0,283.0,-168.0,-5.0,,-414.0
1431.0,101.0,,-69.0,354.0,340.0,-185.0,168.0,,-356.0
1589.0,-31.0,,-401.0,199.0,515.0,-206.0,27.0,,-164.0
1791.0,-250.0,,-688.0,58.0,676.0,-201.0,-49.0,,110.0
1999.0,-508.0,,-1003.0,-128.0,595.0,-169.0,53.0,,443.0
2071.0,-774.0,,-1053.0,-290.0,294.0,-129.0,7.0,,728.0
2155.0,-993.0,,-1139.0,-427.0,223.0,-99.0,201.0,,899.0
2174.0,-1134.0,,-1260.0,-577.0,258.0,-86.0,77.0,,961.0
2213.0,-1300.0,,-1170.0,-629.0,243.0,-84.0,186.0,,872.0
2238.0,-1516.0,,-1143.0,-643.0,194.0,-79.0,123.0,,677.0
2203.0,-1640.0,,-1153.0,-658.0,260.0,-70.0,-38.0,,438.0
2085.0,-1649.0,,-975.0,-557.0,435.0,-46.0,49.0,,205.0
1931.0,-1552.0,,-822.0,-432.0,583.0,-21.0,-75.0,,10.0
1936.0,-1382.0,,-728.0,-340.0,555.0,-17.0,197.0,,-106.0
1685.0,-1179.0,,-659.0,-227.0,295.0,-15.0,227.0,,-149.0
1478.0,-969.0,,-636.0,-148.0,217.0,-13.0,304.0,,-142.0
1277.0,-653.0,,-570.0,-56.0,342.0,12.0,413.0,,-45.0
1116.0,-312.0,,-384.0,67.0,403.0,58.0,351.0,,56.0
989.0,-124.0,,-276.0,99.0,275.0,121.0,487.0,,110.0
765.0,-12.0,,-233.0,103.0,102.0,189.0,286.0,,110.0
742.0,68.0,,-97.0,148.0,223.0,247.0,356.0,,47.0
628.0,118.0,,71.0,167.0,413.0,306.0,227.0,,-52.0
678.0,96.0,,235.0,199.0,335.0,357.0,138.0,,-157.0
659.0,61.0,,359.0,227.0,82.0,425.0,210.0,,-256.0
666.0,185.0,,509.0,221.0,-131.0,483.0,-18.0,,-352.0
660.0,395.0,,674.0,244.0,-221.0,536.0,99.0,,-441.0
666.0,584.0,,766.0,240.0,-269.0,604.0,-40.0,,-538.0
722.0,931.0,,758.0,207.0,-384.0,704.0,70.0,,-648.0
590.0,1502.0,,761.0,243.0,-595.0,820.0,238.0,,-792.0
627.0,2016.0,,688.0,279.0,-798.0,897.0,277.0,,-971.0
585.0,2348.0,,574.0,274.0,-876.0,960.0,485.0,,-1184.0
705.0,2492.0,,342.0,297.0,-909.0,999.0,303.0,,-1420.0
744.0,2367.0,,-1.0,273.0,-1033.0,1040.0,382.0,,-1658.0
882.0,1972.0,,-137.0,209.0,-1146.0,1103.0,286.0,,-1901.0
992.0,1395.0,,-335.0,137.0,-1204.0,1188.0,240.0,,-2119.0
1068.0,809.0,,-682.0,-16.0,-1263.0,1268.0,308.0,,-2300.0
1271.0,282.0,,-1010.0,-149.0,-1296.0,1305.0,197.0,,-2446.0
1262.0,-147.0,,-1224.0,-227.0,-1093.0,1342.0,382.0,,-2554.0
1459.0,-383.0,,-1360.0,-331.0,-738.0,1386.0,277.0,,-2647.0
1538.0,-362.0,,-1518.0,-384.0,-730.0,1438.0,330.0,,-2723.0
1711.0,-184.0,,-1562.0,-406.0,-884.0,1494.0,293.0,,-2765.0
1630.0,-37.0,,-1698.0,-463.0,-893.0,1531.0,266.0,,-2771.0
1639.0,-15.0,,-1864.0,-460.0,-830.0,1522.0,441.0,,-2726.0
1729.0,-65.0,,-2020.0,-432.0,-772.0,1501.0,306.0,,-2602.0
1625.0,-131.0,,-2293.0,-385.0,-884.0,1468.0,436.0,,-2426.0
1739.0,-310.0,,-2366.0,-260.0,-1134.0,1418.0,299.0,,-2237.0
1549.0,-598.0,,-2372.0,-179.0,-1389.0,1378.0,240.0,,-2060.0
1526.0,-888.0,,-2394.0,-94.0,-1630.0,1322.0,214.0,,-1912.0
1343.0,-1114.0,,-2346.0,34.0,-1726.0,1282.0,92.0,,-1812.0
1345.0,-1383.0,,-2232.0,85.0,-1729.0,1253.0,382.0,,-1767.0
1272.0,-1688.0,,-2017.0,138.0,-1795.0,1239.0,450.0,,-1747.0
1035.0,-1860.0,,-1774.0,220.0,-1780.0,1257.0,770.0,,-1734.0
1003.0,-1938.0,,-1394.0,263.0,-1819.0,1244.0,885.0,,-1699.0
697.0,-2002.0,,-991.0,330.0,-1813.0,1202.0,916.0,,-1626.0
654.0,-2056.0,,-621.0,387.0,-1627.0,1157.0,1043.0,,-1523.0
358.0,-1893.0,,-325.0,424.0,-1615.0,1121.0,803.0,,-1428.0
312.0,-1492.0,,-153.0,525.0,-1700.0,1112.0,768.0,,-1367.0
161.0,-1034.0,,54.0,561.0,-1759.0,1115.0,437.0,,-1364.0
2.0,-637.0,,237.0,491.0,-1867.0,1156.0,325.0,,-1478.0
-3.0,-334.0,,415.0,408.0,-2168.0,1216.0,243.0,,-1708.0
-277.0,-61.0,,470.0,252.0,-2578.0,1253.0,55.0,,-2032.0
-120.0,115.0,,373.0,108.0,-2671.0,1274.0,157.0,,-2423.0
-194.0,287.0,,265.0,33.0,-2584.0,1280.0,35.0,,-2823.0
0.0,517.0,,130.0,-85.0,-2844.0,1304.0,234.0,,-3178.0
8.0,782.0,,20.0,-179.0,-3252.0,1366.0,225.0,,-3449.0
140.0,992.0,,-63.0,-234.0,-3144.0,1441.0,260.0,,-3607.0
448.0,1060.0,,-108.0,-296.0,-2817.0,1509.0,358.0,,-3634.0
469.0,1156.0,,-130.0,-267.0,-2775.0,1560.0,184.0,,-3549.0
735.0,1299.0,,-213.0,-245.0,-2873.0,1593.0,282.0,,-3381.0
685.0,1419.0,,-328.0,-293.0,-2715.0,1631.0,42.0,,-3149.0
894.0,1523.0,,-276.0,-285.0,-2257.0,1662.0,12.0,,-2884.0
894.0,1714.0,,-117.0,-283.0,-2140.0,1665.0,-97.0,,-2619.0
949.0,1864.0,,-34.0,-292.0,-2350.0,1682.0,-310.0,,-2366.0
978.0,1783.0,,-58.0,-219.0,-2451.0,1694.0,-247.0,,-2163.0
938.0,1547.0,,4.0,-162.0,-2310.0,1692.0,-389.0,,-1996.0
1042.0,1207.0,,141.0,-112.0,-2185.0,1687.0,-186.0,,-1826.0
826.0,734.0,,187.0,-52.0,-2305.0,1667.0,-181.0,,-1652.0
870.0,37.0,,347.0,-59.0,-2392.0,1648.0,-59.0,,-1416.0
629.0,-724.0,,479.0,-48.0,-2447.0,1620.0,155.0,,-1148.0
537.0,-1321.0,,473.0,-65.0,-2528.0,1599.0,251.0,,-856.0
286.0,-1722.0,,439.0,-149.0,-2561.0,1585.0,615.0,,-524.0
38.0,-2005.0,,518.0,-125.0,-2439.0,1570.0,589.0,,-201.0
-113.0,-2202.0,,622.0,-45.0,-2226.0,1536.0,761.0,,122.0
-489.0,-2250.0,,647.0,4.0,-2109.0,1461.0,750.0,,416.0
-570.0,-2213.0,,716.0,80.0,-2161.0,1375.0,648.0,,682.0
-890.0,-2183.0,,835.0,107.0,-2328.0,1301.0,674.0,,939.0
-916.0,-2202.0,,984.0,135.0,-2377.0,1245.0,362.0,,1188.0
-1144.0,-2112.0,,978.0,198.0,-2274.0,1184.0,315.0,,1439.0
-1216.0,-1753.0,,1041.0,145.0,-2122.0,1123.0,38.0,,1694.0
-1193.0,-1283.0,,1211.0,62.0,-2120.0,1059.0,-24.0,,1952.0
-1319.0,-827.0,,1373.0,13.0,-2324.0,1000.0,27.0,,2181.0
-1213.0,-336.0,,1540.0,-64.0,-2618.0,950.0,31.0,,2372.0
-1305.0,125.0,,1669.0,-63.0,-2867.0,895.0,238.0,,2502.0
-1128.0,453.0,,1892.0,-43.0,-2915.0,863.0,70.0,,2548.0
-1186.0,678.0,,2132.0,-82.0,-2994.0,841.0,145.0,,2529.0
-1050.0,877.0,,2479.0,-61.0,-3122.0,847.0,-1.0,,2455.0
-1084.0,1107.0,,2796.0,-67.0,-3095.0,839.0,-107.0,,2321.0
-1086.0,1312.0,,2962.0,-133.0,-2934.0,811.0,-84.0,,2156.0
-1043.0,1467.0,,2971.0,-186.0,-2674.0,810.0,-293.0,,1973.0
-1186.0,1565.0,,2992.0,-315.0,-2612.0,804.0,-140.0,,1762.0
-1086.0,1537.0,,2946.0,-434.0,-2702.0,828.0,-249.0,,1498.0
-1393.0,1410.0,,2678.0,-440.0,-2643.0,863.0,-136.0,,1158.0
-1361.0,1225.0,,2554.0,-412.0,-2533.0,867.0,-24.0,,773.0
-1583.0,1044.0,,2149.0,-332.0,-2663.0,862.0,11.0,,362.0
-1695.0,811.0,,1485.0,-276.0,-3001.0,841.0,249.0,,-45.0
-1921.0,609.0,,972.0,-306.0,-3113.0,822.0,175.0,,-414.0
-2188.0,571.0,,517.0,-274.0,-2977.0,802.0,386.0,,-697.0
-2227.0,578.0,,85.0,-229.0,-2825.0,765.0,421.0,,-849.0
-2511.0,580.0,,-222.0,-242.0,-2706.0,704.0,582.0,,-859.0
-2500.0,540.0,,-351.0,-223.0,-2589.0,617.0,744.0,,-738.0
-2794.0,467.0,,-463.0,-241.0,-2445.0,521.0,633.0,,-552.0
-2669.0,390.0,,-541.0,-251.0,-2344.0,419.0,840.0,,-347.0
-2728.0,396.0,,-535.0,-186.0,-2274.0,349.0,748.0,,-162.0
-2654.0,486.0,,-336.0,-180.0,-2177.0,327.0,907.0,,-24.0
-2536.0,586.0,,-190.0,-184.0,-2328.0,303.0,1003.0,,65.0
-2388.0,634.0,,-134.0,-199.0,-2649.0,290.0,1018.0,,135.0
-1968.0,507.0,,16.0,-282.0,-2535.0,282.0,1182.0,,214.0
-1989.0,339.0,,78.0,-263.0,-2205.0,246.0,990.0,,321.0
-1634.0,187.0,,186.0,-167.0,-2172.0,204.0,986.0,,458.0
-1635.0,-87.0,,394.0,-116.0,-2253.0,153.0,709.0,,636.0
-1383.0,-489.0,,544.0,-32.0,-2047.0,120.0,607.0,,861.0
-1231.0,-773.0,,697.0,24.0,-1672.0,70.0,598.0,,1107.0
-1113.0,-843.0,,814.0,19.0,-1525.0,-27.0,478.0,,1369.0
-976.0,-871.0,,886.0,18.0,-1565.0,-113.0,589.0,,1585.0
-971.0,-923.0,,1031.0,-79.0,-1485.0,-204.0,360.0,,1721.0
-558.0,-925.0,,1111.0,-196.0,-1269.0,-304.0,400.0,,1788.0
-554.0,-778.0,,1237.0,-239.0,-1240.0,-402.0,282.0,,1788.0
-322.0,-720.0,,1445.0,-297.0,-1466.0,-503.0,234.0,,1717.0
-307.0,-862.0,,1522.0,-299.0,-1652.0,-589.0,343.0,,1565.0
-132.0,-928.0,,1515.0,-252.0,-1583.0,-638.0,214.0,,1366.0
-95.0,-776.0,,1418.0,-220.0,-1623.0,-677.0,421.0,,1123.0
-267.0,-669.0,,1289.0,-118.0,-1811.0,-699.0,375.0,,890.0
-185.0,-836.0,,1132.0,-33.0,-1786.0,-698.0,591.0,,706.0
-365.0,-1046.0,,861.0,-40.0,-1590.0,-696.0,748.0,,565.0
-294.0,-1103.0,,526.0,-10.0,-1284.0,-670.0,770.0,,475.0
-424.0,-1055.0,,207.0,19.0,-1059.0,-637.0,1053.0,,412.0
-480.0,-1045.0,,-51.0,61.0,-865.0,-599.0,1084.0,,367.0
-542.0,-1008.0,,-264.0,188.0,-508.0,-558.0,1404.0,,336.0
-518.0,-819.0,,-478.0,267.0,-80.0,-545.0,1446.0,,336.0
-415.0,-523.0,,-775.0,330.0,276.0,-541.0,1559.0,,366.0
-546.0,-251.0,,-1012.0,416.0,442.0,-540.0,1738.0,,460.0
-479.0,-62.0,,-1125.0,414.0,526.0,-548.0,1611.0,,623.0
-497.0,108.0,,-1231.0,415.0,726.0,-546.0,1644.0,,814.0
-465.0,212.0,,-1322.0,399.0,903.0,-539.0,1308.0,,1006.0
-428.0,242.0,,-1410.0,292.0,925.0,-536.0,1319.0,,1182.0
-411.0,326.0,,-1431.0,245.0,795.0,-517.0,1454.0,,1367.0
-381.0,595.0,,-1396.0,220.0,705.0,-499.0,1618.0,,1548.0
-362.0,888.0,,-1437.0,151.0,945.0,-499.0,1906.0,,1717.0
-259.0,1008.0,,-1581.0,99.0,1195.0,-481.0,1827.0,,1882.0
-259.0,1051.0,,-1685.0,-22.0,1260.0,-451.0,1956.0,,2006.0
-275.0,1106.0,,-1757.0,-140.0,1352.0,-419.0,1784.0,,2055.0
-220.0,1118.0,,-1927.0,-172.0,1617.0,-380.0,1674.0,,2007.0
-95.0,986.0,,-2143.0,-223.0,1998.0,-366.0,1533.0,,1894.0
-28.0,864.0,,-2285.0,-225.0,2266.0,-361.0,1308.0,,1761.0
-30.0,880.0,,-2339.0,-170.0,2257.0,-352.0,1422.0,,1656.0
54.0,885.0,,-2252.0,-182.0,2251.0,-348.0,1223.0,,1631.0
187.0,721.0,,-2098.0,-183.0,2484.0,-361.0,1247.0,,1695.0
385.0,501.0,,-1910.0,-163.0,2660.0,-378.0,1086.0,,1858.0
537.0,400.0,,-1641.0,-170.0,2787.0,-404.0,910.0,,2104.0
634.0,361.0,,-1420.0,-116.0,2928.0,-431.0,949.0,,2413.0
816.0,322.0,,-1071.0,-76.0,3123.0,-415.0,835.0,,2761.0
1048.0,287.0,,-636.0,-51.0,3323.0,-390.0,1014.0,,3126.0
1224.0,263.0,,-242.0,71.0,3445.0,-380.0,897.0,,3485.0
1322.0,219.0,,62.0,171.0,3622.0,-362.0,936.0,,3780.0
1488.0,153.0,,277.0,220.0,3808.0,-298.0,920.0,,4001.0
1625.0,24.0,,399.0,260.0,3911.0,-224.0,812.0,,4123.0
1672.0,-153.0,,340.0,251.0,4031.0,-176.0,964.0,,4114.0
1723.0,-362.0,,349.0,295.0,4184.0,-149.0,866.0,,3992.0
1723.0,-613.0,,249.0,389.0,4314.0,-128.0,1136.0,,3749.0
1733.0,-792.0,,46.0,422.0,4580.0,-76.0,1219.0,,3391.0
1772.0,-857.0,,-100.0,433.0,4822.0,-10.0,1313.0,,2932.0
1794.0,-769.0,,-233.0,393.0,4883.0,73.0,1341.0,,2394.0
1722.0,-657.0,,-274.0,288.0,4709.0,175.0,1027.0,,1811.0
1606.0,-605.0,,-415.0,215.0,4557.0,259.0,1023.0,,1196.0
1663.0,-589.0,,-540.0,131.0,4699.0,323.0,746.0,,550.0
1589.0,-602.0,,-513.0,55.0,4755.0,381.0,713.0,,-109.0
1493.0,-578.0,,-472.0,70.0,4586.0,434.0,607.0,,-784.0
1414.0,-502.0,,-422.0,79.0,4448.0,483.0,530.0,,-1482.0
1339.0,-308.0,,-311.0,91.0,4550.0,538.0,702.0,,-2171.0
1398.0,-109.0,,-136.0,141.0,4575.0,597.0,548.0,,-2812.0
1290.0,66.0,,-22.0,156.0,4369.0,661.0,618.0,,-3388.0
1288.0,210.0,,-4.0,231.0,4279.0,718.0,447.0,,-3862.0
1193.0,265.0,,65.0,371.0,4286.0,794.0,441.0,,-4242.0
1120.0,237.0,,60.0,451.0,4192.0,875.0,432.0,,-4548.0
1012.0,154.0,,-55.0,515.0,4017.0,941.0,341.0,,-4738.0
852.0,223.0,,-32.0,517.0,3935.0,990.0,606.0,,-4808.0
766.0,357.0,,-7.0,435.0,4024.0,989.0,591.0,,-4766.0
589.0,460.0,,-56.0,394.0,4151.0,977.0,846.0,,-4594.0
516.0,593.0,,-42.0,353.0,4050.0,980.0,861.0,,-4306.0
243.0,785.0,,-23.0,294.0,3775.0,983.0,820.0,,-3940.0
189.0,918.0,,-106.0,287.0,3737.0,967.0,938.0,,-3523.0
169.0,890.0,,-265.0,251.0,3840.0,959.0,777.0,,-3089.0
186.0,821.0,,-266.0,195.0,3691.0,942.0,840.0,,-2677.0
214.0,625.0,,-245.0,175.0,3425.0,930.0,587.0,,-2293.0
189.0,273.0,,-248.0,115.0,3260.0,949.0,533.0,,-1958.0
315.0,-149.0,,-228.0,49.0,3207.0,945.0,450.0,,-1659.0
299.0,-510.0,,-304.0,14.0,3222.0,946.0,254.0,,-1388.0
466.0,-700.0,,-317.0,-26.0,3382.0,927.0,310.0,,-1155.0
520.0,-837.0,,-314.0,-2.0,3547.0,864.0,84.0,,-914.0
556.0,-969.0,,-230.0,36.0,3516.0,807.0,254.0,,-654.0
544.0,-1006.0,,-81.0,0.0,3449.0,737.0,247.0,,-412.0
549.0,-859.0,,76.0,-38.0,3360.0,668.0,208.0,,-206.0
473.0,-651.0,,176.0,-75.0,3224.0,624.0,221.0,,-86.0
375.0,-486.0,,204.0,-92.0,3032.0,595.0,-66.0,,-107.0
340.0,-279.0,,222.0,-33.0,2950.0,562.0,-92.0,,-255.0
202.0,-25.0,,152.0,7.0,2990.0,527.0,-345.0,,-503.0
142.0,218.0,,136.0,23.0,3058.0,520.0,-315.0,,-804.0
-32.0,329.0,,111.0,98.0,2980.0,537.0,-356.0,,-1086.0
-64.0,286.0,,88.0,167.0,2741.0,553.0,-456.0,,-1293.0
-237.0,193.0,,-100.0,242.0,2822.0,547.0,-412.0,,-1407.0
-185.0,6.0,,-240.0,347.0,3088.0,509.0,-718.0,,-1427.0
-178.0,-264.0,,-162.0,354.0,3188.0,442.0,-707.0,,-1411.0
-193.0,-529.0,,-183.0,317.0,2902.0,361.0,-936.0,,-1440.0
-200.0,-783.0,,-149.0,289.0,2633.0,301.0,-1064.0,,-1544.0
-266.0,-1085.0,,-61.0,208.0,2643.0,273.0,-1103.0,,-1750.0
-84.0,-1381.0,,62.0,139.0,2556.0,268.0,-1263.0,,-2069.0
-200.0,-1596.0,,183.0,77.0,2241.0,272.0,-1104.0,,-2488.0
-39.0,-1751.0,,256.0,-23.0,1877.0,271.0,-1297.0,,-2974.0
-62.0,-1809.0,,330.0,-91.0,1972.0,254.0,-1256.0,,-3462.0
87.0,-1707.0,,400.0,-175.0,2026.0,225.0,-1280.0,,-3887.0
166.0,-1414.0,,480.0,-276.0,1844.0,203.0,-1225.0,,-4228.0
127.0,-1074.0,,503.0,-312.0,1588.0,196.0,-905.0,,-4449.0
179.0,-797.0,,495.0,-387.0,1330.0,207.0,-851.0,,-4538.0
49.0,-580.0,,461.0,-461.0,1387.0,201.0,-563.0,,-4531.0
220.0,-432.0,,338.0,-454.0,1397.0,166.0,-593.0,,-4422.0
38.0,-247.0,,287.0,-470.0,1381.0,126.0,-493.0,,-4243.0
35.0,-18.0,,228.0,-478.0,1292.0,89.0,-460.0,,-4033.0
-105.0,208.0,,62.0,-447.0,1199.0,53.0,-587.0,,-3788.0
-132.0,466.0,,-128.0,-442.0,1371.0,-6.0,-448.0,,-3532.0
-197.0,689.0,,-235.0,-385.0,1581.0,-91.0,-635.0,,-3302.0
-432.0,812.0,,-351.0,-265.0,1696.0,-179.0,-580.0,,-3051.0
-468.0,819.0,,-574.0,-155.0,1760.0,-252.0,-764.0,,-2755.0
-600.0,685.0,,-644.0,-9.0,1792.0,-324.0,-868.0,,-2407.0
-544.0,455.0,,-697.0,119.0,1825.0,-391.0,-886.0,,-1941.0
-742.0,173.0,,-652.0,172.0,1727.0,-437.0,-1130.0,,-1375.0
-676.0,-65.0,,-567.0,239.0,1410.0,-453.0,-997.0,,-748.0
-741.0,-149.0,,-536.0,281.0,1256.0,-468.0,-1208.0,,-95.0
-684.0,-146.0,,-432.0,290.0,1383.0,-509.0,-1278.0,,509.0
-590.0,-71.0,,-353.0,355.0,1583.0,-555.0,-1463.0,,1034.0
-570.0,134.0,,-168.0,403.0,1432.0,-641.0,-1651.0,,1451.0
-370.0,340.0,,44.0,446.0,1176.0,-722.0,-1576.0,,1766.0
-369.0,434.0,,226.0,501.0,1278.0,-771.0,-1794.0,,1999.0
-183.0,457.0,,402.0,469.0,1381.0,-821.0,-1716.0,,2144.0
-236.0,454.0,,546.0,435.0,1318.0,-844.0,-1912.0,,2205.0
-114.0,394.0,,725.0,434.0,1071.0,-861.0,-1941.0,,2180.0
-101.0,242.0,,929.0,381.0,885.0,-864.0,-1899.0,,2046.0
-63.0,47.0,,1152.0,353.0,936.0,-880.0,-2071.0,,1813.0
-36.0,-72.0,,1432.0,358.0,953.0,-931.0,-1960.0,,1490.0
-193.0,-130.0,,1614.0,333.0,671.0,-947.0,-2121.0,,1100.0
-223.0,-185.0,,1736.0,337.0,386.0,-938.0,-1975.0,,676.0
-364.0,-129.0,,1808.0,324.0,530.0,-928.0,-1956.0,,248.0
-296.0,54.0,,1869.0,257.0,811.0,-941.0,-1958.0,,-120.0
-336.0,249.0,,1934.0,205.0,930.0,-974.0,-1840.0,,-454.0
-324.0,315.0,,1892.0,101.0,846.0,-991.0,-1965.0,,-757.0
-320.0,221.0,,1865.0,-31.0,853.0,-1007.0,-1781.0,,-1025.0
-322.0,70.0,,1705.0,-114.0,1058.0,-992.0,-1921.0,,-1299.0
-204.0,-78.0,,1497.0,-201.0,977.0,-957.0,-1847.0,,-1577.0
-112.0,-269.0,,1280.0,-248.0,730.0,-944.0,-1753.0,,-1893.0
-4.0,-508.0,,1016.0,-231.0,665.0,-951.0,-1768.0,,-2254.0
174.0,-672.0,,782.0,-247.0,761.0,-955.0,-1522.0,,-2656.0
313.0,-739.0,,487.0,-239.0,782.0,-927.0,-1616.0,,-3086.0
445.0,-789.0,,246.0,-213.0,551.0,-901.0,-1452.0,,-3504.0
513.0,-788.0,,-38.0,-264.0,517.0,-877.0,-1489.0,,-3880.0
546.0,-640.0,,-370.0,-282.0,627.0,-872.0,-1494.0,,-4160.0
734.0,-400.0,,-622.0,-261.0,631.0,-895.0,-1406.0,,-4295.0
754.0,-226.0,,-837.0,-230.0,571.0,-931.0,-1581.0,,-4258.0
818.0,-90.0,,-1011.0,-108.0,390.0,-951.0,-1546.0,,-4017.0
685.0,82.0,,-1221.0,-14.0,285.0,-942.0,-1840.0,,-3563.0
737.0,226.0,,-1273.0,14.0,212.0,-944.0,-1903.0,,-2925.0
668.0,342.0,,-1198.0,41.0,175.0,-947.0,-1978.0,,-2151.0
477.0,473.0,,-1105.0,5.0,97.0,-978.0,-2015.0,,-1298.0
376.0,636.0,,-884.0,-33.0,-177.0,-1028.0,-1720.0,,-437.0
205.0,761.0,,-692.0,8.0,-393.0,-1074.0,-1655.0,,385.0
224.0,781.0,,-491.0,47.0,-529.0,-1097.0,-1285.0,,1161.0
-37.0,752.0,,-394.0,107.0,-749.0,-1108.0,-1223.0,,1852.0
-41.0,697.0,,-391.0,202.0,-897.0,-1132.0,-1199.0,,2475.0
-238.0,578.0,,-309.0,225.0,-876.0,-1140.0,-1175.0,,3008.0
-252.0,351.0,,-279.0,225.0,-722.0,-1139.0,-1319.0,,3442.0
-337.0,111.0,,-211.0,193.0,-502.0,-1132.0,-1195.0,,3784.0
-440.0,-70.0,,-86.0,99.0,-377.0,-1135.0,-1468.0,,4036.0
-380.0,-179.0,,17.0,41.0,-335.0,-1162.0,-1483.0,,4233.0
-468.0,-223.0,,83.0,-25.0,-419.0,-1186.0,-1555.0,,4364.0
-218.0,-293.0,,151.0,-101.0,-628.0,-1214.0,-1629.0,,4463.0
-374.0,-284.0,,231.0,-78.0,-798.0,-1223.0,-1492.0,,4515.0
-140.0,-213.0,,262.0,-44.0,-919.0,-1196.0,-1564.0,,4503.0
-194.0,-152.0,,245.0,-40.0,-993.0,-1182.0,-1239.0,,4430.0
-41.0,-106.0,,169.0,2.0,-1050.0,-1166.0,-1104.0,,4277.0
154.0,-87.0,,145.0,11.0,-937.0,-1157.0,-776.0,,4056.0
205.0,-59.0,,170.0,19.0,-709.0,-1163.0,-613.0,,3751.0
510.0,-84.0,,175.0,57.0,-748.0,-1146.0,-722.0,,3370.0
424.0,-140.0,,186.0,29.0,-792.0,-1132.0,-556.0,,2928.0
889.0,-305.0,,214.0,11.0,-681.0,-1122.0,-772.0,,2447.0
855.0,-584.0,,276.0,1.0,-646.0,-1106.0,-737.0,,1924.0
1170.0,-831.0,,260.0,-70.0,-850.0,-1107.0,-857.0,,1370.0
1238.0,-998.0,,243.0,-137.0,-1092.0,-1125.0,-894.0,,800.0
1251.0,-1102.0,,325.0,-221.0,-1022.0,-1140.0,-796.0,,186.0
1397.0,-1151.0,,346.0,-312.0,-804.0,-1136.0,-953.0,,-456.0
1173.0,-1000.0,,406.0,-301.0,-529.0,-1119.0,-851.0,,-1100.0
1399.0,-699.0,,460.0,-250.0,-413.0,-1104.0,-1086.0,,-1722.0
1124.0,-413.0,,482.0,-185.0,-347.0,-1067.0,-1093.0,,-2277.0
1314.0,-183.0,,467.0,-54.0,-133.0,-1039.0,-1134.0,,-2732.0
1125.0,18.0,,348.0,32.0,-135.0,-1028.0,-1097.0,,-3070.0
1026.0,195.0,,301.0,96.0,-481.0,-1012.0,-790.0,,-3257.0
904.0,235.0,,221.0,176.0,-897.0,-1014.0,-822.0,,-3296.0
684.0,154.0,,96.0,159.0,-1117.0,-1019.0,-598.0,,-3173.0
724.0,40.0,,-17.0,119.0,-1188.0,-1012.0,-637.0,,-2894.0
416.0,-41.0,,-141.0,89.0,-1141.0,-1007.0,-485.0,,-2483.0
385.0,-133.0,,-373.0,27.0,-1093.0,-1009.0,-295.0,,-1931.0
142.0,-272.0,,-630.0,30.0,-916.0,-1019.0,-317.0,,-1289.0
147.0,-365.0,,-763.0,42.0,-704.0,-1030.0,-162.0,,-598.0
-8.0,-326.0,,-961.0,23.0,-752.0,-1042.0,-321.0,,105.0
-43.0,-146.0,,-1090.0,53.0,-913.0,-1033.0,-59.0,,778.0
-156.0,29.0,,-1189.0,70.0,-1160.0,-994.0,-3.0,,1373.0
-148.0,235.0,,-1350.0,49.0,-1379.0,-953.0,-29.0,,1870.0
-166.0,549.0,,-1250.0,87.0,-1536.0,-913.0,101.0,,2255.0
-242.0,869.0,,-1138.0,139.0,-1654.0,-864.0,-48.0,,2493.0
-212.0,1120.0,,-1140.0,234.0,-1811.0,-808.0,90.0,,2635.0
-279.0,1279.0,,-943.0,339.0,-2144.0,-722.0,-84.0,,2705.0
-130.0,1426.0,,-809.0,348.0,-2370.0,-654.0,-46.0,,2713.0
-268.0,1518.0,,-772.0,383.0,-2380.0,-635.0,14.0,,2700.0
-147.0,1449.0,,-562.0,368.0,-2595.0,-622.0,-68.0,,2700.0
-292.0,1285.0,,-321.0,329.0,-2883.0,-629.0,0.0,,2715.0
-147.0,1132.0,,-197.0,278.0,-2759.0,-655.0,-345.0,,2731.0
-284.0,989.0,,-18.0,206.0,-2347.0,-657.0,-367.0,,2776.0
-271.0,778.0,,121.0,161.0,-2050.0,-643.0,-467.0,,2824.0
-292.0,542.0,,247.0,36.0,-2082.0,-613.0,-413.0,,2873.0
-334.0,380.0,,418.0,-119.0,-2148.0,-575.0,-240.0,,2906.0
-145.0,314.0,,550.0,-314.0,-1892.0,-540.0,-375.0,,2880.0
-274.0,253.0,,775.0,-436.0,-1547.0,-506.0,-306.0,,2795.0
50.0,205.0,,854.0,-511.0,-1631.0,-472.0,-641.0,,2653.0
-218.0,215.0,,986.0,-541.0,-1882.0,-453.0,-794.0,,2484.0
26.0,189.0,,1065.0,-500.0,-1854.0,-463.0,-971.0,,2275.0
-134.0,57.0,,997.0,-459.0,-1745.0,-484.0,-1091.0,,2056.0
-58.0,-155.0,,1043.0,-331.0,-1789.0,-517.0,-855.0,,1829.0
-101.0,-345.0,,961.0,-225.0,-2128.0,-550.0,-853.0,,1567.0
-276.0,-524.0,,902.0,-89.0,-2360.0,-571.0,-522.0,,1281.0
-135.0,-746.0,,831.0,18.0,-2360.0,-596.0,-421.0,,942.0
-507.0,-948.0,,719.0,67.0,-2470.0,-642.0,-223.0,,546.0
-358.0,-1012.0,,582.0,81.0,-2655.0,-688.0,5.0,,96.0
-787.0,-892.0,,399.0,73.0,-2711.0,-713.0,1.0,,-366.0
-525.0,-703.0,,216.0,117.0,-2527.0,-713.0,201.0,,-785.0
-697.0,-506.0,,-49.0,83.0,-2420.0,-691.0,83.0,,-1148.0
-771.0,-282.0,,-242.0,47.0,-2482.0,-670.0,223.0,,-1432.0
-787.0,-39.0,,-419.0,-47.0,-2479.0,-647.0,186.0,,-1601.0
-995.0,178.0,,-576.0,-104.0,-2266.0,-631.0,186.0,,-1651.0
-870.0,330.0,,-709.0,-97.0,-2075.0,-629.0,306.0,,-1583.0
-1152.0,386.0,,-913.0,-135.0,-2199.0,-630.0,29.0,,-1410.0
-930.0,330.0,,-1064.0,-68.0,-2290.0,-617.0,36.0,,-1158.0
-1234.0,228.0,,-1101.0,-36.0,-2321.0,-571.0,-197.0,,-843.0
-1164.0,124.0,,-1037.0,-41.0,-2355.0,-512.0,-206.0,,-495.0
-1388.0,10.0,,-998.0,-36.0,-2241.0,-482.0,-251.0,,-123.0
-1567.0,-94.0,,-901.0,-61.0,-2095.0,-472.0,-417.0,,237.0
-1721.0,-117.0,,-804.0,-11.0,-1888.0,-444.0,-351.0,,576.0
-1858.0,-54.0,,-826.0,25.0,-1652.0,-403.0,-659.0,,910.0
-1729.0,42.0,,-785.0,7.0,-1466.0,-351.0,-582.0,,1232.0
-2040.0,223.0,,-798.0,25.0,-1373.0,-297.0,-639.0,,1549.0
-1992.0,468.0,,-768.0,-7.0,-1467.0,-279.0,-574.0,,1840.0
-2149.0,693.0,,-691.0,-82.0,-1750.0,-272.0,-315.0,,2123.0
-1931.0,877.0,,-717.0,-118.0,-2051.0,-275.0,-284.0,,2400.0
-2001.0,1004.0,,-576.0,-203.0,-2251.0,-290.0,-16.0,,2661.0
-1952.0,1074.0,,-446.0,-252.0,-2483.0,-290.0,-212.0,,2885.0
-1784.0,1102.0,,-453.0,-276.0,-2740.0,-296.0,-271.0,,3027.0
-1688.0,1052.0,,-371.0,-342.0,-2877.0,-285.0,-363.0,,3118.0
-1481.0,890.0,,-197.0,-355.0,-2696.0,-263.0,-439.0,,3140.0
-1512.0,659.0,,-17.0,-402.0,-2365.0,-251.0,-197.0,,3076.0
-1230.0,409.0,,129.0,-423.0,-2149.0,-215.0,-203.0,,2920.0
-1083.0,153.0,,155.0,-362.0,-1979.0,-179.0,31.0,,2670.0
-741.0,-111.0,,65.0,-345.0,-1725.0,-148.0,36.0,,2334.0
-790.0,-329.0,,33.0,-279.0,-1421.0,-133.0,173.0,,1913.0
-604.0,-426.0,,45.0,-232.0,-1398.0,-151.0,273.0,,1436.0
-448.0,-448.0,,-32.0,-260.0,-1439.0,-157.0,186.0,,906.0
-412.0,-449.0,,-113.0,-218.0,-1303.0,-158.0,441.0,,363.0
-281.0,-401.0,,-91.0,-222.0,-1166.0,-164.0,476.0,,-177.0
-480.0,-279.0,,-60.0,-236.0,-1069.0,-173.0,707.0,,-673.0
-245.0,-157.0,,-89.0,-188.0,-1133.0,-171.0,731.0,,-1125.0
-499.0,-101.0,,-165.0,-174.0,-1437.0,-147.0,687.0,,-1546.0
-373.0,-62.0,,-231.0,-108.0,-1693.0,-117.0,681.0,,-1897.0
-486.0,-15.0,,-232.0,-64.0,-1642.0,-83.0,476.0,,-2205.0
-561.0,-2.0,,-204.0,-40.0,-1592.0,-71.0,552.0,,-2472.0
-466.0,-71.0,,-276.0,95.0,-1722.0,-60.0,280.0,,-2687.0
-671.0,-228.0,,-366.0,164.0,-1871.0,-56.0,205.0,,-2854.0
-358.0,-391.0,,-447.0,189.0,-1899.0,-39.0,125.0,,-2951.0
-612.0,-553.0,,-597.0,212.0,-1821.0,12.0,-73.0,,-2986.0
-349.0,-700.0,,-657.0,149.0,-1819.0,49.0,-14.0,,-3002.0
-475.0,-712.0,,-650.0,157.0,-1917.0,111.0,-194.0,,-2988.0
-389.0,-556.0,,-641.0,146.0,-1805.0,165.0,-51.0,,-2937.0
-250.0,-301.0,,-633.0,93.0,-1487.0,204.0,-55.0,,-2836.0
-362.0,-52.0,,-653.0,109.0,-1224.0,277.0,46.0,,-2676.0
35.0,168.0,,-591.0,66.0,-1035.0,337.0,319.0,,-2436.0
-141.0,408.0,,-561.0,51.0,-971.0,391.0,406.0,,-2091.0
248.0,621.0,,-686.0,30.0,-887.0,434.0,790.0,,-1670.0
53.0,707.0,,-705.0,-83.0,-825.0,476.0,855.0,,-1161.0
214.0,657.0,,-764.0,-150.0,-909.0,530.0,1016.0,,-594.0
304.0,575.0,,-859.0,-259.0,-1056.0,579.0,1080.0,,14.0
305.0,497.0,,-812.0,-367.0,-1179.0,638.0,1082.0,,640.0
513.0,404.0,,-789.0,-360.0,-1140.0,696.0,1249.0,,1257.0
211.0,279.0,,-792.0,-386.0,-1149.0,752.0,1138.0,,1839.0
550.0,128.0,,-752.0,-374.0,-1403.0,761.0,1352.0,,2317.0
289.0,-25.0,,-797.0,-333.0,-1556.0,754.0,1269.0,,2675.0
504.0,-199.0,,-870.0,-332.0,-1535.0,766.0,1237.0,,2865.0
403.0,-345.0,,-752.0,-233.0,-1638.0,782.0,1346.0,,2875.0
403.0,-393.0,,-698.0,-179.0,-1806.0,788.0,1282.0,,2669.0
553.0,-353.0,,-521.0,-159.0,-2015.0,747.0,1529.0,,2244.0
399.0,-273.0,,-261.0,-93.0,-2224.0,703.0,1546.0,,1669.0
630.0,-178.0,,-120.0,-134.0,-2332.0,671.0,1736.0,,971.0
329.0,-113.0,,152.0,-126.0,-2316.0,674.0,1775.0,,198.0
574.0,-114.0,,466.0,-69.0,-2233.0,676.0,1746.0,,-594.0
527.0,-148.0,,760.0,-59.0,-2015.0,668.0,1729.0,,-1358.0
621.0,-182.0,,993.0,-9.0,-1664.0,695.0,1378.0,,-2042.0
590.0,-249.0,,1211.0,-48.0,-1350.0,693.0,1393.0,,-2588.0
508.0,-412.0,,1305.0,-87.0,-1148.0,676.0,1202.0,,-2992.0
673.0,-641.0,,1390.0,-47.0,-1159.0,641.0,1210.0,,-3268.0
499.0,-859.0,,1463.0,-71.0,-1089.0,628.0,1199.0,,-3400.0
557.0,-979.0,,1456.0,-26.0,-929.0,635.0,1008.0,,-3403.0
297.0,-949.0,,1546.0,46.0,-922.0,629.0,1086.0,,-3296.0
382.0,-810.0,,1565.0,57.0,-1256.0,644.0,848.0,,-3114.0
256.0,-626.0,,1445.0,140.0,-1607.0,636.0,825.0,,-2893.0
122.0,-413.0,,1373.0,172.0,-1540.0,649.0,628.0,,-2622.0
95.0,-163.0,,1350.0,183.0,-1457.0,703.0,631.0,,-2297.0
16.0,108.0,,1237.0,221.0,-1578.0,768.0,835.0,,-1917.0
115.0,370.0,,1166.0,159.0,-1636.0,821.0,811.0,,-1490.0
-56.0,521.0,,1084.0,186.0,-1527.0,843.0,1036.0,,-1051.0
2.0,520.0,,971.0,276.0,-1480.0,850.0,916.0,,-622.0
-143.0,395.0,,820.0,314.0,-1360.0,853.0,1038.0,,-209.0
-143.0,229.0,,636.0,385.0,-1112.0,879.0,1112.0,,141.0
-161.0,80.0,,512.0,349.0,-833.0,900.0,1215.0,,411.0
-227.0,-128.0,,328.0,292.0,-630.0,921.0,1504.0,,628.0
-261.0,-360.0,,175.0,319.0,-648.0,961.0,1468.0,,792.0
-368.0,-555.0,,12.0,263.0,-651.0,983.0,1749.0,,932.0
-287.0,-719.0,,-225.0,222.0,-605.0,973.0,1688.0,,1064.0
-393.0,-850.0,,-364.0,173.0,-727.0,972.0,1731.0,,1205.0
-407.0,-818.0,,-408.0,88.0,-784.0,965.0,1871.0,,1385.0
-591.0,-556.0,,-467.0,108.0,-486.0,932.0,1875.0,,1617.0
-629.0,-223.0,,-591.0,94.0,-350.0,905.0,2108.0,,1899.0
-750.0,65.0,,-659.0,97.0,-691.0,873.0,2013.0,,2178.0
-831.0,295.0,,-743.0,145.0,-1248.0,847.0,2156.0,,2450.0
-890.0,540.0,,-882.0,100.0,-1347.0,812.0,2017.0,,2698.0
-1110.0,741.0,,-988.0,149.0,-976.0,747.0,1831.0,,2904.0
-1081.0,808.0,,-1156.0,223.0,-1111.0,687.0,1729.0,,3060.0
-1263.0,740.0,,-1237.0,222.0,-1406.0,648.0,1413.0,,3183.0
-1224.0,591.0,,-1363.0,283.0,-1056.0,615.0,1509.0,,3271.0
-1345.0,448.0,,-1516.0,259.0,-282.0,572.0,1310.0,,3330.0
-1280.0,323.0,,-1546.0,232.0,129.0,528.0,1370.0,,3375.0
-1267.0,233.0,,-1507.0,269.0,125.0,486.0,1437.0,,3362.0
-1354.0,200.0,,-1376.0,206.0,313.0,450.0,1345.0,,3275.0
-1303.0,236.0,,-1241.0,167.0,436.0,416.0,1431.0,,3123.0
-1460.0,242.0,,-1052.0,107.0,262.0,381.0,1225.0,,2892.0
-1292.0,178.0,,-707.0,-23.0,43.0,350.0,1369.0,,2584.0
-1373.0,130.0,,-300.0,-91.0,-25.0,336.0,1236.0,,2229.0
-1345.0,99.0,,21.0,-198.0,-123.0,356.0,1151.0,,1825.0
-1373.0,54.0,,385.0,-247.0,-534.0,386.0,1136.0,,1395.0
-1309.0,1.0,,788.0,-194.0,-872.0,380.0,927.0,,983.0
-1157.0,-15.0,,1222.0,-212.0,-824.0,345.0,1073.0,,590.0
-1154.0,8.0,,1556.0,-151.0,-801.0,342.0,881.0,,234.0
-995.0,55.0,,1865.0,-30.0,-1187.0,372.0,923.0,,-93.0
-974.0,91.0,,2159.0,18.0,-1437.0,415.0,907.0,,-376.0
-849.0,99.0,,2243.0,91.0,-1158.0,478.0,901.0,,-620.0
-890.0,79.0,,2255.0,86.0,-868.0,548.0,1108.0,,-841.0
-908.0,-11.0,,2131.0,67.0,-795.0,614.0,968.0,,-1024.0
-964.0,-162.0,,1988.0,100.0,-780.0,662.0,1125.0,,-1175.0
-1072.0,-342.0,,1739.0,-3.0,-651.0,713.0,1049.0,,-1298.0
-1063.0,-536.0,,1341.0,-95.0,-400.0,772.0,1091.0,,-1386.0
-1133.0,-740.0,,853.0,-134.0,-109.0,821.0,1116.0,,-1441.0
-1159.0,-917.0,,362.0,-221.0,168.0,859.0,894.0,,-1488.0
-1145.0,-1025.0,,14.0,-215.0,56.0,869.0,914.0,,-1533.0
-1126.0,-1056.0,,-359.0,-186.0,-456.0,874.0,652.0,,-1591.0
-1063.0,-1028.0,,-631.0,-141.0,-930.0,884.0,702.0,,-1668.0
-1035.0,-950.0,,-867.0,9.0,-1117.0,878.0,648.0,,-1754.0
-988.0,-832.0,,-1124.0,80.0,-1051.0,870.0,607.0,,-1839.0
-876.0,-735.0,,-1204.0,84.0,-966.0,875.0,672.0,,-1903.0
-754.0,-663.0,,-1222.0,85.0,-904.0,842.0,460.0,,-1934.0
-555.0,-591.0,,-1349.0,19.0,-715.0,772.0,611.0,,-1895.0
-560.0,-486.0,,-1380.0,23.0,-247.0,716.0,539.0,,-1784.0
-406.0,-290.0,,-1316.0,64.0,282.0,650.0,639.0,,-1614.0
-303.0,1.0,,-1356.0,54.0,508.0,599.0,687.0,,-1386.0
-175.0,305.0,,-1349.0,90.0,529.0,569.0,646.0,,-1100.0
-101.0,557.0,,-1360.0,73.0,567.0,529.0,933.0,,-769.0
-58.0,764.0,,-1423.0,17.0,828.0,489.0,901.0,,-423.0
183.0,923.0,,-1375.0,33.0,1083.0,437.0,1055.0,,-54.0
78.0,1056.0,,-1269.0,-16.0,939.0,377.0,968.0,,317.0
242.0,1136.0,,-1278.0,-77.0,488.0,322.0,897.0,,681.0
231.0,1108.0,,-1297.0,-79.0,129.0,266.0,910.0,,1044.0
413.0,983.0,,-1252.0,-133.0,177.0,211.0,757.0,,1385.0
492.0,839.0,,-1166.0,-119.0,271.0,182.0,883.0,,1688.0
521.0,718.0,,-981.0,-70.0,177.0,182.0,700.0,,1938.0
683.0,560.0,,-799.0,-113.0,75.0,180.0,787.0,,2138.0
516.0,377.0,,-597.0,-107.0,191.0,168.0,739.0,,2264.0
790.0,224.0,,-349.0,-107.0,463.0,202.0,504.0,,2313.0
751.0,82.0,,-131.0,-133.0,634.0,267.0,484.0,,2327.0
909.0,-106.0,,-17.0,-56.0,836.0,346.0,291.0,,2290.0
802.0,-359.0,,125.0,3.0,955.0,457.0,469.0,,2216.0
877.0,-614.0,,331.0,6.0,879.0,534.0,360.0,,2131.0
991.0,-862.0,,379.0,16.0,943.0,570.0,260.0,,2000.0
794.0,-1120.0,,363.0,-18.0,1451.0,582.0,142.0,,1817.0
957.0,-1283.0,,349.0,-22.0,1979.0,589.0,-125.0,,1591.0
772.0,-1257.0,,268.0,39.0,1921.0,613.0,-145.0,,1339.0
943.0,-1114.0,,220.0,60.0,1633.0,633.0,-526.0,,1083.0
834.0,-940.0,,167.0,116.0,1731.0,673.0,-565.0,,809.0
872.0,-752.0,,33.0,202.0,1914.0,709.0,-657.0,,511.0
805.0,-490.0,,-102.0,206.0,1716.0,734.0,-631.0,,220.0
761.0,-145.0,,-252.0,251.0,1512.0,764.0,-375.0,,-78.0
913.0,169.0,,-337.0,331.0,1589.0,763.0,-476.0,,-381.0
807.0,377.0,,-418.0,353.0,1767.0,775.0,-375.0,,-649.0
979.0,506.0,,-508.0,405.0,1856.0,770.0,-607.0,,-890.0
934.0,634.0,,-567.0,442.0,1957.0,719.0,-613.0,,-1071.0
1089.0,763.0,,-715.0,452.0,2354.0,657.0,-487.0,,-1198.0
1025.0,848.0,,-694.0,494.0,2721.0,573.0,-443.0,,-1278.0
1174.0,848.0,,-697.0,436.0,2750.0,486.0,-145.0,,-1299.0
1247.0,769.0,,-877.0,270.0,2881.0,409.0,-109.0,,-1297.0
1276.0,650.0,,-861.0,128.0,3182.0,366.0,99.0,,-1266.0
1429.0,500.0,,-826.0,-12.0,3291.0,362.0,-18.0,,-1194.0
1327.0,370.0,,-874.0,-136.0,3048.0,356.0,-42.0,,-1040.0
1434.0,295.0,,-809.0,-194.0,2749.0,332.0,59.0,,-825.0
1374.0,240.0,,-726.0,-301.0,2778.0,285.0,-57.0,,-557.0
1537.0,191.0,,-644.0,-429.0,2885.0,243.0,238.0,,-236.0
1481.0,210.0,,-440.0,-479.0,2778.0,225.0,256.0,,117.0
1375.0,331.0,,-246.0,-513.0,2513.0,197.0,402.0,,493.0
1356.0,482.0,,-83.0,-471.0,2471.0,186.0,404.0,,856.0
1350.0,583.0,,48.0,-316.0,2843.0,178.0,282.0,,1194.0
1346.0,574.0,,186.0,-210.0,3161.0,194.0,358.0,,1443.0
1141.0,477.0,,399.0,-162.0,3146.0,228.0,169.0,,1620.0
1150.0,332.0,,526.0,-105.0,3284.0,229.0,338.0,,1710.0
1141.0,132.0,,538.0,-71.0,3556.0,268.0,247.0,,1691.0
1108.0,-87.0,,479.0,-12.0,3556.0,322.0,190.0,,1597.0
990.0,-260.0,,491.0,60.0,3387.0,347.0,160.0,,1402.0
939.0,-419.0,,442.0,87.0,3313.0,372.0,-62.0,,1133.0
866.0,-599.0,,328.0,138.0,3457.0,364.0,-51.0,,764.0
743.0,-723.0,,299.0,198.0,3151.0,333.0,-380.0,,320.0
640.0,-732.0,,211.0,193.0,2412.0,305.0,-345.0,,-213.0
477.0,-620.0,,148.0,197.0,2088.0,280.0,-419.0,,-865.0
410.0,-463.0,,138.0,205.0,2215.0,274.0,-569.0,,-1580.0
286.0,-365.0,,166.0,166.0,2360.0,275.0,-539.0,,-2369.0
61.0,-328.0,,218.0,166.0,2290.0,250.0,-777.0,,-3179.0
-233.0,-324.0,,343.0,160.0,2293.0,208.0,-689.0,,-3978.0
-426.0,-358.0,,547.0,105.0,2462.0,175.0,-894.0,,-4713.0
-570.0,-401.0,,730.0,77.0,2549.0,105.0,-925.0,,-5334.0
-762.0,-384.0,,926.0,31.0,2541.0,51.0,-896.0,,-5830.0
-885.0,-310.0,,990.0,-40.0,2635.0,38.0,-907.0,,-6153.0
-1067.0,-189.0,,1054.0,-91.0,2708.0,-4.0,-594.0,,-6333.0
-1165.0,-13.0,,1238.0,-188.0,2583.0,-22.0,-508.0,,-6404.0
-1156.0,206.0,,1348.0,-290.0,2536.0,-35.0,-168.0,,-6361.0
-1153.0,430.0,,1395.0,-295.0,2664.0,-74.0,-171.0,,-6224.0
-1084.0,578.0,,1340.0,-274.0,2631.0,-65.0,-133.0,,-6020.0
-1023.0,577.0,,1273.0,-233.0,2312.0,-38.0,-33.0,,-5762.0
-872.0,484.0,,1163.0,-151.0,2036.0,-26.0,-184.0,,-5451.0
-652.0,374.0,,993.0,-119.0,2049.0,-23.0,-40.0,,-5056.0
-477.0,233.0,,920.0,-66.0,2301.0,-19.0,-160.0,,-4577.0
-377.0,88.0,,778.0,28.0,2376.0,-17.0,33.0,,-4030.0
-213.0,-25.0,,646.0,63.0,2280.0,-14.0,90.0,,-3412.0
-1.0,-77.0,,568.0,91.0,2392.0,-12.0,60.0,,-2720.0
216.0,-87.0,,428.0,91.0,2353.0,-38.0,221.0,,-1947.0
356.0,-101.0,,292.0,36.0,2053.0,-67.0,59.0,,-1130.0
409.0,-96.0,,259.0,58.0,1748.0,-95.0,114.0,,-302.0
569.0,-45.0,,222.0,60.0,1660.0,-105.0,-149.0,,514.0
680.0,27.0,,56.0,-31.0,1724.0,-88.0,-216.0,,1281.0
830.0,46.0,,-107.0,-57.0,1604.0,-95.0,-179.0,,1947.0
931.0,9.0,,-305.0,-38.0,1638.0,-105.0,-240.0,,2483.0
1065.0,-48.0,,-502.0,-19.0,1910.0,-95.0,-77.0,,2866.0
1118.0,-143.0,,-667.0,12.0,1994.0,-90.0,-297.0,,3074.0
1080.0,-252.0,,-862.0,-45.0,1806.0,-76.0,-260.0,,3113.0
1163.0,-319.0,,-1014.0,-126.0,1542.0,-30.0,-397.0,,3007.0
1149.0,-317.0,,-1091.0,-122.0,1410.0,2.0,-448.0,,2750.0
1054.0,-233.0,,-1086.0,-110.0,1191.0,17.0,-336.0,,2355.0
969.0,-92.0,,-1056.0,-75.0,640.0,21.0,-456.0,,1878.0
948.0,85.0,,-1018.0,-27.0,245.0,22.0,-243.0,,1316.0
745.0,276.0,,-950.0,-45.0,363.0,26.0,-286.0,,690.0
566.0,431.0,,-795.0,-40.0,592.0,22.0,-164.0,,23.0
473.0,491.0,,-604.0,-52.0,621.0,29.0,-293.0,,-690.0
327.0,425.0,,-473.0,-130.0,619.0,0.0,-591.0,,-1430.0
175.0,281.0,,-294.0,-134.0,695.0,-13.0,-628.0,,-2190.0
43.0,127.0,,-26.0,-122.0,771.0,15.0,-920.0,,-2940.0
-121.0,52.0,,184.0,-116.0,827.0,23.0,-764.0,,-3644.0
-250.0,54.0,,295.0,-9.0,726.0,45.0,-748.0,,-4284.0
-217.0,70.0,,408.0,114.0,509.0,74.0,-654.0,,-4836.0
-272.0,88.0,,492.0,245.0,354.0,104.0,-524.0,,-5249.0
-342.0,34.0,,499.0,379.0,406.0,109.0,-657.0,,-5506.0
-414.0,-107.0,,503.0,383.0,532.0,98.0,-552.0,,-5612.0
-232.0,-313.0,,538.0,367.0,499.0,102.0,-777.0,,-5581.0
-129.0,-528.0,,504.0,393.0,292.0,88.0,-757.0,,-5414.0
-226.0,-674.0,,427.0,386.0,143.0,70.0,-861.0,,-5116.0
-147.0,-756.0,,370.0,420.0,436.0,37.0,-1005.0,,-4714.0
-2.0,-809.0,,301.0,447.0,621.0,-6.0,-970.0,,-4206.0
147.0,-855.0,,295.0,406.0,639.0,-23.0,-1156.0,,-3616.0
190.0,-848.0,,227.0,415.0,726.0,-12.0,-964.0,,-2943.0
264.0,-743.0,,92.0,447.0,719.0,17.0,-1019.0,,-2198.0
314.0,-542.0,,89.0,464.0,901.0,59.0,-822.0,,-1417.0
524.0,-269.0,,79.0,508.0,1147.0,91.0,-622.0,,-598.0
616.0,46.0,,45.0,449.0,1278.0,104.0,-748.0,,207.0
539.0,356.0,,36.0,309.0,1185.0,137.0,-679.0,,971.0
616.0,596.0,,38.0,215.0,1163.0,162.0,-868.0,,1668.0
734.0,759.0,,53.0,107.0,1416.0,162.0,-796.0,,2284.0
834.0,877.0,,-15.0,74.0,1697.0,182.0,-912.0,,2815.0
757.0,1001.0,,-83.0,122.0,1804.0,185.0,-942.0,,3220.0
739.0,1121.0,,-112.0,120.0,1745.0,163.0,-866.0,,3493.0
684.0,1118.0,,-75.0,100.0,1763.0,141.0,-1001.0,,3644.0
711.0,1010.0,,-17.0,23.0,1857.0,119.0,-820.0,,3663.0
677.0,865.0,,-71.0,-140.0,2109.0,121.0,-1006.0,,3526.0
565.0,643.0,,-146.0,-263.0,2243.0,132.0,-888.0,,3266.0
585.0,395.0,,-190.0,-337.0,2065.0,142.0,-702.0,,2904.0
541.0,155.0,,-262.0,-371.0,1683.0,115.0,-715.0,,2448.0
492.0,-92.0,,-396.0,-312.0,1376.0,64.0,-598.0,,1943.0
337.0,-354.0,,-476.0,-285.0,1433.0,54.0,-844.0,,1418.0
240.0,-620.0,,-447.0,-284.0,1569.0,64.0,-881.0,,895.0
207.0,-813.0,,-424.0,-234.0,1603.0,65.0,-1067.0,,394.0
190.0,-897.0,,-402.0,-240.0,1650.0,69.0,-1010.0,,-71.0
42.0,-897.0,,-441.0,-231.0,1692.0,80.0,-849.0,,-501.0
-80.0,-862.0,,-384.0,-194.0,1761.0,93.0,-979.0,,-890.0
-54.0,-751.0,,-162.0,-225.0,1906.0,80.0,-962.0,,-1247.0
-95.0,-588.0,,-14.0,-201.0,1792.0,59.0,-1293.0,,-1558.0
-154.0,-417.0,,235.0,-150.0,1601.0,42.0,-1343.0,,-1801.0
-216.0,-218.0,,535.0,-146.0,1482.0,37.0,-1552.0,,-1969.0
-218.0,-54.0,,775.0,-98.0,1351.0,68.0,-1709.0,,-2050.0
-265.0,36.0,,996.0,-82.0,1123.0,88.0,-1583.0,,-2062.0
-204.0,51.0,,1134.0,-89.0,792.0,93.0,-1627.0,,-2002.0
-172.0,54.0,,1313.0,-13.0,714.0,75.0,-1313.0,,-1859.0
-223.0,45.0,,1446.0,3.0,782.0,46.0,-1400.0,,-1677.0
-168.0,28.0,,1517.0,-61.0,993.0,24.0,-1398.0,,-1477.0
-115.0,78.0,,1556.0,-110.0,1128.0,31.0,-1406.0,,-1244.0
-127.0,171.0,,1474.0,-162.0,1313.0,64.0,-1518.0,,-999.0
-141.0,249.0,,1320.0,-131.0,1598.0,82.0,-1337.0,,-729.0
-119.0,273.0,,1140.0,-62.0,1761.0,113.0,-1476.0,,-437.0
-106.0,368.0,,996.0,-52.0,1976.0,130.0,-1328.0,,-142.0
10.0,523.0,,913.0,0.0,2057.0,139.0,-1348.0,,152.0
24.0,659.0,,751.0,28.0,2040.0,151.0,-1293.0,,453.0
-50.0,776.0,,505.0,15.0,1857.0,157.0,-1141.0,,759.0
-45.0,843.0,,408.0,60.0,1672.0,169.0,-1143.0,,1037.0
95.0,844.0,,311.0,54.0,1601.0,172.0,-785.0,,1293.0
116.0,744.0,,127.0,21.0,1425.0,190.0,-768.0,,1544.0
-45.0,618.0,,29.0,22.0,1312.0,212.0,-593.0,,1805.0
-11.0,483.0,,-70.0,-57.0,1480.0,206.0,-633.0,,2068.0
85.0,336.0,,-300.0,-122.0,1809.0,182.0,-796.0,,2337.0
114.0,198.0,,-440.0,-156.0,2025.0,150.0,-637.0,,2603.0
79.0,80.0,,-472.0,-254.0,2112.0,121.0,-657.0,,2836.0
148.0,1.0,,-589.0,-287.0,2088.0,110.0,-378.0,,3027.0
305.0,-54.0,,-566.0,-310.0,2050.0,102.0,-441.0,,3124.0
304.0,-81.0,,-556.0,-387.0,2049.0,114.0,-556.0,,3096.0
352.0,-109.0,,-653.0,-404.0,1978.0,116.0,-764.0,,2954.0
545.0,-112.0,,-585.0,-432.0,1820.0,79.0,-1152.0,,2702.0
670.0,-90.0,,-462.0,-455.0,1890.0,42.0,-1201.0,,2321.0
850.0,-91.0,,-449.0,-426.0,2103.0,32.0,-1430.0,,1850.0
935.0,-143.0,,-304.0,-477.0,2128.0,73.0,-1285.0,,1320.0
970.0,-195.0,,-104.0,-531.0,1999.0,116.0,-1199.0,,764.0
1059.0,-197.0,,-48.0,-520.0,1921.0,165.0,-1071.0,,235.0
1203.0,-177.0,,166.0,-541.0,2009.0,218.0,-881.0,,-228.0
1239.0,-152.0,,286.0,-479.0,1934.0,250.0,-1034.0,,-621.0
1191.0,-175.0,,335.0,-349.0,1629.0,291.0,-859.0,,-964.0
1307.0,-199.0,,447.0,-243.0,1228.0,331.0,-885.0,,-1214.0
1156.0,-199.0,,446.0,-59.0,909.0,356.0,-652.0,,-1402.0
1155.0,-248.0,,502.0,106.0,640.0,368.0,-445.0,,-1538.0
1091.0,-366.0,,494.0,219.0,423.0,385.0,-447.0,,-1613.0
1044.0,-430.0,,494.0,363.0,369.0,384.0,-195.0,,-1657.0
947.0,-372.0,,605.0,442.0,405.0,355.0,-284.0,,-1640.0
819.0,-299.0,,526.0,512.0,482.0,350.0,-188.0,,-1555.0
814.0,-229.0,,367.0,623.0,486.0,354.0,-315.0,,-1406.0
590.0,-120.0,,311.0,661.0,612.0,361.0,-363.0,,-1211.0
594.0,35.0,,159.0,673.0,559.0,364.0,-249.0,,-984.0
423.0,159.0,,14.0,705.0,246.0,361.0,-338.0,,-744.0
400.0,213.0,,-34.0,692.0,152.0,371.0,-110.0,,-523.0
243.0,237.0,,-121.0,698.0,162.0,364.0,-179.0,,-322.0
246.0,291.0,,-128.0,670.0,-192.0,341.0,-51.0,,-158.0
185.0,345.0,,-258.0,536.0,-815.0,292.0,-64.0,,-10.0
48.0,310.0,,-465.0,434.0,-987.0,262.0,-208.0,,129.0
34.0,235.0,,-519.0,332.0,-888.0,234.0,-112.0,,258.0
-70.0,136.0,,-663.0,211.0,-1076.0,179.0,-184.0,,404.0
-12.0,42.0,,-766.0,142.0,-1377.0,129.0,157.0,,572.0
-294.0,-63.0,,-820.0,43.0,-1340.0,68.0,234.0,,757.0
-183.0,-186.0,,-858.0,-46.0,-1124.0,4.0,327.0,,951.0
-444.0,-282.0,,-937.0,-81.0,-1198.0,-81.0,317.0,,1140.0
-393.0,-301.0,,-1020.0,-154.0,-1394.0,-166.0,55.0,,1265.0
-483.0,-229.0,,-1012.0,-224.0,-1414.0,-206.0,169.0,,1329.0
-593.0,-159.0,,-1088.0,-258.0,-1439.0,-252.0,31.0,,1356.0
-514.0,-76.0,,-1033.0,-328.0,-1756.0,-330.0,157.0,,1277.0
-667.0,-4.0,,-1018.0,-369.0,-2184.0,-403.0,92.0,,1134.0
-448.0,-10.0,,-1029.0,-370.0,-2492.0,-500.0,-29.0,,957.0
-787.0,-107.0,,-982.0,-392.0,-2655.0,-589.0,59.0,,755.0
-409.0,-225.0,,-1041.0,-364.0,-2765.0,-643.0,-96.0,,566.0
-536.0,-320.0,,-1058.0,-310.0,-2790.0,-673.0,27.0,,349.0
-413.0,-461.0,,-1013.0,-294.0,-2737.0,-671.0,-153.0,,148.0
-362.0,-638.0,,-924.0,-253.0,-2733.0,-650.0,-109.0,,-15.0
-355.0,-803.0,,-986.0,-205.0,-2737.0,-599.0,36.0,,-133.0
-39.0,-837.0,,-1022.0,-193.0,-2669.0,-584.0,103.0,,-216.0
-332.0,-742.0,,-785.0,-144.0,-2589.0,-576.0,391.0,,-275.0
93.0,-591.0,,-657.0,-70.0,-2861.0,-555.0,402.0,,-288.0
-228.0,-359.0,,-537.0,-24.0,-3168.0,-531.0,702.0,,-267.0
48.0,-74.0,,-176.0,30.0,-3107.0,-495.0,689.0,,-180.0
-21.0,169.0,,19.0,63.0,-3056.0,-489.0,691.0,,-74.0
-28.0,270.0,,112.0,88.0,-3295.0,-484.0,691.0,,73.0
-50.0,291.0,,414.0,156.0,-3605.0,-490.0,476.0,,299.0
-368.0,285.0,,637.0,212.0,-3498.0,-503.0,678.0,,543.0
-112.0,279.0,,723.0,287.0,-3151.0,-511.0,550.0,,811.0
-589.0,238.0,,863.0,424.0,-3069.0,-487.0,678.0,,1046.0
-426.0,149.0,,930.0,549.0,-3226.0,-451.0,720.0,,1193.0
-941.0,101.0,,979.0,657.0,-3274.0,-463.0,661.0,,1285.0
-885.0,95.0,,976.0,743.0,-3161.0,-492.0,729.0,,1309.0
-1072.0,111.0,,820.0,740.0,-3269.0,-526.0,491.0,,1250.0
-1298.0,114.0,,754.0,703.0,-3622.0,-572.0,631.0,,1126.0
-1239.0,158.0,,723.0,664.0,-3800.0,-631.0,576.0,,956.0
-1607.0,179.0,,565.0,577.0,-3730.0,-670.0,759.0,,792.0
-1229.0,90.0,,494.0,490.0,-3631.0,-712.0,921.0,,637.0
-1591.0,-35.0,,574.0,390.0,-3455.0,-754.0,812.0,,505.0
-1421.0,-86.0,,569.0,217.0,-3383.0,-821.0,990.0,,389.0
-1744.0,-20.0,,546.0,46.0,-3424.0,-920.0,851.0,,300.0
-1518.0,46.0,,467.0,-93.0,-3290.0,-1017.0,938.0,,269.0
-1432.0,108.0,,396.0,-222.0,-3002.0,-1132.0,859.0,,266.0
-1649.0,230.0,,453.0,-296.0,-2903.0,-1174.0,820.0,,295.0
-1349.0,417.0,,429.0,-352.0,-3133.0,-1216.0,958.0,,327.0
-1626.0,524.0,,473.0,-418.0,-3103.0,-1325.0,942.0,,360.0
-1216.0,482.0,,539.0,-434.0,-2953.0,-1445.0,1280.0,,397.0
-1518.0,381.0,,549.0,-438.0,-3011.0,-1567.0,1358.0,,398.0
-1282.0,202.0,,608.0,-448.0,-3289.0,-1614.0,1589.0,,363.0
-1297.0,-36.0,,709.0,-417.0,-3708.0,-1614.0,1670.0,,302.0
-1182.0,-232.0,,838.0,-392.0,-3834.0,-1622.0,1694.0,,209.0
-976.0,-316.0,,887.0,-375.0,-3893.0,-1656.0,1927.0,,117.0
-1181.0,-280.0,,867.0,-326.0,-4024.0,-1698.0,1759.0,,20.0
-848.0,-147.0,,888.0,-312.0,-4098.0,-1728.0,1803.0,,-110.0
-972.0,46.0,,900.0,-288.0,-3998.0,-1758.0,1557.0,,-219.0
-581.0,294.0,,885.0,-205.0,-3963.0,-1774.0,1444.0,,-303.0
-832.0,497.0,,964.0,-149.0,-4055.0,-1787.0,1478.0,,-373.0
-693.0,564.0,,969.0,-100.0,-3891.0,-1783.0,1380.0,,-429.0
-599.0,491.0,,941.0,-51.0,-3617.0,-1766.0,1550.0,,-472.0
-667.0,285.0,,1012.0,-63.0,-3494.0,-1767.0,1315.0,,-484.0
-498.0,-16.0,,1074.0,-51.0,-3623.0,-1791.0,1261.0,,-456.0
-702.0,-359.0,,1024.0,11.0,-3694.0,-1816.0,1001.0,,-392.0
-494.0,-633.0,,906.0,62.0,-3684.0,-1824.0,713.0,,-334.0
-638.0,-819.0,,888.0,140.0,-3711.0,-1823.0,652.0,,-249.0
-388.0,-906.0,,722.0,221.0,-3806.0,-1800.0,376.0,,-156.0
-445.0,-868.0,,492.0,266.0,-4104.0,-1761.0,485.0,,-67.0
-339.0,-652.0,,352.0,330.0,-4325.0,-1725.0,338.0,,11.0
-208.0,-300.0,,124.0,384.0,-4400.0,-1691.0,273.0,,42.0
-273.0,69.0,,-76.0,388.0,-4390.0,-1648.0,195.0,,84.0
-85.0,401.0,,-242.0,386.0,-4386.0,-1609.0,81.0,,117.0
-207.0,614.0,,-429.0,355.0,-4438.0,-1578.0,282.0,,126.0
-1.0,733.0,,-555.0,303.0,-4426.0,-1556.0,221.0,,130.0
-131.0,748.0,,-612.0,295.0,-4256.0,-1550.0,497.0,,111.0
-48.0,650.0,,-695.0,284.0,-3939.0,-1552.0,565.0,,79.0
-44.0,461.0,,-737.0,261.0,-3649.0,-1581.0,624.0,,44.0
-135.0,203.0,,-685.0,270.0,-3464.0,-1600.0,739.0,,-5.0
-63.0,-90.0,,-612.0,253.0,-3409.0,-1583.0,587.0,,-80.0
-232.0,-389.0,,-547.0,219.0,-3200.0,-1559.0,737.0,,-163.0
-121.0,-593.0,,-446.0,199.0,-2848.0,-1539.0,624.0,,-243.0
-256.0,-700.0,,-404.0,159.0,-2749.0,-1534.0,766.0,,-326.0
-202.0,-699.0,,-445.0,166.0,-2785.0,-1514.0,864.0,,-426.0
-252.0,-541.0,,-394.0,207.0,-2775.0,-1491.0,885.0,,-516.0
-335.0,-268.0,,-411.0,177.0,-2719.0,-1471.0,1003.0,,-562.0
-277.0,22.0,,-451.0,130.0,-2838.0,-1464.0,755.0,,-576.0
-392.0,251.0,,-334.0,65.0,-3139.0,-1467.0,849.0,,-565.0
-159.0,443.0,,-290.0,-84.0,-3295.0,-1463.0,737.0,,-525.0
-262.0,641.0,,-257.0,-224.0,-3001.0,-1472.0,750.0,,-460.0
-97.0,838.0,,-103.0,-294.0,-2439.0,-1481.0,770.0,,-372.0
5.0,967.0,,-83.0,-336.0,-2188.0,-1528.0,576.0,,-282.0
-83.0,979.0,,-262.0,-329.0,-2207.0,-1582.0,641.0,,-192.0
203.0,890.0,,-359.0,-279.0,-2272.0,-1617.0,400.0,,-99.0
248.0,730.0,,-183.0,-221.0,-2287.0,-1632.0,389.0,,-7.0
480.0,589.0,,-117.0,-157.0,-2196.0,-1608.0,216.0,,102.0
442.0,528.0,,-204.0,-164.0,-2099.0,-1570.0,145.0,,175.0
584.0,513.0,,-175.0,-243.0,-2064.0,-1510.0,197.0,,203.0
671.0,470.0,,-267.0,-277.0,-1930.0,-1446.0,-79.0,,203.0
764.0,382.0,,-308.0,-264.0,-1625.0,-1360.0,-83.0,,154.0
995.0,287.0,,-293.0,-215.0,-1435.0,-1284.0,-378.0,,70.0
845.0,145.0,,-346.0,-139.0,-1317.0,-1240.0,-448.0,,-79.0
1109.0,-94.0,,-434.0,-114.0,-1287.0,-1186.0,-617.0,,-278.0
1040.0,-384.0,,-563.0,-93.0,-1231.0,-1139.0,-938.0,,-505.0
1116.0,-617.0,,-737.0,-25.0,-1034.0,-1086.0,-951.0,,-734.0
1173.0,-705.0,,-917.0,9.0,-916.0,-1037.0,-1178.0,,-916.0
1222.0,-654.0,,-889.0,10.0,-900.0,-994.0,-1014.0,,-1060.0
1308.0,-558.0,,-954.0,9.0,-961.0,-919.0,-951.0,,-1118.0
1164.0,-420.0,,-1012.0,-18.0,-865.0,-826.0,-763.0,,-1068.0
1429.0,-231.0,,-1038.0,-15.0,-866.0,-746.0,-519.0,,-924.0
1405.0,-109.0,,-1159.0,26.0,-1107.0,-702.0,-569.0,,-700.0
1492.0,-120.0,,-1160.0,40.0,-1167.0,-663.0,-388.0,,-452.0
1484.0,-189.0,,-1056.0,60.0,-1166.0,-615.0,-561.0,,-214.0
1662.0,-263.0,,-937.0,71.0,-1133.0,-573.0,-521.0,,-6.0
1771.0,-405.0,,-880.0,15.0,-1074.0,-487.0,-552.0,,172.0
1693.0,-573.0,,-734.0,-38.0,-1078.0,-402.0,-609.0,,292.0
1852.0,-660.0,,-576.0,-82.0,-1149.0,-339.0,-397.0,,343.0
1854.0,-642.0,,-331.0,-135.0,-1262.0,-271.0,-424.0,,378.0
1977.0,-570.0,,-117.0,-133.0,-1250.0,-196.0,-160.0,,411.0
1821.0,-516.0,,-27.0,-125.0,-980.0,-109.0,-121.0,,447.0
1804.0,-458.0,,97.0,-136.0,-527.0,-16.0,-31.0,,497.0
1714.0,-380.0,,290.0,-102.0,-315.0,105.0,-42.0,,555.0
1702.0,-287.0,,490.0,-77.0,-181.0,194.0,-258.0,,615.0
1649.0,-204.0,,464.0,-82.0,-98.0,257.0,-234.0,,679.0
1455.0,-150.0,,545.0,-80.0,-136.0,306.0,-452.0,,729.0
1467.0,-136.0,,622.0,-117.0,-5.0,313.0,-303.0,,721.0
1354.0,-146.0,,598.0,-171.0,103.0,321.0,-306.0,,651.0
1285.0,-151.0,,589.0,-191.0,103.0,331.0,-367.0,,524.0
1118.0,-138.0,,535.0,-238.0,-47.0,341.0,-334.0,,336.0
1130.0,-50.0,,593.0,-290.0,-20.0,354.0,-559.0,,81.0
968.0,74.0,,505.0,-321.0,401.0,403.0,-500.0,,-200.0
881.0,163.0,,327.0,-383.0,893.0,471.0,-681.0,,-486.0
761.0,197.0,,120.0,-428.0,1193.0,540.0,-652.0,,-771.0
671.0,178.0,,-93.0,-439.0,1300.0,603.0,-607.0,,-1035.0
623.0,110.0,,-72.0,-460.0,1616.0,639.0,-642.0,,-1294.0
505.0,-12.0,,-199.0,-445.0,1912.0,662.0,-509.0,,-1543.0
605.0,-106.0,,-428.0,-387.0,1786.0,679.0,-692.0,,-1792.0
367.0,-84.0,,-446.0,-321.0,1538.0,723.0,-509.0,,-2053.0
327.0,24.0,,-522.0,-230.0,1588.0,771.0,-461.0,,-2298.0
201.0,123.0,,-617.0,-152.0,1921.0,794.0,-367.0,,-2510.0
261.0,185.0,,-552.0,-124.0,2024.0,814.0,-153.0,,-2669.0
229.0,213.0,,-390.0,-91.0,1909.0,819.0,-149.0,,-2750.0
111.0,220.0,,-343.0,-78.0,2107.0,814.0,136.0,,-2760.0
171.0,204.0,,-348.0,-78.0,2581.0,824.0,101.0,,-2718.0
18.0,132.0,,-226.0,-12.0,3073.0,844.0,160.0,,-2636.0
158.0,-11.0,,-71.0,64.0,3380.0,900.0,92.0,,-2525.0
64.0,-247.0,,70.0,128.0,3497.0,987.0,-60.0,,-2406.0
158.0,-487.0,,140.0,206.0,3666.0,1068.0,64.0,,-2291.0
137.0,-627.0,,250.0,224.0,3886.0,1135.0,-55.0,,-2198.0
169.0,-698.0,,306.0,226.0,3902.0,1167.0,75.0,,-2140.0
257.0,-761.0,,304.0,290.0,3515.0,1184.0,-31.0,,-2080.0
141.0,-796.0,,280.0,339.0,3169.0,1208.0,-133.0,,-2032.0
247.0,-775.0,,262.0,380.0,3166.0,1235.0,-232.0,,-1979.0
135.0,-690.0,,317.0,454.0,3167.0,1269.0,-463.0,,-1891.0
233.0,-492.0,,290.0,515.0,3021.0,1308.0,-339.0,,-1754.0
92.0,-217.0,,447.0,591.0,3092.0,1360.0,-476.0,,-1539.0
-26.0,-8.0,,573.0,650.0,3515.0,1407.0,-304.0,,-1276.0
-105.0,5.0,,558.0,593.0,3981.0,1466.0,-249.0,,-966.0
-202.0,-122.0,,711.0,477.0,4298.0,1533.0,-282.0,,-636.0
-244.0,-244.0,,788.0,351.0,4379.0,1603.0,-121.0,,-295.0
-560.0,-376.0,,737.0,197.0,4313.0,1681.0,-221.0,,40.0
-560.0,-548.0,,666.0,70.0,4069.0,1757.0,70.0,,306.0
-680.0,-682.0,,501.0,-37.0,3900.0,1823.0,127.0,,495.0
-780.0,-667.0,,392.0,-129.0,3728.0,1880.0,299.0,,591.0
-976.0,-533.0,,337.0,-143.0,3335.0,1949.0,473.0,,602.0
-1091.0,-373.0,,127.0,-166.0,3087.0,2000.0,439.0,,527.0
-1064.0,-188.0,,-110.0,-252.0,2966.0,2044.0,644.0,,385.0
-1204.0,9.0,,-325.0,-305.0,3050.0,2072.0,522.0,,185.0
-1161.0,199.0,,-437.0,-331.0,3116.0,2085.0,624.0,,-56.0
-1262.0,333.0,,-508.0,-348.0,3206.0,2120.0,535.0,,-280.0
-1204.0,385.0,,-615.0,-323.0,3510.0,2173.0,578.0,,-494.0
-1161.0,416.0,,-685.0,-302.0,3743.0,2233.0,803.0,,-684.0
-1129.0,439.0,,-691.0,-253.0,3893.0,2273.0,803.0,,-821.0
-1085.0,347.0,,-571.0,-135.0,3892.0,2318.0,1141.0,,-874.0
-1081.0,120.0,,-541.0,-56.0,3994.0,2362.0,1112.0,,-825.0
-917.0,-120.0,,-458.0,-24.0,4069.0,2387.0,1284.0,,-708.0
-880.0,-277.0,,-307.0,5.0,3961.0,2408.0,1454.0,,-525.0
-808.0,-315.0,,-203.0,-22.0,3854.0,2427.0,1448.0,,-295.0
-744.0,-228.0,,-88.0,-53.0,3691.0,2481.0,1633.0,,-29.0
-694.0,-14.0,,-37.0,-54.0,3619.0,2565.0,1528.0,,266.0
-696.0,283.0,,-6.0,-82.0,3734.0,2631.0,1625.0,,549.0
-642.0,554.0,,53.0,-74.0,4033.0,2653.0,1435.0,,793.0
-500.0,739.0,,257.0,-16.0,4165.0,2684.0,1297.0,,971.0
-440.0,861.0,,356.0,23.0,3910.0,2733.0,1199.0,,1087.0
-419.0,945.0,,346.0,97.0,3708.0,2764.0,1018.0,,1129.0
-323.0,986.0,,415.0,168.0,3525.0,2764.0,1199.0,,1102.0
-255.0,933.0,,518.0,175.0,3093.0,2752.0,1104.0,,1030.0
-219.0,799.0,,603.0,202.0,2599.0,2715.0,1274.0,,914.0
-115.0,662.0,,674.0,243.0,2272.0,2660.0,1202.0,,800.0
4.0,538.0,,674.0,280.0,2324.0,2608.0,1016.0,,690.0
86.0,414.0,,631.0,341.0,2387.0,2533.0,934.0,,579.0
42.0,265.0,,678.0,321.0,2268.0,2459.0,622.0,,480.0
210.0,175.0,,615.0,223.0,2265.0,2390.0,718.0,,385.0
226.0,149.0,,552.0,136.0,2431.0,2340.0,589.0,,287.0
301.0,112.0,,480.0,16.0,2656.0,2322.0,665.0,,166.0
428.0,108.0,,417.0,-126.0,2669.0,2318.0,731.0,,12.0
386.0,174.0,,380.0,-237.0,2538.0,2299.0,648.0,,-156.0
378.0,243.0,,259.0,-346.0,2658.0,2256.0,698.0,,-322.0
257.0,203.0,,198.0,-380.0,2942.0,2209.0,358.0,,-456.0
402.0,131.0,,124.0,-325.0,2766.0,2139.0,428.0,,-535.0
242.0,78.0,,33.0,-302.0,2433.0,2057.0,460.0,,-561.0
171.0,55.0,,-17.0,-289.0,2433.0,1992.0,596.0,,-528.0
204.0,25.0,,-148.0,-287.0,2468.0,1950.0,811.0,,-474.0
77.0,-39.0,,-182.0,-294.0,2527.0,1885.0,757.0,,-410.0
89.0,-72.0,,-91.0,-185.0,2418.0,1780.0,1010.0,,-351.0
-37.0,-111.0,,-121.0,-14.0,2139.0,1650.0,897.0,,-318.0
-36.0,-163.0,,-51.0,107.0,1911.0,1531.0,899.0,,-307.0
-146.0,-204.0,,-18.0,201.0,1771.0,1455.0,844.0,,-326.0
-149.0,-226.0,,-30.0,236.0,1801.0,1393.0,735.0,,-364.0
-214.0,-240.0,,18.0,203.0,1728.0,1347.0,833.0,,-431.0
-255.0,-191.0,,69.0,195.0,1575.0,1302.0,655.0,,-499.0
-152.0,-79.0,,159.0,179.0,1548.0,1235.0,851.0,,-563.0
-151.0,26.0,,158.0,124.0,1700.0,1159.0,774.0,,-602.0
-154.0,156.0,,170.0,98.0,1834.0,1086.0,803.0,,-587.0
-168.0,283.0,,304.0,61.0,1623.0,1031.0,892.0,,-537.0
-107.0,389.0,,437.0,21.0,1444.0,988.0,678.0,,-421.0
-95.0,430.0,,425.0,1.0,1648.0,936.0,761.0,,-255.0
-82.0,407.0,,411.0,-47.0,1836.0,888.0,491.0,,-59.0
-109.0,358.0,,425.0,-54.0,1604.0,822.0,471.0,,167.0
-73.0,275.0,,375.0,13.0,1370.0,732.0,397.0,,405.0
-100.0,126.0,,249.0,67.0,1456.0,674.0,323.0,,648.0
-74.0,-68.0,,211.0,111.0,1383.0,635.0,424.0,,875.0
-126.0,-203.0,,93.0,128.0,809.0,604.0,175.0,,1066.0
-167.0,-325.0,,-85.0,70.0,221.0,536.0,280.0,,1217.0
-75.0,-419.0,,-90.0,22.0,120.0,412.0,192.0,,1298.0
-26.0,-403.0,,-98.0,9.0,214.0,296.0,273.0,,1282.0
-75.0,-318.0,,-136.0,-12.0,111.0,207.0,358.0,,1177.0
-153.0,-217.0,,-200.0,11.0,-106.0,134.0,242.0,,981.0
53.0,-158.0,,-240.0,15.0,-116.0,80.0,371.0,,708.0
70.0,-125.0,,-341.0,-46.0,-79.0,12.0,155.0,,390.0
34.0,-53.0,,-380.0,-74.0,-112.0,-81.0,155.0,,59.0
43.0,61.0,,-447.0,-87.0,-83.0,-178.0,-49.0,,-256.0
111.0,149.0,,-572.0,-108.0,-68.0,-289.0,-199.0,,-544.0
93.0,133.0,,-554.0,-86.0,-121.0,-380.0,-162.0,,-753.0
37.0,32.0,,-588.0,-71.0,-208.0,-467.0,-408.0,,-891.0
99.0,-131.0,,-701.0,-97.0,-301.0,-554.0,-430.0,,-985.0
68.0,-296.0,,-833.0,-138.0,-426.0,-630.0,-703.0,,-1029.0
158.0,-395.0,,-850.0,-225.0,-619.0,-732.0,-752.0,,-1048.0
115.0,-404.0,,-806.0,-291.0,-824.0,-841.0,-907.0,,-1042.0
-43.0,-334.0,,-775.0,-298.0,-952.0,-931.0,-1189.0,,-1008.0
-78.0,-251.0,,-692.0,-323.0,-1170.0,-995.0,-1217.0,,-935.0
-92.0,-162.0,,-567.0,-303.0,-1383.0,-1063.0,-1395.0,,-831.0
-84.0,-43.0,,-359.0,-241.0,-1530.0,-1125.0,-1162.0,,-668.0
-173.0,144.0,,-177.0,-206.0,-1518.0,-1172.0,-1128.0,,-427.0
-332.0,363.0,,-100.0,-136.0,-1539.0,-1202.0,-1016.0,,-157.0
-238.0,591.0,,3.0,-67.0,-1648.0,-1193.0,-816.0,,140.0
-282.0,871.0,,89.0,-45.0,-1424.0,-1194.0,-766.0,,427.0
-218.0,1171.0,,100.0,8.0,-1168.0,-1187.0,-393.0,,682.0
-298.0,1405.0,,117.0,58.0,-885.0,-1188.0,-395.0,,898.0
-247.0,1459.0,,93.0,68.0,-751.0,-1224.0,-245.0,,1076.0
-163.0,1320.0,,-34.0,101.0,-632.0,-1264.0,-262.0,,1226.0
-163.0,1065.0,,-147.0,101.0,-338.0,-1304.0,-363.0,,1347.0
51.0,737.0,,-224.0,88.0,-184.0,-1301.0,-286.0,,1466.0
-173.0,359.0,,-367.0,108.0,-118.0,-1296.0,-519.0,,1578.0
98.0,1.0,,-429.0,69.0,-258.0,-1291.0,-410.0,,1672.0
59.0,-251.0,,-446.0,6.0,-234.0,-1305.0,-593.0,,1770.0
281.0,-352.0,,-540.0,-29.0,-189.0,-1354.0,-589.0,,1891.0
243.0,-334.0,,-551.0,-80.0,-284.0,-1380.0,-513.0,,2022.0
291.0,-288.0,,-548.0,-91.0,-517.0,-1400.0,-620.0,,2140.0
618.0,-250.0,,-673.0,-76.0,-762.0,-1386.0,-297.0,,2224.0
355.0,-221.0,,-761.0,-119.0,-759.0,-1382.0,-328.0,,2257.0
708.0,-205.0,,-764.0,-139.0,-865.0,-1378.0,-109.0,,2207.0
415.0,-215.0,,-773.0,-154.0,-878.0,-1352.0,-97.0,,2068.0
772.0,-211.0,,-805.0,-214.0,-975.0,-1359.0,-230.0,,1847.0
780.0,-220.0,,-783.0,-225.0,-953.0,-1383.0,-168.0,,1531.0
797.0,-318.0,,-701.0,-253.0,-818.0,-1413.0,-404.0,,1163.0
807.0,-458.0,,-617.0,-306.0,-805.0,-1399.0,-362.0,,770.0
714.0,-569.0,,-482.0,-299.0,-820.0,-1368.0,-726.0,,384.0
1150.0,-634.0,,-440.0,-290.0,-1049.0,-1359.0,-1027.0,,59.0
889.0,-682.0,,-311.0,-250.0,-912.0,-1337.0,-1237.0,,-197.0
1198.0,-693.0,,-143.0,-163.0,-772.0,-1296.0,-1439.0,,-360.0
989.0,-627.0,,-119.0,-139.0,-711.0,-1260.0,-1254.0,,-427.0
1383.0,-504.0,,-4.0,-118.0,-619.0,-1243.0,-1346.0,,-419.0
1329.0,-356.0,,140.0,-56.0,-679.0,-1216.0,-1184.0,,-365.0
1262.0,-228.0,,267.0,-26.0,-531.0,-1158.0,-1162.0,,-290.0
1379.0,-171.0,,411.0,49.0,-329.0,-1104.0,-1073.0,,-202.0
1165.0,-120.0,,641.0,154.0,-194.0,-1086.0,-933.0,,-121.0
1469.0,21.0,,813.0,235.0,-268.0,-1068.0,-1021.0,,-62.0
1084.0,209.0,,795.0,353.0,-233.0,-1015.0,-779.0,,-28.0
1250.0,357.0,,831.0,411.0,-115.0,-929.0,-803.0,,-34.0
891.0,512.0,,944.0,398.0,-297.0,-837.0,-628.0,,-76.0
934.0,736.0,,979.0,422.0,-834.0,-757.0,-563.0,,-170.0
861.0,1015.0,,954.0,415.0,-1289.0,-696.0,-607.0,,-303.0
630.0,1274.0,,864.0,381.0,-1291.0,-626.0,-480.0,,-432.0
630.0,1463.0,,753.0,359.0,-1439.0,-555.0,-630.0,,-550.0
431.0,1586.0,,665.0,277.0,-1696.0,-475.0,-454.0,,-631.0
547.0,1559.0,,557.0,212.0,-1873.0,-391.0,-478.0,,-669.0
90.0,1357.0,,472.0,181.0,-1788.0,-342.0,-389.0,,-673.0
244.0,1072.0,,383.0,86.0,-1500.0,-297.0,-192.0,,-624.0
38.0,802.0,,228.0,19.0,-1572.0,-257.0,-177.0,,-536.0
38.0,549.0,,115.0,-10.0,-1735.0,-196.0,62.0,,-450.0
34.0,278.0,,100.0,-64.0,-1728.0,-145.0,-25.0,,-358.0
-65.0,51.0,,-110.0,-71.0,-1521.0,-106.0,9.0,,-262.0
-42.0,-91.0,,-342.0,-97.0,-1251.0,-71.0,-171.0,,-182.0
-309.0,-126.0,,-462.0,-138.0,-1341.0,-77.0,-317.0,,-113.0
-90.0,-72.0,,-666.0,-108.0,-1648.0,-68.0,-284.0,,-52.0
-363.0,33.0,,-813.0,-121.0,-1899.0,-69.0,-532.0,,9.0
-255.0,159.0,,-914.0,-151.0,-1973.0,-71.0,-461.0,,65.0
-424.0,235.0,,-930.0,-125.0,-1958.0,-80.0,-694.0,,135.0
-544.0,237.0,,-973.0,-127.0,-2164.0,-103.0,-779.0,,237.0
-481.0,138.0,,-1045.0,-107.0,-2376.0,-123.0,-877.0,,356.0
-746.0,-55.0,,-1011.0,-56.0,-2402.0,-140.0,-1125.0,,512.0
-706.0,-285.0,,-972.0,-58.0,-2416.0,-151.0,-1055.0,,696.0
-1004.0,-532.0,,-944.0,-27.0,-2748.0,-137.0,-1274.0,,883.0
-931.0,-789.0,,-977.0,19.0,-3272.0,-94.0,-1162.0,,1049.0
-1096.0,-1010.0,,-960.0,24.0,-3362.0,-70.0,-1221.0,,1165.0
-1308.0,-1130.0,,-946.0,77.0,-3209.0,-45.0,-1280.0,,1202.0
-1441.0,-1144.0,,-878.0,119.0,-3404.0,-48.0,-1140.0,,1132.0
-1631.0,-1100.0,,-668.0,119.0,-3749.0,-23.0,-1160.0,,963.0
-1592.0,-1062.0,,-551.0,164.0,-3854.0,63.0,-814.0,,701.0
-1835.0,-1022.0,,-408.0,186.0,-3741.0,129.0,-777.0,,344.0
-1827.0,-927.0,,-284.0,200.0,-3732.0,174.0,-594.0,,-65.0
-1953.0,-785.0,,-39.0,258.0,-3888.0,174.0,-467.0,,-496.0
-1926.0,-610.0,,266.0,243.0,-3749.0,191.0,-410.0,,-938.0
-1916.0,-421.0,,352.0,197.0,-3403.0,238.0,-219.0,,-1358.0
-2042.0,-247.0,,536.0,187.0,-3271.0,281.0,-354.0,,-1727.0
-1969.0,-116.0,,754.0,153.0,-3441.0,348.0,-118.0,,-2025.0
-1940.0,-24.0,,974.0,162.0,-3720.0,395.0,-186.0,,-2234.0
-1768.0,83.0,,1080.0,195.0,-3918.0,442.0,-177.0,,-2346.0
-1788.0,238.0,,1122.0,179.0,-3933.0,491.0,-72.0,,-2356.0
-1710.0,364.0,,1170.0,209.0,-3780.0,517.0,-205.0,,-2282.0
-1652.0,417.0,,1088.0,204.0,-3872.0,541.0,-72.0,,-2134.0
-1580.0,457.0,,1051.0,112.0,-4188.0,565.0,-258.0,,-1901.0
-1436.0,499.0,,893.0,53.0,-4336.0,590.0,-188.0,,-1619.0
-1391.0,495.0,,726.0,-12.0,-4134.0,602.0,-286.0,,-1324.0
-1323.0,414.0,,561.0,-55.0,-3850.0,603.0,-447.0,,-1005.0
-1346.0,313.0,,394.0,-13.0,-3935.0,595.0,-371.0,,-670.0
-1189.0,263.0,,280.0,20.0,-4079.0,579.0,-528.0,,-312.0
-1117.0,233.0,,186.0,74.0,-3966.0,546.0,-434.0,,63.0
-1080.0,185.0,,82.0,154.0,-3823.0,472.0,-702.0,,427.0
-1044.0,177.0,,-3.0,148.0,-3790.0,408.0,-764.0,,801.0
-1017.0,206.0,,79.0,129.0,-3820.0,366.0,-737.0,,1177.0
-900.0,168.0,,58.0,115.0,-3706.0,340.0,-809.0,,1514.0
-967.0,48.0,,107.0,67.0,-3457.0,306.0,-556.0,,1794.0
-887.0,-55.0,,186.0,90.0,-3226.0,243.0,-659.0,,2017.0
-893.0,-12.0,,285.0,132.0,-3011.0,182.0,-541.0,,2180.0
-805.0,137.0,,428.0,124.0,-2942.0,109.0,-613.0,,2263.0
-777.0,244.0,,467.0,141.0,-3025.0,50.0,-702.0,,2257.0
-860.0,305.0,,510.0,126.0,-3157.0,-3.0,-724.0,,2151.0
-746.0,391.0,,560.0,96.0,-3235.0,-69.0,-995.0,,1952.0
-774.0,456.0,,650.0,109.0,-3250.0,-148.0,-920.0,,1662.0
-620.0,417.0,,640.0,66.0,-3219.0,-245.0,-1042.0,,1302.0
-898.0,298.0,,705.0,30.0,-3013.0,-344.0,-916.0,,895.0
-954.0,166.0,,741.0,52.0,-2775.0,-411.0,-905.0,,470.0
-950.0,55.0,,687.0,47.0,-2656.0,-425.0,-977.0,,63.0
-979.0,-42.0,,660.0,104.0,-2514.0,-425.0,-770.0,,-310.0
-962.0,-102.0,,651.0,209.0,-2173.0,-422.0,-848.0,,-636.0
-1300.0,-103.0,,657.0,249.0,-1779.0,-455.0,-659.0,,-919.0
-1227.0,-93.0,,596.0,305.0,-1659.0,-511.0,-722.0,,-1144.0
-1401.0,-105.0,,607.0,364.0,-1667.0,-567.0,-750.0,,-1315.0
-1230.0,-108.0,,572.0,382.0,-1459.0,-623.0,-753.0,,-1434.0
-1352.0,-64.0,,510.0,445.0,-1173.0,-658.0,-936.0,,-1495.0
-1419.0,-7.0,,411.0,455.0,-1209.0,-721.0,-798.0,,-1530.0
-1316.0,28.0,,304.0,397.0,-1507.0,-780.0,-944.0,,-1524.0
-1303.0,55.0,,373.0,379.0,-1502.0,-822.0,-881.0,,-1492.0
-1111.0,76.0,,343.0,328.0,-1257.0,-848.0,-970.0,,-1440.0
-1255.0,48.0,,286.0,276.0,-1169.0,-849.0,-1077.0,,-1380.0
-888.0,-52.0,,283.0,256.0,-1106.0,-849.0,-905.0,,-1313.0
-807.0,-147.0,,169.0,168.0,-870.0,-854.0,-1016.0,,-1211.0
-547.0,-162.0,,74.0,73.0,-421.0,-907.0,-838.0,,-1111.0
-516.0,-114.0,,3.0,5.0,-111.0,-988.0,-920.0,,-1031.0
-380.0,-65.0,,16.0,-83.0,39.0,-1050.0,-944.0,,-971.0
-123.0,3.0,,9.0,-114.0,95.0,-1098.0,-938.0,,-933.0
-43.0,102.0,,-53.0,-136.0,91.0,-1102.0,-1123.0,,-920.0
224.0,164.0,,-108.0,-223.0,283.0,-1093.0,-1079.0,,-917.0
146.0,114.0,,-180.0,-289.0,406.0,-1143.0,-1206.0,,-916.0
520.0,-80.0,,-217.0,-376.0,389.0,-1212.0,-1008.0,,-931.0
551.0,-268.0,,-328.0,-473.0,160.0,-1301.0,-1018.0,,-928.0
703.0,-346.0,,-380.0,-489.0,-77.0,-1371.0,-1034.0,,-920.0
690.0,-348.0,,-416.0,-520.0,59.0,-1363.0,-984.0,,-929.0
707.0,-331.0,,-485.0,-548.0,292.0,-1316.0,-1171.0,,-928.0
915.0,-358.0,,-455.0,-502.0,270.0,-1280.0,-1018.0,,-915.0
916.0,-414.0,,-382.0,-476.0,67.0,-1312.0,-1132.0,,-874.0
982.0,-498.0,,-374.0,-433.0,184.0,-1388.0,-975.0,,-817.0
801.0,-603.0,,-431.0,-341.0,594.0,-1454.0,-835.0,,-757.0
912.0,-707.0,,-457.0,-265.0,651.0,-1488.0,-875.0,,-680.0
806.0,-766.0,,-474.0,-146.0,417.0,-1461.0,-809.0,,-620.0
851.0,-761.0,,-433.0,-15.0,515.0,-1396.0,-1082.0,,-575.0
663.0,-691.0,,-335.0,64.0,933.0,-1338.0,-1018.0,,-546.0
555.0,-577.0,,-238.0,172.0,1139.0,-1321.0,-1116.0,,-581.0
497.0,-462.0,,-131.0,259.0,1026.0,-1339.0,-1088.0,,-641.0
301.0,-306.0,,-58.0,287.0,1043.0,-1374.0,-1043.0,,-714.0
280.0,-142.0,,40.0,352.0,1343.0,-1377.0,-1261.0,,-810.0
-23.0,-43.0,,206.0,387.0,1619.0,-1315.0,-1134.0,,-907.0
22.0,0.0,,348.0,378.0,1521.0,-1227.0,-1230.0,,-1005.0
-134.0,83.0,,498.0,384.0,1254.0,-1166.0,-1027.0,,-1078.0
-151.0,252.0,,576.0,334.0,1254.0,-1126.0,-992.0,,-1124.0
-259.0,394.0,,539.0,281.0,1433.0,-1053.0,-1143.0,,-1140.0
-370.0,482.0,,487.0,252.0,1409.0,-972.0,-1180.0,,-1124.0
-378.0,582.0,,392.0,156.0,1183.0,-904.0,-1468.0,,-1085.0
-425.0,664.0,,352.0,67.0,1224.0,-839.0,-1352.0,,-1013.0
-241.0,624.0,,359.0,-4.0,1520.0,-763.0,-1444.0,,-916.0
-356.0,479.0,,301.0,-110.0,1788.0,-661.0,-1367.0,,-820.0
-184.0,339.0,,235.0,-150.0,1915.0,-561.0,-1271.0,,-750.0
-240.0,226.0,,206.0,-153.0,2024.0,-469.0,-1308.0,,-693.0
-136.0,132.0,,164.0,-178.0,2272.0,-410.0,-1060.0,,-651.0
-116.0,58.0,,182.0,-140.0,2368.0,-336.0,-1095.0,,-639.0
-124.0,47.0,,301.0,-96.0,2196.0,-232.0,-766.0,,-629.0
49.0,102.0,,404.0,-71.0,2107.0,-157.0,-580.0,,-604.0
-2.0,166.0,,409.0,-23.0,2107.0,-74.0,-319.0,,-568.0
255.0,222.0,,438.0,-39.0,2036.0,-18.0,-29.0,,-514.0
37.0,257.0,,550.0,-56.0,1997.0,54.0,-133.0,,-441.0
243.0,288.0,,608.0,-10.0,1844.0,146.0,127.0,,-357.0
222.0,309.0,,689.0,-15.0,1674.0,221.0,40.0,,-273.0
238.0,271.0,,653.0,-11.0,1571.0,318.0,33.0,,-165.0
417.0,226.0,,667.0,29.0,1571.0,386.0,-55.0,,-40.0
292.0,227.0,,739.0,27.0,1813.0,439.0,-242.0,,100.0
562.0,228.0,,592.0,42.0,2007.0,465.0,-136.0,,264.0
231.0,198.0,,615.0,37.0,2027.0,436.0,-319.0,,434.0
521.0,176.0,,598.0,-2.0,1998.0,415.0,-249.0,,614.0
391.0,186.0,,422.0,7.0,2151.0,431.0,-406.0,,772.0
392.0,161.0,,437.0,-15.0,2326.0,467.0,-441.0,,898.0
559.0,41.0,,418.0,-70.0,2379.0,505.0,-325.0,,999.0
324.0,-111.0,,324.0,-58.0,2543.0,498.0,-426.0,,1058.0
620.0,-245.0,,311.0,-46.0,2717.0,440.0,-205.0,,1083.0
330.0,-388.0,,266.0,-41.0,2754.0,396.0,-271.0,,1086.0
473.0,-533.0,,245.0,-2.0,2635.0,378.0,-175.0,,1069.0
279.0,-649.0,,194.0,-3.0,2585.0,403.0,-157.0,,1035.0
468.0,-706.0,,197.0,7.0,2826.0,437.0,-144.0,,1003.0
482.0,-699.0,,269.0,44.0,3086.0,442.0,120.0,,955.0
344.0,-676.0,,161.0,25.0,3129.0,408.0,109.0,,893.0
553.0,-674.0,,200.0,24.0,3144.0,347.0,419.0,,835.0
288.0,-688.0,,253.0,20.0,3476.0,335.0,487.0,,770.0
662.0,-700.0,,115.0,-39.0,3934.0,361.0,572.0,,717.0
371.0,-705.0,,99.0,-56.0,4033.0,426.0,600.0,,664.0
520.0,-685.0,,99.0,-62.0,3991.0,507.0,388.0,,613.0
552.0,-629.0,,61.0,-88.0,3945.0,571.0,443.0,,575.0
544.0,-511.0,,73.0,-55.0,4032.0,603.0,288.0,,546.0
592.0,-334.0,,23.0,-38.0,4159.0,607.0,521.0,,516.0
309.0,-179.0,,35.0,-50.0,3973.0,649.0,596.0,,471.0
593.0,-79.0,,81.0,-34.0,3599.0,727.0,711.0,,428.0
360.0,5.0,,77.0,-57.0,3172.0,808.0,1121.0,,376.0
506.0,29.0,,159.0,-76.0,2996.0,843.0,1206.0,,323.0
276.0,-29.0,,114.0,-63.0,2825.0,850.0,1507.0,,276.0
313.0,-127.0,,77.0,-110.0,2679.0,863.0,1439.0,,226.0
405.0,-221.0,,162.0,-143.0,2608.0,897.0,1431.0,,157.0
265.0,-265.0,,155.0,-153.0,2537.0,955.0,1398.0,,62.0
298.0,-265.0,,145.0,-218.0,2585.0,1012.0,1269.0,,-44.0
25.0,-243.0,,95.0,-253.0,2525.0,1063.0,1422.0,,-194.0
349.0,-217.0,,-10.0,-270.0,2502.0,1075.0,1324.0,,-370.0
244.0,-181.0,,-81.0,-298.0,2537.0,1093.0,1513.0,,-538.0
264.0,-161.0,,-86.0,-254.0,2721.0,1091.0,1492.0,,-681.0
150.0,-177.0,,-68.0,-213.0,2745.0,1067.0,1553.0,,-778.0
252.0,-233.0,,-56.0,-194.0,2518.0,1058.0,1703.0,,-813.0
454.0,-315.0,,-10.0,-112.0,2464.0,1045.0,1616.0,,-789.0
288.0,-386.0,,17.0,-54.0,2587.0,1053.0,1829.0,,-707.0
483.0,-467.0,,115.0,-56.0,2750.0,1054.0,1720.0,,-562.0
386.0,-550.0,,242.0,-60.0,2670.0,1036.0,1749.0,,-395.0
638.0,-605.0,,329.0,-107.0,2565.0,994.0,1624.0,,-229.0
543.0,-616.0,,479.0,-158.0,2571.0,950.0,1485.0,,-79.0
532.0,-603.0,,686.0,-163.0,2623.0,919.0,1546.0,,67.0
558.0,-558.0,,825.0,-165.0,2676.0,895.0,1400.0,,205.0
494.0,-445.0,,951.0,-118.0,2458.0,868.0,1622.0,,302.0
677.0,-290.0,,1158.0,-28.0,2017.0,840.0,1572.0,,374.0
352.0,-123.0,,1237.0,0.0,1658.0,808.0,1653.0,,437.0
454.0,31.0,,1306.0,6.0,1594.0,764.0,1696.0,,489.0
437.0,178.0,,1380.0,37.0,1468.0,744.0,1568.0,,522.0
301.0,321.0,,1380.0,70.0,1056.0,739.0,1594.0,,532.0
282.0,453.0,,1409.0,140.0,909.0,776.0,1291.0,,516.0
185.0,545.0,,1370.0,230.0,1167.0,813.0,1444.0,,463.0
268.0,605.0,,1359.0,278.0,1519.0,799.0,1524.0,,392.0
179.0,675.0,,1314.0,320.0,1598.0,760.0,1624.0,,301.0
194.0,710.0,,1245.0,335.0,1534.0,704.0,1759.0,,167.0
159.0,678.0,,1216.0,282.0,1779.0,693.0,1581.0,,-13.0
99.0,614.0,,1137.0,217.0,2184.0,702.0,1686.0,,-246.0
151.0,565.0,,1074.0,134.0,2453.0,729.0,1539.0,,-527.0
161.0,515.0,,959.0,45.0,2530.0,794.0,1605.0,,-830.0
235.0,457.0,,830.0,16.0,2592.0,825.0,1572.0,,-1143.0
115.0,405.0,,739.0,-19.0,2594.0,828.0,1478.0,,-1461.0
230.0,354.0,,634.0,-102.0,2531.0,797.0,1574.0,,-1778.0
257.0,298.0,,415.0,-156.0,2447.0,765.0,1308.0,,-2061.0
213.0,218.0,,217.0,-194.0,2303.0,776.0,1363.0,,-2303.0
304.0,132.0,,192.0,-242.0,2245.0,787.0,1219.0,,-2512.0
157.0,15.0,,103.0,-251.0,2153.0,796.0,1221.0,,-2655.0
243.0,-115.0,,-7.0,-236.0,1850.0,782.0,1267.0,,-2708.0
121.0,-225.0,,-15.0,-202.0,1364.0,743.0,1018.0,,-2672.0
202.0,-339.0,,-25.0,-136.0,994.0,732.0,1077.0,,-2549.0
-13.0,-443.0,,-104.0,-90.0,966.0,724.0,925.0,,-2330.0
-161.0,-500.0,,-84.0,-37.0,855.0,692.0,1097.0,,-2049.0
-91.0,-512.0,,-29.0,35.0,357.0,659.0,1201.0,,-1714.0
-286.0,-530.0,,-133.0,60.0,-77.0,617.0,1298.0,,-1330.0
-327.0,-555.0,,-230.0,70.0,-112.0,550.0,1570.0,,-929.0
-695.0,-559.0,,-317.0,104.0,72.0,476.0,1611.0,,-518.0
-571.0,-514.0,,-417.0,120.0,85.0,442.0,2002.0,,-126.0
-736.0,-444.0,,-470.0,139.0,-69.0,426.0,2062.0,,246.0
-785.0,-393.0,,-494.0,164.0,-40.0,407.0,2158.0,,587.0
-933.0,-304.0,,-543.0,166.0,220.0,410.0,2193.0,,899.0
-1101.0,-158.0,,-523.0,204.0,432.0,417.0,2093.0,,1170.0
-921.0,-27.0,,-438.0,253.0,419.0,425.0,2191.0,,1376.0
-971.0,57.0,,-313.0,246.0,434.0,436.0,1899.0,,1542.0
-860.0,146.0,,-139.0,245.0,455.0,417.0,1853.0,,1649.0
-1143.0,260.0,,-65.0,254.0,525.0,352.0,1616.0,,1713.0
-823.0,355.0,,14.0,203.0,534.0,288.0,1435.0,,1732.0
-816.0,422.0,,58.0,144.0,227.0,232.0,1443.0,,1699.0
-705.0,442.0,,74.0,87.0,39.0,196.0,1300.0,,1650.0
-618.0,393.0,,152.0,3.0,-42.0,197.0,1426.0,,1572.0
-610.0,300.0,,228.0,-46.0,-154.0,197.0,1195.0,,1481.0
-237.0,208.0,,153.0,-100.0,-381.0,188.0,1188.0,,1403.0
-392.0,139.0,,41.0,-194.0,-686.0,180.0,1103.0,,1325.0
-33.0,95.0,,32.0,-253.0,-723.0,181.0,883.0,,1270.0
-99.0,90.0,,-107.0,-293.0,-597.0,193.0,883.0,,1246.0
98.0,143.0,,-190.0,-310.0,-450.0,208.0,611.0,,1229.0
328.0,267.0,,-317.0,-252.0,-379.0,215.0,737.0,,1235.0
406.0,430.0,,-468.0,-188.0,-323.0,151.0,733.0,,1248.0
550.0,582.0,,-589.0,-142.0,-214.0,63.0,787.0,,1258.0
434.0,703.0,,-770.0,-94.0,-131.0,7.0,938.0,,1257.0
869.0,717.0,,-852.0,-105.0,-236.0,-42.0,909.0,,1242.0
869.0,615.0,,-960.0,-125.0,-525.0,-54.0,1127.0,,1200.0
938.0,489.0,,-967.0,-76.0,-648.0,-85.0,958.0,,1115.0
1032.0,327.0,,-958.0,-41.0,-474.0,-152.0,953.0,,1012.0
1010.0,158.0,,-963.0,0.0,-210.0,-238.0,814.0,,899.0
1233.0,45.0,,-913.0,86.0,-269.0,-354.0,604.0,,787.0
1208.0,-3.0,,-827.0,154.0,-257.0,-456.0,628.0,,693.0
1180.0,-56.0,,-730.0,220.0,110.0,-528.0,445.0,,626.0
1129.0,-179.0,,-749.0,295.0,294.0,-546.0,752.0,,596.0
1130.0,-344.0,,-621.0,315.0,213.0,-556.0,909.0,,610.0
1181.0,-500.0,,-456.0,298.0,12.0,-566.0,1127.0,,656.0
980.0,-615.0,,-411.0,270.0,79.0,-609.0,1287.0,,727.0
865.0,-726.0,,-325.0,219.0,305.0,-675.0,1167.0,,810.0
813.0,-793.0,,-262.0,201.0,32.0,-735.0,1258.0,,882.0
767.0,-783.0,,-209.0,193.0,-497.0,-803.0,960.0,,933.0
637.0,-727.0,,-192.0,146.0,-756.0,-822.0,916.0,,945.0
518.0,-639.0,,-50.0,110.0,-772.0,-843.0,748.0,,907.0
521.0,-543.0,,121.0,54.0,-875.0,-883.0,585.0,,831.0
373.0,-462.0,,138.0,-56.0,-978.0,-908.0,609.0,,721.0
398.0,-423.0,,227.0,-137.0,-911.0,-928.0,406.0,,596.0
182.0,-425.0,,341.0,-183.0,-868.0,-947.0,552.0,,486.0
167.0,-461.0,,462.0,-210.0,-717.0,-963.0,469.0,,380.0
199.0,-491.0,,453.0,-162.0,-569.0,-973.0,582.0,,281.0
244.0,-474.0,,356.0,-102.0,-620.0,-971.0,631.0,,205.0
242.0,-394.0,,319.0,-83.0,-551.0,-978.0,622.0,,173.0
46.0,-240.0,,199.0,-70.0,-384.0,-1009.0,901.0,,177.0
307.0,-38.0,,89.0,-105.0,-465.0,-1037.0,803.0,,202.0
257.0,173.0,,9.0,-176.0,-701.0,-1064.0,897.0,,259.0
371.0,392.0,,-83.0,-216.0,-751.0,-1062.0,720.0,,325.0
344.0,595.0,,-90.0,-261.0,-648.0,-1045.0,624.0,,404.0
384.0,729.0,,-133.0,-286.0,-560.0,-1039.0,615.0,,487.0
436.0,787.0,,-220.0,-249.0,-598.0,-1062.0,360.0,,563.0
393.0,750.0,,-266.0,-231.0,-732.0,-1114.0,436.0,,628.0
421.0,620.0,,-289.0,-243.0,-793.0,-1143.0,308.0,,673.0
206.0,441.0,,-222.0,-267.0,-813.0,-1164.0,426.0,,696.0
347.0,301.0,,-158.0,-335.0,-958.0,-1165.0,389.0,,688.0
254.0,239.0,,-108.0,-373.0,-1331.0,-1159.0,253.0,,629.0
263.0,213.0,,-58.0,-360.0,-1669.0,-1137.0,332.0,,531.0
18.0,222.0,,-21.0,-367.0,-1691.0,-1109.0,264.0,,433.0
-24.0,263.0,,-55.0,-339.0,-1575.0,-1134.0,594.0,,310.0
-5.0,326.0,,-82.0,-247.0,-1627.0,-1187.0,696.0,,188.0
-181.0,396.0,,-131.0,-185.0,-1683.0,-1238.0,905.0,,89.0
-232.0,428.0,,-245.0,-154.0,-1400.0,-1249.0,1130.0,,5.0
-513.0,418.0,,-261.0,-133.0,-1009.0,-1240.0,1056.0,,-33.0
-459.0,388.0,,-346.0,-140.0,-764.0,-1194.0,1073.0,,-35.0
-651.0,323.0,,-445.0,-111.0,-650.0,-1145.0,716.0,,-14.0
-651.0,220.0,,-484.0,-53.0,-621.0,-1144.0,559.0,,20.0
-846.0,146.0,,-560.0,-6.0,-627.0,-1162.0,299.0,,58.0
-948.0,134.0,,-633.0,77.0,-543.0,-1195.0,173.0,,82.0
-809.0,175.0,,-657.0,146.0,-342.0,-1190.0,258.0,,90.0
-859.0,253.0,,-649.0,137.0,-383.0,-1139.0,86.0,,79.0
-806.0,331.0,,-563.0,127.0,-591.0,-1070.0,192.0,,48.0
-951.0,390.0,,-422.0,116.0,-897.0,-999.0,-22.0,,4.0
-708.0,399.0,,-304.0,73.0,-1426.0,-942.0,-48.0,,-37.0
-620.0,327.0,,-154.0,67.0,-1956.0,-894.0,-73.0,,-76.0
-507.0,228.0,,-9.0,59.0,-2318.0,-847.0,-242.0,,-125.0
-569.0,148.0,,176.0,34.0,-2289.0,-795.0,-147.0,,-166.0
-472.0,52.0,,323.0,43.0,-2118.0,-712.0,-291.0,,-176.0
-88.0,-48.0,,572.0,36.0,-2027.0,-612.0,-105.0,,-163.0
-129.0,-125.0,,916.0,4.0,-1955.0,-540.0,-92.0,,-131.0
154.0,-162.0,,1005.0,-9.0,-1746.0,-493.0,5.0,,-87.0
257.0,-150.0,,1012.0,-50.0,-1392.0,-484.0,188.0,,-62.0
408.0,-123.0,,985.0,-91.0,-1281.0,-440.0,199.0,,-48.0
525.0,-109.0,,966.0,-84.0,-1364.0,-350.0,473.0,,-50.0
669.0,-82.0,,954.0,-84.0,-1467.0,-234.0,339.0,,-70.0
878.0,19.0,,929.0,-56.0,-1460.0,-126.0,473.0,,-102.0
879.0,189.0,,919.0,23.0,-1515.0,-71.0,539.0,,-162.0
1108.0,364.0,,679.0,59.0,-1586.0,-40.0,609.0,,-234.0
1062.0,498.0,,423.0,85.0,-1721.0,-46.0,859.0,,-342.0
1197.0,645.0,,258.0,142.0,-1851.0,-61.0,679.0,,-460.0
1217.0,802.0,,11.0,159.0,-1692.0,-85.0,779.0,,-591.0
1260.0,884.0,,-197.0,160.0,-1691.0,-74.0,674.0,,-771.0
1385.0,923.0,,-368.0,160.0,-1673.0,-19.0,696.0,,-941.0
1199.0,936.0,,-596.0,155.0,-1676.0,-7.0,703.0,,-1096.0
1301.0,927.0,,-833.0,247.0,-1629.0,-33.0,618.0,,-1221.0
1212.0,872.0,,-1019.0,382.0,-1389.0,-59.0,805.0,,-1277.0
1260.0,751.0,,-1138.0,448.0,-1318.0,-34.0,563.0,,-1286.0
1162.0,591.0,,-1227.0,492.0,-1457.0,7.0,504.0,,-1239.0
1048.0,490.0,,-1280.0,514.0,-1833.0,15.0,247.0,,-1120.0
1049.0,503.0,,-1271.0,509.0,-1940.0,-21.0,118.0,,-955.0
802.0,495.0,,-1275.0,532.0,-1815.0,-83.0,219.0,,-760.0
880.0,402.0,,-1240.0,538.0,-1673.0,-138.0,171.0,,-544.0
737.0,243.0,,-1123.0,496.0,-1413.0,-186.0,500.0,,-325.0
695.0,88.0,,-1044.0,454.0,-996.0,-196.0,508.0,,-107.0
505.0,-44.0,,-975.0,388.0,-550.0,-188.0,711.0,,97.0
422.0,-164.0,,-848.0,283.0,-466.0,-165.0,833.0,,266.0
573.0,-227.0,,-750.0,181.0,-598.0,-114.0,748.0,,392.0
335.0,-248.0,,-743.0,68.0,-690.0,-82.0,801.0,,490.0
315.0,-247.0,,-755.0,-14.0,-582.0,-64.0,521.0,,565.0
41.0,-245.0,,-758.0,-36.0,-617.0,-32.0,465.0,,613.0
28.0,-210.0,,-740.0,-83.0,-799.0,30.0,203.0,,640.0
27.0,-170.0,,-656.0,-113.0,-838.0,107.0,160.0,,638.0
-140.0,-133.0,,-561.0,-81.0,-801.0,156.0,206.0,,618.0
-184.0,-106.0,,-391.0,-83.0,-469.0,198.0,97.0,,585.0
-405.0,-135.0,,-210.0,-99.0,-212.0,250.0,273.0,,520.0
-374.0,-146.0,,-102.0,-81.0,-217.0,308.0,112.0,,412.0
-562.0,-117.0,,39.0,-66.0,-243.0,370.0,245.0,,271.0
-572.0,-116.0,,181.0,-4.0,-323.0,443.0,234.0,,117.0
-506.0,-171.0,,276.0,96.0,-500.0,525.0,197.0,,-55.0
-558.0,-215.0,,342.0,163.0,-782.0,560.0,295.0,,-236.0
-687.0,-165.0,,359.0,238.0,-888.0,579.0,14.0,,-425.0
-739.0,8.0,,265.0,295.0,-863.0,576.0,90.0,,-633.0
-574.0,277.0,,215.0,273.0,-914.0,588.0,-11.0,,-825.0
-597.0,564.0,,179.0,226.0,-868.0,671.0,96.0,,-992.0
-447.0,738.0,,107.0,181.0,-711.0,735.0,262.0,,-1156.0
-557.0,740.0,,111.0,140.0,-688.0,814.0,208.0,,-1308.0
-487.0,683.0,,41.0,136.0,-875.0,892.0,299.0,,-1430.0
-348.0,644.0,,-87.0,129.0,-971.0,946.0,90.0,,-1509.0
-270.0,654.0,,-216.0,113.0,-1084.0,985.0,210.0,,-1544.0
-234.0,726.0,,-277.0,163.0,-1379.0,989.0,155.0,,-1551.0
-412.0,808.0,,-439.0,205.0,-1619.0,1005.0,103.0,,-1527.0
-188.0,852.0,,-593.0,185.0,-1642.0,1008.0,186.0,,-1453.0
-172.0,862.0,,-621.0,145.0,-1531.0,1026.0,72.0,,-1333.0
-168.0,885.0,,-764.0,64.0,-1629.0,1028.0,328.0,,-1177.0
-245.0,928.0,,-780.0,-3.0,-1527.0,989.0,349.0,,-989.0
-227.0,943.0,,-916.0,-9.0,-1121.0,969.0,456.0,,-762.0
-250.0,885.0,,-1086.0,-39.0,-941.0,925.0,393.0,,-512.0
-429.0,780.0,,-1145.0,-89.0,-1026.0,888.0,210.0,,-245.0
-361.0,634.0,,-1253.0,-93.0,-1332.0,920.0,177.0,,5.0
-455.0,430.0,,-1255.0,-121.0,-1396.0,997.0,-136.0,,214.0
-482.0,225.0,,-1207.0,-162.0,-1247.0,1092.0,-83.0,,384.0
-646.0,37.0,,-1166.0,-169.0,-1358.0,1126.0,-223.0,,485.0
-692.0,-115.0,,-1197.0,-203.0,-1667.0,1082.0,-216.0,,530.0
-625.0,-192.0,,-1065.0,-234.0,-1809.0,1035.0,-97.0,,496.0
-605.0,-219.0,,-901.0,-226.0,-1644.0,1016.0,-140.0,,382.0
-776.0,-239.0,,-695.0,-232.0,-1562.0,1050.0,134.0,,226.0
-781.0,-247.0,,-431.0,-225.0,-1518.0,1067.0,48.0,,46.0
-622.0,-257.0,,-206.0,-219.0,-1252.0,1064.0,116.0,,-157.0
-674.0,-335.0,,41.0,-267.0,-731.0,1055.0,-3.0,,-377.0
-600.0,-485.0,,198.0,-285.0,-83.0,1020.0,-208.0,,-583.0
-710.0,-615.0,,446.0,-244.0,461.0,979.0,-260.0,,-778.0
-596.0,-636.0,,567.0,-183.0,935.0,926.0,-578.0,,-959.0
-622.0,-538.0,,604.0,-70.0,1325.0,920.0,-558.0,,-1132.0
-521.0,-378.0,,743.0,36.0,1637.0,935.0,-735.0,,-1289.0
-352.0,-284.0,,764.0,73.0,1807.0,955.0,-689.0,,-1421.0
-486.0,-312.0,,708.0,94.0,1625.0,981.0,-626.0,,-1525.0
-360.0,-426.0,,732.0,105.0,1246.0,1003.0,-694.0,,-1599.0
-337.0,-587.0,,678.0,107.0,809.0,1039.0,-558.0,,-1658.0
-151.0,-698.0,,566.0,159.0,596.0,1049.0,-853.0,,-1691.0
-17.0,-765.0,,445.0,195.0,703.0,1054.0,-912.0,,-1690.0
118.0,-837.0,,300.0,169.0,722.0,1045.0,-1116.0,,-1668.0
248.0,-838.0,,202.0,150.0,765.0,1019.0,-1267.0,,-1631.0
311.0,-701.0,,31.0,103.0,960.0,981.0,-1202.0,,-1580.0
460.0,-488.0,,-83.0,43.0,1396.0,932.0,-1252.0,,-1510.0
573.0,-267.0,,-242.0,26.0,1664.0,891.0,-934.0,,-1438.0
661.0,-52.0,,-401.0,-8.0,1619.0,853.0,-816.0,,-1364.0
696.0,139.0,,-534.0,-33.0,1885.0,795.0,-506.0,,-1290.0
787.0,270.0,,-664.0,0.0,2153.0,718.0,-415.0,,-1249.0
752.0,272.0,,-775.0,39.0,2134.0,663.0,-545.0,,-1222.0
695.0,164.0,,-986.0,79.0,1802.0,626.0,-430.0,,-1231.0
757.0,8.0,,-1190.0,88.0,1500.0,602.0,-546.0,,-1284.0
819.0,-115.0,,-1367.0,-25.0,1459.0,548.0,-312.0,,-1347.0
642.0,-204.0,,-1459.0,-138.0,1428.0,478.0,-256.0,,-1401.0
627.0,-293.0,,-1588.0,-146.0,1504.0,402.0,-140.0,,-1419.0
469.0,-326.0,,-1588.0,-138.0,1692.0,312.0,-7.0,,-1403.0
363.0,-313.0,,-1577.0,-113.0,1913.0,268.0,-168.0,,-1341.0
382.0,-250.0,,-1643.0,-81.0,1989.0,219.0,-177.0,,-1231.0
188.0,-146.0,,-1525.0,-76.0,2028.0,169.0,-511.0,,-1054.0
218.0,-42.0,,-1546.0,-58.0,1989.0,116.0,-563.0,,-794.0
122.0,-24.0,,-1549.0,-59.0,1915.0,23.0,-718.0,,-489.0
324.0,-121.0,,-1459.0,-95.0,1926.0,-52.0,-846.0,,-174.0
154.0,-225.0,,-1330.0,-93.0,1821.0,-140.0,-735.0,,129.0
58.0,-297.0,,-1200.0,-91.0,1818.0,-230.0,-918.0,,421.0
226.0,-362.0,,-1102.0,-117.0,1721.0,-310.0,-897.0,,703.0
223.0,-460.0,,-903.0,-117.0,1581.0,-406.0,-1210.0,,941.0
345.0,-578.0,,-830.0,-131.0,1599.0,-523.0,-1300.0,,1127.0
145.0,-648.0,,-715.0,-142.0,1538.0,-651.0,-1269.0,,1276.0
466.0,-642.0,,-605.0,-83.0,1636.0,-771.0,-1287.0,,1382.0
485.0,-627.0,,-544.0,-15.0,1822.0,-864.0,-1080.0,,1446.0
543.0,-650.0,,-394.0,42.0,2084.0,-908.0,-1239.0,,1438.0
641.0,-657.0,,-275.0,101.0,2333.0,-935.0,-1082.0,,1341.0
638.0,-615.0,,-107.0,120.0,2314.0,-942.0,-1147.0,,1180.0
939.0,-504.0,,-6.0,173.0,2299.0,-1000.0,-1241.0,,983.0
741.0,-413.0,,107.0,283.0,2216.0,-1114.0,-1204.0,,736.0
945.0,-419.0,,245.0,324.0,2074.0,-1223.0,-1345.0,,434.0
1026.0,-433.0,,266.0,291.0,1815.0,-1315.0,-1164.0,,119.0
1211.0,-398.0,,308.0,225.0,1389.0,-1337.0,-1284.0,,-204.0
1213.0,-353.0,,280.0,152.0,1067.0,-1330.0,-1226.0,,-505.0
1090.0,-360.0,,187.0,161.0,712.0,-1331.0,-1302.0,,-768.0
1265.0,-392.0,,117.0,209.0,573.0,-1357.0,-1393.0,,-1007.0
1235.0,-387.0,,34.0,177.0,727.0,-1410.0,-1210.0,,-1208.0
1483.0,-316.0,,-54.0,111.0,939.0,-1435.0,-1273.0,,-1354.0
1298.0,-163.0,,-25.0,65.0,1357.0,-1441.0,-934.0,,-1448.0
1439.0,31.0,,-63.0,8.0,1817.0,-1453.0,-881.0,,-1534.0
1257.0,271.0,,-169.0,-53.0,2243.0,-1442.0,-768.0,,-1594.0
1274.0,525.0,,-89.0,-174.0,2448.0,-1455.0,-676.0,,-1650.0
1416.0,732.0,,-100.0,-319.0,2351.0,-1513.0,-905.0,,-1693.0
1177.0,863.0,,-44.0,-336.0,2195.0,-1568.0,-910.0,,-1720.0
1288.0,902.0,,72.0,-278.0,2032.0,-1633.0,-1230.0,,-1750.0
873.0,864.0,,117.0,-251.0,1654.0,-1659.0,-1260.0,,-1762.0
1114.0,757.0,,176.0,-260.0,974.0,-1678.0,-1363.0,,-1768.0
773.0,662.0,,194.0,-326.0,485.0,-1718.0,-1389.0,,-1719.0
738.0,581.0,,222.0,-382.0,231.0,-1724.0,-1280.0,,-1632.0
697.0,486.0,,248.0,-337.0,99.0,-1753.0,-1465.0,,-1525.0
437.0,359.0,,290.0,-270.0,185.0,-1812.0,-1321.0,,-1381.0
519.0,207.0,,212.0,-214.0,453.0,-1862.0,-1481.0,,-1226.0
220.0,121.0,,114.0,-136.0,905.0,-1895.0,-1481.0,,-1077.0
477.0,112.0,,-26.0,-95.0,1295.0,-1905.0,-1505.0,,-961.0
-50.0,157.0,,-190.0,-56.0,1656.0,-1885.0,-1624.0,,-868.0
186.0,181.0,,-198.0,14.0,1930.0,-1855.0,-1470.0,,-827.0
-21.0,161.0,,-210.0,35.0,1805.0,-1855.0,-1629.0,,-830.0
-119.0,133.0,,-332.0,47.0,1387.0,-1880.0,-1539.0,,-855.0
-52.0,119.0,,-449.0,104.0,790.0,-1924.0,-1609.0,,-904.0
-339.0,92.0,,-418.0,168.0,294.0,-1981.0,-1568.0,,-944.0
-121.0,-30.0,,-304.0,261.0,184.0,-1990.0,-1513.0,,-986.0
-585.0,-216.0,,-280.0,340.0,233.0,-1913.0,-1688.0,,-1017.0
-262.0,-357.0,,-288.0,339.0,75.0,-1796.0,-1570.0,,-1029.0
-483.0,-376.0,,-237.0,327.0,-273.0,-1718.0,-1703.0,,-1021.0
-345.0,-320.0,,-186.0,315.0,-344.0,-1684.0,-1563.0,,-970.0
-487.0,-196.0,,-137.0,273.0,-34.0,-1674.0,-1616.0,,-867.0
-513.0,-68.0,,-90.0,254.0,96.0,-1659.0,-1709.0,,-719.0
-307.0,-38.0,,24.0,240.0,-210.0,-1608.0,-1537.0,,-578.0
-523.0,-48.0,,30.0,198.0,-452.0,-1509.0,-1633.0,,-436.0
-233.0,-69.0,,9.0,149.0,-375.0,-1394.0,-1492.0,,-304.0
-473.0,-35.0,,168.0,41.0,-156.0,-1321.0,-1674.0,,-206.0
-89.0,101.0,,300.0,-75.0,-86.0,-1258.0,-1710.0,,-139.0
-184.0,252.0,,374.0,-120.0,-169.0,-1191.0,-1683.0,,-138.0
26.0,292.0,,476.0,-185.0,-198.0,-1090.0,-1723.0,,-148.0
-19.0,221.0,,561.0,-273.0,-383.0,-922.0,-1465.0,,-161.0
-76.0,113.0,,556.0,-313.0,-569.0,-728.0,-1544.0,,-186.0
183.0,38.0,,595.0,-345.0,-687.0,-526.0,-1393.0,,-217.0
51.0,105.0,,619.0,-353.0,-884.0,-377.0,-1439.0,,-269.0
385.0,302.0,,564.0,-336.0,-1118.0,-297.0,-1548.0,,-282.0
255.0,550.0,,592.0,-366.0,-1363.0,-259.0,-1611.0,,-243.0
392.0,734.0,,584.0,-401.0,-1493.0,-228.0,-1941.0,,-168.0
144.0,779.0,,543.0,-421.0,-1644.0,-166.0,-1938.0,,-73.0
275.0,764.0,,572.0,-445.0,-1951.0,-72.0,-2132.0,,31.0
289.0,698.0,,569.0,-405.0,-2349.0,57.0,-2082.0,,133.0
161.0,531.0,,570.0,-325.0,-2452.0,168.0,-2119.0,,226.0
274.0,254.0,,576.0,-260.0,-2303.0,224.0,-2268.0,,297.0
3.0,-81.0,,588.0,-152.0,-2445.0,260.0,-2093.0,,323.0
44.0,-419.0,,577.0,-61.0,-2710.0,297.0,-2152.0,,338.0
-152.0,-683.0,,545.0,-31.0,-2744.0,328.0,-1843.0,,334.0
-12.0,-832.0,,550.0,38.0,-2478.0,397.0,-1686.0,,354.0
-263.0,-921.0,,502.0,93.0,-2151.0,470.0,-1511.0,,393.0
-358.0,-953.0,,438.0,152.0,-1909.0,513.0,-1363.0,,429.0
-408.0,-900.0,,379.0,261.0,-1698.0,540.0,-1467.0,,492.0
-624.0,-782.0,,344.0,327.0,-1622.0,543.0,-1265.0,,559.0
-618.0,-649.0,,279.0,391.0,-1701.0,556.0,-1402.0,,622.0
-818.0,-525.0,,183.0,464.0,-1831.0,554.0,-1282.0,,683.0
-812.0,-399.0,,107.0,446.0,-1909.0,552.0,-1271.0,,761.0
-1062.0,-281.0,,-1.0,407.0,-2085.0,552.0,-1297.0,,844.0
-994.0,-216.0,,-42.0,391.0,-2274.0,520.0,-1099.0,,943.0
-1121.0,-243.0,,-64.0,311.0,-2156.0,467.0,-1226.0,,1032.0
-1127.0,-320.0,,-126.0,237.0,-1990.0,407.0,-1045.0,,1079.0
-1063.0,-357.0,,-141.0,179.0,-1942.0,400.0,-1058.0,,1118.0
-1151.0,-327.0,,-183.0,112.0,-1594.0,470.0,-944.0,,1134.0
-1100.0,-285.0,,-135.0,76.0,-888.0,582.0,-914.0,,1118.0
-1115.0,-245.0,,-103.0,-5.0,-531.0,682.0,-1043.0,,1073.0
-785.0,-206.0,,-86.0,-74.0,-725.0,744.0,-995.0,,992.0
-932.0,-209.0,,43.0,-57.0,-831.0,788.0,-1330.0,,870.0
-838.0,-223.0,,-13.0,-53.0,-689.0,820.0,-1311.0,,732.0
-687.0,-179.0,,65.0,-67.0,-855.0,847.0,-1415.0,,568.0
-560.0,-81.0,,206.0,-66.0,-1187.0,885.0,-1382.0,,370.0
-521.0,54.0,,214.0,-111.0,-1114.0,926.0,-1121.0,,189.0
-601.0,242.0,,397.0,-144.0,-955.0,955.0,-1075.0,,34.0
-395.0,447.0,,505.0,-176.0,-1128.0,973.0,-761.0,,-118.0
-577.0,589.0,,560.0,-265.0,-1458.0,1014.0,-855.0,,-245.0
-437.0,580.0,,650.0,-304.0,-1629.0,1054.0,-824.0,,-355.0
-448.0,453.0,,643.0,-344.0,-1764.0,1078.0,-853.0,,-440.0
-482.0,319.0,,644.0,-387.0,-1896.0,1100.0,-957.0,,-482.0
-566.0,213.0,,674.0,-364.0,-1944.0,1112.0,-838.0,,-508.0
-632.0,147.0,,631.0,-395.0,-1898.0,1162.0,-988.0,,-510.0
-532.0,165.0,,558.0,-427.0,-1680.0,1221.0,-857.0,,-482.0
-730.0,258.0,,577.0,-389.0,-1636.0,1231.0,-999.0,,-411.0
-678.0,337.0,,543.0,-374.0,-1655.0,1217.0,-957.0,,-321.0
-845.0,372.0,,501.0,-278.0,-1625.0,1190.0,-848.0,,-234.0
-899.0,347.0,,533.0,-93.0,-1571.0,1153.0,-953.0,,-161.0
-863.0,241.0,,403.0,31.0,-1416.0,1146.0,-720.0,,-76.0
-898.0,79.0,,321.0,147.0,-1191.0,1175.0,-772.0,,27.0
-930.0,-113.0,,278.0,240.0,-980.0,1177.0,-565.0,,97.0
-1016.0,-270.0,,130.0,284.0,-1030.0,1157.0,-528.0,,155.0
-841.0,-334.0,,86.0,355.0,-1076.0,1111.0,-515.0,,160.0
-825.0,-329.0,,46.0,363.0,-980.0,1026.0,-321.0,,138.0
-770.0,-304.0,,-54.0,333.0,-774.0,937.0,-413.0,,121.0
-529.0,-260.0,,-162.0,353.0,-694.0,876.0,-273.0,,80.0
-412.0,-214.0,,-216.0,299.0,-745.0,862.0,-461.0,,42.0
-361.0,-177.0,,-258.0,224.0,-594.0,831.0,-413.0,,37.0
-319.0,-118.0,,-262.0,170.0,-427.0,762.0,-315.0,,74.0
-156.0,-37.0,,-186.0,46.0,-337.0,678.0,-338.0,,133.0
61.0,7.0,,-112.0,-43.0,-314.0,628.0,-145.0,,238.0
102.0,-17.0,,-44.0,-110.0,-233.0,626.0,-378.0,,337.0
293.0,-26.0,,88.0,-172.0,-59.0,588.0,-325.0,,410.0
318.0,-33.0,,243.0,-152.0,14.0,537.0,-362.0,,491.0
282.0,-123.0,,346.0,-169.0,7.0,472.0,-323.0,,536.0
461.0,-241.0,,512.0,-213.0,-52.0,392.0,-90.0,,536.0
474.0,-328.0,,692.0,-196.0,-60.0,313.0,-66.0,,526.0
534.0,-347.0,,853.0,-238.0,91.0,238.0,153.0,,498.0
458.0,-318.0,,1007.0,-305.0,256.0,188.0,-27.0,,440.0
561.0,-299.0,,1164.0,-337.0,379.0,163.0,-83.0,,359.0
550.0,-253.0,,1260.0,-378.0,264.0,165.0,-227.0,,234.0
502.0,-176.0,,1323.0,-318.0,204.0,133.0,-395.0,,90.0
594.0,-135.0,,1341.0,-225.0,469.0,127.0,-277.0,,-71.0
519.0,-125.0,,1265.0,-220.0,494.0,169.0,-415.0,,-251.0
614.0,-120.0,,1259.0,-202.0,357.0,213.0,-219.0,,-437.0
476.0,-85.0,,1247.0,-239.0,258.0,251.0,-303.0,,-633.0
509.0,9.0,,1179.0,-322.0,209.0,254.0,-354.0,,-849.0
434.0,57.0,,1049.0,-320.0,189.0,232.0,-358.0,,-1054.0
423.0,-4.0,,999.0,-297.0,189.0,210.0,-517.0,,-1250.0
440.0,-115.0,,929.0,-232.0,223.0,214.0,-321.0,,-1445.0
239.0,-210.0,,804.0,-144.0,177.0,200.0,-421.0,,-1594.0
322.0,-285.0,,809.0,-144.0,247.0,170.0,-230.0,,-1716.0
239.0,-347.0,,735.0,-130.0,296.0,169.0,-133.0,,-1781.0
153.0,-376.0,,601.0,-103.0,301.0,191.0,-84.0,,-1803.0
12.0,-372.0,,502.0,-147.0,395.0,233.0,131.0,,-1790.0
147.0,-274.0,,451.0,-150.0,470.0,267.0,35.0,,-1716.0
164.0,-69.0,,349.0,-143.0,520.0,278.0,208.0,,-1623.0
2.0,153.0,,273.0,-165.0,443.0,254.0,133.0,,-1492.0
41.0,283.0,,263.0,-120.0,467.0,216.0,153.0,,-1333.0
73.0,334.0,,220.0,-102.0,836.0,173.0,57.0,,-1168.0
65.0,373.0,,166.0,-77.0,1224.0,124.0,-182.0,,-1009.0
141.0,397.0,,51.0,16.0,1251.0,55.0,-79.0,,-840.0
298.0,452.0,,-58.0,28.0,899.0,-2.0,-256.0,,-682.0
237.0,507.0,,-138.0,41.0,503.0,-1.0,-123.0,,-549.0
317.0,505.0,,-201.0,81.0,431.0,21.0,-105.0,,-412.0
392.0,518.0,,-249.0,70.0,496.0,37.0,-46.0,,-261.0
514.0,576.0,,-294.0,124.0,306.0,15.0,133.0,,-86.0
456.0,600.0,,-375.0,192.0,149.0,-38.0,70.0,,119.0
614.0,538.0,,-433.0,203.0,250.0,-88.0,282.0,,338.0
585.0,423.0,,-422.0,233.0,339.0,-113.0,245.0,,561.0
479.0,317.0,,-457.0,212.0,421.0,-108.0,432.0,,824.0
572.0,220.0,,-449.0,180.0,453.0,-104.0,541.0,,1079.0
547.0,64.0,,-310.0,210.0,388.0,-127.0,583.0,,1307.0
668.0,-131.0,,-203.0,183.0,455.0,-193.0,814.0,,1492.0
341.0,-253.0,,-94.0,149.0,511.0,-286.0,694.0,,1670.0
415.0,-301.0,,90.0,125.0,394.0,-372.0,851.0,,1830.0
189.0,-342.0,,227.0,14.0,127.0,-387.0,748.0,,1919.0
163.0,-397.0,,338.0,-37.0,-162.0,-364.0,689.0,,1979.0
133.0,-419.0,,463.0,-37.0,-338.0,-363.0,659.0,,1979.0
-207.0,-374.0,,529.0,-68.0,-527.0,-369.0,413.0,,1918.0
-211.0,-354.0,,593.0,-27.0,-699.0,-398.0,456.0,,1803.0
-536.0,-338.0,,688.0,-23.0,-736.0,-414.0,256.0,,1620.0
-467.0,-277.0,,706.0,-87.0,-632.0,-384.0,286.0,,1356.0
-798.0,-226.0,,747.0,-93.0,-587.0,-331.0,151.0,,1047.0
-781.0,-201.0,,744.0,-132.0,-606.0,-271.0,66.0,,724.0
-823.0,-175.0,,640.0,-140.0,-576.0,-215.0,208.0,,396.0
-1077.0,-85.0,,591.0,-109.0,-648.0,-151.0,131.0,,107.0
-1015.0,14.0,,550.0,-176.0,-686.0,-95.0,347.0,,-149.0
-1140.0,61.0,,420.0,-194.0,-651.0,-47.0,214.0,,-369.0
-1087.0,95.0,,282.0,-185.0,-632.0,10.0,315.0,,-542.0
-1339.0,126.0,,202.0,-187.0,-677.0,79.0,437.0,,-681.0
-1085.0,106.0,,65.0,-122.0,-838.0,166.0,336.0,,-821.0
-1043.0,48.0,,-88.0,-128.0,-888.0,221.0,434.0,,-950.0
-1157.0,-12.0,,-253.0,-138.0,-843.0,222.0,234.0,,-1056.0
-1166.0,-65.0,,-320.0,-81.0,-986.0,208.0,367.0,,-1157.0
-1236.0,-29.0,,-338.0,-19.0,-1222.0,207.0,338.0,,-1250.0
-958.0,41.0,,-489.0,130.0,-1191.0,245.0,369.0,,-1328.0
-1018.0,43.0,,-546.0,283.0,-974.0,279.0,473.0,,-1371.0
-897.0,16.0,,-533.0,359.0,-1051.0,316.0,393.0,,-1377.0
-1017.0,-4.0,,-558.0,504.0,-1385.0,345.0,705.0,,-1343.0
-867.0,5.0,,-525.0,580.0,-1521.0,333.0,679.0,,-1269.0
-645.0,19.0,,-472.0,563.0,-1286.0,312.0,829.0,,-1153.0
-664.0,5.0,,-440.0,563.0,-1027.0,288.0,905.0,,-1010.0
-527.0,-15.0,,-346.0,435.0,-950.0,288.0,901.0,,-849.0
-547.0,-12.0,,-235.0,331.0,-468.0,292.0,1053.0,,-691.0
-236.0,65.0,,-159.0,247.0,335.0,303.0,846.0,,-571.0
-435.0,224.0,,-49.0,98.0,761.0,311.0,934.0,,-478.0
-309.0,439.0,,71.0,96.0,728.0,299.0,838.0,,-401.0
-88.0,590.0,,156.0,109.0,646.0,306.0,833.0,,-337.0
-51.0,602.0,,205.0,70.0,711.0,335.0,861.0,,-309.0
63.0,616.0,,224.0,96.0,463.0,347.0,722.0,,-291.0
-66.0,701.0,,245.0,70.0,101.0,313.0,801.0,,-272.0
79.0,779.0,,297.0,3.0,-10.0,253.0,583.0,,-241.0
46.0,739.0,,318.0,6.0,177.0,215.0,633.0,,-193.0
216.0,573.0,,333.0,36.0,527.0,218.0,589.0,,-162.0
-1.0,411.0,,326.0,77.0,694.0,246.0,600.0,,-115.0
-89.0,333.0,,304.0,100.0,922.0,310.0,757.0,,-48.0
-108.0,288.0,,299.0,61.0,1270.0,368.0,668.0,,20.0
-120.0,231.0,,259.0,-27.0,1593.0,372.0,929.0,,59.0
-123.0,181.0,,269.0,-149.0,1721.0,362.0,938.0,,74.0
-386.0,183.0,,221.0,-257.0,1676.0,359.0,1132.0,,102.0
-306.0,187.0,,147.0,-377.0,1685.0,393.0,1247.0,,128.0
-519.0,107.0,,134.0,-463.0,1703.0,430.0,1128.0,,157.0
-505.0,9.0,,19.0,-458.0,1735.0,471.0,1282.0,,177.0
-767.0,-62.0,,-71.0,-482.0,1837.0,528.0,1066.0,,189.0
-689.0,-185.0,,-79.0,-504.0,1944.0,599.0,1038.0,,170.0
-640.0,-383.0,,-116.0,-452.0,2132.0,681.0,814.0,,133.0
-815.0,-568.0,,-109.0,-410.0,2411.0,712.0,681.0,,80.0
-836.0,-628.0,,-124.0,-359.0,2545.0,723.0,733.0,,-11.0
-1007.0,-532.0,,-104.0,-272.0,2533.0,751.0,628.0,,-103.0
-781.0,-395.0,,-55.0,-199.0,2303.0,807.0,888.0,,-190.0
-897.0,-311.0,,-104.0,-91.0,2155.0,853.0,842.0,,-261.0
-810.0,-230.0,,-63.0,59.0,2220.0,864.0,1051.0,,-331.0
-801.0,-154.0,,-33.0,167.0,2088.0,861.0,1180.0,,-384.0
-639.0,-169.0,,-71.0,229.0,1866.0,848.0,1164.0,,-398.0
-670.0,-186.0,,-35.0,273.0,1824.0,835.0,1330.0,,-386.0
-709.0,-84.0,,-28.0,278.0,2049.0,829.0,1167.0,,-339.0
-476.0,18.0,,-123.0,266.0,2193.0,830.0,1341.0,,-290.0
-457.0,-1.0,,-236.0,293.0,1953.0,820.0,1221.0,,-237.0
-262.0,-147.0,,-246.0,299.0,1707.0,808.0,1178.0,,-175.0
-323.0,-319.0,,-231.0,267.0,1695.0,808.0,1234.0,,-148.0
-203.0,-421.0,,-336.0,256.0,1614.0,811.0,1086.0,,-167.0
-299.0,-452.0,,-388.0,216.0,1504.0,793.0,1182.0,,-238.0
-244.0,-447.0,,-386.0,177.0,1398.0,754.0,942.0,,-345.0
-96.0,-415.0,,-419.0,231.0,1213.0,705.0,942.0,,-467.0
-49.0,-322.0,,-401.0,298.0,1129.0,649.0,718.0,,-605.0
-74.0,-193.0,,-387.0,348.0,1175.0,605.0,508.0,,-721.0
-194.0,-44.0,,-333.0,408.0,1307.0,566.0,598.0,,-807.0
-103.0,148.0,,-339.0,396.0,1377.0,520.0,423.0,,-872.0
-186.0,363.0,,-409.0,318.0,1473.0,460.0,550.0,,-907.0
-260.0,549.0,,-433.0,272.0,1657.0,408.0,415.0,,-912.0
-331.0,682.0,,-492.0,238.0,1786.0,370.0,371.0,,-890.0
-414.0,718.0,,-492.0,206.0,1717.0,352.0,330.0,,-826.0
-519.0,618.0,,-529.0,196.0,1530.0,345.0,242.0,,-712.0
-467.0,433.0,,-608.0,168.0,1408.0,308.0,467.0,,-580.0
-549.0,244.0,,-609.0,120.0,1320.0,233.0,436.0,,-426.0
-652.0,91.0,,-673.0,97.0,1258.0,168.0,676.0,,-252.0
-767.0,-28.0,,-733.0,83.0,1249.0,147.0,683.0,,-73.0
-780.0,-36.0,,-743.0,37.0,1331.0,123.0,674.0,,108.0
-801.0,75.0,,-730.0,19.0,1306.0,104.0,774.0,,249.0
-766.0,194.0,,-702.0,2.0,1162.0,84.0,615.0,,343.0
-850.0,253.0,,-755.0,-61.0,943.0,58.0,798.0,,403.0
-926.0,273.0,,-754.0,-85.0,713.0,79.0,696.0,,438.0
-826.0,311.0,,-721.0,-68.0,692.0,123.0,768.0,,456.0
-962.0,330.0,,-677.0,-65.0,820.0,150.0,848.0,,440.0
-782.0,341.0,,-588.0,-29.0,790.0,132.0,822.0,,357.0
-804.0,323.0,,-563.0,7.0,603.0,98.0,973.0,,240.0
-580.0,216.0,,-527.0,-24.0,771.0,79.0,764.0,,81.0
-713.0,58.0,,-492.0,-63.0,1045.0,34.0,862.0,,-120.0
-663.0,-106.0,,-455.0,-90.0,1089.0,3.0,787.0,,-334.0
-480.0,-259.0,,-326.0,-119.0,1213.0,-3.0,768.0,,-580.0
-413.0,-404.0,,-110.0,-110.0,1364.0,2.0,805.0,,-800.0
-117.0,-518.0,,57.0,-105.0,1323.0,-6.0,635.0,,-1002.0
-20.0,-595.0,,103.0,-127.0,1019.0,-100.0,770.0,,-1201.0
345.0,-624.0,,167.0,-100.0,677.0,-190.0,600.0,,-1388.0
146.0,-635.0,,145.0,-54.0,532.0,-244.0,703.0,,-1594.0
496.0,-671.0,,129.0,-44.0,378.0,-291.0,731.0,,-1787.0
707.0,-714.0,,265.0,25.0,398.0,-333.0,685.0,,-1966.0
952.0,-722.0,,334.0,140.0,719.0,-423.0,805.0,,-2139.0
1059.0,-669.0,,337.0,182.0,793.0,-534.0,576.0,,-2293.0
1184.0,-623.0,,262.0,174.0,658.0,-653.0,624.0,,-2382.0
1483.0,-592.0,,137.0,170.0,620.0,-755.0,500.0,,-2406.0
1330.0,-566.0,,104.0,175.0,663.0,-839.0,497.0,,-2361.0
1566.0,-527.0,,64.0,239.0,600.0,-917.0,528.0,,-2243.0
1311.0,-448.0,,-6.0,311.0,350.0,-963.0,474.0,,-2072.0
1604.0,-352.0,,0.0,278.0,169.0,-980.0,667.0,,-1822.0
1583.0,-244.0,,35.0,190.0,91.0,-993.0,489.0,,-1531.0
1503.0,-144.0,,62.0,103.0,-101.0,-1030.0,517.0,,-1212.0
1253.0,-74.0,,135.0,28.0,-458.0,-1106.0,404.0,,-872.0
1081.0,-78.0,,146.0,23.0,-736.0,-1191.0,382.0,,-539.0
1202.0,-158.0,,62.0,51.0,-725.0,-1260.0,574.0,,-233.0
921.0,-265.0,,-4.0,13.0,-572.0,-1313.0,545.0,,17.0
953.0,-320.0,,-77.0,-39.0,-665.0,-1302.0,752.0,,223.0
625.0,-316.0,,-99.0,-75.0,-939.0,-1263.0,642.0,,362.0
599.0,-286.0,,-82.0,-133.0,-1113.0,-1234.0,777.0,,442.0
271.0,-234.0,,-111.0,-132.0,-1241.0,-1224.0,816.0,,496.0
277.0,-198.0,,-174.0,-84.0,-1409.0,-1244.0,635.0,,512.0
176.0,-189.0,,-191.0,-126.0,-1601.0,-1207.0,685.0,,525.0
26.0,-223.0,,-144.0,-203.0,-1533.0,-1120.0,434.0,,541.0
-40.0,-252.0,,-130.0,-220.0,-1213.0,-1005.0,511.0,,548.0
-333.0,-283.0,,-124.0,-232.0,-967.0,-888.0,386.0,,556.0
-222.0,-365.0,,-159.0,-239.0,-1018.0,-845.0,312.0,,547.0
-509.0,-433.0,,-205.0,-236.0,-1323.0,-842.0,382.0,,518.0
-332.0,-458.0,,-263.0,-292.0,-1443.0,-834.0,275.0,,489.0
-593.0,-444.0,,-299.0,-326.0,-1377.0,-814.0,528.0,,455.0
-693.0,-454.0,,-265.0,-288.0,-1419.0,-782.0,515.0,,398.0
-551.0,-501.0,,-270.0,-282.0,-1656.0,-724.0,740.0,,307.0
-539.0,-531.0,,-229.0,-303.0,-1898.0,-645.0,820.0,,195.0
-382.0,-452.0,,-215.0,-303.0,-1857.0,-570.0,715.0,,67.0
-599.0,-244.0,,-269.0,-327.0,-1737.0,-518.0,818.0,,-93.0
-390.0,-12.0,,-325.0,-340.0,-1892.0,-466.0,618.0,,-279.0
-381.0,191.0,,-359.0,-306.0,-2109.0,-404.0,670.0,,-502.0
-174.0,314.0,,-412.0,-288.0,-2059.0,-345.0,436.0,,-723.0
-79.0,383.0,,-484.0,-261.0,-1901.0,-274.0,280.0,,-927.0
-85.0,418.0,,-449.0,-199.0,-1763.0,-225.0,216.0,,-1121.0
132.0,417.0,,-420.0,-168.0,-1675.0,-216.0,-14.0,,-1277.0
179.0,434.0,,-419.0,-114.0,-1602.0,-214.0,35.0,,-1404.0
309.0,455.0,,-429.0,-21.0,-1525.0,-227.0,-171.0,,-1470.0
198.0,394.0,,-481.0,32.0,-1452.0,-227.0,-38.0,,-1456.0
383.0,217.0,,-517.0,114.0,-1392.0,-222.0,-51.0,,-1380.0
382.0,42.0,,-567.0,244.0,-1502.0,-229.0,-136.0,,-1246.0
371.0,-94.0,,-631.0,311.0,-1555.0,-238.0,-49.0,,-1055.0
325.0,-190.0,,-683.0,352.0,-1289.0,-261.0,-186.0,,-814.0
169.0,-205.0,,-719.0,384.0,-1242.0,-298.0,22.0,,-521.0
155.0,-116.0,,-701.0,351.0,-1524.0,-322.0,-88.0,,-196.0
-15.0,57.0,,-688.0,304.0,-1761.0,-308.0,-49.0,,123.0
91.0,208.0,,-629.0,251.0,-2023.0,-291.0,-5.0,,437.0
-100.0,341.0,,-558.0,178.0,-2030.0,-256.0,-114.0,,739.0
-157.0,499.0,,-504.0,171.0,-2001.0,-217.0,-48.0,,1025.0
-199.0,686.0,,-362.0,191.0,-2113.0,-193.0,-341.0,,1294.0
-221.0,783.0,,-252.0,143.0,-2121.0,-197.0,-384.0,,1534.0
-353.0,762.0,,-110.0,107.0,-2028.0,-240.0,-620.0,,1738.0
-404.0,746.0,,48.0,94.0,-1858.0,-280.0,-755.0,,1904.0
-214.0,725.0,,172.0,57.0,-1942.0,-315.0,-816.0,,2018.0
-313.0,682.0,,274.0,34.0,-2135.0,-333.0,-1064.0,,2065.0
-240.0,586.0,,332.0,-20.0,-2207.0,-329.0,-914.0,,2061.0
-338.0,499.0,,390.0,-83.0,-2237.0,-284.0,-979.0,,2004.0
-153.0,376.0,,387.0,-49.0,-2310.0,-249.0,-794.0,,1903.0
-181.0,170.0,,384.0,-10.0,-2326.0,-229.0,-689.0,,1766.0
32.0,-4.0,,280.0,-31.0,-2228.0,-178.0,-574.0,,1575.0
41.0,-59.0,,189.0,-41.0,-2128.0,-142.0,-223.0,,1365.0
-114.0,55.0,,169.0,-88.0,-1992.0,-106.0,-208.0,,1160.0
114.0,185.0,,23.0,-156.0,-1959.0,-68.0,40.0,,951.0
167.0,243.0,,-45.0,-192.0,-2127.0,-47.0,-12.0,,749.0
308.0,250.0,,-105.0,-272.0,-2268.0,-17.0,60.0,,549.0
150.0,285.0,,-211.0,-314.0,-2038.0,29.0,208.0,,352.0
385.0,353.0,,-279.0,-280.0,-1754.0,40.0,136.0,,170.0
319.0,385.0,,-303.0,-254.0,-1857.0,48.0,332.0,,2.0
438.0,404.0,,-298.0,-168.0,-2036.0,67.0,229.0,,-151.0
474.0,370.0,,-338.0,-65.0,-1984.0,79.0,404.0,,-296.0
489.0,238.0,,-364.0,-34.0,-1796.0,122.0,471.0,,-421.0
583.0,44.0,,-336.0,17.0,-1773.0,158.0,506.0,,-531.0
525.0,-57.0,,-278.0,71.0,-1903.0,188.0,600.0,,-626.0
709.0,-57.0,,-207.0,72.0,-1942.0,215.0,262.0,,-679.0
505.0,-55.0,,-162.0,123.0,-2078.0,258.0,221.0,,-683.0
746.0,-79.0,,-165.0,205.0,-2173.0,293.0,31.0,,-617.0
688.0,-94.0,,-80.0,270.0,-1993.0,310.0,110.0,,-503.0
701.0,-56.0,,-7.0,353.0,-1882.0,348.0,179.0,,-365.0
572.0,7.0,,-5.0,355.0,-1772.0,405.0,70.0,,-199.0
568.0,89.0,,16.0,271.0,-1669.0,474.0,194.0,,-18.0
590.0,157.0,,76.0,214.0,-1637.0,500.0,72.0,,193.0
546.0,216.0,,183.0,174.0,-1510.0,494.0,262.0,,419.0
761.0,247.0,,249.0,157.0,-1234.0,462.0,182.0,,643.0
512.0,241.0,,294.0,180.0,-811.0,416.0,155.0,,844.0
556.0,270.0,,299.0,166.0,-609.0,400.0,203.0,,1008.0
452.0,364.0,,331.0,150.0,-505.0,416.0,-7.0,,1158.0
628.0,440.0,,311.0,167.0,-259.0,453.0,29.0,,1253.0
540.0,427.0,,298.0,147.0,-31.0,496.0,-216.0,,1313.0
473.0,410.0,,432.0,140.0,98.0,538.0,-181.0,,1335.0
647.0,416.0,,470.0,126.0,141.0,558.0,-238.0,,1324.0
607.0,410.0,,494.0,40.0,63.0,576.0,-317.0,,1277.0
594.0,321.0,,598.0,13.0,-115.0,579.0,-201.0,,1181.0
525.0,167.0,,657.0,27.0,-141.0,595.0,-334.0,,1085.0
621.0,35.0,,676.0,-6.0,30.0,638.0,-116.0,,976.0
668.0,-70.0,,764.0,-12.0,306.0,693.0,-147.0,,891.0
804.0,-131.0,,831.0,-7.0,481.0,766.0,-83.0,,834.0
702.0,-143.0,,788.0,-12.0,771.0,782.0,-14.0,,796.0
609.0,-99.0,,740.0,10.0,1300.0,751.0,-94.0,,796.0
581.0,-69.0,,702.0,-18.0,1649.0,682.0,120.0,,812.0
585.0,-71.0,,657.0,-76.0,1737.0,597.0,1.0,,836.0
534.0,-8.0,,599.0,-102.0,1907.0,568.0,142.0,,860.0
470.0,95.0,,523.0,-190.0,2426.0,590.0,142.0,,892.0
371.0,143.0,,404.0,-295.0,2706.0,634.0,51.0,,920.0
332.0,128.0,,276.0,-357.0,2550.0,655.0,55.0,,950.0
168.0,121.0,,155.0,-435.0,2460.0,663.0,-190.0,,967.0
151.0,111.0,,6.0,-469.0,2523.0,676.0,-101.0,,933.0
129.0,50.0,,-173.0,-455.0,2492.0,690.0,-223.0,,857.0
-180.0,-74.0,,-340.0,-413.0,2237.0,706.0,-36.0,,746.0
-104.0,-184.0,,-518.0,-273.0,2066.0,712.0,116.0,,612.0
-376.0,-183.0,,-638.0,-145.0,2053.0,722.0,25.0,,474.0
-342.0,-142.0,,-733.0,-109.0,1894.0,704.0,145.0,,331.0
-591.0,-92.0,,-852.0,-60.0,1547.0,642.0,-125.0,,213.0
-530.0,-36.0,,-872.0,-8.0,1352.0,582.0,-53.0,,129.0
-516.0,-1.0,,-867.0,46.0,1270.0,548.0,-72.0,,42.0
-921.0,-4.0,,-831.0,134.0,1218.0,577.0,-57.0,,-16.0
-652.0,-69.0,,-752.0,193.0,1295.0,624.0,33.0,,-37.0
-882.0,-136.0,,-674.0,247.0,1275.0,637.0,-166.0,,-28.0
-681.0,-126.0,,-628.0,314.0,1201.0,645.0,-62.0,,10.0
-864.0,-56.0,,-512.0,314.0,1255.0,627.0,-328.0,,95.0
-755.0,7.0,,-354.0,306.0,1391.0,595.0,-437.0,,217.0
-742.0,51.0,,-291.0,292.0,1455.0,577.0,-545.0,,332.0
-899.0,39.0,,-210.0,198.0,1278.0,540.0,-691.0,,461.0
-485.0,-21.0,,-94.0,135.0,1005.0,470.0,-478.0,,581.0
-795.0,-85.0,,21.0,92.0,904.0,385.0,-502.0,,680.0
-616.0,-115.0,,134.0,28.0,826.0,316.0,-269.0,,741.0
-752.0,-113.0,,249.0,0.0,602.0,274.0,-254.0,,756.0
-585.0,-129.0,,294.0,-61.0,380.0,265.0,-218.0,,762.0
-559.0,-128.0,,299.0,-125.0,467.0,254.0,-177.0,,742.0
-612.0,-81.0,,383.0,-121.0,789.0,211.0,-380.0,,712.0
-376.0,29.0,,504.0,-134.0,722.0,124.0,-306.0,,667.0
-609.0,172.0,,641.0,-172.0,350.0,5.0,-495.0,,605.0
-358.0,308.0,,785.0,-211.0,277.0,-95.0,-406.0,,553.0
-530.0,423.0,,904.0,-317.0,453.0,-146.0,-365.0,,506.0
-490.0,476.0,,957.0,-399.0,530.0,-163.0,-360.0,,459.0
-581.0,471.0,,920.0,-444.0,447.0,-184.0,-230.0,,415.0
-394.0,387.0,,865.0,-552.0,389.0,-219.0,-450.0,,357.0
-227.0,302.0,,788.0,-606.0,536.0,-279.0,-404.0,,273.0
-459.0,277.0,,670.0,-622.0,682.0,-344.0,-639.0,,174.0
-196.0,259.0,,508.0,-643.0,520.0,-394.0,-698.0,,44.0
-245.0,209.0,,304.0,-565.0,310.0,-428.0,-727.0,,-109.0
-54.0,118.0,,143.0,-476.0,345.0,-475.0,-892.0,,-267.0
-69.0,89.0,,-54.0,-385.0,300.0,-526.0,-674.0,,-415.0
101.0,169.0,,-194.0,-232.0,0.0,-578.0,-757.0,,-577.0
131.0,245.0,,-250.0,-127.0,-267.0,-621.0,-587.0,,-750.0
146.0,273.0,,-407.0,-36.0,-349.0,-664.0,-593.0,,-885.0
344.0,302.0,,-519.0,104.0,-319.0,-736.0,-604.0,,-998.0
131.0,316.0,,-551.0,207.0,-340.0,-776.0,-419.0,,-1077.0
406.0,291.0,,-571.0,313.0,-357.0,-805.0,-495.0,,-1124.0
401.0,230.0,,-623.0,420.0,-308.0,-802.0,-299.0,,-1141.0
425.0,149.0,,-678.0,467.0,-335.0,-817.0,-354.0,,-1095.0
314.0,42.0,,-709.0,534.0,-513.0,-856.0,-195.0,,-1021.0
228.0,-35.0,,-754.0,546.0,-665.0,-875.0,-77.0,,-930.0
383.0,-41.0,,-757.0,450.0,-653.0,-927.0,-105.0,,-831.0
292.0,-68.0,,-789.0,384.0,-590.0,-945.0,107.0,,-749.0
298.0,-114.0,,-760.0,326.0,-375.0,-953.0,68.0,,-641.0
105.0,-128.0,,-685.0,301.0,-54.0,-944.0,382.0,,-526.0
140.0,-111.0,,-657.0,338.0,187.0,-938.0,493.0,,-417.0
98.0,-110.0,,-618.0,293.0,473.0,-977.0,556.0,,-295.0
75.0,-122.0,,-560.0,251.0,812.0,-1022.0,589.0,,-175.0
37.0,-69.0,,-416.0,258.0,1167.0,-1078.0,312.0,,-57.0
-36.0,-19.0,,-264.0,192.0,1266.0,-1089.0,304.0,,55.0
-42.0,-2.0,,-111.0,159.0,1042.0,-1061.0,48.0,,149.0
-163.0,16.0,,63.0,175.0,811.0,-1036.0,120.0,,219.0
-154.0,42.0,,226.0,144.0,627.0,-1048.0,166.0,,298.0
-266.0,12.0,,404.0,152.0,689.0,-1092.0,107.0,,361.0
-116.0,-61.0,,501.0,145.0,680.0,-1111.0,192.0,,401.0
-238.0,-111.0,,601.0,101.0,448.0,-1085.0,-42.0,,420.0
-307.0,-125.0,,710.0,123.0,507.0,-1059.0,31.0,,405.0
-234.0,-102.0,,737.0,106.0,864.0,-1023.0,-121.0,,391.0
-275.0,-145.0,,712.0,74.0,1285.0,-966.0,-149.0,,382.0
-159.0,-222.0,,679.0,66.0,1403.0,-942.0,-120.0,,374.0
-225.0,-263.0,,643.0,-25.0,1425.0,-922.0,-314.0,,371.0
-112.0,-257.0,,511.0,-93.0,1614.0,-925.0,-251.0,,386.0
-171.0,-253.0,,356.0,-107.0,1733.0,-948.0,-513.0,,394.0
-71.0,-290.0,,186.0,-154.0,1563.0,-924.0,-546.0,,413.0
21.0,-309.0,,-20.0,-159.0,1239.0,-876.0,-665.0,,441.0
-9.0,-345.0,,-197.0,-162.0,1043.0,-838.0,-744.0,,439.0
67.0,-383.0,,-301.0,-204.0,1022.0,-831.0,-604.0,,427.0
80.0,-448.0,,-394.0,-176.0,1074.0,-816.0,-655.0,,413.0
201.0,-508.0,,-428.0,-158.0,902.0,-761.0,-382.0,,381.0
101.0,-558.0,,-480.0,-168.0,707.0,-686.0,-474.0,,325.0
98.0,-630.0,,-606.0,-118.0,724.0,-596.0,-473.0,,246.0
119.0,-656.0,,-641.0,-120.0,713.0,-543.0,-511.0,,114.0
57.0,-652.0,,-705.0,-137.0,365.0,-520.0,-657.0,,-42.0
109.0,-601.0,,-715.0,-116.0,16.0,-484.0,-436.0,,-216.0
53.0,-540.0,,-654.0,-143.0,14.0,-442.0,-554.0,,-398.0
-112.0,-455.0,,-596.0,-125.0,131.0,-375.0,-402.0,,-557.0
-213.0,-353.0,,-542.0,-78.0,266.0,-323.0,-375.0,,-692.0
-166.0,-228.0,,-498.0,-76.0,279.0,-316.0,-373.0,,-784.0
-229.0,-43.0,,-365.0,2.0,280.0,-284.0,-338.0,,-853.0
-509.0,76.0,,-297.0,90.0,307.0,-197.0,-554.0,,-898.0
-540.0,96.0,,-279.0,124.0,334.0,-80.0,-445.0,,-922.0
-555.0,61.0,,-197.0,183.0,115.0,26.0,-469.0,,-926.0
-632.0,40.0,,-94.0,183.0,-373.0,81.0,-175.0,,-906.0
-715.0,-20.0,,2.0,161.0,-670.0,78.0,12.0,,-879.0
-746.0,-136.0,,64.0,185.0,-703.0,52.0,55.0,,-841.0
-708.0,-218.0,,98.0,149.0,-557.0,65.0,216.0,,-803.0
-856.0,-248.0,,86.0,122.0,-610.0,123.0,51.0,,-750.0
-763.0,-283.0,,115.0,124.0,-685.0,199.0,179.0,,-707.0
-904.0,-358.0,,145.0,33.0,-519.0,280.0,121.0,,-664.0
-819.0,-337.0,,155.0,-62.0,-297.0,331.0,245.0,,-615.0
-685.0,-206.0,,238.0,-127.0,-125.0,370.0,397.0,,-572.0
-654.0,-85.0,,303.0,-175.0,-196.0,405.0,243.0,,-513.0
-642.0,-66.0,,293.0,-120.0,-428.0,438.0,249.0,,-447.0
-725.0,-71.0,,333.0,-67.0,-575.0,485.0,-125.0,,-353.0
-334.0,31.0,,465.0,-58.0,-472.0,484.0,-266.0,,-250.0
-337.0,128.0,,501.0,-20.0,-377.0,436.0,-441.0,,-162.0
-218.0,134.0,,558.0,-42.0,-463.0,374.0,-504.0,,-76.0
-285.0,105.0,,631.0,-93.0,-438.0,322.0,-290.0,,4.0
-212.0,102.0,,640.0,-105.0,-155.0,317.0,-336.0,,87.0
-63.0,83.0,,651.0,-157.0,62.0,335.0,-140.0,,170.0
-14.0,-24.0,,681.0,-173.0,-33.0,337.0,-254.0,,260.0
202.0,-167.0,,747.0,-130.0,-266.0,349.0,-157.0,,355.0
-67.0,-267.0,,714.0,-125.0,-193.0,356.0,-12.0,,436.0
304.0,-317.0,,700.0,-89.0,118.0,347.0,-77.0,,504.0
244.0,-392.0,,702.0,-43.0,112.0,355.0,133.0,,560.0
315.0,-450.0,,679.0,-33.0,-125.0,352.0,38.0,,586.0
310.0,-395.0,,679.0,50.0,-363.0,342.0,175.0,,587.0
270.0,-293.0,,671.0,136.0,-292.0,348.0,84.0,,547.0
619.0,-214.0,,653.0,177.0,-183.0,341.0,-12.0,,471.0
321.0,-146.0,,619.0,246.0,-490.0,307.0,29.0,,380.0
482.0,-57.0,,586.0,259.0,-729.0,278.0,-195.0,,273.0
151.0,27.0,,531.0,234.0,-643.0,302.0,-157.0,,155.0
451.0,-28.0,,465.0,240.0,-623.0,363.0,-428.0,,32.0
395.0,-189.0,,363.0,193.0,-911.0,431.0,-469.0,,-74.0
210.0,-286.0,,314.0,118.0,-1008.0,487.0,-515.0,,-186.0
341.0,-311.0,,259.0,45.0,-762.0,498.0,-593.0,,-291.0
117.0,-303.0,,131.0,-87.0,-536.0,486.0,-395.0,,-377.0
545.0,-233.0,,-23.0,-169.0,-451.0,479.0,-498.0,,-442.0
129.0,-42.0,,-153.0,-175.0,-415.0,468.0,-256.0,,-484.0
419.0,175.0,,-259.0,-182.0,-354.0,450.0,-197.0,,-527.0
283.0,333.0,,-388.0,-119.0,-260.0,442.0,-84.0,,-580.0
392.0,417.0,,-428.0,-46.0,-233.0,451.0,55.0,,-647.0
418.0,423.0,,-429.0,-43.0,-366.0,465.0,-46.0,,-712.0
168.0,420.0,,-425.0,-20.0,-667.0,454.0,62.0,,-805.0
438.0,397.0,,-376.0,-8.0,-972.0,433.0,-133.0,,-899.0
127.0,330.0,,-321.0,-10.0,-899.0,434.0,36.0,,-987.0
529.0,249.0,,-273.0,48.0,-834.0,448.0,134.0,,-1073.0
172.0,225.0,,-197.0,99.0,-1049.0,458.0,162.0,,-1126.0
364.0,223.0,,-93.0,153.0,-1164.0,451.0,314.0,,-1192.0
168.0,178.0,,38.0,239.0,-841.0,426.0,145.0,,-1255.0
262.0,89.0,,171.0,263.0,-390.0,373.0,308.0,,-1309.0
391.0,-39.0,,245.0,269.0,-325.0,327.0,258.0,,-1357.0
87.0,-157.0,,297.0,295.0,-378.0,314.0,314.0,,-1369.0
335.0,-299.0,,326.0,267.0,-419.0,317.0,323.0,,-1364.0
-28.0,-472.0,,336.0,253.0,-301.0,356.0,168.0,,-1360.0
369.0,-581.0,,298.0,249.0,-286.0,375.0,258.0,,-1351.0
124.0,-609.0,,259.0,163.0,-615.0,369.0,94.0,,-1335.0
367.0,-631.0,,264.0,82.0,-905.0,364.0,249.0,,-1311.0
181.0,-626.0,,254.0,8.0,-1101.0,335.0,245.0,,-1264.0
166.0,-554.0,,243.0,-73.0,-1195.0,301.0,314.0,,-1193.0
360.0,-410.0,,246.0,-65.0,-1296.0,235.0,467.0,,-1090.0
107.0,-205.0,,265.0,-38.0,-1467.0,169.0,277.0,,-962.0
414.0,-24.0,,314.0,-21.0,-1504.0,118.0,384.0,,-820.0
153.0,111.0,,384.0,39.0,-1407.0,65.0,243.0,,-678.0
509.0,233.0,,439.0,56.0,-1540.0,38.0,360.0,,-558.0
237.0,339.0,,405.0,47.0,-1765.0,3.0,399.0,,-458.0
357.0,388.0,,358.0,69.0,-1873.0,-10.0,286.0,,-366.0
338.0,432.0,,380.0,47.0,-1923.0,-20.0,404.0,,-285.0
353.0,490.0,,378.0,42.0,-1748.0,-43.0,153.0,,-241.0
561.0,527.0,,371.0,74.0,-1476.0,-49.0,110.0,,-232.0
334.0,480.0,,378.0,39.0,-1089.0,-68.0,-92.0,,-257.0
542.0,359.0,,318.0,7.0,-730.0,-110.0,-90.0,,-321.0
278.0,297.0,,186.0,0.0,-495.0,-188.0,73.0,,-417.0
607.0,251.0,,17.0,-32.0,-327.0,-270.0,145.0,,-536.0
472.0,202.0,,-200.0,-19.0,-347.0,-339.0,415.0,,-677.0
493.0,165.0,,-327.0,-9.0,-256.0,-411.0,253.0,,-819.0
514.0,168.0,,-384.0,-76.0,113.0,-431.0,304.0,,-963.0
483.0,189.0,,-470.0,-124.0,440.0,-394.0,240.0,,-1124.0
675.0,198.0,,-508.0,-143.0,419.0,-385.0,145.0,,-1287.0
478.0,177.0,,-520.0,-157.0,244.0,-426.0,190.0,,-1440.0
752.0,139.0,,-553.0,-145.0,44.0,-483.0,20.0,,-1561.0
552.0,176.0,,-563.0,-161.0,-224.0,-539.0,194.0,,-1657.0
800.0,165.0,,-490.0,-154.0,-606.0,-583.0,158.0,,-1727.0
763.0,127.0,,-408.0,-61.0,-1014.0,-578.0,293.0,,-1768.0
623.0,136.0,,-290.0,15.0,-1235.0,-546.0,356.0,,-1769.0
742.0,182.0,,-171.0,65.0,-1369.0,-536.0,230.0,,-1717.0
682.0,251.0,,-152.0,111.0,-1445.0,-554.0,303.0,,-1625.0
883.0,261.0,,-114.0,77.0,-1485.0,-609.0,116.0,,-1500.0
624.0,258.0,,-48.0,34.0,-1498.0,-638.0,284.0,,-1362.0
794.0,251.0,,-38.0,30.0,-1632.0,-655.0,297.0,,-1213.0
662.0,247.0,,-40.0,8.0,-1754.0,-700.0,299.0,,-1068.0
720.0,232.0,,-13.0,2.0,-1746.0,-744.0,378.0,,-930.0
776.0,242.0,,-10.0,-29.0,-1698.0,-792.0,203.0,,-808.0
589.0,249.0,,10.0,-104.0,-1441.0,-841.0,290.0,,-716.0
719.0,243.0,,38.0,-121.0,-1195.0,-877.0,99.0,,-665.0
490.0,305.0,,41.0,-99.0,-1030.0,-911.0,138.0,,-667.0
689.0,363.0,,56.0,-74.0,-961.0,-945.0,247.0,,-698.0
532.0,422.0,,51.0,3.0,-1048.0,-967.0,282.0,,-759.0
555.0,456.0,,-27.0,62.0,-1164.0,-975.0,352.0,,-826.0
598.0,470.0,,-128.0,44.0,-1087.0,-954.0,-7.0,,-877.0
500.0,485.0,,-238.0,35.0,-857.0,-925.0,-16.0,,-925.0
532.0,537.0,,-366.0,48.0,-736.0,-927.0,-105.0,,-941.0
369.0,610.0,,-453.0,96.0,-696.0,-978.0,-22.0,,-926.0
632.0,558.0,,-508.0,182.0,-648.0,-1056.0,199.0,,-898.0
536.0,452.0,,-496.0,199.0,-379.0,-1100.0,168.0,,-856.0
560.0,324.0,,-523.0,166.0,-189.0,-1081.0,365.0,,-801.0
469.0,230.0,,-595.0,135.0,-356.0,-1029.0,192.0,,-732.0
366.0,220.0,,-631.0,61.0,-492.0,-997.0,190.0,,-660.0
386.0,285.0,,-678.0,-22.0,-296.0,-979.0,81.0,,-587.0
235.0,362.0,,-678.0,-70.0,-205.0,-1014.0,7.0,,-532.0
300.0,391.0,,-690.0,-107.0,-634.0,-1087.0,223.0,,-505.0
173.0,452.0,,-640.0,-131.0,-948.0,-1149.0,203.0,,-485.0
183.0,516.0,,-594.0,-156.0,-790.0,-1185.0,482.0,,-488.0
35.0,544.0,,-585.0,-202.0,-573.0,-1168.0,417.0,,-498.0
-33.0,504.0,,-522.0,-196.0,-771.0,-1145.0,448.0,,-493.0
13.0,477.0,,-544.0,-180.0,-1061.0,-1126.0,448.0,,-494.0
4.0,490.0,,-581.0,-217.0,-1014.0,-1144.0,349.0,,-487.0
45.0,393.0,,-598.0,-235.0,-922.0,-1155.0,528.0,,-468.0
-110.0,238.0,,-582.0,-267.0,-914.0,-1157.0,319.0,,-452.0
-137.0,166.0,,-614.0,-304.0,-946.0,-1160.0,428.0,,-433.0
-216.0,128.0,,-665.0,-256.0,-826.0,-1131.0,345.0,,-380.0
-214.0,58.0,,-623.0,-195.0,-691.0,-1153.0,277.0,,-314.0
-242.0,-50.0,,-586.0,-141.0,-585.0,-1148.0,308.0,,-227.0
-297.0,-155.0,,-528.0,-60.0,-410.0,-1106.0,73.0,,-122.0
-286.0,-178.0,,-464.0,-20.0,-555.0,-1087.0,232.0,,-17.0
-367.0,-248.0,,-419.0,11.0,-772.0,-1048.0,166.0,,104.0
-417.0,-418.0,,-388.0,50.0,-678.0,-998.0,356.0,,245.0
-556.0,-590.0,,-284.0,22.0,-450.0,-949.0,441.0,,415.0
-539.0,-645.0,,-186.0,0.0,-417.0,-936.0,378.0,,597.0
-534.0,-635.0,,-151.0,32.0,-467.0,-944.0,515.0,,797.0
-497.0,-626.0,,-141.0,70.0,-270.0,-930.0,378.0,,1014.0
-527.0,-534.0,,-155.0,122.0,42.0,-888.0,602.0,,1234.0
-558.0,-371.0,,-110.0,146.0,181.0,-823.0,692.0,,1447.0
-521.0,-213.0,,-151.0,122.0,156.0,-754.0,966.0,,1636.0
-580.0,-188.0,,-177.0,126.0,310.0,-692.0,1225.0,,1792.0
-381.0,-135.0,,-123.0,132.0,682.0,-618.0,1140.0,,1903.0
-439.0,23.0,,-96.0,100.0,1019.0,-557.0,1193.0,,1986.0
-424.0,119.0,,-5.0,102.0,1080.0,-487.0,840.0,,2024.0
-349.0,133.0,,68.0,118.0,1095.0,-411.0,715.0,,2029.0
-216.0,147.0,,103.0,140.0,1142.0,-362.0,522.0,,2020.0
-133.0,264.0,,153.0,187.0,1208.0,-310.0,371.0,,1996.0
-276.0,327.0,,165.0,164.0,1314.0,-253.0,437.0,,1951.0
-110.0,222.0,,174.0,106.0,1283.0,-183.0,363.0,,1888.0
-159.0,105.0,,224.0,69.0,1383.0,-116.0,613.0,,1812.0
28.0,102.0,,274.0,-4.0,1500.0,-41.0,561.0,,1722.0
96.0,62.0,,295.0,-60.0,1648.0,43.0,659.0,,1626.0
137.0,-103.0,,335.0,-60.0,1787.0,125.0,670.0,,1499.0
204.0,-283.0,,379.0,-71.0,1812.0,161.0,526.0,,1331.0
165.0,-454.0,,414.0,-68.0,1976.0,141.0,591.0,,1116.0
387.0,-614.0,,442.0,-58.0,2181.0,149.0,306.0,,850.0
287.0,-832.0,,439.0,-103.0,2354.0,186.0,352.0,,537.0
513.0,-976.0,,465.0,-118.0,2344.0,229.0,166.0,,192.0
520.0,-958.0,,503.0,-110.0,2337.0,278.0,0.0,,-164.0
533.0,-854.0,,487.0,-126.0,2524.0,338.0,33.0,,-527.0
538.0,-724.0,,435.0,-87.0,2625.0,382.0,-118.0,,-866.0
470.0,-573.0,,401.0,-52.0,2337.0,427.0,7.0,,-1162.0
692.0,-345.0,,362.0,-45.0,1962.0,493.0,-169.0,,-1415.0
526.0,-157.0,,282.0,0.0,1926.0,545.0,-97.0,,-1623.0
698.0,1.0,,201.0,13.0,1913.0,593.0,-49.0,,-1783.0
573.0,98.0,,136.0,-14.0,1769.0,624.0,-51.0,,-1887.0
482.0,156.0,,120.0,-41.0,1575.0,621.0,75.0,,-1938.0
441.0,198.0,,169.0,-110.0,1617.0,604.0,-140.0,,-1923.0
364.0,148.0,,191.0,-165.0,1907.0,623.0,1.0,,-1865.0
422.0,88.0,,214.0,-159.0,2101.0,701.0,-70.0,,-1818.0
247.0,22.0,,321.0,-160.0,2189.0,797.0,-22.0,,-1773.0
327.0,-30.0,,400.0,-120.0,2176.0,878.0,62.0,,-1722.0
23.0,-80.0,,387.0,-50.0,2102.0,942.0,-46.0,,-1670.0
53.0,-80.0,,413.0,-58.0,2047.0,967.0,109.0,,-1611.0
-45.0,-51.0,,429.0,-55.0,1982.0,955.0,-60.0,,-1541.0
-108.0,-64.0,,347.0,16.0,1699.0,930.0,5.0,,-1469.0
-89.0,-65.0,,313.0,108.0,1370.0,911.0,-55.0,,-1386.0
-202.0,-28.0,,286.0,240.0,1251.0,897.0,-55.0,,-1268.0
6.0,20.0,,219.0,336.0,1228.0,906.0,77.0,,-1147.0
-300.0,29.0,,179.0,369.0,1299.0,961.0,-84.0,,-1012.0
-247.0,111.0,,134.0,426.0,1359.0,994.0,68.0,,-843.0
-184.0,266.0,,93.0,417.0,1500.0,1008.0,-59.0,,-664.0
-1.0,400.0,,79.0,348.0,1717.0,1017.0,33.0,,-474.0
13.0,462.0,,114.0,314.0,1880.0,1040.0,142.0,,-280.0
-26.0,528.0,,155.0,249.0,2049.0,1051.0,136.0,,-84.0
127.0,650.0,,150.0,192.0,2032.0,1020.0,375.0,,117.0
101.0,700.0,,124.0,174.0,1954.0,1001.0,256.0,,306.0
375.0,679.0,,86.0,137.0,1980.0,956.0,360.0,,464.0
219.0,609.0,,99.0,151.0,1991.0,905.0,223.0,,591.0
364.0,588.0,,116.0,181.0,1750.0,882.0,86.0,,652.0
489.0,560.0,,112.0,130.0,1429.0,858.0,-46.0,,660.0
579.0,459.0,,150.0,98.0,1525.0,803.0,-406.0,,617.0
594.0,426.0,,176.0,62.0,1686.0,710.0,-376.0,,535.0
536.0,458.0,,159.0,-12.0,1460.0,617.0,-524.0,,445.0
738.0,417.0,,134.0,-9.0,1108.0,526.0,-400.0,,345.0
722.0,204.0,,136.0,4.0,1140.0,466.0,-419.0,,270.0
791.0,69.0,,126.0,-2.0,1224.0,451.0,-485.0,,198.0
630.0,78.0,,118.0,11.0,1011.0,473.0,-306.0,,135.0
813.0,30.0,,94.0,-18.0,795.0,501.0,-412.0,,76.0
738.0,-111.0,,81.0,-35.0,757.0,473.0,-208.0,,14.0
608.0,-223.0,,48.0,-11.0,897.0,415.0,-303.0,,-17.0
573.0,-189.0,,-31.0,-51.0,893.0,351.0,-290.0,,-26.0
384.0,-213.0,,-84.0,-107.0,834.0,278.0,-194.0,,-14.0
401.0,-314.0,,-159.0,-144.0,789.0,240.0,-295.0,,4.0
229.0,-289.0,,-204.0,-211.0,744.0,236.0,-184.0,,37.0
230.0,-106.0,,-282.0,-219.0,648.0,244.0,-386.0,,70.0
-48.0,5.0,,-366.0,-182.0,433.0,257.0,-310.0,,95.0
-144.0,-94.0,,-384.0,-168.0,367.0,254.0,-434.0,,122.0
-252.0,-123.0,,-437.0,-97.0,350.0,261.0,-604.0,,129.0
-424.0,-42.0,,-490.0,-37.0,249.0,280.0,-654.0,,138.0
-468.0,-64.0,,-514.0,-41.0,121.0,305.0,-916.0,,166.0
-567.0,-239.0,,-520.0,-25.0,-65.0,327.0,-764.0,,193.0
-669.0,-376.0,,-484.0,-57.0,-384.0,358.0,-868.0,,213.0
-885.0,-347.0,,-476.0,-92.0,-559.0,401.0,-798.0,,244.0
-732.0,-322.0,,-501.0,-65.0,-549.0,441.0,-729.0,,291.0
-914.0,-375.0,,-429.0,-82.0,-463.0,495.0,-764.0,,355.0
-951.0,-389.0,,-394.0,-73.0,-351.0,531.0,-593.0,,421.0
-862.0,-309.0,,-390.0,-37.0,-344.0,537.0,-740.0,,494.0
-785.0,-248.0,,-283.0,-53.0,-23.0,548.0,-657.0,,571.0
-694.0,-225.0,,-179.0,-41.0,331.0,565.0,-812.0,,627.0
-862.0,-107.0,,-121.0,-26.0,218.0,581.0,-853.0,,679.0
-650.0,108.0,,-75.0,-48.0,41.0,595.0,-764.0,,717.0
-583.0,278.0,,-13.0,0.0,70.0,606.0,-835.0,,721.0
-450.0,328.0,,25.0,84.0,210.0,617.0,-582.0,,695.0
-326.0,322.0,,75.0,139.0,328.0,623.0,-663.0,,639.0
-253.0,302.0,,90.0,233.0,326.0,612.0,-524.0,,551.0
-151.0,202.0,,102.0,260.0,229.0,611.0,-460.0,,452.0
-74.0,37.0,,114.0,206.0,195.0,615.0,-484.0,,354.0
164.0,-99.0,,63.0,165.0,346.0,593.0,-328.0,,245.0
184.0,-181.0,,31.0,48.0,479.0,555.0,-426.0,,135.0
339.0,-252.0,,-71.0,-73.0,540.0,504.0,-240.0,,32.0
426.0,-282.0,,-142.0,-170.0,673.0,476.0,-330.0,,-88.0
406.0,-223.0,,-200.0,-281.0,718.0,467.0,-351.0,,-200.0
412.0,-154.0,,-330.0,-273.0,654.0,473.0,-393.0,,-299.0
405.0,-84.0,,-438.0,-182.0,548.0,498.0,-533.0,,-381.0
406.0,12.0,,-543.0,-141.0,442.0,520.0,-360.0,,-438.0
332.0,130.0,,-622.0,-121.0,412.0,525.0,-476.0,,-490.0
321.0,247.0,,-730.0,-151.0,423.0,480.0,-299.0,,-514.0
174.0,316.0,,-771.0,-239.0,239.0,427.0,-317.0,,-530.0
103.0,366.0,,-792.0,-245.0,-56.0,378.0,-303.0,,-539.0
-54.0,363.0,,-785.0,-231.0,-40.0,341.0,-116.0,,-544.0
-224.0,244.0,,-734.0,-249.0,63.0,328.0,-210.0,,-564.0
-449.0,140.0,,-720.0,-222.0,-41.0,323.0,-22.0,,-590.0
-681.0,123.0,,-627.0,-203.0,-208.0,358.0,-131.0,,-630.0
-737.0,117.0,,-615.0,-206.0,-241.0,400.0,-86.0,,-666.0
-969.0,65.0,,-597.0,-186.0,-152.0,429.0,-110.0,,-706.0
-1082.0,-17.0,,-511.0,-196.0,-97.0,458.0,-240.0,,-738.0
-1347.0,-28.0,,-456.0,-210.0,-49.0,462.0,-133.0,,-772.0
-1442.0,18.0,,-335.0,-141.0,-4.0,465.0,-279.0,,-826.0
-1480.0,-25.0,,-266.0,-66.0,54.0,482.0,-129.0,,-863.0
-1601.0,-169.0,,-214.0,-18.0,116.0,522.0,-171.0,,-874.0
-1583.0,-229.0,,-138.0,58.0,219.0,582.0,-81.0,,-850.0
-1626.0,-219.0,,-113.0,89.0,450.0,655.0,90.0,,-801.0
-1510.0,-243.0,,-31.0,73.0,542.0,713.0,24.0,,-743.0
-1519.0,-275.0,,72.0,67.0,565.0,713.0,223.0,,-654.0
-1448.0,-263.0,,122.0,49.0,751.0,707.0,94.0,,-556.0
-1395.0,-188.0,,183.0,60.0,790.0,724.0,218.0,,-458.0
-1143.0,-173.0,,225.0,98.0,703.0,737.0,295.0,,-353.0
-945.0,-215.0,,255.0,84.0,777.0,744.0,356.0,,-258.0
-930.0,-215.0,,269.0,84.0,928.0,724.0,607.0,,-164.0
-713.0,-109.0,,170.0,135.0,941.0,701.0,509.0,,-66.0
-653.0,-43.0,,93.0,143.0,930.0,680.0,633.0,,5.0
-441.0,-73.0,,42.0,150.0,1076.0,671.0,504.0,,21.0
-273.0,-3.0,,-65.0,189.0,1203.0,696.0,565.0,,0.0
-109.0,149.0,,-131.0,186.0,1210.0,702.0,648.0,,-55.0
-16.0,307.0,,-174.0,178.0,1124.0,684.0,541.0,,-157.0
158.0,326.0,,-214.0,143.0,1189.0,637.0,722.0,,-303.0
261.0,275.0,,-315.0,34.0,1383.0,580.0,641.0,,-461.0
130.0,276.0,,-403.0,-13.0,1310.0,547.0,881.0,,-620.0
286.0,257.0,,-468.0,21.0,1106.0,555.0,927.0,,-749.0
360.0,205.0,,-560.0,34.0,1089.0,607.0,931.0,,-824.0
499.0,89.0,,-580.0,45.0,1348.0,652.0,1021.0,,-862.0
478.0,6.0,,-571.0,49.0,1621.0,690.0,883.0,,-877.0
364.0,-68.0,,-512.0,39.0,1713.0,712.0,1125.0,,-881.0
327.0,-138.0,,-409.0,71.0,1750.0,727.0,1032.0,,-855.0
377.0,-131.0,,-283.0,82.0,1861.0,746.0,1023.0,,-803.0
448.0,-107.0,,-210.0,40.0,2103.0,744.0,899.0,,-730.0
199.0,-76.0,,-169.0,22.0,2316.0,712.0,665.0,,-643.0
158.0,-46.0,,-81.0,2.0,2242.0,649.0,631.0,,-561.0
208.0,9.0,,-51.0,-7.0,1870.0,615.0,264.0,,-474.0
79.0,68.0,,-18.0,51.0,1730.0,618.0,240.0,,-388.0
-158.0,64.0,,39.0,75.0,1802.0,645.0,110.0,,-322.0
-218.0,45.0,,76.0,54.0,1794.0,665.0,192.0,,-277.0
-222.0,61.0,,113.0,66.0,1735.0,680.0,404.0,,-236.0
-315.0,44.0,,163.0,47.0,1611.0,717.0,347.0,,-190.0
-486.0,-12.0,,255.0,-7.0,1418.0,763.0,528.0,,-151.0
-584.0,-52.0,,318.0,-41.0,1064.0,814.0,343.0,,-135.0
-327.0,-99.0,,397.0,-79.0,892.0,840.0,378.0,,-139.0
-438.0,-142.0,,525.0,-105.0,957.0,839.0,421.0,,-158.0
-630.0,-136.0,,595.0,-104.0,996.0,821.0,421.0,,-175.0
-566.0,-86.0,,660.0,-143.0,932.0,802.0,576.0,,-175.0
-412.0,-65.0,,731.0,-152.0,905.0,814.0,376.0,,-165.0
-315.0,-91.0,,791.0,-88.0,974.0,872.0,367.0,,-149.0
-334.0,-126.0,,857.0,-71.0,1042.0,931.0,136.0,,-123.0
-409.0,-156.0,,935.0,-60.0,1108.0,950.0,60.0,,-89.0
-342.0,-179.0,,956.0,-24.0,1170.0,942.0,49.0,,-57.0
-65.0,-203.0,,955.0,-58.0,1341.0,891.0,-83.0,,-26.0
-158.0,-194.0,,935.0,-83.0,1431.0,818.0,33.0,,-6.0
-108.0,-145.0,,859.0,-51.0,1530.0,751.0,-171.0,,29.0
55.0,-142.0,,797.0,-14.0,1656.0,690.0,-97.0,,85.0
254.0,-230.0,,665.0,71.0,1543.0,678.0,-84.0,,155.0
251.0,-316.0,,552.0,176.0,1115.0,733.0,-36.0,,242.0
132.0,-313.0,,431.0,214.0,797.0,771.0,92.0,,315.0
336.0,-261.0,,321.0,256.0,1025.0,767.0,-114.0,,387.0
354.0,-226.0,,210.0,288.0,1329.0,715.0,-40.0,,450.0
602.0,-230.0,,69.0,239.0,1346.0,615.0,-234.0,,493.0
553.0,-206.0,,19.0,214.0,1173.0,522.0,-229.0,,513.0
421.0,-133.0,,-58.0,227.0,1253.0,458.0,-230.0,,520.0
520.0,-58.0,,-157.0,232.0,1411.0,442.0,-380.0,,515.0
516.0,60.0,,-258.0,246.0,1252.0,444.0,-221.0,,497.0
486.0,222.0,,-304.0,210.0,897.0,423.0,-345.0,,478.0
338.0,351.0,,-332.0,108.0,523.0,385.0,-236.0,,426.0
390.0,399.0,,-394.0,32.0,413.0,328.0,-363.0,,371.0
328.0,413.0,,-409.0,-30.0,436.0,260.0,-521.0,,350.0
273.0,431.0,,-364.0,-74.0,453.0,182.0,-582.0,,362.0
-9.0,418.0,,-349.0,-20.0,421.0,141.0,-848.0,,404.0
-123.0,362.0,,-339.0,32.0,377.0,138.0,-722.0,,468.0
-37.0,273.0,,-251.0,19.0,511.0,131.0,-748.0,,535.0
-169.0,225.0,,-117.0,7.0,813.0,155.0,-580.0,,585.0
-160.0,163.0,,68.0,-24.0,835.0,196.0,-609.0,,623.0
-344.0,27.0,,203.0,-36.0,560.0,213.0,-788.0,,645.0
-374.0,-44.0,,321.0,-10.0,638.0,218.0,-757.0,,662.0
-396.0,-1.0,,417.0,-40.0,949.0,225.0,-981.0,,656.0
-381.0,97.0,,480.0,-54.0,845.0,241.0,-829.0,,637.0
-395.0,153.0,,588.0,-16.0,359.0,250.0,-822.0,,609.0
-343.0,133.0,,649.0,-31.0,94.0,250.0,-689.0,,555.0
-119.0,111.0,,714.0,-42.0,121.0,229.0,-583.0,,483.0
-95.0,159.0,,820.0,-27.0,214.0,219.0,-811.0,,397.0
56.0,252.0,,889.0,-59.0,143.0,256.0,-846.0,,328.0
44.0,312.0,,863.0,-63.0,23.0,314.0,-1201.0,,278.0
282.0,364.0,,815.0,-50.0,-15.0,366.0,-1258.0,,247.0
548.0,425.0,,821.0,-64.0,-174.0,394.0,-1378.0,,234.0
655.0,445.0,,764.0,-36.0,-269.0,396.0,-1504.0,,242.0
796.0,375.0,,661.0,-49.0,-487.0,382.0,-1369.0,,269.0
845.0,261.0,,587.0,-131.0,-801.0,370.0,-1461.0,,308.0
1002.0,191.0,,501.0,-144.0,-858.0,369.0,-1287.0,,362.0
966.0,147.0,,426.0,-127.0,-731.0,365.0,-1400.0,,415.0
1161.0,114.0,,340.0,-130.0,-696.0,379.0,-1430.0,,450.0
1099.0,64.0,,239.0,-91.0,-936.0,421.0,-1406.0,,447.0
1088.0,66.0,,98.0,-89.0,-1110.0,442.0,-1454.0,,432.0
1131.0,176.0,,-39.0,-120.0,-1010.0,455.0,-1276.0,,392.0
953.0,291.0,,-76.0,-123.0,-1037.0,462.0,-1428.0,,318.0
991.0,391.0,,-128.0,-169.0,-1404.0,441.0,-1311.0,,240.0
555.0,469.0,,-204.0,-199.0,-1832.0,434.0,-1354.0,,160.0
600.0,489.0,,-231.0,-188.0,-2172.0,433.0,-1433.0,,81.0
436.0,470.0,,-251.0,-216.0,-2413.0,409.0,-1437.0,,20.0
320.0,438.0,,-268.0,-204.0,-2643.0,391.0,-1677.0,,-11.0
251.0,374.0,,-256.0,-169.0,-2718.0,377.0,-1531.0,,-22.0
-177.0,313.0,,-249.0,-209.0,-2433.0,410.0,-1609.0,,-28.0
-63.0,280.0,,-283.0,-232.0,-2004.0,450.0,-1513.0,,-35.0
-420.0,186.0,,-324.0,-223.0,-1675.0,419.0,-1437.0,,-65.0
-340.0,109.0,,-347.0,-195.0,-1490.0,380.0,-1476.0,,-134.0
-591.0,88.0,,-340.0,-62.0,-1405.0,317.0,-1284.0,,-217.0
-525.0,19.0,,-311.0,57.0,-1525.0,263.0,-1356.0,,-313.0
-547.0,-124.0,,-299.0,103.0,-1681.0,237.0,-1060.0,,-403.0
-851.0,-333.0,,-239.0,163.0,-1906.0,210.0,-975.0,,-479.0
-717.0,-450.0,,-147.0,150.0,-2336.0,217.0,-875.0,,-548.0
-1076.0,-464.0,,-81.0,105.0,-2802.0,180.0,-744.0,,-602.0
-557.0,-490.0,,24.0,132.0,-3047.0,134.0,-916.0,,-630.0
-724.0,-499.0,,123.0,114.0,-3144.0,84.0,-785.0,,-640.0
-553.0,-458.0,,248.0,86.0,-3433.0,41.0,-981.0,,-676.0
-652.0,-427.0,,372.0,86.0,-3662.0,38.0,-936.0,,-708.0
-556.0,-417.0,,487.0,41.0,-3777.0,8.0,-885.0,,-750.0
-211.0,-361.0,,578.0,29.0,-3576.0,-3.0,-881.0,,-801.0
-494.0,-326.0,,583.0,12.0,-3355.0,-18.0,-770.0,,-832.0
-107.0,-308.0,,644.0,-46.0,-3485.0,-13.0,-1043.0,,-868.0
-318.0,-332.0,,693.0,-15.0,-3521.0,37.0,-1040.0,,-888.0
142.0,-393.0,,732.0,11.0,-3429.0,97.0,-1295.0,,-880.0
-65.0,-460.0,,762.0,-20.0,-3159.0,170.0,-1319.0,,-853.0
118.0,-553.0,,724.0,-13.0,-3078.0,185.0,-1175.0,,-824.0
66.0,-623.0,,694.0,-36.0,-3188.0,163.0,-1169.0,,-787.0
132.0,-670.0,,647.0,-82.0,-3370.0,123.0,-824.0,,-751.0
390.0,-674.0,,608.0,-128.0,-3454.0,91.0,-811.0,,-708.0
-1.0,-655.0,,525.0,-236.0,-3104.0,89.0,-635.0,,-634.0
390.0,-612.0,,436.0,-313.0,-2969.0,95.0,-624.0,,-528.0
30.0,-604.0,,343.0,-339.0,-3019.0,141.0,-587.0,,-388.0
376.0,-564.0,,198.0,-372.0,-2881.0,193.0,-354.0,,-230.0
3.0,-493.0,,87.0,-357.0,-2647.0,236.0,-443.0,,-52.0
64.0,-447.0,,-77.0,-377.0,-2714.0,261.0,-308.0,,124.0
93.0,-371.0,,-221.0,-472.0,-3221.0,255.0,-467.0,,308.0
82.0,-372.0,,-324.0,-506.0,-3651.0,247.0,-467.0,,486.0
221.0,-363.0,,-456.0,-510.0,-3716.0,224.0,-441.0,,642.0
-189.0,-277.0,,-523.0,-479.0,-3565.0,208.0,-524.0,,810.0
174.0,-105.0,,-588.0,-372.0,-3772.0,207.0,-371.0,,960.0
-128.0,99.0,,-643.0,-327.0,-4085.0,170.0,-572.0,,1080.0
288.0,215.0,,-688.0,-279.0,-3954.0,116.0,-460.0,,1177.0
13.0,284.0,,-754.0,-176.0,-3697.0,93.0,-454.0,,1254.0
69.0,340.0,,-777.0,-128.0,-3543.0,90.0,-395.0,,1322.0
114.0,399.0,,-728.0,-34.0,-3428.0,93.0,-218.0,,1361.0
59.0,414.0,,-653.0,80.0,-3311.0,73.0,-343.0,,1377.0
149.0,410.0,,-588.0,121.0,-3253.0,32.0,-192.0,,1361.0
-263.0,378.0,,-505.0,183.0,-3171.0,-2.0,-321.0,,1309.0
108.0,269.0,,-479.0,211.0,-3030.0,-25.0,-175.0,,1223.0
-98.0,128.0,,-472.0,202.0,-3023.0,-26.0,-38.0,,1087.0
211.0,28.0,,-453.0,225.0,-3098.0,-15.0,-44.0,,913.0
-65.0,-61.0,,-428.0,194.0,-3078.0,-34.0,160.0,,716.0
-55.0,-193.0,,-359.0,185.0,-2998.0,-84.0,11.0,,512.0
-11.0,-293.0,,-331.0,223.0,-3082.0,-130.0,151.0,,305.0
-75.0,-342.0,,-321.0,170.0,-3366.0,-169.0,73.0,,123.0
303.0,-323.0,,-241.0,120.0,-3526.0,-196.0,160.0,,-24.0
-64.0,-284.0,,-155.0,99.0,-3656.0,-229.0,471.0,,-154.0
260.0,-237.0,,-124.0,7.0,-3968.0,-250.0,504.0,,-267.0
164.0,-134.0,,-62.0,-55.0,-4388.0,-243.0,729.0,,-368.0
241.0,25.0,,38.0,-115.0,-4764.0,-218.0,583.0,,-446.0
74.0,225.0,,116.0,-189.0,-4661.0,-187.0,685.0,,-518.0
90.0,363.0,,200.0,-154.0,-4367.0,-170.0,787.0,,-576.0
415.0,430.0,,285.0,-128.0,-4279.0,-163.0,851.0,,-625.0
297.0,482.0,,343.0,-104.0,-3986.0,-162.0,1003.0,,-669.0
391.0,536.0,,383.0,-1.0,-3225.0,-154.0,861.0,,-685.0
-5.0,506.0,,420.0,59.0,-2621.0,-154.0,1169.0,,-666.0
272.0,388.0,,435.0,145.0,-2512.0,-163.0,1271.0,,-613.0
183.0,293.0,,453.0,230.0,-2330.0,-160.0,1437.0,,-543.0
185.0,228.0,,447.0,219.0,-2205.0,-150.0,1581.0,,-454.0
159.0,173.0,,416.0,253.0,-2290.0,-105.0,1528.0,,-342.0
14.0,67.0,,421.0,275.0,-2412.0,-47.0,1707.0,,-212.0
164.0,-9.0,,407.0,227.0,-2633.0,1.0,1516.0,,-74.0
-141.0,-40.0,,343.0,247.0,-2821.0,39.0,1513.0,,65.0
16.0,-120.0,,273.0,262.0,-2750.0,47.0,1313.0,,182.0
-286.0,-189.0,,197.0,253.0,-2560.0,60.0,1117.0,,278.0
-93.0,-214.0,,128.0,295.0,-2567.0,58.0,1097.0,,363.0
-153.0,-164.0,,51.0,277.0,-2418.0,26.0,885.0,,405.0
-192.0,-60.0,,-64.0,268.0,-2034.0,-8.0,1027.0,,419.0
-273.0,94.0,,-191.0,287.0,-1726.0,-41.0,955.0,,420.0
-538.0,262.0,,-314.0,205.0,-1431.0,-70.0,1079.0,,416.0
-243.0,387.0,,-406.0,174.0,-1281.0,-90.0,1188.0,,426.0
-553.0,438.0,,-474.0,200.0,-1375.0,-69.0,1197.0,,457.0
-369.0,406.0,,-512.0,169.0,-1360.0,-51.0,1413.0,,498.0
-704.0,373.0,,-501.0,181.0,-1245.0,-84.0,1258.0,,548.0
-501.0,255.0,,-514.0,162.0,-1397.0,-163.0,1350.0,,610.0
-430.0,104.0,,-512.0,90.0,-1558.0,-254.0,1225.0,,669.0
-684.0,10.0,,-440.0,83.0,-1435.0,-332.0,1112.0,,719.0
-576.0,-57.0,,-397.0,20.0,-1246.0,-408.0,1108.0,,733.0
-829.0,-105.0,,-370.0,-41.0,-1239.0,-472.0,870.0,,732.0
-393.0,-108.0,,-287.0,7.0,-1279.0,-532.0,994.0,,707.0
-550.0,-43.0,,-162.0,11.0,-1148.0,-562.0,892.0,,643.0
-415.0,-28.0,,-72.0,3.0,-859.0,-609.0,971.0,,554.0
-426.0,-75.0,,-21.0,-14.0,-572.0,-684.0,970.0,,407.0
-490.0,-190.0,,65.0,-109.0,-502.0,-770.0,918.0,,218.0
-364.0,-327.0,,148.0,-114.0,-574.0,-848.0,1143.0,,8.0
-444.0,-409.0,,238.0,-70.0,-521.0,-905.0,1079.0,,-223.0
-125.0,-472.0,,294.0,-83.0,-354.0,-981.0,1310.0,,-477.0
-214.0,-469.0,,328.0,-51.0,-398.0,-1023.0,1315.0,,-719.0
-73.0,-376.0,,391.0,-36.0,-491.0,-1048.0,1446.0,,-931.0
-115.0,-277.0,,415.0,-32.0,-417.0,-1054.0,1637.0,,-1151.0
-201.0,-286.0,,458.0,28.0,-383.0,-1020.0,1570.0,,-1361.0
-116.0,-287.0,,522.0,32.0,-379.0,-973.0,1723.0,,-1567.0
36.0,-196.0,,607.0,30.0,-363.0,-943.0,1489.0,,-1781.0
264.0,-133.0,,712.0,59.0,-345.0,-972.0,1409.0,,-1977.0
147.0,-171.0,,756.0,18.0,-276.0,-1036.0,1186.0,,-2127.0
126.0,-222.0,,788.0,-2.0,-102.0,-1097.0,995.0,,-2230.0
158.0,-173.0,,786.0,-14.0,-20.0,-1112.0,995.0,,-2300.0
375.0,-81.0,,735.0,-67.0,-38.0,-1068.0,809.0,,-2335.0
518.0,17.0,,715.0,-61.0,-109.0,-997.0,968.0,,-2333.0
476.0,61.0,,643.0,-67.0,-250.0,-967.0,809.0,,-2297.0
557.0,64.0,,564.0,-90.0,-207.0,-964.0,807.0,,-2224.0
615.0,78.0,,505.0,-41.0,-102.0,-972.0,774.0,,-2116.0
729.0,46.0,,401.0,-31.0,-100.0,-981.0,558.0,,-1985.0
689.0,28.0,,262.0,-23.0,-75.0,-961.0,628.0,,-1833.0
662.0,90.0,,103.0,25.0,143.0,-954.0,478.0,,-1655.0
756.0,260.0,,-76.0,-10.0,485.0,-958.0,628.0,,-1452.0
699.0,387.0,,-235.0,-18.0,598.0,-986.0,558.0,,-1256.0
923.0,429.0,,-334.0,39.0,613.0,-1013.0,484.0,,-1070.0
939.0,487.0,,-469.0,42.0,872.0,-1036.0,506.0,,-870.0
710.0,562.0,,-559.0,57.0,987.0,-1081.0,275.0,,-677.0
644.0,585.0,,-618.0,65.0,834.0,-1067.0,315.0,,-488.0
632.0,504.0,,-682.0,39.0,698.0,-1082.0,118.0,,-323.0
737.0,461.0,,-681.0,41.0,680.0,-1140.0,175.0,,-219.0
564.0,442.0,,-650.0,-6.0,898.0,-1134.0,195.0,,-153.0
573.0,356.0,,-566.0,-40.0,1209.0,-1124.0,112.0,,-103.0
513.0,206.0,,-418.0,2.0,1477.0,-1092.0,164.0,,-67.0
365.0,92.0,,-289.0,-21.0,1650.0,-1068.0,-120.0,,-42.0
315.0,29.0,,-199.0,-63.0,1853.0,-1080.0,-133.0,,-35.0
121.0,-85.0,,-28.0,-67.0,2037.0,-1082.0,-367.0,,-16.0
303.0,-165.0,,160.0,-80.0,2094.0,-1106.0,-376.0,,31.0
211.0,-251.0,,255.0,-34.0,2094.0,-1129.0,-238.0,,94.0
82.0,-344.0,,361.0,-16.0,2082.0,-1125.0,-273.0,,158.0
-98.0,-366.0,,435.0,-81.0,2319.0,-1089.0,-3.0,,224.0
-143.0,-293.0,,442.0,-94.0,2576.0,-1092.0,-168.0,,298.0
8.0,-223.0,,469.0,-102.0,2632.0,-1127.0,-166.0,,362.0
-217.0,-203.0,,505.0,-126.0,2735.0,-1132.0,-219.0,,419.0
-200.0,-47.0,,584.0,-102.0,2954.0,-1129.0,-212.0,,432.0
-314.0,91.0,,626.0,-127.0,3114.0,-1102.0,16.0,,403.0
-232.0,53.0,,615.0,-140.0,2994.0,-1068.0,-60.0,,358.0
-252.0,-12.0,,642.0,-113.0,2895.0,-1026.0,166.0,,289.0
-295.0,35.0,,634.0,-156.0,2936.0,-989.0,42.0,,205.0
-392.0,125.0,,599.0,-169.0,2975.0,-947.0,38.0,,103.0
-518.0,116.0,,640.0,-166.0,3220.0,-934.0,36.0,,-7.0
-378.0,96.0,,681.0,-189.0,3361.0,-952.0,-88.0,,-122.0
-323.0,194.0,,625.0,-134.0,3380.0,-942.0,227.0,,-219.0
-231.0,344.0,,543.0,-98.0,3562.0,-914.0,306.0,,-317.0
-501.0,401.0,,517.0,-85.0,3783.0,-836.0,624.0,,-408.0
-360.0,420.0,,522.0,1.0,3903.0,-788.0,668.0,,-469.0
-411.0,496.0,,460.0,31.0,3811.0,-745.0,606.0,,-512.0
-275.0,601.0,,418.0,7.0,3830.0,-679.0,598.0,,-525.0
-284.0,651.0,,351.0,-1.0,4029.0,-679.0,480.0,,-531.0
-253.0,621.0,,255.0,-43.0,4110.0,-709.0,846.0,,-534.0
-130.0,606.0,,224.0,-15.0,3944.0,-752.0,957.0,,-525.0
-406.0,683.0,,207.0,86.0,3731.0,-735.0,1278.0,,-505.0
-244.0,731.0,,167.0,153.0,3860.0,-663.0,1369.0,,-470.0
-436.0,663.0,,71.0,253.0,4058.0,-607.0,1176.0,,-437.0
-106.0,581.0,,-17.0,341.0,3906.0,-590.0,1188.0,,-413.0
-380.0,537.0,,-85.0,370.0,3758.0,-606.0,833.0,,-386.0
-362.0,392.0,,-117.0,436.0,3888.0,-604.0,818.0,,-342.0
-524.0,130.0,,-165.0,427.0,3870.0,-609.0,674.0,,-302.0
-595.0,31.0,,-229.0,328.0,3661.0,-595.0,593.0,,-269.0
-294.0,82.0,,-300.0,280.0,3417.0,-561.0,606.0,,-229.0
-729.0,30.0,,-327.0,202.0,3114.0,-539.0,423.0,,-199.0
-531.0,-147.0,,-330.0,139.0,3000.0,-527.0,528.0,,-196.0
-926.0,-275.0,,-380.0,131.0,2988.0,-550.0,393.0,,-202.0
-427.0,-235.0,,-387.0,56.0,2872.0,-577.0,513.0,,-229.0
-643.0,-164.0,,-362.0,-3.0,2633.0,-601.0,434.0,,-283.0
-762.0,-197.0,,-307.0,-38.0,2389.0,-615.0,315.0,,-343.0
-678.0,-276.0,,-255.0,-108.0,2322.0,-633.0,421.0,,-434.0
-801.0,-353.0,,-126.0,-96.0,2300.0,-671.0,227.0,,-559.0
-391.0,-439.0,,-9.0,-45.0,2163.0,-685.0,352.0,,-713.0
-770.0,-521.0,,86.0,-37.0,1917.0,-649.0,157.0,,-891.0
-318.0,-567.0,,217.0,1.0,1861.0,-575.0,97.0,,-1064.0
-678.0,-542.0,,291.0,-5.0,2108.0,-499.0,175.0,,-1216.0
-338.0,-525.0,,405.0,-33.0,2200.0,-456.0,181.0,,-1342.0
-459.0,-614.0,,517.0,11.0,1962.0,-445.0,508.0,,-1431.0
-508.0,-702.0,,592.0,1.0,1872.0,-438.0,491.0,,-1473.0
-61.0,-634.0,,580.0,-56.0,2004.0,-440.0,679.0,,-1486.0
-395.0,-492.0,,574.0,-73.0,1798.0,-444.0,642.0,,-1460.0
-41.0,-377.0,,602.0,-114.0,1441.0,-449.0,546.0,,-1403.0
-523.0,-251.0,,530.0,-142.0,1261.0,-442.0,620.0,,-1323.0
-86.0,-55.0,,512.0,-138.0,1118.0,-397.0,532.0,,-1216.0
-238.0,192.0,,519.0,-170.0,932.0,-354.0,814.0,,-1112.0
-248.0,320.0,,489.0,-148.0,640.0,-313.0,833.0,,-999.0
-87.0,372.0,,453.0,-103.0,388.0,-291.0,1029.0,,-884.0
-363.0,437.0,,386.0,-122.0,110.0,-286.0,1104.0,,-774.0
107.0,457.0,,316.0,-115.0,73.0,-278.0,920.0,,-692.0
-339.0,418.0,,269.0,-115.0,477.0,-280.0,909.0,,-642.0
-137.0,358.0,,248.0,-141.0,736.0,-271.0,583.0,,-610.0
-191.0,352.0,,217.0,-132.0,941.0,-251.0,576.0,,-613.0
-82.0,353.0,,211.0,-143.0,1381.0,-215.0,417.0,,-641.0
55.0,333.0,,153.0,-128.0,1760.0,-160.0,382.0,,-697.0
-109.0,294.0,,76.0,-36.0,1796.0,-106.0,487.0,,-751.0
83.0,195.0,,50.0,23.0,1528.0,-49.0,382.0,,-792.0
-163.0,51.0,,-44.0,72.0,1365.0,-1.0,561.0,,-822.0
65.0,-39.0,,-121.0,126.0,1415.0,28.0,356.0,,-826.0
-53.0,-26.0,,-124.0,109.0,1349.0,20.0,339.0,,-835.0
104.0,9.0,,-148.0,94.0,1014.0,-9.0,297.0,,-840.0
37.0,25.0,,-258.0,100.0,644.0,-31.0,245.0,,-840.0
73.0,72.0,,-329.0,83.0,525.0,-38.0,338.0,,-875.0
287.0,156.0,,-343.0,117.0,666.0,0.0,103.0,,-930.0
-51.0,123.0,,-356.0,161.0,774.0,91.0,227.0,,-1002.0
292.0,-7.0,,-371.0,205.0,579.0,241.0,131.0,,-1081.0
68.0,-85.0,,-378.0,306.0,348.0,345.0,131.0,,-1127.0
235.0,-93.0,,-345.0,355.0,479.0,372.0,86.0,,-1147.0
140.0,-119.0,,-293.0,348.0,911.0,390.0,-186.0,,-1154.0
48.0,-194.0,,-244.0,357.0,1034.0,384.0,-169.0,,-1152.0
259.0,-198.0,,-238.0,327.0,782.0,408.0,-393.0,,-1128.0
83.0,-130.0,,-166.0,261.0,834.0,428.0,-327.0,,-1093.0
344.0,-109.0,,-117.0,200.0,1168.0,426.0,-388.0,,-1056.0
-37.0,-162.0,,-83.0,125.0,1319.0,441.0,-408.0,,-999.0
199.0,-147.0,,-31.0,83.0,1064.0,459.0,-339.0,,-952.0
167.0,7.0,,-28.0,71.0,666.0,484.0,-511.0,,-899.0
158.0,162.0,,13.0,17.0,524.0,515.0,-397.0,,-826.0
101.0,228.0,,11.0,10.0,453.0,547.0,-628.0,,-753.0
-265.0,267.0,,-37.0,38.0,246.0,556.0,-655.0,,-664.0
63.0,344.0,,-76.0,33.0,98.0,570.0,-672.0,,-570.0
-96.0,352.0,,-86.0,61.0,147.0,598.0,-755.0,,-460.0
31.0,198.0,,-124.0,74.0,380.0,639.0,-633.0,,-346.0
-192.0,108.0,,-130.0,60.0,619.0,665.0,-897.0,,-235.0
-198.0,191.0,,-115.0,79.0,669.0,672.0,-979.0,,-97.0
-105.0,212.0,,-151.0,51.0,527.0,671.0,-1261.0,,46.0
-174.0,88.0,,-224.0,-11.0,185.0,674.0,-1352.0,,188.0
-121.0,33.0,,-294.0,-24.0,-152.0,698.0,-1226.0,,339.0
-199.0,197.0,,-327.0,-56.0,-296.0,682.0,-1189.0,,493.0
54.0,328.0,,-417.0,-95.0,-497.0,666.0,-862.0,,625.0
-54.0,230.0,,-479.0,-71.0,-663.0,658.0,-837.0,,731.0
97.0,55.0,,-542.0,-23.0,-274.0,630.0,-628.0,,805.0
90.0,37.0,,-612.0,67.0,339.0,640.0,-668.0,,830.0
213.0,93.0,,-645.0,149.0,605.0,670.0,-825.0,,810.0
247.0,12.0,,-705.0,130.0,570.0,698.0,-746.0,,740.0
223.0,-65.0,,-715.0,110.0,588.0,716.0,-901.0,,613.0
531.0,-59.0,,-682.0,83.0,749.0,674.0,-755.0,,452.0
470.0,-77.0,,-637.0,-2.0,656.0,619.0,-914.0,,291.0
632.0,-238.0,,-542.0,-65.0,479.0,595.0,-995.0,,124.0
363.0,-406.0,,-455.0,-106.0,473.0,557.0,-995.0,,-36.0
416.0,-415.0,,-379.0,-124.0,350.0,506.0,-1162.0,,-189.0
508.0,-382.0,,-295.0,-78.0,128.0,430.0,-1034.0,,-325.0
477.0,-441.0,,-182.0,-66.0,47.0,363.0,-1056.0,,-426.0
533.0,-603.0,,-48.0,-120.0,-40.0,338.0,-753.0,,-524.0
230.0,-670.0,,20.0,-134.0,-164.0,328.0,-703.0,,-580.0
159.0,-633.0,,7.0,-120.0,-152.0,322.0,-811.0,,-595.0
-109.0,-598.0,,0.0,-69.0,-2.0,308.0,-857.0,,-576.0
86.0,-552.0,,5.0,38.0,92.0,278.0,-1186.0,,-518.0
-83.0,-444.0,,-26.0,68.0,-222.0,210.0,-1156.0,,-455.0
-236.0,-262.0,,-62.0,28.0,-501.0,141.0,-1321.0,,-395.0
-356.0,-94.0,,-80.0,-7.0,-279.0,108.0,-1310.0,,-347.0
-519.0,69.0,,-51.0,-61.0,-62.0,102.0,-1354.0,,-305.0
-355.0,247.0,,-34.0,-76.0,-126.0,101.0,-1518.0,,-276.0
-664.0,387.0,,-52.0,-56.0,-165.0,68.0,-1454.0,,-248.0
-496.0,446.0,,-77.0,-47.0,-70.0,25.0,-1710.0,,-212.0
-703.0,481.0,,-89.0,10.0,46.0,-12.0,-1635.0,,-179.0
-507.0,548.0,,-83.0,81.0,33.0,-52.0,-1751.0,,-148.0
-593.0,584.0,,-54.0,98.0,-4.0,-144.0,-1803.0,,-104.0
-647.0,563.0,,-113.0,102.0,184.0,-278.0,-1701.0,,-63.0
-444.0,477.0,,-221.0,78.0,340.0,-384.0,-1832.0,,-42.0
-584.0,321.0,,-273.0,24.0,342.0,-431.0,-1668.0,,-16.0
-254.0,171.0,,-328.0,4.0,300.0,-440.0,-1779.0,,-4.0
-513.0,74.0,,-369.0,-9.0,406.0,-465.0,-1646.0,,1.0
-75.0,-11.0,,-445.0,-36.0,634.0,-511.0,-1539.0,,14.0
-135.0,-85.0,,-489.0,-32.0,736.0,-560.0,-1470.0,,30.0
-49.0,-102.0,,-505.0,-37.0,673.0,-604.0,-1221.0,,41.0
-21.0,-62.0,,-567.0,-47.0,464.0,-648.0,-1346.0,,51.0
-99.0,18.0,,-626.0,0.0,341.0,-665.0,-1193.0,,67.0
278.0,109.0,,-625.0,57.0,249.0,-660.0,-1297.0,,68.0
80.0,146.0,,-606.0,123.0,121.0,-668.0,-1337.0,,71.0
399.0,103.0,,-580.0,208.0,-267.0,-723.0,-1271.0,,56.0
59.0,54.0,,-505.0,264.0,-766.0,-830.0,-1287.0,,42.0
257.0,26.0,,-450.0,305.0,-813.0,-928.0,-872.0,,27.0
61.0,-15.0,,-391.0,310.0,-627.0,-963.0,-735.0,,19.0
50.0,8.0,,-325.0,275.0,-473.0,-927.0,-421.0,,43.0
217.0,145.0,,-256.0,265.0,-348.0,-916.0,-304.0,,59.0
51.0,249.0,,-230.0,270.0,19.0,-929.0,-389.0,,108.0
213.0,237.0,,-162.0,249.0,350.0,-922.0,-423.0,,178.0
-405.0,233.0,,-78.0,235.0,288.0,-944.0,-763.0,,252.0
-14.0,279.0,,-65.0,192.0,179.0,-927.0,-667.0,,340.0
-229.0,265.0,,-43.0,96.0,294.0,-887.0,-665.0,,426.0
-256.0,109.0,,-89.0,18.0,408.0,-892.0,-493.0,,514.0
-356.0,-89.0,,-114.0,-56.0,112.0,-903.0,-328.0,,601.0
-482.0,-199.0,,-105.0,-118.0,-459.0,-916.0,-419.0,,692.0
-280.0,-334.0,,-112.0,-140.0,-811.0,-908.0,-330.0,,759.0
-774.0,-529.0,,-159.0,-179.0,-684.0,-889.0,-593.0,,792.0
-519.0,-627.0,,-235.0,-201.0,-645.0,-859.0,-552.0,,804.0
-819.0,-515.0,,-279.0,-175.0,-729.0,-805.0,-617.0,,800.0
-667.0,-296.0,,-328.0,-177.0,-492.0,-756.0,-646.0,,788.0
-778.0,-183.0,,-301.0,-168.0,-218.0,-724.0,-515.0,,759.0
-767.0,-59.0,,-316.0,-124.0,-267.0,-730.0,-674.0,,718.0
-673.0,212.0,,-329.0,-133.0,-461.0,-732.0,-522.0,,682.0
-1019.0,438.0,,-290.0,-145.0,-400.0,-730.0,-624.0,,655.0
-775.0,445.0,,-266.0,-148.0,-365.0,-747.0,-533.0,,641.0
-938.0,343.0,,-186.0,-180.0,-463.0,-733.0,-450.0,,614.0
-578.0,313.0,,-132.0,-201.0,-718.0,-716.0,-528.0,,562.0
-692.0,292.0,,-59.0,-245.0,-1066.0,-684.0,-441.0,,523.0
-589.0,146.0,,10.0,-301.0,-1302.0,-623.0,-611.0,,491.0
-527.0,-15.0,,42.0,-273.0,-1606.0,-575.0,-570.0,,432.0
-620.0,-2.0,,112.0,-221.0,-1707.0,-556.0,-744.0,,340.0
-343.0,74.0,,134.0,-189.0,-1445.0,-600.0,-727.0,,240.0
-480.0,32.0,,145.0,-124.0,-1152.0,-645.0,-668.0,,134.0
-154.0,-64.0,,191.0,-96.0,-975.0,-663.0,-824.0,,15.0
-217.0,-64.0,,183.0,-88.0,-668.0,-662.0,-657.0,,-104.0
-46.0,-28.0,,176.0,-42.0,-366.0,-615.0,-783.0,,-231.0
-20.0,-163.0,,111.0,-37.0,-222.0,-571.0,-674.0,,-343.0
-18.0,-400.0,,40.0,-13.0,-40.0,-511.0,-639.0,,-423.0
39.0,-524.0,,31.0,62.0,114.0,-478.0,-685.0,,-480.0
-15.0,-526.0,,6.0,96.0,251.0,-503.0,-593.0,,-532.0
219.0,-530.0,,-10.0,150.0,41.0,-526.0,-746.0,,-563.0
43.0,-537.0,,-55.0,220.0,-322.0,-531.0,-585.0,,-572.0
155.0,-427.0,,-96.0,246.0,-478.0,-485.0,-670.0,,-574.0
11.0,-220.0,,-141.0,314.0,-626.0,-448.0,-705.0,,-546.0
71.0,-75.0,,-156.0,381.0,-548.0,-436.0,-713.0,,-509.0
-7.0,-11.0,,-173.0,396.0,-538.0,-395.0,-790.0,,-469.0
-145.0,84.0,,-190.0,423.0,-538.0,-339.0,-611.0,,-407.0
-44.0,181.0,,-145.0,378.0,-358.0,-268.0,-748.0,,-332.0
-233.0,175.0,,-176.0,292.0,-153.0,-176.0,-539.0,,-222.0
-235.0,108.0,,-215.0,275.0,212.0,-92.0,-391.0,,-108.0
-456.0,98.0,,-216.0,229.0,353.0,-64.0,-236.0,,23.0
-430.0,165.0,,-234.0,161.0,316.0,-52.0,36.0,,169.0
-579.0,195.0,,-233.0,125.0,154.0,-5.0,75.0,,276.0
-611.0,179.0,,-226.0,55.0,7.0,82.0,419.0,,396.0
-579.0,141.0,,-236.0,34.0,-54.0,182.0,436.0,,510.0
-711.0,70.0,,-252.0,64.0,-311.0,244.0,642.0,,598.0
-725.0,27.0,,-257.0,55.0,-412.0,258.0,840.0,,673.0
-876.0,0.0,,-248.0,102.0,-476.0,235.0,840.0,,708.0
-796.0,-35.0,,-218.0,189.0,-598.0,222.0,1006.0,,708.0
-814.0,-111.0,,-156.0,208.0,-685.0,277.0,873.0,,669.0
-658.0,-166.0,,-101.0,204.0,-684.0,382.0,1058.0,,614.0
-562.0,-199.0,,-75.0,160.0,-449.0,480.0,997.0,,539.0
-555.0,-252.0,,-44.0,78.0,-290.0,499.0,859.0,,450.0
-494.0,-260.0,,-50.0,40.0,-317.0,449.0,659.0,,363.0
-468.0,-198.0,,-59.0,-36.0,-461.0,403.0,238.0,,277.0
-219.0,-105.0,,-55.0,-138.0,-706.0,423.0,295.0,,199.0
-72.0,-85.0,,-62.0,-184.0,-896.0,503.0,140.0,,127.0
87.0,-78.0,,-31.0,-265.0,-991.0,560.0,221.0,,81.0
190.0,-28.0,,-3.0,-341.0,-1239.0,553.0,275.0,,50.0
231.0,62.0,,-3.0,-357.0,-1669.0,475.0,267.0,,21.0
425.0,125.0,,-3.0,-391.0,-1944.0,416.0,439.0,,14.0
549.0,81.0,,3.0,-407.0,-1881.0,412.0,223.0,,7.0
618.0,18.0,,6.0,-395.0,-1796.0,440.0,227.0,,-3.0
673.0,19.0,,-19.0,-395.0,-1807.0,496.0,1.0,,7.0
832.0,59.0,,-21.0,-354.0,-1687.0,525.0,-96.0,,20.0
873.0,9.0,,23.0,-344.0,-1345.0,522.0,-123.0,,11.0
823.0,-19.0,,17.0,-421.0,-820.0,484.0,-308.0,,-14.0
864.0,57.0,,28.0,-437.0,-610.0,433.0,-149.0,,-63.0
892.0,111.0,,70.0,-434.0,-663.0,400.0,-254.0,,-127.0
935.0,58.0,,58.0,-441.0,-659.0,391.0,-116.0,,-195.0
843.0,-34.0,,53.0,-369.0,-560.0,391.0,-147.0,,-276.0
916.0,-23.0,,39.0,-290.0,-409.0,386.0,-256.0,,-342.0
844.0,-7.0,,31.0,-182.0,-696.0,398.0,-109.0,,-382.0
868.0,-76.0,,50.0,-59.0,-1087.0,439.0,-133.0,,-390.0
777.0,-139.0,,93.0,-25.0,-1206.0,489.0,234.0,,-345.0
575.0,-93.0,,172.0,29.0,-1556.0,543.0,358.0,,-271.0
590.0,-29.0,,229.0,102.0,-2030.0,642.0,495.0,,-168.0
512.0,-38.0,,245.0,103.0,-2308.0,716.0,580.0,,-25.0
509.0,-3.0,,212.0,127.0,-2253.0,701.0,454.0,,150.0
229.0,155.0,,242.0,157.0,-1955.0,622.0,591.0,,318.0
317.0,359.0,,295.0,164.0,-1811.0,550.0,508.0,,462.0
233.0,444.0,,252.0,201.0,-1606.0,522.0,790.0,,591.0
110.0,436.0,,239.0,181.0,-1369.0,536.0,912.0,,682.0
34.0,437.0,,269.0,149.0,-1260.0,585.0,936.0,,741.0
-15.0,478.0,,345.0,167.0,-1176.0,627.0,1042.0,,755.0
106.0,498.0,,401.0,111.0,-1287.0,652.0,705.0,,741.0
-51.0,462.0,,398.0,43.0,-1351.0,663.0,580.0,,729.0
16.0,429.0,,382.0,21.0,-1283.0,688.0,236.0,,721.0
-173.0,373.0,,373.0,-27.0,-1170.0,728.0,199.0,,710.0
-127.0,248.0,,393.0,-28.0,-978.0,774.0,332.0,,701.0
-122.0,47.0,,367.0,-13.0,-902.0,810.0,332.0,,727.0
8.0,-50.0,,369.0,-47.0,-740.0,838.0,487.0,,796.0
96.0,-28.0,,313.0,-27.0,-333.0,877.0,291.0,,913.0
66.0,-34.0,,282.0,-26.0,-64.0,896.0,328.0,,1054.0
156.0,-39.0,,325.0,-56.0,-191.0,903.0,112.0,,1198.0
66.0,24.0,,289.0,-12.0,-711.0,905.0,-29.0,,1350.0
223.0,149.0,,228.0,-8.0,-1082.0,919.0,3.0,,1500.0
267.0,259.0,,152.0,-24.0,-926.0,950.0,-107.0,,1649.0
411.0,367.0,,141.0,47.0,-849.0,1003.0,136.0,,1755.0
272.0,483.0,,120.0,125.0,-944.0,1061.0,-9.0,,1805.0
304.0,605.0,,65.0,235.0,-794.0,1070.0,1.0,,1830.0
250.0,680.0,,36.0,359.0,-488.0,1073.0,-59.0,,1819.0
264.0,685.0,,30.0,391.0,-377.0,1101.0,-229.0,,1750.0
308.0,701.0,,67.0,418.0,-470.0,1154.0,-201.0,,1632.0
194.0,711.0,,83.0,418.0,-444.0,1249.0,-380.0,,1486.0
246.0,674.0,,141.0,371.0,-340.0,1296.0,-218.0,,1335.0
49.0,561.0,,225.0,380.0,-235.0,1256.0,-284.0,,1205.0
158.0,462.0,,276.0,336.0,-185.0,1188.0,-197.0,,1070.0
18.0,433.0,,278.0,229.0,-111.0,1134.0,-134.0,,932.0
32.0,409.0,,272.0,158.0,107.0,1185.0,-277.0,,829.0
-133.0,340.0,,315.0,40.0,328.0,1296.0,-90.0,,763.0
-163.0,249.0,,357.0,-57.0,492.0,1377.0,-153.0,,736.0
-168.0,206.0,,397.0,-76.0,548.0,1378.0,169.0,,707.0
-250.0,155.0,,413.0,-109.0,661.0,1250.0,308.0,,685.0
-223.0,91.0,,429.0,-81.0,816.0,1143.0,254.0,,697.0
-511.0,1.0,,444.0,-35.0,818.0,1126.0,264.0,,708.0
-336.0,-125.0,,484.0,-67.0,712.0,1174.0,-22.0,,710.0
-405.0,-260.0,,523.0,-71.0,520.0,1255.0,75.0,,712.0
-242.0,-436.0,,561.0,-111.0,329.0,1274.0,-24.0,,684.0
-408.0,-622.0,,678.0,-189.0,162.0,1238.0,29.0,,641.0
-374.0,-741.0,,729.0,-182.0,66.0,1182.0,55.0,,600.0
-367.0,-744.0,,740.0,-183.0,150.0,1151.0,-35.0,,534.0
-448.0,-669.0,,736.0,-186.0,219.0,1160.0,147.0,,454.0
-244.0,-553.0,,691.0,-165.0,118.0,1168.0,-11.0,,371.0
-362.0,-436.0,,657.0,-234.0,106.0,1143.0,192.0,,299.0
-77.0,-306.0,,625.0,-282.0,132.0,1078.0,410.0,,239.0
-257.0,-152.0,,546.0,-269.0,-42.0,978.0,700.0,,186.0
28.0,-44.0,,448.0,-293.0,-213.0,914.0,979.0,,149.0
41.0,0.0,,363.0,-264.0,-183.0,948.0,844.0,,118.0
164.0,-14.0,,237.0,-231.0,149.0,1026.0,896.0,,121.0
260.0,-88.0,,117.0,-244.0,699.0,1067.0,683.0,,148.0
202.0,-187.0,,3.0,-177.0,1012.0,970.0,742.0,,172.0
556.0,-243.0,,-66.0,-93.0,884.0,803.0,844.0,,217.0
541.0,-290.0,,-159.0,-14.0,715.0,684.0,892.0,,283.0
839.0,-328.0,,-235.0,104.0,792.0,645.0,1165.0,,349.0
619.0,-347.0,,-217.0,135.0,765.0,712.0,1132.0,,405.0
811.0,-327.0,,-214.0,131.0,641.0,769.0,1297.0,,450.0
744.0,-208.0,,-205.0,163.0,716.0,772.0,1134.0,,504.0
836.0,-25.0,,-249.0,133.0,922.0,755.0,979.0,,552.0
1000.0,168.0,,-273.0,124.0,1058.0,744.0,885.0,,595.0
930.0,304.0,,-241.0,139.0,863.0,809.0,582.0,,651.0
964.0,383.0,,-195.0,97.0,759.0,869.0,655.0,,697.0
534.0,430.0,,-134.0,101.0,1051.0,880.0,497.0,,735.0
706.0,435.0,,-117.0,124.0,1377.0,833.0,558.0,,768.0
547.0,342.0,,-96.0,122.0,1501.0,713.0,517.0,,785.0
689.0,168.0,,-46.0,159.0,1444.0,592.0,371.0,,780.0
465.0,-5.0,,3.0,132.0,1473.0,548.0,413.0,,780.0
193.0,-181.0,,3.0,54.0,1492.0,603.0,116.0,,787.0
148.0,-369.0,,15.0,35.0,1372.0,700.0,144.0,,769.0
-17.0,-576.0,,61.0,-11.0,1189.0,771.0,55.0,,743.0
128.0,-679.0,,8.0,-39.0,1116.0,767.0,96.0,,717.0
-174.0,-653.0,,-12.0,-36.0,1235.0,722.0,131.0,,690.0
-171.0,-561.0,,3.0,-94.0,1434.0,696.0,-22.0,,661.0
-300.0,-444.0,,27.0,-94.0,1644.0,676.0,166.0,,613.0
-297.0,-297.0,,94.0,-55.0,1741.0,644.0,94.0,,558.0
-377.0,-89.0,,131.0,-56.0,1777.0,612.0,312.0,,515.0
-454.0,107.0,,164.0,0.0,1911.0,593.0,382.0,,493.0
-374.0,282.0,,154.0,50.0,1964.0,616.0,347.0,,485.0
-447.0,438.0,,169.0,66.0,1657.0,676.0,469.0,,469.0
-352.0,537.0,,211.0,106.0,1379.0,738.0,334.0,,457.0
-414.0,515.0,,271.0,65.0,1364.0,762.0,485.0,,444.0
-249.0,408.0,,278.0,1.0,1340.0,717.0,445.0,,406.0
-180.0,303.0,,262.0,-7.0,1066.0,654.0,594.0,,332.0
-239.0,195.0,,317.0,-66.0,763.0,626.0,716.0,,203.0
-119.0,50.0,,310.0,-121.0,802.0,650.0,668.0,,42.0
7.0,-183.0,,273.0,-155.0,982.0,712.0,814.0,,-122.0
162.0,-436.0,,180.0,-200.0,1017.0,765.0,703.0,,-283.0
152.0,-643.0,,125.0,-141.0,870.0,804.0,934.0,,-452.0
174.0,-794.0,,148.0,-61.0,873.0,832.0,944.0,,-643.0
308.0,-850.0,,115.0,-37.0,945.0,829.0,921.0,,-821.0
321.0,-799.0,,69.0,12.0,893.0,830.0,931.0,,-995.0
408.0,-683.0,,28.0,10.0,754.0,852.0,617.0,,-1177.0
398.0,-571.0,,3.0,-38.0,661.0,851.0,602.0,,-1341.0
465.0,-492.0,,31.0,-56.0,755.0,834.0,338.0,,-1497.0
465.0,-446.0,,55.0,-116.0,820.0,799.0,375.0,,-1621.0
493.0,-361.0,,107.0,-138.0,861.0,776.0,465.0,,-1716.0
584.0,-262.0,,243.0,-78.0,784.0,784.0,504.0,,-1790.0
538.0,-202.0,,231.0,-46.0,822.0,820.0,703.0,,-1832.0
587.0,-128.0,,244.0,-6.0,955.0,850.0,476.0,,-1855.0
471.0,-12.0,,384.0,-10.0,751.0,843.0,436.0,,-1837.0
548.0,58.0,,306.0,-105.0,552.0,796.0,131.0,,-1790.0
503.0,-54.0,,320.0,-150.0,586.0,705.0,31.0,,-1737.0
446.0,-273.0,,389.0,-162.0,859.0,637.0,136.0,,-1672.0
335.0,-423.0,,266.0,-158.0,936.0,624.0,107.0,,-1601.0
229.0,-485.0,,261.0,-102.0,780.0,651.0,417.0,,-1525.0
320.0,-520.0,,343.0,-88.0,988.0,704.0,284.0,,-1452.0
268.0,-555.0,,234.0,-62.0,1216.0,756.0,223.0,,-1378.0
315.0,-567.0,,140.0,-1.0,1355.0,765.0,48.0,,-1320.0
168.0,-549.0,,190.0,-12.0,1581.0,760.0,-197.0,,-1262.0
108.0,-501.0,,35.0,11.0,1661.0,764.0,-262.0,,-1176.0
55.0,-385.0,,-58.0,82.0,1444.0,746.0,-467.0,,-1087.0
81.0,-212.0,,-20.0,98.0,953.0,723.0,-232.0,,-999.0
202.0,-77.0,,-98.0,130.0,869.0,671.0,-205.0,,-901.0
167.0,-8.0,,-124.0,131.0,1127.0,660.0,-77.0,,-806.0
235.0,41.0,,-167.0,78.0,1000.0,673.0,-35.0,,-723.0
253.0,146.0,,-245.0,90.0,694.0,703.0,-227.0,,-676.0
247.0,286.0,,-264.0,91.0,569.0,775.0,-133.0,,-684.0
308.0,419.0,,-226.0,71.0,667.0,788.0,-373.0,,-731.0
490.0,520.0,,-178.0,100.0,825.0,773.0,-371.0,,-810.0
515.0,507.0,,-168.0,99.0,828.0,758.0,-504.0,,-909.0
482.0,436.0,,-155.0,126.0,739.0,786.0,-648.0,,-1015.0
599.0,409.0,,-149.0,191.0,778.0,847.0,-611.0,,-1131.0
658.0,381.0,,-146.0,197.0,805.0,874.0,-848.0,,-1228.0
732.0,275.0,,-127.0,223.0,629.0,869.0,-833.0,,-1299.0
661.0,126.0,,-92.0,227.0,383.0,828.0,-1049.0,,-1355.0
781.0,-50.0,,-44.0,157.0,313.0,825.0,-1071.0,,-1371.0
860.0,-246.0,,1.0,134.0,412.0,883.0,-1101.0,,-1335.0
745.0,-388.0,,0.0,90.0,407.0,939.0,-1158.0,,-1272.0
814.0,-441.0,,-65.0,-22.0,442.0,941.0,-899.0,,-1188.0
707.0,-437.0,,-90.0,-73.0,395.0,894.0,-921.0,,-1109.0
808.0,-418.0,,-52.0,-104.0,150.0,832.0,-702.0,,-1032.0
681.0,-335.0,,0.0,-93.0,40.0,790.0,-698.0,,-946.0
627.0,-186.0,,32.0,-11.0,3.0,802.0,-628.0,,-846.0
641.0,-30.0,,13.0,12.0,-169.0,843.0,-469.0,,-741.0
496.0,67.0,,-27.0,40.0,-413.0,865.0,-509.0,,-641.0
493.0,89.0,,-24.0,90.0,-498.0,839.0,-219.0,,-503.0
208.0,88.0,,10.0,63.0,-463.0,772.0,-275.0,,-351.0
337.0,79.0,,39.0,52.0,-479.0,704.0,-166.0,,-215.0
177.0,141.0,,56.0,39.0,-623.0,656.0,-103.0,,-84.0
55.0,285.0,,151.0,-9.0,-596.0,657.0,-116.0,,33.0
-103.0,372.0,,214.0,10.0,-262.0,680.0,88.0,,170.0
-268.0,349.0,,210.0,8.0,34.0,641.0,66.0,,306.0
-190.0,336.0,,287.0,-29.0,295.0,532.0,271.0,,422.0
-477.0,448.0,,346.0,-6.0,477.0,405.0,129.0,,529.0
-419.0,545.0,,432.0,-13.0,457.0,316.0,62.0,,607.0
-684.0,555.0,,480.0,-10.0,286.0,306.0,12.0,,654.0
-626.0,568.0,,474.0,42.0,-67.0,343.0,-273.0,,656.0
-624.0,534.0,,450.0,20.0,-588.0,326.0,-312.0,,590.0
-678.0,405.0,,393.0,7.0,-1126.0,267.0,-552.0,,479.0
-589.0,206.0,,403.0,43.0,-1523.0,204.0,-378.0,,349.0
-792.0,36.0,,398.0,45.0,-1633.0,154.0,-286.0,,212.0
-645.0,-144.0,,358.0,75.0,-1756.0,157.0,-279.0,,63.0
-720.0,-364.0,,306.0,79.0,-2046.0,201.0,-181.0,,-108.0
-481.0,-456.0,,281.0,13.0,-2128.0,285.0,-389.0,,-283.0
-439.0,-419.0,,283.0,-23.0,-1893.0,300.0,-360.0,,-445.0
-363.0,-346.0,,297.0,-88.0,-1638.0,204.0,-591.0,,-581.0
-293.0,-306.0,,290.0,-175.0,-1673.0,72.0,-570.0,,-688.0
-318.0,-279.0,,290.0,-224.0,-1625.0,-17.0,-506.0,,-783.0
-10.0,-254.0,,301.0,-301.0,-1375.0,23.0,-532.0,,-853.0
-21.0,-223.0,,276.0,-329.0,-1377.0,152.0,-315.0,,-901.0
211.0,-216.0,,299.0,-313.0,-1812.0,222.0,-489.0,,-939.0
182.0,-246.0,,373.0,-333.0,-2203.0,160.0,-375.0,,-976.0
280.0,-223.0,,354.0,-303.0,-2208.0,22.0,-371.0,,-1029.0
335.0,-240.0,,342.0,-288.0,-2328.0,-93.0,-299.0,,-1093.0
350.0,-302.0,,329.0,-345.0,-2583.0,-127.0,-99.0,,-1178.0
547.0,-277.0,,172.0,-368.0,-2769.0,-118.0,-107.0,,-1236.0
466.0,-97.0,,117.0,-381.0,-2780.0,-110.0,166.0,,-1285.0
580.0,98.0,,62.0,-340.0,-2700.0,-134.0,138.0,,-1359.0
515.0,169.0,,-4.0,-196.0,-2733.0,-154.0,345.0,,-1400.0
508.0,193.0,,2.0,-84.0,-2654.0,-158.0,467.0,,-1405.0
436.0,280.0,,-91.0,31.0,-2426.0,-186.0,489.0,,-1398.0
452.0,402.0,,-137.0,134.0,-2254.0,-249.0,691.0,,-1379.0
413.0,380.0,,-112.0,117.0,-2101.0,-333.0,600.0,,-1341.0
280.0,311.0,,-87.0,133.0,-1920.0,-393.0,851.0,,-1302.0
280.0,267.0,,-29.0,166.0,-1989.0,-475.0,879.0,,-1260.0
230.0,178.0,,12.0,154.0,-2103.0,-545.0,942.0,,-1199.0
108.0,31.0,,86.0,239.0,-2019.0,-608.0,966.0,,-1146.0
-58.0,-129.0,,219.0,331.0,-2042.0,-667.0,757.0,,-1107.0
-10.0,-230.0,,275.0,364.0,-2339.0,-664.0,842.0,,-1051.0
-89.0,-282.0,,333.0,386.0,-2723.0,-663.0,659.0,,-998.0
-83.0,-297.0,,401.0,320.0,-2857.0,-683.0,788.0,,-987.0
-191.0,-351.0,,396.0,241.0,-2794.0,-737.0,883.0,,-976.0
-197.0,-272.0,,390.0,186.0,-2811.0,-805.0,986.0,,-974.0
-256.0,-7.0,,406.0,53.0,-2944.0,-845.0,1169.0,,-980.0
-241.0,192.0,,387.0,-39.0,-2925.0,-922.0,897.0,,-995.0
-180.0,292.0,,294.0,-53.0,-2706.0,-1036.0,833.0,,-1009.0
-330.0,502.0,,208.0,-57.0,-2399.0,-1137.0,570.0,,-1005.0
-201.0,848.0,,116.0,12.0,-2138.0,-1191.0,567.0,,-999.0
-304.0,1034.0,,10.0,37.0,-2147.0,-1174.0,628.0,,-965.0
-174.0,1033.0,,-121.0,-21.0,-2062.0,-1146.0,535.0,,-920.0
-190.0,969.0,,-237.0,-29.0,-1900.0,-1138.0,711.0,,-863.0
-126.0,853.0,,-320.0,-78.0,-1946.0,-1182.0,644.0,,-789.0
-82.0,603.0,,-442.0,-139.0,-2051.0,-1231.0,848.0,,-718.0
-178.0,285.0,,-481.0,-145.0,-2107.0,-1223.0,814.0,,-643.0
85.0,52.0,,-482.0,-231.0,-2024.0,-1175.0,740.0,,-573.0
73.0,-174.0,,-496.0,-309.0,-2021.0,-1130.0,753.0,,-509.0
247.0,-419.0,,-501.0,-352.0,-2045.0,-1156.0,521.0,,-472.0
197.0,-662.0,,-497.0,-455.0,-1990.0,-1232.0,591.0,,-475.0
287.0,-821.0,,-422.0,-480.0,-1809.0,-1349.0,460.0,,-497.0
493.0,-880.0,,-359.0,-437.0,-1569.0,-1448.0,609.0,,-520.0
543.0,-858.0,,-303.0,-404.0,-1487.0,-1446.0,687.0,,-558.0
753.0,-699.0,,-222.0,-337.0,-1379.0,-1407.0,615.0,,-613.0
692.0,-484.0,,-159.0,-305.0,-1214.0,-1363.0,722.0,,-677.0
836.0,-296.0,,-125.0,-255.0,-1029.0,-1327.0,489.0,,-730.0
810.0,-125.0,,-84.0,-105.0,-1175.0,-1341.0,576.0,,-759.0
827.0,47.0,,-59.0,-10.0,-1548.0,-1335.0,513.0,,-779.0
946.0,203.0,,-51.0,55.0,-1822.0,-1284.0,559.0,,-800.0
969.0,339.0,,-40.0,133.0,-1990.0,-1231.0,681.0,,-834.0
1017.0,450.0,,-64.0,118.0,-2013.0,-1246.0,524.0,,-853.0
773.0,581.0,,-48.0,117.0,-1992.0,-1322.0,622.0,,-867.0
821.0,663.0,,-65.0,157.0,-1757.0,-1398.0,437.0,,-905.0
835.0,544.0,,-86.0,163.0,-1574.0,-1489.0,511.0,,-946.0
815.0,334.0,,-25.0,211.0,-1383.0,-1552.0,502.0,,-995.0
750.0,246.0,,16.0,266.0,-1001.0,-1571.0,428.0,,-1056.0
648.0,315.0,,-42.0,290.0,-699.0,-1536.0,541.0,,-1113.0
652.0,403.0,,-79.0,337.0,-538.0,-1480.0,406.0,,-1179.0
458.0,486.0,,-51.0,337.0,-421.0,-1461.0,582.0,,-1269.0
423.0,579.0,,-73.0,306.0,-254.0,-1461.0,500.0,,-1362.0
296.0,594.0,,-87.0,303.0,-310.0,-1456.0,596.0,,-1444.0
225.0,511.0,,-108.0,260.0,-625.0,-1438.0,818.0,,-1513.0
103.0,456.0,,-144.0,228.0,-951.0,-1445.0,918.0,,-1569.0
-8.0,529.0,,-182.0,250.0,-939.0,-1472.0,1260.0,,-1589.0
-113.0,592.0,,-197.0,230.0,-576.0,-1504.0,1225.0,,-1554.0
-360.0,535.0,,-222.0,195.0,-402.0,-1535.0,1348.0,,-1441.0
-391.0,453.0,,-254.0,177.0,-446.0,-1561.0,1287.0,,-1262.0
-483.0,409.0,,-252.0,133.0,-333.0,-1582.0,1226.0,,-1038.0
-496.0,396.0,,-241.0,97.0,-193.0,-1598.0,1332.0,,-765.0
-538.0,408.0,,-212.0,36.0,-177.0,-1611.0,1178.0,,-482.0
-651.0,407.0,,-259.0,-43.0,-239.0,-1577.0,1308.0,,-194.0
-744.0,395.0,,-321.0,-42.0,-287.0,-1496.0,1176.0,,75.0
-729.0,343.0,,-283.0,14.0,-193.0,-1424.0,1180.0,,301.0
-606.0,168.0,,-231.0,56.0,-168.0,-1393.0,1108.0,,502.0
-594.0,-113.0,,-220.0,46.0,-99.0,-1389.0,851.0,,650.0
-587.0,-338.0,,-230.0,-20.0,-1.0,-1369.0,820.0,,752.0
-514.0,-396.0,,-287.0,-46.0,70.0,-1325.0,522.0,,833.0
-405.0,-364.0,,-346.0,1.0,302.0,-1268.0,600.0,,884.0
-344.0,-327.0,,-349.0,-40.0,573.0,-1245.0,567.0,,901.0
-271.0,-336.0,,-355.0,-156.0,774.0,-1284.0,491.0,,902.0
-164.0,-425.0,,-354.0,-177.0,776.0,-1331.0,473.0,,884.0
-9.0,-561.0,,-349.0,-120.0,843.0,-1374.0,206.0,,848.0
88.0,-561.0,,-329.0,-31.0,1004.0,-1372.0,256.0,,790.0
182.0,-372.0,,-283.0,51.0,1005.0,-1319.0,73.0,,695.0
229.0,-139.0,,-285.0,82.0,946.0,-1261.0,99.0,,575.0
312.0,-2.0,,-318.0,120.0,900.0,-1210.0,109.0,,437.0
412.0,31.0,,-423.0,160.0,1035.0,-1178.0,140.0,,282.0
402.0,138.0,,-507.0,127.0,1118.0,-1195.0,434.0,,86.0
428.0,305.0,,-532.0,88.0,1080.0,-1243.0,334.0,,-135.0
467.0,397.0,,-570.0,60.0,1133.0,-1276.0,428.0,,-362.0
540.0,347.0,,-623.0,16.0,1254.0,-1291.0,212.0,,-591.0
441.0,259.0,,-658.0,-12.0,1542.0,-1262.0,79.0,,-811.0
359.0,231.0,,-604.0,-102.0,1602.0,-1227.0,81.0,,-1013.0
314.0,215.0,,-545.0,-236.0,1575.0,-1200.0,-16.0,,-1186.0
296.0,205.0,,-482.0,-298.0,1826.0,-1170.0,286.0,,-1334.0
341.0,209.0,,-421.0,-322.0,2210.0,-1133.0,291.0,,-1449.0
225.0,212.0,,-383.0,-324.0,2481.0,-1057.0,471.0,,-1545.0
201.0,105.0,,-358.0,-245.0,2287.0,-989.0,456.0,,-1614.0
127.0,-38.0,,-337.0,-176.0,1978.0,-961.0,378.0,,-1657.0
86.0,-74.0,,-321.0,-165.0,1817.0,-974.0,517.0,,-1658.0
71.0,27.0,,-349.0,-136.0,1817.0,-994.0,450.0,,-1590.0
-58.0,147.0,,-360.0,-98.0,1777.0,-1014.0,752.0,,-1503.0
-40.0,94.0,,-415.0,-45.0,1711.0,-1045.0,770.0,,-1369.0
-101.0,-59.0,,-497.0,0.0,1875.0,-1039.0,918.0,,-1218.0
-195.0,-202.0,,-573.0,13.0,2055.0,-995.0,1045.0,,-1073.0
-283.0,-249.0,,-706.0,104.0,2146.0,-922.0,920.0,,-897.0
-385.0,-204.0,,-815.0,244.0,2314.0,-867.0,1014.0,,-728.0
-392.0,-167.0,,-885.0,303.0,2606.0,-852.0,822.0,,-583.0
-377.0,-169.0,,-925.0,326.0,2603.0,-817.0,925.0,,-485.0
-324.0,-114.0,,-937.0,347.0,2362.0,-771.0,851.0,,-421.0
-422.0,99.0,,-907.0,324.0,2201.0,-763.0,764.0,,-388.0
-467.0,315.0,,-871.0,306.0,2290.0,-793.0,759.0,,-381.0
-461.0,429.0,,-844.0,269.0,2281.0,-809.0,437.0,,-387.0
-479.0,473.0,,-816.0,209.0,1953.0,-825.0,434.0,,-415.0
-444.0,443.0,,-787.0,227.0,1886.0,-802.0,192.0,,-434.0
-406.0,328.0,,-716.0,271.0,1803.0,-715.0,203.0,,-439.0
-336.0,211.0,,-621.0,279.0,1525.0,-640.0,282.0,,-441.0
-444.0,220.0,,-504.0,265.0,1483.0,-568.0,345.0,,-452.0
-447.0,264.0,,-469.0,189.0,1843.0,-516.0,615.0,,-462.0
-350.0,203.0,,-408.0,118.0,2292.0,-488.0,519.0,,-465.0
-268.0,32.0,,-297.0,91.0,2222.0,-458.0,665.0,,-458.0
-185.0,-108.0,,-238.0,26.0,2015.0,-431.0,476.0,,-441.0
-101.0,-106.0,,-170.0,-45.0,2184.0,-386.0,310.0,,-428.0
-77.0,-64.0,,-152.0,-105.0,2352.0,-364.0,304.0,,-397.0
-114.0,-85.0,,-113.0,-193.0,2269.0,-361.0,103.0,,-362.0
17.0,-55.0,,-44.0,-236.0,2072.0,-355.0,171.0,,-329.0
73.0,104.0,,-14.0,-216.0,2026.0,-325.0,-53.0,,-277.0
93.0,191.0,,58.0,-206.0,2009.0,-271.0,-1.0,,-239.0
56.0,79.0,,72.0,-159.0,1770.0,-250.0,92.0,,-216.0
76.0,-101.0,,15.0,-74.0,1573.0,-246.0,162.0,,-188.0
153.0,-215.0,,25.0,-17.0,1548.0,-241.0,293.0,,-182.0
129.0,-318.0,,34.0,34.0,1554.0,-218.0,86.0,,-198.0
52.0,-438.0,,34.0,59.0,1511.0,-169.0,218.0,,-237.0
-1.0,-417.0,,55.0,58.0,1637.0,-123.0,66.0,,-284.0
24.0,-218.0,,78.0,96.0,1880.0,-77.0,51.0,,-315.0
-91.0,-85.0,,93.0,121.0,1822.0,-48.0,145.0,,-345.0
-139.0,-153.0,,89.0,110.0,1805.0,-22.0,33.0,,-369.0
-250.0,-230.0,,58.0,114.0,2131.0,12.0,177.0,,-364.0
-394.0,-230.0,,22.0,65.0,2519.0,28.0,-60.0,,-350.0
-529.0,-243.0,,0.0,-14.0,2701.0,23.0,-127.0,,-310.0
-704.0,-295.0,,-15.0,-41.0,2699.0,12.0,-290.0,,-230.0
-734.0,-291.0,,-78.0,-73.0,2892.0,22.0,-397.0,,-150.0
-824.0,-276.0,,-102.0,-97.0,3137.0,47.0,-288.0,,-65.0
-914.0,-291.0,,-60.0,-98.0,3251.0,96.0,-406.0,,34.0
-1062.0,-205.0,,-44.0,-128.0,3219.0,182.0,-234.0,,136.0
-1087.0,-65.0,,-14.0,-136.0,2959.0,237.0,-378.0,,259.0
-1094.0,32.0,,-24.0,-80.0,2662.0,249.0,-315.0,,400.0
-1173.0,43.0,,4.0,-12.0,2337.0,229.0,-210.0,,550.0
-1136.0,-55.0,,49.0,86.0,2153.0,209.0,-236.0,,733.0
-1136.0,-230.0,,63.0,167.0,2125.0,221.0,22.0,,947.0
-1116.0,-394.0,,76.0,118.0,2061.0,233.0,-79.0,,1158.0
-1140.0,-596.0,,59.0,14.0,2177.0,230.0,60.0,,1332.0
-966.0,-874.0,,48.0,-91.0,2460.0,195.0,118.0,,1456.0
-886.0,-1025.0,,8.0,-163.0,2702.0,146.0,229.0,,1530.0
-943.0,-990.0,,-30.0,-127.0,2754.0,103.0,376.0,,1565.0
-766.0,-841.0,,-58.0,-108.0,2591.0,137.0,254.0,,1542.0
-650.0,-660.0,,-128.0,-160.0,2385.0,232.0,419.0,,1444.0
-460.0,-561.0,,-171.0,-182.0,2076.0,298.0,245.0,,1299.0
-375.0,-585.0,,-198.0,-198.0,1718.0,322.0,192.0,,1122.0
-338.0,-607.0,,-328.0,-213.0,1639.0,277.0,-31.0,,927.0
-232.0,-494.0,,-409.0,-208.0,1953.0,194.0,-369.0,,748.0
-126.0,-366.0,,-406.0,-249.0,2169.0,141.0,-363.0,,577.0
79.0,-352.0,,-442.0,-284.0,2049.0,159.0,-567.0,,422.0
172.0,-357.0,,-446.0,-232.0,2272.0,216.0,-412.0,,312.0
234.0,-277.0,,-361.0,-161.0,2845.0,243.0,-461.0,,219.0
226.0,-225.0,,-278.0,-74.0,3111.0,207.0,-437.0,,127.0
309.0,-234.0,,-221.0,33.0,2946.0,142.0,-362.0,,35.0
388.0,-196.0,,-74.0,104.0,2684.0,137.0,-602.0,,-95.0
460.0,-133.0,,70.0,180.0,2616.0,233.0,-655.0,,-247.0
478.0,-65.0,,184.0,228.0,2461.0,391.0,-1001.0,,-414.0
346.0,55.0,,275.0,199.0,2038.0,478.0,-1016.0,,-616.0
418.0,183.0,,321.0,196.0,1738.0,462.0,-1138.0,,-823.0
364.0,232.0,,343.0,197.0,1694.0,425.0,-1280.0,,-1018.0
255.0,228.0,,328.0,158.0,1745.0,408.0,-1145.0,,-1193.0
147.0,192.0,,267.0,160.0,1846.0,439.0,-1306.0,,-1343.0
145.0,87.0,,169.0,197.0,1973.0,543.0,-1151.0,,-1476.0
49.0,-34.0,,149.0,232.0,2180.0,639.0,-1208.0,,-1567.0
-138.0,-64.0,,147.0,270.0,2442.0,634.0,-1121.0,,-1611.0
-139.0,15.0,,103.0,239.0,2616.0,586.0,-975.0,,-1612.0
-233.0,70.0,,63.0,141.0,2560.0,564.0,-995.0,,-1569.0
-346.0,78.0,,72.0,42.0,2230.0,590.0,-739.0,,-1537.0
-512.0,52.0,,70.0,-56.0,1792.0,630.0,-763.0,,-1518.0
-502.0,-69.0,,23.0,-85.0,1450.0,671.0,-561.0,,-1476.0
-589.0,-295.0,,-5.0,-43.0,1165.0,675.0,-578.0,,-1421.0
-570.0,-470.0,,-31.0,-35.0,700.0,627.0,-617.0,,-1354.0
-542.0,-431.0,,-37.0,-27.0,361.0,624.0,-533.0,,-1274.0
-663.0,-276.0,,-67.0,-33.0,327.0,632.0,-691.0,,-1168.0
-594.0,-135.0,,-110.0,-133.0,285.0,683.0,-539.0,,-1044.0
-586.0,-107.0,,-134.0,-244.0,56.0,746.0,-691.0,,-900.0
-417.0,-195.0,,-160.0,-315.0,-189.0,773.0,-606.0,,-725.0
-416.0,-372.0,,-190.0,-344.0,31.0,772.0,-545.0,,-533.0
-352.0,-590.0,,-249.0,-280.0,239.0,702.0,-633.0,,-319.0
-211.0,-737.0,,-308.0,-180.0,32.0,668.0,-530.0,,-97.0
-146.0,-732.0,,-333.0,-132.0,-167.0,680.0,-764.0,,134.0
-78.0,-576.0,,-345.0,-132.0,-136.0,731.0,-637.0,,365.0
-12.0,-459.0,,-363.0,-176.0,41.0,787.0,-676.0,,569.0
113.0,-298.0,,-338.0,-230.0,-159.0,776.0,-683.0,,764.0
209.0,-31.0,,-309.0,-214.0,-579.0,707.0,-685.0,,939.0
358.0,133.0,,-292.0,-165.0,-838.0,615.0,-955.0,,1105.0
292.0,154.0,,-253.0,-120.0,-953.0,555.0,-973.0,,1261.0
384.0,141.0,,-192.0,-70.0,-998.0,537.0,-1289.0,,1386.0
389.0,157.0,,-78.0,-28.0,-1105.0,551.0,-1298.0,,1476.0
451.0,98.0,,24.0,67.0,-1076.0,575.0,-1376.0,,1520.0
486.0,10.0,,95.0,176.0,-1058.0,600.0,-1363.0,,1538.0
434.0,26.0,,131.0,160.0,-1172.0,603.0,-1095.0,,1524.0
586.0,129.0,,176.0,70.0,-1265.0,592.0,-1232.0,,1459.0
447.0,223.0,,218.0,13.0,-1319.0,575.0,-1128.0,,1349.0
476.0,304.0,,255.0,-3.0,-1365.0,573.0,-1324.0,,1183.0
394.0,349.0,,289.0,47.0,-1235.0,594.0,-1422.0,,978.0
475.0,238.0,,256.0,135.0,-752.0,613.0,-1468.0,,754.0
496.0,30.0,,231.0,148.0,-272.0,639.0,-1607.0,,512.0
368.0,-160.0,,201.0,128.0,-99.0,637.0,-1431.0,,274.0
411.0,-195.0,,141.0,112.0,-4.0,634.0,-1533.0,,50.0
181.0,-12.0,,51.0,84.0,154.0,617.0,-1319.0,,-142.0
235.0,213.0,,-5.0,68.0,-15.0,569.0,-1265.0,,-281.0
141.0,288.0,,-50.0,5.0,-505.0,515.0,-1217.0,,-372.0
162.0,204.0,,-62.0,-101.0,-951.0,477.0,-1056.0,,-408.0
101.0,76.0,,-31.0,-131.0,-1211.0,498.0,-1215.0,,-402.0
-64.0,-64.0,,17.0,-63.0,-1322.0,534.0,-1130.0,,-340.0
0.0,-169.0,,141.0,46.0,-1477.0,540.0,-1350.0,,-235.0
-197.0,-187.0,,220.0,148.0,-1608.0,496.0,-1372.0,,-119.0
-88.0,-142.0,,299.0,142.0,-1725.0,431.0,-1417.0,,8.0
-189.0,-121.0,,367.0,24.0,-1876.0,417.0,-1546.0,,124.0
-198.0,-175.0,,395.0,-100.0,-1896.0,423.0,-1359.0,,236.0
-198.0,-321.0,,414.0,-203.0,-1805.0,402.0,-1431.0,,344.0
-288.0,-555.0,,424.0,-204.0,-1700.0,346.0,-1300.0,,445.0
-188.0,-765.0,,377.0,-104.0,-1646.0,256.0,-1461.0,,523.0
-370.0,-850.0,,342.0,-62.0,-1581.0,237.0,-1553.0,,564.0
-195.0,-797.0,,339.0,-82.0,-1542.0,296.0,-1576.0,,572.0
-323.0,-647.0,,262.0,-111.0,-1548.0,355.0,-1790.0,,558.0
-248.0,-378.0,,179.0,-185.0,-1337.0,373.0,-1590.0,,516.0
-149.0,-54.0,,74.0,-247.0,-984.0,288.0,-1589.0,,462.0
-292.0,164.0,,1.0,-245.0,-694.0,162.0,-1300.0,,427.0
-115.0,297.0,,-105.0,-175.0,-606.0,57.0,-1121.0,,387.0
-231.0,426.0,,-211.0,-27.0,-527.0,32.0,-1093.0,,347.0
19.0,537.0,,-249.0,62.0,-102.0,79.0,-946.0,,297.0
-99.0,591.0,,-300.0,50.0,237.0,115.0,-1067.0,,211.0
-81.0,702.0,,-291.0,68.0,244.0,118.0,-844.0,,101.0
123.0,874.0,,-212.0,70.0,72.0,85.0,-870.0,,-29.0
115.0,922.0,,-115.0,26.0,-230.0,48.0,-790.0,,-161.0
222.0,766.0,,-69.0,40.0,-461.0,57.0,-705.0,,-292.0
162.0,455.0,,31.0,71.0,-630.0,91.0,-814.0,,-411.0
333.0,92.0,,174.0,102.0,-858.0,119.0,-698.0,,-514.0
299.0,-184.0,,256.0,189.0,-1056.0,146.0,-970.0,,-596.0
417.0,-252.0,,341.0,238.0,-1055.0,152.0,-997.0,,-669.0
344.0,-164.0,,427.0,234.0,-717.0,155.0,-1136.0,,-727.0
433.0,6.0,,503.0,241.0,-475.0,139.0,-1237.0,,-741.0
460.0,223.0,,548.0,217.0,-712.0,161.0,-1160.0,,-725.0
447.0,429.0,,612.0,214.0,-1027.0,249.0,-1378.0,,-657.0
416.0,606.0,,669.0,240.0,-1158.0,315.0,-1313.0,,-553.0
348.0,643.0,,710.0,223.0,-1197.0,349.0,-1467.0,,-441.0
649.0,522.0,,721.0,235.0,-1407.0,333.0,-1409.0,,-342.0
386.0,389.0,,651.0,260.0,-1614.0,342.0,-1380.0,,-259.0
437.0,343.0,,636.0,239.0,-1487.0,410.0,-1540.0,,-188.0
253.0,343.0,,604.0,226.0,-1210.0,481.0,-1526.0,,-145.0
401.0,363.0,,546.0,167.0,-982.0,527.0,-1790.0,,-101.0
394.0,441.0,,499.0,32.0,-1059.0,500.0,-1690.0,,-52.0
280.0,571.0,,456.0,-67.0,-1438.0,436.0,-1718.0,,-1.0
362.0,680.0,,399.0,-162.0,-1672.0,390.0,-1712.0,,59.0
14.0,646.0,,373.0,-272.0,-1603.0,369.0,-1618.0,,132.0
197.0,467.0,,381.0,-280.0,-1379.0,391.0,-1762.0,,203.0
-97.0,154.0,,334.0,-216.0,-1254.0,435.0,-1566.0,,273.0
-16.0,-181.0,,334.0,-144.0,-1356.0,504.0,-1605.0,,343.0
-118.0,-333.0,,324.0,-131.0,-1241.0,570.0,-1420.0,,408.0
-166.0,-287.0,,234.0,-233.0,-957.0,595.0,-1306.0,,459.0
-134.0,-139.0,,151.0,-303.0,-796.0,623.0,-1263.0,,476.0
-373.0,14.0,,173.0,-280.0,-866.0,631.0,-1001.0,,467.0
-229.0,82.0,,141.0,-236.0,-1076.0,624.0,-1090.0,,434.0
-384.0,-14.0,,80.0,-146.0,-1019.0,623.0,-866.0,,382.0
-251.0,-194.0,,58.0,-73.0,-987.0,582.0,-814.0,,325.0
-317.0,-296.0,,-65.0,-47.0,-905.0,531.0,-687.0,,295.0
-243.0,-240.0,,-53.0,42.0,-645.0,470.0,-517.0,,288.0
-175.0,-36.0,,-17.0,115.0,-370.0,435.0,-561.0,,294.0
-209.0,180.0,,-62.0,88.0,-204.0,439.0,-395.0,,332.0
-147.0,328.0,,0.0,17.0,-381.0,455.0,-561.0,,396.0
-186.0,334.0,,35.0,-95.0,-647.0,516.0,-428.0,,472.0
-90.0,208.0,,44.0,-141.0,-974.0,550.0,-406.0,,529.0
-63.0,73.0,,120.0,-51.0,-1252.0,540.0,-345.0,,573.0
-38.0,37.0,,114.0,20.0,-1462.0,504.0,-72.0,,614.0
-71.0,199.0,,79.0,47.0,-1556.0,454.0,-162.0,,643.0
-75.0,455.0,,228.0,52.0,-1525.0,441.0,-31.0,,655.0
-152.0,639.0,,284.0,-2.0,-1613.0,426.0,-199.0,,643.0
-113.0,669.0,,262.0,-10.0,-1494.0,384.0,-177.0,,619.0
-122.0,555.0,,339.0,-2.0,-1327.0,314.0,-127.0,,583.0
-109.0,316.0,,335.0,-15.0,-1327.0,249.0,-247.0,,562.0
-154.0,39.0,,418.0,62.0,-1323.0,231.0,-186.0,,580.0
-179.0,-173.0,,446.0,121.0,-1306.0,269.0,-480.0,,610.0
-169.0,-292.0,,430.0,49.0,-1275.0,340.0,-478.0,,651.0
-277.0,-296.0,,454.0,-71.0,-1431.0,362.0,-618.0,,692.0
-238.0,-242.0,,438.0,-185.0,-1587.0,313.0,-554.0,,701.0
-433.0,-71.0,,500.0,-215.0,-1557.0,224.0,-315.0,,692.0
-357.0,140.0,,447.0,-137.0,-1656.0,169.0,-408.0,,668.0
-452.0,189.0,,404.0,-68.0,-1965.0,158.0,-253.0,,628.0
-512.0,101.0,,427.0,-27.0,-2226.0,152.0,-432.0,,588.0
-501.0,46.0,,364.0,-12.0,-2185.0,151.0,-327.0,,552.0
-674.0,95.0,,318.0,-83.0,-2047.0,102.0,-225.0,,520.0
-514.0,189.0,,357.0,-129.0,-2104.0,2.0,-218.0,,483.0
-734.0,317.0,,334.0,-134.0,-2071.0,-111.0,72.0,,448.0
-634.0,408.0,,265.0,-186.0,-1702.0,-189.0,92.0,,407.0
-732.0,411.0,,260.0,-177.0,-1521.0,-218.0,367.0,,345.0
-717.0,251.0,,197.0,-113.0,-1677.0,-199.0,393.0,,290.0
-734.0,17.0,,144.0,-102.0,-1708.0,-190.0,456.0,,244.0
-1028.0,-165.0,,110.0,-88.0,-1734.0,-235.0,493.0,,207.0
-705.0,-371.0,,103.0,-71.0,-1857.0,-292.0,297.0,,180.0
-903.0,-547.0,,80.0,-48.0,-1919.0,-355.0,351.0,,125.0
-719.0,-647.0,,-12.0,16.0,-1858.0,-412.0,66.0,,54.0
-759.0,-723.0,,-70.0,25.0,-1964.0,-474.0,103.0,,-37.0
-804.0,-800.0,,-92.0,-8.0,-2358.0,-541.0,127.0,,-147.0
-609.0,-846.0,,-70.0,-52.0,-2591.0,-609.0,72.0,,-242.0
-598.0,-871.0,,-125.0,-193.0,-2594.0,-667.0,203.0,,-351.0
-295.0,-853.0,,-176.0,-313.0,-2619.0,-698.0,112.0,,-455.0
-429.0,-743.0,,-180.0,-333.0,-2722.0,-716.0,297.0,,-542.0
-300.0,-534.0,,-276.0,-352.0,-2710.0,-725.0,260.0,,-619.0
-258.0,-313.0,,-238.0,-310.0,-2627.0,-757.0,314.0,,-669.0
-121.0,-127.0,,-166.0,-219.0,-2653.0,-767.0,360.0,,-683.0
76.0,105.0,,-186.0,-171.0,-2777.0,-774.0,384.0,,-662.0
29.0,299.0,,-150.0,-124.0,-3001.0,-812.0,692.0,,-636.0
88.0,371.0,,-69.0,-123.0,-3113.0,-840.0,694.0,,-614.0
253.0,367.0,,-3.0,-153.0,-3090.0,-883.0,964.0,,-579.0
271.0,358.0,,48.0,-130.0,-3180.0,-881.0,1010.0,,-513.0
331.0,287.0,,148.0,-120.0,-3121.0,-850.0,1025.0,,-422.0
483.0,146.0,,153.0,-62.0,-2867.0,-823.0,1178.0,,-285.0
351.0,87.0,,136.0,57.0,-2587.0,-783.0,1180.0,,-145.0
481.0,62.0,,111.0,96.0,-2237.0,-774.0,1561.0,,-17.0
398.0,51.0,,34.0,124.0,-1937.0,-729.0,1677.0,,108.0
605.0,49.0,,28.0,132.0,-1650.0,-654.0,1912.0,,200.0
482.0,35.0,,49.0,72.0,-1494.0,-605.0,1997.0,,281.0
347.0,38.0,,85.0,96.0,-1421.0,-565.0,1949.0,,329.0
552.0,55.0,,10.0,162.0,-1530.0,-507.0,2074.0,,338.0
279.0,71.0,,-73.0,212.0,-1866.0,-436.0,1882.0,,336.0
421.0,109.0,,-95.0,298.0,-2045.0,-391.0,1982.0,,334.0
273.0,237.0,,-74.0,308.0,-2143.0,-372.0,1886.0,,342.0
334.0,386.0,,21.0,262.0,-2299.0,-358.0,1862.0,,344.0
114.0,549.0,,10.0,248.0,-2659.0,-324.0,1786.0,,342.0
-45.0,681.0,,6.0,213.0,-2810.0,-282.0,1452.0,,339.0
99.0,697.0,,-103.0,226.0,-2540.0,-255.0,1439.0,,323.0
-167.0,627.0,,-192.0,225.0,-2262.0,-233.0,1141.0,,286.0
-22.0,523.0,,40.0,154.0,-2137.0,-200.0,1103.0,,258.0
-423.0,452.0,,27.0,191.0,-2195.0,-162.0,1016.0,,251.0
-347.0,308.0,,-128.0,227.0,-2035.0,-138.0,936.0,,228.0
-435.0,78.0,,6.0,192.0,-1786.0,-144.0,1097.0,,168.0
-533.0,-157.0,,-37.0,178.0,-1729.0,-171.0,951.0,,51.0
-386.0,-289.0,,-169.0,130.0,-1889.0,-188.0,1025.0,,-121.0
-654.0,-278.0,,-31.0,117.0,-2178.0,-206.0,920.0,,-338.0
-440.0,-215.0,,-13.0,127.0,-2204.0,-232.0,988.0,,-560.0
-725.0,-136.0,,-106.0,17.0,-2111.0,-235.0,1047.0,,-777.0
-445.0,-96.0,,6.0,-73.0,-2097.0,-239.0,984.0,,-981.0
-543.0,-58.0,,163.0,-97.0,-2122.0,-223.0,1178.0,,-1142.0
-600.0,3.0,,62.0,-144.0,-2069.0,-203.0,995.0,,-1271.0
-509.0,92.0,,-67.0,-123.0,-1941.0,-225.0,1051.0,,-1369.0
-651.0,165.0,,105.0,-140.0,-1828.0,-262.0,979.0,,-1435.0
-283.0,178.0,,181.0,-163.0,-1901.0,-308.0,951.0,,-1469.0
-518.0,145.0,,134.0,-153.0,-2009.0,-380.0,1082.0,,-1472.0
-249.0,137.0,,231.0,-204.0,-2052.0,-478.0,973.0,,-1421.0
-411.0,210.0,,359.0,-204.0,-2412.0,-528.0,1160.0,,-1309.0
-349.0,295.0,,304.0,-178.0,-2792.0,-503.0,1149.0,,-1163.0
-271.0,312.0,,238.0,-93.0,-3086.0,-437.0,1382.0,,-995.0
-301.0,270.0,,273.0,-17.0,-3090.0,-382.0,1494.0,,-825.0
-94.0,218.0,,184.0,53.0,-2682.0,-402.0,1435.0,,-657.0
-251.0,102.0,,227.0,90.0,-2256.0,-476.0,1535.0,,-500.0
27.0,36.0,,217.0,74.0,-1745.0,-555.0,1334.0,,-359.0
-131.0,82.0,,184.0,29.0,-1329.0,-643.0,1487.0,,-234.0
7.0,169.0,,132.0,-41.0,-985.0,-736.0,1411.0,,-130.0
46.0,245.0,,27.0,20.0,-608.0,-802.0,1411.0,,-63.0
105.0,282.0,,97.0,71.0,-572.0,-843.0,1516.0,,-47.0
137.0,386.0,,136.0,177.0,-945.0,-824.0,1387.0,,-83.0
129.0,507.0,,246.0,274.0,-1225.0,-791.0,1498.0,,-142.0
234.0,590.0,,254.0,280.0,-1272.0,-807.0,1306.0,,-195.0
191.0,604.0,,317.0,265.0,-1375.0,-858.0,1324.0,,-244.0
330.0,578.0,,398.0,230.0,-1420.0,-926.0,1188.0,,-284.0
232.0,559.0,,336.0,296.0,-1177.0,-964.0,981.0,,-305.0
301.0,502.0,,257.0,338.0,-596.0,-988.0,982.0,,-306.0
187.0,442.0,,223.0,361.0,-48.0,-1005.0,768.0,,-300.0
365.0,356.0,,245.0,324.0,135.0,-982.0,903.0,,-296.0
274.0,275.0,,100.0,292.0,109.0,-945.0,798.0,,-299.0
199.0,183.0,,123.0,250.0,271.0,-918.0,788.0,,-321.0
176.0,84.0,,71.0,168.0,675.0,-886.0,757.0,,-339.0
200.0,12.0,,-58.0,153.0,674.0,-871.0,532.0,,-339.0
407.0,-89.0,,-56.0,71.0,338.0,-871.0,630.0,,-334.0
178.0,-182.0,,-131.0,26.0,285.0,-888.0,439.0,,-332.0
241.0,-303.0,,-153.0,-10.0,316.0,-900.0,441.0,,-325.0
117.0,-465.0,,-202.0,-72.0,231.0,-874.0,351.0,,-303.0
409.0,-533.0,,-116.0,-89.0,311.0,-843.0,293.0,,-262.0
352.0,-437.0,,-75.0,-145.0,575.0,-797.0,408.0,,-198.0
351.0,-276.0,,-184.0,-161.0,730.0,-774.0,310.0,,-105.0
348.0,-162.0,,-173.0,-129.0,828.0,-742.0,497.0,,-23.0
285.0,-63.0,,-146.0,-118.0,1212.0,-660.0,424.0,,40.0
512.0,39.0,,-160.0,-67.0,1700.0,-546.0,561.0,,86.0
164.0,128.0,,-216.0,-15.0,1822.0,-428.0,709.0,,81.0
232.0,185.0,,-284.0,-30.0,1686.0,-362.0,691.0,,63.0
151.0,169.0,,-280.0,7.0,1689.0,-334.0,822.0,,46.0
331.0,88.0,,-223.0,29.0,1686.0,-339.0,543.0,,37.0
72.0,-80.0,,-247.0,26.0,1418.0,-358.0,485.0,,20.0
-36.0,-305.0,,-252.0,50.0,1316.0,-340.0,262.0,,-28.0
93.0,-444.0,,-252.0,14.0,1736.0,-291.0,129.0,,-84.0
-160.0,-452.0,,-309.0,55.0,2229.0,-235.0,149.0,,-154.0
25.0,-360.0,,-325.0,104.0,2322.0,-190.0,-33.0,,-209.0
-206.0,-286.0,,-363.0,98.0,2356.0,-184.0,166.0,,-224.0
-111.0,-277.0,,-387.0,156.0,2440.0,-149.0,53.0,,-189.0
-209.0,-218.0,,-386.0,134.0,2335.0,-58.0,46.0,,-109.0
-231.0,-86.0,,-401.0,88.0,2287.0,42.0,-35.0,,-33.0
-315.0,4.0,,-431.0,64.0,2252.0,139.0,-144.0,,9.0
-435.0,42.0,,-426.0,-4.0,2170.0,188.0,110.0,,24.0
-219.0,99.0,,-401.0,20.0,1983.0,190.0,92.0,,22.0
-398.0,202.0,,-384.0,31.0,1890.0,176.0,349.0,,-1.0
-270.0,349.0,,-313.0,-13.0,2065.0,188.0,424.0,,-36.0
-406.0,450.0,,-235.0,9.0,2289.0,222.0,585.0,,-82.0
-340.0,468.0,,-239.0,-15.0,2543.0,271.0,770.0,,-134.0
-265.0,413.0,,-217.0,-12.0,2551.0,328.0,681.0,,-193.0
-355.0,303.0,,-159.0,32.0,2702.0,364.0,870.0,,-268.0
-321.0,186.0,,-146.0,20.0,2939.0,383.0,777.0,,-342.0
-476.0,121.0,,-148.0,69.0,2852.0,379.0,962.0,,-409.0
-314.0,125.0,,-67.0,79.0,2730.0,373.0,1012.0,,-445.0
-408.0,100.0,,25.0,60.0,2547.0,392.0,899.0,,-444.0
-384.0,33.0,,4.0,132.0,2260.0,431.0,881.0,,-425.0
-394.0,-84.0,,-34.0,157.0,1784.0,464.0,548.0,,-414.0
-421.0,-161.0,,-125.0,181.0,1628.0,500.0,585.0,,-419.0
-247.0,-300.0,,-126.0,188.0,1836.0,534.0,474.0,,-440.0
-369.0,-554.0,,-90.0,116.0,1918.0,539.0,593.0,,-473.0
-198.0,-687.0,,-103.0,95.0,1865.0,557.0,720.0,,-510.0
-191.0,-716.0,,-173.0,19.0,2019.0,596.0,546.0,,-565.0
-195.0,-709.0,,-210.0,-69.0,2528.0,646.0,559.0,,-628.0
-212.0,-733.0,,-121.0,-44.0,2710.0,706.0,151.0,,-680.0
-203.0,-657.0,,-107.0,-78.0,2689.0,732.0,-62.0,,-713.0
66.0,-458.0,,-37.0,-122.0,2751.0,718.0,-380.0,,-720.0
-56.0,-269.0,,-48.0,-179.0,3045.0,663.0,-565.0,,-718.0
102.0,-151.0,,-6.0,-259.0,3386.0,615.0,-388.0,,-701.0
134.0,-131.0,,149.0,-214.0,3333.0,609.0,-423.0,,-665.0
29.0,-34.0,,231.0,-202.0,3063.0,634.0,-251.0,,-625.0
239.0,34.0,,307.0,-206.0,2759.0,681.0,-443.0,,-582.0
247.0,-28.0,,345.0,-157.0,2739.0,719.0,-473.0,,-546.0
373.0,-140.0,,342.0,-159.0,2630.0,729.0,-391.0,,-532.0
257.0,-246.0,,254.0,-72.0,2343.0,676.0,-424.0,,-530.0
174.0,-318.0,,281.0,42.0,2129.0,606.0,-264.0,,-531.0
333.0,-415.0,,314.0,82.0,1951.0,592.0,-428.0,,-522.0
384.0,-479.0,,273.0,148.0,2105.0,625.0,-378.0,,-473.0
466.0,-438.0,,187.0,110.0,2522.0,674.0,-509.0,,-400.0
309.0,-290.0,,61.0,48.0,2764.0,686.0,-565.0,,-304.0
417.0,-116.0,,0.0,67.0,2798.0,649.0,-406.0,,-203.0
499.0,46.0,,-86.0,22.0,3133.0,569.0,-380.0,,-118.0
436.0,185.0,,-118.0,50.0,3570.0,492.0,-36.0,,-28.0
471.0,275.0,,-68.0,87.0,3639.0,459.0,-1.0,,39.0
418.0,275.0,,-80.0,28.0,3433.0,448.0,138.0,,104.0
510.0,126.0,,-89.0,44.0,3217.0,442.0,168.0,,165.0
426.0,29.0,,-37.0,31.0,3176.0,426.0,35.0,,205.0
497.0,-29.0,,-8.0,22.0,3026.0,396.0,44.0,,219.0
504.0,-137.0,,10.0,50.0,2645.0,335.0,-236.0,,208.0
466.0,-172.0,,0.0,-49.0,2527.0,314.0,-110.0,,185.0
412.0,-219.0,,87.0,-125.0,2789.0,325.0,-103.0,,149.0
310.0,-284.0,,156.0,-187.0,2990.0,333.0,-57.0,,130.0
463.0,-354.0,,95.0,-238.0,2917.0,356.0,38.0,,109.0
562.0,-421.0,,59.0,-114.0,2800.0,331.0,-157.0,,59.0
621.0,-500.0,,41.0,-24.0,2771.0,289.0,-158.0,,-14.0
510.0,-605.0,,15.0,17.0,2616.0,238.0,-452.0,,-133.0
492.0,-615.0,,-24.0,79.0,2370.0,215.0,-463.0,,-270.0
565.0,-561.0,,-6.0,29.0,2272.0,241.0,-517.0,,-421.0
812.0,-471.0,,-6.0,8.0,2374.0,268.0,-561.0,,-561.0
653.0,-306.0,,-45.0,-27.0,2454.0,294.0,-384.0,,-666.0
510.0,-86.0,,-113.0,-125.0,2606.0,272.0,-541.0,,-744.0
593.0,98.0,,-174.0,-137.0,2916.0,213.0,-386.0,,-777.0
604.0,148.0,,-189.0,-193.0,3017.0,127.0,-515.0,,-795.0
764.0,94.0,,-217.0,-225.0,3015.0,79.0,-641.0,,-808.0
562.0,1.0,,-311.0,-177.0,3152.0,109.0,-783.0,,-789.0
602.0,-112.0,,-391.0,-191.0,3411.0,164.0,-1049.0,,-719.0
462.0,-161.0,,-347.0,-141.0,3486.0,241.0,-916.0,,-605.0
541.0,-132.0,,-299.0,-82.0,3178.0,302.0,-1154.0,,-492.0
471.0,-66.0,,-301.0,-61.0,2968.0,329.0,-1189.0,,-382.0
368.0,-10.0,,-337.0,25.0,2986.0,306.0,-1330.0,,-265.0
428.0,5.0,,-299.0,42.0,2853.0,280.0,-1441.0,,-156.0
211.0,36.0,,-246.0,49.0,2330.0,266.0,-1291.0,,-63.0
322.0,68.0,,-231.0,117.0,1821.0,239.0,-1422.0,,18.0
73.0,110.0,,-230.0,117.0,1865.0,215.0,-1212.0,,82.0
265.0,127.0,,-248.0,147.0,2064.0,167.0,-1243.0,,129.0
268.0,118.0,,-244.0,154.0,1971.0,132.0,-1140.0,,171.0
184.0,67.0,,-332.0,64.0,1673.0,112.0,-1091.0,,209.0
100.0,-51.0,,-389.0,41.0,1707.0,131.0,-1258.0,,240.0
-31.0,-181.0,,-373.0,-10.0,2115.0,176.0,-1212.0,,269.0
180.0,-273.0,,-380.0,-78.0,2191.0,173.0,-1533.0,,308.0
135.0,-229.0,,-455.0,-53.0,2021.0,149.0,-1505.0,,325.0
210.0,-91.0,,-501.0,-76.0,2046.0,120.0,-1585.0,,320.0
16.0,41.0,,-515.0,-47.0,2236.0,106.0,-1614.0,,298.0
80.0,198.0,,-532.0,20.0,2174.0,135.0,-1507.0,,258.0
89.0,385.0,,-440.0,17.0,1813.0,163.0,-1725.0,,224.0
156.0,498.0,,-441.0,85.0,1422.0,182.0,-1703.0,,187.0
72.0,510.0,,-485.0,110.0,1064.0,196.0,-1980.0,,140.0
-104.0,480.0,,-520.0,73.0,878.0,156.0,-2030.0,,78.0
-4.0,518.0,,-577.0,103.0,638.0,48.0,-2093.0,,29.0
-15.0,587.0,,-589.0,94.0,301.0,-56.0,-2185.0,,-18.0
75.0,565.0,,-593.0,96.0,143.0,-87.0,-1969.0,,-90.0
-74.0,565.0,,-534.0,145.0,176.0,-73.0,-1984.0,,-193.0
-50.0,545.0,,-471.0,139.0,252.0,-46.0,-1698.0,,-338.0
-59.0,459.0,,-418.0,173.0,135.0,-45.0,-1664.0,,-511.0
56.0,356.0,,-349.0,203.0,8.0,-82.0,-1540.0,,-699.0
-24.0,229.0,,-260.0,123.0,117.0,-105.0,-1334.0,,-886.0
29.0,116.0,,-161.0,97.0,56.0,-83.0,-1326.0,,-1067.0
11.0,15.0,,-46.0,112.0,-261.0,-32.0,-947.0,,-1212.0
-70.0,-38.0,,46.0,117.0,-493.0,-14.0,-846.0,,-1308.0
150.0,-39.0,,131.0,194.0,-521.0,-9.0,-624.0,,-1384.0
75.0,13.0,,271.0,206.0,-386.0,-10.0,-661.0,,-1442.0
297.0,73.0,,332.0,140.0,-315.0,-27.0,-861.0,,-1488.0
154.0,166.0,,354.0,69.0,-169.0,-41.0,-910.0,,-1521.0
185.0,282.0,,423.0,-67.0,-75.0,-47.0,-1206.0,,-1512.0
117.0,316.0,,462.0,-160.0,-225.0,-46.0,-1171.0,,-1438.0
179.0,332.0,,447.0,-163.0,-367.0,-73.0,-1419.0,,-1311.0
447.0,283.0,,492.0,-202.0,-423.0,-86.0,-1465.0,,-1156.0
319.0,98.0,,524.0,-195.0,-361.0,-84.0,-1380.0,,-973.0
329.0,-167.0,,479.0,-133.0,-324.0,-78.0,-1426.0,,-816.0
287.0,-460.0,,501.0,-137.0,-250.0,-43.0,-1256.0,,-706.0
501.0,-664.0,,465.0,-131.0,-210.0,-7.0,-1537.0,,-622.0
494.0,-714.0,,370.0,-137.0,-312.0,43.0,-1553.0,,-547.0
478.0,-703.0,,272.0,-206.0,-527.0,88.0,-1696.0,,-452.0
417.0,-637.0,,137.0,-195.0,-622.0,89.0,-1810.0,,-362.0
463.0,-501.0,,65.0,-141.0,-317.0,42.0,-1675.0,,-279.0
565.0,-379.0,,11.0,-107.0,-250.0,-33.0,-1840.0,,-219.0
523.0,-297.0,,3.0,-38.0,-439.0,-102.0,-1755.0,,-177.0
456.0,-318.0,,-26.0,-24.0,-624.0,-169.0,-1936.0,,-124.0
486.0,-383.0,,-98.0,-79.0,-687.0,-198.0,-1949.0,,-66.0
426.0,-329.0,,-84.0,-96.0,-619.0,-194.0,-1934.0,,22.0
285.0,-242.0,,-91.0,-115.0,-898.0,-163.0,-2067.0,,101.0
436.0,-214.0,,-106.0,-120.0,-1041.0,-115.0,-1973.0,,160.0
319.0,-116.0,,-90.0,-57.0,-932.0,-90.0,-2143.0,,206.0
436.0,1.0,,-52.0,-35.0,-975.0,-113.0,-1921.0,,222.0
171.0,26.0,,17.0,-31.0,-1142.0,-190.0,-1838.0,,224.0
73.0,8.0,,-7.0,28.0,-1298.0,-240.0,-1722.0,,174.0
-19.0,9.0,,-43.0,56.0,-1268.0,-252.0,-1431.0,,82.0
146.0,54.0,,8.0,86.0,-1391.0,-245.0,-1398.0,,-27.0
272.0,52.0,,58.0,115.0,-1707.0,-216.0,-1121.0,,-135.0
-217.0,32.0,,76.0,46.0,-1985.0,-219.0,-1156.0,,-229.0
71.0,57.0,,76.0,8.0,-2333.0,-263.0,-992.0,,-329.0
-12.0,108.0,,80.0,3.0,-2541.0,-305.0,-894.0,,-432.0
147.0,183.0,,38.0,-88.0,-2439.0,-318.0,-905.0,,-568.0
-85.0,248.0,,16.0,-175.0,-2344.0,-306.0,-772.0,,-733.0
-55.0,231.0,,104.0,-230.0,-2441.0,-279.0,-1027.0,,-889.0
77.0,163.0,,159.0,-263.0,-2416.0,-264.0,-925.0,,-1024.0
-87.0,62.0,,149.0,-210.0,-2017.0,-255.0,-951.0,,-1096.0
122.0,-112.0,,183.0,-157.0,-1628.0,-246.0,-820.0,,-1116.0
-241.0,-245.0,,239.0,-162.0,-1642.0,-235.0,-642.0,,-1107.0
17.0,-369.0,,263.0,-152.0,-1781.0,-192.0,-705.0,,-1074.0
-37.0,-445.0,,287.0,-146.0,-1596.0,-130.0,-526.0,,-1034.0
47.0,-412.0,,315.0,-150.0,-1538.0,-98.0,-748.0,,-964.0
-39.0,-306.0,,247.0,-91.0,-1894.0,-116.0,-748.0,,-867.0
-103.0,-235.0,,200.0,-18.0,-2100.0,-137.0,-824.0,,-744.0
95.0,-218.0,,218.0,11.0,-2248.0,-142.0,-757.0,,-618.0
-115.0,-179.0,,108.0,48.0,-2378.0,-135.0,-484.0,,-517.0
-84.0,-190.0,,10.0,37.0,-2408.0,-100.0,-615.0,,-416.0
-223.0,-137.0,,-12.0,-18.0,-2562.0,-60.0,-487.0,,-329.0
79.0,-171.0,,-34.0,-19.0,-2868.0,-47.0,-703.0,,-239.0
23.0,-220.0,,-211.0,-38.0,-3243.0,-87.0,-739.0,,-155.0
28.0,-198.0,,-397.0,-70.0,-3280.0,-143.0,-770.0,,-84.0
22.0,-202.0,,-365.0,-42.0,-2993.0,-186.0,-1018.0,,-11.0
-103.0,-236.0,,-437.0,-40.0,-2888.0,-190.0,-925.0,,43.0
132.0,-338.0,,-525.0,-62.0,-2932.0,-173.0,-1123.0,,87.0
142.0,-267.0,,-510.0,-66.0,-2686.0,-166.0,-1047.0,,110.0
148.0,-208.0,,-486.0,-74.0,-2183.0,-151.0,-1097.0,,119.0
69.0,-101.0,,-499.0,-53.0,-1844.0,-159.0,-1029.0,,122.0
132.0,49.0,,-560.0,-15.0,-1784.0,-166.0,-733.0,,130.0
131.0,128.0,,-519.0,-6.0,-1793.0,-146.0,-681.0,,153.0
64.0,172.0,,-408.0,5.0,-1794.0,-88.0,-319.0,,167.0
22.0,46.0,,-318.0,44.0,-2045.0,-43.0,-295.0,,182.0
56.0,-96.0,,-250.0,44.0,-2646.0,-80.0,-123.0,,187.0
19.0,-324.0,,-211.0,18.0,-3107.0,-155.0,-42.0,,175.0
66.0,-468.0,,-228.0,4.0,-3155.0,-245.0,-158.0,,180.0
65.0,-640.0,,-235.0,-57.0,-3288.0,-307.0,-84.0,,209.0
-95.0,-748.0,,-220.0,-94.0,-3553.0,-310.0,-277.0,,249.0
-90.0,-688.0,,-200.0,-70.0,-3525.0,-273.0,-157.0,,286.0
-36.0,-749.0,,-174.0,-56.0,-3233.0,-255.0,-332.0,,294.0
99.0,-715.0,,-162.0,1.0,-2900.0,-248.0,-404.0,,260.0
-57.0,-735.0,,-134.0,67.0,-2568.0,-211.0,-312.0,,199.0
-105.0,-735.0,,-121.0,64.0,-2238.0,-182.0,-439.0,,96.0
-104.0,-615.0,,-91.0,55.0,-2032.0,-132.0,-251.0,,-35.0
-49.0,-429.0,,-72.0,5.0,-1848.0,-104.0,-351.0,,-177.0
-69.0,-196.0,,-78.0,-94.0,-1459.0,-101.0,-203.0,,-329.0
-232.0,22.0,,-45.0,-119.0,-1094.0,-94.0,-151.0,,-495.0
-7.0,281.0,,86.0,-99.0,-1196.0,-140.0,-151.0,,-688.0
-99.0,447.0,,99.0,-101.0,-1483.0,-141.0,29.0,,-899.0
-129.0,646.0,,58.0,-57.0,-1484.0,-101.0,-44.0,,-1119.0
-272.0,805.0,,140.0,-12.0,-1398.0,-43.0,275.0,,-1331.0
-362.0,826.0,,57.0,33.0,-1636.0,39.0,371.0,,-1521.0
-263.0,833.0,,72.0,120.0,-1965.0,102.0,576.0,,-1643.0
-373.0,813.0,,153.0,134.0,-1804.0,171.0,818.0,,-1696.0
-358.0,751.0,,76.0,112.0,-1570.0,218.0,990.0,,-1711.0
-572.0,637.0,,47.0,128.0,-1595.0,237.0,1472.0,,-1661.0
-338.0,653.0,,46.0,120.0,-1450.0,249.0,1522.0,,-1581.0
-510.0,704.0,,13.0,112.0,-918.0,263.0,1686.0,,-1474.0
-466.0,580.0,,-68.0,119.0,-309.0,258.0,1533.0,,-1347.0
-335.0,396.0,,-83.0,85.0,-41.0,229.0,1330.0,,-1197.0
-565.0,201.0,,-114.0,85.0,130.0,235.0,1339.0,,-1045.0
-177.0,120.0,,-202.0,138.0,356.0,255.0,1165.0,,-948.0
-332.0,20.0,,-235.0,144.0,586.0,268.0,1335.0,,-864.0
-217.0,-129.0,,-210.0,151.0,567.0,272.0,1258.0,,-811.0
-474.0,-124.0,,-167.0,170.0,350.0,246.0,1374.0,,-781.0
-273.0,-71.0,,-135.0,147.0,139.0,241.0,1443.0,,-752.0
-22.0,50.0,,-98.0,146.0,-310.0,272.0,1395.0,,-727.0
-215.0,63.0,,-63.0,135.0,-411.0,294.0,1474.0,,-669.0
-52.0,62.0,,-17.0,77.0,-45.0,275.0,1140.0,,-607.0
-322.0,208.0,,-29.0,62.0,257.0,240.0,1119.0,,-535.0
-133.0,284.0,,-43.0,46.0,335.0,243.0,999.0,,-447.0
-263.0,294.0,,-53.0,16.0,487.0,264.0,1027.0,,-333.0
-157.0,313.0,,-94.0,38.0,1004.0,276.0,1071.0,,-177.0
-422.0,454.0,,-82.0,23.0,1249.0,278.0,897.0,,0.0
-552.0,512.0,,-41.0,-30.0,1039.0,288.0,1018.0,,193.0
-447.0,428.0,,-33.0,-43.0,836.0,297.0,776.0,,410.0
-533.0,410.0,,-103.0,-74.0,916.0,277.0,807.0,,656.0
-499.0,370.0,,-65.0,-100.0,1114.0,254.0,724.0,,900.0
-776.0,241.0,,-10.0,-100.0,1072.0,247.0,644.0,,1130.0
-626.0,79.0,,-269.0,-168.0,951.0,246.0,844.0,,1330.0
-839.0,-37.0,,-308.0,-224.0,1022.0,266.0,750.0,,1463.0
-753.0,-141.0,,-230.0,-221.0,1222.0,287.0,992.0,,1534.0
-898.0,-215.0,,-539.0,-233.0,1422.0,305.0,1034.0,,1556.0
-877.0,-220.0,,-573.0,-207.0,1639.0,335.0,1228.0,,1523.0
-887.0,-192.0,,-487.0,-178.0,2027.0,362.0,1395.0,,1441.0
-956.0,-36.0,,-761.0,-215.0,2387.0,378.0,1376.0,,1315.0
-967.0,43.0,,-750.0,-226.0,2562.0,370.0,1690.0,,1175.0
-1005.0,-56.0,,-514.0,-212.0,2582.0,361.0,1764.0,,1023.0
-531.0,-27.0,,-674.0,-192.0,2255.0,368.0,2102.0,,874.0
-762.0,97.0,,-803.0,-111.0,1894.0,403.0,2180.0,,752.0
-782.0,89.0,,-651.0,-53.0,1697.0,443.0,2147.0,,642.0
-958.0,-17.0,,-660.0,-37.0,1593.0,480.0,2137.0,,548.0
-669.0,-23.0,,-654.0,29.0,1430.0,476.0,1860.0,,448.0
-538.0,-68.0,,-601.0,86.0,1026.0,405.0,1971.0,,335.0
-507.0,-196.0,,-607.0,125.0,771.0,339.0,1853.0,,215.0
-504.0,-268.0,,-577.0,190.0,851.0,314.0,1993.0,,95.0
-788.0,-203.0,,-692.0,199.0,924.0,353.0,2063.0,,8.0
-356.0,-96.0,,-613.0,198.0,874.0,413.0,1997.0,,-44.0
-415.0,-26.0,,-461.0,224.0,989.0,447.0,2176.0,,-62.0
-235.0,226.0,,-397.0,189.0,1301.0,464.0,2006.0,,-62.0
-343.0,346.0,,-364.0,170.0,1653.0,458.0,2071.0,,-51.0
-200.0,367.0,,-366.0,165.0,1832.0,432.0,1858.0,,-29.0
-4.0,389.0,,-223.0,103.0,2113.0,400.0,1792.0,,-9.0
-44.0,354.0,,-295.0,62.0,2463.0,400.0,1893.0,,27.0
48.0,391.0,,-199.0,19.0,2403.0,416.0,1812.0,,75.0
-64.0,265.0,,-145.0,-46.0,2314.0,424.0,1958.0,,147.0
131.0,95.0,,-155.0,-51.0,2193.0,405.0,1698.0,,251.0
39.0,-53.0,,-75.0,-63.0,2029.0,389.0,1581.0,,347.0
92.0,-165.0,,-197.0,-95.0,1663.0,433.0,1285.0,,426.0
60.0,-244.0,,-24.0,-74.0,1031.0,484.0,1036.0,,492.0
52.0,-309.0,,-157.0,-79.0,715.0,546.0,1038.0,,539.0
56.0,-294.0,,-239.0,-84.0,598.0,578.0,801.0,,563.0
-52.0,-255.0,,-100.0,-31.0,496.0,546.0,912.0,,579.0
-105.0,-208.0,,-268.0,-14.0,398.0,517.0,740.0,,575.0
-15.0,-170.0,,-173.0,0.0,495.0,501.0,740.0,,557.0
77.0,-99.0,,-259.0,45.0,758.0,511.0,818.0,,537.0
-91.0,19.0,,-285.0,34.0,932.0,517.0,800.0,,478.0
-232.0,204.0,,-186.0,48.0,1047.0,532.0,1117.0,,389.0
-227.0,246.0,,-324.0,87.0,1272.0,564.0,1195.0,,264.0
-50.0,335.0,,-219.0,65.0,1402.0,574.0,1509.0,,115.0
-64.0,423.0,,-223.0,65.0,1154.0,571.0,1529.0,,-26.0
-82.0,340.0,,-356.0,56.0,985.0,544.0,1492.0,,-180.0
-320.0,310.0,,-351.0,1.0,726.0,542.0,1505.0,,-323.0
-286.0,178.0,,-263.0,-8.0,454.0,542.0,1228.0,,-466.0
7.0,148.0,,-249.0,-30.0,474.0,518.0,1287.0,,-614.0
0.0,155.0,,-171.0,-38.0,419.0,489.0,1067.0,,-753.0
-174.0,116.0,,-34.0,24.0,358.0,433.0,1034.0,,-883.0
-338.0,199.0,,-117.0,34.0,438.0,383.0,896.0,,-992.0
-156.0,344.0,,0.0,20.0,688.0,349.0,628.0,,-1080.0
-129.0,403.0,,152.0,19.0,807.0,330.0,655.0,,-1129.0
-141.0,345.0,,67.0,-55.0,663.0,322.0,489.0,,-1171.0
-135.0,327.0,,91.0,-115.0,597.0,345.0,681.0,,-1205.0
-295.0,255.0,,182.0,-120.0,661.0,377.0,652.0,,-1224.0
-363.0,179.0,,201.0,-125.0,688.0,389.0,709.0,,-1255.0
-274.0,-9.0,,188.0,-73.0,692.0,394.0,794.0,,-1259.0
-105.0,-190.0,,179.0,-39.0,677.0,373.0,748.0,,-1228.0
-89.0,-236.0,,228.0,-62.0,698.0,368.0,1086.0,,-1184.0
-48.0,-336.0,,217.0,-28.0,699.0,384.0,1045.0,,-1138.0
-137.0,-351.0,,262.0,-24.0,569.0,373.0,1213.0,,-1074.0
-332.0,-318.0,,269.0,-59.0,554.0,313.0,1335.0,,-1005.0
-141.0,-283.0,,190.0,-53.0,553.0,253.0,1474.0,,-944.0
-91.0,-176.0,,258.0,-85.0,467.0,219.0,1727.0,,-856.0
-57.0,-59.0,,166.0,-88.0,290.0,197.0,1561.0,,-759.0
-133.0,0.0,,145.0,-40.0,138.0,186.0,1557.0,,-657.0
-214.0,78.0,,179.0,-52.0,251.0,169.0,1267.0,,-538.0
-178.0,169.0,,107.0,-49.0,369.0,142.0,1162.0,,-400.0
-269.0,209.0,,100.0,-15.0,450.0,101.0,1082.0,,-240.0
-103.0,193.0,,57.0,-11.0,475.0,81.0,957.0,,-63.0
-227.0,84.0,,6.0,40.0,329.0,85.0,1197.0,,136.0
-279.0,52.0,,-22.0,66.0,303.0,91.0,1108.0,,336.0
-384.0,81.0,,-41.0,39.0,222.0,105.0,1285.0,,510.0
-327.0,-10.0,,-129.0,63.0,-22.0,100.0,1280.0,,632.0
-344.0,-113.0,,-140.0,63.0,-320.0,69.0,1178.0,,688.0
-520.0,-173.0,,-108.0,72.0,-760.0,9.0,1152.0,,694.0
-370.0,-268.0,,-34.0,133.0,-877.0,-38.0,835.0,,680.0
-437.0,-406.0,,-39.0,133.0,-741.0,-29.0,779.0,,670.0
-333.0,-372.0,,-10.0,124.0,-746.0,1.0,454.0,,658.0
-401.0,-231.0,,149.0,123.0,-812.0,35.0,421.0,,614.0
-375.0,-189.0,,65.0,57.0,-810.0,51.0,480.0,,539.0
-461.0,-37.0,,51.0,-12.0,-755.0,49.0,415.0,,417.0
-366.0,85.0,,135.0,-70.0,-915.0,22.0,513.0,,250.0
-257.0,155.0,,116.0,-148.0,-1258.0,9.0,182.0,,70.0
-396.0,377.0,,111.0,-180.0,-1552.0,38.0,116.0,,-108.0
-335.0,512.0,,102.0,-205.0,-1638.0,56.0,-59.0,,-284.0
-409.0,529.0,,17.0,-243.0,-1700.0,49.0,-90.0,,-437.0
-301.0,462.0,,38.0,-222.0,-1778.0,14.0,77.0,,-540.0
-335.0,471.0,,138.0,-222.0,-1865.0,-25.0,55.0,,-610.0
-143.0,545.0,,133.0,-236.0,-1974.0,-69.0,363.0,,-643.0
-202.0,470.0,,176.0,-186.0,-1900.0,-105.0,376.0,,-644.0
-237.0,489.0,,178.0,-156.0,-1857.0,-95.0,570.0,,-630.0
-68.0,515.0,,231.0,-108.0,-1794.0,-84.0,667.0,,-589.0
-83.0,406.0,,269.0,-8.0,-1701.0,-66.0,630.0,,-547.0
-34.0,276.0,,276.0,57.0,-1487.0,-50.0,814.0,,-485.0
-191.0,142.0,,376.0,139.0,-1283.0,-49.0,729.0,,-429.0
33.0,150.0,,321.0,199.0,-1515.0,-48.0,962.0,,-374.0
-61.0,117.0,,332.0,180.0,-1841.0,-43.0,942.0,,-282.0
-145.0,-45.0,,378.0,200.0,-1962.0,-12.0,881.0,,-186.0
99.0,-99.0,,333.0,227.0,-1858.0,7.0,849.0,,-73.0
70.0,-159.0,,365.0,191.0,-2059.0,23.0,731.0,,15.0
-21.0,-232.0,,408.0,178.0,-2616.0,6.0,883.0,,86.0
-77.0,-243.0,,410.0,147.0,-2930.0,-23.0,735.0,,154.0
5.0,-318.0,,334.0,84.0,-2844.0,-15.0,892.0,,190.0
-70.0,-379.0,,282.0,51.0,-2471.0,-15.0,938.0,,201.0
-44.0,-283.0,,276.0,-22.0,-2196.0,-1.0,946.0,,180.0
-84.0,-215.0,,287.0,-82.0,-2032.0,-21.0,1043.0,,147.0
-178.0,-271.0,,379.0,-56.0,-1916.0,-63.0,763.0,,110.0
-263.0,-222.0,,377.0,-48.0,-1817.0,-87.0,739.0,,48.0
-277.0,-208.0,,380.0,-23.0,-1702.0,-95.0,587.0,,-45.0
-152.0,-354.0,,463.0,51.0,-1672.0,-57.0,703.0,,-149.0
-208.0,-443.0,,378.0,87.0,-1836.0,-26.0,770.0,,-266.0
-157.0,-428.0,,360.0,123.0,-2098.0,-6.0,729.0,,-387.0
-279.0,-510.0,,361.0,158.0,-2214.0,4.0,914.0,,-513.0
-230.0,-525.0,,291.0,149.0,-2436.0,9.0,641.0,,-666.0
-264.0,-530.0,,304.0,167.0,-2698.0,0.0,537.0,,-819.0
-195.0,-636.0,,283.0,178.0,-2660.0,-14.0,216.0,,-969.0
-146.0,-530.0,,287.0,129.0,-2260.0,-12.0,11.0,,-1101.0
-158.0,-456.0,,287.0,93.0,-1911.0,-26.0,40.0,,-1203.0
108.0,-418.0,,305.0,41.0,-2001.0,-12.0,-88.0,,-1270.0
-112.0,-349.0,,376.0,-45.0,-1969.0,34.0,149.0,,-1295.0
-62.0,-274.0,,454.0,-78.0,-1540.0,42.0,112.0,,-1272.0
-142.0,-158.0,,456.0,-107.0,-1091.0,16.0,290.0,,-1216.0
190.0,-48.0,,411.0,-126.0,-806.0,-34.0,373.0,,-1142.0
192.0,-17.0,,465.0,-98.0,-615.0,-99.0,306.0,,-1055.0
146.0,-72.0,,512.0,-99.0,-386.0,-142.0,432.0,,-990.0
375.0,-1.0,,562.0,-83.0,-158.0,-138.0,214.0,,-930.0
73.0,21.0,,601.0,-6.0,-75.0,-97.0,338.0,,-866.0
320.0,93.0,,515.0,61.0,-194.0,-63.0,314.0,,-806.0
145.0,158.0,,498.0,125.0,-417.0,-48.0,434.0,,-725.0
483.0,155.0,,540.0,185.0,-604.0,-65.0,570.0,,-615.0
430.0,223.0,,466.0,187.0,-732.0,-98.0,365.0,,-497.0
432.0,293.0,,405.0,216.0,-999.0,-112.0,454.0,,-388.0
487.0,326.0,,364.0,251.0,-1443.0,-111.0,288.0,,-267.0
383.0,337.0,,373.0,208.0,-1651.0,-81.0,413.0,,-146.0
841.0,429.0,,414.0,165.0,-1598.0,-46.0,345.0,,-19.0
646.0,347.0,,365.0,99.0,-1510.0,-54.0,116.0,,118.0
754.0,214.0,,336.0,15.0,-1466.0,-91.0,103.0,,251.0
453.0,115.0,,307.0,-8.0,-1406.0,-136.0,-240.0,,371.0
767.0,47.0,,253.0,-29.0,-967.0,-174.0,-293.0,,450.0
751.0,18.0,,307.0,-71.0,-386.0,-163.0,-508.0,,491.0
600.0,-100.0,,325.0,-59.0,-160.0,-137.0,-508.0,,481.0
714.0,-85.0,,208.0,-57.0,-197.0,-129.0,-439.0,,434.0
464.0,-29.0,,167.0,-73.0,-94.0,-145.0,-447.0,,365.0
706.0,-63.0,,245.0,-40.0,124.0,-207.0,-166.0,,250.0
522.0,-169.0,,250.0,-31.0,-18.0,-266.0,-171.0,,117.0
709.0,-213.0,,172.0,-17.0,-362.0,-312.0,153.0,,-12.0
386.0,-169.0,,162.0,46.0,-469.0,-344.0,279.0,,-151.0
432.0,-169.0,,114.0,89.0,-425.0,-341.0,351.0,,-286.0
406.0,-190.0,,31.0,135.0,-508.0,-331.0,521.0,,-392.0
213.0,-124.0,,39.0,172.0,-573.0,-328.0,485.0,,-492.0
406.0,29.0,,78.0,125.0,-485.0,-318.0,709.0,,-591.0
255.0,108.0,,118.0,59.0,-434.0,-314.0,558.0,,-675.0
405.0,113.0,,182.0,-7.0,-412.0,-328.0,535.0,,-758.0
75.0,206.0,,182.0,-102.0,-234.0,-378.0,423.0,,-852.0
201.0,326.0,,118.0,-144.0,70.0,-416.0,168.0,,-946.0
132.0,346.0,,137.0,-146.0,223.0,-425.0,142.0,,-1019.0
277.0,356.0,,186.0,-153.0,234.0,-445.0,-18.0,,-1057.0
411.0,267.0,,185.0,-123.0,413.0,-437.0,184.0,,-1060.0
270.0,177.0,,282.0,-119.0,734.0,-437.0,155.0,,-1014.0
394.0,82.0,,385.0,-164.0,744.0,-455.0,133.0,,-916.0
321.0,-86.0,,351.0,-171.0,544.0,-452.0,96.0,,-794.0
631.0,-116.0,,394.0,-170.0,521.0,-438.0,-157.0,,-652.0
383.0,-147.0,,381.0,-181.0,634.0,-412.0,-179.0,,-506.0
491.0,-156.0,,381.0,-148.0,631.0,-384.0,-465.0,,-368.0
503.0,-132.0,,424.0,-100.0,462.0,-377.0,-450.0,,-241.0
692.0,-153.0,,472.0,-43.0,486.0,-392.0,-465.0,,-133.0
748.0,-99.0,,578.0,26.0,515.0,-402.0,-509.0,,-29.0
513.0,-52.0,,574.0,28.0,233.0,-416.0,-526.0,,48.0
690.0,-94.0,,543.0,-8.0,-223.0,-389.0,-873.0,,97.0
500.0,-74.0,,410.0,-24.0,-425.0,-289.0,-925.0,,118.0
880.0,12.0,,410.0,-59.0,-250.0,-182.0,-1167.0,,115.0
653.0,37.0,,470.0,-87.0,-200.0,-116.0,-1154.0,,91.0
689.0,137.0,,451.0,-83.0,-275.0,-141.0,-1097.0,,37.0
555.0,233.0,,449.0,-129.0,-310.0,-236.0,-1130.0,,-31.0
495.0,273.0,,404.0,-167.0,-66.0,-314.0,-883.0,,-108.0
680.0,319.0,,394.0,-152.0,333.0,-313.0,-1003.0,,-175.0
354.0,283.0,,325.0,-149.0,534.0,-252.0,-897.0,,-240.0
720.0,202.0,,299.0,-118.0,663.0,-198.0,-953.0,,-315.0
378.0,134.0,,246.0,-93.0,656.0,-159.0,-881.0,,-366.0
490.0,102.0,,166.0,-120.0,682.0,-140.0,-591.0,,-407.0
295.0,45.0,,148.0,-105.0,759.0,-141.0,-593.0,,-439.0
263.0,79.0,,33.0,-42.0,782.0,-135.0,-288.0,,-444.0
429.0,112.0,,-63.0,5.0,823.0,-112.0,-330.0,,-458.0
150.0,149.0,,-43.0,67.0,880.0,-89.0,-382.0,,-486.0
414.0,180.0,,-77.0,105.0,999.0,-96.0,-559.0,,-508.0
-34.0,165.0,,-98.0,88.0,1065.0,-158.0,-800.0,,-525.0
157.0,256.0,,-84.0,96.0,1256.0,-239.0,-727.0,,-540.0
241.0,205.0,,-66.0,90.0,1547.0,-305.0,-879.0,,-574.0
306.0,253.0,,-34.0,71.0,1679.0,-348.0,-611.0,,-625.0
252.0,266.0,,-34.0,122.0,1815.0,-344.0,-502.0,,-687.0
20.0,153.0,,-17.0,178.0,1905.0,-323.0,-410.0,,-778.0
246.0,178.0,,-25.0,232.0,1823.0,-330.0,-428.0,,-881.0
224.0,102.0,,21.0,297.0,1574.0,-389.0,-809.0,,-980.0
566.0,70.0,,88.0,305.0,1243.0,-467.0,-829.0,,-1080.0
415.0,147.0,,137.0,282.0,1129.0,-520.0,-1067.0,,-1155.0
307.0,172.0,,169.0,250.0,994.0,-550.0,-925.0,,-1210.0
456.0,124.0,,94.0,161.0,684.0,-559.0,-809.0,,-1242.0
781.0,156.0,,32.0,91.0,722.0,-582.0,-844.0,,-1223.0
834.0,152.0,,6.0,104.0,1142.0,-645.0,-772.0,,-1137.0
667.0,124.0,,10.0,124.0,1410.0,-751.0,-1110.0,,-983.0
870.0,134.0,,38.0,168.0,1217.0,-847.0,-1254.0,,-774.0
937.0,139.0,,69.0,219.0,893.0,-902.0,-1692.0,,-512.0
944.0,162.0,,35.0,197.0,849.0,-929.0,-1956.0,,-218.0
762.0,85.0,,27.0,160.0,962.0,-936.0,-2111.0,,91.0
875.0,-13.0,,158.0,123.0,926.0,-923.0,-2300.0,,404.0
931.0,-5.0,,145.0,65.0,788.0,-901.0,-2119.0,,707.0
956.0,83.0,,100.0,33.0,779.0,-903.0,-2265.0,,970.0
788.0,-100.0,,65.0,-10.0,863.0,-888.0,-2095.0,,1181.0
686.0,-213.0,,58.0,-73.0,905.0,-858.0,-2121.0,,1338.0
728.0,-179.0,,114.0,-79.0,982.0,-873.0,-2183.0,,1436.0
781.0,-273.0,,81.0,-72.0,1074.0,-945.0,-2017.0,,1467.0
837.0,-322.0,,88.0,-107.0,1124.0,-1008.0,-2080.0,,1432.0
552.0,-320.0,,-4.0,-117.0,1133.0,-1013.0,-1829.0,,1380.0
648.0,-206.0,,-20.0,-138.0,971.0,-979.0,-1890.0,,1318.0
462.0,-268.0,,-89.0,-200.0,619.0,-900.0,-1807.0,,1260.0
474.0,-293.0,,-186.0,-228.0,288.0,-833.0,-1759.0,,1227.0
320.0,-256.0,,-17.0,-228.0,252.0,-822.0,-1827.0,,1209.0
210.0,-262.0,,-17.0,-194.0,302.0,-843.0,-1690.0,,1209.0
321.0,-240.0,,-141.0,-113.0,274.0,-869.0,-1991.0,,1222.0
199.0,-404.0,,-152.0,-69.0,310.0,-886.0,-2069.0,,1235.0
306.0,-384.0,,-131.0,-58.0,419.0,-897.0,-2352.0,,1235.0
-89.0,-328.0,,-221.0,-48.0,509.0,-891.0,-2529.0,,1228.0
-33.0,-379.0,,-242.0,-103.0,381.0,-867.0,-2509.0,,1198.0
22.0,-312.0,,-188.0,-172.0,281.0,-825.0,-2734.0,,1156.0
128.0,-306.0,,-235.0,-188.0,365.0,-771.0,-2621.0,,1100.0
-14.0,-283.0,,-210.0,-186.0,494.0,-707.0,-2703.0,,1033.0
-249.0,-161.0,,-208.0,-146.0,500.0,-645.0,-2516.0,,973.0
-21.0,-167.0,,-177.0,-91.0,354.0,-592.0,-2365.0,,908.0
-115.0,-213.0,,-182.0,-92.0,358.0,-549.0,-2331.0,,849.0
54.0,-147.0,,-193.0,-81.0,532.0,-540.0,-2054.0,,774.0
-166.0,-234.0,,-91.0,-60.0,774.0,-548.0,-1997.0,,678.0
-150.0,-212.0,,-82.0,-119.0,916.0,-573.0,-1572.0,,573.0
-148.0,-17.0,,27.0,-164.0,881.0,-597.0,-1402.0,,451.0
-58.0,39.0,,33.0,-142.0,742.0,-593.0,-1330.0,,328.0
0.0,115.0,,29.0,-109.0,767.0,-590.0,-1328.0,,223.0
-299.0,39.0,,119.0,-32.0,1085.0,-565.0,-1500.0,,118.0
-153.0,-138.0,,148.0,45.0,1306.0,-522.0,-1287.0,,11.0
-185.0,-191.0,,215.0,84.0,1250.0,-478.0,-1387.0,,-82.0
-73.0,-262.0,,201.0,119.0,1304.0,-444.0,-1274.0,,-174.0
-278.0,-336.0,,195.0,90.0,1655.0,-438.0,-1243.0,,-231.0
-207.0,-334.0,,129.0,47.0,1789.0,-426.0,-1221.0,,-250.0
-117.0,-269.0,,93.0,89.0,1621.0,-366.0,-1006.0,,-237.0
-87.0,-236.0,,24.0,130.0,1537.0,-269.0,-1108.0,,-185.0
-71.0,-216.0,,-40.0,155.0,1594.0,-196.0,-933.0,,-113.0
-308.0,-136.0,,-71.0,204.0,1572.0,-168.0,-1016.0,,-21.0
64.0,-103.0,,-119.0,204.0,1279.0,-174.0,-968.0,,68.0
20.0,-61.0,,-179.0,168.0,1044.0,-163.0,-997.0,,139.0
35.0,-28.0,,-324.0,122.0,1280.0,-141.0,-1287.0,,188.0
-201.0,-42.0,,-319.0,25.0,1704.0,-126.0,-1276.0,,226.0
-214.0,-28.0,,-324.0,-32.0,1809.0,-84.0,-1459.0,,265.0
35.0,-52.0,,-444.0,-15.0,1715.0,-45.0,-1291.0,,297.0
-113.0,-57.0,,-567.0,-8.0,1765.0,-11.0,-1310.0,,311.0
-60.0,-58.0,,-616.0,34.0,1925.0,28.0,-1428.0,,282.0
-170.0,-25.0,,-676.0,94.0,1898.0,60.0,-1428.0,,237.0
102.0,-8.0,,-744.0,91.0,1792.0,87.0,-1668.0,,192.0
33.0,10.0,,-858.0,86.0,1775.0,96.0,-1557.0,,132.0
44.0,74.0,,-966.0,70.0,1721.0,96.0,-1642.0,,82.0
-8.0,95.0,,-948.0,6.0,1679.0,96.0,-1531.0,,48.0
-39.0,143.0,,-947.0,-38.0,1523.0,108.0,-1430.0,,27.0
296.0,85.0,,-972.0,-67.0,1237.0,140.0,-1446.0,,8.0
244.0,33.0,,-953.0,-79.0,919.0,157.0,-1180.0,,-37.0
180.0,-14.0,,-849.0,-39.0,773.0,197.0,-1151.0,,-114.0
-78.0,-72.0,,-741.0,-22.0,922.0,246.0,-837.0,,-218.0
190.0,-88.0,,-609.0,-35.0,993.0,303.0,-696.0,,-334.0
280.0,-115.0,,-558.0,-22.0,923.0,350.0,-491.0,,-456.0
328.0,-16.0,,-497.0,-42.0,1027.0,314.0,-223.0,,-575.0
268.0,-40.0,,-387.0,-72.0,1178.0,249.0,-327.0,,-703.0
125.0,48.0,,-346.0,-58.0,1000.0,169.0,-190.0,,-831.0
305.0,294.0,,-317.0,-52.0,757.0,164.0,-286.0,,-943.0
148.0,408.0,,-220.0,-32.0,678.0,239.0,-166.0,,-1061.0
268.0,528.0,,-171.0,12.0,780.0,325.0,-103.0,,-1166.0
162.0,637.0,,-214.0,26.0,1056.0,400.0,-175.0,,-1250.0
337.0,727.0,,-45.0,60.0,1329.0,381.0,-33.0,,-1297.0
298.0,688.0,,31.0,114.0,1512.0,298.0,-129.0,,-1278.0
148.0,617.0,,-85.0,104.0,1540.0,230.0,38.0,,-1203.0
183.0,498.0,,-134.0,86.0,1473.0,232.0,-53.0,,-1096.0
160.0,279.0,,-131.0,96.0,1383.0,275.0,-25.0,,-959.0
366.0,67.0,,-123.0,99.0,1340.0,320.0,109.0,,-795.0
153.0,-185.0,,-95.0,140.0,1354.0,335.0,-1.0,,-606.0
156.0,-382.0,,-125.0,166.0,1441.0,317.0,158.0,,-413.0
49.0,-491.0,,-220.0,142.0,1423.0,322.0,-11.0,,-222.0
131.0,-562.0,,-200.0,149.0,1129.0,360.0,131.0,,-28.0
209.0,-667.0,,-197.0,139.0,832.0,421.0,291.0,,135.0
74.0,-692.0,,-287.0,106.0,759.0,459.0,310.0,,279.0
-96.0,-572.0,,-370.0,122.0,741.0,458.0,432.0,,390.0
-248.0,-392.0,,-398.0,142.0,532.0,402.0,188.0,,481.0
16.0,-193.0,,-415.0,161.0,285.0,305.0,142.0,,545.0
-88.0,-27.0,,-447.0,211.0,223.0,278.0,-169.0,,568.0
-249.0,93.0,,-544.0,212.0,290.0,350.0,-308.0,,557.0
-407.0,182.0,,-657.0,164.0,220.0,440.0,-365.0,,486.0
-350.0,211.0,,-638.0,119.0,17.0,490.0,-598.0,,380.0
-291.0,189.0,,-568.0,33.0,-20.0,470.0,-506.0,,243.0
-423.0,213.0,,-542.0,-51.0,112.0,431.0,-637.0,,92.0
-457.0,137.0,,-498.0,-96.0,86.0,416.0,-378.0,,-48.0
-504.0,-18.0,,-418.0,-163.0,-202.0,407.0,-230.0,,-161.0
-446.0,-159.0,,-328.0,-208.0,-461.0,408.0,-177.0,,-241.0
-487.0,-252.0,,-307.0,-213.0,-467.0,428.0,14.0,,-291.0
-514.0,-327.0,,-348.0,-229.0,-376.0,450.0,-14.0,,-288.0
-548.0,-395.0,,-265.0,-207.0,-421.0,477.0,336.0,,-246.0
-430.0,-374.0,,-160.0,-163.0,-527.0,518.0,412.0,,-187.0
-341.0,-339.0,,-72.0,-155.0,-490.0,512.0,565.0,,-113.0
-432.0,-155.0,,-17.0,-146.0,-242.0,506.0,607.0,,-33.0
-526.0,-23.0,,-40.0,-135.0,-154.0,484.0,478.0,,25.0
-547.0,51.0,,93.0,-134.0,-356.0,467.0,541.0,,76.0
-430.0,189.0,,183.0,-99.0,-692.0,489.0,169.0,,129.0
-326.0,205.0,,126.0,-68.0,-1043.0,472.0,121.0,,164.0
-437.0,225.0,,151.0,-90.0,-1155.0,473.0,-42.0,,193.0
-422.0,287.0,,169.0,-104.0,-1207.0,476.0,-175.0,,224.0
-296.0,297.0,,174.0,-121.0,-1382.0,464.0,-249.0,,239.0
-221.0,223.0,,188.0,-128.0,-1606.0,450.0,-572.0,,236.0
-261.0,236.0,,132.0,-57.0,-1642.0,474.0,-458.0,,224.0
-457.0,200.0,,68.0,-4.0,-1573.0,531.0,-543.0,,204.0
-120.0,129.0,,-3.0,0.0,-1659.0,543.0,-371.0,,176.0
-33.0,129.0,,-146.0,37.0,-1759.0,531.0,-219.0,,137.0
-86.0,57.0,,-229.0,67.0,-1769.0,481.0,-114.0,,115.0
-324.0,-6.0,,-193.0,108.0,-1846.0,444.0,192.0,,80.0
-276.0,-83.0,,-208.0,190.0,-2215.0,435.0,188.0,,42.0
-16.0,-118.0,,-306.0,227.0,-2529.0,456.0,456.0,,5.0
-120.0,-199.0,,-332.0,229.0,-2682.0,495.0,465.0,,-62.0
56.0,-257.0,,-238.0,230.0,-2750.0,499.0,582.0,,-118.0
-306.0,-293.0,,-166.0,198.0,-2733.0,477.0,700.0,,-179.0
-82.0,-353.0,,-145.0,200.0,-2601.0,425.0,655.0,,-240.0
-191.0,-379.0,,-141.0,233.0,-2195.0,399.0,894.0,,-285.0
-176.0,-394.0,,-129.0,192.0,-1934.0,435.0,766.0,,-297.0
-146.0,-338.0,,-106.0,119.0,-1761.0,479.0,803.0,,-277.0
-416.0,-357.0,,-89.0,33.0,-1654.0,500.0,663.0,,-246.0
-129.0,-342.0,,-16.0,-74.0,-1540.0,487.0,550.0,,-191.0
-472.0,-232.0,,-5.0,-126.0,-1561.0,439.0,663.0,,-144.0
-259.0,-47.0,,-78.0,-156.0,-1752.0,395.0,572.0,,-103.0
-544.0,120.0,,-27.0,-194.0,-1644.0,402.0,790.0,,-65.0
-323.0,329.0,,74.0,-187.0,-1762.0,452.0,763.0,,-41.0
-286.0,592.0,,6.0,-185.0,-1952.0,498.0,859.0,,-13.0
-431.0,725.0,,-51.0,-210.0,-2099.0,476.0,825.0,,14.0
-316.0,828.0,,-94.0,-202.0,-2033.0,392.0,578.0,,59.0
-536.0,806.0,,-122.0,-225.0,-1639.0,302.0,567.0,,101.0
-74.0,716.0,,-107.0,-287.0,-1447.0,285.0,295.0,,127.0
-445.0,540.0,,-186.0,-317.0,-1137.0,359.0,362.0,,153.0
-299.0,229.0,,-140.0,-370.0,-751.0,445.0,230.0,,154.0
-521.0,-118.0,,-215.0,-422.0,-420.0,478.0,59.0,,121.0
-315.0,-364.0,,-253.0,-396.0,-402.0,437.0,46.0,,47.0
-237.0,-562.0,,-209.0,-351.0,-555.0,379.0,-134.0,,-60.0
-450.0,-728.0,,-297.0,-309.0,-540.0,353.0,-57.0,,-201.0
-252.0,-706.0,,-237.0,-273.0,-493.0,355.0,-282.0,,-365.0
-489.0,-643.0,,-200.0,-287.0,-454.0,355.0,-254.0,,-527.0
-76.0,-478.0,,-138.0,-273.0,-644.0,358.0,-208.0,,-688.0
-432.0,-306.0,,-116.0,-187.0,-722.0,384.0,-186.0,,-835.0
-158.0,-194.0,,-113.0,-107.0,-671.0,402.0,94.0,,-948.0
-320.0,-106.0,,-103.0,-23.0,-522.0,428.0,75.0,,-1034.0
-176.0,-51.0,,-105.0,47.0,-420.0,466.0,386.0,,-1093.0
-104.0,1.0,,-86.0,71.0,-449.0,523.0,504.0,,-1126.0
-363.0,-23.0,,-134.0,100.0,-327.0,573.0,580.0,,-1167.0
-79.0,-79.0,,-74.0,83.0,-165.0,567.0,630.0,,-1198.0
-379.0,-154.0,,-69.0,-26.0,68.0,528.0,485.0,,-1214.0
127.0,-165.0,,-168.0,-120.0,-98.0,454.0,617.0,,-1221.0
-104.0,-174.0,,-196.0,-186.0,-571.0,408.0,439.0,,-1214.0
63.0,-187.0,,-189.0,-224.0,-959.0,412.0,509.0,,-1211.0
-200.0,-168.0,,-243.0,-170.0,-1182.0,473.0,482.0,,-1190.0
-156.0,-178.0,,-290.0,-128.0,-1270.0,578.0,465.0,,-1174.0
-4.0,-183.0,,-242.0,-138.0,-1300.0,642.0,642.0,,-1159.0
-194.0,-144.0,,-197.0,-118.0,-993.0,670.0,508.0,,-1150.0
45.0,-29.0,,-259.0,-104.0,-634.0,689.0,691.0,,-1157.0
-274.0,87.0,,-230.0,-91.0,-404.0,694.0,655.0,,-1143.0
-10.0,171.0,,-153.0,-39.0,-321.0,699.0,809.0,,-1112.0
-408.0,199.0,,-167.0,-23.0,-191.0,712.0,927.0,,-1067.0
-103.0,205.0,,-63.0,-22.0,-13.0,746.0,814.0,,-1004.0
-317.0,188.0,,-67.0,23.0,-87.0,795.0,957.0,,-925.0
-117.0,126.0,,-141.0,55.0,-281.0,806.0,748.0,,-839.0
-165.0,61.0,,-97.0,90.0,-320.0,782.0,774.0,,-734.0
-399.0,18.0,,-100.0,117.0,-244.0,782.0,683.0,,-628.0
-151.0,37.0,,-62.0,72.0,-155.0,802.0,648.0,,-513.0
-479.0,52.0,,-83.0,27.0,48.0,835.0,703.0,,-388.0
53.0,67.0,,-186.0,11.0,191.0,869.0,386.0,,-283.0
-400.0,161.0,,-145.0,-7.0,273.0,882.0,267.0,,-194.0
-21.0,251.0,,-105.0,16.0,111.0,897.0,-142.0,,-130.0
-414.0,275.0,,-176.0,59.0,-143.0,886.0,-365.0,,-98.0
-112.0,254.0,,-217.0,84.0,-439.0,845.0,-537.0,,-95.0
-157.0,138.0,,-135.0,131.0,-1020.0,805.0,-593.0,,-104.0
-426.0,10.0,,-79.0,154.0,-1603.0,767.0,-336.0,,-115.0
-101.0,-57.0,,-124.0,139.0,-1852.0,766.0,-354.0,,-130.0
-635.0,-99.0,,-166.0,167.0,-1502.0,783.0,29.0,,-145.0
56.0,-54.0,,-131.0,207.0,-1252.0,767.0,177.0,,-153.0
-686.0,12.0,,-53.0,230.0,-1366.0,757.0,358.0,,-168.0
-226.0,62.0,,-19.0,264.0,-1316.0,781.0,607.0,,-185.0
-604.0,146.0,,2.0,252.0,-1011.0,786.0,436.0,,-186.0
-540.0,279.0,,-52.0,217.0,-934.0,782.0,480.0,,-194.0
-430.0,410.0,,-70.0,213.0,-1232.0,775.0,273.0,,-198.0
-833.0,507.0,,107.0,165.0,-1385.0,766.0,280.0,,-191.0
-304.0,589.0,,121.0,102.0,-1522.0,746.0,199.0,,-176.0
-990.0,587.0,,42.0,74.0,-1776.0,705.0,83.0,,-149.0
-328.0,543.0,,210.0,40.0,-2128.0,647.0,142.0,,-121.0
-920.0,488.0,,287.0,38.0,-2395.0,564.0,-110.0,,-80.0
-496.0,454.0,,231.0,59.0,-2554.0,512.0,-36.0,,-43.0
-682.0,415.0,,244.0,44.0,-2671.0,482.0,-184.0,,0.0
-770.0,265.0,,267.0,44.0,-2562.0,479.0,-129.0,,51.0
-378.0,132.0,,295.0,71.0,-2322.0,520.0,-16.0,,85.0
-794.0,38.0,,336.0,87.0,-1944.0,532.0,-203.0,,104.0
-159.0,-58.0,,390.0,133.0,-1598.0,495.0,-140.0,,93.0
-822.0,-115.0,,467.0,178.0,-1216.0,439.0,-282.0,,62.0
-252.0,-112.0,,519.0,175.0,-955.0,381.0,-121.0,,14.0
-601.0,-78.0,,529.0,176.0,-1173.0,335.0,-99.0,,-66.0
-307.0,-64.0,,597.0,162.0,-1400.0,328.0,-44.0,,-173.0
-151.0,-2.0,,727.0,105.0,-1290.0,361.0,234.0,,-298.0
-395.0,97.0,,833.0,60.0,-934.0,411.0,293.0,,-429.0
-5.0,216.0,,806.0,-9.0,-821.0,426.0,574.0,,-559.0
-631.0,319.0,,757.0,-107.0,-922.0,392.0,487.0,,-688.0
0.0,382.0,,747.0,-156.0,-769.0,337.0,609.0,,-812.0
-380.0,498.0,,690.0,-192.0,-577.0,327.0,833.0,,-917.0
128.0,573.0,,653.0,-210.0,-496.0,353.0,877.0,,-1004.0
27.0,603.0,,633.0,-160.0,-703.0,344.0,1064.0,,-1061.0
-181.0,584.0,,579.0,-103.0,-870.0,313.0,897.0,,-1088.0
-19.0,539.0,,460.0,-41.0,-627.0,269.0,999.0,,-1081.0
-359.0,537.0,,279.0,35.0,-521.0,254.0,958.0,,-1049.0
197.0,481.0,,221.0,57.0,-592.0,275.0,927.0,,-987.0
-204.0,398.0,,184.0,58.0,-723.0,282.0,1049.0,,-884.0
136.0,299.0,,110.0,70.0,-897.0,308.0,1021.0,,-774.0
-184.0,236.0,,178.0,57.0,-1024.0,320.0,1273.0,,-659.0
-29.0,157.0,,146.0,78.0,-1025.0,294.0,1186.0,,-543.0
-28.0,37.0,,110.0,142.0,-932.0,255.0,1243.0,,-431.0
-99.0,-55.0,,98.0,151.0,-1043.0,201.0,1199.0,,-336.0
192.0,-168.0,,36.0,116.0,-1222.0,168.0,1012.0,,-261.0
-95.0,-224.0,,52.0,37.0,-1293.0,154.0,1034.0,,-196.0
279.0,-277.0,,114.0,-87.0,-1154.0,142.0,755.0,,-149.0
-93.0,-316.0,,178.0,-145.0,-943.0,118.0,755.0,,-99.0
80.0,-323.0,,143.0,-164.0,-661.0,79.0,672.0,,-56.0
-167.0,-334.0,,194.0,-199.0,-216.0,14.0,729.0,,-16.0
84.0,-328.0,,188.0,-181.0,18.0,-62.0,752.0,,15.0
32.0,-330.0,,96.0,-156.0,70.0,-92.0,582.0,,49.0
-150.0,-305.0,,71.0,-152.0,16.0,-113.0,716.0,,85.0
26.0,-293.0,,36.0,-119.0,-112.0,-156.0,543.0,,92.0
-175.0,-299.0,,44.0,-107.0,-227.0,-230.0,620.0,,104.0
28.0,-310.0,,35.0,-115.0,-344.0,-331.0,648.0,,108.0
-437.0,-337.0,,63.0,-92.0,-305.0,-378.0,703.0,,100.0
-23.0,-335.0,,95.0,-90.0,-154.0,-372.0,925.0,,92.0
-278.0,-297.0,,104.0,-74.0,-119.0,-372.0,872.0,,74.0
-11.0,-218.0,,141.0,-20.0,-129.0,-374.0,1138.0,,56.0
-113.0,-124.0,,159.0,-23.0,-187.0,-402.0,1110.0,,37.0
-330.0,-52.0,,198.0,-38.0,-323.0,-459.0,1154.0,,10.0
-5.0,-24.0,,306.0,-30.0,-465.0,-499.0,1180.0,,-21.0
-220.0,-59.0,,306.0,-63.0,-486.0,-502.0,1088.0,,-65.0
187.0,-71.0,,394.0,-67.0,-332.0,-490.0,1328.0,,-130.0
-346.0,-25.0,,462.0,-69.0,-394.0,-484.0,1239.0,,-190.0
69.0,19.0,,559.0,-112.0,-530.0,-512.0,1326.0,,-254.0
-45.0,68.0,,683.0,-102.0,-476.0,-572.0,1254.0,,-329.0
113.0,113.0,,541.0,-98.0,-430.0,-638.0,1212.0,,-399.0
172.0,200.0,,989.0,-93.0,-498.0,-699.0,1295.0,,-481.0
-199.0,286.0,,1206.0,-12.0,-407.0,-686.0,1145.0,,-559.0
233.0,326.0,,83.0,41.0,-3.0,-657.0,1346.0,,-649.0
-64.0,332.0,,147.0,62.0,426.0,-637.0,1324.0,,-730.0
379.0,315.0,,1560.0,102.0,675.0,-629.0,1452.0,,-808.0
-24.0,333.0,,695.0,81.0,605.0,-662.0,1446.0,,-898.0
130.0,346.0,,-160.0,50.0,476.0,-671.0,1284.0,,-966.0
75.0,352.0,,864.0,52.0,300.0,-701.0,1363.0,,-1042.0
-61.0,336.0,,582.0,20.0,-80.0,-767.0,1171.0,,-1098.0
308.0,302.0,,-445.0,31.0,-438.0,-835.0,1319.0,,-1126.0
-129.0,264.0,,501.0,47.0,-429.0,-837.0,1234.0,,-1145.0
410.0,188.0,,577.0,9.0,-177.0,-776.0,1112.0,,-1147.0
22.0,96.0,,-195.0,41.0,100.0,-737.0,1031.0,,-1158.0
25.0,-26.0,,601.0,101.0,516.0,-747.0,757.0,,-1155.0
-25.0,-117.0,,-243.0,116.0,961.0,-804.0,798.0,,-1156.0
-147.0,-183.0,,674.0,134.0,1487.0,-848.0,502.0,,-1171.0
254.0,-242.0,,779.0,97.0,1821.0,-858.0,356.0,,-1172.0
-56.0,-196.0,,-768.0,50.0,1714.0,-860.0,88.0,,-1171.0
239.0,-116.0,,752.0,74.0,1227.0,-882.0,-86.0,,-1143.0
-180.0,-96.0,,511.0,68.0,792.0,-933.0,73.0,,-1100.0
7.0,-104.0,,-414.0,58.0,688.0,-973.0,-9.0,,-1047.0
66.0,-56.0,,264.0,60.0,707.0,-987.0,238.0,,-980.0
5.0,31.0,,515.0,2.0,711.0,-970.0,214.0,,-905.0
103.0,61.0,,-258.0,0.0,567.0,-902.0,330.0,,-814.0
-216.0,31.0,,339.0,57.0,555.0,-817.0,443.0,,-735.0
224.0,-27.0,,475.0,64.0,746.0,-794.0,269.0,,-650.0
-99.0,-49.0,,-97.0,76.0,1189.0,-837.0,301.0,,-574.0
83.0,-84.0,,426.0,61.0,1544.0,-910.0,14.0,,-516.0
-122.0,-149.0,,235.0,-10.0,1550.0,-963.0,14.0,,-449.0
148.0,-165.0,,356.0,-41.0,1673.0,-959.0,-62.0,,-414.0
278.0,-143.0,,-7.0,-86.0,1928.0,-910.0,-112.0,,-383.0
30.0,-58.0,,232.0,-135.0,1920.0,-793.0,-44.0,,-354.0
334.0,2.0,,546.0,-123.0,1341.0,-715.0,-249.0,,-334.0
-51.0,10.0,,-216.0,-138.0,720.0,-715.0,-253.0,,-299.0
402.0,17.0,,141.0,-148.0,484.0,-715.0,-618.0,,-268.0
202.0,-5.0,,290.0,-117.0,413.0,-712.0,-724.0,,-224.0
464.0,-39.0,,-59.0,-119.0,291.0,-694.0,-700.0,,-174.0
339.0,-69.0,,133.0,-101.0,22.0,-703.0,-742.0,,-121.0
455.0,-66.0,,4.0,-57.0,-73.0,-736.0,-545.0,,-61.0
685.0,-96.0,,-269.0,-50.0,220.0,-756.0,-655.0,,-7.0
387.0,-152.0,,-75.0,1.0,428.0,-738.0,-495.0,,48.0
737.0,-149.0,,-12.0,66.0,358.0,-677.0,-545.0,,102.0
447.0,-103.0,,-352.0,87.0,335.0,-621.0,-548.0,,158.0
822.0,-51.0,,-228.0,140.0,276.0,-613.0,-434.0,,207.0
533.0,-40.0,,-163.0,163.0,215.0,-642.0,-478.0,,254.0
676.0,-28.0,,-605.0,145.0,139.0,-663.0,-194.0,,306.0
612.0,25.0,,-423.0,158.0,29.0,-667.0,-206.0,,351.0
565.0,96.0,,-196.0,136.0,22.0,-625.0,7.0,,390.0
678.0,162.0,,-307.0,97.0,-24.0,-585.0,40.0,,400.0
415.0,209.0,,-319.0,110.0,-40.0,-589.0,-31.0,,383.0
689.0,225.0,,-188.0,107.0,150.0,-645.0,62.0,,339.0
467.0,196.0,,-182.0,112.0,504.0,-739.0,-181.0,,273.0
774.0,154.0,,-252.0,153.0,839.0,-815.0,-27.0,,199.0
512.0,92.0,,-163.0,142.0,1122.0,-833.0,-12.0,,118.0
542.0,-1.0,,-207.0,114.0,1320.0,-761.0,151.0,,38.0
420.0,-91.0,,-155.0,106.0,1393.0,-684.0,290.0,,-52.0
437.0,-159.0,,-143.0,83.0,1469.0,-662.0,208.0,,-140.0
607.0,-179.0,,-171.0,97.0,1577.0,-703.0,319.0,,-232.0
415.0,-156.0,,-129.0,120.0,1590.0,-741.0,49.0,,-314.0
547.0,-139.0,,-141.0,110.0,1411.0,-709.0,51.0,,-376.0
260.0,-117.0,,-33.0,131.0,1243.0,-672.0,-53.0,,-445.0
507.0,-93.0,,-179.0,145.0,1215.0,-668.0,-101.0,,-480.0
346.0,-64.0,,-127.0,106.0,1108.0,-727.0,-55.0,,-503.0
371.0,14.0,,10.0,85.0,830.0,-776.0,-354.0,,-531.0
467.0,92.0,,-268.0,66.0,672.0,-754.0,-386.0,,-553.0
466.0,145.0,,-109.0,6.0,855.0,-694.0,-696.0,,-585.0
462.0,164.0,,0.0,-34.0,1057.0,-624.0,-746.0,,-617.0
351.0,182.0,,-187.0,-59.0,1083.0,-593.0,-724.0,,-635.0
461.0,249.0,,-3.0,-74.0,1182.0,-586.0,-788.0,,-638.0
279.0,313.0,,42.0,-54.0,1388.0,-572.0,-596.0,,-641.0
487.0,370.0,,-163.0,-52.0,1530.0,-523.0,-757.0,,-630.0
477.0,351.0,,-89.0,-57.0,1451.0,-426.0,-667.0,,-627.0
575.0,322.0,,-62.0,-31.0,1179.0,-327.0,-668.0,,-643.0
446.0,309.0,,-65.0,-40.0,1076.0,-277.0,-511.0,,-680.0
421.0,250.0,,48.0,-60.0,1232.0,-300.0,-260.0,,-735.0
636.0,249.0,,-148.0,-17.0,1284.0,-366.0,-277.0,,-789.0
507.0,228.0,,-270.0,41.0,1223.0,-377.0,-110.0,,-846.0
705.0,203.0,,-136.0,85.0,1226.0,-321.0,-264.0,,-879.0
582.0,171.0,,-231.0,111.0,1447.0,-252.0,-144.0,,-875.0
707.0,116.0,,-303.0,78.0,1838.0,-189.0,-166.0,,-830.0
566.0,125.0,,-139.0,44.0,1980.0,-174.0,-275.0,,-748.0
608.0,116.0,,-188.0,22.0,2079.0,-165.0,-168.0,,-636.0
757.0,93.0,,-252.0,-48.0,2022.0,-144.0,-315.0,,-509.0
552.0,35.0,,-176.0,-101.0,1757.0,-113.0,-81.0,,-373.0
754.0,18.0,,-213.0,-111.0,1740.0,-68.0,-33.0,,-239.0
632.0,49.0,,-227.0,-126.0,1761.0,-75.0,153.0,,-113.0
719.0,-14.0,,-249.0,-102.0,1731.0,-65.0,291.0,,8.0
491.0,-66.0,,-266.0,-52.0,1681.0,-34.0,160.0,,124.0
636.0,-103.0,,-363.0,-47.0,1903.0,-34.0,247.0,,238.0
511.0,-101.0,,-418.0,-55.0,2266.0,-32.0,40.0,,324.0
363.0,-77.0,,-339.0,-69.0,2507.0,-34.0,205.0,,393.0
409.0,-98.0,,-373.0,-92.0,2754.0,-2.0,266.0,,454.0
2.0,-130.0,,-424.0,-53.0,3048.0,64.0,297.0,,501.0
395.0,-189.0,,-448.0,-5.0,3297.0,93.0,402.0,,551.0
-47.0,-203.0,,-352.0,2.0,3157.0,88.0,175.0,,598.0
-23.0,-212.0,,-280.0,52.0,2934.0,82.0,245.0,,645.0
-319.0,-238.0,,-208.0,115.0,2759.0,82.0,33.0,,683.0
-438.0,-277.0,,-146.0,141.0,2502.0,90.0,-5.0,,717.0
-224.0,-285.0,,-213.0,155.0,2019.0,81.0,-25.0,,741.0
-584.0,-240.0,,-228.0,114.0,1571.0,110.0,-232.0,,729.0
-330.0,-238.0,,-241.0,40.0,1296.0,163.0,-306.0,,693.0
-810.0,-154.0,,-201.0,25.0,785.0,169.0,-718.0,,640.0
-452.0,-76.0,,-173.0,38.0,345.0,184.0,-857.0,,560.0
-802.0,-65.0,,-247.0,57.0,203.0,204.0,-1045.0,,459.0
-722.0,-64.0,,-274.0,102.0,415.0,241.0,-1006.0,,349.0
-378.0,-106.0,,-182.0,115.0,597.0,284.0,-759.0,,233.0
-637.0,-76.0,,-251.0,106.0,671.0,294.0,-727.0,,121.0
-335.0,-62.0,,-338.0,103.0,1007.0,305.0,-460.0,,33.0
-753.0,-85.0,,-324.0,63.0,1278.0,329.0,-596.0,,-36.0
-225.0,-128.0,,-377.0,26.0,1129.0,377.0,-628.0,,-103.0
-363.0,-186.0,,-403.0,39.0,994.0,435.0,-650.0,,-145.0
-147.0,-169.0,,-414.0,58.0,1296.0,471.0,-657.0,,-168.0
-32.0,-166.0,,-409.0,84.0,1368.0,526.0,-419.0,,-184.0
-43.0,-132.0,,-482.0,104.0,1005.0,596.0,-509.0,,-183.0
311.0,-86.0,,-485.0,64.0,883.0,639.0,-338.0,,-172.0
-82.0,-50.0,,-425.0,-2.0,1402.0,648.0,-445.0,,-159.0
310.0,-42.0,,-397.0,-74.0,1934.0,620.0,-554.0,,-156.0
199.0,-91.0,,-330.0,-168.0,2023.0,576.0,-657.0,,-159.0
600.0,-80.0,,-229.0,-202.0,2190.0,546.0,-949.0,,-164.0
414.0,-66.0,,-169.0,-170.0,2520.0,571.0,-859.0,,-172.0
418.0,-84.0,,-160.0,-140.0,2537.0,626.0,-1106.0,,-168.0
534.0,-169.0,,-186.0,-81.0,2149.0,678.0,-1116.0,,-157.0
351.0,-211.0,,-202.0,-20.0,1863.0,701.0,-1160.0,,-146.0
602.0,-171.0,,-159.0,-9.0,1648.0,670.0,-1221.0,,-134.0
170.0,-140.0,,-201.0,14.0,1297.0,632.0,-1101.0,,-118.0
594.0,-62.0,,-273.0,39.0,1101.0,587.0,-1334.0,,-109.0
255.0,-1.0,,-262.0,21.0,1126.0,562.0,-1213.0,,-111.0
386.0,55.0,,-205.0,23.0,1030.0,564.0,-1249.0,,-132.0
199.0,82.0,,-260.0,26.0,936.0,562.0,-1097.0,,-169.0
70.0,93.0,,-377.0,13.0,1172.0,558.0,-1010.0,,-211.0
331.0,133.0,,-469.0,31.0,1419.0,533.0,-1178.0,,-266.0
81.0,193.0,,-530.0,38.0,1379.0,494.0,-1034.0,,-310.0
211.0,248.0,,-525.0,14.0,1133.0,455.0,-1158.0,,-344.0
-202.0,227.0,,-536.0,7.0,1004.0,417.0,-923.0,,-366.0
325.0,199.0,,-611.0,-10.0,996.0,364.0,-809.0,,-366.0
-125.0,175.0,,-643.0,-32.0,830.0,340.0,-727.0,,-369.0
-39.0,157.0,,-553.0,4.0,456.0,383.0,-517.0,,-364.0
-18.0,134.0,,-396.0,32.0,248.0,425.0,-620.0,,-347.0
-32.0,96.0,,-239.0,50.0,267.0,424.0,-508.0,,-340.0
114.0,89.0,,-200.0,104.0,227.0,403.0,-655.0,,-329.0
-13.0,41.0,,-147.0,113.0,85.0,391.0,-548.0,,-303.0
286.0,-95.0,,45.0,99.0,-47.0,388.0,-441.0,,-286.0
-278.0,-232.0,,236.0,82.0,-42.0,397.0,-506.0,,-294.0
323.0,-316.0,,265.0,1.0,-12.0,405.0,-408.0,,-310.0
-256.0,-319.0,,363.0,-75.0,119.0,389.0,-644.0,,-344.0
125.0,-275.0,,398.0,-84.0,292.0,392.0,-622.0,,-387.0
-5.0,-272.0,,339.0,-90.0,438.0,372.0,-757.0,,-423.0
29.0,-213.0,,439.0,-79.0,548.0,328.0,-753.0,,-463.0
126.0,-65.0,,307.0,-56.0,690.0,294.0,-661.0,,-486.0
-421.0,14.0,,207.0,-70.0,753.0,275.0,-827.0,,-487.0
247.0,15.0,,181.0,-64.0,321.0,303.0,-774.0,,-454.0
-539.0,24.0,,93.0,-57.0,-102.0,333.0,-1084.0,,-392.0
185.0,-10.0,,41.0,-106.0,-322.0,338.0,-1193.0,,-320.0
-471.0,-11.0,,-12.0,-115.0,-508.0,308.0,-1404.0,,-225.0
-30.0,27.0,,-19.0,-81.0,-594.0,264.0,-1649.0,,-112.0
-330.0,-38.0,,-72.0,-51.0,-657.0,202.0,-1600.0,,18.0
-652.0,-147.0,,0.0,37.0,-651.0,159.0,-1720.0,,157.0
-116.0,-276.0,,-48.0,117.0,-737.0,195.0,-1481.0,,314.0
-724.0,-343.0,,-152.0,145.0,-842.0,221.0,-1476.0,,460.0
118.0,-325.0,,-38.0,182.0,-883.0,203.0,-1346.0,,565.0
-682.0,-253.0,,15.0,168.0,-876.0,154.0,-1188.0,,651.0
30.0,-165.0,,-18.0,114.0,-846.0,71.0,-1226.0,,697.0
-655.0,-131.0,,7.0,96.0,-1032.0,2.0,-1051.0,,706.0
-174.0,-122.0,,109.0,75.0,-1301.0,-46.0,-1219.0,,685.0
-126.0,-150.0,,167.0,59.0,-1527.0,-91.0,-1136.0,,652.0
-504.0,-149.0,,61.0,94.0,-1727.0,-119.0,-1180.0,,619.0
205.0,-117.0,,33.0,104.0,-1798.0,-117.0,-1226.0,,580.0
-628.0,-57.0,,72.0,88.0,-1734.0,-150.0,-1145.0,,558.0
155.0,-7.0,,-108.0,95.0,-1681.0,-199.0,-1276.0,,549.0
-672.0,-84.0,,-110.0,75.0,-1646.0,-219.0,-1025.0,,556.0
57.0,-191.0,,40.0,60.0,-1565.0,-218.0,-973.0,,574.0
-303.0,-256.0,,-105.0,46.0,-1491.0,-177.0,-753.0,,596.0
-211.0,-280.0,,-221.0,-12.0,-1540.0,-137.0,-602.0,,615.0
28.0,-310.0,,-160.0,-39.0,-1738.0,-123.0,-594.0,,618.0
-368.0,-307.0,,-152.0,-31.0,-1765.0,-165.0,-465.0,,597.0
311.0,-209.0,,-131.0,-48.0,-1736.0,-229.0,-674.0,,541.0
-458.0,-180.0,,-121.0,-54.0,-1780.0,-252.0,-583.0,,445.0
313.0,-181.0,,-130.0,-61.0,-1849.0,-216.0,-689.0,,308.0
-290.0,-127.0,,-216.0,-117.0,-1732.0,-136.0,-613.0,,148.0
172.0,-74.0,,-235.0,-170.0,-1413.0,-119.0,-408.0,,-24.0
39.0,-20.0,,-142.0,-213.0,-1367.0,-163.0,-489.0,,-190.0
-48.0,73.0,,-103.0,-260.0,-1265.0,-253.0,-380.0,,-338.0
296.0,181.0,,-58.0,-254.0,-1095.0,-321.0,-667.0,,-466.0
-84.0,249.0,,-58.0,-215.0,-931.0,-297.0,-772.0,,-550.0
513.0,321.0,,-19.0,-180.0,-828.0,-243.0,-944.0,,-600.0
-162.0,311.0,,-51.0,-108.0,-971.0,-181.0,-1101.0,,-617.0
472.0,316.0,,-118.0,-38.0,-1076.0,-146.0,-1043.0,,-606.0
132.0,352.0,,-92.0,-9.0,-1193.0,-136.0,-1221.0,,-573.0
290.0,288.0,,-70.0,24.0,-1249.0,-137.0,-1095.0,,-516.0
138.0,232.0,,-111.0,34.0,-1262.0,-107.0,-1223.0,,-441.0
11.0,237.0,,-138.0,44.0,-1347.0,-52.0,-1151.0,,-336.0
482.0,235.0,,-109.0,116.0,-1475.0,-43.0,-1003.0,,-217.0
-110.0,136.0,,-148.0,181.0,-1536.0,-56.0,-951.0,,-87.0
340.0,39.0,,-116.0,218.0,-1545.0,-50.0,-543.0,,55.0
-174.0,-43.0,,1.0,240.0,-1679.0,-48.0,-469.0,,177.0
364.0,-108.0,,41.0,194.0,-2016.0,-52.0,-325.0,,299.0
134.0,-199.0,,56.0,117.0,-2189.0,-46.0,-461.0,,399.0
-1.0,-300.0,,173.0,75.0,-1987.0,-34.0,-558.0,,468.0
57.0,-301.0,,208.0,32.0,-1850.0,-22.0,-491.0,,520.0
-196.0,-309.0,,238.0,-4.0,-1594.0,-25.0,-657.0,,541.0
432.0,-326.0,,278.0,-3.0,-1396.0,-8.0,-484.0,,530.0
-159.0,-324.0,,270.0,-36.0,-1471.0,33.0,-565.0,,489.0
171.0,-244.0,,408.0,-71.0,-1454.0,68.0,-402.0,,434.0
-109.0,-180.0,,411.0,-56.0,-1420.0,127.0,-256.0,,357.0
125.0,-135.0,,366.0,-51.0,-1393.0,184.0,-293.0,,273.0
0.0,-95.0,,402.0,-45.0,-1400.0,191.0,-160.0,,174.0
-119.0,-108.0,,414.0,-45.0,-1414.0,162.0,-341.0,,73.0
255.0,-65.0,,401.0,-81.0,-1313.0,102.0,-266.0,,-20.0
-221.0,-33.0,,395.0,-68.0,-1263.0,46.0,-443.0,,-128.0
182.0,26.0,,457.0,-7.0,-1515.0,26.0,-485.0,,-230.0
-385.0,84.0,,425.0,10.0,-1719.0,21.0,-319.0,,-339.0
-16.0,123.0,,459.0,10.0,-1564.0,9.0,-271.0,,-457.0
-129.0,114.0,,572.0,-4.0,-1352.0,0.0,40.0,,-583.0
-128.0,5.0,,668.0,-58.0,-1334.0,7.0,-35.0,,-715.0
47.0,-67.0,,762.0,-83.0,-1213.0,27.0,81.0,,-858.0
-437.0,-106.0,,778.0,-85.0,-651.0,65.0,114.0,,-996.0
-31.0,-173.0,,771.0,-65.0,-141.0,110.0,171.0,,-1120.0
-369.0,-193.0,,771.0,-7.0,-1.0,109.0,434.0,,-1235.0
-27.0,-90.0,,789.0,12.0,33.0,78.0,447.0,,-1332.0
-255.0,-11.0,,695.0,2.0,335.0,62.0,788.0,,-1430.0
-190.0,23.0,,597.0,50.0,679.0,52.0,888.0,,-1510.0
-156.0,50.0,,528.0,103.0,502.0,40.0,1164.0,,-1574.0
-374.0,71.0,,420.0,119.0,92.0,9.0,1396.0,,-1629.0
-88.0,82.0,,369.0,147.0,-151.0,-56.0,1400.0,,-1660.0
-387.0,54.0,,294.0,137.0,-278.0,-135.0,1692.0,,-1668.0
-261.0,81.0,,242.0,98.0,-588.0,-205.0,1633.0,,-1641.0
-362.0,79.0,,242.0,80.0,-900.0,-218.0,1819.0,,-1580.0
-163.0,72.0,,128.0,32.0,-759.0,-196.0,1831.0,,-1492.0
-343.0,46.0,,88.0,0.0,-489.0,-168.0,1760.0,,-1382.0
-326.0,-50.0,,348.0,19.0,-393.0,-138.0,1755.0,,-1254.0
-279.0,-120.0,,332.0,-2.0,-333.0,-140.0,1454.0,,-1099.0
-448.0,-157.0,,109.0,-27.0,-169.0,-120.0,1446.0,,-913.0
-269.0,-198.0,,117.0,-31.0,64.0,-79.0,1164.0,,-710.0
-460.0,-248.0,,176.0,-67.0,-2.0,-76.0,1141.0,,-505.0
-316.0,-222.0,,273.0,-65.0,-110.0,-127.0,1182.0,,-303.0
-407.0,-170.0,,294.0,-17.0,-54.0,-222.0,1180.0,,-115.0
-268.0,-110.0,,239.0,-3.0,-184.0,-317.0,1387.0,,48.0
-244.0,21.0,,184.0,1.0,-321.0,-357.0,1147.0,,192.0
-344.0,169.0,,160.0,6.0,-227.0,-369.0,1106.0,,307.0
-258.0,215.0,,40.0,-26.0,14.0,-391.0,936.0,,393.0
-272.0,213.0,,31.0,-41.0,81.0,-417.0,916.0,,452.0
-112.0,224.0,,213.0,-59.0,-45.0,-449.0,1008.0,,475.0
-173.0,235.0,,152.0,-96.0,-139.0,-447.0,890.0,,470.0
-210.0,320.0,,79.0,-69.0,-191.0,-434.0,1010.0,,452.0
-212.0,378.0,,171.0,-47.0,-449.0,-426.0,903.0,,423.0
-168.0,431.0,,248.0,-77.0,-807.0,-430.0,1038.0,,381.0
-144.0,483.0,,157.0,-81.0,-884.0,-466.0,999.0,,336.0
-110.0,374.0,,225.0,-91.0,-829.0,-517.0,947.0,,281.0
-102.0,202.0,,400.0,-117.0,-761.0,-580.0,1117.0,,234.0
-67.0,162.0,,254.0,-119.0,-639.0,-645.0,1023.0,,202.0
-42.0,142.0,,265.0,-147.0,-242.0,-710.0,1215.0,,172.0
-238.0,31.0,,373.0,-177.0,191.0,-750.0,1130.0,,159.0
-232.0,-48.0,,348.0,-147.0,294.0,-752.0,1180.0,,149.0
-49.0,-127.0,,417.0,-107.0,435.0,-739.0,1241.0,,158.0
-37.0,-196.0,,478.0,-46.0,765.0,-733.0,1160.0,,177.0
-97.0,-249.0,,460.0,42.0,991.0,-754.0,1409.0,,173.0
-243.0,-313.0,,470.0,71.0,1053.0,-793.0,1404.0,,179.0
-109.0,-345.0,,514.0,78.0,1085.0,-790.0,1692.0,,173.0
20.0,-356.0,,387.0,111.0,1070.0,-752.0,1790.0,,160.0
-101.0,-332.0,,314.0,120.0,949.0,-719.0,1814.0,,150.0
-44.0,-230.0,,308.0,123.0,701.0,-698.0,1895.0,,126.0
-60.0,-62.0,,236.0,122.0,428.0,-718.0,1629.0,,88.0
186.0,54.0,,238.0,64.0,137.0,-746.0,1581.0,,31.0
100.0,135.0,,151.0,10.0,-62.0,-796.0,1324.0,,-29.0
77.0,172.0,,28.0,-35.0,2.0,-835.0,1383.0,,-93.0
79.0,129.0,,53.0,-112.0,288.0,-823.0,1452.0,,-151.0
73.0,105.0,,211.0,-149.0,588.0,-813.0,1424.0,,-173.0
353.0,38.0,,198.0,-141.0,713.0,-771.0,1583.0,,-176.0
235.0,-43.0,,145.0,-129.0,883.0,-734.0,1382.0,,-154.0
272.0,-58.0,,210.0,-89.0,980.0,-668.0,1413.0,,-116.0
-31.0,-27.0,,144.0,-33.0,714.0,-584.0,1167.0,,-78.0
145.0,30.0,,138.0,20.0,356.0,-574.0,946.0,,-41.0
289.0,66.0,,182.0,115.0,202.0,-610.0,868.0,,-11.0
277.0,102.0,,179.0,182.0,325.0,-682.0,670.0,,32.0
242.0,136.0,,204.0,179.0,340.0,-721.0,753.0,,47.0
62.0,181.0,,220.0,189.0,73.0,-697.0,474.0,,37.0
214.0,249.0,,130.0,164.0,34.0,-657.0,461.0,,6.0
112.0,358.0,,58.0,106.0,102.0,-624.0,426.0,,-81.0
213.0,468.0,,60.0,87.0,109.0,-616.0,378.0,,-192.0
-57.0,515.0,,-27.0,53.0,73.0,-606.0,615.0,,-318.0
243.0,570.0,,-79.0,16.0,-93.0,-577.0,554.0,,-455.0
84.0,594.0,,-113.0,3.0,-189.0,-535.0,770.0,,-602.0
-73.0,570.0,,-173.0,-59.0,-514.0,-487.0,726.0,,-737.0
146.0,498.0,,-225.0,-120.0,-853.0,-449.0,733.0,,-863.0
-3.0,407.0,,-232.0,-126.0,-823.0,-427.0,777.0,,-988.0
137.0,326.0,,-174.0,-151.0,-827.0,-443.0,639.0,,-1092.0
-143.0,183.0,,-196.0,-166.0,-855.0,-448.0,774.0,,-1190.0
38.0,96.0,,-214.0,-154.0,-803.0,-419.0,624.0,,-1285.0
-216.0,44.0,,-183.0,-155.0,-729.0,-367.0,752.0,,-1357.0
-30.0,-58.0,,-201.0,-114.0,-767.0,-274.0,739.0,,-1395.0
-24.0,-171.0,,-262.0,-50.0,-1166.0,-159.0,628.0,,-1418.0
-258.0,-303.0,,-269.0,-25.0,-1542.0,-50.0,593.0,,-1414.0
-264.0,-332.0,,-200.0,1.0,-1610.0,17.0,293.0,,-1391.0
-500.0,-264.0,,-270.0,16.0,-1710.0,70.0,406.0,,-1356.0
-114.0,-177.0,,-315.0,-3.0,-1954.0,101.0,327.0,,-1300.0
-357.0,-148.0,,-214.0,1.0,-2130.0,113.0,487.0,,-1248.0
-197.0,-144.0,,-243.0,13.0,-2147.0,125.0,644.0,,-1206.0
-486.0,-72.0,,-290.0,1.0,-2199.0,131.0,578.0,,-1193.0
-475.0,-20.0,,-226.0,20.0,-2328.0,167.0,726.0,,-1206.0
-242.0,55.0,,-188.0,27.0,-2360.0,201.0,487.0,,-1231.0
-431.0,138.0,,-179.0,-19.0,-2253.0,246.0,509.0,,-1271.0
-309.0,191.0,,-84.0,-41.0,-2087.0,293.0,349.0,,-1300.0
-524.0,136.0,,-15.0,-43.0,-1861.0,311.0,280.0,,-1297.0
-106.0,-11.0,,23.0,-37.0,-1604.0,336.0,367.0,,-1276.0
-468.0,-76.0,,54.0,12.0,-1349.0,408.0,247.0,,-1221.0
-526.0,-127.0,,74.0,31.0,-1212.0,514.0,476.0,,-1126.0
-404.0,-164.0,,145.0,18.0,-1431.0,571.0,406.0,,-1005.0
-456.0,-195.0,,84.0,44.0,-1800.0,582.0,591.0,,-856.0
-118.0,-173.0,,100.0,50.0,-2112.0,559.0,665.0,,-691.0
-531.0,-79.0,,287.0,53.0,-2210.0,522.0,676.0,,-518.0
-478.0,2.0,,233.0,87.0,-2303.0,521.0,955.0,,-377.0
-502.0,92.0,,109.0,90.0,-2591.0,540.0,918.0,,-287.0
-364.0,179.0,,184.0,96.0,-2533.0,578.0,1058.0,,-228.0
-272.0,222.0,,195.0,107.0,-2166.0,615.0,886.0,,-211.0
-454.0,171.0,,152.0,77.0,-1679.0,627.0,912.0,,-241.0
-336.0,98.0,,205.0,72.0,-1444.0,619.0,933.0,,-286.0
-413.0,65.0,,179.0,86.0,-1425.0,624.0,733.0,,-357.0
-253.0,56.0,,12.0,48.0,-1103.0,663.0,779.0,,-469.0
-345.0,62.0,,-53.0,13.0,-577.0,727.0,491.0,,-587.0
-391.0,28.0,,-70.0,-21.0,-64.0,800.0,513.0,,-726.0
-213.0,-42.0,,-150.0,-85.0,-27.0,827.0,376.0,,-875.0
-163.0,-95.0,,-120.0,-103.0,-179.0,798.0,194.0,,-998.0
-136.0,-151.0,,-127.0,-120.0,-191.0,741.0,88.0,,-1112.0
-261.0,-178.0,,-238.0,-173.0,-47.0,710.0,-297.0,,-1204.0
-89.0,-143.0,,-224.0,-190.0,-13.0,715.0,-210.0,,-1265.0
16.0,-97.0,,-235.0,-200.0,-300.0,758.0,-249.0,,-1321.0
25.0,-54.0,,-263.0,-208.0,-415.0,794.0,-107.0,,-1362.0
110.0,-24.0,,-157.0,-157.0,-487.0,809.0,-18.0,,-1392.0
90.0,-11.0,,-124.0,-130.0,-561.0,843.0,-166.0,,-1398.0
193.0,10.0,,-81.0,-143.0,-588.0,849.0,-103.0,,-1380.0
158.0,23.0,,-29.0,-124.0,-554.0,846.0,-256.0,,-1357.0
216.0,30.0,,-49.0,-125.0,-429.0,817.0,-99.0,,-1315.0
103.0,98.0,,-103.0,-130.0,-126.0,811.0,-84.0,,-1262.0
128.0,173.0,,-163.0,-90.0,261.0,862.0,-44.0,,-1188.0
289.0,208.0,,-174.0,-51.0,302.0,908.0,99.0,,-1101.0
125.0,230.0,,-236.0,-34.0,78.0,916.0,14.0,,-1010.0
183.0,220.0,,-257.0,-24.0,-140.0,842.0,181.0,,-904.0
-14.0,191.0,,-283.0,-32.0,-247.0,765.0,49.0,,-796.0
86.0,167.0,,-343.0,-19.0,-494.0,737.0,88.0,,-684.0
32.0,192.0,,-429.0,34.0,-600.0,765.0,133.0,,-559.0
-7.0,284.0,,-397.0,53.0,-427.0,804.0,103.0,,-440.0
-12.0,352.0,,-207.0,80.0,-250.0,814.0,260.0,,-333.0
-390.0,393.0,,-328.0,114.0,-111.0,821.0,168.0,,-231.0
-130.0,450.0,,-574.0,116.0,-172.0,825.0,412.0,,-163.0
-265.0,467.0,,-539.0,158.0,-196.0,837.0,463.0,,-124.0
-268.0,385.0,,-394.0,175.0,-217.0,846.0,576.0,,-119.0
-522.0,240.0,,-394.0,118.0,-208.0,875.0,713.0,,-130.0
-523.0,162.0,,-334.0,70.0,-106.0,892.0,596.0,,-154.0
-340.0,121.0,,-224.0,11.0,-162.0,895.0,737.0,,-182.0
-566.0,91.0,,-344.0,-50.0,-191.0,864.0,533.0,,-213.0
-296.0,110.0,,-359.0,-44.0,-58.0,783.0,569.0,,-254.0
-677.0,151.0,,-346.0,-38.0,187.0,729.0,521.0,,-296.0
-516.0,190.0,,-339.0,-61.0,339.0,735.0,402.0,,-347.0
-539.0,162.0,,-160.0,-60.0,180.0,799.0,456.0,,-384.0
-620.0,126.0,,-235.0,-85.0,-121.0,858.0,227.0,,-414.0
-612.0,131.0,,-224.0,-135.0,-149.0,877.0,367.0,,-426.0
-707.0,132.0,,-89.0,-155.0,-191.0,898.0,282.0,,-416.0
-358.0,95.0,,-246.0,-169.0,-559.0,895.0,251.0,,-407.0
-786.0,45.0,,-220.0,-145.0,-836.0,864.0,184.0,,-369.0
-739.0,9.0,,-32.0,-78.0,-903.0,858.0,-3.0,,-316.0
-667.0,-15.0,,-34.0,-46.0,-811.0,845.0,164.0,,-266.0
-440.0,-12.0,,-55.0,-29.0,-882.0,819.0,73.0,,-203.0
-445.0,-11.0,,-44.0,-9.0,-972.0,802.0,225.0,,-146.0
-717.0,47.0,,-89.0,-22.0,-828.0,771.0,219.0,,-102.0
-635.0,170.0,,-144.0,-10.0,-777.0,735.0,279.0,,-68.0
-653.0,249.0,,-175.0,7.0,-768.0,709.0,408.0,,-48.0
-340.0,255.0,,-190.0,-16.0,-802.0,686.0,179.0,,-50.0
-422.0,231.0,,-193.0,-17.0,-721.0,673.0,282.0,,-67.0
-516.0,202.0,,-214.0,-3.0,-525.0,676.0,192.0,,-89.0
-505.0,138.0,,-183.0,-11.0,-524.0,669.0,323.0,,-140.0
-433.0,76.0,,-161.0,-6.0,-749.0,660.0,413.0,,-202.0
-338.0,49.0,,-187.0,-20.0,-968.0,641.0,365.0,,-269.0
-282.0,25.0,,-94.0,-63.0,-1045.0,622.0,513.0,,-336.0
-242.0,-23.0,,-75.0,-49.0,-1053.0,599.0,306.0,,-409.0
-138.0,-103.0,,-41.0,-23.0,-722.0,571.0,369.0,,-480.0
-94.0,-192.0,,5.0,-2.0,-521.0,546.0,304.0,,-530.0
-97.0,-248.0,,-101.0,66.0,-717.0,537.0,378.0,,-571.0
-10.0,-292.0,,-87.0,90.0,-764.0,543.0,565.0,,-590.0
86.0,-353.0,,-21.0,87.0,-676.0,486.0,415.0,,-605.0
197.0,-407.0,,-79.0,100.0,-597.0,422.0,452.0,,-630.0
117.0,-422.0,,-118.0,74.0,-841.0,394.0,195.0,,-669.0
221.0,-356.0,,-88.0,67.0,-1072.0,395.0,168.0,,-716.0
187.0,-210.0,,-140.0,87.0,-951.0,422.0,114.0,,-756.0
461.0,-67.0,,-166.0,71.0,-838.0,442.0,12.0,,-792.0
384.0,-8.0,,-81.0,71.0,-703.0,462.0,97.0,,-815.0
443.0,45.0,,-44.0,96.0,-534.0,440.0,-68.0,,-823.0
506.0,121.0,,-100.0,102.0,-358.0,398.0,114.0,,-806.0
315.0,202.0,,-19.0,129.0,-287.0,360.0,70.0,,-763.0
627.0,355.0,,44.0,150.0,-181.0,305.0,127.0,,-685.0
412.0,485.0,,-41.0,126.0,228.0,268.0,208.0,,-588.0
593.0,537.0,,-106.0,122.0,525.0,272.0,145.0,,-482.0
350.0,578.0,,-102.0,97.0,415.0,282.0,513.0,,-364.0
393.0,563.0,,-81.0,61.0,209.0,281.0,578.0,,-258.0
559.0,468.0,,-120.0,89.0,169.0,257.0,844.0,,-163.0
355.0,369.0,,-37.0,93.0,333.0,215.0,888.0,,-88.0
526.0,307.0,,-55.0,83.0,479.0,169.0,827.0,,-20.0
249.0,226.0,,-110.0,121.0,615.0,110.0,1001.0,,36.0
384.0,145.0,,-110.0,129.0,713.0,78.0,875.0,,93.0
233.0,108.0,,-114.0,135.0,535.0,59.0,1003.0,,161.0
257.0,95.0,,-86.0,143.0,553.0,46.0,870.0,,221.0
216.0,99.0,,-119.0,71.0,897.0,42.0,872.0,,281.0
104.0,94.0,,-89.0,21.0,1113.0,32.0,824.0,,340.0
297.0,90.0,,-185.0,13.0,862.0,27.0,570.0,,410.0
56.0,106.0,,-228.0,-36.0,605.0,25.0,502.0,,475.0
189.0,126.0,,-200.0,-36.0,883.0,46.0,166.0,,544.0
-17.0,130.0,,-223.0,-25.0,1120.0,68.0,267.0,,603.0
54.0,102.0,,-267.0,-45.0,878.0,64.0,258.0,,631.0
72.0,10.0,,-394.0,-17.0,501.0,55.0,282.0,,647.0
-100.0,-97.0,,-407.0,0.0,480.0,29.0,402.0,,616.0
195.0,-129.0,,-356.0,11.0,688.0,3.0,199.0,,548.0
-91.0,-158.0,,-343.0,65.0,814.0,-22.0,197.0,,454.0
49.0,-199.0,,-442.0,88.0,851.0,-56.0,-155.0,,347.0
-5.0,-234.0,,-443.0,103.0,961.0,-85.0,-262.0,,231.0
29.0,-270.0,,-382.0,146.0,1185.0,-107.0,-286.0,,102.0
272.0,-226.0,,-346.0,136.0,1466.0,-101.0,-273.0,,-16.0
19.0,-124.0,,-256.0,121.0,1698.0,-70.0,-16.0,,-132.0
303.0,-19.0,,-301.0,110.0,1721.0,-49.0,-153.0,,-211.0
92.0,65.0,,-344.0,37.0,1661.0,-67.0,-81.0,,-253.0
187.0,132.0,,-373.0,2.0,1631.0,-98.0,-210.0,,-266.0
145.0,147.0,,-397.0,-14.0,1695.0,-108.0,-201.0,,-245.0
127.0,102.0,,-409.0,-77.0,1542.0,-87.0,-105.0,,-208.0
400.0,48.0,,-301.0,-80.0,1211.0,-68.0,-195.0,,-158.0
139.0,-24.0,,-209.0,-66.0,1394.0,-82.0,27.0,,-111.0
412.0,-119.0,,-280.0,-57.0,1914.0,-98.0,-68.0,,-76.0
113.0,-258.0,,-214.0,2.0,2110.0,-124.0,84.0,,-46.0
364.0,-404.0,,-129.0,9.0,2011.0,-155.0,107.0,,-11.0
404.0,-484.0,,-58.0,-22.0,2051.0,-208.0,14.0,,11.0
333.0,-507.0,,-106.0,-25.0,2307.0,-255.0,81.0,,41.0
515.0,-509.0,,-159.0,-57.0,2181.0,-239.0,-57.0,,77.0
269.0,-462.0,,-137.0,-73.0,1690.0,-229.0,192.0,,96.0
686.0,-347.0,,-142.0,-73.0,1638.0,-217.0,225.0,,113.0
294.0,-238.0,,-48.0,-123.0,1688.0,-218.0,299.0,,115.0
595.0,-134.0,,31.0,-118.0,1371.0,-239.0,218.0,,103.0
583.0,-78.0,,12.0,-73.0,1212.0,-239.0,-14.0,,94.0
633.0,-69.0,,-29.0,-75.0,1494.0,-240.0,22.0,,86.0
724.0,-79.0,,33.0,-43.0,1802.0,-233.0,-140.0,,88.0
436.0,-140.0,,12.0,-8.0,1842.0,-211.0,118.0,,111.0
913.0,-215.0,,-34.0,18.0,1811.0,-172.0,203.0,,134.0
457.0,-309.0,,-15.0,88.0,1861.0,-144.0,341.0,,158.0
887.0,-401.0,,-93.0,78.0,1903.0,-127.0,513.0,,175.0
523.0,-472.0,,-131.0,13.0,1730.0,-123.0,251.0,,169.0
505.0,-510.0,,-94.0,4.0,1427.0,-150.0,212.0,,163.0
637.0,-496.0,,-166.0,-7.0,1116.0,-168.0,-96.0,,137.0
391.0,-449.0,,-235.0,15.0,872.0,-191.0,-138.0,,78.0
748.0,-403.0,,-183.0,71.0,753.0,-208.0,-184.0,,-4.0
217.0,-362.0,,-152.0,55.0,857.0,-204.0,-327.0,,-109.0
651.0,-338.0,,-101.0,40.0,1097.0,-199.0,-225.0,,-229.0
223.0,-367.0,,-161.0,38.0,1047.0,-188.0,-430.0,,-358.0
448.0,-393.0,,-197.0,1.0,847.0,-187.0,-363.0,,-488.0
641.0,-439.0,,-83.0,2.0,815.0,-174.0,-491.0,,-609.0
477.0,-496.0,,-65.0,1.0,1019.0,-158.0,-482.0,,-692.0
529.0,-491.0,,17.0,-35.0,966.0,-154.0,-332.0,,-718.0
161.0,-440.0,,113.0,-45.0,632.0,-162.0,-386.0,,-689.0
615.0,-389.0,,172.0,-73.0,605.0,-214.0,-164.0,,-621.0
177.0,-367.0,,242.0,-94.0,666.0,-270.0,-317.0,,-513.0
476.0,-331.0,,309.0,-45.0,592.0,-299.0,-317.0,,-376.0
206.0,-248.0,,439.0,-32.0,405.0,-288.0,-410.0,,-232.0
253.0,-126.0,,485.0,-28.0,352.0,-246.0,-543.0,,-74.0
264.0,-6.0,,534.0,23.0,239.0,-190.0,-437.0,,78.0
-10.0,100.0,,612.0,39.0,35.0,-141.0,-585.0,,220.0
432.0,181.0,,586.0,73.0,29.0,-141.0,-441.0,,359.0
-9.0,220.0,,492.0,116.0,10.0,-175.0,-517.0,,497.0
343.0,270.0,,503.0,100.0,-58.0,-197.0,-406.0,,617.0
-59.0,325.0,,543.0,114.0,-226.0,-198.0,-277.0,,707.0
-17.0,364.0,,404.0,138.0,-165.0,-202.0,-408.0,,779.0
43.0,400.0,,376.0,97.0,-5.0,-210.0,-380.0,,821.0
4.0,433.0,,378.0,83.0,-20.0,-230.0,-702.0,,816.0
33.0,430.0,,228.0,73.0,112.0,-256.0,-650.0,,782.0
-265.0,380.0,,199.0,39.0,491.0,-252.0,-689.0,,726.0
109.0,324.0,,218.0,60.0,784.0,-216.0,-703.0,,639.0
-183.0,248.0,,127.0,49.0,521.0,-179.0,-594.0,,539.0
39.0,161.0,,12.0,23.0,177.0,-150.0,-709.0,,426.0
-167.0,111.0,,-34.0,43.0,283.0,-135.0,-491.0,,292.0
-112.0,99.0,,-34.0,25.0,596.0,-157.0,-578.0,,154.0
-189.0,106.0,,-69.0,12.0,690.0,-191.0,-504.0,,3.0
-105.0,111.0,,-61.0,9.0,690.0,-233.0,-493.0,,-136.0
70.0,89.0,,-55.0,-44.0,977.0,-277.0,-443.0,,-274.0
-220.0,30.0,,-108.0,-74.0,1235.0,-305.0,-190.0,,-414.0
-8.0,-55.0,,-48.0,-97.0,1088.0,-323.0,-351.0,,-557.0
-378.0,-140.0,,40.0,-160.0,927.0,-349.0,-225.0,,-721.0
19.0,-163.0,,49.0,-181.0,1050.0,-375.0,-299.0,,-871.0
-199.0,-157.0,,67.0,-207.0,1035.0,-367.0,-203.0,,-1006.0
40.0,-172.0,,143.0,-251.0,728.0,-363.0,-9.0,,-1129.0
66.0,-200.0,,200.0,-204.0,416.0,-375.0,31.0,,-1217.0
-251.0,-219.0,,204.0,-156.0,574.0,-395.0,334.0,,-1271.0
129.0,-229.0,,290.0,-123.0,922.0,-444.0,260.0,,-1299.0
-91.0,-256.0,,360.0,-47.0,973.0,-499.0,338.0,,-1296.0
263.0,-298.0,,318.0,-4.0,961.0,-559.0,131.0,,-1254.0
-46.0,-307.0,,305.0,46.0,928.0,-621.0,-173.0,,-1188.0
157.0,-245.0,,296.0,116.0,1030.0,-623.0,-267.0,,-1112.0
122.0,-191.0,,266.0,113.0,1150.0,-610.0,-574.0,,-1023.0
127.0,-165.0,,209.0,109.0,1193.0,-627.0,-474.0,,-920.0
344.0,-138.0,,153.0,120.0,1244.0,-645.0,-541.0,,-817.0
48.0,-108.0,,157.0,69.0,1121.0,-699.0,-508.0,,-708.0
302.0,-66.0,,121.0,19.0,1080.0,-767.0,-576.0,,-578.0
30.0,-80.0,,61.0,-39.0,1138.0,-805.0,-787.0,,-446.0
190.0,-149.0,,82.0,-109.0,1214.0,-816.0,-672.0,,-323.0
39.0,-210.0,,136.0,-94.0,1275.0,-815.0,-829.0,,-196.0
165.0,-218.0,,100.0,-57.0,1207.0,-816.0,-670.0,,-98.0
190.0,-208.0,,98.0,-13.0,1282.0,-803.0,-674.0,,-26.0
-232.0,-184.0,,166.0,90.0,1488.0,-823.0,-670.0,,35.0
-82.0,-126.0,,100.0,139.0,1672.0,-859.0,-493.0,,71.0
-40.0,-86.0,,112.0,137.0,1817.0,-880.0,-594.0,,95.0
252.0,-50.0,,249.0,164.0,1989.0,-904.0,-447.0,,110.0
-199.0,-12.0,,198.0,147.0,2170.0,-914.0,-593.0,,123.0
-281.0,3.0,,160.0,127.0,2186.0,-956.0,-570.0,,127.0
-76.0,-29.0,,249.0,111.0,2081.0,-1018.0,-591.0,,122.0
-121.0,-78.0,,208.0,43.0,1965.0,-1048.0,-700.0,,94.0
-25.0,-157.0,,159.0,13.0,1938.0,-1031.0,-606.0,,36.0
-359.0,-297.0,,148.0,-10.0,1910.0,-986.0,-849.0,,-35.0
-88.0,-391.0,,152.0,-80.0,1845.0,-950.0,-835.0,,-111.0
-110.0,-431.0,,242.0,-102.0,1764.0,-911.0,-1056.0,,-176.0
-184.0,-450.0,,317.0,-122.0,1715.0,-892.0,-1101.0,,-246.0
-122.0,-491.0,,269.0,-186.0,1876.0,-903.0,-892.0,,-294.0
-219.0,-540.0,,255.0,-202.0,2000.0,-919.0,-851.0,,-319.0
-46.0,-558.0,,291.0,-208.0,1891.0,-943.0,-593.0,,-336.0
-202.0,-571.0,,250.0,-224.0,1746.0,-961.0,-676.0,,-318.0
-105.0,-556.0,,322.0,-197.0,1708.0,-936.0,-583.0,,-298.0
-212.0,-493.0,,285.0,-195.0,1837.0,-903.0,-613.0,,-274.0
-287.0,-377.0,,217.0,-186.0,1981.0,-898.0,-685.0,,-243.0
-331.0,-311.0,,278.0,-138.0,1935.0,-872.0,-618.0,,-217.0
-315.0,-269.0,,216.0,-143.0,1878.0,-827.0,-785.0,,-203.0
-283.0,-197.0,,169.0,-140.0,1864.0,-763.0,-609.0,,-207.0
-487.0,-142.0,,170.0,-94.0,1871.0,-709.0,-735.0,,-213.0
-245.0,-106.0,,210.0,-66.0,1836.0,-695.0,-696.0,,-209.0
-301.0,-136.0,,221.0,1.0,1686.0,-697.0,-641.0,,-212.0
-294.0,-185.0,,224.0,91.0,1734.0,-696.0,-835.0,,-211.0
-541.0,-204.0,,199.0,146.0,1824.0,-657.0,-761.0,,-191.0
-445.0,-186.0,,251.0,241.0,1822.0,-627.0,-988.0,,-166.0
-250.0,-198.0,,362.0,319.0,1938.0,-617.0,-964.0,,-129.0
-444.0,-242.0,,397.0,338.0,2087.0,-575.0,-1064.0,,-101.0
-334.0,-244.0,,512.0,357.0,2062.0,-554.0,-1147.0,,-87.0
-537.0,-220.0,,502.0,321.0,1739.0,-520.0,-1067.0,,-93.0
-383.0,-144.0,,510.0,254.0,1374.0,-447.0,-1204.0,,-119.0
-403.0,-83.0,,597.0,218.0,1296.0,-386.0,-1034.0,,-163.0
-329.0,-54.0,,566.0,138.0,1509.0,-366.0,-1213.0,,-213.0
-357.0,-24.0,,583.0,31.0,1585.0,-374.0,-1265.0,,-276.0
-405.0,-8.0,,566.0,-42.0,1521.0,-366.0,-1280.0,,-355.0
-113.0,79.0,,505.0,-121.0,1558.0,-317.0,-1370.0,,-446.0
-286.0,188.0,,532.0,-147.0,1577.0,-236.0,-1228.0,,-545.0
-269.0,201.0,,474.0,-163.0,1504.0,-154.0,-1437.0,,-629.0
-255.0,124.0,,384.0,-256.0,1289.0,-102.0,-1374.0,,-714.0
-128.0,24.0,,415.0,-309.0,1052.0,-93.0,-1437.0,,-777.0
-104.0,-75.0,,390.0,-321.0,767.0,-68.0,-1400.0,,-808.0
-91.0,-139.0,,304.0,-334.0,588.0,6.0,-1243.0,,-814.0
-91.0,-119.0,,292.0,-297.0,597.0,83.0,-1250.0,,-792.0
-77.0,-118.0,,317.0,-280.0,645.0,127.0,-1049.0,,-748.0
112.0,-174.0,,268.0,-306.0,658.0,160.0,-1228.0,,-687.0
89.0,-210.0,,173.0,-299.0,694.0,194.0,-1169.0,,-628.0
116.0,-196.0,,107.0,-310.0,963.0,222.0,-1260.0,,-563.0
182.0,-164.0,,99.0,-312.0,1178.0,270.0,-1321.0,,-497.0
377.0,-155.0,,74.0,-237.0,1186.0,285.0,-1077.0,,-441.0
187.0,-178.0,,82.0,-197.0,1116.0,270.0,-1208.0,,-394.0
62.0,-238.0,,134.0,-174.0,1055.0,280.0,-1104.0,,-354.0
103.0,-286.0,,105.0,-128.0,924.0,314.0,-1250.0,,-307.0
226.0,-285.0,,134.0,-109.0,688.0,335.0,-1269.0,,-269.0
176.0,-203.0,,101.0,-45.0,402.0,330.0,-1243.0,,-234.0
-30.0,-63.0,,61.0,45.0,75.0,355.0,-1304.0,,-195.0
118.0,51.0,,126.0,95.0,-20.0,383.0,-1114.0,,-177.0
83.0,147.0,,103.0,163.0,-32.0,406.0,-1219.0,,-158.0
99.0,223.0,,134.0,205.0,-221.0,409.0,-1019.0,,-137.0
-124.0,294.0,,155.0,193.0,-429.0,361.0,-1021.0,,-143.0
-76.0,375.0,,99.0,229.0,-223.0,287.0,-970.0,,-164.0
-51.0,444.0,,34.0,271.0,325.0,228.0,-776.0,,-179.0
-115.0,486.0,,22.0,288.0,573.0,215.0,-835.0,,-211.0
-257.0,504.0,,32.0,308.0,603.0,225.0,-585.0,,-260.0
-349.0,521.0,,-13.0,258.0,742.0,248.0,-613.0,,-299.0
-217.0,501.0,,20.0,194.0,824.0,233.0,-432.0,,-339.0
-507.0,440.0,,76.0,186.0,607.0,182.0,-349.0,,-365.0
-344.0,341.0,,121.0,164.0,371.0,124.0,-386.0,,-364.0
-440.0,176.0,,110.0,176.0,324.0,75.0,-169.0,,-329.0
-255.0,1.0,,133.0,192.0,121.0,60.0,-301.0,,-274.0
-376.0,-121.0,,191.0,124.0,-196.0,42.0,-203.0,,-208.0
-741.0,-187.0,,167.0,89.0,-344.0,38.0,-356.0,,-127.0
-428.0,-188.0,,170.0,82.0,-334.0,43.0,-400.0,,-62.0
-401.0,-162.0,,162.0,42.0,-380.0,52.0,-325.0,,-5.0
-341.0,-138.0,,111.0,39.0,-352.0,47.0,-447.0,,28.0
-630.0,-99.0,,93.0,24.0,-49.0,-15.0,-297.0,,48.0
-529.0,7.0,,206.0,-6.0,152.0,-80.0,-434.0,,55.0
-361.0,174.0,,153.0,14.0,84.0,-104.0,-212.0,,47.0
-403.0,256.0,,1.0,1.0,58.0,-57.0,-110.0,,52.0
-430.0,218.0,,65.0,-28.0,409.0,-10.0,-136.0,,32.0
-573.0,91.0,,162.0,-5.0,680.0,-29.0,-14.0,,9.0
-364.0,-59.0,,143.0,-21.0,630.0,-84.0,-249.0,,-17.0
-341.0,-147.0,,74.0,-50.0,694.0,-165.0,-171.0,,-62.0
-293.0,-182.0,,124.0,-58.0,868.0,-215.0,-323.0,,-105.0
-350.0,-207.0,,116.0,-110.0,1087.0,-211.0,-362.0,,-142.0
-308.0,-233.0,,34.0,-131.0,975.0,-206.0,-338.0,,-160.0
-139.0,-252.0,,51.0,-114.0,765.0,-205.0,-321.0,,-179.0
-232.0,-279.0,,128.0,-110.0,786.0,-235.0,38.0,,-195.0
-137.0,-285.0,,119.0,-63.0,778.0,-290.0,40.0,,-209.0
-92.0,-243.0,,-6.0,-35.0,779.0,-308.0,230.0,,-233.0
50.0,-173.0,,-44.0,-77.0,671.0,-305.0,175.0,,-264.0
5.0,-81.0,,-41.0,-98.0,603.0,-294.0,109.0,,-310.0
-51.0,38.0,,-110.0,-129.0,565.0,-302.0,144.0,,-368.0
216.0,175.0,,-129.0,-160.0,580.0,-300.0,-73.0,,-440.0
154.0,304.0,,-85.0,-120.0,598.0,-271.0,73.0,,-509.0
237.0,414.0,,-101.0,-99.0,340.0,-254.0,-1.0,,-586.0
169.0,479.0,,-125.0,-92.0,206.0,-216.0,195.0,,-654.0
390.0,502.0,,-100.0,-57.0,248.0,-211.0,430.0,,-697.0
355.0,487.0,,-31.0,-94.0,154.0,-233.0,526.0,,-724.0
89.0,438.0,,16.0,-139.0,-175.0,-233.0,781.0,,-735.0
496.0,378.0,,50.0,-117.0,-545.0,-217.0,696.0,,-746.0
315.0,304.0,,69.0,-98.0,-761.0,-174.0,892.0,,-727.0
476.0,240.0,,15.0,-66.0,-734.0,-128.0,872.0,,-693.0
264.0,220.0,,11.0,-36.0,-742.0,-87.0,883.0,,-662.0
260.0,238.0,,27.0,-59.0,-1038.0,-57.0,968.0,,-615.0
596.0,271.0,,8.0,-61.0,-1076.0,-44.0,851.0,,-568.0
206.0,298.0,,-52.0,-43.0,-1021.0,-28.0,1086.0,,-520.0
128.0,325.0,,-139.0,-35.0,-1120.0,6.0,1040.0,,-458.0
-88.0,370.0,,-104.0,22.0,-1350.0,30.0,1169.0,,-381.0
311.0,398.0,,-89.0,95.0,-1549.0,21.0,1210.0,,-305.0
305.0,371.0,,-231.0,136.0,-1302.0,12.0,1158.0,,-214.0
-28.0,314.0,,-238.0,200.0,-1098.0,22.0,1258.0,,-143.0
-184.0,250.0,,-148.0,223.0,-1099.0,67.0,1001.0,,-102.0
-196.0,215.0,,-162.0,172.0,-1066.0,142.0,992.0,,-61.0
137.0,225.0,,-250.0,138.0,-1029.0,214.0,770.0,,-36.0
-125.0,243.0,,-252.0,77.0,-998.0,239.0,703.0,,-9.0
-250.0,294.0,,-194.0,-3.0,-917.0,218.0,715.0,,14.0
-460.0,401.0,,-285.0,-41.0,-979.0,191.0,580.0,,54.0
-241.0,560.0,,-302.0,-73.0,-1200.0,220.0,774.0,,126.0
-204.0,711.0,,-228.0,-76.0,-1373.0,287.0,644.0,,217.0
-411.0,777.0,,-205.0,-30.0,-1571.0,325.0,761.0,,327.0
-273.0,783.0,,-316.0,0.0,-1688.0,342.0,703.0,,439.0
-379.0,714.0,,-373.0,19.0,-2056.0,333.0,600.0,,556.0
-205.0,570.0,,-305.0,47.0,-2345.0,336.0,770.0,,667.0
-353.0,429.0,,-359.0,36.0,-2296.0,357.0,663.0,,762.0
-371.0,328.0,,-375.0,30.0,-2272.0,397.0,829.0,,824.0
-338.0,246.0,,-308.0,50.0,-2236.0,441.0,702.0,,854.0
-433.0,191.0,,-368.0,32.0,-2329.0,420.0,659.0,,848.0
-330.0,160.0,,-425.0,7.0,-2087.0,360.0,574.0,,787.0
-374.0,114.0,,-250.0,-6.0,-1637.0,300.0,369.0,,682.0
-270.0,34.0,,-250.0,-25.0,-1487.0,280.0,493.0,,534.0
-300.0,-21.0,,-341.0,-8.0,-1583.0,296.0,288.0,,354.0
-215.0,11.0,,-264.0,19.0,-1704.0,307.0,382.0,,153.0
-138.0,63.0,,-318.0,-13.0,-1745.0,310.0,339.0,,-39.0
-143.0,121.0,,-370.0,-62.0,-2012.0,299.0,293.0,,-217.0
-73.0,228.0,,-265.0,-97.0,-2312.0,297.0,408.0,,-382.0
-137.0,357.0,,-281.0,-127.0,-2379.0,301.0,254.0,,-506.0
73.0,433.0,,-344.0,-102.0,-2216.0,306.0,358.0,,-575.0
10.0,400.0,,-303.0,-52.0,-2057.0,338.0,184.0,,-602.0
12.0,259.0,,-373.0,-30.0,-2057.0,364.0,297.0,,-594.0
70.0,61.0,,-312.0,6.0,-1940.0,345.0,406.0,,-535.0
-33.0,-150.0,,-242.0,22.0,-1723.0,311.0,371.0,,-455.0
306.0,-381.0,,-346.0,-16.0,-1748.0,292.0,559.0,,-369.0
99.0,-539.0,,-363.0,-19.0,-1820.0,280.0,402.0,,-262.0
14.0,-584.0,,-328.0,5.0,-1870.0,250.0,511.0,,-148.0
195.0,-581.0,,-335.0,14.0,-2128.0,208.0,360.0,,-44.0
284.0,-539.0,,-333.0,36.0,-2132.0,180.0,238.0,,41.0
267.0,-475.0,,-297.0,43.0,-1892.0,152.0,216.0,,115.0
-19.0,-382.0,,-366.0,23.0,-1689.0,135.0,73.0,,161.0
214.0,-259.0,,-339.0,16.0,-1753.0,132.0,334.0,,177.0
325.0,-188.0,,-259.0,-20.0,-1890.0,135.0,338.0,,169.0
353.0,-166.0,,-326.0,-78.0,-1668.0,119.0,578.0,,135.0
128.0,-106.0,,-322.0,-78.0,-1483.0,101.0,707.0,,75.0
-21.0,-57.0,,-233.0,-76.0,-1403.0,98.0,779.0,,-4.0
140.0,-44.0,,-245.0,-90.0,-1399.0,87.0,970.0,,-91.0
195.0,-38.0,,-338.0,-61.0,-1269.0,108.0,792.0,,-205.0
352.0,-17.0,,-254.0,-43.0,-1047.0,119.0,912.0,,-331.0
137.0,46.0,,-249.0,-51.0,-1092.0,98.0,726.0,,-445.0
35.0,36.0,,-331.0,-66.0,-1168.0,64.0,626.0,,-572.0
151.0,-43.0,,-246.0,-114.0,-1073.0,28.0,574.0,,-690.0
184.0,-81.0,,-330.0,-143.0,-734.0,19.0,354.0,,-791.0
53.0,-108.0,,-413.0,-107.0,-638.0,19.0,421.0,,-885.0
85.0,-116.0,,-387.0,-70.0,-827.0,35.0,223.0,,-969.0
146.0,-63.0,,-457.0,-43.0,-1014.0,50.0,347.0,,-1023.0
88.0,42.0,,-505.0,-9.0,-1168.0,29.0,306.0,,-1036.0
128.0,157.0,,-462.0,-13.0,-1210.0,-9.0,186.0,,-1043.0
70.0,247.0,,-469.0,4.0,-1285.0,-26.0,110.0,,-1025.0
148.0,305.0,,-560.0,61.0,-1200.0,-27.0,-192.0,,-979.0
239.0,347.0,,-508.0,85.0,-1130.0,-9.0,-9.0,,-925.0
357.0,377.0,,-483.0,129.0,-1120.0,15.0,-70.0,,-866.0
236.0,367.0,,-555.0,184.0,-1208.0,31.0,-20.0,,-800.0
118.0,363.0,,-415.0,179.0,-1433.0,54.0,-40.0,,-718.0
322.0,359.0,,-325.0,159.0,-1558.0,64.0,-134.0,,-638.0
339.0,289.0,,-453.0,121.0,-1782.0,91.0,35.0,,-549.0
230.0,171.0,,-377.0,38.0,-2089.0,99.0,-153.0,,-445.0
265.0,66.0,,-343.0,-12.0,-2540.0,72.0,-70.0,,-359.0
271.0,13.0,,-416.0,-20.0,-2865.0,61.0,-208.0,,-306.0
348.0,-6.0,,-278.0,-10.0,-2771.0,14.0,-256.0,,-277.0
419.0,-9.0,,-273.0,56.0,-2429.0,-15.0,-169.0,,-260.0
215.0,15.0,,-332.0,123.0,-2195.0,-5.0,-293.0,,-258.0
144.0,107.0,,-301.0,147.0,-2257.0,-1.0,-62.0,,-257.0
267.0,233.0,,-210.0,200.0,-2277.0,38.0,-66.0,,-254.0
502.0,327.0,,-121.0,249.0,-2180.0,35.0,155.0,,-254.0
366.0,424.0,,-116.0,243.0,-2216.0,-16.0,247.0,,-246.0
-6.0,539.0,,-70.0,238.0,-2427.0,-35.0,181.0,,-254.0
144.0,581.0,,-93.0,209.0,-2502.0,-16.0,229.0,,-268.0
494.0,535.0,,-61.0,170.0,-2482.0,29.0,-29.0,,-278.0
330.0,481.0,,0.0,176.0,-2531.0,28.0,-11.0,,-291.0
228.0,413.0,,-17.0,172.0,-2535.0,-9.0,-182.0,,-292.0
213.0,310.0,,38.0,131.0,-2412.0,-71.0,-121.0,,-297.0
129.0,189.0,,48.0,88.0,-2383.0,-124.0,-16.0,,-316.0
410.0,48.0,,43.0,44.0,-2542.0,-118.0,-86.0,,-360.0
393.0,-76.0,,9.0,42.0,-2598.0,-88.0,158.0,,-412.0
249.0,-170.0,,-34.0,114.0,-2698.0,-56.0,59.0,,-465.0
124.0,-210.0,,-13.0,179.0,-2992.0,-84.0,229.0,,-527.0
362.0,-176.0,,58.0,242.0,-3226.0,-165.0,223.0,,-577.0
322.0,-115.0,,145.0,330.0,-3159.0,-243.0,123.0,,-611.0
271.0,-31.0,,70.0,367.0,-2978.0,-282.0,145.0,,-616.0
465.0,-28.0,,12.0,372.0,-2896.0,-255.0,-177.0,,-605.0
337.0,-68.0,,31.0,380.0,-2899.0,-211.0,-175.0,,-576.0
395.0,-16.0,,0.0,346.0,-2888.0,-178.0,-388.0,,-529.0
139.0,113.0,,-64.0,306.0,-2760.0,-160.0,-399.0,,-492.0
426.0,234.0,,-100.0,299.0,-2642.0,-186.0,-397.0,,-444.0
396.0,238.0,,-37.0,255.0,-2569.0,-252.0,-572.0,,-400.0
349.0,221.0,,-79.0,190.0,-2531.0,-325.0,-476.0,,-382.0
411.0,170.0,,-128.0,132.0,-2541.0,-382.0,-622.0,,-362.0
196.0,104.0,,-124.0,53.0,-2590.0,-398.0,-517.0,,-355.0
315.0,69.0,,-186.0,-8.0,-2550.0,-395.0,-681.0,,-358.0
228.0,26.0,,-124.0,-66.0,-2458.0,-397.0,-794.0,,-368.0
574.0,15.0,,-178.0,-161.0,-2629.0,-394.0,-676.0,,-398.0
220.0,-14.0,,-167.0,-222.0,-2917.0,-378.0,-691.0,,-449.0
189.0,-56.0,,29.0,-248.0,-2918.0,-361.0,-400.0,,-527.0
297.0,-77.0,,-37.0,-275.0,-2896.0,-354.0,-515.0,,-617.0
247.0,-82.0,,-107.0,-252.0,-3076.0,-347.0,-484.0,,-697.0
315.0,-119.0,,9.0,-201.0,-3116.0,-316.0,-500.0,,-763.0
24.0,-149.0,,103.0,-155.0,-2989.0,-266.0,-624.0,,-814.0
220.0,-147.0,,70.0,-70.0,-2902.0,-252.0,-543.0,,-829.0
25.0,-124.0,,114.0,4.0,-3019.0,-272.0,-772.0,,-830.0
272.0,-85.0,,203.0,19.0,-3264.0,-298.0,-654.0,,-817.0
130.0,-49.0,,263.0,8.0,-3297.0,-292.0,-646.0,,-770.0
41.0,34.0,,312.0,-23.0,-3048.0,-251.0,-546.0,,-700.0
208.0,77.0,,314.0,-40.0,-2848.0,-179.0,-476.0,,-613.0
66.0,110.0,,380.0,11.0,-2836.0,-93.0,-678.0,,-524.0
282.0,147.0,,294.0,51.0,-2777.0,-73.0,-607.0,,-447.0
161.0,156.0,,252.0,42.0,-2560.0,-100.0,-838.0,,-388.0
272.0,148.0,,300.0,49.0,-2372.0,-146.0,-766.0,,-349.0
157.0,109.0,,269.0,45.0,-2273.0,-179.0,-692.0,,-320.0
235.0,108.0,,219.0,36.0,-2164.0,-164.0,-633.0,,-291.0
319.0,135.0,,172.0,59.0,-2157.0,-149.0,-415.0,,-270.0
350.0,183.0,,200.0,66.0,-2253.0,-145.0,-474.0,,-261.0
377.0,272.0,,144.0,69.0,-2413.0,-158.0,-243.0,,-257.0
347.0,367.0,,136.0,107.0,-2497.0,-152.0,-299.0,,-272.0
534.0,380.0,,179.0,120.0,-2376.0,-95.0,-243.0,,-293.0
389.0,393.0,,211.0,107.0,-2201.0,-22.0,-184.0,,-307.0
553.0,388.0,,207.0,91.0,-2253.0,28.0,-225.0,,-339.0
587.0,312.0,,207.0,43.0,-2451.0,40.0,31.0,,-358.0
404.0,176.0,,331.0,-9.0,-2260.0,65.0,-99.0,,-362.0
315.0,-31.0,,307.0,-67.0,-1948.0,95.0,14.0,,-379.0
368.0,-220.0,,303.0,-139.0,-1931.0,116.0,7.0,,-379.0
551.0,-389.0,,349.0,-143.0,-2164.0,131.0,57.0,,-369.0
530.0,-478.0,,273.0,-117.0,-2216.0,146.0,249.0,,-355.0
309.0,-538.0,,207.0,-142.0,-1833.0,179.0,151.0,,-340.0
256.0,-551.0,,221.0,-141.0,-1673.0,229.0,321.0,,-349.0
234.0,-512.0,,298.0,-97.0,-1668.0,289.0,179.0,,-382.0
486.0,-488.0,,255.0,-70.0,-1391.0,317.0,206.0,,-430.0
534.0,-450.0,,198.0,-18.0,-1167.0,324.0,142.0,,-498.0
342.0,-419.0,,208.0,52.0,-1193.0,303.0,7.0,,-582.0
408.0,-343.0,,238.0,70.0,-1164.0,297.0,129.0,,-665.0
224.0,-272.0,,273.0,61.0,-946.0,295.0,0.0,,-729.0
396.0,-193.0,,238.0,44.0,-724.0,286.0,236.0,,-769.0
271.0,-156.0,,276.0,29.0,-708.0,282.0,166.0,,-782.0
471.0,-143.0,,282.0,72.0,-791.0,251.0,136.0,,-788.0
533.0,-150.0,,188.0,109.0,-818.0,249.0,164.0,,-798.0
318.0,-222.0,,162.0,95.0,-1060.0,260.0,-75.0,,-794.0
327.0,-261.0,,160.0,92.0,-1201.0,267.0,-27.0,,-789.0
330.0,-278.0,,155.0,67.0,-974.0,286.0,-266.0,,-789.0
644.0,-296.0,,145.0,12.0,-788.0,325.0,-234.0,,-791.0
408.0,-347.0,,116.0,3.0,-853.0,332.0,-225.0,,-809.0
501.0,-356.0,,57.0,18.0,-853.0,277.0,-169.0,,-844.0
390.0,-343.0,,20.0,28.0,-570.0,229.0,94.0,,-874.0
470.0,-307.0,,48.0,64.0,-422.0,244.0,36.0,,-898.0
479.0,-238.0,,34.0,88.0,-705.0,307.0,230.0,,-903.0
307.0,-165.0,,100.0,119.0,-1120.0,352.0,116.0,,-868.0
386.0,-74.0,,165.0,165.0,-1118.0,369.0,144.0,,-808.0
344.0,-35.0,,175.0,138.0,-896.0,361.0,256.0,,-729.0
433.0,-52.0,,228.0,79.0,-845.0,337.0,232.0,,-638.0
201.0,-122.0,,202.0,74.0,-651.0,316.0,484.0,,-524.0
309.0,-196.0,,304.0,79.0,-137.0,313.0,408.0,,-403.0
254.0,-266.0,,311.0,74.0,243.0,314.0,587.0,,-275.0
222.0,-264.0,,221.0,63.0,93.0,310.0,545.0,,-113.0
126.0,-232.0,,242.0,17.0,-264.0,274.0,434.0,,48.0
268.0,-162.0,,207.0,3.0,-279.0,238.0,487.0,,204.0
333.0,31.0,,238.0,20.0,-98.0,260.0,284.0,,359.0
138.0,205.0,,197.0,-9.0,-175.0,298.0,399.0,,493.0
23.0,276.0,,167.0,-34.0,-280.0,364.0,266.0,,581.0
85.0,237.0,,144.0,-31.0,-350.0,395.0,388.0,,621.0
387.0,214.0,,149.0,-50.0,-417.0,354.0,545.0,,617.0
135.0,168.0,,242.0,-66.0,-266.0,269.0,554.0,,554.0
84.0,85.0,,216.0,-79.0,-129.0,190.0,739.0,,451.0
-125.0,49.0,,230.0,-114.0,-67.0,192.0,576.0,,323.0
292.0,16.0,,279.0,-124.0,-79.0,223.0,718.0,,183.0
294.0,-36.0,,317.0,-133.0,108.0,229.0,665.0,,34.0
18.0,-154.0,,314.0,-157.0,622.0,211.0,604.0,,-118.0
13.0,-241.0,,418.0,-113.0,828.0,176.0,524.0,,-278.0
-65.0,-290.0,,546.0,-51.0,779.0,130.0,190.0,,-440.0
321.0,-283.0,,501.0,-16.0,820.0,104.0,184.0,,-596.0
69.0,-180.0,,536.0,49.0,990.0,118.0,-57.0,,-735.0
128.0,-38.0,,498.0,94.0,974.0,136.0,-12.0,,-840.0
43.0,118.0,,463.0,83.0,661.0,145.0,44.0,,-922.0
257.0,265.0,,521.0,80.0,678.0,130.0,127.0,,-951.0
131.0,393.0,,495.0,55.0,987.0,98.0,352.0,,-950.0
22.0,413.0,,490.0,10.0,1158.0,79.0,171.0,,-932.0
334.0,394.0,,460.0,-1.0,1329.0,52.0,169.0,,-875.0
325.0,373.0,,456.0,-42.0,1774.0,43.0,-81.0,,-788.0
439.0,321.0,,467.0,-105.0,2272.0,32.0,-96.0,,-670.0
24.0,281.0,,468.0,-113.0,2465.0,11.0,11.0,,-547.0
350.0,228.0,,442.0,-108.0,2451.0,6.0,-83.0,,-407.0
361.0,191.0,,342.0,-98.0,2346.0,-9.0,40.0,,-274.0
622.0,129.0,,397.0,-68.0,2026.0,-36.0,-153.0,,-156.0
631.0,51.0,,438.0,-70.0,1663.0,-53.0,-59.0,,-31.0
332.0,4.0,,376.0,-71.0,1611.0,-17.0,-57.0,,84.0
704.0,-21.0,,366.0,-25.0,1807.0,57.0,-77.0,,187.0
563.0,-32.0,,280.0,22.0,1825.0,140.0,-60.0,,278.0
785.0,-17.0,,228.0,77.0,1650.0,140.0,-332.0,,368.0
546.0,13.0,,259.0,125.0,1994.0,74.0,-221.0,,429.0
744.0,6.0,,197.0,123.0,2675.0,28.0,-297.0,,478.0
902.0,14.0,,110.0,117.0,2917.0,-3.0,-94.0,,502.0
721.0,55.0,,162.0,97.0,2808.0,7.0,38.0,,485.0
685.0,161.0,,177.0,29.0,2867.0,21.0,31.0,,460.0
471.0,256.0,,23.0,15.0,3136.0,20.0,264.0,,430.0
825.0,295.0,,-6.0,65.0,3136.0,8.0,133.0,,407.0
744.0,309.0,,81.0,75.0,2998.0,-23.0,245.0,,387.0
784.0,263.0,,34.0,70.0,2980.0,-30.0,151.0,,380.0
582.0,225.0,,-6.0,51.0,3048.0,0.0,173.0,,378.0
325.0,210.0,,62.0,0.0,3196.0,41.0,232.0,,375.0
437.0,200.0,,17.0,-18.0,3259.0,68.0,88.0,,374.0
446.0,145.0,,-61.0,-28.0,3361.0,90.0,223.0,,351.0
526.0,53.0,,5.0,-16.0,3508.0,106.0,0.0,,294.0
308.0,-89.0,,44.0,70.0,3652.0,110.0,36.0,,237.0
259.0,-234.0,,24.0,141.0,3802.0,114.0,-81.0,,190.0
185.0,-305.0,,80.0,142.0,3844.0,138.0,-277.0,,123.0
238.0,-348.0,,133.0,134.0,3861.0,156.0,-258.0,,73.0
109.0,-379.0,,76.0,87.0,3854.0,151.0,-399.0,,49.0
-95.0,-406.0,,65.0,0.0,3900.0,143.0,-109.0,,40.0
21.0,-359.0,,112.0,-52.0,3933.0,132.0,1.0,,66.0
-122.0,-295.0,,69.0,-109.0,3929.0,151.0,286.0,,112.0
-197.0,-235.0,,93.0,-158.0,4162.0,174.0,493.0,,152.0
-303.0,-155.0,,124.0,-165.0,4566.0,215.0,456.0,,178.0
-247.0,-105.0,,44.0,-186.0,4839.0,271.0,545.0,,197.0
-264.0,-90.0,,34.0,-197.0,4961.0,264.0,301.0,,184.0
-466.0,-152.0,,20.0,-193.0,5192.0,228.0,426.0,,146.0
-532.0,-189.0,,71.0,-233.0,5381.0,209.0,369.0,,91.0
-564.0,-176.0,,121.0,-254.0,5533.0,222.0,336.0,,7.0
-239.0,-234.0,,60.0,-220.0,5545.0,233.0,400.0,,-92.0
-275.0,-345.0,,115.0,-195.0,5299.0,245.0,166.0,,-217.0
-570.0,-392.0,,202.0,-136.0,5159.0,262.0,229.0,,-343.0
-529.0,-350.0,,227.0,-51.0,5030.0,271.0,-3.0,,-459.0
-413.0,-259.0,,286.0,-19.0,5004.0,281.0,-62.0,,-570.0
-244.0,-180.0,,307.0,18.0,4929.0,253.0,-99.0,,-664.0
-315.0,-167.0,,323.0,61.0,4749.0,227.0,-99.0,,-755.0
-399.0,-132.0,,408.0,61.0,4733.0,216.0,164.0,,-847.0
-291.0,-167.0,,366.0,61.0,4795.0,232.0,133.0,,-926.0
-123.0,-274.0,,294.0,40.0,4937.0,261.0,365.0,,-979.0
-198.0,-273.0,,290.0,-3.0,4931.0,261.0,306.0,,-1006.0
-343.0,-225.0,,265.0,3.0,4895.0,296.0,253.0,,-1000.0
-184.0,-167.0,,207.0,0.0,4918.0,322.0,221.0,,-958.0
-67.0,-131.0,,182.0,-46.0,4858.0,317.0,-7.0,,-890.0
33.0,-153.0,,236.0,-55.0,4778.0,330.0,107.0,,-802.0
-176.0,-243.0,,204.0,-66.0,4882.0,338.0,-38.0,,-698.0
-249.0,-418.0,,166.0,-99.0,5025.0,345.0,46.0,,-587.0
-164.0,-565.0,,237.0,-104.0,4835.0,369.0,14.0,,-482.0
-142.0,-639.0,,229.0,-127.0,4665.0,400.0,-51.0,,-406.0
0.0,-634.0,,166.0,-157.0,4678.0,422.0,70.0,,-363.0
-55.0,-535.0,,207.0,-152.0,4778.0,433.0,-36.0,,-351.0
-28.0,-445.0,,183.0,-174.0,4731.0,430.0,242.0,,-383.0
-133.0,-455.0,,162.0,-214.0,4767.0,442.0,297.0,,-444.0
-118.0,-460.0,,184.0,-207.0,5093.0,479.0,482.0,,-513.0
-154.0,-439.0,,90.0,-207.0,5353.0,517.0,606.0,,-591.0
0.0,-463.0,,179.0,-217.0,5515.0,558.0,480.0,,-670.0
114.0,-470.0,,241.0,-212.0,5465.0,581.0,609.0,,-726.0
-175.0,-403.0,,154.0,-232.0,5520.0,573.0,456.0,,-765.0
-238.0,-274.0,,176.0,-214.0,5542.0,550.0,591.0,,-797.0
-314.0,-141.0,,155.0,-141.0,5206.0,529.0,582.0,,-812.0
-129.0,-22.0,,99.0,-86.0,4903.0,518.0,541.0,,-806.0
-173.0,77.0,,69.0,-16.0,4706.0,532.0,583.0,,-778.0
-156.0,177.0,,79.0,54.0,4471.0,556.0,404.0,,-725.0
-271.0,200.0,,70.0,63.0,4170.0,584.0,615.0,,-656.0
-503.0,163.0,,122.0,67.0,4041.0,600.0,609.0,,-598.0
-328.0,167.0,,191.0,68.0,4163.0,576.0,740.0,,-528.0
-471.0,146.0,,214.0,30.0,4209.0,562.0,722.0,,-434.0
-337.0,58.0,,173.0,7.0,4148.0,553.0,521.0,,-344.0
-473.0,-75.0,,153.0,-31.0,4409.0,556.0,497.0,,-235.0
-622.0,-218.0,,208.0,-95.0,4756.0,594.0,186.0,,-100.0
-503.0,-362.0,,86.0,-102.0,4680.0,611.0,280.0,,44.0
-555.0,-441.0,,151.0,-96.0,4458.0,592.0,299.0,,205.0
-416.0,-464.0,,195.0,-125.0,4362.0,539.0,497.0,,381.0
-686.0,-476.0,,32.0,-130.0,4245.0,493.0,753.0,,556.0
-614.0,-441.0,,17.0,-114.0,3931.0,486.0,667.0,,729.0
-645.0,-382.0,,-52.0,-83.0,3668.0,522.0,761.0,,889.0
-721.0,-365.0,,-175.0,-23.0,3740.0,581.0,458.0,,1018.0
-537.0,-427.0,,-217.0,0.0,3827.0,587.0,375.0,,1102.0
-768.0,-447.0,,-130.0,-2.0,3738.0,554.0,197.0,,1128.0
-484.0,-423.0,,-255.0,24.0,3687.0,512.0,25.0,,1105.0
-630.0,-410.0,,-327.0,17.0,3783.0,470.0,168.0,,1023.0
-746.0,-431.0,,-237.0,-4.0,3877.0,472.0,70.0,,900.0
-598.0,-410.0,,-332.0,-21.0,3693.0,511.0,275.0,,761.0
-601.0,-311.0,,-251.0,-91.0,3368.0,543.0,151.0,,608.0
-506.0,-269.0,,-263.0,-133.0,2992.0,523.0,88.0,,463.0
-546.0,-218.0,,-279.0,-120.0,2581.0,467.0,62.0,,352.0
-565.0,-166.0,,-246.0,-128.0,2498.0,418.0,-53.0,,268.0
-778.0,-129.0,,-259.0,-117.0,2663.0,411.0,164.0,,187.0
-578.0,-115.0,,-133.0,-62.0,2558.0,428.0,83.0,,122.0
-622.0,-115.0,,-133.0,-27.0,2203.0,441.0,303.0,,60.0
-598.0,-74.0,,-126.0,-3.0,2045.0,481.0,363.0,,-6.0
-616.0,21.0,,-100.0,-6.0,2176.0,499.0,343.0,,-60.0
-613.0,178.0,,-72.0,-46.0,2158.0,493.0,367.0,,-106.0
-608.0,224.0,,-79.0,-35.0,1802.0,498.0,107.0,,-145.0
-879.0,216.0,,-51.0,18.0,1631.0,484.0,136.0,,-188.0
-744.0,192.0,,-55.0,47.0,1585.0,477.0,-35.0,,-227.0
-886.0,113.0,,-208.0,87.0,1289.0,473.0,83.0,,-259.0
-587.0,43.0,,-238.0,113.0,893.0,434.0,188.0,,-305.0
-815.0,-17.0,,-283.0,96.0,609.0,385.0,151.0,,-355.0
-989.0,-30.0,,-310.0,74.0,487.0,373.0,267.0,,-407.0
-979.0,-94.0,,-322.0,-12.0,312.0,384.0,-9.0,,-465.0
-1135.0,-216.0,,-435.0,-164.0,23.0,382.0,-11.0,,-507.0
-736.0,-250.0,,-389.0,-262.0,-166.0,365.0,-160.0,,-538.0
-873.0,-174.0,,-390.0,-316.0,-236.0,350.0,-208.0,,-567.0
-797.0,-89.0,,-537.0,-321.0,-439.0,359.0,-49.0,,-594.0
-901.0,-46.0,,-454.0,-231.0,-548.0,381.0,16.0,,-610.0
-865.0,9.0,,-393.0,-143.0,-534.0,379.0,378.0,,-624.0
-836.0,86.0,,-456.0,-74.0,-660.0,377.0,362.0,,-634.0
-866.0,122.0,,-461.0,30.0,-837.0,391.0,476.0,,-627.0
-613.0,85.0,,-506.0,83.0,-925.0,399.0,497.0,,-614.0
-728.0,51.0,,-441.0,92.0,-876.0,424.0,439.0,,-579.0
-739.0,63.0,,-380.0,106.0,-1110.0,428.0,539.0,,-531.0
-768.0,119.0,,-404.0,72.0,-1422.0,384.0,345.0,,-469.0
-786.0,181.0,,-388.0,56.0,-1364.0,363.0,430.0,,-396.0
-718.0,249.0,,-416.0,85.0,-1193.0,350.0,293.0,,-325.0
-341.0,285.0,,-320.0,95.0,-1291.0,316.0,351.0,,-250.0
-442.0,229.0,,-321.0,115.0,-1608.0,302.0,443.0,,-189.0
-697.0,138.0,,-498.0,113.0,-1661.0,316.0,321.0,,-124.0
-548.0,56.0,,-461.0,41.0,-1522.0,319.0,430.0,,-56.0
-338.0,4.0,,-379.0,-9.0,-1556.0,311.0,214.0,,12.0
-355.0,-27.0,,-301.0,-22.0,-1629.0,318.0,282.0,,79.0
-514.0,-32.0,,-296.0,-47.0,-1489.0,321.0,238.0,,148.0
-404.0,-22.0,,-375.0,-51.0,-1335.0,339.0,205.0,,218.0
-538.0,28.0,,-391.0,-71.0,-1277.0,344.0,273.0,,254.0
-310.0,132.0,,-297.0,-113.0,-1309.0,305.0,57.0,,274.0
-515.0,196.0,,-192.0,-95.0,-1343.0,271.0,140.0,,266.0
-556.0,248.0,,-251.0,-78.0,-1305.0,218.0,-64.0,,242.0
-258.0,300.0,,-261.0,-87.0,-1366.0,171.0,-70.0,,217.0
-438.0,361.0,,-356.0,-84.0,-1397.0,156.0,-40.0,,187.0
-542.0,433.0,,-390.0,-112.0,-1418.0,141.0,-62.0,,156.0
-691.0,448.0,,-346.0,-141.0,-1713.0,108.0,201.0,,106.0
-317.0,422.0,,-497.0,-116.0,-2152.0,61.0,101.0,,54.0
-465.0,352.0,,-640.0,-100.0,-2386.0,25.0,164.0,,-19.0
-453.0,252.0,,-681.0,-93.0,-2391.0,6.0,-3.0,,-112.0
-513.0,146.0,,-544.0,-73.0,-2424.0,-1.0,-84.0,,-201.0
-719.0,60.0,,-664.0,-91.0,-2648.0,-4.0,-86.0,,-305.0
-444.0,11.0,,-722.0,-76.0,-2714.0,-1.0,-317.0,,-400.0
-494.0,-23.0,,-571.0,-37.0,-2547.0,-6.0,-205.0,,-498.0
-223.0,-42.0,,-709.0,-50.0,-2539.0,-1.0,-327.0,,-590.0
-379.0,-16.0,,-683.0,-43.0,-2518.0,18.0,-123.0,,-669.0
-471.0,69.0,,-629.0,-2.0,-2217.0,21.0,35.0,,-768.0
-452.0,104.0,,-615.0,16.0,-1894.0,-1.0,7.0,,-858.0
-223.0,89.0,,-661.0,47.0,-2012.0,-51.0,97.0,,-930.0
-166.0,84.0,,-715.0,85.0,-2422.0,-93.0,-40.0,,-995.0
-171.0,114.0,,-632.0,82.0,-2539.0,-99.0,158.0,,-1039.0
-42.0,201.0,,-624.0,97.0,-2384.0,-101.0,166.0,,-1080.0
-285.0,178.0,,-513.0,111.0,-2310.0,-120.0,327.0,,-1117.0
26.0,48.0,,-476.0,102.0,-2231.0,-164.0,436.0,,-1137.0
-132.0,-99.0,,-522.0,143.0,-2200.0,-239.0,277.0,,-1128.0
-102.0,-282.0,,-487.0,165.0,-2265.0,-305.0,334.0,,-1092.0
-49.0,-421.0,,-413.0,150.0,-2183.0,-334.0,33.0,,-1031.0
252.0,-518.0,,-409.0,154.0,-2126.0,-314.0,31.0,,-938.0
222.0,-565.0,,-387.0,128.0,-2146.0,-275.0,-48.0,,-850.0
-139.0,-548.0,,-359.0,83.0,-2182.0,-260.0,-190.0,,-765.0
77.0,-535.0,,-380.0,80.0,-2245.0,-267.0,-219.0,,-694.0
43.0,-574.0,,-300.0,69.0,-2197.0,-296.0,-513.0,,-642.0
386.0,-620.0,,-262.0,68.0,-2282.0,-340.0,-448.0,,-580.0
37.0,-585.0,,-179.0,99.0,-2463.0,-411.0,-528.0,,-526.0
81.0,-471.0,,-79.0,66.0,-2422.0,-458.0,-417.0,,-476.0
67.0,-344.0,,-131.0,30.0,-2299.0,-469.0,-389.0,,-420.0
150.0,-256.0,,-346.0,21.0,-2414.0,-478.0,-469.0,,-364.0
242.0,-260.0,,-354.0,-41.0,-2723.0,-483.0,-332.0,,-317.0
-164.0,-308.0,,-272.0,-92.0,-2811.0,-516.0,-572.0,,-275.0
259.0,-250.0,,-354.0,-107.0,-2774.0,-543.0,-506.0,,-253.0
259.0,-169.0,,-350.0,-158.0,-2803.0,-560.0,-637.0,,-247.0
347.0,-109.0,,-453.0,-213.0,-2796.0,-563.0,-715.0,,-249.0
-39.0,23.0,,-391.0,-254.0,-2810.0,-539.0,-633.0,,-275.0
-47.0,218.0,,-354.0,-294.0,-2891.0,-530.0,-787.0,,-296.0
312.0,421.0,,-467.0,-281.0,-2952.0,-536.0,-667.0,,-312.0
255.0,533.0,,-352.0,-269.0,-2944.0,-542.0,-912.0,,-339.0
149.0,579.0,,-372.0,-284.0,-2865.0,-559.0,-1003.0,,-359.0
-28.0,593.0,,-518.0,-254.0,-2829.0,-593.0,-1110.0,,-365.0
107.0,595.0,,-512.0,-213.0,-3062.0,-609.0,-1154.0,,-367.0
86.0,554.0,,-380.0,-175.0,-3417.0,-629.0,-942.0,,-369.0
203.0,492.0,,-469.0,-93.0,-3627.0,-673.0,-1014.0,,-370.0
13.0,471.0,,-612.0,-15.0,-3586.0,-704.0,-705.0,,-385.0
-45.0,443.0,,-566.0,37.0,-3564.0,-685.0,-655.0,,-392.0
96.0,401.0,,-532.0,82.0,-3729.0,-618.0,-550.0,,-400.0
209.0,280.0,,-601.0,55.0,-3833.0,-547.0,-482.0,,-426.0
-72.0,185.0,,-624.0,45.0,-3885.0,-543.0,-733.0,,-446.0
-78.0,142.0,,-551.0,101.0,-3895.0,-629.0,-606.0,,-467.0
100.0,85.0,,-590.0,138.0,-3859.0,-705.0,-626.0,,-484.0
35.0,34.0,,-496.0,196.0,-3916.0,-752.0,-402.0,,-483.0
-27.0,-7.0,,-513.0,268.0,-3987.0,-779.0,-389.0,,-471.0
-245.0,11.0,,-652.0,275.0,-4057.0,-781.0,-447.0,,-434.0
168.0,7.0,,-558.0,260.0,-4198.0,-782.0,-423.0,,-369.0
103.0,15.0,,-589.0,246.0,-4363.0,-777.0,-718.0,,-287.0
110.0,31.0,,-553.0,214.0,-4740.0,-782.0,-722.0,,-166.0
-191.0,51.0,,-499.0,234.0,-5058.0,-796.0,-973.0,,-28.0
-156.0,104.0,,-546.0,255.0,-4976.0,-808.0,-933.0,,116.0
114.0,157.0,,-487.0,243.0,-4768.0,-810.0,-831.0,,297.0
120.0,238.0,,-518.0,268.0,-4651.0,-799.0,-812.0,,486.0
253.0,264.0,,-478.0,248.0,-4773.0,-818.0,-530.0,,666.0
-203.0,266.0,,-369.0,168.0,-4849.0,-862.0,-604.0,,828.0
170.0,287.0,,-303.0,92.0,-4748.0,-894.0,-367.0,,962.0
-57.0,308.0,,-280.0,-17.0,-4632.0,-905.0,-339.0,,1041.0
110.0,259.0,,-273.0,-105.0,-4589.0,-909.0,-303.0,,1055.0
252.0,149.0,,-148.0,-131.0,-4734.0,-922.0,-138.0,,1017.0
4.0,74.0,,-33.0,-166.0,-4791.0,-950.0,-225.0,,932.0
93.0,-5.0,,21.0,-155.0,-4818.0,-1006.0,-35.0,,809.0
-86.0,-89.0,,55.0,-79.0,-5021.0,-1029.0,-168.0,,648.0
308.0,-168.0,,123.0,-35.0,-5189.0,-995.0,-147.0,,471.0
-126.0,-124.0,,128.0,0.0,-5187.0,-960.0,-291.0,,266.0
48.0,70.0,,199.0,19.0,-5121.0,-943.0,-509.0,,75.0
245.0,315.0,,364.0,-5.0,-5120.0,-951.0,-391.0,,-89.0
83.0,567.0,,429.0,7.0,-5135.0,-984.0,-484.0,,-242.0
99.0,777.0,,313.0,36.0,-5030.0,-1019.0,-277.0,,-359.0
-41.0,897.0,,193.0,11.0,-4753.0,-1030.0,-400.0,,-488.0
260.0,899.0,,331.0,0.0,-4449.0,-1023.0,-463.0,,-609.0
126.0,802.0,,382.0,-10.0,-4109.0,-1005.0,-434.0,,-723.0
77.0,585.0,,366.0,-36.0,-3897.0,-989.0,-546.0,,-825.0
-20.0,338.0,,312.0,-12.0,-3770.0,-993.0,-369.0,,-901.0
175.0,119.0,,224.0,0.0,-3493.0,-1019.0,-484.0,,-972.0
174.0,-31.0,,325.0,-15.0,-3265.0,-1053.0,-325.0,,-1005.0
58.0,-89.0,,342.0,1.0,-3083.0,-1066.0,-362.0,,-1031.0
207.0,-140.0,,176.0,-3.0,-3128.0,-1089.0,-504.0,,-1049.0
30.0,-227.0,,141.0,-42.0,-3119.0,-1135.0,-548.0,,-1065.0
151.0,-351.0,,138.0,-68.0,-2861.0,-1165.0,-774.0,,-1073.0
158.0,-395.0,,-39.0,-119.0,-2799.0,-1153.0,-570.0,,-1081.0
166.0,-405.0,,9.0,-146.0,-2950.0,-1137.0,-637.0,,-1104.0
107.0,-400.0,,66.0,-112.0,-3161.0,-1141.0,-561.0,,-1113.0
83.0,-410.0,,-10.0,-110.0,-2991.0,-1155.0,-495.0,,-1122.0
183.0,-383.0,,-62.0,-96.0,-2713.0,-1185.0,-561.0,,-1137.0
120.0,-254.0,,-108.0,-63.0,-2809.0,-1192.0,-373.0,,-1156.0
146.0,-148.0,,0.0,-73.0,-2861.0,-1170.0,-552.0,,-1158.0
214.0,-34.0,,-43.0,-40.0,-2616.0,-1151.0,-511.0,,-1163.0
229.0,15.0,,-75.0,23.0,-2447.0,-1142.0,-582.0,,-1172.0
251.0,17.0,,-21.0,59.0,-2629.0,-1143.0,-548.0,,-1167.0
174.0,-33.0,,-155.0,123.0,-2777.0,-1176.0,-351.0,,-1174.0
172.0,-86.0,,-332.0,170.0,-2606.0,-1224.0,-334.0,,-1174.0
311.0,-85.0,,-294.0,190.0,-2230.0,-1234.0,-83.0,,-1166.0
242.0,-81.0,,-191.0,244.0,-2071.0,-1202.0,-138.0,,-1158.0
189.0,-59.0,,-237.0,249.0,-2051.0,-1143.0,44.0,,-1150.0
71.0,-20.0,,-171.0,239.0,-1949.0,-1111.0,120.0,,-1130.0
138.0,166.0,,-173.0,291.0,-1819.0,-1115.0,110.0,,-1103.0
87.0,294.0,,-171.0,301.0,-1629.0,-1127.0,214.0,,-1082.0
-84.0,286.0,,-84.0,293.0,-1600.0,-1153.0,-171.0,,-1050.0
-183.0,257.0,,-71.0,268.0,-1583.0,-1172.0,-260.0,,-1010.0
-170.0,238.0,,-79.0,175.0,-1631.0,-1160.0,-530.0,,-978.0
-41.0,199.0,,-64.0,139.0,-1620.0,-1123.0,-657.0,,-958.0
-288.0,107.0,,0.0,132.0,-1454.0,-1076.0,-615.0,,-935.0
-307.0,83.0,,25.0,74.0,-1475.0,-1012.0,-665.0,,-922.0
-330.0,33.0,,39.0,58.0,-1617.0,-978.0,-397.0,,-922.0
-353.0,-26.0,,-34.0,33.0,-1881.0,-987.0,-417.0,,-920.0
-423.0,-101.0,,-4.0,-18.0,-1955.0,-967.0,-242.0,,-933.0
-328.0,-73.0,,-3.0,-20.0,-1909.0,-919.0,-351.0,,-948.0
-181.0,132.0,,-33.0,-67.0,-1922.0,-891.0,-443.0,,-942.0
-358.0,316.0,,-62.0,-125.0,-1843.0,-902.0,-315.0,,-930.0
-394.0,386.0,,-121.0,-124.0,-1677.0,-923.0,-519.0,,-920.0
-391.0,378.0,,12.0,-136.0,-1325.0,-906.0,-388.0,,-887.0
-14.0,409.0,,-79.0,-88.0,-1166.0,-880.0,-563.0,,-840.0
-66.0,376.0,,-52.0,3.0,-1133.0,-869.0,-637.0,,-781.0
-319.0,245.0,,150.0,36.0,-989.0,-847.0,-742.0,,-702.0
-184.0,104.0,,89.0,73.0,-949.0,-821.0,-999.0,,-634.0
-134.0,52.0,,13.0,78.0,-805.0,-819.0,-1003.0,,-561.0
-71.0,40.0,,15.0,44.0,-646.0,-817.0,-1178.0,,-475.0
-111.0,-29.0,,86.0,88.0,-388.0,-786.0,-992.0,,-402.0
-57.0,-47.0,,-2.0,110.0,87.0,-745.0,-1031.0,,-320.0
41.0,5.0,,-124.0,96.0,358.0,-723.0,-994.0,,-241.0
28.0,58.0,,-47.0,121.0,499.0,-698.0,-877.0,,-171.0
52.0,34.0,,20.0,104.0,571.0,-685.0,-1014.0,,-107.0
59.0,5.0,,1.0,82.0,736.0,-687.0,-800.0,,-80.0
133.0,13.0,,3.0,78.0,974.0,-665.0,-820.0,,-82.0
255.0,44.0,,0.0,16.0,1000.0,-599.0,-598.0,,-112.0
241.0,49.0,,-61.0,-15.0,1092.0,-499.0,-460.0,,-155.0
158.0,7.0,,39.0,-15.0,1241.0,-440.0,-432.0,,-204.0
111.0,44.0,,232.0,-64.0,1331.0,-414.0,-312.0,,-243.0
363.0,104.0,,255.0,-68.0,1360.0,-394.0,-598.0,,-270.0
362.0,154.0,,304.0,-53.0,1224.0,-394.0,-609.0,,-293.0
263.0,161.0,,429.0,-64.0,1191.0,-409.0,-788.0,,-292.0
209.0,121.0,,387.0,-37.0,1460.0,-426.0,-783.0,,-276.0
186.0,130.0,,389.0,-51.0,1752.0,-389.0,-681.0,,-247.0
407.0,143.0,,451.0,-99.0,2024.0,-337.0,-811.0,,-225.0
187.0,178.0,,415.0,-105.0,2179.0,-292.0,-759.0,,-198.0
193.0,198.0,,408.0,-149.0,2090.0,-250.0,-1027.0,,-184.0
114.0,170.0,,415.0,-196.0,2078.0,-241.0,-920.0,,-194.0
135.0,117.0,,399.0,-205.0,2149.0,-248.0,-770.0,,-213.0
106.0,40.0,,393.0,-253.0,2020.0,-248.0,-617.0,,-263.0
-60.0,56.0,,503.0,-245.0,1759.0,-205.0,-371.0,,-336.0
87.0,139.0,,515.0,-185.0,1699.0,-125.0,-447.0,,-429.0
-120.0,158.0,,455.0,-180.0,1821.0,-62.0,-245.0,,-519.0
39.0,131.0,,447.0,-154.0,1861.0,-87.0,-343.0,,-604.0
-159.0,73.0,,388.0,-144.0,1732.0,-161.0,-345.0,,-685.0
-157.0,13.0,,389.0,-143.0,1702.0,-198.0,-380.0,,-747.0
-133.0,-25.0,,320.0,-62.0,1796.0,-156.0,-495.0,,-798.0
-122.0,-85.0,,270.0,-6.0,1787.0,-41.0,-315.0,,-842.0
102.0,-75.0,,308.0,49.0,1750.0,70.0,-460.0,,-861.0
-188.0,-87.0,,185.0,160.0,1862.0,84.0,-378.0,,-856.0
-72.0,-187.0,,183.0,189.0,1987.0,9.0,-506.0,,-843.0
-221.0,-236.0,,251.0,169.0,1873.0,-60.0,-545.0,,-799.0
111.0,-225.0,,-6.0,168.0,1614.0,-79.0,-469.0,,-724.0
-2.0,-162.0,,38.0,120.0,1448.0,-3.0,-654.0,,-639.0
-141.0,-141.0,,600.0,105.0,1481.0,88.0,-447.0,,-546.0
5.0,-110.0,,356.0,120.0,1368.0,96.0,-471.0,,-453.0
-147.0,-63.0,,-364.0,110.0,1091.0,58.0,-323.0,,-378.0
79.0,-24.0,,143.0,152.0,894.0,42.0,-242.0,,-321.0
-289.0,56.0,,323.0,151.0,782.0,87.0,-279.0,,-263.0
-25.0,165.0,,-100.0,85.0,630.0,150.0,-158.0,,-227.0
-91.0,239.0,,482.0,82.0,426.0,188.0,-315.0,,-194.0
29.0,218.0,,552.0,80.0,470.0,194.0,-169.0,,-161.0
-23.0,238.0,,-302.0,74.0,615.0,212.0,-249.0,,-135.0
-282.0,248.0,,126.0,107.0,733.0,266.0,-210.0,,-103.0
0.0,272.0,,355.0,91.0,870.0,352.0,-194.0,,-84.0
-87.0,272.0,,-205.0,81.0,1186.0,419.0,-410.0,,-56.0
238.0,193.0,,562.0,91.0,1465.0,417.0,-319.0,,-28.0
-95.0,203.0,,179.0,48.0,1535.0,387.0,-541.0,,-5.0
85.0,229.0,,41.0,75.0,1694.0,362.0,-447.0,,28.0
-48.0,211.0,,522.0,151.0,1737.0,349.0,-417.0,,49.0
-81.0,149.0,,28.0,163.0,1732.0,364.0,-349.0,,49.0
-13.0,136.0,,295.0,176.0,1750.0,391.0,-59.0,,21.0
-233.0,115.0,,368.0,167.0,1876.0,435.0,-83.0,,-45.0
130.0,29.0,,357.0,128.0,2036.0,510.0,107.0,,-141.0
-216.0,-26.0,,270.0,123.0,1828.0,593.0,3.0,,-254.0
-93.0,7.0,,221.0,91.0,1628.0,651.0,105.0,,-371.0
-317.0,129.0,,111.0,73.0,1712.0,682.0,173.0,,-486.0
-105.0,161.0,,276.0,115.0,1786.0,690.0,123.0,,-598.0
-136.0,137.0,,390.0,118.0,1486.0,668.0,388.0,,-697.0
-246.0,145.0,,162.0,122.0,1154.0,693.0,354.0,,-803.0
-173.0,142.0,,363.0,158.0,1076.0,780.0,607.0,,-910.0
-486.0,42.0,,318.0,145.0,866.0,850.0,567.0,,-999.0
-163.0,-36.0,,507.0,133.0,672.0,900.0,460.0,,-1070.0
-384.0,10.0,,188.0,112.0,513.0,926.0,460.0,,-1120.0
-282.0,67.0,,154.0,58.0,531.0,928.0,216.0,,-1145.0
-458.0,125.0,,599.0,69.0,853.0,879.0,262.0,,-1139.0
-363.0,129.0,,204.0,78.0,1167.0,836.0,75.0,,-1108.0
-366.0,191.0,,339.0,33.0,1416.0,836.0,157.0,,-1065.0
-410.0,277.0,,574.0,9.0,1569.0,855.0,168.0,,-1016.0
-269.0,244.0,,266.0,-45.0,1815.0,948.0,97.0,,-960.0
-438.0,203.0,,306.0,-110.0,2084.0,1063.0,173.0,,-898.0
-329.0,159.0,,393.0,-131.0,2264.0,1134.0,-57.0,,-825.0
-521.0,75.0,,363.0,-193.0,2160.0,1164.0,109.0,,-752.0
-286.0,-64.0,,261.0,-246.0,1816.0,1141.0,147.0,,-662.0
-381.0,-159.0,,129.0,-250.0,1646.0,1121.0,315.0,,-541.0
-333.0,-159.0,,156.0,-285.0,1438.0,1107.0,498.0,,-425.0
-398.0,-181.0,,196.0,-279.0,1172.0,1080.0,384.0,,-305.0
-404.0,-221.0,,250.0,-226.0,941.0,1081.0,410.0,,-197.0
-376.0,-208.0,,218.0,-186.0,1001.0,1100.0,81.0,,-118.0
-464.0,-149.0,,136.0,-84.0,1260.0,1131.0,59.0,,-48.0
-292.0,-51.0,,92.0,24.0,1381.0,1169.0,-16.0,,0.0
-428.0,69.0,,107.0,66.0,1497.0,1170.0,-136.0,,44.0
-303.0,152.0,,124.0,96.0,1734.0,1166.0,-70.0,,69.0
-457.0,271.0,,193.0,76.0,2030.0,1166.0,-199.0,,78.0
-393.0,368.0,,220.0,19.0,1944.0,1143.0,-7.0,,78.0
-466.0,344.0,,156.0,7.0,1837.0,1141.0,-84.0,,48.0
-438.0,297.0,,285.0,-22.0,1854.0,1160.0,-33.0,,13.0
-368.0,306.0,,274.0,-47.0,1777.0,1182.0,31.0,,-41.0
-380.0,236.0,,160.0,-3.0,1724.0,1194.0,40.0,,-99.0
-432.0,22.0,,262.0,10.0,1541.0,1195.0,363.0,,-134.0
-537.0,-132.0,,244.0,-4.0,1408.0,1174.0,345.0,,-172.0
-343.0,-262.0,,241.0,-3.0,1119.0,1130.0,559.0,,-198.0
-477.0,-367.0,,201.0,-26.0,768.0,1112.0,591.0,,-226.0
-273.0,-403.0,,121.0,-19.0,724.0,1106.0,641.0,,-250.0
-370.0,-373.0,,304.0,20.0,796.0,1094.0,781.0,,-279.0
-224.0,-267.0,,319.0,30.0,749.0,1073.0,594.0,,-320.0
-224.0,-182.0,,285.0,68.0,537.0,1036.0,668.0,,-354.0
-361.0,-74.0,,459.0,119.0,549.0,990.0,474.0,,-399.0
-251.0,39.0,,563.0,96.0,826.0,970.0,471.0,,-419.0
-336.0,84.0,,435.0,62.0,1010.0,1005.0,436.0,,-415.0
-20.0,1.0,,398.0,36.0,1000.0,1058.0,360.0,,-411.0
-277.0,-69.0,,449.0,-11.0,1098.0,1099.0,535.0,,-393.0
-227.0,-120.0,,290.0,-22.0,1193.0,1111.0,428.0,,-356.0
-131.0,-226.0,,257.0,-6.0,1168.0,1060.0,679.0,,-309.0
-96.0,-323.0,,411.0,40.0,1305.0,970.0,696.0,,-249.0
-6.0,-458.0,,321.0,136.0,1504.0,898.0,735.0,,-175.0
-124.0,-477.0,,58.0,172.0,1506.0,886.0,864.0,,-105.0
72.0,-484.0,,66.0,137.0,1292.0,953.0,739.0,,-18.0
48.0,-568.0,,29.0,110.0,1267.0,1053.0,923.0,,78.0
235.0,-587.0,,-38.0,55.0,1319.0,1112.0,875.0,,170.0
115.0,-535.0,,-112.0,7.0,1237.0,1106.0,1038.0,,255.0
178.0,-427.0,,-254.0,25.0,1243.0,1061.0,1104.0,,338.0
322.0,-397.0,,-141.0,44.0,1369.0,1034.0,1132.0,,406.0
341.0,-424.0,,-146.0,56.0,1299.0,1064.0,1260.0,,452.0
421.0,-373.0,,-223.0,70.0,926.0,1123.0,1014.0,,489.0
235.0,-247.0,,-165.0,31.0,784.0,1169.0,1047.0,,510.0
471.0,-216.0,,-242.0,-2.0,949.0,1174.0,897.0,,520.0
448.0,-238.0,,-229.0,4.0,1036.0,1146.0,966.0,,512.0
517.0,-193.0,,-103.0,-27.0,813.0,1146.0,1125.0,,491.0
463.0,-166.0,,-273.0,-62.0,796.0,1153.0,1103.0,,445.0
422.0,-157.0,,-354.0,-82.0,1298.0,1128.0,1354.0,,372.0
560.0,-157.0,,-321.0,-114.0,1717.0,1117.0,1298.0,,300.0
459.0,-107.0,,-256.0,-94.0,1810.0,1123.0,1435.0,,230.0
541.0,-46.0,,-162.0,-54.0,1967.0,1113.0,1328.0,,160.0
362.0,-68.0,,-334.0,-38.0,2441.0,1112.0,1178.0,,109.0
383.0,-67.0,,-230.0,2.0,2611.0,1146.0,1234.0,,86.0
376.0,21.0,,-224.0,12.0,2472.0,1150.0,1091.0,,60.0
390.0,100.0,,-404.0,-24.0,2510.0,1092.0,1250.0,,37.0
409.0,71.0,,-148.0,-19.0,2662.0,1028.0,1075.0,,-1.0
337.0,-1.0,,-51.0,-28.0,2710.0,986.0,1042.0,,-69.0
378.0,-7.0,,-250.0,-64.0,2628.0,1009.0,971.0,,-138.0
208.0,-10.0,,-107.0,-74.0,2603.0,1088.0,803.0,,-220.0
248.0,-1.0,,-40.0,-99.0,2510.0,1137.0,914.0,,-314.0
255.0,53.0,,-211.0,-83.0,2477.0,1141.0,731.0,,-411.0
280.0,84.0,,21.0,-6.0,2406.0,1098.0,921.0,,-505.0
337.0,96.0,,31.0,0.0,2279.0,1034.0,986.0,,-582.0
252.0,69.0,,-128.0,-39.0,2124.0,972.0,1051.0,,-641.0
270.0,121.0,,2.0,-45.0,1921.0,934.0,1132.0,,-684.0
194.0,193.0,,-26.0,-45.0,1981.0,913.0,953.0,,-703.0
327.0,170.0,,-155.0,0.0,1901.0,885.0,1003.0,,-695.0
397.0,121.0,,-100.0,64.0,1547.0,867.0,774.0,,-660.0
227.0,52.0,,-56.0,77.0,1450.0,880.0,872.0,,-591.0
282.0,47.0,,-56.0,112.0,1884.0,908.0,938.0,,-505.0
188.0,88.0,,36.0,149.0,2280.0,903.0,977.0,,-407.0
290.0,183.0,,-28.0,134.0,2224.0,858.0,1201.0,,-287.0
288.0,220.0,,-113.0,133.0,2091.0,755.0,1088.0,,-162.0
328.0,183.0,,-165.0,125.0,2165.0,663.0,1258.0,,-47.0
299.0,156.0,,-148.0,92.0,2395.0,632.0,1101.0,,53.0
177.0,66.0,,-175.0,100.0,2398.0,632.0,1032.0,,132.0
404.0,57.0,,-225.0,129.0,2220.0,662.0,1042.0,,198.0
228.0,40.0,,-151.0,158.0,2079.0,642.0,925.0,,254.0
241.0,-66.0,,-135.0,213.0,2026.0,579.0,1147.0,,294.0
66.0,-206.0,,-179.0,209.0,1904.0,549.0,990.0,,318.0
215.0,-279.0,,-232.0,146.0,1852.0,541.0,1038.0,,339.0
189.0,-195.0,,-228.0,113.0,2132.0,542.0,999.0,,347.0
16.0,-132.0,,-269.0,65.0,2312.0,550.0,1001.0,,342.0
109.0,-15.0,,-236.0,9.0,2431.0,565.0,1156.0,,323.0
-113.0,193.0,,-230.0,5.0,2541.0,551.0,1043.0,,282.0
80.0,361.0,,-174.0,2.0,2661.0,515.0,1230.0,,220.0
-127.0,412.0,,-52.0,25.0,2902.0,487.0,1134.0,,157.0
-57.0,389.0,,-29.0,92.0,3000.0,490.0,1154.0,,95.0
-165.0,352.0,,68.0,107.0,2940.0,487.0,1071.0,,37.0
-39.0,216.0,,9.0,79.0,2677.0,439.0,837.0,,-19.0
-9.0,87.0,,-97.0,38.0,2422.0,374.0,840.0,,-65.0
-206.0,0.0,,-39.0,-57.0,2300.0,290.0,543.0,,-90.0
15.0,-66.0,,128.0,-135.0,2253.0,227.0,508.0,,-120.0
-166.0,-116.0,,4.0,-164.0,2281.0,196.0,314.0,,-131.0
86.0,-229.0,,-174.0,-179.0,2271.0,154.0,291.0,,-125.0
-59.0,-381.0,,12.0,-127.0,2369.0,106.0,463.0,,-118.0
164.0,-517.0,,-59.0,-73.0,2532.0,54.0,365.0,,-85.0
173.0,-557.0,,-160.0,-113.0,2380.0,21.0,532.0,,-56.0
147.0,-572.0,,61.0,-180.0,2057.0,-4.0,412.0,,-41.0
280.0,-587.0,,110.0,-233.0,2047.0,0.0,430.0,,-35.0
141.0,-458.0,,-35.0,-272.0,2228.0,39.0,389.0,,-52.0
370.0,-191.0,,44.0,-238.0,2312.0,64.0,330.0,,-89.0
240.0,35.0,,-48.0,-168.0,2133.0,48.0,497.0,,-142.0
509.0,142.0,,65.0,-124.0,1926.0,-23.0,426.0,,-199.0
370.0,243.0,,304.0,-66.0,1826.0,-109.0,716.0,,-248.0
420.0,286.0,,1.0,-55.0,1690.0,-170.0,777.0,,-294.0
409.0,194.0,,155.0,-91.0,1622.0,-188.0,848.0,,-336.0
438.0,131.0,,315.0,-82.0,1540.0,-174.0,881.0,,-358.0
610.0,134.0,,89.0,-73.0,1528.0,-173.0,644.0,,-373.0
446.0,156.0,,79.0,-96.0,1419.0,-203.0,670.0,,-378.0
569.0,178.0,,207.0,-101.0,1352.0,-258.0,458.0,,-355.0
321.0,195.0,,14.0,-92.0,1457.0,-291.0,469.0,,-322.0
472.0,246.0,,-43.0,-54.0,1339.0,-277.0,286.0,,-292.0
408.0,263.0,,159.0,19.0,1168.0,-245.0,75.0,,-265.0
427.0,237.0,,88.0,43.0,1150.0,-222.0,90.0,,-232.0
503.0,176.0,,111.0,46.0,1034.0,-207.0,-66.0,,-213.0
471.0,108.0,,152.0,92.0,563.0,-203.0,127.0,,-191.0
436.0,102.0,,190.0,106.0,101.0,-167.0,49.0,,-151.0
346.0,114.0,,103.0,93.0,-33.0,-102.0,177.0,,-114.0
566.0,147.0,,147.0,71.0,12.0,-68.0,371.0,,-59.0
522.0,188.0,,295.0,-3.0,-72.0,-85.0,373.0,,28.0
570.0,188.0,,371.0,-64.0,-172.0,-155.0,533.0,,130.0
473.0,88.0,,480.0,-73.0,102.0,-219.0,315.0,,249.0
551.0,-88.0,,455.0,-67.0,626.0,-214.0,371.0,,365.0
570.0,-180.0,,448.0,-23.0,981.0,-168.0,221.0,,470.0
612.0,-201.0,,465.0,25.0,889.0,-113.0,68.0,,585.0
603.0,-220.0,,480.0,43.0,692.0,-74.0,101.0,,684.0
577.0,-207.0,,498.0,110.0,588.0,-79.0,-48.0,,789.0
630.0,-117.0,,474.0,196.0,311.0,-88.0,96.0,,868.0
618.0,16.0,,415.0,225.0,-161.0,-82.0,-88.0,,898.0
710.0,75.0,,430.0,269.0,-648.0,-86.0,-18.0,,912.0
512.0,117.0,,352.0,297.0,-988.0,-92.0,33.0,,893.0
550.0,136.0,,242.0,269.0,-932.0,-102.0,-25.0,,845.0
514.0,124.0,,173.0,248.0,-732.0,-100.0,173.0,,770.0
576.0,165.0,,207.0,205.0,-843.0,-70.0,99.0,,672.0
424.0,256.0,,248.0,152.0,-1080.0,-26.0,349.0,,548.0
486.0,381.0,,204.0,147.0,-1187.0,3.0,352.0,,428.0
546.0,433.0,,248.0,127.0,-1047.0,-3.0,351.0,,318.0
456.0,379.0,,255.0,82.0,-1127.0,-38.0,310.0,,197.0
521.0,304.0,,213.0,50.0,-1466.0,-69.0,-29.0,,96.0
308.0,246.0,,217.0,-23.0,-1596.0,-69.0,-79.0,,14.0
491.0,151.0,,235.0,-102.0,-1429.0,-83.0,-393.0,,-44.0
349.0,81.0,,283.0,-136.0,-1138.0,-129.0,-443.0,,-69.0
422.0,43.0,,382.0,-182.0,-1204.0,-186.0,-548.0,,-78.0
301.0,-64.0,,372.0,-209.0,-1244.0,-243.0,-667.0,,-70.0
394.0,-203.0,,297.0,-198.0,-941.0,-270.0,-500.0,,-43.0
426.0,-279.0,,266.0,-207.0,-556.0,-286.0,-533.0,,0.0
163.0,-273.0,,357.0,-165.0,-493.0,-275.0,-271.0,,58.0
347.0,-228.0,,285.0,-56.0,-644.0,-256.0,-295.0,,115.0
233.0,-162.0,,96.0,4.0,-567.0,-258.0,-262.0,,166.0
449.0,-95.0,,121.0,22.0,-496.0,-271.0,-262.0,,217.0
138.0,24.0,,34.0,15.0,-390.0,-293.0,-423.0,,269.0
175.0,88.0,,-43.0,-42.0,-434.0,-305.0,-273.0,,312.0
142.0,6.0,,10.0,-77.0,-663.0,-334.0,-500.0,,356.0
68.0,-68.0,,-51.0,-85.0,-926.0,-370.0,-478.0,,395.0
218.0,-64.0,,-120.0,-113.0,-973.0,-380.0,-484.0,,404.0
16.0,-75.0,,-102.0,-127.0,-813.0,-353.0,-395.0,,385.0
140.0,-194.0,,-179.0,-151.0,-1108.0,-333.0,-142.0,,331.0
-159.0,-362.0,,-186.0,-195.0,-1651.0,-335.0,-160.0,,254.0
-30.0,-571.0,,-129.0,-188.0,-1953.0,-317.0,96.0,,169.0
-115.0,-766.0,,-177.0,-165.0,-1903.0,-330.0,7.0,,84.0
-104.0,-832.0,,-104.0,-159.0,-1955.0,-345.0,36.0,,6.0
-54.0,-801.0,,-104.0,-108.0,-2115.0,-357.0,-99.0,,-63.0
-91.0,-700.0,,-94.0,-54.0,-2029.0,-392.0,-380.0,,-124.0
-5.0,-545.0,,-9.0,-29.0,-1745.0,-408.0,-269.0,,-180.0
-261.0,-428.0,,-78.0,18.0,-1561.0,-417.0,-404.0,,-232.0
-61.0,-365.0,,-34.0,23.0,-1797.0,-397.0,-240.0,,-288.0
-168.0,-262.0,,114.0,-25.0,-1883.0,-363.0,-303.0,,-347.0
-79.0,-112.0,,13.0,-47.0,-1765.0,-347.0,-319.0,,-410.0
-103.0,48.0,,-106.0,-93.0,-1838.0,-351.0,-201.0,,-473.0
-144.0,183.0,,33.0,-174.0,-2172.0,-347.0,-284.0,,-543.0
-86.0,292.0,,-33.0,-213.0,-2508.0,-322.0,-53.0,,-624.0
-134.0,430.0,,-109.0,-239.0,-2554.0,-306.0,-169.0,,-700.0
12.0,599.0,,1.0,-249.0,-2525.0,-310.0,-114.0,,-767.0
-76.0,728.0,,24.0,-205.0,-2572.0,-322.0,-205.0,,-817.0
64.0,819.0,,-30.0,-149.0,-2590.0,-342.0,-454.0,,-856.0
-60.0,911.0,,-179.0,-85.0,-2375.0,-367.0,-485.0,,-879.0
-45.0,937.0,,-109.0,-43.0,-2083.0,-361.0,-811.0,,-898.0
4.0,921.0,,-24.0,-64.0,-1642.0,-344.0,-861.0,,-902.0
-91.0,886.0,,-93.0,-46.0,-1304.0,-332.0,-1138.0,,-885.0
-35.0,751.0,,-85.0,15.0,-1400.0,-354.0,-1206.0,,-857.0
-56.0,549.0,,-124.0,23.0,-1636.0,-378.0,-1088.0,,-798.0
89.0,388.0,,-52.0,39.0,-1616.0,-361.0,-1138.0,,-714.0
-4.0,235.0,,51.0,88.0,-1233.0,-349.0,-957.0,,-602.0
-9.0,59.0,,-14.0,113.0,-1158.0,-314.0,-1099.0,,-482.0
75.0,-97.0,,-104.0,151.0,-1496.0,-296.0,-1012.0,,-358.0
117.0,-312.0,,-148.0,173.0,-1707.0,-292.0,-1021.0,,-222.0
77.0,-566.0,,-183.0,164.0,-1594.0,-280.0,-986.0,,-93.0
-37.0,-721.0,,-265.0,192.0,-1664.0,-275.0,-811.0,,37.0
120.0,-718.0,,-249.0,207.0,-2061.0,-261.0,-873.0,,146.0
149.0,-604.0,,-269.0,178.0,-2308.0,-262.0,-613.0,,246.0
167.0,-480.0,,-400.0,185.0,-2216.0,-255.0,-670.0,,324.0
129.0,-382.0,,-453.0,189.0,-2058.0,-242.0,-585.0,,371.0
133.0,-296.0,,-435.0,145.0,-2216.0,-200.0,-476.0,,416.0
134.0,-188.0,,-394.0,122.0,-2266.0,-170.0,-517.0,,440.0
141.0,-90.0,,-324.0,105.0,-2030.0,-197.0,-391.0,,436.0
279.0,-43.0,,-304.0,83.0,-1807.0,-221.0,-604.0,,407.0
186.0,-24.0,,-311.0,98.0,-1847.0,-256.0,-617.0,,363.0
256.0,-32.0,,-235.0,86.0,-1984.0,-296.0,-868.0,,282.0
122.0,-56.0,,-239.0,64.0,-1937.0,-311.0,-997.0,,190.0
95.0,-103.0,,-158.0,77.0,-1844.0,-297.0,-968.0,,103.0
161.0,-148.0,,-171.0,27.0,-1748.0,-260.0,-1158.0,,-1.0
93.0,-125.0,,-200.0,-70.0,-1721.0,-214.0,-1018.0,,-84.0
172.0,-91.0,,-141.0,-136.0,-1835.0,-193.0,-1128.0,,-165.0
63.0,-121.0,,-276.0,-185.0,-1828.0,-206.0,-1005.0,,-241.0
147.0,-154.0,,-200.0,-182.0,-1532.0,-232.0,-925.0,,-283.0
56.0,-77.0,,-123.0,-124.0,-1459.0,-244.0,-899.0,,-294.0
4.0,34.0,,-189.0,-80.0,-1659.0,-257.0,-670.0,,-273.0
102.0,41.0,,-100.0,-13.0,-1825.0,-291.0,-757.0,,-230.0
176.0,-6.0,,0.0,94.0,-1858.0,-346.0,-585.0,,-149.0
119.0,-81.0,,-56.0,181.0,-1796.0,-409.0,-681.0,,-49.0
9.0,-162.0,,-19.0,263.0,-1934.0,-420.0,-676.0,,40.0
114.0,-237.0,,93.0,322.0,-2203.0,-377.0,-626.0,,130.0
49.0,-351.0,,4.0,315.0,-2201.0,-338.0,-724.0,,219.0
99.0,-395.0,,-44.0,299.0,-1859.0,-313.0,-528.0,,287.0
61.0,-379.0,,31.0,274.0,-1611.0,-292.0,-676.0,,341.0
44.0,-429.0,,-23.0,207.0,-1548.0,-298.0,-563.0,,392.0
23.0,-530.0,,-1.0,167.0,-1535.0,-344.0,-570.0,,416.0
63.0,-542.0,,172.0,152.0,-1330.0,-388.0,-567.0,,432.0
76.0,-415.0,,156.0,113.0,-1095.0,-437.0,-437.0,,455.0
-61.0,-339.0,,133.0,91.0,-1132.0,-478.0,-587.0,,455.0
68.0,-362.0,,116.0,63.0,-1284.0,-476.0,-339.0,,439.0
82.0,-358.0,,206.0,5.0,-1400.0,-450.0,-356.0,,424.0
72.0,-327.0,,271.0,-17.0,-1205.0,-461.0,-264.0,,394.0
18.0,-372.0,,150.0,-27.0,-1039.0,-489.0,-301.0,,346.0
-11.0,-414.0,,110.0,-25.0,-1089.0,-486.0,-609.0,,288.0
47.0,-364.0,,130.0,46.0,-1083.0,-489.0,-696.0,,211.0
106.0,-294.0,,210.0,95.0,-891.0,-476.0,-975.0,,120.0
64.0,-213.0,,268.0,71.0,-601.0,-475.0,-877.0,,33.0
15.0,-107.0,,269.0,46.0,-490.0,-528.0,-970.0,,-46.0
92.0,60.0,,186.0,3.0,-365.0,-579.0,-957.0,,-128.0
100.0,199.0,,169.0,-54.0,-118.0,-602.0,-848.0,,-209.0
108.0,240.0,,239.0,-89.0,67.0,-579.0,-944.0,,-273.0
15.0,259.0,,393.0,-126.0,-40.0,-522.0,-733.0,,-333.0
59.0,286.0,,425.0,-133.0,-389.0,-493.0,-846.0,,-375.0
47.0,317.0,,237.0,-94.0,-578.0,-473.0,-689.0,,-396.0
21.0,343.0,,265.0,-82.0,-706.0,-479.0,-667.0,,-414.0
-12.0,377.0,,377.0,-62.0,-939.0,-532.0,-739.0,,-435.0
-37.0,392.0,,346.0,4.0,-1135.0,-553.0,-606.0,,-484.0
68.0,468.0,,218.0,37.0,-1129.0,-565.0,-763.0,,-538.0
-143.0,616.0,,196.0,49.0,-897.0,-565.0,-607.0,,-600.0
-98.0,730.0,,241.0,84.0,-738.0,-585.0,-661.0,,-670.0
-164.0,727.0,,251.0,99.0,-617.0,-633.0,-609.0,,-712.0
-236.0,621.0,,270.0,139.0,-504.0,-648.0,-583.0,,-744.0
-107.0,524.0,,269.0,176.0,-508.0,-650.0,-652.0,,-756.0
-222.0,393.0,,290.0,117.0,-465.0,-633.0,-460.0,,-754.0
-199.0,219.0,,284.0,32.0,-227.0,-604.0,-609.0,,-752.0
-395.0,66.0,,240.0,-57.0,-21.0,-589.0,-509.0,,-744.0
-225.0,-81.0,,127.0,-177.0,-64.0,-557.0,-683.0,,-731.0
-201.0,-273.0,,65.0,-240.0,29.0,-510.0,-881.0,,-707.0
-269.0,-476.0,,174.0,-257.0,188.0,-492.0,-792.0,,-680.0
-178.0,-655.0,,208.0,-312.0,43.0,-485.0,-859.0,,-661.0
-447.0,-772.0,,84.0,-340.0,-294.0,-496.0,-563.0,,-639.0
-224.0,-771.0,,37.0,-339.0,-338.0,-543.0,-517.0,,-617.0
-308.0,-721.0,,0.0,-341.0,-150.0,-593.0,-389.0,,-598.0
-265.0,-685.0,,33.0,-275.0,-200.0,-631.0,-352.0,,-571.0
-208.0,-625.0,,92.0,-204.0,-478.0,-664.0,-461.0,,-546.0
-264.0,-441.0,,65.0,-164.0,-603.0,-680.0,-382.0,,-535.0
-81.0,-238.0,,134.0,-102.0,-418.0,-677.0,-565.0,,-505.0
-207.0,-123.0,,140.0,-62.0,-294.0,-657.0,-408.0,,-467.0
-23.0,-62.0,,113.0,-42.0,-177.0,-621.0,-454.0,,-434.0
-132.0,-10.0,,66.0,16.0,50.0,-612.0,-522.0,,-392.0
34.0,74.0,,86.0,63.0,293.0,-615.0,-650.0,,-357.0
132.0,105.0,,115.0,92.0,331.0,-603.0,-1042.0,,-311.0
-28.0,115.0,,66.0,133.0,137.0,-598.0,-994.0,,-282.0
77.0,209.0,,124.0,137.0,-76.0,-610.0,-1101.0,,-270.0
-71.0,344.0,,51.0,145.0,-81.0,-612.0,-990.0,,-246.0
162.0,481.0,,-63.0,170.0,2.0,-598.0,-968.0,,-224.0
43.0,630.0,,-109.0,139.0,-116.0,-584.0,-1005.0,,-196.0
-27.0,823.0,,-79.0,131.0,-118.0,-546.0,-910.0,,-166.0
30.0,973.0,,-106.0,171.0,-35.0,-537.0,-1112.0,,-139.0
-8.0,1024.0,,-226.0,187.0,258.0,-542.0,-975.0,,-125.0
107.0,1028.0,,-158.0,220.0,637.0,-540.0,-1091.0,,-112.0
-183.0,975.0,,-101.0,254.0,870.0,-549.0,-1023.0,,-111.0
-77.0,888.0,,-136.0,227.0,963.0,-562.0,-837.0,,-132.0
-83.0,750.0,,-99.0,179.0,665.0,-601.0,-800.0,,-152.0
-134.0,641.0,,-112.0,95.0,314.0,-638.0,-410.0,,-193.0
-233.0,611.0,,-170.0,-13.0,87.0,-649.0,-378.0,,-234.0
-361.0,516.0,,-138.0,-51.0,-129.0,-645.0,-267.0,,-265.0
-188.0,348.0,,-169.0,-67.0,-395.0,-611.0,-351.0,,-300.0
-303.0,173.0,,-146.0,-89.0,-471.0,-577.0,-437.0,,-348.0
-253.0,105.0,,-89.0,-49.0,-349.0,-589.0,-393.0,,-395.0
-423.0,72.0,,-138.0,-27.0,-313.0,-625.0,-552.0,,-426.0
-335.0,-8.0,,-53.0,-28.0,-285.0,-671.0,-389.0,,-466.0
-328.0,-16.0,,33.0,-11.0,-218.0,-704.0,-515.0,,-518.0
-408.0,20.0,,-10.0,-54.0,-81.0,-719.0,-484.0,,-582.0
-295.0,22.0,,-41.0,-90.0,-37.0,-720.0,-609.0,,-640.0
-449.0,-14.0,,-26.0,-83.0,-246.0,-671.0,-844.0,,-688.0
-336.0,-102.0,,-57.0,-112.0,-528.0,-615.0,-726.0,,-723.0
-479.0,-205.0,,-48.0,-118.0,-589.0,-589.0,-844.0,,-739.0
-373.0,-283.0,,-148.0,-78.0,-581.0,-602.0,-633.0,,-744.0
-407.0,-369.0,,-294.0,-52.0,-757.0,-632.0,-681.0,,-742.0
-400.0,-425.0,,-186.0,-16.0,-949.0,-643.0,-685.0,,-726.0
-304.0,-389.0,,-180.0,-17.0,-955.0,-610.0,-604.0,,-685.0
-397.0,-369.0,,-307.0,-91.0,-638.0,-541.0,-755.0,,-664.0
-236.0,-448.0,,-385.0,-143.0,-224.0,-499.0,-613.0,,-651.0
-385.0,-555.0,,-456.0,-184.0,-43.0,-492.0,-746.0,,-599.0
-220.0,-691.0,,-487.0,-221.0,-109.0,-517.0,-582.0,,-557.0
-255.0,-774.0,,-487.0,-171.0,-204.0,-534.0,-515.0,,-526.0
-255.0,-782.0,,-505.0,-90.0,-136.0,-536.0,-500.0,,-488.0
-303.0,-821.0,,-512.0,-34.0,-269.0,-540.0,-317.0,,-467.0
-379.0,-843.0,,-439.0,8.0,-812.0,-548.0,-461.0,,-431.0
-191.0,-826.0,,-359.0,-16.0,-1188.0,-582.0,-295.0,,-384.0
-253.0,-790.0,,-331.0,-56.0,-1231.0,-564.0,-376.0,,-332.0
-187.0,-771.0,,-292.0,-25.0,-1202.0,-501.0,-304.0,,-269.0
-389.0,-754.0,,-268.0,-4.0,-1270.0,-457.0,-138.0,,-199.0
-241.0,-718.0,,-280.0,-10.0,-1336.0,-442.0,-44.0,,-125.0
-299.0,-649.0,,-256.0,-13.0,-967.0,-451.0,286.0,,-64.0
-375.0,-536.0,,-284.0,-44.0,-494.0,-444.0,197.0,,-7.0
-298.0,-405.0,,-394.0,-45.0,-328.0,-408.0,293.0,,36.0
-371.0,-272.0,,-364.0,-32.0,-266.0,-339.0,120.0,,77.0
-238.0,-214.0,,-333.0,-84.0,-52.0,-272.0,-86.0,,121.0
-443.0,-177.0,,-336.0,-128.0,106.0,-246.0,-109.0,,153.0
-396.0,-93.0,,-324.0,-152.0,-202.0,-273.0,-354.0,,169.0
-519.0,-28.0,,-399.0,-157.0,-450.0,-291.0,-277.0,,184.0
-394.0,72.0,,-294.0,-90.0,-442.0,-259.0,-461.0,,216.0
-371.0,224.0,,-259.0,-17.0,-361.0,-212.0,-430.0,,248.0
-513.0,311.0,,-371.0,16.0,-173.0,-169.0,-347.0,,291.0
-436.0,354.0,,-351.0,61.0,-131.0,-130.0,-291.0,,324.0
-550.0,392.0,,-304.0,76.0,-129.0,-111.0,-22.0,,333.0
-347.0,387.0,,-297.0,56.0,-171.0,-107.0,-88.0,,337.0
-488.0,331.0,,-331.0,63.0,-101.0,-53.0,118.0,,340.0
-450.0,152.0,,-256.0,33.0,83.0,26.0,35.0,,337.0
-436.0,-103.0,,-220.0,-11.0,27.0,105.0,-79.0,,320.0
-386.0,-326.0,,-314.0,-21.0,-139.0,130.0,-171.0,,309.0
-348.0,-534.0,,-249.0,-41.0,-140.0,116.0,-445.0,,307.0
-430.0,-711.0,,-203.0,-35.0,188.0,109.0,-219.0,,308.0
-255.0,-815.0,,-283.0,8.0,363.0,114.0,-144.0,,324.0
-313.0,-800.0,,-238.0,21.0,304.0,166.0,118.0,,360.0
-190.0,-631.0,,-193.0,34.0,365.0,197.0,173.0,,395.0
-290.0,-416.0,,-197.0,44.0,413.0,230.0,114.0,,413.0
-204.0,-106.0,,-221.0,13.0,241.0,249.0,230.0,,424.0
-162.0,292.0,,-228.0,26.0,-124.0,243.0,-22.0,,411.0
-160.0,496.0,,-238.0,39.0,-223.0,267.0,35.0,,364.0
-96.0,498.0,,-165.0,6.0,45.0,320.0,-88.0,,297.0
-167.0,409.0,,-20.0,18.0,351.0,391.0,-42.0,,216.0
-25.0,302.0,,-26.0,14.0,514.0,420.0,105.0,,116.0
-69.0,245.0,,-54.0,-29.0,684.0,433.0,142.0,,23.0
30.0,172.0,,-162.0,-31.0,836.0,438.0,473.0,,-70.0
-16.0,148.0,,-135.0,-15.0,927.0,440.0,443.0,,-184.0
5.0,217.0,,-38.0,22.0,959.0,447.0,613.0,,-299.0
-13.0,197.0,,-56.0,94.0,812.0,445.0,600.0,,-414.0
8.0,66.0,,-62.0,118.0,703.0,478.0,558.0,,-517.0
51.0,19.0,,-77.0,118.0,544.0,510.0,596.0,,-600.0
1.0,72.0,,-23.0,138.0,310.0,528.0,351.0,,-659.0
35.0,138.0,,-35.0,103.0,131.0,565.0,443.0,,-690.0
-69.0,178.0,,-24.0,43.0,-130.0,614.0,256.0,,-703.0
39.0,152.0,,27.0,6.0,-580.0,651.0,253.0,,-704.0
-70.0,69.0,,38.0,-25.0,-828.0,653.0,175.0,,-702.0
-15.0,-2.0,,134.0,2.0,-616.0,649.0,-62.0,,-704.0
9.0,-81.0,,131.0,34.0,-677.0,665.0,-22.0,,-712.0
-12.0,-226.0,,-76.0,-17.0,-1039.0,694.0,-243.0,,-713.0
-6.0,-350.0,,-154.0,-59.0,-1074.0,735.0,-116.0,,-721.0
-100.0,-408.0,,-96.0,-101.0,-855.0,766.0,-166.0,,-759.0
-59.0,-466.0,,-108.0,-176.0,-716.0,776.0,-88.0,,-807.0
-117.0,-489.0,,-169.0,-199.0,-728.0,757.0,120.0,,-856.0
-6.0,-421.0,,-174.0,-220.0,-648.0,759.0,73.0,,-886.0
5.0,-284.0,,-88.0,-252.0,-276.0,791.0,314.0,,-899.0
-14.0,-166.0,,-34.0,-227.0,160.0,819.0,223.0,,-903.0
41.0,-12.0,,-43.0,-211.0,140.0,841.0,354.0,,-901.0
69.0,202.0,,-114.0,-187.0,2.0,836.0,304.0,,-902.0
57.0,466.0,,-221.0,-98.0,138.0,819.0,168.0,,-881.0
127.0,760.0,,-233.0,-56.0,246.0,810.0,301.0,,-871.0
183.0,910.0,,-190.0,-52.0,-15.0,830.0,242.0,,-879.0
267.0,927.0,,-221.0,-40.0,-574.0,875.0,602.0,,-878.0
241.0,845.0,,-270.0,-63.0,-738.0,909.0,659.0,,-870.0
243.0,684.0,,-342.0,-67.0,-607.0,891.0,759.0,,-857.0
230.0,510.0,,-332.0,-57.0,-505.0,846.0,831.0,,-851.0
313.0,379.0,,-329.0,-84.0,-444.0,841.0,768.0,,-837.0
490.0,290.0,,-339.0,-67.0,-384.0,857.0,997.0,,-827.0
395.0,264.0,,-356.0,-34.0,-171.0,886.0,801.0,,-813.0
480.0,317.0,,-383.0,-52.0,33.0,903.0,766.0,,-797.0
359.0,374.0,,-245.0,-30.0,116.0,895.0,530.0,,-797.0
489.0,553.0,,-316.0,-10.0,27.0,883.0,360.0,,-784.0
377.0,786.0,,-328.0,-41.0,125.0,891.0,388.0,,-785.0
375.0,941.0,,-237.0,-63.0,482.0,927.0,253.0,,-791.0
417.0,1005.0,,-209.0,-94.0,713.0,969.0,508.0,,-776.0
325.0,980.0,,-162.0,-102.0,702.0,977.0,469.0,,-757.0
382.0,919.0,,-128.0,-59.0,747.0,945.0,630.0,,-742.0
193.0,756.0,,-105.0,-35.0,1047.0,892.0,724.0,,-713.0
418.0,560.0,,-162.0,0.0,1174.0,859.0,659.0,,-686.0
260.0,391.0,,-20.0,58.0,973.0,880.0,816.0,,-652.0
335.0,324.0,,60.0,42.0,644.0,892.0,654.0,,-624.0
234.0,307.0,,82.0,28.0,493.0,884.0,770.0,,-623.0
229.0,261.0,,79.0,33.0,374.0,844.0,739.0,,-619.0
273.0,249.0,,-10.0,16.0,108.0,816.0,796.0,,-628.0
119.0,201.0,,58.0,67.0,-68.0,821.0,903.0,,-637.0
185.0,211.0,,103.0,134.0,21.0,839.0,888.0,,-645.0
-40.0,240.0,,58.0,148.0,266.0,872.0,1134.0,,-637.0
62.0,228.0,,29.0,151.0,297.0,841.0,997.0,,-601.0
-47.0,255.0,,-11.0,112.0,172.0,807.0,1038.0,,-560.0
-50.0,220.0,,-36.0,37.0,173.0,811.0,958.0,,-492.0
-115.0,151.0,,23.0,19.0,386.0,827.0,994.0,,-418.0
-129.0,-12.0,,48.0,3.0,519.0,843.0,1289.0,,-339.0
-159.0,-234.0,,54.0,-2.0,542.0,824.0,1302.0,,-256.0
-248.0,-405.0,,136.0,60.0,503.0,777.0,1531.0,,-196.0
-264.0,-541.0,,229.0,115.0,400.0,731.0,1393.0,,-143.0
-316.0,-610.0,,110.0,186.0,288.0,688.0,1356.0,,-86.0
-277.0,-658.0,,-62.0,270.0,176.0,660.0,1263.0,,-23.0
-346.0,-646.0,,0.0,296.0,53.0,654.0,1012.0,,24.0
-353.0,-561.0,,-34.0,287.0,-189.0,609.0,1058.0,,71.0
-439.0,-405.0,,-129.0,246.0,-169.0,558.0,896.0,,108.0
-353.0,-260.0,,-131.0,148.0,54.0,528.0,1077.0,,131.0
-378.0,-135.0,,-193.0,99.0,200.0,520.0,1027.0,,143.0
-299.0,41.0,,-220.0,95.0,204.0,529.0,964.0,,131.0
-292.0,195.0,,-180.0,60.0,353.0,505.0,1056.0,,121.0
-290.0,308.0,,-118.0,70.0,665.0,453.0,890.0,,111.0
-263.0,390.0,,-208.0,71.0,921.0,408.0,1045.0,,113.0
-258.0,474.0,,-180.0,33.0,1184.0,394.0,1010.0,,112.0
-143.0,472.0,,-34.0,25.0,1076.0,406.0,1186.0,,109.0
-169.0,375.0,,-61.0,-2.0,990.0,437.0,1265.0,,125.0
-131.0,295.0,,-121.0,-21.0,960.0,445.0,1212.0,,156.0
-141.0,219.0,,-97.0,6.0,861.0,433.0,1326.0,,194.0
-60.0,83.0,,6.0,-44.0,820.0,400.0,1147.0,,215.0
-83.0,-148.0,,-31.0,-123.0,697.0,369.0,1300.0,,235.0
-82.0,-385.0,,-3.0,-149.0,646.0,347.0,1239.0,,248.0
-36.0,-594.0,,12.0,-182.0,507.0,306.0,1289.0,,264.0
74.0,-792.0,,-57.0,-172.0,315.0,277.0,1420.0,,272.0
86.0,-936.0,,3.0,-160.0,224.0,254.0,1345.0,,258.0
50.0,-1032.0,,-118.0,-210.0,421.0,264.0,1472.0,,257.0
95.0,-1133.0,,-204.0,-223.0,584.0,282.0,1269.0,,247.0
124.0,-1224.0,,-159.0,-211.0,644.0,284.0,1328.0,,237.0
177.0,-1313.0,,-240.0,-192.0,838.0,271.0,1256.0,,222.0
157.0,-1321.0,,-220.0,-104.0,839.0,234.0,1169.0,,179.0
170.0,-1238.0,,-114.0,-32.0,863.0,211.0,1271.0,,154.0
161.0,-1202.0,,-27.0,-4.0,847.0,177.0,1204.0,,145.0
239.0,-1185.0,,-44.0,57.0,676.0,146.0,1463.0,,126.0
242.0,-1086.0,,-38.0,103.0,454.0,128.0,1376.0,,100.0
222.0,-761.0,,11.0,152.0,339.0,105.0,1406.0,,76.0
176.0,-300.0,,67.0,209.0,410.0,89.0,1431.0,,48.0
205.0,140.0,,147.0,184.0,383.0,58.0,1363.0,,22.0
198.0,493.0,,106.0,166.0,409.0,54.0,1524.0,,-13.0
173.0,699.0,,202.0,182.0,477.0,87.0,1297.0,,-66.0
137.0,836.0,,256.0,155.0,594.0,116.0,1282.0,,-93.0
179.0,973.0,,269.0,148.0,566.0,128.0,1051.0,,-116.0
264.0,1167.0,,263.0,122.0,473.0,114.0,862.0,,-142.0
179.0,1228.0,,342.0,40.0,494.0,100.0,698.0,,-154.0
230.0,1163.0,,412.0,13.0,317.0,73.0,293.0,,-173.0
202.0,1148.0,,294.0,-3.0,195.0,20.0,297.0,,-164.0
299.0,1169.0,,287.0,-29.0,246.0,-25.0,49.0,,-140.0
290.0,1175.0,,227.0,-3.0,385.0,-62.0,96.0,,-139.0
273.0,1087.0,,280.0,-21.0,420.0,-91.0,147.0,,-137.0
274.0,1028.0,,323.0,-38.0,561.0,-115.0,103.0,,-141.0
282.0,946.0,,303.0,18.0,830.0,-128.0,271.0,,-164.0
417.0,831.0,,314.0,53.0,878.0,-129.0,203.0,,-195.0
350.0,675.0,,290.0,103.0,800.0,-120.0,476.0,,-236.0
391.0,466.0,,329.0,164.0,779.0,-99.0,517.0,,-295.0
380.0,273.0,,352.0,169.0,989.0,-93.0,672.0,,-375.0
339.0,35.0,,337.0,197.0,1116.0,-109.0,816.0,,-458.0
317.0,-101.0,,316.0,220.0,1098.0,-119.0,676.0,,-541.0
255.0,-95.0,,432.0,170.0,1088.0,-127.0,820.0,,-632.0
283.0,3.0,,461.0,137.0,1118.0,-148.0,613.0,,-736.0
225.0,25.0,,380.0,76.0,1110.0,-195.0,578.0,,-843.0
177.0,32.0,,385.0,-4.0,938.0,-263.0,375.0,,-933.0
71.0,115.0,,393.0,13.0,728.0,-292.0,97.0,,-1017.0
-1.0,240.0,,415.0,14.0,548.0,-292.0,68.0,,-1089.0
28.0,346.0,,479.0,12.0,298.0,-280.0,-134.0,,-1142.0
-48.0,227.0,,504.0,69.0,36.0,-251.0,49.0,,-1200.0
11.0,151.0,,452.0,72.0,35.0,-243.0,134.0,,-1245.0
-84.0,142.0,,528.0,97.0,116.0,-239.0,384.0,,-1271.0
-102.0,216.0,,576.0,151.0,85.0,-235.0,495.0,,-1294.0
-134.0,491.0,,508.0,152.0,220.0,-262.0,341.0,,-1295.0
-138.0,795.0,,495.0,200.0,632.0,-299.0,388.0,,-1293.0
-47.0,1057.0,,466.0,254.0,957.0,-333.0,16.0,,-1271.0
-170.0,1114.0,,433.0,223.0,986.0,-349.0,-105.0,,-1216.0
-89.0,1094.0,,375.0,215.0,780.0,-352.0,-303.0,,-1170.0
-119.0,1164.0,,304.0,189.0,662.0,-360.0,-345.0,,-1111.0
-41.0,1224.0,,270.0,125.0,613.0,-345.0,-64.0,,-1066.0
-146.0,1145.0,,259.0,116.0,367.0,-328.0,-40.0,,-1053.0
-60.0,976.0,,203.0,65.0,245.0,-335.0,197.0,,-1043.0
48.0,889.0,,134.0,11.0,386.0,-338.0,131.0,,-1037.0
61.0,788.0,,129.0,14.0,546.0,-324.0,188.0,,-1026.0
165.0,578.0,,144.0,-31.0,494.0,-330.0,212.0,,-1001.0
-17.0,325.0,,86.0,-42.0,662.0,-365.0,151.0,,-940.0
175.0,76.0,,137.0,3.0,1016.0,-395.0,336.0,,-849.0
131.0,-115.0,,189.0,18.0,1013.0,-391.0,282.0,,-729.0
186.0,-250.0,,70.0,67.0,700.0,-380.0,522.0,,-591.0
201.0,-349.0,,103.0,128.0,413.0,-403.0,519.0,,-459.0
215.0,-483.0,,190.0,151.0,299.0,-434.0,569.0,,-330.0
302.0,-668.0,,231.0,205.0,-131.0,-477.0,724.0,,-205.0
207.0,-796.0,,169.0,223.0,-711.0,-523.0,626.0,,-109.0
383.0,-925.0,,104.0,206.0,-807.0,-542.0,698.0,,-52.0
310.0,-1037.0,,131.0,245.0,-450.0,-546.0,421.0,,-16.0
375.0,-1062.0,,135.0,241.0,-182.0,-551.0,336.0,,3.0
394.0,-1062.0,,104.0,227.0,-212.0,-565.0,96.0,,44.0
384.0,-1129.0,,120.0,266.0,-226.0,-557.0,-168.0,,82.0
458.0,-1241.0,,176.0,261.0,-109.0,-529.0,-127.0,,118.0
389.0,-1261.0,,47.0,280.0,-169.0,-531.0,-203.0,,162.0
450.0,-1164.0,,95.0,322.0,-592.0,-547.0,96.0,,215.0
423.0,-1020.0,,204.0,285.0,-863.0,-578.0,88.0,,308.0
467.0,-887.0,,151.0,277.0,-794.0,-593.0,103.0,,390.0
473.0,-719.0,,192.0,295.0,-788.0,-555.0,73.0,,444.0
461.0,-527.0,,220.0,270.0,-886.0,-503.0,-101.0,,491.0
546.0,-336.0,,340.0,278.0,-813.0,-478.0,20.0,,528.0
562.0,-135.0,,412.0,263.0,-676.0,-499.0,-134.0,,547.0
514.0,96.0,,397.0,207.0,-625.0,-540.0,-22.0,,545.0
367.0,327.0,,437.0,208.0,-644.0,-554.0,-62.0,,511.0
430.0,350.0,,434.0,189.0,-618.0,-509.0,-153.0,,449.0
427.0,246.0,,466.0,145.0,-514.0,-432.0,-171.0,,381.0
381.0,91.0,,515.0,140.0,-547.0,-363.0,-393.0,,325.0
374.0,-158.0,,505.0,102.0,-680.0,-330.0,-271.0,,271.0
315.0,-197.0,,457.0,60.0,-794.0,-336.0,-319.0,,226.0
324.0,-142.0,,422.0,44.0,-736.0,-354.0,-166.0,,220.0
220.0,-306.0,,385.0,-41.0,-731.0,-379.0,-147.0,,240.0
314.0,-582.0,,390.0,-150.0,-767.0,-364.0,-273.0,,280.0
218.0,-707.0,,384.0,-238.0,-562.0,-311.0,-131.0,,295.0
170.0,-649.0,,351.0,-330.0,-318.0,-275.0,-229.0,,307.0
181.0,-689.0,,426.0,-363.0,-109.0,-249.0,-79.0,,344.0
73.0,-820.0,,420.0,-370.0,79.0,-229.0,-169.0,,371.0
55.0,-1030.0,,397.0,-396.0,356.0,-205.0,-205.0,,392.0
-91.0,-1198.0,,373.0,-376.0,540.0,-185.0,-83.0,,402.0
-10.0,-1355.0,,307.0,-356.0,403.0,-176.0,-70.0,,383.0
-66.0,-1441.0,,377.0,-380.0,222.0,-165.0,195.0,,347.0
-117.0,-1187.0,,290.0,-377.0,156.0,-167.0,96.0,,301.0
-165.0,-1018.0,,213.0,-372.0,141.0,-169.0,116.0,,214.0
-245.0,-795.0,,304.0,-374.0,225.0,-176.0,-3.0,,106.0
-177.0,-502.0,,304.0,-315.0,374.0,-172.0,-118.0,,3.0
-239.0,-326.0,,263.0,-248.0,363.0,-169.0,-18.0,,-75.0
-176.0,-97.0,,252.0,-181.0,234.0,-163.0,-218.0,,-128.0
-250.0,19.0,,238.0,-95.0,81.0,-126.0,-164.0,,-172.0
-270.0,173.0,,244.0,-85.0,-75.0,-88.0,-332.0,,-208.0
-144.0,348.0,,211.0,-112.0,-202.0,-54.0,-378.0,,-243.0
-256.0,471.0,,120.0,-127.0,-334.0,-52.0,-461.0,,-259.0
-127.0,459.0,,123.0,-174.0,-414.0,-70.0,-716.0,,-287.0
-109.0,563.0,,29.0,-192.0,-431.0,-57.0,-655.0,,-332.0
-105.0,758.0,,59.0,-160.0,-420.0,-33.0,-790.0,,-384.0
-78.0,750.0,,179.0,-141.0,-440.0,-8.0,-654.0,,-447.0
-124.0,716.0,,177.0,-107.0,-399.0,8.0,-665.0,,-528.0
70.0,561.0,,256.0,-63.0,-251.0,30.0,-655.0,,-631.0
-115.0,524.0,,263.0,-78.0,-299.0,41.0,-532.0,,-736.0
0.0,402.0,,178.0,-103.0,-448.0,27.0,-670.0,,-856.0
6.0,95.0,,48.0,-138.0,-438.0,45.0,-550.0,,-984.0
33.0,-104.0,,114.0,-226.0,-377.0,97.0,-729.0,,-1100.0
66.0,-319.0,,183.0,-297.0,-436.0,154.0,-624.0,,-1194.0
-74.0,-530.0,,237.0,-365.0,-747.0,177.0,-482.0,,-1249.0
97.0,-741.0,,346.0,-453.0,-1000.0,154.0,-513.0,,-1264.0
-28.0,-708.0,,199.0,-494.0,-981.0,112.0,-321.0,,-1234.0
77.0,-611.0,,194.0,-508.0,-824.0,73.0,-461.0,,-1152.0
-78.0,-593.0,,224.0,-538.0,-663.0,64.0,-362.0,,-1025.0
21.0,-494.0,,148.0,-535.0,-621.0,78.0,-469.0,,-864.0
18.0,-511.0,,159.0,-520.0,-609.0,95.0,-580.0,,-687.0
32.0,-533.0,,92.0,-520.0,-532.0,118.0,-644.0,,-512.0
55.0,-491.0,,117.0,-488.0,-325.0,119.0,-861.0,,-336.0
-144.0,-393.0,,182.0,-456.0,-109.0,107.0,-661.0,,-160.0
111.0,-293.0,,141.0,-437.0,66.0,105.0,-731.0,,6.0
-34.0,-149.0,,162.0,-371.0,218.0,112.0,-657.0,,156.0
103.0,165.0,,213.0,-292.0,400.0,136.0,-752.0,,280.0
32.0,414.0,,207.0,-237.0,548.0,144.0,-966.0,,371.0
107.0,565.0,,120.0,-162.0,451.0,115.0,-1018.0,,447.0
33.0,573.0,,100.0,-96.0,254.0,67.0,-1346.0,,507.0
-52.0,417.0,,58.0,-36.0,106.0,2.0,-1326.0,,537.0
39.0,131.0,,-45.0,61.0,315.0,-41.0,-1528.0,,558.0
-89.0,-200.0,,65.0,127.0,428.0,-63.0,-1491.0,,579.0
110.0,-232.0,,166.0,146.0,208.0,-74.0,-1280.0,,611.0
-119.0,-156.0,,142.0,148.0,204.0,-69.0,-1193.0,,650.0
-102.0,-147.0,,92.0,110.0,397.0,-73.0,-818.0,,669.0
-203.0,-170.0,,-3.0,67.0,469.0,-86.0,-859.0,,662.0
-61.0,-292.0,,-72.0,78.0,179.0,-113.0,-709.0,,644.0
-100.0,-381.0,,-88.0,95.0,-16.0,-129.0,-696.0,,621.0
-209.0,-375.0,,58.0,99.0,-106.0,-115.0,-757.0,,579.0
-87.0,-175.0,,134.0,97.0,-216.0,-119.0,-757.0,,526.0
-262.0,2.0,,18.0,67.0,-351.0,-138.0,-1032.0,,462.0
-111.0,-16.0,,-48.0,68.0,-519.0,-124.0,-897.0,,392.0
-323.0,-33.0,,-27.0,114.0,-340.0,-82.0,-986.0,,318.0
-164.0,-11.0,,124.0,128.0,-109.0,-67.0,-894.0,,217.0
-161.0,100.0,,221.0,103.0,87.0,-70.0,-750.0,,97.0
-173.0,233.0,,182.0,77.0,300.0,-95.0,-672.0,,-8.0
-139.0,389.0,,102.0,42.0,413.0,-147.0,-360.0,,-101.0
-233.0,343.0,,-81.0,29.0,239.0,-180.0,-467.0,,-175.0
-99.0,118.0,,-117.0,58.0,-134.0,-214.0,-428.0,,-245.0
-332.0,7.0,,-41.0,54.0,-415.0,-222.0,-633.0,,-321.0
-162.0,-115.0,,-107.0,58.0,-765.0,-207.0,-750.0,,-379.0
-216.0,-21.0,,-178.0,123.0,-1174.0,-202.0,-729.0,,-426.0
-215.0,65.0,,-125.0,167.0,-1502.0,-200.0,-931.0,,-462.0
-230.0,-19.0,,-59.0,214.0,-1477.0,-208.0,-787.0,,-497.0
-351.0,-25.0,,-114.0,278.0,-1229.0,-219.0,-918.0,,-520.0
-232.0,15.0,,-79.0,303.0,-968.0,-239.0,-842.0,,-520.0
-344.0,216.0,,-35.0,334.0,-555.0,-255.0,-842.0,,-499.0
-309.0,391.0,,-78.0,357.0,-37.0,-275.0,-883.0,,-456.0
-417.0,452.0,,-89.0,302.0,426.0,-284.0,-644.0,,-413.0
-305.0,498.0,,-121.0,222.0,653.0,-247.0,-716.0,,-380.0
-296.0,425.0,,-92.0,145.0,584.0,-215.0,-478.0,,-363.0
-374.0,293.0,,-70.0,59.0,380.0,-186.0,-522.0,,-347.0
-339.0,251.0,,-62.0,32.0,165.0,-169.0,-587.0,,-350.0
-343.0,273.0,,-128.0,38.0,-189.0,-172.0,-607.0,,-389.0
-238.0,345.0,,-183.0,-7.0,-612.0,-152.0,-831.0,,-431.0
-345.0,534.0,,-72.0,-39.0,-863.0,-145.0,-746.0,,-495.0
-287.0,735.0,,-141.0,-26.0,-941.0,-167.0,-901.0,,-558.0
-238.0,860.0,,-192.0,-8.0,-993.0,-206.0,-842.0,,-621.0
-189.0,874.0,,-207.0,30.0,-1019.0,-242.0,-942.0,,-703.0
-212.0,814.0,,-316.0,27.0,-1021.0,-249.0,-964.0,,-755.0
-196.0,798.0,,-295.0,-32.0,-894.0,-244.0,-715.0,,-785.0
-179.0,715.0,,-336.0,-55.0,-678.0,-224.0,-715.0,,-787.0
-130.0,610.0,,-262.0,-65.0,-678.0,-227.0,-410.0,,-747.0
-44.0,586.0,,-154.0,-79.0,-852.0,-250.0,-500.0,,-682.0
-141.0,601.0,,-101.0,-45.0,-1178.0,-278.0,-519.0,,-588.0
-88.0,522.0,,-16.0,-14.0,-1540.0,-330.0,-454.0,,-452.0
-136.0,242.0,,21.0,-5.0,-1919.0,-360.0,-517.0,,-301.0
17.0,39.0,,54.0,22.0,-2154.0,-373.0,-339.0,,-153.0
10.0,-131.0,,-13.0,42.0,-2078.0,-356.0,-437.0,,0.0
48.0,-294.0,,-13.0,76.0,-1893.0,-322.0,-260.0,,122.0
36.0,-381.0,,81.0,159.0,-1681.0,-319.0,-351.0,,235.0
-15.0,-439.0,,75.0,207.0,-1508.0,-327.0,-458.0,,334.0
111.0,-322.0,,-44.0,222.0,-1187.0,-338.0,-393.0,,393.0
-52.0,-127.0,,-47.0,259.0,-721.0,-332.0,-541.0,,428.0
33.0,140.0,,-37.0,265.0,-419.0,-338.0,-327.0,,432.0
-67.0,393.0,,45.0,268.0,-370.0,-365.0,-412.0,,413.0
61.0,582.0,,183.0,290.0,-430.0,-380.0,-351.0,,366.0
28.0,735.0,,130.0,248.0,-425.0,-406.0,-376.0,,300.0
-39.0,746.0,,89.0,188.0,-375.0,-417.0,-598.0,,225.0
76.0,701.0,,-62.0,146.0,-459.0,-409.0,-580.0,,157.0
-81.0,730.0,,-106.0,92.0,-670.0,-407.0,-794.0,,108.0
127.0,751.0,,-24.0,82.0,-742.0,-400.0,-609.0,,89.0
34.0,628.0,,-41.0,105.0,-498.0,-408.0,-585.0,,110.0
76.0,626.0,,-36.0,88.0,-317.0,-444.0,-521.0,,143.0
29.0,657.0,,-132.0,77.0,-354.0,-484.0,-413.0,,184.0
8.0,489.0,,-197.0,93.0,-260.0,-484.0,-509.0,,219.0
101.0,302.0,,-173.0,97.0,12.0,-471.0,-325.0,,236.0
-103.0,184.0,,-315.0,137.0,434.0,-445.0,-478.0,,236.0
72.0,62.0,,-360.0,198.0,537.0,-399.0,-303.0,,229.0
-2.0,-195.0,,-304.0,211.0,422.0,-379.0,-188.0,,235.0
34.0,-452.0,,-390.0,233.0,499.0,-368.0,-149.0,,261.0
-28.0,-603.0,,-447.0,247.0,559.0,-374.0,79.0,,318.0
-216.0,-591.0,,-534.0,208.0,405.0,-386.0,5.0,,390.0
-72.0,-560.0,,-469.0,173.0,-38.0,-403.0,234.0,,451.0
-61.0,-542.0,,-442.0,128.0,-506.0,-417.0,162.0,,507.0
-12.0,-270.0,,-525.0,52.0,-855.0,-394.0,168.0,,558.0
-305.0,-82.0,,-539.0,-13.0,-980.0,-383.0,179.0,,602.0
-255.0,-49.0,,-672.0,-83.0,-1018.0,-380.0,-40.0,,650.0
-142.0,14.0,,-655.0,-137.0,-999.0,-376.0,-42.0,,691.0
-222.0,21.0,,-574.0,-111.0,-671.0,-382.0,-373.0,,726.0
-144.0,115.0,,-622.0,-53.0,-183.0,-385.0,-412.0,,763.0
-371.0,211.0,,-660.0,11.0,195.0,-394.0,-480.0,,804.0
-200.0,155.0,,-635.0,109.0,280.0,-406.0,-439.0,,825.0
-181.0,-13.0,,-617.0,165.0,225.0,-390.0,-286.0,,831.0
-160.0,-157.0,,-653.0,168.0,252.0,-350.0,-509.0,,820.0
-175.0,-235.0,,-663.0,188.0,336.0,-360.0,-410.0,,782.0
-330.0,-353.0,,-695.0,179.0,148.0,-391.0,-474.0,,725.0
-87.0,-461.0,,-722.0,160.0,-300.0,-407.0,-312.0,,645.0
-244.0,-578.0,,-638.0,190.0,-547.0,-426.0,-147.0,,545.0
-159.0,-636.0,,-630.0,207.0,-379.0,-423.0,-127.0,,420.0
-169.0,-681.0,,-621.0,203.0,-207.0,-423.0,107.0,,284.0
-203.0,-767.0,,-607.0,209.0,-387.0,-416.0,84.0,,149.0
-43.0,-838.0,,-644.0,191.0,-431.0,-431.0,339.0,,25.0
-286.0,-920.0,,-577.0,194.0,-204.0,-483.0,338.0,,-76.0
-168.0,-903.0,,-517.0,222.0,-87.0,-522.0,408.0,,-164.0
-122.0,-852.0,,-546.0,191.0,-141.0,-566.0,578.0,,-246.0
-36.0,-821.0,,-688.0,151.0,-122.0,-566.0,504.0,,-326.0
-46.0,-902.0,,-581.0,124.0,166.0,-537.0,661.0,,-420.0
-226.0,-1036.0,,-435.0,51.0,387.0,-509.0,524.0,,-533.0
-138.0,-1049.0,,-550.0,-22.0,243.0,-509.0,665.0,,-651.0
-134.0,-1024.0,,-549.0,-71.0,37.0,-555.0,702.0,,-777.0
-33.0,-960.0,,-505.0,-125.0,14.0,-574.0,698.0,,-890.0
-194.0,-898.0,,-483.0,-138.0,-60.0,-555.0,861.0,,-1016.0
-73.0,-879.0,,-429.0,-136.0,-317.0,-567.0,641.0,,-1146.0
87.0,-935.0,,-373.0,-165.0,-360.0,-625.0,698.0,,-1237.0
-36.0,-932.0,,-453.0,-158.0,-131.0,-657.0,508.0,,-1315.0
56.0,-804.0,,-507.0,-141.0,41.0,-649.0,395.0,,-1347.0
-64.0,-636.0,,-518.0,-172.0,117.0,-621.0,341.0,,-1337.0
40.0,-463.0,,-575.0,-199.0,421.0,-577.0,160.0,,-1299.0
130.0,-453.0,,-575.0,-240.0,905.0,-554.0,351.0,,-1216.0
84.0,-396.0,,-643.0,-310.0,1156.0,-550.0,347.0,,-1112.0
16.0,-260.0,,-705.0,-325.0,1199.0,-580.0,554.0,,-1001.0
-46.0,-128.0,,-802.0,-317.0,1115.0,-625.0,511.0,,-880.0
135.0,22.0,,-851.0,-316.0,1095.0,-637.0,328.0,,-757.0
47.0,38.0,,-847.0,-282.0,775.0,-641.0,249.0,,-627.0
74.0,67.0,,-833.0,-270.0,221.0,-632.0,-64.0,,-463.0
103.0,-46.0,,-802.0,-271.0,163.0,-630.0,84.0,,-299.0
99.0,-250.0,,-735.0,-213.0,284.0,-631.0,112.0,,-157.0
140.0,-329.0,,-705.0,-163.0,183.0,-605.0,243.0,,-23.0
-66.0,-457.0,,-766.0,-143.0,173.0,-573.0,363.0,,85.0
12.0,-470.0,,-670.0,-102.0,678.0,-525.0,306.0,,173.0
-13.0,-364.0,,-653.0,-92.0,1280.0,-520.0,376.0,,245.0
21.0,-214.0,,-647.0,-112.0,1427.0,-552.0,212.0,,300.0
-25.0,-81.0,,-596.0,-101.0,1245.0,-601.0,419.0,,324.0
-128.0,-110.0,,-546.0,-121.0,1328.0,-666.0,395.0,,333.0
-79.0,-164.0,,-443.0,-151.0,1550.0,-685.0,384.0,,330.0
-210.0,-183.0,,-480.0,-142.0,1376.0,-675.0,450.0,,288.0
29.0,-196.0,,-544.0,-154.0,1018.0,-645.0,256.0,,216.0
-139.0,-316.0,,-518.0,-159.0,746.0,-592.0,417.0,,127.0
-149.0,-448.0,,-397.0,-145.0,685.0,-556.0,291.0,,55.0
-157.0,-435.0,,-348.0,-189.0,457.0,-543.0,362.0,,4.0
-204.0,-359.0,,-321.0,-232.0,125.0,-543.0,400.0,,-46.0
-69.0,-238.0,,-332.0,-235.0,117.0,-551.0,404.0,,-105.0
-329.0,-132.0,,-385.0,-244.0,327.0,-546.0,655.0,,-178.0
-183.0,58.0,,-394.0,-222.0,552.0,-532.0,618.0,,-241.0
-349.0,262.0,,-397.0,-198.0,696.0,-522.0,881.0,,-321.0
-234.0,283.0,,-259.0,-232.0,835.0,-522.0,807.0,,-431.0
-264.0,271.0,,-147.0,-242.0,876.0,-541.0,724.0,,-516.0
-341.0,321.0,,-123.0,-212.0,884.0,-564.0,729.0,,-562.0
-210.0,370.0,,-123.0,-192.0,916.0,-556.0,635.0,,-559.0
-389.0,297.0,,-129.0,-148.0,862.0,-512.0,851.0,,-512.0
-240.0,223.0,,-91.0,-112.0,667.0,-469.0,718.0,,-432.0
-429.0,168.0,,-60.0,-107.0,361.0,-440.0,711.0,,-321.0
-276.0,24.0,,-13.0,-69.0,181.0,-414.0,424.0,,-181.0
-307.0,-85.0,,-10.0,-55.0,138.0,-377.0,57.0,,-14.0
-384.0,-154.0,,-7.0,-79.0,83.0,-345.0,-149.0,,147.0
-377.0,-104.0,,-34.0,-58.0,0.0,-333.0,-493.0,,303.0
-486.0,-17.0,,-78.0,-34.0,32.0,-297.0,-314.0,,430.0
-304.0,-54.0,,47.0,-18.0,226.0,-246.0,-242.0,,554.0
-435.0,-11.0,,107.0,28.0,458.0,-196.0,-11.0,,673.0
-291.0,77.0,,16.0,34.0,642.0,-115.0,84.0,,722.0
-329.0,87.0,,41.0,18.0,813.0,-49.0,-31.0,,727.0
-325.0,83.0,,91.0,43.0,1121.0,-24.0,147.0,,691.0
-261.0,102.0,,96.0,42.0,1284.0,-33.0,125.0,,629.0
-333.0,162.0,,146.0,24.0,1110.0,-45.0,415.0,,551.0
-240.0,207.0,,235.0,12.0,903.0,-28.0,506.0,,441.0
-270.0,220.0,,252.0,-25.0,903.0,4.0,609.0,,328.0
-190.0,208.0,,235.0,-35.0,965.0,45.0,753.0,,213.0
-248.0,198.0,,246.0,-9.0,863.0,88.0,606.0,,112.0
-231.0,186.0,,190.0,-8.0,855.0,136.0,720.0,,26.0
-248.0,157.0,,233.0,-25.0,995.0,177.0,476.0,,-59.0
-254.0,215.0,,251.0,-48.0,1170.0,230.0,386.0,,-127.0
-199.0,305.0,,221.0,-85.0,1322.0,278.0,190.0,,-190.0
-213.0,276.0,,216.0,-75.0,1296.0,322.0,-53.0,,-255.0
-157.0,203.0,,168.0,-14.0,1181.0,361.0,33.0,,-321.0
-234.0,135.0,,170.0,26.0,1108.0,362.0,-140.0,,-402.0
-244.0,-2.0,,66.0,68.0,1106.0,353.0,-7.0,,-486.0
-232.0,-160.0,,-89.0,118.0,1091.0,350.0,-109.0,,-590.0
-129.0,-380.0,,-164.0,133.0,914.0,377.0,-127.0,,-677.0
-92.0,-636.0,,-164.0,129.0,655.0,427.0,-86.0,,-737.0
-30.0,-780.0,,-124.0,95.0,631.0,463.0,-269.0,,-788.0
0.0,-865.0,,-122.0,27.0,666.0,476.0,-112.0,,-812.0
-13.0,-919.0,,-76.0,-17.0,529.0,489.0,-247.0,,-809.0
129.0,-850.0,,56.0,-65.0,387.0,501.0,-133.0,,-785.0
84.0,-608.0,,31.0,-149.0,496.0,526.0,-92.0,,-749.0
158.0,-393.0,,-100.0,-198.0,832.0,540.0,-116.0,,-707.0
112.0,-292.0,,-34.0,-192.0,897.0,540.0,94.0,,-658.0
206.0,-102.0,,22.0,-149.0,660.0,587.0,36.0,,-583.0
202.0,161.0,,-42.0,-64.0,533.0,619.0,218.0,,-503.0
92.0,311.0,,0.0,3.0,786.0,649.0,133.0,,-425.0
240.0,341.0,,-62.0,14.0,907.0,651.0,230.0,,-337.0
170.0,351.0,,-158.0,12.0,644.0,651.0,378.0,,-269.0
293.0,351.0,,-52.0,-31.0,708.0,687.0,360.0,,-213.0
87.0,249.0,,-128.0,-111.0,996.0,692.0,570.0,,-180.0
150.0,88.0,,-181.0,-137.0,1041.0,718.0,474.0,,-181.0
203.0,98.0,,-3.0,-147.0,799.0,715.0,715.0,,-203.0
108.0,193.0,,-44.0,-161.0,550.0,709.0,752.0,,-243.0
123.0,261.0,,-108.0,-152.0,580.0,734.0,726.0,,-321.0
-177.0,271.0,,-11.0,-171.0,643.0,735.0,781.0,,-419.0
-17.0,303.0,,50.0,-172.0,523.0,745.0,580.0,,-508.0
-130.0,373.0,,169.0,-127.0,304.0,763.0,700.0,,-608.0
-65.0,292.0,,311.0,-117.0,293.0,771.0,532.0,,-717.0
-270.0,149.0,,331.0,-104.0,517.0,760.0,539.0,,-838.0
-302.0,151.0,,223.0,-49.0,695.0,757.0,469.0,,-954.0
-202.0,298.0,,325.0,-14.0,832.0,771.0,301.0,,-1068.0
-443.0,349.0,,389.0,23.0,910.0,797.0,354.0,,-1171.0
-287.0,322.0,,221.0,79.0,911.0,856.0,101.0,,-1267.0
-466.0,297.0,,388.0,84.0,914.0,894.0,158.0,,-1363.0
-235.0,297.0,,411.0,101.0,832.0,889.0,14.0,,-1407.0
-414.0,255.0,,167.0,159.0,658.0,881.0,-11.0,,-1408.0
-374.0,179.0,,190.0,195.0,572.0,857.0,77.0,,-1364.0
-418.0,275.0,,171.0,243.0,711.0,863.0,-44.0,,-1274.0
-502.0,317.0,,-10.0,265.0,743.0,881.0,142.0,,-1180.0
-250.0,284.0,,-65.0,227.0,555.0,881.0,81.0,,-1070.0
-341.0,324.0,,-109.0,204.0,464.0,907.0,232.0,,-945.0
-210.0,367.0,,-176.0,164.0,600.0,919.0,225.0,,-833.0
-452.0,427.0,,-149.0,125.0,891.0,944.0,166.0,,-723.0
-227.0,451.0,,-97.0,161.0,1069.0,978.0,225.0,,-630.0
-400.0,326.0,,-93.0,175.0,1098.0,976.0,-11.0,,-523.0
-329.0,263.0,,-146.0,150.0,1087.0,987.0,147.0,,-411.0
-274.0,293.0,,-62.0,175.0,1095.0,1006.0,36.0,,-336.0
-372.0,146.0,,16.0,179.0,978.0,1003.0,0.0,,-284.0
-310.0,-9.0,,41.0,122.0,784.0,976.0,-36.0,,-258.0
-514.0,-1.0,,111.0,73.0,820.0,948.0,-142.0,,-214.0
-339.0,-9.0,,163.0,3.0,881.0,928.0,164.0,,-155.0
-557.0,58.0,,220.0,-37.0,872.0,904.0,210.0,,-116.0
-382.0,178.0,,255.0,-6.0,938.0,906.0,476.0,,-88.0
-502.0,260.0,,346.0,-13.0,1192.0,912.0,489.0,,-44.0
-408.0,464.0,,341.0,-31.0,1328.0,924.0,504.0,,12.0
-533.0,514.0,,384.0,-34.0,1151.0,946.0,648.0,,53.0
-627.0,477.0,,446.0,-93.0,1156.0,967.0,480.0,,78.0
-526.0,447.0,,357.0,-158.0,1287.0,995.0,574.0,,85.0
-695.0,354.0,,371.0,-201.0,1303.0,1019.0,434.0,,100.0
-468.0,284.0,,331.0,-244.0,1145.0,1065.0,556.0,,111.0
-736.0,165.0,,371.0,-201.0,941.0,1088.0,572.0,,123.0
-522.0,140.0,,438.0,-104.0,934.0,1059.0,404.0,,153.0
-657.0,55.0,,422.0,-64.0,891.0,1017.0,432.0,,200.0
-546.0,-90.0,,493.0,-38.0,922.0,981.0,103.0,,252.0
-571.0,-175.0,,482.0,-23.0,1128.0,964.0,120.0,,278.0
-646.0,-161.0,,429.0,-19.0,1364.0,969.0,-5.0,,300.0
-428.0,-183.0,,366.0,34.0,1538.0,1022.0,-83.0,,301.0
-644.0,-313.0,,409.0,74.0,1525.0,1086.0,-107.0,,284.0
-418.0,-246.0,,400.0,75.0,1573.0,1129.0,-384.0,,267.0
-650.0,-76.0,,301.0,117.0,1531.0,1149.0,-382.0,,233.0
-492.0,112.0,,354.0,169.0,1151.0,1127.0,-593.0,,170.0
-605.0,256.0,,362.0,194.0,818.0,1087.0,-428.0,,105.0
-626.0,452.0,,272.0,220.0,836.0,1076.0,-308.0,,34.0
-539.0,621.0,,224.0,208.0,883.0,1077.0,-218.0,,-49.0
-678.0,600.0,,236.0,176.0,776.0,1065.0,48.0,,-101.0
-468.0,639.0,,142.0,182.0,760.0,1062.0,-33.0,,-146.0
-680.0,680.0,,94.0,169.0,993.0,1043.0,208.0,,-173.0
-541.0,762.0,,124.0,155.0,1339.0,1024.0,236.0,,-175.0
-684.0,751.0,,-20.0,182.0,1446.0,1017.0,358.0,,-191.0
-596.0,609.0,,46.0,181.0,1389.0,998.0,445.0,,-202.0
-495.0,512.0,,188.0,184.0,1237.0,981.0,293.0,,-207.0
-590.0,460.0,,138.0,235.0,1083.0,953.0,360.0,,-208.0
-371.0,408.0,,51.0,256.0,837.0,925.0,72.0,,-220.0
-473.0,230.0,,-99.0,258.0,460.0,919.0,12.0,,-245.0
-330.0,277.0,,10.0,262.0,337.0,930.0,-179.0,,-266.0
-326.0,467.0,,101.0,243.0,379.0,947.0,-373.0,,-290.0
-262.0,554.0,,48.0,249.0,569.0,943.0,-371.0,,-313.0
-119.0,631.0,,192.0,256.0,739.0,916.0,-509.0,,-351.0
-153.0,656.0,,334.0,194.0,888.0,920.0,-277.0,,-392.0
30.0,735.0,,285.0,121.0,1095.0,935.0,-325.0,,-441.0
-117.0,681.0,,311.0,62.0,1160.0,948.0,-301.0,,-481.0
-35.0,506.0,,478.0,0.0,1118.0,944.0,-356.0,,-508.0
78.0,484.0,,398.0,-24.0,861.0,909.0,-489.0,,-556.0
25.0,499.0,,346.0,-52.0,565.0,894.0,-386.0,,-607.0
219.0,466.0,,363.0,-106.0,348.0,891.0,-613.0,,-672.0
90.0,408.0,,349.0,-124.0,129.0,883.0,-522.0,,-720.0
222.0,394.0,,394.0,-131.0,-83.0,866.0,-558.0,,-757.0
46.0,430.0,,363.0,-131.0,-133.0,846.0,-473.0,,-807.0
138.0,299.0,,342.0,-70.0,-40.0,827.0,-315.0,,-853.0
269.0,128.0,,378.0,-13.0,-50.0,804.0,-452.0,,-891.0
151.0,54.0,,415.0,10.0,-13.0,785.0,-345.0,,-881.0
364.0,-94.0,,404.0,62.0,4.0,775.0,-463.0,,-844.0
203.0,-309.0,,398.0,110.0,-16.0,774.0,-245.0,,-770.0
404.0,-531.0,,329.0,126.0,-12.0,754.0,-31.0,,-658.0
223.0,-644.0,,240.0,126.0,-95.0,730.0,131.0,,-521.0
452.0,-742.0,,210.0,85.0,-189.0,705.0,395.0,,-335.0
451.0,-830.0,,182.0,40.0,-373.0,680.0,275.0,,-146.0
420.0,-726.0,,143.0,32.0,-715.0,687.0,412.0,,46.0
585.0,-458.0,,34.0,22.0,-968.0,685.0,297.0,,258.0
410.0,-193.0,,38.0,13.0,-1080.0,672.0,208.0,,465.0
667.0,-80.0,,142.0,-22.0,-1091.0,665.0,194.0,,649.0
346.0,132.0,,119.0,-111.0,-970.0,652.0,107.0,,805.0
567.0,392.0,,173.0,-160.0,-934.0,638.0,253.0,,904.0
352.0,456.0,,186.0,-144.0,-891.0,620.0,27.0,,952.0
470.0,383.0,,112.0,-131.0,-868.0,592.0,-16.0,,985.0
473.0,328.0,,133.0,-61.0,-1056.0,554.0,-166.0,,975.0
312.0,307.0,,86.0,57.0,-1248.0,511.0,-229.0,,911.0
507.0,210.0,,155.0,107.0,-1331.0,467.0,-59.0,,823.0
230.0,37.0,,307.0,132.0,-1418.0,428.0,-197.0,,736.0
438.0,-197.0,,251.0,115.0,-1709.0,400.0,-66.0,,653.0
149.0,-311.0,,185.0,53.0,-2099.0,386.0,-219.0,,576.0
399.0,-514.0,,224.0,51.0,-2260.0,389.0,-266.0,,498.0
235.0,-782.0,,178.0,70.0,-2138.0,387.0,-354.0,,441.0
295.0,-809.0,,153.0,74.0,-2051.0,366.0,-641.0,,402.0
276.0,-670.0,,294.0,99.0,-2150.0,339.0,-524.0,,386.0
187.0,-508.0,,291.0,89.0,-2158.0,307.0,-543.0,,376.0
396.0,-542.0,,258.0,41.0,-2059.0,281.0,-282.0,,347.0
154.0,-493.0,,266.0,20.0,-2111.0,249.0,-288.0,,343.0
474.0,-287.0,,184.0,-46.0,-2327.0,216.0,-330.0,,354.0
242.0,-146.0,,276.0,-137.0,-2535.0,187.0,-295.0,,366.0
466.0,-129.0,,302.0,-186.0,-2615.0,143.0,-532.0,,360.0
221.0,-155.0,,393.0,-255.0,-2562.0,119.0,-467.0,,370.0
352.0,-45.0,,480.0,-289.0,-2640.0,101.0,-729.0,,391.0
379.0,-64.0,,356.0,-250.0,-2921.0,78.0,-718.0,,415.0
254.0,-133.0,,472.0,-195.0,-3092.0,88.0,-641.0,,463.0
468.0,-17.0,,542.0,-106.0,-3065.0,99.0,-576.0,,488.0
204.0,88.0,,582.0,-11.0,-3140.0,90.0,-314.0,,523.0
544.0,119.0,,574.0,26.0,-3323.0,54.0,-391.0,,583.0
174.0,124.0,,546.0,67.0,-3363.0,-4.0,-216.0,,658.0
415.0,151.0,,612.0,100.0,-3301.0,-68.0,-362.0,,724.0
219.0,212.0,,527.0,81.0,-3093.0,-128.0,-389.0,,772.0
306.0,194.0,,523.0,92.0,-2987.0,-174.0,-256.0,,799.0
466.0,169.0,,570.0,103.0,-3102.0,-207.0,-269.0,,797.0
200.0,170.0,,584.0,73.0,-3200.0,-211.0,55.0,,754.0
383.0,77.0,,479.0,88.0,-3187.0,-213.0,0.0,,654.0
-6.0,0.0,,398.0,129.0,-3040.0,-228.0,49.0,,540.0
375.0,-100.0,,437.0,163.0,-3042.0,-246.0,-59.0,,390.0
127.0,-163.0,,427.0,228.0,-3270.0,-250.0,-271.0,,217.0
305.0,-165.0,,390.0,238.0,-3408.0,-255.0,-297.0,,27.0
216.0,-189.0,,418.0,214.0,-3279.0,-286.0,-545.0,,-198.0
122.0,-184.0,,377.0,237.0,-3247.0,-319.0,-489.0,,-436.0
340.0,-136.0,,173.0,226.0,-3394.0,-358.0,-735.0,,-674.0
67.0,-16.0,,136.0,221.0,-3463.0,-395.0,-868.0,,-881.0
376.0,-8.0,,156.0,262.0,-3572.0,-433.0,-925.0,,-1055.0
95.0,72.0,,53.0,253.0,-3636.0,-452.0,-1053.0,,-1193.0
464.0,218.0,,-6.0,224.0,-3588.0,-441.0,-861.0,,-1287.0
242.0,221.0,,126.0,189.0,-3354.0,-431.0,-1008.0,,-1337.0
246.0,183.0,,61.0,93.0,-3048.0,-421.0,-894.0,,-1356.0
392.0,148.0,,-59.0,15.0,-2969.0,-434.0,-831.0,,-1329.0
278.0,166.0,,0.0,-26.0,-2977.0,-472.0,-731.0,,-1268.0
464.0,-21.0,,-34.0,-88.0,-2881.0,-514.0,-539.0,,-1180.0
194.0,-291.0,,96.0,-110.0,-2835.0,-543.0,-576.0,,-1046.0
499.0,-430.0,,103.0,-126.0,-2844.0,-554.0,-315.0,,-909.0
280.0,-419.0,,-22.0,-162.0,-2846.0,-548.0,-345.0,,-777.0
480.0,-464.0,,-4.0,-139.0,-2948.0,-525.0,-212.0,,-645.0
285.0,-663.0,,-111.0,-113.0,-3009.0,-532.0,-192.0,,-514.0
226.0,-551.0,,-318.0,-106.0,-3096.0,-536.0,-299.0,,-388.0
329.0,-309.0,,-221.0,-71.0,-3148.0,-518.0,-173.0,,-289.0
226.0,-205.0,,-50.0,-58.0,-3130.0,-518.0,-461.0,,-194.0
388.0,-208.0,,-161.0,-31.0,-3117.0,-500.0,-432.0,,-110.0
136.0,-103.0,,-161.0,40.0,-3065.0,-491.0,-471.0,,-44.0
344.0,210.0,,-83.0,55.0,-2856.0,-523.0,-408.0,,-1.0
108.0,357.0,,-119.0,62.0,-2474.0,-573.0,-230.0,,0.0
274.0,383.0,,-182.0,82.0,-2299.0,-616.0,-376.0,,-11.0
228.0,484.0,,-141.0,33.0,-2272.0,-631.0,-295.0,,-27.0
317.0,787.0,,-70.0,9.0,-2255.0,-651.0,-515.0,,-71.0
318.0,984.0,,-87.0,13.0,-2138.0,-660.0,-511.0,,-120.0
291.0,741.0,,-124.0,-34.0,-2166.0,-655.0,-521.0,,-195.0
502.0,615.0,,-94.0,-54.0,-2319.0,-634.0,-569.0,,-276.0
315.0,691.0,,-137.0,-89.0,-2339.0,-599.0,-423.0,,-345.0
556.0,565.0,,-272.0,-180.0,-2384.0,-600.0,-642.0,,-430.0
421.0,266.0,,-268.0,-214.0,-2318.0,-604.0,-543.0,,-512.0
674.0,101.0,,-252.0,-251.0,-2262.0,-622.0,-637.0,,-600.0
546.0,124.0,,-283.0,-299.0,-2152.0,-657.0,-563.0,,-662.0
628.0,75.0,,-334.0,-269.0,-2080.0,-678.0,-354.0,,-708.0
618.0,-45.0,,-308.0,-249.0,-1990.0,-682.0,-321.0,,-752.0
560.0,-116.0,,-173.0,-241.0,-1842.0,-673.0,73.0,,-783.0
724.0,11.0,,-76.0,-214.0,-1869.0,-668.0,140.0,,-804.0
554.0,-15.0,,-144.0,-234.0,-1927.0,-648.0,280.0,,-777.0
695.0,-270.0,,-138.0,-215.0,-1897.0,-651.0,219.0,,-753.0
516.0,-245.0,,41.0,-128.0,-1494.0,-651.0,219.0,,-749.0
723.0,-161.0,,27.0,-83.0,-1049.0,-620.0,443.0,,-764.0
515.0,-147.0,,25.0,-34.0,-895.0,-599.0,443.0,,-791.0
568.0,-107.0,,77.0,14.0,-805.0,-578.0,711.0,,-798.0
613.0,0.0,,-21.0,3.0,-510.0,-571.0,532.0,,-810.0
637.0,202.0,,-81.0,27.0,-185.0,-554.0,443.0,,-800.0
723.0,379.0,,15.0,48.0,-239.0,-545.0,404.0,,-758.0
471.0,508.0,,97.0,38.0,-374.0,-546.0,317.0,,-681.0
615.0,584.0,,76.0,83.0,-367.0,-548.0,485.0,,-555.0
445.0,733.0,,49.0,101.0,-285.0,-564.0,310.0,,-415.0
595.0,805.0,,108.0,98.0,-349.0,-581.0,367.0,,-262.0
398.0,765.0,,108.0,143.0,-523.0,-604.0,245.0,,-108.0
399.0,722.0,,36.0,156.0,-533.0,-581.0,247.0,,29.0
463.0,600.0,,111.0,182.0,-509.0,-534.0,347.0,,144.0
343.0,514.0,,84.0,241.0,-479.0,-499.0,175.0,,212.0
380.0,322.0,,94.0,243.0,-503.0,-475.0,290.0,,232.0
183.0,73.0,,162.0,273.0,-529.0,-470.0,94.0,,210.0
315.0,-138.0,,125.0,294.0,-454.0,-462.0,92.0,,176.0
199.0,-345.0,,75.0,230.0,-340.0,-466.0,92.0,,132.0
193.0,-381.0,,43.0,187.0,-69.0,-463.0,-11.0,,63.0
76.0,-444.0,,155.0,146.0,177.0,-486.0,97.0,,4.0
160.0,-494.0,,156.0,90.0,221.0,-514.0,-18.0,,-46.0
184.0,-455.0,,32.0,72.0,285.0,-511.0,103.0,,-86.0
23.0,-311.0,,-49.0,7.0,427.0,-488.0,3.0,,-115.0
174.0,-139.0,,5.0,-73.0,411.0,-464.0,42.0,,-155.0
91.0,-182.0,,-55.0,-91.0,328.0,-449.0,188.0,,-198.0
227.0,-181.0,,-282.0,-146.0,258.0,-436.0,147.0,,-243.0
140.0,-102.0,,-216.0,-185.0,475.0,-448.0,306.0,,-276.0
270.0,-71.0,,-125.0,-165.0,955.0,-447.0,92.0,,-308.0
179.0,-245.0,,-140.0,-164.0,1275.0,-447.0,138.0,,-332.0
123.0,-381.0,,-116.0,-114.0,1523.0,-447.0,140.0,,-339.0
295.0,-346.0,,-69.0,-59.0,1550.0,-426.0,254.0,,-353.0
202.0,-467.0,,-41.0,-51.0,1664.0,-407.0,587.0,,-351.0
371.0,-518.0,,-65.0,8.0,1671.0,-405.0,524.0,,-347.0
167.0,-558.0,,6.0,44.0,1335.0,-430.0,794.0,,-340.0
399.0,-458.0,,40.0,33.0,1181.0,-425.0,814.0,,-318.0
346.0,-277.0,,137.0,72.0,1262.0,-401.0,942.0,,-285.0
367.0,-265.0,,197.0,95.0,1380.0,-327.0,1045.0,,-245.0
407.0,-284.0,,122.0,103.0,1222.0,-245.0,1005.0,,-200.0
350.0,-240.0,,259.0,131.0,1260.0,-233.0,1274.0,,-134.0
636.0,-41.0,,320.0,90.0,1460.0,-232.0,1201.0,,-55.0
311.0,-45.0,,211.0,43.0,1479.0,-235.0,1376.0,,14.0
447.0,-53.0,,201.0,37.0,1380.0,-227.0,1284.0,,57.0
234.0,-1.0,,223.0,-2.0,1295.0,-199.0,1117.0,,84.0
339.0,-7.0,,93.0,5.0,1204.0,-167.0,1012.0,,104.0
357.0,-47.0,,-58.0,40.0,740.0,-132.0,650.0,,125.0
123.0,-204.0,,-107.0,17.0,462.0,-106.0,746.0,,137.0
342.0,-198.0,,-173.0,33.0,487.0,-96.0,687.0,,133.0
71.0,-201.0,,-229.0,30.0,651.0,-95.0,792.0,,132.0
191.0,-229.0,,-236.0,2.0,827.0,-82.0,692.0,,121.0
-23.0,-368.0,,-338.0,53.0,897.0,-40.0,378.0,,102.0
8.0,-390.0,,-380.0,68.0,1145.0,5.0,349.0,,74.0
60.0,-216.0,,-449.0,44.0,1396.0,20.0,160.0,,53.0
-83.0,-306.0,,-561.0,47.0,1525.0,11.0,395.0,,54.0
94.0,-425.0,,-467.0,16.0,1462.0,-20.0,471.0,,63.0
-184.0,-442.0,,-484.0,22.0,1403.0,-53.0,631.0,,81.0
25.0,-384.0,,-438.0,81.0,1397.0,-49.0,846.0,,89.0
-46.0,-407.0,,-356.0,88.0,1339.0,-15.0,816.0,,87.0
-26.0,-436.0,,-278.0,99.0,1264.0,30.0,1095.0,,68.0
62.0,-434.0,,-220.0,97.0,1108.0,57.0,1071.0,,49.0
-163.0,-377.0,,-193.0,29.0,916.0,59.0,1182.0,,9.0
186.0,-247.0,,0.0,9.0,717.0,35.0,1019.0,,-52.0
-35.0,-244.0,,-22.0,-29.0,726.0,10.0,812.0,,-106.0
152.0,-168.0,,-60.0,-122.0,892.0,6.0,886.0,,-161.0
-21.0,-116.0,,-121.0,-139.0,934.0,9.0,718.0,,-210.0
0.0,-2.0,,-209.0,-138.0,930.0,15.0,892.0,,-261.0
203.0,115.0,,-164.0,-115.0,1185.0,35.0,785.0,,-305.0
-18.0,192.0,,-110.0,-51.0,1546.0,42.0,814.0,,-343.0
289.0,366.0,,-79.0,-45.0,1775.0,45.0,892.0,,-359.0
-140.0,413.0,,-216.0,-37.0,1830.0,41.0,770.0,,-370.0
242.0,387.0,,-233.0,21.0,1814.0,40.0,870.0,,-389.0
-15.0,175.0,,-245.0,40.0,2022.0,65.0,639.0,,-368.0
50.0,-33.0,,-371.0,65.0,2181.0,62.0,659.0,,-334.0
44.0,-126.0,,-294.0,107.0,2047.0,44.0,519.0,,-279.0
-23.0,-196.0,,-237.0,114.0,1758.0,14.0,423.0,,-203.0
213.0,-101.0,,-224.0,163.0,1692.0,0.0,533.0,,-134.0
-346.0,-12.0,,-192.0,185.0,1784.0,4.0,400.0,,-48.0
146.0,9.0,,-325.0,150.0,1589.0,16.0,565.0,,30.0
-315.0,47.0,,-355.0,174.0,1439.0,101.0,423.0,,99.0
34.0,171.0,,-331.0,164.0,1674.0,192.0,461.0,,160.0
-263.0,203.0,,-214.0,123.0,1997.0,222.0,548.0,,215.0
-195.0,176.0,,-41.0,128.0,2009.0,204.0,576.0,,273.0
-120.0,274.0,,-97.0,85.0,1919.0,139.0,774.0,,325.0
-410.0,311.0,,-119.0,36.0,2024.0,79.0,589.0,,358.0
-48.0,167.0,,-138.0,31.0,2076.0,49.0,709.0,,366.0
-586.0,39.0,,-79.0,-5.0,1779.0,47.0,637.0,,358.0
-37.0,118.0,,32.0,-13.0,1433.0,91.0,692.0,,344.0
-505.0,41.0,,56.0,-9.0,1346.0,151.0,897.0,,334.0
-136.0,-178.0,,-41.0,-65.0,1250.0,203.0,929.0,,335.0
-427.0,-233.0,,-82.0,-92.0,1151.0,235.0,1204.0,,344.0
-287.0,-159.0,,-147.0,-119.0,1191.0,240.0,1091.0,,366.0
-165.0,-209.0,,-232.0,-186.0,1446.0,230.0,1195.0,,399.0
-529.0,-443.0,,-219.0,-200.0,1780.0,222.0,1125.0,,421.0
-46.0,-453.0,,-488.0,-216.0,1937.0,222.0,958.0,,430.0
-452.0,-472.0,,-468.0,-223.0,1966.0,225.0,988.0,,422.0
66.0,-538.0,,-381.0,-128.0,1788.0,245.0,759.0,,383.0
-612.0,-414.0,,-418.0,-39.0,1486.0,266.0,881.0,,321.0
-159.0,-340.0,,-333.0,8.0,1381.0,268.0,757.0,,228.0
-327.0,-215.0,,-252.0,39.0,1555.0,248.0,702.0,,110.0
-344.0,-109.0,,-174.0,3.0,1793.0,232.0,631.0,,-32.0
-202.0,-172.0,,-287.0,-36.0,1694.0,219.0,415.0,,-171.0
-656.0,-170.0,,-173.0,7.0,1404.0,218.0,474.0,,-302.0
-145.0,29.0,,11.0,68.0,1591.0,220.0,188.0,,-450.0
-621.0,157.0,,120.0,132.0,1915.0,183.0,133.0,,-586.0
-70.0,72.0,,83.0,180.0,1920.0,138.0,-25.0,,-700.0
-521.0,-21.0,,32.0,173.0,1944.0,105.0,-81.0,,-785.0
-224.0,61.0,,195.0,215.0,2054.0,82.0,121.0,,-849.0
-170.0,202.0,,198.0,201.0,2168.0,88.0,116.0,,-893.0
-308.0,70.0,,215.0,175.0,1968.0,104.0,393.0,,-907.0
42.0,-32.0,,290.0,169.0,1582.0,132.0,304.0,,-901.0
-284.0,137.0,,333.0,136.0,1483.0,158.0,230.0,,-846.0
244.0,156.0,,263.0,148.0,1532.0,144.0,62.0,,-763.0
-115.0,-42.0,,225.0,118.0,1577.0,124.0,-184.0,,-662.0
296.0,-81.0,,309.0,133.0,1647.0,98.0,-138.0,,-530.0
225.0,105.0,,338.0,127.0,1692.0,73.0,-343.0,,-399.0
314.0,237.0,,314.0,93.0,1675.0,61.0,-240.0,,-286.0
530.0,299.0,,303.0,7.0,1854.0,46.0,-354.0,,-205.0
319.0,266.0,,461.0,-131.0,2251.0,36.0,-354.0,,-150.0
677.0,185.0,,456.0,-216.0,2514.0,21.0,-162.0,,-129.0
329.0,198.0,,462.0,-302.0,2602.0,18.0,-118.0,,-130.0
700.0,39.0,,517.0,-302.0,2605.0,23.0,238.0,,-121.0
546.0,-92.0,,401.0,-295.0,2520.0,19.0,243.0,,-129.0
633.0,-124.0,,442.0,-285.0,2400.0,11.0,365.0,,-118.0
667.0,-331.0,,459.0,-302.0,2234.0,34.0,386.0,,-91.0
522.0,-474.0,,402.0,-262.0,2165.0,59.0,373.0,,-70.0
739.0,-657.0,,358.0,-184.0,2253.0,47.0,506.0,,-27.0
459.0,-836.0,,361.0,-148.0,2349.0,38.0,334.0,,11.0
713.0,-792.0,,372.0,-54.0,2468.0,26.0,352.0,,67.0
433.0,-680.0,,252.0,-55.0,2543.0,12.0,59.0,,133.0
605.0,-599.0,,-26.0,13.0,2637.0,0.0,-51.0,,203.0
512.0,-493.0,,71.0,64.0,2765.0,-11.0,-96.0,,282.0
426.0,-333.0,,445.0,29.0,2855.0,-40.0,-280.0,,350.0
457.0,-349.0,,288.0,61.0,2846.0,-80.0,-242.0,,427.0
268.0,-209.0,,295.0,12.0,2857.0,-111.0,-582.0,,517.0
555.0,-21.0,,361.0,-14.0,2993.0,-140.0,-631.0,,598.0
224.0,-10.0,,169.0,-8.0,2938.0,-129.0,-777.0,,663.0
359.0,205.0,,425.0,-56.0,2800.0,-103.0,-873.0,,726.0
151.0,304.0,,500.0,-64.0,2681.0,-81.0,-711.0,,768.0
236.0,331.0,,115.0,-49.0,2573.0,-85.0,-783.0,,791.0
217.0,312.0,,116.0,-87.0,2512.0,-132.0,-582.0,,782.0
72.0,311.0,,408.0,-73.0,2402.0,-169.0,-678.0,,721.0
144.0,549.0,,338.0,-70.0,2293.0,-227.0,-539.0,,630.0
-51.0,699.0,,204.0,-102.0,2159.0,-270.0,-280.0,,508.0
123.0,713.0,,183.0,-48.0,2059.0,-285.0,-151.0,,372.0
-144.0,684.0,,218.0,-83.0,1924.0,-315.0,134.0,,230.0
-76.0,738.0,,360.0,-119.0,1707.0,-339.0,-70.0,,91.0
-113.0,703.0,,213.0,-107.0,1441.0,-377.0,-125.0,,-25.0
-27.0,515.0,,134.0,-168.0,1359.0,-404.0,-382.0,,-112.0
-105.0,279.0,,207.0,-155.0,1612.0,-389.0,-467.0,,-179.0
-156.0,121.0,,173.0,-142.0,1717.0,-377.0,-308.0,,-217.0
-46.0,-35.0,,127.0,-166.0,1704.0,-373.0,-441.0,,-205.0
-157.0,-479.0,,201.0,-120.0,1938.0,-356.0,-271.0,,-157.0
-106.0,-797.0,,180.0,-118.0,2220.0,-364.0,-376.0,,-61.0
-213.0,-828.0,,-17.0,-133.0,2124.0,-381.0,-301.0,,52.0
-94.0,-795.0,,223.0,-108.0,1648.0,-394.0,-373.0,,174.0
-187.0,-866.0,,257.0,-124.0,1343.0,-416.0,-572.0,,288.0
-92.0,-739.0,,247.0,-90.0,1475.0,-433.0,-541.0,,372.0
-146.0,-382.0,,394.0,7.0,1844.0,-441.0,-750.0,,448.0
-212.0,-151.0,,247.0,55.0,2175.0,-444.0,-582.0,,488.0
-88.0,66.0,,290.0,120.0,2343.0,-434.0,-720.0,,512.0
-107.0,229.0,,218.0,147.0,2303.0,-412.0,-805.0,,518.0
-176.0,501.0,,217.0,100.0,2064.0,-417.0,-916.0,,500.0
-190.0,691.0,,363.0,95.0,1827.0,-406.0,-1225.0,,463.0
-167.0,619.0,,332.0,83.0,1780.0,-403.0,-1128.0,,392.0
-260.0,510.0,,205.0,80.0,1763.0,-406.0,-1282.0,,313.0
-313.0,408.0,,113.0,90.0,1643.0,-367.0,-1117.0,,213.0
-256.0,220.0,,116.0,45.0,1581.0,-327.0,-1016.0,,102.0
-207.0,-75.0,,22.0,38.0,1571.0,-294.0,-848.0,,-5.0
-381.0,-210.0,,16.0,68.0,1535.0,-283.0,-567.0,,-106.0
-310.0,-207.0,,6.0,55.0,1440.0,-310.0,-672.0,,-170.0
-431.0,-138.0,,-66.0,41.0,1346.0,-371.0,-476.0,,-210.0
-386.0,-158.0,,-172.0,-5.0,1374.0,-414.0,-480.0,,-231.0
-587.0,-237.0,,-154.0,-80.0,1480.0,-432.0,-290.0,,-238.0
-547.0,-183.0,,31.0,-92.0,1526.0,-450.0,-201.0,,-226.0
-489.0,-103.0,,3.0,-124.0,1433.0,-464.0,-264.0,,-189.0
-569.0,-90.0,,124.0,-153.0,1144.0,-473.0,7.0,,-142.0
-500.0,-41.0,,198.0,-108.0,646.0,-486.0,-109.0,,-72.0
-849.0,163.0,,12.0,-105.0,313.0,-517.0,-96.0,,10.0
-558.0,286.0,,48.0,-91.0,367.0,-529.0,-356.0,,91.0
-690.0,95.0,,218.0,-84.0,703.0,-537.0,-578.0,,200.0
-535.0,-193.0,,268.0,-142.0,862.0,-522.0,-626.0,,330.0
-687.0,-278.0,,128.0,-140.0,613.0,-506.0,-859.0,,452.0
-658.0,-373.0,,31.0,-178.0,613.0,-494.0,-681.0,,572.0
-529.0,-468.0,,13.0,-227.0,897.0,-470.0,-772.0,,678.0
-728.0,-368.0,,38.0,-172.0,940.0,-462.0,-726.0,,748.0
-572.0,-294.0,,92.0,-145.0,674.0,-460.0,-809.0,,790.0
-812.0,-218.0,,10.0,-95.0,478.0,-479.0,-995.0,,799.0
-497.0,-122.0,,-82.0,3.0,605.0,-485.0,-992.0,,785.0
-718.0,-142.0,,-83.0,29.0,708.0,-478.0,-1278.0,,769.0
-533.0,-118.0,,-65.0,53.0,604.0,-455.0,-1184.0,,730.0
-593.0,14.0,,3.0,46.0,496.0,-439.0,-1315.0,,658.0
-612.0,188.0,,33.0,-7.0,511.0,-445.0,-1337.0,,575.0
-495.0,310.0,,-64.0,37.0,439.0,-440.0,-1237.0,,486.0
-631.0,390.0,,75.0,54.0,315.0,-432.0,-1241.0,,389.0
-447.0,406.0,,185.0,53.0,327.0,-412.0,-995.0,,295.0
-642.0,335.0,,-11.0,99.0,344.0,-404.0,-1147.0,,219.0
-410.0,361.0,,76.0,59.0,327.0,-377.0,-1069.0,,162.0
-562.0,341.0,,288.0,47.0,344.0,-361.0,-1202.0,,134.0
-361.0,344.0,,256.0,40.0,478.0,-365.0,-1382.0,,132.0
-455.0,432.0,,122.0,0.0,530.0,-360.0,-1419.0,,134.0
-418.0,481.0,,120.0,43.0,438.0,-363.0,-1611.0,,129.0
-382.0,547.0,,198.0,50.0,396.0,-347.0,-1374.0,,109.0
-377.0,553.0,,153.0,39.0,465.0,-346.0,-1417.0,,87.0
-205.0,534.0,,163.0,85.0,475.0,-349.0,-1226.0,,51.0
-411.0,496.0,,169.0,99.0,127.0,-345.0,-1053.0,,-3.0
-154.0,499.0,,60.0,134.0,-209.0,-349.0,-990.0,,-60.0
-310.0,477.0,,4.0,180.0,-300.0,-319.0,-702.0,,-120.0
-89.0,379.0,,9.0,157.0,-414.0,-284.0,-772.0,,-179.0
-318.0,305.0,,-37.0,157.0,-612.0,-268.0,-556.0,,-226.0
-113.0,304.0,,-3.0,165.0,-794.0,-279.0,-548.0,,-256.0
-102.0,298.0,,23.0,140.0,-705.0,-291.0,-519.0,,-267.0
-263.0,231.0,,8.0,159.0,-586.0,-276.0,-426.0,,-245.0
-137.0,181.0,,-30.0,137.0,-795.0,-275.0,-495.0,,-205.0
-450.0,69.0,,-21.0,46.0,-1032.0,-258.0,-358.0,,-148.0
-85.0,-15.0,,100.0,-9.0,-1104.0,-257.0,-668.0,,-80.0
-358.0,-30.0,,-11.0,-54.0,-1157.0,-257.0,-763.0,,-11.0
-107.0,4.0,,51.0,-72.0,-1197.0,-244.0,-912.0,,44.0
-475.0,93.0,,275.0,-32.0,-1258.0,-272.0,-1049.0,,71.0
-435.0,174.0,,259.0,1.0,-1456.0,-302.0,-920.0,,81.0
-287.0,163.0,,269.0,67.0,-1673.0,-335.0,-1088.0,,66.0
-501.0,105.0,,402.0,132.0,-1855.0,-364.0,-975.0,,16.0
-200.0,20.0,,424.0,116.0,-2097.0,-391.0,-1114.0,,-44.0
-623.0,-123.0,,404.0,100.0,-2287.0,-417.0,-1138.0,,-116.0
-163.0,-139.0,,599.0,69.0,-2355.0,-412.0,-1062.0,,-209.0
-412.0,-104.0,,623.0,4.0,-2243.0,-402.0,-1093.0,,-302.0
-193.0,-86.0,,509.0,-19.0,-1946.0,-407.0,-816.0,,-395.0
-276.0,-92.0,,557.0,-64.0,-1849.0,-436.0,-829.0,,-475.0
-289.0,-178.0,,677.0,-118.0,-2051.0,-470.0,-554.0,,-576.0
35.0,-314.0,,657.0,-127.0,-2389.0,-476.0,-474.0,,-692.0
-253.0,-375.0,,504.0,-160.0,-2473.0,-469.0,-448.0,,-804.0
39.0,-460.0,,451.0,-159.0,-2226.0,-462.0,-306.0,,-922.0
-323.0,-679.0,,454.0,-116.0,-2302.0,-466.0,-502.0,,-1003.0
62.0,-770.0,,391.0,-113.0,-2587.0,-479.0,-356.0,,-1067.0
-67.0,-735.0,,245.0,-68.0,-2713.0,-483.0,-500.0,,-1105.0
-67.0,-597.0,,120.0,21.0,-2761.0,-485.0,-526.0,,-1120.0
17.0,-498.0,,37.0,94.0,-2746.0,-479.0,-604.0,,-1112.0
-109.0,-375.0,,22.0,189.0,-2704.0,-468.0,-777.0,,-1097.0
160.0,-69.0,,-83.0,228.0,-2485.0,-470.0,-563.0,,-1084.0
-79.0,116.0,,-174.0,199.0,-2346.0,-489.0,-509.0,,-1065.0
48.0,141.0,,-156.0,191.0,-2629.0,-532.0,-184.0,,-1045.0
-62.0,148.0,,-242.0,143.0,-2874.0,-566.0,-199.0,,-1008.0
-24.0,172.0,,-310.0,94.0,-2982.0,-580.0,-230.0,,-976.0
14.0,140.0,,-294.0,88.0,-3120.0,-599.0,-186.0,,-924.0
-146.0,52.0,,-263.0,10.0,-3216.0,-607.0,-441.0,,-876.0
-161.0,-52.0,,-248.0,-74.0,-3256.0,-633.0,-485.0,,-824.0
-168.0,-75.0,,-352.0,-122.0,-3040.0,-643.0,-748.0,,-753.0
-131.0,-107.0,,-502.0,-204.0,-2877.0,-615.0,-670.0,,-679.0
-83.0,-242.0,,-445.0,-229.0,-2979.0,-618.0,-692.0,,-584.0
-319.0,-365.0,,-428.0,-205.0,-2904.0,-582.0,-800.0,,-490.0
-230.0,-458.0,,-490.0,-219.0,-2661.0,-564.0,-642.0,,-395.0
-218.0,-417.0,,-467.0,-220.0,-2499.0,-608.0,-761.0,,-319.0
-173.0,-379.0,,-461.0,-264.0,-2470.0,-600.0,-572.0,,-270.0
-238.0,-363.0,,-435.0,-356.0,-2401.0,-579.0,-604.0,,-213.0
-446.0,-236.0,,-477.0,-361.0,-2191.0,-527.0,-522.0,,-169.0
-222.0,-152.0,,-588.0,-324.0,-2126.0,-471.0,-323.0,,-134.0
-315.0,-136.0,,-562.0,-279.0,-2152.0,-455.0,-280.0,,-83.0
-47.0,-72.0,,-534.0,-182.0,-2171.0,-431.0,88.0,,-39.0
-329.0,-43.0,,-618.0,-102.0,-2365.0,-426.0,194.0,,35.0
-189.0,-58.0,,-595.0,-49.0,-2637.0,-433.0,473.0,,127.0
-103.0,-18.0,,-477.0,4.0,-2654.0,-417.0,487.0,,217.0
-89.0,-22.0,,-412.0,12.0,-2511.0,-367.0,443.0,,305.0
11.0,23.0,,-492.0,16.0,-2558.0,-308.0,648.0,,373.0
-175.0,49.0,,-471.0,41.0,-2684.0,-269.0,565.0,,441.0
213.0,22.0,,-458.0,41.0,-2728.0,-275.0,724.0,,490.0
-16.0,89.0,,-585.0,80.0,-2408.0,-272.0,583.0,,527.0
122.0,158.0,,-506.0,148.0,-2036.0,-225.0,528.0,,535.0
-146.0,249.0,,-470.0,160.0,-2051.0,-176.0,434.0,,516.0
-3.0,309.0,,-564.0,175.0,-2049.0,-116.0,221.0,,478.0
142.0,340.0,,-474.0,207.0,-1927.0,-73.0,410.0,,426.0
119.0,308.0,,-321.0,196.0,-1863.0,-56.0,354.0,,373.0
141.0,140.0,,-416.0,175.0,-2046.0,-32.0,476.0,,307.0
-126.0,88.0,,-422.0,157.0,-2012.0,8.0,441.0,,272.0
228.0,147.0,,-273.0,109.0,-1577.0,91.0,441.0,,243.0
52.0,112.0,,-283.0,78.0,-1352.0,152.0,432.0,,233.0
193.0,48.0,,-187.0,56.0,-1502.0,191.0,197.0,,252.0
-22.0,67.0,,-60.0,10.0,-1842.0,236.0,358.0,,292.0
187.0,143.0,,-38.0,-1.0,-1915.0,258.0,169.0,,371.0
213.0,206.0,,-88.0,-28.0,-1873.0,303.0,168.0,,443.0
104.0,235.0,,-114.0,-107.0,-1987.0,338.0,175.0,,526.0
160.0,281.0,,-37.0,-187.0,-1980.0,357.0,131.0,,605.0
-70.0,407.0,,94.0,-272.0,-1778.0,376.0,327.0,,666.0
268.0,392.0,,98.0,-326.0,-1547.0,364.0,157.0,,719.0
-57.0,229.0,,-139.0,-279.0,-1490.0,379.0,242.0,,753.0
154.0,160.0,,-131.0,-176.0,-1425.0,420.0,120.0,,791.0
-131.0,117.0,,-121.0,-89.0,-1352.0,475.0,72.0,,816.0
-29.0,100.0,,-121.0,10.0,-1386.0,534.0,53.0,,823.0
-2.0,105.0,,51.0,89.0,-1420.0,576.0,-99.0,,812.0
-234.0,151.0,,-83.0,109.0,-1431.0,604.0,216.0,,781.0
4.0,252.0,,-230.0,120.0,-1399.0,630.0,218.0,,724.0
-379.0,333.0,,-262.0,93.0,-1523.0,651.0,417.0,,646.0
-30.0,224.0,,-222.0,82.0,-1617.0,654.0,578.0,,552.0
-403.0,14.0,,-181.0,166.0,-1523.0,643.0,703.0,,445.0
-131.0,14.0,,-158.0,251.0,-1423.0,618.0,988.0,,349.0
-287.0,75.0,,-9.0,286.0,-1502.0,621.0,901.0,,267.0
-392.0,35.0,,-95.0,298.0,-1645.0,673.0,1031.0,,202.0
-219.0,-77.0,,-112.0,242.0,-1381.0,748.0,896.0,,155.0
-482.0,-97.0,,21.0,164.0,-1197.0,806.0,846.0,,110.0
-62.0,-75.0,,12.0,138.0,-1520.0,816.0,842.0,,65.0
-528.0,-179.0,,24.0,91.0,-1767.0,791.0,844.0,,27.0
-130.0,-274.0,,-41.0,51.0,-1454.0,769.0,1097.0,,-7.0
-415.0,-131.0,,-24.0,72.0,-1094.0,784.0,918.0,,-24.0
-137.0,36.0,,3.0,63.0,-1193.0,796.0,982.0,,-25.0
-237.0,-30.0,,-67.0,30.0,-1270.0,799.0,805.0,,-26.0
-348.0,37.0,,-55.0,5.0,-1103.0,786.0,628.0,,-18.0
71.0,206.0,,-4.0,-62.0,-955.0,732.0,678.0,,-13.0
-257.0,232.0,,-62.0,-84.0,-1048.0,702.0,554.0,,-7.0
164.0,155.0,,-123.0,-33.0,-1060.0,715.0,772.0,,-6.0
-447.0,133.0,,13.0,-28.0,-848.0,745.0,703.0,,-15.0
214.0,160.0,,-171.0,-47.0,-753.0,796.0,827.0,,-29.0
-89.0,171.0,,-418.0,-80.0,-783.0,818.0,862.0,,-57.0
213.0,181.0,,-228.0,-149.0,-771.0,792.0,670.0,,-92.0
111.0,33.0,,-246.0,-157.0,-680.0,770.0,724.0,,-132.0
-109.0,-110.0,,-524.0,-117.0,-596.0,741.0,642.0,,-187.0
469.0,-301.0,,-417.0,-111.0,-329.0,738.0,912.0,,-260.0
-202.0,-485.0,,-349.0,-68.0,10.0,757.0,861.0,,-323.0
557.0,-517.0,,-573.0,-4.0,231.0,753.0,814.0,,-385.0
-270.0,-428.0,,-377.0,10.0,428.0,761.0,872.0,,-451.0
514.0,-233.0,,-308.0,42.0,501.0,752.0,735.0,,-492.0
134.0,-176.0,,-491.0,56.0,541.0,731.0,953.0,,-526.0
99.0,-137.0,,-411.0,32.0,542.0,730.0,849.0,,-546.0
253.0,-92.0,,-460.0,68.0,531.0,740.0,914.0,,-554.0
-250.0,-98.0,,-657.0,120.0,675.0,754.0,890.0,,-569.0
709.0,-191.0,,-628.0,146.0,811.0,754.0,862.0,,-592.0
-273.0,-188.0,,-547.0,198.0,826.0,755.0,1088.0,,-632.0
574.0,-19.0,,-694.0,233.0,699.0,733.0,988.0,,-697.0
-235.0,-47.0,,-708.0,228.0,525.0,703.0,1114.0,,-785.0
259.0,-90.0,,-809.0,237.0,434.0,676.0,897.0,,-873.0
140.0,-55.0,,-910.0,210.0,329.0,663.0,763.0,,-968.0
-138.0,5.0,,-897.0,141.0,185.0,668.0,657.0,,-1045.0
445.0,-128.0,,-1038.0,105.0,118.0,671.0,412.0,,-1108.0
-399.0,-254.0,,-991.0,58.0,204.0,676.0,495.0,,-1162.0
658.0,-78.0,,-802.0,7.0,222.0,654.0,306.0,,-1177.0
-269.0,-23.0,,-716.0,17.0,181.0,644.0,458.0,,-1181.0
383.0,-131.0,,-765.0,22.0,225.0,654.0,430.0,,-1160.0
-51.0,-245.0,,-737.0,-3.0,150.0,639.0,306.0,,-1113.0
173.0,-172.0,,-719.0,13.0,130.0,618.0,291.0,,-1064.0
484.0,-201.0,,-674.0,24.0,277.0,605.0,-11.0,,-1000.0
-111.0,-399.0,,-508.0,17.0,338.0,584.0,73.0,,-927.0
670.0,-361.0,,-418.0,32.0,306.0,552.0,-29.0,,-864.0
-173.0,-275.0,,-470.0,-3.0,273.0,518.0,14.0,,-823.0
708.0,-309.0,,-465.0,-50.0,374.0,517.0,99.0,,-798.0
66.0,-524.0,,-338.0,-47.0,514.0,538.0,186.0,,-791.0
334.0,-728.0,,-298.0,-56.0,394.0,543.0,563.0,,-807.0
281.0,-627.0,,-274.0,-33.0,194.0,573.0,624.0,,-855.0
49.0,-446.0,,-180.0,48.0,125.0,584.0,901.0,,-913.0
639.0,-406.0,,-86.0,75.0,109.0,564.0,966.0,,-981.0
-60.0,-332.0,,-226.0,62.0,20.0,550.0,1016.0,,-1059.0
433.0,-183.0,,-145.0,54.0,-171.0,522.0,1077.0,,-1141.0
-127.0,-39.0,,-93.0,14.0,-181.0,501.0,855.0,,-1220.0
443.0,85.0,,-256.0,5.0,-113.0,489.0,927.0,,-1275.0
202.0,108.0,,-167.0,38.0,-109.0,476.0,742.0,,-1291.0
170.0,244.0,,-128.0,42.0,-138.0,460.0,766.0,,-1261.0
308.0,389.0,,-75.0,80.0,-110.0,431.0,805.0,,-1182.0
34.0,229.0,,-117.0,164.0,129.0,409.0,776.0,,-1075.0
533.0,118.0,,-129.0,191.0,95.0,420.0,909.0,,-965.0
35.0,149.0,,-124.0,199.0,-227.0,441.0,729.0,,-844.0
431.0,209.0,,-173.0,196.0,-340.0,461.0,781.0,,-728.0
147.0,280.0,,-106.0,144.0,-164.0,479.0,569.0,,-626.0
507.0,302.0,,-99.0,142.0,77.0,484.0,474.0,,-547.0
320.0,433.0,,5.0,169.0,95.0,465.0,493.0,,-480.0
190.0,513.0,,48.0,175.0,-13.0,429.0,317.0,,-419.0
359.0,497.0,,-55.0,207.0,-23.0,377.0,395.0,,-375.0
145.0,538.0,,-44.0,232.0,-72.0,305.0,133.0,,-343.0
569.0,620.0,,36.0,206.0,-133.0,256.0,101.0,,-324.0
136.0,726.0,,92.0,177.0,-41.0,218.0,20.0,,-280.0
440.0,742.0,,90.0,113.0,-63.0,207.0,-20.0,,-234.0
136.0,600.0,,115.0,-14.0,-277.0,229.0,147.0,,-194.0
310.0,436.0,,131.0,-96.0,-448.0,243.0,9.0,,-148.0
210.0,335.0,,15.0,-149.0,-334.0,252.0,38.0,,-103.0
80.0,214.0,,58.0,-180.0,-185.0,261.0,-230.0,,-67.0
347.0,123.0,,231.0,-143.0,-213.0,250.0,-254.0,,-44.0
110.0,113.0,,228.0,-123.0,-14.0,208.0,-262.0,,-12.0
374.0,139.0,,232.0,-101.0,373.0,186.0,-384.0,,10.0
74.0,222.0,,254.0,-45.0,562.0,185.0,-121.0,,35.0
332.0,264.0,,151.0,-39.0,452.0,194.0,-79.0,,76.0
184.0,210.0,,224.0,-32.0,383.0,183.0,262.0,,118.0
294.0,235.0,,332.0,30.0,499.0,162.0,363.0,,168.0
299.0,267.0,,223.0,56.0,511.0,177.0,434.0,,228.0
307.0,242.0,,290.0,54.0,306.0,188.0,615.0,,280.0
386.0,203.0,,322.0,64.0,199.0,207.0,454.0,,316.0
166.0,149.0,,238.0,26.0,279.0,211.0,554.0,,347.0
442.0,62.0,,313.0,-23.0,200.0,185.0,360.0,,362.0
329.0,-148.0,,346.0,-64.0,-47.0,169.0,356.0,,354.0
575.0,-369.0,,292.0,-130.0,-142.0,148.0,389.0,,336.0
343.0,-531.0,,145.0,-157.0,-55.0,135.0,360.0,,308.0
475.0,-533.0,,97.0,-156.0,-63.0,138.0,491.0,,259.0
501.0,-469.0,,2.0,-185.0,-114.0,176.0,264.0,,178.0
463.0,-447.0,,-67.0,-180.0,-179.0,222.0,349.0,,59.0
481.0,-320.0,,-55.0,-150.0,-166.0,206.0,277.0,,-86.0
334.0,-188.0,,-215.0,-133.0,10.0,147.0,286.0,,-255.0
586.0,-83.0,,-217.0,-80.0,213.0,98.0,275.0,,-434.0
421.0,-64.0,,-159.0,-46.0,473.0,94.0,40.0,,-598.0
541.0,-142.0,,-231.0,-54.0,511.0,121.0,160.0,,-763.0
309.0,-126.0,,-350.0,-19.0,381.0,121.0,14.0,,-921.0
510.0,-82.0,,-327.0,34.0,307.0,91.0,36.0,,-1060.0
504.0,-95.0,,-373.0,72.0,234.0,60.0,-136.0,,-1192.0
310.0,-87.0,,-464.0,131.0,12.0,32.0,-325.0,,-1292.0
372.0,-11.0,,-432.0,138.0,-364.0,27.0,-282.0,,-1362.0
288.0,145.0,,-396.0,66.0,-415.0,17.0,-345.0,,-1390.0
443.0,207.0,,-490.0,7.0,-315.0,-1.0,-16.0,,-1388.0
226.0,150.0,,-582.0,-70.0,-335.0,-15.0,-12.0,,-1373.0
341.0,189.0,,-464.0,-149.0,-469.0,-29.0,64.0,,-1328.0
110.0,333.0,,-430.0,-153.0,-583.0,-45.0,84.0,,-1282.0
141.0,335.0,,-439.0,-139.0,-479.0,-63.0,-59.0,,-1232.0
249.0,243.0,,-647.0,-110.0,-403.0,-57.0,3.0,,-1167.0
96.0,250.0,,-712.0,-77.0,-357.0,-46.0,-277.0,,-1083.0
115.0,250.0,,-631.0,-116.0,-252.0,-42.0,-234.0,,-997.0
-56.0,227.0,,-650.0,-164.0,-32.0,-33.0,-332.0,,-935.0
73.0,122.0,,-546.0,-173.0,226.0,-27.0,-386.0,,-891.0
-112.0,83.0,,-620.0,-206.0,536.0,-36.0,-258.0,,-870.0
-87.0,116.0,,-760.0,-212.0,816.0,-55.0,-450.0,,-849.0
-46.0,59.0,,-811.0,-184.0,901.0,-65.0,-338.0,,-838.0
-77.0,-2.0,,-756.0,-185.0,935.0,-102.0,-452.0,,-823.0
-37.0,-64.0,,-703.0,-128.0,995.0,-155.0,-460.0,,-778.0
-112.0,-19.0,,-569.0,-56.0,1139.0,-194.0,-554.0,,-742.0
-91.0,-2.0,,-444.0,-58.0,1276.0,-219.0,-735.0,,-696.0
-213.0,-49.0,,-549.0,-54.0,1307.0,-218.0,-652.0,,-644.0
-73.0,-79.0,,-531.0,-70.0,1203.0,-219.0,-812.0,,-597.0
-164.0,-123.0,,-415.0,-134.0,1164.0,-205.0,-729.0,,-545.0
-207.0,-153.0,,-250.0,-148.0,1187.0,-179.0,-934.0,,-494.0
-239.0,-188.0,,-55.0,-158.0,1128.0,-184.0,-1034.0,,-430.0
-288.0,-91.0,,24.0,-200.0,1114.0,-202.0,-1152.0,,-353.0
-195.0,105.0,,38.0,-194.0,1162.0,-236.0,-1470.0,,-275.0
-319.0,240.0,,20.0,-206.0,1194.0,-260.0,-1322.0,,-201.0
-249.0,174.0,,-7.0,-247.0,1187.0,-267.0,-1359.0,,-129.0
-329.0,72.0,,51.0,-243.0,1378.0,-267.0,-1097.0,,-65.0
-283.0,40.0,,217.0,-242.0,1647.0,-242.0,-888.0,,-3.0
-312.0,-85.0,,228.0,-194.0,1839.0,-263.0,-639.0,,73.0
-452.0,-215.0,,170.0,-63.0,1892.0,-288.0,-299.0,,155.0
-476.0,-305.0,,186.0,32.0,1901.0,-291.0,-343.0,,251.0
-456.0,-273.0,,294.0,101.0,2018.0,-283.0,-84.0,,359.0
-350.0,-242.0,,257.0,161.0,2047.0,-243.0,-101.0,,470.0
-551.0,-340.0,,208.0,152.0,2063.0,-226.0,-25.0,,590.0
-549.0,-331.0,,366.0,149.0,2024.0,-209.0,-77.0,,723.0
-556.0,-260.0,,338.0,168.0,1926.0,-193.0,-327.0,,852.0
-621.0,-274.0,,305.0,110.0,1600.0,-179.0,-317.0,,963.0
-713.0,-264.0,,343.0,60.0,1156.0,-183.0,-692.0,,1064.0
-758.0,-215.0,,453.0,44.0,980.0,-192.0,-801.0,,1148.0
-670.0,-262.0,,435.0,-2.0,948.0,-198.0,-929.0,,1208.0
-743.0,-339.0,,500.0,14.0,807.0,-236.0,-881.0,,1239.0
-757.0,-444.0,,641.0,42.0,495.0,-262.0,-606.0,,1243.0
-934.0,-597.0,,542.0,-5.0,487.0,-305.0,-502.0,,1215.0
-947.0,-629.0,,662.0,-52.0,696.0,-344.0,-192.0,,1162.0
-920.0,-546.0,,661.0,-115.0,835.0,-336.0,-406.0,,1098.0
-912.0,-396.0,,583.0,-160.0,893.0,-308.0,-508.0,,1018.0
-972.0,-222.0,,653.0,-131.0,888.0,-286.0,-594.0,,932.0
-1006.0,-197.0,,741.0,-128.0,937.0,-258.0,-744.0,,848.0
-865.0,-170.0,,685.0,-141.0,960.0,-217.0,-687.0,,767.0
-979.0,-49.0,,546.0,-104.0,970.0,-190.0,-936.0,,676.0
-990.0,-106.0,,635.0,-98.0,894.0,-154.0,-811.0,,571.0
-1049.0,-181.0,,674.0,-103.0,719.0,-138.0,-942.0,,459.0
-941.0,-167.0,,746.0,-88.0,429.0,-150.0,-1136.0,,333.0
-900.0,-97.0,,732.0,-133.0,177.0,-173.0,-1280.0,,199.0
-921.0,57.0,,672.0,-167.0,6.0,-215.0,-1589.0,,47.0
-872.0,153.0,,794.0,-177.0,-173.0,-244.0,-1564.0,,-113.0
-941.0,259.0,,778.0,-232.0,-435.0,-260.0,-1768.0,,-280.0
-807.0,345.0,,614.0,-233.0,-633.0,-256.0,-1649.0,,-463.0
-812.0,337.0,,671.0,-195.0,-484.0,-229.0,-1589.0,,-656.0
-692.0,264.0,,794.0,-184.0,-429.0,-196.0,-1609.0,,-853.0
-727.0,115.0,,667.0,-100.0,-569.0,-165.0,-1450.0,,-1016.0
-626.0,-5.0,,654.0,15.0,-692.0,-123.0,-1468.0,,-1138.0
-609.0,-49.0,,656.0,88.0,-623.0,-74.0,-1160.0,,-1223.0
-656.0,-146.0,,660.0,155.0,-463.0,-58.0,-1138.0,,-1270.0
-464.0,-270.0,,778.0,179.0,-517.0,-47.0,-1014.0,,-1278.0
-521.0,-201.0,,688.0,186.0,-588.0,-42.0,-883.0,,-1261.0
-346.0,-15.0,,720.0,238.0,-496.0,-52.0,-955.0,,-1252.0
-448.0,33.0,,881.0,250.0,-204.0,-48.0,-862.0,,-1232.0
-300.0,119.0,,681.0,233.0,-137.0,-59.0,-1067.0,,-1206.0
-366.0,405.0,,626.0,231.0,-461.0,-73.0,-951.0,,-1199.0
-401.0,547.0,,796.0,153.0,-840.0,-73.0,-1018.0,,-1204.0
-187.0,481.0,,729.0,79.0,-952.0,-76.0,-1069.0,,-1220.0
-319.0,454.0,,579.0,78.0,-777.0,-87.0,-944.0,,-1252.0
-62.0,477.0,,404.0,87.0,-734.0,-112.0,-1143.0,,-1283.0
-224.0,374.0,,408.0,134.0,-780.0,-151.0,-1123.0,,-1299.0
-64.0,165.0,,411.0,159.0,-564.0,-180.0,-1304.0,,-1310.0
-117.0,34.0,,243.0,108.0,-183.0,-186.0,-1239.0,,-1294.0
-127.0,59.0,,382.0,72.0,-101.0,-202.0,-1276.0,,-1253.0
29.0,77.0,,353.0,46.0,-333.0,-220.0,-1378.0,,-1209.0
-167.0,-60.0,,30.0,-1.0,-475.0,-246.0,-1141.0,,-1170.0
130.0,-86.0,,166.0,-11.0,-310.0,-257.0,-1243.0,,-1144.0
-53.0,22.0,,133.0,-24.0,-178.0,-256.0,-1206.0,,-1118.0
119.0,116.0,,82.0,-34.0,-404.0,-249.0,-1389.0,,-1112.0
-30.0,192.0,,254.0,1.0,-763.0,-232.0,-1400.0,,-1120.0
-95.0,357.0,,231.0,-21.0,-1018.0,-230.0,-1322.0,,-1147.0
135.0,567.0,,339.0,-48.0,-1069.0,-233.0,-1439.0,,-1204.0
-77.0,664.0,,303.0,-39.0,-1062.0,-256.0,-1204.0,,-1281.0
163.0,607.0,,292.0,-76.0,-1094.0,-281.0,-1199.0,,-1369.0
-57.0,384.0,,302.0,-86.0,-1116.0,-285.0,-1023.0,,-1457.0
133.0,178.0,,421.0,-60.0,-1119.0,-274.0,-1134.0,,-1532.0
80.0,-131.0,,474.0,-64.0,-1196.0,-269.0,-1330.0,,-1573.0
-67.0,-517.0,,303.0,-17.0,-1370.0,-279.0,-1280.0,,-1590.0
147.0,-801.0,,353.0,45.0,-1473.0,-298.0,-1450.0,,-1582.0
33.0,-797.0,,328.0,47.0,-1451.0,-328.0,-1261.0,,-1547.0
351.0,-690.0,,297.0,61.0,-1215.0,-342.0,-1237.0,,-1483.0
136.0,-761.0,,301.0,34.0,-891.0,-348.0,-1029.0,,-1384.0
162.0,-611.0,,389.0,-5.0,-746.0,-358.0,-873.0,,-1249.0
228.0,-351.0,,418.0,51.0,-659.0,-368.0,-934.0,,-1081.0
193.0,-176.0,,364.0,87.0,-465.0,-381.0,-779.0,,-897.0
419.0,-95.0,,258.0,95.0,-375.0,-395.0,-968.0,,-686.0
191.0,19.0,,173.0,150.0,-436.0,-421.0,-894.0,,-464.0
415.0,156.0,,328.0,138.0,-502.0,-443.0,-951.0,,-258.0
238.0,57.0,,304.0,78.0,-582.0,-439.0,-992.0,,-61.0
222.0,-58.0,,303.0,22.0,-643.0,-395.0,-1038.0,,100.0
287.0,-54.0,,407.0,-78.0,-843.0,-328.0,-1382.0,,236.0
75.0,32.0,,229.0,-113.0,-1155.0,-295.0,-1374.0,,353.0
280.0,86.0,,100.0,-89.0,-1268.0,-303.0,-1592.0,,435.0
30.0,106.0,,179.0,-98.0,-1095.0,-339.0,-1492.0,,514.0
206.0,126.0,,69.0,-71.0,-809.0,-369.0,-1378.0,,594.0
-64.0,162.0,,3.0,-35.0,-749.0,-374.0,-1334.0,,671.0
-151.0,115.0,,169.0,-11.0,-791.0,-347.0,-1104.0,,762.0
-4.0,0.0,,128.0,45.0,-784.0,-326.0,-1258.0,,852.0
-223.0,2.0,,141.0,74.0,-742.0,-325.0,-1090.0,,933.0
37.0,-41.0,,246.0,73.0,-665.0,-336.0,-1053.0,,1013.0
-257.0,-105.0,,225.0,97.0,-727.0,-359.0,-892.0,,1088.0
-35.0,-191.0,,159.0,91.0,-758.0,-355.0,-729.0,,1142.0
-183.0,-262.0,,26.0,102.0,-576.0,-361.0,-700.0,,1183.0
-153.0,-233.0,,105.0,189.0,-269.0,-361.0,-284.0,,1207.0
-41.0,-354.0,,96.0,256.0,-294.0,-361.0,-271.0,,1209.0
-240.0,-450.0,,-72.0,293.0,-636.0,-357.0,-96.0,,1185.0
121.0,-359.0,,-110.0,282.0,-742.0,-345.0,-38.0,,1127.0
-162.0,-144.0,,-150.0,188.0,-654.0,-337.0,-49.0,,1055.0
67.0,-1.0,,-23.0,135.0,-765.0,-314.0,-9.0,,978.0
-114.0,93.0,,10.0,88.0,-1118.0,-310.0,-332.0,,896.0
-40.0,412.0,,-58.0,-7.0,-1116.0,-297.0,-240.0,,796.0
80.0,658.0,,-6.0,-49.0,-770.0,-302.0,-299.0,,682.0
-98.0,737.0,,-180.0,-74.0,-385.0,-315.0,-145.0,,548.0
239.0,689.0,,-80.0,-76.0,-97.0,-319.0,20.0,,424.0
-27.0,671.0,,0.0,-26.0,20.0,-329.0,9.0,,323.0
131.0,744.0,,-245.0,-41.0,222.0,-307.0,194.0,,219.0
84.0,714.0,,-186.0,-58.0,262.0,-285.0,-101.0,,142.0
141.0,682.0,,-233.0,-10.0,37.0,-250.0,-166.0,,78.0
109.0,710.0,,-242.0,-9.0,-333.0,-222.0,-400.0,,28.0
7.0,682.0,,-124.0,-16.0,-645.0,-222.0,-524.0,,6.0
252.0,451.0,,-154.0,-16.0,-839.0,-225.0,-399.0,,-10.0
103.0,311.0,,-200.0,-61.0,-1014.0,-223.0,-480.0,,-23.0
101.0,231.0,,-125.0,-45.0,-914.0,-216.0,-127.0,,-27.0
22.0,28.0,,-192.0,11.0,-625.0,-248.0,-131.0,,-22.0
63.0,-74.0,,-224.0,65.0,-274.0,-285.0,-44.0,,-18.0
40.0,3.0,,56.0,148.0,-26.0,-288.0,0.0,,-20.0
63.0,19.0,,11.0,157.0,-30.0,-285.0,-138.0,,-11.0
63.0,-48.0,,18.0,111.0,-91.0,-268.0,-44.0,,19.0
16.0,-70.0,,65.0,86.0,-91.0,-250.0,-277.0,,63.0
52.0,-239.0,,30.0,35.0,-65.0,-258.0,-242.0,,110.0
38.0,-349.0,,-3.0,41.0,-73.0,-288.0,-299.0,,172.0
-14.0,-369.0,,-56.0,87.0,-136.0,-325.0,-162.0,,235.0
-10.0,-463.0,,141.0,78.0,-209.0,-321.0,49.0,,288.0
151.0,-507.0,,105.0,118.0,-173.0,-304.0,29.0,,341.0
108.0,-430.0,,40.0,166.0,-25.0,-283.0,288.0,,378.0
200.0,-340.0,,194.0,172.0,168.0,-247.0,186.0,,415.0
96.0,-324.0,,202.0,192.0,264.0,-248.0,393.0,,440.0
199.0,-323.0,,71.0,154.0,250.0,-238.0,574.0,,432.0
203.0,-116.0,,166.0,101.0,317.0,-203.0,692.0,,401.0
235.0,43.0,,198.0,112.0,409.0,-166.0,953.0,,349.0
394.0,-90.0,,46.0,106.0,383.0,-128.0,842.0,,305.0
228.0,-8.0,,37.0,108.0,423.0,-104.0,955.0,,265.0
457.0,-3.0,,20.0,136.0,566.0,-87.0,691.0,,213.0
277.0,-140.0,,89.0,96.0,707.0,-69.0,567.0,,162.0
341.0,-272.0,,130.0,58.0,824.0,-59.0,618.0,,117.0
273.0,-401.0,,98.0,8.0,764.0,-42.0,644.0,,62.0
329.0,-293.0,,206.0,-121.0,738.0,1.0,934.0,,17.0
481.0,-250.0,,268.0,-201.0,768.0,15.0,824.0,,-28.0
162.0,-133.0,,262.0,-254.0,619.0,29.0,927.0,,-74.0
308.0,72.0,,283.0,-290.0,483.0,59.0,824.0,,-96.0
82.0,192.0,,254.0,-254.0,468.0,53.0,772.0,,-112.0
244.0,188.0,,226.0,-286.0,452.0,63.0,925.0,,-139.0
114.0,116.0,,306.0,-325.0,485.0,67.0,918.0,,-184.0
110.0,39.0,,436.0,-320.0,542.0,62.0,1167.0,,-228.0
218.0,20.0,,301.0,-376.0,498.0,68.0,999.0,,-293.0
-30.0,45.0,,188.0,-382.0,454.0,82.0,1038.0,,-349.0
135.0,-70.0,,238.0,-342.0,473.0,126.0,1047.0,,-389.0
-122.0,-95.0,,184.0,-342.0,728.0,166.0,981.0,,-419.0
79.0,-98.0,,200.0,-278.0,982.0,198.0,1138.0,,-415.0
-57.0,-91.0,,217.0,-208.0,978.0,236.0,992.0,,-407.0
-15.0,-122.0,,198.0,-126.0,995.0,247.0,1182.0,,-376.0
-3.0,-186.0,,144.0,42.0,1078.0,245.0,1108.0,,-354.0
-126.0,20.0,,183.0,143.0,1168.0,279.0,1021.0,,-352.0
99.0,153.0,,194.0,239.0,1143.0,331.0,1018.0,,-351.0
-226.0,146.0,,169.0,394.0,1174.0,377.0,947.0,,-351.0
-52.0,277.0,,95.0,443.0,1269.0,403.0,1221.0,,-353.0
-180.0,500.0,,31.0,461.0,1302.0,402.0,1127.0,,-367.0
-2.0,535.0,,183.0,468.0,1249.0,395.0,1282.0,,-381.0
-43.0,362.0,,121.0,366.0,1070.0,401.0,1374.0,,-399.0
-154.0,428.0,,76.0,281.0,1075.0,414.0,1383.0,,-419.0
9.0,417.0,,186.0,185.0,1007.0,427.0,1576.0,,-430.0
-224.0,156.0,,205.0,84.0,703.0,449.0,1441.0,,-450.0
78.0,29.0,,125.0,122.0,431.0,482.0,1489.0,,-481.0
-71.0,-96.0,,130.0,118.0,349.0,506.0,1191.0,,-508.0
134.0,-89.0,,229.0,92.0,466.0,502.0,1064.0,,-547.0
101.0,-70.0,,205.0,141.0,542.0,503.0,1025.0,,-581.0
91.0,-81.0,,228.0,96.0,640.0,524.0,776.0,,-589.0
190.0,67.0,,228.0,95.0,773.0,542.0,788.0,,-582.0
19.0,211.0,,207.0,166.0,875.0,552.0,521.0,,-553.0
364.0,304.0,,150.0,149.0,993.0,554.0,558.0,,-503.0
215.0,226.0,,83.0,176.0,841.0,555.0,513.0,,-425.0
389.0,216.0,,59.0,179.0,512.0,556.0,533.0,,-336.0
279.0,286.0,,41.0,102.0,495.0,567.0,776.0,,-239.0
342.0,250.0,,34.0,110.0,486.0,574.0,801.0,,-143.0
377.0,102.0,,74.0,84.0,264.0,562.0,1082.0,,-74.0
237.0,-9.0,,232.0,-2.0,87.0,553.0,1080.0,,-28.0
479.0,148.0,,314.0,-44.0,89.0,525.0,1287.0,,-3.0
296.0,158.0,,331.0,-148.0,302.0,501.0,1472.0,,1.0
476.0,107.0,,328.0,-206.0,339.0,513.0,1585.0,,-2.0
305.0,146.0,,352.0,-180.0,302.0,512.0,1971.0,,-4.0
347.0,35.0,,356.0,-218.0,432.0,506.0,1965.0,,18.0
258.0,-41.0,,333.0,-186.0,568.0,491.0,2073.0,,61.0
163.0,-92.0,,299.0,-109.0,561.0,502.0,1880.0,,101.0
303.0,-58.0,,213.0,-91.0,336.0,560.0,1781.0,,155.0
72.0,39.0,,166.0,-11.0,246.0,585.0,1823.0,,235.0
228.0,95.0,,183.0,23.0,193.0,572.0,1633.0,,353.0
15.0,103.0,,215.0,-20.0,28.0,550.0,1827.0,,495.0
26.0,201.0,,218.0,0.0,-27.0,534.0,1868.0,,635.0
-52.0,386.0,,319.0,-3.0,34.0,544.0,2150.0,,784.0
-45.0,337.0,,359.0,16.0,147.0,546.0,2261.0,,935.0
68.0,239.0,,224.0,116.0,119.0,535.0,2206.0,,1091.0
-36.0,18.0,,125.0,133.0,160.0,535.0,2305.0,,1221.0
62.0,-260.0,,178.0,164.0,444.0,531.0,2058.0,,1322.0
-113.0,-445.0,,146.0,201.0,620.0,516.0,2008.0,,1401.0
-33.0,-653.0,,238.0,124.0,611.0,505.0,1714.0,,1438.0
-61.0,-672.0,,238.0,102.0,578.0,512.0,1607.0,,1463.0
-15.0,-558.0,,121.0,76.0,644.0,514.0,1581.0,,1466.0
-11.0,-421.0,,266.0,10.0,548.0,512.0,1400.0,,1459.0
-35.0,-302.0,,227.0,43.0,171.0,526.0,1500.0,,1452.0
53.0,36.0,,206.0,53.0,84.0,522.0,1300.0,,1438.0
-7.0,326.0,,158.0,72.0,386.0,522.0,1359.0,,1429.0
4.0,331.0,,166.0,172.0,633.0,535.0,1274.0,,1399.0
-40.0,312.0,,155.0,179.0,661.0,534.0,1125.0,,1352.0
82.0,236.0,,172.0,147.0,630.0,524.0,1104.0,,1308.0
51.0,156.0,,238.0,145.0,757.0,506.0,942.0,,1249.0
81.0,-29.0,,-13.0,103.0,842.0,497.0,1164.0,,1188.0
44.0,-71.0,,-31.0,105.0,596.0,476.0,1151.0,,1127.0
-32.0,16.0,,-84.0,94.0,298.0,445.0,1297.0,,1041.0
31.0,-27.0,,-154.0,18.0,336.0,467.0,1389.0,,948.0
60.0,-108.0,,-94.0,4.0,621.0,497.0,1374.0,,832.0
86.0,-10.0,,-162.0,-68.0,690.0,495.0,1559.0,,684.0
35.0,108.0,,-187.0,-197.0,521.0,486.0,1419.0,,514.0
156.0,75.0,,-170.0,-238.0,356.0,439.0,1607.0,,335.0
168.0,140.0,,-109.0,-320.0,139.0,389.0,1609.0,,158.0
140.0,157.0,,-107.0,-398.0,-127.0,371.0,1637.0,,2.0
101.0,225.0,,-35.0,-408.0,-375.0,372.0,1764.0,,-108.0
193.0,158.0,,24.0,-458.0,-535.0,384.0,1600.0,,-209.0
306.0,-38.0,,35.0,-430.0,-596.0,400.0,1635.0,,-290.0
338.0,-43.0,,44.0,-360.0,-459.0,403.0,1417.0,,-348.0
377.0,48.0,,-166.0,-319.0,-133.0,402.0,1535.0,,-401.0
315.0,69.0,,274.0,-197.0,190.0,411.0,1600.0,,-426.0
388.0,9.0,,456.0,-133.0,394.0,417.0,1552.0,,-434.0
473.0,67.0,,-386.0,-130.0,632.0,438.0,1648.0,,-416.0
554.0,79.0,,-304.0,-35.0,993.0,472.0,1367.0,,-380.0
505.0,68.0,,8.0,-10.0,1205.0,483.0,1435.0,,-347.0
617.0,-97.0,,-64.0,-24.0,1160.0,479.0,1332.0,,-320.0
696.0,-177.0,,31.0,31.0,905.0,464.0,1354.0,,-305.0
635.0,-60.0,,-259.0,20.0,811.0,461.0,1385.0,,-293.0
676.0,-120.0,,-301.0,27.0,880.0,495.0,1228.0,,-287.0
679.0,-150.0,,103.0,51.0,797.0,517.0,1382.0,,-288.0
794.0,9.0,,-64.0,-6.0,715.0,499.0,1114.0,,-272.0
780.0,305.0,,-366.0,-4.0,684.0,475.0,1018.0,,-237.0
837.0,344.0,,-136.0,4.0,730.0,462.0,803.0,,-190.0
798.0,257.0,,-201.0,-42.0,662.0,451.0,655.0,,-130.0
705.0,299.0,,-343.0,-12.0,424.0,435.0,772.0,,-67.0
792.0,323.0,,-249.0,25.0,304.0,436.0,709.0,,-6.0
796.0,275.0,,-384.0,58.0,180.0,442.0,988.0,,59.0
809.0,135.0,,-522.0,143.0,41.0,422.0,938.0,,109.0
767.0,139.0,,-332.0,124.0,-25.0,395.0,984.0,,148.0
788.0,179.0,,-129.0,76.0,-9.0,341.0,886.0,,193.0
751.0,140.0,,-242.0,45.0,63.0,297.0,624.0,,232.0
668.0,56.0,,-307.0,-86.0,102.0,294.0,692.0,,273.0
639.0,70.0,,-363.0,-148.0,223.0,309.0,495.0,,292.0
598.0,188.0,,-397.0,-129.0,323.0,324.0,594.0,,304.0
649.0,145.0,,-159.0,-115.0,293.0,311.0,554.0,,321.0
670.0,71.0,,-94.0,15.0,181.0,307.0,609.0,,330.0
623.0,56.0,,-391.0,178.0,83.0,305.0,715.0,,345.0
535.0,91.0,,-209.0,298.0,56.0,307.0,554.0,,352.0
526.0,55.0,,54.0,421.0,-159.0,316.0,700.0,,347.0
555.0,-19.0,,-247.0,430.0,-565.0,313.0,498.0,,344.0
508.0,-62.0,,-73.0,390.0,-767.0,308.0,443.0,,341.0
517.0,-141.0,,-83.0,384.0,-681.0,301.0,288.0,,333.0
569.0,-191.0,,-273.0,333.0,-595.0,288.0,11.0,,335.0
518.0,-246.0,,18.0,331.0,-573.0,266.0,-16.0,,323.0
468.0,-221.0,,-9.0,360.0,-518.0,266.0,-315.0,,300.0
492.0,-139.0,,-89.0,290.0,-474.0,282.0,-341.0,,288.0
483.0,-114.0,,-122.0,212.0,-488.0,284.0,-537.0,,267.0
450.0,-134.0,,85.0,141.0,-515.0,284.0,-578.0,,229.0
445.0,-77.0,,107.0,46.0,-433.0,257.0,-491.0,,159.0
467.0,-41.0,,80.0,29.0,-412.0,213.0,-548.0,,73.0
414.0,58.0,,103.0,47.0,-590.0,177.0,-290.0,,-14.0
398.0,204.0,,-84.0,72.0,-801.0,150.0,-363.0,,-111.0
418.0,164.0,,57.0,135.0,-884.0,143.0,-168.0,,-195.0
420.0,95.0,,-47.0,109.0,-830.0,124.0,40.0,,-258.0
448.0,3.0,,-21.0,26.0,-918.0,90.0,142.0,,-285.0
453.0,75.0,,29.0,5.0,-1062.0,49.0,295.0,,-276.0
491.0,80.0,,-250.0,-42.0,-990.0,49.0,136.0,,-239.0
467.0,-52.0,,-618.0,-111.0,-815.0,60.0,216.0,,-154.0
485.0,-82.0,,-342.0,-136.0,-842.0,51.0,-31.0,,-34.0
454.0,8.0,,-177.0,-158.0,-1018.0,31.0,-140.0,,98.0
382.0,32.0,,-460.0,-145.0,-936.0,-10.0,-169.0,,238.0
406.0,-172.0,,-52.0,-154.0,-641.0,-37.0,-286.0,,356.0
461.0,-177.0,,-336.0,-213.0,-501.0,-75.0,-107.0,,465.0
489.0,-216.0,,-623.0,-180.0,-788.0,-77.0,-195.0,,573.0
349.0,-343.0,,-195.0,-116.0,-1080.0,-73.0,20.0,,666.0
345.0,-450.0,,-113.0,-123.0,-1014.0,-107.0,36.0,,754.0
318.0,-482.0,,-485.0,-111.0,-989.0,-148.0,-7.0,,841.0
342.0,-367.0,,-328.0,-75.0,-1222.0,-190.0,64.0,,917.0
412.0,-396.0,,-94.0,-54.0,-1482.0,-194.0,-107.0,,978.0
349.0,-445.0,,-529.0,-12.0,-1443.0,-188.0,-66.0,,1028.0
330.0,-438.0,,-337.0,14.0,-1354.0,-190.0,-365.0,,1055.0
248.0,-299.0,,-183.0,34.0,-1318.0,-194.0,-432.0,,1075.0
343.0,-225.0,,-174.0,79.0,-1198.0,-216.0,-554.0,,1100.0
315.0,-218.0,,-98.0,62.0,-1113.0,-254.0,-794.0,,1127.0
301.0,-98.0,,-302.0,3.0,-888.0,-276.0,-807.0,,1166.0
382.0,-32.0,,-199.0,7.0,-654.0,-253.0,-1191.0,,1198.0
382.0,-49.0,,-95.0,-15.0,-584.0,-230.0,-1249.0,,1217.0
423.0,-90.0,,-57.0,-68.0,-578.0,-242.0,-1402.0,,1227.0
323.0,-83.0,,72.0,-56.0,-433.0,-266.0,-1426.0,,1215.0
364.0,-91.0,,44.0,-42.0,-70.0,-269.0,-1310.0,,1178.0
385.0,-204.0,,13.0,5.0,64.0,-258.0,-1398.0,,1128.0
395.0,-348.0,,51.0,45.0,-145.0,-244.0,-1160.0,,1073.0
405.0,-378.0,,0.0,-7.0,-265.0,-246.0,-1195.0,,1028.0
318.0,-276.0,,113.0,-21.0,-52.0,-276.0,-1010.0,,986.0
325.0,-163.0,,169.0,-15.0,214.0,-295.0,-997.0,,942.0
300.0,-123.0,,53.0,-67.0,341.0,-296.0,-1071.0,,888.0
227.0,19.0,,134.0,-94.0,657.0,-286.0,-846.0,,830.0
160.0,100.0,,109.0,-118.0,1116.0,-250.0,-1021.0,,785.0
162.0,40.0,,62.0,-151.0,1312.0,-224.0,-982.0,,732.0
90.0,58.0,,132.0,-126.0,1228.0,-194.0,-1095.0,,687.0
16.0,59.0,,20.0,-120.0,977.0,-176.0,-1056.0,,635.0
-28.0,29.0,,-87.0,-126.0,750.0,-185.0,-979.0,,610.0
-130.0,-169.0,,-76.0,-95.0,517.0,-168.0,-1069.0,,601.0
-164.0,-331.0,,-88.0,-134.0,85.0,-142.0,-883.0,,591.0
-179.0,-354.0,,-132.0,-185.0,-250.0,-134.0,-1080.0,,615.0
-168.0,-516.0,,-150.0,-168.0,-269.0,-134.0,-1042.0,,632.0
-203.0,-664.0,,-214.0,-148.0,-265.0,-131.0,-1042.0,,677.0
-256.0,-674.0,,-300.0,-84.0,-411.0,-155.0,-951.0,,743.0
-263.0,-610.0,,-221.0,15.0,-487.0,-177.0,-755.0,,811.0
-293.0,-693.0,,-85.0,54.0,-375.0,-154.0,-910.0,,881.0
-293.0,-736.0,,-96.0,79.0,-242.0,-114.0,-788.0,,927.0
-257.0,-572.0,,-128.0,89.0,-154.0,-121.0,-1010.0,,962.0
-236.0,-398.0,,-124.0,35.0,-68.0,-188.0,-1055.0,,965.0
-200.0,-200.0,,-209.0,18.0,29.0,-209.0,-1077.0,,933.0
-223.0,-27.0,,-245.0,-2.0,137.0,-185.0,-1119.0,,885.0
-209.0,253.0,,-185.0,-55.0,63.0,-155.0,-881.0,,833.0
-196.0,506.0,,-289.0,-19.0,-77.0,-131.0,-990.0,,770.0
-159.0,553.0,,-353.0,30.0,-150.0,-127.0,-800.0,,721.0
-24.0,503.0,,-382.0,47.0,-344.0,-134.0,-866.0,,674.0
-70.0,394.0,,-472.0,73.0,-582.0,-181.0,-910.0,,606.0
-22.0,370.0,,-432.0,37.0,-719.0,-239.0,-885.0,,540.0
-21.0,210.0,,-527.0,-21.0,-800.0,-253.0,-1049.0,,463.0
-22.0,-21.0,,-555.0,-27.0,-1081.0,-239.0,-914.0,,389.0
-24.0,-101.0,,-460.0,-56.0,-1439.0,-215.0,-1095.0,,315.0
-63.0,-114.0,,-446.0,-66.0,-1620.0,-186.0,-973.0,,235.0
45.0,-172.0,,-506.0,-4.0,-1586.0,-179.0,-951.0,,150.0
9.0,-243.0,,-519.0,17.0,-1479.0,-188.0,-1053.0,,45.0
59.0,-161.0,,-366.0,3.0,-1537.0,-230.0,-1012.0,,-70.0
-50.0,-63.0,,-328.0,-12.0,-1458.0,-257.0,-1141.0,,-191.0
-85.0,9.0,,-328.0,-48.0,-1105.0,-233.0,-829.0,,-312.0
-104.0,4.0,,-359.0,-88.0,-828.0,-206.0,-752.0,,-430.0
-136.0,18.0,,-387.0,-163.0,-948.0,-187.0,-607.0,,-535.0
-134.0,75.0,,-375.0,-264.0,-1164.0,-188.0,-517.0,,-611.0
-203.0,-2.0,,-407.0,-316.0,-1225.0,-177.0,-681.0,,-664.0
-192.0,-71.0,,-404.0,-341.0,-1189.0,-167.0,-731.0,,-697.0
-341.0,12.0,,-423.0,-397.0,-1066.0,-171.0,-1130.0,,-710.0
-322.0,125.0,,-403.0,-422.0,-1032.0,-157.0,-1176.0,,-714.0
-418.0,55.0,,-457.0,-398.0,-912.0,-172.0,-1306.0,,-690.0
-330.0,3.0,,-535.0,-361.0,-836.0,-187.0,-1443.0,,-643.0
-330.0,21.0,,-499.0,-274.0,-836.0,-194.0,-1328.0,,-605.0
-341.0,-48.0,,-545.0,-154.0,-840.0,-212.0,-1385.0,,-570.0
-330.0,-161.0,,-600.0,-34.0,-1060.0,-182.0,-1154.0,,-533.0
-492.0,-197.0,,-599.0,94.0,-1385.0,-172.0,-1182.0,,-495.0
-326.0,-167.0,,-619.0,167.0,-1588.0,-188.0,-1114.0,,-447.0
-326.0,-186.0,,-615.0,186.0,-1487.0,-199.0,-1106.0,,-378.0
-198.0,-254.0,,-643.0,209.0,-1442.0,-207.0,-1245.0,,-317.0
-281.0,-341.0,,-578.0,176.0,-1550.0,-183.0,-1084.0,,-264.0
-239.0,-342.0,,-516.0,113.0,-1489.0,-185.0,-1152.0,,-214.0
-193.0,-427.0,,-535.0,92.0,-1380.0,-194.0,-892.0,,-162.0
-267.0,-609.0,,-520.0,60.0,-1287.0,-202.0,-748.0,,-108.0
-154.0,-740.0,,-550.0,23.0,-1233.0,-194.0,-587.0,,-68.0
-223.0,-782.0,,-492.0,1.0,-1114.0,-169.0,-267.0,,-16.0
-102.0,-791.0,,-527.0,-47.0,-786.0,-146.0,-157.0,,33.0
-142.0,-881.0,,-553.0,-70.0,-614.0,-110.0,206.0,,57.0
-66.0,-835.0,,-469.0,-43.0,-816.0,-110.0,184.0,,67.0
-66.0,-749.0,,-448.0,-15.0,-1112.0,-132.0,229.0,,44.0
-105.0,-686.0,,-392.0,45.0,-1356.0,-138.0,110.0,,8.0
-53.0,-570.0,,-363.0,123.0,-1506.0,-121.0,-81.0,,-13.0
-91.0,-378.0,,-342.0,148.0,-1565.0,-119.0,44.0,,-19.0
-22.0,-91.0,,-273.0,164.0,-1542.0,-105.0,-118.0,,-25.0
-36.0,76.0,,-237.0,177.0,-1249.0,-95.0,81.0,,-36.0
36.0,198.0,,-311.0,155.0,-776.0,-133.0,155.0,,-46.0
-19.0,298.0,,-228.0,153.0,-410.0,-160.0,319.0,,-72.0
-48.0,384.0,,-222.0,152.0,-388.0,-206.0,441.0,,-103.0
4.0,339.0,,-328.0,120.0,-586.0,-245.0,253.0,,-135.0
10.0,170.0,,-317.0,93.0,-721.0,-223.0,293.0,,-172.0
22.0,153.0,,-439.0,38.0,-810.0,-202.0,24.0,,-208.0
17.0,171.0,,-401.0,-45.0,-984.0,-196.0,120.0,,-233.0
0.0,163.0,,-323.0,-85.0,-1340.0,-224.0,101.0,,-254.0
-78.0,197.0,,-413.0,-95.0,-1462.0,-266.0,49.0,,-291.0
-76.0,304.0,,-416.0,-88.0,-1277.0,-290.0,236.0,,-332.0
-35.0,307.0,,-381.0,-25.0,-1156.0,-292.0,64.0,,-372.0
10.0,207.0,,-463.0,28.0,-1145.0,-272.0,138.0,,-400.0
-8.0,128.0,,-491.0,67.0,-1026.0,-263.0,-86.0,,-422.0
-59.0,102.0,,-273.0,144.0,-639.0,-272.0,-179.0,,-435.0
-41.0,174.0,,-290.0,208.0,-400.0,-305.0,-227.0,,-450.0
-7.0,144.0,,-337.0,250.0,-513.0,-317.0,-341.0,,-482.0
-25.0,128.0,,-157.0,283.0,-684.0,-333.0,-168.0,,-529.0
-32.0,159.0,,-207.0,254.0,-588.0,-370.0,-304.0,,-602.0
-2.0,148.0,,-73.0,185.0,-487.0,-382.0,-127.0,,-684.0
73.0,125.0,,60.0,128.0,-759.0,-397.0,-184.0,,-787.0
71.0,44.0,,18.0,23.0,-1005.0,-389.0,-168.0,,-904.0
3.0,-15.0,,170.0,-84.0,-854.0,-403.0,66.0,,-1026.0
37.0,-53.0,,173.0,-140.0,-529.0,-438.0,36.0,,-1148.0
62.0,-113.0,,115.0,-198.0,-337.0,-459.0,301.0,,-1244.0
188.0,-126.0,,174.0,-207.0,-139.0,-462.0,317.0,,-1330.0
167.0,-9.0,,190.0,-182.0,82.0,-437.0,583.0,,-1386.0
191.0,43.0,,141.0,-182.0,200.0,-439.0,715.0,,-1394.0
244.0,17.0,,201.0,-156.0,118.0,-445.0,678.0,,-1371.0
175.0,38.0,,213.0,-146.0,-106.0,-453.0,776.0,,-1326.0
210.0,85.0,,145.0,-208.0,-252.0,-460.0,515.0,,-1255.0
141.0,133.0,,178.0,-235.0,-413.0,-464.0,620.0,,-1171.0
272.0,118.0,,233.0,-244.0,-551.0,-456.0,556.0,,-1085.0
237.0,153.0,,307.0,-294.0,-447.0,-431.0,633.0,,-991.0
189.0,208.0,,325.0,-286.0,-168.0,-419.0,733.0,,-902.0
177.0,195.0,,385.0,-273.0,19.0,-402.0,611.0,,-826.0
93.0,174.0,,387.0,-269.0,220.0,-420.0,737.0,,-755.0
197.0,215.0,,324.0,-185.0,530.0,-453.0,436.0,,-686.0
144.0,315.0,,273.0,-108.0,589.0,-480.0,452.0,,-620.0
214.0,364.0,,157.0,-43.0,227.0,-492.0,522.0,,-557.0
130.0,376.0,,162.0,51.0,-18.0,-497.0,689.0,,-505.0
154.0,403.0,,227.0,120.0,205.0,-509.0,1023.0,,-439.0
168.0,409.0,,206.0,181.0,283.0,-510.0,881.0,,-381.0
76.0,326.0,,88.0,253.0,181.0,-517.0,973.0,,-368.0
62.0,113.0,,-13.0,260.0,285.0,-497.0,862.0,,-370.0
-22.0,-96.0,,-26.0,243.0,490.0,-479.0,807.0,,-410.0
76.0,-200.0,,-24.0,249.0,734.0,-465.0,740.0,,-477.0
-47.0,-333.0,,-127.0,210.0,915.0,-427.0,565.0,,-551.0
-40.0,-441.0,,-221.0,201.0,1024.0,-404.0,663.0,,-642.0
-139.0,-438.0,,-148.0,225.0,1143.0,-409.0,495.0,,-724.0
-182.0,-391.0,,-94.0,206.0,1198.0,-444.0,596.0,,-815.0
-169.0,-357.0,,-128.0,207.0,1231.0,-469.0,545.0,,-911.0
-255.0,-312.0,,-218.0,188.0,1318.0,-475.0,485.0,,-1003.0
-215.0,-191.0,,-122.0,93.0,1376.0,-479.0,622.0,,-1115.0
-347.0,-29.0,,35.0,10.0,1416.0,-486.0,548.0,,-1254.0
-285.0,57.0,,20.0,-66.0,1527.0,-503.0,772.0,,-1417.0
-440.0,85.0,,74.0,-165.0,1679.0,-547.0,676.0,,-1578.0
-418.0,186.0,,155.0,-217.0,1853.0,-586.0,685.0,,-1732.0
-503.0,248.0,,238.0,-244.0,2148.0,-589.0,716.0,,-1866.0
-536.0,281.0,,266.0,-275.0,2471.0,-569.0,591.0,,-1977.0
-461.0,173.0,,206.0,-250.0,2739.0,-542.0,672.0,,-2048.0
-637.0,-26.0,,244.0,-212.0,2955.0,-543.0,430.0,,-2070.0
-551.0,-105.0,,257.0,-176.0,3075.0,-587.0,445.0,,-2059.0
-748.0,-163.0,,149.0,-106.0,3228.0,-628.0,286.0,,-2007.0
-646.0,-136.0,,153.0,-45.0,3296.0,-645.0,199.0,,-1938.0
-729.0,-80.0,,162.0,4.0,3123.0,-648.0,282.0,,-1837.0
-682.0,7.0,,59.0,62.0,2825.0,-629.0,112.0,,-1714.0
-641.0,28.0,,31.0,66.0,2656.0,-640.0,310.0,,-1553.0
-806.0,9.0,,-130.0,17.0,2797.0,-637.0,279.0,,-1349.0
-670.0,98.0,,-249.0,-9.0,2879.0,-635.0,412.0,,-1132.0
-880.0,246.0,,-273.0,-35.0,2739.0,-663.0,454.0,,-887.0
-737.0,406.0,,-381.0,-59.0,2750.0,-668.0,360.0,,-668.0
-798.0,443.0,,-397.0,-59.0,2917.0,-684.0,491.0,,-478.0
-669.0,477.0,,-404.0,-69.0,2934.0,-670.0,301.0,,-321.0
-683.0,498.0,,-489.0,-46.0,2637.0,-615.0,419.0,,-209.0
-753.0,434.0,,-579.0,28.0,2471.0,-565.0,378.0,,-132.0
-625.0,305.0,,-517.0,68.0,2702.0,-551.0,502.0,,-89.0
-802.0,191.0,,-468.0,69.0,2938.0,-571.0,718.0,,-57.0
-550.0,57.0,,-380.0,62.0,2927.0,-571.0,681.0,,-56.0
-728.0,-135.0,,-260.0,14.0,2691.0,-552.0,946.0,,-72.0
-562.0,-218.0,,-274.0,-50.0,2509.0,-536.0,835.0,,-104.0
-607.0,-241.0,,-289.0,-105.0,2406.0,-536.0,921.0,,-157.0
-665.0,-218.0,,-249.0,-174.0,2377.0,-546.0,896.0,,-214.0
-513.0,-220.0,,-181.0,-209.0,2487.0,-551.0,866.0,,-271.0
-777.0,-219.0,,-210.0,-202.0,2587.0,-570.0,1045.0,,-306.0
-545.0,-172.0,,-164.0,-209.0,2608.0,-603.0,864.0,,-331.0
-720.0,-119.0,,-38.0,-201.0,2611.0,-600.0,966.0,,-341.0
-561.0,-50.0,,-17.0,-183.0,2667.0,-579.0,740.0,,-344.0
-672.0,-5.0,,-10.0,-199.0,2445.0,-576.0,624.0,,-351.0
-733.0,87.0,,0.0,-196.0,2031.0,-589.0,548.0,,-365.0
-601.0,160.0,,-55.0,-180.0,1925.0,-610.0,367.0,,-402.0
-788.0,246.0,,-111.0,-197.0,1992.0,-603.0,424.0,,-442.0
-604.0,313.0,,-35.0,-188.0,1867.0,-576.0,96.0,,-479.0
-856.0,344.0,,75.0,-167.0,1494.0,-523.0,142.0,,-506.0
-627.0,413.0,,32.0,-175.0,1245.0,-481.0,5.0,,-508.0
-757.0,380.0,,29.0,-139.0,1262.0,-480.0,-160.0,,-490.0
-760.0,375.0,,137.0,-74.0,1213.0,-483.0,-151.0,,-444.0
-767.0,399.0,,176.0,-31.0,1040.0,-467.0,-327.0,,-375.0
-864.0,409.0,,118.0,34.0,1041.0,-433.0,-221.0,,-292.0
-564.0,356.0,,65.0,93.0,1419.0,-404.0,-519.0,,-203.0
-748.0,268.0,,38.0,123.0,1702.0,-352.0,-585.0,,-111.0
-560.0,259.0,,2.0,185.0,1493.0,-330.0,-591.0,,-11.0
-800.0,197.0,,31.0,212.0,1280.0,-328.0,-635.0,,93.0
-622.0,204.0,,43.0,174.0,1413.0,-296.0,-460.0,,191.0
-668.0,249.0,,63.0,159.0,1571.0,-294.0,-572.0,,268.0
-707.0,306.0,,38.0,126.0,1455.0,-305.0,-391.0,,314.0
-624.0,359.0,,-26.0,83.0,1206.0,-325.0,-454.0,,335.0
-751.0,345.0,,-103.0,101.0,1108.0,-315.0,-495.0,,339.0
-514.0,406.0,,-249.0,98.0,1047.0,-277.0,-508.0,,303.0
-791.0,464.0,,-223.0,88.0,682.0,-249.0,-685.0,,261.0
-605.0,413.0,,-105.0,132.0,233.0,-231.0,-500.0,,204.0
-846.0,329.0,,-32.0,143.0,8.0,-247.0,-541.0,,120.0
-728.0,304.0,,-39.0,142.0,100.0,-252.0,-330.0,,24.0
-692.0,269.0,,-31.0,184.0,308.0,-242.0,-219.0,,-88.0
-666.0,345.0,,63.0,208.0,363.0,-218.0,-269.0,,-194.0
-559.0,346.0,,-36.0,241.0,528.0,-183.0,-247.0,,-290.0
-785.0,250.0,,107.0,295.0,728.0,-145.0,-522.0,,-359.0
-546.0,254.0,,301.0,278.0,904.0,-110.0,-522.0,,-400.0
-753.0,110.0,,218.0,223.0,1123.0,-90.0,-681.0,,-422.0
-509.0,11.0,,301.0,166.0,1106.0,-74.0,-606.0,,-420.0
-636.0,-76.0,,290.0,75.0,986.0,-81.0,-413.0,,-402.0
-540.0,-171.0,,204.0,30.0,935.0,-72.0,-441.0,,-377.0
-555.0,-197.0,,94.0,30.0,843.0,-63.0,-376.0,,-361.0
-613.0,-322.0,,46.0,2.0,607.0,-71.0,-689.0,,-351.0
-572.0,-375.0,,-27.0,3.0,152.0,-50.0,-792.0,,-351.0
-766.0,-267.0,,-133.0,6.0,-136.0,-5.0,-979.0,,-362.0
-479.0,-86.0,,-200.0,-42.0,27.0,44.0,-1051.0,,-377.0
-663.0,-60.0,,-290.0,-82.0,158.0,64.0,-912.0,,-379.0
-531.0,-62.0,,-236.0,-129.0,79.0,70.0,-995.0,,-373.0
-727.0,27.0,,-272.0,-190.0,-12.0,65.0,-772.0,,-347.0
-577.0,55.0,,-213.0,-185.0,105.0,77.0,-861.0,,-288.0
-553.0,94.0,,-171.0,-145.0,352.0,129.0,-925.0,,-220.0
-679.0,71.0,,-122.0,-110.0,334.0,185.0,-1049.0,,-144.0
-571.0,-24.0,,107.0,-42.0,102.0,225.0,-1263.0,,-59.0
-668.0,-66.0,,192.0,16.0,-89.0,232.0,-1114.0,,26.0
-437.0,-12.0,,227.0,52.0,10.0,249.0,-1176.0,,103.0
-650.0,25.0,,282.0,103.0,116.0,277.0,-1075.0,,161.0
-518.0,111.0,,275.0,110.0,70.0,296.0,-1249.0,,210.0
-655.0,260.0,,304.0,82.0,267.0,328.0,-1437.0,,237.0
-533.0,316.0,,422.0,75.0,636.0,365.0,-1478.0,,243.0
-508.0,303.0,,451.0,69.0,824.0,397.0,-1666.0,,239.0
-637.0,226.0,,424.0,91.0,806.0,424.0,-1441.0,,221.0
-585.0,195.0,,421.0,140.0,807.0,445.0,-1415.0,,195.0
-769.0,79.0,,390.0,149.0,727.0,456.0,-1225.0,,187.0
-548.0,-101.0,,318.0,145.0,594.0,469.0,-1106.0,,181.0
-770.0,-171.0,,295.0,147.0,453.0,492.0,-1184.0,,168.0
-650.0,-148.0,,370.0,109.0,267.0,497.0,-1112.0,,168.0
-688.0,2.0,,406.0,84.0,100.0,474.0,-1321.0,,149.0
-595.0,72.0,,458.0,93.0,21.0,461.0,-1261.0,,129.0
-512.0,124.0,,512.0,69.0,136.0,472.0,-1494.0,,98.0
-692.0,183.0,,525.0,46.0,277.0,489.0,-1661.0,,67.0
-553.0,79.0,,572.0,18.0,331.0,502.0,-1679.0,,43.0
-628.0,-69.0,,590.0,-46.0,334.0,517.0,-1860.0,,15.0
-413.0,-192.0,,615.0,-75.0,482.0,525.0,-1736.0,,15.0
-517.0,-220.0,,614.0,-86.0,628.0,510.0,-1930.0,,14.0
-453.0,-188.0,,504.0,-126.0,502.0,484.0,-1836.0,,38.0
-414.0,-192.0,,492.0,-133.0,336.0,465.0,-1842.0,,76.0
-407.0,-166.0,,588.0,-124.0,442.0,440.0,-1936.0,,121.0
-372.0,-124.0,,473.0,-133.0,721.0,435.0,-1760.0,,167.0
-448.0,-100.0,,359.0,-107.0,623.0,472.0,-1818.0,,181.0
-310.0,-201.0,,382.0,-93.0,286.0,488.0,-1603.0,,198.0
-376.0,-352.0,,341.0,-102.0,265.0,473.0,-1668.0,,198.0
-291.0,-392.0,,321.0,-113.0,342.0,459.0,-1540.0,,200.0
-395.0,-451.0,,179.0,-172.0,93.0,431.0,-1330.0,,185.0
-404.0,-502.0,,69.0,-226.0,-295.0,403.0,-1215.0,,150.0
-474.0,-580.0,,55.0,-224.0,-399.0,405.0,-859.0,,108.0
-429.0,-658.0,,64.0,-234.0,-321.0,405.0,-872.0,,29.0
-335.0,-687.0,,57.0,-220.0,-442.0,394.0,-637.0,,-67.0
-417.0,-669.0,,27.0,-145.0,-690.0,362.0,-713.0,,-198.0
-393.0,-523.0,,110.0,-86.0,-797.0,311.0,-833.0,,-341.0
-520.0,-334.0,,97.0,-20.0,-687.0,278.0,-816.0,,-488.0
-438.0,-124.0,,89.0,55.0,-465.0,241.0,-986.0,,-640.0
-467.0,-5.0,,152.0,78.0,-242.0,192.0,-776.0,,-779.0
-405.0,65.0,,193.0,101.0,98.0,156.0,-885.0,,-913.0
-405.0,157.0,,136.0,113.0,331.0,140.0,-894.0,,-1036.0
-350.0,193.0,,144.0,62.0,396.0,121.0,-1040.0,,-1127.0
-308.0,228.0,,166.0,20.0,603.0,119.0,-1149.0,,-1178.0
-425.0,206.0,,176.0,-8.0,643.0,145.0,-1069.0,,-1207.0
-409.0,175.0,,291.0,-73.0,408.0,158.0,-1378.0,,-1181.0
-408.0,95.0,,210.0,-97.0,198.0,148.0,-1348.0,,-1124.0
-240.0,-74.0,,248.0,-99.0,105.0,115.0,-1502.0,,-1049.0
-316.0,-133.0,,331.0,-117.0,87.0,73.0,-1439.0,,-937.0
-316.0,-166.0,,182.0,-87.0,-52.0,28.0,-1383.0,,-814.0
-299.0,-213.0,,95.0,-46.0,-190.0,-3.0,-1598.0,,-679.0
-270.0,-259.0,,157.0,-1.0,-135.0,0.0,-1509.0,,-531.0
-221.0,-151.0,,228.0,83.0,-114.0,-18.0,-1747.0,,-367.0
-263.0,7.0,,157.0,136.0,-175.0,-63.0,-1738.0,,-207.0
-186.0,-41.0,,166.0,162.0,-286.0,-95.0,-1829.0,,-59.0
-176.0,0.0,,265.0,197.0,-316.0,-122.0,-1897.0,,82.0
-109.0,176.0,,241.0,184.0,-66.0,-126.0,-1781.0,,216.0
-208.0,312.0,,204.0,155.0,135.0,-127.0,-1884.0,,327.0
-188.0,352.0,,205.0,169.0,22.0,-135.0,-1627.0,,407.0
-157.0,436.0,,220.0,165.0,-194.0,-146.0,-1649.0,,460.0
-149.0,499.0,,219.0,160.0,-105.0,-185.0,-1572.0,,486.0
-119.0,588.0,,235.0,181.0,80.0,-231.0,-1492.0,,493.0
-207.0,641.0,,186.0,168.0,-118.0,-263.0,-1487.0,,466.0
-143.0,544.0,,125.0,185.0,-329.0,-285.0,-1165.0,,406.0
-152.0,513.0,,115.0,246.0,-371.0,-292.0,-1223.0,,311.0
-131.0,382.0,,0.0,266.0,-574.0,-314.0,-1025.0,,202.0
-172.0,312.0,,43.0,313.0,-982.0,-359.0,-1003.0,,86.0
-172.0,225.0,,8.0,357.0,-1281.0,-391.0,-1047.0,,-35.0
-127.0,189.0,,-62.0,291.0,-1294.0,-425.0,-921.0,,-149.0
-169.0,242.0,,119.0,209.0,-1155.0,-442.0,-1034.0,,-243.0
-114.0,57.0,,138.0,143.0,-976.0,-451.0,-942.0,,-318.0
-161.0,-177.0,,116.0,71.0,-700.0,-459.0,-1186.0,,-369.0
-126.0,-199.0,,200.0,66.0,-304.0,-455.0,-1191.0,,-383.0
-137.0,-159.0,,314.0,41.0,-83.0,-459.0,-1156.0,,-372.0
-64.0,-355.0,,370.0,-34.0,162.0,-467.0,-1195.0,,-331.0
61.0,-438.0,,417.0,-46.0,416.0,-483.0,-955.0,,-266.0
14.0,-498.0,,448.0,-62.0,239.0,-453.0,-918.0,,-177.0
71.0,-507.0,,346.0,-81.0,-38.0,-433.0,-641.0,,-82.0
12.0,-570.0,,385.0,-33.0,-181.0,-419.0,-727.0,,7.0
131.0,-638.0,,449.0,-23.0,-141.0,-397.0,-716.0,,96.0
157.0,-460.0,,463.0,-17.0,-160.0,-420.0,-578.0,,176.0
231.0,-468.0,,504.0,45.0,-456.0,-445.0,-615.0,,261.0
336.0,-411.0,,499.0,62.0,-416.0,-478.0,-354.0,,337.0
329.0,-404.0,,462.0,70.0,37.0,-477.0,-373.0,,418.0
414.0,-321.0,,360.0,81.0,304.0,-459.0,-162.0,,486.0
326.0,-200.0,,335.0,22.0,258.0,-439.0,-181.0,,535.0
474.0,-302.0,,293.0,24.0,277.0,-420.0,-306.0,,567.0
470.0,-309.0,,266.0,63.0,532.0,-416.0,-327.0,,565.0
635.0,-299.0,,301.0,41.0,630.0,-391.0,-567.0,,538.0
577.0,-277.0,,235.0,64.0,373.0,-383.0,-495.0,,481.0
602.0,-319.0,,245.0,81.0,219.0,-352.0,-770.0,,415.0
693.0,-311.0,,180.0,57.0,355.0,-315.0,-707.0,,348.0
575.0,-373.0,,64.0,74.0,462.0,-327.0,-559.0,,294.0
683.0,-416.0,,107.0,63.0,485.0,-340.0,-620.0,,281.0
443.0,-284.0,,141.0,58.0,475.0,-359.0,-437.0,,284.0
634.0,-205.0,,173.0,115.0,521.0,-394.0,-587.0,,303.0
465.0,-25.0,,152.0,107.0,686.0,-425.0,-428.0,,323.0
511.0,88.0,,62.0,87.0,761.0,-440.0,-439.0,,332.0
409.0,17.0,,109.0,109.0,707.0,-423.0,-461.0,,334.0
250.0,-30.0,,291.0,74.0,713.0,-386.0,-393.0,,327.0
366.0,35.0,,289.0,58.0,724.0,-356.0,-558.0,,310.0
125.0,155.0,,207.0,80.0,697.0,-343.0,-415.0,,275.0
350.0,99.0,,252.0,56.0,795.0,-342.0,-570.0,,243.0
51.0,-59.0,,280.0,50.0,801.0,-316.0,-613.0,,224.0
167.0,-106.0,,276.0,26.0,634.0,-278.0,-774.0,,205.0
71.0,-164.0,,245.0,-44.0,539.0,-257.0,-888.0,,199.0
137.0,-105.0,,301.0,-73.0,564.0,-250.0,-691.0,,202.0
175.0,52.0,,314.0,-124.0,527.0,-269.0,-844.0,,193.0
41.0,142.0,,274.0,-210.0,492.0,-258.0,-683.0,,191.0
263.0,193.0,,238.0,-223.0,661.0,-241.0,-679.0,,194.0
20.0,202.0,,232.0,-222.0,918.0,-224.0,-589.0,,190.0
307.0,282.0,,300.0,-222.0,1078.0,-198.0,-526.0,,183.0
130.0,293.0,,305.0,-197.0,986.0,-186.0,-709.0,,176.0
315.0,313.0,,390.0,-262.0,916.0,-152.0,-434.0,,159.0
259.0,291.0,,439.0,-325.0,948.0,-123.0,-347.0,,124.0
307.0,243.0,,451.0,-311.0,738.0,-91.0,-25.0,,92.0
516.0,196.0,,550.0,-302.0,248.0,-77.0,131.0,,68.0
341.0,30.0,,607.0,-223.0,-198.0,-70.0,203.0,,48.0
634.0,37.0,,719.0,-121.0,-397.0,-36.0,389.0,,42.0
457.0,-59.0,,748.0,-76.0,-606.0,6.0,186.0,,37.0
672.0,-261.0,,707.0,0.0,-942.0,74.0,327.0,,27.0
546.0,-427.0,,750.0,68.0,-1190.0,122.0,229.0,,35.0
709.0,-518.0,,758.0,78.0,-1051.0,133.0,373.0,,39.0
784.0,-354.0,,713.0,98.0,-754.0,138.0,565.0,,37.0
707.0,-124.0,,645.0,74.0,-704.0,141.0,561.0,,35.0
882.0,-91.0,,698.0,28.0,-758.0,144.0,855.0,,34.0
724.0,-323.0,,629.0,68.0,-733.0,165.0,726.0,,57.0
936.0,-353.0,,531.0,64.0,-764.0,176.0,831.0,,93.0
799.0,-153.0,,550.0,19.0,-1052.0,174.0,779.0,,159.0
974.0,96.0,,467.0,27.0,-1494.0,193.0,709.0,,245.0
844.0,75.0,,441.0,-1.0,-1855.0,211.0,801.0,,342.0
811.0,-215.0,,452.0,-52.0,-1984.0,238.0,691.0,,445.0
849.0,-223.0,,394.0,-81.0,-1974.0,247.0,873.0,,531.0
745.0,-197.0,,324.0,-123.0,-1996.0,233.0,661.0,,602.0
939.0,-185.0,,314.0,-126.0,-1988.0,230.0,559.0,,629.0
773.0,-81.0,,277.0,-133.0,-2003.0,227.0,410.0,,622.0
912.0,-6.0,,279.0,-202.0,-1915.0,247.0,168.0,,587.0
793.0,3.0,,281.0,-217.0,-1679.0,265.0,234.0,,527.0
818.0,-6.0,,226.0,-194.0,-1669.0,260.0,14.0,,465.0
760.0,131.0,,170.0,-195.0,-1786.0,280.0,127.0,,411.0
730.0,354.0,,171.0,-152.0,-1780.0,306.0,105.0,,370.0
836.0,476.0,,227.0,-125.0,-1694.0,311.0,158.0,,351.0
723.0,387.0,,129.0,-142.0,-1741.0,316.0,436.0,,336.0
841.0,188.0,,55.0,-134.0,-1997.0,316.0,533.0,,350.0
725.0,137.0,,141.0,-134.0,-2176.0,316.0,859.0,,399.0
802.0,209.0,,137.0,-119.0,-2238.0,296.0,855.0,,460.0
747.0,172.0,,114.0,-50.0,-2448.0,255.0,1091.0,,531.0
779.0,88.0,,179.0,-6.0,-2805.0,249.0,1212.0,,593.0
816.0,2.0,,149.0,36.0,-3051.0,252.0,1110.0,,663.0
782.0,-141.0,,227.0,116.0,-3081.0,238.0,1197.0,,738.0
799.0,-337.0,,330.0,128.0,-2896.0,226.0,988.0,,805.0
667.0,-362.0,,281.0,97.0,-2727.0,221.0,1125.0,,851.0
750.0,-257.0,,228.0,89.0,-2683.0,213.0,1110.0,,857.0
633.0,-257.0,,344.0,52.0,-2589.0,222.0,1223.0,,835.0
656.0,-324.0,,370.0,59.0,-2491.0,229.0,1372.0,,775.0
610.0,-242.0,,201.0,113.0,-2416.0,227.0,1252.0,,703.0
610.0,78.0,,293.0,134.0,-2430.0,256.0,1385.0,,619.0
553.0,172.0,,313.0,177.0,-2673.0,288.0,1225.0,,530.0
412.0,231.0,,231.0,204.0,-2919.0,324.0,1345.0,,465.0
469.0,287.0,,283.0,184.0,-3009.0,356.0,1365.0,,401.0
385.0,139.0,,224.0,200.0,-3060.0,377.0,1450.0,,347.0
442.0,95.0,,86.0,203.0,-3116.0,402.0,1714.0,,288.0
321.0,133.0,,22.0,148.0,-3146.0,409.0,1576.0,,235.0
336.0,67.0,,7.0,104.0,-3019.0,426.0,1677.0,,194.0
316.0,-116.0,,-65.0,50.0,-2882.0,456.0,1459.0,,139.0
289.0,-197.0,,-125.0,-7.0,-2763.0,467.0,1365.0,,83.0
273.0,-219.0,,-149.0,-27.0,-2579.0,482.0,1426.0,,46.0
134.0,-125.0,,-148.0,-63.0,-2372.0,484.0,1513.0,,24.0
242.0,-122.0,,-119.0,-92.0,-2155.0,478.0,1855.0,,14.0
207.0,-181.0,,-147.0,-70.0,-1969.0,508.0,1740.0,,28.0
273.0,-131.0,,-105.0,-76.0,-1766.0,542.0,1799.0,,47.0
212.0,-149.0,,-114.0,-75.0,-1787.0,597.0,1694.0,,75.0
251.0,-294.0,,-252.0,-42.0,-1803.0,653.0,1555.0,,122.0
311.0,-389.0,,-228.0,-74.0,-1632.0,656.0,1535.0,,173.0
338.0,-129.0,,-198.0,-124.0,-1683.0,677.0,1324.0,,228.0
482.0,-124.0,,-210.0,-166.0,-1946.0,683.0,1474.0,,278.0
425.0,-142.0,,-320.0,-228.0,-2067.0,666.0,1354.0,,341.0
558.0,93.0,,-411.0,-239.0,-1898.0,681.0,1326.0,,396.0
543.0,138.0,,-362.0,-219.0,-1756.0,688.0,1280.0,,447.0
620.0,273.0,,-406.0,-205.0,-1756.0,703.0,1167.0,,506.0
659.0,378.0,,-350.0,-152.0,-1675.0,710.0,1389.0,,553.0
744.0,238.0,,-346.0,-135.0,-1430.0,714.0,1389.0,,604.0
880.0,202.0,,-314.0,-149.0,-1217.0,714.0,1622.0,,639.0
842.0,347.0,,-208.0,-84.0,-1301.0,709.0,1590.0,,650.0
1008.0,359.0,,-253.0,-30.0,-1563.0,693.0,1533.0,,636.0
958.0,470.0,,-218.0,1.0,-1578.0,668.0,1563.0,,602.0
996.0,559.0,,-228.0,61.0,-1504.0,680.0,1308.0,,546.0
993.0,497.0,,-240.0,70.0,-1632.0,688.0,1369.0,,469.0
1121.0,440.0,,-171.0,77.0,-1812.0,722.0,1217.0,,378.0
1181.0,117.0,,-219.0,136.0,-1830.0,755.0,1339.0,,287.0
1077.0,-57.0,,-297.0,191.0,-1690.0,758.0,1407.0,,220.0
1191.0,-159.0,,-244.0,246.0,-1679.0,788.0,1328.0,,169.0
1147.0,-667.0,,-179.0,277.0,-1701.0,780.0,1470.0,,163.0
1221.0,-933.0,,-159.0,225.0,-1671.0,771.0,1261.0,,181.0
1193.0,-704.0,,-216.0,157.0,-1508.0,784.0,1369.0,,223.0
1275.0,-500.0,,-339.0,92.0,-1374.0,797.0,1265.0,,300.0
1315.0,-305.0,,-250.0,1.0,-1386.0,825.0,1234.0,,382.0
1356.0,-66.0,,-314.0,-44.0,-1262.0,832.0,1326.0,,481.0
1426.0,119.0,,-480.0,-57.0,-1193.0,833.0,1201.0,,579.0
1312.0,305.0,,-473.0,-83.0,-1183.0,836.0,1489.0,,667.0
1392.0,411.0,,-533.0,-77.0,-1073.0,824.0,1577.0,,736.0
1403.0,479.0,,-562.0,-78.0,-782.0,818.0,1860.0,,795.0
1521.0,376.0,,-592.0,-105.0,-613.0,802.0,1923.0,,815.0
1469.0,138.0,,-497.0,-103.0,-671.0,792.0,1890.0,,797.0
1438.0,-76.0,,-465.0,-121.0,-544.0,809.0,2067.0,,770.0
1466.0,-248.0,,-528.0,-137.0,-262.0,811.0,1910.0,,722.0
1369.0,-245.0,,-436.0,-103.0,-49.0,791.0,2098.0,,683.0
1320.0,-152.0,,-459.0,-99.0,4.0,765.0,1986.0,,645.0
1179.0,-105.0,,-481.0,-100.0,190.0,751.0,2019.0,,606.0
1192.0,-251.0,,-507.0,-95.0,452.0,744.0,2135.0,,573.0
1100.0,-329.0,,-449.0,-143.0,490.0,738.0,2086.0,,540.0
1045.0,-169.0,,-368.0,-168.0,299.0,726.0,2320.0,,497.0
953.0,37.0,,-522.0,-169.0,204.0,705.0,2124.0,,442.0
831.0,151.0,,-550.0,-198.0,346.0,677.0,2126.0,,389.0
805.0,197.0,,-574.0,-189.0,364.0,632.0,1873.0,,334.0
693.0,320.0,,-670.0,-165.0,202.0,599.0,1655.0,,287.0
619.0,491.0,,-625.0,-149.0,81.0,586.0,1629.0,,234.0
493.0,759.0,,-543.0,-62.0,220.0,579.0,1491.0,,180.0
456.0,902.0,,-506.0,20.0,303.0,550.0,1773.0,,130.0
296.0,913.0,,-560.0,79.0,154.0,519.0,1659.0,,75.0
137.0,714.0,,-501.0,169.0,31.0,502.0,1764.0,,2.0
123.0,363.0,,-435.0,201.0,225.0,478.0,1638.0,,-76.0
58.0,299.0,,-448.0,199.0,475.0,465.0,1295.0,,-144.0
-15.0,319.0,,-380.0,240.0,508.0,464.0,1199.0,,-206.0
-98.0,172.0,,-398.0,255.0,582.0,465.0,824.0,,-250.0
-120.0,-15.0,,-449.0,271.0,573.0,473.0,848.0,,-274.0
-235.0,-15.0,,-512.0,303.0,616.0,493.0,622.0,,-284.0
-263.0,8.0,,-616.0,267.0,473.0,490.0,615.0,,-276.0
-224.0,67.0,,-643.0,240.0,287.0,446.0,776.0,,-266.0
-234.0,76.0,,-577.0,240.0,269.0,381.0,774.0,,-270.0
-219.0,7.0,,-528.0,195.0,103.0,324.0,1014.0,,-298.0
-215.0,-17.0,,-590.0,159.0,75.0,282.0,897.0,,-354.0
-152.0,-182.0,,-544.0,103.0,54.0,249.0,1036.0,,-418.0
-163.0,-144.0,,-402.0,26.0,17.0,240.0,1031.0,,-482.0
-147.0,-36.0,,-414.0,13.0,-68.0,207.0,1051.0,,-542.0
-112.0,-172.0,,-396.0,19.0,-51.0,160.0,1189.0,,-576.0
-83.0,-257.0,,-317.0,8.0,310.0,118.0,1003.0,,-588.0
5.0,-404.0,,-289.0,27.0,628.0,75.0,1152.0,,-578.0
69.0,-543.0,,-183.0,35.0,712.0,59.0,1023.0,,-543.0
29.0,-435.0,,-210.0,23.0,544.0,51.0,971.0,,-494.0
41.0,-380.0,,-290.0,42.0,523.0,42.0,982.0,,-431.0
178.0,-353.0,,-252.0,35.0,716.0,20.0,992.0,,-350.0
187.0,-325.0,,-257.0,25.0,655.0,-48.0,1271.0,,-263.0
187.0,-273.0,,-256.0,49.0,387.0,-127.0,1176.0,,-169.0
213.0,-198.0,,-297.0,35.0,297.0,-177.0,1130.0,,-73.0
226.0,-65.0,,-342.0,18.0,484.0,-194.0,857.0,,28.0
166.0,183.0,,-388.0,2.0,472.0,-183.0,709.0,,148.0
175.0,240.0,,-448.0,-55.0,291.0,-193.0,713.0,,262.0
230.0,189.0,,-507.0,-71.0,317.0,-200.0,530.0,,352.0
162.0,180.0,,-588.0,-60.0,503.0,-229.0,667.0,,410.0
202.0,354.0,,-704.0,-60.0,725.0,-294.0,578.0,,434.0
187.0,365.0,,-750.0,-16.0,783.0,-349.0,713.0,,436.0
110.0,172.0,,-690.0,-1.0,742.0,-422.0,816.0,,403.0
23.0,118.0,,-653.0,-35.0,692.0,-445.0,848.0,,353.0
30.0,121.0,,-614.0,-32.0,627.0,-431.0,1154.0,,303.0
21.0,123.0,,-669.0,-13.0,550.0,-415.0,1147.0,,231.0
-63.0,66.0,,-641.0,-2.0,389.0,-411.0,1306.0,,172.0
-18.0,159.0,,-612.0,17.0,315.0,-462.0,1180.0,,127.0
-52.0,160.0,,-658.0,-9.0,435.0,-486.0,979.0,,99.0
-132.0,-1.0,,-612.0,-52.0,726.0,-481.0,733.0,,100.0
-215.0,-7.0,,-646.0,-42.0,1147.0,-463.0,341.0,,131.0
-228.0,189.0,,-661.0,-28.0,1374.0,-430.0,373.0,,207.0
-234.0,230.0,,-602.0,17.0,1424.0,-408.0,206.0,,290.0
-288.0,84.0,,-584.0,90.0,1641.0,-415.0,365.0,,390.0
-284.0,136.0,,-685.0,100.0,1772.0,-442.0,439.0,,497.0
-331.0,246.0,,-657.0,102.0,1622.0,-451.0,436.0,,588.0
-370.0,296.0,,-605.0,106.0,1366.0,-465.0,654.0,,666.0
-375.0,266.0,,-642.0,76.0,1175.0,-442.0,519.0,,711.0
-368.0,205.0,,-612.0,76.0,1160.0,-392.0,646.0,,725.0
-387.0,138.0,,-665.0,70.0,1055.0,-351.0,467.0,,714.0
-349.0,149.0,,-592.0,22.0,766.0,-329.0,421.0,,700.0
-314.0,108.0,,-660.0,7.0,592.0,-337.0,504.0,,697.0
-373.0,-67.0,,-699.0,-3.0,557.0,-319.0,419.0,,695.0
-369.0,-165.0,,-556.0,-17.0,505.0,-289.0,615.0,,707.0
-366.0,-97.0,,-584.0,4.0,500.0,-260.0,406.0,,748.0
-330.0,-136.0,,-387.0,4.0,614.0,-217.0,338.0,,810.0
-337.0,-215.0,,-274.0,14.0,842.0,-174.0,64.0,,873.0
-322.0,-9.0,,-332.0,71.0,981.0,-160.0,-181.0,,928.0
-247.0,7.0,,-236.0,77.0,909.0,-159.0,-179.0,,960.0
-314.0,8.0,,-138.0,56.0,765.0,-158.0,-354.0,,965.0
-338.0,146.0,,-122.0,76.0,648.0,-134.0,-155.0,,935.0
-378.0,239.0,,-110.0,90.0,522.0,-98.0,-291.0,,873.0
-400.0,353.0,,-71.0,114.0,228.0,-86.0,-286.0,,785.0
-381.0,379.0,,-67.0,151.0,-6.0,-76.0,-280.0,,670.0
-410.0,278.0,,-58.0,153.0,-91.0,-62.0,-376.0,,559.0
-406.0,177.0,,-145.0,192.0,-204.0,-42.0,-147.0,,441.0
-410.0,210.0,,-128.0,226.0,-246.0,-32.0,-166.0,,315.0
-427.0,32.0,,-103.0,164.0,-202.0,-5.0,72.0,,205.0
-463.0,-116.0,,-96.0,107.0,-66.0,23.0,101.0,,108.0
-412.0,-152.0,,6.0,59.0,107.0,30.0,166.0,,16.0
-284.0,-195.0,,-13.0,-6.0,249.0,32.0,214.0,,-67.0
-259.0,13.0,,104.0,-26.0,352.0,12.0,51.0,,-137.0
-321.0,256.0,,221.0,-55.0,334.0,-3.0,227.0,,-201.0
-288.0,282.0,,229.0,-106.0,277.0,-8.0,138.0,,-260.0
-220.0,148.0,,307.0,-105.0,393.0,12.0,303.0,,-311.0
-207.0,11.0,,324.0,-88.0,550.0,33.0,330.0,,-362.0
-234.0,-18.0,,303.0,-70.0,500.0,58.0,253.0,,-414.0
-189.0,142.0,,304.0,-6.0,347.0,76.0,306.0,,-458.0
-178.0,168.0,,214.0,14.0,324.0,62.0,53.0,,-496.0
-257.0,157.0,,163.0,-15.0,313.0,64.0,92.0,,-525.0
-189.0,67.0,,121.0,-7.0,216.0,59.0,-24.0,,-533.0
-258.0,-244.0,,46.0,6.0,154.0,49.0,53.0,,-537.0
-350.0,-366.0,,62.0,23.0,47.0,55.0,125.0,,-528.0
-332.0,-236.0,,78.0,36.0,-12.0,91.0,59.0,,-502.0
-278.0,86.0,,152.0,-12.0,-15.0,154.0,110.0,,-473.0
-289.0,310.0,,105.0,-92.0,-114.0,206.0,-323.0,,-449.0
-354.0,431.0,,117.0,-172.0,-250.0,233.0,-533.0,,-437.0
-292.0,396.0,,225.0,-266.0,-208.0,232.0,-870.0,,-424.0
-323.0,280.0,,193.0,-296.0,-41.0,243.0,-1143.0,,-430.0
-323.0,329.0,,233.0,-243.0,-135.0,263.0,-1191.0,,-449.0
-311.0,271.0,,408.0,-188.0,-498.0,299.0,-1439.0,,-479.0
-302.0,179.0,,518.0,-103.0,-716.0,347.0,-1319.0,,-538.0
-269.0,157.0,,422.0,12.0,-646.0,374.0,-1289.0,,-594.0
-252.0,199.0,,459.0,91.0,-679.0,380.0,-1141.0,,-654.0
-288.0,296.0,,558.0,149.0,-853.0,342.0,-1080.0,,-716.0
-341.0,415.0,,515.0,178.0,-909.0,304.0,-1154.0,,-749.0
-234.0,535.0,,474.0,166.0,-772.0,302.0,-964.0,,-770.0
-215.0,619.0,,418.0,177.0,-566.0,302.0,-966.0,,-752.0
-322.0,625.0,,383.0,206.0,-511.0,325.0,-716.0,,-700.0
-402.0,503.0,,345.0,212.0,-477.0,338.0,-720.0,,-639.0
-393.0,306.0,,280.0,233.0,-484.0,302.0,-848.0,,-557.0
-445.0,-54.0,,328.0,259.0,-535.0,265.0,-811.0,,-481.0
-515.0,-453.0,,367.0,253.0,-582.0,262.0,-1019.0,,-396.0
-511.0,-764.0,,297.0,251.0,-828.0,289.0,-964.0,,-314.0
-515.0,-905.0,,282.0,244.0,-1206.0,303.0,-1088.0,,-252.0
-523.0,-694.0,,318.0,204.0,-1405.0,320.0,-1038.0,,-185.0
-516.0,-363.0,,290.0,174.0,-1323.0,336.0,-957.0,,-145.0
-537.0,7.0,,209.0,140.0,-1229.0,307.0,-1023.0,,-117.0
-677.0,257.0,,214.0,92.0,-1185.0,278.0,-837.0,,-110.0
-643.0,179.0,,207.0,114.0,-908.0,279.0,-1053.0,,-119.0
-575.0,95.0,,110.0,161.0,-500.0,295.0,-1066.0,,-128.0
-634.0,32.0,,150.0,164.0,-246.0,314.0,-1158.0,,-153.0
-714.0,-4.0,,179.0,177.0,-156.0,330.0,-1104.0,,-185.0
-728.0,50.0,,131.0,170.0,-210.0,336.0,-816.0,,-242.0
-710.0,-59.0,,147.0,115.0,-222.0,301.0,-785.0,,-288.0
-813.0,-238.0,,127.0,39.0,-104.0,286.0,-521.0,,-329.0
-844.0,-335.0,,180.0,-74.0,-147.0,318.0,-667.0,,-355.0
-860.0,-421.0,,171.0,-181.0,-279.0,343.0,-618.0,,-344.0
-839.0,-427.0,,169.0,-209.0,-281.0,385.0,-620.0,,-313.0
-880.0,-422.0,,154.0,-210.0,-135.0,427.0,-661.0,,-248.0
-941.0,-583.0,,53.0,-205.0,0.0,440.0,-469.0,,-183.0
-922.0,-524.0,,124.0,-171.0,-76.0,403.0,-663.0,,-119.0
-924.0,128.0,,151.0,-158.0,-196.0,359.0,-548.0,,-53.0
-851.0,956.0,,228.0,-121.0,-255.0,343.0,-857.0,,-2.0
-860.0,1247.0,,243.0,-11.0,-235.0,332.0,-1189.0,,34.0
-827.0,604.0,,159.0,83.0,-158.0,369.0,-1395.0,,40.0
-807.0,-242.0,,238.0,154.0,-57.0,406.0,-1675.0,,16.0
-804.0,-379.0,,235.0,217.0,6.0,407.0,-1540.0,,-27.0
-750.0,-25.0,,124.0,220.0,70.0,381.0,-1576.0,,-79.0
-687.0,593.0,,141.0,187.0,344.0,358.0,-1258.0,,-123.0
-606.0,1081.0,,186.0,133.0,402.0,385.0,-1088.0,,-144.0
-640.0,778.0,,120.0,42.0,193.0,426.0,-966.0,,-139.0
-538.0,-46.0,,162.0,8.0,187.0,441.0,-777.0,,-116.0
-498.0,-858.0,,280.0,44.0,469.0,420.0,-962.0,,-79.0
-511.0,-999.0,,298.0,80.0,574.0,388.0,-873.0,,-40.0
-522.0,-394.0,,257.0,147.0,159.0,359.0,-1079.0,,-10.0
-496.0,-62.0,,311.0,190.0,-148.0,325.0,-1145.0,,8.0
-362.0,-293.0,,439.0,152.0,-106.0,317.0,-1143.0,,27.0
-452.0,-570.0,,356.0,94.0,-124.0,318.0,-1285.0,,36.0
-424.0,-377.0,,300.0,18.0,-383.0,319.0,-1210.0,,40.0
-422.0,136.0,,325.0,-76.0,-578.0,339.0,-1417.0,,49.0
-459.0,312.0,,185.0,-119.0,-642.0,319.0,-1365.0,,36.0
-443.0,278.0,,217.0,-138.0,-833.0,307.0,-1498.0,,19.0
-444.0,375.0,,249.0,-161.0,-1113.0,310.0,-1640.0,,15.0
-441.0,253.0,,233.0,-138.0,-1204.0,294.0,-1668.0,,13.0
-525.0,-271.0,,289.0,-125.0,-1056.0,303.0,-1821.0,,18.0
-515.0,-518.0,,256.0,-140.0,-974.0,295.0,-1494.0,,29.0
-628.0,-238.0,,231.0,-112.0,-825.0,284.0,-1406.0,,49.0
-695.0,-300.0,,145.0,-88.0,-751.0,277.0,-1165.0,,69.0
-759.0,-926.0,,238.0,-92.0,-865.0,280.0,-1019.0,,91.0
-746.0,-1071.0,,280.0,-93.0,-1043.0,330.0,-1042.0,,107.0
-728.0,-27.0,,169.0,-124.0,-1126.0,353.0,-896.0,,121.0
-819.0,1411.0,,228.0,-166.0,-1185.0,336.0,-1043.0,,133.0
-826.0,1768.0,,242.0,-164.0,-1440.0,282.0,-846.0,,125.0
-937.0,744.0,,267.0,-154.0,-1665.0,234.0,-803.0,,93.0
-937.0,-297.0,,316.0,-150.0,-1729.0,227.0,-705.0,,30.0
-1023.0,-83.0,,335.0,-118.0,-1435.0,212.0,-606.0,,-59.0
-1075.0,815.0,,353.0,-95.0,-1289.0,201.0,-748.0,,-180.0
-1062.0,777.0,,397.0,-58.0,-1314.0,163.0,-594.0,,-317.0
-1079.0,-379.0,,418.0,20.0,-1053.0,130.0,-718.0,,-464.0
-1159.0,-1519.0,,416.0,52.0,-751.0,124.0,-585.0,,-624.0
-1314.0,-1871.0,,366.0,32.0,-567.0,101.0,-461.0,,-765.0
-1256.0,-1352.0,,261.0,0.0,-555.0,71.0,-404.0,,-894.0
-1224.0,-853.0,,249.0,-65.0,-549.0,39.0,-177.0,,-993.0
-1239.0,-967.0,,146.0,-135.0,-585.0,30.0,-339.0,,-1058.0
-1260.0,-1146.0,,29.0,-193.0,-603.0,18.0,-389.0,,-1119.0
-1165.0,-931.0,,-6.0,-271.0,-623.0,11.0,-646.0,,-1156.0
-1160.0,-429.0,,-6.0,-302.0,-726.0,-24.0,-718.0,,-1192.0
-1203.0,220.0,,-18.0,-257.0,-896.0,-82.0,-646.0,,-1240.0
-1133.0,693.0,,-73.0,-197.0,-1068.0,-98.0,-689.0,,-1265.0
-1063.0,317.0,,28.0,-95.0,-1132.0,-95.0,-515.0,,-1286.0
-987.0,-602.0,,114.0,27.0,-1352.0,-102.0,-737.0,,-1311.0
-968.0,-809.0,,138.0,105.0,-1565.0,-150.0,-774.0,,-1313.0
-831.0,255.0,,165.0,179.0,-1493.0,-204.0,-942.0,,-1296.0
-789.0,1517.0,,216.0,243.0,-1256.0,-243.0,-1128.0,,-1258.0
-718.0,1786.0,,319.0,257.0,-1112.0,-253.0,-1149.0,,-1198.0
-637.0,890.0,,411.0,250.0,-1158.0,-249.0,-1465.0,,-1100.0
-583.0,-501.0,,489.0,202.0,-1061.0,-270.0,-1444.0,,-977.0
-453.0,-1228.0,,407.0,137.0,-705.0,-325.0,-1559.0,,-847.0
-356.0,-1044.0,,296.0,127.0,-484.0,-384.0,-1422.0,,-705.0
-316.0,-637.0,,317.0,124.0,-492.0,-384.0,-1241.0,,-584.0
-327.0,-910.0,,310.0,84.0,-455.0,-381.0,-1239.0,,-479.0
-210.0,-1509.0,,274.0,66.0,-367.0,-394.0,-988.0,,-394.0
-142.0,-1268.0,,262.0,76.0,-225.0,-428.0,-1019.0,,-334.0
-40.0,-168.0,,191.0,90.0,-182.0,-465.0,-820.0,,-271.0
14.0,959.0,,119.0,131.0,-302.0,-478.0,-787.0,,-221.0
76.0,993.0,,141.0,147.0,-279.0,-515.0,-700.0,,-181.0
117.0,337.0,,109.0,129.0,-125.0,-523.0,-484.0,,-146.0
157.0,524.0,,0.0,126.0,-3.0,-542.0,-539.0,,-115.0
250.0,1369.0,,100.0,92.0,-102.0,-571.0,-328.0,,-84.0
186.0,1533.0,,69.0,33.0,-246.0,-567.0,-469.0,,-53.0
248.0,847.0,,-27.0,-6.0,-131.0,-600.0,-458.0,,-10.0
312.0,361.0,,127.0,-62.0,61.0,-609.0,-506.0,,29.0
374.0,549.0,,75.0,-114.0,214.0,-604.0,-689.0,,79.0
302.0,1038.0,,55.0,-104.0,370.0,-612.0,-604.0,,124.0
308.0,1409.0,,101.0,-79.0,634.0,-629.0,-766.0,,153.0
424.0,1537.0,,-4.0,-73.0,939.0,-677.0,-558.0,,183.0
326.0,1582.0,,-35.0,-97.0,997.0,-697.0,-509.0,,190.0
288.0,926.0,,28.0,-176.0,869.0,-686.0,-360.0,,199.0
359.0,-512.0,,-71.0,-214.0,926.0,-677.0,-123.0,,213.0
403.0,-1376.0,,-152.0,-174.0,1135.0,-693.0,-84.0,,219.0
315.0,-1143.0,,-85.0,-145.0,1268.0,-724.0,249.0,,221.0
317.0,-274.0,,-148.0,-107.0,1139.0,-739.0,227.0,,221.0
297.0,372.0,,-225.0,-50.0,961.0,-755.0,408.0,,226.0
349.0,273.0,,-223.0,-30.0,1051.0,-782.0,439.0,,224.0
354.0,-242.0,,-136.0,-24.0,1262.0,-808.0,360.0,,220.0
298.0,-292.0,,-214.0,-42.0,1335.0,-833.0,419.0,,207.0
318.0,-57.0,,-162.0,-109.0,1214.0,-832.0,138.0,,182.0
223.0,-563.0,,-54.0,-179.0,1339.0,-827.0,151.0,,153.0
245.0,-1297.0,,-240.0,-253.0,1632.0,-847.0,-84.0,,120.0
237.0,-1887.0,,-256.0,-321.0,1840.0,-896.0,-199.0,,90.0
312.0,-2296.0,,-160.0,-322.0,1934.0,-936.0,-264.0,,79.0
306.0,-2178.0,,-194.0,-307.0,1839.0,-934.0,-448.0,,78.0
236.0,-1967.0,,-259.0,-316.0,1803.0,-929.0,-232.0,,103.0
255.0,-2281.0,,-83.0,-265.0,1793.0,-916.0,-212.0,,136.0
218.0,-2480.0,,-73.0,-178.0,1767.0,-924.0,121.0,,151.0
208.0,-1496.0,,-84.0,-110.0,1830.0,-945.0,256.0,,181.0
143.0,180.0,,40.0,-3.0,2130.0,-969.0,254.0,,195.0
192.0,1770.0,,-27.0,80.0,2580.0,-1006.0,279.0,,202.0
171.0,2831.0,,166.0,122.0,2854.0,-989.0,-3.0,,216.0
73.0,2944.0,,274.0,181.0,3011.0,-976.0,101.0,,236.0
73.0,2435.0,,296.0,191.0,3086.0,-970.0,3.0,,272.0
81.0,1940.0,,255.0,165.0,3103.0,-978.0,99.0,,308.0
53.0,1499.0,,335.0,141.0,3100.0,-1032.0,181.0,,335.0
31.0,864.0,,355.0,55.0,2990.0,-1058.0,145.0,,336.0
67.0,79.0,,174.0,-62.0,2841.0,-1073.0,327.0,,335.0
53.0,-714.0,,297.0,-147.0,2579.0,-1033.0,92.0,,333.0
69.0,-1647.0,,102.0,-225.0,2479.0,-972.0,77.0,,332.0
32.0,-2351.0,,40.0,-250.0,2737.0,-964.0,-68.0,,336.0
19.0,-2401.0,,51.0,-183.0,2927.0,-954.0,-68.0,,321.0
64.0,-2269.0,,-24.0,-82.0,2949.0,-955.0,60.0,,295.0
79.0,-2075.0,,-86.0,44.0,3077.0,-934.0,-42.0,,255.0
161.0,-1685.0,,0.0,119.0,3332.0,-903.0,179.0,,200.0
139.0,-1019.0,,29.0,52.0,3347.0,-873.0,90.0,,139.0
166.0,-481.0,,-183.0,-47.0,3247.0,-833.0,212.0,,65.0
216.0,-803.0,,45.0,-100.0,3268.0,-808.0,290.0,,-13.0
215.0,-1548.0,,-44.0,-145.0,3407.0,-791.0,221.0,,-74.0
261.0,-1542.0,,-265.0,-130.0,3487.0,-801.0,315.0,,-117.0
266.0,-478.0,,-144.0,-43.0,3303.0,-769.0,138.0,,-146.0
312.0,951.0,,-35.0,52.0,3050.0,-733.0,197.0,,-166.0
297.0,1988.0,,-154.0,166.0,2791.0,-730.0,9.0,,-180.0
327.0,1989.0,,-113.0,223.0,2691.0,-704.0,24.0,,-170.0
312.0,1622.0,,-121.0,164.0,2777.0,-695.0,164.0,,-153.0
212.0,1698.0,,-214.0,74.0,2971.0,-663.0,199.0,,-126.0
190.0,2041.0,,-124.0,-34.0,3166.0,-611.0,558.0,,-84.0
154.0,2832.0,,-208.0,-136.0,3245.0,-576.0,620.0,,-54.0
116.0,3777.0,,-164.0,-181.0,3410.0,-537.0,877.0,,-22.0
4.0,3957.0,,-120.0,-255.0,3525.0,-504.0,940.0,,12.0
-32.0,2752.0,,-110.0,-360.0,3477.0,-465.0,927.0,,31.0
-96.0,979.0,,-312.0,-379.0,3505.0,-445.0,936.0,,47.0
-196.0,23.0,,-247.0,-301.0,3768.0,-455.0,672.0,,48.0
-159.0,4.0,,-151.0,-162.0,4019.0,-467.0,733.0,,39.0
-129.0,315.0,,-297.0,18.0,3906.0,-476.0,532.0,,34.0
-184.0,330.0,,-173.0,155.0,3644.0,-457.0,550.0,,44.0
-297.0,-284.0,,-210.0,231.0,3610.0,-428.0,569.0,,84.0
-261.0,-1579.0,,-283.0,263.0,3729.0,-405.0,461.0,,156.0
-192.0,-2865.0,,-266.0,186.0,3616.0,-378.0,618.0,,245.0
-200.0,-3436.0,,-76.0,63.0,3322.0,-359.0,400.0,,337.0
-139.0,-3415.0,,-56.0,-36.0,3267.0,-342.0,373.0,,440.0
-46.0,-2919.0,,-48.0,-143.0,3370.0,-311.0,75.0,,532.0
-22.0,-1925.0,,35.0,-210.0,3392.0,-270.0,-218.0,,605.0
-19.0,-762.0,,-18.0,-225.0,3282.0,-228.0,-314.0,,654.0
52.0,-126.0,,34.0,-259.0,3321.0,-201.0,-541.0,,681.0
56.0,-72.0,,6.0,-298.0,3485.0,-209.0,-400.0,,695.0
72.0,4.0,,-14.0,-302.0,3378.0,-217.0,-556.0,,680.0
135.0,407.0,,-24.0,-304.0,3234.0,-203.0,-558.0,,661.0
138.0,875.0,,28.0,-255.0,3021.0,-177.0,-567.0,,658.0
169.0,1230.0,,-58.0,-148.0,2850.0,-153.0,-578.0,,651.0
188.0,1640.0,,-20.0,-79.0,2681.0,-127.0,-373.0,,651.0
202.0,1682.0,,-35.0,-36.0,2370.0,-102.0,-447.0,,672.0
184.0,628.0,,-32.0,-37.0,2199.0,-121.0,-225.0,,712.0
223.0,-1184.0,,158.0,-79.0,2028.0,-121.0,-177.0,,759.0
286.0,-2556.0,,10.0,-43.0,2011.0,-130.0,-9.0,,799.0
276.0,-2866.0,,145.0,82.0,1903.0,-153.0,125.0,,818.0
327.0,-2410.0,,156.0,215.0,1715.0,-149.0,11.0,,803.0
312.0,-2039.0,,76.0,321.0,1629.0,-183.0,77.0,,768.0
291.0,-2103.0,,109.0,348.0,1389.0,-211.0,-173.0,,737.0
333.0,-1761.0,,86.0,279.0,1088.0,-216.0,-109.0,,686.0
392.0,-636.0,,89.0,251.0,651.0,-205.0,-133.0,,624.0
381.0,506.0,,85.0,233.0,355.0,-206.0,-112.0,,567.0
312.0,1038.0,,169.0,161.0,262.0,-236.0,84.0,,524.0
356.0,1051.0,,76.0,114.0,185.0,-252.0,3.0,,506.0
365.0,1064.0,,163.0,56.0,248.0,-260.0,164.0,,499.0
332.0,1400.0,,214.0,14.0,415.0,-269.0,-11.0,,493.0
291.0,1885.0,,273.0,51.0,535.0,-275.0,-24.0,,482.0
314.0,2280.0,,346.0,117.0,663.0,-272.0,-49.0,,495.0
334.0,2240.0,,307.0,206.0,742.0,-285.0,-53.0,,521.0
317.0,1700.0,,332.0,317.0,713.0,-293.0,308.0,,558.0
326.0,1533.0,,199.0,400.0,578.0,-306.0,286.0,,612.0
286.0,2228.0,,307.0,490.0,287.0,-350.0,461.0,,651.0
278.0,3018.0,,402.0,563.0,331.0,-384.0,362.0,,714.0
248.0,2977.0,,238.0,474.0,481.0,-414.0,304.0,,796.0
293.0,1894.0,,238.0,284.0,356.0,-442.0,376.0,,853.0
290.0,155.0,,252.0,132.0,144.0,-459.0,230.0,,901.0
313.0,-1400.0,,183.0,19.0,51.0,-476.0,399.0,,905.0
347.0,-2340.0,,117.0,-22.0,250.0,-469.0,295.0,,845.0
341.0,-3228.0,,52.0,-20.0,362.0,-472.0,354.0,,752.0
386.0,-4297.0,,67.0,-88.0,317.0,-528.0,227.0,,630.0
354.0,-5104.0,,89.0,-183.0,331.0,-574.0,-5.0,,491.0
414.0,-5358.0,,96.0,-267.0,440.0,-590.0,-22.0,,364.0
424.0,-5025.0,,41.0,-361.0,470.0,-593.0,-234.0,,261.0
470.0,-3899.0,,-65.0,-392.0,345.0,-583.0,-99.0,,164.0
407.0,-2310.0,,-165.0,-392.0,161.0,-553.0,-240.0,,68.0
405.0,-951.0,,-159.0,-445.0,-8.0,-529.0,-251.0,,-32.0
516.0,647.0,,-109.0,-450.0,-143.0,-521.0,-236.0,,-119.0
491.0,2494.0,,-217.0,-345.0,-259.0,-500.0,-393.0,,-177.0
534.0,3924.0,,-267.0,-195.0,-320.0,-488.0,-249.0,,-228.0
470.0,4643.0,,-223.0,-16.0,-426.0,-479.0,-434.0,,-254.0
509.0,4215.0,,-301.0,130.0,-442.0,-497.0,-330.0,,-261.0
523.0,2933.0,,-439.0,244.0,-370.0,-545.0,-328.0,,-254.0
514.0,1952.0,,-513.0,371.0,-388.0,-581.0,-280.0,,-244.0
558.0,1984.0,,-505.0,405.0,-591.0,-601.0,-103.0,,-244.0
548.0,2360.0,,-499.0,330.0,-730.0,-585.0,-219.0,,-244.0
534.0,2589.0,,-552.0,242.0,-668.0,-515.0,-48.0,,-250.0
543.0,2666.0,,-548.0,131.0,-603.0,-455.0,-208.0,,-239.0
595.0,2142.0,,-553.0,20.0,-464.0,-436.0,-131.0,,-203.0
577.0,1147.0,,-511.0,-43.0,-378.0,-407.0,-70.0,,-159.0
558.0,-234.0,,-516.0,-128.0,-338.0,-372.0,-173.0,,-115.0
581.0,-1608.0,,-480.0,-219.0,-374.0,-313.0,-35.0,,-79.0
669.0,-2353.0,,-341.0,-284.0,-498.0,-292.0,-203.0,,-34.0
669.0,-2780.0,,-393.0,-370.0,-605.0,-316.0,-42.0,,19.0
627.0,-3081.0,,-339.0,-406.0,-628.0,-289.0,-22.0,,83.0
569.0,-2835.0,,-200.0,-360.0,-596.0,-273.0,94.0,,168.0
601.0,-1773.0,,-114.0,-279.0,-636.0,-281.0,308.0,,271.0
565.0,-650.0,,-6.0,-114.0,-701.0,-293.0,293.0,,408.0
527.0,31.0,,-1.0,136.0,-888.0,-313.0,500.0,,569.0
537.0,467.0,,24.0,346.0,-926.0,-291.0,328.0,,728.0
481.0,789.0,,161.0,481.0,-926.0,-242.0,391.0,,864.0
531.0,1353.0,,102.0,535.0,-1131.0,-215.0,386.0,,963.0
440.0,1988.0,,173.0,491.0,-1138.0,-200.0,310.0,,1031.0
490.0,2156.0,,321.0,437.0,-924.0,-187.0,452.0,,1076.0
528.0,1887.0,,183.0,356.0,-617.0,-190.0,436.0,,1111.0
591.0,1664.0,,191.0,240.0,-418.0,-196.0,792.0,,1129.0
655.0,1711.0,,236.0,207.0,-436.0,-198.0,883.0,,1134.0
610.0,1814.0,,174.0,188.0,-482.0,-204.0,1060.0,,1142.0
596.0,2052.0,,148.0,61.0,-423.0,-197.0,1175.0,,1152.0
496.0,2552.0,,256.0,-106.0,-404.0,-196.0,1027.0,,1146.0
530.0,2903.0,,207.0,-253.0,-584.0,-218.0,1176.0,,1103.0
459.0,2612.0,,159.0,-317.0,-795.0,-241.0,1064.0,,1032.0
382.0,1580.0,,239.0,-293.0,-966.0,-261.0,1250.0,,923.0
364.0,427.0,,158.0,-314.0,-1043.0,-248.0,1311.0,,777.0
409.0,-308.0,,276.0,-355.0,-1155.0,-225.0,1254.0,,610.0
366.0,-821.0,,308.0,-361.0,-1456.0,-227.0,1223.0,,448.0
229.0,-1123.0,,250.0,-389.0,-1655.0,-207.0,853.0,,300.0
281.0,-1249.0,,330.0,-377.0,-1565.0,-174.0,757.0,,164.0
297.0,-1468.0,,304.0,-301.0,-1449.0,-146.0,395.0,,43.0
308.0,-1673.0,,254.0,-239.0,-1521.0,-150.0,314.0,,-67.0
281.0,-1522.0,,207.0,-172.0,-1681.0,-165.0,330.0,,-150.0
237.0,-836.0,,158.0,-71.0,-1819.0,-159.0,206.0,,-212.0
222.0,311.0,,92.0,53.0,-1856.0,-147.0,301.0,,-271.0
198.0,1306.0,,123.0,249.0,-1969.0,-145.0,49.0,,-335.0
160.0,1391.0,,124.0,461.0,-2247.0,-156.0,125.0,,-407.0
168.0,714.0,,11.0,586.0,-2508.0,-155.0,138.0,,-459.0
231.0,-463.0,,6.0,686.0,-2585.0,-132.0,299.0,,-493.0
241.0,-2151.0,,39.0,724.0,-2385.0,-87.0,596.0,,-504.0
247.0,-3557.0,,68.0,615.0,-2093.0,-45.0,561.0,,-485.0
238.0,-3962.0,,-42.0,426.0,-1953.0,-4.0,763.0,,-458.0
204.0,-3719.0,,-60.0,187.0,-1935.0,6.0,630.0,,-453.0
196.0,-3496.0,,68.0,-54.0,-1892.0,8.0,615.0,,-476.0
197.0,-3630.0,,-6.0,-222.0,-1794.0,7.0,519.0,,-516.0
237.0,-3966.0,,-73.0,-344.0,-1896.0,7.0,436.0,,-583.0
271.0,-4242.0,,-124.0,-439.0,-2319.0,24.0,622.0,,-645.0
260.0,-4449.0,,-173.0,-463.0,-2563.0,9.0,463.0,,-691.0
214.0,-4637.0,,-222.0,-463.0,-2451.0,-20.0,583.0,,-725.0
154.0,-4643.0,,-323.0,-468.0,-2305.0,-51.0,456.0,,-714.0
154.0,-4109.0,,-352.0,-400.0,-2347.0,-76.0,399.0,,-691.0
117.0,-3072.0,,-354.0,-272.0,-2399.0,-79.0,471.0,,-687.0
171.0,-2133.0,,-286.0,-116.0,-2289.0,-67.0,375.0,,-706.0
184.0,-1565.0,,-259.0,19.0,-2153.0,-53.0,524.0,,-765.0
144.0,-866.0,,-271.0,16.0,-2276.0,-32.0,404.0,,-829.0
114.0,529.0,,-299.0,-62.0,-2639.0,-7.0,626.0,,-875.0
111.0,2360.0,,-401.0,-87.0,-2820.0,-6.0,733.0,,-905.0
130.0,3971.0,,-350.0,-89.0,-2976.0,-17.0,790.0,,-901.0
28.0,5033.0,,-381.0,-74.0,-3133.0,-6.0,1016.0,,-892.0
85.0,5510.0,,-506.0,-18.0,-3186.0,24.0,840.0,,-866.0
27.0,5518.0,,-574.0,41.0,-3232.0,52.0,1021.0,,-811.0
56.0,4837.0,,-595.0,142.0,-3316.0,67.0,1014.0,,-758.0
43.0,3461.0,,-512.0,299.0,-3495.0,65.0,1082.0,,-710.0
-22.0,1874.0,,-451.0,418.0,-3595.0,91.0,1178.0,,-672.0
82.0,704.0,,-370.0,491.0,-3609.0,117.0,1006.0,,-651.0
48.0,165.0,,-346.0,492.0,-3742.0,111.0,1025.0,,-628.0
90.0,-50.0,,-300.0,370.0,-4023.0,126.0,727.0,,-592.0
1.0,-182.0,,-215.0,254.0,-4048.0,148.0,707.0,,-561.0
60.0,-461.0,,-190.0,187.0,-3930.0,170.0,517.0,,-550.0
-3.0,-758.0,,-235.0,119.0,-3931.0,184.0,325.0,,-565.0
-40.0,-989.0,,-276.0,82.0,-4000.0,200.0,365.0,,-574.0
-14.0,-980.0,,-223.0,47.0,-4096.0,248.0,184.0,,-587.0
-101.0,-789.0,,-136.0,6.0,-4060.0,278.0,399.0,,-617.0
62.0,-641.0,,-103.0,14.0,-4005.0,303.0,288.0,,-634.0
-57.0,-389.0,,-63.0,17.0,-4033.0,316.0,256.0,,-665.0
-22.0,-293.0,,-51.0,-7.0,-4119.0,305.0,169.0,,-733.0
17.0,-122.0,,-69.0,-3.0,-4071.0,299.0,-62.0,,-816.0
20.0,414.0,,117.0,-8.0,-3935.0,296.0,-20.0,,-901.0
90.0,1222.0,,44.0,-13.0,-3727.0,307.0,-273.0,,-944.0
69.0,2217.0,,3.0,18.0,-3434.0,315.0,-160.0,,-946.0
80.0,2971.0,,166.0,10.0,-3320.0,341.0,-210.0,,-905.0
49.0,3388.0,,111.0,-12.0,-3395.0,384.0,-190.0,,-813.0
156.0,3705.0,,65.0,-1.0,-3600.0,414.0,-35.0,,-678.0
80.0,3781.0,,5.0,9.0,-3585.0,437.0,-105.0,,-522.0
37.0,3423.0,,-72.0,36.0,-3275.0,434.0,127.0,,-384.0
71.0,2978.0,,-186.0,51.0,-3023.0,427.0,-49.0,,-271.0
86.0,2679.0,,-138.0,24.0,-2971.0,431.0,-120.0,,-149.0
10.0,2175.0,,-114.0,33.0,-2869.0,440.0,-249.0,,-21.0
-62.0,1261.0,,-213.0,53.0,-2514.0,459.0,-345.0,,92.0
-55.0,124.0,,-83.0,10.0,-2259.0,483.0,-134.0,,190.0
-57.0,-925.0,,30.0,-35.0,-2295.0,518.0,-262.0,,250.0
-6.0,-1711.0,,-13.0,-107.0,-2391.0,527.0,-140.0,,288.0
-99.0,-2401.0,,42.0,-214.0,-2276.0,512.0,-288.0,,310.0
-99.0,-2883.0,,192.0,-243.0,-2135.0,497.0,-376.0,,284.0
-132.0,-3132.0,,321.0,-229.0,-2297.0,492.0,-347.0,,206.0
-97.0,-3303.0,,362.0,-201.0,-2501.0,489.0,-532.0,,85.0
-180.0,-3384.0,,283.0,-124.0,-2443.0,495.0,-458.0,,-78.0
-292.0,-3429.0,,217.0,-48.0,-2218.0,518.0,-655.0,,-258.0
-166.0,-3142.0,,172.0,37.0,-2017.0,555.0,-554.0,,-423.0
-125.0,-2341.0,,244.0,103.0,-2007.0,592.0,-474.0,,-568.0
-138.0,-1112.0,,256.0,81.0,-2070.0,595.0,-428.0,,-663.0
-276.0,177.0,,178.0,78.0,-2120.0,579.0,-190.0,,-681.0
-254.0,1059.0,,152.0,118.0,-2189.0,559.0,-264.0,,-614.0
-260.0,1375.0,,98.0,102.0,-2084.0,570.0,-88.0,,-481.0
-234.0,1230.0,,160.0,67.0,-1925.0,595.0,-179.0,,-326.0
-169.0,1005.0,,266.0,18.0,-1903.0,589.0,-144.0,,-187.0
-272.0,932.0,,331.0,-67.0,-1935.0,574.0,-84.0,,-54.0
-234.0,909.0,,237.0,-80.0,-1885.0,551.0,-229.0,,84.0
-213.0,688.0,,96.0,-52.0,-1783.0,548.0,-73.0,,219.0
-261.0,425.0,,112.0,-98.0,-1765.0,560.0,-267.0,,325.0
-353.0,209.0,,27.0,-215.0,-1630.0,562.0,-304.0,,358.0
-234.0,-40.0,,-12.0,-411.0,-1382.0,556.0,-473.0,,331.0
-68.0,-117.0,,-29.0,-554.0,-1346.0,543.0,-563.0,,236.0
-111.0,-43.0,,-133.0,-503.0,-1545.0,556.0,-421.0,,97.0
-52.0,90.0,,-104.0,-399.0,-1692.0,583.0,-572.0,,-48.0
-17.0,202.0,,-130.0,-335.0,-1677.0,585.0,-563.0,,-201.0
79.0,174.0,,-103.0,-270.0,-1679.0,592.0,-885.0,,-299.0
119.0,148.0,,-29.0,-172.0,-1855.0,598.0,-957.0,,-340.0
52.0,197.0,,-34.0,73.0,-1977.0,592.0,-1034.0,,-359.0
103.0,222.0,,-20.0,419.0,-1784.0,597.0,-1236.0,,-371.0
127.0,118.0,,19.0,674.0,-1652.0,594.0,-1165.0,,-390.0
196.0,-409.0,,2.0,932.0,-1637.0,590.0,-1361.0,,-407.0
98.0,-1340.0,,-138.0,1243.0,-1517.0,595.0,-1184.0,,-382.0
-24.0,-2075.0,,-173.0,1448.0,-1314.0,605.0,-1215.0,,-302.0
-103.0,-2258.0,,-231.0,1518.0,-1083.0,626.0,-1243.0,,-202.0
-103.0,-1944.0,,-404.0,1446.0,-924.0,631.0,-1267.0,,-113.0
-20.0,-1115.0,,-444.0,1252.0,-890.0,615.0,-1520.0,,-63.0
-188.0,40.0,,-376.0,1046.0,-1048.0,585.0,-1424.0,,-71.0
-245.0,942.0,,-401.0,793.0,-1155.0,591.0,-1542.0,,-130.0
-195.0,1170.0,,-314.0,507.0,-1043.0,624.0,-1330.0,,-234.0
-165.0,883.0,,-266.0,308.0,-902.0,650.0,-1282.0,,-356.0
-200.0,718.0,,-296.0,137.0,-975.0,683.0,-1319.0,,-471.0
-132.0,973.0,,-122.0,-14.0,-1080.0,700.0,-1152.0,,-577.0
-41.0,1352.0,,-94.0,-62.0,-884.0,707.0,-1337.0,,-653.0
-45.0,1577.0,,-76.0,-87.0,-597.0,705.0,-1189.0,,-672.0
47.0,1626.0,,-170.0,-120.0,-526.0,684.0,-1298.0,,-623.0
40.0,1821.0,,-304.0,-137.0,-596.0,671.0,-1297.0,,-527.0
4.0,2218.0,,-183.0,-170.0,-367.0,666.0,-1164.0,,-394.0
-2.0,2534.0,,-162.0,-127.0,58.0,673.0,-1232.0,,-230.0
121.0,2608.0,,-283.0,-5.0,141.0,690.0,-1106.0,,-75.0
110.0,2300.0,,-346.0,74.0,-33.0,708.0,-1341.0,,60.0
131.0,1800.0,,-316.0,139.0,-68.0,719.0,-1289.0,,124.0
91.0,1189.0,,-301.0,122.0,227.0,713.0,-1310.0,,126.0
38.0,589.0,,-252.0,-18.0,548.0,699.0,-1317.0,,122.0
146.0,143.0,,-251.0,-165.0,670.0,665.0,-1128.0,,98.0
76.0,-286.0,,-228.0,-357.0,759.0,634.0,-1208.0,,96.0
99.0,-731.0,,-155.0,-564.0,912.0,609.0,-947.0,,117.0
-100.0,-1244.0,,-179.0,-632.0,1186.0,585.0,-1029.0,,156.0
22.0,-1600.0,,-141.0,-627.0,1412.0,579.0,-1038.0,,201.0
3.0,-1806.0,,-99.0,-640.0,1487.0,551.0,-981.0,,245.0
-116.0,-2083.0,,-210.0,-675.0,1487.0,535.0,-1038.0,,264.0
85.0,-2417.0,,-259.0,-766.0,1609.0,531.0,-868.0,,207.0
71.0,-2795.0,,-152.0,-830.0,1999.0,513.0,-1088.0,,94.0
256.0,-3204.0,,-69.0,-809.0,2436.0,510.0,-1164.0,,-68.0
126.0,-3724.0,,-18.0,-747.0,2629.0,520.0,-1420.0,,-207.0
220.0,-4202.0,,-47.0,-548.0,2621.0,524.0,-1583.0,,-291.0
163.0,-4481.0,,-24.0,-244.0,2579.0,513.0,-1559.0,,-356.0
133.0,-4352.0,,12.0,54.0,2441.0,507.0,-1681.0,,-389.0
284.0,-3720.0,,-64.0,425.0,2305.0,512.0,-1387.0,,-383.0
167.0,-2739.0,,-20.0,803.0,2224.0,522.0,-1393.0,,-294.0
283.0,-1372.0,,1.0,1046.0,2186.0,487.0,-1354.0,,-137.0
16.0,293.0,,-15.0,1183.0,2049.0,440.0,-1481.0,,8.0
85.0,1926.0,,86.0,1171.0,1709.0,418.0,-1760.0,,84.0
-26.0,3124.0,,82.0,998.0,1399.0,376.0,-1744.0,,37.0
-84.0,3845.0,,107.0,784.0,1342.0,348.0,-1908.0,,-133.0
-84.0,4291.0,,250.0,517.0,1494.0,313.0,-1661.0,,-373.0
-285.0,4743.0,,240.0,274.0,1500.0,268.0,-1594.0,,-626.0
-59.0,5157.0,,248.0,148.0,1438.0,233.0,-1491.0,,-863.0
-291.0,5106.0,,227.0,35.0,1434.0,232.0,-1343.0,,-1062.0
-250.0,4664.0,,263.0,-75.0,1481.0,260.0,-1468.0,,-1227.0
-337.0,4074.0,,455.0,-175.0,1581.0,255.0,-1361.0,,-1348.0
-299.0,3627.0,,230.0,-307.0,1575.0,206.0,-1542.0,,-1380.0
-269.0,3216.0,,150.0,-377.0,1636.0,120.0,-1424.0,,-1310.0
-402.0,2494.0,,330.0,-352.0,1843.0,63.0,-1448.0,,-1177.0
-120.0,1577.0,,143.0,-303.0,2035.0,35.0,-1480.0,,-974.0
-251.0,629.0,,192.0,-201.0,2163.0,4.0,-1346.0,,-710.0
-60.0,-147.0,,255.0,-111.0,2291.0,3.0,-1590.0,,-442.0
-186.0,-939.0,,80.0,-107.0,2399.0,-3.0,-1520.0,,-172.0
-161.0,-1883.0,,138.0,-91.0,2474.0,-61.0,-1685.0,,68.0
0.0,-2774.0,,223.0,-106.0,2537.0,-96.0,-1648.0,,253.0
-120.0,-3380.0,,107.0,-157.0,2604.0,-107.0,-1561.0,,415.0
37.0,-3690.0,,62.0,-153.0,2679.0,-137.0,-1627.0,,578.0
-117.0,-3910.0,,211.0,-200.0,2648.0,-172.0,-1415.0,,741.0
0.0,-3939.0,,194.0,-288.0,2776.0,-232.0,-1437.0,,875.0
-182.0,-3847.0,,160.0,-302.0,3107.0,-260.0,-1173.0,,959.0
-149.0,-3661.0,,186.0,-301.0,3256.0,-280.0,-1040.0,,1029.0
-68.0,-3243.0,,110.0,-257.0,3344.0,-313.0,-872.0,,1105.0
-152.0,-2672.0,,158.0,-180.0,3544.0,-338.0,-620.0,,1148.0
-48.0,-2010.0,,241.0,-213.0,3812.0,-362.0,-559.0,,1117.0
-206.0,-1335.0,,241.0,-305.0,3935.0,-391.0,-175.0,,996.0
-12.0,-795.0,,196.0,-443.0,3809.0,-439.0,-175.0,,811.0
-151.0,-470.0,,178.0,-680.0,3775.0,-455.0,-60.0,,609.0
-80.0,-278.0,,211.0,-860.0,3829.0,-467.0,-22.0,,428.0
-41.0,-49.0,,287.0,-918.0,3781.0,-462.0,-136.0,,251.0
-70.0,279.0,,364.0,-842.0,3666.0,-436.0,-55.0,,93.0
73.0,506.0,,342.0,-586.0,3497.0,-441.0,-267.0,,11.0
-40.0,559.0,,344.0,-356.0,3333.0,-445.0,-107.0,,9.0
57.0,665.0,,308.0,-282.0,3176.0,-465.0,-97.0,,82.0
8.0,1030.0,,253.0,-324.0,2937.0,-476.0,57.0,,204.0
98.0,1466.0,,214.0,-506.0,2617.0,-467.0,269.0,,364.0
30.0,1484.0,,225.0,-656.0,2264.0,-464.0,205.0,,547.0
-6.0,970.0,,252.0,-588.0,2047.0,-472.0,352.0,,723.0
15.0,249.0,,227.0,-388.0,2207.0,-472.0,55.0,,888.0
-82.0,-166.0,,291.0,-77.0,2556.0,-458.0,-24.0,,1034.0
-110.0,-71.0,,259.0,236.0,2811.0,-465.0,-184.0,,1168.0
-141.0,70.0,,299.0,332.0,2995.0,-492.0,-286.0,,1294.0
-165.0,-172.0,,411.0,234.0,3251.0,-535.0,-116.0,,1434.0
-273.0,-505.0,,446.0,-19.0,3436.0,-557.0,-219.0,,1558.0
-322.0,-554.0,,440.0,-316.0,3255.0,-550.0,24.0,,1637.0
-429.0,-424.0,,402.0,-409.0,3056.0,-498.0,79.0,,1679.0
-410.0,-362.0,,457.0,-307.0,3235.0,-431.0,251.0,,1659.0
-495.0,-590.0,,380.0,-64.0,3368.0,-417.0,408.0,,1577.0
-427.0,-795.0,,328.0,294.0,3068.0,-425.0,448.0,,1445.0
-428.0,-675.0,,261.0,515.0,2836.0,-470.0,755.0,,1291.0
-346.0,-474.0,,146.0,498.0,2910.0,-505.0,702.0,,1137.0
-265.0,-551.0,,197.0,342.0,2841.0,-473.0,851.0,,999.0
-276.0,-1118.0,,120.0,92.0,2487.0,-426.0,816.0,,887.0
-151.0,-1825.0,,13.0,-87.0,2182.0,-376.0,744.0,,830.0
-294.0,-2221.0,,22.0,-142.0,2094.0,-342.0,838.0,,848.0
-183.0,-2162.0,,57.0,-143.0,1980.0,-350.0,670.0,,911.0
-225.0,-1900.0,,83.0,1.0,1836.0,-362.0,848.0,,1005.0
-95.0,-1457.0,,28.0,234.0,1742.0,-341.0,859.0,,1098.0
-190.0,-786.0,,-10.0,421.0,1871.0,-297.0,1036.0,,1174.0
-149.0,-127.0,,52.0,509.0,2176.0,-263.0,1141.0,,1224.0
-113.0,675.0,,-11.0,308.0,2351.0,-247.0,1090.0,,1202.0
-252.0,1643.0,,-114.0,-148.0,2586.0,-235.0,1332.0,,1099.0
-84.0,2525.0,,-33.0,-570.0,2606.0,-226.0,1260.0,,934.0
-290.0,2857.0,,56.0,-819.0,2207.0,-218.0,1439.0,,725.0
-140.0,2613.0,,124.0,-776.0,1819.0,-198.0,1455.0,,499.0
-344.0,2246.0,,103.0,-473.0,1715.0,-156.0,1555.0,,274.0
-204.0,2034.0,,84.0,-202.0,1678.0,-107.0,1845.0,,62.0
-263.0,1935.0,,100.0,-59.0,1268.0,-67.0,1910.0,,-99.0
-393.0,1741.0,,20.0,-96.0,909.0,-23.0,2137.0,,-204.0
-229.0,1499.0,,6.0,-376.0,863.0,4.0,1927.0,,-274.0
-293.0,1163.0,,45.0,-638.0,732.0,28.0,1897.0,,-310.0
-41.0,885.0,,-11.0,-745.0,427.0,34.0,1829.0,,-328.0
-299.0,757.0,,-89.0,-684.0,167.0,23.0,1722.0,,-324.0
-121.0,669.0,,-129.0,-389.0,127.0,40.0,1912.0,,-315.0
-278.0,572.0,,-149.0,-119.0,142.0,49.0,1790.0,,-344.0
-195.0,326.0,,-165.0,-70.0,83.0,45.0,1940.0,,-404.0
-117.0,-11.0,,-220.0,-201.0,22.0,35.0,1843.0,,-495.0
-275.0,-327.0,,-259.0,-446.0,67.0,-5.0,1757.0,,-587.0
-94.0,-503.0,,-269.0,-546.0,101.0,-27.0,1733.0,,-658.0
-360.0,-615.0,,-279.0,-398.0,93.0,-20.0,1528.0,,-692.0
-252.0,-752.0,,-284.0,-208.0,211.0,-1.0,1677.0,,-644.0
-443.0,-867.0,,-271.0,-6.0,473.0,35.0,1587.0,,-513.0
-288.0,-798.0,,-272.0,206.0,579.0,72.0,1736.0,,-316.0
-342.0,-459.0,,-245.0,391.0,292.0,95.0,1688.0,,-67.0
-476.0,-28.0,,-131.0,636.0,-23.0,96.0,1528.0,,210.0
-444.0,403.0,,-83.0,780.0,-95.0,91.0,1576.0,,511.0
-588.0,772.0,,-138.0,701.0,-85.0,84.0,1380.0,,828.0
-325.0,1000.0,,-116.0,527.0,-147.0,79.0,1489.0,,1128.0
-494.0,793.0,,-55.0,227.0,-208.0,75.0,1339.0,,1383.0
-346.0,100.0,,-141.0,-99.0,-358.0,83.0,1389.0,,1564.0
-331.0,-699.0,,-284.0,-250.0,-596.0,91.0,1507.0,,1683.0
-310.0,-1162.0,,-273.0,-260.0,-774.0,83.0,1516.0,,1731.0
-126.0,-996.0,,-219.0,-139.0,-729.0,94.0,1698.0,,1685.0
-218.0,-450.0,,-245.0,0.0,-454.0,93.0,1491.0,,1610.0
-161.0,149.0,,-219.0,-22.0,-408.0,95.0,1557.0,,1510.0
-201.0,584.0,,-136.0,-98.0,-328.0,109.0,1463.0,,1390.0
-63.0,1011.0,,-93.0,-200.0,5.0,109.0,1409.0,,1276.0
-106.0,1725.0,,-96.0,-316.0,283.0,112.0,1422.0,,1142.0
-113.0,2607.0,,-73.0,-267.0,296.0,118.0,1217.0,,978.0
0.0,3292.0,,-51.0,-155.0,112.0,135.0,1369.0,,815.0
-46.0,3613.0,,-12.0,-27.0,171.0,154.0,1236.0,,687.0
11.0,3742.0,,82.0,183.0,194.0,165.0,1324.0,,599.0
-6.0,3671.0,,146.0,302.0,0.0,172.0,1389.0,,560.0
97.0,3459.0,,145.0,344.0,-227.0,211.0,1289.0,,553.0
129.0,3185.0,,162.0,394.0,-338.0,269.0,1356.0,,550.0
83.0,2884.0,,198.0,378.0,-231.0,299.0,1095.0,,546.0
57.0,2478.0,,291.0,454.0,-206.0,306.0,1127.0,,512.0
-26.0,1871.0,,398.0,640.0,-275.0,308.0,1073.0,,446.0
111.0,1165.0,,400.0,743.0,-408.0,321.0,1176.0,,375.0
110.0,531.0,,411.0,791.0,-603.0,311.0,1348.0,,301.0
194.0,47.0,,359.0,714.0,-814.0,286.0,1361.0,,250.0
291.0,-427.0,,308.0,503.0,-917.0,291.0,1662.0,,231.0
320.0,-706.0,,359.0,359.0,-936.0,319.0,1513.0,,250.0
349.0,-906.0,,297.0,245.0,-1061.0,342.0,1540.0,,312.0
197.0,-1388.0,,224.0,154.0,-1083.0,319.0,1507.0,,440.0
256.0,-2019.0,,293.0,104.0,-941.0,292.0,1358.0,,648.0
260.0,-2514.0,,280.0,-19.0,-615.0,305.0,1356.0,,897.0
266.0,-2742.0,,184.0,-90.0,-452.0,320.0,1058.0,,1147.0
198.0,-2683.0,,214.0,-29.0,-473.0,352.0,1128.0,,1326.0
124.0,-2258.0,,206.0,56.0,-273.0,382.0,1027.0,,1394.0
90.0,-1697.0,,133.0,213.0,-192.0,397.0,1066.0,,1344.0
-8.0,-1267.0,,119.0,336.0,-351.0,408.0,1106.0,,1189.0
11.0,-1060.0,,65.0,348.0,-512.0,421.0,914.0,,964.0
-79.0,-959.0,,52.0,356.0,-356.0,431.0,981.0,,695.0
-108.0,-764.0,,-3.0,229.0,-181.0,428.0,574.0,,438.0
-185.0,-465.0,,-77.0,43.0,-304.0,420.0,356.0,,234.0
-138.0,31.0,,-159.0,23.0,-321.0,400.0,92.0,,101.0
-123.0,751.0,,-286.0,97.0,-219.0,363.0,-57.0,,46.0
-196.0,1608.0,,-276.0,260.0,-151.0,313.0,171.0,,45.0
-118.0,2336.0,,-359.0,442.0,-229.0,305.0,184.0,,56.0
-157.0,2741.0,,-415.0,446.0,-70.0,304.0,419.0,,79.0
-76.0,2708.0,,-366.0,364.0,357.0,299.0,282.0,,120.0
-55.0,2108.0,,-323.0,287.0,599.0,291.0,240.0,,154.0
14.0,1209.0,,-249.0,231.0,569.0,268.0,186.0,,170.0
-64.0,226.0,,-215.0,332.0,478.0,262.0,20.0,,140.0
-183.0,-732.0,,-127.0,478.0,632.0,243.0,153.0,,76.0
-88.0,-1370.0,,-27.0,470.0,548.0,217.0,-29.0,,21.0
-96.0,-1382.0,,-17.0,290.0,248.0,177.0,60.0,,-8.0
-10.0,-944.0,,-62.0,-60.0,-4.0,147.0,-35.0,,-35.0
-138.0,-490.0,,-2.0,-363.0,-122.0,141.0,-49.0,,-92.0
-129.0,-160.0,,-22.0,-411.0,-58.0,138.0,55.0,,-160.0
-147.0,-84.0,,-96.0,-325.0,-139.0,112.0,-70.0,,-243.0
-175.0,-246.0,,-16.0,-151.0,-65.0,87.0,151.0,,-333.0
-112.0,-379.0,,-60.0,10.0,87.0,100.0,25.0,,-405.0
-213.0,-251.0,,1.0,-34.0,180.0,93.0,158.0,,-473.0
-126.0,-10.0,,94.0,-195.0,350.0,87.0,243.0,,-549.0
-197.0,-35.0,,55.0,-379.0,664.0,109.0,210.0,,-622.0
-148.0,-433.0,,27.0,-511.0,883.0,143.0,423.0,,-697.0
-177.0,-958.0,,-69.0,-442.0,690.0,169.0,266.0,,-770.0
-134.0,-1468.0,,-60.0,-278.0,484.0,164.0,319.0,,-833.0
-139.0,-2076.0,,-86.0,-106.0,556.0,135.0,134.0,,-904.0
-168.0,-2504.0,,-188.0,115.0,688.0,134.0,121.0,,-963.0
-39.0,-2485.0,,-304.0,232.0,488.0,129.0,221.0,,-999.0
-153.0,-2205.0,,-291.0,241.0,315.0,90.0,125.0,,-983.0
-16.0,-1701.0,,-225.0,251.0,432.0,87.0,328.0,,-888.0
-45.0,-938.0,,-246.0,229.0,675.0,81.0,266.0,,-714.0
0.0,-119.0,,-180.0,275.0,718.0,52.0,548.0,,-445.0
-17.0,554.0,,-166.0,343.0,461.0,15.0,720.0,,-128.0
-62.0,783.0,,-126.0,251.0,281.0,-30.0,731.0,,166.0
46.0,449.0,,-47.0,129.0,31.0,-67.0,750.0,,389.0
-38.0,-163.0,,28.0,104.0,-125.0,-72.0,406.0,,496.0
-83.0,-886.0,,55.0,212.0,-47.0,-47.0,351.0,,492.0
-207.0,-1454.0,,110.0,425.0,146.0,-4.0,16.0,,421.0
-183.0,-1650.0,,170.0,467.0,299.0,41.0,-140.0,,295.0
-197.0,-1373.0,,119.0,259.0,312.0,37.0,-203.0,,130.0
-185.0,-665.0,,174.0,6.0,363.0,13.0,-339.0,,-74.0
-231.0,32.0,,191.0,-209.0,478.0,-23.0,-240.0,,-317.0
-241.0,531.0,,174.0,-273.0,671.0,-48.0,-522.0,,-567.0
-169.0,986.0,,176.0,-99.0,785.0,-21.0,-532.0,,-831.0
-206.0,1495.0,,131.0,136.0,656.0,28.0,-674.0,,-1088.0
-100.0,1863.0,,100.0,315.0,326.0,53.0,-718.0,,-1313.0
-80.0,1911.0,,138.0,360.0,37.0,43.0,-596.0,,-1496.0
-60.0,1614.0,,177.0,223.0,-144.0,15.0,-700.0,,-1621.0
-39.0,976.0,,60.0,78.0,-335.0,-48.0,-474.0,,-1661.0
0.0,175.0,,134.0,-64.0,-651.0,-85.0,-570.0,,-1620.0
44.0,-545.0,,214.0,-260.0,-969.0,-92.0,-500.0,,-1526.0
51.0,-942.0,,224.0,-394.0,-1025.0,-97.0,-487.0,,-1379.0
59.0,-1078.0,,384.0,-485.0,-933.0,-83.0,-550.0,,-1197.0
94.0,-1173.0,,338.0,-567.0,-858.0,-58.0,-376.0,,-984.0
104.0,-1196.0,,370.0,-644.0,-1005.0,-37.0,-570.0,,-766.0
23.0,-1229.0,,430.0,-810.0,-1102.0,-33.0,-473.0,,-557.0
58.0,-1523.0,,348.0,-943.0,-900.0,-20.0,-609.0,,-402.0
152.0,-1882.0,,270.0,-835.0,-707.0,-29.0,-692.0,,-353.0
86.0,-2040.0,,218.0,-553.0,-678.0,-61.0,-685.0,,-387.0
-3.0,-1905.0,,193.0,-209.0,-778.0,-86.0,-849.0,,-496.0
142.0,-1412.0,,65.0,62.0,-613.0,-115.0,-593.0,,-622.0
93.0,-859.0,,24.0,122.0,-369.0,-130.0,-620.0,,-746.0
64.0,-360.0,,20.0,98.0,-580.0,-123.0,-491.0,,-895.0
72.0,-48.0,,79.0,102.0,-959.0,-104.0,-561.0,,-1066.0
-77.0,-176.0,,139.0,188.0,-1117.0,-78.0,-715.0,,-1243.0
25.0,-541.0,,41.0,473.0,-1046.0,-78.0,-652.0,,-1400.0
26.0,-833.0,,62.0,814.0,-973.0,-97.0,-820.0,,-1515.0
108.0,-1017.0,,84.0,1008.0,-1043.0,-118.0,-600.0,,-1565.0
30.0,-1192.0,,27.0,1082.0,-1226.0,-131.0,-528.0,,-1528.0
-64.0,-1176.0,,80.0,1016.0,-1364.0,-125.0,-236.0,,-1391.0
36.0,-591.0,,140.0,822.0,-1333.0,-124.0,16.0,,-1163.0
-76.0,772.0,,142.0,584.0,-1310.0,-124.0,-20.0,,-851.0
19.0,2358.0,,168.0,279.0,-1451.0,-152.0,96.0,,-497.0
59.0,3397.0,,257.0,43.0,-1636.0,-197.0,-155.0,,-146.0
12.0,3686.0,,311.0,-14.0,-1752.0,-222.0,-145.0,,174.0
-30.0,3257.0,,358.0,-56.0,-1703.0,-232.0,-214.0,,464.0
-39.0,2279.0,,389.0,-148.0,-1742.0,-244.0,-247.0,,732.0
-139.0,908.0,,380.0,-240.0,-2045.0,-295.0,-84.0,,954.0
-369.0,-360.0,,388.0,-291.0,-2322.0,-348.0,-127.0,,1143.0
-471.0,-1160.0,,320.0,-187.0,-2322.0,-372.0,97.0,,1279.0
-450.0,-1588.0,,203.0,15.0,-2088.0,-363.0,40.0,,1339.0
-502.0,-1717.0,,62.0,91.0,-1976.0,-335.0,105.0,,1347.0
-581.0,-1600.0,,47.0,48.0,-1844.0,-341.0,173.0,,1289.0
-443.0,-1304.0,,-38.0,-66.0,-1608.0,-364.0,57.0,,1121.0
-539.0,-1040.0,,-198.0,-200.0,-1440.0,-404.0,131.0,,860.0
-553.0,-788.0,,-157.0,-191.0,-1270.0,-426.0,-155.0,,545.0
-465.0,-342.0,,-150.0,-82.0,-1081.0,-391.0,-262.0,,208.0
-361.0,331.0,,-170.0,13.0,-887.0,-381.0,-526.0,,-96.0
-426.0,1153.0,,-149.0,51.0,-751.0,-391.0,-613.0,,-364.0
-407.0,1843.0,,-85.0,-73.0,-715.0,-381.0,-436.0,,-587.0
-253.0,2130.0,,-41.0,-340.0,-926.0,-377.0,-471.0,,-741.0
-394.0,1952.0,,31.0,-569.0,-1233.0,-382.0,-214.0,,-804.0
-244.0,1314.0,,164.0,-699.0,-1282.0,-387.0,-334.0,,-753.0
-235.0,374.0,,222.0,-709.0,-1224.0,-381.0,-319.0,,-600.0
-126.0,-483.0,,247.0,-642.0,-1452.0,-366.0,-410.0,,-364.0
1.0,-1017.0,,276.0,-604.0,-1905.0,-392.0,-580.0,,-64.0
81.0,-1119.0,,264.0,-498.0,-2148.0,-423.0,-495.0,,253.0
0.0,-881.0,,319.0,-284.0,-2088.0,-428.0,-570.0,,548.0
-158.0,-569.0,,404.0,-106.0,-2018.0,-438.0,-194.0,,792.0
-55.0,-460.0,,385.0,11.0,-2080.0,-417.0,-90.0,,969.0
-78.0,-697.0,,437.0,74.0,-2004.0,-421.0,66.0,,1097.0
78.0,-1122.0,,384.0,8.0,-1748.0,-422.0,138.0,,1178.0
-68.0,-1500.0,,333.0,-147.0,-1527.0,-401.0,-31.0,,1218.0
21.0,-1733.0,,311.0,-311.0,-1438.0,-369.0,40.0,,1198.0
103.0,-1998.0,,260.0,-397.0,-1462.0,-308.0,-249.0,,1091.0
93.0,-2132.0,,331.0,-286.0,-1411.0,-282.0,-208.0,,918.0
262.0,-1948.0,,353.0,-78.0,-1456.0,-269.0,-210.0,,666.0
127.0,-1628.0,,342.0,50.0,-1714.0,-278.0,-94.0,,359.0
316.0,-1223.0,,305.0,105.0,-1933.0,-277.0,232.0,,26.0
209.0,-833.0,,355.0,-8.0,-2088.0,-263.0,267.0,,-319.0
206.0,-455.0,,316.0,-262.0,-2163.0,-283.0,550.0,,-645.0
242.0,-323.0,,272.0,-482.0,-2280.0,-311.0,508.0,,-926.0
246.0,-411.0,,336.0,-623.0,-2602.0,-339.0,539.0,,-1133.0
340.0,-341.0,,278.0,-510.0,-2713.0,-341.0,589.0,,-1262.0
51.0,1.0,,236.0,-220.0,-2533.0,-326.0,556.0,,-1302.0
236.0,652.0,,183.0,117.0,-2452.0,-311.0,733.0,,-1254.0
156.0,1295.0,,204.0,441.0,-2601.0,-300.0,642.0,,-1141.0
320.0,1835.0,,207.0,574.0,-2658.0,-305.0,829.0,,-967.0
391.0,2092.0,,130.0,566.0,-2393.0,-306.0,816.0,,-748.0
226.0,1908.0,,145.0,440.0,-2232.0,-286.0,777.0,,-530.0
433.0,1542.0,,159.0,298.0,-2124.0,-269.0,752.0,,-334.0
275.0,1272.0,,200.0,247.0,-1861.0,-253.0,445.0,,-139.0
487.0,1323.0,,160.0,238.0,-1574.0,-230.0,519.0,,53.0
267.0,1407.0,,149.0,186.0,-1427.0,-233.0,349.0,,185.0
317.0,1311.0,,230.0,103.0,-1360.0,-256.0,306.0,,208.0
281.0,1010.0,,247.0,11.0,-1258.0,-291.0,194.0,,148.0
87.0,450.0,,298.0,-96.0,-1376.0,-305.0,62.0,,16.0
225.0,-298.0,,300.0,-183.0,-1459.0,-302.0,188.0,,-128.0
87.0,-1064.0,,319.0,-322.0,-1308.0,-325.0,24.0,,-246.0
351.0,-1548.0,,302.0,-393.0,-1170.0,-324.0,186.0,,-382.0
71.0,-1563.0,,256.0,-441.0,-1333.0,-295.0,84.0,,-508.0
154.0,-1143.0,,214.0,-491.0,-1551.0,-274.0,60.0,,-628.0
259.0,-429.0,,30.0,-467.0,-1387.0,-253.0,64.0,,-770.0
333.0,505.0,,-94.0,-507.0,-1256.0,-250.0,-168.0,,-902.0
292.0,1428.0,,-237.0,-483.0,-1479.0,-253.0,-60.0,,-980.0
153.0,2057.0,,-386.0,-473.0,-1781.0,-263.0,-164.0,,-975.0
305.0,2197.0,,-444.0,-485.0,-1806.0,-286.0,35.0,,-863.0
14.0,1861.0,,-457.0,-369.0,-1842.0,-275.0,96.0,,-664.0
231.0,1078.0,,-366.0,-289.0,-2180.0,-223.0,112.0,,-435.0
95.0,-54.0,,-207.0,-168.0,-2322.0,-185.0,254.0,,-210.0
119.0,-1089.0,,-16.0,43.0,-2092.0,-195.0,64.0,,-37.0
57.0,-1688.0,,94.0,227.0,-1954.0,-225.0,88.0,,67.0
38.0,-1655.0,,162.0,425.0,-1936.0,-235.0,-195.0,,110.0
129.0,-1231.0,,276.0,537.0,-1667.0,-247.0,-221.0,,83.0
-60.0,-619.0,,380.0,494.0,-1275.0,-257.0,-133.0,,12.0
168.0,49.0,,327.0,440.0,-1198.0,-243.0,-153.0,,-102.0
-59.0,514.0,,211.0,338.0,-1423.0,-227.0,96.0,,-256.0
36.0,696.0,,134.0,255.0,-1496.0,-201.0,0.0,,-381.0
-31.0,640.0,,-27.0,305.0,-1473.0,-183.0,77.0,,-428.0
-4.0,682.0,,-110.0,300.0,-1565.0,-155.0,-81.0,,-382.0
150.0,711.0,,-202.0,251.0,-1583.0,-95.0,-199.0,,-255.0
17.0,754.0,,-331.0,189.0,-1464.0,-46.0,-243.0,,-103.0
83.0,846.0,,-292.0,61.0,-1345.0,-11.0,-500.0,,40.0
46.0,832.0,,-323.0,65.0,-1412.0,-8.0,-354.0,,205.0
314.0,855.0,,-361.0,190.0,-1505.0,-32.0,-415.0,,413.0
335.0,775.0,,-290.0,330.0,-1373.0,-54.0,-225.0,,620.0
285.0,652.0,,-257.0,500.0,-1077.0,-56.0,-133.0,,753.0
237.0,590.0,,-283.0,512.0,-919.0,-28.0,-110.0,,794.0
402.0,454.0,,-293.0,364.0,-847.0,6.0,109.0,,744.0
676.0,-3.0,,-251.0,212.0,-460.0,35.0,53.0,,619.0
700.0,-538.0,,-297.0,46.0,-52.0,51.0,306.0,,473.0
573.0,-961.0,,-250.0,-8.0,52.0,81.0,282.0,,318.0
427.0,-1387.0,,-175.0,69.0,35.0,113.0,286.0,,162.0
503.0,-1519.0,,-164.0,126.0,171.0,135.0,303.0,,35.0
415.0,-1553.0,,-95.0,182.0,502.0,172.0,192.0,,-41.0
545.0,-1547.0,,-123.0,215.0,561.0,238.0,323.0,,-39.0
315.0,-1416.0,,-96.0,191.0,386.0,269.0,114.0,,59.0
264.0,-1217.0,,-51.0,228.0,426.0,262.0,166.0,,244.0
341.0,-841.0,,-76.0,314.0,574.0,290.0,153.0,,481.0
277.0,-367.0,,-169.0,365.0,534.0,312.0,84.0,,701.0
264.0,89.0,,-222.0,362.0,354.0,349.0,59.0,,818.0
-99.0,423.0,,-228.0,220.0,174.0,375.0,-279.0,,812.0
106.0,694.0,,-294.0,4.0,62.0,375.0,-351.0,,711.0
-33.0,885.0,,-304.0,-115.0,102.0,407.0,-668.0,,578.0
-38.0,1021.0,,-323.0,-160.0,85.0,423.0,-772.0,,496.0
-101.0,1064.0,,-287.0,-88.0,-100.0,419.0,-811.0,,476.0
-171.0,1143.0,,-284.0,57.0,-273.0,411.0,-986.0,,512.0
76.0,1355.0,,-218.0,141.0,-295.0,386.0,-835.0,,583.0
-75.0,1441.0,,-141.0,241.0,-46.0,358.0,-929.0,,655.0
82.0,1448.0,,-92.0,268.0,229.0,367.0,-731.0,,734.0
-124.0,1357.0,,108.0,159.0,403.0,393.0,-692.0,,823.0
71.0,1195.0,,273.0,76.0,619.0,404.0,-674.0,,927.0
86.0,893.0,,384.0,-24.0,809.0,423.0,-550.0,,1046.0
4.0,528.0,,435.0,-97.0,933.0,459.0,-740.0,,1136.0
21.0,322.0,,537.0,-71.0,1001.0,497.0,-685.0,,1149.0
-157.0,269.0,,619.0,-123.0,1171.0,518.0,-914.0,,1042.0
-9.0,278.0,,599.0,-193.0,1464.0,555.0,-914.0,,822.0
-260.0,374.0,,554.0,-229.0,1704.0,595.0,-896.0,,525.0
-135.0,703.0,,446.0,-314.0,1695.0,604.0,-951.0,,160.0
-388.0,961.0,,334.0,-293.0,1529.0,562.0,-829.0,,-254.0
-366.0,1189.0,,208.0,-216.0,1579.0,506.0,-1040.0,,-685.0
-275.0,1174.0,,194.0,-181.0,1732.0,469.0,-910.0,,-1062.0
-411.0,854.0,,270.0,-58.0,1802.0,477.0,-955.0,,-1321.0
-273.0,558.0,,255.0,20.0,1681.0,533.0,-829.0,,-1403.0
-353.0,59.0,,167.0,22.0,1561.0,556.0,-611.0,,-1281.0
-9.0,-423.0,,44.0,47.0,1691.0,567.0,-692.0,,-969.0
-145.0,-703.0,,85.0,-39.0,1645.0,580.0,-509.0,,-499.0
-80.0,-930.0,,152.0,-139.0,1255.0,589.0,-630.0,,82.0
-168.0,-1239.0,,69.0,-148.0,967.0,614.0,-539.0,,673.0
-187.0,-1540.0,,88.0,-140.0,1063.0,627.0,-556.0,,1172.0
-36.0,-1849.0,,134.0,-26.0,1242.0,623.0,-524.0,,1549.0
-211.0,-2210.0,,178.0,107.0,1275.0,628.0,-291.0,,1775.0
30.0,-2441.0,,160.0,124.0,1412.0,638.0,-362.0,,1837.0
-128.0,-2463.0,,111.0,150.0,1790.0,649.0,-134.0,,1742.0
42.0,-2356.0,,89.0,171.0,2260.0,616.0,-280.0,,1496.0
29.0,-2163.0,,-25.0,138.0,2637.0,555.0,-315.0,,1139.0
26.0,-1814.0,,-127.0,116.0,2792.0,522.0,-299.0,,727.0
190.0,-1364.0,,-235.0,21.0,2831.0,509.0,-495.0,,333.0
115.0,-712.0,,-231.0,-121.0,2818.0,505.0,-495.0,,13.0
214.0,-182.0,,-104.0,-176.0,2604.0,487.0,-803.0,,-203.0
79.0,245.0,,-116.0,-209.0,2252.0,499.0,-833.0,,-319.0
261.0,641.0,,-159.0,-190.0,2003.0,539.0,-1088.0,,-367.0
245.0,887.0,,-45.0,-57.0,1954.0,555.0,-1354.0,,-383.0
255.0,1170.0,,59.0,38.0,1928.0,563.0,-1444.0,,-379.0
315.0,1312.0,,124.0,85.0,1924.0,560.0,-1637.0,,-341.0
360.0,1341.0,,91.0,129.0,1943.0,562.0,-1363.0,,-254.0
472.0,1182.0,,87.0,79.0,1962.0,542.0,-1335.0,,-123.0
338.0,885.0,,141.0,34.0,2019.0,486.0,-1106.0,,40.0
419.0,417.0,,74.0,109.0,2002.0,438.0,-1003.0,,157.0
443.0,50.0,,95.0,221.0,1998.0,409.0,-1071.0,,183.0
537.0,-109.0,,45.0,363.0,1890.0,369.0,-1008.0,,135.0
454.0,-293.0,,65.0,468.0,1788.0,331.0,-1365.0,,28.0
435.0,-257.0,,76.0,445.0,1942.0,325.0,-1385.0,,-68.0
471.0,-157.0,,-81.0,420.0,2176.0,310.0,-1566.0,,-115.0
392.0,-1.0,,-102.0,437.0,2234.0,288.0,-1603.0,,-136.0
506.0,85.0,,-134.0,438.0,1961.0,263.0,-1478.0,,-148.0
461.0,141.0,,-132.0,471.0,1822.0,245.0,-1509.0,,-198.0
483.0,99.0,,-214.0,496.0,1910.0,234.0,-1335.0,,-299.0
525.0,-155.0,,-267.0,462.0,1801.0,202.0,-1470.0,,-430.0
597.0,-257.0,,-292.0,413.0,1535.0,186.0,-1334.0,,-540.0
571.0,-132.0,,-472.0,295.0,1210.0,181.0,-1267.0,,-576.0
593.0,207.0,,-587.0,124.0,1011.0,177.0,-1154.0,,-548.0
645.0,437.0,,-720.0,11.0,871.0,160.0,-1027.0,,-460.0
572.0,455.0,,-851.0,-73.0,703.0,126.0,-1295.0,,-327.0
487.0,412.0,,-960.0,-166.0,739.0,98.0,-1151.0,,-154.0
428.0,284.0,,-1021.0,-185.0,897.0,87.0,-1230.0,,71.0
442.0,76.0,,-1018.0,-139.0,997.0,96.0,-1206.0,,381.0
351.0,106.0,,-923.0,-75.0,867.0,94.0,-1164.0,,769.0
379.0,411.0,,-657.0,42.0,754.0,87.0,-1263.0,,1126.0
281.0,577.0,,-328.0,141.0,824.0,83.0,-1075.0,,1373.0
355.0,607.0,,11.0,179.0,806.0,86.0,-1145.0,,1439.0
360.0,435.0,,283.0,170.0,809.0,146.0,-881.0,,1346.0
374.0,245.0,,498.0,60.0,887.0,222.0,-770.0,,1191.0
378.0,121.0,,626.0,-98.0,932.0,260.0,-739.0,,1038.0
244.0,-39.0,,651.0,-181.0,801.0,252.0,-689.0,,894.0
370.0,34.0,,616.0,-206.0,612.0,208.0,-990.0,,717.0
155.0,379.0,,487.0,-219.0,594.0,184.0,-929.0,,497.0
228.0,883.0,,324.0,-217.0,748.0,165.0,-992.0,,237.0
128.0,1128.0,,99.0,-289.0,1026.0,141.0,-726.0,,-14.0
93.0,1091.0,,-138.0,-415.0,1258.0,126.0,-471.0,,-191.0
17.0,1036.0,,-311.0,-515.0,1229.0,114.0,-412.0,,-279.0
-84.0,769.0,,-477.0,-589.0,962.0,93.0,-205.0,,-295.0
127.0,275.0,,-589.0,-570.0,744.0,43.0,-436.0,,-285.0
-79.0,-265.0,,-695.0,-441.0,695.0,15.0,-509.0,,-281.0
95.0,-479.0,,-743.0,-294.0,740.0,3.0,-777.0,,-303.0
-38.0,-433.0,,-671.0,-162.0,714.0,11.0,-873.0,,-352.0
-27.0,-483.0,,-607.0,-11.0,699.0,18.0,-805.0,,-374.0
-56.0,-388.0,,-532.0,123.0,713.0,19.0,-909.0,,-349.0
-123.0,-159.0,,-410.0,239.0,600.0,45.0,-652.0,,-322.0
-13.0,-100.0,,-166.0,326.0,394.0,38.0,-722.0,,-322.0
-197.0,-312.0,,-26.0,303.0,81.0,20.0,-707.0,,-357.0
38.0,-764.0,,65.0,230.0,-174.0,0.0,-833.0,,-428.0
-5.0,-939.0,,322.0,212.0,-301.0,15.0,-958.0,,-503.0
22.0,-971.0,,214.0,211.0,-421.0,38.0,-824.0,,-512.0
32.0,-1144.0,,-2.0,211.0,-600.0,0.0,-975.0,,-438.0
53.0,-1146.0,,246.0,202.0,-669.0,-31.0,-812.0,,-297.0
45.0,-1112.0,,501.0,84.0,-594.0,-81.0,-912.0,,-123.0
-29.0,-957.0,,273.0,-91.0,-728.0,-140.0,-861.0,,29.0
91.0,-735.0,,10.0,-264.0,-877.0,-159.0,-713.0,,188.0
172.0,-477.0,,106.0,-472.0,-780.0,-139.0,-838.0,,388.0
245.0,-54.0,,-42.0,-570.0,-634.0,-109.0,-742.0,,652.0
172.0,339.0,,-255.0,-480.0,-799.0,-110.0,-866.0,,947.0
181.0,573.0,,-112.0,-358.0,-1083.0,-123.0,-659.0,,1187.0
139.0,609.0,,-123.0,-282.0,-935.0,-141.0,-674.0,,1361.0
264.0,516.0,,-49.0,-295.0,-771.0,-154.0,-713.0,,1457.0
118.0,444.0,,-65.0,-425.0,-855.0,-151.0,-569.0,,1515.0
27.0,516.0,,-155.0,-516.0,-941.0,-156.0,-703.0,,1604.0
56.0,372.0,,252.0,-503.0,-1005.0,-193.0,-480.0,,1741.0
117.0,88.0,,115.0,-469.0,-1086.0,-221.0,-541.0,,1921.0
166.0,-2.0,,-19.0,-400.0,-1147.0,-208.0,-395.0,,2091.0
53.0,-18.0,,448.0,-348.0,-1071.0,-194.0,-206.0,,2155.0
224.0,59.0,,442.0,-355.0,-849.0,-202.0,-138.0,,2058.0
168.0,351.0,,322.0,-292.0,-638.0,-191.0,107.0,,1823.0
279.0,719.0,,536.0,-142.0,-545.0,-154.0,31.0,,1529.0
165.0,951.0,,539.0,0.0,-252.0,-146.0,236.0,,1248.0
248.0,1060.0,,356.0,130.0,112.0,-127.0,280.0,,1028.0
316.0,1007.0,,339.0,176.0,204.0,-111.0,463.0,,883.0
292.0,774.0,,88.0,85.0,194.0,-131.0,742.0,,771.0
425.0,307.0,,-32.0,-3.0,300.0,-177.0,768.0,,674.0
289.0,-190.0,,-59.0,-53.0,351.0,-227.0,1023.0,,550.0
423.0,-658.0,,-394.0,-81.0,177.0,-241.0,862.0,,381.0
303.0,-1042.0,,-605.0,-15.0,65.0,-241.0,796.0,,194.0
390.0,-1272.0,,-768.0,72.0,-66.0,-233.0,707.0,,21.0
263.0,-1277.0,,-735.0,119.0,-250.0,-239.0,550.0,,-100.0
269.0,-1019.0,,-704.0,188.0,-346.0,-241.0,635.0,,-164.0
326.0,-948.0,,-761.0,224.0,-294.0,-253.0,463.0,,-158.0
253.0,-675.0,,-536.0,200.0,-89.0,-270.0,559.0,,-103.0
328.0,-235.0,,-468.0,195.0,64.0,-254.0,461.0,,-36.0
39.0,19.0,,-385.0,179.0,313.0,-232.0,354.0,,21.0
127.0,221.0,,-164.0,155.0,701.0,-207.0,327.0,,67.0
46.0,394.0,,-76.0,194.0,903.0,-190.0,147.0,,92.0
81.0,669.0,,54.0,212.0,997.0,-166.0,363.0,,97.0
-29.0,782.0,,107.0,174.0,1032.0,-157.0,347.0,,105.0
-124.0,857.0,,154.0,135.0,920.0,-171.0,569.0,,121.0
-66.0,833.0,,194.0,54.0,843.0,-176.0,681.0,,149.0
-194.0,723.0,,255.0,-22.0,694.0,-188.0,589.0,,184.0
-145.0,690.0,,208.0,-34.0,505.0,-194.0,648.0,,222.0
-281.0,445.0,,91.0,-62.0,248.0,-196.0,301.0,,228.0
-192.0,177.0,,42.0,-78.0,50.0,-177.0,299.0,,189.0
-180.0,168.0,,-112.0,-58.0,104.0,-159.0,254.0,,137.0
-154.0,313.0,,-236.0,-88.0,45.0,-170.0,426.0,,80.0
-220.0,209.0,,-379.0,-129.0,27.0,-169.0,683.0,,22.0
-315.0,76.0,,-498.0,-175.0,8.0,-156.0,709.0,,-31.0
-207.0,135.0,,-690.0,-262.0,-27.0,-149.0,982.0,,-92.0
-213.0,168.0,,-814.0,-269.0,23.0,-143.0,934.0,,-174.0
-298.0,85.0,,-764.0,-177.0,-6.0,-145.0,1140.0,,-300.0
-380.0,-93.0,,-790.0,-82.0,35.0,-151.0,1125.0,,-479.0
-286.0,-134.0,,-754.0,40.0,23.0,-162.0,1071.0,,-725.0
-210.0,-156.0,,-688.0,147.0,-47.0,-180.0,1127.0,,-1047.0
-222.0,-407.0,,-667.0,201.0,-173.0,-175.0,885.0,,-1422.0
-268.0,-740.0,,-673.0,297.0,-274.0,-151.0,992.0,,-1791.0
-189.0,-873.0,,-643.0,370.0,-319.0,-133.0,809.0,,-2114.0
-251.0,-863.0,,-520.0,358.0,-425.0,-128.0,825.0,,-2358.0
-278.0,-802.0,,-432.0,353.0,-476.0,-146.0,818.0,,-2489.0
-257.0,-735.0,,-384.0,295.0,-589.0,-179.0,748.0,,-2546.0
-313.0,-503.0,,-361.0,202.0,-561.0,-190.0,962.0,,-2523.0
-317.0,-21.0,,-378.0,193.0,-502.0,-173.0,929.0,,-2430.0
-411.0,308.0,,-286.0,163.0,-450.0,-144.0,1298.0,,-2328.0
-400.0,477.0,,-298.0,115.0,-258.0,-116.0,1465.0,,-2236.0
-400.0,699.0,,-412.0,110.0,-92.0,-99.0,1659.0,,-2150.0
-367.0,933.0,,-301.0,57.0,-31.0,-92.0,1871.0,,-2084.0
-480.0,1004.0,,-171.0,38.0,-262.0,-104.0,1842.0,,-2068.0
-647.0,863.0,,-224.0,80.0,-467.0,-106.0,2102.0,,-2083.0
-602.0,596.0,,-294.0,59.0,-658.0,-109.0,2056.0,,-2110.0
-594.0,393.0,,-313.0,45.0,-871.0,-119.0,2263.0,,-2125.0
-681.0,204.0,,-390.0,54.0,-972.0,-116.0,2300.0,,-2099.0
-728.0,-145.0,,-443.0,25.0,-1060.0,-113.0,2121.0,,-2005.0
-693.0,-471.0,,-508.0,33.0,-1149.0,-101.0,2087.0,,-1838.0
-676.0,-688.0,,-447.0,32.0,-1329.0,-108.0,1818.0,,-1611.0
-735.0,-738.0,,-295.0,-6.0,-1318.0,-141.0,1812.0,,-1330.0
-743.0,-870.0,,-271.0,-11.0,-1067.0,-168.0,1552.0,,-1036.0
-698.0,-1121.0,,-146.0,-74.0,-799.0,-188.0,1470.0,,-744.0
-732.0,-990.0,,-55.0,-188.0,-757.0,-184.0,1583.0,,-456.0
-692.0,-757.0,,54.0,-240.0,-700.0,-207.0,1690.0,,-177.0
-551.0,-621.0,,226.0,-304.0,-550.0,-227.0,2049.0,,95.0
-368.0,-501.0,,271.0,-367.0,-563.0,-203.0,1986.0,,359.0
-301.0,-459.0,,346.0,-361.0,-479.0,-209.0,2117.0,,622.0
-241.0,-390.0,,482.0,-376.0,-288.0,-230.0,2004.0,,861.0
-200.0,-508.0,,486.0,-344.0,31.0,-264.0,1720.0,,1082.0
-200.0,-562.0,,394.0,-235.0,339.0,-282.0,1589.0,,1266.0
-190.0,-420.0,,331.0,-152.0,473.0,-283.0,1212.0,,1400.0
-218.0,-265.0,,211.0,-14.0,427.0,-310.0,1225.0,,1514.0
-246.0,-17.0,,62.0,139.0,257.0,-335.0,1136.0,,1598.0
-314.0,133.0,,-99.0,200.0,91.0,-352.0,1273.0,,1650.0
-261.0,184.0,,-229.0,248.0,-100.0,-342.0,1422.0,,1615.0
-231.0,195.0,,-357.0,231.0,-238.0,-328.0,1424.0,,1494.0
-293.0,124.0,,-416.0,143.0,-323.0,-304.0,1692.0,,1313.0
-328.0,-16.0,,-383.0,115.0,-191.0,-324.0,1568.0,,1064.0
-360.0,-111.0,,-344.0,60.0,20.0,-398.0,1709.0,,789.0
-461.0,-67.0,,-238.0,-10.0,188.0,-428.0,1574.0,,493.0
-467.0,41.0,,-145.0,-20.0,469.0,-417.0,1350.0,,197.0
-527.0,174.0,,20.0,-72.0,807.0,-395.0,1315.0,,-70.0
-550.0,232.0,,162.0,-105.0,1070.0,-359.0,1086.0,,-269.0
-542.0,291.0,,200.0,-91.0,1162.0,-317.0,1284.0,,-392.0
-489.0,511.0,,196.0,-117.0,1024.0,-306.0,1208.0,,-467.0
-370.0,758.0,,105.0,-94.0,661.0,-303.0,1354.0,,-471.0
-334.0,792.0,,-28.0,-73.0,447.0,-303.0,1533.0,,-423.0
-71.0,677.0,,-105.0,-168.0,310.0,-300.0,1649.0,,-336.0
-153.0,655.0,,-171.0,-284.0,158.0,-264.0,1934.0,,-225.0
-146.0,624.0,,-260.0,-439.0,204.0,-230.0,1766.0,,-110.0
-64.0,398.0,,-336.0,-583.0,290.0,-222.0,1903.0,,2.0
83.0,189.0,,-462.0,-572.0,538.0,-243.0,1923.0,,66.0
224.0,227.0,,-432.0,-511.0,905.0,-220.0,2034.0,,68.0
222.0,272.0,,-406.0,-401.0,1101.0,-162.0,2117.0,,6.0
430.0,11.0,,-335.0,-222.0,1249.0,-137.0,1949.0,,-85.0
240.0,-320.0,,-186.0,-123.0,1386.0,-119.0,2082.0,,-163.0
277.0,-426.0,,-224.0,-48.0,1328.0,-118.0,1897.0,,-246.0
185.0,-558.0,,-145.0,51.0,1007.0,-115.0,1858.0,,-359.0
83.0,-868.0,,-41.0,128.0,702.0,-110.0,1642.0,,-510.0
39.0,-1148.0,,-28.0,236.0,608.0,-100.0,1407.0,,-677.0
0.0,-1102.0,,144.0,283.0,471.0,-80.0,1476.0,,-827.0
42.0,-866.0,,313.0,182.0,298.0,-82.0,1341.0,,-929.0
-151.0,-766.0,,216.0,61.0,275.0,-79.0,1498.0,,-936.0
-111.0,-528.0,,175.0,-69.0,277.0,-71.0,1450.0,,-877.0
-179.0,-130.0,,282.0,-179.0,195.0,-60.0,1476.0,,-783.0
-158.0,292.0,,202.0,-175.0,124.0,-56.0,1376.0,,-667.0
-248.0,539.0,,120.0,-195.0,62.0,-57.0,1014.0,,-562.0
-217.0,515.0,,98.0,-218.0,-65.0,-52.0,921.0,,-461.0
-209.0,484.0,,-34.0,-219.0,-283.0,-38.0,556.0,,-328.0
-160.0,395.0,,-187.0,-307.0,-354.0,-9.0,500.0,,-150.0
-32.0,210.0,,-221.0,-354.0,-260.0,-1.0,391.0,,67.0
-248.0,-88.0,,-282.0,-346.0,-273.0,15.0,365.0,,301.0
-182.0,-241.0,,-438.0,-332.0,-369.0,29.0,506.0,,490.0
-199.0,-201.0,,-540.0,-208.0,-468.0,-2.0,334.0,,599.0
-279.0,-185.0,,-577.0,-60.0,-260.0,-37.0,491.0,,598.0
-464.0,-191.0,,-748.0,77.0,-114.0,-73.0,474.0,,512.0
-493.0,-22.0,,-825.0,256.0,-296.0,-78.0,661.0,,374.0
-448.0,387.0,,-586.0,324.0,-369.0,-69.0,794.0,,215.0
-473.0,601.0,,-593.0,339.0,-454.0,-66.0,770.0,,79.0
-343.0,626.0,,-499.0,387.0,-738.0,-50.0,929.0,,-34.0
-338.0,636.0,,-173.0,359.0,-1179.0,-53.0,755.0,,-120.0
-284.0,602.0,,-10.0,351.0,-1422.0,-47.0,792.0,,-157.0
-140.0,396.0,,241.0,343.0,-1536.0,-20.0,565.0,,-130.0
221.0,116.0,,561.0,270.0,-1535.0,-3.0,419.0,,-62.0
241.0,-57.0,,706.0,287.0,-1345.0,6.0,436.0,,22.0
217.0,-110.0,,671.0,324.0,-1182.0,1.0,334.0,,114.0
390.0,-86.0,,720.0,330.0,-791.0,-21.0,593.0,,219.0
498.0,-50.0,,682.0,370.0,-471.0,-31.0,500.0,,328.0
493.0,18.0,,550.0,304.0,-369.0,-37.0,515.0,,405.0
302.0,-49.0,,359.0,185.0,-148.0,-43.0,502.0,,438.0
389.0,-100.0,,27.0,114.0,184.0,-21.0,338.0,,373.0
417.0,-187.0,,-325.0,-11.0,435.0,-1.0,332.0,,227.0
542.0,-190.0,,-460.0,-102.0,505.0,9.0,86.0,,51.0
472.0,3.0,,-633.0,-181.0,555.0,9.0,199.0,,-111.0
456.0,223.0,,-762.0,-322.0,588.0,6.0,179.0,,-186.0
661.0,461.0,,-625.0,-379.0,578.0,26.0,218.0,,-139.0
676.0,487.0,,-687.0,-434.0,499.0,45.0,303.0,,18.0
705.0,488.0,,-615.0,-500.0,419.0,26.0,169.0,,248.0
379.0,414.0,,-398.0,-489.0,252.0,-14.0,349.0,,465.0
359.0,158.0,,-179.0,-523.0,73.0,-35.0,247.0,,586.0
471.0,-182.0,,-114.0,-523.0,-25.0,-52.0,458.0,,595.0
404.0,-369.0,,14.0,-422.0,-198.0,-50.0,626.0,,516.0
195.0,-368.0,,147.0,-335.0,-266.0,-42.0,691.0,,437.0
43.0,-429.0,,161.0,-168.0,-344.0,-46.0,918.0,,415.0
196.0,-416.0,,179.0,4.0,-313.0,-46.0,740.0,,485.0
134.0,-367.0,,90.0,41.0,-109.0,-34.0,665.0,,657.0
2.0,-222.0,,128.0,62.0,-66.0,-4.0,208.0,,872.0
-241.0,-20.0,,-41.0,16.0,47.0,9.0,-60.0,,1113.0
-318.0,181.0,,17.0,-82.0,139.0,4.0,-192.0,,1345.0
-344.0,391.0,,-116.0,-99.0,206.0,-4.0,-436.0,,1526.0
-363.0,492.0,,-295.0,-132.0,342.0,18.0,-412.0,,1647.0
-492.0,525.0,,-287.0,-112.0,262.0,52.0,-687.0,,1696.0
-711.0,439.0,,-615.0,-29.0,36.0,98.0,-641.0,,1662.0
-564.0,293.0,,-635.0,-21.0,-254.0,172.0,-674.0,,1562.0
-480.0,132.0,,-514.0,19.0,-404.0,185.0,-685.0,,1404.0
-558.0,-6.0,,-365.0,39.0,-597.0,167.0,-630.0,,1223.0
-689.0,-148.0,,-404.0,-30.0,-924.0,157.0,-909.0,,1063.0
-514.0,-388.0,,-183.0,-69.0,-980.0,141.0,-872.0,,939.0
-372.0,-522.0,,68.0,-142.0,-948.0,144.0,-1066.0,,898.0
-332.0,-539.0,,28.0,-216.0,-891.0,158.0,-1090.0,,913.0
-169.0,-651.0,,373.0,-218.0,-682.0,155.0,-1084.0,,950.0
-128.0,-821.0,,705.0,-257.0,-459.0,135.0,-1175.0,,983.0
207.0,-971.0,,842.0,-224.0,-256.0,113.0,-1018.0,,992.0
318.0,-1007.0,,984.0,-121.0,-137.0,93.0,-1128.0,,1025.0
253.0,-936.0,,1221.0,-92.0,-158.0,112.0,-977.0,,1118.0
344.0,-903.0,,1301.0,-12.0,-391.0,146.0,-1067.0,,1292.0
400.0,-799.0,,1242.0,60.0,-798.0,163.0,-1108.0,,1523.0
573.0,-564.0,,1171.0,68.0,-978.0,143.0,-1079.0,,1757.0
387.0,-333.0,,1077.0,133.0,-865.0,98.0,-1284.0,,1949.0
303.0,-125.0,,917.0,148.0,-563.0,78.0,-1086.0,,2061.0
287.0,119.0,,767.0,162.0,-518.0,53.0,-1125.0,,2094.0
273.0,388.0,,649.0,254.0,-761.0,38.0,-885.0,,2072.0
351.0,706.0,,465.0,267.0,-757.0,51.0,-753.0,,1995.0
87.0,1007.0,,318.0,288.0,-684.0,48.0,-790.0,,1888.0
54.0,1088.0,,186.0,316.0,-625.0,39.0,-676.0,,1748.0
54.0,1137.0,,24.0,250.0,-530.0,27.0,-870.0,,1552.0
173.0,1148.0,,-107.0,229.0,-287.0,6.0,-731.0,,1313.0
159.0,958.0,,-143.0,198.0,-99.0,-15.0,-811.0,,1047.0
19.0,714.0,,-102.0,125.0,-271.0,-31.0,-700.0,,823.0
60.0,415.0,,269.0,142.0,-355.0,-15.0,-513.0,,664.0
104.0,243.0,,495.0,147.0,-34.0,15.0,-563.0,,561.0
253.0,133.0,,582.0,134.0,284.0,29.0,-458.0,,518.0
129.0,2.0,,742.0,144.0,207.0,30.0,-798.0,,508.0
106.0,-40.0,,840.0,56.0,33.0,2.0,-879.0,,544.0
64.0,-97.0,,937.0,-34.0,114.0,-26.0,-1040.0,,633.0
130.0,-10.0,,916.0,-116.0,295.0,-9.0,-1112.0,,774.0
134.0,3.0,,1027.0,-248.0,248.0,17.0,-977.0,,949.0
50.0,-76.0,,935.0,-268.0,-16.0,57.0,-1188.0,,1118.0
92.0,-43.0,,859.0,-243.0,-236.0,83.0,-1152.0,,1271.0
32.0,-196.0,,798.0,-222.0,-266.0,72.0,-1407.0,,1346.0
98.0,-546.0,,713.0,-128.0,-238.0,101.0,-1439.0,,1339.0
-52.0,-852.0,,619.0,-114.0,-342.0,151.0,-1415.0,,1286.0
-166.0,-1007.0,,498.0,-128.0,-607.0,192.0,-1516.0,,1213.0
-320.0,-1073.0,,624.0,-57.0,-751.0,223.0,-1380.0,,1145.0
-294.0,-1006.0,,449.0,-10.0,-613.0,207.0,-1564.0,,1035.0
-333.0,-880.0,,325.0,103.0,-343.0,182.0,-1548.0,,851.0
-517.0,-790.0,,415.0,258.0,-100.0,198.0,-1779.0,,564.0
-470.0,-516.0,,483.0,300.0,61.0,235.0,-1862.0,,203.0
-415.0,-238.0,,412.0,339.0,404.0,269.0,-1736.0,,-153.0
-287.0,24.0,,370.0,333.0,739.0,316.0,-1775.0,,-447.0
-403.0,410.0,,477.0,258.0,663.0,369.0,-1518.0,,-639.0
-289.0,618.0,,404.0,238.0,285.0,426.0,-1613.0,,-744.0
-271.0,755.0,,292.0,173.0,45.0,473.0,-1515.0,,-781.0
-297.0,799.0,,237.0,79.0,5.0,483.0,-1448.0,,-791.0
-341.0,651.0,,267.0,41.0,-123.0,487.0,-1455.0,,-784.0
-493.0,503.0,,227.0,-19.0,-272.0,523.0,-1354.0,,-752.0
-400.0,139.0,,192.0,-15.0,-396.0,582.0,-1539.0,,-695.0
-460.0,-303.0,,171.0,56.0,-417.0,636.0,-1404.0,,-648.0
-332.0,-568.0,,82.0,56.0,-401.0,657.0,-1435.0,,-628.0
-402.0,-775.0,,-78.0,57.0,-475.0,662.0,-1343.0,,-662.0
-444.0,-953.0,,-222.0,25.0,-427.0,672.0,-1280.0,,-784.0
-523.0,-1182.0,,-299.0,-68.0,-176.0,685.0,-1476.0,,-977.0
-514.0,-1317.0,,-557.0,-66.0,104.0,699.0,-1459.0,,-1264.0
-360.0,-1290.0,,-749.0,-45.0,203.0,705.0,-1760.0,,-1612.0
-597.0,-1254.0,,-919.0,-12.0,307.0,722.0,-1781.0,,-1978.0
-682.0,-1098.0,,-1174.0,93.0,711.0,733.0,-1831.0,,-2324.0
-803.0,-794.0,,-1214.0,120.0,1064.0,709.0,-1882.0,,-2612.0
-710.0,-462.0,,-1241.0,142.0,1131.0,694.0,-1799.0,,-2829.0
-879.0,-97.0,,-1349.0,151.0,1051.0,710.0,-1938.0,,-2936.0
-1055.0,299.0,,-1333.0,62.0,796.0,735.0,-1790.0,,-2918.0
-1064.0,583.0,,-1294.0,-13.0,568.0,729.0,-1871.0,,-2780.0
-1128.0,749.0,,-1190.0,-131.0,452.0,699.0,-1736.0,,-2548.0
-1088.0,711.0,,-1089.0,-228.0,394.0,687.0,-1679.0,,-2267.0
-1416.0,585.0,,-967.0,-213.0,362.0,682.0,-1633.0,,-1949.0
-1350.0,650.0,,-761.0,-239.0,363.0,674.0,-1158.0,,-1599.0
-1314.0,645.0,,-624.0,-243.0,692.0,673.0,-975.0,,-1238.0
-1195.0,560.0,,-471.0,-171.0,1131.0,665.0,-633.0,,-881.0
-1201.0,433.0,,-384.0,-120.0,1342.0,647.0,-659.0,,-531.0
-1233.0,262.0,,-345.0,34.0,1310.0,621.0,-687.0,,-202.0
-1009.0,96.0,,-366.0,193.0,1172.0,596.0,-679.0,,96.0
-1062.0,-57.0,,-335.0,275.0,1192.0,560.0,-1051.0,,308.0
-907.0,-127.0,,-291.0,446.0,1155.0,495.0,-1138.0,,404.0
-984.0,-156.0,,-211.0,544.0,955.0,430.0,-1439.0,,373.0
-734.0,-15.0,,-45.0,568.0,883.0,355.0,-1439.0,,200.0
-583.0,102.0,,0.0,570.0,1007.0,288.0,-1463.0,,-65.0
-418.0,213.0,,148.0,441.0,1037.0,264.0,-1500.0,,-392.0
-315.0,329.0,,216.0,322.0,803.0,239.0,-1210.0,,-754.0
-424.0,302.0,,167.0,267.0,657.0,210.0,-1213.0,,-1092.0
-67.0,224.0,,136.0,203.0,717.0,166.0,-986.0,,-1376.0
-114.0,16.0,,152.0,162.0,753.0,109.0,-1067.0,,-1590.0
-30.0,-102.0,,159.0,143.0,680.0,73.0,-1091.0,,-1728.0
-222.0,-210.0,,28.0,109.0,657.0,48.0,-1080.0,,-1787.0
-96.0,-330.0,,-114.0,87.0,607.0,31.0,-1197.0,,-1777.0
157.0,-286.0,,-169.0,73.0,504.0,17.0,-916.0,,-1681.0
-73.0,-156.0,,-183.0,47.0,630.0,-2.0,-977.0,,-1499.0
-117.0,-38.0,,-235.0,-2.0,798.0,-26.0,-846.0,,-1253.0
-253.0,24.0,,-183.0,-27.0,849.0,-46.0,-872.0,,-957.0
-147.0,76.0,,-131.0,-8.0,564.0,-81.0,-894.0,,-651.0
-435.0,51.0,,-31.0,-4.0,149.0,-103.0,-812.0,,-358.0
-567.0,-17.0,,42.0,19.0,142.0,-115.0,-1060.0,,-144.0
-703.0,-81.0,,110.0,12.0,274.0,-131.0,-1018.0,,-21.0
-729.0,-32.0,,327.0,-55.0,376.0,-143.0,-1304.0,,28.0
-579.0,-4.0,,427.0,-72.0,569.0,-184.0,-1361.0,,-1.0
-733.0,-66.0,,455.0,-92.0,769.0,-204.0,-1343.0,,-42.0
-480.0,-152.0,,526.0,-122.0,711.0,-229.0,-1343.0,,-69.0
-399.0,-109.0,,553.0,-90.0,540.0,-269.0,-994.0,,-59.0
-258.0,21.0,,523.0,-82.0,647.0,-288.0,-888.0,,-7.0
-393.0,0.0,,499.0,-52.0,793.0,-331.0,-541.0,,64.0
-337.0,75.0,,514.0,-23.0,623.0,-364.0,-535.0,,143.0
-212.0,176.0,,536.0,-73.0,279.0,-390.0,-663.0,,190.0
-249.0,319.0,,596.0,-124.0,193.0,-404.0,-624.0,,200.0
-67.0,414.0,,588.0,-213.0,340.0,-406.0,-668.0,,177.0
-99.0,371.0,,561.0,-226.0,338.0,-419.0,-415.0,,153.0
106.0,400.0,,680.0,-173.0,312.0,-433.0,-448.0,,153.0
111.0,389.0,,715.0,-136.0,390.0,-434.0,-297.0,,203.0
194.0,266.0,,709.0,-49.0,352.0,-432.0,-166.0,,334.0
128.0,149.0,,745.0,24.0,188.0,-451.0,-153.0,,508.0
92.0,202.0,,733.0,77.0,56.0,-461.0,12.0,,737.0
94.0,168.0,,678.0,117.0,140.0,-484.0,-210.0,,993.0
78.0,80.0,,653.0,125.0,379.0,-515.0,-208.0,,1244.0
47.0,37.0,,703.0,130.0,546.0,-523.0,-378.0,,1484.0
-118.0,-53.0,,684.0,149.0,667.0,-507.0,-436.0,,1671.0
2.0,-102.0,,611.0,108.0,820.0,-486.0,-295.0,,1777.0
-155.0,-255.0,,585.0,99.0,951.0,-487.0,-249.0,,1788.0
-95.0,-411.0,,515.0,133.0,1035.0,-486.0,149.0,,1733.0
-169.0,-609.0,,431.0,164.0,1183.0,-483.0,186.0,,1594.0
-17.0,-864.0,,374.0,264.0,1335.0,-467.0,327.0,,1390.0
-113.0,-1044.0,,253.0,265.0,1159.0,-449.0,188.0,,1181.0
-159.0,-1074.0,,125.0,246.0,808.0,-451.0,-121.0,,948.0
189.0,-849.0,,-41.0,216.0,757.0,-465.0,-301.0,,730.0
112.0,-610.0,,-111.0,95.0,932.0,-470.0,-788.0,,560.0
227.0,-319.0,,-145.0,81.0,1063.0,-456.0,-822.0,,437.0
17.0,97.0,,-272.0,55.0,1049.0,-431.0,-968.0,,368.0
264.0,303.0,,-338.0,16.0,1082.0,-380.0,-733.0,,357.0
223.0,460.0,,-345.0,40.0,1156.0,-367.0,-430.0,,399.0
126.0,745.0,,-360.0,-7.0,1107.0,-367.0,-434.0,,438.0
83.0,822.0,,-437.0,-23.0,1120.0,-352.0,-254.0,,460.0
-99.0,801.0,,-498.0,-57.0,1304.0,-349.0,-511.0,,443.0
150.0,746.0,,-443.0,-114.0,1554.0,-317.0,-443.0,,382.0
-93.0,571.0,,-359.0,-120.0,1581.0,-295.0,-423.0,,298.0
-92.0,406.0,,-305.0,-132.0,1404.0,-285.0,-221.0,,178.0
-232.0,320.0,,-249.0,-110.0,1262.0,-283.0,125.0,,33.0
-137.0,147.0,,-209.0,-80.0,1172.0,-290.0,79.0,,-142.0
-149.0,-102.0,,-194.0,-50.0,1079.0,-292.0,264.0,,-331.0
-286.0,-220.0,,-162.0,-36.0,1041.0,-292.0,77.0,,-522.0
-203.0,-373.0,,-110.0,18.0,826.0,-258.0,-42.0,,-721.0
-305.0,-414.0,,-250.0,41.0,486.0,-215.0,-277.0,,-888.0
-7.0,-510.0,,-406.0,70.0,431.0,-158.0,-482.0,,-1000.0
0.0,-531.0,,-570.0,105.0,586.0,-124.0,-321.0,,-1066.0
162.0,-392.0,,-843.0,62.0,941.0,-101.0,-439.0,,-1119.0
320.0,-457.0,,-1112.0,87.0,1034.0,-77.0,-269.0,,-1179.0
562.0,-282.0,,-1392.0,75.0,980.0,-72.0,-208.0,,-1265.0
804.0,-90.0,,-1577.0,70.0,1252.0,-26.0,-25.0,,-1376.0
680.0,-58.0,,-1709.0,32.0,1422.0,7.0,221.0,,-1506.0
818.0,56.0,,-1768.0,-11.0,1362.0,31.0,234.0,,-1648.0
897.0,92.0,,-1752.0,-18.0,1114.0,57.0,391.0,,-1783.0
1033.0,102.0,,-1600.0,-55.0,1103.0,73.0,190.0,,-1883.0
810.0,151.0,,-1355.0,-53.0,1337.0,105.0,236.0,,-1900.0
641.0,261.0,,-1100.0,-80.0,1256.0,116.0,271.0,,-1826.0
693.0,279.0,,-885.0,-27.0,1097.0,143.0,386.0,,-1658.0
700.0,98.0,,-658.0,-17.0,1177.0,181.0,742.0,,-1418.0
755.0,168.0,,-450.0,-29.0,1320.0,190.0,798.0,,-1153.0
458.0,316.0,,-337.0,17.0,1235.0,222.0,1086.0,,-910.0
522.0,299.0,,-175.0,21.0,882.0,277.0,966.0,,-725.0
422.0,410.0,,-75.0,74.0,674.0,311.0,861.0,,-622.0
400.0,566.0,,-177.0,66.0,681.0,325.0,781.0,,-599.0
403.0,671.0,,-215.0,1.0,623.0,325.0,611.0,,-624.0
140.0,545.0,,-160.0,-34.0,638.0,336.0,801.0,,-662.0
253.0,427.0,,-261.0,-106.0,657.0,333.0,600.0,,-678.0
207.0,449.0,,-352.0,-164.0,609.0,310.0,570.0,,-667.0
447.0,414.0,,-397.0,-132.0,536.0,319.0,352.0,,-618.0
300.0,318.0,,-353.0,-110.0,465.0,334.0,247.0,,-528.0
281.0,207.0,,-323.0,-35.0,411.0,336.0,376.0,,-434.0
558.0,128.0,,-318.0,84.0,244.0,319.0,330.0,,-329.0
538.0,96.0,,-264.0,135.0,66.0,311.0,635.0,,-221.0
634.0,35.0,,-218.0,247.0,-35.0,325.0,541.0,,-156.0
549.0,-111.0,,-95.0,278.0,-128.0,327.0,650.0,,-119.0
840.0,-110.0,,34.0,240.0,-396.0,324.0,711.0,,-98.0
831.0,-168.0,,160.0,262.0,-803.0,315.0,598.0,,-109.0
786.0,-194.0,,365.0,201.0,-1041.0,300.0,648.0,,-104.0
689.0,-228.0,,691.0,171.0,-973.0,282.0,301.0,,-71.0
620.0,-353.0,,987.0,164.0,-932.0,257.0,251.0,,-14.0
832.0,-327.0,,1217.0,102.0,-1005.0,239.0,83.0,,59.0
601.0,-322.0,,1332.0,131.0,-1001.0,243.0,59.0,,150.0
504.0,-361.0,,1399.0,144.0,-952.0,233.0,182.0,,256.0
359.0,-348.0,,1427.0,134.0,-975.0,233.0,177.0,,351.0
472.0,-190.0,,1283.0,199.0,-1360.0,242.0,351.0,,454.0
505.0,-89.0,,1074.0,190.0,-1633.0,249.0,84.0,,584.0
320.0,26.0,,824.0,181.0,-1617.0,253.0,0.0,,752.0
360.0,189.0,,615.0,213.0,-1593.0,219.0,-112.0,,969.0
286.0,263.0,,416.0,160.0,-1550.0,180.0,-142.0,,1224.0
340.0,200.0,,192.0,132.0,-1485.0,115.0,175.0,,1488.0
310.0,116.0,,-13.0,57.0,-1161.0,61.0,256.0,,1734.0
240.0,57.0,,-165.0,-50.0,-914.0,43.0,533.0,,1954.0
209.0,-212.0,,-185.0,-73.0,-849.0,29.0,493.0,,2142.0
110.0,-312.0,,-126.0,-108.0,-809.0,6.0,491.0,,2285.0
109.0,-348.0,,-18.0,-79.0,-724.0,-5.0,467.0,,2390.0
46.0,-349.0,,137.0,-61.0,-600.0,15.0,310.0,,2485.0
-29.0,-324.0,,323.0,-105.0,-519.0,3.0,497.0,,2565.0
-110.0,-357.0,,505.0,-139.0,-350.0,-17.0,358.0,,2633.0
-171.0,-237.0,,694.0,-170.0,-275.0,-41.0,539.0,,2685.0
-110.0,-309.0,,958.0,-159.0,-292.0,-58.0,589.0,,2689.0
-253.0,-303.0,,1185.0,-157.0,-376.0,-27.0,631.0,,2637.0
-279.0,-236.0,,1374.0,-163.0,-387.0,-14.0,718.0,,2525.0
-249.0,-172.0,,1507.0,-141.0,-461.0,-37.0,338.0,,2319.0
-325.0,55.0,,1455.0,-93.0,-682.0,-64.0,363.0,,2024.0
-317.0,207.0,,1414.0,-53.0,-690.0,-97.0,160.0,,1680.0
-350.0,470.0,,1481.0,2.0,-531.0,-110.0,308.0,,1298.0
-302.0,680.0,,1411.0,6.0,-214.0,-83.0,569.0,,901.0
-297.0,724.0,,1193.0,-12.0,45.0,-59.0,726.0,,524.0
-156.0,695.0,,965.0,-31.0,400.0,-60.0,1036.0,,187.0
-34.0,619.0,,668.0,-91.0,757.0,-94.0,814.0,,-95.0
129.0,531.0,,480.0,-72.0,778.0,-133.0,703.0,,-346.0
369.0,347.0,,360.0,-105.0,734.0,-178.0,210.0,,-582.0
581.0,123.0,,259.0,-78.0,887.0,-197.0,-42.0,,-795.0
748.0,-151.0,,106.0,37.0,1271.0,-189.0,-31.0,,-991.0
756.0,-317.0,,-73.0,101.0,1265.0,-171.0,-109.0,,-1140.0
921.0,-413.0,,-2.0,208.0,916.0,-146.0,158.0,,-1235.0
969.0,-497.0,,6.0,209.0,736.0,-160.0,79.0,,-1298.0
1029.0,-483.0,,27.0,148.0,732.0,-171.0,175.0,,-1310.0
972.0,-426.0,,98.0,122.0,736.0,-185.0,7.0,,-1279.0
851.0,-288.0,,72.0,45.0,747.0,-194.0,-277.0,,-1199.0
954.0,-69.0,,14.0,32.0,966.0,-182.0,-306.0,,-1081.0
970.0,161.0,,77.0,56.0,1267.0,-196.0,-391.0,,-949.0
819.0,356.0,,213.0,17.0,1511.0,-225.0,-24.0,,-828.0
730.0,639.0,,145.0,1.0,1505.0,-253.0,131.0,,-748.0
704.0,823.0,,141.0,-61.0,1408.0,-268.0,336.0,,-689.0
619.0,835.0,,105.0,-123.0,1350.0,-269.0,491.0,,-673.0
554.0,1012.0,,-44.0,-73.0,1270.0,-272.0,437.0,,-692.0
422.0,1191.0,,-175.0,-65.0,1163.0,-278.0,633.0,,-726.0
471.0,1169.0,,-224.0,-30.0,844.0,-272.0,526.0,,-765.0
421.0,1140.0,,-389.0,31.0,536.0,-258.0,602.0,,-799.0
460.0,1031.0,,-570.0,19.0,441.0,-229.0,504.0,,-848.0
270.0,957.0,,-441.0,64.0,552.0,-207.0,338.0,,-912.0
205.0,883.0,,-471.0,71.0,676.0,-211.0,236.0,,-1006.0
360.0,512.0,,-426.0,59.0,596.0,-235.0,-123.0,,-1103.0
166.0,225.0,,-212.0,124.0,418.0,-256.0,-55.0,,-1181.0
311.0,45.0,,-34.0,127.0,446.0,-258.0,-103.0,,-1222.0
153.0,-283.0,,217.0,173.0,702.0,-269.0,140.0,,-1240.0
347.0,-587.0,,457.0,259.0,693.0,-274.0,371.0,,-1227.0
315.0,-665.0,,650.0,281.0,399.0,-257.0,339.0,,-1202.0
409.0,-755.0,,669.0,346.0,158.0,-247.0,408.0,,-1201.0
661.0,-809.0,,661.0,345.0,156.0,-255.0,88.0,,-1197.0
561.0,-775.0,,625.0,273.0,242.0,-261.0,125.0,,-1212.0
867.0,-711.0,,604.0,243.0,69.0,-244.0,75.0,,-1205.0
739.0,-348.0,,551.0,142.0,-183.0,-210.0,153.0,,-1133.0
1100.0,-102.0,,386.0,41.0,-369.0,-176.0,384.0,,-1019.0
901.0,161.0,,171.0,-6.0,-434.0,-149.0,417.0,,-850.0
1026.0,440.0,,-76.0,-92.0,-526.0,-144.0,766.0,,-633.0
1246.0,635.0,,-176.0,-121.0,-795.0,-141.0,711.0,,-402.0
1141.0,1015.0,,-228.0,-165.0,-939.0,-119.0,668.0,,-164.0
1241.0,1162.0,,-258.0,-251.0,-846.0,-115.0,474.0,,66.0
878.0,1055.0,,-337.0,-260.0,-738.0,-95.0,266.0,,269.0
1214.0,955.0,,-482.0,-321.0,-851.0,-62.0,303.0,,460.0
800.0,850.0,,-517.0,-362.0,-965.0,-33.0,97.0,,596.0
833.0,383.0,,-544.0,-318.0,-836.0,-1.0,212.0,,705.0
569.0,31.0,,-585.0,-302.0,-549.0,-12.0,147.0,,808.0
310.0,-160.0,,-558.0,-223.0,-464.0,-44.0,264.0,,882.0
360.0,-533.0,,-597.0,-138.0,-775.0,-47.0,417.0,,954.0
-149.0,-682.0,,-646.0,-94.0,-1244.0,-24.0,419.0,,1027.0
-60.0,-865.0,,-610.0,11.0,-1565.0,-15.0,648.0,,1096.0
-665.0,-944.0,,-565.0,65.0,-1702.0,-30.0,537.0,,1180.0
-613.0,-913.0,,-446.0,71.0,-1893.0,-47.0,642.0,,1304.0
-827.0,-867.0,,-247.0,110.0,-2041.0,-82.0,554.0,,1429.0
-1037.0,-708.0,,-160.0,100.0,-2042.0,-127.0,473.0,,1554.0
-1021.0,-640.0,,-203.0,137.0,-1947.0,-138.0,463.0,,1677.0
-1112.0,-586.0,,-136.0,170.0,-1974.0,-135.0,83.0,,1773.0
-893.0,-412.0,,-39.0,94.0,-2076.0,-127.0,-70.0,,1851.0
-1173.0,-174.0,,-5.0,64.0,-2004.0,-134.0,-436.0,,1886.0
-849.0,-158.0,,-65.0,4.0,-1825.0,-170.0,-465.0,,1841.0
-811.0,-178.0,,-214.0,-107.0,-1607.0,-200.0,-312.0,,1721.0
-585.0,-250.0,,-314.0,-173.0,-1596.0,-218.0,-153.0,,1551.0
-498.0,-279.0,,-392.0,-252.0,-1751.0,-240.0,212.0,,1361.0
-504.0,-275.0,,-424.0,-234.0,-1739.0,-266.0,-9.0,,1191.0
-330.0,-347.0,,-521.0,-135.0,-1473.0,-289.0,-136.0,,1041.0
-358.0,-148.0,,-573.0,-94.0,-1389.0,-317.0,-432.0,,961.0
-125.0,36.0,,-515.0,-20.0,-1754.0,-355.0,-491.0,,958.0
-242.0,249.0,,-557.0,46.0,-2156.0,-383.0,-138.0,,1002.0
-167.0,417.0,,-555.0,58.0,-2333.0,-377.0,72.0,,1094.0
-108.0,638.0,,-442.0,124.0,-2341.0,-361.0,582.0,,1223.0
-94.0,885.0,,-308.0,152.0,-2431.0,-349.0,729.0,,1399.0
-107.0,889.0,,-297.0,136.0,-2414.0,-339.0,1025.0,,1595.0
-1.0,923.0,,-240.0,136.0,-2121.0,-353.0,1099.0,,1807.0
47.0,901.0,,-131.0,55.0,-1907.0,-354.0,1006.0,,2011.0
73.0,897.0,,-176.0,0.0,-1948.0,-334.0,1125.0,,2153.0
164.0,820.0,,-256.0,-14.0,-1981.0,-309.0,920.0,,2226.0
154.0,675.0,,-328.0,-81.0,-1768.0,-286.0,1008.0,,2235.0
138.0,502.0,,-381.0,-94.0,-1622.0,-263.0,792.0,,2176.0
58.0,356.0,,-349.0,-118.0,-1674.0,-236.0,772.0,,2069.0
131.0,266.0,,-207.0,-161.0,-1772.0,-215.0,938.0,,1976.0
14.0,68.0,,-103.0,-112.0,-1765.0,-212.0,1012.0,,1923.0
215.0,-101.0,,49.0,-98.0,-1694.0,-224.0,1273.0,,1915.0
222.0,-126.0,,226.0,-107.0,-1675.0,-231.0,1023.0,,1964.0
260.0,-218.0,,405.0,-86.0,-1656.0,-232.0,938.0,,2044.0
157.0,-495.0,,640.0,-125.0,-1764.0,-219.0,727.0,,2122.0
292.0,-524.0,,821.0,-139.0,-1805.0,-213.0,585.0,,2169.0
525.0,-523.0,,1000.0,-133.0,-1763.0,-228.0,698.0,,2136.0
196.0,-613.0,,1141.0,-140.0,-1651.0,-249.0,602.0,,2012.0
453.0,-591.0,,1193.0,-28.0,-1313.0,-311.0,788.0,,1829.0
346.0,-547.0,,1147.0,95.0,-1026.0,-381.0,600.0,,1635.0
406.0,-353.0,,1131.0,159.0,-964.0,-397.0,461.0,,1442.0
267.0,-154.0,,1077.0,213.0,-938.0,-388.0,210.0,,1279.0
334.0,-31.0,,990.0,175.0,-638.0,-374.0,-219.0,,1182.0
406.0,141.0,,978.0,138.0,-480.0,-384.0,-314.0,,1135.0
145.0,333.0,,944.0,160.0,-510.0,-414.0,-482.0,,1159.0
297.0,345.0,,799.0,149.0,-367.0,-457.0,-140.0,,1229.0
68.0,279.0,,577.0,155.0,-324.0,-500.0,27.0,,1304.0
177.0,316.0,,453.0,148.0,-504.0,-510.0,186.0,,1372.0
-47.0,412.0,,318.0,68.0,-849.0,-504.0,389.0,,1414.0
-66.0,565.0,,209.0,9.0,-902.0,-528.0,290.0,,1422.0
-82.0,668.0,,165.0,-26.0,-728.0,-566.0,454.0,,1352.0
-207.0,729.0,,28.0,-54.0,-834.0,-587.0,349.0,,1211.0
-119.0,752.0,,-91.0,-31.0,-1114.0,-601.0,432.0,,1020.0
-310.0,668.0,,-176.0,-34.0,-1273.0,-617.0,487.0,,784.0
-251.0,461.0,,-200.0,-37.0,-1137.0,-649.0,585.0,,533.0
-385.0,214.0,,-168.0,-24.0,-1023.0,-653.0,772.0,,297.0
-442.0,-8.0,,-170.0,-90.0,-1152.0,-643.0,493.0,,112.0
-527.0,-309.0,,-240.0,-138.0,-1297.0,-639.0,382.0,,-5.0
-489.0,-464.0,,-290.0,-143.0,-1303.0,-621.0,68.0,,-43.0
-388.0,-406.0,,-249.0,-169.0,-1295.0,-613.0,-33.0,,-23.0
-577.0,-393.0,,-198.0,-147.0,-1410.0,-574.0,1.0,,17.0
-540.0,-324.0,,-107.0,-138.0,-1393.0,-524.0,-123.0,,48.0
-472.0,-282.0,,0.0,-160.0,-1197.0,-476.0,107.0,,68.0
-328.0,-316.0,,113.0,-129.0,-1038.0,-419.0,181.0,,66.0
-121.0,-198.0,,182.0,-131.0,-863.0,-387.0,478.0,,16.0
-204.0,-172.0,,219.0,-155.0,-823.0,-373.0,543.0,,-49.0
-178.0,-111.0,,243.0,-145.0,-962.0,-337.0,426.0,,-154.0
-200.0,-41.0,,170.0,-169.0,-1135.0,-255.0,388.0,,-284.0
-104.0,-173.0,,83.0,-152.0,-1357.0,-196.0,83.0,,-401.0
3.0,-145.0,,-48.0,-107.0,-1567.0,-163.0,168.0,,-525.0
68.0,-160.0,,-254.0,-110.0,-1846.0,-137.0,60.0,,-662.0
136.0,-209.0,,-442.0,-87.0,-2003.0,-118.0,136.0,,-807.0
38.0,-142.0,,-685.0,-84.0,-1794.0,-106.0,210.0,,-961.0
214.0,-69.0,,-838.0,-99.0,-1476.0,-96.0,153.0,,-1136.0
250.0,-136.0,,-734.0,-51.0,-1370.0,-70.0,437.0,,-1297.0
340.0,-213.0,,-706.0,-41.0,-1532.0,-70.0,336.0,,-1436.0
123.0,-170.0,,-591.0,-53.0,-1558.0,-90.0,354.0,,-1528.0
106.0,-259.0,,-306.0,-27.0,-1210.0,-109.0,112.0,,-1549.0
199.0,-235.0,,-179.0,-41.0,-943.0,-124.0,-73.0,,-1518.0
164.0,-316.0,,0.0,-40.0,-844.0,-151.0,-96.0,,-1418.0
182.0,-375.0,,265.0,-32.0,-799.0,-162.0,-315.0,,-1278.0
55.0,-458.0,,439.0,-83.0,-857.0,-150.0,-203.0,,-1116.0
284.0,-574.0,,528.0,-99.0,-915.0,-138.0,-323.0,,-948.0
48.0,-382.0,,553.0,-99.0,-1156.0,-101.0,-179.0,,-802.0
49.0,-367.0,,510.0,-104.0,-1426.0,-61.0,-57.0,,-690.0
36.0,-240.0,,460.0,-41.0,-1555.0,-24.0,46.0,,-624.0
54.0,-67.0,,422.0,1.0,-1655.0,-7.0,388.0,,-609.0
101.0,156.0,,245.0,37.0,-1884.0,-10.0,382.0,,-639.0
-86.0,425.0,,159.0,125.0,-2133.0,-40.0,539.0,,-677.0
47.0,482.0,,93.0,156.0,-2132.0,-40.0,306.0,,-695.0
45.0,589.0,,-70.0,182.0,-2174.0,28.0,86.0,,-663.0
225.0,565.0,,-50.0,215.0,-2253.0,104.0,-16.0,,-589.0
156.0,417.0,,-70.0,181.0,-2391.0,175.0,-230.0,,-493.0
44.0,187.0,,-38.0,175.0,-2544.0,188.0,-125.0,,-397.0
134.0,-5.0,,53.0,172.0,-2587.0,183.0,-328.0,,-326.0
228.0,-241.0,,-9.0,111.0,-2456.0,177.0,-280.0,,-270.0
219.0,-428.0,,-40.0,80.0,-2183.0,186.0,-400.0,,-250.0
210.0,-534.0,,4.0,51.0,-2145.0,271.0,-528.0,,-270.0
172.0,-668.0,,68.0,22.0,-2201.0,329.0,-421.0,,-304.0
93.0,-671.0,,160.0,42.0,-2220.0,317.0,-493.0,,-339.0
121.0,-776.0,,203.0,4.0,-2169.0,271.0,-192.0,,-388.0
-26.0,-823.0,,222.0,-36.0,-2218.0,250.0,-253.0,,-436.0
-108.0,-710.0,,262.0,8.0,-2429.0,250.0,-142.0,,-468.0
-276.0,-637.0,,216.0,27.0,-2512.0,249.0,-1.0,,-474.0
-398.0,-510.0,,278.0,64.0,-2440.0,277.0,27.0,,-425.0
-484.0,-293.0,,386.0,89.0,-2322.0,318.0,282.0,,-340.0
-492.0,-50.0,,389.0,17.0,-2258.0,356.0,140.0,,-232.0
-472.0,293.0,,298.0,-35.0,-2140.0,380.0,264.0,,-98.0
-650.0,471.0,,190.0,-95.0,-1808.0,427.0,347.0,,42.0
-793.0,535.0,,86.0,-175.0,-1402.0,478.0,604.0,,178.0
-784.0,745.0,,-38.0,-191.0,-1266.0,491.0,894.0,,289.0
-624.0,859.0,,-63.0,-215.0,-1302.0,513.0,790.0,,360.0
-692.0,875.0,,-128.0,-236.0,-1378.0,540.0,805.0,,396.0
-782.0,765.0,,-225.0,-206.0,-1441.0,544.0,521.0,,419.0
-836.0,647.0,,-212.0,-217.0,-1336.0,504.0,493.0,,466.0
-889.0,501.0,,-126.0,-192.0,-1268.0,456.0,517.0,,530.0
-699.0,253.0,,-86.0,-108.0,-1318.0,433.0,550.0,,616.0
-544.0,-77.0,,83.0,-58.0,-1432.0,412.0,781.0,,760.0
-468.0,-289.0,,258.0,42.0,-1575.0,414.0,637.0,,967.0
-539.0,-198.0,,274.0,157.0,-1590.0,433.0,777.0,,1199.0
-476.0,-257.0,,284.0,207.0,-1564.0,438.0,774.0,,1398.0
-366.0,-314.0,,285.0,294.0,-1636.0,425.0,877.0,,1561.0
-307.0,-345.0,,250.0,338.0,-1639.0,433.0,1018.0,,1673.0
-176.0,-329.0,,111.0,313.0,-1357.0,467.0,862.0,,1705.0
-268.0,-200.0,,44.0,333.0,-939.0,503.0,1006.0,,1655.0
-242.0,-249.0,,-103.0,314.0,-693.0,537.0,805.0,,1530.0
-330.0,-189.0,,-304.0,266.0,-453.0,587.0,674.0,,1335.0
-257.0,-62.0,,-505.0,251.0,-229.0,645.0,286.0,,1086.0
-252.0,100.0,,-738.0,171.0,-138.0,654.0,-31.0,,816.0
-393.0,230.0,,-782.0,89.0,-74.0,665.0,27.0,,541.0
-360.0,299.0,,-891.0,40.0,-22.0,688.0,-201.0,,275.0
-471.0,454.0,,-1028.0,-56.0,246.0,711.0,-127.0,,39.0
-321.0,537.0,,-1059.0,-114.0,553.0,740.0,-212.0,,-157.0
-363.0,509.0,,-1060.0,-149.0,618.0,735.0,-31.0,,-325.0
-315.0,510.0,,-1068.0,-211.0,553.0,723.0,223.0,,-503.0
-292.0,664.0,,-1005.0,-197.0,557.0,722.0,264.0,,-692.0
-158.0,615.0,,-944.0,-166.0,836.0,724.0,436.0,,-894.0
-1.0,576.0,,-914.0,-165.0,993.0,729.0,293.0,,-1119.0
-4.0,641.0,,-794.0,-106.0,870.0,721.0,432.0,,-1338.0
211.0,553.0,,-681.0,-76.0,987.0,692.0,452.0,,-1544.0
83.0,509.0,,-566.0,-85.0,1233.0,679.0,548.0,,-1710.0
235.0,242.0,,-511.0,-53.0,1218.0,663.0,715.0,,-1803.0
305.0,62.0,,-459.0,-48.0,1031.0,641.0,528.0,,-1816.0
440.0,42.0,,-342.0,-17.0,1024.0,608.0,591.0,,-1774.0
415.0,-163.0,,-280.0,69.0,1305.0,548.0,347.0,,-1674.0
184.0,-215.0,,-243.0,78.0,1502.0,528.0,262.0,,-1553.0
332.0,-259.0,,-249.0,67.0,1435.0,508.0,188.0,,-1459.0
322.0,-340.0,,-336.0,83.0,1421.0,499.0,-38.0,,-1373.0
453.0,-386.0,,-425.0,58.0,1583.0,498.0,48.0,,-1321.0
313.0,-506.0,,-585.0,71.0,1700.0,486.0,-31.0,,-1294.0
267.0,-533.0,,-709.0,108.0,1646.0,487.0,182.0,,-1271.0
303.0,-420.0,,-765.0,95.0,1396.0,472.0,212.0,,-1229.0
300.0,-342.0,,-878.0,117.0,997.0,469.0,218.0,,-1169.0
313.0,-329.0,,-933.0,139.0,520.0,464.0,303.0,,-1081.0
251.0,-122.0,,-935.0,133.0,258.0,476.0,212.0,,-959.0
335.0,-20.0,,-874.0,178.0,214.0,486.0,236.0,,-854.0
168.0,39.0,,-722.0,189.0,132.0,460.0,-116.0,,-756.0
117.0,213.0,,-569.0,154.0,121.0,437.0,-149.0,,-690.0
67.0,271.0,,-476.0,153.0,311.0,438.0,-127.0,,-660.0
248.0,347.0,,-339.0,91.0,744.0,481.0,-48.0,,-649.0
196.0,232.0,,-228.0,8.0,922.0,528.0,269.0,,-684.0
-67.0,97.0,,-97.0,-34.0,674.0,571.0,249.0,,-762.0
-138.0,43.0,,72.0,-131.0,358.0,605.0,448.0,,-889.0
-202.0,-118.0,,185.0,-220.0,153.0,620.0,339.0,,-1027.0
-69.0,-270.0,,322.0,-271.0,108.0,631.0,223.0,,-1175.0
-343.0,-390.0,,336.0,-356.0,-68.0,650.0,179.0,,-1335.0
-489.0,-419.0,,265.0,-380.0,-254.0,679.0,33.0,,-1466.0
-607.0,-313.0,,96.0,-364.0,-208.0,685.0,164.0,,-1575.0
-644.0,-252.0,,-15.0,-380.0,34.0,667.0,25.0,,-1613.0
-695.0,-381.0,,-129.0,-318.0,502.0,673.0,175.0,,-1583.0
-864.0,-321.0,,-273.0,-230.0,1040.0,676.0,199.0,,-1509.0
-790.0,-53.0,,-291.0,-161.0,1381.0,664.0,201.0,,-1375.0
-823.0,-124.0,,-429.0,-44.0,1465.0,647.0,338.0,,-1203.0
-780.0,-229.0,,-514.0,40.0,1473.0,612.0,121.0,,-1020.0
-836.0,51.0,,-515.0,97.0,1449.0,605.0,125.0,,-847.0
-746.0,172.0,,-478.0,184.0,1208.0,602.0,-94.0,,-712.0
-673.0,88.0,,-391.0,208.0,730.0,614.0,-40.0,,-609.0
-513.0,98.0,,-314.0,201.0,430.0,632.0,49.0,,-501.0
-512.0,138.0,,-173.0,173.0,456.0,610.0,-35.0,,-392.0
-377.0,118.0,,-61.0,76.0,418.0,596.0,36.0,,-270.0
-167.0,21.0,,17.0,40.0,327.0,578.0,-339.0,,-133.0
-335.0,53.0,,148.0,60.0,494.0,565.0,-474.0,,-1.0
-189.0,125.0,,238.0,89.0,710.0,560.0,-652.0,,100.0
-234.0,181.0,,258.0,173.0,613.0,566.0,-685.0,,164.0
-50.0,142.0,,291.0,204.0,368.0,582.0,-497.0,,174.0
-99.0,128.0,,283.0,169.0,320.0,557.0,-482.0,,114.0
-204.0,199.0,,236.0,160.0,281.0,539.0,-194.0,,5.0
-210.0,120.0,,154.0,102.0,85.0,538.0,-230.0,,-133.0
-410.0,41.0,,85.0,33.0,-67.0,551.0,-109.0,,-273.0
-338.0,-83.0,,55.0,28.0,-109.0,545.0,-72.0,,-416.0
-445.0,-183.0,,0.0,-8.0,17.0,511.0,-92.0,,-522.0
-314.0,-284.0,,-58.0,-35.0,150.0,503.0,151.0,,-546.0
-574.0,-464.0,,-44.0,-64.0,141.0,483.0,12.0,,-507.0
-738.0,-569.0,,44.0,-172.0,157.0,470.0,88.0,,-380.0
-677.0,-703.0,,163.0,-250.0,119.0,475.0,-72.0,,-171.0
-589.0,-866.0,,221.0,-288.0,-62.0,454.0,-75.0,,87.0
-345.0,-1010.0,,238.0,-320.0,-162.0,411.0,84.0,,392.0
-603.0,-941.0,,397.0,-259.0,-144.0,362.0,68.0,,716.0
-536.0,-649.0,,491.0,-159.0,92.0,331.0,291.0,,1021.0
-476.0,-342.0,,542.0,-70.0,429.0,325.0,179.0,,1290.0
-160.0,-17.0,,611.0,54.0,456.0,332.0,328.0,,1509.0
-15.0,255.0,,620.0,95.0,367.0,320.0,417.0,,1676.0
-223.0,456.0,,628.0,56.0,304.0,289.0,484.0,,1786.0
-162.0,574.0,,568.0,35.0,605.0,247.0,727.0,,1824.0
-202.0,634.0,,543.0,-21.0,1118.0,218.0,652.0,,1785.0
54.0,712.0,,487.0,-11.0,1195.0,229.0,824.0,,1668.0
-73.0,639.0,,435.0,73.0,959.0,240.0,633.0,,1478.0
-95.0,433.0,,386.0,90.0,588.0,244.0,460.0,,1210.0
-101.0,295.0,,359.0,100.0,740.0,250.0,343.0,,877.0
-214.0,103.0,,279.0,103.0,1224.0,246.0,83.0,,493.0
-184.0,-118.0,,225.0,56.0,1398.0,230.0,195.0,,76.0
-377.0,-337.0,,297.0,37.0,1626.0,212.0,60.0,,-347.0
-251.0,-459.0,,321.0,5.0,1900.0,175.0,129.0,,-758.0
-352.0,-420.0,,473.0,-43.0,2157.0,136.0,-36.0,,-1137.0
-342.0,-507.0,,566.0,0.0,2231.0,124.0,-245.0,,-1465.0
-486.0,-557.0,,660.0,51.0,2267.0,112.0,-254.0,,-1729.0
-513.0,-481.0,,735.0,71.0,2506.0,99.0,-452.0,,-1901.0
-381.0,-353.0,,685.0,94.0,2627.0,71.0,-253.0,,-1993.0
-469.0,-307.0,,674.0,51.0,2561.0,43.0,-306.0,,-2023.0
-293.0,-337.0,,534.0,42.0,2408.0,21.0,-125.0,,-1995.0
-291.0,-256.0,,334.0,64.0,2435.0,15.0,42.0,,-1923.0
-91.0,-207.0,,166.0,7.0,2595.0,32.0,-25.0,,-1820.0
-171.0,-114.0,,-74.0,-40.0,2550.0,18.0,66.0,,-1718.0
-121.0,-122.0,,-351.0,-82.0,2443.0,-40.0,-134.0,,-1591.0
78.0,-221.0,,-515.0,-164.0,2554.0,-102.0,-31.0,,-1446.0
200.0,-193.0,,-599.0,-203.0,2824.0,-131.0,-27.0,,-1310.0
337.0,-105.0,,-663.0,-230.0,2921.0,-173.0,109.0,,-1189.0
137.0,-85.0,,-731.0,-248.0,2837.0,-207.0,328.0,,-1100.0
144.0,-114.0,,-766.0,-209.0,2800.0,-230.0,273.0,,-1006.0
45.0,-27.0,,-699.0,-226.0,2726.0,-254.0,465.0,,-924.0
138.0,55.0,,-577.0,-257.0,2777.0,-250.0,243.0,,-851.0
89.0,198.0,,-492.0,-227.0,2996.0,-260.0,116.0,,-778.0
71.0,310.0,,-430.0,-207.0,3205.0,-282.0,-20.0,,-700.0
105.0,304.0,,-296.0,-106.0,3407.0,-315.0,-182.0,,-593.0
-109.0,407.0,,-171.0,32.0,3597.0,-384.0,-38.0,,-465.0
-5.0,376.0,,-67.0,69.0,3744.0,-471.0,-175.0,,-309.0
64.0,194.0,,-21.0,93.0,3699.0,-532.0,-49.0,,-136.0
366.0,270.0,,6.0,80.0,3669.0,-570.0,-153.0,,53.0
285.0,381.0,,70.0,33.0,3765.0,-590.0,-203.0,,229.0
182.0,292.0,,143.0,54.0,3831.0,-620.0,-271.0,,366.0
409.0,164.0,,275.0,45.0,3644.0,-637.0,-491.0,,479.0
401.0,118.0,,339.0,19.0,3267.0,-637.0,-332.0,,540.0
635.0,137.0,,351.0,23.0,3159.0,-640.0,-473.0,,546.0
648.0,125.0,,449.0,-35.0,3248.0,-607.0,-295.0,,512.0
638.0,156.0,,561.0,-76.0,3335.0,-582.0,-262.0,,444.0
721.0,290.0,,579.0,-67.0,3101.0,-556.0,-216.0,,307.0
798.0,429.0,,583.0,-85.0,2835.0,-543.0,-40.0,,93.0
897.0,346.0,,589.0,-46.0,3003.0,-552.0,-166.0,,-182.0
840.0,182.0,,515.0,7.0,3157.0,-553.0,36.0,,-530.0
933.0,49.0,,455.0,-17.0,3140.0,-557.0,-77.0,,-898.0
899.0,-53.0,,325.0,-42.0,3088.0,-533.0,-60.0,,-1238.0
806.0,-164.0,,160.0,-109.0,3155.0,-509.0,-129.0,,-1489.0
858.0,-422.0,,97.0,-193.0,3241.0,-489.0,-303.0,,-1628.0
953.0,-594.0,,77.0,-190.0,3149.0,-457.0,-138.0,,-1680.0
815.0,-695.0,,-20.0,-207.0,2954.0,-442.0,-206.0,,-1636.0
672.0,-687.0,,-144.0,-207.0,2721.0,-434.0,-18.0,,-1529.0
736.0,-635.0,,-153.0,-116.0,2673.0,-422.0,25.0,,-1367.0
750.0,-702.0,,-256.0,-40.0,2870.0,-392.0,96.0,,-1161.0
639.0,-599.0,,-308.0,54.0,2890.0,-356.0,223.0,,-943.0
522.0,-502.0,,-316.0,120.0,2603.0,-344.0,97.0,,-708.0
645.0,-612.0,,-354.0,83.0,2393.0,-347.0,245.0,,-470.0
629.0,-564.0,,-353.0,84.0,2364.0,-350.0,92.0,,-247.0
657.0,-465.0,,-407.0,92.0,2343.0,-350.0,140.0,,-44.0
555.0,-557.0,,-347.0,99.0,2195.0,-322.0,142.0,,145.0
574.0,-539.0,,-369.0,195.0,1863.0,-285.0,-40.0,,306.0
612.0,-481.0,,-350.0,234.0,1588.0,-258.0,-24.0,,450.0
489.0,-468.0,,-257.0,213.0,1579.0,-216.0,-402.0,,580.0
517.0,-336.0,,-247.0,216.0,1694.0,-190.0,-576.0,,674.0
235.0,-228.0,,-158.0,145.0,1893.0,-189.0,-951.0,,748.0
221.0,-27.0,,-124.0,119.0,2040.0,-187.0,-1108.0,,812.0
-108.0,221.0,,-49.0,184.0,2174.0,-187.0,-995.0,,876.0
-213.0,352.0,,54.0,189.0,2392.0,-172.0,-973.0,,937.0
-211.0,622.0,,127.0,207.0,2534.0,-169.0,-652.0,,1004.0
-208.0,809.0,,188.0,185.0,2468.0,-193.0,-753.0,,1070.0
-138.0,696.0,,213.0,60.0,2061.0,-213.0,-630.0,,1135.0
-630.0,683.0,,202.0,-13.0,1912.0,-233.0,-630.0,,1200.0
-498.0,692.0,,176.0,-101.0,2044.0,-242.0,-657.0,,1216.0
-526.0,538.0,,207.0,-199.0,2049.0,-253.0,-456.0,,1189.0
-249.0,439.0,,202.0,-214.0,2057.0,-264.0,-522.0,,1115.0
-131.0,187.0,,184.0,-255.0,2132.0,-283.0,-299.0,,989.0
-157.0,-15.0,,177.0,-279.0,2334.0,-326.0,-351.0,,829.0
-2.0,-60.0,,185.0,-251.0,2155.0,-353.0,-315.0,,635.0
29.0,-229.0,,174.0,-266.0,1806.0,-379.0,-230.0,,411.0
544.0,-297.0,,151.0,-211.0,1825.0,-389.0,-258.0,,198.0
580.0,-411.0,,166.0,-96.0,1958.0,-401.0,-84.0,,19.0
754.0,-534.0,,169.0,-48.0,1884.0,-424.0,-194.0,,-129.0
775.0,-459.0,,134.0,36.0,1485.0,-431.0,-96.0,,-231.0
826.0,-481.0,,135.0,92.0,1264.0,-430.0,-223.0,,-294.0
881.0,-643.0,,162.0,67.0,1309.0,-409.0,-295.0,,-325.0
860.0,-586.0,,143.0,111.0,1304.0,-391.0,-134.0,,-318.0
986.0,-510.0,,255.0,114.0,1276.0,-360.0,-171.0,,-279.0
797.0,-556.0,,362.0,96.0,1377.0,-349.0,97.0,,-245.0
708.0,-349.0,,397.0,180.0,1612.0,-372.0,-81.0,,-233.0
526.0,-53.0,,462.0,210.0,1771.0,-388.0,-160.0,,-226.0
501.0,2.0,,549.0,232.0,1859.0,-408.0,-199.0,,-242.0
376.0,-83.0,,622.0,289.0,1942.0,-425.0,-417.0,,-257.0
213.0,0.0,,702.0,260.0,1997.0,-441.0,-458.0,,-243.0
101.0,71.0,,809.0,239.0,2070.0,-465.0,-840.0,,-216.0
46.0,2.0,,873.0,222.0,2284.0,-504.0,-849.0,,-165.0
89.0,-114.0,,916.0,159.0,2373.0,-540.0,-986.0,,-74.0
19.0,-173.0,,877.0,146.0,2110.0,-542.0,-995.0,,73.0
-24.0,-110.0,,877.0,85.0,1847.0,-514.0,-1031.0,,268.0
49.0,-176.0,,844.0,-73.0,1795.0,-489.0,-1395.0,,487.0
147.0,-181.0,,725.0,-201.0,1942.0,-481.0,-1407.0,,711.0
132.0,-142.0,,629.0,-342.0,2007.0,-490.0,-1637.0,,898.0
255.0,-267.0,,501.0,-453.0,1803.0,-516.0,-1492.0,,1020.0
322.0,-301.0,,367.0,-461.0,1560.0,-532.0,-1370.0,,1036.0
302.0,-298.0,,199.0,-462.0,1464.0,-546.0,-1302.0,,928.0
333.0,-403.0,,68.0,-442.0,1456.0,-571.0,-1180.0,,736.0
507.0,-373.0,,-19.0,-416.0,1297.0,-581.0,-1385.0,,484.0
561.0,-310.0,,-155.0,-442.0,1056.0,-572.0,-1310.0,,209.0
430.0,-314.0,,-225.0,-420.0,901.0,-560.0,-1396.0,,-47.0
346.0,-250.0,,-181.0,-327.0,700.0,-539.0,-1236.0,,-249.0
359.0,-209.0,,-170.0,-265.0,430.0,-498.0,-1051.0,,-405.0
416.0,-65.0,,-100.0,-151.0,377.0,-455.0,-1001.0,,-526.0
343.0,95.0,,68.0,-71.0,538.0,-426.0,-750.0,,-588.0
227.0,86.0,,176.0,-21.0,604.0,-425.0,-920.0,,-621.0
128.0,282.0,,292.0,99.0,342.0,-442.0,-927.0,,-627.0
118.0,613.0,,411.0,147.0,-151.0,-463.0,-1123.0,,-618.0
210.0,830.0,,465.0,209.0,-324.0,-479.0,-1260.0,,-591.0
228.0,997.0,,522.0,208.0,-262.0,-493.0,-1140.0,,-531.0
215.0,966.0,,579.0,175.0,-307.0,-512.0,-1151.0,,-476.0
147.0,971.0,,615.0,154.0,-358.0,-523.0,-801.0,,-403.0
5.0,813.0,,660.0,136.0,-387.0,-546.0,-790.0,,-312.0
94.0,468.0,,650.0,141.0,-419.0,-553.0,-689.0,,-207.0
177.0,227.0,,615.0,123.0,-454.0,-532.0,-787.0,,-66.0
284.0,-101.0,,615.0,142.0,-397.0,-512.0,-1055.0,,92.0
145.0,-248.0,,572.0,65.0,-477.0,-483.0,-1014.0,,256.0
-63.0,-371.0,,643.0,39.0,-866.0,-457.0,-1154.0,,425.0
45.0,-522.0,,716.0,-29.0,-1164.0,-445.0,-903.0,,596.0
24.0,-496.0,,741.0,-78.0,-1189.0,-444.0,-859.0,,754.0
80.0,-334.0,,802.0,-73.0,-1136.0,-436.0,-733.0,,875.0
-4.0,-243.0,,778.0,-149.0,-1148.0,-402.0,-644.0,,953.0
-99.0,-313.0,,798.0,-162.0,-1193.0,-356.0,-870.0,,984.0
-139.0,-202.0,,755.0,-264.0,-1141.0,-327.0,-888.0,,972.0
-75.0,-38.0,,746.0,-298.0,-1108.0,-311.0,-1086.0,,945.0
63.0,-44.0,,694.0,-305.0,-1247.0,-285.0,-912.0,,907.0
-196.0,-120.0,,562.0,-263.0,-1516.0,-252.0,-777.0,,871.0
-120.0,-44.0,,420.0,-163.0,-1753.0,-229.0,-657.0,,856.0
-10.0,-27.0,,221.0,-111.0,-1665.0,-207.0,-482.0,,868.0
-15.0,-74.0,,162.0,-53.0,-1545.0,-210.0,-589.0,,887.0
35.0,-59.0,,60.0,-41.0,-1494.0,-246.0,-441.0,,904.0
-11.0,-73.0,,-99.0,-8.0,-1254.0,-258.0,-482.0,,917.0
196.0,71.0,,-225.0,-25.0,-1018.0,-263.0,-410.0,,908.0
49.0,173.0,,-249.0,14.0,-799.0,-260.0,-240.0,,882.0
184.0,223.0,,-279.0,33.0,-755.0,-247.0,-138.0,,838.0
279.0,320.0,,-289.0,44.0,-799.0,-202.0,94.0,,774.0
207.0,446.0,,-242.0,85.0,-881.0,-153.0,-77.0,,690.0
288.0,576.0,,-240.0,52.0,-1108.0,-134.0,-151.0,,571.0
117.0,583.0,,-174.0,94.0,-1338.0,-97.0,-397.0,,437.0
344.0,551.0,,-89.0,113.0,-1589.0,-77.0,-661.0,,297.0
240.0,555.0,,6.0,158.0,-1659.0,-49.0,-613.0,,152.0
180.0,598.0,,107.0,221.0,-1565.0,-9.0,-777.0,,33.0
-71.0,560.0,,242.0,237.0,-1428.0,7.0,-670.0,,-56.0
-161.0,397.0,,286.0,289.0,-1444.0,13.0,-814.0,,-94.0
71.0,340.0,,315.0,326.0,-1605.0,2.0,-897.0,,-85.0
-74.0,543.0,,393.0,321.0,-1638.0,-4.0,-920.0,,-61.0
-54.0,600.0,,388.0,301.0,-1560.0,-21.0,-1097.0,,-9.0
-250.0,491.0,,291.0,241.0,-1640.0,-51.0,-966.0,,51.0
-135.0,495.0,,165.0,168.0,-2104.0,-62.0,-1056.0,,132.0
-103.0,482.0,,117.0,147.0,-2536.0,-57.0,-713.0,,221.0
2.0,381.0,,13.0,78.0,-2504.0,-45.0,-485.0,,319.0
238.0,124.0,,-134.0,53.0,-2211.0,-28.0,-282.0,,448.0
96.0,-105.0,,-215.0,29.0,-2239.0,0.0,0.0,,582.0
110.0,-184.0,,-212.0,-52.0,-2377.0,32.0,-72.0,,734.0
155.0,-210.0,,-304.0,-56.0,-2247.0,25.0,242.0,,882.0
196.0,-300.0,,-432.0,-108.0,-2074.0,44.0,155.0,,1009.0
371.0,-277.0,,-445.0,-113.0,-2082.0,65.0,256.0,,1109.0
335.0,-100.0,,-483.0,-85.0,-2259.0,56.0,338.0,,1193.0
220.0,-32.0,,-500.0,-142.0,-2287.0,55.0,327.0,,1283.0
-42.0,-35.0,,-571.0,-110.0,-2253.0,41.0,552.0,,1345.0
-37.0,-82.0,,-703.0,-61.0,-2370.0,39.0,388.0,,1372.0
214.0,111.0,,-781.0,-6.0,-2589.0,24.0,602.0,,1369.0
-15.0,263.0,,-836.0,87.0,-2780.0,3.0,445.0,,1335.0
-29.0,245.0,,-934.0,82.0,-2826.0,-12.0,467.0,,1266.0
-364.0,353.0,,-986.0,56.0,-2729.0,-48.0,587.0,,1147.0
-222.0,393.0,,-927.0,23.0,-2733.0,-77.0,439.0,,982.0
-340.0,477.0,,-903.0,-60.0,-2789.0,-76.0,665.0,,791.0
-452.0,523.0,,-897.0,-89.0,-2818.0,-59.0,541.0,,598.0
-346.0,598.0,,-889.0,-121.0,-2892.0,-35.0,733.0,,425.0
-681.0,613.0,,-793.0,-151.0,-2961.0,-18.0,683.0,,272.0
-382.0,616.0,,-601.0,-144.0,-3086.0,-20.0,598.0,,127.0
-662.0,635.0,,-500.0,-165.0,-3062.0,-32.0,594.0,,5.0
-442.0,400.0,,-505.0,-157.0,-2934.0,-77.0,306.0,,-87.0
-649.0,313.0,,-513.0,-180.0,-2688.0,-123.0,378.0,,-153.0
-498.0,281.0,,-470.0,-210.0,-2656.0,-149.0,94.0,,-203.0
-388.0,220.0,,-386.0,-140.0,-2815.0,-162.0,-5.0,,-257.0
-620.0,121.0,,-322.0,-85.0,-2704.0,-166.0,-236.0,,-324.0
-260.0,61.0,,-297.0,16.0,-2612.0,-160.0,-461.0,,-394.0
-602.0,81.0,,-283.0,127.0,-2478.0,-130.0,-277.0,,-473.0
-218.0,-37.0,,-220.0,130.0,-2492.0,-98.0,-188.0,,-563.0
-380.0,-169.0,,-178.0,172.0,-2596.0,-53.0,266.0,,-639.0
-178.0,-284.0,,-204.0,175.0,-2376.0,-34.0,412.0,,-687.0
-252.0,-249.0,,-139.0,142.0,-2087.0,-17.0,526.0,,-693.0
-243.0,-274.0,,-176.0,194.0,-1920.0,26.0,583.0,,-669.0
0.0,-239.0,,-204.0,166.0,-1796.0,72.0,448.0,,-617.0
-332.0,-165.0,,-180.0,125.0,-1657.0,114.0,539.0,,-542.0
3.0,-105.0,,-262.0,79.0,-1582.0,117.0,369.0,,-460.0
-159.0,145.0,,-235.0,-54.0,-1702.0,103.0,423.0,,-373.0
170.0,233.0,,-214.0,-82.0,-1905.0,83.0,356.0,,-264.0
-50.0,310.0,,-200.0,-90.0,-1967.0,77.0,197.0,,-140.0
-51.0,410.0,,-200.0,-117.0,-1862.0,79.0,168.0,,-33.0
128.0,548.0,,-187.0,-71.0,-1709.0,59.0,-46.0,,65.0
113.0,610.0,,-72.0,-91.0,-1615.0,42.0,103.0,,129.0
336.0,500.0,,4.0,-84.0,-1381.0,37.0,46.0,,150.0
52.0,434.0,,100.0,-14.0,-1121.0,54.0,160.0,,150.0
167.0,312.0,,224.0,-27.0,-1086.0,48.0,419.0,,118.0
54.0,174.0,,245.0,-5.0,-1241.0,31.0,476.0,,71.0
315.0,-22.0,,284.0,-15.0,-1688.0,46.0,803.0,,24.0
281.0,-193.0,,429.0,-89.0,-2231.0,93.0,657.0,,-17.0
169.0,-333.0,,484.0,-52.0,-2530.0,160.0,556.0,,-49.0
162.0,-465.0,,546.0,-35.0,-2607.0,196.0,227.0,,-87.0
-24.0,-530.0,,619.0,-6.0,-2601.0,224.0,-153.0,,-112.0
116.0,-473.0,,578.0,42.0,-2698.0,246.0,-247.0,,-119.0
210.0,-330.0,,555.0,-52.0,-2733.0,278.0,-393.0,,-114.0
300.0,-241.0,,542.0,-110.0,-2356.0,333.0,48.0,,-92.0
82.0,-201.0,,494.0,-131.0,-1971.0,335.0,277.0,,-81.0
248.0,-159.0,,462.0,-184.0,-1807.0,305.0,665.0,,-84.0
263.0,-84.0,,416.0,-134.0,-1836.0,277.0,827.0,,-88.0
339.0,-108.0,,355.0,-104.0,-2120.0,250.0,687.0,,-105.0
422.0,-109.0,,311.0,-77.0,-2371.0,253.0,711.0,,-142.0
479.0,-146.0,,276.0,-23.0,-2492.0,278.0,325.0,,-202.0
552.0,-236.0,,311.0,-79.0,-2508.0,297.0,286.0,,-261.0
340.0,-186.0,,221.0,-81.0,-2562.0,274.0,116.0,,-283.0
480.0,-178.0,,84.0,-46.0,-2631.0,249.0,179.0,,-265.0
344.0,-284.0,,66.0,-59.0,-2594.0,238.0,384.0,,-179.0
512.0,-397.0,,-22.0,4.0,-2504.0,208.0,388.0,,-32.0
425.0,-393.0,,-96.0,46.0,-2305.0,202.0,554.0,,166.0
416.0,-390.0,,-121.0,67.0,-2035.0,207.0,376.0,,430.0
347.0,-432.0,,-173.0,122.0,-1815.0,198.0,476.0,,696.0
174.0,-474.0,,-104.0,106.0,-1764.0,198.0,448.0,,920.0
331.0,-483.0,,-47.0,122.0,-1804.0,198.0,485.0,,1079.0
20.0,-441.0,,-126.0,178.0,-1887.0,186.0,648.0,,1173.0
164.0,-440.0,,-119.0,172.0,-1850.0,179.0,415.0,,1207.0
-51.0,-404.0,,-83.0,190.0,-1613.0,149.0,465.0,,1154.0
8.0,-382.0,,-84.0,158.0,-1709.0,120.0,243.0,,1025.0
-101.0,-360.0,,-114.0,84.0,-1897.0,117.0,86.0,,831.0
-279.0,-286.0,,-147.0,74.0,-1806.0,98.0,-94.0,,604.0
-156.0,-252.0,,-166.0,44.0,-1732.0,90.0,-485.0,,361.0
-297.0,-134.0,,-221.0,85.0,-1784.0,105.0,-539.0,,114.0
-18.0,48.0,,-214.0,164.0,-1899.0,115.0,-718.0,,-102.0
-377.0,137.0,,-262.0,172.0,-1869.0,107.0,-539.0,,-270.0
-301.0,149.0,,-330.0,212.0,-1667.0,109.0,-545.0,,-377.0
-352.0,154.0,,-287.0,202.0,-1446.0,135.0,-576.0,,-424.0
-200.0,214.0,,-288.0,154.0,-1566.0,143.0,-404.0,,-425.0
-114.0,221.0,,-281.0,125.0,-1761.0,124.0,-461.0,,-387.0
-417.0,115.0,,-226.0,60.0,-1785.0,95.0,-125.0,,-312.0
-153.0,21.0,,-219.0,59.0,-1803.0,82.0,-107.0,,-220.0
-382.0,65.0,,-145.0,96.0,-1855.0,67.0,33.0,,-93.0
-165.0,112.0,,-77.0,92.0,-2238.0,86.0,199.0,,48.0
-308.0,26.0,,-100.0,137.0,-2605.0,142.0,181.0,,178.0
-298.0,-41.0,,-93.0,160.0,-2766.0,170.0,303.0,,306.0
-367.0,-27.0,,-127.0,148.0,-2634.0,196.0,112.0,,404.0
-599.0,-62.0,,-157.0,173.0,-2405.0,218.0,208.0,,454.0
-403.0,-158.0,,-176.0,135.0,-2587.0,247.0,151.0,,453.0
-610.0,-157.0,,-234.0,138.0,-2919.0,280.0,225.0,,402.0
-445.0,-120.0,,-221.0,177.0,-3019.0,303.0,384.0,,327.0
-591.0,-153.0,,-220.0,157.0,-2887.0,305.0,306.0,,238.0
-554.0,-235.0,,-235.0,201.0,-2978.0,301.0,487.0,,154.0
-670.0,-225.0,,-198.0,171.0,-3217.0,294.0,421.0,,80.0
-663.0,-132.0,,-255.0,90.0,-3277.0,247.0,642.0,,19.0
-417.0,-89.0,,-325.0,84.0,-3041.0,204.0,801.0,,-26.0
-496.0,-76.0,,-292.0,10.0,-2689.0,169.0,842.0,,-64.0
-382.0,-61.0,,-230.0,-20.0,-2554.0,168.0,1045.0,,-110.0
-562.0,54.0,,-240.0,-17.0,-2356.0,180.0,829.0,,-174.0
-414.0,186.0,,-283.0,-90.0,-1924.0,168.0,707.0,,-246.0
-437.0,183.0,,-330.0,-82.0,-1602.0,158.0,295.0,,-331.0
-383.0,172.0,,-432.0,-81.0,-1575.0,134.0,75.0,,-415.0
-374.0,222.0,,-405.0,-97.0,-1583.0,95.0,103.0,,-481.0
-546.0,145.0,,-419.0,-34.0,-1395.0,29.0,121.0,,-528.0
-441.0,70.0,,-498.0,-55.0,-1151.0,-29.0,406.0,,-556.0
-493.0,153.0,,-472.0,-68.0,-1145.0,-67.0,206.0,,-560.0
-434.0,197.0,,-524.0,-34.0,-1114.0,-107.0,195.0,,-529.0
-537.0,206.0,,-519.0,-67.0,-830.0,-143.0,53.0,,-479.0
-454.0,188.0,,-427.0,-39.0,-636.0,-163.0,-99.0,,-399.0
-448.0,191.0,,-370.0,-12.0,-594.0,-176.0,-158.0,,-286.0
-465.0,262.0,,-253.0,-3.0,-520.0,-184.0,-506.0,,-147.0
-440.0,302.0,,-127.0,95.0,-270.0,-193.0,-371.0,,27.0
-570.0,310.0,,-114.0,138.0,0.0,-232.0,-314.0,,236.0
-566.0,290.0,,-21.0,167.0,68.0,-260.0,-25.0,,465.0
-488.0,228.0,,77.0,192.0,201.0,-257.0,192.0,,709.0
-407.0,155.0,,55.0,114.0,242.0,-243.0,201.0,,960.0
-572.0,173.0,,19.0,92.0,12.0,-203.0,380.0,,1191.0
-568.0,126.0,,-90.0,106.0,-73.0,-189.0,295.0,,1395.0
-569.0,-76.0,,-182.0,146.0,-60.0,-207.0,522.0,,1559.0
-539.0,-232.0,,-264.0,253.0,-15.0,-222.0,539.0,,1672.0
-542.0,-337.0,,-332.0,269.0,-23.0,-216.0,504.0,,1730.0
-536.0,-414.0,,-446.0,271.0,-76.0,-185.0,511.0,,1722.0
-464.0,-481.0,,-555.0,296.0,-70.0,-155.0,341.0,,1620.0
-592.0,-531.0,,-534.0,255.0,-259.0,-98.0,509.0,,1418.0
-595.0,-515.0,,-539.0,252.0,-480.0,-65.0,354.0,,1141.0
-611.0,-494.0,,-466.0,228.0,-531.0,-47.0,291.0,,800.0
-545.0,-493.0,,-338.0,176.0,-388.0,-8.0,149.0,,410.0
-537.0,-501.0,,-246.0,189.0,-252.0,25.0,99.0,,25.0
-613.0,-436.0,,-141.0,153.0,-312.0,79.0,345.0,,-336.0
-662.0,-369.0,,13.0,135.0,-433.0,106.0,249.0,,-644.0
-563.0,-368.0,,169.0,108.0,-392.0,155.0,426.0,,-890.0
-412.0,-329.0,,277.0,-44.0,-210.0,201.0,338.0,,-1070.0
-360.0,-242.0,,395.0,-140.0,-326.0,208.0,369.0,,-1175.0
-378.0,-108.0,,397.0,-206.0,-538.0,240.0,365.0,,-1230.0
-388.0,-8.0,,436.0,-252.0,-491.0,265.0,97.0,,-1229.0
-316.0,19.0,,505.0,-208.0,-254.0,289.0,179.0,,-1164.0
-303.0,105.0,,473.0,-242.0,-128.0,310.0,12.0,,-1048.0
-71.0,239.0,,488.0,-278.0,-231.0,304.0,171.0,,-892.0
-80.0,294.0,,505.0,-303.0,-158.0,276.0,218.0,,-711.0
-120.0,237.0,,435.0,-399.0,69.0,244.0,269.0,,-522.0
-105.0,155.0,,323.0,-414.0,187.0,232.0,511.0,,-336.0
-112.0,89.0,,319.0,-385.0,214.0,250.0,426.0,,-149.0
-31.0,8.0,,294.0,-319.0,332.0,277.0,635.0,,33.0
-83.0,-43.0,,207.0,-150.0,562.0,278.0,582.0,,213.0
-32.0,16.0,,169.0,-57.0,784.0,275.0,678.0,,390.0
-211.0,145.0,,41.0,-2.0,834.0,260.0,827.0,,544.0
-302.0,192.0,,-117.0,63.0,738.0,218.0,835.0,,685.0
-321.0,181.0,,-129.0,14.0,710.0,203.0,1045.0,,799.0
-303.0,210.0,,-161.0,7.0,749.0,214.0,853.0,,861.0
-318.0,192.0,,-263.0,36.0,860.0,207.0,946.0,,896.0
-328.0,92.0,,-341.0,49.0,895.0,198.0,925.0,,881.0
-257.0,-3.0,,-402.0,155.0,763.0,205.0,920.0,,816.0
-392.0,-16.0,,-364.0,184.0,632.0,214.0,973.0,,707.0
-362.0,51.0,,-361.0,174.0,468.0,194.0,665.0,,556.0
-342.0,78.0,,-370.0,192.0,296.0,157.0,637.0,,389.0
-221.0,62.0,,-329.0,73.0,219.0,137.0,358.0,,208.0
-283.0,71.0,,-338.0,-9.0,269.0,121.0,343.0,,60.0
-262.0,58.0,,-346.0,-36.0,478.0,96.0,262.0,,-91.0
-264.0,75.0,,-403.0,-75.0,631.0,74.0,68.0,,-243.0
-329.0,37.0,,-505.0,32.0,805.0,58.0,81.0,,-367.0
-202.0,-48.0,,-566.0,106.0,1156.0,13.0,-188.0,,-475.0
-288.0,-55.0,,-599.0,105.0,1430.0,-42.0,-59.0,,-549.0
-108.0,-119.0,,-621.0,142.0,1538.0,-71.0,-129.0,,-609.0
-109.0,-142.0,,-591.0,50.0,1540.0,-95.0,-110.0,,-647.0
13.0,-91.0,,-563.0,-58.0,1412.0,-101.0,46.0,,-671.0
-96.0,-31.0,,-534.0,-100.0,1220.0,-109.0,88.0,,-658.0
-133.0,95.0,,-449.0,-166.0,1133.0,-137.0,378.0,,-625.0
176.0,228.0,,-395.0,-109.0,1089.0,-185.0,291.0,,-564.0
54.0,314.0,,-386.0,-15.0,1028.0,-247.0,445.0,,-466.0
113.0,324.0,,-354.0,17.0,1053.0,-260.0,504.0,,-342.0
-18.0,256.0,,-314.0,82.0,1152.0,-238.0,532.0,,-144.0
104.0,144.0,,-334.0,43.0,1204.0,-218.0,707.0,,59.0
72.0,18.0,,-349.0,-53.0,1120.0,-189.0,567.0,,282.0
-7.0,-150.0,,-393.0,-79.0,1014.0,-165.0,737.0,,505.0
70.0,-306.0,,-452.0,-105.0,1064.0,-168.0,626.0,,708.0
-69.0,-410.0,,-509.0,-22.0,1077.0,-201.0,594.0,,916.0
6.0,-481.0,,-574.0,127.0,976.0,-211.0,591.0,,1088.0
-134.0,-582.0,,-506.0,220.0,1032.0,-171.0,593.0,,1234.0
-40.0,-645.0,,-491.0,312.0,1214.0,-101.0,938.0,,1309.0
-93.0,-595.0,,-437.0,304.0,1373.0,-19.0,931.0,,1313.0
-89.0,-596.0,,-373.0,199.0,1391.0,35.0,1202.0,,1236.0
-48.0,-590.0,,-357.0,99.0,1239.0,51.0,1232.0,,1102.0
-158.0,-493.0,,-183.0,-21.0,1084.0,47.0,1210.0,,924.0
11.0,-372.0,,-131.0,-71.0,1066.0,76.0,1236.0,,701.0
-31.0,-242.0,,-89.0,-17.0,1058.0,119.0,999.0,,492.0
17.0,-151.0,,50.0,47.0,949.0,158.0,1012.0,,288.0
-12.0,-126.0,,95.0,129.0,977.0,191.0,711.0,,107.0
-11.0,-45.0,,35.0,138.0,1290.0,200.0,681.0,,-68.0
-36.0,52.0,,-59.0,27.0,1848.0,210.0,620.0,,-235.0
-44.0,71.0,,-73.0,-94.0,2457.0,188.0,509.0,,-362.0
89.0,61.0,,-54.0,-244.0,2802.0,174.0,615.0,,-457.0
-5.0,11.0,,-63.0,-345.0,2954.0,160.0,476.0,,-513.0
4.0,-38.0,,-88.0,-337.0,3111.0,147.0,637.0,,-538.0
-62.0,-82.0,,-58.0,-283.0,3181.0,187.0,679.0,,-536.0
-120.0,-116.0,,-38.0,-156.0,3182.0,207.0,753.0,,-529.0
-217.0,-61.0,,-37.0,-71.0,2928.0,235.0,683.0,,-526.0
-218.0,103.0,,37.0,-82.0,2480.0,242.0,325.0,,-539.0
-189.0,260.0,,124.0,-107.0,2201.0,211.0,251.0,,-586.0
-377.0,400.0,,166.0,-194.0,2134.0,191.0,-3.0,,-657.0
-422.0,595.0,,189.0,-234.0,2216.0,171.0,-12.0,,-743.0
-590.0,742.0,,230.0,-181.0,2216.0,140.0,7.0,,-810.0
-682.0,714.0,,241.0,-137.0,2383.0,82.0,22.0,,-864.0
-817.0,669.0,,248.0,-37.0,2736.0,52.0,402.0,,-911.0
-741.0,697.0,,210.0,53.0,2942.0,29.0,702.0,,-937.0
-733.0,608.0,,193.0,71.0,2956.0,-20.0,1138.0,,-928.0
-934.0,498.0,,238.0,87.0,2737.0,-63.0,1164.0,,-888.0
-943.0,396.0,,152.0,23.0,2583.0,-90.0,1080.0,,-813.0
-1032.0,269.0,,63.0,-55.0,2297.0,-123.0,862.0,,-695.0
-879.0,139.0,,12.0,-46.0,1953.0,-167.0,380.0,,-576.0
-819.0,14.0,,-31.0,-45.0,1927.0,-182.0,216.0,,-461.0
-690.0,-115.0,,-78.0,-10.0,2116.0,-178.0,-153.0,,-351.0
-714.0,-226.0,,-203.0,38.0,2494.0,-159.0,3.0,,-269.0
-660.0,-185.0,,-323.0,15.0,2835.0,-129.0,192.0,,-224.0
-564.0,-132.0,,-368.0,7.0,2852.0,-113.0,277.0,,-235.0
-484.0,-2.0,,-370.0,-29.0,2646.0,-144.0,524.0,,-265.0
-262.0,210.0,,-402.0,-106.0,2593.0,-218.0,380.0,,-284.0
-247.0,296.0,,-492.0,-107.0,2525.0,-276.0,323.0,,-308.0
-148.0,381.0,,-565.0,-133.0,2412.0,-310.0,-195.0,,-318.0
-245.0,474.0,,-516.0,-176.0,2129.0,-324.0,-495.0,,-313.0
16.0,476.0,,-497.0,-172.0,1617.0,-330.0,-631.0,,-305.0
84.0,525.0,,-500.0,-218.0,1410.0,-324.0,-654.0,,-291.0
122.0,559.0,,-418.0,-213.0,1377.0,-321.0,-247.0,,-283.0
139.0,497.0,,-374.0,-152.0,1323.0,-316.0,-179.0,,-301.0
214.0,439.0,,-294.0,-144.0,1343.0,-321.0,173.0,,-340.0
353.0,301.0,,-211.0,-77.0,1569.0,-358.0,179.0,,-367.0
304.0,293.0,,-94.0,2.0,1784.0,-370.0,33.0,,-401.0
567.0,382.0,,-8.0,49.0,1890.0,-372.0,-133.0,,-432.0
522.0,380.0,,-61.0,128.0,1971.0,-348.0,-480.0,,-451.0
694.0,354.0,,-50.0,122.0,2047.0,-330.0,-400.0,,-476.0
614.0,233.0,,-64.0,86.0,2262.0,-318.0,-519.0,,-482.0
828.0,195.0,,-176.0,125.0,2333.0,-298.0,-310.0,,-473.0
903.0,131.0,,-227.0,83.0,2271.0,-277.0,-162.0,,-452.0
939.0,22.0,,-165.0,26.0,2266.0,-236.0,-194.0,,-433.0
1058.0,56.0,,-175.0,38.0,2352.0,-218.0,-140.0,,-397.0
905.0,135.0,,-167.0,0.0,2389.0,-166.0,-395.0,,-320.0
1144.0,183.0,,-129.0,34.0,2028.0,-126.0,-277.0,,-226.0
945.0,94.0,,-122.0,115.0,1641.0,-86.0,-332.0,,-110.0
1055.0,26.0,,-13.0,116.0,1629.0,-59.0,-306.0,,10.0
833.0,45.0,,54.0,171.0,1615.0,-78.0,-147.0,,132.0
886.0,-49.0,,100.0,189.0,1408.0,-79.0,-144.0,,244.0
813.0,-221.0,,185.0,130.0,1289.0,-74.0,49.0,,340.0
538.0,-160.0,,216.0,159.0,1461.0,-55.0,-277.0,,411.0
616.0,-94.0,,257.0,161.0,1625.0,-42.0,-471.0,,443.0
317.0,-119.0,,357.0,124.0,1563.0,-23.0,-667.0,,450.0
423.0,-38.0,,328.0,136.0,1559.0,-18.0,-763.0,,435.0
215.0,-96.0,,356.0,93.0,1501.0,-5.0,-655.0,,370.0
227.0,-106.0,,456.0,64.0,1201.0,12.0,-1034.0,,246.0
80.0,-92.0,,465.0,97.0,897.0,0.0,-1189.0,,67.0
-72.0,-83.0,,491.0,68.0,749.0,-9.0,-1624.0,,-166.0
59.0,24.0,,493.0,80.0,667.0,-56.0,-1797.0,,-428.0
-47.0,40.0,,527.0,105.0,622.0,-104.0,-1838.0,,-702.0
72.0,122.0,,500.0,26.0,643.0,-143.0,-1869.0,,-969.0
-22.0,197.0,,429.0,-8.0,760.0,-140.0,-1448.0,,-1203.0
-18.0,173.0,,383.0,-31.0,948.0,-123.0,-1322.0,,-1390.0
-128.0,192.0,,284.0,-95.0,1022.0,-143.0,-820.0,,-1502.0
-206.0,214.0,,145.0,-89.0,891.0,-134.0,-689.0,,-1520.0
-73.0,87.0,,134.0,-101.0,671.0,-132.0,-615.0,,-1470.0
-142.0,-70.0,,53.0,-105.0,573.0,-126.0,-467.0,,-1363.0
-136.0,-186.0,,-144.0,-32.0,426.0,-118.0,-724.0,,-1216.0
-307.0,-282.0,,-197.0,-15.0,232.0,-115.0,-696.0,,-1046.0
-339.0,-316.0,,-297.0,-2.0,161.0,-102.0,-951.0,,-862.0
-313.0,-419.0,,-355.0,58.0,129.0,-90.0,-861.0,,-703.0
-286.0,-376.0,,-412.0,55.0,126.0,-53.0,-788.0,,-570.0
-222.0,-362.0,,-444.0,55.0,61.0,-11.0,-720.0,,-471.0
-397.0,-376.0,,-370.0,37.0,41.0,7.0,-530.0,,-395.0
-277.0,-259.0,,-395.0,-77.0,5.0,7.0,-715.0,,-325.0
-329.0,-347.0,,-394.0,-142.0,-172.0,3.0,-541.0,,-278.0
-239.0,-392.0,,-339.0,-189.0,-442.0,-14.0,-548.0,,-244.0
-209.0,-364.0,,-282.0,-266.0,-772.0,-6.0,-354.0,,-213.0
-171.0,-340.0,,-204.0,-250.0,-1005.0,3.0,-230.0,,-173.0
-102.0,-237.0,,-177.0,-240.0,-1346.0,4.0,-437.0,,-117.0
-201.0,-102.0,,-159.0,-252.0,-1826.0,31.0,-404.0,,-28.0
-2.0,-47.0,,-82.0,-173.0,-2126.0,48.0,-628.0,,80.0
-143.0,17.0,,-7.0,-107.0,-2145.0,59.0,-517.0,,195.0
-17.0,54.0,,86.0,-60.0,-2062.0,51.0,-487.0,,316.0
-132.0,-60.0,,156.0,4.0,-2030.0,32.0,-508.0,,409.0
-109.0,-47.0,,216.0,-7.0,-2013.0,11.0,-443.0,,461.0
-196.0,-85.0,,306.0,-34.0,-1960.0,26.0,-663.0,,480.0
-307.0,-195.0,,354.0,-51.0,-1848.0,60.0,-633.0,,458.0
-219.0,-253.0,,382.0,-121.0,-1818.0,96.0,-957.0,,417.0
-484.0,-216.0,,421.0,-154.0,-1831.0,141.0,-1147.0,,366.0
-405.0,-122.0,,532.0,-143.0,-1875.0,173.0,-1358.0,,310.0
-672.0,-59.0,,620.0,-189.0,-1853.0,212.0,-1638.0,,266.0
-568.0,-43.0,,604.0,-235.0,-1651.0,221.0,-1459.0,,211.0
-726.0,-21.0,,577.0,-242.0,-1514.0,239.0,-1407.0,,174.0
-694.0,207.0,,620.0,-268.0,-1472.0,274.0,-905.0,,148.0
-680.0,329.0,,574.0,-288.0,-1406.0,311.0,-556.0,,101.0
-725.0,489.0,,411.0,-290.0,-1278.0,350.0,-378.0,,79.0
-525.0,706.0,,346.0,-284.0,-1160.0,361.0,-367.0,,70.0
-734.0,761.0,,273.0,-226.0,-1064.0,360.0,-676.0,,59.0
-474.0,805.0,,116.0,-176.0,-981.0,348.0,-724.0,,60.0
-593.0,665.0,,2.0,-162.0,-788.0,356.0,-1073.0,,57.0
-236.0,431.0,,56.0,-107.0,-414.0,378.0,-986.0,,36.0
-286.0,208.0,,79.0,-75.0,-48.0,405.0,-761.0,,15.0
-244.0,-1.0,,86.0,-93.0,-16.0,425.0,-404.0,,-15.0
-161.0,-161.0,,207.0,-94.0,-240.0,404.0,155.0,,-67.0
-321.0,-283.0,,280.0,-97.0,-286.0,367.0,304.0,,-130.0
2.0,-299.0,,394.0,-99.0,-104.0,333.0,539.0,,-202.0
-221.0,-309.0,,498.0,-81.0,175.0,310.0,253.0,,-253.0
129.0,-334.0,,649.0,-77.0,151.0,300.0,-49.0,,-277.0
-196.0,-322.0,,778.0,-76.0,136.0,267.0,-406.0,,-282.0
-141.0,-347.0,,792.0,-26.0,383.0,193.0,-877.0,,-253.0
-90.0,-412.0,,729.0,12.0,509.0,141.0,-984.0,,-183.0
-163.0,-542.0,,666.0,11.0,427.0,108.0,-1176.0,,-64.0
142.0,-627.0,,563.0,8.0,163.0,82.0,-873.0,,83.0
-185.0,-567.0,,303.0,3.0,5.0,86.0,-498.0,,228.0
187.0,-506.0,,134.0,50.0,-191.0,67.0,-72.0,,356.0
-189.0,-350.0,,-29.0,140.0,-271.0,20.0,286.0,,460.0
109.0,-76.0,,-214.0,178.0,-165.0,-24.0,192.0,,556.0
141.0,246.0,,-346.0,196.0,6.0,-29.0,155.0,,655.0
75.0,466.0,,-453.0,194.0,394.0,-15.0,-288.0,,746.0
332.0,500.0,,-515.0,125.0,672.0,-4.0,-604.0,,824.0
-61.0,566.0,,-515.0,56.0,885.0,33.0,-835.0,,897.0
465.0,577.0,,-498.0,6.0,965.0,59.0,-1043.0,,963.0
7.0,527.0,,-421.0,-59.0,1021.0,87.0,-772.0,,1003.0
426.0,468.0,,-334.0,-86.0,936.0,102.0,-596.0,,1022.0
203.0,457.0,,-287.0,-87.0,485.0,104.0,-127.0,,1020.0
189.0,521.0,,-169.0,-103.0,254.0,126.0,64.0,,1010.0
477.0,530.0,,-73.0,-81.0,110.0,131.0,-11.0,,997.0
-18.0,534.0,,56.0,-57.0,-56.0,159.0,-49.0,,980.0
512.0,466.0,,120.0,-73.0,-252.0,182.0,-400.0,,964.0
-130.0,322.0,,114.0,-47.0,-442.0,188.0,-471.0,,909.0
460.0,166.0,,156.0,-27.0,-318.0,217.0,-689.0,,830.0
45.0,42.0,,238.0,-47.0,-175.0,245.0,-513.0,,761.0
212.0,-83.0,,214.0,2.0,-137.0,297.0,-112.0,,705.0
450.0,-182.0,,200.0,41.0,8.0,337.0,262.0,,637.0
28.0,-235.0,,252.0,44.0,172.0,338.0,753.0,,568.0
622.0,-309.0,,193.0,89.0,200.0,335.0,609.0,,531.0
27.0,-367.0,,198.0,55.0,282.0,311.0,506.0,,497.0
777.0,-478.0,,204.0,-3.0,345.0,289.0,-42.0,,471.0
249.0,-533.0,,141.0,20.0,407.0,300.0,-576.0,,437.0
609.0,-506.0,,90.0,23.0,422.0,309.0,-899.0,,409.0
676.0,-452.0,,120.0,54.0,321.0,319.0,-1261.0,,385.0
467.0,-352.0,,41.0,140.0,275.0,331.0,-1103.0,,361.0
983.0,-185.0,,-19.0,165.0,120.0,345.0,-1093.0,,364.0
526.0,73.0,,-62.0,164.0,-4.0,370.0,-589.0,,352.0
1048.0,290.0,,-242.0,147.0,-72.0,378.0,-243.0,,331.0
425.0,467.0,,-220.0,72.0,-99.0,411.0,-31.0,,316.0
804.0,606.0,,-191.0,40.0,-130.0,416.0,201.0,,317.0
686.0,695.0,,-256.0,26.0,-89.0,373.0,-88.0,,316.0
675.0,780.0,,-253.0,-17.0,62.0,356.0,-55.0,,283.0
754.0,713.0,,-207.0,12.0,30.0,344.0,-295.0,,232.0
307.0,553.0,,-211.0,26.0,188.0,345.0,-194.0,,148.0
516.0,391.0,,-120.0,-29.0,491.0,355.0,62.0,,60.0
218.0,220.0,,42.0,-42.0,682.0,372.0,216.0,,-22.0
503.0,99.0,,58.0,-56.0,884.0,387.0,487.0,,-93.0
292.0,-4.0,,153.0,-68.0,1220.0,372.0,282.0,,-124.0
297.0,-25.0,,312.0,-33.0,1696.0,347.0,358.0,,-109.0
133.0,-111.0,,304.0,-55.0,1937.0,328.0,251.0,,-40.0
171.0,-161.0,,366.0,-91.0,2092.0,319.0,286.0,,64.0
221.0,-149.0,,509.0,-81.0,2219.0,322.0,402.0,,187.0
270.0,-188.0,,485.0,-123.0,2145.0,306.0,315.0,,292.0
328.0,-160.0,,545.0,-124.0,1877.0,261.0,533.0,,388.0
202.0,-276.0,,571.0,-65.0,1418.0,235.0,415.0,,482.0
295.0,-381.0,,450.0,-35.0,1087.0,219.0,461.0,,559.0
190.0,-394.0,,422.0,59.0,920.0,230.0,412.0,,608.0
374.0,-294.0,,372.0,164.0,893.0,262.0,386.0,,600.0
202.0,-134.0,,348.0,202.0,1020.0,261.0,611.0,,565.0
393.0,-57.0,,285.0,234.0,1189.0,216.0,552.0,,507.0
111.0,102.0,,167.0,220.0,1310.0,155.0,642.0,,425.0
168.0,190.0,,142.0,170.0,1564.0,110.0,478.0,,328.0
112.0,230.0,,142.0,168.0,1905.0,86.0,404.0,,219.0
6.0,182.0,,107.0,161.0,1821.0,96.0,382.0,,121.0
104.0,94.0,,48.0,184.0,1616.0,111.0,116.0,,29.0
-173.0,116.0,,38.0,283.0,1663.0,99.0,-14.0,,-40.0
123.0,66.0,,63.0,319.0,1882.0,60.0,-471.0,,-99.0
-205.0,-4.0,,122.0,323.0,1821.0,28.0,-591.0,,-163.0
-8.0,-62.0,,127.0,296.0,1552.0,-2.0,-550.0,,-224.0
-190.0,-71.0,,134.0,145.0,1693.0,-2.0,-480.0,,-284.0
-92.0,-36.0,,183.0,28.0,1965.0,55.0,-136.0,,-336.0
44.0,-87.0,,223.0,-17.0,2074.0,107.0,-151.0,,-390.0
-58.0,-74.0,,321.0,-46.0,1917.0,146.0,70.0,,-439.0
259.0,32.0,,303.0,0.0,1852.0,140.0,92.0,,-475.0
56.0,79.0,,231.0,39.0,2109.0,77.0,107.0,,-463.0
420.0,50.0,,245.0,30.0,2305.0,9.0,145.0,,-433.0
232.0,-108.0,,271.0,22.0,2267.0,-38.0,-60.0,,-410.0
399.0,-232.0,,329.0,-61.0,2193.0,-37.0,151.0,,-367.0
474.0,-316.0,,429.0,-176.0,2456.0,-37.0,179.0,,-333.0
428.0,-450.0,,429.0,-216.0,2686.0,-51.0,485.0,,-297.0
529.0,-437.0,,457.0,-259.0,2599.0,-63.0,602.0,,-258.0
302.0,-328.0,,601.0,-239.0,2560.0,-82.0,528.0,,-229.0
577.0,-159.0,,656.0,-128.0,2743.0,-68.0,460.0,,-209.0
445.0,34.0,,652.0,-72.0,2817.0,-54.0,-9.0,,-213.0
505.0,192.0,,565.0,-44.0,2614.0,-60.0,-96.0,,-231.0
335.0,248.0,,532.0,-74.0,2370.0,-79.0,-345.0,,-267.0
322.0,196.0,,563.0,-187.0,2257.0,-82.0,-238.0,,-322.0
392.0,174.0,,397.0,-211.0,2270.0,-83.0,-49.0,,-388.0
314.0,91.0,,299.0,-183.0,2144.0,-126.0,-1.0,,-438.0
400.0,51.0,,275.0,-129.0,1950.0,-169.0,341.0,,-481.0
137.0,66.0,,30.0,62.0,1898.0,-242.0,310.0,,-534.0
203.0,-24.0,,-43.0,232.0,1987.0,-308.0,328.0,,-601.0
197.0,-130.0,,-3.0,330.0,2155.0,-348.0,33.0,,-689.0
255.0,-206.0,,-107.0,425.0,2247.0,-399.0,-212.0,,-761.0
249.0,-208.0,,-123.0,399.0,2237.0,-440.0,-258.0,,-811.0
191.0,-211.0,,-132.0,328.0,2174.0,-467.0,-345.0,,-819.0
218.0,-253.0,,-154.0,280.0,2103.0,-488.0,-88.0,,-779.0
141.0,-299.0,,-144.0,180.0,1998.0,-512.0,-120.0,,-709.0
169.0,-306.0,,-30.0,145.0,1759.0,-541.0,-73.0,,-601.0
157.0,-204.0,,88.0,161.0,1446.0,-584.0,-97.0,,-490.0
161.0,-115.0,,176.0,119.0,1173.0,-630.0,-99.0,,-389.0
133.0,-92.0,,210.0,122.0,972.0,-677.0,182.0,,-310.0
139.0,-96.0,,247.0,95.0,907.0,-727.0,155.0,,-265.0
89.0,-130.0,,380.0,-10.0,863.0,-750.0,314.0,,-245.0
75.0,-134.0,,399.0,-37.0,660.0,-761.0,310.0,,-259.0
83.0,-44.0,,516.0,-103.0,446.0,-800.0,384.0,,-298.0
229.0,-21.0,,590.0,-181.0,447.0,-818.0,569.0,,-356.0
263.0,-43.0,,550.0,-138.0,566.0,-847.0,450.0,,-422.0
261.0,-13.0,,595.0,-116.0,742.0,-905.0,607.0,,-472.0
345.0,-42.0,,624.0,-61.0,875.0,-959.0,543.0,,-496.0
374.0,-103.0,,567.0,84.0,865.0,-1018.0,729.0,,-480.0
522.0,-190.0,,454.0,147.0,926.0,-1050.0,866.0,,-436.0
522.0,-274.0,,402.0,167.0,805.0,-1074.0,811.0,,-355.0
641.0,-352.0,,324.0,159.0,597.0,-1092.0,872.0,,-239.0
644.0,-487.0,,199.0,65.0,500.0,-1144.0,504.0,,-102.0
738.0,-560.0,,42.0,73.0,360.0,-1230.0,419.0,,56.0
713.0,-462.0,,34.0,147.0,231.0,-1288.0,7.0,,203.0
594.0,-332.0,,38.0,198.0,-47.0,-1334.0,-266.0,,344.0
723.0,-253.0,,-82.0,308.0,-177.0,-1379.0,-314.0,,459.0
755.0,-154.0,,-167.0,296.0,-137.0,-1421.0,-443.0,,525.0
784.0,48.0,,-232.0,139.0,-94.0,-1438.0,-129.0,,547.0
563.0,260.0,,-222.0,1.0,-221.0,-1445.0,-133.0,,544.0
570.0,373.0,,-355.0,-168.0,-545.0,-1458.0,116.0,,528.0
584.0,476.0,,-481.0,-295.0,-579.0,-1460.0,105.0,,496.0
539.0,523.0,,-511.0,-255.0,-608.0,-1460.0,-1.0,,452.0
466.0,549.0,,-567.0,-163.0,-803.0,-1475.0,9.0,,389.0
292.0,425.0,,-630.0,-35.0,-1192.0,-1466.0,-266.0,,330.0
294.0,229.0,,-702.0,78.0,-1442.0,-1432.0,-158.0,,273.0
204.0,173.0,,-681.0,31.0,-1219.0,-1385.0,-293.0,,217.0
206.0,13.0,,-695.0,5.0,-1022.0,-1304.0,-194.0,,174.0
133.0,-239.0,,-710.0,8.0,-978.0,-1227.0,-3.0,,138.0
60.0,-448.0,,-722.0,-20.0,-836.0,-1167.0,158.0,,93.0
-3.0,-451.0,,-705.0,115.0,-517.0,-1112.0,473.0,,26.0
-52.0,-351.0,,-657.0,290.0,-333.0,-1054.0,400.0,,-43.0
-29.0,-265.0,,-602.0,373.0,-326.0,-995.0,495.0,,-145.0
14.0,-182.0,,-465.0,416.0,-436.0,-960.0,384.0,,-252.0
74.0,-165.0,,-417.0,296.0,-469.0,-942.0,351.0,,-351.0
15.0,-111.0,,-328.0,98.0,-441.0,-884.0,354.0,,-426.0
0.0,-234.0,,-177.0,-27.0,-615.0,-790.0,79.0,,-454.0
50.0,-453.0,,-155.0,-111.0,-638.0,-683.0,184.0,,-477.0
142.0,-587.0,,-108.0,-59.0,-674.0,-592.0,177.0,,-491.0
206.0,-607.0,,-44.0,106.0,-824.0,-540.0,450.0,,-500.0
280.0,-475.0,,32.0,209.0,-784.0,-494.0,683.0,,-505.0
254.0,-284.0,,105.0,259.0,-590.0,-470.0,748.0,,-509.0
272.0,26.0,,69.0,212.0,-479.0,-438.0,923.0,,-514.0
394.0,271.0,,120.0,1.0,-646.0,-384.0,578.0,,-530.0
429.0,329.0,,180.0,-181.0,-711.0,-325.0,408.0,,-561.0
481.0,273.0,,122.0,-311.0,-687.0,-250.0,22.0,,-592.0
511.0,286.0,,125.0,-371.0,-882.0,-197.0,-194.0,,-617.0
595.0,357.0,,176.0,-241.0,-1125.0,-176.0,-238.0,,-628.0
543.0,332.0,,79.0,-87.0,-1386.0,-174.0,-430.0,,-636.0
528.0,349.0,,-4.0,24.0,-1596.0,-149.0,-247.0,,-645.0
636.0,390.0,,6.0,68.0,-1745.0,-118.0,-415.0,,-655.0
580.0,414.0,,-44.0,-110.0,-1762.0,-86.0,-354.0,,-665.0
684.0,446.0,,-54.0,-371.0,-1617.0,-28.0,-537.0,,-681.0
634.0,550.0,,-87.0,-500.0,-1683.0,-3.0,-790.0,,-699.0
602.0,598.0,,-82.0,-472.0,-1811.0,22.0,-788.0,,-693.0
604.0,507.0,,-24.0,-249.0,-1822.0,62.0,-925.0,,-680.0
449.0,384.0,,39.0,75.0,-1812.0,105.0,-665.0,,-651.0
538.0,169.0,,131.0,307.0,-1704.0,171.0,-722.0,,-621.0
468.0,-109.0,,197.0,428.0,-1562.0,208.0,-613.0,,-603.0
524.0,-350.0,,251.0,331.0,-1411.0,221.0,-498.0,,-599.0
352.0,-518.0,,328.0,27.0,-1508.0,222.0,-447.0,,-613.0
278.0,-676.0,,464.0,-165.0,-1745.0,213.0,-260.0,,-594.0
332.0,-708.0,,608.0,-164.0,-1668.0,218.0,-424.0,,-546.0
156.0,-491.0,,543.0,-17.0,-1528.0,268.0,-352.0,,-467.0
330.0,-119.0,,546.0,256.0,-1525.0,330.0,-521.0,,-358.0
196.0,184.0,,834.0,461.0,-1544.0,369.0,-665.0,,-235.0
324.0,195.0,,705.0,529.0,-1401.0,412.0,-683.0,,-93.0
234.0,21.0,,650.0,512.0,-1210.0,443.0,-752.0,,20.0
269.0,-114.0,,797.0,310.0,-1362.0,486.0,-548.0,,89.0
455.0,-135.0,,588.0,23.0,-1736.0,548.0,-600.0,,135.0
343.0,-66.0,,485.0,-146.0,-1869.0,607.0,-460.0,,162.0
532.0,50.0,,608.0,-166.0,-1683.0,643.0,-358.0,,172.0
333.0,77.0,,500.0,11.0,-1576.0,655.0,-482.0,,160.0
546.0,41.0,,139.0,264.0,-1585.0,693.0,-541.0,,124.0
459.0,89.0,,231.0,403.0,-1620.0,732.0,-861.0,,58.0
541.0,167.0,,252.0,415.0,-1546.0,753.0,-936.0,,-29.0
640.0,153.0,,-17.0,293.0,-1432.0,769.0,-1130.0,,-122.0
440.0,-18.0,,-89.0,63.0,-1441.0,796.0,-1273.0,,-223.0
593.0,-246.0,,-89.0,-133.0,-1346.0,845.0,-1280.0,,-335.0
344.0,-357.0,,-73.0,-239.0,-1311.0,899.0,-1398.0,,-443.0
546.0,-235.0,,-100.0,-238.0,-1350.0,921.0,-1167.0,,-529.0
398.0,-19.0,,-115.0,-68.0,-1553.0,936.0,-1287.0,,-591.0
306.0,166.0,,-138.0,102.0,-1775.0,943.0,-1210.0,,-649.0
251.0,229.0,,-51.0,138.0,-1850.0,929.0,-1141.0,,-695.0
95.0,38.0,,-10.0,108.0,-2029.0,956.0,-1158.0,,-693.0
226.0,-155.0,,-6.0,-16.0,-2153.0,992.0,-951.0,,-638.0
89.0,-147.0,,30.0,-195.0,-2211.0,1022.0,-1075.0,,-536.0
169.0,-65.0,,43.0,-258.0,-2146.0,1034.0,-855.0,,-386.0
29.0,-32.0,,4.0,-207.0,-2197.0,1023.0,-864.0,,-216.0
-22.0,58.0,,-34.0,-102.0,-2233.0,1026.0,-727.0,,-43.0
-108.0,160.0,,-78.0,31.0,-2098.0,1047.0,-582.0,,122.0
-150.0,190.0,,-245.0,148.0,-2060.0,1086.0,-626.0,,272.0
-64.0,185.0,,-301.0,291.0,-2118.0,1097.0,-393.0,,389.0
-91.0,175.0,,-357.0,396.0,-2253.0,1079.0,-524.0,,481.0
-93.0,170.0,,-456.0,325.0,-2106.0,1053.0,-469.0,,576.0
-105.0,26.0,,-547.0,174.0,-2082.0,1049.0,-694.0,,653.0
-123.0,-90.0,,-629.0,40.0,-2245.0,1079.0,-822.0,,714.0
-105.0,-55.0,,-687.0,-68.0,-2250.0,1128.0,-829.0,,744.0
42.0,-15.0,,-664.0,-74.0,-2203.0,1170.0,-1095.0,,743.0
21.0,-135.0,,-572.0,-5.0,-2292.0,1175.0,-1110.0,,718.0
42.0,-448.0,,-518.0,12.0,-2461.0,1175.0,-1398.0,,665.0
-41.0,-681.0,,-435.0,-10.0,-2268.0,1182.0,-1348.0,,611.0
38.0,-738.0,,-317.0,-90.0,-1984.0,1196.0,-1243.0,,535.0
-34.0,-649.0,,-83.0,-215.0,-1811.0,1207.0,-1206.0,,446.0
-114.0,-459.0,,88.0,-259.0,-1865.0,1232.0,-1099.0,,346.0
-24.0,-248.0,,168.0,-283.0,-1813.0,1259.0,-1308.0,,246.0
-75.0,-148.0,,307.0,-316.0,-1664.0,1271.0,-1363.0,,159.0
-32.0,-204.0,,398.0,-221.0,-1742.0,1268.0,-1546.0,,61.0
-264.0,-210.0,,371.0,-43.0,-1802.0,1217.0,-1441.0,,-17.0
-274.0,-126.0,,355.0,144.0,-1877.0,1174.0,-1285.0,,-80.0
-328.0,-42.0,,433.0,261.0,-1961.0,1143.0,-1354.0,,-118.0
-286.0,-80.0,,329.0,167.0,-2189.0,1124.0,-1077.0,,-112.0
-300.0,-143.0,,173.0,-46.0,-2371.0,1148.0,-962.0,,-86.0
-401.0,-98.0,,183.0,-218.0,-2401.0,1188.0,-650.0,,-33.0
-339.0,21.0,,68.0,-317.0,-2312.0,1224.0,-524.0,,52.0
-405.0,189.0,,-110.0,-273.0,-2476.0,1243.0,-611.0,,157.0
-313.0,263.0,,-175.0,-129.0,-2729.0,1238.0,-498.0,,273.0
-358.0,260.0,,-200.0,-66.0,-2759.0,1232.0,-606.0,,385.0
-190.0,206.0,,-252.0,-54.0,-2932.0,1210.0,-521.0,,482.0
-217.0,198.0,,-304.0,-45.0,-2921.0,1170.0,-713.0,,554.0
-244.0,384.0,,-377.0,-109.0,-2846.0,1162.0,-707.0,,597.0
-123.0,603.0,,-404.0,-167.0,-2604.0,1160.0,-495.0,,632.0
-108.0,709.0,,-328.0,-167.0,-2353.0,1147.0,-352.0,,647.0
50.0,710.0,,-331.0,-167.0,-2322.0,1117.0,42.0,,652.0
6.0,681.0,,-260.0,-165.0,-2117.0,1078.0,18.0,,651.0
103.0,669.0,,-141.0,-177.0,-1893.0,1072.0,177.0,,637.0
107.0,634.0,,-58.0,-171.0,-1780.0,1109.0,177.0,,627.0
155.0,574.0,,65.0,-84.0,-1819.0,1167.0,171.0,,600.0
207.0,488.0,,136.0,-7.0,-1874.0,1182.0,301.0,,563.0
151.0,287.0,,184.0,15.0,-1806.0,1174.0,138.0,,520.0
156.0,96.0,,234.0,76.0,-1763.0,1176.0,273.0,,472.0
90.0,55.0,,285.0,136.0,-1934.0,1172.0,134.0,,420.0
192.0,143.0,,283.0,167.0,-1976.0,1178.0,123.0,,352.0
119.0,132.0,,304.0,213.0,-1871.0,1168.0,110.0,,277.0
122.0,-146.0,,304.0,203.0,-1910.0,1145.0,42.0,,213.0
133.0,-400.0,,161.0,174.0,-2007.0,1135.0,303.0,,163.0
30.0,-533.0,,-4.0,173.0,-2028.0,1123.0,308.0,,112.0
-1.0,-468.0,,-144.0,141.0,-1985.0,1111.0,493.0,,49.0
-76.0,-224.0,,-252.0,105.0,-2060.0,1107.0,334.0,,-20.0
-30.0,38.0,,-395.0,84.0,-2143.0,1094.0,184.0,,-63.0
-116.0,226.0,,-512.0,-20.0,-2078.0,1090.0,321.0,,-95.0
-108.0,298.0,,-543.0,-218.0,-1743.0,1079.0,315.0,,-99.0
-198.0,482.0,,-622.0,-361.0,-1506.0,1055.0,589.0,,-73.0
-311.0,622.0,,-682.0,-405.0,-1313.0,1035.0,487.0,,-38.0
-299.0,524.0,,-707.0,-340.0,-884.0,1004.0,600.0,,35.0
-384.0,216.0,,-716.0,-218.0,-671.0,971.0,776.0,,115.0
-361.0,-96.0,,-733.0,-157.0,-632.0,906.0,812.0,,171.0
-405.0,-173.0,,-816.0,-136.0,-561.0,843.0,918.0,,193.0
-321.0,-86.0,,-820.0,-150.0,-495.0,815.0,641.0,,185.0
-436.0,84.0,,-753.0,-223.0,-593.0,779.0,726.0,,168.0
-502.0,210.0,,-779.0,-220.0,-754.0,741.0,602.0,,145.0
-417.0,203.0,,-820.0,-66.0,-756.0,694.0,628.0,,108.0
-450.0,55.0,,-763.0,49.0,-534.0,642.0,650.0,,58.0
-368.0,-115.0,,-698.0,29.0,-181.0,599.0,400.0,,5.0
-361.0,-234.0,,-677.0,-71.0,-33.0,554.0,582.0,,-26.0
-354.0,-333.0,,-617.0,-191.0,116.0,517.0,576.0,,-64.0
-401.0,-308.0,,-567.0,-205.0,384.0,506.0,888.0,,-114.0
-296.0,-230.0,,-580.0,-131.0,564.0,507.0,1003.0,,-150.0
-211.0,-198.0,,-506.0,-36.0,729.0,492.0,988.0,,-194.0
-192.0,-206.0,,-465.0,128.0,935.0,445.0,1019.0,,-225.0
-274.0,-297.0,,-429.0,263.0,1167.0,372.0,752.0,,-227.0
-260.0,-417.0,,-308.0,257.0,1166.0,294.0,752.0,,-212.0
-184.0,-548.0,,-302.0,215.0,944.0,268.0,447.0,,-181.0
-260.0,-653.0,,-299.0,135.0,930.0,269.0,389.0,,-126.0
-231.0,-593.0,,-252.0,29.0,1187.0,233.0,402.0,,-20.0
-258.0,-386.0,,-223.0,46.0,1330.0,177.0,373.0,,116.0
-218.0,-202.0,,-243.0,106.0,1158.0,87.0,700.0,,264.0
-359.0,-143.0,,-277.0,147.0,1103.0,18.0,713.0,,420.0
-351.0,-88.0,,-316.0,207.0,1170.0,-43.0,868.0,,565.0
-334.0,40.0,,-356.0,176.0,1011.0,-99.0,774.0,,707.0
-338.0,146.0,,-349.0,65.0,719.0,-95.0,670.0,,829.0
-320.0,178.0,,-316.0,-49.0,561.0,-105.0,726.0,,899.0
-435.0,258.0,,-281.0,-204.0,536.0,-115.0,591.0,,953.0
-383.0,437.0,,-289.0,-306.0,203.0,-140.0,862.0,,984.0
-378.0,529.0,,-298.0,-313.0,-124.0,-174.0,970.0,,983.0
-337.0,454.0,,-389.0,-325.0,-188.0,-191.0,1321.0,,972.0
-460.0,278.0,,-453.0,-259.0,-288.0,-215.0,1651.0,,939.0
-447.0,72.0,,-501.0,-136.0,-289.0,-238.0,1688.0,,876.0
-434.0,-116.0,,-558.0,-119.0,-122.0,-268.0,1823.0,,783.0
-418.0,-206.0,,-493.0,-153.0,119.0,-288.0,1603.0,,677.0
-364.0,-151.0,,-500.0,-162.0,139.0,-315.0,1661.0,,553.0
-354.0,-26.0,,-480.0,-136.0,-11.0,-334.0,1439.0,,421.0
-325.0,107.0,,-394.0,-55.0,52.0,-342.0,1267.0,,291.0
-425.0,186.0,,-368.0,-10.0,329.0,-378.0,1282.0,,179.0
-391.0,179.0,,-245.0,-42.0,506.0,-423.0,1079.0,,96.0
-439.0,140.0,,-154.0,-39.0,320.0,-473.0,1114.0,,15.0
-418.0,142.0,,-138.0,-44.0,151.0,-543.0,757.0,,-48.0
-410.0,109.0,,0.0,-90.0,251.0,-596.0,726.0,,-120.0
-369.0,-76.0,,103.0,-94.0,356.0,-612.0,681.0,,-189.0
-378.0,-302.0,,148.0,-107.0,315.0,-631.0,644.0,,-225.0
-427.0,-505.0,,183.0,-116.0,217.0,-657.0,846.0,,-271.0
-441.0,-693.0,,180.0,-69.0,231.0,-694.0,757.0,,-302.0
-525.0,-882.0,,204.0,-17.0,273.0,-739.0,999.0,,-348.0
-502.0,-1017.0,,137.0,26.0,299.0,-779.0,914.0,,-415.0
-441.0,-1019.0,,58.0,27.0,273.0,-810.0,970.0,,-461.0
-425.0,-864.0,,57.0,-13.0,242.0,-841.0,931.0,,-518.0
-552.0,-468.0,,-9.0,19.0,158.0,-883.0,716.0,,-564.0
-583.0,-2.0,,-122.0,115.0,26.0,-898.0,951.0,,-586.0
-608.0,385.0,,-189.0,128.0,-101.0,-903.0,1003.0,,-550.0
-591.0,621.0,,-213.0,88.0,-440.0,-905.0,1302.0,,-455.0
-619.0,664.0,,-232.0,71.0,-770.0,-913.0,1241.0,,-332.0
-664.0,591.0,,-252.0,62.0,-1038.0,-961.0,1119.0,,-189.0
-741.0,455.0,,-219.0,53.0,-1120.0,-996.0,1117.0,,-51.0
-804.0,376.0,,-214.0,15.0,-991.0,-1032.0,920.0,,93.0
-813.0,329.0,,-277.0,-34.0,-843.0,-1062.0,984.0,,237.0
-912.0,293.0,,-220.0,-50.0,-464.0,-1095.0,788.0,,382.0
-907.0,327.0,,-128.0,-56.0,-84.0,-1135.0,947.0,,532.0
-928.0,434.0,,-122.0,-124.0,160.0,-1158.0,1117.0,,665.0
-975.0,409.0,,-136.0,-215.0,230.0,-1209.0,1282.0,,790.0
-1086.0,80.0,,-193.0,-268.0,171.0,-1225.0,1533.0,,877.0
-992.0,-350.0,,-206.0,-370.0,202.0,-1241.0,1252.0,,908.0
-991.0,-632.0,,-162.0,-480.0,139.0,-1265.0,1208.0,,877.0
-992.0,-734.0,,-288.0,-501.0,-45.0,-1257.0,1019.0,,763.0
-955.0,-690.0,,-468.0,-436.0,-357.0,-1243.0,918.0,,623.0
-990.0,-484.0,,-548.0,-274.0,-686.0,-1224.0,890.0,,467.0
-902.0,-340.0,,-670.0,-82.0,-602.0,-1217.0,761.0,,286.0
-918.0,-325.0,,-696.0,14.0,-234.0,-1201.0,896.0,,115.0
-793.0,-279.0,,-702.0,36.0,99.0,-1226.0,679.0,,-37.0
-757.0,-230.0,,-761.0,70.0,284.0,-1249.0,644.0,,-150.0
-706.0,-208.0,,-757.0,125.0,337.0,-1249.0,596.0,,-258.0
-736.0,-145.0,,-836.0,187.0,319.0,-1266.0,578.0,,-367.0
-687.0,40.0,,-813.0,226.0,168.0,-1265.0,713.0,,-447.0
-553.0,306.0,,-754.0,224.0,-70.0,-1277.0,548.0,,-496.0
-596.0,562.0,,-858.0,227.0,-269.0,-1255.0,641.0,,-511.0
-636.0,688.0,,-866.0,217.0,-423.0,-1236.0,458.0,,-493.0
-699.0,692.0,,-901.0,137.0,-593.0,-1231.0,290.0,,-429.0
-640.0,705.0,,-936.0,42.0,-843.0,-1214.0,153.0,,-340.0
-664.0,614.0,,-835.0,-35.0,-1191.0,-1205.0,-84.0,,-243.0
-648.0,387.0,,-776.0,-65.0,-1112.0,-1170.0,133.0,,-148.0
-711.0,236.0,,-774.0,15.0,-838.0,-1137.0,120.0,,-69.0
-743.0,248.0,,-738.0,89.0,-775.0,-1084.0,400.0,,-29.0
-759.0,333.0,,-654.0,116.0,-624.0,-998.0,626.0,,-23.0
-875.0,288.0,,-636.0,155.0,-339.0,-929.0,655.0,,-4.0
-888.0,40.0,,-633.0,119.0,55.0,-887.0,739.0,,26.0
-879.0,-244.0,,-616.0,34.0,248.0,-863.0,580.0,,88.0
-777.0,-499.0,,-592.0,-51.0,588.0,-853.0,705.0,,159.0
-739.0,-745.0,,-636.0,-234.0,1141.0,-829.0,539.0,,231.0
-688.0,-921.0,,-688.0,-435.0,1537.0,-782.0,681.0,,292.0
-716.0,-1004.0,,-581.0,-518.0,1577.0,-723.0,768.0,,312.0
-677.0,-1046.0,,-585.0,-487.0,1296.0,-690.0,642.0,,300.0
-510.0,-923.0,,-617.0,-332.0,1189.0,-675.0,848.0,,254.0
-424.0,-639.0,,-550.0,-181.0,1035.0,-664.0,674.0,,191.0
-388.0,-322.0,,-460.0,-176.0,634.0,-656.0,770.0,,140.0
-336.0,-17.0,,-297.0,-153.0,214.0,-618.0,591.0,,96.0
-194.0,149.0,,-140.0,-70.0,14.0,-583.0,476.0,,52.0
-156.0,311.0,,-6.0,-11.0,-117.0,-532.0,532.0,,29.0
-92.0,585.0,,151.0,76.0,-287.0,-508.0,382.0,,14.0
-54.0,922.0,,314.0,160.0,-421.0,-508.0,471.0,,21.0
-30.0,1179.0,,397.0,197.0,-340.0,-489.0,267.0,,60.0
17.0,1238.0,,504.0,243.0,-144.0,-449.0,400.0,,127.0
-19.0,1239.0,,622.0,273.0,-35.0,-366.0,367.0,,226.0
9.0,1057.0,,677.0,237.0,284.0,-309.0,288.0,,349.0
46.0,622.0,,747.0,170.0,733.0,-272.0,375.0,,501.0
174.0,158.0,,717.0,56.0,1010.0,-261.0,73.0,,649.0
264.0,-213.0,,677.0,-70.0,1195.0,-257.0,51.0,,779.0
198.0,-434.0,,728.0,-139.0,1553.0,-224.0,-144.0,,884.0
136.0,-507.0,,740.0,-157.0,1632.0,-188.0,-160.0,,945.0
176.0,-460.0,,693.0,-51.0,1263.0,-117.0,-66.0,,958.0
215.0,-367.0,,595.0,117.0,722.0,-48.0,22.0,,917.0
186.0,-268.0,,546.0,173.0,508.0,17.0,423.0,,838.0
208.0,-178.0,,470.0,157.0,539.0,56.0,593.0,,725.0
170.0,-76.0,,394.0,167.0,29.0,54.0,1012.0,,583.0
169.0,88.0,,433.0,165.0,-388.0,20.0,1127.0,,435.0
178.0,182.0,,359.0,132.0,-368.0,-46.0,1066.0,,283.0
144.0,174.0,,344.0,70.0,-137.0,-86.0,1080.0,,118.0
47.0,150.0,,360.0,-17.0,-100.0,-104.0,737.0,,-74.0
14.0,229.0,,350.0,-51.0,-183.0,-85.0,763.0,,-257.0
48.0,356.0,,393.0,-74.0,101.0,-42.0,655.0,,-394.0
-67.0,430.0,,353.0,-142.0,369.0,-29.0,715.0,,-477.0
-95.0,553.0,,479.0,-165.0,536.0,-60.0,848.0,,-489.0
-116.0,607.0,,599.0,-112.0,443.0,-101.0,752.0,,-460.0
-106.0,581.0,,560.0,-3.0,237.0,-107.0,700.0,,-413.0
-189.0,550.0,,571.0,161.0,123.0,-95.0,197.0,,-362.0
-262.0,593.0,,641.0,291.0,111.0,-48.0,147.0,,-325.0
-234.0,610.0,,591.0,305.0,362.0,-1.0,101.0,,-312.0
-262.0,505.0,,496.0,270.0,571.0,5.0,149.0,,-320.0
-231.0,307.0,,471.0,200.0,680.0,1.0,404.0,,-329.0
-298.0,-19.0,,389.0,110.0,812.0,2.0,297.0,,-353.0
-250.0,-301.0,,405.0,82.0,1052.0,5.0,373.0,,-369.0
-228.0,-541.0,,305.0,79.0,1079.0,12.0,112.0,,-380.0
-222.0,-628.0,,224.0,40.0,733.0,52.0,127.0,,-415.0
-187.0,-691.0,,332.0,9.0,659.0,77.0,203.0,,-462.0
-143.0,-822.0,,357.0,16.0,958.0,102.0,327.0,,-493.0
-86.0,-815.0,,430.0,33.0,1151.0,119.0,668.0,,-495.0
-125.0,-674.0,,464.0,60.0,993.0,98.0,596.0,,-474.0
-68.0,-392.0,,497.0,54.0,794.0,94.0,668.0,,-419.0
-8.0,-232.0,,542.0,-23.0,1011.0,70.0,375.0,,-349.0
130.0,-165.0,,549.0,-143.0,1243.0,46.0,201.0,,-264.0
163.0,-16.0,,636.0,-304.0,1128.0,32.0,151.0,,-191.0
177.0,348.0,,709.0,-463.0,1015.0,9.0,42.0,,-146.0
253.0,718.0,,734.0,-522.0,1158.0,-14.0,373.0,,-134.0
200.0,840.0,,767.0,-472.0,1525.0,-57.0,484.0,,-136.0
193.0,935.0,,744.0,-326.0,1768.0,-116.0,737.0,,-122.0
237.0,940.0,,605.0,-109.0,1920.0,-187.0,788.0,,-121.0
305.0,758.0,,595.0,38.0,2063.0,-255.0,809.0,,-109.0
356.0,366.0,,590.0,100.0,2116.0,-314.0,1093.0,,-81.0
328.0,8.0,,447.0,169.0,2117.0,-331.0,1053.0,,-51.0
259.0,-135.0,,340.0,212.0,2058.0,-334.0,1123.0,,4.0
278.0,-204.0,,291.0,215.0,2026.0,-352.0,910.0,,84.0
304.0,-294.0,,249.0,225.0,1953.0,-361.0,848.0,,161.0
309.0,-259.0,,139.0,196.0,1925.0,-384.0,901.0,,220.0
242.0,-77.0,,67.0,165.0,1874.0,-403.0,785.0,,261.0
207.0,25.0,,61.0,198.0,1830.0,-415.0,910.0,,286.0
253.0,101.0,,90.0,185.0,1892.0,-423.0,570.0,,265.0
177.0,2.0,,99.0,164.0,2111.0,-426.0,428.0,,182.0
106.0,-213.0,,234.0,183.0,2408.0,-442.0,375.0,,31.0
80.0,-262.0,,381.0,139.0,2403.0,-469.0,430.0,,-162.0
81.0,-172.0,,393.0,89.0,2064.0,-483.0,628.0,,-355.0
0.0,-89.0,,507.0,71.0,1719.0,-469.0,426.0,,-546.0
-67.0,-4.0,,602.0,32.0,1769.0,-462.0,473.0,,-723.0
-70.0,131.0,,645.0,12.0,1786.0,-453.0,319.0,,-901.0
-114.0,157.0,,661.0,-3.0,1617.0,-448.0,412.0,,-1092.0
-114.0,102.0,,680.0,-85.0,1443.0,-472.0,395.0,,-1266.0
-109.0,124.0,,679.0,-203.0,1363.0,-509.0,129.0,,-1410.0
-106.0,241.0,,648.0,-333.0,1544.0,-567.0,177.0,,-1509.0
-186.0,285.0,,672.0,-466.0,1583.0,-599.0,-1.0,,-1559.0
-163.0,305.0,,644.0,-513.0,1711.0,-612.0,129.0,,-1556.0
-144.0,389.0,,595.0,-472.0,2036.0,-607.0,59.0,,-1492.0
-175.0,469.0,,501.0,-337.0,2289.0,-571.0,-11.0,,-1396.0
-63.0,506.0,,460.0,-52.0,2491.0,-553.0,83.0,,-1280.0
-71.0,482.0,,442.0,236.0,2531.0,-546.0,73.0,,-1133.0
-41.0,490.0,,327.0,407.0,2541.0,-545.0,330.0,,-967.0
26.0,463.0,,228.0,524.0,2535.0,-546.0,201.0,,-785.0
124.0,347.0,,100.0,578.0,2414.0,-542.0,206.0,,-599.0
110.0,136.0,,91.0,603.0,2163.0,-541.0,145.0,,-433.0
53.0,-81.0,,64.0,656.0,1655.0,-537.0,112.0,,-301.0
214.0,-267.0,,-15.0,651.0,1243.0,-548.0,336.0,,-190.0
173.0,-333.0,,8.0,615.0,1137.0,-556.0,134.0,,-97.0
175.0,-418.0,,2.0,534.0,1195.0,-540.0,236.0,,-19.0
239.0,-771.0,,19.0,300.0,1215.0,-530.0,177.0,,63.0
319.0,-1079.0,,31.0,14.0,957.0,-540.0,70.0,,130.0
375.0,-1250.0,,98.0,-258.0,872.0,-577.0,-53.0,,185.0
357.0,-1120.0,,83.0,-532.0,1093.0,-585.0,-375.0,,238.0
408.0,-699.0,,58.0,-686.0,1328.0,-558.0,-339.0,,281.0
423.0,-353.0,,155.0,-706.0,1356.0,-537.0,-506.0,,338.0
617.0,-244.0,,139.0,-658.0,1238.0,-533.0,-369.0,,426.0
700.0,-313.0,,85.0,-477.0,1364.0,-567.0,-463.0,,553.0
702.0,-374.0,,137.0,-251.0,1479.0,-617.0,-724.0,,696.0
753.0,-433.0,,208.0,-136.0,1185.0,-677.0,-842.0,,814.0
860.0,-443.0,,198.0,-75.0,732.0,-736.0,-1215.0,,886.0
937.0,-437.0,,214.0,-36.0,669.0,-771.0,-1151.0,,917.0
886.0,-358.0,,197.0,16.0,778.0,-779.0,-1285.0,,895.0
999.0,-324.0,,164.0,100.0,586.0,-746.0,-1221.0,,819.0
1027.0,-401.0,,127.0,115.0,163.0,-711.0,-1097.0,,738.0
990.0,-354.0,,78.0,85.0,-47.0,-713.0,-997.0,,655.0
959.0,-272.0,,89.0,128.0,21.0,-744.0,-617.0,,588.0
956.0,-270.0,,87.0,233.0,-134.0,-787.0,-681.0,,572.0
892.0,-273.0,,103.0,349.0,-388.0,-816.0,-530.0,,567.0
851.0,-36.0,,124.0,437.0,-542.0,-816.0,-498.0,,563.0
865.0,369.0,,136.0,384.0,-496.0,-802.0,-380.0,,555.0
749.0,582.0,,178.0,170.0,-304.0,-812.0,-199.0,,532.0
677.0,548.0,,214.0,-109.0,-254.0,-860.0,-341.0,,491.0
625.0,427.0,,163.0,-339.0,-194.0,-911.0,-288.0,,417.0
616.0,178.0,,208.0,-410.0,-254.0,-936.0,-626.0,,347.0
521.0,-188.0,,258.0,-370.0,-345.0,-920.0,-807.0,,303.0
500.0,-383.0,,129.0,-343.0,-214.0,-878.0,-938.0,,287.0
416.0,-319.0,,110.0,-344.0,52.0,-833.0,-1128.0,,298.0
388.0,-163.0,,58.0,-288.0,334.0,-814.0,-1055.0,,309.0
435.0,58.0,,-126.0,-148.0,548.0,-827.0,-1300.0,,308.0
392.0,453.0,,-150.0,45.0,770.0,-824.0,-1334.0,,318.0
442.0,805.0,,-226.0,266.0,831.0,-813.0,-1457.0,,333.0
364.0,886.0,,-348.0,428.0,751.0,-796.0,-1395.0,,361.0
456.0,757.0,,-346.0,489.0,551.0,-737.0,-1145.0,,415.0
359.0,618.0,,-399.0,531.0,194.0,-676.0,-1217.0,,460.0
301.0,589.0,,-499.0,617.0,-103.0,-630.0,-1106.0,,478.0
348.0,544.0,,-514.0,699.0,-479.0,-604.0,-1289.0,,427.0
302.0,474.0,,-427.0,680.0,-900.0,-606.0,-1300.0,,306.0
299.0,411.0,,-420.0,523.0,-1216.0,-583.0,-1398.0,,127.0
220.0,259.0,,-387.0,304.0,-1444.0,-560.0,-1465.0,,-97.0
299.0,14.0,,-311.0,65.0,-1565.0,-542.0,-1245.0,,-324.0
165.0,-288.0,,-235.0,-227.0,-1631.0,-512.0,-1302.0,,-518.0
199.0,-422.0,,-58.0,-457.0,-1613.0,-504.0,-1034.0,,-647.0
232.0,-443.0,,39.0,-513.0,-1580.0,-486.0,-1147.0,,-744.0
205.0,-625.0,,86.0,-493.0,-1437.0,-458.0,-1212.0,,-834.0
142.0,-870.0,,152.0,-443.0,-1161.0,-416.0,-1199.0,,-911.0
80.0,-1011.0,,184.0,-325.0,-999.0,-372.0,-1415.0,,-939.0
290.0,-971.0,,241.0,-164.0,-916.0,-336.0,-1273.0,,-912.0
167.0,-761.0,,388.0,23.0,-915.0,-291.0,-1276.0,,-831.0
125.0,-405.0,,334.0,146.0,-907.0,-244.0,-1021.0,,-690.0
118.0,27.0,,268.0,163.0,-793.0,-199.0,-907.0,,-528.0
153.0,536.0,,356.0,225.0,-592.0,-168.0,-739.0,,-340.0
155.0,921.0,,276.0,299.0,-451.0,-137.0,-473.0,,-147.0
109.0,1083.0,,219.0,316.0,-455.0,-91.0,-567.0,,11.0
189.0,1201.0,,183.0,362.0,-565.0,-40.0,-502.0,,123.0
92.0,1194.0,,171.0,369.0,-675.0,20.0,-776.0,,188.0
115.0,977.0,,129.0,273.0,-630.0,92.0,-868.0,,210.0
43.0,604.0,,-35.0,128.0,-653.0,151.0,-944.0,,198.0
36.0,231.0,,-70.0,-117.0,-916.0,186.0,-1169.0,,136.0
71.0,-117.0,,-4.0,-406.0,-1208.0,201.0,-1123.0,,28.0
26.0,-357.0,,-44.0,-544.0,-1134.0,188.0,-1258.0,,-108.0
82.0,-555.0,,-69.0,-553.0,-995.0,191.0,-1152.0,,-273.0
32.0,-791.0,,-27.0,-488.0,-1199.0,210.0,-1230.0,,-426.0
23.0,-884.0,,-96.0,-398.0,-1593.0,222.0,-1250.0,,-561.0
-8.0,-905.0,,-109.0,-468.0,-1658.0,242.0,-1121.0,,-670.0
24.0,-960.0,,-117.0,-594.0,-1403.0,261.0,-1171.0,,-749.0
97.0,-1066.0,,-96.0,-568.0,-1352.0,289.0,-905.0,,-776.0
70.0,-1106.0,,-65.0,-434.0,-1295.0,307.0,-960.0,,-736.0
83.0,-967.0,,-103.0,-209.0,-1118.0,312.0,-1031.0,,-657.0
84.0,-634.0,,-75.0,46.0,-728.0,321.0,-1217.0,,-557.0
212.0,-266.0,,-143.0,278.0,-343.0,341.0,-1435.0,,-428.0
256.0,-60.0,,-241.0,535.0,5.0,387.0,-1356.0,,-217.0
227.0,19.0,,-337.0,683.0,267.0,419.0,-1540.0,,38.0
315.0,60.0,,-355.0,685.0,285.0,445.0,-1459.0,,298.0
355.0,230.0,,-363.0,694.0,281.0,458.0,-1572.0,,520.0
400.0,483.0,,-387.0,656.0,179.0,456.0,-1635.0,,673.0
380.0,609.0,,-344.0,550.0,129.0,451.0,-1609.0,,767.0
454.0,684.0,,-474.0,465.0,-66.0,412.0,-1788.0,,781.0
457.0,598.0,,-489.0,317.0,-177.0,405.0,-1637.0,,755.0
426.0,357.0,,-396.0,114.0,-87.0,423.0,-1716.0,,710.0
489.0,198.0,,-367.0,-50.0,106.0,459.0,-1491.0,,671.0
394.0,122.0,,-319.0,-219.0,173.0,534.0,-1261.0,,639.0
378.0,117.0,,-250.0,-344.0,89.0,571.0,-1165.0,,595.0
380.0,57.0,,-198.0,-409.0,250.0,560.0,-1095.0,,555.0
407.0,156.0,,-207.0,-507.0,269.0,532.0,-1431.0,,506.0
360.0,387.0,,-114.0,-527.0,254.0,529.0,-1463.0,,457.0
292.0,444.0,,-141.0,-413.0,189.0,581.0,-1736.0,,412.0
320.0,339.0,,-215.0,-264.0,225.0,661.0,-1829.0,,369.0
339.0,139.0,,-217.0,-63.0,333.0,742.0,-1875.0,,317.0
363.0,64.0,,-311.0,133.0,457.0,790.0,-2091.0,,244.0
286.0,-49.0,,-346.0,217.0,571.0,817.0,-1986.0,,151.0
335.0,-403.0,,-380.0,224.0,652.0,835.0,-2204.0,,47.0
407.0,-770.0,,-402.0,213.0,991.0,863.0,-2206.0,,-58.0
394.0,-805.0,,-398.0,246.0,1120.0,894.0,-2317.0,,-173.0
336.0,-796.0,,-388.0,356.0,1427.0,897.0,-2326.0,,-279.0
341.0,-1009.0,,-356.0,469.0,1500.0,889.0,-2200.0,,-379.0
469.0,-1087.0,,-326.0,555.0,1368.0,877.0,-2304.0,,-482.0
521.0,-945.0,,-271.0,632.0,1517.0,871.0,-2015.0,,-577.0
466.0,-578.0,,-177.0,612.0,1366.0,874.0,-1999.0,,-673.0
436.0,-174.0,,-58.0,453.0,1239.0,864.0,-1773.0,,-764.0
524.0,238.0,,-28.0,254.0,1173.0,847.0,-1644.0,,-820.0
548.0,722.0,,65.0,94.0,1287.0,851.0,-1633.0,,-824.0
555.0,1068.0,,151.0,35.0,1296.0,851.0,-1236.0,,-775.0
514.0,1285.0,,131.0,38.0,1090.0,858.0,-1110.0,,-698.0
488.0,1345.0,,139.0,9.0,984.0,869.0,-768.0,,-613.0
490.0,1315.0,,114.0,-25.0,1079.0,884.0,-781.0,,-526.0
542.0,1138.0,,139.0,-16.0,1583.0,897.0,-905.0,,-414.0
519.0,804.0,,137.0,11.0,1921.0,877.0,-1032.0,,-268.0
427.0,511.0,,128.0,-8.0,1794.0,861.0,-1334.0,,-115.0
485.0,178.0,,154.0,-100.0,1481.0,827.0,-1284.0,,60.0
459.0,-135.0,,178.0,-242.0,1455.0,789.0,-1415.0,,231.0
415.0,-560.0,,141.0,-345.0,1563.0,769.0,-1199.0,,403.0
301.0,-1076.0,,101.0,-363.0,1460.0,735.0,-1127.0,,586.0
315.0,-1310.0,,149.0,-304.0,1394.0,725.0,-1149.0,,758.0
324.0,-1327.0,,89.0,-195.0,1521.0,748.0,-1043.0,,942.0
293.0,-1166.0,,45.0,-121.0,1877.0,754.0,-1350.0,,1103.0
258.0,-911.0,,48.0,-96.0,2105.0,745.0,-1328.0,,1251.0
178.0,-786.0,,-10.0,-91.0,1961.0,708.0,-1465.0,,1369.0
251.0,-714.0,,36.0,-91.0,1737.0,654.0,-1404.0,,1393.0
227.0,-540.0,,162.0,-98.0,1788.0,628.0,-1169.0,,1329.0
239.0,-364.0,,-84.0,-108.0,2017.0,591.0,-1125.0,,1183.0
103.0,-273.0,,-373.0,-101.0,2120.0,546.0,-986.0,,986.0
95.0,-129.0,,-32.0,-145.0,2048.0,516.0,-1206.0,,766.0
165.0,94.0,,184.0,-225.0,1929.0,495.0,-1143.0,,546.0
145.0,346.0,,-132.0,-241.0,2078.0,496.0,-1141.0,,333.0
155.0,481.0,,-259.0,-202.0,2364.0,506.0,-1053.0,,149.0
104.0,559.0,,-118.0,-79.0,2251.0,508.0,-801.0,,10.0
165.0,701.0,,-249.0,120.0,1784.0,510.0,-840.0,,-109.0
108.0,735.0,,-342.0,243.0,1569.0,509.0,-652.0,,-198.0
117.0,677.0,,-146.0,257.0,1585.0,501.0,-800.0,,-261.0
73.0,621.0,,-283.0,207.0,1306.0,490.0,-807.0,,-274.0
87.0,692.0,,-247.0,42.0,966.0,459.0,-812.0,,-253.0
122.0,734.0,,-307.0,-104.0,924.0,422.0,-822.0,,-216.0
50.0,562.0,,-508.0,-149.0,1239.0,406.0,-559.0,,-144.0
-7.0,260.0,,-154.0,-220.0,1681.0,406.0,-558.0,,-64.0
-79.0,-52.0,,-422.0,-277.0,1949.0,439.0,-194.0,,44.0
-18.0,-285.0,,-508.0,-278.0,2053.0,453.0,-144.0,,162.0
-51.0,-636.0,,-65.0,-236.0,2076.0,424.0,-88.0,,276.0
-70.0,-1083.0,,-294.0,-119.0,1980.0,382.0,53.0,,377.0
-143.0,-1336.0,,-389.0,-44.0,1653.0,349.0,-84.0,,455.0
-174.0,-1298.0,,-141.0,-85.0,1241.0,362.0,68.0,,523.0
-199.0,-1146.0,,-356.0,-135.0,782.0,394.0,-181.0,,573.0
-250.0,-954.0,,-401.0,-209.0,320.0,433.0,-277.0,,621.0
-269.0,-552.0,,-176.0,-273.0,-85.0,445.0,-434.0,,672.0
-288.0,-22.0,,-367.0,-202.0,-353.0,431.0,-543.0,,728.0
-211.0,347.0,,-318.0,-52.0,-594.0,433.0,-352.0,,791.0
-242.0,468.0,,-176.0,143.0,-653.0,392.0,-373.0,,845.0
-238.0,529.0,,-112.0,330.0,-265.0,365.0,-73.0,,882.0
-290.0,686.0,,-122.0,341.0,100.0,363.0,-103.0,,902.0
-277.0,818.0,,-120.0,206.0,406.0,345.0,-88.0,,907.0
-242.0,777.0,,141.0,55.0,679.0,368.0,-38.0,,917.0
-260.0,739.0,,97.0,-108.0,859.0,388.0,-42.0,,953.0
-244.0,824.0,,106.0,-209.0,851.0,409.0,260.0,,986.0
-257.0,894.0,,242.0,-274.0,544.0,419.0,288.0,,999.0
-182.0,825.0,,113.0,-455.0,176.0,405.0,445.0,,978.0
-147.0,599.0,,123.0,-587.0,-151.0,434.0,308.0,,926.0
-150.0,379.0,,211.0,-554.0,-450.0,473.0,194.0,,853.0
-172.0,219.0,,109.0,-460.0,-769.0,526.0,105.0,,757.0
-119.0,-36.0,,125.0,-266.0,-1162.0,579.0,-338.0,,665.0
-132.0,-212.0,,165.0,-58.0,-1373.0,598.0,-436.0,,586.0
-111.0,-119.0,,46.0,0.0,-1159.0,582.0,-515.0,,531.0
-102.0,65.0,,22.0,21.0,-980.0,556.0,-258.0,,478.0
-123.0,120.0,,132.0,94.0,-932.0,548.0,109.0,,439.0
-80.0,91.0,,93.0,216.0,-941.0,564.0,447.0,,401.0
-117.0,256.0,,55.0,379.0,-918.0,604.0,896.0,,330.0
-48.0,427.0,,156.0,395.0,-565.0,650.0,947.0,,258.0
-120.0,419.0,,111.0,276.0,-352.0,682.0,1060.0,,186.0
-136.0,353.0,,134.0,201.0,-201.0,689.0,947.0,,116.0
-149.0,299.0,,266.0,123.0,-70.0,692.0,957.0,,36.0
-156.0,252.0,,266.0,69.0,-164.0,710.0,1067.0,,-47.0
-134.0,110.0,,266.0,112.0,-80.0,741.0,809.0,,-108.0
-199.0,-134.0,,294.0,125.0,-153.0,757.0,713.0,,-167.0
-115.0,-480.0,,221.0,96.0,-543.0,747.0,471.0,,-219.0
-136.0,-700.0,,186.0,58.0,-957.0,724.0,668.0,,-242.0
-129.0,-782.0,,269.0,-46.0,-1328.0,699.0,798.0,,-261.0
-213.0,-905.0,,280.0,-117.0,-1636.0,728.0,613.0,,-300.0
-244.0,-992.0,,243.0,-94.0,-1857.0,782.0,683.0,,-354.0
-221.0,-996.0,,258.0,-75.0,-1784.0,813.0,473.0,,-419.0
-183.0,-979.0,,269.0,-61.0,-1549.0,825.0,450.0,,-501.0
-163.0,-1045.0,,300.0,-86.0,-1334.0,786.0,188.0,,-583.0
-291.0,-957.0,,347.0,-223.0,-1225.0,754.0,77.0,,-626.0
-249.0,-632.0,,374.0,-334.0,-1270.0,769.0,142.0,,-634.0
-294.0,-298.0,,342.0,-323.0,-1487.0,800.0,131.0,,-619.0
-298.0,-38.0,,247.0,-249.0,-1786.0,849.0,406.0,,-583.0
-343.0,22.0,,228.0,-133.0,-1916.0,861.0,330.0,,-507.0
-305.0,63.0,,185.0,-28.0,-2156.0,827.0,737.0,,-378.0
-274.0,179.0,,110.0,25.0,-2425.0,798.0,970.0,,-219.0
-372.0,166.0,,69.0,77.0,-2415.0,778.0,910.0,,-35.0
-345.0,29.0,,-71.0,140.0,-2214.0,769.0,918.0,,164.0
-405.0,-193.0,,-187.0,245.0,-2137.0,796.0,779.0,,407.0
-370.0,-352.0,,-213.0,416.0,-2487.0,833.0,1167.0,,671.0
-412.0,-281.0,,-259.0,533.0,-2512.0,835.0,1197.0,,904.0
-459.0,-221.0,,-235.0,516.0,-2150.0,826.0,1256.0,,1092.0
-483.0,-329.0,,-172.0,397.0,-2134.0,820.0,1245.0,,1212.0
-493.0,-307.0,,-172.0,216.0,-2318.0,841.0,1082.0,,1275.0
-452.0,-155.0,,-128.0,38.0,-2406.0,846.0,1151.0,,1305.0
-445.0,-87.0,,-44.0,-89.0,-2068.0,813.0,824.0,,1300.0
-410.0,9.0,,2.0,-154.0,-1757.0,774.0,805.0,,1270.0
-420.0,282.0,,9.0,-192.0,-2049.0,721.0,678.0,,1217.0
-405.0,543.0,,15.0,-268.0,-2269.0,703.0,613.0,,1117.0
-432.0,603.0,,38.0,-405.0,-2422.0,690.0,659.0,,985.0
-400.0,527.0,,-60.0,-536.0,-2715.0,688.0,600.0,,837.0
-395.0,496.0,,-147.0,-532.0,-2851.0,685.0,929.0,,669.0
-340.0,552.0,,-127.0,-388.0,-3213.0,639.0,796.0,,512.0
-265.0,408.0,,-169.0,-189.0,-3531.0,589.0,668.0,,386.0
-296.0,141.0,,-118.0,23.0,-3496.0,533.0,543.0,,313.0
-268.0,-63.0,,-77.0,183.0,-3332.0,502.0,450.0,,276.0
-189.0,-218.0,,-111.0,236.0,-3095.0,478.0,611.0,,269.0
-115.0,-318.0,,-114.0,264.0,-3088.0,481.0,436.0,,272.0
-111.0,-374.0,,-82.0,262.0,-3031.0,512.0,487.0,,266.0
-72.0,-338.0,,-32.0,197.0,-2772.0,526.0,356.0,,246.0
-51.0,-320.0,,-62.0,142.0,-2705.0,515.0,388.0,,220.0
3.0,-362.0,,54.0,68.0,-2762.0,451.0,580.0,,219.0
13.0,-407.0,,179.0,-17.0,-2702.0,401.0,600.0,,250.0
-40.0,-294.0,,148.0,-13.0,-2448.0,370.0,946.0,,314.0
-84.0,-70.0,,159.0,33.0,-2103.0,356.0,944.0,,383.0
-146.0,120.0,,225.0,76.0,-1897.0,358.0,1051.0,,465.0
-149.0,249.0,,254.0,150.0,-1903.0,333.0,964.0,,526.0
-230.0,345.0,,228.0,188.0,-1959.0,291.0,787.0,,540.0
-288.0,499.0,,216.0,203.0,-2151.0,227.0,914.0,,546.0
-301.0,451.0,,197.0,240.0,-2416.0,177.0,742.0,,546.0
-359.0,271.0,,184.0,208.0,-2604.0,166.0,848.0,,560.0
-405.0,123.0,,190.0,174.0,-2671.0,169.0,861.0,,565.0
-472.0,57.0,,193.0,194.0,-2641.0,170.0,1075.0,,529.0
-507.0,38.0,,237.0,149.0,-2545.0,162.0,1197.0,,448.0
-536.0,-91.0,,251.0,86.0,-2320.0,166.0,1036.0,,322.0
-560.0,-168.0,,153.0,55.0,-2318.0,191.0,1104.0,,175.0
-566.0,-255.0,,92.0,11.0,-2222.0,208.0,870.0,,36.0
-628.0,-284.0,,83.0,21.0,-2041.0,190.0,955.0,,-90.0
-609.0,-222.0,,88.0,-8.0,-1999.0,123.0,888.0,,-198.0
-624.0,-104.0,,102.0,-151.0,-1786.0,65.0,888.0,,-257.0
-617.0,122.0,,65.0,-222.0,-1663.0,62.0,1027.0,,-262.0
-570.0,239.0,,34.0,-241.0,-1442.0,90.0,947.0,,-236.0
-561.0,341.0,,61.0,-285.0,-1426.0,148.0,1226.0,,-203.0
-485.0,343.0,,82.0,-278.0,-1793.0,201.0,1165.0,,-160.0
-510.0,252.0,,65.0,-288.0,-2040.0,214.0,1256.0,,-90.0
-466.0,217.0,,149.0,-348.0,-2264.0,224.0,1337.0,,-19.0
-416.0,92.0,,239.0,-326.0,-2366.0,230.0,1382.0,,26.0
-371.0,-85.0,,255.0,-230.0,-2031.0,212.0,1470.0,,67.0
-319.0,-314.0,,312.0,-84.0,-1526.0,230.0,1134.0,,115.0
-311.0,-451.0,,376.0,72.0,-1231.0,282.0,1055.0,,169.0
-251.0,-448.0,,432.0,93.0,-1067.0,319.0,761.0,,232.0
-206.0,-301.0,,435.0,78.0,-853.0,354.0,702.0,,264.0
-104.0,-95.0,,452.0,152.0,-665.0,380.0,785.0,,246.0
-92.0,64.0,,442.0,217.0,-775.0,401.0,774.0,,190.0
-65.0,376.0,,368.0,290.0,-920.0,409.0,1149.0,,91.0
-31.0,685.0,,355.0,381.0,-871.0,394.0,1093.0,,-33.0
-13.0,941.0,,259.0,389.0,-856.0,398.0,1001.0,,-197.0
34.0,1219.0,,120.0,346.0,-954.0,447.0,768.0,,-387.0
47.0,1522.0,,16.0,274.0,-966.0,496.0,615.0,,-547.0
43.0,1681.0,,-52.0,137.0,-824.0,552.0,831.0,,-659.0
21.0,1510.0,,-107.0,21.0,-696.0,587.0,971.0,,-752.0
61.0,1124.0,,-229.0,-69.0,-699.0,576.0,1433.0,,-833.0
69.0,629.0,,-331.0,-169.0,-693.0,568.0,1544.0,,-867.0
71.0,85.0,,-411.0,-218.0,-458.0,562.0,1579.0,,-858.0
4.0,-555.0,,-447.0,-256.0,-396.0,559.0,1531.0,,-788.0
-26.0,-1099.0,,-406.0,-283.0,-425.0,539.0,1201.0,,-666.0
0.0,-1382.0,,-259.0,-214.0,-268.0,504.0,1091.0,,-502.0
-18.0,-1375.0,,-166.0,-115.0,-27.0,493.0,707.0,,-302.0
-28.0,-1248.0,,-141.0,-59.0,269.0,498.0,679.0,,-92.0
-13.0,-1260.0,,-34.0,-13.0,539.0,495.0,617.0,,121.0
57.0,-1266.0,,51.0,-37.0,737.0,471.0,511.0,,318.0
52.0,-1191.0,,144.0,-135.0,697.0,431.0,602.0,,486.0
48.0,-1079.0,,183.0,-151.0,605.0,378.0,423.0,,621.0
29.0,-906.0,,243.0,-56.0,581.0,345.0,526.0,,721.0
69.0,-486.0,,279.0,57.0,522.0,352.0,373.0,,759.0
65.0,141.0,,264.0,113.0,322.0,389.0,423.0,,721.0
19.0,598.0,,283.0,85.0,-162.0,415.0,389.0,,627.0
21.0,790.0,,275.0,50.0,-611.0,397.0,112.0,,476.0
-35.0,887.0,,286.0,92.0,-642.0,333.0,155.0,,266.0
-42.0,1026.0,,287.0,171.0,-459.0,284.0,-9.0,,8.0
-103.0,1038.0,,329.0,232.0,-339.0,244.0,245.0,,-272.0
-67.0,916.0,,300.0,250.0,-111.0,214.0,360.0,,-517.0
-99.0,886.0,,277.0,153.0,358.0,228.0,582.0,,-668.0
-141.0,893.0,,325.0,-46.0,837.0,218.0,851.0,,-728.0
-99.0,800.0,,305.0,-203.0,956.0,210.0,768.0,,-724.0
-171.0,544.0,,293.0,-284.0,903.0,186.0,992.0,,-692.0
-225.0,330.0,,257.0,-296.0,1162.0,144.0,944.0,,-667.0
-240.0,219.0,,242.0,-206.0,1391.0,138.0,1141.0,,-658.0
-125.0,-6.0,,211.0,-117.0,1277.0,127.0,1173.0,,-689.0
-143.0,-392.0,,187.0,-82.0,882.0,105.0,1027.0,,-758.0
-192.0,-695.0,,181.0,-20.0,413.0,76.0,964.0,,-859.0
-177.0,-758.0,,95.0,29.0,181.0,76.0,576.0,,-982.0
-195.0,-863.0,,39.0,63.0,34.0,67.0,524.0,,-1093.0
-185.0,-1051.0,,-18.0,150.0,70.0,43.0,319.0,,-1206.0
-180.0,-1108.0,,-93.0,190.0,137.0,68.0,369.0,,-1300.0
-118.0,-955.0,,-164.0,157.0,199.0,84.0,480.0,,-1365.0
-151.0,-728.0,,-208.0,103.0,576.0,60.0,423.0,,-1391.0
-149.0,-561.0,,-188.0,-7.0,872.0,42.0,550.0,,-1361.0
-123.0,-232.0,,-201.0,-48.0,979.0,26.0,327.0,,-1294.0
-152.0,313.0,,-200.0,-12.0,1075.0,1.0,371.0,,-1176.0
-206.0,714.0,,-159.0,-57.0,1052.0,-24.0,271.0,,-1012.0
-255.0,829.0,,-114.0,-98.0,920.0,-71.0,210.0,,-813.0
-281.0,845.0,,-76.0,-118.0,719.0,-110.0,306.0,,-603.0
-360.0,851.0,,-48.0,-187.0,452.0,-141.0,205.0,,-410.0
-400.0,750.0,,-55.0,-210.0,381.0,-169.0,426.0,,-245.0
-456.0,444.0,,-65.0,-215.0,295.0,-172.0,397.0,,-156.0
-491.0,196.0,,-55.0,-269.0,28.0,-186.0,447.0,,-151.0
-469.0,169.0,,-35.0,-255.0,-109.0,-192.0,314.0,,-220.0
-462.0,105.0,,10.0,-190.0,-12.0,-174.0,29.0,,-348.0
-482.0,-54.0,,3.0,-107.0,294.0,-164.0,38.0,,-497.0
-477.0,-46.0,,-51.0,53.0,410.0,-166.0,-105.0,,-652.0
-428.0,51.0,,-159.0,160.0,199.0,-196.0,81.0,,-778.0
-436.0,115.0,,-247.0,234.0,-6.0,-237.0,107.0,,-873.0
-488.0,124.0,,-267.0,382.0,76.0,-269.0,177.0,,-934.0
-474.0,-44.0,,-339.0,430.0,87.0,-288.0,393.0,,-963.0
-387.0,-147.0,,-429.0,348.0,-256.0,-300.0,460.0,,-991.0
-370.0,-259.0,,-411.0,214.0,-646.0,-297.0,731.0,,-991.0
-395.0,-428.0,,-422.0,3.0,-900.0,-289.0,698.0,,-965.0
-402.0,-472.0,,-411.0,-157.0,-828.0,-310.0,748.0,,-908.0
-341.0,-346.0,,-315.0,-237.0,-831.0,-316.0,569.0,,-797.0
-314.0,-135.0,,-305.0,-362.0,-1079.0,-324.0,297.0,,-635.0
-364.0,88.0,,-240.0,-418.0,-997.0,-323.0,227.0,,-449.0
-386.0,547.0,,-157.0,-341.0,-470.0,-293.0,-84.0,,-236.0
-412.0,959.0,,-77.0,-233.0,-7.0,-302.0,12.0,,-3.0
-379.0,972.0,,20.0,-52.0,127.0,-302.0,14.0,,213.0
-428.0,681.0,,95.0,126.0,208.0,-297.0,175.0,,429.0
-502.0,407.0,,169.0,194.0,371.0,-299.0,404.0,,624.0
-511.0,184.0,,148.0,259.0,555.0,-282.0,376.0,,794.0
-507.0,-165.0,,101.0,318.0,496.0,-288.0,491.0,,924.0
-494.0,-481.0,,23.0,310.0,248.0,-323.0,219.0,,967.0
-545.0,-627.0,,-122.0,271.0,45.0,-373.0,247.0,,935.0
-511.0,-659.0,,-292.0,171.0,-53.0,-412.0,284.0,,858.0
-520.0,-809.0,,-379.0,26.0,-116.0,-416.0,297.0,,749.0
-553.0,-795.0,,-425.0,-122.0,-412.0,-417.0,419.0,,606.0
-570.0,-510.0,,-477.0,-310.0,-647.0,-447.0,234.0,,440.0
-537.0,-395.0,,-439.0,-495.0,-584.0,-463.0,334.0,,244.0
-440.0,-482.0,,-393.0,-592.0,-493.0,-477.0,205.0,,40.0
-434.0,-485.0,,-353.0,-648.0,-649.0,-492.0,210.0,,-122.0
-426.0,-131.0,,-357.0,-635.0,-827.0,-486.0,182.0,,-254.0
-450.0,256.0,,-323.0,-494.0,-722.0,-483.0,77.0,,-377.0
-392.0,450.0,,-230.0,-334.0,-492.0,-474.0,286.0,,-485.0
-347.0,667.0,,-177.0,-174.0,-377.0,-471.0,129.0,,-572.0
-341.0,879.0,,-141.0,30.0,-290.0,-455.0,203.0,,-631.0
-295.0,798.0,,-97.0,212.0,-29.0,-454.0,127.0,,-666.0
-205.0,386.0,,-20.0,356.0,70.0,-465.0,116.0,,-693.0
-126.0,92.0,,22.0,471.0,101.0,-478.0,267.0,,-692.0
-150.0,-12.0,,22.0,523.0,48.0,-524.0,149.0,,-649.0
-91.0,-140.0,,9.0,540.0,-79.0,-545.0,339.0,,-581.0
1.0,-375.0,,38.0,547.0,-171.0,-548.0,242.0,,-511.0
145.0,-469.0,,4.0,467.0,-383.0,-573.0,275.0,,-450.0
218.0,-277.0,,-7.0,344.0,-541.0,-604.0,247.0,,-379.0
251.0,-72.0,,27.0,287.0,-795.0,-625.0,158.0,,-299.0
297.0,38.0,,-28.0,257.0,-969.0,-635.0,349.0,,-220.0
383.0,144.0,,-96.0,226.0,-1034.0,-634.0,227.0,,-151.0
499.0,410.0,,-177.0,161.0,-1124.0,-617.0,448.0,,-89.0
493.0,434.0,,-212.0,21.0,-1253.0,-585.0,478.0,,-42.0
546.0,165.0,,-233.0,-116.0,-1385.0,-551.0,487.0,,-10.0
593.0,45.0,,-311.0,-198.0,-1213.0,-554.0,506.0,,-2.0
622.0,-100.0,,-370.0,-241.0,-914.0,-582.0,279.0,,-40.0
548.0,-431.0,,-368.0,-195.0,-772.0,-596.0,306.0,,-103.0
540.0,-816.0,,-345.0,-56.0,-899.0,-607.0,-5.0,,-220.0
590.0,-873.0,,-250.0,47.0,-895.0,-601.0,-182.0,,-377.0
534.0,-532.0,,-198.0,105.0,-717.0,-601.0,-511.0,,-548.0
493.0,-167.0,,-186.0,157.0,-815.0,-618.0,-807.0,,-742.0
445.0,108.0,,-72.0,144.0,-1135.0,-618.0,-748.0,,-907.0
460.0,520.0,,73.0,72.0,-1390.0,-610.0,-864.0,,-1013.0
387.0,978.0,,174.0,-22.0,-1477.0,-585.0,-641.0,,-1070.0
327.0,1093.0,,224.0,-150.0,-1549.0,-569.0,-572.0,,-1068.0
250.0,1055.0,,209.0,-230.0,-1537.0,-570.0,-253.0,,-1008.0
200.0,1095.0,,131.0,-221.0,-1483.0,-593.0,230.0,,-919.0
222.0,1174.0,,104.0,-210.0,-1384.0,-626.0,452.0,,-810.0
173.0,988.0,,81.0,-228.0,-1289.0,-641.0,759.0,,-684.0
141.0,409.0,,31.0,-272.0,-1190.0,-645.0,659.0,,-561.0
93.0,-211.0,,-75.0,-301.0,-945.0,-631.0,679.0,,-416.0
107.0,-754.0,,-76.0,-236.0,-823.0,-631.0,495.0,,-286.0
45.0,-1242.0,,-103.0,-95.0,-630.0,-634.0,304.0,,-209.0
0.0,-1670.0,,-221.0,28.0,-344.0,-650.0,458.0,,-141.0
22.0,-1807.0,,-199.0,124.0,-131.0,-653.0,441.0,,-83.0
1.0,-1666.0,,-211.0,175.0,-198.0,-624.0,663.0,,-63.0
-41.0,-1467.0,,-156.0,171.0,-479.0,-612.0,528.0,,-84.0
-70.0,-1259.0,,-164.0,197.0,-434.0,-603.0,443.0,,-132.0
-40.0,-905.0,,-156.0,223.0,-364.0,-592.0,519.0,,-201.0
-66.0,-471.0,,-48.0,196.0,-369.0,-579.0,487.0,,-290.0
-140.0,-261.0,,-103.0,206.0,-598.0,-586.0,587.0,,-381.0
-186.0,-3.0,,-44.0,223.0,-796.0,-603.0,301.0,,-457.0
-209.0,381.0,,89.0,199.0,-561.0,-610.0,260.0,,-540.0
-248.0,734.0,,139.0,240.0,-490.0,-621.0,51.0,,-631.0
-258.0,825.0,,201.0,319.0,-477.0,-632.0,-48.0,,-698.0
-261.0,802.0,,287.0,364.0,-210.0,-652.0,216.0,,-743.0
-241.0,1020.0,,339.0,382.0,444.0,-674.0,194.0,,-782.0
-241.0,1155.0,,387.0,301.0,1053.0,-687.0,467.0,,-829.0
-190.0,1024.0,,422.0,140.0,1207.0,-684.0,461.0,,-856.0
-214.0,803.0,,401.0,13.0,1331.0,-667.0,548.0,,-859.0
-218.0,710.0,,396.0,-90.0,1732.0,-645.0,565.0,,-851.0
-177.0,483.0,,361.0,-157.0,2166.0,-640.0,454.0,,-827.0
-215.0,144.0,,366.0,-176.0,2074.0,-653.0,635.0,,-801.0
-243.0,39.0,,417.0,-241.0,1859.0,-684.0,476.0,,-759.0
-322.0,50.0,,421.0,-323.0,1796.0,-688.0,546.0,,-716.0
-281.0,-60.0,,467.0,-313.0,1768.0,-657.0,315.0,,-686.0
-423.0,-350.0,,505.0,-252.0,1733.0,-615.0,149.0,,-631.0
-410.0,-414.0,,466.0,-192.0,1645.0,-580.0,173.0,,-531.0
-406.0,-305.0,,380.0,-138.0,1881.0,-578.0,138.0,,-400.0
-444.0,-230.0,,324.0,-123.0,2103.0,-553.0,495.0,,-239.0
-373.0,-141.0,,357.0,-115.0,2113.0,-523.0,502.0,,-64.0
-338.0,79.0,,304.0,-103.0,2250.0,-470.0,709.0,,106.0
-180.0,466.0,,176.0,-130.0,2468.0,-412.0,655.0,,280.0
-271.0,526.0,,179.0,-144.0,2406.0,-405.0,487.0,,452.0
-131.0,333.0,,162.0,-123.0,2274.0,-395.0,554.0,,629.0
-123.0,244.0,,119.0,-102.0,2454.0,-383.0,413.0,,814.0
-53.0,189.0,,149.0,-64.0,2646.0,-355.0,633.0,,988.0
14.0,32.0,,68.0,-2.0,2560.0,-334.0,509.0,,1135.0
26.0,-261.0,,-34.0,65.0,2240.0,-315.0,537.0,,1223.0
186.0,-449.0,,6.0,133.0,2267.0,-282.0,572.0,,1250.0
194.0,-424.0,,45.0,204.0,2412.0,-284.0,465.0,,1219.0
411.0,-459.0,,57.0,291.0,2292.0,-319.0,652.0,,1124.0
370.0,-525.0,,101.0,362.0,2358.0,-346.0,484.0,,991.0
508.0,-368.0,,168.0,393.0,2828.0,-347.0,443.0,,811.0
607.0,-140.0,,300.0,397.0,3382.0,-312.0,166.0,,581.0
580.0,-135.0,,339.0,378.0,3295.0,-242.0,112.0,,342.0
592.0,-347.0,,365.0,342.0,2978.0,-179.0,293.0,,102.0
544.0,-453.0,,487.0,267.0,3041.0,-154.0,304.0,,-126.0
612.0,-433.0,,512.0,148.0,3175.0,-176.0,657.0,,-324.0
449.0,-499.0,,545.0,52.0,2991.0,-198.0,585.0,,-493.0
424.0,-581.0,,555.0,14.0,2505.0,-197.0,476.0,,-622.0
444.0,-508.0,,503.0,1.0,2351.0,-167.0,175.0,,-716.0
434.0,-281.0,,547.0,-44.0,2494.0,-103.0,-179.0,,-781.0
398.0,-100.0,,551.0,-125.0,2536.0,-68.0,-157.0,,-808.0
306.0,89.0,,452.0,-184.0,2507.0,-65.0,-240.0,,-831.0
352.0,510.0,,424.0,-228.0,2595.0,-67.0,0.0,,-854.0
307.0,996.0,,324.0,-291.0,2858.0,-45.0,-14.0,,-860.0
319.0,1133.0,,224.0,-362.0,2896.0,11.0,25.0,,-854.0
293.0,911.0,,246.0,-443.0,2712.0,54.0,157.0,,-854.0
245.0,591.0,,148.0,-511.0,2541.0,103.0,48.0,,-823.0
309.0,211.0,,52.0,-466.0,2403.0,118.0,181.0,,-748.0
211.0,-319.0,,-2.0,-366.0,2237.0,84.0,49.0,,-662.0
194.0,-894.0,,-89.0,-356.0,2065.0,78.0,120.0,,-552.0
81.0,-1094.0,,-138.0,-353.0,2164.0,79.0,92.0,,-446.0
159.0,-876.0,,-192.0,-356.0,2343.0,95.0,-51.0,,-341.0
164.0,-597.0,,-270.0,-378.0,2425.0,134.0,-27.0,,-246.0
110.0,-400.0,,-269.0,-269.0,2510.0,160.0,-242.0,,-148.0
103.0,-136.0,,-194.0,-102.0,2554.0,189.0,-142.0,,-27.0
46.0,201.0,,-181.0,12.0,2542.0,202.0,-245.0,,106.0
176.0,319.0,,-147.0,92.0,2485.0,183.0,-273.0,,295.0
15.0,316.0,,-125.0,42.0,2398.0,171.0,-275.0,,505.0
143.0,398.0,,-111.0,-98.0,2202.0,176.0,-484.0,,739.0
81.0,571.0,,-39.0,-171.0,1860.0,175.0,-467.0,,967.0
212.0,680.0,,26.0,-239.0,1510.0,171.0,-722.0,,1177.0
238.0,523.0,,112.0,-337.0,1348.0,172.0,-740.0,,1359.0
196.0,322.0,,155.0,-377.0,1324.0,177.0,-814.0,,1485.0
365.0,190.0,,214.0,-369.0,1172.0,171.0,-896.0,,1590.0
315.0,76.0,,246.0,-295.0,866.0,131.0,-818.0,,1629.0
497.0,-35.0,,249.0,-129.0,828.0,101.0,-864.0,,1604.0
264.0,-51.0,,294.0,51.0,1160.0,86.0,-587.0,,1512.0
479.0,-75.0,,301.0,259.0,1404.0,87.0,-572.0,,1339.0
374.0,-274.0,,304.0,460.0,1246.0,119.0,-456.0,,1110.0
393.0,-396.0,,279.0,539.0,930.0,135.0,-375.0,,838.0
458.0,-416.0,,282.0,534.0,1059.0,146.0,-504.0,,575.0
390.0,-357.0,,223.0,479.0,1200.0,138.0,-389.0,,340.0
599.0,-389.0,,131.0,374.0,939.0,108.0,-530.0,,165.0
330.0,-493.0,,117.0,279.0,725.0,101.0,-386.0,,59.0
565.0,-470.0,,33.0,151.0,770.0,76.0,-310.0,,22.0
410.0,-384.0,,-51.0,-33.0,1120.0,44.0,-247.0,,37.0
508.0,-252.0,,-68.0,-161.0,1398.0,29.0,-40.0,,61.0
400.0,-94.0,,-87.0,-197.0,1524.0,30.0,-162.0,,73.0
318.0,119.0,,-104.0,-214.0,1631.0,37.0,-72.0,,70.0
466.0,54.0,,-92.0,-227.0,1715.0,45.0,-304.0,,82.0
358.0,-226.0,,-121.0,-246.0,1961.0,67.0,-465.0,,109.0
571.0,-507.0,,-119.0,-259.0,2102.0,108.0,-593.0,,166.0
261.0,-700.0,,-86.0,-219.0,1998.0,155.0,-718.0,,257.0
501.0,-852.0,,-72.0,-139.0,1913.0,167.0,-487.0,,351.0
453.0,-1149.0,,-73.0,-21.0,1994.0,146.0,-569.0,,455.0
453.0,-1215.0,,-84.0,119.0,2001.0,114.0,-275.0,,560.0
492.0,-1074.0,,-61.0,179.0,1654.0,84.0,-221.0,,654.0
475.0,-864.0,,-123.0,127.0,1316.0,73.0,-216.0,,729.0
734.0,-738.0,,-177.0,86.0,1343.0,85.0,-151.0,,814.0
528.0,-608.0,,-145.0,95.0,1464.0,71.0,-393.0,,933.0
727.0,-439.0,,-128.0,91.0,1451.0,53.0,-160.0,,1017.0
557.0,-342.0,,-103.0,79.0,1278.0,76.0,-184.0,,1045.0
662.0,-15.0,,-147.0,38.0,1268.0,105.0,-36.0,,1032.0
597.0,410.0,,-229.0,-28.0,1458.0,113.0,-109.0,,965.0
444.0,835.0,,-176.0,-55.0,1504.0,88.0,-301.0,,846.0
434.0,974.0,,-211.0,-51.0,1356.0,84.0,-179.0,,710.0
289.0,871.0,,-325.0,-53.0,1085.0,74.0,-375.0,,545.0
520.0,736.0,,-324.0,-12.0,1199.0,34.0,-205.0,,342.0
292.0,637.0,,-322.0,64.0,1429.0,20.0,-356.0,,129.0
372.0,562.0,,-303.0,101.0,1381.0,-4.0,-319.0,,-66.0
296.0,381.0,,-218.0,146.0,1243.0,-7.0,-184.0,,-218.0
369.0,441.0,,-166.0,212.0,1230.0,6.0,-297.0,,-311.0
344.0,439.0,,-191.0,241.0,1276.0,15.0,-62.0,,-347.0
219.0,289.0,,-76.0,276.0,990.0,33.0,-256.0,,-336.0
371.0,165.0,,12.0,317.0,626.0,34.0,-205.0,,-275.0
211.0,277.0,,-96.0,306.0,468.0,49.0,-304.0,,-191.0
363.0,644.0,,-117.0,226.0,565.0,78.0,-279.0,,-87.0
146.0,739.0,,-29.0,13.0,521.0,120.0,-12.0,,47.0
242.0,701.0,,-74.0,-265.0,534.0,165.0,-116.0,,198.0
254.0,683.0,,-148.0,-472.0,761.0,179.0,96.0,,359.0
258.0,683.0,,-151.0,-625.0,984.0,186.0,-221.0,,494.0
329.0,455.0,,-269.0,-657.0,1127.0,197.0,-506.0,,611.0
93.0,176.0,,-391.0,-515.0,874.0,176.0,-792.0,,683.0
375.0,99.0,,-401.0,-354.0,680.0,131.0,-1029.0,,715.0
191.0,3.0,,-408.0,-236.0,454.0,100.0,-763.0,,705.0
298.0,-162.0,,-422.0,-173.0,306.0,84.0,-716.0,,640.0
212.0,-351.0,,-481.0,-228.0,369.0,125.0,-354.0,,546.0
214.0,-111.0,,-551.0,-262.0,101.0,192.0,-413.0,,396.0
389.0,242.0,,-412.0,-171.0,-208.0,212.0,-533.0,,224.0
216.0,236.0,,-432.0,-32.0,-236.0,191.0,-521.0,,62.0
483.0,86.0,,-577.0,132.0,-18.0,139.0,-692.0,,-77.0
193.0,28.0,,-492.0,227.0,102.0,85.0,-548.0,,-168.0
404.0,27.0,,-529.0,191.0,25.0,51.0,-711.0,,-216.0
337.0,-123.0,,-619.0,178.0,56.0,32.0,-604.0,,-209.0
390.0,-207.0,,-553.0,228.0,58.0,-4.0,-735.0,,-151.0
537.0,-71.0,,-500.0,256.0,-37.0,-77.0,-994.0,,-56.0
307.0,111.0,,-495.0,290.0,-89.0,-146.0,-979.0,,56.0
619.0,102.0,,-432.0,328.0,-127.0,-182.0,-1206.0,,171.0
397.0,21.0,,-366.0,346.0,-62.0,-186.0,-1016.0,,261.0
713.0,46.0,,-304.0,372.0,-5.0,-167.0,-1032.0,,345.0
506.0,-89.0,,-295.0,307.0,-157.0,-132.0,-953.0,,427.0
508.0,-512.0,,-307.0,138.0,-434.0,-106.0,-897.0,,478.0
605.0,-916.0,,-266.0,27.0,-450.0,-90.0,-1066.0,,520.0
473.0,-1118.0,,-372.0,-17.0,-171.0,-99.0,-940.0,,538.0
680.0,-1322.0,,-484.0,-15.0,-52.0,-113.0,-1086.0,,531.0
330.0,-1610.0,,-513.0,67.0,-63.0,-107.0,-940.0,,503.0
633.0,-1732.0,,-539.0,155.0,-91.0,-105.0,-923.0,,413.0
374.0,-1503.0,,-563.0,221.0,-6.0,-113.0,-966.0,,275.0
408.0,-1193.0,,-584.0,263.0,25.0,-131.0,-962.0,,107.0
413.0,-989.0,,-582.0,176.0,-143.0,-117.0,-1160.0,,-68.0
309.0,-649.0,,-581.0,-3.0,-158.0,-89.0,-958.0,,-223.0
454.0,-111.0,,-525.0,-149.0,-92.0,-55.0,-1001.0,,-339.0
118.0,295.0,,-473.0,-274.0,-144.0,-14.0,-868.0,,-411.0
292.0,571.0,,-422.0,-343.0,-401.0,-3.0,-816.0,,-449.0
71.0,850.0,,-328.0,-330.0,-488.0,19.0,-921.0,,-454.0
221.0,970.0,,-189.0,-348.0,-403.0,31.0,-868.0,,-451.0
207.0,928.0,,-83.0,-409.0,-319.0,12.0,-1173.0,,-472.0
27.0,690.0,,-5.0,-454.0,-150.0,-15.0,-1189.0,,-500.0
72.0,543.0,,34.0,-493.0,-176.0,-51.0,-1417.0,,-507.0
-29.0,584.0,,33.0,-438.0,-94.0,-76.0,-1598.0,,-467.0
207.0,585.0,,122.0,-272.0,-41.0,-74.0,-1648.0,,-370.0
-39.0,560.0,,99.0,-129.0,-173.0,-54.0,-1836.0,,-256.0
7.0,414.0,,24.0,-34.0,-269.0,-58.0,-1642.0,,-144.0
30.0,164.0,,-3.0,23.0,-404.0,-56.0,-1649.0,,-20.0
-24.0,-264.0,,-89.0,41.0,-550.0,-21.0,-1417.0,,96.0
20.0,-637.0,,-203.0,55.0,-636.0,2.0,-1367.0,,191.0
-135.0,-724.0,,-294.0,77.0,-734.0,26.0,-1417.0,,275.0
3.0,-699.0,,-341.0,75.0,-932.0,49.0,-1147.0,,360.0
-195.0,-677.0,,-420.0,90.0,-848.0,65.0,-1062.0,,447.0
-145.0,-574.0,,-502.0,122.0,-732.0,66.0,-670.0,,520.0
-248.0,-117.0,,-525.0,164.0,-788.0,51.0,-574.0,,588.0
-316.0,265.0,,-496.0,280.0,-849.0,40.0,-508.0,,664.0
-175.0,340.0,,-443.0,371.0,-951.0,45.0,-569.0,,745.0
-384.0,530.0,,-359.0,344.0,-856.0,88.0,-909.0,,826.0
-322.0,912.0,,-331.0,278.0,-651.0,126.0,-916.0,,872.0
-487.0,1168.0,,-227.0,198.0,-571.0,131.0,-1156.0,,874.0
-377.0,1105.0,,-130.0,87.0,-647.0,134.0,-1079.0,,828.0
-550.0,1015.0,,-166.0,15.0,-736.0,125.0,-1088.0,,730.0
-641.0,952.0,,-93.0,13.0,-848.0,142.0,-1145.0,,597.0
-595.0,629.0,,-40.0,35.0,-925.0,191.0,-1077.0,,429.0
-773.0,72.0,,29.0,42.0,-896.0,255.0,-1393.0,,232.0
-679.0,-293.0,,93.0,-38.0,-879.0,303.0,-1369.0,,21.0
-857.0,-266.0,,69.0,-158.0,-971.0,308.0,-1537.0,,-167.0
-696.0,-126.0,,150.0,-178.0,-1107.0,300.0,-1513.0,,-302.0
-876.0,-69.0,,229.0,-113.0,-1133.0,274.0,-1361.0,,-388.0
-758.0,85.0,,239.0,-31.0,-1247.0,263.0,-1339.0,,-428.0
-738.0,408.0,,219.0,60.0,-1414.0,291.0,-1045.0,,-392.0
-834.0,658.0,,240.0,116.0,-1478.0,345.0,-1164.0,,-291.0
-756.0,728.0,,205.0,148.0,-1473.0,383.0,-1049.0,,-163.0
-814.0,708.0,,118.0,169.0,-1463.0,388.0,-1097.0,,-26.0
-620.0,736.0,,90.0,97.0,-1527.0,356.0,-1110.0,,92.0
-809.0,676.0,,-17.0,24.0,-1472.0,313.0,-916.0,,174.0
-586.0,337.0,,-130.0,73.0,-1224.0,300.0,-1132.0,,206.0
-639.0,12.0,,-157.0,165.0,-1049.0,280.0,-1060.0,,193.0
-495.0,-62.0,,-181.0,240.0,-928.0,295.0,-1317.0,,126.0
-551.0,-169.0,,-262.0,279.0,-858.0,330.0,-1361.0,,3.0
-430.0,-458.0,,-335.0,224.0,-915.0,350.0,-1297.0,,-159.0
-281.0,-676.0,,-383.0,112.0,-924.0,347.0,-1419.0,,-373.0
-443.0,-627.0,,-470.0,13.0,-947.0,316.0,-1176.0,,-601.0
-222.0,-582.0,,-528.0,-28.0,-873.0,277.0,-1195.0,,-843.0
-386.0,-753.0,,-512.0,82.0,-709.0,221.0,-949.0,,-1083.0
-53.0,-881.0,,-513.0,230.0,-619.0,185.0,-962.0,,-1290.0
-260.0,-904.0,,-523.0,221.0,-495.0,169.0,-977.0,,-1478.0
-10.0,-941.0,,-533.0,158.0,-340.0,176.0,-818.0,,-1596.0
-30.0,-952.0,,-565.0,122.0,-233.0,195.0,-879.0,,-1629.0
-43.0,-784.0,,-564.0,58.0,-140.0,176.0,-541.0,,-1558.0
37.0,-606.0,,-536.0,32.0,25.0,138.0,-657.0,,-1380.0
-151.0,-714.0,,-462.0,67.0,74.0,115.0,-663.0,,-1147.0
200.0,-1063.0,,-484.0,65.0,-12.0,122.0,-707.0,,-867.0
-149.0,-1387.0,,-500.0,32.0,-174.0,131.0,-907.0,,-579.0
113.0,-1455.0,,-411.0,-67.0,-373.0,126.0,-805.0,,-307.0
-80.0,-1466.0,,-394.0,-243.0,-527.0,77.0,-1021.0,,-91.0
206.0,-1442.0,,-406.0,-374.0,-758.0,9.0,-809.0,,64.0
197.0,-1237.0,,-437.0,-460.0,-986.0,-49.0,-776.0,,190.0
69.0,-924.0,,-467.0,-527.0,-1014.0,-121.0,-711.0,,268.0
308.0,-696.0,,-496.0,-509.0,-924.0,-152.0,-522.0,,282.0
87.0,-553.0,,-490.0,-450.0,-903.0,-132.0,-585.0,,214.0
389.0,-254.0,,-440.0,-414.0,-927.0,-117.0,-258.0,,92.0
70.0,58.0,,-447.0,-346.0,-893.0,-101.0,-275.0,,-54.0
389.0,170.0,,-458.0,-273.0,-764.0,-90.0,-94.0,,-192.0
257.0,98.0,,-473.0,-194.0,-573.0,-129.0,-144.0,,-312.0
327.0,185.0,,-437.0,-62.0,-411.0,-166.0,-334.0,,-419.0
508.0,437.0,,-394.0,48.0,-492.0,-190.0,-262.0,,-500.0
445.0,520.0,,-439.0,166.0,-738.0,-194.0,-604.0,,-562.0
600.0,481.0,,-467.0,300.0,-834.0,-168.0,-548.0,,-590.0
345.0,493.0,,-463.0,356.0,-820.0,-182.0,-731.0,,-592.0
614.0,637.0,,-439.0,404.0,-978.0,-216.0,-770.0,,-572.0
424.0,654.0,,-443.0,490.0,-1220.0,-258.0,-657.0,,-522.0
509.0,573.0,,-403.0,490.0,-1392.0,-289.0,-752.0,,-435.0
395.0,550.0,,-402.0,379.0,-1421.0,-286.0,-415.0,,-340.0
353.0,496.0,,-469.0,201.0,-1275.0,-266.0,-399.0,,-273.0
420.0,283.0,,-477.0,8.0,-1505.0,-235.0,-155.0,,-212.0
281.0,-36.0,,-567.0,-100.0,-1676.0,-220.0,-48.0,,-159.0
296.0,-136.0,,-667.0,-125.0,-1581.0,-211.0,-46.0,,-133.0
117.0,-110.0,,-698.0,-123.0,-1557.0,-210.0,160.0,,-136.0
228.0,-170.0,,-687.0,-108.0,-1489.0,-232.0,5.0,,-165.0
66.0,-257.0,,-683.0,-146.0,-1626.0,-252.0,203.0,,-202.0
81.0,-110.0,,-657.0,-251.0,-1570.0,-268.0,107.0,,-222.0
62.0,125.0,,-612.0,-322.0,-1470.0,-269.0,60.0,,-215.0
79.0,132.0,,-575.0,-359.0,-1596.0,-246.0,90.0,,-176.0
59.0,46.0,,-499.0,-380.0,-1740.0,-204.0,-110.0,,-104.0
68.0,-11.0,,-487.0,-306.0,-1798.0,-145.0,22.0,,-34.0
178.0,-9.0,,-432.0,-181.0,-1861.0,-109.0,-177.0,,33.0
160.0,39.0,,-346.0,-115.0,-2107.0,-119.0,-136.0,,94.0
323.0,205.0,,-304.0,-102.0,-2275.0,-129.0,-194.0,,132.0
311.0,542.0,,-195.0,-140.0,-2290.0,-105.0,-293.0,,138.0
402.0,984.0,,-83.0,-183.0,-2126.0,-68.0,-201.0,,93.0
344.0,1304.0,,-22.0,-98.0,-2090.0,-19.0,-424.0,,23.0
459.0,1500.0,,13.0,102.0,-2203.0,38.0,-286.0,,-74.0
535.0,1658.0,,19.0,306.0,-2344.0,51.0,-339.0,,-205.0
536.0,1566.0,,0.0,459.0,-2520.0,43.0,-138.0,,-339.0
523.0,1100.0,,-31.0,539.0,-2690.0,33.0,155.0,,-456.0
441.0,334.0,,-67.0,556.0,-3025.0,28.0,315.0,,-549.0
553.0,-430.0,,-68.0,592.0,-3353.0,44.0,753.0,,-595.0
462.0,-1104.0,,-104.0,657.0,-3448.0,64.0,731.0,,-609.0
492.0,-1655.0,,-214.0,681.0,-3312.0,105.0,916.0,,-583.0
370.0,-1928.0,,-290.0,686.0,-2992.0,140.0,888.0,,-524.0
403.0,-1823.0,,-364.0,641.0,-2572.0,169.0,824.0,,-478.0
381.0,-1316.0,,-419.0,529.0,-2437.0,204.0,958.0,,-442.0
270.0,-502.0,,-437.0,422.0,-2376.0,233.0,851.0,,-390.0
276.0,498.0,,-527.0,315.0,-2200.0,267.0,982.0,,-303.0
164.0,1434.0,,-611.0,232.0,-2035.0,275.0,770.0,,-187.0
193.0,1981.0,,-585.0,211.0,-1992.0,283.0,733.0,,-18.0
50.0,2056.0,,-561.0,174.0,-2181.0,306.0,674.0,,175.0
102.0,1896.0,,-562.0,111.0,-2078.0,327.0,591.0,,376.0
84.0,1532.0,,-553.0,56.0,-1824.0,375.0,883.0,,593.0
-14.0,963.0,,-559.0,-43.0,-1677.0,416.0,899.0,,776.0
-16.0,344.0,,-481.0,-154.0,-1630.0,411.0,1079.0,,907.0
-67.0,-106.0,,-355.0,-231.0,-1649.0,391.0,912.0,,986.0
-18.0,-322.0,,-289.0,-320.0,-1574.0,375.0,792.0,,1035.0
-120.0,-574.0,,-259.0,-332.0,-1598.0,363.0,925.0,,1065.0
-101.0,-869.0,,-177.0,-250.0,-1637.0,360.0,916.0,,1083.0
-127.0,-952.0,,-162.0,-182.0,-1545.0,388.0,1186.0,,1070.0
-263.0,-790.0,,-197.0,-99.0,-1283.0,394.0,1110.0,,1026.0
-253.0,-580.0,,-208.0,-52.0,-1037.0,403.0,1117.0,,962.0
-286.0,-252.0,,-295.0,-156.0,-957.0,412.0,994.0,,874.0
-275.0,234.0,,-334.0,-307.0,-992.0,378.0,790.0,,769.0
-329.0,681.0,,-401.0,-400.0,-968.0,367.0,901.0,,656.0
-357.0,893.0,,-476.0,-424.0,-741.0,368.0,844.0,,553.0
-326.0,738.0,,-546.0,-312.0,-794.0,387.0,1134.0,,470.0
-407.0,477.0,,-620.0,-142.0,-1034.0,407.0,1199.0,,396.0
-349.0,283.0,,-608.0,-19.0,-1106.0,375.0,1202.0,,329.0
-383.0,49.0,,-626.0,103.0,-993.0,316.0,1249.0,,274.0
-420.0,-144.0,,-624.0,185.0,-701.0,269.0,1145.0,,215.0
-443.0,-96.0,,-512.0,210.0,-842.0,224.0,1337.0,,158.0
-408.0,81.0,,-390.0,248.0,-1270.0,183.0,1284.0,,105.0
-355.0,227.0,,-314.0,262.0,-1476.0,165.0,1529.0,,34.0
-454.0,368.0,,-182.0,295.0,-1571.0,132.0,1783.0,,-31.0
-335.0,514.0,,-52.0,402.0,-1627.0,99.0,1890.0,,-93.0
-353.0,670.0,,17.0,436.0,-1636.0,63.0,1999.0,,-174.0
-288.0,773.0,,71.0,340.0,-1446.0,9.0,1746.0,,-269.0
-233.0,867.0,,123.0,149.0,-1278.0,-29.0,1797.0,,-376.0
-202.0,957.0,,183.0,-150.0,-1254.0,-29.0,1688.0,,-469.0
-126.0,936.0,,162.0,-473.0,-1266.0,-14.0,1710.0,,-536.0
-191.0,724.0,,144.0,-720.0,-1271.0,1.0,1692.0,,-615.0
-152.0,450.0,,189.0,-901.0,-1199.0,-9.0,1559.0,,-703.0
-201.0,288.0,,155.0,-924.0,-1192.0,-50.0,1768.0,,-783.0
-113.0,205.0,,147.0,-736.0,-1208.0,-53.0,1633.0,,-839.0
-159.0,115.0,,201.0,-476.0,-1095.0,-59.0,1801.0,,-869.0
-186.0,-56.0,,228.0,-215.0,-1012.0,-76.0,1858.0,,-896.0
-189.0,-166.0,,278.0,23.0,-1053.0,-65.0,1871.0,,-892.0
-183.0,-217.0,,363.0,179.0,-1043.0,-58.0,1991.0,,-830.0
-160.0,-297.0,,417.0,267.0,-939.0,-71.0,1927.0,,-731.0
-300.0,-387.0,,384.0,323.0,-936.0,-108.0,2159.0,,-590.0
-226.0,-429.0,,404.0,353.0,-949.0,-133.0,2049.0,,-406.0
-267.0,-435.0,,384.0,398.0,-865.0,-162.0,1988.0,,-177.0
-292.0,-446.0,,282.0,454.0,-863.0,-187.0,1685.0,,87.0
-333.0,-345.0,,270.0,464.0,-840.0,-195.0,1343.0,,354.0
-323.0,-186.0,,257.0,449.0,-843.0,-239.0,1274.0,,602.0
-274.0,3.0,,195.0,365.0,-735.0,-269.0,1064.0,,792.0
-234.0,93.0,,142.0,188.0,-600.0,-306.0,1278.0,,942.0
-110.0,163.0,,125.0,32.0,-600.0,-353.0,1280.0,,1063.0
-93.0,303.0,,166.0,-51.0,-500.0,-359.0,1452.0,,1117.0
-4.0,265.0,,214.0,-70.0,-617.0,-352.0,1568.0,,1104.0
85.0,178.0,,166.0,-55.0,-657.0,-309.0,1433.0,,1037.0
176.0,68.0,,157.0,-95.0,-818.0,-291.0,1587.0,,961.0
235.0,-162.0,,182.0,-169.0,-1203.0,-292.0,1498.0,,893.0
263.0,-410.0,,157.0,-203.0,-1368.0,-291.0,1651.0,,814.0
268.0,-497.0,,175.0,-260.0,-1373.0,-322.0,1662.0,,697.0
326.0,-472.0,,228.0,-338.0,-1160.0,-352.0,1698.0,,585.0
342.0,-474.0,,319.0,-383.0,-1128.0,-355.0,1783.0,,522.0
263.0,-535.0,,367.0,-437.0,-962.0,-328.0,1644.0,,472.0
141.0,-617.0,,468.0,-468.0,-655.0,-307.0,1746.0,,472.0
105.0,-600.0,,617.0,-411.0,-491.0,-310.0,1589.0,,498.0
60.0,-602.0,,675.0,-338.0,-486.0,-351.0,1659.0,,533.0
-111.0,-601.0,,733.0,-284.0,-753.0,-380.0,1594.0,,613.0
-204.0,-481.0,,748.0,-246.0,-941.0,-382.0,1358.0,,664.0
-297.0,-349.0,,741.0,-285.0,-1053.0,-373.0,1245.0,,673.0
-371.0,-351.0,,723.0,-342.0,-918.0,-345.0,896.0,,625.0
-562.0,-382.0,,633.0,-409.0,-892.0,-315.0,787.0,,499.0
-601.0,-337.0,,486.0,-525.0,-874.0,-292.0,480.0,,323.0
-620.0,-245.0,,348.0,-516.0,-507.0,-303.0,397.0,,108.0
-653.0,-136.0,,243.0,-346.0,-290.0,-302.0,450.0,,-127.0
-659.0,-58.0,,104.0,-126.0,-152.0,-311.0,437.0,,-362.0
-664.0,51.0,,8.0,131.0,-160.0,-333.0,711.0,,-539.0
-565.0,157.0,,3.0,323.0,-133.0,-342.0,733.0,,-639.0
-566.0,231.0,,18.0,396.0,-77.0,-370.0,999.0,,-662.0
-501.0,165.0,,19.0,393.0,-41.0,-360.0,1101.0,,-610.0
-509.0,92.0,,91.0,275.0,49.0,-351.0,1114.0,,-481.0
-486.0,129.0,,193.0,146.0,-79.0,-355.0,1260.0,,-296.0
-537.0,173.0,,283.0,165.0,-56.0,-332.0,1199.0,,-84.0
-475.0,173.0,,367.0,252.0,129.0,-336.0,1391.0,,145.0
-477.0,70.0,,363.0,336.0,189.0,-333.0,1317.0,,326.0
-556.0,-69.0,,411.0,381.0,162.0,-348.0,1213.0,,450.0
-566.0,-302.0,,491.0,289.0,306.0,-373.0,997.0,,498.0
-549.0,-520.0,,519.0,108.0,554.0,-372.0,761.0,,458.0
-372.0,-530.0,,574.0,-125.0,667.0,-389.0,818.0,,361.0
-471.0,-289.0,,620.0,-407.0,724.0,-370.0,672.0,,220.0
-487.0,-57.0,,641.0,-575.0,662.0,-361.0,820.0,,71.0
-567.0,95.0,,657.0,-590.0,581.0,-353.0,739.0,,-82.0
-416.0,318.0,,692.0,-520.0,540.0,-330.0,642.0,,-243.0
-379.0,380.0,,755.0,-328.0,584.0,-340.0,715.0,,-386.0
-475.0,330.0,,788.0,-95.0,591.0,-347.0,606.0,,-506.0
-420.0,97.0,,834.0,81.0,557.0,-360.0,776.0,,-609.0
-475.0,-340.0,,906.0,238.0,728.0,-345.0,781.0,,-679.0
-304.0,-862.0,,960.0,324.0,1108.0,-338.0,938.0,,-708.0
-439.0,-1370.0,,1031.0,361.0,1288.0,-324.0,933.0,,-709.0
-331.0,-1625.0,,1118.0,422.0,1054.0,-299.0,814.0,,-654.0
-331.0,-1594.0,,1226.0,456.0,926.0,-318.0,842.0,,-564.0
-339.0,-1321.0,,1325.0,528.0,1033.0,-318.0,565.0,,-463.0
-245.0,-994.0,,1417.0,645.0,1143.0,-322.0,545.0,,-356.0
-327.0,-543.0,,1512.0,646.0,941.0,-311.0,330.0,,-231.0
-201.0,20.0,,1574.0,574.0,747.0,-292.0,142.0,,-86.0
-285.0,595.0,,1581.0,472.0,813.0,-306.0,-24.0,,34.0
-145.0,1174.0,,1576.0,302.0,878.0,-314.0,-267.0,,146.0
-186.0,1605.0,,1525.0,169.0,824.0,-307.0,-110.0,,238.0
-167.0,1927.0,,1418.0,71.0,559.0,-299.0,-144.0,,314.0
-110.0,1980.0,,1305.0,-38.0,656.0,-297.0,40.0,,390.0
-128.0,1767.0,,1132.0,-85.0,912.0,-306.0,116.0,,443.0
4.0,1400.0,,1034.0,-133.0,1022.0,-342.0,168.0,,480.0
-126.0,888.0,,996.0,-219.0,1093.0,-353.0,410.0,,516.0
-80.0,343.0,,903.0,-255.0,1184.0,-343.0,363.0,,562.0
-138.0,-112.0,,838.0,-280.0,1444.0,-350.0,452.0,,602.0
-112.0,-421.0,,749.0,-292.0,1704.0,-366.0,182.0,,624.0
-115.0,-658.0,,643.0,-258.0,1844.0,-395.0,-25.0,,632.0
-173.0,-731.0,,615.0,-259.0,1706.0,-436.0,-127.0,,645.0
-123.0,-707.0,,521.0,-267.0,1808.0,-462.0,-188.0,,668.0
-175.0,-764.0,,434.0,-243.0,1994.0,-470.0,55.0,,700.0
-139.0,-831.0,,462.0,-220.0,1920.0,-459.0,66.0,,720.0
-168.0,-788.0,,446.0,-110.0,1754.0,-464.0,280.0,,733.0
-125.0,-630.0,,456.0,75.0,1486.0,-497.0,140.0,,753.0
-190.0,-424.0,,479.0,206.0,1406.0,-496.0,-51.0,,747.0
-182.0,-264.0,,503.0,295.0,1355.0,-496.0,-60.0,,721.0
-142.0,-74.0,,529.0,345.0,1289.0,-507.0,-199.0,,684.0
-164.0,126.0,,574.0,332.0,1131.0,-503.0,66.0,,654.0
-150.0,301.0,,672.0,325.0,861.0,-504.0,101.0,,633.0
-139.0,558.0,,723.0,278.0,793.0,-517.0,149.0,,618.0
-98.0,865.0,,742.0,152.0,860.0,-536.0,22.0,,614.0
-160.0,1134.0,,677.0,42.0,663.0,-558.0,-133.0,,611.0
-72.0,1180.0,,584.0,-45.0,381.0,-567.0,25.0,,591.0
-27.0,1179.0,,543.0,-91.0,530.0,-565.0,66.0,,527.0
-1.0,1107.0,,501.0,-32.0,832.0,-595.0,282.0,,408.0
-11.0,902.0,,417.0,46.0,997.0,-626.0,94.0,,238.0
10.0,665.0,,316.0,121.0,1207.0,-655.0,-62.0,,25.0
24.0,400.0,,253.0,220.0,1486.0,-663.0,-203.0,,-191.0
6.0,280.0,,207.0,272.0,1473.0,-660.0,-491.0,,-381.0
-6.0,191.0,,174.0,297.0,1333.0,-677.0,-474.0,,-548.0
-121.0,200.0,,211.0,310.0,1475.0,-694.0,-659.0,,-647.0
-78.0,277.0,,279.0,247.0,1640.0,-722.0,-572.0,,-669.0
-133.0,409.0,,304.0,193.0,1596.0,-741.0,-543.0,,-601.0
-143.0,499.0,,280.0,183.0,1492.0,-729.0,-526.0,,-442.0
-220.0,366.0,,235.0,135.0,1433.0,-699.0,-423.0,,-244.0
-179.0,280.0,,203.0,74.0,1344.0,-654.0,-556.0,,-15.0
-111.0,275.0,,148.0,-26.0,1200.0,-606.0,-430.0,,255.0
-149.0,427.0,,108.0,-175.0,1203.0,-603.0,-533.0,,576.0
-65.0,649.0,,104.0,-272.0,1444.0,-612.0,-467.0,,917.0
-66.0,785.0,,104.0,-319.0,1700.0,-636.0,-351.0,,1251.0
50.0,828.0,,90.0,-301.0,1785.0,-649.0,-284.0,,1560.0
-45.0,763.0,,125.0,-174.0,1868.0,-622.0,-42.0,,1817.0
42.0,757.0,,200.0,-67.0,2184.0,-634.0,-279.0,,1987.0
133.0,695.0,,250.0,0.0,2444.0,-643.0,-382.0,,2087.0
139.0,485.0,,299.0,107.0,2575.0,-654.0,-655.0,,2158.0
227.0,297.0,,344.0,176.0,2754.0,-663.0,-881.0,,2179.0
165.0,155.0,,415.0,216.0,2865.0,-658.0,-942.0,,2176.0
217.0,33.0,,463.0,268.0,2619.0,-646.0,-1276.0,,2146.0
134.0,-27.0,,456.0,288.0,2123.0,-591.0,-1300.0,,2070.0
258.0,46.0,,393.0,357.0,1865.0,-581.0,-1600.0,,1956.0
182.0,166.0,,370.0,457.0,1847.0,-592.0,-1686.0,,1822.0
70.0,230.0,,313.0,464.0,2011.0,-587.0,-1716.0,,1673.0
102.0,316.0,,202.0,437.0,2031.0,-599.0,-1766.0,,1473.0
-35.0,505.0,,199.0,378.0,1928.0,-596.0,-1378.0,,1227.0
-71.0,700.0,,111.0,231.0,2030.0,-572.0,-1330.0,,917.0
-207.0,744.0,,85.0,107.0,2146.0,-530.0,-1023.0,,584.0
-167.0,742.0,,146.0,-23.0,2216.0,-497.0,-960.0,,246.0
-257.0,663.0,,104.0,-168.0,2106.0,-506.0,-962.0,,-93.0
-250.0,490.0,,87.0,-203.0,2190.0,-523.0,-781.0,,-370.0
-221.0,414.0,,89.0,-219.0,2394.0,-528.0,-842.0,,-552.0
-314.0,427.0,,144.0,-218.0,2359.0,-512.0,-495.0,,-636.0
-247.0,585.0,,195.0,-142.0,2143.0,-448.0,-506.0,,-654.0
-298.0,837.0,,228.0,-63.0,1876.0,-358.0,-460.0,,-617.0
-222.0,955.0,,300.0,38.0,1800.0,-289.0,-556.0,,-553.0
-292.0,843.0,,415.0,132.0,1686.0,-238.0,-838.0,,-468.0
-195.0,679.0,,487.0,150.0,1598.0,-232.0,-811.0,,-347.0
-145.0,588.0,,515.0,181.0,1441.0,-256.0,-1130.0,,-224.0
-217.0,411.0,,625.0,189.0,1367.0,-255.0,-1099.0,,-91.0
-155.0,153.0,,690.0,117.0,1426.0,-243.0,-1156.0,,42.0
-208.0,-74.0,,644.0,103.0,1592.0,-222.0,-1036.0,,158.0
-177.0,-212.0,,522.0,97.0,1771.0,-218.0,-842.0,,258.0
-247.0,-390.0,,439.0,54.0,1567.0,-214.0,-909.0,,318.0
-163.0,-652.0,,321.0,33.0,1565.0,-182.0,-654.0,,338.0
-209.0,-842.0,,145.0,-40.0,1744.0,-123.0,-785.0,,327.0
-253.0,-1011.0,,10.0,-124.0,1957.0,-55.0,-646.0,,290.0
-207.0,-1219.0,,-137.0,-160.0,1797.0,-25.0,-694.0,,243.0
-259.0,-1330.0,,-308.0,-249.0,1469.0,-6.0,-790.0,,183.0
-219.0,-1231.0,,-498.0,-278.0,1693.0,0.0,-650.0,,119.0
-222.0,-1039.0,,-536.0,-170.0,1858.0,17.0,-921.0,,52.0
-175.0,-793.0,,-543.0,-86.0,1657.0,46.0,-903.0,,-14.0
-210.0,-545.0,,-610.0,-23.0,1341.0,65.0,-1219.0,,-91.0
-113.0,-225.0,,-591.0,-32.0,1534.0,99.0,-1335.0,,-172.0
-124.0,167.0,,-532.0,-105.0,1969.0,146.0,-1346.0,,-213.0
-120.0,361.0,,-409.0,-60.0,2106.0,196.0,-1457.0,,-213.0
-16.0,393.0,,-274.0,24.0,1981.0,244.0,-1191.0,,-164.0
8.0,182.0,,-224.0,98.0,2008.0,286.0,-1245.0,,-65.0
33.0,-342.0,,-171.0,209.0,2111.0,313.0,-903.0,,63.0
2.0,-1058.0,,-90.0,230.0,1794.0,330.0,-759.0,,212.0
129.0,-1721.0,,-3.0,149.0,1506.0,333.0,-692.0,,339.0
96.0,-2103.0,,55.0,54.0,1376.0,344.0,-473.0,,425.0
65.0,-2331.0,,63.0,-97.0,1569.0,359.0,-672.0,,468.0
107.0,-2361.0,,46.0,-254.0,1713.0,377.0,-587.0,,455.0
161.0,-2149.0,,0.0,-389.0,1794.0,392.0,-840.0,,398.0
124.0,-1819.0,,-24.0,-544.0,1986.0,394.0,-951.0,,311.0
26.0,-1413.0,,-128.0,-583.0,1952.0,386.0,-1091.0,,190.0
74.0,-1113.0,,-207.0,-544.0,2090.0,371.0,-1304.0,,43.0
-2.0,-915.0,,-193.0,-544.0,2158.0,381.0,-1114.0,,-108.0
-48.0,-751.0,,-221.0,-485.0,2057.0,381.0,-1258.0,,-236.0
-122.0,-755.0,,-257.0,-424.0,1775.0,372.0,-1088.0,,-328.0
-162.0,-826.0,,-216.0,-411.0,1496.0,364.0,-1160.0,,-358.0
-202.0,-785.0,,-108.0,-357.0,1314.0,351.0,-1140.0,,-291.0
-304.0,-523.0,,-45.0,-350.0,1183.0,356.0,-933.0,,-140.0
-289.0,-143.0,,75.0,-412.0,1150.0,348.0,-994.0,,65.0
-330.0,226.0,,188.0,-504.0,1030.0,330.0,-635.0,,292.0
-344.0,606.0,,230.0,-706.0,1263.0,296.0,-667.0,,520.0
-274.0,945.0,,261.0,-873.0,1362.0,289.0,-474.0,,721.0
-259.0,1098.0,,276.0,-868.0,1118.0,306.0,-376.0,,871.0
-214.0,997.0,,281.0,-812.0,921.0,319.0,-454.0,,974.0
-117.0,807.0,,251.0,-699.0,882.0,356.0,-266.0,,1048.0
-78.0,579.0,,197.0,-553.0,968.0,370.0,-461.0,,1112.0
-16.0,362.0,,89.0,-462.0,798.0,360.0,-273.0,,1159.0
114.0,205.0,,34.0,-320.0,436.0,341.0,-465.0,,1200.0
258.0,188.0,,-65.0,-121.0,208.0,327.0,-679.0,,1227.0
287.0,219.0,,-219.0,89.0,246.0,356.0,-777.0,,1231.0
360.0,141.0,,-304.0,302.0,266.0,390.0,-1053.0,,1228.0
524.0,28.0,,-397.0,384.0,209.0,416.0,-814.0,,1210.0
576.0,-133.0,,-516.0,383.0,131.0,416.0,-873.0,,1175.0
572.0,-301.0,,-581.0,443.0,273.0,408.0,-622.0,,1099.0
630.0,-513.0,,-587.0,444.0,411.0,411.0,-524.0,,957.0
708.0,-640.0,,-657.0,332.0,298.0,412.0,-517.0,,791.0
633.0,-646.0,,-702.0,190.0,322.0,452.0,-308.0,,601.0
678.0,-626.0,,-725.0,24.0,534.0,484.0,-537.0,,362.0
727.0,-498.0,,-771.0,-41.0,750.0,523.0,-436.0,,86.0
637.0,-309.0,,-757.0,22.0,630.0,562.0,-611.0,,-199.0
587.0,-84.0,,-672.0,64.0,573.0,570.0,-618.0,,-464.0
537.0,168.0,,-565.0,128.0,721.0,580.0,-648.0,,-711.0
504.0,446.0,,-452.0,211.0,727.0,589.0,-894.0,,-913.0
411.0,628.0,,-302.0,197.0,518.0,619.0,-781.0,,-1031.0
342.0,726.0,,-115.0,183.0,312.0,641.0,-1012.0,,-1071.0
212.0,700.0,,115.0,167.0,315.0,658.0,-835.0,,-1014.0
147.0,450.0,,300.0,85.0,177.0,670.0,-755.0,,-886.0
142.0,260.0,,470.0,62.0,-29.0,666.0,-698.0,,-730.0
48.0,206.0,,603.0,40.0,-150.0,660.0,-522.0,,-572.0
23.0,149.0,,684.0,-23.0,-248.0,639.0,-733.0,,-413.0
-38.0,92.0,,756.0,-22.0,-235.0,638.0,-691.0,,-269.0
-89.0,15.0,,733.0,-21.0,-127.0,654.0,-971.0,,-161.0
-153.0,-110.0,,676.0,-21.0,-91.0,698.0,-1012.0,,-91.0
-158.0,-323.0,,537.0,5.0,-54.0,752.0,-1001.0,,-86.0
-154.0,-618.0,,351.0,-52.0,-24.0,769.0,-1101.0,,-100.0
-168.0,-830.0,,201.0,-120.0,-43.0,789.0,-914.0,,-127.0
-117.0,-904.0,,10.0,-108.0,52.0,808.0,-990.0,,-161.0
-90.0,-910.0,,-223.0,-52.0,58.0,792.0,-785.0,,-169.0
-54.0,-822.0,,-393.0,130.0,-178.0,753.0,-794.0,,-157.0
-42.0,-691.0,,-531.0,383.0,-494.0,712.0,-657.0,,-108.0
20.0,-572.0,,-719.0,551.0,-555.0,668.0,-441.0,,-30.0
0.0,-510.0,,-828.0,650.0,-534.0,645.0,-552.0,,59.0
0.0,-594.0,,-885.0,652.0,-553.0,641.0,-430.0,,147.0
76.0,-631.0,,-914.0,588.0,-400.0,646.0,-569.0,,234.0
71.0,-634.0,,-864.0,571.0,-121.0,668.0,-443.0,,314.0
35.0,-721.0,,-813.0,515.0,217.0,660.0,-421.0,,369.0
63.0,-818.0,,-764.0,411.0,165.0,662.0,-386.0,,378.0
119.0,-941.0,,-691.0,356.0,-138.0,682.0,-145.0,,315.0
61.0,-1008.0,,-605.0,277.0,-227.0,674.0,-184.0,,194.0
55.0,-1023.0,,-567.0,183.0,-129.0,673.0,60.0,,57.0
37.0,-949.0,,-571.0,87.0,-114.0,679.0,-9.0,,-89.0
8.0,-715.0,,-476.0,-52.0,-282.0,709.0,-29.0,,-225.0
-52.0,-343.0,,-394.0,-138.0,-286.0,724.0,20.0,,-333.0
-69.0,28.0,,-501.0,-216.0,-216.0,721.0,-46.0,,-424.0
7.0,357.0,,-517.0,-378.0,-206.0,729.0,145.0,,-497.0
75.0,648.0,,-386.0,-461.0,-369.0,703.0,42.0,,-558.0
141.0,755.0,,-385.0,-413.0,-446.0,665.0,92.0,,-613.0
123.0,762.0,,-408.0,-297.0,-299.0,640.0,9.0,,-673.0
199.0,556.0,,-356.0,-94.0,-252.0,657.0,-199.0,,-718.0
280.0,256.0,,-343.0,92.0,-116.0,672.0,-232.0,,-763.0
358.0,85.0,,-390.0,227.0,-54.0,666.0,-351.0,,-792.0
408.0,-36.0,,-278.0,374.0,-58.0,665.0,-149.0,,-771.0
437.0,-48.0,,-252.0,430.0,-96.0,649.0,-171.0,,-703.0
563.0,-70.0,,-249.0,387.0,-296.0,627.0,-192.0,,-570.0
623.0,-40.0,,-176.0,337.0,-500.0,573.0,-145.0,,-402.0
628.0,14.0,,-363.0,245.0,-767.0,534.0,-232.0,,-210.0
657.0,67.0,,-294.0,190.0,-1087.0,522.0,-12.0,,-26.0
743.0,324.0,,-358.0,220.0,-1392.0,487.0,55.0,,109.0
783.0,631.0,,-533.0,244.0,-1483.0,462.0,271.0,,198.0
771.0,987.0,,-428.0,270.0,-1578.0,451.0,367.0,,237.0
780.0,1381.0,,-548.0,220.0,-1773.0,469.0,280.0,,233.0
773.0,1794.0,,-634.0,39.0,-1689.0,495.0,282.0,,215.0
714.0,2278.0,,-578.0,-128.0,-1306.0,509.0,22.0,,171.0
672.0,2581.0,,-566.0,-248.0,-929.0,543.0,29.0,,119.0
630.0,2611.0,,-635.0,-297.0,-865.0,557.0,-59.0,,84.0
541.0,2352.0,,-544.0,-205.0,-933.0,538.0,-7.0,,58.0
504.0,1832.0,,-507.0,-97.0,-1060.0,511.0,206.0,,80.0
481.0,1213.0,,-547.0,-14.0,-1185.0,505.0,277.0,,128.0
387.0,715.0,,-443.0,127.0,-1219.0,518.0,539.0,,165.0
325.0,339.0,,-415.0,218.0,-1276.0,493.0,441.0,,176.0
338.0,-43.0,,-332.0,262.0,-1317.0,439.0,506.0,,131.0
336.0,-358.0,,-382.0,327.0,-1429.0,380.0,485.0,,32.0
273.0,-535.0,,-370.0,283.0,-1638.0,338.0,413.0,,-114.0
243.0,-555.0,,-270.0,161.0,-1747.0,336.0,559.0,,-289.0
328.0,-427.0,,-282.0,0.0,-1554.0,367.0,489.0,,-478.0
318.0,-205.0,,-151.0,-227.0,-1293.0,384.0,796.0,,-650.0
282.0,-76.0,,-88.0,-375.0,-1162.0,355.0,838.0,,-795.0
249.0,82.0,,-54.0,-416.0,-1118.0,322.0,934.0,,-920.0
229.0,326.0,,17.0,-421.0,-1030.0,306.0,1073.0,,-1031.0
267.0,550.0,,-2.0,-358.0,-883.0,289.0,933.0,,-1112.0
271.0,723.0,,-17.0,-344.0,-1030.0,268.0,964.0,,-1147.0
284.0,890.0,,-25.0,-412.0,-1120.0,233.0,663.0,,-1155.0
297.0,1156.0,,-63.0,-410.0,-903.0,174.0,633.0,,-1133.0
366.0,1233.0,,-124.0,-394.0,-847.0,100.0,535.0,,-1088.0
349.0,1206.0,,-107.0,-369.0,-1046.0,28.0,450.0,,-1010.0
346.0,1154.0,,-110.0,-233.0,-1127.0,1.0,386.0,,-904.0
400.0,1115.0,,-172.0,-97.0,-943.0,29.0,64.0,,-789.0
365.0,1022.0,,-138.0,21.0,-1038.0,88.0,223.0,,-668.0
251.0,786.0,,-124.0,146.0,-1441.0,129.0,206.0,,-546.0
224.0,628.0,,-128.0,159.0,-1751.0,132.0,471.0,,-404.0
314.0,462.0,,-131.0,100.0,-1942.0,151.0,724.0,,-263.0
250.0,393.0,,-171.0,-3.0,-2011.0,160.0,716.0,,-153.0
234.0,223.0,,-246.0,-192.0,-1979.0,157.0,844.0,,-83.0
230.0,-11.0,,-337.0,-306.0,-1786.0,162.0,654.0,,-21.0
214.0,-169.0,,-452.0,-304.0,-1594.0,160.0,663.0,,41.0
174.0,-522.0,,-572.0,-279.0,-1577.0,162.0,439.0,,106.0
102.0,-886.0,,-605.0,-240.0,-1663.0,129.0,439.0,,164.0
91.0,-1203.0,,-643.0,-275.0,-1632.0,84.0,563.0,,206.0
2.0,-1454.0,,-628.0,-369.0,-1364.0,79.0,426.0,,266.0
-38.0,-1602.0,,-559.0,-387.0,-1169.0,76.0,667.0,,313.0
-103.0,-1701.0,,-437.0,-390.0,-1232.0,46.0,661.0,,323.0
-154.0,-1723.0,,-257.0,-374.0,-1412.0,27.0,844.0,,289.0
-190.0,-1565.0,,-114.0,-253.0,-1431.0,42.0,831.0,,211.0
-250.0,-1237.0,,83.0,-136.0,-1423.0,80.0,633.0,,114.0
-267.0,-897.0,,223.0,-34.0,-1553.0,115.0,556.0,,11.0
-266.0,-486.0,,270.0,117.0,-1560.0,115.0,208.0,,-108.0
-215.0,-203.0,,321.0,264.0,-1433.0,121.0,275.0,,-219.0
-210.0,-5.0,,316.0,398.0,-1347.0,135.0,129.0,,-265.0
-177.0,146.0,,276.0,474.0,-1391.0,126.0,157.0,,-229.0
-135.0,38.0,,181.0,405.0,-1503.0,102.0,277.0,,-91.0
-60.0,-1.0,,0.0,302.0,-1598.0,74.0,221.0,,107.0
46.0,-181.0,,-113.0,222.0,-1580.0,88.0,478.0,,351.0
79.0,-550.0,,-172.0,100.0,-1442.0,145.0,362.0,,648.0
114.0,-816.0,,-240.0,-40.0,-1399.0,190.0,437.0,,944.0
133.0,-1023.0,,-280.0,-225.0,-1345.0,188.0,266.0,,1214.0
254.0,-1095.0,,-330.0,-424.0,-1289.0,180.0,107.0,,1445.0
320.0,-1099.0,,-349.0,-502.0,-1177.0,213.0,157.0,,1655.0
300.0,-949.0,,-373.0,-483.0,-953.0,231.0,5.0,,1801.0
329.0,-743.0,,-401.0,-428.0,-811.0,244.0,327.0,,1847.0
372.0,-571.0,,-404.0,-339.0,-424.0,289.0,384.0,,1818.0
438.0,-373.0,,-375.0,-267.0,-107.0,349.0,715.0,,1712.0
366.0,-154.0,,-283.0,-203.0,-209.0,364.0,890.0,,1569.0
368.0,12.0,,-170.0,-114.0,-623.0,333.0,698.0,,1427.0
400.0,71.0,,-51.0,-91.0,-1113.0,333.0,602.0,,1302.0
374.0,150.0,,93.0,-133.0,-1453.0,363.0,203.0,,1215.0
317.0,37.0,,263.0,-168.0,-1844.0,382.0,338.0,,1168.0
255.0,-111.0,,385.0,-182.0,-2255.0,377.0,362.0,,1147.0
302.0,-197.0,,449.0,-91.0,-2689.0,386.0,541.0,,1148.0
261.0,-275.0,,453.0,71.0,-2869.0,411.0,722.0,,1169.0
253.0,-245.0,,414.0,147.0,-2752.0,409.0,637.0,,1187.0
208.0,-362.0,,316.0,169.0,-2477.0,395.0,766.0,,1231.0
223.0,-433.0,,205.0,162.0,-2201.0,383.0,452.0,,1305.0
264.0,-407.0,,101.0,92.0,-2051.0,372.0,476.0,,1379.0
248.0,-250.0,,-37.0,30.0,-1689.0,356.0,454.0,,1432.0
300.0,71.0,,-68.0,-36.0,-1226.0,341.0,465.0,,1427.0
282.0,202.0,,-60.0,-108.0,-922.0,337.0,602.0,,1384.0
289.0,279.0,,-134.0,-101.0,-918.0,358.0,426.0,,1285.0
266.0,363.0,,-165.0,-80.0,-1048.0,384.0,582.0,,1071.0
302.0,427.0,,-83.0,-67.0,-1183.0,384.0,421.0,,770.0
360.0,427.0,,-3.0,3.0,-1406.0,357.0,354.0,,405.0
348.0,362.0,,45.0,78.0,-1585.0,340.0,243.0,,-22.0
313.0,361.0,,70.0,116.0,-1551.0,358.0,99.0,,-463.0
345.0,286.0,,118.0,104.0,-1457.0,356.0,315.0,,-890.0
400.0,185.0,,185.0,-16.0,-1508.0,327.0,192.0,,-1288.0
364.0,195.0,,196.0,-127.0,-1405.0,305.0,280.0,,-1626.0
354.0,365.0,,217.0,-135.0,-1206.0,274.0,136.0,,-1889.0
391.0,546.0,,229.0,-173.0,-1036.0,231.0,53.0,,-2052.0
425.0,656.0,,228.0,-244.0,-890.0,186.0,169.0,,-2091.0
401.0,765.0,,226.0,-288.0,-819.0,171.0,97.0,,-1979.0
345.0,844.0,,266.0,-292.0,-780.0,176.0,308.0,,-1734.0
240.0,834.0,,321.0,-187.0,-843.0,183.0,157.0,,-1380.0
265.0,550.0,,309.0,-32.0,-768.0,200.0,227.0,,-938.0
308.0,148.0,,287.0,63.0,-628.0,213.0,251.0,,-463.0
315.0,-103.0,,233.0,172.0,-536.0,231.0,219.0,,13.0
285.0,-276.0,,175.0,322.0,-571.0,239.0,461.0,,450.0
325.0,-353.0,,169.0,441.0,-708.0,244.0,354.0,,790.0
448.0,-343.0,,124.0,554.0,-748.0,246.0,519.0,,1002.0
389.0,-279.0,,87.0,598.0,-901.0,238.0,432.0,,1107.0
365.0,-166.0,,93.0,544.0,-1144.0,244.0,521.0,,1115.0
301.0,-138.0,,91.0,470.0,-1315.0,231.0,737.0,,1029.0
357.0,-146.0,,104.0,352.0,-1326.0,205.0,766.0,,872.0
360.0,-80.0,,134.0,246.0,-1387.0,211.0,1134.0,,669.0
301.0,56.0,,155.0,219.0,-1513.0,267.0,1140.0,,447.0
231.0,38.0,,129.0,199.0,-1745.0,324.0,1376.0,,210.0
180.0,-167.0,,118.0,167.0,-1899.0,342.0,1385.0,,-11.0
225.0,-273.0,,86.0,157.0,-1663.0,315.0,1223.0,,-205.0
82.0,-411.0,,-26.0,140.0,-1394.0,295.0,1173.0,,-371.0
57.0,-594.0,,-106.0,163.0,-1253.0,306.0,885.0,,-495.0
37.0,-670.0,,-212.0,246.0,-1220.0,305.0,957.0,,-565.0
114.0,-652.0,,-321.0,275.0,-1047.0,303.0,809.0,,-544.0
54.0,-567.0,,-379.0,251.0,-954.0,268.0,894.0,,-441.0
7.0,-427.0,,-461.0,206.0,-1037.0,215.0,920.0,,-278.0
85.0,-235.0,,-487.0,99.0,-978.0,171.0,846.0,,-34.0
47.0,-82.0,,-469.0,5.0,-723.0,119.0,997.0,,291.0
116.0,86.0,,-431.0,-25.0,-478.0,77.0,790.0,,652.0
47.0,154.0,,-319.0,-31.0,-444.0,35.0,960.0,,1004.0
95.0,173.0,,-190.0,-1.0,-362.0,-6.0,914.0,,1358.0
97.0,281.0,,-49.0,16.0,-322.0,-62.0,873.0,,1690.0
163.0,314.0,,75.0,-50.0,-449.0,-155.0,894.0,,1975.0
218.0,285.0,,111.0,-141.0,-604.0,-221.0,631.0,,2188.0
220.0,72.0,,134.0,-225.0,-578.0,-255.0,626.0,,2275.0
330.0,-300.0,,148.0,-298.0,-561.0,-300.0,389.0,,2241.0
284.0,-629.0,,94.0,-306.0,-642.0,-325.0,532.0,,2091.0
347.0,-894.0,,58.0,-312.0,-553.0,-350.0,606.0,,1808.0
286.0,-1184.0,,-17.0,-342.0,-354.0,-385.0,574.0,,1401.0
270.0,-1390.0,,-115.0,-302.0,-282.0,-404.0,630.0,,933.0
191.0,-1393.0,,-188.0,-245.0,-396.0,-409.0,321.0,,446.0
140.0,-1410.0,,-232.0,-205.0,-363.0,-408.0,384.0,,-39.0
188.0,-1347.0,,-246.0,-148.0,-229.0,-423.0,214.0,,-481.0
-2.0,-1172.0,,-308.0,-144.0,-164.0,-438.0,236.0,,-882.0
-83.0,-874.0,,-302.0,-165.0,-327.0,-439.0,389.0,,-1230.0
-255.0,-609.0,,-238.0,-150.0,-621.0,-465.0,391.0,,-1497.0
-280.0,-452.0,,-174.0,-167.0,-640.0,-504.0,661.0,,-1672.0
-315.0,-249.0,,-70.0,-173.0,-640.0,-537.0,487.0,,-1766.0
-426.0,-161.0,,48.0,-111.0,-801.0,-523.0,497.0,,-1792.0
-435.0,-17.0,,191.0,-69.0,-848.0,-481.0,363.0,,-1739.0
-509.0,136.0,,330.0,-35.0,-662.0,-467.0,219.0,,-1612.0
-406.0,196.0,,418.0,18.0,-413.0,-461.0,303.0,,-1438.0
-406.0,242.0,,540.0,21.0,-319.0,-467.0,192.0,,-1237.0
-409.0,340.0,,645.0,35.0,-329.0,-471.0,456.0,,-1009.0
-423.0,421.0,,685.0,104.0,-381.0,-481.0,509.0,,-780.0
-426.0,442.0,,718.0,202.0,-570.0,-475.0,798.0,,-577.0
-382.0,509.0,,712.0,362.0,-790.0,-453.0,981.0,,-412.0
-423.0,486.0,,664.0,499.0,-895.0,-439.0,914.0,,-284.0
-398.0,498.0,,606.0,577.0,-859.0,-411.0,1127.0,,-178.0
-370.0,479.0,,585.0,707.0,-685.0,-408.0,934.0,,-112.0
-323.0,369.0,,525.0,809.0,-363.0,-397.0,966.0,,-56.0
-387.0,276.0,,481.0,787.0,-85.0,-360.0,827.0,,30.0
-355.0,182.0,,457.0,763.0,-63.0,-339.0,761.0,,128.0
-313.0,86.0,,363.0,744.0,-95.0,-313.0,851.0,,238.0
-276.0,-13.0,,309.0,690.0,-12.0,-273.0,772.0,,370.0
-224.0,-129.0,,329.0,663.0,160.0,-266.0,1073.0,,524.0
-225.0,-252.0,,328.0,608.0,104.0,-275.0,1077.0,,657.0
-128.0,-286.0,,266.0,537.0,-172.0,-274.0,1302.0,,757.0
-98.0,-217.0,,243.0,476.0,-290.0,-275.0,1306.0,,823.0
2.0,-120.0,,200.0,326.0,-343.0,-250.0,1097.0,,800.0
-15.0,-27.0,,151.0,142.0,-439.0,-226.0,1108.0,,688.0
-29.0,218.0,,152.0,15.0,-547.0,-218.0,853.0,,504.0
-29.0,476.0,,133.0,-86.0,-589.0,-227.0,986.0,,223.0
-36.0,677.0,,157.0,-140.0,-500.0,-244.0,921.0,,-112.0
21.0,975.0,,186.0,-142.0,-407.0,-265.0,971.0,,-451.0
-46.0,1249.0,,185.0,-170.0,-368.0,-269.0,1045.0,,-807.0
-23.0,1296.0,,207.0,-193.0,-282.0,-235.0,873.0,,-1139.0
-71.0,1216.0,,262.0,-213.0,-28.0,-218.0,973.0,,-1429.0
-76.0,1117.0,,266.0,-271.0,310.0,-202.0,788.0,,-1654.0
-104.0,1020.0,,265.0,-259.0,408.0,-209.0,800.0,,-1797.0
-143.0,1027.0,,285.0,-201.0,277.0,-215.0,631.0,,-1860.0
-108.0,903.0,,272.0,-200.0,112.0,-216.0,500.0,,-1835.0
-148.0,811.0,,307.0,-209.0,60.0,-240.0,642.0,,-1778.0
-169.0,621.0,,343.0,-243.0,56.0,-251.0,533.0,,-1679.0
-180.0,273.0,,363.0,-309.0,54.0,-278.0,720.0,,-1543.0
-134.0,12.0,,394.0,-335.0,248.0,-304.0,668.0,,-1405.0
-169.0,-417.0,,486.0,-370.0,281.0,-303.0,796.0,,-1284.0
-126.0,-800.0,,555.0,-406.0,319.0,-296.0,918.0,,-1177.0
-59.0,-1081.0,,575.0,-339.0,415.0,-333.0,740.0,,-1058.0
-56.0,-1274.0,,679.0,-256.0,256.0,-374.0,735.0,,-957.0
-87.0,-1387.0,,683.0,-227.0,63.0,-381.0,388.0,,-853.0
-123.0,-1450.0,,635.0,-224.0,-72.0,-386.0,413.0,,-741.0
-160.0,-1421.0,,631.0,-304.0,40.0,-383.0,460.0,,-639.0
-228.0,-1371.0,,560.0,-411.0,0.0,-378.0,550.0,,-537.0
-261.0,-1237.0,,404.0,-465.0,-177.0,-380.0,764.0,,-447.0
-368.0,-981.0,,221.0,-538.0,-39.0,-375.0,659.0,,-370.0
-336.0,-520.0,,25.0,-556.0,139.0,-375.0,790.0,,-323.0
-350.0,-159.0,,-200.0,-474.0,239.0,-428.0,567.0,,-355.0
-346.0,96.0,,-384.0,-438.0,180.0,-479.0,543.0,,-449.0
-347.0,431.0,,-553.0,-410.0,167.0,-507.0,618.0,,-568.0
-360.0,643.0,,-643.0,-375.0,248.0,-520.0,630.0,,-699.0
-283.0,791.0,,-650.0,-402.0,168.0,-521.0,909.0,,-815.0
-332.0,870.0,,-657.0,-433.0,-43.0,-551.0,820.0,,-906.0
-259.0,830.0,,-621.0,-454.0,-86.0,-585.0,933.0,,-966.0
-260.0,660.0,,-523.0,-465.0,262.0,-613.0,774.0,,-993.0
-207.0,378.0,,-418.0,-390.0,502.0,-634.0,541.0,,-1006.0
-168.0,115.0,,-283.0,-292.0,548.0,-644.0,478.0,,-995.0
-98.0,-148.0,,-144.0,-271.0,527.0,-625.0,260.0,,-972.0
-16.0,-450.0,,-42.0,-214.0,419.0,-610.0,347.0,,-960.0
-118.0,-740.0,,84.0,-134.0,446.0,-613.0,201.0,,-969.0
-90.0,-943.0,,186.0,-56.0,501.0,-632.0,290.0,,-1015.0
-126.0,-1022.0,,273.0,104.0,557.0,-665.0,373.0,,-1115.0
-99.0,-929.0,,292.0,269.0,577.0,-682.0,308.0,,-1279.0
-229.0,-704.0,,295.0,402.0,715.0,-688.0,315.0,,-1471.0
-316.0,-523.0,,262.0,519.0,933.0,-662.0,-5.0,,-1664.0
-368.0,-340.0,,196.0,567.0,991.0,-649.0,25.0,,-1842.0
-473.0,-144.0,,158.0,560.0,930.0,-673.0,-14.0,,-1981.0
-457.0,-57.0,,89.0,561.0,851.0,-727.0,51.0,,-2068.0
-577.0,1.0,,53.0,493.0,935.0,-763.0,140.0,,-2074.0
-534.0,47.0,,-38.0,356.0,1124.0,-748.0,-55.0,,-1969.0
-659.0,-34.0,,-96.0,236.0,1200.0,-743.0,-77.0,,-1772.0
-703.0,-163.0,,-114.0,110.0,1201.0,-739.0,-362.0,,-1480.0
-696.0,-269.0,,-148.0,58.0,1484.0,-753.0,-423.0,,-1104.0
-756.0,-327.0,,-145.0,69.0,1892.0,-776.0,-519.0,,-693.0
-762.0,-314.0,,-165.0,63.0,2055.0,-757.0,-548.0,,-261.0
-897.0,-269.0,,-170.0,96.0,1838.0,-700.0,-426.0,,170.0
-841.0,-118.0,,-212.0,141.0,1501.0,-620.0,-611.0,,560.0
-910.0,85.0,,-233.0,142.0,1347.0,-566.0,-478.0,,863.0
-882.0,310.0,,-204.0,155.0,1190.0,-556.0,-517.0,,1073.0
-855.0,456.0,,-146.0,188.0,961.0,-572.0,-443.0,,1200.0
-791.0,581.0,,-109.0,197.0,922.0,-591.0,-341.0,,1265.0
-707.0,682.0,,-60.0,215.0,1230.0,-585.0,-463.0,,1286.0
-761.0,634.0,,69.0,239.0,1445.0,-569.0,-402.0,,1252.0
-648.0,705.0,,141.0,254.0,1396.0,-557.0,-641.0,,1198.0
-657.0,714.0,,279.0,295.0,1384.0,-556.0,-788.0,,1150.0
-555.0,609.0,,407.0,311.0,1545.0,-570.0,-1066.0,,1101.0
-585.0,467.0,,429.0,281.0,1667.0,-593.0,-1285.0,,1064.0
-562.0,229.0,,439.0,263.0,1642.0,-632.0,-1300.0,,1050.0
-493.0,63.0,,463.0,212.0,1571.0,-668.0,-1483.0,,1067.0
-541.0,-31.0,,472.0,137.0,1458.0,-690.0,-1380.0,,1141.0
-456.0,-103.0,,395.0,100.0,1234.0,-704.0,-1411.0,,1259.0
-494.0,-233.0,,347.0,45.0,891.0,-705.0,-1271.0,,1387.0
-424.0,-327.0,,249.0,-7.0,813.0,-718.0,-1099.0,,1533.0
-499.0,-382.0,,179.0,-22.0,974.0,-737.0,-1060.0,,1681.0
-453.0,-448.0,,129.0,-58.0,1095.0,-738.0,-816.0,,1827.0
-413.0,-344.0,,58.0,-123.0,1253.0,-746.0,-848.0,,1940.0
-510.0,-124.0,,5.0,-200.0,1519.0,-774.0,-755.0,,1970.0
-494.0,108.0,,-37.0,-315.0,1653.0,-816.0,-842.0,,1956.0
-608.0,244.0,,-20.0,-413.0,1590.0,-850.0,-953.0,,1935.0
-562.0,246.0,,-45.0,-463.0,1492.0,-851.0,-927.0,,1887.0
-639.0,268.0,,48.0,-510.0,1374.0,-831.0,-1047.0,,1807.0
-739.0,225.0,,107.0,-498.0,1323.0,-824.0,-934.0,,1694.0
-762.0,164.0,,89.0,-446.0,1015.0,-842.0,-1086.0,,1530.0
-763.0,61.0,,127.0,-402.0,693.0,-863.0,-1095.0,,1350.0
-761.0,-32.0,,117.0,-346.0,759.0,-890.0,-1123.0,,1153.0
-866.0,-15.0,,117.0,-297.0,788.0,-922.0,-1254.0,,910.0
-863.0,-78.0,,113.0,-224.0,724.0,-945.0,-1128.0,,679.0
-807.0,-100.0,,107.0,-118.0,572.0,-961.0,-1182.0,,496.0
-766.0,-72.0,,53.0,-1.0,547.0,-944.0,-1021.0,,384.0
-821.0,-8.0,,0.0,96.0,723.0,-922.0,-1104.0,,365.0
-798.0,13.0,,10.0,206.0,642.0,-925.0,-1188.0,,414.0
-743.0,-34.0,,44.0,275.0,484.0,-900.0,-1152.0,,468.0
-692.0,-25.0,,83.0,232.0,632.0,-864.0,-1324.0,,504.0
-674.0,-27.0,,131.0,155.0,974.0,-814.0,-1308.0,,530.0
-672.0,-108.0,,164.0,48.0,1144.0,-771.0,-1553.0,,475.0
-626.0,-228.0,,176.0,-17.0,1105.0,-794.0,-1605.0,,334.0
-551.0,-207.0,,171.0,-13.0,1166.0,-814.0,-1686.0,,147.0
-498.0,-254.0,,153.0,-38.0,1300.0,-832.0,-1851.0,,-43.0
-568.0,-302.0,,179.0,-63.0,1354.0,-819.0,-1764.0,,-194.0
-481.0,-256.0,,179.0,-72.0,1384.0,-780.0,-1834.0,,-282.0
-510.0,-297.0,,132.0,-99.0,1197.0,-783.0,-1589.0,,-293.0
-490.0,-171.0,,124.0,-94.0,773.0,-794.0,-1494.0,,-227.0
-454.0,8.0,,83.0,-73.0,632.0,-785.0,-1524.0,,-75.0
-421.0,126.0,,10.0,-74.0,753.0,-734.0,-1613.0,,97.0
-339.0,243.0,,-23.0,-11.0,741.0,-676.0,-1873.0,,280.0
-406.0,300.0,,-91.0,61.0,436.0,-612.0,-1882.0,,445.0
-313.0,328.0,,-142.0,70.0,120.0,-556.0,-2045.0,,535.0
-397.0,261.0,,-131.0,96.0,267.0,-566.0,-1967.0,,571.0
-333.0,132.0,,-122.0,87.0,373.0,-584.0,-1897.0,,553.0
-318.0,18.0,,-75.0,8.0,305.0,-581.0,-1808.0,,490.0
-353.0,-52.0,,-31.0,-68.0,337.0,-560.0,-1570.0,,377.0
-307.0,-117.0,,-41.0,-120.0,419.0,-508.0,-1572.0,,229.0
-336.0,-160.0,,-10.0,-120.0,642.0,-473.0,-1341.0,,83.0
-161.0,-99.0,,31.0,-68.0,648.0,-430.0,-1321.0,,-9.0
-178.0,-19.0,,15.0,-70.0,506.0,-380.0,-1228.0,,-26.0
-71.0,69.0,,-44.0,-83.0,555.0,-341.0,-1103.0,,24.0
-39.0,191.0,,-96.0,-40.0,835.0,-253.0,-1164.0,,154.0
13.0,312.0,,-138.0,-12.0,868.0,-165.0,-1095.0,,365.0
56.0,370.0,,-208.0,58.0,633.0,-112.0,-1317.0,,648.0
78.0,371.0,,-251.0,161.0,561.0,-91.0,-1269.0,,987.0
159.0,384.0,,-211.0,204.0,523.0,-88.0,-1223.0,,1370.0
46.0,310.0,,-166.0,258.0,550.0,-75.0,-1127.0,,1745.0
115.0,174.0,,-144.0,325.0,327.0,-46.0,-914.0,,2089.0
49.0,97.0,,-79.0,326.0,98.0,29.0,-968.0,,2387.0
60.0,9.0,,-44.0,335.0,81.0,65.0,-770.0,,2611.0
-50.0,-68.0,,-9.0,305.0,63.0,59.0,-825.0,,2753.0
-115.0,-80.0,,62.0,172.0,125.0,48.0,-796.0,,2788.0
-104.0,-14.0,,62.0,34.0,69.0,36.0,-805.0,,2752.0
-165.0,77.0,,65.0,-167.0,263.0,33.0,-896.0,,2659.0
-141.0,118.0,,144.0,-384.0,744.0,13.0,-715.0,,2536.0
-210.0,210.0,,176.0,-483.0,1004.0,1.0,-851.0,,2393.0
-71.0,278.0,,219.0,-552.0,1032.0,-18.0,-803.0,,2245.0
-88.0,233.0,,318.0,-622.0,1027.0,-26.0,-1006.0,,2117.0
-11.0,171.0,,370.0,-614.0,1058.0,-25.0,-1204.0,,2009.0
61.0,114.0,,408.0,-554.0,1100.0,-32.0,-1201.0,,1928.0
130.0,-24.0,,381.0,-440.0,1068.0,-31.0,-1334.0,,1833.0
243.0,-237.0,,317.0,-282.0,1116.0,-43.0,-1182.0,,1736.0
252.0,-406.0,,273.0,-205.0,1341.0,-46.0,-1311.0,,1645.0
357.0,-538.0,,168.0,-113.0,1467.0,-42.0,-1188.0,,1587.0
362.0,-614.0,,31.0,17.0,1586.0,-35.0,-1123.0,,1597.0
503.0,-626.0,,-105.0,78.0,1740.0,-21.0,-1145.0,,1646.0
484.0,-552.0,,-174.0,167.0,1634.0,-1.0,-927.0,,1716.0
442.0,-351.0,,-244.0,241.0,1458.0,13.0,-1055.0,,1822.0
470.0,-114.0,,-311.0,230.0,1484.0,9.0,-946.0,,1948.0
406.0,81.0,,-286.0,263.0,1590.0,10.0,-1077.0,,2024.0
375.0,293.0,,-314.0,300.0,1605.0,40.0,-1080.0,,2044.0
244.0,456.0,,-292.0,290.0,1512.0,84.0,-1071.0,,2012.0
179.0,557.0,,-223.0,336.0,1688.0,104.0,-1365.0,,1936.0
54.0,591.0,,-169.0,348.0,2090.0,96.0,-1317.0,,1817.0
0.0,467.0,,-134.0,314.0,2123.0,89.0,-1465.0,,1638.0
-18.0,398.0,,-112.0,328.0,1836.0,115.0,-1263.0,,1382.0
-122.0,296.0,,-121.0,272.0,1737.0,174.0,-1132.0,,1062.0
-103.0,112.0,,-161.0,207.0,1809.0,225.0,-1006.0,,710.0
-152.0,-38.0,,-105.0,194.0,1568.0,241.0,-685.0,,329.0
-112.0,-182.0,,-104.0,107.0,1092.0,238.0,-715.0,,-52.0
-156.0,-262.0,,-83.0,18.0,757.0,208.0,-545.0,,-422.0
-193.0,-346.0,,7.0,-38.0,711.0,184.0,-724.0,,-740.0
-82.0,-426.0,,37.0,-132.0,669.0,193.0,-628.0,,-1005.0
-104.0,-372.0,,44.0,-178.0,478.0,223.0,-421.0,,-1224.0
-17.0,-151.0,,89.0,-180.0,423.0,275.0,-393.0,,-1413.0
-31.0,18.0,,131.0,-220.0,580.0,292.0,-247.0,,-1579.0
97.0,228.0,,170.0,-188.0,751.0,279.0,-576.0,,-1711.0
132.0,505.0,,230.0,-150.0,703.0,262.0,-515.0,,-1789.0
127.0,700.0,,219.0,-187.0,724.0,265.0,-578.0,,-1770.0
276.0,848.0,,272.0,-151.0,989.0,335.0,-548.0,,-1658.0
252.0,908.0,,290.0,-134.0,1389.0,435.0,-299.0,,-1433.0
379.0,947.0,,275.0,-126.0,1435.0,517.0,-238.0,,-1109.0
379.0,805.0,,334.0,-49.0,1055.0,540.0,171.0,,-733.0
533.0,514.0,,290.0,-23.0,813.0,518.0,194.0,,-349.0
551.0,280.0,,203.0,35.0,590.0,491.0,373.0,,16.0
545.0,30.0,,83.0,133.0,461.0,471.0,395.0,,326.0
674.0,-314.0,,-23.0,132.0,370.0,504.0,312.0,,541.0
626.0,-620.0,,-24.0,147.0,277.0,573.0,456.0,,688.0
677.0,-716.0,,-52.0,195.0,233.0,606.0,312.0,,775.0
620.0,-757.0,,-113.0,188.0,198.0,612.0,517.0,,796.0
678.0,-712.0,,-104.0,239.0,285.0,581.0,382.0,,727.0
612.0,-535.0,,-48.0,277.0,322.0,542.0,336.0,,598.0
621.0,-340.0,,-8.0,233.0,294.0,562.0,310.0,,429.0
616.0,-205.0,,91.0,216.0,238.0,618.0,88.0,,227.0
572.0,-142.0,,228.0,156.0,280.0,696.0,179.0,,20.0
581.0,-44.0,,339.0,84.0,241.0,740.0,-86.0,,-215.0
523.0,60.0,,490.0,75.0,96.0,724.0,18.0,,-436.0
579.0,118.0,,535.0,-5.0,62.0,674.0,59.0,,-641.0
478.0,156.0,,602.0,-78.0,315.0,608.0,118.0,,-834.0
574.0,313.0,,714.0,-59.0,724.0,582.0,312.0,,-1021.0
563.0,514.0,,669.0,-77.0,775.0,594.0,155.0,,-1225.0
572.0,555.0,,622.0,-89.0,637.0,618.0,365.0,,-1424.0
551.0,586.0,,534.0,-86.0,588.0,648.0,264.0,,-1629.0
527.0,693.0,,383.0,-127.0,757.0,674.0,358.0,,-1796.0
613.0,685.0,,286.0,-107.0,849.0,710.0,412.0,,-1920.0
564.0,560.0,,187.0,-57.0,696.0,737.0,249.0,,-2016.0
587.0,498.0,,-43.0,-57.0,657.0,769.0,408.0,,-2077.0
434.0,579.0,,-242.0,-6.0,853.0,825.0,249.0,,-2103.0
463.0,703.0,,-352.0,12.0,1032.0,849.0,412.0,,-2088.0
466.0,677.0,,-501.0,-32.0,982.0,872.0,380.0,,-2049.0
449.0,550.0,,-608.0,-10.0,1147.0,877.0,437.0,,-1981.0
419.0,347.0,,-701.0,-43.0,1460.0,853.0,683.0,,-1898.0
386.0,103.0,,-776.0,-119.0,1622.0,821.0,676.0,,-1771.0
382.0,-155.0,,-794.0,-140.0,1554.0,756.0,955.0,,-1594.0
279.0,-468.0,,-794.0,-205.0,1333.0,709.0,859.0,,-1404.0
270.0,-709.0,,-868.0,-229.0,1270.0,695.0,977.0,,-1215.0
182.0,-899.0,,-923.0,-180.0,1164.0,735.0,977.0,,-1033.0
139.0,-993.0,,-927.0,-194.0,993.0,781.0,927.0,,-863.0
40.0,-1032.0,,-961.0,-187.0,721.0,787.0,1152.0,,-714.0
-6.0,-1018.0,,-954.0,-145.0,369.0,788.0,1023.0,,-602.0
-134.0,-744.0,,-986.0,-157.0,191.0,776.0,1202.0,,-546.0
-156.0,-372.0,,-1024.0,-110.0,91.0,777.0,1084.0,,-513.0
-174.0,-73.0,,-1062.0,-40.0,17.0,810.0,1091.0,,-481.0
-264.0,237.0,,-1142.0,7.0,-131.0,842.0,1178.0,,-473.0
-293.0,533.0,,-1166.0,112.0,-235.0,853.0,1071.0,,-492.0
-350.0,710.0,,-1157.0,138.0,-272.0,811.0,1267.0,,-532.0
-229.0,835.0,,-1166.0,107.0,-491.0,753.0,1141.0,,-583.0
-282.0,938.0,,-1154.0,115.0,-736.0,749.0,1226.0,,-611.0
-257.0,880.0,,-1077.0,76.0,-763.0,780.0,1138.0,,-652.0
-275.0,732.0,,-992.0,61.0,-513.0,853.0,1093.0,,-703.0
-230.0,551.0,,-891.0,80.0,-160.0,905.0,1176.0,,-714.0
-213.0,354.0,,-764.0,63.0,193.0,881.0,927.0,,-698.0
-241.0,326.0,,-659.0,83.0,342.0,817.0,962.0,,-635.0
-187.0,338.0,,-536.0,130.0,284.0,770.0,735.0,,-505.0
-275.0,346.0,,-452.0,125.0,290.0,777.0,713.0,,-304.0
-233.0,339.0,,-342.0,170.0,150.0,799.0,726.0,,-74.0
-302.0,295.0,,-200.0,234.0,-199.0,796.0,591.0,,181.0
-281.0,288.0,,-152.0,208.0,-683.0,740.0,678.0,,486.0
-337.0,156.0,,-113.0,222.0,-982.0,685.0,513.0,,805.0
-299.0,61.0,,-20.0,220.0,-992.0,671.0,654.0,,1115.0
-247.0,19.0,,57.0,175.0,-968.0,683.0,646.0,,1376.0
-296.0,-73.0,,58.0,185.0,-863.0,747.0,620.0,,1584.0
-234.0,-270.0,,38.0,123.0,-657.0,833.0,665.0,,1742.0
-247.0,-406.0,,-12.0,60.0,-427.0,862.0,498.0,,1849.0
-124.0,-332.0,,-75.0,78.0,-394.0,836.0,652.0,,1885.0
-148.0,-315.0,,-171.0,55.0,-484.0,798.0,532.0,,1836.0
-86.0,-284.0,,-221.0,59.0,-694.0,786.0,548.0,,1734.0
-89.0,-252.0,,-190.0,95.0,-978.0,808.0,474.0,,1601.0
-34.0,-138.0,,-212.0,76.0,-1115.0,835.0,223.0,,1442.0
79.0,46.0,,-171.0,109.0,-1237.0,839.0,232.0,,1260.0
51.0,248.0,,-119.0,154.0,-1285.0,825.0,11.0,,1069.0
163.0,538.0,,-75.0,156.0,-1227.0,814.0,118.0,,883.0
204.0,695.0,,-24.0,214.0,-1067.0,812.0,60.0,,723.0
305.0,833.0,,49.0,248.0,-932.0,820.0,-46.0,,596.0
251.0,939.0,,153.0,248.0,-992.0,828.0,-36.0,,492.0
267.0,936.0,,186.0,291.0,-987.0,839.0,-206.0,,411.0
291.0,832.0,,202.0,294.0,-767.0,856.0,-46.0,,379.0
230.0,604.0,,204.0,302.0,-531.0,871.0,-77.0,,420.0
217.0,324.0,,158.0,341.0,-422.0,858.0,60.0,,515.0
191.0,-48.0,,117.0,299.0,-517.0,841.0,72.0,,653.0
210.0,-327.0,,70.0,261.0,-683.0,829.0,-3.0,,830.0
69.0,-577.0,,-70.0,275.0,-612.0,819.0,164.0,,1004.0
102.0,-770.0,,-257.0,242.0,-566.0,838.0,1.0,,1183.0
113.0,-662.0,,-411.0,213.0,-835.0,854.0,97.0,,1347.0
86.0,-422.0,,-532.0,182.0,-1063.0,869.0,-79.0,,1461.0
76.0,-181.0,,-662.0,114.0,-869.0,870.0,-251.0,,1552.0
23.0,49.0,,-740.0,127.0,-494.0,835.0,-280.0,,1610.0
73.0,500.0,,-783.0,145.0,-436.0,791.0,-456.0,,1658.0
46.0,977.0,,-859.0,111.0,-471.0,757.0,-299.0,,1702.0
60.0,1166.0,,-856.0,141.0,-271.0,756.0,-388.0,,1707.0
71.0,1246.0,,-761.0,144.0,19.0,755.0,-286.0,,1682.0
149.0,1272.0,,-697.0,84.0,188.0,749.0,-238.0,,1619.0
161.0,1275.0,,-603.0,42.0,125.0,733.0,-121.0,,1539.0
126.0,1132.0,,-504.0,-74.0,19.0,702.0,269.0,,1477.0
175.0,962.0,,-497.0,-197.0,-154.0,688.0,352.0,,1410.0
208.0,777.0,,-404.0,-265.0,-333.0,692.0,648.0,,1336.0
240.0,491.0,,-346.0,-381.0,-435.0,719.0,594.0,,1294.0
189.0,51.0,,-349.0,-442.0,-519.0,738.0,497.0,,1260.0
216.0,-515.0,,-261.0,-417.0,-498.0,705.0,303.0,,1231.0
218.0,-902.0,,-230.0,-401.0,-488.0,621.0,-101.0,,1236.0
253.0,-1192.0,,-254.0,-343.0,-250.0,527.0,-118.0,,1252.0
260.0,-1284.0,,-287.0,-267.0,-86.0,447.0,-299.0,,1283.0
230.0,-1311.0,,-342.0,-184.0,-296.0,416.0,-253.0,,1334.0
259.0,-1221.0,,-384.0,-10.0,-450.0,439.0,-345.0,,1367.0
236.0,-880.0,,-408.0,114.0,-413.0,462.0,-402.0,,1365.0
310.0,-598.0,,-398.0,151.0,-304.0,442.0,-249.0,,1320.0
308.0,-349.0,,-377.0,208.0,-530.0,380.0,-295.0,,1230.0
351.0,-143.0,,-328.0,181.0,-728.0,316.0,-114.0,,1100.0
422.0,114.0,,-283.0,117.0,-567.0,256.0,-227.0,,925.0
480.0,273.0,,-268.0,114.0,-435.0,226.0,-157.0,,699.0
559.0,229.0,,-211.0,93.0,-516.0,207.0,-151.0,,463.0
608.0,193.0,,-197.0,107.0,-589.0,197.0,-301.0,,233.0
738.0,283.0,,-152.0,152.0,-479.0,197.0,-229.0,,23.0
837.0,291.0,,-152.0,119.0,-331.0,181.0,-495.0,,-168.0
926.0,71.0,,-190.0,81.0,-279.0,162.0,-463.0,,-339.0
962.0,-96.0,,-174.0,36.0,-379.0,160.0,-456.0,,-474.0
1069.0,-143.0,,-209.0,-17.0,-169.0,185.0,-310.0,,-602.0
1173.0,-114.0,,-259.0,46.0,87.0,205.0,-86.0,,-728.0
1196.0,-248.0,,-348.0,90.0,-4.0,221.0,-99.0,,-861.0
1230.0,-414.0,,-345.0,68.0,-198.0,204.0,90.0,,-1012.0
1277.0,-327.0,,-381.0,84.0,-361.0,150.0,-94.0,,-1185.0
1307.0,-277.0,,-470.0,58.0,-279.0,109.0,-92.0,,-1365.0
1295.0,-392.0,,-497.0,36.0,-204.0,105.0,-151.0,,-1544.0
1296.0,-467.0,,-497.0,66.0,-210.0,146.0,-277.0,,-1727.0
1305.0,-439.0,,-461.0,40.0,-236.0,188.0,-53.0,,-1893.0
1326.0,-456.0,,-462.0,19.0,-491.0,224.0,90.0,,-2031.0
1252.0,-500.0,,-410.0,29.0,-880.0,246.0,521.0,,-2111.0
1214.0,-614.0,,-381.0,-7.0,-1124.0,242.0,644.0,,-2112.0
1162.0,-706.0,,-377.0,20.0,-1273.0,221.0,689.0,,-2035.0
1119.0,-685.0,,-371.0,88.0,-1522.0,201.0,607.0,,-1857.0
1033.0,-705.0,,-295.0,90.0,-1699.0,207.0,286.0,,-1597.0
959.0,-742.0,,-234.0,123.0,-1647.0,220.0,223.0,,-1266.0
955.0,-689.0,,-238.0,136.0,-1536.0,230.0,-68.0,,-897.0
872.0,-463.0,,-175.0,99.0,-1565.0,199.0,-53.0,,-527.0
814.0,-224.0,,-141.0,131.0,-1554.0,140.0,-83.0,,-182.0
780.0,-74.0,,-79.0,169.0,-1310.0,114.0,-97.0,,93.0
855.0,27.0,,-58.0,212.0,-1143.0,135.0,129.0,,293.0
771.0,277.0,,-23.0,282.0,-1229.0,172.0,107.0,,417.0
756.0,585.0,,4.0,284.0,-1256.0,192.0,288.0,,462.0
725.0,686.0,,-35.0,275.0,-1187.0,180.0,138.0,,432.0
689.0,803.0,,-35.0,290.0,-1028.0,113.0,40.0,,351.0
654.0,905.0,,-100.0,249.0,-1004.0,45.0,35.0,,260.0
524.0,973.0,,-146.0,219.0,-1302.0,4.0,-25.0,,164.0
554.0,921.0,,-207.0,202.0,-1383.0,16.0,195.0,,78.0
397.0,709.0,,-259.0,89.0,-1278.0,37.0,99.0,,9.0
402.0,503.0,,-280.0,-3.0,-1275.0,1.0,245.0,,-26.0
267.0,186.0,,-377.0,-52.0,-1382.0,-31.0,242.0,,0.0
224.0,-131.0,,-387.0,-132.0,-1509.0,-65.0,229.0,,83.0
157.0,-425.0,,-392.0,-167.0,-1450.0,-46.0,328.0,,200.0
53.0,-583.0,,-390.0,-195.0,-1393.0,14.0,81.0,,347.0
157.0,-637.0,,-324.0,-191.0,-1377.0,58.0,173.0,,517.0
34.0,-768.0,,-258.0,-89.0,-1216.0,105.0,57.0,,677.0
54.0,-869.0,,-190.0,-22.0,-1208.0,105.0,96.0,,811.0
-73.0,-936.0,,-118.0,4.0,-1335.0,74.0,138.0,,905.0
87.0,-808.0,,3.0,56.0,-1334.0,42.0,35.0,,952.0
60.0,-556.0,,96.0,38.0,-1293.0,9.0,171.0,,953.0
5.0,-369.0,,152.0,-9.0,-1240.0,-9.0,-27.0,,918.0
48.0,-197.0,,197.0,-1.0,-1193.0,-17.0,88.0,,856.0
-17.0,57.0,,217.0,2.0,-886.0,-19.0,107.0,,753.0
109.0,334.0,,223.0,8.0,-551.0,-18.0,147.0,,651.0
-10.0,427.0,,211.0,-10.0,-699.0,-47.0,212.0,,572.0
124.0,479.0,,174.0,-94.0,-1043.0,-107.0,7.0,,521.0
65.0,549.0,,132.0,-137.0,-1170.0,-152.0,166.0,,522.0
157.0,597.0,,59.0,-143.0,-1070.0,-148.0,16.0,,551.0
125.0,556.0,,-31.0,-144.0,-1214.0,-129.0,42.0,,593.0
-7.0,371.0,,-71.0,-76.0,-1528.0,-135.0,44.0,,641.0
51.0,233.0,,-79.0,-15.0,-1597.0,-154.0,35.0,,681.0
-16.0,71.0,,-121.0,-12.0,-1456.0,-224.0,330.0,,710.0
14.0,-162.0,,-168.0,-27.0,-1261.0,-298.0,306.0,,712.0
-203.0,-352.0,,-127.0,-74.0,-1190.0,-331.0,524.0,,681.0
-162.0,-468.0,,-89.0,-138.0,-1193.0,-328.0,436.0,,647.0
-263.0,-524.0,,-50.0,-164.0,-1149.0,-297.0,399.0,,620.0
-282.0,-472.0,,31.0,-178.0,-1029.0,-302.0,445.0,,614.0
-322.0,-414.0,,145.0,-177.0,-1043.0,-356.0,312.0,,608.0
-413.0,-514.0,,259.0,-116.0,-1173.0,-455.0,533.0,,585.0
-396.0,-504.0,,323.0,-80.0,-1289.0,-551.0,484.0,,573.0
-458.0,-431.0,,419.0,-87.0,-1382.0,-569.0,678.0,,568.0
-294.0,-400.0,,463.0,-68.0,-1424.0,-525.0,718.0,,571.0
-376.0,-332.0,,439.0,-40.0,-1567.0,-475.0,707.0,,568.0
-226.0,-163.0,,373.0,9.0,-1487.0,-453.0,868.0,,583.0
-225.0,152.0,,264.0,79.0,-1258.0,-461.0,733.0,,634.0
-155.0,290.0,,132.0,108.0,-1164.0,-473.0,914.0,,693.0
-52.0,311.0,,-93.0,90.0,-1086.0,-490.0,812.0,,777.0
-69.0,388.0,,-292.0,38.0,-1085.0,-512.0,855.0,,862.0
111.0,466.0,,-378.0,-16.0,-1104.0,-510.0,899.0,,937.0
61.0,430.0,,-482.0,-33.0,-1143.0,-492.0,753.0,,1000.0
173.0,273.0,,-546.0,-55.0,-1055.0,-476.0,812.0,,1057.0
84.0,150.0,,-517.0,-117.0,-999.0,-489.0,491.0,,1109.0
154.0,0.0,,-547.0,-124.0,-1109.0,-533.0,388.0,,1116.0
182.0,-170.0,,-475.0,-101.0,-1174.0,-559.0,75.0,,1083.0
63.0,-317.0,,-319.0,-180.0,-1191.0,-557.0,-118.0,,1001.0
122.0,-343.0,,-182.0,-288.0,-1212.0,-526.0,20.0,,876.0
1.0,-289.0,,-38.0,-343.0,-1361.0,-486.0,92.0,,727.0
90.0,-276.0,,88.0,-372.0,-1308.0,-462.0,432.0,,535.0
8.0,-315.0,,259.0,-343.0,-1116.0,-450.0,279.0,,347.0
5.0,-250.0,,345.0,-277.0,-1058.0,-445.0,282.0,,186.0
30.0,-13.0,,471.0,-215.0,-998.0,-412.0,262.0,,55.0
-42.0,131.0,,550.0,-132.0,-873.0,-370.0,201.0,,-32.0
43.0,198.0,,562.0,-110.0,-550.0,-337.0,423.0,,-94.0
-72.0,230.0,,639.0,-162.0,-336.0,-324.0,236.0,,-139.0
-20.0,279.0,,605.0,-177.0,-280.0,-325.0,336.0,,-194.0
-93.0,325.0,,594.0,-167.0,-143.0,-316.0,267.0,,-259.0
-121.0,235.0,,615.0,-152.0,-171.0,-318.0,247.0,,-332.0
-82.0,105.0,,618.0,-108.0,-232.0,-305.0,269.0,,-426.0
-173.0,47.0,,648.0,-91.0,-210.0,-297.0,99.0,,-514.0
-125.0,125.0,,674.0,-92.0,-257.0,-304.0,290.0,,-563.0
-266.0,208.0,,596.0,-61.0,-287.0,-312.0,230.0,,-569.0
-176.0,293.0,,560.0,-65.0,-373.0,-364.0,497.0,,-537.0
-216.0,413.0,,615.0,-46.0,-436.0,-461.0,652.0,,-484.0
-215.0,497.0,,583.0,38.0,-433.0,-526.0,672.0,,-422.0
-192.0,433.0,,584.0,64.0,-340.0,-520.0,829.0,,-344.0
-234.0,274.0,,634.0,88.0,-161.0,-504.0,689.0,,-266.0
-140.0,264.0,,660.0,157.0,-190.0,-500.0,931.0,,-204.0
-253.0,168.0,,657.0,164.0,-151.0,-525.0,897.0,,-157.0
-131.0,2.0,,618.0,155.0,156.0,-587.0,910.0,,-113.0
-197.0,-120.0,,519.0,192.0,483.0,-674.0,875.0,,-58.0
-105.0,-340.0,,369.0,225.0,505.0,-737.0,679.0,,-19.0
-137.0,-537.0,,265.0,291.0,477.0,-729.0,864.0,,-2.0
-150.0,-573.0,,138.0,319.0,659.0,-702.0,744.0,,7.0
-53.0,-546.0,,-20.0,215.0,746.0,-664.0,909.0,,15.0
-150.0,-612.0,,-117.0,107.0,794.0,-685.0,879.0,,44.0
-39.0,-610.0,,-159.0,-9.0,902.0,-755.0,739.0,,98.0
-193.0,-650.0,,-138.0,-148.0,1266.0,-800.0,674.0,,159.0
-150.0,-647.0,,-67.0,-193.0,1504.0,-799.0,317.0,,223.0
-265.0,-565.0,,16.0,-213.0,1502.0,-756.0,356.0,,306.0
-215.0,-635.0,,90.0,-229.0,1669.0,-721.0,151.0,,405.0
-190.0,-538.0,,155.0,-174.0,1809.0,-723.0,182.0,,524.0
-260.0,-442.0,,252.0,-150.0,1866.0,-793.0,175.0,,659.0
-256.0,-427.0,,356.0,-143.0,1905.0,-864.0,48.0,,809.0
-389.0,-246.0,,440.0,-51.0,2080.0,-883.0,314.0,,982.0
-282.0,27.0,,526.0,21.0,2140.0,-857.0,251.0,,1157.0
-476.0,289.0,,557.0,58.0,2067.0,-816.0,408.0,,1314.0
-379.0,394.0,,571.0,103.0,2058.0,-811.0,262.0,,1444.0
-442.0,393.0,,588.0,134.0,2001.0,-825.0,109.0,,1549.0
-489.0,399.0,,542.0,188.0,1933.0,-871.0,27.0,,1618.0
-505.0,395.0,,501.0,214.0,1692.0,-898.0,-234.0,,1677.0
-593.0,244.0,,420.0,187.0,1432.0,-886.0,-121.0,,1733.0
-535.0,41.0,,283.0,176.0,1327.0,-873.0,-332.0,,1767.0
-717.0,-53.0,,127.0,177.0,1358.0,-868.0,-232.0,,1801.0
-571.0,-307.0,,31.0,142.0,1360.0,-886.0,-264.0,,1838.0
-669.0,-692.0,,-27.0,112.0,1287.0,-887.0,-334.0,,1871.0
-636.0,-849.0,,-157.0,119.0,1492.0,-872.0,-118.0,,1882.0
-647.0,-792.0,,-222.0,110.0,1894.0,-846.0,-238.0,,1859.0
-653.0,-646.0,,-298.0,122.0,2137.0,-784.0,-42.0,,1805.0
-519.0,-553.0,,-326.0,155.0,2092.0,-750.0,-199.0,,1736.0
-563.0,-442.0,,-252.0,180.0,2113.0,-758.0,-303.0,,1659.0
-390.0,-271.0,,-231.0,245.0,2355.0,-788.0,-347.0,,1580.0
-426.0,-215.0,,-190.0,291.0,2510.0,-792.0,-567.0,,1496.0
-312.0,-205.0,,-110.0,256.0,2439.0,-741.0,-543.0,,1403.0
-251.0,-161.0,,6.0,172.0,2259.0,-679.0,-824.0,,1302.0
-140.0,-62.0,,112.0,59.0,2077.0,-611.0,-776.0,,1185.0
35.0,-77.0,,188.0,-97.0,1863.0,-552.0,-833.0,,1061.0
80.0,-144.0,,262.0,-235.0,1767.0,-479.0,-835.0,,945.0
181.0,-163.0,,342.0,-290.0,1808.0,-399.0,-606.0,,832.0
176.0,-198.0,,442.0,-305.0,1848.0,-367.0,-607.0,,741.0
315.0,-205.0,,481.0,-295.0,1936.0,-363.0,-400.0,,673.0
320.0,-254.0,,487.0,-266.0,2174.0,-352.0,-506.0,,620.0
330.0,-306.0,,534.0,-252.0,2370.0,-334.0,-397.0,,569.0
358.0,-297.0,,562.0,-224.0,2262.0,-324.0,-253.0,,519.0
336.0,-295.0,,560.0,-167.0,2139.0,-321.0,-271.0,,494.0
357.0,-405.0,,536.0,-125.0,2214.0,-309.0,-216.0,,464.0
250.0,-397.0,,524.0,-53.0,2128.0,-289.0,-487.0,,418.0
250.0,-383.0,,508.0,0.0,1689.0,-264.0,-408.0,,365.0
223.0,-481.0,,452.0,-30.0,1292.0,-247.0,-406.0,,301.0
134.0,-460.0,,422.0,-26.0,1212.0,-227.0,-308.0,,236.0
102.0,-349.0,,371.0,5.0,1264.0,-186.0,-27.0,,173.0
150.0,-168.0,,326.0,2.0,1306.0,-111.0,127.0,,99.0
188.0,-110.0,,297.0,13.0,1235.0,-20.0,478.0,,9.0
115.0,-55.0,,273.0,36.0,1198.0,36.0,351.0,,-75.0
111.0,51.0,,300.0,72.0,1272.0,63.0,249.0,,-171.0
198.0,166.0,,315.0,171.0,1379.0,68.0,75.0,,-266.0
196.0,281.0,,340.0,238.0,1445.0,80.0,-230.0,,-363.0
218.0,293.0,,374.0,250.0,1401.0,90.0,-380.0,,-490.0
282.0,386.0,,429.0,278.0,1405.0,51.0,-776.0,,-639.0
330.0,450.0,,483.0,257.0,1350.0,9.0,-761.0,,-813.0
395.0,439.0,,561.0,230.0,1293.0,-3.0,-711.0,,-968.0
276.0,392.0,,706.0,247.0,1198.0,39.0,-543.0,,-1103.0
286.0,555.0,,791.0,189.0,956.0,99.0,-354.0,,-1220.0
235.0,804.0,,891.0,81.0,807.0,132.0,-489.0,,-1272.0
269.0,792.0,,970.0,4.0,755.0,160.0,-417.0,,-1266.0
255.0,764.0,,944.0,-113.0,857.0,152.0,-642.0,,-1184.0
82.0,822.0,,927.0,-217.0,1020.0,146.0,-694.0,,-1040.0
172.0,933.0,,869.0,-296.0,1145.0,152.0,-718.0,,-860.0
30.0,816.0,,730.0,-398.0,1320.0,166.0,-768.0,,-647.0
46.0,716.0,,583.0,-408.0,1451.0,169.0,-676.0,,-435.0
-110.0,749.0,,459.0,-359.0,1533.0,137.0,-949.0,,-231.0
-58.0,673.0,,305.0,-326.0,1637.0,98.0,-912.0,,-44.0
-100.0,480.0,,154.0,-276.0,1600.0,73.0,-1036.0,,116.0
-311.0,188.0,,54.0,-271.0,1396.0,101.0,-1086.0,,267.0
-171.0,148.0,,-23.0,-318.0,1067.0,126.0,-899.0,,430.0
-429.0,84.0,,-99.0,-295.0,813.0,141.0,-768.0,,592.0
-305.0,-132.0,,-176.0,-197.0,826.0,141.0,-334.0,,747.0
-423.0,-317.0,,-230.0,-92.0,930.0,118.0,-269.0,,883.0
-432.0,-309.0,,-303.0,1.0,1028.0,107.0,-164.0,,976.0
-570.0,-192.0,,-324.0,42.0,1047.0,77.0,-186.0,,1022.0
-701.0,-300.0,,-278.0,62.0,1078.0,49.0,-258.0,,1006.0
-547.0,-347.0,,-207.0,116.0,1161.0,20.0,-136.0,,915.0
-838.0,-315.0,,-138.0,136.0,1316.0,-1.0,-251.0,,774.0
-728.0,-306.0,,-108.0,106.0,1515.0,-36.0,-18.0,,628.0
-899.0,-439.0,,-7.0,103.0,1508.0,-75.0,18.0,,475.0
-787.0,-548.0,,87.0,102.0,1546.0,-81.0,77.0,,343.0
-948.0,-388.0,,108.0,101.0,1712.0,-101.0,77.0,,251.0
-1033.0,-236.0,,137.0,123.0,1756.0,-95.0,-190.0,,197.0
-965.0,-173.0,,165.0,143.0,1543.0,-56.0,-282.0,,193.0
-1128.0,-172.0,,148.0,171.0,1314.0,-29.0,-672.0,,224.0
-965.0,-8.0,,113.0,194.0,1522.0,-20.0,-659.0,,305.0
-1158.0,149.0,,66.0,191.0,1745.0,-20.0,-580.0,,407.0
-1001.0,134.0,,-3.0,149.0,1658.0,-13.0,-424.0,,513.0
-1082.0,169.0,,-14.0,90.0,1531.0,-10.0,-112.0,,637.0
-872.0,199.0,,-34.0,50.0,1623.0,-34.0,-221.0,,750.0
-925.0,195.0,,-90.0,-2.0,1836.0,-71.0,-240.0,,857.0
-930.0,88.0,,-39.0,-66.0,1871.0,-88.0,-626.0,,958.0
-716.0,-2.0,,18.0,-107.0,1959.0,-84.0,-833.0,,1050.0
-777.0,-48.0,,10.0,-135.0,2156.0,-63.0,-947.0,,1146.0
-561.0,-123.0,,100.0,-146.0,2415.0,-45.0,-1066.0,,1220.0
-641.0,-290.0,,201.0,-146.0,2612.0,-25.0,-783.0,,1271.0
-287.0,-421.0,,231.0,-151.0,2623.0,9.0,-787.0,,1290.0
-436.0,-381.0,,278.0,-129.0,2612.0,39.0,-583.0,,1279.0
-307.0,-453.0,,297.0,-111.0,2564.0,47.0,-598.0,,1242.0
-284.0,-439.0,,261.0,-120.0,2520.0,-3.0,-582.0,,1183.0
-241.0,-277.0,,243.0,-74.0,2514.0,-90.0,-421.0,,1130.0
-141.0,-127.0,,235.0,20.0,2253.0,-154.0,-580.0,,1075.0
-345.0,-76.0,,224.0,94.0,1688.0,-172.0,-613.0,,1012.0
-111.0,-101.0,,259.0,149.0,1305.0,-166.0,-992.0,,945.0
-437.0,60.0,,256.0,147.0,1232.0,-174.0,-1029.0,,890.0
-139.0,134.0,,259.0,99.0,1166.0,-188.0,-986.0,,834.0
-328.0,59.0,,338.0,91.0,893.0,-207.0,-992.0,,758.0
-387.0,62.0,,378.0,65.0,686.0,-218.0,-840.0,,690.0
-381.0,54.0,,398.0,18.0,812.0,-197.0,-977.0,,624.0
-441.0,45.0,,421.0,32.0,1005.0,-168.0,-705.0,,551.0
-327.0,-17.0,,432.0,42.0,902.0,-154.0,-718.0,,484.0
-670.0,-48.0,,429.0,53.0,603.0,-173.0,-713.0,,438.0
-356.0,61.0,,419.0,95.0,535.0,-205.0,-702.0,,416.0
-498.0,144.0,,422.0,86.0,523.0,-234.0,-879.0,,402.0
-365.0,186.0,,424.0,78.0,154.0,-265.0,-698.0,,391.0
-402.0,136.0,,433.0,105.0,-346.0,-268.0,-825.0,,370.0
-370.0,186.0,,417.0,112.0,-514.0,-215.0,-665.0,,333.0
-284.0,254.0,,390.0,152.0,-519.0,-143.0,-631.0,,272.0
-337.0,148.0,,373.0,196.0,-496.0,-121.0,-582.0,,183.0
-180.0,74.0,,369.0,159.0,-633.0,-152.0,-367.0,,66.0
-283.0,-27.0,,350.0,89.0,-882.0,-195.0,-526.0,,-94.0
-146.0,-89.0,,260.0,-22.0,-924.0,-232.0,-349.0,,-298.0
-202.0,-233.0,,229.0,-167.0,-941.0,-227.0,-375.0,,-540.0
-122.0,-325.0,,293.0,-193.0,-882.0,-218.0,-184.0,,-802.0
-240.0,-184.0,,291.0,-160.0,-946.0,-244.0,-36.0,,-1066.0
-75.0,-103.0,,270.0,-173.0,-1049.0,-263.0,-16.0,,-1320.0
-73.0,-156.0,,301.0,-147.0,-922.0,-282.0,210.0,,-1552.0
-33.0,-134.0,,331.0,-146.0,-908.0,-321.0,-20.0,,-1729.0
-4.0,132.0,,400.0,-173.0,-1125.0,-366.0,55.0,,-1839.0
49.0,232.0,,468.0,-153.0,-1320.0,-411.0,-11.0,,-1886.0
160.0,95.0,,519.0,-167.0,-1306.0,-436.0,94.0,,-1871.0
-8.0,-29.0,,558.0,-171.0,-1273.0,-457.0,476.0,,-1806.0
294.0,-109.0,,546.0,-111.0,-1374.0,-480.0,546.0,,-1691.0
-2.0,-196.0,,529.0,-90.0,-1566.0,-492.0,761.0,,-1549.0
210.0,-369.0,,522.0,-105.0,-1819.0,-512.0,587.0,,-1383.0
-6.0,-461.0,,473.0,-110.0,-2110.0,-523.0,502.0,,-1202.0
76.0,-466.0,,420.0,-121.0,-2502.0,-528.0,199.0,,-1027.0
-32.0,-453.0,,363.0,-119.0,-2912.0,-552.0,-88.0,,-843.0
-273.0,-467.0,,268.0,-109.0,-3117.0,-576.0,11.0,,-668.0
-26.0,-387.0,,245.0,-118.0,-3138.0,-585.0,-158.0,,-508.0
-586.0,-171.0,,197.0,-82.0,-3140.0,-571.0,51.0,,-378.0
-179.0,-26.0,,162.0,-2.0,-3238.0,-550.0,24.0,,-299.0
-664.0,73.0,,195.0,48.0,-3202.0,-526.0,-14.0,,-242.0
-394.0,210.0,,200.0,104.0,-3042.0,-532.0,-97.0,,-220.0
-633.0,338.0,,231.0,150.0,-3030.0,-540.0,-404.0,,-223.0
-663.0,364.0,,285.0,147.0,-3150.0,-529.0,-303.0,,-231.0
-354.0,318.0,,328.0,137.0,-3251.0,-517.0,-506.0,,-260.0
-854.0,297.0,,370.0,109.0,-3149.0,-497.0,-482.0,,-276.0
-257.0,304.0,,392.0,36.0,-3136.0,-479.0,-495.0,,-267.0
-785.0,313.0,,356.0,-49.0,-3213.0,-428.0,-498.0,,-229.0
-197.0,298.0,,359.0,-113.0,-3149.0,-380.0,-360.0,,-167.0
-547.0,354.0,,364.0,-138.0,-3154.0,-337.0,-559.0,,-90.0
-389.0,463.0,,301.0,-121.0,-3247.0,-327.0,-545.0,,4.0
-220.0,368.0,,214.0,-125.0,-3253.0,-355.0,-903.0,,111.0
-467.0,211.0,,98.0,-151.0,-3261.0,-355.0,-986.0,,208.0
102.0,116.0,,22.0,-171.0,-3591.0,-327.0,-877.0,,286.0
-456.0,-44.0,,-17.0,-223.0,-4015.0,-246.0,-883.0,,351.0
78.0,-208.0,,-58.0,-279.0,-4196.0,-186.0,-485.0,,396.0
-354.0,-366.0,,-41.0,-280.0,-4355.0,-174.0,-334.0,,422.0
35.0,-373.0,,-31.0,-238.0,-4626.0,-216.0,11.0,,426.0
-76.0,-275.0,,-56.0,-203.0,-4820.0,-258.0,214.0,,406.0
-116.0,-263.0,,-6.0,-160.0,-4707.0,-258.0,339.0,,367.0
190.0,-240.0,,27.0,-120.0,-4392.0,-239.0,382.0,,321.0
-150.0,-186.0,,21.0,-104.0,-4181.0,-191.0,68.0,,291.0
303.0,-137.0,,36.0,-69.0,-4034.0,-167.0,27.0,,294.0
-31.0,-179.0,,10.0,-46.0,-3803.0,-145.0,-206.0,,330.0
353.0,-152.0,,-60.0,-55.0,-3648.0,-160.0,-127.0,,396.0
79.0,73.0,,-138.0,-58.0,-3631.0,-187.0,-42.0,,499.0
244.0,105.0,,-211.0,-72.0,-3658.0,-177.0,-168.0,,635.0
238.0,-18.0,,-333.0,-87.0,-3689.0,-172.0,-96.0,,815.0
185.0,34.0,,-439.0,-47.0,-3579.0,-124.0,-258.0,,997.0
281.0,222.0,,-507.0,7.0,-3369.0,-74.0,-86.0,,1153.0
67.0,284.0,,-631.0,20.0,-3282.0,-66.0,-12.0,,1286.0
241.0,259.0,,-719.0,53.0,-3401.0,-84.0,5.0,,1362.0
-53.0,362.0,,-817.0,92.0,-3613.0,-110.0,110.0,,1395.0
197.0,502.0,,-899.0,115.0,-3603.0,-141.0,-22.0,,1360.0
-137.0,545.0,,-885.0,181.0,-3572.0,-151.0,-147.0,,1260.0
-98.0,431.0,,-875.0,217.0,-3736.0,-97.0,-596.0,,1098.0
-245.0,460.0,,-841.0,221.0,-3770.0,-14.0,-715.0,,875.0
-230.0,554.0,,-816.0,275.0,-3700.0,10.0,-687.0,,625.0
-278.0,406.0,,-768.0,270.0,-3593.0,-45.0,-628.0,,333.0
-484.0,165.0,,-802.0,192.0,-3498.0,-102.0,-315.0,,38.0
-248.0,39.0,,-870.0,126.0,-3504.0,-126.0,-330.0,,-248.0
-510.0,114.0,,-833.0,43.0,-3487.0,-83.0,-136.0,,-506.0
-310.0,6.0,,-803.0,-9.0,-3378.0,-23.0,-155.0,,-696.0
-580.0,-198.0,,-792.0,-9.0,-3159.0,-3.0,-339.0,,-841.0
-439.0,-272.0,,-763.0,-52.0,-2992.0,6.0,-519.0,,-937.0
-478.0,-247.0,,-734.0,-75.0,-2873.0,12.0,-812.0,,-971.0
-448.0,-177.0,,-750.0,-32.0,-2625.0,26.0,-742.0,,-954.0
-344.0,-251.0,,-723.0,-22.0,-2308.0,38.0,-798.0,,-910.0
-619.0,-170.0,,-735.0,-1.0,-2136.0,54.0,-545.0,,-824.0
-271.0,65.0,,-764.0,45.0,-2257.0,84.0,-351.0,,-703.0
-382.0,119.0,,-813.0,18.0,-2266.0,107.0,-325.0,,-541.0
-224.0,3.0,,-885.0,-27.0,-2136.0,114.0,-145.0,,-353.0
-267.0,31.0,,-882.0,-66.0,-2310.0,129.0,-330.0,,-177.0
-198.0,222.0,,-932.0,-120.0,-2666.0,168.0,-234.0,,1.0
-13.0,268.0,,-999.0,-83.0,-3030.0,235.0,-251.0,,143.0
-149.0,267.0,,-999.0,-21.0,-3230.0,326.0,-208.0,,258.0
48.0,447.0,,-907.0,-15.0,-3246.0,416.0,-208.0,,333.0
-152.0,692.0,,-861.0,35.0,-3421.0,464.0,-469.0,,352.0
0.0,743.0,,-882.0,76.0,-3597.0,459.0,-386.0,,341.0
-29.0,733.0,,-862.0,75.0,-3460.0,440.0,-498.0,,274.0
-96.0,775.0,,-858.0,114.0,-3185.0,418.0,-279.0,,179.0
46.0,758.0,,-843.0,121.0,-2896.0,399.0,-131.0,,88.0
-180.0,625.0,,-792.0,98.0,-2656.0,373.0,-46.0,,0.0
-40.0,430.0,,-782.0,120.0,-2382.0,367.0,197.0,,-89.0
-205.0,308.0,,-772.0,92.0,-2037.0,400.0,24.0,,-157.0
-56.0,174.0,,-683.0,45.0,-1778.0,442.0,72.0,,-198.0
-64.0,-74.0,,-570.0,34.0,-1637.0,489.0,-242.0,,-237.0
-186.0,-335.0,,-470.0,-32.0,-1648.0,533.0,-397.0,,-243.0
18.0,-362.0,,-397.0,-74.0,-1647.0,580.0,-297.0,,-230.0
-80.0,-301.0,,-338.0,-35.0,-1627.0,615.0,-144.0,,-201.0
106.0,-354.0,,-249.0,-49.0,-1468.0,623.0,445.0,,-131.0
-46.0,-340.0,,-151.0,-63.0,-1259.0,610.0,561.0,,-41.0
119.0,-200.0,,-110.0,-43.0,-1101.0,590.0,727.0,,79.0
195.0,-28.0,,-65.0,-82.0,-980.0,592.0,659.0,,209.0
140.0,99.0,,4.0,-89.0,-972.0,629.0,596.0,,331.0
247.0,188.0,,4.0,-89.0,-780.0,680.0,750.0,,446.0
176.0,192.0,,0.0,-128.0,-686.0,723.0,663.0,,541.0
333.0,196.0,,45.0,-118.0,-633.0,729.0,809.0,,625.0
150.0,192.0,,48.0,-169.0,-461.0,721.0,517.0,,699.0
206.0,129.0,,66.0,-283.0,-247.0,747.0,365.0,,784.0
152.0,118.0,,146.0,-303.0,-61.0,795.0,238.0,,866.0
193.0,80.0,,201.0,-288.0,-8.0,841.0,38.0,,929.0
213.0,12.0,,236.0,-259.0,83.0,824.0,125.0,,972.0
93.0,-54.0,,262.0,-187.0,128.0,766.0,-88.0,,968.0
152.0,-66.0,,326.0,-159.0,244.0,701.0,9.0,,928.0
11.0,-59.0,,389.0,-120.0,438.0,667.0,-48.0,,859.0
152.0,-170.0,,430.0,-39.0,684.0,709.0,59.0,,755.0
108.0,-242.0,,424.0,-13.0,778.0,723.0,247.0,,633.0
118.0,-115.0,,362.0,47.0,770.0,687.0,134.0,,489.0
35.0,91.0,,304.0,176.0,815.0,637.0,304.0,,344.0
73.0,164.0,,218.0,276.0,876.0,592.0,109.0,,216.0
145.0,311.0,,149.0,372.0,1168.0,585.0,158.0,,94.0
63.0,611.0,,107.0,449.0,1420.0,595.0,160.0,,1.0
163.0,744.0,,91.0,482.0,1538.0,590.0,77.0,,-74.0
88.0,699.0,,106.0,504.0,1512.0,553.0,216.0,,-139.0
189.0,701.0,,117.0,449.0,1406.0,523.0,84.0,,-172.0
85.0,922.0,,96.0,339.0,1401.0,531.0,254.0,,-179.0
186.0,975.0,,88.0,295.0,1383.0,530.0,103.0,,-177.0
126.0,799.0,,110.0,274.0,1262.0,518.0,118.0,,-166.0
129.0,786.0,,103.0,246.0,1164.0,481.0,181.0,,-134.0
222.0,787.0,,64.0,264.0,1180.0,437.0,-16.0,,-107.0
107.0,656.0,,-27.0,260.0,1204.0,420.0,123.0,,-69.0
239.0,401.0,,-107.0,224.0,1264.0,388.0,35.0,,-21.0
100.0,199.0,,-155.0,167.0,1385.0,375.0,351.0,,20.0
248.0,46.0,,-199.0,68.0,1625.0,402.0,541.0,,57.0
101.0,-94.0,,-229.0,22.0,1926.0,428.0,739.0,,78.0
200.0,-213.0,,-263.0,29.0,2152.0,432.0,1121.0,,76.0
210.0,-321.0,,-276.0,17.0,2166.0,408.0,1154.0,,43.0
119.0,-292.0,,-270.0,-25.0,2016.0,377.0,1383.0,,-5.0
268.0,-381.0,,-252.0,-81.0,1912.0,378.0,1108.0,,-71.0
63.0,-541.0,,-252.0,-153.0,1862.0,432.0,979.0,,-137.0
297.0,-571.0,,-267.0,-224.0,1727.0,483.0,840.0,,-182.0
98.0,-478.0,,-252.0,-278.0,1422.0,503.0,561.0,,-217.0
202.0,-397.0,,-217.0,-308.0,1288.0,496.0,696.0,,-228.0
154.0,-428.0,,-186.0,-260.0,1495.0,459.0,667.0,,-197.0
146.0,-336.0,,-198.0,-185.0,1736.0,440.0,973.0,,-141.0
347.0,-157.0,,-178.0,-120.0,1844.0,451.0,973.0,,-82.0
126.0,-59.0,,-171.0,-48.0,2009.0,492.0,912.0,,-24.0
379.0,-115.0,,-153.0,0.0,2180.0,529.0,881.0,,29.0
163.0,-153.0,,-105.0,36.0,2189.0,539.0,659.0,,80.0
363.0,-48.0,,-76.0,88.0,2057.0,553.0,910.0,,104.0
376.0,85.0,,20.0,145.0,1784.0,539.0,857.0,,101.0
327.0,112.0,,72.0,210.0,1630.0,507.0,946.0,,60.0
541.0,113.0,,81.0,286.0,1696.0,495.0,1012.0,,-15.0
348.0,239.0,,114.0,334.0,1657.0,506.0,1018.0,,-81.0
596.0,211.0,,128.0,362.0,1531.0,503.0,1156.0,,-135.0
405.0,123.0,,94.0,332.0,1695.0,475.0,885.0,,-165.0
639.0,85.0,,86.0,234.0,1993.0,453.0,892.0,,-175.0
622.0,39.0,,58.0,157.0,2071.0,428.0,716.0,,-166.0
500.0,-39.0,,-38.0,113.0,1961.0,419.0,641.0,,-155.0
729.0,-202.0,,-60.0,86.0,2023.0,410.0,598.0,,-140.0
530.0,-229.0,,-86.0,74.0,2345.0,370.0,393.0,,-119.0
739.0,-242.0,,-183.0,63.0,2635.0,306.0,513.0,,-124.0
476.0,-305.0,,-221.0,47.0,2769.0,244.0,315.0,,-128.0
652.0,-366.0,,-233.0,61.0,2643.0,186.0,408.0,,-147.0
622.0,-355.0,,-273.0,80.0,2426.0,173.0,471.0,,-184.0
567.0,-282.0,,-270.0,71.0,2243.0,196.0,668.0,,-231.0
690.0,-263.0,,-262.0,86.0,2094.0,193.0,1114.0,,-279.0
353.0,-106.0,,-265.0,106.0,1938.0,187.0,1086.0,,-305.0
603.0,123.0,,-239.0,109.0,1762.0,173.0,1147.0,,-314.0
409.0,327.0,,-200.0,122.0,1738.0,172.0,790.0,,-284.0
570.0,357.0,,-173.0,135.0,1797.0,169.0,661.0,,-197.0
327.0,334.0,,-182.0,140.0,1700.0,141.0,715.0,,-73.0
308.0,519.0,,-204.0,148.0,1532.0,127.0,622.0,,77.0
449.0,635.0,,-228.0,116.0,1464.0,114.0,796.0,,257.0
156.0,592.0,,-214.0,39.0,1393.0,124.0,515.0,,437.0
475.0,455.0,,-179.0,-16.0,1416.0,149.0,345.0,,598.0
249.0,420.0,,-159.0,-57.0,1410.0,166.0,53.0,,744.0
439.0,403.0,,-180.0,-51.0,1377.0,159.0,-157.0,,872.0
371.0,82.0,,-178.0,22.0,1366.0,119.0,-22.0,,989.0
368.0,-215.0,,-102.0,66.0,1285.0,80.0,70.0,,1093.0
468.0,-275.0,,-65.0,78.0,1275.0,84.0,554.0,,1177.0
324.0,-315.0,,-38.0,83.0,1111.0,106.0,818.0,,1242.0
569.0,-422.0,,8.0,56.0,895.0,95.0,1221.0,,1272.0
381.0,-470.0,,33.0,51.0,811.0,93.0,1533.0,,1263.0
411.0,-345.0,,60.0,69.0,664.0,87.0,1649.0,,1221.0
414.0,-164.0,,67.0,76.0,587.0,95.0,1921.0,,1141.0
431.0,-104.0,,127.0,118.0,680.0,119.0,1792.0,,1028.0
471.0,-44.0,,178.0,162.0,755.0,110.0,1897.0,,884.0
348.0,145.0,,164.0,148.0,920.0,71.0,1810.0,,724.0
411.0,286.0,,150.0,148.0,966.0,59.0,1746.0,,569.0
426.0,196.0,,79.0,162.0,837.0,77.0,1803.0,,415.0
451.0,162.0,,-31.0,127.0,903.0,71.0,1587.0,,272.0
549.0,338.0,,-138.0,89.0,824.0,82.0,1672.0,,156.0
537.0,397.0,,-222.0,6.0,684.0,91.0,1563.0,,75.0
640.0,239.0,,-313.0,-85.0,583.0,90.0,1692.0,,33.0
695.0,-22.0,,-368.0,-71.0,442.0,105.0,1751.0,,25.0
755.0,-58.0,,-442.0,-70.0,521.0,80.0,1611.0,,35.0
832.0,15.0,,-510.0,-89.0,607.0,56.0,1557.0,,63.0
860.0,-205.0,,-485.0,-80.0,525.0,48.0,1165.0,,115.0
946.0,-407.0,,-515.0,-121.0,400.0,23.0,1169.0,,172.0
752.0,-293.0,,-551.0,-155.0,471.0,9.0,1134.0,,236.0
932.0,-182.0,,-543.0,-166.0,790.0,-3.0,1223.0,,273.0
937.0,-285.0,,-484.0,-208.0,913.0,-26.0,1407.0,,276.0
823.0,-323.0,,-438.0,-214.0,766.0,-45.0,1302.0,,265.0
764.0,-195.0,,-385.0,-196.0,744.0,-52.0,1324.0,,228.0
662.0,-82.0,,-349.0,-206.0,820.0,-33.0,1049.0,,177.0
686.0,-208.0,,-368.0,-149.0,972.0,3.0,1012.0,,111.0
430.0,-305.0,,-334.0,-68.0,1093.0,-10.0,910.0,,52.0
334.0,-162.0,,-325.0,-62.0,1091.0,-59.0,733.0,,11.0
188.0,-107.0,,-276.0,-52.0,1141.0,-79.0,655.0,,-23.0
142.0,-131.0,,-287.0,-64.0,1364.0,-99.0,258.0,,-55.0
50.0,-200.0,,-356.0,-63.0,1684.0,-129.0,315.0,,-89.0
-45.0,-139.0,,-313.0,10.0,1744.0,-146.0,424.0,,-126.0
-130.0,-43.0,,-293.0,57.0,1763.0,-134.0,763.0,,-174.0
-102.0,-172.0,,-368.0,115.0,1965.0,-73.0,1125.0,,-241.0
-189.0,-254.0,,-429.0,204.0,2237.0,-18.0,1154.0,,-340.0
-221.0,-216.0,,-408.0,215.0,2102.0,28.0,1308.0,,-473.0
-122.0,-174.0,,-430.0,192.0,1777.0,31.0,1212.0,,-628.0
-117.0,-267.0,,-517.0,184.0,1903.0,-15.0,1380.0,,-815.0
34.0,-296.0,,-529.0,111.0,2182.0,-46.0,1437.0,,-1021.0
-233.0,-137.0,,-480.0,75.0,2303.0,-75.0,1393.0,,-1216.0
30.0,32.0,,-439.0,110.0,2149.0,-73.0,1313.0,,-1379.0
27.0,191.0,,-356.0,80.0,2267.0,-59.0,997.0,,-1472.0
189.0,262.0,,-230.0,57.0,2520.0,-51.0,1079.0,,-1472.0
98.0,355.0,,-126.0,44.0,2532.0,-45.0,970.0,,-1390.0
9.0,422.0,,-3.0,-24.0,2541.0,-48.0,1147.0,,-1237.0
210.0,393.0,,134.0,-58.0,2522.0,-32.0,1509.0,,-1028.0
-105.0,366.0,,200.0,-106.0,2598.0,-26.0,1727.0,,-796.0
232.0,352.0,,235.0,-159.0,2637.0,-24.0,1991.0,,-563.0
-208.0,359.0,,228.0,-118.0,2806.0,-13.0,1779.0,,-344.0
132.0,282.0,,209.0,-91.0,2977.0,-7.0,1640.0,,-140.0
-90.0,222.0,,146.0,-80.0,2840.0,10.0,1236.0,,39.0
-127.0,125.0,,44.0,-27.0,2701.0,3.0,805.0,,198.0
-77.0,-22.0,,32.0,-43.0,2673.0,-28.0,582.0,,344.0
-320.0,-14.0,,-65.0,-76.0,2495.0,-58.0,354.0,,481.0
255.0,-27.0,,-157.0,-43.0,2053.0,-60.0,554.0,,626.0
-368.0,-97.0,,-183.0,-54.0,1698.0,-20.0,508.0,,766.0
33.0,-154.0,,-272.0,-57.0,1667.0,17.0,593.0,,897.0
-173.0,-174.0,,-248.0,-3.0,1790.0,43.0,561.0,,1017.0
257.0,-75.0,,-131.0,0.0,1756.0,51.0,371.0,,1122.0
92.0,-87.0,,-57.0,46.0,1709.0,72.0,400.0,,1218.0
-61.0,-233.0,,69.0,92.0,1994.0,98.0,162.0,,1297.0
315.0,-252.0,,225.0,67.0,2424.0,108.0,254.0,,1363.0
-72.0,-180.0,,372.0,107.0,2451.0,120.0,112.0,,1419.0
473.0,-66.0,,546.0,139.0,2176.0,125.0,-14.0,,1460.0
-8.0,-34.0,,659.0,140.0,2157.0,158.0,0.0,,1485.0
372.0,-72.0,,723.0,187.0,2372.0,188.0,-125.0,,1507.0
30.0,-5.0,,753.0,193.0,2326.0,184.0,83.0,,1541.0
312.0,-45.0,,787.0,175.0,1914.0,183.0,9.0,,1572.0
271.0,-250.0,,828.0,200.0,1790.0,201.0,171.0,,1593.0
64.0,-418.0,,809.0,190.0,2018.0,242.0,221.0,,1590.0
458.0,-357.0,,795.0,169.0,2115.0,289.0,225.0,,1561.0
85.0,-304.0,,720.0,165.0,2013.0,304.0,286.0,,1513.0
496.0,-497.0,,635.0,89.0,2005.0,289.0,-83.0,,1444.0
51.0,-590.0,,672.0,43.0,2119.0,260.0,-107.0,,1357.0
462.0,-479.0,,709.0,45.0,1986.0,236.0,-408.0,,1257.0
89.0,-318.0,,711.0,-18.0,1678.0,247.0,-513.0,,1163.0
276.0,-319.0,,699.0,-64.0,1451.0,285.0,-515.0,,1080.0
447.0,-315.0,,749.0,-81.0,1227.0,328.0,-726.0,,1000.0
154.0,-63.0,,871.0,-127.0,868.0,391.0,-633.0,,924.0
359.0,79.0,,923.0,-114.0,666.0,452.0,-792.0,,860.0
40.0,36.0,,934.0,-109.0,805.0,453.0,-654.0,,811.0
495.0,52.0,,1016.0,-157.0,909.0,410.0,-639.0,,762.0
154.0,198.0,,1009.0,-147.0,949.0,358.0,-589.0,,711.0
369.0,280.0,,923.0,-178.0,1142.0,338.0,-539.0,,659.0
269.0,151.0,,868.0,-260.0,1411.0,351.0,-838.0,,614.0
336.0,40.0,,692.0,-281.0,1525.0,383.0,-783.0,,568.0
300.0,95.0,,526.0,-290.0,1460.0,433.0,-929.0,,511.0
116.0,116.0,,411.0,-270.0,1460.0,457.0,-763.0,,453.0
370.0,-95.0,,263.0,-199.0,1517.0,467.0,-593.0,,392.0
165.0,-368.0,,170.0,-179.0,1450.0,466.0,-602.0,,309.0
464.0,-493.0,,95.0,-154.0,1240.0,492.0,-458.0,,204.0
133.0,-521.0,,33.0,-78.0,1131.0,533.0,-589.0,,105.0
253.0,-653.0,,6.0,-51.0,1314.0,562.0,-362.0,,7.0
112.0,-783.0,,-11.0,12.0,1411.0,609.0,-286.0,,-93.0
172.0,-673.0,,32.0,102.0,1149.0,616.0,-175.0,,-175.0
197.0,-530.0,,86.0,135.0,925.0,599.0,-12.0,,-226.0
-155.0,-569.0,,148.0,179.0,1117.0,587.0,-59.0,,-254.0
-16.0,-660.0,,283.0,146.0,1349.0,570.0,36.0,,-274.0
-273.0,-575.0,,330.0,59.0,1298.0,571.0,-382.0,,-291.0
10.0,-526.0,,321.0,21.0,1310.0,587.0,-700.0,,-309.0
-315.0,-640.0,,295.0,9.0,1656.0,593.0,-1040.0,,-321.0
-408.0,-678.0,,302.0,23.0,2008.0,587.0,-1322.0,,-323.0
-419.0,-580.0,,328.0,78.0,2095.0,578.0,-1321.0,,-315.0
-455.0,-482.0,,277.0,130.0,2289.0,562.0,-1546.0,,-296.0
-262.0,-513.0,,242.0,160.0,2704.0,570.0,-1330.0,,-254.0
-684.0,-524.0,,156.0,176.0,2918.0,553.0,-1171.0,,-197.0
-456.0,-432.0,,89.0,95.0,2750.0,523.0,-946.0,,-112.0
-501.0,-342.0,,51.0,-22.0,2504.0,520.0,-750.0,,-5.0
-373.0,-296.0,,13.0,-89.0,2304.0,500.0,-964.0,,91.0
-384.0,-186.0,,29.0,-169.0,2074.0,496.0,-1080.0,,198.0
-332.0,-98.0,,-10.0,-229.0,1811.0,482.0,-1539.0,,297.0
-62.0,-81.0,,-65.0,-250.0,1570.0,449.0,-1777.0,,387.0
-130.0,-38.0,,-112.0,-248.0,1432.0,431.0,-1932.0,,468.0
255.0,2.0,,-176.0,-219.0,1373.0,413.0,-1941.0,,522.0
144.0,61.0,,-244.0,-248.0,1479.0,400.0,-1797.0,,557.0
227.0,-14.0,,-315.0,-317.0,1448.0,393.0,-2080.0,,561.0
332.0,-44.0,,-341.0,-302.0,1053.0,390.0,-2039.0,,551.0
497.0,33.0,,-379.0,-247.0,628.0,381.0,-2045.0,,526.0
585.0,32.0,,-374.0,-214.0,473.0,391.0,-1842.0,,509.0
444.0,-7.0,,-313.0,-157.0,566.0,379.0,-1664.0,,547.0
588.0,12.0,,-346.0,-92.0,661.0,345.0,-1668.0,,632.0
405.0,144.0,,-371.0,-14.0,734.0,327.0,-1426.0,,769.0
442.0,133.0,,-337.0,47.0,769.0,305.0,-1609.0,,950.0
329.0,-15.0,,-359.0,40.0,745.0,288.0,-1561.0,,1159.0
330.0,-60.0,,-355.0,22.0,789.0,271.0,-1507.0,,1375.0
340.0,96.0,,-341.0,12.0,895.0,263.0,-1278.0,,1580.0
174.0,137.0,,-369.0,-3.0,838.0,259.0,-962.0,,1753.0
88.0,21.0,,-315.0,2.0,622.0,252.0,-1053.0,,1873.0
-64.0,119.0,,-248.0,31.0,432.0,235.0,-892.0,,1941.0
-15.0,274.0,,-197.0,46.0,336.0,214.0,-1032.0,,1948.0
-95.0,258.0,,-134.0,57.0,393.0,188.0,-1043.0,,1896.0
-63.0,80.0,,-128.0,44.0,439.0,153.0,-1158.0,,1790.0
-225.0,29.0,,-196.0,-10.0,352.0,102.0,-1359.0,,1638.0
-416.0,136.0,,-190.0,-46.0,71.0,37.0,-1173.0,,1456.0
-342.0,61.0,,-137.0,-79.0,-434.0,-31.0,-1152.0,,1262.0
-410.0,-179.0,,-155.0,-143.0,-709.0,-80.0,-873.0,,1055.0
-409.0,-247.0,,-178.0,-169.0,-721.0,-85.0,-977.0,,848.0
-579.0,-43.0,,-181.0,-163.0,-822.0,-88.0,-1149.0,,669.0
-694.0,12.0,,-181.0,-167.0,-865.0,-62.0,-1263.0,,509.0
-579.0,-129.0,,-108.0,-150.0,-791.0,-15.0,-1603.0,,371.0
-648.0,-74.0,,6.0,-147.0,-590.0,1.0,-1557.0,,268.0
-708.0,136.0,,-51.0,-166.0,-303.0,16.0,-1624.0,,179.0
-756.0,202.0,,-49.0,-171.0,-214.0,26.0,-1335.0,,97.0
-659.0,78.0,,95.0,-162.0,-384.0,35.0,-1164.0,,23.0
-591.0,82.0,,140.0,-147.0,-466.0,43.0,-1265.0,,-43.0
-651.0,337.0,,156.0,-130.0,-406.0,33.0,-1319.0,,-93.0
-607.0,448.0,,261.0,-115.0,-358.0,13.0,-1625.0,,-137.0
-534.0,312.0,,280.0,-116.0,-424.0,-7.0,-1627.0,,-163.0
-416.0,210.0,,170.0,-110.0,-638.0,-49.0,-1875.0,,-172.0
-559.0,235.0,,182.0,-107.0,-671.0,-112.0,-1960.0,,-164.0
-571.0,119.0,,115.0,-84.0,-648.0,-157.0,-1978.0,,-132.0
-525.0,-168.0,,-6.0,-49.0,-760.0,-192.0,-2180.0,,-74.0
-504.0,-268.0,,-85.0,-55.0,-798.0,-196.0,-2073.0,,20.0
-490.0,-199.0,,-162.0,-42.0,-613.0,-167.0,-2189.0,,142.0
-662.0,-197.0,,-210.0,16.0,-310.0,-126.0,-1995.0,,280.0
-652.0,-287.0,,-321.0,70.0,-196.0,-65.0,-1690.0,,427.0
-757.0,-228.0,,-404.0,96.0,-516.0,-47.0,-1171.0,,577.0
-734.0,-81.0,,-429.0,81.0,-1010.0,-54.0,-724.0,,718.0
-716.0,-47.0,,-414.0,36.0,-1215.0,-71.0,-901.0,,822.0
-873.0,-70.0,,-512.0,27.0,-1264.0,-100.0,-1077.0,,892.0
-956.0,-97.0,,-532.0,35.0,-1284.0,-95.0,-1640.0,,917.0
-933.0,-89.0,,-377.0,39.0,-1367.0,-82.0,-1914.0,,907.0
-931.0,-122.0,,-350.0,85.0,-1561.0,-65.0,-2002.0,,878.0
-1173.0,-147.0,,-252.0,106.0,-1642.0,-69.0,-2026.0,,831.0
-1194.0,-150.0,,-96.0,95.0,-1563.0,-83.0,-1784.0,,776.0
-1034.0,-139.0,,-20.0,91.0,-1464.0,-60.0,-2004.0,,718.0
-1022.0,-129.0,,3.0,40.0,-1372.0,-18.0,-2017.0,,655.0
-1155.0,-123.0,,-10.0,-19.0,-1216.0,11.0,-2165.0,,576.0
-1205.0,-60.0,,51.0,-38.0,-1121.0,51.0,-2202.0,,505.0
-1110.0,-29.0,,41.0,-61.0,-1043.0,79.0,-1986.0,,437.0
-1036.0,-9.0,,-6.0,-57.0,-1010.0,77.0,-1862.0,,381.0
-980.0,-38.0,,0.0,4.0,-1100.0,59.0,-1448.0,,364.0
-830.0,-100.0,,32.0,76.0,-1153.0,14.0,-1354.0,,350.0
-859.0,-172.0,,25.0,170.0,-1290.0,6.0,-1164.0,,352.0
-864.0,-237.0,,-48.0,240.0,-1682.0,45.0,-1241.0,,367.0
-739.0,-162.0,,-56.0,211.0,-2237.0,102.0,-1513.0,,390.0
-704.0,-11.0,,-54.0,166.0,-2615.0,134.0,-1518.0,,411.0
-578.0,65.0,,-131.0,129.0,-2630.0,110.0,-1539.0,,417.0
-678.0,74.0,,-124.0,75.0,-2571.0,73.0,-1066.0,,432.0
-486.0,189.0,,-93.0,70.0,-2666.0,17.0,-801.0,,426.0
-441.0,315.0,,-140.0,79.0,-2769.0,-51.0,-528.0,,419.0
-505.0,290.0,,-107.0,78.0,-2737.0,-86.0,-349.0,,408.0
-423.0,168.0,,-94.0,100.0,-2798.0,-74.0,-526.0,,380.0
-501.0,163.0,,-72.0,86.0,-3192.0,-68.0,-587.0,,366.0
-236.0,258.0,,-83.0,47.0,-3730.0,-82.0,-934.0,,340.0
-388.0,200.0,,-68.0,22.0,-3954.0,-101.0,-960.0,,327.0
-324.0,159.0,,-11.0,-22.0,-3909.0,-139.0,-931.0,,337.0
-298.0,301.0,,-109.0,-50.0,-3944.0,-187.0,-733.0,,363.0
-176.0,512.0,,-138.0,-19.0,-4013.0,-212.0,-334.0,,416.0
-31.0,522.0,,-181.0,8.0,-4030.0,-185.0,-441.0,,490.0
-279.0,359.0,,-267.0,33.0,-3960.0,-145.0,-519.0,,576.0
59.0,318.0,,-284.0,89.0,-3858.0,-118.0,-829.0,,670.0
43.0,342.0,,-219.0,78.0,-3941.0,-97.0,-940.0,,771.0
252.0,200.0,,-214.0,62.0,-4065.0,-99.0,-953.0,,875.0
167.0,-111.0,,-250.0,91.0,-3929.0,-141.0,-981.0,,976.0
184.0,-272.0,,-169.0,72.0,-3672.0,-201.0,-648.0,,1036.0
385.0,-314.0,,-109.0,90.0,-3619.0,-248.0,-642.0,,1066.0
242.0,-418.0,,-7.0,124.0,-3777.0,-279.0,-615.0,,1078.0
546.0,-508.0,,73.0,114.0,-3715.0,-297.0,-927.0,,1058.0
395.0,-477.0,,131.0,139.0,-3322.0,-327.0,-1239.0,,1017.0
573.0,-276.0,,183.0,138.0,-3042.0,-356.0,-1291.0,,965.0
505.0,-155.0,,176.0,65.0,-3106.0,-400.0,-1358.0,,913.0
565.0,-147.0,,193.0,8.0,-3374.0,-453.0,-984.0,,856.0
544.0,-53.0,,166.0,-81.0,-3484.0,-484.0,-746.0,,787.0
302.0,88.0,,123.0,-205.0,-3247.0,-507.0,-258.0,,709.0
509.0,114.0,,100.0,-249.0,-2958.0,-507.0,42.0,,643.0
342.0,99.0,,44.0,-274.0,-3034.0,-507.0,0.0,,585.0
480.0,182.0,,-69.0,-277.0,-3338.0,-500.0,-16.0,,533.0
218.0,296.0,,-165.0,-211.0,-3482.0,-515.0,-303.0,,502.0
194.0,410.0,,-202.0,-167.0,-3433.0,-574.0,-188.0,,488.0
158.0,447.0,,-205.0,-122.0,-3387.0,-620.0,-147.0,,492.0
130.0,418.0,,-202.0,-49.0,-3430.0,-646.0,-35.0,,513.0
311.0,333.0,,-169.0,-51.0,-3440.0,-647.0,105.0,,552.0
107.0,214.0,,-40.0,-85.0,-3448.0,-671.0,66.0,,603.0
346.0,87.0,,96.0,-96.0,-3358.0,-715.0,151.0,,649.0
199.0,-83.0,,259.0,-149.0,-3191.0,-754.0,-46.0,,682.0
215.0,-253.0,,417.0,-150.0,-3065.0,-767.0,177.0,,707.0
197.0,-386.0,,479.0,-88.0,-2831.0,-747.0,410.0,,716.0
281.0,-481.0,,512.0,-76.0,-2662.0,-736.0,609.0,,688.0
500.0,-511.0,,586.0,-63.0,-2598.0,-729.0,846.0,,627.0
344.0,-463.0,,654.0,-68.0,-2431.0,-752.0,655.0,,535.0
484.0,-383.0,,625.0,-120.0,-2240.0,-784.0,583.0,,412.0
232.0,-116.0,,557.0,-111.0,-2272.0,-793.0,325.0,,273.0
421.0,151.0,,513.0,-77.0,-2550.0,-795.0,448.0,,130.0
573.0,226.0,,480.0,-69.0,-2796.0,-813.0,755.0,,17.0
546.0,355.0,,465.0,2.0,-2967.0,-847.0,896.0,,-74.0
473.0,569.0,,439.0,85.0,-3098.0,-888.0,995.0,,-163.0
244.0,649.0,,408.0,113.0,-3025.0,-920.0,652.0,,-219.0
604.0,446.0,,391.0,127.0,-2986.0,-899.0,533.0,,-250.0
444.0,365.0,,350.0,81.0,-3107.0,-873.0,192.0,,-262.0
475.0,520.0,,349.0,0.0,-3205.0,-866.0,-57.0,,-252.0
283.0,522.0,,415.0,-36.0,-3176.0,-854.0,-83.0,,-214.0
230.0,391.0,,418.0,-76.0,-2962.0,-844.0,-194.0,,-135.0
239.0,332.0,,352.0,-100.0,-2834.0,-846.0,97.0,,-34.0
128.0,400.0,,352.0,-76.0,-2922.0,-866.0,112.0,,72.0
298.0,346.0,,352.0,-59.0,-3059.0,-875.0,221.0,,193.0
-70.0,89.0,,287.0,-40.0,-3196.0,-880.0,179.0,,311.0
92.0,-43.0,,274.0,1.0,-3272.0,-884.0,120.0,,410.0
-223.0,-18.0,,291.0,14.0,-3363.0,-899.0,367.0,,497.0
-35.0,-22.0,,324.0,5.0,-3449.0,-917.0,384.0,,565.0
-45.0,-107.0,,352.0,10.0,-3390.0,-925.0,718.0,,602.0
-94.0,-100.0,,329.0,0.0,-3569.0,-915.0,726.0,,615.0
87.0,92.0,,380.0,21.0,-3673.0,-883.0,694.0,,592.0
-343.0,270.0,,485.0,74.0,-3441.0,-855.0,545.0,,566.0
-7.0,284.0,,529.0,86.0,-3282.0,-826.0,118.0,,542.0
-256.0,295.0,,522.0,90.0,-2992.0,-796.0,147.0,,509.0
39.0,500.0,,484.0,115.0,-2694.0,-781.0,116.0,,486.0
-28.0,605.0,,506.0,132.0,-2595.0,-780.0,528.0,,467.0
-128.0,464.0,,532.0,124.0,-2796.0,-783.0,857.0,,464.0
-134.0,294.0,,563.0,101.0,-3059.0,-787.0,1049.0,,470.0
-274.0,326.0,,603.0,77.0,-3002.0,-782.0,1282.0,,480.0
13.0,424.0,,605.0,48.0,-2951.0,-777.0,1117.0,,492.0
-199.0,276.0,,622.0,36.0,-3109.0,-777.0,1075.0,,474.0
-37.0,153.0,,602.0,45.0,-3343.0,-766.0,763.0,,427.0
-313.0,215.0,,692.0,80.0,-3417.0,-737.0,655.0,,351.0
-58.0,293.0,,736.0,157.0,-3325.0,-724.0,386.0,,255.0
-164.0,216.0,,716.0,213.0,-3234.0,-748.0,83.0,,142.0
-198.0,148.0,,767.0,230.0,-3333.0,-780.0,378.0,,18.0
-234.0,218.0,,817.0,244.0,-3423.0,-815.0,583.0,,-94.0
-392.0,254.0,,923.0,229.0,-3350.0,-858.0,1060.0,,-190.0
-110.0,209.0,,879.0,206.0,-3434.0,-880.0,1282.0,,-280.0
-379.0,139.0,,853.0,210.0,-3459.0,-864.0,1485.0,,-361.0
-225.0,218.0,,886.0,186.0,-3052.0,-841.0,1679.0,,-430.0
-634.0,296.0,,844.0,148.0,-2539.0,-804.0,1592.0,,-486.0
-458.0,281.0,,803.0,125.0,-2374.0,-771.0,1734.0,,-529.0
-458.0,228.0,,758.0,63.0,-2437.0,-744.0,1483.0,,-568.0
-507.0,133.0,,688.0,15.0,-2361.0,-727.0,1441.0,,-572.0
-480.0,86.0,,616.0,7.0,-2112.0,-746.0,1485.0,,-543.0
-696.0,129.0,,580.0,-10.0,-2049.0,-757.0,1594.0,,-493.0
-407.0,194.0,,512.0,20.0,-2083.0,-767.0,1986.0,,-411.0
-526.0,196.0,,495.0,80.0,-1940.0,-757.0,1995.0,,-308.0
-329.0,260.0,,445.0,66.0,-1737.0,-737.0,2015.0,,-201.0
-550.0,348.0,,363.0,48.0,-1688.0,-726.0,1672.0,,-122.0
-250.0,432.0,,367.0,57.0,-1712.0,-735.0,1472.0,,-58.0
-261.0,467.0,,384.0,35.0,-1517.0,-786.0,1415.0,,-10.0
-344.0,417.0,,357.0,30.0,-1394.0,-788.0,1106.0,,-4.0
-220.0,406.0,,264.0,32.0,-1487.0,-717.0,1066.0,,-33.0
-231.0,390.0,,230.0,-4.0,-1451.0,-632.0,827.0,,-94.0
84.0,265.0,,231.0,-11.0,-1181.0,-565.0,940.0,,-185.0
-280.0,89.0,,173.0,-32.0,-797.0,-509.0,1101.0,,-305.0
-64.0,12.0,,79.0,-88.0,-382.0,-483.0,1215.0,,-423.0
-158.0,-102.0,,34.0,-86.0,51.0,-481.0,1350.0,,-523.0
45.0,-229.0,,7.0,-104.0,394.0,-487.0,1049.0,,-613.0
1.0,-372.0,,-55.0,-144.0,473.0,-511.0,1021.0,,-684.0
-190.0,-509.0,,-37.0,-123.0,364.0,-509.0,835.0,,-739.0
-56.0,-420.0,,0.0,-90.0,333.0,-498.0,901.0,,-781.0
-271.0,-348.0,,10.0,-40.0,184.0,-483.0,1055.0,,-825.0
64.0,-318.0,,28.0,39.0,-204.0,-470.0,888.0,,-864.0
-97.0,-223.0,,31.0,80.0,-425.0,-476.0,820.0,,-891.0
54.0,-118.0,,71.0,121.0,-331.0,-450.0,424.0,,-909.0
-109.0,-11.0,,103.0,181.0,-14.0,-406.0,447.0,,-901.0
-19.0,8.0,,44.0,184.0,223.0,-374.0,545.0,,-877.0
58.0,57.0,,-10.0,163.0,431.0,-372.0,665.0,,-807.0
-41.0,165.0,,1.0,139.0,911.0,-408.0,964.0,,-701.0
217.0,309.0,,-31.0,70.0,1392.0,-420.0,1116.0,,-568.0
-146.0,439.0,,-47.0,9.0,1664.0,-372.0,1609.0,,-422.0
251.0,543.0,,-31.0,-28.0,1809.0,-291.0,1672.0,,-259.0
104.0,772.0,,-55.0,-88.0,1980.0,-254.0,1489.0,,-57.0
71.0,894.0,,-53.0,-128.0,1994.0,-226.0,1130.0,,130.0
164.0,858.0,,-1.0,-153.0,1769.0,-166.0,788.0,,318.0
148.0,825.0,,20.0,-180.0,1635.0,-148.0,986.0,,492.0
307.0,792.0,,4.0,-156.0,1535.0,-144.0,1195.0,,631.0
0.0,742.0,,10.0,-118.0,1381.0,-118.0,1725.0,,743.0
237.0,584.0,,-12.0,-104.0,1270.0,-71.0,1958.0,,829.0
84.0,450.0,,-58.0,-86.0,1416.0,-14.0,2063.0,,911.0
158.0,352.0,,-71.0,-77.0,1644.0,34.0,2080.0,,971.0
97.0,228.0,,-118.0,-58.0,1723.0,85.0,1657.0,,1024.0
147.0,135.0,,-221.0,-22.0,2037.0,109.0,1651.0,,1085.0
265.0,52.0,,-238.0,-11.0,2408.0,113.0,1478.0,,1146.0
145.0,-9.0,,-271.0,-17.0,2439.0,123.0,1406.0,,1212.0
303.0,-70.0,,-359.0,-14.0,2480.0,151.0,1317.0,,1265.0
108.0,-142.0,,-458.0,-3.0,2859.0,194.0,1149.0,,1313.0
401.0,-264.0,,-515.0,-6.0,3378.0,211.0,1239.0,,1354.0
430.0,-327.0,,-463.0,-7.0,3644.0,225.0,1010.0,,1372.0
455.0,-278.0,,-387.0,26.0,3482.0,258.0,1084.0,,1366.0
387.0,-239.0,,-321.0,71.0,3205.0,289.0,970.0,,1340.0
307.0,-170.0,,-242.0,119.0,3106.0,327.0,903.0,,1282.0
502.0,-23.0,,-96.0,167.0,2933.0,389.0,960.0,,1195.0
464.0,137.0,,-26.0,187.0,2708.0,448.0,803.0,,1079.0
519.0,292.0,,44.0,218.0,2624.0,484.0,953.0,,925.0
401.0,433.0,,128.0,267.0,2698.0,497.0,654.0,,756.0
369.0,482.0,,151.0,269.0,2688.0,474.0,443.0,,566.0
316.0,460.0,,171.0,230.0,2471.0,468.0,219.0,,371.0
453.0,362.0,,147.0,152.0,2489.0,504.0,121.0,,205.0
278.0,234.0,,155.0,22.0,2539.0,548.0,369.0,,56.0
168.0,129.0,,96.0,-62.0,2573.0,573.0,295.0,,-52.0
225.0,-41.0,,-18.0,-96.0,2648.0,567.0,413.0,,-120.0
165.0,-187.0,,-145.0,-140.0,2664.0,553.0,221.0,,-165.0
98.0,-296.0,,-193.0,-140.0,2861.0,556.0,319.0,,-172.0
4.0,-410.0,,-207.0,-130.0,2931.0,564.0,587.0,,-152.0
222.0,-451.0,,-343.0,-158.0,2792.0,571.0,535.0,,-104.0
25.0,-401.0,,-378.0,-152.0,2521.0,575.0,539.0,,-24.0
25.0,-329.0,,-389.0,-124.0,2240.0,590.0,105.0,,55.0
-17.0,-286.0,,-419.0,-101.0,2130.0,578.0,14.0,,122.0
-43.0,-220.0,,-388.0,-32.0,2097.0,565.0,-42.0,,172.0
13.0,-166.0,,-384.0,17.0,2121.0,584.0,-81.0,,194.0
17.0,-190.0,,-299.0,37.0,2260.0,582.0,-86.0,,171.0
39.0,-237.0,,-194.0,97.0,2265.0,589.0,-400.0,,108.0
-174.0,-221.0,,-147.0,127.0,2199.0,612.0,-317.0,,11.0
-130.0,-225.0,,-98.0,163.0,2374.0,632.0,-436.0,,-104.0
-38.0,-259.0,,-61.0,252.0,2453.0,642.0,-412.0,,-217.0
-25.0,-256.0,,-61.0,277.0,2560.0,645.0,-439.0,,-327.0
-295.0,-221.0,,-44.0,271.0,2847.0,670.0,-650.0,,-409.0
-169.0,-82.0,,65.0,292.0,3248.0,723.0,-561.0,,-457.0
-227.0,52.0,,141.0,288.0,3372.0,760.0,-589.0,,-474.0
-233.0,188.0,,139.0,311.0,3056.0,785.0,-208.0,,-452.0
-247.0,290.0,,113.0,355.0,2801.0,818.0,-88.0,,-393.0
-405.0,376.0,,78.0,337.0,2573.0,830.0,-83.0,,-305.0
-258.0,463.0,,24.0,322.0,2500.0,849.0,-1.0,,-196.0
-365.0,438.0,,8.0,295.0,2547.0,830.0,-190.0,,-67.0
-230.0,404.0,,-15.0,214.0,2849.0,807.0,1.0,,57.0
-501.0,329.0,,-46.0,173.0,3307.0,788.0,-73.0,,164.0
-279.0,212.0,,-10.0,135.0,3324.0,750.0,-16.0,,258.0
-364.0,1.0,,5.0,52.0,3069.0,761.0,0.0,,331.0
-454.0,-141.0,,68.0,9.0,2916.0,774.0,-90.0,,385.0
-250.0,-198.0,,62.0,-44.0,2854.0,771.0,103.0,,408.0
-275.0,-241.0,,113.0,-130.0,2762.0,787.0,-3.0,,422.0
-139.0,-221.0,,185.0,-166.0,2670.0,802.0,155.0,,436.0
-500.0,-229.0,,122.0,-214.0,2528.0,773.0,36.0,,437.0
4.0,-140.0,,169.0,-280.0,2519.0,735.0,-25.0,,430.0
-105.0,-36.0,,233.0,-298.0,2340.0,712.0,-11.0,,407.0
-25.0,91.0,,252.0,-315.0,2074.0,721.0,-258.0,,381.0
-30.0,174.0,,213.0,-306.0,2188.0,746.0,-173.0,,344.0
-127.0,223.0,,156.0,-240.0,2470.0,740.0,-474.0,,299.0
238.0,290.0,,139.0,-196.0,2846.0,746.0,-535.0,,249.0
41.0,278.0,,103.0,-134.0,3101.0,733.0,-670.0,,191.0
364.0,262.0,,-5.0,-41.0,3341.0,705.0,-873.0,,142.0
60.0,266.0,,-85.0,-5.0,3529.0,699.0,-831.0,,101.0
325.0,296.0,,-71.0,12.0,3475.0,722.0,-1008.0,,67.0
255.0,251.0,,-158.0,50.0,3339.0,772.0,-777.0,,67.0
312.0,203.0,,-275.0,74.0,3328.0,814.0,-875.0,,89.0
369.0,129.0,,-306.0,129.0,3434.0,831.0,-951.0,,123.0
209.0,129.0,,-337.0,211.0,3400.0,815.0,-982.0,,174.0
566.0,137.0,,-342.0,265.0,3334.0,790.0,-1029.0,,224.0
213.0,70.0,,-257.0,315.0,3457.0,794.0,-709.0,,272.0
636.0,35.0,,-173.0,335.0,3619.0,810.0,-805.0,,307.0
286.0,-40.0,,-159.0,287.0,3506.0,819.0,-720.0,,331.0
476.0,-38.0,,-128.0,219.0,3487.0,828.0,-833.0,,340.0
647.0,-75.0,,-86.0,160.0,3767.0,849.0,-820.0,,288.0
485.0,-146.0,,-118.0,91.0,3929.0,895.0,-530.0,,181.0
626.0,-262.0,,-132.0,41.0,3803.0,917.0,-578.0,,33.0
378.0,-371.0,,-159.0,-3.0,3524.0,925.0,-367.0,,-165.0
932.0,-519.0,,-235.0,-72.0,3499.0,931.0,-495.0,,-400.0
681.0,-782.0,,-269.0,-128.0,3576.0,910.0,-500.0,,-623.0
828.0,-889.0,,-273.0,-172.0,3333.0,882.0,-517.0,,-819.0
705.0,-899.0,,-304.0,-204.0,3012.0,862.0,-661.0,,-963.0
782.0,-862.0,,-340.0,-194.0,2875.0,869.0,-436.0,,-1046.0
1073.0,-861.0,,-324.0,-175.0,2840.0,888.0,-415.0,,-1082.0
836.0,-764.0,,-356.0,-170.0,2764.0,891.0,-11.0,,-1052.0
943.0,-614.0,,-377.0,-139.0,2666.0,905.0,179.0,,-972.0
722.0,-577.0,,-349.0,-77.0,2570.0,919.0,301.0,,-857.0
1009.0,-550.0,,-304.0,-25.0,2306.0,945.0,417.0,,-710.0
913.0,-519.0,,-294.0,35.0,2094.0,984.0,136.0,,-527.0
930.0,-436.0,,-362.0,85.0,2084.0,995.0,129.0,,-310.0
749.0,-432.0,,-368.0,90.0,1989.0,1001.0,-138.0,,-76.0
609.0,-373.0,,-385.0,105.0,1980.0,984.0,-88.0,,183.0
833.0,-260.0,,-373.0,113.0,2193.0,963.0,-194.0,,445.0
657.0,-163.0,,-377.0,93.0,2330.0,972.0,-508.0,,679.0
574.0,-92.0,,-473.0,102.0,2221.0,1008.0,-572.0,,886.0
466.0,-96.0,,-494.0,94.0,1954.0,1064.0,-801.0,,1054.0
708.0,-12.0,,-570.0,52.0,1852.0,1089.0,-521.0,,1152.0
588.0,2.0,,-608.0,68.0,1960.0,1078.0,-436.0,,1201.0
459.0,-9.0,,-596.0,95.0,2080.0,1031.0,-256.0,,1206.0
371.0,-71.0,,-678.0,81.0,2147.0,975.0,-72.0,,1169.0
428.0,-96.0,,-740.0,80.0,2103.0,942.0,-210.0,,1097.0
517.0,-35.0,,-779.0,65.0,1944.0,925.0,-166.0,,999.0
141.0,-51.0,,-820.0,19.0,1761.0,920.0,-485.0,,914.0
127.0,-38.0,,-866.0,0.0,1542.0,890.0,-594.0,,839.0
196.0,-34.0,,-891.0,-14.0,1191.0,874.0,-862.0,,803.0
231.0,8.0,,-951.0,-33.0,920.0,874.0,-1099.0,,797.0
38.0,-51.0,,-994.0,-24.0,902.0,863.0,-1053.0,,810.0
-114.0,-152.0,,-1002.0,-74.0,977.0,859.0,-1206.0,,859.0
33.0,-281.0,,-1003.0,-150.0,922.0,822.0,-951.0,,903.0
-62.0,-444.0,,-989.0,-171.0,832.0,807.0,-831.0,,945.0
-171.0,-524.0,,-975.0,-215.0,986.0,785.0,-591.0,,981.0
-246.0,-654.0,,-902.0,-231.0,1320.0,715.0,-417.0,,1023.0
-257.0,-673.0,,-852.0,-189.0,1513.0,673.0,-439.0,,1080.0
-286.0,-665.0,,-768.0,-164.0,1441.0,643.0,-325.0,,1119.0
-353.0,-661.0,,-702.0,-119.0,1407.0,606.0,-473.0,,1163.0
-230.0,-556.0,,-690.0,-51.0,1454.0,576.0,-234.0,,1200.0
-338.0,-372.0,,-604.0,-20.0,1546.0,567.0,-208.0,,1219.0
-453.0,-255.0,,-581.0,24.0,1582.0,563.0,-247.0,,1242.0
-503.0,-151.0,,-580.0,69.0,1418.0,551.0,-212.0,,1252.0
-561.0,81.0,,-556.0,67.0,1256.0,543.0,-367.0,,1245.0
-503.0,248.0,,-550.0,121.0,1262.0,559.0,-199.0,,1206.0
-502.0,340.0,,-520.0,208.0,1335.0,572.0,-432.0,,1134.0
-657.0,344.0,,-456.0,234.0,1053.0,532.0,-589.0,,1035.0
-781.0,352.0,,-372.0,242.0,588.0,473.0,-715.0,,895.0
-667.0,364.0,,-329.0,212.0,403.0,409.0,-790.0,,722.0
-642.0,250.0,,-242.0,132.0,500.0,358.0,-604.0,,535.0
-748.0,105.0,,-133.0,100.0,425.0,342.0,-731.0,,325.0
-784.0,58.0,,-15.0,77.0,136.0,342.0,-565.0,,100.0
-673.0,119.0,,98.0,49.0,205.0,337.0,-408.0,,-134.0
-677.0,138.0,,129.0,74.0,454.0,309.0,-22.0,,-359.0
-664.0,144.0,,126.0,54.0,456.0,282.0,325.0,,-545.0
-744.0,273.0,,125.0,27.0,402.0,257.0,321.0,,-695.0
-620.0,427.0,,121.0,52.0,689.0,253.0,607.0,,-797.0
-467.0,467.0,,45.0,21.0,1156.0,268.0,700.0,,-865.0
-509.0,478.0,,-69.0,-24.0,1439.0,265.0,1040.0,,-887.0
-616.0,427.0,,-135.0,-25.0,1406.0,253.0,1213.0,,-870.0
-620.0,380.0,,-201.0,-49.0,1332.0,233.0,1219.0,,-838.0
-250.0,295.0,,-330.0,-66.0,1333.0,227.0,1269.0,,-774.0
-349.0,71.0,,-398.0,-58.0,1173.0,222.0,916.0,,-704.0
-321.0,-82.0,,-455.0,-81.0,1022.0,206.0,907.0,,-625.0
-435.0,-220.0,,-530.0,-90.0,911.0,183.0,735.0,,-542.0
-332.0,-382.0,,-554.0,-80.0,883.0,149.0,696.0,,-450.0
-167.0,-540.0,,-609.0,-77.0,763.0,120.0,685.0,,-336.0
-185.0,-600.0,,-598.0,-39.0,423.0,77.0,447.0,,-221.0
-185.0,-564.0,,-610.0,7.0,162.0,17.0,498.0,,-67.0
-338.0,-537.0,,-593.0,21.0,-42.0,-38.0,269.0,,103.0
-85.0,-471.0,,-512.0,36.0,-287.0,-72.0,308.0,,282.0
-333.0,-384.0,,-519.0,53.0,-501.0,-90.0,273.0,,480.0
-130.0,-245.0,,-482.0,58.0,-666.0,-138.0,288.0,,675.0
-196.0,-222.0,,-397.0,90.0,-945.0,-185.0,382.0,,863.0
-164.0,-185.0,,-346.0,121.0,-1262.0,-196.0,107.0,,1016.0
-39.0,-77.0,,-311.0,121.0,-1348.0,-197.0,83.0,,1128.0
-218.0,-76.0,,-178.0,125.0,-1111.0,-225.0,-164.0,,1211.0
-102.0,-107.0,,-116.0,107.0,-909.0,-293.0,-92.0,,1256.0
-281.0,-142.0,,-75.0,70.0,-892.0,-378.0,24.0,,1261.0
94.0,-106.0,,41.0,79.0,-834.0,-484.0,86.0,,1238.0
21.0,-140.0,,33.0,121.0,-857.0,-545.0,334.0,,1197.0
11.0,-146.0,,55.0,120.0,-1003.0,-572.0,138.0,,1139.0
-177.0,-157.0,,96.0,78.0,-1310.0,-615.0,96.0,,1066.0
-196.0,-227.0,,53.0,-5.0,-1471.0,-628.0,-230.0,,992.0
143.0,-242.0,,-18.0,-120.0,-1371.0,-673.0,-351.0,,927.0
-16.0,-327.0,,-95.0,-206.0,-1480.0,-729.0,-166.0,,872.0
-143.0,-361.0,,-165.0,-291.0,-1734.0,-769.0,-16.0,,832.0
-209.0,-411.0,,-252.0,-377.0,-1913.0,-834.0,421.0,,811.0
-67.0,-399.0,,-335.0,-403.0,-2072.0,-872.0,402.0,,812.0
-209.0,-357.0,,-374.0,-394.0,-2184.0,-925.0,484.0,,826.0
-189.0,-353.0,,-400.0,-372.0,-2199.0,-975.0,471.0,,853.0
-285.0,-262.0,,-390.0,-299.0,-2239.0,-1019.0,450.0,,905.0
-152.0,-183.0,,-387.0,-237.0,-2284.0,-1078.0,558.0,,963.0
-118.0,-143.0,,-380.0,-215.0,-2218.0,-1103.0,397.0,,1010.0
-192.0,-169.0,,-282.0,-151.0,-2098.0,-1112.0,583.0,,1053.0
-234.0,-119.0,,-154.0,-89.0,-1987.0,-1119.0,591.0,,1083.0
-224.0,-131.0,,-64.0,-45.0,-1906.0,-1153.0,796.0,,1090.0
50.0,-160.0,,-12.0,23.0,-1784.0,-1187.0,953.0,,1076.0
-27.0,-121.0,,124.0,40.0,-1496.0,-1203.0,855.0,,1047.0
0.0,-138.0,,204.0,33.0,-1280.0,-1244.0,848.0,,1002.0
-168.0,-96.0,,196.0,45.0,-1300.0,-1271.0,482.0,,928.0
93.0,-155.0,,236.0,13.0,-1352.0,-1266.0,456.0,,832.0
160.0,-138.0,,263.0,-8.0,-1467.0,-1265.0,299.0,,705.0
44.0,-31.0,,269.0,1.0,-1720.0,-1285.0,210.0,,564.0
-30.0,17.0,,203.0,-33.0,-2127.0,-1330.0,243.0,,417.0
48.0,129.0,,154.0,-64.0,-2564.0,-1366.0,110.0,,281.0
274.0,269.0,,117.0,-63.0,-2756.0,-1385.0,291.0,,182.0
133.0,391.0,,0.0,-100.0,-2802.0,-1389.0,62.0,,102.0
99.0,370.0,,-74.0,-107.0,-2964.0,-1355.0,79.0,,78.0
-21.0,336.0,,-83.0,-88.0,-3045.0,-1332.0,53.0,,96.0
439.0,358.0,,-101.0,-91.0,-3010.0,-1301.0,-92.0,,149.0
213.0,333.0,,-100.0,-41.0,-3006.0,-1251.0,-123.0,,253.0
22.0,205.0,,-72.0,-1.0,-3096.0,-1230.0,-545.0,,354.0
48.0,108.0,,-42.0,-24.0,-3260.0,-1217.0,-569.0,,451.0
101.0,117.0,,-25.0,-23.0,-3170.0,-1213.0,-753.0,,553.0
263.0,85.0,,50.0,-35.0,-3014.0,-1221.0,-788.0,,630.0
-115.0,59.0,,162.0,-50.0,-2968.0,-1212.0,-729.0,,674.0
64.0,84.0,,244.0,-4.0,-2898.0,-1183.0,-726.0,,699.0
-113.0,224.0,,355.0,10.0,-2754.0,-1125.0,-301.0,,694.0
85.0,327.0,,515.0,-25.0,-2641.0,-1070.0,-258.0,,676.0
-42.0,320.0,,644.0,-36.0,-2547.0,-1039.0,-57.0,,645.0
-44.0,293.0,,695.0,-79.0,-2420.0,-1011.0,-42.0,,602.0
180.0,313.0,,751.0,-135.0,-2558.0,-1009.0,-7.0,,567.0
-60.0,344.0,,787.0,-139.0,-2836.0,-994.0,199.0,,539.0
117.0,271.0,,815.0,-165.0,-3008.0,-971.0,-22.0,,529.0
-60.0,286.0,,818.0,-186.0,-2923.0,-991.0,-31.0,,536.0
238.0,350.0,,755.0,-161.0,-2801.0,-1014.0,-352.0,,558.0
47.0,405.0,,687.0,-162.0,-2844.0,-1000.0,-465.0,,584.0
100.0,394.0,,600.0,-132.0,-2737.0,-944.0,-439.0,,616.0
167.0,337.0,,525.0,-43.0,-2606.0,-888.0,-504.0,,644.0
-11.0,303.0,,461.0,1.0,-2685.0,-875.0,-304.0,,671.0
174.0,249.0,,355.0,36.0,-2818.0,-876.0,-456.0,,691.0
-74.0,204.0,,301.0,66.0,-2662.0,-869.0,-426.0,,688.0
250.0,116.0,,312.0,28.0,-2290.0,-867.0,-583.0,,666.0
130.0,39.0,,290.0,5.0,-2155.0,-846.0,-646.0,,622.0
86.0,-47.0,,264.0,2.0,-2303.0,-826.0,-578.0,,556.0
52.0,-112.0,,257.0,-18.0,-2428.0,-804.0,-698.0,,452.0
42.0,-173.0,,275.0,5.0,-2403.0,-785.0,-437.0,,318.0
254.0,-159.0,,336.0,25.0,-2363.0,-813.0,-408.0,,158.0
211.0,-78.0,,435.0,-4.0,-2358.0,-847.0,-84.0,,-10.0
216.0,-43.0,,526.0,-3.0,-2288.0,-850.0,190.0,,-175.0
127.0,85.0,,591.0,15.0,-2222.0,-838.0,334.0,,-334.0
268.0,196.0,,614.0,44.0,-2229.0,-847.0,617.0,,-474.0
154.0,226.0,,609.0,117.0,-2178.0,-839.0,517.0,,-590.0
263.0,186.0,,626.0,161.0,-2021.0,-823.0,667.0,,-678.0
218.0,157.0,,629.0,169.0,-1784.0,-791.0,569.0,,-734.0
204.0,134.0,,633.0,190.0,-1456.0,-730.0,495.0,,-750.0
159.0,27.0,,623.0,194.0,-1094.0,-707.0,345.0,,-722.0
148.0,-25.0,,545.0,181.0,-944.0,-703.0,-36.0,,-663.0
124.0,-27.0,,456.0,172.0,-1032.0,-723.0,-118.0,,-580.0
190.0,65.0,,408.0,134.0,-1170.0,-763.0,-408.0,,-487.0
455.0,138.0,,346.0,93.0,-1282.0,-779.0,-264.0,,-396.0
85.0,160.0,,290.0,97.0,-1279.0,-752.0,-144.0,,-293.0
228.0,198.0,,245.0,87.0,-1427.0,-689.0,-3.0,,-194.0
214.0,164.0,,183.0,67.0,-1759.0,-635.0,254.0,,-104.0
516.0,131.0,,86.0,54.0,-1866.0,-624.0,64.0,,-20.0
393.0,69.0,,50.0,16.0,-1715.0,-638.0,120.0,,59.0
229.0,46.0,,45.0,-22.0,-1556.0,-634.0,-123.0,,134.0
386.0,12.0,,10.0,-45.0,-1736.0,-607.0,-352.0,,185.0
290.0,-10.0,,64.0,-66.0,-1855.0,-584.0,-642.0,,233.0
489.0,54.0,,62.0,-60.0,-1429.0,-563.0,-973.0,,249.0
93.0,50.0,,53.0,-11.0,-1066.0,-534.0,-951.0,,243.0
365.0,78.0,,101.0,13.0,-941.0,-523.0,-1171.0,,221.0
156.0,121.0,,119.0,38.0,-666.0,-518.0,-1045.0,,183.0
124.0,151.0,,79.0,69.0,-217.0,-498.0,-1132.0,,155.0
-71.0,223.0,,69.0,74.0,43.0,-464.0,-1140.0,,137.0
-211.0,310.0,,96.0,89.0,-213.0,-431.0,-984.0,,134.0
-17.0,347.0,,16.0,110.0,-406.0,-404.0,-1012.0,,131.0
-392.0,344.0,,-47.0,126.0,-281.0,-358.0,-615.0,,152.0
-232.0,385.0,,-92.0,161.0,-381.0,-283.0,-517.0,,168.0
-606.0,380.0,,-180.0,179.0,-704.0,-196.0,-284.0,,172.0
-415.0,246.0,,-321.0,130.0,-1106.0,-116.0,-192.0,,185.0
-655.0,110.0,,-415.0,81.0,-1396.0,-44.0,-249.0,,198.0
-665.0,135.0,,-429.0,27.0,-1437.0,12.0,-107.0,,218.0
-715.0,129.0,,-471.0,-35.0,-1521.0,53.0,-264.0,,242.0
-889.0,-1.0,,-517.0,-44.0,-1494.0,88.0,-127.0,,278.0
-685.0,-131.0,,-505.0,-57.0,-1323.0,114.0,-229.0,,297.0
-970.0,-193.0,,-463.0,-60.0,-1237.0,140.0,-179.0,,306.0
-669.0,-186.0,,-452.0,3.0,-1084.0,179.0,-49.0,,317.0
-942.0,-185.0,,-408.0,34.0,-974.0,238.0,-223.0,,316.0
-809.0,-154.0,,-360.0,36.0,-1005.0,324.0,-129.0,,304.0
-860.0,-27.0,,-330.0,62.0,-1070.0,411.0,-319.0,,266.0
-752.0,133.0,,-332.0,44.0,-1022.0,476.0,-175.0,,214.0
-739.0,132.0,,-314.0,37.0,-801.0,551.0,-51.0,,146.0
-866.0,95.0,,-222.0,64.0,-661.0,649.0,-25.0,,58.0
-638.0,146.0,,-162.0,64.0,-864.0,706.0,101.0,,-37.0
-806.0,122.0,,-134.0,65.0,-1166.0,724.0,-168.0,,-138.0
-463.0,22.0,,-114.0,55.0,-1047.0,752.0,-99.0,,-243.0
-761.0,-51.0,,-79.0,16.0,-799.0,782.0,-160.0,,-329.0
-694.0,-3.0,,-47.0,-18.0,-901.0,848.0,11.0,,-405.0
-636.0,83.0,,-32.0,-79.0,-996.0,930.0,162.0,,-471.0
-610.0,58.0,,-14.0,-169.0,-661.0,1012.0,-22.0,,-523.0
-499.0,2.0,,28.0,-182.0,-149.0,1078.0,-38.0,,-573.0
-692.0,14.0,,36.0,-143.0,53.0,1102.0,-380.0,,-583.0
-429.0,-14.0,,25.0,-115.0,-19.0,1156.0,-432.0,,-552.0
-520.0,-97.0,,123.0,-38.0,-28.0,1205.0,-737.0,,-483.0
-404.0,-103.0,,180.0,10.0,112.0,1231.0,-1038.0,,-382.0
-520.0,-72.0,,176.0,21.0,73.0,1255.0,-1143.0,,-256.0
-570.0,-2.0,,224.0,68.0,-238.0,1241.0,-1468.0,,-84.0
-344.0,112.0,,210.0,77.0,-388.0,1215.0,-1306.0,,99.0
-480.0,174.0,,200.0,63.0,-405.0,1198.0,-1343.0,,264.0
-504.0,188.0,,280.0,63.0,-430.0,1192.0,-1193.0,,426.0
-631.0,237.0,,329.0,8.0,-283.0,1209.0,-1001.0,,570.0
-490.0,300.0,,321.0,-41.0,-37.0,1240.0,-901.0,,686.0
-377.0,231.0,,380.0,-54.0,289.0,1248.0,-589.0,,776.0
-547.0,112.0,,447.0,-98.0,682.0,1254.0,-628.0,,821.0
-636.0,62.0,,429.0,-108.0,911.0,1268.0,-437.0,,835.0
-707.0,-37.0,,401.0,-106.0,882.0,1257.0,-489.0,,797.0
-500.0,-195.0,,389.0,-152.0,713.0,1255.0,-554.0,,733.0
-560.0,-314.0,,409.0,-147.0,636.0,1234.0,-539.0,,650.0
-480.0,-320.0,,377.0,-123.0,752.0,1192.0,-702.0,,526.0
-419.0,-242.0,,339.0,-117.0,638.0,1145.0,-600.0,,406.0
-524.0,-172.0,,290.0,-55.0,283.0,1090.0,-796.0,,282.0
-318.0,-111.0,,233.0,-18.0,-17.0,1070.0,-740.0,,155.0
-272.0,-48.0,,217.0,-21.0,-201.0,1047.0,-851.0,,44.0
-181.0,18.0,,177.0,21.0,-275.0,1020.0,-1156.0,,-62.0
-232.0,3.0,,125.0,34.0,-438.0,1020.0,-1265.0,,-172.0
-48.0,-143.0,,65.0,43.0,-542.0,1015.0,-1533.0,,-268.0
18.0,-246.0,,51.0,87.0,-534.0,1011.0,-1422.0,,-350.0
-25.0,-271.0,,3.0,66.0,-371.0,998.0,-1513.0,,-407.0
-34.0,-315.0,,-41.0,31.0,-404.0,968.0,-1494.0,,-435.0
44.0,-320.0,,-63.0,27.0,-636.0,939.0,-1369.0,,-428.0
237.0,-309.0,,-51.0,3.0,-753.0,908.0,-1273.0,,-370.0
76.0,-330.0,,-23.0,34.0,-845.0,877.0,-851.0,,-286.0
93.0,-453.0,,-101.0,102.0,-624.0,878.0,-776.0,,-147.0
24.0,-667.0,,-101.0,95.0,-463.0,887.0,-471.0,,36.0
150.0,-716.0,,-71.0,76.0,-372.0,901.0,-184.0,,231.0
115.0,-674.0,,-79.0,45.0,-132.0,894.0,31.0,,433.0
99.0,-651.0,,-48.0,-17.0,92.0,824.0,225.0,,628.0
0.0,-580.0,,-24.0,-8.0,319.0,731.0,68.0,,803.0
-32.0,-517.0,,-72.0,8.0,517.0,662.0,112.0,,939.0
202.0,-420.0,,-127.0,2.0,713.0,646.0,-136.0,,1019.0
27.0,-315.0,,-76.0,54.0,981.0,665.0,-223.0,,1047.0
64.0,-266.0,,-34.0,72.0,1309.0,671.0,-308.0,,1036.0
-50.0,-231.0,,10.0,40.0,1388.0,632.0,-456.0,,980.0
134.0,-193.0,,49.0,50.0,1310.0,567.0,-203.0,,876.0
35.0,-147.0,,17.0,41.0,1112.0,504.0,-203.0,,735.0
-63.0,-64.0,,0.0,28.0,1096.0,457.0,3.0,,553.0
-31.0,-19.0,,13.0,45.0,1132.0,447.0,-36.0,,345.0
-229.0,16.0,,58.0,4.0,770.0,439.0,-94.0,,123.0
-28.0,79.0,,56.0,-15.0,503.0,398.0,-70.0,,-94.0
-263.0,99.0,,23.0,3.0,368.0,333.0,-358.0,,-310.0
-189.0,104.0,,18.0,-30.0,304.0,284.0,-269.0,,-517.0
-217.0,92.0,,-87.0,-6.0,90.0,260.0,-434.0,,-690.0
-173.0,120.0,,-210.0,53.0,-118.0,236.0,-402.0,,-810.0
-84.0,161.0,,-268.0,64.0,86.0,202.0,-332.0,,-895.0
-395.0,122.0,,-373.0,115.0,275.0,161.0,-362.0,,-953.0
-119.0,48.0,,-443.0,163.0,244.0,115.0,-175.0,,-947.0
-76.0,-7.0,,-512.0,182.0,287.0,79.0,-434.0,,-905.0
-60.0,-43.0,,-572.0,249.0,492.0,73.0,-508.0,,-836.0
-119.0,-34.0,,-528.0,283.0,762.0,70.0,-764.0,,-747.0
-143.0,-52.0,,-479.0,270.0,874.0,85.0,-890.0,,-660.0
115.0,-102.0,,-437.0,272.0,669.0,117.0,-873.0,,-564.0
11.0,-49.0,,-401.0,205.0,599.0,144.0,-992.0,,-466.0
97.0,8.0,,-355.0,116.0,509.0,163.0,-655.0,,-364.0
-38.0,8.0,,-341.0,74.0,404.0,161.0,-585.0,,-273.0
15.0,11.0,,-328.0,-12.0,445.0,165.0,-256.0,,-178.0
136.0,77.0,,-269.0,-86.0,352.0,166.0,-127.0,,-94.0
-2.0,118.0,,-241.0,-112.0,350.0,146.0,-118.0,,-15.0
23.0,69.0,,-190.0,-164.0,384.0,107.0,177.0,,73.0
-235.0,92.0,,-156.0,-168.0,418.0,54.0,171.0,,150.0
-76.0,189.0,,-165.0,-149.0,344.0,8.0,482.0,,235.0
-163.0,332.0,,-187.0,-168.0,118.0,-35.0,369.0,,294.0
-264.0,431.0,,-211.0,-136.0,-166.0,-69.0,247.0,,348.0
-381.0,420.0,,-258.0,-92.0,-390.0,-97.0,118.0,,393.0
-539.0,409.0,,-314.0,-83.0,-444.0,-135.0,-64.0,,395.0
-380.0,443.0,,-352.0,-10.0,-422.0,-165.0,153.0,,398.0
-594.0,398.0,,-401.0,76.0,-394.0,-181.0,88.0,,408.0
-520.0,267.0,,-480.0,129.0,-339.0,-185.0,389.0,,441.0
-769.0,249.0,,-617.0,179.0,-229.0,-201.0,434.0,,499.0
-521.0,236.0,,-686.0,143.0,-329.0,-255.0,461.0,,578.0
-471.0,153.0,,-742.0,58.0,-374.0,-309.0,654.0,,674.0
-774.0,7.0,,-793.0,22.0,-210.0,-346.0,578.0,,772.0
-700.0,-83.0,,-772.0,-10.0,-70.0,-375.0,752.0,,860.0
-777.0,-35.0,,-781.0,-4.0,-226.0,-398.0,598.0,,946.0
-419.0,-99.0,,-788.0,42.0,-648.0,-433.0,676.0,,1017.0
-691.0,-159.0,,-771.0,29.0,-815.0,-496.0,740.0,,1055.0
-624.0,-114.0,,-695.0,14.0,-699.0,-538.0,737.0,,1085.0
-685.0,-32.0,,-615.0,1.0,-731.0,-548.0,907.0,,1095.0
-597.0,34.0,,-576.0,-61.0,-939.0,-565.0,724.0,,1088.0
-225.0,95.0,,-574.0,-81.0,-890.0,-572.0,637.0,,1062.0
-559.0,173.0,,-516.0,-67.0,-744.0,-580.0,184.0,,1013.0
-395.0,199.0,,-407.0,-96.0,-547.0,-592.0,-123.0,,941.0
-371.0,182.0,,-370.0,-97.0,-404.0,-596.0,-230.0,,849.0
-85.0,95.0,,-345.0,-79.0,-373.0,-609.0,-375.0,,765.0
-130.0,102.0,,-341.0,-79.0,-310.0,-639.0,-107.0,,680.0
-291.0,195.0,,-300.0,-59.0,-318.0,-664.0,-88.0,,588.0
-55.0,265.0,,-256.0,-74.0,-204.0,-691.0,149.0,,486.0
33.0,243.0,,-166.0,-107.0,-118.0,-719.0,373.0,,362.0
226.0,178.0,,-83.0,-83.0,-81.0,-729.0,476.0,,227.0
54.0,192.0,,-34.0,-64.0,77.0,-766.0,611.0,,100.0
151.0,117.0,,61.0,-42.0,320.0,-794.0,358.0,,-20.0
371.0,24.0,,73.0,26.0,336.0,-821.0,375.0,,-115.0
377.0,19.0,,113.0,63.0,263.0,-865.0,312.0,,-167.0
283.0,41.0,,134.0,95.0,323.0,-902.0,389.0,,-179.0
230.0,5.0,,162.0,156.0,533.0,-947.0,476.0,,-134.0
458.0,-78.0,,191.0,148.0,721.0,-963.0,341.0,,-42.0
546.0,-116.0,,140.0,105.0,558.0,-952.0,362.0,,104.0
464.0,-108.0,,132.0,84.0,517.0,-932.0,25.0,,314.0
289.0,-167.0,,115.0,50.0,565.0,-934.0,-42.0,,567.0
296.0,-264.0,,61.0,42.0,724.0,-954.0,-84.0,,845.0
455.0,-289.0,,14.0,49.0,775.0,-968.0,-57.0,,1116.0
389.0,-306.0,,22.0,31.0,733.0,-982.0,129.0,,1357.0
389.0,-275.0,,-28.0,52.0,1006.0,-984.0,-22.0,,1575.0
254.0,-279.0,,-135.0,68.0,1195.0,-978.0,51.0,,1738.0
195.0,-300.0,,-152.0,31.0,1304.0,-968.0,-107.0,,1817.0
334.0,-299.0,,-173.0,1.0,1203.0,-976.0,-35.0,,1818.0
268.0,-307.0,,-213.0,-30.0,1327.0,-980.0,160.0,,1751.0
230.0,-223.0,,-251.0,-63.0,1677.0,-996.0,203.0,,1620.0
143.0,-151.0,,-302.0,-79.0,1865.0,-1026.0,467.0,,1438.0
293.0,-71.0,,-317.0,-115.0,2001.0,-1014.0,327.0,,1234.0
398.0,9.0,,-328.0,-164.0,2037.0,-1000.0,408.0,,1022.0
315.0,70.0,,-349.0,-180.0,2284.0,-955.0,410.0,,817.0
196.0,119.0,,-425.0,-217.0,2481.0,-880.0,484.0,,623.0
196.0,108.0,,-458.0,-273.0,2498.0,-866.0,825.0,,442.0
384.0,26.0,,-418.0,-274.0,2535.0,-912.0,848.0,,292.0
402.0,-61.0,,-482.0,-271.0,2405.0,-966.0,1056.0,,186.0
341.0,-74.0,,-519.0,-246.0,2216.0,-963.0,942.0,,122.0
286.0,-114.0,,-439.0,-178.0,2249.0,-928.0,905.0,,82.0
456.0,-115.0,,-394.0,-149.0,2184.0,-914.0,814.0,,75.0
372.0,-144.0,,-394.0,-138.0,1959.0,-907.0,624.0,,89.0
246.0,-138.0,,-387.0,-132.0,1928.0,-910.0,763.0,,99.0
199.0,-112.0,,-366.0,-139.0,2181.0,-897.0,622.0,,115.0
330.0,-181.0,,-341.0,-90.0,2548.0,-876.0,781.0,,150.0
419.0,-104.0,,-370.0,-5.0,2472.0,-832.0,772.0,,196.0
130.0,9.0,,-356.0,50.0,2247.0,-772.0,798.0,,236.0
33.0,113.0,,-301.0,90.0,2276.0,-760.0,901.0,,282.0
-24.0,137.0,,-290.0,90.0,2251.0,-740.0,676.0,,344.0
151.0,203.0,,-321.0,44.0,1991.0,-733.0,685.0,,408.0
101.0,345.0,,-372.0,3.0,1569.0,-721.0,369.0,,455.0
-146.0,367.0,,-389.0,-62.0,1264.0,-661.0,315.0,,496.0
-250.0,368.0,,-397.0,-135.0,1170.0,-612.0,245.0,,538.0
-32.0,382.0,,-412.0,-142.0,1008.0,-567.0,83.0,,576.0
6.0,476.0,,-427.0,-138.0,799.0,-537.0,142.0,,611.0
-273.0,448.0,,-432.0,-141.0,949.0,-523.0,-110.0,,628.0
-266.0,339.0,,-457.0,-107.0,1264.0,-504.0,-12.0,,628.0
-102.0,266.0,,-441.0,-95.0,1389.0,-464.0,-83.0,,605.0
72.0,208.0,,-429.0,-100.0,1349.0,-408.0,9.0,,550.0
-161.0,156.0,,-415.0,-72.0,1380.0,-335.0,201.0,,463.0
-258.0,-5.0,,-384.0,-55.0,1534.0,-249.0,162.0,,353.0
-138.0,-78.0,,-337.0,-37.0,1674.0,-171.0,360.0,,229.0
-14.0,-84.0,,-254.0,8.0,1535.0,-113.0,171.0,,103.0
-97.0,-168.0,,-268.0,33.0,1083.0,-94.0,221.0,,-6.0
-46.0,-300.0,,-250.0,57.0,667.0,-89.0,149.0,,-98.0
-52.0,-436.0,,-266.0,72.0,374.0,-72.0,125.0,,-169.0
22.0,-505.0,,-304.0,18.0,370.0,-30.0,404.0,,-225.0
46.0,-558.0,,-293.0,-27.0,362.0,18.0,452.0,,-240.0
-109.0,-622.0,,-289.0,-46.0,181.0,76.0,803.0,,-202.0
117.0,-550.0,,-242.0,-91.0,101.0,144.0,803.0,,-134.0
-5.0,-404.0,,-215.0,-99.0,156.0,193.0,833.0,,-37.0
143.0,-290.0,,-128.0,-66.0,342.0,260.0,753.0,,84.0
69.0,-265.0,,-28.0,-22.0,365.0,326.0,458.0,,224.0
194.0,-246.0,,69.0,65.0,187.0,390.0,443.0,,356.0
250.0,-78.0,,181.0,128.0,218.0,433.0,234.0,,477.0
200.0,52.0,,270.0,134.0,438.0,456.0,482.0,,605.0
361.0,84.0,,341.0,163.0,475.0,504.0,676.0,,730.0
389.0,83.0,,342.0,150.0,412.0,547.0,848.0,,862.0
536.0,155.0,,364.0,82.0,364.0,592.0,1003.0,,1002.0
475.0,172.0,,395.0,45.0,465.0,605.0,781.0,,1117.0
728.0,76.0,,368.0,0.0,455.0,610.0,805.0,,1201.0
608.0,84.0,,375.0,-61.0,239.0,642.0,552.0,,1268.0
733.0,171.0,,428.0,-81.0,123.0,671.0,526.0,,1318.0
574.0,232.0,,385.0,-99.0,104.0,712.0,539.0,,1343.0
842.0,137.0,,399.0,-105.0,281.0,749.0,474.0,,1347.0
1028.0,88.0,,404.0,-77.0,294.0,799.0,582.0,,1323.0
946.0,167.0,,335.0,-96.0,67.0,844.0,382.0,,1260.0
900.0,142.0,,431.0,-107.0,-95.0,861.0,441.0,,1168.0
664.0,96.0,,492.0,-49.0,-9.0,875.0,293.0,,1038.0
1276.0,107.0,,494.0,-26.0,232.0,885.0,182.0,,898.0
998.0,172.0,,502.0,-32.0,239.0,878.0,60.0,,754.0
1183.0,210.0,,525.0,-21.0,25.0,807.0,-218.0,,609.0
790.0,141.0,,549.0,-71.0,22.0,695.0,-168.0,,486.0
1066.0,133.0,,566.0,-136.0,135.0,642.0,-262.0,,394.0
1316.0,145.0,,612.0,-163.0,-119.0,669.0,-83.0,,351.0
904.0,40.0,,629.0,-202.0,-490.0,736.0,-46.0,,341.0
1064.0,-49.0,,683.0,-190.0,-655.0,790.0,33.0,,371.0
716.0,-29.0,,640.0,-141.0,-509.0,800.0,312.0,,440.0
1316.0,12.0,,543.0,-120.0,-429.0,776.0,303.0,,523.0
771.0,12.0,,496.0,-53.0,-563.0,745.0,504.0,,631.0
838.0,-3.0,,446.0,36.0,-597.0,715.0,471.0,,758.0
698.0,20.0,,371.0,65.0,-555.0,698.0,628.0,,890.0
742.0,177.0,,221.0,93.0,-528.0,714.0,820.0,,1018.0
967.0,327.0,,121.0,105.0,-710.0,720.0,840.0,,1142.0
391.0,428.0,,70.0,80.0,-904.0,716.0,975.0,,1237.0
716.0,575.0,,8.0,104.0,-922.0,690.0,716.0,,1287.0
433.0,636.0,,-67.0,117.0,-1007.0,645.0,639.0,,1302.0
794.0,591.0,,-104.0,91.0,-1133.0,615.0,367.0,,1279.0
309.0,472.0,,-77.0,103.0,-1312.0,617.0,157.0,,1230.0
245.0,347.0,,-83.0,100.0,-1282.0,660.0,125.0,,1167.0
317.0,214.0,,-41.0,80.0,-1005.0,674.0,-131.0,,1088.0
316.0,-16.0,,36.0,93.0,-891.0,651.0,-84.0,,1014.0
505.0,-137.0,,102.0,84.0,-805.0,620.0,-225.0,,941.0
-16.0,-176.0,,226.0,50.0,-738.0,581.0,-96.0,,886.0
281.0,-236.0,,321.0,57.0,-569.0,570.0,33.0,,850.0
38.0,-291.0,,424.0,81.0,-435.0,579.0,125.0,,805.0
452.0,-318.0,,548.0,102.0,-526.0,569.0,474.0,,766.0
207.0,-240.0,,595.0,143.0,-683.0,521.0,683.0,,719.0
96.0,-199.0,,676.0,142.0,-909.0,488.0,1217.0,,662.0
305.0,-184.0,,723.0,110.0,-936.0,455.0,1308.0,,588.0
154.0,-127.0,,705.0,104.0,-831.0,419.0,1352.0,,489.0
561.0,-7.0,,724.0,100.0,-953.0,432.0,1406.0,,392.0
86.0,28.0,,685.0,113.0,-1254.0,448.0,1250.0,,266.0
263.0,1.0,,611.0,152.0,-1280.0,446.0,1369.0,,108.0
265.0,73.0,,587.0,157.0,-973.0,428.0,1134.0,,-52.0
386.0,120.0,,570.0,120.0,-784.0,404.0,1134.0,,-227.0
403.0,154.0,,484.0,84.0,-966.0,395.0,1079.0,,-382.0
259.0,13.0,,457.0,58.0,-1102.0,376.0,1043.0,,-494.0
428.0,-68.0,,467.0,31.0,-901.0,347.0,1188.0,,-563.0
360.0,-19.0,,359.0,29.0,-866.0,315.0,1079.0,,-588.0
459.0,-101.0,,342.0,25.0,-1093.0,271.0,1297.0,,-592.0
134.0,-95.0,,331.0,8.0,-1274.0,227.0,1363.0,,-572.0
515.0,-2.0,,256.0,33.0,-1176.0,219.0,1644.0,,-544.0
470.0,129.0,,221.0,74.0,-957.0,233.0,1755.0,,-517.0
498.0,143.0,,169.0,94.0,-916.0,213.0,1533.0,,-494.0
434.0,199.0,,117.0,103.0,-886.0,163.0,1441.0,,-493.0
210.0,357.0,,50.0,89.0,-907.0,118.0,1019.0,,-491.0
620.0,400.0,,37.0,68.0,-951.0,96.0,966.0,,-478.0
570.0,387.0,,67.0,70.0,-1019.0,70.0,788.0,,-474.0
770.0,252.0,,66.0,46.0,-1280.0,18.0,722.0,,-457.0
359.0,238.0,,61.0,-12.0,-1411.0,-42.0,837.0,,-438.0
524.0,224.0,,93.0,-52.0,-1494.0,-78.0,729.0,,-422.0
766.0,79.0,,121.0,-79.0,-1628.0,-86.0,861.0,,-399.0
699.0,-61.0,,157.0,-86.0,-1644.0,-54.0,613.0,,-375.0
659.0,-168.0,,184.0,-88.0,-1592.0,9.0,641.0,,-337.0
493.0,-166.0,,146.0,-135.0,-1429.0,21.0,757.0,,-289.0
840.0,-269.0,,163.0,-167.0,-1315.0,23.0,931.0,,-229.0
659.0,-390.0,,195.0,-136.0,-1303.0,6.0,1326.0,,-145.0
771.0,-487.0,,251.0,-107.0,-1422.0,-6.0,1291.0,,-48.0
596.0,-520.0,,278.0,-58.0,-1631.0,14.0,1441.0,,48.0
723.0,-479.0,,313.0,21.0,-1740.0,10.0,1334.0,,160.0
799.0,-503.0,,394.0,50.0,-1627.0,29.0,1317.0,,278.0
723.0,-396.0,,359.0,71.0,-1664.0,35.0,1395.0,,375.0
808.0,-353.0,,346.0,110.0,-2090.0,32.0,1223.0,,471.0
521.0,-399.0,,304.0,112.0,-2289.0,31.0,1273.0,,558.0
812.0,-309.0,,272.0,140.0,-2082.0,5.0,1119.0,,626.0
625.0,-254.0,,210.0,177.0,-1810.0,5.0,1221.0,,670.0
686.0,-173.0,,118.0,154.0,-1809.0,7.0,1165.0,,676.0
459.0,-156.0,,90.0,172.0,-1883.0,9.0,1149.0,,665.0
528.0,-149.0,,59.0,183.0,-1583.0,6.0,1352.0,,643.0
758.0,-34.0,,85.0,112.0,-1220.0,-7.0,1261.0,,605.0
525.0,-80.0,,104.0,63.0,-1218.0,-1.0,1515.0,,557.0
631.0,-94.0,,153.0,25.0,-1318.0,0.0,1476.0,,510.0
373.0,19.0,,148.0,-15.0,-1271.0,-7.0,1509.0,,460.0
733.0,90.0,,180.0,-19.0,-1129.0,-15.0,1513.0,,414.0
628.0,35.0,,297.0,-28.0,-1097.0,-7.0,1261.0,,376.0
694.0,-63.0,,366.0,-44.0,-1308.0,10.0,1250.0,,351.0
685.0,-165.0,,404.0,-21.0,-1430.0,31.0,997.0,,344.0
673.0,-181.0,,416.0,-9.0,-1392.0,45.0,1075.0,,351.0
831.0,-161.0,,429.0,-17.0,-1371.0,56.0,1027.0,,376.0
513.0,-264.0,,464.0,21.0,-1476.0,46.0,1042.0,,408.0
717.0,-191.0,,503.0,46.0,-1606.0,12.0,1040.0,,437.0
569.0,-93.0,,482.0,45.0,-1606.0,-11.0,543.0,,458.0
912.0,-53.0,,450.0,81.0,-1525.0,-36.0,273.0,,475.0
647.0,-32.0,,449.0,108.0,-1422.0,-51.0,-186.0,,501.0
565.0,-50.0,,462.0,138.0,-1469.0,-35.0,-277.0,,521.0
614.0,8.0,,448.0,174.0,-1515.0,-15.0,-363.0,,536.0
494.0,16.0,,455.0,161.0,-1264.0,-5.0,-591.0,,560.0
738.0,0.0,,439.0,126.0,-966.0,5.0,-487.0,,592.0
447.0,-33.0,,397.0,116.0,-890.0,6.0,-598.0,,644.0
619.0,36.0,,410.0,107.0,-931.0,21.0,-437.0,,713.0
273.0,153.0,,418.0,101.0,-854.0,26.0,-539.0,,784.0
503.0,158.0,,422.0,121.0,-559.0,15.0,-567.0,,852.0
469.0,174.0,,422.0,120.0,-392.0,-2.0,-367.0,,909.0
378.0,216.0,,456.0,96.0,-606.0,-45.0,-323.0,,934.0
341.0,237.0,,536.0,81.0,-786.0,-53.0,-59.0,,925.0
154.0,216.0,,602.0,58.0,-592.0,-65.0,-251.0,,876.0
466.0,174.0,,601.0,42.0,-406.0,-76.0,-290.0,,794.0
95.0,275.0,,543.0,50.0,-442.0,-102.0,-325.0,,674.0
184.0,308.0,,511.0,39.0,-512.0,-140.0,-376.0,,527.0
-39.0,229.0,,506.0,27.0,-512.0,-130.0,-304.0,,396.0
95.0,292.0,,439.0,53.0,-551.0,-106.0,-687.0,,271.0
-5.0,297.0,,379.0,78.0,-722.0,-72.0,-753.0,,179.0
-33.0,270.0,,352.0,104.0,-618.0,-78.0,-1045.0,,138.0
70.0,177.0,,351.0,158.0,-449.0,-94.0,-1193.0,,134.0
-216.0,128.0,,323.0,180.0,-438.0,-92.0,-1274.0,,170.0
-85.0,135.0,,258.0,176.0,-270.0,-98.0,-1622.0,,242.0
-318.0,84.0,,226.0,179.0,-50.0,-81.0,-1577.0,,348.0
-68.0,76.0,,222.0,147.0,32.0,-60.0,-1705.0,,454.0
-308.0,-32.0,,297.0,117.0,-152.0,-67.0,-1480.0,,550.0
-165.0,-58.0,,321.0,91.0,-315.0,-78.0,-1433.0,,632.0
-231.0,-67.0,,288.0,29.0,-200.0,-87.0,-1354.0,,683.0
-373.0,-141.0,,297.0,-16.0,-117.0,-77.0,-990.0,,685.0
-240.0,-170.0,,280.0,-34.0,-162.0,-52.0,-938.0,,637.0
-533.0,-158.0,,275.0,-47.0,-143.0,-59.0,-652.0,,563.0
-230.0,-121.0,,286.0,-17.0,10.0,-54.0,-807.0,,450.0
-504.0,-135.0,,216.0,39.0,249.0,-60.0,-837.0,,329.0
-469.0,2.0,,231.0,53.0,385.0,-73.0,-877.0,,216.0
-609.0,123.0,,231.0,102.0,548.0,-43.0,-1062.0,,112.0
-485.0,144.0,,139.0,184.0,774.0,-1.0,-979.0,,31.0
-301.0,201.0,,91.0,218.0,808.0,51.0,-1175.0,,-32.0
-672.0,279.0,,38.0,254.0,771.0,79.0,-986.0,,-71.0
-567.0,399.0,,36.0,247.0,684.0,77.0,-1014.0,,-86.0
-613.0,260.0,,40.0,187.0,755.0,51.0,-1042.0,,-67.0
-305.0,155.0,,67.0,179.0,896.0,35.0,-938.0,,-39.0
-396.0,232.0,,93.0,183.0,691.0,48.0,-1043.0,,-5.0
-476.0,88.0,,83.0,152.0,542.0,98.0,-783.0,,35.0
-402.0,-62.0,,155.0,156.0,613.0,188.0,-812.0,,61.0
-459.0,-114.0,,279.0,149.0,542.0,232.0,-844.0,,56.0
-304.0,12.0,,353.0,99.0,172.0,255.0,-1127.0,,25.0
-278.0,69.0,,505.0,75.0,-219.0,278.0,-1420.0,,-19.0
-156.0,-52.0,,657.0,22.0,-386.0,288.0,-1457.0,,-84.0
-200.0,-32.0,,678.0,-55.0,-306.0,287.0,-1810.0,,-140.0
-159.0,3.0,,720.0,-85.0,-135.0,289.0,-1877.0,,-181.0
-154.0,-32.0,,758.0,-131.0,-34.0,306.0,-2076.0,,-210.0
-98.0,-217.0,,767.0,-180.0,135.0,300.0,-2015.0,,-220.0
-16.0,-293.0,,711.0,-187.0,350.0,273.0,-1869.0,,-216.0
160.0,-264.0,,672.0,-215.0,678.0,240.0,-1993.0,,-191.0
94.0,-303.0,,629.0,-227.0,976.0,239.0,-1914.0,,-158.0
-38.0,-338.0,,528.0,-189.0,1032.0,259.0,-2124.0,,-133.0
94.0,-330.0,,439.0,-170.0,636.0,303.0,-2073.0,,-111.0
-53.0,-153.0,,339.0,-150.0,212.0,355.0,-2108.0,,-80.0
205.0,-66.0,,280.0,-106.0,358.0,362.0,-2119.0,,-57.0
61.0,-96.0,,247.0,-80.0,455.0,331.0,-1884.0,,-34.0
-68.0,-159.0,,240.0,-43.0,407.0,278.0,-1862.0,,-22.0
39.0,-66.0,,263.0,-3.0,307.0,222.0,-1550.0,,-35.0
-117.0,11.0,,251.0,3.0,206.0,199.0,-1568.0,,-63.0
-24.0,-99.0,,272.0,32.0,215.0,211.0,-1539.0,,-104.0
-129.0,-27.0,,308.0,66.0,275.0,227.0,-1496.0,,-142.0
-144.0,9.0,,314.0,70.0,524.0,236.0,-1631.0,,-171.0
-216.0,84.0,,323.0,105.0,783.0,210.0,-1450.0,,-182.0
-228.0,107.0,,306.0,137.0,920.0,176.0,-1452.0,,-176.0
-202.0,5.0,,314.0,108.0,800.0,162.0,-1237.0,,-157.0
-265.0,85.0,,299.0,79.0,713.0,162.0,-1278.0,,-141.0
-455.0,102.0,,320.0,76.0,874.0,162.0,-1419.0,,-120.0
-501.0,29.0,,362.0,69.0,956.0,127.0,-1489.0,,-94.0
-243.0,26.0,,347.0,68.0,922.0,62.0,-1764.0,,-72.0
-328.0,85.0,,391.0,73.0,952.0,-6.0,-1670.0,,-43.0
-413.0,92.0,,425.0,46.0,1180.0,-38.0,-1746.0,,-22.0
-414.0,128.0,,414.0,12.0,1320.0,-49.0,-1561.0,,-8.0
-295.0,124.0,,377.0,-12.0,1229.0,-73.0,-1419.0,,-4.0
-181.0,126.0,,420.0,-52.0,1187.0,-96.0,-1420.0,,-21.0
-297.0,246.0,,491.0,-91.0,1268.0,-119.0,-1206.0,,-51.0
-337.0,190.0,,495.0,-120.0,1469.0,-145.0,-1321.0,,-94.0
-171.0,238.0,,530.0,-135.0,1644.0,-154.0,-1249.0,,-171.0
-119.0,340.0,,563.0,-114.0,1676.0,-141.0,-1406.0,,-278.0
-167.0,267.0,,555.0,-92.0,1598.0,-133.0,-1450.0,,-403.0
-416.0,340.0,,566.0,-108.0,1371.0,-132.0,-1376.0,,-543.0
-373.0,303.0,,531.0,-99.0,1425.0,-138.0,-1505.0,,-685.0
-123.0,181.0,,459.0,-67.0,1878.0,-147.0,-1443.0,,-831.0
-304.0,283.0,,429.0,-60.0,2083.0,-135.0,-1790.0,,-969.0
-398.0,318.0,,373.0,-32.0,2026.0,-120.0,-1978.0,,-1091.0
-648.0,293.0,,285.0,-11.0,2021.0,-127.0,-2163.0,,-1190.0
-457.0,240.0,,225.0,-32.0,2311.0,-163.0,-2248.0,,-1257.0
-412.0,114.0,,191.0,-23.0,2604.0,-202.0,-2023.0,,-1295.0
-607.0,65.0,,130.0,-6.0,2349.0,-215.0,-1989.0,,-1285.0
-797.0,16.0,,126.0,-8.0,2321.0,-224.0,-1609.0,,-1208.0
-808.0,-79.0,,92.0,0.0,2694.0,-247.0,-1592.0,,-1086.0
-463.0,-136.0,,20.0,-25.0,2770.0,-241.0,-1701.0,,-931.0
-854.0,-141.0,,33.0,-64.0,2580.0,-211.0,-1775.0,,-744.0
-790.0,-166.0,,28.0,-32.0,2466.0,-166.0,-1904.0,,-554.0
-820.0,-80.0,,48.0,3.0,2666.0,-124.0,-1598.0,,-367.0
-875.0,-5.0,,51.0,10.0,2842.0,-132.0,-1507.0,,-185.0
-738.0,77.0,,63.0,43.0,2748.0,-135.0,-1173.0,,-19.0
-834.0,290.0,,100.0,40.0,2658.0,-142.0,-960.0,,137.0
-768.0,292.0,,130.0,20.0,2852.0,-149.0,-868.0,,295.0
-810.0,232.0,,155.0,30.0,3121.0,-146.0,-805.0,,452.0
-713.0,217.0,,152.0,-25.0,3238.0,-166.0,-1127.0,,588.0
-909.0,273.0,,132.0,-88.0,3244.0,-202.0,-1127.0,,698.0
-930.0,276.0,,62.0,-95.0,3100.0,-221.0,-1328.0,,784.0
-861.0,147.0,,43.0,-119.0,2950.0,-211.0,-1370.0,,840.0
-819.0,210.0,,-6.0,-119.0,2899.0,-172.0,-1507.0,,877.0
-863.0,276.0,,-106.0,-68.0,2884.0,-128.0,-1718.0,,909.0
-938.0,248.0,,-165.0,-57.0,2769.0,-124.0,-1476.0,,941.0
-916.0,183.0,,-246.0,-49.0,2655.0,-120.0,-1411.0,,969.0
-1050.0,226.0,,-297.0,-29.0,2787.0,-123.0,-1055.0,,998.0
-911.0,247.0,,-351.0,-56.0,3078.0,-132.0,-923.0,,1021.0
-774.0,129.0,,-404.0,-46.0,3041.0,-120.0,-757.0,,1041.0
-777.0,83.0,,-393.0,-18.0,2854.0,-146.0,-596.0,,1054.0
-825.0,11.0,,-376.0,-48.0,2998.0,-205.0,-766.0,,1060.0
-718.0,11.0,,-339.0,-40.0,3253.0,-248.0,-554.0,,1062.0
-656.0,-72.0,,-273.0,-20.0,3402.0,-261.0,-517.0,,1045.0
-479.0,-265.0,,-180.0,-27.0,3363.0,-265.0,-212.0,,1005.0
-479.0,-305.0,,-98.0,35.0,3436.0,-285.0,57.0,,931.0
-559.0,-289.0,,-34.0,106.0,3533.0,-300.0,192.0,,842.0
-333.0,-260.0,,44.0,117.0,3424.0,-305.0,439.0,,737.0
-353.0,-237.0,,130.0,150.0,3264.0,-331.0,277.0,,624.0
-227.0,-292.0,,224.0,156.0,3056.0,-359.0,291.0,,515.0
-434.0,-256.0,,278.0,108.0,3000.0,-384.0,105.0,,400.0
-382.0,-160.0,,295.0,80.0,3051.0,-405.0,125.0,,305.0
-224.0,-234.0,,271.0,38.0,2929.0,-429.0,356.0,,216.0
-423.0,-279.0,,260.0,-6.0,2642.0,-489.0,585.0,,123.0
-363.0,-166.0,,254.0,-23.0,2440.0,-547.0,1247.0,,48.0
-404.0,-146.0,,200.0,-69.0,2203.0,-584.0,1483.0,,-15.0
-196.0,-230.0,,211.0,-91.0,1732.0,-624.0,1696.0,,-88.0
-447.0,-82.0,,237.0,-42.0,1172.0,-653.0,1531.0,,-165.0
-554.0,-38.0,,166.0,-19.0,755.0,-645.0,1152.0,,-239.0
-452.0,-133.0,,72.0,-16.0,498.0,-645.0,929.0,,-308.0
-357.0,-54.0,,19.0,2.0,353.0,-669.0,465.0,,-365.0
-218.0,-93.0,,-11.0,-18.0,381.0,-715.0,419.0,,-398.0
-558.0,-160.0,,-48.0,-49.0,569.0,-770.0,234.0,,-398.0
-529.0,-237.0,,-76.0,-70.0,863.0,-786.0,286.0,,-377.0
-569.0,-293.0,,-79.0,-113.0,1179.0,-807.0,330.0,,-341.0
-287.0,-283.0,,-122.0,-136.0,1411.0,-831.0,190.0,,-284.0
-313.0,-282.0,,-164.0,-144.0,1364.0,-836.0,279.0,,-224.0
-514.0,-293.0,,-152.0,-174.0,1285.0,-858.0,64.0,,-141.0
-437.0,-289.0,,-196.0,-207.0,1518.0,-881.0,243.0,,-31.0
-453.0,-206.0,,-274.0,-223.0,1954.0,-902.0,301.0,,94.0
-332.0,-193.0,,-311.0,-253.0,2085.0,-901.0,495.0,,229.0
-575.0,-122.0,,-311.0,-278.0,1930.0,-876.0,892.0,,353.0
-426.0,14.0,,-308.0,-271.0,1695.0,-854.0,1034.0,,477.0
-497.0,145.0,,-324.0,-263.0,1520.0,-821.0,1457.0,,582.0
-498.0,219.0,,-297.0,-226.0,1640.0,-785.0,1518.0,,681.0
-424.0,248.0,,-330.0,-161.0,1691.0,-775.0,1642.0,,770.0
-465.0,298.0,,-349.0,-127.0,1718.0,-769.0,1524.0,,826.0
-544.0,298.0,,-323.0,-99.0,1621.0,-775.0,1274.0,,868.0
-676.0,307.0,,-362.0,-69.0,1572.0,-767.0,1210.0,,865.0
-234.0,168.0,,-373.0,-70.0,1677.0,-741.0,879.0,,819.0
-548.0,42.0,,-390.0,-49.0,1734.0,-723.0,988.0,,748.0
-609.0,42.0,,-477.0,7.0,1700.0,-716.0,994.0,,653.0
-474.0,-104.0,,-550.0,42.0,1585.0,-721.0,1261.0,,552.0
-494.0,-300.0,,-570.0,96.0,1748.0,-698.0,1587.0,,427.0
-452.0,-286.0,,-648.0,145.0,1786.0,-651.0,1638.0,,308.0
-737.0,-231.0,,-689.0,128.0,1592.0,-612.0,1851.0,,196.0
-642.0,-427.0,,-703.0,111.0,1341.0,-607.0,1690.0,,95.0
-597.0,-584.0,,-724.0,85.0,1333.0,-617.0,1847.0,,26.0
-415.0,-477.0,,-730.0,21.0,1453.0,-626.0,1967.0,,-23.0
-678.0,-383.0,,-758.0,-17.0,1546.0,-636.0,2115.0,,-22.0
-832.0,-370.0,,-707.0,-45.0,1782.0,-632.0,2263.0,,1.0
-692.0,-232.0,,-745.0,-79.0,1982.0,-628.0,2038.0,,52.0
-557.0,-44.0,,-770.0,-73.0,2097.0,-615.0,2071.0,,127.0
-421.0,168.0,,-721.0,-58.0,1834.0,-598.0,1733.0,,217.0
-893.0,269.0,,-744.0,-48.0,1437.0,-588.0,1478.0,,325.0
-741.0,281.0,,-744.0,-1.0,1055.0,-585.0,1230.0,,424.0
-514.0,282.0,,-799.0,19.0,832.0,-601.0,925.0,,527.0
-499.0,188.0,,-818.0,0.0,636.0,-611.0,1021.0,,602.0
-594.0,196.0,,-761.0,9.0,135.0,-590.0,953.0,,651.0
-763.0,115.0,,-716.0,-4.0,-305.0,-539.0,1116.0,,674.0
-437.0,36.0,,-709.0,-12.0,-290.0,-450.0,1019.0,,680.0
-346.0,55.0,,-713.0,49.0,79.0,-351.0,977.0,,676.0
-362.0,71.0,,-659.0,75.0,121.0,-299.0,1145.0,,654.0
-554.0,4.0,,-640.0,82.0,37.0,-303.0,1123.0,,636.0
-572.0,-94.0,,-638.0,123.0,218.0,-350.0,1372.0,,622.0
-139.0,-21.0,,-609.0,133.0,460.0,-384.0,1274.0,,636.0
-298.0,-66.0,,-585.0,151.0,450.0,-361.0,1295.0,,659.0
-446.0,-170.0,,-551.0,162.0,285.0,-289.0,1199.0,,699.0
-422.0,-178.0,,-441.0,97.0,189.0,-210.0,949.0,,760.0
-291.0,-132.0,,-385.0,68.0,219.0,-136.0,923.0,,803.0
-31.0,-215.0,,-411.0,69.0,315.0,-74.0,755.0,,860.0
-280.0,-314.0,,-394.0,-2.0,122.0,-61.0,997.0,,927.0
-403.0,-277.0,,-356.0,-56.0,-153.0,-42.0,973.0,,997.0
-318.0,-298.0,,-356.0,-71.0,-377.0,-19.0,1056.0,,1093.0
132.0,-308.0,,-374.0,-97.0,-457.0,-9.0,1195.0,,1176.0
31.0,-327.0,,-328.0,-84.0,-378.0,14.0,1031.0,,1249.0
-218.0,-243.0,,-280.0,-61.0,-441.0,67.0,1204.0,,1319.0
-183.0,-222.0,,-228.0,-38.0,-544.0,135.0,1116.0,,1374.0
-22.0,-318.0,,-269.0,35.0,-566.0,169.0,1297.0,,1420.0
431.0,-313.0,,-339.0,70.0,-415.0,208.0,1400.0,,1451.0
-9.0,-287.0,,-318.0,43.0,-297.0,218.0,1345.0,,1492.0
37.0,-155.0,,-328.0,44.0,-388.0,165.0,1431.0,,1520.0
142.0,0.0,,-338.0,31.0,-492.0,137.0,1175.0,,1537.0
459.0,121.0,,-341.0,-14.0,-509.0,155.0,1130.0,,1563.0
398.0,229.0,,-355.0,-45.0,-560.0,180.0,870.0,,1570.0
102.0,283.0,,-357.0,-89.0,-755.0,213.0,763.0,,1563.0
336.0,316.0,,-336.0,-123.0,-822.0,240.0,809.0,,1549.0
196.0,327.0,,-336.0,-119.0,-662.0,222.0,886.0,,1515.0
729.0,336.0,,-339.0,-132.0,-406.0,188.0,1282.0,,1464.0
200.0,284.0,,-341.0,-143.0,-475.0,166.0,1326.0,,1388.0
30.0,220.0,,-276.0,-121.0,-819.0,146.0,1566.0,,1283.0
272.0,204.0,,-211.0,-112.0,-836.0,154.0,1529.0,,1157.0
428.0,261.0,,-292.0,-83.0,-730.0,164.0,1387.0,,1003.0
532.0,310.0,,-316.0,-3.0,-780.0,178.0,1391.0,,831.0
26.0,284.0,,-270.0,53.0,-1106.0,236.0,1201.0,,647.0
251.0,255.0,,-287.0,86.0,-1420.0,263.0,1367.0,,464.0
299.0,172.0,,-314.0,126.0,-1517.0,248.0,1160.0,,297.0
559.0,22.0,,-298.0,146.0,-1882.0,214.0,1206.0,,143.0
114.0,-118.0,,-339.0,163.0,-2232.0,149.0,1400.0,,10.0
-3.0,-138.0,,-377.0,180.0,-2400.0,116.0,1463.0,,-93.0
232.0,-167.0,,-301.0,177.0,-2654.0,111.0,1674.0,,-158.0
379.0,-240.0,,-301.0,197.0,-2609.0,131.0,1435.0,,-200.0
455.0,-252.0,,-367.0,228.0,-2264.0,179.0,1496.0,,-208.0
-105.0,-166.0,,-390.0,193.0,-2132.0,223.0,1361.0,,-187.0
156.0,55.0,,-377.0,137.0,-2479.0,271.0,1206.0,,-155.0
348.0,232.0,,-336.0,111.0,-2841.0,310.0,1121.0,,-103.0
504.0,285.0,,-319.0,61.0,-2870.0,335.0,825.0,,-49.0
134.0,306.0,,-344.0,-4.0,-3076.0,344.0,933.0,,14.0
127.0,419.0,,-364.0,-60.0,-3468.0,363.0,716.0,,65.0
531.0,480.0,,-370.0,-114.0,-3654.0,403.0,556.0,,95.0
474.0,414.0,,-383.0,-145.0,-3461.0,431.0,297.0,,134.0
382.0,366.0,,-370.0,-174.0,-3080.0,434.0,94.0,,175.0
152.0,278.0,,-394.0,-223.0,-2981.0,405.0,166.0,,214.0
363.0,142.0,,-454.0,-213.0,-3080.0,387.0,-16.0,,268.0
405.0,0.0,,-428.0,-161.0,-2901.0,412.0,153.0,,337.0
419.0,-76.0,,-371.0,-130.0,-2567.0,500.0,145.0,,396.0
155.0,-143.0,,-372.0,-56.0,-2560.0,600.0,304.0,,449.0
18.0,-396.0,,-424.0,23.0,-2694.0,649.0,445.0,,494.0
80.0,-634.0,,-426.0,52.0,-2443.0,660.0,360.0,,518.0
48.0,-600.0,,-463.0,81.0,-1869.0,640.0,491.0,,542.0
-34.0,-524.0,,-502.0,92.0,-1700.0,646.0,216.0,,564.0
-371.0,-483.0,,-451.0,75.0,-1951.0,668.0,199.0,,575.0
-417.0,-387.0,,-478.0,68.0,-2143.0,695.0,73.0,,586.0
-370.0,-342.0,,-496.0,36.0,-2087.0,735.0,-83.0,,599.0
-371.0,-252.0,,-494.0,-32.0,-2001.0,747.0,-110.0,,625.0
-691.0,-108.0,,-478.0,-60.0,-2203.0,764.0,-323.0,,647.0
-739.0,42.0,,-477.0,-71.0,-2159.0,761.0,-72.0,,657.0
-591.0,184.0,,-523.0,-83.0,-1824.0,752.0,134.0,,662.0
-539.0,275.0,,-514.0,-39.0,-1564.0,764.0,517.0,,643.0
-702.0,295.0,,-499.0,24.0,-1396.0,783.0,639.0,,597.0
-879.0,229.0,,-505.0,87.0,-1192.0,800.0,530.0,,557.0
-769.0,286.0,,-506.0,171.0,-927.0,809.0,526.0,,521.0
-708.0,356.0,,-463.0,197.0,-799.0,828.0,123.0,,517.0
-714.0,287.0,,-464.0,170.0,-623.0,836.0,94.0,,542.0
-873.0,206.0,,-423.0,153.0,-486.0,852.0,-33.0,,580.0
-792.0,199.0,,-316.0,86.0,-520.0,869.0,14.0,,646.0
-784.0,221.0,,-214.0,31.0,-461.0,886.0,190.0,,719.0
-564.0,119.0,,-116.0,20.0,-319.0,896.0,118.0,,823.0
-612.0,40.0,,-93.0,-33.0,-373.0,866.0,345.0,,925.0
-721.0,19.0,,-67.0,-71.0,-758.0,820.0,147.0,,1009.0
-611.0,-75.0,,-80.0,-71.0,-1261.0,767.0,125.0,,1089.0
-474.0,-176.0,,-89.0,-84.0,-1360.0,749.0,-1.0,,1133.0
-267.0,-180.0,,-72.0,-66.0,-1260.0,726.0,-247.0,,1140.0
-499.0,-159.0,,-105.0,-11.0,-1387.0,715.0,-258.0,,1105.0
-391.0,-256.0,,-149.0,7.0,-1598.0,730.0,-598.0,,1045.0
-304.0,-373.0,,-221.0,32.0,-1788.0,709.0,-613.0,,952.0
-102.0,-357.0,,-312.0,79.0,-1633.0,681.0,-805.0,,845.0
-280.0,-323.0,,-342.0,81.0,-1455.0,660.0,-877.0,,728.0
-319.0,-285.0,,-297.0,104.0,-1553.0,635.0,-933.0,,616.0
-51.0,-192.0,,-304.0,126.0,-1542.0,573.0,-1079.0,,519.0
-21.0,-163.0,,-321.0,108.0,-1441.0,515.0,-781.0,,423.0
44.0,-217.0,,-262.0,117.0,-1303.0,462.0,-768.0,,354.0
-210.0,-283.0,,-223.0,107.0,-1408.0,395.0,-480.0,,295.0
6.0,-244.0,,-185.0,64.0,-1745.0,326.0,-354.0,,238.0
74.0,-145.0,,-100.0,41.0,-1838.0,246.0,-327.0,,191.0
153.0,-8.0,,-65.0,5.0,-1802.0,198.0,-194.0,,163.0
112.0,65.0,,-90.0,-50.0,-1834.0,160.0,-347.0,,155.0
86.0,-51.0,,-141.0,-65.0,-2054.0,142.0,-266.0,,169.0
209.0,-111.0,,-173.0,-79.0,-2273.0,156.0,-508.0,,205.0
172.0,-11.0,,-206.0,-79.0,-2088.0,152.0,-550.0,,259.0
237.0,-48.0,,-288.0,-25.0,-1787.0,96.0,-596.0,,321.0
188.0,-282.0,,-303.0,8.0,-1674.0,43.0,-665.0,,383.0
300.0,-329.0,,-328.0,18.0,-1603.0,7.0,-548.0,,445.0
264.0,-332.0,,-383.0,45.0,-1451.0,-35.0,-883.0,,497.0
211.0,-385.0,,-427.0,53.0,-1274.0,-71.0,-909.0,,539.0
62.0,-340.0,,-490.0,43.0,-1235.0,-119.0,-1069.0,,573.0
97.0,-255.0,,-492.0,46.0,-1398.0,-162.0,-1093.0,,599.0
131.0,-96.0,,-493.0,33.0,-1635.0,-185.0,-968.0,,601.0
276.0,-45.0,,-508.0,6.0,-2013.0,-183.0,-979.0,,582.0
249.0,-71.0,,-404.0,-10.0,-2416.0,-153.0,-739.0,,538.0
47.0,-39.0,,-259.0,-35.0,-2712.0,-122.0,-853.0,,482.0
205.0,11.0,,-147.0,-38.0,-2854.0,-106.0,-772.0,,419.0
174.0,-17.0,,-87.0,-2.0,-2837.0,-110.0,-776.0,,344.0
292.0,-178.0,,-86.0,31.0,-2861.0,-145.0,-661.0,,274.0
211.0,-307.0,,-9.0,88.0,-2714.0,-204.0,-310.0,,216.0
287.0,-347.0,,58.0,151.0,-2599.0,-238.0,-216.0,,175.0
230.0,-325.0,,79.0,143.0,-2700.0,-242.0,144.0,,139.0
252.0,-238.0,,62.0,113.0,-2848.0,-219.0,155.0,,114.0
443.0,-115.0,,20.0,112.0,-2829.0,-193.0,149.0,,89.0
236.0,-65.0,,-24.0,89.0,-2642.0,-193.0,-16.0,,61.0
313.0,-41.0,,-51.0,49.0,-2490.0,-202.0,-308.0,,46.0
270.0,29.0,,-145.0,10.0,-2350.0,-226.0,-327.0,,26.0
382.0,84.0,,-280.0,-52.0,-2365.0,-238.0,-583.0,,4.0
257.0,181.0,,-288.0,-89.0,-2177.0,-239.0,-375.0,,-21.0
104.0,214.0,,-376.0,-110.0,-1738.0,-241.0,-134.0,,-37.0
263.0,160.0,,-424.0,-172.0,-1356.0,-210.0,179.0,,-62.0
199.0,188.0,,-445.0,-198.0,-1146.0,-168.0,511.0,,-97.0
156.0,202.0,,-471.0,-173.0,-1070.0,-124.0,365.0,,-137.0
-106.0,173.0,,-404.0,-174.0,-1069.0,-73.0,354.0,,-190.0
116.0,186.0,,-325.0,-168.0,-1164.0,-47.0,103.0,,-223.0
135.0,195.0,,-287.0,-143.0,-1197.0,-34.0,46.0,,-262.0
-110.0,120.0,,-312.0,-119.0,-1311.0,-28.0,-44.0,,-298.0
-72.0,-19.0,,-290.0,-57.0,-1563.0,-37.0,-171.0,,-335.0
-247.0,-129.0,,-314.0,0.0,-1891.0,-37.0,-114.0,,-374.0
82.0,-252.0,,-309.0,14.0,-1990.0,-26.0,-463.0,,-397.0
-12.0,-324.0,,-314.0,38.0,-1830.0,6.0,-591.0,,-410.0
-169.0,-283.0,,-335.0,33.0,-1594.0,60.0,-916.0,,-401.0
-166.0,-287.0,,-339.0,-5.0,-1501.0,92.0,-1101.0,,-375.0
-27.0,-245.0,,-366.0,18.0,-1673.0,102.0,-1021.0,,-346.0
83.0,-182.0,,-336.0,28.0,-1767.0,109.0,-958.0,,-308.0
-257.0,-225.0,,-376.0,-24.0,-1722.0,109.0,-637.0,,-261.0
-61.0,-228.0,,-399.0,-50.0,-1640.0,104.0,-650.0,,-220.0
-159.0,-216.0,,-357.0,-98.0,-1710.0,94.0,-487.0,,-174.0
53.0,-237.0,,-329.0,-153.0,-1931.0,56.0,-530.0,,-143.0
-110.0,-239.0,,-317.0,-142.0,-1984.0,32.0,-630.0,,-122.0
-182.0,-177.0,,-264.0,-153.0,-1882.0,39.0,-546.0,,-97.0
-108.0,-103.0,,-193.0,-180.0,-2076.0,40.0,-611.0,,-85.0
-227.0,-116.0,,-119.0,-151.0,-2373.0,52.0,-266.0,,-82.0
77.0,-135.0,,-76.0,-111.0,-2377.0,57.0,-195.0,,-70.0
-248.0,12.0,,-112.0,-38.0,-2214.0,41.0,-49.0,,-46.0
44.0,248.0,,-79.0,61.0,-2009.0,31.0,40.0,,-38.0
-99.0,397.0,,-18.0,105.0,-1884.0,17.0,-59.0,,-28.0
22.0,545.0,,21.0,137.0,-1679.0,-22.0,72.0,,-15.0
12.0,636.0,,-10.0,156.0,-1354.0,-71.0,-125.0,,-5.0
-95.0,626.0,,-102.0,99.0,-1058.0,-101.0,-77.0,,14.0
242.0,522.0,,-91.0,68.0,-737.0,-111.0,-184.0,,42.0
128.0,374.0,,-72.0,80.0,-631.0,-82.0,-197.0,,82.0
326.0,322.0,,-58.0,61.0,-799.0,-28.0,-29.0,,127.0
-66.0,240.0,,-85.0,83.0,-776.0,0.0,-116.0,,151.0
238.0,144.0,,-121.0,121.0,-608.0,2.0,109.0,,166.0
221.0,35.0,,-119.0,102.0,-477.0,-8.0,-33.0,,177.0
333.0,-25.0,,-195.0,101.0,-525.0,-31.0,-75.0,,164.0
331.0,37.0,,-176.0,94.0,-715.0,-58.0,-114.0,,143.0
213.0,84.0,,-135.0,59.0,-706.0,-70.0,-208.0,,109.0
456.0,92.0,,-231.0,53.0,-574.0,-82.0,-38.0,,79.0
149.0,94.0,,-343.0,27.0,-678.0,-102.0,-92.0,,57.0
610.0,166.0,,-363.0,1.0,-895.0,-96.0,145.0,,48.0
349.0,199.0,,-321.0,25.0,-840.0,-74.0,35.0,,54.0
596.0,128.0,,-349.0,19.0,-681.0,-49.0,-214.0,,59.0
512.0,34.0,,-403.0,-13.0,-636.0,-31.0,-517.0,,81.0
451.0,27.0,,-379.0,-29.0,-858.0,-31.0,-931.0,,100.0
639.0,64.0,,-318.0,-85.0,-964.0,-46.0,-916.0,,115.0
440.0,-25.0,,-330.0,-154.0,-621.0,-45.0,-1134.0,,122.0
803.0,-81.0,,-284.0,-180.0,-74.0,-29.0,-1067.0,,123.0
500.0,-98.0,,-226.0,-204.0,216.0,-9.0,-1031.0,,134.0
757.0,-112.0,,-242.0,-173.0,52.0,-1.0,-944.0,,152.0
465.0,-101.0,,-224.0,-108.0,-20.0,-8.0,-657.0,,183.0
605.0,-82.0,,-241.0,-106.0,241.0,-11.0,-744.0,,213.0
806.0,23.0,,-228.0,-82.0,590.0,-30.0,-574.0,,251.0
610.0,104.0,,-141.0,-44.0,364.0,-15.0,-635.0,,298.0
657.0,90.0,,-45.0,-62.0,-54.0,-7.0,-593.0,,359.0
487.0,37.0,,-31.0,-65.0,47.0,-7.0,-594.0,,423.0
847.0,89.0,,-10.0,-64.0,285.0,30.0,-781.0,,508.0
668.0,186.0,,76.0,-92.0,183.0,60.0,-661.0,,590.0
751.0,230.0,,144.0,-88.0,-276.0,96.0,-872.0,,647.0
587.0,336.0,,231.0,-63.0,-337.0,106.0,-816.0,,710.0
851.0,448.0,,284.0,-32.0,168.0,107.0,-873.0,,755.0
862.0,566.0,,315.0,26.0,561.0,99.0,-918.0,,797.0
745.0,523.0,,367.0,45.0,493.0,90.0,-783.0,,830.0
866.0,333.0,,377.0,19.0,342.0,95.0,-946.0,,841.0
657.0,133.0,,407.0,23.0,439.0,90.0,-848.0,,830.0
1132.0,-64.0,,399.0,-3.0,657.0,104.0,-1005.0,,797.0
781.0,-113.0,,296.0,-66.0,744.0,115.0,-953.0,,731.0
899.0,-201.0,,349.0,-90.0,760.0,139.0,-896.0,,642.0
761.0,-175.0,,356.0,-113.0,956.0,191.0,-1032.0,,542.0
877.0,-88.0,,298.0,-107.0,1025.0,240.0,-986.0,,426.0
1003.0,-64.0,,366.0,-50.0,822.0,262.0,-1175.0,,332.0
706.0,47.0,,361.0,-19.0,598.0,246.0,-1075.0,,257.0
924.0,85.0,,425.0,-5.0,500.0,219.0,-1130.0,,206.0
645.0,86.0,,446.0,8.0,397.0,180.0,-1082.0,,183.0
854.0,67.0,,447.0,-9.0,143.0,137.0,-951.0,,174.0
472.0,65.0,,532.0,-13.0,-53.0,120.0,-1014.0,,186.0
572.0,-39.0,,611.0,-3.0,28.0,95.0,-859.0,,199.0
507.0,-85.0,,756.0,-46.0,115.0,70.0,-964.0,,198.0
504.0,-59.0,,818.0,-88.0,39.0,65.0,-783.0,,170.0
545.0,-142.0,,809.0,-107.0,54.0,45.0,-805.0,,131.0
16.0,-222.0,,772.0,-136.0,133.0,43.0,-990.0,,98.0
290.0,-307.0,,816.0,-124.0,233.0,38.0,-923.0,,47.0
78.0,-166.0,,840.0,-99.0,443.0,10.0,-997.0,,-7.0
232.0,28.0,,795.0,-99.0,589.0,-17.0,-646.0,,-62.0
-99.0,155.0,,810.0,-80.0,429.0,-62.0,-532.0,,-125.0
-171.0,236.0,,713.0,-84.0,119.0,-113.0,-395.0,,-175.0
-127.0,366.0,,630.0,-110.0,58.0,-143.0,-391.0,,-203.0
-274.0,486.0,,657.0,-64.0,256.0,-169.0,-685.0,,-210.0
-273.0,419.0,,651.0,12.0,317.0,-213.0,-750.0,,-181.0
-501.0,392.0,,565.0,71.0,158.0,-271.0,-1202.0,,-120.0
-232.0,360.0,,526.0,149.0,14.0,-329.0,-1295.0,,-28.0
-602.0,356.0,,532.0,184.0,160.0,-347.0,-1385.0,,79.0
-413.0,294.0,,500.0,163.0,364.0,-328.0,-1431.0,,187.0
-500.0,215.0,,491.0,147.0,222.0,-303.0,-1239.0,,313.0
-530.0,158.0,,505.0,99.0,29.0,-296.0,-1395.0,,437.0
-470.0,150.0,,553.0,82.0,-78.0,-313.0,-1278.0,,558.0
-407.0,185.0,,487.0,113.0,-209.0,-342.0,-1448.0,,684.0
-154.0,118.0,,438.0,93.0,-304.0,-389.0,-1540.0,,786.0
-478.0,96.0,,482.0,81.0,-296.0,-425.0,-1640.0,,870.0
-242.0,11.0,,456.0,71.0,-184.0,-469.0,-1845.0,,923.0
-301.0,-111.0,,447.0,9.0,76.0,-514.0,-1624.0,,936.0
154.0,-246.0,,444.0,-15.0,313.0,-536.0,-1627.0,,903.0
-97.0,-188.0,,469.0,-22.0,414.0,-525.0,-1341.0,,833.0
-221.0,-30.0,,453.0,-35.0,619.0,-473.0,-1243.0,,739.0
181.0,14.0,,465.0,-5.0,705.0,-409.0,-1284.0,,634.0
170.0,68.0,,536.0,-6.0,500.0,-360.0,-1265.0,,533.0
329.0,43.0,,534.0,-37.0,294.0,-361.0,-1507.0,,432.0
1.0,103.0,,531.0,-25.0,336.0,-364.0,-1380.0,,368.0
282.0,149.0,,540.0,-34.0,546.0,-345.0,-1537.0,,336.0
186.0,238.0,,581.0,-56.0,613.0,-346.0,-1474.0,,344.0
419.0,304.0,,598.0,-53.0,551.0,-350.0,-1256.0,,397.0
187.0,281.0,,601.0,-80.0,733.0,-372.0,-1165.0,,474.0
78.0,284.0,,600.0,-95.0,1124.0,-378.0,-929.0,,567.0
479.0,174.0,,610.0,-88.0,1308.0,-340.0,-1025.0,,672.0
236.0,169.0,,646.0,-120.0,1234.0,-305.0,-831.0,,770.0
272.0,207.0,,660.0,-120.0,1256.0,-268.0,-748.0,,840.0
-102.0,248.0,,636.0,-105.0,1625.0,-235.0,-609.0,,885.0
338.0,227.0,,623.0,-149.0,2006.0,-227.0,-485.0,,895.0
279.0,201.0,,667.0,-130.0,2150.0,-213.0,-740.0,,891.0
132.0,274.0,,669.0,-45.0,2120.0,-211.0,-816.0,,851.0
33.0,320.0,,695.0,40.0,2120.0,-230.0,-1123.0,,788.0
-91.0,333.0,,667.0,157.0,2201.0,-245.0,-1043.0,,722.0
297.0,276.0,,656.0,244.0,2172.0,-243.0,-910.0,,647.0
-74.0,272.0,,709.0,281.0,1926.0,-222.0,-811.0,,598.0
53.0,187.0,,705.0,318.0,1501.0,-191.0,-519.0,,551.0
-53.0,141.0,,702.0,331.0,1426.0,-131.0,-548.0,,529.0
117.0,153.0,,698.0,337.0,1721.0,-83.0,-415.0,,529.0
99.0,38.0,,701.0,364.0,1862.0,-84.0,-613.0,,542.0
-154.0,-32.0,,686.0,338.0,1686.0,-104.0,-691.0,,587.0
-48.0,-65.0,,646.0,292.0,1533.0,-119.0,-696.0,,635.0
-44.0,-59.0,,619.0,269.0,1703.0,-96.0,-831.0,,687.0
259.0,-44.0,,632.0,222.0,2086.0,-44.0,-726.0,,734.0
-145.0,-36.0,,610.0,197.0,2256.0,-14.0,-1006.0,,769.0
-97.0,-35.0,,545.0,199.0,2030.0,-16.0,-1121.0,,799.0
-70.0,-104.0,,487.0,184.0,1874.0,-42.0,-1339.0,,819.0
-80.0,-287.0,,454.0,194.0,1900.0,-37.0,-1380.0,,828.0
73.0,-342.0,,413.0,203.0,1903.0,4.0,-1103.0,,830.0
-120.0,-263.0,,409.0,141.0,1606.0,46.0,-986.0,,834.0
-40.0,-306.0,,370.0,84.0,1204.0,99.0,-628.0,,838.0
-149.0,-256.0,,317.0,34.0,1037.0,112.0,-620.0,,830.0
-69.0,-127.0,,376.0,-40.0,1010.0,95.0,-515.0,,823.0
-204.0,-78.0,,340.0,-40.0,1043.0,94.0,-495.0,,807.0
-111.0,-57.0,,286.0,-7.0,908.0,134.0,-563.0,,805.0
-184.0,9.0,,294.0,-2.0,759.0,192.0,-319.0,,822.0
-152.0,114.0,,245.0,31.0,723.0,219.0,-258.0,,845.0
-101.0,194.0,,155.0,49.0,715.0,250.0,33.0,,886.0
-269.0,202.0,,125.0,45.0,621.0,255.0,7.0,,941.0
-204.0,221.0,,114.0,60.0,394.0,244.0,-49.0,,1029.0
-473.0,334.0,,54.0,20.0,407.0,238.0,-96.0,,1125.0
-100.0,404.0,,28.0,-7.0,685.0,242.0,-371.0,,1223.0
-278.0,417.0,,5.0,43.0,874.0,236.0,-339.0,,1315.0
-249.0,361.0,,-15.0,43.0,909.0,225.0,-558.0,,1395.0
-424.0,310.0,,-12.0,10.0,797.0,236.0,-589.0,,1481.0
-345.0,228.0,,-9.0,-12.0,567.0,233.0,-572.0,,1542.0
-57.0,55.0,,-16.0,-87.0,440.0,244.0,-413.0,,1590.0
-412.0,-147.0,,8.0,-135.0,431.0,250.0,29.0,,1634.0
-243.0,-323.0,,51.0,-134.0,414.0,252.0,182.0,,1670.0
-523.0,-329.0,,46.0,-141.0,340.0,255.0,424.0,,1685.0
-84.0,-351.0,,85.0,-71.0,485.0,251.0,293.0,,1696.0
-280.0,-347.0,,116.0,24.0,641.0,280.0,223.0,,1703.0
-114.0,-223.0,,127.0,53.0,573.0,320.0,188.0,,1694.0
-301.0,-115.0,,179.0,103.0,804.0,336.0,48.0,,1677.0
-288.0,-101.0,,205.0,174.0,1249.0,321.0,267.0,,1634.0
175.0,-134.0,,243.0,187.0,1571.0,288.0,177.0,,1571.0
-207.0,-75.0,,298.0,167.0,1484.0,258.0,297.0,,1498.0
146.0,-68.0,,370.0,78.0,1139.0,241.0,295.0,,1407.0
-171.0,-86.0,,380.0,-60.0,1160.0,238.0,273.0,,1301.0
451.0,-94.0,,368.0,-118.0,1299.0,225.0,506.0,,1177.0
109.0,-34.0,,423.0,-128.0,1004.0,205.0,546.0,,1046.0
172.0,71.0,,474.0,-102.0,527.0,199.0,936.0,,913.0
334.0,59.0,,534.0,8.0,260.0,180.0,1152.0,,784.0
363.0,100.0,,581.0,92.0,236.0,157.0,1409.0,,672.0
879.0,169.0,,597.0,127.0,297.0,141.0,1463.0,,576.0
240.0,185.0,,602.0,170.0,203.0,123.0,1199.0,,505.0
603.0,173.0,,625.0,147.0,188.0,109.0,1042.0,,445.0
378.0,121.0,,631.0,100.0,323.0,73.0,633.0,,380.0
840.0,47.0,,647.0,90.0,514.0,42.0,609.0,,313.0
670.0,-100.0,,654.0,69.0,682.0,14.0,519.0,,237.0
495.0,-291.0,,629.0,86.0,625.0,-32.0,519.0,,170.0
693.0,-404.0,,640.0,150.0,575.0,-58.0,574.0,,109.0
577.0,-420.0,,644.0,165.0,748.0,-81.0,306.0,,62.0
790.0,-454.0,,626.0,144.0,976.0,-110.0,327.0,,39.0
377.0,-448.0,,602.0,120.0,911.0,-142.0,175.0,,17.0
603.0,-295.0,,588.0,56.0,634.0,-184.0,225.0,,-2.0
477.0,-171.0,,570.0,-10.0,404.0,-201.0,230.0,,-15.0
603.0,-106.0,,538.0,-31.0,380.0,-199.0,205.0,,-32.0
412.0,8.0,,447.0,-45.0,494.0,-224.0,339.0,,-39.0
358.0,107.0,,365.0,-42.0,477.0,-279.0,210.0,,-38.0
295.0,156.0,,328.0,-19.0,582.0,-321.0,478.0,,-62.0
329.0,105.0,,303.0,-25.0,896.0,-348.0,593.0,,-100.0
566.0,-5.0,,290.0,-36.0,1095.0,-356.0,853.0,,-168.0
230.0,-61.0,,258.0,-60.0,1014.0,-356.0,1165.0,,-264.0
314.0,-104.0,,258.0,-111.0,803.0,-375.0,1117.0,,-351.0
110.0,-188.0,,269.0,-153.0,816.0,-428.0,1213.0,,-450.0
331.0,-263.0,,249.0,-146.0,882.0,-498.0,1023.0,,-550.0
319.0,-156.0,,217.0,-147.0,724.0,-554.0,1019.0,,-625.0
233.0,-37.0,,198.0,-94.0,563.0,-615.0,903.0,,-688.0
206.0,-55.0,,213.0,6.0,436.0,-599.0,800.0,,-722.0
217.0,-54.0,,217.0,84.0,381.0,-527.0,918.0,,-735.0
451.0,-26.0,,148.0,138.0,486.0,-485.0,859.0,,-734.0
278.0,65.0,,75.0,82.0,573.0,-476.0,1104.0,,-710.0
243.0,27.0,,82.0,57.0,709.0,-522.0,1134.0,,-680.0
210.0,-72.0,,41.0,28.0,965.0,-581.0,1313.0,,-620.0
447.0,-31.0,,-24.0,8.0,1158.0,-621.0,1402.0,,-546.0
415.0,-55.0,,-24.0,-32.0,1332.0,-621.0,1230.0,,-460.0
241.0,-209.0,,-17.0,-104.0,1378.0,-584.0,1376.0,,-343.0
259.0,-334.0,,-19.0,-93.0,1133.0,-554.0,1324.0,,-223.0
317.0,-293.0,,1.0,-104.0,862.0,-591.0,1546.0,,-83.0
495.0,-354.0,,92.0,-61.0,741.0,-662.0,1686.0,,66.0
268.0,-410.0,,99.0,-61.0,791.0,-715.0,1807.0,,209.0
48.0,-345.0,,44.0,-27.0,692.0,-729.0,1910.0,,355.0
107.0,-298.0,,83.0,-1.0,367.0,-679.0,1589.0,,496.0
426.0,-245.0,,82.0,6.0,259.0,-618.0,1474.0,,610.0
351.0,-270.0,,41.0,92.0,399.0,-582.0,1140.0,,696.0
-74.0,-178.0,,-13.0,121.0,584.0,-587.0,1064.0,,748.0
-35.0,-35.0,,-21.0,172.0,661.0,-610.0,1051.0,,756.0
73.0,81.0,,-38.0,162.0,724.0,-632.0,942.0,,742.0
242.0,152.0,,-92.0,153.0,868.0,-657.0,1005.0,,691.0
-28.0,169.0,,-118.0,105.0,857.0,-651.0,757.0,,598.0
-169.0,212.0,,-159.0,75.0,701.0,-649.0,788.0,,474.0
30.0,217.0,,-210.0,60.0,733.0,-648.0,624.0,,333.0
12.0,244.0,,-273.0,11.0,745.0,-642.0,598.0,,170.0
1.0,216.0,,-284.0,18.0,614.0,-621.0,681.0,,-11.0
-308.0,210.0,,-324.0,-47.0,380.0,-593.0,626.0,,-191.0
40.0,162.0,,-314.0,-41.0,95.0,-565.0,953.0,,-351.0
279.0,1.0,,-276.0,-54.0,106.0,-531.0,957.0,,-465.0
126.0,-89.0,,-313.0,-59.0,157.0,-526.0,1138.0,,-538.0
21.0,-124.0,,-311.0,7.0,163.0,-520.0,1167.0,,-552.0
-56.0,-208.0,,-297.0,22.0,148.0,-518.0,1106.0,,-516.0
386.0,-288.0,,-218.0,95.0,255.0,-506.0,1160.0,,-433.0
383.0,-277.0,,-149.0,154.0,463.0,-480.0,842.0,,-295.0
305.0,-263.0,,-132.0,156.0,472.0,-461.0,794.0,,-110.0
215.0,-295.0,,-120.0,177.0,511.0,-434.0,545.0,,75.0
327.0,-300.0,,-31.0,194.0,519.0,-400.0,574.0,,238.0
568.0,-211.0,,25.0,142.0,495.0,-373.0,678.0,,389.0
456.0,-170.0,,-38.0,105.0,430.0,-377.0,570.0,,502.0
465.0,-173.0,,3.0,36.0,383.0,-382.0,722.0,,595.0
378.0,-151.0,,25.0,-20.0,270.0,-378.0,508.0,,638.0
568.0,-31.0,,2.0,8.0,38.0,-367.0,504.0,,628.0
538.0,126.0,,12.0,-33.0,10.0,-346.0,389.0,,602.0
335.0,202.0,,7.0,-25.0,123.0,-320.0,258.0,,554.0
397.0,213.0,,61.0,0.0,33.0,-278.0,243.0,,499.0
362.0,203.0,,61.0,-32.0,-276.0,-256.0,134.0,,455.0
447.0,232.0,,24.0,8.0,-441.0,-255.0,489.0,,435.0
218.0,153.0,,86.0,13.0,-465.0,-255.0,646.0,,441.0
158.0,101.0,,105.0,5.0,-584.0,-252.0,957.0,,465.0
237.0,75.0,,94.0,71.0,-938.0,-204.0,1073.0,,500.0
133.0,26.0,,159.0,71.0,-989.0,-165.0,964.0,,543.0
252.0,-55.0,,186.0,50.0,-786.0,-171.0,1042.0,,576.0
-77.0,-215.0,,199.0,40.0,-777.0,-181.0,783.0,,597.0
-100.0,-263.0,,223.0,-47.0,-723.0,-188.0,824.0,,613.0
11.0,-307.0,,129.0,-88.0,-598.0,-165.0,689.0,,625.0
40.0,-363.0,,29.0,-103.0,-380.0,-127.0,676.0,,635.0
-75.0,-397.0,,6.0,-120.0,-364.0,-119.0,787.0,,639.0
-294.0,-371.0,,-102.0,-35.0,-473.0,-151.0,633.0,,632.0
-47.0,-336.0,,-204.0,-1.0,-439.0,-177.0,759.0,,621.0
-199.0,-336.0,,-246.0,-11.0,-230.0,-196.0,702.0,,615.0
-80.0,-257.0,,-259.0,33.0,-85.0,-191.0,988.0,,606.0
-399.0,-168.0,,-280.0,34.0,-256.0,-170.0,1215.0,,603.0
-309.0,-47.0,,-342.0,62.0,-431.0,-169.0,1236.0,,606.0
-51.0,107.0,,-318.0,96.0,-469.0,-171.0,1252.0,,622.0
-232.0,305.0,,-320.0,60.0,-429.0,-194.0,934.0,,624.0
-326.0,455.0,,-344.0,73.0,-447.0,-186.0,918.0,,628.0
-680.0,413.0,,-400.0,58.0,-502.0,-172.0,644.0,,638.0
-197.0,305.0,,-455.0,0.0,-573.0,-193.0,460.0,,624.0
-388.0,197.0,,-460.0,23.0,-575.0,-164.0,334.0,,627.0
-380.0,83.0,,-492.0,15.0,-488.0,-129.0,81.0,,621.0
-636.0,-20.0,,-498.0,1.0,-301.0,-115.0,158.0,,610.0
-597.0,-96.0,,-552.0,40.0,-152.0,-105.0,55.0,,599.0
-323.0,-146.0,,-611.0,13.0,-121.0,-119.0,195.0,,578.0
-679.0,-219.0,,-626.0,16.0,133.0,-138.0,99.0,,566.0
-476.0,-210.0,,-608.0,47.0,335.0,-164.0,-116.0,,555.0
-742.0,-179.0,,-588.0,28.0,324.0,-157.0,-206.0,,538.0
-338.0,-110.0,,-560.0,90.0,164.0,-152.0,-412.0,,527.0
-574.0,42.0,,-614.0,150.0,61.0,-169.0,-171.0,,530.0
-636.0,102.0,,-726.0,157.0,279.0,-160.0,-88.0,,531.0
-668.0,138.0,,-702.0,204.0,309.0,-149.0,236.0,,551.0
-613.0,215.0,,-645.0,168.0,154.0,-120.0,432.0,,575.0
-263.0,292.0,,-621.0,92.0,340.0,-97.0,280.0,,589.0
-641.0,283.0,,-640.0,53.0,692.0,-74.0,297.0,,593.0
-466.0,254.0,,-654.0,-21.0,840.0,-48.0,73.0,,585.0
-586.0,248.0,,-643.0,-33.0,638.0,-32.0,184.0,,588.0
-319.0,253.0,,-691.0,-33.0,431.0,-34.0,109.0,,584.0
-440.0,273.0,,-746.0,-79.0,527.0,-56.0,83.0,,579.0
-396.0,169.0,,-730.0,-47.0,467.0,-46.0,212.0,,579.0
-468.0,50.0,,-752.0,-39.0,200.0,-38.0,212.0,,571.0
-429.0,-48.0,,-796.0,-83.0,41.0,-49.0,546.0,,538.0
-208.0,-214.0,,-806.0,-88.0,26.0,-63.0,582.0,,477.0
-518.0,-370.0,,-851.0,-106.0,52.0,-36.0,811.0,,403.0
-351.0,-374.0,,-860.0,-60.0,31.0,31.0,820.0,,310.0
-501.0,-331.0,,-858.0,23.0,99.0,88.0,691.0,,209.0
-240.0,-370.0,,-820.0,16.0,98.0,128.0,742.0,,111.0
-438.0,-370.0,,-809.0,16.0,-64.0,121.0,524.0,,8.0
-409.0,-282.0,,-833.0,-11.0,-202.0,119.0,707.0,,-88.0
-410.0,-164.0,,-771.0,-79.0,-374.0,141.0,709.0,,-163.0
-559.0,-134.0,,-717.0,-99.0,-550.0,188.0,814.0,,-216.0
-394.0,-115.0,,-647.0,-158.0,-707.0,244.0,881.0,,-242.0
-487.0,-38.0,,-622.0,-181.0,-808.0,291.0,689.0,,-241.0
-422.0,18.0,,-545.0,-139.0,-799.0,312.0,642.0,,-212.0
-746.0,-25.0,,-418.0,-152.0,-880.0,292.0,299.0,,-159.0
-522.0,-79.0,,-406.0,-125.0,-1033.0,286.0,349.0,,-74.0
-492.0,21.0,,-332.0,-76.0,-1085.0,319.0,360.0,,41.0
-519.0,101.0,,-259.0,-59.0,-959.0,380.0,437.0,,179.0
-828.0,82.0,,-227.0,1.0,-940.0,438.0,600.0,,328.0
-930.0,109.0,,-180.0,25.0,-1128.0,488.0,343.0,,471.0
-528.0,161.0,,-130.0,40.0,-1164.0,520.0,240.0,,615.0
-699.0,155.0,,-89.0,105.0,-1071.0,545.0,-240.0,,744.0
-722.0,147.0,,-53.0,98.0,-984.0,556.0,-465.0,,870.0
-887.0,150.0,,-24.0,86.0,-943.0,565.0,-456.0,,987.0
-667.0,124.0,,-12.0,94.0,-838.0,585.0,-380.0,,1074.0
-738.0,72.0,,29.0,59.0,-648.0,598.0,68.0,,1135.0
-731.0,-9.0,,-17.0,51.0,-513.0,601.0,184.0,,1152.0
-742.0,-154.0,,-128.0,-7.0,-459.0,587.0,471.0,,1140.0
-766.0,-310.0,,-173.0,-117.0,-614.0,584.0,500.0,,1108.0
-391.0,-422.0,,-159.0,-157.0,-1024.0,589.0,450.0,,1060.0
-753.0,-540.0,,-176.0,-211.0,-1406.0,617.0,485.0,,1015.0
-742.0,-569.0,,-239.0,-224.0,-1512.0,639.0,151.0,,962.0
-713.0,-510.0,,-200.0,-135.0,-1402.0,653.0,20.0,,899.0
-382.0,-383.0,,-169.0,-84.0,-1231.0,648.0,-360.0,,825.0
-459.0,-224.0,,-190.0,-27.0,-1134.0,621.0,-476.0,,729.0
-795.0,-55.0,,-138.0,8.0,-848.0,582.0,-469.0,,617.0
-638.0,207.0,,-124.0,-30.0,-433.0,513.0,-404.0,,490.0
-709.0,379.0,,-174.0,-28.0,-338.0,488.0,68.0,,347.0
-364.0,379.0,,-265.0,-50.0,-327.0,477.0,203.0,,205.0
-731.0,317.0,,-370.0,-68.0,-246.0,504.0,421.0,,72.0
-715.0,264.0,,-401.0,1.0,0.0,554.0,236.0,,-30.0
-630.0,203.0,,-410.0,26.0,217.0,557.0,24.0,,-107.0
-495.0,98.0,,-449.0,19.0,191.0,567.0,-66.0,,-158.0
-449.0,8.0,,-480.0,10.0,384.0,543.0,-358.0,,-179.0
-864.0,-21.0,,-506.0,-65.0,665.0,532.0,-273.0,,-182.0
-515.0,47.0,,-545.0,-104.0,796.0,529.0,-351.0,,-169.0
-578.0,154.0,,-522.0,-122.0,743.0,535.0,-120.0,,-130.0
-316.0,305.0,,-442.0,-188.0,705.0,567.0,-57.0,,-75.0
-552.0,448.0,,-387.0,-187.0,778.0,541.0,-92.0,,-5.0
-440.0,540.0,,-355.0,-175.0,733.0,511.0,72.0,,91.0
-218.0,587.0,,-266.0,-146.0,756.0,467.0,-24.0,,203.0
-400.0,530.0,,-215.0,-27.0,1051.0,446.0,325.0,,314.0
-179.0,498.0,,-200.0,33.0,1565.0,468.0,537.0,,413.0
-360.0,435.0,,-92.0,88.0,1764.0,471.0,781.0,,512.0
-62.0,299.0,,-72.0,164.0,1692.0,506.0,761.0,,593.0
-248.0,207.0,,-151.0,159.0,1664.0,536.0,352.0,,667.0
-167.0,165.0,,-123.0,180.0,1714.0,510.0,166.0,,741.0
-213.0,145.0,,-109.0,186.0,1762.0,479.0,-282.0,,785.0
-187.0,157.0,,-196.0,145.0,1608.0,462.0,-319.0,,810.0
-46.0,225.0,,-227.0,175.0,1571.0,448.0,-262.0,,809.0
-205.0,234.0,,-234.0,159.0,1630.0,465.0,-84.0,,793.0
-5.0,168.0,,-214.0,115.0,1761.0,481.0,210.0,,761.0
-217.0,44.0,,-281.0,113.0,1936.0,495.0,149.0,,698.0
37.0,-103.0,,-234.0,32.0,1992.0,518.0,343.0,,621.0
-169.0,-197.0,,-110.0,-20.0,1919.0,513.0,219.0,,527.0
-44.0,-293.0,,-128.0,-25.0,1834.0,481.0,184.0,,413.0
68.0,-419.0,,-125.0,-84.0,1833.0,411.0,64.0,,290.0
-81.0,-469.0,,-200.0,-99.0,1785.0,346.0,-273.0,,165.0
159.0,-413.0,,-141.0,-109.0,1665.0,316.0,-413.0,,41.0
74.0,-340.0,,-193.0,-123.0,1504.0,317.0,-901.0,,-79.0
322.0,-330.0,,-149.0,-62.0,1437.0,333.0,-938.0,,-194.0
118.0,-306.0,,-168.0,-45.0,1290.0,341.0,-938.0,,-293.0
213.0,-221.0,,-145.0,-36.0,1304.0,330.0,-757.0,,-365.0
187.0,-203.0,,-135.0,11.0,1321.0,322.0,-369.0,,-389.0
164.0,-169.0,,-212.0,-28.0,1141.0,322.0,-273.0,,-390.0
416.0,-116.0,,-47.0,-73.0,1106.0,314.0,-48.0,,-371.0
230.0,-46.0,,-184.0,-93.0,980.0,341.0,-264.0,,-323.0
370.0,-41.0,,-23.0,-134.0,932.0,353.0,-273.0,,-277.0
133.0,-112.0,,-257.0,-100.0,782.0,314.0,-338.0,,-221.0
241.0,-144.0,,-26.0,-76.0,552.0,253.0,-384.0,,-163.0
266.0,-221.0,,-224.0,-79.0,305.0,200.0,-142.0,,-122.0
162.0,-298.0,,-263.0,-23.0,-10.0,207.0,-297.0,,-99.0
264.0,-423.0,,405.0,-15.0,-92.0,236.0,-291.0,,-99.0
53.0,-437.0,,-557.0,6.0,-156.0,271.0,-543.0,,-118.0
177.0,-377.0,,-197.0,69.0,-281.0,316.0,-602.0,,-163.0
-91.0,-365.0,,2.0,69.0,-413.0,342.0,-397.0,,-229.0
102.0,-321.0,,-382.0,107.0,-504.0,387.0,-234.0,,-301.0
-29.0,-283.0,,-111.0,158.0,-651.0,445.0,194.0,,-375.0
-143.0,-251.0,,-172.0,139.0,-629.0,467.0,341.0,,-432.0
65.0,-227.0,,-108.0,138.0,-465.0,469.0,563.0,,-459.0
-356.0,-133.0,,-190.0,76.0,-275.0,456.0,426.0,,-457.0
-267.0,-114.0,,-120.0,-6.0,-68.0,431.0,212.0,,-426.0
-485.0,-90.0,,-155.0,7.0,-35.0,426.0,190.0,,-370.0
-214.0,-57.0,,-137.0,-6.0,88.0,449.0,-68.0,,-293.0
-349.0,-94.0,,-176.0,2.0,255.0,506.0,149.0,,-205.0
-509.0,-31.0,,-197.0,60.0,344.0,553.0,275.0,,-108.0
-473.0,-11.0,,-170.0,54.0,310.0,586.0,450.0,,-9.0
-488.0,14.0,,-178.0,77.0,260.0,593.0,439.0,,78.0
-163.0,45.0,,-161.0,93.0,219.0,600.0,90.0,,172.0
-690.0,49.0,,-254.0,46.0,144.0,667.0,-75.0,,267.0
-410.0,125.0,,-242.0,59.0,141.0,749.0,-513.0,,346.0
-361.0,162.0,,-262.0,56.0,294.0,850.0,-582.0,,411.0
-194.0,201.0,,-403.0,15.0,517.0,918.0,-670.0,,452.0
-278.0,186.0,,-272.0,18.0,509.0,930.0,-654.0,,471.0
-430.0,93.0,,-292.0,-53.0,474.0,949.0,-437.0,,476.0
-25.0,31.0,,-357.0,-137.0,479.0,956.0,-463.0,,468.0
-174.0,6.0,,-224.0,-167.0,429.0,954.0,-230.0,,458.0
-69.0,-20.0,,-328.0,-237.0,302.0,957.0,-321.0,,443.0
-276.0,-60.0,,-246.0,-243.0,152.0,958.0,-236.0,,415.0
33.0,-34.0,,-280.0,-215.0,35.0,960.0,-157.0,,371.0
12.0,-49.0,,-191.0,-206.0,-183.0,952.0,-295.0,,341.0
-30.0,-4.0,,-72.0,-116.0,-245.0,949.0,-314.0,,310.0
18.0,28.0,,-130.0,-56.0,-156.0,989.0,-678.0,,298.0
-208.0,40.0,,-86.0,-38.0,-152.0,1016.0,-726.0,,322.0
-30.0,179.0,,-110.0,19.0,-112.0,1021.0,-872.0,,351.0
-68.0,201.0,,-65.0,22.0,-45.0,1026.0,-905.0,,394.0
67.0,219.0,,-109.0,35.0,91.0,1009.0,-722.0,,404.0
-184.0,191.0,,-112.0,91.0,175.0,1001.0,-755.0,,383.0
-157.0,136.0,,-112.0,86.0,37.0,993.0,-456.0,,338.0
59.0,119.0,,-142.0,92.0,146.0,975.0,-399.0,,256.0
-43.0,23.0,,-92.0,77.0,358.0,969.0,-269.0,,155.0
51.0,22.0,,-107.0,-10.0,231.0,957.0,-434.0,,41.0
19.0,16.0,,-69.0,-53.0,-93.0,950.0,-729.0,,-67.0
85.0,-37.0,,-27.0,-109.0,-411.0,936.0,-694.0,,-175.0
230.0,-44.0,,-21.0,-157.0,-413.0,886.0,-938.0,,-269.0
41.0,-31.0,,-26.0,-130.0,-412.0,830.0,-785.0,,-351.0
39.0,-14.0,,-51.0,-149.0,-657.0,793.0,-814.0,,-403.0
197.0,-41.0,,-49.0,-151.0,-811.0,781.0,-790.0,,-437.0
300.0,-100.0,,-60.0,-119.0,-764.0,771.0,-676.0,,-463.0
326.0,-126.0,,-60.0,-144.0,-625.0,765.0,-718.0,,-463.0
208.0,-79.0,,-65.0,-128.0,-682.0,766.0,-484.0,,-432.0
425.0,34.0,,-96.0,-81.0,-903.0,740.0,-646.0,,-371.0
399.0,121.0,,-64.0,-86.0,-1065.0,697.0,-561.0,,-308.0
501.0,142.0,,33.0,-64.0,-1104.0,641.0,-487.0,,-235.0
400.0,145.0,,101.0,-56.0,-1046.0,583.0,-474.0,,-184.0
491.0,196.0,,147.0,-75.0,-945.0,540.0,-369.0,,-151.0
812.0,141.0,,110.0,-42.0,-918.0,534.0,-572.0,,-138.0
467.0,-16.0,,175.0,-55.0,-952.0,540.0,-528.0,,-174.0
613.0,44.0,,265.0,-80.0,-797.0,517.0,-824.0,,-224.0
463.0,68.0,,222.0,-64.0,-594.0,477.0,-886.0,,-275.0
583.0,-12.0,,274.0,-87.0,-451.0,433.0,-663.0,,-323.0
694.0,-24.0,,272.0,-45.0,-383.0,416.0,-502.0,,-366.0
531.0,-18.0,,235.0,38.0,-385.0,414.0,-31.0,,-429.0
594.0,70.0,,198.0,56.0,-302.0,415.0,51.0,,-495.0
401.0,70.0,,137.0,106.0,-302.0,375.0,188.0,,-541.0
597.0,23.0,,217.0,135.0,-438.0,326.0,31.0,,-584.0
346.0,51.0,,203.0,99.0,-395.0,308.0,-210.0,,-603.0
299.0,76.0,,130.0,126.0,-108.0,288.0,-267.0,,-609.0
366.0,85.0,,176.0,138.0,-7.0,275.0,-530.0,,-615.0
314.0,99.0,,143.0,118.0,-103.0,255.0,-410.0,,-606.0
218.0,172.0,,199.0,155.0,70.0,257.0,-476.0,,-574.0
76.0,275.0,,257.0,155.0,360.0,269.0,-375.0,,-531.0
236.0,379.0,,260.0,153.0,420.0,303.0,-327.0,,-471.0
10.0,440.0,,291.0,175.0,330.0,353.0,-428.0,,-365.0
100.0,498.0,,202.0,100.0,229.0,355.0,-389.0,,-282.0
73.0,585.0,,217.0,36.0,317.0,338.0,-781.0,,-205.0
96.0,619.0,,309.0,27.0,421.0,319.0,-838.0,,-122.0
115.0,631.0,,329.0,-11.0,254.0,289.0,-881.0,,-55.0
34.0,612.0,,301.0,-8.0,-12.0,252.0,-857.0,,17.0
188.0,614.0,,309.0,2.0,-164.0,212.0,-777.0,,79.0
168.0,592.0,,371.0,-35.0,-82.0,195.0,-859.0,,130.0
177.0,419.0,,370.0,-14.0,36.0,216.0,-654.0,,158.0
89.0,265.0,,343.0,19.0,59.0,263.0,-650.0,,171.0
220.0,152.0,,307.0,-8.0,112.0,287.0,-291.0,,185.0
320.0,-4.0,,319.0,0.0,221.0,262.0,-101.0,,192.0
340.0,-151.0,,304.0,10.0,313.0,204.0,-182.0,,192.0
105.0,-203.0,,190.0,21.0,350.0,148.0,-38.0,,196.0
107.0,-242.0,,122.0,72.0,300.0,141.0,-229.0,,209.0
242.0,-338.0,,45.0,60.0,158.0,149.0,-199.0,,219.0
197.0,-352.0,,30.0,40.0,87.0,151.0,-360.0,,229.0
166.0,-386.0,,64.0,80.0,72.0,152.0,-358.0,,238.0
-61.0,-380.0,,-6.0,73.0,-50.0,134.0,-260.0,,245.0
73.0,-258.0,,-12.0,48.0,-271.0,120.0,-463.0,,257.0
32.0,-163.0,,-1.0,53.0,-337.0,116.0,-380.0,,266.0
4.0,-58.0,,-100.0,19.0,-215.0,122.0,-480.0,,269.0
-102.0,21.0,,-134.0,9.0,-178.0,138.0,-218.0,,264.0
18.0,45.0,,-137.0,25.0,-308.0,128.0,73.0,,247.0
102.0,101.0,,-147.0,15.0,-350.0,106.0,310.0,,233.0
-39.0,116.0,,-173.0,66.0,-90.0,89.0,563.0,,217.0
54.0,68.0,,-164.0,127.0,141.0,32.0,519.0,,202.0
-90.0,79.0,,-137.0,108.0,28.0,10.0,757.0,,194.0
123.0,64.0,,-162.0,85.0,-137.0,20.0,580.0,,187.0
82.0,22.0,,-97.0,15.0,-32.0,5.0,465.0,,187.0
95.0,24.0,,-72.0,-109.0,155.0,-12.0,354.0,,170.0
143.0,39.0,,-60.0,-160.0,133.0,-32.0,35.0,,138.0
137.0,47.0,,-24.0,-187.0,70.0,-36.0,-81.0,,105.0
112.0,35.0,,-44.0,-204.0,99.0,-49.0,-432.0,,76.0
101.0,-17.0,,-65.0,-142.0,209.0,-51.0,-388.0,,62.0
261.0,-69.0,,-110.0,-121.0,164.0,-45.0,-436.0,,66.0
126.0,-76.0,,-126.0,-175.0,-110.0,-45.0,-400.0,,97.0
311.0,-98.0,,-111.0,-198.0,-189.0,-44.0,-277.0,,158.0
231.0,-108.0,,-60.0,-231.0,-389.0,-83.0,-473.0,,245.0
280.0,-96.0,,-36.0,-272.0,-626.0,-125.0,-376.0,,346.0
242.0,2.0,,-50.0,-253.0,-830.0,-180.0,-530.0,,443.0
252.0,89.0,,-55.0,-227.0,-1141.0,-224.0,-412.0,,531.0
410.0,79.0,,-48.0,-146.0,-1130.0,-233.0,-367.0,,609.0
367.0,26.0,,-27.0,-33.0,-1083.0,-245.0,-471.0,,676.0
488.0,-41.0,,-16.0,6.0,-1056.0,-268.0,-347.0,,743.0
321.0,-98.0,,-12.0,71.0,-1077.0,-314.0,-450.0,,790.0
422.0,-224.0,,-38.0,155.0,-1067.0,-351.0,-179.0,,800.0
431.0,-264.0,,-43.0,164.0,-1028.0,-364.0,-169.0,,778.0
511.0,-204.0,,-65.0,153.0,-1122.0,-335.0,-158.0,,740.0
381.0,-67.0,,-64.0,157.0,-1280.0,-308.0,-77.0,,689.0
252.0,73.0,,-41.0,115.0,-1517.0,-300.0,-234.0,,612.0
472.0,156.0,,-51.0,100.0,-1552.0,-302.0,-269.0,,518.0
492.0,225.0,,-48.0,98.0,-1598.0,-346.0,-689.0,,426.0
407.0,212.0,,-91.0,28.0,-1615.0,-404.0,-812.0,,326.0
178.0,166.0,,-91.0,0.0,-1640.0,-452.0,-1012.0,,229.0
379.0,7.0,,-24.0,-26.0,-1690.0,-481.0,-1193.0,,168.0
530.0,-139.0,,44.0,-83.0,-1406.0,-489.0,-1058.0,,124.0
500.0,-276.0,,72.0,-62.0,-1053.0,-469.0,-1197.0,,123.0
317.0,-373.0,,128.0,-28.0,-905.0,-475.0,-951.0,,145.0
355.0,-344.0,,131.0,-43.0,-876.0,-500.0,-770.0,,178.0
551.0,-303.0,,71.0,-22.0,-757.0,-526.0,-508.0,,224.0
581.0,-203.0,,114.0,-3.0,-633.0,-544.0,-380.0,,253.0
508.0,-116.0,,99.0,3.0,-671.0,-544.0,-465.0,,279.0
269.0,-29.0,,114.0,73.0,-900.0,-568.0,-328.0,,299.0
482.0,-1.0,,152.0,77.0,-805.0,-592.0,-526.0,,314.0
505.0,41.0,,139.0,12.0,-436.0,-640.0,-493.0,,304.0
475.0,114.0,,125.0,-38.0,-393.0,-684.0,-665.0,,279.0
351.0,94.0,,100.0,-125.0,-520.0,-694.0,-794.0,,242.0
345.0,65.0,,117.0,-171.0,-630.0,-717.0,-715.0,,204.0
466.0,37.0,,102.0,-152.0,-593.0,-734.0,-835.0,,186.0
346.0,5.0,,90.0,-163.0,-701.0,-762.0,-613.0,,175.0
343.0,-106.0,,128.0,-144.0,-919.0,-776.0,-694.0,,183.0
189.0,-198.0,,190.0,-58.0,-1060.0,-766.0,-524.0,,206.0
315.0,-197.0,,190.0,-14.0,-1325.0,-750.0,-288.0,,232.0
218.0,-210.0,,192.0,10.0,-1333.0,-735.0,-203.0,,250.0
147.0,-246.0,,277.0,23.0,-1160.0,-729.0,112.0,,284.0
51.0,-273.0,,276.0,-2.0,-1030.0,-750.0,42.0,,325.0
110.0,-260.0,,266.0,24.0,-915.0,-785.0,131.0,,374.0
319.0,-193.0,,288.0,56.0,-921.0,-801.0,-107.0,,445.0
85.0,-47.0,,293.0,70.0,-849.0,-821.0,-354.0,,529.0
98.0,81.0,,283.0,123.0,-738.0,-830.0,-463.0,,630.0
-5.0,169.0,,201.0,166.0,-775.0,-839.0,-729.0,,720.0
102.0,262.0,,158.0,180.0,-993.0,-843.0,-650.0,,822.0
120.0,315.0,,131.0,207.0,-1149.0,-828.0,-829.0,,920.0
124.0,292.0,,61.0,230.0,-1127.0,-819.0,-659.0,,998.0
112.0,230.0,,17.0,217.0,-1093.0,-791.0,-565.0,,1053.0
130.0,199.0,,31.0,219.0,-1074.0,-757.0,-570.0,,1064.0
281.0,167.0,,38.0,193.0,-984.0,-761.0,-439.0,,1059.0
223.0,100.0,,35.0,157.0,-701.0,-788.0,-667.0,,1037.0
216.0,53.0,,48.0,186.0,-732.0,-800.0,-613.0,,1014.0
67.0,144.0,,70.0,156.0,-995.0,-795.0,-886.0,,984.0
268.0,247.0,,140.0,88.0,-1189.0,-784.0,-1029.0,,946.0
222.0,238.0,,229.0,40.0,-1333.0,-768.0,-981.0,,904.0
196.0,210.0,,328.0,-50.0,-1374.0,-782.0,-1005.0,,849.0
111.0,186.0,,359.0,-106.0,-1680.0,-819.0,-720.0,,797.0
117.0,186.0,,377.0,-91.0,-1814.0,-838.0,-726.0,,749.0
252.0,156.0,,423.0,-90.0,-1757.0,-871.0,-593.0,,730.0
156.0,102.0,,440.0,-91.0,-1784.0,-873.0,-726.0,,740.0
288.0,8.0,,470.0,-103.0,-1571.0,-855.0,-814.0,,782.0
89.0,-93.0,,487.0,-174.0,-1309.0,-879.0,-698.0,,855.0
225.0,-119.0,,456.0,-201.0,-1227.0,-918.0,-824.0,,932.0
111.0,-131.0,,383.0,-182.0,-1314.0,-954.0,-561.0,,1010.0
26.0,-149.0,,366.0,-197.0,-1343.0,-981.0,-637.0,,1098.0
105.0,-165.0,,358.0,-164.0,-1196.0,-975.0,-668.0,,1180.0
127.0,-99.0,,346.0,-119.0,-1219.0,-931.0,-748.0,,1255.0
241.0,-47.0,,387.0,-121.0,-1491.0,-871.0,-1003.0,,1335.0
-41.0,-35.0,,334.0,-90.0,-1540.0,-851.0,-811.0,,1394.0
111.0,5.0,,273.0,-77.0,-1398.0,-879.0,-703.0,,1448.0
67.0,19.0,,282.0,-103.0,-1309.0,-911.0,-240.0,,1485.0
91.0,36.0,,238.0,-98.0,-1158.0,-939.0,-40.0,,1496.0
108.0,45.0,,162.0,-125.0,-824.0,-924.0,-33.0,,1507.0
8.0,89.0,,126.0,-139.0,-340.0,-886.0,-48.0,,1496.0
66.0,152.0,,91.0,-54.0,-179.0,-849.0,-308.0,,1464.0
-103.0,167.0,,89.0,31.0,-381.0,-821.0,-214.0,,1433.0
107.0,113.0,,97.0,108.0,-388.0,-806.0,-424.0,,1396.0
91.0,106.0,,31.0,190.0,-218.0,-785.0,-391.0,,1336.0
39.0,198.0,,35.0,197.0,-142.0,-772.0,-363.0,,1264.0
6.0,175.0,,38.0,182.0,-136.0,-760.0,-450.0,,1179.0
-87.0,35.0,,-3.0,189.0,-179.0,-766.0,-365.0,,1082.0
120.0,-92.0,,-44.0,187.0,-92.0,-778.0,-624.0,,966.0
106.0,-80.0,,-86.0,207.0,143.0,-807.0,-580.0,,828.0
108.0,-5.0,,-32.0,226.0,215.0,-827.0,-755.0,,684.0
-49.0,30.0,,-13.0,189.0,306.0,-816.0,-805.0,,534.0
-50.0,99.0,,-76.0,134.0,411.0,-801.0,-805.0,,385.0
133.0,172.0,,-44.0,70.0,389.0,-750.0,-951.0,,259.0
56.0,217.0,,38.0,-36.0,494.0,-713.0,-715.0,,174.0
118.0,157.0,,11.0,-128.0,485.0,-687.0,-803.0,,117.0
94.0,28.0,,6.0,-220.0,202.0,-671.0,-694.0,,108.0
151.0,-45.0,,73.0,-290.0,-37.0,-671.0,-753.0,,129.0
51.0,-101.0,,103.0,-249.0,211.0,-654.0,-818.0,,175.0
10.0,-204.0,,103.0,-197.0,615.0,-645.0,-620.0,,264.0
130.0,-268.0,,93.0,-166.0,687.0,-621.0,-644.0,,350.0
183.0,-225.0,,90.0,-106.0,689.0,-617.0,-369.0,,450.0
359.0,-156.0,,18.0,-63.0,773.0,-618.0,-365.0,,564.0
9.0,-123.0,,-49.0,-17.0,1125.0,-625.0,-279.0,,673.0
91.0,-95.0,,-12.0,62.0,1163.0,-659.0,-271.0,,773.0
242.0,-45.0,,-13.0,98.0,740.0,-677.0,-484.0,,848.0
207.0,14.0,,-74.0,132.0,671.0,-666.0,-532.0,,898.0
208.0,88.0,,-100.0,186.0,849.0,-627.0,-947.0,,917.0
-11.0,150.0,,-110.0,197.0,827.0,-601.0,-1075.0,,919.0
224.0,159.0,,-114.0,226.0,514.0,-587.0,-1195.0,,909.0
114.0,95.0,,-76.0,221.0,254.0,-592.0,-964.0,,883.0
228.0,30.0,,-44.0,154.0,306.0,-607.0,-397.0,,841.0
34.0,-4.0,,-48.0,134.0,440.0,-624.0,-103.0,,805.0
48.0,-48.0,,-61.0,129.0,319.0,-647.0,373.0,,771.0
230.0,-124.0,,-76.0,107.0,169.0,-655.0,343.0,,732.0
5.0,-192.0,,-19.0,75.0,108.0,-654.0,273.0,,693.0
132.0,-195.0,,41.0,-13.0,55.0,-637.0,62.0,,666.0
-133.0,-189.0,,18.0,-93.0,34.0,-623.0,-280.0,,667.0
180.0,-158.0,,65.0,-92.0,-185.0,-615.0,-334.0,,663.0
-120.0,-168.0,,128.0,-111.0,-460.0,-608.0,-441.0,,685.0
-11.0,-219.0,,117.0,-131.0,-614.0,-592.0,-179.0,,733.0
75.0,-216.0,,88.0,-108.0,-653.0,-576.0,-153.0,,780.0
-27.0,-266.0,,105.0,-81.0,-719.0,-579.0,112.0,,864.0
180.0,-370.0,,121.0,-3.0,-882.0,-573.0,424.0,,936.0
-332.0,-447.0,,63.0,83.0,-892.0,-575.0,354.0,,1006.0
118.0,-504.0,,48.0,106.0,-484.0,-571.0,473.0,,1077.0
-128.0,-506.0,,63.0,116.0,-66.0,-569.0,223.0,,1122.0
130.0,-427.0,,43.0,112.0,-152.0,-584.0,171.0,,1166.0
-126.0,-295.0,,-13.0,81.0,-442.0,-587.0,73.0,,1197.0
-171.0,-142.0,,-10.0,74.0,-462.0,-595.0,36.0,,1224.0
110.0,-52.0,,74.0,52.0,-94.0,-599.0,186.0,,1233.0
-271.0,77.0,,30.0,5.0,22.0,-574.0,157.0,,1225.0
141.0,239.0,,-67.0,2.0,-302.0,-548.0,463.0,,1218.0
-337.0,230.0,,-64.0,-11.0,-470.0,-546.0,424.0,,1198.0
114.0,146.0,,-72.0,-5.0,-462.0,-560.0,471.0,,1169.0
-270.0,132.0,,-106.0,63.0,-646.0,-573.0,552.0,,1130.0
-211.0,169.0,,-87.0,87.0,-830.0,-586.0,681.0,,1065.0
-138.0,167.0,,-59.0,119.0,-797.0,-629.0,1073.0,,973.0
-292.0,86.0,,-104.0,170.0,-617.0,-648.0,1097.0,,868.0
0.0,7.0,,-148.0,155.0,-455.0,-662.0,1310.0,,740.0
-505.0,40.0,,-176.0,137.0,-507.0,-688.0,1123.0,,602.0
-40.0,63.0,,-154.0,112.0,-456.0,-700.0,929.0,,475.0
-456.0,4.0,,-94.0,63.0,-301.0,-758.0,803.0,,357.0
-31.0,-20.0,,-59.0,61.0,-119.0,-787.0,312.0,,255.0
-303.0,-61.0,,58.0,41.0,-22.0,-777.0,131.0,,160.0
-360.0,-140.0,,122.0,-17.0,-58.0,-768.0,-86.0,,74.0
-210.0,-230.0,,148.0,-38.0,-89.0,-753.0,75.0,,-15.0
-413.0,-326.0,,231.0,-89.0,-116.0,-752.0,266.0,,-107.0
29.0,-301.0,,259.0,-124.0,69.0,-748.0,556.0,,-189.0
-409.0,-196.0,,242.0,-84.0,254.0,-730.0,925.0,,-271.0
-69.0,-140.0,,237.0,-63.0,356.0,-694.0,831.0,,-333.0
-467.0,-108.0,,231.0,-16.0,482.0,-645.0,1090.0,,-379.0
-156.0,-66.0,,262.0,24.0,664.0,-617.0,1099.0,,-398.0
-329.0,-44.0,,277.0,17.0,810.0,-636.0,1093.0,,-404.0
-346.0,-104.0,,260.0,38.0,709.0,-662.0,1034.0,,-402.0
-201.0,-162.0,,330.0,28.0,713.0,-690.0,655.0,,-386.0
-424.0,-176.0,,331.0,-9.0,928.0,-662.0,539.0,,-374.0
-42.0,-146.0,,298.0,17.0,1056.0,-596.0,336.0,,-348.0
-615.0,-59.0,,328.0,38.0,1091.0,-554.0,445.0,,-319.0
-249.0,-7.0,,350.0,39.0,1036.0,-518.0,437.0,,-295.0
-461.0,-3.0,,402.0,64.0,1002.0,-512.0,637.0,,-257.0
-125.0,-22.0,,439.0,29.0,1069.0,-481.0,1010.0,,-207.0
-275.0,-22.0,,454.0,5.0,949.0,-468.0,1021.0,,-164.0
-487.0,-16.0,,478.0,40.0,740.0,-464.0,1348.0,,-128.0
-223.0,12.0,,496.0,14.0,718.0,-447.0,1359.0,,-102.0
-475.0,62.0,,539.0,-33.0,721.0,-472.0,1546.0,,-84.0
-78.0,109.0,,557.0,-51.0,560.0,-450.0,1690.0,,-57.0
-498.0,132.0,,541.0,-69.0,299.0,-402.0,1461.0,,-44.0
-199.0,43.0,,535.0,-48.0,141.0,-364.0,1367.0,,-34.0
-354.0,-52.0,,503.0,-18.0,227.0,-324.0,1110.0,,-8.0
-304.0,-105.0,,509.0,-25.0,292.0,-282.0,1273.0,,22.0
-348.0,-125.0,,505.0,0.0,256.0,-239.0,1330.0,,53.0
-512.0,-122.0,,523.0,19.0,179.0,-216.0,1430.0,,81.0
-214.0,-126.0,,552.0,8.0,-7.0,-177.0,1590.0,,111.0
-504.0,-96.0,,547.0,48.0,-22.0,-155.0,1461.0,,143.0
-154.0,-44.0,,564.0,78.0,118.0,-134.0,1513.0,,188.0
-500.0,36.0,,596.0,74.0,85.0,-88.0,1263.0,,226.0
-440.0,85.0,,632.0,91.0,-127.0,-63.0,1249.0,,244.0
-383.0,110.0,,586.0,94.0,-127.0,-28.0,1127.0,,265.0
-372.0,137.0,,567.0,93.0,-3.0,35.0,951.0,,269.0
-305.0,73.0,,544.0,112.0,-12.0,76.0,973.0,,261.0
-574.0,-19.0,,540.0,73.0,-54.0,101.0,646.0,,254.0
-406.0,-6.0,,545.0,31.0,-148.0,130.0,611.0,,247.0
-437.0,43.0,,465.0,40.0,-142.0,118.0,378.0,,247.0
-222.0,20.0,,417.0,17.0,-127.0,108.0,375.0,,258.0
-526.0,0.0,,340.0,4.0,-236.0,115.0,589.0,,281.0
-553.0,7.0,,258.0,11.0,-352.0,143.0,659.0,,299.0
-415.0,12.0,,238.0,-10.0,-331.0,206.0,992.0,,296.0
-417.0,-8.0,,248.0,0.0,-152.0,248.0,921.0,,278.0
-370.0,15.0,,177.0,15.0,-10.0,297.0,975.0,,247.0
-599.0,171.0,,128.0,-1.0,-61.0,359.0,848.0,,194.0
-492.0,346.0,,147.0,38.0,-127.0,414.0,631.0,,142.0
-454.0,433.0,,121.0,82.0,-81.0,461.0,593.0,,114.0
-462.0,428.0,,144.0,71.0,-60.0,493.0,279.0,,117.0
-600.0,412.0,,195.0,72.0,-107.0,517.0,208.0,,159.0
-582.0,369.0,,215.0,80.0,-342.0,541.0,-84.0,,227.0
-486.0,202.0,,271.0,90.0,-492.0,590.0,-151.0,,325.0
-411.0,-19.0,,385.0,120.0,-387.0,663.0,22.0,,447.0
-519.0,-178.0,,417.0,116.0,-293.0,719.0,242.0,,578.0
-626.0,-214.0,,353.0,78.0,-271.0,723.0,740.0,,703.0
-494.0,-225.0,,328.0,70.0,-236.0,715.0,892.0,,820.0
-360.0,-213.0,,294.0,43.0,-210.0,718.0,1165.0,,918.0
-320.0,-112.0,,257.0,28.0,-209.0,741.0,1165.0,,991.0
-464.0,-45.0,,238.0,88.0,-217.0,785.0,1121.0,,1053.0
-402.0,-1.0,,215.0,112.0,-292.0,838.0,1189.0,,1073.0
-289.0,37.0,,244.0,117.0,-202.0,867.0,910.0,,1047.0
-200.0,17.0,,263.0,137.0,-2.0,864.0,809.0,,1001.0
-335.0,-45.0,,262.0,125.0,87.0,861.0,369.0,,920.0
-280.0,-102.0,,243.0,129.0,136.0,843.0,42.0,,825.0
-209.0,-147.0,,281.0,136.0,387.0,833.0,-223.0,,723.0
-97.0,-200.0,,331.0,98.0,738.0,818.0,-312.0,,624.0
-186.0,-219.0,,308.0,93.0,905.0,812.0,83.0,,541.0
-385.0,-270.0,,373.0,131.0,1002.0,840.0,321.0,,457.0
-211.0,-333.0,,404.0,147.0,999.0,864.0,951.0,,391.0
-149.0,-319.0,,373.0,177.0,1064.0,900.0,1261.0,,325.0
6.0,-294.0,,390.0,169.0,1251.0,916.0,1404.0,,271.0
-208.0,-287.0,,420.0,82.0,1333.0,895.0,1461.0,,242.0
-287.0,-268.0,,377.0,32.0,1262.0,880.0,1202.0,,229.0
-314.0,-243.0,,305.0,6.0,1218.0,880.0,1208.0,,256.0
-132.0,-207.0,,268.0,-47.0,1240.0,901.0,801.0,,304.0
-101.0,-138.0,,179.0,-85.0,1287.0,928.0,539.0,,373.0
-254.0,-42.0,,103.0,-117.0,1255.0,941.0,194.0,,454.0
-162.0,126.0,,29.0,-134.0,1066.0,947.0,-73.0,,532.0
-162.0,271.0,,0.0,-86.0,1056.0,933.0,35.0,,610.0
-66.0,364.0,,27.0,-37.0,1151.0,928.0,-14.0,,665.0
-319.0,466.0,,4.0,-12.0,1271.0,959.0,391.0,,685.0
-210.0,429.0,,0.0,59.0,1216.0,977.0,589.0,,672.0
-264.0,285.0,,26.0,113.0,1178.0,960.0,831.0,,627.0
-164.0,136.0,,13.0,114.0,1522.0,939.0,866.0,,561.0
-259.0,-38.0,,-46.0,119.0,1757.0,930.0,452.0,,484.0
-480.0,-175.0,,-86.0,88.0,1850.0,944.0,227.0,,412.0
-344.0,-256.0,,-62.0,50.0,1788.0,961.0,-216.0,,336.0
-370.0,-305.0,,-32.0,75.0,1738.0,959.0,-219.0,,250.0
-290.0,-271.0,,-24.0,81.0,1890.0,955.0,-267.0,,178.0
-523.0,-140.0,,-12.0,56.0,1888.0,927.0,-210.0,,116.0
-470.0,-31.0,,-89.0,48.0,1745.0,919.0,40.0,,74.0
-591.0,22.0,,-140.0,15.0,1611.0,935.0,-11.0,,57.0
-336.0,114.0,,-103.0,1.0,1870.0,946.0,188.0,,69.0
-341.0,181.0,,-124.0,-1.0,2262.0,941.0,70.0,,111.0
-595.0,157.0,,-164.0,-66.0,2107.0,917.0,125.0,,171.0
-550.0,152.0,,-224.0,-117.0,1923.0,891.0,181.0,,246.0
-580.0,232.0,,-215.0,-119.0,1896.0,867.0,107.0,,324.0
-299.0,354.0,,-221.0,-151.0,1859.0,887.0,199.0,,415.0
-454.0,426.0,,-314.0,-145.0,1762.0,914.0,-29.0,,492.0
-474.0,389.0,,-352.0,-105.0,1620.0,952.0,51.0,,557.0
-510.0,365.0,,-362.0,-123.0,1740.0,966.0,-81.0,,627.0
-257.0,452.0,,-339.0,-129.0,1919.0,934.0,-199.0,,669.0
-309.0,493.0,,-300.0,-128.0,1928.0,894.0,-127.0,,680.0
-401.0,468.0,,-272.0,-145.0,1723.0,844.0,-186.0,,675.0
-221.0,467.0,,-267.0,-127.0,1750.0,838.0,97.0,,674.0
-153.0,451.0,,-217.0,-121.0,1974.0,838.0,162.0,,679.0
35.0,356.0,,-103.0,-135.0,1963.0,839.0,413.0,,676.0
-263.0,198.0,,-41.0,-97.0,1895.0,870.0,476.0,,656.0
-183.0,30.0,,-7.0,-55.0,1690.0,894.0,352.0,,633.0
-145.0,-84.0,,-9.0,-50.0,1560.0,893.0,362.0,,599.0
-11.0,-156.0,,-83.0,-26.0,1639.0,847.0,29.0,,568.0
42.0,-277.0,,-96.0,-12.0,1650.0,791.0,18.0,,551.0
-47.0,-278.0,,-71.0,-21.0,1441.0,754.0,-216.0,,540.0
-52.0,-143.0,,-169.0,-7.0,962.0,749.0,-339.0,,553.0
-108.0,-16.0,,-206.0,-1.0,671.0,764.0,-288.0,,576.0
17.0,96.0,,-232.0,1.0,900.0,773.0,-345.0,,606.0
22.0,219.0,,-293.0,37.0,1041.0,773.0,-145.0,,647.0
58.0,358.0,,-250.0,46.0,607.0,751.0,-238.0,,703.0
-74.0,390.0,,-281.0,27.0,285.0,732.0,-157.0,,759.0
73.0,349.0,,-305.0,39.0,658.0,719.0,-277.0,,818.0
31.0,326.0,,-269.0,22.0,1139.0,734.0,-358.0,,876.0
-70.0,354.0,,-252.0,-20.0,1213.0,767.0,-306.0,,906.0
22.0,338.0,,-270.0,-49.0,1076.0,749.0,-546.0,,936.0
126.0,182.0,,-348.0,-91.0,1164.0,704.0,-426.0,,960.0
197.0,-12.0,,-359.0,-85.0,1452.0,663.0,-521.0,,966.0
65.0,-160.0,,-274.0,-23.0,1314.0,632.0,-400.0,,965.0
2.0,-282.0,,-240.0,6.0,928.0,601.0,-347.0,,940.0
-65.0,-372.0,,-223.0,3.0,901.0,570.0,-515.0,,897.0
30.0,-396.0,,-120.0,5.0,1016.0,563.0,-406.0,,836.0
-11.0,-379.0,,-79.0,-6.0,994.0,587.0,-617.0,,743.0
-44.0,-313.0,,-65.0,-8.0,824.0,623.0,-637.0,,634.0
-181.0,-226.0,,-44.0,20.0,734.0,626.0,-901.0,,508.0
-149.0,-139.0,,-89.0,7.0,995.0,601.0,-1091.0,,378.0
-159.0,-89.0,,-69.0,5.0,1154.0,570.0,-975.0,,255.0
-241.0,-47.0,,-30.0,26.0,855.0,542.0,-897.0,,151.0
-297.0,25.0,,-90.0,20.0,532.0,535.0,-478.0,,93.0
-470.0,64.0,,-86.0,64.0,388.0,559.0,-432.0,,48.0
-286.0,56.0,,-47.0,117.0,328.0,568.0,-306.0,,37.0
-314.0,-29.0,,-38.0,118.0,423.0,556.0,-365.0,,67.0
-276.0,-178.0,,44.0,119.0,608.0,542.0,-545.0,,91.0
-400.0,-339.0,,102.0,102.0,846.0,556.0,-430.0,,126.0
-253.0,-512.0,,60.0,53.0,1106.0,583.0,-585.0,,157.0
-138.0,-660.0,,31.0,53.0,1204.0,564.0,-467.0,,167.0
-216.0,-666.0,,29.0,46.0,1216.0,532.0,-593.0,,176.0
-221.0,-602.0,,12.0,-1.0,1189.0,486.0,-652.0,,178.0
-246.0,-575.0,,72.0,2.0,1126.0,455.0,-646.0,,176.0
154.0,-497.0,,46.0,0.0,1078.0,469.0,-820.0,,180.0
-34.0,-300.0,,-34.0,-25.0,857.0,478.0,-633.0,,183.0
-54.0,-135.0,,-7.0,-13.0,495.0,508.0,-639.0,,180.0
-161.0,-57.0,,-6.0,-26.0,390.0,520.0,-295.0,,183.0
85.0,26.0,,-16.0,-58.0,406.0,494.0,-118.0,,184.0
234.0,114.0,,-54.0,-51.0,421.0,485.0,-84.0,,174.0
-23.0,215.0,,-16.0,-68.0,728.0,462.0,-3.0,,156.0
147.0,199.0,,70.0,-72.0,797.0,425.0,-301.0,,108.0
-38.0,127.0,,72.0,-7.0,628.0,388.0,-279.0,,46.0
195.0,107.0,,38.0,0.0,738.0,384.0,-500.0,,-24.0
0.0,130.0,,-34.0,-25.0,930.0,387.0,-469.0,,-93.0
163.0,143.0,,-79.0,-14.0,1112.0,370.0,-291.0,,-156.0
215.0,40.0,,-104.0,-33.0,1037.0,353.0,-179.0,,-197.0
203.0,-44.0,,-211.0,-44.0,924.0,309.0,192.0,,-197.0
292.0,-100.0,,-343.0,-35.0,1062.0,271.0,227.0,,-180.0
-18.0,-141.0,,-392.0,-53.0,1061.0,246.0,476.0,,-130.0
229.0,-110.0,,-418.0,-56.0,831.0,246.0,421.0,,-75.0
112.0,50.0,,-494.0,-70.0,650.0,240.0,260.0,,-8.0
422.0,215.0,,-542.0,-117.0,799.0,211.0,90.0,,68.0
301.0,273.0,,-577.0,-117.0,942.0,199.0,-303.0,,153.0
240.0,371.0,,-632.0,-122.0,804.0,177.0,-315.0,,246.0
217.0,468.0,,-664.0,-177.0,569.0,148.0,-524.0,,322.0
242.0,600.0,,-682.0,-177.0,443.0,117.0,-454.0,,398.0
350.0,689.0,,-666.0,-145.0,504.0,115.0,-461.0,,463.0
164.0,660.0,,-667.0,-130.0,400.0,130.0,-445.0,,509.0
355.0,613.0,,-660.0,-96.0,92.0,118.0,-62.0,,527.0
218.0,485.0,,-671.0,-97.0,-79.0,109.0,11.0,,544.0
317.0,332.0,,-730.0,-128.0,107.0,86.0,375.0,,542.0
77.0,176.0,,-796.0,-130.0,354.0,30.0,399.0,,530.0
298.0,17.0,,-851.0,-139.0,260.0,-13.0,328.0,,531.0
248.0,-108.0,,-877.0,-111.0,115.0,-47.0,218.0,,504.0
305.0,-149.0,,-920.0,-44.0,150.0,-62.0,-109.0,,475.0
230.0,-133.0,,-942.0,-27.0,273.0,-51.0,-158.0,,457.0
131.0,-97.0,,-976.0,-13.0,244.0,-47.0,-563.0,,444.0
312.0,27.0,,-934.0,18.0,0.0,-79.0,-587.0,,435.0
-23.0,99.0,,-915.0,35.0,-158.0,-136.0,-500.0,,439.0
278.0,120.0,,-953.0,57.0,-309.0,-189.0,-280.0,,447.0
-11.0,92.0,,-920.0,73.0,-532.0,-230.0,94.0,,462.0
282.0,35.0,,-940.0,66.0,-652.0,-242.0,46.0,,486.0
-17.0,0.0,,-933.0,71.0,-771.0,-245.0,227.0,,479.0
128.0,-101.0,,-907.0,71.0,-758.0,-254.0,64.0,,434.0
228.0,-188.0,,-889.0,20.0,-669.0,-253.0,70.0,,361.0
-67.0,-280.0,,-847.0,-13.0,-792.0,-261.0,134.0,,276.0
188.0,-357.0,,-821.0,-1.0,-1050.0,-279.0,96.0,,169.0
-208.0,-450.0,,-754.0,-14.0,-1247.0,-271.0,338.0,,59.0
249.0,-536.0,,-656.0,-34.0,-1289.0,-272.0,169.0,,-54.0
-87.0,-576.0,,-633.0,-53.0,-1406.0,-291.0,229.0,,-165.0
124.0,-654.0,,-640.0,-95.0,-1538.0,-280.0,83.0,,-264.0
-17.0,-637.0,,-621.0,-131.0,-1523.0,-273.0,0.0,,-377.0
0.0,-574.0,,-563.0,-151.0,-1423.0,-247.0,68.0,,-483.0
146.0,-487.0,,-470.0,-164.0,-1327.0,-225.0,-158.0,,-570.0
-170.0,-370.0,,-473.0,-140.0,-1320.0,-236.0,5.0,,-628.0
217.0,-246.0,,-442.0,-96.0,-1332.0,-237.0,-18.0,,-651.0
-83.0,-118.0,,-349.0,-88.0,-1297.0,-244.0,134.0,,-663.0
247.0,-66.0,,-343.0,-92.0,-1287.0,-209.0,186.0,,-659.0
-77.0,-32.0,,-283.0,-104.0,-1368.0,-160.0,-3.0,,-631.0
-48.0,-37.0,,-200.0,-146.0,-1462.0,-135.0,-97.0,,-605.0
-10.0,-18.0,,-171.0,-153.0,-1666.0,-116.0,-543.0,,-603.0
-103.0,-61.0,,-100.0,-127.0,-1763.0,-135.0,-665.0,,-626.0
85.0,-164.0,,23.0,-110.0,-1571.0,-140.0,-822.0,,-678.0
-223.0,-166.0,,92.0,-71.0,-1377.0,-110.0,-735.0,,-714.0
-87.0,-165.0,,72.0,-38.0,-1387.0,-49.0,-469.0,,-734.0
-422.0,-127.0,,110.0,-19.0,-1517.0,32.0,-436.0,,-767.0
-354.0,-75.0,,97.0,16.0,-1476.0,68.0,-177.0,,-773.0
-421.0,7.0,,58.0,20.0,-1425.0,79.0,-208.0,,-753.0
-468.0,134.0,,89.0,12.0,-1480.0,76.0,-121.0,,-721.0
-322.0,224.0,,70.0,46.0,-1540.0,57.0,-308.0,,-669.0
-434.0,332.0,,23.0,60.0,-1466.0,74.0,-578.0,,-595.0
-478.0,450.0,,-24.0,57.0,-1395.0,99.0,-576.0,,-520.0
-740.0,571.0,,-61.0,88.0,-1600.0,89.0,-794.0,,-427.0
-619.0,564.0,,-104.0,95.0,-1746.0,71.0,-746.0,,-311.0
-540.0,400.0,,-150.0,101.0,-1776.0,43.0,-947.0,,-217.0
-524.0,324.0,,-204.0,121.0,-1775.0,24.0,-899.0,,-135.0
-591.0,245.0,,-245.0,96.0,-1784.0,40.0,-763.0,,-60.0
-650.0,62.0,,-252.0,96.0,-1850.0,60.0,-873.0,,-23.0
-537.0,-27.0,,-256.0,113.0,-1916.0,91.0,-803.0,,15.0
-537.0,-50.0,,-276.0,71.0,-1910.0,113.0,-981.0,,48.0
-484.0,-92.0,,-289.0,56.0,-1755.0,117.0,-707.0,,63.0
-431.0,-67.0,,-303.0,63.0,-1646.0,122.0,-498.0,,85.0
-326.0,16.0,,-367.0,15.0,-1707.0,114.0,-308.0,,77.0
-384.0,169.0,,-420.0,-2.0,-1955.0,110.0,24.0,,59.0
-264.0,379.0,,-419.0,17.0,-2211.0,112.0,53.0,,23.0
-265.0,413.0,,-395.0,15.0,-2476.0,110.0,271.0,,-7.0
-197.0,371.0,,-380.0,53.0,-2702.0,101.0,101.0,,-10.0
-48.0,375.0,,-445.0,80.0,-2866.0,96.0,31.0,,-14.0
-106.0,290.0,,-461.0,36.0,-3115.0,108.0,-75.0,,3.0
51.0,148.0,,-430.0,32.0,-3238.0,127.0,-297.0,,33.0
-81.0,-10.0,,-463.0,41.0,-3055.0,156.0,-321.0,,80.0
104.0,-169.0,,-413.0,0.0,-2794.0,179.0,-626.0,,130.0
14.0,-312.0,,-377.0,-26.0,-2671.0,197.0,-550.0,,180.0
87.0,-386.0,,-397.0,-47.0,-2397.0,179.0,-587.0,,214.0
12.0,-397.0,,-379.0,-73.0,-2278.0,132.0,-432.0,,234.0
-61.0,-350.0,,-253.0,-43.0,-2284.0,96.0,-114.0,,275.0
247.0,-285.0,,-134.0,-9.0,-2335.0,59.0,-1.0,,281.0
-5.0,-250.0,,-145.0,12.0,-2491.0,44.0,284.0,,283.0
211.0,-240.0,,-75.0,67.0,-2475.0,45.0,127.0,,291.0
-19.0,-208.0,,10.0,77.0,-2615.0,32.0,158.0,,280.0
201.0,-124.0,,13.0,53.0,-2833.0,21.0,55.0,,280.0
32.0,-100.0,,35.0,56.0,-3019.0,-9.0,-40.0,,286.0
22.0,-131.0,,85.0,33.0,-2965.0,-39.0,73.0,,273.0
234.0,-201.0,,105.0,-5.0,-2771.0,-40.0,-49.0,,234.0
29.0,-346.0,,135.0,-18.0,-2686.0,-31.0,256.0,,220.0
350.0,-467.0,,171.0,-45.0,-2625.0,-11.0,310.0,,216.0
-46.0,-471.0,,166.0,-70.0,-2608.0,-11.0,399.0,,193.0
276.0,-503.0,,127.0,-49.0,-2538.0,-38.0,362.0,,168.0
27.0,-571.0,,60.0,-44.0,-2486.0,-59.0,114.0,,146.0
222.0,-614.0,,61.0,-50.0,-2458.0,-74.0,136.0,,132.0
338.0,-615.0,,34.0,-45.0,-2550.0,-109.0,-83.0,,135.0
125.0,-498.0,,-32.0,-83.0,-2492.0,-136.0,86.0,,164.0
303.0,-386.0,,-21.0,-80.0,-2149.0,-146.0,96.0,,183.0
-93.0,-312.0,,6.0,-1.0,-1996.0,-144.0,72.0,,230.0
218.0,-268.0,,-23.0,60.0,-2243.0,-109.0,138.0,,297.0
-20.0,-222.0,,-65.0,106.0,-2561.0,-74.0,-66.0,,351.0
255.0,-196.0,,-63.0,116.0,-2547.0,-63.0,105.0,,411.0
66.0,-143.0,,-48.0,58.0,-2460.0,-74.0,24.0,,441.0
25.0,-33.0,,-78.0,4.0,-2687.0,-90.0,109.0,,464.0
52.0,-1.0,,-99.0,-35.0,-2787.0,-104.0,55.0,,488.0
-212.0,-2.0,,-49.0,-84.0,-2410.0,-83.0,-205.0,,508.0
17.0,-55.0,,-1.0,-103.0,-2197.0,-36.0,-123.0,,504.0
-168.0,-70.0,,48.0,-114.0,-2356.0,-9.0,-214.0,,478.0
147.0,-4.0,,69.0,-121.0,-2554.0,0.0,57.0,,455.0
-297.0,143.0,,79.0,-77.0,-2643.0,-33.0,142.0,,408.0
-235.0,306.0,,86.0,-32.0,-2540.0,-78.0,277.0,,342.0
-251.0,395.0,,73.0,-25.0,-2430.0,-103.0,469.0,,255.0
-211.0,478.0,,108.0,-13.0,-2495.0,-120.0,356.0,,175.0
-263.0,453.0,,157.0,-9.0,-2454.0,-135.0,402.0,,99.0
-505.0,407.0,,143.0,-24.0,-2285.0,-146.0,55.0,,40.0
-151.0,364.0,,141.0,-14.0,-2274.0,-149.0,40.0,,0.0
-339.0,221.0,,170.0,-18.0,-2410.0,-146.0,79.0,,-25.0
-170.0,-22.0,,118.0,-61.0,-2544.0,-134.0,138.0,,-8.0
-458.0,-237.0,,145.0,-74.0,-2471.0,-134.0,482.0,,7.0
-176.0,-327.0,,138.0,-69.0,-2204.0,-132.0,582.0,,31.0
-193.0,-348.0,,65.0,-93.0,-2015.0,-115.0,995.0,,67.0
-111.0,-273.0,,45.0,-115.0,-2102.0,-115.0,1058.0,,107.0
-80.0,-244.0,,-27.0,-151.0,-2189.0,-116.0,1095.0,,157.0
-200.0,-245.0,,-66.0,-200.0,-2190.0,-102.0,1023.0,,206.0
87.0,-168.0,,-69.0,-197.0,-2174.0,-98.0,628.0,,252.0
-115.0,-109.0,,-72.0,-176.0,-2078.0,-85.0,593.0,,282.0
266.0,-129.0,,-140.0,-167.0,-1983.0,-96.0,399.0,,322.0
-77.0,-153.0,,-214.0,-153.0,-1802.0,-124.0,618.0,,361.0
211.0,-105.0,,-201.0,-168.0,-1604.0,-139.0,818.0,,390.0
136.0,-42.0,,-212.0,-193.0,-1533.0,-159.0,916.0,,409.0
236.0,15.0,,-203.0,-186.0,-1621.0,-171.0,1049.0,,424.0
277.0,50.0,,-205.0,-193.0,-1510.0,-213.0,820.0,,444.0
-3.0,104.0,,-221.0,-194.0,-1296.0,-229.0,946.0,,448.0
372.0,191.0,,-200.0,-126.0,-1307.0,-232.0,844.0,,472.0
97.0,187.0,,-179.0,-47.0,-1435.0,-262.0,812.0,,505.0
410.0,185.0,,-115.0,42.0,-1600.0,-251.0,825.0,,526.0
94.0,262.0,,-63.0,169.0,-1515.0,-230.0,692.0,,563.0
385.0,357.0,,-20.0,267.0,-1274.0,-196.0,794.0,,584.0
323.0,562.0,,-22.0,345.0,-1089.0,-185.0,604.0,,583.0
221.0,693.0,,-27.0,405.0,-1117.0,-222.0,628.0,,579.0
308.0,709.0,,15.0,380.0,-1188.0,-264.0,502.0,,572.0
138.0,760.0,,51.0,323.0,-958.0,-292.0,334.0,,559.0
584.0,769.0,,109.0,287.0,-726.0,-284.0,325.0,,542.0
358.0,730.0,,123.0,236.0,-719.0,-263.0,151.0,,520.0
498.0,671.0,,135.0,206.0,-825.0,-263.0,277.0,,505.0
105.0,602.0,,186.0,183.0,-818.0,-301.0,173.0,,512.0
216.0,454.0,,190.0,106.0,-786.0,-341.0,177.0,,530.0
441.0,287.0,,183.0,48.0,-855.0,-358.0,162.0,,550.0
344.0,178.0,,209.0,9.0,-908.0,-349.0,206.0,,563.0
202.0,165.0,,200.0,-70.0,-890.0,-327.0,606.0,,593.0
87.0,165.0,,199.0,-119.0,-716.0,-319.0,768.0,,625.0
302.0,175.0,,173.0,-134.0,-624.0,-339.0,1173.0,,645.0
90.0,288.0,,181.0,-155.0,-578.0,-399.0,1165.0,,658.0
129.0,339.0,,249.0,-125.0,-440.0,-455.0,990.0,,660.0
75.0,334.0,,214.0,-100.0,-446.0,-501.0,807.0,,650.0
275.0,255.0,,208.0,-102.0,-519.0,-538.0,386.0,,620.0
182.0,92.0,,231.0,-73.0,-641.0,-570.0,321.0,,551.0
115.0,-35.0,,196.0,-68.0,-774.0,-597.0,14.0,,432.0
20.0,-225.0,,151.0,-48.0,-803.0,-582.0,145.0,,319.0
49.0,-360.0,,169.0,23.0,-686.0,-568.0,389.0,,217.0
275.0,-383.0,,182.0,60.0,-553.0,-574.0,530.0,,113.0
117.0,-516.0,,76.0,83.0,-568.0,-576.0,812.0,,28.0
25.0,-637.0,,40.0,118.0,-539.0,-561.0,635.0,,-49.0
-45.0,-632.0,,86.0,128.0,-410.0,-542.0,641.0,,-95.0
249.0,-514.0,,-10.0,158.0,-228.0,-554.0,421.0,,-111.0
182.0,-307.0,,-92.0,206.0,-118.0,-566.0,352.0,,-126.0
90.0,-28.0,,5.0,221.0,-54.0,-586.0,421.0,,-123.0
105.0,159.0,,8.0,252.0,117.0,-633.0,424.0,,-104.0
162.0,171.0,,-47.0,284.0,424.0,-665.0,859.0,,-79.0
291.0,195.0,,37.0,266.0,741.0,-684.0,936.0,,-49.0
258.0,201.0,,97.0,279.0,893.0,-710.0,1053.0,,-19.0
255.0,269.0,,104.0,296.0,908.0,-723.0,890.0,,-12.0
214.0,272.0,,228.0,260.0,934.0,-713.0,642.0,,-22.0
379.0,264.0,,232.0,256.0,1056.0,-705.0,655.0,,-13.0
488.0,315.0,,227.0,239.0,1018.0,-711.0,504.0,,0.0
389.0,234.0,,276.0,179.0,849.0,-731.0,696.0,,-6.0
315.0,113.0,,222.0,148.0,786.0,-751.0,681.0,,-12.0
409.0,-5.0,,318.0,92.0,964.0,-755.0,833.0,,-13.0
510.0,-62.0,,319.0,10.0,1169.0,-726.0,962.0,,0.0
470.0,-187.0,,228.0,0.0,1131.0,-693.0,825.0,,35.0
338.0,-194.0,,235.0,-11.0,1187.0,-676.0,801.0,,66.0
333.0,-106.0,,276.0,-59.0,1439.0,-650.0,482.0,,82.0
448.0,-111.0,,255.0,-79.0,1808.0,-650.0,480.0,,101.0
563.0,-86.0,,242.0,-118.0,2116.0,-660.0,389.0,,113.0
431.0,-65.0,,312.0,-132.0,2291.0,-651.0,395.0,,104.0
213.0,15.0,,363.0,-99.0,2225.0,-615.0,485.0,,66.0
208.0,-20.0,,433.0,-114.0,1997.0,-542.0,293.0,,7.0
410.0,-111.0,,439.0,-132.0,1861.0,-515.0,439.0,,-51.0
324.0,-187.0,,483.0,-124.0,1756.0,-536.0,388.0,,-104.0
171.0,-251.0,,497.0,-133.0,1769.0,-579.0,559.0,,-144.0
342.0,-238.0,,487.0,-114.0,1820.0,-601.0,594.0,,-185.0
297.0,-292.0,,507.0,-81.0,2042.0,-579.0,443.0,,-203.0
404.0,-351.0,,506.0,-87.0,2130.0,-590.0,452.0,,-192.0
325.0,-439.0,,500.0,-66.0,1951.0,-622.0,84.0,,-160.0
278.0,-460.0,,384.0,-23.0,1949.0,-671.0,11.0,,-112.0
373.0,-391.0,,328.0,-4.0,2073.0,-686.0,-280.0,,-57.0
493.0,-295.0,,338.0,31.0,2253.0,-642.0,-371.0,,36.0
528.0,-192.0,,297.0,51.0,2272.0,-592.0,-112.0,,129.0
290.0,-142.0,,245.0,58.0,2207.0,-557.0,-5.0,,243.0
361.0,-53.0,,271.0,84.0,2266.0,-550.0,323.0,,375.0
357.0,35.0,,294.0,81.0,2401.0,-538.0,223.0,,474.0
577.0,135.0,,301.0,84.0,2445.0,-506.0,221.0,,574.0
557.0,204.0,,366.0,119.0,2402.0,-465.0,114.0,,651.0
325.0,218.0,,398.0,112.0,2417.0,-435.0,-25.0,,706.0
331.0,233.0,,405.0,79.0,2482.0,-403.0,66.0,,750.0
432.0,217.0,,413.0,75.0,2595.0,-420.0,-20.0,,768.0
504.0,141.0,,456.0,47.0,2514.0,-478.0,338.0,,744.0
272.0,5.0,,453.0,3.0,2412.0,-500.0,434.0,,706.0
283.0,-55.0,,463.0,-18.0,2386.0,-493.0,500.0,,656.0
406.0,-35.0,,470.0,-53.0,2223.0,-467.0,532.0,,602.0
498.0,-20.0,,421.0,-36.0,2092.0,-459.0,266.0,,576.0
257.0,37.0,,397.0,3.0,1901.0,-441.0,121.0,,546.0
168.0,193.0,,391.0,-3.0,1755.0,-405.0,-279.0,,516.0
326.0,312.0,,394.0,19.0,1892.0,-364.0,-314.0,,506.0
413.0,387.0,,359.0,38.0,2172.0,-331.0,-382.0,,509.0
447.0,420.0,,357.0,8.0,2387.0,-330.0,-290.0,,513.0
235.0,313.0,,353.0,15.0,2343.0,-325.0,1.0,,513.0
335.0,151.0,,296.0,31.0,2312.0,-317.0,-55.0,,514.0
370.0,0.0,,256.0,14.0,2416.0,-296.0,55.0,,534.0
541.0,-84.0,,254.0,14.0,2413.0,-275.0,-214.0,,567.0
479.0,-163.0,,185.0,-24.0,2148.0,-279.0,-304.0,,606.0
231.0,-182.0,,79.0,-71.0,1765.0,-296.0,-358.0,,653.0
429.0,-80.0,,103.0,-52.0,1685.0,-314.0,-461.0,,694.0
400.0,34.0,,98.0,-59.0,1857.0,-324.0,-436.0,,751.0
450.0,97.0,,-25.0,-85.0,1976.0,-288.0,-774.0,,808.0
326.0,141.0,,-62.0,-53.0,2027.0,-206.0,-731.0,,860.0
261.0,211.0,,-41.0,-20.0,2205.0,-123.0,-875.0,,903.0
316.0,277.0,,-155.0,17.0,2274.0,-52.0,-853.0,,929.0
271.0,400.0,,-177.0,86.0,2228.0,-24.0,-764.0,,956.0
291.0,429.0,,-75.0,119.0,2232.0,-40.0,-982.0,,970.0
179.0,402.0,,-149.0,146.0,2239.0,-81.0,-851.0,,972.0
192.0,329.0,,-160.0,153.0,2346.0,-128.0,-990.0,,946.0
42.0,162.0,,-16.0,100.0,2257.0,-151.0,-886.0,,894.0
5.0,87.0,,-73.0,66.0,2141.0,-127.0,-877.0,,842.0
-3.0,33.0,,-128.0,49.0,2248.0,-87.0,-896.0,,762.0
-26.0,34.0,,-2.0,29.0,2365.0,-55.0,-670.0,,654.0
-6.0,15.0,,41.0,48.0,2354.0,-37.0,-759.0,,523.0
-37.0,-45.0,,44.0,66.0,2305.0,-49.0,-613.0,,385.0
22.0,-72.0,,155.0,72.0,2260.0,-46.0,-837.0,,263.0
-174.0,-91.0,,228.0,122.0,2138.0,-12.0,-931.0,,140.0
-131.0,-84.0,,190.0,148.0,2093.0,8.0,-848.0,,17.0
-60.0,-84.0,,230.0,165.0,2064.0,-21.0,-964.0,,-98.0
33.0,-25.0,,242.0,194.0,2054.0,-50.0,-770.0,,-186.0
4.0,73.0,,183.0,109.0,1894.0,-56.0,-816.0,,-218.0
-167.0,176.0,,205.0,0.0,1798.0,-52.0,-569.0,,-209.0
9.0,224.0,,195.0,-58.0,2124.0,-24.0,-465.0,,-192.0
65.0,278.0,,191.0,-146.0,2325.0,-20.0,-522.0,,-142.0
91.0,289.0,,232.0,-197.0,2193.0,-20.0,-448.0,,-69.0
-37.0,209.0,,225.0,-207.0,2055.0,-17.0,-709.0,,3.0
118.0,112.0,,197.0,-225.0,2128.0,11.0,-604.0,,72.0
273.0,-100.0,,184.0,-215.0,2130.0,56.0,-757.0,,119.0
209.0,-289.0,,141.0,-231.0,1955.0,87.0,-896.0,,164.0
154.0,-450.0,,-3.0,-255.0,1921.0,114.0,-1010.0,,220.0
119.0,-500.0,,-43.0,-195.0,2079.0,102.0,-1232.0,,297.0
357.0,-419.0,,24.0,-153.0,2287.0,69.0,-914.0,,356.0
353.0,-354.0,,-38.0,-157.0,2299.0,39.0,-838.0,,418.0
366.0,-257.0,,-58.0,-129.0,2165.0,14.0,-668.0,,508.0
170.0,-196.0,,-76.0,-121.0,2294.0,15.0,-737.0,,587.0
269.0,-170.0,,-121.0,-120.0,2506.0,42.0,-851.0,,692.0
352.0,-137.0,,-97.0,-90.0,2489.0,50.0,-731.0,,795.0
183.0,-73.0,,-85.0,-103.0,2419.0,74.0,-798.0,,871.0
120.0,-125.0,,-70.0,-108.0,2289.0,112.0,-591.0,,940.0
162.0,-211.0,,-121.0,-66.0,2184.0,135.0,-689.0,,991.0
333.0,-229.0,,-176.0,-65.0,2101.0,165.0,-596.0,,1025.0
114.0,-344.0,,-175.0,-18.0,2001.0,186.0,-530.0,,1040.0
148.0,-432.0,,-157.0,58.0,1910.0,191.0,-596.0,,1029.0
22.0,-451.0,,-132.0,59.0,1834.0,172.0,-474.0,,1007.0
232.0,-449.0,,-154.0,84.0,1919.0,154.0,-633.0,,984.0
116.0,-370.0,,-157.0,119.0,2134.0,141.0,-504.0,,960.0
60.0,-186.0,,-175.0,125.0,2293.0,132.0,-644.0,,933.0
188.0,1.0,,-211.0,148.0,2097.0,140.0,-739.0,,907.0
24.0,156.0,,-161.0,133.0,1840.0,146.0,-726.0,,887.0
357.0,307.0,,-140.0,118.0,1912.0,155.0,-825.0,,873.0
146.0,445.0,,-131.0,163.0,1924.0,172.0,-563.0,,853.0
286.0,537.0,,-104.0,161.0,1625.0,176.0,-589.0,,794.0
191.0,539.0,,-88.0,134.0,1325.0,177.0,-509.0,,723.0
338.0,493.0,,-38.0,135.0,1205.0,201.0,-598.0,,639.0
320.0,333.0,,2.0,84.0,1072.0,213.0,-759.0,,550.0
255.0,154.0,,58.0,22.0,809.0,201.0,-822.0,,477.0
415.0,16.0,,101.0,-19.0,573.0,172.0,-1091.0,,392.0
50.0,-152.0,,100.0,-62.0,645.0,127.0,-944.0,,310.0
332.0,-283.0,,94.0,-43.0,858.0,121.0,-958.0,,245.0
189.0,-343.0,,103.0,-18.0,819.0,145.0,-805.0,,185.0
315.0,-386.0,,94.0,-38.0,772.0,138.0,-687.0,,130.0
140.0,-409.0,,76.0,-5.0,989.0,115.0,-816.0,,84.0
164.0,-295.0,,89.0,63.0,1260.0,91.0,-774.0,,50.0
150.0,-97.0,,92.0,101.0,1385.0,75.0,-1071.0,,29.0
-82.0,66.0,,100.0,138.0,1304.0,70.0,-1097.0,,14.0
144.0,103.0,,135.0,126.0,1403.0,48.0,-1208.0,,2.0
-120.0,60.0,,117.0,78.0,1821.0,29.0,-1197.0,,-6.0
205.0,127.0,,121.0,61.0,1993.0,3.0,-1014.0,,-7.0
101.0,240.0,,196.0,17.0,1802.0,-23.0,-1005.0,,1.0
146.0,245.0,,192.0,-6.0,1604.0,-35.0,-641.0,,18.0
71.0,201.0,,186.0,19.0,1602.0,-35.0,-580.0,,59.0
-8.0,183.0,,204.0,1.0,1684.0,-5.0,-386.0,,85.0
291.0,134.0,,180.0,1.0,1521.0,20.0,-428.0,,108.0
214.0,111.0,,165.0,53.0,1175.0,22.0,-657.0,,145.0
247.0,96.0,,175.0,69.0,944.0,6.0,-674.0,,180.0
44.0,66.0,,165.0,61.0,902.0,-15.0,-1121.0,,240.0
310.0,49.0,,86.0,7.0,1060.0,-16.0,-1276.0,,304.0
225.0,54.0,,31.0,-107.0,1131.0,-5.0,-1540.0,,349.0
127.0,73.0,,20.0,-168.0,1001.0,-6.0,-1489.0,,379.0
124.0,55.0,,1.0,-195.0,939.0,-12.0,-1134.0,,400.0
72.0,8.0,,-48.0,-214.0,1096.0,-40.0,-981.0,,413.0
298.0,-91.0,,-69.0,-164.0,1183.0,-80.0,-594.0,,420.0
98.0,-151.0,,-32.0,-132.0,862.0,-91.0,-556.0,,426.0
11.0,-215.0,,-61.0,-145.0,575.0,-114.0,-334.0,,448.0
-75.0,-241.0,,-99.0,-133.0,686.0,-149.0,-404.0,,480.0
169.0,-198.0,,-93.0,-153.0,980.0,-176.0,-642.0,,523.0
174.0,-179.0,,-107.0,-172.0,972.0,-190.0,-746.0,,572.0
25.0,-114.0,,-96.0,-149.0,696.0,-157.0,-1154.0,,601.0
104.0,-96.0,,-36.0,-159.0,668.0,-61.0,-1104.0,,644.0
136.0,-59.0,,6.0,-122.0,793.0,37.0,-1184.0,,712.0
296.0,-18.0,,-31.0,-36.0,784.0,65.0,-1064.0,,785.0
68.0,50.0,,-32.0,-11.0,475.0,26.0,-1023.0,,850.0
162.0,50.0,,-21.0,9.0,181.0,-62.0,-1400.0,,924.0
205.0,-82.0,,-79.0,41.0,197.0,-129.0,-1522.0,,980.0
301.0,-72.0,,-100.0,44.0,265.0,-166.0,-1836.0,,1015.0
295.0,-87.0,,-101.0,85.0,185.0,-183.0,-1718.0,,1062.0
63.0,-84.0,,-126.0,136.0,-25.0,-172.0,-1544.0,,1101.0
196.0,25.0,,-197.0,161.0,-58.0,-184.0,-1352.0,,1116.0
135.0,105.0,,-261.0,202.0,92.0,-179.0,-995.0,,1111.0
297.0,141.0,,-283.0,204.0,47.0,-158.0,-929.0,,1092.0
-68.0,155.0,,-281.0,168.0,-100.0,-121.0,-715.0,,1032.0
-89.0,131.0,,-262.0,179.0,-94.0,-63.0,-957.0,,941.0
71.0,-50.0,,-261.0,172.0,-62.0,-39.0,-1086.0,,836.0
-5.0,-268.0,,-276.0,136.0,-41.0,-35.0,-1151.0,,733.0
-48.0,-430.0,,-252.0,124.0,-157.0,-56.0,-1278.0,,665.0
-396.0,-491.0,,-257.0,77.0,-463.0,-71.0,-957.0,,613.0
-128.0,-529.0,,-275.0,46.0,-544.0,-62.0,-883.0,,576.0
-330.0,-612.0,,-186.0,48.0,-364.0,-85.0,-604.0,,558.0
-67.0,-569.0,,-164.0,1.0,-198.0,-126.0,-558.0,,577.0
-372.0,-479.0,,-211.0,-2.0,-238.0,-161.0,-628.0,,613.0
-604.0,-399.0,,-222.0,45.0,-401.0,-201.0,-589.0,,641.0
-253.0,-337.0,,-233.0,51.0,-477.0,-225.0,-716.0,,665.0
-522.0,-290.0,,-230.0,85.0,-573.0,-221.0,-576.0,,687.0
-288.0,-204.0,,-251.0,117.0,-778.0,-218.0,-739.0,,701.0
-780.0,-107.0,,-265.0,80.0,-1014.0,-213.0,-774.0,,698.0
-315.0,-47.0,,-191.0,73.0,-1050.0,-187.0,-842.0,,668.0
-442.0,-59.0,,-168.0,65.0,-943.0,-163.0,-879.0,,608.0
-644.0,7.0,,-224.0,29.0,-868.0,-137.0,-716.0,,538.0
-537.0,104.0,,-231.0,22.0,-801.0,-112.0,-833.0,,480.0
-710.0,138.0,,-210.0,-37.0,-876.0,-90.0,-628.0,,437.0
-219.0,196.0,,-206.0,-136.0,-824.0,-98.0,-624.0,,405.0
-712.0,258.0,,-198.0,-166.0,-685.0,-133.0,-546.0,,392.0
-264.0,341.0,,-109.0,-174.0,-737.0,-149.0,-487.0,,401.0
-593.0,386.0,,-121.0,-158.0,-705.0,-133.0,-657.0,,447.0
-372.0,370.0,,-224.0,-103.0,-674.0,-76.0,-500.0,,521.0
-259.0,293.0,,-187.0,-100.0,-651.0,-26.0,-533.0,,617.0
-480.0,200.0,,-143.0,-104.0,-593.0,-2.0,-284.0,,719.0
-153.0,169.0,,-205.0,-69.0,-629.0,-19.0,-145.0,,821.0
-486.0,131.0,,-183.0,-47.0,-559.0,-46.0,-97.0,,931.0
75.0,130.0,,-156.0,21.0,-373.0,-29.0,-29.0,,1022.0
-557.0,142.0,,-293.0,111.0,-187.0,-1.0,-290.0,,1102.0
-204.0,118.0,,-272.0,133.0,-108.0,36.0,-190.0,,1170.0
-225.0,122.0,,-280.0,168.0,-188.0,73.0,-363.0,,1234.0
-176.0,169.0,,-355.0,211.0,-348.0,110.0,-349.0,,1271.0
-71.0,241.0,,-218.0,200.0,-379.0,154.0,-308.0,,1275.0
-376.0,289.0,,-242.0,183.0,-240.0,182.0,-437.0,,1263.0
98.0,305.0,,-331.0,144.0,-235.0,208.0,-310.0,,1228.0
-500.0,228.0,,-267.0,96.0,-298.0,232.0,-554.0,,1178.0
5.0,76.0,,-165.0,98.0,-335.0,231.0,-441.0,,1093.0
-316.0,-58.0,,-100.0,97.0,-332.0,210.0,-371.0,,985.0
-151.0,-161.0,,-107.0,105.0,-412.0,172.0,-195.0,,856.0
-132.0,-193.0,,-107.0,155.0,-654.0,149.0,29.0,,710.0
-315.0,-227.0,,-122.0,154.0,-749.0,160.0,-171.0,,546.0
-36.0,-240.0,,-156.0,131.0,-642.0,170.0,-147.0,,381.0
-271.0,-139.0,,-135.0,141.0,-498.0,227.0,-365.0,,235.0
45.0,-50.0,,-84.0,104.0,-529.0,278.0,-314.0,,110.0
-392.0,-8.0,,-114.0,74.0,-626.0,278.0,-330.0,,37.0
-135.0,43.0,,-135.0,83.0,-584.0,275.0,-347.0,,-8.0
-237.0,93.0,,-125.0,51.0,-477.0,245.0,-62.0,,-14.0
-67.0,67.0,,-169.0,32.0,-574.0,253.0,-60.0,,7.0
-225.0,10.0,,-234.0,36.0,-891.0,282.0,144.0,,33.0
-376.0,-44.0,,-281.0,-20.0,-1120.0,284.0,-64.0,,65.0
-41.0,-115.0,,-313.0,-86.0,-1165.0,269.0,-253.0,,105.0
-286.0,-187.0,,-363.0,-143.0,-1001.0,244.0,-293.0,,145.0
-178.0,-302.0,,-265.0,-201.0,-1031.0,249.0,-349.0,,182.0
-360.0,-359.0,,-199.0,-196.0,-1343.0,276.0,-14.0,,231.0
-110.0,-318.0,,-236.0,-178.0,-1469.0,306.0,81.0,,266.0
-216.0,-242.0,,-179.0,-164.0,-1341.0,325.0,393.0,,312.0
-233.0,-169.0,,-41.0,-114.0,-1164.0,334.0,441.0,,367.0
-372.0,-105.0,,6.0,-120.0,-1138.0,294.0,347.0,,444.0
-334.0,-66.0,,-98.0,-156.0,-1065.0,229.0,317.0,,542.0
-225.0,-51.0,,-12.0,-158.0,-835.0,194.0,24.0,,626.0
-260.0,-22.0,,63.0,-165.0,-760.0,172.0,175.0,,705.0
-315.0,12.0,,30.0,-130.0,-955.0,190.0,138.0,,782.0
-559.0,114.0,,87.0,-55.0,-1153.0,205.0,291.0,,863.0
-279.0,228.0,,144.0,-29.0,-1168.0,190.0,493.0,,923.0
-512.0,296.0,,136.0,-8.0,-1195.0,176.0,524.0,,960.0
-394.0,261.0,,110.0,24.0,-1300.0,162.0,790.0,,975.0
-577.0,193.0,,148.0,5.0,-1475.0,150.0,711.0,,987.0
-420.0,172.0,,123.0,-15.0,-1588.0,134.0,792.0,,986.0
-393.0,66.0,,102.0,-28.0,-1475.0,132.0,609.0,,955.0
-566.0,-41.0,,98.0,-61.0,-1377.0,130.0,428.0,,916.0
-519.0,-28.0,,36.0,-53.0,-1380.0,119.0,369.0,,859.0
-776.0,-6.0,,-28.0,-45.0,-1389.0,107.0,164.0,,813.0
-446.0,9.0,,-50.0,-66.0,-1275.0,85.0,399.0,,777.0
-710.0,102.0,,-79.0,-49.0,-1079.0,62.0,334.0,,737.0
-491.0,238.0,,-91.0,-22.0,-1128.0,20.0,423.0,,711.0
-769.0,334.0,,-39.0,5.0,-1409.0,-12.0,410.0,,702.0
-761.0,330.0,,-58.0,66.0,-1567.0,-31.0,210.0,,718.0
-603.0,287.0,,-69.0,97.0,-1521.0,-35.0,303.0,,741.0
-816.0,225.0,,-30.0,90.0,-1603.0,-29.0,157.0,,748.0
-497.0,157.0,,-17.0,95.0,-1865.0,-37.0,369.0,,764.0
-868.0,140.0,,-34.0,90.0,-1872.0,-42.0,460.0,,779.0
-562.0,150.0,,-27.0,103.0,-1554.0,-55.0,535.0,,808.0
-668.0,134.0,,-29.0,161.0,-1364.0,-71.0,574.0,,836.0
-521.0,134.0,,-53.0,183.0,-1432.0,-93.0,345.0,,836.0
-616.0,147.0,,-13.0,161.0,-1547.0,-113.0,395.0,,863.0
-635.0,137.0,,-24.0,135.0,-1523.0,-126.0,188.0,,902.0
-241.0,221.0,,-111.0,78.0,-1500.0,-122.0,315.0,,944.0
-563.0,249.0,,-143.0,16.0,-1565.0,-104.0,456.0,,966.0
-275.0,173.0,,-136.0,-16.0,-1596.0,-61.0,655.0,,972.0
-529.0,83.0,,-159.0,-51.0,-1558.0,-31.0,1141.0,,984.0
-207.0,-7.0,,-201.0,-60.0,-1379.0,-53.0,1237.0,,984.0
-235.0,-88.0,,-229.0,-31.0,-1164.0,-94.0,1529.0,,972.0
-241.0,-259.0,,-236.0,-14.0,-1079.0,-117.0,1542.0,,924.0
-146.0,-417.0,,-271.0,20.0,-966.0,-113.0,1552.0,,860.0
-362.0,-441.0,,-294.0,74.0,-651.0,-105.0,1468.0,,778.0
37.0,-393.0,,-298.0,76.0,-567.0,-102.0,1202.0,,701.0
-210.0,-363.0,,-243.0,68.0,-683.0,-116.0,1245.0,,611.0
-19.0,-284.0,,-175.0,48.0,-726.0,-93.0,994.0,,505.0
-302.0,-219.0,,-214.0,-15.0,-770.0,-43.0,981.0,,409.0
-80.0,-256.0,,-170.0,-33.0,-763.0,-37.0,798.0,,314.0
44.0,-299.0,,-135.0,-14.0,-744.0,-54.0,726.0,,236.0
-88.0,-274.0,,-136.0,-8.0,-538.0,-76.0,870.0,,154.0
67.0,-260.0,,-101.0,16.0,-229.0,-85.0,700.0,,78.0
-180.0,-301.0,,-165.0,22.0,43.0,-60.0,875.0,,13.0
107.0,-234.0,,-194.0,-18.0,219.0,-21.0,842.0,,-30.0
-184.0,-118.0,,-218.0,-65.0,236.0,11.0,1005.0,,-53.0
0.0,-58.0,,-242.0,-113.0,160.0,32.0,1201.0,,-56.0
-158.0,-16.0,,-227.0,-161.0,0.0,20.0,1297.0,,-32.0
-99.0,2.0,,-217.0,-153.0,-95.0,23.0,1581.0,,15.0
0.0,-47.0,,-211.0,-116.0,-143.0,40.0,1485.0,,80.0
-281.0,-134.0,,-262.0,-84.0,-452.0,50.0,1662.0,,151.0
-141.0,-170.0,,-211.0,-2.0,-834.0,63.0,1594.0,,227.0
-338.0,-176.0,,-84.0,63.0,-701.0,67.0,1529.0,,284.0
-25.0,-172.0,,-83.0,67.0,-277.0,96.0,1677.0,,324.0
-262.0,-135.0,,-76.0,50.0,-34.0,127.0,1570.0,,331.0
-186.0,-136.0,,-24.0,-25.0,31.0,132.0,1703.0,,298.0
-275.0,-204.0,,-6.0,-117.0,216.0,110.0,1531.0,,241.0
-307.0,-238.0,,6.0,-146.0,656.0,99.0,1511.0,,153.0
-78.0,-244.0,,-20.0,-159.0,932.0,121.0,1435.0,,37.0
-275.0,-247.0,,-29.0,-177.0,842.0,154.0,1346.0,,-112.0
-32.0,-194.0,,8.0,-155.0,650.0,196.0,1553.0,,-268.0
-161.0,-93.0,,23.0,-138.0,484.0,214.0,1400.0,,-409.0
29.0,-7.0,,0.0,-99.0,219.0,233.0,1507.0,,-541.0
-108.0,17.0,,-30.0,-7.0,-34.0,267.0,1409.0,,-646.0
-149.0,11.0,,6.0,48.0,-171.0,297.0,1330.0,,-710.0
-62.0,27.0,,-31.0,84.0,-336.0,325.0,1261.0,,-723.0
-70.0,53.0,,-69.0,136.0,-457.0,331.0,1031.0,,-677.0
80.0,66.0,,-34.0,143.0,-457.0,310.0,1225.0,,-602.0
-179.0,81.0,,-33.0,120.0,-213.0,298.0,1256.0,,-523.0
10.0,139.0,,4.0,99.0,37.0,313.0,1596.0,,-462.0
-153.0,186.0,,-5.0,59.0,101.0,334.0,1622.0,,-427.0
-79.0,190.0,,72.0,21.0,370.0,358.0,1433.0,,-404.0
-64.0,188.0,,151.0,9.0,644.0,368.0,1407.0,,-396.0
-180.0,163.0,,107.0,-22.0,560.0,361.0,1090.0,,-408.0
-80.0,99.0,,125.0,-41.0,146.0,355.0,1097.0,,-441.0
-246.0,-10.0,,184.0,-30.0,-219.0,369.0,844.0,,-481.0
-86.0,-42.0,,226.0,-46.0,-324.0,412.0,896.0,,-517.0
-300.0,-40.0,,259.0,-54.0,-547.0,448.0,1047.0,,-537.0
-103.0,-89.0,,302.0,-51.0,-949.0,477.0,1025.0,,-537.0
-217.0,-157.0,,252.0,-77.0,-1123.0,479.0,1217.0,,-516.0
-204.0,-191.0,,312.0,-90.0,-929.0,444.0,1018.0,,-480.0
-91.0,-133.0,,344.0,-86.0,-792.0,407.0,1112.0,,-435.0
-197.0,-95.0,,245.0,-105.0,-903.0,358.0,992.0,,-383.0
67.0,-80.0,,292.0,-115.0,-1025.0,351.0,929.0,,-337.0
-222.0,-92.0,,305.0,-98.0,-976.0,387.0,988.0,,-292.0
99.0,-113.0,,298.0,-87.0,-826.0,412.0,842.0,,-259.0
-31.0,-157.0,,324.0,-62.0,-788.0,431.0,1117.0,,-221.0
176.0,-263.0,,349.0,-31.0,-859.0,425.0,994.0,,-183.0
127.0,-337.0,,327.0,-45.0,-878.0,399.0,1025.0,,-145.0
65.0,-407.0,,311.0,-72.0,-962.0,357.0,1019.0,,-103.0
411.0,-462.0,,351.0,-100.0,-998.0,327.0,910.0,,-68.0
15.0,-442.0,,342.0,-147.0,-851.0,317.0,999.0,,-40.0
298.0,-337.0,,345.0,-165.0,-876.0,306.0,659.0,,-38.0
36.0,-206.0,,311.0,-168.0,-1074.0,289.0,657.0,,-28.0
345.0,-88.0,,269.0,-168.0,-1254.0,259.0,550.0,,-15.0
267.0,13.0,,231.0,-115.0,-1195.0,247.0,546.0,,4.0
155.0,108.0,,203.0,-41.0,-957.0,255.0,711.0,,54.0
152.0,191.0,,221.0,5.0,-926.0,275.0,731.0,,106.0
48.0,225.0,,217.0,66.0,-874.0,271.0,1034.0,,168.0
383.0,251.0,,190.0,120.0,-591.0,242.0,840.0,,256.0
-125.0,260.0,,134.0,127.0,-516.0,210.0,609.0,,348.0
138.0,240.0,,114.0,135.0,-732.0,172.0,295.0,,440.0
39.0,156.0,,103.0,119.0,-821.0,161.0,44.0,,535.0
149.0,26.0,,78.0,80.0,-672.0,182.0,210.0,,606.0
-6.0,-81.0,,80.0,65.0,-623.0,192.0,153.0,,659.0
-156.0,-167.0,,102.0,30.0,-888.0,186.0,282.0,,690.0
85.0,-251.0,,128.0,-28.0,-1057.0,165.0,225.0,,720.0
-7.0,-339.0,,89.0,-47.0,-907.0,151.0,242.0,,744.0
155.0,-367.0,,52.0,-44.0,-843.0,179.0,267.0,,725.0
-119.0,-384.0,,84.0,-25.0,-1066.0,185.0,121.0,,684.0
111.0,-393.0,,107.0,39.0,-1164.0,174.0,332.0,,600.0
-105.0,-290.0,,141.0,90.0,-959.0,147.0,336.0,,486.0
27.0,-131.0,,153.0,136.0,-897.0,97.0,513.0,,362.0
68.0,8.0,,158.0,181.0,-1133.0,96.0,626.0,,210.0
-5.0,124.0,,222.0,176.0,-1191.0,122.0,755.0,,63.0
148.0,221.0,,236.0,165.0,-849.0,156.0,970.0,,-76.0
-90.0,276.0,,213.0,183.0,-665.0,163.0,803.0,,-194.0
125.0,297.0,,238.0,166.0,-828.0,141.0,811.0,,-283.0
-19.0,279.0,,276.0,126.0,-1052.0,126.0,642.0,,-360.0
166.0,265.0,,222.0,147.0,-1071.0,102.0,615.0,,-426.0
-22.0,298.0,,188.0,151.0,-1055.0,79.0,504.0,,-499.0
33.0,311.0,,235.0,118.0,-1241.0,70.0,269.0,,-562.0
143.0,309.0,,221.0,73.0,-1323.0,69.0,303.0,,-632.0
-70.0,272.0,,233.0,-15.0,-1235.0,59.0,216.0,,-721.0
32.0,256.0,,248.0,-73.0,-1041.0,44.0,397.0,,-785.0
-47.0,278.0,,243.0,-63.0,-922.0,12.0,334.0,,-833.0
186.0,185.0,,316.0,-64.0,-908.0,-12.0,330.0,,-853.0
-16.0,33.0,,346.0,-69.0,-884.0,-9.0,426.0,,-840.0
85.0,-53.0,,328.0,-38.0,-935.0,7.0,419.0,,-815.0
23.0,-119.0,,360.0,-42.0,-940.0,12.0,642.0,,-772.0
108.0,-216.0,,402.0,-39.0,-755.0,-11.0,450.0,,-704.0
262.0,-310.0,,408.0,-8.0,-683.0,-45.0,461.0,,-631.0
16.0,-311.0,,428.0,-33.0,-767.0,-74.0,478.0,,-577.0
177.0,-233.0,,480.0,-49.0,-606.0,-81.0,447.0,,-524.0
132.0,-122.0,,449.0,-29.0,-367.0,-87.0,548.0,,-469.0
369.0,-13.0,,424.0,-16.0,-290.0,-96.0,391.0,,-425.0
174.0,101.0,,458.0,-4.0,-414.0,-102.0,454.0,,-386.0
167.0,246.0,,420.0,-22.0,-483.0,-107.0,317.0,,-363.0
207.0,296.0,,409.0,-76.0,-321.0,-109.0,432.0,,-361.0
205.0,263.0,,433.0,-90.0,-334.0,-108.0,598.0,,-355.0
310.0,224.0,,401.0,-89.0,-602.0,-109.0,517.0,,-347.0
117.0,183.0,,401.0,-94.0,-600.0,-126.0,657.0,,-343.0
298.0,114.0,,380.0,-55.0,-140.0,-146.0,434.0,,-345.0
153.0,47.0,,327.0,-14.0,175.0,-165.0,454.0,,-352.0
341.0,56.0,,373.0,9.0,83.0,-147.0,412.0,,-353.0
220.0,25.0,,392.0,51.0,53.0,-118.0,280.0,,-356.0
103.0,-5.0,,339.0,95.0,257.0,-86.0,279.0,,-357.0
142.0,-23.0,,310.0,101.0,269.0,-57.0,5.0,,-345.0
133.0,-47.0,,290.0,114.0,136.0,-79.0,99.0,,-301.0
257.0,-39.0,,262.0,137.0,81.0,-121.0,-7.0,,-243.0
-78.0,-15.0,,269.0,113.0,85.0,-172.0,-20.0,,-166.0
53.0,58.0,,231.0,75.0,120.0,-193.0,-14.0,,-86.0
-88.0,131.0,,196.0,10.0,128.0,-200.0,-173.0,,-22.0
-9.0,174.0,,182.0,-75.0,279.0,-208.0,-29.0,,53.0
-83.0,127.0,,104.0,-111.0,334.0,-185.0,-236.0,,138.0
-174.0,92.0,,96.0,-110.0,250.0,-151.0,-166.0,,231.0
-38.0,88.0,,101.0,-115.0,258.0,-114.0,-157.0,,328.0
-270.0,132.0,,91.0,-74.0,354.0,-104.0,-125.0,,424.0
-84.0,260.0,,41.0,-9.0,297.0,-121.0,109.0,,502.0
-307.0,349.0,,1.0,29.0,-39.0,-151.0,-101.0,,563.0
-169.0,447.0,,38.0,75.0,-155.0,-169.0,-131.0,,606.0
-145.0,503.0,,13.0,72.0,-75.0,-141.0,-430.0,,637.0
-93.0,520.0,,8.0,11.0,-300.0,-95.0,-563.0,,685.0
-24.0,463.0,,35.0,-25.0,-672.0,-75.0,-543.0,,737.0
-252.0,376.0,,19.0,-72.0,-631.0,-76.0,-515.0,,808.0
26.0,289.0,,-17.0,-123.0,-363.0,-83.0,-171.0,,889.0
-60.0,122.0,,22.0,-124.0,-339.0,-80.0,-153.0,,976.0
162.0,-38.0,,40.0,-138.0,-521.0,-46.0,149.0,,1079.0
-8.0,-135.0,,37.0,-174.0,-508.0,1.0,232.0,,1171.0
-17.0,-189.0,,27.0,-178.0,-105.0,28.0,245.0,,1238.0
125.0,-282.0,,-30.0,-202.0,233.0,57.0,271.0,,1266.0
92.0,-301.0,,-20.0,-227.0,269.0,80.0,40.0,,1255.0
256.0,-230.0,,-24.0,-188.0,66.0,67.0,210.0,,1211.0
-95.0,-136.0,,-61.0,-158.0,116.0,42.0,72.0,,1131.0
143.0,-41.0,,-64.0,-140.0,342.0,12.0,162.0,,1027.0
97.0,72.0,,-6.0,-86.0,215.0,8.0,166.0,,901.0
162.0,215.0,,-10.0,-53.0,-12.0,25.0,14.0,,782.0
112.0,301.0,,1.0,-16.0,-157.0,46.0,173.0,,689.0
4.0,295.0,,57.0,35.0,-196.0,55.0,-14.0,,602.0
196.0,191.0,,17.0,58.0,-441.0,54.0,138.0,,535.0
59.0,160.0,,73.0,84.0,-788.0,58.0,149.0,,493.0
231.0,190.0,,212.0,86.0,-831.0,38.0,279.0,,487.0
0.0,229.0,,197.0,17.0,-792.0,26.0,432.0,,518.0
184.0,283.0,,172.0,-44.0,-819.0,3.0,133.0,,560.0
150.0,363.0,,250.0,-87.0,-868.0,-8.0,134.0,,607.0
131.0,430.0,,238.0,-169.0,-855.0,9.0,-68.0,,666.0
173.0,363.0,,221.0,-227.0,-858.0,27.0,35.0,,727.0
59.0,323.0,,302.0,-231.0,-816.0,42.0,5.0,,758.0
248.0,332.0,,295.0,-244.0,-610.0,39.0,-105.0,,761.0
7.0,335.0,,236.0,-241.0,-509.0,27.0,110.0,,739.0
182.0,235.0,,268.0,-213.0,-632.0,-1.0,29.0,,719.0
91.0,99.0,,220.0,-196.0,-692.0,-26.0,223.0,,711.0
117.0,65.0,,177.0,-134.0,-623.0,-54.0,-31.0,,681.0
69.0,12.0,,124.0,-23.0,-745.0,-66.0,-144.0,,647.0
26.0,-58.0,,61.0,47.0,-1103.0,-57.0,-96.0,,634.0
91.0,-125.0,,86.0,78.0,-1369.0,-62.0,-155.0,,664.0
-66.0,-117.0,,72.0,55.0,-1231.0,-65.0,197.0,,715.0
148.0,-92.0,,16.0,-19.0,-943.0,-71.0,192.0,,765.0
31.0,-125.0,,27.0,-80.0,-989.0,-62.0,511.0,,826.0
26.0,-159.0,,131.0,-134.0,-1164.0,-31.0,565.0,,874.0
-98.0,-207.0,,103.0,-174.0,-1039.0,-38.0,626.0,,910.0
-7.0,-232.0,,95.0,-151.0,-721.0,-51.0,816.0,,907.0
80.0,-261.0,,110.0,-103.0,-637.0,-78.0,663.0,,868.0
4.0,-252.0,,107.0,-70.0,-876.0,-148.0,881.0,,812.0
7.0,-155.0,,118.0,-24.0,-1072.0,-206.0,672.0,,730.0
-81.0,-18.0,,125.0,0.0,-1064.0,-236.0,609.0,,643.0
70.0,78.0,,181.0,0.0,-1107.0,-203.0,424.0,,545.0
20.0,125.0,,178.0,25.0,-1264.0,-177.0,77.0,,439.0
120.0,206.0,,205.0,25.0,-1434.0,-195.0,27.0,,339.0
63.0,250.0,,249.0,3.0,-1439.0,-208.0,-267.0,,256.0
35.0,281.0,,309.0,3.0,-1188.0,-260.0,-134.0,,180.0
89.0,345.0,,286.0,-20.0,-947.0,-296.0,-114.0,,104.0
14.0,459.0,,292.0,-37.0,-748.0,-310.0,-16.0,,33.0
-1.0,574.0,,394.0,-3.0,-466.0,-346.0,168.0,,-42.0
-26.0,587.0,,424.0,11.0,-176.0,-378.0,149.0,,-100.0
77.0,541.0,,393.0,1.0,-22.0,-403.0,461.0,,-158.0
-20.0,449.0,,351.0,17.0,-51.0,-422.0,389.0,,-233.0
-8.0,353.0,,411.0,29.0,-43.0,-433.0,423.0,,-297.0
-79.0,272.0,,377.0,44.0,164.0,-437.0,413.0,,-342.0
-108.0,297.0,,287.0,79.0,381.0,-451.0,219.0,,-365.0
-36.0,347.0,,279.0,72.0,455.0,-473.0,232.0,,-378.0
-62.0,302.0,,326.0,40.0,377.0,-483.0,35.0,,-385.0
-27.0,323.0,,378.0,28.0,231.0,-477.0,173.0,,-376.0
-89.0,304.0,,393.0,-12.0,225.0,-490.0,164.0,,-337.0
40.0,103.0,,370.0,-59.0,304.0,-536.0,221.0,,-294.0
12.0,-108.0,,327.0,-62.0,370.0,-589.0,227.0,,-264.0
-35.0,-187.0,,367.0,-86.0,412.0,-635.0,-38.0,,-246.0
74.0,-231.0,,372.0,-108.0,501.0,-657.0,92.0,,-262.0
152.0,-292.0,,327.0,-89.0,719.0,-674.0,1.0,,-314.0
193.0,-383.0,,318.0,-86.0,911.0,-685.0,232.0,,-376.0
121.0,-434.0,,326.0,-67.0,874.0,-698.0,393.0,,-441.0
202.0,-442.0,,252.0,-24.0,806.0,-703.0,582.0,,-499.0
187.0,-548.0,,155.0,-7.0,926.0,-674.0,846.0,,-535.0
236.0,-603.0,,125.0,42.0,962.0,-676.0,565.0,,-546.0
224.0,-516.0,,70.0,114.0,832.0,-688.0,489.0,,-545.0
111.0,-334.0,,-8.0,134.0,759.0,-680.0,-14.0,,-519.0
154.0,-135.0,,-36.0,156.0,823.0,-665.0,-334.0,,-453.0
160.0,-25.0,,-62.0,193.0,826.0,-634.0,-443.0,,-370.0
229.0,24.0,,-126.0,213.0,900.0,-630.0,-498.0,,-256.0
131.0,128.0,,-140.0,233.0,1084.0,-660.0,-153.0,,-129.0
87.0,184.0,,-198.0,226.0,1072.0,-690.0,-114.0,,7.0
119.0,99.0,,-192.0,166.0,905.0,-692.0,77.0,,152.0
135.0,66.0,,-116.0,132.0,728.0,-690.0,-105.0,,285.0
161.0,108.0,,-134.0,125.0,648.0,-685.0,-303.0,,412.0
70.0,112.0,,-114.0,94.0,639.0,-659.0,-417.0,,521.0
85.0,48.0,,-72.0,89.0,663.0,-609.0,-676.0,,616.0
39.0,9.0,,-33.0,84.0,609.0,-562.0,-556.0,,703.0
47.0,11.0,,-61.0,55.0,523.0,-541.0,-613.0,,776.0
58.0,-51.0,,-118.0,55.0,308.0,-498.0,-399.0,,834.0
43.0,-171.0,,-136.0,47.0,-37.0,-437.0,-271.0,,883.0
132.0,-207.0,,-138.0,0.0,-237.0,-378.0,-254.0,,932.0
151.0,-126.0,,-102.0,-30.0,-323.0,-364.0,-190.0,,1000.0
144.0,-111.0,,-163.0,-54.0,-338.0,-389.0,-419.0,,1064.0
71.0,-122.0,,-177.0,-75.0,-492.0,-406.0,-430.0,,1127.0
146.0,-121.0,,-157.0,-44.0,-711.0,-409.0,-683.0,,1202.0
189.0,-148.0,,-159.0,-23.0,-757.0,-409.0,-787.0,,1254.0
202.0,-113.0,,-119.0,-28.0,-755.0,-417.0,-757.0,,1294.0
267.0,-87.0,,-131.0,-25.0,-840.0,-423.0,-864.0,,1292.0
144.0,-70.0,,-102.0,-63.0,-1062.0,-402.0,-737.0,,1264.0
239.0,-58.0,,-142.0,-118.0,-1227.0,-361.0,-811.0,,1253.0
246.0,-69.0,,-187.0,-127.0,-1193.0,-336.0,-648.0,,1220.0
279.0,-21.0,,-181.0,-116.0,-1231.0,-260.0,-574.0,,1176.0
248.0,29.0,,-246.0,-95.0,-1481.0,-226.0,-593.0,,1113.0
216.0,25.0,,-290.0,-43.0,-1636.0,-171.0,-426.0,,1026.0
388.0,-20.0,,-309.0,0.0,-1497.0,-99.0,-585.0,,960.0
208.0,-77.0,,-380.0,27.0,-1277.0,-183.0,-593.0,,890.0
225.0,-153.0,,-480.0,43.0,-1131.0,-216.0,-818.0,,785.0
140.0,-196.0,,-478.0,17.0,-997.0,-256.0,-975.0,,660.0
202.0,-169.0,,-449.0,-6.0,-977.0,-316.0,-986.0,,538.0
253.0,-92.0,,-423.0,26.0,-1014.0,-284.0,-1141.0,,410.0
125.0,-44.0,,-383.0,44.0,-1012.0,-299.0,-1034.0,,284.0
123.0,-63.0,,-383.0,52.0,-993.0,-289.0,-1256.0,,183.0
0.0,-22.0,,-330.0,109.0,-841.0,-211.0,-1297.0,,100.0
155.0,25.0,,-264.0,145.0,-722.0,-183.0,-1489.0,,45.0
24.0,76.0,,-240.0,146.0,-563.0,-185.0,-1794.0,,34.0
19.0,120.0,,-200.0,149.0,-316.0,-195.0,-1794.0,,46.0
-55.0,187.0,,-164.0,119.0,-330.0,-242.0,-1978.0,,88.0
-66.0,305.0,,-179.0,83.0,-470.0,-283.0,-1729.0,,152.0
-53.0,387.0,,-254.0,59.0,-580.0,-300.0,-1727.0,,232.0
-276.0,458.0,,-311.0,21.0,-723.0,-301.0,-1625.0,,329.0
-155.0,479.0,,-349.0,13.0,-972.0,-285.0,-1494.0,,415.0
-263.0,490.0,,-352.0,26.0,-1130.0,-241.0,-1561.0,,493.0
-200.0,420.0,,-397.0,12.0,-1070.0,-196.0,-1387.0,,550.0
-280.0,246.0,,-402.0,35.0,-1044.0,-169.0,-1664.0,,582.0
-328.0,-4.0,,-348.0,89.0,-969.0,-162.0,-1537.0,,607.0
-315.0,-186.0,,-383.0,107.0,-932.0,-180.0,-1494.0,,624.0
-320.0,-279.0,,-387.0,133.0,-918.0,-210.0,-1476.0,,626.0
-239.0,-435.0,,-393.0,146.0,-811.0,-232.0,-1387.0,,625.0
-390.0,-542.0,,-344.0,106.0,-813.0,-192.0,-1637.0,,632.0
-321.0,-577.0,,-349.0,82.0,-899.0,-121.0,-1570.0,,624.0
-346.0,-498.0,,-352.0,75.0,-994.0,-89.0,-1873.0,,607.0
-264.0,-466.0,,-228.0,58.0,-922.0,-99.0,-1936.0,,588.0
-303.0,-437.0,,-180.0,63.0,-757.0,-158.0,-2015.0,,563.0
-348.0,-266.0,,-196.0,51.0,-671.0,-193.0,-2097.0,,535.0
-284.0,-154.0,,-223.0,10.0,-471.0,-194.0,-1875.0,,509.0
-372.0,-117.0,,-184.0,5.0,-83.0,-177.0,-1999.0,,488.0
-296.0,-121.0,,-186.0,10.0,223.0,-128.0,-1845.0,,489.0
-265.0,-80.0,,-185.0,-3.0,325.0,-96.0,-2010.0,,497.0
-260.0,-69.0,,-173.0,13.0,434.0,-85.0,-2069.0,,486.0
-312.0,-116.0,,-237.0,38.0,477.0,-93.0,-2045.0,,463.0
-341.0,-127.0,,-207.0,54.0,324.0,-101.0,-2244.0,,421.0
-314.0,-123.0,,-161.0,106.0,9.0,-101.0,-2106.0,,371.0
-256.0,-33.0,,-151.0,132.0,-343.0,-96.0,-2256.0,,310.0
-269.0,85.0,,-113.0,132.0,-539.0,-77.0,-2219.0,,235.0
-317.0,208.0,,-90.0,143.0,-524.0,-61.0,-2285.0,,165.0
-324.0,280.0,,-88.0,115.0,-510.0,-38.0,-2372.0,,85.0
-296.0,291.0,,-89.0,94.0,-561.0,1.0,-2191.0,,14.0
-316.0,273.0,,-79.0,111.0,-338.0,30.0,-2237.0,,-61.0
-417.0,144.0,,-38.0,118.0,-54.0,23.0,-1982.0,,-144.0
-322.0,29.0,,-56.0,130.0,121.0,19.0,-1945.0,,-187.0
-363.0,-57.0,,-119.0,156.0,261.0,37.0,-1888.0,,-168.0
-433.0,-90.0,,-110.0,133.0,175.0,63.0,-1803.0,,-105.0
-465.0,-102.0,,-83.0,101.0,-10.0,93.0,-1954.0,,-25.0
-458.0,-178.0,,-75.0,87.0,-159.0,138.0,-1843.0,,58.0
-432.0,-213.0,,-83.0,41.0,-272.0,188.0,-1919.0,,143.0
-478.0,-293.0,,-104.0,34.0,-465.0,202.0,-1786.0,,239.0
-393.0,-360.0,,-115.0,80.0,-843.0,214.0,-1803.0,,323.0
-415.0,-388.0,,-138.0,86.0,-1029.0,222.0,-1873.0,,375.0
-343.0,-385.0,,-197.0,66.0,-786.0,251.0,-1720.0,,413.0
-364.0,-374.0,,-204.0,49.0,-590.0,282.0,-1899.0,,443.0
-344.0,-434.0,,-173.0,-10.0,-642.0,271.0,-1869.0,,474.0
-273.0,-467.0,,-186.0,-51.0,-747.0,273.0,-2047.0,,483.0
-269.0,-494.0,,-218.0,-55.0,-656.0,290.0,-2093.0,,457.0
-116.0,-444.0,,-273.0,-76.0,-354.0,315.0,-2100.0,,439.0
-159.0,-374.0,,-284.0,-66.0,-329.0,308.0,-2341.0,,426.0
-86.0,-343.0,,-339.0,-57.0,-505.0,278.0,-2313.0,,413.0
-18.0,-257.0,,-394.0,-77.0,-503.0,265.0,-2462.0,,404.0
95.0,-168.0,,-392.0,-50.0,-475.0,244.0,-2265.0,,392.0
114.0,-67.0,,-489.0,-7.0,-701.0,239.0,-2265.0,,397.0
52.0,-23.0,,-495.0,17.0,-916.0,251.0,-2265.0,,392.0
211.0,14.0,,-446.0,60.0,-737.0,250.0,-2086.0,,378.0
249.0,62.0,,-481.0,71.0,-427.0,232.0,-2237.0,,344.0
259.0,87.0,,-513.0,39.0,-189.0,230.0,-2047.0,,299.0
223.0,159.0,,-518.0,20.0,34.0,250.0,-2086.0,,266.0
327.0,250.0,,-522.0,-20.0,234.0,266.0,-1869.0,,231.0
378.0,356.0,,-511.0,-81.0,346.0,278.0,-1633.0,,194.0
356.0,371.0,,-481.0,-101.0,479.0,246.0,-1511.0,,164.0
344.0,318.0,,-504.0,-119.0,799.0,204.0,-1315.0,,142.0
379.0,252.0,,-517.0,-133.0,1070.0,183.0,-1535.0,,128.0
406.0,152.0,,-532.0,-91.0,1172.0,193.0,-1444.0,,130.0
378.0,69.0,,-532.0,-62.0,1279.0,241.0,-1661.0,,109.0
354.0,-35.0,,-546.0,-70.0,1383.0,294.0,-1720.0,,95.0
275.0,-87.0,,-557.0,-83.0,1410.0,288.0,-1709.0,,101.0
406.0,-168.0,,-516.0,-119.0,1436.0,236.0,-1866.0,,111.0
400.0,-259.0,,-505.0,-112.0,1540.0,216.0,-1707.0,,121.0
427.0,-244.0,,-496.0,-29.0,1725.0,232.0,-1864.0,,108.0
416.0,-249.0,,-485.0,30.0,1850.0,266.0,-1649.0,,85.0
403.0,-247.0,,-439.0,66.0,1784.0,308.0,-1598.0,,52.0
386.0,-176.0,,-427.0,95.0,1630.0,335.0,-1459.0,,30.0
382.0,-61.0,,-449.0,60.0,1552.0,319.0,-1143.0,,11.0
521.0,-27.0,,-398.0,8.0,1613.0,306.0,-1156.0,,2.0
432.0,7.0,,-373.0,-21.0,1653.0,316.0,-740.0,,14.0
461.0,95.0,,-392.0,-61.0,1667.0,330.0,-663.0,,25.0
405.0,136.0,,-384.0,-87.0,1847.0,335.0,-578.0,,51.0
474.0,159.0,,-447.0,-92.0,2113.0,306.0,-585.0,,81.0
448.0,115.0,,-485.0,-110.0,2232.0,306.0,-824.0,,102.0
407.0,106.0,,-427.0,-103.0,2274.0,325.0,-855.0,,108.0
488.0,107.0,,-365.0,-81.0,2407.0,361.0,-1045.0,,99.0
440.0,62.0,,-352.0,-91.0,2685.0,400.0,-1023.0,,87.0
492.0,38.0,,-374.0,-71.0,3052.0,419.0,-1232.0,,59.0
393.0,17.0,,-356.0,-28.0,3227.0,445.0,-1269.0,,22.0
453.0,13.0,,-346.0,-14.0,3243.0,464.0,-1287.0,,1.0
456.0,20.0,,-290.0,9.0,3288.0,476.0,-1511.0,,-11.0
493.0,80.0,,-267.0,34.0,3296.0,485.0,-1304.0,,-11.0
433.0,156.0,,-235.0,41.0,3148.0,492.0,-1284.0,,2.0
369.0,243.0,,-137.0,76.0,2962.0,497.0,-1005.0,,24.0
446.0,297.0,,-162.0,101.0,2764.0,488.0,-777.0,,62.0
354.0,301.0,,-186.0,105.0,2544.0,459.0,-585.0,,123.0
365.0,299.0,,-139.0,151.0,2575.0,442.0,-221.0,,192.0
341.0,273.0,,-153.0,176.0,2600.0,440.0,-225.0,,253.0
370.0,264.0,,-169.0,170.0,2399.0,456.0,-9.0,,313.0
301.0,202.0,,-173.0,192.0,2296.0,474.0,-33.0,,350.0
302.0,97.0,,-201.0,190.0,2552.0,490.0,168.0,,376.0
211.0,-4.0,,-189.0,179.0,2879.0,521.0,480.0,,376.0
135.0,-99.0,,-203.0,203.0,2843.0,523.0,434.0,,370.0
195.0,-164.0,,-250.0,204.0,2741.0,559.0,522.0,,386.0
154.0,-165.0,,-301.0,180.0,2915.0,593.0,160.0,,376.0
136.0,-109.0,,-305.0,174.0,3196.0,585.0,-149.0,,369.0
17.0,-53.0,,-343.0,136.0,3290.0,603.0,-362.0,,342.0
134.0,10.0,,-416.0,103.0,3160.0,615.0,-229.0,,293.0
118.0,64.0,,-393.0,103.0,3110.0,640.0,140.0,,244.0
58.0,115.0,,-426.0,58.0,3111.0,672.0,291.0,,171.0
49.0,115.0,,-472.0,25.0,2889.0,679.0,508.0,,95.0
45.0,64.0,,-425.0,21.0,2536.0,679.0,216.0,,20.0
61.0,-22.0,,-401.0,-25.0,2238.0,676.0,229.0,,-63.0
-25.0,-100.0,,-332.0,-62.0,2113.0,684.0,269.0,,-149.0
77.0,-134.0,,-266.0,-99.0,2059.0,709.0,188.0,,-231.0
-6.0,-181.0,,-247.0,-161.0,1933.0,757.0,402.0,,-307.0
-71.0,-162.0,,-183.0,-177.0,1876.0,810.0,428.0,,-355.0
-120.0,-131.0,,-158.0,-154.0,1969.0,833.0,667.0,,-386.0
-102.0,-91.0,,-162.0,-133.0,2159.0,838.0,471.0,,-397.0
-102.0,-35.0,,-246.0,-83.0,2363.0,823.0,424.0,,-379.0
-181.0,23.0,,-235.0,-51.0,2372.0,783.0,607.0,,-351.0
-115.0,113.0,,-209.0,-74.0,2318.0,753.0,652.0,,-297.0
-284.0,119.0,,-297.0,-65.0,2524.0,746.0,1130.0,,-250.0
-258.0,134.0,,-256.0,-39.0,2855.0,735.0,1252.0,,-218.0
-259.0,131.0,,-280.0,-6.0,3065.0,730.0,1483.0,,-191.0
-272.0,63.0,,-313.0,93.0,2979.0,722.0,1411.0,,-183.0
-251.0,-11.0,,-242.0,186.0,2760.0,719.0,1047.0,,-169.0
-295.0,-155.0,,-252.0,219.0,2660.0,746.0,1160.0,,-162.0
-231.0,-296.0,,-365.0,243.0,2612.0,758.0,1226.0,,-169.0
-388.0,-418.0,,-431.0,220.0,2421.0,745.0,1744.0,,-171.0
-239.0,-498.0,,-373.0,156.0,2058.0,705.0,2030.0,,-142.0
-261.0,-538.0,,-382.0,97.0,1882.0,656.0,2032.0,,-73.0
-299.0,-503.0,,-349.0,6.0,1943.0,617.0,2036.0,,0.0
-223.0,-412.0,,-231.0,-70.0,1903.0,568.0,1688.0,,63.0
-333.0,-368.0,,-220.0,-99.0,1724.0,554.0,1563.0,,109.0
-155.0,-306.0,,-176.0,-169.0,1752.0,534.0,1372.0,,137.0
-297.0,-219.0,,-96.0,-226.0,2052.0,503.0,1459.0,,165.0
-194.0,-121.0,,-14.0,-202.0,2206.0,481.0,1561.0,,191.0
-192.0,-128.0,,41.0,-179.0,2111.0,450.0,1540.0,,200.0
-212.0,-157.0,,120.0,-152.0,2047.0,440.0,1757.0,,196.0
-73.0,-100.0,,186.0,-112.0,2160.0,431.0,1688.0,,197.0
-255.0,-53.0,,212.0,-116.0,2299.0,437.0,1808.0,,207.0
-114.0,-33.0,,256.0,-132.0,2295.0,460.0,1729.0,,222.0
-183.0,-9.0,,223.0,-154.0,2228.0,458.0,1651.0,,236.0
-22.0,87.0,,234.0,-189.0,1980.0,448.0,1760.0,,251.0
-55.0,115.0,,219.0,-180.0,1631.0,437.0,1635.0,,288.0
-112.0,85.0,,218.0,-155.0,1400.0,408.0,1868.0,,324.0
18.0,102.0,,246.0,-170.0,1209.0,376.0,1866.0,,341.0
-121.0,186.0,,276.0,-149.0,1122.0,358.0,1860.0,,362.0
19.0,223.0,,290.0,-108.0,995.0,379.0,1978.0,,376.0
-119.0,175.0,,255.0,-110.0,1003.0,418.0,2069.0,,390.0
17.0,219.0,,225.0,-87.0,1297.0,426.0,2158.0,,415.0
31.0,256.0,,260.0,-58.0,1410.0,405.0,1921.0,,436.0
14.0,262.0,,387.0,-32.0,1411.0,373.0,1989.0,,449.0
98.0,190.0,,370.0,44.0,1642.0,352.0,1805.0,,462.0
-24.0,101.0,,362.0,105.0,1905.0,344.0,1790.0,,489.0
143.0,158.0,,401.0,134.0,1938.0,365.0,2036.0,,524.0
46.0,194.0,,442.0,172.0,1847.0,383.0,2026.0,,554.0
94.0,147.0,,491.0,146.0,1798.0,388.0,2145.0,,581.0
10.0,92.0,,498.0,77.0,1863.0,380.0,2067.0,,607.0
52.0,107.0,,480.0,63.0,1694.0,343.0,2187.0,,636.0
117.0,121.0,,438.0,57.0,1376.0,330.0,2086.0,,667.0
47.0,85.0,,453.0,34.0,1229.0,330.0,2209.0,,695.0
147.0,51.0,,405.0,17.0,986.0,344.0,2531.0,,708.0
-17.0,50.0,,378.0,-22.0,788.0,373.0,2466.0,,715.0
68.0,66.0,,373.0,-37.0,728.0,379.0,2625.0,,724.0
33.0,-12.0,,311.0,-30.0,807.0,372.0,2429.0,,718.0
87.0,-92.0,,283.0,-71.0,928.0,378.0,2437.0,,698.0
25.0,-89.0,,249.0,-88.0,903.0,392.0,2435.0,,665.0
-50.0,-100.0,,209.0,-32.0,772.0,377.0,2226.0,,634.0
5.0,-191.0,,218.0,19.0,585.0,363.0,2224.0,,617.0
-56.0,-301.0,,245.0,77.0,476.0,349.0,2026.0,,612.0
4.0,-303.0,,222.0,135.0,298.0,320.0,2106.0,,628.0
-77.0,-269.0,,215.0,130.0,97.0,279.0,1947.0,,661.0
66.0,-249.0,,193.0,127.0,-26.0,238.0,1873.0,,713.0
-43.0,-216.0,,214.0,130.0,-164.0,213.0,1897.0,,787.0
-10.0,-188.0,,282.0,106.0,-365.0,169.0,1649.0,,873.0
-74.0,-113.0,,254.0,116.0,-472.0,135.0,1831.0,,956.0
-107.0,-2.0,,280.0,109.0,-441.0,114.0,1816.0,,1021.0
51.0,98.0,,349.0,79.0,-625.0,107.0,1901.0,,1097.0
-77.0,194.0,,346.0,105.0,-714.0,152.0,1971.0,,1185.0
66.0,274.0,,329.0,136.0,-549.0,211.0,1842.0,,1268.0
-47.0,305.0,,354.0,149.0,-525.0,230.0,1890.0,,1341.0
27.0,279.0,,324.0,185.0,-736.0,195.0,1897.0,,1396.0
-2.0,209.0,,318.0,189.0,-937.0,147.0,2195.0,,1444.0
40.0,196.0,,362.0,170.0,-859.0,133.0,2169.0,,1473.0
121.0,237.0,,324.0,194.0,-744.0,127.0,2161.0,,1487.0
-6.0,198.0,,337.0,184.0,-758.0,95.0,2195.0,,1483.0
36.0,136.0,,330.0,126.0,-972.0,82.0,1997.0,,1452.0
-38.0,137.0,,291.0,87.0,-1211.0,66.0,1978.0,,1414.0
89.0,188.0,,287.0,23.0,-1061.0,57.0,1694.0,,1365.0
-43.0,174.0,,294.0,-43.0,-729.0,70.0,1747.0,,1302.0
-25.0,78.0,,221.0,-74.0,-546.0,61.0,1699.0,,1233.0
-38.0,4.0,,125.0,-118.0,-605.0,85.0,1611.0,,1168.0
-81.0,-30.0,,160.0,-133.0,-667.0,90.0,1686.0,,1135.0
-47.0,-66.0,,153.0,-119.0,-613.0,48.0,1454.0,,1126.0
-165.0,-166.0,,133.0,-157.0,-705.0,33.0,1515.0,,1127.0
-63.0,-278.0,,124.0,-172.0,-902.0,49.0,1370.0,,1150.0
-143.0,-330.0,,104.0,-130.0,-1068.0,105.0,1524.0,,1173.0
-103.0,-402.0,,126.0,-116.0,-1034.0,158.0,1609.0,,1196.0
-118.0,-523.0,,149.0,-107.0,-922.0,169.0,1504.0,,1225.0
-186.0,-640.0,,156.0,-118.0,-1091.0,143.0,1712.0,,1259.0
-148.0,-674.0,,142.0,-204.0,-1204.0,126.0,1409.0,,1278.0
-104.0,-611.0,,167.0,-272.0,-1180.0,124.0,1378.0,,1270.0
-69.0,-570.0,,166.0,-298.0,-1130.0,134.0,1269.0,,1261.0
-137.0,-493.0,,160.0,-309.0,-1068.0,168.0,1247.0,,1225.0
-123.0,-336.0,,147.0,-252.0,-1309.0,172.0,1406.0,,1184.0
-101.0,-153.0,,152.0,-169.0,-1619.0,174.0,1208.0,,1154.0
-79.0,0.0,,195.0,-104.0,-1930.0,173.0,1341.0,,1115.0
-77.0,106.0,,173.0,-27.0,-2243.0,179.0,1213.0,,1085.0
-91.0,269.0,,186.0,17.0,-2389.0,197.0,1241.0,,1070.0
-118.0,453.0,,143.0,28.0,-2577.0,203.0,1322.0,,1051.0
-112.0,528.0,,79.0,59.0,-2769.0,215.0,1332.0,,1032.0
-104.0,503.0,,149.0,54.0,-2756.0,218.0,1511.0,,1023.0
-106.0,531.0,,151.0,25.0,-2571.0,237.0,1426.0,,1023.0
-98.0,551.0,,148.0,22.0,-2406.0,259.0,1587.0,,1032.0
-26.0,471.0,,170.0,4.0,-2353.0,253.0,1491.0,,1048.0
-63.0,341.0,,85.0,3.0,-2226.0,228.0,1481.0,,1047.0
-156.0,216.0,,106.0,23.0,-2065.0,205.0,1509.0,,1034.0
-71.0,126.0,,139.0,-1.0,-2180.0,203.0,1339.0,,1024.0
-20.0,-3.0,,133.0,-19.0,-2207.0,213.0,1444.0,,1000.0
-22.0,-119.0,,141.0,0.0,-2041.0,238.0,1217.0,,961.0
-114.0,-180.0,,125.0,-2.0,-1869.0,247.0,1151.0,,902.0
-87.0,-211.0,,192.0,12.0,-1760.0,260.0,942.0,,821.0
-66.0,-218.0,,163.0,25.0,-1863.0,283.0,812.0,,747.0
-89.0,-210.0,,120.0,-21.0,-1951.0,283.0,883.0,,672.0
-116.0,-186.0,,106.0,-36.0,-1963.0,284.0,576.0,,587.0
-171.0,-146.0,,62.0,-19.0,-1857.0,275.0,709.0,,513.0
-125.0,-78.0,,76.0,-32.0,-1786.0,247.0,628.0,,446.0
-191.0,-35.0,,41.0,-30.0,-1796.0,215.0,591.0,,396.0
-202.0,-19.0,,44.0,-44.0,-1777.0,195.0,641.0,,366.0
-271.0,25.0,,61.0,-98.0,-1662.0,196.0,399.0,,325.0
-265.0,133.0,,138.0,-129.0,-1541.0,204.0,365.0,,281.0
-249.0,233.0,,238.0,-161.0,-1583.0,196.0,121.0,,250.0
-264.0,293.0,,251.0,-183.0,-1589.0,181.0,188.0,,228.0
-232.0,389.0,,346.0,-132.0,-1704.0,176.0,266.0,,206.0
-299.0,511.0,,409.0,-99.0,-1790.0,163.0,328.0,,187.0
-213.0,592.0,,387.0,-97.0,-1890.0,169.0,397.0,,172.0
-222.0,598.0,,432.0,-52.0,-2091.0,157.0,103.0,,174.0
-179.0,518.0,,503.0,-19.0,-2083.0,132.0,1.0,,215.0
-170.0,403.0,,525.0,7.0,-1750.0,105.0,-212.0,,282.0
-179.0,295.0,,533.0,26.0,-1240.0,75.0,-7.0,,376.0
-138.0,168.0,,547.0,-32.0,-1029.0,88.0,83.0,,480.0
-171.0,54.0,,557.0,-62.0,-934.0,95.0,-86.0,,601.0
-106.0,2.0,,563.0,-3.0,-772.0,98.0,27.0,,739.0
-148.0,-12.0,,527.0,25.0,-615.0,76.0,-199.0,,849.0
-119.0,-54.0,,453.0,40.0,-621.0,32.0,-14.0,,943.0
-129.0,-100.0,,426.0,52.0,-778.0,22.0,46.0,,1016.0
-113.0,-85.0,,392.0,50.0,-940.0,0.0,136.0,,1076.0
-71.0,-42.0,,375.0,108.0,-1151.0,-31.0,413.0,,1113.0
-150.0,-38.0,,336.0,130.0,-1301.0,-60.0,256.0,,1116.0
-119.0,-111.0,,185.0,98.0,-1454.0,-58.0,254.0,,1105.0
-111.0,-182.0,,180.0,116.0,-1506.0,-26.0,-57.0,,1066.0
-107.0,-198.0,,236.0,126.0,-1452.0,-16.0,-133.0,,1031.0
-117.0,-245.0,,221.0,98.0,-1151.0,-31.0,-160.0,,998.0
-160.0,-331.0,,280.0,88.0,-745.0,-40.0,-221.0,,960.0
-134.0,-369.0,,321.0,54.0,-597.0,-23.0,42.0,,932.0
-133.0,-326.0,,321.0,2.0,-493.0,-16.0,7.0,,896.0
-162.0,-275.0,,304.0,-21.0,-298.0,-47.0,7.0,,875.0
-165.0,-280.0,,286.0,-64.0,-290.0,-86.0,-454.0,,860.0
-184.0,-281.0,,294.0,-79.0,-767.0,-109.0,-870.0,,827.0
-173.0,-236.0,,308.0,-45.0,-1231.0,-143.0,-1152.0,,787.0
-161.0,-171.0,,315.0,-22.0,-1314.0,-186.0,-1431.0,,745.0
-118.0,-135.0,,290.0,34.0,-1272.0,-218.0,-1199.0,,710.0
-151.0,-115.0,,268.0,98.0,-1425.0,-235.0,-1066.0,,675.0
-193.0,-57.0,,280.0,99.0,-1600.0,-260.0,-635.0,,629.0
-153.0,29.0,,290.0,100.0,-1455.0,-291.0,-504.0,,579.0
-143.0,81.0,,243.0,111.0,-1265.0,-296.0,-559.0,,537.0
-95.0,84.0,,300.0,79.0,-1251.0,-311.0,-550.0,,520.0
-176.0,145.0,,293.0,56.0,-1426.0,-305.0,-746.0,,515.0
-184.0,248.0,,190.0,25.0,-1414.0,-296.0,-484.0,,506.0
-146.0,292.0,,252.0,-23.0,-1219.0,-330.0,-515.0,,503.0
-162.0,284.0,,259.0,-17.0,-1362.0,-371.0,-447.0,,490.0
-171.0,294.0,,231.0,-10.0,-1722.0,-415.0,-369.0,,492.0
-134.0,336.0,,221.0,-17.0,-1971.0,-448.0,-493.0,,502.0
-20.0,370.0,,214.0,27.0,-2036.0,-476.0,-461.0,,508.0
-86.0,347.0,,168.0,79.0,-2212.0,-490.0,-757.0,,514.0
-120.0,317.0,,141.0,114.0,-2456.0,-497.0,-763.0,,511.0
-83.0,357.0,,210.0,169.0,-2329.0,-509.0,-824.0,,525.0
26.0,364.0,,224.0,181.0,-1913.0,-520.0,-781.0,,518.0
43.0,312.0,,247.0,146.0,-1661.0,-526.0,-676.0,,501.0
-11.0,265.0,,266.0,116.0,-1601.0,-515.0,-833.0,,481.0
27.0,230.0,,335.0,47.0,-1338.0,-506.0,-726.0,,426.0
35.0,167.0,,313.0,10.0,-975.0,-492.0,-981.0,,364.0
113.0,99.0,,262.0,27.0,-840.0,-487.0,-1069.0,,302.0
48.0,64.0,,292.0,-11.0,-1003.0,-492.0,-1071.0,,239.0
-6.0,-7.0,,259.0,-61.0,-1168.0,-493.0,-1106.0,,170.0
30.0,-95.0,,236.0,-90.0,-1214.0,-498.0,-870.0,,103.0
64.0,-169.0,,151.0,-130.0,-1433.0,-482.0,-1003.0,,63.0
53.0,-151.0,,148.0,-136.0,-1760.0,-448.0,-946.0,,44.0
-36.0,-75.0,,207.0,-123.0,-1896.0,-424.0,-999.0,,27.0
-40.0,-35.0,,283.0,-133.0,-1772.0,-402.0,-970.0,,19.0
45.0,-2.0,,327.0,-105.0,-1754.0,-364.0,-822.0,,7.0
54.0,-27.0,,296.0,-52.0,-1809.0,-350.0,-934.0,,18.0
-39.0,-82.0,,306.0,-16.0,-1666.0,-369.0,-752.0,,41.0
7.0,-111.0,,233.0,43.0,-1571.0,-380.0,-800.0,,38.0
106.0,-106.0,,210.0,79.0,-1704.0,-380.0,-594.0,,41.0
195.0,-74.0,,227.0,62.0,-1951.0,-360.0,-456.0,,33.0
135.0,-66.0,,212.0,34.0,-2064.0,-339.0,-473.0,,26.0
136.0,-72.0,,173.0,-26.0,-2114.0,-329.0,-240.0,,21.0
296.0,-44.0,,174.0,-111.0,-2157.0,-352.0,-351.0,,2.0
354.0,-17.0,,215.0,-150.0,-2107.0,-375.0,-234.0,,-20.0
323.0,-14.0,,125.0,-158.0,-2239.0,-367.0,-376.0,,-38.0
273.0,1.0,,228.0,-163.0,-2402.0,-370.0,-448.0,,-58.0
389.0,17.0,,384.0,-126.0,-2326.0,-367.0,-386.0,,-82.0
429.0,-2.0,,126.0,-71.0,-2321.0,-386.0,-506.0,,-105.0
437.0,-59.0,,-73.0,-28.0,-2349.0,-426.0,-271.0,,-146.0
331.0,-64.0,,83.0,38.0,-2258.0,-455.0,-358.0,,-188.0
397.0,34.0,,114.0,90.0,-2034.0,-461.0,-415.0,,-231.0
520.0,120.0,,88.0,103.0,-1814.0,-442.0,-622.0,,-268.0
388.0,129.0,,172.0,124.0,-1777.0,-451.0,-800.0,,-303.0
394.0,158.0,,124.0,127.0,-1686.0,-469.0,-781.0,,-344.0
345.0,245.0,,165.0,137.0,-1630.0,-478.0,-936.0,,-363.0
425.0,267.0,,219.0,203.0,-1512.0,-500.0,-788.0,,-374.0
363.0,206.0,,152.0,250.0,-1179.0,-512.0,-923.0,,-381.0
301.0,173.0,,171.0,271.0,-830.0,-497.0,-824.0,,-399.0
381.0,193.0,,197.0,289.0,-478.0,-461.0,-755.0,,-385.0
354.0,187.0,,100.0,260.0,-206.0,-445.0,-896.0,,-356.0
315.0,138.0,,-46.0,199.0,39.0,-483.0,-859.0,,-321.0
233.0,148.0,,4.0,135.0,179.0,-543.0,-1169.0,,-264.0
309.0,206.0,,41.0,44.0,160.0,-596.0,-1008.0,,-216.0
292.0,197.0,,-96.0,-32.0,184.0,-612.0,-934.0,,-147.0
244.0,140.0,,-116.0,-62.0,274.0,-612.0,-849.0,,-71.0
247.0,144.0,,-166.0,-89.0,323.0,-642.0,-650.0,,-19.0
256.0,239.0,,-269.0,-94.0,325.0,-651.0,-831.0,,11.0
258.0,323.0,,-259.0,-68.0,417.0,-657.0,-785.0,,30.0
293.0,334.0,,-264.0,-61.0,611.0,-663.0,-992.0,,37.0
336.0,381.0,,-290.0,-48.0,618.0,-655.0,-1056.0,,45.0
368.0,473.0,,-291.0,-32.0,399.0,-675.0,-1079.0,,44.0
393.0,518.0,,-278.0,-57.0,315.0,-693.0,-1003.0,,18.0
401.0,518.0,,-290.0,-55.0,374.0,-701.0,-776.0,,3.0
493.0,500.0,,-279.0,-14.0,388.0,-705.0,-700.0,,-23.0
434.0,495.0,,-238.0,-10.0,304.0,-712.0,-230.0,,-44.0
565.0,424.0,,-222.0,13.0,285.0,-732.0,-243.0,,-30.0
618.0,279.0,,-238.0,59.0,418.0,-730.0,-262.0,,-21.0
617.0,191.0,,-278.0,58.0,586.0,-726.0,-291.0,,-25.0
622.0,106.0,,-308.0,45.0,587.0,-719.0,-541.0,,-16.0
601.0,0.0,,-374.0,43.0,499.0,-734.0,-349.0,,-11.0
755.0,-55.0,,-424.0,31.0,699.0,-768.0,-460.0,,-1.0
639.0,-35.0,,-506.0,42.0,1003.0,-773.0,-347.0,,18.0
681.0,50.0,,-540.0,64.0,1095.0,-779.0,-330.0,,18.0
645.0,130.0,,-543.0,90.0,991.0,-744.0,-465.0,,22.0
711.0,199.0,,-632.0,158.0,1103.0,-729.0,-458.0,,25.0
706.0,247.0,,-620.0,200.0,1527.0,-726.0,-657.0,,8.0
580.0,266.0,,-543.0,189.0,1725.0,-676.0,-552.0,,-29.0
658.0,236.0,,-535.0,193.0,1509.0,-635.0,-726.0,,-100.0
574.0,177.0,,-519.0,179.0,1140.0,-599.0,-866.0,,-185.0
631.0,97.0,,-417.0,131.0,914.0,-592.0,-1014.0,,-279.0
456.0,-3.0,,-409.0,97.0,820.0,-587.0,-1060.0,,-394.0
431.0,-94.0,,-453.0,52.0,767.0,-556.0,-744.0,,-502.0
472.0,-162.0,,-422.0,3.0,606.0,-512.0,-739.0,,-598.0
462.0,-166.0,,-324.0,9.0,421.0,-463.0,-447.0,,-676.0
388.0,-153.0,,-265.0,16.0,606.0,-431.0,-467.0,,-710.0
335.0,-100.0,,-339.0,1.0,1069.0,-437.0,-493.0,,-715.0
407.0,-16.0,,-326.0,27.0,1291.0,-443.0,-341.0,,-687.0
293.0,52.0,,-331.0,32.0,1102.0,-403.0,-432.0,,-641.0
375.0,127.0,,-339.0,0.0,1186.0,-376.0,-83.0,,-574.0
367.0,191.0,,-237.0,-2.0,1783.0,-354.0,46.0,,-485.0
445.0,256.0,,-231.0,-9.0,2095.0,-330.0,205.0,,-405.0
339.0,263.0,,-252.0,-19.0,1878.0,-309.0,160.0,,-325.0
405.0,187.0,,-246.0,-2.0,1641.0,-283.0,-92.0,,-261.0
386.0,84.0,,-197.0,-3.0,1688.0,-269.0,-171.0,,-207.0
357.0,17.0,,-175.0,-13.0,1614.0,-255.0,-380.0,,-142.0
424.0,-23.0,,-243.0,-17.0,1225.0,-227.0,-266.0,,-75.0
224.0,-109.0,,-221.0,-53.0,970.0,-216.0,-397.0,,-32.0
312.0,-216.0,,-204.0,-81.0,930.0,-197.0,-253.0,,13.0
169.0,-254.0,,-173.0,-84.0,860.0,-155.0,-18.0,,59.0
317.0,-236.0,,-193.0,-90.0,628.0,-146.0,-123.0,,97.0
91.0,-274.0,,-224.0,-88.0,521.0,-136.0,-5.0,,152.0
104.0,-341.0,,-131.0,-75.0,679.0,-123.0,-323.0,,176.0
111.0,-354.0,,-159.0,-81.0,763.0,-121.0,-378.0,,172.0
-6.0,-359.0,,-150.0,-72.0,644.0,-118.0,-419.0,,152.0
135.0,-371.0,,-93.0,-16.0,555.0,-103.0,-526.0,,116.0
-146.0,-331.0,,-140.0,20.0,488.0,-102.0,-393.0,,82.0
117.0,-223.0,,-157.0,66.0,361.0,-131.0,-500.0,,50.0
-91.0,-119.0,,-123.0,120.0,398.0,-139.0,-339.0,,19.0
53.0,-109.0,,-148.0,121.0,565.0,-147.0,-437.0,,-9.0
-65.0,-135.0,,-169.0,110.0,849.0,-151.0,-334.0,,-23.0
-93.0,-115.0,,-163.0,87.0,1255.0,-162.0,-164.0,,-25.0
67.0,-93.0,,-206.0,29.0,1695.0,-178.0,-182.0,,-17.0
-223.0,-153.0,,-169.0,-7.0,2070.0,-186.0,103.0,,-14.0
6.0,-224.0,,-167.0,-20.0,2203.0,-205.0,88.0,,-11.0
-185.0,-222.0,,-180.0,-43.0,2122.0,-211.0,399.0,,7.0
119.0,-196.0,,-117.0,-31.0,2100.0,-215.0,430.0,,35.0
-120.0,-168.0,,-150.0,2.0,1996.0,-210.0,314.0,,74.0
-64.0,-101.0,,-187.0,3.0,1630.0,-210.0,493.0,,136.0
-14.0,21.0,,-182.0,16.0,1315.0,-217.0,376.0,,213.0
-72.0,99.0,,-176.0,41.0,1046.0,-205.0,556.0,,291.0
101.0,92.0,,-193.0,60.0,813.0,-213.0,569.0,,384.0
-224.0,59.0,,-245.0,115.0,715.0,-228.0,713.0,,464.0
111.0,53.0,,-246.0,153.0,800.0,-235.0,881.0,,516.0
-211.0,-44.0,,-250.0,136.0,982.0,-238.0,811.0,,549.0
34.0,-269.0,,-256.0,119.0,1222.0,-225.0,757.0,,563.0
-99.0,-407.0,,-323.0,77.0,1506.0,-232.0,382.0,,575.0
-93.0,-448.0,,-394.0,23.0,1770.0,-252.0,306.0,,587.0
62.0,-466.0,,-390.0,11.0,1892.0,-296.0,48.0,,601.0
-270.0,-478.0,,-416.0,-11.0,1795.0,-349.0,-27.0,,625.0
44.0,-429.0,,-433.0,-48.0,1846.0,-375.0,208.0,,659.0
-140.0,-348.0,,-420.0,-60.0,2007.0,-380.0,218.0,,713.0
131.0,-324.0,,-394.0,-69.0,2120.0,-371.0,478.0,,774.0
-166.0,-322.0,,-346.0,-77.0,1972.0,-354.0,338.0,,819.0
-81.0,-307.0,,-269.0,-69.0,1728.0,-317.0,245.0,,850.0
22.0,-248.0,,-262.0,-88.0,1711.0,-297.0,218.0,,865.0
-21.0,-182.0,,-264.0,-87.0,1659.0,-277.0,190.0,,853.0
79.0,-164.0,,-211.0,-46.0,1468.0,-241.0,450.0,,804.0
-167.0,-162.0,,-205.0,-50.0,978.0,-224.0,541.0,,727.0
138.0,-175.0,,-197.0,-47.0,532.0,-222.0,790.0,,628.0
-75.0,-254.0,,-169.0,-22.0,417.0,-228.0,639.0,,520.0
85.0,-326.0,,-188.0,-40.0,258.0,-230.0,467.0,,410.0
-24.0,-342.0,,-180.0,-54.0,79.0,-236.0,290.0,,293.0
52.0,-321.0,,-217.0,-37.0,128.0,-246.0,16.0,,190.0
46.0,-255.0,,-253.0,-34.0,250.0,-244.0,157.0,,92.0
-88.0,-190.0,,-162.0,-19.0,300.0,-208.0,-64.0,,9.0
73.0,-49.0,,-188.0,-8.0,309.0,-171.0,-25.0,,-71.0
-106.0,162.0,,-212.0,-54.0,361.0,-154.0,20.0,,-178.0
127.0,263.0,,-174.0,-70.0,482.0,-141.0,44.0,,-280.0
-62.0,258.0,,-214.0,-54.0,580.0,-130.0,338.0,,-378.0
51.0,248.0,,-193.0,-64.0,548.0,-137.0,460.0,,-461.0
16.0,236.0,,-179.0,-42.0,354.0,-156.0,768.0,,-529.0
36.0,154.0,,-190.0,-19.0,262.0,-171.0,744.0,,-617.0
53.0,23.0,,-195.0,-24.0,246.0,-163.0,840.0,,-683.0
-50.0,-58.0,,-159.0,-3.0,284.0,-120.0,744.0,,-722.0
117.0,-103.0,,-131.0,14.0,404.0,-73.0,607.0,,-737.0
-11.0,-177.0,,-138.0,5.0,471.0,-47.0,862.0,,-720.0
111.0,-259.0,,-128.0,5.0,475.0,-71.0,689.0,,-690.0
-60.0,-235.0,,-187.0,-6.0,350.0,-112.0,812.0,,-639.0
37.0,-142.0,,-212.0,-16.0,226.0,-137.0,670.0,,-578.0
19.0,-125.0,,-140.0,28.0,65.0,-136.0,463.0,,-489.0
-44.0,-166.0,,-134.0,64.0,-6.0,-108.0,473.0,,-400.0
6.0,-145.0,,-181.0,59.0,40.0,-67.0,286.0,,-342.0
-62.0,-84.0,,-166.0,49.0,-44.0,-23.0,317.0,,-270.0
44.0,-82.0,,-183.0,14.0,-177.0,-29.0,118.0,,-205.0
-14.0,-85.0,,-220.0,-12.0,-285.0,-51.0,144.0,,-152.0
32.0,-38.0,,-209.0,11.0,-267.0,-73.0,-33.0,,-94.0
-89.0,34.0,,-183.0,26.0,-223.0,-72.0,-157.0,,-39.0
52.0,48.0,,-150.0,39.0,-184.0,-52.0,20.0,,12.0
73.0,18.0,,-179.0,97.0,-156.0,-45.0,-68.0,,78.0
-74.0,2.0,,-248.0,136.0,-138.0,-33.0,218.0,,155.0
-88.0,-38.0,,-255.0,145.0,204.0,-56.0,127.0,,213.0
-24.0,-91.0,,-190.0,158.0,580.0,-68.0,97.0,,277.0
51.0,-129.0,,-163.0,115.0,582.0,-61.0,238.0,,349.0
-89.0,-106.0,,-131.0,68.0,467.0,-51.0,194.0,,410.0
-90.0,-49.0,,-60.0,63.0,638.0,-48.0,389.0,,470.0
-87.0,-16.0,,-128.0,26.0,895.0,-77.0,260.0,,503.0
-64.0,-4.0,,-141.0,-12.0,615.0,-85.0,230.0,,520.0
-104.0,21.0,,-62.0,-27.0,100.0,-77.0,11.0,,549.0
-87.0,58.0,,-141.0,-58.0,-135.0,-67.0,-73.0,,561.0
-191.0,44.0,,-107.0,-80.0,-240.0,-81.0,-27.0,,572.0
-129.0,19.0,,-121.0,-86.0,-509.0,-113.0,-221.0,,584.0
-123.0,20.0,,-203.0,-131.0,-1031.0,-116.0,38.0,,593.0
-112.0,56.0,,-96.0,-162.0,-1431.0,-112.0,-48.0,,607.0
-151.0,130.0,,-83.0,-160.0,-1496.0,-93.0,49.0,,632.0
-222.0,205.0,,-117.0,-182.0,-1463.0,-88.0,160.0,,655.0
-49.0,209.0,,-113.0,-181.0,-1632.0,-101.0,31.0,,673.0
-262.0,121.0,,-77.0,-179.0,-1890.0,-110.0,140.0,,708.0
-125.0,32.0,,-91.0,-195.0,-1793.0,-105.0,-42.0,,733.0
-290.0,2.0,,-93.0,-155.0,-1494.0,-74.0,12.0,,769.0
-138.0,-12.0,,-62.0,-117.0,-1218.0,-59.0,-197.0,,803.0
-179.0,-83.0,,-145.0,-121.0,-832.0,-51.0,-376.0,,813.0
-300.0,-178.0,,-212.0,-97.0,-482.0,-56.0,-569.0,,827.0
-210.0,-264.0,,-216.0,-65.0,-229.0,-87.0,-883.0,,818.0
-412.0,-323.0,,-200.0,-46.0,-114.0,-145.0,-659.0,,790.0
-124.0,-353.0,,-247.0,13.0,-206.0,-205.0,-774.0,,752.0
-527.0,-374.0,,-233.0,72.0,-429.0,-212.0,-552.0,,707.0
-304.0,-365.0,,-188.0,77.0,-799.0,-212.0,-386.0,,651.0
-548.0,-342.0,,-159.0,76.0,-985.0,-202.0,-413.0,,614.0
-427.0,-334.0,,-128.0,53.0,-1004.0,-190.0,-251.0,,573.0
-410.0,-341.0,,-173.0,29.0,-1201.0,-203.0,-352.0,,502.0
-703.0,-304.0,,-141.0,52.0,-1396.0,-194.0,-121.0,,442.0
-357.0,-250.0,,-182.0,43.0,-1233.0,-207.0,-68.0,,357.0
-770.0,-219.0,,-262.0,9.0,-753.0,-216.0,184.0,,263.0
-286.0,-193.0,,-223.0,30.0,-566.0,-206.0,336.0,,163.0
-687.0,-162.0,,-190.0,43.0,-619.0,-214.0,290.0,,57.0
-385.0,-115.0,,-255.0,27.0,-393.0,-216.0,463.0,,-32.0
-503.0,-105.0,,-342.0,31.0,-85.0,-250.0,168.0,,-118.0
-541.0,-106.0,,-294.0,21.0,-87.0,-302.0,190.0,,-193.0
-275.0,-107.0,,-297.0,16.0,-292.0,-320.0,62.0,,-255.0
-618.0,-104.0,,-325.0,36.0,-333.0,-300.0,-24.0,,-278.0
-70.0,-122.0,,-304.0,17.0,-229.0,-275.0,145.0,,-284.0
-638.0,-184.0,,-290.0,2.0,-288.0,-249.0,-22.0,,-273.0
-80.0,-215.0,,-268.0,26.0,-542.0,-255.0,-57.0,,-244.0
-382.0,-209.0,,-259.0,17.0,-715.0,-282.0,-312.0,,-213.0
-175.0,-184.0,,-172.0,2.0,-724.0,-303.0,-325.0,,-168.0
-210.0,-141.0,,-119.0,-2.0,-551.0,-344.0,-436.0,,-134.0
-453.0,-54.0,,-69.0,-46.0,-413.0,-364.0,-569.0,,-110.0
-28.0,32.0,,-47.0,-64.0,-484.0,-388.0,-426.0,,-93.0
-576.0,68.0,,-38.0,-68.0,-490.0,-408.0,-659.0,,-104.0
-44.0,85.0,,-10.0,-99.0,-434.0,-404.0,-569.0,,-134.0
-611.0,87.0,,-23.0,-107.0,-423.0,-376.0,-659.0,,-170.0
-166.0,92.0,,38.0,-130.0,-600.0,-324.0,-727.0,,-223.0
-461.0,85.0,,17.0,-182.0,-828.0,-299.0,-607.0,,-288.0
-463.0,86.0,,-29.0,-193.0,-901.0,-305.0,-692.0,,-335.0
-334.0,106.0,,-57.0,-187.0,-952.0,-309.0,-583.0,,-372.0
-675.0,100.0,,-65.0,-183.0,-984.0,-287.0,-687.0,,-397.0
-128.0,69.0,,-100.0,-147.0,-1086.0,-266.0,-537.0,,-403.0
-760.0,19.0,,-152.0,-126.0,-969.0,-253.0,-670.0,,-391.0
-267.0,-27.0,,-121.0,-131.0,-691.0,-255.0,-966.0,,-336.0
-781.0,-73.0,,-181.0,-125.0,-484.0,-250.0,-968.0,,-258.0
-435.0,-126.0,,-194.0,-156.0,-338.0,-225.0,-1232.0,,-168.0
-493.0,-153.0,,-115.0,-198.0,-415.0,-190.0,-1082.0,,-74.0
-713.0,-167.0,,-128.0,-200.0,-347.0,-151.0,-1053.0,,26.0
-342.0,-195.0,,-134.0,-214.0,-231.0,-129.0,-951.0,,162.0
-890.0,-223.0,,-28.0,-221.0,-136.0,-107.0,-766.0,,276.0
-287.0,-222.0,,-20.0,-186.0,0.0,-84.0,-737.0,,392.0
-767.0,-186.0,,2.0,-168.0,-18.0,-65.0,-533.0,,513.0
-254.0,-135.0,,103.0,-155.0,47.0,-66.0,-641.0,,615.0
-553.0,-94.0,,99.0,-95.0,246.0,-69.0,-428.0,,740.0
-513.0,-69.0,,88.0,-50.0,451.0,-61.0,-478.0,,823.0
-154.0,-46.0,,77.0,-24.0,467.0,-59.0,-559.0,,889.0
-539.0,-36.0,,90.0,3.0,544.0,-43.0,-471.0,,961.0
42.0,-48.0,,99.0,-12.0,742.0,-28.0,-739.0,,1014.0
-551.0,-68.0,,70.0,-40.0,683.0,-3.0,-655.0,,1056.0
52.0,-104.0,,46.0,-71.0,399.0,30.0,-903.0,,1066.0
-338.0,-145.0,,39.0,-136.0,34.0,68.0,-1031.0,,1044.0
-105.0,-127.0,,40.0,-167.0,-135.0,125.0,-1112.0,,1017.0
-48.0,-81.0,,52.0,-152.0,-134.0,156.0,-1252.0,,996.0
-419.0,-90.0,,23.0,-160.0,-95.0,179.0,-1123.0,,976.0
100.0,-151.0,,40.0,-162.0,50.0,192.0,-1280.0,,974.0
-524.0,-224.0,,107.0,-143.0,373.0,174.0,-1151.0,,977.0
107.0,-242.0,,85.0,-128.0,802.0,163.0,-1343.0,,999.0
-559.0,-215.0,,176.0,-87.0,1247.0,174.0,-1470.0,,1045.0
-154.0,-187.0,,238.0,-53.0,1642.0,216.0,-1385.0,,1091.0
-289.0,-116.0,,229.0,-64.0,1756.0,263.0,-1470.0,,1140.0
-518.0,-39.0,,281.0,-60.0,1683.0,287.0,-1204.0,,1182.0
-182.0,0.0,,284.0,-38.0,1700.0,321.0,-1291.0,,1216.0
-694.0,30.0,,344.0,-34.0,1685.0,329.0,-1293.0,,1231.0
-70.0,68.0,,384.0,-8.0,1433.0,294.0,-1348.0,,1223.0
-786.0,149.0,,351.0,29.0,1158.0,290.0,-1319.0,,1184.0
-206.0,259.0,,385.0,27.0,989.0,314.0,-1066.0,,1129.0
-566.0,325.0,,418.0,28.0,929.0,342.0,-1110.0,,1084.0
-364.0,339.0,,362.0,40.0,822.0,372.0,-909.0,,1028.0
-258.0,347.0,,370.0,59.0,707.0,405.0,-1010.0,,988.0
-550.0,329.0,,408.0,120.0,980.0,434.0,-953.0,,969.0
-24.0,274.0,,278.0,150.0,1343.0,464.0,-873.0,,972.0
-581.0,204.0,,170.0,141.0,1490.0,494.0,-1025.0,,993.0
95.0,111.0,,166.0,167.0,1549.0,515.0,-910.0,,992.0
-400.0,54.0,,115.0,163.0,1621.0,534.0,-1149.0,,978.0
40.0,18.0,,41.0,132.0,1645.0,554.0,-1193.0,,949.0
-146.0,-29.0,,51.0,121.0,1523.0,585.0,-1291.0,,905.0
-129.0,-41.0,,44.0,94.0,1304.0,592.0,-1337.0,,842.0
122.0,-43.0,,15.0,80.0,1066.0,603.0,-1245.0,,758.0
-204.0,-42.0,,72.0,105.0,890.0,605.0,-1430.0,,677.0
253.0,-32.0,,105.0,109.0,707.0,592.0,-1332.0,,605.0
-239.0,-19.0,,108.0,101.0,641.0,609.0,-1526.0,,549.0
307.0,-2.0,,129.0,106.0,653.0,623.0,-1605.0,,499.0
-27.0,-7.0,,141.0,64.0,467.0,653.0,-1570.0,,446.0
217.0,-31.0,,176.0,11.0,498.0,669.0,-1570.0,,415.0
114.0,-43.0,,238.0,-6.0,901.0,660.0,-1391.0,,422.0
86.0,-16.0,,248.0,-40.0,1071.0,649.0,-1487.0,,441.0
334.0,11.0,,255.0,-45.0,953.0,640.0,-1319.0,,466.0
-62.0,29.0,,339.0,-20.0,937.0,635.0,-1322.0,,511.0
348.0,76.0,,382.0,-13.0,1185.0,631.0,-1213.0,,542.0
18.0,164.0,,362.0,13.0,1349.0,632.0,-1051.0,,569.0
341.0,241.0,,389.0,12.0,1097.0,613.0,-1114.0,,593.0
44.0,260.0,,434.0,-46.0,914.0,569.0,-853.0,,591.0
205.0,244.0,,447.0,-57.0,1055.0,537.0,-859.0,,579.0
250.0,233.0,,454.0,-30.0,1115.0,551.0,-713.0,,569.0
101.0,250.0,,461.0,-31.0,854.0,578.0,-742.0,,562.0
311.0,228.0,,404.0,-14.0,586.0,593.0,-748.0,,548.0
-49.0,191.0,,409.0,6.0,534.0,592.0,-528.0,,516.0
297.0,212.0,,472.0,6.0,513.0,589.0,-578.0,,457.0
14.0,205.0,,424.0,26.0,325.0,590.0,-312.0,,410.0
177.0,155.0,,368.0,23.0,98.0,579.0,-428.0,,370.0
29.0,106.0,,296.0,7.0,127.0,532.0,-404.0,,318.0
38.0,81.0,,423.0,34.0,214.0,477.0,-286.0,,265.0
150.0,76.0,,451.0,48.0,328.0,448.0,-445.0,,237.0
-122.0,36.0,,273.0,47.0,536.0,429.0,-319.0,,250.0
105.0,-27.0,,410.0,82.0,626.0,436.0,-511.0,,276.0
-187.0,-31.0,,321.0,96.0,666.0,420.0,-570.0,,319.0
76.0,3.0,,165.0,81.0,705.0,417.0,-746.0,,360.0
-117.0,35.0,,356.0,78.0,631.0,440.0,-807.0,,405.0
-79.0,65.0,,299.0,50.0,472.0,440.0,-805.0,,446.0
-24.0,85.0,,69.0,22.0,298.0,455.0,-1116.0,,450.0
-152.0,127.0,,190.0,25.0,236.0,448.0,-933.0,,429.0
69.0,176.0,,221.0,14.0,331.0,433.0,-1001.0,,390.0
-226.0,212.0,,-3.0,37.0,242.0,425.0,-855.0,,345.0
26.0,232.0,,164.0,97.0,162.0,426.0,-665.0,,281.0
-97.0,227.0,,160.0,117.0,354.0,405.0,-755.0,,219.0
60.0,153.0,,-2.0,131.0,659.0,373.0,-626.0,,152.0
-25.0,27.0,,228.0,128.0,891.0,355.0,-792.0,,98.0
-122.0,-48.0,,187.0,56.0,812.0,338.0,-770.0,,79.0
180.0,-63.0,,21.0,8.0,750.0,347.0,-970.0,,71.0
-16.0,-37.0,,227.0,2.0,891.0,338.0,-1001.0,,81.0
175.0,7.0,,346.0,-21.0,1053.0,353.0,-988.0,,105.0
-8.0,86.0,,317.0,-12.0,1041.0,338.0,-1230.0,,143.0
171.0,183.0,,417.0,-8.0,923.0,318.0,-944.0,,179.0
124.0,235.0,,492.0,-36.0,931.0,335.0,-971.0,,213.0
77.0,252.0,,537.0,-29.0,1008.0,306.0,-757.0,,240.0
180.0,235.0,,584.0,-47.0,1129.0,322.0,-524.0,,282.0
43.0,176.0,,603.0,-95.0,1143.0,330.0,-473.0,,331.0
231.0,116.0,,608.0,-97.0,1010.0,342.0,-317.0,,359.0
-11.0,53.0,,618.0,-110.0,818.0,373.0,-467.0,,386.0
127.0,-21.0,,542.0,-134.0,691.0,375.0,-266.0,,393.0
92.0,-56.0,,506.0,-118.0,646.0,397.0,-299.0,,392.0
160.0,-77.0,,425.0,-110.0,594.0,400.0,-75.0,,393.0
162.0,-58.0,,344.0,-107.0,530.0,409.0,81.0,,349.0
5.0,39.0,,478.0,-87.0,463.0,437.0,-258.0,,286.0
180.0,140.0,,400.0,-94.0,553.0,477.0,-123.0,,239.0
138.0,231.0,,295.0,-85.0,598.0,523.0,-230.0,,192.0
289.0,308.0,,349.0,-42.0,477.0,538.0,-216.0,,157.0
145.0,352.0,,390.0,-41.0,452.0,545.0,-225.0,,134.0
213.0,407.0,,328.0,-31.0,492.0,570.0,-314.0,,119.0
242.0,464.0,,346.0,7.0,444.0,601.0,-360.0,,124.0
224.0,472.0,,425.0,20.0,275.0,635.0,-567.0,,142.0
289.0,455.0,,408.0,48.0,45.0,652.0,-456.0,,151.0
184.0,405.0,,373.0,59.0,-141.0,665.0,-683.0,,134.0
297.0,337.0,,316.0,4.0,-310.0,683.0,-613.0,,119.0
247.0,295.0,,384.0,-30.0,-500.0,695.0,-539.0,,104.0
316.0,248.0,,229.0,-51.0,-559.0,719.0,-722.0,,90.0
258.0,175.0,,150.0,-90.0,-332.0,735.0,-439.0,,68.0
297.0,137.0,,190.0,-88.0,-19.0,769.0,-332.0,,45.0
366.0,126.0,,44.0,-72.0,95.0,794.0,-83.0,,59.0
365.0,72.0,,13.0,-47.0,120.0,799.0,60.0,,90.0
411.0,6.0,,5.0,10.0,270.0,806.0,171.0,,142.0
391.0,-31.0,,26.0,53.0,530.0,786.0,216.0,,205.0
540.0,-30.0,,-16.0,66.0,605.0,780.0,70.0,,284.0
507.0,-5.0,,-13.0,101.0,590.0,767.0,157.0,,383.0
588.0,28.0,,-15.0,129.0,762.0,739.0,-101.0,,484.0
598.0,43.0,,0.0,129.0,828.0,734.0,-70.0,,572.0
690.0,41.0,,34.0,153.0,678.0,745.0,5.0,,618.0
762.0,54.0,,72.0,158.0,467.0,769.0,-33.0,,658.0
737.0,43.0,,220.0,156.0,202.0,784.0,177.0,,692.0
797.0,-15.0,,214.0,179.0,-106.0,785.0,229.0,,696.0
754.0,-117.0,,314.0,169.0,-329.0,785.0,397.0,,679.0
901.0,-168.0,,330.0,144.0,-344.0,773.0,262.0,,638.0
839.0,-188.0,,349.0,103.0,-311.0,748.0,291.0,,584.0
855.0,-218.0,,439.0,34.0,-391.0,733.0,293.0,,530.0
828.0,-186.0,,361.0,9.0,-423.0,723.0,103.0,,477.0
875.0,-107.0,,380.0,22.0,-397.0,710.0,179.0,,412.0
892.0,-51.0,,292.0,10.0,-474.0,693.0,-42.0,,357.0
802.0,-91.0,,200.0,36.0,-570.0,670.0,79.0,,327.0
890.0,-115.0,,159.0,101.0,-500.0,657.0,77.0,,306.0
791.0,-153.0,,172.0,141.0,-217.0,648.0,-59.0,,267.0
873.0,-243.0,,107.0,193.0,-29.0,635.0,-147.0,,222.0
795.0,-299.0,,45.0,237.0,-29.0,618.0,-314.0,,175.0
826.0,-334.0,,141.0,235.0,194.0,575.0,-46.0,,120.0
774.0,-323.0,,85.0,227.0,648.0,560.0,-40.0,,68.0
697.0,-319.0,,114.0,179.0,880.0,571.0,245.0,,-22.0
657.0,-266.0,,136.0,107.0,838.0,563.0,476.0,,-138.0
555.0,-186.0,,112.0,87.0,806.0,541.0,570.0,,-259.0
687.0,-103.0,,125.0,44.0,787.0,514.0,934.0,,-406.0
518.0,-9.0,,137.0,-25.0,734.0,481.0,923.0,,-561.0
543.0,32.0,,207.0,-58.0,467.0,437.0,1127.0,,-712.0
424.0,34.0,,156.0,-99.0,172.0,418.0,1156.0,,-845.0
398.0,-30.0,,142.0,-119.0,275.0,408.0,1247.0,,-949.0
352.0,-71.0,,227.0,-104.0,499.0,402.0,1271.0,,-1019.0
226.0,-131.0,,249.0,-102.0,546.0,392.0,1130.0,,-1073.0
312.0,-215.0,,235.0,-66.0,363.0,377.0,1287.0,,-1125.0
188.0,-302.0,,205.0,-7.0,176.0,368.0,971.0,,-1132.0
236.0,-368.0,,190.0,-4.0,123.0,350.0,992.0,,-1119.0
128.0,-411.0,,141.0,-2.0,-47.0,332.0,990.0,,-1078.0
182.0,-460.0,,34.0,-5.0,-239.0,311.0,918.0,,-1025.0
152.0,-384.0,,37.0,-47.0,-382.0,282.0,1067.0,,-978.0
110.0,-300.0,,38.0,-54.0,-452.0,255.0,872.0,,-907.0
128.0,-200.0,,-16.0,-69.0,-349.0,230.0,888.0,,-851.0
46.0,-50.0,,-38.0,-101.0,-294.0,192.0,679.0,,-797.0
179.0,64.0,,-91.0,-56.0,-158.0,163.0,679.0,,-743.0
98.0,149.0,,-115.0,5.0,75.0,144.0,630.0,,-679.0
48.0,215.0,,-107.0,47.0,267.0,132.0,474.0,,-605.0
52.0,288.0,,-123.0,108.0,523.0,121.0,788.0,,-535.0
184.0,360.0,,-150.0,113.0,569.0,107.0,776.0,,-463.0
106.0,463.0,,-166.0,83.0,431.0,81.0,944.0,,-403.0
-4.0,548.0,,-139.0,89.0,371.0,25.0,861.0,,-336.0
67.0,563.0,,-107.0,58.0,255.0,10.0,726.0,,-267.0
58.0,481.0,,-72.0,31.0,-169.0,-13.0,750.0,,-191.0
70.0,405.0,,-55.0,63.0,-643.0,-24.0,469.0,,-117.0
29.0,346.0,,-25.0,57.0,-892.0,-18.0,502.0,,-46.0
139.0,231.0,,-3.0,47.0,-979.0,-52.0,251.0,,26.0
111.0,148.0,,-33.0,42.0,-1020.0,-48.0,240.0,,93.0
114.0,78.0,,0.0,-28.0,-1230.0,-40.0,271.0,,141.0
106.0,81.0,,8.0,-68.0,-1177.0,-35.0,145.0,,158.0
134.0,104.0,,36.0,-85.0,-811.0,-41.0,360.0,,166.0
252.0,75.0,,32.0,-133.0,-421.0,-59.0,323.0,,187.0
212.0,59.0,,-19.0,-107.0,-258.0,-60.0,626.0,,183.0
170.0,51.0,,20.0,-58.0,-454.0,-58.0,820.0,,157.0
143.0,65.0,,-31.0,-59.0,-429.0,-52.0,1071.0,,147.0
279.0,76.0,,-58.0,-56.0,-376.0,-44.0,1343.0,,123.0
209.0,77.0,,-39.0,-87.0,-461.0,-32.0,1267.0,,113.0
141.0,62.0,,-79.0,-112.0,-550.0,-38.0,1437.0,,106.0
130.0,39.0,,-48.0,-72.0,-692.0,-38.0,1221.0,,75.0
179.0,14.0,,-17.0,-64.0,-693.0,-45.0,1267.0,,41.0
194.0,38.0,,1.0,-76.0,-619.0,-40.0,1306.0,,7.0
101.0,106.0,,19.0,-43.0,-532.0,-19.0,1201.0,,-16.0
227.0,147.0,,31.0,-24.0,-596.0,-38.0,1291.0,,-46.0
159.0,178.0,,72.0,13.0,-665.0,-67.0,1086.0,,-59.0
147.0,208.0,,117.0,87.0,-636.0,-93.0,1152.0,,-63.0
133.0,220.0,,106.0,98.0,-606.0,-112.0,995.0,,-65.0
196.0,195.0,,20.0,93.0,-500.0,-124.0,1058.0,,-65.0
170.0,156.0,,22.0,107.0,-669.0,-143.0,1202.0,,-82.0
112.0,94.0,,33.0,96.0,-871.0,-146.0,1093.0,,-92.0
204.0,40.0,,14.0,113.0,-817.0,-144.0,1164.0,,-99.0
139.0,-25.0,,38.0,120.0,-807.0,-158.0,833.0,,-111.0
160.0,-88.0,,10.0,76.0,-803.0,-163.0,835.0,,-145.0
77.0,-77.0,,20.0,65.0,-707.0,-170.0,873.0,,-199.0
152.0,-127.0,,24.0,55.0,-448.0,-179.0,879.0,,-273.0
90.0,-206.0,,-17.0,19.0,-262.0,-210.0,1014.0,,-356.0
70.0,-282.0,,6.0,15.0,-384.0,-255.0,907.0,,-432.0
14.0,-350.0,,29.0,-19.0,-661.0,-285.0,1031.0,,-508.0
-56.0,-344.0,,13.0,-74.0,-914.0,-317.0,938.0,,-562.0
-27.0,-331.0,,4.0,-63.0,-1121.0,-317.0,1016.0,,-597.0
-160.0,-328.0,,28.0,-58.0,-1393.0,-323.0,1151.0,,-616.0
-86.0,-319.0,,27.0,-53.0,-1523.0,-314.0,1225.0,,-612.0
-253.0,-247.0,,4.0,2.0,-1428.0,-287.0,1470.0,,-602.0
-179.0,-157.0,,14.0,24.0,-1369.0,-286.0,1346.0,,-572.0
-327.0,-58.0,,-41.0,35.0,-1499.0,-271.0,1430.0,,-521.0
-340.0,36.0,,-90.0,78.0,-1775.0,-283.0,1346.0,,-452.0
-286.0,83.0,,-96.0,82.0,-1907.0,-314.0,1293.0,,-390.0
-377.0,145.0,,-135.0,90.0,-1872.0,-327.0,1391.0,,-340.0
-212.0,213.0,,-185.0,94.0,-1969.0,-322.0,1223.0,,-281.0
-423.0,298.0,,-217.0,45.0,-2196.0,-303.0,1302.0,,-227.0
-295.0,350.0,,-235.0,46.0,-2401.0,-302.0,1225.0,,-178.0
-417.0,331.0,,-259.0,68.0,-2454.0,-310.0,1352.0,,-148.0
-322.0,271.0,,-259.0,49.0,-2355.0,-286.0,1324.0,,-130.0
-335.0,190.0,,-229.0,61.0,-2308.0,-258.0,1093.0,,-128.0
-405.0,47.0,,-210.0,88.0,-2421.0,-261.0,1077.0,,-142.0
-230.0,-138.0,,-221.0,113.0,-2541.0,-267.0,885.0,,-170.0
-394.0,-239.0,,-186.0,167.0,-2489.0,-283.0,1067.0,,-218.0
-294.0,-292.0,,-162.0,191.0,-2484.0,-297.0,1127.0,,-245.0
-371.0,-308.0,,-131.0,194.0,-2623.0,-299.0,1173.0,,-263.0
-211.0,-299.0,,-48.0,215.0,-2691.0,-285.0,1197.0,,-269.0
-352.0,-246.0,,38.0,184.0,-2645.0,-272.0,1117.0,,-244.0
-397.0,-183.0,,148.0,152.0,-2550.0,-272.0,1276.0,,-208.0
-350.0,-193.0,,226.0,155.0,-2474.0,-285.0,1197.0,,-172.0
-413.0,-161.0,,237.0,91.0,-2378.0,-294.0,1359.0,,-128.0
-369.0,-9.0,,233.0,19.0,-2348.0,-273.0,1326.0,,-87.0
-546.0,172.0,,206.0,-7.0,-2368.0,-224.0,1433.0,,-74.0
-468.0,282.0,,172.0,-42.0,-2339.0,-161.0,1770.0,,-68.0
-614.0,343.0,,195.0,-43.0,-2466.0,-127.0,1723.0,,-47.0
-546.0,356.0,,192.0,-39.0,-2743.0,-105.0,1834.0,,-34.0
-642.0,320.0,,174.0,-75.0,-2936.0,-99.0,1781.0,,-42.0
-634.0,216.0,,194.0,-64.0,-2844.0,-115.0,1934.0,,-44.0
-619.0,88.0,,224.0,-56.0,-2623.0,-130.0,1912.0,,-44.0
-743.0,41.0,,241.0,-92.0,-2714.0,-137.0,1797.0,,-35.0
-667.0,37.0,,251.0,-94.0,-2851.0,-139.0,1868.0,,3.0
-826.0,1.0,,236.0,-104.0,-2681.0,-149.0,1607.0,,61.0
-728.0,-26.0,,242.0,-128.0,-2360.0,-148.0,1786.0,,130.0
-759.0,5.0,,257.0,-104.0,-1979.0,-148.0,1786.0,,228.0
-761.0,-5.0,,236.0,-81.0,-1719.0,-111.0,1825.0,,333.0
-800.0,-66.0,,251.0,-54.0,-1356.0,-52.0,1995.0,,431.0
-822.0,-187.0,,249.0,10.0,-863.0,-42.0,1807.0,,531.0
-831.0,-244.0,,231.0,18.0,-686.0,-31.0,1738.0,,616.0
-849.0,-168.0,,173.0,20.0,-907.0,-16.0,1402.0,,689.0
-784.0,-120.0,,111.0,73.0,-1263.0,3.0,1345.0,,749.0
-854.0,-78.0,,72.0,80.0,-1273.0,24.0,1256.0,,816.0
-825.0,-39.0,,-10.0,90.0,-1103.0,24.0,1199.0,,871.0
-873.0,8.0,,-77.0,108.0,-1077.0,30.0,1345.0,,920.0
-868.0,12.0,,-141.0,69.0,-1146.0,15.0,1140.0,,987.0
-889.0,-21.0,,-211.0,44.0,-1046.0,3.0,1261.0,,1058.0
-823.0,-21.0,,-250.0,18.0,-801.0,14.0,1165.0,,1145.0
-861.0,-69.0,,-276.0,-31.0,-729.0,24.0,1171.0,,1227.0
-864.0,-185.0,,-320.0,-21.0,-811.0,38.0,1221.0,,1292.0
-816.0,-303.0,,-301.0,-3.0,-876.0,34.0,1045.0,,1360.0
-802.0,-343.0,,-271.0,-11.0,-690.0,23.0,1095.0,,1420.0
-722.0,-330.0,,-320.0,27.0,-403.0,21.0,866.0,,1462.0
-827.0,-326.0,,-303.0,56.0,-171.0,31.0,986.0,,1490.0
-751.0,-294.0,,-283.0,63.0,-262.0,31.0,844.0,,1509.0
-770.0,-172.0,,-279.0,95.0,-494.0,34.0,659.0,,1537.0
-747.0,-53.0,,-261.0,88.0,-519.0,37.0,838.0,,1539.0
-758.0,35.0,,-272.0,68.0,-687.0,29.0,744.0,,1537.0
-789.0,90.0,,-267.0,104.0,-991.0,55.0,1032.0,,1541.0
-794.0,75.0,,-254.0,131.0,-1096.0,69.0,1040.0,,1515.0
-855.0,54.0,,-238.0,144.0,-926.0,63.0,1110.0,,1493.0
-748.0,25.0,,-226.0,163.0,-770.0,43.0,1167.0,,1467.0
-882.0,53.0,,-199.0,117.0,-697.0,21.0,1069.0,,1440.0
-880.0,71.0,,-203.0,44.0,-694.0,6.0,1284.0,,1387.0
-844.0,69.0,,-228.0,-35.0,-671.0,-28.0,1067.0,,1328.0
-876.0,49.0,,-242.0,-140.0,-592.0,-49.0,1162.0,,1263.0
-952.0,14.0,,-224.0,-186.0,-541.0,-67.0,1230.0,,1187.0
-1044.0,7.0,,-198.0,-200.0,-525.0,-94.0,1249.0,,1142.0
-964.0,-18.0,,-238.0,-238.0,-578.0,-121.0,1385.0,,1085.0
-1026.0,-28.0,,-271.0,-229.0,-431.0,-162.0,1193.0,,1028.0
-1012.0,-89.0,,-268.0,-201.0,-190.0,-198.0,1145.0,,972.0
-987.0,-92.0,,-281.0,-197.0,-228.0,-205.0,842.0,,911.0
-1012.0,-64.0,,-311.0,-153.0,-307.0,-196.0,816.0,,850.0
-1036.0,-39.0,,-349.0,-110.0,-13.0,-190.0,777.0,,789.0
-1016.0,51.0,,-379.0,-95.0,345.0,-193.0,689.0,,750.0
-964.0,145.0,,-380.0,-62.0,373.0,-201.0,901.0,,714.0
-950.0,220.0,,-370.0,-48.0,241.0,-219.0,702.0,,686.0
-906.0,225.0,,-314.0,-28.0,114.0,-239.0,722.0,,666.0
-890.0,213.0,,-262.0,7.0,-41.0,-241.0,633.0,,636.0
-847.0,196.0,,-246.0,-8.0,-271.0,-253.0,554.0,,612.0
-841.0,200.0,,-210.0,-23.0,-438.0,-274.0,530.0,,599.0
-766.0,175.0,,-170.0,4.0,-421.0,-311.0,362.0,,602.0
-652.0,185.0,,-145.0,3.0,-381.0,-360.0,556.0,,609.0
-564.0,227.0,,-145.0,4.0,-320.0,-388.0,436.0,,611.0
-513.0,193.0,,-167.0,25.0,-20.0,-394.0,550.0,,627.0
-556.0,140.0,,-179.0,21.0,158.0,-392.0,637.0,,643.0
-516.0,59.0,,-189.0,43.0,41.0,-409.0,550.0,,650.0
-403.0,-17.0,,-222.0,66.0,137.0,-429.0,696.0,,670.0
-337.0,-115.0,,-234.0,45.0,535.0,-480.0,508.0,,685.0
-381.0,-165.0,,-231.0,47.0,780.0,-520.0,480.0,,694.0
-357.0,-124.0,,-235.0,30.0,580.0,-529.0,323.0,,707.0
-301.0,-19.0,,-245.0,-23.0,487.0,-550.0,436.0,,706.0
-336.0,81.0,,-260.0,-31.0,824.0,-544.0,659.0,,710.0
-341.0,171.0,,-259.0,-46.0,883.0,-553.0,535.0,,728.0
-356.0,305.0,,-238.0,-86.0,484.0,-554.0,676.0,,724.0
-370.0,363.0,,-238.0,-84.0,240.0,-544.0,432.0,,741.0
-367.0,367.0,,-261.0,-88.0,513.0,-542.0,275.0,,788.0
-390.0,347.0,,-259.0,-95.0,903.0,-528.0,103.0,,832.0
-442.0,294.0,,-265.0,-97.0,901.0,-534.0,-109.0,,889.0
-456.0,225.0,,-259.0,-143.0,774.0,-516.0,-144.0,,922.0
-418.0,126.0,,-218.0,-176.0,726.0,-497.0,-389.0,,943.0
-455.0,29.0,,-194.0,-172.0,725.0,-494.0,-380.0,,975.0
-466.0,12.0,,-161.0,-175.0,839.0,-509.0,-683.0,,1014.0
-419.0,9.0,,-105.0,-144.0,827.0,-534.0,-772.0,,1049.0
-417.0,-32.0,,-117.0,-89.0,699.0,-551.0,-737.0,,1070.0
-414.0,-12.0,,-85.0,-79.0,503.0,-571.0,-888.0,,1103.0
-397.0,37.0,,-46.0,-45.0,376.0,-561.0,-654.0,,1111.0
-352.0,103.0,,-44.0,36.0,541.0,-570.0,-674.0,,1105.0
-362.0,135.0,,6.0,95.0,694.0,-580.0,-476.0,,1090.0
-363.0,97.0,,12.0,166.0,916.0,-565.0,-352.0,,1064.0
-287.0,43.0,,31.0,241.0,1230.0,-551.0,-293.0,,1065.0
-242.0,-49.0,,2.0,271.0,1201.0,-520.0,-127.0,,1057.0
-203.0,-179.0,,-44.0,290.0,1052.0,-484.0,-134.0,,1052.0
-212.0,-264.0,,-53.0,288.0,1158.0,-477.0,151.0,,1058.0
-182.0,-244.0,,-89.0,242.0,1295.0,-486.0,70.0,,1048.0
-152.0,-193.0,,-134.0,193.0,1335.0,-492.0,109.0,,1040.0
-110.0,-101.0,,-184.0,115.0,1266.0,-507.0,140.0,,1030.0
2.0,36.0,,-181.0,23.0,1093.0,-506.0,-92.0,,991.0
-3.0,117.0,,-186.0,-28.0,844.0,-498.0,-144.0,,952.0
31.0,119.0,,-199.0,-85.0,552.0,-467.0,-415.0,,926.0
60.0,31.0,,-219.0,-127.0,458.0,-439.0,-400.0,,911.0
57.0,-13.0,,-231.0,-99.0,439.0,-431.0,-436.0,,916.0
67.0,-27.0,,-221.0,-64.0,381.0,-424.0,-262.0,,940.0
141.0,-82.0,,-212.0,-54.0,306.0,-426.0,-35.0,,979.0
288.0,-75.0,,-195.0,-39.0,286.0,-419.0,-155.0,,1040.0
216.0,-73.0,,-185.0,-48.0,414.0,-447.0,-48.0,,1119.0
173.0,-103.0,,-204.0,-34.0,371.0,-458.0,-354.0,,1202.0
195.0,-159.0,,-239.0,36.0,117.0,-452.0,-589.0,,1288.0
292.0,-196.0,,-226.0,81.0,-37.0,-445.0,-831.0,,1362.0
293.0,-213.0,,-207.0,116.0,-177.0,-416.0,-1073.0,,1435.0
214.0,-276.0,,-191.0,143.0,-469.0,-394.0,-1136.0,,1503.0
306.0,-362.0,,-179.0,117.0,-682.0,-347.0,-1348.0,,1563.0
246.0,-437.0,,-197.0,86.0,-634.0,-325.0,-1114.0,,1615.0
284.0,-475.0,,-210.0,63.0,-388.0,-297.0,-1186.0,,1645.0
219.0,-511.0,,-224.0,5.0,-192.0,-279.0,-1152.0,,1670.0
180.0,-525.0,,-221.0,-12.0,-33.0,-293.0,-1075.0,,1674.0
257.0,-534.0,,-224.0,-20.0,179.0,-308.0,-1306.0,,1671.0
215.0,-486.0,,-231.0,-58.0,278.0,-339.0,-1247.0,,1657.0
258.0,-395.0,,-205.0,-50.0,255.0,-330.0,-1448.0,,1629.0
185.0,-351.0,,-221.0,-74.0,123.0,-325.0,-1480.0,,1598.0
219.0,-325.0,,-221.0,-66.0,-118.0,-326.0,-1614.0,,1560.0
191.0,-297.0,,-223.0,-40.0,-382.0,-331.0,-1566.0,,1520.0
172.0,-275.0,,-251.0,-64.0,-590.0,-317.0,-1334.0,,1466.0
179.0,-295.0,,-249.0,-48.0,-824.0,-293.0,-1400.0,,1415.0
184.0,-285.0,,-276.0,-66.0,-952.0,-281.0,-1132.0,,1375.0
267.0,-258.0,,-278.0,-92.0,-978.0,-275.0,-1230.0,,1340.0
203.0,-243.0,,-279.0,-98.0,-985.0,-314.0,-1128.0,,1300.0
201.0,-213.0,,-262.0,-139.0,-985.0,-300.0,-905.0,,1257.0
170.0,-144.0,,-258.0,-160.0,-1124.0,-254.0,-812.0,,1198.0
272.0,-71.0,,-254.0,-137.0,-1232.0,-227.0,-513.0,,1136.0
290.0,-74.0,,-215.0,-171.0,-1151.0,-222.0,-667.0,,1077.0
247.0,-95.0,,-234.0,-177.0,-897.0,-243.0,-650.0,,1004.0
288.0,-138.0,,-203.0,-159.0,-710.0,-244.0,-820.0,,934.0
281.0,-189.0,,-172.0,-227.0,-614.0,-249.0,-861.0,,843.0
276.0,-230.0,,-172.0,-200.0,-354.0,-231.0,-777.0,,753.0
208.0,-262.0,,-130.0,-196.0,-62.0,-211.0,-1143.0,,676.0
234.0,-257.0,,-89.0,-215.0,33.0,-200.0,-1169.0,,588.0
231.0,-263.0,,-69.0,-136.0,152.0,-179.0,-1457.0,,520.0
268.0,-253.0,,-69.0,-119.0,366.0,-160.0,-1576.0,,474.0
195.0,-190.0,,-44.0,-94.0,434.0,-143.0,-1625.0,,432.0
178.0,-112.0,,-21.0,-46.0,273.0,-143.0,-1731.0,,408.0
147.0,-39.0,,-39.0,-22.0,12.0,-166.0,-1546.0,,401.0
101.0,25.0,,-44.0,2.0,22.0,-176.0,-1688.0,,384.0
140.0,80.0,,-25.0,33.0,229.0,-157.0,-1515.0,,381.0
-1.0,160.0,,-27.0,88.0,778.0,-161.0,-1601.0,,376.0
61.0,261.0,,-20.0,131.0,1266.0,-171.0,-1620.0,,373.0
-2.0,323.0,,-13.0,153.0,1139.0,-161.0,-1383.0,,381.0
19.0,366.0,,-23.0,153.0,1053.0,-142.0,-1413.0,,370.0
0.0,421.0,,17.0,120.0,1093.0,-113.0,-1095.0,,364.0
-94.0,439.0,,23.0,87.0,1152.0,-91.0,-1071.0,,366.0
1.0,424.0,,10.0,97.0,699.0,-79.0,-1025.0,,385.0
1.0,409.0,,44.0,51.0,77.0,-64.0,-1104.0,,412.0
81.0,399.0,,43.0,-19.0,195.0,-53.0,-1269.0,,439.0
-35.0,329.0,,73.0,-7.0,91.0,-61.0,-1282.0,,482.0
39.0,220.0,,98.0,-3.0,-170.0,-84.0,-1528.0,,530.0
4.0,188.0,,107.0,16.0,-20.0,-98.0,-1354.0,,566.0
23.0,203.0,,134.0,73.0,428.0,-95.0,-1359.0,,574.0
192.0,216.0,,131.0,91.0,813.0,-103.0,-1289.0,,557.0
84.0,202.0,,166.0,98.0,448.0,-122.0,-1186.0,,520.0
152.0,206.0,,171.0,103.0,329.0,-135.0,-1252.0,,474.0
103.0,181.0,,186.0,75.0,1015.0,-124.0,-1077.0,,425.0
213.0,100.0,,193.0,15.0,1250.0,-84.0,-1165.0,,391.0
163.0,0.0,,171.0,-25.0,857.0,-69.0,-1043.0,,362.0
172.0,-73.0,,166.0,-52.0,568.0,-79.0,-1156.0,,332.0
306.0,-44.0,,119.0,-86.0,722.0,-105.0,-1361.0,,333.0
210.0,-14.0,,121.0,-82.0,843.0,-115.0,-1441.0,,341.0
295.0,17.0,,95.0,-87.0,377.0,-106.0,-1744.0,,344.0
257.0,25.0,,34.0,-131.0,-86.0,-105.0,-1696.0,,359.0
294.0,52.0,,9.0,-138.0,-37.0,-96.0,-1766.0,,377.0
246.0,107.0,,-10.0,-137.0,325.0,-98.0,-1635.0,,393.0
330.0,97.0,,-17.0,-159.0,574.0,-109.0,-1542.0,,418.0
376.0,90.0,,-23.0,-132.0,482.0,-138.0,-1544.0,,432.0
285.0,50.0,,-19.0,-97.0,409.0,-174.0,-1369.0,,440.0
373.0,-19.0,,-19.0,-104.0,770.0,-186.0,-1404.0,,465.0
380.0,-113.0,,-16.0,-86.0,1259.0,-184.0,-1055.0,,485.0
455.0,-185.0,,3.0,-60.0,1348.0,-197.0,-1016.0,,507.0
391.0,-204.0,,58.0,-85.0,1156.0,-208.0,-1006.0,,526.0
461.0,-218.0,,114.0,-80.0,1111.0,-185.0,-859.0,,524.0
510.0,-215.0,,140.0,-36.0,1261.0,-199.0,-842.0,,534.0
558.0,-212.0,,138.0,-26.0,1419.0,-229.0,-541.0,,540.0
592.0,-212.0,,136.0,-2.0,1503.0,-243.0,-554.0,,537.0
520.0,-280.0,,166.0,38.0,1319.0,-252.0,-417.0,,534.0
600.0,-356.0,,164.0,36.0,1352.0,-246.0,-493.0,,507.0
585.0,-417.0,,148.0,42.0,1787.0,-262.0,-519.0,,488.0
633.0,-476.0,,156.0,68.0,1880.0,-281.0,-352.0,,468.0
651.0,-447.0,,176.0,39.0,1608.0,-296.0,-650.0,,409.0
740.0,-362.0,,178.0,-2.0,1456.0,-297.0,-594.0,,350.0
764.0,-249.0,,170.0,-9.0,1678.0,-291.0,-779.0,,284.0
755.0,-161.0,,159.0,-22.0,1932.0,-291.0,-785.0,,213.0
745.0,-108.0,,114.0,-19.0,1830.0,-288.0,-609.0,,168.0
778.0,-70.0,,100.0,-7.0,1603.0,-275.0,-626.0,,122.0
927.0,-74.0,,86.0,-41.0,1575.0,-253.0,-428.0,,56.0
883.0,-99.0,,69.0,-63.0,1613.0,-241.0,-703.0,,-1.0
883.0,-146.0,,102.0,-22.0,1594.0,-233.0,-801.0,,-57.0
912.0,-167.0,,117.0,2.0,1439.0,-236.0,-1038.0,,-108.0
1026.0,-110.0,,118.0,9.0,1308.0,-247.0,-1169.0,,-134.0
954.0,-17.0,,149.0,43.0,1516.0,-284.0,-1006.0,,-167.0
981.0,69.0,,187.0,33.0,1885.0,-292.0,-1265.0,,-192.0
1100.0,182.0,,188.0,-22.0,2328.0,-266.0,-1204.0,,-202.0
1007.0,319.0,,211.0,-53.0,2564.0,-241.0,-1267.0,,-229.0
1035.0,424.0,,211.0,-80.0,2603.0,-237.0,-1156.0,,-263.0
1046.0,539.0,,191.0,-114.0,2850.0,-256.0,-1042.0,,-303.0
1076.0,659.0,,209.0,-111.0,3082.0,-253.0,-1117.0,,-357.0
996.0,749.0,,204.0,-107.0,2969.0,-261.0,-1042.0,,-417.0
1062.0,720.0,,242.0,-112.0,2715.0,-260.0,-1263.0,,-469.0
1135.0,577.0,,224.0,-66.0,2672.0,-243.0,-1127.0,,-526.0
1075.0,451.0,,176.0,-23.0,2766.0,-216.0,-1182.0,,-580.0
1048.0,343.0,,183.0,-12.0,2757.0,-183.0,-1199.0,,-616.0
993.0,224.0,,147.0,29.0,2457.0,-164.0,-982.0,,-636.0
1033.0,87.0,,129.0,61.0,2135.0,-146.0,-1056.0,,-640.0
1034.0,31.0,,150.0,42.0,2049.0,-139.0,-920.0,,-642.0
1035.0,-6.0,,172.0,49.0,2109.0,-121.0,-861.0,,-640.0
968.0,-78.0,,160.0,73.0,2274.0,-139.0,-545.0,,-635.0
958.0,-100.0,,138.0,69.0,2323.0,-148.0,-430.0,,-619.0
983.0,-108.0,,150.0,99.0,2494.0,-136.0,-423.0,,-596.0
971.0,-63.0,,125.0,144.0,2921.0,-161.0,-303.0,,-580.0
909.0,-41.0,,100.0,124.0,3313.0,-162.0,-532.0,,-557.0
931.0,-62.0,,91.0,95.0,3501.0,-158.0,-450.0,,-557.0
1048.0,-29.0,,63.0,74.0,3341.0,-119.0,-594.0,,-565.0
1041.0,51.0,,44.0,20.0,3096.0,-57.0,-672.0,,-564.0
1020.0,135.0,,-3.0,-12.0,2889.0,-32.0,-618.0,,-575.0
961.0,138.0,,-27.0,6.0,2737.0,-19.0,-606.0,,-565.0
1065.0,132.0,,-13.0,10.0,2570.0,-31.0,-428.0,,-552.0
1072.0,174.0,,-5.0,14.0,2383.0,-46.0,-569.0,,-531.0
1101.0,162.0,,-1.0,34.0,2475.0,-53.0,-515.0,,-498.0
1106.0,98.0,,3.0,-6.0,2714.0,-70.0,-726.0,,-464.0
1010.0,50.0,,43.0,-80.0,2820.0,-85.0,-838.0,,-427.0
1128.0,18.0,,69.0,-118.0,2730.0,-95.0,-731.0,,-409.0
1109.0,-53.0,,80.0,-162.0,2898.0,-113.0,-851.0,,-396.0
1083.0,-124.0,,114.0,-206.0,3440.0,-130.0,-654.0,,-406.0
1018.0,-141.0,,179.0,-193.0,3551.0,-126.0,-764.0,,-429.0
1092.0,-132.0,,192.0,-167.0,2963.0,-108.0,-691.0,,-442.0
1129.0,-111.0,,179.0,-149.0,2330.0,-84.0,-567.0,,-461.0
1022.0,-90.0,,183.0,-105.0,2089.0,-58.0,-482.0,,-475.0
1017.0,-21.0,,136.0,-67.0,1879.0,-43.0,-236.0,,-486.0
932.0,21.0,,75.0,-43.0,1444.0,-31.0,-378.0,,-482.0
988.0,-5.0,,34.0,-3.0,1178.0,-23.0,-225.0,,-477.0
936.0,-48.0,,17.0,15.0,1313.0,-49.0,-319.0,,-468.0
892.0,-48.0,,-36.0,37.0,1548.0,-76.0,-388.0,,-434.0
888.0,1.0,,-50.0,135.0,1710.0,-86.0,-351.0,,-389.0
874.0,-36.0,,-59.0,220.0,1730.0,-109.0,-522.0,,-342.0
896.0,-140.0,,-110.0,223.0,1786.0,-105.0,-291.0,,-310.0
727.0,-206.0,,-115.0,223.0,2038.0,-92.0,-219.0,,-279.0
773.0,-249.0,,-117.0,204.0,2028.0,-88.0,40.0,,-261.0
764.0,-319.0,,-103.0,146.0,1627.0,-92.0,79.0,,-263.0
757.0,-323.0,,-91.0,122.0,984.0,-102.0,64.0,,-266.0
776.0,-266.0,,-89.0,114.0,349.0,-107.0,286.0,,-295.0
713.0,-215.0,,-97.0,101.0,1.0,-119.0,96.0,,-306.0
753.0,-180.0,,-103.0,125.0,-105.0,-111.0,168.0,,-313.0
591.0,-158.0,,-72.0,147.0,-280.0,-99.0,27.0,,-328.0
694.0,-56.0,,-55.0,120.0,-316.0,-99.0,-60.0,,-324.0
696.0,27.0,,-51.0,98.0,187.0,-95.0,-105.0,,-321.0
655.0,34.0,,-65.0,83.0,689.0,-96.0,-203.0,,-310.0
651.0,87.0,,-80.0,35.0,966.0,-96.0,-66.0,,-309.0
512.0,226.0,,-94.0,6.0,1039.0,-82.0,-266.0,,-314.0
608.0,324.0,,-122.0,-12.0,1080.0,-58.0,-121.0,,-317.0
498.0,326.0,,-120.0,-59.0,1206.0,-34.0,-258.0,,-317.0
588.0,346.0,,-124.0,-69.0,1039.0,-17.0,-391.0,,-309.0
523.0,344.0,,-195.0,-51.0,575.0,-11.0,-199.0,,-307.0
570.0,287.0,,-259.0,-60.0,70.0,-6.0,-236.0,,-291.0
589.0,208.0,,-247.0,-43.0,-227.0,17.0,101.0,,-273.0
418.0,160.0,,-238.0,4.0,-506.0,69.0,266.0,,-256.0
516.0,166.0,,-253.0,10.0,-754.0,110.0,572.0,,-220.0
411.0,150.0,,-205.0,44.0,-909.0,123.0,724.0,,-187.0
490.0,115.0,,-177.0,139.0,-788.0,129.0,777.0,,-177.0
329.0,108.0,,-169.0,196.0,-403.0,116.0,1019.0,,-197.0
375.0,190.0,,-137.0,218.0,-186.0,96.0,899.0,,-219.0
434.0,286.0,,-152.0,246.0,11.0,98.0,1169.0,,-261.0
376.0,247.0,,-169.0,253.0,150.0,141.0,1138.0,,-320.0
320.0,161.0,,-181.0,256.0,339.0,212.0,1095.0,,-365.0
254.0,174.0,,-202.0,286.0,512.0,268.0,1162.0,,-418.0
417.0,248.0,,-222.0,276.0,279.0,292.0,962.0,,-482.0
348.0,263.0,,-217.0,233.0,-105.0,283.0,1018.0,,-531.0
450.0,215.0,,-214.0,232.0,-225.0,257.0,864.0,,-583.0
343.0,222.0,,-226.0,218.0,-229.0,270.0,1097.0,,-642.0
397.0,262.0,,-207.0,176.0,-461.0,314.0,1136.0,,-701.0
291.0,187.0,,-204.0,160.0,-682.0,353.0,1128.0,,-762.0
338.0,75.0,,-204.0,136.0,-565.0,375.0,1332.0,,-800.0
403.0,83.0,,-215.0,95.0,-229.0,377.0,1042.0,,-822.0
306.0,131.0,,-235.0,87.0,-204.0,369.0,1128.0,,-832.0
437.0,123.0,,-205.0,62.0,-530.0,366.0,951.0,,-828.0
245.0,119.0,,-178.0,10.0,-726.0,400.0,790.0,,-806.0
481.0,126.0,,-144.0,20.0,-642.0,432.0,805.0,,-774.0
357.0,123.0,,-113.0,47.0,-442.0,447.0,755.0,,-749.0
413.0,60.0,,-114.0,39.0,-394.0,453.0,853.0,,-724.0
372.0,-38.0,,-89.0,39.0,-603.0,453.0,576.0,,-707.0
301.0,-56.0,,-37.0,9.0,-763.0,485.0,644.0,,-681.0
466.0,-33.0,,13.0,-47.0,-596.0,508.0,445.0,,-641.0
298.0,-18.0,,81.0,-34.0,-582.0,524.0,308.0,,-594.0
415.0,-21.0,,117.0,12.0,-987.0,550.0,428.0,,-541.0
216.0,32.0,,128.0,25.0,-1388.0,541.0,151.0,,-481.0
322.0,146.0,,151.0,51.0,-1573.0,504.0,347.0,,-396.0
283.0,225.0,,171.0,58.0,-1736.0,476.0,454.0,,-309.0
329.0,246.0,,214.0,0.0,-1963.0,476.0,637.0,,-220.0
359.0,192.0,,238.0,-47.0,-2100.0,469.0,726.0,,-138.0
215.0,143.0,,262.0,-76.0,-1976.0,462.0,753.0,,-78.0
265.0,109.0,,317.0,-111.0,-1736.0,495.0,953.0,,-27.0
104.0,90.0,,340.0,-97.0,-1788.0,527.0,872.0,,-11.0
253.0,127.0,,361.0,-68.0,-1949.0,522.0,1223.0,,-19.0
177.0,176.0,,382.0,-90.0,-2038.0,514.0,1208.0,,-49.0
222.0,213.0,,343.0,-90.0,-2026.0,523.0,1191.0,,-87.0
120.0,239.0,,314.0,-63.0,-1970.0,535.0,1306.0,,-121.0
44.0,265.0,,282.0,-77.0,-2181.0,551.0,1025.0,,-161.0
96.0,304.0,,213.0,-70.0,-2491.0,562.0,1049.0,,-184.0
48.0,357.0,,190.0,-19.0,-2641.0,578.0,962.0,,-192.0
202.0,368.0,,142.0,0.0,-2494.0,580.0,1095.0,,-180.0
69.0,321.0,,97.0,4.0,-2272.0,574.0,1140.0,,-141.0
106.0,265.0,,98.0,-3.0,-2273.0,599.0,1143.0,,-85.0
33.0,239.0,,113.0,-58.0,-2276.0,606.0,1169.0,,-24.0
68.0,220.0,,110.0,-103.0,-2047.0,614.0,855.0,,47.0
113.0,164.0,,82.0,-131.0,-1736.0,606.0,990.0,,117.0
-66.0,79.0,,87.0,-181.0,-1681.0,579.0,966.0,,171.0
-25.0,-4.0,,116.0,-211.0,-1919.0,575.0,1055.0,,220.0
-49.0,-21.0,,173.0,-212.0,-1961.0,575.0,1199.0,,248.0
4.0,9.0,,174.0,-227.0,-1752.0,604.0,1091.0,,274.0
-136.0,39.0,,159.0,-221.0,-1848.0,631.0,1162.0,,310.0
-242.0,89.0,,162.0,-163.0,-2180.0,647.0,979.0,,353.0
-182.0,183.0,,145.0,-105.0,-2355.0,656.0,934.0,,403.0
-295.0,247.0,,169.0,-37.0,-2205.0,650.0,731.0,,434.0
-329.0,247.0,,177.0,42.0,-1940.0,660.0,742.0,,467.0
-421.0,256.0,,209.0,87.0,-1771.0,660.0,984.0,,505.0
-432.0,280.0,,218.0,146.0,-1563.0,648.0,940.0,,531.0
-514.0,247.0,,188.0,206.0,-1197.0,647.0,1097.0,,550.0
-623.0,131.0,,180.0,187.0,-871.0,650.0,899.0,,560.0
-616.0,61.0,,183.0,146.0,-776.0,637.0,872.0,,566.0
-728.0,51.0,,181.0,129.0,-770.0,656.0,923.0,,568.0
-647.0,0.0,,156.0,99.0,-826.0,679.0,849.0,,571.0
-714.0,-123.0,,166.0,105.0,-793.0,674.0,925.0,,565.0
-779.0,-226.0,,157.0,148.0,-840.0,680.0,859.0,,558.0
-786.0,-195.0,,128.0,154.0,-1087.0,669.0,1060.0,,555.0
-839.0,-97.0,,113.0,155.0,-1376.0,652.0,992.0,,531.0
-833.0,-12.0,,96.0,167.0,-1506.0,635.0,1086.0,,506.0
-958.0,23.0,,47.0,153.0,-1270.0,629.0,1201.0,,497.0
-796.0,98.0,,11.0,161.0,-1009.0,638.0,953.0,,497.0
-835.0,143.0,,11.0,202.0,-849.0,642.0,918.0,,507.0
-868.0,50.0,,-13.0,216.0,-712.0,643.0,663.0,,526.0
-860.0,-32.0,,-27.0,230.0,-365.0,638.0,541.0,,545.0
-910.0,-76.0,,-67.0,244.0,-35.0,646.0,315.0,,567.0
-892.0,-139.0,,-83.0,191.0,38.0,656.0,236.0,,589.0
-964.0,-262.0,,-67.0,129.0,25.0,660.0,238.0,,609.0
-756.0,-346.0,,-62.0,91.0,-81.0,656.0,36.0,,617.0
-895.0,-354.0,,-54.0,22.0,-60.0,642.0,242.0,,615.0
-895.0,-340.0,,-58.0,-25.0,-83.0,615.0,51.0,,606.0
-908.0,-306.0,,-75.0,-25.0,-209.0,558.0,46.0,,574.0
-927.0,-269.0,,-65.0,-32.0,-209.0,530.0,90.0,,530.0
-858.0,-184.0,,-51.0,-15.0,-22.0,519.0,-38.0,,455.0
-927.0,-77.0,,-80.0,-4.0,53.0,504.0,229.0,,377.0
-777.0,19.0,,-62.0,-45.0,-162.0,507.0,327.0,,303.0
-968.0,59.0,,-60.0,-41.0,-323.0,490.0,676.0,,226.0
-840.0,89.0,,-73.0,-27.0,-392.0,475.0,883.0,,157.0
-943.0,118.0,,-83.0,-74.0,-456.0,458.0,1058.0,,79.0
-1009.0,103.0,,-103.0,-94.0,-461.0,438.0,1038.0,,17.0
-999.0,48.0,,-94.0,-102.0,-467.0,431.0,689.0,,-53.0
-1050.0,-37.0,,-100.0,-117.0,-442.0,421.0,698.0,,-124.0
-841.0,-75.0,,-91.0,-77.0,-328.0,427.0,343.0,,-186.0
-1131.0,-132.0,,-83.0,-26.0,-448.0,415.0,280.0,,-231.0
-1053.0,-230.0,,-65.0,-14.0,-735.0,388.0,280.0,,-236.0
-1202.0,-359.0,,-56.0,-13.0,-845.0,380.0,219.0,,-216.0
-1111.0,-384.0,,-39.0,-27.0,-758.0,381.0,469.0,,-172.0
-1051.0,-319.0,,-13.0,-74.0,-748.0,370.0,476.0,,-123.0
-1190.0,-266.0,,-34.0,-94.0,-1079.0,335.0,663.0,,-54.0
-1020.0,-176.0,,-49.0,-102.0,-1293.0,288.0,576.0,,22.0
-1220.0,-125.0,,-28.0,-117.0,-1150.0,257.0,668.0,,84.0
-1046.0,-27.0,,-8.0,-81.0,-894.0,236.0,650.0,,126.0
-1251.0,48.0,,-35.0,-37.0,-694.0,219.0,303.0,,151.0
-1175.0,47.0,,-29.0,-26.0,-606.0,220.0,306.0,,154.0
-1108.0,36.0,,-6.0,-11.0,-535.0,223.0,-86.0,,121.0
-1163.0,13.0,,-34.0,-7.0,-444.0,213.0,-147.0,,78.0
-1066.0,-15.0,,-68.0,-25.0,-400.0,194.0,-197.0,,7.0
-1263.0,-83.0,,-80.0,-46.0,-586.0,168.0,-338.0,,-77.0
-1044.0,-129.0,,-65.0,-89.0,-873.0,149.0,-182.0,,-140.0
-1153.0,-135.0,,-66.0,-129.0,-1092.0,149.0,-221.0,,-209.0
-1031.0,-103.0,,-62.0,-115.0,-1206.0,128.0,-77.0,,-273.0
-1027.0,-132.0,,-44.0,-106.0,-1246.0,113.0,-271.0,,-340.0
-960.0,-206.0,,-19.0,-108.0,-1376.0,125.0,-286.0,,-395.0
-951.0,-210.0,,0.0,-84.0,-1345.0,108.0,-399.0,,-411.0
-976.0,-177.0,,36.0,-93.0,-970.0,105.0,-692.0,,-411.0
-778.0,-175.0,,85.0,-112.0,-545.0,101.0,-521.0,,-388.0
-949.0,-231.0,,95.0,-85.0,-353.0,102.0,-750.0,,-344.0
-782.0,-219.0,,105.0,-55.0,-275.0,121.0,-729.0,,-264.0
-835.0,-128.0,,128.0,-25.0,-261.0,99.0,-744.0,,-159.0
-620.0,-81.0,,162.0,33.0,-231.0,76.0,-788.0,,-47.0
-637.0,-69.0,,160.0,68.0,-249.0,52.0,-576.0,,69.0
-604.0,-22.0,,110.0,78.0,-582.0,25.0,-596.0,,187.0
-531.0,54.0,,72.0,90.0,-911.0,29.0,-360.0,,326.0
-582.0,67.0,,15.0,55.0,-1052.0,46.0,-336.0,,453.0
-336.0,5.0,,-38.0,29.0,-1138.0,38.0,-116.0,,557.0
-431.0,-14.0,,-45.0,36.0,-1225.0,28.0,-40.0,,643.0
-259.0,19.0,,-41.0,12.0,-1300.0,29.0,-269.0,,710.0
-367.0,-24.0,,-39.0,8.0,-1368.0,18.0,-258.0,,756.0
-295.0,-95.0,,-22.0,24.0,-1289.0,15.0,-541.0,,774.0
-342.0,-76.0,,6.0,2.0,-1109.0,11.0,-480.0,,774.0
-346.0,-39.0,,-2.0,-16.0,-1037.0,9.0,-539.0,,772.0
-227.0,-101.0,,4.0,-50.0,-1023.0,1.0,-642.0,,782.0
-305.0,-250.0,,28.0,-125.0,-1198.0,-6.0,-543.0,,797.0
-226.0,-367.0,,1.0,-144.0,-1420.0,-9.0,-641.0,,806.0
-390.0,-382.0,,-45.0,-155.0,-1552.0,-31.0,-556.0,,802.0
-335.0,-367.0,,-69.0,-190.0,-1664.0,-52.0,-735.0,,800.0
-465.0,-367.0,,-57.0,-149.0,-1676.0,-81.0,-622.0,,789.0
-413.0,-327.0,,-68.0,-109.0,-1688.0,-98.0,-489.0,,755.0
-405.0,-259.0,,-41.0,-120.0,-1783.0,-109.0,-432.0,,724.0
-493.0,-188.0,,-24.0,-110.0,-1710.0,-129.0,-205.0,,683.0
-497.0,-124.0,,-24.0,-144.0,-1524.0,-119.0,-469.0,,643.0
-555.0,-87.0,,15.0,-183.0,-1504.0,-104.0,-541.0,,614.0
-532.0,-50.0,,39.0,-139.0,-1606.0,-107.0,-733.0,,583.0
-680.0,-18.0,,55.0,-114.0,-1743.0,-107.0,-811.0,,546.0
-640.0,-38.0,,28.0,-90.0,-1675.0,-105.0,-727.0,,497.0
-649.0,-67.0,,24.0,-6.0,-1548.0,-102.0,-752.0,,461.0
-588.0,-66.0,,33.0,35.0,-1448.0,-103.0,-565.0,,429.0
-677.0,-102.0,,49.0,74.0,-1297.0,-119.0,-709.0,,396.0
-788.0,-138.0,,36.0,145.0,-1154.0,-125.0,-574.0,,388.0
-769.0,-165.0,,-1.0,151.0,-928.0,-117.0,-569.0,,390.0
-770.0,-217.0,,8.0,169.0,-734.0,-106.0,-607.0,,411.0
-767.0,-261.0,,-19.0,187.0,-571.0,-101.0,-476.0,,447.0
-853.0,-278.0,,-51.0,142.0,-510.0,-106.0,-650.0,,475.0
-787.0,-243.0,,-62.0,155.0,-517.0,-123.0,-491.0,,515.0
-876.0,-215.0,,-44.0,165.0,-421.0,-163.0,-480.0,,571.0
-880.0,-194.0,,-35.0,99.0,-256.0,-192.0,-373.0,,653.0
-940.0,-172.0,,-53.0,76.0,-139.0,-199.0,-347.0,,746.0
-870.0,-130.0,,-40.0,57.0,-31.0,-213.0,-489.0,,826.0
-848.0,-89.0,,-10.0,0.0,10.0,-221.0,-495.0,,902.0
-971.0,-88.0,,-8.0,-17.0,-166.0,-218.0,-796.0,,960.0
-822.0,-73.0,,-24.0,-56.0,-413.0,-219.0,-727.0,,1002.0
-874.0,-60.0,,-41.0,-106.0,-688.0,-221.0,-720.0,,1019.0
-806.0,-73.0,,-84.0,-90.0,-903.0,-228.0,-637.0,,1023.0
-879.0,-130.0,,-114.0,-109.0,-1168.0,-243.0,-578.0,,1017.0
-750.0,-153.0,,-134.0,-108.0,-1515.0,-264.0,-886.0,,1005.0
-690.0,-158.0,,-147.0,-58.0,-1719.0,-280.0,-936.0,,1021.0
-704.0,-231.0,,-174.0,-84.0,-1759.0,-283.0,-1165.0,,1036.0
-625.0,-290.0,,-177.0,-98.0,-1709.0,-275.0,-1110.0,,1060.0
-795.0,-292.0,,-179.0,-94.0,-1642.0,-244.0,-1080.0,,1101.0
-638.0,-246.0,,-208.0,-151.0,-1427.0,-239.0,-1062.0,,1139.0
-720.0,-185.0,,-197.0,-180.0,-1201.0,-263.0,-829.0,,1177.0
-636.0,-138.0,,-210.0,-210.0,-1089.0,-275.0,-803.0,,1199.0
-691.0,-111.0,,-242.0,-237.0,-976.0,-295.0,-423.0,,1213.0
-654.0,-102.0,,-269.0,-167.0,-920.0,-290.0,-267.0,,1233.0
-548.0,-194.0,,-294.0,-134.0,-924.0,-286.0,14.0,,1242.0
-639.0,-340.0,,-290.0,-174.0,-1036.0,-303.0,299.0,,1221.0
-591.0,-387.0,,-325.0,-153.0,-1325.0,-285.0,317.0,,1185.0
-667.0,-368.0,,-355.0,-148.0,-1536.0,-275.0,552.0,,1129.0
-478.0,-322.0,,-337.0,-155.0,-1554.0,-260.0,456.0,,1061.0
-528.0,-240.0,,-342.0,-110.0,-1596.0,-225.0,452.0,,990.0
-442.0,-117.0,,-325.0,-87.0,-1773.0,-198.0,253.0,,896.0
-466.0,5.0,,-281.0,-30.0,-2080.0,-188.0,216.0,,813.0
-477.0,29.0,,-238.0,75.0,-2292.0,-210.0,334.0,,744.0
-471.0,-32.0,,-214.0,142.0,-2274.0,-231.0,280.0,,681.0
-527.0,-51.0,,-187.0,212.0,-2134.0,-252.0,559.0,,616.0
-415.0,-30.0,,-166.0,248.0,-1993.0,-238.0,443.0,,553.0
-352.0,-94.0,,-211.0,212.0,-1712.0,-199.0,543.0,,512.0
-309.0,-203.0,,-233.0,202.0,-1216.0,-160.0,546.0,,471.0
-479.0,-277.0,,-245.0,165.0,-828.0,-121.0,341.0,,449.0
-372.0,-344.0,,-238.0,90.0,-609.0,-126.0,463.0,,422.0
-346.0,-388.0,,-201.0,73.0,-459.0,-126.0,310.0,,399.0
-269.0,-379.0,,-179.0,33.0,-210.0,-103.0,375.0,,391.0
-333.0,-286.0,,-193.0,-40.0,-68.0,-62.0,245.0,,393.0
-269.0,-147.0,,-184.0,-56.0,-318.0,-24.0,149.0,,400.0
-271.0,-57.0,,-150.0,-74.0,-450.0,-23.0,112.0,,397.0
-311.0,0.0,,-180.0,-70.0,-292.0,-37.0,-29.0,,404.0
-241.0,40.0,,-188.0,-16.0,-118.0,-54.0,79.0,,400.0
-340.0,54.0,,-207.0,-1.0,-10.0,-46.0,-208.0,,408.0
-187.0,38.0,,-263.0,16.0,123.0,-33.0,-208.0,,414.0
-282.0,18.0,,-293.0,9.0,427.0,-18.0,-273.0,,405.0
-165.0,29.0,,-339.0,-59.0,746.0,10.0,-371.0,,394.0
-293.0,80.0,,-378.0,-86.0,925.0,49.0,-181.0,,380.0
-227.0,131.0,,-399.0,-121.0,894.0,81.0,-260.0,,364.0
-305.0,151.0,,-409.0,-173.0,793.0,77.0,-11.0,,320.0
-418.0,137.0,,-415.0,-155.0,717.0,52.0,114.0,,291.0
-306.0,62.0,,-406.0,-139.0,494.0,23.0,358.0,,278.0
-421.0,31.0,,-388.0,-150.0,212.0,23.0,535.0,,288.0
-218.0,30.0,,-366.0,-124.0,-23.0,33.0,515.0,,321.0
-450.0,30.0,,-323.0,-117.0,-108.0,14.0,641.0,,362.0
-325.0,36.0,,-283.0,-129.0,-73.0,-4.0,436.0,,412.0
-420.0,19.0,,-262.0,-87.0,-60.0,0.0,689.0,,466.0
-422.0,36.0,,-239.0,-73.0,-173.0,10.0,853.0,,528.0
-316.0,36.0,,-188.0,-64.0,-233.0,15.0,981.0,,575.0
-392.0,-5.0,,-144.0,-25.0,112.0,0.0,1186.0,,619.0
-236.0,-66.0,,-83.0,-36.0,519.0,3.0,942.0,,660.0
-390.0,-108.0,,-31.0,-15.0,638.0,8.0,890.0,,700.0
-200.0,-135.0,,-11.0,36.0,515.0,-21.0,561.0,,729.0
-299.0,-177.0,,27.0,47.0,404.0,-40.0,467.0,,729.0
-199.0,-197.0,,28.0,88.0,384.0,-62.0,513.0,,717.0
-117.0,-151.0,,-4.0,94.0,363.0,-106.0,613.0,,702.0
-82.0,-49.0,,-48.0,25.0,313.0,-122.0,933.0,,681.0
1.0,16.0,,-97.0,17.0,174.0,-124.0,794.0,,651.0
-74.0,66.0,,-159.0,7.0,26.0,-119.0,883.0,,626.0
86.0,149.0,,-204.0,-38.0,-141.0,-134.0,718.0,,601.0
-16.0,218.0,,-238.0,-20.0,-325.0,-186.0,700.0,,592.0
112.0,192.0,,-281.0,-27.0,-387.0,-211.0,857.0,,594.0
83.0,109.0,,-300.0,-60.0,-328.0,-235.0,670.0,,598.0
157.0,65.0,,-294.0,-43.0,-375.0,-252.0,812.0,,609.0
171.0,29.0,,-253.0,-54.0,-500.0,-239.0,654.0,,632.0
100.0,-31.0,,-246.0,-46.0,-512.0,-256.0,687.0,,676.0
198.0,-69.0,,-224.0,9.0,-321.0,-268.0,663.0,,722.0
118.0,-53.0,,-180.0,7.0,-125.0,-281.0,644.0,,763.0
198.0,-28.0,,-152.0,23.0,-99.0,-310.0,866.0,,808.0
160.0,-44.0,,-93.0,50.0,-200.0,-330.0,670.0,,861.0
221.0,-55.0,,-46.0,15.0,-538.0,-322.0,744.0,,897.0
176.0,-8.0,,-17.0,24.0,-767.0,-299.0,522.0,,914.0
143.0,15.0,,3.0,24.0,-755.0,-289.0,487.0,,908.0
71.0,-47.0,,27.0,-34.0,-845.0,-291.0,628.0,,894.0
104.0,-133.0,,18.0,-31.0,-953.0,-302.0,580.0,,886.0
217.0,-183.0,,0.0,-2.0,-879.0,-300.0,883.0,,849.0
110.0,-215.0,,3.0,-9.0,-556.0,-302.0,909.0,,803.0
187.0,-268.0,,-10.0,27.0,-123.0,-293.0,1116.0,,747.0
122.0,-317.0,,-30.0,53.0,143.0,-271.0,1021.0,,684.0
168.0,-310.0,,-50.0,47.0,180.0,-260.0,831.0,,621.0
171.0,-245.0,,-49.0,70.0,87.0,-254.0,803.0,,538.0
221.0,-219.0,,-13.0,55.0,-23.0,-249.0,450.0,,443.0
292.0,-240.0,,21.0,43.0,-139.0,-210.0,415.0,,352.0
280.0,-233.0,,38.0,29.0,-303.0,-151.0,169.0,,276.0
340.0,-208.0,,53.0,-49.0,-484.0,-96.0,151.0,,230.0
269.0,-157.0,,43.0,-82.0,-531.0,-55.0,238.0,,195.0
344.0,-110.0,,26.0,-90.0,-325.0,-31.0,164.0,,159.0
398.0,-14.0,,5.0,-158.0,-50.0,-6.0,232.0,,130.0
438.0,148.0,,3.0,-196.0,165.0,20.0,-16.0,,102.0
411.0,313.0,,22.0,-218.0,319.0,43.0,1.0,,61.0
462.0,426.0,,45.0,-255.0,491.0,43.0,-99.0,,29.0
534.0,426.0,,53.0,-209.0,703.0,3.0,11.0,,9.0
463.0,370.0,,28.0,-170.0,916.0,-21.0,327.0,,0.0
441.0,269.0,,62.0,-173.0,1067.0,0.0,339.0,,3.0
466.0,168.0,,125.0,-132.0,1187.0,36.0,624.0,,11.0
569.0,51.0,,152.0,-115.0,1330.0,72.0,545.0,,26.0
555.0,-58.0,,175.0,-97.0,1160.0,86.0,594.0,,29.0
553.0,-56.0,,188.0,-16.0,914.0,94.0,718.0,,40.0
538.0,9.0,,173.0,44.0,861.0,91.0,670.0,,54.0
544.0,103.0,,169.0,84.0,884.0,86.0,779.0,,59.0
558.0,192.0,,197.0,105.0,890.0,109.0,737.0,,71.0
534.0,329.0,,222.0,62.0,775.0,113.0,907.0,,56.0
565.0,475.0,,241.0,35.0,861.0,107.0,748.0,,38.0
614.0,534.0,,266.0,13.0,1069.0,116.0,606.0,,20.0
661.0,531.0,,283.0,-36.0,1218.0,134.0,559.0,,-6.0
578.0,500.0,,291.0,-35.0,1293.0,151.0,471.0,,-29.0
522.0,463.0,,326.0,-39.0,1270.0,167.0,785.0,,-60.0
529.0,399.0,,306.0,-82.0,1413.0,176.0,805.0,,-76.0
576.0,299.0,,279.0,-91.0,1534.0,157.0,897.0,,-97.0
555.0,213.0,,323.0,-96.0,1540.0,130.0,875.0,,-125.0
550.0,161.0,,328.0,-101.0,1408.0,101.0,750.0,,-149.0
622.0,57.0,,307.0,-59.0,1245.0,89.0,563.0,,-173.0
574.0,-69.0,,334.0,-26.0,1387.0,108.0,157.0,,-193.0
586.0,-159.0,,363.0,21.0,1573.0,126.0,92.0,,-222.0
539.0,-223.0,,383.0,86.0,1533.0,147.0,-138.0,,-244.0
521.0,-287.0,,412.0,71.0,1354.0,138.0,-35.0,,-258.0
584.0,-367.0,,430.0,73.0,1471.0,107.0,-35.0,,-265.0
555.0,-347.0,,470.0,108.0,1613.0,106.0,-317.0,,-280.0
566.0,-210.0,,519.0,83.0,1252.0,92.0,-445.0,,-302.0
543.0,-30.0,,519.0,84.0,642.0,95.0,-910.0,,-312.0
630.0,115.0,,517.0,83.0,178.0,109.0,-982.0,,-316.0
681.0,186.0,,496.0,34.0,-13.0,97.0,-1018.0,,-322.0
668.0,232.0,,439.0,34.0,-227.0,124.0,-822.0,,-343.0
793.0,221.0,,418.0,29.0,-442.0,165.0,-613.0,,-355.0
837.0,131.0,,379.0,-4.0,-551.0,189.0,-679.0,,-359.0
807.0,25.0,,353.0,4.0,-426.0,190.0,-439.0,,-368.0
768.0,-59.0,,318.0,-10.0,-188.0,146.0,-617.0,,-370.0
873.0,-156.0,,256.0,-38.0,-121.0,115.0,-587.0,,-363.0
914.0,-249.0,,235.0,-34.0,21.0,126.0,-630.0,,-353.0
905.0,-302.0,,209.0,-69.0,265.0,134.0,-700.0,,-319.0
1003.0,-297.0,,219.0,-99.0,614.0,123.0,-476.0,,-274.0
1061.0,-272.0,,219.0,-82.0,957.0,105.0,-546.0,,-236.0
1117.0,-239.0,,211.0,-84.0,1221.0,103.0,-343.0,,-183.0
1070.0,-154.0,,196.0,-50.0,1441.0,113.0,-428.0,,-118.0
1098.0,-85.0,,146.0,5.0,1544.0,117.0,-347.0,,-24.0
1146.0,-42.0,,121.0,-15.0,1569.0,135.0,-249.0,,93.0
1199.0,-41.0,,93.0,-15.0,1474.0,160.0,-463.0,,202.0
1228.0,-44.0,,51.0,17.0,1346.0,148.0,-291.0,,320.0
1156.0,2.0,,17.0,7.0,1195.0,127.0,-467.0,,438.0
1185.0,73.0,,10.0,10.0,1077.0,103.0,-482.0,,543.0
1158.0,175.0,,3.0,5.0,1021.0,79.0,-628.0,,636.0
1121.0,276.0,,-12.0,-30.0,853.0,71.0,-851.0,,710.0
1083.0,406.0,,-18.0,-19.0,571.0,43.0,-801.0,,776.0
1103.0,494.0,,18.0,-4.0,387.0,21.0,-870.0,,825.0
1107.0,530.0,,35.0,-3.0,515.0,12.0,-543.0,,858.0
1014.0,535.0,,58.0,46.0,634.0,9.0,-594.0,,875.0
999.0,470.0,,103.0,78.0,427.0,-11.0,-537.0,,881.0
945.0,386.0,,128.0,113.0,314.0,-21.0,-502.0,,890.0
914.0,251.0,,149.0,200.0,534.0,-9.0,-807.0,,860.0
891.0,166.0,,162.0,232.0,707.0,-12.0,-718.0,,816.0
937.0,130.0,,182.0,208.0,651.0,0.0,-857.0,,766.0
920.0,86.0,,139.0,160.0,595.0,-10.0,-800.0,,674.0
816.0,76.0,,96.0,61.0,595.0,-26.0,-848.0,,573.0
826.0,85.0,,78.0,-2.0,510.0,-33.0,-875.0,,461.0
775.0,114.0,,46.0,-3.0,325.0,-45.0,-805.0,,337.0
749.0,113.0,,51.0,-24.0,156.0,-21.0,-979.0,,210.0
721.0,131.0,,41.0,-24.0,260.0,7.0,-885.0,,77.0
752.0,157.0,,20.0,6.0,445.0,20.0,-1162.0,,-49.0
742.0,113.0,,6.0,-12.0,546.0,37.0,-1212.0,,-156.0
634.0,1.0,,-9.0,-22.0,820.0,40.0,-1117.0,,-247.0
602.0,-93.0,,-38.0,-8.0,1231.0,28.0,-1165.0,,-311.0
530.0,-122.0,,-65.0,-9.0,1562.0,16.0,-1019.0,,-341.0
523.0,-155.0,,-79.0,27.0,1595.0,1.0,-1086.0,,-358.0
507.0,-170.0,,-85.0,49.0,1427.0,14.0,-962.0,,-340.0
530.0,-100.0,,-76.0,21.0,1189.0,24.0,-1112.0,,-298.0
486.0,44.0,,-54.0,27.0,964.0,38.0,-1160.0,,-239.0
381.0,155.0,,-28.0,39.0,791.0,57.0,-1136.0,,-162.0
366.0,208.0,,-14.0,16.0,620.0,88.0,-1317.0,,-79.0
321.0,234.0,,38.0,21.0,542.0,135.0,-1199.0,,11.0
386.0,230.0,,96.0,32.0,418.0,158.0,-1480.0,,93.0
355.0,195.0,,73.0,39.0,250.0,179.0,-1598.0,,178.0
261.0,154.0,,52.0,79.0,182.0,183.0,-1685.0,,250.0
224.0,146.0,,60.0,80.0,109.0,188.0,-1779.0,,308.0
174.0,125.0,,72.0,55.0,-82.0,186.0,-1688.0,,359.0
155.0,76.0,,91.0,63.0,-290.0,207.0,-1740.0,,404.0
102.0,4.0,,82.0,39.0,-393.0,243.0,-1492.0,,446.0
145.0,-50.0,,58.0,17.0,-476.0,252.0,-1600.0,,464.0
144.0,-52.0,,72.0,46.0,-605.0,265.0,-1570.0,,461.0
55.0,-22.0,,117.0,40.0,-850.0,272.0,-1563.0,,428.0
41.0,25.0,,179.0,17.0,-1011.0,294.0,-1666.0,,381.0
56.0,58.0,,233.0,20.0,-925.0,290.0,-1330.0,,322.0
19.0,104.0,,255.0,8.0,-889.0,299.0,-1180.0,,242.0
-112.0,146.0,,297.0,21.0,-847.0,306.0,-811.0,,154.0
-77.0,148.0,,310.0,88.0,-636.0,287.0,-707.0,,59.0
-5.0,130.0,,312.0,161.0,-383.0,297.0,-630.0,,-23.0
-66.0,129.0,,349.0,225.0,-310.0,302.0,-546.0,,-97.0
-101.0,115.0,,319.0,249.0,-428.0,310.0,-753.0,,-162.0
-96.0,75.0,,289.0,211.0,-382.0,296.0,-565.0,,-207.0
-56.0,79.0,,305.0,189.0,-143.0,266.0,-685.0,,-238.0
-149.0,93.0,,321.0,167.0,-83.0,247.0,-667.0,,-257.0
-186.0,90.0,,312.0,85.0,-194.0,223.0,-687.0,,-261.0
-156.0,35.0,,293.0,26.0,-92.0,186.0,-820.0,,-245.0
-139.0,-48.0,,292.0,-1.0,87.0,154.0,-670.0,,-237.0
-160.0,-80.0,,288.0,-32.0,189.0,133.0,-849.0,,-218.0
-244.0,-64.0,,280.0,-26.0,325.0,110.0,-772.0,,-189.0
-181.0,-40.0,,298.0,-11.0,402.0,102.0,-859.0,,-160.0
-151.0,-28.0,,304.0,-31.0,463.0,82.0,-798.0,,-118.0
-103.0,5.0,,296.0,-38.0,541.0,83.0,-620.0,,-81.0
-100.0,1.0,,295.0,-45.0,617.0,70.0,-768.0,,-26.0
-84.0,0.0,,249.0,-77.0,717.0,43.0,-674.0,,28.0
-26.0,82.0,,228.0,-66.0,747.0,38.0,-916.0,,82.0
-32.0,206.0,,232.0,-73.0,795.0,21.0,-890.0,,128.0
41.0,316.0,,200.0,-102.0,933.0,21.0,-960.0,,149.0
88.0,373.0,,180.0,-78.0,933.0,3.0,-1099.0,,179.0
142.0,425.0,,199.0,-70.0,861.0,-23.0,-984.0,,178.0
229.0,443.0,,204.0,-77.0,942.0,-15.0,-1219.0,,147.0
305.0,411.0,,167.0,-89.0,1249.0,11.0,-1045.0,,110.0
253.0,360.0,,138.0,-148.0,1529.0,32.0,-1154.0,,45.0
321.0,317.0,,125.0,-199.0,1582.0,14.0,-1206.0,,-25.0
429.0,309.0,,88.0,-189.0,1664.0,-19.0,-1134.0,,-101.0
446.0,334.0,,42.0,-184.0,1901.0,-39.0,-1295.0,,-199.0
482.0,377.0,,34.0,-196.0,2084.0,-40.0,-1136.0,,-305.0
501.0,355.0,,32.0,-154.0,1961.0,-29.0,-1267.0,,-393.0
589.0,298.0,,25.0,-112.0,1713.0,-14.0,-1123.0,,-480.0
491.0,253.0,,20.0,-71.0,1667.0,6.0,-1077.0,,-560.0
488.0,190.0,,41.0,12.0,1698.0,10.0,-960.0,,-615.0
520.0,111.0,,67.0,59.0,1544.0,14.0,-570.0,,-669.0
531.0,47.0,,78.0,71.0,1368.0,14.0,-567.0,,-694.0
588.0,35.0,,97.0,77.0,1227.0,6.0,-339.0,,-703.0
534.0,-19.0,,100.0,54.0,1193.0,13.0,-439.0,,-707.0
562.0,-154.0,,100.0,79.0,1319.0,9.0,-467.0,,-690.0
494.0,-250.0,,84.0,147.0,1356.0,13.0,-502.0,,-675.0
474.0,-265.0,,79.0,141.0,1325.0,27.0,-661.0,,-643.0
409.0,-221.0,,58.0,127.0,1385.0,26.0,-513.0,,-602.0
434.0,-119.0,,22.0,139.0,1556.0,21.0,-582.0,,-541.0
485.0,-6.0,,27.0,134.0,1502.0,18.0,-365.0,,-463.0
357.0,90.0,,13.0,164.0,1287.0,25.0,-400.0,,-383.0
306.0,196.0,,17.0,167.0,1083.0,6.0,-522.0,,-292.0
236.0,266.0,,19.0,122.0,955.0,-23.0,-606.0,,-205.0
337.0,218.0,,28.0,115.0,928.0,-42.0,-805.0,,-113.0
271.0,91.0,,43.0,113.0,772.0,-45.0,-654.0,,-27.0
157.0,-16.0,,30.0,67.0,528.0,-21.0,-792.0,,29.0
171.0,-70.0,,60.0,38.0,279.0,-25.0,-650.0,,72.0
160.0,-46.0,,70.0,13.0,316.0,-73.0,-532.0,,105.0
140.0,39.0,,54.0,-44.0,498.0,-115.0,-515.0,,111.0
10.0,122.0,,45.0,-53.0,546.0,-139.0,-332.0,,95.0
37.0,159.0,,38.0,-32.0,469.0,-160.0,-521.0,,69.0
17.0,145.0,,41.0,-4.0,448.0,-186.0,-524.0,,12.0
6.0,99.0,,44.0,83.0,545.0,-204.0,-707.0,,-71.0
-22.0,46.0,,44.0,154.0,340.0,-207.0,-657.0,,-158.0
-57.0,-15.0,,38.0,174.0,18.0,-211.0,-522.0,,-260.0
-35.0,-112.0,,55.0,172.0,-231.0,-211.0,-600.0,,-356.0
11.0,-239.0,,54.0,134.0,-415.0,-237.0,-465.0,,-427.0
59.0,-350.0,,28.0,94.0,-643.0,-270.0,-705.0,,-485.0
20.0,-386.0,,1.0,92.0,-870.0,-286.0,-748.0,,-514.0
82.0,-348.0,,-27.0,85.0,-758.0,-305.0,-824.0,,-507.0
90.0,-306.0,,-78.0,86.0,-571.0,-292.0,-772.0,,-467.0
96.0,-308.0,,-131.0,126.0,-525.0,-292.0,-570.0,,-389.0
9.0,-293.0,,-153.0,145.0,-486.0,-317.0,-654.0,,-281.0
56.0,-251.0,,-204.0,130.0,-277.0,-340.0,-389.0,,-161.0
147.0,-232.0,,-231.0,107.0,-92.0,-364.0,-487.0,,-22.0
117.0,-209.0,,-238.0,60.0,18.0,-348.0,-541.0,,125.0
88.0,-196.0,,-292.0,6.0,154.0,-331.0,-587.0,,267.0
51.0,-219.0,,-331.0,-13.0,103.0,-324.0,-781.0,,416.0
83.0,-225.0,,-351.0,-6.0,-41.0,-336.0,-766.0,,568.0
-26.0,-169.0,,-381.0,31.0,-25.0,-360.0,-986.0,,716.0
-51.0,-48.0,,-382.0,100.0,247.0,-352.0,-942.0,,857.0
-38.0,109.0,,-404.0,122.0,392.0,-365.0,-1156.0,,976.0
-13.0,266.0,,-449.0,110.0,372.0,-383.0,-1210.0,,1088.0
-64.0,366.0,,-466.0,122.0,387.0,-414.0,-1143.0,,1181.0
-119.0,388.0,,-490.0,123.0,448.0,-451.0,-1319.0,,1240.0
-141.0,381.0,,-513.0,134.0,578.0,-469.0,-1090.0,,1269.0
-150.0,327.0,,-525.0,140.0,438.0,-497.0,-1082.0,,1249.0
-96.0,211.0,,-539.0,100.0,373.0,-512.0,-824.0,,1209.0
-135.0,119.0,,-545.0,65.0,594.0,-504.0,-711.0,,1134.0
-67.0,83.0,,-557.0,38.0,798.0,-518.0,-727.0,,1035.0
-71.0,78.0,,-590.0,11.0,667.0,-571.0,-533.0,,916.0
-96.0,54.0,,-608.0,7.0,254.0,-600.0,-633.0,,777.0
-126.0,44.0,,-614.0,-3.0,200.0,-606.0,-458.0,,652.0
-82.0,87.0,,-612.0,-53.0,310.0,-605.0,-515.0,,525.0
-28.0,118.0,,-605.0,-92.0,368.0,-610.0,-341.0,,406.0
-33.0,65.0,,-599.0,-96.0,295.0,-651.0,-96.0,,301.0
-30.0,14.0,,-609.0,-102.0,134.0,-692.0,-120.0,,213.0
-76.0,13.0,,-646.0,-63.0,75.0,-703.0,-55.0,,142.0
-9.0,-26.0,,-679.0,-15.0,-81.0,-701.0,-408.0,,94.0
7.0,-117.0,,-702.0,-27.0,-292.0,-709.0,-338.0,,42.0
-44.0,-307.0,,-716.0,-37.0,-494.0,-724.0,-354.0,,-22.0
-57.0,-511.0,,-739.0,-66.0,-592.0,-739.0,-345.0,,-57.0
23.0,-598.0,,-730.0,-124.0,-509.0,-763.0,-133.0,,-93.0
-3.0,-563.0,,-691.0,-145.0,-386.0,-793.0,-214.0,,-122.0
-66.0,-424.0,,-673.0,-147.0,-452.0,-809.0,-5.0,,-144.0
-108.0,-245.0,,-635.0,-146.0,-507.0,-824.0,-177.0,,-184.0
-63.0,-39.0,,-587.0,-106.0,-279.0,-826.0,-118.0,,-218.0
-3.0,124.0,,-563.0,-82.0,136.0,-828.0,-129.0,,-235.0
-98.0,218.0,,-571.0,-76.0,386.0,-833.0,-356.0,,-262.0
-97.0,280.0,,-573.0,-26.0,300.0,-841.0,-243.0,,-303.0
-99.0,321.0,,-562.0,-10.0,340.0,-871.0,-491.0,,-315.0
-122.0,325.0,,-570.0,-9.0,465.0,-886.0,-474.0,,-323.0
-187.0,257.0,,-548.0,12.0,336.0,-906.0,-620.0,,-318.0
-202.0,179.0,,-532.0,-15.0,-94.0,-900.0,-670.0,,-280.0
-224.0,148.0,,-523.0,-32.0,-573.0,-872.0,-678.0,,-226.0
-257.0,149.0,,-477.0,8.0,-805.0,-868.0,-940.0,,-142.0
-240.0,141.0,,-447.0,43.0,-734.0,-863.0,-779.0,,-40.0
-318.0,149.0,,-432.0,61.0,-521.0,-869.0,-957.0,,73.0
-349.0,205.0,,-434.0,92.0,-381.0,-868.0,-877.0,,183.0
-343.0,244.0,,-423.0,112.0,-119.0,-837.0,-722.0,,288.0
-336.0,258.0,,-363.0,162.0,192.0,-799.0,-715.0,,394.0
-396.0,320.0,,-318.0,221.0,415.0,-788.0,-681.0,,493.0
-443.0,404.0,,-280.0,210.0,369.0,-805.0,-1008.0,,570.0
-387.0,442.0,,-224.0,213.0,119.0,-810.0,-975.0,,624.0
-404.0,398.0,,-178.0,228.0,43.0,-777.0,-1045.0,,666.0
-435.0,265.0,,-127.0,190.0,-205.0,-753.0,-892.0,,668.0
-450.0,134.0,,-81.0,133.0,-649.0,-742.0,-642.0,,626.0
-464.0,89.0,,-55.0,68.0,-1055.0,-729.0,-613.0,,553.0
-490.0,18.0,,-55.0,-9.0,-1315.0,-713.0,-375.0,,460.0
-539.0,-114.0,,-52.0,-55.0,-1379.0,-682.0,-476.0,,352.0
-500.0,-214.0,,-27.0,-88.0,-1482.0,-664.0,-378.0,,253.0
-550.0,-261.0,,-19.0,-134.0,-1396.0,-646.0,-417.0,,158.0
-623.0,-236.0,,-24.0,-128.0,-1078.0,-639.0,-434.0,,60.0
-656.0,-234.0,,-34.0,-101.0,-708.0,-651.0,-325.0,,0.0
-678.0,-265.0,,-53.0,-81.0,-242.0,-656.0,-528.0,,-52.0
-665.0,-215.0,,-96.0,-37.0,148.0,-641.0,-393.0,,-79.0
-736.0,-95.0,,-104.0,-35.0,339.0,-632.0,-461.0,,-65.0
-759.0,-30.0,,-74.0,-67.0,311.0,-651.0,-341.0,,-32.0
-797.0,-62.0,,-71.0,-68.0,358.0,-642.0,-208.0,,35.0
-824.0,-68.0,,-54.0,-90.0,500.0,-606.0,-221.0,,122.0
-846.0,-28.0,,-20.0,-122.0,131.0,-579.0,-83.0,,222.0
-877.0,-8.0,,-8.0,-121.0,-528.0,-564.0,-253.0,,335.0
-841.0,-13.0,,17.0,-123.0,-757.0,-562.0,-110.0,,432.0
-874.0,-8.0,,43.0,-112.0,-644.0,-568.0,-94.0,,515.0
-888.0,13.0,,39.0,-59.0,-630.0,-548.0,1.0,,581.0
-874.0,7.0,,36.0,0.0,-797.0,-513.0,84.0,,636.0
-909.0,-59.0,,20.0,48.0,-829.0,-478.0,-101.0,,689.0
-895.0,-134.0,,20.0,95.0,-303.0,-439.0,-20.0,,743.0
-856.0,-139.0,,-8.0,101.0,189.0,-432.0,-173.0,,791.0
-815.0,-106.0,,-36.0,101.0,76.0,-444.0,-114.0,,831.0
-827.0,-101.0,,-17.0,135.0,75.0,-461.0,-232.0,,890.0
-846.0,-107.0,,-24.0,126.0,394.0,-483.0,-404.0,,954.0
-837.0,-106.0,,-51.0,124.0,593.0,-490.0,-404.0,,1025.0
-801.0,-96.0,,-61.0,165.0,348.0,-501.0,-596.0,,1105.0
-730.0,-72.0,,-60.0,160.0,174.0,-487.0,-402.0,,1191.0
-748.0,-78.0,,-47.0,135.0,490.0,-458.0,-341.0,,1288.0
-664.0,-131.0,,-10.0,133.0,646.0,-459.0,9.0,,1377.0
-662.0,-249.0,,-17.0,115.0,370.0,-433.0,371.0,,1454.0
-699.0,-394.0,,-31.0,97.0,-22.0,-400.0,380.0,,1500.0
-678.0,-525.0,,-26.0,91.0,77.0,-370.0,412.0,,1521.0
-694.0,-626.0,,-41.0,50.0,269.0,-336.0,114.0,,1512.0
-622.0,-692.0,,-71.0,7.0,127.0,-331.0,114.0,,1496.0
-654.0,-717.0,,-107.0,-26.0,98.0,-353.0,11.0,,1450.0
-648.0,-700.0,,-151.0,-93.0,229.0,-358.0,-31.0,,1376.0
-643.0,-658.0,,-205.0,-130.0,365.0,-322.0,1.0,,1322.0
-599.0,-556.0,,-252.0,-136.0,448.0,-297.0,-194.0,,1262.0
-625.0,-460.0,,-302.0,-162.0,696.0,-266.0,-11.0,,1210.0
-651.0,-387.0,,-347.0,-150.0,699.0,-245.0,-101.0,,1169.0
-566.0,-297.0,,-377.0,-91.0,342.0,-225.0,1.0,,1121.0
-569.0,-199.0,,-383.0,-17.0,47.0,-180.0,121.0,,1085.0
-544.0,-122.0,,-402.0,54.0,-177.0,-154.0,121.0,,1073.0
-586.0,-95.0,,-418.0,65.0,-378.0,-140.0,293.0,,1073.0
-521.0,-68.0,,-416.0,34.0,-627.0,-140.0,144.0,,1062.0
-529.0,-64.0,,-412.0,38.0,-585.0,-121.0,321.0,,1051.0
-533.0,-55.0,,-391.0,50.0,-303.0,-62.0,297.0,,1032.0
-510.0,-37.0,,-391.0,49.0,-37.0,-17.0,421.0,,1000.0
-496.0,-23.0,,-370.0,80.0,107.0,4.0,748.0,,944.0
-443.0,9.0,,-345.0,85.0,214.0,27.0,831.0,,855.0
-510.0,62.0,,-309.0,28.0,454.0,44.0,1164.0,,760.0
-416.0,155.0,,-238.0,-7.0,598.0,73.0,1064.0,,654.0
-437.0,247.0,,-193.0,-48.0,626.0,102.0,1103.0,,540.0
-473.0,322.0,,-182.0,-102.0,395.0,135.0,1088.0,,427.0
-461.0,351.0,,-187.0,-126.0,193.0,176.0,1119.0,,316.0
-401.0,349.0,,-195.0,-167.0,228.0,191.0,1433.0,,211.0
-347.0,293.0,,-201.0,-204.0,153.0,203.0,1435.0,,116.0
-444.0,158.0,,-180.0,-190.0,26.0,215.0,1794.0,,44.0
-410.0,64.0,,-188.0,-164.0,-230.0,225.0,1827.0,,-25.0
-396.0,17.0,,-199.0,-108.0,-579.0,274.0,1831.0,,-79.0
-348.0,-59.0,,-199.0,-17.0,-788.0,335.0,1777.0,,-121.0
-368.0,-190.0,,-201.0,31.0,-800.0,361.0,1481.0,,-144.0
-380.0,-299.0,,-174.0,65.0,-872.0,353.0,1633.0,,-119.0
-368.0,-318.0,,-174.0,103.0,-1001.0,324.0,1601.0,,-76.0
-395.0,-265.0,,-122.0,106.0,-892.0,311.0,1843.0,,-2.0
-437.0,-155.0,,-58.0,113.0,-750.0,328.0,1855.0,,104.0
-510.0,18.0,,-27.0,85.0,-633.0,343.0,1733.0,,224.0
-451.0,269.0,,26.0,-44.0,-609.0,358.0,1710.0,,362.0
-417.0,489.0,,47.0,-178.0,-744.0,366.0,1341.0,,503.0
-447.0,587.0,,63.0,-256.0,-924.0,359.0,1330.0,,639.0
-546.0,610.0,,73.0,-315.0,-1195.0,365.0,1145.0,,763.0
-480.0,599.0,,31.0,-299.0,-1150.0,399.0,1219.0,,860.0
-486.0,530.0,,3.0,-220.0,-703.0,424.0,1332.0,,937.0
-517.0,406.0,,-3.0,-163.0,-376.0,411.0,1276.0,,991.0
-504.0,294.0,,-27.0,-112.0,-272.0,406.0,1478.0,,1012.0
-528.0,237.0,,-32.0,-87.0,-190.0,419.0,1367.0,,1002.0
-428.0,213.0,,-53.0,-100.0,-51.0,418.0,1561.0,,983.0
-459.0,135.0,,-71.0,-95.0,12.0,419.0,1585.0,,955.0
-417.0,85.0,,-89.0,-86.0,-103.0,409.0,1613.0,,897.0
-445.0,171.0,,-94.0,-70.0,-248.0,417.0,1755.0,,830.0
-385.0,307.0,,-89.0,-18.0,-169.0,462.0,1603.0,,754.0
-344.0,394.0,,-95.0,0.0,-14.0,476.0,1666.0,,670.0
-354.0,431.0,,-56.0,-39.0,-38.0,447.0,1480.0,,600.0
-297.0,494.0,,-6.0,-66.0,-256.0,417.0,1576.0,,538.0
-310.0,538.0,,23.0,-71.0,-429.0,403.0,1642.0,,472.0
-233.0,498.0,,15.0,-39.0,-293.0,403.0,1661.0,,408.0
-323.0,411.0,,27.0,50.0,-104.0,413.0,1921.0,,343.0
-279.0,340.0,,34.0,103.0,-114.0,412.0,1873.0,,278.0
-250.0,242.0,,34.0,119.0,-238.0,396.0,2049.0,,233.0
-255.0,64.0,,93.0,140.0,-257.0,381.0,1989.0,,183.0
-299.0,-137.0,,137.0,124.0,-77.0,364.0,2025.0,,127.0
-258.0,-306.0,,167.0,90.0,118.0,338.0,2050.0,,104.0
-150.0,-426.0,,184.0,74.0,81.0,336.0,1884.0,,100.0
-264.0,-537.0,,201.0,52.0,-101.0,347.0,2010.0,,102.0
-228.0,-595.0,,219.0,33.0,-143.0,356.0,1864.0,,99.0
-253.0,-604.0,,233.0,48.0,-30.0,394.0,2050.0,,82.0
-170.0,-581.0,,276.0,65.0,-52.0,413.0,2100.0,,63.0
-210.0,-533.0,,281.0,108.0,-315.0,428.0,2026.0,,45.0
-245.0,-522.0,,293.0,169.0,-594.0,439.0,2054.0,,11.0
-208.0,-518.0,,335.0,174.0,-797.0,427.0,1866.0,,-36.0
-237.0,-518.0,,359.0,166.0,-757.0,430.0,2021.0,,-77.0
-177.0,-519.0,,387.0,141.0,-665.0,422.0,1925.0,,-113.0
-215.0,-498.0,,417.0,83.0,-562.0,415.0,2067.0,,-116.0
-117.0,-434.0,,419.0,43.0,-299.0,407.0,2241.0,,-98.0
-194.0,-354.0,,401.0,29.0,-131.0,411.0,2228.0,,-79.0
-208.0,-290.0,,395.0,4.0,-182.0,436.0,2328.0,,-41.0
-181.0,-242.0,,373.0,-23.0,-309.0,453.0,2017.0,,32.0
-184.0,-222.0,,362.0,-44.0,-265.0,477.0,1947.0,,130.0
-129.0,-209.0,,386.0,-91.0,-190.0,469.0,1736.0,,221.0
-158.0,-206.0,,416.0,-112.0,-407.0,435.0,1635.0,,313.0
-113.0,-207.0,,437.0,-106.0,-809.0,414.0,1614.0,,388.0
-197.0,-252.0,,456.0,-120.0,-908.0,388.0,1450.0,,471.0
-176.0,-303.0,,463.0,-91.0,-867.0,381.0,1622.0,,548.0
-117.0,-288.0,,480.0,-36.0,-843.0,384.0,1480.0,,577.0
-129.0,-226.0,,501.0,-27.0,-788.0,392.0,1598.0,,606.0
-128.0,-157.0,,518.0,-32.0,-690.0,406.0,1600.0,,622.0
-74.0,-102.0,,555.0,-38.0,-330.0,411.0,1539.0,,624.0
-11.0,-10.0,,556.0,-50.0,108.0,428.0,1686.0,,644.0
-42.0,67.0,,574.0,1.0,396.0,434.0,1465.0,,659.0
-50.0,84.0,,578.0,66.0,277.0,437.0,1494.0,,684.0
-24.0,71.0,,570.0,81.0,187.0,469.0,1298.0,,734.0
102.0,54.0,,610.0,103.0,468.0,480.0,1225.0,,807.0
170.0,61.0,,614.0,115.0,675.0,486.0,1151.0,,866.0
169.0,71.0,,596.0,88.0,440.0,504.0,962.0,,919.0
231.0,98.0,,580.0,54.0,-86.0,494.0,1125.0,,970.0
296.0,152.0,,575.0,-39.0,-211.0,473.0,931.0,,1004.0
354.0,195.0,,569.0,-177.0,-85.0,475.0,914.0,,1024.0
408.0,183.0,,555.0,-277.0,-219.0,487.0,776.0,,1014.0
428.0,118.0,,542.0,-371.0,-393.0,513.0,709.0,,976.0
517.0,54.0,,532.0,-412.0,-249.0,539.0,820.0,,899.0
566.0,0.0,,524.0,-373.0,110.0,539.0,659.0,,813.0
500.0,-97.0,,498.0,-336.0,357.0,556.0,735.0,,715.0
502.0,-247.0,,478.0,-267.0,331.0,578.0,576.0,,600.0
505.0,-397.0,,452.0,-193.0,187.0,584.0,705.0,,492.0
546.0,-485.0,,449.0,-188.0,157.0,574.0,811.0,,387.0
567.0,-561.0,,461.0,-166.0,202.0,553.0,761.0,,318.0
543.0,-701.0,,427.0,-112.0,238.0,551.0,949.0,,261.0
523.0,-776.0,,409.0,-79.0,202.0,564.0,881.0,,234.0
488.0,-722.0,,436.0,-30.0,212.0,582.0,1106.0,,233.0
513.0,-620.0,,443.0,1.0,331.0,594.0,1079.0,,223.0
488.0,-531.0,,448.0,-39.0,294.0,598.0,1084.0,,237.0
410.0,-435.0,,461.0,-66.0,223.0,589.0,1180.0,,246.0
355.0,-259.0,,437.0,-77.0,220.0,570.0,1108.0,,241.0
342.0,-109.0,,429.0,-127.0,118.0,608.0,1304.0,,235.0
311.0,-74.0,,451.0,-142.0,41.0,662.0,1130.0,,217.0
221.0,-73.0,,453.0,-158.0,-103.0,702.0,1258.0,,166.0
203.0,-6.0,,446.0,-201.0,-401.0,739.0,1252.0,,87.0
196.0,72.0,,442.0,-174.0,-661.0,759.0,1116.0,,18.0
170.0,99.0,,432.0,-138.0,-600.0,766.0,1226.0,,-69.0
172.0,154.0,,432.0,-118.0,-323.0,754.0,907.0,,-146.0
120.0,201.0,,437.0,-79.0,-306.0,737.0,857.0,,-200.0
47.0,219.0,,406.0,-103.0,-544.0,707.0,663.0,,-254.0
31.0,208.0,,359.0,-164.0,-724.0,712.0,561.0,,-282.0
51.0,156.0,,302.0,-170.0,-757.0,731.0,569.0,,-296.0
41.0,103.0,,256.0,-178.0,-833.0,738.0,393.0,,-313.0
34.0,66.0,,236.0,-224.0,-967.0,746.0,437.0,,-345.0
80.0,25.0,,219.0,-239.0,-1103.0,716.0,190.0,,-385.0
113.0,-65.0,,210.0,-260.0,-1106.0,714.0,203.0,,-421.0
144.0,-121.0,,187.0,-270.0,-977.0,726.0,72.0,,-461.0
124.0,-126.0,,190.0,-254.0,-1045.0,744.0,-59.0,,-503.0
114.0,-99.0,,218.0,-285.0,-1147.0,771.0,44.0,,-548.0
188.0,-77.0,,207.0,-281.0,-1154.0,755.0,-206.0,,-572.0
223.0,-72.0,,212.0,-217.0,-1116.0,748.0,-181.0,,-576.0
203.0,-39.0,,227.0,-184.0,-1097.0,747.0,-376.0,,-568.0
158.0,-27.0,,214.0,-190.0,-1175.0,760.0,-415.0,,-538.0
175.0,-1.0,,207.0,-195.0,-1185.0,779.0,-332.0,,-472.0
205.0,45.0,,239.0,-165.0,-1209.0,782.0,-349.0,,-371.0
203.0,97.0,,282.0,-63.0,-1335.0,786.0,-175.0,,-276.0
187.0,151.0,,299.0,89.0,-1489.0,795.0,-332.0,,-181.0
187.0,168.0,,300.0,198.0,-1512.0,808.0,-221.0,,-103.0
238.0,151.0,,276.0,274.0,-1354.0,808.0,-280.0,,-41.0
223.0,139.0,,279.0,318.0,-1287.0,834.0,-216.0,,27.0
219.0,120.0,,265.0,319.0,-1254.0,852.0,-16.0,,82.0
206.0,50.0,,220.0,347.0,-1099.0,861.0,-84.0,,125.0
194.0,-21.0,,236.0,380.0,-973.0,880.0,254.0,,145.0
235.0,-28.0,,238.0,396.0,-903.0,880.0,249.0,,144.0
225.0,16.0,,246.0,411.0,-936.0,872.0,303.0,,130.0
199.0,41.0,,257.0,390.0,-1060.0,843.0,197.0,,112.0
160.0,32.0,,260.0,318.0,-1108.0,830.0,-94.0,,90.0
194.0,69.0,,271.0,249.0,-1018.0,844.0,-99.0,,58.0
227.0,183.0,,264.0,215.0,-840.0,874.0,-339.0,,33.0
155.0,281.0,,302.0,183.0,-717.0,900.0,-251.0,,16.0
162.0,300.0,,287.0,182.0,-614.0,899.0,-277.0,,-2.0
206.0,291.0,,256.0,191.0,-479.0,889.0,-205.0,,-15.0
182.0,282.0,,259.0,177.0,-352.0,857.0,-70.0,,-34.0
198.0,232.0,,239.0,150.0,-419.0,841.0,-125.0,,-56.0
259.0,114.0,,217.0,59.0,-540.0,828.0,97.0,,-67.0
252.0,-8.0,,193.0,-24.0,-471.0,827.0,66.0,,-78.0
217.0,-52.0,,185.0,-31.0,-537.0,833.0,295.0,,-84.0
293.0,-48.0,,179.0,-48.0,-612.0,808.0,388.0,,-73.0
379.0,-107.0,,201.0,-67.0,-525.0,779.0,304.0,,-49.0
359.0,-239.0,,225.0,-46.0,-230.0,744.0,282.0,,-24.0
375.0,-346.0,,219.0,-41.0,121.0,728.0,-118.0,,-2.0
409.0,-378.0,,238.0,-43.0,167.0,730.0,-258.0,,3.0
440.0,-361.0,,243.0,-26.0,82.0,737.0,-428.0,,-4.0
450.0,-317.0,,231.0,-48.0,104.0,731.0,-336.0,,-13.0
403.0,-223.0,,219.0,-55.0,253.0,694.0,-155.0,,-30.0
406.0,-115.0,,173.0,-35.0,270.0,661.0,-48.0,,-33.0
414.0,-69.0,,164.0,-79.0,215.0,638.0,230.0,,-15.0
467.0,-77.0,,186.0,-111.0,173.0,637.0,214.0,,-18.0
414.0,-98.0,,216.0,-121.0,136.0,653.0,400.0,,-38.0
357.0,-96.0,,258.0,-156.0,198.0,654.0,282.0,,-72.0
418.0,-89.0,,226.0,-161.0,367.0,657.0,199.0,,-123.0
407.0,-72.0,,196.0,-176.0,447.0,648.0,266.0,,-163.0
385.0,-12.0,,202.0,-203.0,355.0,626.0,134.0,,-188.0
312.0,89.0,,206.0,-176.0,563.0,627.0,314.0,,-189.0
353.0,153.0,,207.0,-166.0,782.0,613.0,160.0,,-176.0
317.0,99.0,,193.0,-201.0,665.0,589.0,112.0,,-175.0
245.0,47.0,,190.0,-174.0,420.0,554.0,-33.0,,-176.0
310.0,88.0,,178.0,-141.0,394.0,504.0,-299.0,,-187.0
323.0,189.0,,147.0,-144.0,622.0,467.0,-332.0,,-228.0
372.0,264.0,,112.0,-108.0,525.0,435.0,-437.0,,-276.0
368.0,288.0,,112.0,-71.0,252.0,406.0,-136.0,,-323.0
376.0,303.0,,126.0,-10.0,217.0,409.0,-25.0,,-366.0
366.0,251.0,,92.0,71.0,298.0,422.0,142.0,,-379.0
411.0,90.0,,76.0,61.0,314.0,396.0,160.0,,-393.0
462.0,-79.0,,82.0,52.0,281.0,395.0,-64.0,,-415.0
453.0,-169.0,,63.0,84.0,252.0,372.0,24.0,,-419.0
447.0,-191.0,,55.0,59.0,291.0,307.0,-192.0,,-391.0
429.0,-196.0,,41.0,53.0,359.0,263.0,-77.0,,-365.0
467.0,-235.0,,50.0,71.0,257.0,211.0,16.0,,-351.0
481.0,-254.0,,67.0,71.0,139.0,183.0,121.0,,-316.0
508.0,-221.0,,61.0,114.0,139.0,182.0,360.0,,-289.0
487.0,-224.0,,54.0,141.0,210.0,186.0,269.0,,-270.0
523.0,-254.0,,40.0,146.0,295.0,174.0,426.0,,-263.0
556.0,-212.0,,44.0,182.0,274.0,151.0,284.0,,-276.0
540.0,-104.0,,34.0,163.0,217.0,148.0,327.0,,-292.0
571.0,12.0,,25.0,117.0,134.0,154.0,447.0,,-300.0
591.0,125.0,,34.0,132.0,141.0,179.0,524.0,,-299.0
596.0,208.0,,24.0,113.0,176.0,211.0,870.0,,-304.0
622.0,273.0,,0.0,79.0,-134.0,233.0,896.0,,-309.0
649.0,305.0,,-19.0,106.0,-561.0,242.0,1169.0,,-303.0
605.0,322.0,,-28.0,96.0,-678.0,219.0,1134.0,,-282.0
618.0,373.0,,-34.0,90.0,-532.0,174.0,1075.0,,-265.0
630.0,404.0,,-42.0,110.0,-444.0,132.0,1034.0,,-269.0
662.0,356.0,,-68.0,56.0,-386.0,95.0,752.0,,-288.0
584.0,215.0,,-58.0,11.0,-175.0,97.0,855.0,,-297.0
579.0,63.0,,-37.0,-1.0,179.0,118.0,585.0,,-291.0
652.0,-5.0,,-24.0,-30.0,557.0,136.0,476.0,,-306.0
588.0,46.0,,-19.0,-8.0,611.0,154.0,277.0,,-334.0
538.0,124.0,,-42.0,26.0,363.0,138.0,68.0,,-367.0
461.0,120.0,,-34.0,10.0,258.0,118.0,179.0,,-395.0
537.0,78.0,,-66.0,13.0,315.0,91.0,-25.0,,-426.0
460.0,56.0,,-97.0,24.0,198.0,57.0,60.0,,-469.0
374.0,57.0,,-110.0,31.0,-23.0,48.0,-155.0,,-492.0
392.0,0.0,,-138.0,73.0,-111.0,47.0,-254.0,,-485.0
367.0,-70.0,,-138.0,52.0,-67.0,48.0,-184.0,,-437.0
332.0,-86.0,,-141.0,6.0,-42.0,10.0,-360.0,,-374.0
203.0,-89.0,,-138.0,15.0,-133.0,-75.0,-179.0,,-314.0
212.0,-84.0,,-154.0,-23.0,-144.0,-125.0,-240.0,,-246.0
178.0,-79.0,,-149.0,-52.0,-29.0,-146.0,-109.0,,-160.0
144.0,-40.0,,-160.0,-20.0,72.0,-165.0,-94.0,,-67.0
67.0,-32.0,,-170.0,-21.0,120.0,-172.0,-160.0,,-5.0
42.0,-84.0,,-159.0,-8.0,37.0,-205.0,-83.0,,43.0
35.0,-130.0,,-179.0,3.0,31.0,-230.0,-303.0,,108.0
-38.0,-105.0,,-180.0,-51.0,150.0,-240.0,-145.0,,173.0
-52.0,16.0,,-174.0,-62.0,103.0,-255.0,-184.0,,251.0
-97.0,124.0,,-162.0,-48.0,-58.0,-257.0,-64.0,,310.0
-50.0,159.0,,-161.0,-57.0,-103.0,-262.0,53.0,,324.0
-140.0,146.0,,-152.0,-7.0,21.0,-250.0,-105.0,,343.0
-200.0,154.0,,-163.0,24.0,68.0,-224.0,99.0,,366.0
-192.0,130.0,,-215.0,17.0,65.0,-227.0,18.0,,357.0
-181.0,82.0,,-241.0,57.0,70.0,-233.0,164.0,,343.0
-202.0,81.0,,-274.0,57.0,19.0,-257.0,184.0,,334.0
-258.0,81.0,,-315.0,52.0,-11.0,-285.0,140.0,,326.0
-182.0,94.0,,-362.0,125.0,-183.0,-287.0,254.0,,340.0
-242.0,117.0,,-408.0,166.0,-416.0,-300.0,22.0,,352.0
-219.0,243.0,,-417.0,221.0,-544.0,-318.0,16.0,,358.0
-182.0,455.0,,-438.0,298.0,-498.0,-348.0,-210.0,,379.0
-184.0,600.0,,-458.0,298.0,-450.0,-358.0,-216.0,,399.0
-139.0,649.0,,-432.0,281.0,-538.0,-352.0,-123.0,,417.0
-140.0,641.0,,-422.0,250.0,-586.0,-362.0,-199.0,,422.0
-103.0,617.0,,-427.0,177.0,-440.0,-374.0,-92.0,,387.0
-168.0,527.0,,-415.0,166.0,-63.0,-402.0,-182.0,,345.0
-130.0,367.0,,-410.0,180.0,227.0,-417.0,107.0,,331.0
-87.0,161.0,,-403.0,147.0,242.0,-440.0,192.0,,321.0
-74.0,-10.0,,-393.0,141.0,-25.0,-456.0,168.0,,295.0
-43.0,-104.0,,-371.0,121.0,-137.0,-456.0,114.0,,259.0
-71.0,-164.0,,-342.0,85.0,-40.0,-458.0,-219.0,,213.0
-20.0,-161.0,,-348.0,82.0,-205.0,-462.0,-238.0,,153.0
-41.0,-120.0,,-356.0,28.0,-419.0,-488.0,-445.0,,100.0
-58.0,-46.0,,-359.0,-26.0,-436.0,-507.0,-434.0,,35.0
-77.0,2.0,,-366.0,-28.0,-222.0,-536.0,-498.0,,-29.0
-18.0,-2.0,,-338.0,-46.0,-25.0,-567.0,-618.0,,-54.0
0.0,24.0,,-336.0,-16.0,240.0,-606.0,-559.0,,-82.0
-29.0,55.0,,-342.0,42.0,792.0,-617.0,-720.0,,-101.0
0.0,35.0,,-351.0,18.0,1288.0,-598.0,-556.0,,-97.0
0.0,12.0,,-403.0,0.0,1528.0,-600.0,-628.0,,-83.0
16.0,66.0,,-397.0,-23.0,1700.0,-605.0,-596.0,,-51.0
-15.0,156.0,,-378.0,-104.0,1971.0,-632.0,-541.0,,-21.0
80.0,189.0,,-396.0,-146.0,2086.0,-635.0,-615.0,,-3.0
71.0,176.0,,-391.0,-171.0,2037.0,-643.0,-456.0,,1.0
56.0,159.0,,-384.0,-173.0,1889.0,-648.0,-648.0,,7.0
49.0,101.0,,-404.0,-107.0,1757.0,-660.0,-606.0,,19.0
72.0,-5.0,,-415.0,-58.0,1850.0,-710.0,-764.0,,15.0
104.0,-101.0,,-401.0,-42.0,1873.0,-719.0,-942.0,,-3.0
-16.0,-104.0,,-418.0,-8.0,1813.0,-709.0,-955.0,,-23.0
9.0,0.0,,-412.0,7.0,1920.0,-693.0,-1197.0,,-30.0
-21.0,84.0,,-389.0,46.0,1942.0,-693.0,-1088.0,,-25.0
-22.0,110.0,,-387.0,99.0,1861.0,-699.0,-1237.0,,-26.0
-83.0,116.0,,-384.0,81.0,2024.0,-703.0,-1114.0,,-18.0
-67.0,136.0,,-366.0,64.0,2189.0,-713.0,-1001.0,,0.0
-40.0,162.0,,-358.0,28.0,2205.0,-728.0,-1106.0,,19.0
-87.0,154.0,,-373.0,-57.0,2197.0,-733.0,-962.0,,33.0
-51.0,120.0,,-371.0,-69.0,2345.0,-733.0,-1213.0,,49.0
-80.0,87.0,,-397.0,-70.0,2539.0,-754.0,-1149.0,,80.0
-43.0,58.0,,-411.0,-103.0,2324.0,-777.0,-1171.0,,119.0
-70.0,-19.0,,-418.0,-68.0,2108.0,-795.0,-1152.0,,175.0
-37.0,-65.0,,-428.0,-39.0,2138.0,-820.0,-947.0,,216.0
-49.0,-21.0,,-442.0,-46.0,2180.0,-835.0,-1032.0,,271.0
18.0,17.0,,-474.0,-31.0,2005.0,-826.0,-866.0,,361.0
52.0,-8.0,,-493.0,-53.0,1735.0,-813.0,-971.0,,451.0
76.0,-50.0,,-512.0,-72.0,1709.0,-811.0,-873.0,,548.0
117.0,-15.0,,-469.0,-65.0,1713.0,-824.0,-764.0,,636.0
70.0,5.0,,-439.0,-93.0,1711.0,-845.0,-803.0,,726.0
190.0,-67.0,,-396.0,-75.0,1633.0,-865.0,-624.0,,828.0
165.0,-155.0,,-329.0,-14.0,1672.0,-878.0,-731.0,,932.0
249.0,-188.0,,-295.0,0.0,1855.0,-872.0,-622.0,,995.0
236.0,-141.0,,-266.0,26.0,2006.0,-859.0,-696.0,,1030.0
215.0,-66.0,,-276.0,44.0,2241.0,-869.0,-798.0,,1051.0
313.0,18.0,,-290.0,34.0,2212.0,-876.0,-907.0,,1041.0
297.0,65.0,,-325.0,83.0,2065.0,-874.0,-1191.0,,1012.0
325.0,109.0,,-365.0,112.0,1926.0,-882.0,-1128.0,,919.0
310.0,174.0,,-396.0,100.0,1846.0,-895.0,-1165.0,,801.0
398.0,182.0,,-451.0,124.0,1813.0,-908.0,-955.0,,688.0
376.0,157.0,,-498.0,106.0,1560.0,-878.0,-929.0,,571.0
334.0,104.0,,-547.0,84.0,1567.0,-830.0,-1117.0,,434.0
341.0,63.0,,-576.0,137.0,1788.0,-796.0,-1237.0,,286.0
299.0,59.0,,-564.0,187.0,1788.0,-772.0,-1537.0,,170.0
184.0,124.0,,-566.0,249.0,1588.0,-765.0,-1561.0,,73.0
176.0,270.0,,-548.0,320.0,1371.0,-767.0,-1812.0,,-1.0
258.0,430.0,,-525.0,314.0,1298.0,-755.0,-1855.0,,-71.0
164.0,536.0,,-532.0,293.0,1207.0,-744.0,-1906.0,,-128.0
123.0,522.0,,-519.0,277.0,943.0,-717.0,-2135.0,,-151.0
91.0,481.0,,-473.0,231.0,636.0,-682.0,-2145.0,,-145.0
169.0,433.0,,-429.0,224.0,573.0,-670.0,-2346.0,,-136.0
138.0,352.0,,-394.0,216.0,613.0,-654.0,-2095.0,,-148.0
118.0,294.0,,-356.0,182.0,424.0,-627.0,-1984.0,,-163.0
181.0,219.0,,-321.0,197.0,158.0,-589.0,-1866.0,,-170.0
166.0,160.0,,-316.0,169.0,94.0,-573.0,-1705.0,,-161.0
221.0,149.0,,-316.0,88.0,102.0,-578.0,-1853.0,,-172.0
190.0,158.0,,-347.0,31.0,-160.0,-592.0,-1716.0,,-206.0
229.0,155.0,,-424.0,-39.0,-574.0,-605.0,-1901.0,,-235.0
193.0,160.0,,-441.0,-76.0,-868.0,-596.0,-1807.0,,-250.0
263.0,172.0,,-448.0,-82.0,-892.0,-568.0,-1729.0,,-223.0
285.0,104.0,,-466.0,-125.0,-699.0,-525.0,-1694.0,,-197.0
210.0,8.0,,-475.0,-121.0,-525.0,-504.0,-1406.0,,-179.0
307.0,-32.0,,-452.0,-76.0,-296.0,-478.0,-1590.0,,-119.0
318.0,-33.0,,-402.0,-105.0,-8.0,-440.0,-1542.0,,-48.0
339.0,-51.0,,-387.0,-138.0,110.0,-410.0,-1718.0,,27.0
279.0,-98.0,,-358.0,-145.0,76.0,-387.0,-1840.0,,107.0
292.0,-165.0,,-330.0,-167.0,-67.0,-381.0,-1823.0,,175.0
332.0,-233.0,,-268.0,-128.0,-239.0,-382.0,-1895.0,,236.0
357.0,-282.0,,-220.0,-59.0,-377.0,-377.0,-1537.0,,275.0
351.0,-288.0,,-194.0,3.0,-491.0,-362.0,-1483.0,,292.0
297.0,-192.0,,-159.0,86.0,-532.0,-335.0,-1284.0,,275.0
354.0,-69.0,,-176.0,134.0,-580.0,-269.0,-1223.0,,253.0
391.0,9.0,,-165.0,155.0,-484.0,-227.0,-1256.0,,252.0
427.0,94.0,,-133.0,183.0,-254.0,-213.0,-1145.0,,239.0
363.0,178.0,,-139.0,169.0,-132.0,-203.0,-1236.0,,218.0
381.0,242.0,,-145.0,151.0,-168.0,-203.0,-940.0,,175.0
406.0,328.0,,-148.0,161.0,-304.0,-168.0,-905.0,,122.0
369.0,384.0,,-177.0,142.0,-363.0,-144.0,-824.0,,81.0
350.0,374.0,,-199.0,141.0,-413.0,-121.0,-763.0,,17.0
328.0,306.0,,-183.0,153.0,-531.0,-104.0,-957.0,,-41.0
312.0,176.0,,-173.0,127.0,-642.0,-107.0,-977.0,,-106.0
251.0,39.0,,-134.0,122.0,-521.0,-109.0,-1267.0,,-178.0
281.0,-87.0,,-102.0,136.0,-310.0,-121.0,-1322.0,,-241.0
243.0,-159.0,,-93.0,121.0,-382.0,-89.0,-1428.0,,-325.0
186.0,-168.0,,-13.0,107.0,-442.0,-46.0,-1396.0,,-368.0
116.0,-156.0,,36.0,89.0,-143.0,-23.0,-1245.0,,-388.0
109.0,-164.0,,64.0,75.0,348.0,7.0,-1330.0,,-401.0
89.0,-187.0,,143.0,120.0,483.0,13.0,-1125.0,,-390.0
26.0,-198.0,,185.0,148.0,156.0,27.0,-1186.0,,-381.0
2.0,-204.0,,178.0,126.0,-114.0,63.0,-1051.0,,-338.0
-61.0,-208.0,,155.0,118.0,-225.0,67.0,-901.0,,-261.0
-44.0,-206.0,,125.0,103.0,-417.0,52.0,-909.0,,-152.0
-105.0,-143.0,,96.0,67.0,-678.0,37.0,-776.0,,-42.0
-110.0,-42.0,,79.0,25.0,-1006.0,15.0,-914.0,,60.0
-160.0,122.0,,27.0,-40.0,-1164.0,-7.0,-896.0,,183.0
-159.0,342.0,,-4.0,-98.0,-995.0,-11.0,-1064.0,,302.0
-173.0,483.0,,16.0,-136.0,-917.0,-8.0,-1073.0,,418.0
-263.0,524.0,,26.0,-185.0,-1062.0,10.0,-1051.0,,508.0
-199.0,486.0,,67.0,-180.0,-1141.0,57.0,-1226.0,,583.0
-257.0,354.0,,123.0,-139.0,-1042.0,85.0,-1127.0,,673.0
-244.0,148.0,,180.0,-138.0,-994.0,115.0,-1221.0,,756.0
-317.0,20.0,,231.0,-104.0,-1120.0,132.0,-1053.0,,827.0
-317.0,-36.0,,242.0,-35.0,-1264.0,141.0,-981.0,,864.0
-290.0,-105.0,,258.0,14.0,-1141.0,147.0,-931.0,,888.0
-344.0,-175.0,,250.0,82.0,-848.0,124.0,-742.0,,913.0
-343.0,-219.0,,223.0,123.0,-592.0,125.0,-770.0,,921.0
-434.0,-217.0,,192.0,107.0,-394.0,135.0,-491.0,,911.0
-290.0,-158.0,,108.0,97.0,-267.0,129.0,-484.0,,873.0
-295.0,0.0,,15.0,62.0,29.0,138.0,-406.0,,841.0
-315.0,186.0,,-41.0,19.0,267.0,156.0,-338.0,,812.0
-393.0,339.0,,-86.0,9.0,237.0,158.0,-469.0,,773.0
-395.0,412.0,,-145.0,-37.0,104.0,149.0,-351.0,,735.0
-264.0,426.0,,-175.0,-67.0,-90.0,143.0,-410.0,,678.0
-368.0,406.0,,-161.0,-36.0,-208.0,165.0,-242.0,,650.0
-285.0,335.0,,-159.0,-27.0,-331.0,201.0,-256.0,,631.0
-351.0,246.0,,-130.0,-30.0,-623.0,216.0,-223.0,,598.0
-268.0,134.0,,-101.0,-30.0,-1039.0,202.0,44.0,,563.0
-285.0,49.0,,-87.0,-33.0,-1439.0,171.0,105.0,,521.0
-312.0,-10.0,,-14.0,22.0,-1617.0,150.0,412.0,,496.0
-206.0,-9.0,,35.0,71.0,-1583.0,151.0,375.0,,471.0
-303.0,-19.0,,69.0,53.0,-1598.0,169.0,473.0,,445.0
-201.0,-66.0,,127.0,72.0,-1577.0,188.0,593.0,,419.0
-322.0,-70.0,,181.0,126.0,-1403.0,204.0,478.0,,398.0
-273.0,-73.0,,217.0,158.0,-1223.0,202.0,548.0,,395.0
-306.0,-51.0,,213.0,190.0,-1145.0,188.0,310.0,,399.0
-340.0,-57.0,,212.0,178.0,-1129.0,177.0,327.0,,411.0
-288.0,-72.0,,190.0,155.0,-1007.0,184.0,192.0,,425.0
-357.0,-81.0,,158.0,182.0,-732.0,200.0,75.0,,468.0
-276.0,-90.0,,152.0,166.0,-491.0,194.0,66.0,,531.0
-403.0,-107.0,,134.0,114.0,-455.0,216.0,-136.0,,585.0
-355.0,-129.0,,123.0,85.0,-438.0,251.0,59.0,,645.0
-373.0,-95.0,,137.0,26.0,-354.0,264.0,-70.0,,695.0
-336.0,-36.0,,140.0,-7.0,-390.0,275.0,-53.0,,744.0
-327.0,30.0,,155.0,7.0,-568.0,244.0,-138.0,,782.0
-341.0,44.0,,206.0,13.0,-742.0,211.0,-306.0,,778.0
-248.0,65.0,,249.0,24.0,-853.0,207.0,-138.0,,764.0
-299.0,73.0,,273.0,10.0,-946.0,208.0,-223.0,,723.0
-228.0,17.0,,302.0,-43.0,-999.0,221.0,57.0,,660.0
-305.0,-20.0,,352.0,-50.0,-1000.0,235.0,134.0,,580.0
-270.0,-44.0,,379.0,-31.0,-944.0,251.0,269.0,,472.0
-279.0,-70.0,,353.0,-43.0,-915.0,253.0,362.0,,362.0
-286.0,-96.0,,328.0,-11.0,-900.0,252.0,273.0,,288.0
-317.0,-115.0,,331.0,62.0,-932.0,234.0,456.0,,245.0
-373.0,-171.0,,315.0,125.0,-981.0,213.0,306.0,,215.0
-272.0,-241.0,,305.0,193.0,-893.0,222.0,458.0,,213.0
-324.0,-279.0,,360.0,199.0,-951.0,223.0,413.0,,224.0
-293.0,-290.0,,398.0,107.0,-1058.0,235.0,367.0,,251.0
-341.0,-263.0,,358.0,8.0,-1069.0,235.0,447.0,,284.0
-329.0,-180.0,,348.0,-95.0,-934.0,233.0,258.0,,315.0
-333.0,-50.0,,348.0,-171.0,-653.0,242.0,402.0,,359.0
-340.0,63.0,,331.0,-178.0,-457.0,254.0,332.0,,415.0
-321.0,140.0,,363.0,-201.0,-273.0,278.0,426.0,,477.0
-399.0,193.0,,401.0,-202.0,-228.0,259.0,439.0,,525.0
-289.0,257.0,,387.0,-147.0,-72.0,238.0,363.0,,548.0
-305.0,312.0,,366.0,-119.0,128.0,244.0,522.0,,543.0
-286.0,355.0,,397.0,-78.0,70.0,274.0,454.0,,532.0
-286.0,426.0,,415.0,-9.0,8.0,319.0,678.0,,510.0
-296.0,450.0,,395.0,3.0,-73.0,330.0,711.0,,477.0
-157.0,385.0,,396.0,9.0,-15.0,324.0,763.0,,444.0
-241.0,330.0,,437.0,57.0,-91.0,327.0,888.0,,418.0
-127.0,278.0,,471.0,77.0,-333.0,339.0,796.0,,409.0
-77.0,171.0,,479.0,82.0,-331.0,332.0,931.0,,407.0
-123.0,41.0,,467.0,57.0,-341.0,327.0,781.0,,412.0
-50.0,-112.0,,456.0,-25.0,-434.0,308.0,792.0,,419.0
-91.0,-257.0,,457.0,-82.0,-469.0,266.0,702.0,,449.0
15.0,-373.0,,450.0,-138.0,-362.0,257.0,474.0,,493.0
-133.0,-496.0,,459.0,-223.0,-196.0,246.0,389.0,,553.0
5.0,-546.0,,458.0,-240.0,106.0,238.0,25.0,,613.0
46.0,-504.0,,496.0,-224.0,428.0,254.0,38.0,,652.0
27.0,-437.0,,526.0,-205.0,494.0,269.0,-14.0,,702.0
75.0,-368.0,,536.0,-118.0,665.0,255.0,149.0,,733.0
-91.0,-276.0,,537.0,-38.0,959.0,188.0,380.0,,730.0
171.0,-159.0,,512.0,-5.0,1166.0,122.0,378.0,,696.0
-51.0,-117.0,,554.0,47.0,1152.0,89.0,541.0,,651.0
97.0,-167.0,,602.0,71.0,855.0,61.0,254.0,,611.0
19.0,-264.0,,611.0,50.0,570.0,33.0,171.0,,565.0
46.0,-347.0,,601.0,35.0,595.0,-4.0,-24.0,,528.0
165.0,-397.0,,604.0,-5.0,611.0,-35.0,-142.0,,508.0
-54.0,-470.0,,578.0,-34.0,254.0,-38.0,60.0,,498.0
277.0,-500.0,,522.0,-28.0,-77.0,-39.0,116.0,,497.0
24.0,-462.0,,525.0,-66.0,-217.0,-29.0,386.0,,484.0
312.0,-369.0,,499.0,-118.0,-282.0,-21.0,181.0,,452.0
68.0,-288.0,,442.0,-137.0,-374.0,-9.0,84.0,,420.0
175.0,-253.0,,377.0,-157.0,-381.0,-5.0,-42.0,,392.0
274.0,-176.0,,341.0,-178.0,-163.0,-37.0,-264.0,,357.0
23.0,-94.0,,336.0,-181.0,0.0,-75.0,-164.0,,325.0
294.0,-72.0,,294.0,-180.0,20.0,-123.0,-327.0,,312.0
-70.0,-127.0,,270.0,-135.0,25.0,-157.0,-140.0,,321.0
290.0,-175.0,,266.0,-52.0,107.0,-183.0,-157.0,,345.0
-28.0,-182.0,,253.0,-1.0,254.0,-209.0,-133.0,,379.0
178.0,-202.0,,242.0,45.0,287.0,-239.0,-14.0,,424.0
79.0,-206.0,,215.0,68.0,98.0,-262.0,-140.0,,468.0
-105.0,-176.0,,204.0,29.0,-139.0,-272.0,118.0,,516.0
208.0,-139.0,,199.0,-1.0,-288.0,-313.0,46.0,,576.0
-129.0,-155.0,,177.0,6.0,-477.0,-359.0,169.0,,626.0
210.0,-201.0,,178.0,24.0,-744.0,-380.0,267.0,,660.0
-146.0,-240.0,,202.0,42.0,-900.0,-384.0,279.0,,689.0
145.0,-232.0,,237.0,50.0,-848.0,-383.0,497.0,,715.0
-90.0,-158.0,,248.0,25.0,-614.0,-402.0,417.0,,722.0
-90.0,-160.0,,246.0,0.0,-444.0,-427.0,685.0,,699.0
80.0,-200.0,,273.0,-5.0,-586.0,-437.0,737.0,,651.0
-100.0,-155.0,,289.0,-17.0,-676.0,-430.0,827.0,,586.0
203.0,-54.0,,284.0,-5.0,-557.0,-434.0,855.0,,535.0
-224.0,74.0,,263.0,15.0,-736.0,-440.0,624.0,,498.0
142.0,199.0,,236.0,25.0,-1161.0,-445.0,694.0,,450.0
-200.0,312.0,,214.0,68.0,-1369.0,-470.0,526.0,,407.0
29.0,398.0,,208.0,117.0,-1509.0,-475.0,646.0,,388.0
-43.0,448.0,,212.0,128.0,-1719.0,-487.0,635.0,,385.0
-135.0,482.0,,221.0,112.0,-1992.0,-499.0,620.0,,407.0
19.0,487.0,,240.0,96.0,-2243.0,-487.0,811.0,,451.0
-292.0,436.0,,289.0,65.0,-2294.0,-487.0,783.0,,519.0
94.0,333.0,,324.0,47.0,-2370.0,-479.0,1047.0,,595.0
-396.0,218.0,,349.0,37.0,-2471.0,-473.0,1043.0,,658.0
-9.0,98.0,,395.0,-24.0,-2378.0,-465.0,1075.0,,718.0
-357.0,-5.0,,397.0,-68.0,-2049.0,-445.0,910.0,,752.0
-204.0,-78.0,,397.0,-89.0,-1636.0,-419.0,541.0,,767.0
-192.0,-172.0,,399.0,-108.0,-1333.0,-413.0,406.0,,766.0
-398.0,-283.0,,382.0,-64.0,-1064.0,-428.0,49.0,,736.0
-155.0,-381.0,,385.0,-27.0,-868.0,-438.0,22.0,,676.0
-633.0,-413.0,,385.0,-63.0,-703.0,-452.0,-160.0,,597.0
-146.0,-361.0,,371.0,-94.0,-446.0,-474.0,-168.0,,515.0
-612.0,-265.0,,369.0,-139.0,-361.0,-493.0,55.0,,444.0
-331.0,-136.0,,365.0,-244.0,-569.0,-494.0,83.0,,363.0
-545.0,-20.0,,364.0,-323.0,-980.0,-487.0,389.0,,290.0
-520.0,-2.0,,385.0,-362.0,-1366.0,-476.0,388.0,,228.0
-452.0,-98.0,,398.0,-360.0,-1579.0,-472.0,511.0,,174.0
-754.0,-202.0,,368.0,-277.0,-1723.0,-503.0,578.0,,149.0
-427.0,-276.0,,341.0,-207.0,-1857.0,-514.0,559.0,,129.0
-828.0,-332.0,,357.0,-177.0,-1951.0,-493.0,646.0,,135.0
-504.0,-321.0,,320.0,-102.0,-1830.0,-488.0,600.0,,175.0
-801.0,-277.0,,300.0,-39.0,-1776.0,-469.0,827.0,,221.0
-577.0,-197.0,,327.0,-5.0,-1836.0,-473.0,657.0,,269.0
-689.0,-78.0,,301.0,40.0,-1720.0,-483.0,637.0,,300.0
-651.0,15.0,,294.0,46.0,-1633.0,-476.0,624.0,,333.0
-560.0,89.0,,311.0,68.0,-1660.0,-470.0,397.0,,374.0
-685.0,106.0,,322.0,123.0,-1763.0,-441.0,515.0,,428.0
-360.0,25.0,,349.0,141.0,-1799.0,-430.0,417.0,,479.0
-532.0,-68.0,,384.0,136.0,-1738.0,-412.0,589.0,,516.0
-277.0,-83.0,,364.0,130.0,-1729.0,-386.0,687.0,,559.0
-513.0,-79.0,,332.0,97.0,-1698.0,-361.0,824.0,,606.0
-256.0,-107.0,,327.0,64.0,-1731.0,-324.0,1055.0,,639.0
-317.0,-175.0,,303.0,74.0,-1915.0,-291.0,999.0,,646.0
-178.0,-252.0,,297.0,57.0,-1991.0,-258.0,1197.0,,639.0
-126.0,-200.0,,283.0,35.0,-2012.0,-244.0,1175.0,,609.0
-199.0,-67.0,,264.0,10.0,-2178.0,-255.0,1302.0,,582.0
-7.0,68.0,,252.0,-46.0,-2343.0,-278.0,1273.0,,546.0
-144.0,187.0,,228.0,-60.0,-2268.0,-305.0,1106.0,,497.0
120.0,279.0,,211.0,-66.0,-2046.0,-310.0,1199.0,,463.0
-96.0,374.0,,221.0,-108.0,-2030.0,-304.0,1040.0,,433.0
122.0,393.0,,227.0,-139.0,-2146.0,-288.0,1164.0,,405.0
6.0,377.0,,203.0,-120.0,-2164.0,-255.0,1014.0,,361.0
36.0,326.0,,221.0,-126.0,-1811.0,-246.0,798.0,,312.0
102.0,197.0,,233.0,-154.0,-1391.0,-221.0,630.0,,250.0
67.0,19.0,,216.0,-187.0,-1318.0,-182.0,399.0,,198.0
160.0,-171.0,,214.0,-262.0,-1201.0,-168.0,585.0,,148.0
-51.0,-267.0,,213.0,-298.0,-1047.0,-147.0,572.0,,78.0
181.0,-322.0,,190.0,-300.0,-1021.0,-129.0,816.0,,9.0
41.0,-391.0,,143.0,-324.0,-1085.0,-142.0,909.0,,-67.0
102.0,-421.0,,127.0,-344.0,-1192.0,-168.0,920.0,,-126.0
1.0,-376.0,,86.0,-342.0,-1179.0,-201.0,982.0,,-189.0
19.0,-256.0,,24.0,-335.0,-1137.0,-214.0,672.0,,-252.0
122.0,-114.0,,0.0,-288.0,-1249.0,-190.0,746.0,,-295.0
-36.0,63.0,,-27.0,-207.0,-1419.0,-169.0,565.0,,-334.0
82.0,274.0,,-41.0,-168.0,-1473.0,-140.0,589.0,,-362.0
-37.0,386.0,,-47.0,-136.0,-1347.0,-119.0,642.0,,-401.0
19.0,363.0,,-54.0,-103.0,-1194.0,-109.0,437.0,,-456.0
-96.0,290.0,,-57.0,-64.0,-1310.0,-84.0,589.0,,-523.0
-164.0,222.0,,-54.0,25.0,-1396.0,-70.0,404.0,,-593.0
-67.0,150.0,,-31.0,101.0,-1266.0,-70.0,509.0,,-654.0
-109.0,43.0,,-21.0,107.0,-1142.0,-76.0,480.0,,-721.0
-81.0,-50.0,,-6.0,116.0,-1086.0,-91.0,334.0,,-800.0
-256.0,-73.0,,27.0,137.0,-1169.0,-96.0,373.0,,-859.0
-119.0,-61.0,,53.0,120.0,-1237.0,-77.0,293.0,,-901.0
-83.0,-84.0,,69.0,137.0,-1289.0,-58.0,546.0,,-925.0
-172.0,-86.0,,77.0,173.0,-1312.0,-38.0,402.0,,-936.0
-135.0,-51.0,,72.0,181.0,-1234.0,-44.0,522.0,,-957.0
-202.0,-29.0,,69.0,242.0,-1212.0,-71.0,678.0,,-978.0
-49.0,-2.0,,76.0,317.0,-1075.0,-81.0,650.0,,-1003.0
-105.0,51.0,,63.0,350.0,-774.0,-91.0,899.0,,-1028.0
-47.0,166.0,,75.0,385.0,-496.0,-88.0,683.0,,-1047.0
-83.0,214.0,,83.0,364.0,-245.0,-88.0,631.0,,-1055.0
-90.0,142.0,,61.0,281.0,-88.0,-90.0,558.0,,-1036.0
9.0,66.0,,66.0,217.0,58.0,-75.0,576.0,,-998.0
-66.0,83.0,,57.0,128.0,116.0,-73.0,626.0,,-945.0
16.0,146.0,,34.0,44.0,-68.0,-68.0,517.0,,-888.0
-102.0,154.0,,31.0,7.0,-289.0,-88.0,672.0,,-816.0
23.0,184.0,,60.0,-61.0,-409.0,-125.0,668.0,,-737.0
1.0,243.0,,110.0,-110.0,-298.0,-142.0,973.0,,-666.0
-24.0,206.0,,138.0,-123.0,-216.0,-169.0,1108.0,,-595.0
88.0,59.0,,180.0,-185.0,-256.0,-163.0,1249.0,,-542.0
63.0,-79.0,,220.0,-224.0,-32.0,-155.0,1433.0,,-501.0
142.0,-171.0,,245.0,-198.0,379.0,-156.0,1136.0,,-478.0
33.0,-298.0,,250.0,-182.0,648.0,-135.0,1101.0,,-480.0
75.0,-470.0,,241.0,-138.0,562.0,-129.0,916.0,,-471.0
76.0,-585.0,,257.0,-56.0,429.0,-108.0,916.0,,-482.0
130.0,-607.0,,268.0,-20.0,573.0,-102.0,940.0,,-509.0
109.0,-587.0,,247.0,0.0,801.0,-112.0,777.0,,-531.0
92.0,-543.0,,217.0,-3.0,748.0,-124.0,896.0,,-556.0
124.0,-428.0,,197.0,-54.0,467.0,-127.0,881.0,,-568.0
89.0,-276.0,,151.0,-68.0,450.0,-113.0,1066.0,,-584.0
169.0,-184.0,,106.0,-54.0,719.0,-110.0,870.0,,-594.0
109.0,-138.0,,81.0,-59.0,918.0,-96.0,563.0,,-588.0
276.0,-106.0,,34.0,-36.0,852.0,-96.0,460.0,,-559.0
227.0,-31.0,,-1.0,5.0,775.0,-91.0,221.0,,-503.0
255.0,38.0,,-24.0,19.0,953.0,-77.0,373.0,,-444.0
300.0,46.0,,-49.0,16.0,1172.0,-84.0,179.0,,-369.0
230.0,12.0,,-42.0,-21.0,1131.0,-75.0,114.0,,-265.0
282.0,6.0,,-21.0,-73.0,911.0,-51.0,210.0,,-137.0
166.0,-11.0,,-10.0,-70.0,995.0,-41.0,118.0,,-5.0
333.0,-73.0,,-10.0,-55.0,1390.0,-49.0,258.0,,119.0
218.0,-37.0,,-15.0,-63.0,1473.0,-42.0,110.0,,233.0
252.0,34.0,,-13.0,-39.0,1327.0,-37.0,162.0,,325.0
261.0,76.0,,-20.0,-14.0,1371.0,-54.0,147.0,,412.0
150.0,80.0,,-11.0,-22.0,1442.0,-41.0,173.0,,494.0
254.0,63.0,,-17.0,-24.0,1550.0,-21.0,279.0,,557.0
152.0,25.0,,-41.0,-34.0,1563.0,-4.0,157.0,,621.0
244.0,-81.0,,-65.0,-72.0,1467.0,9.0,258.0,,699.0
107.0,-214.0,,-100.0,-95.0,1517.0,-10.0,-9.0,,789.0
84.0,-314.0,,-117.0,-129.0,1654.0,-34.0,-42.0,,870.0
90.0,-277.0,,-141.0,-184.0,1723.0,-51.0,-3.0,,930.0
23.0,-140.0,,-141.0,-195.0,1741.0,-38.0,-16.0,,1005.0
52.0,-22.0,,-126.0,-184.0,1880.0,-4.0,186.0,,1094.0
-14.0,28.0,,-118.0,-168.0,2094.0,35.0,9.0,,1168.0
18.0,119.0,,-102.0,-100.0,2388.0,61.0,101.0,,1228.0
-20.0,280.0,,-89.0,-15.0,2458.0,59.0,131.0,,1261.0
-16.0,348.0,,-82.0,43.0,2294.0,46.0,251.0,,1277.0
23.0,297.0,,-74.0,67.0,2224.0,46.0,312.0,,1289.0
37.0,233.0,,-46.0,48.0,2220.0,77.0,151.0,,1283.0
-27.0,236.0,,-21.0,0.0,2184.0,88.0,242.0,,1254.0
-43.0,203.0,,-29.0,-31.0,1825.0,91.0,107.0,,1212.0
-63.0,129.0,,-38.0,-73.0,1567.0,110.0,312.0,,1156.0
-9.0,112.0,,-55.0,-109.0,1681.0,111.0,380.0,,1081.0
-39.0,208.0,,-95.0,-78.0,1863.0,105.0,423.0,,990.0
-61.0,302.0,,-145.0,-67.0,1894.0,139.0,582.0,,877.0
1.0,271.0,,-200.0,-63.0,1677.0,170.0,339.0,,726.0
13.0,233.0,,-223.0,-25.0,1582.0,188.0,336.0,,560.0
81.0,277.0,,-243.0,-11.0,1543.0,236.0,62.0,,394.0
-20.0,377.0,,-266.0,25.0,1432.0,265.0,-60.0,,206.0
70.0,353.0,,-252.0,85.0,1154.0,286.0,-121.0,,-3.0
34.0,308.0,,-235.0,99.0,724.0,300.0,-397.0,,-235.0
13.0,377.0,,-207.0,88.0,598.0,325.0,-397.0,,-459.0
-12.0,438.0,,-155.0,75.0,623.0,365.0,-611.0,,-671.0
-12.0,416.0,,-98.0,28.0,595.0,369.0,-570.0,,-880.0
97.0,340.0,,-69.0,5.0,594.0,356.0,-604.0,,-1077.0
-39.0,346.0,,-55.0,8.0,733.0,343.0,-604.0,,-1264.0
0.0,325.0,,-50.0,-27.0,1001.0,338.0,-432.0,,-1418.0
-18.0,194.0,,-61.0,-50.0,1091.0,336.0,-443.0,,-1547.0
71.0,17.0,,-82.0,-50.0,1068.0,328.0,-184.0,,-1649.0
-34.0,-72.0,,-125.0,-73.0,1163.0,345.0,-308.0,,-1731.0
-49.0,-24.0,,-152.0,-72.0,1368.0,391.0,-341.0,,-1794.0
75.0,0.0,,-154.0,-49.0,1495.0,433.0,-491.0,,-1811.0
27.0,17.0,,-173.0,-40.0,1563.0,447.0,-846.0,,-1800.0
26.0,115.0,,-220.0,0.0,1695.0,429.0,-787.0,,-1748.0
-95.0,239.0,,-245.0,30.0,1848.0,405.0,-925.0,,-1668.0
39.0,243.0,,-247.0,14.0,1967.0,363.0,-833.0,,-1568.0
31.0,127.0,,-248.0,4.0,1921.0,339.0,-861.0,,-1434.0
41.0,50.0,,-235.0,-26.0,1986.0,368.0,-846.0,,-1270.0
0.0,1.0,,-230.0,-64.0,2128.0,388.0,-763.0,,-1087.0
26.0,-136.0,,-197.0,-42.0,2097.0,393.0,-870.0,,-927.0
88.0,-354.0,,-169.0,-4.0,2081.0,391.0,-787.0,,-766.0
18.0,-424.0,,-169.0,18.0,1987.0,376.0,-977.0,,-613.0
139.0,-343.0,,-169.0,66.0,1754.0,365.0,-892.0,,-468.0
83.0,-352.0,,-158.0,107.0,1385.0,363.0,-864.0,,-340.0
167.0,-412.0,,-157.0,148.0,1068.0,359.0,-748.0,,-261.0
151.0,-383.0,,-179.0,228.0,1022.0,347.0,-522.0,,-201.0
213.0,-282.0,,-159.0,275.0,1056.0,355.0,-672.0,,-159.0
212.0,-216.0,,-159.0,281.0,1112.0,364.0,-585.0,,-130.0
201.0,-203.0,,-198.0,301.0,1170.0,355.0,-890.0,,-115.0
290.0,-145.0,,-203.0,304.0,1092.0,363.0,-997.0,,-115.0
213.0,21.0,,-207.0,301.0,870.0,372.0,-1005.0,,-130.0
321.0,148.0,,-221.0,318.0,676.0,372.0,-1073.0,,-144.0
287.0,138.0,,-201.0,300.0,624.0,380.0,-764.0,,-155.0
354.0,84.0,,-197.0,284.0,688.0,377.0,-779.0,,-194.0
281.0,30.0,,-203.0,279.0,734.0,375.0,-495.0,,-241.0
270.0,-22.0,,-179.0,208.0,663.0,375.0,-428.0,,-291.0
283.0,-132.0,,-186.0,127.0,713.0,378.0,-426.0,,-343.0
202.0,-205.0,,-189.0,85.0,964.0,379.0,-338.0,,-387.0
257.0,-128.0,,-175.0,35.0,1309.0,366.0,-580.0,,-403.0
173.0,29.0,,-143.0,-14.0,1433.0,355.0,-498.0,,-424.0
217.0,137.0,,-96.0,-65.0,1279.0,357.0,-716.0,,-430.0
116.0,190.0,,-103.0,-131.0,1193.0,358.0,-672.0,,-393.0
149.0,304.0,,-94.0,-171.0,968.0,364.0,-567.0,,-364.0
122.0,346.0,,-90.0,-168.0,764.0,391.0,-618.0,,-314.0
62.0,235.0,,-95.0,-161.0,613.0,425.0,-482.0,,-250.0
70.0,32.0,,-76.0,-119.0,371.0,467.0,-746.0,,-202.0
9.0,-94.0,,-83.0,-51.0,223.0,494.0,-772.0,,-131.0
76.0,-89.0,,-116.0,-13.0,139.0,539.0,-1008.0,,-72.0
58.0,-135.0,,-166.0,41.0,139.0,587.0,-1197.0,,-41.0
73.0,-233.0,,-206.0,88.0,152.0,613.0,-1260.0,,-10.0
31.0,-322.0,,-253.0,78.0,332.0,660.0,-1483.0,,18.0
135.0,-343.0,,-302.0,79.0,586.0,699.0,-1295.0,,69.0
149.0,-344.0,,-339.0,98.0,720.0,728.0,-1348.0,,126.0
157.0,-404.0,,-339.0,97.0,762.0,732.0,-1261.0,,184.0
205.0,-420.0,,-314.0,104.0,903.0,732.0,-1273.0,,270.0
207.0,-349.0,,-298.0,104.0,1218.0,756.0,-1300.0,,360.0
181.0,-297.0,,-290.0,72.0,1375.0,779.0,-1123.0,,449.0
119.0,-288.0,,-273.0,80.0,1373.0,795.0,-1261.0,,553.0
271.0,-159.0,,-222.0,117.0,1191.0,804.0,-1164.0,,661.0
228.0,49.0,,-208.0,125.0,987.0,800.0,-1252.0,,756.0
247.0,138.0,,-223.0,135.0,799.0,793.0,-1199.0,,859.0
227.0,97.0,,-226.0,133.0,536.0,785.0,-1145.0,,941.0
221.0,152.0,,-236.0,110.0,325.0,791.0,-1267.0,,995.0
250.0,350.0,,-225.0,142.0,160.0,841.0,-1116.0,,1024.0
230.0,456.0,,-201.0,200.0,244.0,886.0,-1293.0,,973.0
286.0,407.0,,-176.0,244.0,498.0,920.0,-1256.0,,861.0
187.0,284.0,,-134.0,298.0,585.0,941.0,-1310.0,,730.0
200.0,138.0,,-133.0,296.0,559.0,942.0,-1298.0,,574.0
189.0,-53.0,,-150.0,251.0,586.0,941.0,-1064.0,,401.0
203.0,-224.0,,-119.0,202.0,584.0,938.0,-1045.0,,241.0
149.0,-284.0,,-151.0,95.0,425.0,961.0,-774.0,,96.0
127.0,-227.0,,-200.0,1.0,271.0,981.0,-787.0,,-19.0
170.0,-84.0,,-196.0,-7.0,335.0,992.0,-676.0,,-95.0
33.0,52.0,,-204.0,-17.0,549.0,997.0,-624.0,,-134.0
53.0,153.0,,-206.0,-44.0,555.0,986.0,-644.0,,-135.0
52.0,207.0,,-235.0,-31.0,532.0,986.0,-378.0,,-106.0
1.0,234.0,,-276.0,-40.0,803.0,962.0,-330.0,,-39.0
-34.0,222.0,,-280.0,-41.0,1104.0,944.0,-16.0,,56.0
-116.0,188.0,,-330.0,2.0,1413.0,939.0,-46.0,,168.0
-156.0,222.0,,-399.0,13.0,1572.0,927.0,-64.0,,280.0
-247.0,285.0,,-442.0,42.0,1369.0,934.0,-57.0,,377.0
-234.0,263.0,,-508.0,91.0,972.0,936.0,-299.0,,448.0
-291.0,156.0,,-578.0,84.0,655.0,946.0,-212.0,,484.0
-420.0,58.0,,-581.0,83.0,429.0,961.0,-391.0,,495.0
-368.0,-66.0,,-561.0,67.0,166.0,960.0,-203.0,,465.0
-344.0,-216.0,,-574.0,-15.0,-44.0,958.0,-125.0,,403.0
-345.0,-330.0,,-571.0,-57.0,-202.0,944.0,-251.0,,340.0
-437.0,-345.0,,-569.0,-38.0,-20.0,912.0,-258.0,,282.0
-438.0,-253.0,,-564.0,-20.0,267.0,877.0,-519.0,,229.0
-417.0,-111.0,,-539.0,26.0,249.0,860.0,-347.0,,182.0
-456.0,55.0,,-480.0,62.0,163.0,843.0,-384.0,,176.0
-439.0,176.0,,-422.0,71.0,98.0,825.0,-277.0,,203.0
-490.0,289.0,,-409.0,99.0,98.0,819.0,-181.0,,234.0
-466.0,364.0,,-359.0,75.0,126.0,796.0,-290.0,,268.0
-469.0,403.0,,-314.0,29.0,178.0,777.0,-129.0,,284.0
-437.0,365.0,,-282.0,50.0,348.0,777.0,-391.0,,293.0
-504.0,196.0,,-230.0,40.0,546.0,756.0,-399.0,,301.0
-547.0,53.0,,-219.0,6.0,716.0,729.0,-519.0,,303.0
-495.0,-90.0,,-221.0,15.0,997.0,725.0,-572.0,,303.0
-524.0,-261.0,,-214.0,-18.0,1239.0,702.0,-397.0,,311.0
-547.0,-409.0,,-171.0,-85.0,1343.0,688.0,-482.0,,336.0
-579.0,-406.0,,-126.0,-120.0,1279.0,701.0,-245.0,,368.0
-560.0,-337.0,,-89.0,-151.0,1141.0,710.0,-258.0,,387.0
-617.0,-309.0,,-65.0,-154.0,1141.0,716.0,-101.0,,401.0
-552.0,-230.0,,-77.0,-132.0,1026.0,702.0,-31.0,,441.0
-553.0,-101.0,,-77.0,-134.0,817.0,693.0,-83.0,,473.0
-533.0,78.0,,-74.0,-107.0,459.0,673.0,121.0,,519.0
-471.0,125.0,,-55.0,-40.0,219.0,649.0,-11.0,,553.0
-499.0,62.0,,-40.0,-7.0,250.0,631.0,134.0,,542.0
-451.0,0.0,,-24.0,0.0,210.0,602.0,112.0,,529.0
-466.0,-45.0,,-17.0,-1.0,127.0,583.0,84.0,,491.0
-369.0,-138.0,,-13.0,-58.0,-150.0,565.0,103.0,,449.0
-444.0,-327.0,,9.0,-105.0,-200.0,558.0,-59.0,,385.0
-431.0,-419.0,,0.0,-94.0,179.0,556.0,90.0,,310.0
-382.0,-398.0,,-2.0,-70.0,593.0,567.0,-12.0,,271.0
-390.0,-320.0,,-31.0,-24.0,839.0,581.0,27.0,,241.0
-365.0,-246.0,,-65.0,19.0,898.0,587.0,-1.0,,222.0
-429.0,-117.0,,-76.0,42.0,1064.0,589.0,51.0,,212.0
-323.0,51.0,,-102.0,95.0,1153.0,565.0,362.0,,211.0
-403.0,132.0,,-103.0,164.0,1002.0,560.0,450.0,,229.0
-357.0,138.0,,-96.0,213.0,724.0,567.0,798.0,,252.0
-381.0,192.0,,-87.0,268.0,586.0,565.0,896.0,,246.0
-371.0,332.0,,-78.0,320.0,713.0,561.0,1049.0,,226.0
-303.0,391.0,,-60.0,322.0,728.0,546.0,1130.0,,220.0
-350.0,387.0,,-58.0,304.0,632.0,533.0,1018.0,,211.0
-249.0,352.0,,-65.0,296.0,498.0,532.0,1084.0,,209.0
-307.0,339.0,,-72.0,287.0,304.0,540.0,831.0,,221.0
-139.0,330.0,,-118.0,291.0,93.0,538.0,849.0,,243.0
-163.0,279.0,,-164.0,284.0,-212.0,519.0,761.0,,269.0
-159.0,265.0,,-206.0,239.0,-386.0,473.0,694.0,,314.0
-59.0,231.0,,-240.0,195.0,-240.0,430.0,744.0,,377.0
-30.0,172.0,,-280.0,138.0,17.0,392.0,570.0,,437.0
79.0,127.0,,-321.0,33.0,67.0,362.0,578.0,,516.0
32.0,94.0,,-312.0,-52.0,-134.0,349.0,284.0,,577.0
130.0,91.0,,-292.0,-100.0,-323.0,344.0,238.0,,616.0
107.0,119.0,,-297.0,-129.0,-359.0,344.0,160.0,,663.0
213.0,106.0,,-294.0,-96.0,-322.0,321.0,68.0,,690.0
190.0,62.0,,-294.0,-51.0,-418.0,306.0,168.0,,710.0
160.0,50.0,,-322.0,-26.0,-435.0,283.0,-103.0,,752.0
191.0,67.0,,-325.0,18.0,-239.0,228.0,11.0,,813.0
196.0,65.0,,-335.0,-4.0,-66.0,180.0,-9.0,,864.0
258.0,-6.0,,-380.0,-69.0,98.0,148.0,44.0,,905.0
132.0,-102.0,,-399.0,-89.0,160.0,125.0,118.0,,935.0
218.0,-146.0,,-434.0,-127.0,313.0,85.0,-36.0,,950.0
183.0,-156.0,,-442.0,-160.0,569.0,33.0,140.0,,955.0
220.0,-186.0,,-404.0,-153.0,660.0,1.0,24.0,,933.0
81.0,-176.0,,-413.0,-179.0,545.0,1.0,201.0,,890.0
68.0,-102.0,,-438.0,-234.0,252.0,2.0,288.0,,831.0
164.0,-39.0,,-439.0,-255.0,139.0,6.0,214.0,,763.0
61.0,-100.0,,-446.0,-282.0,125.0,4.0,306.0,,663.0
110.0,-189.0,,-439.0,-295.0,60.0,-37.0,127.0,,554.0
-10.0,-132.0,,-424.0,-255.0,-112.0,-88.0,280.0,,468.0
109.0,-71.0,,-446.0,-228.0,-252.0,-134.0,158.0,,398.0
53.0,-86.0,,-453.0,-204.0,-254.0,-149.0,110.0,,359.0
12.0,-74.0,,-439.0,-160.0,-317.0,-175.0,168.0,,350.0
-20.0,-22.0,,-455.0,-139.0,-280.0,-213.0,103.0,,366.0
-77.0,0.0,,-475.0,-84.0,-451.0,-243.0,380.0,,396.0
8.0,-8.0,,-480.0,3.0,-661.0,-307.0,347.0,,445.0
-80.0,-29.0,,-515.0,47.0,-640.0,-359.0,493.0,,493.0
-13.0,-14.0,,-534.0,96.0,-534.0,-393.0,533.0,,507.0
-30.0,30.0,,-533.0,144.0,-416.0,-413.0,541.0,,496.0
9.0,31.0,,-532.0,162.0,-515.0,-405.0,654.0,,456.0
-33.0,7.0,,-524.0,217.0,-546.0,-371.0,539.0,,391.0
-51.0,8.0,,-522.0,251.0,-450.0,-344.0,748.0,,314.0
22.0,12.0,,-523.0,208.0,-467.0,-345.0,678.0,,239.0
-25.0,-76.0,,-536.0,162.0,-720.0,-343.0,696.0,,177.0
-30.0,-222.0,,-529.0,91.0,-807.0,-366.0,637.0,,153.0
-35.0,-372.0,,-529.0,-7.0,-582.0,-402.0,471.0,,143.0
-12.0,-488.0,,-525.0,-48.0,-400.0,-409.0,604.0,,138.0
34.0,-574.0,,-491.0,-66.0,-446.0,-381.0,448.0,,171.0
86.0,-637.0,,-458.0,-77.0,-619.0,-327.0,513.0,,224.0
53.0,-568.0,,-442.0,-39.0,-371.0,-290.0,338.0,,287.0
10.0,-493.0,,-425.0,-19.0,-143.0,-289.0,144.0,,354.0
21.0,-473.0,,-395.0,-10.0,-258.0,-316.0,25.0,,433.0
93.0,-434.0,,-387.0,24.0,-336.0,-335.0,-236.0,,542.0
62.0,-301.0,,-368.0,22.0,-189.0,-352.0,-101.0,,665.0
-5.0,-115.0,,-347.0,-19.0,-2.0,-375.0,-158.0,,768.0
-12.0,27.0,,-314.0,-46.0,-190.0,-375.0,44.0,,845.0
7.0,226.0,,-281.0,-87.0,-381.0,-386.0,66.0,,902.0
-24.0,398.0,,-251.0,-110.0,-266.0,-408.0,-62.0,,943.0
-7.0,508.0,,-214.0,-55.0,-159.0,-413.0,-25.0,,970.0
-45.0,517.0,,-184.0,-15.0,-318.0,-412.0,-280.0,,969.0
-61.0,446.0,,-162.0,8.0,-317.0,-402.0,-51.0,,954.0
-46.0,449.0,,-146.0,20.0,-73.0,-372.0,-51.0,,949.0
-93.0,438.0,,-110.0,-28.0,-35.0,-359.0,36.0,,953.0
21.0,417.0,,-95.0,-35.0,-64.0,-372.0,140.0,,945.0
-103.0,383.0,,-69.0,10.0,-66.0,-409.0,-88.0,,931.0
0.0,311.0,,-31.0,28.0,-5.0,-455.0,-31.0,,909.0
-94.0,186.0,,-5.0,55.0,-25.0,-461.0,-286.0,,897.0
-1.0,1.0,,0.0,95.0,-11.0,-454.0,-216.0,,911.0
4.0,-163.0,,16.0,114.0,101.0,-440.0,-299.0,,910.0
-153.0,-309.0,,25.0,162.0,95.0,-449.0,-362.0,,890.0
65.0,-364.0,,2.0,217.0,205.0,-484.0,-164.0,,854.0
-190.0,-354.0,,35.0,201.0,322.0,-523.0,-301.0,,829.0
38.0,-318.0,,65.0,164.0,413.0,-564.0,-107.0,,797.0
-264.0,-254.0,,70.0,103.0,319.0,-588.0,-277.0,,744.0
-96.0,-207.0,,92.0,12.0,108.0,-604.0,-223.0,,687.0
-106.0,-205.0,,108.0,-35.0,140.0,-595.0,-114.0,,630.0
-325.0,-242.0,,136.0,-73.0,112.0,-589.0,-238.0,,622.0
-108.0,-248.0,,165.0,-120.0,0.0,-604.0,-127.0,,629.0
-483.0,-226.0,,152.0,-123.0,-95.0,-625.0,-397.0,,630.0
-7.0,-212.0,,126.0,-119.0,-89.0,-639.0,-299.0,,644.0
-470.0,-268.0,,121.0,-135.0,46.0,-634.0,-319.0,,677.0
-244.0,-286.0,,130.0,-112.0,223.0,-632.0,-245.0,,735.0
-270.0,-248.0,,141.0,-92.0,403.0,-644.0,16.0,,790.0
-323.0,-256.0,,152.0,-89.0,518.0,-698.0,3.0,,819.0
-21.0,-237.0,,163.0,-46.0,544.0,-772.0,242.0,,856.0
-474.0,-251.0,,139.0,-21.0,427.0,-819.0,114.0,,921.0
50.0,-266.0,,93.0,-21.0,190.0,-850.0,169.0,,985.0
-357.0,-221.0,,55.0,8.0,43.0,-860.0,125.0,,1043.0
-49.0,-125.0,,45.0,37.0,100.0,-861.0,38.0,,1084.0
-254.0,7.0,,41.0,57.0,18.0,-881.0,203.0,,1099.0
-215.0,121.0,,13.0,82.0,-81.0,-939.0,73.0,,1114.0
-13.0,233.0,,-9.0,69.0,-89.0,-992.0,179.0,,1117.0
-312.0,309.0,,-2.0,49.0,-339.0,-1011.0,-84.0,,1076.0
53.0,362.0,,8.0,44.0,-515.0,-1025.0,-251.0,,1019.0
-259.0,396.0,,3.0,0.0,-542.0,-1028.0,-280.0,,957.0
159.0,407.0,,6.0,-29.0,-638.0,-1047.0,-360.0,,889.0
-149.0,399.0,,27.0,-31.0,-678.0,-1071.0,-192.0,,801.0
39.0,383.0,,57.0,-78.0,-594.0,-1086.0,-456.0,,684.0
122.0,315.0,,71.0,-102.0,-364.0,-1112.0,-471.0,,567.0
116.0,119.0,,87.0,-63.0,-283.0,-1117.0,-650.0,,460.0
279.0,-80.0,,105.0,-74.0,-444.0,-1114.0,-805.0,,370.0
96.0,-267.0,,131.0,-133.0,-510.0,-1108.0,-805.0,,288.0
440.0,-451.0,,155.0,-173.0,-449.0,-1117.0,-1003.0,,210.0
215.0,-586.0,,191.0,-225.0,-484.0,-1136.0,-761.0,,147.0
476.0,-628.0,,214.0,-259.0,-900.0,-1134.0,-768.0,,111.0
375.0,-605.0,,228.0,-257.0,-1310.0,-1131.0,-569.0,,92.0
507.0,-626.0,,285.0,-268.0,-1456.0,-1126.0,-504.0,,56.0
469.0,-665.0,,329.0,-233.0,-1703.0,-1131.0,-635.0,,21.0
522.0,-663.0,,376.0,-160.0,-2026.0,-1132.0,-591.0,,-18.0
565.0,-578.0,,419.0,-136.0,-2303.0,-1136.0,-873.0,,-56.0
465.0,-491.0,,453.0,-97.0,-2310.0,-1145.0,-683.0,,-89.0
622.0,-372.0,,477.0,-66.0,-2109.0,-1131.0,-674.0,,-123.0
491.0,-199.0,,481.0,-121.0,-1974.0,-1128.0,-580.0,,-147.0
685.0,-71.0,,498.0,-169.0,-2013.0,-1123.0,-424.0,,-164.0
509.0,11.0,,523.0,-213.0,-2202.0,-1095.0,-594.0,,-172.0
696.0,116.0,,544.0,-263.0,-2198.0,-1059.0,-487.0,,-178.0
527.0,329.0,,550.0,-251.0,-2209.0,-1041.0,-776.0,,-177.0
651.0,521.0,,572.0,-224.0,-2443.0,-1051.0,-794.0,,-177.0
619.0,602.0,,612.0,-186.0,-2647.0,-1055.0,-897.0,,-156.0
640.0,634.0,,625.0,-92.0,-2798.0,-1044.0,-1014.0,,-129.0
670.0,618.0,,609.0,-16.0,-2744.0,-1006.0,-781.0,,-103.0
506.0,493.0,,620.0,20.0,-2651.0,-973.0,-844.0,,-59.0
705.0,288.0,,625.0,95.0,-2675.0,-962.0,-533.0,,-12.0
396.0,138.0,,595.0,152.0,-2567.0,-950.0,-480.0,,29.0
692.0,58.0,,590.0,184.0,-2362.0,-950.0,-338.0,,62.0
377.0,0.0,,571.0,244.0,-2051.0,-950.0,-188.0,,103.0
460.0,-77.0,,550.0,243.0,-1845.0,-936.0,-249.0,,167.0
303.0,-87.0,,549.0,208.0,-1850.0,-920.0,24.0,,239.0
249.0,34.0,,539.0,186.0,-1985.0,-907.0,-16.0,,276.0
265.0,199.0,,539.0,117.0,-1932.0,-880.0,177.0,,297.0
30.0,271.0,,557.0,45.0,-1585.0,-830.0,33.0,,312.0
302.0,205.0,,597.0,-10.0,-1391.0,-795.0,-232.0,,313.0
-116.0,105.0,,598.0,-81.0,-1332.0,-768.0,-258.0,,297.0
116.0,-4.0,,575.0,-116.0,-1325.0,-729.0,-426.0,,235.0
-128.0,-169.0,,577.0,-128.0,-1147.0,-691.0,-240.0,,155.0
72.0,-344.0,,557.0,-176.0,-1164.0,-680.0,-334.0,,101.0
-87.0,-418.0,,520.0,-195.0,-1505.0,-681.0,-247.0,,63.0
-210.0,-377.0,,473.0,-180.0,-1656.0,-644.0,-288.0,,9.0
-22.0,-306.0,,413.0,-190.0,-1717.0,-585.0,-469.0,,-64.0
-288.0,-243.0,,373.0,-163.0,-1826.0,-545.0,-424.0,,-133.0
-20.0,-114.0,,321.0,-108.0,-2120.0,-539.0,-609.0,,-164.0
-323.0,34.0,,249.0,-70.0,-2286.0,-533.0,-443.0,,-165.0
-109.0,63.0,,181.0,-18.0,-2236.0,-518.0,-604.0,,-153.0
-354.0,24.0,,117.0,-9.0,-2082.0,-515.0,-722.0,,-136.0
-245.0,-18.0,,60.0,-68.0,-2138.0,-487.0,-800.0,,-83.0
-302.0,-98.0,,10.0,-121.0,-2520.0,-455.0,-942.0,,0.0
-438.0,-181.0,,6.0,-155.0,-2625.0,-436.0,-696.0,,86.0
-241.0,-218.0,,13.0,-185.0,-2629.0,-439.0,-846.0,,183.0
-461.0,-173.0,,8.0,-195.0,-2680.0,-455.0,-700.0,,259.0
-252.0,-84.0,,12.0,-205.0,-2739.0,-444.0,-670.0,,363.0
-481.0,-62.0,,4.0,-227.0,-2564.0,-408.0,-668.0,,497.0
-213.0,-12.0,,10.0,-224.0,-2147.0,-358.0,-522.0,,602.0
-343.0,48.0,,36.0,-221.0,-1855.0,-339.0,-726.0,,665.0
-289.0,29.0,,58.0,-215.0,-1657.0,-328.0,-543.0,,694.0
-175.0,78.0,,86.0,-168.0,-1593.0,-327.0,-585.0,,697.0
-206.0,166.0,,121.0,-132.0,-1297.0,-350.0,-413.0,,673.0
-13.0,240.0,,137.0,-89.0,-1043.0,-375.0,-249.0,,623.0
-166.0,288.0,,147.0,2.0,-1090.0,-386.0,-317.0,,536.0
131.0,339.0,,148.0,75.0,-1074.0,-360.0,-160.0,,458.0
-37.0,419.0,,141.0,114.0,-1059.0,-357.0,-434.0,,406.0
93.0,488.0,,143.0,140.0,-1090.0,-346.0,-432.0,,379.0
87.0,483.0,,140.0,134.0,-1035.0,-334.0,-565.0,,366.0
110.0,396.0,,109.0,131.0,-969.0,-355.0,-667.0,,381.0
201.0,374.0,,91.0,159.0,-1106.0,-362.0,-543.0,,450.0
47.0,364.0,,90.0,168.0,-1195.0,-359.0,-552.0,,542.0
209.0,299.0,,62.0,173.0,-1095.0,-352.0,-197.0,,635.0
16.0,202.0,,47.0,168.0,-739.0,-354.0,-157.0,,689.0
253.0,124.0,,43.0,132.0,-512.0,-374.0,1.0,,710.0
176.0,18.0,,27.0,121.0,-563.0,-405.0,81.0,,709.0
127.0,-133.0,,29.0,101.0,-259.0,-406.0,125.0,,672.0
227.0,-219.0,,51.0,52.0,292.0,-408.0,452.0,,618.0
202.0,-209.0,,80.0,55.0,626.0,-414.0,454.0,,543.0
349.0,-128.0,,116.0,87.0,448.0,-383.0,655.0,,468.0
136.0,-59.0,,134.0,96.0,273.0,-342.0,633.0,,413.0
381.0,50.0,,165.0,115.0,373.0,-303.0,698.0,,358.0
320.0,166.0,,210.0,142.0,243.0,-305.0,800.0,,291.0
333.0,211.0,,217.0,151.0,-119.0,-313.0,713.0,,227.0
346.0,213.0,,234.0,162.0,-381.0,-315.0,868.0,,189.0
278.0,315.0,,225.0,140.0,-271.0,-337.0,761.0,,159.0
480.0,471.0,,199.0,117.0,-12.0,-356.0,914.0,,152.0
226.0,544.0,,221.0,148.0,185.0,-366.0,903.0,,164.0
397.0,614.0,,231.0,137.0,463.0,-360.0,827.0,,174.0
192.0,699.0,,209.0,122.0,784.0,-367.0,864.0,,196.0
336.0,781.0,,213.0,161.0,1081.0,-371.0,639.0,,213.0
339.0,765.0,,212.0,160.0,1366.0,-373.0,672.0,,230.0
127.0,700.0,,183.0,147.0,1518.0,-398.0,410.0,,229.0
234.0,661.0,,181.0,155.0,1614.0,-396.0,380.0,,215.0
34.0,675.0,,206.0,133.0,1713.0,-362.0,352.0,,199.0
350.0,644.0,,225.0,121.0,1690.0,-350.0,208.0,,165.0
23.0,484.0,,230.0,103.0,1618.0,-351.0,400.0,,109.0
133.0,364.0,,263.0,8.0,1523.0,-349.0,284.0,,23.0
83.0,229.0,,301.0,-61.0,1583.0,-345.0,436.0,,-66.0
70.0,30.0,,335.0,-54.0,1828.0,-332.0,393.0,,-186.0
191.0,-205.0,,377.0,-53.0,2051.0,-316.0,341.0,,-332.0
11.0,-340.0,,399.0,-33.0,2118.0,-283.0,480.0,,-460.0
317.0,-299.0,,417.0,-10.0,2048.0,-250.0,376.0,,-574.0
49.0,-212.0,,431.0,-19.0,2084.0,-232.0,578.0,,-651.0
271.0,-129.0,,437.0,-1.0,2161.0,-218.0,489.0,,-711.0
112.0,-2.0,,449.0,1.0,2212.0,-210.0,524.0,,-759.0
175.0,192.0,,472.0,-37.0,2243.0,-208.0,539.0,,-769.0
236.0,275.0,,501.0,-55.0,2327.0,-199.0,408.0,,-761.0
182.0,265.0,,531.0,-72.0,2589.0,-201.0,513.0,,-733.0
271.0,296.0,,525.0,-102.0,2650.0,-210.0,345.0,,-693.0
76.0,297.0,,508.0,-121.0,2376.0,-187.0,489.0,,-645.0
329.0,213.0,,537.0,-165.0,2191.0,-165.0,450.0,,-579.0
169.0,74.0,,553.0,-215.0,2288.0,-148.0,415.0,,-525.0
263.0,-17.0,,543.0,-206.0,2320.0,-126.0,602.0,,-494.0
72.0,-33.0,,558.0,-210.0,2054.0,-101.0,678.0,,-481.0
217.0,-45.0,,591.0,-215.0,2075.0,-57.0,992.0,,-471.0
180.0,-79.0,,620.0,-156.0,2474.0,-37.0,936.0,,-436.0
112.0,-102.0,,625.0,-95.0,2750.0,-37.0,1029.0,,-402.0
229.0,-79.0,,620.0,-29.0,2876.0,-17.0,1077.0,,-374.0
0.0,-79.0,,611.0,33.0,2992.0,-10.0,1097.0,,-336.0
165.0,-149.0,,560.0,36.0,3255.0,-4.0,1302.0,,-290.0
-19.0,-168.0,,520.0,44.0,3329.0,10.0,1236.0,,-218.0
136.0,-97.0,,498.0,81.0,3148.0,32.0,1446.0,,-157.0
-37.0,-24.0,,468.0,67.0,2970.0,49.0,1350.0,,-125.0
107.0,11.0,,464.0,37.0,2789.0,65.0,1361.0,,-108.0
33.0,115.0,,446.0,38.0,2539.0,126.0,1413.0,,-95.0
-50.0,315.0,,408.0,24.0,2120.0,171.0,1215.0,,-73.0
78.0,445.0,,394.0,22.0,1913.0,203.0,1280.0,,-71.0
-50.0,414.0,,391.0,26.0,1951.0,216.0,1045.0,,-83.0
140.0,298.0,,373.0,7.0,2026.0,234.0,1018.0,,-79.0
-160.0,158.0,,340.0,29.0,2297.0,266.0,931.0,,-63.0
147.0,-61.0,,325.0,55.0,2506.0,247.0,912.0,,-25.0
32.0,-296.0,,327.0,50.0,2599.0,250.0,966.0,,3.0
127.0,-395.0,,312.0,75.0,2934.0,266.0,700.0,,11.0
137.0,-402.0,,310.0,72.0,3270.0,272.0,739.0,,38.0
88.0,-488.0,,325.0,24.0,3357.0,272.0,517.0,,86.0
233.0,-560.0,,332.0,26.0,3171.0,271.0,513.0,,145.0
36.0,-460.0,,339.0,39.0,2894.0,272.0,589.0,,205.0
275.0,-285.0,,353.0,34.0,2737.0,277.0,631.0,,248.0
33.0,-169.0,,357.0,66.0,2445.0,303.0,892.0,,281.0
261.0,-115.0,,352.0,53.0,1881.0,341.0,783.0,,312.0
147.0,-25.0,,346.0,-26.0,1316.0,371.0,877.0,,319.0
190.0,12.0,,325.0,-78.0,1172.0,388.0,735.0,,288.0
234.0,-12.0,,324.0,-124.0,1095.0,416.0,755.0,,248.0
222.0,-30.0,,326.0,-146.0,956.0,438.0,903.0,,224.0
343.0,-8.0,,307.0,-129.0,1091.0,453.0,781.0,,223.0
115.0,62.0,,283.0,-157.0,1485.0,474.0,931.0,,235.0
348.0,53.0,,247.0,-185.0,1972.0,492.0,766.0,,268.0
265.0,10.0,,190.0,-159.0,2129.0,502.0,873.0,,333.0
389.0,-45.0,,106.0,-151.0,2158.0,503.0,800.0,,406.0
297.0,-98.0,,84.0,-145.0,2282.0,503.0,668.0,,478.0
367.0,-156.0,,65.0,-85.0,2242.0,525.0,825.0,,532.0
369.0,-230.0,,14.0,-25.0,2070.0,547.0,700.0,,533.0
336.0,-194.0,,10.0,15.0,1857.0,524.0,912.0,,502.0
450.0,-168.0,,-8.0,36.0,1572.0,516.0,729.0,,484.0
345.0,-215.0,,14.0,23.0,1376.0,533.0,600.0,,439.0
432.0,-276.0,,51.0,14.0,1200.0,553.0,524.0,,367.0
348.0,-310.0,,38.0,1.0,919.0,586.0,345.0,,291.0
417.0,-366.0,,39.0,-37.0,643.0,602.0,521.0,,167.0
304.0,-532.0,,32.0,-39.0,351.0,604.0,399.0,,29.0
355.0,-638.0,,18.0,-2.0,261.0,614.0,635.0,,-114.0
320.0,-615.0,,14.0,1.0,110.0,603.0,654.0,,-299.0
311.0,-592.0,,-9.0,-3.0,-243.0,593.0,674.0,,-465.0
274.0,-602.0,,-51.0,13.0,-475.0,597.0,831.0,,-599.0
253.0,-551.0,,-68.0,14.0,-800.0,585.0,698.0,,-723.0
265.0,-349.0,,-72.0,40.0,-1033.0,576.0,947.0,,-833.0
128.0,-132.0,,-73.0,78.0,-1095.0,582.0,897.0,,-927.0
243.0,-75.0,,-70.0,94.0,-991.0,596.0,1042.0,,-1003.0
93.0,-8.0,,-41.0,141.0,-624.0,593.0,1023.0,,-1070.0
136.0,192.0,,-18.0,173.0,-356.0,586.0,827.0,,-1118.0
56.0,318.0,,-12.0,136.0,-202.0,581.0,971.0,,-1144.0
92.0,308.0,,35.0,116.0,-154.0,577.0,861.0,,-1154.0
26.0,266.0,,72.0,151.0,-223.0,569.0,1038.0,,-1153.0
-13.0,237.0,,121.0,174.0,-275.0,575.0,855.0,,-1138.0
89.0,171.0,,183.0,167.0,-239.0,593.0,618.0,,-1116.0
-30.0,-14.0,,196.0,151.0,-365.0,578.0,474.0,,-1097.0
84.0,-190.0,,185.0,122.0,-609.0,580.0,179.0,,-1070.0
-30.0,-200.0,,180.0,87.0,-701.0,566.0,240.0,,-1030.0
24.0,-129.0,,168.0,38.0,-908.0,551.0,12.0,,-963.0
-4.0,-128.0,,134.0,-24.0,-1206.0,567.0,9.0,,-908.0
63.0,-121.0,,97.0,-66.0,-1523.0,556.0,3.0,,-852.0
39.0,47.0,,52.0,-97.0,-1675.0,557.0,-24.0,,-770.0
-64.0,216.0,,-24.0,-109.0,-1755.0,556.0,110.0,,-696.0
81.0,186.0,,-85.0,-78.0,-1861.0,548.0,-22.0,,-635.0
61.0,106.0,,-135.0,-50.0,-1729.0,523.0,125.0,,-599.0
63.0,161.0,,-207.0,-43.0,-1427.0,481.0,81.0,,-553.0
-56.0,169.0,,-269.0,-33.0,-1039.0,445.0,92.0,,-471.0
-23.0,-18.0,,-325.0,-56.0,-945.0,405.0,24.0,,-397.0
-89.0,-222.0,,-373.0,-75.0,-1061.0,405.0,-195.0,,-333.0
-107.0,-262.0,,-410.0,-26.0,-1016.0,407.0,-155.0,,-263.0
-51.0,-223.0,,-428.0,29.0,-1007.0,405.0,-345.0,,-193.0
-97.0,-300.0,,-409.0,71.0,-1279.0,385.0,-251.0,,-127.0
-126.0,-343.0,,-394.0,101.0,-1590.0,352.0,-343.0,,-80.0
-130.0,-256.0,,-373.0,64.0,-1755.0,350.0,-393.0,,-72.0
-74.0,-175.0,,-342.0,-8.0,-1898.0,339.0,-317.0,,-84.0
-130.0,-186.0,,-331.0,-41.0,-2028.0,326.0,-526.0,,-112.0
-118.0,-185.0,,-321.0,-39.0,-2080.0,312.0,-345.0,,-177.0
-69.0,-32.0,,-306.0,-30.0,-1748.0,295.0,-389.0,,-241.0
-29.0,81.0,,-296.0,-19.0,-1356.0,269.0,-219.0,,-320.0
-75.0,73.0,,-304.0,-23.0,-1303.0,247.0,-3.0,,-401.0
-5.0,39.0,,-326.0,-18.0,-1280.0,232.0,77.0,,-437.0
25.0,32.0,,-351.0,8.0,-1207.0,227.0,358.0,,-469.0
-4.0,21.0,,-361.0,7.0,-1306.0,267.0,225.0,,-497.0
-6.0,-39.0,,-357.0,33.0,-1648.0,297.0,308.0,,-512.0
-12.0,-34.0,,-361.0,84.0,-2035.0,316.0,251.0,,-481.0
68.0,95.0,,-373.0,83.0,-2335.0,303.0,238.0,,-420.0
44.0,263.0,,-388.0,84.0,-2482.0,269.0,373.0,,-351.0
88.0,350.0,,-378.0,100.0,-2466.0,279.0,404.0,,-277.0
-5.0,339.0,,-378.0,82.0,-2317.0,285.0,667.0,,-232.0
74.0,295.0,,-390.0,58.0,-2017.0,291.0,589.0,,-152.0
132.0,232.0,,-404.0,72.0,-1593.0,314.0,720.0,,-80.0
39.0,146.0,,-443.0,113.0,-1090.0,314.0,626.0,,-37.0
40.0,101.0,,-459.0,177.0,-738.0,309.0,426.0,,11.0
-61.0,132.0,,-474.0,219.0,-619.0,280.0,473.0,,47.0
60.0,159.0,,-484.0,181.0,-501.0,259.0,225.0,,125.0
-34.0,107.0,,-495.0,159.0,-275.0,281.0,291.0,,209.0
31.0,64.0,,-505.0,167.0,-156.0,314.0,175.0,,262.0
28.0,28.0,,-494.0,117.0,-356.0,339.0,195.0,,293.0
-48.0,-37.0,,-494.0,77.0,-712.0,321.0,232.0,,309.0
-1.0,-49.0,,-475.0,81.0,-1027.0,290.0,-9.0,,307.0
-97.0,22.0,,-449.0,83.0,-1186.0,269.0,-29.0,,276.0
8.0,66.0,,-439.0,95.0,-1227.0,264.0,-238.0,,228.0
-164.0,-2.0,,-416.0,88.0,-1141.0,276.0,-83.0,,166.0
-109.0,7.0,,-374.0,41.0,-754.0,297.0,-44.0,,108.0
-209.0,79.0,,-338.0,19.0,-287.0,321.0,-57.0,,66.0
-259.0,78.0,,-315.0,19.0,75.0,323.0,27.0,,21.0
-190.0,-18.0,,-295.0,2.0,294.0,325.0,-188.0,,-33.0
-318.0,-134.0,,-272.0,-9.0,313.0,357.0,-94.0,,-78.0
-292.0,-60.0,,-270.0,-34.0,361.0,388.0,-238.0,,-114.0
-457.0,71.0,,-296.0,-68.0,233.0,386.0,-190.0,,-148.0
-381.0,85.0,,-320.0,-55.0,-169.0,356.0,-133.0,,-166.0
-428.0,138.0,,-359.0,-60.0,-401.0,318.0,-195.0,,-169.0
-431.0,217.0,,-404.0,-82.0,-523.0,306.0,-1.0,,-158.0
-504.0,150.0,,-456.0,-58.0,-706.0,324.0,-144.0,,-137.0
-482.0,24.0,,-498.0,-80.0,-999.0,355.0,-99.0,,-127.0
-466.0,-47.0,,-511.0,-137.0,-1066.0,370.0,-290.0,,-127.0
-551.0,24.0,,-492.0,-137.0,-824.0,391.0,-351.0,,-117.0
-423.0,64.0,,-444.0,-127.0,-709.0,407.0,-262.0,,-113.0
-484.0,12.0,,-386.0,-93.0,-602.0,404.0,-402.0,,-106.0
-355.0,77.0,,-336.0,-25.0,-382.0,407.0,-194.0,,-92.0
-536.0,154.0,,-304.0,1.0,-242.0,408.0,-280.0,,-59.0
-442.0,240.0,,-266.0,26.0,-385.0,413.0,-190.0,,-1.0
-452.0,234.0,,-242.0,60.0,-517.0,407.0,-216.0,,71.0
-424.0,158.0,,-191.0,61.0,-547.0,409.0,-410.0,,153.0
-339.0,152.0,,-146.0,92.0,-680.0,409.0,-439.0,,235.0
-497.0,68.0,,-154.0,153.0,-955.0,432.0,-739.0,,333.0
-305.0,-51.0,,-157.0,176.0,-1205.0,477.0,-574.0,,434.0
-544.0,-96.0,,-176.0,202.0,-1258.0,495.0,-408.0,,538.0
-380.0,-109.0,,-200.0,235.0,-1310.0,523.0,-131.0,,625.0
-560.0,-165.0,,-197.0,217.0,-1272.0,526.0,64.0,,714.0
-474.0,-199.0,,-190.0,216.0,-1242.0,520.0,35.0,,814.0
-478.0,-201.0,,-204.0,212.0,-899.0,500.0,223.0,,889.0
-653.0,-156.0,,-226.0,148.0,-262.0,490.0,16.0,,945.0
-394.0,-99.0,,-215.0,107.0,62.0,509.0,116.0,,989.0
-648.0,-128.0,,-192.0,52.0,273.0,506.0,109.0,,1027.0
-396.0,-169.0,,-163.0,-60.0,340.0,520.0,123.0,,1056.0
-681.0,-229.0,,-109.0,-121.0,186.0,506.0,264.0,,1068.0
-491.0,-216.0,,-65.0,-141.0,73.0,478.0,53.0,,1040.0
-578.0,-149.0,,-50.0,-181.0,47.0,475.0,182.0,,979.0
-614.0,-162.0,,-34.0,-189.0,-148.0,493.0,-5.0,,902.0
-497.0,-141.0,,-16.0,-174.0,-553.0,509.0,-31.0,,819.0
-774.0,-35.0,,-6.0,-163.0,-853.0,514.0,-127.0,,728.0
-442.0,72.0,,-3.0,-104.0,-799.0,559.0,-395.0,,626.0
-770.0,118.0,,7.0,-31.0,-529.0,567.0,-328.0,,535.0
-466.0,229.0,,9.0,19.0,-371.0,536.0,-574.0,,467.0
-633.0,323.0,,37.0,66.0,-306.0,529.0,-528.0,,406.0
-477.0,265.0,,81.0,82.0,-41.0,539.0,-692.0,,336.0
-531.0,184.0,,108.0,83.0,427.0,585.0,-746.0,,271.0
-637.0,107.0,,116.0,99.0,611.0,624.0,-559.0,,200.0
-370.0,52.0,,114.0,61.0,425.0,623.0,-606.0,,155.0
-603.0,-40.0,,123.0,-18.0,241.0,607.0,-399.0,,119.0
-269.0,-48.0,,123.0,-83.0,196.0,583.0,-539.0,,64.0
-570.0,61.0,,164.0,-160.0,143.0,576.0,-521.0,,37.0
-213.0,55.0,,200.0,-200.0,-60.0,582.0,-611.0,,29.0
-497.0,5.0,,188.0,-149.0,-367.0,605.0,-779.0,,27.0
-340.0,25.0,,208.0,-87.0,-562.0,624.0,-683.0,,34.0
-235.0,74.0,,222.0,-37.0,-511.0,615.0,-890.0,,41.0
-420.0,70.0,,216.0,31.0,-340.0,609.0,-864.0,,27.0
-194.0,32.0,,211.0,57.0,-204.0,621.0,-1114.0,,29.0
-551.0,66.0,,170.0,57.0,-77.0,643.0,-1232.0,,38.0
-156.0,151.0,,144.0,69.0,258.0,666.0,-1101.0,,38.0
-539.0,106.0,,123.0,55.0,652.0,681.0,-1038.0,,49.0
-210.0,-4.0,,81.0,55.0,797.0,679.0,-705.0,,56.0
-409.0,-45.0,,49.0,69.0,835.0,679.0,-774.0,,93.0
-412.0,-101.0,,34.0,65.0,801.0,666.0,-687.0,,137.0
-261.0,-184.0,,48.0,81.0,845.0,650.0,-670.0,,178.0
-482.0,-267.0,,67.0,93.0,1072.0,639.0,-707.0,,225.0
-158.0,-287.0,,89.0,57.0,1162.0,612.0,-587.0,,276.0
-639.0,-267.0,,93.0,42.0,936.0,603.0,-657.0,,329.0
-265.0,-198.0,,101.0,50.0,621.0,593.0,-363.0,,379.0
-560.0,-176.0,,109.0,21.0,687.0,573.0,-306.0,,429.0
-280.0,-204.0,,151.0,21.0,996.0,576.0,-203.0,,446.0
-328.0,-108.0,,196.0,47.0,1237.0,587.0,-118.0,,451.0
-477.0,-56.0,,208.0,41.0,1291.0,587.0,-151.0,,459.0
-230.0,-188.0,,213.0,54.0,1328.0,564.0,-16.0,,448.0
-540.0,-232.0,,199.0,52.0,1522.0,539.0,-177.0,,421.0
-110.0,-156.0,,202.0,12.0,1619.0,518.0,-112.0,,386.0
-495.0,-197.0,,163.0,7.0,1637.0,486.0,-238.0,,370.0
-161.0,-157.0,,117.0,-2.0,1568.0,472.0,-253.0,,360.0
-286.0,-32.0,,85.0,-19.0,1548.0,481.0,-155.0,,331.0
-250.0,86.0,,53.0,39.0,1423.0,503.0,-349.0,,309.0
-89.0,135.0,,49.0,85.0,1174.0,504.0,-352.0,,264.0
-244.0,90.0,,48.0,45.0,1001.0,481.0,-624.0,,205.0
-21.0,198.0,,49.0,10.0,782.0,439.0,-615.0,,149.0
-323.0,240.0,,45.0,-5.0,662.0,391.0,-637.0,,75.0
33.0,120.0,,39.0,-14.0,711.0,386.0,-759.0,,16.0
-183.0,-19.0,,48.0,5.0,757.0,397.0,-772.0,,-36.0
-29.0,-93.0,,69.0,-10.0,755.0,383.0,-1025.0,,-79.0
-135.0,-85.0,,58.0,-36.0,980.0,353.0,-861.0,,-93.0
-80.0,-88.0,,55.0,-23.0,982.0,324.0,-910.0,,-94.0
35.0,-91.0,,48.0,-24.0,731.0,307.0,-872.0,,-86.0
-233.0,-54.0,,20.0,-23.0,565.0,303.0,-833.0,,-63.0
51.0,95.0,,-9.0,1.0,377.0,294.0,-955.0,,-38.0
-119.0,171.0,,-62.0,-15.0,52.0,284.0,-698.0,,-15.0
63.0,137.0,,-65.0,-45.0,-546.0,282.0,-772.0,,14.0
-223.0,131.0,,-56.0,-46.0,-834.0,280.0,-655.0,,66.0
-78.0,183.0,,-76.0,-99.0,-648.0,259.0,-639.0,,128.0
6.0,165.0,,-54.0,-140.0,-150.0,223.0,-615.0,,187.0
-17.0,9.0,,-18.0,-132.0,237.0,213.0,-430.0,,272.0
39.0,-19.0,,11.0,-147.0,309.0,215.0,-570.0,,353.0
-156.0,61.0,,57.0,-122.0,560.0,227.0,-463.0,,412.0
22.0,104.0,,89.0,-63.0,999.0,225.0,-626.0,,468.0
-53.0,71.0,,118.0,-24.0,1309.0,185.0,-598.0,,511.0
26.0,45.0,,128.0,24.0,1144.0,158.0,-532.0,,556.0
-87.0,29.0,,141.0,54.0,888.0,149.0,-639.0,,593.0
12.0,-70.0,,146.0,44.0,888.0,158.0,-550.0,,610.0
-36.0,-154.0,,123.0,70.0,680.0,173.0,-835.0,,628.0
-45.0,-153.0,,124.0,122.0,172.0,166.0,-772.0,,636.0
-49.0,-68.0,,109.0,154.0,-239.0,153.0,-803.0,,636.0
10.0,55.0,,104.0,213.0,-437.0,119.0,-829.0,,640.0
-54.0,107.0,,112.0,241.0,-432.0,56.0,-667.0,,631.0
-77.0,74.0,,103.0,223.0,-396.0,42.0,-724.0,,609.0
-47.0,48.0,,74.0,219.0,-411.0,57.0,-437.0,,594.0
-112.0,30.0,,86.0,173.0,-313.0,85.0,-436.0,,576.0
-19.0,60.0,,103.0,112.0,-158.0,118.0,-347.0,,565.0
-268.0,17.0,,100.0,111.0,77.0,123.0,-375.0,,576.0
10.0,-184.0,,139.0,105.0,377.0,139.0,-463.0,,591.0
-291.0,-386.0,,152.0,93.0,611.0,132.0,-315.0,,594.0
-43.0,-568.0,,199.0,111.0,806.0,113.0,-480.0,,593.0
-221.0,-654.0,,229.0,81.0,968.0,84.0,-317.0,,594.0
-218.0,-606.0,,263.0,33.0,985.0,48.0,-319.0,,572.0
-135.0,-577.0,,306.0,5.0,899.0,30.0,-109.0,,522.0
-426.0,-605.0,,305.0,-54.0,758.0,14.0,162.0,,466.0
-83.0,-526.0,,336.0,-83.0,701.0,0.0,99.0,,413.0
-606.0,-436.0,,370.0,-85.0,584.0,-6.0,190.0,,359.0
-35.0,-346.0,,426.0,-124.0,343.0,15.0,-72.0,,290.0
-586.0,-191.0,,453.0,-124.0,245.0,48.0,5.0,,214.0
-392.0,-86.0,,467.0,-84.0,235.0,70.0,-59.0,,147.0
-374.0,69.0,,474.0,-80.0,417.0,77.0,-188.0,,96.0
-430.0,138.0,,463.0,-82.0,444.0,84.0,-164.0,,62.0
-86.0,185.0,,432.0,-88.0,262.0,74.0,-460.0,,34.0
-748.0,268.0,,376.0,-95.0,118.0,73.0,-375.0,,16.0
75.0,240.0,,369.0,-48.0,33.0,102.0,-558.0,,3.0
-537.0,203.0,,346.0,-14.0,160.0,91.0,-519.0,,-8.0
58.0,131.0,,359.0,-7.0,183.0,77.0,-363.0,,-13.0
-277.0,142.0,,368.0,43.0,179.0,79.0,-356.0,,-23.0
-195.0,156.0,,352.0,83.0,212.0,80.0,-97.0,,-40.0
134.0,73.0,,387.0,95.0,175.0,79.0,-251.0,,-43.0
-379.0,82.0,,412.0,118.0,182.0,69.0,-123.0,,-38.0
534.0,150.0,,425.0,99.0,117.0,71.0,-158.0,,-43.0
-250.0,58.0,,389.0,61.0,36.0,87.0,-225.0,,-64.0
544.0,-131.0,,339.0,46.0,26.0,99.0,-140.0,,-116.0
15.0,-58.0,,300.0,6.0,57.0,98.0,-343.0,,-181.0
333.0,162.0,,256.0,-7.0,-28.0,85.0,-168.0,,-247.0
501.0,273.0,,193.0,29.0,-153.0,67.0,-216.0,,-331.0
162.0,295.0,,128.0,29.0,-112.0,82.0,-192.0,,-435.0
843.0,347.0,,65.0,19.0,66.0,101.0,-332.0,,-543.0
-27.0,418.0,,12.0,26.0,246.0,65.0,-532.0,,-627.0
808.0,298.0,,-29.0,5.0,106.0,4.0,-363.0,,-681.0
158.0,78.0,,-60.0,16.0,-89.0,-56.0,-382.0,,-721.0
679.0,-58.0,,-58.0,62.0,-54.0,-57.0,42.0,,-740.0
507.0,-78.0,,-69.0,80.0,85.0,-45.0,245.0,,-738.0
387.0,-111.0,,-61.0,106.0,65.0,-78.0,417.0,,-699.0
776.0,-220.0,,-67.0,104.0,-148.0,-111.0,607.0,,-628.0
227.0,-190.0,,-59.0,55.0,-345.0,-152.0,519.0,,-556.0
965.0,4.0,,0.0,29.0,-571.0,-157.0,735.0,,-476.0
268.0,76.0,,44.0,-8.0,-664.0,-138.0,628.0,,-396.0
863.0,-39.0,,55.0,-58.0,-834.0,-134.0,801.0,,-293.0
387.0,-48.0,,45.0,-59.0,-919.0,-133.0,973.0,,-182.0
702.0,35.0,,68.0,-52.0,-786.0,-149.0,1097.0,,-82.0
622.0,90.0,,76.0,-49.0,-689.0,-188.0,1313.0,,40.0
502.0,118.0,,54.0,-29.0,-591.0,-237.0,1047.0,,174.0
852.0,142.0,,26.0,-55.0,-578.0,-249.0,995.0,,325.0
252.0,224.0,,11.0,-110.0,-340.0,-263.0,674.0,,482.0
881.0,175.0,,5.0,-112.0,-126.0,-291.0,546.0,,634.0
291.0,45.0,,-17.0,-91.0,-209.0,-332.0,572.0,,768.0
897.0,31.0,,-61.0,-62.0,-455.0,-387.0,495.0,,876.0
312.0,102.0,,-100.0,-2.0,-640.0,-428.0,740.0,,971.0
584.0,65.0,,-134.0,20.0,-494.0,-476.0,600.0,,1036.0
462.0,-82.0,,-204.0,29.0,-314.0,-507.0,572.0,,1081.0
347.0,-145.0,,-253.0,50.0,-221.0,-545.0,290.0,,1096.0
685.0,-257.0,,-290.0,0.0,-206.0,-587.0,42.0,,1106.0
31.0,-367.0,,-336.0,-60.0,-148.0,-611.0,49.0,,1117.0
727.0,-410.0,,-349.0,-89.0,-91.0,-643.0,-70.0,,1128.0
-7.0,-378.0,,-352.0,-128.0,-87.0,-665.0,175.0,,1167.0
649.0,-264.0,,-333.0,-128.0,-19.0,-667.0,127.0,,1202.0
42.0,-164.0,,-293.0,-106.0,-63.0,-681.0,267.0,,1238.0
405.0,-54.0,,-259.0,-115.0,-50.0,-694.0,286.0,,1276.0
350.0,19.0,,-249.0,-108.0,3.0,-697.0,125.0,,1322.0
-10.0,127.0,,-262.0,-107.0,-116.0,-718.0,177.0,,1349.0
573.0,160.0,,-262.0,-149.0,-499.0,-719.0,-84.0,,1350.0
-166.0,179.0,,-294.0,-159.0,-795.0,-720.0,9.0,,1344.0
742.0,268.0,,-363.0,-149.0,-563.0,-733.0,-48.0,,1297.0
-179.0,306.0,,-433.0,-158.0,-283.0,-732.0,-14.0,,1237.0
421.0,317.0,,-514.0,-132.0,-129.0,-730.0,107.0,,1149.0
70.0,293.0,,-595.0,-119.0,-43.0,-705.0,86.0,,1028.0
153.0,322.0,,-663.0,-111.0,31.0,-699.0,312.0,,919.0
572.0,189.0,,-697.0,-64.0,146.0,-719.0,218.0,,819.0
-176.0,-14.0,,-741.0,-61.0,133.0,-738.0,421.0,,760.0
506.0,-135.0,,-761.0,-61.0,80.0,-749.0,473.0,,726.0
-327.0,-178.0,,-751.0,-14.0,0.0,-729.0,413.0,,699.0
623.0,-112.0,,-754.0,0.0,27.0,-705.0,495.0,,695.0
-18.0,-142.0,,-736.0,2.0,29.0,-710.0,312.0,,722.0
211.0,-18.0,,-716.0,12.0,-100.0,-721.0,467.0,,766.0
317.0,203.0,,-667.0,-11.0,-218.0,-737.0,365.0,,804.0
-105.0,311.0,,-629.0,3.0,-317.0,-766.0,332.0,,832.0
550.0,381.0,,-595.0,44.0,-384.0,-785.0,253.0,,849.0
-243.0,487.0,,-542.0,48.0,-451.0,-786.0,59.0,,881.0
664.0,621.0,,-523.0,78.0,-379.0,-761.0,160.0,,909.0
-44.0,573.0,,-509.0,95.0,-206.0,-744.0,16.0,,899.0
525.0,474.0,,-520.0,53.0,6.0,-757.0,208.0,,845.0
286.0,455.0,,-545.0,58.0,172.0,-782.0,260.0,,779.0
117.0,457.0,,-556.0,64.0,196.0,-798.0,334.0,,714.0
630.0,385.0,,-577.0,49.0,239.0,-798.0,485.0,,646.0
0.0,220.0,,-609.0,91.0,192.0,-799.0,354.0,,592.0
779.0,152.0,,-615.0,96.0,4.0,-805.0,618.0,,547.0
-108.0,113.0,,-605.0,107.0,-189.0,-828.0,639.0,,518.0
736.0,-8.0,,-603.0,167.0,-386.0,-839.0,772.0,,509.0
262.0,-132.0,,-579.0,150.0,-509.0,-820.0,763.0,,531.0
325.0,-186.0,,-553.0,156.0,-617.0,-792.0,550.0,,560.0
547.0,-157.0,,-535.0,175.0,-670.0,-766.0,550.0,,591.0
74.0,-213.0,,-519.0,132.0,-634.0,-762.0,282.0,,638.0
771.0,-295.0,,-500.0,122.0,-718.0,-763.0,360.0,,709.0
-4.0,-249.0,,-467.0,100.0,-857.0,-778.0,269.0,,786.0
809.0,-221.0,,-450.0,52.0,-862.0,-804.0,230.0,,852.0
100.0,-247.0,,-438.0,58.0,-861.0,-802.0,208.0,,921.0
454.0,-276.0,,-425.0,26.0,-852.0,-797.0,-79.0,,971.0
401.0,-153.0,,-415.0,-15.0,-729.0,-793.0,-25.0,,1017.0
317.0,-10.0,,-397.0,-9.0,-731.0,-782.0,-212.0,,1043.0
666.0,-56.0,,-390.0,-84.0,-757.0,-780.0,-53.0,,1037.0
50.0,-99.0,,-413.0,-117.0,-774.0,-792.0,73.0,,1023.0
784.0,-76.0,,-457.0,-85.0,-700.0,-813.0,53.0,,1015.0
144.0,-20.0,,-487.0,-95.0,-411.0,-821.0,120.0,,1003.0
791.0,-168.0,,-485.0,-25.0,-406.0,-821.0,-186.0,,970.0
241.0,-307.0,,-504.0,26.0,-643.0,-816.0,-94.0,,949.0
516.0,-166.0,,-546.0,-11.0,-820.0,-821.0,-123.0,,928.0
634.0,-114.0,,-534.0,-22.0,-751.0,-844.0,14.0,,900.0
356.0,-178.0,,-512.0,-50.0,-646.0,-852.0,142.0,,857.0
890.0,-171.0,,-500.0,-91.0,-814.0,-856.0,-62.0,,800.0
215.0,-13.0,,-478.0,-67.0,-910.0,-847.0,-86.0,,731.0
868.0,74.0,,-463.0,-57.0,-856.0,-846.0,-463.0,,632.0
262.0,1.0,,-410.0,-69.0,-836.0,-853.0,-504.0,,532.0
727.0,-42.0,,-363.0,-39.0,-993.0,-822.0,-569.0,,445.0
460.0,-7.0,,-347.0,-47.0,-1110.0,-791.0,-567.0,,365.0
526.0,-2.0,,-301.0,-52.0,-1097.0,-777.0,-391.0,,291.0
657.0,-139.0,,-261.0,-22.0,-1077.0,-775.0,-508.0,,225.0
133.0,-121.0,,-261.0,-24.0,-891.0,-760.0,-293.0,,167.0
673.0,-30.0,,-257.0,14.0,-707.0,-746.0,-352.0,,118.0
89.0,-29.0,,-242.0,62.0,-610.0,-730.0,-195.0,,71.0
637.0,-17.0,,-249.0,88.0,-606.0,-690.0,-27.0,,37.0
157.0,60.0,,-238.0,176.0,-582.0,-698.0,-70.0,,14.0
387.0,233.0,,-199.0,229.0,-383.0,-739.0,179.0,,-2.0
314.0,270.0,,-183.0,215.0,-267.0,-772.0,75.0,,-2.0
219.0,249.0,,-169.0,201.0,-404.0,-763.0,166.0,,-2.0
511.0,291.0,,-168.0,120.0,-507.0,-748.0,133.0,,-2.0
21.0,309.0,,-180.0,45.0,-277.0,-737.0,197.0,,-5.0
556.0,213.0,,-173.0,43.0,-169.0,-701.0,397.0,,-9.0
184.0,-29.0,,-162.0,-2.0,-438.0,-712.0,349.0,,-14.0
491.0,-150.0,,-165.0,-19.0,-591.0,-716.0,498.0,,-19.0
170.0,-169.0,,-165.0,-27.0,-422.0,-702.0,186.0,,-22.0
333.0,-325.0,,-164.0,-113.0,-251.0,-652.0,55.0,,-26.0
456.0,-403.0,,-152.0,-141.0,-248.0,-587.0,-12.0,,-8.0
130.0,-317.0,,-127.0,-173.0,-239.0,-551.0,-94.0,,26.0
433.0,-205.0,,-101.0,-238.0,-100.0,-521.0,57.0,,78.0
245.0,-219.0,,-76.0,-227.0,36.0,-518.0,-59.0,,150.0
595.0,-238.0,,-55.0,-239.0,17.0,-498.0,36.0,,231.0
163.0,-75.0,,-5.0,-238.0,-70.0,-501.0,-169.0,,318.0
317.0,58.0,,20.0,-167.0,-104.0,-517.0,-271.0,,411.0
337.0,108.0,,66.0,-162.0,-74.0,-526.0,-360.0,,498.0
400.0,83.0,,141.0,-156.0,-83.0,-553.0,-593.0,,571.0
451.0,191.0,,190.0,-107.0,-146.0,-545.0,-458.0,,630.0
251.0,220.0,,252.0,-95.0,-147.0,-537.0,-593.0,,676.0
567.0,39.0,,295.0,-30.0,-91.0,-521.0,-506.0,,717.0
339.0,35.0,,311.0,32.0,-22.0,-481.0,-546.0,,731.0
688.0,48.0,,301.0,17.0,16.0,-445.0,-635.0,,726.0
448.0,57.0,,273.0,22.0,-113.0,-398.0,-585.0,,711.0
501.0,-45.0,,234.0,5.0,-183.0,-369.0,-763.0,,672.0
586.0,-119.0,,193.0,-44.0,-27.0,-356.0,-578.0,,614.0
532.0,-53.0,,170.0,-50.0,153.0,-345.0,-578.0,,535.0
703.0,-122.0,,143.0,-56.0,273.0,-343.0,-443.0,,443.0
467.0,-253.0,,100.0,-68.0,133.0,-346.0,-275.0,,337.0
683.0,-398.0,,62.0,-41.0,-2.0,-355.0,-219.0,,252.0
497.0,-326.0,,49.0,-33.0,185.0,-351.0,24.0,,195.0
652.0,-225.0,,27.0,-36.0,288.0,-340.0,-127.0,,168.0
483.0,-277.0,,-3.0,0.0,75.0,-318.0,-105.0,,180.0
523.0,-204.0,,-7.0,-1.0,-96.0,-294.0,-219.0,,216.0
641.0,-14.0,,6.0,-4.0,-56.0,-305.0,-269.0,,279.0
372.0,132.0,,34.0,39.0,-165.0,-305.0,-218.0,,367.0
387.0,114.0,,71.0,27.0,-540.0,-276.0,-456.0,,473.0
207.0,179.0,,103.0,4.0,-644.0,-263.0,-436.0,,561.0
518.0,343.0,,146.0,5.0,-355.0,-272.0,-698.0,,644.0
388.0,374.0,,184.0,-36.0,-321.0,-261.0,-788.0,,728.0
327.0,226.0,,190.0,-50.0,-534.0,-242.0,-866.0,,784.0
212.0,93.0,,186.0,-30.0,-523.0,-245.0,-944.0,,813.0
193.0,140.0,,161.0,-66.0,-339.0,-246.0,-694.0,,817.0
289.0,34.0,,119.0,-79.0,-333.0,-231.0,-681.0,,806.0
209.0,-156.0,,98.0,-67.0,-539.0,-215.0,-406.0,,787.0
268.0,-248.0,,72.0,-96.0,-630.0,-220.0,-345.0,,764.0
115.0,-226.0,,54.0,-74.0,-459.0,-258.0,-245.0,,731.0
265.0,-223.0,,57.0,-33.0,-306.0,-290.0,-121.0,,715.0
110.0,-370.0,,69.0,5.0,-484.0,-324.0,-188.0,,722.0
258.0,-358.0,,108.0,125.0,-758.0,-339.0,44.0,,729.0
122.0,-269.0,,140.0,205.0,-987.0,-319.0,-60.0,,742.0
92.0,-267.0,,152.0,223.0,-1075.0,-314.0,31.0,,748.0
162.0,-308.0,,188.0,260.0,-1003.0,-310.0,1.0,,758.0
48.0,-243.0,,207.0,247.0,-1108.0,-317.0,-96.0,,755.0
243.0,-133.0,,193.0,177.0,-1353.0,-323.0,-70.0,,731.0
-124.0,-179.0,,178.0,131.0,-1587.0,-308.0,-432.0,,710.0
33.0,-290.0,,176.0,92.0,-1565.0,-300.0,-532.0,,683.0
-76.0,-304.0,,189.0,65.0,-1326.0,-294.0,-781.0,,653.0
-27.0,-177.0,,171.0,83.0,-1424.0,-303.0,-744.0,,606.0
-65.0,-122.0,,166.0,41.0,-1671.0,-329.0,-574.0,,528.0
-212.0,-116.0,,169.0,-56.0,-1469.0,-367.0,-532.0,,413.0
70.0,-44.0,,155.0,-131.0,-1156.0,-391.0,-325.0,,277.0
-275.0,125.0,,131.0,-190.0,-1200.0,-392.0,-521.0,,125.0
-150.0,222.0,,118.0,-200.0,-1343.0,-369.0,-430.0,,-44.0
-281.0,172.0,,143.0,-162.0,-1150.0,-341.0,-537.0,,-202.0
-18.0,198.0,,166.0,-154.0,-642.0,-355.0,-618.0,,-345.0
-13.0,242.0,,171.0,-167.0,-450.0,-383.0,-452.0,,-476.0
-289.0,169.0,,162.0,-170.0,-686.0,-391.0,-552.0,,-567.0
-44.0,1.0,,145.0,-206.0,-895.0,-387.0,-439.0,,-618.0
-176.0,-94.0,,128.0,-228.0,-846.0,-353.0,-733.0,,-641.0
179.0,-197.0,,93.0,-205.0,-687.0,-297.0,-885.0,,-639.0
-174.0,-421.0,,41.0,-212.0,-749.0,-280.0,-966.0,,-627.0
-70.0,-625.0,,0.0,-222.0,-814.0,-288.0,-1071.0,,-607.0
44.0,-690.0,,-47.0,-188.0,-591.0,-284.0,-921.0,,-561.0
66.0,-620.0,,-86.0,-168.0,-233.0,-253.0,-1086.0,,-520.0
275.0,-567.0,,-91.0,-163.0,-69.0,-213.0,-953.0,,-480.0
-70.0,-441.0,,-101.0,-154.0,-141.0,-204.0,-1021.0,,-428.0
307.0,-184.0,,-89.0,-186.0,-232.0,-230.0,-986.0,,-383.0
123.0,15.0,,-54.0,-232.0,-220.0,-257.0,-801.0,,-349.0
356.0,64.0,,-18.0,-235.0,-116.0,-256.0,-883.0,,-310.0
248.0,74.0,,12.0,-230.0,-143.0,-261.0,-687.0,,-254.0
214.0,109.0,,20.0,-206.0,-235.0,-285.0,-720.0,,-212.0
426.0,42.0,,44.0,-142.0,-129.0,-289.0,-515.0,,-180.0
174.0,-99.0,,55.0,-110.0,126.0,-263.0,-393.0,,-173.0
329.0,-210.0,,58.0,-98.0,273.0,-233.0,-356.0,,-181.0
113.0,-242.0,,69.0,-61.0,307.0,-213.0,-86.0,,-216.0
379.0,-278.0,,76.0,-45.0,385.0,-202.0,-68.0,,-285.0
342.0,-370.0,,81.0,-21.0,603.0,-208.0,206.0,,-355.0
217.0,-362.0,,77.0,53.0,892.0,-217.0,188.0,,-456.0
86.0,-230.0,,60.0,92.0,839.0,-231.0,219.0,,-561.0
163.0,-121.0,,12.0,92.0,536.0,-252.0,229.0,,-679.0
287.0,-95.0,,-21.0,131.0,295.0,-266.0,-33.0,,-799.0
134.0,-81.0,,-59.0,113.0,210.0,-263.0,12.0,,-918.0
-16.0,-75.0,,-72.0,38.0,206.0,-252.0,-201.0,,-1025.0
125.0,-135.0,,-69.0,-3.0,106.0,-270.0,-177.0,,-1092.0
187.0,-245.0,,-73.0,-88.0,60.0,-293.0,-238.0,,-1144.0
40.0,-320.0,,-55.0,-191.0,100.0,-283.0,-242.0,,-1152.0
138.0,-322.0,,-81.0,-230.0,285.0,-273.0,-16.0,,-1142.0
-71.0,-296.0,,-108.0,-252.0,364.0,-271.0,-83.0,,-1089.0
246.0,-297.0,,-114.0,-256.0,58.0,-277.0,60.0,,-997.0
-106.0,-208.0,,-128.0,-197.0,-92.0,-285.0,-179.0,,-901.0
220.0,-2.0,,-110.0,-146.0,78.0,-280.0,-293.0,,-782.0
6.0,76.0,,-68.0,-122.0,87.0,-263.0,-443.0,,-675.0
13.0,77.0,,-48.0,-68.0,-164.0,-205.0,-667.0,,-566.0
151.0,153.0,,-33.0,-28.0,-487.0,-146.0,-495.0,,-471.0
-146.0,318.0,,-24.0,18.0,-692.0,-132.0,-604.0,,-385.0
376.0,393.0,,-36.0,105.0,-717.0,-125.0,-450.0,,-311.0
-227.0,378.0,,-17.0,111.0,-779.0,-126.0,-556.0,,-250.0
313.0,429.0,,9.0,63.0,-856.0,-160.0,-602.0,,-161.0
-295.0,437.0,,20.0,55.0,-740.0,-178.0,-545.0,,-86.0
132.0,384.0,,44.0,19.0,-594.0,-158.0,-746.0,,-23.0
-5.0,250.0,,51.0,-31.0,-585.0,-122.0,-535.0,,8.0
-219.0,216.0,,27.0,-28.0,-795.0,-88.0,-558.0,,16.0
234.0,256.0,,-4.0,-33.0,-995.0,-93.0,-330.0,,20.0
-416.0,253.0,,-34.0,-56.0,-851.0,-101.0,-134.0,,-17.0
362.0,302.0,,-40.0,-58.0,-744.0,-88.0,-51.0,,-71.0
-585.0,326.0,,-76.0,-68.0,-804.0,-54.0,190.0,,-132.0
120.0,383.0,,-107.0,-42.0,-832.0,-12.0,144.0,,-212.0
-205.0,317.0,,-110.0,46.0,-729.0,10.0,363.0,,-311.0
-150.0,185.0,,-153.0,86.0,-509.0,2.0,258.0,,-396.0
-153.0,138.0,,-200.0,85.0,-421.0,-17.0,229.0,,-478.0
-497.0,78.0,,-237.0,107.0,-447.0,1.0,258.0,,-561.0
244.0,82.0,,-268.0,115.0,-503.0,33.0,-46.0,,-603.0
-656.0,70.0,,-305.0,125.0,-453.0,60.0,-190.0,,-642.0
49.0,68.0,,-354.0,154.0,-373.0,97.0,-552.0,,-658.0
-747.0,38.0,,-389.0,150.0,-425.0,104.0,-509.0,,-653.0
-148.0,-84.0,,-425.0,133.0,-540.0,110.0,-478.0,,-634.0
-301.0,-198.0,,-458.0,119.0,-539.0,114.0,-402.0,,-598.0
-459.0,-255.0,,-457.0,58.0,-311.0,112.0,-73.0,,-557.0
-223.0,-181.0,,-441.0,16.0,-33.0,148.0,-68.0,,-504.0
-803.0,-199.0,,-393.0,26.0,275.0,180.0,116.0,,-459.0
-5.0,-213.0,,-316.0,-5.0,561.0,230.0,5.0,,-411.0
-696.0,-97.0,,-232.0,-45.0,786.0,266.0,29.0,,-374.0
-129.0,-30.0,,-150.0,-25.0,989.0,274.0,127.0,,-360.0
-604.0,25.0,,-86.0,-7.0,1109.0,306.0,168.0,,-355.0
-281.0,18.0,,-15.0,4.0,1114.0,318.0,552.0,,-369.0
-313.0,70.0,,45.0,30.0,895.0,335.0,657.0,,-395.0
-520.0,182.0,,79.0,24.0,594.0,361.0,818.0,,-418.0
-104.0,194.0,,101.0,50.0,392.0,383.0,574.0,,-443.0
-572.0,188.0,,122.0,91.0,260.0,408.0,260.0,,-475.0
31.0,205.0,,117.0,71.0,54.0,451.0,125.0,,-502.0
-533.0,131.0,,119.0,88.0,-27.0,511.0,-31.0,,-531.0
-85.0,3.0,,124.0,118.0,282.0,531.0,230.0,,-553.0
-341.0,-23.0,,105.0,69.0,567.0,553.0,197.0,,-578.0
-288.0,-24.0,,111.0,43.0,581.0,579.0,286.0,,-596.0
-261.0,35.0,,92.0,41.0,538.0,602.0,264.0,,-596.0
-558.0,74.0,,90.0,3.0,641.0,635.0,149.0,,-601.0
-96.0,74.0,,124.0,15.0,779.0,647.0,227.0,,-586.0
-531.0,145.0,,140.0,19.0,652.0,649.0,-22.0,,-565.0
-284.0,172.0,,159.0,-7.0,448.0,660.0,-29.0,,-553.0
-640.0,163.0,,165.0,27.0,442.0,660.0,-160.0,,-556.0
-326.0,162.0,,177.0,29.0,540.0,646.0,-9.0,,-576.0
-476.0,220.0,,193.0,18.0,625.0,681.0,221.0,,-595.0
-595.0,266.0,,184.0,90.0,686.0,709.0,109.0,,-634.0
-460.0,265.0,,171.0,135.0,800.0,720.0,118.0,,-682.0
-668.0,320.0,,147.0,141.0,978.0,743.0,-216.0,,-737.0
-483.0,486.0,,91.0,172.0,1112.0,741.0,-256.0,,-795.0
-884.0,611.0,,39.0,145.0,1137.0,741.0,-249.0,,-842.0
-572.0,507.0,,-27.0,114.0,1120.0,750.0,-147.0,,-892.0
-737.0,458.0,,-98.0,138.0,1163.0,770.0,66.0,,-936.0
-658.0,537.0,,-134.0,119.0,1245.0,797.0,-59.0,,-980.0
-838.0,415.0,,-162.0,131.0,1156.0,823.0,88.0,,-1018.0
-850.0,174.0,,-179.0,184.0,913.0,833.0,-38.0,,-1044.0
-636.0,80.0,,-204.0,170.0,876.0,827.0,-77.0,,-1059.0
-846.0,71.0,,-210.0,174.0,968.0,816.0,-208.0,,-1067.0
-642.0,-49.0,,-221.0,181.0,1045.0,822.0,-469.0,,-1070.0
-964.0,-269.0,,-216.0,109.0,1095.0,818.0,-330.0,,-1052.0
-602.0,-334.0,,-186.0,78.0,1087.0,778.0,-332.0,,-1042.0
-748.0,-288.0,,-166.0,72.0,1101.0,744.0,29.0,,-1031.0
-752.0,-328.0,,-112.0,24.0,1081.0,739.0,234.0,,-999.0
-777.0,-384.0,,-62.0,25.0,1053.0,760.0,371.0,,-962.0
-910.0,-375.0,,-7.0,26.0,998.0,764.0,559.0,,-918.0
-679.0,-243.0,,37.0,11.0,951.0,761.0,561.0,,-863.0
-885.0,-145.0,,72.0,44.0,857.0,757.0,897.0,,-806.0
-667.0,-115.0,,122.0,18.0,661.0,732.0,907.0,,-753.0
-924.0,-34.0,,145.0,-35.0,614.0,707.0,1066.0,,-707.0
-741.0,131.0,,158.0,-9.0,760.0,705.0,1053.0,,-672.0
-849.0,307.0,,169.0,9.0,916.0,704.0,873.0,,-637.0
-831.0,310.0,,158.0,27.0,1054.0,676.0,949.0,,-605.0
-749.0,370.0,,134.0,65.0,1101.0,654.0,676.0,,-583.0
-822.0,515.0,,138.0,29.0,935.0,638.0,624.0,,-563.0
-594.0,557.0,,156.0,11.0,809.0,625.0,306.0,,-532.0
-916.0,473.0,,156.0,29.0,845.0,618.0,164.0,,-494.0
-678.0,371.0,,158.0,-14.0,815.0,608.0,312.0,,-449.0
-773.0,370.0,,179.0,-17.0,671.0,562.0,371.0,,-416.0
-631.0,280.0,,201.0,7.0,730.0,508.0,661.0,,-402.0
-688.0,72.0,,220.0,-13.0,874.0,481.0,485.0,,-377.0
-756.0,-122.0,,244.0,1.0,783.0,448.0,432.0,,-356.0
-624.0,-162.0,,245.0,-2.0,682.0,412.0,256.0,,-349.0
-717.0,-261.0,,230.0,-60.0,567.0,375.0,97.0,,-340.0
-497.0,-438.0,,207.0,-76.0,395.0,372.0,171.0,,-330.0
-757.0,-434.0,,172.0,-132.0,379.0,375.0,-94.0,,-329.0
-548.0,-441.0,,141.0,-195.0,519.0,374.0,-131.0,,-333.0
-580.0,-494.0,,138.0,-162.0,660.0,381.0,-391.0,,-335.0
-547.0,-582.0,,157.0,-158.0,602.0,373.0,-397.0,,-344.0
-433.0,-582.0,,170.0,-152.0,469.0,381.0,-245.0,,-355.0
-487.0,-476.0,,175.0,-97.0,534.0,385.0,-319.0,,-352.0
-400.0,-412.0,,186.0,-93.0,637.0,390.0,-240.0,,-343.0
-563.0,-388.0,,221.0,-71.0,653.0,417.0,-413.0,,-324.0
-386.0,-293.0,,269.0,-44.0,678.0,444.0,-247.0,,-284.0
-419.0,-152.0,,299.0,-74.0,751.0,451.0,-118.0,,-234.0
-387.0,-127.0,,329.0,-48.0,856.0,429.0,14.0,,-156.0
-398.0,-34.0,,353.0,-18.0,758.0,405.0,138.0,,-59.0
-357.0,149.0,,366.0,-28.0,528.0,408.0,-64.0,,23.0
-353.0,352.0,,377.0,18.0,546.0,403.0,57.0,,121.0
-395.0,463.0,,366.0,48.0,542.0,395.0,-42.0,,233.0
-269.0,503.0,,380.0,59.0,406.0,384.0,51.0,,351.0
-358.0,619.0,,391.0,114.0,309.0,359.0,-3.0,,476.0
-271.0,674.0,,387.0,124.0,164.0,353.0,-315.0,,586.0
-313.0,588.0,,397.0,155.0,-28.0,357.0,-399.0,,692.0
-307.0,464.0,,411.0,209.0,-241.0,377.0,-652.0,,799.0
-315.0,450.0,,447.0,214.0,-298.0,398.0,-443.0,,889.0
-325.0,422.0,,471.0,270.0,-315.0,406.0,-450.0,,942.0
-307.0,342.0,,494.0,322.0,-304.0,420.0,-430.0,,965.0
-350.0,224.0,,513.0,301.0,-376.0,431.0,-375.0,,972.0
-322.0,183.0,,534.0,304.0,-596.0,418.0,-541.0,,973.0
-346.0,178.0,,551.0,278.0,-615.0,412.0,-258.0,,971.0
-301.0,7.0,,544.0,202.0,-703.0,413.0,-245.0,,966.0
-412.0,-128.0,,553.0,175.0,-984.0,398.0,-31.0,,967.0
-447.0,-122.0,,577.0,126.0,-1208.0,385.0,-22.0,,974.0
-462.0,-82.0,,572.0,91.0,-1170.0,362.0,-103.0,,974.0
-384.0,-236.0,,546.0,125.0,-832.0,349.0,112.0,,966.0
-354.0,-345.0,,522.0,94.0,-445.0,354.0,81.0,,968.0
-552.0,-249.0,,490.0,76.0,-227.0,338.0,402.0,,960.0
-556.0,-175.0,,456.0,79.0,-112.0,292.0,260.0,,964.0
-507.0,-159.0,,442.0,12.0,49.0,244.0,-42.0,,973.0
-475.0,-172.0,,433.0,0.0,114.0,234.0,-325.0,,943.0
-545.0,-1.0,,412.0,6.0,37.0,228.0,-641.0,,906.0
-513.0,129.0,,401.0,-35.0,-225.0,221.0,-493.0,,842.0
-502.0,14.0,,398.0,-17.0,-431.0,223.0,-591.0,,752.0
-506.0,-54.0,,408.0,-2.0,-265.0,215.0,-412.0,,652.0
-435.0,28.0,,409.0,-3.0,-184.0,202.0,-297.0,,535.0
-422.0,83.0,,419.0,53.0,-345.0,185.0,-155.0,,416.0
-372.0,18.0,,426.0,28.0,-492.0,200.0,48.0,,306.0
-475.0,-39.0,,427.0,-20.0,-530.0,213.0,-181.0,,212.0
-367.0,41.0,,453.0,6.0,-378.0,212.0,-256.0,,119.0
-260.0,195.0,,460.0,0.0,-344.0,224.0,-519.0,,40.0
-328.0,198.0,,443.0,6.0,-402.0,216.0,-495.0,,-25.0
-331.0,98.0,,414.0,32.0,-250.0,187.0,-509.0,,-75.0
-324.0,41.0,,393.0,13.0,10.0,149.0,-585.0,,-107.0
-209.0,12.0,,353.0,46.0,143.0,142.0,-432.0,,-125.0
-236.0,-122.0,,305.0,71.0,136.0,149.0,-624.0,,-133.0
-282.0,-309.0,,286.0,26.0,231.0,129.0,-609.0,,-143.0
-311.0,-351.0,,281.0,48.0,474.0,105.0,-857.0,,-139.0
-277.0,-347.0,,249.0,49.0,728.0,95.0,-949.0,,-145.0
-249.0,-366.0,,184.0,3.0,742.0,88.0,-912.0,,-155.0
-358.0,-386.0,,125.0,24.0,567.0,70.0,-1023.0,,-157.0
-257.0,-333.0,,73.0,7.0,471.0,34.0,-801.0,,-136.0
-187.0,-218.0,,64.0,-3.0,491.0,-20.0,-899.0,,-96.0
-228.0,-137.0,,58.0,42.0,497.0,-36.0,-696.0,,-59.0
-317.0,-72.0,,49.0,40.0,380.0,-32.0,-672.0,,-15.0
-277.0,-44.0,,79.0,58.0,200.0,-31.0,-703.0,,16.0
-155.0,-87.0,,103.0,72.0,102.0,2.0,-456.0,,36.0
-232.0,-171.0,,146.0,7.0,132.0,19.0,-509.0,,44.0
-230.0,-236.0,,169.0,-19.0,110.0,15.0,-253.0,,39.0
-253.0,-321.0,,177.0,-28.0,91.0,23.0,-328.0,,22.0
-257.0,-411.0,,219.0,-65.0,210.0,29.0,-188.0,,-8.0
-192.0,-403.0,,242.0,-37.0,380.0,14.0,53.0,,-27.0
-249.0,-327.0,,243.0,-18.0,431.0,-6.0,73.0,,-39.0
-275.0,-313.0,,225.0,-25.0,351.0,-20.0,303.0,,-42.0
-263.0,-302.0,,230.0,16.0,202.0,-20.0,140.0,,0.0
-252.0,-215.0,,245.0,-9.0,61.0,-6.0,306.0,,71.0
-222.0,-111.0,,250.0,-45.0,35.0,-15.0,356.0,,161.0
-160.0,-29.0,,286.0,-13.0,-45.0,0.0,426.0,,273.0
-192.0,-23.0,,318.0,-8.0,-204.0,19.0,613.0,,389.0
-250.0,24.0,,335.0,42.0,-285.0,26.0,484.0,,513.0
-198.0,129.0,,335.0,110.0,-160.0,42.0,583.0,,637.0
-207.0,145.0,,303.0,89.0,-96.0,51.0,386.0,,755.0
-122.0,75.0,,290.0,83.0,-317.0,81.0,397.0,,869.0
-167.0,6.0,,308.0,73.0,-444.0,90.0,384.0,,962.0
-205.0,25.0,,304.0,19.0,-301.0,85.0,328.0,,1047.0
-147.0,43.0,,291.0,14.0,-16.0,67.0,424.0,,1118.0
-207.0,27.0,,284.0,-3.0,123.0,59.0,171.0,,1161.0
-104.0,85.0,,268.0,-36.0,63.0,62.0,162.0,,1186.0
-147.0,183.0,,252.0,-3.0,51.0,42.0,-79.0,,1196.0
-109.0,208.0,,227.0,-14.0,150.0,55.0,-186.0,,1186.0
-140.0,113.0,,176.0,-49.0,292.0,70.0,-245.0,,1153.0
-176.0,72.0,,114.0,-20.0,342.0,90.0,-423.0,,1106.0
-202.0,164.0,,60.0,-25.0,443.0,111.0,-169.0,,1038.0
-308.0,233.0,,16.0,-3.0,715.0,107.0,-109.0,,945.0
-223.0,236.0,,-22.0,53.0,1012.0,107.0,138.0,,860.0
-304.0,221.0,,-53.0,33.0,1120.0,103.0,147.0,,766.0
-271.0,301.0,,-86.0,13.0,1049.0,102.0,73.0,,671.0
-429.0,326.0,,-117.0,-12.0,1243.0,100.0,147.0,,587.0
-412.0,213.0,,-134.0,-81.0,1486.0,103.0,12.0,,498.0
-397.0,80.0,,-141.0,-90.0,1275.0,109.0,264.0,,421.0
-521.0,-18.0,,-126.0,-92.0,902.0,108.0,251.0,,337.0
-483.0,-95.0,,-89.0,-125.0,628.0,85.0,341.0,,254.0
-576.0,-293.0,,-67.0,-76.0,485.0,42.0,408.0,,176.0
-432.0,-421.0,,-52.0,-15.0,360.0,15.0,358.0,,114.0
-509.0,-457.0,,-35.0,24.0,178.0,5.0,589.0,,70.0
-515.0,-468.0,,-13.0,100.0,101.0,10.0,413.0,,34.0
-514.0,-417.0,,12.0,104.0,151.0,21.0,382.0,,17.0
-429.0,-358.0,,26.0,80.0,344.0,13.0,157.0,,28.0
-324.0,-136.0,,21.0,94.0,498.0,-3.0,86.0,,84.0
-415.0,88.0,,-1.0,60.0,357.0,6.0,254.0,,146.0
-316.0,203.0,,-24.0,36.0,148.0,0.0,232.0,,226.0
-327.0,269.0,,-33.0,58.0,165.0,-18.0,445.0,,313.0
-249.0,249.0,,-10.0,35.0,283.0,-7.0,290.0,,397.0
-306.0,235.0,,31.0,35.0,294.0,2.0,351.0,,493.0
-277.0,184.0,,79.0,77.0,281.0,1.0,304.0,,574.0
-277.0,89.0,,114.0,87.0,484.0,18.0,179.0,,670.0
-323.0,44.0,,152.0,108.0,843.0,37.0,227.0,,792.0
-221.0,48.0,,179.0,111.0,1084.0,44.0,33.0,,928.0
-262.0,69.0,,204.0,80.0,1147.0,46.0,236.0,,1052.0
-229.0,67.0,,258.0,79.0,1139.0,49.0,210.0,,1156.0
-283.0,2.0,,294.0,56.0,1297.0,50.0,388.0,,1241.0
-224.0,-60.0,,301.0,19.0,1398.0,45.0,655.0,,1300.0
-164.0,-61.0,,288.0,22.0,1143.0,34.0,750.0,,1347.0
-194.0,-116.0,,290.0,-3.0,767.0,23.0,1058.0,,1361.0
-161.0,-216.0,,275.0,-47.0,562.0,21.0,942.0,,1330.0
-127.0,-307.0,,246.0,-60.0,584.0,-1.0,979.0,,1276.0
-87.0,-366.0,,218.0,-72.0,503.0,-32.0,777.0,,1203.0
-54.0,-366.0,,177.0,-65.0,310.0,-38.0,546.0,,1119.0
22.0,-406.0,,128.0,-26.0,175.0,-34.0,522.0,,1035.0
58.0,-387.0,,82.0,-4.0,262.0,-11.0,362.0,,968.0
126.0,-233.0,,16.0,7.0,480.0,6.0,615.0,,928.0
193.0,-88.0,,-66.0,14.0,501.0,14.0,620.0,,906.0
215.0,-9.0,,-117.0,-1.0,450.0,27.0,818.0,,912.0
168.0,96.0,,-194.0,4.0,563.0,49.0,949.0,,917.0
217.0,242.0,,-261.0,32.0,828.0,99.0,925.0,,902.0
299.0,335.0,,-295.0,18.0,839.0,121.0,1147.0,,870.0
301.0,299.0,,-334.0,-15.0,620.0,100.0,879.0,,811.0
275.0,177.0,,-349.0,-33.0,471.0,70.0,827.0,,732.0
163.0,136.0,,-348.0,-64.0,563.0,50.0,654.0,,636.0
252.0,145.0,,-340.0,-89.0,722.0,62.0,563.0,,540.0
279.0,118.0,,-343.0,-100.0,667.0,85.0,576.0,,444.0
203.0,139.0,,-330.0,-102.0,536.0,62.0,314.0,,343.0
172.0,259.0,,-304.0,-73.0,434.0,-23.0,391.0,,250.0
197.0,333.0,,-298.0,-44.0,534.0,-59.0,218.0,,171.0
326.0,270.0,,-297.0,-37.0,636.0,-43.0,258.0,,117.0
177.0,183.0,,-295.0,-22.0,717.0,-29.0,186.0,,71.0
62.0,156.0,,-276.0,-32.0,719.0,-18.0,136.0,,40.0
156.0,152.0,,-263.0,-71.0,674.0,-17.0,312.0,,30.0
200.0,76.0,,-253.0,-52.0,872.0,24.0,142.0,,32.0
183.0,0.0,,-274.0,-18.0,880.0,47.0,341.0,,43.0
66.0,14.0,,-306.0,-5.0,562.0,17.0,343.0,,63.0
73.0,77.0,,-303.0,36.0,276.0,2.0,569.0,,71.0
122.0,109.0,,-325.0,36.0,427.0,21.0,833.0,,73.0
66.0,66.0,,-328.0,3.0,625.0,52.0,838.0,,96.0
47.0,20.0,,-326.0,-2.0,386.0,63.0,1091.0,,111.0
-57.0,88.0,,-320.0,-28.0,-26.0,49.0,1027.0,,131.0
37.0,175.0,,-292.0,-52.0,-134.0,26.0,1228.0,,164.0
-4.0,165.0,,-265.0,-30.0,198.0,21.0,1245.0,,198.0
-150.0,162.0,,-217.0,-38.0,198.0,9.0,1317.0,,246.0
-127.0,179.0,,-172.0,-81.0,-87.0,12.0,1522.0,,294.0
-230.0,187.0,,-151.0,-99.0,-101.0,-16.0,1419.0,,348.0
-38.0,157.0,,-150.0,-134.0,66.0,-74.0,1572.0,,407.0
-236.0,129.0,,-126.0,-157.0,66.0,-60.0,1387.0,,466.0
-163.0,125.0,,-124.0,-144.0,-278.0,-41.0,1494.0,,543.0
-119.0,64.0,,-121.0,-135.0,-521.0,-17.0,1555.0,,616.0
-190.0,12.0,,-100.0,-83.0,-456.0,-26.0,1481.0,,668.0
23.0,-48.0,,-113.0,-13.0,-338.0,-57.0,1629.0,,720.0
-297.0,-109.0,,-126.0,11.0,-444.0,-51.0,1385.0,,755.0
-48.0,-137.0,,-162.0,32.0,-634.0,-59.0,1426.0,,768.0
-257.0,-163.0,,-175.0,39.0,-688.0,-61.0,1138.0,,764.0
-35.0,-161.0,,-162.0,9.0,-671.0,-57.0,931.0,,738.0
-41.0,-175.0,,-137.0,21.0,-614.0,-50.0,942.0,,726.0
-272.0,-145.0,,-79.0,43.0,-745.0,-62.0,840.0,,707.0
41.0,-62.0,,-31.0,39.0,-1084.0,-70.0,1077.0,,686.0
-292.0,2.0,,6.0,85.0,-1142.0,-85.0,929.0,,668.0
120.0,44.0,,32.0,116.0,-1005.0,-88.0,934.0,,628.0
-272.0,111.0,,72.0,92.0,-1155.0,-52.0,737.0,,600.0
0.0,280.0,,96.0,83.0,-1469.0,-33.0,541.0,,584.0
-8.0,421.0,,92.0,21.0,-1593.0,-18.0,635.0,,573.0
-210.0,446.0,,79.0,-79.0,-1471.0,-36.0,502.0,,562.0
197.0,407.0,,51.0,-132.0,-1402.0,-65.0,755.0,,564.0
-259.0,397.0,,26.0,-182.0,-1452.0,-69.0,759.0,,565.0
184.0,354.0,,-11.0,-180.0,-1432.0,-66.0,903.0,,578.0
-115.0,209.0,,-67.0,-114.0,-1212.0,-74.0,977.0,,615.0
245.0,56.0,,-130.0,-95.0,-993.0,-106.0,811.0,,646.0
162.0,-46.0,,-176.0,-71.0,-856.0,-157.0,855.0,,688.0
-14.0,-135.0,,-215.0,-28.0,-645.0,-168.0,659.0,,742.0
341.0,-287.0,,-267.0,-59.0,-468.0,-126.0,916.0,,813.0
50.0,-423.0,,-297.0,-99.0,-335.0,-85.0,1019.0,,870.0
481.0,-467.0,,-303.0,-116.0,-321.0,-56.0,1167.0,,916.0
74.0,-473.0,,-318.0,-166.0,-288.0,-78.0,1339.0,,958.0
380.0,-528.0,,-311.0,-181.0,-221.0,-116.0,1093.0,,968.0
384.0,-553.0,,-275.0,-176.0,-182.0,-108.0,1165.0,,975.0
367.0,-495.0,,-227.0,-189.0,-156.0,-105.0,951.0,,938.0
499.0,-416.0,,-162.0,-143.0,-308.0,-116.0,944.0,,864.0
238.0,-337.0,,-83.0,-110.0,-508.0,-102.0,907.0,,787.0
695.0,-333.0,,-16.0,-130.0,-655.0,-73.0,840.0,,707.0
534.0,-278.0,,28.0,-120.0,-596.0,-69.0,1058.0,,647.0
683.0,-109.0,,69.0,-147.0,-402.0,-91.0,899.0,,588.0
552.0,-25.0,,68.0,-190.0,-306.0,-84.0,955.0,,548.0
679.0,9.0,,62.0,-139.0,-64.0,-64.0,739.0,,535.0
848.0,148.0,,76.0,-79.0,492.0,-76.0,537.0,,527.0
772.0,285.0,,89.0,-29.0,1095.0,-79.0,445.0,,542.0
970.0,332.0,,103.0,54.0,1431.0,-65.0,306.0,,560.0
842.0,306.0,,117.0,78.0,1390.0,-91.0,587.0,,587.0
1014.0,277.0,,118.0,89.0,1355.0,-119.0,646.0,,624.0
967.0,256.0,,103.0,121.0,1560.0,-99.0,942.0,,675.0
1028.0,175.0,,96.0,94.0,1376.0,-66.0,1106.0,,747.0
974.0,72.0,,102.0,86.0,878.0,-40.0,1252.0,,811.0
923.0,13.0,,107.0,99.0,661.0,-54.0,1504.0,,874.0
978.0,14.0,,130.0,66.0,553.0,-84.0,1291.0,,935.0
948.0,-4.0,,131.0,59.0,357.0,-115.0,1258.0,,993.0
953.0,-31.0,,117.0,35.0,189.0,-124.0,988.0,,1036.0
845.0,-76.0,,157.0,-50.0,199.0,-94.0,873.0,,1062.0
855.0,-101.0,,184.0,-105.0,325.0,-79.0,733.0,,1074.0
759.0,-158.0,,199.0,-136.0,350.0,-49.0,485.0,,1062.0
789.0,-288.0,,218.0,-146.0,350.0,-31.0,580.0,,1043.0
699.0,-323.0,,230.0,-77.0,413.0,-44.0,452.0,,995.0
716.0,-315.0,,216.0,4.0,428.0,-46.0,630.0,,932.0
670.0,-305.0,,153.0,67.0,503.0,-23.0,611.0,,859.0
649.0,-345.0,,99.0,140.0,615.0,-2.0,668.0,,770.0
642.0,-362.0,,41.0,140.0,660.0,-12.0,801.0,,666.0
477.0,-324.0,,-18.0,87.0,681.0,-31.0,558.0,,552.0
567.0,-312.0,,-55.0,48.0,686.0,-47.0,580.0,,426.0
477.0,-252.0,,-90.0,-26.0,609.0,-59.0,221.0,,298.0
497.0,-182.0,,-103.0,-85.0,319.0,-74.0,75.0,,185.0
349.0,-112.0,,-115.0,-75.0,88.0,-72.0,-11.0,,71.0
364.0,-42.0,,-139.0,-73.0,64.0,-68.0,-129.0,,-14.0
378.0,30.0,,-159.0,-79.0,128.0,-83.0,62.0,,-80.0
368.0,98.0,,-162.0,-107.0,138.0,-80.0,-16.0,,-126.0
415.0,99.0,,-168.0,-179.0,56.0,-67.0,81.0,,-162.0
200.0,21.0,,-179.0,-190.0,191.0,-99.0,-138.0,,-215.0
356.0,0.0,,-153.0,-158.0,523.0,-172.0,-225.0,,-265.0
304.0,19.0,,-137.0,-156.0,736.0,-191.0,-218.0,,-326.0
306.0,-17.0,,-109.0,-119.0,742.0,-179.0,-412.0,,-396.0
144.0,-39.0,,-67.0,-57.0,792.0,-151.0,-299.0,,-472.0
176.0,-16.0,,-58.0,-17.0,841.0,-114.0,-406.0,,-527.0
311.0,19.0,,-34.0,34.0,797.0,-143.0,-195.0,,-543.0
194.0,6.0,,-17.0,80.0,732.0,-187.0,-155.0,,-531.0
304.0,-5.0,,-10.0,103.0,600.0,-218.0,-103.0,,-478.0
170.0,-15.0,,-13.0,134.0,597.0,-213.0,162.0,,-394.0
317.0,0.0,,-24.0,114.0,825.0,-215.0,160.0,,-285.0
254.0,-57.0,,-27.0,74.0,1137.0,-210.0,443.0,,-157.0
367.0,-168.0,,-57.0,76.0,1135.0,-148.0,447.0,,-33.0
389.0,-153.0,,-81.0,58.0,929.0,-123.0,594.0,,72.0
324.0,-142.0,,-98.0,55.0,943.0,-146.0,633.0,,159.0
517.0,-161.0,,-119.0,106.0,1141.0,-188.0,495.0,,234.0
335.0,-218.0,,-128.0,143.0,1287.0,-184.0,502.0,,288.0
460.0,-171.0,,-126.0,153.0,1258.0,-153.0,164.0,,322.0
376.0,8.0,,-90.0,147.0,1235.0,-124.0,201.0,,343.0
537.0,78.0,,-57.0,95.0,1286.0,-85.0,101.0,,347.0
505.0,117.0,,-19.0,41.0,1396.0,-132.0,164.0,,333.0
398.0,233.0,,23.0,26.0,1384.0,-194.0,445.0,,303.0
582.0,350.0,,38.0,-6.0,1313.0,-205.0,443.0,,256.0
454.0,353.0,,44.0,-30.0,1308.0,-174.0,617.0,,200.0
605.0,269.0,,32.0,-36.0,1279.0,-122.0,356.0,,145.0
441.0,245.0,,6.0,-85.0,1257.0,-100.0,216.0,,86.0
504.0,238.0,,-16.0,-124.0,1022.0,-71.0,84.0,,20.0
452.0,153.0,,-65.0,-152.0,719.0,-71.0,-99.0,,-41.0
414.0,74.0,,-104.0,-195.0,575.0,-125.0,-70.0,,-113.0
490.0,105.0,,-122.0,-206.0,568.0,-133.0,-267.0,,-172.0
254.0,250.0,,-157.0,-221.0,599.0,-123.0,-173.0,,-217.0
431.0,320.0,,-197.0,-246.0,539.0,-141.0,-338.0,,-260.0
297.0,300.0,,-262.0,-211.0,568.0,-111.0,-450.0,,-285.0
406.0,279.0,,-325.0,-164.0,622.0,-46.0,-563.0,,-295.0
318.0,218.0,,-380.0,-148.0,585.0,-32.0,-862.0,,-285.0
250.0,137.0,,-417.0,-126.0,552.0,-66.0,-711.0,,-269.0
306.0,27.0,,-428.0,-125.0,421.0,-43.0,-753.0,,-251.0
167.0,-86.0,,-454.0,-137.0,197.0,5.0,-600.0,,-245.0
358.0,-135.0,,-474.0,-111.0,180.0,22.0,-558.0,,-253.0
186.0,-68.0,,-470.0,-93.0,254.0,31.0,-498.0,,-264.0
330.0,-47.0,,-454.0,-60.0,-1.0,24.0,-290.0,,-297.0
182.0,-4.0,,-425.0,17.0,-438.0,40.0,-319.0,,-359.0
269.0,106.0,,-410.0,44.0,-631.0,60.0,-57.0,,-437.0
295.0,75.0,,-388.0,54.0,-638.0,60.0,-158.0,,-520.0
167.0,5.0,,-326.0,68.0,-701.0,64.0,-173.0,,-580.0
356.0,-40.0,,-300.0,36.0,-894.0,49.0,-251.0,,-630.0
202.0,-89.0,,-301.0,24.0,-1044.0,6.0,-382.0,,-672.0
416.0,-186.0,,-321.0,12.0,-1020.0,-12.0,-227.0,,-690.0
205.0,-271.0,,-331.0,-23.0,-1163.0,28.0,-415.0,,-687.0
375.0,-254.0,,-305.0,9.0,-1416.0,62.0,-288.0,,-667.0
355.0,-188.0,,-321.0,56.0,-1410.0,47.0,-388.0,,-641.0
340.0,-187.0,,-327.0,64.0,-1299.0,-3.0,-371.0,,-595.0
397.0,-183.0,,-332.0,122.0,-1371.0,-30.0,-249.0,,-546.0
298.0,-67.0,,-352.0,158.0,-1474.0,-26.0,-487.0,,-491.0
637.0,13.0,,-374.0,137.0,-1308.0,-37.0,-467.0,,-441.0
446.0,13.0,,-422.0,137.0,-1015.0,-20.0,-759.0,,-407.0
631.0,-35.0,,-439.0,92.0,-947.0,-24.0,-752.0,,-381.0
510.0,-45.0,,-419.0,31.0,-1072.0,-59.0,-705.0,,-381.0
659.0,-54.0,,-394.0,38.0,-1053.0,-85.0,-683.0,,-388.0
723.0,-59.0,,-393.0,56.0,-953.0,-104.0,-480.0,,-417.0
655.0,-7.0,,-387.0,88.0,-953.0,-87.0,-659.0,,-456.0
819.0,23.0,,-366.0,134.0,-1090.0,-85.0,-556.0,,-486.0
700.0,57.0,,-382.0,124.0,-1405.0,-93.0,-639.0,,-519.0
905.0,58.0,,-408.0,118.0,-1563.0,-87.0,-583.0,,-553.0
766.0,47.0,,-442.0,119.0,-1535.0,-104.0,-437.0,,-591.0
906.0,129.0,,-473.0,79.0,-1454.0,-120.0,-548.0,,-617.0
894.0,237.0,,-490.0,100.0,-1415.0,-112.0,-467.0,,-654.0
883.0,202.0,,-495.0,154.0,-1604.0,-93.0,-720.0,,-671.0
897.0,117.0,,-477.0,151.0,-1615.0,-66.0,-700.0,,-673.0
842.0,112.0,,-459.0,165.0,-1409.0,-41.0,-731.0,,-665.0
890.0,80.0,,-434.0,157.0,-1242.0,-56.0,-748.0,,-617.0
838.0,-31.0,,-402.0,105.0,-1357.0,-112.0,-565.0,,-561.0
875.0,-111.0,,-352.0,98.0,-1741.0,-161.0,-565.0,,-491.0
769.0,-133.0,,-282.0,76.0,-1752.0,-141.0,-295.0,,-408.0
841.0,-233.0,,-201.0,40.0,-1495.0,-115.0,-484.0,,-337.0
792.0,-330.0,,-143.0,59.0,-1386.0,-148.0,-548.0,,-280.0
726.0,-402.0,,-87.0,51.0,-1457.0,-162.0,-663.0,,-231.0
609.0,-435.0,,-2.0,40.0,-1490.0,-157.0,-886.0,,-200.0
632.0,-460.0,,48.0,69.0,-1291.0,-157.0,-722.0,,-185.0
601.0,-555.0,,84.0,43.0,-1081.0,-168.0,-877.0,,-183.0
573.0,-541.0,,94.0,10.0,-1151.0,-162.0,-788.0,,-199.0
529.0,-546.0,,78.0,7.0,-1393.0,-144.0,-940.0,,-231.0
406.0,-553.0,,65.0,-45.0,-1425.0,-152.0,-1077.0,,-280.0
402.0,-449.0,,31.0,-76.0,-1257.0,-177.0,-1178.0,,-343.0
226.0,-312.0,,0.0,-97.0,-1160.0,-201.0,-1518.0,,-430.0
286.0,-192.0,,-32.0,-164.0,-1371.0,-184.0,-1518.0,,-517.0
149.0,-180.0,,-58.0,-168.0,-1577.0,-163.0,-1759.0,,-600.0
180.0,-72.0,,-84.0,-171.0,-1515.0,-182.0,-1674.0,,-688.0
102.0,100.0,,-100.0,-196.0,-1479.0,-219.0,-1694.0,,-764.0
7.0,229.0,,-70.0,-145.0,-1524.0,-271.0,-1701.0,,-826.0
69.0,250.0,,-25.0,-113.0,-1653.0,-296.0,-1428.0,,-853.0
-38.0,178.0,,32.0,-129.0,-1655.0,-275.0,-1528.0,,-860.0
3.0,158.0,,98.0,-116.0,-1411.0,-246.0,-1328.0,,-848.0
-203.0,104.0,,147.0,-120.0,-1333.0,-208.0,-1321.0,,-803.0
-108.0,71.0,,179.0,-107.0,-1401.0,-165.0,-1188.0,,-748.0
-107.0,83.0,,214.0,-52.0,-1270.0,-144.0,-1071.0,,-685.0
-176.0,198.0,,238.0,-34.0,-1030.0,-118.0,-1132.0,,-624.0
-193.0,338.0,,231.0,26.0,-943.0,-101.0,-929.0,,-558.0
-310.0,384.0,,200.0,131.0,-1187.0,-112.0,-1055.0,,-501.0
-228.0,437.0,,157.0,162.0,-1502.0,-120.0,-861.0,,-450.0
-339.0,453.0,,96.0,191.0,-1496.0,-107.0,-822.0,,-406.0
-347.0,448.0,,13.0,226.0,-1372.0,-82.0,-812.0,,-399.0
-413.0,425.0,,-28.0,217.0,-1352.0,-76.0,-724.0,,-411.0
-458.0,377.0,,-48.0,233.0,-1430.0,-65.0,-971.0,,-447.0
-377.0,290.0,,-62.0,220.0,-1345.0,-34.0,-907.0,,-489.0
-507.0,146.0,,-38.0,155.0,-1007.0,20.0,-1086.0,,-525.0
-433.0,8.0,,-10.0,145.0,-870.0,59.0,-951.0,,-565.0
-430.0,-94.0,,11.0,123.0,-1050.0,70.0,-796.0,,-579.0
-441.0,-148.0,,21.0,83.0,-1266.0,85.0,-763.0,,-582.0
-422.0,-158.0,,10.0,101.0,-1361.0,82.0,-526.0,,-567.0
-512.0,-164.0,,13.0,89.0,-1307.0,79.0,-781.0,,-538.0
-284.0,-135.0,,42.0,64.0,-1385.0,74.0,-831.0,,-482.0
-408.0,-46.0,,52.0,62.0,-1629.0,64.0,-1091.0,,-388.0
-332.0,26.0,,55.0,9.0,-1554.0,67.0,-1195.0,,-288.0
-390.0,28.0,,64.0,-19.0,-1178.0,67.0,-1138.0,,-175.0
-390.0,20.0,,58.0,-25.0,-878.0,76.0,-1343.0,,-76.0
-222.0,37.0,,34.0,-82.0,-858.0,90.0,-1278.0,,0.0
-499.0,22.0,,3.0,-90.0,-868.0,82.0,-1564.0,,64.0
-250.0,24.0,,-15.0,-73.0,-588.0,84.0,-1607.0,,116.0
-466.0,99.0,,-33.0,-115.0,-273.0,104.0,-1716.0,,167.0
-317.0,186.0,,-55.0,-141.0,-233.0,146.0,-1814.0,,207.0
-394.0,217.0,,-84.0,-160.0,-395.0,204.0,-1607.0,,234.0
-445.0,183.0,,-83.0,-159.0,-481.0,196.0,-1589.0,,259.0
-277.0,198.0,,-71.0,-73.0,-386.0,157.0,-1267.0,,273.0
-525.0,247.0,,-87.0,-11.0,-183.0,129.0,-1304.0,,270.0
-255.0,241.0,,-82.0,16.0,-156.0,115.0,-1254.0,,268.0
-512.0,210.0,,-62.0,70.0,-431.0,119.0,-1127.0,,267.0
-234.0,182.0,,-57.0,48.0,-684.0,113.0,-1127.0,,267.0
-345.0,164.0,,-73.0,-5.0,-870.0,99.0,-960.0,,274.0
-350.0,86.0,,-93.0,-15.0,-1032.0,77.0,-1147.0,,283.0
-253.0,10.0,,-109.0,-67.0,-1101.0,66.0,-1023.0,,292.0
-344.0,-52.0,,-126.0,-107.0,-1210.0,49.0,-1016.0,,318.0
-79.0,-111.0,,-140.0,-120.0,-1199.0,52.0,-953.0,,347.0
-304.0,-143.0,,-177.0,-158.0,-1109.0,62.0,-855.0,,391.0
-54.0,-138.0,,-216.0,-118.0,-1028.0,60.0,-1008.0,,463.0
-174.0,-15.0,,-244.0,-64.0,-958.0,63.0,-859.0,,532.0
-15.0,72.0,,-252.0,-77.0,-1004.0,24.0,-1040.0,,604.0
-31.0,107.0,,-242.0,-52.0,-751.0,14.0,-953.0,,677.0
-66.0,134.0,,-211.0,-36.0,-444.0,42.0,-916.0,,738.0
28.0,199.0,,-140.0,-78.0,-396.0,60.0,-973.0,,770.0
-72.0,241.0,,-97.0,-86.0,-269.0,63.0,-910.0,,775.0
142.0,215.0,,-85.0,-83.0,-116.0,13.0,-1206.0,,747.0
10.0,242.0,,-66.0,-67.0,-210.0,-29.0,-1112.0,,676.0
194.0,274.0,,-25.0,2.0,-525.0,-40.0,-1295.0,,574.0
143.0,350.0,,41.0,28.0,-767.0,-34.0,-1404.0,,460.0
136.0,396.0,,94.0,45.0,-942.0,1.0,-1361.0,,353.0
144.0,365.0,,158.0,85.0,-1067.0,10.0,-1339.0,,258.0
174.0,325.0,,222.0,58.0,-1160.0,14.0,-925.0,,178.0
217.0,262.0,,235.0,33.0,-1264.0,43.0,-934.0,,106.0
109.0,172.0,,260.0,35.0,-1320.0,54.0,-805.0,,52.0
140.0,68.0,,322.0,9.0,-1225.0,29.0,-912.0,,7.0
33.0,31.0,,363.0,24.0,-1032.0,0.0,-1036.0,,-38.0
98.0,14.0,,387.0,73.0,-1095.0,4.0,-947.0,,-69.0
36.0,-9.0,,418.0,95.0,-1212.0,14.0,-1188.0,,-84.0
46.0,-51.0,,433.0,148.0,-1270.0,18.0,-1042.0,,-78.0
-15.0,-123.0,,438.0,167.0,-1456.0,29.0,-1032.0,,-46.0
-19.0,-165.0,,429.0,133.0,-1671.0,25.0,-844.0,,-8.0
-45.0,-242.0,,402.0,136.0,-1793.0,24.0,-748.0,,11.0
-148.0,-289.0,,374.0,95.0,-1800.0,45.0,-740.0,,14.0
-64.0,-282.0,,332.0,49.0,-1807.0,68.0,-404.0,,-6.0
-147.0,-284.0,,289.0,68.0,-1819.0,69.0,-391.0,,-48.0
-170.0,-248.0,,257.0,57.0,-1743.0,51.0,-186.0,,-127.0
-203.0,-267.0,,214.0,50.0,-1404.0,56.0,-336.0,,-218.0
-168.0,-275.0,,170.0,84.0,-1062.0,111.0,-502.0,,-296.0
-264.0,-233.0,,141.0,80.0,-924.0,146.0,-572.0,,-377.0
-306.0,-216.0,,140.0,79.0,-811.0,123.0,-870.0,,-449.0
-274.0,-193.0,,148.0,81.0,-688.0,117.0,-864.0,,-519.0
-343.0,-191.0,,141.0,29.0,-497.0,134.0,-1019.0,,-585.0
-282.0,-185.0,,149.0,16.0,-455.0,143.0,-861.0,,-615.0
-369.0,-156.0,,144.0,19.0,-548.0,108.0,-846.0,,-629.0
-319.0,-118.0,,149.0,-12.0,-736.0,57.0,-890.0,,-625.0
-365.0,-118.0,,208.0,12.0,-893.0,64.0,-759.0,,-582.0
-375.0,-116.0,,266.0,37.0,-918.0,86.0,-955.0,,-522.0
-318.0,-106.0,,336.0,13.0,-1114.0,113.0,-890.0,,-444.0
-374.0,-179.0,,417.0,1.0,-1328.0,109.0,-1066.0,,-359.0
-253.0,-235.0,,475.0,-51.0,-1519.0,76.0,-1006.0,,-278.0
-265.0,-264.0,,526.0,-121.0,-1444.0,51.0,-842.0,,-202.0
-207.0,-307.0,,569.0,-121.0,-1187.0,30.0,-794.0,,-147.0
-327.0,-273.0,,575.0,-128.0,-1049.0,39.0,-443.0,,-107.0
-217.0,-224.0,,551.0,-132.0,-870.0,49.0,-399.0,,-94.0
-109.0,-193.0,,510.0,-101.0,-603.0,51.0,-107.0,,-107.0
-254.0,-156.0,,457.0,-131.0,-114.0,14.0,-38.0,,-129.0
-235.0,-105.0,,390.0,-155.0,244.0,-1.0,20.0,,-180.0
-278.0,19.0,,345.0,-130.0,250.0,6.0,229.0,,-261.0
-126.0,181.0,,289.0,-127.0,57.0,-17.0,147.0,,-355.0
-272.0,334.0,,208.0,-78.0,48.0,-10.0,303.0,,-476.0
-304.0,461.0,,134.0,-13.0,148.0,18.0,151.0,,-606.0
-348.0,526.0,,47.0,-34.0,101.0,45.0,212.0,,-710.0
-321.0,450.0,,-13.0,-58.0,192.0,72.0,297.0,,-804.0
-251.0,343.0,,-51.0,-94.0,248.0,69.0,328.0,,-882.0
-422.0,264.0,,-73.0,-166.0,557.0,67.0,535.0,,-935.0
-332.0,108.0,,-86.0,-164.0,1097.0,96.0,469.0,,-977.0
-443.0,-3.0,,-76.0,-136.0,1442.0,91.0,737.0,,-1009.0
-358.0,-95.0,,-51.0,-120.0,1742.0,96.0,691.0,,-1038.0
-430.0,-192.0,,-31.0,-52.0,1991.0,107.0,613.0,,-1057.0
-379.0,-227.0,,14.0,-8.0,2185.0,104.0,535.0,,-1062.0
-270.0,-259.0,,41.0,12.0,2286.0,139.0,339.0,,-1055.0
-400.0,-279.0,,27.0,70.0,2387.0,134.0,498.0,,-1034.0
-312.0,-281.0,,16.0,81.0,2489.0,136.0,406.0,,-976.0
-357.0,-299.0,,15.0,62.0,2474.0,156.0,528.0,,-882.0
-212.0,-344.0,,-3.0,65.0,2503.0,169.0,417.0,,-782.0
-318.0,-317.0,,-25.0,45.0,2487.0,202.0,380.0,,-662.0
-326.0,-201.0,,-34.0,54.0,2495.0,225.0,497.0,,-527.0
-208.0,-55.0,,-10.0,93.0,2665.0,262.0,227.0,,-392.0
-345.0,104.0,,8.0,77.0,2680.0,278.0,179.0,,-270.0
-315.0,191.0,,0.0,79.0,2658.0,274.0,-151.0,,-165.0
-394.0,230.0,,8.0,80.0,2600.0,285.0,-153.0,,-53.0
-343.0,234.0,,34.0,28.0,2544.0,302.0,-59.0,,44.0
-344.0,193.0,,36.0,28.0,2728.0,319.0,-66.0,,125.0
-403.0,158.0,,6.0,40.0,2771.0,308.0,210.0,,205.0
-418.0,152.0,,10.0,16.0,2742.0,284.0,153.0,,256.0
-444.0,140.0,,0.0,13.0,2775.0,279.0,349.0,,291.0
-357.0,124.0,,-4.0,0.0,2830.0,260.0,399.0,,309.0
-463.0,178.0,,17.0,-25.0,2946.0,260.0,532.0,,313.0
-449.0,258.0,,10.0,-2.0,2927.0,306.0,735.0,,326.0
-378.0,302.0,,-5.0,30.0,2616.0,323.0,659.0,,345.0
-369.0,312.0,,-25.0,67.0,2308.0,335.0,912.0,,366.0
-421.0,350.0,,-6.0,146.0,2353.0,350.0,896.0,,376.0
-452.0,384.0,,22.0,190.0,2348.0,349.0,1053.0,,385.0
-365.0,387.0,,31.0,218.0,2305.0,374.0,1016.0,,383.0
-398.0,407.0,,61.0,274.0,2253.0,373.0,864.0,,363.0
-365.0,392.0,,97.0,286.0,2181.0,363.0,1003.0,,333.0
-414.0,372.0,,119.0,309.0,2310.0,375.0,833.0,,273.0
-444.0,310.0,,98.0,341.0,2268.0,355.0,1038.0,,193.0
-429.0,195.0,,68.0,307.0,2381.0,328.0,1043.0,,101.0
-390.0,156.0,,44.0,290.0,2508.0,308.0,1147.0,,8.0
-406.0,168.0,,30.0,284.0,2347.0,293.0,1335.0,,-78.0
-487.0,179.0,,2.0,217.0,2289.0,297.0,1234.0,,-153.0
-414.0,202.0,,-47.0,172.0,2099.0,277.0,1298.0,,-192.0
-426.0,199.0,,-58.0,125.0,2117.0,225.0,1031.0,,-212.0
-402.0,131.0,,-70.0,51.0,2298.0,202.0,1071.0,,-211.0
-342.0,79.0,,-78.0,54.0,2072.0,184.0,1047.0,,-189.0
-282.0,87.0,,-54.0,73.0,1817.0,174.0,1047.0,,-144.0
-305.0,81.0,,-38.0,62.0,1763.0,193.0,1178.0,,-89.0
-306.0,89.0,,-26.0,94.0,1876.0,193.0,1006.0,,-29.0
-187.0,106.0,,-15.0,108.0,1876.0,207.0,1210.0,,34.0
-162.0,164.0,,-12.0,87.0,1571.0,202.0,1136.0,,79.0
-159.0,217.0,,2.0,96.0,1396.0,172.0,1210.0,,120.0
-130.0,152.0,,46.0,69.0,1389.0,188.0,1236.0,,134.0
-62.0,51.0,,67.0,36.0,1294.0,177.0,1132.0,,117.0
-8.0,-64.0,,75.0,33.0,1235.0,160.0,1354.0,,100.0
27.0,-121.0,,95.0,-22.0,1400.0,149.0,1225.0,,71.0
62.0,-126.0,,74.0,-50.0,1556.0,117.0,1478.0,,37.0
57.0,-95.0,,54.0,-28.0,1600.0,119.0,1564.0,,4.0
69.0,-43.0,,46.0,-46.0,1781.0,112.0,1622.0,,-31.0
136.0,-4.0,,21.0,-52.0,1899.0,90.0,1749.0,,-63.0
96.0,51.0,,31.0,-52.0,1844.0,59.0,1500.0,,-109.0
56.0,87.0,,28.0,-73.0,1654.0,32.0,1544.0,,-143.0
127.0,165.0,,13.0,-27.0,1553.0,12.0,1311.0,,-156.0
102.0,181.0,,14.0,11.0,1746.0,-6.0,1346.0,,-160.0
94.0,88.0,,-7.0,-8.0,1884.0,15.0,1428.0,,-145.0
105.0,-28.0,,-14.0,0.0,1882.0,0.0,1402.0,,-128.0
112.0,-114.0,,-26.0,-47.0,1787.0,-49.0,1457.0,,-108.0
123.0,-133.0,,-47.0,-127.0,1701.0,-96.0,1110.0,,-84.0
87.0,-169.0,,-55.0,-166.0,1707.0,-128.0,1016.0,,-83.0
102.0,-194.0,,-65.0,-236.0,1617.0,-121.0,744.0,,-99.0
2.0,-208.0,,-65.0,-274.0,1475.0,-142.0,606.0,,-119.0
48.0,-190.0,,-54.0,-262.0,1453.0,-154.0,537.0,,-155.0
25.0,-189.0,,-78.0,-306.0,1456.0,-188.0,432.0,,-193.0
-120.0,-195.0,,-111.0,-338.0,1435.0,-243.0,668.0,,-224.0
-111.0,-146.0,,-108.0,-328.0,1484.0,-261.0,589.0,,-256.0
-63.0,-163.0,,-93.0,-348.0,1501.0,-300.0,644.0,,-274.0
4.0,-252.0,,-71.0,-324.0,1347.0,-319.0,535.0,,-272.0
-136.0,-287.0,,-48.0,-267.0,1147.0,-349.0,522.0,,-257.0
-66.0,-212.0,,-25.0,-238.0,1133.0,-361.0,633.0,,-235.0
-7.0,-162.0,,9.0,-156.0,1039.0,-338.0,554.0,,-206.0
-7.0,-151.0,,27.0,-95.0,859.0,-388.0,835.0,,-175.0
-41.0,-110.0,,34.0,-114.0,855.0,-447.0,822.0,,-127.0
2.0,-89.0,,38.0,-109.0,932.0,-453.0,1018.0,,-74.0
121.0,-45.0,,55.0,-103.0,1093.0,-414.0,1079.0,,-20.0
-10.0,32.0,,72.0,-92.0,1042.0,-405.0,938.0,,42.0
15.0,92.0,,73.0,-24.0,837.0,-443.0,1043.0,,96.0
-19.0,127.0,,103.0,29.0,695.0,-446.0,788.0,,155.0
98.0,129.0,,103.0,73.0,574.0,-461.0,934.0,,218.0
51.0,125.0,,69.0,134.0,653.0,-484.0,975.0,,280.0
7.0,139.0,,53.0,137.0,537.0,-495.0,1069.0,,328.0
-13.0,164.0,,3.0,136.0,265.0,-511.0,1184.0,,369.0
9.0,220.0,,-28.0,152.0,380.0,-540.0,988.0,,423.0
101.0,255.0,,-31.0,120.0,490.0,-587.0,1127.0,,477.0
-48.0,225.0,,-44.0,109.0,382.0,-579.0,971.0,,535.0
-7.0,183.0,,-83.0,100.0,241.0,-569.0,1029.0,,599.0
-57.0,133.0,,-133.0,43.0,102.0,-582.0,886.0,,667.0
8.0,62.0,,-148.0,36.0,121.0,-598.0,635.0,,737.0
-145.0,7.0,,-159.0,67.0,166.0,-611.0,655.0,,800.0
-70.0,-14.0,,-176.0,101.0,45.0,-574.0,417.0,,850.0
-71.0,-32.0,,-197.0,193.0,-136.0,-567.0,460.0,,901.0
-157.0,-63.0,,-216.0,239.0,-292.0,-573.0,194.0,,956.0
-148.0,-120.0,,-209.0,198.0,-359.0,-587.0,129.0,,995.0
-242.0,-156.0,,-195.0,189.0,-370.0,-622.0,164.0,,1017.0
-86.0,-198.0,,-185.0,170.0,-408.0,-615.0,-24.0,,1021.0
-304.0,-258.0,,-169.0,147.0,-300.0,-623.0,49.0,,1009.0
-202.0,-236.0,,-155.0,164.0,-180.0,-630.0,-145.0,,980.0
-383.0,-250.0,,-147.0,132.0,-13.0,-612.0,-16.0,,940.0
-317.0,-338.0,,-132.0,94.0,333.0,-592.0,-36.0,,883.0
-308.0,-396.0,,-128.0,72.0,426.0,-576.0,-103.0,,814.0
-411.0,-406.0,,-123.0,-8.0,527.0,-604.0,22.0,,740.0
-282.0,-399.0,,-102.0,-70.0,796.0,-623.0,-109.0,,669.0
-422.0,-374.0,,-89.0,-113.0,919.0,-619.0,49.0,,617.0
-200.0,-290.0,,-70.0,-190.0,972.0,-602.0,-51.0,,563.0
-489.0,-204.0,,-57.0,-190.0,982.0,-587.0,-36.0,,523.0
-299.0,-146.0,,-61.0,-159.0,931.0,-582.0,-9.0,,505.0
-364.0,-145.0,,-51.0,-177.0,887.0,-576.0,-42.0,,507.0
-339.0,-119.0,,-47.0,-138.0,807.0,-595.0,145.0,,524.0
-339.0,-44.0,,-36.0,-94.0,730.0,-590.0,-3.0,,535.0
-474.0,0.0,,0.0,-99.0,829.0,-556.0,66.0,,554.0
-208.0,48.0,,12.0,-74.0,809.0,-521.0,-112.0,,561.0
-493.0,91.0,,12.0,-74.0,633.0,-513.0,-219.0,,551.0
-220.0,120.0,,-3.0,-72.0,419.0,-513.0,-205.0,,536.0
-479.0,104.0,,-5.0,3.0,354.0,-506.0,-404.0,,504.0
-296.0,29.0,,20.0,59.0,482.0,-535.0,-206.0,,463.0
-303.0,-48.0,,33.0,107.0,239.0,-540.0,-291.0,,440.0
-386.0,-111.0,,49.0,165.0,-13.0,-515.0,-160.0,,424.0
-195.0,-141.0,,40.0,157.0,4.0,-488.0,-120.0,,414.0
-456.0,-207.0,,22.0,164.0,101.0,-493.0,-291.0,,411.0
-108.0,-299.0,,4.0,161.0,325.0,-515.0,-406.0,,414.0
-352.0,-360.0,,-19.0,83.0,546.0,-527.0,-825.0,,438.0
-148.0,-410.0,,-37.0,46.0,641.0,-528.0,-757.0,,471.0
-194.0,-467.0,,-39.0,20.0,565.0,-499.0,-776.0,,511.0
-139.0,-513.0,,-25.0,-40.0,566.0,-503.0,-580.0,,552.0
-19.0,-463.0,,-22.0,-47.0,648.0,-520.0,-315.0,,583.0
-158.0,-416.0,,-10.0,-44.0,475.0,-511.0,-384.0,,604.0
83.0,-419.0,,-33.0,-42.0,94.0,-511.0,-249.0,,605.0
-82.0,-373.0,,-43.0,14.0,22.0,-525.0,-441.0,,589.0
168.0,-283.0,,-22.0,40.0,237.0,-526.0,-465.0,,551.0
31.0,-178.0,,1.0,46.0,221.0,-532.0,-607.0,,520.0
108.0,-85.0,,44.0,75.0,60.0,-541.0,-678.0,,496.0
115.0,26.0,,55.0,22.0,25.0,-510.0,-535.0,,478.0
121.0,116.0,,64.0,-62.0,96.0,-504.0,-611.0,,483.0
254.0,113.0,,85.0,-119.0,98.0,-528.0,-375.0,,500.0
127.0,55.0,,98.0,-204.0,-139.0,-531.0,-417.0,,532.0
319.0,-16.0,,89.0,-240.0,-428.0,-553.0,-315.0,,571.0
207.0,-68.0,,72.0,-220.0,-763.0,-573.0,-258.0,,629.0
322.0,-94.0,,76.0,-211.0,-1243.0,-570.0,-332.0,,694.0
263.0,-102.0,,67.0,-160.0,-1499.0,-564.0,-127.0,,760.0
382.0,-71.0,,66.0,-112.0,-1753.0,-545.0,-212.0,,827.0
364.0,9.0,,86.0,-103.0,-1989.0,-546.0,-88.0,,888.0
358.0,80.0,,103.0,-45.0,-1864.0,-551.0,-256.0,,940.0
489.0,114.0,,121.0,5.0,-1686.0,-565.0,-461.0,,976.0
377.0,125.0,,158.0,6.0,-1519.0,-582.0,-589.0,,1003.0
485.0,148.0,,174.0,30.0,-1500.0,-573.0,-853.0,,996.0
297.0,177.0,,189.0,29.0,-1742.0,-551.0,-726.0,,972.0
465.0,225.0,,217.0,11.0,-1968.0,-518.0,-844.0,,924.0
389.0,310.0,,217.0,9.0,-2012.0,-517.0,-805.0,,840.0
433.0,382.0,,224.0,-52.0,-2009.0,-502.0,-931.0,,737.0
425.0,388.0,,193.0,-108.0,-2199.0,-489.0,-1134.0,,607.0
317.0,313.0,,184.0,-127.0,-2379.0,-496.0,-1055.0,,465.0
456.0,241.0,,183.0,-178.0,-2106.0,-477.0,-1178.0,,319.0
319.0,179.0,,120.0,-190.0,-1780.0,-438.0,-921.0,,199.0
372.0,119.0,,48.0,-141.0,-1802.0,-380.0,-844.0,,103.0
222.0,87.0,,-32.0,-96.0,-1672.0,-376.0,-639.0,,16.0
494.0,75.0,,-93.0,-41.0,-1181.0,-380.0,-362.0,,-37.0
486.0,86.0,,-166.0,8.0,-707.0,-361.0,-301.0,,-79.0
403.0,86.0,,-231.0,12.0,-590.0,-367.0,59.0,,-105.0
423.0,102.0,,-279.0,9.0,-822.0,-336.0,92.0,,-113.0
396.0,145.0,,-318.0,-17.0,-984.0,-277.0,260.0,,-105.0
543.0,197.0,,-355.0,-85.0,-978.0,-221.0,245.0,,-85.0
407.0,258.0,,-365.0,-117.0,-1172.0,-182.0,153.0,,-62.0
551.0,266.0,,-342.0,-126.0,-1310.0,-150.0,256.0,,-32.0
398.0,257.0,,-327.0,-155.0,-1290.0,-119.0,121.0,,-1.0
482.0,233.0,,-277.0,-171.0,-1402.0,-104.0,269.0,,17.0
496.0,171.0,,-230.0,-199.0,-1425.0,-67.0,168.0,,19.0
452.0,98.0,,-184.0,-246.0,-1180.0,-40.0,221.0,,32.0
478.0,34.0,,-126.0,-238.0,-949.0,-15.0,332.0,,56.0
471.0,52.0,,-79.0,-220.0,-817.0,8.0,384.0,,92.0
580.0,96.0,,-73.0,-231.0,-510.0,-12.0,733.0,,129.0
330.0,123.0,,-87.0,-226.0,-139.0,4.0,724.0,,154.0
442.0,116.0,,-96.0,-234.0,120.0,42.0,896.0,,198.0
382.0,82.0,,-111.0,-252.0,66.0,79.0,853.0,,246.0
373.0,38.0,,-109.0,-216.0,-29.0,121.0,744.0,,289.0
322.0,-77.0,,-96.0,-160.0,112.0,139.0,668.0,,340.0
284.0,-238.0,,-86.0,-104.0,46.0,196.0,389.0,,378.0
373.0,-380.0,,-89.0,0.0,-133.0,239.0,482.0,,406.0
263.0,-425.0,,-99.0,87.0,-42.0,252.0,354.0,,428.0
361.0,-382.0,,-124.0,142.0,201.0,305.0,408.0,,440.0
245.0,-275.0,,-141.0,186.0,270.0,342.0,301.0,,444.0
247.0,-167.0,,-152.0,181.0,204.0,392.0,72.0,,441.0
228.0,-107.0,,-164.0,158.0,270.0,445.0,53.0,,434.0
219.0,-73.0,,-166.0,147.0,564.0,436.0,-203.0,,437.0
263.0,-84.0,,-176.0,103.0,771.0,452.0,-16.0,,438.0
72.0,-68.0,,-174.0,38.0,575.0,515.0,36.0,,431.0
103.0,-52.0,,-162.0,-6.0,307.0,565.0,221.0,,417.0
97.0,-103.0,,-159.0,-71.0,204.0,563.0,443.0,,383.0
144.0,-180.0,,-153.0,-96.0,274.0,564.0,408.0,,350.0
168.0,-224.0,,-150.0,-69.0,352.0,600.0,596.0,,312.0
33.0,-203.0,,-160.0,-83.0,283.0,613.0,467.0,,276.0
185.0,-164.0,,-175.0,-82.0,316.0,659.0,591.0,,262.0
186.0,-136.0,,-204.0,-51.0,338.0,698.0,618.0,,242.0
214.0,-156.0,,-205.0,-38.0,237.0,694.0,681.0,,238.0
159.0,-238.0,,-201.0,-11.0,-31.0,698.0,833.0,,251.0
133.0,-301.0,,-216.0,15.0,-350.0,688.0,600.0,,261.0
324.0,-313.0,,-214.0,-1.0,-426.0,715.0,687.0,,279.0
175.0,-349.0,,-199.0,18.0,-404.0,741.0,585.0,,293.0
262.0,-414.0,,-182.0,71.0,-353.0,766.0,724.0,,316.0
211.0,-457.0,,-165.0,87.0,-380.0,811.0,842.0,,342.0
227.0,-508.0,,-124.0,116.0,-349.0,816.0,783.0,,359.0
253.0,-564.0,,-107.0,128.0,-35.0,828.0,999.0,,377.0
191.0,-559.0,,-111.0,75.0,302.0,854.0,899.0,,380.0
310.0,-532.0,,-112.0,8.0,430.0,867.0,971.0,,370.0
214.0,-519.0,,-101.0,-74.0,513.0,892.0,790.0,,346.0
329.0,-456.0,,-89.0,-150.0,630.0,907.0,700.0,,323.0
209.0,-276.0,,-110.0,-158.0,822.0,892.0,788.0,,323.0
204.0,-14.0,,-120.0,-142.0,1047.0,877.0,703.0,,314.0
193.0,202.0,,-136.0,-129.0,918.0,894.0,851.0,,332.0
156.0,340.0,,-183.0,-72.0,867.0,924.0,593.0,,370.0
225.0,429.0,,-211.0,-29.0,855.0,931.0,537.0,,409.0
23.0,506.0,,-217.0,-28.0,648.0,933.0,474.0,,468.0
153.0,539.0,,-217.0,-5.0,519.0,958.0,480.0,,519.0
36.0,533.0,,-235.0,-16.0,314.0,970.0,776.0,,570.0
-17.0,525.0,,-252.0,-57.0,184.0,979.0,750.0,,598.0
8.0,442.0,,-225.0,-54.0,-12.0,992.0,1001.0,,609.0
-100.0,353.0,,-227.0,-64.0,-196.0,1008.0,946.0,,599.0
-97.0,292.0,,-211.0,-77.0,-308.0,1039.0,936.0,,571.0
-246.0,242.0,,-167.0,-53.0,-421.0,1065.0,986.0,,529.0
-138.0,225.0,,-135.0,-50.0,-391.0,1091.0,901.0,,453.0
-247.0,191.0,,-90.0,-66.0,-440.0,1116.0,1165.0,,377.0
-291.0,159.0,,-82.0,-63.0,-450.0,1133.0,1210.0,,291.0
-269.0,86.0,,-49.0,-84.0,-500.0,1128.0,1516.0,,210.0
-389.0,-4.0,,12.0,-91.0,-571.0,1100.0,1594.0,,139.0
-273.0,-51.0,,39.0,-46.0,-606.0,1103.0,1500.0,,62.0
-272.0,-79.0,,63.0,-11.0,-755.0,1132.0,1474.0,,-5.0
-198.0,-69.0,,65.0,56.0,-836.0,1121.0,1199.0,,-58.0
-371.0,-34.0,,76.0,146.0,-916.0,1108.0,1322.0,,-98.0
-309.0,40.0,,107.0,171.0,-1020.0,1133.0,1254.0,,-125.0
-211.0,112.0,,92.0,169.0,-1124.0,1148.0,1258.0,,-132.0
-283.0,200.0,,74.0,146.0,-1070.0,1173.0,1219.0,,-127.0
-228.0,304.0,,64.0,80.0,-861.0,1180.0,1005.0,,-108.0
-309.0,323.0,,63.0,38.0,-907.0,1204.0,971.0,,-84.0
-198.0,311.0,,64.0,22.0,-877.0,1254.0,678.0,,-60.0
-327.0,333.0,,49.0,-4.0,-585.0,1256.0,737.0,,-52.0
-210.0,407.0,,69.0,-14.0,-365.0,1253.0,670.0,,-57.0
-236.0,465.0,,74.0,-56.0,-331.0,1246.0,570.0,,-60.0
-287.0,503.0,,51.0,-120.0,-491.0,1244.0,491.0,,-94.0
-219.0,504.0,,34.0,-114.0,-583.0,1237.0,245.0,,-133.0
-332.0,451.0,,21.0,-76.0,-626.0,1237.0,406.0,,-174.0
-253.0,389.0,,15.0,-58.0,-661.0,1214.0,299.0,,-226.0
-380.0,310.0,,4.0,-4.0,-728.0,1173.0,391.0,,-263.0
-266.0,236.0,,-17.0,62.0,-918.0,1151.0,408.0,,-299.0
-386.0,83.0,,-31.0,102.0,-1028.0,1109.0,375.0,,-322.0
-342.0,-90.0,,-48.0,155.0,-1113.0,1099.0,630.0,,-318.0
-260.0,-256.0,,-81.0,174.0,-1162.0,1062.0,641.0,,-286.0
-296.0,-425.0,,-84.0,150.0,-966.0,1056.0,918.0,,-225.0
-221.0,-542.0,,-62.0,127.0,-626.0,1100.0,888.0,,-158.0
-312.0,-598.0,,-56.0,81.0,-493.0,1095.0,938.0,,-86.0
-171.0,-535.0,,-72.0,47.0,-417.0,1070.0,1036.0,,-8.0
-292.0,-468.0,,-94.0,62.0,-260.0,1033.0,973.0,,43.0
-132.0,-416.0,,-80.0,71.0,-209.0,1009.0,1230.0,,93.0
-198.0,-348.0,,-72.0,82.0,-180.0,969.0,1132.0,,135.0
-194.0,-294.0,,-99.0,129.0,-453.0,916.0,1269.0,,133.0
-133.0,-305.0,,-139.0,143.0,-803.0,836.0,1234.0,,115.0
-162.0,-408.0,,-166.0,142.0,-622.0,787.0,1167.0,,88.0
12.0,-504.0,,-176.0,159.0,-334.0,793.0,1315.0,,55.0
-183.0,-564.0,,-214.0,123.0,-358.0,769.0,1116.0,,6.0
29.0,-558.0,,-259.0,71.0,-546.0,765.0,1274.0,,-50.0
-130.0,-535.0,,-262.0,31.0,-710.0,751.0,1199.0,,-97.0
-14.0,-509.0,,-238.0,-29.0,-740.0,752.0,1156.0,,-142.0
-31.0,-450.0,,-256.0,-66.0,-720.0,732.0,1031.0,,-171.0
-67.0,-380.0,,-241.0,-60.0,-879.0,680.0,755.0,,-194.0
11.0,-239.0,,-212.0,-65.0,-1133.0,679.0,740.0,,-202.0
-198.0,-79.0,,-211.0,-73.0,-1227.0,665.0,473.0,,-202.0
47.0,56.0,,-183.0,-67.0,-1153.0,638.0,509.0,,-208.0
-204.0,186.0,,-198.0,-77.0,-1010.0,621.0,330.0,,-203.0
-14.0,301.0,,-209.0,-67.0,-1005.0,617.0,194.0,,-203.0
-191.0,380.0,,-200.0,-56.0,-982.0,590.0,77.0,,-203.0
-122.0,400.0,,-187.0,-78.0,-676.0,564.0,-290.0,,-193.0
-120.0,382.0,,-180.0,-53.0,-406.0,578.0,-238.0,,-170.0
-155.0,353.0,,-198.0,15.0,-509.0,553.0,-375.0,,-125.0
25.0,274.0,,-204.0,68.0,-949.0,516.0,-138.0,,-80.0
-292.0,117.0,,-199.0,114.0,-1182.0,492.0,81.0,,-19.0
-51.0,-64.0,,-187.0,122.0,-1108.0,489.0,175.0,,56.0
-276.0,-230.0,,-183.0,67.0,-1222.0,509.0,437.0,,133.0
-56.0,-339.0,,-184.0,27.0,-1481.0,492.0,306.0,,224.0
-231.0,-369.0,,-176.0,28.0,-1746.0,453.0,399.0,,315.0
-99.0,-333.0,,-149.0,52.0,-1886.0,422.0,203.0,,400.0
-123.0,-266.0,,-104.0,112.0,-1650.0,408.0,155.0,,468.0
-252.0,-160.0,,-63.0,146.0,-1360.0,376.0,177.0,,524.0
-35.0,-52.0,,-22.0,108.0,-1234.0,325.0,-27.0,,574.0
-300.0,-14.0,,10.0,55.0,-1024.0,317.0,160.0,,606.0
-69.0,-27.0,,21.0,0.0,-755.0,320.0,75.0,,617.0
-351.0,-101.0,,67.0,-35.0,-484.0,283.0,230.0,,598.0
-51.0,-225.0,,112.0,-7.0,-267.0,233.0,208.0,,555.0
-270.0,-350.0,,118.0,14.0,-81.0,204.0,-3.0,,495.0
-223.0,-386.0,,140.0,15.0,-26.0,201.0,-27.0,,426.0
-151.0,-312.0,,169.0,50.0,-169.0,222.0,-247.0,,330.0
-247.0,-164.0,,183.0,55.0,-324.0,229.0,-107.0,,226.0
-74.0,-5.0,,190.0,4.0,-567.0,191.0,-232.0,,121.0
-276.0,121.0,,194.0,-43.0,-781.0,137.0,-299.0,,9.0
24.0,288.0,,213.0,-123.0,-845.0,109.0,-339.0,,-81.0
-242.0,461.0,,218.0,-184.0,-900.0,91.0,-561.0,,-181.0
-10.0,619.0,,197.0,-152.0,-869.0,60.0,-515.0,,-271.0
-141.0,730.0,,183.0,-104.0,-539.0,9.0,-665.0,,-339.0
-93.0,719.0,,141.0,-29.0,-106.0,-28.0,-509.0,,-369.0
22.0,662.0,,106.0,55.0,315.0,-67.0,-478.0,,-349.0
-42.0,603.0,,92.0,57.0,521.0,-114.0,-489.0,,-311.0
41.0,508.0,,69.0,44.0,431.0,-104.0,-473.0,,-236.0
-218.0,400.0,,45.0,67.0,267.0,-102.0,-737.0,,-153.0
8.0,244.0,,42.0,69.0,0.0,-103.0,-733.0,,-46.0
-118.0,64.0,,71.0,77.0,-327.0,-124.0,-947.0,,54.0
-27.0,-3.0,,75.0,89.0,-797.0,-166.0,-921.0,,119.0
-86.0,29.0,,76.0,60.0,-1103.0,-196.0,-872.0,,178.0
-148.0,109.0,,76.0,56.0,-1249.0,-252.0,-814.0,,212.0
-190.0,150.0,,92.0,56.0,-1479.0,-287.0,-541.0,,235.0
-299.0,146.0,,111.0,-17.0,-1519.0,-328.0,-607.0,,234.0
-183.0,146.0,,108.0,-90.0,-1433.0,-358.0,-484.0,,218.0
-271.0,133.0,,107.0,-157.0,-1283.0,-374.0,-594.0,,205.0
-266.0,118.0,,93.0,-239.0,-1068.0,-392.0,-593.0,,191.0
-335.0,121.0,,87.0,-294.0,-1067.0,-414.0,-539.0,,174.0
-351.0,124.0,,96.0,-340.0,-1162.0,-452.0,-644.0,,135.0
-339.0,64.0,,92.0,-352.0,-903.0,-459.0,-495.0,,98.0
-352.0,-5.0,,58.0,-267.0,-617.0,-488.0,-670.0,,64.0
-423.0,-87.0,,43.0,-162.0,-582.0,-524.0,-694.0,,54.0
-444.0,-202.0,,25.0,-87.0,-600.0,-550.0,-912.0,,73.0
-367.0,-301.0,,16.0,1.0,-670.0,-580.0,-1160.0,,87.0
-360.0,-377.0,,27.0,43.0,-550.0,-615.0,-1254.0,,99.0
-406.0,-398.0,,34.0,21.0,-247.0,-670.0,-1522.0,,109.0
-415.0,-365.0,,48.0,-6.0,-160.0,-694.0,-1443.0,,119.0
-373.0,-254.0,,76.0,-47.0,-380.0,-725.0,-1596.0,,108.0
-301.0,-113.0,,115.0,-38.0,-625.0,-761.0,-1552.0,,78.0
-368.0,15.0,,153.0,48.0,-547.0,-783.0,-1566.0,,30.0
-324.0,174.0,,213.0,140.0,-520.0,-824.0,-1685.0,,-16.0
-258.0,315.0,,253.0,198.0,-970.0,-827.0,-1570.0,,-34.0
-198.0,419.0,,270.0,194.0,-1360.0,-799.0,-1795.0,,-60.0
-163.0,547.0,,283.0,90.0,-1420.0,-793.0,-1664.0,,-76.0
-228.0,709.0,,283.0,-44.0,-1500.0,-799.0,-1679.0,,-74.0
-163.0,803.0,,290.0,-120.0,-1602.0,-799.0,-1529.0,,-67.0
-152.0,840.0,,304.0,-147.0,-1752.0,-774.0,-1243.0,,-41.0
-7.0,873.0,,301.0,-101.0,-1852.0,-771.0,-1297.0,,-22.0
-124.0,867.0,,283.0,4.0,-1550.0,-790.0,-1132.0,,-21.0
-30.0,845.0,,252.0,86.0,-1306.0,-809.0,-1352.0,,-34.0
89.0,780.0,,231.0,136.0,-1470.0,-816.0,-1302.0,,-69.0
94.0,652.0,,231.0,176.0,-1498.0,-785.0,-1295.0,,-110.0
162.0,519.0,,202.0,181.0,-1354.0,-749.0,-1293.0,,-166.0
89.0,410.0,,193.0,182.0,-1370.0,-733.0,-1031.0,,-232.0
284.0,279.0,,227.0,204.0,-1282.0,-765.0,-1182.0,,-280.0
214.0,150.0,,228.0,193.0,-1253.0,-780.0,-955.0,,-309.0
271.0,64.0,,234.0,189.0,-1450.0,-760.0,-1064.0,,-325.0
226.0,-29.0,,272.0,189.0,-1503.0,-733.0,-1186.0,,-315.0
253.0,-114.0,,297.0,110.0,-1446.0,-700.0,-1140.0,,-286.0
411.0,-163.0,,337.0,10.0,-1235.0,-712.0,-1293.0,,-265.0
415.0,-152.0,,349.0,-54.0,-1013.0,-710.0,-1062.0,,-235.0
439.0,-155.0,,362.0,-106.0,-889.0,-684.0,-1193.0,,-201.0
271.0,-217.0,,376.0,-106.0,-718.0,-679.0,-1176.0,,-171.0
463.0,-255.0,,357.0,-45.0,-798.0,-671.0,-1280.0,,-126.0
388.0,-267.0,,386.0,14.0,-1009.0,-655.0,-1441.0,,-92.0
295.0,-263.0,,387.0,85.0,-1295.0,-654.0,-1322.0,,-60.0
283.0,-229.0,,341.0,147.0,-1736.0,-697.0,-1491.0,,-22.0
279.0,-145.0,,345.0,179.0,-1837.0,-730.0,-1402.0,,-8.0
388.0,-45.0,,339.0,231.0,-1842.0,-745.0,-1605.0,,-3.0
174.0,24.0,,287.0,237.0,-1850.0,-755.0,-1714.0,,-9.0
296.0,74.0,,251.0,163.0,-1689.0,-732.0,-1803.0,,-26.0
236.0,166.0,,208.0,109.0,-1638.0,-739.0,-2073.0,,-37.0
317.0,292.0,,183.0,55.0,-1635.0,-735.0,-2063.0,,-64.0
299.0,340.0,,166.0,-11.0,-1518.0,-691.0,-2298.0,,-85.0
260.0,350.0,,142.0,-17.0,-1306.0,-653.0,-2084.0,,-99.0
391.0,372.0,,173.0,-33.0,-1307.0,-604.0,-1895.0,,-129.0
236.0,357.0,,184.0,-72.0,-1416.0,-576.0,-1759.0,,-150.0
397.0,290.0,,202.0,-76.0,-1529.0,-582.0,-1581.0,,-158.0
207.0,128.0,,274.0,-110.0,-1611.0,-598.0,-1681.0,,-153.0
407.0,-88.0,,305.0,-148.0,-1585.0,-584.0,-1481.0,,-151.0
357.0,-242.0,,319.0,-134.0,-1677.0,-571.0,-1581.0,,-132.0
319.0,-315.0,,333.0,-132.0,-1830.0,-571.0,-1552.0,,-84.0
337.0,-345.0,,328.0,-110.0,-1682.0,-563.0,-1596.0,,-50.0
209.0,-343.0,,305.0,-41.0,-1220.0,-554.0,-1661.0,,-19.0
457.0,-330.0,,281.0,-5.0,-1007.0,-532.0,-1498.0,,-6.0
234.0,-359.0,,271.0,25.0,-937.0,-514.0,-1674.0,,2.0
476.0,-422.0,,243.0,51.0,-733.0,-511.0,-1498.0,,25.0
249.0,-429.0,,193.0,33.0,-548.0,-529.0,-1454.0,,25.0
326.0,-388.0,,138.0,43.0,-469.0,-530.0,-1317.0,,9.0
367.0,-366.0,,114.0,95.0,-625.0,-518.0,-1239.0,,-2.0
331.0,-406.0,,80.0,150.0,-871.0,-511.0,-1515.0,,-4.0
458.0,-505.0,,76.0,213.0,-866.0,-514.0,-1540.0,,-6.0
203.0,-589.0,,77.0,250.0,-671.0,-539.0,-1825.0,,-26.0
468.0,-623.0,,52.0,236.0,-585.0,-543.0,-1821.0,,-46.0
321.0,-598.0,,56.0,218.0,-560.0,-568.0,-1862.0,,-71.0
526.0,-495.0,,20.0,188.0,-442.0,-590.0,-1856.0,,-94.0
377.0,-346.0,,31.0,153.0,-271.0,-602.0,-1681.0,,-81.0
389.0,-253.0,,59.0,190.0,-93.0,-613.0,-1808.0,,-56.0
395.0,-225.0,,51.0,255.0,-19.0,-604.0,-1596.0,,-28.0
336.0,-218.0,,76.0,288.0,-85.0,-594.0,-1698.0,,25.0
542.0,-238.0,,110.0,317.0,-64.0,-557.0,-1716.0,,98.0
327.0,-283.0,,148.0,318.0,16.0,-551.0,-1709.0,,159.0
477.0,-318.0,,168.0,295.0,-59.0,-559.0,-1838.0,,205.0
267.0,-297.0,,200.0,262.0,-390.0,-526.0,-1616.0,,239.0
380.0,-265.0,,231.0,179.0,-703.0,-487.0,-1640.0,,251.0
286.0,-252.0,,233.0,64.0,-787.0,-482.0,-1443.0,,263.0
319.0,-248.0,,233.0,-25.0,-583.0,-510.0,-1459.0,,281.0
339.0,-200.0,,224.0,-93.0,-308.0,-527.0,-1467.0,,302.0
184.0,-118.0,,219.0,-135.0,-348.0,-500.0,-1302.0,,328.0
325.0,-61.0,,244.0,-137.0,-536.0,-472.0,-1295.0,,377.0
171.0,-41.0,,238.0,-145.0,-526.0,-455.0,-1005.0,,428.0
293.0,-116.0,,227.0,-149.0,-273.0,-444.0,-1003.0,,480.0
111.0,-238.0,,259.0,-123.0,-221.0,-445.0,-794.0,,524.0
151.0,-335.0,,279.0,-113.0,-239.0,-437.0,-748.0,,539.0
102.0,-404.0,,305.0,-111.0,-114.0,-450.0,-816.0,,550.0
122.0,-464.0,,344.0,-94.0,-26.0,-414.0,-609.0,,549.0
214.0,-513.0,,384.0,-94.0,108.0,-373.0,-713.0,,547.0
109.0,-528.0,,417.0,-115.0,202.0,-352.0,-622.0,,518.0
134.0,-517.0,,453.0,-140.0,75.0,-298.0,-886.0,,482.0
40.0,-478.0,,474.0,-170.0,68.0,-295.0,-1110.0,,458.0
132.0,-463.0,,513.0,-196.0,282.0,-289.0,-1230.0,,427.0
-2.0,-467.0,,542.0,-215.0,224.0,-284.0,-1411.0,,400.0
134.0,-436.0,,500.0,-265.0,93.0,-267.0,-1250.0,,352.0
60.0,-391.0,,488.0,-294.0,26.0,-266.0,-1406.0,,310.0
35.0,-299.0,,479.0,-279.0,-4.0,-303.0,-1236.0,,254.0
27.0,-128.0,,443.0,-293.0,19.0,-299.0,-1186.0,,177.0
99.0,46.0,,405.0,-286.0,8.0,-302.0,-1184.0,,108.0
207.0,219.0,,363.0,-219.0,2.0,-273.0,-1021.0,,36.0
-53.0,339.0,,334.0,-142.0,111.0,-221.0,-1176.0,,-35.0
188.0,358.0,,316.0,-64.0,285.0,-182.0,-944.0,,-90.0
-33.0,346.0,,307.0,-18.0,351.0,-116.0,-947.0,,-131.0
112.0,339.0,,296.0,-39.0,462.0,-50.0,-835.0,,-164.0
31.0,367.0,,292.0,-68.0,570.0,-19.0,-768.0,,-179.0
20.0,387.0,,289.0,-79.0,610.0,-17.0,-886.0,,-198.0
-2.0,360.0,,273.0,-88.0,435.0,-26.0,-646.0,,-209.0
-221.0,302.0,,242.0,-69.0,117.0,-32.0,-674.0,,-191.0
222.0,250.0,,218.0,-49.0,-111.0,-15.0,-434.0,,-158.0
-128.0,213.0,,213.0,-63.0,-192.0,-3.0,-380.0,,-116.0
20.0,140.0,,186.0,-72.0,3.0,-5.0,-356.0,,-63.0
-209.0,75.0,,142.0,-90.0,208.0,-1.0,-229.0,,-10.0
-53.0,9.0,,113.0,-125.0,276.0,-30.0,-282.0,,25.0
-15.0,-47.0,,96.0,-84.0,454.0,-54.0,-20.0,,40.0
-180.0,-23.0,,106.0,15.0,646.0,-29.0,-133.0,,13.0
112.0,79.0,,128.0,102.0,770.0,-7.0,-14.0,,-52.0
-313.0,191.0,,138.0,191.0,886.0,12.0,55.0,,-131.0
44.0,225.0,,151.0,227.0,786.0,26.0,70.0,,-202.0
-278.0,193.0,,159.0,230.0,888.0,20.0,343.0,,-260.0
-53.0,131.0,,165.0,266.0,1190.0,0.0,194.0,,-293.0
-53.0,72.0,,195.0,236.0,1191.0,-29.0,269.0,,-288.0
-128.0,-2.0,,201.0,151.0,1201.0,-45.0,110.0,,-247.0
46.0,-114.0,,177.0,106.0,1331.0,-56.0,97.0,,-173.0
-315.0,-186.0,,169.0,47.0,1379.0,-71.0,164.0,,-77.0
56.0,-233.0,,182.0,-25.0,1229.0,-84.0,3.0,,43.0
-246.0,-254.0,,193.0,-42.0,978.0,-109.0,203.0,,184.0
0.0,-221.0,,171.0,-32.0,932.0,-139.0,5.0,,330.0
-171.0,-108.0,,152.0,8.0,884.0,-177.0,3.0,,483.0
-157.0,47.0,,144.0,71.0,775.0,-207.0,-107.0,,635.0
-53.0,131.0,,139.0,77.0,924.0,-200.0,-291.0,,750.0
-211.0,218.0,,151.0,97.0,1027.0,-191.0,-182.0,,848.0
67.0,325.0,,142.0,172.0,1241.0,-169.0,-325.0,,936.0
-236.0,417.0,,125.0,207.0,1684.0,-150.0,-134.0,,993.0
-89.0,516.0,,133.0,228.0,1918.0,-151.0,-188.0,,1035.0
-147.0,584.0,,160.0,230.0,1959.0,-169.0,-147.0,,1046.0
4.0,620.0,,186.0,146.0,1847.0,-227.0,11.0,,1026.0
-63.0,588.0,,222.0,60.0,1700.0,-243.0,57.0,,1003.0
-125.0,548.0,,255.0,-21.0,1378.0,-251.0,389.0,,967.0
-84.0,561.0,,251.0,-122.0,1075.0,-297.0,352.0,,904.0
-146.0,580.0,,265.0,-138.0,1183.0,-308.0,460.0,,827.0
2.0,575.0,,283.0,-114.0,1242.0,-319.0,351.0,,759.0
-190.0,518.0,,268.0,-113.0,1252.0,-310.0,221.0,,711.0
-135.0,339.0,,274.0,-60.0,1476.0,-299.0,284.0,,679.0
-197.0,73.0,,279.0,-9.0,1579.0,-316.0,173.0,,676.0
-103.0,-114.0,,259.0,13.0,1602.0,-316.0,463.0,,693.0
-143.0,-232.0,,245.0,71.0,1608.0,-284.0,474.0,,700.0
-230.0,-334.0,,227.0,78.0,1643.0,-248.0,598.0,,710.0
-226.0,-385.0,,233.0,52.0,1748.0,-254.0,668.0,,703.0
-239.0,-391.0,,258.0,92.0,1623.0,-255.0,545.0,,686.0
-203.0,-380.0,,261.0,128.0,1452.0,-249.0,589.0,,667.0
-339.0,-330.0,,262.0,146.0,1371.0,-260.0,395.0,,639.0
-292.0,-210.0,,273.0,148.0,1398.0,-276.0,537.0,,616.0
-383.0,-86.0,,280.0,74.0,1318.0,-289.0,460.0,,585.0
-426.0,27.0,,238.0,1.0,1033.0,-272.0,439.0,,553.0
-397.0,150.0,,200.0,-18.0,865.0,-280.0,471.0,,509.0
-402.0,222.0,,167.0,-57.0,597.0,-291.0,258.0,,457.0
-443.0,243.0,,139.0,-86.0,291.0,-311.0,317.0,,422.0
-519.0,237.0,,174.0,-105.0,181.0,-359.0,92.0,,388.0
-452.0,219.0,,155.0,-161.0,200.0,-364.0,151.0,,378.0
-584.0,153.0,,140.0,-172.0,285.0,-356.0,212.0,,382.0
-595.0,48.0,,143.0,-145.0,293.0,-353.0,219.0,,397.0
-535.0,27.0,,123.0,-133.0,300.0,-366.0,365.0,,432.0
-603.0,74.0,,121.0,-83.0,517.0,-361.0,323.0,,460.0
-598.0,101.0,,109.0,-19.0,733.0,-325.0,639.0,,490.0
-671.0,86.0,,100.0,9.0,762.0,-298.0,700.0,,514.0
-609.0,56.0,,85.0,32.0,668.0,-283.0,807.0,,535.0
-635.0,31.0,,124.0,57.0,484.0,-273.0,888.0,,568.0
-535.0,-29.0,,175.0,79.0,397.0,-258.0,881.0,,598.0
-537.0,-56.0,,205.0,131.0,341.0,-268.0,1158.0,,632.0
-598.0,36.0,,237.0,172.0,271.0,-271.0,1093.0,,661.0
-579.0,187.0,,246.0,152.0,273.0,-247.0,1213.0,,681.0
-569.0,294.0,,245.0,141.0,325.0,-244.0,1110.0,,703.0
-431.0,326.0,,221.0,133.0,467.0,-241.0,966.0,,714.0
-591.0,294.0,,235.0,96.0,721.0,-215.0,960.0,,708.0
-495.0,195.0,,232.0,64.0,1024.0,-178.0,768.0,,692.0
-537.0,61.0,,203.0,37.0,1183.0,-143.0,857.0,,659.0
-361.0,-33.0,,188.0,3.0,1314.0,-93.0,689.0,,630.0
-342.0,-42.0,,155.0,-7.0,1612.0,-66.0,696.0,,606.0
-441.0,0.0,,121.0,-18.0,1818.0,-62.0,594.0,,567.0
-392.0,33.0,,76.0,-63.0,1819.0,-34.0,406.0,,517.0
-391.0,39.0,,40.0,-105.0,1951.0,-26.0,426.0,,441.0
-138.0,-7.0,,-8.0,-139.0,2224.0,-26.0,214.0,,354.0
-358.0,-122.0,,-58.0,-165.0,2531.0,-15.0,295.0,,266.0
-220.0,-248.0,,-108.0,-141.0,2725.0,0.0,195.0,,177.0
-345.0,-290.0,,-170.0,-102.0,2633.0,18.0,301.0,,107.0
-251.0,-256.0,,-194.0,-88.0,2466.0,0.0,443.0,,62.0
-146.0,-194.0,,-211.0,-68.0,2285.0,1.0,445.0,,45.0
-213.0,-96.0,,-243.0,-70.0,2097.0,18.0,801.0,,51.0
-160.0,51.0,,-242.0,-91.0,1725.0,29.0,764.0,,89.0
-341.0,226.0,,-214.0,-85.0,1310.0,42.0,861.0,,154.0
-117.0,356.0,,-186.0,-111.0,1101.0,62.0,774.0,,234.0
-299.0,395.0,,-159.0,-160.0,1024.0,99.0,683.0,,319.0
-178.0,374.0,,-142.0,-171.0,1225.0,91.0,886.0,,387.0
-215.0,319.0,,-166.0,-180.0,1629.0,67.0,798.0,,459.0
-130.0,255.0,,-194.0,-149.0,2145.0,36.0,925.0,,523.0
-69.0,197.0,,-198.0,-91.0,2571.0,-11.0,796.0,,575.0
-118.0,147.0,,-207.0,-121.0,2688.0,-49.0,857.0,,622.0
37.0,102.0,,-220.0,-164.0,2618.0,-79.0,981.0,,644.0
-60.0,18.0,,-233.0,-172.0,2545.0,-81.0,990.0,,663.0
181.0,-95.0,,-250.0,-202.0,2610.0,-79.0,1271.0,,655.0
35.0,-192.0,,-247.0,-171.0,2505.0,-75.0,1219.0,,633.0
158.0,-275.0,,-217.0,-83.0,2043.0,-82.0,1498.0,,604.0
170.0,-338.0,,-193.0,-7.0,1738.0,-92.0,1553.0,,554.0
300.0,-334.0,,-159.0,93.0,1780.0,-96.0,1511.0,,486.0
399.0,-254.0,,-133.0,153.0,1821.0,-89.0,1520.0,,402.0
210.0,-171.0,,-145.0,120.0,1731.0,-73.0,1206.0,,342.0
370.0,-128.0,,-151.0,92.0,1735.0,-62.0,1228.0,,289.0
371.0,-113.0,,-159.0,56.0,1851.0,-49.0,1021.0,,244.0
568.0,-98.0,,-159.0,-31.0,1853.0,-76.0,1162.0,,220.0
457.0,-71.0,,-185.0,-90.0,1824.0,-72.0,1221.0,,202.0
432.0,-57.0,,-248.0,-135.0,1913.0,-48.0,1075.0,,194.0
392.0,-36.0,,-305.0,-174.0,2075.0,-86.0,1184.0,,178.0
464.0,-2.0,,-348.0,-159.0,2136.0,-102.0,947.0,,160.0
522.0,-20.0,,-366.0,-159.0,2077.0,-112.0,1032.0,,112.0
406.0,-89.0,,-405.0,-143.0,1949.0,-132.0,886.0,,27.0
397.0,-122.0,,-445.0,-62.0,1784.0,-130.0,859.0,,-59.0
236.0,-61.0,,-464.0,-13.0,1583.0,-128.0,955.0,,-161.0
343.0,8.0,,-484.0,23.0,1368.0,-115.0,757.0,,-265.0
225.0,11.0,,-503.0,96.0,1325.0,-93.0,875.0,,-353.0
278.0,-38.0,,-523.0,144.0,1250.0,-79.0,763.0,,-424.0
193.0,-132.0,,-551.0,196.0,1252.0,-63.0,946.0,,-453.0
227.0,-227.0,,-571.0,241.0,1604.0,-27.0,1069.0,,-444.0
163.0,-259.0,,-585.0,220.0,1888.0,-11.0,1025.0,,-407.0
90.0,-189.0,,-629.0,214.0,1947.0,-15.0,1095.0,,-359.0
266.0,-111.0,,-659.0,226.0,1981.0,1.0,968.0,,-300.0
30.0,-108.0,,-643.0,192.0,1896.0,1.0,1164.0,,-246.0
157.0,-103.0,,-611.0,184.0,1551.0,-2.0,1104.0,,-190.0
-7.0,-40.0,,-605.0,198.0,1053.0,16.0,1130.0,,-134.0
64.0,77.0,,-599.0,185.0,696.0,41.0,1156.0,,-87.0
54.0,237.0,,-574.0,193.0,603.0,75.0,1106.0,,-24.0
92.0,405.0,,-566.0,192.0,767.0,96.0,1382.0,,28.0
125.0,482.0,,-570.0,150.0,1045.0,123.0,1387.0,,83.0
-58.0,397.0,,-577.0,127.0,1188.0,138.0,1576.0,,155.0
116.0,272.0,,-618.0,104.0,1290.0,144.0,1433.0,,209.0
24.0,188.0,,-693.0,81.0,1293.0,193.0,1182.0,,252.0
199.0,168.0,,-769.0,106.0,1289.0,224.0,986.0,,295.0
13.0,181.0,,-840.0,123.0,1361.0,244.0,630.0,,325.0
53.0,144.0,,-879.0,113.0,1335.0,255.0,720.0,,340.0
83.0,81.0,,-904.0,140.0,1311.0,259.0,654.0,,333.0
114.0,-25.0,,-929.0,149.0,1304.0,297.0,827.0,,328.0
258.0,-157.0,,-937.0,149.0,1377.0,300.0,838.0,,321.0
62.0,-238.0,,-958.0,164.0,1391.0,291.0,709.0,,292.0
239.0,-226.0,,-963.0,115.0,1351.0,302.0,825.0,,254.0
209.0,-109.0,,-957.0,53.0,1467.0,306.0,691.0,,201.0
318.0,28.0,,-931.0,23.0,1785.0,307.0,812.0,,140.0
319.0,107.0,,-853.0,-14.0,2186.0,288.0,635.0,,58.0
313.0,53.0,,-778.0,-27.0,2347.0,281.0,609.0,,-19.0
315.0,-109.0,,-725.0,-37.0,2404.0,284.0,556.0,,-82.0
328.0,-260.0,,-672.0,-111.0,2339.0,264.0,415.0,,-112.0
435.0,-326.0,,-594.0,-187.0,2268.0,246.0,716.0,,-108.0
423.0,-303.0,,-555.0,-219.0,2201.0,243.0,641.0,,-82.0
477.0,-180.0,,-556.0,-246.0,1924.0,249.0,877.0,,-19.0
439.0,1.0,,-522.0,-225.0,1817.0,250.0,929.0,,47.0
498.0,80.0,,-505.0,-156.0,1714.0,244.0,934.0,,135.0
499.0,78.0,,-487.0,-97.0,1554.0,258.0,1143.0,,213.0
549.0,85.0,,-483.0,-23.0,1325.0,251.0,1045.0,,264.0
546.0,89.0,,-515.0,23.0,1153.0,242.0,1263.0,,306.0
595.0,91.0,,-537.0,37.0,1355.0,263.0,1184.0,,315.0
493.0,151.0,,-566.0,98.0,1558.0,241.0,1304.0,,304.0
551.0,223.0,,-601.0,139.0,1659.0,219.0,1393.0,,279.0
558.0,255.0,,-653.0,141.0,1753.0,243.0,1271.0,,213.0
451.0,262.0,,-693.0,155.0,2078.0,295.0,1354.0,,123.0
548.0,261.0,,-703.0,131.0,2459.0,318.0,1016.0,,34.0
356.0,268.0,,-732.0,94.0,2623.0,310.0,886.0,,-77.0
484.0,199.0,,-742.0,88.0,2641.0,309.0,515.0,,-194.0
385.0,121.0,,-726.0,55.0,2591.0,292.0,208.0,,-310.0
486.0,97.0,,-698.0,46.0,2579.0,298.0,179.0,,-410.0
435.0,57.0,,-654.0,105.0,2463.0,311.0,40.0,,-494.0
264.0,15.0,,-606.0,126.0,2252.0,305.0,243.0,,-569.0
465.0,-21.0,,-581.0,132.0,1976.0,306.0,166.0,,-635.0
339.0,-66.0,,-570.0,165.0,1770.0,308.0,242.0,,-687.0
431.0,-68.0,,-536.0,179.0,1544.0,308.0,232.0,,-702.0
257.0,-2.0,,-518.0,220.0,1239.0,336.0,234.0,,-722.0
368.0,147.0,,-501.0,245.0,955.0,348.0,524.0,,-724.0
370.0,334.0,,-508.0,207.0,699.0,351.0,565.0,,-697.0
306.0,443.0,,-557.0,177.0,519.0,382.0,842.0,,-679.0
419.0,513.0,,-574.0,106.0,389.0,386.0,844.0,,-654.0
269.0,526.0,,-562.0,-19.0,452.0,389.0,820.0,,-650.0
328.0,489.0,,-586.0,-90.0,585.0,406.0,713.0,,-661.0
217.0,403.0,,-615.0,-126.0,552.0,417.0,513.0,,-681.0
408.0,238.0,,-628.0,-144.0,603.0,418.0,596.0,,-692.0
304.0,110.0,,-620.0,-104.0,815.0,408.0,484.0,,-679.0
261.0,63.0,,-579.0,-72.0,920.0,390.0,720.0,,-643.0
379.0,34.0,,-561.0,-49.0,909.0,384.0,800.0,,-567.0
313.0,14.0,,-507.0,-15.0,872.0,397.0,866.0,,-484.0
452.0,71.0,,-435.0,-60.0,830.0,377.0,1040.0,,-380.0
235.0,152.0,,-355.0,-111.0,551.0,339.0,1018.0,,-274.0
318.0,166.0,,-251.0,-116.0,250.0,318.0,1236.0,,-172.0
317.0,132.0,,-176.0,-114.0,141.0,330.0,1104.0,,-51.0
289.0,101.0,,-128.0,-49.0,160.0,353.0,1158.0,,54.0
287.0,67.0,,-101.0,31.0,187.0,370.0,1165.0,,171.0
146.0,-19.0,,-57.0,72.0,-165.0,409.0,1080.0,,277.0
310.0,-148.0,,-34.0,113.0,-438.0,419.0,1138.0,,358.0
144.0,-200.0,,-19.0,101.0,-565.0,406.0,822.0,,404.0
119.0,-186.0,,0.0,44.0,-894.0,398.0,825.0,,405.0
18.0,-183.0,,-19.0,35.0,-1245.0,386.0,676.0,,384.0
-2.0,-149.0,,-8.0,39.0,-1378.0,384.0,761.0,,334.0
65.0,-75.0,,-8.0,73.0,-1288.0,387.0,892.0,,285.0
-134.0,-22.0,,-48.0,175.0,-1261.0,397.0,750.0,,233.0
-93.0,-55.0,,-65.0,218.0,-1257.0,408.0,859.0,,196.0
-227.0,-82.0,,-68.0,186.0,-1110.0,405.0,539.0,,168.0
-124.0,-115.0,,-53.0,124.0,-764.0,395.0,545.0,,151.0
-176.0,-119.0,,-65.0,-20.0,-398.0,384.0,480.0,,154.0
-213.0,-101.0,,-55.0,-145.0,-245.0,368.0,445.0,,145.0
-298.0,-159.0,,6.0,-174.0,-279.0,352.0,705.0,,154.0
-365.0,-197.0,,36.0,-162.0,-205.0,347.0,674.0,,160.0
-129.0,-309.0,,79.0,-94.0,-73.0,329.0,866.0,,148.0
-313.0,-478.0,,133.0,-9.0,-290.0,315.0,644.0,,130.0
-259.0,-610.0,,122.0,59.0,-698.0,312.0,585.0,,87.0
-383.0,-661.0,,83.0,161.0,-908.0,336.0,517.0,,28.0
-246.0,-595.0,,39.0,234.0,-983.0,338.0,301.0,,-48.0
-260.0,-455.0,,-41.0,212.0,-1206.0,292.0,432.0,,-138.0
-281.0,-292.0,,-87.0,182.0,-1552.0,271.0,288.0,,-235.0
-228.0,-156.0,,-124.0,157.0,-1708.0,217.0,495.0,,-322.0
-417.0,41.0,,-170.0,119.0,-1683.0,166.0,485.0,,-384.0
-173.0,225.0,,-169.0,113.0,-1815.0,135.0,522.0,,-445.0
-262.0,349.0,,-175.0,77.0,-2235.0,100.0,774.0,,-497.0
-167.0,446.0,,-181.0,4.0,-2691.0,113.0,779.0,,-553.0
-325.0,497.0,,-177.0,-49.0,-2914.0,121.0,1099.0,,-627.0
-180.0,492.0,,-148.0,-116.0,-2871.0,76.0,1084.0,,-695.0
-163.0,419.0,,-117.0,-141.0,-2767.0,40.0,1143.0,,-769.0
-194.0,333.0,,-102.0,-84.0,-2880.0,14.0,1023.0,,-854.0
