sensor_1,sensor_2,sensor_3,sensor_4,sensor_5,sensor_6,sensor_7,sensor_8,sensor_9,sensor_10
-4.0,-210.0,-134.0,254.0,,271.0,-12.0,112.0,-719.0,165.0
-18.0,-40.0,-131.0,165.0,,-181.0,4.0,-460.0,-506.0,-9.0
-51.0,-290.0,1.0,15.0,,-585.0,55.0,-674.0,-157.0,8.0
-43.0,605.0,-19.0,-100.0,,-298.0,171.0,-792.0,43.0,95.0
-18.0,1710.0,-26.0,-113.0,,198.0,219.0,-768.0,-624.0,157.0
-14.0,1894.0,-38.0,-110.0,,108.0,189.0,-585.0,-720.0,278.0
-37.0,2106.0,-15.0,-115.0,,-398.0,212.0,-445.0,-407.0,291.0
-84.0,2082.0,96.0,28.0,,-615.0,241.0,-25.0,-202.0,275.0
-69.0,1012.0,4.0,199.0,,-313.0,220.0,240.0,180.0,531.0
-51.0,394.0,-33.0,216.0,,-114.0,215.0,461.0,183.0,753.0
-78.0,555.0,-66.0,256.0,,-200.0,205.0,509.0,-20.0,736.0
-97.0,-53.0,-80.0,375.0,,-123.0,164.0,509.0,-6.0,705.0
-70.0,91.0,-15.0,411.0,,37.0,114.0,737.0,652.0,837.0
-46.0,620.0,-26.0,406.0,,-62.0,55.0,739.0,680.0,814.0
-87.0,483.0,-44.0,378.0,,-214.0,31.0,729.0,194.0,691.0
-52.0,-2.0,-45.0,341.0,,-208.0,40.0,517.0,303.0,622.0
6.0,-594.0,-56.0,234.0,,-153.0,74.0,282.0,626.0,405.0
75.0,-569.0,-76.0,24.0,,-30.0,144.0,-20.0,929.0,311.0
146.0,148.0,-57.0,-39.0,,66.0,210.0,-393.0,608.0,440.0
187.0,710.0,-67.0,34.0,,-1.0,246.0,-306.0,700.0,532.0
218.0,204.0,-90.0,83.0,,-248.0,341.0,-223.0,851.0,423.0
225.0,155.0,-120.0,115.0,,-52.0,444.0,-25.0,632.0,400.0
249.0,437.0,-197.0,278.0,,98.0,508.0,88.0,1016.0,520.0
222.0,-136.0,-206.0,527.0,,-332.0,574.0,155.0,1099.0,461.0
187.0,-273.0,-249.0,644.0,,-547.0,601.0,352.0,775.0,351.0
191.0,2.0,-310.0,608.0,,-514.0,605.0,443.0,302.0,287.0
218.0,-95.0,-343.0,484.0,,-227.0,559.0,753.0,289.0,154.0
222.0,-69.0,-405.0,434.0,,-212.0,511.0,733.0,1044.0,14.0
218.0,155.0,-444.0,494.0,,-446.0,482.0,541.0,992.0,21.0
224.0,260.0,-490.0,559.0,,-358.0,465.0,417.0,412.0,61.0
224.0,85.0,-563.0,565.0,,-346.0,425.0,349.0,472.0,77.0
217.0,-69.0,-596.0,516.0,,-404.0,296.0,402.0,638.0,139.0
186.0,483.0,-546.0,399.0,,-313.0,182.0,116.0,1008.0,253.0
174.0,539.0,-576.0,231.0,,-88.0,106.0,-25.0,1008.0,358.0
151.0,-132.0,-591.0,144.0,,1.0,16.0,-99.0,498.0,302.0
137.0,-143.0,-522.0,48.0,,-204.0,-70.0,55.0,147.0,205.0
109.0,-237.0,-465.0,-131.0,,-232.0,-85.0,463.0,-22.0,220.0
103.0,-490.0,-388.0,-400.0,,-144.0,-37.0,521.0,170.0,217.0
96.0,-811.0,-280.0,-675.0,,-381.0,3.0,448.0,75.0,114.0
58.0,-1144.0,-188.0,-756.0,,-225.0,91.0,319.0,-426.0,31.0
82.0,-665.0,-136.0,-706.0,,-21.0,218.0,559.0,-797.0,34.0
107.0,-567.0,-110.0,-622.0,,-250.0,319.0,796.0,-90.0,103.0
154.0,-677.0,-78.0,-405.0,,-417.0,446.0,766.0,-33.0,113.0
214.0,-666.0,2.0,-78.0,,-256.0,576.0,582.0,-535.0,170.0
257.0,-994.0,-8.0,217.0,,283.0,649.0,7.0,-117.0,289.0
257.0,-500.0,81.0,481.0,,223.0,666.0,-230.0,-226.0,308.0
215.0,114.0,56.0,733.0,,-120.0,713.0,-151.0,159.0,467.0
231.0,191.0,-4.0,888.0,,-434.0,762.0,273.0,145.0,639.0
243.0,416.0,46.0,860.0,,-758.0,727.0,589.0,-160.0,573.0
237.0,271.0,-47.0,756.0,,-559.0,673.0,397.0,-33.0,447.0
261.0,-416.0,26.0,605.0,,-406.0,599.0,358.0,-178.0,494.0
271.0,-861.0,-86.0,343.0,,-442.0,520.0,325.0,27.0,539.0
269.0,-495.0,-173.0,73.0,,-597.0,469.0,700.0,17.0,347.0
263.0,-32.0,-191.0,-117.0,,-488.0,463.0,1162.0,-74.0,321.0
271.0,29.0,-236.0,-255.0,,-14.0,489.0,1260.0,-449.0,495.0
240.0,531.0,-174.0,-432.0,,-77.0,491.0,1058.0,-457.0,507.0
209.0,825.0,-342.0,-576.0,,-571.0,489.0,522.0,-238.0,472.0
219.0,496.0,-388.0,-605.0,,-661.0,520.0,445.0,26.0,594.0
221.0,432.0,-380.0,-572.0,,-361.0,549.0,578.0,44.0,733.0
243.0,945.0,-325.0,-442.0,,-209.0,544.0,628.0,-344.0,722.0
220.0,1682.0,-304.0,-283.0,,-195.0,565.0,295.0,-208.0,682.0
221.0,1463.0,-375.0,-108.0,,-71.0,627.0,-343.0,-164.0,621.0
240.0,1097.0,-358.0,155.0,,130.0,643.0,-495.0,351.0,397.0
231.0,1266.0,-330.0,290.0,,177.0,624.0,-227.0,424.0,121.0
226.0,714.0,-248.0,238.0,,-52.0,631.0,519.0,347.0,-11.0
198.0,414.0,-291.0,114.0,,-177.0,616.0,1091.0,277.0,-102.0
198.0,483.0,-247.0,49.0,,-100.0,558.0,1162.0,177.0,-288.0
182.0,205.0,-225.0,143.0,,-41.0,450.0,977.0,665.0,-456.0
176.0,-175.0,-263.0,163.0,,-49.0,327.0,709.0,274.0,-441.0
185.0,-325.0,-90.0,40.0,,-324.0,206.0,872.0,-91.0,-333.0
188.0,-149.0,-67.0,-76.0,,-297.0,87.0,1029.0,-417.0,-307.0
182.0,-840.0,-93.0,-203.0,,29.0,7.0,1130.0,-354.0,-321.0
174.0,-1294.0,-48.0,-321.0,,15.0,-60.0,927.0,-402.0,-341.0
210.0,-979.0,-40.0,-466.0,,18.0,-95.0,321.0,-711.0,-315.0
227.0,-423.0,21.0,-546.0,,148.0,-52.0,-9.0,-325.0,-299.0
193.0,-252.0,52.0,-466.0,,219.0,32.0,-60.0,-553.0,-326.0
161.0,-44.0,-11.0,-470.0,,38.0,107.0,221.0,-501.0,-281.0
188.0,653.0,-56.0,-455.0,,-121.0,203.0,327.0,-131.0,-246.0
215.0,234.0,11.0,-371.0,,-214.0,328.0,290.0,21.0,-228.0
175.0,-31.0,-72.0,-314.0,,-258.0,428.0,197.0,-101.0,-81.0
199.0,-273.0,-170.0,-166.0,,-100.0,475.0,-25.0,-505.0,78.0
287.0,-223.0,-145.0,-65.0,,-32.0,522.0,153.0,-285.0,74.0
322.0,192.0,-123.0,-93.0,,63.0,596.0,258.0,-55.0,69.0
275.0,361.0,-37.0,-190.0,,-15.0,639.0,308.0,-432.0,97.0
198.0,302.0,-45.0,-320.0,,-145.0,626.0,219.0,-457.0,39.0
201.0,-343.0,-42.0,-376.0,,-314.0,551.0,157.0,-375.0,-61.0
156.0,-82.0,20.0,-424.0,,-304.0,465.0,541.0,-305.0,-84.0
69.0,-79.0,125.0,-503.0,,-21.0,408.0,934.0,460.0,-105.0
27.0,8.0,166.0,-482.0,,-97.0,383.0,1413.0,283.0,-142.0
37.0,619.0,90.0,-324.0,,-179.0,331.0,1470.0,-19.0,-145.0
54.0,883.0,125.0,-114.0,,-337.0,269.0,1128.0,205.0,-240.0
-6.0,824.0,197.0,-53.0,,-379.0,239.0,655.0,80.0,-345.0
-24.0,537.0,230.0,-93.0,,-385.0,218.0,271.0,536.0,-347.0
21.0,583.0,213.0,-59.0,,-469.0,244.0,436.0,616.0,-219.0
63.0,32.0,166.0,-89.0,,-416.0,328.0,511.0,242.0,-172.0
73.0,-571.0,183.0,-116.0,,-498.0,410.0,576.0,-32.0,-220.0
124.0,-756.0,232.0,-17.0,,-367.0,430.0,498.0,158.0,-119.0
231.0,-983.0,142.0,81.0,,-181.0,427.0,291.0,583.0,-16.0
330.0,-1060.0,76.0,205.0,,-162.0,422.0,227.0,47.0,59.0
458.0,-706.0,64.0,280.0,,-379.0,401.0,53.0,-196.0,143.0
554.0,-491.0,18.0,250.0,,-589.0,324.0,197.0,-64.0,88.0
638.0,-534.0,18.0,213.0,,-679.0,201.0,306.0,-145.0,-14.0
722.0,-149.0,-60.0,121.0,,-656.0,113.0,365.0,251.0,4.0
727.0,109.0,-102.0,44.0,,-619.0,54.0,358.0,308.0,26.0
738.0,618.0,-163.0,6.0,,-720.0,10.0,208.0,-297.0,-67.0
772.0,1454.0,-117.0,-43.0,,-658.0,6.0,323.0,-602.0,-182.0
756.0,1502.0,-32.0,-101.0,,-701.0,60.0,406.0,-413.0,-224.0
698.0,1131.0,-116.0,-197.0,,-650.0,127.0,707.0,91.0,-284.0
673.0,1036.0,-47.0,-301.0,,-513.0,195.0,855.0,-24.0,-329.0
658.0,1496.0,20.0,-376.0,,-565.0,242.0,787.0,-763.0,-306.0
583.0,1775.0,62.0,-566.0,,-637.0,314.0,729.0,-504.0,-418.0
556.0,980.0,115.0,-785.0,,-394.0,442.0,382.0,132.0,-514.0
564.0,726.0,123.0,-764.0,,-171.0,570.0,214.0,183.0,-452.0
574.0,466.0,117.0,-634.0,,-381.0,601.0,188.0,181.0,-395.0
559.0,-590.0,143.0,-512.0,,-451.0,504.0,432.0,28.0,-437.0
557.0,-816.0,232.0,-389.0,,-400.0,430.0,589.0,-174.0,-497.0
583.0,-707.0,192.0,-257.0,,-368.0,380.0,474.0,-58.0,-542.0
548.0,-649.0,167.0,-157.0,,-494.0,300.0,500.0,88.0,-628.0
538.0,-342.0,165.0,-81.0,,-500.0,200.0,463.0,214.0,-605.0
497.0,-135.0,237.0,-12.0,,-212.0,136.0,779.0,-338.0,-613.0
501.0,-380.0,286.0,-6.0,,-97.0,138.0,1069.0,-634.0,-682.0
508.0,-640.0,248.0,-37.0,,-33.0,124.0,1093.0,109.0,-709.0
519.0,-1000.0,269.0,-256.0,,87.0,84.0,899.0,88.0,-741.0
577.0,-1023.0,234.0,-557.0,,139.0,86.0,456.0,-276.0,-786.0
624.0,-272.0,298.0,-699.0,,58.0,130.0,362.0,-530.0,-821.0
694.0,-108.0,326.0,-786.0,,65.0,112.0,186.0,-503.0,-716.0
652.0,-56.0,285.0,-851.0,,193.0,74.0,9.0,-322.0,-589.0
639.0,18.0,278.0,-847.0,,245.0,87.0,-166.0,-308.0,-535.0
637.0,59.0,273.0,-778.0,,132.0,101.0,-419.0,-176.0,-596.0
586.0,-382.0,262.0,-712.0,,58.0,151.0,-426.0,-466.0,-601.0
538.0,-827.0,242.0,-667.0,,316.0,202.0,-341.0,-699.0,-587.0
484.0,21.0,204.0,-528.0,,551.0,266.0,118.0,-469.0,-712.0
437.0,252.0,115.0,-319.0,,531.0,345.0,430.0,65.0,-819.0
341.0,91.0,123.0,-135.0,,562.0,375.0,506.0,-75.0,-896.0
296.0,-222.0,119.0,34.0,,632.0,416.0,624.0,-411.0,-951.0
267.0,-92.0,52.0,182.0,,637.0,351.0,739.0,-320.0,-1012.0
231.0,205.0,-39.0,277.0,,519.0,260.0,920.0,-78.0,-937.0
239.0,77.0,-10.0,339.0,,295.0,232.0,763.0,197.0,-882.0
285.0,1282.0,63.0,408.0,,234.0,163.0,606.0,137.0,-916.0
331.0,2049.0,16.0,523.0,,270.0,87.0,262.0,169.0,-856.0
390.0,1501.0,23.0,614.0,,301.0,-93.0,-254.0,-289.0,-755.0
445.0,782.0,22.0,557.0,,331.0,-247.0,-511.0,42.0,-666.0
452.0,1368.0,137.0,442.0,,484.0,-308.0,-631.0,654.0,-692.0
451.0,1328.0,225.0,292.0,,554.0,-353.0,-391.0,328.0,-766.0
451.0,248.0,152.0,110.0,,471.0,-295.0,-286.0,347.0,-785.0
430.0,135.0,182.0,-65.0,,454.0,-227.0,-199.0,-136.0,-860.0
427.0,-141.0,211.0,-338.0,,131.0,-165.0,27.0,-16.0,-991.0
474.0,-351.0,242.0,-558.0,,-169.0,-116.0,232.0,451.0,-914.0
506.0,-689.0,290.0,-616.0,,-194.0,-70.0,661.0,-16.0,-736.0
525.0,-646.0,271.0,-584.0,,-131.0,20.0,934.0,0.0,-713.0
563.0,-1274.0,262.0,-525.0,,5.0,81.0,1090.0,23.0,-670.0
634.0,-1868.0,279.0,-411.0,,94.0,105.0,877.0,120.0,-500.0
628.0,-1377.0,324.0,-250.0,,294.0,73.0,448.0,357.0,-418.0
582.0,-1175.0,289.0,-187.0,,314.0,-7.0,308.0,-114.0,-354.0
593.0,-193.0,177.0,-152.0,,154.0,-102.0,203.0,-366.0,-265.0
607.0,218.0,109.0,-90.0,,200.0,-200.0,157.0,-414.0,-357.0
612.0,-138.0,53.0,-133.0,,229.0,-266.0,-114.0,-450.0,-551.0
591.0,394.0,-10.0,-319.0,,59.0,-284.0,-388.0,-38.0,-634.0
578.0,975.0,-69.0,-522.0,,-166.0,-258.0,-406.0,-137.0,-481.0
542.0,663.0,-155.0,-681.0,,-189.0,-249.0,-279.0,-739.0,-450.0
552.0,1024.0,-193.0,-873.0,,-77.0,-274.0,-92.0,-756.0,-572.0
578.0,2006.0,-176.0,-1091.0,,-46.0,-250.0,-219.0,-357.0,-541.0
538.0,964.0,-178.0,-1129.0,,-35.0,-196.0,-133.0,-331.0,-469.0
530.0,-668.0,-154.0,-878.0,,1.0,-174.0,149.0,-255.0,-428.0
555.0,-1128.0,-198.0,-588.0,,87.0,-176.0,406.0,-282.0,-371.0
617.0,-1634.0,-146.0,-389.0,,47.0,-209.0,620.0,-617.0,-244.0
640.0,-2043.0,-82.0,-275.0,,62.0,-216.0,752.0,-186.0,-232.0
617.0,-1991.0,-131.0,-214.0,,212.0,-215.0,992.0,50.0,-280.0
619.0,-1763.0,-65.0,-139.0,,115.0,-282.0,840.0,-59.0,-186.0
627.0,-2008.0,-59.0,-20.0,,70.0,-344.0,546.0,-3.0,-57.0
658.0,-1669.0,-96.0,57.0,,294.0,-366.0,194.0,-436.0,-14.0
654.0,-247.0,-85.0,25.0,,468.0,-359.0,-171.0,-228.0,-10.0
652.0,-99.0,-72.0,-29.0,,340.0,-292.0,-288.0,221.0,61.0
665.0,171.0,-74.0,-94.0,,307.0,-173.0,-269.0,-186.0,64.0
645.0,1304.0,-158.0,-161.0,,498.0,-30.0,60.0,-384.0,23.0
605.0,1859.0,-183.0,-245.0,,437.0,83.0,118.0,-512.0,86.0
568.0,1550.0,-183.0,-282.0,,306.0,126.0,59.0,-366.0,89.0
582.0,1333.0,-231.0,-305.0,,424.0,154.0,-5.0,76.0,-107.0
523.0,1106.0,-206.0,-238.0,,456.0,148.0,-138.0,-263.0,-232.0
483.0,308.0,-205.0,-66.0,,194.0,98.0,49.0,-330.0,-165.0
473.0,740.0,-167.0,6.0,,73.0,51.0,166.0,61.0,-159.0
425.0,763.0,-105.0,106.0,,169.0,-64.0,417.0,78.0,-284.0
353.0,367.0,-116.0,252.0,,268.0,-240.0,570.0,-40.0,-336.0
219.0,435.0,-91.0,415.0,,180.0,-402.0,497.0,-25.0,-370.0
123.0,-5.0,-62.0,431.0,,206.0,-495.0,567.0,-226.0,-584.0
28.0,-632.0,-19.0,173.0,,221.0,-545.0,493.0,-675.0,-642.0
-22.0,-798.0,-28.0,-51.0,,-68.0,-574.0,358.0,-222.0,-467.0
-31.0,-304.0,-14.0,-180.0,,-163.0,-564.0,12.0,350.0,-482.0
-59.0,-600.0,33.0,-303.0,,-100.0,-561.0,-258.0,-344.0,-539.0
-82.0,-1.0,-8.0,-350.0,,-19.0,-495.0,-304.0,-944.0,-341.0
-67.0,794.0,2.0,-415.0,,-97.0,-363.0,-151.0,-692.0,-168.0
-1.0,235.0,51.0,-510.0,,-31.0,-226.0,408.0,-490.0,-224.0
31.0,305.0,50.0,-583.0,,121.0,-107.0,720.0,-489.0,-218.0
66.0,249.0,68.0,-615.0,,-18.0,-29.0,885.0,-673.0,-69.0
122.0,-84.0,83.0,-552.0,,-218.0,43.0,831.0,-655.0,-164.0
116.0,420.0,83.0,-571.0,,-271.0,77.0,602.0,-433.0,-381.0
121.0,1134.0,75.0,-589.0,,-108.0,56.0,352.0,-408.0,-313.0
144.0,446.0,89.0,-485.0,,-48.0,-4.0,-112.0,-246.0,-164.0
171.0,-216.0,88.0,-332.0,,46.0,-55.0,-266.0,-49.0,-193.0
198.0,-347.0,44.0,-164.0,,7.0,-88.0,-391.0,-359.0,-210.0
198.0,-1242.0,116.0,-156.0,,-208.0,-199.0,-352.0,-862.0,-77.0
204.0,-1101.0,116.0,-291.0,,-304.0,-310.0,-256.0,-290.0,-29.0
166.0,-616.0,61.0,-430.0,,-187.0,-353.0,-288.0,-31.0,-29.0
149.0,-569.0,74.0,-588.0,,-26.0,-409.0,-162.0,-585.0,92.0
53.0,-204.0,38.0,-743.0,,-194.0,-450.0,-129.0,-477.0,220.0
-42.0,-81.0,21.0,-784.0,,-316.0,-510.0,184.0,-250.0,180.0
-88.0,-895.0,4.0,-690.0,,-254.0,-557.0,290.0,-102.0,59.0
-139.0,-1126.0,24.0,-617.0,,-250.0,-489.0,133.0,-299.0,77.0
-130.0,344.0,58.0,-727.0,,-405.0,-370.0,64.0,-331.0,86.0
-133.0,237.0,63.0,-761.0,,-392.0,-305.0,-59.0,-541.0,-116.0
-100.0,348.0,53.0,-537.0,,-233.0,-341.0,-94.0,-929.0,-331.0
-147.0,975.0,54.0,-381.0,,-305.0,-341.0,-365.0,-501.0,-430.0
-139.0,97.0,56.0,-411.0,,-375.0,-273.0,-469.0,-151.0,-612.0
-140.0,289.0,11.0,-393.0,,-314.0,-237.0,-550.0,-199.0,-673.0
-190.0,105.0,-18.0,-274.0,,-209.0,-253.0,-672.0,-654.0,-621.0
-189.0,330.0,-58.0,-186.0,,-229.0,-246.0,-589.0,-603.0,-749.0
-162.0,790.0,-104.0,-148.0,,-256.0,-138.0,-607.0,-107.0,-871.0
-75.0,-27.0,-156.0,-149.0,,-91.0,-48.0,-395.0,9.0,-742.0
-98.0,-146.0,-166.0,-84.0,,-70.0,19.0,-308.0,38.0,-522.0
-52.0,334.0,-149.0,-21.0,,-234.0,139.0,-210.0,145.0,-509.0
-9.0,52.0,-142.0,-80.0,,-211.0,225.0,-99.0,336.0,-517.0
-5.0,-1125.0,-107.0,-85.0,,-22.0,247.0,-160.0,501.0,-407.0
11.0,-794.0,-105.0,-38.0,,50.0,197.0,103.0,811.0,-320.0
3.0,-115.0,-111.0,-85.0,,-80.0,83.0,380.0,559.0,-353.0
10.0,109.0,-126.0,-182.0,,-71.0,-12.0,580.0,349.0,-288.0
3.0,354.0,-114.0,-215.0,,59.0,-90.0,354.0,205.0,-155.0
16.0,63.0,-86.0,-175.0,,-66.0,-181.0,-81.0,-110.0,-298.0
-43.0,-287.0,-103.0,-70.0,,-226.0,-294.0,-419.0,66.0,-377.0
-36.0,164.0,-86.0,-13.0,,-46.0,-423.0,-772.0,-333.0,-240.0
12.0,1204.0,-112.0,-17.0,,106.0,-499.0,-624.0,-890.0,-218.0
0.0,433.0,-103.0,-77.0,,-27.0,-528.0,-397.0,-992.0,-269.0
-19.0,-543.0,-68.0,-249.0,,-89.0,-580.0,-223.0,-743.0,-232.0
-14.0,-964.0,-72.0,-357.0,,-138.0,-592.0,-179.0,-779.0,-298.0
3.0,-1140.0,-46.0,-368.0,,-120.0,-533.0,-192.0,-780.0,-505.0
-10.0,-624.0,-41.0,-359.0,,-12.0,-475.0,-157.0,-729.0,-576.0
11.0,-400.0,15.0,-304.0,,88.0,-419.0,-452.0,-828.0,-557.0
46.0,-306.0,36.0,-248.0,,-12.0,-372.0,-482.0,-294.0,-572.0
46.0,707.0,78.0,-262.0,,-218.0,-347.0,-413.0,-309.0,-545.0
21.0,1784.0,96.0,-263.0,,-4.0,-324.0,-388.0,-123.0,-420.0
26.0,1429.0,37.0,-338.0,,199.0,-274.0,-445.0,-122.0,-277.0
-12.0,634.0,46.0,-452.0,,172.0,-200.0,-630.0,-607.0,-121.0
-122.0,176.0,49.0,-463.0,,91.0,-153.0,-478.0,167.0,156.0
-187.0,115.0,30.0,-453.0,,260.0,-146.0,-541.0,748.0,357.0
-206.0,-613.0,-41.0,-334.0,,364.0,-129.0,-644.0,144.0,341.0
-225.0,-106.0,-86.0,-263.0,,91.0,-93.0,-574.0,604.0,359.0
-194.0,311.0,-126.0,-249.0,,136.0,-97.0,-327.0,1303.0,449.0
-146.0,-834.0,-133.0,-149.0,,302.0,-127.0,40.0,555.0,505.0
-71.0,-1158.0,-162.0,-6.0,,279.0,-178.0,31.0,593.0,502.0
9.0,-1770.0,-323.0,190.0,,129.0,-238.0,-20.0,713.0,425.0
-3.0,-1773.0,-385.0,384.0,,222.0,-219.0,-232.0,173.0,391.0
-24.0,-1877.0,-407.0,446.0,,415.0,-216.0,-386.0,28.0,425.0
-28.0,-1321.0,-465.0,309.0,,235.0,-311.0,-480.0,306.0,451.0
3.0,-94.0,-423.0,217.0,,54.0,-414.0,-718.0,371.0,508.0
-23.0,-58.0,-435.0,202.0,,53.0,-467.0,-779.0,214.0,578.0
-63.0,5.0,-441.0,122.0,,131.0,-504.0,-1034.0,413.0,582.0
-37.0,-54.0,-416.0,21.0,,12.0,-529.0,-1128.0,98.0,610.0
-46.0,-95.0,-423.0,3.0,,36.0,-501.0,-986.0,201.0,603.0
-77.0,-91.0,-353.0,-21.0,,417.0,-405.0,-545.0,714.0,543.0
-150.0,-17.0,-320.0,-197.0,,517.0,-282.0,123.0,153.0,516.0
-170.0,-27.0,-243.0,-391.0,,373.0,-230.0,424.0,97.0,361.0
-218.0,363.0,-181.0,-559.0,,365.0,-235.0,672.0,14.0,197.0
-284.0,358.0,-150.0,-673.0,,460.0,-199.0,587.0,-469.0,62.0
-315.0,243.0,-87.0,-584.0,,569.0,-88.0,293.0,290.0,-110.0
-376.0,680.0,-77.0,-362.0,,605.0,14.0,-83.0,26.0,-131.0
-384.0,721.0,-27.0,-221.0,,682.0,37.0,-388.0,199.0,-108.0
-445.0,319.0,38.0,-198.0,,650.0,43.0,-315.0,815.0,-177.0
-502.0,-600.0,42.0,-167.0,,505.0,66.0,-521.0,190.0,-235.0
-500.0,-472.0,38.0,-68.0,,511.0,117.0,-641.0,671.0,-175.0
-510.0,-581.0,61.0,27.0,,331.0,94.0,-574.0,657.0,-82.0
-563.0,-677.0,76.0,119.0,,201.0,52.0,-293.0,514.0,32.0
-600.0,87.0,85.0,173.0,,133.0,38.0,36.0,504.0,188.0
-534.0,191.0,75.0,111.0,,152.0,-74.0,-25.0,335.0,175.0
-566.0,-79.0,84.0,-4.0,,289.0,-228.0,11.0,682.0,168.0
-623.0,-144.0,60.0,-96.0,,104.0,-412.0,-110.0,404.0,411.0
-606.0,529.0,56.0,-166.0,,18.0,-545.0,-297.0,141.0,664.0
-569.0,373.0,102.0,-207.0,,27.0,-613.0,-489.0,-112.0,670.0
-600.0,-457.0,126.0,-256.0,,25.0,-689.0,-624.0,108.0,664.0
-695.0,-684.0,136.0,-323.0,,82.0,-752.0,-556.0,461.0,737.0
-703.0,-528.0,138.0,-337.0,,2.0,-792.0,-639.0,398.0,687.0
-742.0,-745.0,102.0,-335.0,,-81.0,-737.0,-384.0,227.0,707.0
-790.0,-959.0,59.0,-229.0,,35.0,-638.0,-42.0,306.0,695.0
-840.0,-1203.0,63.0,-92.0,,181.0,-509.0,227.0,552.0,446.0
-859.0,-1750.0,32.0,-77.0,,256.0,-314.0,410.0,320.0,246.0
-847.0,-1557.0,14.0,-104.0,,291.0,-88.0,413.0,444.0,186.0
-832.0,-1458.0,1.0,-80.0,,367.0,135.0,395.0,46.0,1.0
-847.0,-615.0,10.0,-10.0,,474.0,311.0,-92.0,-10.0,-258.0
-896.0,294.0,29.0,42.0,,370.0,472.0,-417.0,331.0,-364.0
-803.0,541.0,70.0,62.0,,259.0,612.0,-593.0,209.0,-525.0
-752.0,1116.0,110.0,38.0,,50.0,658.0,-866.0,542.0,-726.0
-740.0,1466.0,90.0,-3.0,,57.0,601.0,-1023.0,306.0,-699.0
-680.0,1345.0,105.0,19.0,,117.0,529.0,-1156.0,-111.0,-566.0
-595.0,1096.0,74.0,157.0,,-16.0,479.0,-946.0,40.0,-523.0
-542.0,2016.0,58.0,221.0,,125.0,432.0,-920.0,312.0,-426.0
-495.0,2111.0,92.0,148.0,,64.0,388.0,-816.0,69.0,-166.0
-405.0,1292.0,94.0,94.0,,-108.0,326.0,-469.0,-90.0,-9.0
-385.0,943.0,99.0,101.0,,-219.0,253.0,-188.0,-268.0,78.0
-356.0,219.0,84.0,62.0,,-60.0,189.0,227.0,-8.0,335.0
-318.0,-265.0,44.0,-50.0,,177.0,134.0,380.0,423.0,577.0
-287.0,-650.0,-5.0,-131.0,,31.0,99.0,419.0,-217.0,567.0
-297.0,9.0,-28.0,-228.0,,-61.0,109.0,142.0,-99.0,527.0
-325.0,449.0,-24.0,-276.0,,24.0,155.0,-232.0,172.0,600.0
-333.0,518.0,-48.0,-253.0,,210.0,210.0,-360.0,163.0,653.0
-308.0,1057.0,-29.0,-190.0,,229.0,205.0,-428.0,423.0,594.0
-332.0,596.0,-48.0,5.0,,173.0,148.0,-149.0,557.0,486.0
-407.0,409.0,-71.0,179.0,,195.0,137.0,7.0,502.0,470.0
-462.0,-231.0,-68.0,260.0,,227.0,115.0,18.0,244.0,436.0
-489.0,-319.0,-99.0,361.0,,316.0,56.0,-109.0,57.0,446.0
-503.0,64.0,-58.0,359.0,,467.0,7.0,-90.0,196.0,486.0
-600.0,-466.0,-48.0,271.0,,429.0,4.0,371.0,795.0,465.0
-643.0,-678.0,-50.0,122.0,,192.0,61.0,537.0,382.0,392.0
-686.0,-1450.0,-11.0,-13.0,,386.0,105.0,439.0,-245.0,334.0
-722.0,-1651.0,-13.0,-11.0,,561.0,142.0,42.0,224.0,362.0
-750.0,-1919.0,-22.0,-115.0,,475.0,229.0,-349.0,615.0,258.0
-740.0,-2316.0,-10.0,-204.0,,473.0,316.0,-606.0,581.0,160.0
-719.0,-1202.0,-7.0,-181.0,,460.0,331.0,-757.0,394.0,83.0
-744.0,-70.0,13.0,-117.0,,587.0,364.0,-458.0,8.0,13.0
-686.0,-336.0,40.0,62.0,,545.0,432.0,-400.0,-62.0,22.0
-668.0,-605.0,34.0,170.0,,542.0,470.0,-515.0,449.0,88.0
-661.0,541.0,71.0,143.0,,717.0,510.0,-598.0,540.0,237.0
-691.0,711.0,116.0,115.0,,517.0,564.0,-585.0,130.0,278.0
-636.0,1081.0,97.0,158.0,,315.0,609.0,-456.0,-257.0,357.0
-579.0,2653.0,76.0,187.0,,332.0,599.0,-356.0,-354.0,484.0
-584.0,3227.0,35.0,190.0,,394.0,599.0,70.0,233.0,531.0
-579.0,2353.0,-6.0,165.0,,233.0,561.0,155.0,393.0,542.0
-591.0,832.0,0.0,186.0,,27.0,449.0,-16.0,-29.0,577.0
-548.0,518.0,-59.0,280.0,,280.0,384.0,-206.0,-707.0,578.0
-577.0,-94.0,-62.0,290.0,,440.0,316.0,-498.0,-1199.0,434.0
-599.0,-1132.0,-29.0,287.0,,337.0,247.0,-491.0,2.0,297.0
-584.0,-448.0,-60.0,264.0,,363.0,243.0,-454.0,-177.0,285.0
-484.0,-165.0,-24.0,160.0,,590.0,296.0,-208.0,-1178.0,395.0
-476.0,-1033.0,-40.0,92.0,,609.0,394.0,-131.0,-595.0,478.0
-525.0,-1087.0,-35.0,124.0,,365.0,484.0,-194.0,-441.0,500.0
-466.0,-953.0,-14.0,120.0,,266.0,541.0,-25.0,-121.0,531.0
-446.0,-1165.0,-53.0,45.0,,319.0,623.0,-27.0,97.0,591.0
-407.0,-1435.0,24.0,16.0,,341.0,709.0,-96.0,195.0,723.0
-374.0,-1051.0,83.0,-14.0,,214.0,685.0,-362.0,214.0,854.0
-301.0,-91.0,99.0,-34.0,,372.0,609.0,-384.0,171.0,903.0
-263.0,-459.0,119.0,8.0,,388.0,525.0,-308.0,688.0,859.0
-196.0,-1339.0,130.0,124.0,,115.0,429.0,-293.0,767.0,874.0
-115.0,-1833.0,196.0,289.0,,100.0,340.0,0.0,530.0,1035.0
-112.0,-1516.0,213.0,362.0,,299.0,229.0,-42.0,141.0,1055.0
-124.0,-1345.0,242.0,470.0,,519.0,220.0,-197.0,0.0,952.0
-154.0,-1572.0,290.0,633.0,,194.0,321.0,-388.0,553.0,915.0
-144.0,-1019.0,334.0,643.0,,-109.0,403.0,-445.0,703.0,803.0
-161.0,-1107.0,359.0,583.0,,79.0,423.0,-426.0,275.0,684.0
-187.0,-792.0,380.0,575.0,,408.0,406.0,-720.0,-140.0,692.0
-239.0,-107.0,399.0,595.0,,598.0,477.0,-870.0,76.0,765.0
-261.0,165.0,417.0,474.0,,396.0,558.0,-1042.0,688.0,646.0
-249.0,954.0,434.0,192.0,,233.0,525.0,-1021.0,123.0,475.0
-291.0,1558.0,356.0,-69.0,,273.0,467.0,-755.0,-469.0,471.0
-365.0,1950.0,389.0,-254.0,,248.0,464.0,-393.0,-739.0,384.0
-368.0,2360.0,363.0,-336.0,,133.0,454.0,-77.0,-811.0,229.0
-332.0,2258.0,327.0,-290.0,,140.0,373.0,-245.0,-266.0,87.0
-383.0,1881.0,359.0,-242.0,,321.0,303.0,-408.0,-609.0,-3.0
-424.0,2131.0,300.0,-166.0,,492.0,275.0,-522.0,-864.0,-76.0
-432.0,2346.0,279.0,-10.0,,371.0,275.0,-467.0,-839.0,-173.0
-431.0,1629.0,259.0,104.0,,177.0,294.0,-225.0,-743.0,-145.0
-456.0,735.0,231.0,241.0,,208.0,264.0,-88.0,113.0,-86.0
-465.0,-81.0,189.0,320.0,,313.0,246.0,29.0,62.0,-62.0
-453.0,-1190.0,214.0,283.0,,517.0,315.0,-254.0,-431.0,24.0
-420.0,-1928.0,218.0,263.0,,376.0,412.0,-489.0,79.0,129.0
-343.0,-2064.0,241.0,301.0,,78.0,448.0,-535.0,252.0,171.0
-306.0,-1825.0,230.0,404.0,,146.0,436.0,-554.0,66.0,190.0
-330.0,-1341.0,213.0,465.0,,333.0,468.0,-497.0,217.0,287.0
-313.0,-577.0,267.0,450.0,,584.0,503.0,-606.0,15.0,401.0
-234.0,61.0,254.0,425.0,,646.0,494.0,-565.0,314.0,415.0
-227.0,193.0,315.0,430.0,,407.0,455.0,-567.0,136.0,397.0
-214.0,671.0,345.0,592.0,,187.0,406.0,-406.0,-680.0,502.0
-194.0,720.0,348.0,758.0,,95.0,329.0,-277.0,-61.0,674.0
-182.0,241.0,350.0,702.0,,-29.0,250.0,-445.0,11.0,711.0
-137.0,-81.0,350.0,607.0,,-34.0,216.0,-487.0,-450.0,695.0
-108.0,-284.0,314.0,543.0,,222.0,160.0,-630.0,-344.0,650.0
-129.0,-457.0,289.0,408.0,,536.0,83.0,-624.0,-153.0,579.0
-156.0,-716.0,314.0,321.0,,498.0,33.0,-576.0,-327.0,566.0
-112.0,-616.0,237.0,343.0,,79.0,31.0,-315.0,-319.0,563.0
-108.0,-729.0,176.0,294.0,,1.0,2.0,-48.0,494.0,447.0
-179.0,-1039.0,145.0,224.0,,120.0,-12.0,-221.0,162.0,253.0
-201.0,-891.0,134.0,261.0,,156.0,93.0,-301.0,281.0,206.0
-194.0,-327.0,148.0,257.0,,194.0,205.0,-448.0,361.0,183.0
-194.0,95.0,171.0,159.0,,138.0,294.0,-393.0,-105.0,134.0
-224.0,204.0,160.0,129.0,,103.0,415.0,-269.0,99.0,49.0
-279.0,703.0,209.0,243.0,,26.0,522.0,-147.0,-77.0,-11.0
-292.0,2084.0,259.0,278.0,,37.0,565.0,55.0,99.0,65.0
-295.0,2416.0,236.0,237.0,,85.0,553.0,-208.0,-8.0,131.0
-321.0,2440.0,279.0,315.0,,28.0,490.0,-460.0,190.0,251.0
-416.0,2710.0,269.0,483.0,,-12.0,405.0,-722.0,-109.0,380.0
-468.0,1478.0,217.0,649.0,,27.0,269.0,-770.0,-447.0,444.0
-432.0,1120.0,207.0,681.0,,95.0,68.0,-567.0,-42.0,463.0
-430.0,240.0,226.0,643.0,,-2.0,-85.0,-508.0,-96.0,493.0
-459.0,-473.0,182.0,473.0,,-181.0,-221.0,-273.0,317.0,561.0
-423.0,-743.0,116.0,232.0,,-71.0,-352.0,-282.0,-404.0,648.0
-335.0,-1365.0,77.0,166.0,,120.0,-409.0,-314.0,-653.0,682.0
-327.0,-851.0,36.0,179.0,,22.0,-440.0,-297.0,48.0,643.0
-331.0,-1825.0,-16.0,237.0,,20.0,-442.0,-273.0,-38.0,641.0
-285.0,-1930.0,-73.0,284.0,,10.0,-382.0,-136.0,69.0,566.0
-219.0,-1363.0,-116.0,341.0,,-167.0,-275.0,-243.0,-384.0,524.0
-162.0,-1260.0,-137.0,391.0,,-359.0,-123.0,-140.0,-553.0,505.0
-67.0,-916.0,-139.0,431.0,,-289.0,51.0,-79.0,66.0,411.0
-8.0,-440.0,-168.0,470.0,,106.0,163.0,18.0,27.0,377.0
-7.0,657.0,-181.0,391.0,,8.0,224.0,142.0,-230.0,380.0
42.0,559.0,-211.0,300.0,,-123.0,288.0,-12.0,-324.0,455.0
38.0,453.0,-207.0,193.0,,-50.0,299.0,-60.0,-637.0,583.0
36.0,903.0,-207.0,107.0,,-154.0,208.0,-358.0,-426.0,655.0
63.0,795.0,-195.0,82.0,,-209.0,22.0,-628.0,-138.0,672.0
54.0,152.0,-147.0,44.0,,-316.0,-158.0,-910.0,-230.0,708.0
0.0,1078.0,-104.0,-6.0,,-166.0,-277.0,-1136.0,-593.0,743.0
-27.0,1280.0,-35.0,-86.0,,-287.0,-388.0,-916.0,-689.0,777.0
-28.0,616.0,-10.0,-111.0,,-721.0,-450.0,-755.0,274.0,766.0
-54.0,1190.0,34.0,-89.0,,-580.0,-413.0,-491.0,565.0,649.0
-60.0,243.0,85.0,-64.0,,-301.0,-370.0,-253.0,28.0,576.0
-64.0,-429.0,123.0,-64.0,,-361.0,-319.0,-118.0,-334.0,623.0
-81.0,-905.0,134.0,-81.0,,-545.0,-243.0,-214.0,333.0,579.0
-105.0,-812.0,162.0,-34.0,,-390.0,-171.0,-495.0,1031.0,411.0
-75.0,53.0,173.0,-14.0,,-75.0,-74.0,-576.0,442.0,338.0
-67.0,246.0,143.0,-56.0,,-248.0,1.0,-727.0,238.0,277.0
-84.0,-32.0,119.0,-44.0,,-486.0,14.0,-672.0,324.0,168.0
-49.0,-225.0,76.0,-5.0,,-262.0,-24.0,-611.0,417.0,140.0
10.0,319.0,89.0,-38.0,,-129.0,-77.0,-498.0,371.0,220.0
15.0,-188.0,44.0,-82.0,,-274.0,-147.0,-339.0,363.0,174.0
-59.0,-203.0,-1.0,-28.0,,-282.0,-244.0,-332.0,46.0,91.0
-83.0,-124.0,-29.0,106.0,,-256.0,-328.0,121.0,-732.0,119.0
-114.0,-1053.0,-44.0,205.0,,-305.0,-390.0,533.0,-523.0,37.0
-169.0,-1637.0,-49.0,62.0,,-352.0,-433.0,735.0,-282.0,-17.0
-202.0,-1035.0,-83.0,-175.0,,-311.0,-517.0,533.0,-380.0,-54.0
-218.0,-70.0,-124.0,-237.0,,6.0,-602.0,134.0,-747.0,-89.0
-188.0,-332.0,-161.0,-156.0,,62.0,-589.0,20.0,-1005.0,-70.0
-144.0,-669.0,-163.0,-38.0,,-231.0,-516.0,-367.0,-470.0,15.0
-141.0,-892.0,-228.0,61.0,,-332.0,-469.0,-617.0,-209.0,99.0
-165.0,-219.0,-228.0,271.0,,-242.0,-412.0,-825.0,-77.0,76.0
-119.0,270.0,-249.0,456.0,,-105.0,-270.0,-849.0,-536.0,157.0
-114.0,372.0,-262.0,498.0,,-196.0,-98.0,-548.0,-883.0,193.0
-157.0,1109.0,-212.0,567.0,,-231.0,27.0,-286.0,-42.0,93.0
-133.0,783.0,-198.0,613.0,,-171.0,101.0,44.0,1.0,22.0
-99.0,464.0,-169.0,505.0,,-137.0,158.0,31.0,-245.0,38.0
-88.0,424.0,-157.0,305.0,,-81.0,220.0,195.0,-476.0,1.0
-90.0,-216.0,-102.0,173.0,,-163.0,264.0,509.0,-563.0,-15.0
-60.0,-1106.0,-111.0,70.0,,-246.0,260.0,681.0,-113.0,141.0
-45.0,-891.0,-72.0,-69.0,,-386.0,184.0,716.0,-4.0,198.0
-46.0,57.0,-37.0,-196.0,,-392.0,66.0,290.0,234.0,133.0
-28.0,-58.0,-78.0,-185.0,,-474.0,-104.0,-107.0,-84.0,207.0
-8.0,409.0,-80.0,-54.0,,-695.0,-308.0,-448.0,-293.0,306.0
60.0,1138.0,-143.0,2.0,,-788.0,-465.0,-465.0,44.0,147.0
119.0,1238.0,-121.0,6.0,,-852.0,-534.0,-354.0,565.0,-11.0
165.0,1074.0,-124.0,29.0,,-584.0,-543.0,-524.0,596.0,-22.0
210.0,667.0,-165.0,44.0,,-293.0,-593.0,-624.0,-252.0,26.0
252.0,44.0,-158.0,46.0,,-396.0,-596.0,-676.0,137.0,39.0
299.0,-461.0,-221.0,54.0,,-552.0,-472.0,-363.0,386.0,-36.0
297.0,188.0,-264.0,166.0,,-558.0,-314.0,-114.0,45.0,-121.0
333.0,-175.0,-282.0,255.0,,-586.0,-166.0,-57.0,345.0,-273.0
361.0,-642.0,-303.0,121.0,,-667.0,-31.0,70.0,-69.0,-403.0
355.0,-706.0,-318.0,-10.0,,-695.0,130.0,55.0,-162.0,-513.0
345.0,-651.0,-308.0,-55.0,,-633.0,259.0,145.0,365.0,-615.0
347.0,129.0,-308.0,-55.0,,-695.0,279.0,118.0,95.0,-707.0
331.0,-45.0,-268.0,13.0,,-822.0,225.0,110.0,126.0,-653.0
268.0,216.0,-204.0,131.0,,-714.0,112.0,-7.0,167.0,-422.0
263.0,155.0,-212.0,257.0,,-623.0,-13.0,-221.0,-221.0,-268.0
229.0,229.0,-178.0,301.0,,-636.0,-172.0,-188.0,-82.0,-184.0
183.0,289.0,-114.0,327.0,,-799.0,-363.0,-280.0,176.0,-104.0
160.0,19.0,-106.0,285.0,,-786.0,-497.0,-232.0,592.0,-25.0
125.0,999.0,-78.0,215.0,,-572.0,-525.0,-199.0,387.0,-11.0
78.0,965.0,-37.0,110.0,,-656.0,-450.0,-57.0,217.0,-41.0
68.0,453.0,-42.0,-83.0,,-748.0,-330.0,262.0,597.0,-16.0
71.0,250.0,-1.0,-219.0,,-624.0,-228.0,421.0,770.0,3.0
66.0,-74.0,-15.0,-255.0,,-404.0,-171.0,574.0,958.0,-72.0
90.0,152.0,-83.0,-213.0,,-481.0,-119.0,347.0,68.0,-137.0
104.0,654.0,-113.0,-188.0,,-515.0,-53.0,145.0,273.0,-117.0
159.0,654.0,-154.0,-143.0,,-321.0,-7.0,99.0,890.0,-225.0
150.0,574.0,-177.0,-41.0,,-421.0,7.0,103.0,-37.0,-366.0
187.0,382.0,-204.0,76.0,,-490.0,7.0,138.0,-166.0,-322.0
215.0,-92.0,-271.0,145.0,,-403.0,-40.0,-101.0,200.0,-439.0
170.0,-141.0,-296.0,151.0,,-259.0,-152.0,-218.0,215.0,-640.0
212.0,-773.0,-324.0,138.0,,-175.0,-250.0,-461.0,43.0,-557.0
245.0,-1112.0,-413.0,87.0,,-200.0,-314.0,-559.0,142.0,-467.0
236.0,-933.0,-439.0,128.0,,-68.0,-345.0,-412.0,113.0,-533.0
196.0,-1249.0,-435.0,294.0,,-133.0,-317.0,-293.0,465.0,-591.0
229.0,-1298.0,-428.0,438.0,,-394.0,-252.0,-75.0,473.0,-511.0
219.0,-1266.0,-394.0,443.0,,-413.0,-197.0,-123.0,104.0,-447.0
204.0,-996.0,-354.0,486.0,,-383.0,-124.0,53.0,410.0,-409.0
201.0,-514.0,-337.0,591.0,,-456.0,35.0,328.0,114.0,-277.0
159.0,17.0,-268.0,484.0,,-656.0,196.0,545.0,141.0,-265.0
136.0,-104.0,-230.0,263.0,,-486.0,275.0,862.0,359.0,-297.0
111.0,105.0,-244.0,44.0,,-136.0,310.0,894.0,422.0,-188.0
104.0,822.0,-215.0,-110.0,,-345.0,274.0,885.0,97.0,-28.0
75.0,543.0,-174.0,-172.0,,-535.0,230.0,576.0,12.0,-31.0
126.0,780.0,-142.0,-249.0,,-406.0,270.0,227.0,680.0,-52.0
124.0,479.0,-227.0,-346.0,,-152.0,315.0,-134.0,550.0,98.0
82.0,461.0,-209.0,-429.0,,-221.0,285.0,-678.0,-115.0,153.0
106.0,732.0,-183.0,-454.0,,-281.0,199.0,-724.0,-140.0,78.0
160.0,176.0,-159.0,-504.0,,-37.0,134.0,-521.0,827.0,105.0
144.0,396.0,-88.0,-579.0,,-127.0,122.0,-70.0,586.0,196.0
134.0,340.0,-154.0,-538.0,,-288.0,120.0,312.0,-454.0,143.0
236.0,20.0,-144.0,-399.0,,-405.0,73.0,618.0,-519.0,121.0
249.0,-603.0,-158.0,-208.0,,-287.0,12.0,929.0,-46.0,187.0
282.0,40.0,-154.0,12.0,,-227.0,-9.0,853.0,467.0,98.0
307.0,230.0,-150.0,248.0,,-344.0,-10.0,840.0,630.0,7.0
304.0,-1178.0,-154.0,435.0,,-194.0,45.0,474.0,175.0,70.0
310.0,-1059.0,-104.0,520.0,,-221.0,154.0,20.0,-592.0,172.0
285.0,-1191.0,-174.0,605.0,,-248.0,228.0,-223.0,328.0,131.0
270.0,-1754.0,-191.0,712.0,,-216.0,230.0,-249.0,976.0,20.0
265.0,-2148.0,-222.0,637.0,,-160.0,210.0,116.0,238.0,94.0
302.0,-2308.0,-256.0,460.0,,-148.0,256.0,149.0,114.0,185.0
325.0,-2190.0,-248.0,429.0,,-350.0,354.0,144.0,-77.0,89.0
310.0,-1850.0,-284.0,414.0,,-312.0,456.0,-79.0,788.0,-85.0
324.0,-582.0,-266.0,346.0,,-143.0,495.0,-428.0,1119.0,-231.0
365.0,161.0,-210.0,235.0,,-155.0,453.0,-465.0,-123.0,-276.0
308.0,193.0,-171.0,155.0,,-336.0,384.0,-360.0,-376.0,-262.0
257.0,679.0,-163.0,141.0,,-373.0,301.0,-36.0,-118.0,-196.0
262.0,1865.0,-86.0,44.0,,-341.0,201.0,223.0,302.0,-225.0
255.0,2467.0,-85.0,12.0,,-540.0,60.0,694.0,-40.0,-385.0
200.0,1974.0,-3.0,46.0,,-532.0,-60.0,1031.0,-439.0,-415.0
154.0,1701.0,50.0,46.0,,-300.0,-132.0,1014.0,-179.0,-304.0
188.0,1421.0,49.0,-18.0,,-148.0,-201.0,861.0,-674.0,-226.0
213.0,615.0,226.0,-90.0,,-225.0,-222.0,482.0,-419.0,-311.0
246.0,269.0,205.0,-65.0,,-443.0,-169.0,221.0,-16.0,-321.0
260.0,347.0,233.0,-157.0,,-435.0,-51.0,-177.0,-358.0,-297.0
292.0,-8.0,265.0,-308.0,,-360.0,95.0,-395.0,-299.0,-388.0
331.0,178.0,267.0,-398.0,,-363.0,198.0,-328.0,-60.0,-395.0
356.0,1027.0,281.0,-425.0,,-386.0,286.0,-225.0,423.0,-452.0
364.0,1147.0,223.0,-448.0,,-412.0,436.0,-42.0,519.0,-615.0
313.0,1123.0,247.0,-593.0,,-412.0,560.0,20.0,854.0,-744.0
289.0,1546.0,203.0,-565.0,,-475.0,607.0,297.0,968.0,-698.0
269.0,2113.0,228.0,-339.0,,-454.0,638.0,363.0,477.0,-620.0
268.0,2125.0,206.0,-154.0,,-325.0,627.0,277.0,851.0,-670.0
300.0,1273.0,174.0,-25.0,,-241.0,572.0,336.0,1270.0,-690.0
264.0,278.0,130.0,41.0,,-167.0,452.0,354.0,1022.0,-628.0
236.0,-732.0,105.0,162.0,,-125.0,294.0,545.0,221.0,-600.0
272.0,-1256.0,133.0,189.0,,-108.0,187.0,532.0,526.0,-561.0
248.0,-1870.0,37.0,41.0,,-116.0,132.0,650.0,841.0,-382.0
213.0,-2690.0,57.0,-14.0,,-315.0,96.0,759.0,570.0,-316.0
217.0,-2964.0,67.0,18.0,,-512.0,84.0,607.0,448.0,-302.0
241.0,-3160.0,17.0,55.0,,-386.0,136.0,489.0,269.0,-204.0
252.0,-2814.0,15.0,84.0,,-219.0,208.0,195.0,544.0,-164.0
214.0,-2041.0,2.0,89.0,,-285.0,263.0,118.0,448.0,-164.0
210.0,-1658.0,12.0,89.0,,-293.0,338.0,-90.0,522.0,-100.0
227.0,-1217.0,19.0,-69.0,,-140.0,451.0,-197.0,130.0,36.0
236.0,-348.0,-7.0,-332.0,,-165.0,554.0,51.0,396.0,63.0
235.0,536.0,-30.0,-425.0,,-338.0,572.0,310.0,368.0,76.0
278.0,1031.0,-13.0,-487.0,,-274.0,551.0,716.0,330.0,170.0
306.0,858.0,26.0,-631.0,,-134.0,491.0,674.0,774.0,234.0
287.0,855.0,62.0,-767.0,,-165.0,380.0,543.0,122.0,146.0
303.0,1081.0,75.0,-824.0,,-173.0,249.0,489.0,630.0,-11.0
301.0,444.0,77.0,-829.0,,-185.0,107.0,424.0,361.0,-127.0
313.0,-287.0,96.0,-769.0,,-214.0,11.0,513.0,706.0,-235.0
336.0,-485.0,102.0,-582.0,,-253.0,-34.0,369.0,427.0,-306.0
350.0,-92.0,54.0,-378.0,,-156.0,-52.0,243.0,-349.0,-405.0
336.0,334.0,61.0,-185.0,,81.0,-92.0,-27.0,639.0,-504.0
326.0,397.0,59.0,-103.0,,143.0,-119.0,-90.0,-244.0,-584.0
316.0,1224.0,25.0,-65.0,,78.0,-30.0,199.0,-226.0,-637.0
247.0,1334.0,31.0,47.0,,25.0,93.0,480.0,54.0,-653.0
225.0,572.0,40.0,169.0,,186.0,208.0,838.0,-425.0,-625.0
200.0,1005.0,92.0,254.0,,166.0,364.0,879.0,-486.0,-590.0
137.0,1565.0,116.0,262.0,,-11.0,545.0,879.0,-424.0,-579.0
128.0,1063.0,110.0,273.0,,143.0,644.0,720.0,-247.0,-548.0
170.0,132.0,94.0,215.0,,250.0,637.0,458.0,-787.0,-516.0
181.0,92.0,88.0,44.0,,51.0,627.0,424.0,-276.0,-375.0
174.0,-142.0,138.0,-86.0,,-70.0,670.0,367.0,65.0,-298.0
203.0,-933.0,164.0,-55.0,,213.0,716.0,454.0,-155.0,-256.0
200.0,-1555.0,183.0,9.0,,281.0,677.0,369.0,-51.0,-138.0
182.0,-1613.0,231.0,-18.0,,200.0,621.0,205.0,371.0,-103.0
188.0,-1175.0,236.0,-47.0,,394.0,565.0,11.0,498.0,-119.0
190.0,-1515.0,195.0,-98.0,,553.0,451.0,-171.0,104.0,-97.0
196.0,-1062.0,222.0,-182.0,,446.0,305.0,-9.0,407.0,-30.0
244.0,-629.0,179.0,-246.0,,140.0,150.0,181.0,211.0,-104.0
285.0,-256.0,72.0,-271.0,,142.0,24.0,452.0,586.0,-149.0
290.0,231.0,118.0,-346.0,,287.0,-90.0,469.0,988.0,-122.0
331.0,9.0,59.0,-470.0,,343.0,-132.0,391.0,120.0,-124.0
381.0,288.0,-19.0,-462.0,,279.0,-72.0,491.0,264.0,-105.0
369.0,133.0,56.0,-434.0,,327.0,32.0,545.0,1072.0,-160.0
365.0,724.0,91.0,-388.0,,463.0,140.0,768.0,759.0,-277.0
423.0,1196.0,96.0,-255.0,,436.0,215.0,792.0,531.0,-441.0
457.0,466.0,37.0,-203.0,,583.0,239.0,740.0,968.0,-446.0
428.0,50.0,52.0,-98.0,,626.0,202.0,522.0,525.0,-348.0
412.0,428.0,25.0,69.0,,452.0,157.0,232.0,215.0,-336.0
401.0,427.0,-16.0,31.0,,228.0,120.0,258.0,559.0,-278.0
350.0,-126.0,20.0,-136.0,,428.0,42.0,186.0,568.0,-199.0
330.0,250.0,-25.0,-227.0,,689.0,-59.0,264.0,-15.0,-53.0
277.0,-458.0,-12.0,-178.0,,406.0,-134.0,190.0,-351.0,231.0
187.0,-812.0,-85.0,-115.0,,258.0,-219.0,173.0,-90.0,412.0
137.0,-160.0,-69.0,-141.0,,443.0,-293.0,447.0,-185.0,424.0
75.0,-347.0,-44.0,-99.0,,546.0,-330.0,687.0,-16.0,422.0
23.0,220.0,-48.0,-20.0,,283.0,-328.0,1167.0,102.0,425.0
-9.0,1003.0,23.0,-14.0,,164.0,-280.0,1413.0,24.0,476.0
-25.0,1108.0,7.0,33.0,,281.0,-224.0,1411.0,-4.0,488.0
-75.0,781.0,114.0,98.0,,429.0,-129.0,1110.0,-12.0,400.0
-117.0,588.0,178.0,25.0,,318.0,-12.0,633.0,385.0,324.0
-68.0,671.0,267.0,-136.0,,60.0,108.0,384.0,-92.0,256.0
-57.0,780.0,298.0,-168.0,,143.0,211.0,240.0,-138.0,167.0
-43.0,1204.0,243.0,-76.0,,212.0,230.0,371.0,304.0,132.0
16.0,1064.0,294.0,-76.0,,211.0,201.0,205.0,-158.0,175.0
82.0,579.0,264.0,-175.0,,272.0,162.0,-256.0,-158.0,186.0
132.0,440.0,222.0,-190.0,,475.0,88.0,-630.0,-178.0,191.0
217.0,119.0,223.0,-62.0,,331.0,-48.0,-709.0,-697.0,238.0
306.0,-247.0,203.0,115.0,,173.0,-220.0,-299.0,-530.0,297.0
353.0,64.0,148.0,191.0,,287.0,-367.0,136.0,3.0,308.0
439.0,443.0,155.0,214.0,,292.0,-471.0,546.0,-329.0,235.0
498.0,-59.0,143.0,233.0,,302.0,-491.0,491.0,-589.0,280.0
553.0,-513.0,89.0,156.0,,318.0,-476.0,227.0,-660.0,292.0
597.0,-482.0,76.0,76.0,,424.0,-458.0,136.0,-653.0,177.0
640.0,259.0,92.0,35.0,,350.0,-433.0,-40.0,-274.0,184.0
637.0,792.0,95.0,44.0,,420.0,-422.0,38.0,-20.0,211.0
614.0,923.0,10.0,97.0,,513.0,-341.0,173.0,-81.0,108.0
626.0,1202.0,-13.0,74.0,,436.0,-239.0,376.0,-611.0,-88.0
591.0,388.0,-77.0,54.0,,240.0,-139.0,284.0,98.0,-174.0
553.0,-743.0,-126.0,62.0,,66.0,-40.0,22.0,793.0,-241.0
500.0,-1087.0,-150.0,-65.0,,158.0,7.0,55.0,158.0,-342.0
509.0,-544.0,-160.0,-246.0,,150.0,49.0,77.0,170.0,-338.0
488.0,-895.0,-131.0,-329.0,,150.0,91.0,351.0,504.0,-370.0
435.0,-1459.0,-203.0,-380.0,,98.0,142.0,628.0,405.0,-406.0
412.0,-662.0,-114.0,-542.0,,233.0,109.0,946.0,413.0,-373.0
355.0,-544.0,-82.0,-740.0,,429.0,-14.0,1064.0,582.0,-227.0
322.0,-835.0,-18.0,-891.0,,432.0,-143.0,816.0,175.0,-118.0
268.0,-334.0,67.0,-1101.0,,198.0,-277.0,722.0,-12.0,-149.0
211.0,453.0,52.0,-1349.0,,-37.0,-406.0,528.0,184.0,-123.0
153.0,283.0,128.0,-1533.0,,185.0,-517.0,463.0,116.0,-12.0
127.0,638.0,81.0,-1456.0,,373.0,-553.0,349.0,363.0,61.0
87.0,1458.0,117.0,-1190.0,,214.0,-542.0,116.0,12.0,92.0
41.0,1121.0,118.0,-1013.0,,34.0,-499.0,-149.0,-45.0,171.0
40.0,1091.0,69.0,-919.0,,204.0,-378.0,-578.0,441.0,272.0
29.0,1090.0,68.0,-776.0,,361.0,-205.0,-434.0,280.0,313.0
16.0,1189.0,26.0,-532.0,,252.0,1.0,-57.0,184.0,302.0
-10.0,593.0,-9.0,-364.0,,83.0,146.0,375.0,-114.0,350.0
-7.0,-558.0,-53.0,-204.0,,252.0,174.0,692.0,26.0,372.0
-20.0,-662.0,5.0,45.0,,278.0,160.0,533.0,-86.0,369.0
-37.0,-923.0,-32.0,159.0,,-2.0,127.0,389.0,-164.0,420.0
-30.0,-1253.0,-37.0,210.0,,-3.0,55.0,129.0,-8.0,462.0
-41.0,-1707.0,20.0,254.0,,9.0,-87.0,258.0,-475.0,477.0
-64.0,-2126.0,-33.0,158.0,,65.0,-230.0,556.0,-528.0,438.0
-44.0,-2334.0,-33.0,65.0,,-10.0,-345.0,565.0,-189.0,481.0
14.0,-2020.0,1.0,-3.0,,82.0,-425.0,465.0,607.0,497.0
17.0,-1007.0,56.0,-142.0,,298.0,-424.0,162.0,-84.0,348.0
-4.0,-511.0,76.0,-220.0,,246.0,-392.0,92.0,-321.0,254.0
-20.0,305.0,133.0,-252.0,,311.0,-331.0,-40.0,524.0,345.0
-36.0,848.0,223.0,-285.0,,390.0,-299.0,149.0,170.0,389.0
-87.0,977.0,218.0,-276.0,,300.0,-341.0,676.0,585.0,295.0
-138.0,1312.0,249.0,-228.0,,204.0,-418.0,1069.0,628.0,379.0
-168.0,1177.0,241.0,-207.0,,275.0,-479.0,1300.0,99.0,515.0
-147.0,764.0,244.0,-221.0,,302.0,-484.0,1008.0,128.0,518.0
-115.0,272.0,312.0,-220.0,,137.0,-473.0,824.0,316.0,601.0
-126.0,263.0,312.0,-287.0,,66.0,-441.0,707.0,282.0,681.0
-121.0,212.0,337.0,-411.0,,285.0,-387.0,864.0,200.0,591.0
-88.0,349.0,294.0,-532.0,,392.0,-364.0,1149.0,107.0,415.0
-27.0,686.0,232.0,-574.0,,303.0,-343.0,851.0,-199.0,308.0
-13.0,717.0,236.0,-439.0,,199.0,-308.0,380.0,445.0,344.0
54.0,1235.0,158.0,-366.0,,246.0,-264.0,-254.0,261.0,334.0
136.0,1203.0,111.0,-429.0,,396.0,-215.0,-539.0,-484.0,240.0
147.0,782.0,51.0,-397.0,,254.0,-139.0,-465.0,-153.0,255.0
134.0,1172.0,20.0,-455.0,,138.0,-28.0,-171.0,-363.0,321.0
144.0,976.0,-18.0,-649.0,,137.0,47.0,240.0,-147.0,406.0
153.0,619.0,-79.0,-734.0,,73.0,107.0,223.0,-12.0,535.0
66.0,1312.0,-61.0,-797.0,,-8.0,115.0,247.0,-367.0,575.0
62.0,1526.0,-115.0,-865.0,,125.0,79.0,299.0,-168.0,520.0
83.0,1096.0,-50.0,-865.0,,200.0,69.0,519.0,-530.0,477.0
83.0,803.0,-77.0,-768.0,,-169.0,76.0,726.0,-333.0,453.0
55.0,907.0,-85.0,-631.0,,-282.0,73.0,740.0,290.0,425.0
-6.0,304.0,-44.0,-515.0,,-41.0,-20.0,781.0,-392.0,355.0
-5.0,-916.0,-65.0,-338.0,,52.0,-108.0,280.0,-524.0,262.0
-12.0,-1177.0,48.0,-149.0,,-148.0,-167.0,-9.0,158.0,224.0
-46.0,-1471.0,68.0,-19.0,,-325.0,-299.0,53.0,172.0,257.0
-134.0,-1878.0,170.0,65.0,,-70.0,-488.0,206.0,105.0,243.0
-146.0,-2207.0,201.0,112.0,,167.0,-625.0,487.0,-175.0,181.0
-100.0,-2071.0,233.0,205.0,,41.0,-678.0,508.0,-265.0,182.0
-148.0,-1612.0,291.0,251.0,,-76.0,-768.0,613.0,-119.0,132.0
-186.0,-1346.0,290.0,147.0,,43.0,-825.0,393.0,97.0,124.0
-154.0,-638.0,349.0,13.0,,139.0,-775.0,205.0,204.0,230.0
-102.0,157.0,324.0,-98.0,,73.0,-601.0,295.0,-65.0,293.0
-104.0,929.0,395.0,-128.0,,29.0,-373.0,216.0,161.0,313.0
-80.0,1273.0,469.0,-225.0,,90.0,-235.0,243.0,54.0,380.0
-3.0,1237.0,521.0,-400.0,,-4.0,-158.0,182.0,235.0,452.0
-15.0,1190.0,419.0,-382.0,,-213.0,-112.0,194.0,741.0,373.0
-4.0,1092.0,390.0,-273.0,,-187.0,-84.0,20.0,46.0,339.0
52.0,760.0,369.0,-213.0,,-83.0,-93.0,-121.0,-275.0,426.0
66.0,783.0,233.0,-242.0,,-126.0,-145.0,22.0,221.0,417.0
22.0,1308.0,290.0,-341.0,,-145.0,-184.0,77.0,151.0,290.0
0.0,1193.0,278.0,-449.0,,-47.0,-222.0,194.0,-129.0,262.0
48.0,1134.0,255.0,-617.0,,-33.0,-298.0,9.0,-343.0,310.0
45.0,1262.0,200.0,-679.0,,-75.0,-373.0,-110.0,-523.0,234.0
25.0,1151.0,194.0,-523.0,,-61.0,-465.0,-251.0,-273.0,254.0
2.0,801.0,191.0,-453.0,,-14.0,-518.0,-332.0,-185.0,347.0
37.0,230.0,93.0,-418.0,,44.0,-505.0,-12.0,-457.0,321.0
108.0,235.0,26.0,-211.0,,38.0,-476.0,38.0,-242.0,341.0
50.0,463.0,-44.0,28.0,,-77.0,-398.0,168.0,43.0,493.0
-26.0,709.0,-87.0,189.0,,-28.0,-371.0,219.0,171.0,598.0
29.0,286.0,-80.0,273.0,,142.0,-369.0,399.0,273.0,563.0
67.0,-214.0,-77.0,342.0,,90.0,-306.0,600.0,182.0,605.0
-15.0,119.0,-71.0,329.0,,119.0,-217.0,474.0,135.0,666.0
-58.0,-252.0,-40.0,131.0,,292.0,-140.0,572.0,-85.0,584.0
-4.0,-648.0,-164.0,-231.0,,456.0,-40.0,371.0,-27.0,520.0
34.0,-373.0,-104.0,-532.0,,411.0,112.0,232.0,135.0,496.0
6.0,-84.0,-14.0,-719.0,,261.0,222.0,277.0,380.0,417.0
28.0,-600.0,-58.0,-868.0,,323.0,282.0,460.0,175.0,300.0
94.0,-879.0,-40.0,-826.0,,269.0,276.0,798.0,-358.0,273.0
123.0,-898.0,-43.0,-740.0,,131.0,205.0,818.0,41.0,329.0
84.0,-1384.0,11.0,-662.0,,131.0,63.0,920.0,263.0,352.0
76.0,-1014.0,60.0,-498.0,,287.0,-77.0,811.0,182.0,338.0
125.0,-459.0,70.0,-357.0,,351.0,-157.0,696.0,-208.0,310.0
157.0,248.0,25.0,-236.0,,176.0,-274.0,476.0,-338.0,244.0
148.0,261.0,33.0,-130.0,,106.0,-383.0,-5.0,161.0,101.0
140.0,498.0,-58.0,-38.0,,181.0,-442.0,-332.0,466.0,67.0
174.0,1317.0,-77.0,53.0,,182.0,-447.0,-655.0,263.0,147.0
134.0,1234.0,23.0,62.0,,34.0,-408.0,-548.0,-334.0,108.0
76.0,1328.0,38.0,-27.0,,23.0,-338.0,-484.0,-37.0,-30.0
45.0,1297.0,68.0,-190.0,,206.0,-230.0,-389.0,51.0,-92.0
25.0,1217.0,40.0,-482.0,,173.0,-122.0,-31.0,103.0,-56.0
-54.0,744.0,57.0,-713.0,,85.0,17.0,38.0,516.0,-93.0
-112.0,183.0,90.0,-810.0,,207.0,149.0,112.0,132.0,-154.0
-86.0,-124.0,110.0,-948.0,,304.0,179.0,24.0,57.0,-141.0
-114.0,-605.0,166.0,-885.0,,123.0,176.0,90.0,110.0,-101.0
-164.0,-923.0,213.0,-563.0,,50.0,168.0,162.0,500.0,-65.0
-213.0,-953.0,195.0,-311.0,,325.0,96.0,120.0,775.0,43.0
-181.0,-1084.0,236.0,-166.0,,265.0,-16.0,365.0,225.0,110.0
-184.0,-1575.0,314.0,29.0,,0.0,-148.0,319.0,-135.0,-17.0
-255.0,-1251.0,377.0,180.0,,91.0,-284.0,203.0,88.0,-86.0
-269.0,-974.0,401.0,207.0,,219.0,-414.0,44.0,563.0,-58.0
-239.0,-887.0,340.0,222.0,,87.0,-512.0,59.0,243.0,-117.0
-232.0,-780.0,335.0,155.0,,61.0,-510.0,243.0,-262.0,-172.0
-250.0,-912.0,313.0,-3.0,,246.0,-416.0,129.0,-331.0,-178.0
-187.0,-368.0,324.0,-159.0,,323.0,-311.0,48.0,-219.0,-228.0
-110.0,-173.0,286.0,-202.0,,318.0,-166.0,-151.0,-69.0,-257.0
-38.0,-249.0,220.0,-226.0,,321.0,-18.0,-114.0,-32.0,-193.0
30.0,81.0,173.0,-354.0,,408.0,129.0,11.0,-377.0,-159.0
80.0,82.0,86.0,-419.0,,261.0,336.0,147.0,-681.0,-225.0
104.0,-439.0,84.0,-430.0,,-118.0,479.0,528.0,-347.0,-197.0
87.0,-456.0,80.0,-352.0,,-225.0,564.0,652.0,-10.0,-57.0
55.0,15.0,75.0,-186.0,,-144.0,593.0,855.0,-165.0,3.0
69.0,-306.0,18.0,-127.0,,-277.0,539.0,868.0,-656.0,-7.0
84.0,-867.0,-37.0,-38.0,,-443.0,447.0,668.0,-314.0,20.0
11.0,-575.0,5.0,108.0,,-148.0,313.0,325.0,43.0,49.0
-55.0,205.0,48.0,175.0,,85.0,191.0,-157.0,-114.0,-42.0
-91.0,430.0,10.0,221.0,,-69.0,95.0,-212.0,55.0,-172.0
-144.0,546.0,-16.0,245.0,,-271.0,-13.0,-168.0,214.0,-279.0
-267.0,1335.0,-39.0,285.0,,-211.0,-96.0,83.0,226.0,-342.0
-324.0,1611.0,-83.0,307.0,,-102.0,-141.0,290.0,77.0,-352.0
-334.0,1232.0,-89.0,244.0,,-232.0,-190.0,275.0,197.0,-302.0
-419.0,953.0,-56.0,148.0,,-216.0,-224.0,258.0,459.0,-269.0
-464.0,1000.0,52.0,62.0,,-289.0,-246.0,175.0,376.0,-211.0
-499.0,1349.0,41.0,-30.0,,-396.0,-247.0,310.0,144.0,-38.0
-523.0,1159.0,10.0,-170.0,,-212.0,-214.0,260.0,285.0,51.0
-572.0,747.0,-7.0,-256.0,,84.0,-144.0,206.0,546.0,135.0
-612.0,300.0,35.0,-269.0,,147.0,-57.0,149.0,504.0,117.0
-591.0,221.0,102.0,-319.0,,-120.0,-49.0,-70.0,375.0,-20.0
-520.0,52.0,92.0,-342.0,,-258.0,-43.0,-96.0,262.0,-110.0
-468.0,-151.0,104.0,-280.0,,-190.0,6.0,-83.0,387.0,-243.0
-494.0,529.0,66.0,-191.0,,-31.0,65.0,157.0,545.0,-376.0
-397.0,91.0,68.0,-54.0,,-79.0,170.0,190.0,407.0,-468.0
-268.0,-572.0,0.0,56.0,,-244.0,269.0,-11.0,457.0,-561.0
-261.0,-608.0,20.0,76.0,,-302.0,331.0,-223.0,291.0,-691.0
-279.0,-369.0,-19.0,6.0,,-362.0,374.0,-569.0,149.0,-697.0
-189.0,-306.0,-28.0,-69.0,,-366.0,383.0,-685.0,455.0,-666.0
-119.0,-223.0,51.0,44.0,,-461.0,365.0,-864.0,96.0,-793.0
-173.0,550.0,-23.0,191.0,,-501.0,367.0,-862.0,-210.0,-902.0
-203.0,313.0,11.0,217.0,,-458.0,383.0,-700.0,-302.0,-944.0
-165.0,77.0,7.0,106.0,,-373.0,376.0,-498.0,-170.0,-940.0
-136.0,-178.0,26.0,-133.0,,-389.0,394.0,-251.0,-49.0,-921.0
-166.0,-329.0,-55.0,-288.0,,-642.0,400.0,-395.0,-609.0,-900.0
-161.0,-125.0,10.0,-291.0,,-717.0,323.0,-450.0,-888.0,-729.0
-130.0,-255.0,35.0,-256.0,,-634.0,235.0,-591.0,-960.0,-569.0
-113.0,-400.0,-106.0,-259.0,,-527.0,169.0,-759.0,-627.0,-498.0
-148.0,-632.0,-65.0,-173.0,,-544.0,144.0,-772.0,-303.0,-360.0
-170.0,-584.0,-99.0,-8.0,,-665.0,122.0,-785.0,-304.0,-250.0
-163.0,-858.0,-2.0,9.0,,-722.0,70.0,-539.0,-316.0,-171.0
-157.0,-830.0,-18.0,10.0,,-738.0,49.0,-430.0,-275.0,-144.0
-183.0,-670.0,54.0,38.0,,-605.0,72.0,-219.0,226.0,-141.0
-182.0,-786.0,176.0,-64.0,,-568.0,157.0,-79.0,344.0,-113.0
-66.0,-1242.0,148.0,-236.0,,-638.0,218.0,-68.0,-140.0,-78.0
-15.0,-1284.0,186.0,-392.0,,-535.0,246.0,49.0,-544.0,-19.0
9.0,-744.0,122.0,-415.0,,-185.0,285.0,-109.0,-420.0,-36.0
45.0,-593.0,114.0,-266.0,,-31.0,282.0,-190.0,-292.0,-163.0
102.0,-4.0,84.0,-35.0,,-366.0,293.0,-328.0,-287.0,-314.0
90.0,403.0,76.0,104.0,,-453.0,309.0,-297.0,-185.0,-314.0
33.0,1017.0,75.0,239.0,,-332.0,333.0,-175.0,-269.0,-243.0
58.0,1329.0,61.0,355.0,,-399.0,411.0,-297.0,-333.0,-301.0
43.0,1267.0,52.0,297.0,,-530.0,463.0,-415.0,-236.0,-371.0
-10.0,1661.0,35.0,247.0,,-333.0,501.0,-752.0,198.0,-371.0
-41.0,2085.0,-17.0,210.0,,91.0,592.0,-763.0,207.0,-299.0
-23.0,1838.0,-61.0,200.0,,-119.0,642.0,-665.0,-74.0,-223.0
-70.0,659.0,-38.0,164.0,,-402.0,613.0,-569.0,-369.0,-291.0
-141.0,377.0,-89.0,51.0,,-318.0,521.0,-303.0,12.0,-382.0
-221.0,-166.0,-71.0,-17.0,,-254.0,355.0,-256.0,369.0,-377.0
-229.0,-640.0,-69.0,22.0,,-281.0,198.0,-147.0,-197.0,-249.0
-230.0,-1186.0,-72.0,81.0,,-309.0,14.0,-188.0,-156.0,-88.0
-320.0,-2224.0,-43.0,108.0,,-89.0,-181.0,-127.0,-28.0,-43.0
-334.0,-1985.0,-17.0,174.0,,-19.0,-297.0,-70.0,261.0,-11.0
-303.0,-1757.0,-12.0,228.0,,-179.0,-356.0,-242.0,246.0,28.0
-263.0,-1168.0,8.0,261.0,,-281.0,-303.0,-354.0,421.0,-7.0
-297.0,-771.0,52.0,201.0,,-173.0,-163.0,-580.0,585.0,-65.0
-300.0,-449.0,58.0,138.0,,-170.0,-23.0,-526.0,60.0,-65.0
-271.0,-349.0,129.0,49.0,,-376.0,163.0,-471.0,502.0,-84.0
-276.0,-557.0,136.0,-100.0,,-354.0,342.0,-382.0,654.0,-90.0
-314.0,347.0,107.0,-141.0,,-216.0,474.0,-288.0,203.0,-58.0
-338.0,609.0,114.0,-61.0,,-267.0,588.0,-521.0,-321.0,-119.0
-270.0,661.0,131.0,50.0,,-473.0,621.0,-631.0,-336.0,-218.0
-238.0,589.0,134.0,68.0,,-292.0,606.0,-825.0,144.0,-290.0
-195.0,-14.0,120.0,121.0,,-166.0,531.0,-809.0,-155.0,-337.0
-110.0,-858.0,128.0,225.0,,-266.0,395.0,-726.0,-464.0,-392.0
-93.0,-1490.0,76.0,276.0,,-145.0,252.0,-716.0,-566.0,-444.0
-119.0,-1486.0,100.0,333.0,,-171.0,113.0,-567.0,-747.0,-426.0
-119.0,-1610.0,122.0,400.0,,-380.0,20.0,-626.0,-533.0,-383.0
-141.0,-1612.0,94.0,544.0,,-484.0,-65.0,-543.0,-182.0,-378.0
-150.0,-1579.0,173.0,704.0,,-252.0,-121.0,-539.0,-211.0,-351.0
-191.0,-1214.0,123.0,744.0,,-108.0,-128.0,-569.0,-442.0,-429.0
-180.0,-697.0,80.0,802.0,,-253.0,-78.0,-517.0,-379.0,-652.0
-91.0,250.0,84.0,863.0,,-426.0,-14.0,-565.0,73.0,-745.0
-77.0,1321.0,-11.0,885.0,,-406.0,35.0,-585.0,300.0,-784.0
-110.0,1873.0,-19.0,823.0,,-184.0,78.0,-870.0,11.0,-878.0
-185.0,1949.0,-58.0,575.0,,-231.0,77.0,-977.0,-138.0,-951.0
-172.0,1133.0,-119.0,338.0,,-407.0,109.0,-995.0,-114.0,-954.0
-177.0,204.0,-144.0,107.0,,-415.0,82.0,-975.0,269.0,-771.0
-229.0,-446.0,-170.0,-151.0,,-413.0,-40.0,-750.0,436.0,-606.0
-219.0,-716.0,-178.0,-311.0,,-559.0,-136.0,-709.0,-87.0,-586.0
-169.0,-765.0,-155.0,-457.0,,-524.0,-199.0,-646.0,-164.0,-497.0
-176.0,-427.0,-135.0,-579.0,,-365.0,-237.0,-772.0,-327.0,-407.0
-232.0,-232.0,-122.0,-514.0,,-421.0,-244.0,-713.0,-365.0,-396.0
-198.0,-280.0,-58.0,-337.0,,-348.0,-186.0,-535.0,20.0,-385.0
-197.0,-362.0,-4.0,-192.0,,-217.0,-132.0,-515.0,-77.0,-371.0
-206.0,-657.0,68.0,-55.0,,-166.0,-88.0,-267.0,-543.0,-389.0
-211.0,-436.0,149.0,69.0,,-40.0,-13.0,-229.0,-558.0,-450.0
-213.0,-80.0,201.0,206.0,,70.0,-7.0,-273.0,179.0,-472.0
-197.0,1116.0,195.0,252.0,,116.0,-32.0,-548.0,259.0,-476.0
-169.0,1867.0,232.0,110.0,,119.0,-102.0,-912.0,-242.0,-566.0
-152.0,1624.0,283.0,-55.0,,68.0,-206.0,-1108.0,-124.0,-663.0
-156.0,1932.0,232.0,-186.0,,171.0,-269.0,-1402.0,34.0,-662.0
-161.0,1567.0,240.0,-304.0,,343.0,-340.0,-1435.0,-103.0,-633.0
-171.0,883.0,217.0,-439.0,,217.0,-348.0,-1293.0,-125.0,-650.0
-99.0,484.0,162.0,-510.0,,219.0,-342.0,-812.0,-264.0,-545.0
-48.0,292.0,156.0,-421.0,,245.0,-381.0,-330.0,-471.0,-306.0
-29.0,-32.0,137.0,-280.0,,107.0,-405.0,-70.0,-814.0,-145.0
-23.0,-574.0,92.0,-134.0,,110.0,-434.0,0.0,-564.0,33.0
10.0,-1271.0,112.0,10.0,,47.0,-492.0,-406.0,208.0,268.0
69.0,-1949.0,132.0,179.0,,136.0,-553.0,-689.0,-76.0,463.0
46.0,-2281.0,84.0,401.0,,164.0,-589.0,-1014.0,-278.0,640.0
31.0,-2402.0,106.0,576.0,,-62.0,-598.0,-1201.0,-226.0,772.0
52.0,-1354.0,85.0,660.0,,-114.0,-520.0,-1280.0,-243.0,811.0
83.0,-648.0,98.0,659.0,,62.0,-380.0,-1463.0,283.0,708.0
36.0,385.0,85.0,558.0,,238.0,-254.0,-1361.0,14.0,585.0
-76.0,1324.0,29.0,464.0,,83.0,-131.0,-1341.0,-249.0,484.0
-147.0,750.0,85.0,404.0,,-341.0,-9.0,-955.0,-31.0,386.0
-208.0,1274.0,55.0,391.0,,-578.0,34.0,-452.0,-154.0,272.0
-233.0,1376.0,7.0,354.0,,-387.0,-28.0,-118.0,282.0,89.0
-198.0,758.0,-5.0,249.0,,-283.0,-109.0,81.0,685.0,26.0
-152.0,222.0,-67.0,177.0,,-446.0,-130.0,-155.0,453.0,90.0
-94.0,-418.0,-82.0,74.0,,-478.0,-162.0,-288.0,123.0,112.0
-49.0,-813.0,-111.0,-72.0,,-261.0,-249.0,-493.0,399.0,95.0
10.0,-1136.0,-203.0,-157.0,,-103.0,-306.0,-569.0,505.0,168.0
63.0,-987.0,-189.0,-116.0,,-129.0,-427.0,-498.0,4.0,272.0
87.0,-868.0,-163.0,-87.0,,19.0,-624.0,-593.0,-289.0,297.0
146.0,-747.0,-178.0,-122.0,,216.0,-765.0,-772.0,-442.0,318.0
232.0,-1137.0,-84.0,-139.0,,127.0,-894.0,-1228.0,-322.0,311.0
291.0,-1300.0,-48.0,-188.0,,-104.0,-978.0,-1444.0,-382.0,213.0
260.0,-1148.0,-29.0,-132.0,,-186.0,-936.0,-1522.0,-369.0,57.0
257.0,-1419.0,60.0,55.0,,-160.0,-826.0,-1319.0,-262.0,-41.0
287.0,-1201.0,91.0,208.0,,-159.0,-698.0,-846.0,-362.0,-151.0
279.0,-397.0,158.0,338.0,,-299.0,-542.0,-548.0,-205.0,-388.0
287.0,436.0,196.0,398.0,,-381.0,-341.0,-192.0,449.0,-584.0
266.0,916.0,186.0,422.0,,-367.0,-162.0,-210.0,633.0,-612.0
290.0,1463.0,247.0,546.0,,-411.0,-89.0,-260.0,186.0,-656.0
328.0,1397.0,245.0,694.0,,-250.0,-41.0,-373.0,210.0,-705.0
271.0,942.0,231.0,781.0,,-221.0,-70.0,-596.0,333.0,-609.0
199.0,372.0,247.0,723.0,,-419.0,-220.0,-554.0,465.0,-460.0
213.0,246.0,240.0,540.0,,-648.0,-361.0,-642.0,294.0,-335.0
231.0,805.0,266.0,376.0,,-670.0,-494.0,-689.0,51.0,-239.0
159.0,572.0,288.0,283.0,,-419.0,-621.0,-896.0,-77.0,-190.0
174.0,424.0,312.0,155.0,,-490.0,-711.0,-962.0,81.0,-233.0
241.0,542.0,327.0,103.0,,-703.0,-727.0,-1010.0,366.0,-228.0
275.0,806.0,350.0,283.0,,-585.0,-674.0,-1267.0,181.0,-177.0
274.0,645.0,370.0,361.0,,-318.0,-589.0,-1134.0,20.0,-220.0
221.0,676.0,394.0,354.0,,-263.0,-448.0,-1189.0,-401.0,-326.0
233.0,1155.0,388.0,446.0,,-301.0,-284.0,-1370.0,-228.0,-325.0
275.0,500.0,307.0,570.0,,-286.0,-155.0,-1439.0,173.0,-211.0
292.0,37.0,285.0,701.0,,-281.0,-54.0,-1295.0,-167.0,-216.0
297.0,-396.0,222.0,749.0,,-213.0,4.0,-862.0,-533.0,-205.0
327.0,-911.0,197.0,782.0,,-43.0,14.0,-558.0,-286.0,-121.0
307.0,-1234.0,228.0,745.0,,-9.0,-4.0,-110.0,-22.0,-45.0
247.0,-958.0,235.0,579.0,,-356.0,-63.0,254.0,-607.0,11.0
195.0,-310.0,326.0,387.0,,-542.0,-105.0,471.0,-455.0,151.0
145.0,-389.0,266.0,217.0,,-214.0,-169.0,456.0,-612.0,383.0
45.0,-317.0,185.0,109.0,,4.0,-261.0,49.0,-1093.0,514.0
-72.0,-182.0,215.0,-24.0,,-194.0,-347.0,-399.0,-557.0,590.0
-81.0,393.0,154.0,-196.0,,-394.0,-469.0,-873.0,-625.0,728.0
-108.0,205.0,83.0,-369.0,,-415.0,-541.0,-901.0,-698.0,942.0
-114.0,51.0,52.0,-501.0,,-248.0,-567.0,-774.0,-965.0,999.0
-119.0,791.0,56.0,-512.0,,-107.0,-624.0,-637.0,-983.0,942.0
-103.0,475.0,24.0,-421.0,,12.0,-691.0,-362.0,-122.0,920.0
-83.0,115.0,12.0,-212.0,,89.0,-687.0,-279.0,62.0,890.0
-126.0,-247.0,24.0,24.0,,-162.0,-627.0,-166.0,-246.0,753.0
-121.0,-443.0,38.0,185.0,,-229.0,-579.0,-262.0,-190.0,571.0
-95.0,-698.0,60.0,257.0,,-6.0,-531.0,-279.0,-6.0,520.0
-93.0,-459.0,52.0,360.0,,81.0,-452.0,-254.0,-176.0,395.0
-77.0,255.0,113.0,561.0,,-18.0,-370.0,-360.0,26.0,282.0
-15.0,-107.0,179.0,608.0,,-81.0,-345.0,-317.0,52.0,287.0
-6.0,89.0,291.0,610.0,,-52.0,-294.0,-321.0,-331.0,294.0
14.0,391.0,366.0,676.0,,26.0,-232.0,-169.0,-242.0,261.0
52.0,142.0,408.0,649.0,,175.0,-215.0,-164.0,5.0,250.0
75.0,143.0,433.0,575.0,,225.0,-182.0,-120.0,154.0,297.0
86.0,329.0,399.0,520.0,,61.0,-137.0,-14.0,64.0,259.0
67.0,198.0,399.0,519.0,,-216.0,-119.0,-288.0,-78.0,223.0
75.0,-260.0,357.0,496.0,,-64.0,-140.0,-583.0,60.0,371.0
149.0,-293.0,322.0,497.0,,275.0,-177.0,-783.0,333.0,538.0
167.0,-326.0,293.0,536.0,,309.0,-215.0,-644.0,457.0,460.0
139.0,-65.0,275.0,391.0,,171.0,-261.0,-637.0,227.0,469.0
209.0,-17.0,238.0,113.0,,180.0,-326.0,-792.0,366.0,696.0
234.0,-332.0,235.0,-125.0,,594.0,-367.0,-824.0,484.0,753.0
216.0,175.0,203.0,-301.0,,759.0,-370.0,-1091.0,-43.0,680.0
187.0,671.0,94.0,-450.0,,582.0,-380.0,-1164.0,468.0,716.0
215.0,586.0,39.0,-604.0,,509.0,-386.0,-1104.0,527.0,740.0
188.0,527.0,63.0,-747.0,,421.0,-363.0,-788.0,-363.0,603.0
108.0,293.0,108.0,-726.0,,385.0,-327.0,-297.0,-206.0,524.0
102.0,-202.0,78.0,-574.0,,509.0,-335.0,125.0,-46.0,537.0
86.0,-341.0,133.0,-440.0,,749.0,-345.0,606.0,-63.0,445.0
93.0,-806.0,125.0,-283.0,,760.0,-366.0,543.0,-385.0,254.0
28.0,-957.0,105.0,-201.0,,570.0,-403.0,321.0,-746.0,211.0
-36.0,-821.0,205.0,-176.0,,490.0,-379.0,14.0,-322.0,235.0
-67.0,-1329.0,206.0,-110.0,,436.0,-357.0,-412.0,-214.0,98.0
-84.0,-1203.0,189.0,-7.0,,483.0,-352.0,-683.0,-357.0,0.0
-143.0,-765.0,214.0,65.0,,482.0,-336.0,-988.0,-141.0,-8.0
-202.0,-356.0,238.0,130.0,,444.0,-312.0,-1003.0,-134.0,34.0
-137.0,82.0,280.0,188.0,,494.0,-313.0,-1080.0,-122.0,62.0
-82.0,685.0,292.0,183.0,,562.0,-316.0,-785.0,65.0,89.0
-66.0,1052.0,269.0,239.0,,550.0,-274.0,-42.0,164.0,221.0
-16.0,498.0,333.0,353.0,,311.0,-227.0,421.0,110.0,333.0
48.0,505.0,316.0,423.0,,308.0,-174.0,709.0,-223.0,460.0
73.0,848.0,252.0,335.0,,346.0,-158.0,689.0,-283.0,645.0
90.0,421.0,272.0,204.0,,308.0,-112.0,916.0,-168.0,755.0
112.0,-383.0,244.0,128.0,,441.0,-49.0,1184.0,-193.0,735.0
129.0,-1031.0,227.0,96.0,,412.0,-29.0,1114.0,-283.0,749.0
100.0,-1032.0,198.0,69.0,,472.0,-1.0,613.0,-485.0,821.0
66.0,-1028.0,135.0,-16.0,,265.0,-3.0,-166.0,-437.0,777.0
36.0,-1062.0,136.0,-41.0,,-16.0,48.0,-423.0,-267.0,767.0
55.0,-892.0,204.0,0.0,,219.0,81.0,-611.0,-34.0,840.0
60.0,-1093.0,157.0,51.0,,400.0,30.0,-415.0,127.0,847.0
0.0,-655.0,161.0,48.0,,458.0,7.0,-168.0,-20.0,814.0
-8.0,217.0,213.0,-10.0,,430.0,-7.0,-467.0,-291.0,804.0
-5.0,369.0,192.0,-37.0,,530.0,1.0,-563.0,-20.0,750.0
-17.0,133.0,215.0,-4.0,,605.0,17.0,-308.0,288.0,561.0
-54.0,662.0,180.0,49.0,,525.0,71.0,441.0,-149.0,443.0
-15.0,1553.0,193.0,46.0,,777.0,150.0,912.0,-144.0,426.0
8.0,1199.0,174.0,-20.0,,1064.0,189.0,572.0,-39.0,381.0
-3.0,577.0,146.0,-134.0,,887.0,220.0,-149.0,-80.0,297.0
-13.0,475.0,135.0,-228.0,,346.0,206.0,-443.0,-199.0,213.0
-18.0,835.0,141.0,-198.0,,288.0,157.0,-114.0,-431.0,236.0
-15.0,721.0,154.0,-96.0,,701.0,93.0,-33.0,-537.0,262.0
-42.0,-347.0,89.0,-19.0,,707.0,52.0,-129.0,-819.0,284.0
-44.0,-1252.0,121.0,61.0,,535.0,32.0,-519.0,-945.0,301.0
-44.0,-1658.0,76.0,64.0,,660.0,10.0,-641.0,-1173.0,329.0
18.0,-1576.0,49.0,-49.0,,843.0,18.0,-306.0,-914.0,429.0
13.0,-1680.0,44.0,-214.0,,720.0,5.0,-123.0,-539.0,456.0
-24.0,-1137.0,-15.0,-277.0,,537.0,42.0,362.0,-577.0,468.0
-45.0,-622.0,-11.0,-182.0,,789.0,105.0,524.0,-343.0,461.0
-83.0,-685.0,-11.0,-116.0,,862.0,151.0,402.0,76.0,380.0
-56.0,355.0,-8.0,-80.0,,413.0,268.0,574.0,27.0,304.0
-46.0,720.0,-80.0,-55.0,,294.0,363.0,920.0,-159.0,276.0
-14.0,58.0,-150.0,-152.0,,551.0,440.0,1206.0,219.0,224.0
37.0,-149.0,-214.0,-329.0,,635.0,511.0,897.0,14.0,92.0
88.0,298.0,-240.0,-384.0,,246.0,517.0,563.0,-167.0,48.0
111.0,985.0,-220.0,-327.0,,17.0,484.0,393.0,335.0,93.0
96.0,1106.0,-244.0,-199.0,,303.0,344.0,334.0,248.0,140.0
144.0,1290.0,-213.0,-67.0,,401.0,147.0,242.0,-162.0,186.0
172.0,1878.0,-172.0,-69.0,,440.0,-19.0,107.0,140.0,217.0
175.0,2789.0,-121.0,-106.0,,308.0,-122.0,88.0,353.0,164.0
172.0,2932.0,-47.0,-145.0,,35.0,-143.0,-526.0,266.0,93.0
159.0,1821.0,-38.0,-115.0,,91.0,-91.0,-840.0,260.0,177.0
198.0,1170.0,-32.0,27.0,,274.0,-11.0,-410.0,-295.0,186.0
204.0,366.0,10.0,139.0,,442.0,29.0,42.0,-422.0,54.0
196.0,-491.0,-16.0,36.0,,261.0,116.0,83.0,-227.0,41.0
179.0,-242.0,-89.0,-68.0,,100.0,252.0,-347.0,-318.0,141.0
229.0,-270.0,-119.0,-36.0,,419.0,382.0,-168.0,-234.0,140.0
257.0,-1007.0,-189.0,-130.0,,547.0,523.0,641.0,-198.0,39.0
228.0,-1410.0,-222.0,-169.0,,365.0,610.0,1306.0,-154.0,42.0
244.0,-851.0,-196.0,-182.0,,299.0,624.0,1236.0,-258.0,59.0
287.0,-421.0,-212.0,-243.0,,344.0,594.0,811.0,-129.0,-9.0
331.0,-1251.0,-218.0,-247.0,,436.0,539.0,753.0,71.0,30.0
252.0,-1054.0,-190.0,-198.0,,555.0,430.0,835.0,-699.0,152.0
236.0,250.0,-155.0,-27.0,,703.0,284.0,1090.0,-1091.0,127.0
251.0,413.0,-157.0,100.0,,993.0,174.0,944.0,-365.0,93.0
237.0,757.0,-136.0,178.0,,857.0,85.0,413.0,-395.0,173.0
187.0,793.0,-185.0,178.0,,428.0,54.0,-22.0,-861.0,167.0
118.0,748.0,-173.0,81.0,,444.0,95.0,-471.0,-914.0,138.0
100.0,1549.0,-51.0,6.0,,540.0,201.0,-325.0,-1182.0,179.0
53.0,1990.0,-17.0,-138.0,,507.0,338.0,288.0,-774.0,214.0
-17.0,2125.0,61.0,-193.0,,345.0,433.0,753.0,-448.0,209.0
-131.0,1965.0,176.0,-159.0,,324.0,465.0,785.0,-1002.0,177.0
-149.0,2149.0,315.0,-231.0,,532.0,431.0,886.0,-1001.0,232.0
-231.0,1438.0,355.0,-400.0,,582.0,381.0,1424.0,-493.0,232.0
-339.0,754.0,431.0,-675.0,,650.0,250.0,1629.0,-33.0,139.0
-354.0,175.0,522.0,-846.0,,790.0,54.0,1555.0,32.0,204.0
-343.0,-1118.0,519.0,-869.0,,736.0,-81.0,1058.0,-302.0,325.0
-372.0,-1736.0,540.0,-850.0,,566.0,-204.0,559.0,-521.0,335.0
-431.0,-2443.0,496.0,-743.0,,596.0,-308.0,465.0,80.0,346.0
-399.0,-1979.0,507.0,-560.0,,686.0,-344.0,325.0,442.0,384.0
-325.0,-1722.0,503.0,-357.0,,608.0,-310.0,437.0,-206.0,308.0
-270.0,-1705.0,528.0,-312.0,,406.0,-210.0,315.0,-212.0,194.0
-267.0,-906.0,523.0,-304.0,,321.0,-95.0,145.0,225.0,172.0
-149.0,-182.0,481.0,-154.0,,475.0,13.0,201.0,384.0,86.0
-39.0,-30.0,451.0,44.0,,591.0,140.0,400.0,242.0,-70.0
-45.0,-74.0,389.0,233.0,,597.0,277.0,796.0,-22.0,-161.0
-52.0,657.0,368.0,380.0,,632.0,366.0,837.0,97.0,-170.0
17.0,77.0,285.0,435.0,,770.0,378.0,925.0,0.0,-199.0
51.0,864.0,260.0,297.0,,859.0,373.0,949.0,45.0,-228.0
-47.0,1491.0,203.0,69.0,,819.0,369.0,1018.0,100.0,-180.0
-112.0,733.0,174.0,-29.0,,835.0,350.0,1114.0,-465.0,-258.0
-118.0,334.0,135.0,-72.0,,918.0,301.0,644.0,-508.0,-335.0
-138.0,-1032.0,56.0,-187.0,,768.0,220.0,127.0,-464.0,-267.0
-241.0,-996.0,76.0,-281.0,,365.0,162.0,-349.0,-110.0,-276.0
-313.0,-1560.0,47.0,-297.0,,354.0,88.0,-417.0,-229.0,-382.0
-363.0,-1474.0,90.0,-346.0,,716.0,-9.0,-90.0,-1052.0,-452.0
-380.0,-738.0,68.0,-342.0,,717.0,-129.0,184.0,-442.0,-366.0
-446.0,-939.0,-4.0,-259.0,,462.0,-276.0,563.0,-173.0,-273.0
-513.0,-801.0,-8.0,-235.0,,400.0,-369.0,1029.0,58.0,-314.0
-504.0,-1030.0,-34.0,-353.0,,678.0,-429.0,1607.0,-27.0,-337.0
-501.0,125.0,-36.0,-565.0,,837.0,-484.0,1788.0,-605.0,-290.0
-512.0,490.0,-3.0,-682.0,,540.0,-474.0,1786.0,196.0,-254.0
-503.0,979.0,7.0,-695.0,,387.0,-397.0,1638.0,632.0,-223.0
-379.0,1888.0,45.0,-641.0,,405.0,-252.0,1067.0,228.0,-217.0
-354.0,2418.0,137.0,-487.0,,283.0,-71.0,630.0,-141.0,-297.0
-358.0,3742.0,181.0,-330.0,,168.0,87.0,230.0,524.0,-347.0
-303.0,3807.0,308.0,-308.0,,415.0,215.0,88.0,948.0,-298.0
-203.0,3008.0,409.0,-349.0,,744.0,309.0,44.0,507.0,-262.0
-167.0,1891.0,421.0,-337.0,,580.0,356.0,48.0,193.0,-260.0
-195.0,1300.0,389.0,-291.0,,524.0,361.0,430.0,77.0,-381.0
-139.0,762.0,328.0,-264.0,,611.0,322.0,816.0,267.0,-460.0
-111.0,61.0,302.0,-340.0,,411.0,259.0,1411.0,494.0,-317.0
-90.0,-1324.0,205.0,-477.0,,306.0,214.0,1914.0,1011.0,-343.0
-140.0,-1914.0,121.0,-497.0,,436.0,161.0,2063.0,207.0,-445.0
-164.0,-2005.0,23.0,-379.0,,732.0,105.0,1818.0,-557.0,-316.0
-168.0,-3490.0,-61.0,-252.0,,754.0,59.0,1298.0,365.0,-204.0
-186.0,-3524.0,-121.0,-184.0,,417.0,-8.0,1232.0,685.0,-161.0
-262.0,-3765.0,-192.0,-102.0,,362.0,-31.0,1322.0,425.0,-26.0
-316.0,-3549.0,-220.0,41.0,,442.0,-13.0,1247.0,-148.0,87.0
-237.0,-2751.0,-251.0,130.0,,370.0,32.0,862.0,-379.0,48.0
-245.0,-2812.0,-260.0,107.0,,316.0,107.0,478.0,203.0,-33.0
-251.0,-2795.0,-265.0,-14.0,,339.0,107.0,406.0,102.0,-58.0
-251.0,-2223.0,-293.0,-124.0,,453.0,81.0,441.0,-318.0,-7.0
-255.0,-345.0,-316.0,-215.0,,394.0,68.0,768.0,-503.0,-10.0
-251.0,1349.0,-276.0,-347.0,,194.0,15.0,742.0,-483.0,-85.0
-261.0,2130.0,-254.0,-366.0,,130.0,-37.0,478.0,-158.0,-44.0
-239.0,2229.0,-273.0,-330.0,,118.0,-87.0,484.0,129.0,-40.0
-236.0,3387.0,-288.0,-264.0,,-10.0,-121.0,750.0,-499.0,-90.0
-203.0,4173.0,-303.0,-136.0,,-137.0,-95.0,1121.0,-1145.0,-89.0
-149.0,3311.0,-303.0,-113.0,,0.0,-22.0,1056.0,-241.0,-144.0
-118.0,2869.0,-287.0,-123.0,,-65.0,35.0,970.0,404.0,-106.0
-100.0,3438.0,-292.0,-123.0,,-374.0,63.0,862.0,34.0,-36.0
-75.0,3372.0,-294.0,-138.0,,-304.0,107.0,905.0,-714.0,-49.0
-46.0,1830.0,-319.0,-134.0,,-139.0,134.0,1088.0,-972.0,-115.0
-32.0,370.0,-305.0,-194.0,,-189.0,104.0,1077.0,-150.0,-265.0
-54.0,-599.0,-231.0,-211.0,,-325.0,37.0,966.0,749.0,-413.0
-74.0,-1440.0,-193.0,-181.0,,-407.0,4.0,569.0,694.0,-546.0
-60.0,-3271.0,-44.0,-178.0,,-360.0,-23.0,739.0,-312.0,-623.0
-57.0,-2465.0,31.0,-93.0,,-283.0,-52.0,1171.0,-798.0,-714.0
-91.0,-1024.0,130.0,-3.0,,-236.0,-57.0,1346.0,278.0,-767.0
-132.0,-2868.0,212.0,-7.0,,-200.0,-98.0,1393.0,1107.0,-720.0
-106.0,-2964.0,186.0,58.0,,-143.0,-107.0,1047.0,-167.0,-617.0
-76.0,-1365.0,198.0,290.0,,-47.0,-149.0,766.0,-761.0,-522.0
-109.0,-583.0,156.0,494.0,,156.0,-210.0,506.0,-178.0,-500.0
-132.0,-242.0,179.0,539.0,,162.0,-180.0,620.0,175.0,-431.0
-74.0,1563.0,188.0,405.0,,-72.0,-136.0,824.0,767.0,-449.0
-20.0,2419.0,196.0,214.0,,-38.0,-68.0,752.0,113.0,-478.0
-39.0,1609.0,137.0,20.0,,71.0,14.0,816.0,-708.0,-429.0
-36.0,1635.0,87.0,-155.0,,15.0,88.0,700.0,-161.0,-465.0
-24.0,1820.0,53.0,-190.0,,-82.0,149.0,848.0,457.0,-558.0
-10.0,2066.0,23.0,-183.0,,-246.0,211.0,1071.0,458.0,-539.0
-14.0,534.0,28.0,-121.0,,-249.0,261.0,1245.0,40.0,-355.0
21.0,300.0,-22.0,-37.0,,-110.0,275.0,1710.0,-300.0,-257.0
84.0,1626.0,-41.0,95.0,,-249.0,294.0,1858.0,-391.0,-224.0
116.0,636.0,-77.0,199.0,,-389.0,292.0,1734.0,403.0,-122.0
165.0,-798.0,-25.0,51.0,,-315.0,296.0,1468.0,676.0,-7.0
215.0,-1624.0,-40.0,-55.0,,-346.0,294.0,1297.0,-631.0,20.0
260.0,-2096.0,-39.0,-1.0,,-372.0,262.0,1056.0,-774.0,-1.0
237.0,-2582.0,-4.0,93.0,,-292.0,226.0,681.0,161.0,44.0
248.0,-3043.0,-68.0,177.0,,-238.0,163.0,423.0,607.0,50.0
242.0,-3030.0,-11.0,192.0,,-261.0,98.0,-97.0,259.0,-32.0
236.0,-1853.0,29.0,221.0,,-235.0,26.0,-256.0,-353.0,-27.0
192.0,-957.0,61.0,273.0,,-66.0,14.0,-190.0,-168.0,-39.0
121.0,142.0,76.0,247.0,,70.0,38.0,-66.0,-43.0,-221.0
142.0,1032.0,59.0,200.0,,118.0,88.0,323.0,248.0,-410.0
139.0,616.0,136.0,212.0,,40.0,211.0,565.0,-23.0,-601.0
150.0,2237.0,185.0,173.0,,-119.0,291.0,914.0,-690.0,-754.0
103.0,3321.0,180.0,140.0,,-64.0,345.0,979.0,-354.0,-871.0
129.0,3616.0,162.0,133.0,,29.0,359.0,907.0,-322.0,-925.0
118.0,3300.0,107.0,48.0,,-106.0,354.0,868.0,406.0,-910.0
39.0,1391.0,41.0,-62.0,,-105.0,325.0,718.0,783.0,-969.0
-17.0,931.0,-6.0,-121.0,,-16.0,190.0,646.0,126.0,-982.0
-28.0,785.0,-71.0,-57.0,,-122.0,61.0,596.0,503.0,-916.0
18.0,490.0,-72.0,57.0,,-162.0,-63.0,866.0,855.0,-964.0
-65.0,-1085.0,-46.0,137.0,,4.0,-194.0,942.0,1050.0,-1154.0
-66.0,-2820.0,-62.0,231.0,,45.0,-324.0,824.0,898.0,-1145.0
-25.0,-2427.0,-37.0,348.0,,-248.0,-424.0,739.0,238.0,-1072.0
0.0,-2241.0,19.0,409.0,,-342.0,-436.0,578.0,-36.0,-1193.0
-28.0,-2430.0,47.0,356.0,,-43.0,-366.0,522.0,671.0,-1225.0
-38.0,-1787.0,83.0,231.0,,-61.0,-202.0,216.0,1064.0,-1040.0
44.0,-533.0,115.0,111.0,,-278.0,-15.0,75.0,230.0,-912.0
68.0,591.0,48.0,-3.0,,-350.0,193.0,11.0,250.0,-885.0
10.0,528.0,11.0,-132.0,,-339.0,399.0,-206.0,637.0,-624.0
-67.0,-543.0,-33.0,-273.0,,-189.0,533.0,-190.0,625.0,-400.0
-45.0,-282.0,-91.0,-417.0,,-283.0,604.0,-219.0,835.0,-382.0
-79.0,-287.0,-104.0,-473.0,,-377.0,637.0,-147.0,827.0,-314.0
-168.0,-501.0,-101.0,-461.0,,-274.0,643.0,123.0,328.0,-187.0
-236.0,1021.0,-54.0,-495.0,,-363.0,626.0,667.0,392.0,-153.0
-239.0,1395.0,-32.0,-503.0,,-621.0,571.0,861.0,1034.0,-220.0
-262.0,739.0,-75.0,-360.0,,-752.0,478.0,482.0,828.0,-201.0
-285.0,1066.0,-97.0,-284.0,,-659.0,370.0,206.0,323.0,-217.0
-251.0,1589.0,-108.0,-366.0,,-839.0,222.0,-184.0,195.0,-298.0
-223.0,618.0,-170.0,-351.0,,-1021.0,65.0,-110.0,813.0,-345.0
-233.0,913.0,-215.0,-303.0,,-765.0,-66.0,362.0,966.0,-309.0
-290.0,1730.0,-260.0,-238.0,,-517.0,-179.0,615.0,450.0,-342.0
-285.0,745.0,-279.0,-167.0,,-461.0,-266.0,487.0,571.0,-473.0
-291.0,473.0,-280.0,-159.0,,-487.0,-307.0,-40.0,221.0,-382.0
-288.0,-88.0,-200.0,-107.0,,-602.0,-272.0,-120.0,679.0,-226.0
-318.0,-777.0,-131.0,-133.0,,-505.0,-189.0,134.0,881.0,-242.0
-257.0,-1309.0,-128.0,-256.0,,-374.0,-125.0,554.0,69.0,-381.0
-225.0,-1562.0,-137.0,-349.0,,-651.0,-3.0,792.0,432.0,-382.0
-315.0,-1900.0,-135.0,-311.0,,-642.0,193.0,460.0,489.0,-220.0
-306.0,-2097.0,-117.0,-163.0,,-400.0,388.0,101.0,466.0,-240.0
-254.0,-1113.0,-161.0,-8.0,,-554.0,570.0,-175.0,418.0,-300.0
-177.0,-300.0,-161.0,169.0,,-586.0,622.0,-175.0,175.0,-210.0
-183.0,481.0,-187.0,428.0,,-476.0,601.0,-291.0,85.0,-139.0
-108.0,659.0,-232.0,668.0,,-527.0,574.0,-635.0,167.0,-123.0
-13.0,1296.0,-215.0,742.0,,-519.0,497.0,-835.0,4.0,-2.0
4.0,1974.0,-154.0,776.0,,-603.0,378.0,-866.0,-441.0,57.0
-35.0,1992.0,-156.0,783.0,,-633.0,227.0,-709.0,142.0,-123.0
-78.0,1418.0,-140.0,739.0,,-696.0,129.0,-707.0,80.0,-137.0
-26.0,270.0,-114.0,657.0,,-964.0,81.0,-450.0,-255.0,16.0
-64.0,141.0,-101.0,564.0,,-1011.0,50.0,-70.0,-353.0,75.0
-66.0,-897.0,-101.0,438.0,,-995.0,11.0,254.0,-448.0,154.0
-14.0,-2220.0,-138.0,246.0,,-886.0,-21.0,641.0,-82.0,313.0
76.0,-2835.0,-73.0,143.0,,-854.0,-67.0,543.0,171.0,475.0
133.0,-2874.0,-62.0,138.0,,-1060.0,-157.0,410.0,-146.0,650.0
157.0,-2505.0,-1.0,232.0,,-1200.0,-219.0,269.0,-742.0,820.0
231.0,-2306.0,34.0,228.0,,-1263.0,-249.0,210.0,-485.0,873.0
273.0,-1362.0,46.0,91.0,,-1237.0,-256.0,144.0,-298.0,859.0
236.0,-1220.0,86.0,-28.0,,-1218.0,-243.0,-354.0,27.0,868.0
185.0,-1225.0,102.0,-146.0,,-1245.0,-171.0,-761.0,-22.0,965.0
232.0,-26.0,145.0,-177.0,,-1303.0,-106.0,-1141.0,-447.0,983.0
254.0,1026.0,119.0,-192.0,,-1184.0,-84.0,-1149.0,-395.0,910.0
247.0,480.0,141.0,-157.0,,-1112.0,14.0,-896.0,46.0,855.0
217.0,112.0,129.0,-62.0,,-1275.0,163.0,-604.0,592.0,744.0
226.0,945.0,106.0,31.0,,-1360.0,305.0,-83.0,196.0,618.0
217.0,1098.0,61.0,96.0,,-1392.0,426.0,376.0,150.0,514.0
148.0,1237.0,69.0,116.0,,-1319.0,509.0,792.0,38.0,441.0
128.0,1294.0,79.0,142.0,,-1143.0,565.0,611.0,384.0,323.0
148.0,1962.0,-3.0,98.0,,-1017.0,560.0,262.0,871.0,363.0
172.0,2392.0,37.0,0.0,,-1067.0,468.0,97.0,312.0,414.0
133.0,2040.0,14.0,-60.0,,-1116.0,338.0,192.0,411.0,305.0
159.0,1808.0,-4.0,-17.0,,-988.0,210.0,580.0,423.0,312.0
201.0,1034.0,-12.0,21.0,,-890.0,86.0,208.0,485.0,306.0
213.0,876.0,-72.0,42.0,,-826.0,6.0,-585.0,892.0,258.0
204.0,456.0,-54.0,140.0,,-691.0,-46.0,-1522.0,806.0,192.0
185.0,-375.0,-117.0,207.0,,-699.0,-84.0,-2141.0,221.0,167.0
166.0,-1175.0,-151.0,207.0,,-800.0,-38.0,-1932.0,166.0,224.0
107.0,-1992.0,-97.0,176.0,,-753.0,70.0,-1548.0,750.0,239.0
96.0,-2488.0,-58.0,127.0,,-734.0,187.0,-1306.0,198.0,181.0
104.0,-2135.0,-5.0,33.0,,-773.0,268.0,-1337.0,-195.0,87.0
185.0,-1436.0,25.0,-94.0,,-789.0,270.0,-1138.0,-176.0,62.0
214.0,-1748.0,128.0,-207.0,,-699.0,235.0,-752.0,-470.0,48.0
165.0,-736.0,198.0,-264.0,,-498.0,180.0,-173.0,244.0,50.0
141.0,615.0,236.0,-251.0,,-535.0,116.0,452.0,290.0,67.0
109.0,589.0,291.0,-278.0,,-661.0,70.0,388.0,-474.0,92.0
45.0,792.0,252.0,-262.0,,-569.0,-10.0,29.0,-416.0,134.0
-36.0,1235.0,247.0,-67.0,,-507.0,-65.0,-423.0,236.0,118.0
2.0,1117.0,192.0,102.0,,-598.0,-49.0,-253.0,497.0,35.0
33.0,712.0,162.0,44.0,,-692.0,-41.0,338.0,265.0,-84.0
23.0,451.0,155.0,-86.0,,-676.0,17.0,134.0,108.0,-197.0
46.0,-145.0,86.0,-105.0,,-686.0,118.0,-742.0,-563.0,-260.0
110.0,-497.0,105.0,-38.0,,-732.0,169.0,-1895.0,-243.0,-253.0
176.0,-580.0,88.0,13.0,,-621.0,197.0,-2398.0,800.0,-299.0
163.0,-673.0,90.0,-48.0,,-425.0,235.0,-2106.0,660.0,-412.0
206.0,-466.0,159.0,-181.0,,-361.0,287.0,-1457.0,-345.0,-427.0
297.0,-248.0,161.0,-284.0,,-329.0,380.0,-803.0,-423.0,-347.0
323.0,148.0,135.0,-422.0,,-98.0,482.0,-406.0,202.0,-339.0
274.0,585.0,132.0,-570.0,,-87.0,562.0,-144.0,86.0,-426.0
244.0,557.0,74.0,-572.0,,-158.0,605.0,-345.0,319.0,-455.0
244.0,854.0,98.0,-570.0,,6.0,570.0,-371.0,-59.0,-417.0
153.0,1021.0,147.0,-582.0,,-28.0,435.0,-192.0,-300.0,-365.0
-15.0,1011.0,0.0,-488.0,,-202.0,245.0,-436.0,342.0,-343.0
-84.0,1470.0,-32.0,-480.0,,-366.0,55.0,-877.0,345.0,-374.0
-37.0,1490.0,-97.0,-570.0,,-273.0,-121.0,-1280.0,73.0,-452.0
-118.0,1214.0,-180.0,-608.0,,-136.0,-231.0,-938.0,-259.0,-472.0
-266.0,536.0,-187.0,-573.0,,-239.0,-282.0,-554.0,-88.0,-403.0
-291.0,-32.0,-261.0,-547.0,,-149.0,-286.0,-992.0,381.0,-317.0
-259.0,-369.0,-263.0,-496.0,,-179.0,-232.0,-1359.0,376.0,-169.0
-275.0,-474.0,-357.0,-402.0,,-310.0,-160.0,-966.0,71.0,-54.0
-323.0,-640.0,-384.0,-257.0,,-354.0,-36.0,-101.0,181.0,127.0
-282.0,-873.0,-403.0,-36.0,,-596.0,135.0,256.0,316.0,441.0
-152.0,-527.0,-423.0,87.0,,-694.0,263.0,177.0,92.0,704.0
-74.0,-555.0,-393.0,110.0,,-665.0,303.0,-186.0,201.0,861.0
-36.0,-391.0,-355.0,102.0,,-636.0,285.0,-676.0,-18.0,968.0
58.0,256.0,-269.0,138.0,,-560.0,245.0,-829.0,63.0,1111.0
161.0,1295.0,-249.0,238.0,,-628.0,174.0,-981.0,407.0,1148.0
262.0,1213.0,-134.0,355.0,,-782.0,59.0,-779.0,59.0,1059.0
363.0,811.0,-58.0,467.0,,-799.0,-49.0,-692.0,71.0,932.0
460.0,879.0,48.0,577.0,,-560.0,-136.0,-816.0,-326.0,860.0
541.0,21.0,188.0,572.0,,-524.0,-178.0,-862.0,-674.0,840.0
566.0,-263.0,191.0,428.0,,-707.0,-152.0,-1254.0,-427.0,820.0
601.0,-373.0,188.0,473.0,,-671.0,-116.0,-1055.0,-452.0,881.0
604.0,-403.0,220.0,547.0,,-478.0,-57.0,-574.0,-304.0,932.0
546.0,-796.0,195.0,446.0,,-189.0,0.0,-426.0,-287.0,945.0
465.0,-1112.0,154.0,357.0,,-87.0,34.0,-583.0,-309.0,990.0
427.0,-1165.0,104.0,304.0,,-251.0,74.0,-716.0,-356.0,1063.0
391.0,-1097.0,5.0,221.0,,-533.0,67.0,-164.0,-428.0,1038.0
255.0,-795.0,-30.0,41.0,,-671.0,31.0,480.0,-58.0,881.0
112.0,-1356.0,-88.0,-96.0,,-502.0,-4.0,528.0,232.0,769.0
84.0,-610.0,-119.0,-73.0,,-518.0,-46.0,-404.0,46.0,726.0
82.0,398.0,-108.0,34.0,,-682.0,-56.0,-1164.0,197.0,574.0
6.0,700.0,-77.0,95.0,,-788.0,-20.0,-1189.0,202.0,395.0
-48.0,1108.0,-52.0,48.0,,-785.0,31.0,-1154.0,294.0,391.0
-22.0,1291.0,-18.0,-58.0,,-668.0,102.0,-1236.0,302.0,411.0
49.0,1036.0,-4.0,-202.0,,-658.0,158.0,-1768.0,-60.0,331.0
26.0,898.0,-26.0,-318.0,,-653.0,160.0,-1764.0,380.0,267.0
16.0,781.0,8.0,-448.0,,-859.0,111.0,-1263.0,-527.0,316.0
84.0,767.0,34.0,-642.0,,-1002.0,15.0,-1071.0,-827.0,281.0
181.0,1954.0,122.0,-792.0,,-786.0,-93.0,-1040.0,304.0,129.0
248.0,1297.0,160.0,-802.0,,-690.0,-206.0,-1036.0,172.0,89.0
216.0,264.0,180.0,-609.0,,-755.0,-318.0,-750.0,32.0,81.0
236.0,297.0,199.0,-217.0,,-795.0,-403.0,-659.0,-372.0,-115.0
256.0,-517.0,201.0,108.0,,-592.0,-465.0,-471.0,-255.0,-395.0
259.0,-1539.0,229.0,211.0,,-375.0,-486.0,-142.0,320.0,-448.0
239.0,-1600.0,222.0,301.0,,-457.0,-468.0,-380.0,65.0,-543.0
228.0,-1342.0,268.0,375.0,,-523.0,-431.0,-1298.0,-109.0,-709.0
234.0,-2006.0,229.0,408.0,,-475.0,-382.0,-2422.0,-299.0,-547.0
192.0,-1690.0,227.0,465.0,,-442.0,-319.0,-2317.0,-398.0,-310.0
136.0,-1762.0,140.0,529.0,,-503.0,-229.0,-1402.0,-262.0,-267.0
62.0,-1673.0,15.0,491.0,,-590.0,-130.0,-837.0,-157.0,-287.0
-2.0,-860.0,73.0,205.0,,-525.0,-77.0,-888.0,-461.0,-136.0
-54.0,-563.0,39.0,-116.0,,-350.0,-59.0,-1160.0,-714.0,-42.0
-61.0,-59.0,-44.0,-352.0,,-407.0,-26.0,-859.0,-220.0,-55.0
-48.0,391.0,-30.0,-511.0,,-551.0,26.0,-352.0,246.0,95.0
-42.0,940.0,-20.0,-628.0,,-398.0,74.0,245.0,435.0,197.0
-64.0,386.0,-37.0,-744.0,,-431.0,109.0,343.0,-72.0,165.0
-45.0,770.0,33.0,-718.0,,-561.0,112.0,16.0,291.0,191.0
12.0,1264.0,37.0,-648.0,,-413.0,53.0,-36.0,861.0,255.0
-8.0,540.0,55.0,-619.0,,-290.0,0.0,-434.0,423.0,42.0
-72.0,568.0,66.0,-588.0,,-386.0,-51.0,-798.0,896.0,-286.0
-62.0,709.0,37.0,-569.0,,-644.0,-197.0,-982.0,390.0,-420.0
-11.0,787.0,39.0,-432.0,,-715.0,-383.0,-1023.0,28.0,-575.0
-38.0,679.0,5.0,-311.0,,-756.0,-545.0,-905.0,465.0,-764.0
-127.0,913.0,33.0,-370.0,,-759.0,-671.0,-840.0,443.0,-878.0
-147.0,508.0,-17.0,-342.0,,-610.0,-749.0,-646.0,363.0,-903.0
-107.0,116.0,10.0,-224.0,,-629.0,-777.0,-766.0,28.0,-875.0
-138.0,10.0,18.0,-120.0,,-713.0,-698.0,-824.0,162.0,-845.0
-211.0,-29.0,22.0,-28.0,,-592.0,-514.0,-694.0,276.0,-752.0
-224.0,60.0,103.0,-13.0,,-394.0,-306.0,-378.0,540.0,-738.0
-136.0,-782.0,50.0,-41.0,,-380.0,-118.0,133.0,57.0,-760.0
-106.0,-818.0,45.0,-137.0,,-381.0,1.0,73.0,18.0,-601.0
-104.0,-922.0,34.0,-333.0,,-341.0,67.0,-332.0,425.0,-422.0
-70.0,-1428.0,0.0,-458.0,,-222.0,113.0,-849.0,52.0,-309.0
-21.0,-1411.0,46.0,-475.0,,-235.0,113.0,-1006.0,166.0,-243.0
6.0,-800.0,167.0,-495.0,,-303.0,98.0,-907.0,-22.0,-175.0
-16.0,-62.0,156.0,-404.0,,-100.0,18.0,-921.0,-56.0,-86.0
49.0,379.0,123.0,-251.0,,-162.0,-115.0,-975.0,-115.0,-33.0
123.0,1278.0,128.0,-256.0,,-394.0,-219.0,-1223.0,141.0,-34.0
183.0,1908.0,74.0,-257.0,,-353.0,-341.0,-936.0,372.0,-95.0
241.0,1518.0,40.0,-94.0,,-68.0,-450.0,-678.0,5.0,-174.0
296.0,802.0,8.0,62.0,,45.0,-527.0,-920.0,-332.0,-235.0
314.0,811.0,-7.0,254.0,,-147.0,-550.0,-966.0,-504.0,-117.0
320.0,379.0,-60.0,427.0,,-52.0,-510.0,-933.0,61.0,-61.0
345.0,-487.0,-62.0,447.0,,72.0,-452.0,-977.0,-51.0,-190.0
327.0,-939.0,-38.0,449.0,,-57.0,-388.0,-1101.0,-536.0,-146.0
293.0,-804.0,23.0,368.0,,-89.0,-317.0,-885.0,-605.0,12.0
192.0,-452.0,62.0,311.0,,30.0,-205.0,-733.0,-425.0,51.0
201.0,-607.0,107.0,243.0,,29.0,-101.0,-849.0,-455.0,-57.0
242.0,-297.0,184.0,76.0,,-192.0,9.0,-668.0,-317.0,-14.0
179.0,503.0,206.0,93.0,,-242.0,119.0,-299.0,-116.0,118.0
156.0,1436.0,256.0,208.0,,-37.0,181.0,144.0,-826.0,89.0
227.0,1408.0,335.0,177.0,,60.0,219.0,-24.0,-629.0,149.0
339.0,1076.0,380.0,21.0,,-80.0,221.0,-473.0,-39.0,298.0
392.0,935.0,364.0,-48.0,,-20.0,211.0,-718.0,-170.0,279.0
421.0,-202.0,374.0,28.0,,152.0,135.0,-990.0,7.0,134.0
486.0,-794.0,325.0,145.0,,-37.0,16.0,-811.0,69.0,211.0
570.0,-595.0,296.0,203.0,,-244.0,-88.0,-351.0,-285.0,346.0
611.0,-489.0,260.0,228.0,,-235.0,-244.0,188.0,-123.0,198.0
570.0,-672.0,202.0,259.0,,-56.0,-416.0,77.0,-652.0,160.0
539.0,-186.0,245.0,186.0,,27.0,-506.0,-460.0,-755.0,295.0
559.0,116.0,212.0,153.0,,31.0,-484.0,-533.0,283.0,255.0
507.0,-219.0,118.0,189.0,,167.0,-411.0,-506.0,-372.0,82.0
378.0,166.0,54.0,166.0,,179.0,-338.0,-197.0,-504.0,-3.0
227.0,382.0,-3.0,139.0,,204.0,-244.0,-134.0,45.0,-69.0
121.0,850.0,-81.0,92.0,,143.0,-188.0,-312.0,-164.0,-265.0
2.0,1143.0,-119.0,-24.0,,-20.0,-215.0,-445.0,-17.0,-368.0
-109.0,1508.0,-174.0,-181.0,,-34.0,-219.0,-559.0,-14.0,-348.0
-169.0,1445.0,-239.0,-248.0,,-16.0,-227.0,-199.0,13.0,-388.0
-231.0,515.0,-257.0,-257.0,,248.0,-323.0,242.0,-253.0,-445.0
-302.0,232.0,-283.0,-344.0,,570.0,-456.0,574.0,-411.0,-347.0
-411.0,-27.0,-265.0,-467.0,,609.0,-568.0,421.0,-140.0,-180.0
-465.0,-305.0,-171.0,-523.0,,500.0,-632.0,33.0,6.0,-168.0
-547.0,-613.0,-121.0,-406.0,,519.0,-639.0,-262.0,-2.0,-96.0
-605.0,-1113.0,-122.0,-307.0,,588.0,-575.0,-367.0,-312.0,85.0
-576.0,-1687.0,-65.0,-320.0,,444.0,-465.0,138.0,92.0,194.0
-483.0,-1392.0,-28.0,-318.0,,325.0,-307.0,291.0,283.0,241.0
-425.0,-1165.0,42.0,-381.0,,282.0,-122.0,164.0,-33.0,276.0
-456.0,-894.0,149.0,-442.0,,279.0,32.0,166.0,322.0,307.0
-384.0,47.0,212.0,-374.0,,229.0,124.0,120.0,477.0,224.0
-315.0,319.0,291.0,-137.0,,208.0,127.0,140.0,433.0,172.0
-261.0,393.0,289.0,65.0,,326.0,93.0,38.0,188.0,217.0
-213.0,454.0,268.0,154.0,,423.0,33.0,258.0,180.0,176.0
-74.0,552.0,255.0,193.0,,541.0,-84.0,482.0,360.0,36.0
119.0,-16.0,232.0,116.0,,619.0,-204.0,532.0,-32.0,-172.0
132.0,-314.0,255.0,30.0,,546.0,-290.0,661.0,-115.0,-347.0
97.0,-230.0,189.0,-55.0,,415.0,-363.0,626.0,200.0,-599.0
117.0,-419.0,127.0,-110.0,,427.0,-384.0,755.0,343.0,-920.0
128.0,-493.0,116.0,-233.0,,467.0,-353.0,659.0,-29.0,-1003.0
90.0,-492.0,88.0,-442.0,,412.0,-292.0,376.0,-155.0,-1085.0
28.0,94.0,114.0,-612.0,,341.0,-224.0,181.0,225.0,-1253.0
-6.0,-87.0,166.0,-766.0,,546.0,-192.0,-66.0,-170.0,-1163.0
19.0,-266.0,165.0,-810.0,,838.0,-138.0,1.0,-338.0,-922.0
0.0,302.0,226.0,-823.0,,825.0,-101.0,249.0,-46.0,-733.0
-72.0,201.0,283.0,-767.0,,688.0,-87.0,578.0,-162.0,-548.0
-101.0,-488.0,277.0,-568.0,,496.0,-98.0,569.0,109.0,-265.0
-108.0,-723.0,308.0,-320.0,,604.0,-160.0,412.0,29.0,-76.0
-126.0,-431.0,286.0,-79.0,,868.0,-205.0,665.0,-113.0,38.0
-134.0,-588.0,286.0,48.0,,924.0,-274.0,879.0,163.0,282.0
-124.0,-684.0,291.0,63.0,,922.0,-329.0,946.0,68.0,387.0
-151.0,-523.0,294.0,-27.0,,939.0,-358.0,585.0,279.0,273.0
-173.0,-153.0,264.0,-68.0,,1034.0,-372.0,238.0,579.0,70.0
-171.0,230.0,269.0,34.0,,932.0,-366.0,258.0,144.0,26.0
-142.0,-17.0,301.0,86.0,,688.0,-330.0,412.0,-93.0,0.0
-129.0,14.0,271.0,62.0,,783.0,-220.0,727.0,319.0,-183.0
-161.0,-45.0,283.0,71.0,,991.0,-151.0,613.0,3.0,-218.0
-156.0,-88.0,260.0,26.0,,878.0,-106.0,245.0,-240.0,-187.0
-116.0,476.0,253.0,-88.0,,788.0,-28.0,-194.0,254.0,-137.0
-84.0,396.0,144.0,-245.0,,832.0,32.0,-314.0,-21.0,-113.0
-120.0,-342.0,32.0,-409.0,,926.0,88.0,73.0,-197.0,-24.0
-153.0,-1144.0,39.0,-505.0,,966.0,153.0,448.0,160.0,99.0
-92.0,-350.0,-9.0,-502.0,,966.0,211.0,953.0,-164.0,60.0
-108.0,372.0,-90.0,-544.0,,1122.0,257.0,1202.0,-198.0,100.0
-219.0,-309.0,-197.0,-701.0,,1060.0,255.0,1430.0,-38.0,224.0
-265.0,160.0,-245.0,-652.0,,966.0,213.0,1629.0,-359.0,271.0
-272.0,659.0,-320.0,-465.0,,1064.0,138.0,1496.0,-321.0,225.0
-295.0,741.0,-373.0,-252.0,,1084.0,12.0,1226.0,-656.0,338.0
-325.0,11.0,-355.0,-28.0,,887.0,-96.0,753.0,-849.0,527.0
-324.0,-918.0,-409.0,63.0,,726.0,-219.0,546.0,-388.0,444.0
-315.0,-971.0,-375.0,194.0,,1030.0,-365.0,336.0,-645.0,268.0
-354.0,-1607.0,-334.0,364.0,,1259.0,-444.0,338.0,-1311.0,176.0
-420.0,-1626.0,-326.0,500.0,,964.0,-472.0,752.0,-1281.0,81.0
-447.0,-1366.0,-291.0,670.0,,825.0,-457.0,1036.0,-1029.0,-59.0
-454.0,-1753.0,-279.0,779.0,,994.0,-388.0,1269.0,-1068.0,-111.0
-438.0,-1674.0,-279.0,792.0,,840.0,-268.0,1273.0,-791.0,-223.0
-375.0,-862.0,-274.0,737.0,,545.0,-129.0,1310.0,-653.0,-511.0
-354.0,-195.0,-279.0,453.0,,703.0,-10.0,1173.0,-440.0,-612.0
-333.0,-270.0,-309.0,17.0,,1014.0,96.0,912.0,80.0,-473.0
-336.0,-82.0,-241.0,-283.0,,901.0,141.0,831.0,143.0,-435.0
-339.0,674.0,-216.0,-509.0,,690.0,98.0,707.0,554.0,-538.0
-281.0,1242.0,-190.0,-671.0,,790.0,26.0,848.0,1029.0,-448.0
-290.0,879.0,-118.0,-712.0,,927.0,-44.0,720.0,1037.0,-162.0
-325.0,309.0,-73.0,-748.0,,872.0,-167.0,495.0,1132.0,-74.0
-298.0,886.0,-22.0,-712.0,,753.0,-335.0,319.0,944.0,-34.0
-225.0,1433.0,-26.0,-589.0,,869.0,-437.0,118.0,724.0,147.0
-236.0,1597.0,-53.0,-458.0,,1043.0,-478.0,380.0,616.0,162.0
-255.0,1334.0,-24.0,-348.0,,945.0,-472.0,533.0,394.0,196.0
-173.0,981.0,-25.0,-227.0,,887.0,-369.0,687.0,20.0,502.0
-125.0,1516.0,-65.0,48.0,,909.0,-194.0,864.0,-287.0,718.0
-153.0,848.0,-57.0,421.0,,770.0,7.0,1040.0,-132.0,691.0
-240.0,349.0,-110.0,633.0,,708.0,203.0,1108.0,-45.0,868.0
-228.0,346.0,-92.0,589.0,,784.0,334.0,944.0,74.0,1197.0
-186.0,-657.0,-100.0,541.0,,880.0,394.0,1062.0,220.0,1149.0
-207.0,-1011.0,-126.0,560.0,,835.0,434.0,1019.0,-136.0,933.0
-211.0,-1404.0,-80.0,628.0,,699.0,476.0,960.0,-168.0,885.0
-192.0,-1831.0,-105.0,703.0,,895.0,507.0,837.0,-48.0,792.0
-135.0,-1700.0,-124.0,594.0,,1086.0,531.0,611.0,-423.0,543.0
-138.0,-1030.0,-142.0,437.0,,897.0,518.0,652.0,-277.0,452.0
-155.0,-54.0,-146.0,253.0,,873.0,451.0,670.0,-287.0,459.0
-126.0,263.0,-116.0,55.0,,1011.0,334.0,920.0,-559.0,255.0
-51.0,51.0,-94.0,-96.0,,924.0,165.0,977.0,-226.0,127.0
-47.0,371.0,-121.0,-197.0,,845.0,9.0,888.0,-96.0,173.0
-64.0,486.0,-67.0,-175.0,,852.0,-125.0,901.0,-308.0,93.0
20.0,442.0,-86.0,-102.0,,915.0,-236.0,840.0,-311.0,-40.0
34.0,1375.0,-129.0,-82.0,,939.0,-299.0,866.0,86.0,-19.0
26.0,1026.0,-134.0,-76.0,,784.0,-342.0,618.0,-151.0,139.0
14.0,-2.0,-200.0,6.0,,841.0,-349.0,574.0,-335.0,217.0
35.0,414.0,-165.0,46.0,,1123.0,-316.0,716.0,127.0,185.0
98.0,764.0,-171.0,88.0,,1113.0,-282.0,840.0,176.0,300.0
96.0,225.0,-163.0,79.0,,953.0,-255.0,997.0,161.0,408.0
67.0,48.0,-147.0,21.0,,980.0,-227.0,982.0,224.0,375.0
47.0,13.0,-152.0,-23.0,,967.0,-177.0,1208.0,321.0,419.0
56.0,53.0,-124.0,-63.0,,803.0,-120.0,1128.0,205.0,588.0
57.0,305.0,-80.0,-15.0,,678.0,-71.0,870.0,246.0,665.0
75.0,-111.0,-44.0,-77.0,,663.0,-34.0,822.0,377.0,592.0
99.0,-645.0,-124.0,-193.0,,634.0,-3.0,731.0,81.0,607.0
96.0,-331.0,-185.0,-357.0,,514.0,12.0,731.0,30.0,587.0
57.0,783.0,-209.0,-535.0,,495.0,-14.0,613.0,-24.0,329.0
20.0,1096.0,-248.0,-678.0,,578.0,-28.0,757.0,63.0,58.0
9.0,1201.0,-268.0,-826.0,,663.0,34.0,897.0,272.0,-27.0
-21.0,819.0,-285.0,-685.0,,816.0,145.0,934.0,9.0,-307.0
-48.0,187.0,-321.0,-415.0,,755.0,194.0,1217.0,-71.0,-791.0
-54.0,390.0,-330.0,-197.0,,674.0,188.0,1324.0,38.0,-888.0
-69.0,397.0,-291.0,-13.0,,772.0,191.0,1380.0,65.0,-769.0
-76.0,399.0,-196.0,116.0,,656.0,165.0,1123.0,92.0,-890.0
-100.0,-16.0,-91.0,254.0,,540.0,125.0,827.0,77.0,-1006.0
-131.0,-9.0,14.0,340.0,,538.0,65.0,648.0,-127.0,-811.0
-143.0,-119.0,154.0,314.0,,717.0,-78.0,541.0,-416.0,-665.0
-165.0,-183.0,202.0,244.0,,767.0,-273.0,774.0,-460.0,-541.0
-172.0,-164.0,184.0,214.0,,532.0,-439.0,755.0,-456.0,-208.0
-151.0,-379.0,173.0,174.0,,595.0,-595.0,798.0,-355.0,-17.0
-103.0,54.0,144.0,239.0,,603.0,-694.0,866.0,-221.0,0.0
-138.0,-39.0,96.0,288.0,,448.0,-673.0,840.0,83.0,155.0
-179.0,-344.0,48.0,139.0,,392.0,-560.0,840.0,260.0,398.0
-156.0,-1739.0,54.0,6.0,,331.0,-420.0,631.0,430.0,350.0
-164.0,-2586.0,14.0,-101.0,,285.0,-306.0,528.0,816.0,192.0
-190.0,-1820.0,-6.0,-216.0,,258.0,-201.0,341.0,970.0,247.0
-223.0,-1464.0,-5.0,-278.0,,294.0,-137.0,291.0,893.0,228.0
-207.0,-1149.0,-34.0,-252.0,,317.0,-135.0,271.0,321.0,-22.0
-183.0,-643.0,12.0,-219.0,,198.0,-155.0,221.0,318.0,-174.0
-188.0,-29.0,21.0,-248.0,,173.0,-183.0,275.0,89.0,-250.0
-232.0,791.0,-31.0,-286.0,,363.0,-256.0,186.0,-569.0,-423.0
-222.0,1513.0,-119.0,-328.0,,310.0,-327.0,441.0,-547.0,-440.0
-196.0,1120.0,-141.0,-334.0,,43.0,-402.0,591.0,-749.0,-376.0
-251.0,1049.0,-186.0,-226.0,,36.0,-519.0,589.0,-642.0,-369.0
-237.0,1188.0,-238.0,-117.0,,179.0,-604.0,565.0,-479.0,-277.0
-152.0,1577.0,-230.0,-103.0,,61.0,-646.0,197.0,-589.0,-62.0
-89.0,1791.0,-289.0,-24.0,,-139.0,-650.0,-12.0,-449.0,138.0
-97.0,424.0,-232.0,214.0,,24.0,-656.0,-68.0,-104.0,263.0
-46.0,-211.0,-178.0,445.0,,287.0,-646.0,57.0,128.0,338.0
13.0,-710.0,-164.0,474.0,,214.0,-602.0,107.0,-8.0,446.0
25.0,-325.0,-140.0,425.0,,204.0,-599.0,109.0,-7.0,631.0
42.0,-58.0,-121.0,374.0,,500.0,-626.0,332.0,46.0,697.0
42.0,-765.0,-69.0,335.0,,571.0,-652.0,380.0,142.0,660.0
87.0,-568.0,-59.0,332.0,,287.0,-639.0,341.0,548.0,645.0
107.0,-601.0,-100.0,342.0,,158.0,-598.0,216.0,565.0,631.0
144.0,-819.0,-97.0,299.0,,436.0,-558.0,260.0,323.0,595.0
148.0,-1424.0,-37.0,103.0,,322.0,-495.0,334.0,456.0,619.0
137.0,-821.0,-3.0,8.0,,-158.0,-421.0,343.0,613.0,670.0
145.0,-21.0,6.0,55.0,,-6.0,-343.0,463.0,446.0,695.0
146.0,-143.0,-43.0,42.0,,363.0,-250.0,251.0,108.0,788.0
169.0,491.0,-89.0,-1.0,,281.0,-187.0,33.0,-63.0,882.0
143.0,866.0,-91.0,0.0,,77.0,-173.0,-182.0,-442.0,967.0
127.0,81.0,-36.0,-10.0,,194.0,-177.0,-218.0,-398.0,978.0
52.0,-1116.0,0.0,-69.0,,378.0,-202.0,-42.0,-322.0,886.0
2.0,-591.0,5.0,-169.0,,255.0,-290.0,-60.0,-573.0,852.0
-30.0,-454.0,-38.0,-295.0,,126.0,-436.0,27.0,-128.0,799.0
-85.0,-1327.0,-52.0,-328.0,,266.0,-592.0,-99.0,-293.0,732.0
-72.0,-1262.0,-20.0,-339.0,,361.0,-730.0,-59.0,-329.0,729.0
-40.0,-805.0,-15.0,-321.0,,242.0,-848.0,206.0,-110.0,632.0
-27.0,-71.0,70.0,-259.0,,175.0,-945.0,336.0,-530.0,498.0
-91.0,-394.0,60.0,-249.0,,205.0,-978.0,585.0,-434.0,513.0
-116.0,-220.0,81.0,-168.0,,151.0,-953.0,622.0,-403.0,594.0
-140.0,917.0,89.0,-70.0,,43.0,-927.0,602.0,-29.0,591.0
-174.0,1171.0,35.0,-1.0,,106.0,-880.0,277.0,-114.0,592.0
-173.0,1173.0,24.0,69.0,,282.0,-788.0,-194.0,-583.0,675.0
-137.0,755.0,0.0,-56.0,,206.0,-722.0,-447.0,8.0,694.0
-89.0,640.0,-3.0,-231.0,,135.0,-646.0,-650.0,-125.0,665.0
-77.0,748.0,-15.0,-409.0,,365.0,-564.0,-517.0,-142.0,738.0
-62.0,483.0,7.0,-629.0,,542.0,-532.0,-382.0,-107.0,868.0
-73.0,824.0,5.0,-637.0,,530.0,-472.0,-105.0,-208.0,845.0
-93.0,845.0,21.0,-503.0,,473.0,-390.0,123.0,146.0,744.0
-109.0,687.0,60.0,-358.0,,586.0,-306.0,-11.0,-343.0,671.0
-67.0,1527.0,82.0,-267.0,,698.0,-259.0,-153.0,-212.0,588.0
-45.0,1946.0,113.0,-287.0,,632.0,-210.0,-327.0,-91.0,482.0
-64.0,1469.0,142.0,-283.0,,493.0,-127.0,-284.0,-497.0,256.0
-76.0,496.0,210.0,-181.0,,473.0,-109.0,-356.0,-200.0,67.0
-57.0,142.0,246.0,-131.0,,638.0,-79.0,-362.0,28.0,-54.0
-23.0,389.0,254.0,-166.0,,542.0,17.0,-147.0,-159.0,-130.0
-31.0,-624.0,323.0,-189.0,,383.0,93.0,-182.0,-235.0,-140.0
-28.0,-993.0,301.0,-131.0,,456.0,98.0,-247.0,66.0,-121.0
17.0,-714.0,253.0,-30.0,,563.0,92.0,-408.0,-12.0,-47.0
96.0,-1308.0,238.0,-75.0,,734.0,96.0,-393.0,137.0,-31.0
71.0,-1260.0,242.0,-96.0,,763.0,74.0,-306.0,-104.0,120.0
19.0,-527.0,317.0,-22.0,,495.0,24.0,-97.0,-575.0,292.0
13.0,-323.0,334.0,-87.0,,364.0,-51.0,240.0,-127.0,318.0
48.0,-649.0,383.0,-231.0,,560.0,-139.0,155.0,-286.0,434.0
95.0,-853.0,401.0,-415.0,,648.0,-229.0,5.0,-183.0,478.0
156.0,-576.0,459.0,-519.0,,545.0,-341.0,-262.0,-50.0,332.0
228.0,-527.0,466.0,-570.0,,430.0,-487.0,-445.0,139.0,117.0
276.0,-1170.0,391.0,-635.0,,419.0,-626.0,-607.0,701.0,-2.0
351.0,-787.0,412.0,-514.0,,448.0,-751.0,-726.0,475.0,-178.0
356.0,-473.0,340.0,-365.0,,366.0,-850.0,-448.0,481.0,-430.0
348.0,-152.0,265.0,-305.0,,323.0,-897.0,-421.0,272.0,-454.0
372.0,232.0,165.0,-261.0,,287.0,-860.0,-327.0,213.0,-431.0
451.0,27.0,88.0,-133.0,,310.0,-713.0,-264.0,71.0,-455.0
495.0,902.0,90.0,96.0,,413.0,-528.0,-412.0,51.0,-418.0
513.0,1002.0,30.0,299.0,,374.0,-294.0,-500.0,217.0,-267.0
534.0,713.0,44.0,429.0,,300.0,-12.0,-655.0,-244.0,-161.0
502.0,497.0,64.0,467.0,,229.0,280.0,-687.0,-178.0,-161.0
502.0,942.0,42.0,349.0,,208.0,532.0,-879.0,-477.0,-77.0
440.0,771.0,42.0,190.0,,312.0,614.0,-846.0,-262.0,11.0
319.0,-315.0,-71.0,122.0,,417.0,590.0,-558.0,-338.0,72.0
191.0,-176.0,-110.0,-24.0,,415.0,547.0,-400.0,-914.0,71.0
150.0,-211.0,-29.0,-122.0,,292.0,498.0,-253.0,-546.0,39.0
123.0,-544.0,-19.0,-125.0,,169.0,443.0,-273.0,-605.0,-17.0
23.0,-1782.0,20.0,-126.0,,133.0,430.0,-229.0,-536.0,-70.0
-67.0,-1160.0,101.0,-83.0,,250.0,487.0,-397.0,-324.0,-78.0
-91.0,-966.0,165.0,-68.0,,146.0,546.0,-565.0,-120.0,-208.0
-95.0,-1965.0,278.0,-97.0,,-80.0,579.0,-524.0,66.0,-341.0
-130.0,-1272.0,324.0,-110.0,,12.0,526.0,-530.0,350.0,-437.0
-168.0,-806.0,322.0,-30.0,,94.0,406.0,-369.0,364.0,-576.0
-210.0,-26.0,332.0,9.0,,64.0,264.0,-413.0,172.0,-574.0
-137.0,336.0,274.0,56.0,,-70.0,115.0,-365.0,145.0,-346.0
-132.0,1311.0,313.0,117.0,,-114.0,17.0,-378.0,291.0,-143.0
-160.0,1537.0,284.0,77.0,,-82.0,-3.0,-644.0,709.0,2.0
-105.0,1410.0,222.0,1.0,,-248.0,57.0,-844.0,412.0,309.0
-8.0,1471.0,209.0,62.0,,-274.0,185.0,-1145.0,329.0,555.0
71.0,836.0,132.0,251.0,,-227.0,304.0,-1029.0,449.0,714.0
92.0,1206.0,87.0,228.0,,-502.0,398.0,-868.0,706.0,856.0
125.0,1104.0,46.0,84.0,,-779.0,508.0,-788.0,453.0,769.0
154.0,1605.0,15.0,-88.0,,-488.0,581.0,-679.0,232.0,619.0
214.0,2124.0,-20.0,-294.0,,-157.0,635.0,-718.0,774.0,529.0
189.0,1489.0,-25.0,-337.0,,-369.0,616.0,-548.0,427.0,412.0
201.0,290.0,-64.0,-193.0,,-563.0,552.0,-526.0,521.0,221.0
242.0,-97.0,-70.0,-78.0,,-310.0,582.0,-439.0,468.0,69.0
286.0,-385.0,-49.0,29.0,,115.0,678.0,-354.0,-244.0,9.0
326.0,-1223.0,-38.0,278.0,,163.0,776.0,-373.0,-179.0,-50.0
300.0,-1237.0,-18.0,444.0,,-112.0,806.0,-400.0,-173.0,-14.0
259.0,-1615.0,-69.0,443.0,,-260.0,822.0,-685.0,-523.0,-19.0
159.0,-1007.0,-131.0,297.0,,-304.0,824.0,-855.0,-376.0,-151.0
75.0,-1080.0,-212.0,85.0,,-361.0,772.0,-1140.0,-819.0,-242.0
-45.0,-1785.0,-241.0,-63.0,,-373.0,736.0,-1297.0,-899.0,-247.0
-146.0,-1511.0,-291.0,-177.0,,-317.0,666.0,-1267.0,-533.0,-255.0
-252.0,-1387.0,-349.0,-331.0,,-379.0,549.0,-1121.0,-988.0,-258.0
-277.0,-832.0,-320.0,-488.0,,-479.0,447.0,-801.0,-266.0,-116.0
-241.0,-940.0,-306.0,-576.0,,-363.0,397.0,-798.0,-389.0,104.0
-204.0,-701.0,-270.0,-529.0,,-247.0,393.0,-537.0,-874.0,229.0
-159.0,-446.0,-182.0,-297.0,,-448.0,448.0,-312.0,-200.0,276.0
-167.0,-36.0,-157.0,-61.0,,-712.0,600.0,-266.0,123.0,318.0
-103.0,1105.0,-46.0,55.0,,-580.0,780.0,-151.0,160.0,239.0
-37.0,1153.0,59.0,17.0,,-450.0,865.0,-127.0,-205.0,133.0
26.0,1564.0,61.0,-116.0,,-625.0,872.0,107.0,95.0,25.0
102.0,1737.0,173.0,-276.0,,-678.0,885.0,-46.0,440.0,-168.0
214.0,1205.0,182.0,-390.0,,-545.0,891.0,-345.0,708.0,-322.0
315.0,1443.0,174.0,-477.0,,-569.0,891.0,-750.0,243.0,-429.0
416.0,1734.0,188.0,-511.0,,-731.0,885.0,-1365.0,-117.0,-541.0
447.0,1439.0,103.0,-407.0,,-620.0,845.0,-1601.0,708.0,-719.0
440.0,771.0,81.0,-297.0,,-454.0,818.0,-1653.0,80.0,-821.0
473.0,304.0,72.0,-172.0,,-583.0,793.0,-1402.0,-122.0,-793.0
478.0,-503.0,54.0,-117.0,,-738.0,791.0,-1186.0,33.0,-831.0
473.0,-1029.0,38.0,-194.0,,-630.0,851.0,-899.0,-477.0,-865.0
411.0,-653.0,66.0,-388.0,,-567.0,900.0,-530.0,-203.0,-774.0
435.0,-746.0,81.0,-543.0,,-684.0,955.0,-417.0,-68.0,-675.0
438.0,-682.0,34.0,-380.0,,-636.0,1011.0,-149.0,-1.0,-681.0
435.0,-347.0,96.0,-13.0,,-517.0,1031.0,12.0,-170.0,-616.0
450.0,-559.0,98.0,332.0,,-390.0,1048.0,140.0,-277.0,-409.0
449.0,-751.0,136.0,554.0,,-447.0,1069.0,49.0,194.0,-261.0
459.0,-215.0,238.0,588.0,,-536.0,1050.0,-151.0,70.0,-222.0
425.0,-214.0,183.0,539.0,,-479.0,975.0,-299.0,11.0,-270.0
427.0,-153.0,217.0,514.0,,-641.0,895.0,-796.0,116.0,-269.0
407.0,964.0,237.0,428.0,,-678.0,819.0,-1038.0,-262.0,-250.0
392.0,742.0,210.0,311.0,,-515.0,759.0,-1154.0,-129.0,-319.0
355.0,249.0,243.0,115.0,,-409.0,669.0,-1112.0,-57.0,-362.0
349.0,-72.0,272.0,-92.0,,-443.0,556.0,-975.0,117.0,-441.0
348.0,-8.0,279.0,-209.0,,-420.0,461.0,-938.0,6.0,-501.0
278.0,117.0,327.0,-279.0,,-193.0,400.0,-655.0,-324.0,-550.0
245.0,-590.0,322.0,-162.0,,-138.0,410.0,-644.0,50.0,-562.0
263.0,-413.0,258.0,-85.0,,-216.0,423.0,-628.0,-99.0,-436.0
274.0,-517.0,263.0,-134.0,,-283.0,485.0,-654.0,26.0,-318.0
225.0,-471.0,177.0,-125.0,,-310.0,611.0,-763.0,33.0,-215.0
217.0,-332.0,118.0,-81.0,,-327.0,783.0,-726.0,-404.0,-128.0
274.0,-397.0,54.0,11.0,,-212.0,961.0,-837.0,-58.0,-112.0
284.0,-548.0,21.0,40.0,,-163.0,1030.0,-824.0,192.0,-95.0
260.0,-876.0,22.0,119.0,,-404.0,1062.0,-982.0,121.0,-22.0
256.0,-287.0,27.0,242.0,,-567.0,1067.0,-1010.0,291.0,30.0
286.0,159.0,106.0,285.0,,-611.0,1034.0,-829.0,322.0,-29.0
309.0,401.0,95.0,232.0,,-458.0,983.0,-689.0,511.0,-48.0
293.0,512.0,84.0,48.0,,-403.0,894.0,-476.0,605.0,33.0
284.0,1108.0,25.0,11.0,,-496.0,852.0,-439.0,395.0,92.0
248.0,1311.0,-14.0,67.0,,-340.0,864.0,-169.0,357.0,172.0
205.0,660.0,39.0,72.0,,-154.0,854.0,-36.0,-12.0,175.0
137.0,635.0,33.0,110.0,,-83.0,844.0,5.0,-172.0,153.0
50.0,417.0,-14.0,102.0,,-153.0,825.0,-5.0,1.0,231.0
21.0,-209.0,14.0,92.0,,-202.0,729.0,-341.0,95.0,304.0
13.0,-816.0,39.0,129.0,,-148.0,615.0,-528.0,-169.0,402.0
20.0,-261.0,1.0,33.0,,-83.0,552.0,-827.0,-200.0,462.0
43.0,528.0,22.0,-155.0,,-107.0,515.0,-851.0,-351.0,550.0
103.0,187.0,7.0,-387.0,,-173.0,484.0,-798.0,-315.0,685.0
155.0,-71.0,-10.0,-608.0,,-50.0,464.0,-820.0,64.0,798.0
192.0,45.0,-38.0,-664.0,,42.0,479.0,-633.0,-398.0,851.0
203.0,405.0,-70.0,-744.0,,-81.0,484.0,-541.0,0.0,860.0
220.0,531.0,-84.0,-732.0,,-341.0,467.0,-227.0,117.0,882.0
234.0,505.0,-84.0,-543.0,,-335.0,439.0,-112.0,142.0,770.0
243.0,697.0,-67.0,-439.0,,-227.0,407.0,-94.0,406.0,624.0
283.0,250.0,-112.0,-394.0,,-511.0,427.0,-86.0,62.0,503.0
264.0,210.0,-59.0,-356.0,,-692.0,427.0,-192.0,364.0,361.0
197.0,945.0,-62.0,-332.0,,-558.0,396.0,-81.0,315.0,179.0
115.0,349.0,-71.0,-197.0,,-420.0,357.0,-96.0,255.0,56.0
106.0,-233.0,-13.0,26.0,,-547.0,305.0,5.0,505.0,-67.0
82.0,370.0,-19.0,126.0,,-681.0,319.0,46.0,567.0,-314.0
26.0,854.0,42.0,157.0,,-565.0,374.0,147.0,342.0,-409.0
-22.0,767.0,59.0,148.0,,-689.0,400.0,308.0,478.0,-402.0
-94.0,1106.0,97.0,245.0,,-811.0,395.0,225.0,496.0,-505.0
-140.0,2116.0,77.0,501.0,,-644.0,409.0,299.0,287.0,-592.0
-184.0,2078.0,42.0,619.0,,-574.0,410.0,242.0,405.0,-497.0
-205.0,1454.0,56.0,643.0,,-640.0,335.0,363.0,280.0,-389.0
-222.0,947.0,46.0,662.0,,-669.0,235.0,515.0,423.0,-272.0
-226.0,760.0,135.0,629.0,,-496.0,218.0,515.0,136.0,-44.0
-254.0,632.0,131.0,498.0,,-385.0,246.0,561.0,223.0,149.0
-267.0,-606.0,150.0,314.0,,-592.0,218.0,375.0,110.0,242.0
-288.0,-1601.0,145.0,204.0,,-615.0,201.0,356.0,-155.0,415.0
-328.0,-1992.0,88.0,142.0,,-356.0,211.0,242.0,166.0,703.0
-292.0,-2767.0,95.0,83.0,,-368.0,286.0,72.0,-245.0,714.0
-184.0,-2870.0,47.0,103.0,,-740.0,383.0,42.0,35.0,521.0
-127.0,-2318.0,79.0,182.0,,-835.0,450.0,-7.0,24.0,413.0
-129.0,-1886.0,98.0,206.0,,-479.0,491.0,86.0,-280.0,340.0
-23.0,-1353.0,131.0,197.0,,-323.0,473.0,57.0,-184.0,113.0
72.0,-399.0,195.0,143.0,,-488.0,453.0,203.0,-348.0,-115.0
111.0,127.0,253.0,61.0,,-535.0,400.0,282.0,-140.0,-263.0
123.0,86.0,334.0,30.0,,-368.0,342.0,218.0,-266.0,-482.0
144.0,660.0,344.0,-18.0,,-411.0,254.0,299.0,-254.0,-642.0
190.0,446.0,385.0,-76.0,,-540.0,158.0,206.0,-40.0,-719.0
205.0,-104.0,397.0,-158.0,,-302.0,115.0,195.0,-101.0,-748.0
147.0,362.0,372.0,-369.0,,-80.0,57.0,103.0,-69.0,-924.0
56.0,648.0,352.0,-467.0,,-210.0,12.0,171.0,-215.0,-1020.0
41.0,983.0,336.0,-451.0,,-283.0,-40.0,334.0,-439.0,-903.0
3.0,1919.0,244.0,-432.0,,-44.0,-98.0,330.0,-346.0,-889.0
-83.0,2301.0,156.0,-304.0,,-88.0,-79.0,550.0,-155.0,-920.0
-165.0,2045.0,128.0,-152.0,,-424.0,52.0,550.0,-252.0,-892.0
-189.0,1977.0,124.0,-32.0,,-341.0,160.0,509.0,-154.0,-744.0
-208.0,1820.0,235.0,30.0,,16.0,152.0,419.0,94.0,-745.0
-214.0,1075.0,279.0,145.0,,9.0,116.0,251.0,-4.0,-840.0
-194.0,-674.0,333.0,361.0,,-244.0,114.0,144.0,219.0,-767.0
-206.0,-1593.0,379.0,368.0,,-113.0,124.0,-62.0,397.0,-594.0
-218.0,-1396.0,370.0,219.0,,118.0,71.0,64.0,394.0,-426.0
-199.0,-1727.0,390.0,268.0,,106.0,14.0,236.0,568.0,-325.0
-160.0,-2357.0,379.0,373.0,,175.0,-41.0,467.0,474.0,-122.0
-148.0,-2139.0,399.0,398.0,,351.0,-111.0,679.0,863.0,-27.0
-123.0,-1117.0,424.0,399.0,,377.0,-204.0,753.0,786.0,-88.0
-129.0,-1144.0,390.0,421.0,,185.0,-381.0,831.0,401.0,-25.0
-113.0,-1079.0,383.0,480.0,,56.0,-461.0,678.0,708.0,-89.0
-111.0,-37.0,416.0,413.0,,139.0,-450.0,692.0,416.0,-317.0
-194.0,644.0,351.0,238.0,,139.0,-459.0,559.0,524.0,-434.0
-212.0,656.0,352.0,76.0,,35.0,-434.0,400.0,827.0,-453.0
-200.0,8.0,338.0,116.0,,140.0,-413.0,441.0,274.0,-510.0
-206.0,-90.0,237.0,226.0,,114.0,-386.0,450.0,226.0,-634.0
-255.0,-42.0,229.0,156.0,,-175.0,-319.0,788.0,300.0,-627.0
-300.0,-474.0,285.0,117.0,,-275.0,-256.0,931.0,171.0,-605.0
-330.0,281.0,344.0,133.0,,-172.0,-264.0,942.0,347.0,-679.0
-375.0,945.0,352.0,110.0,,-39.0,-281.0,879.0,301.0,-681.0
-406.0,1064.0,365.0,132.0,,-70.0,-268.0,702.0,253.0,-684.0
-489.0,1367.0,319.0,195.0,,-117.0,-258.0,681.0,134.0,-665.0
-494.0,1734.0,264.0,215.0,,-70.0,-300.0,482.0,318.0,-742.0
-428.0,2365.0,246.0,122.0,,-228.0,-408.0,393.0,279.0,-802.0
-374.0,1670.0,288.0,107.0,,-355.0,-497.0,247.0,-200.0,-712.0
-294.0,956.0,348.0,297.0,,-248.0,-583.0,275.0,159.0,-739.0
-188.0,1200.0,394.0,453.0,,-187.0,-620.0,469.0,91.0,-657.0
-69.0,1051.0,459.0,469.0,,-184.0,-617.0,452.0,-113.0,-446.0
-11.0,378.0,485.0,366.0,,-296.0,-643.0,526.0,-240.0,-270.0
33.0,-76.0,551.0,252.0,,-411.0,-675.0,413.0,-151.0,-104.0
47.0,-513.0,576.0,201.0,,-335.0,-675.0,386.0,289.0,44.0
44.0,-1136.0,569.0,131.0,,-333.0,-624.0,275.0,-80.0,206.0
98.0,-937.0,550.0,-5.0,,-381.0,-623.0,214.0,202.0,311.0
98.0,-964.0,490.0,-226.0,,-344.0,-661.0,389.0,235.0,307.0
61.0,-1371.0,415.0,-425.0,,-143.0,-648.0,419.0,-124.0,228.0
30.0,-1617.0,339.0,-559.0,,-91.0,-618.0,641.0,-17.0,223.0
41.0,-1416.0,230.0,-685.0,,-325.0,-610.0,668.0,-244.0,256.0
43.0,-1387.0,117.0,-672.0,,-298.0,-564.0,609.0,-283.0,288.0
-9.0,-1727.0,94.0,-553.0,,-176.0,-538.0,423.0,-278.0,324.0
-60.0,-1543.0,16.0,-412.0,,-199.0,-590.0,160.0,-244.0,212.0
-106.0,-1374.0,-56.0,-245.0,,-346.0,-618.0,286.0,-91.0,121.0
-77.0,-465.0,-65.0,4.0,,-412.0,-623.0,277.0,-67.0,164.0
-99.0,462.0,-51.0,296.0,,-260.0,-595.0,334.0,-291.0,127.0
-173.0,807.0,-47.0,292.0,,-190.0,-530.0,402.0,221.0,42.0
-181.0,1105.0,51.0,276.0,,-148.0,-455.0,489.0,269.0,5.0
-139.0,1080.0,182.0,425.0,,-77.0,-469.0,600.0,-308.0,-15.0
-109.0,1410.0,268.0,390.0,,23.0,-542.0,569.0,-135.0,-59.0
-132.0,1661.0,407.0,175.0,,28.0,-545.0,761.0,-162.0,-102.0
-118.0,1675.0,480.0,-34.0,,-29.0,-562.0,755.0,231.0,-128.0
-105.0,1155.0,541.0,-118.0,,66.0,-604.0,790.0,13.0,-292.0
-52.0,392.0,626.0,-172.0,,156.0,-684.0,781.0,-101.0,-445.0
-49.0,649.0,660.0,-236.0,,37.0,-810.0,648.0,156.0,-380.0
-84.0,511.0,589.0,-252.0,,-232.0,-934.0,630.0,131.0,-329.0
-69.0,-311.0,566.0,-196.0,,-123.0,-1044.0,421.0,657.0,-428.0
-30.0,-384.0,523.0,-196.0,,187.0,-1110.0,484.0,211.0,-425.0
-18.0,23.0,450.0,-303.0,,189.0,-1167.0,443.0,-177.0,-272.0
-52.0,78.0,416.0,-313.0,,131.0,-1212.0,399.0,-232.0,-215.0
21.0,-161.0,301.0,-140.0,,219.0,-1209.0,484.0,20.0,-192.0
30.0,-175.0,232.0,0.0,,243.0,-1151.0,424.0,478.0,-93.0
44.0,-91.0,125.0,95.0,,41.0,-1070.0,463.0,45.0,-63.0
110.0,-937.0,-12.0,294.0,,48.0,-967.0,254.0,-179.0,-135.0
119.0,-1427.0,-31.0,304.0,,160.0,-827.0,208.0,243.0,-169.0
137.0,-375.0,-7.0,167.0,,13.0,-663.0,49.0,526.0,-205.0
153.0,-571.0,-58.0,107.0,,-41.0,-465.0,-206.0,621.0,-317.0
167.0,-893.0,-41.0,91.0,,196.0,-313.0,-251.0,401.0,-402.0
93.0,418.0,28.0,121.0,,296.0,-252.0,-410.0,-228.0,-420.0
8.0,963.0,21.0,94.0,,0.0,-297.0,-275.0,-3.0,-452.0
-39.0,859.0,37.0,24.0,,-166.0,-430.0,-243.0,20.0,-452.0
-95.0,1413.0,100.0,110.0,,41.0,-608.0,-134.0,-207.0,-372.0
-202.0,2192.0,122.0,282.0,,128.0,-825.0,83.0,-303.0,-273.0
-336.0,1636.0,132.0,353.0,,-154.0,-1015.0,225.0,-293.0,-149.0
-386.0,738.0,268.0,451.0,,-207.0,-1151.0,624.0,198.0,-25.0
-392.0,576.0,326.0,619.0,,-83.0,-1224.0,822.0,-114.0,94.0
-421.0,179.0,377.0,630.0,,-166.0,-1233.0,918.0,-155.0,181.0
-519.0,-30.0,466.0,386.0,,-354.0,-1184.0,753.0,-396.0,237.0
-536.0,-299.0,465.0,150.0,,-487.0,-1137.0,554.0,-112.0,264.0
-444.0,-418.0,495.0,36.0,,-298.0,-1109.0,509.0,746.0,213.0
-440.0,-672.0,482.0,-43.0,,-249.0,-1048.0,380.0,45.0,66.0
-427.0,-1475.0,404.0,-17.0,,-358.0,-1022.0,546.0,218.0,-123.0
-409.0,-1800.0,291.0,62.0,,-320.0,-1010.0,609.0,636.0,-171.0
-428.0,-1407.0,276.0,105.0,,-304.0,-995.0,652.0,270.0,-163.0
-366.0,-842.0,219.0,138.0,,-473.0,-965.0,681.0,495.0,-194.0
-288.0,-800.0,178.0,218.0,,-561.0,-872.0,718.0,234.0,-226.0
-241.0,-411.0,268.0,291.0,,-388.0,-807.0,964.0,-232.0,-192.0
-173.0,32.0,242.0,429.0,,-465.0,-815.0,905.0,-51.0,-97.0
-55.0,158.0,287.0,512.0,,-590.0,-828.0,877.0,185.0,-109.0
24.0,357.0,315.0,451.0,,-528.0,-788.0,740.0,497.0,-45.0
82.0,722.0,336.0,442.0,,-385.0,-727.0,393.0,644.0,17.0
102.0,1772.0,347.0,349.0,,-338.0,-715.0,0.0,385.0,-78.0
37.0,2242.0,300.0,261.0,,-365.0,-684.0,-412.0,310.0,-105.0
-11.0,2323.0,333.0,207.0,,-335.0,-632.0,-421.0,430.0,-87.0
-65.0,2321.0,248.0,191.0,,-390.0,-633.0,-419.0,397.0,-158.0
-156.0,1934.0,180.0,257.0,,-350.0,-649.0,-181.0,25.0,-254.0
-285.0,1787.0,116.0,155.0,,-452.0,-693.0,218.0,-121.0,-209.0
-384.0,1060.0,39.0,24.0,,-534.0,-758.0,478.0,-125.0,-183.0
-433.0,-3.0,-50.0,58.0,,-462.0,-797.0,766.0,-243.0,-228.0
-552.0,-528.0,-107.0,180.0,,-555.0,-772.0,833.0,-35.0,-125.0
-632.0,-528.0,-127.0,291.0,,-613.0,-733.0,849.0,-59.0,80.0
-623.0,-284.0,-212.0,332.0,,-642.0,-719.0,502.0,-420.0,224.0
-604.0,252.0,-179.0,363.0,,-625.0,-691.0,118.0,-854.0,283.0
-492.0,594.0,-211.0,534.0,,-606.0,-658.0,-24.0,-392.0,340.0
-430.0,588.0,-161.0,674.0,,-699.0,-635.0,-99.0,295.0,379.0
-356.0,1180.0,-67.0,711.0,,-857.0,-657.0,51.0,-587.0,364.0
-209.0,1577.0,-52.0,763.0,,-907.0,-677.0,-12.0,-956.0,288.0
-138.0,1397.0,-21.0,695.0,,-775.0,-604.0,42.0,-355.0,146.0
-130.0,795.0,-31.0,451.0,,-875.0,-473.0,-22.0,-95.0,-72.0
-136.0,384.0,-1.0,104.0,,-999.0,-362.0,-291.0,44.0,-199.0
-41.0,604.0,15.0,-107.0,,-945.0,-249.0,-362.0,-219.0,-192.0
6.0,205.0,99.0,-306.0,,-1040.0,-204.0,-593.0,-13.0,-298.0
41.0,-565.0,150.0,-563.0,,-1022.0,-251.0,-589.0,248.0,-460.0
29.0,-859.0,262.0,-577.0,,-955.0,-295.0,-378.0,247.0,-614.0
-34.0,-824.0,355.0,-433.0,,-963.0,-324.0,53.0,440.0,-741.0
-23.0,-636.0,402.0,-261.0,,-1007.0,-344.0,535.0,-91.0,-779.0
-84.0,-699.0,456.0,-178.0,,-1113.0,-389.0,825.0,-33.0,-833.0
-161.0,-698.0,419.0,-65.0,,-1109.0,-484.0,1197.0,313.0,-844.0
-213.0,326.0,365.0,192.0,,-1150.0,-621.0,1138.0,226.0,-809.0
-233.0,886.0,263.0,340.0,,-1106.0,-693.0,777.0,556.0,-763.0
-235.0,312.0,272.0,419.0,,-994.0,-720.0,194.0,131.0,-621.0
-264.0,-355.0,148.0,501.0,,-931.0,-763.0,-303.0,-420.0,-479.0
-349.0,-1245.0,98.0,522.0,,-982.0,-773.0,-563.0,485.0,-466.0
-397.0,-1686.0,91.0,408.0,,-1198.0,-757.0,-805.0,521.0,-509.0
-355.0,-1542.0,4.0,123.0,,-1128.0,-706.0,-454.0,-418.0,-417.0
-295.0,-1027.0,23.0,-94.0,,-960.0,-654.0,-57.0,-51.0,-300.0
-213.0,-525.0,-46.0,-92.0,,-1006.0,-598.0,249.0,-42.0,-231.0
-151.0,-718.0,-55.0,-88.0,,-1088.0,-586.0,480.0,104.0,-152.0
-49.0,-29.0,-156.0,-127.0,,-911.0,-568.0,408.0,-160.0,-14.0
29.0,1132.0,-155.0,-96.0,,-648.0,-471.0,223.0,-706.0,228.0
-6.0,1298.0,-94.0,-116.0,,-842.0,-356.0,-105.0,1.0,410.0
-58.0,1790.0,-101.0,-109.0,,-1014.0,-178.0,16.0,-199.0,570.0
-78.0,2278.0,-4.0,-89.0,,-832.0,-3.0,284.0,-376.0,653.0
-90.0,2524.0,20.0,-79.0,,-719.0,132.0,641.0,-684.0,694.0
-112.0,2484.0,103.0,24.0,,-752.0,305.0,1103.0,-617.0,768.0
-231.0,1503.0,223.0,130.0,,-785.0,446.0,1086.0,-217.0,728.0
-315.0,1218.0,275.0,257.0,,-784.0,523.0,685.0,-686.0,656.0
-282.0,512.0,321.0,301.0,,-826.0,567.0,-179.0,-639.0,550.0
-298.0,-1720.0,371.0,282.0,,-834.0,514.0,-822.0,-625.0,503.0
-354.0,-2411.0,315.0,107.0,,-734.0,387.0,-1106.0,-329.0,477.0
-390.0,-2861.0,272.0,-146.0,,-658.0,254.0,-1056.0,-123.0,367.0
-391.0,-4454.0,284.0,-170.0,,-888.0,48.0,-404.0,-401.0,299.0
-398.0,-4507.0,232.0,-207.0,,-1063.0,-157.0,304.0,-233.0,300.0
-380.0,-3283.0,211.0,-331.0,,-786.0,-308.0,1031.0,488.0,273.0
-360.0,-2400.0,165.0,-350.0,,-706.0,-391.0,1260.0,376.0,276.0
-320.0,-3005.0,130.0,-254.0,,-915.0,-386.0,979.0,16.0,343.0
-248.0,-2948.0,109.0,-233.0,,-826.0,-372.0,373.0,504.0,298.0
-168.0,-1203.0,60.0,-200.0,,-482.0,-300.0,-521.0,807.0,196.0
-100.0,-152.0,2.0,-25.0,,-486.0,-168.0,-890.0,1082.0,172.0
-108.0,395.0,-55.0,173.0,,-776.0,10.0,-853.0,731.0,253.0
-102.0,536.0,-37.0,364.0,,-699.0,202.0,-443.0,729.0,277.0
-120.0,1379.0,-70.0,352.0,,-517.0,380.0,75.0,591.0,209.0
-136.0,1936.0,-89.0,116.0,,-550.0,519.0,415.0,220.0,219.0
-167.0,1307.0,0.0,-75.0,,-604.0,587.0,400.0,179.0,236.0
-230.0,1550.0,50.0,-177.0,,-619.0,649.0,-282.0,-162.0,153.0
-245.0,998.0,128.0,-207.0,,-533.0,679.0,-946.0,204.0,124.0
-238.0,641.0,214.0,-232.0,,-464.0,719.0,-1478.0,-330.0,188.0
-287.0,1178.0,238.0,-299.0,,-419.0,786.0,-1529.0,-799.0,131.0
-338.0,532.0,288.0,-274.0,,-391.0,835.0,-1023.0,-404.0,75.0
-256.0,-320.0,320.0,-267.0,,-465.0,875.0,-297.0,-684.0,203.0
-205.0,-912.0,323.0,-239.0,,-611.0,879.0,554.0,-1044.0,417.0
-183.0,-1020.0,300.0,-176.0,,-613.0,886.0,602.0,-1020.0,481.0
-158.0,-1552.0,283.0,-252.0,,-316.0,946.0,33.0,-757.0,571.0
-89.0,-1663.0,253.0,-262.0,,-226.0,1027.0,-838.0,-589.0,770.0
-12.0,-1361.0,183.0,-19.0,,-331.0,1075.0,-1605.0,-680.0,816.0
-8.0,-2278.0,162.0,276.0,,-380.0,1075.0,-1757.0,-645.0,934.0
47.0,-967.0,102.0,338.0,,-354.0,1025.0,-1431.0,39.0,1131.0
93.0,245.0,85.0,306.0,,-179.0,966.0,-583.0,69.0,1212.0
127.0,-722.0,110.0,381.0,,-209.0,897.0,27.0,-215.0,1184.0
120.0,-324.0,72.0,536.0,,-388.0,789.0,352.0,175.0,1191.0
77.0,-96.0,151.0,495.0,,-410.0,691.0,413.0,384.0,1160.0
11.0,-207.0,209.0,245.0,,-204.0,635.0,190.0,141.0,1059.0
3.0,-279.0,232.0,183.0,,-11.0,593.0,12.0,-104.0,1025.0
-4.0,-87.0,288.0,228.0,,-162.0,608.0,-369.0,57.0,924.0
-53.0,760.0,269.0,137.0,,-386.0,732.0,-537.0,5.0,812.0
-33.0,100.0,270.0,-128.0,,-356.0,866.0,-644.0,20.0,745.0
-55.0,-356.0,247.0,-339.0,,-181.0,974.0,-631.0,-383.0,789.0
-83.0,155.0,221.0,-412.0,,-60.0,1092.0,-436.0,-768.0,770.0
-104.0,885.0,160.0,-482.0,,-30.0,1162.0,-473.0,22.0,665.0
-78.0,1356.0,83.0,-543.0,,-30.0,1149.0,-456.0,-204.0,625.0
-106.0,999.0,116.0,-588.0,,-18.0,1078.0,-585.0,-477.0,532.0
-148.0,2348.0,124.0,-520.0,,12.0,1007.0,-618.0,-80.0,521.0
-139.0,3078.0,113.0,-353.0,,6.0,961.0,-685.0,-634.0,538.0
-92.0,1955.0,115.0,-155.0,,-25.0,930.0,-800.0,-99.0,516.0
-19.0,1595.0,130.0,-55.0,,-102.0,906.0,-528.0,-59.0,531.0
-51.0,1189.0,104.0,-79.0,,-129.0,916.0,-386.0,-1150.0,676.0
1.0,423.0,74.0,-33.0,,14.0,999.0,-240.0,-251.0,823.0
85.0,-327.0,77.0,4.0,,54.0,1040.0,-179.0,-357.0,791.0
134.0,-401.0,102.0,-24.0,,-26.0,974.0,-133.0,-701.0,812.0
143.0,-1173.0,144.0,-86.0,,-50.0,932.0,-144.0,343.0,830.0
135.0,-2378.0,176.0,-256.0,,-8.0,945.0,-351.0,-399.0,740.0
179.0,-2417.0,230.0,-366.0,,2.0,990.0,-339.0,-485.0,585.0
196.0,-2417.0,242.0,-295.0,,18.0,1031.0,-600.0,-37.0,386.0
162.0,-2812.0,259.0,-229.0,,244.0,1078.0,-866.0,-116.0,160.0
106.0,-2732.0,260.0,-229.0,,333.0,1125.0,-1093.0,375.0,-51.0
103.0,-2205.0,275.0,-268.0,,171.0,1128.0,-1295.0,52.0,-104.0
108.0,-2666.0,288.0,-137.0,,194.0,1145.0,-1269.0,-160.0,-182.0
53.0,-2065.0,236.0,115.0,,375.0,1143.0,-1237.0,98.0,-280.0
-55.0,-992.0,227.0,96.0,,448.0,1104.0,-681.0,406.0,-248.0
-96.0,-1871.0,294.0,-104.0,,373.0,1117.0,-195.0,69.0,-117.0
-100.0,-1733.0,303.0,-185.0,,395.0,1115.0,107.0,-491.0,-26.0
-97.0,-522.0,311.0,-191.0,,598.0,1061.0,356.0,-363.0,-5.0
-89.0,-154.0,382.0,-347.0,,595.0,1029.0,229.0,-372.0,107.0
-112.0,137.0,361.0,-558.0,,477.0,961.0,-44.0,-403.0,225.0
-112.0,303.0,398.0,-608.0,,557.0,897.0,-574.0,-267.0,362.0
-8.0,473.0,428.0,-552.0,,528.0,895.0,-888.0,-595.0,475.0
36.0,675.0,424.0,-536.0,,303.0,933.0,-1075.0,-1000.0,496.0
-92.0,2084.0,389.0,-408.0,,273.0,1004.0,-1060.0,-162.0,469.0
-110.0,2193.0,349.0,-249.0,,573.0,1021.0,-770.0,170.0,452.0
-91.0,370.0,338.0,-289.0,,652.0,1055.0,-641.0,-197.0,421.0
-54.0,1823.0,229.0,-261.0,,419.0,1074.0,-511.0,-39.0,378.0
-50.0,2730.0,185.0,-43.0,,421.0,1033.0,-652.0,-170.0,361.0
-80.0,2641.0,120.0,155.0,,509.0,1037.0,-641.0,253.0,307.0
-30.0,2776.0,-17.0,44.0,,546.0,1023.0,-552.0,589.0,331.0
44.0,2209.0,-40.0,-241.0,,667.0,981.0,-498.0,86.0,393.0
155.0,2271.0,-67.0,-294.0,,813.0,888.0,-120.0,129.0,423.0
183.0,1502.0,-112.0,-192.0,,660.0,786.0,188.0,93.0,354.0
243.0,734.0,-51.0,-240.0,,260.0,718.0,641.0,249.0,283.0
301.0,-806.0,-39.0,-406.0,,219.0,656.0,921.0,239.0,243.0
329.0,-1557.0,13.0,-359.0,,467.0,653.0,933.0,-776.0,217.0
359.0,-2009.0,68.0,-113.0,,565.0,712.0,652.0,-660.0,210.0
420.0,-2952.0,58.0,79.0,,485.0,802.0,-201.0,-314.0,154.0
496.0,-2599.0,54.0,252.0,,432.0,863.0,-971.0,-257.0,160.0
556.0,-2599.0,97.0,393.0,,469.0,960.0,-1489.0,-455.0,142.0
650.0,-3268.0,140.0,434.0,,457.0,1109.0,-1592.0,-1161.0,150.0
622.0,-3312.0,83.0,377.0,,396.0,1196.0,-1395.0,-865.0,80.0
590.0,-2183.0,149.0,242.0,,527.0,1202.0,-1012.0,-643.0,0.0
562.0,-2484.0,221.0,166.0,,628.0,1149.0,-580.0,-948.0,-24.0
522.0,-2426.0,181.0,218.0,,505.0,1099.0,-493.0,-1035.0,-105.0
444.0,-1251.0,180.0,341.0,,439.0,1012.0,-282.0,-890.0,-137.0
305.0,-621.0,203.0,419.0,,438.0,868.0,9.0,-485.0,-213.0
177.0,-297.0,218.0,491.0,,418.0,754.0,426.0,-362.0,-166.0
100.0,-963.0,293.0,384.0,,255.0,673.0,803.0,-197.0,-131.0
100.0,-1410.0,313.0,17.0,,124.0,588.0,859.0,-149.0,-194.0
-26.0,-2168.0,281.0,-197.0,,142.0,479.0,903.0,-529.0,-216.0
-109.0,-2179.0,276.0,-141.0,,274.0,362.0,450.0,264.0,-268.0
-105.0,-1188.0,230.0,-115.0,,571.0,282.0,-46.0,256.0,-281.0
-104.0,-356.0,164.0,-364.0,,650.0,246.0,-362.0,-201.0,-229.0
-143.0,261.0,103.0,-501.0,,578.0,267.0,-676.0,300.0,-178.0
-201.0,1181.0,6.0,-311.0,,632.0,301.0,-794.0,-119.0,-253.0
-126.0,2306.0,-80.0,-222.0,,639.0,317.0,-940.0,217.0,-192.0
-45.0,1443.0,-117.0,-245.0,,629.0,384.0,-702.0,356.0,-28.0
1.0,1163.0,-259.0,-224.0,,525.0,486.0,-517.0,12.0,-56.0
5.0,1658.0,-281.0,-161.0,,383.0,596.0,-417.0,40.0,-48.0
103.0,1122.0,-328.0,-105.0,,375.0,704.0,-109.0,-134.0,39.0
224.0,746.0,-399.0,-184.0,,340.0,805.0,53.0,-35.0,42.0
283.0,537.0,-325.0,-311.0,,356.0,878.0,312.0,-124.0,21.0
321.0,613.0,-344.0,-421.0,,265.0,888.0,386.0,-230.0,121.0
337.0,444.0,-266.0,-525.0,,176.0,875.0,454.0,-170.0,213.0
387.0,337.0,-155.0,-583.0,,362.0,805.0,373.0,577.0,273.0
337.0,687.0,-61.0,-552.0,,593.0,675.0,48.0,615.0,400.0
270.0,488.0,25.0,-387.0,,764.0,509.0,-229.0,95.0,494.0
237.0,-41.0,104.0,-254.0,,454.0,367.0,-591.0,393.0,519.0
194.0,-150.0,276.0,-184.0,,-2.0,267.0,-615.0,520.0,504.0
88.0,-73.0,349.0,-103.0,,108.0,141.0,-558.0,440.0,497.0
15.0,-391.0,398.0,-49.0,,354.0,9.0,-245.0,448.0,377.0
6.0,-476.0,473.0,-169.0,,409.0,-87.0,147.0,664.0,249.0
-60.0,614.0,442.0,-356.0,,493.0,-93.0,243.0,270.0,187.0
-153.0,1021.0,412.0,-188.0,,709.0,-82.0,447.0,346.0,-32.0
-131.0,562.0,393.0,48.0,,856.0,-45.0,297.0,674.0,-192.0
-13.0,768.0,318.0,20.0,,816.0,51.0,51.0,-217.0,-152.0
-33.0,1090.0,275.0,-44.0,,818.0,129.0,-269.0,-407.0,-149.0
-94.0,1338.0,194.0,-120.0,,980.0,230.0,-569.0,60.0,-208.0
-42.0,956.0,77.0,-131.0,,1157.0,329.0,-668.0,-249.0,-108.0
60.0,343.0,-10.0,-96.0,,1227.0,397.0,-800.0,-608.0,107.0
55.0,841.0,-165.0,-200.0,,1261.0,469.0,-445.0,-622.0,296.0
60.0,462.0,-268.0,-298.0,,1208.0,538.0,-72.0,-834.0,465.0
123.0,-878.0,-357.0,-412.0,,975.0,568.0,236.0,-649.0,590.0
235.0,-474.0,-462.0,-671.0,,903.0,539.0,423.0,-690.0,662.0
337.0,-732.0,-445.0,-896.0,,1138.0,419.0,339.0,-706.0,699.0
303.0,-1077.0,-415.0,-896.0,,1283.0,250.0,219.0,-416.0,760.0
281.0,-514.0,-398.0,-711.0,,1212.0,68.0,-16.0,-552.0,785.0
260.0,-125.0,-282.0,-664.0,,1210.0,-134.0,97.0,-29.0,740.0
242.0,695.0,-193.0,-645.0,,1236.0,-289.0,158.0,230.0,630.0
159.0,185.0,-137.0,-532.0,,1037.0,-426.0,219.0,380.0,522.0
112.0,54.0,-24.0,-529.0,,888.0,-504.0,400.0,557.0,466.0
92.0,81.0,32.0,-493.0,,1029.0,-546.0,402.0,421.0,372.0
19.0,-352.0,117.0,-264.0,,1047.0,-624.0,384.0,1009.0,197.0
5.0,-491.0,134.0,-60.0,,864.0,-672.0,-18.0,1101.0,10.0
-20.0,-412.0,164.0,-118.0,,918.0,-682.0,-375.0,921.0,-36.0
-110.0,0.0,162.0,-295.0,,1205.0,-620.0,-633.0,967.0,-175.0
-212.0,322.0,41.0,-323.0,,1260.0,-439.0,-770.0,829.0,-335.0
-216.0,943.0,1.0,-157.0,,1125.0,-213.0,-565.0,1039.0,-421.0
-237.0,418.0,-20.0,-86.0,,1143.0,-35.0,-317.0,1333.0,-561.0
-253.0,608.0,-12.0,-259.0,,1172.0,111.0,109.0,1042.0,-596.0
-234.0,1529.0,-30.0,-334.0,,969.0,232.0,254.0,452.0,-612.0
-226.0,1576.0,-57.0,-141.0,,634.0,249.0,297.0,474.0,-628.0
-134.0,1993.0,-72.0,-11.0,,621.0,177.0,399.0,611.0,-682.0
-27.0,2788.0,-11.0,-123.0,,795.0,71.0,362.0,429.0,-644.0
-19.0,2996.0,39.0,-262.0,,757.0,-23.0,375.0,12.0,-547.0
32.0,2812.0,46.0,-207.0,,777.0,-118.0,127.0,-207.0,-538.0
152.0,2395.0,104.0,-155.0,,964.0,-239.0,-142.0,137.0,-429.0
187.0,1701.0,138.0,-267.0,,1008.0,-328.0,-441.0,-108.0,-295.0
174.0,1369.0,100.0,-350.0,,885.0,-336.0,-576.0,-373.0,-190.0
211.0,-100.0,63.0,-439.0,,1053.0,-297.0,-306.0,-54.0,-163.0
288.0,-781.0,59.0,-525.0,,1198.0,-249.0,-77.0,-489.0,-63.0
235.0,-860.0,-3.0,-519.0,,968.0,-248.0,325.0,-650.0,-19.0
173.0,-1750.0,-51.0,-276.0,,918.0,-321.0,715.0,93.0,-121.0
174.0,-1760.0,-99.0,-32.0,,998.0,-416.0,1045.0,-151.0,-111.0
167.0,-1539.0,-64.0,-94.0,,1016.0,-528.0,1193.0,-530.0,-181.0
121.0,-2031.0,-68.0,-34.0,,939.0,-619.0,1051.0,-176.0,-364.0
139.0,-2591.0,-94.0,308.0,,826.0,-651.0,1014.0,-390.0,-530.0
177.0,-1713.0,-45.0,514.0,,949.0,-623.0,713.0,-30.0,-607.0
118.0,-960.0,-17.0,332.0,,1093.0,-525.0,456.0,171.0,-725.0
96.0,-1007.0,-7.0,147.0,,1197.0,-434.0,290.0,-605.0,-855.0
52.0,-1182.0,32.0,245.0,,1235.0,-370.0,22.0,116.0,-892.0
34.0,-675.0,71.0,318.0,,1289.0,-294.0,-166.0,386.0,-890.0
-51.0,-245.0,24.0,224.0,,1264.0,-205.0,-356.0,-331.0,-739.0
-117.0,-801.0,54.0,147.0,,1016.0,-102.0,-284.0,80.0,-513.0
-107.0,-538.0,56.0,148.0,,915.0,-21.0,-325.0,-210.0,-261.0
-154.0,-278.0,21.0,157.0,,776.0,4.0,-240.0,-366.0,26.0
-178.0,-621.0,78.0,100.0,,647.0,-29.0,40.0,366.0,385.0
-240.0,-1338.0,89.0,-14.0,,671.0,-129.0,184.0,-33.0,677.0
-240.0,-1228.0,46.0,-27.0,,721.0,-287.0,469.0,-309.0,812.0
-194.0,-297.0,105.0,0.0,,718.0,-434.0,628.0,20.0,923.0
-137.0,-676.0,48.0,-31.0,,603.0,-539.0,846.0,-168.0,991.0
-76.0,-927.0,10.0,-40.0,,669.0,-626.0,787.0,134.0,967.0
29.0,-251.0,31.0,44.0,,689.0,-652.0,493.0,530.0,878.0
175.0,-112.0,-70.0,38.0,,661.0,-615.0,264.0,132.0,823.0
206.0,-692.0,-81.0,-153.0,,661.0,-549.0,-90.0,17.0,666.0
219.0,-635.0,-145.0,-245.0,,489.0,-483.0,-158.0,-21.0,523.0
282.0,558.0,-157.0,-110.0,,462.0,-389.0,-195.0,14.0,438.0
351.0,277.0,-172.0,-31.0,,488.0,-266.0,51.0,275.0,246.0
335.0,-620.0,-171.0,-204.0,,582.0,-214.0,327.0,213.0,29.0
329.0,-402.0,-146.0,-130.0,,630.0,-259.0,485.0,-100.0,-171.0
336.0,-1134.0,-164.0,163.0,,507.0,-396.0,859.0,-259.0,-212.0
270.0,-1264.0,-108.0,194.0,,663.0,-571.0,886.0,-212.0,-295.0
263.0,-557.0,-92.0,120.0,,883.0,-761.0,901.0,-902.0,-463.0
267.0,113.0,-83.0,147.0,,966.0,-987.0,783.0,-937.0,-547.0
229.0,973.0,-65.0,243.0,,955.0,-1160.0,702.0,-875.0,-590.0
209.0,1145.0,7.0,109.0,,966.0,-1273.0,716.0,-1344.0,-540.0
222.0,1850.0,15.0,-188.0,,1038.0,-1361.0,497.0,-1286.0,-453.0
226.0,1778.0,18.0,-245.0,,945.0,-1371.0,480.0,-1389.0,-375.0
191.0,1307.0,92.0,-100.0,,872.0,-1282.0,317.0,-1093.0,-321.0
157.0,1686.0,160.0,-122.0,,979.0,-1120.0,253.0,-928.0,-239.0
96.0,1718.0,212.0,-269.0,,1045.0,-892.0,273.0,-659.0,-156.0
122.0,1449.0,212.0,-220.0,,932.0,-643.0,291.0,-511.0,-132.0
200.0,853.0,224.0,-76.0,,953.0,-423.0,406.0,21.0,-257.0
181.0,416.0,192.0,31.0,,1182.0,-249.0,332.0,750.0,-475.0
201.0,263.0,215.0,183.0,,1152.0,-146.0,533.0,489.0,-584.0
325.0,602.0,204.0,415.0,,1063.0,-85.0,630.0,429.0,-711.0
467.0,771.0,157.0,567.0,,1255.0,-80.0,650.0,807.0,-905.0
474.0,819.0,180.0,570.0,,1092.0,-186.0,700.0,1182.0,-1062.0
459.0,936.0,128.0,618.0,,586.0,-381.0,613.0,717.0,-1121.0
480.0,1270.0,141.0,677.0,,435.0,-654.0,546.0,446.0,-1104.0
438.0,868.0,158.0,477.0,,641.0,-969.0,262.0,403.0,-1039.0
418.0,-483.0,111.0,245.0,,778.0,-1204.0,188.0,1015.0,-875.0
374.0,-486.0,115.0,227.0,,693.0,-1333.0,51.0,909.0,-648.0
341.0,-252.0,88.0,214.0,,762.0,-1385.0,-158.0,62.0,-434.0
336.0,-145.0,19.0,86.0,,780.0,-1334.0,-291.0,599.0,-228.0
322.0,-371.0,-13.0,-193.0,,409.0,-1222.0,-476.0,400.0,-58.0
257.0,-249.0,2.0,-411.0,,95.0,-1070.0,-339.0,48.0,-44.0
176.0,18.0,-23.0,-488.0,,254.0,-890.0,-293.0,-16.0,-68.0
170.0,321.0,-17.0,-427.0,,443.0,-712.0,-44.0,42.0,-14.0
164.0,906.0,-8.0,-261.0,,193.0,-574.0,345.0,-139.0,-74.0
170.0,750.0,-98.0,-162.0,,-76.0,-496.0,668.0,6.0,-232.0
184.0,1237.0,-81.0,-17.0,,13.0,-395.0,1162.0,144.0,-245.0
222.0,1342.0,-141.0,128.0,,328.0,-259.0,1411.0,-203.0,-190.0
272.0,1859.0,-217.0,231.0,,561.0,-177.0,1555.0,176.0,-268.0
318.0,2090.0,-141.0,236.0,,629.0,-137.0,1346.0,-64.0,-298.0
335.0,1311.0,-120.0,234.0,,582.0,-119.0,1071.0,104.0,-264.0
308.0,1122.0,-119.0,269.0,,361.0,-127.0,849.0,338.0,-293.0
373.0,1388.0,-115.0,142.0,,233.0,-131.0,434.0,421.0,-234.0
478.0,1953.0,-149.0,-33.0,,367.0,-208.0,214.0,249.0,-60.0
525.0,1561.0,-197.0,-188.0,,352.0,-309.0,-114.0,-60.0,107.0
504.0,812.0,-165.0,-215.0,,225.0,-412.0,-223.0,200.0,169.0
481.0,338.0,-243.0,-157.0,,225.0,-538.0,-286.0,-215.0,223.0
499.0,-40.0,-303.0,-11.0,,273.0,-634.0,-358.0,-103.0,334.0
458.0,-818.0,-299.0,179.0,,123.0,-726.0,-171.0,38.0,388.0
353.0,-1338.0,-348.0,228.0,,-73.0,-799.0,-181.0,-5.0,334.0
280.0,-1476.0,-289.0,235.0,,200.0,-846.0,24.0,-302.0,299.0
268.0,-1515.0,-309.0,254.0,,454.0,-853.0,251.0,-543.0,348.0
247.0,-1095.0,-287.0,301.0,,358.0,-812.0,572.0,-435.0,304.0
234.0,-1587.0,-255.0,310.0,,192.0,-724.0,971.0,-291.0,224.0
203.0,-2238.0,-262.0,166.0,,178.0,-596.0,1263.0,-207.0,179.0
196.0,-1902.0,-215.0,-61.0,,319.0,-452.0,1618.0,-1107.0,185.0
274.0,-1073.0,-209.0,-28.0,,244.0,-345.0,1455.0,-622.0,227.0
243.0,-669.0,-200.0,-131.0,,0.0,-251.0,1175.0,-84.0,282.0
156.0,-198.0,-179.0,-489.0,,-101.0,-169.0,768.0,-893.0,381.0
175.0,696.0,-138.0,-502.0,,-138.0,-135.0,133.0,-1050.0,406.0
233.0,290.0,-135.0,-318.0,,-314.0,-109.0,-417.0,-496.0,438.0
248.0,-176.0,-122.0,-115.0,,-239.0,-199.0,-864.0,-368.0,554.0
270.0,469.0,-146.0,-44.0,,81.0,-359.0,-776.0,-696.0,604.0
320.0,320.0,-201.0,18.0,,87.0,-507.0,-526.0,-504.0,475.0
314.0,-247.0,-170.0,165.0,,-205.0,-659.0,-42.0,-426.0,431.0
320.0,95.0,-182.0,232.0,,-245.0,-750.0,484.0,-37.0,527.0
294.0,893.0,-197.0,335.0,,-6.0,-800.0,689.0,-60.0,482.0
211.0,665.0,-167.0,417.0,,0.0,-797.0,790.0,-396.0,407.0
160.0,-118.0,-115.0,375.0,,-102.0,-762.0,585.0,0.0,395.0
153.0,287.0,-114.0,232.0,,-128.0,-681.0,521.0,48.0,348.0
179.0,1029.0,-89.0,117.0,,-177.0,-552.0,338.0,-358.0,313.0
154.0,901.0,-35.0,30.0,,-208.0,-377.0,79.0,-486.0,384.0
163.0,507.0,-97.0,-106.0,,-197.0,-142.0,88.0,138.0,411.0
182.0,890.0,-38.0,-189.0,,-141.0,58.0,-22.0,209.0,314.0
223.0,1177.0,-56.0,-103.0,,-31.0,220.0,-18.0,31.0,192.0
261.0,896.0,-41.0,64.0,,-8.0,291.0,-81.0,159.0,143.0
222.0,1568.0,60.0,75.0,,16.0,269.0,-24.0,-548.0,74.0
214.0,2152.0,40.0,-114.0,,22.0,190.0,81.0,-41.0,-133.0
258.0,932.0,113.0,-45.0,,-86.0,48.0,131.0,523.0,-321.0
331.0,409.0,109.0,332.0,,-196.0,-81.0,384.0,-344.0,-386.0
304.0,563.0,115.0,589.0,,-311.0,-216.0,452.0,-70.0,-383.0
278.0,-662.0,87.0,697.0,,-272.0,-419.0,567.0,6.0,-382.0
267.0,-2166.0,33.0,600.0,,-246.0,-612.0,552.0,-130.0,-292.0
265.0,-2808.0,51.0,563.0,,-283.0,-706.0,463.0,284.0,-229.0
259.0,-2357.0,12.0,685.0,,-385.0,-741.0,330.0,-290.0,-201.0
210.0,-2243.0,-39.0,611.0,,-459.0,-718.0,42.0,-769.0,-87.0
235.0,-2345.0,-62.0,304.0,,-223.0,-621.0,11.0,-320.0,-12.0
261.0,-2234.0,-125.0,-72.0,,-214.0,-433.0,-138.0,51.0,-31.0
304.0,-1344.0,-171.0,-231.0,,-460.0,-186.0,-177.0,-519.0,-131.0
258.0,-548.0,-181.0,-170.0,,-446.0,50.0,-125.0,-1000.0,-201.0
202.0,-588.0,-240.0,72.0,,-117.0,253.0,-38.0,-435.0,-285.0
187.0,335.0,-173.0,370.0,,44.0,357.0,188.0,-524.0,-327.0
196.0,189.0,-198.0,525.0,,-191.0,402.0,253.0,-891.0,-346.0
214.0,-264.0,-165.0,540.0,,-331.0,406.0,426.0,-789.0,-359.0
155.0,192.0,-112.0,481.0,,-330.0,335.0,334.0,-499.0,-264.0
201.0,428.0,-115.0,427.0,,-347.0,170.0,114.0,-287.0,-214.0
281.0,347.0,-17.0,304.0,,-229.0,-40.0,-35.0,-727.0,-150.0
310.0,-67.0,-29.0,150.0,,-54.0,-185.0,-149.0,-477.0,-94.0
238.0,236.0,25.0,66.0,,-141.0,-318.0,-92.0,-439.0,-17.0
152.0,352.0,33.0,90.0,,-331.0,-434.0,-299.0,-427.0,113.0
111.0,302.0,38.0,69.0,,-214.0,-504.0,-371.0,-157.0,152.0
60.0,-129.0,26.0,32.0,,-150.0,-564.0,-404.0,-417.0,184.0
-31.0,-313.0,-22.0,231.0,,-399.0,-583.0,-402.0,-75.0,268.0
-168.0,937.0,45.0,422.0,,-547.0,-525.0,-182.0,83.0,289.0
-170.0,807.0,34.0,412.0,,-400.0,-412.0,-99.0,-221.0,234.0
-172.0,289.0,6.0,363.0,,-220.0,-287.0,51.0,-423.0,163.0
-257.0,340.0,9.0,495.0,,-363.0,-148.0,-11.0,-256.0,55.0
-325.0,218.0,0.0,711.0,,-455.0,10.0,-5.0,28.0,-39.0
-325.0,741.0,-13.0,733.0,,-223.0,149.0,46.0,-95.0,-123.0
-314.0,554.0,-37.0,616.0,,-77.0,213.0,-29.0,-278.0,-182.0
-340.0,-36.0,1.0,492.0,,-64.0,216.0,72.0,-24.0,-264.0
-311.0,-276.0,13.0,488.0,,-102.0,158.0,25.0,60.0,-373.0
-250.0,126.0,34.0,542.0,,-88.0,104.0,79.0,-5.0,-373.0
-242.0,-115.0,108.0,473.0,,-97.0,87.0,5.0,-352.0,-288.0
-246.0,-383.0,138.0,291.0,,-212.0,27.0,9.0,-184.0,-231.0
-230.0,-563.0,184.0,-21.0,,-172.0,-29.0,168.0,72.0,-150.0
-236.0,-1755.0,198.0,-425.0,,-83.0,-99.0,83.0,-570.0,88.0
-281.0,-846.0,184.0,-692.0,,-306.0,-164.0,177.0,-238.0,303.0
-322.0,-521.0,183.0,-698.0,,-596.0,-179.0,118.0,228.0,442.0
-298.0,-1195.0,180.0,-639.0,,-377.0,-294.0,5.0,530.0,594.0
-249.0,-1201.0,116.0,-602.0,,-135.0,-411.0,-219.0,-199.0,733.0
-240.0,-1132.0,67.0,-534.0,,-409.0,-420.0,-386.0,-511.0,789.0
-278.0,-488.0,-53.0,-446.0,,-653.0,-361.0,-251.0,-1.0,774.0
-177.0,-875.0,-224.0,-258.0,,-449.0,-274.0,-341.0,-368.0,782.0
-80.0,-929.0,-234.0,-69.0,,-222.0,-261.0,-262.0,-196.0,670.0
-143.0,-373.0,-234.0,64.0,,-406.0,-196.0,-299.0,-372.0,535.0
-193.0,137.0,-253.0,256.0,,-514.0,-93.0,-375.0,-233.0,520.0
-190.0,130.0,-282.0,359.0,,-372.0,26.0,-314.0,-378.0,528.0
-119.0,131.0,-235.0,238.0,,-369.0,231.0,-290.0,-524.0,470.0
-185.0,726.0,-172.0,69.0,,-440.0,405.0,-27.0,-400.0,387.0
-276.0,441.0,-116.0,14.0,,-522.0,529.0,-1.0,-578.0,363.0
-312.0,538.0,-21.0,60.0,,-654.0,560.0,55.0,-298.0,406.0
-320.0,863.0,-24.0,55.0,,-933.0,536.0,73.0,-386.0,451.0
-323.0,740.0,5.0,-149.0,,-1121.0,469.0,-60.0,-221.0,383.0
-417.0,309.0,56.0,-367.0,,-901.0,368.0,-153.0,-16.0,307.0
-429.0,205.0,19.0,-446.0,,-748.0,306.0,-400.0,437.0,246.0
-350.0,652.0,60.0,-484.0,,-891.0,207.0,-497.0,481.0,111.0
-268.0,-198.0,47.0,-493.0,,-991.0,31.0,-842.0,121.0,-11.0
-310.0,-325.0,0.0,-370.0,,-849.0,-154.0,-1086.0,285.0,-104.0
-307.0,51.0,17.0,-167.0,,-763.0,-267.0,-1036.0,407.0,-227.0
-207.0,-190.0,-46.0,-154.0,,-920.0,-357.0,-1077.0,869.0,-287.0
-167.0,239.0,-40.0,-283.0,,-939.0,-414.0,-947.0,571.0,-266.0
-86.0,-718.0,-106.0,-367.0,,-992.0,-359.0,-923.0,304.0,-243.0
-45.0,-730.0,-157.0,-453.0,,-1097.0,-278.0,-543.0,564.0,-231.0
-35.0,439.0,-131.0,-465.0,,-1009.0,-174.0,-27.0,639.0,-209.0
17.0,-41.0,-209.0,-239.0,,-912.0,8.0,327.0,677.0,-183.0
23.0,-552.0,-196.0,29.0,,-778.0,252.0,794.0,-30.0,-246.0
-17.0,-151.0,-187.0,137.0,,-709.0,477.0,918.0,109.0,-257.0
-63.0,539.0,-119.0,224.0,,-738.0,627.0,818.0,174.0,-229.0
-32.0,79.0,-36.0,422.0,,-774.0,747.0,461.0,2.0,-352.0
34.0,-63.0,-19.0,652.0,,-784.0,808.0,253.0,187.0,-518.0
27.0,758.0,34.0,580.0,,-750.0,725.0,57.0,-42.0,-613.0
-6.0,1112.0,116.0,217.0,,-801.0,522.0,-334.0,459.0,-688.0
6.0,1216.0,219.0,-15.0,,-717.0,288.0,-424.0,106.0,-811.0
65.0,1502.0,232.0,-91.0,,-608.0,101.0,-541.0,-55.0,-943.0
70.0,1046.0,312.0,-294.0,,-715.0,-26.0,-541.0,417.0,-973.0
79.0,393.0,397.0,-624.0,,-784.0,-115.0,-654.0,262.0,-912.0
70.0,1538.0,431.0,-844.0,,-600.0,-180.0,-715.0,-117.0,-798.0
64.0,2064.0,459.0,-858.0,,-404.0,-202.0,-587.0,-76.0,-550.0
63.0,1223.0,467.0,-720.0,,-600.0,-171.0,-569.0,730.0,-306.0
48.0,1383.0,555.0,-688.0,,-736.0,-104.0,-219.0,168.0,-210.0
48.0,1939.0,569.0,-890.0,,-589.0,20.0,-38.0,49.0,-117.0
45.0,1673.0,567.0,-1020.0,,-535.0,171.0,97.0,365.0,61.0
100.0,1026.0,555.0,-1003.0,,-694.0,276.0,218.0,-124.0,187.0
80.0,383.0,537.0,-984.0,,-844.0,334.0,280.0,167.0,160.0
45.0,25.0,539.0,-889.0,,-744.0,352.0,497.0,301.0,88.0
8.0,-454.0,484.0,-813.0,,-712.0,331.0,380.0,60.0,47.0
17.0,-916.0,440.0,-754.0,,-818.0,274.0,345.0,-295.0,-1.0
8.0,-820.0,375.0,-655.0,,-755.0,210.0,164.0,219.0,-116.0
-45.0,-831.0,272.0,-501.0,,-569.0,162.0,-136.0,201.0,-108.0
-15.0,-1079.0,207.0,-293.0,,-623.0,93.0,-325.0,199.0,44.0
-9.0,-1330.0,178.0,-140.0,,-725.0,36.0,-491.0,369.0,175.0
46.0,-1131.0,129.0,55.0,,-663.0,15.0,-478.0,-824.0,299.0
68.0,-1138.0,42.0,172.0,,-653.0,5.0,-722.0,320.0,410.0
44.0,-1487.0,-6.0,269.0,,-828.0,-1.0,-737.0,742.0,486.0
55.0,-1298.0,19.0,421.0,,-1066.0,-16.0,-600.0,252.0,548.0
95.0,-737.0,6.0,318.0,,-955.0,3.0,-452.0,526.0,551.0
117.0,-541.0,-19.0,113.0,,-795.0,68.0,-195.0,-102.0,411.0
78.0,27.0,28.0,47.0,,-880.0,205.0,-147.0,335.0,333.0
10.0,636.0,0.0,-71.0,,-899.0,379.0,18.0,376.0,311.0
-16.0,610.0,-37.0,-301.0,,-572.0,520.0,-72.0,42.0,235.0
-36.0,1496.0,-57.0,-478.0,,-367.0,653.0,-77.0,-285.0,201.0
-86.0,2110.0,-157.0,-486.0,,-657.0,748.0,51.0,-127.0,211.0
-136.0,1973.0,-108.0,-391.0,,-668.0,815.0,-35.0,182.0,303.0
-201.0,1743.0,-153.0,-469.0,,-423.0,814.0,0.0,-226.0,347.0
-197.0,1418.0,-158.0,-500.0,,-498.0,758.0,-131.0,-501.0,377.0
-188.0,1157.0,-52.0,-300.0,,-690.0,720.0,-256.0,-915.0,469.0
-223.0,991.0,-42.0,-200.0,,-628.0,659.0,-589.0,-566.0,512.0
-210.0,522.0,53.0,-212.0,,-475.0,562.0,-798.0,-236.0,482.0
-120.0,-261.0,42.0,-188.0,,-610.0,405.0,-617.0,-600.0,401.0
-95.0,265.0,110.0,-190.0,,-731.0,247.0,-502.0,-121.0,340.0
-61.0,501.0,136.0,-268.0,,-496.0,98.0,-212.0,-277.0,235.0
-36.0,-316.0,122.0,-359.0,,-392.0,-40.0,38.0,-613.0,71.0
-36.0,-468.0,145.0,-492.0,,-654.0,-193.0,498.0,648.0,-52.0
-11.0,-74.0,155.0,-626.0,,-772.0,-356.0,809.0,420.0,-84.0
-2.0,457.0,218.0,-737.0,,-619.0,-406.0,825.0,233.0,-144.0
-3.0,1101.0,159.0,-755.0,,-438.0,-398.0,892.0,934.0,-253.0
-62.0,1412.0,140.0,-525.0,,-484.0,-389.0,497.0,786.0,-172.0
-44.0,969.0,91.0,-296.0,,-560.0,-325.0,160.0,1153.0,-70.0
-79.0,1216.0,69.0,-210.0,,-425.0,-183.0,-151.0,1023.0,-73.0
-100.0,1594.0,10.0,-92.0,,-527.0,42.0,-443.0,414.0,-47.0
-132.0,845.0,12.0,81.0,,-767.0,324.0,-644.0,649.0,3.0
-194.0,505.0,7.0,171.0,,-767.0,523.0,-883.0,786.0,67.0
-214.0,315.0,-88.0,202.0,,-734.0,600.0,-739.0,250.0,94.0
-265.0,-20.0,1.0,223.0,,-848.0,671.0,-650.0,-8.0,144.0
-317.0,-308.0,-48.0,141.0,,-933.0,716.0,-341.0,-99.0,93.0
-460.0,-791.0,-26.0,-103.0,,-982.0,654.0,157.0,-414.0,-45.0
-529.0,-494.0,79.0,-457.0,,-1075.0,492.0,639.0,-677.0,-95.0
-586.0,-194.0,91.0,-666.0,,-949.0,322.0,1053.0,-414.0,-167.0
-666.0,-198.0,182.0,-693.0,,-718.0,166.0,1119.0,-298.0,-315.0
-741.0,145.0,309.0,-593.0,,-569.0,37.0,1250.0,-605.0,-442.0
-726.0,81.0,411.0,-429.0,,-593.0,-27.0,977.0,-450.0,-489.0
-648.0,-200.0,500.0,-311.0,,-739.0,-72.0,513.0,-142.0,-579.0
-628.0,-445.0,617.0,-360.0,,-823.0,-48.0,64.0,-239.0,-612.0
-638.0,-528.0,668.0,-531.0,,-749.0,29.0,-413.0,-262.0,-572.0
-630.0,-620.0,681.0,-719.0,,-489.0,89.0,-642.0,-142.0,-596.0
-545.0,-1230.0,654.0,-851.0,,-494.0,151.0,-899.0,7.0,-556.0
-503.0,-1552.0,595.0,-692.0,,-590.0,180.0,-794.0,215.0,-481.0
-443.0,-1552.0,557.0,-542.0,,-495.0,201.0,-746.0,56.0,-329.0
-419.0,-1144.0,518.0,-391.0,,-429.0,241.0,-735.0,177.0,-235.0
-371.0,-587.0,458.0,-145.0,,-409.0,230.0,-476.0,107.0,-231.0
-332.0,-450.0,447.0,-113.0,,-443.0,222.0,-282.0,535.0,-71.0
-348.0,144.0,419.0,-153.0,,-459.0,264.0,59.0,381.0,102.0
-391.0,1085.0,393.0,-168.0,,-550.0,280.0,229.0,-402.0,182.0
-410.0,1191.0,406.0,-102.0,,-609.0,225.0,428.0,178.0,202.0
-385.0,499.0,407.0,-83.0,,-507.0,87.0,491.0,-217.0,235.0
-392.0,522.0,448.0,-232.0,,-334.0,-76.0,352.0,-49.0,209.0
-348.0,537.0,465.0,-357.0,,-310.0,-227.0,358.0,-226.0,124.0
-352.0,-309.0,543.0,-293.0,,-559.0,-359.0,192.0,-1125.0,80.0
-363.0,-724.0,594.0,-17.0,,-553.0,-436.0,103.0,-547.0,36.0
-382.0,-679.0,676.0,332.0,,-342.0,-461.0,-66.0,-520.0,16.0
-345.0,-1526.0,752.0,554.0,,-323.0,-430.0,-157.0,-257.0,-37.0
-362.0,-1995.0,807.0,613.0,,-432.0,-399.0,-160.0,-242.0,-74.0
-423.0,-955.0,843.0,699.0,,-367.0,-313.0,-314.0,243.0,-84.0
-405.0,-741.0,809.0,712.0,,-125.0,-138.0,-190.0,705.0,-110.0
-412.0,-1259.0,812.0,572.0,,-129.0,-3.0,-164.0,108.0,-112.0
-390.0,-1235.0,778.0,472.0,,-98.0,134.0,-94.0,320.0,-124.0
-359.0,-396.0,769.0,379.0,,113.0,233.0,0.0,155.0,-109.0
-311.0,-140.0,724.0,123.0,,120.0,237.0,114.0,277.0,-169.0
-266.0,-530.0,671.0,-33.0,,-55.0,241.0,400.0,414.0,-287.0
-179.0,-579.0,565.0,32.0,,-130.0,213.0,395.0,-8.0,-291.0
-175.0,-672.0,437.0,-67.0,,-127.0,132.0,469.0,82.0,-259.0
-224.0,-105.0,288.0,-234.0,,-205.0,28.0,460.0,806.0,-274.0
-224.0,-387.0,165.0,-380.0,,-340.0,-49.0,428.0,675.0,-315.0
-194.0,-538.0,86.0,-495.0,,-310.0,-124.0,319.0,453.0,-258.0
-250.0,-174.0,-5.0,-556.0,,64.0,-215.0,1.0,1195.0,-194.0
-380.0,-299.0,-11.0,-732.0,,148.0,-244.0,-42.0,532.0,-262.0
-392.0,174.0,-27.0,-773.0,,-118.0,-260.0,-214.0,494.0,-310.0
-431.0,435.0,-23.0,-644.0,,-42.0,-280.0,-251.0,927.0,-344.0
-487.0,525.0,-21.0,-431.0,,296.0,-272.0,-230.0,743.0,-426.0
-540.0,426.0,23.0,-148.0,,216.0,-278.0,-256.0,520.0,-537.0
-531.0,1070.0,22.0,23.0,,-95.0,-327.0,-243.0,98.0,-596.0
-494.0,977.0,1.0,14.0,,-8.0,-420.0,-306.0,328.0,-647.0
-458.0,58.0,37.0,-167.0,,26.0,-438.0,0.0,272.0,-773.0
-488.0,535.0,39.0,-345.0,,-95.0,-372.0,145.0,134.0,-807.0
-532.0,645.0,96.0,-390.0,,-73.0,-349.0,262.0,-250.0,-804.0
-456.0,329.0,106.0,-317.0,,217.0,-294.0,443.0,213.0,-818.0
-451.0,94.0,110.0,-271.0,,286.0,-205.0,286.0,117.0,-823.0
-472.0,494.0,216.0,-290.0,,-5.0,-130.0,133.0,-729.0,-830.0
-455.0,575.0,244.0,-292.0,,77.0,-45.0,-73.0,-282.0,-729.0
-377.0,-224.0,312.0,-298.0,,313.0,91.0,-149.0,-495.0,-694.0
-324.0,-404.0,420.0,-172.0,,317.0,241.0,-317.0,-258.0,-798.0
-263.0,-290.0,438.0,-146.0,,68.0,243.0,-436.0,-247.0,-837.0
-218.0,-333.0,535.0,-340.0,,52.0,135.0,-325.0,-475.0,-797.0
-204.0,-722.0,584.0,-467.0,,121.0,-11.0,-321.0,-433.0,-795.0
-150.0,-944.0,604.0,-432.0,,-94.0,-205.0,-127.0,-307.0,-888.0
-155.0,-822.0,649.0,-214.0,,-93.0,-389.0,5.0,99.0,-888.0
-148.0,-1003.0,667.0,22.0,,139.0,-537.0,245.0,-58.0,-832.0
-172.0,-1415.0,696.0,328.0,,323.0,-686.0,371.0,352.0,-782.0
-170.0,-1119.0,702.0,552.0,,50.0,-828.0,286.0,137.0,-677.0
-146.0,-639.0,710.0,477.0,,-95.0,-961.0,399.0,216.0,-680.0
-188.0,-990.0,681.0,395.0,,197.0,-1026.0,245.0,582.0,-655.0
-234.0,-904.0,609.0,342.0,,264.0,-1006.0,83.0,125.0,-620.0
-242.0,-702.0,524.0,166.0,,68.0,-903.0,-184.0,175.0,-627.0
-237.0,-1241.0,454.0,-103.0,,-107.0,-685.0,-408.0,559.0,-585.0
-211.0,-970.0,373.0,-212.0,,140.0,-490.0,-495.0,440.0,-620.0
-162.0,-379.0,259.0,-41.0,,440.0,-269.0,-630.0,93.0,-683.0
-139.0,-168.0,201.0,-10.0,,479.0,-62.0,-354.0,269.0,-659.0
-109.0,-71.0,139.0,-224.0,,421.0,6.0,-79.0,123.0,-559.0
-93.0,157.0,117.0,-282.0,,300.0,47.0,218.0,-49.0,-532.0
-77.0,543.0,163.0,-311.0,,201.0,109.0,526.0,-397.0,-499.0
-75.0,493.0,173.0,-462.0,,85.0,146.0,720.0,-433.0,-355.0
-90.0,578.0,193.0,-519.0,,196.0,82.0,776.0,-575.0,-204.0
-139.0,818.0,182.0,-474.0,,366.0,42.0,535.0,-1356.0,-90.0
-130.0,1691.0,157.0,-422.0,,349.0,44.0,365.0,-941.0,36.0
-73.0,1824.0,175.0,-393.0,,349.0,-18.0,53.0,-502.0,213.0
-33.0,601.0,174.0,-314.0,,510.0,-109.0,-260.0,-1057.0,272.0
0.0,25.0,192.0,-110.0,,680.0,-148.0,-412.0,-1551.0,290.0
12.0,-39.0,236.0,3.0,,604.0,-155.0,-389.0,-920.0,377.0
130.0,-340.0,233.0,-10.0,,588.0,-163.0,-138.0,-403.0,385.0
183.0,-1196.0,282.0,36.0,,582.0,-118.0,-12.0,-531.0,298.0
172.0,-1877.0,333.0,96.0,,390.0,-71.0,345.0,-551.0,242.0
209.0,-1589.0,305.0,167.0,,335.0,-21.0,602.0,-417.0,165.0
280.0,-999.0,320.0,168.0,,394.0,19.0,617.0,312.0,-76.0
321.0,-1087.0,328.0,150.0,,423.0,60.0,718.0,12.0,-286.0
288.0,-972.0,285.0,159.0,,361.0,88.0,604.0,242.0,-355.0
338.0,-407.0,296.0,103.0,,317.0,8.0,400.0,429.0,-407.0
402.0,286.0,257.0,21.0,,345.0,-102.0,-59.0,-381.0,-486.0
409.0,832.0,206.0,-76.0,,400.0,-181.0,-471.0,478.0,-489.0
347.0,334.0,228.0,-10.0,,425.0,-239.0,-792.0,383.0,-449.0
301.0,-98.0,169.0,128.0,,195.0,-302.0,-1088.0,161.0,-457.0
307.0,216.0,166.0,124.0,,79.0,-364.0,-979.0,-2.0,-439.0
279.0,312.0,196.0,212.0,,204.0,-397.0,-731.0,-543.0,-380.0
209.0,-328.0,209.0,366.0,,286.0,-370.0,-279.0,538.0,-312.0
152.0,-810.0,293.0,308.0,,225.0,-255.0,68.0,406.0,-333.0
191.0,-1139.0,351.0,222.0,,190.0,-109.0,424.0,-113.0,-302.0
235.0,-1686.0,389.0,317.0,,340.0,18.0,746.0,-80.0,-228.0
194.0,-1803.0,479.0,512.0,,302.0,115.0,663.0,323.0,-323.0
192.0,-1488.0,539.0,503.0,,189.0,244.0,556.0,461.0,-458.0
226.0,-1235.0,552.0,335.0,,144.0,362.0,243.0,-396.0,-457.0
205.0,-809.0,615.0,294.0,,146.0,428.0,24.0,-262.0,-440.0
171.0,146.0,595.0,193.0,,131.0,503.0,-188.0,-936.0,-508.0
157.0,379.0,605.0,100.0,,98.0,486.0,-412.0,-902.0,-458.0
182.0,419.0,590.0,93.0,,281.0,417.0,-358.0,-276.0,-392.0
172.0,175.0,531.0,141.0,,356.0,328.0,-369.0,-905.0,-343.0
156.0,-88.0,587.0,269.0,,196.0,229.0,-157.0,-1250.0,-194.0
204.0,334.0,499.0,257.0,,146.0,197.0,44.0,-1205.0,12.0
300.0,-80.0,424.0,147.0,,274.0,163.0,125.0,-418.0,194.0
323.0,-95.0,392.0,60.0,,237.0,158.0,138.0,-484.0,355.0
281.0,-136.0,291.0,-20.0,,60.0,185.0,51.0,-649.0,642.0
274.0,-481.0,204.0,-142.0,,50.0,167.0,70.0,-806.0,827.0
294.0,-1023.0,99.0,-176.0,,251.0,113.0,-94.0,-739.0,856.0
272.0,-1172.0,15.0,19.0,,338.0,46.0,7.0,-822.0,931.0
159.0,-157.0,-70.0,275.0,,224.0,9.0,229.0,-737.0,1085.0
139.0,142.0,-112.0,387.0,,333.0,19.0,301.0,-321.0,1157.0
129.0,267.0,-143.0,410.0,,402.0,17.0,410.0,-335.0,1088.0
69.0,446.0,-101.0,537.0,,275.0,-4.0,328.0,107.0,1051.0
14.0,446.0,-13.0,665.0,,274.0,-46.0,336.0,-861.0,988.0
18.0,-31.0,-39.0,566.0,,560.0,-137.0,169.0,-125.0,880.0
26.0,337.0,-10.0,364.0,,761.0,-194.0,46.0,-3.0,734.0
-14.0,451.0,64.0,230.0,,584.0,-164.0,42.0,-496.0,580.0
0.0,-198.0,72.0,67.0,,544.0,-84.0,-173.0,91.0,408.0
10.0,256.0,58.0,-193.0,,677.0,-10.0,-341.0,-126.0,205.0
68.0,431.0,15.0,-534.0,,758.0,32.0,-613.0,429.0,105.0
76.0,152.0,-24.0,-692.0,,684.0,98.0,-648.0,-237.0,26.0
49.0,-243.0,-56.0,-689.0,,551.0,135.0,-676.0,170.0,-105.0
63.0,315.0,-74.0,-754.0,,524.0,134.0,-694.0,172.0,-206.0
122.0,43.0,-114.0,-658.0,,405.0,182.0,-500.0,-105.0,-287.0
121.0,-201.0,-185.0,-510.0,,440.0,263.0,-447.0,184.0,-390.0
55.0,639.0,-202.0,-490.0,,688.0,280.0,-297.0,-113.0,-460.0
79.0,166.0,-215.0,-376.0,,722.0,199.0,-362.0,151.0,-488.0
30.0,-211.0,-199.0,-68.0,,625.0,108.0,-406.0,-168.0,-508.0
-58.0,9.0,-164.0,231.0,,652.0,81.0,-419.0,491.0,-547.0
-120.0,485.0,-152.0,380.0,,801.0,117.0,-487.0,402.0,-590.0
-131.0,764.0,-117.0,419.0,,753.0,147.0,-367.0,302.0,-663.0
-154.0,992.0,-80.0,429.0,,409.0,155.0,-443.0,286.0,-767.0
-207.0,1008.0,-66.0,466.0,,350.0,121.0,-367.0,504.0,-818.0
-194.0,731.0,-16.0,460.0,,638.0,71.0,-247.0,889.0,-859.0
-202.0,557.0,24.0,407.0,,712.0,82.0,-83.0,373.0,-899.0
-262.0,-138.0,30.0,359.0,,542.0,99.0,92.0,615.0,-918.0
-300.0,-674.0,81.0,370.0,,569.0,89.0,75.0,177.0,-815.0
-309.0,-892.0,57.0,359.0,,804.0,62.0,260.0,740.0,-635.0
-350.0,-1086.0,54.0,339.0,,936.0,56.0,225.0,306.0,-491.0
-376.0,-806.0,28.0,387.0,,905.0,45.0,109.0,265.0,-307.0
-362.0,-482.0,-22.0,318.0,,749.0,-13.0,-25.0,872.0,-100.0
-356.0,-778.0,-59.0,179.0,,570.0,-67.0,-267.0,262.0,94.0
-345.0,-966.0,-171.0,48.0,,420.0,-60.0,-473.0,584.0,261.0
-338.0,-80.0,-209.0,56.0,,454.0,4.0,-822.0,210.0,426.0
-375.0,-22.0,-329.0,146.0,,597.0,94.0,-883.0,759.0,541.0
-364.0,-679.0,-396.0,-9.0,,719.0,157.0,-920.0,262.0,563.0
-336.0,-319.0,-383.0,-145.0,,823.0,215.0,-886.0,42.0,590.0
-351.0,-193.0,-412.0,-20.0,,705.0,282.0,-700.0,534.0,671.0
-377.0,209.0,-375.0,36.0,,626.0,264.0,-517.0,25.0,706.0
-368.0,600.0,-403.0,-187.0,,756.0,199.0,-120.0,-201.0,647.0
-329.0,940.0,-392.0,-415.0,,796.0,152.0,62.0,-375.0,656.0
-328.0,1589.0,-380.0,-488.0,,615.0,163.0,367.0,617.0,755.0
-267.0,1781.0,-350.0,-467.0,,408.0,214.0,609.0,44.0,777.0
-210.0,1901.0,-375.0,-402.0,,318.0,241.0,582.0,141.0,819.0
-120.0,1801.0,-391.0,-284.0,,296.0,239.0,561.0,651.0,956.0
-54.0,1318.0,-319.0,48.0,,242.0,225.0,319.0,145.0,1006.0
-50.0,517.0,-369.0,269.0,,191.0,274.0,171.0,319.0,969.0
-31.0,508.0,-283.0,289.0,,307.0,335.0,-112.0,221.0,930.0
-12.0,577.0,-264.0,413.0,,209.0,333.0,-293.0,1074.0,883.0
-5.0,89.0,-287.0,515.0,,-132.0,318.0,-384.0,579.0,707.0
-66.0,120.0,-236.0,553.0,,-132.0,300.0,-678.0,-20.0,561.0
-9.0,355.0,-275.0,531.0,,139.0,242.0,-727.0,493.0,521.0
41.0,-37.0,-274.0,442.0,,212.0,153.0,-831.0,819.0,364.0
67.0,-522.0,-295.0,311.0,,60.0,58.0,-831.0,884.0,216.0
122.0,-225.0,-321.0,67.0,,88.0,-47.0,-855.0,-1.0,155.0
186.0,-21.0,-361.0,-176.0,,138.0,-134.0,-862.0,520.0,161.0
241.0,402.0,-365.0,-273.0,,-57.0,-216.0,-668.0,407.0,117.0
226.0,664.0,-402.0,-329.0,,-148.0,-271.0,-667.0,-146.0,69.0
234.0,198.0,-460.0,-369.0,,55.0,-271.0,-474.0,253.0,144.0
185.0,196.0,-474.0,-318.0,,208.0,-244.0,-288.0,68.0,224.0
132.0,-86.0,-449.0,-245.0,,54.0,-201.0,-201.0,11.0,320.0
111.0,-202.0,-428.0,-123.0,,62.0,-140.0,-267.0,-247.0,383.0
92.0,374.0,-445.0,-66.0,,229.0,5.0,-388.0,-68.0,416.0
23.0,475.0,-412.0,-182.0,,260.0,180.0,-293.0,11.0,445.0
-37.0,660.0,-425.0,-211.0,,181.0,272.0,-424.0,-111.0,479.0
-44.0,889.0,-434.0,-139.0,,64.0,333.0,-386.0,-71.0,545.0
-54.0,931.0,-456.0,-113.0,,152.0,425.0,-290.0,416.0,567.0
-99.0,693.0,-460.0,8.0,,44.0,562.0,-162.0,-127.0,561.0
-160.0,260.0,-457.0,188.0,,-181.0,631.0,27.0,-253.0,581.0
-150.0,-11.0,-482.0,316.0,,-187.0,603.0,77.0,1298.0,636.0
-179.0,-165.0,-450.0,374.0,,-187.0,540.0,315.0,361.0,694.0
-220.0,66.0,-485.0,369.0,,-212.0,408.0,203.0,195.0,753.0
-246.0,-101.0,-485.0,409.0,,-127.0,218.0,14.0,668.0,841.0
-231.0,-193.0,-487.0,314.0,,168.0,-17.0,-177.0,799.0,928.0
-194.0,-12.0,-539.0,168.0,,185.0,-222.0,-497.0,1079.0,962.0
-139.0,-98.0,-487.0,-40.0,,-91.0,-419.0,-748.0,113.0,1017.0
-125.0,129.0,-513.0,-391.0,,-258.0,-680.0,-1032.0,485.0,1123.0
-141.0,216.0,-515.0,-612.0,,-265.0,-928.0,-842.0,746.0,1179.0
-120.0,158.0,-504.0,-752.0,,-222.0,-1087.0,-637.0,436.0,1199.0
-166.0,170.0,-515.0,-568.0,,-240.0,-1120.0,-358.0,-50.0,1278.0
-238.0,399.0,-487.0,-244.0,,-245.0,-1024.0,27.0,845.0,1386.0
-296.0,611.0,-504.0,-79.0,,-286.0,-822.0,97.0,941.0,1428.0
-232.0,259.0,-460.0,-28.0,,-319.0,-618.0,190.0,-381.0,1449.0
-223.0,551.0,-414.0,-125.0,,-243.0,-442.0,186.0,984.0,1488.0
-216.0,719.0,-385.0,-88.0,,-202.0,-288.0,295.0,604.0,1416.0
-154.0,178.0,-394.0,24.0,,-373.0,-122.0,177.0,-128.0,1268.0
-117.0,460.0,-348.0,93.0,,-432.0,16.0,-173.0,-111.0,1184.0
-34.0,282.0,-275.0,62.0,,-306.0,32.0,-349.0,-318.0,1121.0
-11.0,-506.0,-254.0,110.0,,-256.0,-2.0,-572.0,100.0,981.0
44.0,-135.0,-271.0,217.0,,-165.0,-73.0,-633.0,-331.0,886.0
69.0,515.0,-272.0,178.0,,-331.0,-155.0,-670.0,-159.0,890.0
180.0,-117.0,-242.0,151.0,,-701.0,-233.0,-497.0,-396.0,830.0
248.0,-706.0,-314.0,65.0,,-822.0,-310.0,-225.0,215.0,791.0
263.0,-764.0,-378.0,-61.0,,-727.0,-319.0,-84.0,-61.0,860.0
351.0,-1271.0,-413.0,-188.0,,-521.0,-289.0,205.0,-159.0,870.0
338.0,-1227.0,-419.0,-271.0,,-476.0,-246.0,238.0,683.0,744.0
373.0,-849.0,-407.0,-301.0,,-527.0,-185.0,149.0,-397.0,716.0
392.0,-397.0,-421.0,-403.0,,-502.0,-163.0,-66.0,462.0,805.0
402.0,-446.0,-428.0,-494.0,,-345.0,-208.0,-253.0,984.0,771.0
357.0,-283.0,-429.0,-435.0,,-216.0,-250.0,-303.0,587.0,666.0
359.0,774.0,-420.0,-264.0,,-477.0,-286.0,-480.0,428.0,583.0
386.0,500.0,-370.0,-156.0,,-670.0,-402.0,-266.0,572.0,539.0
300.0,-30.0,-314.0,-20.0,,-807.0,-523.0,-70.0,1247.0,390.0
268.0,-33.0,-259.0,169.0,,-989.0,-623.0,-22.0,1122.0,192.0
267.0,297.0,-201.0,270.0,,-1048.0,-731.0,-73.0,754.0,109.0
329.0,535.0,-111.0,234.0,,-1156.0,-790.0,-201.0,510.0,19.0
311.0,144.0,-40.0,51.0,,-1212.0,-830.0,-171.0,1178.0,-89.0
280.0,42.0,-17.0,-11.0,,-1208.0,-858.0,-362.0,470.0,-99.0
311.0,-172.0,45.0,25.0,,-888.0,-838.0,-258.0,91.0,35.0
322.0,-188.0,95.0,-42.0,,-626.0,-805.0,-92.0,523.0,135.0
326.0,-278.0,149.0,-64.0,,-783.0,-799.0,-7.0,40.0,174.0
244.0,-279.0,213.0,-51.0,,-911.0,-796.0,160.0,-420.0,326.0
235.0,259.0,220.0,-120.0,,-834.0,-781.0,147.0,-293.0,527.0
280.0,320.0,147.0,-236.0,,-722.0,-738.0,267.0,512.0,602.0
293.0,534.0,163.0,-231.0,,-813.0,-635.0,214.0,-387.0,606.0
305.0,1048.0,196.0,-89.0,,-889.0,-530.0,242.0,-20.0,677.0
325.0,947.0,158.0,-17.0,,-952.0,-441.0,155.0,489.0,675.0
379.0,832.0,129.0,50.0,,-959.0,-347.0,-182.0,229.0,543.0
403.0,888.0,-2.0,175.0,,-828.0,-269.0,-269.0,832.0,395.0
353.0,647.0,-38.0,301.0,,-703.0,-210.0,-369.0,63.0,237.0
262.0,-1.0,-68.0,328.0,,-688.0,-168.0,-341.0,721.0,33.0
233.0,-597.0,-119.0,211.0,,-956.0,-163.0,-421.0,1065.0,-189.0
245.0,-714.0,-103.0,51.0,,-1095.0,-177.0,-343.0,151.0,-361.0
203.0,-1520.0,-143.0,-114.0,,-916.0,-225.0,-96.0,322.0,-523.0
163.0,-1747.0,-130.0,-221.0,,-780.0,-369.0,-35.0,329.0,-706.0
165.0,-1347.0,-147.0,-325.0,,-968.0,-525.0,88.0,-151.0,-849.0
179.0,-1178.0,-101.0,-410.0,,-1063.0,-624.0,-29.0,634.0,-895.0
188.0,-236.0,-86.0,-388.0,,-696.0,-676.0,-35.0,781.0,-948.0
149.0,-271.0,-43.0,-293.0,,-551.0,-705.0,-42.0,203.0,-1079.0
113.0,-313.0,52.0,-99.0,,-836.0,-719.0,-121.0,1046.0,-1145.0
89.0,233.0,80.0,150.0,,-879.0,-714.0,-96.0,52.0,-1156.0
60.0,400.0,171.0,349.0,,-617.0,-752.0,-247.0,1022.0,-1175.0
33.0,675.0,150.0,461.0,,-590.0,-776.0,-234.0,1392.0,-1224.0
38.0,568.0,246.0,559.0,,-621.0,-731.0,-260.0,214.0,-1279.0
86.0,320.0,285.0,672.0,,-465.0,-694.0,-125.0,624.0,-1257.0
74.0,-173.0,205.0,696.0,,-373.0,-690.0,-9.0,-382.0,-1238.0
121.0,-411.0,154.0,641.0,,-500.0,-653.0,5.0,727.0,-1236.0
230.0,-378.0,32.0,556.0,,-621.0,-581.0,291.0,-23.0,-1193.0
270.0,-110.0,16.0,406.0,,-428.0,-515.0,308.0,38.0,-1149.0
271.0,494.0,-76.0,134.0,,-361.0,-411.0,485.0,249.0,-1165.0
338.0,910.0,-148.0,-170.0,,-541.0,-232.0,711.0,-1202.0,-1198.0
405.0,1080.0,-202.0,-311.0,,-632.0,-43.0,729.0,1069.0,-1204.0
410.0,829.0,-283.0,-400.0,,-647.0,40.0,655.0,-474.0,-1215.0
489.0,1116.0,-296.0,-453.0,,-537.0,60.0,441.0,-282.0,-1169.0
531.0,1110.0,-366.0,-514.0,,-447.0,51.0,432.0,998.0,-1085.0
562.0,865.0,-357.0,-650.0,,-569.0,6.0,238.0,-1129.0,-1015.0
591.0,758.0,-389.0,-719.0,,-613.0,-10.0,158.0,964.0,-945.0
540.0,547.0,-394.0,-757.0,,-513.0,-76.0,36.0,561.0,-880.0
451.0,776.0,-354.0,-784.0,,-597.0,-206.0,-221.0,-1152.0,-838.0
436.0,244.0,-368.0,-801.0,,-681.0,-319.0,-253.0,1414.0,-758.0
423.0,301.0,-291.0,-716.0,,-530.0,-406.0,-436.0,248.0,-638.0
305.0,275.0,-292.0,-557.0,,-447.0,-414.0,-378.0,-434.0,-556.0
255.0,-202.0,-264.0,-466.0,,-470.0,-400.0,-304.0,1518.0,-467.0
212.0,-125.0,-211.0,-356.0,,-419.0,-421.0,-116.0,-242.0,-324.0
164.0,-504.0,-216.0,-164.0,,-381.0,-361.0,260.0,179.0,-149.0
112.0,-214.0,-170.0,-6.0,,-319.0,-298.0,441.0,1129.0,-112.0
74.0,1.0,-128.0,61.0,,-285.0,-292.0,567.0,196.0,-125.0
76.0,-291.0,-61.0,137.0,,-423.0,-285.0,358.0,935.0,-52.0
95.0,-552.0,-60.0,138.0,,-465.0,-275.0,304.0,1142.0,-86.0
97.0,-497.0,-71.0,207.0,,-265.0,-256.0,236.0,-136.0,-160.0
51.0,-485.0,-20.0,335.0,,-169.0,-317.0,22.0,1006.0,-159.0
37.0,-748.0,9.0,199.0,,-285.0,-400.0,-12.0,1789.0,-215.0
54.0,-491.0,-2.0,31.0,,-194.0,-430.0,-190.0,-542.0,-305.0
83.0,-595.0,-6.0,-24.0,,-50.0,-462.0,-273.0,1336.0,-284.0
73.0,-711.0,-55.0,-133.0,,-237.0,-451.0,-412.0,283.0,-252.0
91.0,-571.0,-81.0,-269.0,,-310.0,-370.0,-341.0,-932.0,-341.0
95.0,-844.0,-35.0,-371.0,,-40.0,-282.0,-218.0,1591.0,-405.0
91.0,-358.0,-44.0,-362.0,,38.0,-190.0,-203.0,-1081.0,-380.0
78.0,394.0,-25.0,-234.0,,-181.0,-74.0,73.0,81.0,-426.0
66.0,0.0,-11.0,-166.0,,-250.0,-18.0,177.0,452.0,-507.0
67.0,493.0,-2.0,-139.0,,-37.0,24.0,458.0,-1841.0,-533.0
60.0,888.0,12.0,26.0,,153.0,91.0,679.0,947.0,-589.0
119.0,660.0,53.0,172.0,,67.0,162.0,772.0,-289.0,-681.0
123.0,868.0,57.0,328.0,,83.0,194.0,886.0,-1352.0,-774.0
124.0,918.0,83.0,505.0,,285.0,137.0,735.0,483.0,-855.0
124.0,1425.0,142.0,516.0,,164.0,82.0,835.0,-539.0,-956.0
131.0,999.0,117.0,408.0,,-30.0,13.0,724.0,-519.0,-1003.0
157.0,842.0,152.0,187.0,,47.0,-30.0,533.0,56.0,-965.0
179.0,609.0,121.0,-3.0,,-20.0,21.0,413.0,-296.0,-950.0
205.0,69.0,101.0,-195.0,,-301.0,118.0,221.0,-176.0,-980.0
249.0,359.0,66.0,-400.0,,-265.0,194.0,264.0,432.0,-979.0
352.0,24.0,24.0,-536.0,,105.0,186.0,133.0,-15.0,-852.0
413.0,-130.0,28.0,-601.0,,255.0,163.0,210.0,499.0,-714.0
473.0,-206.0,-10.0,-494.0,,83.0,150.0,315.0,392.0,-641.0
556.0,133.0,-2.0,-375.0,,78.0,83.0,419.0,-860.0,-568.0
641.0,-200.0,-15.0,-304.0,,262.0,-10.0,648.0,224.0,-405.0
685.0,-1392.0,-50.0,-372.0,,296.0,-46.0,626.0,-758.0,-235.0
731.0,-1464.0,-64.0,-414.0,,175.0,-35.0,698.0,-808.0,-209.0
785.0,-1010.0,-46.0,-212.0,,127.0,-46.0,576.0,-338.0,-205.0
818.0,-1151.0,-82.0,-27.0,,99.0,-52.0,513.0,-1160.0,-229.0
847.0,-1431.0,-97.0,-47.0,,-31.0,-32.0,417.0,-699.0,-286.0
865.0,-1002.0,-114.0,-87.0,,-103.0,-11.0,72.0,-889.0,-326.0
860.0,-305.0,-117.0,-6.0,,88.0,48.0,-55.0,-707.0,-381.0
785.0,240.0,-140.0,35.0,,212.0,172.0,-186.0,-852.0,-491.0
708.0,198.0,-162.0,103.0,,-143.0,311.0,-101.0,-1077.0,-630.0
627.0,825.0,-153.0,274.0,,-84.0,442.0,40.0,-1115.0,-707.0
543.0,1317.0,-186.0,369.0,,366.0,554.0,345.0,-429.0,-786.0
467.0,1332.0,-151.0,318.0,,419.0,645.0,803.0,-601.0,-901.0
438.0,1548.0,-176.0,292.0,,258.0,715.0,949.0,-1054.0,-986.0
417.0,1375.0,-112.0,311.0,,141.0,707.0,1038.0,-166.0,-940.0
362.0,1263.0,-90.0,231.0,,279.0,677.0,960.0,-11.0,-883.0
319.0,670.0,-25.0,35.0,,475.0,650.0,1042.0,464.0,-853.0
287.0,807.0,56.0,-97.0,,654.0,539.0,1016.0,59.0,-754.0
248.0,701.0,-8.0,41.0,,600.0,409.0,825.0,145.0,-702.0
184.0,-29.0,59.0,219.0,,375.0,270.0,711.0,210.0,-687.0
126.0,-454.0,37.0,225.0,,253.0,95.0,402.0,32.0,-594.0
36.0,-309.0,106.0,176.0,,214.0,-32.0,423.0,552.0,-488.0
-9.0,-31.0,166.0,135.0,,355.0,-105.0,395.0,-87.0,-498.0
-51.0,-753.0,140.0,127.0,,427.0,-155.0,273.0,-165.0,-462.0
-99.0,-250.0,190.0,96.0,,373.0,-168.0,160.0,-646.0,-321.0
-82.0,345.0,163.0,8.0,,329.0,-119.0,35.0,-398.0,-308.0
-51.0,15.0,220.0,-45.0,,464.0,-17.0,243.0,106.0,-459.0
-56.0,-604.0,196.0,6.0,,514.0,79.0,336.0,-541.0,-571.0
-69.0,-530.0,143.0,114.0,,528.0,152.0,515.0,-340.0,-583.0
-19.0,-168.0,179.0,200.0,,707.0,211.0,679.0,157.0,-612.0
-15.0,-207.0,95.0,290.0,,674.0,251.0,715.0,226.0,-713.0
26.0,346.0,34.0,377.0,,555.0,286.0,711.0,-52.0,-815.0
106.0,158.0,25.0,360.0,,452.0,285.0,556.0,496.0,-822.0
141.0,206.0,-31.0,225.0,,467.0,215.0,476.0,560.0,-786.0
188.0,-100.0,-81.0,214.0,,582.0,129.0,238.0,391.0,-702.0
232.0,-299.0,-156.0,248.0,,669.0,88.0,114.0,509.0,-606.0
268.0,-125.0,-229.0,174.0,,723.0,118.0,142.0,409.0,-574.0
226.0,-273.0,-284.0,196.0,,675.0,201.0,184.0,564.0,-531.0
197.0,-450.0,-315.0,306.0,,778.0,266.0,275.0,53.0,-456.0
248.0,-1003.0,-319.0,334.0,,878.0,291.0,258.0,-158.0,-376.0
268.0,-659.0,-288.0,286.0,,876.0,327.0,391.0,-307.0,-387.0
231.0,-1150.0,-255.0,284.0,,989.0,351.0,310.0,-363.0,-448.0
184.0,-973.0,-272.0,334.0,,997.0,359.0,245.0,-871.0,-470.0
129.0,-382.0,-246.0,380.0,,819.0,374.0,402.0,-1028.0,-509.0
44.0,-520.0,-183.0,387.0,,558.0,328.0,508.0,-344.0,-555.0
-30.0,-82.0,-111.0,371.0,,507.0,227.0,807.0,-952.0,-606.0
-149.0,-109.0,-75.0,401.0,,739.0,133.0,861.0,-744.0,-677.0
-237.0,22.0,-89.0,319.0,,807.0,95.0,892.0,-364.0,-701.0
-250.0,121.0,-49.0,-27.0,,751.0,121.0,872.0,-461.0,-610.0
-292.0,534.0,-12.0,-401.0,,914.0,189.0,731.0,-394.0,-500.0
-293.0,437.0,-44.0,-529.0,,1199.0,286.0,885.0,-398.0,-464.0
-272.0,776.0,-25.0,-483.0,,1026.0,377.0,844.0,121.0,-427.0
-258.0,1352.0,-38.0,-505.0,,657.0,463.0,667.0,3.0,-321.0
-254.0,773.0,-78.0,-609.0,,707.0,554.0,376.0,155.0,-217.0
-246.0,882.0,-54.0,-677.0,,726.0,581.0,249.0,190.0,-210.0
-183.0,1024.0,-97.0,-599.0,,550.0,453.0,190.0,228.0,-226.0
-120.0,859.0,-122.0,-423.0,,446.0,288.0,14.0,456.0,-212.0
-32.0,39.0,-146.0,-316.0,,615.0,171.0,188.0,229.0,-181.0
67.0,-58.0,-212.0,-282.0,,595.0,65.0,327.0,760.0,-183.0
151.0,-29.0,-236.0,-289.0,,337.0,76.0,591.0,289.0,-277.0
177.0,-1018.0,-244.0,-333.0,,494.0,143.0,811.0,-24.0,-301.0
165.0,-986.0,-303.0,-287.0,,661.0,216.0,920.0,490.0,-252.0
158.0,-1051.0,-331.0,-103.0,,521.0,328.0,927.0,148.0,-214.0
118.0,-1253.0,-343.0,0.0,,319.0,392.0,498.0,-403.0,-114.0
82.0,-1318.0,-387.0,87.0,,369.0,445.0,216.0,-604.0,-35.0
60.0,-1347.0,-348.0,274.0,,468.0,507.0,-182.0,-411.0,0.0
29.0,-1069.0,-359.0,483.0,,319.0,507.0,-439.0,-616.0,118.0
-27.0,-741.0,-271.0,526.0,,275.0,493.0,-351.0,-410.0,322.0
-115.0,-315.0,-138.0,443.0,,507.0,483.0,-238.0,-830.0,455.0
-156.0,-240.0,-148.0,438.0,,742.0,361.0,44.0,-836.0,562.0
-165.0,347.0,-107.0,395.0,,470.0,250.0,166.0,-24.0,726.0
-196.0,534.0,-49.0,387.0,,183.0,229.0,473.0,-311.0,862.0
-183.0,527.0,-7.0,400.0,,446.0,216.0,713.0,-119.0,1018.0
-162.0,1131.0,3.0,269.0,,544.0,232.0,740.0,-274.0,1150.0
-119.0,1157.0,17.0,41.0,,292.0,222.0,842.0,-315.0,1210.0
-69.0,1130.0,47.0,-62.0,,272.0,247.0,888.0,-286.0,1266.0
-40.0,963.0,57.0,-10.0,,581.0,371.0,1029.0,-195.0,1309.0
-15.0,981.0,61.0,93.0,,675.0,498.0,848.0,21.0,1292.0
-17.0,281.0,50.0,248.0,,471.0,581.0,639.0,-117.0,1223.0
-28.0,-317.0,90.0,384.0,,598.0,622.0,436.0,120.0,1135.0
-33.0,-73.0,157.0,465.0,,801.0,601.0,96.0,-44.0,1026.0
43.0,-280.0,201.0,445.0,,648.0,590.0,-22.0,173.0,922.0
104.0,-297.0,284.0,309.0,,555.0,621.0,-46.0,79.0,778.0
157.0,-445.0,308.0,78.0,,733.0,644.0,245.0,387.0,610.0
223.0,369.0,316.0,13.0,,794.0,731.0,430.0,327.0,535.0
250.0,356.0,333.0,102.0,,672.0,810.0,528.0,224.0,517.0
254.0,92.0,340.0,130.0,,758.0,822.0,683.0,878.0,496.0
210.0,1120.0,344.0,218.0,,799.0,848.0,654.0,549.0,503.0
175.0,1188.0,285.0,346.0,,792.0,849.0,742.0,659.0,566.0
156.0,1089.0,152.0,518.0,,967.0,768.0,679.0,101.0,651.0
112.0,802.0,15.0,512.0,,935.0,636.0,585.0,493.0,751.0
37.0,881.0,-13.0,317.0,,775.0,501.0,321.0,825.0,868.0
45.0,748.0,-155.0,133.0,,769.0,352.0,38.0,-97.0,986.0
84.0,190.0,-249.0,-103.0,,751.0,246.0,66.0,148.0,1062.0
61.0,-42.0,-297.0,-134.0,,637.0,215.0,-94.0,564.0,1168.0
0.0,-375.0,-357.0,-100.0,,688.0,257.0,-219.0,411.0,1337.0
0.0,-737.0,-340.0,-140.0,,742.0,316.0,-295.0,22.0,1390.0
48.0,-1338.0,-373.0,-16.0,,613.0,394.0,-277.0,484.0,1421.0
55.0,-1556.0,-325.0,144.0,,619.0,536.0,-290.0,116.0,1520.0
69.0,-1696.0,-316.0,281.0,,658.0,665.0,-264.0,155.0,1590.0
103.0,-1583.0,-291.0,307.0,,483.0,791.0,114.0,-40.0,1642.0
149.0,-965.0,-273.0,258.0,,277.0,885.0,397.0,-428.0,1642.0
99.0,-319.0,-232.0,341.0,,294.0,915.0,709.0,451.0,1595.0
43.0,5.0,-186.0,308.0,,303.0,913.0,851.0,-167.0,1523.0
-51.0,361.0,-196.0,253.0,,281.0,872.0,812.0,-246.0,1437.0
-169.0,653.0,-190.0,318.0,,348.0,817.0,705.0,-120.0,1320.0
-277.0,721.0,-279.0,318.0,,374.0,774.0,480.0,-80.0,1103.0
-400.0,1068.0,-304.0,304.0,,561.0,720.0,604.0,123.0,849.0
-448.0,988.0,-397.0,153.0,,796.0,645.0,609.0,49.0,689.0
-491.0,773.0,-469.0,-184.0,,815.0,617.0,576.0,-81.0,538.0
-456.0,852.0,-465.0,-610.0,,733.0,598.0,648.0,-435.0,327.0
-407.0,918.0,-552.0,-846.0,,682.0,543.0,722.0,-19.0,160.0
-378.0,604.0,-599.0,-747.0,,534.0,461.0,879.0,-77.0,53.0
-378.0,278.0,-618.0,-560.0,,423.0,368.0,798.0,7.0,-17.0
-368.0,349.0,-624.0,-451.0,,678.0,278.0,835.0,-403.0,-28.0
-309.0,536.0,-644.0,-425.0,,859.0,169.0,748.0,-446.0,29.0
-260.0,314.0,-690.0,-383.0,,742.0,134.0,572.0,134.0,18.0
-222.0,-233.0,-640.0,-231.0,,688.0,162.0,495.0,-244.0,-10.0
-195.0,-484.0,-574.0,-25.0,,830.0,182.0,319.0,-403.0,74.0
-140.0,-1126.0,-541.0,-62.0,,909.0,228.0,258.0,-242.0,109.0
-138.0,-1488.0,-486.0,-301.0,,662.0,293.0,-33.0,268.0,58.0
-163.0,-1531.0,-448.0,-450.0,,555.0,366.0,-164.0,-251.0,3.0
-190.0,-1795.0,-404.0,-435.0,,771.0,454.0,-151.0,-201.0,-7.0
-143.0,-1694.0,-377.0,-304.0,,918.0,601.0,-188.0,163.0,-26.0
-110.0,-1654.0,-372.0,-141.0,,837.0,734.0,-46.0,-7.0,-85.0
-133.0,-1178.0,-308.0,-10.0,,692.0,774.0,-75.0,452.0,-174.0
-98.0,-835.0,-250.0,31.0,,824.0,800.0,-51.0,400.0,-242.0
-53.0,-1084.0,-201.0,41.0,,768.0,810.0,-118.0,726.0,-216.0
-32.0,-503.0,-98.0,83.0,,449.0,762.0,-51.0,599.0,-174.0
-38.0,281.0,-45.0,256.0,,549.0,679.0,157.0,592.0,-120.0
-43.0,532.0,20.0,454.0,,798.0,609.0,140.0,969.0,-82.0
-47.0,527.0,50.0,479.0,,674.0,540.0,293.0,755.0,-19.0
-50.0,423.0,20.0,379.0,,490.0,464.0,264.0,441.0,70.0
-94.0,356.0,71.0,260.0,,607.0,408.0,175.0,309.0,135.0
-113.0,256.0,33.0,187.0,,613.0,409.0,-12.0,874.0,226.0
-113.0,268.0,-28.0,168.0,,388.0,452.0,-164.0,581.0,226.0
-165.0,235.0,-20.0,118.0,,378.0,490.0,-59.0,383.0,181.0
-223.0,224.0,-31.0,-41.0,,573.0,548.0,-134.0,800.0,213.0
-246.0,183.0,5.0,-252.0,,659.0,546.0,64.0,435.0,231.0
-272.0,182.0,31.0,-444.0,,567.0,483.0,267.0,11.0,116.0
-290.0,149.0,-14.0,-619.0,,566.0,429.0,352.0,-31.0,-8.0
-291.0,-252.0,11.0,-710.0,,759.0,349.0,423.0,326.0,-61.0
-325.0,-181.0,19.0,-700.0,,706.0,236.0,421.0,241.0,-149.0
-339.0,541.0,35.0,-702.0,,470.0,188.0,541.0,-79.0,-231.0
-372.0,746.0,108.0,-745.0,,435.0,277.0,373.0,56.0,-263.0
-402.0,396.0,150.0,-804.0,,419.0,382.0,218.0,-120.0,-269.0
-432.0,191.0,201.0,-711.0,,378.0,416.0,44.0,-294.0,-271.0
-403.0,-317.0,222.0,-576.0,,353.0,473.0,-123.0,-215.0,-204.0
-357.0,-820.0,253.0,-505.0,,400.0,551.0,-121.0,-201.0,-108.0
-356.0,-777.0,261.0,-315.0,,371.0,576.0,-218.0,-145.0,-74.0
-295.0,-283.0,276.0,-176.0,,171.0,599.0,-205.0,-65.0,1.0
-244.0,111.0,284.0,-201.0,,225.0,603.0,-395.0,-487.0,75.0
-227.0,85.0,279.0,-383.0,,319.0,535.0,-513.0,-301.0,74.0
-244.0,230.0,298.0,-475.0,,194.0,397.0,-539.0,10.0,26.0
-207.0,361.0,257.0,-397.0,,252.0,288.0,-679.0,-806.0,-15.0
-199.0,138.0,203.0,-486.0,,355.0,244.0,-657.0,-137.0,-17.0
-233.0,-413.0,195.0,-629.0,,241.0,180.0,-735.0,60.0,-64.0
-209.0,-799.0,187.0,-657.0,,95.0,191.0,-630.0,-202.0,-138.0
-214.0,-990.0,154.0,-704.0,,79.0,261.0,-567.0,286.0,-177.0
-220.0,-1327.0,182.0,-705.0,,79.0,267.0,-423.0,-40.0,-176.0
-226.0,-1584.0,265.0,-639.0,,-57.0,216.0,-79.0,215.0,-177.0
-246.0,-1437.0,331.0,-585.0,,-85.0,140.0,-5.0,-4.0,-217.0
-252.0,-1249.0,336.0,-508.0,,-37.0,59.0,103.0,193.0,-220.0
-249.0,-930.0,363.0,-439.0,,35.0,12.0,142.0,169.0,-168.0
-295.0,-344.0,450.0,-263.0,,122.0,-54.0,254.0,83.0,-122.0
-320.0,-482.0,525.0,-130.0,,138.0,-145.0,127.0,444.0,-88.0
-304.0,-667.0,567.0,-147.0,,180.0,-180.0,-219.0,190.0,44.0
-310.0,-341.0,611.0,6.0,,208.0,-191.0,-336.0,518.0,157.0
-303.0,0.0,665.0,217.0,,324.0,-178.0,-511.0,-161.0,216.0
-280.0,333.0,718.0,431.0,,265.0,-163.0,-522.0,-103.0,359.0
-256.0,723.0,771.0,702.0,,117.0,-74.0,-654.0,39.0,519.0
-247.0,986.0,809.0,896.0,,202.0,115.0,-672.0,-167.0,625.0
-233.0,1026.0,865.0,1068.0,,406.0,244.0,-596.0,-399.0,647.0
-217.0,1145.0,858.0,1020.0,,586.0,343.0,-687.0,-705.0,703.0
-195.0,1267.0,867.0,784.0,,409.0,458.0,-541.0,280.0,688.0
-156.0,1499.0,896.0,669.0,,290.0,468.0,-548.0,32.0,557.0
-134.0,1498.0,870.0,480.0,,493.0,440.0,-506.0,153.0,456.0
-89.0,1292.0,849.0,193.0,,535.0,453.0,-476.0,131.0,337.0
-6.0,1277.0,799.0,-92.0,,351.0,425.0,-471.0,-168.0,168.0
54.0,488.0,772.0,-328.0,,242.0,417.0,-424.0,100.0,10.0
104.0,-350.0,713.0,-446.0,,388.0,408.0,-606.0,43.0,-74.0
183.0,-185.0,640.0,-506.0,,442.0,382.0,-630.0,201.0,-195.0
258.0,-92.0,601.0,-506.0,,281.0,377.0,-814.0,139.0,-320.0
279.0,-133.0,517.0,-605.0,,338.0,355.0,-925.0,212.0,-319.0
321.0,-377.0,501.0,-822.0,,448.0,324.0,-918.0,53.0,-278.0
347.0,-735.0,461.0,-1011.0,,336.0,218.0,-1084.0,569.0,-312.0
328.0,-652.0,348.0,-1048.0,,300.0,48.0,-1215.0,358.0,-327.0
324.0,-901.0,302.0,-1041.0,,361.0,-106.0,-1444.0,132.0,-286.0
293.0,-933.0,316.0,-1001.0,,304.0,-241.0,-1380.0,544.0,-248.0
263.0,-443.0,304.0,-951.0,,70.0,-291.0,-1339.0,182.0,-232.0
212.0,-408.0,274.0,-1010.0,,1.0,-267.0,-1289.0,106.0,-243.0
178.0,-563.0,316.0,-869.0,,227.0,-226.0,-953.0,293.0,-196.0
144.0,-693.0,320.0,-689.0,,220.0,-176.0,-692.0,642.0,-176.0
82.0,-517.0,274.0,-570.0,,-29.0,-168.0,-476.0,353.0,-209.0
36.0,-229.0,274.0,-375.0,,-114.0,-96.0,-556.0,464.0,-172.0
-8.0,-23.0,262.0,-225.0,,105.0,45.0,-519.0,298.0,-127.0
-42.0,223.0,224.0,-177.0,,171.0,140.0,-415.0,432.0,-206.0
-75.0,133.0,186.0,-160.0,,0.0,207.0,-478.0,661.0,-263.0
-73.0,195.0,131.0,-32.0,,49.0,252.0,-452.0,178.0,-221.0
-82.0,49.0,130.0,51.0,,77.0,321.0,-570.0,759.0,-273.0
-82.0,-382.0,125.0,10.0,,83.0,363.0,-576.0,534.0,-389.0
-67.0,-857.0,130.0,18.0,,160.0,321.0,-665.0,254.0,-415.0
-77.0,-1167.0,138.0,231.0,,145.0,243.0,-687.0,355.0,-369.0
-69.0,-890.0,87.0,377.0,,24.0,177.0,-506.0,386.0,-390.0
-58.0,-461.0,100.0,346.0,,-27.0,110.0,-465.0,393.0,-366.0
-23.0,-43.0,89.0,327.0,,109.0,-21.0,-360.0,214.0,-266.0
18.0,-139.0,121.0,281.0,,98.0,-196.0,-447.0,317.0,-226.0
62.0,-196.0,125.0,311.0,,-36.0,-372.0,-463.0,259.0,-175.0
101.0,-117.0,75.0,337.0,,-190.0,-529.0,-493.0,212.0,-87.0
146.0,-414.0,102.0,218.0,,-347.0,-651.0,-583.0,-95.0,-37.0
122.0,-239.0,125.0,-28.0,,-388.0,-729.0,-567.0,136.0,-119.0
97.0,263.0,141.0,-325.0,,-403.0,-730.0,-776.0,203.0,-203.0
109.0,236.0,116.0,-482.0,,-351.0,-638.0,-694.0,-412.0,-249.0
95.0,-9.0,140.0,-460.0,,-231.0,-496.0,-641.0,-337.0,-406.0
99.0,-132.0,171.0,-389.0,,-250.0,-345.0,-716.0,-245.0,-620.0
79.0,-271.0,139.0,-264.0,,-502.0,-201.0,-711.0,-390.0,-723.0
112.0,-382.0,178.0,-169.0,,-536.0,-35.0,-812.0,-350.0,-733.0
122.0,-692.0,186.0,-253.0,,-414.0,157.0,-805.0,-399.0,-878.0
81.0,-450.0,189.0,-273.0,,-552.0,305.0,-1101.0,-651.0,-989.0
31.0,150.0,256.0,-181.0,,-594.0,327.0,-1297.0,-776.0,-924.0
8.0,368.0,278.0,-218.0,,-492.0,269.0,-1285.0,-512.0,-885.0
18.0,607.0,324.0,-397.0,,-496.0,217.0,-1285.0,-665.0,-873.0
-26.0,579.0,366.0,-485.0,,-628.0,78.0,-1143.0,-868.0,-751.0
-37.0,421.0,467.0,-422.0,,-638.0,-113.0,-1038.0,-630.0,-572.0
-35.0,272.0,543.0,-444.0,,-557.0,-251.0,-776.0,-496.0,-528.0
-13.0,303.0,547.0,-634.0,,-617.0,-355.0,-772.0,-117.0,-472.0
-23.0,638.0,582.0,-856.0,,-594.0,-434.0,-744.0,-48.0,-300.0
-68.0,869.0,545.0,-900.0,,-557.0,-469.0,-519.0,60.0,-191.0
-77.0,847.0,579.0,-852.0,,-717.0,-489.0,-397.0,75.0,-147.0
-83.0,745.0,594.0,-711.0,,-891.0,-504.0,-227.0,118.0,-74.0
-73.0,959.0,563.0,-453.0,,-862.0,-512.0,-266.0,242.0,37.0
-88.0,845.0,507.0,-214.0,,-861.0,-560.0,-203.0,-119.0,69.0
-75.0,437.0,418.0,69.0,,-982.0,-595.0,-363.0,89.0,70.0
-40.0,250.0,365.0,245.0,,-1072.0,-629.0,-630.0,-229.0,139.0
-63.0,-133.0,328.0,324.0,,-957.0,-704.0,-724.0,-233.0,211.0
-103.0,-363.0,297.0,254.0,,-837.0,-814.0,-1010.0,-66.0,224.0
-105.0,-458.0,230.0,55.0,,-992.0,-928.0,-1032.0,-542.0,227.0
-126.0,-353.0,226.0,-74.0,,-943.0,-955.0,-1141.0,-611.0,259.0
-204.0,198.0,153.0,-132.0,,-932.0,-882.0,-1128.0,-315.0,246.0
-225.0,149.0,71.0,-65.0,,-1057.0,-781.0,-981.0,-204.0,215.0
-199.0,-156.0,56.0,-13.0,,-1025.0,-699.0,-892.0,-694.0,217.0
-256.0,64.0,18.0,-101.0,,-1037.0,-611.0,-580.0,-384.0,238.0
-322.0,93.0,5.0,-183.0,,-1053.0,-535.0,-552.0,-428.0,174.0
-365.0,52.0,-12.0,-177.0,,-1204.0,-425.0,-437.0,-397.0,62.0
-353.0,302.0,-49.0,-193.0,,-1303.0,-313.0,-358.0,-110.0,13.0
-333.0,625.0,12.0,-102.0,,-1168.0,-245.0,-375.0,-357.0,-88.0
-393.0,694.0,52.0,128.0,,-1179.0,-168.0,-399.0,-524.0,-258.0
-373.0,772.0,19.0,289.0,,-1235.0,-148.0,-624.0,-440.0,-379.0
-315.0,875.0,40.0,201.0,,-1146.0,-131.0,-578.0,-221.0,-437.0
-261.0,861.0,-40.0,-8.0,,-1133.0,-52.0,-618.0,-377.0,-504.0
-252.0,1090.0,-56.0,24.0,,-1276.0,12.0,-654.0,158.0,-566.0
-231.0,1114.0,17.0,127.0,,-1498.0,17.0,-594.0,-343.0,-551.0
-166.0,1401.0,4.0,42.0,,-1484.0,-18.0,-439.0,-230.0,-505.0
-164.0,1745.0,-50.0,-47.0,,-1405.0,-84.0,-232.0,41.0,-441.0
-156.0,1855.0,-56.0,-25.0,,-1464.0,-152.0,-295.0,-524.0,-241.0
-160.0,1654.0,-62.0,20.0,,-1494.0,-273.0,-182.0,-134.0,-18.0
-103.0,1143.0,-42.0,66.0,,-1504.0,-472.0,-221.0,-441.0,84.0
-102.0,942.0,-20.0,120.0,,-1335.0,-674.0,-389.0,-49.0,228.0
-147.0,129.0,-70.0,169.0,,-1242.0,-889.0,-522.0,-28.0,391.0
-123.0,-251.0,-43.0,134.0,,-1343.0,-1039.0,-594.0,201.0,447.0
-133.0,-138.0,-19.0,77.0,,-1358.0,-1093.0,-473.0,343.0,401.0
-154.0,-325.0,12.0,178.0,,-1329.0,-1079.0,-589.0,78.0,366.0
-192.0,-9.0,35.0,355.0,,-1395.0,-1016.0,-550.0,456.0,316.0
-197.0,338.0,12.0,405.0,,-1392.0,-987.0,-545.0,47.0,202.0
-170.0,684.0,-12.0,288.0,,-1270.0,-925.0,-515.0,403.0,143.0
-164.0,737.0,-13.0,267.0,,-1268.0,-765.0,-243.0,173.0,96.0
-162.0,564.0,35.0,422.0,,-1310.0,-575.0,-177.0,-108.0,70.0
-128.0,568.0,82.0,577.0,,-1094.0,-429.0,-77.0,-136.0,26.0
-127.0,452.0,109.0,690.0,,-986.0,-339.0,-149.0,-40.0,32.0
-112.0,439.0,139.0,779.0,,-1322.0,-286.0,-194.0,58.0,115.0
-78.0,257.0,102.0,746.0,,-1156.0,-228.0,-352.0,-438.0,43.0
-51.0,263.0,65.0,550.0,,-702.0,-144.0,-657.0,254.0,-69.0
-14.0,460.0,114.0,375.0,,-833.0,-34.0,-657.0,285.0,-99.0
-26.0,85.0,63.0,237.0,,-1076.0,90.0,-755.0,-14.0,-164.0
52.0,-99.0,1.0,118.0,,-1020.0,142.0,-726.0,88.0,-293.0
118.0,-212.0,-64.0,38.0,,-963.0,162.0,-698.0,238.0,-378.0
118.0,-467.0,-54.0,-33.0,,-1161.0,202.0,-532.0,-172.0,-411.0
124.0,-716.0,-67.0,-132.0,,-1130.0,234.0,-216.0,-502.0,-440.0
155.0,-946.0,-167.0,-308.0,,-918.0,238.0,-129.0,-80.0,-419.0
199.0,-773.0,-164.0,-436.0,,-891.0,135.0,24.0,-181.0,-299.0
166.0,-778.0,-253.0,-560.0,,-1055.0,-26.0,33.0,-198.0,-174.0
173.0,-876.0,-330.0,-737.0,,-932.0,-174.0,66.0,-423.0,-97.0
211.0,-757.0,-324.0,-754.0,,-682.0,-261.0,-173.0,-17.0,41.0
259.0,-519.0,-339.0,-647.0,,-843.0,-291.0,-439.0,161.0,190.0
279.0,-178.0,-402.0,-477.0,,-868.0,-324.0,-277.0,80.0,213.0
274.0,56.0,-378.0,-179.0,,-947.0,-314.0,-266.0,238.0,172.0
302.0,424.0,-341.0,83.0,,-817.0,-280.0,-73.0,34.0,227.0
324.0,868.0,-384.0,230.0,,-513.0,-207.0,173.0,406.0,230.0
307.0,858.0,-338.0,322.0,,-734.0,-130.0,448.0,194.0,166.0
274.0,956.0,-367.0,478.0,,-1028.0,-102.0,607.0,84.0,187.0
277.0,1197.0,-368.0,582.0,,-1034.0,-79.0,487.0,313.0,233.0
273.0,1093.0,-330.0,485.0,,-1012.0,-130.0,469.0,110.0,236.0
231.0,1100.0,-363.0,374.0,,-960.0,-176.0,134.0,301.0,239.0
178.0,1167.0,-358.0,375.0,,-736.0,-134.0,-151.0,443.0,327.0
191.0,958.0,-332.0,349.0,,-902.0,-97.0,-380.0,58.0,303.0
171.0,554.0,-270.0,186.0,,-905.0,-74.0,-600.0,200.0,266.0
101.0,677.0,-224.0,141.0,,-721.0,-114.0,-594.0,504.0,314.0
71.0,649.0,-222.0,212.0,,-1047.0,-184.0,-565.0,293.0,282.0
88.0,162.0,-167.0,138.0,,-989.0,-172.0,-234.0,339.0,267.0
138.0,69.0,-96.0,43.0,,-754.0,-193.0,-145.0,413.0,225.0
135.0,128.0,-115.0,41.0,,-1251.0,-213.0,-49.0,315.0,218.0
145.0,92.0,-78.0,103.0,,-1365.0,-137.0,264.0,442.0,210.0
165.0,-182.0,-48.0,227.0,,-859.0,-132.0,332.0,554.0,160.0
160.0,-14.0,-55.0,314.0,,-913.0,-149.0,376.0,449.0,165.0
110.0,118.0,-61.0,338.0,,-1074.0,-85.0,240.0,706.0,159.0
66.0,-63.0,-126.0,357.0,,-771.0,-23.0,260.0,301.0,136.0
90.0,-13.0,-109.0,273.0,,-486.0,49.0,145.0,163.0,113.0
66.0,28.0,-167.0,68.0,,-696.0,70.0,-60.0,716.0,132.0
47.0,115.0,-213.0,-29.0,,-1032.0,-17.0,72.0,521.0,48.0
58.0,-66.0,-209.0,-8.0,,-1170.0,-73.0,60.0,430.0,-107.0
68.0,-72.0,-278.0,-93.0,,-909.0,-88.0,97.0,180.0,-168.0
51.0,-266.0,-267.0,-235.0,,-487.0,-101.0,107.0,330.0,-214.0
-3.0,-650.0,-272.0,-325.0,,-700.0,-87.0,310.0,370.0,-293.0
-42.0,-432.0,-291.0,-321.0,,-1016.0,-102.0,552.0,109.0,-322.0
-42.0,-4.0,-274.0,-291.0,,-786.0,-110.0,576.0,280.0,-254.0
-55.0,305.0,-259.0,-286.0,,-380.0,-127.0,670.0,293.0,-199.0
-129.0,232.0,-252.0,-176.0,,-532.0,-153.0,548.0,356.0,-131.0
-154.0,108.0,-178.0,17.0,,-587.0,-125.0,424.0,170.0,-57.0
-162.0,14.0,-155.0,247.0,,-312.0,-103.0,86.0,96.0,52.0
-226.0,-138.0,-168.0,411.0,,-580.0,-110.0,-145.0,258.0,207.0
-301.0,-562.0,-135.0,455.0,,-428.0,-129.0,-169.0,-150.0,393.0
-320.0,-507.0,-109.0,574.0,,-110.0,-137.0,-356.0,-404.0,585.0
-335.0,85.0,-24.0,620.0,,-355.0,-144.0,-260.0,-61.0,585.0
-349.0,-176.0,-16.0,457.0,,-313.0,-161.0,-221.0,-504.0,526.0
-339.0,-260.0,26.0,280.0,,-181.0,-299.0,-101.0,-363.0,548.0
-364.0,-108.0,58.0,106.0,,-302.0,-504.0,-9.0,12.0,523.0
-352.0,-233.0,58.0,-45.0,,-398.0,-625.0,72.0,-145.0,409.0
-365.0,-324.0,67.0,-224.0,,-256.0,-719.0,315.0,-106.0,343.0
-401.0,-96.0,77.0,-264.0,,-373.0,-778.0,330.0,-216.0,292.0
-407.0,444.0,116.0,-179.0,,-548.0,-816.0,556.0,-59.0,213.0
-407.0,181.0,41.0,-200.0,,-87.0,-852.0,705.0,-363.0,183.0
-416.0,138.0,18.0,-132.0,,-41.0,-845.0,812.0,24.0,136.0
-404.0,374.0,-16.0,29.0,,-198.0,-747.0,910.0,-128.0,108.0
-339.0,362.0,-76.0,252.0,,-34.0,-585.0,914.0,-475.0,76.0
-308.0,440.0,-139.0,379.0,,-183.0,-437.0,1097.0,-539.0,33.0
-313.0,440.0,-243.0,454.0,,-170.0,-330.0,1014.0,-866.0,-6.0
-280.0,738.0,-298.0,591.0,,29.0,-195.0,982.0,-206.0,-85.0
-212.0,504.0,-372.0,529.0,,27.0,-71.0,933.0,-596.0,-165.0
-211.0,178.0,-408.0,301.0,,-244.0,-58.0,766.0,-414.0,-207.0
-237.0,318.0,-384.0,93.0,,-47.0,-89.0,522.0,-344.0,-176.0
-253.0,517.0,-399.0,-52.0,,306.0,-177.0,214.0,-447.0,-150.0
-234.0,605.0,-426.0,-169.0,,-205.0,-321.0,293.0,102.0,-111.0
-229.0,613.0,-458.0,-282.0,,-315.0,-545.0,288.0,-292.0,-35.0
-273.0,716.0,-480.0,-324.0,,120.0,-777.0,315.0,-420.0,93.0
-293.0,317.0,-476.0,-254.0,,87.0,-936.0,436.0,-397.0,163.0
-271.0,-45.0,-485.0,-259.0,,-164.0,-1099.0,493.0,-393.0,140.0
-190.0,-399.0,-430.0,-252.0,,-86.0,-1240.0,607.0,-680.0,168.0
-187.0,-844.0,-380.0,-175.0,,65.0,-1288.0,552.0,-7.0,162.0
-189.0,-1332.0,-375.0,-143.0,,120.0,-1192.0,692.0,94.0,109.0
-168.0,-1809.0,-343.0,-208.0,,295.0,-1056.0,668.0,-404.0,-23.0
-163.0,-1730.0,-309.0,-214.0,,333.0,-960.0,491.0,299.0,-155.0
-136.0,-1644.0,-266.0,-42.0,,248.0,-849.0,484.0,183.0,-314.0
-153.0,-1429.0,-214.0,11.0,,373.0,-687.0,458.0,59.0,-426.0
-137.0,-1332.0,-204.0,-41.0,,428.0,-517.0,635.0,-65.0,-415.0
-73.0,-1271.0,-229.0,-145.0,,244.0,-425.0,628.0,-113.0,-440.0
-30.0,-1191.0,-184.0,-152.0,,507.0,-377.0,578.0,34.0,-415.0
-41.0,-1124.0,-131.0,-61.0,,696.0,-345.0,410.0,269.0,-423.0
-53.0,-448.0,-137.0,-92.0,,435.0,-395.0,123.0,11.0,-394.0
-32.0,-100.0,-142.0,-214.0,,191.0,-473.0,109.0,-451.0,-269.0
0.0,-42.0,-158.0,-238.0,,335.0,-502.0,94.0,164.0,-154.0
0.0,-12.0,-174.0,-143.0,,602.0,-560.0,365.0,-121.0,-102.0
-42.0,-60.0,-179.0,-214.0,,494.0,-670.0,550.0,-423.0,-43.0
-71.0,-118.0,-171.0,-284.0,,618.0,-788.0,674.0,-20.0,24.0
-52.0,-72.0,-200.0,-141.0,,440.0,-873.0,868.0,-181.0,41.0
-31.0,243.0,-246.0,39.0,,231.0,-860.0,870.0,-475.0,90.0
-79.0,108.0,-227.0,54.0,,422.0,-749.0,997.0,179.0,68.0
-125.0,8.0,-248.0,-71.0,,335.0,-629.0,910.0,203.0,52.0
-114.0,-108.0,-262.0,-114.0,,340.0,-624.0,855.0,-440.0,0.0
-49.0,-73.0,-268.0,-156.0,,302.0,-731.0,724.0,-105.0,-100.0
-56.0,276.0,-318.0,-330.0,,252.0,-791.0,502.0,-242.0,-166.0
-139.0,293.0,-351.0,-370.0,,307.0,-779.0,450.0,236.0,-282.0
-140.0,354.0,-385.0,-239.0,,373.0,-766.0,236.0,524.0,-372.0
-70.0,193.0,-419.0,-121.0,,553.0,-786.0,227.0,-173.0,-458.0
-44.0,217.0,-428.0,-28.0,,518.0,-838.0,279.0,-49.0,-635.0
-92.0,488.0,-484.0,-1.0,,413.0,-895.0,495.0,230.0,-832.0
-85.0,255.0,-550.0,-17.0,,619.0,-954.0,637.0,86.0,-874.0
-65.0,183.0,-542.0,-160.0,,654.0,-975.0,580.0,-124.0,-922.0
-95.0,414.0,-633.0,-425.0,,380.0,-998.0,687.0,-67.0,-1063.0
-148.0,518.0,-676.0,-532.0,,511.0,-1008.0,471.0,-404.0,-1094.0
-190.0,525.0,-629.0,-559.0,,634.0,-940.0,303.0,-126.0,-1067.0
-219.0,419.0,-614.0,-661.0,,296.0,-850.0,158.0,116.0,-1082.0
-259.0,420.0,-590.0,-633.0,,114.0,-735.0,157.0,-162.0,-964.0
-280.0,265.0,-607.0,-532.0,,273.0,-606.0,336.0,353.0,-776.0
-337.0,151.0,-562.0,-415.0,,400.0,-455.0,339.0,-378.0,-796.0
-342.0,-12.0,-510.0,-380.0,,511.0,-338.0,642.0,-269.0,-790.0
-341.0,-253.0,-514.0,-395.0,,790.0,-317.0,855.0,588.0,-621.0
-377.0,-68.0,-521.0,-205.0,,795.0,-321.0,1014.0,181.0,-555.0
-391.0,-568.0,-488.0,-27.0,,516.0,-331.0,1042.0,535.0,-644.0
-401.0,-792.0,-456.0,3.0,,484.0,-397.0,896.0,244.0,-687.0
-390.0,-281.0,-430.0,12.0,,703.0,-539.0,862.0,117.0,-653.0
-419.0,-8.0,-401.0,286.0,,755.0,-741.0,519.0,488.0,-626.0
-406.0,548.0,-387.0,575.0,,754.0,-940.0,253.0,292.0,-535.0
-405.0,680.0,-340.0,561.0,,861.0,-1051.0,77.0,-59.0,-456.0
-442.0,53.0,-341.0,536.0,,768.0,-1111.0,29.0,-285.0,-408.0
-418.0,-379.0,-307.0,665.0,,793.0,-1232.0,125.0,-47.0,-282.0
-375.0,-635.0,-263.0,732.0,,853.0,-1428.0,169.0,-477.0,-71.0
-323.0,-1190.0,-219.0,557.0,,904.0,-1582.0,402.0,-142.0,96.0
-287.0,-1074.0,-179.0,453.0,,1287.0,-1620.0,532.0,-145.0,198.0
-243.0,-945.0,-238.0,377.0,,1390.0,-1571.0,787.0,-740.0,294.0
-198.0,-980.0,-223.0,280.0,,1176.0,-1466.0,1008.0,-127.0,316.0
-109.0,-692.0,-233.0,65.0,,1144.0,-1305.0,1075.0,43.0,305.0
-54.0,-750.0,-286.0,-245.0,,1091.0,-1054.0,1152.0,-113.0,214.0
-81.0,-523.0,-242.0,-323.0,,920.0,-768.0,977.0,-284.0,82.0
-62.0,-1158.0,-264.0,-437.0,,832.0,-536.0,962.0,-221.0,-70.0
-5.0,-1415.0,-294.0,-556.0,,1010.0,-304.0,812.0,-44.0,-210.0
51.0,-490.0,-266.0,-592.0,,1029.0,-88.0,646.0,181.0,-254.0
73.0,7.0,-242.0,-467.0,,755.0,68.0,630.0,-209.0,-351.0
102.0,250.0,-168.0,-190.0,,901.0,176.0,465.0,-629.0,-438.0
148.0,193.0,-182.0,-154.0,,942.0,196.0,415.0,-521.0,-519.0
186.0,158.0,-211.0,-102.0,,695.0,177.0,304.0,-746.0,-559.0
233.0,-424.0,-146.0,-9.0,,799.0,104.0,400.0,-166.0,-551.0
258.0,-331.0,-178.0,-100.0,,924.0,-57.0,428.0,-369.0,-649.0
284.0,5.0,-203.0,-197.0,,830.0,-274.0,408.0,-627.0,-681.0
325.0,-376.0,-193.0,-192.0,,720.0,-465.0,546.0,-482.0,-613.0
363.0,-259.0,-231.0,-76.0,,645.0,-522.0,519.0,-218.0,-582.0
381.0,-488.0,-231.0,-145.0,,554.0,-492.0,622.0,320.0,-612.0
386.0,-464.0,-264.0,-373.0,,674.0,-498.0,602.0,-168.0,-575.0
349.0,-136.0,-282.0,-436.0,,832.0,-595.0,748.0,95.0,-487.0
329.0,-284.0,-266.0,-335.0,,774.0,-697.0,866.0,-267.0,-505.0
336.0,-430.0,-233.0,-240.0,,479.0,-735.0,727.0,-292.0,-496.0
275.0,175.0,-170.0,-321.0,,257.0,-750.0,792.0,328.0,-419.0
217.0,688.0,-152.0,-307.0,,403.0,-771.0,770.0,-9.0,-396.0
218.0,445.0,-80.0,-177.0,,634.0,-785.0,776.0,6.0,-409.0
189.0,341.0,-21.0,-172.0,,626.0,-754.0,609.0,-361.0,-386.0
93.0,526.0,39.0,-166.0,,269.0,-684.0,463.0,-264.0,-357.0
10.0,748.0,99.0,-166.0,,198.0,-589.0,391.0,-58.0,-373.0
-63.0,549.0,60.0,-215.0,,406.0,-494.0,208.0,-339.0,-379.0
-101.0,776.0,56.0,-350.0,,375.0,-445.0,219.0,-729.0,-318.0
-182.0,424.0,58.0,-532.0,,352.0,-409.0,75.0,-792.0,-222.0
-319.0,-536.0,34.0,-641.0,,626.0,-336.0,12.0,-464.0,-187.0
-355.0,-612.0,66.0,-646.0,,722.0,-272.0,-73.0,-559.0,-213.0
-364.0,-554.0,-7.0,-657.0,,452.0,-189.0,-256.0,-620.0,-192.0
-403.0,-398.0,-116.0,-668.0,,422.0,-63.0,-297.0,-753.0,-145.0
-462.0,-426.0,-142.0,-525.0,,548.0,-1.0,-384.0,-841.0,-172.0
-468.0,-551.0,-235.0,-317.0,,607.0,0.0,-136.0,-726.0,-199.0
-425.0,-587.0,-267.0,-359.0,,564.0,-29.0,155.0,-686.0,-200.0
-374.0,-226.0,-325.0,-523.0,,608.0,-113.0,380.0,-1059.0,-172.0
-349.0,15.0,-398.0,-413.0,,619.0,-194.0,587.0,-1056.0,-99.0
-340.0,-353.0,-407.0,-228.0,,542.0,-226.0,604.0,-963.0,-73.0
-286.0,-300.0,-433.0,-114.0,,465.0,-215.0,657.0,-866.0,-98.0
-221.0,-392.0,-447.0,121.0,,222.0,-182.0,546.0,-478.0,-104.0
-172.0,-550.0,-448.0,404.0,,273.0,-135.0,617.0,-988.0,20.0
-121.0,-765.0,-404.0,408.0,,508.0,-45.0,670.0,-1137.0,83.0
-59.0,-1372.0,-400.0,357.0,,550.0,37.0,417.0,-1109.0,48.0
-50.0,-1200.0,-368.0,352.0,,323.0,74.0,134.0,-794.0,82.0
-40.0,-501.0,-295.0,298.0,,114.0,89.0,-188.0,-254.0,109.0
-21.0,-265.0,-270.0,374.0,,85.0,84.0,-299.0,-455.0,136.0
-16.0,-235.0,-256.0,328.0,,144.0,85.0,-589.0,-139.0,153.0
8.0,-83.0,-269.0,256.0,,374.0,71.0,-748.0,-55.0,176.0
51.0,51.0,-294.0,195.0,,427.0,32.0,-665.0,363.0,135.0
69.0,151.0,-307.0,-19.0,,407.0,-21.0,-617.0,710.0,149.0
50.0,390.0,-315.0,-203.0,,283.0,-112.0,-373.0,97.0,300.0
36.0,1083.0,-290.0,-246.0,,22.0,-218.0,-334.0,143.0,355.0
40.0,1361.0,-229.0,-173.0,,63.0,-276.0,-177.0,150.0,342.0
35.0,1516.0,-221.0,-206.0,,222.0,-225.0,-49.0,187.0,400.0
-16.0,2182.0,-207.0,-389.0,,222.0,-161.0,70.0,363.0,513.0
-66.0,1785.0,-155.0,-423.0,,99.0,-109.0,216.0,190.0,549.0
-61.0,1331.0,-167.0,-262.0,,-47.0,80.0,155.0,-11.0,602.0
-40.0,1144.0,-157.0,-193.0,,-75.0,306.0,375.0,-209.0,656.0
-110.0,605.0,-160.0,-321.0,,-20.0,440.0,386.0,182.0,623.0
-156.0,358.0,-170.0,-362.0,,57.0,518.0,382.0,249.0,647.0
-112.0,64.0,-149.0,-145.0,,116.0,543.0,347.0,-58.0,693.0
-49.0,-246.0,-145.0,54.0,,46.0,521.0,103.0,-103.0,664.0
-22.0,-940.0,-119.0,147.0,,-68.0,425.0,-121.0,-127.0,577.0
-9.0,-1411.0,-92.0,267.0,,-116.0,344.0,-511.0,70.0,535.0
88.0,-1167.0,-59.0,445.0,,12.0,371.0,-679.0,-96.0,603.0
154.0,-861.0,-36.0,584.0,,164.0,395.0,-995.0,-197.0,634.0
194.0,-919.0,-51.0,560.0,,95.0,446.0,-1202.0,-229.0,542.0
262.0,-965.0,-83.0,459.0,,101.0,501.0,-1121.0,-210.0,535.0
319.0,-507.0,-50.0,448.0,,301.0,461.0,-1010.0,167.0,597.0
381.0,-189.0,-48.0,406.0,,288.0,475.0,-644.0,206.0,596.0
481.0,-212.0,-71.0,335.0,,180.0,541.0,-391.0,79.0,654.0
489.0,-547.0,-61.0,338.0,,298.0,624.0,-3.0,172.0,716.0
475.0,-1144.0,-38.0,311.0,,373.0,696.0,269.0,266.0,703.0
494.0,-1486.0,-13.0,282.0,,227.0,713.0,303.0,293.0,751.0
476.0,-1287.0,9.0,253.0,,119.0,795.0,238.0,589.0,824.0
476.0,-1204.0,77.0,339.0,,206.0,850.0,12.0,385.0,808.0
413.0,-1251.0,84.0,333.0,,213.0,828.0,0.0,-23.0,749.0
370.0,-690.0,74.0,159.0,,139.0,846.0,-153.0,-187.0,637.0
348.0,56.0,76.0,178.0,,196.0,858.0,-218.0,-166.0,515.0
356.0,474.0,84.0,349.0,,283.0,886.0,-145.0,-98.0,396.0
358.0,590.0,99.0,543.0,,250.0,953.0,-221.0,-422.0,187.0
325.0,769.0,124.0,558.0,,171.0,969.0,-221.0,-452.0,-23.0
317.0,1878.0,99.0,335.0,,175.0,941.0,-206.0,-403.0,-140.0
344.0,2835.0,93.0,166.0,,26.0,891.0,-120.0,185.0,-224.0
411.0,2694.0,55.0,136.0,,-223.0,838.0,-210.0,147.0,-309.0
403.0,2441.0,-57.0,-48.0,,-141.0,825.0,-225.0,-351.0,-284.0
428.0,1920.0,-57.0,-235.0,,100.0,869.0,-120.0,-142.0,-235.0
486.0,1253.0,-78.0,-247.0,,129.0,939.0,-201.0,-267.0,-223.0
530.0,540.0,-150.0,-217.0,,-24.0,1034.0,-144.0,115.0,-74.0
550.0,192.0,-188.0,-192.0,,-199.0,1121.0,-216.0,108.0,95.0
496.0,-182.0,-152.0,-283.0,,-227.0,1165.0,-277.0,7.0,72.0
457.0,-936.0,-142.0,-244.0,,-234.0,1245.0,-384.0,170.0,26.0
448.0,-817.0,-93.0,-27.0,,-254.0,1286.0,-570.0,208.0,101.0
404.0,-917.0,-39.0,217.0,,-196.0,1302.0,-454.0,583.0,67.0
343.0,-740.0,8.0,497.0,,-293.0,1354.0,-458.0,523.0,-62.0
317.0,-138.0,96.0,709.0,,-357.0,1374.0,-319.0,424.0,-82.0
323.0,-132.0,117.0,750.0,,-182.0,1455.0,-77.0,264.0,-71.0
315.0,89.0,251.0,664.0,,-199.0,1527.0,105.0,358.0,-172.0
243.0,-101.0,365.0,624.0,,-351.0,1533.0,120.0,466.0,-275.0
202.0,-53.0,430.0,651.0,,-324.0,1558.0,-184.0,539.0,-273.0
167.0,155.0,519.0,609.0,,-210.0,1533.0,-323.0,115.0,-289.0
101.0,24.0,557.0,467.0,,-143.0,1497.0,-543.0,-391.0,-348.0
49.0,363.0,582.0,301.0,,-335.0,1507.0,-611.0,-131.0,-344.0
-14.0,285.0,638.0,160.0,,-269.0,1497.0,-630.0,-445.0,-299.0
-13.0,-113.0,663.0,-10.0,,106.0,1502.0,-615.0,-354.0,-325.0
3.0,-484.0,658.0,-314.0,,131.0,1493.0,-412.0,-328.0,-327.0
-44.0,-922.0,702.0,-504.0,,-16.0,1488.0,-541.0,-540.0,-247.0
-75.0,-983.0,701.0,-435.0,,-125.0,1495.0,-511.0,-524.0,-165.0
-70.0,-712.0,681.0,-294.0,,-1.0,1406.0,-545.0,-446.0,-170.0
-77.0,-491.0,660.0,-298.0,,-12.0,1285.0,-618.0,-343.0,-160.0
-63.0,-105.0,634.0,-429.0,,-285.0,1201.0,-639.0,-803.0,-68.0
-67.0,687.0,572.0,-434.0,,-148.0,1146.0,-698.0,-613.0,-71.0
-115.0,948.0,490.0,-322.0,,41.0,1112.0,-498.0,-269.0,-70.0
-169.0,503.0,463.0,-238.0,,-82.0,1064.0,-460.0,-90.0,-23.0
-230.0,122.0,436.0,-237.0,,-103.0,963.0,-243.0,-239.0,13.0
-259.0,80.0,404.0,-253.0,,35.0,908.0,-29.0,-348.0,19.0
-312.0,265.0,361.0,-263.0,,66.0,1002.0,60.0,-115.0,18.0
-395.0,320.0,291.0,-287.0,,47.0,1065.0,110.0,14.0,14.0
-457.0,406.0,232.0,-235.0,,100.0,1114.0,-142.0,308.0,-101.0
-487.0,587.0,177.0,-173.0,,-3.0,1238.0,-295.0,37.0,-140.0
-496.0,11.0,129.0,-144.0,,-102.0,1374.0,-648.0,24.0,-27.0
-514.0,-504.0,92.0,-186.0,,-136.0,1534.0,-1012.0,-135.0,64.0
-486.0,-530.0,5.0,-284.0,,-164.0,1622.0,-1243.0,-153.0,105.0
-452.0,-180.0,-67.0,-307.0,,-24.0,1614.0,-1387.0,137.0,195.0
-408.0,556.0,-116.0,-401.0,,-45.0,1542.0,-1221.0,-294.0,385.0
-370.0,367.0,-177.0,-487.0,,-150.0,1400.0,-1027.0,-478.0,494.0
-349.0,362.0,-226.0,-422.0,,-101.0,1223.0,-613.0,-748.0,461.0
-252.0,157.0,-268.0,-366.0,,2.0,1045.0,-369.0,-585.0,436.0
-163.0,-499.0,-303.0,-317.0,,49.0,897.0,-249.0,-90.0,418.0
-112.0,-750.0,-291.0,-265.0,,0.0,770.0,-27.0,-366.0,356.0
-65.0,-954.0,-291.0,-162.0,,-80.0,692.0,-127.0,-625.0,349.0
41.0,-732.0,-305.0,23.0,,-194.0,642.0,-275.0,-512.0,430.0
155.0,-905.0,-263.0,126.0,,-168.0,648.0,-456.0,-502.0,452.0
231.0,-700.0,-255.0,168.0,,-94.0,732.0,-541.0,-303.0,443.0
299.0,-503.0,-234.0,228.0,,-112.0,850.0,-753.0,20.0,563.0
398.0,-602.0,-239.0,290.0,,-50.0,1033.0,-925.0,-75.0,716.0
564.0,-523.0,-232.0,244.0,,8.0,1182.0,-807.0,-99.0,738.0
600.0,-464.0,-184.0,89.0,,0.0,1255.0,-1003.0,121.0,705.0
613.0,193.0,-165.0,-23.0,,-10.0,1329.0,-1108.0,158.0,797.0
665.0,458.0,-123.0,-89.0,,8.0,1352.0,-1239.0,40.0,881.0
725.0,873.0,-128.0,10.0,,33.0,1297.0,-1280.0,204.0,899.0
770.0,1660.0,-32.0,93.0,,-46.0,1200.0,-1141.0,126.0,1051.0
733.0,2267.0,58.0,72.0,,-34.0,1106.0,-1121.0,202.0,1214.0
772.0,2523.0,82.0,151.0,,47.0,1050.0,-825.0,443.0,1293.0
823.0,2915.0,118.0,163.0,,-8.0,998.0,-644.0,-66.0,1401.0
841.0,3518.0,90.0,108.0,,-168.0,980.0,-410.0,66.0,1511.0
841.0,3047.0,111.0,141.0,,-210.0,947.0,-256.0,571.0,1523.0
875.0,2309.0,112.0,224.0,,-14.0,790.0,-247.0,499.0,1423.0
949.0,1525.0,130.0,81.0,,24.0,685.0,-173.0,392.0,1330.0
963.0,518.0,168.0,-131.0,,-143.0,693.0,-358.0,410.0,1269.0
980.0,-688.0,171.0,-200.0,,-302.0,680.0,-404.0,450.0,1069.0
998.0,-1342.0,195.0,-313.0,,-191.0,694.0,-533.0,327.0,822.0
1015.0,-1027.0,219.0,-439.0,,-85.0,763.0,-611.0,494.0,667.0
1000.0,-1261.0,251.0,-500.0,,-249.0,829.0,-533.0,569.0,466.0
935.0,-1945.0,217.0,-449.0,,-219.0,899.0,-443.0,145.0,224.0
907.0,-2105.0,215.0,-435.0,,-263.0,969.0,-277.0,209.0,40.0
883.0,-1405.0,238.0,-434.0,,-471.0,1016.0,-218.0,394.0,-111.0
852.0,-910.0,170.0,-325.0,,-503.0,1032.0,83.0,414.0,-302.0
812.0,-749.0,123.0,-264.0,,-515.0,967.0,208.0,223.0,-428.0
775.0,-411.0,75.0,-176.0,,-586.0,907.0,210.0,-329.0,-438.0
751.0,-476.0,45.0,-14.0,,-596.0,864.0,277.0,-170.0,-462.0
672.0,-456.0,1.0,0.0,,-475.0,824.0,151.0,145.0,-422.0
609.0,-242.0,-78.0,-33.0,,-406.0,835.0,79.0,-31.0,-354.0
556.0,-238.0,-107.0,37.0,,-502.0,755.0,-253.0,-310.0,-311.0
533.0,-131.0,-171.0,131.0,,-563.0,652.0,-458.0,-166.0,-254.0
485.0,221.0,-169.0,283.0,,-456.0,585.0,-493.0,-291.0,-280.0
386.0,520.0,-138.0,295.0,,-302.0,531.0,-609.0,-535.0,-233.0
367.0,801.0,-151.0,303.0,,-342.0,531.0,-497.0,-150.0,-143.0
372.0,701.0,-186.0,459.0,,-473.0,548.0,-484.0,-261.0,-194.0
365.0,546.0,-229.0,583.0,,-467.0,638.0,-349.0,-355.0,-200.0
356.0,866.0,-209.0,652.0,,-372.0,709.0,-291.0,-372.0,-123.0
381.0,722.0,-208.0,529.0,,-221.0,685.0,-284.0,-76.0,-102.0
419.0,391.0,-183.0,397.0,,-149.0,663.0,-171.0,383.0,-131.0
428.0,396.0,-201.0,285.0,,-239.0,681.0,-380.0,421.0,-136.0
431.0,629.0,-181.0,143.0,,-327.0,726.0,-450.0,231.0,-146.0
463.0,838.0,-150.0,45.0,,-331.0,723.0,-506.0,519.0,-152.0
498.0,1132.0,-118.0,-88.0,,-125.0,710.0,-491.0,942.0,-92.0
489.0,1419.0,-18.0,-175.0,,67.0,696.0,-315.0,564.0,0.0
453.0,1443.0,-15.0,-196.0,,18.0,665.0,-81.0,1010.0,-18.0
430.0,1995.0,1.0,-176.0,,8.0,608.0,158.0,738.0,-159.0
384.0,2165.0,30.0,-118.0,,45.0,483.0,48.0,638.0,-116.0
290.0,1957.0,58.0,-19.0,,98.0,339.0,9.0,1174.0,37.0
186.0,1738.0,57.0,27.0,,96.0,221.0,-164.0,953.0,71.0
82.0,1261.0,37.0,16.0,,231.0,130.0,-360.0,1253.0,117.0
37.0,1075.0,39.0,27.0,,476.0,55.0,-447.0,928.0,174.0
-54.0,594.0,-19.0,44.0,,246.0,55.0,-508.0,1085.0,152.0
-172.0,446.0,-41.0,62.0,,48.0,105.0,-314.0,1281.0,190.0
-283.0,432.0,-3.0,34.0,,281.0,155.0,-423.0,1186.0,223.0
-363.0,-23.0,63.0,0.0,,455.0,272.0,-384.0,1124.0,146.0
-396.0,-176.0,75.0,4.0,,324.0,369.0,-277.0,979.0,135.0
-482.0,-301.0,87.0,-50.0,,124.0,436.0,-380.0,1391.0,118.0
-568.0,-556.0,144.0,-138.0,,181.0,509.0,-343.0,844.0,101.0
-631.0,-734.0,158.0,-114.0,,352.0,543.0,-227.0,899.0,190.0
-643.0,-1074.0,182.0,93.0,,501.0,556.0,107.0,1103.0,318.0
-671.0,-1364.0,205.0,322.0,,580.0,491.0,149.0,528.0,296.0
-689.0,-1617.0,258.0,422.0,,519.0,325.0,194.0,550.0,251.0
-684.0,-2149.0,309.0,474.0,,317.0,134.0,267.0,766.0,276.0
-657.0,-1989.0,339.0,407.0,,223.0,-20.0,40.0,804.0,151.0
-624.0,-1514.0,356.0,387.0,,287.0,-157.0,-133.0,707.0,-18.0
-609.0,-1231.0,347.0,348.0,,209.0,-289.0,-362.0,389.0,-147.0
-575.0,-728.0,357.0,145.0,,45.0,-380.0,-286.0,-30.0,-178.0
-542.0,-284.0,366.0,-22.0,,-87.0,-402.0,-266.0,493.0,-338.0
-477.0,-66.0,330.0,-183.0,,-51.0,-366.0,-275.0,201.0,-579.0
-416.0,-92.0,304.0,-268.0,,62.0,-321.0,24.0,-602.0,-618.0
-327.0,481.0,265.0,-357.0,,124.0,-234.0,171.0,-225.0,-676.0
-276.0,1533.0,210.0,-482.0,,188.0,-116.0,312.0,-193.0,-651.0
-219.0,1691.0,204.0,-594.0,,114.0,-55.0,345.0,-305.0,-530.0
-184.0,1399.0,133.0,-806.0,,116.0,-70.0,445.0,-240.0,-485.0
-187.0,1241.0,108.0,-958.0,,183.0,-171.0,417.0,-158.0,-443.0
-169.0,515.0,47.0,-893.0,,-37.0,-260.0,219.0,-281.0,-313.0
-188.0,-106.0,37.0,-676.0,,-205.0,-305.0,288.0,-201.0,-164.0
-213.0,356.0,66.0,-458.0,,-72.0,-380.0,194.0,-44.0,-68.0
-262.0,1114.0,-29.0,-256.0,,225.0,-458.0,205.0,-116.0,-29.0
-285.0,726.0,0.0,-8.0,,378.0,-494.0,315.0,178.0,-122.0
-332.0,38.0,-42.0,212.0,,170.0,-481.0,550.0,242.0,-148.0
-395.0,-225.0,-7.0,399.0,,201.0,-482.0,814.0,342.0,-46.0
-451.0,-489.0,35.0,511.0,,372.0,-510.0,774.0,486.0,-52.0
-462.0,-343.0,-6.0,484.0,,235.0,-519.0,888.0,246.0,-177.0
-486.0,-406.0,55.0,374.0,,90.0,-484.0,776.0,209.0,-255.0
-547.0,-187.0,-3.0,276.0,,73.0,-412.0,550.0,378.0,-191.0
-525.0,-102.0,-16.0,238.0,,75.0,-356.0,339.0,341.0,-157.0
-475.0,-485.0,-29.0,69.0,,-51.0,-305.0,164.0,229.0,-178.0
-414.0,-571.0,-39.0,-199.0,,-45.0,-221.0,112.0,193.0,-91.0
-388.0,-855.0,-20.0,-267.0,,129.0,-154.0,-118.0,0.0,-60.0
-318.0,-982.0,-30.0,-167.0,,251.0,-156.0,24.0,-322.0,-158.0
-204.0,-1223.0,33.0,-174.0,,236.0,-194.0,186.0,-170.0,-193.0
-110.0,-1109.0,40.0,-204.0,,110.0,-287.0,254.0,-226.0,-183.0
-67.0,-1052.0,77.0,-276.0,,93.0,-442.0,336.0,-623.0,-280.0
-29.0,-1432.0,121.0,-525.0,,58.0,-597.0,363.0,-663.0,-354.0
65.0,-1209.0,133.0,-723.0,,71.0,-713.0,528.0,-635.0,-311.0
105.0,-878.0,152.0,-851.0,,227.0,-774.0,267.0,-466.0,-361.0
110.0,-365.0,99.0,-761.0,,321.0,-877.0,138.0,-496.0,-337.0
135.0,413.0,50.0,-563.0,,218.0,-991.0,190.0,-482.0,-185.0
194.0,1547.0,48.0,-533.0,,100.0,-1045.0,131.0,-474.0,-116.0
226.0,2061.0,32.0,-500.0,,242.0,-1095.0,181.0,-294.0,-74.0
206.0,2159.0,14.0,-347.0,,230.0,-1109.0,131.0,3.0,-55.0
218.0,2664.0,-13.0,-13.0,,75.0,-1050.0,229.0,185.0,7.0
234.0,2579.0,-59.0,210.0,,258.0,-935.0,33.0,142.0,48.0
231.0,2120.0,-77.0,366.0,,354.0,-800.0,-225.0,-296.0,15.0
208.0,1257.0,-63.0,487.0,,138.0,-686.0,-262.0,-24.0,-27.0
185.0,624.0,-65.0,355.0,,62.0,-592.0,-349.0,141.0,-23.0
171.0,307.0,-77.0,233.0,,229.0,-536.0,-190.0,261.0,20.0
123.0,-171.0,-70.0,96.0,,346.0,-480.0,-25.0,323.0,-26.0
100.0,-607.0,-126.0,39.0,,219.0,-368.0,371.0,221.0,1.0
114.0,-1280.0,-133.0,48.0,,184.0,-322.0,783.0,279.0,139.0
126.0,-1511.0,-130.0,19.0,,257.0,-406.0,1047.0,148.0,202.0
147.0,-1330.0,-166.0,-32.0,,223.0,-506.0,1359.0,383.0,179.0
187.0,-1309.0,-181.0,-235.0,,198.0,-601.0,1385.0,280.0,259.0
247.0,-1061.0,-174.0,-341.0,,223.0,-717.0,1413.0,-66.0,397.0
334.0,-1281.0,-170.0,-382.0,,331.0,-819.0,1232.0,-298.0,385.0
389.0,-1441.0,-243.0,-467.0,,229.0,-882.0,1034.0,97.0,310.0
387.0,-927.0,-207.0,-472.0,,36.0,-916.0,788.0,343.0,318.0
424.0,-912.0,-205.0,-434.0,,122.0,-923.0,410.0,-23.0,341.0
428.0,-525.0,-247.0,-338.0,,150.0,-895.0,404.0,-24.0,228.0
358.0,-479.0,-230.0,-90.0,,26.0,-813.0,308.0,104.0,151.0
291.0,-583.0,-217.0,235.0,,42.0,-670.0,338.0,545.0,152.0
276.0,-424.0,-175.0,422.0,,248.0,-503.0,426.0,484.0,101.0
275.0,-869.0,-117.0,446.0,,268.0,-378.0,569.0,71.0,74.0
233.0,-783.0,-80.0,465.0,,93.0,-387.0,764.0,-50.0,139.0
184.0,-476.0,-121.0,458.0,,91.0,-529.0,657.0,61.0,158.0
151.0,558.0,-102.0,365.0,,188.0,-725.0,761.0,37.0,125.0
156.0,1482.0,-98.0,320.0,,280.0,-897.0,703.0,59.0,182.0
118.0,2086.0,-71.0,233.0,,275.0,-1039.0,574.0,101.0,144.0
51.0,2371.0,-27.0,48.0,,282.0,-1102.0,548.0,-271.0,35.0
44.0,2187.0,-7.0,-47.0,,256.0,-1110.0,607.0,-20.0,48.0
26.0,2697.0,30.0,-96.0,,215.0,-1161.0,824.0,139.0,7.0
-30.0,2637.0,9.0,-198.0,,342.0,-1187.0,768.0,100.0,-178.0
-64.0,2168.0,24.0,-355.0,,306.0,-1134.0,849.0,71.0,-214.0
-71.0,955.0,43.0,-425.0,,250.0,-1008.0,861.0,-207.0,-279.0
-77.0,608.0,5.0,-324.0,,368.0,-823.0,785.0,-177.0,-514.0
-94.0,292.0,18.0,-79.0,,563.0,-631.0,742.0,248.0,-577.0
-100.0,-1263.0,84.0,215.0,,698.0,-465.0,665.0,484.0,-618.0
-48.0,-1968.0,64.0,408.0,,602.0,-315.0,781.0,149.0,-802.0
0.0,-3084.0,48.0,601.0,,464.0,-254.0,576.0,68.0,-1008.0
-2.0,-3194.0,58.0,689.0,,396.0,-339.0,356.0,60.0,-1162.0
-20.0,-3010.0,93.0,598.0,,361.0,-482.0,131.0,319.0,-1290.0
-36.0,-3093.0,106.0,515.0,,342.0,-637.0,-94.0,281.0,-1344.0
-32.0,-2666.0,72.0,469.0,,329.0,-796.0,-107.0,-160.0,-1302.0
-46.0,-2587.0,115.0,415.0,,331.0,-935.0,-142.0,84.0,-1274.0
-101.0,-2034.0,158.0,252.0,,339.0,-1081.0,86.0,64.0,-1232.0
-158.0,-1992.0,140.0,54.0,,344.0,-1210.0,142.0,103.0,-1109.0
-216.0,-1974.0,153.0,-117.0,,321.0,-1212.0,227.0,334.0,-892.0
-254.0,-1858.0,193.0,-256.0,,306.0,-1167.0,419.0,154.0,-776.0
-315.0,-1178.0,174.0,-337.0,,279.0,-1111.0,397.0,202.0,-799.0
-359.0,471.0,155.0,-408.0,,286.0,-1020.0,500.0,408.0,-725.0
-396.0,1133.0,104.0,-495.0,,324.0,-975.0,569.0,663.0,-604.0
-465.0,1472.0,49.0,-552.0,,177.0,-910.0,742.0,773.0,-537.0
-495.0,2038.0,40.0,-581.0,,183.0,-836.0,735.0,555.0,-509.0
-498.0,2275.0,0.0,-682.0,,209.0,-811.0,709.0,362.0,-528.0
-481.0,2084.0,-49.0,-733.0,,51.0,-752.0,861.0,90.0,-520.0
-518.0,2022.0,-67.0,-766.0,,73.0,-651.0,768.0,7.0,-545.0
-539.0,1738.0,-69.0,-822.0,,247.0,-618.0,644.0,-98.0,-518.0
-527.0,1039.0,-75.0,-733.0,,324.0,-631.0,349.0,-535.0,-366.0
-498.0,1002.0,-40.0,-517.0,,52.0,-652.0,227.0,-648.0,-246.0
-489.0,526.0,55.0,-295.0,,13.0,-711.0,145.0,-330.0,-104.0
-517.0,10.0,58.0,-145.0,,99.0,-770.0,38.0,-58.0,108.0
-492.0,-468.0,83.0,84.0,,-63.0,-856.0,306.0,-216.0,303.0
-476.0,-1057.0,182.0,342.0,,-112.0,-950.0,474.0,-264.0,359.0
-447.0,-1195.0,195.0,504.0,,12.0,-1046.0,722.0,-290.0,355.0
-420.0,-1883.0,264.0,657.0,,226.0,-1156.0,951.0,-161.0,392.0
-348.0,-1932.0,286.0,658.0,,50.0,-1199.0,1217.0,363.0,324.0
-307.0,-1529.0,323.0,574.0,,-216.0,-1221.0,1450.0,234.0,173.0
-294.0,-931.0,382.0,591.0,,-208.0,-1212.0,1393.0,-76.0,134.0
-261.0,48.0,358.0,562.0,,-160.0,-1101.0,1480.0,-2.0,67.0
-249.0,774.0,358.0,481.0,,-178.0,-927.0,1324.0,-12.0,-108.0
-235.0,866.0,371.0,465.0,,-274.0,-704.0,1093.0,52.0,-233.0
-300.0,158.0,341.0,389.0,,-253.0,-458.0,837.0,-65.0,-334.0
-330.0,62.0,311.0,170.0,,-354.0,-219.0,476.0,-499.0,-479.0
-328.0,-288.0,303.0,-58.0,,-490.0,-56.0,218.0,-433.0,-598.0
-331.0,-843.0,254.0,-93.0,,-390.0,12.0,-173.0,-535.0,-637.0
-331.0,-834.0,308.0,-208.0,,-233.0,18.0,-277.0,-494.0,-670.0
-338.0,-1276.0,267.0,-525.0,,-235.0,-87.0,-354.0,-438.0,-703.0
-324.0,-845.0,193.0,-546.0,,-349.0,-310.0,-424.0,-901.0,-766.0
-301.0,115.0,170.0,-472.0,,-242.0,-590.0,-280.0,-589.0,-795.0
-296.0,252.0,135.0,-453.0,,-214.0,-779.0,-131.0,-818.0,-819.0
-326.0,1036.0,97.0,-301.0,,-445.0,-929.0,147.0,-605.0,-893.0
-351.0,1641.0,24.0,-128.0,,-462.0,-1110.0,169.0,81.0,-900.0
-361.0,1305.0,60.0,42.0,,-179.0,-1163.0,214.0,-395.0,-911.0
-352.0,1556.0,18.0,200.0,,75.0,-1112.0,188.0,-310.0,-1002.0
-330.0,1703.0,23.0,297.0,,2.0,-1051.0,12.0,-169.0,-1073.0
-328.0,1433.0,-17.0,312.0,,-61.0,-982.0,109.0,-112.0,-1032.0
-318.0,1189.0,-60.0,333.0,,77.0,-845.0,168.0,168.0,-1042.0
-275.0,1101.0,6.0,300.0,,-30.0,-691.0,306.0,114.0,-1032.0
-277.0,799.0,-87.0,252.0,,-140.0,-539.0,264.0,290.0,-915.0
-275.0,-238.0,-113.0,236.0,,55.0,-338.0,216.0,891.0,-801.0
-269.0,-1048.0,-156.0,258.0,,106.0,-129.0,199.0,795.0,-663.0
-250.0,-1655.0,-225.0,291.0,,-145.0,33.0,-20.0,353.0,-513.0
-266.0,-2036.0,-235.0,217.0,,-288.0,74.0,-7.0,545.0,-327.0
-296.0,-2294.0,-272.0,242.0,,-119.0,60.0,-70.0,423.0,-188.0
-276.0,-2088.0,-281.0,273.0,,-50.0,7.0,27.0,457.0,-152.0
-283.0,-1316.0,-316.0,265.0,,-171.0,-113.0,123.0,381.0,-83.0
-275.0,-1345.0,-348.0,271.0,,-198.0,-233.0,195.0,-147.0,63.0
-306.0,-1037.0,-377.0,190.0,,-155.0,-308.0,454.0,-495.0,132.0
-282.0,-140.0,-361.0,169.0,,-343.0,-330.0,504.0,-580.0,113.0
-270.0,141.0,-356.0,45.0,,-685.0,-324.0,674.0,-368.0,94.0
-288.0,34.0,-348.0,-190.0,,-698.0,-323.0,594.0,-246.0,71.0
-311.0,226.0,-333.0,-174.0,,-569.0,-324.0,389.0,-419.0,76.0
-336.0,415.0,-303.0,-51.0,,-475.0,-301.0,142.0,-655.0,83.0
-308.0,340.0,-262.0,-42.0,,-431.0,-249.0,-312.0,-41.0,54.0
-320.0,98.0,-233.0,3.0,,-448.0,-129.0,-533.0,91.0,-55.0
-294.0,-66.0,-144.0,70.0,,-372.0,32.0,-800.0,-145.0,-158.0
-313.0,676.0,-136.0,24.0,,-434.0,172.0,-903.0,60.0,-132.0
-331.0,1370.0,-67.0,-24.0,,-510.0,259.0,-970.0,-152.0,-56.0
-344.0,1673.0,-30.0,62.0,,-381.0,313.0,-962.0,-37.0,-78.0
-368.0,2002.0,-39.0,164.0,,-400.0,325.0,-768.0,-132.0,-112.0
-380.0,2043.0,54.0,149.0,,-511.0,277.0,-652.0,-205.0,-85.0
-402.0,1585.0,83.0,164.0,,-535.0,259.0,-327.0,-352.0,-76.0
-368.0,1633.0,108.0,217.0,,-589.0,255.0,-203.0,-688.0,-56.0
-369.0,2424.0,142.0,215.0,,-413.0,254.0,-120.0,-544.0,-147.0
-326.0,1950.0,191.0,166.0,,-247.0,266.0,-68.0,-423.0,-253.0
-254.0,1019.0,166.0,50.0,,-225.0,233.0,-234.0,-287.0,-261.0
-224.0,1006.0,154.0,-24.0,,-144.0,195.0,-395.0,-493.0,-333.0
-235.0,732.0,129.0,-46.0,,-230.0,206.0,-678.0,-539.0,-411.0
-197.0,120.0,45.0,-145.0,,-296.0,299.0,-766.0,-407.0,-485.0
-148.0,-518.0,59.0,-272.0,,-367.0,466.0,-909.0,-364.0,-565.0
-163.0,-1382.0,-10.0,-287.0,,-512.0,629.0,-816.0,-361.0,-629.0
-144.0,-1759.0,-7.0,-176.0,,-459.0,741.0,-504.0,-368.0,-669.0
-82.0,-1904.0,0.0,-81.0,,-310.0,788.0,-393.0,-218.0,-742.0
3.0,-1478.0,-72.0,-95.0,,-425.0,783.0,-129.0,-361.0,-870.0
-5.0,-904.0,-68.0,-162.0,,-623.0,760.0,-136.0,-308.0,-935.0
-9.0,-809.0,-112.0,-286.0,,-614.0,698.0,-269.0,-94.0,-945.0
29.0,-304.0,-147.0,-471.0,,-533.0,603.0,-484.0,-106.0,-918.0
49.0,-148.0,-193.0,-564.0,,-426.0,542.0,-702.0,-323.0,-870.0
64.0,262.0,-167.0,-522.0,,-433.0,477.0,-807.0,-131.0,-859.0
53.0,530.0,-145.0,-400.0,,-452.0,412.0,-1001.0,106.0,-771.0
119.0,693.0,-146.0,-223.0,,-632.0,406.0,-870.0,-176.0,-557.0
182.0,1289.0,-101.0,-27.0,,-722.0,462.0,-933.0,-116.0,-418.0
219.0,978.0,-31.0,97.0,,-465.0,570.0,-1014.0,-62.0,-333.0
283.0,1064.0,32.0,40.0,,-592.0,684.0,-995.0,-24.0,-211.0
366.0,1357.0,51.0,-62.0,,-900.0,791.0,-986.0,15.0,-82.0
456.0,1417.0,81.0,-70.0,,-907.0,917.0,-735.0,0.0,5.0
506.0,1486.0,80.0,-55.0,,-628.0,1053.0,-742.0,-20.0,28.0
582.0,1102.0,151.0,-28.0,,-559.0,1169.0,-598.0,-294.0,93.0
650.0,861.0,190.0,-14.0,,-735.0,1263.0,-491.0,-90.0,146.0
702.0,448.0,184.0,-107.0,,-617.0,1304.0,-524.0,459.0,255.0
745.0,-64.0,160.0,-169.0,,-557.0,1260.0,-500.0,610.0,395.0
747.0,-501.0,133.0,-184.0,,-617.0,1187.0,-672.0,152.0,451.0
711.0,-486.0,97.0,-362.0,,-666.0,1095.0,-613.0,-237.0,518.0
633.0,-373.0,30.0,-575.0,,-695.0,977.0,-543.0,-77.0,603.0
547.0,-742.0,49.0,-722.0,,-799.0,819.0,-463.0,28.0,733.0
477.0,-779.0,17.0,-800.0,,-892.0,642.0,-580.0,-39.0,826.0
439.0,-1112.0,5.0,-810.0,,-642.0,522.0,-888.0,-424.0,814.0
355.0,-1661.0,15.0,-795.0,,-419.0,485.0,-1006.0,-706.0,655.0
259.0,-1790.0,0.0,-785.0,,-324.0,467.0,-1223.0,-443.0,553.0
180.0,-1406.0,11.0,-725.0,,-378.0,440.0,-1091.0,-186.0,469.0
110.0,-537.0,16.0,-482.0,,-418.0,423.0,-833.0,-35.0,243.0
37.0,-38.0,78.0,-267.0,,-247.0,400.0,-631.0,-405.0,61.0
-57.0,365.0,115.0,-245.0,,-374.0,442.0,-504.0,-742.0,-183.0
-121.0,752.0,118.0,-256.0,,-387.0,533.0,-687.0,-484.0,-328.0
-165.0,966.0,202.0,-226.0,,-177.0,621.0,-759.0,-170.0,-413.0
-163.0,1186.0,232.0,-281.0,,-156.0,769.0,-848.0,5.0,-446.0
-188.0,1740.0,273.0,-365.0,,-273.0,924.0,-731.0,-346.0,-370.0
-215.0,2282.0,337.0,-352.0,,-523.0,1040.0,-624.0,-309.0,-316.0
-178.0,1818.0,314.0,-223.0,,-320.0,1098.0,-703.0,71.0,-68.0
-152.0,1421.0,318.0,-70.0,,-10.0,1112.0,-630.0,268.0,176.0
-156.0,1540.0,330.0,-23.0,,62.0,1072.0,-739.0,323.0,400.0
-160.0,1422.0,366.0,57.0,,24.0,926.0,-822.0,218.0,635.0
-94.0,732.0,389.0,171.0,,-225.0,776.0,-934.0,622.0,806.0
-40.0,78.0,381.0,226.0,,-284.0,654.0,-872.0,780.0,987.0
-15.0,-118.0,368.0,163.0,,-208.0,541.0,-611.0,857.0,1009.0
42.0,-552.0,345.0,-20.0,,-25.0,430.0,-630.0,781.0,948.0
88.0,-906.0,362.0,-173.0,,-86.0,356.0,-703.0,369.0,905.0
134.0,-1541.0,327.0,-301.0,,-227.0,325.0,-1005.0,514.0,771.0
163.0,-2017.0,299.0,-326.0,,-87.0,308.0,-1099.0,781.0,618.0
169.0,-1319.0,285.0,-217.0,,127.0,379.0,-975.0,604.0,504.0
165.0,-1073.0,247.0,-253.0,,294.0,391.0,-849.0,91.0,331.0
181.0,-1307.0,185.0,-440.0,,70.0,316.0,-652.0,-184.0,124.0
198.0,-898.0,153.0,-529.0,,29.0,289.0,-755.0,18.0,5.0
165.0,-496.0,151.0,-473.0,,177.0,238.0,-729.0,221.0,-31.0
155.0,106.0,160.0,-380.0,,137.0,181.0,-766.0,-195.0,-55.0
145.0,105.0,171.0,-332.0,,136.0,169.0,-851.0,-273.0,-138.0
104.0,-375.0,101.0,-337.0,,148.0,176.0,-940.0,-104.0,-286.0
51.0,24.0,131.0,-311.0,,212.0,155.0,-1193.0,-108.0,-264.0
-1.0,-401.0,162.0,-155.0,,265.0,173.0,-1223.0,120.0,-161.0
-49.0,-340.0,189.0,-18.0,,271.0,202.0,-1291.0,241.0,-127.0
-62.0,664.0,204.0,-82.0,,192.0,194.0,-995.0,176.0,-189.0
-43.0,881.0,219.0,-200.0,,141.0,211.0,-591.0,-210.0,-359.0
-19.0,1425.0,257.0,-152.0,,187.0,256.0,-386.0,93.0,-285.0
18.0,1888.0,303.0,-79.0,,227.0,330.0,-266.0,456.0,-202.0
74.0,1846.0,380.0,-113.0,,248.0,405.0,-506.0,540.0,-209.0
156.0,1500.0,354.0,-179.0,,239.0,509.0,-635.0,742.0,-174.0
210.0,1557.0,385.0,-133.0,,453.0,606.0,-857.0,736.0,-309.0
280.0,1456.0,373.0,109.0,,549.0,657.0,-971.0,1057.0,-298.0
356.0,1264.0,371.0,370.0,,227.0,705.0,-920.0,1192.0,-127.0
402.0,1184.0,310.0,563.0,,110.0,675.0,-958.0,1134.0,62.0
450.0,-255.0,245.0,619.0,,180.0,529.0,-979.0,856.0,32.0
507.0,-1074.0,195.0,616.0,,329.0,278.0,-1321.0,726.0,-101.0
548.0,-1458.0,73.0,683.0,,299.0,-29.0,-1380.0,488.0,160.0
545.0,-2483.0,69.0,615.0,,95.0,-316.0,-1160.0,72.0,276.0
558.0,-3141.0,-34.0,449.0,,176.0,-576.0,-752.0,181.0,249.0
546.0,-3273.0,-105.0,416.0,,134.0,-797.0,-327.0,-106.0,328.0
537.0,-3686.0,-161.0,449.0,,184.0,-901.0,-412.0,-385.0,354.0
513.0,-3908.0,-177.0,389.0,,224.0,-920.0,-618.0,-284.0,175.0
462.0,-2575.0,-131.0,243.0,,149.0,-858.0,-1045.0,-104.0,67.0
433.0,-2065.0,-231.0,22.0,,213.0,-695.0,-1274.0,-135.0,253.0
388.0,-1477.0,-200.0,-157.0,,144.0,-488.0,-1217.0,-396.0,164.0
318.0,-289.0,-174.0,-153.0,,85.0,-227.0,-942.0,-309.0,172.0
267.0,-202.0,-192.0,-122.0,,-12.0,71.0,-620.0,-302.0,267.0
247.0,548.0,-160.0,-159.0,,4.0,395.0,-644.0,-471.0,217.0
195.0,1055.0,-160.0,-280.0,,141.0,671.0,-450.0,-279.0,284.0
175.0,1015.0,-148.0,-318.0,,222.0,818.0,-410.0,-254.0,469.0
159.0,1112.0,-175.0,-180.0,,46.0,824.0,-467.0,-639.0,605.0
139.0,1070.0,-111.0,-170.0,,-232.0,709.0,-602.0,-385.0,625.0
126.0,528.0,-116.0,-109.0,,-15.0,509.0,-814.0,-120.0,804.0
133.0,-166.0,-139.0,-42.0,,81.0,252.0,-750.0,-155.0,826.0
161.0,-66.0,-166.0,-226.0,,-17.0,-1.0,-886.0,-163.0,741.0
168.0,-4.0,-214.0,-404.0,,159.0,-241.0,-896.0,-190.0,658.0
168.0,888.0,-153.0,-476.0,,348.0,-486.0,-949.0,226.0,725.0
151.0,1513.0,-185.0,-450.0,,419.0,-693.0,-994.0,482.0,744.0
155.0,959.0,-126.0,-423.0,,262.0,-811.0,-746.0,660.0,409.0
147.0,1101.0,-124.0,-356.0,,181.0,-845.0,-652.0,617.0,276.0
131.0,826.0,-109.0,-280.0,,133.0,-799.0,-522.0,463.0,362.0
95.0,5.0,-74.0,-328.0,,-56.0,-726.0,-497.0,624.0,487.0
72.0,-21.0,-115.0,-359.0,,100.0,-638.0,-242.0,727.0,406.0
43.0,-139.0,-103.0,-360.0,,317.0,-537.0,153.0,786.0,269.0
-9.0,-424.0,-120.0,-384.0,,296.0,-489.0,195.0,678.0,306.0
-29.0,-8.0,-135.0,-494.0,,313.0,-444.0,133.0,514.0,414.0
-30.0,182.0,-180.0,-669.0,,342.0,-382.0,-157.0,307.0,451.0
-30.0,205.0,-133.0,-711.0,,361.0,-331.0,-426.0,415.0,340.0
-54.0,204.0,-178.0,-586.0,,328.0,-330.0,-670.0,440.0,216.0
-37.0,-484.0,-196.0,-366.0,,306.0,-382.0,-696.0,26.0,32.0
1.0,-907.0,-171.0,-231.0,,381.0,-489.0,-480.0,73.0,59.0
44.0,-1024.0,-180.0,-248.0,,379.0,-579.0,-473.0,245.0,112.0
47.0,-1518.0,-145.0,-241.0,,288.0,-560.0,-430.0,49.0,-123.0
13.0,-1450.0,-205.0,-249.0,,374.0,-483.0,-522.0,43.0,-319.0
7.0,-945.0,-193.0,-280.0,,628.0,-386.0,-574.0,210.0,-387.0
16.0,-592.0,-207.0,-285.0,,675.0,-350.0,-582.0,73.0,-328.0
49.0,62.0,-178.0,-332.0,,507.0,-325.0,-620.0,-154.0,-411.0
57.0,121.0,-176.0,-459.0,,358.0,-286.0,-327.0,103.0,-494.0
88.0,97.0,-191.0,-535.0,,423.0,-306.0,-64.0,274.0,-374.0
161.0,691.0,-158.0,-451.0,,515.0,-356.0,197.0,-230.0,-254.0
230.0,793.0,-166.0,-376.0,,492.0,-408.0,173.0,-342.0,-214.0
275.0,399.0,-174.0,-307.0,,643.0,-421.0,-86.0,-11.0,-358.0
275.0,704.0,-260.0,-197.0,,604.0,-390.0,-356.0,51.0,-163.0
274.0,1364.0,-208.0,-102.0,,412.0,-338.0,-726.0,4.0,66.0
292.0,564.0,-218.0,-51.0,,454.0,-318.0,-700.0,-18.0,87.0
293.0,51.0,-221.0,-24.0,,482.0,-328.0,-637.0,99.0,91.0
259.0,566.0,-157.0,57.0,,331.0,-355.0,-506.0,353.0,-16.0
240.0,197.0,-177.0,148.0,,7.0,-403.0,-347.0,487.0,-109.0
244.0,-531.0,-145.0,225.0,,38.0,-474.0,-315.0,741.0,-22.0
230.0,-575.0,-169.0,229.0,,348.0,-576.0,-327.0,802.0,338.0
151.0,-475.0,-143.0,89.0,,406.0,-638.0,-583.0,393.0,45.0
90.0,-475.0,-117.0,-36.0,,356.0,-698.0,-519.0,575.0,-419.0
65.0,-304.0,-85.0,-24.0,,255.0,-762.0,-415.0,625.0,-276.0
-20.0,-614.0,-65.0,-13.0,,195.0,-761.0,-328.0,185.0,78.0
-96.0,-620.0,-70.0,-97.0,,51.0,-653.0,-208.0,-89.0,94.0
-141.0,-481.0,-37.0,-159.0,,79.0,-455.0,-247.0,-220.0,-260.0
-158.0,-856.0,-98.0,-125.0,,373.0,-239.0,-195.0,20.0,-376.0
-214.0,-840.0,-108.0,30.0,,452.0,-31.0,-388.0,-33.0,-296.0
-271.0,-569.0,-101.0,133.0,,441.0,98.0,-325.0,-5.0,-3.0
-265.0,-892.0,-115.0,166.0,,398.0,182.0,-234.0,298.0,94.0
-274.0,-1072.0,-109.0,240.0,,454.0,236.0,-321.0,254.0,-9.0
-280.0,-173.0,-62.0,252.0,,537.0,261.0,-103.0,-13.0,-93.0
-255.0,143.0,-28.0,311.0,,516.0,247.0,31.0,39.0,50.0
-191.0,-13.0,-47.0,402.0,,396.0,160.0,127.0,-36.0,495.0
-226.0,638.0,-10.0,403.0,,280.0,50.0,-27.0,-485.0,595.0
-258.0,1141.0,-23.0,328.0,,333.0,-109.0,-133.0,-343.0,438.0
-170.0,825.0,2.0,318.0,,302.0,-272.0,-75.0,-286.0,377.0
-84.0,756.0,56.0,387.0,,229.0,-419.0,-127.0,-211.0,576.0
-53.0,569.0,-2.0,452.0,,130.0,-539.0,110.0,-277.0,680.0
-55.0,19.0,10.0,498.0,,49.0,-638.0,362.0,-486.0,485.0
32.0,-61.0,46.0,404.0,,45.0,-707.0,733.0,-314.0,329.0
115.0,-191.0,-22.0,313.0,,269.0,-677.0,977.0,-259.0,302.0
120.0,-354.0,0.0,237.0,,526.0,-628.0,949.0,-282.0,245.0
83.0,-525.0,13.0,0.0,,511.0,-551.0,831.0,-431.0,169.0
115.0,-802.0,3.0,-251.0,,356.0,-425.0,469.0,-350.0,60.0
192.0,-1235.0,15.0,-377.0,,18.0,-289.0,256.0,-438.0,-72.0
184.0,-1039.0,-20.0,-390.0,,-50.0,-162.0,35.0,-378.0,29.0
139.0,-771.0,-18.0,-303.0,,114.0,-49.0,-5.0,-81.0,232.0
117.0,-990.0,-88.0,-179.0,,117.0,26.0,-42.0,-85.0,193.0
154.0,-949.0,-93.0,34.0,,14.0,28.0,-232.0,-267.0,-194.0
115.0,-663.0,-133.0,386.0,,33.0,10.0,-245.0,-114.0,-216.0
73.0,-515.0,-223.0,698.0,,155.0,14.0,-391.0,193.0,64.0
91.0,-858.0,-210.0,868.0,,153.0,10.0,-168.0,45.0,37.0
94.0,-907.0,-325.0,874.0,,154.0,-23.0,208.0,257.0,-86.0
78.0,-911.0,-406.0,764.0,,118.0,-114.0,513.0,98.0,-210.0
75.0,-510.0,-362.0,632.0,,60.0,-256.0,833.0,161.0,-106.0
126.0,-242.0,-398.0,505.0,,-47.0,-368.0,877.0,447.0,71.0
153.0,-132.0,-415.0,306.0,,11.0,-396.0,994.0,174.0,235.0
161.0,-26.0,-425.0,6.0,,236.0,-328.0,861.0,161.0,184.0
167.0,-845.0,-462.0,-279.0,,340.0,-238.0,650.0,57.0,12.0
219.0,-785.0,-441.0,-337.0,,281.0,-215.0,497.0,-54.0,23.0
259.0,-222.0,-504.0,-304.0,,33.0,-214.0,341.0,-149.0,89.0
266.0,-422.0,-556.0,-343.0,,-11.0,-202.0,382.0,-297.0,322.0
311.0,-493.0,-527.0,-217.0,,20.0,-195.0,243.0,-807.0,210.0
380.0,-12.0,-530.0,-110.0,,155.0,-186.0,218.0,-780.0,-38.0
430.0,21.0,-538.0,-61.0,,396.0,-182.0,216.0,-545.0,101.0
428.0,-1.0,-515.0,184.0,,305.0,-167.0,303.0,-828.0,345.0
477.0,406.0,-493.0,458.0,,148.0,-158.0,567.0,-776.0,235.0
523.0,614.0,-484.0,634.0,,36.0,-179.0,667.0,-877.0,-77.0
502.0,1014.0,-547.0,805.0,,39.0,-203.0,755.0,-639.0,23.0
425.0,1258.0,-542.0,1065.0,,94.0,-208.0,703.0,-526.0,155.0
341.0,1146.0,-443.0,1174.0,,107.0,-203.0,785.0,-779.0,-36.0
289.0,1337.0,-437.0,1042.0,,187.0,-180.0,807.0,-723.0,-158.0
210.0,1246.0,-351.0,911.0,,237.0,-109.0,800.0,-654.0,-109.0
99.0,593.0,-286.0,740.0,,402.0,-28.0,971.0,-646.0,-188.0
41.0,913.0,-224.0,508.0,,540.0,33.0,859.0,-699.0,-258.0
52.0,1198.0,-181.0,221.0,,427.0,60.0,766.0,-331.0,-284.0
8.0,-56.0,-204.0,-117.0,,166.0,58.0,589.0,-175.0,-485.0
-50.0,-948.0,-158.0,-278.0,,90.0,13.0,559.0,-446.0,-527.0
-86.0,-889.0,-161.0,-241.0,,356.0,-26.0,663.0,-328.0,-239.0
-126.0,-970.0,-118.0,-249.0,,516.0,35.0,674.0,-214.0,-71.0
-208.0,-1224.0,-90.0,-239.0,,452.0,157.0,890.0,-108.0,-273.0
-285.0,-1296.0,-98.0,-132.0,,404.0,236.0,739.0,-14.0,-363.0
-304.0,-980.0,-46.0,-65.0,,519.0,258.0,578.0,-221.0,-119.0
-312.0,-606.0,7.0,-90.0,,544.0,252.0,576.0,-274.0,85.0
-327.0,-537.0,4.0,-163.0,,242.0,218.0,698.0,-154.0,36.0
-345.0,-834.0,15.0,-132.0,,237.0,132.0,1005.0,40.0,-163.0
-314.0,-946.0,0.0,4.0,,580.0,36.0,1080.0,145.0,-253.0
-294.0,-1111.0,-41.0,159.0,,536.0,-14.0,1274.0,-142.0,-99.0
-314.0,-1060.0,-23.0,404.0,,131.0,-74.0,1165.0,-279.0,184.0
-337.0,-630.0,-75.0,685.0,,-81.0,-99.0,921.0,10.0,273.0
-331.0,-834.0,-107.0,837.0,,-49.0,-54.0,783.0,287.0,97.0
-335.0,-625.0,-92.0,869.0,,-96.0,7.0,528.0,135.0,51.0
-367.0,-297.0,-130.0,836.0,,-85.0,112.0,478.0,-478.0,328.0
-391.0,215.0,-154.0,797.0,,43.0,257.0,380.0,-472.0,617.0
-417.0,781.0,-218.0,730.0,,164.0,357.0,543.0,-165.0,681.0
-439.0,955.0,-258.0,502.0,,21.0,397.0,694.0,-193.0,637.0
-521.0,1606.0,-240.0,332.0,,-200.0,422.0,785.0,-117.0,618.0
-552.0,2314.0,-286.0,331.0,,19.0,372.0,1034.0,-565.0,869.0
-525.0,2807.0,-242.0,258.0,,0.0,244.0,1043.0,-569.0,1088.0
-504.0,2410.0,-221.0,119.0,,-246.0,104.0,1188.0,-179.0,1006.0
-502.0,1971.0,-175.0,-13.0,,-269.0,-49.0,1176.0,-315.0,998.0
-528.0,1652.0,-165.0,-103.0,,-303.0,-199.0,1116.0,-327.0,1057.0
-518.0,1022.0,-143.0,-247.0,,-275.0,-296.0,1045.0,-589.0,1166.0
-515.0,-19.0,-58.0,-411.0,,-244.0,-313.0,909.0,-618.0,1200.0
-523.0,-1182.0,-69.0,-454.0,,-190.0,-263.0,1058.0,-322.0,1134.0
-519.0,-1719.0,91.0,-532.0,,-137.0,-155.0,1062.0,-200.0,1022.0
-440.0,-1846.0,50.0,-595.0,,-166.0,-34.0,1066.0,-373.0,948.0
-360.0,-1295.0,92.0,-626.0,,-88.0,96.0,886.0,-709.0,1039.0
-303.0,-1081.0,165.0,-597.0,,71.0,247.0,833.0,-612.0,952.0
-213.0,-622.0,96.0,-424.0,,77.0,369.0,1038.0,-402.0,703.0
-116.0,-257.0,184.0,-282.0,,-63.0,444.0,953.0,-214.0,529.0
-58.0,-91.0,110.0,-154.0,,-88.0,481.0,1008.0,-224.0,554.0
-83.0,425.0,135.0,-59.0,,64.0,511.0,921.0,-245.0,513.0
-92.0,495.0,84.0,-39.0,,29.0,546.0,873.0,-234.0,298.0
-67.0,1046.0,25.0,-96.0,,-152.0,558.0,921.0,69.0,200.0
-73.0,1591.0,0.0,-226.0,,-192.0,534.0,907.0,558.0,140.0
-135.0,2183.0,-112.0,-162.0,,-65.0,488.0,1038.0,130.0,262.0
-157.0,2268.0,-146.0,-53.0,,101.0,395.0,931.0,-201.0,355.0
-147.0,1816.0,-175.0,-141.0,,8.0,296.0,1014.0,-87.0,240.0
-181.0,1327.0,-104.0,-148.0,,-190.0,173.0,1032.0,12.0,173.0
-217.0,1240.0,-172.0,-91.0,,-241.0,8.0,873.0,331.0,137.0
-249.0,1262.0,-225.0,-211.0,,-16.0,-98.0,816.0,361.0,163.0
-267.0,387.0,-251.0,-313.0,,56.0,-185.0,779.0,-19.0,156.0
-313.0,345.0,-330.0,-248.0,,-190.0,-231.0,970.0,-147.0,-63.0
-319.0,265.0,-272.0,-158.0,,-326.0,-203.0,942.0,-162.0,-358.0
-241.0,22.0,-329.0,-92.0,,-271.0,-101.0,1023.0,-212.0,-419.0
-198.0,-720.0,-300.0,-62.0,,-157.0,53.0,1138.0,-260.0,-393.0
-216.0,-1732.0,-260.0,38.0,,-367.0,126.0,1006.0,-918.0,-456.0
-188.0,-1433.0,-281.0,249.0,,-623.0,178.0,903.0,-1196.0,-523.0
-102.0,-1103.0,-189.0,294.0,,-676.0,204.0,691.0,-763.0,-507.0
-60.0,-773.0,-174.0,303.0,,-645.0,134.0,622.0,-541.0,-353.0
-64.0,-634.0,-106.0,408.0,,-523.0,34.0,391.0,-809.0,-186.0
-24.0,-661.0,-126.0,501.0,,-457.0,-37.0,303.0,-1181.0,-81.0
63.0,-1073.0,-122.0,588.0,,-529.0,-59.0,487.0,-888.0,-33.0
143.0,-1256.0,-36.0,596.0,,-659.0,-79.0,709.0,-441.0,38.0
175.0,-1423.0,-80.0,705.0,,-507.0,-69.0,1156.0,-230.0,157.0
200.0,-1988.0,-45.0,921.0,,-190.0,-43.0,1361.0,-195.0,229.0
263.0,-1728.0,-53.0,930.0,,-286.0,0.0,1509.0,-195.0,249.0
260.0,-1118.0,-68.0,753.0,,-512.0,101.0,1419.0,60.0,394.0
256.0,-82.0,-51.0,663.0,,-400.0,221.0,1321.0,408.0,518.0
315.0,356.0,-116.0,605.0,,-339.0,339.0,1494.0,708.0,563.0
351.0,609.0,-94.0,495.0,,-471.0,423.0,1513.0,692.0,565.0
336.0,1239.0,-123.0,404.0,,-676.0,503.0,1616.0,361.0,551.0
324.0,1838.0,-207.0,256.0,,-642.0,598.0,1528.0,474.0,641.0
323.0,2331.0,-165.0,182.0,,-492.0,668.0,1446.0,888.0,607.0
267.0,2348.0,-163.0,167.0,,-684.0,667.0,1260.0,803.0,487.0
185.0,2511.0,-111.0,44.0,,-888.0,582.0,1023.0,522.0,260.0
55.0,2345.0,-58.0,-101.0,,-920.0,469.0,1165.0,336.0,96.0
-19.0,2551.0,-70.0,-147.0,,-845.0,403.0,1213.0,307.0,172.0
-43.0,2148.0,0.0,-167.0,,-824.0,370.0,1352.0,169.0,250.0
-123.0,1517.0,9.0,-243.0,,-675.0,311.0,1385.0,-36.0,172.0
-178.0,1072.0,-13.0,-224.0,,-447.0,247.0,1393.0,107.0,-68.0
-196.0,-171.0,19.0,-160.0,,-511.0,194.0,1374.0,-244.0,-121.0
-210.0,-544.0,55.0,-138.0,,-575.0,93.0,1123.0,-512.0,59.0
-245.0,-1423.0,98.0,-26.0,,-523.0,-2.0,1095.0,-69.0,178.0
-231.0,-2084.0,126.0,89.0,,-536.0,-20.0,958.0,-88.0,130.0
-184.0,-1998.0,106.0,178.0,,-736.0,16.0,903.0,-503.0,24.0
-149.0,-1936.0,148.0,223.0,,-791.0,111.0,970.0,-772.0,67.0
-162.0,-1761.0,165.0,266.0,,-653.0,207.0,1099.0,-618.0,232.0
-165.0,-1972.0,115.0,404.0,,-759.0,278.0,1284.0,-348.0,295.0
-76.0,-1651.0,111.0,504.0,,-898.0,319.0,1147.0,-402.0,215.0
-21.0,-1538.0,132.0,512.0,,-784.0,347.0,1145.0,-494.0,76.0
-3.0,-862.0,208.0,416.0,,-591.0,354.0,946.0,-460.0,29.0
28.0,234.0,221.0,339.0,,-688.0,285.0,620.0,-212.0,86.0
106.0,612.0,185.0,296.0,,-866.0,252.0,445.0,29.0,78.0
150.0,861.0,199.0,217.0,,-842.0,230.0,356.0,121.0,-44.0
160.0,1259.0,190.0,152.0,,-780.0,188.0,574.0,-61.0,-184.0
211.0,1658.0,93.0,106.0,,-880.0,202.0,622.0,-488.0,-161.0
260.0,1263.0,43.0,138.0,,-1073.0,235.0,831.0,-380.0,-82.0
282.0,1302.0,28.0,168.0,,-1049.0,192.0,947.0,109.0,-115.0
271.0,1717.0,-42.0,167.0,,-1110.0,107.0,827.0,-37.0,-190.0
269.0,1902.0,-61.0,266.0,,-1183.0,64.0,814.0,-351.0,-176.0
287.0,2088.0,-71.0,322.0,,-936.0,34.0,635.0,-314.0,-156.0
304.0,1788.0,-51.0,270.0,,-717.0,-15.0,548.0,-423.0,-185.0
277.0,1472.0,-58.0,218.0,,-813.0,-85.0,279.0,-345.0,-228.0
225.0,1213.0,-1.0,200.0,,-927.0,-85.0,232.0,-90.0,-338.0
235.0,1168.0,6.0,207.0,,-744.0,-59.0,478.0,-247.0,-402.0
217.0,791.0,-43.0,198.0,,-761.0,-34.0,624.0,-245.0,-403.0
144.0,580.0,-46.0,221.0,,-1005.0,48.0,914.0,80.0,-436.0
72.0,729.0,-90.0,208.0,,-929.0,110.0,1055.0,419.0,-579.0
21.0,322.0,-33.0,152.0,,-780.0,191.0,1226.0,625.0,-697.0
-15.0,-35.0,-95.0,23.0,,-849.0,266.0,1169.0,245.0,-617.0
-107.0,-896.0,-146.0,-250.0,,-883.0,317.0,1055.0,94.0,-458.0
-186.0,-1221.0,-147.0,-494.0,,-719.0,369.0,1082.0,617.0,-459.0
-229.0,-860.0,-126.0,-653.0,,-478.0,376.0,829.0,769.0,-609.0
-251.0,-335.0,-145.0,-778.0,,-546.0,417.0,620.0,648.0,-597.0
-295.0,240.0,-256.0,-670.0,,-931.0,454.0,371.0,645.0,-479.0
-330.0,74.0,-238.0,-395.0,,-1074.0,390.0,192.0,385.0,-342.0
-318.0,161.0,-309.0,-280.0,,-788.0,292.0,9.0,431.0,-263.0
-385.0,-38.0,-296.0,-225.0,,-619.0,213.0,-44.0,783.0,-355.0
-470.0,141.0,-317.0,-45.0,,-840.0,144.0,230.0,557.0,-390.0
-514.0,94.0,-375.0,240.0,,-853.0,71.0,312.0,432.0,-293.0
-462.0,-48.0,-289.0,395.0,,-469.0,29.0,471.0,449.0,-273.0
-450.0,591.0,-315.0,381.0,,-273.0,1.0,683.0,225.0,-337.0
-502.0,261.0,-349.0,329.0,,-477.0,-38.0,859.0,417.0,-343.0
-468.0,87.0,-305.0,186.0,,-732.0,-37.0,923.0,524.0,-323.0
-404.0,36.0,-258.0,55.0,,-776.0,9.0,881.0,35.0,-187.0
-316.0,109.0,-237.0,26.0,,-660.0,79.0,1055.0,-452.0,6.0
-255.0,207.0,-201.0,79.0,,-632.0,117.0,1008.0,-158.0,145.0
-203.0,70.0,-173.0,169.0,,-675.0,137.0,958.0,187.0,269.0
-151.0,332.0,-101.0,103.0,,-651.0,165.0,905.0,-13.0,374.0
-91.0,149.0,-21.0,-170.0,,-640.0,170.0,746.0,69.0,443.0
-62.0,-430.0,-25.0,-457.0,,-534.0,156.0,570.0,-211.0,427.0
-32.0,-510.0,22.0,-659.0,,-507.0,95.0,303.0,-201.0,439.0
16.0,-306.0,44.0,-786.0,,-658.0,-36.0,421.0,359.0,458.0
22.0,-598.0,58.0,-979.0,,-708.0,-216.0,412.0,60.0,488.0
45.0,-230.0,79.0,-1126.0,,-724.0,-386.0,314.0,-179.0,484.0
95.0,529.0,68.0,-1051.0,,-729.0,-574.0,284.0,-417.0,360.0
122.0,775.0,44.0,-883.0,,-674.0,-705.0,229.0,-423.0,292.0
66.0,377.0,17.0,-681.0,,-749.0,-722.0,330.0,233.0,303.0
15.0,175.0,8.0,-470.0,,-762.0,-715.0,162.0,28.0,270.0
9.0,205.0,-34.0,-293.0,,-537.0,-637.0,216.0,-349.0,86.0
-32.0,-421.0,-10.0,-265.0,,-555.0,-497.0,321.0,-390.0,-44.0
-130.0,-230.0,-49.0,-337.0,,-778.0,-302.0,347.0,-505.0,11.0
-162.0,-305.0,-65.0,-385.0,,-799.0,-149.0,509.0,-228.0,93.0
-153.0,-426.0,-55.0,-346.0,,-629.0,-132.0,511.0,-171.0,204.0
-178.0,-346.0,-87.0,-284.0,,-436.0,-131.0,515.0,-579.0,253.0
-239.0,-738.0,-125.0,-251.0,,-600.0,-169.0,388.0,-462.0,236.0
-281.0,-324.0,-246.0,-139.0,,-843.0,-233.0,484.0,-42.0,325.0
-270.0,-137.0,-287.0,-58.0,,-726.0,-225.0,498.0,-191.0,476.0
-310.0,-29.0,-271.0,-82.0,,-660.0,-165.0,256.0,83.0,519.0
-339.0,91.0,-249.0,-215.0,,-854.0,-83.0,201.0,169.0,402.0
-358.0,220.0,-242.0,-276.0,,-947.0,-6.0,62.0,-92.0,303.0
-319.0,-17.0,-207.0,-205.0,,-864.0,49.0,20.0,622.0,246.0
-314.0,-722.0,-191.0,-240.0,,-749.0,77.0,-129.0,835.0,115.0
-342.0,-256.0,-171.0,-314.0,,-573.0,35.0,-109.0,798.0,-15.0
-320.0,-7.0,-145.0,-300.0,,-505.0,-22.0,81.0,902.0,-132.0
-322.0,-357.0,-127.0,-101.0,,-532.0,-107.0,-1.0,564.0,-337.0
-300.0,-372.0,-129.0,89.0,,-689.0,-244.0,90.0,717.0,-468.0
-312.0,-209.0,-125.0,17.0,,-745.0,-377.0,101.0,707.0,-456.0
-302.0,-520.0,-86.0,-101.0,,-404.0,-529.0,94.0,394.0,-527.0
-286.0,-1012.0,-98.0,-183.0,,-246.0,-672.0,46.0,488.0,-580.0
-260.0,-742.0,-89.0,-245.0,,-310.0,-791.0,90.0,-11.0,-524.0
-227.0,-641.0,-142.0,-300.0,,-179.0,-846.0,386.0,-385.0,-510.0
-173.0,-305.0,-162.0,-378.0,,-79.0,-845.0,391.0,327.0,-533.0
-99.0,293.0,-213.0,-491.0,,-369.0,-837.0,450.0,463.0,-541.0
-65.0,354.0,-329.0,-686.0,,-609.0,-792.0,365.0,-93.0,-582.0
2.0,307.0,-391.0,-815.0,,-375.0,-680.0,242.0,-446.0,-656.0
78.0,509.0,-454.0,-870.0,,-127.0,-511.0,96.0,-219.0,-652.0
170.0,932.0,-542.0,-926.0,,-166.0,-364.0,-175.0,73.0,-658.0
205.0,1043.0,-605.0,-1063.0,,-65.0,-236.0,-166.0,-184.0,-747.0
247.0,1191.0,-679.0,-1145.0,,275.0,-120.0,-349.0,-388.0,-769.0
294.0,1337.0,-703.0,-962.0,,205.0,-45.0,-380.0,-512.0,-719.0
306.0,769.0,-705.0,-714.0,,-239.0,-8.0,-356.0,-297.0,-708.0
268.0,17.0,-717.0,-532.0,,-442.0,-21.0,-376.0,-32.0,-694.0
195.0,-125.0,-603.0,-445.0,,-347.0,-60.0,-188.0,-60.0,-681.0
172.0,375.0,-538.0,-247.0,,-296.0,-113.0,-64.0,-269.0,-665.0
101.0,525.0,-442.0,74.0,,-196.0,-193.0,168.0,-557.0,-444.0
-8.0,552.0,-418.0,211.0,,29.0,-294.0,101.0,-76.0,-202.0
-108.0,1175.0,-317.0,279.0,,127.0,-361.0,42.0,589.0,-138.0
-129.0,993.0,-166.0,402.0,,-77.0,-336.0,105.0,453.0,-92.0
-166.0,708.0,-127.0,415.0,,-333.0,-259.0,-5.0,146.0,0.0
-230.0,596.0,37.0,188.0,,-18.0,-205.0,-138.0,200.0,116.0
-268.0,78.0,49.0,-191.0,,282.0,-191.0,-410.0,385.0,241.0
-268.0,-259.0,149.0,-432.0,,158.0,-207.0,-434.0,572.0,419.0
-243.0,-669.0,228.0,-447.0,,244.0,-243.0,-591.0,566.0,483.0
-266.0,-577.0,259.0,-525.0,,427.0,-296.0,-770.0,363.0,478.0
-251.0,-973.0,377.0,-653.0,,423.0,-345.0,-655.0,230.0,642.0
-218.0,-1267.0,345.0,-680.0,,308.0,-380.0,-576.0,453.0,772.0
-200.0,-1213.0,345.0,-652.0,,309.0,-434.0,-421.0,874.0,702.0
-199.0,-1670.0,251.0,-620.0,,406.0,-398.0,-443.0,979.0,582.0
-144.0,-1508.0,260.0,-626.0,,413.0,-249.0,-280.0,573.0,562.0
-102.0,-1152.0,222.0,-596.0,,448.0,-134.0,-151.0,188.0,463.0
-96.0,-863.0,127.0,-617.0,,473.0,-45.0,-214.0,514.0,381.0
-62.0,-448.0,121.0,-679.0,,454.0,33.0,-86.0,749.0,448.0
13.0,142.0,18.0,-583.0,,584.0,93.0,-127.0,623.0,430.0
77.0,398.0,-8.0,-346.0,,782.0,119.0,-206.0,343.0,322.0
57.0,894.0,-75.0,-313.0,,779.0,132.0,-489.0,-68.0,243.0
85.0,1376.0,-124.0,-474.0,,628.0,144.0,-694.0,-19.0,267.0
110.0,1590.0,-230.0,-410.0,,647.0,170.0,-822.0,-69.0,250.0
144.0,2212.0,-271.0,-289.0,,814.0,201.0,-1019.0,-192.0,162.0
162.0,1995.0,-270.0,-276.0,,1084.0,203.0,-894.0,-444.0,79.0
174.0,1042.0,-325.0,-285.0,,1296.0,210.0,-905.0,-924.0,-33.0
214.0,172.0,-275.0,-281.0,,1164.0,218.0,-861.0,-716.0,-190.0
230.0,302.0,-330.0,-169.0,,916.0,235.0,-812.0,-559.0,-333.0
237.0,100.0,-336.0,-114.0,,767.0,235.0,-698.0,-619.0,-370.0
241.0,-272.0,-296.0,-193.0,,904.0,255.0,-583.0,-744.0,-476.0
279.0,293.0,-290.0,-346.0,,1133.0,315.0,-766.0,-766.0,-625.0
245.0,-81.0,-270.0,-463.0,,1053.0,355.0,-689.0,-348.0,-637.0
186.0,-315.0,-319.0,-467.0,,977.0,331.0,-707.0,-356.0,-568.0
131.0,-172.0,-322.0,-529.0,,1151.0,257.0,-759.0,-648.0,-513.0
106.0,-380.0,-317.0,-557.0,,1243.0,200.0,-824.0,-835.0,-408.0
82.0,-562.0,-366.0,-516.0,,1101.0,141.0,-859.0,-699.0,-277.0
35.0,-490.0,-368.0,-425.0,,939.0,90.0,-668.0,-567.0,-230.0
40.0,-332.0,-356.0,-336.0,,936.0,28.0,-772.0,-429.0,-171.0
62.0,-275.0,-408.0,-332.0,,1035.0,18.0,-748.0,-261.0,-36.0
99.0,219.0,-391.0,-256.0,,959.0,64.0,-755.0,-247.0,111.0
74.0,-91.0,-375.0,-379.0,,787.0,77.0,-872.0,12.0,121.0
87.0,-278.0,-391.0,-581.0,,656.0,140.0,-999.0,112.0,92.0
115.0,14.0,-361.0,-536.0,,626.0,218.0,-1245.0,648.0,105.0
69.0,-292.0,-388.0,-417.0,,822.0,337.0,-1237.0,918.0,71.0
20.0,-259.0,-367.0,-280.0,,1013.0,510.0,-1411.0,628.0,31.0
0.0,-94.0,-312.0,-177.0,,902.0,629.0,-1478.0,928.0,19.0
-8.0,302.0,-268.0,-58.0,,655.0,721.0,-1391.0,1143.0,-32.0
-56.0,171.0,-188.0,24.0,,750.0,766.0,-1319.0,1094.0,-127.0
-120.0,124.0,-150.0,-11.0,,889.0,757.0,-1145.0,1000.0,-113.0
-126.0,762.0,-96.0,-120.0,,820.0,741.0,-1104.0,690.0,-199.0
-94.0,825.0,-76.0,-268.0,,908.0,715.0,-844.0,307.0,-414.0
-99.0,844.0,-96.0,-339.0,,1027.0,733.0,-807.0,407.0,-535.0
-72.0,647.0,-34.0,-440.0,,962.0,761.0,-849.0,389.0,-613.0
-34.0,812.0,-110.0,-455.0,,763.0,698.0,-868.0,76.0,-627.0
19.0,630.0,-159.0,-353.0,,728.0,607.0,-1132.0,-129.0,-591.0
44.0,-27.0,-159.0,-387.0,,907.0,566.0,-1306.0,-414.0,-528.0
89.0,81.0,-201.0,-495.0,,932.0,600.0,-1539.0,-444.0,-426.0
163.0,-254.0,-209.0,-598.0,,787.0,664.0,-1406.0,-495.0,-267.0
183.0,-880.0,-346.0,-670.0,,767.0,687.0,-1263.0,-597.0,-175.0
236.0,-1621.0,-375.0,-659.0,,800.0,676.0,-1201.0,-772.0,-142.0
230.0,-2013.0,-420.0,-537.0,,781.0,679.0,-946.0,-706.0,-56.0
275.0,-1979.0,-447.0,-491.0,,943.0,733.0,-957.0,-503.0,31.0
323.0,-1917.0,-414.0,-512.0,,1069.0,786.0,-944.0,-587.0,132.0
320.0,-1383.0,-383.0,-551.0,,895.0,809.0,-997.0,-470.0,139.0
340.0,-934.0,-268.0,-624.0,,661.0,807.0,-879.0,-388.0,78.0
347.0,-564.0,-272.0,-602.0,,703.0,787.0,-783.0,-244.0,3.0
345.0,-192.0,-187.0,-448.0,,964.0,766.0,-944.0,-60.0,-28.0
288.0,-222.0,-158.0,-176.0,,1016.0,717.0,-938.0,92.0,40.0
268.0,-89.0,-146.0,-45.0,,863.0,633.0,-1147.0,264.0,-17.0
245.0,555.0,-86.0,74.0,,757.0,543.0,-1428.0,383.0,-176.0
208.0,530.0,-171.0,238.0,,699.0,467.0,-1744.0,529.0,-189.0
163.0,386.0,-148.0,262.0,,636.0,426.0,-1868.0,704.0,-98.0
125.0,627.0,-133.0,287.0,,703.0,464.0,-1718.0,843.0,-1.0
97.0,510.0,-177.0,321.0,,930.0,539.0,-1662.0,772.0,104.0
40.0,206.0,-186.0,428.0,,858.0,594.0,-1395.0,761.0,117.0
-14.0,-136.0,-191.0,490.0,,475.0,638.0,-1206.0,577.0,112.0
-43.0,29.0,-159.0,471.0,,450.0,670.0,-1005.0,659.0,210.0
-46.0,223.0,-190.0,551.0,,746.0,706.0,-774.0,412.0,363.0
-104.0,215.0,-189.0,597.0,,773.0,748.0,-591.0,-11.0,391.0
-131.0,586.0,-98.0,572.0,,534.0,796.0,-299.0,178.0,228.0
-68.0,882.0,-64.0,508.0,,559.0,823.0,-371.0,-322.0,70.0
-1.0,944.0,-51.0,328.0,,800.0,805.0,-498.0,-307.0,61.0
-7.0,889.0,0.0,167.0,,738.0,794.0,-716.0,-12.0,66.0
6.0,749.0,28.0,3.0,,620.0,773.0,-951.0,-167.0,-106.0
70.0,831.0,103.0,-276.0,,675.0,713.0,-1173.0,-519.0,-234.0
145.0,847.0,154.0,-494.0,,604.0,662.0,-1437.0,-916.0,-337.0
169.0,1009.0,112.0,-634.0,,580.0,638.0,-1328.0,-301.0,-308.0
187.0,1208.0,146.0,-660.0,,707.0,617.0,-1306.0,-365.0,-131.0
306.0,603.0,186.0,-561.0,,747.0,554.0,-1110.0,-500.0,-120.0
409.0,183.0,183.0,-348.0,,631.0,464.0,-877.0,-69.0,-121.0
449.0,328.0,181.0,-61.0,,521.0,389.0,-801.0,-317.0,-118.0
439.0,360.0,169.0,49.0,,784.0,318.0,-694.0,-444.0,-75.0
513.0,294.0,104.0,27.0,,1023.0,266.0,-812.0,-141.0,-118.0
559.0,182.0,21.0,-33.0,,719.0,239.0,-763.0,275.0,-216.0
551.0,15.0,1.0,-87.0,,348.0,222.0,-838.0,-80.0,-184.0
558.0,93.0,10.0,-102.0,,344.0,201.0,-901.0,-102.0,-169.0
571.0,108.0,-46.0,-151.0,,651.0,202.0,-909.0,289.0,-206.0
562.0,-431.0,-117.0,-186.0,,762.0,225.0,-1066.0,316.0,-211.0
443.0,-619.0,-99.0,-155.0,,600.0,306.0,-1117.0,665.0,-207.0
390.0,-368.0,-134.0,-175.0,,706.0,442.0,-1300.0,625.0,-219.0
334.0,-613.0,-137.0,-252.0,,871.0,539.0,-1230.0,961.0,-153.0
268.0,-838.0,-53.0,-252.0,,828.0,674.0,-1191.0,992.0,-196.0
161.0,-521.0,-32.0,-123.0,,791.0,760.0,-1225.0,692.0,-288.0
98.0,-741.0,18.0,-8.0,,731.0,730.0,-1095.0,836.0,-323.0
92.0,-925.0,57.0,17.0,,519.0,728.0,-1003.0,702.0,-337.0
-17.0,-138.0,52.0,113.0,,465.0,752.0,-757.0,638.0,-341.0
-64.0,324.0,127.0,123.0,,712.0,782.0,-737.0,69.0,-407.0
-70.0,297.0,153.0,61.0,,820.0,794.0,-532.0,91.0,-507.0
-47.0,409.0,123.0,20.0,,672.0,784.0,-297.0,9.0,-576.0
-63.0,856.0,144.0,-72.0,,590.0,697.0,-341.0,-393.0,-627.0
-83.0,944.0,100.0,-122.0,,651.0,538.0,-315.0,-60.0,-719.0
-39.0,675.0,21.0,-124.0,,498.0,394.0,-600.0,-116.0,-750.0
-9.0,934.0,1.0,-60.0,,396.0,256.0,-777.0,-217.0,-793.0
11.0,1171.0,-44.0,-89.0,,588.0,107.0,-907.0,-330.0,-733.0
9.0,1148.0,-114.0,-173.0,,740.0,-40.0,-1040.0,-48.0,-608.0
42.0,180.0,-149.0,-159.0,,883.0,-167.0,-1042.0,-189.0,-510.0
68.0,-874.0,-203.0,-105.0,,859.0,-289.0,-1136.0,-344.0,-396.0
63.0,-1006.0,-204.0,-9.0,,671.0,-376.0,-986.0,-118.0,-482.0
40.0,-1335.0,-174.0,119.0,,404.0,-419.0,-835.0,-229.0,-542.0
52.0,-1345.0,-209.0,228.0,,277.0,-434.0,-570.0,173.0,-478.0
82.0,-1050.0,-240.0,173.0,,434.0,-386.0,-369.0,-9.0,-492.0
40.0,-809.0,-219.0,8.0,,496.0,-242.0,-363.0,-62.0,-671.0
-1.0,-247.0,-164.0,-197.0,,377.0,-37.0,-286.0,183.0,-724.0
-26.0,130.0,-134.0,-349.0,,102.0,152.0,-452.0,20.0,-702.0
-40.0,-140.0,-4.0,-339.0,,38.0,310.0,-570.0,114.0,-922.0
-103.0,-322.0,116.0,-270.0,,110.0,413.0,-781.0,112.0,-1092.0
-167.0,-89.0,115.0,-83.0,,109.0,465.0,-890.0,156.0,-1115.0
-174.0,85.0,144.0,130.0,,273.0,444.0,-875.0,247.0,-1123.0
-209.0,232.0,182.0,202.0,,229.0,327.0,-1080.0,443.0,-1134.0
-273.0,513.0,211.0,245.0,,63.0,155.0,-1141.0,405.0,-991.0
-352.0,633.0,235.0,224.0,,9.0,-31.0,-1176.0,170.0,-898.0
-378.0,24.0,304.0,137.0,,-2.0,-224.0,-909.0,301.0,-1002.0
-379.0,-420.0,324.0,96.0,,131.0,-402.0,-558.0,110.0,-839.0
-404.0,-753.0,339.0,-51.0,,112.0,-506.0,-182.0,-127.0,-549.0
-420.0,-1441.0,364.0,-189.0,,-86.0,-560.0,251.0,-128.0,-586.0
-353.0,-1479.0,315.0,-114.0,,-300.0,-584.0,325.0,-214.0,-796.0
-276.0,-915.0,288.0,40.0,,-262.0,-543.0,484.0,-114.0,-734.0
-263.0,-909.0,239.0,211.0,,102.0,-464.0,521.0,-135.0,-501.0
-189.0,-1398.0,156.0,357.0,,247.0,-388.0,522.0,-378.0,-507.0
-61.0,-1515.0,73.0,507.0,,168.0,-296.0,439.0,-445.0,-564.0
40.0,-1619.0,35.0,689.0,,83.0,-194.0,173.0,-425.0,-568.0
39.0,-1373.0,-7.0,808.0,,62.0,-81.0,-16.0,-594.0,-628.0
47.0,-934.0,-66.0,856.0,,187.0,-10.0,-388.0,-501.0,-564.0
128.0,-556.0,-121.0,804.0,,227.0,-14.0,-489.0,-528.0,-425.0
184.0,46.0,-189.0,635.0,,137.0,-23.0,-480.0,-742.0,-461.0
186.0,373.0,-244.0,409.0,,187.0,-65.0,-447.0,-466.0,-685.0
216.0,789.0,-217.0,217.0,,287.0,-157.0,-341.0,-229.0,-712.0
299.0,1625.0,-251.0,139.0,,217.0,-242.0,-354.0,-94.0,-524.0
282.0,1944.0,-309.0,141.0,,121.0,-319.0,-120.0,61.0,-549.0
227.0,1560.0,-237.0,110.0,,25.0,-404.0,33.0,317.0,-661.0
219.0,1724.0,-267.0,-34.0,,-189.0,-490.0,131.0,493.0,-620.0
247.0,1436.0,-250.0,-233.0,,-337.0,-553.0,145.0,401.0,-513.0
231.0,812.0,-179.0,-334.0,,-114.0,-568.0,81.0,409.0,-419.0
184.0,662.0,-144.0,-252.0,,78.0,-574.0,151.0,505.0,-298.0
207.0,387.0,-105.0,-98.0,,-161.0,-597.0,59.0,468.0,-170.0
259.0,409.0,-98.0,27.0,,-384.0,-647.0,147.0,612.0,-157.0
251.0,43.0,-51.0,110.0,,-386.0,-718.0,234.0,683.0,-127.0
192.0,-601.0,-6.0,121.0,,-435.0,-802.0,247.0,734.0,-14.0
194.0,-1163.0,31.0,135.0,,-555.0,-919.0,312.0,794.0,-18.0
277.0,-1251.0,38.0,56.0,,-413.0,-1025.0,295.0,357.0,-102.0
309.0,-1071.0,80.0,-139.0,,-100.0,-1107.0,450.0,572.0,-63.0
286.0,-1260.0,135.0,-364.0,,-143.0,-1151.0,454.0,788.0,-5.0
356.0,-1241.0,143.0,-660.0,,-275.0,-1181.0,511.0,401.0,-123.0
434.0,-1247.0,222.0,-877.0,,-26.0,-1222.0,482.0,343.0,-215.0
426.0,-846.0,267.0,-1023.0,,221.0,-1234.0,334.0,518.0,-164.0
379.0,-278.0,201.0,-1139.0,,31.0,-1227.0,391.0,432.0,2.0
395.0,-54.0,181.0,-1124.0,,-248.0,-1181.0,245.0,62.0,137.0
403.0,102.0,144.0,-993.0,,-135.0,-1135.0,181.0,-29.0,129.0
340.0,-30.0,44.0,-818.0,,-70.0,-1163.0,49.0,53.0,269.0
253.0,75.0,-17.0,-560.0,,-262.0,-1206.0,-96.0,315.0,449.0
190.0,104.0,-96.0,-227.0,,-199.0,-1182.0,-199.0,-30.0,542.0
216.0,-138.0,-116.0,116.0,,81.0,-1140.0,-428.0,-113.0,570.0
122.0,-220.0,-174.0,391.0,,157.0,-1101.0,-413.0,49.0,469.0
14.0,-443.0,-245.0,519.0,,-36.0,-1002.0,-376.0,-559.0,296.0
0.0,-507.0,-205.0,507.0,,78.0,-877.0,-160.0,-170.0,172.0
-26.0,-291.0,-233.0,350.0,,333.0,-781.0,0.0,-201.0,97.0
-126.0,273.0,-214.0,318.0,,217.0,-711.0,120.0,-706.0,-153.0
-206.0,135.0,-180.0,430.0,,41.0,-627.0,349.0,-221.0,-383.0
-116.0,290.0,-167.0,460.0,,16.0,-631.0,347.0,7.0,-525.0
-65.0,1036.0,-119.0,460.0,,148.0,-697.0,485.0,366.0,-632.0
-69.0,222.0,-159.0,442.0,,-30.0,-772.0,561.0,564.0,-750.0
-44.0,19.0,-176.0,356.0,,-246.0,-899.0,705.0,211.0,-905.0
50.0,222.0,-165.0,275.0,,47.0,-1017.0,752.0,492.0,-903.0
87.0,210.0,-168.0,169.0,,178.0,-1156.0,550.0,793.0,-832.0
31.0,499.0,-137.0,-17.0,,58.0,-1246.0,533.0,576.0,-747.0
90.0,277.0,-101.0,-150.0,,133.0,-1291.0,338.0,549.0,-658.0
223.0,146.0,-77.0,-297.0,,308.0,-1349.0,266.0,343.0,-532.0
318.0,-261.0,-50.0,-463.0,,285.0,-1369.0,169.0,-14.0,-449.0
326.0,-37.0,-46.0,-577.0,,66.0,-1377.0,57.0,63.0,-247.0
403.0,475.0,-27.0,-619.0,,58.0,-1373.0,120.0,284.0,26.0
508.0,588.0,45.0,-509.0,,288.0,-1372.0,197.0,-68.0,-174.0
498.0,556.0,136.0,-296.0,,394.0,-1366.0,561.0,-470.0,-324.0
418.0,332.0,64.0,-101.0,,362.0,-1340.0,718.0,-196.0,-94.0
373.0,819.0,21.0,59.0,,265.0,-1274.0,920.0,-11.0,-155.0
406.0,827.0,122.0,162.0,,162.0,-1172.0,1069.0,23.0,-493.0
339.0,185.0,115.0,176.0,,62.0,-1055.0,962.0,-75.0,-599.0
227.0,278.0,152.0,186.0,,-31.0,-916.0,923.0,-355.0,-604.0
185.0,168.0,137.0,142.0,,81.0,-796.0,715.0,-373.0,-737.0
192.0,-483.0,142.0,114.0,,106.0,-695.0,624.0,-128.0,-751.0
140.0,-685.0,149.0,169.0,,9.0,-625.0,395.0,86.0,-703.0
-9.0,-1165.0,95.0,169.0,,52.0,-632.0,240.0,-175.0,-771.0
-90.0,-1969.0,123.0,134.0,,86.0,-710.0,173.0,-261.0,-785.0
-124.0,-2456.0,124.0,122.0,,78.0,-810.0,-20.0,23.0,-650.0
-195.0,-2514.0,69.0,138.0,,77.0,-932.0,72.0,239.0,-508.0
-268.0,-2343.0,-20.0,134.0,,166.0,-1060.0,96.0,459.0,-424.0
-265.0,-2232.0,4.0,118.0,,121.0,-1155.0,264.0,374.0,-366.0
-212.0,-1699.0,-50.0,241.0,,0.0,-1235.0,363.0,438.0,-196.0
-222.0,-1301.0,-155.0,382.0,,-38.0,-1247.0,347.0,625.0,-9.0
-233.0,-711.0,-196.0,388.0,,-233.0,-1223.0,445.0,707.0,57.0
-150.0,294.0,-251.0,508.0,,-302.0,-1202.0,323.0,868.0,79.0
-55.0,707.0,-291.0,750.0,,-118.0,-1116.0,201.0,438.0,73.0
-51.0,708.0,-318.0,773.0,,73.0,-1015.0,-75.0,544.0,112.0
-38.0,1056.0,-369.0,658.0,,64.0,-944.0,-118.0,488.0,41.0
16.0,1493.0,-365.0,648.0,,-48.0,-910.0,1.0,-13.0,40.0
69.0,1289.0,-365.0,696.0,,25.0,-857.0,35.0,586.0,157.0
107.0,1151.0,-466.0,780.0,,119.0,-775.0,264.0,-99.0,238.0
174.0,1032.0,-459.0,679.0,,114.0,-742.0,347.0,-278.0,325.0
298.0,822.0,-517.0,487.0,,63.0,-680.0,543.0,118.0,441.0
374.0,905.0,-552.0,420.0,,-52.0,-627.0,646.0,-554.0,600.0
416.0,716.0,-622.0,287.0,,-169.0,-579.0,685.0,-35.0,538.0
462.0,734.0,-694.0,193.0,,-85.0,-453.0,873.0,-270.0,700.0
566.0,805.0,-708.0,89.0,,33.0,-329.0,931.0,-564.0,972.0
607.0,822.0,-798.0,-3.0,,-6.0,-238.0,1156.0,-426.0,830.0
540.0,838.0,-762.0,-96.0,,56.0,-188.0,1171.0,-620.0,669.0
523.0,803.0,-762.0,-307.0,,70.0,-131.0,1123.0,-265.0,695.0
541.0,775.0,-770.0,-269.0,,75.0,-97.0,1062.0,-413.0,733.0
513.0,-190.0,-723.0,-101.0,,91.0,-159.0,764.0,-483.0,567.0
420.0,-398.0,-636.0,-161.0,,-92.0,-274.0,661.0,-345.0,463.0
402.0,-421.0,-611.0,-217.0,,-209.0,-420.0,550.0,-113.0,389.0
407.0,-1364.0,-590.0,-130.0,,-290.0,-559.0,583.0,248.0,319.0
359.0,-1604.0,-486.0,-25.0,,-228.0,-701.0,565.0,272.0,441.0
262.0,-1120.0,-488.0,48.0,,-89.0,-832.0,448.0,260.0,505.0
142.0,-648.0,-443.0,85.0,,-148.0,-914.0,400.0,326.0,467.0
71.0,-810.0,-311.0,170.0,,-101.0,-957.0,321.0,351.0,472.0
2.0,-149.0,-287.0,218.0,,7.0,-947.0,369.0,263.0,662.0
-103.0,693.0,-254.0,162.0,,254.0,-916.0,225.0,270.0,752.0
-198.0,842.0,-208.0,94.0,,437.0,-919.0,269.0,106.0,717.0
-241.0,592.0,-258.0,144.0,,235.0,-981.0,279.0,-229.0,812.0
-306.0,478.0,-282.0,248.0,,183.0,-1028.0,153.0,-190.0,916.0
-365.0,492.0,-343.0,151.0,,317.0,-1049.0,284.0,-71.0,1007.0
-346.0,-323.0,-344.0,12.0,,394.0,-1077.0,447.0,-129.0,976.0
-297.0,-553.0,-336.0,-51.0,,252.0,-1011.0,848.0,-363.0,869.0
-336.0,-563.0,-386.0,-114.0,,165.0,-838.0,914.0,-447.0,815.0
-381.0,-246.0,-378.0,-156.0,,213.0,-592.0,883.0,-184.0,748.0
-361.0,-18.0,-394.0,-86.0,,6.0,-331.0,933.0,-155.0,587.0
-347.0,556.0,-446.0,122.0,,-70.0,-117.0,679.0,-272.0,293.0
-382.0,1540.0,-525.0,246.0,,68.0,53.0,436.0,-329.0,82.0
-430.0,1512.0,-554.0,236.0,,196.0,155.0,84.0,-362.0,37.0
-357.0,1890.0,-596.0,100.0,,93.0,202.0,-36.0,-378.0,-22.0
-317.0,2143.0,-635.0,-193.0,,-43.0,190.0,-131.0,-429.0,-44.0
-376.0,2156.0,-655.0,-411.0,,-39.0,144.0,-116.0,-599.0,-115.0
-420.0,1783.0,-657.0,-629.0,,-100.0,46.0,190.0,-581.0,-196.0
-377.0,1561.0,-621.0,-889.0,,-127.0,-52.0,399.0,-437.0,-29.0
-337.0,1766.0,-622.0,-961.0,,-268.0,-73.0,600.0,-511.0,184.0
-392.0,1344.0,-605.0,-906.0,,-336.0,-129.0,502.0,-160.0,279.0
-396.0,785.0,-567.0,-759.0,,-345.0,-211.0,487.0,-149.0,248.0
-310.0,376.0,-511.0,-630.0,,-479.0,-272.0,493.0,-449.0,294.0
-263.0,239.0,-468.0,-487.0,,-479.0,-307.0,317.0,-208.0,414.0
-318.0,-187.0,-474.0,-233.0,,-291.0,-342.0,247.0,0.0,465.0
-320.0,-614.0,-453.0,8.0,,-283.0,-377.0,160.0,94.0,490.0
-225.0,-804.0,-470.0,286.0,,-488.0,-430.0,304.0,-181.0,288.0
-182.0,-1071.0,-498.0,497.0,,-498.0,-554.0,343.0,-344.0,140.0
-223.0,-1609.0,-460.0,524.0,,-619.0,-675.0,439.0,-363.0,193.0
-184.0,-1745.0,-480.0,463.0,,-808.0,-795.0,672.0,-400.0,220.0
-91.0,-1398.0,-490.0,311.0,,-720.0,-860.0,672.0,-145.0,132.0
-78.0,-1232.0,-504.0,251.0,,-589.0,-854.0,607.0,-310.0,77.0
-82.0,-706.0,-532.0,258.0,,-671.0,-819.0,188.0,-682.0,247.0
-9.0,-30.0,-550.0,207.0,,-723.0,-764.0,-123.0,-635.0,323.0
61.0,835.0,-567.0,251.0,,-364.0,-737.0,-321.0,57.0,415.0
8.0,1063.0,-597.0,214.0,,-89.0,-703.0,-530.0,282.0,493.0
-67.0,1016.0,-648.0,150.0,,-183.0,-620.0,-476.0,-281.0,502.0
-75.0,1375.0,-658.0,13.0,,-296.0,-434.0,-467.0,-482.0,580.0
-71.0,852.0,-706.0,-204.0,,-286.0,-204.0,-232.0,-567.0,671.0
-180.0,411.0,-803.0,-189.0,,-332.0,43.0,-131.0,-276.0,748.0
-294.0,473.0,-815.0,-96.0,,-454.0,330.0,-109.0,-91.0,585.0
-294.0,520.0,-822.0,-10.0,,-450.0,542.0,38.0,-416.0,561.0
-288.0,661.0,-907.0,65.0,,-448.0,666.0,5.0,-512.0,673.0
-328.0,493.0,-860.0,167.0,,-466.0,721.0,81.0,-456.0,595.0
-349.0,28.0,-864.0,291.0,,-473.0,754.0,83.0,7.0,460.0
-247.0,-678.0,-833.0,292.0,,-373.0,749.0,175.0,98.0,472.0
-186.0,-1098.0,-776.0,270.0,,-321.0,706.0,210.0,-244.0,487.0
-224.0,-645.0,-827.0,360.0,,-594.0,724.0,112.0,-336.0,440.0
-241.0,-243.0,-798.0,374.0,,-751.0,663.0,75.0,-399.0,528.0
-203.0,-464.0,-797.0,314.0,,-602.0,574.0,-75.0,-10.0,508.0
-155.0,-477.0,-812.0,380.0,,-500.0,505.0,-35.0,-66.0,505.0
-232.0,-355.0,-825.0,446.0,,-719.0,406.0,-114.0,-588.0,617.0
-253.0,-940.0,-753.0,359.0,,-845.0,382.0,-223.0,-631.0,718.0
-145.0,-1790.0,-733.0,193.0,,-574.0,331.0,-247.0,-647.0,634.0
-86.0,-2105.0,-736.0,160.0,,-356.0,263.0,-339.0,-495.0,443.0
-87.0,-2093.0,-775.0,89.0,,-447.0,218.0,-419.0,-386.0,385.0
-99.0,-1898.0,-796.0,-12.0,,-483.0,183.0,-692.0,-693.0,311.0
-46.0,-1607.0,-783.0,-58.0,,-287.0,246.0,-594.0,-943.0,210.0
-39.0,-964.0,-849.0,-135.0,,-304.0,304.0,-428.0,-623.0,52.0
-102.0,103.0,-852.0,-111.0,,-415.0,355.0,-428.0,-194.0,-131.0
-107.0,808.0,-856.0,-37.0,,-584.0,491.0,-253.0,-446.0,-192.0
-65.0,1066.0,-821.0,102.0,,-810.0,616.0,-25.0,-938.0,-107.0
-49.0,827.0,-830.0,273.0,,-853.0,667.0,362.0,-978.0,-101.0
-130.0,644.0,-755.0,400.0,,-803.0,712.0,408.0,-450.0,-123.0
-151.0,657.0,-727.0,474.0,,-788.0,781.0,388.0,-221.0,-73.0
-101.0,164.0,-681.0,491.0,,-739.0,821.0,399.0,-496.0,-1.0
-142.0,-177.0,-590.0,469.0,,-484.0,821.0,123.0,-732.0,59.0
-221.0,-396.0,-605.0,484.0,,-446.0,803.0,-59.0,-648.0,91.0
-243.0,-592.0,-512.0,465.0,,-510.0,760.0,-238.0,-199.0,118.0
-196.0,-686.0,-513.0,295.0,,-599.0,712.0,-186.0,142.0,121.0
-227.0,-1205.0,-549.0,281.0,,-808.0,677.0,-129.0,511.0,268.0
-300.0,-1613.0,-498.0,290.0,,-757.0,637.0,-123.0,39.0,255.0
-223.0,-1378.0,-413.0,89.0,,-530.0,600.0,46.0,-363.0,40.0
-117.0,-401.0,-339.0,-128.0,,-406.0,593.0,105.0,506.0,-7.0
-131.0,618.0,-328.0,-205.0,,-523.0,599.0,192.0,876.0,64.0
-193.0,1657.0,-340.0,-221.0,,-660.0,594.0,53.0,547.0,64.0
-149.0,2726.0,-284.0,-392.0,,-770.0,600.0,-60.0,136.0,-3.0
-61.0,3137.0,-269.0,-554.0,,-767.0,685.0,-92.0,423.0,29.0
-83.0,3668.0,-291.0,-629.0,,-722.0,799.0,-212.0,894.0,120.0
-103.0,3774.0,-208.0,-650.0,,-872.0,892.0,-229.0,824.0,258.0
-30.0,3112.0,-179.0,-605.0,,-874.0,994.0,-323.0,730.0,304.0
82.0,2108.0,-170.0,-500.0,,-644.0,1083.0,-245.0,265.0,217.0
96.0,795.0,-141.0,-251.0,,-594.0,1104.0,-258.0,64.0,27.0
68.0,-507.0,-140.0,-98.0,,-732.0,1017.0,-358.0,486.0,-179.0
133.0,-1853.0,-95.0,20.0,,-700.0,921.0,-399.0,565.0,-162.0
174.0,-2713.0,-84.0,193.0,,-611.0,860.0,-386.0,-48.0,-196.0
141.0,-3092.0,-83.0,262.0,,-657.0,794.0,-123.0,-306.0,-416.0
92.0,-3221.0,-43.0,248.0,,-706.0,754.0,-55.0,60.0,-533.0
119.0,-3428.0,-44.0,22.0,,-646.0,732.0,110.0,246.0,-473.0
108.0,-3410.0,-65.0,-134.0,,-671.0,723.0,314.0,112.0,-414.0
20.0,-2729.0,-69.0,-75.0,,-714.0,726.0,321.0,-156.0,-405.0
-15.0,-2010.0,-25.0,-129.0,,-678.0,719.0,168.0,-166.0,-359.0
-15.0,-1403.0,36.0,-208.0,,-713.0,696.0,-184.0,-37.0,-265.0
-73.0,-922.0,66.0,-175.0,,-795.0,665.0,-221.0,15.0,-143.0
-215.0,-350.0,26.0,-107.0,,-820.0,634.0,-315.0,104.0,-16.0
-249.0,144.0,81.0,-49.0,,-671.0,589.0,-388.0,323.0,145.0
-196.0,342.0,133.0,18.0,,-698.0,518.0,-293.0,-170.0,257.0
-168.0,475.0,49.0,162.0,,-775.0,445.0,-134.0,-602.0,315.0
-172.0,507.0,40.0,330.0,,-654.0,348.0,206.0,126.0,526.0
-131.0,971.0,54.0,393.0,,-464.0,270.0,166.0,330.0,724.0
-29.0,1886.0,45.0,310.0,,-365.0,296.0,190.0,-367.0,718.0
-48.0,2497.0,-15.0,235.0,,-563.0,366.0,221.0,-645.0,741.0
-116.0,2784.0,17.0,283.0,,-643.0,459.0,129.0,-194.0,933.0
-91.0,2780.0,94.0,265.0,,-595.0,573.0,153.0,-366.0,1038.0
-29.0,2548.0,69.0,224.0,,-714.0,654.0,1.0,-431.0,861.0
-20.0,2320.0,144.0,181.0,,-818.0,766.0,-12.0,-496.0,693.0
-24.0,1929.0,246.0,90.0,,-509.0,913.0,-205.0,-832.0,673.0
23.0,1639.0,237.0,138.0,,-156.0,1061.0,-339.0,-589.0,530.0
100.0,1307.0,194.0,174.0,,-347.0,1220.0,-363.0,-632.0,340.0
113.0,805.0,212.0,229.0,,-552.0,1319.0,-380.0,-139.0,170.0
108.0,639.0,176.0,290.0,,-440.0,1354.0,-195.0,-162.0,-168.0
152.0,-124.0,191.0,216.0,,-331.0,1319.0,-256.0,-493.0,-462.0
114.0,-1376.0,136.0,177.0,,-395.0,1235.0,-107.0,-697.0,-463.0
49.0,-2389.0,-23.0,109.0,,-336.0,1106.0,-51.0,-382.0,-442.0
24.0,-2976.0,-10.0,-16.0,,-349.0,903.0,-125.0,90.0,-680.0
30.0,-3182.0,-50.0,-66.0,,-416.0,704.0,-110.0,-480.0,-820.0
4.0,-3472.0,-92.0,-31.0,,-183.0,501.0,-153.0,80.0,-665.0
-76.0,-2926.0,-75.0,78.0,,-129.0,289.0,114.0,-354.0,-553.0
-75.0,-1944.0,-143.0,278.0,,-223.0,124.0,205.0,-493.0,-507.0
-32.0,-540.0,-162.0,381.0,,-142.0,26.0,358.0,202.0,-437.0
-13.0,801.0,-74.0,386.0,,0.0,-23.0,480.0,82.0,-346.0
-21.0,1079.0,-130.0,371.0,,-87.0,-63.0,399.0,-47.0,-217.0
17.0,1012.0,-242.0,317.0,,-344.0,-45.0,388.0,-355.0,-22.0
119.0,432.0,-234.0,295.0,,-590.0,48.0,177.0,365.0,133.0
141.0,69.0,-263.0,162.0,,-565.0,173.0,68.0,36.0,149.0
100.0,55.0,-337.0,45.0,,-133.0,324.0,-221.0,374.0,152.0
83.0,356.0,-326.0,39.0,,34.0,489.0,-493.0,347.0,181.0
138.0,695.0,-314.0,137.0,,-118.0,657.0,-598.0,-675.0,209.0
137.0,420.0,-404.0,190.0,,-27.0,842.0,-670.0,101.0,113.0
75.0,420.0,-401.0,61.0,,175.0,1020.0,-524.0,-329.0,18.0
107.0,663.0,-402.0,-86.0,,-113.0,1178.0,-539.0,-450.0,-7.0
163.0,1182.0,-409.0,-207.0,,-367.0,1326.0,-426.0,-390.0,-70.0
134.0,2028.0,-461.0,-342.0,,-137.0,1446.0,-343.0,-1047.0,-153.0
41.0,2415.0,-497.0,-487.0,,-35.0,1499.0,-229.0,-675.0,-299.0
26.0,2223.0,-426.0,-515.0,,-131.0,1434.0,3.0,-156.0,-321.0
56.0,1795.0,-370.0,-470.0,,-238.0,1283.0,81.0,-225.0,-329.0
8.0,1242.0,-342.0,-235.0,,-291.0,1103.0,288.0,-705.0,-434.0
-89.0,916.0,-418.0,27.0,,-511.0,891.0,264.0,-703.0,-476.0
-133.0,375.0,-391.0,250.0,,-537.0,699.0,282.0,-278.0,-465.0
-111.0,-560.0,-343.0,513.0,,-152.0,531.0,389.0,97.0,-436.0
-170.0,-1289.0,-282.0,564.0,,-73.0,350.0,343.0,117.0,-361.0
-252.0,-1676.0,-192.0,465.0,,-290.0,200.0,328.0,-230.0,-210.0
-251.0,-1465.0,-86.0,321.0,,-485.0,128.0,83.0,-162.0,-144.0
-218.0,-1444.0,55.0,218.0,,-425.0,95.0,-103.0,500.0,-164.0
-251.0,-1538.0,47.0,124.0,,-290.0,94.0,-290.0,421.0,29.0
-294.0,-1606.0,195.0,-49.0,,-287.0,118.0,-456.0,116.0,342.0
-228.0,-1840.0,209.0,-224.0,,-228.0,168.0,-552.0,137.0,393.0
-164.0,-1714.0,71.0,-358.0,,-190.0,250.0,-667.0,-89.0,429.0
-208.0,-1583.0,153.0,-650.0,,-121.0,317.0,-513.0,236.0,557.0
-232.0,-1190.0,136.0,-905.0,,-106.0,445.0,-482.0,566.0,547.0
-164.0,-657.0,124.0,-858.0,,-125.0,607.0,-339.0,141.0,475.0
-145.0,-325.0,119.0,-649.0,,-27.0,782.0,-212.0,-523.0,468.0
-191.0,-238.0,42.0,-557.0,,59.0,966.0,-221.0,-315.0,457.0
-182.0,-253.0,42.0,-643.0,,0.0,1102.0,-107.0,132.0,371.0
-76.0,22.0,48.0,-622.0,,-35.0,1282.0,-225.0,-127.0,426.0
-40.0,391.0,2.0,-551.0,,147.0,1481.0,-175.0,-246.0,463.0
-73.0,634.0,-16.0,-586.0,,244.0,1634.0,-258.0,-514.0,303.0
-29.0,605.0,-45.0,-712.0,,178.0,1710.0,-447.0,-445.0,149.0
44.0,438.0,-181.0,-710.0,,57.0,1693.0,-474.0,-262.0,161.0
56.0,289.0,-205.0,-712.0,,-47.0,1651.0,-563.0,-544.0,100.0
-7.0,694.0,-185.0,-848.0,,68.0,1508.0,-412.0,-299.0,-61.0
-22.0,1419.0,-240.0,-794.0,,344.0,1236.0,-393.0,-336.0,-97.0
-14.0,1759.0,-255.0,-603.0,,313.0,927.0,-271.0,-861.0,-145.0
-57.0,1799.0,-211.0,-505.0,,47.0,603.0,-77.0,-465.0,-136.0
-134.0,1238.0,-140.0,-436.0,,-16.0,331.0,7.0,598.0,-114.0
-105.0,179.0,-153.0,-355.0,,-7.0,113.0,142.0,131.0,-122.0
-17.0,-635.0,-177.0,-348.0,,-20.0,-99.0,55.0,-374.0,-129.0
-29.0,-1184.0,-149.0,-327.0,,35.0,-225.0,64.0,485.0,-22.0
-45.0,-1976.0,-135.0,-330.0,,183.0,-271.0,-46.0,519.0,158.0
42.0,-2289.0,-111.0,-356.0,,240.0,-312.0,-142.0,702.0,196.0
209.0,-1709.0,-44.0,-228.0,,131.0,-337.0,-251.0,612.0,202.0
231.0,-934.0,-7.0,-109.0,,18.0,-271.0,-491.0,50.0,198.0
232.0,-405.0,-56.0,-62.0,,-31.0,-75.0,-565.0,111.0,276.0
329.0,-393.0,-62.0,35.0,,-76.0,171.0,-781.0,38.0,312.0
415.0,-83.0,-24.0,233.0,,-68.0,431.0,-639.0,479.0,238.0
431.0,233.0,-67.0,471.0,,19.0,716.0,-399.0,240.0,173.0
401.0,221.0,-88.0,492.0,,72.0,947.0,-236.0,-663.0,134.0
446.0,172.0,-146.0,385.0,,194.0,1124.0,-62.0,-342.0,144.0
482.0,-520.0,-137.0,229.0,,319.0,1267.0,-182.0,164.0,89.0
500.0,-645.0,-29.0,-41.0,,269.0,1298.0,-162.0,181.0,-19.0
484.0,-166.0,-64.0,-179.0,,33.0,1219.0,-412.0,55.0,-143.0
516.0,158.0,-82.0,-102.0,,-170.0,1017.0,-735.0,-487.0,-191.0
575.0,533.0,-133.0,64.0,,18.0,741.0,-957.0,-447.0,-211.0
537.0,715.0,-158.0,179.0,,325.0,500.0,-1077.0,282.0,-265.0
475.0,1455.0,-126.0,259.0,,282.0,360.0,-885.0,-161.0,-274.0
432.0,1791.0,-149.0,464.0,,114.0,296.0,-794.0,-499.0,-210.0
409.0,1784.0,-126.0,634.0,,164.0,177.0,-500.0,-203.0,-131.0
301.0,2108.0,-163.0,686.0,,235.0,68.0,-325.0,-907.0,-61.0
226.0,1724.0,-183.0,664.0,,172.0,21.0,-201.0,-267.0,18.0
176.0,1502.0,-266.0,730.0,,338.0,-9.0,20.0,848.0,60.0
104.0,575.0,-269.0,922.0,,582.0,15.0,68.0,-151.0,167.0
12.0,-558.0,-205.0,853.0,,626.0,61.0,280.0,-444.0,179.0
-88.0,-1003.0,-234.0,660.0,,708.0,82.0,234.0,219.0,154.0
-98.0,-1636.0,-225.0,527.0,,730.0,109.0,149.0,573.0,241.0
-168.0,-1326.0,-305.0,318.0,,627.0,134.0,77.0,521.0,310.0
-246.0,-642.0,-291.0,51.0,,454.0,123.0,-25.0,-49.0,430.0
-248.0,-115.0,-291.0,-93.0,,352.0,46.0,97.0,224.0,557.0
-197.0,41.0,-298.0,-131.0,,373.0,-34.0,5.0,448.0,690.0
-191.0,-211.0,-313.0,-186.0,,265.0,-74.0,1.0,121.0,789.0
-245.0,-680.0,-396.0,-245.0,,204.0,-174.0,-116.0,365.0,885.0
-199.0,-704.0,-378.0,-330.0,,289.0,-307.0,-323.0,199.0,1019.0
-147.0,-228.0,-401.0,-313.0,,352.0,-405.0,-410.0,-308.0,1121.0
-158.0,-606.0,-346.0,-220.0,,295.0,-462.0,-587.0,-527.0,1107.0
-192.0,-1562.0,-351.0,-96.0,,228.0,-487.0,-554.0,-211.0,1009.0
-154.0,-3158.0,-388.0,-79.0,,402.0,-457.0,-663.0,166.0,1030.0
-75.0,-3618.0,-378.0,-75.0,,507.0,-372.0,-715.0,-351.0,972.0
-70.0,-1905.0,-396.0,55.0,,210.0,-256.0,-630.0,-370.0,748.0
-84.0,341.0,-346.0,61.0,,20.0,-136.0,-480.0,61.0,561.0
-70.0,1842.0,-320.0,-22.0,,300.0,-78.0,-315.0,359.0,441.0
-30.0,2037.0,-332.0,-5.0,,563.0,-51.0,-345.0,199.0,312.0
-14.0,1744.0,-376.0,155.0,,492.0,-75.0,-62.0,80.0,200.0
-38.0,1648.0,-384.0,187.0,,395.0,-134.0,203.0,465.0,171.0
-27.0,1593.0,-343.0,114.0,,436.0,-251.0,402.0,145.0,183.0
7.0,1341.0,-301.0,108.0,,431.0,-450.0,432.0,414.0,246.0
-17.0,1203.0,-260.0,124.0,,378.0,-621.0,254.0,766.0,314.0
-99.0,1558.0,-193.0,-32.0,,325.0,-797.0,118.0,458.0,356.0
-140.0,1683.0,-120.0,-249.0,,198.0,-936.0,-234.0,163.0,414.0
-148.0,652.0,-48.0,-229.0,,86.0,-996.0,-175.0,-33.0,512.0
-199.0,159.0,0.0,-314.0,,194.0,-1046.0,101.0,202.0,567.0
-212.0,473.0,26.0,-428.0,,411.0,-1085.0,365.0,-115.0,510.0
-157.0,300.0,46.0,-341.0,,415.0,-1034.0,593.0,-204.0,534.0
-120.0,94.0,62.0,-164.0,,331.0,-874.0,635.0,186.0,654.0
-143.0,248.0,162.0,-27.0,,394.0,-730.0,803.0,-445.0,732.0
-137.0,657.0,176.0,-128.0,,460.0,-623.0,548.0,-537.0,809.0
-94.0,761.0,155.0,-241.0,,448.0,-484.0,57.0,119.0,823.0
-129.0,825.0,186.0,-229.0,,501.0,-319.0,-400.0,0.0,781.0
-175.0,595.0,162.0,-249.0,,669.0,-176.0,-667.0,-351.0,839.0
-176.0,-196.0,147.0,-321.0,,703.0,-49.0,-437.0,-740.0,883.0
-126.0,32.0,206.0,-356.0,,427.0,52.0,-164.0,-439.0,752.0
-100.0,1450.0,282.0,-271.0,,271.0,105.0,267.0,214.0,575.0
-100.0,1804.0,272.0,-200.0,,468.0,95.0,393.0,0.0,486.0
-74.0,1030.0,282.0,-86.0,,763.0,-10.0,73.0,-528.0,354.0
-24.0,402.0,264.0,132.0,,802.0,-153.0,-197.0,-114.0,230.0
35.0,-121.0,327.0,189.0,,569.0,-325.0,-369.0,289.0,250.0
25.0,-820.0,299.0,79.0,,521.0,-483.0,-57.0,-40.0,231.0
44.0,-1811.0,138.0,-103.0,,580.0,-575.0,245.0,454.0,122.0
108.0,-2268.0,209.0,-248.0,,663.0,-733.0,341.0,493.0,149.0
140.0,-2629.0,156.0,-209.0,,644.0,-863.0,232.0,-280.0,384.0
115.0,-2507.0,49.0,-173.0,,423.0,-902.0,20.0,-475.0,504.0
153.0,-1563.0,-28.0,-192.0,,389.0,-941.0,120.0,358.0,505.0
258.0,-1453.0,-139.0,-193.0,,533.0,-889.0,164.0,821.0,621.0
256.0,-1306.0,-216.0,-290.0,,588.0,-797.0,230.0,-332.0,765.0
226.0,-272.0,-315.0,-420.0,,371.0,-719.0,112.0,-786.0,865.0
294.0,1356.0,-363.0,-505.0,,256.0,-638.0,73.0,-272.0,942.0
390.0,2032.0,-454.0,-563.0,,445.0,-617.0,210.0,242.0,1013.0
367.0,1601.0,-484.0,-516.0,,498.0,-580.0,168.0,-74.0,1099.0
331.0,1921.0,-546.0,-333.0,,471.0,-484.0,254.0,-908.0,1163.0
373.0,1648.0,-561.0,-257.0,,429.0,-403.0,210.0,-540.0,1138.0
424.0,367.0,-536.0,-245.0,,258.0,-307.0,345.0,-292.0,1062.0
396.0,-859.0,-641.0,-153.0,,241.0,-229.0,441.0,-64.0,991.0
355.0,-1463.0,-627.0,-213.0,,296.0,-182.0,354.0,110.0,1031.0
356.0,-1614.0,-601.0,-238.0,,181.0,-114.0,391.0,-591.0,1051.0
277.0,-1262.0,-542.0,-140.0,,152.0,-84.0,256.0,-1039.0,866.0
160.0,-321.0,-511.0,-99.0,,319.0,-121.0,306.0,-759.0,665.0
84.0,47.0,-542.0,-132.0,,514.0,-211.0,312.0,-70.0,544.0
64.0,932.0,-422.0,-224.0,,487.0,-329.0,308.0,34.0,440.0
0.0,2028.0,-278.0,-214.0,,321.0,-389.0,304.0,-504.0,272.0
-120.0,2648.0,-186.0,-79.0,,317.0,-378.0,136.0,-812.0,-5.0
-168.0,2792.0,-192.0,-94.0,,305.0,-372.0,181.0,-35.0,-359.0
-160.0,2530.0,-198.0,-246.0,,195.0,-343.0,325.0,347.0,-523.0
-198.0,3399.0,-159.0,-262.0,,162.0,-274.0,733.0,149.0,-493.0
-296.0,3181.0,-132.0,-257.0,,260.0,-210.0,916.0,186.0,-549.0
-354.0,1166.0,-119.0,-269.0,,347.0,-95.0,879.0,0.0,-632.0
-361.0,-1025.0,-129.0,-245.0,,189.0,37.0,846.0,485.0,-636.0
-354.0,-2841.0,-177.0,-222.0,,66.0,123.0,589.0,1362.0,-493.0
-408.0,-3195.0,-188.0,-241.0,,229.0,179.0,593.0,1562.0,-333.0
-417.0,-2991.0,-146.0,-385.0,,233.0,211.0,461.0,606.0,-250.0
-346.0,-2730.0,-122.0,-573.0,,206.0,256.0,317.0,204.0,-174.0
-311.0,-2027.0,-66.0,-615.0,,525.0,248.0,190.0,713.0,-133.0
-273.0,-1360.0,-77.0,-526.0,,644.0,141.0,-72.0,1285.0,-167.0
-233.0,-1083.0,-41.0,-448.0,,376.0,10.0,-57.0,1056.0,-239.0
-162.0,-1036.0,45.0,-205.0,,280.0,-99.0,-60.0,174.0,-309.0
-107.0,-758.0,2.0,131.0,,674.0,-236.0,297.0,180.0,-391.0
-132.0,352.0,19.0,426.0,,958.0,-390.0,737.0,146.0,-442.0
-107.0,1744.0,80.0,559.0,,524.0,-459.0,853.0,727.0,-554.0
-30.0,2852.0,61.0,574.0,,124.0,-440.0,740.0,669.0,-698.0
-23.0,3656.0,79.0,717.0,,258.0,-296.0,423.0,18.0,-773.0
-82.0,3649.0,82.0,771.0,,323.0,-104.0,295.0,283.0,-654.0
-96.0,3743.0,123.0,666.0,,176.0,52.0,22.0,280.0,-434.0
-75.0,3725.0,119.0,487.0,,256.0,210.0,36.0,905.0,-411.0
-120.0,2431.0,74.0,355.0,,486.0,312.0,389.0,804.0,-312.0
-191.0,649.0,109.0,173.0,,423.0,370.0,613.0,-162.0,-59.0
-231.0,-543.0,72.0,6.0,,141.0,358.0,691.0,-288.0,187.0
-241.0,-978.0,65.0,16.0,,80.0,209.0,375.0,592.0,379.0
-270.0,-1098.0,37.0,25.0,,233.0,25.0,134.0,618.0,510.0
-312.0,-1997.0,46.0,61.0,,159.0,-116.0,-64.0,181.0,591.0
-315.0,-3185.0,45.0,126.0,,-39.0,-236.0,9.0,2.0,582.0
-326.0,-3730.0,22.0,180.0,,-96.0,-327.0,299.0,-558.0,612.0
-365.0,-3026.0,-10.0,200.0,,-207.0,-397.0,386.0,524.0,624.0
-402.0,-696.0,-90.0,166.0,,-234.0,-430.0,463.0,92.0,492.0
-415.0,772.0,-109.0,-27.0,,95.0,-475.0,238.0,-202.0,177.0
-406.0,1249.0,-192.0,-229.0,,441.0,-554.0,182.0,131.0,-23.0
-406.0,1428.0,-145.0,-143.0,,334.0,-551.0,208.0,-606.0,-74.0
-393.0,1912.0,-65.0,93.0,,116.0,-485.0,116.0,402.0,-285.0
-363.0,2814.0,-53.0,148.0,,309.0,-375.0,179.0,588.0,-411.0
-357.0,2317.0,-25.0,-25.0,,530.0,-275.0,90.0,-195.0,-511.0
-362.0,1099.0,-27.0,-72.0,,470.0,-195.0,20.0,-603.0,-672.0
-352.0,-816.0,41.0,-35.0,,371.0,-90.0,-205.0,-275.0,-665.0
-304.0,-2178.0,131.0,-178.0,,385.0,30.0,-325.0,-181.0,-583.0
-282.0,-2451.0,200.0,-306.0,,389.0,171.0,-315.0,-157.0,-557.0
-307.0,-1851.0,277.0,-332.0,,144.0,218.0,-360.0,132.0,-501.0
-306.0,-698.0,318.0,-473.0,,-47.0,176.0,-12.0,-9.0,-280.0
-286.0,-385.0,314.0,-551.0,,95.0,135.0,339.0,-167.0,-157.0
-296.0,74.0,351.0,-456.0,,184.0,119.0,681.0,147.0,-178.0
-364.0,112.0,320.0,-334.0,,-44.0,118.0,783.0,528.0,-225.0
-394.0,665.0,232.0,-204.0,,-42.0,175.0,796.0,86.0,-263.0
-393.0,804.0,226.0,-179.0,,454.0,264.0,1049.0,455.0,-181.0
-443.0,568.0,152.0,-258.0,,668.0,219.0,1152.0,197.0,-260.0
-498.0,1147.0,62.0,-332.0,,463.0,157.0,1197.0,299.0,-495.0
-513.0,142.0,60.0,-244.0,,348.0,112.0,848.0,1009.0,-653.0
-503.0,638.0,11.0,-179.0,,379.0,-27.0,456.0,221.0,-602.0
-546.0,2030.0,-58.0,-220.0,,380.0,-196.0,199.0,164.0,-521.0
-599.0,2378.0,-110.0,-210.0,,138.0,-392.0,131.0,143.0,-609.0
-573.0,2579.0,-153.0,-228.0,,-56.0,-564.0,338.0,-76.0,-615.0
-514.0,1576.0,-99.0,-226.0,,186.0,-687.0,240.0,665.0,-527.0
-478.0,882.0,-95.0,-262.0,,536.0,-777.0,203.0,654.0,-354.0
-427.0,957.0,-113.0,-259.0,,459.0,-758.0,72.0,234.0,-202.0
-322.0,1116.0,-63.0,-257.0,,-38.0,-666.0,157.0,-22.0,-157.0
-247.0,784.0,-56.0,-349.0,,-281.0,-532.0,535.0,109.0,-259.0
-241.0,485.0,-29.0,-321.0,,-66.0,-324.0,670.0,686.0,-396.0
-225.0,247.0,13.0,-233.0,,99.0,-120.0,814.0,475.0,-363.0
-146.0,-491.0,75.0,-233.0,,15.0,69.0,646.0,-72.0,-513.0
-44.0,-1305.0,106.0,-269.0,,-253.0,233.0,622.0,-500.0,-858.0
4.0,-2448.0,75.0,-263.0,,-328.0,348.0,679.0,291.0,-955.0
59.0,-3799.0,60.0,-160.0,,-61.0,450.0,578.0,276.0,-962.0
131.0,-5269.0,93.0,-6.0,,148.0,477.0,532.0,-366.0,-1213.0
165.0,-5811.0,74.0,51.0,,141.0,450.0,142.0,-521.0,-1291.0
158.0,-4867.0,42.0,120.0,,-8.0,303.0,-46.0,-1145.0,-1089.0
133.0,-3667.0,113.0,282.0,,-133.0,15.0,-182.0,-623.0,-999.0
135.0,-2240.0,146.0,259.0,,-237.0,-279.0,-190.0,-492.0,-1003.0
106.0,-677.0,146.0,105.0,,-354.0,-583.0,46.0,-692.0,-911.0
38.0,-488.0,143.0,50.0,,-348.0,-783.0,-68.0,-822.0,-901.0
19.0,-992.0,160.0,54.0,,-267.0,-857.0,-1.0,-314.0,-957.0
49.0,-1489.0,64.0,-96.0,,-223.0,-861.0,182.0,128.0,-757.0
37.0,-2172.0,-61.0,-448.0,,-313.0,-791.0,460.0,126.0,-583.0
-22.0,-2190.0,-77.0,-594.0,,-481.0,-668.0,633.0,155.0,-683.0
-32.0,-1302.0,-154.0,-591.0,,-462.0,-471.0,589.0,-672.0,-807.0
-41.0,-447.0,-179.0,-633.0,,-204.0,-253.0,602.0,199.0,-691.0
-89.0,-211.0,-187.0,-557.0,,-116.0,-43.0,500.0,434.0,-573.0
-140.0,-73.0,-171.0,-466.0,,-319.0,119.0,574.0,160.0,-645.0
-143.0,-1446.0,-156.0,-315.0,,-401.0,180.0,404.0,592.0,-685.0
-117.0,-3395.0,-153.0,-115.0,,-466.0,219.0,258.0,330.0,-621.0
-156.0,-4556.0,-125.0,24.0,,-639.0,249.0,205.0,445.0,-502.0
-130.0,-5485.0,-116.0,174.0,,-732.0,193.0,29.0,753.0,-314.0
-31.0,-4751.0,-75.0,249.0,,-578.0,141.0,192.0,1017.0,-48.0
33.0,-2652.0,-68.0,234.0,,-294.0,182.0,404.0,161.0,43.0
54.0,-891.0,15.0,130.0,,-308.0,218.0,835.0,291.0,42.0
60.0,94.0,18.0,45.0,,-364.0,186.0,934.0,907.0,127.0
116.0,1348.0,21.0,31.0,,-298.0,123.0,757.0,978.0,200.0
115.0,2190.0,65.0,-176.0,,-270.0,32.0,533.0,1241.0,185.0
84.0,2197.0,25.0,-313.0,,-327.0,-46.0,110.0,674.0,107.0
92.0,2181.0,61.0,-262.0,,-477.0,-49.0,284.0,1127.0,48.0
137.0,2564.0,50.0,-321.0,,-515.0,-29.0,458.0,1252.0,14.0
150.0,3582.0,21.0,-497.0,,-511.0,-43.0,598.0,235.0,-26.0
109.0,4430.0,24.0,-671.0,,-396.0,-71.0,641.0,411.0,-158.0
110.0,5171.0,25.0,-567.0,,-264.0,-59.0,441.0,947.0,-149.0
111.0,4963.0,59.0,-398.0,,-371.0,-46.0,491.0,465.0,-44.0
96.0,3978.0,91.0,-277.0,,-486.0,-35.0,303.0,-72.0,-107.0
44.0,3464.0,101.0,-117.0,,-285.0,3.0,136.0,-329.0,-296.0
27.0,3582.0,126.0,82.0,,67.0,-28.0,42.0,106.0,-336.0
52.0,4088.0,143.0,377.0,,-16.0,-93.0,164.0,417.0,-222.0
51.0,4648.0,163.0,520.0,,-437.0,-138.0,415.0,-543.0,-163.0
35.0,4851.0,164.0,603.0,,-488.0,-185.0,439.0,-1073.0,-44.0
38.0,3931.0,191.0,598.0,,-186.0,-201.0,583.0,-762.0,-102.0
94.0,2330.0,229.0,486.0,,-183.0,-208.0,517.0,-354.0,-269.0
98.0,344.0,208.0,335.0,,-394.0,-191.0,487.0,-599.0,-243.0
47.0,-988.0,226.0,184.0,,-433.0,-158.0,450.0,-847.0,-70.0
3.0,-1016.0,214.0,131.0,,-398.0,-164.0,426.0,-1243.0,-65.0
25.0,-658.0,139.0,-5.0,,-475.0,-179.0,674.0,-861.0,-273.0
23.0,-279.0,99.0,-214.0,,-454.0,-181.0,766.0,149.0,-318.0
-17.0,60.0,134.0,-308.0,,-173.0,-218.0,855.0,-559.0,-205.0
-12.0,41.0,85.0,-265.0,,-208.0,-276.0,711.0,-807.0,-114.0
1.0,-755.0,70.0,-242.0,,-572.0,-339.0,558.0,-650.0,-179.0
57.0,-990.0,44.0,-256.0,,-655.0,-337.0,432.0,-654.0,-270.0
81.0,-768.0,7.0,-294.0,,-434.0,-271.0,293.0,-32.0,-424.0
88.0,-933.0,26.0,-237.0,,-341.0,-246.0,465.0,121.0,-635.0
132.0,-163.0,-58.0,-117.0,,-459.0,-229.0,402.0,-593.0,-788.0
125.0,664.0,-32.0,-89.0,,-450.0,-210.0,410.0,-202.0,-971.0
90.0,420.0,-47.0,-49.0,,-413.0,-157.0,247.0,457.0,-1165.0
71.0,-595.0,-103.0,41.0,,-570.0,-135.0,-190.0,-308.0,-1311.0
84.0,-1647.0,-82.0,100.0,,-590.0,-202.0,-469.0,150.0,-1236.0
103.0,-2061.0,-69.0,16.0,,-327.0,-230.0,-737.0,-343.0,-1126.0
85.0,-1606.0,-56.0,-42.0,,-315.0,-271.0,-585.0,-597.0,-1050.0
108.0,-379.0,-23.0,-21.0,,-634.0,-369.0,-491.0,352.0,-850.0
134.0,229.0,38.0,-59.0,,-772.0,-458.0,-474.0,184.0,-574.0
116.0,600.0,45.0,-110.0,,-699.0,-554.0,-295.0,69.0,-437.0
101.0,267.0,74.0,-128.0,,-770.0,-621.0,-166.0,-487.0,-453.0
71.0,-323.0,121.0,-19.0,,-899.0,-589.0,20.0,-115.0,-340.0
0.0,79.0,149.0,179.0,,-794.0,-472.0,-22.0,-227.0,-183.0
-102.0,464.0,129.0,228.0,,-590.0,-342.0,184.0,-349.0,-132.0
-159.0,843.0,158.0,211.0,,-499.0,-201.0,445.0,263.0,-193.0
-176.0,1049.0,159.0,268.0,,-422.0,-68.0,395.0,243.0,-245.0
-208.0,1649.0,93.0,233.0,,-364.0,67.0,256.0,-727.0,-219.0
-246.0,2139.0,86.0,211.0,,-493.0,218.0,46.0,-1344.0,-108.0
-235.0,2669.0,60.0,353.0,,-718.0,306.0,195.0,-41.0,146.0
-200.0,2954.0,59.0,513.0,,-820.0,289.0,254.0,102.0,305.0
-173.0,3155.0,23.0,570.0,,-769.0,135.0,303.0,-78.0,255.0
-165.0,3377.0,18.0,467.0,,-845.0,-37.0,384.0,-936.0,267.0
-126.0,2385.0,54.0,330.0,,-861.0,-255.0,199.0,-1215.0,416.0
-30.0,1818.0,62.0,202.0,,-743.0,-596.0,101.0,90.0,499.0
16.0,1019.0,66.0,0.0,,-701.0,-899.0,-51.0,381.0,362.0
47.0,-101.0,21.0,-221.0,,-558.0,-1117.0,149.0,-476.0,160.0
66.0,-1187.0,58.0,-309.0,,-541.0,-1268.0,269.0,-1244.0,57.0
104.0,-1963.0,79.0,-279.0,,-676.0,-1377.0,51.0,-230.0,-43.0
112.0,-2811.0,47.0,-387.0,,-847.0,-1377.0,40.0,-24.0,6.0
78.0,-3511.0,61.0,-608.0,,-798.0,-1275.0,-16.0,-125.0,114.0
72.0,-2988.0,93.0,-725.0,,-611.0,-1099.0,-5.0,234.0,-3.0
96.0,-2901.0,105.0,-697.0,,-688.0,-841.0,-88.0,-206.0,-9.0
139.0,-2665.0,84.0,-658.0,,-718.0,-626.0,-1.0,-45.0,172.0
125.0,-2192.0,131.0,-628.0,,-573.0,-469.0,38.0,546.0,255.0
120.0,-1592.0,174.0,-429.0,,-325.0,-386.0,-286.0,233.0,233.0
123.0,-1347.0,172.0,-198.0,,-271.0,-302.0,-424.0,-134.0,221.0
100.0,-1386.0,116.0,-240.0,,-490.0,-321.0,-541.0,-411.0,266.0
60.0,-1226.0,97.0,-392.0,,-643.0,-426.0,-474.0,-157.0,240.0
47.0,-1352.0,54.0,-319.0,,-577.0,-413.0,-461.0,98.0,216.0
53.0,-786.0,-85.0,-47.0,,-486.0,-470.0,-351.0,-403.0,260.0
49.0,-415.0,-174.0,54.0,,-638.0,-516.0,-38.0,-339.0,235.0
5.0,-796.0,-288.0,-66.0,,-737.0,-517.0,-38.0,-1237.0,125.0
-28.0,-1157.0,-322.0,-75.0,,-653.0,-618.0,138.0,-623.0,45.0
-22.0,-1465.0,-330.0,-85.0,,-559.0,-679.0,227.0,239.0,63.0
-47.0,-1518.0,-363.0,-314.0,,-523.0,-662.0,334.0,-739.0,46.0
-47.0,-716.0,-376.0,-532.0,,-702.0,-585.0,482.0,-907.0,155.0
-43.0,617.0,-442.0,-436.0,,-815.0,-480.0,437.0,-729.0,391.0
-13.0,1895.0,-465.0,-368.0,,-586.0,-377.0,452.0,-368.0,491.0
22.0,2639.0,-443.0,-522.0,,-379.0,-285.0,188.0,-652.0,498.0
67.0,2736.0,-398.0,-560.0,,-335.0,-240.0,-57.0,-586.0,580.0
98.0,2224.0,-406.0,-525.0,,-438.0,-200.0,-282.0,-707.0,728.0
132.0,774.0,-463.0,-418.0,,-475.0,-186.0,-328.0,-1003.0,710.0
170.0,-724.0,-491.0,-332.0,,-273.0,-230.0,-229.0,-760.0,572.0
159.0,-1586.0,-537.0,-283.0,,-209.0,-273.0,-275.0,-1017.0,392.0
185.0,-1810.0,-530.0,-145.0,,-384.0,-306.0,-223.0,-524.0,288.0
196.0,-1838.0,-546.0,-172.0,,-491.0,-395.0,-358.0,-709.0,278.0
243.0,-1619.0,-569.0,-376.0,,-406.0,-491.0,-249.0,-1040.0,254.0
282.0,-1348.0,-502.0,-368.0,,-397.0,-445.0,-238.0,-535.0,317.0
346.0,-1188.0,-526.0,-100.0,,-387.0,-306.0,-471.0,126.0,313.0
406.0,-757.0,-561.0,3.0,,-227.0,-143.0,-502.0,957.0,265.0
374.0,-726.0,-540.0,-98.0,,-185.0,29.0,-630.0,95.0,407.0
368.0,-543.0,-535.0,-142.0,,-282.0,190.0,-511.0,-161.0,538.0
381.0,121.0,-599.0,-86.0,,-418.0,319.0,-583.0,801.0,528.0
393.0,1348.0,-586.0,-124.0,,-534.0,378.0,-702.0,904.0,562.0
369.0,2951.0,-524.0,-362.0,,-461.0,418.0,-726.0,712.0,594.0
383.0,3835.0,-596.0,-517.0,,-155.0,364.0,-748.0,429.0,537.0
432.0,4350.0,-587.0,-564.0,,138.0,221.0,-404.0,157.0,433.0
498.0,4209.0,-586.0,-547.0,,8.0,127.0,-203.0,171.0,377.0
517.0,2971.0,-598.0,-497.0,,-337.0,20.0,14.0,696.0,201.0
487.0,2022.0,-593.0,-456.0,,-287.0,-117.0,-11.0,148.0,-160.0
488.0,1426.0,-615.0,-167.0,,-52.0,-210.0,-133.0,-537.0,-309.0
462.0,546.0,-539.0,86.0,,-137.0,-239.0,-73.0,-378.0,-368.0
400.0,20.0,-548.0,146.0,,-394.0,-238.0,-175.0,-107.0,-484.0
346.0,-990.0,-627.0,175.0,,-437.0,-197.0,-177.0,-63.0,-554.0
328.0,-2341.0,-646.0,155.0,,-325.0,-100.0,-471.0,-1118.0,-626.0
330.0,-3086.0,-647.0,42.0,,-225.0,-29.0,-737.0,-1474.0,-689.0
353.0,-3208.0,-675.0,-130.0,,-171.0,26.0,-853.0,-1126.0,-716.0
374.0,-2664.0,-690.0,-47.0,,-35.0,96.0,-946.0,-955.0,-562.0
408.0,-2224.0,-659.0,156.0,,17.0,154.0,-731.0,-1402.0,-379.0
375.0,-1245.0,-651.0,226.0,,-174.0,180.0,-511.0,-1438.0,-300.0
305.0,-234.0,-573.0,151.0,,-136.0,171.0,-203.0,-655.0,-151.0
277.0,73.0,-525.0,-37.0,,23.0,148.0,-290.0,-837.0,97.0
248.0,498.0,-537.0,-138.0,,27.0,98.0,-620.0,-630.0,294.0
208.0,800.0,-487.0,-131.0,,-64.0,98.0,-604.0,-430.0,475.0
141.0,1194.0,-459.0,-258.0,,-66.0,186.0,-384.0,-99.0,662.0
106.0,1229.0,-436.0,-326.0,,107.0,268.0,40.0,422.0,625.0
57.0,887.0,-426.0,-187.0,,219.0,284.0,194.0,564.0,521.0
5.0,430.0,-397.0,-77.0,,230.0,295.0,206.0,524.0,615.0
-58.0,-688.0,-368.0,-28.0,,242.0,367.0,59.0,609.0,719.0
-103.0,-1408.0,-341.0,72.0,,291.0,431.0,-51.0,1444.0,677.0
-116.0,-1595.0,-328.0,500.0,,143.0,442.0,199.0,1202.0,682.0
-156.0,-1741.0,-297.0,901.0,,81.0,430.0,184.0,757.0,749.0
-152.0,-1722.0,-268.0,896.0,,214.0,364.0,151.0,340.0,820.0
-134.0,-1823.0,-252.0,859.0,,136.0,258.0,-186.0,625.0,927.0
-112.0,-1694.0,-238.0,831.0,,50.0,220.0,-563.0,1313.0,930.0
-97.0,-1351.0,-224.0,498.0,,130.0,241.0,-600.0,762.0,696.0
-43.0,-830.0,-131.0,301.0,,258.0,264.0,-589.0,504.0,355.0
42.0,-65.0,-118.0,417.0,,209.0,267.0,-205.0,578.0,150.0
97.0,196.0,-32.0,401.0,,108.0,230.0,14.0,938.0,-22.0
100.0,204.0,69.0,162.0,,237.0,199.0,184.0,875.0,-326.0
94.0,201.0,119.0,-86.0,,287.0,166.0,315.0,654.0,-671.0
100.0,-289.0,159.0,-9.0,,87.0,115.0,349.0,388.0,-880.0
68.0,-387.0,207.0,151.0,,112.0,65.0,465.0,346.0,-1034.0
20.0,-330.0,307.0,197.0,,340.0,1.0,489.0,428.0,-1138.0
-43.0,-344.0,291.0,134.0,,281.0,-63.0,513.0,-37.0,-1016.0
-43.0,291.0,332.0,179.0,,177.0,-123.0,-12.0,265.0,-867.0
-27.0,666.0,362.0,271.0,,306.0,-183.0,-626.0,186.0,-883.0
-54.0,905.0,361.0,108.0,,460.0,-215.0,-1055.0,-423.0,-858.0
-94.0,1262.0,342.0,0.0,,481.0,-166.0,-1276.0,-246.0,-621.0
-111.0,1423.0,313.0,-9.0,,473.0,-38.0,-1206.0,9.0,-457.0
-142.0,1344.0,294.0,-55.0,,550.0,74.0,-1404.0,-183.0,-413.0
-231.0,1703.0,215.0,-273.0,,544.0,134.0,-1489.0,-252.0,-248.0
-315.0,2336.0,114.0,-505.0,,340.0,135.0,-1478.0,-355.0,-177.0
-348.0,1929.0,49.0,-555.0,,109.0,77.0,-1189.0,-71.0,-257.0
-338.0,1316.0,33.0,-530.0,,-31.0,-13.0,-877.0,267.0,-167.0
-356.0,649.0,-103.0,-629.0,,-61.0,-115.0,-1023.0,142.0,-7.0
-353.0,-344.0,-160.0,-743.0,,108.0,-193.0,-1060.0,300.0,-7.0
-381.0,-640.0,-172.0,-569.0,,415.0,-233.0,-1042.0,49.0,5.0
-391.0,-392.0,-224.0,-310.0,,631.0,-239.0,-761.0,81.0,41.0
-370.0,-897.0,-231.0,-120.0,,610.0,-201.0,-402.0,396.0,15.0
-333.0,-1616.0,-237.0,5.0,,484.0,-109.0,-280.0,307.0,-51.0
-289.0,-2494.0,-158.0,149.0,,459.0,3.0,-225.0,-112.0,-33.0
-260.0,-3121.0,-114.0,273.0,,527.0,124.0,-303.0,-551.0,-60.0
-179.0,-2706.0,-100.0,115.0,,486.0,223.0,-92.0,184.0,-265.0
-140.0,-2653.0,-75.0,-113.0,,298.0,239.0,29.0,806.0,-321.0
-104.0,-1748.0,-46.0,-75.0,,206.0,239.0,-57.0,343.0,-308.0
-94.0,-421.0,60.0,73.0,,260.0,215.0,-186.0,-155.0,-254.0
-87.0,688.0,123.0,107.0,,229.0,158.0,-423.0,-208.0,-300.0
-99.0,1845.0,117.0,89.0,,166.0,96.0,-428.0,576.0,-328.0
-124.0,2075.0,99.0,106.0,,283.0,-19.0,-471.0,952.0,-223.0
-164.0,2189.0,136.0,100.0,,423.0,-103.0,-448.0,84.0,-266.0
-231.0,1774.0,178.0,-52.0,,454.0,-143.0,-528.0,-174.0,-236.0
-226.0,1161.0,195.0,-307.0,,386.0,-205.0,-624.0,161.0,-212.0
-203.0,658.0,210.0,-361.0,,342.0,-277.0,-509.0,653.0,-177.0
-165.0,259.0,201.0,-258.0,,373.0,-369.0,-630.0,828.0,-314.0
-198.0,-131.0,213.0,-250.0,,408.0,-443.0,-580.0,136.0,-516.0
-241.0,-631.0,244.0,-292.0,,400.0,-493.0,-511.0,-215.0,-552.0
-273.0,-745.0,298.0,-260.0,,338.0,-520.0,-487.0,-11.0,-703.0
-305.0,-1006.0,273.0,-248.0,,328.0,-488.0,-424.0,477.0,-869.0
-308.0,-823.0,249.0,-297.0,,241.0,-423.0,-511.0,321.0,-980.0
-321.0,59.0,237.0,-173.0,,217.0,-331.0,-386.0,-112.0,-1050.0
-322.0,1257.0,219.0,76.0,,412.0,-206.0,-330.0,-365.0,-1212.0
-318.0,1725.0,212.0,250.0,,659.0,5.0,-138.0,-457.0,-1166.0
-264.0,1457.0,187.0,314.0,,600.0,262.0,-90.0,-94.0,-857.0
-230.0,1764.0,200.0,346.0,,248.0,490.0,-399.0,-282.0,-683.0
-236.0,2067.0,207.0,435.0,,173.0,679.0,-580.0,-235.0,-639.0
-217.0,1761.0,207.0,526.0,,246.0,782.0,-866.0,-302.0,-583.0
-158.0,1397.0,190.0,608.0,,279.0,814.0,-910.0,-764.0,-409.0
-102.0,1432.0,204.0,747.0,,343.0,834.0,-1121.0,-463.0,-230.0
-88.0,1033.0,185.0,899.0,,462.0,836.0,-1363.0,89.0,-111.0
-37.0,433.0,142.0,938.0,,444.0,765.0,-1289.0,-207.0,-86.0
46.0,50.0,106.0,795.0,,270.0,615.0,-979.0,-464.0,-150.0
99.0,-1048.0,112.0,601.0,,353.0,431.0,-484.0,61.0,-233.0
96.0,-2129.0,83.0,595.0,,525.0,253.0,-454.0,142.0,-269.0
110.0,-2974.0,41.0,606.0,,490.0,100.0,-334.0,356.0,-283.0
154.0,-3648.0,59.0,423.0,,404.0,-21.0,-236.0,136.0,-390.0
159.0,-4021.0,48.0,284.0,,543.0,-113.0,-55.0,-161.0,-591.0
186.0,-4378.0,38.0,304.0,,696.0,-173.0,247.0,140.0,-689.0
229.0,-3978.0,58.0,240.0,,642.0,-187.0,229.0,4.0,-600.0
309.0,-3158.0,66.0,65.0,,675.0,-137.0,295.0,52.0,-438.0
393.0,-2047.0,37.0,148.0,,761.0,-3.0,31.0,-123.0,-270.0
371.0,-1098.0,52.0,454.0,,671.0,140.0,-363.0,-399.0,-221.0
367.0,-357.0,32.0,657.0,,696.0,319.0,-657.0,20.0,-233.0
415.0,829.0,64.0,657.0,,824.0,565.0,-759.0,463.0,-265.0
409.0,1453.0,90.0,630.0,,726.0,772.0,-637.0,153.0,-225.0
361.0,1802.0,171.0,728.0,,487.0,883.0,-759.0,-260.0,-36.0
334.0,2271.0,183.0,734.0,,466.0,906.0,-870.0,-208.0,-44.0
325.0,2301.0,145.0,604.0,,747.0,883.0,-940.0,164.0,-110.0
294.0,1830.0,214.0,461.0,,640.0,839.0,-698.0,326.0,-38.0
279.0,1457.0,164.0,370.0,,313.0,761.0,-214.0,-72.0,105.0
305.0,1604.0,223.0,356.0,,317.0,680.0,181.0,-247.0,274.0
314.0,1329.0,259.0,391.0,,538.0,640.0,535.0,-46.0,337.0
358.0,575.0,233.0,400.0,,659.0,617.0,439.0,269.0,383.0
390.0,625.0,213.0,397.0,,446.0,618.0,214.0,228.0,347.0
383.0,873.0,227.0,451.0,,402.0,598.0,-3.0,353.0,359.0
380.0,461.0,226.0,501.0,,454.0,542.0,-168.0,554.0,343.0
349.0,199.0,237.0,461.0,,327.0,502.0,-382.0,556.0,292.0
322.0,336.0,280.0,386.0,,310.0,453.0,-977.0,710.0,220.0
273.0,185.0,283.0,374.0,,538.0,441.0,-1356.0,459.0,-134.0
284.0,-596.0,419.0,301.0,,615.0,453.0,-1489.0,708.0,-433.0
304.0,-1609.0,411.0,197.0,,344.0,463.0,-1149.0,847.0,-621.0
247.0,-2450.0,451.0,156.0,,346.0,493.0,-580.0,680.0,-784.0
196.0,-2566.0,560.0,141.0,,623.0,490.0,-210.0,403.0,-1097.0
194.0,-1897.0,562.0,147.0,,698.0,503.0,68.0,104.0,-1365.0
229.0,-1183.0,603.0,180.0,,576.0,551.0,-22.0,508.0,-1392.0
182.0,-988.0,630.0,245.0,,644.0,638.0,0.0,279.0,-1572.0
157.0,-892.0,688.0,198.0,,749.0,768.0,90.0,6.0,-1605.0
164.0,-845.0,665.0,48.0,,477.0,863.0,129.0,-490.0,-1392.0
167.0,-980.0,617.0,-27.0,,327.0,980.0,-59.0,-277.0,-1333.0
156.0,-912.0,641.0,-37.0,,609.0,1072.0,-386.0,505.0,-1481.0
108.0,-872.0,596.0,-55.0,,726.0,1037.0,-155.0,116.0,-1524.0
180.0,-877.0,564.0,-145.0,,316.0,946.0,-62.0,-78.0,-1355.0
239.0,-693.0,578.0,-173.0,,189.0,792.0,-62.0,-345.0,-1185.0
263.0,-163.0,575.0,-15.0,,713.0,644.0,-84.0,-198.0,-1077.0
333.0,-42.0,581.0,0.0,,958.0,523.0,-173.0,41.0,-926.0
427.0,-145.0,571.0,-81.0,,712.0,416.0,57.0,-111.0,-773.0
492.0,185.0,576.0,41.0,,556.0,408.0,116.0,-345.0,-710.0
471.0,496.0,622.0,297.0,,743.0,431.0,114.0,-394.0,-563.0
494.0,586.0,597.0,446.0,,811.0,483.0,35.0,35.0,-389.0
468.0,860.0,570.0,370.0,,589.0,532.0,-12.0,431.0,-393.0
367.0,1396.0,609.0,356.0,,641.0,550.0,-33.0,253.0,-338.0
330.0,1391.0,607.0,466.0,,713.0,557.0,-162.0,-360.0,-109.0
369.0,1690.0,641.0,412.0,,698.0,475.0,12.0,-108.0,-89.0
376.0,2402.0,623.0,268.0,,886.0,383.0,-16.0,303.0,-149.0
333.0,2564.0,560.0,278.0,,987.0,356.0,-131.0,515.0,-18.0
355.0,2736.0,600.0,319.0,,819.0,384.0,-114.0,212.0,93.0
361.0,2718.0,580.0,307.0,,487.0,391.0,-206.0,-10.0,22.0
300.0,2333.0,510.0,176.0,,465.0,285.0,-402.0,35.0,-142.0
209.0,1794.0,440.0,32.0,,642.0,147.0,-774.0,208.0,-74.0
184.0,696.0,412.0,135.0,,551.0,34.0,-746.0,164.0,0.0
208.0,133.0,418.0,171.0,,383.0,6.0,-569.0,64.0,11.0
179.0,355.0,369.0,-27.0,,435.0,60.0,-386.0,-18.0,153.0
149.0,230.0,354.0,-246.0,,671.0,155.0,-101.0,-1313.0,78.0
151.0,-88.0,308.0,-356.0,,747.0,244.0,-96.0,-95.0,-3.0
164.0,-478.0,254.0,-548.0,,633.0,274.0,25.0,591.0,260.0
129.0,-356.0,240.0,-751.0,,552.0,339.0,77.0,-330.0,641.0
125.0,61.0,238.0,-688.0,,617.0,431.0,-35.0,-146.0,471.0
164.0,272.0,267.0,-432.0,,755.0,465.0,-99.0,-717.0,196.0
176.0,185.0,245.0,-203.0,,871.0,498.0,27.0,22.0,411.0
182.0,-411.0,246.0,-189.0,,849.0,581.0,330.0,151.0,386.0
148.0,-838.0,281.0,-58.0,,632.0,655.0,450.0,-488.0,325.0
102.0,-1360.0,288.0,163.0,,600.0,632.0,513.0,-654.0,263.0
54.0,-1807.0,280.0,277.0,,809.0,589.0,323.0,-695.0,-36.0
5.0,-1971.0,258.0,308.0,,911.0,528.0,286.0,-131.0,-343.0
-52.0,-2202.0,273.0,297.0,,847.0,436.0,476.0,120.0,-399.0
-138.0,-1924.0,294.0,477.0,,692.0,398.0,419.0,301.0,-215.0
-182.0,-1464.0,226.0,623.0,,692.0,349.0,452.0,-303.0,-376.0
-223.0,-1303.0,222.0,536.0,,768.0,289.0,380.0,-337.0,-587.0
-284.0,-1060.0,286.0,330.0,,781.0,196.0,317.0,563.0,-461.0
-355.0,-541.0,212.0,200.0,,845.0,82.0,367.0,669.0,-213.0
-447.0,-227.0,155.0,151.0,,717.0,14.0,373.0,-154.0,-60.0
-534.0,-8.0,180.0,169.0,,674.0,-49.0,432.0,-521.0,93.0
-575.0,392.0,169.0,296.0,,728.0,-93.0,408.0,129.0,224.0
-542.0,819.0,116.0,432.0,,591.0,-86.0,480.0,392.0,385.0
-539.0,1572.0,80.0,429.0,,592.0,-25.0,362.0,259.0,657.0
-550.0,2330.0,71.0,305.0,,684.0,35.0,81.0,-614.0,736.0
-537.0,2600.0,3.0,286.0,,734.0,120.0,-3.0,-699.0,918.0
-484.0,2422.0,-51.0,219.0,,832.0,270.0,38.0,388.0,1040.0
-435.0,2335.0,-87.0,11.0,,1014.0,426.0,169.0,246.0,796.0
-463.0,2140.0,-150.0,-254.0,,912.0,536.0,-24.0,-193.0,697.0
-409.0,1673.0,-197.0,-332.0,,634.0,577.0,-321.0,-108.0,843.0
-339.0,1116.0,-193.0,-272.0,,826.0,529.0,-380.0,-199.0,787.0
-284.0,325.0,-145.0,-215.0,,1214.0,408.0,-59.0,-60.0,666.0
-265.0,-111.0,-63.0,-142.0,,1258.0,244.0,437.0,928.0,874.0
-235.0,-53.0,58.0,-3.0,,966.0,11.0,541.0,819.0,891.0
-141.0,490.0,191.0,205.0,,751.0,-223.0,567.0,-343.0,648.0
-118.0,982.0,345.0,106.0,,859.0,-410.0,491.0,346.0,554.0
-122.0,1088.0,441.0,38.0,,988.0,-578.0,537.0,766.0,625.0
-170.0,969.0,576.0,126.0,,969.0,-680.0,748.0,585.0,526.0
-114.0,574.0,623.0,200.0,,816.0,-696.0,670.0,814.0,159.0
-44.0,316.0,690.0,159.0,,710.0,-642.0,336.0,161.0,104.0
-17.0,152.0,804.0,-55.0,,870.0,-461.0,-109.0,327.0,125.0
10.0,-248.0,762.0,-110.0,,1018.0,-229.0,-60.0,522.0,130.0
0.0,-447.0,756.0,-204.0,,1083.0,-42.0,55.0,440.0,353.0
51.0,-567.0,690.0,-368.0,,1005.0,135.0,-35.0,262.0,306.0
20.0,-1060.0,697.0,-292.0,,848.0,288.0,-1.0,-412.0,91.0
-25.0,-1029.0,668.0,-51.0,,971.0,396.0,12.0,-320.0,238.0
-63.0,-857.0,571.0,38.0,,1096.0,361.0,327.0,-17.0,551.0
-66.0,-830.0,505.0,-118.0,,953.0,270.0,578.0,202.0,416.0
-49.0,-809.0,372.0,-255.0,,600.0,207.0,498.0,37.0,185.0
-86.0,-1129.0,217.0,-254.0,,496.0,54.0,354.0,-149.0,335.0
-77.0,-1491.0,141.0,-317.0,,810.0,-112.0,291.0,-270.0,546.0
-54.0,-1704.0,85.0,-459.0,,776.0,-225.0,308.0,245.0,591.0
-17.0,-1583.0,14.0,-512.0,,349.0,-269.0,153.0,578.0,644.0
-51.0,-1225.0,-10.0,-452.0,,258.0,-296.0,-64.0,458.0,726.0
-58.0,-697.0,-98.0,-408.0,,548.0,-299.0,-423.0,464.0,807.0
-35.0,-644.0,-74.0,-390.0,,757.0,-239.0,-487.0,-230.0,1035.0
-31.0,-266.0,-83.0,-253.0,,651.0,-232.0,-206.0,142.0,1197.0
32.0,394.0,-128.0,-76.0,,488.0,-258.0,-59.0,431.0,1182.0
81.0,175.0,-165.0,-31.0,,481.0,-300.0,51.0,121.0,940.0
113.0,215.0,-166.0,-78.0,,525.0,-352.0,5.0,-11.0,988.0
152.0,128.0,-200.0,-117.0,,545.0,-397.0,234.0,9.0,1163.0
200.0,-337.0,-333.0,-157.0,,422.0,-382.0,460.0,637.0,941.0
216.0,-650.0,-362.0,-238.0,,259.0,-317.0,524.0,521.0,658.0
237.0,-923.0,-433.0,-384.0,,179.0,-363.0,668.0,46.0,594.0
293.0,-986.0,-448.0,-460.0,,340.0,-412.0,596.0,502.0,1010.0
346.0,-597.0,-487.0,-442.0,,521.0,-367.0,776.0,814.0,1184.0
373.0,323.0,-512.0,-407.0,,344.0,-320.0,777.0,460.0,1097.0
354.0,426.0,-457.0,-332.0,,140.0,-252.0,552.0,545.0,879.0
329.0,593.0,-453.0,-296.0,,107.0,-138.0,378.0,555.0,830.0
299.0,1279.0,-377.0,-265.0,,179.0,-6.0,66.0,541.0,1094.0
284.0,1010.0,-246.0,-254.0,,68.0,63.0,-31.0,266.0,1010.0
268.0,727.0,-172.0,-425.0,,-104.0,99.0,-11.0,308.0,850.0
242.0,428.0,-81.0,-620.0,,-31.0,144.0,140.0,448.0,360.0
243.0,563.0,-40.0,-612.0,,131.0,136.0,173.0,-236.0,93.0
256.0,1136.0,-28.0,-500.0,,156.0,135.0,349.0,-302.0,475.0
251.0,1060.0,80.0,-417.0,,-64.0,137.0,539.0,-414.0,720.0
241.0,1071.0,64.0,-362.0,,-193.0,86.0,382.0,-413.0,427.0
249.0,1358.0,73.0,-278.0,,-261.0,15.0,317.0,-392.0,-14.0
236.0,1397.0,111.0,-214.0,,-342.0,-74.0,-1.0,-819.0,120.0
238.0,631.0,115.0,-108.0,,-241.0,-196.0,-173.0,-999.0,430.0
257.0,-311.0,124.0,113.0,,-111.0,-364.0,-138.0,-777.0,491.0
262.0,-857.0,176.0,279.0,,-115.0,-522.0,-105.0,-639.0,397.0
260.0,-1283.0,250.0,337.0,,-237.0,-657.0,60.0,-419.0,317.0
277.0,-1443.0,254.0,235.0,,-313.0,-819.0,177.0,-229.0,572.0
276.0,-1166.0,287.0,92.0,,-364.0,-900.0,532.0,-536.0,995.0
220.0,-749.0,265.0,44.0,,-484.0,-836.0,641.0,49.0,1148.0
172.0,-343.0,279.0,-76.0,,-598.0,-703.0,585.0,61.0,1100.0
129.0,416.0,290.0,-306.0,,-684.0,-548.0,382.0,110.0,1003.0
98.0,1190.0,209.0,-456.0,,-711.0,-334.0,-22.0,371.0,1088.0
61.0,1280.0,146.0,-463.0,,-644.0,-130.0,64.0,212.0,1161.0
20.0,925.0,123.0,-491.0,,-542.0,-25.0,77.0,728.0,958.0
16.0,492.0,89.0,-550.0,,-538.0,53.0,-22.0,437.0,745.0
21.0,-403.0,66.0,-539.0,,-689.0,133.0,-109.0,376.0,586.0
-13.0,-1294.0,43.0,-414.0,,-729.0,206.0,-219.0,403.0,568.0
-74.0,-1976.0,35.0,-310.0,,-632.0,265.0,-136.0,404.0,419.0
-124.0,-2012.0,39.0,-233.0,,-684.0,318.0,-79.0,408.0,195.0
-190.0,-1785.0,35.0,-104.0,,-720.0,320.0,-31.0,394.0,-18.0
-262.0,-1867.0,5.0,86.0,,-717.0,260.0,-164.0,625.0,-60.0
-331.0,-1566.0,-4.0,287.0,,-898.0,201.0,14.0,13.0,195.0
-349.0,-1588.0,4.0,335.0,,-1146.0,87.0,397.0,-307.0,132.0
-346.0,-1243.0,-78.0,283.0,,-1183.0,-96.0,659.0,5.0,3.0
-340.0,-887.0,-101.0,239.0,,-984.0,-307.0,1056.0,-24.0,171.0
-287.0,-822.0,-191.0,340.0,,-890.0,-459.0,1165.0,-218.0,670.0
-229.0,-448.0,-178.0,351.0,,-874.0,-536.0,1250.0,215.0,860.0
-171.0,-352.0,-216.0,382.0,,-770.0,-625.0,1267.0,-137.0,486.0
-168.0,-383.0,-270.0,636.0,,-819.0,-693.0,1208.0,-267.0,309.0
-122.0,-359.0,-143.0,724.0,,-840.0,-685.0,1186.0,56.0,302.0
-12.0,-275.0,-134.0,659.0,,-722.0,-639.0,955.0,20.0,372.0
85.0,-673.0,-16.0,628.0,,-790.0,-564.0,716.0,304.0,203.0
152.0,-658.0,52.0,683.0,,-863.0,-449.0,249.0,-284.0,-200.0
175.0,-483.0,177.0,588.0,,-859.0,-318.0,-36.0,-442.0,-494.0
241.0,-363.0,284.0,321.0,,-877.0,-253.0,-138.0,257.0,-564.0
267.0,-72.0,359.0,134.0,,-987.0,-259.0,-109.0,527.0,-290.0
273.0,626.0,487.0,-2.0,,-1151.0,-230.0,445.0,159.0,-339.0
303.0,1776.0,506.0,-89.0,,-1175.0,-250.0,790.0,226.0,-607.0
359.0,1932.0,580.0,-143.0,,-1247.0,-291.0,903.0,547.0,-517.0
383.0,1945.0,601.0,-180.0,,-1326.0,-288.0,883.0,766.0,-318.0
352.0,2011.0,612.0,-156.0,,-1281.0,-314.0,792.0,898.0,-114.0
332.0,2179.0,562.0,-243.0,,-1102.0,-300.0,886.0,669.0,-67.0
289.0,1654.0,517.0,-429.0,,-991.0,-243.0,988.0,582.0,-55.0
261.0,940.0,454.0,-519.0,,-1166.0,-101.0,1034.0,449.0,27.0
195.0,636.0,407.0,-556.0,,-1214.0,59.0,635.0,714.0,156.0
142.0,125.0,341.0,-585.0,,-1054.0,121.0,160.0,650.0,427.0
96.0,388.0,199.0,-723.0,,-1048.0,171.0,-249.0,356.0,308.0
10.0,425.0,151.0,-826.0,,-1218.0,185.0,-563.0,-245.0,70.0
-108.0,418.0,90.0,-817.0,,-1198.0,154.0,-545.0,-436.0,453.0
-217.0,324.0,67.0,-772.0,,-984.0,109.0,-667.0,52.0,918.0
-236.0,120.0,-10.0,-676.0,,-1078.0,-20.0,-585.0,-179.0,897.0
-289.0,15.0,-19.0,-672.0,,-1395.0,-206.0,-315.0,-559.0,934.0
-322.0,-177.0,20.0,-675.0,,-1403.0,-375.0,-110.0,-1000.0,1420.0
-294.0,21.0,18.0,-664.0,,-1133.0,-575.0,84.0,-588.0,1705.0
-204.0,524.0,85.0,-623.0,,-1098.0,-743.0,205.0,-307.0,1764.0
-113.0,905.0,86.0,-565.0,,-1356.0,-827.0,201.0,-353.0,1844.0
-72.0,981.0,128.0,-529.0,,-1358.0,-821.0,1.0,-302.0,1557.0
0.0,1241.0,202.0,-525.0,,-1143.0,-679.0,57.0,-473.0,1433.0
74.0,1013.0,258.0,-567.0,,-1114.0,-549.0,66.0,-45.0,1659.0
137.0,982.0,334.0,-480.0,,-1148.0,-391.0,101.0,80.0,1686.0
186.0,727.0,426.0,-351.0,,-1177.0,-164.0,118.0,199.0,1232.0
260.0,-8.0,482.0,-248.0,,-1224.0,21.0,-315.0,156.0,954.0
336.0,-384.0,493.0,-137.0,,-1214.0,168.0,-528.0,76.0,1369.0
381.0,-742.0,496.0,60.0,,-1120.0,253.0,-698.0,222.0,1538.0
442.0,-543.0,485.0,220.0,,-1119.0,316.0,-641.0,545.0,1393.0
502.0,-688.0,469.0,260.0,,-1328.0,310.0,-378.0,904.0,1035.0
522.0,-1130.0,441.0,283.0,,-1406.0,199.0,-171.0,762.0,752.0
523.0,-1676.0,433.0,202.0,,-1237.0,82.0,258.0,884.0,843.0
541.0,-1736.0,374.0,109.0,,-1151.0,-125.0,550.0,1140.0,947.0
531.0,-1626.0,306.0,-40.0,,-1337.0,-423.0,818.0,1621.0,797.0
488.0,-2269.0,300.0,-287.0,,-1527.0,-665.0,631.0,1757.0,400.0
450.0,-2430.0,275.0,-442.0,,-1406.0,-860.0,188.0,1559.0,302.0
458.0,-2927.0,207.0,-509.0,,-1262.0,-1017.0,-151.0,1288.0,374.0
447.0,-2976.0,133.0,-652.0,,-1345.0,-1087.0,-580.0,1171.0,500.0
391.0,-2578.0,95.0,-820.0,,-1212.0,-1075.0,-678.0,1458.0,159.0
305.0,-2554.0,132.0,-932.0,,-964.0,-986.0,-940.0,1283.0,-296.0
227.0,-2201.0,93.0,-939.0,,-1028.0,-791.0,-1204.0,1072.0,-146.0
143.0,-1763.0,74.0,-838.0,,-1219.0,-581.0,-1128.0,849.0,-59.0
-17.0,-1393.0,115.0,-788.0,,-1266.0,-430.0,-794.0,762.0,-202.0
-140.0,-1298.0,129.0,-702.0,,-1054.0,-287.0,-349.0,689.0,-478.0
-205.0,-357.0,161.0,-557.0,,-896.0,-146.0,-131.0,572.0,-484.0
-226.0,409.0,133.0,-358.0,,-885.0,-31.0,68.0,262.0,-389.0
-285.0,1377.0,257.0,-138.0,,-874.0,95.0,42.0,-303.0,-230.0
-330.0,2632.0,301.0,100.0,,-949.0,232.0,210.0,-391.0,-59.0
-331.0,2163.0,281.0,420.0,,-994.0,317.0,412.0,-529.0,-326.0
-352.0,2238.0,357.0,625.0,,-918.0,331.0,190.0,-857.0,-335.0
-357.0,2487.0,403.0,640.0,,-991.0,336.0,-136.0,-1454.0,101.0
-378.0,2207.0,395.0,506.0,,-1160.0,352.0,-559.0,-1802.0,516.0
-353.0,2149.0,280.0,283.0,,-1133.0,316.0,-306.0,-1584.0,394.0
-337.0,1886.0,306.0,38.0,,-919.0,266.0,86.0,-1490.0,94.0
-290.0,2269.0,340.0,-144.0,,-764.0,254.0,-9.0,-1634.0,393.0
-278.0,2512.0,386.0,-257.0,,-982.0,207.0,-75.0,-1674.0,868.0
-279.0,2380.0,365.0,-397.0,,-1151.0,112.0,-110.0,-1089.0,963.0
-234.0,1851.0,355.0,-488.0,,-996.0,68.0,-86.0,-889.0,639.0
-231.0,1213.0,322.0,-397.0,,-815.0,63.0,-336.0,-972.0,432.0
-216.0,1149.0,221.0,-262.0,,-742.0,86.0,-511.0,-688.0,593.0
-253.0,609.0,245.0,-237.0,,-733.0,144.0,-495.0,-237.0,866.0
-261.0,-51.0,176.0,-168.0,,-580.0,176.0,-314.0,219.0,858.0
-296.0,-267.0,159.0,33.0,,-549.0,182.0,59.0,16.0,423.0
-308.0,83.0,83.0,204.0,,-741.0,104.0,-9.0,81.0,130.0
-247.0,71.0,79.0,238.0,,-878.0,-32.0,-77.0,378.0,273.0
-218.0,-396.0,31.0,254.0,,-908.0,-202.0,-245.0,598.0,486.0
-204.0,-474.0,119.0,162.0,,-827.0,-412.0,-515.0,422.0,251.0
-222.0,-461.0,221.0,-21.0,,-678.0,-568.0,-678.0,-72.0,-142.0
-246.0,-271.0,160.0,-68.0,,-550.0,-692.0,-940.0,368.0,-212.0
-302.0,-526.0,309.0,-29.0,,-661.0,-805.0,-809.0,293.0,-112.0
-365.0,-1043.0,326.0,-48.0,,-897.0,-847.0,-655.0,-38.0,-69.0
-392.0,-1193.0,461.0,-217.0,,-928.0,-765.0,-430.0,110.0,-163.0
-377.0,-941.0,447.0,-310.0,,-911.0,-556.0,22.0,131.0,-329.0
-393.0,-863.0,578.0,-311.0,,-827.0,-316.0,251.0,161.0,-429.0
-416.0,-1606.0,620.0,-238.0,,-648.0,-127.0,103.0,-187.0,-346.0
-436.0,-2623.0,472.0,-66.0,,-583.0,3.0,-260.0,29.0,-283.0
-417.0,-2940.0,556.0,0.0,,-566.0,105.0,-186.0,94.0,-334.0
-390.0,-2838.0,501.0,125.0,,-612.0,173.0,-164.0,-378.0,-408.0
-384.0,-2558.0,526.0,189.0,,-553.0,218.0,-262.0,-338.0,-285.0
-336.0,-1982.0,397.0,93.0,,-490.0,264.0,-243.0,-191.0,-66.0
-310.0,-1231.0,468.0,74.0,,-665.0,306.0,-62.0,322.0,-33.0
-278.0,-288.0,468.0,175.0,,-708.0,344.0,624.0,130.0,-78.0
-287.0,534.0,345.0,217.0,,-623.0,338.0,783.0,-188.0,-75.0
-275.0,927.0,358.0,229.0,,-515.0,303.0,458.0,1.0,-34.0
-269.0,150.0,316.0,323.0,,-448.0,217.0,219.0,31.0,-218.0
-238.0,1016.0,319.0,289.0,,-529.0,115.0,260.0,565.0,-524.0
-192.0,1834.0,258.0,209.0,,-708.0,59.0,399.0,421.0,-679.0
-179.0,1184.0,313.0,150.0,,-813.0,-42.0,62.0,-48.0,-710.0
-151.0,2114.0,300.0,65.0,,-729.0,-199.0,42.0,466.0,-799.0
-138.0,1241.0,224.0,-59.0,,-773.0,-377.0,328.0,892.0,-879.0
-75.0,383.0,154.0,-169.0,,-828.0,-519.0,424.0,582.0,-991.0
-70.0,839.0,134.0,-228.0,,-692.0,-606.0,59.0,517.0,-1045.0
-71.0,-47.0,121.0,-300.0,,-354.0,-634.0,-247.0,449.0,-875.0
-40.0,-413.0,59.0,-445.0,,-308.0,-599.0,-164.0,449.0,-717.0
-3.0,919.0,34.0,-651.0,,-534.0,-579.0,-412.0,455.0,-663.0
47.0,2448.0,127.0,-787.0,,-424.0,-489.0,-558.0,255.0,-793.0
119.0,2722.0,82.0,-753.0,,-307.0,-313.0,-485.0,-82.0,-548.0
210.0,2833.0,103.0,-558.0,,-269.0,-186.0,-120.0,-770.0,-298.0
268.0,2583.0,230.0,-471.0,,-369.0,-143.0,-79.0,-605.0,-297.0
325.0,1468.0,67.0,-487.0,,-375.0,-110.0,-450.0,-703.0,-176.0
378.0,794.0,131.0,-340.0,,-204.0,-18.0,-288.0,-618.0,-128.0
432.0,-380.0,158.0,-6.0,,-266.0,50.0,-388.0,-871.0,-54.0
426.0,-2020.0,182.0,228.0,,-311.0,56.0,-594.0,-1410.0,-21.0
447.0,-1268.0,276.0,421.0,,-201.0,34.0,-596.0,-504.0,101.0
458.0,-1201.0,201.0,657.0,,-175.0,21.0,-448.0,41.0,-308.0
413.0,-1569.0,270.0,687.0,,-224.0,13.0,-192.0,143.0,-464.0
339.0,-615.0,303.0,754.0,,-85.0,-42.0,-391.0,-225.0,-180.0
265.0,-1045.0,279.0,717.0,,45.0,-126.0,-513.0,167.0,-553.0
216.0,-1235.0,337.0,409.0,,-28.0,-261.0,-376.0,880.0,-770.0
169.0,-1124.0,349.0,272.0,,-100.0,-370.0,-81.0,693.0,-782.0
145.0,-618.0,338.0,241.0,,59.0,-423.0,166.0,666.0,-601.0
100.0,-664.0,327.0,188.0,,267.0,-498.0,110.0,501.0,-470.0
118.0,-984.0,281.0,367.0,,209.0,-495.0,53.0,175.0,-271.0
143.0,-391.0,278.0,590.0,,131.0,-464.0,33.0,342.0,-116.0
104.0,-61.0,275.0,591.0,,338.0,-445.0,-84.0,963.0,-339.0
42.0,131.0,215.0,491.0,,522.0,-370.0,-327.0,482.0,88.0
33.0,-45.0,184.0,321.0,,423.0,-330.0,86.0,-87.0,600.0
26.0,426.0,161.0,274.0,,356.0,-340.0,670.0,-45.0,417.0
-2.0,189.0,121.0,226.0,,500.0,-333.0,548.0,243.0,32.0
-30.0,-600.0,162.0,147.0,,573.0,-279.0,301.0,423.0,121.0
-60.0,-404.0,189.0,290.0,,446.0,-235.0,79.0,-161.0,333.0
-27.0,-133.0,274.0,366.0,,471.0,-235.0,273.0,-378.0,251.0
-69.0,-27.0,326.0,400.0,,555.0,-251.0,341.0,-545.0,179.0
-112.0,5.0,324.0,380.0,,452.0,-234.0,-109.0,-379.0,-183.0
-94.0,390.0,387.0,340.0,,379.0,-255.0,-144.0,-376.0,-587.0
-45.0,91.0,402.0,238.0,,434.0,-395.0,-16.0,-680.0,-440.0
-17.0,-256.0,421.0,50.0,,395.0,-481.0,149.0,-910.0,-256.0
-29.0,405.0,391.0,144.0,,254.0,-468.0,9.0,-1028.0,-735.0
6.0,666.0,305.0,204.0,,292.0,-421.0,-321.0,-309.0,-1125.0
50.0,276.0,228.0,141.0,,444.0,-341.0,-256.0,-158.0,-1108.0
80.0,6.0,156.0,174.0,,392.0,-285.0,-332.0,-288.0,-1149.0
91.0,441.0,47.0,296.0,,241.0,-275.0,-208.0,-533.0,-1057.0
124.0,992.0,-33.0,465.0,,394.0,-278.0,-16.0,-601.0,-1116.0
134.0,699.0,-131.0,480.0,,365.0,-222.0,5.0,-646.0,-1279.0
135.0,-25.0,-191.0,353.0,,-3.0,-143.0,-129.0,-1066.0,-1186.0
179.0,146.0,-248.0,191.0,,-177.0,-96.0,-598.0,-1050.0,-893.0
253.0,393.0,-302.0,114.0,,-118.0,-71.0,-792.0,-1109.0,-714.0
293.0,-92.0,-274.0,60.0,,-68.0,-100.0,-1005.0,-962.0,-695.0
311.0,-166.0,-308.0,-138.0,,39.0,-221.0,-1188.0,-748.0,-549.0
358.0,-297.0,-296.0,-300.0,,276.0,-389.0,-1152.0,-433.0,-288.0
367.0,-381.0,-275.0,-330.0,,225.0,-505.0,-949.0,-649.0,97.0
359.0,-244.0,-229.0,-258.0,,97.0,-582.0,-639.0,-759.0,268.0
357.0,189.0,-171.0,-163.0,,112.0,-583.0,-737.0,-324.0,369.0
375.0,534.0,-107.0,-114.0,,269.0,-556.0,-519.0,-363.0,427.0
400.0,528.0,-58.0,121.0,,303.0,-536.0,22.0,-248.0,495.0
408.0,1135.0,13.0,325.0,,63.0,-399.0,319.0,-291.0,675.0
423.0,1439.0,71.0,273.0,,-16.0,-216.0,221.0,-267.0,408.0
455.0,1105.0,41.0,245.0,,142.0,-60.0,-55.0,-76.0,268.0
459.0,620.0,125.0,147.0,,324.0,38.0,158.0,225.0,441.0
406.0,680.0,154.0,-43.0,,182.0,75.0,341.0,385.0,416.0
361.0,1094.0,148.0,-182.0,,97.0,56.0,363.0,126.0,76.0
314.0,1353.0,89.0,-259.0,,240.0,-12.0,245.0,29.0,-132.0
243.0,1201.0,61.0,-179.0,,314.0,-113.0,12.0,-20.0,-207.0
175.0,345.0,88.0,63.0,,219.0,-295.0,-247.0,262.0,-369.0
107.0,82.0,50.0,332.0,,81.0,-464.0,-790.0,736.0,-287.0
57.0,32.0,18.0,424.0,,139.0,-546.0,-1056.0,280.0,-336.0
37.0,-962.0,-22.0,399.0,,231.0,-551.0,-1088.0,-201.0,-485.0
2.0,-1700.0,34.0,380.0,,233.0,-503.0,-796.0,248.0,-380.0
-44.0,-1827.0,33.0,356.0,,101.0,-407.0,-410.0,356.0,-37.0
-86.0,-2414.0,43.0,308.0,,83.0,-264.0,-121.0,405.0,22.0
-113.0,-2170.0,44.0,239.0,,151.0,-115.0,260.0,300.0,-78.0
-175.0,-1273.0,54.0,162.0,,275.0,-7.0,323.0,-249.0,84.0
-280.0,-1202.0,84.0,95.0,,274.0,29.0,476.0,-286.0,184.0
-365.0,-839.0,40.0,26.0,,154.0,2.0,330.0,-82.0,241.0
-419.0,-247.0,179.0,81.0,,347.0,-93.0,75.0,-34.0,190.0
-444.0,-376.0,165.0,294.0,,461.0,-162.0,-73.0,-20.0,97.0
-492.0,-263.0,162.0,404.0,,311.0,-184.0,-400.0,-377.0,56.0
-511.0,-406.0,271.0,451.0,,91.0,-169.0,-556.0,-624.0,50.0
-482.0,-1147.0,223.0,492.0,,211.0,-120.0,-992.0,70.0,-65.0
-468.0,-668.0,298.0,479.0,,272.0,-75.0,-958.0,318.0,-182.0
-463.0,100.0,277.0,397.0,,155.0,-21.0,-600.0,7.0,-58.0
-408.0,615.0,268.0,383.0,,261.0,-14.0,-99.0,-461.0,27.0
-337.0,711.0,311.0,341.0,,199.0,-24.0,504.0,-450.0,232.0
-275.0,439.0,280.0,125.0,,179.0,-67.0,530.0,171.0,395.0
-203.0,779.0,302.0,-102.0,,126.0,-162.0,685.0,170.0,362.0
-162.0,1255.0,311.0,-157.0,,267.0,-235.0,502.0,148.0,550.0
-158.0,1624.0,342.0,-8.0,,337.0,-297.0,436.0,53.0,893.0
-177.0,1001.0,312.0,41.0,,25.0,-377.0,489.0,-60.0,1172.0
-151.0,333.0,282.0,142.0,,50.0,-406.0,321.0,132.0,996.0
-137.0,527.0,312.0,212.0,,196.0,-350.0,362.0,698.0,842.0
-149.0,365.0,299.0,121.0,,200.0,-285.0,99.0,645.0,999.0
-142.0,362.0,241.0,39.0,,7.0,-160.0,254.0,-407.0,1039.0
-131.0,396.0,208.0,-86.0,,70.0,50.0,223.0,-953.0,1025.0
-157.0,663.0,143.0,-96.0,,260.0,251.0,-110.0,-359.0,662.0
-224.0,1885.0,113.0,-136.0,,186.0,400.0,-240.0,-28.0,261.0
-240.0,1729.0,14.0,-215.0,,185.0,468.0,-521.0,-591.0,47.0
-205.0,748.0,-49.0,-214.0,,247.0,447.0,-515.0,-684.0,163.0
-143.0,912.0,-55.0,-159.0,,411.0,369.0,-703.0,-808.0,250.0
-128.0,843.0,-147.0,-19.0,,217.0,253.0,-681.0,-341.0,-131.0
-91.0,327.0,-139.0,32.0,,66.0,81.0,-474.0,-30.0,-298.0
-10.0,-192.0,-159.0,79.0,,409.0,-87.0,-375.0,-159.0,-201.0
23.0,-1536.0,-165.0,202.0,,569.0,-169.0,-136.0,-129.0,18.0
3.0,-2440.0,-228.0,339.0,,453.0,-199.0,-254.0,-506.0,78.0
-36.0,-1877.0,-257.0,450.0,,211.0,-152.0,-96.0,313.0,-142.0
-21.0,-1582.0,-234.0,477.0,,200.0,-37.0,-7.0,757.0,-453.0
-20.0,-1113.0,-187.0,287.0,,308.0,46.0,103.0,464.0,-644.0
-26.0,-685.0,-122.0,-16.0,,164.0,144.0,391.0,-14.0,-669.0
-37.0,-233.0,-148.0,-216.0,,-29.0,255.0,179.0,55.0,-1032.0
-34.0,954.0,-58.0,-378.0,,-123.0,305.0,20.0,830.0,-1691.0
-20.0,1574.0,-2.0,-440.0,,-20.0,282.0,-502.0,618.0,-2030.0
-16.0,1417.0,-3.0,-621.0,,133.0,268.0,-761.0,632.0,-2335.0
17.0,1023.0,-16.0,-942.0,,129.0,357.0,-604.0,347.0,-2632.0
41.0,1534.0,-13.0,-1127.0,,90.0,422.0,-522.0,352.0,-2641.0
55.0,1128.0,-7.0,-1186.0,,35.0,397.0,-188.0,882.0,-2786.0
40.0,-367.0,23.0,-1073.0,,14.0,355.0,-184.0,1246.0,-2707.0
11.0,-844.0,38.0,-870.0,,31.0,311.0,-64.0,1086.0,-2418.0
13.0,-1437.0,58.0,-633.0,,-74.0,257.0,25.0,426.0,-2096.0
33.0,-1519.0,88.0,-351.0,,4.0,210.0,218.0,850.0,-1971.0
57.0,-1524.0,-2.0,-105.0,,159.0,130.0,604.0,1200.0,-1809.0
33.0,-1942.0,-4.0,-13.0,,87.0,23.0,764.0,1250.0,-1341.0
6.0,-1146.0,30.0,-107.0,,-41.0,-20.0,977.0,800.0,-1203.0
-2.0,-513.0,39.0,-207.0,,-88.0,23.0,837.0,160.0,-1116.0
-22.0,-165.0,36.0,-233.0,,141.0,118.0,811.0,21.0,-1121.0
-57.0,182.0,63.0,-242.0,,180.0,152.0,716.0,230.0,-1059.0
-82.0,-174.0,107.0,-252.0,,-54.0,189.0,537.0,423.0,-1107.0
-61.0,194.0,94.0,-244.0,,-12.0,347.0,478.0,167.0,-1244.0
-67.0,397.0,77.0,-336.0,,52.0,495.0,262.0,-80.0,-1292.0
-80.0,384.0,40.0,-503.0,,50.0,565.0,201.0,-331.0,-1662.0
-94.0,989.0,99.0,-608.0,,47.0,611.0,-44.0,39.0,-1600.0
-102.0,708.0,123.0,-705.0,,-50.0,620.0,51.0,517.0,-1462.0
-149.0,269.0,89.0,-830.0,,-118.0,609.0,450.0,441.0,-1541.0
-241.0,628.0,140.0,-982.0,,-211.0,536.0,663.0,-265.0,-1536.0
-298.0,1351.0,168.0,-1000.0,,-83.0,405.0,674.0,-475.0,-1446.0
-343.0,1327.0,181.0,-875.0,,43.0,310.0,190.0,63.0,-1350.0
-380.0,1166.0,183.0,-636.0,,-175.0,202.0,-258.0,245.0,-1329.0
-456.0,1543.0,181.0,-424.0,,-265.0,91.0,-382.0,-31.0,-1004.0
-454.0,1070.0,177.0,-378.0,,-191.0,-7.0,-48.0,-486.0,-791.0
-452.0,361.0,229.0,-234.0,,-16.0,-54.0,363.0,-320.0,-591.0
-524.0,124.0,258.0,-132.0,,11.0,-20.0,399.0,-132.0,-350.0
-585.0,271.0,304.0,-134.0,,-120.0,48.0,386.0,-163.0,-99.0
-609.0,708.0,330.0,-159.0,,17.0,199.0,225.0,-58.0,223.0
-620.0,605.0,304.0,-289.0,,105.0,367.0,55.0,-181.0,452.0
-699.0,-263.0,378.0,-371.0,,-18.0,528.0,-103.0,-390.0,733.0
-722.0,-502.0,347.0,-408.0,,-89.0,656.0,-162.0,155.0,746.0
-721.0,-513.0,369.0,-494.0,,-141.0,744.0,35.0,574.0,737.0
-717.0,-974.0,388.0,-453.0,,-162.0,761.0,-3.0,189.0,951.0
-744.0,-794.0,412.0,-328.0,,-25.0,682.0,-55.0,-5.0,1159.0
-750.0,-689.0,459.0,-338.0,,-5.0,624.0,-60.0,228.0,1134.0
-661.0,-905.0,413.0,-347.0,,-104.0,531.0,53.0,476.0,1098.0
-566.0,-415.0,419.0,-367.0,,-30.0,380.0,290.0,447.0,983.0
-476.0,296.0,405.0,-325.0,,153.0,255.0,362.0,336.0,724.0
-366.0,-352.0,423.0,-290.0,,242.0,188.0,528.0,193.0,781.0
-224.0,-231.0,405.0,-252.0,,73.0,153.0,722.0,163.0,810.0
-148.0,302.0,352.0,-20.0,,-35.0,105.0,1158.0,376.0,515.0
-119.0,-299.0,347.0,136.0,,80.0,91.0,1298.0,890.0,138.0
-54.0,-4.0,417.0,200.0,,0.0,121.0,1018.0,669.0,71.0
24.0,-243.0,397.0,297.0,,-142.0,152.0,724.0,221.0,16.0
52.0,-136.0,322.0,405.0,,-81.0,140.0,164.0,40.0,11.0
69.0,-12.0,299.0,412.0,,-91.0,109.0,-317.0,17.0,-45.0
108.0,-164.0,309.0,371.0,,-104.0,111.0,-837.0,338.0,-342.0
157.0,477.0,329.0,338.0,,10.0,114.0,-875.0,-399.0,-297.0
139.0,-69.0,318.0,297.0,,150.0,119.0,-484.0,-732.0,-157.0
113.0,-65.0,403.0,401.0,,198.0,122.0,-157.0,-898.0,-36.0
137.0,5.0,425.0,515.0,,92.0,90.0,210.0,-1156.0,-93.0
119.0,-457.0,448.0,467.0,,183.0,81.0,73.0,-716.0,-202.0
91.0,-187.0,516.0,356.0,,305.0,129.0,66.0,-1079.0,-233.0
28.0,193.0,597.0,221.0,,100.0,220.0,304.0,-1347.0,-202.0
16.0,684.0,657.0,130.0,,-39.0,324.0,522.0,-1517.0,-114.0
4.0,777.0,670.0,88.0,,182.0,429.0,761.0,-1395.0,-316.0
-57.0,753.0,692.0,22.0,,402.0,568.0,545.0,-955.0,-450.0
-81.0,-149.0,722.0,57.0,,281.0,676.0,210.0,-1050.0,-472.0
-85.0,-1387.0,752.0,121.0,,112.0,711.0,-77.0,-1232.0,-564.0
-110.0,-1508.0,659.0,212.0,,165.0,720.0,-60.0,-1151.0,-724.0
-172.0,-1980.0,609.0,417.0,,329.0,742.0,11.0,-666.0,-755.0
-170.0,-1892.0,578.0,488.0,,306.0,719.0,-162.0,-351.0,-709.0
-67.0,-912.0,409.0,360.0,,310.0,612.0,-236.0,-164.0,-748.0
25.0,-501.0,309.0,182.0,,447.0,481.0,-288.0,-440.0,-713.0
88.0,-27.0,257.0,75.0,,290.0,353.0,29.0,-427.0,-630.0
188.0,859.0,179.0,46.0,,209.0,201.0,247.0,-98.0,-673.0
319.0,1312.0,131.0,-31.0,,313.0,10.0,310.0,-35.0,-834.0
419.0,1623.0,50.0,-162.0,,396.0,-104.0,439.0,123.0,-581.0
434.0,2252.0,11.0,-288.0,,462.0,-119.0,328.0,-389.0,-331.0
492.0,1868.0,6.0,-354.0,,400.0,-76.0,389.0,-471.0,-558.0
578.0,741.0,-23.0,-407.0,,498.0,60.0,205.0,-119.0,-608.0
594.0,66.0,-35.0,-416.0,,446.0,177.0,25.0,-226.0,-332.0
560.0,-252.0,29.0,-307.0,,194.0,261.0,81.0,-357.0,-301.0
594.0,-1182.0,87.0,-260.0,,298.0,389.0,94.0,-443.0,-444.0
643.0,-1362.0,126.0,-342.0,,459.0,546.0,94.0,-584.0,-423.0
576.0,36.0,184.0,-407.0,,345.0,694.0,-84.0,-462.0,-541.0
505.0,-330.0,251.0,-394.0,,363.0,775.0,179.0,-17.0,-627.0
471.0,-592.0,372.0,-490.0,,578.0,771.0,508.0,-125.0,-437.0
447.0,981.0,401.0,-646.0,,492.0,713.0,718.0,-533.0,-260.0
337.0,984.0,444.0,-660.0,,283.0,611.0,814.0,-536.0,-304.0
259.0,349.0,509.0,-493.0,,302.0,440.0,447.0,-110.0,-243.0
258.0,410.0,525.0,-325.0,,475.0,255.0,286.0,383.0,113.0
252.0,250.0,532.0,-246.0,,452.0,145.0,301.0,343.0,286.0
197.0,-504.0,598.0,-134.0,,305.0,56.0,456.0,-471.0,434.0
141.0,-1241.0,636.0,-154.0,,436.0,-113.0,558.0,-621.0,673.0
157.0,-1216.0,580.0,-232.0,,442.0,-246.0,545.0,177.0,778.0
108.0,-1411.0,576.0,-109.0,,265.0,-232.0,622.0,277.0,809.0
-21.0,-1418.0,559.0,98.0,,271.0,-169.0,635.0,116.0,945.0
-147.0,-871.0,589.0,272.0,,358.0,-93.0,678.0,32.0,1190.0
-178.0,-552.0,538.0,296.0,,323.0,22.0,419.0,-9.0,1102.0
-237.0,-404.0,545.0,126.0,,202.0,138.0,310.0,337.0,1025.0
-306.0,-142.0,572.0,-20.0,,297.0,237.0,362.0,710.0,919.0
-347.0,-174.0,512.0,-225.0,,413.0,356.0,203.0,644.0,679.0
-329.0,-397.0,552.0,-390.0,,267.0,504.0,197.0,201.0,558.0
-338.0,-384.0,528.0,-510.0,,248.0,667.0,79.0,73.0,322.0
-415.0,-955.0,541.0,-766.0,,598.0,844.0,133.0,293.0,136.0
-399.0,-803.0,552.0,-959.0,,818.0,982.0,230.0,599.0,-251.0
-391.0,428.0,580.0,-1155.0,,530.0,1004.0,334.0,520.0,-568.0
-420.0,1012.0,584.0,-1269.0,,330.0,940.0,705.0,-309.0,-659.0
-535.0,1274.0,614.0,-1263.0,,574.0,864.0,864.0,-445.0,-775.0
-565.0,1592.0,674.0,-1242.0,,690.0,727.0,859.0,404.0,-808.0
-548.0,924.0,628.0,-1125.0,,565.0,526.0,572.0,262.0,-951.0
-591.0,-359.0,710.0,-894.0,,657.0,314.0,424.0,-73.0,-1044.0
-647.0,-961.0,732.0,-646.0,,776.0,109.0,238.0,-86.0,-959.0
-656.0,-1576.0,754.0,-423.0,,663.0,-37.0,-84.0,-324.0,-741.0
-582.0,-1613.0,755.0,-205.0,,569.0,-126.0,-29.0,-286.0,-622.0
-599.0,-745.0,709.0,-42.0,,598.0,-116.0,-33.0,-181.0,-647.0
-598.0,-192.0,757.0,98.0,,694.0,-79.0,284.0,-251.0,-543.0
-574.0,541.0,665.0,113.0,,646.0,-60.0,365.0,-708.0,-323.0
-521.0,933.0,615.0,107.0,,566.0,48.0,70.0,-322.0,-205.0
-502.0,988.0,530.0,132.0,,612.0,168.0,109.0,-12.0,-204.0
-492.0,2183.0,367.0,31.0,,688.0,316.0,251.0,18.0,-299.0
-383.0,2466.0,323.0,-3.0,,700.0,524.0,498.0,48.0,-345.0
-259.0,1289.0,203.0,0.0,,650.0,696.0,596.0,-401.0,-261.0
-138.0,1819.0,106.0,-8.0,,740.0,796.0,809.0,-96.0,-152.0
-6.0,2211.0,90.0,-24.0,,767.0,841.0,1038.0,178.0,-36.0
198.0,823.0,-73.0,-95.0,,925.0,835.0,1217.0,404.0,-11.0
351.0,575.0,-148.0,-44.0,,1191.0,768.0,1526.0,192.0,163.0
425.0,-230.0,-179.0,-45.0,,1095.0,679.0,1504.0,-96.0,402.0
517.0,-1388.0,-239.0,-134.0,,879.0,579.0,1219.0,-94.0,625.0
675.0,-764.0,-211.0,-45.0,,780.0,439.0,879.0,282.0,746.0
826.0,-980.0,-235.0,21.0,,899.0,196.0,659.0,680.0,752.0
876.0,-1021.0,-183.0,17.0,,1032.0,-60.0,373.0,451.0,941.0
909.0,-473.0,-147.0,34.0,,1000.0,-245.0,151.0,581.0,1087.0
960.0,-58.0,-107.0,48.0,,927.0,-376.0,166.0,474.0,1194.0
962.0,498.0,-15.0,114.0,,919.0,-372.0,-5.0,858.0,1272.0
860.0,708.0,52.0,127.0,,924.0,-295.0,-46.0,910.0,1463.0
741.0,380.0,86.0,149.0,,744.0,-179.0,24.0,659.0,1716.0
672.0,-223.0,91.0,136.0,,632.0,40.0,83.0,654.0,1833.0
582.0,-416.0,132.0,11.0,,832.0,375.0,400.0,496.0,2034.0
419.0,-918.0,120.0,-66.0,,855.0,726.0,650.0,929.0,2124.0
278.0,-265.0,118.0,-28.0,,641.0,1029.0,759.0,1009.0,2205.0
181.0,-202.0,68.0,84.0,,681.0,1267.0,589.0,826.0,2479.0
62.0,-294.0,23.0,178.0,,681.0,1343.0,406.0,301.0,2685.0
-96.0,648.0,14.0,210.0,,613.0,1288.0,295.0,141.0,2616.0
-261.0,534.0,-39.0,159.0,,585.0,1097.0,-33.0,207.0,2507.0
-374.0,48.0,-18.0,59.0,,523.0,772.0,-242.0,21.0,2514.0
-500.0,-178.0,-42.0,-13.0,,624.0,430.0,-288.0,-250.0,2294.0
-613.0,307.0,-82.0,30.0,,661.0,115.0,153.0,-538.0,1968.0
-677.0,-919.0,-68.0,64.0,,613.0,-145.0,591.0,-353.0,1788.0
-694.0,-855.0,-118.0,54.0,,574.0,-258.0,663.0,-564.0,1415.0
-727.0,-198.0,-101.0,103.0,,652.0,-232.0,591.0,-617.0,906.0
-755.0,-1035.0,-118.0,118.0,,797.0,-129.0,439.0,-667.0,804.0
-714.0,-231.0,-120.0,27.0,,702.0,104.0,665.0,-986.0,750.0
-679.0,166.0,-82.0,44.0,,493.0,384.0,726.0,-1363.0,451.0
-648.0,373.0,-158.0,155.0,,471.0,637.0,740.0,-1351.0,363.0
-623.0,766.0,-132.0,83.0,,588.0,883.0,750.0,-1314.0,360.0
-498.0,1455.0,-121.0,6.0,,692.0,1042.0,613.0,-1754.0,244.0
-366.0,1338.0,-155.0,-34.0,,760.0,1064.0,569.0,-1657.0,300.0
-283.0,637.0,-175.0,-38.0,,632.0,941.0,419.0,-1582.0,380.0
-183.0,216.0,-185.0,-31.0,,423.0,678.0,338.0,-1329.0,179.0
-30.0,472.0,-196.0,-6.0,,189.0,405.0,77.0,-1594.0,97.0
139.0,962.0,-173.0,174.0,,116.0,200.0,-90.0,-1764.0,197.0
179.0,-313.0,-91.0,288.0,,219.0,20.0,-216.0,-1565.0,176.0
228.0,-597.0,-86.0,275.0,,230.0,-71.0,-319.0,-1715.0,184.0
294.0,-839.0,-3.0,294.0,,216.0,-95.0,-166.0,-1134.0,109.0
337.0,-1462.0,42.0,358.0,,86.0,-81.0,-72.0,-1019.0,-63.0
264.0,-1280.0,66.0,372.0,,10.0,0.0,227.0,-943.0,-92.0
205.0,-1087.0,106.0,407.0,,13.0,109.0,417.0,-883.0,-116.0
227.0,-870.0,100.0,393.0,,118.0,272.0,763.0,-851.0,-182.0
219.0,-1138.0,138.0,373.0,,373.0,426.0,1110.0,-308.0,-235.0
180.0,-1237.0,149.0,376.0,,425.0,526.0,1038.0,-356.0,-275.0
90.0,-1647.0,195.0,228.0,,333.0,620.0,1175.0,-285.0,-343.0
132.0,-1646.0,223.0,131.0,,386.0,682.0,1143.0,-335.0,-289.0
108.0,82.0,236.0,97.0,,485.0,731.0,1114.0,-439.0,-109.0
50.0,1176.0,227.0,101.0,,545.0,771.0,1023.0,12.0,-106.0
28.0,1071.0,242.0,42.0,,656.0,777.0,705.0,236.0,-126.0
50.0,1677.0,270.0,-121.0,,607.0,808.0,744.0,175.0,-69.0
78.0,1542.0,259.0,-221.0,,335.0,849.0,729.0,39.0,29.0
3.0,1305.0,293.0,-320.0,,186.0,880.0,611.0,-87.0,83.0
-10.0,1432.0,287.0,-453.0,,532.0,922.0,402.0,129.0,148.0
-35.0,378.0,287.0,-598.0,,873.0,961.0,247.0,645.0,315.0
-81.0,758.0,256.0,-611.0,,568.0,956.0,267.0,579.0,321.0
-142.0,869.0,214.0,-603.0,,377.0,884.0,236.0,332.0,400.0
-150.0,-420.0,229.0,-577.0,,767.0,827.0,415.0,370.0,646.0
-99.0,-341.0,248.0,-413.0,,926.0,752.0,519.0,400.0,665.0
-117.0,63.0,227.0,-287.0,,578.0,589.0,750.0,779.0,641.0
-148.0,-208.0,242.0,-200.0,,394.0,425.0,970.0,746.0,709.0
-116.0,-378.0,303.0,-153.0,,639.0,317.0,824.0,463.0,571.0
-80.0,1625.0,261.0,-65.0,,757.0,272.0,606.0,493.0,389.0
-89.0,2514.0,254.0,-11.0,,559.0,282.0,277.0,569.0,428.0
-127.0,873.0,237.0,-160.0,,581.0,337.0,247.0,865.0,433.0
-60.0,959.0,136.0,-325.0,,860.0,395.0,101.0,940.0,246.0
48.0,318.0,72.0,-379.0,,982.0,484.0,-68.0,806.0,267.0
63.0,-622.0,-25.0,-428.0,,856.0,601.0,36.0,897.0,358.0
76.0,-662.0,-134.0,-582.0,,799.0,662.0,-24.0,1049.0,238.0
88.0,-1170.0,-216.0,-685.0,,807.0,687.0,136.0,1031.0,183.0
117.0,-129.0,-327.0,-612.0,,790.0,656.0,291.0,945.0,195.0
65.0,-133.0,-447.0,-545.0,,959.0,601.0,447.0,769.0,250.0
57.0,-1305.0,-558.0,-539.0,,1023.0,487.0,473.0,905.0,240.0
84.0,-314.0,-595.0,-486.0,,976.0,310.0,345.0,1091.0,270.0
101.0,760.0,-633.0,-373.0,,996.0,194.0,428.0,841.0,285.0
100.0,22.0,-656.0,-283.0,,1015.0,114.0,388.0,814.0,175.0
58.0,-135.0,-582.0,-279.0,,979.0,102.0,410.0,607.0,248.0
102.0,1044.0,-543.0,-238.0,,682.0,169.0,461.0,451.0,268.0
69.0,289.0,-473.0,-42.0,,525.0,294.0,502.0,292.0,205.0
-4.0,-897.0,-370.0,99.0,,821.0,420.0,500.0,85.0,154.0
-67.0,-263.0,-217.0,160.0,,949.0,504.0,397.0,27.0,151.0
-9.0,651.0,-57.0,260.0,,665.0,598.0,587.0,-502.0,340.0
40.0,812.0,53.0,296.0,,475.0,660.0,681.0,-433.0,527.0
-10.0,866.0,130.0,253.0,,537.0,684.0,491.0,-211.0,631.0
21.0,1549.0,215.0,52.0,,521.0,693.0,145.0,-323.0,656.0
110.0,1154.0,276.0,-195.0,,381.0,660.0,-7.0,-705.0,793.0
173.0,-21.0,291.0,-328.0,,413.0,490.0,18.0,-923.0,1081.0
148.0,-1168.0,347.0,-467.0,,465.0,264.0,-201.0,-500.0,1192.0
159.0,-987.0,362.0,-595.0,,318.0,76.0,-99.0,-392.0,1198.0
190.0,-162.0,443.0,-557.0,,329.0,-141.0,-221.0,-248.0,1189.0
163.0,-445.0,411.0,-299.0,,569.0,-348.0,-694.0,-428.0,1191.0
93.0,-106.0,420.0,8.0,,494.0,-517.0,-837.0,-283.0,1330.0
82.0,625.0,491.0,198.0,,123.0,-634.0,-683.0,-161.0,1410.0
104.0,547.0,467.0,251.0,,91.0,-672.0,-223.0,-185.0,1287.0
107.0,-115.0,489.0,383.0,,334.0,-607.0,-256.0,161.0,1101.0
101.0,8.0,442.0,508.0,,362.0,-437.0,-254.0,-259.0,1096.0
116.0,285.0,425.0,393.0,,135.0,-214.0,166.0,-180.0,1132.0
158.0,569.0,350.0,305.0,,98.0,37.0,484.0,-252.0,1089.0
125.0,262.0,273.0,348.0,,306.0,268.0,607.0,-254.0,1027.0
95.0,-990.0,201.0,406.0,,391.0,462.0,421.0,-150.0,946.0
103.0,-1276.0,126.0,442.0,,233.0,624.0,635.0,-590.0,1006.0
173.0,-2203.0,52.0,462.0,,-83.0,707.0,526.0,-443.0,1094.0
229.0,-2313.0,-87.0,502.0,,-93.0,707.0,-9.0,-514.0,1143.0
254.0,-662.0,-194.0,458.0,,14.0,644.0,-327.0,-282.0,1162.0
297.0,-493.0,-269.0,238.0,,-108.0,520.0,-511.0,-55.0,1137.0
307.0,-394.0,-342.0,70.0,,-106.0,350.0,-397.0,-60.0,1111.0
293.0,356.0,-399.0,62.0,,-50.0,162.0,-474.0,64.0,1069.0
286.0,441.0,-400.0,-53.0,,-124.0,60.0,-249.0,188.0,949.0
319.0,-86.0,-422.0,-147.0,,-241.0,65.0,-114.0,254.0,809.0
353.0,-881.0,-448.0,-85.0,,-275.0,121.0,-210.0,282.0,681.0
325.0,-898.0,-465.0,106.0,,-286.0,235.0,-171.0,662.0,524.0
249.0,-442.0,-434.0,397.0,,-225.0,316.0,-376.0,578.0,460.0
229.0,-493.0,-418.0,491.0,,-66.0,327.0,-532.0,691.0,426.0
199.0,-1515.0,-441.0,555.0,,-115.0,278.0,-855.0,777.0,358.0
128.0,-1103.0,-461.0,807.0,,-253.0,196.0,-709.0,570.0,124.0
65.0,-39.0,-442.0,1059.0,,-302.0,64.0,-497.0,480.0,-66.0
64.0,-602.0,-417.0,1328.0,,-393.0,-163.0,-430.0,78.0,-159.0
47.0,-3.0,-444.0,1496.0,,-550.0,-379.0,-90.0,-41.0,-486.0
-32.0,1176.0,-423.0,1445.0,,-573.0,-562.0,-77.0,-50.0,-724.0
-88.0,1162.0,-433.0,1250.0,,-408.0,-661.0,-149.0,-114.0,-768.0
-129.0,1084.0,-413.0,830.0,,-283.0,-685.0,-463.0,-122.0,-863.0
-161.0,1514.0,-399.0,453.0,,-295.0,-706.0,-504.0,-355.0,-960.0
-238.0,1465.0,-431.0,272.0,,-376.0,-702.0,-502.0,-405.0,-833.0
-229.0,1152.0,-392.0,58.0,,-501.0,-673.0,-752.0,-154.0,-561.0
-147.0,857.0,-357.0,-207.0,,-540.0,-578.0,-822.0,-262.0,-330.0
-88.0,781.0,-360.0,-487.0,,-339.0,-450.0,-958.0,-238.0,-152.0
-115.0,473.0,-346.0,-656.0,,-248.0,-278.0,-622.0,-221.0,12.0
-125.0,-374.0,-288.0,-746.0,,-530.0,-87.0,-452.0,-264.0,122.0
-62.0,-1029.0,-241.0,-830.0,,-674.0,67.0,-515.0,96.0,138.0
-123.0,-1183.0,-218.0,-832.0,,-419.0,202.0,-308.0,221.0,188.0
-196.0,-513.0,-111.0,-791.0,,-233.0,250.0,-397.0,201.0,97.0
-169.0,-475.0,1.0,-794.0,,-335.0,228.0,-609.0,-181.0,-71.0
-61.0,-112.0,74.0,-904.0,,-505.0,149.0,-811.0,-403.0,-191.0
-67.0,419.0,191.0,-970.0,,-520.0,30.0,-870.0,-94.0,-296.0
-103.0,873.0,318.0,-874.0,,-550.0,-98.0,-1058.0,-37.0,-469.0
-45.0,849.0,448.0,-823.0,,-722.0,-276.0,-1278.0,97.0,-670.0
24.0,146.0,532.0,-804.0,,-670.0,-437.0,-1241.0,306.0,-817.0
6.0,641.0,618.0,-714.0,,-551.0,-562.0,-1269.0,412.0,-941.0
-81.0,145.0,695.0,-633.0,,-724.0,-722.0,-1145.0,754.0,-912.0
-57.0,-766.0,715.0,-588.0,,-925.0,-854.0,-1064.0,1030.0,-1053.0
0.0,-222.0,723.0,-650.0,,-872.0,-905.0,-663.0,1072.0,-1187.0
7.0,81.0,695.0,-730.0,,-810.0,-905.0,-219.0,885.0,-1143.0
-26.0,-1307.0,671.0,-687.0,,-889.0,-826.0,-402.0,833.0,-1070.0
29.0,-1501.0,641.0,-647.0,,-709.0,-691.0,-351.0,1112.0,-1053.0
104.0,-702.0,547.0,-663.0,,-467.0,-543.0,-351.0,1061.0,-1088.0
107.0,-976.0,449.0,-506.0,,-674.0,-402.0,-589.0,983.0,-970.0
72.0,-55.0,407.0,-186.0,,-982.0,-275.0,-812.0,850.0,-976.0
103.0,431.0,306.0,-2.0,,-822.0,-174.0,-1051.0,681.0,-875.0
201.0,203.0,210.0,58.0,,-500.0,-101.0,-1084.0,583.0,-766.0
224.0,497.0,111.0,89.0,,-754.0,-23.0,-1208.0,589.0,-794.0
232.0,862.0,-16.0,214.0,,-1120.0,-32.0,-1256.0,400.0,-806.0
264.0,858.0,-72.0,374.0,,-936.0,-148.0,-1199.0,-349.0,-827.0
264.0,771.0,-157.0,367.0,,-828.0,-230.0,-1114.0,-207.0,-681.0
175.0,1133.0,-215.0,325.0,,-1155.0,-289.0,-1114.0,-7.0,-702.0
121.0,481.0,-236.0,214.0,,-1334.0,-451.0,-1080.0,-248.0,-792.0
97.0,88.0,-272.0,-108.0,,-1009.0,-609.0,-805.0,-396.0,-709.0
76.0,304.0,-292.0,-466.0,,-797.0,-695.0,-781.0,-631.0,-497.0
40.0,-333.0,-313.0,-575.0,,-1016.0,-788.0,-517.0,-460.0,-284.0
53.0,-1167.0,-288.0,-466.0,,-1085.0,-847.0,-295.0,-302.0,-135.0
124.0,-1170.0,-280.0,-366.0,,-949.0,-869.0,-323.0,-38.0,36.0
128.0,-503.0,-254.0,-442.0,,-937.0,-894.0,-234.0,-205.0,84.0
135.0,-155.0,-192.0,-526.0,,-1010.0,-929.0,-441.0,-286.0,246.0
160.0,-481.0,-196.0,-383.0,,-1010.0,-928.0,-718.0,-57.0,540.0
224.0,-641.0,-151.0,-140.0,,-972.0,-889.0,-1082.0,23.0,622.0
231.0,-32.0,-159.0,107.0,,-990.0,-924.0,-1019.0,294.0,587.0
245.0,-59.0,-205.0,313.0,,-961.0,-1003.0,-764.0,-32.0,637.0
283.0,154.0,-175.0,542.0,,-793.0,-993.0,-827.0,-122.0,664.0
285.0,779.0,-214.0,674.0,,-715.0,-996.0,-840.0,102.0,672.0
282.0,757.0,-229.0,677.0,,-969.0,-1059.0,-946.0,165.0,646.0
222.0,749.0,-236.0,843.0,,-1149.0,-1104.0,-798.0,217.0,573.0
176.0,419.0,-305.0,1002.0,,-918.0,-1134.0,-927.0,-162.0,603.0
117.0,266.0,-349.0,927.0,,-916.0,-1207.0,-1202.0,-599.0,621.0
32.0,-32.0,-407.0,865.0,,-1145.0,-1346.0,-894.0,-379.0,668.0
-62.0,-187.0,-430.0,984.0,,-970.0,-1418.0,-404.0,-117.0,737.0
-120.0,100.0,-443.0,1077.0,,-690.0,-1438.0,-3.0,-211.0,758.0
-97.0,-451.0,-431.0,1067.0,,-786.0,-1399.0,-162.0,-383.0,772.0
-91.0,-1102.0,-399.0,1092.0,,-1068.0,-1265.0,-423.0,-690.0,841.0
-133.0,-1725.0,-340.0,1247.0,,-951.0,-1114.0,-720.0,-296.0,875.0
-162.0,-1792.0,-261.0,1403.0,,-699.0,-962.0,-1077.0,207.0,703.0
-179.0,-1875.0,-231.0,1377.0,,-833.0,-851.0,-1311.0,180.0,668.0
-242.0,-2626.0,-137.0,1407.0,,-984.0,-771.0,-1727.0,-65.0,714.0
-352.0,-2148.0,-107.0,1523.0,,-940.0,-704.0,-1472.0,-13.0,549.0
-382.0,-1577.0,-24.0,1456.0,,-830.0,-647.0,-1047.0,24.0,333.0
-333.0,-1350.0,35.0,1323.0,,-786.0,-659.0,-892.0,250.0,272.0
-339.0,-638.0,18.0,1261.0,,-874.0,-773.0,-833.0,853.0,267.0
-333.0,252.0,136.0,1224.0,,-801.0,-924.0,-883.0,424.0,6.0
-291.0,414.0,162.0,1044.0,,-668.0,-1095.0,-546.0,546.0,-147.0
-260.0,31.0,200.0,761.0,,-720.0,-1211.0,-426.0,807.0,-224.0
-300.0,340.0,291.0,598.0,,-699.0,-1305.0,-386.0,706.0,-473.0
-334.0,268.0,316.0,427.0,,-596.0,-1389.0,-369.0,1017.0,-559.0
-286.0,-476.0,380.0,293.0,,-573.0,-1363.0,-458.0,784.0,-566.0
-245.0,-524.0,447.0,231.0,,-597.0,-1341.0,-526.0,763.0,-640.0
-251.0,-250.0,477.0,138.0,,-520.0,-1315.0,-689.0,956.0,-837.0
-259.0,-433.0,541.0,78.0,,-421.0,-1205.0,-460.0,1122.0,-916.0
-178.0,276.0,603.0,19.0,,-485.0,-1155.0,-388.0,1149.0,-883.0
-120.0,684.0,649.0,10.0,,-475.0,-1182.0,-380.0,1118.0,-1026.0
-126.0,861.0,722.0,-37.0,,-348.0,-1188.0,-410.0,949.0,-1156.0
-95.0,1129.0,759.0,-49.0,,-414.0,-1166.0,-561.0,726.0,-1183.0
-44.0,1039.0,802.0,-10.0,,-465.0,-1153.0,-402.0,726.0,-1188.0
-13.0,1589.0,829.0,-145.0,,-390.0,-1104.0,-463.0,589.0,-1302.0
-64.0,1176.0,850.0,-269.0,,-231.0,-992.0,-208.0,541.0,-1448.0
-58.0,963.0,917.0,-294.0,,2.0,-887.0,112.0,134.0,-1481.0
29.0,657.0,896.0,-216.0,,-85.0,-811.0,77.0,164.0,-1505.0
65.0,-726.0,889.0,-207.0,,-228.0,-770.0,-33.0,573.0,-1575.0
62.0,-2072.0,901.0,-272.0,,-95.0,-741.0,-323.0,108.0,-1528.0
89.0,-1937.0,879.0,-172.0,,25.0,-712.0,-471.0,-208.0,-1371.0
161.0,-1853.0,922.0,-50.0,,-164.0,-746.0,-824.0,-343.0,-1274.0
149.0,-2798.0,891.0,-18.0,,-348.0,-780.0,-947.0,-562.0,-1142.0
100.0,-2006.0,923.0,-125.0,,-172.0,-818.0,-877.0,-248.0,-818.0
100.0,-2089.0,956.0,-347.0,,-87.0,-899.0,-1012.0,-167.0,-667.0
117.0,-2448.0,907.0,-671.0,,-308.0,-943.0,-1043.0,-387.0,-810.0
70.0,-2391.0,928.0,-1029.0,,-376.0,-976.0,-827.0,-370.0,-719.0
-32.0,-2173.0,905.0,-1240.0,,-89.0,-1044.0,-59.0,-282.0,-480.0
-59.0,-705.0,870.0,-1312.0,,-75.0,-1132.0,332.0,0.0,-337.0
-95.0,56.0,805.0,-1326.0,,-209.0,-1171.0,521.0,-39.0,-376.0
-203.0,547.0,732.0,-1350.0,,-65.0,-1163.0,729.0,-260.0,-395.0
-328.0,1448.0,668.0,-1311.0,,-16.0,-1149.0,500.0,-46.0,-246.0
-396.0,2294.0,624.0,-1043.0,,-169.0,-1089.0,439.0,-4.0,-213.0
-431.0,1661.0,586.0,-689.0,,-273.0,-1064.0,151.0,-53.0,-224.0
-482.0,1688.0,514.0,-460.0,,-49.0,-1129.0,-188.0,290.0,-283.0
-479.0,2389.0,519.0,-321.0,,104.0,-1168.0,-511.0,342.0,-420.0
-378.0,1451.0,487.0,-238.0,,31.0,-1153.0,-772.0,91.0,-523.0
-219.0,897.0,461.0,-138.0,,37.0,-1153.0,-663.0,127.0,-439.0
-153.0,1495.0,453.0,3.0,,-4.0,-1092.0,-752.0,77.0,-401.0
-125.0,1988.0,398.0,294.0,,-205.0,-959.0,-788.0,221.0,-526.0
-40.0,1182.0,384.0,618.0,,-499.0,-797.0,-888.0,408.0,-535.0
21.0,873.0,340.0,715.0,,-442.0,-617.0,-794.0,-55.0,-507.0
53.0,1061.0,288.0,604.0,,-35.0,-479.0,-637.0,-209.0,-480.0
95.0,198.0,249.0,436.0,,0.0,-349.0,-683.0,228.0,-563.0
155.0,-316.0,193.0,389.0,,-389.0,-271.0,-419.0,441.0,-714.0
208.0,-460.0,143.0,327.0,,-463.0,-247.0,-288.0,496.0,-870.0
237.0,-856.0,111.0,176.0,,-141.0,-243.0,-155.0,440.0,-1043.0
258.0,-1078.0,109.0,204.0,,-105.0,-307.0,-245.0,191.0,-1152.0
321.0,-673.0,90.0,353.0,,-189.0,-399.0,-301.0,260.0,-1228.0
346.0,-90.0,67.0,325.0,,-58.0,-501.0,-236.0,442.0,-1279.0
304.0,-185.0,65.0,282.0,,-66.0,-613.0,-556.0,382.0,-1306.0
286.0,139.0,17.0,242.0,,-186.0,-698.0,-537.0,146.0,-1242.0
248.0,503.0,-33.0,179.0,,-151.0,-696.0,-537.0,-72.0,-1227.0
170.0,213.0,-81.0,257.0,,85.0,-579.0,-424.0,12.0,-1199.0
67.0,414.0,-160.0,276.0,,243.0,-465.0,-31.0,-35.0,-1069.0
0.0,220.0,-220.0,231.0,,226.0,-397.0,190.0,-472.0,-1003.0
-57.0,-230.0,-298.0,296.0,,371.0,-310.0,363.0,-984.0,-920.0
-166.0,-441.0,-391.0,415.0,,510.0,-294.0,423.0,-942.0,-845.0
-244.0,-850.0,-437.0,436.0,,290.0,-303.0,593.0,-728.0,-774.0
-257.0,-1661.0,-466.0,455.0,,15.0,-246.0,639.0,-738.0,-659.0
-229.0,-2277.0,-518.0,558.0,,50.0,-210.0,702.0,-730.0,-598.0
-270.0,-1964.0,-517.0,574.0,,185.0,-221.0,606.0,-630.0,-610.0
-295.0,-2205.0,-509.0,467.0,,102.0,-261.0,169.0,-503.0,-677.0
-233.0,-2305.0,-523.0,319.0,,12.0,-264.0,18.0,-527.0,-734.0
-173.0,-932.0,-505.0,199.0,,120.0,-226.0,-352.0,-311.0,-793.0
-161.0,362.0,-490.0,136.0,,135.0,-157.0,-559.0,-635.0,-828.0
-187.0,835.0,-475.0,126.0,,99.0,-91.0,-384.0,-654.0,-795.0
-134.0,1188.0,-470.0,198.0,,114.0,-88.0,-312.0,-581.0,-781.0
-78.0,1241.0,-477.0,236.0,,183.0,-99.0,12.0,-781.0,-761.0
-70.0,1299.0,-470.0,222.0,,219.0,-129.0,386.0,-350.0,-598.0
-76.0,1581.0,-452.0,320.0,,81.0,-155.0,521.0,-758.0,-378.0
-29.0,1340.0,-456.0,436.0,,106.0,-183.0,254.0,-657.0,-274.0
13.0,1177.0,-487.0,558.0,,209.0,-231.0,-84.0,-367.0,-230.0
4.0,1339.0,-440.0,572.0,,137.0,-250.0,-325.0,-609.0,-112.0
22.0,1955.0,-417.0,424.0,,129.0,-260.0,-264.0,-416.0,-67.0
54.0,1525.0,-433.0,352.0,,271.0,-260.0,393.0,-205.0,-162.0
117.0,521.0,-357.0,211.0,,191.0,-226.0,515.0,-137.0,-209.0
118.0,677.0,-320.0,11.0,,-42.0,-113.0,179.0,-225.0,-302.0
85.0,-105.0,-228.0,-112.0,,193.0,52.0,-110.0,91.0,-467.0
68.0,-266.0,-148.0,-214.0,,480.0,201.0,-532.0,7.0,-597.0
29.0,111.0,-48.0,-276.0,,270.0,318.0,-698.0,-105.0,-691.0
-53.0,-161.0,95.0,-356.0,,45.0,391.0,-729.0,-231.0,-843.0
-140.0,-500.0,137.0,-371.0,,149.0,431.0,-480.0,-395.0,-1019.0
-153.0,-668.0,237.0,-363.0,,191.0,408.0,-166.0,-40.0,-982.0
-129.0,110.0,271.0,-416.0,,-14.0,347.0,-229.0,-140.0,-923.0
-114.0,-372.0,350.0,-502.0,,-121.0,298.0,-441.0,-145.0,-965.0
-72.0,-179.0,384.0,-604.0,,35.0,283.0,-389.0,39.0,-973.0
31.0,535.0,358.0,-712.0,,279.0,285.0,171.0,22.0,-853.0
76.0,329.0,393.0,-843.0,,185.0,297.0,533.0,164.0,-728.0
74.0,894.0,374.0,-912.0,,-30.0,363.0,905.0,604.0,-718.0
120.0,1140.0,413.0,-896.0,,106.0,392.0,1308.0,784.0,-612.0
219.0,1241.0,409.0,-879.0,,317.0,362.0,903.0,661.0,-565.0
256.0,1204.0,437.0,-954.0,,315.0,347.0,83.0,745.0,-507.0
252.0,1175.0,465.0,-973.0,,102.0,329.0,-476.0,941.0,-370.0
324.0,728.0,470.0,-838.0,,-77.0,323.0,-253.0,1020.0,-347.0
420.0,419.0,446.0,-618.0,,-102.0,402.0,59.0,865.0,-367.0
494.0,237.0,423.0,-380.0,,-25.0,532.0,55.0,786.0,-455.0
505.0,-175.0,425.0,-252.0,,12.0,616.0,212.0,787.0,-400.0
551.0,261.0,366.0,-210.0,,51.0,668.0,421.0,674.0,-318.0
614.0,254.0,339.0,-240.0,,177.0,713.0,351.0,509.0,-404.0
612.0,-123.0,286.0,-349.0,,196.0,737.0,-334.0,416.0,-486.0
588.0,-276.0,254.0,-513.0,,179.0,739.0,-247.0,221.0,-493.0
599.0,114.0,196.0,-640.0,,143.0,740.0,384.0,30.0,-424.0
617.0,347.0,148.0,-640.0,,119.0,738.0,454.0,104.0,-371.0
579.0,351.0,138.0,-553.0,,43.0,676.0,480.0,258.0,-260.0
549.0,359.0,109.0,-490.0,,-85.0,602.0,155.0,175.0,-155.0
533.0,253.0,96.0,-466.0,,-75.0,580.0,134.0,-87.0,-101.0
526.0,657.0,39.0,-413.0,,-16.0,601.0,208.0,-185.0,28.0
499.0,604.0,-6.0,-237.0,,-30.0,634.0,112.0,-161.0,186.0
497.0,265.0,-64.0,36.0,,-118.0,610.0,402.0,-146.0,233.0
520.0,-430.0,-171.0,273.0,,-104.0,555.0,648.0,-307.0,195.0
514.0,-597.0,-204.0,543.0,,-66.0,494.0,752.0,-300.0,280.0
529.0,-560.0,-247.0,899.0,,-212.0,458.0,452.0,-492.0,415.0
569.0,-1266.0,-307.0,1187.0,,-417.0,449.0,434.0,-869.0,449.0
609.0,-1339.0,-329.0,1208.0,,-317.0,397.0,890.0,-572.0,516.0
595.0,-1359.0,-396.0,1137.0,,-208.0,363.0,1247.0,-352.0,700.0
550.0,-1441.0,-394.0,1168.0,,-339.0,365.0,957.0,-506.0,766.0
526.0,-1118.0,-414.0,1131.0,,-273.0,366.0,229.0,-730.0,752.0
512.0,-777.0,-469.0,1029.0,,-216.0,375.0,413.0,-584.0,821.0
484.0,-939.0,-486.0,942.0,,-404.0,354.0,844.0,-313.0,864.0
445.0,-585.0,-483.0,780.0,,-624.0,318.0,837.0,-683.0,816.0
440.0,214.0,-468.0,584.0,,-568.0,305.0,380.0,-935.0,775.0
461.0,484.0,-451.0,540.0,,-448.0,296.0,83.0,-875.0,792.0
425.0,374.0,-396.0,571.0,,-604.0,333.0,288.0,-806.0,710.0
342.0,-69.0,-344.0,495.0,,-594.0,447.0,75.0,-665.0,613.0
253.0,265.0,-283.0,387.0,,-323.0,552.0,-31.0,-525.0,552.0
134.0,675.0,-237.0,290.0,,-315.0,611.0,60.0,-332.0,496.0
9.0,662.0,-127.0,155.0,,-539.0,621.0,413.0,-396.0,375.0
-122.0,799.0,-53.0,-13.0,,-591.0,570.0,452.0,-580.0,228.0
-242.0,1213.0,12.0,-175.0,,-393.0,495.0,-77.0,-224.0,245.0
-332.0,1240.0,52.0,-301.0,,-294.0,428.0,181.0,184.0,288.0
-427.0,645.0,80.0,-344.0,,-457.0,412.0,218.0,189.0,313.0
-489.0,730.0,152.0,-214.0,,-361.0,435.0,-96.0,244.0,404.0
-536.0,787.0,147.0,-27.0,,-258.0,476.0,-160.0,375.0,554.0
-620.0,486.0,180.0,83.0,,-448.0,541.0,103.0,333.0,597.0
-727.0,167.0,138.0,198.0,,-432.0,616.0,631.0,201.0,621.0
-837.0,139.0,136.0,375.0,,-167.0,715.0,432.0,185.0,695.0
-879.0,-347.0,136.0,478.0,,-231.0,799.0,288.0,-71.0,620.0
-888.0,-1397.0,68.0,456.0,,-569.0,814.0,406.0,-263.0,444.0
-903.0,-1195.0,46.0,386.0,,-425.0,780.0,742.0,-367.0,334.0
-859.0,-1503.0,38.0,365.0,,-171.0,786.0,1143.0,-484.0,269.0
-756.0,-2306.0,-7.0,418.0,,-177.0,808.0,822.0,-257.0,168.0
-635.0,-2018.0,-57.0,447.0,,-182.0,744.0,593.0,-756.0,117.0
-551.0,-1764.0,-57.0,503.0,,-9.0,657.0,639.0,-936.0,125.0
-439.0,-1000.0,-113.0,561.0,,176.0,618.0,855.0,-459.0,240.0
-288.0,-233.0,-130.0,588.0,,22.0,590.0,757.0,-737.0,298.0
-151.0,-310.0,-177.0,633.0,,-124.0,574.0,232.0,-1029.0,370.0
-33.0,-76.0,-211.0,657.0,,-98.0,572.0,145.0,-1008.0,570.0
87.0,508.0,-268.0,576.0,,-45.0,548.0,144.0,-741.0,666.0
238.0,881.0,-328.0,432.0,,-88.0,567.0,-129.0,-465.0,758.0
336.0,842.0,-303.0,350.0,,-18.0,642.0,-92.0,-437.0,786.0
399.0,1463.0,-289.0,228.0,,200.0,688.0,530.0,-605.0,725.0
498.0,1498.0,-262.0,66.0,,143.0,660.0,552.0,-609.0,643.0
589.0,640.0,-233.0,-79.0,,4.0,559.0,-96.0,-349.0,552.0
618.0,956.0,-193.0,-266.0,,66.0,446.0,-236.0,-12.0,454.0
614.0,694.0,-163.0,-415.0,,168.0,336.0,-33.0,237.0,295.0
624.0,270.0,-80.0,-449.0,,-49.0,224.0,341.0,120.0,135.0
636.0,182.0,-70.0,-424.0,,-321.0,204.0,271.0,149.0,56.0
610.0,425.0,-27.0,-387.0,,-151.0,322.0,-77.0,469.0,134.0
580.0,1193.0,11.0,-296.0,,46.0,475.0,-157.0,907.0,150.0
583.0,861.0,2.0,-179.0,,14.0,598.0,-567.0,803.0,60.0
527.0,817.0,60.0,-161.0,,-41.0,653.0,-644.0,789.0,53.0
431.0,1193.0,55.0,-235.0,,-47.0,668.0,-365.0,989.0,77.0
374.0,1195.0,96.0,-211.0,,-18.0,725.0,-105.0,730.0,78.0
351.0,582.0,119.0,-152.0,,-76.0,776.0,59.0,987.0,109.0
283.0,208.0,143.0,-177.0,,-150.0,752.0,40.0,953.0,169.0
184.0,575.0,187.0,-204.0,,-79.0,620.0,149.0,819.0,130.0
101.0,218.0,216.0,-357.0,,114.0,474.0,245.0,683.0,114.0
27.0,384.0,243.0,-508.0,,258.0,361.0,458.0,507.0,160.0
-20.0,353.0,243.0,-446.0,,185.0,227.0,118.0,668.0,101.0
-107.0,-115.0,260.0,-375.0,,177.0,141.0,-116.0,73.0,66.0
-150.0,50.0,220.0,-339.0,,311.0,112.0,504.0,-162.0,87.0
-150.0,-811.0,196.0,-325.0,,289.0,135.0,665.0,-146.0,127.0
-163.0,-1368.0,141.0,-321.0,,250.0,219.0,103.0,26.0,171.0
-162.0,-1588.0,79.0,-273.0,,279.0,335.0,-330.0,329.0,239.0
-137.0,-1992.0,40.0,-221.0,,301.0,481.0,-73.0,-193.0,361.0
-56.0,-1303.0,-25.0,-186.0,,283.0,638.0,177.0,-283.0,389.0
-17.0,-778.0,-72.0,-268.0,,166.0,836.0,478.0,-46.0,422.0
4.0,-933.0,-161.0,-330.0,,35.0,978.0,740.0,51.0,503.0
50.0,-906.0,-205.0,-290.0,,-43.0,1019.0,545.0,160.0,582.0
116.0,-490.0,-290.0,-369.0,,-52.0,1080.0,375.0,276.0,616.0
151.0,-497.0,-372.0,-518.0,,21.0,1120.0,-116.0,153.0,564.0
153.0,-638.0,-410.0,-591.0,,133.0,1083.0,-541.0,65.0,568.0
193.0,-72.0,-473.0,-586.0,,14.0,1001.0,-617.0,554.0,536.0
222.0,418.0,-504.0,-565.0,,-220.0,862.0,-727.0,587.0,430.0
219.0,-37.0,-525.0,-681.0,,-106.0,680.0,-720.0,413.0,392.0
202.0,-474.0,-533.0,-788.0,,213.0,562.0,-461.0,304.0,399.0
218.0,-437.0,-525.0,-709.0,,252.0,526.0,147.0,107.0,431.0
215.0,-165.0,-520.0,-640.0,,50.0,465.0,369.0,218.0,454.0
170.0,-336.0,-538.0,-509.0,,123.0,399.0,-168.0,163.0,499.0
133.0,-557.0,-483.0,-317.0,,362.0,370.0,-783.0,-17.0,653.0
145.0,377.0,-446.0,-267.0,,221.0,376.0,-1021.0,-276.0,803.0
155.0,59.0,-415.0,-280.0,,-73.0,386.0,-811.0,-654.0,947.0
155.0,552.0,-318.0,-252.0,,68.0,385.0,-763.0,-878.0,1077.0
201.0,1830.0,-262.0,-183.0,,244.0,414.0,-727.0,-836.0,1100.0
252.0,781.0,-221.0,-197.0,,133.0,412.0,-356.0,-906.0,1148.0
270.0,282.0,-184.0,-348.0,,196.0,383.0,-149.0,-1385.0,1239.0
235.0,-142.0,-162.0,-389.0,,317.0,349.0,7.0,-1510.0,1283.0
200.0,-585.0,-147.0,-186.0,,248.0,296.0,118.0,-1489.0,1274.0
188.0,80.0,-119.0,-31.0,,135.0,305.0,103.0,-1573.0,1268.0
177.0,593.0,-153.0,-52.0,,206.0,334.0,-88.0,-1491.0,1201.0
158.0,335.0,-152.0,-20.0,,326.0,320.0,-138.0,-1325.0,1108.0
155.0,201.0,-102.0,99.0,,169.0,289.0,35.0,-800.0,1054.0
143.0,688.0,-113.0,138.0,,5.0,247.0,48.0,-556.0,947.0
158.0,246.0,-78.0,-53.0,,268.0,266.0,160.0,-431.0,833.0
150.0,302.0,-33.0,-351.0,,504.0,386.0,136.0,-38.0,688.0
118.0,273.0,-20.0,-456.0,,171.0,512.0,-59.0,-40.0,613.0
108.0,-549.0,-3.0,-460.0,,-73.0,644.0,-123.0,-43.0,566.0
64.0,-250.0,-13.0,-538.0,,210.0,735.0,59.0,434.0,482.0
13.0,-49.0,-11.0,-641.0,,329.0,771.0,256.0,946.0,508.0
-43.0,-328.0,-20.0,-632.0,,-48.0,794.0,64.0,1023.0,535.0
-4.0,-894.0,-31.0,-554.0,,-64.0,724.0,25.0,924.0,549.0
-17.0,-469.0,-16.0,-503.0,,351.0,603.0,59.0,1043.0,594.0
-73.0,-252.0,-58.0,-321.0,,304.0,499.0,-218.0,1277.0,688.0
-95.0,-951.0,-80.0,-128.0,,12.0,412.0,-264.0,1326.0,741.0
-104.0,-15.0,-138.0,-78.0,,-52.0,352.0,-81.0,1329.0,723.0
-98.0,517.0,-205.0,-199.0,,138.0,292.0,-118.0,1111.0,740.0
-142.0,493.0,-196.0,-245.0,,262.0,219.0,-437.0,1002.0,692.0
-101.0,309.0,-232.0,-76.0,,106.0,145.0,-556.0,1290.0,624.0
-95.0,-259.0,-233.0,50.0,,146.0,67.0,-105.0,1185.0,575.0
-124.0,79.0,-202.0,120.0,,252.0,29.0,395.0,758.0,475.0
-124.0,212.0,-169.0,136.0,,152.0,20.0,521.0,253.0,307.0
-63.0,-87.0,-115.0,237.0,,234.0,7.0,267.0,177.0,96.0
5.0,-65.0,-71.0,344.0,,380.0,57.0,-25.0,433.0,-42.0
23.0,525.0,-26.0,352.0,,212.0,80.0,-365.0,250.0,-45.0
53.0,882.0,78.0,392.0,,-52.0,77.0,-886.0,-92.0,-5.0
90.0,335.0,164.0,443.0,,58.0,93.0,-1252.0,-174.0,-6.0
128.0,537.0,196.0,497.0,,254.0,82.0,-1140.0,-295.0,30.0
90.0,1196.0,255.0,442.0,,-60.0,96.0,-558.0,-605.0,76.0
62.0,418.0,287.0,423.0,,-243.0,122.0,-260.0,-679.0,95.0
44.0,-220.0,346.0,397.0,,62.0,152.0,144.0,-739.0,142.0
68.0,464.0,370.0,175.0,,171.0,146.0,552.0,-880.0,142.0
65.0,309.0,425.0,-114.0,,-13.0,96.0,458.0,-1046.0,69.0
55.0,-619.0,511.0,-220.0,,-125.0,86.0,97.0,-980.0,22.0
87.0,-89.0,555.0,21.0,,-47.0,104.0,-665.0,-667.0,70.0
75.0,80.0,599.0,228.0,,8.0,102.0,-493.0,-745.0,57.0
40.0,-158.0,621.0,219.0,,-132.0,74.0,145.0,-828.0,-18.0
-48.0,-432.0,692.0,166.0,,-222.0,48.0,-79.0,-531.0,24.0
-71.0,-1153.0,679.0,101.0,,-83.0,49.0,-674.0,-138.0,66.0
-121.0,-455.0,671.0,69.0,,-25.0,39.0,-931.0,0.0,34.0
-142.0,-878.0,725.0,52.0,,-159.0,-18.0,-899.0,35.0,44.0
-102.0,-1279.0,730.0,68.0,,-198.0,-92.0,-1437.0,3.0,69.0
-72.0,-644.0,730.0,74.0,,-33.0,-135.0,-1402.0,-193.0,20.0
-73.0,-461.0,713.0,24.0,,-66.0,-171.0,-798.0,-7.0,-63.0
-161.0,-61.0,674.0,-49.0,,-206.0,-282.0,-630.0,459.0,-155.0
-187.0,471.0,647.0,-91.0,,7.0,-412.0,-480.0,329.0,-247.0
-220.0,1591.0,579.0,-13.0,,66.0,-493.0,-567.0,-190.0,-397.0
-260.0,1130.0,498.0,14.0,,-246.0,-523.0,-478.0,-121.0,-523.0
-273.0,594.0,443.0,-52.0,,-444.0,-502.0,-1.0,326.0,-515.0
-237.0,1032.0,348.0,76.0,,-288.0,-455.0,424.0,421.0,-557.0
-211.0,836.0,298.0,280.0,,-254.0,-381.0,327.0,54.0,-647.0
-248.0,-122.0,217.0,271.0,,-349.0,-319.0,177.0,-48.0,-641.0
-300.0,-1158.0,186.0,190.0,,-208.0,-255.0,260.0,25.0,-567.0
-323.0,-884.0,142.0,124.0,,-212.0,-192.0,-587.0,87.0,-487.0
-314.0,-1223.0,50.0,80.0,,-158.0,-179.0,-1557.0,205.0,-423.0
-372.0,-1326.0,64.0,79.0,,-123.0,-182.0,-1616.0,-75.0,-351.0
-426.0,-706.0,17.0,93.0,,-158.0,-250.0,-957.0,-121.0,-193.0
-460.0,-162.0,22.0,98.0,,-66.0,-391.0,-230.0,-181.0,-59.0
-482.0,170.0,0.0,53.0,,-152.0,-515.0,173.0,-225.0,73.0
-545.0,446.0,-32.0,-43.0,,-312.0,-604.0,685.0,-2.0,247.0
-575.0,1499.0,10.0,-141.0,,-419.0,-629.0,707.0,-186.0,271.0
-567.0,1229.0,-24.0,-202.0,,-284.0,-546.0,-3.0,-471.0,332.0
-552.0,756.0,-15.0,-314.0,,-246.0,-353.0,-790.0,-484.0,520.0
-494.0,772.0,-27.0,-418.0,,-322.0,-130.0,-663.0,-214.0,688.0
-468.0,466.0,-24.0,-447.0,,-262.0,60.0,-121.0,-79.0,773.0
-391.0,442.0,-16.0,-434.0,,-318.0,215.0,-297.0,-382.0,832.0
-331.0,414.0,-55.0,-435.0,,-334.0,318.0,-478.0,-665.0,951.0
-277.0,645.0,-25.0,-543.0,,-340.0,421.0,-513.0,-205.0,1085.0
-207.0,868.0,-12.0,-548.0,,-237.0,524.0,-277.0,238.0,1152.0
-125.0,593.0,-24.0,-346.0,,-215.0,520.0,-48.0,329.0,1136.0
-42.0,-52.0,-17.0,-198.0,,-291.0,408.0,-253.0,478.0,1172.0
16.0,-109.0,-21.0,-274.0,,-237.0,211.0,-275.0,308.0,1249.0
61.0,-104.0,-61.0,-369.0,,-178.0,-29.0,11.0,520.0,1296.0
73.0,-275.0,-69.0,-352.0,,-135.0,-241.0,480.0,860.0,1349.0
97.0,-47.0,-94.0,-401.0,,-465.0,-463.0,223.0,869.0,1414.0
80.0,110.0,-125.0,-477.0,,-575.0,-596.0,-332.0,728.0,1431.0
92.0,589.0,-116.0,-519.0,,-259.0,-635.0,-347.0,405.0,1343.0
108.0,709.0,-165.0,-622.0,,-293.0,-680.0,-533.0,314.0,1258.0
117.0,381.0,-210.0,-699.0,,-348.0,-651.0,-724.0,667.0,1223.0
150.0,559.0,-201.0,-631.0,,-183.0,-566.0,-393.0,866.0,1095.0
182.0,679.0,-206.0,-522.0,,-95.0,-408.0,519.0,356.0,878.0
190.0,580.0,-203.0,-517.0,,-422.0,-194.0,554.0,174.0,799.0
121.0,-156.0,-162.0,-541.0,,-644.0,-15.0,-245.0,360.0,750.0
62.0,-851.0,-165.0,-469.0,,-393.0,154.0,-323.0,489.0,511.0
26.0,-825.0,-168.0,-319.0,,-317.0,294.0,-162.0,292.0,309.0
8.0,-1123.0,-208.0,-179.0,,-352.0,395.0,75.0,-248.0,206.0
-85.0,-1077.0,-252.0,-167.0,,-442.0,429.0,-20.0,-176.0,55.0
-208.0,-981.0,-269.0,-305.0,,-418.0,377.0,-408.0,4.0,-154.0
-201.0,-901.0,-313.0,-356.0,,-285.0,330.0,-375.0,-185.0,-282.0
-173.0,-542.0,-285.0,-352.0,,-382.0,342.0,-227.0,-192.0,-284.0
-210.0,-391.0,-297.0,-550.0,,-351.0,370.0,-367.0,-207.0,-303.0
-263.0,-302.0,-296.0,-671.0,,-119.0,362.0,-652.0,-282.0,-291.0
-268.0,-310.0,-231.0,-588.0,,-57.0,336.0,-166.0,47.0,-198.0
-295.0,231.0,-227.0,-487.0,,-226.0,280.0,417.0,161.0,-55.0
-385.0,216.0,-167.0,-387.0,,-177.0,209.0,561.0,-6.0,52.0
-437.0,-17.0,-89.0,-325.0,,8.0,177.0,480.0,-276.0,215.0
-416.0,200.0,-51.0,-221.0,,-44.0,117.0,-526.0,-403.0,434.0
-384.0,-371.0,40.0,-34.0,,-119.0,26.0,-1411.0,-230.0,448.0
-407.0,-394.0,116.0,175.0,,23.0,-54.0,-1167.0,-202.0,345.0
-430.0,367.0,201.0,316.0,,58.0,-121.0,-437.0,-286.0,329.0
-398.0,374.0,284.0,307.0,,-56.0,-183.0,225.0,-573.0,309.0
-381.0,429.0,358.0,256.0,,-27.0,-249.0,779.0,-351.0,115.0
-372.0,1261.0,436.0,241.0,,-65.0,-236.0,1038.0,134.0,-77.0
-330.0,1194.0,475.0,243.0,,-77.0,-174.0,670.0,198.0,-194.0
-233.0,990.0,554.0,166.0,,-114.0,-116.0,448.0,-152.0,-376.0
-122.0,1088.0,572.0,35.0,,-6.0,-49.0,467.0,-402.0,-552.0
-47.0,690.0,587.0,-110.0,,230.0,-54.0,397.0,-178.0,-670.0
55.0,659.0,618.0,-277.0,,130.0,-116.0,474.0,-201.0,-734.0
135.0,81.0,598.0,-205.0,,35.0,-107.0,456.0,-325.0,-819.0
193.0,-109.0,583.0,26.0,,168.0,-46.0,513.0,-452.0,-866.0
260.0,235.0,548.0,197.0,,238.0,7.0,545.0,-551.0,-804.0
329.0,-250.0,486.0,256.0,,-40.0,76.0,567.0,-537.0,-792.0
408.0,-643.0,398.0,311.0,,8.0,172.0,532.0,-450.0,-756.0
412.0,-764.0,315.0,484.0,,333.0,280.0,138.0,-368.0,-634.0
400.0,-672.0,237.0,447.0,,200.0,328.0,-210.0,-322.0,-508.0
397.0,-533.0,153.0,296.0,,58.0,321.0,-328.0,-584.0,-427.0
372.0,-333.0,83.0,262.0,,237.0,323.0,94.0,-675.0,-361.0
311.0,-244.0,20.0,316.0,,534.0,333.0,279.0,83.0,-218.0
207.0,182.0,-67.0,410.0,,619.0,325.0,-208.0,184.0,-51.0
166.0,679.0,-95.0,348.0,,663.0,239.0,-493.0,-133.0,102.0
139.0,186.0,-103.0,314.0,,619.0,81.0,-546.0,-130.0,242.0
75.0,167.0,-120.0,440.0,,380.0,-38.0,-358.0,-156.0,379.0
13.0,180.0,-138.0,533.0,,201.0,-126.0,-388.0,-168.0,557.0
-28.0,-387.0,-171.0,500.0,,174.0,-186.0,-709.0,-197.0,763.0
-35.0,-350.0,-171.0,446.0,,410.0,-199.0,-892.0,-177.0,868.0
-68.0,-365.0,-213.0,506.0,,475.0,-204.0,-519.0,-184.0,908.0
-92.0,-515.0,-240.0,558.0,,258.0,-215.0,576.0,-78.0,955.0
-76.0,-569.0,-271.0,460.0,,256.0,-178.0,1112.0,-161.0,960.0
-33.0,-301.0,-300.0,287.0,,452.0,-100.0,1127.0,66.0,984.0
-40.0,476.0,-292.0,241.0,,364.0,-86.0,1049.0,247.0,1058.0
-106.0,689.0,-293.0,251.0,,156.0,-57.0,774.0,20.0,1069.0
-94.0,409.0,-290.0,217.0,,233.0,-14.0,829.0,-47.0,1039.0
-75.0,381.0,-244.0,214.0,,277.0,-29.0,705.0,80.0,1122.0
-125.0,114.0,-199.0,65.0,,288.0,-43.0,238.0,423.0,1136.0
-210.0,-812.0,-181.0,-136.0,,331.0,-79.0,-495.0,196.0,1072.0
-190.0,-1213.0,-119.0,-186.0,,229.0,-50.0,-1058.0,102.0,1032.0
-115.0,-777.0,-37.0,-164.0,,346.0,7.0,-774.0,313.0,917.0
-122.0,-311.0,16.0,-109.0,,586.0,31.0,-293.0,508.0,753.0
-115.0,-230.0,53.0,-169.0,,532.0,102.0,-7.0,584.0,622.0
-98.0,95.0,122.0,-226.0,,349.0,157.0,42.0,161.0,523.0
-109.0,394.0,171.0,-88.0,,335.0,155.0,232.0,149.0,369.0
-173.0,-51.0,221.0,36.0,,413.0,158.0,644.0,378.0,268.0
-205.0,57.0,245.0,115.0,,395.0,172.0,1108.0,594.0,172.0
-204.0,308.0,250.0,121.0,,497.0,110.0,1450.0,654.0,38.0
-252.0,685.0,245.0,20.0,,502.0,24.0,875.0,645.0,-66.0
-322.0,712.0,209.0,4.0,,304.0,-40.0,175.0,825.0,-123.0
-385.0,609.0,214.0,30.0,,157.0,-116.0,-33.0,968.0,-214.0
-418.0,929.0,188.0,50.0,,152.0,-177.0,-51.0,1033.0,-397.0
-444.0,287.0,195.0,55.0,,444.0,-234.0,192.0,777.0,-430.0
-435.0,86.0,199.0,5.0,,616.0,-246.0,168.0,698.0,-408.0
-411.0,153.0,167.0,-104.0,,358.0,-209.0,-129.0,522.0,-438.0
-385.0,279.0,147.0,-230.0,,166.0,-126.0,-419.0,388.0,-386.0
-375.0,253.0,132.0,-265.0,,395.0,-75.0,-517.0,438.0,-230.0
-365.0,-109.0,82.0,-269.0,,454.0,-108.0,-517.0,405.0,-104.0
-350.0,171.0,34.0,-211.0,,281.0,-148.0,-432.0,538.0,-71.0
-341.0,-126.0,26.0,-30.0,,418.0,-214.0,86.0,-46.0,39.0
-327.0,-1167.0,-29.0,172.0,,589.0,-303.0,759.0,-122.0,117.0
-332.0,-1716.0,-15.0,236.0,,469.0,-350.0,1350.0,379.0,94.0
-340.0,-989.0,19.0,258.0,,262.0,-342.0,1361.0,330.0,-19.0
-397.0,-905.0,20.0,296.0,,307.0,-284.0,957.0,200.0,-126.0
-439.0,-1085.0,36.0,238.0,,401.0,-169.0,367.0,30.0,-152.0
-456.0,-303.0,24.0,77.0,,217.0,-41.0,-162.0,167.0,-333.0
-464.0,-205.0,26.0,-164.0,,-14.0,44.0,251.0,296.0,-538.0
-474.0,-277.0,37.0,-206.0,,182.0,64.0,888.0,311.0,-669.0
-482.0,-101.0,26.0,-9.0,,514.0,104.0,796.0,-150.0,-802.0
-456.0,145.0,30.0,155.0,,379.0,129.0,149.0,-333.0,-987.0
-476.0,281.0,59.0,112.0,,222.0,60.0,46.0,-20.0,-1168.0
-495.0,97.0,60.0,27.0,,399.0,-42.0,214.0,-124.0,-1232.0
-546.0,-88.0,54.0,85.0,,358.0,-162.0,-60.0,120.0,-1403.0
-585.0,121.0,60.0,169.0,,69.0,-193.0,36.0,19.0,-1635.0
-575.0,338.0,68.0,228.0,,75.0,-199.0,354.0,-289.0,-1736.0
-561.0,265.0,60.0,250.0,,209.0,-239.0,788.0,35.0,-1837.0
-524.0,280.0,58.0,235.0,,91.0,-249.0,1156.0,342.0,-2073.0
-465.0,53.0,50.0,130.0,,77.0,-224.0,1332.0,245.0,-2181.0
-387.0,-439.0,46.0,65.0,,281.0,-180.0,1071.0,-71.0,-2123.0
-354.0,-609.0,53.0,-13.0,,137.0,-224.0,-131.0,-238.0,-2167.0
-331.0,-4.0,22.0,-172.0,,-99.0,-283.0,-400.0,-181.0,-2129.0
-292.0,186.0,28.0,-353.0,,-7.0,-310.0,430.0,-2.0,-1877.0
-223.0,324.0,29.0,-581.0,,244.0,-336.0,835.0,108.0,-1633.0
-202.0,991.0,14.0,-795.0,,345.0,-361.0,689.0,131.0,-1500.0
-190.0,1145.0,0.0,-1057.0,,219.0,-411.0,84.0,78.0,-1249.0
-94.0,1109.0,-58.0,-1198.0,,300.0,-479.0,-321.0,290.0,-931.0
-4.0,724.0,-83.0,-1238.0,,417.0,-550.0,-463.0,610.0,-752.0
2.0,316.0,-85.0,-1094.0,,203.0,-570.0,162.0,465.0,-607.0
-20.0,384.0,-128.0,-763.0,,94.0,-546.0,1108.0,221.0,-339.0
23.0,235.0,-119.0,-633.0,,403.0,-518.0,833.0,189.0,-92.0
73.0,-662.0,-132.0,-536.0,,446.0,-499.0,321.0,122.0,-55.0
55.0,-947.0,-207.0,-262.0,,144.0,-501.0,809.0,156.0,12.0
-6.0,-953.0,-207.0,29.0,,246.0,-526.0,1433.0,393.0,179.0
-1.0,-1759.0,-251.0,184.0,,507.0,-490.0,705.0,294.0,288.0
14.0,-1797.0,-295.0,194.0,,387.0,-395.0,-397.0,109.0,278.0
-52.0,-1454.0,-296.0,145.0,,133.0,-287.0,-327.0,-26.0,293.0
-136.0,-828.0,-319.0,145.0,,227.0,-115.0,413.0,-135.0,295.0
-160.0,-330.0,-329.0,163.0,,385.0,-4.0,757.0,50.0,182.0
-162.0,-277.0,-335.0,100.0,,238.0,-24.0,668.0,-145.0,172.0
-202.0,322.0,-371.0,24.0,,50.0,-16.0,432.0,-480.0,187.0
-222.0,245.0,-431.0,-51.0,,134.0,65.0,-147.0,-364.0,145.0
-208.0,-171.0,-474.0,-135.0,,411.0,156.0,-134.0,-92.0,100.0
-162.0,-19.0,-505.0,-156.0,,424.0,196.0,308.0,-19.0,213.0
-133.0,0.0,-545.0,-161.0,,285.0,154.0,628.0,-106.0,379.0
-134.0,-38.0,-549.0,-115.0,,408.0,35.0,746.0,-219.0,429.0
-117.0,-628.0,-523.0,-125.0,,430.0,-95.0,260.0,-80.0,549.0
-40.0,-973.0,-566.0,-170.0,,259.0,-219.0,375.0,169.0,661.0
-16.0,-566.0,-579.0,-59.0,,422.0,-345.0,822.0,87.0,708.0
-13.0,-964.0,-586.0,33.0,,647.0,-501.0,1023.0,100.0,678.0
15.0,-757.0,-608.0,133.0,,521.0,-694.0,966.0,103.0,704.0
26.0,-154.0,-623.0,155.0,,386.0,-828.0,181.0,119.0,676.0
38.0,-145.0,-649.0,128.0,,468.0,-906.0,-715.0,136.0,483.0
-15.0,-27.0,-649.0,237.0,,450.0,-915.0,-724.0,96.0,370.0
15.0,584.0,-651.0,207.0,,219.0,-882.0,471.0,-121.0,270.0
63.0,1559.0,-605.0,150.0,,140.0,-850.0,848.0,-464.0,121.0
107.0,1612.0,-589.0,224.0,,167.0,-840.0,266.0,-312.0,-78.0
181.0,1476.0,-567.0,190.0,,191.0,-867.0,79.0,-297.0,-172.0
258.0,1453.0,-532.0,50.0,,229.0,-821.0,585.0,-443.0,-276.0
315.0,1593.0,-538.0,-104.0,,275.0,-746.0,1389.0,-409.0,-476.0
305.0,1403.0,-506.0,-269.0,,415.0,-671.0,667.0,-312.0,-521.0
340.0,1118.0,-475.0,-463.0,,366.0,-589.0,-227.0,-161.0,-527.0
332.0,1041.0,-453.0,-678.0,,321.0,-542.0,121.0,135.0,-588.0
305.0,342.0,-435.0,-857.0,,477.0,-532.0,986.0,444.0,-633.0
227.0,-239.0,-440.0,-975.0,,467.0,-516.0,1855.0,345.0,-553.0
182.0,-327.0,-416.0,-932.0,,329.0,-440.0,1237.0,363.0,-536.0
190.0,-396.0,-434.0,-816.0,,251.0,-348.0,-11.0,495.0,-605.0
157.0,-1134.0,-452.0,-746.0,,152.0,-288.0,-304.0,455.0,-557.0
94.0,-876.0,-396.0,-607.0,,75.0,-283.0,240.0,471.0,-577.0
62.0,-463.0,-380.0,-415.0,,135.0,-287.0,1369.0,429.0,-718.0
108.0,-403.0,-307.0,-332.0,,217.0,-238.0,1468.0,406.0,-833.0
93.0,-202.0,-275.0,-352.0,,270.0,-177.0,556.0,355.0,-871.0
61.0,-413.0,-244.0,-357.0,,295.0,-190.0,103.0,443.0,-969.0
63.0,180.0,-182.0,-360.0,,400.0,-300.0,145.0,541.0,-1094.0
160.0,-123.0,-171.0,-385.0,,487.0,-412.0,214.0,293.0,-1133.0
205.0,-547.0,-71.0,-456.0,,465.0,-477.0,-171.0,346.0,-1202.0
224.0,-407.0,-30.0,-537.0,,504.0,-622.0,-277.0,326.0,-1317.0
244.0,-342.0,4.0,-467.0,,535.0,-822.0,-46.0,184.0,-1325.0
248.0,-78.0,57.0,-254.0,,444.0,-978.0,513.0,266.0,-1235.0
295.0,-281.0,80.0,-150.0,,260.0,-1145.0,1117.0,135.0,-1232.0
276.0,39.0,137.0,-147.0,,208.0,-1288.0,825.0,-18.0,-1172.0
284.0,-28.0,217.0,-176.0,,248.0,-1360.0,42.0,-69.0,-1015.0
279.0,-420.0,276.0,-203.0,,248.0,-1333.0,-938.0,-77.0,-900.0
331.0,-319.0,310.0,-119.0,,404.0,-1256.0,-689.0,-491.0,-810.0
367.0,-113.0,381.0,-58.0,,509.0,-1110.0,644.0,-673.0,-657.0
385.0,0.0,411.0,-68.0,,258.0,-850.0,1625.0,-613.0,-473.0
430.0,15.0,466.0,-131.0,,-13.0,-599.0,1681.0,-898.0,-401.0
489.0,410.0,500.0,-197.0,,-30.0,-354.0,229.0,-928.0,-276.0
536.0,283.0,523.0,-124.0,,18.0,-138.0,-888.0,-829.0,-100.0
510.0,-233.0,547.0,-15.0,,0.0,-39.0,-467.0,-752.0,18.0
532.0,-617.0,497.0,-41.0,,60.0,-43.0,722.0,-763.0,78.0
534.0,-586.0,497.0,-113.0,,212.0,-126.0,1038.0,-536.0,109.0
551.0,-501.0,479.0,-125.0,,227.0,-260.0,49.0,-332.0,139.0
555.0,-490.0,448.0,-83.0,,20.0,-424.0,-190.0,-193.0,45.0
559.0,222.0,436.0,-117.0,,-133.0,-598.0,57.0,-94.0,-28.0
546.0,884.0,397.0,-255.0,,61.0,-742.0,-112.0,-127.0,-57.0
544.0,986.0,370.0,-397.0,,290.0,-822.0,-157.0,121.0,-120.0
523.0,441.0,326.0,-463.0,,315.0,-887.0,-60.0,270.0,-219.0
453.0,199.0,272.0,-501.0,,331.0,-956.0,129.0,605.0,-276.0
411.0,-127.0,245.0,-727.0,,300.0,-942.0,371.0,710.0,-176.0
334.0,-423.0,215.0,-886.0,,182.0,-880.0,676.0,600.0,-148.0
250.0,-30.0,198.0,-862.0,,298.0,-791.0,569.0,673.0,-141.0
176.0,-117.0,190.0,-766.0,,614.0,-631.0,400.0,657.0,-71.0
189.0,354.0,173.0,-527.0,,505.0,-451.0,397.0,891.0,-95.0
150.0,522.0,183.0,-234.0,,-20.0,-324.0,46.0,705.0,-135.0
40.0,75.0,209.0,33.0,,-292.0,-308.0,358.0,445.0,-97.0
-92.0,171.0,204.0,87.0,,-47.0,-404.0,1413.0,698.0,-67.0
-194.0,189.0,178.0,-48.0,,127.0,-534.0,1655.0,494.0,-177.0
-291.0,315.0,153.0,-152.0,,-8.0,-637.0,833.0,405.0,-317.0
-450.0,565.0,113.0,-166.0,,115.0,-712.0,794.0,612.0,-389.0
-565.0,392.0,62.0,-62.0,,287.0,-825.0,1173.0,266.0,-482.0
-606.0,-393.0,5.0,76.0,,341.0,-978.0,986.0,20.0,-613.0
-594.0,-611.0,-45.0,110.0,,412.0,-1054.0,606.0,233.0,-722.0
-656.0,-602.0,-104.0,53.0,,342.0,-997.0,347.0,549.0,-776.0
-684.0,-964.0,-188.0,-65.0,,202.0,-826.0,665.0,368.0,-758.0
-683.0,-960.0,-226.0,-69.0,,119.0,-576.0,260.0,42.0,-682.0
-671.0,-1073.0,-252.0,72.0,,344.0,-316.0,24.0,75.0,-600.0
-670.0,-1729.0,-291.0,86.0,,481.0,-131.0,83.0,320.0,-492.0
-665.0,-1264.0,-290.0,-6.0,,185.0,-54.0,-397.0,701.0,-346.0
-591.0,-478.0,-300.0,-34.0,,-27.0,24.0,-171.0,293.0,-168.0
-508.0,-777.0,-291.0,83.0,,156.0,133.0,419.0,44.0,-7.0
-425.0,260.0,-283.0,295.0,,366.0,213.0,1243.0,320.0,122.0
-383.0,1056.0,-284.0,505.0,,148.0,244.0,1217.0,271.0,272.0
-283.0,476.0,-254.0,695.0,,-210.0,180.0,410.0,444.0,418.0
-234.0,447.0,-268.0,802.0,,-181.0,46.0,223.0,248.0,507.0
-257.0,707.0,-255.0,823.0,,0.0,-128.0,630.0,-16.0,558.0
-243.0,96.0,-241.0,916.0,,-85.0,-294.0,1103.0,135.0,625.0
-182.0,-56.0,-222.0,1001.0,,-125.0,-401.0,897.0,124.0,624.0
-99.0,497.0,-172.0,993.0,,-52.0,-505.0,977.0,162.0,553.0
-85.0,181.0,-142.0,843.0,,-137.0,-624.0,837.0,242.0,457.0
-61.0,538.0,-78.0,576.0,,-317.0,-740.0,-286.0,80.0,351.0
-4.0,376.0,-32.0,388.0,,-350.0,-850.0,-589.0,-191.0,245.0
22.0,151.0,-16.0,97.0,,-211.0,-871.0,192.0,-176.0,115.0
25.0,-3.0,3.0,-179.0,,-170.0,-764.0,877.0,-160.0,55.0
36.0,-749.0,44.0,-302.0,,-189.0,-610.0,288.0,-322.0,9.0
67.0,-633.0,81.0,-252.0,,-185.0,-416.0,-1236.0,-582.0,-121.0
96.0,-241.0,84.0,-201.0,,-304.0,-186.0,-1311.0,-615.0,-250.0
111.0,526.0,110.0,-278.0,,-444.0,47.0,532.0,-378.0,-255.0
158.0,415.0,146.0,-283.0,,-442.0,260.0,1746.0,-253.0,-301.0
227.0,1103.0,132.0,-241.0,,-455.0,429.0,618.0,-236.0,-419.0
244.0,1395.0,89.0,-86.0,,-634.0,614.0,-788.0,-269.0,-433.0
223.0,738.0,57.0,-6.0,,-739.0,763.0,-369.0,60.0,-439.0
220.0,1403.0,47.0,-26.0,,-732.0,852.0,1104.0,175.0,-419.0
252.0,955.0,6.0,-111.0,,-816.0,898.0,1953.0,141.0,-320.0
288.0,1002.0,-25.0,-249.0,,-838.0,857.0,1119.0,-44.0,-171.0
310.0,1121.0,-33.0,-344.0,,-758.0,761.0,-168.0,-437.0,-54.0
369.0,375.0,-75.0,-542.0,,-657.0,606.0,-179.0,-326.0,89.0
432.0,219.0,-89.0,-702.0,,-611.0,417.0,794.0,-267.0,292.0
479.0,-134.0,-149.0,-757.0,,-653.0,190.0,936.0,-68.0,412.0
488.0,-744.0,-212.0,-802.0,,-808.0,10.0,-373.0,-74.0,537.0
474.0,-851.0,-217.0,-801.0,,-1029.0,-44.0,-1077.0,-121.0,695.0
468.0,-329.0,-264.0,-771.0,,-1041.0,-64.0,-62.0,-49.0,813.0
430.0,-464.0,-301.0,-730.0,,-938.0,-8.0,1112.0,-319.0,779.0
415.0,-632.0,-280.0,-682.0,,-784.0,182.0,942.0,-176.0,710.0
402.0,-327.0,-258.0,-642.0,,-746.0,455.0,-38.0,-211.0,744.0
391.0,330.0,-226.0,-591.0,,-948.0,730.0,-469.0,-275.0,688.0
321.0,690.0,-177.0,-608.0,,-891.0,965.0,186.0,-276.0,590.0
238.0,411.0,-115.0,-521.0,,-776.0,1142.0,774.0,-504.0,530.0
183.0,786.0,0.0,-404.0,,-880.0,1237.0,266.0,-16.0,400.0
113.0,608.0,26.0,-382.0,,-877.0,1244.0,-66.0,86.0,259.0
23.0,274.0,69.0,-337.0,,-748.0,1159.0,661.0,-187.0,186.0
-72.0,672.0,116.0,-297.0,,-649.0,1011.0,1642.0,60.0,63.0
-135.0,129.0,87.0,-221.0,,-712.0,839.0,1267.0,-66.0,-158.0
-198.0,-325.0,88.0,-221.0,,-663.0,639.0,-258.0,-107.0,-295.0
-197.0,6.0,68.0,-197.0,,-505.0,389.0,-709.0,70.0,-339.0
-220.0,371.0,49.0,-31.0,,-571.0,126.0,3.0,101.0,-425.0
-214.0,280.0,7.0,121.0,,-681.0,-77.0,467.0,-127.0,-476.0
-230.0,-491.0,-34.0,115.0,,-722.0,-178.0,48.0,-168.0,-469.0
-264.0,-344.0,-120.0,173.0,,-749.0,-164.0,-406.0,314.0,-466.0
-247.0,255.0,-147.0,173.0,,-732.0,-63.0,-626.0,288.0,-417.0
-282.0,190.0,-167.0,-58.0,,-667.0,152.0,-905.0,-26.0,-288.0
-312.0,98.0,-269.0,-105.0,,-690.0,423.0,-286.0,-278.0,-118.0
-360.0,170.0,-276.0,-148.0,,-832.0,685.0,485.0,-318.0,20.0
-382.0,-163.0,-275.0,-107.0,,-939.0,969.0,774.0,-268.0,156.0
-384.0,-481.0,-268.0,14.0,,-919.0,1171.0,897.0,-426.0,313.0
-317.0,-71.0,-250.0,13.0,,-900.0,1271.0,718.0,-494.0,444.0
-259.0,-269.0,-215.0,18.0,,-1040.0,1265.0,591.0,-415.0,553.0
-205.0,-560.0,-154.0,16.0,,-1100.0,1136.0,96.0,-533.0,629.0
-125.0,-190.0,-120.0,172.0,,-811.0,970.0,-186.0,-517.0,651.0
-54.0,-149.0,-84.0,372.0,,-477.0,748.0,-306.0,-164.0,660.0
47.0,67.0,-22.0,445.0,,-588.0,564.0,-923.0,-436.0,632.0
120.0,402.0,52.0,383.0,,-849.0,525.0,-569.0,-645.0,543.0
222.0,445.0,78.0,330.0,,-934.0,476.0,27.0,-556.0,548.0
311.0,1123.0,127.0,375.0,,-780.0,384.0,-203.0,-345.0,527.0
378.0,1912.0,177.0,249.0,,-494.0,397.0,-428.0,-106.0,427.0
398.0,1635.0,160.0,3.0,,-450.0,491.0,-147.0,-369.0,440.0
433.0,1577.0,163.0,26.0,,-448.0,587.0,421.0,-583.0,408.0
456.0,2153.0,105.0,132.0,,-540.0,724.0,487.0,-501.0,304.0
449.0,1960.0,80.0,141.0,,-550.0,948.0,508.0,8.0,220.0
445.0,1263.0,47.0,242.0,,-429.0,1213.0,611.0,192.0,174.0
423.0,330.0,-64.0,220.0,,-576.0,1361.0,402.0,-209.0,104.0
456.0,-365.0,-105.0,182.0,,-667.0,1382.0,199.0,-512.0,-3.0
445.0,-918.0,-188.0,334.0,,-541.0,1396.0,27.0,-379.0,5.0
427.0,-1432.0,-240.0,512.0,,-382.0,1333.0,-432.0,-159.0,-16.0
413.0,-1318.0,-294.0,678.0,,-385.0,1225.0,-909.0,-6.0,-158.0
399.0,-1723.0,-324.0,705.0,,-329.0,1159.0,-314.0,-92.0,-221.0
409.0,-1681.0,-308.0,668.0,,-365.0,1056.0,295.0,-604.0,-219.0
373.0,-870.0,-300.0,646.0,,-568.0,932.0,-203.0,-288.0,-283.0
351.0,-573.0,-236.0,608.0,,-620.0,821.0,-873.0,159.0,-268.0
286.0,-979.0,-197.0,816.0,,-586.0,740.0,-1090.0,264.0,-134.0
206.0,-820.0,-81.0,1030.0,,-302.0,679.0,-509.0,231.0,-56.0
177.0,-64.0,-2.0,959.0,,-242.0,597.0,243.0,-170.0,71.0
160.0,-460.0,58.0,739.0,,-457.0,579.0,661.0,16.0,250.0
263.0,-393.0,187.0,593.0,,-488.0,582.0,707.0,512.0,355.0
197.0,-134.0,298.0,579.0,,-422.0,549.0,70.0,719.0,470.0
161.0,-185.0,383.0,480.0,,-247.0,535.0,-365.0,460.0,571.0
232.0,299.0,434.0,510.0,,-22.0,514.0,-598.0,346.0,609.0
274.0,466.0,535.0,601.0,,155.0,535.0,-371.0,646.0,629.0
294.0,215.0,573.0,480.0,,-62.0,584.0,173.0,1000.0,609.0
76.0,-447.0,614.0,332.0,,-318.0,633.0,-88.0,1007.0,560.0
58.0,-358.0,648.0,290.0,,-141.0,726.0,-295.0,448.0,507.0
25.0,121.0,621.0,349.0,,-32.0,772.0,-805.0,350.0,459.0
16.0,-547.0,651.0,369.0,,-58.0,837.0,-955.0,429.0,369.0
-54.0,-1248.0,608.0,381.0,,-101.0,922.0,-578.0,504.0,209.0
-167.0,-983.0,564.0,401.0,,-140.0,959.0,-448.0,281.0,161.0
-191.0,-544.0,538.0,380.0,,-384.0,1000.0,92.0,-362.0,197.0
-380.0,-939.0,468.0,425.0,,-606.0,927.0,297.0,-250.0,139.0
-439.0,-899.0,397.0,400.0,,-337.0,764.0,151.0,-60.0,140.0
-561.0,-122.0,281.0,328.0,,-162.0,599.0,-447.0,62.0,268.0
-584.0,58.0,216.0,344.0,,-332.0,431.0,-541.0,53.0,335.0
-699.0,407.0,178.0,301.0,,-609.0,312.0,-84.0,-128.0,320.0
-751.0,865.0,120.0,278.0,,-608.0,239.0,-112.0,85.0,396.0
-705.0,843.0,73.0,259.0,,-471.0,213.0,-356.0,150.0,430.0
-681.0,256.0,44.0,248.0,,-515.0,203.0,-934.0,520.0,269.0
-619.0,-145.0,-6.0,198.0,,-484.0,205.0,-992.0,629.0,92.0
-690.0,-118.0,-95.0,-43.0,,-432.0,273.0,-1265.0,124.0,-11.0
-597.0,-47.0,-177.0,-268.0,,-322.0,408.0,-1539.0,130.0,-114.0
-536.0,263.0,-261.0,-462.0,,-291.0,570.0,-1561.0,376.0,-251.0
-458.0,427.0,-358.0,-608.0,,-207.0,712.0,-2074.0,585.0,-349.0
-447.0,1195.0,-487.0,-658.0,,-189.0,806.0,-1638.0,404.0,-443.0
-381.0,1307.0,-587.0,-712.0,,-327.0,852.0,-929.0,-38.0,-474.0
-299.0,832.0,-618.0,-761.0,,-333.0,861.0,-415.0,91.0,-386.0
-279.0,1033.0,-667.0,-828.0,,-465.0,813.0,142.0,541.0,-325.0
-245.0,816.0,-721.0,-910.0,,-529.0,756.0,395.0,674.0,-236.0
-223.0,609.0,-693.0,-892.0,,-893.0,703.0,727.0,506.0,-141.0
-116.0,504.0,-693.0,-777.0,,-1187.0,628.0,715.0,356.0,-46.0
-85.0,465.0,-678.0,-685.0,,-763.0,592.0,397.0,335.0,161.0
-51.0,-213.0,-639.0,-692.0,,-538.0,549.0,-160.0,421.0,404.0
-64.0,-1095.0,-599.0,-705.0,,-413.0,468.0,-402.0,340.0,533.0
-16.0,-889.0,-510.0,-603.0,,-198.0,375.0,-434.0,146.0,625.0
-28.0,-382.0,-464.0,-534.0,,-206.0,301.0,-1067.0,-138.0,755.0
-66.0,-300.0,-424.0,-516.0,,-294.0,305.0,-2002.0,-277.0,763.0
-93.0,-632.0,-355.0,-474.0,,-368.0,303.0,-2263.0,178.0,658.0
-101.0,-400.0,-262.0,-293.0,,-427.0,241.0,-1032.0,337.0,533.0
-96.0,-531.0,-225.0,-33.0,,-648.0,166.0,-284.0,245.0,414.0
-185.0,-1028.0,-215.0,105.0,,-790.0,74.0,-151.0,100.0,179.0
-241.0,-997.0,-173.0,314.0,,-866.0,31.0,-195.0,-163.0,-64.0
-283.0,-1325.0,-122.0,453.0,,-901.0,-5.0,-339.0,263.0,-198.0
-305.0,-1298.0,-110.0,436.0,,-771.0,-95.0,266.0,300.0,-399.0
-380.0,-1069.0,-85.0,504.0,,-759.0,-146.0,31.0,-205.0,-533.0
-403.0,-808.0,-27.0,601.0,,-762.0,-196.0,-36.0,-196.0,-542.0
-419.0,-339.0,-14.0,699.0,,-908.0,-220.0,279.0,0.0,-577.0
-368.0,28.0,38.0,688.0,,-1047.0,-160.0,-199.0,182.0,-612.0
-371.0,492.0,75.0,625.0,,-763.0,-76.0,-764.0,141.0,-582.0
-358.0,802.0,139.0,665.0,,-417.0,51.0,-726.0,-75.0,-570.0
-274.0,1230.0,192.0,586.0,,-358.0,154.0,-713.0,108.0,-595.0
-259.0,1250.0,200.0,505.0,,-532.0,167.0,-1182.0,295.0,-583.0
-230.0,1443.0,240.0,579.0,,-444.0,134.0,-617.0,169.0,-580.0
-260.0,1730.0,264.0,542.0,,-117.0,93.0,-121.0,347.0,-604.0
-202.0,1384.0,332.0,491.0,,-123.0,41.0,-219.0,241.0,-579.0
-212.0,1264.0,354.0,615.0,,-273.0,-36.0,-371.0,-285.0,-477.0
-229.0,495.0,339.0,689.0,,-282.0,-115.0,-655.0,-351.0,-452.0
-231.0,248.0,315.0,635.0,,-218.0,-180.0,-347.0,-230.0,-438.0
-216.0,628.0,244.0,657.0,,-104.0,-221.0,-242.0,-419.0,-266.0
-216.0,183.0,176.0,667.0,,-101.0,-231.0,-694.0,-788.0,-50.0
-264.0,78.0,68.0,632.0,,-191.0,-185.0,-1138.0,-1061.0,87.0
-245.0,-37.0,-17.0,631.0,,-134.0,-156.0,-970.0,-1195.0,209.0
-249.0,-616.0,-136.0,429.0,,230.0,-177.0,-36.0,-1144.0,369.0
-229.0,-1312.0,-272.0,173.0,,411.0,-200.0,430.0,-970.0,486.0
-247.0,-1845.0,-366.0,80.0,,22.0,-258.0,417.0,-715.0,563.0
-253.0,-2319.0,-447.0,77.0,,-175.0,-312.0,415.0,-684.0,641.0
-240.0,-2696.0,-495.0,48.0,,55.0,-375.0,319.0,-778.0,714.0
-158.0,-2407.0,-544.0,-107.0,,137.0,-474.0,153.0,-459.0,725.0
-109.0,-1881.0,-509.0,-129.0,,11.0,-563.0,-380.0,-160.0,689.0
-91.0,-1204.0,-480.0,41.0,,85.0,-604.0,-84.0,-200.0,702.0
-45.0,-528.0,-455.0,235.0,,327.0,-573.0,630.0,-504.0,706.0
-10.0,-155.0,-392.0,455.0,,280.0,-462.0,367.0,-334.0,630.0
26.0,472.0,-315.0,592.0,,37.0,-295.0,-280.0,243.0,575.0
24.0,1041.0,-212.0,778.0,,13.0,-135.0,-212.0,-16.0,601.0
73.0,840.0,-175.0,930.0,,271.0,-4.0,11.0,-335.0,598.0
92.0,606.0,-115.0,764.0,,315.0,87.0,-824.0,-452.0,523.0
177.0,672.0,-37.0,515.0,,-10.0,115.0,-1167.0,-662.0,515.0
259.0,612.0,-16.0,252.0,,2.0,49.0,-1010.0,-500.0,620.0
241.0,-3.0,-11.0,46.0,,175.0,-80.0,-801.0,-313.0,617.0
295.0,-772.0,-9.0,75.0,,-85.0,-223.0,-665.0,-472.0,550.0
365.0,-855.0,-42.0,218.0,,-110.0,-412.0,-648.0,-749.0,563.0
350.0,-1090.0,-83.0,283.0,,430.0,-598.0,-199.0,-507.0,481.0
359.0,-821.0,-154.0,184.0,,488.0,-729.0,-266.0,-151.0,359.0
450.0,49.0,-225.0,263.0,,-37.0,-847.0,-351.0,239.0,291.0
506.0,411.0,-251.0,538.0,,-158.0,-937.0,-395.0,318.0,168.0
533.0,881.0,-304.0,677.0,,54.0,-934.0,-206.0,8.0,-58.0
460.0,1385.0,-341.0,683.0,,171.0,-799.0,303.0,267.0,-216.0
380.0,1297.0,-354.0,588.0,,10.0,-622.0,175.0,720.0,-202.0
465.0,533.0,-345.0,424.0,,-127.0,-473.0,-260.0,827.0,-265.0
487.0,544.0,-355.0,293.0,,148.0,-357.0,-796.0,634.0,-389.0
314.0,722.0,-372.0,163.0,,394.0,-367.0,-982.0,515.0,-392.0
202.0,318.0,-320.0,-45.0,,382.0,-468.0,-1042.0,561.0,-308.0
310.0,239.0,-288.0,-152.0,,426.0,-642.0,-1287.0,856.0,-219.0
383.0,221.0,-279.0,-163.0,,492.0,-897.0,-1167.0,773.0,-120.0
302.0,415.0,-238.0,-145.0,,293.0,-1120.0,-997.0,493.0,16.0
251.0,-166.0,-211.0,-8.0,,74.0,-1319.0,-757.0,158.0,93.0
262.0,-240.0,-182.0,-3.0,,90.0,-1397.0,-436.0,-106.0,147.0
283.0,407.0,-150.0,-72.0,,318.0,-1341.0,-441.0,251.0,234.0
268.0,200.0,-170.0,31.0,,478.0,-1217.0,-506.0,52.0,295.0
268.0,403.0,-147.0,100.0,,415.0,-969.0,-648.0,-181.0,238.0
322.0,659.0,-118.0,93.0,,259.0,-712.0,-801.0,-529.0,103.0
331.0,663.0,-128.0,141.0,,134.0,-414.0,-685.0,-680.0,67.0
256.0,402.0,-92.0,206.0,,213.0,-113.0,-206.0,-262.0,34.0
184.0,89.0,-52.0,245.0,,221.0,80.0,-94.0,-49.0,-71.0
245.0,-129.0,-1.0,283.0,,24.0,290.0,-497.0,-135.0,-140.0
263.0,-606.0,19.0,266.0,,-110.0,437.0,-517.0,-795.0,-127.0
125.0,-836.0,39.0,246.0,,125.0,442.0,-214.0,-435.0,-57.0
28.0,-968.0,79.0,311.0,,462.0,299.0,182.0,204.0,11.0
48.0,-799.0,72.0,385.0,,348.0,35.0,-319.0,381.0,67.0
36.0,-1179.0,63.0,438.0,,38.0,-240.0,-1149.0,404.0,131.0
-65.0,-1897.0,73.0,362.0,,39.0,-526.0,-1263.0,-76.0,185.0
-104.0,-1579.0,99.0,294.0,,266.0,-752.0,-1134.0,135.0,222.0
-95.0,-1214.0,116.0,401.0,,348.0,-892.0,-761.0,667.0,280.0
-190.0,-1028.0,110.0,475.0,,277.0,-1074.0,-897.0,674.0,301.0
-258.0,-475.0,96.0,460.0,,132.0,-1263.0,-1071.0,203.0,310.0
-252.0,-41.0,98.0,628.0,,50.0,-1412.0,-927.0,143.0,351.0
-290.0,357.0,74.0,830.0,,49.0,-1523.0,-667.0,359.0,366.0
-362.0,1306.0,32.0,795.0,,-49.0,-1501.0,-277.0,417.0,370.0
-413.0,1708.0,49.0,807.0,,-144.0,-1345.0,-84.0,738.0,402.0
-409.0,1296.0,41.0,800.0,,-75.0,-1123.0,157.0,590.0,470.0
-427.0,1269.0,3.0,662.0,,-100.0,-883.0,-112.0,46.0,524.0
-449.0,970.0,17.0,440.0,,-225.0,-602.0,-598.0,171.0,547.0
-532.0,133.0,41.0,194.0,,-198.0,-247.0,-958.0,549.0,554.0
-557.0,-564.0,77.0,175.0,,-58.0,94.0,-1047.0,204.0,494.0
-478.0,-573.0,101.0,116.0,,96.0,319.0,-683.0,-136.0,381.0
-477.0,-47.0,138.0,-181.0,,-12.0,416.0,-679.0,-252.0,298.0
-488.0,-212.0,186.0,-275.0,,-115.0,419.0,-716.0,-378.0,163.0
-430.0,-505.0,215.0,-247.0,,125.0,327.0,-615.0,-353.0,-97.0
-336.0,-368.0,256.0,-453.0,,202.0,164.0,-661.0,-376.0,-321.0
-329.0,-478.0,268.0,-603.0,,-17.0,-26.0,-591.0,-620.0,-452.0
-312.0,-885.0,299.0,-528.0,,-184.0,-201.0,-334.0,-1124.0,-628.0
-299.0,-1028.0,287.0,-313.0,,-298.0,-344.0,75.0,-861.0,-775.0
-336.0,-917.0,253.0,-157.0,,-169.0,-481.0,195.0,-240.0,-775.0
-373.0,-1230.0,249.0,-131.0,,158.0,-581.0,225.0,-458.0,-742.0
-373.0,-1339.0,232.0,-75.0,,203.0,-636.0,205.0,-680.0,-697.0
-356.0,-1262.0,207.0,19.0,,99.0,-613.0,-247.0,-756.0,-611.0
-361.0,-1110.0,174.0,29.0,,41.0,-511.0,-434.0,-804.0,-505.0
-385.0,-724.0,160.0,-2.0,,-183.0,-327.0,-480.0,-295.0,-467.0
-479.0,-477.0,146.0,45.0,,-248.0,-81.0,-450.0,-59.0,-457.0
-484.0,-10.0,171.0,73.0,,116.0,145.0,-489.0,-344.0,-401.0
-412.0,662.0,165.0,235.0,,375.0,347.0,-689.0,-201.0,-376.0
-399.0,1382.0,169.0,404.0,,448.0,450.0,-594.0,291.0,-337.0
-424.0,1662.0,161.0,372.0,,642.0,437.0,-550.0,446.0,-268.0
-352.0,1665.0,95.0,356.0,,740.0,327.0,-203.0,558.0,-217.0
-259.0,1662.0,72.0,332.0,,382.0,167.0,-35.0,440.0,-235.0
-224.0,1445.0,27.0,205.0,,47.0,1.0,-112.0,-73.0,-310.0
-142.0,954.0,11.0,95.0,,226.0,-229.0,-182.0,161.0,-357.0
-10.0,342.0,-30.0,27.0,,370.0,-462.0,-358.0,338.0,-306.0
102.0,69.0,-88.0,-159.0,,276.0,-705.0,-277.0,35.0,-202.0
164.0,-78.0,-73.0,-394.0,,177.0,-913.0,-548.0,34.0,-140.0
273.0,-246.0,-90.0,-584.0,,184.0,-1012.0,-628.0,50.0,-68.0
328.0,-164.0,-118.0,-720.0,,165.0,-1045.0,-626.0,168.0,78.0
391.0,220.0,-103.0,-906.0,,8.0,-998.0,-641.0,236.0,228.0
550.0,346.0,-73.0,-1125.0,,55.0,-868.0,-243.0,82.0,374.0
652.0,388.0,-58.0,-1233.0,,168.0,-643.0,-35.0,-293.0,553.0
701.0,408.0,-20.0,-1187.0,,268.0,-377.0,356.0,-539.0,604.0
760.0,360.0,3.0,-1001.0,,521.0,-95.0,565.0,-403.0,658.0
862.0,458.0,19.0,-853.0,,538.0,170.0,661.0,-428.0,828.0
916.0,377.0,50.0,-670.0,,217.0,360.0,879.0,-704.0,928.0
880.0,649.0,33.0,-436.0,,-114.0,470.0,918.0,-942.0,937.0
844.0,632.0,18.0,-212.0,,0.0,517.0,774.0,-986.0,894.0
775.0,51.0,57.0,-25.0,,413.0,522.0,251.0,-760.0,853.0
740.0,160.0,40.0,90.0,,506.0,400.0,-53.0,-357.0,745.0
730.0,173.0,14.0,237.0,,465.0,232.0,-290.0,-163.0,610.0
627.0,-249.0,30.0,433.0,,709.0,98.0,-208.0,-278.0,478.0
568.0,-171.0,-3.0,539.0,,964.0,-64.0,49.0,-184.0,273.0
544.0,126.0,-11.0,577.0,,778.0,-218.0,-175.0,126.0,93.0
461.0,107.0,-46.0,519.0,,580.0,-285.0,-140.0,267.0,-19.0
339.0,-150.0,-63.0,259.0,,757.0,-261.0,112.0,443.0,-107.0
295.0,-93.0,-19.0,173.0,,929.0,-203.0,526.0,477.0,-252.0
257.0,427.0,-9.0,219.0,,793.0,-169.0,641.0,333.0,-282.0
125.0,802.0,33.0,134.0,,425.0,-131.0,197.0,336.0,-201.0
81.0,570.0,81.0,13.0,,304.0,-90.0,-147.0,616.0,-264.0
86.0,723.0,99.0,-62.0,,547.0,-73.0,-134.0,889.0,-311.0
14.0,1230.0,101.0,-13.0,,673.0,7.0,260.0,856.0,-216.0
-104.0,1193.0,121.0,-65.0,,550.0,105.0,256.0,828.0,-157.0
-142.0,1063.0,142.0,-244.0,,446.0,169.0,16.0,655.0,-183.0
-135.0,809.0,158.0,-227.0,,421.0,266.0,-107.0,823.0,-61.0
-195.0,738.0,177.0,-229.0,,345.0,361.0,-242.0,870.0,97.0
-263.0,536.0,192.0,-330.0,,272.0,378.0,-84.0,366.0,137.0
-250.0,443.0,259.0,-471.0,,138.0,344.0,-9.0,196.0,213.0
-185.0,701.0,327.0,-660.0,,4.0,330.0,27.0,256.0,321.0
-139.0,544.0,340.0,-709.0,,235.0,317.0,134.0,294.0,336.0
-116.0,262.0,380.0,-698.0,,506.0,326.0,155.0,46.0,241.0
-64.0,105.0,393.0,-539.0,,375.0,379.0,306.0,-204.0,231.0
52.0,59.0,342.0,-437.0,,181.0,417.0,467.0,-646.0,228.0
72.0,-318.0,299.0,-460.0,,157.0,429.0,530.0,-777.0,141.0
37.0,-333.0,203.0,-495.0,,108.0,500.0,354.0,-414.0,28.0
121.0,-134.0,156.0,-535.0,,110.0,645.0,-109.0,-677.0,-65.0
252.0,-176.0,118.0,-505.0,,190.0,805.0,-408.0,-956.0,-156.0
267.0,-312.0,40.0,-485.0,,264.0,947.0,-238.0,-812.0,-301.0
243.0,-728.0,43.0,-351.0,,337.0,1037.0,-1.0,-521.0,-421.0
315.0,-957.0,40.0,-116.0,,458.0,1112.0,260.0,-360.0,-584.0
399.0,-1138.0,76.0,143.0,,609.0,1117.0,709.0,-338.0,-714.0
369.0,-833.0,116.0,290.0,,433.0,1061.0,663.0,-452.0,-889.0
271.0,-607.0,153.0,173.0,,219.0,1049.0,306.0,-578.0,-1042.0
277.0,-548.0,224.0,-55.0,,279.0,994.0,140.0,-416.0,-1056.0
318.0,-102.0,245.0,-6.0,,384.0,902.0,284.0,-112.0,-1204.0
334.0,161.0,311.0,58.0,,277.0,806.0,602.0,251.0,-1299.0
322.0,300.0,349.0,-31.0,,79.0,657.0,604.0,112.0,-1239.0
331.0,279.0,375.0,-123.0,,4.0,512.0,565.0,-241.0,-1107.0
334.0,540.0,387.0,-134.0,,-72.0,408.0,88.0,-36.0,-969.0
275.0,496.0,378.0,53.0,,123.0,378.0,-192.0,174.0,-721.0
205.0,-60.0,421.0,78.0,,298.0,424.0,83.0,0.0,-376.0
156.0,-494.0,373.0,6.0,,531.0,465.0,-9.0,-307.0,-163.0
115.0,-1178.0,347.0,-92.0,,655.0,504.0,35.0,-319.0,81.0
47.0,-1348.0,349.0,-119.0,,149.0,598.0,-151.0,-12.0,330.0
16.0,-997.0,343.0,-156.0,,-83.0,695.0,-221.0,54.0,530.0
3.0,-696.0,363.0,-358.0,,-25.0,782.0,-177.0,-30.0,625.0
-5.0,-289.0,360.0,-484.0,,95.0,922.0,-72.0,-229.0,666.0
-86.0,-128.0,369.0,-500.0,,75.0,1036.0,306.0,-207.0,704.0
-103.0,39.0,338.0,-378.0,,-82.0,1116.0,256.0,111.0,654.0
-59.0,377.0,302.0,-361.0,,-81.0,1193.0,583.0,167.0,553.0
-128.0,445.0,232.0,-359.0,,141.0,1214.0,533.0,181.0,443.0
-198.0,80.0,189.0,-303.0,,301.0,1142.0,539.0,-142.0,359.0
-212.0,-286.0,195.0,-287.0,,-304.0,991.0,818.0,-277.0,168.0
-174.0,-329.0,149.0,-166.0,,-273.0,829.0,569.0,0.0,58.0
-177.0,-636.0,153.0,76.0,,304.0,614.0,578.0,150.0,-21.0
-178.0,-541.0,176.0,166.0,,270.0,407.0,83.0,114.0,-98.0
-195.0,428.0,187.0,-51.0,,204.0,280.0,-247.0,-140.0,-168.0
-148.0,987.0,214.0,-230.0,,279.0,160.0,-205.0,123.0,-215.0
-48.0,931.0,223.0,-267.0,,452.0,80.0,-81.0,96.0,-123.0
-41.0,652.0,242.0,-236.0,,77.0,51.0,469.0,-39.0,-155.0
19.0,430.0,263.0,-326.0,,-437.0,61.0,668.0,-39.0,-157.0
188.0,25.0,251.0,-479.0,,-260.0,85.0,892.0,-329.0,-136.0
326.0,-632.0,246.0,-530.0,,342.0,139.0,716.0,-40.0,-80.0
313.0,-771.0,273.0,-679.0,,456.0,263.0,345.0,151.0,-91.0
345.0,-222.0,277.0,-847.0,,-47.0,338.0,497.0,489.0,-165.0
426.0,491.0,271.0,-862.0,,273.0,367.0,343.0,519.0,-141.0
470.0,833.0,304.0,-785.0,,884.0,459.0,301.0,-56.0,-183.0
458.0,1004.0,347.0,-698.0,,308.0,565.0,107.0,-16.0,-179.0
422.0,1265.0,355.0,-589.0,,-268.0,617.0,-219.0,203.0,-100.0
444.0,1411.0,338.0,-410.0,,142.0,670.0,-242.0,415.0,6.0
444.0,843.0,329.0,-284.0,,411.0,753.0,-384.0,321.0,37.0
421.0,-151.0,328.0,-289.0,,183.0,789.0,218.0,10.0,67.0
352.0,-882.0,288.0,-256.0,,-6.0,747.0,578.0,-110.0,75.0
342.0,-1283.0,241.0,-208.0,,187.0,688.0,471.0,-123.0,51.0
346.0,-1655.0,205.0,-165.0,,538.0,626.0,681.0,-55.0,13.0
307.0,-2150.0,138.0,-89.0,,493.0,533.0,585.0,-164.0,-116.0
288.0,-2259.0,107.0,26.0,,79.0,461.0,567.0,-585.0,-225.0
310.0,-1959.0,45.0,86.0,,100.0,421.0,375.0,-760.0,-268.0
320.0,-1093.0,0.0,-83.0,,356.0,361.0,256.0,-289.0,-248.0
288.0,42.0,5.0,-279.0,,198.0,313.0,60.0,-219.0,-216.0
258.0,1002.0,-43.0,-443.0,,121.0,311.0,-155.0,-508.0,-160.0
211.0,1646.0,-54.0,-570.0,,66.0,345.0,-33.0,-616.0,-135.0
168.0,2017.0,-82.0,-550.0,,425.0,378.0,16.0,-575.0,-41.0
99.0,2135.0,-111.0,-508.0,,586.0,363.0,548.0,-225.0,51.0
100.0,1924.0,-140.0,-515.0,,323.0,318.0,667.0,-145.0,65.0
143.0,1427.0,-179.0,-452.0,,335.0,207.0,491.0,-153.0,66.0
210.0,667.0,-209.0,-245.0,,296.0,71.0,652.0,-75.0,41.0
295.0,499.0,-242.0,-158.0,,404.0,-2.0,641.0,-115.0,111.0
335.0,-84.0,-255.0,-354.0,,784.0,-45.0,602.0,126.0,178.0
373.0,-944.0,-291.0,-595.0,,863.0,24.0,498.0,323.0,250.0
383.0,-869.0,-270.0,-648.0,,38.0,152.0,406.0,68.0,346.0
386.0,-926.0,-270.0,-739.0,,191.0,243.0,203.0,-184.0,389.0
369.0,-790.0,-256.0,-1008.0,,550.0,317.0,190.0,-238.0,385.0
373.0,-355.0,-212.0,-1018.0,,461.0,409.0,129.0,-226.0,407.0
318.0,84.0,-169.0,-822.0,,797.0,536.0,157.0,-6.0,339.0
288.0,483.0,-114.0,-647.0,,363.0,604.0,533.0,42.0,113.0
327.0,464.0,-116.0,-474.0,,411.0,576.0,471.0,-63.0,-32.0
300.0,545.0,-75.0,-384.0,,897.0,466.0,369.0,175.0,-155.0
270.0,592.0,-56.0,-311.0,,872.0,324.0,393.0,387.0,-441.0
188.0,432.0,-65.0,-295.0,,444.0,169.0,389.0,317.0,-773.0
147.0,-98.0,-46.0,-256.0,,262.0,-3.0,297.0,368.0,-927.0
86.0,-705.0,-39.0,-71.0,,446.0,-203.0,321.0,187.0,-1055.0
29.0,-802.0,-12.0,128.0,,893.0,-404.0,249.0,-20.0,-1225.0
75.0,-1094.0,7.0,338.0,,1044.0,-546.0,-162.0,244.0,-1300.0
104.0,-1485.0,-9.0,588.0,,625.0,-643.0,48.0,231.0,-1219.0
107.0,-1782.0,-9.0,787.0,,536.0,-648.0,227.0,119.0,-991.0
77.0,-1977.0,-48.0,857.0,,625.0,-537.0,79.0,10.0,-891.0
138.0,-1564.0,-123.0,876.0,,665.0,-329.0,99.0,80.0,-756.0
117.0,-566.0,-158.0,779.0,,289.0,-85.0,18.0,226.0,-484.0
89.0,-18.0,-194.0,449.0,,398.0,85.0,121.0,241.0,-392.0
119.0,193.0,-230.0,135.0,,607.0,235.0,144.0,334.0,-273.0
115.0,536.0,-256.0,-121.0,,346.0,397.0,347.0,-65.0,-48.0
203.0,293.0,-276.0,-384.0,,-144.0,534.0,668.0,-224.0,63.0
240.0,461.0,-277.0,-578.0,,-74.0,601.0,672.0,-82.0,77.0
235.0,573.0,-269.0,-764.0,,423.0,562.0,633.0,-173.0,146.0
172.0,280.0,-253.0,-800.0,,243.0,455.0,123.0,-226.0,320.0
185.0,453.0,-249.0,-707.0,,344.0,253.0,-86.0,-397.0,396.0
174.0,417.0,-219.0,-649.0,,256.0,-23.0,-25.0,-420.0,383.0
70.0,16.0,-167.0,-561.0,,161.0,-313.0,-136.0,30.0,507.0
86.0,-601.0,-176.0,-550.0,,123.0,-608.0,57.0,217.0,705.0
109.0,-488.0,-161.0,-587.0,,122.0,-847.0,-11.0,-105.0,786.0
84.0,196.0,-112.0,-537.0,,-9.0,-1016.0,-221.0,-173.0,849.0
33.0,92.0,-107.0,-472.0,,-223.0,-1082.0,-454.0,-12.0,961.0
65.0,-722.0,-85.0,-395.0,,-216.0,-1029.0,-127.0,136.0,963.0
100.0,-862.0,-58.0,-281.0,,-582.0,-943.0,323.0,335.0,843.0
109.0,-586.0,-50.0,-152.0,,-302.0,-832.0,273.0,479.0,806.0
106.0,-547.0,-28.0,13.0,,-151.0,-675.0,160.0,352.0,659.0
109.0,70.0,-23.0,214.0,,-493.0,-420.0,-960.0,305.0,303.0
144.0,373.0,-37.0,321.0,,-509.0,-128.0,-2008.0,456.0,135.0
196.0,523.0,-34.0,332.0,,-336.0,51.0,-1152.0,387.0,0.0
222.0,843.0,-7.0,307.0,,-409.0,158.0,1152.0,181.0,-198.0
214.0,952.0,0.0,188.0,,-400.0,208.0,2130.0,300.0,-340.0
270.0,795.0,-32.0,55.0,,-231.0,157.0,820.0,482.0,-462.0
263.0,251.0,-20.0,-55.0,,-270.0,-38.0,-356.0,503.0,-478.0
224.0,312.0,-14.0,-235.0,,-3.0,-286.0,-1042.0,877.0,-516.0
221.0,421.0,-66.0,-342.0,,-37.0,-495.0,-1875.0,809.0,-577.0
213.0,198.0,-50.0,-293.0,,-216.0,-672.0,-2082.0,506.0,-633.0
208.0,-34.0,-27.0,-118.0,,-378.0,-791.0,1005.0,699.0,-639.0
249.0,-331.0,-44.0,169.0,,-494.0,-906.0,4482.0,771.0,-598.0
269.0,-629.0,-7.0,394.0,,-244.0,-961.0,1989.0,753.0,-515.0
239.0,-921.0,19.0,472.0,,-272.0,-969.0,-862.0,572.0,-374.0
212.0,-811.0,42.0,508.0,,-228.0,-926.0,-308.0,313.0,-350.0
202.0,-410.0,81.0,451.0,,-124.0,-763.0,-752.0,264.0,-271.0
192.0,187.0,80.0,266.0,,-539.0,-639.0,-646.0,243.0,-110.0
142.0,591.0,56.0,117.0,,-784.0,-549.0,1086.0,171.0,6.0
130.0,545.0,48.0,-128.0,,-302.0,-397.0,1548.0,186.0,14.0
103.0,279.0,5.0,-446.0,,-59.0,-285.0,-125.0,221.0,-63.0
81.0,-201.0,-50.0,-743.0,,-475.0,-291.0,-617.0,-5.0,-62.0
15.0,-131.0,-36.0,-1057.0,,-665.0,-370.0,957.0,-132.0,-76.0
-15.0,454.0,-77.0,-1141.0,,-594.0,-435.0,1468.0,131.0,-124.0
18.0,729.0,-150.0,-1125.0,,-400.0,-498.0,315.0,103.0,-219.0
0.0,784.0,-169.0,-1111.0,,-402.0,-568.0,-1494.0,-96.0,-305.0
-1.0,921.0,-223.0,-1012.0,,-504.0,-634.0,-2810.0,-185.0,-310.0
-13.0,1081.0,-274.0,-798.0,,-341.0,-698.0,-1428.0,-338.0,-246.0
20.0,948.0,-329.0,-529.0,,-491.0,-709.0,1795.0,-229.0,-128.0
15.0,699.0,-411.0,-429.0,,-582.0,-705.0,3712.0,-245.0,-43.0
-18.0,259.0,-436.0,-335.0,,-617.0,-751.0,2812.0,-476.0,94.0
-49.0,122.0,-466.0,-235.0,,-451.0,-836.0,-1167.0,-343.0,305.0
-61.0,364.0,-516.0,-197.0,,-407.0,-923.0,-2603.0,-136.0,394.0
-48.0,236.0,-508.0,-89.0,,-770.0,-948.0,-2523.0,-246.0,374.0
-68.0,172.0,-489.0,-41.0,,-821.0,-919.0,-2699.0,-155.0,386.0
-29.0,33.0,-482.0,48.0,,-917.0,-916.0,1707.0,24.0,298.0
10.0,-82.0,-452.0,238.0,,-782.0,-952.0,3915.0,46.0,188.0
0.0,-351.0,-365.0,373.0,,-429.0,-985.0,-899.0,322.0,119.0
-39.0,-1034.0,-280.0,579.0,,-171.0,-1005.0,-4561.0,505.0,12.0
-9.0,-1447.0,-214.0,635.0,,-580.0,-997.0,-2815.0,555.0,-78.0
0.0,-1359.0,-130.0,518.0,,-1020.0,-975.0,-870.0,555.0,-132.0
-112.0,-1011.0,-15.0,399.0,,-806.0,-927.0,1239.0,647.0,-83.0
-106.0,-592.0,106.0,158.0,,-676.0,-839.0,3274.0,764.0,-49.0
-4.0,216.0,201.0,-51.0,,-500.0,-831.0,2248.0,483.0,63.0
5.0,895.0,310.0,-121.0,,-644.0,-874.0,-293.0,471.0,194.0
-6.0,1244.0,341.0,-51.0,,-897.0,-877.0,-1893.0,290.0,266.0
-20.0,1601.0,387.0,-72.0,,-763.0,-880.0,-338.0,-141.0,375.0
18.0,1359.0,412.0,-166.0,,-342.0,-842.0,1230.0,79.0,376.0
-10.0,324.0,364.0,-142.0,,-164.0,-740.0,1045.0,82.0,347.0
-142.0,-137.0,416.0,-54.0,,-327.0,-652.0,-456.0,-265.0,228.0
-198.0,106.0,394.0,44.0,,-669.0,-578.0,-2400.0,-403.0,88.0
-222.0,-290.0,320.0,153.0,,-801.0,-466.0,-2091.0,-362.0,-82.0
-217.0,-672.0,294.0,299.0,,-260.0,-351.0,816.0,-113.0,-315.0
-317.0,-602.0,256.0,335.0,,-189.0,-236.0,3789.0,-27.0,-461.0
-397.0,-157.0,204.0,307.0,,-619.0,-81.0,1962.0,-251.0,-557.0
-424.0,-66.0,163.0,303.0,,-667.0,82.0,-1709.0,-319.0,-555.0
-498.0,-480.0,138.0,379.0,,-458.0,116.0,-1476.0,-290.0,-561.0
-600.0,-351.0,108.0,515.0,,-258.0,72.0,-624.0,-151.0,-541.0
-706.0,-453.0,107.0,600.0,,-206.0,70.0,-777.0,-206.0,-504.0
-701.0,-466.0,91.0,653.0,,-443.0,-5.0,644.0,-662.0,-483.0
-732.0,-478.0,74.0,672.0,,-439.0,-118.0,1587.0,-624.0,-470.0
-778.0,-434.0,80.0,590.0,,-383.0,-212.0,-219.0,-414.0,-558.0
-815.0,-88.0,60.0,392.0,,-397.0,-271.0,-1812.0,-325.0,-623.0
-733.0,-95.0,56.0,146.0,,-192.0,-320.0,-1228.0,-375.0,-634.0
-623.0,195.0,62.0,63.0,,-493.0,-416.0,232.0,-227.0,-666.0
-555.0,381.0,85.0,125.0,,-698.0,-461.0,1125.0,222.0,-722.0
-498.0,189.0,126.0,124.0,,-465.0,-459.0,602.0,138.0,-669.0
-494.0,-458.0,165.0,141.0,,-308.0,-379.0,-38.0,302.0,-546.0
-410.0,-1045.0,205.0,99.0,,-425.0,-255.0,-631.0,547.0,-419.0
-350.0,-1403.0,232.0,89.0,,-386.0,-118.0,-1382.0,310.0,-277.0
-239.0,-1548.0,245.0,176.0,,-217.0,32.0,-868.0,131.0,-138.0
-181.0,-1384.0,245.0,228.0,,-288.0,136.0,-375.0,21.0,-25.0
-140.0,-1083.0,275.0,314.0,,-217.0,243.0,-613.0,81.0,35.0
-96.0,-165.0,265.0,330.0,,-208.0,298.0,-807.0,-46.0,197.0
-64.0,83.0,238.0,243.0,,9.0,275.0,-947.0,-88.0,286.0
-16.0,852.0,185.0,160.0,,39.0,210.0,-378.0,171.0,239.0
-78.0,1931.0,119.0,7.0,,-172.0,115.0,1249.0,141.0,212.0
-104.0,1936.0,77.0,-100.0,,-31.0,-26.0,1962.0,298.0,190.0
-106.0,1904.0,-78.0,-157.0,,39.0,-188.0,594.0,563.0,136.0
-57.0,1485.0,-152.0,-318.0,,-86.0,-330.0,-528.0,625.0,74.0
-94.0,1258.0,-224.0,-518.0,,-117.0,-458.0,-1189.0,600.0,101.0
-128.0,632.0,-336.0,-768.0,,-85.0,-548.0,-1888.0,708.0,83.0
-75.0,-97.0,-373.0,-917.0,,-259.0,-614.0,-1879.0,764.0,108.0
-1.0,-437.0,-450.0,-988.0,,-272.0,-606.0,-1424.0,659.0,230.0
111.0,-805.0,-451.0,-972.0,,-190.0,-465.0,-360.0,995.0,331.0
187.0,-807.0,-431.0,-709.0,,-161.0,-260.0,354.0,938.0,345.0
264.0,-612.0,-437.0,-425.0,,-112.0,-35.0,182.0,837.0,354.0
317.0,-18.0,-372.0,-194.0,,-118.0,205.0,341.0,884.0,415.0
438.0,292.0,-307.0,91.0,,-296.0,382.0,800.0,491.0,378.0
496.0,957.0,-279.0,363.0,,-271.0,552.0,777.0,579.0,379.0
481.0,1435.0,-219.0,549.0,,-66.0,760.0,-75.0,676.0,457.0
523.0,688.0,-170.0,480.0,,-269.0,867.0,-1128.0,377.0,602.0
551.0,236.0,-146.0,283.0,,-276.0,850.0,-1683.0,194.0,704.0
558.0,186.0,-134.0,216.0,,-233.0,792.0,-1516.0,407.0,819.0
570.0,-180.0,-111.0,-107.0,,-162.0,752.0,-1104.0,370.0,938.0
539.0,-789.0,-88.0,-501.0,,43.0,663.0,-1603.0,-140.0,965.0
473.0,-1284.0,-68.0,-527.0,,-50.0,494.0,-1481.0,-242.0,1036.0
437.0,-1419.0,-31.0,-345.0,,-3.0,323.0,-548.0,-206.0,1051.0
406.0,-1126.0,-27.0,-280.0,,390.0,183.0,-179.0,-244.0,1098.0
326.0,-1177.0,25.0,-403.0,,607.0,37.0,92.0,-356.0,1051.0
202.0,-1006.0,64.0,-354.0,,244.0,-83.0,594.0,-484.0,1005.0
176.0,-249.0,72.0,-245.0,,-14.0,-123.0,1487.0,-610.0,1034.0
141.0,35.0,104.0,-356.0,,202.0,-141.0,1609.0,-682.0,971.0
95.0,443.0,96.0,-352.0,,448.0,-145.0,872.0,-470.0,918.0
73.0,640.0,82.0,-174.0,,412.0,-162.0,-238.0,-563.0,866.0
51.0,28.0,56.0,-100.0,,228.0,-214.0,-1383.0,-720.0,834.0
109.0,-417.0,-3.0,-74.0,,94.0,-253.0,-1823.0,-685.0,687.0
157.0,-268.0,-33.0,20.0,,55.0,-292.0,-1751.0,-878.0,600.0
152.0,-377.0,-83.0,259.0,,6.0,-291.0,-872.0,-905.0,542.0
144.0,-604.0,-152.0,471.0,,-33.0,-252.0,450.0,-650.0,392.0
225.0,-658.0,-173.0,622.0,,45.0,-227.0,1080.0,-714.0,313.0
266.0,-1213.0,-191.0,778.0,,-35.0,-165.0,1066.0,-828.0,297.0
227.0,-1087.0,-179.0,834.0,,-92.0,-96.0,931.0,-631.0,255.0
210.0,-686.0,-194.0,833.0,,-14.0,-32.0,160.0,-552.0,138.0
222.0,-906.0,-166.0,699.0,,47.0,66.0,-894.0,-696.0,121.0
236.0,-719.0,-138.0,599.0,,44.0,183.0,-1768.0,-879.0,79.0
244.0,-779.0,-127.0,550.0,,4.0,304.0,-1627.0,-753.0,-37.0
246.0,-1019.0,-61.0,424.0,,106.0,449.0,-181.0,-733.0,-130.0
241.0,-930.0,-34.0,321.0,,97.0,657.0,456.0,-945.0,-175.0
274.0,-1739.0,15.0,214.0,,-194.0,774.0,399.0,-649.0,-251.0
285.0,-2506.0,14.0,107.0,,-295.0,773.0,408.0,-630.0,-326.0
268.0,-2058.0,44.0,-40.0,,-179.0,727.0,541.0,-915.0,-343.0
200.0,-1253.0,81.0,-78.0,,-246.0,625.0,611.0,-636.0,-475.0
130.0,-88.0,76.0,34.0,,-356.0,506.0,561.0,-460.0,-484.0
94.0,820.0,98.0,311.0,,-212.0,343.0,816.0,-404.0,-367.0
39.0,1494.0,119.0,552.0,,-4.0,149.0,899.0,-143.0,-351.0
-68.0,2294.0,148.0,429.0,,-91.0,-45.0,539.0,163.0,-363.0
-203.0,2352.0,163.0,339.0,,-183.0,-229.0,-81.0,379.0,-265.0
-231.0,2285.0,193.0,294.0,,-51.0,-383.0,-33.0,695.0,-148.0
-246.0,2212.0,163.0,353.0,,47.0,-481.0,55.0,885.0,-149.0
-314.0,1403.0,180.0,515.0,,-35.0,-501.0,-277.0,418.0,-145.0
-372.0,1061.0,153.0,545.0,,114.0,-416.0,-164.0,394.0,-231.0
-363.0,1339.0,121.0,784.0,,224.0,-246.0,221.0,480.0,-394.0
-291.0,1000.0,120.0,908.0,,47.0,-87.0,1025.0,254.0,-460.0
-299.0,881.0,105.0,806.0,,144.0,48.0,1178.0,456.0,-473.0
-297.0,813.0,156.0,779.0,,282.0,216.0,334.0,337.0,-515.0
-198.0,114.0,133.0,658.0,,490.0,400.0,-521.0,65.0,-546.0
-100.0,-63.0,200.0,289.0,,568.0,536.0,-1112.0,226.0,-445.0
-55.0,13.0,245.0,-278.0,,543.0,685.0,-491.0,336.0,-228.0
-43.0,-486.0,250.0,-585.0,,872.0,825.0,406.0,95.0,-74.0
14.0,-364.0,248.0,-733.0,,939.0,903.0,735.0,-116.0,88.0
49.0,163.0,259.0,-925.0,,696.0,950.0,1071.0,-132.0,285.0
53.0,-619.0,285.0,-914.0,,787.0,942.0,805.0,-429.0,391.0
89.0,-1063.0,239.0,-837.0,,968.0,896.0,236.0,-166.0,577.0
202.0,-567.0,299.0,-730.0,,767.0,816.0,153.0,316.0,753.0
309.0,-1252.0,325.0,-713.0,,469.0,694.0,916.0,-83.0,856.0
293.0,-1673.0,337.0,-852.0,,356.0,556.0,1851.0,-83.0,932.0
269.0,-1264.0,377.0,-859.0,,496.0,395.0,2154.0,-97.0,969.0
311.0,-1299.0,381.0,-693.0,,814.0,211.0,1605.0,-306.0,1020.0
350.0,-779.0,386.0,-456.0,,943.0,94.0,583.0,-126.0,1024.0
253.0,-730.0,410.0,-448.0,,966.0,61.0,79.0,-241.0,954.0
168.0,-1278.0,393.0,-435.0,,993.0,44.0,-24.0,-376.0,821.0
153.0,-865.0,344.0,-224.0,,730.0,43.0,315.0,-450.0,785.0
122.0,-173.0,331.0,-159.0,,691.0,65.0,473.0,-548.0,741.0
60.0,-99.0,238.0,-93.0,,605.0,88.0,570.0,-675.0,642.0
-39.0,71.0,140.0,27.0,,201.0,122.0,1073.0,-549.0,565.0
-48.0,658.0,57.0,171.0,,234.0,215.0,1103.0,-209.0,520.0
-111.0,982.0,-60.0,169.0,,406.0,342.0,960.0,-383.0,605.0
-192.0,1572.0,-131.0,216.0,,505.0,447.0,533.0,-502.0,565.0
-199.0,1671.0,-209.0,456.0,,306.0,543.0,321.0,-142.0,524.0
-208.0,893.0,-284.0,387.0,,77.0,653.0,369.0,-156.0,587.0
-191.0,772.0,-282.0,297.0,,195.0,699.0,325.0,-335.0,528.0
-216.0,749.0,-341.0,366.0,,482.0,710.0,949.0,45.0,475.0
-193.0,199.0,-368.0,359.0,,655.0,768.0,1071.0,184.0,474.0
-107.0,136.0,-341.0,338.0,,413.0,816.0,809.0,-291.0,485.0
-41.0,-100.0,-350.0,254.0,,298.0,802.0,859.0,-100.0,515.0
-27.0,-76.0,-303.0,172.0,,394.0,740.0,737.0,484.0,614.0
-19.0,124.0,-273.0,223.0,,555.0,691.0,631.0,291.0,611.0
29.0,69.0,-213.0,315.0,,494.0,620.0,360.0,-147.0,550.0
-5.0,-217.0,-154.0,380.0,,267.0,535.0,474.0,401.0,554.0
-56.0,-852.0,-98.0,364.0,,365.0,476.0,1147.0,838.0,502.0
-93.0,143.0,-8.0,356.0,,541.0,384.0,1816.0,26.0,478.0
-135.0,-49.0,32.0,322.0,,559.0,261.0,1516.0,-51.0,417.0
-202.0,-608.0,119.0,223.0,,461.0,202.0,515.0,266.0,347.0
-344.0,-156.0,185.0,221.0,,462.0,222.0,288.0,140.0,257.0
-441.0,-762.0,249.0,101.0,,497.0,219.0,133.0,20.0,225.0
-515.0,-678.0,364.0,-231.0,,477.0,199.0,142.0,-150.0,273.0
-579.0,-697.0,436.0,-521.0,,528.0,215.0,145.0,13.0,276.0
-714.0,-782.0,477.0,-647.0,,786.0,229.0,142.0,-82.0,272.0
-865.0,-1088.0,510.0,-718.0,,863.0,226.0,696.0,-70.0,275.0
-918.0,-1509.0,539.0,-648.0,,593.0,251.0,679.0,79.0,334.0
-932.0,-915.0,553.0,-442.0,,584.0,253.0,801.0,123.0,273.0
-962.0,-419.0,557.0,-176.0,,714.0,286.0,1090.0,206.0,206.0
-1024.0,-922.0,537.0,35.0,,731.0,359.0,1117.0,-261.0,131.0
-1060.0,-1096.0,518.0,78.0,,803.0,372.0,942.0,110.0,104.0
-1078.0,-109.0,501.0,269.0,,943.0,394.0,474.0,500.0,108.0
-1037.0,777.0,444.0,425.0,,867.0,417.0,327.0,-165.0,-56.0
-1031.0,1178.0,404.0,295.0,,586.0,402.0,27.0,-176.0,-167.0
-1036.0,603.0,367.0,131.0,,519.0,344.0,-109.0,136.0,-265.0
-997.0,792.0,339.0,0.0,,684.0,232.0,86.0,-17.0,-325.0
-878.0,1006.0,312.0,36.0,,734.0,143.0,604.0,-242.0,-393.0
-741.0,307.0,271.0,347.0,,661.0,143.0,1003.0,-183.0,-437.0
-666.0,537.0,280.0,430.0,,749.0,183.0,539.0,-608.0,-459.0
-499.0,808.0,260.0,273.0,,751.0,241.0,328.0,-495.0,-450.0
-321.0,1003.0,226.0,391.0,,715.0,330.0,417.0,-111.0,-292.0
-147.0,931.0,207.0,442.0,,614.0,369.0,439.0,-595.0,-177.0
-36.0,1141.0,147.0,322.0,,619.0,378.0,136.0,-694.0,-166.0
52.0,732.0,103.0,276.0,,946.0,373.0,-48.0,-972.0,-161.0
131.0,-483.0,62.0,139.0,,878.0,283.0,116.0,-739.0,-101.0
158.0,-918.0,14.0,48.0,,655.0,217.0,-229.0,-181.0,-155.0
201.0,-1144.0,-26.0,-41.0,,484.0,225.0,-120.0,-468.0,-182.0
166.0,-743.0,-52.0,-221.0,,367.0,246.0,208.0,-686.0,-131.0
161.0,-739.0,-69.0,-301.0,,411.0,276.0,463.0,-292.0,-108.0
210.0,-761.0,-95.0,-326.0,,580.0,305.0,903.0,166.0,-78.0
221.0,-99.0,-105.0,-254.0,,653.0,332.0,968.0,-220.0,-33.0
196.0,245.0,-149.0,-172.0,,340.0,302.0,1127.0,-250.0,23.0
182.0,170.0,-203.0,-269.0,,289.0,246.0,1025.0,408.0,-25.0
162.0,546.0,-220.0,-476.0,,540.0,246.0,768.0,-134.0,22.0
144.0,909.0,-254.0,-513.0,,751.0,274.0,452.0,-142.0,103.0
182.0,413.0,-269.0,-512.0,,732.0,270.0,-42.0,626.0,135.0
142.0,723.0,-285.0,-653.0,,835.0,179.0,-144.0,276.0,228.0
44.0,610.0,-285.0,-800.0,,1018.0,25.0,-129.0,-70.0,340.0
46.0,337.0,-260.0,-1017.0,,832.0,-155.0,129.0,-410.0,397.0
102.0,427.0,-273.0,-1200.0,,633.0,-286.0,448.0,225.0,376.0
74.0,298.0,-265.0,-1332.0,,569.0,-337.0,678.0,370.0,398.0
-67.0,499.0,-276.0,-1146.0,,735.0,-278.0,593.0,-419.0,306.0
-155.0,483.0,-326.0,-694.0,,762.0,-146.0,378.0,-545.0,169.0
-100.0,967.0,-382.0,-474.0,,630.0,20.0,524.0,-463.0,108.0
-63.0,850.0,-426.0,-260.0,,582.0,208.0,389.0,-75.0,22.0
-79.0,1014.0,-456.0,-171.0,,623.0,299.0,469.0,-380.0,-99.0
-111.0,1606.0,-494.0,-501.0,,678.0,366.0,550.0,-73.0,-226.0
-55.0,1667.0,-480.0,-702.0,,636.0,389.0,330.0,-193.0,-272.0
-28.0,1596.0,-483.0,-605.0,,663.0,394.0,-72.0,-503.0,-279.0
-154.0,570.0,-459.0,-616.0,,538.0,418.0,-487.0,217.0,-296.0
-248.0,424.0,-386.0,-608.0,,390.0,360.0,-7.0,180.0,-340.0
-258.0,-203.0,-345.0,-674.0,,430.0,277.0,448.0,127.0,-331.0
-288.0,-1453.0,-278.0,-709.0,,512.0,183.0,748.0,80.0,-267.0
-424.0,-1547.0,-216.0,-516.0,,417.0,115.0,1049.0,330.0,-220.0
-466.0,-1893.0,-132.0,-324.0,,433.0,112.0,875.0,785.0,-174.0
-405.0,-1802.0,-85.0,-83.0,,719.0,85.0,641.0,815.0,-113.0
-444.0,-1146.0,-40.0,42.0,,665.0,49.0,354.0,647.0,-50.0
-545.0,-284.0,19.0,50.0,,463.0,56.0,131.0,546.0,-19.0
-589.0,285.0,36.0,34.0,,369.0,33.0,-473.0,935.0,29.0
-549.0,857.0,41.0,-82.0,,459.0,14.0,-1112.0,817.0,64.0
-585.0,1577.0,45.0,-268.0,,733.0,10.0,-886.0,544.0,89.0
-635.0,1822.0,52.0,-212.0,,741.0,-45.0,-550.0,684.0,178.0
-603.0,2204.0,18.0,-118.0,,532.0,-127.0,-439.0,308.0,325.0
-566.0,1960.0,0.0,-333.0,,348.0,-212.0,-266.0,91.0,455.0
-567.0,1535.0,-36.0,-414.0,,228.0,-271.0,83.0,329.0,582.0
-535.0,1049.0,-23.0,-370.0,,164.0,-242.0,134.0,366.0,785.0
-452.0,224.0,-10.0,-343.0,,260.0,-142.0,-77.0,-84.0,926.0
-384.0,-492.0,-2.0,-148.0,,259.0,-26.0,-188.0,-504.0,939.0
-321.0,-988.0,67.0,53.0,,123.0,101.0,-236.0,-239.0,905.0
-283.0,-768.0,109.0,62.0,,104.0,185.0,114.0,507.0,808.0
-189.0,-868.0,177.0,118.0,,59.0,204.0,31.0,81.0,589.0
-60.0,-882.0,201.0,286.0,,141.0,195.0,-465.0,-703.0,361.0
-69.0,-187.0,224.0,325.0,,149.0,195.0,-709.0,-41.0,289.0
-147.0,234.0,247.0,316.0,,-77.0,216.0,-574.0,-36.0,182.0
-75.0,167.0,237.0,252.0,,-156.0,257.0,-206.0,-236.0,41.0
30.0,282.0,224.0,129.0,,-98.0,292.0,-121.0,-146.0,77.0
-4.0,735.0,228.0,22.0,,-167.0,216.0,103.0,-147.0,134.0
-129.0,577.0,257.0,-238.0,,-244.0,48.0,138.0,-152.0,81.0
-168.0,67.0,229.0,-410.0,,-111.0,-117.0,164.0,-325.0,61.0
-119.0,18.0,211.0,-424.0,,128.0,-289.0,240.0,-20.0,93.0
-171.0,149.0,184.0,-478.0,,282.0,-439.0,-66.0,327.0,61.0
-275.0,-153.0,145.0,-470.0,,124.0,-534.0,-5.0,527.0,31.0
-391.0,-472.0,85.0,-390.0,,-9.0,-621.0,110.0,242.0,-12.0
-447.0,-313.0,0.0,-322.0,,120.0,-641.0,59.0,361.0,-62.0
-505.0,-391.0,-57.0,-283.0,,85.0,-606.0,177.0,793.0,-97.0
-626.0,-837.0,-117.0,-109.0,,-74.0,-611.0,338.0,698.0,-122.0
-718.0,-410.0,-193.0,130.0,,24.0,-574.0,216.0,468.0,-95.0
-730.0,75.0,-231.0,453.0,,367.0,-477.0,97.0,404.0,-95.0
-686.0,-124.0,-234.0,831.0,,366.0,-393.0,543.0,386.0,-148.0
-765.0,182.0,-225.0,871.0,,72.0,-286.0,461.0,514.0,-204.0
-804.0,1040.0,-205.0,595.0,,87.0,-163.0,-260.0,766.0,-226.0
-739.0,1603.0,-192.0,424.0,,139.0,-73.0,-569.0,302.0,-352.0
-663.0,1084.0,-129.0,496.0,,114.0,10.0,-415.0,107.0,-442.0
-607.0,1076.0,-98.0,613.0,,131.0,84.0,-286.0,383.0,-433.0
-532.0,1585.0,-65.0,619.0,,229.0,130.0,-668.0,342.0,-468.0
-409.0,1527.0,-32.0,352.0,,270.0,171.0,-541.0,102.0,-448.0
-265.0,1249.0,2.0,-17.0,,-89.0,215.0,-153.0,-1.0,-373.0
-86.0,1335.0,54.0,-293.0,,-139.0,199.0,-229.0,-335.0,-213.0
5.0,1935.0,64.0,-440.0,,185.0,160.0,105.0,-926.0,-88.0
65.0,1535.0,107.0,-308.0,,250.0,142.0,382.0,-644.0,15.0
132.0,863.0,103.0,-118.0,,79.0,69.0,330.0,-226.0,190.0
205.0,174.0,130.0,-83.0,,-98.0,-73.0,9.0,-512.0,298.0
265.0,-363.0,111.0,-235.0,,-90.0,-319.0,-251.0,-928.0,302.0
300.0,-659.0,133.0,-463.0,,-121.0,-578.0,-334.0,-934.0,296.0
300.0,-1115.0,226.0,-720.0,,-101.0,-732.0,-722.0,-691.0,292.0
265.0,-897.0,190.0,-781.0,,-23.0,-839.0,-724.0,-723.0,140.0
279.0,-788.0,232.0,-491.0,,-63.0,-895.0,-594.0,-1070.0,-80.0
293.0,-1156.0,273.0,-317.0,,-242.0,-871.0,-809.0,-1132.0,-237.0
255.0,-1085.0,296.0,-318.0,,-358.0,-800.0,-909.0,-297.0,-356.0
139.0,-673.0,297.0,-354.0,,-60.0,-707.0,-441.0,8.0,-532.0
67.0,-1008.0,297.0,-297.0,,-62.0,-578.0,-5.0,-346.0,-650.0
37.0,-901.0,292.0,-234.0,,-504.0,-409.0,1.0,7.0,-613.0
16.0,-222.0,249.0,-193.0,,-540.0,-222.0,129.0,215.0,-563.0
-27.0,-214.0,230.0,-259.0,,-294.0,-60.0,-254.0,421.0,-477.0
-101.0,-563.0,159.0,-456.0,,-260.0,29.0,-436.0,1005.0,-340.0
-150.0,-377.0,133.0,-679.0,,-421.0,39.0,-267.0,1038.0,-231.0
-173.0,188.0,83.0,-883.0,,-555.0,34.0,-243.0,886.0,-240.0
-173.0,-12.0,3.0,-844.0,,-605.0,14.0,-12.0,783.0,-239.0
-245.0,115.0,-36.0,-922.0,,-611.0,-35.0,25.0,572.0,-237.0
-256.0,613.0,-36.0,-816.0,,-452.0,-76.0,436.0,1036.0,-374.0
-254.0,556.0,-87.0,-477.0,,-298.0,-124.0,140.0,1262.0,-551.0
-317.0,61.0,-109.0,-250.0,,-409.0,-113.0,-570.0,786.0,-673.0
-367.0,-485.0,-73.0,-41.0,,-583.0,-18.0,-304.0,1019.0,-737.0
-322.0,-271.0,-106.0,-27.0,,-553.0,95.0,-79.0,1228.0,-868.0
-274.0,-56.0,-46.0,148.0,,-484.0,215.0,-94.0,1061.0,-981.0
-309.0,-179.0,-41.0,335.0,,-739.0,310.0,-480.0,1094.0,-1011.0
-300.0,215.0,-46.0,400.0,,-782.0,330.0,-698.0,995.0,-1002.0
-272.0,11.0,20.0,377.0,,-556.0,255.0,-794.0,685.0,-943.0
-227.0,-337.0,7.0,74.0,,-740.0,162.0,-947.0,1.0,-874.0
-266.0,39.0,20.0,-19.0,,-847.0,93.0,-497.0,261.0,-804.0
-317.0,308.0,46.0,38.0,,-580.0,2.0,-127.0,775.0,-779.0
-316.0,551.0,82.0,242.0,,-323.0,-137.0,-5.0,-71.0,-755.0
-281.0,626.0,97.0,463.0,,-410.0,-278.0,-177.0,-290.0,-740.0
-264.0,1127.0,79.0,577.0,,-704.0,-383.0,-166.0,-27.0,-828.0
-289.0,1106.0,116.0,720.0,,-608.0,-476.0,109.0,-110.0,-1054.0
-253.0,341.0,110.0,512.0,,-313.0,-491.0,48.0,-275.0,-1259.0
-249.0,-97.0,136.0,384.0,,-486.0,-421.0,-138.0,-249.0,-1384.0
-238.0,-370.0,163.0,692.0,,-876.0,-352.0,-755.0,-457.0,-1523.0
-201.0,-130.0,133.0,826.0,,-887.0,-236.0,-840.0,-435.0,-1600.0
-153.0,-285.0,196.0,478.0,,-817.0,-71.0,-395.0,77.0,-1563.0
-168.0,-583.0,176.0,259.0,,-858.0,98.0,-321.0,111.0,-1416.0
-209.0,-486.0,149.0,439.0,,-931.0,231.0,-151.0,237.0,-1170.0
-173.0,-586.0,215.0,661.0,,-1067.0,332.0,-219.0,-256.0,-889.0
-111.0,-635.0,193.0,771.0,,-1031.0,415.0,-351.0,60.0,-653.0
-82.0,-597.0,191.0,777.0,,-962.0,358.0,-812.0,403.0,-404.0
-134.0,-363.0,226.0,865.0,,-955.0,198.0,-1520.0,322.0,-159.0
-149.0,-175.0,265.0,947.0,,-1031.0,91.0,-1454.0,248.0,32.0
-176.0,-319.0,313.0,1017.0,,-1148.0,-27.0,-1103.0,-416.0,249.0
-218.0,3.0,336.0,870.0,,-922.0,-155.0,-659.0,-7.0,424.0
-243.0,82.0,360.0,595.0,,-642.0,-200.0,-508.0,10.0,563.0
-266.0,-202.0,393.0,634.0,,-705.0,-169.0,-628.0,-236.0,671.0
-259.0,361.0,418.0,558.0,,-886.0,-95.0,-726.0,-249.0,707.0
-285.0,592.0,447.0,175.0,,-1016.0,-49.0,-713.0,-342.0,677.0
-265.0,739.0,486.0,-276.0,,-1143.0,1.0,-388.0,-769.0,621.0
-249.0,931.0,487.0,-463.0,,-1121.0,41.0,-774.0,-681.0,628.0
-236.0,1036.0,466.0,-601.0,,-1050.0,87.0,-1182.0,146.0,647.0
-201.0,1375.0,447.0,-650.0,,-1160.0,181.0,-1400.0,-409.0,646.0
-184.0,1037.0,383.0,-459.0,,-1097.0,253.0,-1293.0,-1152.0,655.0
-94.0,863.0,353.0,-295.0,,-953.0,361.0,-674.0,-731.0,682.0
-6.0,607.0,316.0,-61.0,,-930.0,455.0,-964.0,-331.0,676.0
52.0,166.0,163.0,-238.0,,-888.0,506.0,-1184.0,-297.0,686.0
64.0,-307.0,132.0,-250.0,,-965.0,522.0,-1228.0,-492.0,698.0
110.0,-547.0,116.0,107.0,,-897.0,467.0,-960.0,-1097.0,662.0
230.0,-788.0,10.0,307.0,,-634.0,406.0,-421.0,-773.0,637.0
292.0,-1142.0,-5.0,376.0,,-618.0,353.0,-615.0,-89.0,570.0
373.0,-420.0,-39.0,208.0,,-898.0,236.0,-768.0,-182.0,486.0
448.0,-504.0,-73.0,200.0,,-1049.0,17.0,-897.0,-390.0,338.0
557.0,-688.0,-107.0,351.0,,-966.0,-208.0,-920.0,-728.0,162.0
657.0,-346.0,-132.0,392.0,,-1123.0,-411.0,-951.0,-718.0,-11.0
684.0,-646.0,-151.0,216.0,,-1181.0,-550.0,-995.0,-64.0,-181.0
734.0,-1027.0,-174.0,111.0,,-880.0,-624.0,-1066.0,-300.0,-294.0
808.0,-1149.0,-189.0,11.0,,-880.0,-683.0,-1241.0,-731.0,-419.0
911.0,-847.0,-183.0,-170.0,,-1124.0,-699.0,-1261.0,-650.0,-461.0
942.0,-543.0,-116.0,-287.0,,-1154.0,-651.0,-1313.0,-414.0,-459.0
939.0,-222.0,-58.0,-461.0,,-909.0,-529.0,-944.0,256.0,-437.0
964.0,-56.0,-6.0,-428.0,,-763.0,-382.0,-800.0,254.0,-419.0
982.0,285.0,24.0,-532.0,,-923.0,-285.0,-676.0,32.0,-452.0
914.0,-124.0,70.0,-642.0,,-1049.0,-238.0,-546.0,266.0,-449.0
825.0,-540.0,128.0,-325.0,,-1053.0,-176.0,-700.0,310.0,-454.0
798.0,-144.0,170.0,61.0,,-1046.0,-164.0,-465.0,181.0,-474.0
787.0,-400.0,182.0,287.0,,-1058.0,-197.0,-687.0,669.0,-515.0
791.0,-498.0,235.0,214.0,,-1035.0,-204.0,-999.0,546.0,-552.0
701.0,-470.0,240.0,121.0,,-1066.0,-197.0,-1293.0,166.0,-533.0
642.0,-390.0,210.0,245.0,,-1200.0,-159.0,-1173.0,481.0,-506.0
621.0,-456.0,253.0,456.0,,-1078.0,-129.0,-478.0,451.0,-544.0
587.0,-690.0,211.0,479.0,,-838.0,-71.0,-354.0,612.0,-551.0
517.0,-628.0,233.0,237.0,,-799.0,32.0,-513.0,316.0,-497.0
374.0,-591.0,247.0,82.0,,-835.0,169.0,-1176.0,-242.0,-487.0
330.0,-415.0,212.0,102.0,,-818.0,299.0,-1322.0,57.0,-433.0
283.0,-404.0,251.0,150.0,,-715.0,367.0,-1043.0,551.0,-320.0
232.0,-250.0,237.0,211.0,,-884.0,400.0,-1293.0,383.0,-226.0
203.0,36.0,213.0,516.0,,-1161.0,406.0,-1021.0,56.0,-108.0
205.0,-4.0,211.0,717.0,,-1156.0,356.0,-630.0,-102.0,58.0
266.0,323.0,232.0,656.0,,-1257.0,222.0,-384.0,52.0,202.0
238.0,928.0,241.0,705.0,,-1401.0,34.0,-469.0,331.0,261.0
189.0,1329.0,271.0,754.0,,-1391.0,-182.0,-587.0,234.0,270.0
157.0,996.0,330.0,780.0,,-1356.0,-364.0,-118.0,-63.0,321.0
139.0,570.0,297.0,739.0,,-1355.0,-451.0,158.0,-601.0,399.0
116.0,429.0,284.0,510.0,,-1371.0,-463.0,1.0,136.0,381.0
52.0,-694.0,266.0,141.0,,-1300.0,-439.0,-430.0,620.0,316.0
51.0,-1210.0,244.0,-22.0,,-1189.0,-356.0,-471.0,-59.0,285.0
40.0,-943.0,305.0,37.0,,-1066.0,-243.0,-530.0,-254.0,217.0
-16.0,-933.0,278.0,-110.0,,-1029.0,-140.0,-1036.0,-447.0,97.0
-54.0,-822.0,319.0,-432.0,,-1019.0,-17.0,-1274.0,-64.0,26.0
-82.0,-129.0,402.0,-533.0,,-1135.0,44.0,-1422.0,-230.0,-29.0
-76.0,806.0,424.0,-598.0,,-1241.0,76.0,-1091.0,-779.0,-106.0
-143.0,1089.0,469.0,-731.0,,-925.0,113.0,-661.0,-764.0,-92.0
-189.0,1542.0,482.0,-560.0,,-679.0,164.0,-587.0,-866.0,-61.0
-142.0,1563.0,471.0,-401.0,,-788.0,280.0,-556.0,-796.0,-92.0
-120.0,1976.0,420.0,-383.0,,-966.0,358.0,-508.0,-359.0,-127.0
-145.0,1698.0,356.0,-298.0,,-951.0,395.0,-485.0,-251.0,-86.0
-125.0,841.0,279.0,-182.0,,-776.0,430.0,-861.0,-749.0,-24.0
-32.0,987.0,237.0,-29.0,,-595.0,477.0,-892.0,-165.0,-54.0
-27.0,191.0,184.0,173.0,,-680.0,522.0,-883.0,114.0,-98.0
-80.0,-363.0,157.0,443.0,,-1041.0,518.0,-1045.0,155.0,-128.0
-128.0,-438.0,152.0,675.0,,-1092.0,446.0,-881.0,539.0,-149.0
-56.0,-277.0,153.0,684.0,,-893.0,311.0,-818.0,163.0,-185.0
2.0,-638.0,153.0,671.0,,-672.0,174.0,-450.0,633.0,-176.0
0.0,-423.0,116.0,425.0,,-607.0,66.0,-391.0,1166.0,-132.0
12.0,248.0,124.0,-15.0,,-767.0,-8.0,-733.0,896.0,-112.0
38.0,-138.0,115.0,-199.0,,-824.0,-89.0,-825.0,983.0,-52.0
127.0,457.0,147.0,-263.0,,-748.0,-99.0,-692.0,1226.0,69.0
99.0,425.0,154.0,-145.0,,-655.0,-80.0,-339.0,1009.0,198.0
118.0,121.0,172.0,-115.0,,-690.0,-70.0,-413.0,987.0,230.0
158.0,60.0,179.0,-84.0,,-788.0,1.0,-509.0,924.0,284.0
158.0,-183.0,118.0,124.0,,-713.0,51.0,-641.0,517.0,336.0
144.0,-433.0,66.0,251.0,,-538.0,131.0,-759.0,351.0,296.0
117.0,-580.0,-14.0,338.0,,-555.0,149.0,-639.0,188.0,216.0
143.0,-484.0,-87.0,374.0,,-755.0,107.0,-873.0,-66.0,127.0
109.0,-718.0,-189.0,487.0,,-820.0,124.0,-811.0,-345.0,94.0
74.0,-154.0,-270.0,726.0,,-624.0,117.0,-517.0,-758.0,89.0
27.0,-466.0,-314.0,698.0,,-473.0,128.0,-253.0,-727.0,95.0
41.0,-615.0,-355.0,534.0,,-592.0,136.0,-142.0,-675.0,79.0
61.0,-310.0,-375.0,625.0,,-705.0,104.0,-197.0,-873.0,72.0
46.0,-425.0,-366.0,574.0,,-630.0,84.0,-1.0,-697.0,44.0
69.0,35.0,-353.0,154.0,,-484.0,95.0,-29.0,-995.0,-46.0
82.0,-354.0,-361.0,-336.0,,-459.0,95.0,-7.0,-1348.0,-218.0
72.0,-220.0,-383.0,-410.0,,-535.0,87.0,-199.0,-1170.0,-449.0
21.0,-2.0,-398.0,-374.0,,-491.0,57.0,-495.0,-579.0,-597.0
7.0,-235.0,-414.0,-560.0,,-446.0,-43.0,-295.0,-448.0,-760.0
24.0,-46.0,-460.0,-519.0,,-476.0,-152.0,-264.0,-686.0,-916.0
34.0,-59.0,-499.0,-294.0,,-358.0,-257.0,-206.0,-658.0,-972.0
71.0,170.0,-501.0,-280.0,,-323.0,-330.0,-169.0,-579.0,-970.0
154.0,604.0,-456.0,-291.0,,-497.0,-342.0,-110.0,-143.0,-920.0
218.0,1120.0,-424.0,-41.0,,-543.0,-265.0,-136.0,-294.0,-815.0
196.0,1031.0,-407.0,268.0,,-439.0,-142.0,-334.0,-151.0,-668.0
145.0,680.0,-350.0,200.0,,-285.0,-46.0,-147.0,-44.0,-529.0
149.0,825.0,-290.0,-198.0,,-364.0,92.0,-168.0,-489.0,-378.0
184.0,733.0,-301.0,8.0,,-558.0,199.0,-182.0,-243.0,-259.0
165.0,661.0,-270.0,294.0,,-467.0,205.0,-304.0,140.0,-198.0
156.0,680.0,-217.0,65.0,,-300.0,160.0,-419.0,254.0,-226.0
208.0,765.0,-249.0,130.0,,-257.0,48.0,-149.0,20.0,-272.0
259.0,1304.0,-232.0,297.0,,-419.0,-109.0,-229.0,87.0,-210.0
277.0,1560.0,-217.0,88.0,,-552.0,-300.0,-212.0,309.0,-156.0
253.0,1214.0,-217.0,-202.0,,-561.0,-472.0,-103.0,505.0,-119.0
251.0,788.0,-171.0,-231.0,,-498.0,-553.0,121.0,582.0,-27.0
194.0,490.0,-168.0,-293.0,,-233.0,-581.0,347.0,99.0,90.0
131.0,-108.0,-132.0,-366.0,,-58.0,-527.0,345.0,-3.0,168.0
135.0,-528.0,-65.0,-475.0,,-232.0,-395.0,327.0,27.0,245.0
143.0,-978.0,-53.0,-480.0,,-436.0,-258.0,210.0,5.0,325.0
158.0,-1828.0,-24.0,-217.0,,-313.0,-84.0,158.0,247.0,349.0
118.0,-1987.0,-45.0,-245.0,,-283.0,113.0,-214.0,59.0,347.0
146.0,-1876.0,-73.0,-197.0,,-485.0,287.0,-310.0,-218.0,420.0
195.0,-1768.0,-97.0,-82.0,,-400.0,375.0,-188.0,-251.0,550.0
222.0,-1918.0,-148.0,62.0,,2.0,372.0,-164.0,-373.0,551.0
211.0,-1446.0,-183.0,223.0,,157.0,303.0,103.0,-533.0,546.0
197.0,-461.0,-210.0,-20.0,,-125.0,206.0,194.0,-637.0,621.0
239.0,-392.0,-207.0,-6.0,,-340.0,143.0,404.0,-464.0,668.0
240.0,-52.0,-225.0,234.0,,-237.0,42.0,729.0,-105.0,673.0
243.0,601.0,-163.0,229.0,,-60.0,-81.0,1080.0,-203.0,666.0
226.0,912.0,-72.0,151.0,,94.0,-154.0,864.0,-508.0,687.0
232.0,910.0,3.0,54.0,,252.0,-235.0,264.0,-314.0,702.0
206.0,1149.0,54.0,-5.0,,183.0,-361.0,164.0,-184.0,740.0
193.0,915.0,136.0,-104.0,,8.0,-464.0,24.0,-53.0,825.0
203.0,559.0,220.0,-221.0,,-48.0,-528.0,-16.0,-121.0,869.0
268.0,1227.0,190.0,-93.0,,21.0,-565.0,-306.0,-591.0,804.0
333.0,1155.0,257.0,0.0,,106.0,-528.0,-641.0,-458.0,729.0
298.0,268.0,280.0,-183.0,,13.0,-429.0,-495.0,-505.0,631.0
310.0,160.0,307.0,-276.0,,13.0,-292.0,-317.0,-314.0,441.0
327.0,372.0,361.0,-144.0,,198.0,-137.0,234.0,-14.0,305.0
342.0,-130.0,375.0,-143.0,,206.0,9.0,635.0,-315.0,245.0
334.0,-462.0,463.0,-150.0,,183.0,138.0,657.0,-335.0,252.0
308.0,-680.0,487.0,55.0,,351.0,218.0,522.0,-126.0,288.0
297.0,-324.0,509.0,227.0,,385.0,235.0,413.0,414.0,355.0
305.0,279.0,557.0,306.0,,246.0,228.0,596.0,195.0,430.0
271.0,499.0,497.0,207.0,,175.0,193.0,678.0,235.0,410.0
202.0,968.0,461.0,370.0,,329.0,138.0,641.0,356.0,382.0
127.0,335.0,430.0,505.0,,386.0,40.0,271.0,208.0,293.0
84.0,106.0,289.0,72.0,,210.0,-119.0,-16.0,498.0,84.0
91.0,437.0,252.0,-40.0,,201.0,-264.0,-11.0,210.0,-115.0
76.0,82.0,174.0,-87.0,,387.0,-366.0,-105.0,536.0,-275.0
69.0,24.0,100.0,-326.0,,524.0,-448.0,-5.0,322.0,-445.0
40.0,94.0,57.0,-467.0,,367.0,-523.0,107.0,311.0,-598.0
14.0,159.0,-33.0,-675.0,,489.0,-585.0,194.0,558.0,-695.0
-29.0,-73.0,-66.0,-553.0,,847.0,-603.0,327.0,366.0,-720.0
-80.0,-212.0,-221.0,-429.0,,799.0,-610.0,290.0,536.0,-647.0
-124.0,-141.0,-269.0,-515.0,,619.0,-644.0,417.0,411.0,-557.0
-145.0,-434.0,-318.0,-269.0,,419.0,-624.0,493.0,748.0,-482.0
-140.0,-605.0,-442.0,162.0,,499.0,-592.0,694.0,348.0,-377.0
-135.0,-458.0,-449.0,356.0,,794.0,-575.0,1010.0,-38.0,-250.0
-68.0,-272.0,-521.0,449.0,,918.0,-567.0,753.0,333.0,-128.0
35.0,-371.0,-540.0,737.0,,921.0,-606.0,550.0,673.0,5.0
99.0,-460.0,-505.0,1089.0,,899.0,-634.0,406.0,466.0,198.0
111.0,234.0,-509.0,896.0,,969.0,-587.0,382.0,239.0,379.0
152.0,897.0,-485.0,404.0,,1022.0,-534.0,79.0,290.0,538.0
199.0,980.0,-389.0,369.0,,1057.0,-498.0,-461.0,-233.0,711.0
217.0,1078.0,-316.0,254.0,,1045.0,-399.0,-517.0,-86.0,818.0
209.0,1123.0,-265.0,-2.0,,1127.0,-304.0,-515.0,294.0,860.0
189.0,1036.0,-108.0,-107.0,,1207.0,-215.0,-264.0,219.0,859.0
146.0,653.0,-38.0,-162.0,,1186.0,-112.0,-79.0,51.0,880.0
108.0,294.0,-17.0,-138.0,,1220.0,-3.0,428.0,195.0,829.0
105.0,58.0,40.0,-81.0,,1022.0,71.0,781.0,126.0,645.0
99.0,-635.0,70.0,212.0,,767.0,67.0,779.0,-2.0,470.0
96.0,-1021.0,107.0,349.0,,824.0,37.0,777.0,-125.0,259.0
104.0,-857.0,153.0,350.0,,1158.0,-9.0,461.0,-379.0,-41.0
115.0,-871.0,177.0,526.0,,1331.0,-70.0,622.0,-98.0,-353.0
149.0,-603.0,145.0,458.0,,1163.0,-127.0,683.0,-489.0,-568.0
233.0,53.0,199.0,386.0,,1024.0,-146.0,910.0,-697.0,-777.0
255.0,366.0,219.0,504.0,,1145.0,-221.0,896.0,-498.0,-968.0
268.0,228.0,190.0,623.0,,1208.0,-320.0,692.0,-733.0,-1006.0
308.0,169.0,261.0,664.0,,991.0,-353.0,764.0,-475.0,-989.0
355.0,143.0,295.0,378.0,,1013.0,-385.0,862.0,-168.0,-988.0
368.0,-163.0,288.0,13.0,,1208.0,-403.0,1261.0,-260.0,-879.0
301.0,-516.0,342.0,-49.0,,1244.0,-430.0,825.0,-266.0,-653.0
268.0,-442.0,419.0,-133.0,,1152.0,-422.0,768.0,-43.0,-537.0
218.0,244.0,453.0,-319.0,,1183.0,-382.0,1069.0,27.0,-550.0
161.0,318.0,541.0,-462.0,,1385.0,-378.0,966.0,48.0,-544.0
124.0,207.0,609.0,-557.0,,1330.0,-335.0,997.0,-293.0,-487.0
108.0,534.0,688.0,-651.0,,1343.0,-302.0,705.0,-192.0,-528.0
90.0,317.0,780.0,-690.0,,1517.0,-364.0,371.0,648.0,-612.0
67.0,245.0,843.0,-521.0,,1278.0,-440.0,410.0,137.0,-638.0
53.0,379.0,888.0,-342.0,,870.0,-483.0,888.0,-59.0,-709.0
13.0,743.0,888.0,-145.0,,982.0,-506.0,848.0,60.0,-798.0
-32.0,1040.0,913.0,-101.0,,1274.0,-500.0,759.0,34.0,-787.0
-148.0,833.0,848.0,-169.0,,1112.0,-496.0,953.0,430.0,-681.0
-240.0,821.0,814.0,-245.0,,858.0,-526.0,1031.0,-78.0,-626.0
-265.0,607.0,769.0,-283.0,,908.0,-543.0,1369.0,-105.0,-552.0
-286.0,-64.0,639.0,-245.0,,1160.0,-563.0,1603.0,-111.0,-350.0
-342.0,-530.0,547.0,-186.0,,1231.0,-543.0,1574.0,-109.0,-145.0
-396.0,-440.0,463.0,150.0,,1229.0,-462.0,1247.0,-221.0,-59.0
-360.0,-796.0,397.0,207.0,,1310.0,-368.0,1093.0,-563.0,55.0
-333.0,-1178.0,314.0,16.0,,1163.0,-235.0,953.0,-356.0,260.0
-357.0,-1052.0,280.0,25.0,,879.0,-130.0,626.0,-413.0,394.0
-366.0,-1056.0,243.0,250.0,,711.0,-19.0,478.0,-341.0,496.0
-300.0,-833.0,223.0,419.0,,835.0,74.0,522.0,-471.0,626.0
-259.0,-358.0,198.0,464.0,,845.0,91.0,838.0,-372.0,721.0
-306.0,160.0,143.0,596.0,,609.0,113.0,1112.0,-387.0,713.0
-330.0,-151.0,180.0,574.0,,552.0,101.0,1031.0,-504.0,734.0
-274.0,-503.0,161.0,585.0,,470.0,48.0,790.0,106.0,749.0
-194.0,-630.0,148.0,522.0,,315.0,-32.0,683.0,148.0,664.0
-194.0,-745.0,193.0,688.0,,376.0,-138.0,742.0,-184.0,595.0
-203.0,-275.0,226.0,938.0,,807.0,-219.0,979.0,86.0,579.0
-100.0,-318.0,258.0,750.0,,1026.0,-247.0,1093.0,268.0,512.0
46.0,196.0,280.0,543.0,,763.0,-289.0,1055.0,215.0,353.0
114.0,485.0,333.0,159.0,,730.0,-345.0,809.0,404.0,298.0
154.0,-14.0,381.0,-44.0,,762.0,-365.0,646.0,-48.0,300.0
207.0,383.0,416.0,62.0,,557.0,-371.0,705.0,-199.0,269.0
259.0,860.0,432.0,43.0,,324.0,-354.0,493.0,200.0,211.0
277.0,821.0,458.0,-13.0,,241.0,-350.0,323.0,138.0,115.0
248.0,668.0,452.0,-217.0,,302.0,-298.0,273.0,446.0,60.0
221.0,917.0,466.0,-368.0,,296.0,-214.0,489.0,458.0,-33.0
170.0,785.0,521.0,-493.0,,338.0,-162.0,580.0,349.0,-197.0
125.0,150.0,548.0,-627.0,,439.0,-123.0,546.0,533.0,-357.0
77.0,62.0,599.0,-602.0,,502.0,-98.0,803.0,545.0,-499.0
46.0,-39.0,617.0,-438.0,,578.0,-45.0,709.0,432.0,-678.0
47.0,-799.0,603.0,-228.0,,793.0,35.0,694.0,167.0,-818.0
60.0,-893.0,592.0,-205.0,,901.0,148.0,594.0,84.0,-868.0
128.0,-668.0,609.0,-117.0,,594.0,232.0,450.0,-174.0,-888.0
196.0,-907.0,602.0,-141.0,,352.0,246.0,574.0,242.0,-831.0
227.0,-679.0,609.0,-120.0,,312.0,213.0,576.0,472.0,-658.0
240.0,-943.0,657.0,20.0,,297.0,132.0,812.0,-410.0,-487.0
269.0,-1784.0,681.0,44.0,,331.0,32.0,729.0,-384.0,-422.0
273.0,-2287.0,713.0,234.0,,278.0,-65.0,672.0,-19.0,-320.0
246.0,-2199.0,730.0,139.0,,219.0,-156.0,378.0,10.0,-225.0
227.0,-2252.0,726.0,-205.0,,121.0,-227.0,49.0,-40.0,-244.0
216.0,-2548.0,697.0,-380.0,,79.0,-243.0,450.0,-288.0,-284.0
239.0,-2078.0,646.0,-245.0,,186.0,-221.0,412.0,-190.0,-305.0
194.0,-1535.0,625.0,-169.0,,110.0,-166.0,650.0,33.0,-359.0
97.0,-980.0,602.0,-307.0,,4.0,-87.0,670.0,97.0,-422.0
64.0,-450.0,574.0,-166.0,,154.0,6.0,574.0,21.0,-417.0
38.0,26.0,525.0,66.0,,459.0,136.0,764.0,126.0,-447.0
0.0,790.0,482.0,29.0,,465.0,246.0,602.0,68.0,-521.0
-66.0,1305.0,485.0,-165.0,,124.0,327.0,626.0,-83.0,-483.0
-111.0,1525.0,408.0,-51.0,,-69.0,395.0,284.0,46.0,-352.0
-88.0,1457.0,373.0,0.0,,47.0,435.0,421.0,-279.0,-309.0
-105.0,1617.0,321.0,-249.0,,333.0,456.0,606.0,-605.0,-308.0
-230.0,1841.0,258.0,-349.0,,335.0,431.0,618.0,-542.0,-283.0
-333.0,1368.0,263.0,-501.0,,98.0,361.0,855.0,-5.0,-303.0
-357.0,530.0,178.0,-833.0,,20.0,305.0,463.0,136.0,-325.0
-394.0,-395.0,175.0,-1086.0,,175.0,242.0,182.0,-170.0,-340.0
-479.0,-1260.0,136.0,-928.0,,335.0,190.0,164.0,152.0,-424.0
-550.0,-1370.0,92.0,-513.0,,234.0,202.0,144.0,228.0,-507.0
-546.0,-1092.0,67.0,-367.0,,83.0,230.0,31.0,146.0,-466.0
-582.0,-1299.0,81.0,-422.0,,210.0,255.0,341.0,302.0,-400.0
-641.0,-1110.0,111.0,-352.0,,420.0,316.0,672.0,352.0,-262.0
-631.0,-462.0,88.0,-178.0,,364.0,403.0,859.0,200.0,-34.0
-588.0,14.0,146.0,-317.0,,160.0,459.0,1319.0,113.0,187.0
-575.0,-134.0,170.0,-642.0,,104.0,472.0,1164.0,237.0,434.0
-562.0,-301.0,233.0,-395.0,,200.0,504.0,903.0,149.0,705.0
-507.0,106.0,241.0,-204.0,,248.0,529.0,794.0,-47.0,956.0
-482.0,383.0,297.0,-427.0,,391.0,497.0,668.0,-298.0,1070.0
-422.0,408.0,369.0,-270.0,,482.0,461.0,563.0,-209.0,1137.0
-398.0,65.0,343.0,8.0,,229.0,409.0,181.0,386.0,1163.0
-376.0,321.0,389.0,-27.0,,27.0,361.0,-175.0,394.0,1065.0
-299.0,730.0,444.0,-237.0,,196.0,367.0,-397.0,255.0,882.0
-236.0,632.0,463.0,-128.0,,393.0,386.0,-332.0,297.0,722.0
-202.0,605.0,502.0,80.0,,152.0,384.0,3.0,93.0,670.0
-206.0,504.0,555.0,-146.0,,-206.0,372.0,210.0,14.0,595.0
-175.0,152.0,559.0,-359.0,,-84.0,384.0,448.0,85.0,584.0
-190.0,-105.0,582.0,-110.0,,500.0,362.0,672.0,282.0,677.0
-221.0,319.0,605.0,146.0,,751.0,272.0,594.0,-113.0,724.0
-230.0,289.0,599.0,40.0,,449.0,178.0,424.0,-426.0,726.0
-233.0,223.0,630.0,-89.0,,247.0,107.0,332.0,16.0,710.0
-230.0,487.0,674.0,-83.0,,177.0,51.0,245.0,96.0,698.0
-253.0,380.0,668.0,-2.0,,221.0,33.0,101.0,-125.0,604.0
-276.0,149.0,689.0,0.0,,356.0,65.0,456.0,144.0,456.0
-281.0,-386.0,684.0,211.0,,333.0,133.0,835.0,231.0,373.0
-262.0,-450.0,674.0,437.0,,252.0,239.0,606.0,-47.0,273.0
-273.0,-142.0,657.0,411.0,,192.0,355.0,260.0,-187.0,162.0
-248.0,27.0,652.0,498.0,,260.0,461.0,-27.0,-407.0,91.0
-172.0,357.0,637.0,582.0,,374.0,529.0,-75.0,-58.0,35.0
-140.0,475.0,582.0,374.0,,229.0,567.0,-86.0,12.0,23.0
-145.0,147.0,596.0,7.0,,77.0,564.0,109.0,-354.0,18.0
-105.0,-159.0,507.0,67.0,,282.0,484.0,206.0,-286.0,40.0
-64.0,-489.0,485.0,-60.0,,470.0,397.0,360.0,-185.0,94.0
-46.0,-407.0,463.0,-512.0,,315.0,327.0,792.0,-58.0,158.0
-21.0,-89.0,380.0,-746.0,,100.0,202.0,633.0,-189.0,217.0
20.0,38.0,347.0,-743.0,,-79.0,31.0,554.0,-111.0,235.0
70.0,1135.0,327.0,-522.0,,-201.0,-75.0,556.0,23.0,280.0
96.0,1539.0,320.0,-485.0,,-209.0,-85.0,498.0,7.0,292.0
112.0,745.0,250.0,-370.0,,54.0,-43.0,461.0,242.0,326.0
158.0,285.0,258.0,-178.0,,344.0,81.0,312.0,248.0,386.0
235.0,-200.0,185.0,-84.0,,-12.0,291.0,295.0,157.0,397.0
214.0,-599.0,111.0,-230.0,,-365.0,501.0,-16.0,96.0,434.0
196.0,-680.0,55.0,-358.0,,-117.0,677.0,-206.0,255.0,458.0
230.0,-315.0,-60.0,-281.0,,128.0,837.0,-328.0,165.0,527.0
257.0,0.0,-84.0,-320.0,,87.0,955.0,-327.0,-121.0,567.0
247.0,357.0,-115.0,-399.0,,-92.0,1019.0,40.0,-101.0,549.0
171.0,963.0,-149.0,-409.0,,-173.0,1050.0,164.0,22.0,561.0
93.0,1303.0,-175.0,-132.0,,-16.0,1010.0,260.0,211.0,591.0
26.0,1398.0,-146.0,-250.0,,176.0,908.0,312.0,-113.0,620.0
-18.0,1039.0,-176.0,-417.0,,54.0,741.0,624.0,140.0,600.0
-110.0,529.0,-190.0,-290.0,,-294.0,528.0,940.0,396.0,573.0
-190.0,-186.0,-160.0,-366.0,,-329.0,384.0,556.0,65.0,519.0
-227.0,-1060.0,-194.0,-436.0,,-45.0,282.0,308.0,331.0,464.0
-280.0,-1380.0,-194.0,-537.0,,70.0,199.0,192.0,4.0,386.0
-316.0,-1271.0,-191.0,-334.0,,-149.0,169.0,-97.0,-257.0,291.0
-300.0,-927.0,-167.0,-152.0,,-334.0,140.0,-399.0,-432.0,184.0
-310.0,-354.0,-178.0,-269.0,,-77.0,160.0,-400.0,-727.0,112.0
-328.0,65.0,-107.0,-444.0,,88.0,243.0,-245.0,-290.0,161.0
-329.0,-142.0,-55.0,-647.0,,-98.0,344.0,-339.0,-539.0,241.0
-342.0,-327.0,-35.0,-582.0,,-89.0,442.0,-166.0,-623.0,311.0
-369.0,-602.0,84.0,-462.0,,14.0,494.0,-22.0,-525.0,340.0
-371.0,-815.0,148.0,-474.0,,-55.0,526.0,275.0,-524.0,470.0
-326.0,-174.0,218.0,-380.0,,-250.0,553.0,648.0,-29.0,632.0
-357.0,-115.0,299.0,-285.0,,-199.0,593.0,572.0,-116.0,710.0
-327.0,-242.0,349.0,-173.0,,87.0,640.0,404.0,85.0,791.0
-270.0,44.0,402.0,20.0,,122.0,694.0,171.0,-20.0,851.0
-216.0,-203.0,461.0,221.0,,168.0,765.0,177.0,-113.0,896.0
-216.0,-749.0,487.0,352.0,,377.0,807.0,-60.0,377.0,929.0
-307.0,-690.0,504.0,459.0,,391.0,776.0,-219.0,215.0,914.0
-308.0,-137.0,493.0,602.0,,231.0,702.0,-109.0,48.0,831.0
-295.0,95.0,517.0,441.0,,70.0,634.0,-304.0,-36.0,754.0
-282.0,586.0,484.0,139.0,,153.0,555.0,-84.0,466.0,698.0
-267.0,918.0,418.0,48.0,,384.0,496.0,-18.0,588.0,673.0
-222.0,1063.0,388.0,135.0,,335.0,437.0,-205.0,-2.0,676.0
-207.0,1077.0,285.0,41.0,,323.0,374.0,-206.0,253.0,737.0
-183.0,791.0,214.0,-41.0,,580.0,302.0,-284.0,524.0,854.0
-131.0,718.0,138.0,-30.0,,643.0,213.0,-572.0,238.0,992.0
-83.0,308.0,107.0,-308.0,,419.0,167.0,-877.0,41.0,1138.0
-12.0,63.0,-4.0,-452.0,,109.0,160.0,-665.0,133.0,1189.0
31.0,89.0,-88.0,-292.0,,-39.0,202.0,-635.0,45.0,1180.0
101.0,-8.0,-72.0,-231.0,,198.0,240.0,-546.0,-40.0,1144.0
209.0,-158.0,-161.0,-393.0,,307.0,239.0,-415.0,71.0,1075.0
312.0,199.0,-165.0,-448.0,,166.0,241.0,-537.0,159.0,916.0
357.0,663.0,-159.0,-449.0,,346.0,276.0,-389.0,90.0,756.0
415.0,526.0,-154.0,-378.0,,588.0,334.0,-473.0,-190.0,637.0
440.0,412.0,-116.0,-136.0,,582.0,361.0,-506.0,-173.0,505.0
428.0,64.0,-98.0,0.0,,414.0,359.0,-430.0,-37.0,424.0
377.0,-47.0,-54.0,-22.0,,203.0,339.0,-386.0,-84.0,340.0
338.0,-40.0,26.0,-31.0,,142.0,299.0,-498.0,-165.0,318.0
308.0,61.0,72.0,22.0,,211.0,256.0,-794.0,-207.0,323.0
233.0,646.0,94.0,110.0,,158.0,248.0,-844.0,-263.0,371.0
213.0,1155.0,128.0,364.0,,164.0,239.0,-772.0,-119.0,461.0
180.0,1499.0,147.0,358.0,,417.0,255.0,-561.0,198.0,477.0
116.0,1388.0,135.0,20.0,,535.0,291.0,-524.0,177.0,521.0
0.0,861.0,121.0,-262.0,,542.0,327.0,-400.0,185.0,538.0
-81.0,-58.0,95.0,-415.0,,588.0,425.0,-197.0,264.0,508.0
-132.0,-591.0,47.0,-407.0,,648.0,482.0,-352.0,247.0,465.0
-185.0,-840.0,47.0,-433.0,,525.0,500.0,-315.0,456.0,395.0
-242.0,-1265.0,-28.0,-422.0,,358.0,522.0,-284.0,818.0,310.0
-322.0,-1242.0,-32.0,-186.0,,653.0,486.0,-541.0,690.0,251.0
-322.0,-1056.0,-77.0,-45.0,,872.0,484.0,-631.0,354.0,244.0
-249.0,-865.0,-111.0,121.0,,660.0,493.0,-558.0,266.0,160.0
-189.0,-1084.0,-84.0,603.0,,557.0,470.0,-484.0,231.0,77.0
-189.0,-1416.0,-140.0,730.0,,501.0,484.0,-497.0,519.0,37.0
-161.0,-1232.0,-55.0,489.0,,275.0,423.0,-327.0,544.0,-57.0
-138.0,-886.0,-59.0,281.0,,173.0,319.0,-83.0,421.0,-113.0
-129.0,-192.0,-57.0,205.0,,281.0,243.0,-66.0,564.0,-137.0
-137.0,669.0,-45.0,270.0,,397.0,158.0,7.0,779.0,-172.0
-174.0,1079.0,-40.0,136.0,,431.0,118.0,-208.0,726.0,-197.0
-214.0,1364.0,-45.0,-68.0,,433.0,88.0,-511.0,111.0,-197.0
-220.0,1724.0,-43.0,-26.0,,338.0,90.0,-796.0,-52.0,-187.0
-168.0,1742.0,7.0,154.0,,101.0,154.0,-1047.0,36.0,-203.0
-127.0,1356.0,-17.0,25.0,,-95.0,292.0,-1250.0,-162.0,-158.0
-62.0,842.0,49.0,-97.0,,-163.0,473.0,-1398.0,-127.0,-53.0
0.0,218.0,67.0,-163.0,,-86.0,632.0,-1038.0,-80.0,105.0
56.0,-427.0,105.0,-331.0,,-107.0,773.0,-1121.0,20.0,288.0
148.0,-875.0,140.0,-373.0,,-227.0,832.0,-1210.0,-20.0,436.0
226.0,-1185.0,136.0,-434.0,,-52.0,855.0,-1075.0,-255.0,639.0
272.0,-1020.0,147.0,-306.0,,52.0,842.0,-1025.0,-94.0,868.0
320.0,-516.0,183.0,-484.0,,-230.0,705.0,-644.0,18.0,1022.0
359.0,-32.0,202.0,-878.0,,-379.0,497.0,-509.0,72.0,1068.0
399.0,265.0,174.0,-785.0,,-203.0,243.0,-205.0,-30.0,1078.0
458.0,246.0,174.0,-578.0,,-123.0,-37.0,-118.0,100.0,1118.0
522.0,553.0,109.0,-595.0,,-352.0,-222.0,-426.0,298.0,1094.0
558.0,909.0,87.0,-687.0,,-454.0,-295.0,-840.0,30.0,985.0
594.0,843.0,72.0,-577.0,,-316.0,-332.0,-1101.0,322.0,890.0
606.0,912.0,65.0,-257.0,,-473.0,-326.0,-851.0,299.0,824.0
566.0,1117.0,76.0,-93.0,,-648.0,-280.0,-726.0,208.0,778.0
578.0,961.0,44.0,-71.0,,-517.0,-257.0,-445.0,502.0,742.0
562.0,545.0,13.0,256.0,,-539.0,-246.0,-301.0,564.0,615.0
528.0,222.0,-15.0,628.0,,-608.0,-177.0,-157.0,420.0,415.0
492.0,-149.0,-90.0,646.0,,-439.0,-122.0,14.0,446.0,269.0
436.0,-500.0,-114.0,474.0,,-191.0,-111.0,-229.0,1022.0,153.0
376.0,-789.0,-142.0,390.0,,-143.0,-87.0,-243.0,810.0,3.0
321.0,-791.0,-199.0,356.0,,-242.0,-35.0,-365.0,279.0,-159.0
212.0,-591.0,-155.0,387.0,,-110.0,0.0,-424.0,177.0,-283.0
83.0,-554.0,-161.0,577.0,,6.0,36.0,-354.0,337.0,-349.0
72.0,-41.0,-147.0,700.0,,-315.0,149.0,-290.0,240.0,-378.0
101.0,440.0,-84.0,686.0,,-578.0,239.0,-188.0,-20.0,-426.0
111.0,955.0,-54.0,693.0,,-361.0,250.0,-415.0,-6.0,-476.0
123.0,1599.0,-24.0,699.0,,-242.0,243.0,-315.0,-312.0,-501.0
197.0,1796.0,11.0,679.0,,-435.0,219.0,-251.0,-459.0,-505.0
218.0,1928.0,46.0,611.0,,-583.0,151.0,-408.0,-600.0,-469.0
234.0,1656.0,46.0,504.0,,-596.0,84.0,-591.0,-469.0,-439.0
266.0,1428.0,16.0,461.0,,-790.0,-1.0,-903.0,-339.0,-396.0
225.0,882.0,-28.0,344.0,,-995.0,-132.0,-777.0,-376.0,-338.0
167.0,494.0,-42.0,371.0,,-638.0,-229.0,-526.0,-109.0,-286.0
103.0,420.0,-72.0,414.0,,-189.0,-280.0,-177.0,7.0,-227.0
60.0,-706.0,-130.0,288.0,,-305.0,-260.0,-5.0,136.0,-207.0
-5.0,-1421.0,-80.0,238.0,,-665.0,-223.0,60.0,-173.0,-252.0
11.0,-1877.0,-46.0,344.0,,-509.0,-210.0,49.0,-556.0,-362.0
39.0,-2043.0,-59.0,537.0,,-266.0,-193.0,-386.0,-573.0,-417.0
60.0,-1455.0,-39.0,699.0,,-492.0,-225.0,-613.0,-587.0,-502.0
132.0,-904.0,-47.0,892.0,,-694.0,-294.0,-840.0,-747.0,-681.0
199.0,-351.0,-55.0,995.0,,-711.0,-378.0,-851.0,-1008.0,-789.0
272.0,-474.0,-88.0,1003.0,,-654.0,-417.0,-909.0,-1086.0,-808.0
354.0,-649.0,-56.0,771.0,,-609.0,-417.0,-1162.0,-1003.0,-783.0
422.0,-892.0,-37.0,640.0,,-486.0,-410.0,-1073.0,-566.0,-792.0
430.0,-1060.0,-13.0,658.0,,-372.0,-420.0,-981.0,-115.0,-767.0
468.0,-660.0,38.0,437.0,,-437.0,-437.0,-720.0,-173.0,-712.0
486.0,-309.0,21.0,107.0,,-516.0,-366.0,-511.0,-262.0,-724.0
449.0,227.0,63.0,-232.0,,-352.0,-275.0,-454.0,88.0,-722.0
363.0,396.0,74.0,-310.0,,-184.0,-186.0,-327.0,321.0,-690.0
279.0,572.0,86.0,-389.0,,-274.0,-68.0,-323.0,31.0,-699.0
217.0,597.0,108.0,-467.0,,-482.0,26.0,-319.0,-363.0,-774.0
218.0,247.0,98.0,-376.0,,-605.0,85.0,-267.0,-203.0,-774.0
247.0,438.0,84.0,-368.0,,-319.0,133.0,-328.0,155.0,-760.0
223.0,521.0,50.0,-456.0,,-107.0,149.0,-585.0,300.0,-824.0
227.0,351.0,59.0,-505.0,,-242.0,112.0,-837.0,408.0,-858.0
254.0,-61.0,46.0,-415.0,,-426.0,0.0,-875.0,48.0,-872.0
275.0,-410.0,15.0,-387.0,,-534.0,-194.0,-1008.0,-141.0,-922.0
222.0,-580.0,10.0,-657.0,,-492.0,-385.0,-1276.0,371.0,-1016.0
159.0,-574.0,-2.0,-951.0,,-251.0,-563.0,-1468.0,756.0,-1092.0
114.0,-355.0,12.0,-815.0,,-77.0,-671.0,-1468.0,545.0,-1181.0
141.0,-550.0,-12.0,-460.0,,-365.0,-718.0,-1173.0,250.0,-1284.0
144.0,-31.0,-28.0,-273.0,,-563.0,-746.0,-1069.0,201.0,-1339.0
82.0,550.0,-8.0,-215.0,,-569.0,-672.0,-1031.0,631.0,-1399.0
85.0,344.0,-18.0,-127.0,,-603.0,-570.0,-949.0,999.0,-1461.0
48.0,847.0,-14.0,-98.0,,-617.0,-451.0,-805.0,564.0,-1526.0
-17.0,1734.0,31.0,-125.0,,-688.0,-302.0,-609.0,291.0,-1536.0
-87.0,1923.0,36.0,-273.0,,-682.0,-211.0,-689.0,95.0,-1465.0
-93.0,1133.0,33.0,-445.0,,-602.0,-169.0,-748.0,154.0,-1417.0
-91.0,157.0,20.0,-525.0,,-488.0,-166.0,-966.0,447.0,-1321.0
-68.0,-726.0,-41.0,-735.0,,-503.0,-174.0,-1064.0,333.0,-1104.0
0.0,-1581.0,-2.0,-767.0,,-592.0,-235.0,-1228.0,-97.0,-840.0
64.0,-1747.0,-25.0,-554.0,,-599.0,-403.0,-1358.0,-453.0,-616.0
160.0,-1814.0,-24.0,-471.0,,-561.0,-546.0,-1226.0,-29.0,-441.0
222.0,-2087.0,5.0,-630.0,,-500.0,-669.0,-1213.0,150.0,-277.0
279.0,-1858.0,-13.0,-675.0,,-480.0,-763.0,-879.0,-97.0,-196.0
335.0,-1192.0,-31.0,-535.0,,-472.0,-737.0,-933.0,-492.0,-222.0
397.0,-770.0,-58.0,-365.0,,-615.0,-685.0,-986.0,-713.0,-302.0
439.0,-538.0,-45.0,1.0,,-843.0,-659.0,-995.0,-477.0,-429.0
465.0,-48.0,-29.0,450.0,,-728.0,-629.0,-977.0,-322.0,-513.0
482.0,-506.0,10.0,681.0,,-371.0,-583.0,-665.0,-204.0,-544.0
493.0,-1557.0,-10.0,574.0,,-156.0,-507.0,-781.0,-443.0,-573.0
505.0,-1128.0,51.0,544.0,,-269.0,-430.0,-609.0,-519.0,-508.0
499.0,-562.0,46.0,657.0,,-484.0,-382.0,-709.0,-220.0,-389.0
529.0,-777.0,-29.0,694.0,,-557.0,-319.0,-689.0,322.0,-277.0
544.0,-607.0,-23.0,669.0,,-617.0,-311.0,-443.0,333.0,-127.0
578.0,104.0,-37.0,467.0,,-698.0,-350.0,-580.0,-155.0,7.0
616.0,1015.0,-35.0,312.0,,-745.0,-351.0,-273.0,-18.0,51.0
633.0,1361.0,-28.0,339.0,,-676.0,-380.0,-134.0,204.0,1.0
655.0,1298.0,21.0,364.0,,-613.0,-384.0,-158.0,487.0,-35.0
624.0,1247.0,45.0,433.0,,-354.0,-386.0,-493.0,169.0,-119.0
574.0,697.0,54.0,585.0,,-73.0,-404.0,-807.0,-328.0,-310.0
538.0,-406.0,15.0,677.0,,-290.0,-418.0,-672.0,-172.0,-466.0
498.0,-1762.0,-17.0,568.0,,-673.0,-445.0,-715.0,139.0,-551.0
409.0,-2053.0,-62.0,462.0,,-726.0,-463.0,-617.0,438.0,-636.0
314.0,-463.0,-127.0,515.0,,-509.0,-498.0,-650.0,224.0,-713.0
252.0,1498.0,-156.0,380.0,,-518.0,-483.0,-593.0,-82.0,-623.0
168.0,2347.0,-231.0,239.0,,-567.0,-453.0,-288.0,-71.0,-531.0
98.0,2176.0,-262.0,126.0,,-540.0,-419.0,-105.0,225.0,-514.0
65.0,1646.0,-255.0,-32.0,,-640.0,-343.0,57.0,480.0,-378.0
24.0,868.0,-279.0,33.0,,-846.0,-316.0,0.0,403.0,-283.0
7.0,601.0,-226.0,13.0,,-874.0,-351.0,-97.0,-34.0,-316.0
-2.0,389.0,-129.0,29.0,,-547.0,-364.0,-251.0,-161.0,-379.0
-3.0,-1006.0,-115.0,165.0,,-539.0,-335.0,-327.0,294.0,-399.0
-3.0,-1772.0,-98.0,217.0,,-862.0,-385.0,-212.0,345.0,-453.0
-4.0,-809.0,-103.0,169.0,,-842.0,-506.0,-177.0,241.0,-551.0
16.0,-126.0,-118.0,-35.0,,-443.0,-609.0,-125.0,-44.0,-636.0
-5.0,-568.0,-157.0,-296.0,,-367.0,-676.0,-149.0,-366.0,-705.0
-1.0,-1136.0,-141.0,-361.0,,-581.0,-742.0,-59.0,115.0,-702.0
-15.0,-845.0,-98.0,-283.0,,-644.0,-787.0,7.0,409.0,-759.0
-58.0,-95.0,-91.0,-359.0,,-748.0,-771.0,-138.0,40.0,-793.0
-76.0,-101.0,-30.0,-298.0,,-729.0,-745.0,-212.0,-51.0,-752.0
-92.0,9.0,-24.0,-157.0,,-475.0,-673.0,-328.0,-215.0,-763.0
-105.0,621.0,20.0,-127.0,,-395.0,-588.0,-282.0,28.0,-781.0
-196.0,1380.0,44.0,-127.0,,-663.0,-516.0,-240.0,766.0,-732.0
-262.0,1696.0,6.0,-72.0,,-715.0,-380.0,-253.0,337.0,-643.0
-319.0,1177.0,28.0,53.0,,-296.0,-191.0,-347.0,-146.0,-645.0
-388.0,1241.0,62.0,-8.0,,104.0,-16.0,-376.0,179.0,-609.0
-413.0,1618.0,79.0,-151.0,,12.0,133.0,3.0,409.0,-523.0
-427.0,1448.0,100.0,-209.0,,-329.0,268.0,179.0,456.0,-516.0
-380.0,0.0,93.0,-148.0,,-315.0,353.0,463.0,127.0,-542.0
-313.0,-1477.0,77.0,-26.0,,-30.0,325.0,535.0,-297.0,-546.0
-234.0,-1511.0,61.0,-7.0,,70.0,203.0,203.0,-262.0,-598.0
-175.0,-2307.0,12.0,0.0,,7.0,73.0,120.0,82.0,-692.0
-123.0,-2866.0,59.0,128.0,,103.0,-109.0,49.0,205.0,-657.0
-72.0,-2285.0,162.0,187.0,,127.0,-299.0,-16.0,-152.0,-655.0
-62.0,-1707.0,195.0,250.0,,-69.0,-459.0,-301.0,-609.0,-745.0
-52.0,-68.0,208.0,343.0,,-194.0,-604.0,-432.0,-366.0,-781.0
-47.0,994.0,231.0,401.0,,-130.0,-652.0,-506.0,277.0,-768.0
-35.0,173.0,175.0,355.0,,-60.0,-649.0,-582.0,197.0,-767.0
-27.0,-390.0,196.0,110.0,,80.0,-621.0,-369.0,-22.0,-797.0
-42.0,347.0,232.0,145.0,,272.0,-550.0,-312.0,-161.0,-685.0
-55.0,560.0,232.0,249.0,,279.0,-484.0,68.0,-264.0,-467.0
-48.0,-109.0,280.0,126.0,,187.0,-476.0,288.0,188.0,-315.0
-46.0,-383.0,178.0,142.0,,73.0,-408.0,243.0,297.0,-157.0
-56.0,-947.0,106.0,305.0,,110.0,-311.0,469.0,14.0,11.0
-61.0,-1158.0,8.0,370.0,,202.0,-275.0,485.0,-297.0,134.0
-38.0,-670.0,-124.0,156.0,,18.0,-208.0,635.0,-413.0,240.0
-12.0,-709.0,-180.0,-74.0,,-179.0,-171.0,715.0,-95.0,298.0
10.0,-435.0,-262.0,-166.0,,81.0,-156.0,703.0,-40.0,319.0
31.0,1104.0,-291.0,-272.0,,411.0,-137.0,711.0,-330.0,284.0
72.0,1644.0,-342.0,-331.0,,302.0,-88.0,448.0,-762.0,202.0
181.0,770.0,-361.0,-404.0,,-29.0,-30.0,343.0,-762.0,151.0
289.0,514.0,-392.0,-446.0,,-152.0,-73.0,138.0,-289.0,54.0
381.0,752.0,-409.0,-302.0,,-16.0,-121.0,173.0,-177.0,-74.0
441.0,1286.0,-418.0,-93.0,,101.0,-121.0,312.0,-393.0,-119.0
494.0,1020.0,-444.0,200.0,,-1.0,-199.0,299.0,-555.0,-98.0
507.0,183.0,-420.0,337.0,,-385.0,-334.0,430.0,-219.0,-151.0
467.0,476.0,-434.0,345.0,,-403.0,-453.0,254.0,140.0,-183.0
378.0,1179.0,-343.0,445.0,,-66.0,-567.0,229.0,262.0,-148.0
298.0,1452.0,-330.0,491.0,,78.0,-635.0,269.0,269.0,-246.0
291.0,1212.0,-286.0,558.0,,140.0,-667.0,445.0,-67.0,-373.0
234.0,521.0,-190.0,456.0,,15.0,-674.0,552.0,146.0,-422.0
150.0,-511.0,-191.0,288.0,,-118.0,-695.0,550.0,682.0,-481.0
65.0,-1335.0,-105.0,183.0,,-150.0,-737.0,713.0,509.0,-608.0
14.0,-1637.0,-85.0,24.0,,-200.0,-765.0,365.0,109.0,-688.0
26.0,-1519.0,-56.0,-182.0,,-108.0,-829.0,327.0,134.0,-684.0
22.0,-32.0,-85.0,-467.0,,-47.0,-885.0,338.0,367.0,-706.0
-63.0,1498.0,-115.0,-483.0,,-38.0,-874.0,277.0,584.0,-690.0
-165.0,1441.0,-105.0,-365.0,,-2.0,-842.0,319.0,486.0,-637.0
-204.0,1091.0,-153.0,-332.0,,-53.0,-807.0,306.0,114.0,-509.0
-221.0,262.0,-147.0,-309.0,,-211.0,-743.0,469.0,-172.0,-314.0
-288.0,-603.0,-171.0,-365.0,,-203.0,-626.0,345.0,-282.0,-140.0
-366.0,-442.0,-182.0,-353.0,,91.0,-514.0,609.0,-23.0,16.0
-398.0,-108.0,-172.0,-231.0,,210.0,-442.0,668.0,-56.0,185.0
-409.0,-69.0,-175.0,-23.0,,173.0,-356.0,606.0,-598.0,369.0
-407.0,-250.0,-157.0,44.0,,238.0,-349.0,827.0,-861.0,512.0
-409.0,-98.0,-149.0,-10.0,,244.0,-363.0,781.0,-556.0,639.0
-362.0,354.0,-115.0,15.0,,14.0,-302.0,739.0,-292.0,708.0
-341.0,448.0,-11.0,-128.0,,-22.0,-239.0,308.0,-331.0,688.0
-322.0,719.0,54.0,-296.0,,289.0,-225.0,48.0,-448.0,701.0
-272.0,1274.0,132.0,-377.0,,442.0,-265.0,81.0,-475.0,676.0
-236.0,977.0,187.0,-460.0,,495.0,-253.0,251.0,-38.0,512.0
-192.0,373.0,163.0,-550.0,,357.0,-247.0,556.0,427.0,373.0
-173.0,409.0,172.0,-643.0,,242.0,-248.0,622.0,527.0,286.0
-113.0,328.0,201.0,-621.0,,281.0,-195.0,844.0,337.0,173.0
-37.0,-473.0,220.0,-670.0,,148.0,-160.0,1043.0,254.0,91.0
31.0,-623.0,247.0,-801.0,,313.0,-126.0,1167.0,237.0,38.0
83.0,926.0,284.0,-829.0,,578.0,-149.0,1225.0,271.0,-3.0
129.0,1904.0,254.0,-736.0,,478.0,-215.0,1016.0,548.0,28.0
162.0,1054.0,226.0,-668.0,,287.0,-264.0,853.0,9.0,151.0
155.0,4.0,233.0,-667.0,,267.0,-330.0,713.0,-578.0,295.0
152.0,-702.0,200.0,-449.0,,252.0,-384.0,558.0,-249.0,401.0
179.0,-1189.0,172.0,-171.0,,2.0,-353.0,563.0,95.0,495.0
229.0,-1152.0,195.0,-24.0,,-4.0,-300.0,670.0,-21.0,633.0
172.0,-1024.0,212.0,134.0,,191.0,-280.0,674.0,-393.0,720.0
98.0,-1296.0,243.0,284.0,,206.0,-224.0,447.0,-376.0,682.0
79.0,-748.0,292.0,509.0,,35.0,-132.0,406.0,-261.0,595.0
16.0,1139.0,287.0,671.0,,-12.0,-80.0,541.0,59.0,494.0
-45.0,1991.0,304.0,686.0,,190.0,-96.0,748.0,262.0,386.0
-120.0,1420.0,315.0,567.0,,91.0,-119.0,1042.0,-295.0,281.0
-201.0,460.0,295.0,204.0,,-28.0,-120.0,1103.0,-577.0,167.0
-230.0,-215.0,278.0,12.0,,131.0,-102.0,1154.0,-243.0,34.0
-276.0,168.0,228.0,-72.0,,308.0,-48.0,1038.0,181.0,10.0
-335.0,82.0,179.0,-169.0,,163.0,12.0,812.0,221.0,96.0
-348.0,-437.0,149.0,-102.0,,-95.0,7.0,583.0,-110.0,174.0
-318.0,-90.0,164.0,-256.0,,32.0,-20.0,312.0,-248.0,277.0
-258.0,977.0,196.0,-435.0,,29.0,-49.0,79.0,39.0,365.0
-214.0,1583.0,274.0,-357.0,,-85.0,-95.0,-169.0,159.0,458.0
-224.0,1378.0,334.0,-296.0,,-53.0,-88.0,-57.0,87.0,517.0
-221.0,1290.0,403.0,-218.0,,-129.0,-75.0,-140.0,-145.0,538.0
-158.0,286.0,458.0,-77.0,,-235.0,-53.0,-299.0,-303.0,512.0
-126.0,-706.0,452.0,127.0,,-120.0,-20.0,-145.0,-114.0,373.0
-124.0,-544.0,474.0,312.0,,204.0,4.0,101.0,-180.0,336.0
-124.0,71.0,392.0,354.0,,189.0,67.0,659.0,-121.0,335.0
-87.0,599.0,363.0,525.0,,-223.0,93.0,910.0,-305.0,285.0
-73.0,472.0,345.0,697.0,,-298.0,68.0,1027.0,-541.0,230.0
-127.0,1045.0,303.0,585.0,,0.0,67.0,971.0,-225.0,144.0
-168.0,1408.0,319.0,411.0,,76.0,48.0,718.0,-20.0,31.0
-173.0,851.0,284.0,211.0,,-133.0,2.0,753.0,-16.0,-86.0
-136.0,456.0,263.0,-3.0,,-199.0,-10.0,652.0,-112.0,-67.0
-163.0,-334.0,220.0,-124.0,,47.0,28.0,755.0,-8.0,-53.0
-210.0,-1318.0,205.0,-261.0,,114.0,70.0,742.0,438.0,-64.0
-181.0,-1419.0,194.0,-344.0,,-155.0,94.0,471.0,747.0,-20.0
-75.0,-667.0,197.0,-333.0,,-258.0,134.0,286.0,527.0,26.0
-35.0,-512.0,214.0,-418.0,,-115.0,145.0,64.0,347.0,98.0
-110.0,-158.0,202.0,-509.0,,79.0,155.0,229.0,173.0,138.0
-87.0,758.0,157.0,-449.0,,116.0,171.0,489.0,229.0,170.0
-31.0,747.0,115.0,-205.0,,33.0,95.0,726.0,916.0,265.0
-42.0,463.0,63.0,38.0,,41.0,-45.0,873.0,816.0,356.0
-130.0,552.0,21.0,156.0,,88.0,-170.0,997.0,75.0,359.0
-207.0,515.0,41.0,145.0,,55.0,-279.0,1176.0,-137.0,302.0
-182.0,308.0,25.0,41.0,,-81.0,-372.0,1206.0,78.0,249.0
-197.0,49.0,63.0,-150.0,,-125.0,-443.0,1254.0,352.0,116.0
-289.0,-24.0,56.0,-464.0,,-93.0,-498.0,1108.0,263.0,-115.0
-318.0,129.0,57.0,-699.0,,-141.0,-515.0,1079.0,-227.0,-222.0
-292.0,-159.0,117.0,-730.0,,-255.0,-511.0,1018.0,-427.0,-235.0
-331.0,-285.0,182.0,-578.0,,-329.0,-481.0,868.0,-215.0,-320.0
-388.0,-419.0,252.0,-557.0,,-294.0,-440.0,777.0,21.0,-370.0
-369.0,-728.0,295.0,-702.0,,-292.0,-397.0,582.0,181.0,-295.0
-280.0,-806.0,366.0,-664.0,,-352.0,-333.0,654.0,35.0,-261.0
-204.0,-742.0,335.0,-421.0,,-320.0,-258.0,434.0,-137.0,-260.0
-230.0,293.0,345.0,-175.0,,-168.0,-141.0,415.0,92.0,-68.0
-230.0,647.0,364.0,83.0,,-114.0,-38.0,663.0,342.0,110.0
-182.0,149.0,335.0,207.0,,-194.0,3.0,674.0,87.0,165.0
-176.0,62.0,322.0,122.0,,-203.0,22.0,862.0,-134.0,244.0
-184.0,-227.0,276.0,110.0,,-21.0,36.0,735.0,-63.0,400.0
-195.0,-722.0,256.0,119.0,,46.0,24.0,792.0,-84.0,525.0
-172.0,-724.0,279.0,193.0,,-116.0,10.0,982.0,-98.0,558.0
-122.0,50.0,290.0,296.0,,-189.0,14.0,1012.0,-355.0,671.0
-70.0,875.0,292.0,366.0,,-448.0,43.0,1003.0,-677.0,739.0
-21.0,1453.0,353.0,376.0,,-684.0,81.0,831.0,-491.0,685.0
34.0,1444.0,326.0,261.0,,-592.0,92.0,881.0,-138.0,708.0
33.0,1992.0,272.0,283.0,,-590.0,133.0,781.0,0.0,748.0
-27.0,2300.0,201.0,346.0,,-498.0,184.0,777.0,-60.0,665.0
-58.0,2165.0,129.0,256.0,,-358.0,261.0,840.0,-299.0,606.0
-64.0,2094.0,63.0,173.0,,-251.0,366.0,899.0,-381.0,606.0
-99.0,758.0,-32.0,140.0,,-223.0,451.0,1165.0,-161.0,600.0
-151.0,-44.0,-128.0,27.0,,-396.0,537.0,1079.0,111.0,598.0
-124.0,-779.0,-266.0,-101.0,,-242.0,548.0,992.0,-239.0,566.0
-89.0,-1249.0,-251.0,-112.0,,-54.0,503.0,1040.0,-714.0,577.0
-66.0,-1796.0,-224.0,-214.0,,-154.0,434.0,1106.0,-464.0,575.0
-64.0,-2502.0,-150.0,-342.0,,-286.0,394.0,1038.0,-415.0,500.0
-72.0,-1898.0,-19.0,-300.0,,-342.0,445.0,615.0,-254.0,445.0
-26.0,-1757.0,52.0,-273.0,,-191.0,435.0,291.0,-241.0,434.0
39.0,-1456.0,141.0,-363.0,,-300.0,346.0,142.0,-584.0,416.0
87.0,-805.0,171.0,-512.0,,-437.0,246.0,264.0,-297.0,434.0
122.0,-173.0,299.0,-489.0,,-200.0,167.0,327.0,-186.0,435.0
185.0,49.0,407.0,-406.0,,-156.0,126.0,168.0,-172.0,386.0
123.0,199.0,501.0,-370.0,,-278.0,127.0,227.0,-46.0,403.0
71.0,306.0,618.0,-357.0,,-223.0,154.0,297.0,-187.0,432.0
152.0,-22.0,609.0,-344.0,,-82.0,88.0,511.0,-171.0,415.0
197.0,597.0,685.0,-257.0,,-199.0,28.0,678.0,147.0,301.0
99.0,783.0,710.0,-221.0,,-416.0,59.0,709.0,336.0,210.0
-53.0,239.0,710.0,-145.0,,-394.0,119.0,694.0,341.0,189.0
-112.0,-163.0,771.0,-106.0,,-371.0,249.0,495.0,387.0,42.0
-171.0,332.0,759.0,-221.0,,-394.0,411.0,432.0,415.0,-121.0
-209.0,690.0,761.0,-463.0,,-323.0,544.0,254.0,402.0,-224.0
-192.0,368.0,697.0,-724.0,,-228.0,614.0,315.0,303.0,-374.0
-119.0,573.0,596.0,-830.0,,-319.0,659.0,380.0,379.0,-534.0
-119.0,144.0,556.0,-711.0,,-450.0,701.0,83.0,221.0,-585.0
-192.0,44.0,482.0,-512.0,,-275.0,690.0,-81.0,20.0,-591.0
-235.0,181.0,397.0,-312.0,,34.0,700.0,-184.0,221.0,-699.0
-299.0,391.0,404.0,-111.0,,90.0,715.0,62.0,426.0,-739.0
-362.0,1157.0,384.0,-39.0,,-76.0,647.0,79.0,310.0,-589.0
-452.0,1215.0,383.0,-12.0,,14.0,579.0,5.0,-141.0,-465.0
-408.0,724.0,426.0,-163.0,,252.0,562.0,145.0,-128.0,-388.0
-337.0,372.0,377.0,-260.0,,232.0,560.0,210.0,176.0,-217.0
-407.0,102.0,399.0,-190.0,,105.0,518.0,493.0,176.0,-36.0
-484.0,-561.0,452.0,-359.0,,4.0,456.0,530.0,-62.0,78.0
-405.0,-428.0,479.0,-567.0,,-121.0,408.0,724.0,-14.0,300.0
-263.0,79.0,548.0,-541.0,,-237.0,376.0,914.0,183.0,554.0
-306.0,-302.0,539.0,-316.0,,-96.0,341.0,772.0,242.0,623.0
-396.0,-856.0,473.0,-167.0,,233.0,268.0,576.0,315.0,703.0
-427.0,-1113.0,423.0,-141.0,,300.0,279.0,238.0,246.0,853.0
-417.0,-1131.0,344.0,-95.0,,101.0,285.0,62.0,242.0,908.0
-467.0,-1231.0,280.0,83.0,,-119.0,216.0,-162.0,-30.0,864.0
-541.0,-1379.0,232.0,276.0,,-185.0,172.0,-49.0,-47.0,877.0
-487.0,-1361.0,202.0,307.0,,-129.0,126.0,121.0,155.0,908.0
-420.0,-812.0,178.0,313.0,,-135.0,137.0,134.0,-94.0,812.0
-449.0,-262.0,142.0,328.0,,-21.0,169.0,365.0,-219.0,766.0
-515.0,-263.0,150.0,470.0,,251.0,219.0,456.0,-239.0,774.0
-508.0,-216.0,144.0,644.0,,387.0,258.0,672.0,-221.0,715.0
-428.0,-161.0,151.0,702.0,,344.0,292.0,580.0,-181.0,731.0
-369.0,-259.0,141.0,697.0,,185.0,384.0,426.0,-264.0,864.0
-368.0,183.0,110.0,602.0,,37.0,428.0,497.0,-429.0,867.0
-393.0,770.0,120.0,397.0,,143.0,488.0,522.0,-425.0,769.0
-364.0,1063.0,138.0,176.0,,253.0,554.0,611.0,-373.0,764.0
-289.0,1302.0,111.0,99.0,,58.0,584.0,286.0,-248.0,746.0
-283.0,1078.0,39.0,200.0,,-56.0,589.0,164.0,-270.0,653.0
-301.0,625.0,34.0,283.0,,19.0,569.0,160.0,-464.0,574.0
-305.0,-140.0,50.0,352.0,,92.0,622.0,240.0,-74.0,452.0
-267.0,-1030.0,78.0,461.0,,154.0,658.0,600.0,122.0,214.0
-257.0,-1380.0,177.0,425.0,,252.0,658.0,624.0,170.0,33.0
-322.0,-1349.0,286.0,287.0,,444.0,659.0,654.0,356.0,-85.0
-352.0,-1502.0,358.0,244.0,,502.0,631.0,445.0,383.0,-244.0
-327.0,-1519.0,374.0,467.0,,376.0,636.0,136.0,500.0,-330.0
-276.0,-230.0,352.0,687.0,,147.0,662.0,-131.0,327.0,-340.0
-340.0,1067.0,368.0,764.0,,-132.0,704.0,-426.0,460.0,-407.0
-419.0,1447.0,409.0,730.0,,-285.0,691.0,-530.0,723.0,-462.0
-410.0,1921.0,442.0,583.0,,-247.0,574.0,-713.0,529.0,-400.0
-374.0,2175.0,517.0,456.0,,-26.0,409.0,-576.0,418.0,-368.0
-370.0,1991.0,601.0,345.0,,125.0,230.0,-238.0,335.0,-399.0
-384.0,1701.0,652.0,245.0,,-23.0,96.0,123.0,130.0,-342.0
-319.0,1083.0,640.0,89.0,,-157.0,20.0,365.0,-54.0,-230.0
-241.0,284.0,646.0,-123.0,,1.0,9.0,339.0,2.0,-192.0
-219.0,-297.0,654.0,-437.0,,16.0,9.0,493.0,-43.0,-188.0
-234.0,-601.0,580.0,-632.0,,-137.0,-9.0,569.0,-114.0,-208.0
-224.0,-697.0,534.0,-650.0,,-32.0,53.0,637.0,6.0,-313.0
-149.0,-605.0,461.0,-570.0,,129.0,167.0,558.0,-2.0,-390.0
-83.0,-430.0,386.0,-435.0,,174.0,256.0,369.0,11.0,-412.0
-137.0,-497.0,271.0,-418.0,,141.0,331.0,406.0,-97.0,-439.0
-154.0,-290.0,127.0,-373.0,,135.0,417.0,171.0,-138.0,-446.0
-36.0,-155.0,61.0,-262.0,,162.0,445.0,75.0,57.0,-429.0
77.0,-398.0,-32.0,-73.0,,137.0,367.0,-5.0,137.0,-379.0
134.0,60.0,-79.0,178.0,,271.0,291.0,-179.0,30.0,-321.0
174.0,485.0,-77.0,484.0,,471.0,252.0,-92.0,56.0,-202.0
202.0,19.0,-68.0,732.0,,449.0,231.0,-12.0,277.0,-36.0
213.0,-578.0,-41.0,749.0,,310.0,229.0,142.0,143.0,92.0
190.0,-632.0,6.0,567.0,,218.0,262.0,73.0,112.0,281.0
110.0,-430.0,59.0,356.0,,164.0,309.0,101.0,116.0,483.0
95.0,-663.0,86.0,313.0,,144.0,314.0,120.0,22.0,594.0
89.0,-697.0,104.0,198.0,,160.0,329.0,-48.0,205.0,588.0
33.0,-144.0,59.0,2.0,,233.0,378.0,44.0,279.0,411.0
-39.0,-78.0,22.0,-20.0,,237.0,400.0,73.0,290.0,157.0
-137.0,193.0,58.0,-65.0,,38.0,431.0,208.0,70.0,-71.0
-220.0,516.0,53.0,-217.0,,-87.0,472.0,112.0,-70.0,-288.0
-232.0,-132.0,102.0,-373.0,,-158.0,490.0,-22.0,24.0,-473.0
-182.0,-772.0,191.0,-503.0,,-198.0,542.0,81.0,121.0,-589.0
-117.0,-1201.0,222.0,-585.0,,-28.0,590.0,18.0,81.0,-557.0
-32.0,-1351.0,292.0,-661.0,,91.0,606.0,-94.0,-181.0,-398.0
-7.0,-1377.0,290.0,-669.0,,-3.0,622.0,-339.0,-92.0,-244.0
-24.0,-1361.0,301.0,-612.0,,-206.0,618.0,-245.0,97.0,-40.0
-69.0,-1104.0,287.0,-600.0,,-279.0,556.0,-179.0,251.0,203.0
-131.0,-547.0,231.0,-514.0,,-260.0,456.0,-254.0,468.0,355.0
-170.0,-188.0,226.0,-346.0,,-252.0,353.0,-18.0,597.0,410.0
-173.0,-438.0,167.0,-155.0,,-203.0,270.0,90.0,364.0,469.0
-198.0,-361.0,181.0,-82.0,,-154.0,233.0,351.0,184.0,489.0
-319.0,-73.0,137.0,-161.0,,-12.0,172.0,609.0,500.0,456.0
-449.0,47.0,75.0,-221.0,,12.0,73.0,737.0,345.0,531.0
-460.0,413.0,69.0,-287.0,,-241.0,-29.0,733.0,56.0,580.0
-414.0,911.0,43.0,-359.0,,-418.0,-80.0,498.0,-138.0,541.0
-489.0,775.0,29.0,-417.0,,-400.0,-60.0,373.0,-356.0,543.0
-575.0,461.0,-38.0,-345.0,,-339.0,-56.0,3.0,-196.0,535.0
-574.0,136.0,-19.0,-299.0,,-182.0,-38.0,-286.0,-394.0,458.0
-543.0,-221.0,-8.0,-271.0,,-73.0,12.0,-406.0,-650.0,393.0
-586.0,-576.0,-17.0,-58.0,,-260.0,54.0,-406.0,-516.0,428.0
-683.0,-745.0,15.0,272.0,,-435.0,56.0,-147.0,-486.0,474.0
-646.0,310.0,46.0,648.0,,-250.0,51.0,-96.0,-495.0,452.0
-550.0,1624.0,59.0,874.0,,-5.0,42.0,68.0,-380.0,460.0
-577.0,2314.0,50.0,972.0,,8.0,9.0,173.0,-413.0,482.0
-647.0,2249.0,116.0,1003.0,,-73.0,-9.0,247.0,-447.0,408.0
-623.0,2211.0,131.0,901.0,,-206.0,18.0,280.0,-130.0,342.0
-549.0,1813.0,169.0,684.0,,-270.0,82.0,134.0,-57.0,327.0
-460.0,707.0,166.0,547.0,,-130.0,145.0,118.0,-269.0,330.0
-405.0,-71.0,137.0,480.0,,-61.0,196.0,-229.0,-381.0,312.0
-409.0,-910.0,211.0,424.0,,-252.0,238.0,-456.0,-276.0,214.0
-418.0,-1148.0,204.0,452.0,,-465.0,249.0,-561.0,-25.0,150.0
-434.0,-1291.0,227.0,487.0,,-396.0,209.0,-659.0,-19.0,137.0
-434.0,-1634.0,249.0,507.0,,-49.0,141.0,-493.0,-121.0,93.0
-368.0,-1834.0,215.0,539.0,,81.0,82.0,-406.0,24.0,42.0
-318.0,-1984.0,207.0,609.0,,-57.0,52.0,-249.0,312.0,80.0
-234.0,-1127.0,156.0,645.0,,-118.0,30.0,-162.0,188.0,123.0
-94.0,-51.0,108.0,728.0,,-175.0,4.0,125.0,324.0,56.0
-14.0,717.0,63.0,758.0,,-160.0,-42.0,182.0,428.0,76.0
16.0,1128.0,-16.0,689.0,,-102.0,-117.0,-109.0,-47.0,176.0
21.0,992.0,-106.0,764.0,,0.0,-132.0,-164.0,2.0,189.0
159.0,748.0,-174.0,817.0,,25.0,-141.0,-339.0,-193.0,162.0
267.0,181.0,-230.0,783.0,,-40.0,-161.0,-271.0,-354.0,188.0
195.0,-179.0,-322.0,702.0,,98.0,-180.0,-267.0,-259.0,234.0
135.0,-262.0,-330.0,570.0,,225.0,-214.0,-367.0,-446.0,158.0
160.0,-301.0,-350.0,359.0,,212.0,-227.0,-465.0,-320.0,59.0
218.0,-306.0,-367.0,106.0,,145.0,-292.0,-587.0,-570.0,1.0
178.0,-678.0,-327.0,-134.0,,162.0,-352.0,-282.0,-546.0,-119.0
128.0,-1282.0,-342.0,-391.0,,134.0,-358.0,-81.0,-73.0,-222.0
117.0,-1645.0,-276.0,-524.0,,8.0,-344.0,72.0,58.0,-293.0
107.0,-1325.0,-260.0,-574.0,,146.0,-364.0,-22.0,20.0,-318.0
-6.0,-1523.0,-266.0,-575.0,,282.0,-387.0,-206.0,-4.0,-353.0
-136.0,-1317.0,-222.0,-626.0,,109.0,-338.0,-190.0,109.0,-430.0
-180.0,-47.0,-163.0,-552.0,,-5.0,-302.0,-395.0,159.0,-413.0
-173.0,220.0,-98.0,-295.0,,131.0,-269.0,-458.0,283.0,-333.0
-121.0,403.0,-70.0,-186.0,,358.0,-233.0,-443.0,309.0,-262.0
-135.0,777.0,-25.0,-134.0,,320.0,-232.0,-391.0,423.0,-235.0
-195.0,589.0,-34.0,-67.0,,24.0,-251.0,-397.0,529.0,-147.0
-298.0,444.0,-21.0,62.0,,85.0,-258.0,-485.0,656.0,-26.0
-254.0,492.0,-47.0,148.0,,353.0,-302.0,-569.0,870.0,33.0
-143.0,603.0,-60.0,273.0,,266.0,-380.0,-979.0,770.0,117.0
-105.0,467.0,-86.0,496.0,,-65.0,-392.0,-1295.0,753.0,191.0
-129.0,-233.0,-171.0,547.0,,-91.0,-381.0,-1557.0,642.0,154.0
-183.0,-1272.0,-176.0,497.0,,181.0,-397.0,-1773.0,590.0,78.0
-186.0,-1666.0,-189.0,489.0,,371.0,-403.0,-1585.0,531.0,58.0
-247.0,-1672.0,-120.0,523.0,,388.0,-376.0,-1271.0,298.0,10.0
-213.0,-1901.0,-46.0,456.0,,153.0,-361.0,-781.0,173.0,-113.0
-202.0,-1424.0,22.0,219.0,,25.0,-364.0,-443.0,99.0,-188.0
-228.0,-632.0,94.0,71.0,,58.0,-362.0,-184.0,156.0,-141.0
-215.0,-427.0,141.0,10.0,,90.0,-343.0,18.0,31.0,-133.0
-187.0,-102.0,168.0,-93.0,,200.0,-347.0,-29.0,-150.0,-177.0
-81.0,349.0,151.0,-252.0,,161.0,-412.0,120.0,-297.0,-170.0
-22.0,608.0,206.0,-417.0,,-2.0,-479.0,9.0,-591.0,-171.0
-34.0,1103.0,192.0,-296.0,,-227.0,-555.0,-160.0,-732.0,-187.0
-110.0,1663.0,229.0,-55.0,,-367.0,-587.0,-580.0,-824.0,-221.0
-108.0,2000.0,284.0,128.0,,-279.0,-587.0,-1273.0,-869.0,-242.0
-103.0,1566.0,323.0,321.0,,-241.0,-614.0,-1470.0,-662.0,-287.0
-153.0,312.0,427.0,503.0,,-311.0,-646.0,-1677.0,-672.0,-377.0
-125.0,-453.0,407.0,628.0,,-408.0,-642.0,-1733.0,-699.0,-412.0
-67.0,-683.0,436.0,616.0,,-410.0,-574.0,-1875.0,-521.0,-394.0
-74.0,-859.0,408.0,555.0,,-215.0,-562.0,-1927.0,-662.0,-379.0
-164.0,-586.0,325.0,539.0,,-165.0,-587.0,-1670.0,-534.0,-394.0
-170.0,0.0,273.0,498.0,,-332.0,-587.0,-1424.0,-260.0,-303.0
-130.0,566.0,182.0,283.0,,-342.0,-536.0,-1014.0,-354.0,-145.0
-132.0,931.0,140.0,53.0,,-327.0,-365.0,-888.0,-315.0,-67.0
-132.0,869.0,97.0,-109.0,,-526.0,-175.0,-739.0,-84.0,36.0
-75.0,707.0,66.0,-314.0,,-620.0,-76.0,-663.0,141.0,134.0
24.0,439.0,38.0,-519.0,,-477.0,-45.0,-497.0,206.0,151.0
19.0,163.0,20.0,-698.0,,-367.0,-82.0,-399.0,219.0,102.0
-39.0,-31.0,-26.0,-766.0,,-206.0,-185.0,-689.0,79.0,52.0
-5.0,-348.0,-19.0,-712.0,,-13.0,-288.0,-840.0,-2.0,-8.0
82.0,-197.0,-8.0,-605.0,,-106.0,-377.0,-1223.0,-12.0,-176.0
83.0,-148.0,23.0,-386.0,,-349.0,-384.0,-1256.0,-59.0,-284.0
-20.0,-292.0,90.0,-19.0,,-334.0,-381.0,-1156.0,210.0,-241.0
-96.0,-220.0,119.0,218.0,,-114.0,-434.0,-1208.0,213.0,-245.0
-74.0,-505.0,226.0,236.0,,-27.0,-466.0,-1234.0,174.0,-331.0
-6.0,-924.0,248.0,351.0,,-117.0,-477.0,-1339.0,227.0,-343.0
5.0,-855.0,299.0,487.0,,-212.0,-410.0,-1019.0,123.0,-317.0
-19.0,-314.0,380.0,463.0,,-41.0,-349.0,-851.0,170.0,-346.0
43.0,37.0,461.0,368.0,,146.0,-365.0,-788.0,276.0,-390.0
94.0,650.0,544.0,276.0,,125.0,-384.0,-868.0,500.0,-426.0
95.0,1483.0,570.0,119.0,,88.0,-387.0,-1047.0,433.0,-531.0
90.0,1599.0,613.0,-169.0,,-27.0,-363.0,-964.0,312.0,-614.0
102.0,1304.0,602.0,-404.0,,-166.0,-324.0,-988.0,357.0,-591.0
221.0,675.0,604.0,-557.0,,-148.0,-306.0,-848.0,245.0,-570.0
289.0,-28.0,553.0,-653.0,,-14.0,-289.0,-801.0,122.0,-565.0
316.0,-277.0,514.0,-694.0,,-87.0,-238.0,-857.0,-50.0,-556.0
335.0,-516.0,523.0,-716.0,,-288.0,-190.0,-831.0,43.0,-484.0
340.0,-848.0,476.0,-687.0,,-254.0,-184.0,-857.0,-71.0,-445.0
350.0,-1311.0,457.0,-574.0,,-180.0,-204.0,-757.0,-380.0,-444.0
286.0,-1525.0,456.0,-478.0,,-309.0,-205.0,-779.0,-226.0,-367.0
300.0,-1185.0,417.0,-384.0,,-381.0,-214.0,-703.0,-69.0,-248.0
336.0,-993.0,326.0,-160.0,,-151.0,-220.0,-663.0,0.0,-113.0
393.0,-931.0,261.0,20.0,,60.0,-157.0,-739.0,-107.0,-53.0
426.0,-691.0,135.0,122.0,,-110.0,-101.0,-598.0,-157.0,28.0
409.0,-187.0,47.0,108.0,,-361.0,-64.0,-687.0,-80.0,84.0
430.0,444.0,8.0,38.0,,-274.0,-12.0,-694.0,-59.0,-26.0
408.0,923.0,-82.0,-22.0,,-212.0,5.0,-768.0,139.0,-168.0
451.0,1080.0,-92.0,-9.0,,-388.0,-37.0,-1075.0,233.0,-289.0
505.0,1063.0,-140.0,-1.0,,-354.0,-99.0,-1193.0,90.0,-355.0
514.0,759.0,-181.0,-216.0,,-31.0,-143.0,-1322.0,-125.0,-354.0
479.0,389.0,-208.0,-352.0,,152.0,-240.0,-1335.0,-63.0,-269.0
483.0,-129.0,-231.0,-311.0,,191.0,-344.0,-1406.0,190.0,-149.0
526.0,-934.0,-204.0,-219.0,,285.0,-365.0,-1285.0,297.0,-188.0
493.0,-1071.0,-226.0,-130.0,,252.0,-338.0,-1082.0,113.0,-273.0
463.0,-806.0,-197.0,-16.0,,99.0,-322.0,-870.0,-46.0,-192.0
435.0,-571.0,-124.0,43.0,,97.0,-282.0,-297.0,227.0,-140.0
386.0,-420.0,-64.0,49.0,,339.0,-193.0,38.0,277.0,-238.0
313.0,-290.0,-9.0,-1.0,,444.0,-183.0,219.0,6.0,-216.0
274.0,-319.0,68.0,-141.0,,320.0,-232.0,267.0,-114.0,-116.0
217.0,-371.0,99.0,-264.0,,352.0,-279.0,190.0,-381.0,-173.0
128.0,-207.0,132.0,-330.0,,507.0,-391.0,-88.0,-418.0,-259.0
60.0,-251.0,209.0,-236.0,,437.0,-497.0,-458.0,-71.0,-244.0
11.0,-278.0,263.0,-239.0,,243.0,-542.0,-602.0,-279.0,-243.0
23.0,193.0,346.0,-370.0,,388.0,-587.0,-997.0,-567.0,-267.0
35.0,792.0,377.0,-373.0,,666.0,-582.0,-1156.0,-422.0,-229.0
54.0,857.0,385.0,-193.0,,717.0,-506.0,-1232.0,-363.0,-182.0
118.0,979.0,381.0,48.0,,759.0,-440.0,-1328.0,-269.0,-175.0
160.0,674.0,361.0,208.0,,889.0,-411.0,-1003.0,19.0,-168.0
156.0,226.0,393.0,334.0,,812.0,-370.0,-761.0,-94.0,-80.0
146.0,143.0,373.0,317.0,,556.0,-324.0,-448.0,-335.0,-10.0
106.0,-337.0,399.0,105.0,,514.0,-334.0,-275.0,-137.0,8.0
81.0,-429.0,431.0,31.0,,654.0,-359.0,-240.0,-160.0,98.0
110.0,-289.0,417.0,160.0,,641.0,-343.0,-129.0,-84.0,174.0
187.0,-330.0,436.0,176.0,,585.0,-317.0,38.0,-191.0,186.0
238.0,-461.0,415.0,48.0,,635.0,-318.0,127.0,-389.0,119.0
271.0,-358.0,420.0,-171.0,,627.0,-281.0,-299.0,-402.0,-41.0
314.0,-160.0,375.0,-291.0,,495.0,-251.0,-484.0,-685.0,-215.0
322.0,-27.0,392.0,-245.0,,381.0,-289.0,-546.0,-796.0,-308.0
350.0,506.0,431.0,-287.0,,473.0,-301.0,-558.0,-1077.0,-329.0
383.0,725.0,416.0,-319.0,,703.0,-319.0,-460.0,-601.0,-281.0
434.0,857.0,463.0,-246.0,,836.0,-353.0,-533.0,-789.0,-171.0
395.0,1027.0,416.0,-137.0,,630.0,-400.0,-267.0,-1029.0,-47.0
318.0,1137.0,365.0,-56.0,,453.0,-443.0,-253.0,-121.0,141.0
253.0,786.0,360.0,-7.0,,531.0,-455.0,-345.0,-704.0,313.0
195.0,-185.0,329.0,96.0,,520.0,-486.0,-354.0,-768.0,337.0
175.0,-684.0,312.0,83.0,,479.0,-482.0,-367.0,-728.0,169.0
112.0,-1312.0,329.0,-79.0,,494.0,-417.0,-284.0,-670.0,-23.0
95.0,-1546.0,275.0,-164.0,,600.0,-309.0,-321.0,-140.0,-187.0
161.0,-1298.0,233.0,-118.0,,620.0,-214.0,-155.0,-655.0,-407.0
245.0,-1138.0,224.0,-122.0,,580.0,-206.0,-216.0,-825.0,-596.0
214.0,-475.0,174.0,-219.0,,537.0,-237.0,-299.0,-951.0,-746.0
131.0,106.0,149.0,-188.0,,620.0,-241.0,-205.0,-588.0,-815.0
95.0,573.0,125.0,-15.0,,854.0,-237.0,-162.0,-469.0,-814.0
150.0,1064.0,123.0,145.0,,909.0,-214.0,-3.0,-748.0,-755.0
215.0,1578.0,89.0,217.0,,939.0,-122.0,127.0,-673.0,-654.0
169.0,1704.0,48.0,261.0,,864.0,-38.0,303.0,-833.0,-570.0
203.0,1432.0,20.0,193.0,,731.0,-16.0,338.0,-484.0,-496.0
325.0,1095.0,-16.0,-33.0,,661.0,-40.0,349.0,57.0,-509.0
449.0,760.0,-19.0,-302.0,,743.0,-48.0,266.0,406.0,-552.0
470.0,496.0,-24.0,-483.0,,780.0,-67.0,-114.0,114.0,-603.0
469.0,271.0,0.0,-404.0,,635.0,-135.0,-328.0,16.0,-751.0
567.0,324.0,34.0,-422.0,,585.0,-116.0,-565.0,458.0,-949.0
654.0,-70.0,52.0,-517.0,,692.0,-70.0,-709.0,593.0,-1064.0
702.0,-32.0,116.0,-456.0,,862.0,-63.0,-722.0,305.0,-1133.0
719.0,-96.0,168.0,-429.0,,807.0,-27.0,-918.0,-161.0,-1230.0
762.0,-829.0,218.0,-366.0,,814.0,46.0,-936.0,138.0,-1182.0
802.0,-609.0,307.0,-416.0,,868.0,98.0,-920.0,524.0,-1021.0
777.0,-495.0,370.0,-581.0,,693.0,105.0,-792.0,455.0,-897.0
722.0,-396.0,454.0,-634.0,,381.0,137.0,-659.0,439.0,-722.0
733.0,-181.0,528.0,-671.0,,360.0,127.0,-424.0,293.0,-456.0
819.0,17.0,535.0,-635.0,,680.0,102.0,55.0,-210.0,-254.0
828.0,143.0,552.0,-479.0,,700.0,112.0,145.0,-80.0,-143.0
772.0,-193.0,489.0,-344.0,,427.0,93.0,301.0,206.0,-8.0
718.0,-472.0,396.0,-265.0,,336.0,28.0,317.0,-321.0,104.0
687.0,-846.0,307.0,-363.0,,568.0,-74.0,230.0,-254.0,88.0
689.0,-713.0,152.0,-406.0,,635.0,-128.0,216.0,141.0,-7.0
624.0,-430.0,61.0,-307.0,,555.0,-151.0,81.0,352.0,-29.0
541.0,-18.0,-33.0,-278.0,,607.0,-112.0,249.0,236.0,-84.0
501.0,61.0,-139.0,-81.0,,663.0,-7.0,299.0,-239.0,-172.0
499.0,26.0,-198.0,158.0,,551.0,77.0,288.0,-124.0,-147.0
488.0,-6.0,-227.0,325.0,,503.0,222.0,-11.0,30.0,-94.0
416.0,-845.0,-215.0,415.0,,548.0,359.0,-304.0,20.0,-39.0
352.0,-1346.0,-150.0,360.0,,452.0,459.0,-218.0,-13.0,-3.0
314.0,-1664.0,-101.0,296.0,,612.0,530.0,20.0,103.0,54.0
280.0,-1368.0,-44.0,180.0,,971.0,550.0,554.0,323.0,155.0
248.0,-842.0,9.0,68.0,,980.0,560.0,654.0,60.0,280.0
246.0,21.0,15.0,-69.0,,550.0,497.0,611.0,70.0,385.0
265.0,641.0,87.0,-230.0,,418.0,447.0,679.0,298.0,378.0
244.0,863.0,96.0,-349.0,,802.0,450.0,746.0,117.0,357.0
164.0,1737.0,105.0,-508.0,,1068.0,428.0,737.0,85.0,336.0
102.0,1827.0,127.0,-605.0,,884.0,373.0,343.0,61.0,210.0
41.0,1921.0,119.0,-509.0,,645.0,330.0,75.0,216.0,52.0
-24.0,2058.0,120.0,-264.0,,657.0,265.0,-192.0,643.0,-48.0
-65.0,1868.0,105.0,-169.0,,565.0,160.0,-266.0,302.0,-195.0
-61.0,1026.0,114.0,-245.0,,521.0,121.0,-312.0,179.0,-417.0
-27.0,306.0,81.0,-159.0,,795.0,107.0,-554.0,206.0,-630.0
-93.0,-15.0,58.0,44.0,,858.0,71.0,-491.0,177.0,-791.0
-160.0,-580.0,48.0,95.0,,500.0,55.0,-495.0,524.0,-938.0
-246.0,-421.0,33.0,14.0,,409.0,46.0,-216.0,266.0,-977.0
-271.0,-342.0,-12.0,-51.0,,626.0,37.0,134.0,100.0,-857.0
-211.0,168.0,-37.0,-138.0,,631.0,56.0,192.0,8.0,-725.0
-183.0,520.0,-74.0,-289.0,,465.0,99.0,410.0,294.0,-566.0
-147.0,533.0,-155.0,-443.0,,548.0,179.0,546.0,504.0,-394.0
-133.0,538.0,-133.0,-457.0,,622.0,274.0,622.0,124.0,-228.0
-88.0,132.0,-177.0,-459.0,,350.0,346.0,341.0,132.0,-92.0
-85.0,-82.0,-190.0,-528.0,,24.0,396.0,33.0,63.0,-37.0
-55.0,-628.0,-142.0,-559.0,,90.0,399.0,-59.0,54.0,1.0
0.0,-980.0,-143.0,-362.0,,505.0,425.0,-97.0,302.0,104.0
88.0,-1156.0,-128.0,85.0,,483.0,442.0,84.0,188.0,250.0
207.0,-1044.0,-156.0,306.0,,352.0,430.0,-59.0,-562.0,309.0
289.0,-599.0,-135.0,387.0,,515.0,437.0,-219.0,-485.0,383.0
391.0,-124.0,-174.0,450.0,,717.0,408.0,-266.0,116.0,453.0
386.0,228.0,-227.0,408.0,,694.0,376.0,-147.0,-113.0,441.0
355.0,363.0,-252.0,239.0,,460.0,358.0,107.0,-490.0,486.0
271.0,896.0,-306.0,-134.0,,493.0,384.0,101.0,-536.0,537.0
208.0,1103.0,-284.0,-356.0,,513.0,438.0,351.0,-282.0,534.0
194.0,983.0,-326.0,-318.0,,414.0,415.0,800.0,-37.0,496.0
203.0,883.0,-331.0,-311.0,,479.0,345.0,1343.0,-124.0,550.0
282.0,851.0,-282.0,-498.0,,594.0,236.0,1389.0,-507.0,611.0
323.0,824.0,-281.0,-676.0,,551.0,129.0,977.0,-393.0,610.0
363.0,726.0,-247.0,-735.0,,444.0,74.0,720.0,-287.0,679.0
360.0,575.0,-224.0,-820.0,,421.0,51.0,341.0,-384.0,736.0
339.0,444.0,-240.0,-898.0,,426.0,32.0,134.0,-279.0,792.0
248.0,213.0,-280.0,-837.0,,556.0,-30.0,-312.0,-602.0,823.0
217.0,-266.0,-346.0,-624.0,,620.0,-35.0,-812.0,-770.0,811.0
257.0,-230.0,-415.0,-453.0,,477.0,-4.0,-1128.0,-650.0,778.0
257.0,-397.0,-458.0,-279.0,,350.0,-19.0,-1315.0,-341.0,719.0
271.0,-173.0,-545.0,7.0,,321.0,32.0,-910.0,-12.0,636.0
313.0,222.0,-543.0,173.0,,435.0,132.0,-393.0,-334.0,531.0
391.0,44.0,-540.0,225.0,,462.0,236.0,256.0,-462.0,452.0
345.0,92.0,-554.0,276.0,,367.0,322.0,726.0,-66.0,354.0
281.0,-20.0,-554.0,314.0,,294.0,378.0,1006.0,276.0,266.0
236.0,67.0,-605.0,414.0,,202.0,398.0,1363.0,371.0,198.0
217.0,5.0,-565.0,507.0,,140.0,378.0,1274.0,47.0,130.0
236.0,-106.0,-582.0,521.0,,80.0,355.0,1055.0,-245.0,97.0
210.0,-285.0,-563.0,496.0,,52.0,322.0,774.0,-229.0,100.0
188.0,-419.0,-552.0,440.0,,-46.0,352.0,591.0,-20.0,119.0
224.0,-358.0,-527.0,343.0,,-46.0,454.0,587.0,183.0,123.0
216.0,-686.0,-451.0,293.0,,135.0,565.0,410.0,41.0,136.0
74.0,-1053.0,-441.0,246.0,,139.0,647.0,199.0,-121.0,154.0
0.0,-1221.0,-379.0,177.0,,-129.0,702.0,-33.0,160.0,143.0
8.0,-635.0,-332.0,97.0,,-285.0,771.0,-81.0,278.0,99.0
8.0,-194.0,-249.0,-20.0,,-181.0,825.0,-194.0,222.0,0.0
-4.0,34.0,-202.0,-140.0,,-269.0,863.0,-347.0,406.0,-126.0
-11.0,939.0,-195.0,-250.0,,-403.0,883.0,-303.0,315.0,-208.0
0.0,1519.0,-151.0,-296.0,,-350.0,877.0,-242.0,407.0,-283.0
81.0,1275.0,-126.0,-370.0,,-352.0,842.0,203.0,587.0,-314.0
155.0,1195.0,-133.0,-437.0,,-532.0,783.0,611.0,549.0,-292.0
171.0,1154.0,-91.0,-429.0,,-514.0,730.0,901.0,464.0,-262.0
204.0,567.0,-53.0,-512.0,,-265.0,670.0,1130.0,316.0,-130.0
188.0,297.0,-68.0,-619.0,,-252.0,568.0,1147.0,552.0,68.0
178.0,-4.0,-62.0,-588.0,,-392.0,435.0,1217.0,660.0,276.0
181.0,-484.0,-80.0,-535.0,,-450.0,276.0,1069.0,792.0,494.0
190.0,-543.0,-80.0,-417.0,,-384.0,102.0,1042.0,655.0,748.0
192.0,-603.0,-94.0,-205.0,,-330.0,-44.0,938.0,18.0,954.0
223.0,-900.0,-98.0,53.0,,-273.0,-144.0,639.0,60.0,998.0
265.0,-1166.0,-122.0,287.0,,-133.0,-186.0,437.0,514.0,1026.0
298.0,-1087.0,-87.0,347.0,,-6.0,-193.0,236.0,269.0,1000.0
309.0,-780.0,-19.0,464.0,,-85.0,-149.0,301.0,-270.0,857.0
305.0,-208.0,-5.0,569.0,,-277.0,-21.0,171.0,30.0,798.0
351.0,115.0,50.0,575.0,,-230.0,143.0,129.0,95.0,876.0
419.0,-332.0,88.0,505.0,,-101.0,359.0,219.0,101.0,914.0
481.0,-266.0,91.0,264.0,,-65.0,592.0,230.0,371.0,881.0
476.0,-34.0,116.0,165.0,,45.0,776.0,474.0,-40.0,956.0
506.0,-243.0,171.0,198.0,,125.0,961.0,589.0,-51.0,1079.0
562.0,-209.0,182.0,119.0,,-117.0,1107.0,787.0,114.0,1045.0
524.0,-25.0,178.0,45.0,,-405.0,1211.0,726.0,388.0,930.0
485.0,99.0,141.0,-23.0,,-271.0,1275.0,679.0,653.0,874.0
539.0,-39.0,192.0,-132.0,,-138.0,1222.0,877.0,211.0,796.0
596.0,381.0,169.0,-279.0,,-425.0,1144.0,901.0,211.0,659.0
601.0,493.0,130.0,-514.0,,-575.0,1089.0,927.0,468.0,536.0
568.0,368.0,152.0,-658.0,,-421.0,1045.0,696.0,552.0,452.0
534.0,461.0,113.0,-734.0,,-353.0,1026.0,713.0,556.0,310.0
515.0,232.0,216.0,-771.0,,-477.0,1017.0,909.0,303.0,138.0
494.0,639.0,210.0,-663.0,,-490.0,987.0,927.0,-114.0,35.0
480.0,451.0,277.0,-477.0,,-173.0,863.0,846.0,-54.0,-22.0
440.0,155.0,340.0,-214.0,,-27.0,691.0,471.0,468.0,-153.0
439.0,132.0,357.0,-34.0,,-79.0,486.0,262.0,384.0,-288.0
410.0,-192.0,437.0,84.0,,-45.0,311.0,84.0,45.0,-200.0
356.0,-45.0,387.0,258.0,,-64.0,232.0,-107.0,-298.0,-129.0
249.0,-194.0,392.0,357.0,,-250.0,188.0,-175.0,-85.0,-142.0
88.0,-450.0,321.0,373.0,,-403.0,179.0,-92.0,153.0,-73.0
9.0,-577.0,245.0,366.0,,-242.0,155.0,227.0,-119.0,37.0
-4.0,-537.0,189.0,365.0,,-175.0,171.0,192.0,-122.0,64.0
-25.0,-114.0,122.0,166.0,,-227.0,238.0,131.0,-56.0,29.0
-112.0,-99.0,79.0,-86.0,,-41.0,358.0,171.0,125.0,113.0
-114.0,-285.0,8.0,-124.0,,66.0,541.0,437.0,205.0,116.0
-53.0,-214.0,-4.0,-259.0,,-254.0,694.0,921.0,496.0,-22.0
-63.0,-163.0,-37.0,-501.0,,-697.0,797.0,1186.0,352.0,-86.0
-151.0,-111.0,-35.0,-633.0,,-633.0,817.0,1518.0,-192.0,-56.0
-222.0,-157.0,-11.0,-595.0,,-315.0,788.0,1419.0,-24.0,-33.0
-237.0,54.0,48.0,-374.0,,-267.0,688.0,1206.0,352.0,-27.0
-277.0,530.0,149.0,-231.0,,-315.0,606.0,951.0,121.0,76.0
-371.0,704.0,193.0,-190.0,,-104.0,574.0,497.0,-423.0,183.0
-427.0,692.0,257.0,-48.0,,75.0,510.0,260.0,-396.0,197.0
-360.0,707.0,289.0,51.0,,-154.0,491.0,-147.0,-27.0,267.0
-348.0,790.0,291.0,20.0,,-299.0,490.0,-356.0,423.0,388.0
-401.0,330.0,221.0,-20.0,,-125.0,496.0,-439.0,358.0,456.0
-423.0,-326.0,163.0,-41.0,,-96.0,427.0,-373.0,66.0,445.0
-395.0,-652.0,146.0,-108.0,,-277.0,319.0,-199.0,80.0,477.0
-344.0,-1210.0,77.0,-210.0,,-122.0,262.0,-230.0,243.0,527.0
-337.0,-1114.0,86.0,-390.0,,94.0,153.0,83.0,312.0,453.0
-330.0,-777.0,74.0,-563.0,,-141.0,40.0,441.0,527.0,410.0
-286.0,-668.0,88.0,-606.0,,-409.0,-37.0,820.0,544.0,415.0
-230.0,-41.0,83.0,-619.0,,-335.0,-76.0,955.0,-88.0,411.0
-163.0,226.0,94.0,-579.0,,-131.0,-54.0,835.0,305.0,380.0
-128.0,343.0,139.0,-418.0,,-133.0,10.0,914.0,821.0,406.0
-154.0,378.0,142.0,-217.0,,-162.0,114.0,892.0,443.0,478.0
-135.0,224.0,136.0,-125.0,,-275.0,216.0,1019.0,154.0,437.0
-70.0,121.0,101.0,-18.0,,-391.0,302.0,1071.0,247.0,401.0
48.0,-161.0,135.0,223.0,,-365.0,369.0,1193.0,375.0,417.0
137.0,-761.0,125.0,541.0,,-423.0,390.0,1261.0,565.0,430.0
174.0,-1234.0,145.0,709.0,,-335.0,408.0,977.0,744.0,386.0
227.0,-1252.0,191.0,657.0,,-181.0,440.0,711.0,358.0,394.0
258.0,-1507.0,196.0,594.0,,-125.0,437.0,291.0,292.0,445.0
271.0,-1438.0,255.0,422.0,,-85.0,434.0,57.0,211.0,392.0
196.0,-810.0,268.0,181.0,,-79.0,437.0,-179.0,187.0,312.0
132.0,-366.0,268.0,-31.0,,-152.0,391.0,-338.0,487.0,249.0
145.0,54.0,318.0,-274.0,,-332.0,314.0,-282.0,210.0,208.0
209.0,718.0,311.0,-534.0,,-485.0,271.0,-395.0,46.0,122.0
219.0,792.0,246.0,-679.0,,-457.0,267.0,-168.0,153.0,54.0
189.0,749.0,248.0,-721.0,,-325.0,221.0,134.0,56.0,6.0
246.0,681.0,266.0,-692.0,,-227.0,120.0,190.0,43.0,-78.0
286.0,342.0,235.0,-553.0,,-308.0,18.0,197.0,100.0,-148.0
255.0,-52.0,236.0,-581.0,,-402.0,-83.0,142.0,-117.0,-190.0
211.0,-848.0,251.0,-660.0,,-271.0,-156.0,121.0,-356.0,-192.0
234.0,-801.0,263.0,-622.0,,-337.0,-185.0,62.0,10.0,-223.0
289.0,-633.0,321.0,-494.0,,-527.0,-188.0,254.0,502.0,-210.0
310.0,-880.0,358.0,-280.0,,-511.0,-169.0,254.0,76.0,-97.0
226.0,-966.0,418.0,-120.0,,-468.0,-151.0,112.0,-346.0,44.0
157.0,-688.0,493.0,38.0,,-484.0,-154.0,194.0,73.0,226.0
145.0,-137.0,510.0,236.0,,-488.0,-144.0,9.0,199.0,418.0
113.0,278.0,523.0,280.0,,-481.0,-88.0,-49.0,-35.0,570.0
82.0,169.0,523.0,121.0,,-578.0,-17.0,-20.0,-129.0,658.0
55.0,-56.0,538.0,82.0,,-708.0,58.0,219.0,-630.0,686.0
110.0,779.0,527.0,181.0,,-607.0,124.0,439.0,-879.0,733.0
155.0,1203.0,493.0,389.0,,-270.0,213.0,465.0,-717.0,699.0
187.0,767.0,539.0,606.0,,-158.0,316.0,509.0,-801.0,564.0
158.0,212.0,516.0,560.0,,-253.0,370.0,249.0,-757.0,509.0
88.0,12.0,446.0,312.0,,-378.0,388.0,171.0,-910.0,440.0
90.0,-145.0,404.0,-17.0,,-484.0,381.0,116.0,-893.0,299.0
98.0,-170.0,334.0,-279.0,,-562.0,382.0,260.0,-161.0,228.0
106.0,197.0,322.0,-280.0,,-595.0,330.0,552.0,331.0,190.0
90.0,393.0,281.0,-113.0,,-483.0,248.0,685.0,38.0,112.0
93.0,567.0,289.0,-20.0,,-616.0,208.0,964.0,-330.0,110.0
122.0,679.0,321.0,16.0,,-818.0,137.0,923.0,-20.0,221.0
141.0,534.0,323.0,88.0,,-712.0,65.0,960.0,621.0,342.0
103.0,-258.0,336.0,283.0,,-492.0,32.0,955.0,676.0,434.0
17.0,-98.0,281.0,420.0,,-666.0,0.0,602.0,500.0,481.0
-11.0,0.0,302.0,361.0,,-1022.0,-2.0,240.0,448.0,513.0
-59.0,-186.0,295.0,292.0,,-767.0,18.0,-262.0,485.0,548.0
-206.0,82.0,272.0,272.0,,-371.0,41.0,-430.0,965.0,508.0
-300.0,-386.0,280.0,307.0,,-425.0,77.0,-561.0,925.0,422.0
-342.0,-185.0,311.0,364.0,,-674.0,107.0,-674.0,576.0,311.0
-390.0,-39.0,344.0,422.0,,-699.0,143.0,-558.0,159.0,145.0
-425.0,274.0,310.0,491.0,,-594.0,162.0,-502.0,-153.0,-3.0
-481.0,962.0,373.0,472.0,,-571.0,127.0,-304.0,313.0,-137.0
-514.0,1196.0,408.0,408.0,,-517.0,54.0,-212.0,64.0,-240.0
-462.0,1561.0,443.0,561.0,,-631.0,-22.0,175.0,-504.0,-328.0
-359.0,1829.0,465.0,698.0,,-843.0,-94.0,473.0,-513.0,-416.0
-329.0,2128.0,488.0,654.0,,-799.0,-154.0,404.0,-521.0,-430.0
-294.0,1817.0,535.0,568.0,,-467.0,-151.0,419.0,-349.0,-414.0
-204.0,813.0,505.0,476.0,,-283.0,-133.0,236.0,-31.0,-454.0
-128.0,331.0,522.0,453.0,,-633.0,-121.0,131.0,-181.0,-487.0
-115.0,31.0,525.0,387.0,,-824.0,-68.0,-151.0,-427.0,-453.0
-104.0,-952.0,530.0,245.0,,-431.0,-17.0,-493.0,100.0,-455.0
-82.0,-1156.0,509.0,81.0,,-93.0,23.0,-783.0,372.0,-466.0
-86.0,-686.0,459.0,-85.0,,-319.0,77.0,-903.0,397.0,-490.0
-67.0,-719.0,455.0,-302.0,,-527.0,181.0,-792.0,-16.0,-546.0
-110.0,-276.0,443.0,-501.0,,-414.0,235.0,-851.0,-504.0,-582.0
-155.0,20.0,366.0,-566.0,,-739.0,189.0,-624.0,141.0,-663.0
-167.0,-286.0,319.0,-583.0,,-899.0,155.0,-277.0,288.0,-754.0
-187.0,-453.0,304.0,-664.0,,-434.0,68.0,229.0,-128.0,-824.0
-259.0,-334.0,246.0,-657.0,,-90.0,-10.0,552.0,-368.0,-877.0
-365.0,-93.0,231.0,-490.0,,-372.0,-36.0,489.0,15.0,-915.0
-471.0,92.0,203.0,-412.0,,-744.0,-77.0,485.0,310.0,-922.0
-556.0,658.0,232.0,-419.0,,-370.0,-127.0,267.0,59.0,-878.0
-537.0,1192.0,289.0,-371.0,,36.0,-169.0,199.0,322.0,-837.0
-533.0,1667.0,277.0,-214.0,,-28.0,-181.0,49.0,171.0,-822.0
-549.0,1838.0,294.0,-41.0,,-338.0,-212.0,-216.0,-128.0,-744.0
-537.0,1332.0,350.0,98.0,,-290.0,-180.0,-363.0,242.0,-641.0
-528.0,1060.0,314.0,149.0,,70.0,-141.0,-593.0,524.0,-627.0
-568.0,831.0,284.0,163.0,,-39.0,-187.0,-565.0,75.0,-531.0
-584.0,491.0,278.0,260.0,,-335.0,-229.0,-642.0,-479.0,-366.0
-529.0,319.0,244.0,144.0,,-391.0,-309.0,-545.0,-695.0,-264.0
-477.0,232.0,227.0,-12.0,,-295.0,-366.0,-227.0,-591.0,-183.0
-441.0,-82.0,142.0,34.0,,-300.0,-382.0,-181.0,-392.0,-78.0
-398.0,-439.0,157.0,75.0,,-360.0,-370.0,-53.0,-604.0,49.0
-316.0,-792.0,154.0,50.0,,-431.0,-257.0,-27.0,-769.0,66.0
-252.0,-1104.0,104.0,8.0,,-545.0,-186.0,0.0,-873.0,51.0
-215.0,-1380.0,109.0,99.0,,-622.0,-168.0,92.0,-744.0,123.0
-243.0,-1248.0,130.0,54.0,,-559.0,-121.0,269.0,-543.0,168.0
-255.0,-300.0,175.0,-179.0,,-498.0,-136.0,397.0,-308.0,134.0
-274.0,-261.0,185.0,-305.0,,-472.0,-193.0,362.0,-495.0,154.0
-309.0,-397.0,237.0,-305.0,,-421.0,-241.0,500.0,-906.0,261.0
-316.0,-169.0,289.0,-238.0,,-488.0,-325.0,519.0,-436.0,306.0
-383.0,-141.0,301.0,-194.0,,-485.0,-417.0,606.0,-210.0,310.0
-433.0,-316.0,286.0,-113.0,,-420.0,-487.0,604.0,47.0,366.0
-403.0,-945.0,276.0,-32.0,,-321.0,-549.0,443.0,-275.0,411.0
-331.0,-551.0,265.0,48.0,,-394.0,-575.0,317.0,-859.0,384.0
-329.0,-335.0,252.0,87.0,,-396.0,-584.0,59.0,-87.0,374.0
-331.0,-474.0,232.0,193.0,,-227.0,-573.0,-5.0,371.0,433.0
-344.0,-98.0,242.0,493.0,,-134.0,-573.0,-94.0,276.0,469.0
-362.0,30.0,289.0,649.0,,59.0,-599.0,-109.0,237.0,413.0
-380.0,-152.0,293.0,557.0,,-37.0,-550.0,-70.0,-36.0,397.0
-437.0,-398.0,301.0,479.0,,-271.0,-458.0,-208.0,246.0,442.0
-476.0,-139.0,328.0,401.0,,-421.0,-390.0,-136.0,1059.0,368.0
-498.0,-578.0,358.0,231.0,,-501.0,-336.0,-110.0,712.0,286.0
-494.0,-864.0,343.0,194.0,,-463.0,-303.0,-97.0,275.0,236.0
-572.0,-241.0,354.0,211.0,,-467.0,-350.0,-123.0,355.0,108.0
-602.0,432.0,353.0,88.0,,-350.0,-443.0,-249.0,510.0,7.0
-587.0,840.0,364.0,-155.0,,-116.0,-525.0,-236.0,839.0,-6.0
-640.0,853.0,403.0,-369.0,,-11.0,-620.0,-410.0,397.0,58.0
-679.0,1657.0,385.0,-400.0,,-200.0,-662.0,-463.0,152.0,86.0
-645.0,1636.0,403.0,-399.0,,-379.0,-688.0,-349.0,172.0,136.0
-554.0,912.0,400.0,-461.0,,-285.0,-748.0,-59.0,86.0,291.0
-493.0,897.0,365.0,-352.0,,-195.0,-795.0,280.0,277.0,371.0
-413.0,458.0,349.0,-140.0,,-363.0,-861.0,375.0,172.0,361.0
-346.0,88.0,339.0,-117.0,,-445.0,-944.0,539.0,-336.0,366.0
-310.0,309.0,312.0,-52.0,,-458.0,-1009.0,367.0,-694.0,354.0
-296.0,668.0,304.0,60.0,,-644.0,-988.0,149.0,-560.0,237.0
-318.0,421.0,255.0,84.0,,-677.0,-871.0,-145.0,-300.0,103.0
-318.0,346.0,213.0,128.0,,-461.0,-696.0,-452.0,-402.0,-24.0
-305.0,765.0,194.0,20.0,,-156.0,-479.0,-376.0,-689.0,-196.0
-315.0,627.0,99.0,-6.0,,-158.0,-303.0,-375.0,-661.0,-364.0
-307.0,561.0,58.0,184.0,,-440.0,-210.0,-290.0,-168.0,-441.0
-277.0,696.0,-17.0,276.0,,-600.0,-172.0,-216.0,70.0,-482.0
-300.0,496.0,-93.0,315.0,,-596.0,-146.0,-24.0,-122.0,-583.0
-377.0,121.0,-102.0,366.0,,-690.0,-134.0,-9.0,25.0,-636.0
-400.0,-48.0,-109.0,456.0,,-713.0,-149.0,-35.0,-52.0,-683.0
-388.0,-60.0,-58.0,501.0,,-532.0,-204.0,218.0,43.0,-739.0
-427.0,-40.0,-7.0,378.0,,-512.0,-326.0,269.0,666.0,-748.0
-462.0,65.0,11.0,276.0,,-521.0,-458.0,533.0,559.0,-682.0
-493.0,334.0,79.0,272.0,,-549.0,-578.0,642.0,161.0,-587.0
-499.0,735.0,148.0,217.0,,-483.0,-667.0,447.0,-143.0,-532.0
-456.0,687.0,145.0,83.0,,-479.0,-738.0,160.0,-13.0,-385.0
-426.0,633.0,185.0,-34.0,,-497.0,-802.0,-20.0,447.0,-151.0
-406.0,786.0,213.0,-44.0,,-264.0,-821.0,77.0,145.0,25.0
-338.0,818.0,208.0,41.0,,-248.0,-857.0,88.0,-302.0,175.0
-299.0,750.0,227.0,-56.0,,-283.0,-910.0,334.0,-243.0,399.0
-315.0,233.0,215.0,-248.0,,-151.0,-884.0,448.0,304.0,538.0
-310.0,-330.0,232.0,-366.0,,-92.0,-851.0,291.0,214.0,526.0
-247.0,-633.0,273.0,-453.0,,-306.0,-839.0,266.0,-85.0,490.0
-196.0,-603.0,243.0,-470.0,,-379.0,-818.0,203.0,-65.0,474.0
-199.0,-393.0,264.0,-510.0,,-95.0,-827.0,260.0,-625.0,379.0
-147.0,-555.0,275.0,-500.0,,57.0,-813.0,267.0,-494.0,191.0
-117.0,-592.0,252.0,-456.0,,-120.0,-750.0,315.0,-20.0,51.0
-75.0,181.0,292.0,-484.0,,-244.0,-684.0,343.0,-112.0,-82.0
-51.0,520.0,284.0,-562.0,,4.0,-598.0,175.0,-415.0,-190.0
-77.0,17.0,297.0,-546.0,,45.0,-467.0,116.0,-360.0,-280.0
-112.0,320.0,335.0,-288.0,,-114.0,-368.0,-88.0,-60.0,-286.0
-193.0,566.0,312.0,-34.0,,-51.0,-336.0,-186.0,12.0,-227.0
-268.0,-14.0,277.0,10.0,,184.0,-340.0,-343.0,-196.0,-187.0
-370.0,-91.0,273.0,133.0,,171.0,-361.0,-511.0,-345.0,-5.0
-466.0,-26.0,183.0,408.0,,-45.0,-412.0,-428.0,-238.0,204.0
-543.0,-494.0,100.0,505.0,,-10.0,-469.0,-563.0,-421.0,322.0
-574.0,-765.0,85.0,495.0,,81.0,-457.0,-461.0,-157.0,419.0
-574.0,-939.0,40.0,593.0,,129.0,-456.0,-375.0,169.0,588.0
-582.0,-1215.0,23.0,721.0,,75.0,-470.0,-284.0,-186.0,686.0
-596.0,-1080.0,7.0,640.0,,16.0,-426.0,-190.0,-442.0,646.0
-576.0,-1033.0,-47.0,479.0,,-127.0,-375.0,-380.0,-133.0,597.0
-526.0,-725.0,-91.0,484.0,,-222.0,-330.0,-437.0,39.0,467.0
-495.0,-37.0,-120.0,383.0,,-38.0,-259.0,-434.0,-243.0,282.0
-406.0,194.0,-212.0,207.0,,88.0,-239.0,-347.0,-676.0,111.0
-318.0,215.0,-235.0,207.0,,27.0,-293.0,-471.0,-744.0,-9.0
-254.0,115.0,-232.0,210.0,,-138.0,-373.0,-367.0,-82.0,-75.0
-212.0,-194.0,-269.0,52.0,,-83.0,-442.0,-77.0,310.0,-120.0
-221.0,-604.0,-299.0,-111.0,,96.0,-520.0,79.0,72.0,-195.0
-226.0,-303.0,-277.0,-121.0,,91.0,-685.0,471.0,82.0,-267.0
-218.0,442.0,-227.0,-1.0,,-31.0,-795.0,452.0,237.0,-310.0
-236.0,506.0,-243.0,138.0,,-21.0,-855.0,347.0,68.0,-339.0
-278.0,619.0,-145.0,186.0,,-47.0,-896.0,349.0,336.0,-324.0
-286.0,1008.0,-64.0,219.0,,-146.0,-864.0,345.0,415.0,-288.0
-229.0,1310.0,8.0,313.0,,-11.0,-806.0,443.0,188.0,-217.0
-149.0,932.0,102.0,411.0,,118.0,-748.0,306.0,352.0,-144.0
-88.0,5.0,133.0,503.0,,110.0,-726.0,349.0,812.0,-71.0
-48.0,-409.0,217.0,512.0,,-4.0,-666.0,149.0,1187.0,0.0
-24.0,-1073.0,237.0,379.0,,172.0,-577.0,-84.0,933.0,29.0
-4.0,-1592.0,230.0,176.0,,383.0,-472.0,-97.0,692.0,-13.0
2.0,-1408.0,229.0,-15.0,,275.0,-314.0,-439.0,798.0,-108.0
0.0,-1427.0,209.0,-200.0,,298.0,-163.0,-448.0,840.0,-174.0
-34.0,-1267.0,138.0,-349.0,,262.0,-43.0,-360.0,723.0,-224.0
-30.0,-685.0,90.0,-474.0,,394.0,43.0,-266.0,735.0,-309.0
6.0,-473.0,49.0,-684.0,,582.0,133.0,-182.0,506.0,-416.0
27.0,-524.0,-18.0,-808.0,,513.0,236.0,-238.0,253.0,-490.0
31.0,-226.0,-6.0,-724.0,,464.0,325.0,-306.0,449.0,-543.0
22.0,-366.0,-39.0,-609.0,,284.0,438.0,-615.0,698.0,-558.0
52.0,-596.0,-53.0,-457.0,,249.0,493.0,-593.0,726.0,-534.0
131.0,-547.0,-60.0,-183.0,,361.0,471.0,-587.0,628.0,-452.0
190.0,-633.0,-96.0,110.0,,397.0,454.0,-473.0,390.0,-385.0
197.0,-359.0,-109.0,276.0,,352.0,452.0,-321.0,137.0,-358.0
245.0,-178.0,-148.0,330.0,,226.0,438.0,-594.0,243.0,-251.0
271.0,43.0,-158.0,405.0,,239.0,373.0,-777.0,217.0,-207.0
312.0,518.0,-182.0,406.0,,196.0,350.0,-968.0,-184.0,-239.0
345.0,753.0,-159.0,221.0,,204.0,344.0,-868.0,-495.0,-241.0
348.0,1099.0,-119.0,39.0,,260.0,317.0,-820.0,-83.0,-269.0
388.0,1365.0,-126.0,-42.0,,231.0,268.0,-811.0,231.0,-358.0
387.0,1033.0,-128.0,-60.0,,137.0,237.0,-572.0,18.0,-465.0
348.0,1004.0,-156.0,53.0,,88.0,260.0,-437.0,176.0,-525.0
281.0,1292.0,-173.0,252.0,,254.0,243.0,-288.0,88.0,-607.0
265.0,933.0,-191.0,507.0,,166.0,232.0,-212.0,204.0,-647.0
217.0,723.0,-186.0,744.0,,158.0,207.0,24.0,579.0,-559.0
124.0,637.0,-220.0,820.0,,260.0,247.0,101.0,229.0,-488.0
48.0,-229.0,-251.0,908.0,,192.0,347.0,18.0,-68.0,-482.0
-35.0,-573.0,-250.0,922.0,,266.0,401.0,16.0,-391.0,-449.0
-83.0,-613.0,-268.0,738.0,,248.0,455.0,-114.0,-186.0,-375.0
-169.0,-1394.0,-248.0,582.0,,138.0,455.0,-182.0,146.0,-386.0
-241.0,-1301.0,-222.0,445.0,,-1.0,438.0,-319.0,-165.0,-471.0
-270.0,-1417.0,-146.0,293.0,,-9.0,420.0,-524.0,-384.0,-501.0
-268.0,-1722.0,-118.0,132.0,,4.0,374.0,-576.0,-772.0,-531.0
-261.0,-1007.0,-79.0,5.0,,-62.0,364.0,-521.0,-321.0,-628.0
-292.0,-791.0,-52.0,12.0,,51.0,398.0,-421.0,-44.0,-742.0
-298.0,-563.0,-58.0,71.0,,160.0,415.0,-336.0,-417.0,-842.0
-315.0,-48.0,-30.0,85.0,,224.0,411.0,-212.0,-202.0,-952.0
-334.0,879.0,-34.0,35.0,,184.0,432.0,-219.0,-153.0,-1028.0
-311.0,1430.0,7.0,0.0,,156.0,402.0,-426.0,-289.0,-1016.0
-259.0,1640.0,9.0,23.0,,321.0,313.0,-533.0,-256.0,-1001.0
-259.0,1754.0,0.0,66.0,,324.0,257.0,-846.0,29.0,-966.0
-277.0,1126.0,23.0,121.0,,82.0,243.0,-1116.0,-152.0,-811.0
-217.0,697.0,41.0,228.0,,87.0,309.0,-1213.0,-383.0,-634.0
-150.0,-20.0,47.0,384.0,,444.0,381.0,-1322.0,-3.0,-528.0
-139.0,-337.0,62.0,439.0,,552.0,433.0,-1184.0,165.0,-415.0
-162.0,-938.0,74.0,275.0,,402.0,529.0,-1023.0,371.0,-288.0
-156.0,-1057.0,106.0,61.0,,413.0,554.0,-691.0,593.0,-217.0
-111.0,-504.0,127.0,-110.0,,334.0,511.0,-639.0,187.0,-194.0
-132.0,-845.0,109.0,-311.0,,133.0,456.0,-667.0,202.0,-133.0
-210.0,-569.0,154.0,-415.0,,39.0,400.0,-591.0,760.0,-17.0
-177.0,-601.0,135.0,-471.0,,65.0,307.0,-737.0,409.0,-38.0
-94.0,-350.0,152.0,-438.0,,95.0,171.0,-716.0,12.0,-162.0
-42.0,14.0,164.0,-306.0,,-31.0,83.0,-731.0,144.0,-160.0
0.0,5.0,178.0,-169.0,,85.0,41.0,-448.0,141.0,-170.0
23.0,-137.0,235.0,75.0,,390.0,32.0,-310.0,55.0,-302.0
52.0,-605.0,197.0,212.0,,269.0,49.0,-242.0,-141.0,-355.0
49.0,-412.0,215.0,109.0,,-163.0,109.0,-72.0,225.0,-316.0
42.0,-877.0,182.0,-83.0,,-367.0,204.0,-164.0,265.0,-373.0
38.0,-1269.0,146.0,-200.0,,-143.0,288.0,-59.0,-161.0,-481.0
45.0,-1123.0,127.0,-328.0,,-68.0,359.0,-301.0,322.0,-509.0
53.0,-607.0,87.0,-449.0,,-216.0,389.0,-426.0,312.0,-501.0
38.0,-141.0,126.0,-380.0,,41.0,335.0,-260.0,-391.0,-542.0
-21.0,-173.0,128.0,-294.0,,384.0,261.0,-136.0,-293.0,-581.0
-81.0,628.0,81.0,-168.0,,118.0,168.0,31.0,165.0,-533.0
-104.0,1196.0,58.0,-73.0,,-375.0,1.0,-25.0,-83.0,-468.0
-98.0,923.0,66.0,-117.0,,-502.0,-140.0,-48.0,-317.0,-443.0
-70.0,525.0,57.0,-117.0,,-449.0,-249.0,-253.0,-371.0,-376.0
-86.0,257.0,35.0,-66.0,,-431.0,-314.0,-327.0,-443.0,-276.0
-28.0,-279.0,36.0,-40.0,,-344.0,-294.0,-275.0,-255.0,-248.0
91.0,-924.0,44.0,-94.0,,-141.0,-227.0,-362.0,-443.0,-202.0
156.0,-1323.0,0.0,-223.0,,-82.0,-162.0,-267.0,-391.0,-83.0
125.0,-1252.0,-7.0,-346.0,,-218.0,-90.0,-303.0,-298.0,-16.0
96.0,-819.0,14.0,-381.0,,-298.0,6.0,-327.0,-761.0,-51.0
165.0,-428.0,-16.0,-347.0,,-219.0,81.0,-404.0,-719.0,-91.0
224.0,7.0,16.0,-259.0,,-103.0,136.0,-591.0,-459.0,-83.0
205.0,-15.0,5.0,-169.0,,-163.0,154.0,-670.0,-542.0,-138.0
172.0,447.0,-17.0,-169.0,,-187.0,143.0,-811.0,-510.0,-220.0
266.0,501.0,51.0,-110.0,,-81.0,129.0,-750.0,-436.0,-218.0
342.0,227.0,14.0,-34.0,,-4.0,91.0,-585.0,-100.0,-162.0
312.0,487.0,24.0,89.0,,115.0,81.0,-497.0,67.0,-175.0
255.0,126.0,71.0,377.0,,210.0,140.0,-415.0,-125.0,-213.0
219.0,186.0,78.0,645.0,,100.0,196.0,-275.0,3.0,-198.0
216.0,-96.0,129.0,761.0,,-16.0,213.0,-31.0,83.0,-249.0
181.0,-477.0,114.0,727.0,,94.0,250.0,22.0,193.0,-307.0
143.0,-393.0,159.0,557.0,,133.0,245.0,-16.0,390.0,-267.0
135.0,-383.0,179.0,260.0,,144.0,154.0,-145.0,314.0,-196.0
175.0,-56.0,166.0,17.0,,187.0,31.0,-195.0,160.0,-202.0
181.0,-345.0,213.0,-124.0,,106.0,-76.0,-179.0,139.0,-213.0
146.0,-675.0,254.0,-199.0,,183.0,-178.0,-247.0,299.0,-157.0
77.0,-470.0,274.0,-153.0,,351.0,-303.0,-164.0,480.0,-105.0
31.0,-316.0,281.0,-93.0,,342.0,-431.0,-218.0,532.0,-91.0
55.0,-67.0,286.0,-113.0,,28.0,-559.0,-192.0,242.0,-83.0
32.0,695.0,270.0,-149.0,,-192.0,-645.0,-181.0,-199.0,-28.0
23.0,1278.0,269.0,-158.0,,-53.0,-649.0,-238.0,-35.0,12.0
57.0,1880.0,216.0,-109.0,,56.0,-593.0,-290.0,254.0,39.0
84.0,2498.0,180.0,8.0,,102.0,-526.0,-524.0,4.0,52.0
94.0,2486.0,147.0,140.0,,78.0,-439.0,-430.0,-278.0,52.0
60.0,2468.0,116.0,315.0,,85.0,-308.0,-325.0,-224.0,64.0
-28.0,1948.0,50.0,466.0,,116.0,-163.0,-68.0,-374.0,73.0
-65.0,1491.0,-21.0,486.0,,48.0,-18.0,230.0,-487.0,67.0
12.0,938.0,-23.0,424.0,,38.0,140.0,388.0,-490.0,58.0
55.0,-269.0,-56.0,422.0,,205.0,274.0,659.0,-911.0,88.0
26.0,-1321.0,-31.0,470.0,,404.0,394.0,469.0,-878.0,99.0
12.0,-1981.0,25.0,382.0,,397.0,505.0,288.0,-807.0,136.0
22.0,-2048.0,110.0,266.0,,435.0,537.0,14.0,-743.0,171.0
40.0,-2555.0,134.0,187.0,,414.0,528.0,-201.0,-444.0,162.0
7.0,-2621.0,175.0,64.0,,232.0,478.0,-101.0,-580.0,138.0
-25.0,-1665.0,244.0,-43.0,,259.0,397.0,-181.0,-683.0,96.0
53.0,-1178.0,268.0,-128.0,,379.0,328.0,-16.0,-490.0,66.0
135.0,-894.0,309.0,-152.0,,401.0,241.0,-3.0,-39.0,47.0
189.0,-496.0,291.0,-229.0,,442.0,137.0,60.0,21.0,51.0
215.0,188.0,319.0,-364.0,,567.0,-8.0,192.0,-27.0,7.0
235.0,341.0,284.0,-332.0,,590.0,-132.0,49.0,-3.0,-51.0
252.0,-34.0,214.0,-125.0,,541.0,-195.0,18.0,-110.0,-91.0
261.0,-26.0,205.0,77.0,,644.0,-251.0,-290.0,237.0,-116.0
341.0,-39.0,174.0,126.0,,761.0,-313.0,-487.0,71.0,-123.0
388.0,51.0,163.0,164.0,,713.0,-378.0,-532.0,-319.0,-84.0
445.0,-193.0,100.0,404.0,,617.0,-409.0,-521.0,-281.0,-16.0
484.0,-145.0,37.0,622.0,,698.0,-397.0,-264.0,-258.0,-63.0
494.0,263.0,25.0,551.0,,832.0,-371.0,-7.0,-123.0,-90.0
543.0,-67.0,-55.0,423.0,,821.0,-372.0,430.0,-181.0,-58.0
563.0,301.0,-89.0,360.0,,761.0,-345.0,637.0,-67.0,-94.0
597.0,883.0,-111.0,260.0,,909.0,-286.0,685.0,87.0,-145.0
620.0,678.0,-136.0,118.0,,1103.0,-280.0,563.0,-15.0,-102.0
669.0,627.0,-79.0,-17.0,,739.0,-277.0,363.0,-78.0,-35.0
672.0,740.0,-69.0,-93.0,,427.0,-285.0,275.0,-27.0,-24.0
645.0,795.0,28.0,-193.0,,633.0,-316.0,-72.0,-120.0,52.0
679.0,49.0,108.0,-319.0,,670.0,-322.0,-330.0,-559.0,147.0
629.0,-492.0,117.0,-432.0,,480.0,-312.0,-899.0,-421.0,142.0
527.0,277.0,162.0,-414.0,,417.0,-229.0,-1393.0,-119.0,120.0
422.0,133.0,164.0,-328.0,,629.0,-116.0,-1520.0,-348.0,150.0
400.0,-744.0,191.0,-377.0,,734.0,-29.0,-1537.0,-701.0,160.0
401.0,43.0,202.0,-299.0,,500.0,65.0,-1023.0,-1057.0,105.0
315.0,698.0,192.0,-134.0,,313.0,160.0,-487.0,-786.0,82.0
245.0,202.0,170.0,-159.0,,298.0,239.0,190.0,-431.0,151.0
233.0,339.0,151.0,-358.0,,191.0,333.0,713.0,-539.0,163.0
284.0,656.0,102.0,-500.0,,131.0,419.0,946.0,-321.0,159.0
319.0,446.0,35.0,-574.0,,398.0,411.0,1167.0,-357.0,289.0
332.0,112.0,13.0,-747.0,,628.0,344.0,936.0,-339.0,405.0
316.0,381.0,-56.0,-874.0,,569.0,239.0,665.0,-4.0,464.0
322.0,125.0,-88.0,-958.0,,464.0,172.0,352.0,20.0,546.0
335.0,-677.0,-137.0,-989.0,,523.0,105.0,59.0,-49.0,668.0
323.0,-806.0,-179.0,-987.0,,522.0,0.0,-184.0,-235.0,734.0
289.0,-1127.0,-168.0,-1017.0,,365.0,-52.0,-521.0,-194.0,692.0
259.0,-1200.0,-198.0,-998.0,,452.0,-188.0,-809.0,-203.0,690.0
297.0,-1224.0,-163.0,-882.0,,701.0,-341.0,-1106.0,-372.0,683.0
277.0,-1224.0,-138.0,-763.0,,683.0,-383.0,-1147.0,-381.0,616.0
261.0,-572.0,-87.0,-617.0,,455.0,-393.0,-1278.0,-233.0,550.0
228.0,-487.0,-78.0,-319.0,,402.0,-398.0,-1104.0,-266.0,542.0
215.0,-444.0,-97.0,-35.0,,565.0,-353.0,-583.0,-276.0,532.0
220.0,-48.0,-67.0,200.0,,583.0,-254.0,-181.0,167.0,453.0
217.0,132.0,-105.0,342.0,,463.0,-191.0,410.0,137.0,439.0
234.0,350.0,-112.0,423.0,,396.0,-177.0,659.0,-147.0,438.0
234.0,164.0,-120.0,435.0,,392.0,-160.0,890.0,-84.0,429.0
315.0,212.0,-87.0,297.0,,437.0,-129.0,890.0,-14.0,462.0
327.0,416.0,-94.0,146.0,,482.0,-84.0,628.0,-222.0,516.0
304.0,477.0,-125.0,-65.0,,610.0,13.0,628.0,-706.0,577.0
302.0,560.0,-122.0,-365.0,,647.0,89.0,301.0,-613.0,569.0
377.0,300.0,-142.0,-598.0,,561.0,99.0,36.0,-413.0,591.0
446.0,-200.0,-190.0,-619.0,,580.0,92.0,-188.0,-726.0,698.0
390.0,-1015.0,-232.0,-480.0,,614.0,78.0,-354.0,-524.0,744.0
339.0,-878.0,-241.0,-201.0,,659.0,82.0,-441.0,-384.0,729.0
318.0,-386.0,-265.0,-37.0,,779.0,126.0,-480.0,-524.0,768.0
346.0,30.0,-235.0,-18.0,,872.0,197.0,-266.0,-468.0,774.0
264.0,324.0,-289.0,148.0,,778.0,303.0,-97.0,-476.0,702.0
120.0,62.0,-288.0,223.0,,589.0,414.0,234.0,-515.0,631.0
62.0,126.0,-245.0,157.0,,525.0,423.0,229.0,-673.0,535.0
131.0,-270.0,-278.0,139.0,,505.0,363.0,123.0,-690.0,438.0
166.0,-174.0,-214.0,166.0,,473.0,268.0,312.0,-478.0,407.0
118.0,-14.0,-153.0,155.0,,563.0,104.0,445.0,-312.0,415.0
187.0,-26.0,-116.0,97.0,,635.0,-91.0,737.0,-271.0,383.0
282.0,444.0,-64.0,31.0,,619.0,-250.0,655.0,-60.0,386.0
298.0,232.0,-63.0,-68.0,,557.0,-364.0,269.0,-9.0,463.0
263.0,443.0,-23.0,-179.0,,552.0,-524.0,-155.0,-50.0,522.0
267.0,547.0,1.0,-278.0,,571.0,-665.0,-559.0,89.0,536.0
272.0,246.0,-24.0,-301.0,,369.0,-714.0,-724.0,116.0,568.0
270.0,-35.0,-14.0,-201.0,,166.0,-715.0,-925.0,173.0,630.0
283.0,-283.0,-32.0,-21.0,,190.0,-671.0,-829.0,143.0,639.0
327.0,-138.0,-34.0,6.0,,532.0,-581.0,-654.0,287.0,686.0
345.0,-55.0,-80.0,-69.0,,781.0,-470.0,-456.0,559.0,754.0
329.0,439.0,-133.0,48.0,,667.0,-323.0,-232.0,444.0,759.0
308.0,875.0,-122.0,273.0,,475.0,-77.0,-225.0,326.0,732.0
275.0,999.0,-119.0,328.0,,111.0,176.0,-155.0,408.0,725.0
281.0,561.0,-153.0,268.0,,-91.0,353.0,-400.0,528.0,782.0
301.0,-22.0,-182.0,210.0,,-91.0,524.0,-371.0,439.0,794.0
366.0,199.0,-197.0,39.0,,-203.0,668.0,-205.0,359.0,850.0
405.0,497.0,-223.0,-219.0,,-200.0,747.0,-218.0,478.0,1000.0
422.0,554.0,-230.0,-371.0,,-78.0,760.0,-29.0,45.0,1112.0
395.0,348.0,-243.0,-439.0,,0.0,723.0,-48.0,18.0,1211.0
396.0,248.0,-233.0,-641.0,,-63.0,660.0,66.0,496.0,1283.0
477.0,-238.0,-237.0,-910.0,,-20.0,540.0,-25.0,225.0,1308.0
449.0,-512.0,-225.0,-1123.0,,154.0,379.0,-166.0,-99.0,1294.0
396.0,7.0,-166.0,-1169.0,,127.0,204.0,66.0,-82.0,1250.0
420.0,135.0,-126.0,-973.0,,14.0,68.0,397.0,-44.0,1161.0
513.0,589.0,-134.0,-837.0,,75.0,21.0,785.0,206.0,1075.0
506.0,836.0,-132.0,-809.0,,294.0,4.0,820.0,-30.0,1028.0
380.0,698.0,-137.0,-662.0,,174.0,-21.0,674.0,-477.0,939.0
298.0,1151.0,-135.0,-408.0,,-58.0,-65.0,421.0,-197.0,884.0
239.0,950.0,-138.0,-191.0,,9.0,-88.0,437.0,-267.0,893.0
203.0,176.0,-199.0,-83.0,,91.0,-82.0,748.0,-273.0,892.0
130.0,-323.0,-219.0,-3.0,,44.0,-127.0,897.0,-363.0,902.0
67.0,-880.0,-269.0,18.0,,-173.0,-207.0,1016.0,-402.0,963.0
118.0,-1196.0,-367.0,-76.0,,-136.0,-266.0,833.0,-206.0,1039.0
123.0,-1143.0,-428.0,-139.0,,51.0,-274.0,615.0,-326.0,1055.0
43.0,-885.0,-477.0,-119.0,,-12.0,-219.0,194.0,-82.0,1061.0
-6.0,-637.0,-562.0,-127.0,,-82.0,-91.0,-321.0,-246.0,1063.0
-1.0,-545.0,-615.0,-120.0,,-67.0,82.0,-315.0,-221.0,999.0
9.0,131.0,-657.0,-24.0,,-131.0,212.0,-277.0,7.0,881.0
-4.0,246.0,-666.0,69.0,,-239.0,321.0,-25.0,106.0,719.0
-31.0,-48.0,-647.0,69.0,,-41.0,412.0,240.0,76.0,546.0
-69.0,516.0,-661.0,78.0,,201.0,470.0,369.0,324.0,424.0
-100.0,741.0,-630.0,223.0,,98.0,506.0,635.0,549.0,332.0
-113.0,846.0,-591.0,272.0,,28.0,494.0,873.0,141.0,250.0
-110.0,831.0,-537.0,20.0,,73.0,506.0,1274.0,597.0,223.0
-86.0,1137.0,-521.0,-285.0,,19.0,536.0,1409.0,977.0,249.0
-23.0,1551.0,-482.0,-417.0,,40.0,554.0,1230.0,1081.0,269.0
26.0,1033.0,-377.0,-553.0,,221.0,528.0,729.0,830.0,341.0
57.0,594.0,-341.0,-791.0,,330.0,472.0,227.0,610.0,469.0
88.0,547.0,-300.0,-942.0,,153.0,463.0,-25.0,698.0,549.0
97.0,636.0,-241.0,-889.0,,-17.0,402.0,-391.0,520.0,613.0
154.0,-13.0,-249.0,-705.0,,-61.0,278.0,-286.0,450.0,717.0
254.0,-511.0,-267.0,-441.0,,-189.0,174.0,-136.0,56.0,772.0
298.0,-413.0,-294.0,-150.0,,-406.0,110.0,-12.0,-19.0,696.0
264.0,-701.0,-348.0,-61.0,,-488.0,73.0,212.0,-60.0,650.0
212.0,-709.0,-330.0,-69.0,,-306.0,79.0,253.0,40.0,604.0
200.0,-625.0,-338.0,-145.0,,-273.0,175.0,351.0,113.0,407.0
220.0,-657.0,-349.0,-340.0,,-287.0,304.0,485.0,74.0,222.0
168.0,-866.0,-353.0,-441.0,,-176.0,468.0,800.0,128.0,106.0
76.0,-985.0,-326.0,-553.0,,-110.0,634.0,872.0,7.0,-31.0
45.0,-827.0,-321.0,-697.0,,-273.0,793.0,820.0,262.0,-156.0
39.0,-819.0,-381.0,-727.0,,-488.0,948.0,611.0,509.0,-217.0
-1.0,-734.0,-284.0,-564.0,,-227.0,967.0,168.0,565.0,-232.0
-136.0,-235.0,-255.0,-397.0,,-7.0,884.0,127.0,268.0,-274.0
-244.0,540.0,-236.0,-512.0,,-58.0,738.0,75.0,626.0,-280.0
-308.0,741.0,-196.0,-594.0,,-39.0,528.0,-40.0,1043.0,-220.0
-390.0,604.0,-199.0,-526.0,,62.0,356.0,-138.0,959.0,-160.0
-497.0,689.0,-127.0,-427.0,,99.0,247.0,-136.0,1041.0,13.0
-606.0,941.0,-126.0,-297.0,,-77.0,222.0,35.0,826.0,209.0
-631.0,1073.0,-139.0,-367.0,,-119.0,264.0,-101.0,821.0,394.0
-659.0,789.0,-120.0,-347.0,,-82.0,260.0,-133.0,678.0,600.0
-710.0,376.0,-105.0,-159.0,,-115.0,252.0,-188.0,484.0,737.0
-757.0,-114.0,-132.0,69.0,,-120.0,294.0,-216.0,69.0,850.0
-725.0,-612.0,-120.0,316.0,,-97.0,316.0,20.0,-544.0,901.0
-645.0,-1252.0,-75.0,387.0,,-77.0,312.0,55.0,-471.0,930.0
-631.0,-1292.0,-100.0,437.0,,-287.0,283.0,147.0,-235.0,904.0
-633.0,-1087.0,-159.0,295.0,,-392.0,186.0,123.0,-594.0,837.0
-592.0,-1024.0,-231.0,6.0,,-203.0,103.0,144.0,-922.0,777.0
-537.0,0.0,-245.0,-151.0,,-152.0,71.0,129.0,-636.0,651.0
-553.0,659.0,-296.0,-272.0,,-233.0,40.0,-20.0,-248.0,513.0
-581.0,816.0,-342.0,-448.0,,-183.0,61.0,-20.0,181.0,440.0
-618.0,884.0,-281.0,-608.0,,-116.0,90.0,-121.0,417.0,392.0
-633.0,912.0,-280.0,-636.0,,-204.0,166.0,-164.0,465.0,284.0
-631.0,1344.0,-214.0,-607.0,,-225.0,290.0,-369.0,376.0,236.0
-629.0,1044.0,-123.0,-491.0,,-201.0,346.0,-489.0,569.0,288.0
-584.0,918.0,-112.0,-262.0,,-223.0,405.0,-395.0,803.0,289.0
-566.0,827.0,-49.0,-145.0,,-278.0,469.0,-184.0,726.0,259.0
-511.0,136.0,-27.0,-217.0,,-413.0,545.0,280.0,424.0,319.0
-424.0,-27.0,-102.0,-331.0,,-458.0,591.0,498.0,70.0,402.0
-361.0,-279.0,-155.0,-471.0,,-515.0,542.0,626.0,590.0,384.0
-373.0,-440.0,-140.0,-587.0,,-617.0,509.0,558.0,869.0,336.0
-418.0,-440.0,-120.0,-669.0,,-683.0,522.0,303.0,571.0,328.0
-361.0,-329.0,-74.0,-710.0,,-669.0,509.0,171.0,377.0,258.0
-299.0,-490.0,-58.0,-703.0,,-521.0,503.0,-107.0,427.0,163.0
-267.0,-1005.0,-2.0,-714.0,,-412.0,539.0,-188.0,654.0,158.0
-211.0,-931.0,37.0,-674.0,,-204.0,607.0,-105.0,619.0,173.0
-131.0,-895.0,42.0,-484.0,,-72.0,627.0,118.0,585.0,119.0
-34.0,-323.0,59.0,-246.0,,-158.0,529.0,327.0,334.0,71.0
39.0,78.0,92.0,-118.0,,-198.0,448.0,360.0,39.0,123.0
78.0,221.0,160.0,-113.0,,-307.0,423.0,541.0,143.0,149.0
68.0,759.0,93.0,-124.0,,-325.0,384.0,594.0,661.0,143.0
72.0,773.0,114.0,-83.0,,-347.0,355.0,678.0,607.0,144.0
102.0,704.0,173.0,-187.0,,-515.0,332.0,591.0,30.0,82.0
120.0,905.0,157.0,-273.0,,-629.0,299.0,421.0,236.0,-39.0
135.0,1428.0,215.0,-273.0,,-523.0,289.0,275.0,524.0,-233.0
86.0,1434.0,227.0,-235.0,,-192.0,236.0,-27.0,519.0,-369.0
45.0,1203.0,272.0,-131.0,,-230.0,174.0,12.0,423.0,-501.0
0.0,822.0,306.0,-138.0,,-488.0,141.0,44.0,408.0,-704.0
-104.0,80.0,310.0,-67.0,,-658.0,86.0,110.0,639.0,-824.0
-227.0,-697.0,400.0,98.0,,-782.0,116.0,77.0,723.0,-882.0
-281.0,-1295.0,349.0,272.0,,-688.0,194.0,-92.0,924.0,-943.0
-258.0,-1302.0,375.0,321.0,,-473.0,255.0,-120.0,917.0,-1018.0
-293.0,-1444.0,395.0,262.0,,-126.0,293.0,-273.0,328.0,-962.0
-320.0,-1612.0,352.0,262.0,,-40.0,324.0,-84.0,171.0,-836.0
-315.0,-1165.0,461.0,294.0,,-345.0,375.0,210.0,538.0,-747.0
-290.0,-508.0,410.0,353.0,,-475.0,409.0,393.0,481.0,-626.0
-327.0,-1180.0,346.0,275.0,,-248.0,406.0,504.0,-16.0,-466.0
-420.0,-1154.0,317.0,176.0,,-28.0,425.0,489.0,-309.0,-276.0
-426.0,78.0,269.0,76.0,,-225.0,523.0,471.0,-151.0,-209.0
-421.0,380.0,177.0,-170.0,,-453.0,618.0,203.0,-40.0,-120.0
-438.0,355.0,165.0,-401.0,,-487.0,726.0,114.0,13.0,-48.0
-457.0,5.0,207.0,-460.0,,-560.0,791.0,-24.0,-187.0,-105.0
-436.0,161.0,196.0,-537.0,,-596.0,783.0,-221.0,-405.0,-134.0
-432.0,196.0,237.0,-552.0,,-550.0,746.0,-184.0,-274.0,-164.0
-407.0,-65.0,235.0,-310.0,,-525.0,663.0,-273.0,112.0,-264.0
-355.0,-356.0,261.0,-260.0,,-615.0,550.0,-151.0,759.0,-445.0
-299.0,-273.0,222.0,-354.0,,-653.0,409.0,-44.0,666.0,-531.0
-210.0,484.0,164.0,-345.0,,-592.0,291.0,14.0,321.0,-626.0
-147.0,107.0,139.0,-246.0,,-574.0,166.0,105.0,233.0,-820.0
-98.0,79.0,110.0,-21.0,,-586.0,17.0,64.0,650.0,-920.0
-60.0,449.0,85.0,135.0,,-527.0,-186.0,31.0,944.0,-900.0
11.0,456.0,76.0,226.0,,-520.0,-400.0,-186.0,566.0,-916.0
26.0,595.0,50.0,277.0,,-643.0,-529.0,-436.0,500.0,-976.0
12.0,448.0,45.0,259.0,,-684.0,-568.0,-801.0,484.0,-895.0
29.0,91.0,79.0,78.0,,-510.0,-543.0,-1066.0,610.0,-805.0
59.0,-466.0,32.0,-91.0,,-239.0,-499.0,-1073.0,657.0,-811.0
63.0,-706.0,74.0,-8.0,,-251.0,-403.0,-1058.0,845.0,-780.0
9.0,-926.0,64.0,107.0,,-460.0,-338.0,-820.0,468.0,-647.0
11.0,-1088.0,47.0,254.0,,-507.0,-301.0,-578.0,-25.0,-618.0
45.0,-923.0,108.0,266.0,,-404.0,-215.0,-125.0,439.0,-674.0
97.0,-84.0,168.0,153.0,,-412.0,-146.0,169.0,545.0,-605.0
58.0,921.0,222.0,159.0,,-411.0,-94.0,232.0,162.0,-575.0
28.0,1221.0,238.0,143.0,,-315.0,-60.0,591.0,-335.0,-635.0
46.0,1241.0,310.0,179.0,,-410.0,-54.0,609.0,-151.0,-681.0
-45.0,1198.0,340.0,287.0,,-417.0,-99.0,570.0,-23.0,-692.0
-138.0,1487.0,380.0,402.0,,-338.0,-196.0,423.0,-69.0,-747.0
-176.0,1115.0,391.0,409.0,,-313.0,-281.0,158.0,-46.0,-883.0
-162.0,480.0,393.0,339.0,,-342.0,-356.0,84.0,-320.0,-956.0
-178.0,340.0,440.0,349.0,,-515.0,-467.0,-11.0,-25.0,-973.0
-225.0,-63.0,441.0,341.0,,-605.0,-565.0,242.0,490.0,-1045.0
-243.0,-608.0,437.0,195.0,,-710.0,-578.0,362.0,1008.0,-1070.0
-225.0,-326.0,439.0,24.0,,-644.0,-528.0,290.0,961.0,-1047.0
-169.0,356.0,443.0,-54.0,,-375.0,-411.0,120.0,493.0,-1107.0
-159.0,192.0,374.0,-215.0,,-356.0,-277.0,-186.0,372.0,-1160.0
-145.0,690.0,365.0,-376.0,,-550.0,-208.0,-290.0,705.0,-1124.0
-95.0,969.0,376.0,-339.0,,-661.0,-241.0,-330.0,987.0,-1062.0
-30.0,551.0,344.0,-72.0,,-489.0,-346.0,-158.0,451.0,-1056.0
59.0,140.0,363.0,217.0,,-339.0,-434.0,-134.0,93.0,-1087.0
111.0,-695.0,321.0,442.0,,-354.0,-535.0,-149.0,238.0,-1081.0
153.0,-1025.0,316.0,619.0,,-340.0,-635.0,-40.0,344.0,-1065.0
191.0,-1517.0,339.0,741.0,,-329.0,-709.0,-46.0,545.0,-1076.0
230.0,-1679.0,315.0,780.0,,-392.0,-801.0,101.0,466.0,-1102.0
256.0,-1448.0,346.0,593.0,,-452.0,-855.0,1.0,-26.0,-1084.0
265.0,-1340.0,386.0,478.0,,-408.0,-835.0,-92.0,-329.0,-1101.0
279.0,-760.0,416.0,390.0,,-471.0,-774.0,-107.0,-113.0,-1119.0
298.0,-116.0,487.0,101.0,,-484.0,-673.0,-243.0,297.0,-1080.0
368.0,149.0,503.0,-304.0,,-301.0,-528.0,-282.0,127.0,-1088.0
395.0,157.0,537.0,-629.0,,-164.0,-409.0,-358.0,-339.0,-1102.0
388.0,701.0,555.0,-681.0,,-20.0,-325.0,-264.0,-142.0,-1147.0
332.0,708.0,473.0,-514.0,,67.0,-326.0,-258.0,424.0,-1198.0
322.0,277.0,501.0,-352.0,,59.0,-411.0,-225.0,496.0,-1210.0
332.0,387.0,471.0,-233.0,,-20.0,-499.0,-51.0,203.0,-1200.0
291.0,107.0,426.0,46.0,,-146.0,-643.0,210.0,16.0,-1171.0
320.0,-30.0,432.0,290.0,,-165.0,-758.0,545.0,-67.0,-1150.0
341.0,111.0,367.0,417.0,,-94.0,-833.0,482.0,23.0,-1062.0
352.0,-20.0,349.0,595.0,,70.0,-891.0,386.0,200.0,-931.0
305.0,-380.0,269.0,635.0,,194.0,-845.0,51.0,-37.0,-814.0
287.0,-246.0,224.0,379.0,,279.0,-764.0,-365.0,-734.0,-693.0
297.0,-173.0,210.0,232.0,,314.0,-699.0,-474.0,-736.0,-566.0
301.0,-801.0,156.0,249.0,,92.0,-673.0,-611.0,-285.0,-511.0
295.0,-1014.0,141.0,335.0,,58.0,-691.0,-502.0,-72.0,-543.0
243.0,-1336.0,114.0,474.0,,201.0,-723.0,-395.0,-217.0,-594.0
267.0,-875.0,134.0,347.0,,70.0,-755.0,-142.0,-728.0,-684.0
245.0,-15.0,150.0,213.0,,16.0,-776.0,131.0,-645.0,-856.0
149.0,99.0,169.0,103.0,,300.0,-818.0,216.0,-362.0,-1051.0
73.0,683.0,170.0,-28.0,,555.0,-877.0,445.0,-216.0,-1177.0
21.0,969.0,189.0,-115.0,,403.0,-918.0,423.0,-513.0,-1271.0
-35.0,1238.0,175.0,-226.0,,184.0,-977.0,502.0,-758.0,-1383.0
-36.0,1313.0,159.0,-114.0,,227.0,-1042.0,572.0,-201.0,-1456.0
-13.0,678.0,174.0,62.0,,146.0,-1006.0,519.0,344.0,-1410.0
-11.0,416.0,124.0,14.0,,-62.0,-880.0,456.0,588.0,-1390.0
12.0,-85.0,189.0,-24.0,,-107.0,-762.0,219.0,322.0,-1403.0
49.0,-1045.0,168.0,85.0,,-95.0,-733.0,116.0,-61.0,-1303.0
56.0,-1794.0,226.0,181.0,,-83.0,-814.0,-206.0,-71.0,-1209.0
35.0,-2284.0,304.0,244.0,,-123.0,-901.0,-410.0,525.0,-1190.0
34.0,-2352.0,319.0,441.0,,0.0,-1006.0,-450.0,614.0,-1156.0
21.0,-1728.0,402.0,775.0,,289.0,-1113.0,-410.0,-229.0,-1061.0
51.0,-752.0,331.0,876.0,,148.0,-1148.0,-57.0,-705.0,-1048.0
64.0,-198.0,392.0,626.0,,-257.0,-1160.0,72.0,-738.0,-1072.0
92.0,185.0,369.0,377.0,,-388.0,-1117.0,75.0,-477.0,-1022.0
104.0,760.0,317.0,233.0,,-329.0,-1005.0,-79.0,-327.0,-1019.0
59.0,1030.0,355.0,39.0,,-321.0,-901.0,-48.0,-427.0,-1004.0
47.0,942.0,344.0,-82.0,,-218.0,-796.0,62.0,-704.0,-926.0
104.0,648.0,284.0,-114.0,,-35.0,-633.0,29.0,-433.0,-857.0
193.0,470.0,238.0,-138.0,,-101.0,-515.0,205.0,330.0,-856.0
202.0,460.0,254.0,-61.0,,-176.0,-487.0,103.0,419.0,-821.0
228.0,526.0,186.0,3.0,,77.0,-467.0,22.0,60.0,-744.0
240.0,348.0,172.0,77.0,,264.0,-465.0,-114.0,-424.0,-717.0
242.0,41.0,151.0,114.0,,207.0,-496.0,-271.0,-236.0,-659.0
194.0,-37.0,206.0,94.0,,100.0,-581.0,-153.0,250.0,-540.0
102.0,-63.0,90.0,78.0,,156.0,-682.0,40.0,101.0,-417.0
49.0,210.0,68.0,136.0,,379.0,-753.0,404.0,-277.0,-335.0
-23.0,28.0,149.0,428.0,,402.0,-796.0,402.0,-507.0,-226.0
-78.0,-112.0,37.0,528.0,,308.0,-841.0,304.0,-270.0,-104.0
-106.0,-93.0,89.0,495.0,,239.0,-885.0,173.0,230.0,-14.0
-92.0,-558.0,35.0,517.0,,272.0,-917.0,-22.0,559.0,66.0
-54.0,-964.0,13.0,388.0,,373.0,-945.0,-44.0,274.0,97.0
-17.0,-1264.0,-70.0,256.0,,507.0,-933.0,-206.0,11.0,46.0
-42.0,-817.0,-60.0,124.0,,644.0,-935.0,-140.0,78.0,-48.0
-65.0,-416.0,28.0,103.0,,510.0,-927.0,-77.0,350.0,-140.0
-109.0,-250.0,-49.0,90.0,,278.0,-867.0,-5.0,555.0,-283.0
-158.0,-241.0,17.0,-89.0,,195.0,-757.0,155.0,-100.0,-493.0
-172.0,-568.0,14.0,-218.0,,210.0,-597.0,219.0,-487.0,-647.0
-198.0,-252.0,2.0,-137.0,,140.0,-416.0,430.0,-98.0,-661.0
-180.0,339.0,-41.0,14.0,,51.0,-236.0,474.0,228.0,-689.0
-146.0,857.0,-65.0,53.0,,121.0,-109.0,519.0,199.0,-782.0
-62.0,501.0,-18.0,66.0,,194.0,-4.0,367.0,152.0,-793.0
-55.0,582.0,-122.0,179.0,,139.0,34.0,27.0,36.0,-740.0
-61.0,1252.0,-198.0,503.0,,132.0,26.0,-299.0,20.0,-690.0
13.0,793.0,-183.0,685.0,,138.0,54.0,-851.0,385.0,-629.0
65.0,688.0,-199.0,644.0,,123.0,93.0,-968.0,251.0,-493.0
83.0,1168.0,-241.0,651.0,,223.0,123.0,-907.0,-226.0,-419.0
85.0,1779.0,-327.0,625.0,,115.0,126.0,-707.0,-594.0,-453.0
115.0,1521.0,-325.0,505.0,,54.0,86.0,-254.0,-524.0,-444.0
122.0,1031.0,-313.0,276.0,,304.0,-17.0,-20.0,-203.0,-470.0
113.0,966.0,-352.0,182.0,,416.0,-124.0,230.0,-369.0,-550.0
117.0,286.0,-361.0,158.0,,398.0,-199.0,188.0,-799.0,-619.0
112.0,295.0,-326.0,-48.0,,366.0,-273.0,384.0,-931.0,-614.0
78.0,232.0,-241.0,-419.0,,465.0,-362.0,720.0,-524.0,-556.0
53.0,-242.0,-259.0,-685.0,,579.0,-394.0,707.0,-40.0,-520.0
41.0,-416.0,-229.0,-671.0,,520.0,-401.0,545.0,108.0,-430.0
9.0,-455.0,-284.0,-666.0,,576.0,-405.0,44.0,-323.0,-293.0
-37.0,-741.0,-324.0,-609.0,,620.0,-292.0,-107.0,-820.0,-145.0
-73.0,-927.0,-264.0,-339.0,,605.0,-172.0,-190.0,-483.0,33.0
-64.0,-718.0,-300.0,-16.0,,569.0,-97.0,-29.0,-75.0,240.0
-27.0,-966.0,-273.0,35.0,,498.0,-49.0,341.0,-133.0,407.0
-19.0,-331.0,-258.0,-74.0,,505.0,-6.0,528.0,-345.0,513.0
-26.0,-191.0,-278.0,89.0,,499.0,113.0,859.0,-510.0,658.0
9.0,-701.0,-321.0,272.0,,551.0,232.0,851.0,-168.0,793.0
32.0,-556.0,-308.0,194.0,,559.0,346.0,1005.0,167.0,826.0
51.0,-490.0,-308.0,19.0,,352.0,483.0,995.0,261.0,795.0
61.0,321.0,-349.0,-48.0,,121.0,595.0,726.0,15.0,759.0
94.0,876.0,-345.0,70.0,,58.0,648.0,404.0,-470.0,675.0
118.0,1270.0,-368.0,45.0,,113.0,649.0,-83.0,-361.0,566.0
119.0,1288.0,-365.0,-195.0,,95.0,651.0,-258.0,-325.0,486.0
126.0,963.0,-383.0,-235.0,,-14.0,634.0,-426.0,-506.0,373.0
126.0,1061.0,-416.0,-140.0,,202.0,584.0,-194.0,-771.0,319.0
170.0,547.0,-429.0,-157.0,,496.0,484.0,90.0,-1157.0,330.0
166.0,201.0,-421.0,49.0,,279.0,375.0,351.0,-1080.0,311.0
137.0,-87.0,-431.0,329.0,,132.0,290.0,648.0,-757.0,333.0
121.0,-7.0,-440.0,365.0,,260.0,186.0,478.0,-732.0,410.0
128.0,65.0,-366.0,416.0,,194.0,68.0,336.0,-936.0,477.0
154.0,-538.0,-328.0,336.0,,-178.0,-58.0,118.0,-977.0,526.0
177.0,-446.0,-313.0,383.0,,-227.0,-104.0,109.0,-887.0,576.0
183.0,-202.0,-270.0,522.0,,209.0,-60.0,129.0,-385.0,617.0
178.0,29.0,-247.0,397.0,,150.0,6.0,92.0,-264.0,666.0
195.0,481.0,-257.0,436.0,,-384.0,101.0,218.0,-610.0,702.0
200.0,779.0,-289.0,521.0,,-488.0,201.0,136.0,-415.0,676.0
219.0,435.0,-297.0,367.0,,-12.0,359.0,212.0,-183.0,580.0
200.0,106.0,-304.0,45.0,,246.0,544.0,197.0,97.0,485.0
160.0,45.0,-329.0,-245.0,,8.0,684.0,256.0,290.0,445.0
108.0,-724.0,-318.0,-286.0,,-37.0,817.0,546.0,169.0,336.0
73.0,-1265.0,-258.0,-235.0,,150.0,955.0,783.0,-37.0,227.0
11.0,-1536.0,-204.0,-260.0,,-84.0,1068.0,1091.0,316.0,203.0
-95.0,-1280.0,-141.0,-178.0,,-274.0,1099.0,1073.0,835.0,147.0
-99.0,-1076.0,-102.0,196.0,,33.0,1067.0,801.0,551.0,130.0
-88.0,-1128.0,-105.0,577.0,,214.0,1008.0,445.0,284.0,211.0
-76.0,-370.0,-86.0,644.0,,62.0,945.0,79.0,8.0,284.0
-87.0,-5.0,-108.0,608.0,,-90.0,888.0,-236.0,194.0,340.0
-95.0,785.0,-144.0,763.0,,171.0,807.0,-641.0,492.0,476.0
-43.0,1768.0,-157.0,954.0,,230.0,712.0,-864.0,166.0,701.0
-31.0,1774.0,-195.0,816.0,,-66.0,613.0,-931.0,116.0,877.0
-49.0,1570.0,-198.0,536.0,,18.0,540.0,-744.0,-66.0,959.0
-84.0,1267.0,-253.0,369.0,,290.0,482.0,-216.0,32.0,1101.0
-66.0,870.0,-296.0,181.0,,321.0,437.0,303.0,503.0,1235.0
-51.0,198.0,-317.0,-24.0,,181.0,463.0,872.0,630.0,1258.0
-51.0,-136.0,-414.0,-159.0,,214.0,549.0,1193.0,382.0,1254.0
-53.0,-481.0,-419.0,-78.0,,215.0,646.0,1261.0,147.0,1273.0
-76.0,-1178.0,-399.0,-39.0,,73.0,760.0,1210.0,429.0,1282.0
-60.0,-1504.0,-405.0,-84.0,,16.0,899.0,1088.0,564.0,1221.0
-87.0,-1534.0,-359.0,-35.0,,54.0,1033.0,960.0,153.0,1171.0
-128.0,-1203.0,-291.0,-11.0,,78.0,1088.0,532.0,-260.0,1133.0
-190.0,-796.0,-232.0,29.0,,135.0,1049.0,384.0,-230.0,1030.0
-209.0,-19.0,-212.0,11.0,,279.0,1006.0,184.0,-126.0,927.0
-211.0,962.0,-227.0,103.0,,339.0,920.0,-96.0,85.0,872.0
-224.0,1301.0,-231.0,195.0,,141.0,768.0,-155.0,342.0,784.0
-176.0,819.0,-234.0,130.0,,-228.0,665.0,-301.0,199.0,642.0
-143.0,554.0,-197.0,193.0,,-214.0,631.0,-114.0,-32.0,569.0
-78.0,645.0,-202.0,287.0,,22.0,671.0,105.0,26.0,553.0
-9.0,-280.0,-232.0,363.0,,-27.0,755.0,630.0,441.0,488.0
79.0,-934.0,-173.0,356.0,,-180.0,806.0,1031.0,482.0,415.0
90.0,-1101.0,-214.0,122.0,,-134.0,921.0,1116.0,136.0,397.0
89.0,-1498.0,-188.0,-149.0,,37.0,1040.0,1280.0,77.0,377.0
150.0,-1518.0,-195.0,-120.0,,-35.0,1117.0,1167.0,308.0,279.0
154.0,-1130.0,-280.0,51.0,,-280.0,1205.0,1084.0,278.0,200.0
139.0,-585.0,-295.0,33.0,,-200.0,1206.0,630.0,89.0,191.0
75.0,-70.0,-343.0,81.0,,106.0,1195.0,325.0,93.0,120.0
71.0,815.0,-350.0,154.0,,187.0,1151.0,214.0,-233.0,36.0
72.0,1638.0,-385.0,169.0,,70.0,1016.0,1.0,-252.0,38.0
56.0,2054.0,-413.0,241.0,,-83.0,838.0,-55.0,81.0,59.0
37.0,2096.0,-470.0,242.0,,-148.0,623.0,-229.0,-50.0,19.0
26.0,1711.0,-502.0,227.0,,-93.0,453.0,-42.0,-492.0,7.0
35.0,1403.0,-511.0,114.0,,-70.0,310.0,97.0,-643.0,86.0
-12.0,1099.0,-532.0,-51.0,,-179.0,202.0,277.0,-144.0,134.0
-51.0,349.0,-518.0,26.0,,-136.0,129.0,487.0,216.0,151.0
-67.0,-307.0,-526.0,157.0,,-27.0,95.0,391.0,9.0,220.0
-90.0,-413.0,-532.0,-16.0,,-123.0,132.0,192.0,-461.0,296.0
-104.0,-444.0,-545.0,-169.0,,-81.0,180.0,-127.0,-610.0,305.0
-66.0,-456.0,-531.0,-7.0,,-131.0,235.0,-131.0,-457.0,318.0
-5.0,-273.0,-516.0,72.0,,-344.0,313.0,-234.0,-374.0,355.0
77.0,73.0,-510.0,44.0,,-377.0,421.0,-254.0,-179.0,358.0
132.0,322.0,-525.0,176.0,,-343.0,512.0,-5.0,-348.0,377.0
162.0,370.0,-523.0,361.0,,-297.0,600.0,144.0,-734.0,430.0
183.0,393.0,-489.0,384.0,,-300.0,724.0,275.0,-508.0,478.0
224.0,105.0,-470.0,214.0,,-174.0,837.0,249.0,29.0,502.0
264.0,-373.0,-424.0,57.0,,-20.0,902.0,493.0,262.0,587.0
275.0,-738.0,-335.0,237.0,,-135.0,897.0,720.0,24.0,705.0
315.0,-881.0,-274.0,526.0,,-184.0,872.0,678.0,-217.0,790.0
301.0,-792.0,-234.0,529.0,,6.0,842.0,578.0,55.0,882.0
282.0,-951.0,-178.0,432.0,,224.0,740.0,332.0,356.0,910.0
213.0,-712.0,-124.0,343.0,,75.0,583.0,288.0,316.0,914.0
161.0,-218.0,-109.0,375.0,,-114.0,442.0,236.0,232.0,922.0
129.0,-45.0,-132.0,443.0,,137.0,336.0,223.0,100.0,885.0
98.0,87.0,-96.0,205.0,,287.0,268.0,404.0,72.0,793.0
127.0,159.0,-95.0,10.0,,212.0,195.0,467.0,341.0,698.0
158.0,729.0,-22.0,-7.0,,143.0,139.0,461.0,433.0,668.0
189.0,849.0,36.0,-121.0,,59.0,149.0,236.0,182.0,577.0
183.0,539.0,-26.0,-101.0,,-60.0,178.0,-70.0,-126.0,475.0
216.0,415.0,10.0,129.0,,-78.0,217.0,-408.0,10.0,422.0
259.0,-68.0,-35.0,235.0,,115.0,230.0,-624.0,314.0,347.0
253.0,-372.0,-74.0,17.0,,304.0,204.0,-572.0,166.0,265.0
191.0,-368.0,-97.0,-155.0,,345.0,173.0,-720.0,109.0,182.0
173.0,-94.0,-148.0,-75.0,,185.0,149.0,-720.0,15.0,89.0
174.0,-218.0,-138.0,-88.0,,219.0,141.0,-618.0,-58.0,-48.0
118.0,-375.0,-163.0,-93.0,,228.0,159.0,-448.0,163.0,-123.0
45.0,-350.0,-107.0,130.0,,-290.0,211.0,-38.0,94.0,-134.0
0.0,-621.0,-69.0,243.0,,-494.0,253.0,293.0,-123.0,-154.0
0.0,-595.0,-94.0,96.0,,-48.0,264.0,722.0,-191.0,-154.0
-53.0,-535.0,-89.0,42.0,,119.0,214.0,868.0,-135.0,-194.0
-104.0,-359.0,-55.0,256.0,,-216.0,113.0,713.0,141.0,-252.0
-124.0,-543.0,-12.0,491.0,,-237.0,32.0,308.0,321.0,-250.0
-115.0,-1007.0,53.0,486.0,,-47.0,4.0,-229.0,73.0,-243.0
-128.0,-1198.0,114.0,258.0,,-310.0,-9.0,-526.0,-38.0,-313.0
-137.0,-1227.0,85.0,75.0,,-619.0,-28.0,-910.0,235.0,-351.0
-131.0,-1239.0,154.0,10.0,,-392.0,-17.0,-964.0,505.0,-309.0
-176.0,-947.0,200.0,-139.0,,-106.0,-18.0,-825.0,550.0,-281.0
-224.0,-1.0,192.0,-292.0,,-386.0,-23.0,-511.0,507.0,-248.0
-237.0,522.0,202.0,-343.0,,-649.0,7.0,149.0,533.0,-135.0
-182.0,1188.0,214.0,-363.0,,-477.0,62.0,485.0,601.0,9.0
-176.0,1875.0,262.0,-356.0,,-186.0,179.0,598.0,665.0,109.0
-159.0,2277.0,191.0,-289.0,,106.0,275.0,338.0,625.0,231.0
-102.0,2438.0,254.0,-158.0,,281.0,296.0,-48.0,645.0,368.0
-45.0,1973.0,358.0,-105.0,,218.0,275.0,-341.0,422.0,398.0
-30.0,1675.0,383.0,-196.0,,40.0,208.0,-589.0,286.0,393.0
-50.0,868.0,433.0,-221.0,,-50.0,142.0,-511.0,518.0,415.0
-43.0,120.0,417.0,-3.0,,97.0,42.0,-325.0,321.0,375.0
-74.0,-326.0,444.0,128.0,,418.0,-70.0,46.0,8.0,276.0
-109.0,-847.0,444.0,32.0,,307.0,-134.0,144.0,-8.0,187.0
-151.0,-1249.0,411.0,36.0,,-79.0,-197.0,94.0,142.0,145.0
-192.0,-1464.0,393.0,203.0,,-33.0,-177.0,16.0,276.0,106.0
-215.0,-977.0,405.0,318.0,,235.0,-119.0,-282.0,290.0,24.0
-206.0,-864.0,427.0,324.0,,359.0,-102.0,-338.0,116.0,-9.0
-208.0,-881.0,410.0,343.0,,207.0,-45.0,-570.0,-39.0,16.0
-189.0,-713.0,440.0,449.0,,44.0,20.0,-646.0,16.0,56.0
-154.0,-563.0,479.0,553.0,,56.0,39.0,-554.0,51.0,161.0
-145.0,-407.0,432.0,387.0,,176.0,31.0,-511.0,38.0,327.0
-124.0,-514.0,400.0,194.0,,400.0,-7.0,-327.0,-330.0,508.0
-95.0,-313.0,348.0,221.0,,578.0,-63.0,-378.0,-562.0,606.0
-61.0,-196.0,289.0,191.0,,559.0,-104.0,-351.0,-515.0,641.0
-98.0,-56.0,247.0,141.0,,323.0,-165.0,-417.0,-448.0,720.0
-120.0,150.0,159.0,201.0,,206.0,-208.0,-469.0,-434.0,727.0
-144.0,290.0,121.0,198.0,,242.0,-217.0,-646.0,-595.0,616.0
-195.0,500.0,36.0,48.0,,199.0,-266.0,-901.0,-430.0,469.0
-214.0,716.0,-46.0,-46.0,,195.0,-334.0,-676.0,-281.0,324.0
-206.0,823.0,-114.0,-38.0,,319.0,-389.0,-556.0,-129.0,109.0
-177.0,189.0,-128.0,-74.0,,291.0,-436.0,-277.0,20.0,-144.0
-169.0,-259.0,-43.0,-121.0,,131.0,-412.0,-59.0,-8.0,-314.0
-124.0,-347.0,-72.0,-24.0,,54.0,-383.0,-120.0,-3.0,-488.0
-27.0,-436.0,-150.0,268.0,,-99.0,-430.0,-184.0,102.0,-666.0
83.0,-272.0,-67.0,505.0,,-155.0,-453.0,-535.0,249.0,-790.0
161.0,-205.0,-45.0,446.0,,-38.0,-458.0,-796.0,128.0,-836.0
211.0,192.0,-96.0,246.0,,113.0,-434.0,-951.0,-203.0,-851.0
258.0,485.0,-62.0,143.0,,145.0,-366.0,-859.0,-461.0,-866.0
288.0,516.0,34.0,84.0,,149.0,-321.0,-674.0,-244.0,-816.0
245.0,838.0,193.0,7.0,,206.0,-260.0,-646.0,-188.0,-763.0
187.0,944.0,211.0,-83.0,,42.0,-257.0,-532.0,-364.0,-683.0
178.0,745.0,247.0,-184.0,,87.0,-363.0,-445.0,-478.0,-554.0
133.0,538.0,243.0,-205.0,,244.0,-447.0,-238.0,-529.0,-410.0
68.0,236.0,226.0,-83.0,,191.0,-531.0,-290.0,-198.0,-218.0
5.0,-243.0,269.0,-20.0,,64.0,-568.0,-533.0,243.0,-38.0
-28.0,-677.0,290.0,-228.0,,14.0,-476.0,-731.0,640.0,63.0
-69.0,-869.0,334.0,-343.0,,183.0,-388.0,-977.0,425.0,165.0
-147.0,-734.0,260.0,-321.0,,135.0,-349.0,-933.0,149.0,304.0
-177.0,-748.0,250.0,-389.0,,59.0,-320.0,-914.0,387.0,355.0
-161.0,-804.0,238.0,-314.0,,170.0,-280.0,-729.0,710.0,365.0
-185.0,-718.0,271.0,-88.0,,187.0,-277.0,-502.0,784.0,489.0
-250.0,-839.0,255.0,0.0,,31.0,-372.0,-522.0,410.0,617.0
-313.0,-805.0,151.0,33.0,,-151.0,-470.0,-504.0,181.0,599.0
-316.0,-649.0,159.0,69.0,,-68.0,-495.0,-755.0,200.0,579.0
-305.0,-350.0,143.0,-10.0,,-56.0,-517.0,-953.0,356.0,618.0
-345.0,-11.0,123.0,-93.0,,-266.0,-557.0,-1201.0,148.0,583.0
-333.0,271.0,59.0,-280.0,,-285.0,-574.0,-1356.0,-196.0,556.0
-283.0,518.0,73.0,-394.0,,-46.0,-573.0,-1317.0,-287.0,629.0
-221.0,647.0,42.0,-387.0,,-155.0,-540.0,-1308.0,-484.0,692.0
-185.0,714.0,28.0,-563.0,,-521.0,-504.0,-862.0,-356.0,680.0
-137.0,766.0,74.0,-662.0,,-261.0,-501.0,-412.0,-267.0,674.0
-15.0,966.0,2.0,-509.0,,43.0,-470.0,22.0,-474.0,704.0
46.0,1124.0,-25.0,-418.0,,-268.0,-425.0,303.0,-614.0,678.0
49.0,1003.0,-141.0,-477.0,,-441.0,-402.0,506.0,-423.0,616.0
44.0,492.0,-137.0,-376.0,,-267.0,-369.0,631.0,159.0,592.0
66.0,242.0,-85.0,-127.0,,-197.0,-380.0,286.0,428.0,547.0
19.0,79.0,-122.0,28.0,,-450.0,-409.0,173.0,204.0,443.0
-113.0,-348.0,-100.0,-34.0,,-711.0,-446.0,-11.0,79.0,328.0
-194.0,-408.0,-80.0,-223.0,,-571.0,-509.0,-301.0,231.0,203.0
-168.0,-494.0,38.0,-368.0,,-472.0,-569.0,-668.0,398.0,9.0
-92.0,-785.0,124.0,-543.0,,-557.0,-631.0,-1075.0,487.0,-183.0
-110.0,-698.0,154.0,-721.0,,-366.0,-673.0,-1204.0,474.0,-266.0
-122.0,-442.0,127.0,-807.0,,-93.0,-706.0,-1505.0,446.0,-325.0
-65.0,-222.0,154.0,-876.0,,-261.0,-702.0,-1420.0,650.0,-400.0
-3.0,213.0,199.0,-1094.0,,-459.0,-680.0,-1202.0,932.0,-451.0
-6.0,659.0,173.0,-1278.0,,-321.0,-683.0,-1069.0,948.0,-465.0
-32.0,1070.0,230.0,-1225.0,,-203.0,-682.0,-838.0,678.0,-469.0
13.0,1315.0,206.0,-1134.0,,-235.0,-689.0,-620.0,513.0,-481.0
51.0,1230.0,140.0,-1026.0,,-350.0,-730.0,-271.0,690.0,-471.0
55.0,980.0,84.0,-836.0,,-137.0,-798.0,-375.0,700.0,-455.0
65.0,885.0,70.0,-525.0,,29.0,-853.0,-419.0,500.0,-436.0
120.0,920.0,58.0,-169.0,,-314.0,-889.0,-388.0,182.0,-434.0
151.0,978.0,25.0,111.0,,-450.0,-857.0,-556.0,-190.0,-425.0
145.0,1043.0,33.0,326.0,,-171.0,-783.0,-650.0,-291.0,-392.0
157.0,644.0,83.0,397.0,,60.0,-713.0,-970.0,-270.0,-381.0
171.0,4.0,144.0,384.0,,-80.0,-621.0,-1090.0,-218.0,-294.0
189.0,-604.0,110.0,242.0,,-377.0,-534.0,-1206.0,-565.0,-155.0
190.0,-1072.0,132.0,23.0,,-459.0,-425.0,-1204.0,-937.0,-47.0
159.0,-1363.0,162.0,17.0,,-551.0,-285.0,-934.0,-836.0,78.0
110.0,-1344.0,197.0,-7.0,,-673.0,-123.0,-798.0,-530.0,214.0
83.0,-892.0,168.0,-150.0,,-515.0,-10.0,-567.0,-320.0,288.0
35.0,-350.0,124.0,-335.0,,-417.0,30.0,-469.0,-517.0,272.0
-19.0,325.0,174.0,-509.0,,-623.0,40.0,-277.0,-409.0,274.0
-53.0,1030.0,176.0,-588.0,,-646.0,47.0,-162.0,-122.0,260.0
-43.0,1506.0,174.0,-638.0,,-421.0,40.0,-194.0,-15.0,180.0
-7.0,1558.0,63.0,-505.0,,-396.0,-18.0,-142.0,146.0,91.0
21.0,1704.0,69.0,-322.0,,-549.0,-43.0,-319.0,111.0,6.0
40.0,1726.0,112.0,-198.0,,-569.0,-95.0,-384.0,64.0,-80.0
41.0,1033.0,26.0,-100.0,,-480.0,-182.0,-537.0,6.0,-203.0
52.0,420.0,-86.0,-46.0,,-323.0,-253.0,-498.0,-60.0,-228.0
74.0,-49.0,-152.0,54.0,,-273.0,-355.0,-245.0,-88.0,-161.0
110.0,-360.0,-154.0,44.0,,-359.0,-400.0,-169.0,-310.0,-141.0
149.0,-721.0,-287.0,48.0,,-264.0,-396.0,48.0,-407.0,-83.0
175.0,-1010.0,-321.0,71.0,,-161.0,-381.0,29.0,-161.0,63.0
190.0,-628.0,-317.0,-2.0,,-212.0,-338.0,9.0,-12.0,189.0
201.0,-252.0,-358.0,68.0,,-265.0,-277.0,-22.0,-84.0,271.0
188.0,-216.0,-359.0,147.0,,-127.0,-215.0,-24.0,-102.0,385.0
192.0,-349.0,-381.0,20.0,,18.0,-187.0,68.0,-201.0,488.0
205.0,-320.0,-398.0,-312.0,,-126.0,-197.0,-121.0,-156.0,525.0
205.0,-201.0,-414.0,-547.0,,-247.0,-213.0,-48.0,258.0,481.0
246.0,-45.0,-438.0,-542.0,,-250.0,-186.0,110.0,406.0,434.0
295.0,410.0,-454.0,-610.0,,-248.0,-154.0,221.0,238.0,419.0
322.0,713.0,-352.0,-550.0,,-182.0,-140.0,230.0,119.0,329.0
311.0,826.0,-283.0,-324.0,,-321.0,-149.0,121.0,154.0,254.0
321.0,1062.0,-267.0,-235.0,,-325.0,-174.0,3.0,404.0,282.0
317.0,1248.0,-217.0,-249.0,,-110.0,-115.0,-441.0,473.0,295.0
240.0,1225.0,-181.0,-154.0,,-362.0,-60.0,-667.0,250.0,329.0
173.0,932.0,-126.0,-31.0,,-585.0,8.0,-770.0,224.0,446.0
117.0,708.0,-86.0,-74.0,,-413.0,143.0,-783.0,388.0,549.0
74.0,525.0,-94.0,-145.0,,-267.0,258.0,-570.0,487.0,614.0
29.0,0.0,-67.0,-149.0,,-262.0,376.0,-378.0,341.0,628.0
-42.0,-516.0,-58.0,-44.0,,-254.0,418.0,-121.0,56.0,648.0
-99.0,-936.0,-113.0,80.0,,-169.0,416.0,-182.0,-174.0,675.0
-150.0,-1014.0,-83.0,110.0,,-183.0,402.0,-203.0,-311.0,619.0
-231.0,-840.0,-55.0,-21.0,,-229.0,319.0,-277.0,-174.0,599.0
-340.0,-694.0,-36.0,-271.0,,-93.0,210.0,-491.0,-332.0,607.0
-404.0,-493.0,-53.0,-438.0,,-116.0,102.0,-382.0,-746.0,562.0
-370.0,-283.0,-62.0,-481.0,,-478.0,-37.0,-145.0,-751.0,460.0
-348.0,-34.0,-33.0,-600.0,,-615.0,-227.0,434.0,-480.0,365.0
-336.0,327.0,-65.0,-877.0,,-432.0,-366.0,1016.0,-80.0,298.0
-322.0,527.0,-75.0,-1027.0,,-271.0,-422.0,1481.0,171.0,180.0
-306.0,372.0,-115.0,-950.0,,-379.0,-426.0,1674.0,178.0,54.0
-263.0,614.0,-120.0,-638.0,,-346.0,-416.0,1391.0,105.0,-35.0
-275.0,625.0,-125.0,-249.0,,-46.0,-314.0,994.0,260.0,-103.0
-287.0,94.0,-156.0,-13.0,,-219.0,-105.0,400.0,596.0,-207.0
-291.0,-251.0,-149.0,76.0,,-465.0,106.0,44.0,658.0,-282.0
-264.0,-267.0,-142.0,100.0,,-191.0,313.0,-269.0,449.0,-326.0
-202.0,-169.0,-76.0,217.0,,-10.0,481.0,-393.0,147.0,-386.0
-150.0,-306.0,-21.0,264.0,,-226.0,595.0,-190.0,-47.0,-410.0
-126.0,-359.0,-25.0,20.0,,-161.0,663.0,-194.0,40.0,-401.0
-158.0,-380.0,-9.0,-279.0,,134.0,674.0,16.0,18.0,-365.0
-169.0,-156.0,-25.0,-568.0,,132.0,569.0,92.0,-316.0,-324.0
-206.0,227.0,55.0,-820.0,,-182.0,372.0,60.0,-529.0,-220.0
-233.0,430.0,144.0,-918.0,,-355.0,211.0,123.0,-585.0,-80.0
-237.0,694.0,109.0,-943.0,,-42.0,107.0,79.0,-447.0,8.0
-214.0,738.0,180.0,-854.0,,76.0,12.0,182.0,-177.0,93.0
-193.0,447.0,212.0,-805.0,,-190.0,-78.0,275.0,-228.0,188.0
-216.0,179.0,233.0,-896.0,,-141.0,-143.0,543.0,-488.0,222.0
-196.0,-131.0,255.0,-934.0,,301.0,-174.0,707.0,-397.0,233.0
-172.0,-396.0,295.0,-819.0,,299.0,-153.0,692.0,-45.0,255.0
-116.0,-547.0,407.0,-702.0,,-64.0,-88.0,541.0,223.0,222.0
-117.0,-645.0,397.0,-660.0,,-3.0,35.0,62.0,285.0,210.0
-53.0,-606.0,316.0,-536.0,,172.0,162.0,-212.0,-33.0,220.0
66.0,-321.0,228.0,-316.0,,54.0,251.0,-445.0,24.0,164.0
111.0,371.0,184.0,-97.0,,-20.0,349.0,-517.0,458.0,117.0
113.0,826.0,135.0,29.0,,191.0,414.0,-395.0,431.0,108.0
110.0,999.0,103.0,-5.0,,250.0,488.0,-188.0,153.0,76.0
186.0,1079.0,68.0,-200.0,,115.0,589.0,116.0,-203.0,30.0
182.0,1055.0,38.0,-519.0,,180.0,646.0,227.0,-318.0,9.0
187.0,1001.0,-19.0,-889.0,,313.0,606.0,482.0,-141.0,2.0
228.0,606.0,-87.0,-1189.0,,243.0,487.0,580.0,-38.0,21.0
292.0,279.0,-82.0,-1343.0,,87.0,365.0,816.0,-225.0,91.0
315.0,-193.0,-181.0,-1371.0,,118.0,223.0,1247.0,-705.0,193.0
260.0,-1000.0,-226.0,-1265.0,,248.0,31.0,1359.0,-667.0,348.0
204.0,-1275.0,-237.0,-1054.0,,178.0,-166.0,1542.0,-149.0,503.0
139.0,-1203.0,-251.0,-752.0,,38.0,-312.0,1395.0,3.0,650.0
108.0,-987.0,-241.0,-450.0,,92.0,-436.0,1171.0,-343.0,825.0
20.0,-618.0,-273.0,-304.0,,196.0,-513.0,1036.0,-844.0,945.0
31.0,-408.0,-239.0,-103.0,,227.0,-477.0,827.0,-894.0,1060.0
76.0,-84.0,-258.0,285.0,,179.0,-353.0,788.0,-441.0,1183.0
127.0,449.0,-227.0,543.0,,235.0,-196.0,774.0,-123.0,1246.0
182.0,731.0,-222.0,643.0,,298.0,-76.0,840.0,-242.0,1261.0
193.0,490.0,-205.0,703.0,,245.0,42.0,709.0,-382.0,1261.0
228.0,422.0,-121.0,595.0,,204.0,144.0,696.0,-176.0,1197.0
189.0,63.0,-139.0,483.0,,158.0,198.0,594.0,175.0,1055.0
164.0,-625.0,-95.0,344.0,,203.0,211.0,317.0,368.0,953.0
122.0,-762.0,-98.0,145.0,,133.0,145.0,293.0,238.0,827.0
107.0,-1045.0,-102.0,24.0,,-33.0,38.0,107.0,-26.0,640.0
98.0,-1081.0,-115.0,-128.0,,125.0,-95.0,155.0,-65.0,503.0
67.0,-595.0,-160.0,-214.0,,468.0,-217.0,266.0,192.0,415.0
49.0,-151.0,-167.0,-183.0,,368.0,-301.0,399.0,305.0,314.0
33.0,-117.0,-191.0,-37.0,,35.0,-347.0,757.0,-62.0,229.0
50.0,-463.0,-231.0,-4.0,,-6.0,-289.0,912.0,-408.0,179.0
-8.0,-670.0,-308.0,-227.0,,81.0,-184.0,981.0,-346.0,78.0
-71.0,-924.0,-257.0,-267.0,,116.0,-89.0,947.0,-40.0,-94.0
-92.0,-971.0,-181.0,-110.0,,6.0,46.0,986.0,68.0,-226.0
-118.0,-775.0,-176.0,-55.0,,7.0,163.0,966.0,-236.0,-291.0
-143.0,-419.0,-181.0,-67.0,,115.0,224.0,1088.0,-582.0,-392.0
-178.0,175.0,-181.0,-76.0,,109.0,258.0,1396.0,-588.0,-505.0
-217.0,653.0,-129.0,-38.0,,167.0,298.0,1489.0,-224.0,-553.0
-213.0,1066.0,-134.0,76.0,,335.0,297.0,1821.0,-111.0,-554.0
-226.0,1398.0,-143.0,264.0,,389.0,218.0,1890.0,-490.0,-564.0
-244.0,1592.0,-192.0,471.0,,197.0,158.0,1738.0,-897.0,-565.0
-250.0,1433.0,-176.0,622.0,,288.0,66.0,1749.0,-915.0,-495.0
-255.0,1143.0,-20.0,671.0,,713.0,3.0,1505.0,-243.0,-464.0
-257.0,598.0,-28.0,548.0,,615.0,-101.0,1387.0,60.0,-474.0
-307.0,-270.0,-96.0,311.0,,47.0,-237.0,1212.0,-310.0,-394.0
-306.0,-1197.0,-72.0,104.0,,-101.0,-259.0,1066.0,-352.0,-310.0
-287.0,-2059.0,-42.0,-231.0,,203.0,-336.0,1075.0,-150.0,-303.0
-276.0,-1968.0,-70.0,-738.0,,223.0,-359.0,1067.0,352.0,-295.0
-274.0,-2021.0,-85.0,-1058.0,,-5.0,-372.0,1112.0,726.0,-242.0
-289.0,-2065.0,-116.0,-1167.0,,27.0,-405.0,1099.0,662.0,-209.0
-256.0,-1373.0,-152.0,-1262.0,,140.0,-406.0,1230.0,416.0,-236.0
-249.0,-970.0,-129.0,-1411.0,,92.0,-476.0,1140.0,518.0,-254.0
-248.0,-357.0,-180.0,-1394.0,,64.0,-500.0,1051.0,1174.0,-253.0
-225.0,414.0,-224.0,-1136.0,,298.0,-511.0,992.0,1222.0,-270.0
-184.0,1095.0,-257.0,-884.0,,342.0,-531.0,912.0,715.0,-271.0
-129.0,1028.0,-259.0,-675.0,,-12.0,-489.0,1104.0,221.0,-251.0
-118.0,753.0,-305.0,-405.0,,-22.0,-392.0,1018.0,212.0,-240.0
-95.0,789.0,-320.0,-109.0,,240.0,-275.0,1149.0,587.0,-256.0
-48.0,290.0,-279.0,51.0,,229.0,-141.0,1169.0,416.0,-234.0
-10.0,-277.0,-301.0,42.0,,-27.0,60.0,883.0,-168.0,-186.0
-23.0,-611.0,-275.0,-70.0,,6.0,249.0,910.0,-558.0,-184.0
-67.0,-368.0,-267.0,-184.0,,286.0,327.0,761.0,-455.0,-247.0
-57.0,-213.0,-255.0,-356.0,,109.0,319.0,607.0,-160.0,-332.0
-25.0,-131.0,-176.0,-508.0,,-121.0,277.0,537.0,40.0,-432.0
-26.0,8.0,-50.0,-486.0,,89.0,189.0,502.0,-151.0,-591.0
-51.0,-6.0,-116.0,-351.0,,221.0,45.0,598.0,-515.0,-767.0
-32.0,-5.0,-116.0,-290.0,,76.0,-92.0,739.0,-152.0,-928.0
34.0,-183.0,-67.0,-259.0,,58.0,-259.0,944.0,636.0,-1033.0
40.0,84.0,-50.0,-123.0,,198.0,-458.0,1164.0,874.0,-1102.0
33.0,-109.0,-68.0,38.0,,206.0,-575.0,1369.0,500.0,-1148.0
34.0,-684.0,-147.0,232.0,,78.0,-666.0,1315.0,121.0,-1156.0
-8.0,-772.0,143.0,367.0,,129.0,-752.0,1346.0,122.0,-1152.0
-6.0,-601.0,82.0,596.0,,343.0,-794.0,1295.0,386.0,-1174.0
15.0,-555.0,76.0,741.0,,260.0,-816.0,1119.0,532.0,-1132.0
14.0,-580.0,190.0,625.0,,5.0,-804.0,1160.0,278.0,-960.0
-1.0,53.0,51.0,478.0,,56.0,-794.0,824.0,-144.0,-795.0
-16.0,536.0,152.0,275.0,,190.0,-739.0,659.0,-75.0,-624.0
-28.0,657.0,128.0,89.0,,6.0,-601.0,670.0,451.0,-469.0
-109.0,651.0,112.0,-153.0,,-120.0,-522.0,591.0,645.0,-369.0
-175.0,401.0,103.0,-268.0,,114.0,-465.0,831.0,290.0,-263.0
-214.0,526.0,60.0,-211.0,,183.0,-370.0,982.0,-115.0,-160.0
-218.0,574.0,-4.0,-201.0,,89.0,-295.0,1298.0,-98.0,-98.0
-157.0,300.0,-148.0,-285.0,,226.0,-176.0,1391.0,236.0,-107.0
-103.0,356.0,-278.0,-468.0,,218.0,-72.0,1300.0,277.0,-133.0
-17.0,242.0,-236.0,-485.0,,-47.0,-63.0,1358.0,-188.0,-164.0
75.0,-150.0,-204.0,-392.0,,-141.0,-81.0,1060.0,-582.0,-240.0
149.0,-383.0,-244.0,-264.0,,100.0,-101.0,929.0,-340.0,-318.0
156.0,-225.0,-180.0,11.0,,327.0,-146.0,801.0,24.0,-360.0
104.0,183.0,-238.0,404.0,,268.0,-149.0,652.0,58.0,-420.0
90.0,172.0,-278.0,591.0,,149.0,-76.0,652.0,-68.0,-493.0
59.0,603.0,-336.0,531.0,,120.0,28.0,698.0,-242.0,-574.0
-12.0,1412.0,-269.0,477.0,,214.0,117.0,944.0,-28.0,-695.0
-74.0,1671.0,-191.0,446.0,,221.0,120.0,1014.0,435.0,-784.0
-114.0,1951.0,-288.0,452.0,,49.0,112.0,1031.0,648.0,-853.0
-140.0,2185.0,-319.0,369.0,,-66.0,134.0,1043.0,388.0,-937.0
-186.0,1763.0,-357.0,354.0,,-120.0,108.0,1008.0,48.0,-999.0
-242.0,984.0,-243.0,462.0,,-146.0,24.0,792.0,209.0,-1027.0
-302.0,33.0,-296.0,486.0,,-197.0,-75.0,469.0,603.0,-1006.0
-355.0,-1168.0,-482.0,411.0,,-258.0,-163.0,160.0,500.0,-959.0
-384.0,-1986.0,-404.0,329.0,,-170.0,-231.0,-271.0,-188.0,-915.0
-447.0,-2557.0,-449.0,283.0,,-130.0,-255.0,-436.0,-497.0,-906.0
-485.0,-2665.0,-390.0,77.0,,-194.0,-292.0,-515.0,-321.0,-871.0
-467.0,-2532.0,-368.0,-123.0,,-133.0,-287.0,-262.0,158.0,-801.0
-444.0,-2599.0,-447.0,-28.0,,42.0,-165.0,105.0,444.0,-798.0
-428.0,-2130.0,-349.0,143.0,,-1.0,0.0,186.0,170.0,-785.0
-424.0,-1107.0,-440.0,146.0,,-323.0,109.0,406.0,-1.0,-789.0
-400.0,303.0,-414.0,-13.0,,-215.0,160.0,303.0,79.0,-825.0
-353.0,614.0,-377.0,-107.0,,168.0,237.0,267.0,473.0,-858.0
-290.0,551.0,-357.0,62.0,,75.0,303.0,365.0,381.0,-894.0
-220.0,1430.0,-312.0,218.0,,-237.0,299.0,399.0,-137.0,-883.0
-136.0,1554.0,-376.0,262.0,,-233.0,309.0,604.0,-314.0,-920.0
-59.0,934.0,-232.0,436.0,,-33.0,380.0,587.0,-209.0,-934.0
-23.0,437.0,-239.0,549.0,,-75.0,406.0,633.0,68.0,-914.0
-3.0,300.0,-174.0,297.0,,-245.0,400.0,478.0,-195.0,-908.0
24.0,-302.0,-88.0,-55.0,,-129.0,423.0,269.0,-756.0,-856.0
25.0,-870.0,-167.0,-128.0,,70.0,450.0,251.0,-1035.0,-766.0
-32.0,-869.0,-58.0,-48.0,,-104.0,462.0,168.0,-858.0,-657.0
-84.0,-1165.0,-88.0,-7.0,,-260.0,450.0,312.0,-417.0,-594.0
-107.0,-952.0,-200.0,-47.0,,-41.0,426.0,195.0,-383.0,-593.0
-108.0,-487.0,-232.0,-53.0,,85.0,322.0,94.0,-772.0,-613.0
-138.0,-37.0,-188.0,-29.0,,-231.0,173.0,-48.0,-993.0,-634.0
-228.0,194.0,-296.0,-188.0,,-417.0,107.0,-312.0,-584.0,-716.0
-264.0,398.0,-290.0,-365.0,,-22.0,99.0,-157.0,-52.0,-809.0
-303.0,1148.0,-336.0,-332.0,,50.0,71.0,-134.0,-182.0,-813.0
-363.0,1677.0,-548.0,-159.0,,-282.0,59.0,-133.0,-776.0,-782.0
-385.0,1379.0,-418.0,-66.0,,-227.0,102.0,-240.0,-902.0,-748.0
-352.0,587.0,-465.0,-42.0,,-76.0,150.0,-293.0,-451.0,-597.0
-239.0,702.0,-554.0,162.0,,-248.0,202.0,-303.0,0.0,-394.0
-169.0,664.0,-495.0,377.0,,-403.0,234.0,-600.0,47.0,-230.0
-116.0,88.0,-466.0,370.0,,-177.0,271.0,-626.0,-410.0,-29.0
-92.0,-41.0,-447.0,297.0,,-14.0,361.0,-805.0,-702.0,143.0
-32.0,-308.0,-385.0,242.0,,-292.0,451.0,-918.0,-305.0,239.0
19.0,-742.0,-375.0,93.0,,-570.0,500.0,-934.0,174.0,209.0
21.0,-1229.0,-355.0,-218.0,,-595.0,465.0,-934.0,-60.0,96.0
80.0,-770.0,-285.0,-470.0,,-584.0,369.0,-515.0,-515.0,-56.0
127.0,-203.0,-306.0,-368.0,,-643.0,230.0,-242.0,-423.0,-284.0
194.0,-832.0,-263.0,-112.0,,-437.0,66.0,86.0,174.0,-496.0
220.0,-715.0,-268.0,-65.0,,-37.0,-54.0,109.0,771.0,-616.0
282.0,216.0,-343.0,-97.0,,-75.0,-98.0,-97.0,581.0,-712.0
316.0,163.0,-391.0,-36.0,,-146.0,-61.0,-201.0,-59.0,-784.0
310.0,-262.0,-376.0,74.0,,116.0,6.0,-474.0,-221.0,-735.0
302.0,181.0,-476.0,160.0,,67.0,93.0,-461.0,84.0,-682.0
259.0,593.0,-471.0,165.0,,-340.0,182.0,-519.0,287.0,-614.0
242.0,413.0,-486.0,164.0,,-401.0,284.0,-517.0,154.0,-457.0
179.0,-235.0,-547.0,137.0,,-131.0,390.0,-500.0,-346.0,-297.0
181.0,-758.0,-556.0,91.0,,-58.0,409.0,-532.0,-703.0,-175.0
171.0,-599.0,-616.0,79.0,,-103.0,356.0,-365.0,-173.0,-90.0
142.0,-1104.0,-446.0,110.0,,-186.0,243.0,-439.0,269.0,-27.0
94.0,-723.0,-500.0,38.0,,-190.0,146.0,-334.0,140.0,-46.0
45.0,3.0,-489.0,-152.0,,-114.0,134.0,-349.0,-159.0,-66.0
0.0,-419.0,-263.0,-133.0,,-214.0,144.0,-400.0,-401.0,-44.0
-84.0,-72.0,-250.0,93.0,,-242.0,176.0,-330.0,-27.0,-82.0
-142.0,49.0,-270.0,308.0,,-197.0,243.0,-295.0,444.0,-175.0
-211.0,191.0,-237.0,425.0,,-259.0,336.0,-5.0,383.0,-224.0
-206.0,201.0,-170.0,581.0,,-361.0,435.0,-53.0,0.0,-226.0
-237.0,-61.0,-204.0,711.0,,-365.0,534.0,-140.0,-161.0,-327.0
-283.0,-193.0,-270.0,616.0,,-306.0,612.0,-493.0,176.0,-378.0
-275.0,-330.0,-302.0,446.0,,-472.0,656.0,-1016.0,695.0,-344.0
-246.0,191.0,-255.0,332.0,,-534.0,640.0,-1361.0,441.0,-372.0
-231.0,-75.0,-218.0,328.0,,-492.0,562.0,-1777.0,-235.0,-339.0
-228.0,77.0,-262.0,255.0,,-615.0,490.0,-1712.0,-103.0,-310.0
-184.0,703.0,-265.0,106.0,,-445.0,409.0,-1736.0,379.0,-305.0
-152.0,824.0,-339.0,196.0,,-258.0,331.0,-1550.0,814.0,-279.0
-93.0,1196.0,-370.0,438.0,,-384.0,285.0,-1176.0,692.0,-271.0
-15.0,1513.0,-351.0,650.0,,-496.0,246.0,-990.0,81.0,-220.0
44.0,1675.0,-323.0,851.0,,-493.0,216.0,-785.0,35.0,-165.0
94.0,1003.0,-244.0,940.0,,-438.0,194.0,-1003.0,318.0,-128.0
173.0,418.0,-283.0,930.0,,-352.0,210.0,-1093.0,557.0,-46.0
234.0,-142.0,-211.0,823.0,,-305.0,280.0,-1158.0,587.0,71.0
284.0,-1037.0,-163.0,612.0,,-550.0,361.0,-1104.0,80.0,134.0
328.0,-1189.0,-241.0,446.0,,-784.0,444.0,-990.0,-258.0,205.0
372.0,-971.0,-229.0,268.0,,-713.0,494.0,-1006.0,140.0,257.0
375.0,-648.0,-238.0,44.0,,-552.0,546.0,-820.0,426.0,232.0
375.0,-574.0,-179.0,-8.0,,-368.0,641.0,-800.0,26.0,184.0
375.0,-692.0,-217.0,155.0,,-374.0,623.0,-594.0,-563.0,113.0
316.0,-195.0,-238.0,187.0,,-469.0,527.0,-509.0,-788.0,82.0
289.0,669.0,-255.0,83.0,,-495.0,487.0,-558.0,-586.0,56.0
236.0,727.0,-312.0,10.0,,-615.0,419.0,-659.0,-322.0,66.0
212.0,25.0,-273.0,-47.0,,-780.0,311.0,-1014.0,-323.0,119.0
174.0,-364.0,-374.0,-10.0,,-793.0,264.0,-1176.0,-595.0,159.0
150.0,-592.0,-261.0,67.0,,-607.0,249.0,-1455.0,-788.0,240.0
149.0,-905.0,-284.0,102.0,,-561.0,245.0,-1552.0,-455.0,338.0
138.0,-1042.0,-445.0,114.0,,-513.0,243.0,-1539.0,-2.0,423.0
140.0,-1190.0,-384.0,207.0,,-358.0,218.0,-1592.0,26.0,523.0
168.0,-781.0,-439.0,370.0,,-429.0,197.0,-1548.0,-407.0,636.0
228.0,-147.0,-457.0,496.0,,-582.0,176.0,-1598.0,-654.0,699.0
186.0,-52.0,-498.0,477.0,,-486.0,229.0,-1335.0,-246.0,666.0
211.0,358.0,-490.0,355.0,,-287.0,254.0,-1006.0,296.0,546.0
299.0,1056.0,-538.0,228.0,,-479.0,180.0,-703.0,524.0,413.0
381.0,1332.0,-580.0,115.0,,-694.0,190.0,-484.0,-39.0,334.0
383.0,1434.0,-538.0,174.0,,-608.0,205.0,-655.0,-394.0,276.0
350.0,1874.0,-605.0,330.0,,-501.0,199.0,-868.0,-106.0,241.0
363.0,1762.0,-573.0,366.0,,-580.0,213.0,-1151.0,156.0,224.0
352.0,1257.0,-489.0,377.0,,-673.0,207.0,-1206.0,288.0,212.0
314.0,1126.0,-379.0,408.0,,-514.0,252.0,-1136.0,-201.0,282.0
236.0,758.0,-381.0,368.0,,-438.0,274.0,-1232.0,-614.0,414.0
249.0,426.0,-352.0,335.0,,-611.0,269.0,-1278.0,-444.0,522.0
247.0,76.0,-304.0,380.0,,-712.0,308.0,-1568.0,18.0,597.0
222.0,-28.0,-250.0,405.0,,-478.0,354.0,-1834.0,17.0,664.0
203.0,186.0,-165.0,328.0,,-482.0,411.0,-2206.0,-503.0,674.0
224.0,35.0,-196.0,188.0,,-717.0,450.0,-2461.0,-553.0,593.0
211.0,-360.0,-168.0,60.0,,-444.0,406.0,-2348.0,-284.0,557.0
101.0,-824.0,-180.0,-11.0,,-206.0,342.0,-2128.0,71.0,525.0
14.0,-802.0,-147.0,-21.0,,-442.0,321.0,-1574.0,56.0,431.0
-28.0,-605.0,-232.0,67.0,,-538.0,344.0,-1282.0,-352.0,366.0
-16.0,-335.0,-322.0,62.0,,-267.0,430.0,-927.0,-531.0,313.0
-64.0,159.0,-370.0,-65.0,,-195.0,495.0,-524.0,-447.0,235.0
-96.0,26.0,-463.0,-54.0,,-454.0,550.0,-336.0,-221.0,202.0
-106.0,-169.0,-377.0,-154.0,,-425.0,609.0,-245.0,-167.0,212.0
-98.0,67.0,-451.0,-341.0,,-87.0,613.0,-463.0,-514.0,173.0
-106.0,547.0,-508.0,-394.0,,-21.0,613.0,-436.0,-848.0,109.0
-147.0,594.0,-465.0,-355.0,,-319.0,579.0,-670.0,-645.0,47.0
-155.0,231.0,-439.0,-247.0,,-376.0,471.0,-1066.0,-325.0,-3.0
-148.0,785.0,-449.0,-233.0,,25.0,349.0,-1485.0,-469.0,-47.0
-105.0,1353.0,-519.0,-196.0,,-34.0,202.0,-2047.0,-796.0,-89.0
-103.0,1135.0,-454.0,-204.0,,-477.0,63.0,-2224.0,-762.0,-126.0
-93.0,927.0,-344.0,-219.0,,-327.0,-17.0,-2263.0,-272.0,-160.0
-133.0,669.0,-346.0,-21.0,,-37.0,-104.0,-1977.0,210.0,-160.0
-156.0,317.0,-385.0,52.0,,-310.0,-190.0,-1624.0,214.0,-142.0
-153.0,278.0,-339.0,-39.0,,-478.0,-257.0,-1249.0,-138.0,-102.0
-164.0,145.0,-274.0,-121.0,,-190.0,-253.0,-816.0,-176.0,-77.0
-158.0,-194.0,-232.0,-6.0,,-246.0,-209.0,-546.0,282.0,-52.0
-154.0,-218.0,-268.0,217.0,,-461.0,-183.0,-86.0,807.0,27.0
-92.0,223.0,-249.0,325.0,,-442.0,-108.0,31.0,886.0,168.0
-85.0,504.0,-264.0,436.0,,-397.0,-65.0,-25.0,365.0,337.0
-50.0,337.0,-277.0,381.0,,-426.0,-52.0,-59.0,57.0,428.0
22.0,267.0,-201.0,227.0,,-509.0,-13.0,-349.0,364.0,508.0
76.0,315.0,-301.0,64.0,,-628.0,37.0,-611.0,708.0,600.0
59.0,449.0,-348.0,-167.0,,-666.0,59.0,-1108.0,448.0,633.0
3.0,330.0,-334.0,-331.0,,-471.0,43.0,-1411.0,-318.0,673.0
16.0,194.0,-311.0,-379.0,,-421.0,111.0,-1487.0,-605.0,690.0
19.0,-32.0,-275.0,-280.0,,-356.0,183.0,-1594.0,-270.0,684.0
-6.0,-14.0,-331.0,-207.0,,-214.0,137.0,-1585.0,68.0,685.0
-25.0,-32.0,-379.0,-185.0,,-199.0,74.0,-1576.0,-133.0,716.0
31.0,-821.0,-382.0,-115.0,,-61.0,37.0,-1228.0,-685.0,781.0
45.0,-942.0,-345.0,-32.0,,121.0,16.0,-962.0,-645.0,833.0
19.0,-871.0,-346.0,96.0,,27.0,28.0,-735.0,-260.0,906.0
-15.0,-665.0,-319.0,292.0,,-173.0,53.0,-661.0,91.0,995.0
-62.0,-20.0,-278.0,522.0,,-61.0,113.0,-807.0,180.0,1062.0
-53.0,569.0,-268.0,675.0,,2.0,183.0,-842.0,-254.0,1032.0
-51.0,1096.0,-222.0,546.0,,-37.0,213.0,-992.0,-423.0,958.0
-55.0,1433.0,-246.0,314.0,,23.0,224.0,-803.0,54.0,901.0
-65.0,1536.0,-270.0,238.0,,41.0,216.0,-737.0,464.0,798.0
-40.0,949.0,-199.0,149.0,,-11.0,149.0,-594.0,177.0,693.0
-14.0,348.0,-218.0,-50.0,,-17.0,74.0,-269.0,-383.0,551.0
-11.0,-39.0,-227.0,-245.0,,42.0,-9.0,-70.0,-686.0,394.0
-17.0,-176.0,-199.0,-366.0,,59.0,-87.0,351.0,-439.0,301.0
-45.0,71.0,-288.0,-541.0,,179.0,-98.0,332.0,-23.0,215.0
-66.0,-4.0,-344.0,-710.0,,150.0,-155.0,258.0,-353.0,100.0
-60.0,-384.0,-451.0,-712.0,,-20.0,-182.0,109.0,-1027.0,43.0
-35.0,-715.0,-483.0,-611.0,,0.0,-148.0,-236.0,-1026.0,49.0
5.0,-965.0,-444.0,-446.0,,58.0,-148.0,-382.0,-431.0,79.0
51.0,-605.0,-524.0,-346.0,,45.0,-134.0,-672.0,136.0,151.0
66.0,-191.0,-524.0,-267.0,,107.0,-129.0,-827.0,321.0,250.0
25.0,-355.0,-494.0,-100.0,,121.0,-130.0,-1042.0,-140.0,392.0
6.0,-217.0,-477.0,71.0,,60.0,-135.0,-1156.0,-202.0,491.0
42.0,-271.0,-465.0,168.0,,186.0,-165.0,-1134.0,332.0,557.0
62.0,-751.0,-439.0,83.0,,89.0,-168.0,-1258.0,590.0,623.0
46.0,-1011.0,-406.0,-61.0,,-41.0,-107.0,-1219.0,459.0,582.0
-36.0,-701.0,-306.0,-249.0,,111.0,-85.0,-1127.0,-169.0,500.0
-102.0,-412.0,-227.0,-595.0,,123.0,-125.0,-811.0,-440.0,485.0
-131.0,-658.0,-174.0,-884.0,,40.0,-162.0,-580.0,-138.0,447.0
-124.0,-466.0,-56.0,-899.0,,198.0,-244.0,-360.0,297.0,350.0
-182.0,-28.0,-28.0,-757.0,,503.0,-320.0,-107.0,323.0,300.0
-274.0,135.0,-45.0,-584.0,,427.0,-349.0,-262.0,-143.0,257.0
-244.0,488.0,-116.0,-383.0,,374.0,-338.0,-306.0,-168.0,200.0
-220.0,910.0,-58.0,-198.0,,639.0,-317.0,-412.0,94.0,154.0
-263.0,953.0,-67.0,17.0,,685.0,-331.0,-474.0,369.0,160.0
-372.0,763.0,-118.0,141.0,,535.0,-350.0,-454.0,241.0,166.0
-352.0,590.0,-76.0,129.0,,490.0,-370.0,-508.0,-196.0,145.0
-271.0,486.0,-92.0,104.0,,655.0,-344.0,-367.0,-360.0,192.0
-234.0,220.0,-7.0,32.0,,791.0,-282.0,-365.0,-293.0,205.0
-227.0,-158.0,-15.0,-155.0,,776.0,-244.0,-262.0,7.0,150.0
-224.0,-101.0,25.0,-388.0,,786.0,-217.0,-182.0,-2.0,119.0
-144.0,69.0,0.0,-547.0,,957.0,-210.0,-140.0,-387.0,101.0
-197.0,-232.0,21.0,-831.0,,964.0,-231.0,-18.0,-649.0,-18.0
-273.0,-321.0,244.0,-1207.0,,621.0,-239.0,-9.0,-423.0,-168.0
-305.0,-253.0,282.0,-1338.0,,788.0,-202.0,221.0,-79.0,-261.0
-287.0,-858.0,287.0,-1235.0,,1174.0,-136.0,304.0,-158.0,-363.0
-278.0,-1227.0,324.0,-1052.0,,820.0,-116.0,388.0,-340.0,-446.0
-301.0,-1097.0,358.0,-792.0,,538.0,-90.0,465.0,-326.0,-441.0
-245.0,-1027.0,377.0,-474.0,,806.0,-29.0,441.0,43.0,-377.0
-223.0,-815.0,455.0,-175.0,,975.0,-74.0,412.0,432.0,-340.0
-191.0,-686.0,472.0,62.0,,788.0,-126.0,59.0,465.0,-259.0
-174.0,-669.0,471.0,249.0,,687.0,-149.0,-168.0,169.0,-131.0
-128.0,-657.0,456.0,429.0,,936.0,-250.0,-513.0,124.0,-11.0
-106.0,-156.0,376.0,360.0,,982.0,-409.0,-868.0,599.0,123.0
-111.0,523.0,321.0,134.0,,823.0,-588.0,-933.0,827.0,273.0
-53.0,721.0,219.0,0.0,,882.0,-721.0,-849.0,618.0,425.0
-24.0,767.0,224.0,-128.0,,993.0,-842.0,-654.0,243.0,542.0
-16.0,319.0,136.0,-140.0,,843.0,-910.0,-753.0,57.0,651.0
-47.0,263.0,98.0,-194.0,,519.0,-879.0,-574.0,249.0,762.0
-29.0,184.0,142.0,-241.0,,622.0,-748.0,-184.0,385.0,815.0
-32.0,-449.0,138.0,-157.0,,987.0,-606.0,221.0,117.0,822.0
-98.0,-333.0,143.0,-81.0,,803.0,-528.0,692.0,-382.0,817.0
-129.0,-324.0,71.0,93.0,,628.0,-406.0,818.0,-508.0,757.0
-125.0,-462.0,76.0,282.0,,1000.0,-297.0,968.0,-208.0,668.0
-32.0,-95.0,118.0,430.0,,1076.0,-216.0,962.0,-55.0,571.0
25.0,414.0,192.0,446.0,,726.0,-166.0,910.0,-180.0,495.0
48.0,427.0,181.0,287.0,,765.0,-181.0,846.0,-476.0,491.0
107.0,401.0,170.0,101.0,,1069.0,-211.0,589.0,-702.0,499.0
170.0,679.0,214.0,-23.0,,941.0,-282.0,369.0,-408.0,499.0
188.0,752.0,218.0,-262.0,,792.0,-377.0,-16.0,21.0,521.0
165.0,970.0,246.0,-581.0,,968.0,-388.0,-114.0,-44.0,602.0
185.0,957.0,310.0,-613.0,,1037.0,-329.0,-123.0,-337.0,636.0
191.0,1277.0,389.0,-570.0,,946.0,-266.0,-68.0,-349.0,625.0
168.0,1439.0,391.0,-506.0,,781.0,-221.0,236.0,28.0,648.0
92.0,668.0,381.0,-342.0,,857.0,-240.0,164.0,420.0,612.0
56.0,381.0,349.0,-235.0,,1149.0,-227.0,109.0,558.0,512.0
112.0,384.0,342.0,-86.0,,1094.0,-183.0,109.0,386.0,422.0
118.0,-166.0,301.0,-4.0,,941.0,-214.0,304.0,229.0,404.0
97.0,-761.0,281.0,-85.0,,1113.0,-291.0,478.0,554.0,359.0
90.0,-830.0,313.0,-192.0,,1164.0,-403.0,245.0,800.0,258.0
108.0,-952.0,224.0,-381.0,,858.0,-481.0,158.0,462.0,232.0
118.0,-1076.0,201.0,-495.0,,905.0,-503.0,29.0,-70.0,246.0
115.0,-692.0,181.0,-487.0,,1258.0,-497.0,72.0,-274.0,212.0
121.0,-210.0,151.0,-522.0,,1154.0,-461.0,216.0,-80.0,200.0
138.0,-31.0,174.0,-412.0,,1028.0,-425.0,448.0,107.0,249.0
124.0,62.0,93.0,-345.0,,1108.0,-388.0,676.0,-53.0,305.0
64.0,322.0,1.0,-339.0,,1007.0,-356.0,521.0,-376.0,367.0
33.0,401.0,24.0,-162.0,,986.0,-319.0,332.0,-406.0,418.0
9.0,148.0,134.0,-72.0,,963.0,-222.0,-44.0,-195.0,465.0
-37.0,1.0,191.0,-18.0,,907.0,-132.0,-121.0,-164.0,436.0
-76.0,598.0,201.0,85.0,,948.0,-121.0,83.0,-324.0,357.0
-46.0,727.0,244.0,133.0,,939.0,-132.0,334.0,-504.0,345.0
9.0,-181.0,278.0,117.0,,1012.0,-157.0,739.0,-650.0,317.0
2.0,-583.0,335.0,-4.0,,1152.0,-183.0,914.0,-464.0,223.0
0.0,-621.0,407.0,-157.0,,1212.0,-209.0,1088.0,-285.0,160.0
25.0,-724.0,411.0,-298.0,,1106.0,-276.0,982.0,-512.0,172.0
3.0,-456.0,392.0,-513.0,,1239.0,-363.0,759.0,-760.0,96.0
-11.0,-19.0,369.0,-788.0,,1441.0,-447.0,550.0,-821.0,-43.0
-26.0,372.0,291.0,-930.0,,1151.0,-505.0,179.0,-626.0,-146.0
-62.0,664.0,282.0,-947.0,,989.0,-525.0,14.0,-444.0,-285.0
-104.0,130.0,341.0,-927.0,,1244.0,-546.0,-140.0,-515.0,-432.0
-148.0,-221.0,247.0,-853.0,,1335.0,-486.0,29.0,-587.0,-516.0
-140.0,66.0,190.0,-679.0,,1149.0,-346.0,389.0,-363.0,-545.0
-145.0,-25.0,208.0,-446.0,,1227.0,-219.0,698.0,37.0,-582.0
-134.0,209.0,173.0,-291.0,,1294.0,-80.0,879.0,244.0,-596.0
-140.0,296.0,202.0,-155.0,,1220.0,81.0,702.0,113.0,-527.0
-154.0,-25.0,178.0,-64.0,,1208.0,316.0,602.0,-73.0,-432.0
-117.0,-134.0,180.0,-132.0,,877.0,537.0,341.0,-35.0,-347.0
-121.0,201.0,207.0,-449.0,,788.0,598.0,129.0,100.0,-217.0
-107.0,600.0,129.0,-782.0,,1045.0,537.0,-79.0,376.0,-48.0
-30.0,944.0,82.0,-804.0,,1060.0,430.0,-393.0,403.0,120.0
35.0,1441.0,170.0,-739.0,,856.0,322.0,-347.0,244.0,270.0
52.0,1512.0,236.0,-815.0,,936.0,148.0,-245.0,310.0,389.0
95.0,1268.0,203.0,-999.0,,1200.0,-81.0,127.0,594.0,493.0
186.0,424.0,205.0,-1012.0,,1091.0,-218.0,443.0,902.0,529.0
224.0,-161.0,176.0,-828.0,,1164.0,-252.0,654.0,808.0,508.0
228.0,-611.0,212.0,-654.0,,1305.0,-261.0,1042.0,640.0,493.0
279.0,-1086.0,252.0,-501.0,,1260.0,-213.0,1337.0,554.0,482.0
329.0,-846.0,268.0,-442.0,,1172.0,-126.0,1686.0,687.0,484.0
328.0,-710.0,297.0,-371.0,,903.0,-67.0,1664.0,881.0,531.0
307.0,-731.0,298.0,-214.0,,981.0,-36.0,1467.0,675.0,566.0
320.0,-1101.0,310.0,35.0,,1100.0,-87.0,1117.0,102.0,565.0
345.0,-1013.0,277.0,382.0,,885.0,-180.0,670.0,-252.0,589.0
332.0,-1126.0,325.0,624.0,,820.0,-241.0,596.0,-13.0,602.0
303.0,-1565.0,385.0,608.0,,1116.0,-255.0,607.0,80.0,604.0
302.0,-1290.0,367.0,365.0,,1140.0,-227.0,864.0,-128.0,569.0
298.0,-1329.0,361.0,139.0,,642.0,-179.0,975.0,-526.0,479.0
253.0,-1207.0,377.0,-55.0,,684.0,-109.0,938.0,-606.0,418.0
271.0,-1267.0,395.0,-214.0,,1060.0,-39.0,805.0,-112.0,374.0
289.0,-1106.0,391.0,-125.0,,969.0,49.0,430.0,181.0,304.0
263.0,-389.0,460.0,61.0,,726.0,143.0,354.0,101.0,188.0
235.0,-258.0,454.0,124.0,,759.0,199.0,254.0,-36.0,77.0
202.0,222.0,407.0,178.0,,873.0,174.0,330.0,-32.0,3.0
209.0,820.0,486.0,279.0,,688.0,160.0,461.0,107.0,-81.0
197.0,949.0,429.0,293.0,,488.0,228.0,458.0,343.0,-163.0
158.0,1231.0,390.0,166.0,,534.0,268.0,546.0,179.0,-233.0
129.0,1394.0,352.0,18.0,,686.0,330.0,506.0,-160.0,-265.0
123.0,1310.0,294.0,-21.0,,600.0,415.0,661.0,-220.0,-278.0
131.0,1035.0,270.0,-11.0,,344.0,484.0,667.0,-247.0,-310.0
65.0,698.0,203.0,27.0,,482.0,493.0,600.0,17.0,-294.0
-58.0,725.0,162.0,6.0,,530.0,426.0,570.0,102.0,-249.0
-58.0,392.0,96.0,-13.0,,183.0,392.0,365.0,-264.0,-186.0
-28.0,-90.0,116.0,86.0,,340.0,376.0,254.0,-337.0,-82.0
-43.0,10.0,93.0,134.0,,621.0,378.0,-42.0,-35.0,56.0
-55.0,-258.0,113.0,71.0,,284.0,423.0,-68.0,250.0,181.0
-30.0,-932.0,93.0,47.0,,54.0,440.0,123.0,236.0,238.0
55.0,-1470.0,49.0,56.0,,407.0,450.0,447.0,-112.0,288.0
68.0,-1565.0,22.0,-162.0,,561.0,484.0,897.0,-430.0,329.0
81.0,-1228.0,-2.0,-344.0,,247.0,440.0,1058.0,-269.0,352.0
91.0,-1044.0,34.0,-315.0,,141.0,354.0,1293.0,-18.0,361.0
117.0,-464.0,12.0,-321.0,,239.0,238.0,1297.0,-110.0,360.0
125.0,-22.0,73.0,-305.0,,262.0,65.0,1263.0,-270.0,377.0
122.0,575.0,112.0,-224.0,,64.0,-93.0,1226.0,-327.0,372.0
139.0,2266.0,141.0,-137.0,,-25.0,-260.0,1082.0,-61.0,331.0
106.0,2509.0,193.0,-90.0,,143.0,-394.0,1104.0,229.0,269.0
109.0,1845.0,256.0,-193.0,,95.0,-395.0,885.0,194.0,248.0
105.0,1635.0,297.0,-320.0,,54.0,-278.0,790.0,127.0,236.0
104.0,996.0,308.0,-228.0,,202.0,-118.0,646.0,111.0,183.0
46.0,145.0,278.0,-184.0,,375.0,75.0,362.0,306.0,137.0
27.0,-681.0,249.0,-174.0,,245.0,257.0,133.0,540.0,78.0
55.0,-932.0,209.0,10.0,,-52.0,459.0,-86.0,410.0,-29.0
61.0,-1159.0,145.0,204.0,,66.0,659.0,36.0,131.0,-140.0
88.0,-1500.0,185.0,321.0,,47.0,744.0,103.0,-1.0,-222.0
91.0,-1739.0,207.0,287.0,,-339.0,804.0,266.0,121.0,-346.0
100.0,-1590.0,172.0,255.0,,-494.0,834.0,375.0,358.0,-458.0
111.0,-1134.0,146.0,290.0,,-483.0,811.0,325.0,435.0,-469.0
152.0,-461.0,155.0,238.0,,-536.0,774.0,430.0,248.0,-452.0
152.0,302.0,118.0,155.0,,-600.0,768.0,400.0,61.0,-463.0
182.0,731.0,125.0,119.0,,-610.0,775.0,692.0,287.0,-407.0
251.0,981.0,124.0,114.0,,-624.0,708.0,1069.0,440.0,-266.0
273.0,627.0,95.0,146.0,,-575.0,637.0,1378.0,164.0,-195.0
263.0,792.0,83.0,165.0,,-655.0,598.0,1568.0,-77.0,-164.0
223.0,802.0,33.0,156.0,,-732.0,550.0,1467.0,-278.0,-121.0
202.0,848.0,77.0,50.0,,-559.0,447.0,1426.0,-282.0,-143.0
155.0,921.0,105.0,-182.0,,-555.0,322.0,1138.0,-151.0,-236.0
107.0,681.0,100.0,-322.0,,-611.0,227.0,990.0,-159.0,-306.0
66.0,1242.0,136.0,-322.0,,-619.0,132.0,975.0,-275.0,-314.0
63.0,630.0,189.0,-215.0,,-674.0,51.0,936.0,-484.0,-352.0
94.0,112.0,208.0,-119.0,,-720.0,32.0,925.0,-497.0,-369.0
80.0,0.0,163.0,-84.0,,-694.0,44.0,809.0,-304.0,-282.0
60.0,-347.0,191.0,-13.0,,-702.0,92.0,912.0,-324.0,-231.0
59.0,-314.0,252.0,85.0,,-815.0,204.0,818.0,-597.0,-225.0
44.0,-424.0,279.0,186.0,,-788.0,365.0,800.0,-604.0,-93.0
17.0,-672.0,262.0,274.0,,-694.0,587.0,888.0,-237.0,86.0
44.0,-1319.0,209.0,351.0,,-639.0,756.0,851.0,42.0,161.0
93.0,-828.0,122.0,348.0,,-491.0,920.0,920.0,-210.0,234.0
115.0,-295.0,-3.0,300.0,,-388.0,1147.0,711.0,-473.0,356.0
112.0,-330.0,-42.0,259.0,,-548.0,1309.0,546.0,-487.0,391.0
154.0,85.0,-88.0,158.0,,-507.0,1360.0,367.0,-545.0,325.0
225.0,76.0,-174.0,115.0,,-322.0,1269.0,184.0,-221.0,321.0
235.0,222.0,-258.0,169.0,,-520.0,1123.0,116.0,-56.0,303.0
234.0,795.0,-337.0,243.0,,-598.0,994.0,49.0,-232.0,148.0
245.0,1027.0,-364.0,417.0,,-321.0,878.0,96.0,-181.0,59.0
290.0,666.0,-355.0,558.0,,-295.0,791.0,-66.0,170.0,104.0
273.0,784.0,-350.0,509.0,,-559.0,693.0,-36.0,671.0,53.0
223.0,1222.0,-349.0,439.0,,-617.0,609.0,20.0,867.0,-78.0
183.0,1044.0,-294.0,456.0,,-458.0,544.0,144.0,753.0,-75.0
117.0,378.0,-268.0,424.0,,-346.0,497.0,618.0,641.0,-59.0
71.0,17.0,-187.0,251.0,,-467.0,463.0,807.0,671.0,-157.0
19.0,211.0,-87.0,141.0,,-624.0,437.0,931.0,645.0,-239.0
1.0,-25.0,-43.0,131.0,,-509.0,432.0,833.0,477.0,-241.0
-34.0,-210.0,20.0,19.0,,-393.0,373.0,679.0,132.0,-269.0
-72.0,-476.0,3.0,-173.0,,-621.0,279.0,661.0,-7.0,-371.0
-80.0,-826.0,-44.0,-404.0,,-571.0,243.0,580.0,293.0,-405.0
-87.0,-655.0,-38.0,-544.0,,-189.0,242.0,753.0,350.0,-407.0
-71.0,-604.0,-58.0,-430.0,,-285.0,297.0,720.0,378.0,-487.0
-64.0,-631.0,-66.0,-228.0,,-475.0,400.0,676.0,363.0,-570.0
-59.0,-1452.0,-56.0,-51.0,,-366.0,487.0,724.0,58.0,-561.0
-30.0,-2371.0,-64.0,100.0,,-344.0,531.0,761.0,48.0,-547.0
13.0,-2135.0,-71.0,162.0,,-641.0,538.0,905.0,158.0,-609.0
38.0,-2008.0,-100.0,124.0,,-643.0,553.0,855.0,-13.0,-623.0
62.0,-1543.0,-102.0,228.0,,-400.0,554.0,801.0,-265.0,-574.0
79.0,-1285.0,-50.0,466.0,,-617.0,552.0,543.0,-483.0,-557.0
102.0,-1176.0,-7.0,619.0,,-886.0,553.0,382.0,-467.0,-590.0
106.0,-564.0,30.0,641.0,,-864.0,545.0,212.0,34.0,-563.0
131.0,-392.0,52.0,518.0,,-600.0,571.0,-142.0,149.0,-553.0
167.0,786.0,31.0,368.0,,-636.0,597.0,-164.0,-209.0,-638.0
199.0,1079.0,51.0,171.0,,-1066.0,582.0,-118.0,-77.0,-651.0
215.0,469.0,65.0,-22.0,,-956.0,587.0,118.0,251.0,-676.0
208.0,1136.0,58.0,-62.0,,-479.0,549.0,219.0,594.0,-822.0
303.0,1547.0,34.0,-19.0,,-705.0,445.0,295.0,697.0,-902.0
373.0,960.0,0.0,-20.0,,-1088.0,395.0,454.0,375.0,-836.0
402.0,436.0,7.0,-37.0,,-735.0,322.0,367.0,286.0,-774.0
356.0,708.0,-19.0,27.0,,-523.0,205.0,454.0,440.0,-751.0
332.0,270.0,-7.0,153.0,,-818.0,87.0,423.0,734.0,-673.0
347.0,161.0,-28.0,169.0,,-946.0,-41.0,413.0,781.0,-565.0
275.0,428.0,-98.0,160.0,,-653.0,-121.0,378.0,330.0,-533.0
214.0,643.0,-109.0,352.0,,-522.0,-93.0,266.0,-51.0,-523.0
140.0,749.0,-100.0,515.0,,-772.0,82.0,216.0,-98.0,-464.0
122.0,283.0,-105.0,570.0,,-724.0,314.0,24.0,220.0,-466.0
103.0,865.0,-108.0,614.0,,-513.0,481.0,182.0,211.0,-552.0
83.0,1056.0,-115.0,660.0,,-570.0,609.0,328.0,-179.0,-556.0
67.0,932.0,-135.0,629.0,,-857.0,651.0,445.0,-447.0,-519.0
43.0,929.0,-107.0,441.0,,-902.0,593.0,465.0,-464.0,-580.0
55.0,976.0,-101.0,226.0,,-550.0,514.0,33.0,-209.0,-637.0
86.0,1091.0,-91.0,31.0,,-616.0,378.0,-267.0,-289.0,-678.0
97.0,415.0,-60.0,-125.0,,-923.0,206.0,-465.0,-560.0,-763.0
75.0,124.0,-54.0,-221.0,,-797.0,47.0,-179.0,-670.0,-879.0
129.0,30.0,1.0,-172.0,,-660.0,-122.0,295.0,-464.0,-947.0
180.0,-631.0,-3.0,-65.0,,-803.0,-234.0,471.0,-156.0,-1003.0
205.0,-1172.0,-67.0,-34.0,,-834.0,-279.0,288.0,-180.0,-1107.0
228.0,-1120.0,-64.0,-1.0,,-720.0,-321.0,-388.0,-385.0,-1147.0
287.0,-1447.0,-62.0,60.0,,-878.0,-321.0,-624.0,-525.0,-1118.0
320.0,-1412.0,-109.0,194.0,,-1074.0,-318.0,-631.0,-355.0,-1101.0
318.0,-943.0,-98.0,352.0,,-955.0,-305.0,-478.0,-64.0,-1098.0
305.0,-176.0,-58.0,438.0,,-890.0,-220.0,-206.0,50.0,-1018.0
293.0,-114.0,-94.0,355.0,,-947.0,-195.0,-212.0,-93.0,-924.0
281.0,-776.0,-103.0,222.0,,-962.0,-220.0,20.0,-116.0,-879.0
211.0,-17.0,-124.0,177.0,,-893.0,-204.0,303.0,86.0,-798.0
203.0,-140.0,-174.0,114.0,,-730.0,-157.0,611.0,456.0,-699.0
193.0,43.0,-171.0,58.0,,-791.0,-107.0,615.0,587.0,-632.0
219.0,296.0,-173.0,48.0,,-853.0,-122.0,388.0,241.0,-602.0
216.0,384.0,-168.0,-1.0,,-574.0,-188.0,258.0,146.0,-568.0
177.0,802.0,-144.0,-193.0,,-446.0,-230.0,149.0,338.0,-541.0
158.0,313.0,-114.0,-296.0,,-758.0,-211.0,471.0,728.0,-517.0
82.0,1024.0,-122.0,-204.0,,-1084.0,-172.0,790.0,799.0,-480.0
67.0,491.0,-116.0,-112.0,,-1043.0,-170.0,1138.0,399.0,-433.0
75.0,10.0,-76.0,22.0,,-801.0,-190.0,1306.0,181.0,-417.0
90.0,403.0,-61.0,184.0,,-636.0,-200.0,1053.0,343.0,-417.0
80.0,7.0,-76.0,370.0,,-600.0,-243.0,700.0,585.0,-358.0
98.0,-330.0,-116.0,493.0,,-669.0,-308.0,84.0,487.0,-297.0
168.0,-1031.0,-72.0,413.0,,-759.0,-294.0,-238.0,212.0,-265.0
213.0,-1042.0,-59.0,320.0,,-834.0,-260.0,-471.0,-184.0,-239.0
207.0,-1130.0,-128.0,335.0,,-947.0,-219.0,-526.0,-179.0,-200.0
166.0,-1252.0,-193.0,255.0,,-905.0,-151.0,-194.0,273.0,-191.0
183.0,-1463.0,-267.0,92.0,,-706.0,-118.0,20.0,346.0,-238.0
229.0,-1323.0,-310.0,-45.0,,-695.0,-136.0,386.0,-6.0,-283.0
194.0,-101.0,-344.0,-295.0,,-674.0,-221.0,711.0,-123.0,-297.0
122.0,560.0,-423.0,-557.0,,-418.0,-359.0,1067.0,292.0,-323.0
113.0,373.0,-456.0,-636.0,,-457.0,-537.0,1008.0,599.0,-388.0
112.0,506.0,-451.0,-550.0,,-797.0,-696.0,293.0,382.0,-419.0
73.0,1148.0,-517.0,-495.0,,-795.0,-735.0,-345.0,-37.0,-445.0
4.0,926.0,-543.0,-450.0,,-626.0,-733.0,-990.0,-202.0,-479.0
-36.0,502.0,-526.0,-342.0,,-659.0,-761.0,-1247.0,-72.0,-459.0
-7.0,529.0,-479.0,-248.0,,-845.0,-737.0,-986.0,239.0,-400.0
15.0,155.0,-457.0,-107.0,,-930.0,-704.0,-441.0,237.0,-367.0
-18.0,-609.0,-417.0,-15.0,,-717.0,-668.0,25.0,-48.0,-336.0
-8.0,-700.0,-338.0,71.0,,-595.0,-577.0,243.0,-211.0,-281.0
21.0,-430.0,-278.0,156.0,,-767.0,-484.0,667.0,-230.0,-224.0
-22.0,-626.0,-246.0,157.0,,-686.0,-407.0,1014.0,119.0,-178.0
-81.0,-529.0,-285.0,179.0,,-482.0,-386.0,1165.0,261.0,-202.0
-94.0,-126.0,-260.0,138.0,,-822.0,-435.0,742.0,-100.0,-187.0
-78.0,671.0,-300.0,138.0,,-970.0,-436.0,-133.0,-328.0,-130.0
-120.0,1026.0,-290.0,201.0,,-527.0,-334.0,-864.0,-97.0,-159.0
-157.0,949.0,-241.0,119.0,,-405.0,-193.0,-1193.0,201.0,-235.0
-112.0,1635.0,-292.0,117.0,,-763.0,-85.0,-646.0,249.0,-326.0
-46.0,1281.0,-268.0,212.0,,-813.0,1.0,72.0,75.0,-427.0
-20.0,667.0,-266.0,248.0,,-453.0,20.0,539.0,-146.0,-549.0
-3.0,969.0,-187.0,388.0,,-513.0,-61.0,543.0,64.0,-633.0
65.0,549.0,-113.0,598.0,,-827.0,-186.0,249.0,370.0,-712.0
120.0,179.0,-138.0,737.0,,-715.0,-272.0,136.0,294.0,-832.0
93.0,-59.0,-118.0,752.0,,-408.0,-278.0,-144.0,135.0,-942.0
57.0,-275.0,-106.0,537.0,,-461.0,-264.0,-64.0,30.0,-978.0
82.0,-468.0,-156.0,294.0,,-682.0,-235.0,205.0,212.0,-930.0
115.0,-1076.0,-174.0,235.0,,-456.0,-200.0,450.0,674.0,-926.0
87.0,-1021.0,-143.0,139.0,,-88.0,-130.0,696.0,491.0,-863.0
85.0,-556.0,-143.0,-17.0,,-258.0,-3.0,642.0,-36.0,-719.0
144.0,-801.0,-139.0,19.0,,-407.0,126.0,637.0,-278.0,-602.0
169.0,-1281.0,-180.0,213.0,,-15.0,190.0,351.0,-216.0,-481.0
156.0,-1019.0,-232.0,290.0,,7.0,132.0,-68.0,229.0,-345.0
156.0,-592.0,-226.0,299.0,,-437.0,31.0,-524.0,168.0,-250.0
199.0,-418.0,-209.0,439.0,,-461.0,-103.0,-788.0,-359.0,-239.0
210.0,-342.0,-154.0,552.0,,-223.0,-282.0,-436.0,-448.0,-191.0
166.0,-420.0,-74.0,505.0,,-496.0,-497.0,131.0,-146.0,-144.0
132.0,-354.0,-37.0,380.0,,-873.0,-774.0,772.0,138.0,-208.0
119.0,-475.0,11.0,242.0,,-649.0,-987.0,807.0,212.0,-269.0
52.0,-638.0,49.0,158.0,,-396.0,-1070.0,267.0,-85.0,-259.0
-20.0,-385.0,107.0,115.0,,-614.0,-1097.0,-336.0,-268.0,-282.0
-42.0,-250.0,176.0,27.0,,-907.0,-1017.0,-678.0,23.0,-295.0
-49.0,441.0,183.0,9.0,,-769.0,-782.0,-358.0,295.0,-246.0
-60.0,1148.0,160.0,-21.0,,-436.0,-497.0,33.0,439.0,-174.0
-142.0,1051.0,116.0,-139.0,,-508.0,-200.0,424.0,143.0,-68.0
-191.0,1136.0,124.0,-204.0,,-740.0,56.0,371.0,-183.0,67.0
-172.0,1107.0,46.0,-219.0,,-490.0,243.0,9.0,102.0,243.0
-186.0,1427.0,-30.0,-107.0,,-305.0,373.0,-29.0,357.0,353.0
-235.0,1585.0,-149.0,-15.0,,-513.0,399.0,-86.0,210.0,416.0
-217.0,640.0,-312.0,59.0,,-448.0,359.0,234.0,-119.0,555.0
-132.0,185.0,-373.0,172.0,,-312.0,278.0,495.0,-252.0,666.0
-91.0,364.0,-457.0,137.0,,-471.0,146.0,491.0,-48.0,649.0
-102.0,-356.0,-442.0,34.0,,-570.0,-34.0,338.0,209.0,634.0
-123.0,-1153.0,-428.0,-48.0,,-402.0,-222.0,-68.0,168.0,640.0
-119.0,-1036.0,-465.0,-40.0,,-287.0,-384.0,-195.0,-387.0,541.0
-130.0,-892.0,-472.0,-28.0,,-290.0,-534.0,-197.0,-934.0,370.0
-186.0,-782.0,-444.0,-88.0,,-340.0,-655.0,-70.0,-856.0,244.0
-248.0,-788.0,-410.0,-39.0,,-241.0,-767.0,-55.0,-496.0,164.0
-230.0,-664.0,-330.0,31.0,,-75.0,-876.0,110.0,-442.0,43.0
-223.0,-151.0,-227.0,-30.0,,-240.0,-905.0,572.0,-802.0,-56.0
-238.0,187.0,-152.0,-58.0,,-467.0,-842.0,698.0,-968.0,-103.0
-215.0,382.0,-58.0,-13.0,,-381.0,-749.0,533.0,-619.0,-139.0
-181.0,350.0,-11.0,36.0,,-34.0,-608.0,-129.0,-325.0,-161.0
-165.0,449.0,57.0,17.0,,20.0,-386.0,-713.0,-88.0,-133.0
-168.0,638.0,158.0,-135.0,,-20.0,-148.0,-1031.0,-110.0,-79.0
-98.0,381.0,200.0,-238.0,,139.0,59.0,-1154.0,-342.0,-75.0
-59.0,113.0,224.0,-257.0,,106.0,244.0,-663.0,66.0,-69.0
-28.0,-226.0,299.0,-313.0,,-116.0,322.0,-79.0,540.0,33.0
22.0,-230.0,309.0,-475.0,,-260.0,317.0,424.0,632.0,179.0
45.0,283.0,345.0,-608.0,,-213.0,321.0,328.0,435.0,284.0
85.0,334.0,365.0,-723.0,,-70.0,297.0,-284.0,221.0,459.0
133.0,-199.0,400.0,-826.0,,61.0,180.0,-925.0,568.0,669.0
142.0,-289.0,460.0,-721.0,,-63.0,-23.0,-1489.0,851.0,845.0
131.0,-410.0,374.0,-483.0,,45.0,-264.0,-1374.0,645.0,987.0
144.0,-772.0,322.0,-169.0,,173.0,-447.0,-755.0,29.0,1102.0
123.0,-55.0,227.0,65.0,,-113.0,-516.0,144.0,-343.0,1182.0
114.0,-248.0,145.0,196.0,,-127.0,-570.0,639.0,-136.0,1165.0
136.0,-454.0,111.0,406.0,,-41.0,-571.0,500.0,110.0,1128.0
161.0,351.0,58.0,568.0,,-238.0,-500.0,7.0,163.0,1046.0
173.0,317.0,-11.0,569.0,,-449.0,-378.0,-702.0,-259.0,913.0
177.0,554.0,-22.0,498.0,,-95.0,-233.0,-909.0,-376.0,754.0
145.0,197.0,-36.0,377.0,,369.0,-123.0,-953.0,39.0,638.0
91.0,175.0,-94.0,195.0,,258.0,28.0,-722.0,481.0,600.0
56.0,585.0,-68.0,5.0,,12.0,182.0,-334.0,789.0,517.0
0.0,285.0,-22.0,-186.0,,-62.0,296.0,-315.0,391.0,431.0
-43.0,382.0,0.0,-312.0,,-127.0,349.0,-260.0,14.0,386.0
-72.0,-517.0,8.0,-349.0,,-408.0,343.0,-297.0,140.0,380.0
-39.0,-996.0,70.0,-357.0,,-659.0,341.0,-96.0,305.0,334.0
-15.0,-790.0,67.0,-384.0,,-377.0,357.0,269.0,392.0,280.0
0.0,-1007.0,111.0,-359.0,,-22.0,342.0,628.0,-10.0,321.0
29.0,-734.0,170.0,-276.0,,-142.0,271.0,872.0,-378.0,364.0
60.0,-714.0,106.0,-262.0,,-32.0,199.0,600.0,-180.0,407.0
71.0,-677.0,99.0,-154.0,,402.0,159.0,260.0,141.0,498.0
25.0,-819.0,78.0,0.0,,450.0,141.0,-208.0,160.0,608.0
26.0,-924.0,37.0,102.0,,256.0,88.0,-500.0,-280.0,638.0
19.0,-457.0,45.0,214.0,,559.0,20.0,-533.0,-503.0,666.0
-14.0,-215.0,23.0,234.0,,961.0,-80.0,-630.0,-355.0,750.0
-100.0,222.0,53.0,370.0,,594.0,-214.0,-822.0,-62.0,756.0
-166.0,695.0,54.0,486.0,,143.0,-339.0,-1175.0,-51.0,713.0
-197.0,715.0,34.0,403.0,,235.0,-442.0,-1055.0,-479.0,655.0
-244.0,580.0,44.0,415.0,,464.0,-480.0,-846.0,-504.0,565.0
-316.0,402.0,-73.0,518.0,,440.0,-484.0,-702.0,-191.0,440.0
-393.0,250.0,-131.0,595.0,,281.0,-373.0,-703.0,209.0,308.0
-390.0,241.0,-159.0,555.0,,340.0,-199.0,-1117.0,334.0,256.0
-442.0,222.0,-234.0,523.0,,394.0,-71.0,-1326.0,115.0,232.0
-511.0,-64.0,-323.0,418.0,,-73.0,105.0,-1465.0,44.0,225.0
-581.0,-77.0,-388.0,157.0,,-377.0,286.0,-1012.0,175.0,269.0
-598.0,287.0,-343.0,-115.0,,47.0,410.0,-234.0,588.0,324.0
-568.0,480.0,-394.0,-418.0,,127.0,467.0,110.0,584.0,348.0
-594.0,563.0,-410.0,-590.0,,-273.0,503.0,175.0,298.0,355.0
-623.0,1246.0,-375.0,-693.0,,-150.0,550.0,-271.0,70.0,434.0
-631.0,1570.0,-416.0,-796.0,,260.0,543.0,-752.0,-142.0,482.0
-604.0,945.0,-351.0,-873.0,,44.0,490.0,-1134.0,103.0,432.0
-646.0,755.0,-322.0,-858.0,,-212.0,405.0,-1147.0,45.0,415.0
-670.0,197.0,-333.0,-723.0,,118.0,306.0,-716.0,-371.0,466.0
-687.0,-612.0,-295.0,-665.0,,338.0,266.0,-369.0,-795.0,472.0
-693.0,-937.0,-300.0,-546.0,,229.0,207.0,-55.0,-805.0,402.0
-644.0,-1219.0,-324.0,-307.0,,135.0,104.0,-116.0,-402.0,370.0
-583.0,-1189.0,-308.0,-109.0,,296.0,87.0,-290.0,-528.0,324.0
-487.0,-1072.0,-323.0,-86.0,,419.0,125.0,-491.0,-705.0,255.0
-418.0,-705.0,-343.0,-158.0,,212.0,172.0,-594.0,-812.0,173.0
-367.0,-251.0,-325.0,-226.0,,199.0,254.0,-474.0,-604.0,96.0
-348.0,-329.0,-345.0,-301.0,,592.0,311.0,-602.0,-220.0,53.0
-320.0,-92.0,-360.0,-338.0,,677.0,318.0,-685.0,-396.0,28.0
-302.0,527.0,-453.0,-313.0,,256.0,285.0,-779.0,-604.0,52.0
-293.0,189.0,-495.0,-92.0,,292.0,244.0,-727.0,-715.0,55.0
-266.0,-574.0,-491.0,58.0,,773.0,185.0,-678.0,-408.0,77.0
-229.0,-710.0,-507.0,53.0,,751.0,107.0,-731.0,0.0,153.0
-179.0,-914.0,-525.0,44.0,,644.0,138.0,-630.0,50.0,240.0
-138.0,-1327.0,-552.0,-44.0,,930.0,240.0,-748.0,-48.0,340.0
-113.0,-1225.0,-456.0,-63.0,,889.0,314.0,-818.0,-160.0,440.0
-77.0,-858.0,-414.0,-95.0,,636.0,402.0,-1006.0,125.0,583.0
-29.0,-726.0,-420.0,-140.0,,692.0,505.0,-1152.0,363.0,708.0
-50.0,-457.0,-399.0,-173.0,,713.0,543.0,-1141.0,224.0,791.0
-79.0,506.0,-401.0,-318.0,,680.0,514.0,-1226.0,-324.0,928.0
-60.0,888.0,-366.0,-460.0,,588.0,519.0,-901.0,-709.0,1077.0
-21.0,933.0,-349.0,-606.0,,459.0,515.0,-519.0,-575.0,1135.0
-41.0,1379.0,-399.0,-719.0,,544.0,501.0,-153.0,-357.0,1226.0
-54.0,1535.0,-396.0,-641.0,,563.0,531.0,27.0,-173.0,1350.0
-36.0,1747.0,-314.0,-401.0,,438.0,562.0,-40.0,-260.0,1385.0
-26.0,1464.0,-269.0,-179.0,,573.0,601.0,-20.0,-140.0,1427.0
-43.0,1521.0,-219.0,34.0,,836.0,670.0,-321.0,85.0,1440.0
-91.0,1689.0,-156.0,302.0,,665.0,718.0,-593.0,130.0,1384.0
-32.0,1593.0,-131.0,430.0,,271.0,733.0,-844.0,126.0,1256.0
32.0,1530.0,-119.0,403.0,,289.0,733.0,-1158.0,-102.0,1085.0
30.0,1269.0,-140.0,352.0,,609.0,705.0,-1287.0,-276.0,922.0
-34.0,1202.0,-109.0,197.0,,764.0,698.0,-1103.0,-143.0,740.0
-67.0,366.0,-61.0,-151.0,,764.0,662.0,-554.0,260.0,568.0
-70.0,-286.0,-90.0,-436.0,,484.0,549.0,-327.0,220.0,404.0
-156.0,-498.0,-88.0,-498.0,,188.0,431.0,-356.0,-27.0,250.0
-249.0,-912.0,-57.0,-539.0,,317.0,339.0,-626.0,3.0,95.0
-292.0,-1022.0,-96.0,-624.0,,376.0,306.0,-829.0,32.0,-1.0
-316.0,-1004.0,-157.0,-615.0,,370.0,348.0,-698.0,330.0,-26.0
-419.0,-1053.0,-164.0,-476.0,,434.0,488.0,-502.0,247.0,-70.0
-482.0,-640.0,-214.0,-342.0,,308.0,654.0,-79.0,-243.0,-116.0
-479.0,-626.0,-256.0,-310.0,,206.0,783.0,-96.0,-399.0,-115.0
-443.0,-703.0,-294.0,-327.0,,503.0,862.0,-399.0,-156.0,-84.0
-411.0,-65.0,-296.0,-294.0,,843.0,852.0,-872.0,263.0,-108.0
-436.0,-199.0,-269.0,-247.0,,712.0,788.0,-1404.0,138.0,-120.0
-431.0,173.0,-272.0,-214.0,,535.0,643.0,-1269.0,-159.0,-80.0
-406.0,546.0,-256.0,-83.0,,478.0,519.0,-910.0,-208.0,-112.0
-426.0,392.0,-228.0,77.0,,329.0,420.0,-524.0,-113.0,-197.0
-438.0,154.0,-155.0,156.0,,361.0,271.0,-489.0,140.0,-238.0
-393.0,-69.0,-131.0,244.0,,631.0,172.0,-844.0,81.0,-277.0
-369.0,224.0,-87.0,337.0,,731.0,117.0,-1326.0,-204.0,-337.0
-334.0,-272.0,9.0,374.0,,636.0,76.0,-1764.0,-359.0,-319.0
-298.0,-203.0,36.0,390.0,,459.0,24.0,-1725.0,-20.0,-200.0
-255.0,-63.0,26.0,297.0,,444.0,24.0,-1531.0,276.0,-87.0
-227.0,-5.0,53.0,62.0,,645.0,116.0,-1093.0,151.0,6.0
-268.0,445.0,45.0,-83.0,,417.0,202.0,-655.0,35.0,151.0
-315.0,401.0,56.0,-167.0,,78.0,261.0,-310.0,-332.0,298.0
-301.0,520.0,-34.0,-275.0,,447.0,357.0,86.0,-155.0,387.0
-240.0,644.0,-160.0,-256.0,,740.0,475.0,206.0,331.0,485.0
-238.0,1524.0,-170.0,-159.0,,86.0,539.0,264.0,101.0,604.0
-218.0,1558.0,-230.0,-43.0,,-348.0,583.0,-175.0,-126.0,607.0
-129.0,991.0,-205.0,56.0,,122.0,606.0,-816.0,-89.0,550.0
-36.0,1027.0,-214.0,150.0,,342.0,593.0,-1103.0,-22.0,539.0
-15.0,504.0,-207.0,188.0,,66.0,556.0,-1249.0,-31.0,509.0
-35.0,222.0,-176.0,159.0,,-8.0,511.0,-905.0,-113.0,388.0
-31.0,-182.0,-209.0,112.0,,212.0,441.0,-330.0,-521.0,269.0
-27.0,-403.0,-181.0,-7.0,,331.0,348.0,112.0,-788.0,283.0
-28.0,-370.0,-141.0,-107.0,,262.0,323.0,33.0,-433.0,334.0
-69.0,-551.0,-108.0,-243.0,,310.0,272.0,-447.0,-181.0,360.0
-86.0,-377.0,-119.0,-368.0,,452.0,204.0,-726.0,-298.0,410.0
-84.0,-286.0,-89.0,-359.0,,273.0,207.0,-903.0,-497.0,516.0
-115.0,-512.0,-43.0,-181.0,,33.0,208.0,-761.0,-539.0,567.0
-153.0,-278.0,6.0,41.0,,340.0,218.0,-661.0,-336.0,557.0
-182.0,304.0,58.0,188.0,,579.0,238.0,-787.0,130.0,602.0
-197.0,426.0,176.0,345.0,,297.0,297.0,-897.0,213.0,620.0
-241.0,364.0,246.0,478.0,,320.0,375.0,-970.0,-181.0,568.0
-272.0,867.0,251.0,491.0,,878.0,387.0,-720.0,-456.0,501.0
-268.0,1062.0,245.0,286.0,,869.0,366.0,-363.0,-316.0,485.0
-296.0,269.0,223.0,123.0,,260.0,328.0,121.0,120.0,413.0
-312.0,454.0,297.0,174.0,,245.0,316.0,177.0,-172.0,243.0
-311.0,671.0,263.0,234.0,,605.0,329.0,-256.0,-755.0,141.0
-307.0,183.0,245.0,109.0,,668.0,313.0,-763.0,-720.0,75.0
-263.0,175.0,232.0,19.0,,477.0,246.0,-1577.0,-415.0,-41.0
-228.0,119.0,186.0,17.0,,336.0,207.0,-1971.0,-157.0,-119.0
-193.0,-298.0,125.0,-301.0,,348.0,218.0,-1953.0,-384.0,-104.0
-180.0,-918.0,77.0,-641.0,,302.0,183.0,-1594.0,-666.0,-108.0
-200.0,-870.0,68.0,-736.0,,137.0,183.0,-977.0,-522.0,-126.0
-205.0,-480.0,34.0,-765.0,,198.0,188.0,-661.0,-392.0,-54.0
-208.0,169.0,76.0,-727.0,,545.0,214.0,-517.0,-55.0,37.0
-160.0,306.0,43.0,-596.0,,496.0,290.0,-700.0,95.0,81.0
-129.0,-245.0,90.0,-234.0,,287.0,331.0,-800.0,-273.0,157.0
-178.0,-383.0,130.0,267.0,,359.0,335.0,-598.0,-269.0,274.0
-176.0,-701.0,151.0,550.0,,263.0,258.0,-149.0,180.0,337.0
-137.0,-679.0,170.0,542.0,,7.0,179.0,378.0,477.0,359.0
-156.0,-213.0,95.0,496.0,,-37.0,96.0,412.0,306.0,440.0
-196.0,112.0,160.0,545.0,,3.0,-9.0,-162.0,112.0,500.0
-208.0,-2.0,134.0,421.0,,-153.0,-53.0,-1302.0,77.0,463.0
-177.0,56.0,69.0,113.0,,-257.0,-28.0,-1947.0,175.0,420.0
-150.0,592.0,104.0,-5.0,,-194.0,25.0,-1753.0,415.0,380.0
-170.0,441.0,117.0,-3.0,,-200.0,61.0,-870.0,254.0,287.0
-175.0,247.0,157.0,-124.0,,-165.0,70.0,545.0,-143.0,170.0
-151.0,563.0,176.0,-268.0,,-112.0,79.0,1186.0,-307.0,83.0
-123.0,581.0,232.0,-218.0,,-85.0,122.0,1010.0,30.0,16.0
-144.0,256.0,266.0,-131.0,,2.0,166.0,182.0,375.0,-70.0
-209.0,-24.0,242.0,-187.0,,-109.0,160.0,-896.0,190.0,-123.0
-251.0,-260.0,307.0,-182.0,,-268.0,95.0,-1424.0,-94.0,-71.0
-296.0,-188.0,331.0,-144.0,,-70.0,-23.0,-1337.0,5.0,-18.0
-309.0,-32.0,324.0,-145.0,,154.0,-165.0,-561.0,490.0,26.0
-271.0,69.0,340.0,-144.0,,-47.0,-289.0,134.0,574.0,101.0
-246.0,681.0,348.0,-158.0,,-168.0,-425.0,436.0,239.0,144.0
-226.0,1035.0,417.0,-117.0,,4.0,-550.0,332.0,-157.0,119.0
-222.0,869.0,467.0,-159.0,,79.0,-621.0,57.0,8.0,65.0
-199.0,894.0,443.0,-349.0,,18.0,-648.0,-73.0,441.0,78.0
-181.0,907.0,459.0,-411.0,,-201.0,-615.0,-314.0,371.0,37.0
-178.0,588.0,490.0,-310.0,,-361.0,-542.0,-266.0,433.0,-46.0
-126.0,637.0,425.0,-157.0,,-308.0,-422.0,-223.0,120.0,-74.0
-91.0,728.0,381.0,-44.0,,-251.0,-237.0,-118.0,57.0,-134.0
-69.0,584.0,348.0,23.0,,-403.0,-30.0,160.0,744.0,-236.0
-47.0,545.0,305.0,174.0,,-262.0,168.0,356.0,1025.0,-314.0
-22.0,170.0,283.0,190.0,,43.0,344.0,561.0,799.0,-286.0
16.0,-31.0,224.0,10.0,,-171.0,401.0,262.0,564.0,-265.0
40.0,-486.0,212.0,-159.0,,-365.0,335.0,-221.0,364.0,-313.0
15.0,-571.0,186.0,-153.0,,-284.0,232.0,-731.0,250.0,-290.0
-49.0,-422.0,111.0,-69.0,,-335.0,67.0,-689.0,574.0,-205.0
-97.0,-1022.0,82.0,-125.0,,-590.0,-125.0,243.0,268.0,-236.0
-136.0,-1434.0,82.0,-193.0,,-582.0,-344.0,1079.0,-55.0,-313.0
-180.0,-1845.0,107.0,-242.0,,-321.0,-536.0,1601.0,12.0,-275.0
-249.0,-1691.0,98.0,-230.0,,-166.0,-670.0,1356.0,-69.0,-272.0
-266.0,-1218.0,124.0,-178.0,,-96.0,-863.0,661.0,209.0,-357.0
-262.0,-897.0,199.0,-29.0,,-200.0,-984.0,-7.0,31.0,-395.0
-264.0,-404.0,225.0,291.0,,-233.0,-1030.0,-493.0,-230.0,-398.0
-259.0,25.0,240.0,550.0,,-199.0,-1033.0,-251.0,-191.0,-467.0
-240.0,27.0,280.0,671.0,,-310.0,-894.0,428.0,-165.0,-510.0
-147.0,-367.0,342.0,604.0,,-203.0,-711.0,1406.0,-122.0,-436.0
-66.0,-129.0,293.0,519.0,,-14.0,-539.0,1995.0,-169.0,-396.0
4.0,433.0,240.0,452.0,,-23.0,-401.0,1958.0,-444.0,-398.0
14.0,667.0,261.0,176.0,,110.0,-255.0,1485.0,-610.0,-303.0
4.0,873.0,239.0,-89.0,,365.0,-129.0,661.0,-239.0,-187.0
45.0,1518.0,204.0,-113.0,,315.0,-87.0,49.0,-60.0,-158.0
43.0,1787.0,187.0,-55.0,,116.0,-70.0,-500.0,18.0,-158.0
7.0,1054.0,184.0,-91.0,,363.0,-126.0,-447.0,-115.0,-86.0
-37.0,822.0,218.0,-75.0,,562.0,-263.0,210.0,-359.0,-2.0
-27.0,1119.0,265.0,57.0,,219.0,-441.0,1143.0,-30.0,28.0
-27.0,928.0,287.0,106.0,,-8.0,-615.0,2281.0,174.0,71.0
-51.0,557.0,355.0,69.0,,5.0,-744.0,2564.0,50.0,93.0
-22.0,144.0,374.0,145.0,,88.0,-761.0,1764.0,-37.0,21.0
25.0,-289.0,333.0,375.0,,169.0,-721.0,197.0,-262.0,-52.0
147.0,-823.0,328.0,501.0,,218.0,-753.0,-1241.0,-212.0,-60.0
283.0,-1300.0,326.0,411.0,,423.0,-797.0,-1864.0,181.0,-108.0
361.0,-1340.0,234.0,239.0,,540.0,-814.0,-1398.0,20.0,-209.0
446.0,-1290.0,161.0,157.0,,236.0,-746.0,133.0,-367.0,-266.0
555.0,-951.0,153.0,154.0,,102.0,-584.0,1649.0,-402.0,-281.0
639.0,-647.0,152.0,48.0,,546.0,-372.0,2651.0,-255.0,-345.0
655.0,-644.0,178.0,-68.0,,584.0,-139.0,2536.0,-141.0,-427.0
645.0,-610.0,99.0,-198.0,,146.0,-7.0,1487.0,-189.0,-436.0
696.0,-1180.0,69.0,-316.0,,230.0,22.0,389.0,-295.0,-408.0
798.0,-1251.0,116.0,-388.0,,461.0,-25.0,-349.0,-216.0,-423.0
838.0,-739.0,136.0,-313.0,,229.0,-151.0,-73.0,80.0,-415.0
828.0,-1009.0,146.0,-114.0,,28.0,-284.0,844.0,182.0,-323.0
843.0,-1052.0,153.0,-86.0,,45.0,-430.0,2065.0,-12.0,-255.0
870.0,-835.0,173.0,-105.0,,32.0,-627.0,2871.0,-126.0,-208.0
823.0,-508.0,140.0,-5.0,,70.0,-839.0,2629.0,-178.0,-160.0
672.0,-282.0,84.0,197.0,,199.0,-965.0,1971.0,-88.0,-148.0
540.0,-92.0,32.0,165.0,,423.0,-963.0,1082.0,341.0,-143.0
481.0,608.0,40.0,-82.0,,490.0,-857.0,487.0,177.0,-155.0
403.0,790.0,-40.0,-238.0,,281.0,-679.0,53.0,-169.0,-179.0
309.0,928.0,-135.0,-353.0,,328.0,-458.0,-77.0,103.0,-194.0
267.0,823.0,-119.0,-497.0,,542.0,-286.0,598.0,349.0,-208.0
235.0,478.0,-146.0,-692.0,,390.0,-179.0,1480.0,716.0,-238.0
221.0,150.0,-176.0,-698.0,,107.0,-87.0,2198.0,628.0,-249.0
186.0,-548.0,-214.0,-531.0,,146.0,-96.0,2204.0,18.0,-239.0
100.0,-328.0,-266.0,-400.0,,298.0,-104.0,1849.0,-107.0,-203.0
25.0,37.0,-244.0,-287.0,,240.0,-104.0,1273.0,18.0,-143.0
-21.0,-172.0,-198.0,-162.0,,147.0,-193.0,617.0,102.0,-101.0
-28.0,-504.0,-155.0,36.0,,112.0,-266.0,474.0,-93.0,-96.0
-30.0,-249.0,-29.0,245.0,,188.0,-352.0,498.0,-451.0,-118.0
-32.0,229.0,-8.0,291.0,,273.0,-419.0,925.0,-377.0,-135.0
-22.0,-86.0,-16.0,334.0,,222.0,-490.0,1385.0,68.0,-227.0
0.0,138.0,15.0,419.0,,33.0,-589.0,1795.0,331.0,-326.0
-9.0,543.0,113.0,334.0,,-61.0,-633.0,2180.0,121.0,-362.0
-31.0,744.0,238.0,283.0,,62.0,-686.0,2198.0,-91.0,-437.0
-46.0,159.0,261.0,287.0,,-20.0,-755.0,2123.0,39.0,-553.0
-69.0,-493.0,346.0,166.0,,9.0,-804.0,1587.0,27.0,-598.0
-79.0,-42.0,339.0,-68.0,,147.0,-829.0,1005.0,-250.0,-572.0
-113.0,-563.0,353.0,-262.0,,77.0,-822.0,533.0,-297.0,-558.0
-125.0,-657.0,322.0,-221.0,,-79.0,-755.0,219.0,-388.0,-539.0
-109.0,-28.0,233.0,-170.0,,-242.0,-679.0,314.0,-476.0,-509.0
-75.0,7.0,271.0,-250.0,,-219.0,-665.0,315.0,-137.0,-449.0
-26.0,-413.0,184.0,-284.0,,-155.0,-647.0,338.0,316.0,-380.0
-8.0,-924.0,98.0,-206.0,,-216.0,-581.0,360.0,227.0,-308.0
3.0,-705.0,63.0,-84.0,,-419.0,-538.0,676.0,-254.0,-216.0
65.0,-595.0,44.0,-22.0,,-345.0,-569.0,1178.0,-79.0,-120.0
155.0,-816.0,-11.0,47.0,,-207.0,-601.0,1577.0,125.0,-7.0
162.0,-1011.0,-59.0,256.0,,-374.0,-559.0,1932.0,66.0,84.0
129.0,-318.0,-45.0,429.0,,-233.0,-532.0,1714.0,-45.0,148.0
109.0,444.0,-68.0,389.0,,43.0,-508.0,1393.0,-417.0,199.0
101.0,218.0,-60.0,303.0,,-175.0,-433.0,1088.0,-454.0,244.0
95.0,157.0,-97.0,301.0,,-464.0,-338.0,907.0,-158.0,251.0
68.0,741.0,-69.0,225.0,,-354.0,-245.0,1108.0,161.0,241.0
56.0,1088.0,9.0,40.0,,-225.0,-162.0,1269.0,99.0,195.0
71.0,792.0,27.0,-79.0,,-240.0,-77.0,1520.0,-112.0,71.0
96.0,646.0,89.0,-153.0,,-217.0,-30.0,1603.0,-75.0,-23.0
73.0,228.0,104.0,-249.0,,-98.0,49.0,1714.0,165.0,-104.0
49.0,-149.0,51.0,-354.0,,-102.0,109.0,1572.0,261.0,-209.0
41.0,-454.0,73.0,-394.0,,-233.0,76.0,879.0,-76.0,-298.0
66.0,-281.0,33.0,-245.0,,-246.0,43.0,153.0,-383.0,-331.0
78.0,441.0,-63.0,-86.0,,2.0,-45.0,-613.0,-399.0,-318.0
59.0,-54.0,-68.0,-104.0,,126.0,-134.0,-665.0,-110.0,-296.0
103.0,71.0,-190.0,-208.0,,-184.0,-178.0,-55.0,96.0,-201.0
134.0,1420.0,-234.0,-275.0,,-128.0,-210.0,724.0,55.0,-62.0
147.0,902.0,-219.0,-258.0,,36.0,-263.0,1234.0,112.0,48.0
112.0,-462.0,-263.0,-266.0,,-128.0,-333.0,1064.0,387.0,114.0
144.0,50.0,-291.0,-305.0,,-93.0,-329.0,611.0,660.0,174.0
213.0,456.0,-335.0,-243.0,,134.0,-264.0,-99.0,659.0,189.0
251.0,84.0,-318.0,-175.0,,166.0,-179.0,-297.0,471.0,73.0
327.0,47.0,-319.0,-197.0,,-18.0,-84.0,66.0,203.0,-42.0
343.0,-44.0,-357.0,-183.0,,50.0,-27.0,452.0,234.0,-148.0
373.0,-48.0,-430.0,-70.0,,184.0,-34.0,683.0,544.0,-311.0
396.0,-568.0,-372.0,-27.0,,125.0,-54.0,509.0,382.0,-473.0
382.0,-602.0,-351.0,-129.0,,45.0,-29.0,606.0,41.0,-564.0
316.0,357.0,-382.0,-232.0,,141.0,34.0,929.0,-246.0,-566.0
285.0,357.0,-356.0,-173.0,,133.0,80.0,1213.0,-426.0,-528.0
321.0,-48.0,-362.0,-77.0,,-118.0,99.0,1367.0,-94.0,-422.0
325.0,313.0,-376.0,-162.0,,-142.0,98.0,1249.0,98.0,-209.0
345.0,459.0,-444.0,-223.0,,121.0,93.0,1005.0,30.0,25.0
364.0,205.0,-409.0,-114.0,,337.0,56.0,421.0,-124.0,187.0
423.0,714.0,-421.0,-70.0,,113.0,-21.0,99.0,-354.0,307.0
439.0,1124.0,-335.0,-167.0,,-51.0,-48.0,181.0,-136.0,362.0
409.0,661.0,-258.0,-156.0,,137.0,-65.0,437.0,148.0,280.0
364.0,572.0,-260.0,-8.0,,202.0,-127.0,824.0,-44.0,117.0
327.0,-47.0,-152.0,-23.0,,71.0,-149.0,910.0,-182.0,-52.0
326.0,-152.0,-141.0,-201.0,,80.0,-68.0,957.0,-63.0,-266.0
290.0,-265.0,-75.0,-262.0,,177.0,52.0,740.0,-91.0,-543.0
309.0,-1466.0,-31.0,-231.0,,-3.0,176.0,495.0,-199.0,-749.0
312.0,-1139.0,61.0,-256.0,,26.0,291.0,358.0,-279.0,-866.0
273.0,-1104.0,96.0,-313.0,,267.0,371.0,153.0,-342.0,-950.0
213.0,-1210.0,19.0,-333.0,,219.0,428.0,306.0,-218.0,-981.0
219.0,-726.0,114.0,-256.0,,27.0,455.0,376.0,117.0,-918.0
287.0,-239.0,145.0,-226.0,,-171.0,464.0,443.0,297.0,-793.0
257.0,31.0,106.0,-242.0,,-194.0,428.0,448.0,312.0,-722.0
220.0,311.0,107.0,-221.0,,-34.0,384.0,321.0,267.0,-652.0
236.0,1083.0,147.0,-117.0,,-45.0,386.0,258.0,123.0,-603.0
253.0,708.0,125.0,49.0,,-97.0,379.0,177.0,289.0,-629.0
205.0,681.0,12.0,100.0,,-59.0,360.0,140.0,416.0,-647.0
151.0,1033.0,-27.0,96.0,,-221.0,338.0,-155.0,128.0,-638.0
121.0,1007.0,-11.0,151.0,,-139.0,276.0,-225.0,-206.0,-634.0
131.0,490.0,-51.0,264.0,,208.0,211.0,-155.0,-307.0,-673.0
128.0,-35.0,-66.0,332.0,,79.0,172.0,-144.0,-71.0,-678.0
102.0,144.0,15.0,316.0,,-181.0,143.0,-88.0,-46.0,-646.0
85.0,566.0,81.0,186.0,,-121.0,140.0,-395.0,-166.0,-654.0
58.0,479.0,85.0,30.0,,50.0,135.0,-731.0,-181.0,-666.0
53.0,-546.0,29.0,-43.0,,242.0,144.0,-1260.0,-221.0,-633.0
26.0,-294.0,89.0,-134.0,,261.0,176.0,-1553.0,83.0,-588.0
36.0,373.0,157.0,-124.0,,89.0,208.0,-1295.0,398.0,-568.0
36.0,101.0,162.0,-95.0,,-45.0,259.0,-827.0,459.0,-523.0
60.0,-651.0,198.0,-105.0,,120.0,320.0,77.0,440.0,-438.0
89.0,-883.0,236.0,-13.0,,346.0,365.0,781.0,454.0,-378.0
57.0,-798.0,276.0,24.0,,154.0,402.0,1199.0,701.0,-306.0
54.0,-1041.0,234.0,-14.0,,-66.0,433.0,1053.0,834.0,-226.0
96.0,-662.0,252.0,-93.0,,-53.0,433.0,303.0,520.0,-184.0
113.0,-406.0,254.0,-194.0,,100.0,382.0,-240.0,282.0,-144.0
51.0,72.0,255.0,-221.0,,54.0,287.0,-541.0,235.0,-120.0
66.0,585.0,222.0,-233.0,,-221.0,182.0,-319.0,106.0,-108.0
99.0,395.0,148.0,-266.0,,-356.0,74.0,-18.0,22.0,-123.0
78.0,-181.0,211.0,-273.0,,-352.0,15.0,153.0,-255.0,-170.0
77.0,181.0,211.0,-235.0,,-321.0,23.0,179.0,-535.0,-246.0
130.0,727.0,179.0,-275.0,,-343.0,54.0,-18.0,-568.0,-321.0
189.0,505.0,160.0,-386.0,,-70.0,136.0,-99.0,-367.0,-379.0
152.0,818.0,170.0,-328.0,,-16.0,207.0,-378.0,-360.0,-420.0
64.0,686.0,257.0,-231.0,,-266.0,246.0,-430.0,-495.0,-407.0
31.0,574.0,244.0,-203.0,,-104.0,326.0,-284.0,-298.0,-395.0
49.0,382.0,163.0,-138.0,,-45.0,380.0,-186.0,-226.0,-331.0
41.0,137.0,208.0,-54.0,,-359.0,421.0,-166.0,111.0,-219.0
54.0,-124.0,221.0,-5.0,,-540.0,491.0,-404.0,574.0,-71.0
93.0,-96.0,116.0,-48.0,,-185.0,521.0,-399.0,642.0,132.0
119.0,453.0,36.0,-128.0,,-1.0,534.0,-424.0,683.0,313.0
114.0,51.0,15.0,-162.0,,-174.0,518.0,-461.0,786.0,485.0
103.0,-410.0,47.0,-207.0,,-108.0,488.0,-543.0,998.0,620.0
94.0,-1044.0,-37.0,-363.0,,-33.0,469.0,-703.0,1100.0,673.0
116.0,-698.0,-93.0,-506.0,,-29.0,411.0,-633.0,823.0,692.0
146.0,-438.0,-52.0,-522.0,,-338.0,377.0,-711.0,404.0,690.0
171.0,-590.0,-33.0,-474.0,,-578.0,338.0,-707.0,248.0,632.0
221.0,-243.0,-67.0,-461.0,,-368.0,276.0,-807.0,212.0,574.0
244.0,44.0,-164.0,-438.0,,-301.0,197.0,-938.0,64.0,493.0
268.0,-77.0,-85.0,-311.0,,-455.0,67.0,-942.0,-404.0,366.0
288.0,-1472.0,-16.0,-304.0,,-336.0,-74.0,-1040.0,-873.0,258.0
280.0,-853.0,-29.0,-408.0,,-110.0,-184.0,-803.0,-774.0,182.0
230.0,419.0,55.0,-530.0,,-350.0,-229.0,-600.0,-504.0,116.0
179.0,1419.0,110.0,-565.0,,-509.0,-277.0,-399.0,-435.0,29.0
145.0,1049.0,204.0,-453.0,,-386.0,-275.0,-297.0,-530.0,-28.0
169.0,-181.0,234.0,-344.0,,-368.0,-205.0,-537.0,-671.0,-98.0
170.0,476.0,228.0,-232.0,,-490.0,-151.0,-844.0,-480.0,-224.0
132.0,-233.0,253.0,-112.0,,-515.0,-90.0,-1261.0,152.0,-345.0
140.0,-390.0,209.0,138.0,,-419.0,-42.0,-1455.0,372.0,-451.0
102.0,550.0,213.0,325.0,,-525.0,-26.0,-1579.0,363.0,-559.0
34.0,1206.0,183.0,361.0,,-569.0,-58.0,-1252.0,534.0,-636.0
13.0,160.0,191.0,483.0,,-512.0,-59.0,-576.0,587.0,-666.0
59.0,-361.0,185.0,529.0,,-331.0,-71.0,-46.0,822.0,-710.0
68.0,667.0,166.0,480.0,,-267.0,-80.0,476.0,749.0,-785.0
42.0,-1009.0,187.0,377.0,,-547.0,26.0,419.0,471.0,-796.0
-18.0,-1261.0,150.0,183.0,,-425.0,149.0,166.0,520.0,-779.0
-75.0,-362.0,167.0,-102.0,,-263.0,247.0,-232.0,694.0,-837.0
-39.0,190.0,146.0,-353.0,,-576.0,219.0,-691.0,594.0,-880.0
-11.0,124.0,183.0,-442.0,,-591.0,159.0,-875.0,141.0,-870.0
29.0,-1462.0,216.0,-403.0,,-262.0,155.0,-1169.0,-182.0,-890.0
114.0,-808.0,287.0,-285.0,,-175.0,151.0,-1175.0,-446.0,-921.0
165.0,-115.0,405.0,-145.0,,-304.0,154.0,-1274.0,-577.0,-871.0
139.0,-834.0,475.0,86.0,,-286.0,85.0,-1372.0,-478.0,-791.0
117.0,-746.0,529.0,231.0,,-333.0,-1.0,-1191.0,-415.0,-761.0
107.0,81.0,511.0,247.0,,-344.0,-132.0,-1071.0,-400.0,-698.0
74.0,-284.0,612.0,205.0,,-89.0,-298.0,-803.0,-282.0,-598.0
59.0,-868.0,680.0,91.0,,-100.0,-419.0,-652.0,-116.0,-535.0
35.0,245.0,701.0,121.0,,-173.0,-554.0,-550.0,-84.0,-516.0
-31.0,-219.0,646.0,131.0,,-214.0,-632.0,-667.0,-125.0,-474.0
-96.0,-2074.0,616.0,16.0,,-331.0,-603.0,-872.0,-10.0,-448.0
-125.0,-1162.0,650.0,-86.0,,-472.0,-596.0,-916.0,-154.0,-486.0
-149.0,909.0,592.0,-179.0,,-552.0,-688.0,-968.0,-457.0,-498.0
-174.0,751.0,511.0,-264.0,,-417.0,-765.0,-685.0,-249.0,-465.0
-199.0,-321.0,381.0,-337.0,,-200.0,-781.0,-465.0,-26.0,-469.0
-187.0,-191.0,342.0,-275.0,,-55.0,-746.0,-271.0,-94.0,-485.0
-179.0,1207.0,173.0,-24.0,,-444.0,-658.0,-192.0,-315.0,-404.0
-199.0,1236.0,99.0,200.0,,-668.0,-595.0,-371.0,-242.0,-304.0
-241.0,449.0,117.0,279.0,,-420.0,-532.0,-452.0,-16.0,-189.0
-237.0,923.0,120.0,341.0,,-328.0,-452.0,-703.0,32.0,-15.0
-181.0,1627.0,219.0,388.0,,-287.0,-395.0,-853.0,73.0,143.0
-159.0,1583.0,189.0,395.0,,-137.0,-303.0,-1080.0,20.0,226.0
-159.0,-18.0,221.0,274.0,,62.0,-196.0,-1197.0,-1.0,235.0
-219.0,-433.0,186.0,66.0,,-8.0,-100.0,-925.0,-175.0,248.0
-235.0,159.0,207.0,-145.0,,42.0,-49.0,-718.0,-88.0,221.0
-181.0,-589.0,294.0,-377.0,,-31.0,-77.0,-434.0,59.0,93.0
-131.0,85.0,348.0,-491.0,,-308.0,-115.0,-443.0,-193.0,-69.0
-122.0,1012.0,350.0,-475.0,,-210.0,-185.0,-576.0,-330.0,-204.0
-93.0,-751.0,273.0,-432.0,,-130.0,-255.0,-788.0,-355.0,-327.0
-33.0,-1582.0,307.0,-507.0,,-73.0,-328.0,-1145.0,-203.0,-469.0
-29.0,-752.0,362.0,-586.0,,191.0,-438.0,-1348.0,-131.0,-558.0
-47.0,-1100.0,363.0,-519.0,,423.0,-534.0,-1655.0,-263.0,-565.0
-95.0,-1691.0,291.0,-424.0,,265.0,-655.0,-1583.0,-221.0,-572.0
-91.0,-1527.0,242.0,-363.0,,93.0,-783.0,-1359.0,7.0,-548.0
-113.0,-350.0,168.0,-259.0,,-25.0,-886.0,-1182.0,242.0,-436.0
-182.0,191.0,141.0,-160.0,,-132.0,-911.0,-966.0,339.0,-294.0
-258.0,-1346.0,114.0,-133.0,,-21.0,-891.0,-727.0,288.0,-199.0
-330.0,-1517.0,91.0,-97.0,,33.0,-811.0,-182.0,166.0,-82.0
-400.0,81.0,172.0,-38.0,,145.0,-697.0,195.0,351.0,103.0
-459.0,466.0,157.0,109.0,,260.0,-641.0,561.0,567.0,213.0
-417.0,451.0,144.0,307.0,,295.0,-578.0,635.0,409.0,262.0
-351.0,956.0,138.0,385.0,,115.0,-590.0,286.0,27.0,300.0
-322.0,1726.0,117.0,405.0,,210.0,-590.0,-201.0,-223.0,288.0
-370.0,1563.0,156.0,449.0,,475.0,-539.0,-918.0,41.0,224.0
-332.0,1020.0,205.0,529.0,,291.0,-500.0,-1330.0,149.0,164.0
-275.0,752.0,155.0,531.0,,442.0,-494.0,-1747.0,-57.0,120.0
-263.0,937.0,78.0,356.0,,802.0,-604.0,-1895.0,-226.0,61.0
-203.0,1526.0,102.0,270.0,,587.0,-724.0,-1681.0,-122.0,32.0
-130.0,988.0,124.0,264.0,,41.0,-802.0,-1413.0,83.0,29.0
-35.0,650.0,104.0,173.0,,-20.0,-800.0,-881.0,79.0,19.0
16.0,-328.0,85.0,93.0,,21.0,-776.0,-622.0,135.0,2.0
90.0,-1015.0,106.0,100.0,,-231.0,-730.0,-330.0,-32.0,24.0
123.0,-657.0,146.0,256.0,,-360.0,-613.0,-144.0,-79.0,95.0
114.0,-38.0,269.0,384.0,,-273.0,-509.0,-60.0,-8.0,178.0
75.0,-372.0,330.0,429.0,,137.0,-444.0,216.0,181.0,250.0
40.0,-721.0,296.0,515.0,,196.0,-485.0,339.0,343.0,316.0
31.0,682.0,321.0,537.0,,-121.0,-493.0,526.0,84.0,415.0
-48.0,-365.0,314.0,496.0,,-162.0,-419.0,404.0,55.0,468.0
-114.0,-985.0,289.0,418.0,,-25.0,-369.0,177.0,66.0,450.0
-162.0,-637.0,289.0,306.0,,-58.0,-293.0,-70.0,202.0,438.0
-155.0,-473.0,392.0,256.0,,-154.0,-266.0,-352.0,227.0,460.0
-157.0,131.0,453.0,138.0,,-95.0,-317.0,-275.0,75.0,459.0
-203.0,271.0,477.0,-18.0,,-196.0,-376.0,-186.0,215.0,439.0
-206.0,1039.0,439.0,13.0,,-300.0,-443.0,44.0,352.0,465.0
-117.0,451.0,377.0,102.0,,-25.0,-514.0,166.0,479.0,508.0
5.0,-186.0,381.0,157.0,,160.0,-605.0,66.0,315.0,531.0
67.0,-544.0,268.0,242.0,,-60.0,-670.0,-182.0,-115.0,529.0
99.0,-524.0,136.0,328.0,,80.0,-684.0,-665.0,-247.0,517.0
141.0,-95.0,59.0,463.0,,335.0,-704.0,-1010.0,143.0,496.0
195.0,-56.0,53.0,605.0,,300.0,-758.0,-1191.0,262.0,452.0
169.0,-88.0,7.0,679.0,,152.0,-756.0,-787.0,-70.0,424.0
125.0,-21.0,-15.0,683.0,,-38.0,-659.0,-133.0,-412.0,387.0
105.0,812.0,49.0,581.0,,102.0,-584.0,290.0,-559.0,321.0
71.0,-51.0,124.0,438.0,,238.0,-522.0,561.0,-128.0,293.0
12.0,-475.0,149.0,280.0,,133.0,-494.0,378.0,-100.0,283.0
-64.0,505.0,183.0,205.0,,95.0,-476.0,116.0,-290.0,256.0
-150.0,481.0,174.0,199.0,,250.0,-415.0,-267.0,-87.0,244.0
-221.0,812.0,196.0,156.0,,150.0,-325.0,-469.0,7.0,226.0
-277.0,410.0,237.0,187.0,,97.0,-181.0,-218.0,132.0,210.0
-347.0,-65.0,179.0,248.0,,316.0,-79.0,99.0,237.0,220.0
-373.0,163.0,168.0,318.0,,227.0,-10.0,539.0,432.0,214.0
-371.0,62.0,220.0,370.0,,-152.0,-9.0,596.0,430.0,207.0
-301.0,734.0,262.0,357.0,,-282.0,-123.0,508.0,363.0,182.0
-223.0,804.0,204.0,414.0,,-29.0,-243.0,415.0,781.0,149.0
-212.0,297.0,245.0,534.0,,58.0,-281.0,223.0,835.0,155.0
-217.0,773.0,273.0,623.0,,191.0,-258.0,158.0,500.0,162.0
-186.0,991.0,286.0,590.0,,149.0,-279.0,-64.0,368.0,172.0
-62.0,290.0,238.0,467.0,,46.0,-331.0,-99.0,242.0,217.0
49.0,-185.0,210.0,344.0,,89.0,-372.0,-131.0,262.0,303.0
85.0,-701.0,197.0,192.0,,56.0,-388.0,-221.0,158.0,369.0
79.0,-808.0,162.0,33.0,,173.0,-375.0,-232.0,-109.0,407.0
116.0,-491.0,112.0,-51.0,,233.0,-333.0,-162.0,-99.0,420.0
174.0,-1490.0,-20.0,-59.0,,302.0,-306.0,247.0,-64.0,417.0
204.0,-1628.0,12.0,0.0,,364.0,-338.0,461.0,-150.0,375.0
195.0,-1146.0,37.0,98.0,,584.0,-397.0,650.0,-222.0,268.0
188.0,-1013.0,62.0,108.0,,427.0,-472.0,770.0,-225.0,179.0
226.0,-406.0,50.0,158.0,,2.0,-534.0,654.0,-373.0,114.0
200.0,15.0,138.0,335.0,,66.0,-522.0,497.0,-598.0,48.0
140.0,477.0,124.0,504.0,,216.0,-440.0,223.0,-480.0,-9.0
85.0,758.0,89.0,654.0,,316.0,-343.0,236.0,-105.0,0.0
46.0,1107.0,106.0,773.0,,440.0,-216.0,236.0,-129.0,23.0
14.0,1124.0,99.0,781.0,,496.0,-87.0,334.0,-338.0,61.0
-50.0,511.0,121.0,729.0,,406.0,-3.0,513.0,-296.0,185.0
-125.0,619.0,67.0,674.0,,420.0,58.0,484.0,-425.0,310.0
-175.0,1422.0,144.0,498.0,,438.0,50.0,528.0,-549.0,404.0
-170.0,1334.0,93.0,269.0,,406.0,-14.0,430.0,-612.0,493.0
-140.0,334.0,124.0,14.0,,535.0,-31.0,432.0,-928.0,582.0
-84.0,-580.0,110.0,-196.0,,740.0,0.0,282.0,-1004.0,621.0
-34.0,155.0,189.0,-206.0,,671.0,34.0,12.0,-515.0,655.0
-2.0,125.0,265.0,-198.0,,417.0,48.0,-131.0,-240.0,725.0
7.0,-1416.0,191.0,-235.0,,271.0,54.0,-288.0,-163.0,722.0
7.0,-729.0,227.0,-264.0,,279.0,79.0,-55.0,-274.0,658.0
33.0,-91.0,178.0,-256.0,,390.0,110.0,197.0,-541.0,618.0
72.0,-609.0,258.0,-200.0,,368.0,201.0,606.0,-31.0,590.0
105.0,-1309.0,111.0,-204.0,,354.0,293.0,997.0,256.0,516.0
117.0,-730.0,42.0,-255.0,,429.0,288.0,982.0,203.0,442.0
99.0,-310.0,91.0,-200.0,,354.0,261.0,868.0,247.0,407.0
34.0,-529.0,-86.0,-96.0,,16.0,209.0,445.0,-23.0,383.0
-16.0,240.0,-124.0,3.0,,200.0,147.0,131.0,156.0,337.0
-42.0,-648.0,-71.0,185.0,,463.0,126.0,35.0,365.0,332.0
-39.0,-812.0,-73.0,293.0,,271.0,143.0,264.0,341.0,398.0
-28.0,-618.0,-157.0,322.0,,414.0,121.0,618.0,408.0,473.0
-87.0,-408.0,-208.0,340.0,,814.0,26.0,739.0,551.0,581.0
-130.0,-139.0,-254.0,295.0,,832.0,-36.0,1042.0,656.0,713.0
-143.0,-782.0,-272.0,270.0,,453.0,-14.0,1215.0,735.0,854.0
-185.0,105.0,-253.0,211.0,,466.0,38.0,1459.0,876.0,1015.0
-218.0,939.0,-226.0,113.0,,600.0,65.0,1402.0,619.0,1100.0
-227.0,638.0,-170.0,30.0,,598.0,107.0,916.0,377.0,1128.0
-190.0,-13.0,-112.0,-58.0,,476.0,158.0,558.0,-51.0,1165.0
-145.0,984.0,-23.0,-165.0,,421.0,208.0,164.0,-123.0,1181.0
-201.0,1047.0,63.0,-264.0,,516.0,275.0,171.0,111.0,1177.0
-310.0,533.0,96.0,-245.0,,367.0,368.0,236.0,-449.0,1111.0
-356.0,1517.0,131.0,-104.0,,216.0,486.0,271.0,-811.0,1021.0
-336.0,1260.0,237.0,-13.0,,452.0,548.0,267.0,-524.0,935.0
-325.0,935.0,276.0,3.0,,753.0,588.0,227.0,-148.0,811.0
-315.0,689.0,266.0,133.0,,496.0,594.0,637.0,-334.0,714.0
-241.0,812.0,340.0,355.0,,424.0,571.0,885.0,-506.0,586.0
-158.0,390.0,352.0,547.0,,619.0,560.0,982.0,-586.0,439.0
-87.0,578.0,394.0,716.0,,564.0,549.0,846.0,-531.0,357.0
-48.0,514.0,464.0,815.0,,398.0,579.0,537.0,-296.0,245.0
-58.0,-421.0,380.0,838.0,,467.0,601.0,384.0,-665.0,143.0
-84.0,142.0,418.0,764.0,,517.0,578.0,262.0,-910.0,88.0
-124.0,-972.0,450.0,643.0,,471.0,532.0,467.0,-782.0,-2.0
-183.0,-1405.0,379.0,602.0,,618.0,487.0,587.0,-567.0,-98.0
-246.0,-1175.0,338.0,462.0,,614.0,479.0,715.0,-328.0,-178.0
-243.0,-1381.0,231.0,159.0,,540.0,556.0,855.0,-79.0,-238.0
-211.0,-962.0,215.0,-65.0,,235.0,636.0,807.0,-294.0,-297.0
-207.0,-864.0,183.0,-165.0,,119.0,626.0,759.0,-315.0,-357.0
-205.0,122.0,119.0,-266.0,,387.0,647.0,460.0,156.0,-376.0
-226.0,156.0,126.0,-351.0,,620.0,665.0,400.0,344.0,-346.0
-199.0,-292.0,126.0,-377.0,,582.0,654.0,436.0,234.0,-287.0
-147.0,714.0,148.0,-439.0,,448.0,666.0,524.0,-115.0,-218.0
-129.0,1559.0,90.0,-485.0,,447.0,687.0,861.0,-74.0,-99.0
-90.0,554.0,63.0,-390.0,,268.0,776.0,975.0,-84.0,27.0
-38.0,511.0,24.0,-224.0,,176.0,889.0,995.0,-197.0,149.0
16.0,1128.0,-83.0,-126.0,,245.0,989.0,650.0,-455.0,281.0
70.0,480.0,-111.0,-90.0,,305.0,1028.0,236.0,-813.0,403.0
162.0,776.0,-119.0,-27.0,,459.0,1018.0,114.0,-987.0,557.0
261.0,634.0,-96.0,64.0,,662.0,1065.0,249.0,-1113.0,673.0
309.0,435.0,-101.0,200.0,,534.0,1082.0,532.0,-645.0,760.0
362.0,455.0,-133.0,282.0,,360.0,989.0,467.0,-389.0,828.0
407.0,428.0,-130.0,238.0,,424.0,863.0,275.0,-625.0,845.0
398.0,398.0,-106.0,87.0,,480.0,765.0,-7.0,-723.0,878.0
345.0,8.0,-88.0,-170.0,,498.0,732.0,105.0,-445.0,858.0
284.0,169.0,-98.0,-348.0,,469.0,691.0,683.0,98.0,805.0
249.0,-25.0,-97.0,-375.0,,448.0,631.0,1125.0,208.0,778.0
197.0,161.0,-79.0,-348.0,,406.0,662.0,1463.0,-204.0,750.0
167.0,494.0,-73.0,-297.0,,290.0,709.0,1300.0,-168.0,699.0
144.0,10.0,-99.0,-196.0,,168.0,752.0,964.0,319.0,609.0
95.0,-875.0,-96.0,-158.0,,266.0,803.0,696.0,350.0,527.0
68.0,-563.0,-79.0,-221.0,,435.0,838.0,548.0,378.0,488.0
51.0,4.0,-113.0,-210.0,,336.0,892.0,801.0,432.0,431.0
76.0,-302.0,-100.0,-155.0,,210.0,928.0,868.0,183.0,338.0
105.0,-18.0,-40.0,-80.0,,214.0,1000.0,792.0,384.0,320.0
138.0,40.0,-21.0,85.0,,25.0,1109.0,611.0,609.0,332.0
172.0,304.0,11.0,252.0,,-118.0,1174.0,513.0,204.0,284.0
177.0,605.0,-12.0,356.0,,10.0,1191.0,642.0,19.0,256.0
180.0,461.0,-50.0,433.0,,173.0,1173.0,683.0,-61.0,263.0
141.0,-273.0,-127.0,566.0,,137.0,1148.0,757.0,12.0,243.0
60.0,-420.0,-179.0,704.0,,206.0,1094.0,602.0,314.0,191.0
-18.0,553.0,-121.0,678.0,,325.0,1025.0,452.0,-41.0,145.0
-19.0,391.0,-135.0,525.0,,204.0,948.0,323.0,-269.0,66.0
41.0,-356.0,-106.0,263.0,,382.0,827.0,299.0,-74.0,-48.0
74.0,-1191.0,-113.0,-20.0,,497.0,701.0,415.0,348.0,-138.0
48.0,-901.0,-113.0,-245.0,,394.0,610.0,303.0,837.0,-206.0
4.0,-79.0,-83.0,-485.0,,248.0,548.0,439.0,730.0,-261.0
-22.0,-235.0,-96.0,-709.0,,92.0,565.0,546.0,291.0,-291.0
-57.0,-421.0,23.0,-854.0,,171.0,662.0,604.0,-58.0,-292.0
-106.0,-382.0,62.0,-891.0,,194.0,772.0,356.0,26.0,-279.0
-112.0,508.0,15.0,-825.0,,61.0,876.0,-277.0,38.0,-289.0
-23.0,436.0,-9.0,-556.0,,104.0,927.0,-572.0,-114.0,-296.0
64.0,-12.0,-81.0,-198.0,,343.0,916.0,-764.0,-326.0,-269.0
115.0,116.0,-59.0,124.0,,260.0,832.0,-502.0,-486.0,-284.0
147.0,-215.0,-14.0,345.0,,26.0,668.0,70.0,2.0,-340.0
150.0,383.0,-21.0,408.0,,43.0,563.0,718.0,350.0,-388.0
128.0,420.0,-42.0,550.0,,-45.0,537.0,1232.0,98.0,-413.0
74.0,-169.0,-82.0,658.0,,-315.0,495.0,1103.0,-252.0,-471.0
70.0,-319.0,-45.0,633.0,,-281.0,472.0,872.0,-201.0,-563.0
92.0,328.0,-69.0,552.0,,-104.0,458.0,578.0,78.0,-608.0
85.0,923.0,-86.0,381.0,,-137.0,458.0,441.0,215.0,-639.0
79.0,87.0,6.0,179.0,,-260.0,540.0,484.0,16.0,-644.0
47.0,-181.0,50.0,-55.0,,-237.0,693.0,598.0,-162.0,-655.0
22.0,-204.0,72.0,-219.0,,3.0,880.0,822.0,-47.0,-653.0
3.0,-48.0,67.0,-305.0,,137.0,986.0,825.0,-38.0,-588.0
9.0,-12.0,92.0,-418.0,,70.0,1070.0,909.0,96.0,-529.0
48.0,-718.0,63.0,-477.0,,52.0,1202.0,735.0,323.0,-487.0
77.0,-992.0,-14.0,-378.0,,151.0,1252.0,524.0,144.0,-411.0
78.0,-428.0,0.0,-228.0,,-96.0,1258.0,389.0,-215.0,-291.0
45.0,-337.0,-3.0,-176.0,,-388.0,1175.0,73.0,19.0,-211.0
19.0,-1324.0,-28.0,-126.0,,-260.0,955.0,75.0,164.0,-171.0
-36.0,-912.0,-38.0,-13.0,,-265.0,710.0,-14.0,-141.0,-120.0
-62.0,-592.0,-16.0,107.0,,-415.0,473.0,-53.0,-306.0,-62.0
0.0,-688.0,10.0,188.0,,-369.0,244.0,-51.0,-250.0,-83.0
104.0,-107.0,27.0,197.0,,-130.0,-4.0,20.0,-47.0,-144.0
178.0,289.0,40.0,136.0,,-166.0,-181.0,306.0,152.0,-149.0
176.0,651.0,65.0,37.0,,-338.0,-262.0,308.0,-112.0,-183.0
168.0,445.0,127.0,-59.0,,-154.0,-318.0,402.0,-374.0,-234.0
172.0,859.0,121.0,-218.0,,-114.0,-286.0,317.0,279.0,-247.0
186.0,1554.0,85.0,-316.0,,-203.0,-199.0,140.0,83.0,-210.0
175.0,1352.0,71.0,-324.0,,-253.0,-98.0,-38.0,-313.0,-202.0
178.0,357.0,54.0,-326.0,,-288.0,42.0,-399.0,-87.0,-191.0
187.0,162.0,11.0,-215.0,,-260.0,202.0,-441.0,-247.0,-143.0
238.0,801.0,-105.0,-31.0,,-477.0,340.0,-467.0,-231.0,-130.0
310.0,738.0,-125.0,87.0,,-737.0,409.0,-389.0,-200.0,-82.0
292.0,243.0,-130.0,116.0,,-775.0,416.0,-460.0,267.0,-17.0
253.0,-781.0,-223.0,179.0,,-736.0,346.0,-641.0,329.0,29.0
236.0,-1059.0,-244.0,301.0,,-765.0,236.0,-639.0,-117.0,17.0
237.0,-1145.0,-231.0,343.0,,-628.0,160.0,-720.0,69.0,3.0
192.0,-1520.0,-219.0,269.0,,-614.0,121.0,-502.0,525.0,3.0
158.0,-1378.0,-229.0,153.0,,-947.0,65.0,-273.0,444.0,-103.0
173.0,-1096.0,-190.0,54.0,,-999.0,3.0,-14.0,-270.0,-173.0
187.0,-1221.0,-86.0,-51.0,,-880.0,29.0,129.0,-491.0,-160.0
214.0,-1660.0,23.0,-160.0,,-918.0,95.0,27.0,-415.0,-250.0
243.0,-1278.0,74.0,-290.0,,-901.0,148.0,-1.0,-437.0,-381.0
265.0,-729.0,32.0,-389.0,,-733.0,148.0,-188.0,-616.0,-400.0
257.0,-708.0,45.0,-413.0,,-807.0,54.0,-107.0,-525.0,-422.0
244.0,-342.0,107.0,-432.0,,-930.0,-103.0,-18.0,-465.0,-537.0
252.0,842.0,85.0,-372.0,,-826.0,-278.0,103.0,-679.0,-599.0
281.0,987.0,104.0,-215.0,,-870.0,-462.0,338.0,-359.0,-564.0
241.0,495.0,131.0,-72.0,,-933.0,-679.0,299.0,-200.0,-569.0
171.0,1007.0,115.0,-18.0,,-911.0,-805.0,286.0,-347.0,-598.0
127.0,1553.0,152.0,-75.0,,-861.0,-870.0,103.0,-547.0,-546.0
123.0,1079.0,97.0,-156.0,,-867.0,-881.0,109.0,-393.0,-516.0
131.0,186.0,75.0,-233.0,,-987.0,-807.0,164.0,-70.0,-572.0
74.0,424.0,43.0,-312.0,,-1005.0,-691.0,72.0,9.0,-553.0
43.0,364.0,-41.0,-405.0,,-853.0,-493.0,-14.0,-142.0,-447.0
35.0,-164.0,-28.0,-500.0,,-719.0,-280.0,-369.0,-358.0,-409.0
36.0,-351.0,-75.0,-516.0,,-829.0,-93.0,-454.0,-301.0,-353.0
31.0,-376.0,-158.0,-431.0,,-707.0,14.0,-447.0,-227.0,-189.0
37.0,192.0,-176.0,-366.0,,-499.0,53.0,-341.0,96.0,-40.0
76.0,154.0,-181.0,-343.0,,-691.0,52.0,-188.0,22.0,4.0
86.0,-82.0,-185.0,-257.0,,-706.0,16.0,-218.0,-196.0,49.0
78.0,470.0,-130.0,-247.0,,-602.0,-36.0,44.0,-229.0,137.0
44.0,418.0,-78.0,-342.0,,-713.0,-157.0,310.0,-100.0,108.0
5.0,112.0,9.0,-399.0,,-893.0,-262.0,659.0,249.0,-13.0
0.0,255.0,123.0,-389.0,,-747.0,-340.0,689.0,-5.0,5.0
8.0,538.0,174.0,-349.0,,-592.0,-468.0,327.0,-133.0,85.0
20.0,658.0,135.0,-343.0,,-820.0,-633.0,-5.0,-25.0,32.0
76.0,-250.0,115.0,-333.0,,-898.0,-787.0,-450.0,141.0,9.0
98.0,-226.0,114.0,-336.0,,-845.0,-860.0,-554.0,296.0,53.0
85.0,-107.0,82.0,-377.0,,-665.0,-866.0,-558.0,74.0,-16.0
68.0,-1113.0,110.0,-397.0,,-659.0,-841.0,-386.0,-182.0,-171.0
34.0,-878.0,122.0,-364.0,,-884.0,-767.0,-258.0,-239.0,-254.0
23.0,-341.0,182.0,-362.0,,-854.0,-729.0,-339.0,-35.0,-274.0
21.0,-198.0,146.0,-425.0,,-718.0,-737.0,-57.0,66.0,-353.0
11.0,-121.0,190.0,-545.0,,-824.0,-744.0,182.0,-104.0,-405.0
-52.0,-65.0,212.0,-688.0,,-1014.0,-783.0,485.0,-315.0,-359.0
-103.0,-368.0,111.0,-752.0,,-757.0,-791.0,521.0,-154.0,-389.0
-94.0,-379.0,237.0,-822.0,,-650.0,-766.0,314.0,215.0,-441.0
-83.0,413.0,199.0,-899.0,,-791.0,-731.0,166.0,332.0,-350.0
-76.0,444.0,221.0,-962.0,,-618.0,-690.0,-206.0,292.0,-284.0
-64.0,92.0,222.0,-998.0,,-547.0,-665.0,-314.0,341.0,-269.0
-54.0,106.0,157.0,-957.0,,-697.0,-634.0,-343.0,347.0,-169.0
-57.0,545.0,224.0,-840.0,,-674.0,-580.0,-136.0,455.0,-29.0
-62.0,930.0,114.0,-678.0,,-579.0,-505.0,273.0,570.0,47.0
-52.0,610.0,79.0,-605.0,,-819.0,-433.0,561.0,349.0,78.0
-10.0,446.0,26.0,-490.0,,-970.0,-432.0,794.0,107.0,176.0
32.0,944.0,22.0,-292.0,,-843.0,-493.0,574.0,56.0,218.0
58.0,905.0,-29.0,-140.0,,-730.0,-548.0,321.0,148.0,147.0
99.0,564.0,-144.0,-3.0,,-665.0,-622.0,40.0,47.0,141.0
153.0,836.0,-119.0,55.0,,-751.0,-670.0,-164.0,-101.0,121.0
147.0,565.0,-165.0,47.0,,-639.0,-687.0,-173.0,-331.0,11.0
113.0,156.0,-141.0,51.0,,-463.0,-686.0,-157.0,-433.0,-63.0
108.0,627.0,-167.0,48.0,,-681.0,-640.0,195.0,-301.0,-45.0
99.0,577.0,-159.0,-1.0,,-863.0,-579.0,295.0,-315.0,-44.0
58.0,-103.0,-124.0,-164.0,,-615.0,-472.0,194.0,-635.0,-98.0
29.0,-234.0,-150.0,-341.0,,-394.0,-342.0,-64.0,-960.0,-56.0
31.0,-90.0,-113.0,-435.0,,-605.0,-207.0,-439.0,-649.0,27.0
22.0,-75.0,-130.0,-481.0,,-755.0,-110.0,-578.0,-383.0,52.0
-22.0,-538.0,-73.0,-484.0,,-768.0,-141.0,-862.0,-204.0,93.0
-73.0,-785.0,-65.0,-465.0,,-863.0,-278.0,-918.0,-343.0,204.0
-109.0,-577.0,-108.0,-389.0,,-621.0,-448.0,-753.0,-645.0,267.0
-165.0,-681.0,-40.0,-299.0,,-172.0,-617.0,-345.0,-461.0,237.0
-224.0,-947.0,51.0,-256.0,,-16.0,-817.0,144.0,-303.0,243.0
-263.0,-1060.0,118.0,-122.0,,-166.0,-1028.0,291.0,-232.0,203.0
-225.0,-501.0,152.0,50.0,,-236.0,-1203.0,262.0,-259.0,92.0
-200.0,-524.0,163.0,62.0,,-130.0,-1352.0,-70.0,-351.0,16.0
-229.0,-806.0,145.0,35.0,,-131.0,-1453.0,-149.0,-316.0,12.0
-242.0,-110.0,139.0,34.0,,-85.0,-1446.0,-151.0,132.0,-10.0
-233.0,343.0,116.0,18.0,,-31.0,-1346.0,-184.0,300.0,-107.0
-225.0,150.0,157.0,-1.0,,90.0,-1181.0,-81.0,137.0,-153.0
-267.0,261.0,135.0,-96.0,,131.0,-958.0,-136.0,1.0,-143.0
-265.0,960.0,96.0,-186.0,,-199.0,-741.0,-42.0,-87.0,-180.0
-236.0,617.0,72.0,-315.0,,-255.0,-570.0,-218.0,177.0,-224.0
-188.0,280.0,-14.0,-442.0,,-198.0,-446.0,-399.0,270.0,-167.0
-127.0,527.0,-65.0,-425.0,,-217.0,-321.0,-338.0,104.0,-118.0
-92.0,236.0,-134.0,-382.0,,38.0,-185.0,-118.0,-202.0,-128.0
-62.0,-74.0,-84.0,-346.0,,189.0,-77.0,441.0,-127.0,-84.0
-70.0,-329.0,-112.0,-267.0,,-25.0,16.0,624.0,98.0,-29.0
-62.0,-101.0,-149.0,-173.0,,-50.0,54.0,521.0,-5.0,-23.0
-22.0,-614.0,-158.0,-20.0,,275.0,30.0,214.0,-215.0,9.0
54.0,-1580.0,-183.0,192.0,,252.0,-85.0,-73.0,-375.0,151.0
88.0,-1513.0,-123.0,242.0,,92.0,-292.0,-94.0,-295.0,241.0
90.0,-1193.0,-149.0,125.0,,250.0,-464.0,-110.0,-271.0,198.0
118.0,-950.0,-83.0,8.0,,461.0,-626.0,22.0,-50.0,234.0
131.0,-1053.0,10.0,-113.0,,493.0,-785.0,-40.0,29.0,284.0
109.0,-994.0,90.0,-280.0,,546.0,-888.0,-31.0,-70.0,204.0
138.0,-418.0,186.0,-404.0,,575.0,-959.0,35.0,-105.0,132.0
187.0,-27.0,259.0,-467.0,,459.0,-1008.0,-38.0,19.0,159.0
170.0,377.0,320.0,-483.0,,457.0,-964.0,-14.0,252.0,155.0
156.0,631.0,332.0,-392.0,,307.0,-847.0,-192.0,-14.0,133.0
153.0,816.0,319.0,-296.0,,277.0,-709.0,-210.0,-151.0,228.0
198.0,1103.0,307.0,-232.0,,352.0,-512.0,-107.0,-73.0,334.0
151.0,1130.0,252.0,-321.0,,158.0,-292.0,9.0,156.0,381.0
141.0,1180.0,212.0,-474.0,,279.0,-181.0,35.0,110.0,430.0
133.0,504.0,145.0,-508.0,,473.0,-180.0,-242.0,-38.0,517.0
105.0,89.0,106.0,-501.0,,340.0,-156.0,-502.0,25.0,556.0
178.0,676.0,164.0,-456.0,,276.0,-127.0,-807.0,-135.0,517.0
148.0,366.0,88.0,-345.0,,539.0,-106.0,-733.0,230.0,520.0
188.0,-140.0,55.0,-233.0,,762.0,-87.0,-493.0,288.0,535.0
135.0,9.0,-11.0,-193.0,,505.0,-85.0,-290.0,-163.0,490.0
136.0,-25.0,0.0,-134.0,,289.0,-91.0,38.0,-441.0,449.0
124.0,-292.0,65.0,-35.0,,314.0,-137.0,1.0,-383.0,472.0
53.0,-418.0,47.0,46.0,,319.0,-202.0,-1.0,-34.0,464.0
105.0,-705.0,48.0,90.0,,297.0,-288.0,-107.0,-4.0,422.0
41.0,-672.0,26.0,117.0,,264.0,-338.0,-332.0,13.0,455.0
115.0,-503.0,210.0,175.0,,363.0,-324.0,-493.0,128.0,517.0
88.0,-797.0,272.0,262.0,,392.0,-299.0,-631.0,316.0,466.0
86.0,-644.0,274.0,323.0,,416.0,-258.0,-424.0,399.0,404.0
97.0,-641.0,368.0,299.0,,550.0,-185.0,-295.0,418.0,451.0
53.0,-538.0,404.0,158.0,,608.0,-119.0,7.0,337.0,438.0
112.0,-279.0,407.0,-12.0,,578.0,-81.0,219.0,191.0,389.0
35.0,380.0,349.0,-94.0,,617.0,-32.0,24.0,431.0,417.0
54.0,540.0,368.0,-163.0,,895.0,-18.0,-242.0,552.0,450.0
24.0,4.0,407.0,-181.0,,972.0,-55.0,-509.0,513.0,467.0
18.0,693.0,461.0,-117.0,,808.0,-90.0,-437.0,357.0,538.0
51.0,741.0,497.0,-38.0,,891.0,-140.0,-497.0,60.0,640.0
31.0,957.0,458.0,60.0,,1091.0,-187.0,-522.0,-100.0,629.0
57.0,973.0,433.0,121.0,,1095.0,-199.0,-441.0,-103.0,507.0
23.0,1178.0,410.0,88.0,,894.0,-219.0,-338.0,-117.0,471.0
90.0,1661.0,404.0,34.0,,653.0,-227.0,-147.0,-394.0,453.0
86.0,841.0,373.0,105.0,,492.0,-203.0,-360.0,-504.0,358.0
-2.0,1114.0,294.0,162.0,,444.0,-183.0,-402.0,-492.0,309.0
36.0,663.0,232.0,141.0,,392.0,-101.0,-480.0,-306.0,293.0
66.0,-373.0,112.0,193.0,,447.0,71.0,-559.0,31.0,227.0
38.0,-804.0,77.0,157.0,,615.0,215.0,-426.0,-155.0,133.0
-61.0,-1004.0,28.0,-52.0,,629.0,327.0,-441.0,-392.0,134.0
-75.0,-1313.0,-82.0,-207.0,,546.0,479.0,-315.0,-253.0,120.0
-48.0,-1606.0,-31.0,-245.0,,500.0,615.0,-412.0,88.0,38.0
-139.0,-763.0,-15.0,-277.0,,446.0,734.0,-424.0,161.0,56.0
-182.0,-140.0,6.0,-288.0,,370.0,821.0,-434.0,60.0,106.0
-197.0,-71.0,37.0,-222.0,,467.0,824.0,-528.0,115.0,85.0
-135.0,-144.0,48.0,-107.0,,532.0,773.0,-458.0,100.0,47.0
-108.0,644.0,129.0,7.0,,392.0,696.0,-611.0,292.0,74.0
-140.0,928.0,99.0,64.0,,339.0,610.0,-480.0,256.0,104.0
-102.0,607.0,85.0,89.0,,225.0,528.0,-225.0,104.0,71.0
-67.0,1294.0,144.0,150.0,,156.0,454.0,186.0,224.0,81.0
-4.0,1368.0,187.0,197.0,,411.0,367.0,526.0,189.0,162.0
6.0,699.0,262.0,149.0,,684.0,278.0,349.0,144.0,205.0
81.0,407.0,294.0,125.0,,662.0,188.0,169.0,-23.0,211.0
134.0,259.0,337.0,203.0,,456.0,118.0,-173.0,-252.0,208.0
94.0,-251.0,348.0,185.0,,400.0,109.0,-426.0,-413.0,213.0
116.0,-366.0,292.0,137.0,,455.0,127.0,-683.0,-293.0,206.0
125.0,-612.0,220.0,169.0,,568.0,157.0,-848.0,15.0,178.0
105.0,-832.0,208.0,225.0,,676.0,205.0,-694.0,-20.0,189.0
24.0,-832.0,237.0,308.0,,707.0,262.0,-628.0,-164.0,184.0
-15.0,-1184.0,164.0,373.0,,533.0,324.0,-424.0,-171.0,139.0
-20.0,-1259.0,137.0,472.0,,223.0,397.0,-432.0,66.0,79.0
-105.0,-1237.0,140.0,482.0,,188.0,533.0,-572.0,317.0,60.0
-162.0,-939.0,103.0,377.0,,297.0,725.0,-630.0,585.0,-10.0
-194.0,-1000.0,86.0,348.0,,268.0,891.0,-615.0,537.0,-130.0
-158.0,-377.0,18.0,266.0,,221.0,1011.0,-369.0,19.0,-189.0
-148.0,316.0,-49.0,138.0,,474.0,1051.0,-290.0,79.0,-260.0
-172.0,-617.0,-70.0,76.0,,538.0,979.0,-88.0,315.0,-305.0
-97.0,-158.0,-94.0,15.0,,276.0,843.0,-35.0,384.0,-303.0
-29.0,906.0,-67.0,18.0,,252.0,662.0,-227.0,464.0,-245.0
32.0,411.0,-85.0,106.0,,296.0,396.0,-345.0,343.0,-167.0
-8.0,1.0,-58.0,73.0,,305.0,132.0,-410.0,485.0,-84.0
17.0,423.0,55.0,-88.0,,394.0,-45.0,-173.0,670.0,39.0
143.0,304.0,31.0,-235.0,,643.0,-124.0,-295.0,586.0,164.0
181.0,-235.0,50.0,-325.0,,603.0,-73.0,-552.0,351.0,269.0
183.0,-300.0,56.0,-343.0,,283.0,76.0,-729.0,77.0,369.0
134.0,-578.0,18.0,-297.0,,306.0,328.0,-803.0,134.0,467.0
154.0,-195.0,100.0,-124.0,,524.0,613.0,-558.0,317.0,509.0
139.0,331.0,171.0,113.0,,502.0,810.0,-694.0,193.0,524.0
128.0,1.0,132.0,196.0,,219.0,921.0,-783.0,54.0,511.0
131.0,-273.0,117.0,140.0,,229.0,966.0,-720.0,0.0,510.0
89.0,-159.0,205.0,185.0,,443.0,927.0,-521.0,67.0,525.0
64.0,-398.0,201.0,296.0,,301.0,855.0,-323.0,242.0,489.0
33.0,-542.0,212.0,346.0,,31.0,796.0,-386.0,331.0,478.0
30.0,194.0,231.0,320.0,,206.0,724.0,-184.0,320.0,493.0
-21.0,7.0,244.0,292.0,,378.0,619.0,-129.0,3.0,501.0
-83.0,-301.0,288.0,388.0,,-15.0,405.0,-173.0,56.0,484.0
-107.0,24.0,271.0,543.0,,-166.0,183.0,-279.0,182.0,477.0
-95.0,217.0,257.0,728.0,,113.0,113.0,-319.0,62.0,453.0
-89.0,145.0,197.0,859.0,,10.0,107.0,-177.0,0.0,377.0
-89.0,204.0,194.0,841.0,,-258.0,134.0,-253.0,-243.0,282.0
-93.0,949.0,166.0,620.0,,-14.0,190.0,-254.0,-74.0,147.0
-106.0,1015.0,124.0,276.0,,315.0,243.0,-426.0,115.0,1.0
-92.0,698.0,141.0,42.0,,324.0,325.0,-463.0,160.0,-142.0
-96.0,836.0,119.0,-162.0,,90.0,378.0,-417.0,94.0,-239.0
-99.0,1334.0,154.0,-495.0,,-181.0,409.0,-618.0,-71.0,-320.0
-76.0,708.0,210.0,-832.0,,-209.0,446.0,-535.0,-13.0,-426.0
-35.0,-213.0,303.0,-934.0,,-325.0,409.0,-362.0,145.0,-461.0
-5.0,203.0,387.0,-818.0,,-394.0,327.0,-112.0,100.0,-482.0
65.0,-108.0,346.0,-596.0,,-60.0,261.0,-118.0,-268.0,-527.0
103.0,-820.0,272.0,-377.0,,70.0,194.0,-279.0,-279.0,-546.0
89.0,-1129.0,349.0,-131.0,,-254.0,188.0,-319.0,-315.0,-546.0
74.0,-1040.0,327.0,193.0,,-354.0,246.0,-500.0,-166.0,-546.0
50.0,-654.0,214.0,457.0,,-217.0,253.0,-526.0,-27.0,-563.0
59.0,-336.0,208.0,628.0,,-479.0,251.0,-460.0,-360.0,-512.0
48.0,96.0,196.0,685.0,,-772.0,289.0,-49.0,-403.0,-439.0
31.0,559.0,248.0,631.0,,-625.0,285.0,497.0,-409.0,-474.0
0.0,1069.0,264.0,514.0,,-337.0,236.0,683.0,-349.0,-496.0
-38.0,1049.0,293.0,319.0,,-176.0,215.0,535.0,-378.0,-439.0
-66.0,1090.0,345.0,67.0,,-91.0,226.0,112.0,-622.0,-362.0
-64.0,1150.0,456.0,-133.0,,-70.0,225.0,77.0,-688.0,-322.0
-16.0,763.0,509.0,-254.0,,-240.0,224.0,127.0,-466.0,-310.0
0.0,782.0,468.0,-333.0,,-397.0,226.0,68.0,-181.0,-237.0
21.0,1029.0,496.0,-311.0,,-329.0,203.0,3.0,-114.0,-171.0
60.0,700.0,488.0,-202.0,,-53.0,141.0,-365.0,27.0,-183.0
114.0,-64.0,522.0,-138.0,,134.0,51.0,-580.0,243.0,-187.0
140.0,-354.0,523.0,-115.0,,-40.0,-19.0,-655.0,337.0,-171.0
179.0,-365.0,567.0,57.0,,-287.0,-53.0,-504.0,562.0,-166.0
230.0,-1048.0,583.0,294.0,,-413.0,-59.0,-267.0,559.0,-161.0
210.0,-1208.0,563.0,394.0,,-511.0,-31.0,-114.0,307.0,-84.0
245.0,-312.0,583.0,418.0,,-348.0,-17.0,-9.0,397.0,31.0
185.0,-421.0,578.0,404.0,,105.0,-53.0,-206.0,396.0,85.0
219.0,-640.0,543.0,321.0,,273.0,-63.0,-317.0,527.0,198.0
212.0,-876.0,477.0,166.0,,131.0,-40.0,-554.0,538.0,320.0
137.0,-990.0,511.0,104.0,,-37.0,-59.0,-720.0,139.0,315.0
244.0,-225.0,461.0,185.0,,-400.0,-140.0,-509.0,78.0,313.0
138.0,-145.0,387.0,232.0,,-625.0,-276.0,-105.0,30.0,341.0
173.0,-119.0,349.0,185.0,,-342.0,-398.0,436.0,-86.0,265.0
163.0,25.0,347.0,78.0,,-93.0,-501.0,533.0,-1.0,109.0
56.0,471.0,382.0,-37.0,,-137.0,-610.0,362.0,-49.0,-28.0
83.0,532.0,335.0,-181.0,,-253.0,-665.0,-72.0,-418.0,-192.0
174.0,98.0,298.0,-323.0,,-348.0,-613.0,-537.0,-512.0,-401.0
195.0,386.0,265.0,-384.0,,-197.0,-525.0,-657.0,-321.0,-596.0
98.0,331.0,262.0,-338.0,,16.0,-452.0,-672.0,-138.0,-736.0
276.0,-93.0,228.0,-256.0,,75.0,-344.0,-369.0,-162.0,-829.0
273.0,181.0,205.0,-271.0,,54.0,-210.0,-153.0,-288.0,-893.0
285.0,358.0,239.0,-329.0,,-68.0,-93.0,-92.0,-145.0,-909.0
344.0,254.0,263.0,-291.0,,-258.0,17.0,-51.0,-60.0,-876.0
372.0,490.0,255.0,-159.0,,-212.0,128.0,-147.0,19.0,-825.0
436.0,1010.0,291.0,-1.0,,82.0,182.0,-210.0,136.0,-724.0
434.0,1090.0,323.0,176.0,,185.0,218.0,-295.0,96.0,-572.0
492.0,280.0,258.0,369.0,,229.0,230.0,-68.0,117.0,-435.0
450.0,423.0,284.0,490.0,,198.0,119.0,105.0,410.0,-318.0
482.0,197.0,361.0,529.0,,-41.0,-113.0,49.0,288.0,-203.0
430.0,-148.0,361.0,553.0,,-225.0,-409.0,-136.0,247.0,-85.0
385.0,-203.0,315.0,581.0,,-151.0,-637.0,-423.0,486.0,-33.0
336.0,-239.0,321.0,523.0,,-89.0,-828.0,-230.0,465.0,-62.0
267.0,114.0,294.0,318.0,,-365.0,-1001.0,44.0,711.0,-95.0
213.0,-738.0,294.0,126.0,,-459.0,-1048.0,354.0,706.0,-146.0
106.0,-861.0,368.0,-42.0,,-331.0,-1050.0,458.0,589.0,-213.0
-1.0,-750.0,485.0,-320.0,,-393.0,-981.0,216.0,538.0,-226.0
-142.0,-243.0,676.0,-588.0,,-517.0,-798.0,129.0,451.0,-215.0
-133.0,480.0,715.0,-661.0,,-487.0,-624.0,-84.0,350.0,-249.0
-268.0,521.0,787.0,-567.0,,-469.0,-459.0,-112.0,296.0,-272.0
-457.0,674.0,936.0,-442.0,,-530.0,-352.0,-144.0,315.0,-236.0
-430.0,1198.0,976.0,-277.0,,-547.0,-325.0,-230.0,122.0,-246.0
-435.0,1528.0,1013.0,-65.0,,-515.0,-328.0,-140.0,187.0,-324.0
-508.0,401.0,1015.0,105.0,,-300.0,-370.0,-77.0,261.0,-336.0
-501.0,552.0,1005.0,285.0,,-241.0,-367.0,245.0,302.0,-325.0
-479.0,727.0,988.0,549.0,,-385.0,-324.0,397.0,227.0,-340.0
-523.0,-47.0,910.0,806.0,,-363.0,-279.0,399.0,-50.0,-351.0
-522.0,-37.0,843.0,970.0,,-432.0,-272.0,238.0,-134.0,-360.0
-502.0,-302.0,699.0,923.0,,-616.0,-315.0,-68.0,-225.0,-396.0
-483.0,-883.0,619.0,635.0,,-309.0,-330.0,-127.0,-405.0,-501.0
-350.0,-1104.0,548.0,374.0,,59.0,-316.0,-295.0,-493.0,-581.0
-293.0,-812.0,381.0,229.0,,-201.0,-309.0,-317.0,-625.0,-622.0
-226.0,-1055.0,321.0,56.0,,-370.0,-363.0,-223.0,-801.0,-752.0
-121.0,-1127.0,192.0,-166.0,,-237.0,-448.0,1.0,-689.0,-881.0
-139.0,-617.0,122.0,-282.0,,-327.0,-531.0,166.0,-658.0,-915.0
-112.0,-500.0,90.0,-232.0,,-602.0,-584.0,20.0,-455.0,-942.0
-139.0,11.0,-30.0,-198.0,,-671.0,-591.0,11.0,-292.0,-1004.0
-139.0,437.0,-73.0,-272.0,,-540.0,-628.0,-149.0,-357.0,-997.0
-135.0,243.0,-113.0,-356.0,,-511.0,-659.0,-206.0,60.0,-876.0
-162.0,524.0,-175.0,-304.0,,-660.0,-673.0,-118.0,197.0,-817.0
-144.0,217.0,-230.0,-164.0,,-803.0,-666.0,107.0,-147.0,-761.0
-99.0,328.0,-238.0,-22.0,,-632.0,-636.0,373.0,-306.0,-636.0
-44.0,420.0,-182.0,202.0,,-602.0,-638.0,256.0,-423.0,-542.0
-39.0,-255.0,-90.0,436.0,,-851.0,-624.0,194.0,-576.0,-481.0
4.0,277.0,-48.0,522.0,,-700.0,-613.0,-24.0,-317.0,-463.0
29.0,-412.0,2.0,414.0,,-553.0,-609.0,-192.0,-243.0,-396.0
86.0,-436.0,52.0,206.0,,-919.0,-617.0,-389.0,-531.0,-355.0
86.0,-339.0,69.0,25.0,,-955.0,-641.0,-750.0,-393.0,-406.0
78.0,-1277.0,116.0,-113.0,,-523.0,-632.0,-731.0,-72.0,-417.0
160.0,-688.0,118.0,-242.0,,-592.0,-654.0,-768.0,94.0,-380.0
118.0,-495.0,106.0,-301.0,,-893.0,-656.0,-546.0,71.0,-426.0
28.0,-89.0,102.0,-238.0,,-742.0,-610.0,-282.0,156.0,-466.0
-58.0,213.0,66.0,-211.0,,-435.0,-566.0,-79.0,58.0,-344.0
-79.0,843.0,6.0,-217.0,,-381.0,-436.0,280.0,71.0,-280.0
-101.0,1217.0,-44.0,-148.0,,-538.0,-278.0,254.0,379.0,-307.0
-165.0,1281.0,-58.0,-74.0,,-444.0,-157.0,264.0,8.0,-290.0
-173.0,2219.0,-42.0,-34.0,,-159.0,-46.0,53.0,-276.0,-227.0
-212.0,1781.0,-15.0,-31.0,,-137.0,-7.0,-279.0,-47.0,-247.0
-232.0,1439.0,-2.0,-8.0,,-272.0,-9.0,-376.0,73.0,-345.0
-311.0,1619.0,-32.0,106.0,,-225.0,-14.0,-275.0,42.0,-308.0
-337.0,1465.0,-63.0,207.0,,-160.0,-74.0,68.0,-200.0,-255.0
-325.0,394.0,-92.0,193.0,,-414.0,-159.0,166.0,-418.0,-276.0
-362.0,-467.0,-161.0,219.0,,-502.0,-211.0,96.0,-255.0,-246.0
-351.0,-125.0,-172.0,307.0,,-180.0,-204.0,-288.0,-40.0,-146.0
-364.0,-696.0,-137.0,264.0,,-2.0,-180.0,-521.0,34.0,-90.0
-275.0,-866.0,-113.0,95.0,,-45.0,-186.0,-485.0,57.0,-121.0
-300.0,-1310.0,-104.0,-96.0,,-84.0,-169.0,-593.0,26.0,-127.0
-326.0,-1911.0,-84.0,-193.0,,-119.0,-167.0,-583.0,145.0,-101.0
-270.0,-1463.0,-6.0,-193.0,,-145.0,-209.0,-657.0,301.0,-149.0
-280.0,-1419.0,-7.0,-224.0,,-112.0,-272.0,-360.0,310.0,-225.0
-257.0,-807.0,-61.0,-176.0,,-84.0,-393.0,-9.0,246.0,-244.0
-269.0,-555.0,-141.0,-83.0,,-3.0,-527.0,120.0,260.0,-259.0
-221.0,-39.0,-191.0,-113.0,,252.0,-595.0,297.0,-20.0,-295.0
-197.0,443.0,-157.0,-161.0,,283.0,-592.0,319.0,-19.0,-335.0
-182.0,194.0,-185.0,-30.0,,-56.0,-603.0,543.0,102.0,-346.0
-198.0,319.0,-247.0,203.0,,-224.0,-662.0,471.0,-448.0,-350.0
-155.0,-277.0,-216.0,305.0,,-107.0,-694.0,208.0,-611.0,-389.0
-127.0,175.0,-192.0,334.0,,136.0,-655.0,79.0,-712.0,-427.0
-201.0,780.0,-257.0,350.0,,365.0,-567.0,-83.0,-738.0,-443.0
-160.0,556.0,-270.0,364.0,,361.0,-466.0,-60.0,-634.0,-493.0
-123.0,240.0,-292.0,401.0,,292.0,-361.0,-75.0,-881.0,-566.0
-52.0,-34.0,-286.0,413.0,,283.0,-279.0,303.0,-769.0,-590.0
-38.0,-200.0,-237.0,384.0,,54.0,-241.0,678.0,-599.0,-610.0
-43.0,-1318.0,-263.0,214.0,,-200.0,-208.0,485.0,-610.0,-631.0
41.0,-1283.0,-254.0,-107.0,,-19.0,-143.0,105.0,-427.0,-546.0
99.0,-309.0,-214.0,-290.0,,114.0,-95.0,-317.0,-245.0,-388.0
85.0,-118.0,-171.0,-201.0,,41.0,-95.0,-371.0,-349.0,-284.0
46.0,-572.0,-116.0,-42.0,,79.0,-102.0,-319.0,-220.0,-152.0
110.0,-411.0,-42.0,40.0,,-8.0,-70.0,-164.0,46.0,-20.0
155.0,364.0,62.0,3.0,,-21.0,20.0,-96.0,162.0,45.0
133.0,-119.0,116.0,77.0,,299.0,137.0,-334.0,286.0,101.0
116.0,86.0,99.0,303.0,,434.0,229.0,-432.0,346.0,123.0
108.0,763.0,99.0,510.0,,77.0,277.0,-676.0,350.0,110.0
99.0,706.0,90.0,716.0,,-166.0,287.0,-752.0,336.0,94.0
39.0,597.0,31.0,821.0,,-62.0,289.0,-663.0,428.0,117.0
-17.0,-142.0,-40.0,810.0,,-56.0,383.0,-437.0,23.0,80.0
-26.0,261.0,-81.0,609.0,,-265.0,514.0,-83.0,-318.0,49.0
-18.0,249.0,-62.0,291.0,,-384.0,509.0,-12.0,-191.0,104.0
-24.0,-1145.0,-57.0,76.0,,-214.0,405.0,181.0,-92.0,72.0
-76.0,-1177.0,-101.0,-31.0,,-168.0,263.0,277.0,22.0,-16.0
-57.0,-759.0,-117.0,-43.0,,-609.0,91.0,347.0,-177.0,-70.0
-47.0,-181.0,-83.0,-30.0,,-862.0,-25.0,288.0,-291.0,-80.0
-113.0,-399.0,-34.0,1.0,,-367.0,-96.0,125.0,-204.0,-96.0
-145.0,-314.0,-15.0,-17.0,,18.0,-189.0,182.0,-127.0,-95.0
-231.0,310.0,12.0,-122.0,,12.0,-304.0,53.0,-224.0,-82.0
-292.0,-296.0,53.0,-96.0,,105.0,-420.0,44.0,-373.0,-86.0
-351.0,-53.0,9.0,6.0,,4.0,-489.0,-145.0,-474.0,-82.0
-381.0,-137.0,-45.0,82.0,,-358.0,-538.0,-308.0,-455.0,-71.0
-363.0,-539.0,-110.0,174.0,,-498.0,-565.0,-229.0,-22.0,28.0
-391.0,-667.0,-167.0,155.0,,-223.0,-479.0,-219.0,-4.0,122.0
-413.0,-102.0,-185.0,186.0,,-79.0,-298.0,27.0,-117.0,142.0
-418.0,49.0,-219.0,334.0,,-275.0,-85.0,70.0,-22.0,186.0
-344.0,-1033.0,-230.0,387.0,,-287.0,133.0,173.0,-90.0,233.0
-313.0,-220.0,-230.0,370.0,,-161.0,361.0,351.0,-18.0,239.0
-244.0,147.0,-218.0,360.0,,-220.0,578.0,413.0,-35.0,224.0
-144.0,-45.0,-213.0,349.0,,-390.0,780.0,458.0,-295.0,231.0
-106.0,-144.0,-201.0,240.0,,-273.0,930.0,262.0,-428.0,236.0
-43.0,-393.0,-174.0,35.0,,119.0,990.0,315.0,-262.0,198.0
-18.0,73.0,-129.0,-114.0,,54.0,956.0,371.0,-200.0,138.0
44.0,175.0,-125.0,-196.0,,-237.0,793.0,397.0,-224.0,59.0
96.0,707.0,-101.0,-364.0,,0.0,553.0,332.0,-141.0,9.0
136.0,145.0,-83.0,-532.0,,91.0,255.0,94.0,-64.0,24.0
205.0,-603.0,-94.0,-502.0,,-442.0,-22.0,112.0,161.0,56.0
270.0,-360.0,-80.0,-346.0,,-657.0,-165.0,0.0,130.0,71.0
299.0,-369.0,-105.0,-162.0,,-289.0,-229.0,-5.0,-99.0,22.0
266.0,-568.0,-117.0,58.0,,-165.0,-278.0,-29.0,-159.0,-39.0
249.0,-1093.0,-151.0,279.0,,-438.0,-274.0,-166.0,-166.0,-132.0
187.0,-340.0,-126.0,429.0,,-590.0,-199.0,-301.0,-85.0,-262.0
113.0,403.0,-174.0,529.0,,-444.0,-89.0,-426.0,0.0,-340.0
64.0,449.0,-230.0,539.0,,-267.0,49.0,-12.0,260.0,-441.0
33.0,237.0,-200.0,422.0,,-235.0,190.0,315.0,317.0,-533.0
51.0,34.0,-231.0,244.0,,-252.0,301.0,509.0,114.0,-565.0
17.0,879.0,-275.0,6.0,,-200.0,375.0,524.0,421.0,-551.0
-8.0,1591.0,-346.0,-217.0,,-169.0,427.0,262.0,581.0,-545.0
9.0,1640.0,-373.0,-370.0,,-242.0,450.0,118.0,285.0,-539.0
3.0,1095.0,-442.0,-563.0,,-150.0,423.0,-218.0,201.0,-453.0
-11.0,1555.0,-505.0,-786.0,,-30.0,358.0,-203.0,23.0,-428.0
-52.0,1238.0,-536.0,-848.0,,-104.0,355.0,-181.0,129.0,-402.0
-47.0,214.0,-550.0,-666.0,,-143.0,410.0,-328.0,408.0,-305.0
-28.0,-272.0,-423.0,-380.0,,-233.0,386.0,-131.0,107.0,-303.0
-33.0,-1446.0,-332.0,-207.0,,-402.0,303.0,131.0,-67.0,-356.0
-23.0,-1633.0,-307.0,-119.0,,-321.0,229.0,522.0,-117.0,-362.0
-33.0,-2109.0,-242.0,-13.0,,-79.0,231.0,628.0,-284.0,-354.0
-1.0,-1787.0,-182.0,5.0,,49.0,259.0,630.0,-370.0,-463.0
-17.0,-2032.0,-123.0,-63.0,,169.0,363.0,532.0,-369.0,-605.0
-72.0,-2833.0,-98.0,-52.0,,310.0,557.0,194.0,-456.0,-622.0
-64.0,-1794.0,-30.0,-6.0,,289.0,696.0,-35.0,-636.0,-570.0
-35.0,-1621.0,61.0,-76.0,,201.0,835.0,-147.0,-405.0,-571.0
-31.0,-963.0,81.0,-141.0,,103.0,939.0,86.0,-140.0,-582.0
-63.0,-490.0,110.0,-172.0,,-23.0,961.0,155.0,-220.0,-507.0
-61.0,284.0,58.0,-106.0,,27.0,893.0,208.0,-402.0,-425.0
-84.0,1537.0,-4.0,28.0,,71.0,777.0,234.0,-384.0,-362.0
-140.0,1368.0,-44.0,72.0,,-2.0,626.0,1.0,-11.0,-314.0
-174.0,1567.0,-90.0,136.0,,-130.0,406.0,-25.0,115.0,-259.0
-163.0,2288.0,-104.0,156.0,,-229.0,215.0,-101.0,-21.0,-157.0
-138.0,2416.0,-96.0,181.0,,-158.0,39.0,86.0,-2.0,-52.0
-131.0,1576.0,-43.0,187.0,,41.0,-129.0,315.0,-91.0,14.0
-103.0,1683.0,-41.0,120.0,,285.0,-218.0,436.0,-300.0,112.0
-76.0,1422.0,23.0,133.0,,106.0,-210.0,528.0,-260.0,241.0
-37.0,236.0,92.0,89.0,,-141.0,-165.0,443.0,-43.0,310.0
0.0,-135.0,66.0,9.0,,-12.0,-95.0,596.0,-201.0,387.0
23.0,-378.0,124.0,24.0,,-41.0,17.0,583.0,-224.0,474.0
80.0,-564.0,203.0,169.0,,-93.0,171.0,594.0,96.0,444.0
166.0,-1158.0,160.0,325.0,,149.0,349.0,539.0,292.0,424.0
274.0,-1533.0,78.0,374.0,,328.0,515.0,249.0,492.0,478.0
359.0,-1773.0,25.0,430.0,,313.0,674.0,186.0,325.0,471.0
428.0,-1191.0,30.0,449.0,,377.0,777.0,-29.0,80.0,476.0
486.0,-482.0,65.0,289.0,,332.0,836.0,-184.0,279.0,525.0
515.0,-338.0,-33.0,62.0,,198.0,886.0,-343.0,515.0,508.0
533.0,507.0,-82.0,-51.0,,245.0,909.0,-314.0,141.0,475.0
523.0,465.0,-107.0,-103.0,,373.0,936.0,-20.0,-483.0,519.0
530.0,1039.0,-110.0,-225.0,,535.0,980.0,75.0,-752.0,561.0
496.0,1520.0,3.0,-277.0,,540.0,1022.0,380.0,-540.0,498.0
401.0,363.0,11.0,-206.0,,452.0,1020.0,683.0,-137.0,466.0
355.0,170.0,35.0,-292.0,,527.0,943.0,899.0,-328.0,541.0
337.0,573.0,70.0,-564.0,,470.0,844.0,909.0,-484.0,519.0
325.0,334.0,37.0,-795.0,,200.0,733.0,831.0,-546.0,379.0
269.0,0.0,34.0,-919.0,,229.0,613.0,886.0,-483.0,254.0
225.0,-315.0,44.0,-1095.0,,413.0,555.0,676.0,-165.0,168.0
221.0,-1402.0,43.0,-1274.0,,217.0,482.0,417.0,-222.0,78.0
189.0,-1375.0,25.0,-1211.0,,53.0,436.0,114.0,-301.0,-37.0
131.0,-555.0,15.0,-910.0,,429.0,392.0,155.0,-313.0,-62.0
81.0,-813.0,69.0,-439.0,,732.0,267.0,297.0,-122.0,-89.0
78.0,-463.0,92.0,-20.0,,469.0,256.0,210.0,242.0,-103.0
28.0,241.0,66.0,190.0,,210.0,322.0,360.0,306.0,-34.0
8.0,584.0,76.0,407.0,,271.0,380.0,336.0,-75.0,-20.0
22.0,754.0,110.0,478.0,,354.0,473.0,375.0,-101.0,-14.0
17.0,543.0,121.0,290.0,,434.0,535.0,498.0,105.0,-21.0
-2.0,354.0,48.0,179.0,,574.0,549.0,659.0,62.0,-32.0
-37.0,1180.0,35.0,152.0,,665.0,576.0,781.0,141.0,-79.0
3.0,1347.0,51.0,35.0,,713.0,624.0,539.0,-110.0,-151.0
20.0,642.0,16.0,-93.0,,603.0,704.0,524.0,-165.0,-167.0
-4.0,655.0,20.0,-116.0,,510.0,819.0,290.0,-81.0,-239.0
-42.0,116.0,15.0,-156.0,,565.0,938.0,-110.0,-103.0,-348.0
-37.0,54.0,20.0,-287.0,,406.0,998.0,-223.0,181.0,-426.0
-23.0,531.0,19.0,-415.0,,333.0,874.0,-81.0,269.0,-445.0
-58.0,407.0,-28.0,-478.0,,658.0,665.0,391.0,326.0,-520.0
-93.0,34.0,-24.0,-463.0,,720.0,508.0,569.0,441.0,-630.0
-113.0,11.0,42.0,-438.0,,513.0,353.0,726.0,576.0,-614.0
-115.0,141.0,87.0,-416.0,,822.0,237.0,787.0,649.0,-572.0
-124.0,137.0,54.0,-459.0,,970.0,168.0,511.0,632.0,-593.0
-74.0,-340.0,78.0,-572.0,,556.0,168.0,194.0,541.0,-583.0
-23.0,-208.0,107.0,-715.0,,359.0,230.0,-81.0,297.0,-437.0
-9.0,696.0,113.0,-795.0,,464.0,294.0,12.0,293.0,-340.0
-18.0,-257.0,160.0,-708.0,,582.0,349.0,-12.0,245.0,-344.0
3.0,-1015.0,131.0,-444.0,,437.0,411.0,68.0,120.0,-244.0
49.0,-878.0,115.0,-185.0,,281.0,491.0,443.0,100.0,-130.0
43.0,-740.0,78.0,-177.0,,507.0,518.0,700.0,60.0,-133.0
6.0,-1529.0,129.0,-207.0,,847.0,501.0,779.0,131.0,-152.0
-38.0,-1943.0,177.0,-198.0,,701.0,423.0,609.0,169.0,-118.0
-45.0,-781.0,136.0,-220.0,,406.0,297.0,692.0,-96.0,-146.0
-69.0,-738.0,160.0,-251.0,,691.0,230.0,716.0,-539.0,-230.0
-105.0,-448.0,160.0,-262.0,,928.0,180.0,606.0,-475.0,-230.0
-139.0,-91.0,197.0,-119.0,,778.0,135.0,526.0,-291.0,-219.0
-145.0,184.0,251.0,26.0,,689.0,85.0,412.0,-478.0,-307.0
-137.0,950.0,265.0,13.0,,535.0,-10.0,495.0,-675.0,-285.0
-158.0,1215.0,200.0,-62.0,,306.0,-88.0,508.0,-932.0,-67.0
-131.0,1201.0,160.0,-23.0,,431.0,-120.0,859.0,-878.0,75.0
-107.0,1343.0,151.0,-36.0,,594.0,-108.0,1156.0,-524.0,135.0
-137.0,874.0,102.0,-175.0,,424.0,-45.0,1138.0,-304.0,281.0
-165.0,-214.0,158.0,-222.0,,555.0,42.0,1032.0,-564.0,438.0
-130.0,-178.0,276.0,-180.0,,945.0,161.0,556.0,-819.0,471.0
-74.0,-386.0,369.0,-152.0,,1055.0,243.0,321.0,-456.0,502.0
-86.0,-1351.0,426.0,-211.0,,1055.0,235.0,62.0,-208.0,573.0
-119.0,-1626.0,466.0,-210.0,,1016.0,149.0,-72.0,-94.0,588.0
-110.0,-1189.0,539.0,-118.0,,1036.0,19.0,84.0,-183.0,553.0
-58.0,-969.0,540.0,-103.0,,1145.0,-37.0,57.0,-358.0,450.0
-18.0,-1215.0,523.0,-138.0,,1065.0,-56.0,158.0,-110.0,352.0
0.0,-863.0,528.0,-183.0,,743.0,-76.0,266.0,201.0,236.0
75.0,105.0,469.0,-230.0,,574.0,-60.0,485.0,282.0,88.0
159.0,549.0,423.0,-294.0,,680.0,-56.0,432.0,92.0,27.0
226.0,1013.0,407.0,-416.0,,732.0,-62.0,253.0,-119.0,69.0
253.0,1788.0,443.0,-449.0,,909.0,-57.0,349.0,-27.0,117.0
292.0,1575.0,471.0,-328.0,,964.0,-43.0,404.0,513.0,150.0
327.0,1010.0,459.0,-318.0,,694.0,-69.0,657.0,635.0,252.0
295.0,707.0,441.0,-506.0,,709.0,-128.0,570.0,384.0,340.0
285.0,796.0,412.0,-650.0,,866.0,-191.0,375.0,243.0,401.0
292.0,956.0,353.0,-674.0,,684.0,-265.0,232.0,139.0,448.0
293.0,395.0,252.0,-726.0,,492.0,-312.0,-25.0,353.0,402.0
219.0,86.0,209.0,-871.0,,663.0,-312.0,18.0,270.0,375.0
157.0,630.0,223.0,-920.0,,774.0,-266.0,79.0,-35.0,374.0
129.0,647.0,209.0,-730.0,,713.0,-216.0,247.0,-262.0,294.0
99.0,-351.0,221.0,-567.0,,749.0,-67.0,168.0,-190.0,209.0
82.0,-210.0,254.0,-529.0,,671.0,101.0,-60.0,-61.0,192.0
57.0,629.0,283.0,-395.0,,636.0,138.0,-153.0,-11.0,239.0
106.0,329.0,369.0,-118.0,,807.0,182.0,-221.0,-106.0,250.0
124.0,166.0,376.0,-29.0,,1007.0,178.0,64.0,-488.0,289.0
101.0,463.0,376.0,-63.0,,1041.0,119.0,327.0,-231.0,433.0
88.0,214.0,435.0,95.0,,882.0,31.0,456.0,-24.0,520.0
92.0,-457.0,482.0,294.0,,764.0,-101.0,303.0,161.0,588.0
98.0,-409.0,489.0,449.0,,851.0,-230.0,112.0,-75.0,686.0
76.0,-281.0,430.0,397.0,,1096.0,-472.0,86.0,-518.0,782.0
79.0,-676.0,418.0,273.0,,953.0,-744.0,-142.0,-97.0,845.0
73.0,-892.0,392.0,244.0,,765.0,-895.0,-51.0,-65.0,879.0
49.0,-542.0,435.0,67.0,,766.0,-975.0,123.0,-114.0,904.0
-1.0,411.0,456.0,-256.0,,517.0,-992.0,273.0,-368.0,896.0
-22.0,65.0,429.0,-495.0,,600.0,-941.0,360.0,-634.0,890.0
-11.0,-469.0,465.0,-534.0,,805.0,-875.0,227.0,-284.0,810.0
-42.0,393.0,450.0,-643.0,,465.0,-763.0,338.0,-101.0,703.0
-59.0,644.0,489.0,-865.0,,12.0,-662.0,192.0,-63.0,561.0
-64.0,-425.0,486.0,-1025.0,,43.0,-578.0,60.0,-188.0,354.0
-68.0,-552.0,443.0,-1038.0,,258.0,-465.0,51.0,-372.0,168.0
-86.0,217.0,414.0,-925.0,,239.0,-406.0,-77.0,-113.0,3.0
-105.0,-170.0,351.0,-712.0,,204.0,-370.0,-140.0,252.0,-78.0
-69.0,-868.0,317.0,-421.0,,218.0,-395.0,-336.0,224.0,-126.0
-28.0,-750.0,280.0,-250.0,,323.0,-414.0,-242.0,204.0,-161.0
2.0,436.0,206.0,-311.0,,469.0,-354.0,-162.0,94.0,-185.0
23.0,537.0,110.0,-451.0,,434.0,-273.0,-14.0,221.0,-154.0
108.0,-133.0,55.0,-371.0,,486.0,-123.0,158.0,667.0,-86.0
216.0,62.0,19.0,-183.0,,594.0,-50.0,49.0,632.0,-18.0
234.0,912.0,-29.0,-39.0,,342.0,-51.0,59.0,501.0,100.0
249.0,1293.0,-71.0,48.0,,441.0,-30.0,-53.0,305.0,180.0
296.0,673.0,-71.0,92.0,,826.0,-63.0,-11.0,-70.0,286.0
356.0,1940.0,-88.0,244.0,,639.0,-145.0,12.0,-31.0,439.0
315.0,1929.0,-141.0,266.0,,431.0,-315.0,-1.0,21.0,531.0
257.0,310.0,-110.0,152.0,,659.0,-517.0,-51.0,-308.0,570.0
258.0,1041.0,-47.0,173.0,,760.0,-690.0,-299.0,-470.0,678.0
224.0,935.0,-4.0,171.0,,270.0,-889.0,-258.0,-550.0,868.0
156.0,-823.0,86.0,38.0,,36.0,-1073.0,-267.0,-471.0,988.0
74.0,-1286.0,169.0,-206.0,,292.0,-1167.0,-173.0,-371.0,1048.0
51.0,-258.0,211.0,-360.0,,473.0,-1172.0,-134.0,-507.0,1143.0
19.0,-239.0,260.0,-352.0,,564.0,-1164.0,-203.0,-480.0,1213.0
-33.0,-1233.0,298.0,-405.0,,379.0,-1072.0,-269.0,-417.0,1245.0
-87.0,-1011.0,361.0,-273.0,,152.0,-906.0,-620.0,-145.0,1249.0
-92.0,-674.0,450.0,137.0,,-18.0,-770.0,-731.0,-44.0,1217.0
-95.0,-946.0,454.0,493.0,,-168.0,-652.0,-733.0,-262.0,1161.0
-160.0,-200.0,448.0,629.0,,-58.0,-596.0,-473.0,-299.0,1060.0
-172.0,647.0,473.0,530.0,,158.0,-534.0,-120.0,-210.0,905.0
-153.0,653.0,459.0,352.0,,-19.0,-442.0,-27.0,23.0,770.0
-128.0,927.0,464.0,226.0,,-399.0,-423.0,42.0,-171.0,687.0
-132.0,1555.0,428.0,26.0,,-204.0,-482.0,-140.0,-564.0,638.0
-133.0,1344.0,391.0,-231.0,,33.0,-552.0,-227.0,-696.0,679.0
-83.0,84.0,398.0,-251.0,,-213.0,-549.0,-225.0,-688.0,706.0
-37.0,-692.0,352.0,-96.0,,-259.0,-503.0,-66.0,-424.0,701.0
-26.0,-668.0,352.0,0.0,,-60.0,-397.0,166.0,-333.0,707.0
-30.0,-997.0,404.0,121.0,,10.0,-226.0,-11.0,-541.0,702.0
-27.0,-1849.0,366.0,275.0,,143.0,-96.0,-245.0,-512.0,749.0
-10.0,-2102.0,343.0,325.0,,463.0,-25.0,-593.0,-47.0,803.0
-6.0,-1776.0,386.0,249.0,,511.0,24.0,-883.0,244.0,828.0
-68.0,-1018.0,442.0,147.0,,360.0,59.0,-1088.0,239.0,800.0
-106.0,-472.0,489.0,129.0,,567.0,52.0,-1138.0,37.0,779.0
-132.0,-533.0,504.0,101.0,,804.0,53.0,-807.0,-147.0,797.0
-210.0,8.0,549.0,-26.0,,713.0,21.0,-504.0,241.0,803.0
-330.0,-81.0,556.0,-149.0,,257.0,-82.0,-27.0,707.0,801.0
-421.0,349.0,557.0,-146.0,,-46.0,-190.0,245.0,716.0,781.0
-444.0,714.0,567.0,-55.0,,191.0,-296.0,254.0,684.0,737.0
-497.0,-861.0,523.0,-32.0,,351.0,-356.0,145.0,633.0,711.0
-527.0,-1208.0,458.0,-25.0,,360.0,-416.0,-182.0,352.0,749.0
-509.0,-544.0,376.0,47.0,,350.0,-478.0,-212.0,492.0,748.0
-464.0,368.0,327.0,71.0,,124.0,-536.0,-386.0,506.0,740.0
-405.0,406.0,164.0,-14.0,,-93.0,-630.0,-731.0,202.0,783.0
-338.0,193.0,-25.0,-141.0,,156.0,-694.0,-1127.0,368.0,785.0
-236.0,1286.0,-103.0,-196.0,,476.0,-715.0,-1322.0,343.0,774.0
-170.0,1144.0,-177.0,-242.0,,161.0,-650.0,-971.0,390.0,760.0
-135.0,-62.0,-166.0,-390.0,,-208.0,-497.0,-761.0,705.0,728.0
-83.0,295.0,-122.0,-527.0,,-220.0,-333.0,-528.0,441.0,720.0
-10.0,1692.0,-117.0,-612.0,,-220.0,-210.0,-286.0,305.0,726.0
18.0,210.0,-99.0,-719.0,,-274.0,-144.0,-145.0,560.0,689.0
6.0,91.0,-86.0,-776.0,,-409.0,-144.0,40.0,483.0,650.0
21.0,1332.0,-77.0,-744.0,,-521.0,-193.0,97.0,377.0,654.0
23.0,-74.0,-74.0,-626.0,,-316.0,-257.0,84.0,192.0,614.0
-29.0,-96.0,-98.0,-444.0,,24.0,-325.0,-297.0,-50.0,590.0
-122.0,-61.0,-108.0,-419.0,,22.0,-380.0,-593.0,69.0,625.0
-154.0,129.0,-68.0,-396.0,,45.0,-423.0,-654.0,364.0,609.0
-159.0,-54.0,-57.0,-172.0,,290.0,-433.0,-667.0,405.0,581.0
-170.0,-286.0,-52.0,-62.0,,170.0,-400.0,-500.0,329.0,636.0
-172.0,245.0,-22.0,-145.0,,38.0,-319.0,-485.0,382.0,688.0
-170.0,-366.0,20.0,-231.0,,99.0,-190.0,-269.0,385.0,634.0
-180.0,-685.0,95.0,-122.0,,-232.0,-51.0,-214.0,568.0,618.0
-213.0,-1077.0,112.0,-10.0,,-444.0,81.0,-447.0,461.0,659.0
-184.0,-382.0,150.0,-137.0,,-172.0,163.0,-561.0,152.0,658.0
-163.0,152.0,138.0,-191.0,,-62.0,202.0,-509.0,-121.0,600.0
-170.0,12.0,26.0,-2.0,,-218.0,229.0,-319.0,-127.0,576.0
-163.0,-351.0,3.0,184.0,,-422.0,257.0,-391.0,319.0,613.0
-148.0,131.0,-13.0,212.0,,-434.0,253.0,-253.0,-6.0,561.0
-131.0,471.0,39.0,288.0,,-196.0,201.0,-205.0,-212.0,467.0
-124.0,-955.0,110.0,363.0,,-85.0,151.0,-339.0,59.0,464.0
-103.0,-586.0,132.0,258.0,,-286.0,107.0,-356.0,130.0,498.0
-66.0,94.0,186.0,79.0,,-601.0,59.0,-539.0,326.0,466.0
-9.0,646.0,165.0,-60.0,,-655.0,-14.0,-580.0,330.0,452.0
21.0,-169.0,154.0,-62.0,,-484.0,-56.0,-753.0,146.0,515.0
30.0,-852.0,150.0,-11.0,,-375.0,-82.0,-849.0,-173.0,586.0
59.0,-278.0,59.0,-152.0,,-490.0,-179.0,-761.0,26.0,619.0
104.0,-145.0,4.0,-285.0,,-636.0,-278.0,-672.0,296.0,683.0
100.0,617.0,-40.0,-236.0,,-373.0,-358.0,-478.0,50.0,717.0
66.0,171.0,-67.0,-276.0,,-104.0,-414.0,-325.0,-3.0,662.0
69.0,555.0,-85.0,-405.0,,-184.0,-435.0,114.0,-278.0,637.0
89.0,634.0,-167.0,-441.0,,-275.0,-400.0,323.0,-362.0,617.0
76.0,429.0,-218.0,-242.0,,-394.0,-326.0,314.0,77.0,583.0
26.0,1042.0,-287.0,-22.0,,-446.0,-221.0,288.0,168.0,452.0
-1.0,719.0,-244.0,-12.0,,-260.0,-70.0,-214.0,59.0,344.0
-41.0,541.0,-230.0,17.0,,36.0,65.0,-694.0,55.0,264.0
-85.0,493.0,-285.0,178.0,,-15.0,171.0,-995.0,218.0,121.0
-115.0,1137.0,-274.0,322.0,,-469.0,281.0,-853.0,484.0,-5.0
-131.0,947.0,-328.0,298.0,,-596.0,459.0,-665.0,359.0,-97.0
-143.0,-513.0,-325.0,114.0,,-353.0,643.0,-691.0,141.0,-130.0
-160.0,-1304.0,-347.0,-63.0,,-102.0,720.0,-589.0,36.0,-255.0
-146.0,202.0,-309.0,-86.0,,-143.0,696.0,-692.0,52.0,-299.0
-109.0,593.0,-280.0,-130.0,,-350.0,619.0,-522.0,351.0,-266.0
-74.0,-1154.0,-308.0,-137.0,,-103.0,517.0,-282.0,181.0,-307.0
-59.0,-530.0,-302.0,46.0,,102.0,370.0,51.0,-247.0,-288.0
-56.0,431.0,-261.0,97.0,,-281.0,258.0,325.0,-267.0,-203.0
-26.0,283.0,-152.0,16.0,,-462.0,224.0,225.0,-269.0,-106.0
11.0,-439.0,-187.0,71.0,,-289.0,233.0,367.0,60.0,-107.0
1.0,-515.0,-218.0,145.0,,-675.0,302.0,360.0,343.0,-106.0
6.0,628.0,-193.0,117.0,,-1053.0,405.0,303.0,13.0,-23.0
41.0,630.0,-167.0,117.0,,-694.0,479.0,-123.0,165.0,110.0
31.0,661.0,-144.0,76.0,,-562.0,518.0,-744.0,362.0,208.0
-10.0,1385.0,-132.0,52.0,,-753.0,507.0,-920.0,326.0,249.0
-7.0,498.0,-114.0,63.0,,-811.0,461.0,-997.0,383.0,311.0
11.0,526.0,-147.0,-18.0,,-820.0,444.0,-776.0,59.0,370.0
-4.0,1921.0,-164.0,84.0,,-748.0,412.0,-469.0,-116.0,465.0
-13.0,1671.0,-198.0,319.0,,-942.0,394.0,-20.0,140.0,504.0
-5.0,1500.0,-227.0,380.0,,-1144.0,382.0,290.0,680.0,525.0
26.0,173.0,-259.0,287.0,,-892.0,336.0,282.0,867.0,646.0
33.0,-1378.0,-262.0,285.0,,-642.0,338.0,310.0,679.0,727.0
23.0,-1180.0,-251.0,384.0,,-738.0,379.0,116.0,671.0,720.0
23.0,-1288.0,-231.0,321.0,,-801.0,472.0,25.0,899.0,740.0
44.0,-1411.0,-172.0,155.0,,-580.0,588.0,-46.0,958.0,743.0
55.0,-1540.0,-162.0,162.0,,-726.0,661.0,-116.0,670.0,714.0
23.0,-1438.0,-91.0,328.0,,-952.0,675.0,-254.0,565.0,719.0
21.0,-942.0,-37.0,384.0,,-642.0,629.0,-528.0,442.0,679.0
21.0,-352.0,-42.0,359.0,,-605.0,559.0,-402.0,511.0,670.0
22.0,-1526.0,-52.0,223.0,,-994.0,483.0,-258.0,680.0,689.0
41.0,-2001.0,-121.0,-50.0,,-1021.0,395.0,46.0,367.0,680.0
63.0,-387.0,-174.0,-254.0,,-704.0,289.0,299.0,6.0,761.0
47.0,-561.0,-179.0,-328.0,,-600.0,217.0,216.0,-64.0,798.0
36.0,-511.0,-134.0,-231.0,,-678.0,169.0,203.0,152.0,782.0
85.0,-358.0,-79.0,12.0,,-928.0,111.0,-44.0,224.0,873.0
115.0,-235.0,-93.0,177.0,,-1145.0,73.0,-325.0,-109.0,931.0
80.0,332.0,-143.0,164.0,,-1045.0,86.0,-587.0,-237.0,904.0
40.0,695.0,-159.0,211.0,,-1021.0,154.0,-702.0,179.0,880.0
60.0,605.0,-131.0,330.0,,-985.0,275.0,-689.0,578.0,837.0
28.0,-719.0,-147.0,332.0,,-874.0,378.0,-707.0,484.0,750.0
-67.0,-47.0,-203.0,228.0,,-949.0,403.0,-498.0,425.0,634.0
-163.0,1152.0,-184.0,173.0,,-1103.0,429.0,-500.0,305.0,511.0
-178.0,14.0,-140.0,227.0,,-912.0,444.0,-522.0,22.0,357.0
-181.0,-1405.0,-148.0,360.0,,-811.0,437.0,-347.0,359.0,110.0
-223.0,-326.0,-137.0,479.0,,-1239.0,455.0,-188.0,503.0,-66.0
-226.0,301.0,-139.0,470.0,,-1323.0,423.0,18.0,327.0,-155.0
-225.0,84.0,-146.0,504.0,,-1030.0,376.0,273.0,233.0,-358.0
-205.0,1275.0,-150.0,546.0,,-880.0,388.0,539.0,8.0,-507.0
-223.0,860.0,-158.0,349.0,,-1026.0,386.0,393.0,110.0,-572.0
-257.0,744.0,-107.0,223.0,,-1126.0,371.0,195.0,270.0,-641.0
-277.0,1096.0,-91.0,345.0,,-830.0,370.0,225.0,39.0,-725.0
-241.0,1283.0,-75.0,332.0,,-691.0,400.0,84.0,-301.0,-835.0
-196.0,548.0,-31.0,195.0,,-784.0,457.0,11.0,-221.0,-832.0
-186.0,-612.0,21.0,190.0,,-829.0,431.0,-72.0,-14.0,-809.0
-137.0,-903.0,79.0,394.0,,-714.0,309.0,7.0,60.0,-819.0
-98.0,-1045.0,159.0,551.0,,-707.0,225.0,121.0,-80.0,-834.0
-80.0,-217.0,162.0,558.0,,-875.0,169.0,118.0,-403.0,-843.0
-126.0,-1606.0,89.0,593.0,,-447.0,105.0,223.0,-291.0,-864.0
-140.0,-1579.0,125.0,594.0,,-14.0,141.0,79.0,261.0,-920.0
-123.0,-431.0,109.0,592.0,,-352.0,222.0,-184.0,574.0,-921.0
-121.0,-820.0,-25.0,522.0,,-778.0,316.0,-548.0,243.0,-955.0
-83.0,-487.0,-141.0,359.0,,-856.0,377.0,-515.0,84.0,-996.0
-13.0,-651.0,-213.0,316.0,,-679.0,327.0,-84.0,352.0,-1001.0
33.0,11.0,-255.0,343.0,,-429.0,205.0,225.0,663.0,-958.0
38.0,467.0,-233.0,356.0,,-375.0,60.0,548.0,671.0,-863.0
74.0,884.0,-241.0,447.0,,-616.0,12.0,408.0,420.0,-850.0
121.0,1371.0,-255.0,470.0,,-751.0,6.0,-49.0,443.0,-789.0
138.0,1654.0,-258.0,370.0,,-914.0,-28.0,-617.0,381.0,-710.0
136.0,739.0,-263.0,313.0,,-825.0,-17.0,-809.0,515.0,-664.0
173.0,203.0,-256.0,342.0,,-222.0,-1.0,-642.0,524.0,-576.0
204.0,1141.0,-271.0,363.0,,-356.0,-17.0,-546.0,50.0,-529.0
203.0,54.0,-193.0,263.0,,-1041.0,-24.0,-83.0,-242.0,-587.0
191.0,-225.0,-198.0,197.0,,-1164.0,18.0,277.0,-189.0,-695.0
197.0,535.0,-184.0,342.0,,-775.0,138.0,613.0,116.0,-669.0
208.0,806.0,-148.0,488.0,,-592.0,257.0,667.0,23.0,-696.0
169.0,-221.0,-167.0,523.0,,-631.0,293.0,195.0,-134.0,-855.0
123.0,-569.0,-63.0,582.0,,-471.0,291.0,7.0,72.0,-957.0
104.0,51.0,-3.0,576.0,,-500.0,283.0,-11.0,449.0,-1005.0
107.0,-515.0,40.0,481.0,,-630.0,210.0,247.0,709.0,-1061.0
36.0,-409.0,110.0,364.0,,-502.0,143.0,528.0,683.0,-1176.0
-28.0,-187.0,106.0,175.0,,-279.0,139.0,685.0,672.0,-1113.0
-66.0,568.0,108.0,-12.0,,-269.0,132.0,683.0,508.0,-1029.0
-115.0,89.0,147.0,-114.0,,-515.0,109.0,171.0,395.0,-999.0
-162.0,46.0,219.0,-155.0,,-627.0,79.0,-110.0,508.0,-955.0
-229.0,824.0,275.0,-190.0,,-202.0,74.0,-149.0,392.0,-945.0
-243.0,-330.0,236.0,-186.0,,122.0,93.0,-107.0,173.0,-893.0
-249.0,-358.0,169.0,-15.0,,-313.0,138.0,-36.0,177.0,-884.0
-217.0,-306.0,101.0,243.0,,-480.0,146.0,14.0,176.0,-784.0
-141.0,-571.0,55.0,431.0,,-139.0,94.0,223.0,92.0,-758.0
-60.0,-826.0,0.0,543.0,,-366.0,37.0,315.0,-8.0,-841.0
-21.0,-386.0,-9.0,539.0,,-727.0,-35.0,624.0,4.0,-856.0
-3.0,87.0,-26.0,441.0,,-481.0,-72.0,678.0,-136.0,-809.0
35.0,-911.0,-42.0,249.0,,-343.0,-100.0,493.0,-233.0,-806.0
28.0,-164.0,63.0,197.0,,-452.0,-124.0,461.0,-75.0,-927.0
30.0,830.0,97.0,311.0,,-417.0,-156.0,279.0,-88.0,-955.0
44.0,569.0,198.0,274.0,,-348.0,-225.0,221.0,-171.0,-918.0
89.0,174.0,336.0,179.0,,-278.0,-284.0,-40.0,-552.0,-962.0
130.0,784.0,326.0,103.0,,-363.0,-306.0,-101.0,-528.0,-1098.0
164.0,1442.0,354.0,169.0,,-530.0,-242.0,9.0,-91.0,-1086.0
220.0,473.0,331.0,185.0,,-381.0,-139.0,-73.0,71.0,-1082.0
241.0,282.0,294.0,-22.0,,-254.0,-67.0,-251.0,89.0,-1210.0
252.0,607.0,295.0,-47.0,,-544.0,-40.0,-665.0,-48.0,-1224.0
265.0,498.0,261.0,103.0,,-500.0,-52.0,-702.0,132.0,-1138.0
286.0,385.0,314.0,205.0,,-194.0,-115.0,-631.0,242.0,-1157.0
310.0,-180.0,272.0,186.0,,-432.0,-216.0,-413.0,158.0,-1312.0
334.0,-423.0,235.0,255.0,,-690.0,-277.0,25.0,167.0,-1271.0
337.0,-252.0,230.0,444.0,,-242.0,-255.0,432.0,0.0,-1197.0
327.0,-480.0,136.0,595.0,,219.0,-150.0,757.0,-103.0,-1130.0
306.0,-774.0,64.0,730.0,,-57.0,-49.0,591.0,57.0,-1021.0
301.0,-746.0,0.0,796.0,,-322.0,-9.0,373.0,78.0,-911.0
269.0,-221.0,33.0,675.0,,-141.0,-53.0,72.0,-256.0,-782.0
194.0,-1117.0,2.0,384.0,,52.0,-163.0,-22.0,-359.0,-738.0
156.0,-1204.0,-47.0,264.0,,36.0,-243.0,325.0,-115.0,-570.0
157.0,463.0,-71.0,245.0,,-187.0,-266.0,607.0,-1.0,-461.0
189.0,-734.0,-64.0,230.0,,-301.0,-239.0,918.0,-88.0,-432.0
194.0,-1145.0,23.0,255.0,,-181.0,-240.0,792.0,-168.0,-373.0
199.0,362.0,105.0,188.0,,-167.0,-263.0,315.0,-217.0,-353.0
198.0,316.0,164.0,217.0,,-178.0,-263.0,-166.0,-106.0,-311.0
229.0,-1091.0,173.0,243.0,,14.0,-288.0,-384.0,67.0,-253.0
262.0,-1679.0,277.0,228.0,,-118.0,-329.0,-55.0,30.0,-146.0
266.0,-727.0,259.0,352.0,,-368.0,-363.0,351.0,63.0,-148.0
273.0,-298.0,201.0,519.0,,-59.0,-397.0,681.0,119.0,-242.0
276.0,190.0,205.0,626.0,,132.0,-462.0,644.0,156.0,-338.0
268.0,799.0,105.0,497.0,,-176.0,-544.0,596.0,423.0,-450.0
214.0,766.0,81.0,325.0,,-429.0,-555.0,641.0,445.0,-580.0
183.0,174.0,44.0,382.0,,-455.0,-520.0,423.0,63.0,-755.0
188.0,327.0,0.0,425.0,,-256.0,-445.0,291.0,-91.0,-940.0
191.0,935.0,8.0,325.0,,-85.0,-324.0,24.0,24.0,-1179.0
164.0,709.0,-54.0,273.0,,-207.0,-233.0,-97.0,45.0,-1405.0
153.0,664.0,-96.0,270.0,,-296.0,-145.0,-168.0,-28.0,-1634.0
123.0,910.0,-81.0,124.0,,-272.0,-68.0,-253.0,-151.0,-1797.0
82.0,380.0,-117.0,-96.0,,-475.0,25.0,-134.0,-361.0,-1784.0
62.0,-267.0,-136.0,-299.0,,-642.0,160.0,-144.0,-181.0,-1792.0
56.0,-176.0,-82.0,-390.0,,-420.0,297.0,40.0,161.0,-1763.0
44.0,-693.0,-35.0,-300.0,,-212.0,395.0,121.0,134.0,-1594.0
1.0,-237.0,-58.0,-71.0,,-249.0,428.0,64.0,39.0,-1352.0
-6.0,165.0,-100.0,130.0,,-128.0,411.0,-64.0,-165.0,-1137.0
-25.0,-96.0,-152.0,332.0,,9.0,293.0,-142.0,-189.0,-1013.0
3.0,541.0,-145.0,561.0,,-275.0,67.0,181.0,-48.0,-911.0
22.0,-404.0,-134.0,539.0,,-349.0,-169.0,417.0,30.0,-876.0
60.0,-335.0,-170.0,460.0,,-198.0,-311.0,639.0,-92.0,-811.0
99.0,-384.0,-172.0,411.0,,-176.0,-442.0,467.0,-378.0,-742.0
110.0,-769.0,-249.0,382.0,,-116.0,-552.0,35.0,-242.0,-830.0
119.0,517.0,-236.0,276.0,,-341.0,-602.0,-127.0,-337.0,-903.0
97.0,-151.0,-211.0,34.0,,-436.0,-629.0,-149.0,-620.0,-1022.0
88.0,-332.0,-198.0,-39.0,,-180.0,-566.0,236.0,-577.0,-1121.0
58.0,-723.0,-98.0,-34.0,,-56.0,-458.0,413.0,-645.0,-1117.0
75.0,-891.0,-82.0,-51.0,,-114.0,-306.0,230.0,-710.0,-1103.0
51.0,-601.0,-45.0,17.0,,-31.0,-153.0,-62.0,-374.0,-1047.0
21.0,-1116.0,-12.0,214.0,,-11.0,-23.0,-328.0,60.0,-1034.0
14.0,-20.0,40.0,361.0,,-358.0,103.0,-253.0,75.0,-935.0
36.0,-750.0,89.0,397.0,,-507.0,157.0,-112.0,-117.0,-792.0
57.0,-898.0,115.0,397.0,,-476.0,102.0,251.0,1.0,-741.0
27.0,-144.0,174.0,462.0,,-455.0,-27.0,426.0,270.0,-769.0
27.0,-277.0,182.0,507.0,,-345.0,-164.0,212.0,141.0,-729.0
10.0,602.0,216.0,396.0,,-79.0,-285.0,-25.0,95.0,-623.0
-3.0,1033.0,206.0,321.0,,118.0,-313.0,-219.0,90.0,-669.0
-38.0,1196.0,226.0,280.0,,117.0,-278.0,16.0,20.0,-715.0
-39.0,176.0,236.0,173.0,,11.0,-238.0,240.0,172.0,-661.0
-51.0,364.0,152.0,65.0,,-108.0,-123.0,441.0,128.0,-598.0
-70.0,920.0,102.0,43.0,,145.0,34.0,533.0,253.0,-622.0
-74.0,140.0,12.0,-58.0,,271.0,158.0,323.0,470.0,-669.0
-89.0,240.0,-58.0,-223.0,,65.0,164.0,264.0,399.0,-639.0
-86.0,142.0,-102.0,-331.0,,-58.0,56.0,68.0,369.0,-657.0
-88.0,904.0,-114.0,-224.0,,-2.0,-96.0,206.0,333.0,-730.0
-93.0,-20.0,-95.0,96.0,,93.0,-228.0,460.0,41.0,-749.0
-128.0,-1237.0,-125.0,262.0,,112.0,-251.0,373.0,-130.0,-802.0
-137.0,19.0,-168.0,325.0,,194.0,-224.0,105.0,42.0,-913.0
-152.0,219.0,-173.0,397.0,,79.0,-204.0,-230.0,24.0,-961.0
-165.0,111.0,-185.0,508.0,,45.0,-207.0,-216.0,-72.0,-897.0
-180.0,178.0,-222.0,461.0,,125.0,-244.0,-286.0,13.0,-886.0
-163.0,-13.0,-191.0,121.0,,-54.0,-283.0,-223.0,42.0,-946.0
-115.0,-256.0,-142.0,-281.0,,-59.0,-292.0,-194.0,77.0,-848.0
-99.0,-94.0,-120.0,-469.0,,64.0,-279.0,-208.0,142.0,-723.0
-105.0,-809.0,-46.0,-483.0,,64.0,-304.0,-62.0,368.0,-643.0
-116.0,-828.0,0.0,-483.0,,166.0,-381.0,-199.0,572.0,-583.0
-103.0,443.0,5.0,-482.0,,335.0,-494.0,-116.0,513.0,-492.0
-127.0,-38.0,127.0,-587.0,,242.0,-545.0,94.0,508.0,-376.0
-137.0,35.0,153.0,-521.0,,133.0,-505.0,532.0,404.0,-349.0
-132.0,242.0,150.0,-385.0,,221.0,-391.0,879.0,140.0,-296.0
-106.0,261.0,247.0,-323.0,,136.0,-222.0,851.0,1.0,-263.0
-113.0,754.0,288.0,-118.0,,92.0,-86.0,792.0,-131.0,-291.0
-150.0,1684.0,317.0,129.0,,109.0,34.0,397.0,-310.0,-330.0
-175.0,1783.0,282.0,316.0,,140.0,116.0,197.0,-358.0,-243.0
-217.0,152.0,191.0,412.0,,203.0,157.0,1.0,-343.0,-127.0
-201.0,900.0,77.0,498.0,,63.0,182.0,-225.0,-170.0,-195.0
-153.0,1286.0,-12.0,488.0,,-75.0,144.0,-286.0,-200.0,-205.0
-79.0,-197.0,-48.0,384.0,,-90.0,95.0,-389.0,-542.0,-105.0
-45.0,215.0,-65.0,284.0,,157.0,41.0,-275.0,-424.0,-85.0
-31.0,567.0,-61.0,259.0,,344.0,-57.0,-299.0,-57.0,-110.0
24.0,-438.0,-86.0,229.0,,397.0,-163.0,-267.0,132.0,-82.0
115.0,-606.0,-109.0,46.0,,457.0,-250.0,-360.0,106.0,-31.0
203.0,-474.0,-117.0,-210.0,,354.0,-275.0,-417.0,254.0,0.0
252.0,-1559.0,-132.0,-375.0,,285.0,-220.0,-73.0,528.0,-9.0
334.0,-1684.0,-140.0,-294.0,,318.0,-144.0,86.0,555.0,-36.0
408.0,-376.0,-188.0,-308.0,,380.0,-56.0,214.0,722.0,-42.0
446.0,431.0,-211.0,-364.0,,307.0,-2.0,171.0,490.0,-18.0
453.0,266.0,-229.0,-249.0,,365.0,18.0,35.0,-71.0,39.0
468.0,-35.0,-263.0,-228.0,,329.0,32.0,-367.0,-282.0,82.0
488.0,128.0,-263.0,-250.0,,127.0,43.0,-788.0,-312.0,128.0
436.0,421.0,-306.0,-252.0,,214.0,101.0,-339.0,-278.0,170.0
377.0,163.0,-341.0,-138.0,,334.0,85.0,254.0,-687.0,257.0
373.0,-177.0,-412.0,6.0,,576.0,-51.0,424.0,-954.0,390.0
406.0,930.0,-443.0,-58.0,,685.0,-210.0,-60.0,-681.0,451.0
419.0,508.0,-411.0,-104.0,,508.0,-321.0,-554.0,-529.0,441.0
383.0,-638.0,-436.0,3.0,,594.0,-319.0,-275.0,-455.0,424.0
378.0,478.0,-415.0,111.0,,916.0,-268.0,325.0,-649.0,456.0
389.0,541.0,-296.0,212.0,,974.0,-188.0,881.0,-915.0,412.0
357.0,-762.0,-202.0,197.0,,701.0,-75.0,912.0,-1019.0,235.0
296.0,-500.0,-169.0,68.0,,594.0,50.0,570.0,-920.0,29.0
258.0,1102.0,-76.0,-103.0,,699.0,148.0,-77.0,-728.0,-115.0
278.0,-185.0,-27.0,-285.0,,849.0,190.0,-589.0,-768.0,-182.0
251.0,-1026.0,0.0,-254.0,,1018.0,186.0,-460.0,-813.0,-314.0
207.0,93.0,-8.0,-96.0,,1020.0,180.0,-408.0,-605.0,-400.0
182.0,-1027.0,-81.0,-48.0,,1043.0,143.0,-225.0,-231.0,-413.0
162.0,-227.0,-126.0,-113.0,,1101.0,41.0,-86.0,-158.0,-453.0
130.0,884.0,-183.0,-142.0,,980.0,-76.0,-131.0,-197.0,-415.0
86.0,-146.0,-207.0,-72.0,,974.0,-226.0,-51.0,7.0,-325.0
97.0,-157.0,-265.0,41.0,,1005.0,-235.0,-92.0,131.0,-285.0
104.0,189.0,-273.0,86.0,,812.0,-135.0,75.0,144.0,-311.0
74.0,113.0,-254.0,-66.0,,661.0,-89.0,125.0,175.0,-311.0
46.0,-279.0,-327.0,-202.0,,792.0,-17.0,88.0,-58.0,-290.0
66.0,-879.0,-307.0,-86.0,,847.0,53.0,40.0,-381.0,-263.0
56.0,-172.0,-247.0,93.0,,749.0,118.0,-162.0,-325.0,-243.0
20.0,428.0,-206.0,183.0,,765.0,169.0,-149.0,-202.0,-237.0
0.0,44.0,-106.0,213.0,,659.0,206.0,-358.0,-241.0,-172.0
5.0,195.0,-62.0,131.0,,657.0,219.0,-447.0,-335.0,-189.0
3.0,-508.0,-21.0,29.0,,681.0,185.0,-399.0,-435.0,-308.0
-49.0,-357.0,-5.0,10.0,,636.0,63.0,-548.0,-199.0,-359.0
-70.0,-38.0,-80.0,10.0,,797.0,-86.0,-740.0,91.0,-277.0
-67.0,32.0,-77.0,-51.0,,775.0,-192.0,-938.0,-20.0,-214.0
-75.0,634.0,-107.0,-193.0,,555.0,-306.0,-639.0,-67.0,-231.0
-113.0,-531.0,-79.0,-300.0,,481.0,-292.0,-203.0,0.0,-143.0
-103.0,-997.0,2.0,-356.0,,642.0,-181.0,79.0,64.0,-22.0
-83.0,154.0,14.0,-396.0,,617.0,-73.0,-27.0,408.0,108.0
-101.0,480.0,72.0,-550.0,,458.0,63.0,-295.0,635.0,305.0
-97.0,-580.0,70.0,-717.0,,631.0,169.0,-181.0,426.0,479.0
-44.0,-371.0,34.0,-612.0,,824.0,272.0,-99.0,126.0,586.0
30.0,1384.0,14.0,-443.0,,727.0,330.0,109.0,108.0,699.0
40.0,1463.0,-7.0,-319.0,,590.0,316.0,-57.0,201.0,881.0
49.0,56.0,-70.0,-141.0,,664.0,274.0,-578.0,-65.0,961.0
91.0,209.0,-147.0,-42.0,,665.0,166.0,-916.0,-138.0,938.0
126.0,601.0,-164.0,-13.0,,613.0,26.0,-981.0,-154.0,864.0
87.0,215.0,-147.0,-114.0,,495.0,-75.0,-668.0,-430.0,781.0
52.0,675.0,-197.0,-331.0,,365.0,-98.0,-487.0,-293.0,756.0
85.0,406.0,-237.0,-432.0,,560.0,-90.0,-5.0,-163.0,687.0
92.0,188.0,-203.0,-526.0,,497.0,-126.0,365.0,-254.0,515.0
74.0,398.0,-255.0,-588.0,,319.0,-172.0,330.0,-336.0,314.0
56.0,512.0,-212.0,-556.0,,407.0,-174.0,301.0,-196.0,276.0
74.0,118.0,-159.0,-531.0,,315.0,-131.0,-1.0,14.0,359.0
97.0,359.0,-140.0,-447.0,,160.0,-45.0,-66.0,99.0,340.0
106.0,935.0,-54.0,-401.0,,274.0,63.0,-110.0,250.0,297.0
94.0,-419.0,-36.0,-416.0,,573.0,148.0,-266.0,276.0,368.0
53.0,-453.0,11.0,-325.0,,482.0,207.0,-485.0,385.0,439.0
17.0,221.0,81.0,-314.0,,312.0,222.0,-781.0,452.0,448.0
-8.0,497.0,108.0,-582.0,,356.0,189.0,-622.0,327.0,462.0
-40.0,-142.0,127.0,-816.0,,300.0,147.0,-421.0,230.0,438.0
-74.0,-629.0,143.0,-804.0,,400.0,126.0,-327.0,196.0,316.0
-103.0,471.0,160.0,-734.0,,317.0,141.0,-532.0,120.0,284.0
-135.0,536.0,178.0,-670.0,,275.0,104.0,-792.0,169.0,334.0
-172.0,324.0,133.0,-518.0,,515.0,50.0,-663.0,424.0,269.0
-187.0,-528.0,132.0,-377.0,,498.0,-13.0,-421.0,333.0,164.0
-195.0,-856.0,138.0,-406.0,,246.0,-122.0,171.0,121.0,186.0
-210.0,-895.0,138.0,-652.0,,285.0,-136.0,519.0,297.0,301.0
-224.0,-662.0,169.0,-882.0,,572.0,-73.0,498.0,399.0,241.0
-210.0,-99.0,166.0,-812.0,,410.0,-1.0,243.0,242.0,162.0
-145.0,-835.0,206.0,-740.0,,406.0,30.0,-60.0,-3.0,246.0
-127.0,-710.0,157.0,-799.0,,590.0,29.0,97.0,-364.0,315.0
-136.0,-810.0,95.0,-733.0,,642.0,37.0,166.0,-337.0,276.0
-136.0,-628.0,58.0,-629.0,,765.0,17.0,230.0,-311.0,282.0
-130.0,617.0,2.0,-538.0,,676.0,23.0,-7.0,-423.0,384.0
-116.0,1040.0,-51.0,-455.0,,713.0,43.0,-356.0,-502.0,354.0
-95.0,1245.0,-126.0,-259.0,,798.0,75.0,-593.0,-677.0,354.0
-59.0,1519.0,-149.0,59.0,,745.0,122.0,-848.0,-295.0,467.0
-56.0,826.0,-175.0,155.0,,577.0,111.0,-570.0,-36.0,473.0
-60.0,301.0,-213.0,-72.0,,625.0,31.0,-397.0,60.0,359.0
-81.0,662.0,-273.0,-332.0,,694.0,-109.0,-301.0,201.0,382.0
-90.0,889.0,-233.0,-358.0,,500.0,-224.0,-256.0,153.0,458.0
-102.0,592.0,-188.0,-529.0,,778.0,-277.0,-247.0,304.0,383.0
-142.0,5.0,-213.0,-928.0,,917.0,-314.0,-68.0,376.0,340.0
-172.0,-198.0,-220.0,-1118.0,,601.0,-335.0,-151.0,224.0,310.0
-170.0,-783.0,-221.0,-1067.0,,375.0,-309.0,-75.0,1.0,345.0
-189.0,-937.0,-220.0,-995.0,,520.0,-254.0,75.0,-91.0,403.0
-232.0,-464.0,-315.0,-906.0,,810.0,-160.0,277.0,-459.0,385.0
-269.0,-685.0,-369.0,-666.0,,811.0,3.0,312.0,-565.0,422.0
-329.0,-494.0,-346.0,-394.0,,774.0,136.0,49.0,-464.0,490.0
-370.0,22.0,-317.0,-208.0,,616.0,215.0,-123.0,-757.0,521.0
-411.0,-354.0,-299.0,-168.0,,739.0,246.0,-500.0,-907.0,613.0
-421.0,-715.0,-284.0,-90.0,,854.0,248.0,-707.0,-1062.0,721.0
-420.0,-997.0,-250.0,89.0,,536.0,232.0,-787.0,-726.0,684.0
-404.0,-1575.0,-205.0,197.0,,610.0,158.0,-657.0,-384.0,614.0
-372.0,-1182.0,-152.0,221.0,,720.0,127.0,-262.0,-486.0,590.0
-370.0,-362.0,-103.0,69.0,,576.0,154.0,-46.0,-387.0,612.0
-385.0,173.0,-20.0,-98.0,,585.0,151.0,229.0,-288.0,568.0
-403.0,-45.0,44.0,-195.0,,792.0,91.0,109.0,-61.0,464.0
-375.0,-679.0,105.0,-308.0,,678.0,-22.0,-195.0,146.0,483.0
-347.0,367.0,123.0,-308.0,,400.0,-173.0,-495.0,130.0,479.0
-330.0,499.0,129.0,-278.0,,529.0,-278.0,-716.0,219.0,439.0
-323.0,-928.0,120.0,-256.0,,515.0,-247.0,-391.0,417.0,530.0
-292.0,-614.0,79.0,-242.0,,578.0,-182.0,-60.0,580.0,607.0
-252.0,440.0,95.0,-252.0,,637.0,-155.0,343.0,612.0,595.0
-235.0,446.0,81.0,-202.0,,512.0,-204.0,533.0,413.0,643.0
-256.0,-923.0,73.0,-229.0,,610.0,-359.0,441.0,262.0,725.0
-276.0,-915.0,46.0,-276.0,,674.0,-517.0,277.0,276.0,728.0
-265.0,35.0,16.0,-289.0,,496.0,-579.0,-234.0,563.0,712.0
-283.0,-589.0,17.0,-193.0,,239.0,-579.0,-552.0,646.0,815.0
-323.0,-322.0,-8.0,24.0,,359.0,-512.0,-718.0,44.0,772.0
-390.0,235.0,-5.0,133.0,,397.0,-403.0,-565.0,-276.0,603.0
-408.0,35.0,-60.0,238.0,,490.0,-367.0,-277.0,-369.0,677.0
-428.0,21.0,-105.0,292.0,,805.0,-323.0,-188.0,-481.0,673.0
-447.0,444.0,-150.0,203.0,,703.0,-277.0,118.0,-470.0,497.0
-484.0,1000.0,-204.0,102.0,,536.0,-246.0,485.0,-766.0,499.0
-531.0,498.0,-161.0,-107.0,,628.0,-222.0,1034.0,-856.0,512.0
-517.0,446.0,-107.0,-432.0,,727.0,-258.0,1202.0,-442.0,373.0
-528.0,900.0,-65.0,-682.0,,518.0,-257.0,840.0,-7.0,408.0
-568.0,1186.0,-45.0,-762.0,,567.0,-303.0,341.0,-20.0,629.0
-628.0,677.0,18.0,-638.0,,740.0,-403.0,-160.0,-347.0,741.0
-628.0,-138.0,19.0,-463.0,,776.0,-404.0,-138.0,-330.0,753.0
-623.0,1153.0,-39.0,-384.0,,751.0,-383.0,25.0,-29.0,862.0
-623.0,567.0,-108.0,-421.0,,422.0,-357.0,460.0,160.0,1083.0
-618.0,-762.0,-137.0,-484.0,,436.0,-309.0,934.0,115.0,1129.0
-606.0,-45.0,-69.0,-364.0,,644.0,-317.0,920.0,-63.0,1065.0
-546.0,-49.0,-97.0,-144.0,,690.0,-352.0,752.0,-132.0,1061.0
-528.0,-1061.0,-155.0,-15.0,,579.0,-386.0,482.0,-89.0,1035.0
-517.0,-2036.0,-154.0,-97.0,,516.0,-417.0,408.0,34.0,960.0
-474.0,-948.0,-133.0,-253.0,,525.0,-420.0,138.0,49.0,842.0
-418.0,-477.0,-158.0,-240.0,,544.0,-378.0,-131.0,-126.0,773.0
-428.0,-494.0,-132.0,-252.0,,715.0,-353.0,-245.0,-260.0,628.0
-454.0,156.0,2.0,-422.0,,610.0,-392.0,-495.0,-125.0,486.0
-436.0,329.0,76.0,-522.0,,461.0,-451.0,-312.0,132.0,500.0
-417.0,213.0,97.0,-567.0,,411.0,-497.0,-77.0,1.0,461.0
-411.0,-948.0,144.0,-636.0,,365.0,-535.0,138.0,-228.0,374.0
-409.0,-468.0,226.0,-557.0,,200.0,-606.0,314.0,-347.0,404.0
-349.0,553.0,297.0,-397.0,,155.0,-618.0,447.0,-161.0,543.0
-288.0,236.0,269.0,-259.0,,313.0,-628.0,724.0,74.0,618.0
-264.0,-31.0,246.0,-292.0,,476.0,-712.0,809.0,33.0,648.0
-272.0,378.0,242.0,-366.0,,656.0,-777.0,842.0,66.0,636.0
-292.0,81.0,180.0,-209.0,,398.0,-786.0,646.0,-192.0,669.0
-305.0,-569.0,172.0,-50.0,,310.0,-741.0,441.0,-139.0,801.0
-336.0,-705.0,157.0,-55.0,,431.0,-731.0,286.0,206.0,791.0
-343.0,-1000.0,117.0,-86.0,,352.0,-668.0,79.0,150.0,737.0
-335.0,-132.0,110.0,-8.0,,208.0,-564.0,-84.0,-57.0,699.0
-299.0,-78.0,49.0,-11.0,,66.0,-484.0,-522.0,-70.0,672.0
-225.0,25.0,24.0,-121.0,,56.0,-346.0,-692.0,165.0,728.0
-153.0,278.0,66.0,-272.0,,129.0,-229.0,-637.0,237.0,765.0
-63.0,-251.0,31.0,-418.0,,284.0,-131.0,-406.0,368.0,694.0
34.0,-156.0,-28.0,-479.0,,104.0,-52.0,107.0,203.0,545.0
110.0,201.0,-67.0,-622.0,,-11.0,-63.0,545.0,61.0,503.0
128.0,1108.0,-88.0,-715.0,,116.0,-135.0,1056.0,526.0,592.0
194.0,913.0,-119.0,-624.0,,123.0,-202.0,1138.0,682.0,635.0
298.0,600.0,-100.0,-440.0,,22.0,-241.0,897.0,623.0,554.0
333.0,585.0,4.0,-216.0,,-106.0,-261.0,447.0,451.0,470.0
355.0,370.0,43.0,-9.0,,-137.0,-264.0,-81.0,125.0,523.0
394.0,194.0,34.0,185.0,,-157.0,-293.0,-22.0,100.0,637.0
427.0,-112.0,17.0,324.0,,72.0,-337.0,219.0,217.0,669.0
365.0,-98.0,35.0,391.0,,189.0,-373.0,580.0,408.0,603.0
274.0,531.0,50.0,303.0,,102.0,-395.0,720.0,181.0,570.0
227.0,1185.0,34.0,155.0,,151.0,-392.0,580.0,-161.0,617.0
172.0,-152.0,69.0,221.0,,127.0,-362.0,352.0,139.0,608.0
70.0,-280.0,157.0,290.0,,80.0,-296.0,-20.0,185.0,566.0
-42.0,394.0,183.0,200.0,,51.0,-250.0,-3.0,9.0,565.0
-85.0,-294.0,141.0,243.0,,-154.0,-204.0,14.0,-47.0,578.0
-103.0,108.0,143.0,327.0,,-276.0,-175.0,-20.0,-268.0,627.0
-147.0,400.0,130.0,152.0,,-161.0,-136.0,-7.0,-339.0,668.0
-172.0,-824.0,121.0,-34.0,,-169.0,-7.0,275.0,-128.0,688.0
-150.0,-1227.0,93.0,15.0,,-332.0,129.0,905.0,0.0,730.0
-155.0,-154.0,122.0,113.0,,-369.0,227.0,1056.0,58.0,755.0
-217.0,-55.0,198.0,73.0,,-176.0,191.0,892.0,186.0,772.0
-238.0,-523.0,215.0,29.0,,-193.0,54.0,349.0,267.0,751.0
-227.0,-515.0,244.0,100.0,,-319.0,-93.0,-79.0,641.0,717.0
-242.0,206.0,261.0,114.0,,-417.0,-221.0,25.0,612.0,782.0
-248.0,418.0,267.0,-16.0,,-482.0,-277.0,118.0,172.0,910.0
-202.0,4.0,263.0,-83.0,,-268.0,-327.0,225.0,240.0,893.0
-100.0,-104.0,225.0,-27.0,,-98.0,-378.0,68.0,360.0,752.0
-28.0,40.0,176.0,-1.0,,6.0,-394.0,16.0,530.0,707.0
0.0,1027.0,201.0,-37.0,,273.0,-357.0,3.0,403.0,775.0
49.0,1527.0,136.0,23.0,,259.0,-271.0,-14.0,-78.0,877.0
87.0,915.0,43.0,166.0,,-102.0,-125.0,205.0,-71.0,845.0
59.0,129.0,-2.0,66.0,,-25.0,37.0,225.0,-32.0,739.0
-5.0,489.0,-35.0,-149.0,,41.0,159.0,384.0,40.0,746.0
8.0,876.0,-39.0,-233.0,,-152.0,194.0,456.0,223.0,811.0
33.0,744.0,-98.0,-240.0,,-296.0,140.0,541.0,-246.0,825.0
40.0,359.0,-22.0,-239.0,,-257.0,105.0,652.0,-469.0,807.0
78.0,133.0,37.0,-245.0,,8.0,69.0,578.0,65.0,747.0
131.0,218.0,115.0,-79.0,,2.0,32.0,582.0,158.0,671.0
204.0,-331.0,198.0,77.0,,-47.0,51.0,243.0,-132.0,739.0
195.0,-181.0,186.0,128.0,,-128.0,99.0,38.0,-348.0,836.0
199.0,-600.0,225.0,316.0,,19.0,148.0,-86.0,-425.0,828.0
239.0,-669.0,189.0,563.0,,84.0,158.0,-171.0,43.0,770.0
257.0,361.0,163.0,733.0,,-162.0,137.0,33.0,93.0,816.0
271.0,503.0,186.0,723.0,,-21.0,126.0,219.0,-178.0,904.0
263.0,350.0,191.0,514.0,,68.0,141.0,535.0,26.0,866.0
319.0,-176.0,157.0,280.0,,-139.0,193.0,546.0,-8.0,800.0
362.0,-282.0,168.0,93.0,,-214.0,208.0,552.0,281.0,744.0
339.0,654.0,201.0,-197.0,,-41.0,168.0,495.0,592.0,679.0
311.0,1156.0,176.0,-533.0,,-87.0,135.0,190.0,532.0,572.0
317.0,424.0,136.0,-714.0,,-106.0,51.0,92.0,428.0,449.0
334.0,137.0,122.0,-813.0,,9.0,-76.0,81.0,287.0,327.0
288.0,426.0,168.0,-771.0,,-32.0,-181.0,314.0,611.0,220.0
256.0,-249.0,198.0,-571.0,,-166.0,-216.0,325.0,762.0,168.0
233.0,-1163.0,238.0,-281.0,,-477.0,-204.0,284.0,661.0,42.0
205.0,-983.0,253.0,78.0,,-634.0,-232.0,323.0,514.0,-110.0
171.0,-470.0,265.0,346.0,,-480.0,-233.0,171.0,466.0,-172.0
137.0,-731.0,269.0,487.0,,-388.0,-196.0,205.0,771.0,-159.0
143.0,-348.0,186.0,563.0,,-600.0,-148.0,205.0,953.0,-48.0
118.0,235.0,178.0,708.0,,-492.0,-87.0,508.0,750.0,-10.0
67.0,-218.0,225.0,756.0,,-213.0,-57.0,811.0,320.0,-11.0
28.0,-174.0,203.0,603.0,,-325.0,-7.0,859.0,116.0,104.0
-7.0,1108.0,196.0,494.0,,-317.0,93.0,822.0,236.0,281.0
-72.0,1801.0,223.0,432.0,,-318.0,210.0,375.0,674.0,448.0
-155.0,774.0,242.0,348.0,,-531.0,272.0,267.0,362.0,404.0
-207.0,224.0,279.0,187.0,,-720.0,258.0,382.0,-191.0,316.0
-229.0,1087.0,253.0,58.0,,-690.0,219.0,400.0,335.0,313.0
-249.0,1095.0,193.0,19.0,,-696.0,165.0,293.0,453.0,340.0
-245.0,-47.0,158.0,-20.0,,-787.0,117.0,-203.0,451.0,477.0
-198.0,-173.0,94.0,-114.0,,-661.0,130.0,-576.0,702.0,539.0
-171.0,574.0,85.0,-162.0,,-732.0,237.0,-777.0,507.0,399.0
-206.0,572.0,131.0,-141.0,,-620.0,365.0,-744.0,285.0,390.0
-252.0,-62.0,153.0,-207.0,,-651.0,427.0,-654.0,432.0,643.0
-253.0,5.0,166.0,-271.0,,-1006.0,437.0,-291.0,732.0,728.0
-260.0,302.0,162.0,-276.0,,-1018.0,460.0,328.0,207.0,632.0
-284.0,-280.0,166.0,-175.0,,-1003.0,507.0,452.0,-128.0,561.0
-280.0,-469.0,182.0,57.0,,-910.0,533.0,467.0,-90.0,539.0
-223.0,84.0,151.0,294.0,,-863.0,580.0,295.0,19.0,507.0
-160.0,-279.0,159.0,482.0,,-765.0,652.0,164.0,276.0,467.0
-144.0,-1425.0,227.0,699.0,,-994.0,616.0,-51.0,-81.0,373.0
-104.0,-1405.0,226.0,773.0,,-1176.0,500.0,-458.0,-202.0,299.0
-34.0,-210.0,228.0,583.0,,-931.0,384.0,-338.0,-149.0,358.0
67.0,65.0,232.0,472.0,,-1030.0,287.0,-86.0,217.0,324.0
106.0,-1106.0,243.0,356.0,,-1065.0,286.0,328.0,335.0,183.0
98.0,-605.0,238.0,211.0,,-1108.0,304.0,393.0,0.0,21.0
148.0,1352.0,156.0,145.0,,-1132.0,318.0,84.0,44.0,144.0
218.0,807.0,171.0,-6.0,,-1090.0,355.0,-64.0,-233.0,167.0
274.0,-633.0,208.0,-51.0,,-1025.0,325.0,-175.0,-106.0,-89.0
282.0,54.0,174.0,-34.0,,-1164.0,307.0,129.0,335.0,-188.0
345.0,831.0,202.0,-87.0,,-1249.0,344.0,395.0,350.0,-220.0
427.0,329.0,228.0,-70.0,,-909.0,359.0,463.0,-20.0,-202.0
437.0,721.0,177.0,74.0,,-851.0,352.0,295.0,47.0,-220.0
385.0,1264.0,77.0,187.0,,-855.0,288.0,-35.0,209.0,-233.0
378.0,745.0,-29.0,164.0,,-976.0,227.0,-203.0,-147.0,-411.0
429.0,102.0,-73.0,100.0,,-1231.0,258.0,-236.0,9.0,-453.0
399.0,814.0,-84.0,113.0,,-1342.0,344.0,-149.0,-57.0,-202.0
375.0,1959.0,-87.0,200.0,,-1048.0,498.0,-541.0,-147.0,-104.0
376.0,469.0,-65.0,179.0,,-870.0,694.0,-916.0,-27.0,-190.0
403.0,-326.0,-43.0,242.0,,-962.0,856.0,-910.0,330.0,-379.0
399.0,1000.0,-21.0,434.0,,-747.0,942.0,-641.0,527.0,-314.0
372.0,871.0,-46.0,593.0,,-813.0,989.0,-35.0,-32.0,-189.0
415.0,-582.0,-64.0,570.0,,-855.0,1008.0,308.0,-22.0,-185.0
455.0,-474.0,13.0,408.0,,-897.0,1007.0,585.0,171.0,-286.0
473.0,-205.0,33.0,298.0,,-1039.0,999.0,644.0,352.0,-449.0
472.0,-670.0,-17.0,44.0,,-1112.0,967.0,506.0,104.0,-424.0
510.0,-151.0,-25.0,-154.0,,-1005.0,941.0,524.0,-203.0,-464.0
515.0,-692.0,-55.0,-173.0,,-922.0,887.0,482.0,185.0,-502.0
472.0,-405.0,-101.0,-51.0,,-1179.0,833.0,498.0,234.0,-539.0
451.0,-270.0,-150.0,104.0,,-984.0,776.0,118.0,368.0,-748.0
456.0,-725.0,-158.0,131.0,,-840.0,756.0,-362.0,406.0,-901.0
472.0,111.0,-157.0,129.0,,-740.0,776.0,-596.0,201.0,-766.0
434.0,-34.0,-215.0,69.0,,-546.0,757.0,-606.0,78.0,-613.0
396.0,-477.0,-227.0,33.0,,-628.0,690.0,-169.0,351.0,-808.0
385.0,-533.0,-194.0,-78.0,,-743.0,579.0,-5.0,708.0,-761.0
360.0,550.0,-128.0,-128.0,,-744.0,539.0,182.0,141.0,-392.0
283.0,204.0,-136.0,3.0,,-625.0,492.0,473.0,-380.0,-313.0
230.0,-705.0,-216.0,50.0,,-788.0,392.0,757.0,-458.0,-452.0
205.0,-376.0,-166.0,58.0,,-795.0,357.0,1112.0,-201.0,-324.0
130.0,-441.0,-116.0,84.0,,-799.0,358.0,890.0,139.0,-32.0
33.0,-64.0,-123.0,211.0,,-882.0,369.0,491.0,-199.0,-30.0
-32.0,-561.0,-102.0,353.0,,-822.0,356.0,66.0,-335.0,-20.0
-47.0,-304.0,-69.0,284.0,,-799.0,339.0,-59.0,158.0,-46.0
-53.0,189.0,-5.0,88.0,,-788.0,364.0,-16.0,237.0,-157.0
-82.0,0.0,55.0,-56.0,,-788.0,384.0,-84.0,383.0,-77.0
-81.0,115.0,70.0,-133.0,,-792.0,448.0,55.0,674.0,39.0
-34.0,141.0,101.0,-160.0,,-950.0,553.0,144.0,324.0,29.0
-19.0,559.0,115.0,-97.0,,-782.0,612.0,476.0,377.0,-306.0
-12.0,476.0,70.0,-22.0,,-702.0,682.0,613.0,658.0,-524.0
2.0,640.0,81.0,20.0,,-774.0,802.0,552.0,410.0,-244.0
53.0,369.0,118.0,108.0,,-700.0,936.0,469.0,165.0,-44.0
109.0,287.0,176.0,273.0,,-615.0,1059.0,410.0,46.0,-311.0
123.0,76.0,213.0,428.0,,-561.0,1204.0,899.0,41.0,-581.0
139.0,-796.0,210.0,498.0,,-705.0,1366.0,1077.0,168.0,-490.0
151.0,-38.0,254.0,460.0,,-711.0,1423.0,896.0,202.0,-297.0
161.0,-52.0,204.0,371.0,,-752.0,1361.0,402.0,76.0,-215.0
114.0,-537.0,71.0,288.0,,-631.0,1266.0,-149.0,39.0,-284.0
100.0,-158.0,6.0,254.0,,-658.0,1123.0,-168.0,-148.0,-432.0
129.0,-159.0,-46.0,251.0,,-822.0,944.0,-107.0,-262.0,-532.0
121.0,-150.0,-126.0,164.0,,-575.0,817.0,160.0,-140.0,-514.0
109.0,-303.0,-127.0,24.0,,-378.0,687.0,345.0,-363.0,-480.0
112.0,-235.0,-51.0,-99.0,,-565.0,578.0,415.0,-510.0,-581.0
169.0,45.0,13.0,-123.0,,-619.0,485.0,421.0,-427.0,-793.0
194.0,-344.0,73.0,-136.0,,-358.0,351.0,284.0,-209.0,-794.0
210.0,-480.0,100.0,-207.0,,-545.0,282.0,251.0,-207.0,-689.0
275.0,-102.0,126.0,-204.0,,-608.0,274.0,-49.0,-506.0,-898.0
342.0,-303.0,188.0,-255.0,,-518.0,285.0,-245.0,-447.0,-1025.0
376.0,-653.0,239.0,-288.0,,-472.0,295.0,-404.0,-462.0,-911.0
380.0,-208.0,224.0,-109.0,,-271.0,335.0,-408.0,-439.0,-900.0
432.0,191.0,201.0,80.0,,-287.0,381.0,-35.0,-244.0,-1080.0
463.0,-111.0,225.0,221.0,,-427.0,414.0,184.0,-291.0,-1121.0
444.0,-138.0,171.0,432.0,,-465.0,509.0,639.0,-541.0,-971.0
420.0,266.0,142.0,627.0,,-349.0,570.0,1010.0,-469.0,-918.0
421.0,863.0,141.0,744.0,,-433.0,613.0,1141.0,-26.0,-770.0
445.0,308.0,121.0,760.0,,-277.0,685.0,1080.0,-85.0,-747.0
423.0,-488.0,88.0,671.0,,-88.0,733.0,748.0,-293.0,-924.0
412.0,235.0,14.0,478.0,,-283.0,741.0,530.0,-198.0,-939.0
445.0,108.0,44.0,121.0,,-322.0,688.0,157.0,-223.0,-671.0
472.0,-328.0,28.0,-261.0,,-210.0,603.0,-22.0,-154.0,-477.0
462.0,-1086.0,-30.0,-522.0,,-155.0,527.0,-42.0,61.0,-794.0
447.0,-1153.0,-48.0,-582.0,,-271.0,472.0,70.0,-65.0,-1033.0
458.0,206.0,-87.0,-445.0,,-340.0,398.0,314.0,-326.0,-894.0
446.0,20.0,-84.0,-363.0,,-282.0,322.0,277.0,-240.0,-760.0
429.0,-55.0,-150.0,-221.0,,-212.0,282.0,406.0,174.0,-789.0
393.0,374.0,-211.0,17.0,,-219.0,305.0,448.0,-57.0,-926.0
354.0,1387.0,-191.0,17.0,,-425.0,374.0,606.0,-332.0,-1155.0
316.0,1180.0,-165.0,-121.0,,-425.0,398.0,929.0,-27.0,-1272.0
269.0,311.0,-124.0,-169.0,,-262.0,384.0,1053.0,-38.0,-1058.0
224.0,761.0,-106.0,-43.0,,-569.0,337.0,1138.0,68.0,-961.0
180.0,116.0,-64.0,15.0,,-661.0,264.0,776.0,6.0,-1204.0
170.0,61.0,-53.0,13.0,,-273.0,166.0,445.0,189.0,-1509.0
128.0,38.0,-78.0,94.0,,-128.0,91.0,238.0,181.0,-1377.0
93.0,-10.0,-123.0,25.0,,-231.0,52.0,77.0,-18.0,-1154.0
92.0,-645.0,-122.0,-48.0,,-342.0,6.0,97.0,389.0,-1403.0
104.0,-1177.0,-105.0,-117.0,,-267.0,-10.0,-48.0,144.0,-1579.0
106.0,-587.0,-105.0,-186.0,,-160.0,-36.0,-36.0,23.0,-1397.0
95.0,-958.0,-79.0,-235.0,,-155.0,-88.0,83.0,-95.0,-1231.0
120.0,-587.0,-82.0,-331.0,,-247.0,-205.0,393.0,-260.0,-1407.0
108.0,-359.0,-66.0,-316.0,,-164.0,-309.0,652.0,-105.0,-1380.0
95.0,-162.0,-100.0,-207.0,,1.0,-330.0,659.0,-54.0,-1177.0
71.0,-174.0,-59.0,-100.0,,-61.0,-335.0,691.0,67.0,-1194.0
93.0,-697.0,0.0,-128.0,,-102.0,-285.0,585.0,-39.0,-1131.0
156.0,-99.0,8.0,-122.0,,-25.0,-200.0,489.0,200.0,-1097.0
182.0,367.0,28.0,-6.0,,-148.0,-88.0,145.0,376.0,-1133.0
213.0,300.0,20.0,89.0,,-182.0,32.0,-83.0,185.0,-1189.0
224.0,326.0,51.0,225.0,,194.0,124.0,0.0,82.0,-1048.0
230.0,840.0,20.0,277.0,,246.0,174.0,123.0,-74.0,-912.0
185.0,1184.0,1.0,295.0,,108.0,185.0,473.0,-183.0,-1068.0
103.0,416.0,25.0,341.0,,-11.0,180.0,635.0,-25.0,-1237.0
42.0,67.0,56.0,297.0,,-41.0,166.0,777.0,-135.0,-1144.0
11.0,619.0,36.0,137.0,,-35.0,136.0,626.0,-543.0,-862.0
-20.0,40.0,25.0,-69.0,,-45.0,0.0,334.0,-528.0,-963.0
-51.0,-606.0,33.0,-176.0,,195.0,-163.0,332.0,-515.0,-1122.0
-92.0,-270.0,-21.0,-216.0,,252.0,-249.0,121.0,-422.0,-1089.0
-128.0,103.0,-38.0,-301.0,,181.0,-331.0,0.0,-278.0,-1240.0
-164.0,390.0,-87.0,-311.0,,81.0,-419.0,-253.0,-278.0,-1297.0
-210.0,-69.0,-98.0,-274.0,,375.0,-509.0,-421.0,-343.0,-1127.0
-217.0,-533.0,-91.0,-289.0,,576.0,-634.0,-325.0,-453.0,-1216.0
-245.0,-22.0,-87.0,-260.0,,158.0,-771.0,-157.0,-304.0,-1519.0
-239.0,-478.0,-31.0,-301.0,,162.0,-900.0,51.0,-158.0,-1377.0
-241.0,-723.0,53.0,-304.0,,665.0,-950.0,-262.0,-99.0,-1085.0
-227.0,265.0,136.0,-175.0,,838.0,-925.0,-515.0,-99.0,-1057.0
-204.0,-35.0,152.0,-116.0,,506.0,-867.0,-533.0,-51.0,-1037.0
-201.0,-123.0,205.0,9.0,,496.0,-766.0,-400.0,-6.0,-823.0
-182.0,415.0,243.0,139.0,,822.0,-680.0,-147.0,89.0,-558.0
-168.0,824.0,253.0,-27.0,,874.0,-536.0,-105.0,284.0,-457.0
-152.0,866.0,257.0,-208.0,,615.0,-389.0,55.0,189.0,-269.0
-153.0,319.0,232.0,-106.0,,372.0,-325.0,88.0,153.0,-63.0
-97.0,449.0,225.0,129.0,,371.0,-236.0,158.0,161.0,-16.0
-58.0,322.0,181.0,256.0,,452.0,-119.0,190.0,-128.0,-12.0
-6.0,367.0,134.0,195.0,,366.0,-74.0,14.0,-113.0,36.0
34.0,764.0,104.0,184.0,,229.0,-104.0,7.0,-96.0,20.0
83.0,25.0,68.0,95.0,,373.0,-162.0,-60.0,-235.0,-22.0
125.0,-613.0,28.0,-123.0,,425.0,-294.0,-27.0,-203.0,76.0
122.0,-565.0,-21.0,-135.0,,492.0,-469.0,-44.0,-361.0,56.0
128.0,-722.0,-25.0,-80.0,,600.0,-629.0,-107.0,-133.0,-63.0
127.0,-682.0,-3.0,-110.0,,361.0,-741.0,-18.0,101.0,-220.0
173.0,-756.0,-12.0,-65.0,,217.0,-838.0,83.0,-50.0,-185.0
161.0,-659.0,18.0,57.0,,294.0,-901.0,315.0,69.0,-36.0
166.0,-551.0,70.0,169.0,,338.0,-893.0,482.0,469.0,-189.0
204.0,-792.0,48.0,165.0,,378.0,-892.0,668.0,462.0,-410.0
270.0,-316.0,58.0,99.0,,546.0,-875.0,604.0,35.0,-503.0
287.0,192.0,92.0,74.0,,507.0,-844.0,424.0,241.0,-512.0
279.0,-155.0,100.0,-31.0,,231.0,-796.0,369.0,365.0,-558.0
316.0,-546.0,171.0,-59.0,,302.0,-740.0,-11.0,-17.0,-541.0
296.0,343.0,174.0,6.0,,423.0,-689.0,-437.0,-312.0,-648.0
280.0,-9.0,91.0,55.0,,291.0,-710.0,-1062.0,-403.0,-938.0
208.0,-1000.0,10.0,87.0,,202.0,-747.0,-1581.0,-430.0,-833.0
170.0,104.0,-67.0,15.0,,374.0,-712.0,-1618.0,-350.0,-529.0
114.0,939.0,-63.0,-3.0,,670.0,-701.0,-1245.0,-165.0,-556.0
21.0,785.0,-56.0,-42.0,,601.0,-718.0,-515.0,-362.0,-630.0
-17.0,-65.0,-55.0,-43.0,,440.0,-768.0,-57.0,-399.0,-458.0
-39.0,-1280.0,3.0,48.0,,606.0,-767.0,413.0,-289.0,-301.0
-23.0,-1014.0,18.0,-55.0,,772.0,-703.0,798.0,-167.0,-241.0
-25.0,-905.0,59.0,-168.0,,563.0,-660.0,973.0,118.0,-40.0
-21.0,-1852.0,117.0,-93.0,,393.0,-662.0,1008.0,381.0,89.0
-29.0,-387.0,66.0,-58.0,,639.0,-649.0,801.0,354.0,-7.0
-50.0,-430.0,22.0,-107.0,,530.0,-550.0,705.0,513.0,135.0
-70.0,-1705.0,-16.0,-79.0,,270.0,-448.0,201.0,923.0,413.0
-42.0,-663.0,-82.0,-83.0,,516.0,-365.0,-341.0,493.0,440.0
4.0,-71.0,-112.0,-70.0,,634.0,-274.0,-663.0,233.0,350.0
46.0,157.0,-180.0,-63.0,,282.0,-133.0,-720.0,386.0,501.0
95.0,-426.0,-219.0,-233.0,,54.0,-31.0,-424.0,405.0,749.0
144.0,746.0,-201.0,-282.0,,322.0,-31.0,-471.0,266.0,616.0
188.0,1433.0,-275.0,-242.0,,623.0,-80.0,-569.0,101.0,490.0
188.0,585.0,-300.0,-231.0,,585.0,-172.0,-788.0,-47.0,635.0
195.0,854.0,-290.0,-99.0,,287.0,-268.0,-779.0,-200.0,736.0
183.0,328.0,-268.0,116.0,,235.0,-430.0,-430.0,237.0,648.0
153.0,576.0,-232.0,282.0,,394.0,-663.0,-168.0,274.0,475.0
118.0,-124.0,-219.0,283.0,,246.0,-898.0,92.0,143.0,451.0
55.0,-170.0,-93.0,245.0,,90.0,-1073.0,-31.0,168.0,423.0
3.0,661.0,-34.0,167.0,,184.0,-1152.0,-110.0,-29.0,399.0
-24.0,-192.0,-31.0,55.0,,341.0,-1207.0,-273.0,101.0,371.0
-58.0,-136.0,-25.0,-38.0,,333.0,-1220.0,-685.0,466.0,230.0
-98.0,140.0,-40.0,-145.0,,381.0,-1215.0,-910.0,667.0,175.0
-124.0,501.0,-47.0,-207.0,,488.0,-1213.0,-910.0,429.0,255.0
-141.0,-31.0,-30.0,-335.0,,463.0,-1182.0,-609.0,316.0,459.0
-177.0,-236.0,-21.0,-508.0,,536.0,-1126.0,-556.0,151.0,531.0
-228.0,121.0,-53.0,-584.0,,461.0,-943.0,-537.0,203.0,452.0
-204.0,-511.0,-34.0,-452.0,,383.0,-704.0,-450.0,268.0,461.0
-155.0,-242.0,-25.0,-227.0,,527.0,-468.0,-378.0,-201.0,582.0
-162.0,338.0,-16.0,-214.0,,467.0,-207.0,11.0,-260.0,703.0
-189.0,936.0,-29.0,-263.0,,328.0,-3.0,238.0,-257.0,736.0
-169.0,377.0,27.0,-259.0,,417.0,175.0,360.0,-127.0,699.0
-122.0,83.0,15.0,-215.0,,335.0,325.0,249.0,-150.0,595.0
-138.0,793.0,10.0,-89.0,,77.0,378.0,166.0,-285.0,557.0
-143.0,857.0,87.0,-41.0,,123.0,324.0,315.0,27.0,605.0
-81.0,181.0,19.0,-2.0,,141.0,217.0,166.0,4.0,606.0
-45.0,-85.0,44.0,37.0,,24.0,29.0,24.0,29.0,444.0
-72.0,432.0,42.0,102.0,,83.0,-244.0,-375.0,205.0,447.0
-115.0,-494.0,52.0,194.0,,150.0,-486.0,-737.0,192.0,541.0
-96.0,73.0,112.0,128.0,,123.0,-682.0,-933.0,349.0,401.0
-79.0,84.0,137.0,62.0,,207.0,-844.0,-1064.0,569.0,440.0
-154.0,-1779.0,190.0,-67.0,,134.0,-933.0,-707.0,733.0,576.0
-201.0,-1025.0,126.0,-193.0,,-179.0,-950.0,-539.0,782.0,579.0
-184.0,248.0,118.0,-85.0,,-116.0,-943.0,-537.0,420.0,506.0
-162.0,-461.0,133.0,25.0,,-210.0,-900.0,-620.0,303.0,541.0
-195.0,-1533.0,100.0,127.0,,-503.0,-822.0,-498.0,533.0,604.0
-215.0,-260.0,157.0,266.0,,-238.0,-722.0,-79.0,530.0,545.0
-146.0,887.0,144.0,370.0,,46.0,-611.0,27.0,403.0,594.0
-108.0,75.0,80.0,432.0,,-55.0,-527.0,7.0,403.0,530.0
-109.0,-354.0,119.0,306.0,,-194.0,-451.0,-254.0,533.0,350.0
-89.0,-410.0,124.0,62.0,,-63.0,-344.0,-458.0,304.0,231.0
-48.0,31.0,90.0,-130.0,,-63.0,-176.0,-727.0,310.0,259.0
-55.0,1330.0,74.0,-245.0,,-263.0,-29.0,-997.0,253.0,295.0
-51.0,1581.0,82.0,-321.0,,-327.0,12.0,-914.0,-87.0,179.0
-8.0,1485.0,54.0,-442.0,,-287.0,38.0,-864.0,-12.0,82.0
-3.0,870.0,0.0,-492.0,,39.0,81.0,-609.0,-81.0,43.0
1.0,427.0,-8.0,-456.0,,170.0,95.0,-567.0,-117.0,258.0
7.0,1863.0,-29.0,-400.0,,-33.0,87.0,-637.0,0.0,446.0
22.0,1325.0,-11.0,-316.0,,129.0,38.0,-578.0,-98.0,471.0
14.0,-169.0,-24.0,-226.0,,277.0,-29.0,-493.0,-289.0,523.0
-25.0,-62.0,14.0,-153.0,,2.0,-92.0,-134.0,-301.0,551.0
-44.0,1029.0,39.0,-188.0,,2.0,-102.0,-60.0,-241.0,653.0
-48.0,584.0,54.0,-285.0,,319.0,-70.0,-238.0,-560.0,810.0
-70.0,-994.0,102.0,-306.0,,92.0,-47.0,-641.0,-677.0,913.0
-106.0,-165.0,71.0,-164.0,,-192.0,-15.0,-992.0,-265.0,726.0
-106.0,94.0,125.0,-19.0,,156.0,6.0,-1108.0,-573.0,538.0
-99.0,-460.0,135.0,-57.0,,294.0,62.0,-1346.0,-474.0,617.0
-113.0,-61.0,147.0,-136.0,,51.0,115.0,-1317.0,333.0,633.0
-115.0,-262.0,142.0,-178.0,,4.0,93.0,-1228.0,-223.0,471.0
-119.0,-1133.0,104.0,-225.0,,235.0,-9.0,-1008.0,-42.0,273.0
-154.0,-1002.0,116.0,-231.0,,384.0,-149.0,-801.0,534.0,362.0
-177.0,-44.0,174.0,-131.0,,260.0,-232.0,-681.0,166.0,453.0
-210.0,2.0,279.0,-78.0,,378.0,-301.0,-245.0,593.0,372.0
-258.0,-543.0,245.0,-94.0,,737.0,-346.0,-40.0,683.0,418.0
-291.0,-1751.0,250.0,-79.0,,772.0,-321.0,103.0,847.0,478.0
-300.0,-1276.0,244.0,-17.0,,354.0,-277.0,212.0,1119.0,551.0
-290.0,9.0,227.0,140.0,,220.0,-239.0,171.0,735.0,563.0
-306.0,-1221.0,265.0,160.0,,527.0,-211.0,-51.0,1032.0,503.0
-312.0,-1217.0,251.0,89.0,,505.0,-188.0,-506.0,656.0,460.0
-300.0,-159.0,286.0,183.0,,523.0,-118.0,-729.0,-141.0,454.0
-286.0,287.0,297.0,315.0,,851.0,7.0,-921.0,140.0,466.0
-292.0,664.0,258.0,409.0,,986.0,129.0,-901.0,115.0,425.0
-296.0,408.0,211.0,477.0,,922.0,193.0,-681.0,-142.0,424.0
-266.0,402.0,227.0,563.0,,987.0,219.0,-400.0,-253.0,371.0
-228.0,396.0,219.0,573.0,,1008.0,225.0,-92.0,-241.0,498.0
-182.0,596.0,188.0,404.0,,785.0,196.0,-25.0,99.0,761.0
-141.0,905.0,188.0,261.0,,714.0,159.0,230.0,32.0,815.0
-89.0,1035.0,148.0,168.0,,608.0,152.0,325.0,229.0,852.0
-47.0,569.0,122.0,183.0,,602.0,176.0,288.0,-62.0,907.0
-33.0,6.0,122.0,194.0,,726.0,167.0,203.0,-548.0,1002.0
-25.0,-247.0,111.0,73.0,,521.0,115.0,-194.0,-67.0,1041.0
-4.0,-879.0,64.0,92.0,,467.0,63.0,-339.0,-156.0,1081.0
35.0,-726.0,68.0,36.0,,576.0,23.0,-485.0,44.0,1020.0
63.0,-811.0,63.0,-72.0,,558.0,15.0,-528.0,-38.0,721.0
45.0,-947.0,43.0,-96.0,,619.0,16.0,-491.0,-399.0,684.0
-9.0,-465.0,35.0,-223.0,,766.0,42.0,-482.0,-72.0,785.0
-78.0,-1525.0,50.0,-276.0,,624.0,59.0,-375.0,-27.0,654.0
-162.0,-1464.0,99.0,-317.0,,508.0,4.0,-439.0,179.0,474.0
-264.0,29.0,89.0,-464.0,,874.0,-78.0,-343.0,-121.0,549.0
-356.0,-508.0,116.0,-674.0,,727.0,-162.0,-295.0,-421.0,643.0
-409.0,-917.0,139.0,-825.0,,184.0,-186.0,-245.0,-146.0,527.0
-437.0,-185.0,150.0,-743.0,,164.0,-191.0,-284.0,-29.0,582.0
-449.0,326.0,165.0,-590.0,,189.0,-219.0,-325.0,-153.0,732.0
-450.0,50.0,104.0,-523.0,,129.0,-219.0,1.0,-639.0,732.0
-432.0,-49.0,50.0,-556.0,,72.0,-236.0,94.0,-570.0,730.0
-395.0,617.0,61.0,-553.0,,45.0,-291.0,121.0,-67.0,686.0
-364.0,1027.0,84.0,-412.0,,171.0,-310.0,-133.0,7.0,541.0
-331.0,1218.0,82.0,-198.0,,181.0,-250.0,-506.0,417.0,517.0
-273.0,765.0,113.0,-34.0,,57.0,-145.0,-650.0,240.0,656.0
-214.0,1155.0,119.0,3.0,,-54.0,-56.0,-766.0,45.0,545.0
-177.0,1298.0,117.0,89.0,,203.0,3.0,-485.0,772.0,222.0
-137.0,513.0,127.0,346.0,,345.0,-9.0,-380.0,323.0,227.0
-108.0,1487.0,80.0,569.0,,56.0,-105.0,-526.0,371.0,376.0
-105.0,1569.0,78.0,572.0,,87.0,-211.0,-635.0,543.0,347.0
-144.0,897.0,91.0,505.0,,68.0,-292.0,-506.0,-107.0,229.0
-165.0,850.0,28.0,409.0,,-125.0,-352.0,42.0,171.0,166.0
-174.0,93.0,5.0,193.0,,-214.0,-384.0,437.0,271.0,157.0
-218.0,-84.0,16.0,6.0,,-156.0,-367.0,707.0,168.0,167.0
-258.0,-663.0,-44.0,-54.0,,-56.0,-317.0,532.0,13.0,366.0
-283.0,-1258.0,-83.0,-84.0,,-70.0,-264.0,27.0,-135.0,370.0
-305.0,-148.0,-73.0,-160.0,,133.0,-244.0,-384.0,92.0,186.0
-364.0,-7.0,-109.0,-264.0,,85.0,-238.0,-633.0,115.0,221.0
-397.0,-1216.0,-120.0,-433.0,,-83.0,-194.0,-532.0,-214.0,299.0
-395.0,-16.0,-131.0,-615.0,,-93.0,-126.0,-635.0,-447.0,325.0
-392.0,585.0,-137.0,-744.0,,-54.0,-83.0,-606.0,-302.0,239.0
-380.0,-1949.0,-123.0,-796.0,,83.0,-96.0,-402.0,-377.0,181.0
-372.0,-1049.0,-150.0,-629.0,,-53.0,-143.0,-221.0,-195.0,122.0
-368.0,681.0,-164.0,-494.0,,-45.0,-162.0,118.0,17.0,145.0
-395.0,-114.0,-174.0,-361.0,,47.0,-215.0,275.0,-374.0,281.0
-409.0,-103.0,-182.0,-124.0,,-70.0,-337.0,639.0,-395.0,250.0
-400.0,14.0,-184.0,72.0,,-106.0,-401.0,801.0,-384.0,187.0
-398.0,246.0,-189.0,366.0,,-52.0,-444.0,685.0,-9.0,225.0
-377.0,-389.0,-147.0,442.0,,-19.0,-507.0,526.0,354.0,494.0
-338.0,-1180.0,-107.0,205.0,,-93.0,-532.0,157.0,-253.0,585.0
-309.0,-1547.0,-128.0,-4.0,,-96.0,-559.0,-97.0,-145.0,435.0
-297.0,-560.0,-156.0,-93.0,,-219.0,-587.0,-478.0,335.0,474.0
-319.0,806.0,-135.0,-146.0,,-356.0,-586.0,-633.0,373.0,559.0
-344.0,-86.0,-90.0,-335.0,,-180.0,-539.0,-657.0,102.0,523.0
-384.0,-264.0,-82.0,-454.0,,-54.0,-491.0,-764.0,-303.0,254.0
-448.0,-221.0,-79.0,-405.0,,-149.0,-484.0,-763.0,-86.0,9.0
-494.0,245.0,-50.0,-335.0,,-278.0,-380.0,-757.0,197.0,33.0
-530.0,826.0,-22.0,-160.0,,-220.0,-208.0,-491.0,239.0,84.0
-527.0,518.0,0.0,38.0,,-70.0,-99.0,-363.0,303.0,-71.0
-516.0,379.0,-38.0,214.0,,10.0,10.0,-127.0,255.0,-259.0
-494.0,353.0,-32.0,394.0,,-177.0,117.0,192.0,193.0,-254.0
-469.0,692.0,5.0,459.0,,-477.0,116.0,192.0,148.0,-146.0
-443.0,-23.0,-38.0,326.0,,-382.0,57.0,280.0,179.0,11.0
-415.0,-786.0,-10.0,192.0,,-345.0,1.0,253.0,169.0,111.0
-414.0,-768.0,65.0,106.0,,-397.0,-75.0,279.0,-275.0,-5.0
-367.0,-70.0,147.0,-15.0,,-214.0,-119.0,205.0,-380.0,37.0
-290.0,191.0,211.0,-219.0,,-116.0,-188.0,-9.0,-110.0,332.0
-186.0,-805.0,222.0,-609.0,,-231.0,-298.0,-177.0,-5.0,426.0
-98.0,-752.0,260.0,-793.0,,-376.0,-349.0,-465.0,193.0,366.0
-26.0,526.0,263.0,-840.0,,-326.0,-368.0,-563.0,-166.0,386.0
65.0,754.0,153.0,-873.0,,-412.0,-397.0,-668.0,-315.0,463.0
94.0,179.0,74.0,-705.0,,-646.0,-426.0,-485.0,194.0,504.0
97.0,600.0,67.0,-510.0,,-614.0,-381.0,-242.0,-71.0,575.0
110.0,1183.0,-1.0,-298.0,,-469.0,-316.0,-258.0,-279.0,593.0
160.0,897.0,-76.0,-107.0,,-483.0,-273.0,-110.0,-222.0,504.0
201.0,-486.0,-120.0,26.0,,-533.0,-207.0,55.0,-450.0,471.0
201.0,-326.0,-60.0,-49.0,,-502.0,-122.0,358.0,0.0,477.0
254.0,218.0,-30.0,-205.0,,-317.0,-40.0,363.0,-134.0,404.0
320.0,-504.0,-56.0,-148.0,,-205.0,43.0,218.0,-258.0,257.0
330.0,-449.0,-14.0,-62.0,,-408.0,134.0,64.0,161.0,211.0
301.0,-1043.0,3.0,-57.0,,-261.0,123.0,-282.0,-183.0,170.0
280.0,-1077.0,0.0,-166.0,,-147.0,21.0,-345.0,93.0,-4.0
272.0,-1249.0,-79.0,-287.0,,-426.0,-80.0,-434.0,20.0,-144.0
236.0,-1887.0,-99.0,-183.0,,-489.0,-184.0,-312.0,-429.0,-180.0
144.0,-1165.0,-102.0,60.0,,-432.0,-307.0,-164.0,-336.0,-214.0
76.0,-494.0,-167.0,256.0,,-331.0,-404.0,-118.0,-742.0,-290.0
55.0,240.0,-213.0,254.0,,-459.0,-483.0,162.0,-756.0,-402.0
-12.0,981.0,-216.0,97.0,,-578.0,-545.0,197.0,-477.0,-579.0
-86.0,319.0,-182.0,17.0,,-507.0,-482.0,221.0,-767.0,-624.0
-88.0,-432.0,-224.0,89.0,,-476.0,-345.0,218.0,-833.0,-561.0
-62.0,532.0,-217.0,155.0,,-452.0,-148.0,267.0,-701.0,-682.0
-64.0,807.0,-162.0,50.0,,-499.0,62.0,266.0,-655.0,-757.0
-53.0,278.0,-126.0,-38.0,,-361.0,167.0,158.0,-196.0,-800.0
17.0,174.0,-115.0,-79.0,,-353.0,204.0,369.0,-402.0,-892.0
64.0,897.0,-115.0,-95.0,,-371.0,171.0,471.0,-688.0,-789.0
41.0,282.0,-61.0,3.0,,-116.0,129.0,559.0,-335.0,-662.0
30.0,-494.0,-33.0,72.0,,109.0,126.0,423.0,-453.0,-761.0
38.0,888.0,-55.0,136.0,,64.0,103.0,99.0,-252.0,-868.0
45.0,-149.0,-125.0,331.0,,-160.0,71.0,51.0,-237.0,-598.0
0.0,-120.0,-135.0,432.0,,-122.0,78.0,7.0,-475.0,-415.0
-27.0,933.0,-90.0,397.0,,-191.0,107.0,96.0,-484.0,-535.0
-4.0,675.0,-128.0,357.0,,-280.0,124.0,131.0,-614.0,-480.0
-41.0,729.0,-54.0,181.0,,-280.0,179.0,121.0,-46.0,-389.0
-112.0,-431.0,-14.0,69.0,,-353.0,280.0,116.0,-96.0,-395.0
-192.0,-317.0,-46.0,-86.0,,-267.0,360.0,57.0,-367.0,-275.0
-190.0,629.0,-29.0,-291.0,,-413.0,376.0,238.0,24.0,-198.0
-163.0,473.0,-95.0,-407.0,,-517.0,341.0,402.0,-52.0,-407.0
-162.0,-131.0,-83.0,-524.0,,-235.0,269.0,526.0,136.0,-418.0
-141.0,-215.0,-131.0,-505.0,,-75.0,123.0,410.0,282.0,-276.0
-118.0,634.0,-221.0,-499.0,,-361.0,-66.0,158.0,102.0,-434.0
-89.0,1138.0,-229.0,-295.0,,-517.0,-239.0,-99.0,89.0,-655.0
-85.0,-326.0,-218.0,7.0,,-234.0,-343.0,-537.0,310.0,-616.0
-63.0,-493.0,-270.0,134.0,,-253.0,-349.0,-593.0,504.0,-547.0
-37.0,514.0,-316.0,271.0,,-360.0,-319.0,-598.0,365.0,-630.0
-2.0,425.0,-285.0,360.0,,-519.0,-249.0,-495.0,27.0,-576.0
12.0,648.0,-295.0,435.0,,-722.0,-155.0,-227.0,31.0,-654.0
30.0,173.0,-263.0,432.0,,-471.0,-91.0,-5.0,504.0,-643.0
93.0,353.0,-259.0,307.0,,-270.0,-51.0,421.0,253.0,-370.0
134.0,-372.0,-179.0,266.0,,-398.0,-22.0,519.0,40.0,-242.0
157.0,167.0,-73.0,292.0,,-807.0,8.0,521.0,222.0,-344.0
168.0,814.0,-13.0,184.0,,-969.0,60.0,447.0,-32.0,-388.0
185.0,-725.0,54.0,-62.0,,-759.0,123.0,447.0,-57.0,-201.0
193.0,71.0,132.0,-200.0,,-399.0,132.0,580.0,163.0,-116.0
199.0,-132.0,195.0,-261.0,,3.0,115.0,271.0,-70.0,-36.0
214.0,-512.0,100.0,-404.0,,-377.0,81.0,5.0,-405.0,-120.0
236.0,-277.0,71.0,-446.0,,-605.0,43.0,-280.0,-306.0,-161.0
245.0,-698.0,85.0,-366.0,,-208.0,-1.0,-539.0,-177.0,-47.0
235.0,-878.0,63.0,-143.0,,-152.0,0.0,-726.0,-181.0,12.0
222.0,-323.0,-22.0,100.0,,35.0,168.0,-770.0,-368.0,-3.0
189.0,235.0,-151.0,208.0,,-169.0,334.0,-400.0,-526.0,-145.0
135.0,-407.0,-217.0,197.0,,-655.0,469.0,-120.0,-471.0,-134.0
79.0,-268.0,-343.0,16.0,,-618.0,557.0,321.0,-404.0,-227.0
69.0,-354.0,-445.0,-198.0,,-466.0,581.0,807.0,-380.0,-298.0
67.0,-130.0,-470.0,-433.0,,-237.0,580.0,1202.0,-357.0,-233.0
39.0,146.0,-474.0,-542.0,,-300.0,475.0,1337.0,-341.0,-258.0
-2.0,279.0,-440.0,-522.0,,-626.0,328.0,968.0,-142.0,-496.0
-9.0,431.0,-395.0,-569.0,,-1081.0,166.0,750.0,23.0,-666.0
-11.0,95.0,-306.0,-701.0,,-883.0,14.0,432.0,-155.0,-634.0
-48.0,150.0,-175.0,-696.0,,-75.0,-141.0,123.0,127.0,-766.0
-47.0,495.0,-123.0,-441.0,,19.0,-289.0,-107.0,-26.0,-906.0
-13.0,223.0,-69.0,-228.0,,-331.0,-358.0,-323.0,-381.0,-819.0
26.0,-735.0,-6.0,-144.0,,-708.0,-375.0,-354.0,56.0,-776.0
46.0,451.0,38.0,-83.0,,-652.0,-355.0,-515.0,147.0,-1112.0
80.0,991.0,83.0,51.0,,-294.0,-297.0,-397.0,84.0,-1143.0
122.0,646.0,71.0,320.0,,-224.0,-209.0,-280.0,-301.0,-935.0
122.0,487.0,59.0,533.0,,-513.0,-117.0,-230.0,-218.0,-949.0
88.0,382.0,52.0,540.0,,-816.0,-37.0,-157.0,12.0,-1014.0
49.0,953.0,2.0,567.0,,-424.0,63.0,-168.0,-452.0,-1171.0
39.0,850.0,-65.0,547.0,,-29.0,183.0,40.0,-211.0,-1157.0
23.0,994.0,-55.0,427.0,,-207.0,279.0,133.0,-233.0,-965.0
5.0,-289.0,-21.0,252.0,,-315.0,361.0,339.0,-498.0,-740.0
-24.0,245.0,-49.0,9.0,,-474.0,406.0,376.0,-275.0,-771.0
-7.0,779.0,-41.0,-190.0,,-387.0,403.0,436.0,-245.0,-924.0
54.0,-820.0,-15.0,-349.0,,112.0,388.0,761.0,-171.0,-845.0
96.0,-118.0,-25.0,-339.0,,-110.0,369.0,870.0,-37.0,-562.0
121.0,387.0,-63.0,-321.0,,-588.0,363.0,1182.0,-81.0,-355.0
142.0,337.0,-64.0,-318.0,,-605.0,341.0,1069.0,63.0,-538.0
208.0,-111.0,-10.0,-221.0,,-454.0,280.0,770.0,287.0,-578.0
218.0,218.0,-25.0,-69.0,,-205.0,204.0,665.0,215.0,-347.0
208.0,445.0,-100.0,124.0,,-89.0,157.0,330.0,-17.0,-223.0
249.0,-284.0,-124.0,230.0,,-20.0,146.0,53.0,-69.0,-236.0
307.0,208.0,-9.0,294.0,,-31.0,160.0,-323.0,58.0,-232.0
334.0,-289.0,65.0,259.0,,56.0,222.0,-495.0,-30.0,-153.0
334.0,-838.0,58.0,231.0,,425.0,361.0,-639.0,32.0,-185.0
414.0,-951.0,125.0,194.0,,656.0,484.0,-752.0,115.0,-68.0
496.0,-1182.0,180.0,172.0,,453.0,479.0,-609.0,168.0,78.0
526.0,-1316.0,205.0,244.0,,-292.0,463.0,-334.0,357.0,-54.0
545.0,-958.0,206.0,208.0,,-719.0,461.0,284.0,317.0,-81.0
565.0,-455.0,225.0,283.0,,-35.0,444.0,718.0,115.0,-8.0
526.0,-579.0,190.0,363.0,,803.0,442.0,992.0,-72.0,24.0
433.0,226.0,140.0,294.0,,241.0,417.0,1012.0,-80.0,-94.0
386.0,359.0,128.0,179.0,,-979.0,403.0,809.0,-65.0,-267.0
360.0,558.0,134.0,-62.0,,-641.0,419.0,578.0,-35.0,-238.0
342.0,532.0,144.0,-187.0,,1028.0,448.0,219.0,-82.0,-299.0
306.0,402.0,46.0,-175.0,,1537.0,475.0,181.0,-49.0,-439.0
287.0,1250.0,-64.0,-200.0,,119.0,492.0,-20.0,-18.0,-510.0
294.0,522.0,-127.0,-173.0,,-619.0,491.0,-181.0,115.0,-460.0
261.0,518.0,-145.0,-107.0,,344.0,514.0,-275.0,402.0,-418.0
215.0,372.0,-182.0,-61.0,,875.0,512.0,-445.0,155.0,-565.0
176.0,-313.0,-189.0,49.0,,-25.0,472.0,-223.0,141.0,-581.0
175.0,-215.0,-177.0,158.0,,-1039.0,465.0,-57.0,172.0,-498.0
186.0,-616.0,-203.0,198.0,,-717.0,425.0,367.0,127.0,-544.0
168.0,-182.0,-214.0,239.0,,299.0,405.0,752.0,275.0,-516.0
140.0,-96.0,-215.0,238.0,,579.0,417.0,861.0,-141.0,-407.0
143.0,-78.0,-199.0,195.0,,77.0,423.0,947.0,-76.0,-450.0
151.0,-190.0,-205.0,106.0,,-513.0,386.0,764.0,170.0,-569.0
137.0,-583.0,-224.0,51.0,,-573.0,319.0,631.0,179.0,-578.0
106.0,-95.0,-215.0,117.0,,217.0,323.0,290.0,502.0,-564.0
70.0,-460.0,-160.0,166.0,,613.0,322.0,-68.0,302.0,-680.0
53.0,-543.0,-137.0,167.0,,126.0,330.0,-277.0,167.0,-663.0
27.0,-43.0,-120.0,257.0,,-284.0,308.0,-454.0,120.0,-579.0
22.0,172.0,-97.0,329.0,,-457.0,243.0,-421.0,-104.0,-614.0
35.0,-468.0,-27.0,147.0,,73.0,225.0,-443.0,121.0,-535.0
72.0,-897.0,73.0,32.0,,523.0,264.0,-251.0,270.0,-485.0
83.0,-303.0,129.0,80.0,,228.0,365.0,29.0,-5.0,-377.0
81.0,-978.0,187.0,121.0,,-102.0,499.0,352.0,-21.0,-216.0
132.0,-779.0,250.0,133.0,,-271.0,642.0,683.0,419.0,-103.0
177.0,-15.0,278.0,-24.0,,-118.0,798.0,752.0,376.0,-109.0
256.0,-146.0,250.0,-111.0,,9.0,943.0,897.0,233.0,-240.0
350.0,15.0,216.0,-13.0,,460.0,978.0,785.0,62.0,-48.0
436.0,240.0,177.0,54.0,,864.0,965.0,569.0,-115.0,172.0
502.0,629.0,151.0,-61.0,,373.0,955.0,190.0,171.0,57.0
506.0,-8.0,99.0,-183.0,,-473.0,930.0,-428.0,18.0,-132.0
491.0,125.0,85.0,-185.0,,-184.0,888.0,-696.0,-147.0,-51.0
490.0,1096.0,91.0,-152.0,,1125.0,756.0,-785.0,-117.0,90.0
458.0,181.0,0.0,4.0,,795.0,589.0,-561.0,-234.0,104.0
393.0,-312.0,-57.0,97.0,,-200.0,427.0,-395.0,-328.0,104.0
370.0,416.0,-19.0,-59.0,,-133.0,311.0,-334.0,-223.0,-69.0
377.0,270.0,-58.0,-166.0,,707.0,257.0,-218.0,-152.0,-173.0
350.0,-203.0,-115.0,-171.0,,1245.0,240.0,-339.0,-584.0,16.0
311.0,121.0,-106.0,-226.0,,529.0,295.0,-243.0,-534.0,267.0
310.0,850.0,-166.0,-285.0,,43.0,416.0,-195.0,-225.0,190.0
290.0,1324.0,-175.0,-327.0,,343.0,546.0,-20.0,-300.0,0.0
233.0,767.0,-216.0,-304.0,,856.0,623.0,214.0,-75.0,-4.0
181.0,314.0,-277.0,-244.0,,380.0,695.0,280.0,-7.0,171.0
179.0,831.0,-309.0,-256.0,,-540.0,779.0,606.0,-39.0,348.0
190.0,1202.0,-389.0,-239.0,,-145.0,758.0,920.0,302.0,263.0
160.0,935.0,-422.0,-85.0,,1106.0,645.0,1263.0,323.0,120.0
147.0,645.0,-403.0,-18.0,,1283.0,516.0,1204.0,303.0,93.0
157.0,1230.0,-333.0,-10.0,,97.0,406.0,964.0,383.0,183.0
176.0,1413.0,-291.0,68.0,,-274.0,345.0,650.0,103.0,125.0
181.0,1085.0,-223.0,95.0,,142.0,263.0,29.0,41.0,82.0
181.0,807.0,-159.0,41.0,,315.0,219.0,-448.0,444.0,92.0
187.0,330.0,-95.0,48.0,,-179.0,269.0,-946.0,630.0,44.0
192.0,488.0,-9.0,128.0,,-423.0,342.0,-1117.0,276.0,169.0
188.0,197.0,20.0,100.0,,-73.0,464.0,-1308.0,99.0,228.0
193.0,-676.0,49.0,-25.0,,-220.0,583.0,-1396.0,267.0,83.0
218.0,-1231.0,69.0,-60.0,,-239.0,677.0,-1006.0,447.0,-27.0
226.0,-1908.0,60.0,-14.0,,79.0,746.0,-550.0,611.0,-9.0
260.0,-1812.0,45.0,-38.0,,72.0,707.0,188.0,425.0,-108.0
317.0,-1535.0,48.0,35.0,,-481.0,640.0,694.0,436.0,-222.0
366.0,-1768.0,74.0,25.0,,-582.0,593.0,796.0,492.0,-265.0
415.0,-1425.0,93.0,-149.0,,12.0,495.0,533.0,421.0,-302.0
428.0,-1231.0,48.0,-218.0,,236.0,413.0,27.0,727.0,-362.0
461.0,-628.0,8.0,-199.0,,100.0,381.0,-155.0,398.0,-362.0
491.0,-102.0,3.0,-286.0,,78.0,367.0,-114.0,208.0,-251.0
463.0,-12.0,11.0,-377.0,,-26.0,416.0,147.0,402.0,-252.0
450.0,743.0,-1.0,-213.0,,35.0,455.0,158.0,231.0,-182.0
432.0,622.0,20.0,-34.0,,584.0,447.0,59.0,137.0,-11.0
411.0,690.0,25.0,5.0,,437.0,419.0,62.0,-112.0,154.0
356.0,1121.0,-13.0,83.0,,-348.0,353.0,-173.0,-278.0,183.0
299.0,862.0,-27.0,265.0,,-441.0,307.0,-201.0,-577.0,138.0
256.0,736.0,-77.0,412.0,,-93.0,265.0,-240.0,-531.0,203.0
199.0,632.0,-71.0,461.0,,117.0,228.0,-267.0,-192.0,320.0
159.0,702.0,-73.0,387.0,,469.0,244.0,-391.0,-385.0,419.0
107.0,1012.0,-59.0,245.0,,765.0,293.0,-467.0,-515.0,295.0
87.0,1057.0,46.0,144.0,,216.0,360.0,-79.0,-167.0,238.0
44.0,269.0,79.0,10.0,,-503.0,426.0,153.0,232.0,352.0
32.0,-82.0,58.0,-290.0,,-26.0,464.0,384.0,-1.0,330.0
54.0,101.0,93.0,-438.0,,643.0,433.0,301.0,-169.0,381.0
90.0,-147.0,88.0,-318.0,,233.0,372.0,46.0,-63.0,565.0
140.0,-343.0,95.0,-252.0,,-596.0,339.0,-96.0,75.0,539.0
131.0,-565.0,146.0,-275.0,,-509.0,335.0,-460.0,100.0,560.0
158.0,-756.0,143.0,-194.0,,-83.0,328.0,-554.0,-59.0,830.0
178.0,-955.0,155.0,-35.0,,-153.0,271.0,-770.0,26.0,853.0
202.0,-925.0,104.0,113.0,,267.0,167.0,-988.0,-114.0,811.0
205.0,-1054.0,2.0,399.0,,511.0,104.0,-1086.0,-155.0,984.0
230.0,-1333.0,-48.0,503.0,,235.0,140.0,-933.0,129.0,968.0
293.0,-1143.0,-61.0,468.0,,-46.0,189.0,-323.0,175.0,677.0
315.0,-1206.0,19.0,552.0,,-54.0,334.0,59.0,-110.0,745.0
328.0,-1582.0,107.0,705.0,,-314.0,520.0,443.0,-234.0,985.0
312.0,-1927.0,141.0,656.0,,-779.0,582.0,533.0,-197.0,859.0
297.0,-1525.0,187.0,394.0,,-177.0,552.0,363.0,-343.0,692.0
241.0,-779.0,232.0,314.0,,425.0,344.0,92.0,-199.0,651.0
194.0,-815.0,244.0,269.0,,473.0,108.0,-306.0,-327.0,718.0
158.0,-659.0,228.0,314.0,,128.0,17.0,-404.0,-532.0,630.0
117.0,93.0,247.0,449.0,,-45.0,-42.0,-620.0,-330.0,591.0
91.0,546.0,217.0,353.0,,383.0,-107.0,-692.0,-368.0,631.0
76.0,591.0,215.0,151.0,,383.0,-157.0,-670.0,-95.0,455.0
72.0,471.0,261.0,96.0,,-83.0,-182.0,-615.0,91.0,450.0
64.0,760.0,265.0,-183.0,,30.0,-146.0,-371.0,-32.0,630.0
61.0,1154.0,250.0,-603.0,,603.0,-76.0,-260.0,127.0,651.0
37.0,664.0,178.0,-769.0,,423.0,-58.0,-51.0,29.0,536.0
42.0,813.0,151.0,-583.0,,-32.0,-67.0,-75.0,-20.0,562.0
70.0,1583.0,136.0,-220.0,,355.0,-104.0,-199.0,153.0,580.0
124.0,1683.0,129.0,-200.0,,1142.0,-179.0,-375.0,127.0,684.0
136.0,1918.0,133.0,-141.0,,858.0,-272.0,-589.0,-49.0,784.0
146.0,2568.0,167.0,-62.0,,-47.0,-390.0,-423.0,-4.0,550.0
173.0,2927.0,200.0,-104.0,,-87.0,-408.0,-319.0,139.0,466.0
171.0,2511.0,220.0,-96.0,,511.0,-292.0,-125.0,-17.0,630.0
182.0,2416.0,249.0,-310.0,,619.0,-193.0,29.0,-165.0,634.0
164.0,2466.0,216.0,-378.0,,133.0,-130.0,92.0,-330.0,563.0
149.0,1838.0,239.0,-223.0,,208.0,-73.0,120.0,-145.0,645.0
117.0,804.0,198.0,-96.0,,783.0,-12.0,-142.0,379.0,656.0
131.0,0.0,108.0,-89.0,,481.0,95.0,-303.0,273.0,555.0
160.0,-602.0,82.0,-207.0,,-454.0,120.0,-567.0,272.0,617.0
163.0,-1117.0,62.0,-141.0,,-239.0,54.0,-807.0,871.0,721.0
171.0,-1513.0,57.0,-4.0,,268.0,52.0,-846.0,704.0,621.0
180.0,-2448.0,13.0,-55.0,,-254.0,73.0,-825.0,699.0,539.0
205.0,-2654.0,13.0,-224.0,,-728.0,65.0,-752.0,829.0,635.0
204.0,-3702.0,23.0,-304.0,,-219.0,-15.0,-864.0,89.0,638.0
206.0,-4200.0,-4.0,-213.0,,567.0,-142.0,-755.0,318.0,637.0
236.0,-3073.0,17.0,25.0,,175.0,-200.0,-452.0,273.0,820.0
283.0,-3247.0,44.0,215.0,,-369.0,-204.0,14.0,-27.0,822.0
288.0,-2641.0,55.0,194.0,,164.0,-223.0,471.0,12.0,813.0
264.0,-1919.0,19.0,182.0,,496.0,-197.0,563.0,-638.0,933.0
238.0,-1184.0,-18.0,346.0,,-261.0,-152.0,473.0,-503.0,901.0
226.0,-517.0,-23.0,671.0,,-914.0,-165.0,-42.0,-481.0,878.0
182.0,160.0,-33.0,756.0,,-289.0,-174.0,-397.0,-688.0,918.0
123.0,1157.0,-36.0,536.0,,454.0,-185.0,-582.0,-812.0,843.0
92.0,1345.0,-67.0,280.0,,336.0,-179.0,-709.0,-973.0,613.0
50.0,2371.0,-36.0,122.0,,-124.0,-162.0,-583.0,-652.0,537.0
5.0,2418.0,-9.0,62.0,,-191.0,-148.0,-567.0,-441.0,541.0
-47.0,2415.0,-11.0,-349.0,,459.0,-171.0,-362.0,-353.0,357.0
-46.0,2780.0,38.0,-663.0,,742.0,-236.0,-384.0,-485.0,240.0
-56.0,2583.0,46.0,-511.0,,-199.0,-261.0,-445.0,-427.0,402.0
-96.0,2639.0,0.0,-394.0,,-899.0,-344.0,-290.0,-207.0,505.0
-162.0,2108.0,-4.0,-345.0,,33.0,-415.0,-162.0,115.0,451.0
-190.0,962.0,30.0,-283.0,,744.0,-411.0,101.0,214.0,551.0
-176.0,-631.0,17.0,-103.0,,81.0,-384.0,29.0,282.0,699.0
-226.0,-655.0,23.0,151.0,,219.0,-297.0,-75.0,340.0,797.0
-243.0,-1120.0,41.0,362.0,,940.0,-227.0,-236.0,339.0,905.0
-249.0,-2135.0,83.0,373.0,,332.0,-154.0,-474.0,470.0,847.0
-236.0,-1689.0,107.0,110.0,,-313.0,-109.0,-654.0,45.0,651.0
-259.0,-1626.0,76.0,-61.0,,313.0,-154.0,-999.0,25.0,744.0
-292.0,-1447.0,111.0,6.0,,333.0,-179.0,-1034.0,-120.0,832.0
-302.0,-1129.0,106.0,93.0,,-917.0,-151.0,-1069.0,107.0,674.0
-355.0,-866.0,105.0,44.0,,-726.0,-101.0,-1031.0,363.0,460.0
-380.0,-679.0,102.0,-99.0,,713.0,-88.0,-897.0,-148.0,270.0
-421.0,-25.0,147.0,-252.0,,418.0,-111.0,-783.0,-239.0,264.0
-476.0,678.0,250.0,-257.0,,-653.0,-94.0,-362.0,-334.0,371.0
-491.0,585.0,287.0,-221.0,,122.0,-60.0,-62.0,-104.0,347.0
-465.0,316.0,355.0,-375.0,,821.0,-69.0,290.0,-43.0,-25.0
-415.0,-309.0,375.0,-532.0,,-439.0,-118.0,508.0,47.0,-162.0
-374.0,-462.0,397.0,-543.0,,-820.0,-172.0,596.0,-267.0,23.0
-319.0,-121.0,443.0,-365.0,,169.0,-215.0,724.0,-277.0,66.0
-250.0,26.0,439.0,-190.0,,18.0,-291.0,631.0,330.0,5.0
-232.0,-376.0,466.0,-243.0,,-851.0,-394.0,790.0,361.0,-74.0
-244.0,-216.0,450.0,-261.0,,-202.0,-457.0,822.0,556.0,-20.0
-241.0,600.0,397.0,-100.0,,739.0,-548.0,578.0,139.0,92.0
-231.0,390.0,374.0,-50.0,,0.0,-640.0,197.0,187.0,269.0
-192.0,-43.0,317.0,-57.0,,-197.0,-621.0,-242.0,357.0,274.0
-156.0,-198.0,252.0,-51.0,,621.0,-584.0,-567.0,130.0,55.0
-124.0,725.0,201.0,-8.0,,329.0,-536.0,-958.0,190.0,59.0
-97.0,1494.0,130.0,191.0,,-373.0,-426.0,-894.0,-235.0,331.0
-89.0,1125.0,158.0,155.0,,501.0,-322.0,-663.0,-458.0,403.0
-95.0,1676.0,188.0,-68.0,,1111.0,-238.0,-489.0,-180.0,187.0
-132.0,1405.0,151.0,-290.0,,67.0,-185.0,-400.0,23.0,114.0
-153.0,417.0,167.0,-486.0,,11.0,-227.0,-474.0,-394.0,291.0
-166.0,342.0,147.0,-391.0,,1012.0,-300.0,-162.0,-770.0,356.0
-200.0,11.0,108.0,-308.0,,916.0,-342.0,169.0,-613.0,195.0
-212.0,-579.0,40.0,-329.0,,80.0,-345.0,604.0,-410.0,226.0
-230.0,-624.0,-46.0,-155.0,,686.0,-304.0,968.0,-446.0,308.0
-267.0,-500.0,-56.0,-36.0,,1334.0,-287.0,1055.0,-283.0,336.0
-310.0,-1091.0,-58.0,75.0,,254.0,-268.0,1021.0,-103.0,360.0
-341.0,-1486.0,-57.0,186.0,,14.0,-244.0,583.0,-217.0,496.0
-348.0,-1389.0,-92.0,144.0,,922.0,-215.0,194.0,65.0,481.0
-386.0,-1218.0,-159.0,323.0,,778.0,-163.0,-197.0,381.0,301.0
-457.0,-892.0,-216.0,695.0,,181.0,-116.0,-358.0,31.0,540.0
-500.0,-638.0,-270.0,962.0,,726.0,-79.0,-299.0,-170.0,579.0
-476.0,-429.0,-223.0,868.0,,918.0,-84.0,-306.0,196.0,356.0
-476.0,-97.0,-140.0,561.0,,254.0,-134.0,-57.0,295.0,244.0
-500.0,-126.0,-118.0,451.0,,787.0,-238.0,232.0,567.0,308.0
-439.0,-434.0,-93.0,345.0,,1420.0,-385.0,837.0,631.0,275.0
-364.0,43.0,-42.0,52.0,,616.0,-540.0,1165.0,175.0,98.0
-338.0,457.0,-51.0,-255.0,,471.0,-652.0,990.0,181.0,58.0
-341.0,632.0,-65.0,-470.0,,1175.0,-701.0,857.0,499.0,-53.0
-278.0,1039.0,-43.0,-408.0,,591.0,-699.0,509.0,352.0,-58.0
-199.0,1132.0,-45.0,-263.0,,160.0,-620.0,277.0,138.0,-28.0
-186.0,939.0,24.0,-177.0,,801.0,-505.0,-16.0,41.0,10.0
-170.0,623.0,22.0,29.0,,483.0,-403.0,-158.0,-302.0,29.0
-127.0,476.0,-11.0,308.0,,-304.0,-249.0,70.0,40.0,26.0
-91.0,-220.0,-21.0,591.0,,61.0,-101.0,308.0,242.0,183.0
-111.0,-828.0,-85.0,647.0,,412.0,-58.0,432.0,-20.0,229.0
-122.0,-550.0,-109.0,509.0,,24.0,-75.0,264.0,-145.0,164.0
-112.0,-859.0,-141.0,384.0,,134.0,-93.0,332.0,116.0,207.0
-82.0,-1337.0,-73.0,409.0,,409.0,-99.0,397.0,260.0,219.0
-72.0,-965.0,-16.0,428.0,,59.0,-193.0,397.0,-81.0,143.0
-95.0,-76.0,-20.0,425.0,,33.0,-319.0,589.0,-23.0,-5.0
-88.0,343.0,5.0,404.0,,505.0,-409.0,776.0,-293.0,-142.0
-85.0,423.0,40.0,160.0,,545.0,-529.0,918.0,-173.0,-161.0
-105.0,585.0,67.0,-19.0,,437.0,-624.0,583.0,-126.0,-158.0
-152.0,656.0,69.0,-86.0,,353.0,-713.0,181.0,-293.0,-225.0
-169.0,868.0,81.0,-182.0,,185.0,-743.0,-363.0,55.0,-492.0
-181.0,200.0,78.0,-360.0,,320.0,-693.0,-851.0,-183.0,-660.0
-226.0,-278.0,114.0,-266.0,,459.0,-614.0,-811.0,-206.0,-611.0
-270.0,2.0,151.0,149.0,,112.0,-504.0,-824.0,121.0,-532.0
-283.0,-316.0,153.0,318.0,,-113.0,-406.0,-626.0,71.0,-736.0
-272.0,-450.0,161.0,278.0,,251.0,-322.0,-397.0,-184.0,-1057.0
-277.0,-527.0,155.0,158.0,,264.0,-215.0,-90.0,-69.0,-944.0
-292.0,-726.0,134.0,217.0,,-179.0,-101.0,282.0,-28.0,-573.0
-268.0,-852.0,154.0,408.0,,-303.0,-15.0,430.0,108.0,-439.0
-232.0,-939.0,177.0,452.0,,-177.0,79.0,715.0,453.0,-676.0
-236.0,-456.0,206.0,361.0,,-402.0,124.0,731.0,237.0,-613.0
-245.0,-234.0,199.0,161.0,,-557.0,68.0,774.0,34.0,-377.0
-266.0,-512.0,168.0,51.0,,-271.0,-2.0,788.0,-71.0,-254.0
-272.0,-472.0,132.0,-124.0,,-273.0,-22.0,626.0,-46.0,-74.0
-280.0,-201.0,16.0,-446.0,,-290.0,2.0,580.0,251.0,74.0
-262.0,-85.0,-77.0,-653.0,,-82.0,-12.0,458.0,360.0,52.0
-202.0,108.0,-151.0,-711.0,,213.0,-93.0,511.0,91.0,25.0
-167.0,780.0,-198.0,-750.0,,417.0,-141.0,269.0,-8.0,427.0
-148.0,1001.0,-269.0,-627.0,,169.0,-155.0,118.0,-30.0,534.0
-157.0,1242.0,-336.0,-374.0,,-100.0,-186.0,197.0,215.0,206.0
-157.0,2089.0,-356.0,-101.0,,-86.0,-187.0,57.0,282.0,135.0
-181.0,1965.0,-335.0,160.0,,-202.0,-185.0,72.0,-186.0,304.0
-207.0,1404.0,-313.0,325.0,,-367.0,-179.0,-18.0,1.0,192.0
-182.0,1098.0,-340.0,418.0,,-4.0,-123.0,77.0,54.0,-82.0
-100.0,797.0,-281.0,390.0,,273.0,-89.0,192.0,-65.0,-160.0
-55.0,295.0,-173.0,271.0,,-320.0,-100.0,286.0,-315.0,-344.0
-68.0,-279.0,-71.0,135.0,,-664.0,-91.0,445.0,-696.0,-421.0
-68.0,-519.0,0.0,155.0,,-162.0,-48.0,290.0,-597.0,-465.0
-80.0,-1031.0,115.0,155.0,,-340.0,6.0,256.0,-425.0,-538.0
-99.0,-1221.0,155.0,63.0,,-774.0,-6.0,229.0,-77.0,-594.0
-166.0,-1462.0,111.0,-124.0,,-137.0,-144.0,363.0,-129.0,-693.0
-190.0,-1667.0,107.0,-43.0,,74.0,-253.0,441.0,-370.0,-527.0
-172.0,-1344.0,110.0,327.0,,-467.0,-252.0,360.0,-515.0,-349.0
-162.0,-621.0,130.0,354.0,,-160.0,-238.0,410.0,-174.0,-403.0
-165.0,-141.0,69.0,304.0,,168.0,-223.0,256.0,242.0,-478.0
-163.0,-438.0,76.0,222.0,,-431.0,-190.0,227.0,-328.0,-231.0
-121.0,681.0,75.0,193.0,,-661.0,-165.0,44.0,-450.0,91.0
-113.0,1100.0,27.0,108.0,,-242.0,-162.0,-164.0,-305.0,32.0
-92.0,1495.0,5.0,-190.0,,-155.0,-166.0,-297.0,-405.0,-82.0
-95.0,2387.0,-28.0,-17.0,,-217.0,-169.0,-591.0,-48.0,-43.0
-110.0,1339.0,-1.0,285.0,,-43.0,-197.0,-572.0,39.0,-135.0
-149.0,1417.0,-48.0,146.0,,62.0,-213.0,-495.0,-281.0,-206.0
-180.0,1365.0,-87.0,-73.0,,221.0,-207.0,-214.0,-214.0,-130.0
-162.0,634.0,-123.0,-238.0,,261.0,-242.0,70.0,17.0,-405.0
-157.0,25.0,-98.0,-138.0,,-138.0,-319.0,317.0,179.0,-713.0
-188.0,-967.0,-32.0,-71.0,,-134.0,-350.0,713.0,276.0,-610.0
-225.0,-930.0,-26.0,-120.0,,416.0,-360.0,735.0,38.0,-483.0
-182.0,-964.0,2.0,-83.0,,-54.0,-363.0,805.0,-12.0,-600.0
-179.0,-1784.0,3.0,-318.0,,-747.0,-328.0,816.0,167.0,-653.0
-195.0,-2029.0,59.0,-342.0,,100.0,-273.0,763.0,176.0,-503.0
-197.0,-1439.0,64.0,-8.0,,507.0,-151.0,805.0,69.0,-436.0
-167.0,-1251.0,77.0,272.0,,-337.0,-29.0,779.0,8.0,-317.0
-175.0,-1109.0,135.0,297.0,,-300.0,31.0,761.0,-62.0,-61.0
-249.0,-649.0,159.0,155.0,,75.0,38.0,299.0,-122.0,111.0
-258.0,-449.0,203.0,-1.0,,-352.0,42.0,-227.0,-25.0,-31.0
-237.0,-650.0,254.0,-9.0,,-172.0,55.0,-655.0,-83.0,-10.0
-217.0,-630.0,290.0,31.0,,369.0,38.0,-824.0,-18.0,149.0
-261.0,-298.0,232.0,20.0,,259.0,24.0,-707.0,218.0,16.0
-315.0,-179.0,231.0,-27.0,,225.0,-20.0,-663.0,291.0,-35.0
-342.0,138.0,271.0,-30.0,,129.0,-67.0,-290.0,416.0,-41.0
-368.0,380.0,273.0,124.0,,-232.0,-86.0,81.0,251.0,-189.0
-433.0,538.0,244.0,141.0,,-34.0,-82.0,474.0,-226.0,-374.0
-460.0,987.0,204.0,158.0,,109.0,-91.0,624.0,-160.0,-293.0
-403.0,1512.0,229.0,0.0,,-422.0,-137.0,428.0,-23.0,-258.0
-346.0,1825.0,216.0,-84.0,,-379.0,-172.0,314.0,-141.0,-321.0
-310.0,1987.0,204.0,-3.0,,-89.0,-210.0,-20.0,-148.0,-381.0
-315.0,1750.0,197.0,-72.0,,-406.0,-197.0,-186.0,-429.0,-454.0
-290.0,1590.0,206.0,-133.0,,-258.0,-176.0,-262.0,-468.0,-286.0
-287.0,1116.0,217.0,-17.0,,388.0,-174.0,-221.0,-54.0,-186.0
-314.0,63.0,194.0,76.0,,395.0,-110.0,49.0,197.0,-236.0
-331.0,90.0,218.0,36.0,,185.0,-65.0,186.0,-48.0,-287.0
-327.0,-257.0,245.0,252.0,,249.0,-23.0,197.0,-263.0,-127.0
-294.0,-800.0,278.0,330.0,,197.0,13.0,-64.0,-116.0,-172.0
-294.0,-474.0,254.0,343.0,,319.0,18.0,-166.0,168.0,-178.0
-271.0,-496.0,211.0,205.0,,285.0,81.0,-240.0,81.0,130.0
-262.0,-994.0,181.0,88.0,,-86.0,150.0,-293.0,-264.0,36.0
-287.0,-1111.0,222.0,140.0,,-100.0,229.0,-81.0,-76.0,-151.0
-297.0,-673.0,297.0,-138.0,,-43.0,327.0,-112.0,-54.0,-4.0
-273.0,-1133.0,279.0,-162.0,,4.0,341.0,-59.0,195.0,318.0
-253.0,-1241.0,300.0,-51.0,,338.0,299.0,0.0,234.0,217.0
-250.0,-279.0,237.0,-91.0,,512.0,289.0,118.0,28.0,175.0
-222.0,616.0,135.0,-124.0,,621.0,255.0,299.0,-9.0,515.0
-198.0,324.0,118.0,-238.0,,392.0,139.0,275.0,-285.0,487.0
-192.0,266.0,131.0,-206.0,,-129.0,35.0,399.0,177.0,455.0
-226.0,1258.0,149.0,-70.0,,123.0,-28.0,314.0,194.0,606.0
-214.0,900.0,151.0,-43.0,,12.0,-134.0,190.0,-22.0,605.0
-149.0,907.0,220.0,-139.0,,-571.0,-304.0,46.0,46.0,487.0
-108.0,1004.0,218.0,-77.0,,-239.0,-457.0,70.0,-26.0,590.0
-86.0,896.0,116.0,-31.0,,-296.0,-495.0,524.0,49.0,699.0
-84.0,850.0,39.0,-177.0,,-510.0,-447.0,763.0,92.0,404.0
-71.0,63.0,24.0,-215.0,,586.0,-361.0,927.0,-22.0,227.0
-65.0,465.0,-16.0,-121.0,,667.0,-244.0,759.0,-116.0,375.0
-45.0,349.0,-81.0,77.0,,-475.0,-130.0,352.0,-15.0,426.0
-29.0,-402.0,-72.0,-38.0,,140.0,-48.0,-55.0,-216.0,291.0
-11.0,152.0,-39.0,-50.0,,690.0,-35.0,-489.0,39.0,178.0
16.0,447.0,-33.0,-107.0,,-411.0,-4.0,-740.0,-71.0,177.0
26.0,-49.0,-78.0,-322.0,,-314.0,67.0,-1217.0,-273.0,284.0
51.0,-635.0,-76.0,-166.0,,317.0,137.0,-1483.0,75.0,455.0
69.0,-932.0,-71.0,-274.0,,-398.0,221.0,-1478.0,-123.0,463.0
57.0,-438.0,-95.0,-365.0,,-177.0,265.0,-1206.0,-25.0,334.0
29.0,-389.0,-77.0,-320.0,,523.0,253.0,-606.0,266.0,333.0
11.0,-876.0,-46.0,-269.0,,-224.0,209.0,-293.0,101.0,420.0
-13.0,-630.0,17.0,-147.0,,-44.0,161.0,-175.0,76.0,477.0
-15.0,-284.0,34.0,65.0,,918.0,98.0,-280.0,325.0,486.0
5.0,-292.0,13.0,197.0,,367.0,44.0,-277.0,80.0,338.0
54.0,-488.0,99.0,-41.0,,104.0,-40.0,-223.0,199.0,150.0
113.0,-20.0,190.0,-151.0,,623.0,-159.0,-79.0,36.0,209.0
129.0,229.0,161.0,175.0,,-135.0,-299.0,450.0,-177.0,292.0
117.0,91.0,142.0,298.0,,-458.0,-420.0,750.0,178.0,134.0
93.0,1023.0,130.0,-58.0,,486.0,-423.0,892.0,-218.0,-58.0
56.0,1271.0,157.0,-140.0,,269.0,-450.0,646.0,-392.0,-13.0
-10.0,1113.0,223.0,-37.0,,-246.0,-461.0,158.0,-705.0,28.0
-23.0,1353.0,240.0,146.0,,309.0,-440.0,-121.0,-503.0,83.0
19.0,1133.0,329.0,40.0,,217.0,-425.0,-230.0,-138.0,291.0
102.0,1411.0,383.0,-220.0,,-515.0,-324.0,-169.0,-329.0,247.0
140.0,1082.0,291.0,-2.0,,-17.0,-196.0,-376.0,-330.0,236.0
133.0,815.0,212.0,88.0,,398.0,-76.0,-371.0,-703.0,416.0
150.0,872.0,163.0,56.0,,-117.0,7.0,-271.0,-484.0,457.0
122.0,132.0,51.0,-21.0,,321.0,91.0,-352.0,-175.0,369.0
115.0,-230.0,-31.0,-118.0,,719.0,97.0,-330.0,-230.0,334.0
123.0,-842.0,-57.0,-152.0,,25.0,23.0,-310.0,-307.0,272.0
151.0,-661.0,-79.0,-358.0,,271.0,-33.0,107.0,-387.0,34.0
154.0,-922.0,-58.0,-556.0,,707.0,-31.0,463.0,-236.0,-104.0
151.0,-1327.0,-35.0,-739.0,,-145.0,67.0,563.0,34.0,-163.0
161.0,-979.0,-21.0,-825.0,,-64.0,105.0,467.0,182.0,-291.0
135.0,-1200.0,37.0,-685.0,,573.0,51.0,173.0,12.0,-462.0
139.0,-791.0,97.0,-606.0,,-69.0,-54.0,103.0,-156.0,-498.0
166.0,-1208.0,68.0,-579.0,,-321.0,-128.0,-181.0,-221.0,-491.0
210.0,-755.0,37.0,-654.0,,317.0,-74.0,-391.0,14.0,-503.0
233.0,-113.0,47.0,-537.0,,350.0,1.0,-402.0,-199.0,-285.0
238.0,-383.0,69.0,-389.0,,95.0,49.0,-389.0,-386.0,-173.0
207.0,333.0,155.0,-407.0,,267.0,61.0,-267.0,-262.0,-242.0
189.0,806.0,193.0,-320.0,,203.0,48.0,-341.0,-387.0,-220.0
182.0,955.0,170.0,-325.0,,398.0,32.0,-421.0,-159.0,-39.0
157.0,783.0,180.0,-211.0,,1074.0,14.0,-620.0,-257.0,78.0
124.0,1104.0,174.0,-89.0,,743.0,45.0,-713.0,-526.0,-22.0
76.0,977.0,194.0,180.0,,318.0,93.0,-600.0,-546.0,18.0
66.0,670.0,258.0,299.0,,611.0,82.0,-242.0,-380.0,91.0
40.0,623.0,243.0,335.0,,263.0,74.0,321.0,-179.0,-23.0
4.0,69.0,239.0,357.0,,237.0,95.0,504.0,-445.0,-24.0
-35.0,128.0,255.0,-38.0,,1101.0,104.0,683.0,-479.0,36.0
-36.0,182.0,250.0,-131.0,,891.0,79.0,620.0,-252.0,-115.0
-51.0,95.0,291.0,-132.0,,223.0,13.0,349.0,-171.0,-143.0
-115.0,-477.0,291.0,-103.0,,598.0,-37.0,105.0,97.0,-25.0
-170.0,-620.0,299.0,-127.0,,822.0,-48.0,-214.0,-95.0,-123.0
-180.0,-292.0,301.0,-487.0,,641.0,-30.0,-218.0,-142.0,-225.0
-132.0,-501.0,247.0,-752.0,,714.0,-4.0,-290.0,169.0,-231.0
-118.0,-538.0,212.0,-803.0,,506.0,2.0,-136.0,45.0,-185.0
-96.0,-933.0,225.0,-846.0,,489.0,22.0,99.0,422.0,-193.0
-61.0,-599.0,264.0,-993.0,,699.0,56.0,101.0,578.0,-294.0
-49.0,36.0,261.0,-850.0,,296.0,123.0,216.0,476.0,-355.0
-80.0,115.0,228.0,-573.0,,152.0,247.0,186.0,424.0,-428.0
-103.0,163.0,221.0,-594.0,,128.0,283.0,293.0,436.0,-407.0
-79.0,-256.0,270.0,-698.0,,-33.0,249.0,197.0,498.0,-442.0
-60.0,42.0,260.0,-607.0,,555.0,198.0,70.0,344.0,-614.0
-29.0,244.0,239.0,-286.0,,432.0,97.0,99.0,460.0,-703.0
16.0,75.0,274.0,-207.0,,-215.0,42.0,-197.0,243.0,-679.0
59.0,-125.0,228.0,-245.0,,141.0,-21.0,-386.0,505.0,-485.0
77.0,-418.0,185.0,-138.0,,284.0,-86.0,-546.0,622.0,-395.0
91.0,434.0,195.0,94.0,,261.0,-102.0,-382.0,120.0,-448.0
112.0,636.0,182.0,200.0,,465.0,-97.0,-253.0,-187.0,-377.0
132.0,372.0,132.0,79.0,,189.0,-97.0,-436.0,-133.0,-255.0
124.0,170.0,136.0,377.0,,267.0,-108.0,-428.0,-40.0,-99.0
134.0,-265.0,212.0,446.0,,736.0,-33.0,-323.0,-403.0,-97.0
156.0,355.0,212.0,470.0,,271.0,82.0,33.0,-372.0,-229.0
147.0,265.0,224.0,429.0,,-281.0,162.0,103.0,-696.0,-361.0
123.0,-270.0,212.0,48.0,,-138.0,180.0,49.0,-756.0,-476.0
114.0,-365.0,103.0,-57.0,,-119.0,150.0,9.0,-510.0,-445.0
161.0,-428.0,120.0,-266.0,,125.0,93.0,-155.0,-529.0,-518.0
164.0,215.0,114.0,-454.0,,482.0,45.0,-177.0,-466.0,-714.0
146.0,-316.0,25.0,-592.0,,394.0,40.0,-315.0,-630.0,-846.0
158.0,-1054.0,89.0,-516.0,,291.0,1.0,-123.0,-459.0,-855.0
151.0,-1231.0,120.0,-566.0,,185.0,-36.0,84.0,-226.0,-881.0
113.0,-1287.0,113.0,-549.0,,93.0,-79.0,182.0,0.0,-973.0
73.0,-268.0,97.0,-228.0,,383.0,-135.0,282.0,-174.0,-983.0
87.0,10.0,-29.0,-166.0,,266.0,-141.0,157.0,-325.0,-1053.0
87.0,48.0,-135.0,77.0,,9.0,-93.0,256.0,-174.0,-1070.0
53.0,-109.0,-238.0,270.0,,408.0,0.0,158.0,302.0,-1003.0
13.0,-46.0,-314.0,356.0,,123.0,106.0,99.0,557.0,-928.0
1.0,401.0,-264.0,183.0,,150.0,216.0,118.0,168.0,-892.0
24.0,221.0,-125.0,-129.0,,867.0,309.0,-77.0,396.0,-828.0
18.0,75.0,-84.0,-259.0,,379.0,405.0,-121.0,302.0,-680.0
2.0,-211.0,-19.0,-403.0,,259.0,464.0,-175.0,256.0,-662.0
0.0,127.0,58.0,-378.0,,631.0,479.0,109.0,303.0,-556.0
7.0,147.0,6.0,-373.0,,16.0,459.0,293.0,179.0,-373.0
-12.0,214.0,17.0,-405.0,,-40.0,369.0,254.0,256.0,-280.0
-10.0,351.0,-9.0,-509.0,,244.0,257.0,290.0,189.0,-244.0
24.0,370.0,4.0,-515.0,,-37.0,172.0,181.0,396.0,-242.0
38.0,866.0,65.0,-302.0,,109.0,168.0,254.0,201.0,-151.0
20.0,922.0,61.0,-167.0,,-69.0,183.0,77.0,-141.0,-60.0
6.0,813.0,89.0,-10.0,,-384.0,166.0,-238.0,-306.0,-15.0
28.0,-72.0,171.0,145.0,,303.0,132.0,-491.0,-79.0,13.0
5.0,-464.0,193.0,41.0,,227.0,59.0,-594.0,343.0,3.0
-27.0,-425.0,139.0,-215.0,,-502.0,40.0,-301.0,292.0,20.0
-32.0,-919.0,76.0,-262.0,,-279.0,115.0,-112.0,83.0,162.0
0.0,-1251.0,39.0,-248.0,,-166.0,169.0,83.0,79.0,287.0
19.0,-1231.0,72.0,-276.0,,-14.0,224.0,-53.0,146.0,267.0
2.0,-842.0,16.0,-299.0,,496.0,326.0,-382.0,67.0,223.0
-8.0,-600.0,-37.0,-380.0,,152.0,405.0,-491.0,182.0,237.0
4.0,-116.0,-61.0,-316.0,,-258.0,439.0,-517.0,61.0,237.0
55.0,220.0,-172.0,-313.0,,-158.0,448.0,-227.0,62.0,152.0
95.0,21.0,-231.0,-440.0,,-253.0,417.0,-114.0,253.0,100.0
158.0,55.0,-176.0,-446.0,,-183.0,337.0,-62.0,219.0,29.0
198.0,730.0,-157.0,-332.0,,-12.0,269.0,-29.0,262.0,-59.0
259.0,1413.0,-122.0,-554.0,,-57.0,191.0,68.0,144.0,-125.0
307.0,1379.0,-45.0,-989.0,,-112.0,119.0,395.0,-191.0,-239.0
310.0,407.0,-61.0,-681.0,,-479.0,155.0,480.0,-180.0,-305.0
316.0,127.0,-61.0,-512.0,,-536.0,250.0,539.0,14.0,-343.0
308.0,789.0,-79.0,-812.0,,-77.0,344.0,240.0,-348.0,-368.0
315.0,610.0,-99.0,-862.0,,-49.0,434.0,-179.0,-331.0,-436.0
317.0,352.0,-58.0,-924.0,,-143.0,522.0,-487.0,-233.0,-456.0
349.0,238.0,-18.0,-837.0,,-173.0,542.0,-683.0,-279.0,-397.0
380.0,206.0,14.0,-641.0,,-310.0,475.0,-463.0,132.0,-381.0
387.0,-140.0,30.0,-640.0,,-313.0,412.0,-388.0,122.0,-301.0
356.0,-366.0,14.0,-574.0,,-409.0,321.0,-428.0,80.0,-253.0
328.0,-74.0,-1.0,-235.0,,-423.0,186.0,-639.0,252.0,-295.0
318.0,-787.0,-66.0,-52.0,,-82.0,95.0,-639.0,369.0,-288.0
288.0,-1294.0,-107.0,48.0,,-298.0,51.0,-243.0,487.0,-228.0
269.0,-903.0,-32.0,281.0,,-671.0,22.0,194.0,430.0,-125.0
240.0,-488.0,-9.0,481.0,,-388.0,-32.0,679.0,329.0,-86.0
241.0,-967.0,94.0,370.0,,-249.0,-78.0,711.0,123.0,-277.0
237.0,-1355.0,109.0,313.0,,-234.0,-6.0,606.0,59.0,-343.0
218.0,-741.0,28.0,301.0,,-538.0,96.0,319.0,262.0,-172.0
231.0,-697.0,26.0,-7.0,,-982.0,135.0,-66.0,130.0,-112.0
250.0,-323.0,-110.0,259.0,,-508.0,158.0,-160.0,-35.0,-190.0
258.0,114.0,-156.0,245.0,,-84.0,158.0,-410.0,54.0,-295.0
264.0,491.0,-128.0,-227.0,,-463.0,124.0,-434.0,157.0,-309.0
259.0,910.0,-137.0,-208.0,,-774.0,75.0,-275.0,255.0,-340.0
263.0,507.0,-112.0,-259.0,,-972.0,101.0,36.0,154.0,-368.0
262.0,930.0,-53.0,-709.0,,-956.0,221.0,460.0,-9.0,-474.0
272.0,1006.0,22.0,-1041.0,,-519.0,336.0,539.0,-181.0,-695.0
296.0,184.0,75.0,-792.0,,-640.0,363.0,408.0,-95.0,-786.0
253.0,456.0,120.0,-660.0,,-1021.0,295.0,-92.0,-180.0,-745.0
235.0,939.0,123.0,-599.0,,-924.0,223.0,-417.0,-341.0,-661.0
219.0,313.0,184.0,-259.0,,-772.0,160.0,-434.0,-284.0,-649.0
204.0,-251.0,231.0,-140.0,,-647.0,116.0,-273.0,-448.0,-485.0
141.0,-316.0,208.0,-298.0,,-666.0,104.0,25.0,-61.0,-280.0
49.0,-514.0,230.0,-231.0,,-830.0,107.0,-144.0,-20.0,-124.0
57.0,-348.0,201.0,159.0,,-777.0,115.0,-315.0,-202.0,140.0
60.0,-236.0,145.0,199.0,,-820.0,80.0,-504.0,-123.0,328.0
52.0,59.0,128.0,-32.0,,-1176.0,60.0,-604.0,-340.0,412.0
35.0,501.0,95.0,-357.0,,-1099.0,157.0,-613.0,-37.0,384.0
65.0,419.0,112.0,-429.0,,-720.0,264.0,-663.0,181.0,406.0
96.0,99.0,140.0,-312.0,,-524.0,295.0,-410.0,261.0,443.0
67.0,-32.0,156.0,-472.0,,-566.0,277.0,-404.0,408.0,347.0
21.0,294.0,210.0,-321.0,,-840.0,167.0,-269.0,191.0,192.0
-19.0,42.0,229.0,-151.0,,-575.0,44.0,-46.0,149.0,79.0
-8.0,-53.0,212.0,-76.0,,-272.0,-60.0,199.0,443.0,0.0
-22.0,12.0,157.0,-18.0,,-446.0,-165.0,526.0,341.0,-125.0
-49.0,-649.0,122.0,-64.0,,-327.0,-222.0,522.0,218.0,-119.0
-58.0,-751.0,73.0,-150.0,,-382.0,-290.0,670.0,135.0,-61.0
-43.0,-564.0,24.0,-254.0,,-811.0,-364.0,726.0,-68.0,-136.0
-58.0,-452.0,1.0,-129.0,,-774.0,-424.0,676.0,-55.0,-230.0
-100.0,-374.0,-71.0,-30.0,,-730.0,-382.0,389.0,-453.0,-265.0
-106.0,-133.0,-86.0,49.0,,-907.0,-210.0,-29.0,-330.0,-259.0
-116.0,61.0,-140.0,202.0,,-685.0,-10.0,-232.0,-236.0,-243.0
-161.0,-66.0,-179.0,327.0,,-917.0,255.0,-602.0,-333.0,-243.0
-230.0,-53.0,-120.0,282.0,,-959.0,441.0,-801.0,12.0,-225.0
-229.0,-193.0,-170.0,483.0,,-267.0,477.0,-957.0,-9.0,-258.0
-202.0,209.0,-168.0,546.0,,-603.0,477.0,-740.0,135.0,-145.0
-189.0,676.0,-113.0,238.0,,-938.0,404.0,-114.0,268.0,83.0
-161.0,545.0,-93.0,75.0,,-686.0,347.0,288.0,470.0,-12.0
-108.0,424.0,-49.0,48.0,,-1073.0,309.0,652.0,336.0,-75.0
-61.0,587.0,-34.0,226.0,,-1097.0,196.0,545.0,98.0,75.0
-75.0,556.0,-14.0,-37.0,,-840.0,30.0,221.0,374.0,66.0
-71.0,7.0,-10.0,-319.0,,-1104.0,-197.0,-134.0,575.0,-73.0
-48.0,79.0,-82.0,-184.0,,-1070.0,-398.0,-559.0,712.0,-179.0
-52.0,14.0,-193.0,-222.0,,-1214.0,-484.0,-628.0,530.0,-208.0
-44.0,-454.0,-196.0,-231.0,,-1600.0,-442.0,-617.0,363.0,-231.0
-6.0,-198.0,-227.0,-359.0,,-1025.0,-313.0,-441.0,304.0,-356.0
79.0,644.0,-331.0,-485.0,,-538.0,-160.0,-306.0,175.0,-463.0
156.0,293.0,-326.0,-284.0,,-632.0,-45.0,-171.0,87.0,-385.0
167.0,-190.0,-323.0,-189.0,,-730.0,-9.0,-25.0,57.0,-357.0
167.0,723.0,-346.0,-18.0,,-989.0,52.0,-29.0,-185.0,-368.0
167.0,832.0,-403.0,105.0,,-632.0,137.0,169.0,-423.0,-183.0
145.0,1088.0,-470.0,110.0,,-368.0,249.0,195.0,-385.0,-61.0
116.0,927.0,-471.0,200.0,,-822.0,337.0,310.0,-326.0,-39.0
139.0,623.0,-478.0,63.0,,-926.0,275.0,465.0,-335.0,70.0
189.0,552.0,-447.0,-86.0,,-922.0,168.0,541.0,-521.0,302.0
186.0,-274.0,-340.0,-2.0,,-679.0,18.0,737.0,-320.0,460.0
154.0,266.0,-309.0,76.0,,-427.0,-173.0,480.0,-199.0,378.0
144.0,281.0,-261.0,-169.0,,-955.0,-354.0,97.0,-413.0,401.0
123.0,-393.0,-214.0,-242.0,,-1075.0,-509.0,-493.0,-368.0,520.0
66.0,-330.0,-248.0,-304.0,,-715.0,-544.0,-988.0,-270.0,540.0
49.0,-55.0,-172.0,-567.0,,-832.0,-562.0,-1003.0,-243.0,612.0
66.0,-530.0,-89.0,-434.0,,-809.0,-598.0,-724.0,-63.0,643.0
80.0,-1243.0,-43.0,-217.0,,-634.0,-542.0,-68.0,18.0,509.0
75.0,-623.0,4.0,-65.0,,-651.0,-436.0,240.0,0.0,510.0
109.0,-635.0,50.0,57.0,,-444.0,-306.0,445.0,307.0,739.0
187.0,-855.0,13.0,265.0,,-598.0,-132.0,552.0,587.0,804.0
228.0,-643.0,-75.0,478.0,,-886.0,40.0,543.0,893.0,651.0
257.0,-545.0,-113.0,582.0,,-397.0,177.0,615.0,774.0,549.0
290.0,1.0,-177.0,765.0,,-296.0,331.0,493.0,490.0,591.0
319.0,347.0,-225.0,571.0,,-521.0,430.0,434.0,444.0,613.0
312.0,607.0,-282.0,461.0,,-593.0,397.0,86.0,433.0,545.0
300.0,621.0,-338.0,785.0,,-1133.0,402.0,-247.0,464.0,459.0
336.0,762.0,-384.0,536.0,,-1241.0,484.0,-506.0,227.0,340.0
378.0,1245.0,-469.0,-90.0,,-974.0,540.0,-628.0,153.0,279.0
377.0,1689.0,-531.0,-304.0,,-1020.0,474.0,-478.0,-85.0,312.0
362.0,1598.0,-515.0,-173.0,,-866.0,268.0,-443.0,-70.0,311.0
365.0,594.0,-479.0,-142.0,,-820.0,104.0,-223.0,203.0,201.0
340.0,547.0,-413.0,-373.0,,-1068.0,-7.0,-175.0,264.0,191.0
306.0,218.0,-259.0,-519.0,,-888.0,-118.0,-138.0,363.0,208.0
270.0,-832.0,-135.0,-501.0,,-676.0,-140.0,5.0,354.0,116.0
243.0,-829.0,-50.0,-280.0,,-659.0,-119.0,175.0,358.0,59.0
235.0,-1083.0,18.0,76.0,,-373.0,-146.0,585.0,445.0,-51.0
223.0,-1356.0,52.0,284.0,,-556.0,-195.0,726.0,524.0,-145.0
230.0,-1243.0,48.0,541.0,,-854.0,-221.0,766.0,333.0,-224.0
217.0,-726.0,29.0,543.0,,-711.0,-269.0,707.0,201.0,-318.0
198.0,-403.0,47.0,269.0,,-976.0,-263.0,491.0,-258.0,-324.0
225.0,-775.0,88.0,165.0,,-1070.0,-127.0,262.0,-351.0,-230.0
240.0,-568.0,130.0,140.0,,-810.0,-43.0,-136.0,-290.0,-187.0
225.0,-339.0,146.0,92.0,,-962.0,-32.0,-417.0,-632.0,-193.0
198.0,-156.0,62.0,-59.0,,-827.0,-32.0,-622.0,-557.0,-97.0
196.0,-285.0,-23.0,162.0,,-386.0,-14.0,-524.0,-369.0,3.0
211.0,-327.0,-58.0,560.0,,-566.0,75.0,-184.0,-55.0,169.0
230.0,462.0,-128.0,529.0,,-840.0,185.0,70.0,-268.0,361.0
247.0,681.0,-125.0,555.0,,-767.0,294.0,419.0,34.0,477.0
245.0,850.0,-91.0,850.0,,-580.0,363.0,437.0,231.0,534.0
254.0,1007.0,-39.0,868.0,,-225.0,409.0,423.0,91.0,650.0
255.0,761.0,10.0,648.0,,-201.0,424.0,426.0,453.0,868.0
243.0,845.0,11.0,650.0,,-188.0,347.0,367.0,152.0,889.0
198.0,1540.0,34.0,720.0,,-178.0,261.0,509.0,395.0,782.0
192.0,1547.0,-13.0,613.0,,-713.0,183.0,417.0,680.0,804.0
229.0,861.0,-98.0,407.0,,-717.0,105.0,423.0,719.0,773.0
238.0,885.0,-134.0,520.0,,-321.0,4.0,299.0,867.0,598.0
250.0,652.0,-138.0,630.0,,-324.0,-134.0,86.0,635.0,567.0
267.0,25.0,-177.0,449.0,,-348.0,-246.0,9.0,558.0,550.0
301.0,-688.0,-190.0,249.0,,-588.0,-321.0,-46.0,461.0,315.0
287.0,-481.0,-177.0,-56.0,,-788.0,-328.0,158.0,280.0,231.0
232.0,-492.0,-160.0,-28.0,,-467.0,-277.0,134.0,303.0,270.0
179.0,-791.0,-134.0,251.0,,-336.0,-243.0,218.0,-43.0,166.0
136.0,-55.0,-184.0,382.0,,-30.0,-223.0,321.0,-553.0,165.0
95.0,-620.0,-200.0,432.0,,455.0,-211.0,489.0,-653.0,228.0
36.0,-761.0,-174.0,273.0,,-191.0,-225.0,916.0,-690.0,149.0
-3.0,-253.0,-168.0,13.0,,-684.0,-239.0,994.0,-595.0,72.0
12.0,-655.0,-186.0,-49.0,,-77.0,-201.0,977.0,-696.0,49.0
27.0,-275.0,-84.0,106.0,,61.0,-121.0,617.0,-388.0,50.0
-35.0,-156.0,-23.0,145.0,,-180.0,-48.0,251.0,-321.0,56.0
-94.0,-426.0,-63.0,249.0,,-335.0,7.0,14.0,-387.0,72.0
-124.0,31.0,-54.0,384.0,,-699.0,67.0,-356.0,-17.0,91.0
-165.0,-417.0,-135.0,126.0,,-546.0,136.0,-498.0,-393.0,99.0
-228.0,-960.0,-170.0,-158.0,,-191.0,186.0,-626.0,-358.0,144.0
-240.0,-689.0,-215.0,-15.0,,-348.0,221.0,-417.0,-170.0,192.0
-218.0,-111.0,-238.0,296.0,,-281.0,253.0,-169.0,-131.0,272.0
-198.0,352.0,-165.0,181.0,,90.0,165.0,-7.0,-106.0,298.0
-156.0,-63.0,-128.0,103.0,,292.0,-52.0,134.0,-269.0,123.0
-127.0,885.0,-124.0,539.0,,409.0,-266.0,60.0,12.0,48.0
-100.0,1172.0,-142.0,619.0,,325.0,-468.0,81.0,239.0,130.0
-102.0,126.0,-103.0,185.0,,178.0,-599.0,-46.0,145.0,5.0
-65.0,1096.0,-95.0,231.0,,134.0,-619.0,194.0,113.0,-198.0
-34.0,1725.0,-167.0,620.0,,37.0,-633.0,602.0,427.0,-397.0
-44.0,819.0,-213.0,578.0,,140.0,-586.0,862.0,331.0,-649.0
-45.0,702.0,-174.0,363.0,,219.0,-497.0,1029.0,233.0,-725.0
-26.0,1353.0,-140.0,456.0,,145.0,-497.0,667.0,444.0,-673.0
-12.0,416.0,-150.0,689.0,,179.0,-510.0,373.0,365.0,-696.0
-58.0,-91.0,-119.0,623.0,,-60.0,-494.0,20.0,403.0,-748.0
-92.0,639.0,-88.0,293.0,,-98.0,-446.0,-175.0,429.0,-733.0
-112.0,320.0,-48.0,238.0,,488.0,-416.0,-221.0,512.0,-617.0
-145.0,-43.0,-20.0,504.0,,657.0,-447.0,-530.0,717.0,-445.0
-207.0,-597.0,0.0,532.0,,441.0,-402.0,-587.0,680.0,-315.0
-219.0,-1109.0,56.0,183.0,,280.0,-302.0,-578.0,436.0,-198.0
-183.0,-1293.0,92.0,116.0,,112.0,-223.0,-277.0,394.0,-130.0
-154.0,-1259.0,96.0,571.0,,446.0,-75.0,66.0,210.0,-62.0
-143.0,-1275.0,122.0,616.0,,493.0,72.0,360.0,-407.0,140.0
-144.0,-997.0,187.0,266.0,,-215.0,169.0,678.0,-568.0,358.0
-131.0,-345.0,204.0,258.0,,-6.0,265.0,648.0,-251.0,415.0
-171.0,-645.0,170.0,474.0,,563.0,308.0,672.0,-457.0,385.0
-197.0,-161.0,175.0,268.0,,86.0,310.0,419.0,-779.0,424.0
-197.0,78.0,184.0,-159.0,,-126.0,283.0,199.0,-449.0,449.0
-176.0,166.0,151.0,185.0,,123.0,181.0,53.0,-320.0,482.0
-149.0,532.0,131.0,650.0,,194.0,23.0,-208.0,-310.0,453.0
-121.0,190.0,99.0,328.0,,353.0,-165.0,-212.0,-72.0,370.0
-70.0,823.0,116.0,-55.0,,125.0,-378.0,-325.0,-48.0,284.0
-40.0,379.0,89.0,337.0,,-194.0,-597.0,-229.0,-125.0,189.0
-17.0,-17.0,0.0,715.0,,-44.0,-814.0,-214.0,156.0,284.0
0.0,757.0,5.0,142.0,,57.0,-1028.0,-327.0,428.0,312.0
-24.0,544.0,6.0,-156.0,,-18.0,-1192.0,-254.0,133.0,157.0
-80.0,615.0,9.0,392.0,,-92.0,-1262.0,-184.0,130.0,13.0
-101.0,727.0,-34.0,622.0,,-17.0,-1223.0,92.0,484.0,-37.0
-119.0,589.0,-62.0,415.0,,370.0,-1078.0,203.0,471.0,-60.0
-105.0,642.0,-75.0,235.0,,673.0,-877.0,330.0,276.0,-142.0
-99.0,45.0,-150.0,411.0,,525.0,-701.0,417.0,378.0,-139.0
-116.0,-141.0,-148.0,433.0,,244.0,-552.0,358.0,407.0,-167.0
-146.0,-200.0,-83.0,-41.0,,63.0,-373.0,352.0,280.0,-224.0
-172.0,-512.0,-44.0,-55.0,,25.0,-205.0,160.0,204.0,-230.0
-188.0,19.0,-67.0,266.0,,116.0,-96.0,155.0,-9.0,-170.0
-258.0,307.0,-23.0,404.0,,150.0,-36.0,142.0,-236.0,-125.0
-293.0,136.0,43.0,183.0,,300.0,-12.0,214.0,-276.0,-213.0
-304.0,-353.0,72.0,-14.0,,416.0,10.0,363.0,-267.0,-168.0
-291.0,-355.0,120.0,61.0,,229.0,48.0,362.0,-677.0,-71.0
-299.0,131.0,160.0,-31.0,,222.0,18.0,497.0,-706.0,-110.0
-292.0,-487.0,195.0,-92.0,,383.0,-151.0,382.0,-544.0,-110.0
-216.0,-1225.0,187.0,-1.0,,565.0,-328.0,347.0,-513.0,-54.0
-135.0,-728.0,186.0,37.0,,755.0,-505.0,179.0,-423.0,22.0
-89.0,-26.0,172.0,-92.0,,389.0,-757.0,-157.0,-505.0,2.0
-69.0,-284.0,151.0,26.0,,-131.0,-936.0,-280.0,-271.0,-129.0
8.0,-468.0,171.0,330.0,,-52.0,-1072.0,-546.0,-117.0,-89.0
55.0,-169.0,106.0,160.0,,171.0,-1176.0,-578.0,183.0,-24.0
48.0,2.0,49.0,-25.0,,99.0,-1173.0,-572.0,441.0,-165.0
59.0,27.0,66.0,151.0,,158.0,-1125.0,-375.0,570.0,-266.0
134.0,522.0,52.0,256.0,,251.0,-967.0,-109.0,649.0,-307.0
209.0,320.0,41.0,96.0,,8.0,-754.0,-48.0,477.0,-390.0
218.0,-883.0,31.0,100.0,,-150.0,-575.0,101.0,616.0,-355.0
218.0,-590.0,-27.0,438.0,,99.0,-426.0,99.0,484.0,-195.0
220.0,193.0,-49.0,473.0,,607.0,-299.0,218.0,385.0,-199.0
190.0,-610.0,-54.0,286.0,,771.0,-127.0,190.0,496.0,-363.0
90.0,-1383.0,-42.0,380.0,,544.0,34.0,208.0,458.0,-502.0
-9.0,-811.0,3.0,506.0,,340.0,166.0,219.0,285.0,-522.0
-81.0,385.0,-11.0,473.0,,494.0,266.0,-20.0,-34.0,-478.0
-151.0,791.0,45.0,355.0,,691.0,328.0,3.0,-285.0,-517.0
-229.0,91.0,74.0,328.0,,321.0,358.0,-155.0,-445.0,-560.0
-295.0,331.0,82.0,119.0,,152.0,290.0,-125.0,-207.0,-567.0
-363.0,924.0,164.0,-321.0,,224.0,135.0,-90.0,-208.0,-426.0
-439.0,250.0,183.0,-446.0,,184.0,-50.0,-288.0,-377.0,-160.0
-537.0,-459.0,232.0,-328.0,,469.0,-178.0,-227.0,-306.0,95.0
-612.0,197.0,276.0,-108.0,,621.0,-319.0,-197.0,-200.0,227.0
-636.0,41.0,259.0,-149.0,,282.0,-475.0,136.0,-25.0,250.0
-675.0,-861.0,293.0,-200.0,,171.0,-528.0,404.0,-7.0,446.0
-684.0,-214.0,354.0,48.0,,-10.0,-604.0,458.0,200.0,675.0
-667.0,169.0,316.0,13.0,,-427.0,-645.0,363.0,218.0,720.0
-604.0,-85.0,253.0,15.0,,17.0,-659.0,-86.0,-40.0,693.0
-538.0,-384.0,211.0,145.0,,173.0,-710.0,-380.0,-202.0,583.0
-506.0,251.0,140.0,211.0,,-58.0,-617.0,-521.0,-18.0,444.0
-434.0,894.0,32.0,255.0,,269.0,-426.0,-280.0,216.0,384.0
-351.0,1146.0,-58.0,84.0,,-144.0,-232.0,7.0,-137.0,290.0
-299.0,732.0,-37.0,177.0,,-394.0,-112.0,227.0,-394.0,236.0
-256.0,-94.0,-17.0,427.0,,263.0,-78.0,495.0,-500.0,179.0
-171.0,723.0,-18.0,110.0,,367.0,-28.0,432.0,-565.0,133.0
-76.0,203.0,-27.0,-135.0,,273.0,-15.0,410.0,-766.0,186.0
-33.0,-525.0,-28.0,193.0,,108.0,22.0,245.0,-948.0,302.0
-16.0,-351.0,-1.0,401.0,,-502.0,85.0,192.0,-604.0,442.0
28.0,-778.0,-22.0,201.0,,-116.0,51.0,351.0,-300.0,477.0
114.0,-887.0,-49.0,148.0,,425.0,1.0,509.0,-174.0,559.0
165.0,-551.0,-67.0,403.0,,-22.0,16.0,727.0,-76.0,579.0
161.0,-239.0,-94.0,246.0,,432.0,86.0,556.0,0.0,500.0
168.0,-1073.0,-49.0,-142.0,,803.0,140.0,327.0,-200.0,507.0
191.0,-988.0,-3.0,-150.0,,191.0,159.0,42.0,-30.0,401.0
155.0,-316.0,44.0,-48.0,,519.0,137.0,-173.0,734.0,184.0
56.0,133.0,131.0,-118.0,,657.0,104.0,-262.0,588.0,41.0
-12.0,274.0,144.0,-242.0,,231.0,113.0,-528.0,309.0,-49.0
-34.0,-1438.0,186.0,-141.0,,788.0,101.0,-572.0,803.0,-87.0
-72.0,-397.0,191.0,15.0,,671.0,89.0,-447.0,1049.0,-151.0
-124.0,773.0,146.0,-44.0,,334.0,49.0,18.0,1064.0,-75.0
-139.0,-1113.0,207.0,-184.0,,1230.0,-39.0,376.0,848.0,0.0
-139.0,-842.0,238.0,-107.0,,1031.0,-71.0,315.0,380.0,-31.0
-167.0,247.0,230.0,48.0,,298.0,-108.0,173.0,200.0,255.0
-203.0,360.0,251.0,68.0,,565.0,-151.0,-92.0,83.0,478.0
-191.0,-335.0,233.0,-6.0,,392.0,-134.0,1.0,-112.0,540.0
-122.0,85.0,135.0,-132.0,,384.0,-123.0,73.0,-162.0,506.0
-72.0,803.0,64.0,27.0,,935.0,-76.0,83.0,-309.0,496.0
-27.0,-34.0,-34.0,131.0,,589.0,17.0,136.0,-541.0,506.0
56.0,937.0,-173.0,57.0,,269.0,132.0,-105.0,-250.0,347.0
146.0,1394.0,-285.0,276.0,,282.0,288.0,-258.0,16.0,360.0
160.0,788.0,-349.0,335.0,,110.0,405.0,-476.0,-415.0,223.0
138.0,873.0,-314.0,198.0,,590.0,465.0,-424.0,-540.0,112.0
143.0,801.0,-314.0,147.0,,1101.0,469.0,-112.0,-568.0,104.0
128.0,935.0,-291.0,146.0,,1080.0,421.0,97.0,-785.0,142.0
75.0,343.0,-259.0,266.0,,990.0,391.0,297.0,-867.0,236.0
30.0,-103.0,-232.0,321.0,,688.0,412.0,315.0,-1099.0,254.0
39.0,-7.0,-148.0,310.0,,462.0,421.0,384.0,-1123.0,468.0
45.0,-711.0,-116.0,200.0,,783.0,380.0,310.0,-1024.0,454.0
13.0,-1575.0,-101.0,137.0,,921.0,355.0,260.0,-892.0,425.0
-2.0,-520.0,-85.0,204.0,,1011.0,349.0,195.0,-648.0,521.0
22.0,-70.0,-84.0,148.0,,1101.0,392.0,-33.0,-510.0,565.0
2.0,-1337.0,-46.0,142.0,,701.0,453.0,38.0,-504.0,542.0
-97.0,-885.0,-5.0,194.0,,920.0,486.0,57.0,-290.0,405.0
-181.0,-474.0,10.0,202.0,,1300.0,517.0,147.0,69.0,304.0
-196.0,-190.0,42.0,0.0,,1012.0,475.0,179.0,169.0,21.0
-218.0,263.0,53.0,-322.0,,974.0,400.0,44.0,-40.0,26.0
-307.0,108.0,53.0,-238.0,,1310.0,310.0,86.0,197.0,111.0
-338.0,112.0,42.0,5.0,,1380.0,184.0,36.0,647.0,-91.0
-318.0,699.0,59.0,-67.0,,1166.0,114.0,101.0,688.0,-168.0
-321.0,1473.0,55.0,-210.0,,847.0,101.0,75.0,608.0,-142.0
-368.0,631.0,23.0,-177.0,,360.0,136.0,77.0,567.0,-69.0
-388.0,262.0,40.0,-148.0,,668.0,176.0,218.0,914.0,-27.0
-343.0,546.0,-20.0,-235.0,,1173.0,163.0,205.0,780.0,13.0
-326.0,702.0,-69.0,-328.0,,790.0,241.0,175.0,509.0,-155.0
-322.0,501.0,-122.0,-91.0,,776.0,425.0,-59.0,209.0,-279.0
-289.0,-583.0,-208.0,159.0,,1003.0,571.0,-210.0,-88.0,-256.0
-239.0,-859.0,-192.0,34.0,,722.0,652.0,-389.0,-49.0,-294.0
-230.0,-245.0,-176.0,31.0,,597.0,682.0,-402.0,-194.0,-325.0
-222.0,-142.0,-119.0,101.0,,896.0,698.0,-136.0,-497.0,-395.0
-198.0,-863.0,-42.0,93.0,,715.0,644.0,-51.0,-884.0,-382.0
-160.0,-401.0,-55.0,-14.0,,550.0,575.0,206.0,-728.0,-364.0
-141.0,-254.0,-60.0,-82.0,,753.0,584.0,238.0,-692.0,-168.0
-133.0,-697.0,-76.0,107.0,,570.0,589.0,112.0,-706.0,-40.0
-68.0,-179.0,-107.0,114.0,,939.0,601.0,-81.0,-783.0,7.0
-2.0,418.0,-142.0,-24.0,,1125.0,636.0,-402.0,-688.0,158.0
35.0,247.0,-190.0,-33.0,,709.0,623.0,-351.0,-336.0,197.0
44.0,-375.0,-193.0,164.0,,978.0,521.0,-327.0,-123.0,245.0
104.0,563.0,-186.0,298.0,,1309.0,439.0,-99.0,-97.0,369.0
186.0,858.0,-185.0,226.0,,1076.0,399.0,273.0,-273.0,539.0
209.0,-259.0,-200.0,203.0,,965.0,322.0,600.0,82.0,459.0
190.0,-1032.0,-159.0,145.0,,916.0,264.0,844.0,292.0,294.0
186.0,-569.0,-118.0,4.0,,365.0,242.0,720.0,592.0,302.0
186.0,22.0,-82.0,-160.0,,358.0,264.0,628.0,542.0,433.0
151.0,-1133.0,30.0,-64.0,,594.0,349.0,362.0,329.0,395.0
111.0,-1201.0,95.0,51.0,,604.0,437.0,162.0,430.0,337.0
72.0,-612.0,192.0,-186.0,,1039.0,458.0,-5.0,522.0,381.0
51.0,-1384.0,262.0,-418.0,,728.0,467.0,-171.0,738.0,298.0
23.0,-1163.0,271.0,-510.0,,98.0,554.0,27.0,422.0,431.0
2.0,382.0,289.0,-505.0,,385.0,656.0,127.0,470.0,649.0
-27.0,195.0,306.0,-533.0,,652.0,627.0,356.0,574.0,701.0
-19.0,-26.0,308.0,-463.0,,648.0,557.0,463.0,476.0,615.0
-22.0,1338.0,276.0,-35.0,,765.0,559.0,421.0,570.0,697.0
-52.0,1360.0,294.0,271.0,,594.0,529.0,347.0,352.0,749.0
-15.0,471.0,262.0,259.0,,315.0,515.0,51.0,94.0,792.0
18.0,558.0,262.0,161.0,,365.0,515.0,-27.0,-2.0,851.0
23.0,1591.0,247.0,-20.0,,392.0,432.0,-96.0,13.0,651.0
25.0,1287.0,182.0,-338.0,,429.0,373.0,12.0,-58.0,609.0
66.0,780.0,186.0,-590.0,,742.0,428.0,25.0,-81.0,524.0
95.0,1073.0,138.0,-664.0,,820.0,483.0,-96.0,-359.0,490.0
96.0,140.0,120.0,-709.0,,688.0,486.0,29.0,-390.0,359.0
109.0,-126.0,93.0,-640.0,,822.0,523.0,-25.0,-135.0,198.0
142.0,260.0,55.0,-695.0,,977.0,599.0,64.0,-366.0,137.0
152.0,-157.0,42.0,-656.0,,1291.0,642.0,97.0,-551.0,-15.0
132.0,-499.0,0.0,-338.0,,1506.0,584.0,31.0,-500.0,-12.0
133.0,-152.0,35.0,-100.0,,1178.0,509.0,81.0,-46.0,-214.0
112.0,-325.0,53.0,123.0,,1158.0,434.0,7.0,78.0,-233.0
62.0,-1388.0,95.0,171.0,,1229.0,349.0,105.0,-181.0,-170.0
-8.0,-1891.0,192.0,152.0,,861.0,316.0,190.0,-91.0,-208.0
-50.0,-1749.0,183.0,56.0,,829.0,246.0,347.0,213.0,-259.0
-86.0,-1165.0,207.0,-79.0,,1024.0,144.0,290.0,392.0,-402.0
-140.0,-1370.0,253.0,-111.0,,792.0,81.0,31.0,390.0,-276.0
-163.0,-1876.0,250.0,-192.0,,729.0,79.0,-9.0,348.0,-251.0
-180.0,-1407.0,309.0,-84.0,,1094.0,120.0,-192.0,296.0,-274.0
-172.0,-1535.0,317.0,128.0,,1107.0,146.0,-177.0,661.0,-425.0
-190.0,-1500.0,339.0,-48.0,,1274.0,183.0,-251.0,744.0,-624.0
-238.0,-594.0,356.0,-313.0,,1460.0,252.0,-203.0,546.0,-572.0
-269.0,-388.0,292.0,-122.0,,793.0,285.0,160.0,532.0,-443.0
-292.0,-491.0,250.0,70.0,,588.0,222.0,297.0,597.0,-503.0
-293.0,414.0,124.0,-12.0,,820.0,154.0,548.0,736.0,-747.0
-313.0,912.0,108.0,-162.0,,525.0,135.0,580.0,825.0,-786.0
-315.0,497.0,113.0,-72.0,,824.0,150.0,543.0,461.0,-773.0
-256.0,590.0,88.0,-60.0,,1193.0,170.0,382.0,-60.0,-656.0
-214.0,671.0,141.0,-245.0,,631.0,152.0,27.0,16.0,-621.0
-170.0,1268.0,139.0,-72.0,,569.0,135.0,-157.0,-6.0,-636.0
-103.0,1106.0,218.0,130.0,,977.0,172.0,-314.0,-60.0,-621.0
-32.0,766.0,261.0,158.0,,828.0,221.0,-194.0,-299.0,-508.0
8.0,1270.0,291.0,-34.0,,794.0,266.0,-230.0,-627.0,-220.0
40.0,471.0,314.0,-212.0,,835.0,308.0,-214.0,-604.0,-14.0
89.0,411.0,290.0,-16.0,,299.0,308.0,-55.0,-372.0,126.0
109.0,787.0,263.0,114.0,,271.0,305.0,-92.0,-188.0,-50.0
123.0,1222.0,227.0,-44.0,,703.0,251.0,-168.0,-383.0,37.0
108.0,1076.0,205.0,-96.0,,337.0,144.0,-524.0,-302.0,249.0
56.0,680.0,111.0,17.0,,379.0,62.0,-473.0,-426.0,254.0
-19.0,1670.0,100.0,-75.0,,637.0,-3.0,-72.0,-423.0,265.0
-95.0,803.0,67.0,-269.0,,221.0,-95.0,264.0,-235.0,72.0
-125.0,-305.0,26.0,-321.0,,504.0,-238.0,402.0,-504.0,-128.0
-128.0,191.0,57.0,-229.0,,720.0,-328.0,210.0,-343.0,-309.0
-133.0,713.0,59.0,-228.0,,173.0,-369.0,153.0,-176.0,-270.0
-140.0,80.0,135.0,-255.0,,15.0,-338.0,-173.0,-113.0,-327.0
-132.0,-599.0,158.0,-83.0,,115.0,-174.0,-474.0,-87.0,-532.0
-131.0,-538.0,190.0,145.0,,41.0,19.0,-574.0,52.0,-758.0
-151.0,-1026.0,230.0,238.0,,128.0,173.0,-646.0,129.0,-888.0
-150.0,-1508.0,275.0,-78.0,,270.0,360.0,-524.0,-81.0,-673.0
-100.0,-1163.0,341.0,-340.0,,118.0,550.0,-591.0,243.0,-714.0
-36.0,-441.0,318.0,-248.0,,227.0,609.0,-476.0,286.0,-793.0
9.0,-1184.0,345.0,-150.0,,114.0,581.0,-262.0,161.0,-699.0
40.0,-901.0,334.0,-155.0,,-245.0,500.0,-53.0,295.0,-752.0
109.0,68.0,281.0,-354.0,,119.0,349.0,109.0,451.0,-585.0
161.0,-548.0,269.0,-470.0,,287.0,191.0,-48.0,478.0,-179.0
159.0,-798.0,276.0,-429.0,,177.0,38.0,-343.0,144.0,-151.0
179.0,-140.0,322.0,-429.0,,71.0,-188.0,-790.0,198.0,-288.0
247.0,175.0,317.0,-338.0,,237.0,-441.0,-840.0,68.0,-183.0
293.0,-712.0,284.0,-172.0,,845.0,-650.0,-681.0,-198.0,-40.0
256.0,-275.0,328.0,-116.0,,831.0,-758.0,-591.0,-64.0,64.0
242.0,171.0,362.0,-349.0,,501.0,-835.0,-448.0,-189.0,-45.0
287.0,-378.0,355.0,-456.0,,156.0,-980.0,-410.0,-99.0,-239.0
292.0,-8.0,389.0,-175.0,,1.0,-1029.0,-169.0,-202.0,-102.0
185.0,747.0,388.0,5.0,,256.0,-969.0,-210.0,-282.0,58.0
86.0,997.0,403.0,-11.0,,295.0,-835.0,-277.0,37.0,-160.0
49.0,718.0,441.0,-111.0,,148.0,-642.0,-70.0,-189.0,-249.0
-16.0,1468.0,415.0,19.0,,245.0,-399.0,66.0,-77.0,-25.0
-126.0,1245.0,409.0,56.0,,520.0,-163.0,306.0,73.0,19.0
-217.0,240.0,383.0,-225.0,,564.0,-54.0,336.0,61.0,-115.0
-246.0,115.0,316.0,-377.0,,425.0,-18.0,389.0,218.0,-248.0
-282.0,-747.0,257.0,-377.0,,503.0,-62.0,225.0,422.0,-330.0
-329.0,-330.0,239.0,-211.0,,665.0,-98.0,-171.0,354.0,-285.0
-340.0,421.0,212.0,-265.0,,528.0,-149.0,-310.0,112.0,-196.0
-321.0,-168.0,149.0,-351.0,,615.0,-291.0,-412.0,341.0,-286.0
-315.0,175.0,139.0,-100.0,,704.0,-435.0,-242.0,-55.0,-443.0
-286.0,371.0,98.0,96.0,,559.0,-580.0,-269.0,-77.0,-471.0
-210.0,366.0,62.0,-42.0,,693.0,-691.0,-351.0,0.0,-326.0
-156.0,324.0,63.0,-155.0,,629.0,-734.0,-402.0,-269.0,-227.0
-131.0,-19.0,21.0,204.0,,284.0,-689.0,-642.0,-64.0,-335.0
-92.0,177.0,13.0,278.0,,200.0,-627.0,-565.0,-170.0,-328.0
-20.0,227.0,26.0,-35.0,,409.0,-599.0,-524.0,-128.0,-232.0
28.0,351.0,34.0,-13.0,,446.0,-587.0,-426.0,102.0,-56.0
34.0,-192.0,83.0,213.0,,536.0,-623.0,-521.0,38.0,270.0
24.0,-246.0,116.0,230.0,,537.0,-709.0,-670.0,-156.0,348.0
58.0,385.0,122.0,-118.0,,157.0,-801.0,-559.0,140.0,177.0
124.0,-62.0,170.0,-498.0,,124.0,-816.0,-606.0,259.0,246.0
155.0,-99.0,229.0,-746.0,,495.0,-821.0,-613.0,124.0,480.0
158.0,14.0,304.0,-885.0,,495.0,-814.0,-692.0,86.0,431.0
170.0,-427.0,364.0,-847.0,,155.0,-692.0,-648.0,51.0,245.0
169.0,-286.0,381.0,-795.0,,166.0,-548.0,-681.0,362.0,62.0
108.0,618.0,383.0,-685.0,,183.0,-414.0,-665.0,332.0,-102.0
18.0,838.0,368.0,-654.0,,-33.0,-261.0,-327.0,42.0,-206.0
-33.0,255.0,402.0,-741.0,,-390.0,-183.0,-234.0,128.0,-376.0
-44.0,-193.0,371.0,-425.0,,-553.0,-187.0,-149.0,435.0,-496.0
-72.0,-112.0,355.0,30.0,,-279.0,-169.0,-153.0,276.0,-575.0
-95.0,-127.0,348.0,221.0,,3.0,-166.0,-57.0,249.0,-695.0
-78.0,-544.0,302.0,137.0,,-31.0,-267.0,171.0,308.0,-805.0
-39.0,-238.0,302.0,-24.0,,-608.0,-457.0,262.0,1.0,-770.0
-34.0,260.0,273.0,172.0,,-780.0,-623.0,399.0,-80.0,-603.0
-46.0,381.0,317.0,508.0,,-433.0,-762.0,363.0,-19.0,-438.0
5.0,16.0,307.0,719.0,,-418.0,-908.0,301.0,280.0,-352.0
47.0,22.0,327.0,531.0,,-493.0,-890.0,-24.0,121.0,-415.0
30.0,-484.0,389.0,166.0,,-1022.0,-767.0,-380.0,-54.0,-295.0
20.0,-393.0,369.0,137.0,,-1361.0,-644.0,-461.0,163.0,36.0
65.0,1251.0,367.0,83.0,,-1064.0,-497.0,-650.0,294.0,298.0
129.0,844.0,338.0,-202.0,,-1080.0,-371.0,-659.0,442.0,215.0
141.0,900.0,328.0,-528.0,,-911.0,-249.0,-659.0,29.0,48.0
166.0,1420.0,298.0,-711.0,,-953.0,-177.0,-543.0,-196.0,160.0
221.0,347.0,263.0,-729.0,,-1313.0,-174.0,-195.0,-65.0,155.0
275.0,-204.0,174.0,-627.0,,-857.0,-250.0,51.0,-143.0,162.0
294.0,-335.0,124.0,-207.0,,-383.0,-427.0,284.0,-100.0,93.0
292.0,-586.0,83.0,325.0,,-816.0,-612.0,304.0,60.0,-250.0
324.0,-444.0,18.0,573.0,,-1145.0,-738.0,286.0,58.0,-461.0
323.0,-22.0,-5.0,721.0,,-1047.0,-746.0,280.0,27.0,-369.0
291.0,-117.0,-64.0,865.0,,-1190.0,-675.0,327.0,10.0,-344.0
256.0,-37.0,-11.0,793.0,,-971.0,-583.0,367.0,-175.0,-610.0
254.0,-505.0,-34.0,550.0,,-756.0,-439.0,142.0,-95.0,-691.0
219.0,-608.0,-46.0,263.0,,-1070.0,-356.0,64.0,-100.0,-644.0
109.0,116.0,-35.0,24.0,,-1118.0,-355.0,-5.0,-213.0,-702.0
64.0,45.0,-90.0,109.0,,-1129.0,-325.0,38.0,-252.0,-741.0
53.0,161.0,-120.0,204.0,,-1162.0,-248.0,75.0,-201.0,-735.0
20.0,687.0,-202.0,193.0,,-742.0,-174.0,-16.0,-95.0,-911.0
-41.0,722.0,-195.0,198.0,,-847.0,-155.0,-5.0,-260.0,-1092.0
-57.0,343.0,-247.0,-82.0,,-1506.0,-140.0,-279.0,-245.0,-929.0
-29.0,381.0,-268.0,-359.0,,-1302.0,-151.0,-367.0,-128.0,-1043.0
-43.0,-19.0,-252.0,-531.0,,-1075.0,-191.0,-279.0,-150.0,-1320.0
-56.0,19.0,-277.0,-439.0,,-1543.0,-219.0,22.0,-64.0,-1291.0
-18.0,440.0,-248.0,-249.0,,-1426.0,-252.0,369.0,20.0,-950.0
62.0,302.0,-246.0,-347.0,,-1289.0,-247.0,247.0,210.0,-628.0
72.0,379.0,-237.0,-342.0,,-1439.0,-239.0,240.0,361.0,-764.0
75.0,219.0,-194.0,-268.0,,-876.0,-233.0,116.0,-73.0,-755.0
94.0,162.0,-121.0,-196.0,,-740.0,-205.0,-57.0,-89.0,-271.0
101.0,-42.0,-112.0,-19.0,,-1224.0,-175.0,-173.0,-23.0,220.0
88.0,105.0,-80.0,256.0,,-1093.0,-81.0,-343.0,-226.0,419.0
29.0,148.0,-5.0,473.0,,-1058.0,6.0,-321.0,-196.0,523.0
-5.0,18.0,29.0,356.0,,-1331.0,35.0,-321.0,-332.0,559.0
-46.0,-254.0,19.0,88.0,,-1031.0,74.0,-101.0,-142.0,645.0
-69.0,-670.0,-2.0,34.0,,-1195.0,66.0,97.0,-24.0,1028.0
-109.0,-273.0,-36.0,189.0,,-1693.0,26.0,269.0,57.0,1229.0
-169.0,-153.0,-25.0,162.0,,-1408.0,11.0,347.0,66.0,830.0
-216.0,36.0,6.0,-122.0,,-1146.0,26.0,212.0,212.0,396.0
-243.0,-494.0,26.0,-342.0,,-1014.0,18.0,299.0,421.0,612.0
-239.0,-613.0,83.0,-342.0,,-867.0,-65.0,258.0,190.0,798.0
-232.0,-108.0,120.0,-418.0,,-929.0,-137.0,325.0,121.0,411.0
-190.0,-616.0,172.0,-474.0,,-927.0,-188.0,328.0,30.0,172.0
-185.0,-755.0,204.0,-273.0,,-972.0,-250.0,223.0,-70.0,64.0
-180.0,-481.0,230.0,-193.0,,-1247.0,-301.0,249.0,-243.0,-263.0
-149.0,-76.0,201.0,-79.0,,-1379.0,-346.0,88.0,-196.0,-164.0
-149.0,-26.0,133.0,8.0,,-1525.0,-420.0,175.0,-61.0,-5.0
-140.0,393.0,61.0,0.0,,-1339.0,-483.0,145.0,55.0,-405.0
-96.0,266.0,14.0,248.0,,-816.0,-437.0,84.0,22.0,-606.0
-21.0,-82.0,-42.0,258.0,,-959.0,-324.0,90.0,-130.0,-325.0
68.0,496.0,-119.0,-11.0,,-1293.0,-193.0,-24.0,38.0,-32.0
117.0,721.0,-121.0,-25.0,,-1319.0,-56.0,140.0,-86.0,40.0
125.0,1225.0,-134.0,-21.0,,-1326.0,22.0,192.0,-274.0,85.0
151.0,926.0,-171.0,48.0,,-1147.0,107.0,339.0,-403.0,237.0
179.0,248.0,-174.0,334.0,,-1008.0,213.0,351.0,-491.0,434.0
181.0,173.0,-148.0,412.0,,-1336.0,265.0,144.0,-499.0,493.0
151.0,-114.0,-90.0,619.0,,-1050.0,247.0,33.0,-204.0,513.0
132.0,-180.0,0.0,823.0,,-500.0,153.0,-179.0,-61.0,674.0
114.0,-7.0,50.0,640.0,,-998.0,140.0,-90.0,-116.0,598.0
63.0,213.0,104.0,546.0,,-1625.0,195.0,-92.0,-50.0,467.0
7.0,710.0,158.0,376.0,,-1615.0,251.0,-101.0,-132.0,515.0
-12.0,495.0,213.0,131.0,,-1106.0,364.0,-33.0,255.0,493.0
-49.0,72.0,212.0,-242.0,,-703.0,442.0,1.0,414.0,400.0
-102.0,554.0,137.0,-536.0,,-1166.0,476.0,312.0,476.0,324.0
-151.0,283.0,124.0,-314.0,,-1547.0,461.0,443.0,334.0,233.0
-178.0,124.0,151.0,-305.0,,-1068.0,372.0,637.0,338.0,-90.0
-194.0,233.0,100.0,-286.0,,-761.0,264.0,713.0,645.0,-187.0
-214.0,149.0,50.0,-42.0,,-691.0,188.0,715.0,411.0,-18.0
-169.0,162.0,47.0,-48.0,,-837.0,110.0,844.0,422.0,-95.0
-108.0,-236.0,-61.0,-132.0,,-1018.0,33.0,910.0,180.0,-329.0
-54.0,-909.0,-127.0,-152.0,,-440.0,-15.0,1084.0,266.0,-429.0
-38.0,-1616.0,-178.0,-131.0,,-231.0,-56.0,776.0,352.0,-205.0
25.0,-657.0,-278.0,9.0,,-879.0,-54.0,273.0,113.0,-235.0
93.0,-282.0,-333.0,256.0,,-1225.0,-1.0,-127.0,103.0,-359.0
92.0,-766.0,-396.0,341.0,,-1360.0,87.0,-382.0,-39.0,-67.0
74.0,110.0,-446.0,500.0,,-1282.0,186.0,-312.0,113.0,3.0
64.0,654.0,-490.0,581.0,,-715.0,312.0,-256.0,-19.0,-151.0
111.0,712.0,-538.0,313.0,,-603.0,473.0,3.0,4.0,59.0
81.0,378.0,-557.0,-89.0,,-805.0,629.0,247.0,17.0,375.0
85.0,603.0,-544.0,-186.0,,-740.0,721.0,443.0,-208.0,327.0
123.0,996.0,-508.0,54.0,,-810.0,802.0,506.0,38.0,361.0
159.0,909.0,-497.0,-35.0,,-958.0,921.0,206.0,152.0,543.0
172.0,1668.0,-465.0,-138.0,,-786.0,955.0,-12.0,189.0,485.0
124.0,1848.0,-342.0,12.0,,-439.0,941.0,-325.0,-7.0,598.0
129.0,1291.0,-287.0,128.0,,-560.0,925.0,-412.0,-67.0,799.0
128.0,1141.0,-234.0,148.0,,-1162.0,839.0,-194.0,360.0,697.0
116.0,1269.0,-158.0,252.0,,-1243.0,718.0,-3.0,371.0,576.0
49.0,1044.0,-72.0,516.0,,-830.0,648.0,221.0,80.0,638.0
16.0,98.0,-41.0,505.0,,-625.0,541.0,284.0,-185.0,693.0
10.0,144.0,-118.0,88.0,,-415.0,316.0,400.0,-146.0,461.0
-52.0,933.0,-91.0,-281.0,,-440.0,143.0,295.0,-110.0,239.0
-121.0,158.0,-88.0,-377.0,,-569.0,48.0,118.0,-93.0,238.0
-140.0,-820.0,-87.0,-345.0,,-132.0,-21.0,134.0,68.0,153.0
-130.0,-283.0,-105.0,-314.0,,31.0,-52.0,158.0,-130.0,-135.0
-180.0,-355.0,-156.0,-395.0,,-198.0,-60.0,437.0,-27.0,-402.0
-230.0,-1345.0,-177.0,-493.0,,-185.0,-13.0,519.0,250.0,-448.0
-225.0,-684.0,-268.0,-657.0,,-449.0,28.0,480.0,480.0,-347.0
-237.0,-240.0,-267.0,-805.0,,-344.0,62.0,388.0,263.0,-379.0
-329.0,-1090.0,-291.0,-628.0,,296.0,141.0,264.0,-183.0,-544.0
-353.0,-660.0,-294.0,-294.0,,204.0,231.0,214.0,171.0,-527.0
-289.0,74.0,-297.0,-41.0,,-251.0,349.0,-105.0,363.0,-378.0
-261.0,-441.0,-328.0,25.0,,-172.0,431.0,-349.0,109.0,-44.0
-323.0,-894.0,-279.0,90.0,,-11.0,442.0,-681.0,-241.0,130.0
-368.0,-223.0,-310.0,190.0,,-23.0,461.0,-825.0,-222.0,-82.0
-339.0,-167.0,-328.0,286.0,,75.0,574.0,-694.0,282.0,-261.0
-366.0,-536.0,-324.0,385.0,,50.0,754.0,-541.0,235.0,85.0
-439.0,-166.0,-310.0,257.0,,174.0,843.0,-131.0,-3.0,490.0
-477.0,575.0,-314.0,65.0,,167.0,889.0,72.0,104.0,63.0
-411.0,970.0,-362.0,-51.0,,-349.0,913.0,328.0,-99.0,-190.0
-366.0,882.0,-356.0,-162.0,,-464.0,858.0,384.0,-219.0,147.0
-359.0,1129.0,-321.0,-522.0,,-89.0,748.0,164.0,139.0,94.0
-342.0,606.0,-318.0,-646.0,,-233.0,590.0,3.0,160.0,-87.0
-283.0,129.0,-299.0,-341.0,,-727.0,448.0,-297.0,-114.0,206.0
-204.0,67.0,-215.0,-373.0,,-504.0,335.0,-349.0,-270.0,171.0
-167.0,-131.0,-114.0,-414.0,,-170.0,208.0,-436.0,-146.0,-187.0
-92.0,183.0,-67.0,-259.0,,-127.0,138.0,-205.0,95.0,63.0
-16.0,682.0,-118.0,110.0,,125.0,138.0,338.0,-36.0,407.0
60.0,47.0,-132.0,332.0,,219.0,161.0,537.0,24.0,286.0
110.0,-249.0,-64.0,289.0,,101.0,260.0,528.0,117.0,355.0
129.0,515.0,-93.0,519.0,,145.0,359.0,199.0,98.0,614.0
137.0,-321.0,-118.0,477.0,,239.0,432.0,3.0,201.0,659.0
120.0,-425.0,-105.0,263.0,,114.0,478.0,-116.0,60.0,847.0
122.0,150.0,-162.0,121.0,,-75.0,409.0,-175.0,317.0,1102.0
129.0,-354.0,-189.0,-65.0,,-395.0,336.0,-96.0,302.0,1177.0
79.0,-892.0,-232.0,-65.0,,-287.0,293.0,60.0,37.0,1014.0
-12.0,-204.0,-235.0,65.0,,145.0,185.0,415.0,-147.0,1019.0
-44.0,-216.0,-243.0,116.0,,-437.0,31.0,423.0,-451.0,889.0
-41.0,-1516.0,-303.0,-85.0,,-957.0,-116.0,399.0,-456.0,644.0
-69.0,-416.0,-356.0,-179.0,,-468.0,-232.0,286.0,-568.0,744.0
-135.0,-366.0,-387.0,-25.0,,-57.0,-321.0,96.0,-600.0,581.0
-180.0,-1201.0,-416.0,168.0,,64.0,-389.0,-29.0,-844.0,356.0
-208.0,-238.0,-472.0,183.0,,35.0,-327.0,-428.0,-734.0,224.0
-254.0,833.0,-456.0,87.0,,-575.0,-169.0,-715.0,-447.0,126.0
-304.0,475.0,-414.0,-69.0,,-1064.0,-22.0,-1018.0,-472.0,109.0
-332.0,-317.0,-372.0,-303.0,,-976.0,159.0,-1108.0,-250.0,224.0
-312.0,498.0,-403.0,-191.0,,-765.0,349.0,-921.0,-317.0,216.0
-233.0,-91.0,-369.0,-2.0,,-657.0,513.0,-724.0,-378.0,-133.0
-208.0,-947.0,-287.0,86.0,,-809.0,635.0,-339.0,-33.0,-99.0
-215.0,-685.0,-275.0,126.0,,-521.0,688.0,-36.0,241.0,258.0
-176.0,-678.0,-188.0,69.0,,-64.0,641.0,221.0,98.0,238.0
-139.0,-1100.0,-87.0,15.0,,-70.0,518.0,256.0,228.0,-3.0
-105.0,-1177.0,0.0,-194.0,,-365.0,348.0,96.0,308.0,119.0
-91.0,-4.0,5.0,-223.0,,-701.0,135.0,-72.0,91.0,159.0
-6.0,205.0,-8.0,-121.0,,-415.0,-21.0,-419.0,147.0,-4.0
66.0,102.0,0.0,-231.0,,-24.0,-115.0,-598.0,34.0,195.0
103.0,363.0,32.0,-290.0,,-345.0,-183.0,-726.0,26.0,175.0
110.0,463.0,34.0,-285.0,,-310.0,-162.0,-859.0,140.0,-139.0
103.0,497.0,-2.0,-252.0,,114.0,-76.0,-1023.0,185.0,-96.0
139.0,188.0,-13.0,-253.0,,-33.0,-28.0,-1195.0,254.0,88.0
94.0,201.0,-58.0,-358.0,,-205.0,71.0,-962.0,2.0,-66.0
69.0,612.0,-86.0,-380.0,,-371.0,218.0,-630.0,-187.0,-176.0
44.0,510.0,-131.0,-343.0,,-185.0,290.0,-271.0,-24.0,52.0
16.0,371.0,-131.0,-269.0,,528.0,285.0,-107.0,23.0,62.0
10.0,262.0,-164.0,-201.0,,551.0,191.0,-29.0,-128.0,7.0
23.0,-87.0,-210.0,-145.0,,175.0,85.0,206.0,-149.0,15.0
35.0,616.0,-232.0,44.0,,319.0,-41.0,310.0,18.0,157.0
-8.0,600.0,-309.0,170.0,,623.0,-198.0,554.0,187.0,290.0
-29.0,375.0,-300.0,244.0,,828.0,-299.0,648.0,284.0,327.0
-13.0,558.0,-301.0,301.0,,601.0,-377.0,678.0,244.0,542.0
28.0,36.0,-294.0,235.0,,133.0,-356.0,567.0,166.0,465.0
-16.0,-418.0,-253.0,163.0,,174.0,-299.0,99.0,59.0,535.0
-78.0,-457.0,-198.0,-27.0,,475.0,-278.0,-262.0,-36.0,758.0
-35.0,348.0,-164.0,-158.0,,764.0,-197.0,-618.0,125.0,695.0
65.0,-60.0,-143.0,30.0,,545.0,-93.0,-569.0,0.0,501.0
90.0,-814.0,-126.0,157.0,,6.0,47.0,-351.0,-119.0,374.0
58.0,-102.0,-85.0,83.0,,373.0,177.0,-46.0,277.0,334.0
119.0,428.0,46.0,-77.0,,989.0,243.0,426.0,396.0,259.0
264.0,-46.0,119.0,-62.0,,1001.0,269.0,574.0,559.0,315.0
369.0,-327.0,170.0,211.0,,782.0,291.0,652.0,807.0,108.0
386.0,295.0,190.0,214.0,,114.0,380.0,424.0,726.0,-115.0
456.0,407.0,216.0,168.0,,74.0,420.0,129.0,769.0,-47.0
555.0,-2.0,256.0,370.0,,562.0,350.0,-48.0,706.0,17.0
597.0,-158.0,250.0,366.0,,498.0,271.0,-138.0,556.0,25.0
543.0,-22.0,266.0,105.0,,707.0,215.0,81.0,407.0,71.0
495.0,-83.0,269.0,63.0,,359.0,132.0,258.0,86.0,24.0
516.0,-1.0,252.0,321.0,,-256.0,57.0,504.0,90.0,-67.0
480.0,159.0,253.0,381.0,,278.0,38.0,578.0,282.0,214.0
398.0,19.0,238.0,197.0,,543.0,-76.0,567.0,96.0,400.0
356.0,22.0,238.0,202.0,,121.0,-211.0,448.0,-346.0,245.0
315.0,234.0,221.0,197.0,,-107.0,-239.0,20.0,-508.0,273.0
241.0,499.0,148.0,20.0,,-252.0,-258.0,-68.0,-82.0,348.0
174.0,436.0,87.0,-50.0,,348.0,-233.0,-66.0,94.0,279.0
122.0,132.0,11.0,-238.0,,714.0,-171.0,153.0,-384.0,330.0
108.0,194.0,0.0,-377.0,,132.0,-121.0,463.0,-338.0,204.0
56.0,851.0,-27.0,-268.0,,123.0,-135.0,615.0,22.0,-72.0
48.0,622.0,-85.0,-265.0,,256.0,-218.0,807.0,46.0,-200.0
114.0,115.0,-44.0,-415.0,,256.0,-277.0,593.0,302.0,-298.0
134.0,-99.0,-14.0,-492.0,,19.0,-359.0,332.0,124.0,-354.0
114.0,-246.0,-33.0,-419.0,,-356.0,-398.0,48.0,-60.0,-468.0
132.0,-73.0,-31.0,-377.0,,-29.0,-363.0,-18.0,51.0,-430.0
201.0,-720.0,16.0,-539.0,,-85.0,-317.0,179.0,-130.0,-317.0
207.0,-688.0,2.0,-550.0,,-232.0,-240.0,219.0,310.0,-473.0
161.0,-132.0,30.0,-265.0,,382.0,-152.0,293.0,369.0,-485.0
138.0,-20.0,104.0,-189.0,,366.0,-29.0,203.0,44.0,-264.0
218.0,-323.0,104.0,-263.0,,266.0,54.0,147.0,226.0,-119.0
243.0,-428.0,132.0,-172.0,,494.0,76.0,-107.0,497.0,-74.0
189.0,206.0,162.0,-18.0,,143.0,77.0,-413.0,579.0,-15.0
174.0,242.0,174.0,-87.0,,294.0,54.0,-460.0,132.0,104.0
218.0,567.0,208.0,-224.0,,402.0,56.0,-504.0,88.0,215.0
230.0,963.0,274.0,-21.0,,-36.0,23.0,-334.0,180.0,405.0
146.0,538.0,261.0,198.0,,73.0,-64.0,-214.0,125.0,452.0
156.0,-83.0,200.0,58.0,,-400.0,-176.0,-35.0,33.0,385.0
192.0,-172.0,196.0,-197.0,,-864.0,-264.0,147.0,-273.0,483.0
226.0,-119.0,168.0,-242.0,,-590.0,-266.0,225.0,-315.0,636.0
218.0,-632.0,137.0,-46.0,,-661.0,-251.0,351.0,-290.0,666.0
199.0,-931.0,148.0,-27.0,,-425.0,-216.0,330.0,-3.0,681.0
236.0,-411.0,133.0,-154.0,,-228.0,-203.0,448.0,-243.0,832.0
224.0,18.0,139.0,-72.0,,33.0,-264.0,314.0,-668.0,750.0
188.0,-428.0,152.0,100.0,,584.0,-284.0,72.0,-174.0,694.0
137.0,-657.0,176.0,183.0,,309.0,-306.0,138.0,180.0,829.0
162.0,-631.0,223.0,89.0,,229.0,-340.0,247.0,11.0,773.0
158.0,-125.0,191.0,110.0,,423.0,-353.0,679.0,-130.0,672.0
95.0,283.0,179.0,114.0,,-256.0,-348.0,964.0,-83.0,634.0
81.0,-144.0,154.0,-96.0,,-561.0,-319.0,1154.0,-319.0,533.0
99.0,52.0,153.0,-263.0,,-351.0,-375.0,1239.0,-115.0,420.0
80.0,148.0,189.0,-301.0,,-200.0,-486.0,1012.0,181.0,415.0
9.0,-23.0,154.0,-314.0,,20.0,-575.0,931.0,-77.0,428.0
32.0,75.0,162.0,-397.0,,-693.0,-628.0,674.0,2.0,449.0
88.0,-167.0,203.0,-307.0,,-732.0,-683.0,506.0,163.0,343.0
95.0,52.0,216.0,-44.0,,318.0,-771.0,314.0,580.0,285.0
102.0,493.0,198.0,207.0,,331.0,-883.0,120.0,483.0,310.0
143.0,924.0,188.0,349.0,,388.0,-967.0,103.0,107.0,252.0
176.0,1009.0,192.0,484.0,,579.0,-993.0,7.0,243.0,341.0
172.0,-163.0,175.0,754.0,,179.0,-1016.0,140.0,387.0,317.0
173.0,-380.0,135.0,727.0,,115.0,-998.0,125.0,396.0,181.0
223.0,859.0,135.0,524.0,,217.0,-912.0,151.0,159.0,164.0
275.0,706.0,163.0,421.0,,594.0,-793.0,194.0,225.0,216.0
266.0,-427.0,172.0,202.0,,791.0,-656.0,125.0,108.0,273.0
242.0,-323.0,143.0,-89.0,,226.0,-493.0,264.0,48.0,276.0
260.0,-554.0,134.0,-408.0,,241.0,-370.0,299.0,-94.0,94.0
294.0,-1062.0,133.0,-536.0,,589.0,-289.0,404.0,-445.0,-76.0
252.0,-480.0,108.0,-494.0,,641.0,-222.0,395.0,-483.0,-18.0
191.0,-664.0,135.0,-402.0,,517.0,-207.0,487.0,-428.0,15.0
186.0,-531.0,133.0,-415.0,,-42.0,-182.0,661.0,-48.0,36.0
185.0,471.0,126.0,-605.0,,117.0,-180.0,570.0,-32.0,-6.0
136.0,345.0,90.0,-603.0,,580.0,-214.0,504.0,67.0,-22.0
92.0,320.0,77.0,-580.0,,328.0,-263.0,177.0,314.0,48.0
85.0,895.0,111.0,-516.0,,288.0,-370.0,62.0,196.0,203.0
82.0,875.0,51.0,-190.0,,30.0,-440.0,162.0,403.0,440.0
61.0,852.0,59.0,182.0,,-121.0,-497.0,230.0,600.0,445.0
39.0,791.0,137.0,336.0,,278.0,-528.0,388.0,237.0,404.0
51.0,860.0,209.0,339.0,,219.0,-486.0,254.0,-62.0,493.0
71.0,1274.0,241.0,403.0,,294.0,-512.0,254.0,367.0,578.0
88.0,934.0,263.0,501.0,,337.0,-571.0,330.0,499.0,518.0
105.0,652.0,331.0,487.0,,6.0,-610.0,524.0,163.0,332.0
154.0,587.0,317.0,474.0,,16.0,-643.0,783.0,59.0,172.0
176.0,329.0,312.0,588.0,,-128.0,-579.0,883.0,6.0,77.0
168.0,288.0,317.0,588.0,,-137.0,-479.0,1117.0,270.0,-3.0
219.0,-7.0,320.0,580.0,,468.0,-427.0,1091.0,22.0,-39.0
306.0,-39.0,341.0,404.0,,539.0,-400.0,1036.0,-80.0,-56.0
362.0,-153.0,286.0,227.0,,177.0,-433.0,957.0,225.0,-189.0
360.0,-311.0,275.0,321.0,,209.0,-538.0,790.0,-182.0,-191.0
371.0,1.0,265.0,168.0,,753.0,-605.0,659.0,-146.0,-118.0
383.0,-39.0,246.0,-195.0,,1168.0,-623.0,334.0,-169.0,-86.0
346.0,180.0,215.0,-420.0,,486.0,-632.0,223.0,11.0,-107.0
317.0,86.0,178.0,-425.0,,171.0,-621.0,112.0,50.0,-105.0
375.0,43.0,171.0,-320.0,,706.0,-640.0,16.0,-203.0,-24.0
454.0,69.0,141.0,-245.0,,678.0,-578.0,-212.0,79.0,-68.0
453.0,-787.0,146.0,-157.0,,254.0,-405.0,-528.0,15.0,-83.0
433.0,109.0,114.0,68.0,,-226.0,-277.0,-410.0,175.0,-67.0
465.0,597.0,114.0,-28.0,,54.0,-130.0,-258.0,60.0,37.0
495.0,-407.0,92.0,-323.0,,820.0,30.0,75.0,285.0,92.0
441.0,201.0,32.0,-418.0,,565.0,170.0,349.0,131.0,94.0
386.0,512.0,56.0,-502.0,,266.0,268.0,548.0,-309.0,101.0
408.0,-340.0,73.0,-563.0,,302.0,216.0,844.0,309.0,151.0
404.0,-734.0,101.0,-687.0,,171.0,130.0,934.0,279.0,277.0
334.0,-207.0,117.0,-541.0,,706.0,76.0,1034.0,329.0,200.0
244.0,-205.0,139.0,-90.0,,1063.0,31.0,929.0,397.0,193.0
205.0,-512.0,232.0,170.0,,759.0,-79.0,837.0,104.0,150.0
193.0,-482.0,290.0,151.0,,377.0,-246.0,731.0,-32.0,62.0
120.0,-439.0,353.0,257.0,,-68.0,-348.0,639.0,61.0,0.0
46.0,-357.0,440.0,533.0,,-54.0,-417.0,668.0,-120.0,-90.0
11.0,-775.0,472.0,543.0,,18.0,-440.0,376.0,-322.0,-242.0
-30.0,301.0,557.0,307.0,,161.0,-422.0,306.0,-248.0,-586.0
-142.0,481.0,625.0,145.0,,786.0,-381.0,323.0,-429.0,-773.0
-220.0,-948.0,692.0,66.0,,932.0,-301.0,256.0,98.0,-763.0
-201.0,-334.0,765.0,30.0,,620.0,-191.0,194.0,-113.0,-769.0
-173.0,601.0,767.0,125.0,,204.0,-101.0,-9.0,-185.0,-855.0
-216.0,-309.0,747.0,235.0,,84.0,37.0,11.0,237.0,-668.0
-264.0,-1269.0,703.0,403.0,,842.0,213.0,24.0,37.0,-505.0
-193.0,-128.0,627.0,529.0,,891.0,246.0,123.0,372.0,-507.0
-139.0,409.0,511.0,444.0,,292.0,230.0,133.0,256.0,-245.0
-149.0,421.0,404.0,440.0,,587.0,202.0,155.0,356.0,-39.0
-154.0,400.0,354.0,573.0,,669.0,124.0,310.0,117.0,59.0
-100.0,326.0,333.0,487.0,,358.0,79.0,173.0,-191.0,45.0
-31.0,788.0,227.0,272.0,,373.0,38.0,243.0,373.0,154.0
-7.0,71.0,124.0,62.0,,451.0,-46.0,216.0,64.0,209.0
-10.0,605.0,25.0,-148.0,,592.0,-111.0,101.0,-10.0,120.0
-1.0,1216.0,-61.0,-271.0,,565.0,-124.0,68.0,135.0,150.0
15.0,424.0,-81.0,-268.0,,527.0,-143.0,24.0,-205.0,5.0
0.0,-617.0,-82.0,-169.0,,650.0,-103.0,188.0,6.0,-140.0
-5.0,-223.0,-16.0,-153.0,,262.0,21.0,116.0,253.0,-373.0
-21.0,682.0,64.0,-257.0,,-137.0,183.0,219.0,-73.0,-430.0
-44.0,-879.0,115.0,-326.0,,395.0,311.0,432.0,-102.0,-357.0
-94.0,-660.0,111.0,-262.0,,1141.0,414.0,524.0,-102.0,-528.0
-162.0,486.0,165.0,-55.0,,941.0,542.0,691.0,-427.0,-621.0
-211.0,-49.0,187.0,304.0,,5.0,607.0,631.0,-299.0,-606.0
-242.0,-415.0,187.0,574.0,,-132.0,579.0,667.0,-349.0,-551.0
-288.0,-439.0,272.0,813.0,,294.0,507.0,493.0,-524.0,-532.0
-303.0,-256.0,307.0,936.0,,91.0,402.0,221.0,-302.0,-429.0
-284.0,92.0,327.0,671.0,,120.0,235.0,9.0,-379.0,-361.0
-307.0,142.0,340.0,364.0,,172.0,107.0,-212.0,-407.0,-318.0
-316.0,156.0,354.0,279.0,,-104.0,36.0,-166.0,-222.0,-146.0
-281.0,509.0,377.0,385.0,,55.0,-56.0,-273.0,-351.0,33.0
-209.0,-337.0,348.0,230.0,,111.0,-110.0,-158.0,-12.0,134.0
-200.0,-791.0,305.0,-152.0,,128.0,-102.0,9.0,255.0,22.0
-188.0,-228.0,315.0,-286.0,,295.0,-34.0,96.0,178.0,7.0
-162.0,-72.0,296.0,-268.0,,404.0,56.0,127.0,339.0,100.0
-154.0,-472.0,249.0,-183.0,,863.0,96.0,-168.0,91.0,-27.0
-144.0,82.0,191.0,-151.0,,1078.0,146.0,-279.0,340.0,-88.0
-164.0,819.0,181.0,-185.0,,544.0,249.0,-456.0,446.0,-50.0
-120.0,-333.0,214.0,-181.0,,46.0,397.0,-511.0,255.0,-226.0
-67.0,-208.0,171.0,-234.0,,35.0,526.0,-439.0,381.0,-451.0
-40.0,760.0,195.0,-312.0,,175.0,587.0,-365.0,160.0,-557.0
-26.0,896.0,237.0,-338.0,,143.0,624.0,-199.0,306.0,-596.0
0.0,209.0,256.0,-221.0,,297.0,640.0,-330.0,158.0,-737.0
30.0,-47.0,294.0,-244.0,,605.0,631.0,-328.0,-212.0,-906.0
63.0,543.0,308.0,-480.0,,298.0,571.0,-186.0,-68.0,-941.0
86.0,-371.0,351.0,-430.0,,127.0,486.0,53.0,-93.0,-1020.0
75.0,-1157.0,357.0,-231.0,,625.0,459.0,214.0,-364.0,-1065.0
66.0,-935.0,365.0,-323.0,,999.0,443.0,144.0,-515.0,-1048.0
54.0,-288.0,418.0,-359.0,,1129.0,418.0,169.0,-571.0,-942.0
59.0,-391.0,471.0,-175.0,,638.0,435.0,3.0,-334.0,-950.0
43.0,-390.0,509.0,-13.0,,-29.0,498.0,-35.0,-270.0,-1082.0
18.0,417.0,494.0,141.0,,148.0,561.0,0.0,-243.0,-975.0
-15.0,5.0,501.0,274.0,,434.0,617.0,7.0,117.0,-876.0
-30.0,79.0,547.0,479.0,,730.0,648.0,75.0,-160.0,-821.0
-27.0,168.0,521.0,479.0,,955.0,615.0,-62.0,-282.0,-779.0
-45.0,-63.0,462.0,314.0,,427.0,599.0,-24.0,-82.0,-690.0
-59.0,497.0,434.0,129.0,,1.0,568.0,-214.0,13.0,-673.0
-52.0,327.0,370.0,-182.0,,168.0,461.0,-461.0,-204.0,-634.0
-21.0,42.0,297.0,-201.0,,630.0,331.0,-452.0,-652.0,-361.0
-26.0,509.0,258.0,-157.0,,565.0,218.0,-556.0,-343.0,-224.0
-42.0,-379.0,262.0,-315.0,,-26.0,189.0,-663.0,9.0,-273.0
-35.0,-668.0,259.0,-405.0,,151.0,192.0,-894.0,-300.0,-305.0
6.0,741.0,225.0,-277.0,,586.0,169.0,-848.0,-375.0,-57.0
2.0,-299.0,209.0,-50.0,,491.0,174.0,-787.0,-161.0,7.0
-33.0,-1501.0,188.0,-72.0,,254.0,229.0,-722.0,-105.0,-113.0
-44.0,-416.0,179.0,-178.0,,146.0,335.0,-474.0,171.0,-59.0
-42.0,642.0,126.0,-97.0,,310.0,511.0,-419.0,221.0,-173.0
-36.0,-1080.0,78.0,-6.0,,236.0,680.0,-269.0,270.0,-462.0
-51.0,-2315.0,101.0,22.0,,-187.0,691.0,-395.0,286.0,-556.0
-22.0,-355.0,81.0,111.0,,-131.0,654.0,-447.0,455.0,-471.0
19.0,460.0,59.0,222.0,,-56.0,670.0,-362.0,794.0,-788.0
74.0,-629.0,63.0,322.0,,-87.0,670.0,-413.0,243.0,-1008.0
88.0,-617.0,51.0,370.0,,269.0,676.0,-380.0,-24.0,-856.0
61.0,614.0,59.0,391.0,,593.0,639.0,-511.0,297.0,-871.0
29.0,34.0,58.0,478.0,,772.0,551.0,-434.0,510.0,-926.0
-41.0,-27.0,71.0,407.0,,605.0,472.0,-450.0,596.0,-886.0
-100.0,101.0,192.0,197.0,,648.0,394.0,-476.0,414.0,-797.0
-144.0,22.0,272.0,50.0,,717.0,378.0,-389.0,382.0,-919.0
-206.0,21.0,295.0,-92.0,,61.0,370.0,-424.0,394.0,-998.0
-248.0,-541.0,332.0,-264.0,,-299.0,363.0,-212.0,318.0,-895.0
-232.0,436.0,332.0,-369.0,,-7.0,446.0,-5.0,478.0,-809.0
-196.0,-19.0,293.0,-354.0,,262.0,527.0,319.0,242.0,-759.0
-187.0,-913.0,254.0,-279.0,,-282.0,557.0,371.0,-91.0,-776.0
-183.0,-58.0,232.0,-233.0,,-830.0,534.0,70.0,15.0,-634.0
-115.0,1133.0,181.0,-207.0,,-90.0,521.0,-188.0,-5.0,-590.0
-21.0,-85.0,146.0,-102.0,,655.0,550.0,-567.0,93.0,-565.0
16.0,-672.0,79.0,-41.0,,581.0,568.0,-829.0,141.0,-293.0
-33.0,-124.0,32.0,-46.0,,361.0,500.0,-1215.0,-373.0,-182.0
-31.0,-1213.0,10.0,-107.0,,329.0,386.0,-1426.0,-469.0,-314.0
3.0,-249.0,-65.0,-52.0,,372.0,401.0,-1428.0,30.0,-227.0
-29.0,-420.0,-111.0,173.0,,-83.0,465.0,-1465.0,-27.0,41.0
-91.0,-936.0,-170.0,179.0,,-407.0,530.0,-1152.0,-81.0,81.0
-147.0,-49.0,-222.0,65.0,,-128.0,605.0,-899.0,-167.0,-11.0
-130.0,-61.0,-256.0,79.0,,-131.0,691.0,-626.0,-191.0,-35.0
-175.0,-530.0,-280.0,194.0,,-51.0,755.0,-419.0,161.0,74.0
-248.0,-1174.0,-242.0,217.0,,-43.0,724.0,-351.0,80.0,65.0
-297.0,-734.0,-234.0,76.0,,-431.0,683.0,-194.0,15.0,46.0
-305.0,-535.0,-196.0,102.0,,-428.0,565.0,-293.0,-76.0,64.0
-299.0,320.0,-147.0,219.0,,-61.0,359.0,-413.0,93.0,-64.0
-332.0,438.0,-112.0,183.0,,682.0,149.0,-576.0,133.0,-197.0
-335.0,126.0,-2.0,175.0,,672.0,-42.0,-679.0,350.0,-239.0
-338.0,749.0,55.0,172.0,,-390.0,-174.0,-818.0,404.0,-256.0
-316.0,-531.0,160.0,210.0,,-522.0,-277.0,-1069.0,-402.0,-592.0
-334.0,-27.0,280.0,206.0,,-155.0,-335.0,-1029.0,310.0,-778.0
-332.0,736.0,282.0,34.0,,-59.0,-286.0,-1021.0,289.0,-783.0
-337.0,352.0,298.0,-33.0,,-66.0,-157.0,-862.0,-154.0,-1051.0
-346.0,457.0,332.0,-106.0,,-331.0,-28.0,-654.0,507.0,-1247.0
-329.0,721.0,353.0,-107.0,,-219.0,93.0,-424.0,-76.0,-1231.0
-326.0,1272.0,373.0,75.0,,-107.0,233.0,-155.0,90.0,-1165.0
-298.0,-456.0,358.0,238.0,,-5.0,347.0,-245.0,454.0,-1216.0
-311.0,-557.0,333.0,260.0,,315.0,428.0,-356.0,68.0,-1175.0
-297.0,-78.0,339.0,131.0,,11.0,387.0,-681.0,-339.0,-1021.0
-275.0,-514.0,281.0,-19.0,,-268.0,266.0,-962.0,-679.0,-946.0
-236.0,-260.0,189.0,-114.0,,-403.0,287.0,-1127.0,-238.0,-954.0
-211.0,-277.0,114.0,-76.0,,-562.0,318.0,-1285.0,-142.0,-781.0
-186.0,-116.0,46.0,-82.0,,-50.0,292.0,-1243.0,-531.0,-711.0
-146.0,-663.0,34.0,-135.0,,-3.0,203.0,-1417.0,-829.0,-1024.0
-131.0,-576.0,26.0,-289.0,,-448.0,39.0,-1457.0,-550.0,-977.0
-128.0,-1263.0,-13.0,-525.0,,-350.0,-82.0,-1472.0,12.0,-774.0
-184.0,-756.0,9.0,-701.0,,-181.0,-183.0,-1455.0,328.0,-880.0
-192.0,-74.0,13.0,-817.0,,-8.0,-229.0,-1326.0,328.0,-992.0
-225.0,-379.0,0.0,-583.0,,-172.0,-276.0,-1289.0,20.0,-979.0
-257.0,639.0,38.0,-321.0,,-372.0,-352.0,-1053.0,104.0,-1031.0
-294.0,525.0,25.0,-305.0,,-317.0,-346.0,-1016.0,441.0,-865.0
-328.0,638.0,23.0,-408.0,,-504.0,-338.0,-920.0,315.0,-544.0
-339.0,1196.0,49.0,-624.0,,-187.0,-380.0,-716.0,199.0,-574.0
-414.0,1313.0,105.0,-754.0,,-304.0,-358.0,-456.0,180.0,-502.0
-461.0,430.0,148.0,-773.0,,-829.0,-261.0,-105.0,-326.0,-400.0
-503.0,558.0,171.0,-712.0,,-597.0,-198.0,-254.0,-8.0,-329.0
-506.0,1375.0,114.0,-439.0,,-474.0,-161.0,-419.0,581.0,-256.0
-511.0,871.0,83.0,-67.0,,-260.0,-105.0,-709.0,97.0,-419.0
-530.0,246.0,93.0,-16.0,,-333.0,-41.0,-1075.0,-231.0,-580.0
-528.0,-561.0,27.0,-73.0,,-559.0,1.0,-1210.0,-65.0,-538.0
-521.0,-141.0,39.0,-47.0,,-131.0,32.0,-1258.0,161.0,-481.0
-504.0,-208.0,37.0,85.0,,43.0,101.0,-1027.0,510.0,-771.0
-474.0,-1278.0,68.0,326.0,,-3.0,163.0,-971.0,500.0,-759.0
-428.0,-1047.0,73.0,422.0,,-221.0,148.0,-807.0,-62.0,-512.0
-384.0,-302.0,39.0,646.0,,-455.0,110.0,-535.0,-359.0,-588.0
-295.0,-858.0,15.0,780.0,,1.0,68.0,-328.0,-200.0,-595.0
-216.0,-1418.0,-57.0,522.0,,248.0,27.0,-75.0,-42.0,-339.0
-118.0,-92.0,-111.0,228.0,,79.0,-67.0,-11.0,-89.0,-208.0
-37.0,642.0,-159.0,150.0,,31.0,-256.0,96.0,-290.0,-272.0
27.0,-51.0,-152.0,137.0,,-122.0,-421.0,-160.0,-477.0,-22.0
107.0,-87.0,-170.0,-19.0,,254.0,-528.0,-452.0,-436.0,215.0
174.0,376.0,-225.0,-166.0,,388.0,-632.0,-611.0,-375.0,92.0
228.0,-416.0,-254.0,-69.0,,-170.0,-723.0,-947.0,-492.0,67.0
222.0,-1174.0,-260.0,107.0,,-183.0,-732.0,-1141.0,-359.0,404.0
219.0,95.0,-267.0,-13.0,,-293.0,-682.0,-1439.0,-190.0,430.0
203.0,873.0,-213.0,-164.0,,-244.0,-589.0,-1461.0,-388.0,158.0
139.0,-76.0,-185.0,-144.0,,-142.0,-458.0,-1454.0,-416.0,248.0
-7.0,178.0,-166.0,-173.0,,-361.0,-367.0,-1515.0,-141.0,309.0
-145.0,1216.0,-79.0,-202.0,,0.0,-282.0,-1358.0,-99.0,180.0
-218.0,1171.0,-54.0,-148.0,,-67.0,-252.0,-1232.0,-159.0,130.0
-293.0,230.0,23.0,-5.0,,-117.0,-259.0,-752.0,-60.0,198.0
-393.0,46.0,57.0,82.0,,-40.0,-206.0,-341.0,-73.0,57.0
-462.0,1103.0,105.0,21.0,,-395.0,-152.0,-12.0,-66.0,-108.0
-483.0,547.0,204.0,-45.0,,92.0,-79.0,138.0,-142.0,141.0
-535.0,-198.0,190.0,-9.0,,270.0,-35.0,-29.0,-121.0,205.0
-593.0,-144.0,161.0,-69.0,,-123.0,-151.0,-116.0,29.0,41.0
-627.0,-93.0,164.0,-503.0,,-287.0,-296.0,-391.0,98.0,71.0
-620.0,-750.0,190.0,-754.0,,-536.0,-373.0,-413.0,369.0,78.0
-612.0,-2156.0,183.0,-602.0,,-319.0,-410.0,-421.0,-60.0,84.0
-580.0,-1039.0,97.0,-604.0,,-143.0,-480.0,-480.0,-471.0,119.0
-516.0,-405.0,-12.0,-689.0,,152.0,-669.0,-419.0,-29.0,104.0
-461.0,-508.0,-33.0,-547.0,,269.0,-774.0,-489.0,331.0,47.0
-407.0,423.0,-116.0,-168.0,,-567.0,-790.0,-376.0,192.0,137.0
-321.0,501.0,-199.0,182.0,,-797.0,-836.0,-410.0,-74.0,287.0
-230.0,382.0,-184.0,428.0,,-377.0,-843.0,-325.0,231.0,258.0
-153.0,-681.0,-238.0,581.0,,-23.0,-883.0,-247.0,609.0,288.0
-42.0,-416.0,-252.0,710.0,,583.0,-883.0,-384.0,785.0,370.0
41.0,581.0,-227.0,791.0,,717.0,-817.0,-388.0,599.0,408.0
106.0,-61.0,-191.0,643.0,,331.0,-750.0,-426.0,100.0,309.0
137.0,275.0,-160.0,363.0,,172.0,-632.0,-271.0,-39.0,284.0
164.0,759.0,-149.0,207.0,,-1.0,-509.0,-242.0,187.0,327.0
158.0,759.0,-88.0,188.0,,19.0,-364.0,-256.0,274.0,288.0
115.0,958.0,-67.0,31.0,,-71.0,-224.0,-225.0,100.0,397.0
95.0,719.0,-36.0,-65.0,,-225.0,-179.0,-249.0,-267.0,339.0
66.0,694.0,19.0,-8.0,,-170.0,-215.0,-110.0,-528.0,266.0
29.0,-112.0,16.0,-47.0,,-473.0,-205.0,-120.0,-334.0,379.0
-22.0,-981.0,-24.0,-190.0,,-389.0,-138.0,-9.0,-364.0,610.0
-51.0,31.0,-69.0,-235.0,,-104.0,-141.0,-48.0,-526.0,643.0
-107.0,-91.0,-72.0,-127.0,,450.0,-177.0,-234.0,-469.0,402.0
-153.0,-877.0,-123.0,42.0,,1216.0,-213.0,-275.0,-445.0,465.0
-201.0,-690.0,-153.0,178.0,,838.0,-299.0,-334.0,-406.0,567.0
-241.0,-1132.0,-156.0,303.0,,356.0,-361.0,-92.0,-542.0,668.0
-223.0,-808.0,-179.0,492.0,,254.0,-356.0,101.0,-639.0,786.0
-215.0,500.0,-176.0,460.0,,85.0,-317.0,356.0,-256.0,767.0
-173.0,389.0,-183.0,304.0,,408.0,-369.0,447.0,-325.0,635.0
-125.0,-14.0,-183.0,209.0,,194.0,-469.0,201.0,-657.0,735.0
-77.0,633.0,-245.0,195.0,,-83.0,-443.0,142.0,-468.0,1101.0
-40.0,365.0,-228.0,145.0,,129.0,-453.0,-35.0,-323.0,1065.0
-7.0,617.0,-145.0,-60.0,,-194.0,-499.0,-109.0,-335.0,871.0
32.0,639.0,-128.0,-130.0,,14.0,-467.0,-210.0,-521.0,704.0
56.0,-688.0,-118.0,-65.0,,446.0,-447.0,-262.0,-299.0,678.0
119.0,-494.0,-112.0,17.0,,386.0,-434.0,-121.0,-19.0,794.0
206.0,429.0,-96.0,13.0,,234.0,-412.0,-158.0,32.0,650.0
249.0,440.0,-67.0,-27.0,,79.0,-376.0,-79.0,47.0,409.0
216.0,-307.0,-10.0,70.0,,235.0,-347.0,-64.0,88.0,214.0
157.0,-309.0,17.0,126.0,,194.0,-295.0,16.0,415.0,224.0
116.0,370.0,53.0,16.0,,-11.0,-229.0,49.0,474.0,255.0
77.0,1094.0,22.0,-62.0,,144.0,-175.0,59.0,394.0,38.0
35.0,377.0,0.0,-106.0,,173.0,-186.0,267.0,203.0,-45.0
-4.0,-1117.0,26.0,-233.0,,-20.0,-269.0,264.0,139.0,-50.0
-49.0,122.0,-36.0,-346.0,,-236.0,-324.0,393.0,201.0,-23.0
-108.0,942.0,-63.0,-315.0,,-322.0,-403.0,419.0,229.0,114.0
-187.0,82.0,-102.0,-169.0,,-46.0,-409.0,526.0,90.0,154.0
-268.0,-153.0,-107.0,-297.0,,-24.0,-403.0,703.0,42.0,158.0
-319.0,-709.0,-126.0,-584.0,,104.0,-419.0,521.0,-262.0,248.0
-359.0,-584.0,-186.0,-532.0,,234.0,-347.0,582.0,-250.0,508.0
-395.0,438.0,-172.0,-339.0,,56.0,-291.0,631.0,156.0,569.0
-410.0,527.0,-189.0,-372.0,,129.0,-205.0,659.0,-333.0,547.0
-418.0,152.0,-207.0,-494.0,,29.0,-96.0,572.0,-250.0,705.0
-413.0,690.0,-260.0,-319.0,,-51.0,15.0,351.0,-771.0,843.0
-397.0,1030.0,-329.0,-81.0,,-72.0,87.0,131.0,-822.0,1029.0
-376.0,448.0,-332.0,27.0,,-68.0,78.0,-243.0,-96.0,1118.0
-347.0,312.0,-374.0,152.0,,236.0,58.0,-264.0,-181.0,1111.0
-300.0,59.0,-459.0,236.0,,121.0,38.0,-269.0,-139.0,1141.0
-241.0,-62.0,-504.0,387.0,,-172.0,-38.0,-57.0,-750.0,1279.0
-213.0,145.0,-496.0,492.0,,0.0,-162.0,328.0,-316.0,1301.0
-169.0,54.0,-526.0,437.0,,-76.0,-227.0,541.0,57.0,1166.0
-102.0,-116.0,-567.0,307.0,,27.0,-294.0,912.0,-2.0,1016.0
-29.0,-387.0,-568.0,226.0,,229.0,-360.0,1008.0,174.0,869.0
28.0,-226.0,-615.0,168.0,,239.0,-410.0,1073.0,-113.0,925.0
57.0,-31.0,-670.0,-19.0,,289.0,-424.0,1021.0,59.0,894.0
94.0,-170.0,-689.0,-85.0,,-325.0,-422.0,857.0,159.0,833.0
110.0,-329.0,-647.0,-114.0,,-362.0,-483.0,696.0,632.0,823.0
112.0,-647.0,-640.0,-156.0,,-27.0,-528.0,297.0,116.0,530.0
102.0,-1048.0,-628.0,-46.0,,-6.0,-564.0,51.0,-246.0,452.0
100.0,-850.0,-554.0,223.0,,148.0,-583.0,-234.0,356.0,692.0
90.0,-383.0,-537.0,467.0,,-198.0,-624.0,-262.0,24.0,681.0
58.0,-379.0,-520.0,396.0,,-170.0,-642.0,-96.0,95.0,586.0
-7.0,92.0,-495.0,315.0,,60.0,-601.0,38.0,232.0,694.0
-78.0,513.0,-430.0,297.0,,-175.0,-606.0,349.0,-133.0,817.0
-121.0,-5.0,-333.0,269.0,,18.0,-568.0,469.0,177.0,873.0
-185.0,900.0,-244.0,262.0,,5.0,-483.0,617.0,639.0,1056.0
-242.0,940.0,-197.0,211.0,,-205.0,-372.0,644.0,114.0,1167.0
-327.0,-574.0,-135.0,143.0,,-310.0,-240.0,654.0,77.0,1017.0
-396.0,245.0,-121.0,129.0,,-510.0,-116.0,752.0,226.0,838.0
-414.0,946.0,-138.0,74.0,,-33.0,9.0,715.0,139.0,916.0
-382.0,1007.0,-107.0,-196.0,,-54.0,101.0,861.0,488.0,1083.0
-348.0,1284.0,-142.0,-301.0,,-294.0,166.0,798.0,168.0,942.0
-354.0,796.0,-116.0,-297.0,,-12.0,194.0,742.0,-232.0,799.0
-300.0,336.0,-145.0,-378.0,,-196.0,176.0,711.0,-171.0,842.0
-229.0,724.0,-192.0,-287.0,,-64.0,152.0,585.0,179.0,898.0
-160.0,569.0,-156.0,-143.0,,52.0,149.0,476.0,107.0,849.0
-114.0,515.0,-182.0,-118.0,,-144.0,119.0,40.0,-244.0,958.0
-53.0,988.0,-201.0,-100.0,,-187.0,65.0,-144.0,-105.0,1091.0
46.0,539.0,-261.0,-114.0,,-433.0,11.0,-251.0,-198.0,929.0
100.0,42.0,-315.0,-188.0,,-183.0,-68.0,-284.0,-202.0,825.0
164.0,-575.0,-306.0,-101.0,,166.0,-123.0,-218.0,73.0,1024.0
235.0,130.0,-389.0,54.0,,205.0,-145.0,-325.0,-268.0,1163.0
306.0,77.0,-399.0,141.0,,226.0,-135.0,-240.0,-165.0,790.0
348.0,-562.0,-389.0,164.0,,-588.0,-58.0,-227.0,-243.0,625.0
345.0,-677.0,-451.0,174.0,,-669.0,7.0,46.0,-375.0,770.0
344.0,-96.0,-401.0,178.0,,-34.0,0.0,299.0,445.0,661.0
322.0,481.0,-414.0,44.0,,184.0,-31.0,410.0,102.0,399.0
322.0,-461.0,-419.0,34.0,,781.0,-29.0,637.0,-141.0,410.0
308.0,585.0,-364.0,131.0,,605.0,-25.0,567.0,194.0,487.0
286.0,299.0,-371.0,0.0,,277.0,-61.0,607.0,286.0,286.0
276.0,-66.0,-275.0,-65.0,,477.0,-71.0,591.0,-164.0,426.0
262.0,-32.0,-197.0,-32.0,,413.0,-90.0,637.0,-359.0,595.0
272.0,-242.0,-252.0,-145.0,,274.0,-156.0,766.0,-133.0,370.0
243.0,428.0,-235.0,-369.0,,-201.0,-221.0,742.0,-444.0,234.0
208.0,-430.0,-240.0,-658.0,,-52.0,-263.0,731.0,-24.0,602.0
173.0,181.0,-271.0,-709.0,,606.0,-253.0,517.0,-486.0,711.0
201.0,123.0,-295.0,-496.0,,300.0,-193.0,528.0,-502.0,375.0
243.0,585.0,-341.0,-350.0,,-105.0,-143.0,498.0,289.0,380.0
237.0,1490.0,-318.0,-290.0,,-173.0,-143.0,406.0,54.0,594.0
250.0,917.0,-349.0,-105.0,,-66.0,-138.0,419.0,213.0,753.0
308.0,1038.0,-404.0,93.0,,174.0,-115.0,221.0,424.0,605.0
396.0,723.0,-477.0,60.0,,-85.0,-38.0,190.0,599.0,637.0
443.0,1106.0,-505.0,10.0,,-12.0,13.0,90.0,484.0,542.0
510.0,855.0,-523.0,152.0,,180.0,18.0,96.0,92.0,309.0
593.0,369.0,-588.0,247.0,,4.0,88.0,171.0,147.0,607.0
664.0,59.0,-568.0,55.0,,140.0,109.0,157.0,106.0,797.0
686.0,-404.0,-527.0,-122.0,,-148.0,114.0,279.0,-75.0,537.0
678.0,296.0,-489.0,-159.0,,-288.0,160.0,297.0,-188.0,142.0
693.0,-473.0,-422.0,-200.0,,-222.0,199.0,487.0,-118.0,337.0
719.0,-1200.0,-402.0,-179.0,,-504.0,219.0,511.0,56.0,481.0
722.0,-1139.0,-410.0,-156.0,,98.0,213.0,325.0,85.0,283.0
711.0,-907.0,-364.0,-136.0,,221.0,224.0,48.0,-51.0,206.0
714.0,139.0,-337.0,-128.0,,-242.0,227.0,-410.0,-331.0,83.0
646.0,-503.0,-276.0,0.0,,-270.0,186.0,-480.0,-50.0,45.0
562.0,-525.0,-183.0,322.0,,-373.0,85.0,-473.0,128.0,58.0
490.0,-1062.0,-109.0,560.0,,165.0,6.0,-343.0,-226.0,181.0
435.0,-1507.0,-38.0,642.0,,456.0,-93.0,-121.0,-131.0,66.0
356.0,-350.0,35.0,567.0,,43.0,-235.0,59.0,37.0,-136.0
260.0,-1374.0,126.0,503.0,,-379.0,-270.0,399.0,-396.0,-140.0
203.0,-209.0,132.0,599.0,,-484.0,-247.0,652.0,-407.0,-64.0
131.0,-322.0,125.0,663.0,,160.0,-213.0,1019.0,29.0,-187.0
49.0,-814.0,151.0,471.0,,493.0,-208.0,1080.0,-200.0,-386.0
-39.0,1352.0,124.0,276.0,,-294.0,-197.0,975.0,-154.0,-198.0
-65.0,649.0,127.0,259.0,,-914.0,-142.0,929.0,61.0,-156.0
-52.0,914.0,136.0,122.0,,-657.0,-85.0,715.0,66.0,-274.0
-45.0,1308.0,72.0,-170.0,,-222.0,7.0,803.0,34.0,-74.0
-49.0,1928.0,126.0,-518.0,,-125.0,77.0,890.0,-210.0,240.0
-56.0,1027.0,130.0,-590.0,,-484.0,176.0,1117.0,37.0,161.0
-46.0,-1469.0,2.0,-463.0,,-357.0,306.0,1269.0,305.0,106.0
-62.0,477.0,-21.0,-498.0,,-252.0,428.0,1104.0,158.0,313.0
-100.0,645.0,-128.0,-588.0,,-749.0,508.0,811.0,-200.0,308.0
-110.0,-1005.0,-200.0,-614.0,,-828.0,432.0,142.0,-71.0,180.0
-103.0,-641.0,-230.0,-591.0,,-588.0,320.0,-254.0,640.0,258.0
-133.0,-744.0,-313.0,-557.0,,-365.0,225.0,-513.0,33.0,276.0
-150.0,-450.0,-281.0,-408.0,,-473.0,64.0,-707.0,-166.0,6.0
-203.0,-369.0,-255.0,-242.0,,-898.0,-129.0,-720.0,194.0,35.0
-223.0,-818.0,-271.0,-227.0,,-731.0,-216.0,-679.0,-642.0,107.0
-213.0,339.0,-273.0,-326.0,,-235.0,-183.0,-376.0,-146.0,52.0
-232.0,1055.0,-218.0,-425.0,,-176.0,-207.0,-195.0,560.0,-16.0
-239.0,-42.0,-164.0,-256.0,,-287.0,-228.0,84.0,-367.0,-85.0
-254.0,234.0,-80.0,-49.0,,-603.0,-157.0,260.0,-741.0,104.0
-249.0,636.0,-2.0,-121.0,,-613.0,-146.0,386.0,-125.0,163.0
-237.0,-565.0,-28.0,-142.0,,-383.0,-141.0,657.0,-57.0,93.0
-188.0,-744.0,-39.0,-114.0,,-746.0,-41.0,748.0,-100.0,117.0
-140.0,48.0,-59.0,-111.0,,-957.0,40.0,984.0,-143.0,224.0
-58.0,-344.0,-62.0,-256.0,,-914.0,61.0,986.0,-467.0,182.0
31.0,-685.0,-122.0,-503.0,,-1016.0,50.0,951.0,-26.0,28.0
81.0,527.0,-190.0,-424.0,,-996.0,85.0,964.0,314.0,30.0
122.0,-312.0,-177.0,-280.0,,-1283.0,131.0,790.0,-152.0,-69.0
156.0,-966.0,-126.0,-305.0,,-1202.0,148.0,681.0,378.0,-306.0
217.0,-349.0,-88.0,-284.0,,-356.0,180.0,290.0,770.0,-365.0
232.0,-907.0,-92.0,-182.0,,-160.0,173.0,-33.0,-28.0,-291.0
224.0,472.0,-30.0,-145.0,,-388.0,169.0,-402.0,474.0,-455.0
219.0,793.0,-14.0,-324.0,,-653.0,183.0,-744.0,1090.0,-613.0
246.0,313.0,-42.0,-499.0,,-475.0,133.0,-618.0,454.0,-490.0
289.0,882.0,-38.0,-293.0,,89.0,24.0,-249.0,57.0,-420.0
291.0,835.0,0.0,-114.0,,-276.0,-67.0,384.0,782.0,-584.0
304.0,1065.0,6.0,-57.0,,-510.0,-102.0,770.0,530.0,-561.0
319.0,686.0,-77.0,147.0,,-331.0,-99.0,1021.0,-161.0,-392.0
310.0,901.0,-90.0,200.0,,-673.0,-84.0,1031.0,343.0,-458.0
258.0,900.0,-83.0,224.0,,-816.0,-56.0,777.0,325.0,-371.0
181.0,-372.0,-102.0,262.0,,-849.0,-4.0,731.0,329.0,-198.0
133.0,-233.0,-148.0,241.0,,-782.0,107.0,558.0,100.0,-240.0
125.0,-243.0,-186.0,287.0,,-455.0,249.0,493.0,-12.0,-270.0
134.0,-930.0,-176.0,187.0,,-574.0,326.0,419.0,95.0,-41.0
152.0,37.0,-181.0,-85.0,,-382.0,318.0,336.0,156.0,52.0
179.0,51.0,-210.0,-209.0,,-224.0,227.0,123.0,109.0,0.0
239.0,-283.0,-219.0,-235.0,,-496.0,80.0,-214.0,-383.0,3.0
293.0,12.0,-162.0,-339.0,,-385.0,-38.0,-179.0,-422.0,-144.0
329.0,-485.0,-156.0,-426.0,,-365.0,-36.0,-293.0,-608.0,-73.0
338.0,-260.0,-148.0,-415.0,,-392.0,-9.0,-145.0,-263.0,7.0
333.0,142.0,-153.0,-301.0,,-964.0,6.0,214.0,1.0,-81.0
334.0,-99.0,-137.0,-294.0,,-1485.0,62.0,495.0,-175.0,-224.0
309.0,-560.0,-113.0,-473.0,,-870.0,72.0,873.0,-3.0,-366.0
280.0,-25.0,-157.0,-492.0,,-534.0,95.0,1029.0,-80.0,-445.0
238.0,-369.0,-125.0,-201.0,,-672.0,116.0,1273.0,81.0,-530.0
225.0,-587.0,-114.0,-78.0,,-1001.0,146.0,1330.0,233.0,-592.0
190.0,365.0,-123.0,-234.0,,-1041.0,216.0,1289.0,544.0,-684.0
121.0,78.0,-156.0,-256.0,,-421.0,199.0,1204.0,247.0,-739.0
93.0,285.0,-161.0,-96.0,,-400.0,160.0,921.0,182.0,-731.0
87.0,503.0,-151.0,112.0,,-457.0,157.0,715.0,913.0,-589.0
82.0,398.0,-180.0,139.0,,-565.0,138.0,369.0,451.0,-571.0
57.0,248.0,-217.0,178.0,,-682.0,132.0,155.0,150.0,-537.0
54.0,-535.0,-255.0,351.0,,-192.0,136.0,-109.0,-133.0,-499.0
49.0,-68.0,-249.0,254.0,,-254.0,90.0,-404.0,46.0,-646.0
15.0,815.0,-281.0,136.0,,-519.0,40.0,-602.0,559.0,-570.0
-28.0,-360.0,-242.0,247.0,,-1033.0,-6.0,-727.0,156.0,-447.0
-66.0,-516.0,-134.0,338.0,,-1032.0,-130.0,-389.0,-33.0,-537.0
-73.0,385.0,-108.0,51.0,,-123.0,-244.0,-186.0,-12.0,-774.0
-70.0,267.0,-133.0,-268.0,,-339.0,-328.0,-22.0,296.0,-804.0
-57.0,179.0,-98.0,-93.0,,-948.0,-418.0,118.0,233.0,-661.0
-44.0,193.0,11.0,43.0,,-1255.0,-449.0,31.0,-21.0,-674.0
-47.0,412.0,62.0,24.0,,-1014.0,-432.0,-1.0,-34.0,-728.0
-48.0,305.0,42.0,65.0,,-171.0,-348.0,-121.0,192.0,-833.0
-57.0,570.0,40.0,190.0,,-278.0,-224.0,7.0,397.0,-896.0
-40.0,132.0,155.0,269.0,,-405.0,-76.0,86.0,123.0,-705.0
-29.0,-627.0,233.0,125.0,,-308.0,105.0,175.0,110.0,-414.0
-54.0,-514.0,144.0,-10.0,,-676.0,210.0,253.0,462.0,-415.0
-42.0,89.0,143.0,-148.0,,-731.0,294.0,49.0,669.0,-497.0
0.0,718.0,189.0,-207.0,,-880.0,392.0,60.0,576.0,-188.0
44.0,1044.0,175.0,-193.0,,-628.0,435.0,116.0,310.0,76.0
59.0,232.0,189.0,-241.0,,-574.0,405.0,393.0,187.0,104.0
71.0,-962.0,161.0,-301.0,,-1000.0,339.0,607.0,473.0,209.0
90.0,645.0,184.0,-307.0,,-732.0,299.0,615.0,501.0,215.0
122.0,802.0,137.0,-233.0,,-828.0,243.0,535.0,223.0,186.0
169.0,-914.0,74.0,-180.0,,-930.0,179.0,253.0,113.0,358.0
203.0,-1616.0,97.0,-120.0,,-615.0,95.0,284.0,248.0,447.0
252.0,-982.0,28.0,60.0,,-368.0,-4.0,208.0,261.0,239.0
305.0,-373.0,24.0,241.0,,-82.0,-18.0,79.0,-18.0,41.0
305.0,-1263.0,-35.0,173.0,,-162.0,65.0,-64.0,-272.0,20.0
257.0,69.0,-47.0,56.0,,-29.0,171.0,-232.0,-36.0,21.0
240.0,134.0,20.0,42.0,,370.0,278.0,25.0,69.0,-263.0
242.0,-795.0,-10.0,-74.0,,-129.0,389.0,301.0,-329.0,-513.0
236.0,202.0,58.0,-259.0,,-567.0,426.0,709.0,-51.0,-415.0
180.0,344.0,160.0,-307.0,,-400.0,377.0,763.0,8.0,-557.0
137.0,-552.0,255.0,-297.0,,-219.0,300.0,509.0,-34.0,-688.0
97.0,-1228.0,312.0,-386.0,,-98.0,144.0,310.0,183.0,-549.0
5.0,666.0,373.0,-629.0,,-518.0,-50.0,-155.0,262.0,-591.0
-93.0,334.0,428.0,-703.0,,-437.0,-177.0,-410.0,434.0,-757.0
-174.0,-335.0,442.0,-368.0,,-79.0,-274.0,-624.0,400.0,-565.0
-198.0,341.0,451.0,-201.0,,-386.0,-381.0,-613.0,514.0,-346.0
-211.0,-557.0,442.0,-195.0,,-285.0,-467.0,-482.0,273.0,-435.0
-216.0,380.0,487.0,-42.0,,423.0,-476.0,-509.0,289.0,-508.0
-219.0,765.0,488.0,110.0,,752.0,-444.0,-482.0,315.0,-377.0
-182.0,1047.0,435.0,96.0,,425.0,-391.0,-670.0,-60.0,-51.0
-128.0,252.0,397.0,-9.0,,-60.0,-243.0,-570.0,-43.0,-183.0
-88.0,745.0,382.0,151.0,,54.0,-71.0,-269.0,-333.0,-329.0
-48.0,1395.0,350.0,410.0,,532.0,83.0,229.0,4.0,-107.0
4.0,259.0,265.0,417.0,,180.0,172.0,770.0,315.0,41.0
79.0,1651.0,227.0,338.0,,-66.0,151.0,905.0,-33.0,24.0
119.0,305.0,264.0,422.0,,27.0,189.0,1005.0,92.0,40.0
175.0,-728.0,215.0,360.0,,-141.0,176.0,825.0,194.0,261.0
221.0,453.0,133.0,107.0,,114.0,119.0,678.0,338.0,186.0
259.0,675.0,76.0,-49.0,,457.0,157.0,528.0,463.0,149.0
302.0,-850.0,36.0,-197.0,,772.0,180.0,182.0,544.0,284.0
379.0,-1017.0,2.0,-280.0,,831.0,225.0,-64.0,414.0,274.0
425.0,966.0,-109.0,-157.0,,361.0,240.0,-393.0,339.0,53.0
385.0,187.0,-101.0,53.0,,324.0,242.0,-471.0,615.0,-41.0
341.0,-1036.0,-44.0,258.0,,457.0,240.0,-530.0,322.0,36.0
334.0,-1384.0,-70.0,476.0,,423.0,163.0,-565.0,365.0,-198.0
312.0,-709.0,-44.0,530.0,,607.0,83.0,-395.0,556.0,-355.0
221.0,-1083.0,-26.0,482.0,,299.0,-10.0,-279.0,440.0,-319.0
158.0,-819.0,44.0,390.0,,146.0,-79.0,-24.0,492.0,-233.0
122.0,46.0,99.0,127.0,,576.0,-181.0,16.0,25.0,-288.0
109.0,-195.0,64.0,-106.0,,688.0,-321.0,-51.0,-71.0,-366.0
47.0,73.0,123.0,-185.0,,794.0,-363.0,-169.0,62.0,-171.0
-8.0,-574.0,177.0,-127.0,,361.0,-333.0,-439.0,-170.0,17.0
-53.0,247.0,210.0,-131.0,,-107.0,-286.0,-720.0,-168.0,104.0
-114.0,124.0,214.0,-300.0,,557.0,-235.0,-1019.0,-391.0,239.0
-150.0,-380.0,218.0,-490.0,,689.0,-158.0,-955.0,-686.0,309.0
-198.0,515.0,204.0,-693.0,,223.0,-45.0,-829.0,-420.0,259.0
-165.0,1503.0,117.0,-706.0,,185.0,130.0,-561.0,-185.0,457.0
-112.0,2058.0,142.0,-536.0,,375.0,305.0,-251.0,-64.0,596.0
-57.0,1096.0,192.0,-411.0,,523.0,417.0,-190.0,-58.0,330.0
-62.0,1148.0,195.0,-177.0,,109.0,506.0,-73.0,-104.0,76.0
-56.0,840.0,106.0,149.0,,50.0,525.0,-195.0,170.0,87.0
-24.0,87.0,72.0,429.0,,411.0,464.0,-214.0,61.0,53.0
-24.0,461.0,146.0,514.0,,245.0,330.0,-271.0,-193.0,-276.0
-5.0,1640.0,102.0,395.0,,62.0,180.0,-469.0,-97.0,-574.0
7.0,1097.0,-4.0,512.0,,126.0,49.0,-530.0,3.0,-618.0
76.0,-26.0,-104.0,608.0,,152.0,-86.0,-583.0,-299.0,-681.0
103.0,163.0,-107.0,406.0,,246.0,-217.0,-286.0,-343.0,-757.0
123.0,-129.0,-124.0,332.0,,126.0,-364.0,-182.0,-143.0,-617.0
135.0,-645.0,-217.0,129.0,,156.0,-489.0,-190.0,-28.0,-735.0
153.0,-1437.0,-217.0,-166.0,,554.0,-554.0,-97.0,-229.0,-907.0
145.0,-889.0,-105.0,-217.0,,271.0,-521.0,-184.0,-709.0,-598.0
109.0,310.0,-35.0,-145.0,,380.0,-383.0,-160.0,-226.0,-390.0
118.0,-32.0,-35.0,-74.0,,590.0,-196.0,-303.0,376.0,-509.0
123.0,-1080.0,34.0,-235.0,,91.0,-48.0,-382.0,282.0,-616.0
136.0,-132.0,96.0,-363.0,,11.0,18.0,-436.0,-118.0,-396.0
108.0,-622.0,142.0,-257.0,,45.0,97.0,-487.0,248.0,-183.0
112.0,-1182.0,145.0,-85.0,,479.0,116.0,-545.0,727.0,-222.0
108.0,423.0,143.0,-55.0,,586.0,67.0,-822.0,644.0,-186.0
69.0,279.0,221.0,-109.0,,-252.0,54.0,-844.0,546.0,-284.0
36.0,-250.0,243.0,4.0,,-267.0,63.0,-912.0,276.0,-404.0
12.0,-868.0,224.0,147.0,,361.0,101.0,-733.0,442.0,-261.0
0.0,705.0,284.0,129.0,,678.0,101.0,-367.0,663.0,-104.0
-10.0,892.0,308.0,-76.0,,954.0,109.0,-84.0,711.0,-287.0
6.0,464.0,224.0,-117.0,,1169.0,157.0,321.0,185.0,-514.0
27.0,1403.0,224.0,-71.0,,1258.0,142.0,373.0,-71.0,-291.0
43.0,1064.0,246.0,-188.0,,744.0,107.0,338.0,394.0,-95.0
23.0,1557.0,280.0,-275.0,,199.0,84.0,59.0,322.0,-210.0
-14.0,773.0,291.0,-138.0,,281.0,69.0,-221.0,-66.0,-347.0
-37.0,-63.0,257.0,-4.0,,45.0,43.0,-352.0,-230.0,-247.0
-21.0,371.0,279.0,-143.0,,102.0,1.0,-642.0,-109.0,-33.0
-38.0,974.0,283.0,-295.0,,474.0,-51.0,-757.0,-263.0,68.0
-70.0,269.0,250.0,-522.0,,316.0,-129.0,-1010.0,-304.0,101.0
-75.0,-184.0,210.0,-659.0,,177.0,-146.0,-1006.0,-432.0,93.0
-94.0,-871.0,291.0,-650.0,,136.0,-135.0,-962.0,-516.0,64.0
-124.0,-1944.0,319.0,-558.0,,768.0,-168.0,-1128.0,-84.0,130.0
-121.0,-961.0,295.0,-335.0,,1488.0,-198.0,-1091.0,-221.0,307.0
-61.0,-280.0,311.0,-310.0,,717.0,-231.0,-1112.0,-720.0,232.0
-5.0,-618.0,345.0,-247.0,,147.0,-250.0,-881.0,-666.0,44.0
13.0,-1483.0,376.0,-75.0,,523.0,-219.0,-661.0,-207.0,93.0
0.0,-919.0,275.0,100.0,,862.0,-164.0,-413.0,34.0,263.0
39.0,177.0,258.0,263.0,,945.0,-107.0,-123.0,-172.0,242.0
71.0,-436.0,294.0,202.0,,538.0,-48.0,-97.0,20.0,58.0
54.0,-1756.0,281.0,258.0,,534.0,15.0,-114.0,315.0,35.0
24.0,-367.0,216.0,439.0,,647.0,47.0,-426.0,-165.0,-40.0
6.0,422.0,188.0,435.0,,525.0,21.0,-659.0,83.0,-135.0
3.0,-717.0,270.0,380.0,,883.0,-1.0,-870.0,231.0,-73.0
-21.0,749.0,285.0,327.0,,947.0,-35.0,-1010.0,98.0,-104.0
-9.0,1027.0,276.0,328.0,,971.0,-93.0,-848.0,215.0,-289.0
12.0,160.0,297.0,235.0,,1172.0,-130.0,-785.0,20.0,-372.0
37.0,-517.0,347.0,76.0,,876.0,-169.0,-659.0,145.0,-253.0
19.0,-118.0,330.0,-50.0,,1175.0,-180.0,-774.0,-325.0,-191.0
-9.0,808.0,269.0,-92.0,,1287.0,-144.0,-970.0,-374.0,-302.0
-3.0,-81.0,332.0,-47.0,,825.0,-112.0,-1147.0,-214.0,-284.0
-31.0,491.0,369.0,-124.0,,886.0,-69.0,-1245.0,-458.0,-221.0
-48.0,615.0,244.0,-156.0,,548.0,-30.0,-916.0,-500.0,-388.0
-36.0,-192.0,172.0,-3.0,,540.0,-34.0,-561.0,-380.0,-331.0
-27.0,156.0,231.0,216.0,,1206.0,-84.0,-127.0,-123.0,-102.0
-56.0,944.0,261.0,76.0,,1420.0,-135.0,-27.0,-276.0,-99.0
-105.0,957.0,167.0,-184.0,,957.0,-171.0,-153.0,-371.0,-238.0
-115.0,-783.0,33.0,-123.0,,199.0,-183.0,-182.0,-598.0,-373.0
-82.0,-370.0,93.0,-208.0,,275.0,-142.0,-410.0,-392.0,-406.0
-90.0,349.0,147.0,-425.0,,743.0,-114.0,-524.0,-524.0,-438.0
-114.0,-259.0,49.0,-588.0,,569.0,-111.0,-753.0,-670.0,-469.0
-82.0,-1421.0,-47.0,-633.0,,338.0,-86.0,-1027.0,-280.0,-583.0
-39.0,-1515.0,-47.0,-515.0,,166.0,-71.0,-1193.0,-511.0,-775.0
-52.0,255.0,24.0,-484.0,,372.0,-33.0,-1071.0,-278.0,-833.0
-97.0,-767.0,41.0,-439.0,,701.0,-23.0,-611.0,-184.0,-651.0
-73.0,-650.0,56.0,-327.0,,136.0,-81.0,-271.0,-284.0,-505.0
-49.0,-558.0,78.0,-262.0,,103.0,-128.0,145.0,-111.0,-665.0
-52.0,-726.0,89.0,-225.0,,494.0,-185.0,308.0,260.0,-727.0
-54.0,201.0,42.0,-213.0,,404.0,-258.0,286.0,280.0,-568.0
-53.0,-342.0,68.0,-103.0,,535.0,-342.0,319.0,-144.0,-416.0
-53.0,376.0,152.0,83.0,,717.0,-407.0,203.0,-67.0,-402.0
-109.0,111.0,163.0,-18.0,,661.0,-447.0,118.0,99.0,-431.0
-173.0,-652.0,166.0,-137.0,,313.0,-470.0,-166.0,76.0,-464.0
-184.0,-260.0,129.0,-17.0,,194.0,-438.0,-347.0,-380.0,-552.0
-159.0,-71.0,156.0,104.0,,348.0,-382.0,-389.0,-218.0,-414.0
-172.0,-814.0,174.0,33.0,,290.0,-305.0,-399.0,6.0,-311.0
-213.0,49.0,75.0,-216.0,,510.0,-192.0,-166.0,-399.0,-461.0
-204.0,2376.0,4.0,-169.0,,745.0,-110.0,-77.0,-559.0,-476.0
-167.0,1994.0,25.0,-119.0,,482.0,-76.0,42.0,-227.0,-302.0
-153.0,788.0,-62.0,-204.0,,369.0,-32.0,121.0,142.0,-104.0
-132.0,349.0,-197.0,-170.0,,281.0,29.0,107.0,-117.0,-148.0
-89.0,860.0,-154.0,-286.0,,540.0,89.0,66.0,-377.0,-248.0
-37.0,1358.0,-74.0,-345.0,,840.0,144.0,-86.0,-251.0,-30.0
-34.0,-611.0,-85.0,-407.0,,393.0,239.0,-70.0,537.0,129.0
-55.0,-465.0,-134.0,-543.0,,318.0,292.0,-199.0,522.0,235.0
-49.0,946.0,-77.0,-487.0,,513.0,198.0,-264.0,283.0,271.0
-72.0,-766.0,2.0,-560.0,,514.0,67.0,-341.0,219.0,185.0
-137.0,-173.0,8.0,-618.0,,239.0,-14.0,-546.0,-230.0,346.0
-221.0,145.0,41.0,-487.0,,223.0,-46.0,-526.0,298.0,490.0
-245.0,-2290.0,111.0,-363.0,,888.0,-134.0,-546.0,410.0,415.0
-253.0,-1853.0,177.0,-255.0,,742.0,-283.0,-256.0,120.0,214.0
-288.0,431.0,204.0,-134.0,,417.0,-405.0,103.0,-237.0,144.0
-295.0,483.0,214.0,152.0,,724.0,-490.0,402.0,-236.0,227.0
-239.0,259.0,339.0,300.0,,609.0,-518.0,659.0,356.0,404.0
-182.0,456.0,406.0,122.0,,526.0,-514.0,646.0,94.0,489.0
-188.0,-542.0,376.0,-123.0,,392.0,-477.0,703.0,-483.0,254.0
-212.0,-28.0,434.0,-209.0,,217.0,-391.0,543.0,-496.0,228.0
-240.0,430.0,461.0,-278.0,,134.0,-261.0,417.0,-88.0,430.0
-257.0,-345.0,526.0,-331.0,,-177.0,-158.0,245.0,-7.0,602.0
-291.0,93.0,500.0,-354.0,,198.0,-103.0,-129.0,-109.0,561.0
-285.0,1398.0,463.0,-334.0,,628.0,-15.0,-437.0,-234.0,386.0
-250.0,1101.0,495.0,-51.0,,482.0,54.0,-829.0,8.0,435.0
-220.0,-256.0,431.0,21.0,,229.0,79.0,-925.0,211.0,524.0
-212.0,-541.0,404.0,-16.0,,179.0,90.0,-744.0,-123.0,655.0
-209.0,68.0,311.0,80.0,,529.0,61.0,-315.0,251.0,886.0
-158.0,541.0,306.0,143.0,,436.0,10.0,-9.0,148.0,857.0
-145.0,167.0,280.0,58.0,,90.0,-3.0,101.0,-196.0,677.0
-144.0,492.0,180.0,-105.0,,337.0,59.0,312.0,60.0,832.0
-141.0,1304.0,204.0,-17.0,,284.0,168.0,312.0,-50.0,1092.0
-95.0,-377.0,167.0,133.0,,189.0,229.0,448.0,112.0,1062.0
-58.0,-1633.0,129.0,10.0,,503.0,261.0,532.0,-161.0,894.0
-90.0,314.0,62.0,-300.0,,534.0,316.0,630.0,-403.0,714.0
-125.0,598.0,48.0,-324.0,,676.0,351.0,735.0,-168.0,564.0
-152.0,-711.0,65.0,-308.0,,408.0,345.0,480.0,-60.0,507.0
-191.0,-1462.0,59.0,-398.0,,395.0,319.0,447.0,320.0,411.0
-246.0,486.0,88.0,-395.0,,1028.0,304.0,469.0,254.0,283.0
-229.0,1670.0,126.0,-217.0,,826.0,225.0,589.0,300.0,136.0
-170.0,-1674.0,214.0,65.0,,496.0,126.0,594.0,331.0,-10.0
-144.0,-1389.0,142.0,17.0,,539.0,59.0,408.0,331.0,-44.0
-173.0,1381.0,115.0,-90.0,,784.0,-46.0,413.0,564.0,127.0
-160.0,356.0,186.0,-110.0,,912.0,-170.0,393.0,227.0,268.0
-98.0,-1288.0,184.0,16.0,,394.0,-321.0,633.0,-38.0,171.0
-81.0,726.0,148.0,-4.0,,293.0,-378.0,742.0,-249.0,190.0
-94.0,383.0,75.0,-304.0,,467.0,-352.0,613.0,-140.0,240.0
-101.0,-2102.0,159.0,-318.0,,229.0,-343.0,341.0,16.0,313.0
-50.0,123.0,271.0,-245.0,,400.0,-285.0,-75.0,-396.0,463.0
-20.0,1735.0,237.0,-275.0,,688.0,-205.0,-145.0,-501.0,465.0
-55.0,973.0,176.0,-331.0,,1001.0,-46.0,-107.0,-300.0,246.0
-69.0,-307.0,223.0,-277.0,,1030.0,162.0,36.0,-50.0,-2.0
-31.0,-443.0,258.0,-204.0,,609.0,349.0,-40.0,168.0,-9.0
-9.0,518.0,186.0,-169.0,,893.0,497.0,-169.0,-74.0,-97.0
-48.0,-327.0,151.0,-75.0,,957.0,571.0,49.0,-332.0,-236.0
-87.0,-1167.0,123.0,15.0,,511.0,602.0,267.0,214.0,-295.0
-71.0,-38.0,84.0,86.0,,297.0,541.0,583.0,372.0,-415.0
-81.0,1171.0,47.0,-10.0,,-37.0,444.0,596.0,76.0,-453.0
-130.0,-71.0,7.0,-84.0,,-81.0,341.0,589.0,162.0,-343.0
-134.0,-891.0,8.0,-101.0,,143.0,196.0,713.0,231.0,-209.0
-111.0,-312.0,-13.0,-47.0,,540.0,23.0,711.0,351.0,-198.0
-126.0,-773.0,-100.0,-31.0,,796.0,-142.0,816.0,50.0,-92.0
-188.0,-1533.0,-119.0,-74.0,,591.0,-227.0,615.0,-266.0,91.0
-202.0,-1388.0,-96.0,76.0,,1002.0,-236.0,356.0,49.0,183.0
-178.0,-477.0,-176.0,0.0,,1563.0,-243.0,81.0,118.0,134.0
-159.0,-113.0,-230.0,-169.0,,1585.0,-227.0,-145.0,-267.0,189.0
-179.0,-587.0,-203.0,-235.0,,1408.0,-127.0,-216.0,-89.0,442.0
-155.0,-105.0,-181.0,-3.0,,896.0,-11.0,-253.0,186.0,450.0
-67.0,936.0,-198.0,422.0,,813.0,104.0,-3.0,84.0,378.0
-59.0,205.0,-264.0,520.0,,680.0,254.0,44.0,-207.0,378.0
-88.0,309.0,-258.0,656.0,,-70.0,419.0,149.0,-399.0,372.0
-72.0,1459.0,-203.0,819.0,,102.0,534.0,216.0,70.0,394.0
2.0,1490.0,-209.0,712.0,,521.0,555.0,79.0,-37.0,318.0
-1.0,1629.0,-204.0,238.0,,247.0,526.0,247.0,-403.0,84.0
-43.0,261.0,-153.0,-46.0,,131.0,484.0,388.0,-215.0,-56.0
-4.0,-1016.0,-142.0,-20.0,,407.0,440.0,569.0,-144.0,-114.0
7.0,633.0,-150.0,-193.0,,776.0,422.0,513.0,89.0,-231.0
-46.0,591.0,-123.0,-393.0,,518.0,462.0,277.0,500.0,-35.0
-129.0,-1013.0,-70.0,-480.0,,503.0,428.0,192.0,249.0,-47.0
-140.0,830.0,-47.0,-307.0,,878.0,291.0,112.0,-208.0,-401.0
-128.0,1309.0,-44.0,-259.0,,281.0,162.0,245.0,-230.0,-346.0
-148.0,-666.0,-1.0,-267.0,,-268.0,109.0,356.0,88.0,-100.0
-138.0,389.0,16.0,-121.0,,-354.0,114.0,550.0,570.0,-28.0
-97.0,920.0,-1.0,-18.0,,-255.0,81.0,655.0,207.0,-17.0
-73.0,-557.0,-43.0,48.0,,55.0,74.0,694.0,-156.0,17.0
-103.0,-529.0,-8.0,-112.0,,-375.0,152.0,801.0,363.0,-44.0
-116.0,455.0,26.0,-137.0,,-492.0,269.0,672.0,573.0,-33.0
-70.0,669.0,-2.0,20.0,,69.0,372.0,676.0,171.0,301.0
-12.0,-268.0,6.0,111.0,,20.0,397.0,543.0,-9.0,530.0
-13.0,-428.0,42.0,-53.0,,-157.0,344.0,591.0,160.0,153.0
-71.0,322.0,107.0,-284.0,,2.0,297.0,740.0,-10.0,-84.0
-89.0,260.0,92.0,-59.0,,352.0,274.0,563.0,-25.0,224.0
-83.0,-845.0,129.0,116.0,,136.0,231.0,631.0,251.0,309.0
-121.0,-680.0,259.0,44.0,,-84.0,194.0,672.0,-47.0,231.0
-164.0,577.0,342.0,116.0,,390.0,180.0,824.0,-284.0,173.0
-133.0,-1114.0,320.0,239.0,,150.0,197.0,776.0,-267.0,-2.0
-110.0,-1919.0,295.0,371.0,,-394.0,197.0,509.0,-279.0,22.0
-175.0,-1385.0,368.0,353.0,,-514.0,173.0,345.0,-95.0,350.0
-225.0,-824.0,356.0,251.0,,-426.0,188.0,-24.0,-73.0,512.0
-199.0,429.0,347.0,366.0,,-72.0,183.0,-195.0,-160.0,377.0
-131.0,-228.0,315.0,351.0,,-199.0,166.0,-376.0,-302.0,335.0
-144.0,140.0,284.0,236.0,,-425.0,195.0,-423.0,-232.0,496.0
-158.0,344.0,280.0,285.0,,-21.0,250.0,-426.0,-200.0,735.0
-78.0,-111.0,213.0,426.0,,114.0,352.0,-456.0,-465.0,852.0
-51.0,785.0,170.0,525.0,,77.0,444.0,-179.0,-565.0,862.0
-83.0,1608.0,124.0,342.0,,-225.0,507.0,-3.0,-360.0,847.0
-74.0,913.0,73.0,156.0,,-943.0,554.0,410.0,88.0,843.0
17.0,16.0,17.0,92.0,,-992.0,565.0,633.0,-125.0,942.0
75.0,1082.0,0.0,-106.0,,-649.0,509.0,539.0,-504.0,1028.0
46.0,963.0,-15.0,-277.0,,-289.0,415.0,476.0,-364.0,1053.0
72.0,-1262.0,-77.0,-333.0,,-634.0,392.0,280.0,87.0,998.0
177.0,-1965.0,-166.0,-328.0,,-1231.0,347.0,264.0,687.0,942.0
198.0,327.0,-216.0,-394.0,,-774.0,199.0,-18.0,538.0,995.0
148.0,833.0,-153.0,-462.0,,-258.0,19.0,-397.0,379.0,924.0
172.0,384.0,-163.0,-160.0,,-364.0,-172.0,-598.0,541.0,777.0
233.0,1700.0,-205.0,213.0,,-1036.0,-338.0,-676.0,553.0,832.0
193.0,694.0,-176.0,367.0,,-1268.0,-406.0,-493.0,406.0,920.0
68.0,-1268.0,-144.0,325.0,,-594.0,-395.0,-256.0,57.0,834.0
38.0,-1206.0,-126.0,301.0,,-548.0,-309.0,279.0,-46.0,750.0
64.0,-267.0,-140.0,342.0,,-1146.0,-163.0,626.0,-80.0,797.0
51.0,-574.0,-131.0,76.0,,-1348.0,12.0,790.0,443.0,803.0
25.0,-729.0,-162.0,-224.0,,-1270.0,207.0,866.0,677.0,746.0
65.0,-314.0,-208.0,-222.0,,-1024.0,356.0,556.0,-22.0,781.0
146.0,-1078.0,-217.0,31.0,,-1084.0,507.0,332.0,-171.0,684.0
137.0,-1225.0,-236.0,101.0,,-1241.0,597.0,18.0,271.0,458.0
99.0,-396.0,-254.0,-105.0,,-877.0,529.0,-62.0,630.0,489.0
137.0,-156.0,-294.0,-186.0,,-711.0,394.0,-38.0,71.0,576.0
193.0,-526.0,-310.0,-19.0,,-569.0,244.0,-271.0,-244.0,389.0
176.0,-129.0,-301.0,221.0,,-619.0,116.0,-450.0,117.0,70.0
139.0,-101.0,-312.0,192.0,,-976.0,62.0,-715.0,266.0,-51.0
154.0,-1143.0,-284.0,72.0,,-1184.0,40.0,-783.0,359.0,-98.0
213.0,-895.0,-194.0,34.0,,-1060.0,-11.0,-726.0,59.0,-216.0
208.0,85.0,-112.0,56.0,,-379.0,20.0,-380.0,259.0,-279.0
182.0,247.0,-29.0,72.0,,-617.0,77.0,38.0,201.0,-351.0
203.0,-315.0,65.0,250.0,,-1341.0,86.0,118.0,32.0,-449.0
211.0,-202.0,120.0,522.0,,-859.0,95.0,147.0,343.0,-446.0
155.0,-578.0,172.0,419.0,,-350.0,71.0,-25.0,-65.0,-301.0
62.0,-1679.0,203.0,144.0,,-829.0,79.0,-18.0,-159.0,-239.0
46.0,37.0,174.0,-149.0,,-1524.0,59.0,92.0,168.0,-165.0
42.0,-48.0,120.0,-339.0,,-1222.0,17.0,147.0,68.0,-134.0
8.0,-2022.0,103.0,-419.0,,-552.0,52.0,60.0,-265.0,-245.0
-51.0,-593.0,39.0,-335.0,,-940.0,88.0,-325.0,-227.0,-212.0
-68.0,56.0,-46.0,-41.0,,-1448.0,135.0,-484.0,-237.0,-132.0
-58.0,-420.0,-51.0,110.0,,-1408.0,207.0,-589.0,-118.0,-99.0
-123.0,-208.0,-79.0,158.0,,-1065.0,278.0,-497.0,31.0,-126.0
-179.0,-126.0,-76.0,219.0,,-765.0,355.0,-371.0,-371.0,-297.0
-162.0,75.0,-127.0,439.0,,-1114.0,408.0,-362.0,-234.0,-374.0
-110.0,588.0,-167.0,847.0,,-1261.0,389.0,-151.0,-141.0,-203.0
-139.0,666.0,-155.0,1063.0,,-1270.0,310.0,-114.0,-177.0,-21.0
-160.0,-181.0,-217.0,980.0,,-1467.0,251.0,16.0,-16.0,-9.0
-106.0,115.0,-194.0,828.0,,-1057.0,204.0,232.0,-300.0,-194.0
-32.0,619.0,-189.0,584.0,,-844.0,182.0,395.0,-216.0,-179.0
-4.0,124.0,-137.0,209.0,,-1410.0,224.0,572.0,88.0,142.0
28.0,-25.0,-117.0,33.0,,-1426.0,279.0,622.0,109.0,361.0
132.0,588.0,-215.0,178.0,,-722.0,383.0,694.0,154.0,419.0
185.0,494.0,-223.0,346.0,,-643.0,542.0,454.0,-149.0,323.0
195.0,1511.0,-187.0,264.0,,-1245.0,654.0,66.0,121.0,227.0
218.0,2304.0,-207.0,102.0,,-1493.0,672.0,-332.0,786.0,396.0
276.0,478.0,-256.0,106.0,,-1008.0,649.0,-663.0,528.0,593.0
285.0,847.0,-225.0,77.0,,-918.0,581.0,-657.0,210.0,381.0
273.0,618.0,-258.0,31.0,,-1401.0,406.0,-672.0,202.0,86.0
299.0,285.0,-274.0,99.0,,-1570.0,204.0,-546.0,456.0,-2.0
314.0,811.0,-250.0,144.0,,-1541.0,36.0,-526.0,686.0,-12.0
294.0,-765.0,-266.0,143.0,,-1540.0,-95.0,-461.0,360.0,5.0
205.0,-193.0,-215.0,-24.0,,-1663.0,-152.0,-158.0,-27.0,-136.0
163.0,245.0,-184.0,-184.0,,-1190.0,-137.0,44.0,-115.0,-205.0
140.0,-1585.0,-189.0,-51.0,,-813.0,-74.0,487.0,172.0,-173.0
80.0,-1257.0,-139.0,42.0,,-1235.0,-28.0,674.0,345.0,-44.0
14.0,124.0,-93.0,55.0,,-1222.0,17.0,735.0,32.0,151.0
-59.0,-1281.0,-163.0,1.0,,-744.0,131.0,604.0,-98.0,189.0
-93.0,-791.0,-191.0,-169.0,,-177.0,238.0,107.0,-10.0,273.0
-169.0,788.0,-173.0,-269.0,,-381.0,232.0,-110.0,247.0,373.0
-240.0,-1101.0,-190.0,-588.0,,-931.0,162.0,-256.0,470.0,464.0
-254.0,-971.0,-180.0,-786.0,,-738.0,82.0,-169.0,159.0,477.0
-263.0,694.0,-183.0,-543.0,,-692.0,-32.0,-186.0,-133.0,419.0
-254.0,-414.0,-225.0,-275.0,,-749.0,-65.0,-279.0,92.0,354.0
-266.0,-2049.0,-257.0,-220.0,,-914.0,-14.0,-351.0,805.0,410.0
-223.0,-1007.0,-306.0,-335.0,,-1271.0,7.0,-524.0,621.0,455.0
-201.0,-231.0,-325.0,-190.0,,-1302.0,16.0,-395.0,-423.0,199.0
-202.0,-1194.0,-305.0,12.0,,-1167.0,26.0,-243.0,17.0,147.0
-171.0,-679.0,-327.0,-83.0,,-686.0,27.0,29.0,691.0,212.0
-150.0,205.0,-310.0,-170.0,,-492.0,59.0,22.0,443.0,148.0
-106.0,-64.0,-303.0,40.0,,-1124.0,171.0,-186.0,209.0,108.0
-89.0,544.0,-261.0,55.0,,-1306.0,278.0,-467.0,-141.0,-42.0
-46.0,1729.0,-182.0,-228.0,,-532.0,343.0,-977.0,-159.0,-202.0
10.0,684.0,-189.0,-233.0,,53.0,376.0,-1053.0,-38.0,-323.0
45.0,-440.0,-164.0,5.0,,-680.0,407.0,-933.0,-17.0,-310.0
79.0,360.0,-95.0,309.0,,-1508.0,462.0,-369.0,-168.0,-262.0
117.0,1396.0,-50.0,305.0,,-1087.0,475.0,352.0,-400.0,-504.0
166.0,1325.0,51.0,162.0,,-598.0,473.0,859.0,-263.0,-657.0
171.0,949.0,118.0,117.0,,-413.0,397.0,1348.0,241.0,-493.0
167.0,813.0,115.0,-20.0,,-721.0,241.0,1169.0,416.0,-390.0
209.0,620.0,142.0,-164.0,,-1050.0,97.0,750.0,151.0,-441.0
215.0,754.0,110.0,-62.0,,-645.0,-38.0,273.0,216.0,-437.0
201.0,638.0,62.0,190.0,,-721.0,-117.0,-133.0,367.0,-331.0
222.0,405.0,19.0,365.0,,-567.0,-137.0,-157.0,498.0,-349.0
233.0,-459.0,-46.0,619.0,,-274.0,-189.0,-195.0,280.0,-372.0
238.0,380.0,-134.0,702.0,,-767.0,-269.0,-195.0,51.0,-123.0
237.0,1544.0,-237.0,648.0,,-1006.0,-307.0,-301.0,80.0,54.0
289.0,375.0,-335.0,690.0,,-941.0,-360.0,-277.0,259.0,-61.0
335.0,-256.0,-471.0,654.0,,-460.0,-353.0,-245.0,533.0,-89.0
325.0,-850.0,-573.0,546.0,,-44.0,-311.0,-303.0,280.0,14.0
340.0,-606.0,-640.0,519.0,,-203.0,-320.0,-338.0,-335.0,-68.0
354.0,-713.0,-676.0,487.0,,-682.0,-267.0,-556.0,-514.0,-49.0
357.0,-1277.0,-677.0,310.0,,-1122.0,-182.0,-439.0,117.0,137.0
323.0,-627.0,-663.0,126.0,,-787.0,-97.0,-245.0,168.0,19.0
292.0,-266.0,-648.0,-6.0,,-324.0,-93.0,-66.0,-422.0,-198.0
300.0,-279.0,-636.0,-86.0,,-180.0,-116.0,75.0,-662.0,-67.0
307.0,-504.0,-621.0,-86.0,,-109.0,-79.0,121.0,-555.0,195.0
316.0,197.0,-625.0,23.0,,-192.0,-31.0,413.0,-292.0,52.0
335.0,-150.0,-572.0,235.0,,-267.0,46.0,558.0,-585.0,-188.0
377.0,-165.0,-499.0,250.0,,-261.0,60.0,676.0,-823.0,-135.0
411.0,1132.0,-450.0,224.0,,-425.0,-3.0,480.0,-589.0,-157.0
424.0,918.0,-358.0,342.0,,-565.0,-103.0,-14.0,-712.0,-180.0
475.0,822.0,-273.0,296.0,,-452.0,-140.0,-284.0,-870.0,-95.0
504.0,365.0,-210.0,194.0,,-590.0,-120.0,-375.0,-492.0,-184.0
509.0,436.0,-151.0,-100.0,,-987.0,-159.0,-205.0,-415.0,-450.0
493.0,1407.0,-105.0,-350.0,,-1098.0,-236.0,-254.0,-542.0,-602.0
469.0,456.0,-52.0,-256.0,,-672.0,-311.0,-243.0,31.0,-412.0
450.0,-918.0,-22.0,-215.0,,-214.0,-309.0,-151.0,46.0,-281.0
373.0,-119.0,39.0,-242.0,,-156.0,-285.0,-103.0,-156.0,-513.0
335.0,771.0,111.0,-409.0,,-252.0,-221.0,284.0,-92.0,-649.0
312.0,66.0,150.0,-575.0,,-126.0,-148.0,474.0,-59.0,-537.0
271.0,-272.0,174.0,-520.0,,338.0,-67.0,624.0,376.0,-454.0
183.0,255.0,160.0,-411.0,,452.0,75.0,491.0,285.0,-451.0
112.0,579.0,119.0,-242.0,,45.0,118.0,175.0,-84.0,-494.0
96.0,-255.0,112.0,107.0,,-42.0,90.0,14.0,-150.0,-553.0
63.0,19.0,79.0,407.0,,-171.0,60.0,-262.0,255.0,-548.0
36.0,1465.0,-4.0,393.0,,-484.0,37.0,-208.0,185.0,-479.0
-51.0,513.0,-63.0,275.0,,-5.0,-61.0,-251.0,120.0,-417.0
-69.0,-481.0,-198.0,180.0,,381.0,-232.0,-314.0,118.0,-411.0
-79.0,632.0,-267.0,190.0,,-52.0,-367.0,-273.0,-352.0,-443.0
-143.0,181.0,-312.0,238.0,,-181.0,-462.0,-373.0,-88.0,-303.0
-161.0,-1794.0,-405.0,359.0,,312.0,-518.0,-424.0,123.0,-67.0
-125.0,-755.0,-483.0,578.0,,559.0,-518.0,-593.0,47.0,-61.0
-45.0,439.0,-558.0,580.0,,39.0,-459.0,-358.0,-492.0,-81.0
-19.0,-480.0,-561.0,468.0,,-16.0,-424.0,-68.0,-378.0,114.0
43.0,-180.0,-575.0,432.0,,562.0,-324.0,77.0,-44.0,196.0
93.0,-130.0,-543.0,619.0,,362.0,-194.0,275.0,-255.0,40.0
105.0,115.0,-486.0,882.0,,-123.0,-126.0,136.0,-198.0,-8.0
102.0,457.0,-428.0,814.0,,-235.0,-42.0,25.0,-299.0,33.0
111.0,-11.0,-420.0,453.0,,342.0,42.0,-116.0,-314.0,27.0
170.0,516.0,-425.0,184.0,,633.0,100.0,-9.0,-140.0,63.0
176.0,669.0,-381.0,101.0,,-187.0,48.0,310.0,80.0,9.0
213.0,262.0,-369.0,-28.0,,-319.0,-77.0,469.0,-194.0,-206.0
294.0,366.0,-343.0,-145.0,,398.0,-184.0,672.0,-219.0,-336.0
355.0,1371.0,-306.0,-207.0,,1003.0,-289.0,750.0,-84.0,-220.0
385.0,675.0,-283.0,-418.0,,953.0,-411.0,958.0,181.0,-135.0
381.0,-839.0,-273.0,-733.0,,788.0,-478.0,1075.0,498.0,-287.0
392.0,-302.0,-287.0,-847.0,,786.0,-482.0,1008.0,367.0,-411.0
363.0,-339.0,-319.0,-629.0,,262.0,-476.0,809.0,19.0,-350.0
255.0,-858.0,-284.0,-471.0,,219.0,-394.0,349.0,9.0,-210.0
160.0,-1223.0,-287.0,-507.0,,608.0,-313.0,138.0,526.0,-126.0
111.0,-1130.0,-281.0,-377.0,,749.0,-260.0,133.0,228.0,-81.0
92.0,-612.0,-194.0,-268.0,,425.0,-135.0,393.0,-54.0,-218.0
40.0,-140.0,-202.0,-135.0,,-250.0,-50.0,517.0,102.0,-392.0
-39.0,-113.0,-210.0,64.0,,-163.0,-57.0,448.0,-61.0,-291.0
-33.0,-923.0,-250.0,294.0,,320.0,-93.0,400.0,-436.0,-254.0
-14.0,-451.0,-298.0,553.0,,567.0,-196.0,94.0,-323.0,-314.0
-49.0,-298.0,-251.0,509.0,,951.0,-295.0,-36.0,-237.0,-320.0
-88.0,302.0,-236.0,287.0,,1045.0,-347.0,-216.0,-744.0,-350.0
-47.0,1069.0,-196.0,105.0,,722.0,-423.0,-375.0,-673.0,-347.0
11.0,-2.0,-77.0,78.0,,461.0,-458.0,-371.0,-499.0,-233.0
-20.0,1474.0,-62.0,-81.0,,708.0,-502.0,-275.0,-560.0,-192.0
-56.0,1650.0,-115.0,-114.0,,1022.0,-539.0,-12.0,-525.0,-209.0
-14.0,335.0,-63.0,110.0,,329.0,-511.0,36.0,-615.0,-61.0
66.0,1319.0,-10.0,149.0,,-148.0,-465.0,199.0,-504.0,-70.0
82.0,994.0,42.0,208.0,,-37.0,-416.0,269.0,-503.0,-274.0
101.0,459.0,100.0,225.0,,179.0,-376.0,315.0,-302.0,-258.0
135.0,828.0,141.0,335.0,,646.0,-317.0,511.0,8.0,-91.0
119.0,1049.0,184.0,466.0,,421.0,-283.0,511.0,-158.0,-250.0
79.0,-45.0,152.0,345.0,,379.0,-196.0,709.0,117.0,-517.0
11.0,-314.0,114.0,312.0,,574.0,-99.0,805.0,91.0,-598.0
-10.0,511.0,75.0,400.0,,575.0,-87.0,772.0,-128.0,-639.0
-25.0,376.0,33.0,471.0,,1055.0,-45.0,563.0,-46.0,-613.0
-43.0,-446.0,38.0,509.0,,1173.0,-11.0,275.0,-244.0,-717.0
-49.0,-876.0,67.0,567.0,,811.0,-67.0,375.0,-131.0,-959.0
-49.0,-84.0,111.0,516.0,,288.0,-149.0,552.0,-225.0,-1074.0
-26.0,-818.0,110.0,263.0,,134.0,-180.0,910.0,-292.0,-1010.0
-71.0,-833.0,46.0,67.0,,279.0,-267.0,1005.0,183.0,-940.0
-124.0,-159.0,-34.0,-48.0,,112.0,-396.0,957.0,277.0,-950.0
-141.0,-37.0,-47.0,-65.0,,184.0,-476.0,838.0,9.0,-1021.0
-169.0,-76.0,-68.0,-98.0,,317.0,-580.0,458.0,-240.0,-983.0
-200.0,-690.0,-158.0,-162.0,,427.0,-618.0,399.0,-132.0,-754.0
-237.0,911.0,-218.0,-181.0,,493.0,-534.0,247.0,88.0,-565.0
-218.0,548.0,-257.0,-237.0,,360.0,-476.0,262.0,-198.0,-513.0
-182.0,-1389.0,-324.0,-166.0,,909.0,-456.0,234.0,-634.0,-577.0
-187.0,308.0,-436.0,-132.0,,1590.0,-419.0,73.0,-768.0,-534.0
-205.0,1114.0,-528.0,-269.0,,1268.0,-404.0,271.0,-455.0,-349.0
-204.0,62.0,-558.0,-338.0,,988.0,-442.0,513.0,-609.0,-292.0
-212.0,983.0,-535.0,-135.0,,1277.0,-489.0,1019.0,-837.0,-375.0
-255.0,989.0,-486.0,-34.0,,1316.0,-509.0,1225.0,-308.0,-276.0
-221.0,412.0,-388.0,-179.0,,739.0,-558.0,1156.0,-400.0,-236.0
-161.0,890.0,-313.0,-307.0,,33.0,-543.0,988.0,-519.0,-268.0
-128.0,154.0,-319.0,-364.0,,85.0,-411.0,811.0,40.0,-59.0
-87.0,-75.0,-276.0,-264.0,,344.0,-290.0,1021.0,100.0,-79.0
-37.0,-507.0,-212.0,-269.0,,513.0,-174.0,1042.0,-382.0,-97.0
37.0,-975.0,-164.0,-321.0,,788.0,-20.0,1047.0,-466.0,152.0
73.0,-498.0,-139.0,-361.0,,788.0,93.0,868.0,251.0,254.0
93.0,-497.0,-184.0,-415.0,,870.0,129.0,622.0,359.0,64.0
126.0,-1210.0,-145.0,-237.0,,837.0,160.0,546.0,-181.0,-42.0
161.0,-1187.0,-73.0,77.0,,1003.0,140.0,367.0,-44.0,115.0
170.0,440.0,-116.0,190.0,,1162.0,3.0,591.0,304.0,173.0
148.0,-632.0,-84.0,48.0,,353.0,-165.0,840.0,470.0,25.0
141.0,-729.0,-83.0,-117.0,,139.0,-320.0,979.0,400.0,-134.0
109.0,936.0,-116.0,-237.0,,717.0,-469.0,960.0,184.0,-202.0
72.0,-454.0,-115.0,-278.0,,735.0,-586.0,844.0,183.0,-287.0
12.0,-525.0,-223.0,-463.0,,346.0,-673.0,934.0,186.0,-202.0
-31.0,-177.0,-186.0,-633.0,,223.0,-680.0,785.0,169.0,-141.0
-13.0,-289.0,-121.0,-547.0,,1002.0,-588.0,705.0,225.0,-330.0
7.0,-176.0,-144.0,-613.0,,1230.0,-514.0,642.0,-153.0,-440.0
35.0,-655.0,-120.0,-615.0,,767.0,-438.0,696.0,-239.0,-284.0
61.0,548.0,-102.0,-368.0,,819.0,-303.0,752.0,144.0,-96.0
58.0,1147.0,-57.0,-53.0,,769.0,-193.0,426.0,231.0,-170.0
17.0,750.0,-30.0,177.0,,1022.0,-104.0,258.0,63.0,-275.0
-30.0,1379.0,33.0,49.0,,684.0,-37.0,84.0,-132.0,-228.0
-70.0,1593.0,38.0,-5.0,,230.0,-15.0,177.0,-227.0,-120.0
-106.0,542.0,-3.0,47.0,,631.0,26.0,428.0,-199.0,-31.0
-178.0,554.0,-6.0,-115.0,,415.0,115.0,546.0,174.0,19.0
-244.0,739.0,-22.0,-314.0,,555.0,215.0,665.0,-9.0,-41.0
-264.0,-1424.0,8.0,-477.0,,927.0,297.0,469.0,-115.0,-118.0
-291.0,-1833.0,-3.0,-499.0,,951.0,342.0,345.0,-123.0,-126.0
-296.0,-758.0,-45.0,-435.0,,989.0,336.0,284.0,-233.0,-147.0
-314.0,-1203.0,-103.0,-584.0,,863.0,277.0,436.0,268.0,-220.0
-328.0,-1026.0,-55.0,-743.0,,840.0,249.0,757.0,175.0,-345.0
-327.0,-436.0,10.0,-535.0,,292.0,261.0,931.0,-136.0,-460.0
-298.0,-551.0,-26.0,-366.0,,-213.0,229.0,1043.0,-173.0,-460.0
-272.0,195.0,-6.0,-380.0,,18.0,241.0,776.0,84.0,-385.0
-266.0,734.0,45.0,-268.0,,292.0,313.0,618.0,376.0,-515.0
-243.0,217.0,109.0,-21.0,,449.0,344.0,546.0,92.0,-446.0
-233.0,333.0,77.0,47.0,,152.0,323.0,491.0,-124.0,-274.0
-158.0,92.0,95.0,-60.0,,-42.0,262.0,576.0,-42.0,-419.0
-86.0,-245.0,117.0,87.0,,564.0,152.0,399.0,81.0,-516.0
-52.0,58.0,58.0,167.0,,664.0,16.0,360.0,386.0,-467.0
-55.0,-197.0,44.0,-91.0,,459.0,-100.0,413.0,534.0,-367.0
-53.0,-801.0,42.0,-360.0,,707.0,-245.0,676.0,338.0,-389.0
-30.0,-602.0,63.0,-566.0,,666.0,-339.0,914.0,121.0,-426.0
-48.0,-251.0,-1.0,-736.0,,425.0,-328.0,899.0,635.0,-445.0
-64.0,-690.0,-63.0,-768.0,,272.0,-304.0,862.0,977.0,-451.0
-66.0,-1167.0,-92.0,-717.0,,443.0,-185.0,417.0,406.0,-308.0
-29.0,-123.0,-139.0,-626.0,,716.0,25.0,60.0,238.0,-137.0
-39.0,160.0,-199.0,-479.0,,646.0,216.0,-181.0,180.0,-99.0
-71.0,-849.0,-300.0,-224.0,,655.0,395.0,-251.0,420.0,-196.0
-97.0,402.0,-306.0,-5.0,,553.0,539.0,-83.0,413.0,-21.0
-110.0,1056.0,-286.0,-31.0,,212.0,612.0,-160.0,87.0,202.0
-148.0,848.0,-302.0,-93.0,,201.0,638.0,-256.0,-100.0,241.0
-225.0,1119.0,-306.0,-32.0,,507.0,617.0,-463.0,-333.0,335.0
-254.0,940.0,-295.0,-86.0,,1067.0,515.0,-428.0,-94.0,347.0
-284.0,179.0,-255.0,-318.0,,887.0,349.0,-258.0,-82.0,378.0
-315.0,233.0,-268.0,-383.0,,0.0,244.0,-94.0,-408.0,541.0
-352.0,1134.0,-317.0,-345.0,,0.0,249.0,339.0,-712.0,665.0
-353.0,-699.0,-305.0,-261.0,,375.0,269.0,552.0,-690.0,641.0
-336.0,-970.0,-303.0,-172.0,,536.0,289.0,837.0,-413.0,589.0
-361.0,-790.0,-355.0,-185.0,,346.0,330.0,1132.0,19.0,574.0
-371.0,-868.0,-337.0,-194.0,,150.0,384.0,1306.0,-56.0,518.0
-340.0,9.0,-227.0,-326.0,,369.0,470.0,1311.0,-311.0,362.0
-332.0,-1968.0,-177.0,-442.0,,316.0,556.0,851.0,-49.0,182.0
-360.0,-654.0,-198.0,-523.0,,547.0,599.0,297.0,-27.0,94.0
-358.0,1254.0,-229.0,-605.0,,763.0,548.0,-356.0,12.0,79.0
-295.0,442.0,-240.0,-570.0,,544.0,467.0,-866.0,76.0,0.0
-242.0,-223.0,-266.0,-648.0,,369.0,400.0,-1254.0,32.0,-275.0
-218.0,-226.0,-335.0,-524.0,,-25.0,268.0,-1346.0,44.0,-378.0
-165.0,222.0,-352.0,-263.0,,220.0,167.0,-1021.0,243.0,-297.0
-108.0,-1023.0,-306.0,-368.0,,514.0,101.0,-921.0,802.0,-427.0
-56.0,-229.0,-331.0,-347.0,,102.0,20.0,-827.0,838.0,-550.0
-47.0,11.0,-433.0,-136.0,,80.0,-37.0,-842.0,169.0,-561.0
-38.0,-779.0,-435.0,-160.0,,164.0,-63.0,-792.0,155.0,-609.0
-18.0,-319.0,-391.0,-242.0,,271.0,-78.0,-648.0,580.0,-530.0
-2.0,570.0,-390.0,-167.0,,513.0,-98.0,-637.0,527.0,-347.0
-20.0,999.0,-385.0,-155.0,,987.0,-62.0,-509.0,125.0,-381.0
-71.0,-470.0,-335.0,-356.0,,1366.0,43.0,-641.0,-170.0,-587.0
-68.0,-322.0,-260.0,-447.0,,911.0,186.0,-589.0,-85.0,-596.0
-61.0,-196.0,-307.0,-385.0,,392.0,278.0,-439.0,261.0,-387.0
-105.0,127.0,-353.0,-523.0,,-64.0,291.0,-376.0,272.0,-284.0
-169.0,423.0,-303.0,-679.0,,1.0,292.0,-195.0,-133.0,-448.0
-176.0,-427.0,-258.0,-664.0,,363.0,274.0,-110.0,-360.0,-582.0
-191.0,-400.0,-232.0,-567.0,,59.0,163.0,273.0,-318.0,-446.0
-229.0,-451.0,-233.0,-395.0,,81.0,42.0,352.0,268.0,-311.0
-255.0,-392.0,-193.0,-266.0,,-37.0,0.0,212.0,434.0,-225.0
-247.0,-297.0,-157.0,-224.0,,-173.0,0.0,86.0,-292.0,-86.0
-207.0,-447.0,-198.0,-162.0,,476.0,33.0,-266.0,-745.0,-95.0
-205.0,-95.0,-239.0,-200.0,,845.0,38.0,-445.0,-432.0,-185.0
-205.0,456.0,-262.0,-307.0,,870.0,68.0,-740.0,33.0,-54.0
-185.0,307.0,-251.0,-148.0,,677.0,137.0,-849.0,-277.0,123.0
-213.0,482.0,-234.0,-61.0,,559.0,214.0,-779.0,-488.0,115.0
-280.0,29.0,-243.0,-13.0,,339.0,325.0,-585.0,-306.0,110.0
-296.0,-335.0,-267.0,124.0,,-155.0,416.0,-376.0,-38.0,222.0
-287.0,41.0,-246.0,86.0,,-143.0,458.0,-343.0,66.0,317.0
-283.0,175.0,-243.0,42.0,,-108.0,431.0,-79.0,-77.0,346.0
-315.0,-544.0,-282.0,-103.0,,169.0,399.0,-48.0,254.0,461.0
-282.0,-784.0,-236.0,-371.0,,429.0,306.0,-35.0,2.0,523.0
-237.0,162.0,-175.0,-656.0,,262.0,202.0,-142.0,230.0,520.0
-290.0,-158.0,-166.0,-775.0,,657.0,201.0,-454.0,1030.0,523.0
-354.0,-43.0,-187.0,-709.0,,615.0,131.0,-652.0,818.0,467.0
-383.0,-652.0,-176.0,-569.0,,33.0,29.0,-1049.0,607.0,494.0
-349.0,-758.0,-175.0,-394.0,,86.0,-24.0,-1274.0,298.0,497.0
-382.0,161.0,-208.0,-271.0,,335.0,-49.0,-1516.0,513.0,398.0
-391.0,359.0,-242.0,-64.0,,331.0,-79.0,-1655.0,796.0,305.0
-324.0,-139.0,-244.0,-128.0,,-208.0,-144.0,-1598.0,421.0,271.0
-252.0,-497.0,-207.0,-377.0,,-454.0,-134.0,-1635.0,59.0,263.0
-256.0,594.0,-281.0,-407.0,,-33.0,-171.0,-1433.0,-132.0,261.0
-301.0,231.0,-320.0,-427.0,,-2.0,-217.0,-1321.0,-72.0,255.0
-270.0,571.0,-256.0,-402.0,,-238.0,-151.0,-1245.0,-112.0,148.0
-250.0,871.0,-298.0,-388.0,,-569.0,-106.0,-1330.0,-56.0,32.0
-264.0,818.0,-356.0,-287.0,,-516.0,-43.0,-1422.0,-564.0,67.0
-273.0,657.0,-351.0,-91.0,,-22.0,-26.0,-1093.0,-1033.0,140.0
-204.0,158.0,-314.0,-218.0,,-98.0,-60.0,-731.0,-634.0,95.0
-166.0,584.0,-270.0,-310.0,,-290.0,-35.0,-256.0,-353.0,-12.0
-147.0,-687.0,-297.0,-264.0,,-235.0,-27.0,-160.0,-675.0,-85.0
-72.0,-352.0,-258.0,-470.0,,-183.0,-82.0,-399.0,-1147.0,-16.0
16.0,228.0,-189.0,-704.0,,65.0,-168.0,-670.0,-1105.0,29.0
35.0,-371.0,-227.0,-895.0,,74.0,-263.0,-934.0,-581.0,-34.0
-16.0,-1147.0,-253.0,-823.0,,-252.0,-364.0,-866.0,-305.0,-64.0
5.0,-1558.0,-240.0,-367.0,,-491.0,-375.0,-918.0,-524.0,-134.0
30.0,-1002.0,-197.0,8.0,,-366.0,-306.0,-861.0,-433.0,-201.0
8.0,-1681.0,-191.0,208.0,,-337.0,-239.0,-787.0,-212.0,-272.0
-35.0,-453.0,-239.0,210.0,,-1083.0,-180.0,-672.0,226.0,-321.0
-38.0,401.0,-217.0,232.0,,-1269.0,-129.0,-367.0,560.0,-269.0
-53.0,79.0,-189.0,214.0,,-732.0,-54.0,-319.0,335.0,-233.0
-111.0,-284.0,-207.0,-20.0,,-321.0,15.0,-332.0,370.0,-169.0
-152.0,-1314.0,-359.0,-127.0,,-67.0,90.0,-837.0,480.0,-82.0
-164.0,-1019.0,-465.0,-430.0,,-267.0,141.0,-1468.0,688.0,-19.0
-172.0,-540.0,-407.0,-680.0,,-35.0,52.0,-1873.0,772.0,130.0
-201.0,436.0,-443.0,-612.0,,386.0,-57.0,-2023.0,604.0,385.0
-185.0,164.0,-476.0,-463.0,,82.0,-120.0,-1653.0,501.0,565.0
-164.0,489.0,-581.0,-175.0,,-408.0,-229.0,-1474.0,291.0,513.0
-154.0,1149.0,-541.0,30.0,,-507.0,-289.0,-1317.0,343.0,439.0
-158.0,-66.0,-435.0,94.0,,-678.0,-308.0,-1313.0,637.0,590.0
-149.0,-8.0,-472.0,65.0,,-1325.0,-391.0,-1443.0,329.0,641.0
-88.0,655.0,-373.0,186.0,,-1208.0,-452.0,-1548.0,-241.0,520.0
-39.0,1065.0,-318.0,115.0,,-348.0,-445.0,-1943.0,-185.0,489.0
-14.0,578.0,-273.0,-58.0,,-182.0,-481.0,-2139.0,-1.0,372.0
-2.0,651.0,-219.0,0.0,,-609.0,-558.0,-2207.0,369.0,304.0
24.0,-298.0,-174.0,-105.0,,-722.0,-660.0,-1831.0,192.0,401.0
67.0,-1599.0,-116.0,-274.0,,-224.0,-827.0,-1138.0,-487.0,485.0
72.0,-1014.0,-138.0,-592.0,,204.0,-978.0,-526.0,-464.0,374.0
98.0,-1160.0,-130.0,-674.0,,38.0,-1094.0,-25.0,-207.0,259.0
141.0,-779.0,-118.0,-454.0,,-102.0,-1138.0,-81.0,-103.0,454.0
163.0,-819.0,-167.0,-469.0,,-475.0,-1062.0,-345.0,-508.0,587.0
128.0,-386.0,-195.0,-439.0,,-1192.0,-950.0,-814.0,-657.0,630.0
66.0,26.0,-251.0,-165.0,,-1314.0,-813.0,-1141.0,-567.0,718.0
38.0,-522.0,-302.0,107.0,,-901.0,-665.0,-1141.0,-432.0,808.0
-21.0,-409.0,-320.0,61.0,,-573.0,-536.0,-1204.0,-332.0,868.0
-60.0,-35.0,-357.0,-2.0,,-861.0,-433.0,-1225.0,-370.0,922.0
-54.0,1394.0,-365.0,107.0,,-788.0,-382.0,-1448.0,-317.0,1015.0
6.0,1415.0,-340.0,124.0,,-425.0,-388.0,-1437.0,-789.0,937.0
48.0,755.0,-278.0,55.0,,-683.0,-406.0,-1226.0,-423.0,727.0
28.0,912.0,-333.0,-121.0,,-555.0,-388.0,-1023.0,83.0,521.0
24.0,862.0,-365.0,-282.0,,-277.0,-402.0,-716.0,-323.0,396.0
29.0,500.0,-294.0,-399.0,,-108.0,-503.0,-691.0,-533.0,234.0
43.0,-122.0,-277.0,-367.0,,-235.0,-610.0,-580.0,-469.0,22.0
32.0,714.0,-243.0,-124.0,,-765.0,-658.0,-546.0,-62.0,-93.0
31.0,747.0,-211.0,167.0,,-676.0,-703.0,-587.0,273.0,-94.0
26.0,-379.0,-160.0,290.0,,-519.0,-764.0,-709.0,152.0,-93.0
-8.0,-412.0,-153.0,131.0,,-754.0,-843.0,-1154.0,20.0,-149.0
-82.0,-1389.0,-153.0,-44.0,,-954.0,-925.0,-1444.0,269.0,2.0
-112.0,-1531.0,-127.0,-202.0,,-850.0,-933.0,-1768.0,430.0,139.0
-79.0,-618.0,-121.0,-252.0,,-517.0,-921.0,-1917.0,416.0,139.0
-83.0,-439.0,-79.0,-287.0,,-634.0,-878.0,-1832.0,384.0,164.0
-127.0,-230.0,-84.0,-393.0,,-653.0,-788.0,-1561.0,196.0,187.0
-179.0,-652.0,-49.0,-390.0,,-614.0,-772.0,-1127.0,241.0,237.0
-196.0,-690.0,23.0,-401.0,,-800.0,-766.0,-995.0,542.0,204.0
-226.0,-212.0,28.0,-320.0,,-500.0,-733.0,-903.0,741.0,254.0
-246.0,-95.0,55.0,-197.0,,-515.0,-729.0,-1049.0,610.0,336.0
-216.0,-617.0,20.0,-155.0,,-575.0,-749.0,-1123.0,389.0,249.0
-162.0,424.0,-42.0,-120.0,,-628.0,-796.0,-1029.0,242.0,247.0
-112.0,1277.0,-81.0,-120.0,,-917.0,-797.0,-1040.0,233.0,415.0
-94.0,302.0,-119.0,-169.0,,-644.0,-780.0,-958.0,423.0,406.0
-36.0,5.0,-75.0,-115.0,,-659.0,-821.0,-1212.0,304.0,231.0
0.0,7.0,-61.0,66.0,,-915.0,-858.0,-1348.0,-419.0,306.0
6.0,501.0,-70.0,111.0,,-1122.0,-852.0,-1337.0,-650.0,418.0
47.0,977.0,-48.0,65.0,,-1003.0,-844.0,-1252.0,-182.0,286.0
56.0,1406.0,-81.0,28.0,,-760.0,-874.0,-1034.0,-271.0,247.0
55.0,1206.0,-132.0,53.0,,-1110.0,-851.0,-1099.0,-607.0,326.0
60.0,769.0,-143.0,-124.0,,-865.0,-780.0,-1138.0,-901.0,310.0
115.0,187.0,-147.0,-366.0,,-596.0,-738.0,-1337.0,-605.0,311.0
224.0,73.0,-117.0,-294.0,,-674.0,-680.0,-1393.0,20.0,325.0
280.0,-386.0,-122.0,-242.0,,-479.0,-642.0,-1219.0,181.0,427.0
294.0,-723.0,-160.0,-144.0,,-632.0,-664.0,-951.0,67.0,498.0
300.0,885.0,-79.0,-55.0,,-580.0,-756.0,-436.0,-154.0,421.0
279.0,693.0,-75.0,107.0,,-527.0,-858.0,-230.0,291.0,471.0
207.0,105.0,-147.0,214.0,,-726.0,-908.0,-144.0,435.0,453.0
142.0,-353.0,-201.0,142.0,,-575.0,-956.0,-303.0,251.0,361.0
119.0,-342.0,-222.0,277.0,,-352.0,-934.0,-530.0,229.0,385.0
107.0,664.0,-180.0,432.0,,-166.0,-875.0,-528.0,-103.0,444.0
111.0,547.0,-145.0,439.0,,-523.0,-833.0,-582.0,-5.0,421.0
116.0,831.0,-132.0,260.0,,-650.0,-694.0,-546.0,262.0,273.0
137.0,1136.0,-177.0,122.0,,-398.0,-534.0,-781.0,89.0,214.0
131.0,168.0,-79.0,93.0,,-643.0,-420.0,-1055.0,-224.0,345.0
112.0,-746.0,-25.0,269.0,,-508.0,-355.0,-1284.0,-469.0,345.0
125.0,-901.0,-116.0,442.0,,-572.0,-333.0,-1354.0,-345.0,138.0
135.0,-1071.0,-177.0,399.0,,-648.0,-281.0,-1075.0,-83.0,114.0
143.0,-1421.0,-254.0,480.0,,-677.0,-270.0,-923.0,-196.0,128.0
117.0,-1226.0,-285.0,510.0,,-812.0,-261.0,-703.0,-329.0,-24.0
111.0,-542.0,-341.0,411.0,,-488.0,-271.0,-642.0,-670.0,-41.0
97.0,-1326.0,-353.0,186.0,,-786.0,-341.0,-654.0,-507.0,-41.0
64.0,-1454.0,-353.0,95.0,,-780.0,-363.0,-796.0,-147.0,-228.0
58.0,-513.0,-402.0,117.0,,-665.0,-427.0,-999.0,-387.0,-270.0
55.0,-285.0,-371.0,54.0,,-561.0,-520.0,-729.0,-651.0,-149.0
111.0,565.0,-312.0,-7.0,,-310.0,-529.0,-545.0,-784.0,-99.0
131.0,1048.0,-238.0,-38.0,,-767.0,-442.0,-460.0,-303.0,-128.0
86.0,965.0,-179.0,64.0,,-489.0,-283.0,-613.0,-32.0,-148.0
98.0,627.0,-133.0,-68.0,,-225.0,-226.0,-835.0,-121.0,-85.0
92.0,534.0,-6.0,-188.0,,-122.0,-284.0,-994.0,-500.0,-31.0
65.0,389.0,19.0,-100.0,,79.0,-333.0,-1400.0,-496.0,69.0
56.0,373.0,19.0,-71.0,,-311.0,-405.0,-1489.0,134.0,207.0
27.0,1139.0,70.0,24.0,,-342.0,-518.0,-1260.0,61.0,148.0
28.0,504.0,38.0,165.0,,-252.0,-636.0,-715.0,266.0,87.0
40.0,108.0,30.0,416.0,,102.0,-659.0,-264.0,370.0,216.0
43.0,842.0,-26.0,574.0,,91.0,-562.0,-136.0,59.0,146.0
54.0,-61.0,-18.0,525.0,,-667.0,-430.0,-77.0,548.0,34.0
69.0,-824.0,-81.0,456.0,,-676.0,-264.0,-192.0,1137.0,22.0
53.0,-405.0,-186.0,387.0,,-494.0,-106.0,-51.0,971.0,-162.0
-2.0,-226.0,-157.0,299.0,,23.0,17.0,1.0,534.0,-239.0
-14.0,-246.0,-207.0,158.0,,313.0,165.0,-84.0,429.0,-229.0
16.0,-424.0,-199.0,-11.0,,-188.0,311.0,-60.0,786.0,-198.0
-12.0,-164.0,-209.0,-89.0,,170.0,361.0,-109.0,899.0,-97.0
-10.0,-27.0,-178.0,-128.0,,120.0,397.0,31.0,383.0,9.0
36.0,39.0,-152.0,-266.0,,5.0,476.0,114.0,249.0,135.0
75.0,299.0,-193.0,-212.0,,269.0,473.0,194.0,220.0,276.0
129.0,332.0,-204.0,-81.0,,141.0,383.0,48.0,118.0,422.0
100.0,447.0,-247.0,-102.0,,-91.0,303.0,-371.0,232.0,531.0
140.0,578.0,-226.0,-108.0,,-995.0,285.0,-737.0,121.0,610.0
241.0,57.0,-233.0,-70.0,,-767.0,276.0,-1097.0,17.0,578.0
201.0,-907.0,-201.0,43.0,,-308.0,235.0,-1025.0,-205.0,538.0
152.0,-507.0,-163.0,91.0,,-406.0,183.0,-997.0,-144.0,470.0
249.0,-305.0,-175.0,1.0,,-285.0,130.0,-986.0,327.0,392.0
283.0,116.0,-141.0,-20.0,,-617.0,188.0,-646.0,-36.0,312.0
205.0,1114.0,-156.0,86.0,,200.0,348.0,-410.0,-506.0,130.0
202.0,511.0,-180.0,275.0,,704.0,392.0,-314.0,-307.0,37.0
178.0,202.0,-178.0,409.0,,411.0,346.0,-371.0,-141.0,-37.0
129.0,337.0,-177.0,363.0,,356.0,283.0,-288.0,-28.0,-131.0
153.0,1016.0,-185.0,442.0,,-386.0,249.0,-358.0,-302.0,-140.0
190.0,923.0,-211.0,546.0,,-626.0,268.0,-399.0,-318.0,-32.0
144.0,524.0,-226.0,474.0,,-786.0,261.0,-75.0,-69.0,-25.0
137.0,-32.0,-262.0,447.0,,-584.0,252.0,81.0,-166.0,-81.0
152.0,-1200.0,-339.0,328.0,,-136.0,233.0,120.0,51.0,71.0
67.0,-50.0,-320.0,239.0,,-431.0,258.0,-12.0,47.0,166.0
-45.0,-490.0,-295.0,263.0,,-118.0,311.0,75.0,-157.0,168.0
-117.0,-855.0,-330.0,305.0,,-152.0,341.0,212.0,-64.0,195.0
-155.0,-165.0,-310.0,437.0,,167.0,408.0,151.0,88.0,186.0
-168.0,236.0,-292.0,444.0,,674.0,502.0,173.0,199.0,103.0
-147.0,424.0,-266.0,283.0,,290.0,593.0,-33.0,67.0,-16.0
-203.0,-1092.0,-266.0,150.0,,522.0,644.0,-88.0,-237.0,-72.0
-168.0,-750.0,-291.0,262.0,,262.0,708.0,-90.0,-84.0,-220.0
-74.0,-428.0,-254.0,311.0,,-189.0,785.0,84.0,257.0,-363.0
-106.0,426.0,-231.0,17.0,,-519.0,821.0,583.0,164.0,-464.0
-145.0,232.0,-191.0,-145.0,,-828.0,783.0,997.0,25.0,-606.0
-148.0,0.0,-191.0,-48.0,,-610.0,632.0,1587.0,8.0,-695.0
-128.0,1033.0,-188.0,10.0,,-498.0,487.0,1890.0,242.0,-752.0
-127.0,-390.0,-141.0,-197.0,,187.0,422.0,1877.0,441.0,-736.0
-128.0,-201.0,-218.0,-275.0,,272.0,436.0,1430.0,270.0,-808.0
-137.0,-260.0,-232.0,-23.0,,-23.0,459.0,646.0,-55.0,-780.0
-65.0,5.0,-251.0,214.0,,287.0,472.0,269.0,-99.0,-539.0
11.0,514.0,-289.0,425.0,,446.0,488.0,77.0,49.0,-437.0
0.0,109.0,-226.0,626.0,,1007.0,485.0,195.0,-168.0,-447.0
38.0,659.0,-183.0,802.0,,632.0,532.0,158.0,-286.0,-441.0
78.0,573.0,-86.0,903.0,,-57.0,598.0,-179.0,-361.0,-419.0
97.0,38.0,-65.0,990.0,,85.0,691.0,-343.0,-702.0,-495.0
69.0,-694.0,-94.0,944.0,,-127.0,719.0,-351.0,-657.0,-601.0
40.0,423.0,-40.0,704.0,,-116.0,681.0,-88.0,-583.0,-647.0
-2.0,915.0,0.0,563.0,,-305.0,679.0,18.0,-711.0,-737.0
-86.0,328.0,-11.0,476.0,,-388.0,623.0,273.0,-508.0,-880.0
-109.0,41.0,-24.0,252.0,,-403.0,584.0,707.0,-626.0,-921.0
-113.0,-735.0,-20.0,96.0,,-670.0,585.0,1064.0,-462.0,-814.0
-132.0,-921.0,44.0,83.0,,-98.0,612.0,1422.0,89.0,-780.0
-141.0,-1057.0,123.0,7.0,,218.0,612.0,1516.0,200.0,-744.0
-103.0,-1176.0,147.0,159.0,,515.0,590.0,1686.0,211.0,-679.0
-87.0,-722.0,189.0,389.0,,615.0,610.0,1653.0,18.0,-583.0
-93.0,-49.0,167.0,425.0,,123.0,643.0,1480.0,269.0,-459.0
-128.0,-295.0,140.0,377.0,,-23.0,702.0,1278.0,371.0,-415.0
-171.0,112.0,137.0,283.0,,-502.0,749.0,979.0,178.0,-325.0
-114.0,67.0,108.0,441.0,,-317.0,793.0,1045.0,235.0,-292.0
-102.0,-324.0,142.0,528.0,,99.0,833.0,1043.0,-56.0,-229.0
-91.0,-123.0,126.0,341.0,,-333.0,864.0,1021.0,-91.0,-129.0
13.0,396.0,91.0,238.0,,-754.0,813.0,768.0,141.0,-116.0
91.0,1030.0,93.0,297.0,,-690.0,612.0,373.0,262.0,0.0
126.0,-199.0,89.0,409.0,,339.0,400.0,497.0,57.0,115.0
129.0,-89.0,116.0,247.0,,536.0,281.0,853.0,-150.0,188.0
138.0,143.0,84.0,-28.0,,146.0,210.0,1313.0,-36.0,217.0
158.0,-532.0,124.0,-31.0,,166.0,165.0,1435.0,207.0,291.0
201.0,-216.0,194.0,-27.0,,25.0,121.0,1446.0,233.0,369.0
243.0,437.0,228.0,-240.0,,442.0,52.0,1428.0,-57.0,395.0
230.0,718.0,290.0,-236.0,,353.0,54.0,1334.0,12.0,330.0
274.0,-82.0,301.0,-55.0,,317.0,127.0,1600.0,29.0,264.0
351.0,119.0,372.0,-26.0,,102.0,286.0,1960.0,-143.0,292.0
393.0,473.0,348.0,-24.0,,-625.0,483.0,2490.0,-230.0,56.0
410.0,84.0,310.0,13.0,,-310.0,661.0,2597.0,-199.0,-8.0
460.0,73.0,356.0,101.0,,-75.0,784.0,2274.0,-363.0,-44.0
484.0,568.0,307.0,88.0,,266.0,744.0,1788.0,-556.0,-204.0
480.0,1269.0,297.0,123.0,,18.0,729.0,1237.0,-245.0,-315.0
505.0,770.0,298.0,211.0,,-168.0,793.0,1243.0,-172.0,-421.0
475.0,5.0,279.0,314.0,,408.0,826.0,1293.0,-255.0,-374.0
456.0,85.0,282.0,423.0,,219.0,793.0,1443.0,-313.0,-548.0
438.0,-51.0,244.0,357.0,,387.0,761.0,1291.0,-129.0,-547.0
439.0,51.0,231.0,462.0,,71.0,795.0,766.0,323.0,-546.0
435.0,-105.0,243.0,561.0,,-45.0,771.0,733.0,250.0,-591.0
429.0,-464.0,189.0,470.0,,78.0,774.0,1110.0,76.0,-535.0
447.0,-601.0,185.0,234.0,,-258.0,791.0,1842.0,218.0,-478.0
453.0,-815.0,177.0,89.0,,182.0,721.0,2220.0,165.0,-358.0
445.0,-564.0,139.0,144.0,,-89.0,650.0,2237.0,146.0,-422.0
392.0,-464.0,151.0,198.0,,-124.0,559.0,2161.0,366.0,-262.0
408.0,-36.0,164.0,321.0,,-263.0,465.0,1956.0,227.0,-198.0
456.0,-7.0,208.0,370.0,,-270.0,404.0,1879.0,58.0,-217.0
453.0,870.0,234.0,591.0,,615.0,361.0,1747.0,325.0,-59.0
385.0,1938.0,282.0,691.0,,535.0,319.0,1945.0,635.0,51.0
335.0,633.0,312.0,516.0,,924.0,247.0,2115.0,537.0,-11.0
251.0,-366.0,352.0,431.0,,907.0,226.0,2049.0,254.0,-29.0
139.0,-104.0,329.0,344.0,,573.0,272.0,1956.0,-96.0,162.0
91.0,525.0,315.0,308.0,,374.0,316.0,1625.0,-4.0,168.0
22.0,-56.0,392.0,269.0,,52.0,390.0,1409.0,374.0,121.0
-44.0,-923.0,328.0,320.0,,659.0,500.0,1117.0,-93.0,57.0
-69.0,-877.0,263.0,557.0,,342.0,554.0,1080.0,-381.0,71.0
-73.0,-1311.0,253.0,663.0,,366.0,569.0,1383.0,-228.0,60.0
-129.0,-1444.0,265.0,592.0,,525.0,595.0,1528.0,-149.0,-19.0
-147.0,-720.0,282.0,581.0,,308.0,607.0,1435.0,56.0,32.0
-182.0,53.0,270.0,533.0,,553.0,634.0,894.0,95.0,34.0
-177.0,490.0,172.0,460.0,,371.0,687.0,594.0,-147.0,-18.0
-180.0,709.0,180.0,266.0,,1022.0,716.0,746.0,-20.0,22.0
-244.0,911.0,287.0,44.0,,922.0,712.0,1269.0,587.0,205.0
-230.0,791.0,248.0,17.0,,480.0,769.0,1991.0,645.0,291.0
-195.0,-101.0,212.0,0.0,,509.0,882.0,2511.0,476.0,214.0
-104.0,-202.0,138.0,88.0,,50.0,941.0,2967.0,333.0,188.0
-28.0,731.0,68.0,194.0,,269.0,948.0,2969.0,354.0,273.0
73.0,802.0,23.0,250.0,,108.0,937.0,2795.0,384.0,317.0
168.0,453.0,2.0,195.0,,333.0,955.0,2581.0,261.0,319.0
290.0,581.0,-14.0,53.0,,417.0,992.0,2233.0,248.0,342.0
328.0,513.0,-81.0,25.0,,2.0,933.0,1812.0,-7.0,346.0
278.0,-24.0,-64.0,51.0,,374.0,804.0,1073.0,-44.0,310.0
331.0,52.0,-41.0,34.0,,262.0,696.0,718.0,-75.0,313.0
365.0,365.0,-27.0,-41.0,,894.0,616.0,548.0,48.0,405.0
361.0,232.0,-20.0,-75.0,,1295.0,536.0,317.0,-41.0,412.0
305.0,509.0,-32.0,-88.0,,1039.0,440.0,406.0,-393.0,340.0
363.0,697.0,-4.0,-66.0,,1007.0,403.0,814.0,-173.0,321.0
421.0,362.0,26.0,-249.0,,568.0,330.0,1566.0,-68.0,351.0
354.0,9.0,73.0,-385.0,,582.0,168.0,2030.0,150.0,278.0
333.0,-208.0,87.0,-118.0,,127.0,69.0,2226.0,121.0,183.0
329.0,45.0,119.0,60.0,,250.0,80.0,2292.0,10.0,122.0
262.0,491.0,215.0,13.0,,256.0,132.0,2368.0,381.0,-11.0
171.0,195.0,248.0,-81.0,,-98.0,215.0,2514.0,486.0,-166.0
143.0,-188.0,247.0,26.0,,713.0,325.0,2228.0,345.0,-293.0
151.0,324.0,264.0,128.0,,867.0,356.0,1912.0,50.0,-280.0
143.0,206.0,272.0,-6.0,,955.0,383.0,1489.0,-153.0,-227.0
170.0,-333.0,225.0,-26.0,,583.0,464.0,1160.0,-247.0,-206.0
234.0,227.0,201.0,178.0,,526.0,534.0,1123.0,-223.0,-159.0
222.0,598.0,230.0,361.0,,962.0,558.0,1067.0,-125.0,60.0
245.0,409.0,221.0,371.0,,767.0,532.0,1145.0,-479.0,196.0
269.0,250.0,191.0,442.0,,818.0,542.0,901.0,-867.0,163.0
288.0,-116.0,169.0,494.0,,-85.0,552.0,676.0,-564.0,433.0
336.0,-472.0,138.0,399.0,,-240.0,559.0,532.0,-26.0,531.0
380.0,-155.0,99.0,321.0,,-31.0,593.0,609.0,115.0,449.0
300.0,55.0,55.0,351.0,,-98.0,516.0,1182.0,-250.0,544.0
295.0,111.0,-4.0,349.0,,513.0,381.0,1576.0,-471.0,621.0
426.0,164.0,-21.0,163.0,,192.0,316.0,1969.0,164.0,631.0
352.0,-574.0,-16.0,-6.0,,217.0,182.0,2165.0,566.0,531.0
340.0,-163.0,-43.0,-133.0,,435.0,29.0,2280.0,248.0,538.0
352.0,-228.0,-34.0,-179.0,,814.0,-60.0,2252.0,180.0,505.0
437.0,-327.0,-30.0,-292.0,,929.0,-158.0,1843.0,376.0,426.0
456.0,748.0,-71.0,-446.0,,444.0,-216.0,1577.0,509.0,463.0
339.0,432.0,-81.0,-401.0,,713.0,-178.0,1201.0,558.0,513.0
368.0,501.0,-53.0,-330.0,,593.0,-54.0,888.0,184.0,435.0
320.0,270.0,-45.0,-162.0,,684.0,76.0,497.0,-40.0,300.0
311.0,-240.0,-64.0,3.0,,208.0,189.0,-35.0,127.0,358.0
289.0,-459.0,-45.0,92.0,,46.0,193.0,-373.0,181.0,303.0
238.0,-706.0,-10.0,204.0,,849.0,104.0,-367.0,226.0,252.0
235.0,-664.0,-17.0,321.0,,721.0,44.0,232.0,113.0,336.0
246.0,-469.0,-5.0,316.0,,610.0,18.0,724.0,-32.0,394.0
271.0,45.0,11.0,138.0,,50.0,29.0,1162.0,-238.0,382.0
219.0,-634.0,-16.0,61.0,,29.0,0.0,1478.0,-147.0,353.0
163.0,-540.0,17.0,28.0,,310.0,-80.0,1354.0,-144.0,465.0
152.0,-609.0,5.0,-79.0,,619.0,-125.0,1062.0,-376.0,448.0
171.0,-1285.0,-95.0,-162.0,,974.0,-107.0,703.0,-274.0,318.0
114.0,-489.0,-126.0,-51.0,,297.0,-67.0,777.0,-322.0,228.0
46.0,-232.0,-133.0,10.0,,410.0,30.0,894.0,-220.0,182.0
33.0,-135.0,-140.0,-121.0,,322.0,149.0,875.0,-169.0,111.0
37.0,43.0,-176.0,-75.0,,350.0,163.0,740.0,-118.0,40.0
38.0,-12.0,-223.0,169.0,,600.0,140.0,436.0,-109.0,-39.0
26.0,65.0,-224.0,349.0,,278.0,186.0,445.0,-154.0,-149.0
21.0,26.0,-259.0,287.0,,284.0,298.0,356.0,-47.0,-142.0
34.0,355.0,-325.0,316.0,,225.0,350.0,266.0,-36.0,-123.0
75.0,654.0,-290.0,361.0,,717.0,335.0,197.0,192.0,-61.0
71.0,724.0,-254.0,300.0,,694.0,291.0,160.0,166.0,-33.0
22.0,969.0,-244.0,326.0,,848.0,179.0,436.0,196.0,-7.0
-51.0,805.0,-208.0,241.0,,1129.0,0.0,580.0,421.0,69.0
-91.0,669.0,-186.0,213.0,,719.0,-182.0,672.0,729.0,154.0
-114.0,1053.0,-136.0,127.0,,976.0,-296.0,391.0,824.0,164.0
-144.0,804.0,-158.0,-65.0,,607.0,-373.0,-116.0,377.0,105.0
-165.0,530.0,-133.0,-72.0,,692.0,-450.0,-473.0,382.0,123.0
-163.0,429.0,-81.0,-44.0,,1125.0,-481.0,-591.0,604.0,73.0
-133.0,121.0,-37.0,-76.0,,1091.0,-431.0,-245.0,529.0,26.0
-144.0,-70.0,54.0,-241.0,,982.0,-358.0,-68.0,241.0,-3.0
-142.0,-604.0,93.0,-395.0,,510.0,-314.0,105.0,123.0,1.0
-163.0,-578.0,128.0,-157.0,,1016.0,-252.0,186.0,125.0,-53.0
-127.0,-327.0,145.0,169.0,,1255.0,-97.0,140.0,70.0,-135.0
-94.0,-607.0,106.0,330.0,,1471.0,59.0,310.0,115.0,-88.0
-129.0,-596.0,60.0,601.0,,1135.0,160.0,365.0,-22.0,-19.0
-123.0,-573.0,18.0,749.0,,200.0,222.0,443.0,-81.0,39.0
-125.0,-1050.0,-35.0,818.0,,569.0,142.0,199.0,-208.0,116.0
-74.0,-820.0,-120.0,864.0,,775.0,36.0,-184.0,-376.0,239.0
-62.0,-313.0,-254.0,723.0,,1103.0,9.0,-478.0,-217.0,187.0
-42.0,-454.0,-300.0,563.0,,711.0,-43.0,-676.0,-228.0,179.0
-48.0,48.0,-344.0,251.0,,218.0,-121.0,-447.0,-492.0,262.0
-44.0,67.0,-426.0,0.0,,342.0,-218.0,-365.0,-412.0,156.0
7.0,-139.0,-481.0,-55.0,,513.0,-311.0,-358.0,-142.0,42.0
-31.0,-28.0,-484.0,-176.0,,1279.0,-363.0,-460.0,-30.0,-8.0
-29.0,-213.0,-468.0,-325.0,,1193.0,-383.0,-509.0,-93.0,-108.0
-9.0,-12.0,-482.0,-477.0,,1066.0,-323.0,-206.0,-206.0,-246.0
61.0,218.0,-415.0,-614.0,,381.0,-189.0,-73.0,-5.0,-288.0
84.0,625.0,-362.0,-733.0,,221.0,-52.0,81.0,100.0,-331.0
36.0,632.0,-306.0,-826.0,,1107.0,14.0,59.0,117.0,-380.0
19.0,583.0,-319.0,-812.0,,828.0,7.0,-7.0,240.0,-325.0
27.0,539.0,-323.0,-651.0,,415.0,4.0,-44.0,333.0,-308.0
74.0,427.0,-246.0,-525.0,,-160.0,46.0,-306.0,383.0,-267.0
40.0,648.0,-228.0,-484.0,,14.0,112.0,-351.0,461.0,-172.0
3.0,581.0,-257.0,-385.0,,344.0,62.0,-284.0,622.0,-84.0
-29.0,884.0,-305.0,-328.0,,641.0,-62.0,75.0,308.0,23.0
-70.0,760.0,-317.0,-275.0,,1285.0,-155.0,293.0,139.0,97.0
-61.0,314.0,-353.0,-232.0,,999.0,-293.0,40.0,217.0,211.0
-20.0,551.0,-396.0,-201.0,,929.0,-446.0,-436.0,203.0,349.0
20.0,325.0,-403.0,-130.0,,277.0,-589.0,-1019.0,366.0,434.0
58.0,-623.0,-290.0,-222.0,,173.0,-736.0,-1086.0,-113.0,455.0
73.0,-759.0,-245.0,-356.0,,756.0,-889.0,-1018.0,-327.0,354.0
107.0,-412.0,-248.0,-400.0,,319.0,-986.0,-861.0,121.0,261.0
174.0,-581.0,-192.0,-404.0,,133.0,-991.0,-781.0,171.0,288.0
150.0,-683.0,-162.0,-327.0,,51.0,-944.0,-973.0,211.0,290.0
111.0,-288.0,-62.0,-217.0,,411.0,-796.0,-1012.0,85.0,206.0
122.0,-69.0,-88.0,-83.0,,81.0,-676.0,-1108.0,-408.0,100.0
190.0,-424.0,-62.0,-3.0,,-50.0,-632.0,-955.0,-600.0,44.0
161.0,91.0,20.0,44.0,,966.0,-520.0,-997.0,-218.0,39.0
26.0,-88.0,21.0,193.0,,939.0,-389.0,-1265.0,-100.0,9.0
-13.0,-186.0,7.0,314.0,,818.0,-282.0,-1450.0,-501.0,3.0
-20.0,385.0,-29.0,481.0,,54.0,-245.0,-1644.0,-496.0,0.0
-3.0,185.0,3.0,650.0,,-250.0,-269.0,-1302.0,-305.0,86.0
-110.0,347.0,-42.0,465.0,,244.0,-307.0,-805.0,-59.0,237.0
-198.0,269.0,-73.0,110.0,,25.0,-370.0,-227.0,101.0,323.0
-107.0,892.0,-76.0,-66.0,,147.0,-452.0,68.0,-133.0,375.0
-179.0,710.0,-139.0,-124.0,,-283.0,-565.0,-72.0,-189.0,368.0
-248.0,456.0,-211.0,-255.0,,-265.0,-717.0,-247.0,-268.0,328.0
-230.0,222.0,-297.0,-290.0,,-90.0,-935.0,-687.0,-20.0,261.0
-282.0,-667.0,-308.0,-111.0,,125.0,-1109.0,-968.0,277.0,218.0
-294.0,-341.0,-329.0,32.0,,769.0,-1154.0,-1162.0,192.0,93.0
-321.0,-751.0,-419.0,-3.0,,371.0,-1145.0,-1164.0,304.0,-18.0
-408.0,-240.0,-503.0,-88.0,,334.0,-1103.0,-990.0,305.0,-37.0
-403.0,46.0,-531.0,-69.0,,85.0,-1072.0,-894.0,391.0,-146.0
-259.0,-736.0,-567.0,-65.0,,205.0,-1058.0,-648.0,432.0,-181.0
-225.0,-751.0,-616.0,-152.0,,521.0,-972.0,-582.0,384.0,-103.0
-271.0,-257.0,-648.0,-378.0,,137.0,-792.0,-445.0,224.0,-22.0
-287.0,-124.0,-662.0,-520.0,,200.0,-628.0,-417.0,161.0,-29.0
-289.0,-176.0,-681.0,-537.0,,-246.0,-506.0,-530.0,137.0,-14.0
-182.0,494.0,-687.0,-508.0,,-249.0,-400.0,-665.0,-196.0,72.0
-156.0,550.0,-685.0,-409.0,,-271.0,-357.0,-1090.0,-180.0,90.0
-255.0,501.0,-654.0,-390.0,,-55.0,-366.0,-1256.0,-232.0,47.0
-215.0,-71.0,-595.0,-280.0,,373.0,-369.0,-1282.0,-174.0,10.0
-115.0,209.0,-619.0,-318.0,,-259.0,-398.0,-1116.0,-155.0,5.0
-118.0,317.0,-608.0,-397.0,,11.0,-501.0,-933.0,-374.0,-172.0
-185.0,-175.0,-552.0,-245.0,,154.0,-601.0,-988.0,-437.0,-275.0
-266.0,630.0,-543.0,-223.0,,284.0,-642.0,-970.0,-404.0,-170.0
-208.0,807.0,-612.0,-257.0,,322.0,-659.0,-1141.0,-69.0,-237.0
-120.0,820.0,-614.0,-281.0,,-126.0,-639.0,-1180.0,74.0,-328.0
-131.0,419.0,-526.0,-390.0,,-102.0,-596.0,-1237.0,85.0,-251.0
-112.0,473.0,-466.0,-494.0,,-451.0,-608.0,-1254.0,-53.0,-192.0
-53.0,93.0,-442.0,-547.0,,-79.0,-663.0,-994.0,-122.0,-157.0
-2.0,-742.0,-441.0,-509.0,,-198.0,-704.0,-855.0,269.0,43.0
-2.0,-246.0,-358.0,-399.0,,-413.0,-698.0,-705.0,431.0,164.0
-97.0,-467.0,-340.0,-262.0,,-166.0,-687.0,-809.0,171.0,185.0
-160.0,-816.0,-324.0,-200.0,,-256.0,-740.0,-897.0,-86.0,388.0
-128.0,-916.0,-284.0,-298.0,,445.0,-777.0,-964.0,-140.0,554.0
-167.0,-744.0,-299.0,-241.0,,100.0,-762.0,-1164.0,36.0,531.0
-203.0,-260.0,-331.0,31.0,,-310.0,-685.0,-1188.0,226.0,472.0
-265.0,-199.0,-405.0,87.0,,-245.0,-574.0,-1372.0,51.0,504.0
-327.0,-199.0,-388.0,68.0,,-168.0,-552.0,-1411.0,-242.0,430.0
-318.0,-103.0,-389.0,186.0,,2.0,-540.0,-1435.0,-285.0,211.0
-326.0,687.0,-435.0,211.0,,-578.0,-530.0,-1457.0,-181.0,90.0
-330.0,416.0,-475.0,133.0,,-471.0,-547.0,-1378.0,-302.0,52.0
-338.0,-142.0,-500.0,-34.0,,-580.0,-570.0,-1465.0,-302.0,-36.0
-287.0,598.0,-418.0,-187.0,,-411.0,-670.0,-1330.0,-287.0,-142.0
-220.0,512.0,-441.0,-230.0,,-340.0,-791.0,-1202.0,-516.0,-176.0
-173.0,298.0,-495.0,-307.0,,-976.0,-858.0,-1091.0,-429.0,-195.0
-207.0,168.0,-442.0,-361.0,,-393.0,-885.0,-1164.0,-373.0,-228.0
-251.0,121.0,-433.0,-328.0,,-175.0,-874.0,-1446.0,-400.0,-216.0
-209.0,24.0,-419.0,-110.0,,-191.0,-801.0,-1666.0,-477.0,-132.0
-178.0,161.0,-448.0,-68.0,,-421.0,-677.0,-1997.0,-398.0,-167.0
-190.0,216.0,-459.0,-287.0,,-750.0,-515.0,-1928.0,-203.0,-280.0
-239.0,-113.0,-445.0,-325.0,,-656.0,-364.0,-1574.0,-181.0,-310.0
-156.0,263.0,-510.0,-356.0,,-699.0,-261.0,-1101.0,-135.0,-345.0
-31.0,272.0,-556.0,-460.0,,-313.0,-151.0,-611.0,-333.0,-463.0
-48.0,435.0,-615.0,-612.0,,-993.0,-52.0,-376.0,-250.0,-584.0
-131.0,327.0,-675.0,-532.0,,-1315.0,-56.0,-188.0,15.0,-556.0
-130.0,466.0,-719.0,-294.0,,-1014.0,-162.0,-258.0,67.0,-617.0
-82.0,240.0,-730.0,-201.0,,-1024.0,-293.0,-260.0,-49.0,-654.0
-87.0,615.0,-677.0,-36.0,,-206.0,-415.0,-347.0,-435.0,-497.0
-179.0,1140.0,-627.0,108.0,,-118.0,-484.0,-600.0,-402.0,-380.0
-242.0,88.0,-602.0,27.0,,-160.0,-556.0,-707.0,-19.0,-366.0
-167.0,354.0,-598.0,-252.0,,-309.0,-623.0,-962.0,92.0,-371.0
-134.0,238.0,-541.0,-462.0,,-432.0,-609.0,-997.0,-161.0,-182.0
-159.0,442.0,-462.0,-532.0,,-425.0,-554.0,-966.0,-409.0,-82.0
-221.0,152.0,-458.0,-504.0,,-830.0,-491.0,-744.0,-392.0,-166.0
-230.0,-214.0,-448.0,-407.0,,-431.0,-445.0,-578.0,-252.0,-157.0
-203.0,324.0,-384.0,-322.0,,-809.0,-381.0,-816.0,-191.0,-113.0
-232.0,200.0,-329.0,-221.0,,-1094.0,-330.0,-912.0,-457.0,-156.0
-337.0,544.0,-318.0,-250.0,,-1121.0,-245.0,-1031.0,-710.0,-231.0
-388.0,-31.0,-289.0,-346.0,,-1382.0,-145.0,-864.0,-694.0,-134.0
-358.0,168.0,-226.0,-383.0,,-662.0,-152.0,-829.0,-386.0,-131.0
-400.0,260.0,-203.0,-318.0,,-566.0,-212.0,-1003.0,-121.0,-194.0
-417.0,-386.0,-201.0,-155.0,,-507.0,-269.0,-1016.0,-266.0,-92.0
-513.0,-254.0,-235.0,-178.0,,-691.0,-300.0,-1049.0,-252.0,-25.0
-549.0,77.0,-263.0,-258.0,,-920.0,-308.0,-766.0,-144.0,5.0
-488.0,-204.0,-279.0,-209.0,,-630.0,-266.0,-554.0,-16.0,33.0
-428.0,-452.0,-369.0,-175.0,,-620.0,-166.0,-304.0,153.0,43.0
-396.0,189.0,-408.0,-118.0,,-212.0,-35.0,-212.0,-121.0,-76.0
-429.0,-87.0,-382.0,-115.0,,-710.0,77.0,-376.0,-363.0,-142.0
-358.0,189.0,-408.0,-138.0,,-1047.0,157.0,-389.0,-195.0,-109.0
-257.0,-118.0,-459.0,-73.0,,-983.0,253.0,-537.0,-7.0,-270.0
-229.0,-224.0,-466.0,-106.0,,-1228.0,323.0,-587.0,-51.0,-433.0
-275.0,263.0,-421.0,-184.0,,-780.0,342.0,-770.0,-64.0,-303.0
-211.0,-763.0,-388.0,-107.0,,-1124.0,342.0,-849.0,-159.0,-164.0
-113.0,-815.0,-402.0,-27.0,,-1200.0,327.0,-753.0,-86.0,-320.0
-104.0,-493.0,-379.0,102.0,,-767.0,324.0,-774.0,313.0,-270.0
-156.0,-521.0,-336.0,247.0,,-248.0,316.0,-628.0,143.0,-17.0
-191.0,-1218.0,-309.0,235.0,,236.0,244.0,-812.0,-97.0,65.0
-81.0,-584.0,-273.0,197.0,,-197.0,151.0,-1084.0,-156.0,187.0
-43.0,697.0,-243.0,113.0,,-167.0,-5.0,-1389.0,-19.0,375.0
-83.0,-226.0,-235.0,20.0,,-444.0,-196.0,-1681.0,196.0,415.0
-94.0,-1001.0,-271.0,26.0,,-535.0,-338.0,-1454.0,-16.0,468.0
-51.0,-582.0,-314.0,51.0,,-558.0,-402.0,-979.0,-43.0,654.0
10.0,881.0,-370.0,-51.0,,-1402.0,-331.0,-221.0,-67.0,617.0
-22.0,687.0,-362.0,-190.0,,-1179.0,-230.0,269.0,44.0,449.0
-81.0,-51.0,-326.0,-108.0,,-780.0,-153.0,391.0,138.0,418.0
-72.0,591.0,-329.0,51.0,,-501.0,-94.0,354.0,92.0,428.0
-58.0,583.0,-309.0,135.0,,-568.0,0.0,83.0,27.0,200.0
-58.0,115.0,-291.0,175.0,,-1016.0,98.0,-199.0,-204.0,-77.0
-62.0,-349.0,-290.0,31.0,,-924.0,155.0,-631.0,73.0,-95.0
-54.0,310.0,-347.0,-173.0,,-907.0,239.0,-864.0,252.0,-160.0
-10.0,-34.0,-375.0,-201.0,,-338.0,276.0,-1042.0,-15.0,-311.0
7.0,-530.0,-376.0,-20.0,,-494.0,310.0,-986.0,-229.0,-400.0
7.0,258.0,-374.0,276.0,,-1083.0,384.0,-572.0,-224.0,-406.0
-18.0,-449.0,-362.0,349.0,,-976.0,463.0,-264.0,-65.0,-474.0
-33.0,-722.0,-352.0,244.0,,-1231.0,557.0,116.0,85.0,-597.0
-31.0,-253.0,-308.0,-12.0,,-872.0,610.0,157.0,-34.0,-642.0
-11.0,140.0,-294.0,-342.0,,-948.0,606.0,11.0,-232.0,-632.0
-10.0,704.0,-316.0,-511.0,,-1237.0,595.0,-188.0,-250.0,-654.0
-58.0,1126.0,-361.0,-652.0,,-1038.0,598.0,-489.0,-386.0,-701.0
-30.0,848.0,-320.0,-692.0,,-807.0,559.0,-532.0,-201.0,-635.0
9.0,693.0,-276.0,-688.0,,-226.0,475.0,-574.0,-149.0,-705.0
-12.0,1224.0,-287.0,-601.0,,-495.0,355.0,-491.0,-455.0,-769.0
-90.0,440.0,-234.0,-422.0,,-414.0,238.0,-491.0,-665.0,-717.0
-121.0,346.0,-204.0,-342.0,,-371.0,129.0,-541.0,-415.0,-719.0
-53.0,281.0,-263.0,-214.0,,-553.0,-26.0,-445.0,103.0,-646.0
-16.0,-744.0,-252.0,42.0,,-461.0,-129.0,-351.0,45.0,-618.0
-72.0,-370.0,-195.0,148.0,,-1075.0,-83.0,5.0,-102.0,-506.0
-106.0,-1019.0,-196.0,125.0,,-1004.0,80.0,312.0,-131.0,-311.0
-52.0,-1861.0,-137.0,236.0,,-879.0,244.0,465.0,26.0,-230.0
-46.0,-730.0,-147.0,256.0,,-739.0,382.0,186.0,204.0,-136.0
-100.0,-876.0,-111.0,230.0,,-684.0,506.0,-382.0,220.0,-42.0
-152.0,-915.0,-89.0,279.0,,-784.0,632.0,-569.0,119.0,-33.0
-123.0,-86.0,-175.0,352.0,,-546.0,753.0,-596.0,22.0,103.0
-45.0,-269.0,-183.0,385.0,,-800.0,771.0,-351.0,343.0,308.0
-34.0,-699.0,-210.0,186.0,,-417.0,708.0,-266.0,541.0,272.0
-15.0,-1003.0,-231.0,6.0,,-546.0,569.0,-356.0,386.0,247.0
38.0,267.0,-277.0,34.0,,-899.0,445.0,-367.0,-10.0,308.0
77.0,642.0,-387.0,89.0,,-765.0,360.0,-388.0,-51.0,432.0
109.0,-227.0,-421.0,148.0,,-840.0,259.0,-99.0,269.0,549.0
119.0,-62.0,-445.0,156.0,,-320.0,215.0,-55.0,318.0,446.0
123.0,824.0,-521.0,177.0,,-699.0,166.0,-20.0,132.0,336.0
90.0,496.0,-461.0,173.0,,-1291.0,103.0,-59.0,-167.0,331.0
12.0,-755.0,-406.0,20.0,,-1619.0,70.0,-312.0,-189.0,322.0
-23.0,34.0,-393.0,-65.0,,-1567.0,104.0,-484.0,-18.0,233.0
-43.0,234.0,-360.0,-83.0,,-947.0,231.0,-772.0,97.0,116.0
-65.0,192.0,-317.0,-60.0,,-991.0,392.0,-689.0,-146.0,63.0
-89.0,-20.0,-246.0,-25.0,,-418.0,606.0,-593.0,-629.0,97.0
-80.0,-525.0,-212.0,-14.0,,-250.0,805.0,-304.0,-692.0,95.0
-95.0,-364.0,-111.0,103.0,,-229.0,908.0,208.0,-415.0,55.0
-124.0,-1096.0,-92.0,291.0,,175.0,948.0,351.0,-330.0,13.0
-103.0,-1013.0,-38.0,255.0,,-166.0,956.0,386.0,-482.0,-144.0
-63.0,-642.0,8.0,92.0,,-253.0,971.0,234.0,-600.0,-234.0
-43.0,-752.0,0.0,-55.0,,-417.0,908.0,301.0,-524.0,-205.0
-112.0,-1124.0,72.0,-288.0,,-329.0,782.0,369.0,-181.0,-304.0
-98.0,-544.0,58.0,-363.0,,-619.0,677.0,253.0,-112.0,-452.0
-36.0,279.0,114.0,-380.0,,-901.0,554.0,123.0,-381.0,-460.0
-56.0,-574.0,81.0,-343.0,,-600.0,481.0,-203.0,-442.0,-490.0
-79.0,-597.0,33.0,-271.0,,-686.0,512.0,-312.0,-191.0,-528.0
-47.0,359.0,66.0,-327.0,,-207.0,542.0,-297.0,56.0,-508.0
53.0,481.0,45.0,-336.0,,-480.0,513.0,-33.0,86.0,-551.0
90.0,256.0,72.0,-311.0,,-836.0,578.0,140.0,-154.0,-463.0
75.0,339.0,52.0,-299.0,,-425.0,652.0,-77.0,-364.0,-329.0
101.0,692.0,60.0,-351.0,,-252.0,627.0,-290.0,-207.0,-250.0
123.0,565.0,16.0,-435.0,,123.0,614.0,-550.0,-83.0,-133.0
123.0,-199.0,-22.0,-414.0,,-248.0,574.0,-371.0,46.0,-82.0
116.0,374.0,-36.0,-283.0,,-699.0,473.0,-66.0,-27.0,6.0
110.0,574.0,-74.0,-234.0,,-1145.0,355.0,210.0,-298.0,113.0
105.0,-470.0,-41.0,-192.0,,-1253.0,274.0,511.0,-265.0,231.0
61.0,-225.0,-88.0,15.0,,-764.0,220.0,559.0,-50.0,223.0
23.0,3.0,-96.0,143.0,,-968.0,160.0,757.0,-7.0,122.0
8.0,-565.0,-45.0,177.0,,-761.0,129.0,816.0,-184.0,229.0
-9.0,-855.0,-33.0,121.0,,-651.0,79.0,942.0,-253.0,235.0
-18.0,-463.0,-46.0,-46.0,,-304.0,-12.0,984.0,-307.0,144.0
4.0,-523.0,-36.0,-177.0,,162.0,6.0,801.0,-221.0,195.0
67.0,-760.0,-14.0,-420.0,,-339.0,97.0,613.0,-388.0,220.0
126.0,-302.0,-37.0,-556.0,,-390.0,199.0,121.0,-520.0,149.0
153.0,-19.0,-40.0,-433.0,,-527.0,379.0,-83.0,-309.0,180.0
127.0,-24.0,-26.0,-264.0,,-558.0,539.0,-92.0,-232.0,291.0
124.0,-377.0,-48.0,-44.0,,-722.0,684.0,112.0,100.0,256.0
129.0,-434.0,-68.0,4.0,,-820.0,805.0,314.0,185.0,161.0
62.0,39.0,-113.0,68.0,,-141.0,929.0,168.0,22.0,104.0
-15.0,209.0,-179.0,223.0,,-317.0,1030.0,92.0,-20.0,28.0
-12.0,-294.0,-142.0,145.0,,-555.0,1014.0,-160.0,36.0,-119.0
46.0,-147.0,-169.0,124.0,,-915.0,911.0,-36.0,274.0,-205.0
30.0,-96.0,-174.0,123.0,,-804.0,723.0,208.0,388.0,-194.0
-9.0,-435.0,-138.0,120.0,,43.0,530.0,310.0,54.0,-311.0
26.0,-298.0,-143.0,296.0,,-26.0,324.0,339.0,-166.0,-431.0
115.0,-170.0,-102.0,343.0,,-122.0,154.0,-109.0,-72.0,-278.0
153.0,246.0,-87.0,258.0,,-674.0,32.0,-301.0,-166.0,-172.0
112.0,-57.0,-60.0,44.0,,-971.0,-112.0,-382.0,48.0,-318.0
129.0,972.0,-56.0,-177.0,,-580.0,-211.0,-323.0,-181.0,-370.0
199.0,1207.0,-21.0,-224.0,,-394.0,-252.0,-168.0,-593.0,-209.0
232.0,567.0,-12.0,-197.0,,-375.0,-233.0,-206.0,-443.0,-101.0
189.0,820.0,22.0,-129.0,,-1069.0,-175.0,-72.0,-234.0,-138.0
145.0,-337.0,77.0,-156.0,,-865.0,-85.0,-16.0,20.0,-108.0
225.0,-153.0,70.0,-295.0,,-429.0,18.0,109.0,-278.0,-63.0
299.0,65.0,118.0,-301.0,,-488.0,141.0,145.0,-521.0,-53.0
281.0,-117.0,136.0,-191.0,,-371.0,285.0,242.0,-363.0,0.0
256.0,-554.0,171.0,-242.0,,-723.0,432.0,487.0,-225.0,189.0
272.0,-418.0,160.0,-301.0,,-424.0,612.0,583.0,-25.0,338.0
312.0,-606.0,151.0,-269.0,,-102.0,771.0,770.0,15.0,212.0
271.0,-1331.0,218.0,-179.0,,89.0,843.0,824.0,-91.0,191.0
234.0,-192.0,218.0,-117.0,,-11.0,807.0,982.0,-2.0,295.0
249.0,-413.0,235.0,-152.0,,-647.0,696.0,947.0,302.0,234.0
236.0,-367.0,252.0,-11.0,,-643.0,570.0,613.0,392.0,94.0
208.0,23.0,256.0,192.0,,-749.0,385.0,489.0,127.0,25.0
157.0,149.0,252.0,222.0,,-356.0,135.0,373.0,-229.0,26.0
168.0,-552.0,215.0,48.0,,-411.0,-56.0,434.0,-198.0,-40.0
181.0,-328.0,177.0,-106.0,,-1021.0,-74.0,339.0,-20.0,-128.0
167.0,597.0,116.0,-207.0,,-711.0,-56.0,99.0,-1.0,-157.0
221.0,-304.0,61.0,-253.0,,-544.0,-84.0,-99.0,-207.0,-197.0
288.0,89.0,12.0,-171.0,,-65.0,6.0,-393.0,-464.0,-271.0
352.0,12.0,-15.0,-236.0,,17.0,158.0,-351.0,-413.0,-220.0
334.0,-53.0,-43.0,-364.0,,-317.0,308.0,-229.0,-273.0,-122.0
329.0,-354.0,-80.0,-401.0,,-372.0,431.0,-66.0,-149.0,-168.0
360.0,-511.0,-125.0,-277.0,,-229.0,528.0,109.0,-272.0,-174.0
363.0,14.0,-163.0,-115.0,,523.0,625.0,299.0,-322.0,-53.0
333.0,-70.0,-167.0,-42.0,,421.0,611.0,674.0,-249.0,45.0
274.0,6.0,-148.0,20.0,,300.0,528.0,851.0,-212.0,33.0
278.0,6.0,-135.0,100.0,,202.0,367.0,990.0,-137.0,36.0
249.0,739.0,-139.0,252.0,,-95.0,115.0,938.0,-323.0,101.0
175.0,318.0,-80.0,166.0,,310.0,-92.0,877.0,-445.0,163.0
78.0,-623.0,-35.0,45.0,,71.0,-252.0,886.0,-284.0,170.0
20.0,-152.0,-4.0,130.0,,-37.0,-402.0,709.0,-92.0,117.0
-5.0,745.0,8.0,131.0,,6.0,-492.0,668.0,-123.0,71.0
-30.0,491.0,-16.0,114.0,,150.0,-483.0,482.0,-187.0,-9.0
-18.0,-204.0,-32.0,-50.0,,448.0,-374.0,406.0,-393.0,-90.0
-7.0,-508.0,-85.0,-183.0,,480.0,-232.0,249.0,-383.0,-154.0
-5.0,-447.0,-100.0,-168.0,,886.0,-76.0,-68.0,-23.0,-236.0
-36.0,-168.0,-110.0,-250.0,,513.0,133.0,-72.0,-100.0,-326.0
-35.0,-484.0,-134.0,-230.0,,219.0,357.0,16.0,-350.0,-360.0
-23.0,109.0,-140.0,-185.0,,219.0,596.0,275.0,-318.0,-336.0
15.0,597.0,-163.0,-156.0,,135.0,716.0,375.0,97.0,-342.0
91.0,480.0,-100.0,-27.0,,648.0,663.0,522.0,369.0,-443.0
176.0,604.0,-81.0,0.0,,585.0,536.0,667.0,326.0,-480.0
226.0,440.0,-114.0,-20.0,,521.0,367.0,567.0,96.0,-332.0
268.0,56.0,-76.0,35.0,,490.0,207.0,546.0,-86.0,-256.0
347.0,-200.0,-131.0,44.0,,455.0,64.0,437.0,79.0,-277.0
378.0,-22.0,-166.0,-51.0,,658.0,-101.0,526.0,178.0,-245.0
374.0,459.0,-138.0,-232.0,,480.0,-316.0,533.0,38.0,-174.0
367.0,318.0,-161.0,-331.0,,437.0,-490.0,456.0,-210.0,-144.0
369.0,-370.0,-193.0,-237.0,,35.0,-568.0,537.0,-67.0,-74.0
361.0,37.0,-208.0,-109.0,,313.0,-537.0,582.0,158.0,7.0
325.0,310.0,-214.0,-34.0,,1005.0,-439.0,768.0,90.0,40.0
259.0,139.0,-219.0,58.0,,918.0,-330.0,735.0,42.0,78.0
245.0,322.0,-232.0,134.0,,887.0,-187.0,637.0,-156.0,99.0
252.0,801.0,-286.0,103.0,,422.0,-98.0,369.0,-408.0,173.0
222.0,749.0,-312.0,41.0,,275.0,-67.0,-70.0,-181.0,199.0
188.0,132.0,-355.0,3.0,,416.0,-22.0,-358.0,188.0,304.0
209.0,726.0,-408.0,-101.0,,776.0,62.0,-674.0,-33.0,466.0
244.0,387.0,-389.0,-231.0,,1051.0,148.0,-604.0,-402.0,526.0
202.0,-292.0,-392.0,-221.0,,527.0,191.0,-500.0,-394.0,616.0
138.0,-345.0,-384.0,-177.0,,705.0,199.0,-256.0,-128.0,627.0
89.0,-733.0,-374.0,-227.0,,918.0,146.0,147.0,4.0,741.0
80.0,-359.0,-376.0,-291.0,,1170.0,48.0,382.0,-326.0,876.0
-10.0,-465.0,-325.0,-252.0,,990.0,-66.0,859.0,-620.0,737.0
-87.0,-883.0,-319.0,-125.0,,319.0,-154.0,995.0,-506.0,665.0
-103.0,-794.0,-329.0,20.0,,573.0,-253.0,921.0,-332.0,709.0
-90.0,36.0,-344.0,61.0,,623.0,-343.0,550.0,-113.0,671.0
-67.0,323.0,-289.0,104.0,,912.0,-400.0,-24.0,-280.0,581.0
-100.0,-39.0,-227.0,261.0,,983.0,-518.0,-258.0,-594.0,483.0
-67.0,457.0,-270.0,306.0,,807.0,-601.0,-369.0,-374.0,448.0
-55.0,584.0,-209.0,230.0,,1075.0,-580.0,31.0,-56.0,456.0
-56.0,376.0,-167.0,113.0,,1126.0,-481.0,327.0,61.0,481.0
-79.0,72.0,-198.0,6.0,,1456.0,-351.0,402.0,-213.0,540.0
-64.0,206.0,-205.0,-175.0,,1126.0,-270.0,482.0,-340.0,551.0
-13.0,-298.0,-206.0,-273.0,,878.0,-248.0,517.0,-303.0,505.0
-13.0,-1000.0,-226.0,-182.0,,901.0,-228.0,698.0,-171.0,569.0
-37.0,-304.0,-256.0,-150.0,,455.0,-213.0,487.0,97.0,720.0
-46.0,-246.0,-268.0,-167.0,,822.0,-235.0,262.0,76.0,677.0
-33.0,-607.0,-300.0,-199.0,,1145.0,-214.0,59.0,-24.0,584.0
-80.0,-931.0,-291.0,-254.0,,1347.0,-216.0,-40.0,-190.0,651.0
-94.0,-335.0,-331.0,-235.0,,1273.0,-291.0,20.0,215.0,651.0
-113.0,277.0,-313.0,-179.0,,745.0,-326.0,31.0,470.0,607.0
-103.0,180.0,-210.0,-114.0,,778.0,-310.0,299.0,201.0,594.0
-117.0,843.0,-205.0,-114.0,,875.0,-313.0,363.0,204.0,497.0
-145.0,1231.0,-145.0,-294.0,,1327.0,-397.0,448.0,123.0,403.0
-115.0,1239.0,-79.0,-349.0,,1268.0,-424.0,426.0,216.0,428.0
-114.0,1189.0,-54.0,-346.0,,824.0,-384.0,199.0,166.0,421.0
-106.0,1296.0,-58.0,-288.0,,883.0,-421.0,144.0,-128.0,229.0
-123.0,618.0,-82.0,-64.0,,703.0,-459.0,-142.0,-225.0,168.0
-131.0,185.0,-64.0,40.0,,1262.0,-414.0,-363.0,-141.0,282.0
-209.0,62.0,-117.0,32.0,,1476.0,-322.0,-641.0,-1.0,310.0
-269.0,-424.0,-176.0,62.0,,1251.0,-253.0,-803.0,69.0,283.0
-256.0,-450.0,-202.0,255.0,,1530.0,-222.0,-646.0,-27.0,191.0
-230.0,-1023.0,-236.0,396.0,,1259.0,-265.0,-570.0,-370.0,225.0
-232.0,-806.0,-256.0,318.0,,1146.0,-292.0,-365.0,-423.0,310.0
-266.0,-231.0,-281.0,181.0,,1171.0,-255.0,-168.0,-219.0,283.0
-214.0,216.0,-295.0,136.0,,1258.0,-285.0,240.0,10.0,264.0
-158.0,262.0,-349.0,159.0,,940.0,-408.0,624.0,-220.0,216.0
-177.0,324.0,-418.0,83.0,,427.0,-563.0,663.0,-716.0,208.0
-214.0,914.0,-443.0,14.0,,942.0,-610.0,578.0,-466.0,268.0
-167.0,914.0,-439.0,69.0,,1262.0,-612.0,367.0,-160.0,316.0
-120.0,904.0,-448.0,79.0,,1488.0,-643.0,419.0,-221.0,215.0
-113.0,524.0,-451.0,-13.0,,1477.0,-678.0,304.0,-397.0,141.0
-101.0,246.0,-454.0,-59.0,,1017.0,-691.0,-184.0,-604.0,108.0
-32.0,-118.0,-432.0,-43.0,,1080.0,-617.0,-792.0,-439.0,66.0
15.0,-95.0,-414.0,-15.0,,918.0,-541.0,-1164.0,-118.0,38.0
-9.0,155.0,-425.0,-24.0,,828.0,-512.0,-918.0,-87.0,-159.0
-5.0,-276.0,-432.0,-114.0,,882.0,-540.0,-731.0,-89.0,-272.0
10.0,-564.0,-490.0,-150.0,,713.0,-560.0,-524.0,-10.0,-255.0
36.0,-380.0,-470.0,-231.0,,553.0,-534.0,-334.0,-50.0,-286.0
6.0,72.0,-455.0,-363.0,,274.0,-500.0,-109.0,61.0,-351.0
0.0,70.0,-523.0,-396.0,,572.0,-492.0,327.0,328.0,-323.0
12.0,173.0,-492.0,-445.0,,847.0,-500.0,495.0,291.0,-316.0
-33.0,604.0,-430.0,-428.0,,819.0,-459.0,631.0,80.0,-325.0
-101.0,910.0,-434.0,-280.0,,883.0,-473.0,474.0,160.0,-209.0
-152.0,604.0,-464.0,-64.0,,615.0,-546.0,330.0,172.0,-177.0
-166.0,665.0,-456.0,69.0,,826.0,-678.0,216.0,-169.0,-224.0
-210.0,557.0,-463.0,115.0,,983.0,-816.0,-70.0,-433.0,-267.0
-240.0,-186.0,-491.0,90.0,,667.0,-819.0,-33.0,-374.0,-203.0
-248.0,169.0,-544.0,45.0,,835.0,-765.0,-62.0,-288.0,-262.0
-209.0,249.0,-610.0,48.0,,1031.0,-663.0,18.0,-202.0,-366.0
-176.0,213.0,-598.0,5.0,,1120.0,-514.0,-84.0,-104.0,-305.0
-191.0,161.0,-585.0,16.0,,941.0,-367.0,-271.0,-215.0,-298.0
-173.0,-264.0,-613.0,-19.0,,656.0,-259.0,-151.0,-160.0,-310.0
-153.0,-340.0,-617.0,-81.0,,833.0,-254.0,-153.0,62.0,-288.0
-159.0,-585.0,-589.0,-215.0,,1026.0,-272.0,-133.0,187.0,-175.0
-186.0,-906.0,-544.0,-332.0,,1032.0,-288.0,-393.0,130.0,-159.0
-143.0,-618.0,-476.0,-283.0,,730.0,-351.0,-410.0,-22.0,-164.0
-83.0,105.0,-454.0,-245.0,,797.0,-410.0,-121.0,-237.0,-34.0
-115.0,-211.0,-427.0,-144.0,,969.0,-491.0,-60.0,-189.0,-18.0
-152.0,-106.0,-367.0,-24.0,,496.0,-546.0,-38.0,64.0,-49.0
-128.0,335.0,-430.0,32.0,,295.0,-604.0,-129.0,-97.0,2.0
-85.0,-299.0,-448.0,265.0,,144.0,-746.0,155.0,-99.0,48.0
-95.0,-215.0,-398.0,522.0,,54.0,-862.0,450.0,55.0,-14.0
-115.0,163.0,-420.0,460.0,,-60.0,-908.0,508.0,150.0,-75.0
-87.0,134.0,-412.0,447.0,,18.0,-899.0,430.0,161.0,-71.0
-38.0,323.0,-390.0,456.0,,322.0,-807.0,94.0,276.0,-151.0
-40.0,257.0,-335.0,508.0,,66.0,-634.0,-59.0,600.0,-198.0
-70.0,647.0,-310.0,588.0,,164.0,-482.0,-181.0,506.0,-166.0
-74.0,1073.0,-307.0,439.0,,190.0,-330.0,-11.0,551.0,-258.0
-68.0,782.0,-283.0,376.0,,301.0,-170.0,218.0,786.0,-349.0
-89.0,1281.0,-250.0,93.0,,155.0,-56.0,349.0,692.0,-322.0
-94.0,925.0,-261.0,-337.0,,-361.0,-26.0,504.0,404.0,-280.0
-47.0,344.0,-320.0,-434.0,,-187.0,-74.0,232.0,318.0,-308.0
-29.0,508.0,-263.0,-366.0,,-207.0,-118.0,-29.0,420.0,-310.0
-31.0,200.0,-214.0,-196.0,,-126.0,-212.0,-445.0,447.0,-203.0
-30.0,-93.0,-197.0,-164.0,,-163.0,-300.0,-776.0,335.0,-185.0
-7.0,-880.0,-200.0,-259.0,,-50.0,-356.0,-759.0,143.0,-220.0
8.0,-1075.0,-194.0,-196.0,,-68.0,-402.0,-840.0,101.0,-92.0
-5.0,-1568.0,-189.0,-266.0,,-86.0,-465.0,-746.0,-59.0,37.0
-21.0,-2027.0,-247.0,-314.0,,448.0,-549.0,-578.0,-205.0,49.0
-29.0,-1462.0,-274.0,-81.0,,182.0,-551.0,-253.0,-279.0,94.0
-30.0,-1307.0,-299.0,110.0,,70.0,-567.0,114.0,-472.0,191.0
-44.0,-1038.0,-293.0,259.0,,-72.0,-526.0,543.0,-592.0,227.0
-44.0,-930.0,-347.0,345.0,,-108.0,-383.0,1043.0,-502.0,88.0
-21.0,-534.0,-412.0,352.0,,298.0,-237.0,1055.0,-365.0,-13.0
-7.0,-42.0,-382.0,347.0,,526.0,-109.0,785.0,-365.0,-41.0
-37.0,119.0,-361.0,162.0,,553.0,-100.0,321.0,-306.0,-203.0
-78.0,676.0,-392.0,-121.0,,135.0,-163.0,-25.0,-125.0,-334.0
-116.0,634.0,-421.0,-286.0,,214.0,-243.0,-299.0,1.0,-327.0
-171.0,434.0,-410.0,-320.0,,-79.0,-321.0,-683.0,107.0,-288.0
-229.0,950.0,-358.0,-486.0,,-234.0,-314.0,-929.0,196.0,-422.0
-264.0,924.0,-327.0,-658.0,,-107.0,-233.0,-1167.0,31.0,-484.0
-258.0,-211.0,-321.0,-520.0,,-413.0,-180.0,-868.0,1.0,-405.0
-242.0,-798.0,-226.0,-245.0,,-197.0,-179.0,-428.0,9.0,-482.0
-247.0,-723.0,-182.0,-10.0,,-306.0,-166.0,-262.0,112.0,-448.0
-266.0,-1021.0,-132.0,27.0,,-152.0,-177.0,-177.0,377.0,-318.0
-249.0,-1284.0,-105.0,31.0,,37.0,-205.0,-408.0,357.0,-422.0
-241.0,-1478.0,-134.0,6.0,,60.0,-163.0,-498.0,425.0,-531.0
-234.0,-1444.0,-46.0,8.0,,91.0,-86.0,-508.0,513.0,-423.0
-198.0,-1615.0,-72.0,254.0,,-461.0,-41.0,-260.0,851.0,-330.0
-126.0,-1016.0,-125.0,390.0,,-510.0,-9.0,72.0,875.0,-329.0
-50.0,-149.0,-94.0,433.0,,-617.0,41.0,-12.0,466.0,-254.0
-41.0,-320.0,-113.0,389.0,,-523.0,88.0,-258.0,615.0,-115.0
-19.0,275.0,-87.0,296.0,,-377.0,144.0,-508.0,807.0,-87.0
13.0,1543.0,-98.0,320.0,,-751.0,197.0,-380.0,706.0,27.0
0.0,2179.0,-122.0,397.0,,-467.0,280.0,-262.0,433.0,219.0
-36.0,2205.0,-76.0,437.0,,-271.0,398.0,-188.0,334.0,157.0
-40.0,2693.0,-89.0,228.0,,-100.0,437.0,-157.0,191.0,105.0
-25.0,2987.0,-114.0,-26.0,,117.0,384.0,-269.0,166.0,184.0
-28.0,2984.0,-131.0,49.0,,-33.0,267.0,-136.0,398.0,246.0
-33.0,3300.0,-184.0,194.0,,-271.0,95.0,-199.0,353.0,245.0
-19.0,2342.0,-187.0,76.0,,-603.0,-52.0,-90.0,423.0,231.0
-15.0,460.0,-221.0,-12.0,,-59.0,-149.0,7.0,489.0,214.0
-44.0,275.0,-294.0,138.0,,103.0,-204.0,-192.0,675.0,214.0
-34.0,-31.0,-258.0,289.0,,-408.0,-232.0,-277.0,695.0,288.0
-5.0,-1121.0,-229.0,298.0,,-530.0,-274.0,-461.0,380.0,336.0
-9.0,-973.0,-255.0,384.0,,-829.0,-341.0,-406.0,286.0,381.0
-77.0,-1720.0,-219.0,480.0,,-615.0,-388.0,-301.0,220.0,348.0
-123.0,-2305.0,-223.0,399.0,,-347.0,-296.0,31.0,213.0,334.0
-123.0,-2373.0,-208.0,266.0,,-475.0,-120.0,497.0,31.0,445.0
-116.0,-2572.0,-137.0,148.0,,-649.0,15.0,454.0,-211.0,531.0
-121.0,-2015.0,-125.0,124.0,,-563.0,85.0,360.0,-141.0,536.0
-125.0,-1122.0,-122.0,104.0,,-202.0,107.0,131.0,-81.0,514.0
-69.0,-369.0,-116.0,-89.0,,-198.0,147.0,20.0,-124.0,560.0
-18.0,-520.0,-108.0,-289.0,,-371.0,121.0,-51.0,174.0,451.0
34.0,-617.0,-120.0,-309.0,,-959.0,45.0,-277.0,195.0,300.0
74.0,-1026.0,-147.0,-289.0,,-1423.0,-9.0,-569.0,-12.0,304.0
134.0,-1053.0,-214.0,-190.0,,-1060.0,-95.0,-1058.0,353.0,174.0
146.0,334.0,-260.0,-121.0,,-772.0,-179.0,-1080.0,535.0,-41.0
106.0,1230.0,-186.0,-188.0,,-737.0,-230.0,-1003.0,630.0,-107.0
99.0,840.0,-121.0,-154.0,,-671.0,-247.0,-722.0,643.0,-129.0
60.0,1595.0,-124.0,-48.0,,-814.0,-191.0,-227.0,600.0,-285.0
0.0,2121.0,-160.0,134.0,,-441.0,-79.0,-118.0,772.0,-332.0
-68.0,893.0,-111.0,344.0,,-60.0,35.0,-121.0,628.0,-268.0
-71.0,1024.0,-55.0,480.0,,-444.0,219.0,-303.0,353.0,-353.0
-57.0,492.0,-60.0,519.0,,-713.0,409.0,-29.0,153.0,-382.0
-63.0,-97.0,-91.0,468.0,,-554.0,504.0,314.0,7.0,-273.0
-94.0,487.0,-101.0,510.0,,-338.0,556.0,179.0,-133.0,-264.0
-81.0,836.0,0.0,577.0,,-597.0,593.0,-142.0,-168.0,-334.0
-4.0,626.0,40.0,484.0,,-542.0,641.0,-602.0,-154.0,-302.0
-7.0,-637.0,67.0,370.0,,-287.0,629.0,-711.0,-231.0,-344.0
-71.0,-398.0,105.0,397.0,,-412.0,562.0,-890.0,-232.0,-503.0
-114.0,77.0,66.0,356.0,,-450.0,455.0,-923.0,27.0,-606.0
-73.0,437.0,79.0,311.0,,-563.0,277.0,-750.0,401.0,-707.0
-64.0,873.0,70.0,368.0,,-438.0,148.0,-628.0,397.0,-837.0
-128.0,-154.0,53.0,257.0,,-286.0,54.0,-362.0,396.0,-960.0
-201.0,238.0,65.0,152.0,,-169.0,-57.0,-336.0,633.0,-1023.0
-249.0,899.0,9.0,162.0,,-79.0,-96.0,-208.0,723.0,-1080.0
-284.0,630.0,7.0,273.0,,-274.0,-76.0,-133.0,686.0,-1157.0
-371.0,958.0,27.0,362.0,,-322.0,-9.0,-48.0,534.0,-1028.0
-399.0,554.0,-12.0,235.0,,-360.0,129.0,153.0,326.0,-815.0
-383.0,416.0,-53.0,261.0,,-306.0,278.0,197.0,101.0,-790.0
-382.0,-31.0,-86.0,327.0,,-555.0,403.0,284.0,193.0,-681.0
-384.0,-35.0,-68.0,211.0,,-692.0,501.0,59.0,490.0,-446.0
-388.0,798.0,-35.0,13.0,,-250.0,508.0,-101.0,471.0,-268.0
-376.0,476.0,-18.0,-211.0,,-426.0,514.0,-55.0,431.0,-151.0
-382.0,782.0,20.0,-352.0,,-324.0,527.0,230.0,447.0,-73.0
-392.0,527.0,77.0,-491.0,,183.0,478.0,707.0,632.0,-9.0
-368.0,486.0,85.0,-588.0,,252.0,481.0,598.0,647.0,-22.0
-339.0,105.0,81.0,-437.0,,2.0,433.0,282.0,275.0,37.0
-347.0,-235.0,80.0,-86.0,,-79.0,293.0,-134.0,265.0,89.0
-324.0,-7.0,77.0,64.0,,335.0,193.0,-424.0,285.0,71.0
-253.0,-631.0,86.0,40.0,,242.0,163.0,-365.0,148.0,68.0
-202.0,-106.0,66.0,40.0,,223.0,175.0,-269.0,-40.0,14.0
-199.0,-268.0,116.0,155.0,,-63.0,174.0,-18.0,-333.0,34.0
-181.0,-388.0,147.0,497.0,,-386.0,296.0,-31.0,-421.0,38.0
-119.0,-829.0,135.0,785.0,,-88.0,468.0,-116.0,-372.0,-26.0
-119.0,-1174.0,151.0,861.0,,-166.0,551.0,-171.0,-287.0,-119.0
-150.0,-869.0,194.0,808.0,,35.0,639.0,-7.0,-303.0,-145.0
-155.0,-549.0,218.0,778.0,,13.0,716.0,384.0,-203.0,-134.0
-121.0,128.0,209.0,653.0,,118.0,749.0,349.0,-142.0,-182.0
-112.0,-528.0,277.0,406.0,,396.0,746.0,380.0,-94.0,-133.0
-110.0,-263.0,257.0,251.0,,325.0,682.0,358.0,126.0,-116.0
-68.0,810.0,218.0,176.0,,39.0,535.0,358.0,220.0,-155.0
-61.0,778.0,200.0,142.0,,-614.0,360.0,428.0,141.0,-125.0
-74.0,-200.0,175.0,158.0,,-350.0,245.0,210.0,-173.0,-41.0
-117.0,-33.0,175.0,297.0,,-191.0,194.0,-51.0,-197.0,-41.0
-133.0,232.0,132.0,270.0,,-239.0,136.0,-441.0,-7.0,-76.0
-153.0,59.0,77.0,86.0,,-231.0,51.0,-412.0,108.0,-19.0
-192.0,-313.0,15.0,-71.0,,-423.0,28.0,-60.0,121.0,-9.0
-217.0,-1667.0,70.0,-84.0,,47.0,31.0,286.0,85.0,-48.0
-231.0,-1230.0,67.0,70.0,,294.0,9.0,463.0,-23.0,-40.0
-243.0,-1347.0,-57.0,34.0,,307.0,12.0,269.0,-118.0,2.0
-303.0,-1632.0,-156.0,131.0,,-44.0,73.0,319.0,13.0,-60.0
-333.0,-627.0,-189.0,415.0,,-62.0,141.0,388.0,-230.0,-66.0
-334.0,19.0,-170.0,562.0,,161.0,158.0,495.0,-235.0,-22.0
-316.0,477.0,-192.0,540.0,,-259.0,205.0,487.0,-60.0,-100.0
-307.0,881.0,-250.0,539.0,,-212.0,313.0,181.0,-185.0,-158.0
-280.0,1444.0,-299.0,727.0,,-364.0,475.0,18.0,-174.0,-158.0
-234.0,1504.0,-304.0,674.0,,-423.0,609.0,-169.0,-196.0,-181.0
-244.0,1881.0,-246.0,354.0,,-60.0,666.0,-136.0,-235.0,-330.0
-263.0,1631.0,-189.0,-42.0,,-145.0,677.0,-147.0,-158.0,-384.0
-249.0,1157.0,-178.0,-325.0,,-421.0,593.0,-184.0,36.0,-318.0
-220.0,1599.0,-101.0,-370.0,,-761.0,471.0,-118.0,64.0,-389.0
-223.0,864.0,-29.0,-327.0,,-604.0,350.0,-238.0,-56.0,-409.0
-256.0,155.0,72.0,-246.0,,-236.0,196.0,-212.0,-99.0,-290.0
-245.0,590.0,137.0,-233.0,,29.0,66.0,-284.0,138.0,-235.0
-184.0,-307.0,124.0,-73.0,,104.0,9.0,-182.0,249.0,-222.0
-126.0,-659.0,157.0,6.0,,-160.0,-82.0,31.0,60.0,-150.0
-70.0,137.0,176.0,-81.0,,-63.0,-205.0,199.0,-100.0,-33.0
-24.0,-349.0,187.0,38.0,,-191.0,-272.0,522.0,-330.0,3.0
71.0,-638.0,196.0,110.0,,-204.0,-330.0,615.0,-260.0,-7.0
167.0,-989.0,234.0,107.0,,-40.0,-368.0,792.0,-121.0,108.0
187.0,-418.0,199.0,215.0,,-466.0,-355.0,753.0,-101.0,148.0
228.0,3.0,230.0,410.0,,-574.0,-246.0,646.0,-325.0,104.0
305.0,43.0,247.0,540.0,,-365.0,-61.0,676.0,-518.0,124.0
371.0,892.0,208.0,504.0,,0.0,130.0,563.0,-372.0,185.0
396.0,656.0,226.0,365.0,,225.0,364.0,668.0,-379.0,198.0
422.0,613.0,182.0,262.0,,338.0,606.0,541.0,-250.0,164.0
446.0,938.0,145.0,243.0,,285.0,741.0,406.0,-338.0,256.0
449.0,1128.0,77.0,126.0,,-119.0,720.0,334.0,-362.0,356.0
455.0,811.0,110.0,20.0,,-2.0,599.0,363.0,-138.0,355.0
486.0,860.0,95.0,1.0,,-65.0,436.0,676.0,-103.0,251.0
503.0,773.0,3.0,42.0,,-429.0,190.0,796.0,-130.0,273.0
481.0,595.0,-30.0,31.0,,-384.0,-68.0,1043.0,-271.0,355.0
435.0,86.0,-67.0,-284.0,,-194.0,-238.0,1023.0,-201.0,198.0
377.0,-1117.0,-51.0,-358.0,,-131.0,-360.0,833.0,-197.0,136.0
329.0,-1066.0,-51.0,-96.0,,-250.0,-443.0,764.0,-208.0,202.0
254.0,-1052.0,-23.0,-99.0,,-354.0,-451.0,766.0,-234.0,164.0
204.0,-997.0,-39.0,-221.0,,-398.0,-417.0,1064.0,-380.0,117.0
203.0,-835.0,-32.0,-120.0,,-29.0,-369.0,1082.0,-352.0,214.0
202.0,-393.0,0.0,117.0,,100.0,-272.0,1010.0,-230.0,226.0
182.0,-428.0,13.0,210.0,,-257.0,-137.0,711.0,-135.0,51.0
147.0,-718.0,23.0,269.0,,-85.0,30.0,325.0,-217.0,32.0
131.0,-665.0,9.0,326.0,,-221.0,180.0,188.0,-184.0,75.0
126.0,-237.0,44.0,438.0,,-419.0,306.0,168.0,28.0,-56.0
109.0,570.0,12.0,615.0,,-330.0,419.0,511.0,169.0,-186.0
118.0,427.0,29.0,653.0,,-487.0,432.0,611.0,293.0,-227.0
166.0,652.0,32.0,662.0,,-202.0,336.0,561.0,313.0,-340.0
173.0,147.0,18.0,546.0,,-71.0,163.0,388.0,32.0,-370.0
130.0,-469.0,48.0,390.0,,82.0,-52.0,99.0,27.0,-222.0
88.0,-447.0,-3.0,328.0,,99.0,-178.0,73.0,225.0,-191.0
91.0,-494.0,-59.0,311.0,,-18.0,-157.0,60.0,151.0,-230.0
89.0,-104.0,-46.0,283.0,,-150.0,-149.0,362.0,84.0,-102.0
82.0,-185.0,28.0,1.0,,-605.0,-176.0,635.0,-136.0,4.0
110.0,411.0,0.0,-197.0,,-179.0,-190.0,794.0,-235.0,45.0
141.0,829.0,-55.0,-45.0,,-87.0,-176.0,958.0,17.0,78.0
164.0,253.0,-58.0,177.0,,-160.0,-90.0,1012.0,74.0,116.0
151.0,583.0,-25.0,260.0,,-19.0,1.0,1082.0,-67.0,153.0
158.0,1090.0,-19.0,230.0,,-45.0,113.0,855.0,-200.0,90.0
169.0,1215.0,-49.0,340.0,,269.0,225.0,744.0,-185.0,69.0
155.0,1242.0,-45.0,408.0,,291.0,258.0,703.0,-42.0,66.0
139.0,1120.0,-86.0,304.0,,571.0,239.0,716.0,0.0,54.0
149.0,625.0,-70.0,235.0,,514.0,201.0,851.0,-13.0,-3.0
205.0,65.0,-82.0,215.0,,435.0,145.0,598.0,-196.0,-82.0
215.0,330.0,-111.0,185.0,,447.0,82.0,314.0,-381.0,-26.0
162.0,573.0,-107.0,23.0,,225.0,11.0,140.0,-301.0,58.0
116.0,0.0,-123.0,-193.0,,411.0,-147.0,384.0,58.0,78.0
119.0,-375.0,-128.0,-377.0,,137.0,-415.0,848.0,277.0,114.0
107.0,180.0,-159.0,-481.0,,-50.0,-606.0,1012.0,164.0,254.0
79.0,-28.0,-146.0,-406.0,,-52.0,-659.0,1189.0,313.0,219.0
98.0,134.0,-170.0,-320.0,,118.0,-624.0,1204.0,531.0,138.0
179.0,465.0,-204.0,-219.0,,362.0,-521.0,1164.0,513.0,205.0
248.0,346.0,-214.0,-58.0,,361.0,-446.0,1066.0,290.0,181.0
280.0,849.0,-264.0,89.0,,354.0,-338.0,968.0,0.0,90.0
357.0,490.0,-299.0,212.0,,106.0,-176.0,1040.0,-190.0,-1.0
407.0,385.0,-242.0,221.0,,264.0,15.0,1034.0,-97.0,-17.0
380.0,-463.0,-153.0,363.0,,45.0,183.0,1005.0,-12.0,-87.0
306.0,-1170.0,-194.0,532.0,,-193.0,202.0,652.0,-361.0,-168.0
289.0,-765.0,-198.0,465.0,,175.0,187.0,426.0,-694.0,-131.0
297.0,-515.0,-184.0,408.0,,302.0,177.0,559.0,-702.0,-123.0
240.0,-42.0,-205.0,413.0,,556.0,123.0,622.0,-410.0,-135.0
186.0,-254.0,-167.0,380.0,,489.0,64.0,606.0,-250.0,-106.0
189.0,-450.0,-172.0,204.0,,285.0,31.0,321.0,-239.0,-9.0
239.0,-671.0,-139.0,131.0,,136.0,-40.0,310.0,-351.0,0.0
261.0,-680.0,-90.0,197.0,,382.0,-193.0,493.0,-400.0,-3.0
286.0,-628.0,-91.0,41.0,,648.0,-325.0,596.0,66.0,-6.0
324.0,-524.0,-51.0,-227.0,,243.0,-415.0,624.0,312.0,0.0
354.0,31.0,-51.0,-408.0,,360.0,-440.0,415.0,181.0,75.0
327.0,70.0,-71.0,-389.0,,298.0,-370.0,467.0,55.0,143.0
300.0,-192.0,-70.0,-383.0,,313.0,-271.0,467.0,151.0,336.0
327.0,-231.0,-99.0,-445.0,,464.0,-222.0,369.0,389.0,376.0
326.0,-641.0,-62.0,-292.0,,420.0,-233.0,334.0,417.0,309.0
286.0,-1182.0,-12.0,-38.0,,639.0,-260.0,251.0,196.0,328.0
222.0,-465.0,-27.0,148.0,,575.0,-256.0,218.0,50.0,337.0
210.0,137.0,13.0,245.0,,543.0,-274.0,-42.0,322.0,338.0
201.0,-272.0,21.0,418.0,,424.0,-369.0,-166.0,371.0,329.0
145.0,-385.0,-63.0,505.0,,1035.0,-489.0,-60.0,255.0,267.0
91.0,202.0,-104.0,316.0,,1270.0,-621.0,380.0,240.0,99.0
102.0,59.0,-91.0,252.0,,552.0,-684.0,979.0,209.0,105.0
137.0,-379.0,-107.0,254.0,,365.0,-652.0,1145.0,309.0,110.0
114.0,-471.0,-135.0,128.0,,-104.0,-612.0,1023.0,247.0,26.0
107.0,-22.0,-129.0,87.0,,-266.0,-565.0,561.0,160.0,-93.0
136.0,1153.0,-131.0,-62.0,,69.0,-459.0,308.0,-117.0,-181.0
141.0,1286.0,-97.0,-259.0,,452.0,-327.0,277.0,-277.0,-187.0
86.0,1372.0,-67.0,-214.0,,653.0,-196.0,192.0,78.0,-299.0
48.0,514.0,-107.0,-220.0,,747.0,-20.0,247.0,127.0,-253.0
22.0,51.0,-118.0,-122.0,,1041.0,107.0,133.0,-43.0,-235.0
11.0,460.0,-110.0,177.0,,832.0,121.0,22.0,-20.0,-271.0
-14.0,142.0,-141.0,359.0,,818.0,40.0,-205.0,22.0,-243.0
-60.0,58.0,-161.0,429.0,,537.0,-60.0,-299.0,122.0,-231.0
-36.0,-684.0,-188.0,375.0,,202.0,-137.0,-133.0,146.0,-224.0
-6.0,-306.0,-239.0,350.0,,296.0,-207.0,-49.0,-84.0,-282.0
10.0,-593.0,-280.0,292.0,,52.0,-293.0,59.0,-131.0,-275.0
14.0,-822.0,-303.0,141.0,,150.0,-419.0,11.0,220.0,-275.0
21.0,-171.0,-294.0,138.0,,159.0,-536.0,238.0,358.0,-242.0
15.0,-630.0,-352.0,217.0,,360.0,-624.0,548.0,314.0,-207.0
21.0,-54.0,-383.0,312.0,,331.0,-649.0,606.0,314.0,-202.0
31.0,411.0,-394.0,240.0,,399.0,-671.0,513.0,57.0,-190.0
27.0,126.0,-383.0,41.0,,1083.0,-693.0,171.0,73.0,-132.0
22.0,-86.0,-338.0,-160.0,,1162.0,-675.0,49.0,183.0,0.0
-4.0,6.0,-362.0,-357.0,,1292.0,-642.0,-121.0,-121.0,43.0
-14.0,-95.0,-389.0,-407.0,,1122.0,-534.0,-360.0,-313.0,74.0
-22.0,223.0,-372.0,-526.0,,1141.0,-373.0,-567.0,-344.0,138.0
-33.0,442.0,-291.0,-593.0,,909.0,-214.0,-600.0,-271.0,186.0
-30.0,-772.0,-328.0,-434.0,,287.0,-106.0,-293.0,-127.0,118.0
8.0,-1217.0,-368.0,-276.0,,145.0,-24.0,-266.0,-57.0,1.0
44.0,-453.0,-372.0,-128.0,,248.0,-37.0,-214.0,-266.0,-60.0
59.0,-195.0,-408.0,118.0,,882.0,-180.0,-72.0,-587.0,-166.0
106.0,-391.0,-374.0,327.0,,801.0,-344.0,321.0,-339.0,-310.0
215.0,-446.0,-383.0,401.0,,951.0,-498.0,761.0,-46.0,-425.0
316.0,-235.0,-403.0,485.0,,1471.0,-617.0,683.0,-490.0,-452.0
367.0,323.0,-415.0,537.0,,1566.0,-699.0,524.0,-814.0,-455.0
438.0,-143.0,-448.0,449.0,,1508.0,-676.0,186.0,-618.0,-404.0
497.0,-942.0,-479.0,117.0,,995.0,-576.0,155.0,-709.0,-301.0
509.0,-889.0,-456.0,-234.0,,459.0,-483.0,238.0,-585.0,-150.0
464.0,-654.0,-441.0,-435.0,,62.0,-311.0,-94.0,-165.0,-51.0
460.0,-489.0,-474.0,-602.0,,393.0,-124.0,-384.0,-374.0,-6.0
480.0,-36.0,-455.0,-671.0,,456.0,40.0,-604.0,-570.0,168.0
443.0,138.0,-414.0,-678.0,,146.0,183.0,-528.0,-347.0,198.0
385.0,-362.0,-391.0,-563.0,,-76.0,237.0,-554.0,-237.0,139.0
317.0,-223.0,-378.0,-486.0,,-346.0,221.0,-716.0,-444.0,126.0
265.0,-327.0,-360.0,-435.0,,88.0,149.0,-731.0,-709.0,111.0
219.0,-249.0,-329.0,-231.0,,348.0,71.0,-650.0,-812.0,97.0
182.0,96.0,-272.0,-20.0,,475.0,-3.0,-419.0,-499.0,-35.0
156.0,355.0,-270.0,124.0,,708.0,-101.0,-476.0,43.0,-33.0
164.0,1143.0,-276.0,173.0,,997.0,-201.0,-528.0,103.0,-32.0
179.0,889.0,-190.0,211.0,,944.0,-322.0,-663.0,-52.0,-177.0
187.0,741.0,-183.0,219.0,,256.0,-357.0,-912.0,-354.0,-176.0
189.0,349.0,-222.0,243.0,,-123.0,-320.0,-1101.0,-158.0,-157.0
221.0,-159.0,-238.0,325.0,,-139.0,-291.0,-1256.0,318.0,-217.0
266.0,280.0,-249.0,310.0,,285.0,-197.0,-971.0,20.0,-197.0
249.0,-364.0,-232.0,219.0,,167.0,-58.0,-737.0,-233.0,-132.0
250.0,-332.0,-248.0,132.0,,-145.0,112.0,-443.0,-265.0,-156.0
267.0,130.0,-279.0,-1.0,,297.0,236.0,-36.0,-67.0,-138.0
310.0,-34.0,-294.0,-85.0,,757.0,272.0,234.0,157.0,-44.0
319.0,-69.0,-277.0,-55.0,,873.0,315.0,596.0,-30.0,-10.0
323.0,-75.0,-308.0,-166.0,,617.0,369.0,718.0,-264.0,11.0
407.0,379.0,-340.0,-301.0,,591.0,336.0,824.0,-288.0,-17.0
485.0,352.0,-318.0,-269.0,,424.0,195.0,711.0,-279.0,-147.0
506.0,775.0,-312.0,-265.0,,406.0,42.0,386.0,-122.0,-139.0
459.0,675.0,-321.0,-342.0,,413.0,-55.0,92.0,-25.0,-9.0
427.0,318.0,-327.0,-390.0,,46.0,-99.0,-402.0,-346.0,-60.0
411.0,128.0,-332.0,-415.0,,-176.0,-157.0,-722.0,-227.0,-106.0
359.0,-614.0,-340.0,-363.0,,-308.0,-219.0,-1058.0,237.0,-3.0
287.0,-91.0,-356.0,-342.0,,-331.0,-270.0,-1197.0,457.0,79.0
262.0,-543.0,-351.0,-394.0,,-557.0,-259.0,-1086.0,242.0,105.0
255.0,-1643.0,-303.0,-443.0,,-208.0,-253.0,-918.0,-58.0,165.0
212.0,-1580.0,-306.0,-442.0,,233.0,-370.0,-650.0,-264.0,240.0
153.0,-790.0,-294.0,-300.0,,408.0,-439.0,-733.0,-336.0,231.0
124.0,-267.0,-290.0,-230.0,,270.0,-432.0,-611.0,-5.0,297.0
138.0,-155.0,-281.0,-167.0,,-310.0,-336.0,-432.0,-50.0,382.0
88.0,545.0,-323.0,-51.0,,31.0,-186.0,-378.0,-178.0,369.0
42.0,688.0,-356.0,65.0,,339.0,-85.0,-384.0,16.0,295.0
33.0,-26.0,-258.0,62.0,,85.0,87.0,-726.0,143.0,293.0
30.0,-203.0,-233.0,-134.0,,-237.0,269.0,-772.0,122.0,325.0
21.0,531.0,-220.0,-88.0,,-329.0,407.0,-790.0,25.0,211.0
37.0,717.0,-219.0,72.0,,-383.0,532.0,-759.0,-337.0,154.0
98.0,525.0,-168.0,31.0,,-477.0,616.0,-641.0,-522.0,170.0
100.0,567.0,-108.0,-114.0,,-125.0,671.0,-508.0,-92.0,157.0
84.0,488.0,-125.0,-205.0,,13.0,691.0,-195.0,72.0,120.0
95.0,-501.0,-85.0,-193.0,,234.0,656.0,-216.0,-43.0,132.0
151.0,-1193.0,-75.0,-238.0,,222.0,538.0,-206.0,-277.0,125.0
158.0,-774.0,-79.0,-273.0,,-132.0,349.0,-317.0,-210.0,30.0
121.0,-683.0,-89.0,-233.0,,-156.0,179.0,-297.0,99.0,55.0
161.0,-804.0,-95.0,-241.0,,121.0,61.0,-60.0,222.0,111.0
227.0,-417.0,-103.0,-246.0,,184.0,-103.0,-96.0,267.0,73.0
264.0,-266.0,-137.0,-245.0,,-17.0,-314.0,-9.0,77.0,-17.0
254.0,-855.0,-190.0,-197.0,,49.0,-492.0,-164.0,224.0,-14.0
303.0,-174.0,-231.0,-55.0,,-304.0,-522.0,-280.0,367.0,139.0
373.0,-146.0,-234.0,-19.0,,-230.0,-512.0,-441.0,302.0,135.0
341.0,-173.0,-265.0,-54.0,,256.0,-543.0,-532.0,119.0,14.0
274.0,207.0,-256.0,12.0,,166.0,-472.0,-216.0,-143.0,34.0
269.0,-270.0,-253.0,117.0,,-52.0,-350.0,-142.0,-69.0,102.0
295.0,694.0,-262.0,26.0,,-10.0,-166.0,-35.0,20.0,128.0
223.0,823.0,-286.0,-71.0,,406.0,-7.0,-162.0,-11.0,138.0
155.0,524.0,-375.0,-114.0,,116.0,67.0,-404.0,-292.0,124.0
184.0,944.0,-452.0,-198.0,,-320.0,142.0,-532.0,-388.0,46.0
203.0,1439.0,-465.0,-154.0,,-382.0,189.0,-467.0,-100.0,-25.0
123.0,1164.0,-437.0,-114.0,,-147.0,233.0,-44.0,122.0,92.0
41.0,550.0,-466.0,-30.0,,260.0,247.0,-25.0,242.0,225.0
59.0,1521.0,-527.0,99.0,,-235.0,185.0,-404.0,126.0,180.0
61.0,1663.0,-478.0,232.0,,-516.0,84.0,-1167.0,-322.0,265.0
-1.0,814.0,-417.0,290.0,,-231.0,76.0,-1613.0,-191.0,444.0
-75.0,434.0,-407.0,233.0,,170.0,38.0,-1295.0,275.0,406.0
-85.0,749.0,-356.0,162.0,,375.0,-124.0,-763.0,232.0,257.0
-77.0,802.0,-357.0,23.0,,171.0,-242.0,-151.0,1.0,287.0
-104.0,-159.0,-354.0,-21.0,,-74.0,-325.0,-88.0,-252.0,419.0
-90.0,-174.0,-339.0,-115.0,,-582.0,-317.0,-190.0,75.0,336.0
-50.0,-72.0,-321.0,-280.0,,-514.0,-222.0,-275.0,283.0,333.0
-23.0,-794.0,-280.0,-380.0,,-544.0,-57.0,-349.0,181.0,500.0
-36.0,-810.0,-292.0,-410.0,,-500.0,148.0,-279.0,193.0,504.0
-23.0,-399.0,-307.0,-356.0,,-323.0,285.0,-567.0,150.0,452.0
48.0,243.0,-313.0,-356.0,,-851.0,448.0,-591.0,245.0,551.0
93.0,-275.0,-292.0,-386.0,,-713.0,553.0,-485.0,341.0,627.0
88.0,-1556.0,-299.0,-463.0,,-604.0,516.0,-297.0,378.0,520.0
66.0,-1045.0,-304.0,-502.0,,-538.0,482.0,22.0,63.0,557.0
79.0,-327.0,-305.0,-499.0,,-501.0,479.0,44.0,-88.0,637.0
50.0,-644.0,-283.0,-472.0,,-351.0,409.0,55.0,-59.0,494.0
-27.0,-498.0,-237.0,-313.0,,-261.0,270.0,-121.0,134.0,376.0
-49.0,234.0,-258.0,-194.0,,-659.0,155.0,-199.0,88.0,443.0
-39.0,-71.0,-228.0,-158.0,,-507.0,45.0,-384.0,-199.0,515.0
-40.0,-778.0,-269.0,-176.0,,-720.0,-103.0,-661.0,19.0,443.0
-114.0,-691.0,-296.0,-151.0,,-728.0,-248.0,-650.0,112.0,450.0
-179.0,-184.0,-203.0,3.0,,-865.0,-291.0,-646.0,373.0,518.0
-237.0,-611.0,-178.0,86.0,,-936.0,-241.0,-373.0,409.0,516.0
-284.0,-677.0,-193.0,72.0,,-761.0,-102.0,-136.0,153.0,521.0
-302.0,731.0,-222.0,-20.0,,-918.0,119.0,177.0,154.0,581.0
-320.0,1041.0,-244.0,-69.0,,-810.0,326.0,461.0,24.0,591.0
-246.0,724.0,-198.0,33.0,,-1045.0,525.0,378.0,104.0,477.0
-200.0,859.0,-135.0,63.0,,-829.0,726.0,133.0,324.0,454.0
-151.0,1119.0,-136.0,38.0,,-1033.0,858.0,-395.0,288.0,494.0
-95.0,926.0,-106.0,176.0,,-1066.0,913.0,-620.0,64.0,379.0
-51.0,1076.0,-78.0,252.0,,-626.0,871.0,-731.0,5.0,216.0
-47.0,1458.0,-70.0,200.0,,-761.0,723.0,-727.0,13.0,153.0
-78.0,1108.0,-33.0,162.0,,-826.0,542.0,-408.0,-137.0,121.0
-66.0,549.0,-58.0,151.0,,-1091.0,325.0,-297.0,-93.0,84.0
-73.0,0.0,-115.0,204.0,,-958.0,104.0,-157.0,-116.0,48.0
-89.0,-180.0,-156.0,174.0,,-1097.0,-101.0,-266.0,-409.0,0.0
-183.0,-738.0,-182.0,55.0,,-1144.0,-277.0,-365.0,-246.0,0.0
-211.0,-976.0,-233.0,-72.0,,-1184.0,-300.0,-371.0,232.0,46.0
-211.0,-818.0,-237.0,-157.0,,-1174.0,-276.0,-443.0,387.0,89.0
-185.0,47.0,-265.0,-295.0,,-701.0,-257.0,-253.0,299.0,142.0
-181.0,213.0,-301.0,-390.0,,-919.0,-206.0,-225.0,88.0,204.0
-209.0,-305.0,-292.0,-390.0,,-847.0,-148.0,-101.0,181.0,260.0
-161.0,735.0,-291.0,-380.0,,-801.0,-15.0,-70.0,352.0,423.0
-217.0,838.0,-274.0,-365.0,,-555.0,82.0,-73.0,231.0,545.0
-217.0,647.0,-321.0,-451.0,,-364.0,158.0,-3.0,253.0,527.0
-206.0,369.0,-259.0,-463.0,,-674.0,276.0,-203.0,130.0,599.0
-200.0,353.0,-168.0,-523.0,,-1093.0,349.0,-133.0,-181.0,693.0
-218.0,-125.0,-177.0,-598.0,,-1516.0,426.0,-94.0,-112.0,626.0
-227.0,-1153.0,-210.0,-449.0,,-1058.0,528.0,-110.0,36.0,471.0
-187.0,-350.0,-236.0,-247.0,,-978.0,601.0,-421.0,-290.0,405.0
-219.0,-143.0,-188.0,-153.0,,-962.0,612.0,-1003.0,-374.0,343.0
-233.0,-85.0,-180.0,-148.0,,-999.0,617.0,-1056.0,-45.0,254.0
-259.0,-302.0,-175.0,-203.0,,-1108.0,603.0,-800.0,216.0,219.0
-194.0,315.0,-138.0,-291.0,,-589.0,530.0,-328.0,271.0,160.0
-162.0,754.0,-174.0,-304.0,,-315.0,487.0,-157.0,37.0,90.0
-195.0,-3.0,-174.0,-372.0,,-550.0,452.0,-166.0,254.0,51.0
-213.0,518.0,-202.0,-474.0,,-1155.0,357.0,-188.0,479.0,64.0
-215.0,-71.0,-244.0,-543.0,,-664.0,261.0,-360.0,328.0,60.0
-175.0,247.0,-206.0,-434.0,,-228.0,196.0,-197.0,260.0,26.0
-218.0,188.0,-275.0,-226.0,,-459.0,162.0,-136.0,269.0,59.0
-246.0,-379.0,-315.0,-191.0,,-637.0,195.0,-101.0,143.0,75.0
-233.0,301.0,-298.0,-111.0,,-989.0,196.0,-210.0,11.0,89.0
-213.0,-129.0,-291.0,-62.0,,-780.0,174.0,-428.0,419.0,186.0
-224.0,-17.0,-252.0,-83.0,,-846.0,194.0,-332.0,410.0,139.0
-249.0,-276.0,-217.0,27.0,,-1070.0,213.0,-134.0,141.0,-1.0
-237.0,-211.0,-174.0,86.0,,-1220.0,226.0,325.0,308.0,19.0
-233.0,-18.0,-117.0,-17.0,,-912.0,246.0,367.0,524.0,-6.0
-225.0,-82.0,-85.0,-97.0,,-420.0,311.0,51.0,641.0,-231.0
-239.0,103.0,-59.0,6.0,,-421.0,291.0,-149.0,413.0,-294.0
-214.0,-449.0,31.0,262.0,,-656.0,222.0,-280.0,311.0,-264.0
-160.0,-26.0,6.0,452.0,,-1506.0,280.0,-153.0,197.0,-429.0
-155.0,-43.0,58.0,406.0,,-1303.0,394.0,-160.0,185.0,-522.0
-140.0,-418.0,142.0,307.0,,-601.0,509.0,-136.0,544.0,-534.0
-148.0,19.0,146.0,285.0,,-502.0,593.0,-345.0,274.0,-567.0
-169.0,-119.0,205.0,261.0,,-741.0,662.0,-707.0,-236.0,-594.0
-174.0,-99.0,160.0,105.0,,-1308.0,689.0,-779.0,-118.0,-576.0
-164.0,533.0,173.0,-129.0,,-1239.0,573.0,-752.0,-134.0,-467.0
-117.0,364.0,219.0,-231.0,,-801.0,379.0,-497.0,-282.0,-354.0
-115.0,-231.0,204.0,-303.0,,-57.0,181.0,-448.0,-256.0,-190.0
-120.0,-643.0,188.0,-248.0,,-374.0,6.0,-356.0,-421.0,22.0
-97.0,-253.0,180.0,-47.0,,-1029.0,-121.0,-277.0,-518.0,148.0
-80.0,-94.0,162.0,-13.0,,-882.0,-190.0,-269.0,-550.0,173.0
-80.0,-807.0,118.0,-58.0,,-1028.0,-218.0,24.0,-463.0,214.0
-100.0,-232.0,92.0,-27.0,,-546.0,-216.0,79.0,-561.0,219.0
-90.0,161.0,27.0,-29.0,,-389.0,-79.0,291.0,-541.0,149.0
-43.0,312.0,-31.0,-95.0,,-619.0,108.0,382.0,-276.0,104.0
-2.0,76.0,-81.0,-235.0,,-616.0,217.0,201.0,-245.0,12.0
-18.0,-38.0,-154.0,-411.0,,-421.0,349.0,110.0,-136.0,-54.0
-34.0,492.0,-175.0,-477.0,,-598.0,477.0,46.0,-233.0,36.0
-42.0,450.0,-174.0,-523.0,,-1313.0,574.0,199.0,-443.0,103.0
-80.0,918.0,-191.0,-591.0,,-832.0,705.0,79.0,-455.0,24.0
-114.0,401.0,-214.0,-647.0,,-375.0,843.0,-109.0,23.0,39.0
-127.0,-228.0,-218.0,-605.0,,8.0,900.0,-491.0,192.0,172.0
-120.0,-543.0,-194.0,-393.0,,-104.0,867.0,-964.0,-92.0,233.0
-154.0,-689.0,-147.0,-252.0,,-900.0,746.0,-942.0,151.0,252.0
-200.0,-591.0,-136.0,-186.0,,-1159.0,517.0,-737.0,230.0,295.0
-221.0,-759.0,-147.0,56.0,,-1012.0,292.0,-317.0,185.0,279.0
-224.0,-389.0,-17.0,337.0,,-356.0,104.0,-144.0,299.0,193.0
-252.0,-294.0,31.0,359.0,,-444.0,-35.0,-68.0,347.0,301.0
-330.0,115.0,72.0,242.0,,-486.0,-106.0,96.0,169.0,340.0
-404.0,-265.0,179.0,98.0,,-803.0,-145.0,264.0,-146.0,182.0
-442.0,-186.0,201.0,-9.0,,-1078.0,-112.0,504.0,28.0,155.0
-464.0,768.0,297.0,-64.0,,-688.0,3.0,321.0,345.0,254.0
-493.0,874.0,317.0,-179.0,,-934.0,141.0,212.0,166.0,326.0
-507.0,573.0,337.0,-322.0,,-897.0,183.0,157.0,-97.0,128.0
-492.0,5.0,364.0,-393.0,,-862.0,177.0,105.0,-169.0,22.0
-446.0,401.0,331.0,-375.0,,-474.0,197.0,110.0,-331.0,108.0
-395.0,350.0,296.0,-276.0,,-469.0,179.0,-245.0,-164.0,-3.0
-345.0,-106.0,291.0,-105.0,,-924.0,141.0,-493.0,-92.0,-114.0
-324.0,-208.0,313.0,-63.0,,-788.0,33.0,-661.0,-465.0,-155.0
-310.0,-27.0,282.0,-159.0,,-507.0,-119.0,-648.0,-271.0,-354.0
-246.0,313.0,296.0,-229.0,,-150.0,-185.0,-502.0,-141.0,-531.0
-201.0,377.0,277.0,-230.0,,-896.0,-164.0,-308.0,-178.0,-439.0
-183.0,584.0,238.0,-148.0,,-1287.0,-115.0,51.0,57.0,-471.0
-190.0,171.0,186.0,-64.0,,-780.0,-37.0,303.0,15.0,-679.0
-202.0,-56.0,149.0,-58.0,,-713.0,126.0,740.0,-254.0,-656.0
-189.0,-152.0,169.0,39.0,,-834.0,298.0,864.0,-290.0,-562.0
-166.0,25.0,120.0,357.0,,-782.0,394.0,685.0,189.0,-591.0
-138.0,598.0,70.0,653.0,,-448.0,422.0,404.0,121.0,-605.0
-147.0,472.0,58.0,907.0,,-402.0,456.0,-66.0,-181.0,-598.0
-155.0,220.0,65.0,1114.0,,-183.0,518.0,-81.0,11.0,-614.0
-164.0,286.0,49.0,1150.0,,-431.0,528.0,-145.0,31.0,-574.0
-225.0,316.0,30.0,1040.0,,-705.0,487.0,-253.0,-206.0,-474.0
-295.0,201.0,0.0,716.0,,-401.0,379.0,-378.0,-140.0,-442.0
-323.0,286.0,-30.0,256.0,,-682.0,219.0,-594.0,-27.0,-462.0
-318.0,40.0,-50.0,-199.0,,-620.0,82.0,-378.0,-585.0,-396.0
-369.0,-200.0,-103.0,-615.0,,-246.0,-22.0,-1.0,-670.0,-258.0
-399.0,-365.0,-115.0,-965.0,,22.0,-131.0,583.0,-430.0,-118.0
-336.0,-426.0,-75.0,-1231.0,,75.0,-249.0,1031.0,-466.0,-90.0
-272.0,-457.0,-66.0,-1342.0,,144.0,-299.0,1254.0,-557.0,-101.0
-270.0,-1105.0,-107.0,-1202.0,,-45.0,-311.0,1204.0,-672.0,-53.0
-307.0,-827.0,-67.0,-863.0,,-623.0,-315.0,764.0,-281.0,-101.0
-222.0,97.0,-20.0,-539.0,,-356.0,-302.0,402.0,-4.0,-185.0
-139.0,580.0,-49.0,-278.0,,-108.0,-289.0,-151.0,-97.0,-255.0
-162.0,459.0,-95.0,38.0,,70.0,-239.0,-515.0,-44.0,-285.0
-168.0,325.0,-96.0,238.0,,-52.0,-205.0,-739.0,72.0,-257.0
-116.0,679.0,-37.0,234.0,,-244.0,-162.0,-968.0,141.0,-280.0
-40.0,567.0,-67.0,201.0,,-93.0,-93.0,-864.0,330.0,-191.0
-48.0,553.0,-84.0,195.0,,-193.0,-36.0,-726.0,443.0,-125.0
-55.0,499.0,-97.0,294.0,,71.0,76.0,-338.0,192.0,-130.0
-15.0,292.0,-83.0,385.0,,85.0,257.0,-49.0,3.0,29.0
-3.0,150.0,-64.0,367.0,,377.0,423.0,258.0,24.0,119.0
-43.0,-144.0,-131.0,314.0,,276.0,476.0,661.0,168.0,70.0
-69.0,-377.0,-101.0,285.0,,-117.0,459.0,868.0,158.0,54.0
-6.0,-676.0,-52.0,303.0,,50.0,451.0,1271.0,-247.0,204.0
28.0,-402.0,-25.0,204.0,,-178.0,398.0,1350.0,-224.0,202.0
2.0,-332.0,-44.0,-24.0,,133.0,258.0,1263.0,170.0,11.0
-35.0,-302.0,-26.0,-233.0,,407.0,84.0,1042.0,315.0,-33.0
-32.0,-177.0,31.0,-316.0,,642.0,-103.0,711.0,177.0,-117.0
-43.0,-591.0,-8.0,-307.0,,570.0,-217.0,554.0,-308.0,-314.0
-115.0,-201.0,2.0,-286.0,,354.0,-238.0,194.0,-228.0,-537.0
-140.0,276.0,45.0,-213.0,,315.0,-264.0,-46.0,392.0,-642.0
-108.0,579.0,74.0,-197.0,,-22.0,-229.0,-352.0,306.0,-800.0
-98.0,786.0,88.0,-238.0,,452.0,-171.0,-399.0,-71.0,-948.0
-155.0,664.0,64.0,-307.0,,321.0,-168.0,-129.0,-10.0,-841.0
-151.0,903.0,76.0,-302.0,,297.0,-185.0,36.0,-33.0,-755.0
-103.0,861.0,97.0,-182.0,,624.0,-196.0,328.0,-187.0,-639.0
-118.0,626.0,68.0,-17.0,,747.0,-215.0,360.0,-101.0,-450.0
-158.0,708.0,35.0,147.0,,1001.0,-256.0,467.0,-146.0,-223.0
-208.0,717.0,71.0,125.0,,784.0,-291.0,618.0,-352.0,45.0
-215.0,132.0,85.0,89.0,,901.0,-275.0,678.0,-132.0,284.0
-246.0,-352.0,13.0,78.0,,314.0,-187.0,654.0,29.0,412.0
-273.0,-336.0,-34.0,51.0,,166.0,-69.0,354.0,-203.0,477.0
-267.0,-802.0,-45.0,-5.0,,361.0,90.0,230.0,-389.0,641.0
-240.0,-1145.0,-68.0,-269.0,,104.0,222.0,83.0,-491.0,613.0
-187.0,-414.0,-171.0,-547.0,,345.0,250.0,72.0,-79.0,394.0
-180.0,284.0,-259.0,-745.0,,392.0,263.0,53.0,66.0,232.0
-143.0,494.0,-227.0,-823.0,,792.0,306.0,-84.0,-409.0,116.0
-92.0,785.0,-206.0,-764.0,,731.0,318.0,-55.0,-564.0,-9.0
-42.0,478.0,-223.0,-602.0,,749.0,294.0,-73.0,-497.0,-151.0
-32.0,92.0,-195.0,-314.0,,763.0,267.0,121.0,-91.0,-287.0
-1.0,403.0,-165.0,-121.0,,587.0,192.0,210.0,104.0,-508.0
82.0,384.0,-128.0,-19.0,,888.0,60.0,347.0,-144.0,-658.0
100.0,-19.0,-23.0,107.0,,507.0,-92.0,683.0,-345.0,-671.0
63.0,-204.0,3.0,214.0,,903.0,-249.0,859.0,-533.0,-762.0
28.0,-2.0,5.0,236.0,,1150.0,-370.0,1021.0,-295.0,-929.0
55.0,-115.0,49.0,265.0,,592.0,-405.0,864.0,-81.0,-924.0
60.0,-400.0,55.0,384.0,,406.0,-386.0,790.0,-281.0,-835.0
46.0,-63.0,111.0,490.0,,536.0,-378.0,726.0,-439.0,-806.0
44.0,-339.0,152.0,584.0,,1335.0,-342.0,508.0,-206.0,-790.0
66.0,-891.0,117.0,607.0,,1563.0,-266.0,511.0,143.0,-797.0
113.0,-581.0,72.0,506.0,,1237.0,-153.0,434.0,-80.0,-779.0
105.0,-312.0,123.0,311.0,,582.0,-37.0,521.0,-77.0,-766.0
98.0,-461.0,136.0,131.0,,517.0,-12.0,644.0,129.0,-670.0
110.0,-635.0,70.0,-2.0,,931.0,-4.0,855.0,-77.0,-694.0
105.0,-284.0,1.0,-148.0,,720.0,32.0,1045.0,-142.0,-763.0
68.0,469.0,-88.0,-221.0,,778.0,35.0,992.0,-71.0,-624.0
42.0,565.0,-126.0,-198.0,,410.0,16.0,1038.0,-119.0,-482.0
24.0,714.0,-217.0,-157.0,,235.0,24.0,857.0,73.0,-417.0
-8.0,1039.0,-243.0,-142.0,,342.0,37.0,788.0,439.0,-403.0
-39.0,997.0,-310.0,-55.0,,664.0,57.0,687.0,161.0,-315.0
-21.0,1025.0,-386.0,-17.0,,916.0,107.0,469.0,126.0,-268.0
22.0,641.0,-370.0,-100.0,,712.0,91.0,413.0,485.0,-257.0
11.0,777.0,-471.0,-83.0,,1133.0,46.0,230.0,583.0,-205.0
-45.0,612.0,-485.0,27.0,,949.0,4.0,181.0,653.0,-191.0
-46.0,-102.0,-444.0,114.0,,782.0,6.0,-55.0,592.0,-175.0
10.0,-235.0,-399.0,87.0,,442.0,29.0,-230.0,396.0,-173.0
15.0,-283.0,-383.0,-13.0,,201.0,-70.0,-214.0,141.0,-233.0
0.0,-815.0,-372.0,3.0,,628.0,-162.0,-240.0,484.0,-394.0
37.0,-1598.0,-306.0,31.0,,301.0,-292.0,-35.0,575.0,-470.0
113.0,-751.0,-290.0,14.0,,125.0,-483.0,44.0,221.0,-442.0
126.0,-298.0,-247.0,-33.0,,137.0,-622.0,291.0,42.0,-439.0
122.0,-535.0,-216.0,-211.0,,509.0,-757.0,558.0,-20.0,-463.0
171.0,-267.0,-148.0,-311.0,,305.0,-835.0,713.0,121.0,-406.0
234.0,90.0,-112.0,-321.0,,163.0,-854.0,894.0,-162.0,-314.0
231.0,266.0,-112.0,-351.0,,511.0,-812.0,855.0,-288.0,-243.0
197.0,-66.0,-61.0,-351.0,,220.0,-699.0,968.0,-250.0,-86.0
257.0,729.0,-64.0,-262.0,,518.0,-564.0,929.0,-234.0,-27.0
315.0,1072.0,-127.0,-152.0,,487.0,-418.0,920.0,-321.0,1.0
310.0,726.0,-137.0,-172.0,,603.0,-287.0,938.0,-646.0,108.0
275.0,887.0,-71.0,-256.0,,492.0,-155.0,866.0,-473.0,236.0
298.0,1045.0,-61.0,-287.0,,132.0,-24.0,862.0,-202.0,340.0
358.0,437.0,-92.0,-261.0,,315.0,79.0,458.0,-210.0,351.0
347.0,-91.0,-104.0,-275.0,,538.0,184.0,145.0,-221.0,381.0
298.0,2.0,-70.0,-205.0,,941.0,312.0,-206.0,-118.0,400.0
289.0,-346.0,-58.0,-59.0,,392.0,389.0,-391.0,-155.0,402.0
325.0,-344.0,-96.0,92.0,,532.0,371.0,-120.0,-212.0,383.0
332.0,-698.0,-114.0,321.0,,807.0,318.0,212.0,-86.0,312.0
306.0,-508.0,-71.0,441.0,,363.0,261.0,774.0,-37.0,261.0
275.0,-477.0,-49.0,431.0,,116.0,197.0,1103.0,-155.0,190.0
262.0,-1188.0,-53.0,314.0,,139.0,137.0,1245.0,-164.0,67.0
226.0,-925.0,-14.0,146.0,,819.0,85.0,1036.0,9.0,25.0
200.0,-677.0,23.0,65.0,,743.0,22.0,678.0,235.0,-37.0
194.0,-524.0,10.0,98.0,,410.0,-40.0,587.0,398.0,-226.0
151.0,-98.0,-49.0,209.0,,-115.0,-93.0,441.0,461.0,-262.0
93.0,318.0,-32.0,211.0,,-187.0,-177.0,576.0,638.0,-222.0
73.0,-113.0,9.0,184.0,,364.0,-258.0,691.0,526.0,-335.0
85.0,124.0,4.0,236.0,,451.0,-303.0,770.0,573.0,-377.0
48.0,446.0,-53.0,201.0,,535.0,-347.0,816.0,903.0,-212.0
11.0,68.0,-76.0,103.0,,75.0,-340.0,707.0,866.0,-123.0
6.0,526.0,-50.0,56.0,,-66.0,-310.0,726.0,752.0,-83.0
56.0,538.0,-81.0,76.0,,60.0,-325.0,461.0,524.0,54.0
74.0,355.0,-127.0,-24.0,,388.0,-411.0,238.0,424.0,134.0
14.0,433.0,-126.0,-191.0,,594.0,-534.0,-44.0,121.0,138.0
-11.0,524.0,-106.0,-224.0,,395.0,-583.0,-358.0,146.0,166.0
-11.0,219.0,-131.0,-152.0,,507.0,-590.0,-391.0,417.0,219.0
-35.0,222.0,-138.0,33.0,,211.0,-595.0,-511.0,-335.0,58.0
-116.0,375.0,-171.0,112.0,,235.0,-551.0,-341.0,-352.0,-100.0
-143.0,576.0,-189.0,6.0,,15.0,-497.0,-75.0,214.0,-9.0
-120.0,870.0,-158.0,-131.0,,-121.0,-434.0,332.0,8.0,5.0
-143.0,79.0,-177.0,-266.0,,179.0,-344.0,811.0,-583.0,-172.0
-202.0,-127.0,-202.0,-354.0,,234.0,-294.0,1045.0,-692.0,-336.0
-237.0,-674.0,-237.0,-359.0,,411.0,-220.0,1178.0,-150.0,-293.0
-210.0,-986.0,-249.0,-280.0,,404.0,-116.0,971.0,-201.0,-275.0
-231.0,-263.0,-234.0,-107.0,,438.0,-67.0,811.0,-195.0,-270.0
-265.0,-347.0,-212.0,121.0,,-108.0,-21.0,506.0,-132.0,-166.0
-254.0,-691.0,-193.0,252.0,,126.0,74.0,229.0,-262.0,-121.0
-223.0,-460.0,-188.0,323.0,,815.0,185.0,99.0,45.0,-1.0
-209.0,11.0,-141.0,388.0,,847.0,237.0,-157.0,201.0,190.0
-228.0,167.0,-119.0,446.0,,601.0,232.0,-203.0,38.0,288.0
-187.0,458.0,-122.0,477.0,,-100.0,205.0,-404.0,-173.0,298.0
-93.0,272.0,-122.0,396.0,,14.0,183.0,-327.0,128.0,350.0
-10.0,455.0,-148.0,221.0,,-123.0,146.0,-92.0,234.0,412.0
43.0,607.0,-124.0,10.0,,-298.0,124.0,48.0,162.0,420.0
116.0,-31.0,-74.0,-183.0,,-317.0,68.0,317.0,118.0,372.0
180.0,-664.0,-81.0,-256.0,,-150.0,-70.0,351.0,-532.0,250.0
209.0,-744.0,-62.0,-269.0,,179.0,-180.0,587.0,-74.0,149.0
235.0,-105.0,-41.0,-455.0,,-260.0,-280.0,785.0,477.0,61.0
254.0,-267.0,-25.0,-729.0,,56.0,-351.0,811.0,37.0,-42.0
286.0,-195.0,-30.0,-834.0,,496.0,-390.0,626.0,-120.0,-149.0
269.0,-117.0,-66.0,-716.0,,716.0,-392.0,175.0,-212.0,-209.0
230.0,-267.0,-7.0,-524.0,,478.0,-386.0,-107.0,-142.0,-229.0
237.0,-108.0,35.0,-252.0,,309.0,-462.0,-432.0,156.0,-252.0
273.0,453.0,31.0,49.0,,444.0,-512.0,-519.0,446.0,-280.0
278.0,1340.0,-11.0,268.0,,104.0,-519.0,-476.0,190.0,-302.0
241.0,563.0,-26.0,423.0,,102.0,-540.0,-279.0,-79.0,-308.0
242.0,266.0,-64.0,384.0,,-193.0,-514.0,140.0,-279.0,-333.0
274.0,1060.0,-179.0,263.0,,-4.0,-424.0,341.0,-212.0,-242.0
274.0,717.0,-208.0,145.0,,89.0,-333.0,687.0,362.0,-175.0
241.0,-115.0,-244.0,73.0,,-215.0,-225.0,851.0,77.0,-202.0
285.0,-254.0,-291.0,7.0,,-204.0,-104.0,787.0,-242.0,-115.0
352.0,-150.0,-377.0,-122.0,,-171.0,-24.0,698.0,40.0,-31.0
337.0,-320.0,-398.0,-180.0,,138.0,18.0,491.0,376.0,0.0
285.0,-296.0,-374.0,-349.0,,-10.0,21.0,321.0,436.0,-39.0
289.0,-312.0,-431.0,-620.0,,143.0,-46.0,-120.0,280.0,-48.0
322.0,-235.0,-413.0,-772.0,,-77.0,-185.0,-412.0,-336.0,-10.0
309.0,-695.0,-388.0,-784.0,,-218.0,-293.0,-567.0,-465.0,-1.0
267.0,-303.0,-331.0,-672.0,,32.0,-335.0,-563.0,242.0,18.0
220.0,527.0,-316.0,-469.0,,-255.0,-288.0,-286.0,-201.0,22.0
190.0,225.0,-329.0,-274.0,,26.0,-174.0,-214.0,-229.0,74.0
107.0,412.0,-296.0,-32.0,,-150.0,-124.0,-40.0,-23.0,119.0
22.0,205.0,-259.0,204.0,,-149.0,-138.0,51.0,-560.0,160.0
-7.0,12.0,-272.0,155.0,,75.0,-202.0,184.0,-134.0,172.0
4.0,-135.0,-308.0,107.0,,130.0,-280.0,286.0,-8.0,160.0
-6.0,-704.0,-231.0,135.0,,209.0,-337.0,251.0,-74.0,173.0
-79.0,-923.0,-226.0,-69.0,,276.0,-383.0,310.0,137.0,141.0
-85.0,-780.0,-247.0,-248.0,,643.0,-355.0,16.0,98.0,139.0
-98.0,-146.0,-271.0,-309.0,,59.0,-291.0,-341.0,515.0,74.0
-159.0,-164.0,-255.0,-378.0,,-200.0,-237.0,-752.0,399.0,13.0
-230.0,-279.0,-191.0,-368.0,,-202.0,-169.0,-940.0,421.0,52.0
-233.0,280.0,-222.0,-295.0,,2.0,-48.0,-757.0,472.0,48.0
-209.0,443.0,-262.0,-262.0,,152.0,101.0,-598.0,-33.0,21.0
-239.0,168.0,-277.0,-189.0,,9.0,191.0,-330.0,459.0,48.0
-242.0,-245.0,-202.0,-79.0,,381.0,203.0,-312.0,526.0,69.0
-174.0,-323.0,-149.0,-44.0,,-122.0,109.0,-288.0,359.0,118.0
-96.0,199.0,-160.0,-42.0,,-245.0,-68.0,-330.0,327.0,213.0
-57.0,107.0,-154.0,-58.0,,-150.0,-224.0,-436.0,46.0,277.0
-18.0,-112.0,-113.0,-6.0,,245.0,-342.0,-247.0,344.0,349.0
43.0,34.0,-97.0,-37.0,,630.0,-407.0,-216.0,350.0,469.0
159.0,-519.0,-76.0,-127.0,,220.0,-372.0,-157.0,238.0,650.0
240.0,-646.0,-60.0,-111.0,,39.0,-305.0,-269.0,-17.0,730.0
311.0,-18.0,-109.0,-72.0,,-335.0,-204.0,-293.0,-181.0,733.0
381.0,316.0,-106.0,38.0,,-141.0,-29.0,-192.0,-219.0,724.0
403.0,235.0,-101.0,204.0,,-149.0,118.0,-371.0,-238.0,713.0
411.0,-342.0,-79.0,404.0,,77.0,208.0,-389.0,-223.0,736.0
416.0,-16.0,-64.0,430.0,,166.0,302.0,-509.0,-884.0,619.0
446.0,236.0,-81.0,260.0,,-182.0,370.0,-391.0,-678.0,411.0
453.0,-631.0,-112.0,93.0,,-56.0,368.0,-277.0,-84.0,318.0
455.0,-456.0,-96.0,58.0,,-58.0,373.0,-463.0,-2.0,304.0
450.0,39.0,-83.0,123.0,,796.0,361.0,-539.0,38.0,179.0
463.0,346.0,-136.0,181.0,,995.0,280.0,-630.0,-484.0,112.0
496.0,355.0,-130.0,200.0,,511.0,180.0,-400.0,-143.0,64.0
481.0,300.0,-120.0,163.0,,-25.0,69.0,-264.0,317.0,-7.0
441.0,560.0,-111.0,148.0,,-191.0,-29.0,-254.0,110.0,168.0
435.0,68.0,-103.0,97.0,,133.0,-129.0,-332.0,225.0,326.0
434.0,-76.0,-83.0,78.0,,-139.0,-235.0,-541.0,-171.0,337.0
393.0,-59.0,-26.0,98.0,,-41.0,-338.0,-448.0,-115.0,371.0
369.0,-102.0,-62.0,200.0,,-284.0,-389.0,-458.0,222.0,497.0
397.0,-286.0,-118.0,356.0,,-340.0,-369.0,-447.0,305.0,549.0
456.0,-629.0,-139.0,396.0,,-150.0,-349.0,-617.0,-21.0,489.0
457.0,118.0,-119.0,413.0,,134.0,-282.0,-953.0,-567.0,506.0
422.0,132.0,-45.0,359.0,,539.0,-169.0,-1149.0,124.0,472.0
412.0,-191.0,-93.0,180.0,,371.0,-56.0,-1382.0,339.0,435.0
413.0,395.0,-114.0,-73.0,,333.0,72.0,-1289.0,56.0,437.0
385.0,547.0,-72.0,-330.0,,195.0,166.0,-1213.0,-117.0,347.0
322.0,466.0,-70.0,-490.0,,119.0,196.0,-1097.0,-264.0,181.0
315.0,-196.0,-87.0,-596.0,,-123.0,182.0,-885.0,266.0,89.0
316.0,-663.0,-117.0,-678.0,,103.0,180.0,-696.0,434.0,80.0
241.0,-215.0,-94.0,-611.0,,205.0,158.0,-365.0,140.0,7.0
137.0,-271.0,-147.0,-418.0,,-160.0,72.0,-347.0,85.0,-102.0
92.0,-630.0,-165.0,-304.0,,-139.0,42.0,-306.0,88.0,-126.0
58.0,-232.0,-185.0,-217.0,,-193.0,59.0,-319.0,-147.0,-44.0
-6.0,324.0,-177.0,-129.0,,-80.0,46.0,-434.0,153.0,-71.0
-34.0,-497.0,-211.0,-61.0,,-131.0,4.0,-622.0,175.0,-54.0
-4.0,-835.0,-313.0,79.0,,271.0,51.0,-964.0,-384.0,43.0
19.0,233.0,-260.0,167.0,,347.0,188.0,-925.0,-228.0,-3.0
12.0,623.0,-324.0,198.0,,29.0,270.0,-881.0,0.0,67.0
11.0,776.0,-323.0,218.0,,25.0,361.0,-781.0,208.0,164.0
30.0,1294.0,-301.0,128.0,,-100.0,408.0,-768.0,370.0,96.0
-12.0,1632.0,-343.0,43.0,,298.0,389.0,-934.0,248.0,45.0
-121.0,1074.0,-334.0,38.0,,389.0,355.0,-1019.0,512.0,22.0
-160.0,284.0,-383.0,147.0,,76.0,292.0,-1206.0,875.0,28.0
-129.0,257.0,-412.0,238.0,,-93.0,246.0,-970.0,825.0,35.0
-132.0,268.0,-420.0,243.0,,112.0,186.0,-735.0,794.0,-13.0
-180.0,307.0,-337.0,329.0,,103.0,105.0,-705.0,763.0,-32.0
-179.0,731.0,-322.0,456.0,,-131.0,69.0,-746.0,582.0,-18.0
-160.0,737.0,-372.0,667.0,,321.0,107.0,-1053.0,447.0,-11.0
-183.0,343.0,-378.0,909.0,,712.0,151.0,-1169.0,386.0,-6.0
-210.0,35.0,-323.0,1086.0,,684.0,193.0,-1195.0,148.0,0.0
-186.0,-674.0,-303.0,1070.0,,296.0,183.0,-1051.0,189.0,97.0
-106.0,-728.0,-301.0,854.0,,303.0,181.0,-995.0,322.0,229.0
-87.0,-229.0,-230.0,561.0,,662.0,213.0,-1197.0,-216.0,327.0
-111.0,-393.0,-222.0,217.0,,459.0,180.0,-1409.0,-42.0,393.0
-101.0,-111.0,-211.0,-17.0,,28.0,247.0,-1723.0,27.0,394.0
-68.0,95.0,-221.0,-152.0,,156.0,345.0,-1712.0,-204.0,407.0
-59.0,-337.0,-206.0,-248.0,,518.0,330.0,-1546.0,159.0,480.0
-82.0,-412.0,-165.0,-388.0,,170.0,264.0,-1125.0,32.0,453.0
-62.0,-482.0,-168.0,-526.0,,51.0,206.0,-609.0,73.0,274.0
-8.0,-588.0,-209.0,-546.0,,268.0,148.0,-382.0,273.0,271.0
25.0,-635.0,-199.0,-485.0,,237.0,60.0,-197.0,166.0,316.0
47.0,-623.0,-199.0,-359.0,,324.0,52.0,-371.0,324.0,235.0
64.0,-686.0,-244.0,-274.0,,388.0,16.0,-526.0,541.0,172.0
53.0,-461.0,-286.0,-168.0,,165.0,-12.0,-667.0,147.0,101.0
47.0,-73.0,-304.0,-13.0,,67.0,101.0,-733.0,221.0,50.0
59.0,-141.0,-331.0,35.0,,505.0,235.0,-639.0,392.0,-4.0
80.0,935.0,-463.0,178.0,,472.0,298.0,-709.0,-196.0,83.0
61.0,1708.0,-471.0,382.0,,562.0,282.0,-578.0,-91.0,99.0
33.0,1534.0,-484.0,343.0,,812.0,289.0,-672.0,55.0,-6.0
54.0,1758.0,-535.0,187.0,,211.0,292.0,-816.0,-19.0,110.0
79.0,1471.0,-586.0,37.0,,-67.0,257.0,-890.0,101.0,249.0
115.0,1092.0,-643.0,-94.0,,60.0,191.0,-1130.0,-289.0,309.0
128.0,641.0,-630.0,-103.0,,302.0,81.0,-1311.0,-265.0,323.0
135.0,31.0,-610.0,-22.0,,313.0,-10.0,-1598.0,236.0,454.0
167.0,-424.0,-625.0,96.0,,306.0,-96.0,-1500.0,111.0,613.0
183.0,-873.0,-674.0,264.0,,315.0,-196.0,-1269.0,-45.0,598.0
160.0,-1409.0,-612.0,396.0,,93.0,-239.0,-1055.0,-21.0,628.0
123.0,-1371.0,-568.0,550.0,,345.0,-204.0,-733.0,176.0,561.0
144.0,-969.0,-511.0,650.0,,441.0,-108.0,-591.0,262.0,398.0
145.0,-523.0,-464.0,651.0,,650.0,13.0,-406.0,152.0,346.0
90.0,316.0,-406.0,525.0,,512.0,141.0,-639.0,-126.0,325.0
65.0,859.0,-325.0,347.0,,-12.0,272.0,-920.0,-302.0,260.0
55.0,817.0,-338.0,383.0,,-16.0,395.0,-990.0,-181.0,56.0
50.0,548.0,-282.0,390.0,,258.0,557.0,-1114.0,-416.0,-77.0
31.0,652.0,-202.0,307.0,,411.0,613.0,-1167.0,10.0,-30.0
25.0,403.0,-178.0,263.0,,64.0,520.0,-1402.0,-41.0,-104.0
94.0,416.0,-199.0,293.0,,304.0,426.0,-1321.0,-390.0,-186.0
144.0,783.0,-214.0,299.0,,127.0,288.0,-1056.0,-85.0,-143.0
139.0,682.0,-245.0,207.0,,164.0,123.0,-722.0,138.0,-69.0
122.0,405.0,-295.0,272.0,,726.0,-3.0,-349.0,153.0,4.0
162.0,-106.0,-331.0,394.0,,100.0,-109.0,-347.0,-503.0,53.0
212.0,-185.0,-382.0,378.0,,-391.0,-233.0,-380.0,-452.0,170.0
195.0,-195.0,-453.0,280.0,,-625.0,-292.0,-567.0,-384.0,224.0
186.0,53.0,-491.0,232.0,,-152.0,-295.0,-585.0,-158.0,228.0
217.0,39.0,-536.0,269.0,,91.0,-294.0,-552.0,29.0,290.0
244.0,-38.0,-553.0,266.0,,-110.0,-216.0,-661.0,-179.0,236.0
216.0,215.0,-494.0,237.0,,-528.0,-88.0,-685.0,259.0,126.0
209.0,-210.0,-522.0,175.0,,-1062.0,0.0,-831.0,234.0,1.0
224.0,-223.0,-530.0,78.0,,-11.0,39.0,-661.0,361.0,-85.0
236.0,-171.0,-476.0,20.0,,196.0,55.0,-541.0,311.0,-205.0
224.0,-221.0,-447.0,-27.0,,160.0,-73.0,-576.0,363.0,-410.0
187.0,132.0,-404.0,45.0,,250.0,-183.0,-655.0,333.0,-528.0
204.0,318.0,-373.0,291.0,,-488.0,-136.0,-916.0,-57.0,-622.0
169.0,268.0,-365.0,425.0,,-521.0,-146.0,-1016.0,117.0,-646.0
126.0,121.0,-304.0,401.0,,-626.0,-166.0,-1236.0,30.0,-577.0
70.0,-107.0,-255.0,421.0,,-174.0,-135.0,-1173.0,-77.0,-528.0
9.0,-114.0,-265.0,414.0,,-172.0,-80.0,-798.0,-240.0,-487.0
-40.0,39.0,-258.0,422.0,,-535.0,-3.0,-284.0,-169.0,-355.0
-132.0,-322.0,-216.0,367.0,,-271.0,37.0,214.0,-113.0,-226.0
-182.0,-207.0,-192.0,251.0,,-586.0,14.0,179.0,-169.0,-233.0
-220.0,242.0,-234.0,291.0,,-320.0,-66.0,48.0,-291.0,-195.0
-268.0,156.0,-233.0,303.0,,-297.0,-152.0,-184.0,-550.0,-139.0
-329.0,-101.0,-253.0,323.0,,-280.0,-271.0,-277.0,-18.0,-178.0
-361.0,-320.0,-267.0,410.0,,206.0,-432.0,-277.0,102.0,-162.0
-395.0,-463.0,-231.0,492.0,,2.0,-506.0,-369.0,-173.0,-131.0
-447.0,-233.0,-232.0,522.0,,217.0,-463.0,-303.0,-278.0,-263.0
-484.0,338.0,-217.0,376.0,,379.0,-349.0,-487.0,-315.0,-359.0
-491.0,12.0,-244.0,191.0,,218.0,-194.0,-558.0,-80.0,-313.0
-474.0,-76.0,-266.0,163.0,,-215.0,-63.0,-646.0,-16.0,-325.0
-485.0,223.0,-230.0,280.0,,-415.0,65.0,-742.0,-209.0,-427.0
-487.0,-106.0,-177.0,425.0,,140.0,163.0,-589.0,-451.0,-430.0
-491.0,285.0,-181.0,629.0,,0.0,218.0,-535.0,-221.0,-296.0
-475.0,908.0,-215.0,803.0,,-50.0,206.0,-290.0,-124.0,-271.0
-440.0,674.0,-163.0,875.0,,-32.0,130.0,-184.0,16.0,-387.0
-397.0,393.0,-122.0,827.0,,-58.0,16.0,-24.0,43.0,-431.0
-332.0,557.0,-114.0,695.0,,556.0,-102.0,251.0,-249.0,-340.0
-268.0,289.0,-148.0,658.0,,198.0,-119.0,378.0,23.0,-328.0
-227.0,-263.0,-116.0,619.0,,-121.0,-160.0,594.0,97.0,-333.0
-220.0,-620.0,-70.0,480.0,,248.0,-227.0,576.0,298.0,-269.0
-216.0,-299.0,-130.0,272.0,,-91.0,-254.0,580.0,177.0,-286.0
-207.0,356.0,-92.0,142.0,,-195.0,-291.0,413.0,-266.0,-194.0
-199.0,346.0,-22.0,121.0,,80.0,-313.0,86.0,14.0,-35.0
-187.0,427.0,32.0,34.0,,365.0,-359.0,-175.0,-12.0,-30.0
-173.0,366.0,70.0,-98.0,,548.0,-405.0,-485.0,-213.0,-68.0
-174.0,-18.0,59.0,-161.0,,459.0,-434.0,-395.0,-230.0,-41.0
-182.0,-285.0,59.0,-87.0,,501.0,-363.0,-290.0,-219.0,0.0
-180.0,-75.0,110.0,25.0,,14.0,-231.0,-83.0,-238.0,-22.0
-146.0,96.0,127.0,69.0,,-49.0,-193.0,194.0,-136.0,-130.0
-109.0,-419.0,130.0,121.0,,234.0,-219.0,310.0,-43.0,-257.0
-92.0,-242.0,186.0,212.0,,16.0,-280.0,502.0,-109.0,-310.0
-74.0,78.0,159.0,250.0,,328.0,-317.0,500.0,-103.0,-335.0
-61.0,-337.0,138.0,295.0,,-56.0,-375.0,618.0,-313.0,-362.0
-79.0,-854.0,128.0,425.0,,-100.0,-430.0,613.0,200.0,-407.0
-124.0,-679.0,149.0,411.0,,640.0,-394.0,517.0,381.0,-480.0
-162.0,-208.0,152.0,231.0,,181.0,-440.0,545.0,52.0,-462.0
-149.0,-392.0,16.0,79.0,,-111.0,-537.0,410.0,285.0,-333.0
-115.0,-775.0,-7.0,49.0,,-86.0,-549.0,369.0,141.0,-285.0
-122.0,-1044.0,0.0,166.0,,234.0,-527.0,208.0,354.0,-369.0
-141.0,-816.0,-29.0,93.0,,482.0,-462.0,221.0,389.0,-358.0
-141.0,-1005.0,-58.0,-44.0,,200.0,-314.0,297.0,315.0,-285.0
-118.0,-956.0,-129.0,-126.0,,519.0,-109.0,273.0,285.0,-299.0
-154.0,-594.0,-86.0,-274.0,,99.0,48.0,334.0,190.0,-346.0
-204.0,-572.0,-70.0,-346.0,,-226.0,138.0,212.0,534.0,-429.0
-184.0,271.0,-103.0,-372.0,,41.0,243.0,269.0,372.0,-490.0
-175.0,560.0,-39.0,-252.0,,-136.0,340.0,301.0,149.0,-537.0
-210.0,656.0,45.0,-155.0,,185.0,360.0,480.0,-80.0,-552.0
-227.0,588.0,105.0,-152.0,,-260.0,363.0,713.0,-105.0,-503.0
-159.0,276.0,134.0,-252.0,,-507.0,328.0,709.0,-58.0,-483.0
-84.0,306.0,192.0,-393.0,,-71.0,221.0,770.0,-14.0,-445.0
-86.0,345.0,282.0,-327.0,,-606.0,95.0,646.0,-154.0,-300.0
-134.0,662.0,237.0,-244.0,,-759.0,-85.0,779.0,-457.0,-148.0
-128.0,-40.0,162.0,-162.0,,-475.0,-309.0,855.0,12.0,-134.0
-80.0,-397.0,261.0,-51.0,,192.0,-467.0,774.0,0.0,-110.0
-39.0,-69.0,344.0,-42.0,,227.0,-499.0,816.0,-243.0,28.0
-4.0,-293.0,299.0,-16.0,,-569.0,-451.0,752.0,-197.0,76.0
70.0,-524.0,217.0,131.0,,-208.0,-420.0,925.0,-257.0,-56.0
158.0,-811.0,201.0,280.0,,57.0,-386.0,903.0,-384.0,-127.0
138.0,-666.0,219.0,453.0,,199.0,-254.0,833.0,-282.0,-56.0
99.0,-586.0,209.0,553.0,,173.0,-84.0,731.0,-25.0,-76.0
87.0,-591.0,193.0,553.0,,-545.0,57.0,522.0,-2.0,-93.0
77.0,-327.0,197.0,532.0,,-279.0,148.0,631.0,55.0,32.0
29.0,-477.0,247.0,487.0,,-4.0,186.0,746.0,-82.0,49.0
-19.0,-493.0,220.0,384.0,,-160.0,225.0,1147.0,148.0,-50.0
-6.0,74.0,225.0,231.0,,-2.0,246.0,1450.0,-52.0,-26.0
15.0,466.0,240.0,152.0,,-144.0,255.0,1491.0,-69.0,29.0
15.0,59.0,201.0,73.0,,-64.0,246.0,1378.0,62.0,4.0
3.0,-368.0,168.0,35.0,,58.0,232.0,918.0,-224.0,-46.0
61.0,-259.0,93.0,-15.0,,189.0,221.0,585.0,265.0,-18.0
129.0,-420.0,127.0,34.0,,390.0,185.0,240.0,56.0,51.0
143.0,-182.0,147.0,112.0,,-254.0,148.0,192.0,103.0,29.0
149.0,-86.0,64.0,40.0,,-329.0,73.0,373.0,242.0,-17.0
187.0,-326.0,59.0,90.0,,-9.0,-32.0,604.0,171.0,-5.0
218.0,39.0,95.0,266.0,,-139.0,-177.0,968.0,319.0,44.0
212.0,-136.0,70.0,443.0,,-18.0,-331.0,1034.0,65.0,0.0
215.0,40.0,47.0,424.0,,-540.0,-431.0,1136.0,336.0,-18.0
241.0,244.0,67.0,318.0,,-666.0,-467.0,1112.0,187.0,-6.0
243.0,466.0,103.0,254.0,,-479.0,-509.0,1112.0,-57.0,-61.0
202.0,894.0,113.0,227.0,,-652.0,-551.0,1189.0,57.0,-86.0
192.0,403.0,77.0,165.0,,-18.0,-467.0,1090.0,161.0,-176.0
208.0,238.0,108.0,-34.0,,93.0,-304.0,1084.0,406.0,-278.0
207.0,32.0,120.0,-163.0,,-230.0,-132.0,811.0,362.0,-351.0
182.0,-134.0,128.0,-261.0,,-435.0,15.0,626.0,-10.0,-385.0
193.0,-171.0,125.0,-292.0,,-768.0,134.0,463.0,-19.0,-408.0
210.0,-220.0,104.0,-262.0,,-411.0,175.0,339.0,226.0,-490.0
149.0,-394.0,123.0,-267.0,,-300.0,170.0,460.0,369.0,-557.0
63.0,-794.0,109.0,-321.0,,-362.0,191.0,460.0,272.0,-546.0
15.0,-771.0,97.0,-455.0,,-24.0,211.0,727.0,-124.0,-433.0
11.0,-822.0,82.0,-476.0,,-319.0,222.0,866.0,-32.0,-374.0
-16.0,-456.0,136.0,-317.0,,-463.0,148.0,951.0,145.0,-326.0
-57.0,-368.0,99.0,-140.0,,-171.0,79.0,1047.0,192.0,-259.0
-67.0,-376.0,3.0,-117.0,,-152.0,42.0,979.0,-12.0,-179.0
-53.0,-41.0,0.0,-196.0,,-151.0,0.0,1151.0,34.0,-7.0
-56.0,-362.0,-3.0,-252.0,,-624.0,-32.0,1221.0,341.0,131.0
-59.0,-826.0,-45.0,-301.0,,-704.0,-101.0,1385.0,73.0,211.0
-57.0,-832.0,-103.0,-367.0,,18.0,-146.0,1444.0,126.0,328.0
-64.0,-605.0,-100.0,-501.0,,256.0,-180.0,1263.0,47.0,509.0
-66.0,-699.0,-96.0,-581.0,,149.0,-197.0,1016.0,-332.0,617.0
-83.0,-317.0,-88.0,-487.0,,-392.0,-264.0,570.0,-314.0,617.0
-99.0,95.0,-86.0,-372.0,,-572.0,-311.0,254.0,-219.0,590.0
-137.0,319.0,-32.0,-256.0,,-292.0,-300.0,-99.0,-170.0,615.0
-165.0,266.0,44.0,-96.0,,-425.0,-321.0,-190.0,-394.0,577.0
-215.0,-270.0,85.0,63.0,,53.0,-272.0,-83.0,-651.0,517.0
-263.0,-94.0,79.0,145.0,,-162.0,-188.0,31.0,-334.0,594.0
-281.0,23.0,120.0,132.0,,-733.0,-67.0,493.0,-92.0,565.0
-316.0,-71.0,143.0,69.0,,-354.0,9.0,811.0,-228.0,489.0
-319.0,65.0,118.0,-107.0,,-344.0,-42.0,1095.0,-299.0,559.0
-305.0,60.0,150.0,-395.0,,-134.0,-144.0,1191.0,-301.0,614.0
-285.0,-404.0,155.0,-709.0,,-312.0,-193.0,1145.0,37.0,498.0
-293.0,-835.0,162.0,-875.0,,-321.0,-205.0,1176.0,243.0,344.0
-297.0,-812.0,68.0,-830.0,,190.0,-283.0,986.0,-28.0,277.0
-288.0,-637.0,0.0,-738.0,,-368.0,-330.0,894.0,-86.0,141.0
-327.0,-693.0,19.0,-718.0,,-450.0,-383.0,676.0,164.0,-28.0
-356.0,-786.0,55.0,-561.0,,-537.0,-405.0,594.0,0.0,-82.0
-342.0,-146.0,8.0,-291.0,,-569.0,-389.0,642.0,-85.0,-120.0
-315.0,427.0,-19.0,-73.0,,56.0,-362.0,598.0,123.0,-232.0
-270.0,510.0,111.0,135.0,,-529.0,-261.0,681.0,-26.0,-298.0
-252.0,533.0,142.0,242.0,,-361.0,-194.0,628.0,107.0,-299.0
-244.0,746.0,116.0,333.0,,88.0,-130.0,772.0,193.0,-374.0
-200.0,841.0,84.0,215.0,,-488.0,-94.0,897.0,153.0,-402.0
-212.0,661.0,118.0,40.0,,31.0,-82.0,1090.0,246.0,-260.0
-263.0,720.0,157.0,21.0,,217.0,-68.0,1380.0,263.0,-116.0
-290.0,396.0,134.0,-97.0,,41.0,-44.0,1363.0,-168.0,-64.0
-263.0,-210.0,148.0,-216.0,,41.0,25.0,1243.0,-249.0,59.0
-240.0,-227.0,179.0,-397.0,,-307.0,-11.0,764.0,150.0,213.0
-239.0,-208.0,170.0,-467.0,,-80.0,-107.0,304.0,-125.0,266.0
-221.0,-238.0,141.0,-344.0,,-321.0,-181.0,-25.0,161.0,350.0
-236.0,-529.0,174.0,-351.0,,-463.0,-278.0,-203.0,261.0,419.0
-224.0,-761.0,236.0,-425.0,,-373.0,-357.0,-11.0,194.0,430.0
-212.0,-507.0,287.0,-478.0,,-548.0,-470.0,201.0,291.0,434.0
-204.0,-823.0,256.0,-453.0,,-152.0,-568.0,554.0,457.0,413.0
-158.0,-856.0,293.0,-372.0,,-383.0,-580.0,694.0,669.0,406.0
-96.0,-398.0,349.0,-384.0,,-79.0,-617.0,707.0,163.0,302.0
-40.0,-102.0,311.0,-242.0,,530.0,-621.0,672.0,261.0,205.0
-14.0,-273.0,276.0,51.0,,-116.0,-539.0,532.0,102.0,180.0
5.0,-308.0,272.0,83.0,,-135.0,-501.0,642.0,1.0,65.0
-10.0,-17.0,285.0,6.0,,-65.0,-481.0,598.0,60.0,-21.0
-23.0,-368.0,221.0,-65.0,,-278.0,-408.0,556.0,-179.0,-39.0
-20.0,-40.0,102.0,-143.0,,-425.0,-330.0,424.0,-196.0,-78.0
-62.0,695.0,52.0,-66.0,,-566.0,-253.0,269.0,-53.0,-92.0
-73.0,560.0,38.0,-17.0,,57.0,-185.0,297.0,-24.0,-72.0
-47.0,57.0,-46.0,28.0,,109.0,-155.0,177.0,-423.0,-70.0
-46.0,-87.0,-109.0,-4.0,,-227.0,-143.0,90.0,-36.0,-36.0
-60.0,-247.0,-99.0,-265.0,,-285.0,-112.0,-177.0,-24.0,20.0
-61.0,-266.0,-62.0,-557.0,,-124.0,-124.0,-290.0,40.0,57.0
-61.0,-93.0,-117.0,-807.0,,599.0,-155.0,-256.0,174.0,109.0
-62.0,-234.0,-189.0,-902.0,,104.0,-137.0,-249.0,-310.0,164.0
-43.0,-105.0,-177.0,-851.0,,-530.0,-168.0,-14.0,-153.0,184.0
-52.0,-37.0,-172.0,-810.0,,-62.0,-231.0,118.0,-143.0,194.0
-112.0,-375.0,-165.0,-856.0,,-189.0,-210.0,548.0,60.0,185.0
-171.0,-637.0,-178.0,-813.0,,-178.0,-116.0,927.0,23.0,150.0
-173.0,-474.0,-82.0,-598.0,,-86.0,-78.0,1049.0,-305.0,71.0
-182.0,-624.0,-3.0,-439.0,,-88.0,-74.0,1093.0,-280.0,4.0
-239.0,-41.0,40.0,-334.0,,198.0,-34.0,857.0,-497.0,82.0
-254.0,556.0,84.0,-215.0,,-158.0,-73.0,652.0,-260.0,120.0
-216.0,183.0,69.0,-50.0,,-104.0,-123.0,297.0,212.0,46.0
-180.0,519.0,157.0,-64.0,,133.0,-113.0,114.0,-34.0,13.0
-198.0,330.0,146.0,-221.0,,-110.0,-171.0,68.0,-180.0,36.0
-194.0,314.0,126.0,-218.0,,-98.0,-285.0,134.0,344.0,11.0
-128.0,312.0,202.0,-321.0,,-283.0,-305.0,410.0,442.0,-31.0
-114.0,262.0,208.0,-386.0,,-72.0,-268.0,330.0,545.0,0.0
-123.0,514.0,169.0,-262.0,,-167.0,-199.0,291.0,672.0,-1.0
-75.0,119.0,148.0,-190.0,,-813.0,-73.0,230.0,242.0,44.0
-15.0,340.0,164.0,-145.0,,-463.0,-28.0,229.0,540.0,102.0
3.0,264.0,118.0,-214.0,,-319.0,-63.0,310.0,661.0,108.0
-2.0,96.0,30.0,-220.0,,-386.0,-90.0,195.0,316.0,111.0
30.0,275.0,-24.0,-236.0,,-175.0,-68.0,205.0,516.0,129.0
116.0,994.0,-26.0,-432.0,,-236.0,-14.0,153.0,455.0,280.0
182.0,1414.0,-50.0,-498.0,,36.0,-32.0,280.0,353.0,374.0
233.0,1111.0,-116.0,-417.0,,-60.0,-56.0,290.0,426.0,352.0
266.0,910.0,-146.0,-259.0,,-396.0,-51.0,121.0,443.0,419.0
309.0,561.0,-141.0,-135.0,,-356.0,-12.0,184.0,464.0,467.0
334.0,716.0,-194.0,-84.0,,-488.0,97.0,210.0,485.0,396.0
345.0,-44.0,-272.0,-9.0,,-279.0,167.0,354.0,552.0,413.0
373.0,-611.0,-252.0,-26.0,,-309.0,155.0,260.0,391.0,413.0
364.0,-726.0,-227.0,-130.0,,-572.0,100.0,203.0,260.0,307.0
321.0,-835.0,-217.0,-217.0,,-654.0,14.0,293.0,60.0,338.0
267.0,-944.0,-205.0,-318.0,,-1012.0,-68.0,175.0,-56.0,377.0
267.0,-1265.0,-174.0,-377.0,,-557.0,-84.0,-36.0,48.0,412.0
229.0,-855.0,-60.0,-467.0,,-260.0,-99.0,-641.0,-16.0,415.0
135.0,-486.0,-9.0,-613.0,,-625.0,-197.0,-951.0,-30.0,391.0
73.0,310.0,14.0,-531.0,,-379.0,-320.0,-824.0,-246.0,550.0
68.0,282.0,111.0,-357.0,,-323.0,-471.0,-408.0,-131.0,692.0
47.0,496.0,154.0,-298.0,,-166.0,-556.0,140.0,140.0,711.0
-46.0,458.0,147.0,-281.0,,-212.0,-555.0,354.0,-24.0,702.0
-87.0,-46.0,134.0,-330.0,,-660.0,-491.0,539.0,191.0,722.0
-81.0,377.0,166.0,-266.0,,-267.0,-371.0,395.0,350.0,816.0
-66.0,-61.0,209.0,-82.0,,-269.0,-316.0,190.0,46.0,872.0
-140.0,153.0,150.0,-58.0,,-299.0,-225.0,81.0,309.0,802.0
-214.0,281.0,100.0,-22.0,,-107.0,-98.0,107.0,525.0,725.0
-188.0,333.0,137.0,139.0,,-409.0,-4.0,391.0,98.0,737.0
-150.0,638.0,128.0,207.0,,-123.0,148.0,291.0,26.0,725.0
-139.0,232.0,94.0,186.0,,-253.0,367.0,142.0,0.0,702.0
-164.0,24.0,43.0,105.0,,-225.0,518.0,-142.0,221.0,684.0
-133.0,397.0,15.0,-144.0,,158.0,604.0,-303.0,-115.0,611.0
-75.0,685.0,51.0,-451.0,,-246.0,751.0,-147.0,-99.0,636.0
2.0,506.0,-45.0,-660.0,,105.0,818.0,-129.0,316.0,671.0
69.0,829.0,-138.0,-695.0,,381.0,814.0,72.0,-523.0,642.0
138.0,-25.0,-129.0,-668.0,,220.0,772.0,42.0,-22.0,644.0
223.0,-727.0,-128.0,-786.0,,72.0,619.0,-46.0,102.0,604.0
248.0,-268.0,-187.0,-828.0,,-550.0,367.0,-169.0,-176.0,696.0
234.0,-157.0,-200.0,-821.0,,-82.0,20.0,-327.0,71.0,807.0
209.0,158.0,-117.0,-774.0,,190.0,-288.0,-109.0,-339.0,732.0
178.0,45.0,-143.0,-551.0,,-406.0,-580.0,96.0,532.0,636.0
127.0,318.0,-174.0,-356.0,,-469.0,-844.0,448.0,934.0,636.0
61.0,460.0,-170.0,-200.0,,-438.0,-946.0,561.0,561.0,682.0
-34.0,12.0,-134.0,-48.0,,227.0,-942.0,456.0,660.0,604.0
-147.0,220.0,-130.0,107.0,,263.0,-886.0,327.0,732.0,542.0
-213.0,736.0,-216.0,162.0,,-93.0,-779.0,18.0,702.0,556.0
-248.0,1057.0,-275.0,128.0,,235.0,-565.0,-123.0,748.0,449.0
-279.0,865.0,-260.0,131.0,,-112.0,-322.0,-347.0,802.0,375.0
-304.0,635.0,-207.0,100.0,,105.0,-154.0,-365.0,282.0,472.0
-316.0,631.0,-253.0,-19.0,,204.0,-14.0,-254.0,91.0,447.0
-272.0,476.0,-261.0,-107.0,,-211.0,96.0,-110.0,287.0,390.0
-251.0,104.0,-231.0,-91.0,,192.0,200.0,169.0,128.0,596.0
-269.0,34.0,-192.0,-207.0,,-152.0,261.0,175.0,-314.0,721.0
-288.0,243.0,-191.0,-448.0,,-453.0,304.0,295.0,-464.0,639.0
-310.0,200.0,-168.0,-575.0,,-204.0,380.0,264.0,-407.0,648.0
-309.0,48.0,-61.0,-573.0,,-492.0,446.0,188.0,-166.0,813.0
-347.0,360.0,-116.0,-588.0,,-426.0,434.0,181.0,-50.0,876.0
-374.0,333.0,-117.0,-557.0,,-277.0,335.0,-3.0,-343.0,781.0
-336.0,-251.0,-108.0,-425.0,,-244.0,241.0,-14.0,-182.0,731.0
-243.0,307.0,-72.0,-237.0,,-527.0,136.0,-216.0,-427.0,727.0
-199.0,405.0,-37.0,-20.0,,-705.0,12.0,-378.0,-332.0,735.0
-187.0,-1.0,-107.0,44.0,,-55.0,-118.0,-585.0,156.0,695.0
-150.0,234.0,-68.0,19.0,,-175.0,-285.0,-665.0,-37.0,626.0
-124.0,-90.0,-57.0,9.0,,-331.0,-473.0,-434.0,-100.0,542.0
-111.0,-99.0,-38.0,-10.0,,-47.0,-585.0,-240.0,-64.0,460.0
-157.0,-315.0,-64.0,-148.0,,-115.0,-625.0,290.0,466.0,427.0
-164.0,-513.0,-58.0,-262.0,,-108.0,-657.0,572.0,625.0,341.0
-169.0,-327.0,9.0,-188.0,,-728.0,-597.0,694.0,224.0,273.0
-191.0,-551.0,-1.0,-212.0,,-960.0,-416.0,642.0,54.0,228.0
-197.0,-835.0,27.0,-346.0,,-413.0,-170.0,297.0,-97.0,191.0
-179.0,-684.0,41.0,-521.0,,-266.0,43.0,18.0,185.0,156.0
-130.0,44.0,80.0,-664.0,,-14.0,211.0,-419.0,375.0,-10.0
-105.0,-361.0,52.0,-694.0,,150.0,344.0,-474.0,-60.0,-239.0
-55.0,-256.0,22.0,-697.0,,105.0,402.0,-360.0,-218.0,-370.0
25.0,848.0,38.0,-598.0,,-348.0,423.0,-84.0,-77.0,-415.0
91.0,911.0,33.0,-438.0,,-670.0,420.0,275.0,32.0,-524.0
124.0,777.0,-12.0,-298.0,,278.0,372.0,288.0,322.0,-635.0
147.0,281.0,-112.0,-160.0,,388.0,247.0,243.0,9.0,-598.0
220.0,-208.0,-107.0,-29.0,,-198.0,74.0,-94.0,-30.0,-460.0
276.0,-319.0,-118.0,8.0,,-279.0,-41.0,-284.0,347.0,-357.0
238.0,-402.0,-105.0,-27.0,,-797.0,-129.0,-388.0,218.0,-281.0
231.0,33.0,-145.0,31.0,,-680.0,-201.0,-517.0,187.0,-129.0
291.0,268.0,-102.0,65.0,,-693.0,-162.0,-517.0,264.0,-33.0
326.0,173.0,-8.0,24.0,,-896.0,-121.0,-667.0,246.0,0.0
280.0,390.0,-35.0,-14.0,,-215.0,-76.0,-570.0,107.0,158.0
250.0,339.0,23.0,-18.0,,-208.0,17.0,-522.0,275.0,284.0
318.0,114.0,32.0,41.0,,-464.0,99.0,-297.0,433.0,265.0
371.0,-25.0,36.0,134.0,,-292.0,155.0,140.0,334.0,253.0
385.0,264.0,4.0,222.0,,331.0,213.0,410.0,399.0,232.0
375.0,694.0,-49.0,142.0,,521.0,320.0,746.0,457.0,179.0
413.0,433.0,-77.0,60.0,,-246.0,386.0,761.0,473.0,138.0
453.0,-85.0,-63.0,130.0,,-154.0,445.0,715.0,333.0,52.0
402.0,-41.0,-127.0,186.0,,-189.0,471.0,399.0,150.0,-111.0
326.0,681.0,-224.0,16.0,,-502.0,458.0,-140.0,258.0,-266.0
298.0,486.0,-191.0,-288.0,,-217.0,515.0,-436.0,144.0,-374.0
288.0,144.0,-199.0,-427.0,,-259.0,539.0,-715.0,66.0,-458.0
229.0,445.0,-227.0,-606.0,,85.0,515.0,-705.0,37.0,-603.0
149.0,438.0,-258.0,-754.0,,41.0,426.0,-702.0,-232.0,-741.0
108.0,-192.0,-155.0,-667.0,,-392.0,333.0,-620.0,27.0,-720.0
136.0,-810.0,-164.0,-528.0,,98.0,286.0,-572.0,136.0,-727.0
174.0,-513.0,-287.0,-387.0,,515.0,238.0,-727.0,142.0,-794.0
185.0,-1057.0,-268.0,-276.0,,503.0,239.0,-827.0,63.0,-771.0
200.0,-1029.0,-220.0,-183.0,,77.0,219.0,-1073.0,-201.0,-700.0
244.0,105.0,-247.0,-70.0,,-158.0,246.0,-977.0,-112.0,-729.0
247.0,125.0,-321.0,41.0,,-11.0,336.0,-822.0,-167.0,-822.0
253.0,-320.0,-289.0,146.0,,-193.0,389.0,-718.0,-147.0,-769.0
296.0,-380.0,-309.0,173.0,,-35.0,408.0,-497.0,-176.0,-709.0
322.0,370.0,-251.0,76.0,,-5.0,350.0,-360.0,-126.0,-820.0
340.0,89.0,-232.0,0.0,,-168.0,289.0,-90.0,-199.0,-856.0
294.0,-440.0,-318.0,-64.0,,36.0,244.0,16.0,-437.0,-679.0
266.0,366.0,-233.0,-100.0,,-154.0,202.0,173.0,-50.0,-671.0
242.0,592.0,-262.0,-3.0,,165.0,176.0,249.0,75.0,-713.0
239.0,326.0,-346.0,109.0,,566.0,130.0,206.0,-216.0,-493.0
263.0,-12.0,-374.0,150.0,,166.0,113.0,164.0,-237.0,-392.0
281.0,63.0,-414.0,138.0,,356.0,165.0,-260.0,-231.0,-411.0
306.0,572.0,-469.0,141.0,,378.0,280.0,-578.0,-246.0,-294.0
289.0,66.0,-522.0,54.0,,3.0,412.0,-776.0,-178.0,-120.0
281.0,-514.0,-460.0,-103.0,,-27.0,536.0,-753.0,-188.0,-137.0
282.0,-69.0,-435.0,-117.0,,-159.0,663.0,-556.0,-400.0,-211.0
314.0,-486.0,-433.0,-103.0,,47.0,811.0,-482.0,-250.0,-181.0
289.0,-1067.0,-402.0,-109.0,,231.0,941.0,-254.0,277.0,-244.0
213.0,-114.0,-327.0,-141.0,,279.0,967.0,-134.0,90.0,-317.0
165.0,374.0,-238.0,-224.0,,358.0,918.0,-1.0,-100.0,-356.0
134.0,440.0,-212.0,-243.0,,11.0,863.0,-29.0,252.0,-359.0
104.0,337.0,-149.0,-298.0,,-146.0,760.0,-1.0,214.0,-424.0
46.0,154.0,-132.0,-378.0,,-60.0,626.0,214.0,380.0,-522.0
16.0,229.0,-98.0,-395.0,,605.0,463.0,-66.0,317.0,-453.0
24.0,-537.0,-101.0,-423.0,,1038.0,289.0,-363.0,24.0,-430.0
43.0,-608.0,-180.0,-440.0,,89.0,135.0,-692.0,168.0,-534.0
11.0,-197.0,-171.0,-424.0,,-135.0,7.0,-844.0,56.0,-538.0
-8.0,-129.0,-182.0,-390.0,,262.0,9.0,-722.0,124.0,-408.0
7.0,-404.0,-231.0,-311.0,,179.0,63.0,-691.0,-127.0,-422.0
53.0,-257.0,-235.0,-167.0,,352.0,145.0,-497.0,-304.0,-557.0
86.0,819.0,-223.0,-65.0,,-50.0,256.0,-365.0,-205.0,-592.0
78.0,401.0,-246.0,62.0,,-546.0,306.0,-214.0,-191.0,-603.0
127.0,259.0,-291.0,217.0,,-294.0,366.0,-365.0,-2.0,-665.0
190.0,834.0,-310.0,200.0,,-135.0,440.0,-567.0,-312.0,-676.0
236.0,560.0,-311.0,173.0,,67.0,575.0,-567.0,-281.0,-587.0
244.0,460.0,-275.0,149.0,,139.0,713.0,-720.0,-121.0,-531.0
273.0,417.0,-273.0,97.0,,-107.0,796.0,-583.0,-117.0,-521.0
326.0,350.0,-272.0,135.0,,-430.0,878.0,-485.0,-287.0,-490.0
377.0,356.0,-214.0,114.0,,-520.0,854.0,-319.0,-476.0,-488.0
395.0,-280.0,-218.0,95.0,,-127.0,841.0,-177.0,-427.0,-503.0
328.0,-840.0,-194.0,0.0,,-29.0,818.0,-194.0,-413.0,-438.0
269.0,-428.0,-131.0,-173.0,,-237.0,702.0,-77.0,-141.0,-283.0
268.0,-502.0,-108.0,-69.0,,-325.0,609.0,-168.0,-263.0,-224.0
267.0,-264.0,-91.0,223.0,,-405.0,492.0,-162.0,-329.0,-235.0
178.0,-67.0,-97.0,446.0,,-242.0,364.0,-317.0,-232.0,-176.0
127.0,-443.0,-76.0,546.0,,112.0,235.0,-369.0,-65.0,-142.0
145.0,-230.0,-32.0,543.0,,-12.0,169.0,-221.0,-133.0,-133.0
130.0,121.0,-73.0,484.0,,-390.0,178.0,-256.0,-190.0,-146.0
36.0,-110.0,-145.0,447.0,,-711.0,193.0,-109.0,-38.0,-89.0
-55.0,-468.0,-131.0,418.0,,-801.0,203.0,-245.0,-205.0,-103.0
-36.0,400.0,-95.0,332.0,,-204.0,138.0,-330.0,36.0,-223.0
3.0,575.0,-100.0,251.0,,-283.0,99.0,-323.0,-166.0,-180.0
-9.0,396.0,-154.0,134.0,,-700.0,164.0,-334.0,-179.0,-161.0
-54.0,582.0,-190.0,-14.0,,-546.0,239.0,-110.0,59.0,-234.0
-21.0,95.0,-215.0,-159.0,,-706.0,199.0,25.0,55.0,-320.0
13.0,175.0,-255.0,-257.0,,-409.0,57.0,243.0,136.0,-346.0
30.0,535.0,-302.0,-207.0,,-210.0,-12.0,171.0,107.0,-320.0
55.0,568.0,-283.0,-276.0,,-626.0,-37.0,3.0,239.0,-368.0
82.0,641.0,-265.0,-322.0,,-525.0,-72.0,-210.0,-163.0,-411.0
119.0,756.0,-290.0,-142.0,,-429.0,-37.0,-552.0,-194.0,-430.0
126.0,817.0,-285.0,0.0,,-479.0,34.0,-672.0,-234.0,-399.0
108.0,498.0,-346.0,42.0,,-299.0,146.0,-901.0,-229.0,-383.0
67.0,-229.0,-386.0,18.0,,-437.0,338.0,-739.0,-210.0,-441.0
115.0,-345.0,-418.0,-13.0,,-708.0,567.0,-436.0,-821.0,-463.0
147.0,-660.0,-397.0,-80.0,,-395.0,741.0,-249.0,-493.0,-511.0
171.0,-662.0,-349.0,-69.0,,218.0,836.0,57.0,-288.0,-570.0
158.0,129.0,-294.0,-29.0,,150.0,925.0,46.0,-357.0,-598.0
120.0,-153.0,-216.0,27.0,,-640.0,977.0,-27.0,-437.0,-644.0
93.0,-198.0,-200.0,152.0,,-623.0,921.0,-186.0,-556.0,-733.0
41.0,508.0,-136.0,128.0,,-387.0,780.0,-219.0,-176.0,-839.0
70.0,802.0,-97.0,166.0,,-571.0,598.0,-147.0,85.0,-839.0
29.0,737.0,-85.0,262.0,,-98.0,387.0,-145.0,313.0,-885.0
-2.0,1064.0,-27.0,217.0,,-139.0,191.0,-44.0,372.0,-986.0
-5.0,1267.0,30.0,44.0,,-348.0,7.0,-205.0,421.0,-954.0
3.0,676.0,59.0,-47.0,,-298.0,-139.0,-206.0,387.0,-913.0
-41.0,268.0,96.0,108.0,,-573.0,-199.0,-175.0,487.0,-975.0
-137.0,8.0,112.0,276.0,,-182.0,-219.0,-249.0,532.0,-1014.0
-180.0,-236.0,140.0,363.0,,29.0,-273.0,-325.0,276.0,-976.0
-265.0,-725.0,102.0,426.0,,75.0,-293.0,-515.0,330.0,-975.0
-366.0,-1103.0,-20.0,460.0,,290.0,-162.0,-406.0,264.0,-995.0
-440.0,-750.0,-76.0,522.0,,-25.0,-13.0,-511.0,226.0,-1043.0
-396.0,-842.0,-127.0,546.0,,163.0,109.0,-617.0,35.0,-1094.0
-329.0,-1505.0,-167.0,446.0,,254.0,180.0,-585.0,-169.0,-1148.0
-329.0,-1447.0,-248.0,424.0,,15.0,251.0,-604.0,-151.0,-1197.0
-370.0,-773.0,-314.0,343.0,,575.0,331.0,-389.0,-200.0,-1179.0
-340.0,-251.0,-328.0,199.0,,298.0,291.0,-297.0,-316.0,-1210.0
-279.0,108.0,-404.0,41.0,,-356.0,335.0,-68.0,-667.0,-1294.0
-302.0,494.0,-462.0,-155.0,,-56.0,404.0,20.0,-279.0,-1324.0
-332.0,768.0,-455.0,-125.0,,-37.0,388.0,-59.0,33.0,-1248.0
-318.0,634.0,-428.0,-48.0,,233.0,428.0,-110.0,-322.0,-1182.0
-248.0,543.0,-399.0,0.0,,569.0,499.0,-238.0,-457.0,-1153.0
-220.0,259.0,-385.0,-46.0,,523.0,512.0,-75.0,-403.0,-1066.0
-239.0,51.0,-363.0,-17.0,,323.0,523.0,1.0,-56.0,-943.0
-225.0,288.0,-361.0,173.0,,-271.0,581.0,125.0,160.0,-771.0
-162.0,54.0,-396.0,284.0,,-95.0,563.0,77.0,162.0,-640.0
-133.0,14.0,-409.0,453.0,,216.0,481.0,-199.0,-15.0,-503.0
-143.0,87.0,-402.0,567.0,,305.0,364.0,-358.0,33.0,-325.0
-136.0,-487.0,-360.0,508.0,,195.0,289.0,-450.0,157.0,-270.0
-116.0,-664.0,-329.0,449.0,,-594.0,307.0,-101.0,-88.0,-168.0
-140.0,-377.0,-306.0,471.0,,-340.0,291.0,145.0,-182.0,-29.0
-165.0,-580.0,-274.0,465.0,,38.0,283.0,286.0,-141.0,-12.0
-133.0,-479.0,-241.0,447.0,,-66.0,264.0,275.0,-249.0,-26.0
-102.0,160.0,-246.0,378.0,,359.0,207.0,-103.0,-71.0,18.0
-123.0,109.0,-221.0,267.0,,72.0,162.0,-445.0,28.0,103.0
-165.0,-185.0,-199.0,252.0,,64.0,19.0,-820.0,-391.0,20.0
-140.0,-111.0,-232.0,147.0,,553.0,-159.0,-822.0,-23.0,-22.0
-119.0,440.0,-231.0,50.0,,406.0,-284.0,-683.0,79.0,76.0
-103.0,1085.0,-220.0,86.0,,418.0,-335.0,-526.0,325.0,-19.0
-88.0,1049.0,-118.0,-3.0,,-89.0,-330.0,-212.0,687.0,-121.0
-43.0,896.0,-75.0,-145.0,,-194.0,-350.0,105.0,-22.0,-105.0
-15.0,736.0,-131.0,-146.0,,707.0,-273.0,497.0,130.0,-161.0
-62.0,223.0,-125.0,-117.0,,886.0,-95.0,445.0,312.0,-288.0
-99.0,-531.0,-60.0,-138.0,,612.0,99.0,188.0,459.0,-318.0
-77.0,-803.0,-65.0,-173.0,,239.0,247.0,-197.0,369.0,-229.0
-22.0,-640.0,-190.0,-199.0,,329.0,363.0,-458.0,-340.0,-239.0
-50.0,-770.0,-182.0,-55.0,,527.0,451.0,-81.0,-513.0,-298.0
-76.0,-731.0,-115.0,212.0,,609.0,483.0,338.0,-292.0,-231.0
-60.0,-639.0,-110.0,433.0,,1250.0,502.0,502.0,148.0,-187.0
-10.0,-324.0,-120.0,568.0,,1086.0,498.0,116.0,-143.0,-260.0
4.0,128.0,-115.0,540.0,,680.0,506.0,-373.0,-394.0,-235.0
-5.0,351.0,-86.0,525.0,,861.0,457.0,-630.0,-356.0,-162.0
1.0,768.0,-134.0,466.0,,902.0,472.0,-861.0,-54.0,-164.0
15.0,777.0,-147.0,384.0,,1126.0,537.0,-735.0,500.0,-178.0
-18.0,539.0,-107.0,398.0,,870.0,503.0,-591.0,-4.0,-163.0
-108.0,853.0,-84.0,315.0,,319.0,412.0,-487.0,-395.0,-168.0
-110.0,1035.0,-148.0,177.0,,815.0,363.0,-630.0,-247.0,-260.0
-130.0,716.0,-217.0,-16.0,,1390.0,428.0,-846.0,131.0,-335.0
-166.0,485.0,-204.0,-131.0,,1114.0,393.0,-672.0,382.0,-335.0
-225.0,389.0,-187.0,-146.0,,623.0,306.0,-336.0,201.0,-380.0
-239.0,280.0,-201.0,-182.0,,704.0,238.0,262.0,43.0,-504.0
-249.0,-65.0,-233.0,-131.0,,833.0,137.0,613.0,-205.0,-476.0
-286.0,-485.0,-165.0,52.0,,774.0,51.0,611.0,263.0,-404.0
-240.0,-375.0,-152.0,285.0,,1194.0,-20.0,264.0,645.0,-479.0
-188.0,-172.0,-174.0,359.0,,955.0,6.0,-254.0,434.0,-445.0
-128.0,-253.0,-191.0,337.0,,770.0,44.0,-428.0,183.0,-335.0
-134.0,-384.0,-221.0,382.0,,1072.0,53.0,-630.0,83.0,-301.0
-109.0,-179.0,-199.0,430.0,,864.0,51.0,-558.0,654.0,-221.0
-99.0,-230.0,-229.0,269.0,,1187.0,35.0,-415.0,569.0,-110.0
-116.0,-581.0,-219.0,-68.0,,1216.0,58.0,-234.0,287.0,-28.0
-113.0,-54.0,-203.0,-281.0,,771.0,125.0,83.0,217.0,39.0
-64.0,-319.0,-178.0,-308.0,,734.0,161.0,151.0,6.0,159.0
-1.0,-552.0,-215.0,-257.0,,728.0,132.0,351.0,321.0,323.0
-19.0,258.0,-277.0,-259.0,,927.0,179.0,291.0,269.0,400.0
24.0,38.0,-213.0,-200.0,,824.0,232.0,64.0,138.0,422.0
61.0,-289.0,-128.0,26.0,,780.0,173.0,-275.0,-88.0,489.0
51.0,-589.0,-112.0,170.0,,1088.0,138.0,-630.0,-201.0,543.0
-21.0,-720.0,-95.0,228.0,,770.0,199.0,-642.0,218.0,428.0
-70.0,-482.0,28.0,422.0,,1166.0,212.0,-642.0,86.0,366.0
-62.0,-423.0,40.0,540.0,,1696.0,153.0,-327.0,-203.0,380.0
-89.0,-384.0,-10.0,411.0,,1210.0,68.0,-249.0,-339.0,237.0
-192.0,-311.0,39.0,269.0,,1255.0,-56.0,-386.0,-276.0,98.0
-326.0,213.0,59.0,121.0,,945.0,-170.0,-419.0,-97.0,50.0
-396.0,731.0,88.0,24.0,,1074.0,-242.0,-384.0,-174.0,34.0
-475.0,552.0,-18.0,59.0,,1728.0,-247.0,16.0,-284.0,-64.0
-538.0,96.0,-88.0,7.0,,1020.0,-282.0,245.0,-349.0,-93.0
-582.0,-86.0,40.0,-162.0,,640.0,-341.0,569.0,-363.0,40.0
-564.0,-224.0,-42.0,-310.0,,805.0,-345.0,748.0,-143.0,104.0
-547.0,-37.0,-157.0,-316.0,,968.0,-382.0,528.0,86.0,148.0
-560.0,-411.0,-140.0,-315.0,,1049.0,-338.0,264.0,-190.0,306.0
-523.0,-238.0,-154.0,-291.0,,722.0,-151.0,-133.0,-254.0,386.0
-437.0,552.0,-143.0,-122.0,,570.0,-33.0,-321.0,-1.0,312.0
-343.0,99.0,-192.0,-34.0,,544.0,-32.0,-504.0,149.0,356.0
-305.0,244.0,-216.0,-20.0,,943.0,-6.0,-539.0,292.0,455.0
-291.0,505.0,-191.0,-95.0,,1018.0,0.0,-509.0,111.0,382.0
-259.0,424.0,-313.0,-206.0,,239.0,-110.0,-576.0,-36.0,286.0
-222.0,910.0,-396.0,-17.0,,429.0,-232.0,-458.0,71.0,313.0
-243.0,1187.0,-362.0,191.0,,842.0,-346.0,-426.0,126.0,354.0
-268.0,513.0,-348.0,163.0,,866.0,-421.0,-280.0,-107.0,303.0
-238.0,-314.0,-351.0,100.0,,1352.0,-456.0,-354.0,-186.0,280.0
-179.0,-303.0,-333.0,86.0,,670.0,-546.0,-548.0,-195.0,378.0
-152.0,-248.0,-228.0,132.0,,260.0,-598.0,-450.0,-366.0,395.0
-123.0,-711.0,-120.0,119.0,,884.0,-554.0,-230.0,-221.0,343.0
-58.0,-1055.0,-74.0,17.0,,547.0,-479.0,308.0,-152.0,392.0
-16.0,-835.0,-41.0,-121.0,,413.0,-356.0,687.0,-63.0,419.0
-27.0,-746.0,14.0,-304.0,,379.0,-195.0,947.0,-252.0,340.0
-44.0,-723.0,57.0,-502.0,,114.0,-103.0,1049.0,-315.0,277.0
-39.0,-774.0,49.0,-488.0,,386.0,-95.0,744.0,58.0,333.0
-71.0,-955.0,35.0,-209.0,,667.0,-157.0,408.0,-116.0,365.0
-123.0,-781.0,47.0,-27.0,,803.0,-321.0,49.0,-287.0,259.0
-146.0,-331.0,2.0,-28.0,,755.0,-512.0,-51.0,-537.0,211.0
-81.0,-154.0,-66.0,44.0,,605.0,-615.0,-314.0,-485.0,327.0
-30.0,-299.0,-71.0,250.0,,507.0,-638.0,-705.0,-60.0,400.0
-53.0,-254.0,-77.0,372.0,,431.0,-680.0,-931.0,-134.0,370.0
-46.0,-153.0,-155.0,387.0,,665.0,-710.0,-1154.0,-225.0,472.0
12.0,78.0,-271.0,323.0,,715.0,-675.0,-947.0,-313.0,565.0
42.0,543.0,-320.0,204.0,,548.0,-585.0,-554.0,-370.0,541.0
58.0,703.0,-371.0,130.0,,766.0,-436.0,-9.0,-150.0,626.0
92.0,480.0,-388.0,48.0,,783.0,-261.0,437.0,-81.0,755.0
111.0,688.0,-463.0,-25.0,,1168.0,-76.0,698.0,-504.0,767.0
121.0,728.0,-523.0,-88.0,,1252.0,50.0,801.0,-497.0,744.0
96.0,397.0,-419.0,-213.0,,663.0,88.0,437.0,-218.0,804.0
121.0,540.0,-389.0,-385.0,,579.0,99.0,192.0,-88.0,780.0
132.0,527.0,-432.0,-467.0,,294.0,19.0,-88.0,48.0,696.0
113.0,279.0,-350.0,-382.0,,637.0,-70.0,-280.0,-184.0,674.0
110.0,55.0,-173.0,-202.0,,761.0,-146.0,-428.0,-328.0,600.0
117.0,-59.0,-123.0,-216.0,,337.0,-266.0,-812.0,-318.0,524.0
123.0,-158.0,-151.0,-450.0,,400.0,-390.0,-861.0,44.0,526.0
13.0,-520.0,-117.0,-505.0,,211.0,-505.0,-611.0,108.0,448.0
-60.0,-471.0,-52.0,-418.0,,758.0,-557.0,-9.0,-298.0,275.0
-90.0,-357.0,12.0,-271.0,,880.0,-654.0,548.0,-454.0,246.0
-134.0,-712.0,83.0,-48.0,,348.0,-738.0,781.0,-381.0,149.0
-174.0,-935.0,119.0,8.0,,367.0,-741.0,615.0,-218.0,-60.0
-188.0,-896.0,191.0,58.0,,173.0,-701.0,44.0,-413.0,-95.0
-181.0,-664.0,189.0,236.0,,223.0,-571.0,-317.0,-426.0,-131.0
-238.0,-593.0,83.0,356.0,,262.0,-419.0,-639.0,-438.0,-298.0
-261.0,-394.0,89.0,468.0,,188.0,-232.0,-681.0,-371.0,-321.0
-256.0,-171.0,91.0,575.0,,243.0,-85.0,-454.0,60.0,-128.0
-269.0,-208.0,37.0,556.0,,231.0,55.0,-186.0,130.0,-108.0
-271.0,-17.0,-81.0,525.0,,326.0,170.0,245.0,-48.0,-179.0
-259.0,53.0,-127.0,546.0,,27.0,163.0,434.0,-62.0,-16.0
-211.0,-173.0,-116.0,534.0,,-240.0,162.0,561.0,137.0,74.0
-148.0,-615.0,-185.0,417.0,,-421.0,95.0,478.0,381.0,-22.0
-111.0,-705.0,-189.0,254.0,,-603.0,-28.0,386.0,460.0,40.0
-80.0,-778.0,-135.0,200.0,,-104.0,-97.0,363.0,332.0,213.0
-17.0,-691.0,-143.0,99.0,,-157.0,-91.0,-35.0,228.0,179.0
26.0,-264.0,-162.0,6.0,,-382.0,-103.0,-266.0,18.0,72.0
35.0,-30.0,-174.0,-45.0,,15.0,-268.0,-441.0,-74.0,168.0
25.0,144.0,-110.0,-69.0,,162.0,-360.0,-393.0,-283.0,262.0
14.0,-334.0,7.0,22.0,,461.0,-358.0,-127.0,-557.0,236.0
-16.0,-4.0,-17.0,34.0,,339.0,-365.0,18.0,-457.0,251.0
-47.0,202.0,-10.0,37.0,,-91.0,-374.0,205.0,-605.0,286.0
-72.0,-414.0,24.0,55.0,,-379.0,-392.0,114.0,-624.0,322.0
-95.0,66.0,27.0,67.0,,-535.0,-375.0,97.0,-552.0,391.0
-107.0,190.0,18.0,-58.0,,-53.0,-406.0,40.0,-572.0,480.0
-100.0,-216.0,2.0,-202.0,,-58.0,-432.0,-70.0,-343.0,466.0
-29.0,-311.0,76.0,-182.0,,-200.0,-429.0,-96.0,-166.0,355.0
36.0,-48.0,91.0,-220.0,,-342.0,-420.0,-277.0,10.0,364.0
39.0,-61.0,46.0,-207.0,,-541.0,-384.0,-234.0,117.0,388.0
-4.0,-97.0,37.0,-153.0,,105.0,-287.0,-184.0,131.0,243.0
-16.0,161.0,58.0,-166.0,,-62.0,-160.0,75.0,249.0,110.0
-1.0,-287.0,82.0,-235.0,,-373.0,-55.0,271.0,310.0,114.0
-7.0,-137.0,75.0,-275.0,,-123.0,139.0,206.0,370.0,133.0
2.0,95.0,69.0,-337.0,,-488.0,286.0,40.0,374.0,119.0
44.0,-167.0,148.0,-512.0,,-473.0,337.0,-530.0,216.0,205.0
86.0,-67.0,175.0,-621.0,,-520.0,467.0,-735.0,60.0,309.0
86.0,-151.0,107.0,-588.0,,-498.0,604.0,-681.0,-182.0,392.0
88.0,86.0,81.0,-494.0,,-123.0,685.0,-373.0,-184.0,553.0
105.0,148.0,55.0,-293.0,,-298.0,659.0,131.0,-54.0,659.0
134.0,-202.0,-11.0,-26.0,,-329.0,549.0,497.0,-338.0,730.0
126.0,-272.0,-68.0,56.0,,-392.0,448.0,1010.0,-574.0,699.0
110.0,22.0,-28.0,8.0,,-403.0,271.0,1176.0,-415.0,662.0
112.0,151.0,62.0,48.0,,-248.0,66.0,1186.0,-339.0,715.0
105.0,-137.0,100.0,144.0,,-352.0,-144.0,942.0,-260.0,635.0
80.0,-104.0,94.0,167.0,,-258.0,-377.0,419.0,-151.0,482.0
2.0,-192.0,116.0,111.0,,-463.0,-497.0,-31.0,-274.0,405.0
-26.0,-92.0,153.0,-46.0,,-703.0,-522.0,-548.0,-411.0,411.0
-9.0,547.0,123.0,-180.0,,-500.0,-485.0,-604.0,-268.0,333.0
16.0,817.0,75.0,-259.0,,-423.0,-444.0,-602.0,42.0,322.0
41.0,486.0,120.0,-441.0,,-392.0,-358.0,-635.0,76.0,371.0
52.0,424.0,215.0,-587.0,,-895.0,-158.0,-450.0,118.0,317.0
55.0,408.0,193.0,-636.0,,-1179.0,61.0,-112.0,-81.0,292.0
26.0,-44.0,131.0,-638.0,,-540.0,186.0,589.0,-48.0,399.0
0.0,-94.0,167.0,-560.0,,-304.0,233.0,1034.0,72.0,526.0
18.0,-86.0,164.0,-453.0,,-191.0,364.0,1201.0,-257.0,508.0
48.0,-309.0,139.0,-283.0,,-99.0,488.0,1025.0,-201.0,530.0
53.0,-370.0,108.0,-204.0,,-50.0,542.0,580.0,-99.0,570.0
67.0,-119.0,130.0,-212.0,,56.0,549.0,151.0,80.0,561.0
83.0,-442.0,177.0,0.0,,-465.0,508.0,-275.0,-57.0,512.0
105.0,-832.0,77.0,186.0,,-565.0,496.0,-262.0,-179.0,486.0
114.0,-289.0,39.0,146.0,,-639.0,440.0,-229.0,-161.0,451.0
124.0,-276.0,51.0,28.0,,-1317.0,357.0,-149.0,-264.0,361.0
142.0,-528.0,24.0,-30.0,,-1259.0,300.0,-31.0,-149.0,342.0
129.0,-471.0,-30.0,-99.0,,-1095.0,243.0,101.0,-280.0,298.0
129.0,-534.0,-21.0,-129.0,,-863.0,168.0,445.0,-175.0,323.0
188.0,-512.0,52.0,-19.0,,-442.0,157.0,528.0,-283.0,335.0
234.0,-772.0,28.0,-48.0,,-454.0,168.0,648.0,-248.0,369.0
220.0,-654.0,-34.0,-184.0,,58.0,132.0,569.0,184.0,507.0
220.0,-182.0,-45.0,-291.0,,372.0,73.0,506.0,110.0,471.0
224.0,-326.0,-3.0,-278.0,,292.0,11.0,650.0,40.0,413.0
205.0,-79.0,2.0,-121.0,,-7.0,29.0,631.0,20.0,476.0
143.0,267.0,11.0,195.0,,-789.0,44.0,746.0,18.0,502.0
95.0,283.0,36.0,466.0,,-931.0,51.0,550.0,179.0,428.0
83.0,315.0,77.0,431.0,,-1185.0,23.0,266.0,202.0,425.0
90.0,-69.0,135.0,383.0,,-1045.0,70.0,1.0,94.0,441.0
107.0,-360.0,116.0,433.0,,-469.0,165.0,-338.0,87.0,333.0
106.0,-518.0,93.0,513.0,,-887.0,127.0,-349.0,294.0,229.0
107.0,-567.0,114.0,528.0,,-887.0,102.0,-194.0,189.0,256.0
80.0,-271.0,51.0,536.0,,-530.0,139.0,125.0,-3.0,319.0
50.0,89.0,6.0,534.0,,-239.0,278.0,145.0,144.0,303.0
48.0,39.0,-2.0,370.0,,203.0,370.0,-51.0,26.0,377.0
67.0,-188.0,-16.0,86.0,,-237.0,363.0,-286.0,153.0,492.0
60.0,278.0,20.0,-152.0,,-381.0,403.0,-582.0,244.0,531.0
39.0,802.0,-29.0,-301.0,,-22.0,484.0,-521.0,108.0,585.0
17.0,745.0,-38.0,-534.0,,-295.0,560.0,-400.0,266.0,715.0
15.0,798.0,-64.0,-686.0,,-411.0,534.0,38.0,155.0,814.0
25.0,855.0,-109.0,-680.0,,-475.0,472.0,668.0,221.0,785.0
0.0,380.0,-84.0,-519.0,,-294.0,392.0,1191.0,331.0,714.0
-20.0,315.0,-77.0,-300.0,,-81.0,305.0,1528.0,229.0,581.0
-20.0,599.0,-2.0,-208.0,,-37.0,278.0,1215.0,76.0,371.0
5.0,294.0,-54.0,-57.0,,325.0,211.0,707.0,-193.0,139.0
-32.0,196.0,-135.0,155.0,,16.0,105.0,112.0,72.0,-8.0
-57.0,223.0,-61.0,243.0,,-100.0,56.0,-243.0,107.0,-157.0
-13.0,-36.0,-25.0,280.0,,-141.0,52.0,-356.0,-207.0,-360.0
-1.0,24.0,-8.0,381.0,,-370.0,14.0,-467.0,-111.0,-463.0
-18.0,-130.0,62.0,461.0,,88.0,-29.0,-214.0,0.0,-449.0
-6.0,-340.0,99.0,505.0,,-102.0,-52.0,92.0,232.0,-543.0
43.0,-196.0,85.0,432.0,,-238.0,5.0,563.0,161.0,-630.0
55.0,-627.0,68.0,286.0,,-72.0,152.0,807.0,108.0,-433.0
57.0,-1209.0,63.0,89.0,,-249.0,222.0,715.0,173.0,-327.0
92.0,-1471.0,92.0,-186.0,,-70.0,272.0,606.0,121.0,-333.0
178.0,-1172.0,114.0,-408.0,,-179.0,345.0,373.0,178.0,-223.0
205.0,-781.0,163.0,-575.0,,-296.0,395.0,432.0,-166.0,-74.0
188.0,-819.0,148.0,-507.0,,-274.0,405.0,607.0,-55.0,54.0
202.0,-286.0,171.0,-369.0,,-342.0,304.0,921.0,-84.0,112.0
209.0,-172.0,284.0,-351.0,,-108.0,259.0,1064.0,-313.0,202.0
230.0,-299.0,271.0,-242.0,,-256.0,313.0,811.0,-66.0,298.0
204.0,320.0,321.0,-38.0,,-233.0,346.0,676.0,-155.0,311.0
172.0,310.0,390.0,162.0,,137.0,361.0,500.0,-257.0,346.0
186.0,-105.0,373.0,299.0,,199.0,316.0,644.0,-103.0,489.0
197.0,537.0,325.0,484.0,,280.0,200.0,918.0,160.0,516.0
174.0,1066.0,295.0,571.0,,-218.0,71.0,1032.0,-89.0,440.0
160.0,795.0,330.0,551.0,,-503.0,-25.0,1010.0,-103.0,471.0
172.0,793.0,314.0,525.0,,-90.0,-92.0,674.0,271.0,542.0
170.0,323.0,277.0,501.0,,-179.0,-130.0,495.0,239.0,525.0
157.0,-69.0,249.0,592.0,,-203.0,-132.0,254.0,392.0,441.0
160.0,-415.0,206.0,502.0,,-415.0,-132.0,134.0,348.0,478.0
176.0,-450.0,123.0,344.0,,-722.0,-192.0,151.0,107.0,533.0
169.0,84.0,65.0,190.0,,-359.0,-212.0,64.0,122.0,476.0
181.0,105.0,68.0,11.0,,-209.0,-135.0,201.0,414.0,470.0
229.0,126.0,66.0,-137.0,,25.0,-78.0,356.0,626.0,543.0
254.0,-354.0,57.0,-398.0,,97.0,-109.0,820.0,369.0,527.0
212.0,-217.0,63.0,-433.0,,-77.0,-213.0,1191.0,343.0,487.0
170.0,-23.0,124.0,-351.0,,195.0,-275.0,1269.0,685.0,634.0
180.0,139.0,199.0,-318.0,,151.0,-357.0,1223.0,669.0,732.0
176.0,782.0,216.0,-201.0,,396.0,-447.0,866.0,471.0,680.0
165.0,815.0,174.0,-62.0,,404.0,-532.0,545.0,301.0,708.0
201.0,1136.0,163.0,75.0,,-274.0,-620.0,145.0,246.0,784.0
243.0,446.0,231.0,185.0,,-327.0,-610.0,105.0,253.0,793.0
264.0,-161.0,239.0,217.0,,-544.0,-626.0,362.0,38.0,771.0
251.0,-189.0,215.0,159.0,,-434.0,-598.0,748.0,110.0,793.0
229.0,-244.0,263.0,151.0,,68.0,-487.0,1213.0,225.0,753.0
251.0,-50.0,257.0,72.0,,130.0,-331.0,1258.0,178.0,609.0
240.0,55.0,228.0,-43.0,,256.0,-143.0,1311.0,262.0,512.0
187.0,393.0,223.0,-51.0,,-35.0,-48.0,1169.0,485.0,479.0
151.0,-199.0,224.0,-81.0,,-210.0,-11.0,927.0,358.0,404.0
137.0,-88.0,208.0,-152.0,,-231.0,7.0,611.0,-17.0,336.0
104.0,24.0,146.0,-217.0,,-302.0,8.0,75.0,118.0,386.0
53.0,-731.0,159.0,-115.0,,-34.0,-34.0,-184.0,227.0,456.0
28.0,-659.0,174.0,58.0,,-398.0,-141.0,-325.0,608.0,453.0
44.0,-106.0,168.0,134.0,,-816.0,-268.0,-120.0,519.0,454.0
75.0,597.0,150.0,109.0,,-747.0,-434.0,133.0,-9.0,518.0
73.0,389.0,94.0,121.0,,-790.0,-603.0,404.0,237.0,478.0
97.0,-45.0,82.0,183.0,,-415.0,-680.0,814.0,334.0,405.0
166.0,-237.0,48.0,164.0,,-266.0,-708.0,944.0,364.0,404.0
225.0,-283.0,21.0,90.0,,-424.0,-670.0,1086.0,153.0,324.0
235.0,-266.0,23.0,69.0,,-352.0,-588.0,1001.0,-46.0,220.0
234.0,-558.0,53.0,194.0,,-738.0,-626.0,960.0,247.0,123.0
253.0,-346.0,57.0,186.0,,-450.0,-699.0,1012.0,237.0,86.0
260.0,-415.0,-11.0,172.0,,250.0,-698.0,885.0,100.0,17.0
257.0,-460.0,5.0,242.0,,333.0,-788.0,903.0,214.0,-69.0
278.0,-114.0,57.0,233.0,,-51.0,-942.0,929.0,141.0,-80.0
307.0,62.0,73.0,239.0,,-622.0,-909.0,1082.0,31.0,-147.0
284.0,134.0,44.0,134.0,,-342.0,-730.0,1003.0,192.0,-162.0
259.0,-112.0,36.0,-65.0,,-338.0,-619.0,801.0,283.0,-121.0
216.0,410.0,112.0,-280.0,,-346.0,-585.0,687.0,225.0,-119.0
206.0,464.0,120.0,-512.0,,-407.0,-539.0,528.0,86.0,-188.0
235.0,-361.0,103.0,-654.0,,-1146.0,-463.0,631.0,280.0,-211.0
233.0,246.0,111.0,-629.0,,-860.0,-394.0,620.0,395.0,-194.0
259.0,977.0,116.0,-577.0,,-807.0,-381.0,654.0,271.0,-323.0
294.0,536.0,105.0,-551.0,,-635.0,-427.0,561.0,322.0,-407.0
334.0,217.0,54.0,-525.0,,34.0,-427.0,430.0,249.0,-388.0
315.0,301.0,52.0,-386.0,,-166.0,-402.0,482.0,185.0,-406.0
312.0,173.0,36.0,-136.0,,-235.0,-423.0,286.0,404.0,-392.0
358.0,414.0,6.0,38.0,,-305.0,-455.0,332.0,263.0,-234.0
321.0,848.0,0.0,179.0,,-163.0,-446.0,465.0,260.0,-11.0
248.0,746.0,-13.0,303.0,,-331.0,-416.0,709.0,634.0,134.0
234.0,561.0,21.0,425.0,,-870.0,-469.0,873.0,379.0,276.0
251.0,669.0,-2.0,470.0,,-759.0,-567.0,659.0,480.0,497.0
226.0,621.0,-42.0,401.0,,-852.0,-680.0,546.0,568.0,688.0
203.0,119.0,-4.0,313.0,,-493.0,-790.0,384.0,604.0,762.0
170.0,92.0,-35.0,225.0,,-381.0,-807.0,452.0,676.0,821.0
182.0,62.0,-36.0,120.0,,-987.0,-747.0,607.0,250.0,880.0
191.0,-306.0,-41.0,-15.0,,-767.0,-721.0,655.0,301.0,880.0
161.0,-322.0,-75.0,-145.0,,-491.0,-765.0,624.0,311.0,823.0
155.0,-292.0,-69.0,-201.0,,-276.0,-756.0,399.0,363.0,728.0
141.0,-275.0,-132.0,-315.0,,-239.0,-727.0,382.0,414.0,617.0
141.0,-425.0,-109.0,-474.0,,-751.0,-725.0,378.0,291.0,482.0
85.0,-544.0,-107.0,-446.0,,-843.0,-682.0,460.0,261.0,441.0
18.0,-363.0,-123.0,-347.0,,-603.0,-649.0,321.0,231.0,474.0
-18.0,245.0,-113.0,-252.0,,-86.0,-641.0,-145.0,143.0,449.0
-37.0,692.0,-98.0,-206.0,,70.0,-612.0,-328.0,-78.0,374.0
-34.0,414.0,-31.0,-132.0,,-321.0,-549.0,-439.0,-75.0,302.0
-59.0,466.0,-36.0,13.0,,-258.0,-531.0,-155.0,-301.0,261.0
-80.0,619.0,7.0,91.0,,-364.0,-559.0,254.0,-235.0,193.0
-103.0,208.0,26.0,22.0,,-277.0,-469.0,443.0,-11.0,110.0
-125.0,59.0,28.0,-162.0,,-69.0,-356.0,508.0,-179.0,28.0
-129.0,176.0,-14.0,-277.0,,-317.0,-336.0,299.0,41.0,-24.0
-86.0,179.0,-29.0,-349.0,,2.0,-330.0,158.0,253.0,-33.0
-50.0,157.0,30.0,-366.0,,73.0,-307.0,-149.0,103.0,-74.0
-38.0,-88.0,9.0,-334.0,,-339.0,-244.0,-293.0,5.0,-164.0
13.0,31.0,-6.0,-301.0,,-245.0,-275.0,-306.0,62.0,-237.0
28.0,-313.0,-20.0,-124.0,,-99.0,-377.0,-288.0,-46.0,-239.0
7.0,-719.0,-12.0,95.0,,-78.0,-409.0,24.0,-60.0,-232.0
3.0,-286.0,-41.0,272.0,,-166.0,-442.0,118.0,75.0,-180.0
35.0,-549.0,-87.0,548.0,,-247.0,-518.0,234.0,-52.0,-130.0
65.0,-682.0,-126.0,680.0,,108.0,-623.0,144.0,-330.0,-118.0
75.0,-331.0,-78.0,573.0,,290.0,-707.0,-25.0,-82.0,-78.0
101.0,435.0,-41.0,506.0,,229.0,-737.0,5.0,174.0,-3.0
142.0,501.0,-72.0,503.0,,30.0,-697.0,42.0,-22.0,50.0
183.0,335.0,-59.0,491.0,,-268.0,-658.0,186.0,319.0,2.0
195.0,701.0,-72.0,370.0,,-166.0,-647.0,109.0,370.0,20.0
201.0,-28.0,-40.0,32.0,,-363.0,-568.0,205.0,329.0,12.0
197.0,229.0,-55.0,-290.0,,-184.0,-444.0,315.0,543.0,-94.0
204.0,302.0,-41.0,-414.0,,359.0,-357.0,413.0,479.0,-132.0
174.0,-269.0,0.0,-431.0,,260.0,-317.0,698.0,158.0,-82.0
118.0,-42.0,22.0,-256.0,,386.0,-244.0,648.0,-40.0,-49.0
98.0,-178.0,40.0,-179.0,,223.0,-160.0,526.0,365.0,-33.0
83.0,178.0,59.0,-242.0,,-88.0,-28.0,203.0,117.0,101.0
62.0,505.0,136.0,-166.0,,-36.0,100.0,-175.0,-58.0,183.0
14.0,522.0,154.0,48.0,,-356.0,71.0,-556.0,38.0,217.0
-1.0,252.0,163.0,269.0,,-412.0,-15.0,-951.0,-95.0,259.0
-20.0,238.0,139.0,328.0,,-221.0,-111.0,-971.0,53.0,306.0
-47.0,671.0,130.0,332.0,,-304.0,-194.0,-925.0,-88.0,334.0
-42.0,47.0,70.0,304.0,,-233.0,-283.0,-452.0,-39.0,281.0
-35.0,13.0,-23.0,318.0,,29.0,-347.0,70.0,-3.0,229.0
-15.0,162.0,-72.0,231.0,,269.0,-308.0,384.0,-90.0,135.0
13.0,-59.0,-154.0,21.0,,283.0,-278.0,487.0,91.0,71.0
26.0,344.0,-137.0,-112.0,,401.0,-321.0,129.0,361.0,-9.0
22.0,84.0,-121.0,-202.0,,677.0,-329.0,133.0,596.0,-121.0
20.0,-67.0,-174.0,-307.0,,252.0,-225.0,164.0,466.0,-140.0
19.0,0.0,-158.0,-403.0,,-91.0,-120.0,253.0,343.0,-148.0
39.0,-146.0,-111.0,-440.0,,50.0,-54.0,365.0,367.0,-188.0
56.0,58.0,-95.0,-474.0,,-214.0,-77.0,133.0,572.0,-134.0
62.0,393.0,-34.0,-535.0,,-187.0,-197.0,-83.0,696.0,-81.0
48.0,528.0,9.0,-694.0,,-142.0,-261.0,-436.0,429.0,-134.0
37.0,99.0,59.0,-733.0,,-284.0,-248.0,-476.0,355.0,-66.0
38.0,-55.0,112.0,-578.0,,-47.0,-177.0,-448.0,308.0,3.0
33.0,81.0,134.0,-344.0,,-92.0,-145.0,-428.0,408.0,-10.0
8.0,-88.0,190.0,-96.0,,96.0,-173.0,-169.0,538.0,-48.0
-24.0,-217.0,196.0,62.0,,390.0,-169.0,-46.0,252.0,-63.0
-41.0,-179.0,162.0,174.0,,180.0,-196.0,110.0,273.0,-65.0
-51.0,34.0,136.0,340.0,,-24.0,-224.0,-3.0,192.0,-206.0
-72.0,212.0,142.0,543.0,,-90.0,-154.0,-151.0,138.0,-270.0
-108.0,-83.0,121.0,535.0,,148.0,-104.0,-304.0,337.0,-324.0
-97.0,-251.0,95.0,325.0,,-4.0,-136.0,-519.0,-133.0,-455.0
-90.0,19.0,44.0,-20.0,,-212.0,-127.0,-528.0,-340.0,-454.0
-122.0,-99.0,-23.0,-324.0,,314.0,-119.0,-428.0,-78.0,-432.0
-148.0,-344.0,-47.0,-396.0,,419.0,-158.0,-88.0,29.0,-505.0
-136.0,-441.0,-47.0,-448.0,,304.0,-230.0,-97.0,68.0,-592.0
-106.0,-173.0,-29.0,-474.0,,187.0,-319.0,-168.0,-18.0,-542.0
-98.0,149.0,-49.0,-507.0,,1.0,-344.0,-245.0,81.0,-513.0
-81.0,442.0,-50.0,-609.0,,301.0,-427.0,-474.0,262.0,-667.0
-60.0,909.0,-37.0,-553.0,,143.0,-550.0,-269.0,439.0,-716.0
-39.0,391.0,-51.0,-474.0,,165.0,-540.0,-158.0,269.0,-627.0
-36.0,231.0,13.0,-474.0,,675.0,-437.0,-158.0,-20.0,-657.0
-4.0,195.0,52.0,-256.0,,463.0,-320.0,-389.0,-124.0,-736.0
74.0,-289.0,41.0,27.0,,123.0,-183.0,-635.0,-437.0,-738.0
138.0,-328.0,45.0,244.0,,10.0,-76.0,-696.0,-113.0,-729.0
162.0,-879.0,-3.0,325.0,,374.0,-31.0,-894.0,155.0,-749.0
176.0,-644.0,15.0,170.0,,697.0,29.0,-726.0,-89.0,-756.0
176.0,-263.0,-5.0,121.0,,204.0,120.0,-515.0,-40.0,-716.0
152.0,-380.0,0.0,77.0,,-149.0,159.0,-341.0,-145.0,-725.0
124.0,-256.0,51.0,-100.0,,-167.0,90.0,-336.0,92.0,-721.0
68.0,-81.0,73.0,-266.0,,251.0,13.0,-511.0,117.0,-657.0
2.0,228.0,163.0,-401.0,,649.0,-54.0,-489.0,-83.0,-629.0
-51.0,193.0,174.0,-514.0,,229.0,-177.0,-692.0,-20.0,-658.0
-76.0,450.0,214.0,-570.0,,20.0,-272.0,-759.0,-352.0,-733.0
-86.0,393.0,226.0,-505.0,,-70.0,-340.0,-589.0,-69.0,-721.0
-114.0,121.0,240.0,-461.0,,-210.0,-412.0,-232.0,160.0,-661.0
-129.0,36.0,276.0,-393.0,,142.0,-428.0,179.0,-182.0,-624.0
-114.0,144.0,264.0,-295.0,,108.0,-358.0,306.0,-408.0,-609.0
-84.0,324.0,277.0,-240.0,,-93.0,-305.0,299.0,-495.0,-594.0
-67.0,77.0,249.0,-230.0,,-118.0,-266.0,-48.0,-63.0,-569.0
-62.0,-113.0,239.0,-385.0,,-397.0,-155.0,-345.0,117.0,-571.0
-53.0,37.0,240.0,-501.0,,-603.0,-76.0,-713.0,-366.0,-566.0
-36.0,617.0,269.0,-482.0,,-742.0,-24.0,-1047.0,-454.0,-647.0
-31.0,224.0,189.0,-384.0,,-212.0,46.0,-1064.0,117.0,-729.0
-36.0,-362.0,73.0,-359.0,,617.0,148.0,-1191.0,286.0,-674.0
-34.0,-587.0,78.0,-584.0,,573.0,220.0,-885.0,479.0,-581.0
-29.0,-658.0,11.0,-679.0,,231.0,191.0,-535.0,610.0,-535.0
-23.0,-116.0,-16.0,-570.0,,-301.0,142.0,-269.0,-95.0,-441.0
-18.0,-56.0,-41.0,-527.0,,-301.0,24.0,-36.0,-91.0,-280.0
3.0,-68.0,-80.0,-519.0,,304.0,-104.0,-203.0,733.0,-141.0
32.0,25.0,-50.0,-521.0,,66.0,-168.0,-323.0,844.0,-96.0
63.0,335.0,-40.0,-529.0,,-123.0,-186.0,-692.0,55.0,-91.0
72.0,347.0,-11.0,-539.0,,73.0,-174.0,-796.0,-267.0,-32.0
65.0,0.0,-36.0,-578.0,,166.0,-221.0,-628.0,165.0,-47.0
77.0,265.0,-32.0,-648.0,,690.0,-233.0,-487.0,236.0,-33.0
76.0,425.0,-51.0,-650.0,,628.0,-191.0,-280.0,-26.0,2.0
35.0,279.0,-64.0,-677.0,,152.0,-205.0,-419.0,-360.0,-80.0
-24.0,115.0,4.0,-774.0,,401.0,-183.0,-530.0,-363.0,-197.0
-48.0,-38.0,-18.0,-764.0,,131.0,-76.0,-746.0,-279.0,-183.0
-46.0,-204.0,-33.0,-665.0,,-413.0,-28.0,-844.0,-356.0,-172.0
-45.0,-49.0,-43.0,-498.0,,-542.0,-41.0,-992.0,-307.0,-359.0
-53.0,41.0,-2.0,-342.0,,-287.0,-21.0,-1223.0,-583.0,-490.0
-7.0,-287.0,52.0,-303.0,,478.0,-10.0,-1069.0,-741.0,-521.0
23.0,-550.0,11.0,-294.0,,360.0,-47.0,-1014.0,-516.0,-604.0
8.0,-788.0,1.0,-192.0,,-93.0,-82.0,-794.0,-161.0,-695.0
-8.0,-571.0,-15.0,-83.0,,-177.0,-137.0,-681.0,-373.0,-563.0
-26.0,-146.0,-80.0,-5.0,,-196.0,-205.0,-521.0,-1080.0,-450.0
-9.0,167.0,-125.0,171.0,,162.0,-187.0,-232.0,-767.0,-511.0
-53.0,353.0,-143.0,275.0,,263.0,-154.0,-225.0,-34.0,-449.0
-110.0,155.0,-160.0,263.0,,279.0,-76.0,-138.0,-56.0,-328.0
-137.0,194.0,-182.0,292.0,,210.0,71.0,-299.0,-256.0,-354.0
-149.0,515.0,-223.0,193.0,,-98.0,139.0,-269.0,-278.0,-480.0
-171.0,699.0,-249.0,42.0,,-285.0,112.0,-232.0,33.0,-422.0
-160.0,608.0,-219.0,-145.0,,-404.0,96.0,-428.0,392.0,-432.0
-101.0,760.0,-243.0,-348.0,,-214.0,102.0,-452.0,247.0,-615.0
-86.0,1275.0,-266.0,-403.0,,142.0,81.0,-563.0,291.0,-672.0
-59.0,1034.0,-221.0,-454.0,,213.0,148.0,-389.0,118.0,-653.0
-23.0,614.0,-236.0,-458.0,,62.0,213.0,-173.0,-273.0,-725.0
4.0,475.0,-176.0,-463.0,,86.0,146.0,16.0,147.0,-878.0
5.0,52.0,-138.0,-415.0,,83.0,30.0,33.0,618.0,-883.0
20.0,328.0,-106.0,-285.0,,173.0,-63.0,-291.0,81.0,-886.0
56.0,641.0,-44.0,-200.0,,501.0,-60.0,-559.0,-503.0,-1037.0
102.0,76.0,-73.0,-115.0,,459.0,50.0,-829.0,-124.0,-1076.0
148.0,-323.0,-28.0,-93.0,,-97.0,202.0,-657.0,242.0,-1012.0
138.0,-431.0,0.0,-83.0,,-392.0,289.0,-373.0,-174.0,-1036.0
152.0,-610.0,61.0,-48.0,,64.0,306.0,-214.0,-561.0,-1047.0
170.0,-843.0,76.0,-80.0,,243.0,328.0,-158.0,-530.0,-928.0
160.0,-1124.0,37.0,-156.0,,359.0,405.0,-517.0,-576.0,-796.0
128.0,-1201.0,58.0,-162.0,,564.0,481.0,-794.0,-318.0,-802.0
99.0,-993.0,72.0,-190.0,,129.0,443.0,-1055.0,-407.0,-831.0
89.0,-913.0,119.0,-306.0,,-210.0,325.0,-1079.0,-542.0,-682.0
43.0,-708.0,107.0,-494.0,,-407.0,241.0,-896.0,-602.0,-568.0
-18.0,-633.0,109.0,-682.0,,-189.0,204.0,-661.0,-693.0,-572.0
-38.0,-188.0,106.0,-743.0,,530.0,82.0,-245.0,-300.0,-527.0
-24.0,771.0,73.0,-795.0,,697.0,-84.0,-48.0,-201.0,-481.0
-24.0,828.0,71.0,-725.0,,182.0,-105.0,262.0,108.0,-491.0
-40.0,657.0,72.0,-552.0,,-281.0,-50.0,319.0,-231.0,-508.0
-54.0,561.0,49.0,-437.0,,-187.0,-46.0,36.0,-8.0,-408.0
-41.0,350.0,1.0,-115.0,,-60.0,-58.0,-351.0,707.0,-368.0
-26.0,305.0,-13.0,200.0,,-335.0,-25.0,-866.0,169.0,-443.0
-20.0,239.0,-32.0,339.0,,-389.0,8.0,-892.0,302.0,-348.0
2.0,512.0,-66.0,493.0,,-276.0,-8.0,-788.0,99.0,-233.0
18.0,701.0,-136.0,465.0,,-689.0,25.0,-587.0,-234.0,-284.0
22.0,190.0,-148.0,385.0,,-492.0,77.0,-408.0,376.0,-336.0
4.0,-5.0,-137.0,312.0,,-54.0,98.0,-434.0,434.0,-213.0
-3.0,-193.0,-175.0,14.0,,-363.0,165.0,-343.0,180.0,-138.0
-36.0,-669.0,-196.0,-341.0,,-131.0,210.0,-325.0,-190.0,-184.0
-102.0,-141.0,-211.0,-485.0,,-295.0,177.0,-175.0,-424.0,-153.0
-128.0,-9.0,-186.0,-398.0,,-1089.0,155.0,-166.0,51.0,-182.0
-157.0,-306.0,-201.0,-342.0,,-899.0,199.0,-232.0,75.0,-243.0
-163.0,-23.0,-239.0,-402.0,,-285.0,304.0,-275.0,-89.0,-295.0
-228.0,-260.0,-245.0,-442.0,,-85.0,439.0,-419.0,74.0,-395.0
-314.0,-350.0,-198.0,-482.0,,48.0,555.0,-325.0,-116.0,-545.0
-330.0,-104.0,-170.0,-425.0,,346.0,625.0,-369.0,133.0,-696.0
-354.0,92.0,-217.0,-283.0,,248.0,604.0,-463.0,460.0,-737.0
-395.0,354.0,-174.0,-192.0,,81.0,558.0,-630.0,309.0,-719.0
-433.0,267.0,-136.0,-141.0,,169.0,504.0,-622.0,76.0,-715.0
-405.0,-131.0,-164.0,-132.0,,-101.0,425.0,-327.0,-135.0,-619.0
-366.0,-455.0,-183.0,-128.0,,-235.0,364.0,-253.0,341.0,-470.0
-355.0,-49.0,-186.0,-102.0,,-105.0,345.0,35.0,625.0,-400.0
-348.0,-126.0,-165.0,0.0,,-198.0,374.0,304.0,183.0,-222.0
-299.0,-478.0,-163.0,80.0,,-243.0,371.0,458.0,144.0,-41.0
-226.0,60.0,-157.0,157.0,,-352.0,406.0,384.0,485.0,-44.0
-224.0,-122.0,-144.0,237.0,,-369.0,475.0,53.0,883.0,-93.0
-193.0,-205.0,-171.0,227.0,,-66.0,478.0,-51.0,723.0,-63.0
-92.0,52.0,-196.0,204.0,,-210.0,462.0,-275.0,248.0,4.0
13.0,-15.0,-229.0,144.0,,-496.0,409.0,-376.0,367.0,-59.0
33.0,488.0,-253.0,79.0,,-346.0,342.0,-487.0,519.0,-177.0
34.0,525.0,-265.0,-60.0,,-256.0,277.0,-659.0,401.0,-202.0
91.0,149.0,-334.0,-174.0,,-164.0,235.0,-593.0,262.0,-166.0
114.0,-113.0,-303.0,-152.0,,-361.0,263.0,-482.0,38.0,-194.0
94.0,-267.0,-263.0,-63.0,,-575.0,238.0,-214.0,-345.0,-261.0
63.0,-453.0,-257.0,83.0,,-388.0,180.0,-36.0,-417.0,-269.0
89.0,-913.0,-241.0,148.0,,-726.0,275.0,242.0,-174.0,-318.0
88.0,-577.0,-231.0,51.0,,-908.0,387.0,430.0,-80.0,-405.0
39.0,-587.0,-168.0,-100.0,,-557.0,436.0,384.0,-662.0,-353.0
54.0,-1091.0,-162.0,-159.0,,-261.0,523.0,432.0,-1084.0,-302.0
76.0,-479.0,-167.0,-262.0,,93.0,631.0,271.0,-487.0,-354.0
67.0,94.0,-137.0,-444.0,,-54.0,756.0,212.0,-468.0,-332.0
18.0,108.0,-51.0,-415.0,,-362.0,836.0,131.0,-806.0,-250.0
-16.0,185.0,-16.0,-287.0,,-427.0,839.0,81.0,-765.0,-226.0
-18.0,400.0,-75.0,-286.0,,-699.0,802.0,192.0,-608.0,-269.0
-54.0,243.0,-77.0,-293.0,,-493.0,756.0,149.0,-324.0,-205.0
-127.0,34.0,-81.0,-306.0,,-254.0,698.0,138.0,-165.0,-97.0
-174.0,587.0,-146.0,-280.0,,-662.0,585.0,-40.0,154.0,-67.0
-191.0,614.0,-232.0,-110.0,,-325.0,492.0,-49.0,-31.0,-30.0
-212.0,101.0,-297.0,99.0,,-124.0,414.0,-27.0,-541.0,35.0
-230.0,-39.0,-315.0,276.0,,-668.0,341.0,-64.0,-60.0,21.0
-208.0,-46.0,-374.0,494.0,,-420.0,326.0,186.0,418.0,-112.0
-166.0,136.0,-483.0,587.0,,-160.0,378.0,232.0,43.0,-173.0
-153.0,51.0,-536.0,414.0,,-265.0,455.0,264.0,-366.0,-217.0
-131.0,127.0,-562.0,285.0,,-344.0,527.0,145.0,-201.0,-270.0
-129.0,77.0,-566.0,303.0,,-454.0,593.0,-68.0,192.0,-288.0
-107.0,-315.0,-596.0,262.0,,-398.0,562.0,-157.0,-125.0,-291.0
-95.0,-284.0,-565.0,-6.0,,-448.0,571.0,-166.0,-237.0,-225.0
-130.0,-673.0,-540.0,-238.0,,-566.0,642.0,157.0,177.0,-196.0
-113.0,-407.0,-565.0,-293.0,,-747.0,676.0,352.0,-123.0,-220.0
-105.0,245.0,-494.0,-300.0,,-786.0,709.0,439.0,-452.0,-141.0
-102.0,22.0,-457.0,-138.0,,-400.0,681.0,395.0,-121.0,38.0
-115.0,372.0,-383.0,55.0,,-281.0,604.0,327.0,51.0,85.0
-98.0,568.0,-369.0,135.0,,-477.0,500.0,386.0,-96.0,77.0
-52.0,314.0,-387.0,159.0,,-28.0,502.0,412.0,-127.0,153.0
-58.0,166.0,-320.0,123.0,,237.0,518.0,609.0,-167.0,167.0
-77.0,-29.0,-341.0,104.0,,227.0,420.0,563.0,-185.0,97.0
-80.0,95.0,-361.0,169.0,,713.0,381.0,423.0,-442.0,56.0
-74.0,-32.0,-338.0,235.0,,141.0,328.0,358.0,-339.0,120.0
-96.0,-277.0,-298.0,172.0,,-550.0,225.0,293.0,-36.0,128.0
-109.0,-510.0,-303.0,86.0,,-216.0,139.0,347.0,-596.0,136.0
-132.0,-89.0,-361.0,88.0,,-93.0,114.0,275.0,-616.0,219.0
-159.0,314.0,-416.0,51.0,,-269.0,154.0,312.0,-60.0,257.0
-192.0,-169.0,-403.0,-92.0,,-807.0,163.0,155.0,-231.0,275.0
-173.0,91.0,-431.0,-169.0,,-869.0,167.0,-72.0,-479.0,272.0
-122.0,451.0,-484.0,0.0,,-237.0,145.0,-88.0,-379.0,253.0
-82.0,519.0,-442.0,161.0,,212.0,148.0,-88.0,-198.0,221.0
-46.0,349.0,-440.0,138.0,,129.0,203.0,247.0,-49.0,220.0
-95.0,170.0,-415.0,110.0,,-132.0,196.0,437.0,-163.0,152.0
-47.0,282.0,-418.0,255.0,,254.0,193.0,633.0,-88.0,69.0
-56.0,-48.0,-396.0,519.0,,380.0,221.0,866.0,79.0,117.0
-85.0,-200.0,-326.0,702.0,,-27.0,236.0,812.0,-132.0,165.0
-44.0,-76.0,-255.0,696.0,,-335.0,263.0,750.0,133.0,121.0
-20.0,-237.0,-195.0,674.0,,-281.0,280.0,382.0,587.0,135.0
38.0,-983.0,-189.0,761.0,,-22.0,331.0,20.0,372.0,240.0
-12.0,-749.0,-90.0,660.0,,-237.0,426.0,-284.0,-80.0,205.0
-5.0,236.0,-23.0,478.0,,-83.0,497.0,-386.0,189.0,192.0
-14.0,-156.0,-86.0,463.0,,498.0,544.0,-129.0,873.0,253.0
-60.0,-326.0,-138.0,485.0,,310.0,539.0,192.0,276.0,295.0
-86.0,400.0,-162.0,422.0,,308.0,458.0,593.0,-437.0,308.0
-101.0,794.0,-200.0,349.0,,855.0,323.0,646.0,-278.0,316.0
-81.0,567.0,-187.0,286.0,,622.0,215.0,563.0,-102.0,363.0
-131.0,292.0,-215.0,116.0,,423.0,157.0,426.0,146.0,305.0
-188.0,691.0,-262.0,-38.0,,547.0,87.0,376.0,-56.0,310.0
-248.0,704.0,-347.0,-167.0,,214.0,45.0,585.0,-230.0,404.0
-254.0,274.0,-389.0,-270.0,,542.0,59.0,763.0,-269.0,421.0
-267.0,436.0,-340.0,-262.0,,1233.0,79.0,1034.0,-355.0,336.0
-281.0,243.0,-363.0,-236.0,,751.0,130.0,982.0,310.0,283.0
-286.0,-204.0,-366.0,-186.0,,388.0,196.0,757.0,504.0,301.0
-233.0,-33.0,-403.0,-238.0,,613.0,256.0,461.0,-351.0,272.0
-187.0,252.0,-362.0,-356.0,,-208.0,305.0,188.0,-394.0,224.0
-162.0,808.0,-353.0,-267.0,,-634.0,257.0,164.0,63.0,113.0
-92.0,703.0,-431.0,-33.0,,532.0,218.0,-35.0,-146.0,86.0
-50.0,-322.0,-414.0,260.0,,957.0,192.0,-22.0,-379.0,130.0
9.0,29.0,-443.0,534.0,,94.0,120.0,-55.0,-572.0,115.0
13.0,304.0,-466.0,685.0,,225.0,141.0,-110.0,-532.0,100.0
40.0,-1121.0,-431.0,700.0,,567.0,188.0,-7.0,-410.0,133.0
72.0,-1549.0,-384.0,693.0,,112.0,199.0,46.0,-141.0,184.0
118.0,-1218.0,-328.0,750.0,,676.0,221.0,521.0,62.0,196.0
173.0,-1118.0,-315.0,743.0,,813.0,220.0,818.0,-303.0,256.0
199.0,-553.0,-318.0,677.0,,83.0,124.0,800.0,-478.0,293.0
212.0,-369.0,-196.0,619.0,,567.0,21.0,600.0,-84.0,276.0
169.0,-305.0,-84.0,567.0,,798.0,-40.0,242.0,439.0,305.0
127.0,220.0,-15.0,532.0,,357.0,-168.0,79.0,-2.0,421.0
108.0,618.0,-29.0,418.0,,560.0,-320.0,-144.0,-282.0,467.0
119.0,573.0,-50.0,281.0,,701.0,-437.0,-123.0,117.0,391.0
114.0,826.0,5.0,207.0,,393.0,-510.0,-120.0,533.0,458.0
130.0,848.0,-24.0,217.0,,-101.0,-549.0,-131.0,549.0,546.0
154.0,589.0,17.0,325.0,,175.0,-522.0,84.0,0.0,541.0
175.0,598.0,41.0,411.0,,778.0,-403.0,171.0,-149.0,522.0
143.0,193.0,45.0,571.0,,319.0,-297.0,367.0,-337.0,563.0
125.0,-282.0,9.0,647.0,,304.0,-225.0,393.0,7.0,597.0
165.0,-468.0,-33.0,494.0,,323.0,-162.0,482.0,366.0,550.0
178.0,-154.0,12.0,396.0,,-105.0,-54.0,683.0,5.0,592.0
179.0,-421.0,0.0,361.0,,468.0,49.0,809.0,-253.0,558.0
159.0,-390.0,-8.0,370.0,,642.0,116.0,903.0,-188.0,460.0
196.0,-189.0,-31.0,287.0,,350.0,176.0,556.0,368.0,476.0
230.0,-599.0,13.0,145.0,,302.0,138.0,218.0,537.0,502.0
226.0,118.0,40.0,18.0,,95.0,56.0,-205.0,109.0,430.0
221.0,336.0,-17.0,-131.0,,210.0,-30.0,-456.0,-325.0,259.0
219.0,-71.0,-71.0,-121.0,,1.0,-140.0,-404.0,-268.0,276.0
189.0,430.0,-100.0,-34.0,,20.0,-281.0,-400.0,148.0,327.0
143.0,1037.0,-86.0,165.0,,281.0,-394.0,1.0,342.0,209.0
107.0,698.0,-146.0,316.0,,-149.0,-375.0,336.0,-39.0,178.0
69.0,714.0,-178.0,321.0,,241.0,-349.0,511.0,-451.0,227.0
12.0,751.0,-109.0,420.0,,405.0,-353.0,448.0,-148.0,215.0
-60.0,569.0,-116.0,584.0,,-195.0,-321.0,284.0,201.0,190.0
-77.0,671.0,-175.0,727.0,,-110.0,-280.0,386.0,124.0,226.0
-100.0,327.0,-152.0,771.0,,22.0,-232.0,400.0,-145.0,229.0
-141.0,729.0,-98.0,766.0,,158.0,-139.0,552.0,-489.0,199.0
-206.0,272.0,-120.0,746.0,,-36.0,-67.0,493.0,-408.0,231.0
-236.0,-181.0,-191.0,732.0,,14.0,-3.0,339.0,207.0,318.0
-245.0,-75.0,-163.0,685.0,,439.0,67.0,245.0,295.0,294.0
-270.0,-441.0,-134.0,560.0,,110.0,67.0,-16.0,-87.0,288.0
-287.0,-923.0,-173.0,402.0,,186.0,35.0,-94.0,-252.0,411.0
-310.0,-1558.0,-207.0,260.0,,112.0,-73.0,-249.0,-178.0,419.0
-290.0,-1019.0,-214.0,107.0,,-442.0,-199.0,-273.0,268.0,366.0
-286.0,-997.0,-173.0,-66.0,,74.0,-239.0,-230.0,219.0,375.0
-282.0,-1129.0,-172.0,-142.0,,113.0,-229.0,-184.0,-281.0,396.0
-253.0,-970.0,-174.0,-131.0,,-387.0,-199.0,55.0,-125.0,318.0
-214.0,-842.0,-76.0,0.0,,-10.0,-200.0,328.0,33.0,340.0
-185.0,-298.0,-65.0,98.0,,-226.0,-255.0,766.0,276.0,338.0
-186.0,-462.0,-86.0,110.0,,-296.0,-306.0,923.0,287.0,181.0
-158.0,-533.0,-22.0,144.0,,170.0,-269.0,940.0,-24.0,177.0
-74.0,-11.0,-29.0,186.0,,196.0,-264.0,838.0,-109.0,306.0
-46.0,382.0,-8.0,324.0,,216.0,-325.0,574.0,-180.0,379.0
-68.0,384.0,-8.0,453.0,,-206.0,-339.0,500.0,196.0,317.0
-58.0,554.0,-35.0,494.0,,-99.0,-349.0,245.0,112.0,358.0
-66.0,467.0,0.0,493.0,,172.0,-356.0,83.0,-53.0,511.0
-57.0,56.0,-1.0,536.0,,169.0,-320.0,-138.0,-253.0,617.0
-81.0,80.0,-55.0,688.0,,526.0,-247.0,-502.0,-115.0,557.0
-98.0,441.0,-54.0,752.0,,102.0,-189.0,-724.0,374.0,455.0
-84.0,21.0,16.0,592.0,,52.0,-102.0,-907.0,87.0,453.0
-102.0,-830.0,2.0,348.0,,437.0,-12.0,-831.0,199.0,385.0
-121.0,-610.0,-40.0,179.0,,147.0,-71.0,-790.0,-206.0,348.0
-151.0,-341.0,-4.0,101.0,,181.0,-109.0,-565.0,-155.0,319.0
-136.0,-491.0,50.0,-11.0,,287.0,-71.0,-232.0,924.0,194.0
-109.0,-629.0,86.0,-96.0,,67.0,7.0,92.0,704.0,74.0
-147.0,-249.0,131.0,-155.0,,-77.0,179.0,604.0,90.0,146.0
-176.0,520.0,195.0,-248.0,,-359.0,257.0,877.0,77.0,255.0
-161.0,612.0,288.0,-244.0,,-336.0,249.0,1045.0,190.0,153.0
-163.0,384.0,288.0,-191.0,,-39.0,216.0,798.0,414.0,130.0
-177.0,893.0,247.0,-75.0,,-229.0,195.0,417.0,367.0,280.0
-157.0,1434.0,288.0,61.0,,-179.0,174.0,109.0,-167.0,313.0
-117.0,1240.0,263.0,-8.0,,68.0,99.0,-371.0,-577.0,220.0
-111.0,987.0,228.0,-124.0,,205.0,63.0,-609.0,-352.0,174.0
-103.0,577.0,175.0,-216.0,,256.0,-3.0,-848.0,-48.0,142.0
-93.0,416.0,149.0,-228.0,,-39.0,-90.0,-757.0,-81.0,31.0
-45.0,98.0,134.0,-17.0,,-48.0,-179.0,-487.0,-90.0,-9.0
-50.0,-402.0,23.0,26.0,,-64.0,-271.0,-243.0,-609.0,-9.0
-90.0,-272.0,3.0,-94.0,,-465.0,-313.0,101.0,-387.0,-123.0
-44.0,-443.0,6.0,-169.0,,-596.0,-347.0,151.0,315.0,-188.0
-40.0,-589.0,-9.0,-206.0,,-22.0,-339.0,249.0,180.0,-78.0
-31.0,-154.0,-70.0,-140.0,,463.0,-316.0,262.0,12.0,48.0
-86.0,-171.0,-152.0,-51.0,,37.0,-258.0,208.0,-355.0,-24.0
-94.0,-986.0,-138.0,-11.0,,-136.0,-134.0,-22.0,67.0,-35.0
-53.0,-928.0,-118.0,-90.0,,-131.0,-20.0,-413.0,483.0,98.0
-68.0,-431.0,-149.0,-215.0,,-579.0,-38.0,-511.0,-132.0,81.0
-124.0,-481.0,-174.0,-255.0,,-297.0,-89.0,-585.0,-290.0,46.0
-161.0,-357.0,-110.0,-169.0,,-98.0,-63.0,-336.0,-149.0,104.0
-136.0,-612.0,-127.0,-86.0,,-194.0,-60.0,-155.0,-65.0,101.0
-198.0,-281.0,-161.0,74.0,,275.0,-3.0,-179.0,394.0,105.0
-169.0,-151.0,-118.0,286.0,,296.0,51.0,-181.0,348.0,161.0
-145.0,-627.0,-80.0,371.0,,55.0,56.0,-277.0,-61.0,160.0
-83.0,20.0,-39.0,337.0,,-316.0,39.0,3.0,130.0,55.0
-68.0,362.0,-28.0,184.0,,-427.0,23.0,219.0,4.0,-28.0
-117.0,115.0,0.0,192.0,,10.0,-10.0,279.0,213.0,49.0
-92.0,199.0,87.0,332.0,,-283.0,-52.0,96.0,425.0,65.0
-140.0,309.0,118.0,318.0,,-598.0,0.0,-360.0,-64.0,4.0
-157.0,-81.0,79.0,67.0,,-411.0,90.0,-606.0,-91.0,4.0
-171.0,-147.0,150.0,-172.0,,-473.0,114.0,-788.0,144.0,108.0
-103.0,151.0,195.0,-170.0,,-519.0,51.0,-715.0,378.0,170.0
-86.0,544.0,159.0,-101.0,,-736.0,58.0,-679.0,244.0,104.0
-56.0,418.0,116.0,-81.0,,-495.0,111.0,-642.0,-193.0,182.0
-17.0,-186.0,89.0,-69.0,,595.0,119.0,-434.0,-390.0,256.0
-23.0,290.0,133.0,51.0,,498.0,37.0,-253.0,-103.0,213.0
-23.0,88.0,127.0,78.0,,-193.0,-74.0,79.0,177.0,161.0
-117.0,-168.0,91.0,-20.0,,25.0,-106.0,144.0,173.0,156.0
-139.0,-105.0,92.0,12.0,,118.0,-160.0,203.0,-199.0,97.0
-176.0,-12.0,81.0,108.0,,54.0,-165.0,297.0,-434.0,93.0
-211.0,108.0,31.0,189.0,,-220.0,-166.0,315.0,103.0,274.0
-243.0,-506.0,-1.0,218.0,,-914.0,-163.0,356.0,46.0,298.0
-243.0,-323.0,28.0,217.0,,-832.0,-50.0,83.0,8.0,190.0
-164.0,-242.0,48.0,136.0,,-378.0,51.0,-29.0,88.0,205.0
-108.0,-9.0,25.0,0.0,,-458.0,73.0,-227.0,-121.0,331.0
-129.0,312.0,42.0,-106.0,,-33.0,60.0,-491.0,161.0,255.0
-140.0,751.0,104.0,-184.0,,448.0,62.0,-624.0,261.0,38.0
-105.0,801.0,145.0,-193.0,,152.0,29.0,-851.0,326.0,0.0
-80.0,-265.0,168.0,-207.0,,-35.0,16.0,-903.0,135.0,-14.0
-45.0,-154.0,219.0,-221.0,,312.0,31.0,-1029.0,173.0,-149.0
-53.0,-206.0,293.0,-266.0,,642.0,-11.0,-918.0,524.0,-178.0
-11.0,-426.0,327.0,-238.0,,344.0,-43.0,-665.0,459.0,-102.0
-6.0,-82.0,327.0,-124.0,,39.0,-98.0,-415.0,464.0,-196.0
-56.0,-226.0,370.0,-94.0,,-129.0,-192.0,-73.0,278.0,-233.0
-88.0,-507.0,403.0,-60.0,,-306.0,-208.0,70.0,255.0,-83.0
-73.0,-701.0,402.0,-3.0,,-146.0,-211.0,308.0,274.0,-52.0
-87.0,-569.0,371.0,114.0,,-228.0,-237.0,354.0,414.0,-179.0
-137.0,-652.0,310.0,134.0,,-515.0,-205.0,402.0,526.0,-249.0
-142.0,-317.0,304.0,29.0,,-356.0,-166.0,482.0,-140.0,-222.0
-156.0,24.0,248.0,60.0,,-30.0,-122.0,386.0,-441.0,-216.0
-153.0,306.0,190.0,161.0,,-59.0,-95.0,356.0,-180.0,-291.0
-213.0,709.0,157.0,212.0,,-35.0,-67.0,-1.0,-196.0,-340.0
-224.0,94.0,106.0,134.0,,219.0,-25.0,-214.0,-363.0,-351.0
-231.0,96.0,70.0,-91.0,,129.0,-49.0,-303.0,-410.0,-403.0
-265.0,85.0,-1.0,-275.0,,63.0,-66.0,-367.0,-596.0,-416.0
-273.0,269.0,25.0,-316.0,,244.0,-82.0,-236.0,-259.0,-445.0
-215.0,871.0,79.0,-300.0,,-102.0,-136.0,-256.0,-53.0,-455.0
-138.0,594.0,87.0,-294.0,,-154.0,-193.0,-107.0,-325.0,-438.0
-150.0,600.0,129.0,-374.0,,191.0,-204.0,-49.0,-7.0,-347.0
-112.0,852.0,179.0,-463.0,,-242.0,-195.0,59.0,-185.0,-155.0
-58.0,950.0,225.0,-394.0,,-317.0,-193.0,210.0,-71.0,-134.0
1.0,249.0,235.0,-276.0,,104.0,-130.0,49.0,487.0,-118.0
-36.0,-305.0,281.0,-200.0,,-121.0,-84.0,-81.0,464.0,59.0
-48.0,-15.0,297.0,-119.0,,-202.0,-5.0,-290.0,386.0,187.0
47.0,-183.0,320.0,-17.0,,185.0,113.0,-291.0,168.0,194.0
92.0,-243.0,352.0,29.0,,267.0,176.0,-208.0,500.0,212.0
65.0,-34.0,350.0,-23.0,,468.0,211.0,-90.0,829.0,286.0
0.0,-648.0,352.0,-142.0,,258.0,211.0,186.0,501.0,307.0
25.0,-745.0,304.0,-254.0,,-566.0,224.0,447.0,290.0,346.0
75.0,-630.0,225.0,-221.0,,-203.0,205.0,781.0,221.0,364.0
45.0,-678.0,139.0,-123.0,,235.0,112.0,681.0,398.0,297.0
-20.0,-93.0,163.0,-55.0,,-229.0,34.0,365.0,481.0,249.0
45.0,-133.0,147.0,-138.0,,119.0,-60.0,42.0,49.0,267.0
95.0,391.0,66.0,-149.0,,569.0,-144.0,-155.0,-304.0,252.0
62.0,432.0,79.0,-13.0,,52.0,-100.0,-5.0,-273.0,160.0
62.0,165.0,88.0,-126.0,,136.0,-15.0,-134.0,-382.0,136.0
136.0,642.0,107.0,-378.0,,368.0,89.0,-334.0,-436.0,133.0
248.0,391.0,109.0,-591.0,,358.0,198.0,-497.0,-181.0,102.0
204.0,515.0,111.0,-626.0,,635.0,213.0,-487.0,-323.0,56.0
177.0,531.0,124.0,-604.0,,-124.0,196.0,-166.0,-497.0,74.0
205.0,-106.0,135.0,-626.0,,-762.0,153.0,114.0,-135.0,92.0
223.0,-706.0,137.0,-606.0,,-597.0,50.0,347.0,-30.0,29.0
183.0,-79.0,124.0,-654.0,,-401.0,-24.0,194.0,-270.0,58.0
157.0,-2.0,143.0,-639.0,,25.0,-67.0,-48.0,-146.0,76.0
220.0,-810.0,161.0,-615.0,,-185.0,-107.0,-199.0,-143.0,26.0
254.0,230.0,134.0,-633.0,,-793.0,-52.0,-247.0,-315.0,-7.0
252.0,841.0,125.0,-574.0,,-169.0,10.0,-110.0,-19.0,-21.0
213.0,491.0,159.0,-469.0,,534.0,29.0,-169.0,127.0,-104.0
241.0,222.0,125.0,-262.0,,35.0,87.0,-99.0,137.0,-214.0
222.0,507.0,119.0,-91.0,,433.0,145.0,-97.0,312.0,-255.0
132.0,707.0,133.0,-101.0,,807.0,277.0,3.0,121.0,-291.0
101.0,-228.0,124.0,-181.0,,10.0,388.0,279.0,203.0,-331.0
76.0,216.0,90.0,-223.0,,160.0,395.0,230.0,687.0,-407.0
15.0,1245.0,47.0,-188.0,,492.0,361.0,103.0,388.0,-405.0
-79.0,584.0,153.0,-154.0,,22.0,270.0,-171.0,-148.0,-335.0
-128.0,-249.0,208.0,-141.0,,-68.0,180.0,-253.0,269.0,-274.0
-111.0,-145.0,183.0,-224.0,,269.0,37.0,-290.0,411.0,-224.0
-120.0,-456.0,147.0,-332.0,,267.0,-95.0,-341.0,109.0,-196.0
-161.0,-588.0,124.0,-341.0,,137.0,-84.0,-201.0,294.0,-117.0
-129.0,-28.0,177.0,-299.0,,186.0,-52.0,-194.0,128.0,-56.0
-63.0,-163.0,143.0,-231.0,,401.0,-48.0,36.0,462.0,-60.0
-29.0,53.0,132.0,-182.0,,411.0,2.0,203.0,713.0,-90.0
-28.0,360.0,134.0,-124.0,,50.0,93.0,363.0,242.0,-148.0
-20.0,127.0,79.0,-238.0,,383.0,158.0,545.0,226.0,-282.0
46.0,-35.0,33.0,-412.0,,493.0,196.0,598.0,287.0,-332.0
106.0,386.0,-15.0,-449.0,,-177.0,236.0,681.0,382.0,-242.0
107.0,687.0,-33.0,-512.0,,341.0,282.0,312.0,105.0,-259.0
129.0,180.0,-83.0,-543.0,,887.0,303.0,-177.0,-114.0,-305.0
171.0,917.0,-147.0,-550.0,,142.0,289.0,-737.0,-327.0,-223.0
184.0,1040.0,-181.0,-567.0,,-81.0,264.0,-1082.0,-284.0,-93.0
161.0,179.0,-173.0,-567.0,,169.0,227.0,-953.0,88.0,-63.0
165.0,85.0,-187.0,-500.0,,-116.0,181.0,-759.0,-165.0,-64.0
214.0,280.0,-195.0,-358.0,,-130.0,59.0,-363.0,-40.0,-40.0
236.0,709.0,-176.0,-271.0,,-25.0,-83.0,-49.0,-12.0,-93.0
199.0,-335.0,-187.0,-228.0,,-98.0,-92.0,245.0,-18.0,-141.0
117.0,-636.0,-134.0,-224.0,,338.0,-21.0,299.0,263.0,-141.0
106.0,119.0,-167.0,-262.0,,393.0,59.0,175.0,-10.0,-108.0
108.0,-180.0,-230.0,-375.0,,127.0,177.0,127.0,-81.0,-107.0
69.0,-826.0,-183.0,-463.0,,614.0,314.0,-168.0,175.0,-68.0
20.0,-841.0,-126.0,-445.0,,661.0,439.0,-299.0,320.0,39.0
20.0,306.0,-71.0,-446.0,,22.0,525.0,-513.0,92.0,91.0
53.0,333.0,-39.0,-381.0,,83.0,516.0,-567.0,-186.0,132.0
43.0,-103.0,-11.0,-280.0,,300.0,465.0,-339.0,265.0,195.0
67.0,219.0,6.0,-299.0,,128.0,360.0,-227.0,311.0,282.0
110.0,584.0,33.0,-307.0,,78.0,191.0,-72.0,166.0,341.0
110.0,275.0,87.0,-276.0,,66.0,87.0,-258.0,224.0,366.0
71.0,-71.0,129.0,-234.0,,256.0,34.0,-312.0,-89.0,399.0
101.0,421.0,128.0,-171.0,,454.0,-46.0,-299.0,393.0,400.0
160.0,386.0,133.0,-207.0,,208.0,-135.0,-391.0,410.0,339.0
157.0,-342.0,166.0,-104.0,,-304.0,-151.0,-230.0,-13.0,253.0
118.0,-383.0,167.0,95.0,,-335.0,-169.0,-157.0,152.0,176.0
141.0,347.0,146.0,226.0,,302.0,-143.0,0.0,172.0,84.0
187.0,-925.0,93.0,270.0,,373.0,37.0,49.0,173.0,11.0
151.0,-1163.0,73.0,145.0,,-55.0,258.0,157.0,122.0,0.0
79.0,237.0,54.0,84.0,,158.0,422.0,408.0,400.0,0.0
45.0,99.0,0.0,59.0,,511.0,459.0,424.0,243.0,-7.0
135.0,488.0,-4.0,-8.0,,391.0,477.0,229.0,-24.0,6.0
150.0,164.0,0.0,-193.0,,296.0,476.0,-400.0,-160.0,64.0
175.0,203.0,-25.0,-356.0,,616.0,457.0,-970.0,-271.0,200.0
288.0,472.0,-46.0,-385.0,,949.0,462.0,-1363.0,-18.0,278.0
242.0,-340.0,3.0,-462.0,,482.0,420.0,-1546.0,-159.0,317.0
209.0,184.0,58.0,-478.0,,-94.0,341.0,-1472.0,40.0,356.0
281.0,1187.0,80.0,-403.0,,-65.0,274.0,-1328.0,111.0,351.0
205.0,640.0,58.0,-217.0,,-173.0,289.0,-829.0,-23.0,401.0
121.0,-363.0,96.0,-112.0,,-143.0,297.0,-473.0,198.0,474.0
130.0,373.0,197.0,-138.0,,152.0,274.0,-121.0,433.0,529.0
-11.0,536.0,189.0,-109.0,,-166.0,272.0,240.0,345.0,541.0
-22.0,-140.0,171.0,-107.0,,-240.0,253.0,399.0,202.0,578.0
111.0,-216.0,195.0,-134.0,,263.0,261.0,511.0,392.0,583.0
-60.0,446.0,232.0,-116.0,,133.0,300.0,336.0,20.0,546.0
-253.0,871.0,265.0,-20.0,,262.0,336.0,247.0,-283.0,550.0
-125.0,-606.0,260.0,21.0,,384.0,425.0,60.0,-380.0,546.0
-73.0,-1014.0,232.0,-159.0,,-190.0,465.0,-253.0,-391.0,535.0
-86.0,-81.0,229.0,-407.0,,217.0,431.0,-522.0,-2.0,488.0
-177.0,-824.0,205.0,-474.0,,329.0,386.0,-709.0,-141.0,484.0
-245.0,-905.0,175.0,-536.0,,-492.0,298.0,-630.0,-649.0,462.0
-38.0,120.0,189.0,-597.0,,192.0,220.0,-665.0,-393.0,435.0
-127.0,-81.0,140.0,-446.0,,475.0,105.0,-497.0,50.0,420.0
-229.0,-207.0,83.0,-249.0,,-747.0,29.0,-360.0,-407.0,393.0
-173.0,-457.0,58.0,-98.0,,-338.0,35.0,-338.0,-671.0,358.0
-140.0,380.0,0.0,-76.0,,385.0,31.0,-51.0,-561.0,273.0
21.0,344.0,-40.0,-149.0,,-31.0,71.0,131.0,-533.0,250.0
-25.0,-867.0,-33.0,-169.0,,266.0,106.0,288.0,-114.0,205.0
-143.0,176.0,7.0,-177.0,,621.0,140.0,105.0,-181.0,137.0
85.0,956.0,37.0,-258.0,,254.0,194.0,-116.0,-260.0,91.0
260.0,-1.0,53.0,-493.0,,394.0,201.0,-267.0,172.0,60.0
120.0,-1008.0,26.0,-631.0,,518.0,147.0,-607.0,221.0,33.0
64.0,-41.0,-20.0,-460.0,,-80.0,45.0,-665.0,502.0,-9.0
-17.0,-192.0,7.0,-338.0,,359.0,-38.0,-753.0,480.0,-13.0
84.0,-712.0,41.0,-331.0,,643.0,-22.0,-615.0,326.0,-9.0
185.0,63.0,33.0,-196.0,,-57.0,51.0,-421.0,418.0,-24.0
-65.0,255.0,-3.0,-18.0,,-1.0,91.0,-334.0,457.0,-44.0
-73.0,-229.0,-50.0,25.0,,-96.0,109.0,-214.0,622.0,11.0
51.0,-777.0,-91.0,32.0,,-108.0,49.0,-467.0,92.0,26.0
52.0,-136.0,-86.0,49.0,,12.0,-52.0,-659.0,66.0,-35.0
124.0,464.0,-81.0,-76.0,,-247.0,-155.0,-774.0,262.0,-9.0
75.0,1388.0,-90.0,-186.0,,200.0,-274.0,-552.0,134.0,67.0
-28.0,878.0,-69.0,-243.0,,574.0,-321.0,-210.0,290.0,36.0
211.0,-79.0,-58.0,-355.0,,81.0,-338.0,-179.0,-121.0,-67.0
278.0,-111.0,-45.0,-360.0,,102.0,-384.0,-264.0,-253.0,-25.0
161.0,121.0,-11.0,-357.0,,300.0,-409.0,-624.0,-20.0,14.0
194.0,388.0,54.0,-373.0,,-143.0,-410.0,-757.0,-115.0,-64.0
228.0,-570.0,71.0,-294.0,,380.0,-419.0,-822.0,137.0,-51.0
334.0,-91.0,93.0,-264.0,,665.0,-331.0,-752.0,143.0,58.0
329.0,1041.0,108.0,-269.0,,269.0,-166.0,-423.0,-382.0,123.0
132.0,498.0,67.0,-249.0,,520.0,-45.0,-251.0,-145.0,164.0
139.0,-1166.0,60.0,-162.0,,483.0,34.0,-83.0,-90.0,305.0
299.0,-1083.0,28.0,34.0,,781.0,101.0,-218.0,-257.0,423.0
225.0,-234.0,21.0,116.0,,1153.0,183.0,-223.0,4.0,414.0
155.0,-259.0,72.0,31.0,,688.0,178.0,-16.0,-317.0,463.0
78.0,383.0,78.0,-14.0,,241.0,102.0,149.0,-264.0,553.0
158.0,279.0,97.0,-14.0,,279.0,-7.0,310.0,-23.0,482.0
263.0,-22.0,84.0,-26.0,,205.0,-127.0,116.0,-104.0,347.0
114.0,-232.0,44.0,-9.0,,116.0,-179.0,-94.0,-29.0,328.0
18.0,-73.0,63.0,-37.0,,423.0,-262.0,-448.0,49.0,346.0
-26.0,287.0,79.0,-82.0,,350.0,-340.0,-681.0,193.0,295.0
33.0,-714.0,99.0,-23.0,,493.0,-410.0,-750.0,295.0,269.0
40.0,-306.0,71.0,47.0,,744.0,-456.0,-838.0,311.0,301.0
-52.0,542.0,54.0,79.0,,686.0,-432.0,-582.0,-144.0,323.0
-110.0,23.0,102.0,105.0,,862.0,-397.0,-415.0,-200.0,328.0
-16.0,-380.0,123.0,204.0,,648.0,-307.0,-73.0,303.0,340.0
12.0,-865.0,136.0,376.0,,635.0,-256.0,258.0,92.0,356.0
6.0,177.0,124.0,366.0,,700.0,-217.0,363.0,80.0,358.0
1.0,198.0,78.0,302.0,,50.0,-167.0,465.0,496.0,376.0
-76.0,-335.0,85.0,370.0,,-35.0,-172.0,441.0,306.0,407.0
148.0,197.0,116.0,380.0,,333.0,-210.0,657.0,-40.0,448.0
247.0,203.0,144.0,377.0,,81.0,-256.0,705.0,-282.0,443.0
157.0,651.0,141.0,256.0,,-330.0,-209.0,607.0,-368.0,370.0
113.0,-275.0,112.0,44.0,,-404.0,-175.0,325.0,-133.0,340.0
128.0,-2.0,141.0,-134.0,,-331.0,-207.0,-127.0,-306.0,322.0
281.0,354.0,126.0,-335.0,,43.0,-250.0,-230.0,-539.0,286.0
354.0,-151.0,110.0,-276.0,,371.0,-226.0,-288.0,-489.0,254.0
245.0,313.0,129.0,-260.0,,71.0,-188.0,-109.0,-473.0,220.0
236.0,-104.0,150.0,-404.0,,175.0,-181.0,22.0,-222.0,197.0
404.0,-138.0,178.0,-331.0,,145.0,-140.0,169.0,-37.0,166.0
424.0,-764.0,193.0,-263.0,,-527.0,-143.0,400.0,-184.0,75.0
381.0,165.0,181.0,-176.0,,-108.0,-49.0,214.0,-197.0,4.0
273.0,793.0,158.0,-46.0,,210.0,78.0,40.0,320.0,32.0
340.0,-259.0,216.0,-7.0,,-544.0,161.0,-206.0,678.0,11.0
557.0,205.0,267.0,117.0,,-583.0,175.0,-256.0,557.0,-51.0
433.0,-848.0,260.0,249.0,,-350.0,51.0,-86.0,216.0,-61.0
265.0,-1188.0,255.0,260.0,,-325.0,-32.0,38.0,447.0,-85.0
322.0,-846.0,204.0,145.0,,505.0,-166.0,249.0,889.0,-156.0
408.0,-1086.0,179.0,44.0,,219.0,-372.0,162.0,527.0,-195.0
405.0,-582.0,229.0,77.0,,-628.0,-546.0,129.0,594.0,-203.0
276.0,98.0,263.0,62.0,,335.0,-627.0,107.0,592.0,-231.0
152.0,557.0,294.0,58.0,,-93.0,-557.0,144.0,351.0,-239.0
277.0,-375.0,286.0,171.0,,-840.0,-476.0,260.0,532.0,-228.0
297.0,-351.0,237.0,254.0,,196.0,-469.0,131.0,578.0,-169.0
140.0,75.0,200.0,113.0,,-227.0,-440.0,175.0,458.0,-97.0
72.0,684.0,171.0,-86.0,,-440.0,-326.0,118.0,11.0,-54.0
95.0,675.0,175.0,-190.0,,-85.0,-172.0,123.0,-74.0,19.0
193.0,372.0,191.0,-183.0,,-911.0,-62.0,282.0,253.0,80.0
174.0,587.0,194.0,-10.0,,-12.0,-81.0,476.0,498.0,87.0
49.0,-523.0,192.0,66.0,,908.0,-129.0,753.0,343.0,133.0
21.0,-109.0,161.0,148.0,,90.0,-155.0,609.0,-201.0,228.0
96.0,-369.0,151.0,214.0,,380.0,-250.0,393.0,-41.0,240.0
98.0,-612.0,115.0,263.0,,207.0,-325.0,35.0,178.0,195.0
57.0,151.0,66.0,465.0,,-513.0,-382.0,-290.0,-13.0,175.0
-17.0,216.0,86.0,456.0,,403.0,-431.0,-317.0,-100.0,155.0
-12.0,944.0,62.0,394.0,,342.0,-355.0,-199.0,-619.0,105.0
83.0,260.0,80.0,342.0,,-468.0,-311.0,402.0,-606.0,33.0
50.0,-8.0,72.0,171.0,,271.0,-349.0,1008.0,-174.0,-18.0
-18.0,695.0,-27.0,297.0,,16.0,-311.0,1435.0,24.0,-93.0
-105.0,372.0,-76.0,580.0,,-181.0,-251.0,1324.0,-24.0,-152.0
-86.0,158.0,-62.0,717.0,,1086.0,-229.0,731.0,-432.0,-150.0
19.0,287.0,6.0,595.0,,139.0,-252.0,184.0,104.0,-185.0
-17.0,48.0,46.0,357.0,,-263.0,-314.0,-291.0,484.0,-270.0
-97.0,-297.0,42.0,252.0,,939.0,-386.0,-334.0,715.0,-286.0
-50.0,-426.0,44.0,121.0,,102.0,-423.0,-267.0,698.0,-183.0
58.0,-370.0,31.0,86.0,,41.0,-396.0,38.0,290.0,-52.0
73.0,-784.0,4.0,77.0,,564.0,-385.0,410.0,936.0,65.0
-9.0,-1044.0,8.0,6.0,,-379.0,-393.0,559.0,1061.0,190.0
-62.0,271.0,-29.0,-33.0,,-43.0,-347.0,727.0,887.0,301.0
49.0,235.0,-73.0,-47.0,,185.0,-382.0,607.0,655.0,386.0
94.0,-365.0,-92.0,106.0,,-688.0,-476.0,569.0,307.0,460.0
-78.0,84.0,-85.0,289.0,,251.0,-425.0,502.0,484.0,445.0
-145.0,-135.0,-65.0,339.0,,795.0,-321.0,454.0,583.0,340.0
-67.0,-357.0,-119.0,397.0,,-39.0,-292.0,594.0,443.0,309.0
9.0,-425.0,-109.0,456.0,,335.0,-305.0,630.0,-64.0,305.0
-25.0,99.0,-123.0,505.0,,315.0,-359.0,674.0,-378.0,134.0
-164.0,109.0,-134.0,595.0,,5.0,-426.0,465.0,-201.0,-58.0
-133.0,88.0,-114.0,613.0,,742.0,-459.0,395.0,41.0,-116.0
0.0,974.0,-146.0,567.0,,279.0,-495.0,448.0,-141.0,-169.0
32.0,1102.0,-134.0,416.0,,-288.0,-550.0,461.0,-450.0,-234.0
0.0,723.0,-218.0,256.0,,27.0,-598.0,641.0,-403.0,-201.0
17.0,230.0,-278.0,152.0,,-469.0,-570.0,626.0,-30.0,-119.0
119.0,421.0,-229.0,57.0,,-66.0,-565.0,670.0,112.0,-152.0
205.0,783.0,-241.0,-12.0,,273.0,-565.0,578.0,117.0,-144.0
163.0,719.0,-242.0,-101.0,,-569.0,-475.0,428.0,40.0,-37.0
99.0,268.0,-232.0,-13.0,,41.0,-413.0,430.0,-570.0,-108.0
159.0,-415.0,-261.0,62.0,,415.0,-366.0,317.0,-124.0,-261.0
200.0,-309.0,-216.0,70.0,,-496.0,-383.0,378.0,455.0,-324.0
175.0,-383.0,-135.0,219.0,,75.0,-427.0,400.0,20.0,-325.0
113.0,-436.0,-126.0,311.0,,698.0,-450.0,528.0,-9.0,-403.0
85.0,-639.0,-88.0,339.0,,-182.0,-525.0,600.0,-36.0,-534.0
128.0,-1055.0,-44.0,302.0,,-234.0,-566.0,576.0,172.0,-545.0
75.0,-567.0,-21.0,228.0,,-150.0,-523.0,644.0,599.0,-522.0
5.0,176.0,54.0,103.0,,-138.0,-450.0,356.0,436.0,-526.0
-46.0,345.0,121.0,12.0,,492.0,-462.0,181.0,134.0,-503.0
-85.0,-572.0,156.0,106.0,,-140.0,-483.0,44.0,-146.0,-366.0
-37.0,-125.0,130.0,187.0,,-306.0,-487.0,-12.0,-64.0,-299.0
-50.0,594.0,137.0,296.0,,519.0,-555.0,66.0,226.0,-340.0
-121.0,11.0,128.0,301.0,,212.0,-538.0,57.0,80.0,-197.0
-103.0,79.0,115.0,221.0,,298.0,-425.0,295.0,-440.0,-71.0
-40.0,-376.0,136.0,103.0,,603.0,-345.0,504.0,-530.0,-67.0
1.0,-84.0,66.0,-3.0,,-12.0,-290.0,759.0,119.0,10.0
6.0,596.0,35.0,-14.0,,112.0,-227.0,742.0,221.0,144.0
-14.0,41.0,-22.0,-185.0,,438.0,-224.0,447.0,-14.0,203.0
21.0,-559.0,-65.0,-290.0,,112.0,-285.0,190.0,-23.0,109.0
99.0,-409.0,-137.0,-254.0,,168.0,-318.0,-136.0,-296.0,64.0
96.0,-217.0,-210.0,-84.0,,143.0,-334.0,-149.0,-350.0,92.0
65.0,-444.0,-194.0,78.0,,28.0,-369.0,-66.0,-220.0,-71.0
81.0,-62.0,-254.0,135.0,,60.0,-460.0,301.0,-386.0,-274.0
104.0,-324.0,-261.0,191.0,,-31.0,-554.0,733.0,-430.0,-332.0
147.0,-19.0,-282.0,184.0,,441.0,-577.0,864.0,-422.0,-421.0
110.0,332.0,-286.0,145.0,,357.0,-584.0,892.0,-443.0,-535.0
85.0,-81.0,-280.0,186.0,,-219.0,-603.0,598.0,94.0,-545.0
125.0,492.0,-277.0,380.0,,-56.0,-608.0,421.0,21.0,-522.0
76.0,257.0,-198.0,498.0,,-534.0,-545.0,356.0,-577.0,-550.0
33.0,220.0,-192.0,591.0,,-434.0,-459.0,378.0,-296.0,-534.0
0.0,683.0,-203.0,645.0,,550.0,-391.0,473.0,-22.0,-447.0
-13.0,875.0,-170.0,559.0,,-135.0,-370.0,487.0,207.0,-398.0
-17.0,856.0,-131.0,349.0,,-582.0,-370.0,628.0,511.0,-372.0
-6.0,188.0,-65.0,133.0,,-62.0,-299.0,539.0,213.0,-313.0
-4.0,366.0,-5.0,-23.0,,-97.0,-271.0,424.0,386.0,-226.0
1.0,54.0,18.0,-115.0,,394.0,-291.0,334.0,759.0,-185.0
40.0,-540.0,43.0,-86.0,,307.0,-326.0,243.0,566.0,-172.0
47.0,-412.0,15.0,-20.0,,-198.0,-379.0,338.0,881.0,-168.0
122.0,-531.0,11.0,123.0,,434.0,-367.0,312.0,551.0,-198.0
140.0,-101.0,25.0,287.0,,192.0,-359.0,315.0,-75.0,-211.0
146.0,92.0,37.0,429.0,,-152.0,-335.0,214.0,383.0,-221.0
169.0,234.0,65.0,483.0,,509.0,-286.0,169.0,573.0,-259.0
149.0,152.0,56.0,557.0,,177.0,-253.0,303.0,485.0,-291.0
131.0,-89.0,39.0,607.0,,-252.0,-179.0,458.0,-186.0,-274.0
86.0,430.0,-18.0,532.0,,-93.0,-89.0,753.0,-518.0,-280.0
66.0,237.0,-71.0,479.0,,-319.0,-24.0,766.0,-4.0,-301.0
51.0,-209.0,-130.0,356.0,,-183.0,29.0,785.0,-33.0,-318.0
39.0,208.0,-153.0,304.0,,191.0,124.0,750.0,199.0,-381.0
2.0,591.0,-139.0,198.0,,65.0,199.0,604.0,-211.0,-391.0
-11.0,211.0,-134.0,-1.0,,-216.0,220.0,615.0,-731.0,-405.0
-15.0,653.0,-118.0,19.0,,-407.0,218.0,554.0,-107.0,-454.0
8.0,518.0,-124.0,19.0,,-360.0,130.0,681.0,306.0,-437.0
-6.0,-201.0,-120.0,39.0,,-47.0,20.0,565.0,235.0,-400.0
-75.0,271.0,-168.0,119.0,,3.0,-71.0,240.0,-394.0,-377.0
-55.0,171.0,-148.0,115.0,,-106.0,-190.0,-77.0,-621.0,-322.0
-38.0,454.0,-40.0,192.0,,-262.0,-243.0,-428.0,-210.0,-273.0
-73.0,465.0,8.0,283.0,,-212.0,-215.0,-474.0,161.0,-290.0
-123.0,-61.0,30.0,308.0,,158.0,-172.0,-369.0,46.0,-298.0
-135.0,-95.0,20.0,387.0,,-379.0,-134.0,94.0,-568.0,-208.0
-96.0,-237.0,7.0,447.0,,-604.0,-96.0,487.0,-666.0,-132.0
-95.0,-9.0,-12.0,397.0,,-402.0,-101.0,670.0,-455.0,-142.0
-118.0,-217.0,-32.0,425.0,,-800.0,-160.0,873.0,-123.0,-176.0
-46.0,-347.0,-40.0,352.0,,-174.0,-164.0,870.0,-262.0,-153.0
-58.0,156.0,-70.0,179.0,,53.0,-150.0,970.0,-600.0,-140.0
-69.0,434.0,-68.0,-34.0,,-317.0,-183.0,886.0,-594.0,-257.0
-26.0,443.0,-56.0,-229.0,,-131.0,-221.0,746.0,-423.0,-339.0
-40.0,385.0,-56.0,-172.0,,-260.0,-233.0,679.0,441.0,-411.0
-61.0,498.0,-60.0,-208.0,,185.0,-244.0,528.0,406.0,-511.0
-83.0,-1.0,-61.0,-260.0,,230.0,-224.0,423.0,-89.0,-539.0
-154.0,-82.0,-37.0,-226.0,,-357.0,-162.0,144.0,72.0,-584.0
-231.0,302.0,-24.0,-190.0,,-549.0,-101.0,42.0,347.0,-634.0
-221.0,86.0,0.0,-155.0,,-780.0,-2.0,18.0,887.0,-642.0
-287.0,77.0,-12.0,-148.0,,-623.0,42.0,110.0,542.0,-594.0
-265.0,61.0,-90.0,-87.0,,-630.0,56.0,343.0,142.0,-507.0
-320.0,476.0,-119.0,12.0,,-398.0,100.0,332.0,124.0,-437.0
-316.0,331.0,-139.0,77.0,,73.0,129.0,399.0,99.0,-413.0
-246.0,-183.0,-168.0,67.0,,-502.0,213.0,363.0,396.0,-373.0
-244.0,-645.0,-158.0,152.0,,-905.0,289.0,473.0,158.0,-343.0
-115.0,-504.0,-178.0,310.0,,-358.0,355.0,687.0,-359.0,-348.0
-89.0,342.0,-126.0,509.0,,-189.0,380.0,846.0,-495.0,-345.0
-56.0,-340.0,-58.0,565.0,,-217.0,300.0,1108.0,192.0,-325.0
-84.0,-472.0,-54.0,525.0,,-306.0,265.0,1003.0,598.0,-243.0
-34.0,34.0,19.0,532.0,,-829.0,221.0,857.0,226.0,-207.0
-50.0,12.0,23.0,446.0,,-215.0,183.0,567.0,-54.0,-240.0
-139.0,-133.0,93.0,324.0,,32.0,190.0,258.0,-77.0,-243.0
-118.0,232.0,188.0,22.0,,-476.0,105.0,158.0,275.0,-205.0
6.0,465.0,278.0,-86.0,,-27.0,0.0,112.0,344.0,-185.0
81.0,-36.0,408.0,155.0,,-293.0,-71.0,242.0,157.0,-167.0
-63.0,174.0,376.0,166.0,,-411.0,-77.0,114.0,-181.0,-134.0
-36.0,-154.0,354.0,51.0,,-69.0,-82.0,51.0,-252.0,-146.0
15.0,-360.0,295.0,-27.0,,-131.0,-115.0,-24.0,43.0,-112.0
67.0,-240.0,246.0,-30.0,,268.0,-84.0,-5.0,-14.0,7.0
-16.0,-487.0,198.0,95.0,,130.0,-34.0,375.0,154.0,57.0
-33.0,-143.0,108.0,167.0,,58.0,1.0,703.0,35.0,7.0
77.0,53.0,72.0,194.0,,-2.0,-40.0,1151.0,-400.0,57.0
76.0,196.0,9.0,114.0,,-440.0,-51.0,1169.0,-78.0,143.0
40.0,96.0,-54.0,56.0,,0.0,-5.0,837.0,372.0,128.0
-60.0,-227.0,-155.0,97.0,,225.0,7.0,351.0,182.0,102.0
-9.0,249.0,-236.0,81.0,,428.0,5.0,-310.0,-313.0,78.0
14.0,347.0,-281.0,-89.0,,346.0,-36.0,-598.0,-222.0,56.0
8.0,-171.0,-271.0,-359.0,,-172.0,5.0,-816.0,63.0,51.0
-9.0,-68.0,-258.0,-518.0,,42.0,179.0,-766.0,21.0,124.0
20.0,86.0,-227.0,-384.0,,-33.0,383.0,-630.0,39.0,119.0
93.0,-73.0,-217.0,-215.0,,-434.0,540.0,-574.0,-84.0,14.0
107.0,146.0,-241.0,-267.0,,-422.0,687.0,-439.0,-348.0,-8.0
108.0,646.0,-203.0,-269.0,,-108.0,847.0,-417.0,-9.0,-59.0
96.0,824.0,-223.0,-247.0,,-279.0,916.0,-120.0,538.0,-195.0
106.0,414.0,-155.0,-74.0,,-143.0,885.0,171.0,68.0,-324.0
127.0,535.0,-90.0,40.0,,288.0,771.0,522.0,-480.0,-352.0
141.0,712.0,-102.0,69.0,,124.0,635.0,818.0,-274.0,-392.0
46.0,-366.0,-102.0,196.0,,321.0,514.0,837.0,-146.0,-401.0
30.0,-468.0,-124.0,131.0,,212.0,346.0,768.0,-465.0,-365.0
64.0,226.0,-92.0,164.0,,66.0,182.0,323.0,-915.0,-381.0
57.0,246.0,-93.0,291.0,,250.0,46.0,-59.0,-1094.0,-358.0
12.0,-353.0,-114.0,353.0,,-187.0,-67.0,-513.0,-1051.0,-333.0
31.0,-412.0,-76.0,315.0,,-490.0,-100.0,-897.0,-698.0,-301.0
97.0,-97.0,-75.0,140.0,,-390.0,-105.0,-1019.0,-474.0,-331.0
107.0,-330.0,-67.0,-26.0,,-482.0,-112.0,-1117.0,-608.0,-351.0
120.0,-144.0,-74.0,-100.0,,-438.0,-99.0,-801.0,-544.0,-296.0
98.0,-413.0,-137.0,-122.0,,-156.0,-37.0,-502.0,-308.0,-265.0
82.0,79.0,-92.0,-129.0,,-101.0,137.0,-219.0,210.0,-250.0
47.0,277.0,-108.0,-84.0,,-116.0,279.0,0.0,325.0,-308.0
49.0,-35.0,-116.0,-45.0,,30.0,394.0,155.0,-253.0,-358.0
33.0,202.0,-81.0,38.0,,16.0,500.0,447.0,-279.0,-371.0
-5.0,-201.0,-97.0,83.0,,-37.0,505.0,583.0,316.0,-377.0
-40.0,265.0,-64.0,99.0,,135.0,505.0,801.0,573.0,-366.0
3.0,59.0,-72.0,211.0,,-118.0,520.0,739.0,314.0,-360.0
58.0,-93.0,-22.0,221.0,,-364.0,564.0,498.0,343.0,-337.0
25.0,751.0,3.0,72.0,,-331.0,582.0,249.0,373.0,-318.0
39.0,689.0,39.0,-186.0,,-476.0,523.0,-112.0,465.0,-285.0
94.0,907.0,57.0,-456.0,,-70.0,495.0,-388.0,879.0,-282.0
120.0,976.0,42.0,-449.0,,132.0,486.0,-833.0,671.0,-285.0
31.0,371.0,62.0,-373.0,,-265.0,483.0,-960.0,511.0,-252.0
8.0,464.0,33.0,-544.0,,-225.0,499.0,-981.0,278.0,-228.0
49.0,397.0,55.0,-671.0,,-142.0,462.0,-1023.0,74.0,-189.0
61.0,274.0,62.0,-511.0,,-98.0,429.0,-812.0,562.0,-177.0
-23.0,528.0,60.0,-371.0,,60.0,412.0,-617.0,528.0,-230.0
-93.0,387.0,56.0,-429.0,,-18.0,365.0,-116.0,150.0,-227.0
-55.0,-1.0,41.0,-386.0,,216.0,352.0,304.0,-147.0,-181.0
-75.0,-111.0,0.0,-275.0,,289.0,369.0,574.0,-120.0,-198.0
-144.0,534.0,-17.0,-279.0,,-80.0,406.0,639.0,158.0,-250.0
-219.0,-407.0,-43.0,-250.0,,307.0,414.0,378.0,-22.0,-314.0
-179.0,-1046.0,-101.0,-193.0,,383.0,416.0,168.0,-277.0,-374.0
-134.0,-186.0,-114.0,-117.0,,-31.0,419.0,-179.0,-615.0,-464.0
-162.0,-349.0,-126.0,-67.0,,183.0,414.0,-376.0,-686.0,-559.0
-196.0,-486.0,-120.0,-57.0,,-12.0,435.0,-604.0,-474.0,-679.0
-192.0,-364.0,-134.0,-66.0,,-212.0,442.0,-768.0,-482.0,-823.0
-174.0,-6.0,-123.0,-204.0,,-148.0,516.0,-750.0,-444.0,-841.0
-210.0,-61.0,-102.0,-155.0,,-403.0,590.0,-861.0,-519.0,-819.0
-226.0,71.0,-129.0,-99.0,,-155.0,515.0,-820.0,-468.0,-845.0
-200.0,43.0,-119.0,-210.0,,-107.0,409.0,-862.0,-73.0,-829.0
-199.0,-414.0,-107.0,-116.0,,-98.0,366.0,-670.0,213.0,-752.0
-229.0,206.0,-131.0,56.0,,332.0,295.0,-378.0,53.0,-685.0
-219.0,663.0,-120.0,232.0,,-11.0,221.0,-194.0,-165.0,-609.0
-169.0,553.0,-95.0,158.0,,-311.0,230.0,55.0,-4.0,-552.0
-111.0,796.0,-74.0,-72.0,,-392.0,291.0,16.0,266.0,-487.0
-131.0,110.0,-99.0,-190.0,,-366.0,311.0,33.0,489.0,-345.0
-78.0,-665.0,-159.0,-295.0,,-13.0,255.0,-144.0,282.0,-293.0
20.0,199.0,-190.0,-304.0,,-435.0,176.0,-315.0,-137.0,-305.0
36.0,-129.0,-247.0,-302.0,,-532.0,79.0,-303.0,-117.0,-289.0
0.0,-993.0,-269.0,-207.0,,-163.0,-14.0,-341.0,80.0,-306.0
-1.0,-1435.0,-291.0,-164.0,,-440.0,-79.0,-238.0,59.0,-307.0
55.0,-685.0,-333.0,-294.0,,-280.0,-160.0,-408.0,-245.0,-281.0
14.0,780.0,-283.0,-452.0,,-121.0,-358.0,-580.0,-480.0,-293.0
-30.0,38.0,-283.0,-432.0,,-100.0,-542.0,-779.0,-320.0,-347.0
-43.0,-549.0,-304.0,-161.0,,342.0,-553.0,-824.0,143.0,-354.0
-3.0,303.0,-262.0,-58.0,,-216.0,-520.0,-535.0,116.0,-243.0
-1.0,977.0,-301.0,-16.0,,-454.0,-433.0,-363.0,-255.0,-160.0
-44.0,581.0,-287.0,57.0,,155.0,-268.0,-107.0,-315.0,-128.0
-42.0,1384.0,-266.0,62.0,,-508.0,-71.0,-131.0,-380.0,-31.0
16.0,1676.0,-255.0,134.0,,-716.0,168.0,-229.0,-96.0,101.0
34.0,285.0,-175.0,104.0,,-245.0,402.0,-273.0,90.0,155.0
-61.0,669.0,-222.0,127.0,,-356.0,583.0,-341.0,-169.0,206.0
-107.0,446.0,-216.0,76.0,,115.0,676.0,-153.0,-243.0,318.0
-133.0,-725.0,-180.0,-104.0,,-21.0,690.0,-175.0,-1.0,344.0
-106.0,-1172.0,-188.0,-68.0,,-429.0,649.0,-140.0,408.0,318.0
-89.0,-1644.0,-130.0,-167.0,,-99.0,563.0,-177.0,294.0,292.0
-72.0,-1117.0,-135.0,-360.0,,-320.0,435.0,-378.0,-52.0,285.0
-45.0,-665.0,-128.0,-446.0,,-93.0,296.0,-497.0,-264.0,243.0
-17.0,-2088.0,-105.0,-397.0,,-178.0,124.0,-737.0,-221.0,243.0
-6.0,-2404.0,-168.0,-332.0,,-699.0,-42.0,-779.0,220.0,295.0
-18.0,-980.0,-216.0,-445.0,,20.0,-136.0,-862.0,99.0,245.0
0.0,-826.0,-209.0,-441.0,,-183.0,-165.0,-855.0,-252.0,211.0
-36.0,-1205.0,-206.0,-376.0,,-26.0,-175.0,-726.0,-603.0,256.0
-9.0,-159.0,-199.0,-395.0,,1124.0,-170.0,-545.0,-541.0,335.0
52.0,789.0,-171.0,-344.0,,157.0,-125.0,-35.0,147.0,313.0
121.0,372.0,-120.0,-183.0,,-66.0,-174.0,267.0,-68.0,239.0
35.0,270.0,-100.0,-152.0,,118.0,-299.0,570.0,-450.0,213.0
-93.0,874.0,-94.0,-141.0,,-861.0,-411.0,628.0,-693.0,168.0
-81.0,1064.0,-66.0,-66.0,,-25.0,-494.0,487.0,-572.0,107.0
-39.0,12.0,-36.0,13.0,,-134.0,-578.0,493.0,-174.0,32.0
-40.0,199.0,5.0,294.0,,-709.0,-737.0,323.0,-677.0,4.0
-119.0,1052.0,21.0,470.0,,-38.0,-829.0,245.0,-676.0,-30.0
-62.0,67.0,35.0,390.0,,-684.0,-853.0,0.0,-585.0,-89.0
28.0,-98.0,90.0,171.0,,-315.0,-858.0,-114.0,-539.0,-57.0
53.0,377.0,85.0,86.0,,357.0,-809.0,-160.0,230.0,7.0
13.0,409.0,32.0,197.0,,51.0,-721.0,-423.0,340.0,-26.0
41.0,-391.0,41.0,190.0,,436.0,-562.0,-622.0,-60.0,-42.0
133.0,-310.0,28.0,199.0,,121.0,-378.0,-940.0,-22.0,74.0
69.0,524.0,-12.0,164.0,,-304.0,-204.0,-1053.0,355.0,136.0
-9.0,71.0,-53.0,77.0,,-73.0,-91.0,-1165.0,617.0,153.0
11.0,-278.0,-88.0,54.0,,-160.0,-16.0,-988.0,609.0,242.0
55.0,-174.0,-58.0,18.0,,-129.0,66.0,-535.0,141.0,309.0
-11.0,1077.0,-78.0,-73.0,,-458.0,101.0,-284.0,-173.0,338.0
-97.0,658.0,-130.0,-119.0,,-802.0,64.0,40.0,93.0,355.0
-49.0,-354.0,-109.0,-159.0,,28.0,-46.0,-20.0,235.0,418.0
29.0,368.0,-58.0,-345.0,,23.0,-201.0,-186.0,179.0,464.0
21.0,121.0,-88.0,-224.0,,-340.0,-325.0,-443.0,-224.0,441.0
0.0,-339.0,-138.0,178.0,,127.0,-377.0,-742.0,-344.0,437.0
18.0,-737.0,-113.0,374.0,,168.0,-425.0,-726.0,73.0,414.0
11.0,-443.0,-97.0,164.0,,479.0,-417.0,-759.0,322.0,338.0
-66.0,58.0,-107.0,-138.0,,30.0,-279.0,-567.0,281.0,265.0
-102.0,-194.0,-69.0,-228.0,,-590.0,-140.0,-367.0,-175.0,250.0
-75.0,-344.0,-38.0,-312.0,,-85.0,-101.0,-55.0,-191.0,160.0
-85.0,39.0,-28.0,-422.0,,-213.0,-132.0,219.0,8.0,52.0
-139.0,254.0,1.0,-557.0,,-298.0,-191.0,138.0,-17.0,41.0
-178.0,-688.0,-42.0,-692.0,,-254.0,-289.0,120.0,24.0,3.0
-120.0,-337.0,-22.0,-866.0,,-127.0,-345.0,-42.0,-262.0,20.0
-115.0,-297.0,15.0,-921.0,,416.0,-416.0,-134.0,-288.0,61.0
-187.0,-1092.0,-43.0,-972.0,,184.0,-580.0,-308.0,-65.0,81.0
-218.0,-235.0,-43.0,-900.0,,25.0,-677.0,-375.0,118.0,97.0
-133.0,-524.0,-15.0,-605.0,,354.0,-693.0,-336.0,163.0,117.0
-83.0,-1010.0,-17.0,-476.0,,392.0,-649.0,-618.0,-136.0,172.0
-146.0,-402.0,-39.0,-314.0,,245.0,-506.0,-822.0,-225.0,213.0
-146.0,260.0,-47.0,-94.0,,130.0,-367.0,-1099.0,-37.0,234.0
-44.0,-66.0,-76.0,238.0,,187.0,-294.0,-1047.0,149.0,229.0
57.0,-477.0,-50.0,497.0,,84.0,-247.0,-814.0,-14.0,204.0
11.0,629.0,-57.0,430.0,,-162.0,-241.0,-642.0,-232.0,123.0
6.0,145.0,-103.0,442.0,,-62.0,-275.0,-341.0,-284.0,72.0
102.0,-400.0,-41.0,584.0,,125.0,-292.0,-186.0,-351.0,-22.0
189.0,41.0,-62.0,200.0,,230.0,-277.0,155.0,10.0,-152.0
170.0,-54.0,-73.0,-341.0,,151.0,-264.0,273.0,133.0,-170.0
105.0,55.0,-3.0,-375.0,,52.0,-306.0,256.0,-190.0,-197.0
139.0,438.0,43.0,-267.0,,183.0,-385.0,221.0,-336.0,-213.0
166.0,698.0,72.0,-231.0,,298.0,-352.0,38.0,-391.0,-165.0
127.0,-97.0,80.0,-339.0,,425.0,-238.0,57.0,-416.0,-32.0
63.0,-430.0,113.0,-321.0,,178.0,-123.0,-144.0,-618.0,71.0
87.0,41.0,147.0,-229.0,,108.0,-83.0,-267.0,-707.0,152.0
55.0,279.0,160.0,-255.0,,14.0,-165.0,-482.0,-714.0,265.0
-30.0,-317.0,164.0,-347.0,,-366.0,-248.0,-818.0,-665.0,348.0
-120.0,-535.0,168.0,-429.0,,-215.0,-318.0,-942.0,-471.0,369.0
-209.0,-66.0,203.0,-321.0,,-437.0,-384.0,-1141.0,-404.0,258.0
-228.0,-1110.0,172.0,-187.0,,-262.0,-465.0,-988.0,-450.0,256.0
-307.0,-1560.0,169.0,-160.0,,195.0,-487.0,-796.0,-740.0,257.0
-354.0,-1070.0,238.0,-173.0,,-321.0,-386.0,-504.0,-628.0,130.0
-354.0,-992.0,256.0,0.0,,-104.0,-331.0,-140.0,-201.0,42.0
-344.0,-567.0,262.0,294.0,,592.0,-290.0,-18.0,-242.0,-59.0
-330.0,-224.0,239.0,267.0,,447.0,-166.0,186.0,-381.0,-183.0
-285.0,-442.0,307.0,73.0,,208.0,-88.0,169.0,-397.0,-362.0
-241.0,-507.0,379.0,13.0,,-39.0,-91.0,238.0,-343.0,-399.0
-285.0,229.0,339.0,14.0,,-2.0,-135.0,205.0,-127.0,-357.0
-281.0,40.0,300.0,117.0,,281.0,-206.0,22.0,-127.0,-418.0
-221.0,-373.0,294.0,79.0,,248.0,-278.0,-59.0,-279.0,-357.0
-144.0,552.0,270.0,30.0,,161.0,-299.0,-328.0,-241.0,-233.0
-115.0,296.0,193.0,168.0,,70.0,-222.0,-524.0,-242.0,-135.0
-106.0,-429.0,152.0,192.0,,375.0,-197.0,-748.0,89.0,-22.0
-65.0,-11.0,112.0,132.0,,151.0,-257.0,-735.0,216.0,108.0
-17.0,-122.0,72.0,109.0,,-208.0,-273.0,-766.0,-261.0,176.0
-42.0,-560.0,37.0,54.0,,356.0,-237.0,-912.0,-392.0,213.0
-87.0,-114.0,19.0,-91.0,,123.0,-262.0,-886.0,-206.0,341.0
-32.0,674.0,27.0,-250.0,,-254.0,-339.0,-964.0,-85.0,400.0
3.0,614.0,-27.0,-342.0,,-103.0,-339.0,-641.0,-304.0,318.0
-38.0,73.0,-112.0,-363.0,,-79.0,-345.0,-291.0,-486.0,239.0
-95.0,-193.0,-129.0,-530.0,,244.0,-322.0,29.0,-446.0,260.0
-40.0,-84.0,-142.0,-773.0,,22.0,-266.0,290.0,-324.0,257.0
25.0,-242.0,-176.0,-732.0,,-373.0,-235.0,83.0,70.0,183.0
30.0,44.0,-194.0,-559.0,,-132.0,-168.0,-155.0,142.0,170.0
-44.0,752.0,-172.0,-406.0,,61.0,-77.0,-522.0,-145.0,156.0
-79.0,-106.0,-145.0,-227.0,,135.0,50.0,-676.0,-251.0,83.0
11.0,-720.0,-121.0,-65.0,,-181.0,101.0,-692.0,-59.0,86.0
55.0,121.0,-85.0,42.0,,-474.0,95.0,-678.0,-5.0,149.0
24.0,611.0,-41.0,-7.0,,-434.0,76.0,-426.0,-278.0,159.0
-47.0,-31.0,36.0,-4.0,,-552.0,-17.0,-358.0,-430.0,217.0
-11.0,0.0,16.0,136.0,,-154.0,-124.0,-227.0,-359.0,346.0
-3.0,236.0,86.0,138.0,,18.0,-233.0,-214.0,-189.0,425.0
-63.0,-455.0,177.0,146.0,,-663.0,-332.0,-291.0,-115.0,425.0
-95.0,-241.0,211.0,142.0,,-500.0,-362.0,-375.0,-170.0,438.0
-88.0,-705.0,249.0,-17.0,,-185.0,-289.0,-591.0,-164.0,460.0
-74.0,-1899.0,255.0,-264.0,,-242.0,-208.0,-578.0,-72.0,435.0
-145.0,-1194.0,315.0,-346.0,,64.0,-169.0,-587.0,14.0,377.0
-176.0,705.0,307.0,-261.0,,-406.0,-77.0,-424.0,19.0,349.0
-203.0,621.0,291.0,-171.0,,-667.0,-3.0,-288.0,28.0,359.0
-238.0,-289.0,217.0,41.0,,-415.0,11.0,-266.0,21.0,291.0
-252.0,95.0,200.0,240.0,,-709.0,26.0,-136.0,-93.0,258.0
-216.0,223.0,199.0,308.0,,-718.0,-56.0,-227.0,0.0,292.0
-199.0,505.0,129.0,416.0,,-479.0,-169.0,-194.0,112.0,267.0
-241.0,-464.0,112.0,557.0,,-553.0,-232.0,-275.0,113.0,160.0
-263.0,-707.0,78.0,467.0,,-723.0,-292.0,-362.0,248.0,106.0
-228.0,232.0,39.0,339.0,,-297.0,-326.0,-391.0,248.0,159.0
-188.0,0.0,4.0,271.0,,126.0,-361.0,-580.0,202.0,155.0
-207.0,813.0,23.0,231.0,,-14.0,-345.0,-550.0,299.0,142.0
-179.0,47.0,26.0,273.0,,-360.0,-287.0,-495.0,113.0,188.0
-121.0,-829.0,17.0,212.0,,-373.0,-217.0,-218.0,-221.0,254.0
-105.0,-124.0,-6.0,140.0,,-127.0,-71.0,3.0,-219.0,264.0
-153.0,-115.0,22.0,47.0,,-310.0,90.0,123.0,-192.0,280.0
-157.0,200.0,40.0,-43.0,,-350.0,250.0,273.0,11.0,320.0
-94.0,-605.0,17.0,-221.0,,-665.0,347.0,290.0,228.0,276.0
-67.0,-879.0,20.0,-458.0,,-657.0,344.0,413.0,105.0,262.0
-119.0,292.0,3.0,-456.0,,-335.0,362.0,212.0,-21.0,310.0
-129.0,-3.0,50.0,-403.0,,-667.0,428.0,51.0,-55.0,362.0
-52.0,-1280.0,68.0,-276.0,,-163.0,417.0,-109.0,20.0,300.0
-16.0,-404.0,90.0,-136.0,,213.0,271.0,-450.0,41.0,233.0
-69.0,1610.0,124.0,-98.0,,60.0,143.0,-639.0,249.0,248.0
-122.0,168.0,132.0,59.0,,230.0,154.0,-947.0,179.0,265.0
-83.0,-219.0,136.0,124.0,,-81.0,176.0,-925.0,43.0,293.0
-59.0,1097.0,98.0,146.0,,-227.0,163.0,-683.0,60.0,267.0
-32.0,-50.0,113.0,111.0,,6.0,190.0,-380.0,-80.0,277.0
-20.0,839.0,144.0,-215.0,,-166.0,245.0,-142.0,55.0,224.0
-11.0,1399.0,104.0,-456.0,,-204.0,338.0,-214.0,-232.0,240.0
-11.0,523.0,95.0,-581.0,,-135.0,414.0,-334.0,-192.0,381.0
-50.0,468.0,112.0,-683.0,,-187.0,455.0,-668.0,179.0,329.0
-115.0,-699.0,100.0,-556.0,,0.0,426.0,-790.0,181.0,276.0
-198.0,-929.0,105.0,-367.0,,-21.0,355.0,-759.0,196.0,380.0
-217.0,-514.0,58.0,-175.0,,335.0,292.0,-602.0,-108.0,502.0
-273.0,-96.0,16.0,-40.0,,542.0,180.0,-260.0,-174.0,506.0
-291.0,-60.0,50.0,-155.0,,339.0,38.0,-297.0,-65.0,508.0
-284.0,-28.0,90.0,-199.0,,260.0,-99.0,-352.0,-17.0,570.0
-267.0,-277.0,119.0,-156.0,,-289.0,-175.0,-563.0,167.0,554.0
-233.0,-981.0,142.0,-193.0,,15.0,-219.0,-724.0,124.0,517.0
-213.0,-292.0,146.0,-128.0,,314.0,-197.0,-633.0,-257.0,577.0
-213.0,-518.0,137.0,-74.0,,2.0,-32.0,-450.0,-154.0,595.0
-277.0,-574.0,128.0,-26.0,,68.0,267.0,18.0,177.0,473.0
-307.0,-246.0,119.0,135.0,,-123.0,612.0,273.0,-18.0,412.0
-306.0,15.0,119.0,311.0,,0.0,878.0,443.0,-143.0,423.0
-254.0,695.0,63.0,403.0,,20.0,1022.0,345.0,-121.0,371.0
-224.0,-88.0,43.0,384.0,,112.0,1019.0,94.0,154.0,288.0
-211.0,-787.0,59.0,293.0,,570.0,959.0,-16.0,334.0,297.0
-190.0,-835.0,3.0,98.0,,478.0,847.0,-251.0,291.0,284.0
-182.0,-38.0,2.0,-3.0,,363.0,674.0,-291.0,251.0,205.0
-161.0,674.0,-9.0,-21.0,,10.0,476.0,-402.0,383.0,235.0
-171.0,-387.0,-31.0,27.0,,-64.0,249.0,-406.0,686.0,248.0
-131.0,-940.0,-49.0,345.0,,131.0,46.0,-458.0,723.0,140.0
-72.0,364.0,-62.0,527.0,,-214.0,-110.0,-594.0,662.0,68.0
-68.0,600.0,-38.0,503.0,,-275.0,-171.0,-375.0,226.0,86.0
-90.0,-466.0,-68.0,442.0,,-455.0,-154.0,-221.0,104.0,5.0
-62.0,-771.0,-32.0,331.0,,-477.0,-87.0,-24.0,245.0,-63.0
-28.0,-712.0,-67.0,236.0,,-42.0,34.0,-16.0,3.0,-65.0
-38.0,616.0,-71.0,93.0,,242.0,146.0,70.0,-92.0,-123.0
-95.0,2038.0,0.0,34.0,,468.0,275.0,349.0,-269.0,-163.0
-152.0,1335.0,-38.0,55.0,,346.0,422.0,437.0,-232.0,-239.0
-161.0,-519.0,-12.0,94.0,,567.0,531.0,604.0,-4.0,-302.0
-188.0,-284.0,-11.0,81.0,,638.0,543.0,441.0,54.0,-347.0
-163.0,1174.0,-31.0,21.0,,0.0,429.0,295.0,-26.0,-389.0
-127.0,-35.0,-8.0,-44.0,,-178.0,268.0,190.0,-118.0,-412.0
-123.0,-862.0,-7.0,-110.0,,-361.0,107.0,-33.0,-74.0,-451.0
-142.0,318.0,5.0,-140.0,,-93.0,-52.0,-177.0,-67.0,-473.0
-177.0,888.0,4.0,-285.0,,321.0,-174.0,-450.0,-67.0,-498.0
-194.0,1108.0,-48.0,-412.0,,-169.0,-240.0,-441.0,-251.0,-458.0
-216.0,726.0,-61.0,-516.0,,-208.0,-222.0,-452.0,-302.0,-427.0
-191.0,-536.0,-77.0,-497.0,,-78.0,-144.0,-386.0,-169.0,-376.0
-192.0,-397.0,-105.0,-344.0,,149.0,-5.0,-162.0,-67.0,-265.0
-210.0,698.0,-134.0,-300.0,,314.0,194.0,-79.0,60.0,-138.0
-220.0,198.0,-207.0,-256.0,,-114.0,383.0,49.0,17.0,0.0
-236.0,-1199.0,-187.0,-75.0,,-365.0,532.0,-140.0,-138.0,160.0
-228.0,-1131.0,-194.0,89.0,,-538.0,609.0,-171.0,-128.0,437.0
-212.0,-210.0,-226.0,108.0,,-224.0,593.0,-90.0,48.0,611.0
-193.0,-383.0,-200.0,263.0,,111.0,507.0,-60.0,4.0,638.0
-197.0,-531.0,-181.0,383.0,,116.0,404.0,190.0,97.0,726.0
-182.0,-41.0,-167.0,487.0,,-198.0,294.0,242.0,92.0,798.0
-179.0,-746.0,-175.0,667.0,,-662.0,187.0,330.0,70.0,726.0
-200.0,-956.0,-162.0,636.0,,-315.0,71.0,203.0,210.0,644.0
-240.0,300.0,-149.0,491.0,,-239.0,-101.0,-72.0,117.0,605.0
-268.0,-490.0,-144.0,194.0,,-258.0,-199.0,-275.0,191.0,524.0
-273.0,-1072.0,-146.0,-112.0,,199.0,-153.0,-508.0,-78.0,444.0
-282.0,463.0,-154.0,-166.0,,475.0,-28.0,-424.0,-272.0,466.0
-252.0,1750.0,-163.0,-76.0,,578.0,112.0,-365.0,-148.0,483.0
-230.0,1692.0,-147.0,-69.0,,221.0,224.0,-234.0,-80.0,357.0
-233.0,798.0,-131.0,-91.0,,-10.0,366.0,-182.0,29.0,355.0
-273.0,1119.0,-133.0,-138.0,,173.0,517.0,-238.0,-51.0,476.0
-310.0,1242.0,-92.0,-177.0,,500.0,545.0,-221.0,-70.0,539.0
-310.0,983.0,-79.0,-114.0,,674.0,465.0,-341.0,-66.0,606.0
-293.0,842.0,-55.0,-177.0,,247.0,390.0,-62.0,220.0,716.0
-303.0,565.0,-19.0,-123.0,,-28.0,298.0,247.0,242.0,752.0
-312.0,195.0,-20.0,24.0,,-154.0,168.0,519.0,-321.0,743.0
-286.0,-125.0,30.0,19.0,,-275.0,20.0,633.0,-549.0,791.0
-261.0,293.0,74.0,183.0,,394.0,-90.0,291.0,-453.0,715.0
-234.0,-510.0,102.0,366.0,,851.0,-108.0,97.0,-391.0,559.0
-233.0,-846.0,131.0,339.0,,548.0,-83.0,-59.0,-445.0,389.0
-188.0,-252.0,113.0,276.0,,261.0,-27.0,131.0,-617.0,325.0
-139.0,-73.0,100.0,247.0,,16.0,35.0,356.0,-686.0,345.0
-155.0,451.0,83.0,193.0,,166.0,119.0,421.0,-361.0,288.0
-171.0,384.0,64.0,111.0,,321.0,190.0,515.0,-37.0,279.0
-122.0,118.0,83.0,123.0,,129.0,221.0,297.0,-30.0,330.0
-53.0,-219.0,69.0,214.0,,267.0,196.0,199.0,-20.0,381.0
-53.0,-318.0,87.0,231.0,,567.0,77.0,107.0,-92.0,402.0
-73.0,-175.0,142.0,143.0,,397.0,48.0,171.0,-104.0,485.0
-46.0,-181.0,121.0,41.0,,74.0,42.0,214.0,225.0,564.0
-23.0,-212.0,115.0,4.0,,171.0,30.0,127.0,89.0,560.0
-76.0,396.0,81.0,10.0,,103.0,78.0,273.0,-274.0,602.0
-109.0,983.0,50.0,7.0,,-60.0,84.0,271.0,-193.0,672.0
-89.0,704.0,58.0,27.0,,172.0,125.0,378.0,-114.0,611.0
-33.0,835.0,55.0,183.0,,217.0,214.0,336.0,78.0,452.0
-37.0,-154.0,44.0,314.0,,-119.0,339.0,260.0,237.0,357.0
-105.0,-583.0,0.0,370.0,,-114.0,457.0,230.0,173.0,327.0
-93.0,188.0,-18.0,391.0,,331.0,503.0,-68.0,201.0,274.0
-28.0,-294.0,-45.0,332.0,,557.0,512.0,-144.0,255.0,187.0
-49.0,-691.0,-62.0,290.0,,574.0,475.0,-181.0,219.0,248.0
-141.0,-395.0,-54.0,117.0,,208.0,383.0,-55.0,181.0,265.0
-192.0,289.0,-42.0,-73.0,,10.0,277.0,77.0,82.0,205.0
-198.0,104.0,-48.0,-184.0,,425.0,229.0,184.0,-9.0,272.0
-177.0,-13.0,-27.0,-224.0,,489.0,204.0,480.0,156.0,324.0
-186.0,791.0,25.0,-183.0,,398.0,193.0,554.0,483.0,340.0
-188.0,377.0,28.0,-222.0,,183.0,175.0,594.0,424.0,290.0
-198.0,-19.0,38.0,-179.0,,154.0,109.0,443.0,119.0,270.0
-216.0,1173.0,11.0,-100.0,,426.0,98.0,338.0,143.0,247.0
-247.0,1477.0,50.0,-103.0,,459.0,90.0,349.0,255.0,191.0
-248.0,705.0,78.0,-89.0,,765.0,50.0,258.0,443.0,206.0
-202.0,449.0,13.0,-158.0,,512.0,-3.0,301.0,353.0,163.0
-197.0,468.0,18.0,-155.0,,-31.0,-102.0,242.0,-26.0,99.0
-180.0,209.0,-8.0,74.0,,131.0,-162.0,264.0,-135.0,33.0
-151.0,-761.0,-2.0,336.0,,232.0,-305.0,179.0,-18.0,11.0
-100.0,-1072.0,-10.0,588.0,,277.0,-459.0,83.0,80.0,-5.0
-122.0,-822.0,-71.0,574.0,,304.0,-465.0,190.0,-256.0,-46.0
-135.0,-587.0,-78.0,394.0,,77.0,-428.0,267.0,-506.0,-48.0
-80.0,-1337.0,-87.0,314.0,,83.0,-330.0,541.0,-463.0,-99.0
-22.0,-1574.0,-104.0,206.0,,520.0,-176.0,609.0,-269.0,-119.0
5.0,-197.0,-106.0,202.0,,560.0,-16.0,685.0,33.0,-65.0
16.0,-680.0,-99.0,179.0,,436.0,109.0,849.0,11.0,-82.0
84.0,-785.0,-118.0,70.0,,523.0,225.0,825.0,-67.0,-106.0
99.0,114.0,-92.0,-94.0,,350.0,285.0,840.0,126.0,-28.0
92.0,418.0,-94.0,-220.0,,638.0,246.0,683.0,537.0,47.0
29.0,-384.0,-102.0,-219.0,,932.0,236.0,618.0,680.0,71.0
1.0,-659.0,-44.0,-87.0,,393.0,241.0,535.0,478.0,45.0
-2.0,886.0,-1.0,141.0,,56.0,222.0,473.0,331.0,63.0
-37.0,-58.0,28.0,155.0,,292.0,199.0,460.0,167.0,127.0
-19.0,-1083.0,58.0,86.0,,798.0,154.0,240.0,347.0,132.0
12.0,-59.0,84.0,-4.0,,1041.0,67.0,245.0,630.0,122.0
51.0,739.0,71.0,-20.0,,351.0,7.0,260.0,335.0,113.0
-25.0,-293.0,121.0,129.0,,-2.0,10.0,423.0,-9.0,111.0
-98.0,-848.0,171.0,236.0,,283.0,32.0,604.0,-141.0,84.0
-113.0,418.0,166.0,309.0,,653.0,53.0,687.0,-13.0,18.0
-117.0,479.0,181.0,301.0,,1099.0,60.0,925.0,185.0,-40.0
-150.0,619.0,158.0,170.0,,440.0,91.0,951.0,21.0,-130.0
-212.0,-338.0,137.0,-100.0,,25.0,88.0,1016.0,-339.0,-210.0
-194.0,-1326.0,140.0,-321.0,,404.0,-10.0,864.0,-519.0,-121.0
-169.0,-392.0,127.0,-389.0,,496.0,-137.0,718.0,-300.0,-67.0
-171.0,328.0,120.0,-337.0,,740.0,-171.0,679.0,-230.0,-177.0
-176.0,-333.0,106.0,-217.0,,605.0,-148.0,410.0,-243.0,-154.0
-143.0,-1027.0,53.0,-190.0,,722.0,-154.0,314.0,-302.0,-17.0
-111.0,-528.0,46.0,-278.0,,1163.0,-129.0,155.0,-534.0,-32.0
-120.0,-180.0,64.0,-334.0,,1130.0,-49.0,195.0,-297.0,-120.0
-90.0,103.0,61.0,-318.0,,866.0,43.0,314.0,-39.0,-112.0
13.0,-23.0,94.0,-396.0,,233.0,143.0,493.0,-239.0,-161.0
74.0,277.0,104.0,-396.0,,77.0,191.0,896.0,-506.0,-207.0
71.0,203.0,149.0,-277.0,,348.0,148.0,1143.0,-470.0,-125.0
72.0,392.0,172.0,-211.0,,263.0,119.0,1400.0,-325.0,-131.0
66.0,1284.0,105.0,-182.0,,367.0,129.0,1322.0,-211.0,-188.0
47.0,532.0,120.0,-185.0,,407.0,185.0,1184.0,-200.0,-110.0
16.0,-18.0,126.0,-123.0,,448.0,274.0,977.0,-381.0,-62.0
19.0,757.0,110.0,84.0,,752.0,338.0,498.0,-431.0,-156.0
55.0,1540.0,88.0,141.0,,807.0,422.0,186.0,-312.0,-224.0
76.0,597.0,83.0,96.0,,765.0,416.0,-96.0,-50.0,-217.0
35.0,376.0,136.0,144.0,,373.0,239.0,-5.0,-161.0,-306.0
-33.0,687.0,126.0,-23.0,,76.0,121.0,182.0,-416.0,-434.0
-71.0,453.0,128.0,-234.0,,480.0,149.0,288.0,-183.0,-404.0
-101.0,939.0,178.0,-496.0,,857.0,166.0,347.0,281.0,-449.0
-189.0,-45.0,208.0,-633.0,,999.0,130.0,88.0,460.0,-505.0
-277.0,-141.0,221.0,-501.0,,638.0,69.0,-66.0,150.0,-431.0
-275.0,560.0,229.0,-358.0,,466.0,14.0,-218.0,-45.0,-404.0
-249.0,501.0,225.0,1.0,,717.0,-45.0,-96.0,57.0,-412.0
-244.0,659.0,254.0,262.0,,411.0,-57.0,212.0,264.0,-402.0
-214.0,-198.0,249.0,402.0,,609.0,-48.0,497.0,388.0,-338.0
-165.0,-1024.0,221.0,386.0,,766.0,-29.0,872.0,356.0,-373.0
-158.0,101.0,248.0,251.0,,478.0,90.0,918.0,129.0,-448.0
-188.0,337.0,287.0,310.0,,688.0,199.0,955.0,135.0,-510.0
-230.0,-1325.0,308.0,257.0,,425.0,219.0,770.0,313.0,-583.0
-200.0,-977.0,288.0,49.0,,409.0,165.0,502.0,339.0,-596.0
-123.0,-500.0,295.0,-207.0,,724.0,93.0,325.0,311.0,-628.0
-90.0,-1041.0,305.0,-375.0,,456.0,29.0,-103.0,-126.0,-676.0
-109.0,-1502.0,263.0,-348.0,,676.0,-20.0,-341.0,-259.0,-765.0
-122.0,-1231.0,228.0,-221.0,,896.0,-23.0,-450.0,-153.0,-717.0
-92.0,-945.0,231.0,-45.0,,569.0,12.0,-251.0,-81.0,-628.0
-90.0,-883.0,219.0,154.0,,385.0,65.0,101.0,-41.0,-656.0
-90.0,105.0,207.0,236.0,,20.0,99.0,465.0,-432.0,-628.0
-91.0,-307.0,192.0,173.0,,358.0,117.0,938.0,-616.0,-528.0
-77.0,-953.0,158.0,75.0,,1093.0,59.0,1058.0,-303.0,-458.0
-96.0,-766.0,156.0,54.0,,961.0,-18.0,1019.0,-3.0,-487.0
-132.0,-683.0,118.0,130.0,,829.0,-81.0,772.0,-368.0,-494.0
-88.0,-827.0,91.0,210.0,,498.0,-171.0,519.0,-548.0,-432.0
-53.0,503.0,105.0,217.0,,500.0,-169.0,336.0,-549.0,-332.0
-63.0,276.0,121.0,70.0,,928.0,-173.0,118.0,-540.0,-299.0
-90.0,362.0,128.0,-89.0,,851.0,-235.0,251.0,-75.0,-258.0
-62.0,1989.0,138.0,-251.0,,640.0,-218.0,393.0,-303.0,-215.0
-46.0,-173.0,134.0,-359.0,,236.0,-125.0,424.0,-524.0,-269.0
-18.0,101.0,114.0,-205.0,,281.0,-32.0,208.0,-401.0,-187.0
28.0,384.0,115.0,-86.0,,477.0,17.0,-97.0,-395.0,-98.0
50.0,-36.0,63.0,-123.0,,301.0,99.0,-245.0,-28.0,-189.0
105.0,124.0,37.0,-124.0,,438.0,255.0,-347.0,-18.0,-306.0
89.0,-652.0,39.0,-154.0,,171.0,384.0,-59.0,-310.0,-278.0
89.0,239.0,18.0,-231.0,,-169.0,430.0,264.0,-136.0,-286.0
104.0,-1414.0,12.0,-251.0,,619.0,392.0,600.0,281.0,-445.0
127.0,-1151.0,-3.0,-83.0,,773.0,294.0,750.0,482.0,-538.0
159.0,349.0,-36.0,128.0,,383.0,224.0,415.0,440.0,-598.0
165.0,-391.0,-84.0,213.0,,1030.0,153.0,35.0,323.0,-612.0
204.0,-1022.0,-82.0,157.0,,876.0,67.0,-491.0,307.0,-571.0
198.0,273.0,-31.0,-81.0,,740.0,7.0,-722.0,533.0,-486.0
202.0,1810.0,-12.0,-148.0,,1011.0,24.0,-711.0,555.0,-450.0
183.0,-186.0,-22.0,-64.0,,72.0,52.0,-558.0,477.0,-454.0
170.0,144.0,-12.0,-21.0,,43.0,2.0,-291.0,308.0,-346.0
187.0,1055.0,48.0,-24.0,,571.0,-3.0,-247.0,-114.0,-294.0
160.0,426.0,106.0,-151.0,,352.0,13.0,-107.0,142.0,-330.0
126.0,-691.0,94.0,-184.0,,381.0,4.0,-123.0,409.0,-356.0
103.0,-995.0,95.0,-200.0,,246.0,-30.0,33.0,243.0,-314.0
118.0,159.0,134.0,-164.0,,235.0,-74.0,310.0,-90.0,-237.0
88.0,-728.0,87.0,-3.0,,380.0,-105.0,541.0,-506.0,-219.0
71.0,-497.0,63.0,61.0,,393.0,-132.0,899.0,-247.0,-195.0
59.0,-439.0,67.0,26.0,,874.0,-162.0,840.0,300.0,-118.0
73.0,-534.0,18.0,-136.0,,772.0,-257.0,630.0,248.0,-24.0
116.0,-246.0,-4.0,-283.0,,385.0,-358.0,25.0,-414.0,16.0
111.0,84.0,-16.0,-221.0,,541.0,-447.0,-737.0,-477.0,51.0
130.0,231.0,-12.0,-110.0,,98.0,-422.0,-1171.0,-59.0,44.0
146.0,-393.0,-6.0,-109.0,,214.0,-348.0,-1489.0,313.0,-11.0
175.0,137.0,-27.0,-101.0,,520.0,-291.0,-1395.0,121.0,3.0
207.0,549.0,-60.0,-24.0,,-107.0,-190.0,-1069.0,-500.0,-8.0
302.0,1817.0,-61.0,67.0,,92.0,-180.0,-436.0,-540.0,-159.0
393.0,1405.0,-71.0,176.0,,95.0,-176.0,107.0,-331.0,-299.0
396.0,707.0,-93.0,408.0,,235.0,-134.0,323.0,214.0,-290.0
380.0,620.0,-78.0,499.0,,648.0,-32.0,506.0,-14.0,-351.0
388.0,560.0,-66.0,343.0,,75.0,68.0,386.0,-555.0,-498.0
426.0,217.0,-61.0,188.0,,598.0,80.0,251.0,-283.0,-601.0
435.0,-857.0,-81.0,90.0,,507.0,119.0,-11.0,-13.0,-677.0
455.0,336.0,-94.0,113.0,,-40.0,65.0,-230.0,388.0,-705.0
491.0,150.0,-94.0,83.0,,690.0,-49.0,-345.0,336.0,-754.0
528.0,238.0,-119.0,0.0,,37.0,-129.0,-461.0,-104.0,-810.0
537.0,57.0,-148.0,-183.0,,-69.0,-203.0,-352.0,67.0,-910.0
560.0,-545.0,-115.0,-422.0,,559.0,-146.0,-497.0,816.0,-972.0
610.0,-473.0,-65.0,-490.0,,-222.0,-46.0,-611.0,1151.0,-954.0
647.0,-377.0,-53.0,-495.0,,-55.0,5.0,-818.0,645.0,-999.0
673.0,-2.0,0.0,-546.0,,112.0,48.0,-964.0,40.0,-1086.0
699.0,-409.0,21.0,-522.0,,-304.0,94.0,-678.0,0.0,-1103.0
735.0,497.0,62.0,-280.0,,343.0,174.0,-400.0,523.0,-991.0
740.0,-1.0,112.0,-24.0,,471.0,204.0,192.0,481.0,-943.0
716.0,-72.0,81.0,43.0,,347.0,158.0,694.0,-222.0,-836.0
643.0,-545.0,107.0,15.0,,397.0,90.0,982.0,-524.0,-636.0
635.0,-260.0,111.0,297.0,,-42.0,22.0,1047.0,-343.0,-583.0
621.0,821.0,73.0,685.0,,-45.0,-97.0,672.0,26.0,-446.0
553.0,360.0,64.0,671.0,,-172.0,-278.0,267.0,172.0,-243.0
523.0,1073.0,55.0,465.0,,-173.0,-400.0,-271.0,-59.0,-212.0
530.0,160.0,31.0,207.0,,47.0,-436.0,-530.0,-399.0,-255.0
555.0,457.0,20.0,54.0,,-431.0,-414.0,-602.0,-446.0,-196.0
510.0,400.0,0.0,-27.0,,-227.0,-372.0,-583.0,46.0,-138.0
476.0,359.0,-62.0,-275.0,,-112.0,-306.0,-437.0,489.0,-220.0
470.0,-704.0,-66.0,-394.0,,-698.0,-230.0,-443.0,360.0,-258.0
469.0,-1381.0,-87.0,-394.0,,-123.0,-225.0,-230.0,-161.0,-256.0
432.0,1559.0,-103.0,-445.0,,-99.0,-202.0,-138.0,-207.0,-264.0
417.0,235.0,-89.0,-437.0,,-523.0,-155.0,-83.0,201.0,-231.0
418.0,-566.0,-98.0,-422.0,,82.0,-220.0,-125.0,154.0,-209.0
386.0,-432.0,-90.0,-244.0,,-472.0,-342.0,-245.0,-165.0,-228.0
397.0,-97.0,-64.0,-131.0,,-680.0,-448.0,-112.0,-359.0,-232.0
399.0,669.0,1.0,-207.0,,-106.0,-536.0,-123.0,11.0,-159.0
417.0,-553.0,23.0,-93.0,,-784.0,-578.0,-12.0,442.0,-140.0
410.0,-195.0,46.0,-65.0,,-747.0,-576.0,-97.0,213.0,-178.0
406.0,-782.0,87.0,-84.0,,-778.0,-507.0,-317.0,-42.0,-145.0
404.0,-982.0,83.0,14.0,,-1189.0,-373.0,-509.0,-138.0,-118.0
377.0,-684.0,77.0,118.0,,-381.0,-208.0,-796.0,207.0,-116.0
360.0,-476.0,36.0,208.0,,-394.0,18.0,-724.0,695.0,-78.0
326.0,-236.0,-43.0,168.0,,-532.0,250.0,-642.0,558.0,-106.0
328.0,-306.0,-80.0,103.0,,-210.0,422.0,-426.0,183.0,-175.0
330.0,630.0,-84.0,-119.0,,-838.0,555.0,-332.0,1.0,-141.0
322.0,244.0,-133.0,-366.0,,-763.0,610.0,-495.0,100.0,-131.0
286.0,-309.0,-155.0,-369.0,,-675.0,579.0,-517.0,207.0,-149.0
322.0,-444.0,-180.0,-248.0,,-791.0,468.0,-672.0,174.0,-70.0
395.0,365.0,-193.0,-34.0,,-250.0,327.0,-598.0,34.0,40.0
396.0,1110.0,-174.0,35.0,,-756.0,172.0,-436.0,-156.0,101.0
406.0,454.0,-209.0,-101.0,,-471.0,4.0,-158.0,-20.0,176.0
451.0,71.0,-219.0,-211.0,,173.0,-101.0,271.0,208.0,298.0
552.0,-1010.0,-236.0,-149.0,,-804.0,-152.0,574.0,111.0,342.0
604.0,-1491.0,-238.0,-95.0,,-548.0,-149.0,837.0,-194.0,350.0
624.0,-628.0,-287.0,-244.0,,-143.0,-121.0,591.0,-362.0,370.0
631.0,-109.0,-331.0,-370.0,,-724.0,-31.0,205.0,-79.0,344.0
630.0,441.0,-319.0,-359.0,,-170.0,54.0,-234.0,53.0,315.0
630.0,1099.0,-325.0,-302.0,,-461.0,81.0,-654.0,-196.0,320.0
588.0,882.0,-275.0,-323.0,,-1028.0,125.0,-855.0,-364.0,258.0
572.0,681.0,-223.0,-374.0,,-162.0,82.0,-1162.0,-501.0,139.0
587.0,952.0,-171.0,-377.0,,-285.0,-34.0,-968.0,-129.0,16.0
575.0,792.0,-166.0,-274.0,,-338.0,-146.0,-606.0,193.0,-102.0
496.0,526.0,-120.0,-143.0,,-127.0,-273.0,-201.0,-43.0,-178.0
447.0,681.0,-68.0,-160.0,,-822.0,-429.0,277.0,174.0,-198.0
431.0,891.0,-24.0,20.0,,-645.0,-490.0,363.0,105.0,-199.0
406.0,866.0,36.0,256.0,,-646.0,-415.0,319.0,-106.0,-252.0
394.0,524.0,50.0,295.0,,-909.0,-314.0,116.0,389.0,-214.0
368.0,-256.0,106.0,401.0,,-540.0,-246.0,94.0,528.0,-122.0
371.0,-487.0,113.0,401.0,,-798.0,-185.0,-24.0,153.0,-67.0
375.0,-682.0,112.0,328.0,,-607.0,-62.0,-129.0,-18.0,-54.0
367.0,-726.0,107.0,259.0,,-226.0,71.0,-99.0,265.0,-99.0
379.0,-292.0,95.0,138.0,,-740.0,213.0,-417.0,372.0,-94.0
356.0,361.0,98.0,18.0,,-580.0,285.0,-410.0,177.0,-131.0
336.0,383.0,85.0,-154.0,,-257.0,269.0,-325.0,26.0,-168.0
319.0,-444.0,53.0,-267.0,,-621.0,230.0,-168.0,-113.0,-188.0
289.0,259.0,10.0,-476.0,,-716.0,150.0,7.0,-105.0,-230.0
293.0,375.0,-12.0,-586.0,,-431.0,56.0,88.0,29.0,-219.0
298.0,399.0,-61.0,-311.0,,-335.0,-57.0,236.0,-132.0,-122.0
328.0,611.0,-97.0,9.0,,-611.0,-110.0,38.0,-423.0,-32.0
374.0,-579.0,-128.0,174.0,,-709.0,-126.0,55.0,-294.0,-41.0
418.0,-806.0,-145.0,142.0,,-582.0,-102.0,-57.0,-302.0,30.0
434.0,-1014.0,-136.0,83.0,,-643.0,-24.0,-162.0,-194.0,86.0
428.0,-599.0,-149.0,76.0,,-632.0,75.0,-53.0,95.0,73.0
458.0,-425.0,-175.0,76.0,,-722.0,214.0,-206.0,-50.0,82.0
482.0,-747.0,-202.0,90.0,,-1151.0,325.0,-121.0,-239.0,74.0
513.0,-89.0,-228.0,137.0,,-682.0,397.0,-49.0,-28.0,60.0
519.0,389.0,-209.0,193.0,,-536.0,419.0,-51.0,303.0,65.0
492.0,1328.0,-163.0,194.0,,-1540.0,422.0,-190.0,292.0,72.0
484.0,419.0,-146.0,237.0,,-1035.0,361.0,-256.0,190.0,65.0
469.0,598.0,-126.0,319.0,,-593.0,179.0,-236.0,-8.0,150.0
387.0,2454.0,-75.0,436.0,,-1223.0,-54.0,-332.0,-104.0,260.0
297.0,1741.0,-46.0,608.0,,-1032.0,-263.0,-22.0,-47.0,337.0
266.0,1094.0,-25.0,627.0,,-967.0,-403.0,175.0,18.0,399.0
260.0,1373.0,-20.0,376.0,,-971.0,-470.0,225.0,-23.0,398.0
229.0,1122.0,-59.0,166.0,,-985.0,-462.0,81.0,-177.0,381.0
196.0,-1173.0,-54.0,155.0,,-1381.0,-425.0,-229.0,-38.0,421.0
216.0,-525.0,-64.0,106.0,,-1345.0,-305.0,-240.0,8.0,439.0
235.0,1230.0,-89.0,20.0,,-1208.0,-172.0,-314.0,153.0,351.0
215.0,-497.0,-65.0,59.0,,-1104.0,-96.0,-195.0,183.0,291.0
199.0,-351.0,-55.0,16.0,,-1141.0,0.0,20.0,-326.0,199.0
234.0,165.0,-47.0,-113.0,,-1185.0,98.0,275.0,-377.0,36.0
263.0,-262.0,-34.0,-163.0,,-778.0,172.0,426.0,247.0,-73.0
263.0,-1429.0,-23.0,-131.0,,-977.0,185.0,206.0,448.0,-92.0
285.0,-1619.0,-38.0,24.0,,-1530.0,185.0,114.0,-202.0,-96.0
327.0,174.0,-30.0,99.0,,-1001.0,191.0,-181.0,-627.0,-151.0
368.0,602.0,10.0,107.0,,-740.0,127.0,-430.0,-294.0,-95.0
397.0,152.0,35.0,80.0,,-1287.0,57.0,-509.0,-68.0,23.0
423.0,71.0,24.0,75.0,,-962.0,44.0,-556.0,-314.0,78.0
429.0,333.0,-33.0,224.0,,-1118.0,70.0,-205.0,-568.0,139.0
442.0,-218.0,-76.0,303.0,,-1667.0,77.0,109.0,-668.0,280.0
470.0,76.0,-100.0,178.0,,-964.0,58.0,363.0,-448.0,450.0
476.0,1434.0,-117.0,-41.0,,-1076.0,70.0,506.0,-170.0,504.0
474.0,1432.0,-125.0,-157.0,,-1354.0,119.0,467.0,-162.0,576.0
437.0,1390.0,-114.0,-163.0,,-891.0,194.0,173.0,-169.0,659.0
364.0,1248.0,-93.0,-121.0,,-1234.0,249.0,-90.0,-313.0,606.0
300.0,788.0,-82.0,-196.0,,-1068.0,266.0,-18.0,-127.0,515.0
222.0,-47.0,-85.0,-335.0,,-618.0,220.0,-123.0,320.0,486.0
136.0,-714.0,-63.0,-330.0,,-1003.0,120.0,-27.0,337.0,495.0
87.0,876.0,-8.0,-273.0,,-1106.0,4.0,36.0,144.0,420.0
98.0,885.0,-28.0,-142.0,,-823.0,-140.0,-12.0,-55.0,374.0
89.0,298.0,-70.0,-51.0,,-497.0,-276.0,151.0,198.0,404.0
70.0,868.0,-54.0,82.0,,-313.0,-356.0,14.0,649.0,365.0
99.0,-495.0,-37.0,389.0,,-332.0,-400.0,-125.0,665.0,392.0
127.0,-795.0,-6.0,542.0,,-500.0,-436.0,-347.0,367.0,578.0
142.0,-204.0,39.0,505.0,,-952.0,-421.0,-585.0,75.0,675.0
102.0,508.0,21.0,314.0,,-1202.0,-355.0,-691.0,18.0,635.0
71.0,690.0,51.0,187.0,,-941.0,-248.0,-781.0,20.0,711.0
63.0,259.0,82.0,330.0,,-784.0,-148.0,-419.0,-89.0,815.0
65.0,-24.0,79.0,439.0,,-1048.0,-84.0,7.0,-482.0,796.0
71.0,-263.0,116.0,377.0,,-957.0,0.0,391.0,-627.0,734.0
45.0,-213.0,51.0,263.0,,-790.0,13.0,618.0,-474.0,642.0
95.0,-1080.0,10.0,183.0,,-740.0,-27.0,493.0,-549.0,529.0
131.0,47.0,-35.0,122.0,,-376.0,-70.0,354.0,-598.0,423.0
102.0,105.0,-79.0,-20.0,,-807.0,-123.0,101.0,-722.0,364.0
78.0,21.0,-48.0,-34.0,,-989.0,-121.0,-53.0,-706.0,321.0
100.0,544.0,-100.0,139.0,,-432.0,-77.0,-149.0,-313.0,218.0
109.0,-725.0,-133.0,0.0,,-1131.0,17.0,-129.0,-9.0,167.0
54.0,-868.0,-110.0,-251.0,,-1206.0,139.0,-75.0,167.0,194.0
29.0,-1101.0,-48.0,-350.0,,-412.0,197.0,-96.0,36.0,214.0
39.0,338.0,-5.0,-356.0,,-1041.0,250.0,77.0,-322.0,268.0
7.0,-56.0,12.0,-276.0,,-891.0,257.0,55.0,-118.0,304.0
-48.0,-1125.0,75.0,-370.0,,-500.0,210.0,-7.0,67.0,281.0
-52.0,-383.0,139.0,-434.0,,-1302.0,207.0,-199.0,40.0,273.0
-49.0,-536.0,146.0,-487.0,,-450.0,152.0,-406.0,13.0,300.0
-54.0,-270.0,111.0,-518.0,,-77.0,43.0,-430.0,-302.0,303.0
-79.0,-1021.0,158.0,-425.0,,-1362.0,-97.0,-539.0,-127.0,314.0
-64.0,-596.0,202.0,-358.0,,-1028.0,-224.0,-406.0,176.0,419.0
-7.0,514.0,152.0,-166.0,,-1003.0,-303.0,-352.0,186.0,538.0
14.0,821.0,68.0,-26.0,,-1565.0,-408.0,-253.0,121.0,571.0
0.0,1136.0,66.0,5.0,,-472.0,-459.0,-107.0,-191.0,592.0
13.0,848.0,39.0,168.0,,-367.0,-404.0,-5.0,-87.0,591.0
55.0,525.0,-39.0,271.0,,-1113.0,-269.0,297.0,502.0,505.0
7.0,870.0,-54.0,250.0,,-450.0,-101.0,391.0,647.0,410.0
-31.0,1178.0,-116.0,185.0,,-348.0,4.0,511.0,285.0,278.0
-41.0,955.0,-115.0,13.0,,-572.0,67.0,412.0,63.0,102.0
-19.0,378.0,-126.0,0.0,,-136.0,149.0,169.0,318.0,-42.0
-18.0,174.0,-174.0,256.0,,-559.0,195.0,12.0,528.0,-98.0
-16.0,511.0,-141.0,423.0,,-716.0,116.0,-234.0,376.0,-111.0
25.0,269.0,-135.0,354.0,,-625.0,-49.0,-232.0,304.0,-123.0
12.0,-202.0,-93.0,297.0,,-962.0,-213.0,-288.0,109.0,-86.0
22.0,-590.0,-27.0,295.0,,-369.0,-419.0,-153.0,151.0,18.0
21.0,-391.0,0.0,164.0,,-279.0,-585.0,-25.0,356.0,188.0
36.0,-1103.0,25.0,-96.0,,-655.0,-610.0,-68.0,242.0,308.0
46.0,-634.0,68.0,-349.0,,-513.0,-573.0,60.0,22.0,385.0
43.0,-616.0,96.0,-480.0,,-716.0,-481.0,-25.0,-244.0,479.0
40.0,-1421.0,167.0,-658.0,,-410.0,-373.0,-31.0,-166.0,532.0
38.0,156.0,222.0,-795.0,,-241.0,-233.0,-79.0,-21.0,510.0
42.0,203.0,201.0,-773.0,,-562.0,-97.0,31.0,-301.0,505.0
-15.0,-282.0,215.0,-750.0,,-266.0,-35.0,256.0,-862.0,510.0
-39.0,-276.0,204.0,-524.0,,-388.0,42.0,184.0,-722.0,431.0
-51.0,471.0,184.0,-176.0,,-761.0,82.0,157.0,-185.0,410.0
-38.0,-618.0,168.0,-63.0,,-296.0,65.0,-140.0,-118.0,446.0
-33.0,-875.0,111.0,-51.0,,-343.0,37.0,-371.0,-132.0,424.0
-45.0,577.0,77.0,26.0,,-883.0,-45.0,-532.0,-196.0,344.0
-21.0,-679.0,38.0,131.0,,-481.0,-196.0,-548.0,26.0,318.0
-69.0,-68.0,-14.0,184.0,,-452.0,-319.0,-269.0,199.0,310.0
-124.0,34.0,-3.0,188.0,,-654.0,-361.0,-155.0,378.0,212.0
-155.0,-427.0,-16.0,252.0,,-190.0,-348.0,129.0,606.0,138.0
-154.0,-498.0,-82.0,223.0,,-428.0,-258.0,199.0,316.0,97.0
-147.0,-231.0,-120.0,55.0,,-684.0,-205.0,210.0,256.0,70.0
-165.0,1419.0,-119.0,-134.0,,-229.0,-169.0,327.0,513.0,-3.0
-152.0,1416.0,-112.0,-417.0,,-244.0,-134.0,256.0,634.0,-19.0
-135.0,1498.0,-126.0,-506.0,,-320.0,-127.0,288.0,375.0,17.0
-112.0,1413.0,-141.0,-304.0,,-39.0,-85.0,118.0,-142.0,-58.0
-113.0,1065.0,-134.0,-176.0,,-352.0,-111.0,-62.0,-60.0,-59.0
-101.0,407.0,-86.0,-230.0,,-627.0,-221.0,-253.0,490.0,7.0
-61.0,-182.0,-57.0,-406.0,,-66.0,-337.0,-279.0,565.0,7.0
-54.0,161.0,-91.0,-612.0,,384.0,-399.0,-53.0,350.0,-11.0
-65.0,-22.0,-80.0,-723.0,,254.0,-427.0,40.0,379.0,71.0
-90.0,180.0,-39.0,-688.0,,300.0,-428.0,254.0,430.0,153.0
-74.0,-448.0,-37.0,-563.0,,458.0,-377.0,206.0,484.0,146.0
-85.0,-516.0,-22.0,-377.0,,357.0,-345.0,64.0,519.0,183.0
-160.0,-146.0,-34.0,-261.0,,363.0,-298.0,-35.0,322.0,272.0
-204.0,-866.0,41.0,-214.0,,130.0,-213.0,-175.0,391.0,396.0
-178.0,-194.0,112.0,-147.0,,54.0,-193.0,-127.0,494.0,428.0
-159.0,143.0,101.0,-107.0,,665.0,-194.0,-230.0,377.0,418.0
-189.0,-664.0,196.0,87.0,,654.0,-158.0,-175.0,484.0,443.0
-176.0,-1141.0,212.0,308.0,,133.0,-101.0,-94.0,256.0,455.0
-147.0,-598.0,198.0,275.0,,853.0,-59.0,14.0,217.0,442.0
-142.0,-511.0,249.0,123.0,,1285.0,-79.0,254.0,344.0,375.0
-170.0,-841.0,238.0,-138.0,,401.0,-134.0,341.0,198.0,329.0
-163.0,-493.0,220.0,-364.0,,506.0,-277.0,484.0,38.0,262.0
-84.0,-456.0,241.0,-480.0,,897.0,-430.0,382.0,-129.0,253.0
-41.0,-571.0,211.0,-456.0,,730.0,-547.0,332.0,-9.0,225.0
-62.0,-676.0,205.0,-276.0,,1042.0,-659.0,321.0,-268.0,124.0
-69.0,-249.0,214.0,-290.0,,1243.0,-687.0,301.0,-430.0,84.0
-45.0,-175.0,124.0,-398.0,,651.0,-643.0,454.0,-339.0,33.0
-55.0,-412.0,139.0,-352.0,,302.0,-524.0,365.0,-125.0,-7.0
-122.0,-308.0,140.0,-76.0,,897.0,-436.0,315.0,-210.0,-18.0
-184.0,158.0,99.0,213.0,,554.0,-332.0,157.0,-284.0,-42.0
-194.0,563.0,90.0,366.0,,-14.0,-191.0,20.0,275.0,-100.0
-219.0,-94.0,70.0,416.0,,749.0,-190.0,5.0,-80.0,-133.0
-269.0,-592.0,107.0,379.0,,760.0,-226.0,-9.0,-62.0,-186.0
-304.0,-310.0,109.0,280.0,,330.0,-265.0,214.0,275.0,-233.0
-304.0,-248.0,75.0,105.0,,705.0,-354.0,192.0,8.0,-268.0
-335.0,486.0,42.0,-42.0,,657.0,-420.0,182.0,-177.0,-347.0
-422.0,886.0,41.0,-158.0,,678.0,-434.0,192.0,-312.0,-305.0
-466.0,238.0,39.0,-144.0,,1016.0,-439.0,182.0,190.0,-218.0
-456.0,218.0,46.0,-206.0,,459.0,-397.0,362.0,286.0,-160.0
-491.0,-342.0,113.0,-433.0,,152.0,-274.0,391.0,-173.0,-119.0
-596.0,-665.0,127.0,-522.0,,529.0,-113.0,594.0,-117.0,-123.0
-625.0,-1134.0,127.0,-499.0,,621.0,30.0,703.0,141.0,-105.0
-609.0,-1124.0,137.0,-422.0,,510.0,104.0,642.0,398.0,-87.0
-612.0,-264.0,137.0,-339.0,,350.0,141.0,504.0,361.0,-80.0
-630.0,-572.0,128.0,-402.0,,615.0,140.0,251.0,131.0,-67.0
-590.0,-613.0,92.0,-534.0,,855.0,71.0,73.0,393.0,-64.0
-481.0,-627.0,75.0,-575.0,,576.0,-115.0,-303.0,446.0,-58.0
-445.0,-450.0,62.0,-473.0,,293.0,-293.0,-415.0,366.0,-31.0
-474.0,312.0,76.0,-397.0,,123.0,-450.0,-461.0,486.0,-33.0
-502.0,259.0,82.0,-198.0,,473.0,-624.0,-482.0,59.0,-59.0
-465.0,221.0,64.0,134.0,,533.0,-618.0,-275.0,-69.0,-39.0
-486.0,353.0,117.0,47.0,,-213.0,-533.0,-142.0,131.0,-6.0
-543.0,21.0,148.0,-62.0,,14.0,-397.0,164.0,43.0,-53.0
-545.0,526.0,154.0,-52.0,,724.0,-262.0,232.0,-220.0,-94.0
-512.0,563.0,218.0,-196.0,,398.0,-135.0,343.0,-532.0,-62.0
-457.0,714.0,286.0,-274.0,,512.0,35.0,432.0,-373.0,-103.0
-475.0,808.0,305.0,-280.0,,1145.0,79.0,304.0,18.0,-164.0
-433.0,786.0,274.0,-383.0,,379.0,207.0,339.0,35.0,-156.0
-356.0,1377.0,291.0,-587.0,,307.0,328.0,218.0,-236.0,-103.0
-331.0,232.0,291.0,-647.0,,1127.0,278.0,290.0,-330.0,-39.0
-344.0,-135.0,281.0,-579.0,,18.0,208.0,367.0,-251.0,-34.0
-355.0,508.0,266.0,-379.0,,-70.0,93.0,413.0,-143.0,22.0
-323.0,853.0,209.0,-196.0,,977.0,0.0,461.0,-242.0,94.0
-345.0,291.0,266.0,-6.0,,182.0,-85.0,254.0,-380.0,114.0
-377.0,50.0,263.0,117.0,,96.0,-105.0,136.0,-345.0,138.0
-400.0,596.0,218.0,0.0,,582.0,-65.0,11.0,-251.0,124.0
-394.0,-604.0,254.0,27.0,,137.0,-86.0,166.0,57.0,55.0
-419.0,-953.0,264.0,153.0,,928.0,-64.0,273.0,-28.0,-59.0
-503.0,59.0,261.0,262.0,,1483.0,5.0,280.0,-136.0,-123.0
-547.0,-122.0,250.0,257.0,,244.0,32.0,397.0,-133.0,-155.0
-556.0,-1144.0,270.0,176.0,,211.0,-17.0,147.0,-169.0,-231.0
-570.0,-1359.0,282.0,63.0,,788.0,-83.0,-25.0,223.0,-264.0
-650.0,-1092.0,269.0,-18.0,,-42.0,-157.0,-171.0,149.0,-250.0
-666.0,-1280.0,244.0,52.0,,-102.0,-298.0,-182.0,-163.0,-239.0
-611.0,-1914.0,284.0,43.0,,729.0,-468.0,-160.0,-193.0,-234.0
-613.0,-1494.0,373.0,-51.0,,634.0,-619.0,-273.0,65.0,-203.0
-676.0,-145.0,362.0,-194.0,,351.0,-703.0,-131.0,279.0,-146.0
-708.0,334.0,355.0,-145.0,,434.0,-706.0,-155.0,-23.0,-136.0
-636.0,668.0,415.0,-23.0,,304.0,-639.0,-70.0,-14.0,-97.0
-624.0,1462.0,485.0,40.0,,562.0,-538.0,48.0,188.0,40.0
-627.0,1400.0,485.0,19.0,,1131.0,-417.0,7.0,243.0,138.0
-592.0,1018.0,470.0,-215.0,,794.0,-249.0,18.0,320.0,157.0
-544.0,1189.0,485.0,-292.0,,250.0,-47.0,9.0,60.0,218.0
-504.0,854.0,482.0,-378.0,,519.0,149.0,197.0,-174.0,303.0
-532.0,373.0,488.0,-447.0,,921.0,281.0,273.0,13.0,262.0
-491.0,-269.0,484.0,-424.0,,772.0,355.0,347.0,75.0,192.0
-395.0,-386.0,510.0,-557.0,,679.0,356.0,349.0,34.0,152.0
-300.0,-791.0,484.0,-609.0,,871.0,268.0,240.0,-89.0,82.0
-269.0,-1139.0,443.0,-519.0,,703.0,150.0,256.0,-103.0,33.0
-286.0,-1012.0,403.0,-430.0,,455.0,18.0,205.0,155.0,-41.0
-265.0,-987.0,361.0,-331.0,,408.0,-62.0,352.0,-60.0,-120.0
-264.0,86.0,360.0,-280.0,,287.0,-110.0,273.0,-136.0,-108.0
-282.0,-115.0,318.0,-313.0,,447.0,-180.0,147.0,128.0,-78.0
-315.0,-136.0,307.0,-323.0,,826.0,-159.0,212.0,151.0,-98.0
-322.0,-440.0,313.0,-330.0,,749.0,-91.0,160.0,224.0,-60.0
-338.0,-955.0,322.0,-313.0,,594.0,-86.0,288.0,351.0,-8.0
-385.0,821.0,265.0,-225.0,,494.0,-86.0,290.0,414.0,33.0
-422.0,694.0,243.0,-176.0,,264.0,-76.0,397.0,242.0,132.0
-449.0,311.0,263.0,-114.0,,403.0,-106.0,539.0,151.0,168.0
-475.0,1386.0,216.0,68.0,,759.0,-199.0,593.0,424.0,142.0
-515.0,934.0,221.0,238.0,,805.0,-316.0,685.0,434.0,108.0
-531.0,38.0,193.0,383.0,,560.0,-404.0,519.0,71.0,91.0
-509.0,479.0,254.0,503.0,,392.0,-461.0,436.0,22.0,55.0
-476.0,550.0,269.0,515.0,,283.0,-476.0,169.0,66.0,26.0
-489.0,421.0,174.0,502.0,,269.0,-411.0,-75.0,-173.0,83.0
-472.0,1745.0,181.0,499.0,,420.0,-295.0,-188.0,-132.0,123.0
-432.0,1282.0,200.0,450.0,,244.0,-183.0,-450.0,99.0,117.0
-439.0,471.0,277.0,287.0,,85.0,-40.0,-489.0,280.0,175.0
-428.0,843.0,303.0,176.0,,441.0,130.0,-541.0,201.0,297.0
-382.0,386.0,302.0,263.0,,511.0,252.0,-448.0,35.0,307.0
-281.0,-348.0,369.0,221.0,,57.0,338.0,-295.0,225.0,259.0
-208.0,-535.0,356.0,-3.0,,303.0,358.0,-25.0,136.0,272.0
-180.0,-766.0,300.0,-153.0,,726.0,303.0,460.0,-15.0,242.0
-144.0,-1076.0,289.0,-277.0,,114.0,232.0,702.0,-19.0,170.0
-92.0,74.0,252.0,-384.0,,78.0,104.0,979.0,-64.0,56.0
-53.0,-357.0,195.0,-451.0,,650.0,-15.0,1031.0,-12.0,-61.0
-85.0,-1272.0,164.0,-404.0,,245.0,-55.0,946.0,-336.0,-148.0
-95.0,-1372.0,135.0,-325.0,,124.0,-71.0,801.0,-544.0,-229.0
-78.0,-1142.0,171.0,-255.0,,638.0,-68.0,491.0,-471.0,-264.0
-86.0,-172.0,155.0,8.0,,378.0,-96.0,388.0,-524.0,-279.0
-150.0,-854.0,102.0,183.0,,326.0,-121.0,121.0,-497.0,-294.0
-211.0,-112.0,122.0,280.0,,830.0,-91.0,-112.0,-415.0,-309.0
-207.0,703.0,154.0,442.0,,308.0,-151.0,-339.0,18.0,-274.0
-236.0,-72.0,153.0,431.0,,-17.0,-225.0,-463.0,324.0,-223.0
-313.0,315.0,155.0,261.0,,504.0,-221.0,-399.0,220.0,-215.0
-347.0,-8.0,189.0,89.0,,-81.0,-254.0,-351.0,333.0,-168.0
-321.0,-165.0,174.0,38.0,,-636.0,-266.0,-49.0,261.0,-142.0
-308.0,902.0,191.0,-70.0,,315.0,-209.0,68.0,112.0,-184.0
-275.0,471.0,144.0,-153.0,,521.0,-153.0,269.0,181.0,-210.0
-203.0,148.0,110.0,-31.0,,37.0,-115.0,354.0,14.0,-222.0
-155.0,538.0,184.0,-79.0,,491.0,-138.0,145.0,135.0,-242.0
-144.0,-163.0,191.0,-270.0,,382.0,-172.0,123.0,387.0,-286.0
-142.0,-702.0,194.0,-249.0,,-75.0,-193.0,-36.0,238.0,-304.0
-120.0,-191.0,223.0,-162.0,,137.0,-183.0,-9.0,263.0,-276.0
-119.0,731.0,258.0,-159.0,,87.0,-73.0,-44.0,252.0,-306.0
-168.0,84.0,243.0,-121.0,,-138.0,49.0,-179.0,109.0,-354.0
-242.0,283.0,217.0,-170.0,,-48.0,133.0,-219.0,27.0,-341.0
-305.0,726.0,198.0,-303.0,,33.0,140.0,-282.0,-60.0,-310.0
-339.0,-530.0,156.0,-200.0,,-223.0,115.0,-114.0,-318.0,-324.0
-359.0,-477.0,125.0,90.0,,-190.0,59.0,-16.0,-687.0,-344.0
-392.0,-735.0,76.0,294.0,,244.0,-27.0,330.0,-543.0,-331.0
-408.0,-151.0,70.0,365.0,,310.0,-47.0,576.0,-472.0,-330.0
-429.0,631.0,96.0,356.0,,348.0,-40.0,574.0,-628.0,-339.0
-473.0,26.0,73.0,369.0,,626.0,2.0,567.0,-663.0,-359.0
-489.0,346.0,73.0,323.0,,366.0,20.0,269.0,-627.0,-346.0
-513.0,-59.0,116.0,260.0,,-64.0,22.0,179.0,-439.0,-319.0
-500.0,-360.0,103.0,266.0,,217.0,67.0,14.0,-136.0,-299.0
-480.0,-11.0,103.0,188.0,,130.0,110.0,-3.0,85.0,-227.0
-460.0,-139.0,103.0,172.0,,-379.0,178.0,158.0,-331.0,-180.0
-398.0,-407.0,123.0,166.0,,-25.0,245.0,182.0,-307.0,-179.0
-391.0,-455.0,150.0,162.0,,168.0,274.0,408.0,180.0,-149.0
-388.0,-594.0,80.0,263.0,,-161.0,255.0,345.0,157.0,-98.0
-366.0,-931.0,55.0,359.0,,4.0,218.0,192.0,131.0,-78.0
-304.0,-790.0,44.0,418.0,,182.0,172.0,-44.0,75.0,-60.0
-202.0,-934.0,28.0,426.0,,-8.0,49.0,-232.0,-20.0,-31.0
-121.0,-43.0,35.0,408.0,,25.0,-67.0,-160.0,-125.0,-46.0
-56.0,1239.0,26.0,362.0,,143.0,-118.0,-279.0,62.0,-22.0
22.0,1141.0,31.0,319.0,,-160.0,-235.0,-279.0,-81.0,26.0
114.0,850.0,49.0,193.0,,-1.0,-311.0,-317.0,-459.0,15.0
131.0,913.0,60.0,3.0,,198.0,-243.0,-267.0,-141.0,26.0
101.0,1076.0,75.0,-99.0,,-332.0,-86.0,-164.0,-57.0,60.0
92.0,370.0,123.0,-214.0,,-114.0,96.0,-153.0,27.0,74.0
129.0,-61.0,138.0,-307.0,,232.0,221.0,24.0,-20.0,79.0
141.0,272.0,109.0,-434.0,,-267.0,296.0,51.0,-393.0,105.0
141.0,265.0,120.0,-456.0,,-162.0,339.0,212.0,-224.0,125.0
183.0,-475.0,150.0,-181.0,,235.0,350.0,254.0,58.0,63.0
195.0,-910.0,138.0,-9.0,,-46.0,364.0,216.0,169.0,16.0
184.0,-577.0,173.0,22.0,,0.0,373.0,227.0,251.0,0.0
124.0,-999.0,185.0,-51.0,,158.0,342.0,-3.0,232.0,-40.0
90.0,-621.0,173.0,-94.0,,-253.0,349.0,-121.0,1.0,-58.0
99.0,-516.0,184.0,4.0,,-361.0,400.0,-327.0,179.0,-67.0
70.0,-1172.0,173.0,37.0,,-252.0,448.0,-297.0,521.0,-80.0
48.0,-575.0,154.0,180.0,,-547.0,528.0,-86.0,320.0,-136.0
44.0,-857.0,133.0,418.0,,-523.0,620.0,99.0,171.0,-121.0
72.0,-1256.0,143.0,573.0,,-194.0,657.0,399.0,-19.0,-47.0
106.0,-635.0,90.0,600.0,,-550.0,671.0,426.0,42.0,-42.0
112.0,121.0,58.0,579.0,,-680.0,719.0,491.0,225.0,-59.0
83.0,596.0,14.0,536.0,,35.0,779.0,484.0,-107.0,-102.0
29.0,243.0,-56.0,405.0,,81.0,836.0,448.0,-199.0,-135.0
24.0,312.0,-64.0,227.0,,-556.0,853.0,434.0,-133.0,-257.0
106.0,657.0,-81.0,-38.0,,-582.0,794.0,242.0,-56.0,-425.0
169.0,275.0,-101.0,-306.0,,-454.0,656.0,153.0,40.0,-512.0
164.0,-36.0,-160.0,-408.0,,-626.0,494.0,-92.0,71.0,-606.0
166.0,695.0,-183.0,-318.0,,-325.0,377.0,-192.0,-20.0,-717.0
195.0,439.0,-253.0,-17.0,,-194.0,302.0,-81.0,-319.0,-794.0
222.0,-303.0,-328.0,224.0,,-776.0,248.0,42.0,-73.0,-806.0
224.0,593.0,-320.0,328.0,,-770.0,210.0,288.0,80.0,-854.0
229.0,11.0,-313.0,395.0,,-219.0,182.0,330.0,-155.0,-879.0
258.0,-281.0,-291.0,332.0,,-75.0,177.0,430.0,-204.0,-755.0
253.0,85.0,-307.0,371.0,,-46.0,211.0,448.0,-163.0,-617.0
213.0,-104.0,-292.0,470.0,,141.0,246.0,421.0,105.0,-579.0
169.0,389.0,-268.0,570.0,,2.0,272.0,521.0,284.0,-514.0
102.0,-240.0,-257.0,585.0,,-315.0,331.0,513.0,253.0,-411.0
43.0,-608.0,-239.0,379.0,,-159.0,399.0,550.0,164.0,-382.0
0.0,-792.0,-222.0,271.0,,-151.0,412.0,402.0,219.0,-338.0
-42.0,-722.0,-164.0,204.0,,-394.0,407.0,371.0,146.0,-288.0
-66.0,-347.0,-141.0,14.0,,-148.0,381.0,334.0,-34.0,-237.0
-82.0,-652.0,-139.0,-116.0,,101.0,361.0,162.0,-218.0,-209.0
-116.0,-456.0,-124.0,-206.0,,-178.0,356.0,103.0,-665.0,-182.0
-147.0,-350.0,-112.0,-305.0,,-432.0,319.0,-57.0,-534.0,-149.0
-173.0,-599.0,-89.0,-314.0,,-264.0,281.0,64.0,-322.0,-189.0
-211.0,-197.0,-91.0,-328.0,,-241.0,281.0,77.0,-155.0,-201.0
-231.0,-45.0,-79.0,-303.0,,-328.0,331.0,110.0,215.0,-209.0
-233.0,-740.0,-68.0,-163.0,,-183.0,406.0,323.0,43.0,-188.0
-215.0,-67.0,-115.0,66.0,,-135.0,500.0,369.0,93.0,-172.0
-217.0,955.0,-111.0,137.0,,119.0,589.0,522.0,423.0,-153.0
-191.0,208.0,-118.0,88.0,,328.0,650.0,419.0,464.0,-91.0
-124.0,-644.0,-149.0,252.0,,-11.0,656.0,395.0,546.0,-33.0
-86.0,-400.0,-160.0,392.0,,-77.0,655.0,371.0,525.0,48.0
-108.0,24.0,-179.0,422.0,,-131.0,671.0,240.0,76.0,74.0
-150.0,417.0,-160.0,377.0,,-510.0,590.0,256.0,89.0,74.0
-142.0,206.0,-211.0,437.0,,-25.0,436.0,131.0,257.0,90.0
-101.0,-53.0,-219.0,568.0,,603.0,266.0,149.0,52.0,95.0
-35.0,424.0,-183.0,560.0,,-88.0,76.0,114.0,108.0,23.0
-36.0,615.0,-154.0,481.0,,-168.0,-81.0,168.0,-60.0,-89.0
14.0,703.0,-105.0,241.0,,801.0,-105.0,232.0,40.0,-192.0
110.0,289.0,-143.0,83.0,,275.0,-49.0,223.0,406.0,-287.0
139.0,-143.0,-129.0,83.0,,-375.0,16.0,299.0,318.0,-381.0
124.0,438.0,-70.0,-53.0,,728.0,121.0,151.0,83.0,-507.0
117.0,1257.0,-58.0,-221.0,,896.0,174.0,181.0,-39.0,-563.0
184.0,696.0,-36.0,-263.0,,-559.0,163.0,133.0,38.0,-589.0
173.0,-124.0,-10.0,-304.0,,-89.0,158.0,101.0,117.0,-586.0
127.0,-189.0,-21.0,-365.0,,1238.0,132.0,234.0,309.0,-546.0
102.0,-391.0,-16.0,-323.0,,300.0,35.0,158.0,343.0,-492.0
115.0,79.0,-41.0,-78.0,,-250.0,-63.0,216.0,-24.0,-401.0
123.0,339.0,-27.0,223.0,,901.0,-121.0,199.0,-63.0,-312.0
82.0,183.0,-22.0,349.0,,820.0,-150.0,190.0,189.0,-198.0
65.0,289.0,-79.0,495.0,,-315.0,-143.0,147.0,64.0,-54.0
45.0,798.0,-107.0,723.0,,-72.0,-140.0,155.0,-165.0,62.0
24.0,473.0,-138.0,791.0,,477.0,-125.0,376.0,-472.0,81.0
-13.0,-779.0,-116.0,660.0,,2.0,-70.0,304.0,-540.0,82.0
-10.0,-818.0,-165.0,485.0,,-338.0,-23.0,249.0,-160.0,68.0
44.0,-937.0,-150.0,349.0,,-83.0,-36.0,103.0,-263.0,56.0
73.0,-922.0,-105.0,158.0,,369.0,-59.0,-81.0,-611.0,37.0
91.0,-573.0,-88.0,13.0,,231.0,-27.0,-138.0,-648.0,-66.0
134.0,-722.0,-54.0,62.0,,-546.0,12.0,-173.0,-477.0,-130.0
164.0,-686.0,-85.0,84.0,,-546.0,-8.0,16.0,3.0,-178.0
148.0,-378.0,-56.0,59.0,,156.0,-59.0,48.0,143.0,-246.0
112.0,-796.0,-67.0,62.0,,213.0,-115.0,94.0,-80.0,-315.0
128.0,-1475.0,-87.0,-6.0,,-334.0,-229.0,44.0,150.0,-348.0
147.0,-218.0,-119.0,26.0,,-529.0,-327.0,-68.0,322.0,-389.0
122.0,274.0,-131.0,37.0,,-273.0,-350.0,-81.0,496.0,-495.0
116.0,-418.0,-108.0,-63.0,,-18.0,-393.0,-269.0,706.0,-527.0
128.0,66.0,-136.0,-93.0,,497.0,-447.0,-206.0,531.0,-460.0
114.0,1062.0,-155.0,-93.0,,399.0,-436.0,-251.0,415.0,-332.0
32.0,1447.0,-172.0,-79.0,,-753.0,-413.0,-254.0,412.0,-221.0
-27.0,870.0,-129.0,-89.0,,-944.0,-378.0,-118.0,536.0,-99.0
-5.0,1140.0,-81.0,-13.0,,93.0,-288.0,-147.0,630.0,52.0
3.0,1404.0,3.0,195.0,,525.0,-152.0,27.0,387.0,138.0
-52.0,1235.0,97.0,262.0,,55.0,-9.0,70.0,22.0,234.0
-81.0,972.0,121.0,300.0,,-81.0,42.0,112.0,175.0,326.0
-23.0,270.0,155.0,413.0,,-40.0,4.0,49.0,554.0,319.0
35.0,1031.0,160.0,460.0,,-402.0,-84.0,-86.0,354.0,241.0
41.0,906.0,161.0,498.0,,2.0,-204.0,-149.0,-32.0,199.0
72.0,-324.0,150.0,492.0,,740.0,-317.0,-400.0,-121.0,145.0
156.0,-153.0,119.0,432.0,,42.0,-434.0,-430.0,-167.0,19.0
208.0,-497.0,112.0,336.0,,-630.0,-556.0,-502.0,-323.0,-89.0
205.0,-1404.0,123.0,319.0,,19.0,-612.0,-506.0,-435.0,-106.0
224.0,-1650.0,117.0,276.0,,253.0,-585.0,-467.0,-591.0,-101.0
297.0,-659.0,62.0,129.0,,-233.0,-599.0,-539.0,-712.0,-175.0
337.0,75.0,32.0,133.0,,-173.0,-659.0,-532.0,-551.0,-202.0
321.0,-261.0,43.0,192.0,,57.0,-656.0,-687.0,-267.0,-143.0
311.0,356.0,18.0,139.0,,-590.0,-576.0,-681.0,-154.0,-136.0
337.0,488.0,-32.0,69.0,,-903.0,-490.0,-744.0,-295.0,-186.0
328.0,-618.0,-54.0,157.0,,62.0,-453.0,-811.0,-457.0,-187.0
314.0,-1209.0,-78.0,252.0,,542.0,-421.0,-818.0,-220.0,-214.0
316.0,-691.0,-98.0,308.0,,-115.0,-403.0,-934.0,180.0,-287.0
336.0,-262.0,-137.0,338.0,,-480.0,-458.0,-739.0,40.0,-326.0
368.0,-426.0,-177.0,262.0,,-189.0,-487.0,-661.0,-179.0,-363.0
332.0,65.0,-180.0,193.0,,-352.0,-459.0,-521.0,-152.0,-401.0
310.0,-24.0,-188.0,105.0,,-459.0,-370.0,-328.0,-111.0,-453.0
338.0,-895.0,-171.0,121.0,,317.0,-202.0,-332.0,170.0,-427.0
342.0,-1805.0,-135.0,197.0,,442.0,-67.0,-267.0,306.0,-305.0
292.0,-1449.0,-111.0,227.0,,-345.0,21.0,-397.0,125.0,-130.0
248.0,-677.0,-81.0,189.0,,-248.0,103.0,-432.0,56.0,45.0
221.0,-1593.0,-37.0,129.0,,195.0,142.0,-548.0,260.0,216.0
189.0,-513.0,38.0,163.0,,2.0,99.0,-700.0,396.0,407.0
145.0,858.0,116.0,162.0,,289.0,-17.0,-663.0,385.0,574.0
122.0,716.0,117.0,110.0,,313.0,-159.0,-615.0,326.0,731.0
126.0,1070.0,91.0,4.0,,-770.0,-320.0,-378.0,161.0,800.0
113.0,1325.0,100.0,-58.0,,-799.0,-487.0,-351.0,217.0,758.0
88.0,2293.0,99.0,7.0,,648.0,-635.0,-371.0,285.0,720.0
79.0,2430.0,91.0,100.0,,838.0,-743.0,-448.0,199.0,689.0
114.0,1535.0,96.0,72.0,,-291.0,-776.0,-537.0,141.0,632.0
113.0,1420.0,73.0,-33.0,,-392.0,-701.0,-493.0,66.0,623.0
75.0,1563.0,67.0,-69.0,,121.0,-595.0,-600.0,186.0,603.0
70.0,851.0,6.0,-87.0,,313.0,-542.0,-535.0,390.0,525.0
118.0,320.0,-47.0,-166.0,,255.0,-461.0,-615.0,64.0,467.0
145.0,117.0,-17.0,-303.0,,-204.0,-347.0,-609.0,-283.0,434.0
117.0,-801.0,-46.0,-333.0,,-467.0,-264.0,-604.0,-318.0,445.0
129.0,-554.0,-71.0,-332.0,,-469.0,-250.0,-729.0,-237.0,469.0
209.0,-409.0,-58.0,-410.0,,-535.0,-340.0,-609.0,-43.0,521.0
225.0,-1029.0,4.0,-453.0,,-106.0,-428.0,-711.0,-121.0,572.0
153.0,-401.0,15.0,-392.0,,268.0,-453.0,-683.0,-335.0,597.0
162.0,28.0,-12.0,-321.0,,-26.0,-486.0,-707.0,-467.0,660.0
216.0,364.0,-14.0,-381.0,,-141.0,-526.0,-740.0,-60.0,708.0
221.0,1389.0,-11.0,-418.0,,161.0,-542.0,-630.0,95.0,648.0
181.0,1216.0,-9.0,-415.0,,356.0,-507.0,-759.0,-182.0,507.0
203.0,389.0,4.0,-315.0,,404.0,-393.0,-720.0,-139.0,417.0
258.0,660.0,48.0,-134.0,,441.0,-225.0,-785.0,-313.0,385.0
252.0,546.0,104.0,-108.0,,130.0,-116.0,-807.0,-211.0,298.0
198.0,-77.0,140.0,-162.0,,-51.0,-61.0,-864.0,62.0,184.0
141.0,69.0,109.0,-206.0,,388.0,-24.0,-982.0,268.0,175.0
148.0,-111.0,170.0,-80.0,,600.0,-43.0,-822.0,53.0,220.0
97.0,-248.0,195.0,183.0,,322.0,-104.0,-753.0,-231.0,296.0
15.0,-352.0,174.0,323.0,,310.0,-202.0,-524.0,201.0,389.0
8.0,-466.0,124.0,392.0,,512.0,-317.0,-445.0,284.0,412.0
58.0,-288.0,112.0,311.0,,297.0,-468.0,-448.0,251.0,419.0
52.0,-372.0,135.0,-53.0,,526.0,-629.0,-376.0,44.0,421.0
3.0,131.0,29.0,-339.0,,1108.0,-777.0,-338.0,-330.0,424.0
59.0,454.0,25.0,-429.0,,644.0,-898.0,-127.0,-72.0,356.0
131.0,986.0,16.0,-486.0,,1.0,-947.0,-194.0,78.0,186.0
107.0,1336.0,-6.0,-470.0,,322.0,-966.0,-90.0,-353.0,60.0
40.0,843.0,-65.0,-317.0,,606.0,-950.0,9.0,-686.0,-44.0
50.0,1127.0,-136.0,-121.0,,315.0,-902.0,-20.0,-569.0,-183.0
104.0,1544.0,-142.0,-71.0,,206.0,-816.0,5.0,-563.0,-246.0
109.0,999.0,-131.0,0.0,,-21.0,-713.0,-280.0,-362.0,-269.0
98.0,373.0,-136.0,126.0,,-17.0,-611.0,-334.0,-168.0,-325.0
156.0,819.0,-203.0,209.0,,712.0,-497.0,-461.0,-385.0,-291.0
241.0,115.0,-161.0,310.0,,635.0,-406.0,-661.0,-259.0,-198.0
255.0,-232.0,-134.0,394.0,,-110.0,-321.0,-881.0,-172.0,-133.0
266.0,-112.0,-154.0,388.0,,306.0,-257.0,-1317.0,-14.0,-75.0
355.0,-1431.0,-160.0,310.0,,1030.0,-230.0,-1563.0,183.0,-23.0
431.0,-1366.0,-123.0,237.0,,644.0,-180.0,-1749.0,-95.0,72.0
407.0,-858.0,-65.0,62.0,,177.0,-167.0,-1491.0,-73.0,119.0
362.0,-133.0,-59.0,-8.0,,93.0,-206.0,-1019.0,172.0,79.0
382.0,-310.0,-32.0,11.0,,319.0,-213.0,-598.0,384.0,75.0
398.0,-195.0,-32.0,10.0,,966.0,-244.0,-236.0,368.0,83.0
338.0,618.0,-56.0,-4.0,,863.0,-294.0,-66.0,-32.0,57.0
280.0,271.0,-133.0,-213.0,,-233.0,-373.0,297.0,-15.0,32.0
299.0,677.0,-210.0,-196.0,,-395.0,-491.0,439.0,315.0,11.0
322.0,312.0,-258.0,-6.0,,546.0,-565.0,432.0,418.0,-7.0
233.0,-83.0,-326.0,-22.0,,651.0,-593.0,256.0,415.0,34.0
147.0,-813.0,-364.0,-14.0,,270.0,-580.0,-210.0,196.0,104.0
167.0,-858.0,-389.0,10.0,,296.0,-611.0,-654.0,-116.0,171.0
235.0,-136.0,-399.0,-61.0,,150.0,-681.0,-1143.0,-30.0,239.0
261.0,-221.0,-412.0,-105.0,,214.0,-660.0,-1261.0,42.0,278.0
288.0,-115.0,-442.0,-134.0,,753.0,-589.0,-1228.0,-72.0,329.0
425.0,-375.0,-451.0,-195.0,,406.0,-533.0,-1090.0,-167.0,385.0
515.0,257.0,-415.0,-306.0,,-666.0,-493.0,-726.0,-352.0,422.0
431.0,180.0,-413.0,-400.0,,-391.0,-437.0,-439.0,-295.0,437.0
307.0,-207.0,-418.0,-394.0,,747.0,-378.0,-29.0,50.0,466.0
302.0,-498.0,-392.0,-359.0,,602.0,-355.0,218.0,234.0,469.0
306.0,194.0,-338.0,-320.0,,-223.0,-344.0,371.0,46.0,472.0
239.0,1171.0,-326.0,-361.0,,-35.0,-296.0,351.0,-18.0,544.0
189.0,601.0,-351.0,-310.0,,447.0,-224.0,125.0,226.0,534.0
237.0,642.0,-294.0,-111.0,,276.0,-170.0,-38.0,387.0,457.0
304.0,-80.0,-257.0,102.0,,205.0,-146.0,-347.0,344.0,437.0
220.0,36.0,-239.0,208.0,,253.0,-206.0,-513.0,198.0,438.0
114.0,-91.0,-240.0,195.0,,-16.0,-294.0,-740.0,-78.0,419.0
89.0,-680.0,-278.0,168.0,,-108.0,-350.0,-946.0,-127.0,434.0
88.0,-231.0,-284.0,121.0,,173.0,-424.0,-1010.0,395.0,441.0
-1.0,-160.0,-305.0,134.0,,233.0,-442.0,-1053.0,515.0,357.0
-82.0,340.0,-366.0,172.0,,-26.0,-408.0,-735.0,13.0,294.0
-59.0,75.0,-310.0,342.0,,-14.0,-392.0,-533.0,-313.0,324.0
-44.0,-422.0,-228.0,375.0,,265.0,-304.0,-375.0,-308.0,362.0
-78.0,-989.0,-238.0,272.0,,200.0,-169.0,-338.0,-110.0,297.0
-108.0,-405.0,-202.0,300.0,,-396.0,-100.0,-365.0,-55.0,260.0
-79.0,-57.0,-184.0,256.0,,-237.0,1.0,-199.0,-329.0,303.0
-81.0,-1065.0,-184.0,200.0,,705.0,144.0,-195.0,-606.0,324.0
-135.0,-280.0,-197.0,62.0,,301.0,222.0,-20.0,-339.0,327.0
-202.0,9.0,-247.0,-184.0,,-571.0,203.0,-46.0,95.0,354.0
-171.0,-232.0,-251.0,-346.0,,223.0,145.0,-158.0,196.0,393.0
-129.0,-63.0,-235.0,-294.0,,807.0,132.0,-315.0,17.0,358.0
-145.0,-211.0,-279.0,-191.0,,-89.0,87.0,-644.0,-145.0,337.0
-108.0,-308.0,-321.0,-108.0,,-79.0,26.0,-687.0,0.0,356.0
-48.0,-594.0,-328.0,116.0,,352.0,-6.0,-740.0,111.0,365.0
-27.0,-388.0,-360.0,270.0,,-304.0,-33.0,-543.0,123.0,350.0
-60.0,-21.0,-447.0,249.0,,-253.0,31.0,-380.0,-36.0,315.0
-19.0,153.0,-493.0,173.0,,420.0,129.0,-153.0,-279.0,295.0
56.0,930.0,-480.0,69.0,,114.0,147.0,240.0,-454.0,237.0
55.0,1580.0,-453.0,-52.0,,-189.0,123.0,482.0,-336.0,183.0
44.0,1169.0,-462.0,-134.0,,173.0,117.0,912.0,-36.0,204.0
91.0,820.0,-476.0,-112.0,,72.0,136.0,960.0,-227.0,284.0
134.0,1228.0,-415.0,-174.0,,-196.0,118.0,835.0,-372.0,258.0
106.0,1060.0,-407.0,-402.0,,-225.0,84.0,524.0,-255.0,232.0
41.0,273.0,-417.0,-552.0,,-514.0,80.0,86.0,-95.0,298.0
42.0,919.0,-373.0,-588.0,,-500.0,85.0,-79.0,123.0,228.0
73.0,1314.0,-288.0,-591.0,,-75.0,110.0,-327.0,102.0,127.0
53.0,614.0,-233.0,-581.0,,-97.0,141.0,-330.0,-78.0,134.0
8.0,659.0,-202.0,-534.0,,-382.0,119.0,-437.0,137.0,86.0
-13.0,96.0,-174.0,-423.0,,-181.0,56.0,-356.0,435.0,-80.0
28.0,-931.0,-140.0,-281.0,,-86.0,50.0,-73.0,317.0,-131.0
46.0,-954.0,-94.0,-235.0,,-389.0,121.0,9.0,282.0,-115.0
31.0,-918.0,-99.0,-294.0,,-534.0,186.0,168.0,235.0,-208.0
46.0,-1304.0,-59.0,-270.0,,-590.0,202.0,-33.0,118.0,-331.0
132.0,-1153.0,-54.0,-121.0,,-460.0,267.0,-53.0,273.0,-314.0
212.0,-1033.0,-76.0,83.0,,-63.0,424.0,-77.0,460.0,-224.0
244.0,-1165.0,-159.0,216.0,,-164.0,568.0,-164.0,291.0,-238.0
316.0,-1772.0,-180.0,186.0,,-949.0,617.0,-36.0,194.0,-137.0
370.0,-2015.0,-152.0,206.0,,-963.0,572.0,-153.0,259.0,-3.0
356.0,-798.0,-228.0,250.0,,-300.0,562.0,-129.0,157.0,27.0
322.0,-487.0,-240.0,214.0,,-517.0,593.0,-234.0,205.0,100.0
311.0,-222.0,-206.0,55.0,,-911.0,612.0,-266.0,131.0,213.0
324.0,512.0,-136.0,-207.0,,-484.0,632.0,-203.0,-115.0,291.0
343.0,805.0,-164.0,-249.0,,-402.0,612.0,-262.0,-183.0,293.0
334.0,1005.0,-200.0,-243.0,,-976.0,609.0,-123.0,-163.0,296.0
347.0,853.0,-161.0,-225.0,,-807.0,629.0,-105.0,-176.0,323.0
342.0,1322.0,-111.0,-179.0,,-530.0,572.0,12.0,-164.0,313.0
316.0,1097.0,-125.0,-235.0,,-928.0,494.0,25.0,-182.0,230.0
303.0,413.0,-184.0,-325.0,,-707.0,478.0,49.0,-195.0,219.0
286.0,533.0,-138.0,-390.0,,-175.0,487.0,181.0,-24.0,228.0
268.0,390.0,-125.0,-255.0,,-584.0,526.0,243.0,43.0,128.0
222.0,-138.0,-169.0,-88.0,,-987.0,534.0,576.0,205.0,63.0
197.0,-451.0,-227.0,121.0,,-558.0,501.0,731.0,181.0,83.0
181.0,-123.0,-194.0,231.0,,-268.0,503.0,951.0,-52.0,104.0
133.0,-56.0,-190.0,240.0,,-603.0,509.0,1073.0,220.0,47.0
30.0,-515.0,-190.0,392.0,,-984.0,515.0,842.0,371.0,-17.0
-44.0,-607.0,-170.0,465.0,,-690.0,537.0,587.0,195.0,-28.0
-86.0,217.0,-195.0,444.0,,-231.0,569.0,144.0,-1.0,-98.0
-146.0,160.0,-173.0,294.0,,-492.0,596.0,-101.0,-30.0,-226.0
-202.0,-379.0,-242.0,143.0,,-815.0,609.0,-338.0,63.0,-282.0
-245.0,-533.0,-261.0,76.0,,-603.0,604.0,-413.0,106.0,-324.0
-228.0,-717.0,-230.0,-19.0,,-409.0,565.0,-214.0,-100.0,-448.0
-194.0,95.0,-213.0,-161.0,,-582.0,552.0,-25.0,-559.0,-453.0
-210.0,-480.0,-198.0,-333.0,,-652.0,608.0,264.0,-372.0,-347.0
-242.0,-642.0,-177.0,-480.0,,-550.0,659.0,256.0,-118.0,-385.0
-227.0,119.0,-133.0,-608.0,,-646.0,693.0,254.0,-135.0,-446.0
-224.0,-320.0,-159.0,-546.0,,-653.0,716.0,219.0,-177.0,-437.0
-250.0,350.0,-205.0,-377.0,,-281.0,705.0,212.0,-421.0,-412.0
-223.0,621.0,-202.0,-261.0,,89.0,702.0,430.0,-343.0,-399.0
-153.0,637.0,-166.0,-163.0,,-23.0,709.0,493.0,-171.0,-384.0
-120.0,1012.0,-178.0,-154.0,,-544.0,698.0,646.0,-66.0,-274.0
-113.0,863.0,-137.0,-65.0,,-819.0,668.0,585.0,-117.0,-194.0
-88.0,885.0,-79.0,226.0,,-622.0,589.0,484.0,-396.0,-148.0
-47.0,253.0,-34.0,453.0,,-640.0,521.0,393.0,-414.0,-29.0
-76.0,-84.0,-5.0,426.0,,-1205.0,539.0,125.0,-1.0,68.0
-146.0,-625.0,-12.0,256.0,,-1145.0,573.0,24.0,135.0,48.0
-131.0,-1130.0,29.0,46.0,,-177.0,625.0,-171.0,-181.0,85.0
-117.0,-795.0,73.0,-128.0,,212.0,739.0,-225.0,-293.0,228.0
-153.0,-1028.0,70.0,-233.0,,-84.0,827.0,-284.0,-416.0,249.0
-183.0,-480.0,62.0,-289.0,,-182.0,858.0,-288.0,-208.0,195.0
-145.0,-48.0,129.0,-313.0,,-66.0,914.0,-42.0,210.0,225.0
-140.0,6.0,132.0,-351.0,,-253.0,1026.0,218.0,65.0,290.0
-197.0,554.0,77.0,-360.0,,-435.0,1160.0,652.0,-164.0,281.0
-256.0,554.0,41.0,-263.0,,-258.0,1193.0,779.0,-306.0,223.0
-242.0,730.0,46.0,-81.0,,-105.0,1080.0,824.0,-224.0,175.0
-181.0,1027.0,33.0,-82.0,,110.0,944.0,812.0,123.0,138.0
-202.0,661.0,-9.0,-249.0,,137.0,835.0,705.0,38.0,57.0
-160.0,465.0,17.0,-322.0,,-143.0,748.0,692.0,-282.0,53.0
-82.0,560.0,7.0,-249.0,,-88.0,672.0,424.0,-308.0,107.0
-13.0,100.0,8.0,-120.0,,408.0,627.0,351.0,-81.0,47.0
-16.0,-232.0,-12.0,-117.0,,603.0,640.0,171.0,95.0,33.0
4.0,-347.0,-15.0,-62.0,,223.0,713.0,42.0,-36.0,55.0
91.0,-390.0,13.0,72.0,,-46.0,779.0,73.0,-151.0,29.0
87.0,-1017.0,-2.0,51.0,,33.0,733.0,-64.0,-123.0,-37.0
98.0,-1384.0,1.0,-138.0,,240.0,688.0,29.0,202.0,-151.0
126.0,-589.0,24.0,-252.0,,337.0,725.0,-90.0,567.0,-183.0
171.0,-701.0,91.0,-220.0,,362.0,785.0,-147.0,475.0,-161.0
147.0,-821.0,119.0,-272.0,,394.0,837.0,-77.0,330.0,-213.0
126.0,-265.0,78.0,-339.0,,365.0,903.0,35.0,184.0,-266.0
150.0,-297.0,91.0,-305.0,,365.0,936.0,339.0,304.0,-261.0
151.0,-707.0,127.0,-186.0,,352.0,886.0,443.0,677.0,-307.0
151.0,-326.0,97.0,-89.0,,187.0,846.0,550.0,544.0,-355.0
84.0,722.0,28.0,-3.0,,-66.0,807.0,430.0,107.0,-342.0
42.0,565.0,-43.0,-43.0,,-77.0,755.0,389.0,-84.0,-306.0
14.0,189.0,-62.0,-229.0,,31.0,701.0,480.0,-11.0,-216.0
3.0,231.0,-82.0,-228.0,,20.0,605.0,511.0,179.0,-133.0
-20.0,-69.0,-79.0,-186.0,,126.0,497.0,661.0,42.0,-45.0
-43.0,-119.0,-41.0,-234.0,,282.0,394.0,478.0,-531.0,80.0
3.0,-617.0,-38.0,-246.0,,240.0,359.0,336.0,-575.0,138.0
6.0,-969.0,-21.0,-217.0,,404.0,421.0,140.0,-224.0,194.0
5.0,-781.0,-11.0,-137.0,,738.0,455.0,-14.0,-193.0,303.0
21.0,-382.0,58.0,-53.0,,480.0,445.0,70.0,-266.0,389.0
48.0,-196.0,141.0,-48.0,,190.0,509.0,70.0,-571.0,427.0
74.0,-149.0,143.0,-141.0,,296.0,646.0,362.0,-749.0,497.0
39.0,943.0,145.0,-290.0,,-22.0,774.0,504.0,-391.0,626.0
-4.0,1275.0,157.0,-449.0,,-227.0,791.0,567.0,46.0,662.0
-13.0,916.0,158.0,-499.0,,500.0,712.0,618.0,80.0,634.0
0.0,978.0,147.0,-529.0,,928.0,701.0,578.0,-276.0,688.0
-21.0,893.0,164.0,-528.0,,248.0,707.0,735.0,-216.0,772.0
-45.0,506.0,194.0,-294.0,,-197.0,635.0,609.0,178.0,772.0
-19.0,270.0,189.0,0.0,,114.0,550.0,448.0,226.0,740.0
33.0,490.0,160.0,233.0,,242.0,481.0,260.0,120.0,770.0
25.0,228.0,119.0,397.0,,252.0,394.0,116.0,-153.0,700.0
-20.0,59.0,92.0,415.0,,379.0,304.0,68.0,-211.0,590.0
12.0,-67.0,68.0,358.0,,250.0,230.0,-77.0,97.0,601.0
29.0,-179.0,26.0,284.0,,135.0,148.0,7.0,318.0,511.0
16.0,9.0,12.0,259.0,,162.0,98.0,-68.0,353.0,293.0
10.0,-127.0,60.0,294.0,,308.0,98.0,-112.0,67.0,215.0
11.0,-84.0,61.0,204.0,,578.0,76.0,-22.0,212.0,275.0
17.0,-5.0,45.0,125.0,,412.0,87.0,269.0,486.0,239.0
16.0,415.0,169.0,-17.0,,75.0,163.0,846.0,347.0,162.0
47.0,545.0,243.0,-282.0,,77.0,258.0,1160.0,315.0,139.0
55.0,-18.0,225.0,-285.0,,315.0,381.0,1492.0,144.0,81.0
58.0,267.0,248.0,-259.0,,712.0,448.0,1564.0,308.0,29.0
27.0,163.0,260.0,-303.0,,755.0,438.0,1383.0,526.0,22.0
-31.0,-632.0,308.0,-315.0,,273.0,472.0,1114.0,402.0,-7.0
-61.0,-153.0,329.0,-365.0,,42.0,525.0,661.0,427.0,-136.0
-99.0,600.0,267.0,-296.0,,238.0,487.0,408.0,338.0,-211.0
-150.0,20.0,295.0,-204.0,,314.0,376.0,94.0,379.0,-205.0
-158.0,-328.0,265.0,-176.0,,551.0,254.0,-64.0,638.0,-289.0
-98.0,102.0,163.0,-115.0,,934.0,183.0,-253.0,616.0,-383.0
-91.0,-348.0,107.0,-62.0,,527.0,118.0,-327.0,124.0,-415.0
-121.0,-765.0,9.0,43.0,,87.0,7.0,-44.0,-220.0,-335.0
-100.0,-144.0,4.0,153.0,,889.0,-50.0,90.0,-179.0,-228.0
-32.0,425.0,-15.0,145.0,,1444.0,-66.0,426.0,-92.0,-265.0
-12.0,50.0,-48.0,207.0,,704.0,-35.0,607.0,-18.0,-351.0
-31.0,-86.0,-34.0,204.0,,93.0,-42.0,764.0,-368.0,-356.0
33.0,124.0,-51.0,2.0,,-20.0,-87.0,971.0,-768.0,-335.0
119.0,-573.0,-54.0,-159.0,,47.0,-51.0,986.0,-725.0,-398.0
125.0,-803.0,-22.0,-320.0,,373.0,-29.0,1069.0,-386.0,-445.0
36.0,-236.0,72.0,-451.0,,655.0,-81.0,861.0,-51.0,-439.0
2.0,177.0,164.0,-408.0,,500.0,-229.0,805.0,-109.0,-486.0
38.0,243.0,233.0,-349.0,,54.0,-401.0,757.0,-220.0,-482.0
-2.0,366.0,266.0,-340.0,,26.0,-501.0,659.0,24.0,-442.0
-81.0,378.0,314.0,-269.0,,165.0,-552.0,672.0,444.0,-490.0
-82.0,420.0,395.0,-134.0,,52.0,-606.0,456.0,585.0,-526.0
-13.0,721.0,399.0,17.0,,175.0,-595.0,423.0,419.0,-399.0
-18.0,594.0,360.0,96.0,,309.0,-478.0,406.0,83.0,-245.0
-88.0,816.0,408.0,253.0,,1.0,-336.0,533.0,141.0,-236.0
-72.0,957.0,409.0,415.0,,-72.0,-181.0,816.0,659.0,-226.0
-4.0,478.0,400.0,311.0,,150.0,-26.0,1055.0,654.0,-126.0
-37.0,49.0,399.0,232.0,,125.0,177.0,1269.0,433.0,-51.0
-139.0,-213.0,329.0,239.0,,153.0,412.0,1101.0,302.0,2.0
-138.0,-361.0,301.0,77.0,,167.0,562.0,807.0,302.0,73.0
-44.0,-695.0,226.0,-167.0,,50.0,593.0,421.0,731.0,58.0
-36.0,-542.0,212.0,-370.0,,297.0,538.0,145.0,948.0,38.0
-61.0,-124.0,230.0,-519.0,,592.0,455.0,42.0,536.0,149.0
-16.0,-565.0,183.0,-527.0,,375.0,331.0,-36.0,42.0,202.0
29.0,-411.0,167.0,-426.0,,206.0,149.0,236.0,185.0,130.0
14.0,132.0,176.0,-275.0,,402.0,-55.0,484.0,482.0,183.0
-35.0,120.0,167.0,-109.0,,480.0,-262.0,739.0,352.0,292.0
-22.0,63.0,108.0,-6.0,,444.0,-504.0,859.0,237.0,278.0
0.0,35.0,58.0,103.0,,440.0,-760.0,724.0,107.0,235.0
-50.0,630.0,48.0,199.0,,104.0,-951.0,622.0,103.0,181.0
-149.0,507.0,19.0,267.0,,-177.0,-1034.0,360.0,344.0,103.0
-184.0,-192.0,-16.0,226.0,,47.0,-981.0,314.0,366.0,44.0
-207.0,-305.0,-5.0,44.0,,227.0,-885.0,352.0,147.0,32.0
-306.0,-633.0,2.0,-76.0,,348.0,-844.0,493.0,-159.0,-122.0
-365.0,-910.0,-2.0,-151.0,,467.0,-826.0,663.0,-262.0,-284.0
-341.0,-482.0,-49.0,-220.0,,556.0,-758.0,558.0,-84.0,-273.0
-273.0,-213.0,-6.0,-327.0,,584.0,-654.0,515.0,175.0,-323.0
-267.0,-686.0,99.0,-340.0,,356.0,-596.0,317.0,49.0,-370.0
-280.0,-1046.0,85.0,-275.0,,358.0,-514.0,338.0,-302.0,-346.0
-222.0,-554.0,68.0,-249.0,,383.0,-400.0,421.0,-222.0,-311.0
-167.0,-75.0,75.0,-190.0,,135.0,-306.0,548.0,70.0,-246.0
-189.0,-26.0,125.0,-222.0,,104.0,-235.0,944.0,274.0,-119.0
-234.0,782.0,215.0,-166.0,,79.0,-207.0,1127.0,63.0,-102.0
-165.0,1430.0,255.0,-103.0,,-315.0,-180.0,1339.0,-221.0,-184.0
-79.0,1767.0,275.0,-155.0,,-248.0,-153.0,1236.0,-169.0,-109.0
-64.0,1878.0,278.0,-138.0,,510.0,-120.0,1049.0,75.0,-13.0
-64.0,1263.0,249.0,-103.0,,571.0,-146.0,811.0,350.0,-79.0
-3.0,644.0,223.0,26.0,,216.0,-199.0,436.0,176.0,-146.0
67.0,511.0,214.0,83.0,,442.0,-204.0,382.0,-304.0,-103.0
11.0,-21.0,208.0,89.0,,500.0,-257.0,325.0,-401.0,-189.0
-43.0,-717.0,184.0,94.0,,75.0,-372.0,511.0,19.0,-264.0
-16.0,-738.0,156.0,70.0,,17.0,-517.0,570.0,112.0,-209.0
1.0,-1121.0,113.0,162.0,,564.0,-627.0,521.0,-283.0,-320.0
-47.0,-1141.0,91.0,206.0,,776.0,-707.0,480.0,-540.0,-446.0
-82.0,-1034.0,65.0,261.0,,523.0,-835.0,208.0,-585.0,-374.0
-11.0,-190.0,13.0,279.0,,501.0,-949.0,149.0,-282.0,-328.0
51.0,-135.0,65.0,170.0,,464.0,-981.0,-16.0,-75.0,-429.0
59.0,-318.0,141.0,160.0,,114.0,-987.0,24.0,-331.0,-447.0
61.0,1021.0,185.0,238.0,,121.0,-944.0,162.0,-467.0,-388.0
106.0,779.0,187.0,249.0,,536.0,-855.0,254.0,-330.0,-382.0
135.0,811.0,196.0,141.0,,508.0,-803.0,524.0,-65.0,-335.0
89.0,537.0,280.0,-14.0,,182.0,-740.0,498.0,198.0,-313.0
50.0,414.0,342.0,-140.0,,487.0,-612.0,550.0,28.0,-379.0
44.0,861.0,402.0,-167.0,,1045.0,-439.0,515.0,-261.0,-366.0
68.0,766.0,409.0,-182.0,,715.0,-272.0,509.0,-28.0,-277.0
55.0,775.0,402.0,-191.0,,163.0,-127.0,607.0,79.0,-286.0
41.0,119.0,422.0,-155.0,,386.0,-58.0,471.0,-23.0,-368.0
78.0,489.0,399.0,-138.0,,863.0,-102.0,363.0,-27.0,-350.0
75.0,-85.0,391.0,-172.0,,849.0,-185.0,35.0,-202.0,-268.0
5.0,-386.0,385.0,-196.0,,339.0,-221.0,-114.0,-18.0,-276.0
-38.0,-575.0,302.0,-38.0,,-132.0,-244.0,-236.0,396.0,-222.0
-17.0,-1283.0,218.0,201.0,,-104.0,-338.0,-424.0,495.0,-146.0
-5.0,-1042.0,169.0,285.0,,421.0,-478.0,-408.0,371.0,-194.0
-13.0,-1340.0,116.0,217.0,,827.0,-632.0,-432.0,210.0,-140.0
3.0,-854.0,83.0,210.0,,471.0,-720.0,-66.0,258.0,-62.0
52.0,-700.0,67.0,169.0,,-70.0,-796.0,232.0,456.0,-97.0
41.0,125.0,30.0,42.0,,128.0,-910.0,550.0,434.0,-109.0
12.0,688.0,-1.0,-23.0,,524.0,-1009.0,888.0,210.0,-32.0
11.0,1294.0,-32.0,-81.0,,369.0,-1079.0,872.0,90.0,67.0
18.0,1829.0,-66.0,-122.0,,-6.0,-1012.0,844.0,349.0,78.0
19.0,1006.0,7.0,-36.0,,-85.0,-863.0,463.0,635.0,74.0
-20.0,1334.0,32.0,121.0,,-4.0,-774.0,166.0,487.0,101.0
-52.0,1059.0,9.0,136.0,,164.0,-715.0,-112.0,403.0,151.0
-72.0,1439.0,0.0,98.0,,334.0,-598.0,-393.0,94.0,206.0
-87.0,1222.0,-31.0,146.0,,-19.0,-523.0,-454.0,-84.0,213.0
-138.0,525.0,89.0,198.0,,-418.0,-560.0,-609.0,242.0,218.0
-185.0,315.0,130.0,173.0,,98.0,-546.0,-524.0,314.0,197.0
-179.0,-308.0,77.0,185.0,,590.0,-439.0,-497.0,154.0,145.0
-201.0,-305.0,62.0,225.0,,-58.0,-342.0,-363.0,-53.0,97.0
-268.0,-634.0,35.0,260.0,,-173.0,-293.0,-179.0,99.0,44.0
-288.0,-945.0,40.0,357.0,,615.0,-193.0,-123.0,203.0,-11.0
-249.0,-1325.0,41.0,445.0,,336.0,-95.0,-12.0,173.0,-96.0
-221.0,-623.0,56.0,475.0,,-527.0,-55.0,-184.0,136.0,-105.0
-177.0,-940.0,32.0,221.0,,-358.0,-53.0,-275.0,-144.0,-7.0
-116.0,-1025.0,60.0,-151.0,,214.0,-98.0,-467.0,-148.0,-59.0
-59.0,-657.0,86.0,-314.0,,16.0,-97.0,-576.0,-114.0,-136.0
-41.0,-932.0,90.0,-404.0,,-264.0,-109.0,-397.0,-49.0,11.0
-34.0,668.0,146.0,-356.0,,-45.0,-177.0,-253.0,-220.0,71.0
-2.0,1074.0,143.0,-253.0,,-65.0,-312.0,60.0,-777.0,-65.0
0.0,716.0,155.0,-188.0,,-246.0,-481.0,145.0,-686.0,-35.0
2.0,431.0,176.0,22.0,,217.0,-542.0,243.0,-423.0,78.0
-4.0,682.0,215.0,139.0,,655.0,-564.0,269.0,-444.0,-40.0
-19.0,174.0,206.0,209.0,,69.0,-656.0,160.0,-566.0,-95.0
6.0,-25.0,204.0,447.0,,-451.0,-797.0,160.0,-760.0,-3.0
27.0,68.0,214.0,488.0,,-86.0,-866.0,-75.0,-515.0,-64.0
28.0,-1188.0,174.0,352.0,,-12.0,-841.0,-101.0,-244.0,-138.0
43.0,-118.0,187.0,217.0,,-375.0,-763.0,-164.0,-80.0,-41.0
53.0,249.0,137.0,93.0,,-252.0,-628.0,-310.0,-68.0,-60.0
55.0,113.0,111.0,81.0,,-5.0,-501.0,-502.0,-120.0,-288.0
62.0,-117.0,153.0,-29.0,,-229.0,-389.0,-835.0,66.0,-327.0
58.0,251.0,191.0,-180.0,,-400.0,-269.0,-885.0,242.0,-269.0
66.0,1206.0,222.0,-185.0,,-342.0,-146.0,-973.0,573.0,-330.0
67.0,1630.0,188.0,-129.0,,-565.0,-88.0,-792.0,566.0,-373.0
16.0,2449.0,168.0,-24.0,,-483.0,-118.0,-484.0,255.0,-322.0
-9.0,826.0,192.0,106.0,,133.0,-112.0,-181.0,194.0,-233.0
-22.0,55.0,185.0,252.0,,292.0,-144.0,190.0,279.0,-187.0
-49.0,2.0,169.0,359.0,,-16.0,-300.0,236.0,327.0,-89.0
-70.0,34.0,186.0,453.0,,-70.0,-463.0,279.0,13.0,-22.0
-72.0,-1086.0,185.0,535.0,,-245.0,-560.0,79.0,-388.0,45.0
-9.0,-2279.0,184.0,475.0,,-790.0,-599.0,-234.0,-406.0,235.0
31.0,-1213.0,189.0,306.0,,-797.0,-635.0,-620.0,-377.0,360.0
43.0,-1675.0,156.0,216.0,,-470.0,-660.0,-1123.0,-454.0,445.0
73.0,-1785.0,126.0,137.0,,-473.0,-643.0,-1358.0,-548.0,493.0
139.0,-1811.0,80.0,29.0,,-377.0,-597.0,-1598.0,-907.0,458.0
186.0,-1347.0,-15.0,3.0,,-147.0,-527.0,-1590.0,-995.0,442.0
187.0,-1124.0,-96.0,-65.0,,-313.0,-474.0,-1570.0,-700.0,422.0
211.0,2.0,-146.0,-125.0,,-770.0,-522.0,-1552.0,-557.0,399.0
221.0,1421.0,-204.0,-169.0,,-727.0,-571.0,-1345.0,-367.0,302.0
262.0,-139.0,-228.0,-297.0,,-171.0,-533.0,-1195.0,-316.0,196.0
289.0,-97.0,-218.0,-346.0,,-273.0,-499.0,-685.0,-336.0,154.0
274.0,861.0,-213.0,-249.0,,-653.0,-461.0,-186.0,64.0,68.0
254.0,758.0,-208.0,-149.0,,-294.0,-412.0,286.0,298.0,33.0
231.0,392.0,-212.0,-56.0,,-27.0,-321.0,650.0,115.0,36.0
208.0,987.0,-182.0,-71.0,,-316.0,-222.0,587.0,-63.0,81.0
160.0,622.0,-116.0,-97.0,,-338.0,-172.0,413.0,-168.0,213.0
111.0,547.0,-16.0,38.0,,-2.0,-153.0,-46.0,-8.0,362.0
75.0,1408.0,43.0,97.0,,-126.0,-172.0,-434.0,244.0,413.0
80.0,187.0,45.0,93.0,,-296.0,-168.0,-831.0,44.0,434.0
53.0,248.0,66.0,105.0,,-81.0,-150.0,-1154.0,-473.0,634.0
-5.0,841.0,48.0,111.0,,-97.0,-208.0,-1252.0,-429.0,722.0
-50.0,782.0,40.0,154.0,,-333.0,-341.0,-1311.0,2.0,644.0
-10.0,738.0,45.0,231.0,,-311.0,-419.0,-1077.0,-7.0,621.0
41.0,692.0,-14.0,319.0,,-10.0,-449.0,-914.0,-155.0,548.0
22.0,-42.0,-78.0,308.0,,32.0,-514.0,-615.0,-259.0,422.0
39.0,45.0,-82.0,260.0,,-151.0,-596.0,-282.0,-73.0,350.0
70.0,1449.0,-69.0,297.0,,-42.0,-654.0,-11.0,311.0,283.0
94.0,1079.0,-83.0,256.0,,100.0,-652.0,171.0,273.0,94.0
62.0,897.0,-74.0,147.0,,-250.0,-642.0,-90.0,258.0,-12.0
55.0,1050.0,-107.0,168.0,,-456.0,-624.0,-267.0,149.0,40.0
107.0,1443.0,-211.0,285.0,,42.0,-574.0,-572.0,-80.0,-26.0
140.0,697.0,-252.0,283.0,,335.0,-565.0,-818.0,40.0,-95.0
152.0,-681.0,-299.0,157.0,,-223.0,-539.0,-949.0,103.0,-16.0
159.0,-250.0,-346.0,143.0,,-678.0,-505.0,-1188.0,-156.0,128.0
188.0,0.0,-339.0,234.0,,-308.0,-556.0,-1154.0,-492.0,294.0
147.0,91.0,-392.0,479.0,,49.0,-500.0,-1186.0,-429.0,418.0
88.0,-1077.0,-356.0,697.0,,-29.0,-378.0,-958.0,-262.0,485.0
59.0,-1117.0,-362.0,697.0,,-25.0,-296.0,-587.0,-355.0,549.0
47.0,-312.0,-446.0,584.0,,33.0,-164.0,-280.0,-437.0,652.0
43.0,-676.0,-423.0,346.0,,-334.0,-41.0,33.0,-353.0,671.0
30.0,28.0,-432.0,207.0,,-599.0,67.0,24.0,-308.0,600.0
46.0,-167.0,-429.0,109.0,,-492.0,115.0,24.0,-379.0,538.0
73.0,-233.0,-412.0,-67.0,,-594.0,99.0,-184.0,-166.0,468.0
72.0,228.0,-430.0,-291.0,,-452.0,96.0,-450.0,34.0,407.0
41.0,794.0,-413.0,-463.0,,33.0,29.0,-794.0,25.0,315.0
74.0,523.0,-390.0,-445.0,,78.0,-100.0,-1265.0,186.0,243.0
127.0,-402.0,-377.0,-476.0,,-232.0,-202.0,-1470.0,429.0,211.0
82.0,1094.0,-359.0,-461.0,,-227.0,-315.0,-1722.0,432.0,175.0
38.0,1569.0,-382.0,-335.0,,-273.0,-405.0,-1625.0,313.0,213.0
79.0,1094.0,-355.0,-167.0,,-605.0,-444.0,-1393.0,311.0,250.0
148.0,728.0,-281.0,0.0,,-400.0,-468.0,-1091.0,262.0,249.0
112.0,-153.0,-282.0,65.0,,-191.0,-489.0,-709.0,332.0,300.0
69.0,-158.0,-311.0,134.0,,-659.0,-516.0,-585.0,413.0,354.0
127.0,51.0,-346.0,42.0,,-776.0,-454.0,-312.0,222.0,354.0
132.0,-250.0,-328.0,-29.0,,-175.0,-317.0,-279.0,34.0,336.0
68.0,-1462.0,-347.0,141.0,,-36.0,-179.0,-232.0,-178.0,313.0
-8.0,-1717.0,-359.0,209.0,,-357.0,-35.0,-195.0,-265.0,262.0
14.0,-1253.0,-331.0,127.0,,-114.0,67.0,-371.0,-101.0,245.0
73.0,-1536.0,-395.0,34.0,,60.0,118.0,-421.0,-86.0,205.0
36.0,-1911.0,-402.0,-4.0,,-488.0,179.0,-691.0,-236.0,88.0
-22.0,-1821.0,-420.0,33.0,,-679.0,193.0,-768.0,-254.0,-4.0
16.0,-1495.0,-450.0,-18.0,,-20.0,135.0,-792.0,-143.0,-42.0
114.0,-712.0,-443.0,-156.0,,129.0,46.0,-855.0,-111.0,-38.0
102.0,-60.0,-505.0,-171.0,,-492.0,-111.0,-885.0,-282.0,-80.0
107.0,-354.0,-513.0,-223.0,,-374.0,-269.0,-984.0,-542.0,-123.0
129.0,-438.0,-459.0,-332.0,,258.0,-409.0,-805.0,-534.0,-118.0
148.0,-74.0,-446.0,-142.0,,85.0,-519.0,-785.0,-340.0,-74.0
121.0,599.0,-411.0,173.0,,-107.0,-593.0,-641.0,-65.0,31.0
62.0,382.0,-349.0,287.0,,372.0,-674.0,-460.0,130.0,62.0
61.0,420.0,-368.0,199.0,,223.0,-704.0,-373.0,-70.0,44.0
88.0,653.0,-351.0,19.0,,-590.0,-634.0,-121.0,-243.0,97.0
146.0,793.0,-362.0,18.0,,-581.0,-497.0,-169.0,45.0,165.0
128.0,850.0,-417.0,38.0,,167.0,-411.0,-182.0,359.0,136.0
130.0,365.0,-394.0,18.0,,244.0,-393.0,-351.0,167.0,58.0
165.0,1488.0,-412.0,151.0,,-208.0,-380.0,-556.0,-14.0,8.0
185.0,1184.0,-428.0,-27.0,,-333.0,-398.0,-687.0,-100.0,-56.0
201.0,607.0,-448.0,-299.0,,-227.0,-424.0,-861.0,-63.0,-90.0
203.0,614.0,-469.0,-415.0,,80.0,-419.0,-729.0,152.0,-149.0
209.0,-177.0,-457.0,-444.0,,444.0,-390.0,-687.0,118.0,-239.0
182.0,-400.0,-465.0,-231.0,,473.0,-333.0,-535.0,34.0,-258.0
176.0,-864.0,-446.0,-50.0,,-56.0,-310.0,-454.0,-114.0,-202.0
182.0,57.0,-449.0,76.0,,-280.0,-279.0,-417.0,83.0,-142.0
182.0,498.0,-468.0,162.0,,56.0,-171.0,-219.0,507.0,-158.0
167.0,-237.0,-480.0,193.0,,41.0,-74.0,-190.0,371.0,-170.0
170.0,-523.0,-521.0,193.0,,237.0,-2.0,-107.0,108.0,-112.0
185.0,41.0,-543.0,179.0,,696.0,59.0,-223.0,60.0,-21.0
194.0,146.0,-603.0,51.0,,603.0,82.0,-271.0,33.0,45.0
185.0,-964.0,-693.0,-65.0,,215.0,18.0,-295.0,126.0,43.0
181.0,-331.0,-721.0,-98.0,,305.0,-60.0,-413.0,58.0,9.0
216.0,-278.0,-698.0,-229.0,,709.0,-74.0,-373.0,-282.0,62.0
241.0,-498.0,-721.0,-210.0,,511.0,-123.0,-448.0,-211.0,171.0
245.0,-256.0,-712.0,-47.0,,262.0,-158.0,-290.0,180.0,192.0
217.0,-393.0,-638.0,26.0,,544.0,-122.0,-173.0,419.0,167.0
211.0,320.0,-609.0,17.0,,681.0,-100.0,-55.0,417.0,153.0
224.0,291.0,-563.0,2.0,,410.0,-80.0,169.0,73.0,163.0
184.0,773.0,-523.0,-91.0,,460.0,4.0,86.0,-182.0,180.0
135.0,1114.0,-461.0,-206.0,,931.0,57.0,24.0,110.0,124.0
144.0,851.0,-393.0,-166.0,,596.0,14.0,-208.0,287.0,13.0
169.0,595.0,-358.0,44.0,,-162.0,-9.0,-400.0,59.0,-23.0
151.0,-2.0,-302.0,236.0,,252.0,9.0,-528.0,-8.0,7.0
97.0,-447.0,-241.0,349.0,,1019.0,15.0,-700.0,-40.0,-27.0
72.0,-1014.0,-255.0,381.0,,515.0,-20.0,-665.0,11.0,-145.0
70.0,-217.0,-328.0,356.0,,-191.0,-67.0,-641.0,341.0,-176.0
61.0,329.0,-345.0,230.0,,34.0,-107.0,-450.0,463.0,-163.0
54.0,438.0,-361.0,111.0,,209.0,-138.0,-389.0,411.0,-229.0
49.0,535.0,-386.0,197.0,,-173.0,-164.0,-386.0,364.0,-235.0
55.0,583.0,-374.0,45.0,,-162.0,-163.0,-327.0,295.0,-250.0
52.0,1149.0,-367.0,-110.0,,371.0,-67.0,-345.0,304.0,-324.0
50.0,1097.0,-359.0,-228.0,,121.0,-2.0,-194.0,153.0,-308.0
-8.0,1287.0,-343.0,-469.0,,-284.0,14.0,-291.0,-72.0,-241.0
-36.0,575.0,-388.0,-493.0,,184.0,71.0,-349.0,-10.0,-246.0
6.0,736.0,-424.0,-384.0,,283.0,169.0,-354.0,278.0,-262.0
31.0,1055.0,-405.0,-197.0,,-223.0,276.0,-415.0,318.0,-181.0
56.0,-611.0,-398.0,-120.0,,35.0,302.0,-356.0,94.0,-73.0
45.0,-994.0,-424.0,-184.0,,608.0,277.0,-363.0,30.0,-14.0
38.0,-579.0,-419.0,-226.0,,152.0,229.0,-44.0,138.0,22.0
37.0,-880.0,-362.0,-166.0,,-238.0,206.0,271.0,203.0,38.0
14.0,-1612.0,-369.0,-127.0,,125.0,188.0,550.0,368.0,9.0
-18.0,-1367.0,-362.0,-116.0,,-68.0,131.0,678.0,534.0,-36.0
-39.0,-616.0,-316.0,-79.0,,-613.0,65.0,439.0,313.0,-108.0
-62.0,-1236.0,-263.0,-57.0,,-348.0,61.0,155.0,320.0,-293.0
-115.0,-2233.0,-220.0,21.0,,30.0,202.0,-286.0,430.0,-511.0
-169.0,-1256.0,-193.0,98.0,,-391.0,327.0,-352.0,269.0,-635.0
-232.0,-732.0,-162.0,185.0,,-555.0,345.0,-277.0,123.0,-782.0
-263.0,-1346.0,-126.0,174.0,,23.0,395.0,-123.0,-251.0,-957.0
-285.0,-12.0,-69.0,73.0,,-109.0,457.0,109.0,-392.0,-1098.0
-320.0,1344.0,-72.0,9.0,,-498.0,482.0,38.0,20.0,-1156.0
-340.0,1684.0,-73.0,-118.0,,334.0,574.0,123.0,308.0,-1082.0
-351.0,1574.0,-61.0,-280.0,,574.0,666.0,109.0,155.0,-1000.0
-334.0,1735.0,-103.0,-415.0,,-592.0,649.0,201.0,-53.0,-903.0
-307.0,2024.0,-109.0,-397.0,,-788.0,582.0,323.0,-148.0,-773.0
-285.0,2658.0,-101.0,-259.0,,17.0,500.0,297.0,-20.0,-541.0
-290.0,2190.0,-164.0,-290.0,,-44.0,411.0,352.0,264.0,-270.0
-301.0,349.0,-251.0,-169.0,,-386.0,357.0,168.0,274.0,-151.0
-268.0,342.0,-321.0,56.0,,209.0,314.0,131.0,-20.0,-108.0
-262.0,-397.0,-349.0,9.0,,306.0,269.0,97.0,-139.0,-114.0
-279.0,-2078.0,-386.0,1.0,,-426.0,282.0,158.0,173.0,-151.0
-289.0,-2458.0,-412.0,38.0,,-31.0,358.0,341.0,294.0,-192.0
-251.0,-2257.0,-386.0,100.0,,658.0,520.0,397.0,205.0,-324.0
-199.0,-2531.0,-371.0,269.0,,87.0,710.0,604.0,38.0,-499.0
-177.0,-2152.0,-371.0,344.0,,-421.0,796.0,622.0,-280.0,-547.0
-137.0,-1154.0,-369.0,323.0,,28.0,788.0,657.0,-229.0,-563.0
-94.0,-882.0,-290.0,300.0,,74.0,767.0,607.0,61.0,-695.0
-26.0,379.0,-223.0,257.0,,-317.0,769.0,524.0,106.0,-795.0
-27.0,792.0,-224.0,266.0,,221.0,743.0,569.0,-49.0,-771.0
-88.0,919.0,-211.0,279.0,,552.0,602.0,397.0,-59.0,-734.0
-126.0,1354.0,-173.0,188.0,,-208.0,436.0,445.0,26.0,-713.0
-136.0,499.0,-108.0,8.0,,-552.0,294.0,428.0,283.0,-666.0
-145.0,430.0,-69.0,-31.0,,39.0,194.0,412.0,522.0,-663.0
-197.0,750.0,-24.0,38.0,,248.0,221.0,541.0,230.0,-649.0
-205.0,547.0,-1.0,79.0,,-273.0,294.0,582.0,12.0,-542.0
-207.0,-548.0,51.0,215.0,,-225.0,383.0,691.0,299.0,-458.0
-223.0,-831.0,55.0,166.0,,35.0,465.0,582.0,517.0,-457.0
-235.0,-655.0,58.0,83.0,,-224.0,476.0,615.0,520.0,-471.0
-270.0,-1134.0,60.0,92.0,,-41.0,445.0,663.0,376.0,-424.0
-294.0,-679.0,14.0,138.0,,487.0,494.0,561.0,-52.0,-363.0
-315.0,-893.0,89.0,302.0,,145.0,542.0,467.0,-58.0,-338.0
-338.0,-906.0,67.0,311.0,,-644.0,489.0,221.0,294.0,-348.0
-367.0,-132.0,52.0,193.0,,-431.0,465.0,145.0,87.0,-366.0
-393.0,155.0,58.0,49.0,,277.0,421.0,-31.0,-463.0,-374.0
-415.0,354.0,3.0,-121.0,,202.0,376.0,-66.0,-688.0,-373.0
-423.0,496.0,4.0,-285.0,,-273.0,400.0,16.0,-312.0,-375.0
-395.0,-30.0,38.0,-305.0,,-489.0,481.0,72.0,65.0,-385.0
-357.0,-386.0,52.0,-307.0,,-427.0,629.0,367.0,78.0,-351.0
-340.0,325.0,21.0,-328.0,,-292.0,749.0,463.0,-67.0,-332.0
-315.0,450.0,51.0,-235.0,,-293.0,832.0,691.0,-171.0,-288.0
-262.0,27.0,65.0,-215.0,,-36.0,873.0,787.0,117.0,-240.0
-223.0,-189.0,37.0,-172.0,,33.0,876.0,790.0,441.0,-263.0
-233.0,97.0,-23.0,-46.0,,-486.0,908.0,890.0,369.0,-242.0
-274.0,479.0,-30.0,69.0,,-584.0,913.0,776.0,60.0,-158.0
-281.0,674.0,-58.0,193.0,,-463.0,884.0,914.0,-102.0,-160.0
-268.0,434.0,-62.0,240.0,,-315.0,843.0,923.0,-29.0,-269.0
-291.0,-236.0,7.0,182.0,,-22.0,765.0,946.0,203.0,-295.0
-315.0,168.0,18.0,9.0,,-243.0,718.0,960.0,393.0,-323.0
-282.0,1063.0,131.0,-135.0,,-744.0,634.0,923.0,-62.0,-449.0
-237.0,724.0,182.0,-100.0,,-618.0,441.0,1095.0,-409.0,-590.0
-236.0,-415.0,186.0,-14.0,,-11.0,286.0,1055.0,45.0,-729.0
-236.0,-530.0,265.0,39.0,,-321.0,228.0,1066.0,349.0,-839.0
-185.0,-176.0,276.0,-41.0,,-1160.0,188.0,859.0,30.0,-915.0
-107.0,-370.0,277.0,-159.0,,-778.0,131.0,663.0,-455.0,-890.0
-99.0,-1636.0,328.0,-182.0,,10.0,146.0,561.0,-544.0,-856.0
-135.0,-2045.0,377.0,-318.0,,-435.0,225.0,378.0,-300.0,-874.0
-99.0,-501.0,403.0,-480.0,,-1005.0,290.0,482.0,-37.0,-770.0
-63.0,-576.0,404.0,-483.0,,-435.0,372.0,517.0,-99.0,-598.0
-121.0,-839.0,391.0,-411.0,,-67.0,420.0,700.0,-373.0,-566.0
-159.0,-354.0,422.0,-401.0,,-614.0,448.0,805.0,-258.0,-531.0
-121.0,-173.0,420.0,-294.0,,-507.0,515.0,824.0,94.0,-404.0
-107.0,923.0,375.0,-49.0,,77.0,534.0,925.0,383.0,-371.0
-137.0,950.0,374.0,87.0,,-346.0,534.0,816.0,362.0,-377.0
-177.0,929.0,398.0,142.0,,-653.0,592.0,768.0,-87.0,-352.0
-166.0,949.0,406.0,147.0,,-139.0,662.0,563.0,-81.0,-404.0
-144.0,152.0,397.0,84.0,,-398.0,706.0,456.0,449.0,-547.0
-145.0,884.0,372.0,-10.0,,-1043.0,743.0,408.0,356.0,-628.0
-142.0,719.0,362.0,64.0,,-375.0,796.0,234.0,147.0,-640.0
-101.0,-242.0,402.0,221.0,,330.0,819.0,127.0,20.0,-692.0
-39.0,-733.0,388.0,179.0,,-574.0,805.0,-129.0,-215.0,-716.0
-61.0,-776.0,298.0,76.0,,-1275.0,799.0,-136.0,83.0,-666.0
-89.0,111.0,236.0,13.0,,-60.0,776.0,-42.0,176.0,-564.0
-83.0,-73.0,183.0,76.0,,726.0,707.0,212.0,-20.0,-497.0
-65.0,-795.0,146.0,110.0,,-214.0,546.0,628.0,-194.0,-463.0
-69.0,-544.0,104.0,100.0,,-659.0,313.0,794.0,-328.0,-430.0
-82.0,384.0,77.0,107.0,,-417.0,139.0,979.0,-112.0,-396.0
-33.0,591.0,120.0,6.0,,-492.0,35.0,938.0,70.0,-334.0
11.0,672.0,97.0,5.0,,-341.0,12.0,870.0,-201.0,-326.0
38.0,720.0,100.0,58.0,,-22.0,-3.0,644.0,-511.0,-337.0
35.0,212.0,96.0,98.0,,-695.0,-16.0,306.0,-333.0,-280.0
37.0,-38.0,58.0,206.0,,-1487.0,121.0,317.0,-175.0,-227.0
20.0,458.0,100.0,329.0,,-704.0,275.0,273.0,-259.0,-202.0
-11.0,738.0,97.0,370.0,,108.0,351.0,423.0,-531.0,-176.0
-19.0,-179.0,114.0,306.0,,-525.0,397.0,513.0,-484.0,-166.0
-17.0,-77.0,137.0,288.0,,-745.0,433.0,474.0,-206.0,-124.0
-20.0,-328.0,125.0,342.0,,-50.0,453.0,447.0,-71.0,-78.0
-74.0,-914.0,143.0,358.0,,-382.0,456.0,303.0,182.0,-65.0
-108.0,-808.0,138.0,220.0,,-953.0,494.0,297.0,129.0,-78.0
-88.0,-1558.0,151.0,69.0,,-396.0,482.0,162.0,100.0,-78.0
-52.0,-1572.0,167.0,15.0,,48.0,468.0,269.0,166.0,-1.0
-34.0,-983.0,145.0,-82.0,,-641.0,486.0,421.0,487.0,71.0
-28.0,-749.0,134.0,-149.0,,-1080.0,479.0,485.0,652.0,89.0
29.0,-724.0,116.0,-193.0,,-197.0,455.0,665.0,126.0,56.0
111.0,-433.0,102.0,-306.0,,-43.0,370.0,511.0,10.0,59.0
116.0,-86.0,137.0,-421.0,,-754.0,224.0,382.0,107.0,97.0
91.0,237.0,145.0,-606.0,,-476.0,64.0,53.0,88.0,48.0
54.0,739.0,109.0,-699.0,,-112.0,-21.0,-243.0,157.0,18.0
17.0,626.0,86.0,-647.0,,-543.0,-49.0,-291.0,159.0,35.0
-32.0,618.0,38.0,-454.0,,-654.0,-54.0,-339.0,42.0,18.0
-149.0,308.0,28.0,-116.0,,0.0,-71.0,-114.0,21.0,-51.0
-231.0,-49.0,-16.0,207.0,,41.0,-22.0,35.0,239.0,-101.0
-290.0,526.0,-48.0,525.0,,-695.0,63.0,330.0,292.0,-145.0
-345.0,-459.0,-3.0,653.0,,-525.0,45.0,596.0,171.0,-222.0
-398.0,-1543.0,23.0,657.0,,-9.0,36.0,748.0,-33.0,-187.0
-441.0,-622.0,112.0,525.0,,-276.0,30.0,942.0,26.0,-89.0
-468.0,-885.0,157.0,276.0,,-342.0,17.0,940.0,396.0,-59.0
-489.0,-1105.0,191.0,90.0,,-137.0,15.0,990.0,349.0,-71.0
-466.0,-612.0,247.0,-103.0,,-468.0,19.0,735.0,62.0,-23.0
-437.0,-884.0,249.0,-352.0,,-850.0,65.0,461.0,-64.0,10.0
-424.0,-525.0,260.0,-459.0,,-262.0,194.0,149.0,-154.0,-20.0
-407.0,-307.0,294.0,-195.0,,290.0,345.0,-227.0,-277.0,-6.0
-353.0,-216.0,264.0,67.0,,-421.0,404.0,-303.0,-180.0,-10.0
-294.0,-788.0,208.0,256.0,,-507.0,453.0,-452.0,-76.0,-43.0
-244.0,-798.0,179.0,397.0,,213.0,499.0,-299.0,-286.0,-71.0
-170.0,431.0,95.0,477.0,,-416.0,481.0,-147.0,-571.0,-63.0
-69.0,472.0,48.0,576.0,,-1103.0,361.0,64.0,-544.0,-10.0
29.0,550.0,19.0,476.0,,-340.0,242.0,415.0,-123.0,20.0
114.0,386.0,-16.0,280.0,,354.0,191.0,493.0,-388.0,92.0
169.0,509.0,-2.0,76.0,,-68.0,134.0,652.0,-744.0,238.0
245.0,480.0,1.0,-15.0,,-376.0,54.0,600.0,-434.0,315.0
332.0,639.0,3.0,-19.0,,225.0,-66.0,543.0,-288.0,327.0
375.0,1071.0,19.0,-66.0,,-53.0,-158.0,354.0,-52.0,403.0
339.0,435.0,20.0,-62.0,,-715.0,-246.0,-12.0,53.0,422.0
285.0,1265.0,12.0,31.0,,-89.0,-315.0,-234.0,-176.0,365.0
292.0,1249.0,-14.0,84.0,,294.0,-335.0,-493.0,-484.0,340.0
244.0,497.0,-18.0,134.0,,-417.0,-281.0,-508.0,-427.0,343.0
202.0,227.0,56.0,375.0,,-721.0,-186.0,-521.0,55.0,322.0
170.0,624.0,71.0,486.0,,284.0,-175.0,-325.0,16.0,324.0
168.0,710.0,42.0,366.0,,359.0,-125.0,-1.0,-412.0,425.0
163.0,-166.0,72.0,92.0,,-725.0,-27.0,186.0,-519.0,499.0
95.0,614.0,110.0,-172.0,,-642.0,69.0,439.0,-98.0,536.0
65.0,546.0,151.0,-354.0,,-137.0,200.0,345.0,303.0,627.0
13.0,-18.0,199.0,-584.0,,-121.0,329.0,279.0,189.0,722.0
3.0,-58.0,210.0,-594.0,,-64.0,386.0,194.0,-180.0,724.0
-7.0,361.0,217.0,-548.0,,297.0,360.0,77.0,-247.0,705.0
-33.0,-328.0,239.0,-418.0,,85.0,352.0,101.0,40.0,764.0
-76.0,-1031.0,219.0,-76.0,,-543.0,356.0,-7.0,193.0,767.0
-77.0,-778.0,233.0,176.0,,-108.0,333.0,-24.0,240.0,649.0
-38.0,-1260.0,235.0,408.0,,452.0,255.0,-210.0,-139.0,576.0
-74.0,71.0,163.0,595.0,,-133.0,131.0,-308.0,-487.0,606.0
-88.0,-9.0,138.0,628.0,,-623.0,-9.0,-315.0,-33.0,575.0
-74.0,-1053.0,114.0,577.0,,-67.0,-127.0,-312.0,359.0,446.0
-30.0,-671.0,59.0,498.0,,130.0,-186.0,-97.0,111.0,356.0
-34.0,-73.0,35.0,385.0,,-219.0,-209.0,-59.0,-328.0,359.0
-79.0,-191.0,9.0,273.0,,123.0,-224.0,51.0,-230.0,329.0
-96.0,-416.0,-47.0,146.0,,591.0,-216.0,36.0,302.0,285.0
-70.0,711.0,-30.0,-25.0,,332.0,-226.0,86.0,465.0,359.0
-35.0,633.0,-66.0,-161.0,,128.0,-310.0,234.0,106.0,424.0
-71.0,264.0,-102.0,-301.0,,635.0,-320.0,256.0,-13.0,431.0
-126.0,592.0,-100.0,-343.0,,507.0,-230.0,456.0,251.0,479.0
-77.0,632.0,-179.0,-273.0,,-245.0,-165.0,345.0,343.0,573.0
-34.0,66.0,-172.0,-197.0,,269.0,-143.0,225.0,423.0,615.0
-65.0,45.0,-173.0,-115.0,,972.0,-116.0,46.0,411.0,607.0
-85.0,1026.0,-171.0,-29.0,,145.0,-24.0,-267.0,-45.0,703.0
-97.0,1160.0,-188.0,42.0,,-246.0,153.0,-454.0,-53.0,821.0
-98.0,551.0,-229.0,-34.0,,922.0,316.0,-779.0,673.0,823.0
-150.0,422.0,-190.0,-100.0,,942.0,351.0,-812.0,709.0,790.0
-154.0,1454.0,-188.0,-132.0,,-327.0,347.0,-825.0,127.0,770.0
-186.0,1382.0,-171.0,-145.0,,-135.0,337.0,-694.0,-234.0,709.0
-195.0,307.0,-169.0,-132.0,,730.0,305.0,-330.0,-34.0,541.0
-188.0,866.0,-171.0,-178.0,,262.0,236.0,-46.0,400.0,377.0
-223.0,1161.0,-133.0,-121.0,,-20.0,149.0,293.0,0.0,282.0
-217.0,69.0,-126.0,-88.0,,943.0,97.0,299.0,-384.0,129.0
-247.0,52.0,-101.0,-97.0,,845.0,-10.0,330.0,-161.0,-10.0
-260.0,738.0,-114.0,-113.0,,0.0,-81.0,330.0,-44.0,-23.0
-318.0,504.0,-115.0,-151.0,,619.0,-56.0,264.0,85.0,-22.0
-330.0,-87.0,-112.0,-125.0,,908.0,-67.0,306.0,375.0,-102.0
-384.0,-228.0,-157.0,-190.0,,-361.0,-81.0,210.0,256.0,-126.0
-398.0,308.0,-130.0,-224.0,,-545.0,-18.0,347.0,-291.0,-20.0
-302.0,-215.0,-109.0,-123.0,,877.0,133.0,323.0,65.0,44.0
-233.0,-1108.0,-138.0,-14.0,,1005.0,320.0,208.0,682.0,38.0
-168.0,-844.0,-187.0,146.0,,-178.0,458.0,20.0,282.0,113.0
-148.0,-852.0,-185.0,186.0,,-23.0,534.0,-334.0,-150.0,195.0
-50.0,-642.0,-185.0,132.0,,834.0,548.0,-461.0,-160.0,154.0
-12.0,-1032.0,-212.0,144.0,,625.0,514.0,-764.0,160.0,94.0
-20.0,-1524.0,-218.0,162.0,,431.0,425.0,-966.0,202.0,88.0
-64.0,-431.0,-237.0,169.0,,1124.0,222.0,-1103.0,83.0,41.0
-74.0,-530.0,-232.0,0.0,,1148.0,0.0,-1188.0,201.0,-29.0
7.0,-1350.0,-244.0,-249.0,,206.0,-112.0,-1031.0,132.0,23.0
-7.0,-1213.0,-252.0,-446.0,,381.0,-200.0,-947.0,190.0,139.0
-23.0,-822.0,-240.0,-579.0,,974.0,-282.0,-574.0,297.0,234.0
-11.0,-706.0,-225.0,-643.0,,327.0,-283.0,-169.0,563.0,339.0
4.0,-1023.0,-206.0,-653.0,,230.0,-268.0,195.0,282.0,467.0
-42.0,76.0,-132.0,-556.0,,1105.0,-232.0,428.0,-265.0,600.0
-110.0,242.0,-97.0,-417.0,,818.0,-149.0,408.0,-54.0,704.0
-108.0,-913.0,-108.0,-254.0,,-2.0,-65.0,419.0,181.0,789.0
-83.0,239.0,-104.0,-70.0,,457.0,63.0,194.0,150.0,809.0
-26.0,875.0,-120.0,149.0,,919.0,194.0,-33.0,-81.0,766.0
34.0,601.0,-63.0,307.0,,164.0,272.0,-450.0,64.0,643.0
95.0,405.0,-77.0,321.0,,-143.0,278.0,-831.0,271.0,474.0
141.0,437.0,-76.0,237.0,,575.0,210.0,-966.0,179.0,342.0
147.0,1292.0,-20.0,-4.0,,386.0,177.0,-1182.0,161.0,181.0
133.0,548.0,-53.0,-175.0,,-378.0,188.0,-1056.0,200.0,12.0
140.0,-74.0,-78.0,-204.0,,186.0,203.0,-866.0,94.0,-55.0
200.0,427.0,-103.0,-268.0,,874.0,244.0,-539.0,42.0,-22.0
216.0,223.0,-113.0,-224.0,,304.0,316.0,-227.0,248.0,-30.0
223.0,-411.0,-125.0,-196.0,,74.0,393.0,-112.0,-52.0,-28.0
258.0,-321.0,-145.0,-310.0,,646.0,480.0,127.0,-423.0,90.0
231.0,223.0,-159.0,-428.0,,315.0,576.0,291.0,-471.0,210.0
167.0,-50.0,-169.0,-415.0,,-291.0,598.0,570.0,-411.0,269.0
86.0,-132.0,-166.0,-358.0,,191.0,547.0,533.0,-257.0,364.0
66.0,603.0,-197.0,-437.0,,690.0,511.0,334.0,-102.0,481.0
90.0,1052.0,-232.0,-416.0,,155.0,503.0,121.0,223.0,515.0
55.0,354.0,-194.0,-197.0,,-194.0,452.0,-338.0,344.0,525.0
-21.0,189.0,-121.0,83.0,,600.0,304.0,-558.0,84.0,537.0
-39.0,537.0,-110.0,204.0,,635.0,188.0,-790.0,34.0,486.0
-30.0,638.0,-84.0,266.0,,-283.0,162.0,-833.0,505.0,360.0
-114.0,589.0,-58.0,439.0,,37.0,128.0,-783.0,573.0,249.0
-213.0,296.0,-42.0,525.0,,807.0,143.0,-731.0,101.0,156.0
-235.0,1687.0,1.0,560.0,,422.0,205.0,-473.0,281.0,11.0
-225.0,1662.0,18.0,412.0,,208.0,317.0,-339.0,612.0,-95.0
-217.0,723.0,78.0,121.0,,891.0,464.0,-205.0,435.0,-116.0
-181.0,613.0,193.0,-25.0,,861.0,487.0,-327.0,223.0,-105.0
-115.0,-133.0,242.0,-135.0,,100.0,428.0,-430.0,104.0,-111.0
-39.0,158.0,241.0,-249.0,,131.0,337.0,-437.0,-13.0,-40.0
-22.0,209.0,299.0,-423.0,,638.0,230.0,-434.0,-215.0,62.0
14.0,400.0,321.0,-550.0,,300.0,169.0,-279.0,-67.0,149.0
89.0,-235.0,290.0,-584.0,,-124.0,149.0,-269.0,-115.0,265.0
170.0,-1184.0,267.0,-545.0,,491.0,133.0,-3.0,-500.0,330.0
270.0,-917.0,229.0,-441.0,,503.0,149.0,125.0,-335.0,389.0
315.0,-695.0,196.0,-397.0,,-540.0,206.0,33.0,-182.0,404.0
386.0,-563.0,145.0,-222.0,,-204.0,229.0,-133.0,-167.0,432.0
468.0,-999.0,77.0,-52.0,,950.0,277.0,-622.0,-365.0,487.0
519.0,-376.0,5.0,6.0,,485.0,352.0,-1016.0,-603.0,466.0
511.0,-506.0,-31.0,32.0,,-217.0,412.0,-1448.0,-389.0,453.0
482.0,-1108.0,-76.0,105.0,,209.0,487.0,-1568.0,-31.0,458.0
477.0,-806.0,-126.0,193.0,,-22.0,581.0,-1441.0,131.0,469.0
441.0,-1131.0,-120.0,296.0,,-766.0,623.0,-1330.0,-145.0,477.0
391.0,-1038.0,-116.0,429.0,,-252.0,538.0,-1049.0,-277.0,492.0
365.0,-597.0,-114.0,309.0,,526.0,443.0,-864.0,-358.0,522.0
365.0,-63.0,-82.0,269.0,,-47.0,426.0,-554.0,-377.0,510.0
332.0,-500.0,0.0,298.0,,-477.0,433.0,-430.0,-40.0,452.0
302.0,41.0,24.0,236.0,,534.0,377.0,-410.0,-104.0,384.0
289.0,1472.0,8.0,249.0,,680.0,284.0,-358.0,-543.0,275.0
254.0,466.0,73.0,212.0,,-229.0,210.0,-517.0,-571.0,127.0
188.0,102.0,123.0,76.0,,261.0,153.0,-528.0,59.0,52.0
84.0,610.0,173.0,-22.0,,1139.0,101.0,-663.0,205.0,-2.0
37.0,461.0,178.0,9.0,,236.0,63.0,-787.0,-228.0,-121.0
25.0,-99.0,169.0,-28.0,,-771.0,107.0,-936.0,-216.0,-230.0
-19.0,-462.0,172.0,-49.0,,277.0,195.0,-1108.0,-5.0,-275.0
-80.0,58.0,113.0,-64.0,,1257.0,317.0,-1003.0,201.0,-362.0
-130.0,-344.0,95.0,-96.0,,613.0,445.0,-953.0,147.0,-526.0
-91.0,-377.0,37.0,-82.0,,84.0,470.0,-698.0,-27.0,-576.0
-62.0,458.0,-6.0,-54.0,,228.0,442.0,-506.0,-137.0,-559.0
-87.0,1475.0,-49.0,88.0,,238.0,459.0,-258.0,-374.0,-564.0
-59.0,1347.0,-159.0,38.0,,501.0,447.0,129.0,-132.0,-527.0
0.0,456.0,-197.0,-143.0,,1210.0,417.0,280.0,215.0,-470.0
50.0,1248.0,-203.0,-232.0,,908.0,398.0,474.0,-234.0,-434.0
34.0,1377.0,-209.0,-341.0,,-149.0,311.0,343.0,-853.0,-437.0
29.0,1222.0,-232.0,-351.0,,-97.0,213.0,136.0,-447.0,-361.0
0.0,733.0,-257.0,-362.0,,398.0,146.0,-131.0,328.0,-249.0
-15.0,195.0,-232.0,-480.0,,-21.0,113.0,-436.0,299.0,-237.0
24.0,222.0,-215.0,-527.0,,-77.0,121.0,-484.0,-87.0,-207.0
41.0,-899.0,-195.0,-463.0,,591.0,113.0,-556.0,-97.0,-149.0
88.0,-676.0,-181.0,-369.0,,299.0,101.0,-447.0,365.0,-110.0
111.0,-506.0,-164.0,-298.0,,-318.0,154.0,-506.0,383.0,-134.0
175.0,-1231.0,-128.0,-229.0,,226.0,227.0,-543.0,85.0,-139.0
222.0,-927.0,-93.0,-156.0,,1098.0,339.0,-569.0,-73.0,-28.0
232.0,-208.0,-13.0,-137.0,,836.0,494.0,-583.0,-389.0,67.0
220.0,-241.0,-50.0,-113.0,,191.0,549.0,-301.0,-226.0,164.0
233.0,-869.0,-90.0,20.0,,571.0,505.0,-155.0,-60.0,300.0
275.0,-982.0,-123.0,115.0,,803.0,405.0,110.0,-114.0,403.0
178.0,-1107.0,-146.0,115.0,,319.0,333.0,133.0,-235.0,420.0
91.0,-497.0,-75.0,76.0,,529.0,292.0,109.0,-275.0,449.0
67.0,-588.0,-103.0,-103.0,,961.0,210.0,351.0,70.0,517.0
82.0,-636.0,-99.0,-288.0,,300.0,138.0,424.0,-122.0,539.0
33.0,-235.0,-140.0,-363.0,,-302.0,82.0,550.0,-285.0,564.0
-22.0,-344.0,-157.0,-331.0,,400.0,76.0,419.0,-324.0,652.0
0.0,335.0,-194.0,-248.0,,794.0,54.0,254.0,-403.0,777.0
42.0,-89.0,-242.0,-176.0,,87.0,-19.0,7.0,-179.0,844.0
99.0,348.0,-199.0,-46.0,,31.0,-5.0,-332.0,-200.0,937.0
104.0,1320.0,-250.0,-19.0,,647.0,108.0,-437.0,-231.0,1032.0
119.0,639.0,-241.0,-19.0,,549.0,213.0,-620.0,-196.0,1023.0
154.0,482.0,-225.0,107.0,,148.0,279.0,-585.0,-234.0,1004.0
201.0,899.0,-224.0,186.0,,392.0,394.0,-639.0,-58.0,916.0
174.0,123.0,-227.0,138.0,,709.0,465.0,-620.0,289.0,765.0
188.0,-246.0,-232.0,-4.0,,110.0,450.0,-375.0,83.0,652.0
264.0,594.0,-243.0,-137.0,,-273.0,432.0,-236.0,-366.0,540.0
286.0,-26.0,-247.0,-341.0,,440.0,398.0,81.0,-203.0,441.0
290.0,-129.0,-260.0,-449.0,,708.0,386.0,168.0,163.0,348.0
308.0,62.0,-299.0,-335.0,,53.0,368.0,214.0,56.0,246.0
343.0,-6.0,-285.0,-388.0,,66.0,322.0,188.0,-84.0,183.0
344.0,188.0,-245.0,-377.0,,699.0,253.0,48.0,-61.0,142.0
373.0,-13.0,-219.0,-135.0,,132.0,192.0,29.0,-146.0,133.0
380.0,87.0,-286.0,14.0,,-340.0,121.0,-232.0,-161.0,201.0
339.0,602.0,-279.0,115.0,,262.0,-15.0,-369.0,-53.0,292.0
232.0,1028.0,-272.0,241.0,,266.0,-138.0,-552.0,102.0,337.0
132.0,461.0,-322.0,401.0,,-219.0,-238.0,-644.0,-309.0,379.0
88.0,995.0,-293.0,520.0,,-195.0,-322.0,-500.0,-573.0,412.0
3.0,681.0,-304.0,595.0,,-128.0,-405.0,-258.0,-236.0,362.0
-97.0,188.0,-284.0,529.0,,-477.0,-457.0,297.0,-204.0,310.0
-155.0,85.0,-215.0,342.0,,-169.0,-474.0,641.0,-426.0,274.0
-178.0,-215.0,-224.0,206.0,,489.0,-488.0,949.0,-383.0,189.0
-216.0,193.0,-207.0,-18.0,,110.0,-445.0,1106.0,-396.0,89.0
-225.0,-681.0,-169.0,-276.0,,-519.0,-394.0,1093.0,-576.0,32.0
-227.0,-675.0,-200.0,-414.0,,-12.0,-321.0,1047.0,-426.0,12.0
-166.0,-718.0,-214.0,-388.0,,375.0,-174.0,748.0,-282.0,-30.0
-106.0,-151.0,-251.0,-346.0,,-180.0,-19.0,615.0,-88.0,-53.0
-74.0,-217.0,-256.0,-298.0,,-588.0,105.0,351.0,-373.0,-3.0
-54.0,-286.0,-240.0,-203.0,,-415.0,180.0,181.0,-544.0,49.0
-20.0,749.0,-256.0,-48.0,,-198.0,217.0,97.0,197.0,89.0
22.0,253.0,-233.0,110.0,,-603.0,208.0,-83.0,322.0,167.0
3.0,460.0,-247.0,153.0,,-360.0,106.0,7.0,44.0,257.0
34.0,537.0,-260.0,189.0,,-40.0,-32.0,55.0,-212.0,324.0
38.0,394.0,-233.0,135.0,,-547.0,-171.0,203.0,-212.0,437.0
40.0,170.0,-221.0,125.0,,-550.0,-297.0,229.0,195.0,567.0
25.0,377.0,-234.0,147.0,,-138.0,-379.0,260.0,-3.0,648.0
37.0,26.0,-256.0,150.0,,-107.0,-451.0,400.0,-355.0,677.0
76.0,-485.0,-287.0,169.0,,-590.0,-520.0,441.0,-604.0,705.0
55.0,-441.0,-264.0,70.0,,-351.0,-574.0,703.0,-694.0,769.0
39.0,-368.0,-245.0,-27.0,,-40.0,-600.0,696.0,-389.0,781.0
17.0,29.0,-267.0,-31.0,,-542.0,-630.0,600.0,-242.0,789.0
39.0,-954.0,-261.0,102.0,,-667.0,-672.0,450.0,-366.0,770.0
1.0,-1251.0,-253.0,232.0,,-287.0,-680.0,92.0,-493.0,725.0
-75.0,-887.0,-224.0,291.0,,-22.0,-624.0,-164.0,-322.0,718.0
-91.0,-549.0,-199.0,377.0,,-488.0,-516.0,-485.0,-108.0,678.0
-76.0,-808.0,-192.0,343.0,,-822.0,-447.0,-582.0,-182.0,624.0
-110.0,-911.0,-178.0,182.0,,-505.0,-389.0,-635.0,-379.0,526.0
-155.0,-333.0,-152.0,158.0,,-509.0,-356.0,-552.0,-332.0,437.0
-144.0,-86.0,-176.0,101.0,,-671.0,-370.0,-330.0,-188.0,394.0
-128.0,381.0,-198.0,-38.0,,-287.0,-368.0,-230.0,-165.0,310.0
-111.0,1154.0,-177.0,-35.0,,-227.0,-393.0,123.0,-300.0,242.0
-122.0,2086.0,-201.0,-26.0,,-658.0,-377.0,365.0,-402.0,200.0
-75.0,1277.0,-217.0,-93.0,,-362.0,-341.0,624.0,-512.0,140.0
3.0,1412.0,-277.0,-131.0,,-137.0,-342.0,829.0,-592.0,101.0
8.0,1306.0,-315.0,-59.0,,-534.0,-363.0,805.0,-79.0,116.0
10.0,195.0,-309.0,-81.0,,-666.0,-456.0,665.0,-35.0,148.0
92.0,249.0,-309.0,-156.0,,-144.0,-549.0,288.0,-313.0,178.0
178.0,-443.0,-304.0,-132.0,,-111.0,-632.0,206.0,-85.0,215.0
176.0,-291.0,-342.0,-48.0,,-771.0,-696.0,264.0,-27.0,244.0
127.0,-543.0,-370.0,-11.0,,-393.0,-697.0,495.0,120.0,205.0
130.0,-1017.0,-381.0,-80.0,,-33.0,-679.0,740.0,154.0,167.0
168.0,-937.0,-384.0,-50.0,,-546.0,-632.0,755.0,-342.0,182.0
152.0,-231.0,-398.0,-32.0,,-1018.0,-573.0,905.0,-526.0,147.0
134.0,653.0,-379.0,-88.0,,-819.0,-481.0,783.0,-492.0,79.0
136.0,181.0,-361.0,-141.0,,-189.0,-364.0,698.0,-410.0,56.0
123.0,679.0,-309.0,-100.0,,-634.0,-305.0,526.0,-343.0,66.0
83.0,1230.0,-191.0,-5.0,,-977.0,-275.0,223.0,-502.0,31.0
56.0,470.0,-123.0,-35.0,,-684.0,-250.0,66.0,-408.0,-31.0
71.0,-780.0,-61.0,41.0,,-665.0,-261.0,-282.0,-582.0,-44.0
51.0,-549.0,-18.0,172.0,,-607.0,-400.0,-369.0,-111.0,-57.0
0.0,180.0,38.0,179.0,,-878.0,-628.0,-351.0,129.0,-100.0
-3.0,-673.0,74.0,259.0,,-940.0,-861.0,-177.0,-811.0,-145.0
31.0,-1326.0,58.0,326.0,,-869.0,-1111.0,-9.0,-396.0,-123.0
14.0,-1296.0,91.0,114.0,,-732.0,-1319.0,-18.0,113.0,-86.0
-23.0,-1798.0,58.0,-154.0,,-494.0,-1477.0,182.0,-158.0,-161.0
-18.0,-1887.0,14.0,-274.0,,-907.0,-1534.0,216.0,-54.0,-206.0
15.0,-825.0,-22.0,-284.0,,-938.0,-1439.0,445.0,54.0,-211.0
39.0,49.0,-113.0,-245.0,,-621.0,-1291.0,596.0,-45.0,-279.0
22.0,1069.0,-132.0,-197.0,,-679.0,-1131.0,569.0,90.0,-352.0
41.0,1327.0,-173.0,-136.0,,-945.0,-964.0,585.0,546.0,-381.0
90.0,996.0,-198.0,-98.0,,-1011.0,-792.0,498.0,230.0,-334.0
76.0,648.0,-201.0,-24.0,,-473.0,-694.0,709.0,-59.0,-364.0
58.0,53.0,-251.0,-6.0,,-486.0,-704.0,628.0,149.0,-392.0
51.0,-469.0,-267.0,33.0,,-622.0,-717.0,469.0,58.0,-316.0
101.0,-722.0,-336.0,121.0,,-212.0,-701.0,341.0,-80.0,-284.0
131.0,-372.0,-348.0,88.0,,-696.0,-646.0,142.0,-245.0,-275.0
90.0,-716.0,-334.0,-33.0,,-1059.0,-582.0,216.0,-210.0,-255.0
101.0,-267.0,-403.0,-183.0,,-507.0,-591.0,151.0,-241.0,-254.0
141.0,-67.0,-412.0,-328.0,,-446.0,-626.0,155.0,-286.0,-308.0
193.0,-71.0,-391.0,-481.0,,-1060.0,-630.0,35.0,-385.0,-332.0
178.0,565.0,-369.0,-505.0,,-1068.0,-702.0,-109.0,-372.0,-316.0
178.0,373.0,-362.0,-425.0,,57.0,-878.0,-147.0,248.0,-395.0
220.0,860.0,-367.0,-318.0,,429.0,-1037.0,-145.0,220.0,-501.0
244.0,506.0,-310.0,-114.0,,-387.0,-1139.0,116.0,60.0,-526.0
247.0,177.0,-282.0,35.0,,-776.0,-1166.0,260.0,389.0,-522.0
190.0,321.0,-311.0,22.0,,-550.0,-1109.0,480.0,431.0,-541.0
192.0,421.0,-275.0,11.0,,-615.0,-1074.0,484.0,308.0,-498.0
223.0,-85.0,-280.0,65.0,,-1185.0,-1056.0,380.0,354.0,-429.0
220.0,-951.0,-290.0,132.0,,-933.0,-1007.0,391.0,467.0,-376.0
176.0,-246.0,-315.0,175.0,,-41.0,-977.0,243.0,232.0,-315.0
162.0,-515.0,-395.0,129.0,,-335.0,-982.0,223.0,196.0,-264.0
167.0,-529.0,-396.0,100.0,,-820.0,-1033.0,-94.0,73.0,-214.0
123.0,-313.0,-437.0,101.0,,-617.0,-1066.0,-339.0,-371.0,-204.0
61.0,-312.0,-471.0,142.0,,-644.0,-1050.0,-349.0,-518.0,-202.0
23.0,588.0,-522.0,114.0,,-561.0,-1124.0,-349.0,-474.0,-199.0
-7.0,727.0,-552.0,-117.0,,-306.0,-1223.0,-72.0,-108.0,-272.0
-72.0,295.0,-537.0,-266.0,,-334.0,-1258.0,0.0,-47.0,-385.0
-116.0,490.0,-582.0,-426.0,,-475.0,-1284.0,92.0,-610.0,-431.0
-130.0,189.0,-565.0,-578.0,,101.0,-1260.0,96.0,-603.0,-464.0
-128.0,-779.0,-566.0,-524.0,,496.0,-1157.0,64.0,-58.0,-503.0
-149.0,-171.0,-574.0,-387.0,,-225.0,-1044.0,230.0,127.0,-477.0
-150.0,482.0,-600.0,-170.0,,-688.0,-969.0,279.0,-143.0,-474.0
-158.0,835.0,-609.0,-4.0,,-403.0,-904.0,497.0,-363.0,-492.0
-152.0,475.0,-570.0,194.0,,120.0,-840.0,543.0,-136.0,-462.0
-148.0,10.0,-589.0,415.0,,-215.0,-768.0,498.0,-57.0,-412.0
-164.0,-156.0,-596.0,482.0,,-487.0,-726.0,391.0,-239.0,-339.0
-156.0,-1408.0,-587.0,453.0,,146.0,-780.0,158.0,-159.0,-228.0
-188.0,-1697.0,-561.0,276.0,,35.0,-867.0,97.0,-155.0,-145.0
-206.0,-1094.0,-561.0,25.0,,-210.0,-866.0,-46.0,-292.0,-122.0
-213.0,281.0,-483.0,-196.0,,-28.0,-786.0,9.0,79.0,-175.0
-204.0,912.0,-417.0,-327.0,,-302.0,-740.0,-18.0,405.0,-306.0
-217.0,665.0,-380.0,-478.0,,-690.0,-802.0,36.0,209.0,-452.0
-210.0,426.0,-303.0,-580.0,,-500.0,-945.0,242.0,97.0,-573.0
-174.0,-112.0,-309.0,-400.0,,15.0,-1045.0,249.0,203.0,-661.0
-152.0,470.0,-260.0,-103.0,,-175.0,-1146.0,380.0,504.0,-756.0
-149.0,893.0,-228.0,178.0,,-504.0,-1277.0,266.0,482.0,-778.0
-180.0,189.0,-217.0,376.0,,-19.0,-1327.0,227.0,139.0,-708.0
-174.0,-408.0,-233.0,503.0,,45.0,-1322.0,186.0,88.0,-641.0
-169.0,-348.0,-253.0,541.0,,-411.0,-1309.0,7.0,184.0,-526.0
-155.0,-1037.0,-218.0,480.0,,-516.0,-1251.0,-25.0,194.0,-422.0
-151.0,-905.0,-225.0,446.0,,-482.0,-1154.0,-177.0,153.0,-369.0
-111.0,-42.0,-245.0,456.0,,-417.0,-1025.0,-190.0,89.0,-336.0
-40.0,-158.0,-230.0,440.0,,-323.0,-842.0,-295.0,-83.0,-318.0
0.0,0.0,-193.0,273.0,,-75.0,-629.0,-310.0,-191.0,-296.0
18.0,-133.0,-184.0,94.0,,250.0,-398.0,-293.0,-104.0,-361.0
34.0,-346.0,-172.0,-55.0,,131.0,-154.0,-471.0,132.0,-438.0
41.0,-724.0,-145.0,-233.0,,-336.0,79.0,-448.0,-106.0,-470.0
0.0,-322.0,-103.0,-375.0,,-549.0,230.0,-500.0,-284.0,-504.0
-21.0,504.0,-90.0,-565.0,,-615.0,257.0,-399.0,182.0,-558.0
-12.0,927.0,-39.0,-611.0,,-614.0,243.0,-314.0,456.0,-618.0
-8.0,1148.0,-27.0,-581.0,,-93.0,196.0,-192.0,497.0,-641.0
-29.0,754.0,-48.0,-595.0,,383.0,84.0,112.0,169.0,-643.0
-59.0,322.0,15.0,-453.0,,243.0,-59.0,293.0,99.0,-608.0
-108.0,-604.0,-18.0,-252.0,,527.0,-236.0,691.0,59.0,-583.0
-153.0,-1142.0,-19.0,23.0,,931.0,-421.0,837.0,-14.0,-568.0
-207.0,-1286.0,22.0,153.0,,241.0,-578.0,857.0,114.0,-570.0
-241.0,-746.0,-11.0,89.0,,-424.0,-742.0,731.0,-150.0,-576.0
-211.0,-356.0,-5.0,75.0,,-326.0,-899.0,273.0,50.0,-547.0
-207.0,-371.0,5.0,84.0,,-35.0,-985.0,-75.0,104.0,-525.0
-218.0,-97.0,-7.0,145.0,,-85.0,-989.0,-469.0,135.0,-466.0
-216.0,-490.0,18.0,134.0,,-107.0,-899.0,-554.0,204.0,-430.0
-220.0,-681.0,49.0,100.0,,443.0,-764.0,-676.0,128.0,-396.0
-227.0,-72.0,60.0,114.0,,738.0,-678.0,-727.0,383.0,-333.0
-231.0,1871.0,50.0,145.0,,568.0,-589.0,-487.0,160.0,-360.0
-220.0,2463.0,64.0,80.0,,260.0,-479.0,-347.0,-23.0,-439.0
-160.0,2149.0,88.0,-28.0,,-37.0,-418.0,-36.0,-2.0,-531.0
-126.0,2069.0,40.0,5.0,,-258.0,-433.0,125.0,-91.0,-647.0
-118.0,283.0,-4.0,15.0,,-120.0,-455.0,301.0,-278.0,-808.0
-80.0,-657.0,-38.0,-62.0,,503.0,-422.0,328.0,-8.0,-931.0
-34.0,-752.0,-70.0,-245.0,,680.0,-394.0,177.0,304.0,-938.0
-22.0,-568.0,-66.0,-397.0,,413.0,-356.0,160.0,151.0,-988.0
-76.0,-360.0,-52.0,-453.0,,435.0,-314.0,-68.0,234.0,-999.0
-85.0,-1043.0,-73.0,-504.0,,687.0,-296.0,-195.0,88.0,-894.0
-60.0,-1389.0,-83.0,-497.0,,499.0,-244.0,-454.0,117.0,-834.0
-82.0,-1838.0,-75.0,-472.0,,145.0,-204.0,-639.0,221.0,-732.0
-149.0,-2072.0,-86.0,-325.0,,202.0,-211.0,-613.0,99.0,-533.0
-151.0,-1174.0,-63.0,-35.0,,126.0,-230.0,-659.0,23.0,-348.0
-98.0,-130.0,-29.0,207.0,,65.0,-176.0,-522.0,-106.0,-278.0
-121.0,818.0,-51.0,414.0,,500.0,-95.0,-552.0,-304.0,-181.0
-176.0,1336.0,-57.0,602.0,,934.0,-86.0,-495.0,-268.0,-12.0
-219.0,1402.0,7.0,645.0,,602.0,-80.0,-391.0,76.0,27.0
-215.0,1654.0,6.0,512.0,,169.0,-36.0,-221.0,-135.0,-16.0
-235.0,1309.0,-1.0,402.0,,297.0,37.0,88.0,-265.0,-36.0
-308.0,1189.0,18.0,342.0,,326.0,92.0,186.0,-292.0,-45.0
-311.0,970.0,-5.0,224.0,,575.0,97.0,345.0,-15.0,-151.0
-246.0,194.0,28.0,146.0,,1207.0,130.0,253.0,312.0,-274.0
-185.0,-963.0,64.0,132.0,,1437.0,153.0,169.0,61.0,-327.0
-204.0,-2384.0,60.0,79.0,,981.0,115.0,103.0,125.0,-393.0
-221.0,-2386.0,73.0,51.0,,598.0,12.0,-212.0,-84.0,-486.0
-150.0,-1940.0,52.0,13.0,,705.0,-187.0,-421.0,114.0,-574.0
-106.0,-708.0,50.0,-79.0,,334.0,-370.0,-726.0,383.0,-610.0
-80.0,359.0,90.0,-50.0,,-161.0,-402.0,-792.0,-52.0,-675.0
-7.0,946.0,66.0,17.0,,347.0,-324.0,-770.0,-109.0,-741.0
114.0,1490.0,52.0,-2.0,,1169.0,-253.0,-635.0,-237.0,-700.0
202.0,1086.0,43.0,69.0,,1159.0,-155.0,-227.0,-366.0,-632.0
194.0,929.0,8.0,266.0,,965.0,15.0,112.0,-147.0,-643.0
181.0,786.0,-16.0,319.0,,1164.0,155.0,543.0,-400.0,-615.0
212.0,1940.0,-75.0,190.0,,825.0,173.0,705.0,-633.0,-423.0
236.0,2387.0,-107.0,111.0,,214.0,105.0,764.0,-286.0,-292.0
177.0,2060.0,-108.0,72.0,,201.0,38.0,650.0,60.0,-292.0
172.0,1726.0,-104.0,31.0,,379.0,-51.0,295.0,228.0,-236.0
240.0,-134.0,-102.0,13.0,,239.0,-143.0,-22.0,168.0,-160.0
255.0,-737.0,-36.0,3.0,,258.0,-172.0,-591.0,390.0,-180.0
212.0,-815.0,35.0,34.0,,846.0,-106.0,-988.0,387.0,-189.0
203.0,-464.0,53.0,140.0,,1262.0,40.0,-1285.0,621.0,-174.0
306.0,-168.0,91.0,250.0,,809.0,224.0,-1334.0,1013.0,-279.0
316.0,-409.0,92.0,317.0,,4.0,381.0,-1056.0,610.0,-362.0
255.0,-138.0,150.0,336.0,,-70.0,465.0,-783.0,453.0,-321.0
277.0,-648.0,185.0,301.0,,243.0,578.0,-251.0,317.0,-288.0
338.0,-1093.0,182.0,309.0,,192.0,651.0,68.0,623.0,-307.0
311.0,-901.0,205.0,296.0,,652.0,682.0,256.0,790.0,-304.0
220.0,-19.0,218.0,208.0,,1337.0,737.0,321.0,432.0,-226.0
205.0,340.0,283.0,132.0,,1020.0,738.0,179.0,392.0,-168.0
222.0,-12.0,277.0,38.0,,582.0,671.0,73.0,119.0,-160.0
187.0,-193.0,267.0,-23.0,,743.0,500.0,-293.0,63.0,-113.0
94.0,-591.0,242.0,-27.0,,601.0,338.0,-602.0,270.0,-25.0
75.0,-397.0,200.0,-24.0,,196.0,230.0,-929.0,51.0,59.0
120.0,-553.0,176.0,-14.0,,437.0,196.0,-1130.0,-317.0,134.0
116.0,-734.0,154.0,-58.0,,749.0,262.0,-1093.0,-222.0,208.0
43.0,-705.0,194.0,-111.0,,832.0,359.0,-1062.0,-209.0,273.0
53.0,-776.0,150.0,-156.0,,1414.0,485.0,-801.0,-279.0,284.0
120.0,-229.0,114.0,-197.0,,1590.0,585.0,-637.0,-426.0,311.0
89.0,10.0,116.0,-162.0,,857.0,679.0,-352.0,-910.0,389.0
19.0,13.0,66.0,-141.0,,448.0,686.0,-164.0,-767.0,381.0
-3.0,-179.0,20.0,-148.0,,455.0,651.0,-182.0,-395.0,335.0
7.0,-81.0,-26.0,-244.0,,329.0,687.0,-60.0,-436.0,302.0
-64.0,415.0,-17.0,-318.0,,398.0,680.0,-149.0,-525.0,302.0
-112.0,1177.0,12.0,-273.0,,900.0,629.0,-190.0,-398.0,251.0
-88.0,1577.0,19.0,-235.0,,1248.0,624.0,-221.0,-34.0,170.0
-24.0,1736.0,30.0,-83.0,,856.0,682.0,-118.0,83.0,221.0
13.0,1596.0,29.0,30.0,,491.0,687.0,-53.0,268.0,213.0
45.0,530.0,59.0,-20.0,,586.0,645.0,-295.0,489.0,151.0
123.0,268.0,82.0,-97.0,,546.0,597.0,-421.0,198.0,188.0
175.0,-107.0,55.0,-211.0,,484.0,532.0,-676.0,354.0,261.0
185.0,-607.0,70.0,-266.0,,575.0,502.0,-689.0,765.0,272.0
123.0,-867.0,100.0,-213.0,,632.0,472.0,-521.0,652.0,297.0
181.0,-863.0,92.0,-129.0,,536.0,426.0,-471.0,483.0,431.0
226.0,-835.0,99.0,-50.0,,735.0,368.0,-497.0,434.0,433.0
180.0,-1067.0,114.0,103.0,,1260.0,384.0,-622.0,407.0,369.0
155.0,-37.0,132.0,291.0,,1169.0,467.0,-306.0,443.0,472.0
176.0,832.0,92.0,285.0,,582.0,526.0,-64.0,421.0,544.0
227.0,975.0,48.0,359.0,,340.0,630.0,-42.0,282.0,498.0
154.0,916.0,6.0,610.0,,586.0,761.0,-147.0,274.0,483.0
124.0,663.0,-82.0,678.0,,674.0,881.0,-256.0,172.0,543.0
142.0,351.0,-143.0,650.0,,657.0,1000.0,-25.0,188.0,534.0
130.0,110.0,-209.0,585.0,,1214.0,1008.0,-57.0,249.0,480.0
68.0,260.0,-265.0,466.0,,1538.0,987.0,-131.0,-249.0,517.0
15.0,343.0,-346.0,319.0,,965.0,1014.0,-323.0,-679.0,517.0
91.0,-82.0,-356.0,207.0,,337.0,958.0,-515.0,-665.0,452.0
152.0,-1096.0,-330.0,210.0,,203.0,889.0,-596.0,-524.0,432.0
120.0,-1821.0,-300.0,257.0,,264.0,859.0,-811.0,-449.0,443.0
84.0,-1605.0,-279.0,267.0,,404.0,818.0,-844.0,-451.0,431.0
136.0,-1227.0,-281.0,276.0,,675.0,785.0,-1056.0,-308.0,400.0
215.0,-108.0,-208.0,294.0,,832.0,744.0,-938.0,-119.0,388.0
212.0,998.0,-152.0,197.0,,827.0,745.0,-535.0,40.0,389.0
196.0,827.0,-73.0,275.0,,891.0,821.0,-216.0,266.0,330.0
241.0,641.0,-72.0,387.0,,759.0,904.0,94.0,504.0,270.0
302.0,896.0,-75.0,300.0,,104.0,922.0,179.0,412.0,303.0
353.0,1424.0,-43.0,356.0,,-352.0,880.0,485.0,132.0,374.0
387.0,1339.0,-58.0,337.0,,-153.0,806.0,545.0,426.0,441.0
437.0,1736.0,-88.0,175.0,,266.0,774.0,371.0,625.0,504.0
487.0,1736.0,-133.0,95.0,,605.0,747.0,62.0,209.0,618.0
487.0,633.0,-193.0,47.0,,761.0,637.0,-354.0,-71.0,673.0
434.0,476.0,-245.0,77.0,,703.0,532.0,-408.0,159.0,709.0
374.0,17.0,-266.0,118.0,,225.0,444.0,-655.0,706.0,811.0
295.0,-1004.0,-270.0,111.0,,-370.0,416.0,-731.0,682.0,760.0
180.0,-1443.0,-260.0,124.0,,-440.0,468.0,-607.0,216.0,605.0
136.0,-1421.0,-281.0,96.0,,-181.0,577.0,-447.0,41.0,548.0
180.0,-1958.0,-226.0,84.0,,81.0,786.0,-175.0,36.0,523.0
188.0,-1789.0,-176.0,90.0,,298.0,1014.0,-168.0,158.0,389.0
147.0,-1374.0,-141.0,9.0,,317.0,1177.0,35.0,117.0,308.0
185.0,-1842.0,-107.0,-103.0,,210.0,1251.0,175.0,-1.0,344.0
256.0,-893.0,-112.0,-256.0,,164.0,1254.0,229.0,-62.0,277.0
263.0,294.0,-89.0,-392.0,,86.0,1274.0,245.0,-76.0,183.0
213.0,401.0,-95.0,-462.0,,-226.0,1295.0,175.0,153.0,218.0
216.0,721.0,-102.0,-556.0,,-653.0,1214.0,279.0,161.0,204.0
266.0,848.0,-94.0,-635.0,,-548.0,1093.0,112.0,72.0,93.0
248.0,518.0,-57.0,-696.0,,-39.0,1005.0,-25.0,197.0,101.0
189.0,410.0,-15.0,-729.0,,143.0,917.0,-251.0,177.0,108.0
177.0,551.0,-7.0,-622.0,,37.0,769.0,-467.0,11.0,-59.0
204.0,363.0,10.0,-362.0,,-84.0,576.0,-513.0,129.0,-214.0
160.0,-372.0,48.0,-9.0,,-126.0,458.0,-655.0,143.0,-222.0
82.0,-505.0,80.0,381.0,,-237.0,353.0,-563.0,-86.0,-253.0
64.0,52.0,106.0,657.0,,-248.0,286.0,-461.0,174.0,-346.0
101.0,305.0,143.0,775.0,,-89.0,325.0,-53.0,246.0,-331.0
91.0,-117.0,187.0,867.0,,-6.0,395.0,386.0,-56.0,-262.0
77.0,565.0,216.0,890.0,,259.0,464.0,541.0,29.0,-268.0
125.0,1529.0,172.0,851.0,,561.0,555.0,742.0,38.0,-256.0
171.0,1405.0,124.0,700.0,,431.0,649.0,711.0,-8.0,-136.0
147.0,1606.0,127.0,501.0,,-54.0,671.0,522.0,239.0,-15.0
72.0,788.0,117.0,335.0,,-355.0,724.0,-35.0,329.0,50.0
43.0,433.0,120.0,152.0,,-417.0,833.0,-473.0,260.0,168.0
25.0,336.0,138.0,33.0,,-616.0,836.0,-502.0,122.0,366.0
-6.0,1.0,147.0,-1.0,,-575.0,757.0,-441.0,85.0,434.0
-29.0,497.0,134.0,-72.0,,90.0,685.0,-218.0,359.0,416.0
26.0,573.0,164.0,-262.0,,559.0,660.0,-142.0,484.0,477.0
92.0,1342.0,182.0,-353.0,,85.0,621.0,173.0,441.0,507.0
101.0,841.0,173.0,-293.0,,-285.0,545.0,484.0,351.0,464.0
143.0,-512.0,182.0,-128.0,,56.0,521.0,652.0,222.0,407.0
242.0,-546.0,139.0,-62.0,,-12.0,493.0,864.0,266.0,441.0
332.0,-431.0,79.0,-117.0,,-682.0,492.0,787.0,349.0,433.0
299.0,-458.0,72.0,-69.0,,-883.0,590.0,855.0,125.0,293.0
293.0,-686.0,112.0,-53.0,,-239.0,669.0,774.0,-259.0,193.0
405.0,-172.0,76.0,-35.0,,233.0,710.0,535.0,-68.0,160.0
432.0,-228.0,48.0,-50.0,,113.0,751.0,105.0,139.0,116.0
337.0,-886.0,55.0,-138.0,,16.0,790.0,-565.0,191.0,82.0
273.0,-562.0,40.0,-255.0,,-222.0,796.0,-949.0,502.0,155.0
308.0,-471.0,94.0,-323.0,,-500.0,718.0,-1263.0,283.0,217.0
320.0,-158.0,115.0,-235.0,,-567.0,597.0,-1147.0,259.0,205.0
264.0,-190.0,126.0,-61.0,,-667.0,548.0,-894.0,794.0,267.0
263.0,-657.0,168.0,121.0,,-828.0,536.0,-698.0,904.0,391.0
337.0,-389.0,113.0,193.0,,-694.0,500.0,-356.0,696.0,416.0
373.0,-876.0,118.0,219.0,,40.0,513.0,-203.0,585.0,385.0
311.0,-1826.0,141.0,237.0,,516.0,528.0,136.0,544.0,419.0
283.0,-1587.0,68.0,317.0,,-29.0,554.0,343.0,735.0,421.0
318.0,-1026.0,20.0,449.0,,-1076.0,592.0,408.0,738.0,355.0
321.0,-1035.0,-19.0,409.0,,-1151.0,596.0,471.0,229.0,301.0
277.0,-220.0,-4.0,266.0,,-239.0,613.0,419.0,7.0,234.0
219.0,492.0,-25.0,158.0,,141.0,587.0,413.0,93.0,102.0
241.0,961.0,-51.0,87.0,,-69.0,546.0,194.0,118.0,29.0
228.0,1445.0,-63.0,4.0,,-454.0,503.0,120.0,-40.0,89.0
133.0,944.0,-114.0,-115.0,,-442.0,456.0,79.0,-257.0,159.0
102.0,1254.0,-104.0,-124.0,,-35.0,461.0,133.0,-465.0,228.0
139.0,1145.0,-100.0,2.0,,96.0,420.0,303.0,-340.0,335.0
174.0,299.0,-87.0,89.0,,-102.0,347.0,245.0,99.0,491.0
144.0,-144.0,-53.0,228.0,,-471.0,294.0,373.0,61.0,673.0
147.0,-307.0,-67.0,462.0,,-258.0,246.0,485.0,-309.0,766.0
246.0,-239.0,-94.0,519.0,,40.0,166.0,761.0,-419.0,796.0
268.0,-419.0,-99.0,358.0,,-222.0,31.0,984.0,-290.0,850.0
198.0,-252.0,-97.0,184.0,,-434.0,-77.0,921.0,-285.0,803.0
150.0,-785.0,-80.0,101.0,,-526.0,-132.0,794.0,-86.0,626.0
193.0,-1326.0,-122.0,110.0,,-290.0,-184.0,347.0,-221.0,489.0
215.0,-1189.0,-141.0,141.0,,64.0,-205.0,127.0,-598.0,377.0
157.0,-741.0,-123.0,145.0,,-93.0,-146.0,-77.0,-470.0,224.0
146.0,-129.0,-116.0,183.0,,-680.0,-18.0,-92.0,-234.0,73.0
179.0,83.0,-95.0,133.0,,-977.0,167.0,201.0,-53.0,0.0
154.0,-15.0,-105.0,16.0,,-335.0,310.0,293.0,-313.0,-83.0
78.0,-132.0,-47.0,31.0,,243.0,400.0,517.0,-571.0,-235.0
85.0,486.0,-24.0,83.0,,-37.0,512.0,491.0,-336.0,-251.0
102.0,697.0,-28.0,121.0,,-278.0,606.0,393.0,12.0,-202.0
60.0,728.0,33.0,49.0,,-99.0,594.0,301.0,-47.0,-203.0
10.0,631.0,75.0,-171.0,,36.0,449.0,264.0,-140.0,-187.0
11.0,137.0,97.0,-315.0,,-104.0,324.0,467.0,3.0,-111.0
25.0,-407.0,118.0,-452.0,,-129.0,235.0,502.0,112.0,-91.0
-60.0,-421.0,132.0,-393.0,,-54.0,141.0,624.0,463.0,-156.0
-135.0,-72.0,112.0,-117.0,,-224.0,101.0,582.0,281.0,-101.0
-134.0,-584.0,93.0,-38.0,,-265.0,71.0,554.0,81.0,-74.0
-51.0,-698.0,117.0,55.0,,-39.0,52.0,580.0,133.0,-139.0
-22.0,-785.0,111.0,105.0,,97.0,4.0,439.0,-227.0,-194.0
-58.0,-166.0,119.0,26.0,,-164.0,-98.0,430.0,138.0,-273.0
0.0,221.0,170.0,-48.0,,-397.0,-168.0,277.0,511.0,-393.0
56.0,-126.0,159.0,-163.0,,-286.0,-232.0,258.0,-3.0,-530.0
27.0,496.0,175.0,-200.0,,-129.0,-292.0,242.0,70.0,-614.0
-12.0,658.0,183.0,-237.0,,-16.0,-354.0,194.0,412.0,-647.0
57.0,489.0,179.0,-230.0,,-155.0,-464.0,312.0,218.0,-662.0
127.0,540.0,197.0,-146.0,,-400.0,-574.0,310.0,231.0,-728.0
76.0,590.0,206.0,-108.0,,-327.0,-682.0,519.0,79.0,-748.0
22.0,29.0,220.0,-107.0,,27.0,-763.0,517.0,8.0,-748.0
52.0,-16.0,222.0,-83.0,,62.0,-821.0,371.0,302.0,-801.0
90.0,-44.0,245.0,17.0,,-457.0,-845.0,297.0,241.0,-798.0
39.0,-414.0,225.0,128.0,,-616.0,-796.0,145.0,65.0,-743.0
-32.0,10.0,179.0,250.0,,-177.0,-722.0,243.0,196.0,-585.0
-7.0,-3.0,101.0,293.0,,-81.0,-615.0,162.0,318.0,-400.0
-3.0,28.0,40.0,207.0,,-344.0,-501.0,90.0,178.0,-213.0
-88.0,-74.0,5.0,51.0,,-321.0,-465.0,59.0,339.0,17.0
-126.0,39.0,-19.0,-138.0,,-148.0,-431.0,72.0,173.0,151.0
-102.0,407.0,-4.0,-180.0,,-317.0,-379.0,218.0,43.0,239.0
-103.0,852.0,-19.0,-167.0,,-550.0,-332.0,210.0,303.0,325.0
-148.0,886.0,-5.0,-231.0,,-366.0,-249.0,382.0,161.0,359.0
-113.0,-52.0,6.0,-283.0,,-116.0,-215.0,456.0,217.0,258.0
-19.0,46.0,5.0,-138.0,,-35.0,-154.0,607.0,-25.0,127.0
57.0,179.0,-23.0,159.0,,-35.0,-33.0,691.0,-197.0,149.0
46.0,-52.0,-80.0,304.0,,95.0,48.0,546.0,-207.0,131.0
54.0,277.0,-98.0,357.0,,210.0,104.0,559.0,-381.0,84.0
161.0,619.0,-111.0,368.0,,-20.0,86.0,408.0,-187.0,153.0
193.0,552.0,-111.0,214.0,,-159.0,-3.0,508.0,-350.0,238.0
135.0,340.0,-89.0,38.0,,-148.0,-143.0,611.0,-539.0,341.0
75.0,-89.0,-93.0,31.0,,-118.0,-266.0,613.0,-418.0,456.0
133.0,-722.0,-108.0,9.0,,-18.0,-353.0,663.0,-282.0,529.0
118.0,-1419.0,-88.0,-41.0,,-43.0,-513.0,480.0,-65.0,554.0
16.0,-1988.0,-53.0,-55.0,,-153.0,-680.0,467.0,115.0,567.0
-14.0,-772.0,-16.0,-107.0,,-171.0,-773.0,460.0,-234.0,611.0
-4.0,-265.0,-23.0,-83.0,,-39.0,-836.0,628.0,-377.0,615.0
-26.0,-592.0,-27.0,18.0,,-39.0,-889.0,849.0,0.0,486.0
-126.0,69.0,-37.0,112.0,,-175.0,-969.0,995.0,-62.0,294.0
-126.0,179.0,-25.0,122.0,,-61.0,-1034.0,1247.0,-94.0,165.0
-67.0,662.0,22.0,206.0,,85.0,-1076.0,1204.0,-66.0,7.0
-59.0,844.0,28.0,296.0,,-77.0,-1142.0,1134.0,-51.0,-228.0
-132.0,868.0,44.0,227.0,,-191.0,-1148.0,877.0,-266.0,-337.0
-183.0,901.0,35.0,180.0,,-58.0,-1112.0,606.0,-268.0,-335.0
-164.0,428.0,40.0,152.0,,22.0,-1005.0,508.0,-47.0,-390.0
-197.0,258.0,101.0,136.0,,14.0,-776.0,393.0,-467.0,-407.0
-258.0,-826.0,131.0,152.0,,182.0,-584.0,448.0,-487.0,-329.0
-258.0,-1472.0,88.0,252.0,,410.0,-440.0,286.0,-321.0,-314.0
-214.0,-1335.0,31.0,322.0,,330.0,-271.0,206.0,-228.0,-369.0
-232.0,-1424.0,-12.0,208.0,,146.0,-60.0,164.0,-71.0,-385.0
-291.0,-909.0,-57.0,100.0,,162.0,144.0,101.0,-331.0,-316.0
-281.0,-543.0,-83.0,10.0,,293.0,271.0,223.0,-371.0,-310.0
-169.0,-433.0,-110.0,28.0,,243.0,303.0,182.0,36.0,-423.0
-117.0,-671.0,-131.0,243.0,,218.0,219.0,317.0,175.0,-415.0
-131.0,-447.0,-105.0,345.0,,439.0,81.0,339.0,371.0,-395.0
-114.0,520.0,-83.0,301.0,,546.0,-71.0,286.0,492.0,-475.0
-59.0,337.0,-55.0,255.0,,490.0,-268.0,271.0,47.0,-470.0
-92.0,-29.0,0.0,230.0,,241.0,-490.0,223.0,-42.0,-402.0
-219.0,1.0,22.0,207.0,,35.0,-648.0,386.0,168.0,-385.0
-261.0,-176.0,48.0,76.0,,64.0,-748.0,386.0,221.0,-374.0
-210.0,-81.0,70.0,7.0,,154.0,-832.0,561.0,-39.0,-296.0
-185.0,430.0,136.0,-4.0,,336.0,-824.0,694.0,-217.0,-221.0
-245.0,521.0,189.0,-183.0,,359.0,-778.0,685.0,99.0,-170.0
-206.0,533.0,187.0,-382.0,,126.0,-704.0,617.0,444.0,-76.0
-134.0,1147.0,172.0,-442.0,,-136.0,-606.0,369.0,288.0,37.0
-133.0,1085.0,144.0,-429.0,,-49.0,-536.0,498.0,20.0,37.0
-192.0,1241.0,104.0,-432.0,,272.0,-500.0,582.0,-97.0,-43.0
-221.0,990.0,83.0,-447.0,,282.0,-525.0,748.0,-42.0,-109.0
-179.0,485.0,65.0,-465.0,,160.0,-509.0,861.0,580.0,-179.0
-245.0,1091.0,0.0,-372.0,,271.0,-437.0,783.0,493.0,-317.0
-335.0,752.0,-25.0,-210.0,,634.0,-372.0,844.0,-161.0,-556.0
-358.0,48.0,-46.0,-163.0,,610.0,-263.0,654.0,-554.0,-712.0
-336.0,-644.0,-46.0,-95.0,,119.0,-107.0,570.0,-439.0,-719.0
-385.0,-984.0,-13.0,14.0,,-75.0,10.0,354.0,129.0,-688.0
-433.0,-887.0,-7.0,-20.0,,152.0,82.0,44.0,-11.0,-672.0
-377.0,-1010.0,-21.0,-170.0,,298.0,126.0,-232.0,-518.0,-601.0
-288.0,-471.0,-24.0,-315.0,,99.0,120.0,-641.0,-674.0,-513.0
-262.0,173.0,0.0,-409.0,,140.0,67.0,-659.0,-651.0,-470.0
-273.0,821.0,27.0,-487.0,,326.0,-36.0,-412.0,-569.0,-340.0
-209.0,1150.0,24.0,-540.0,,297.0,-175.0,254.0,-308.0,-183.0
-174.0,1059.0,47.0,-597.0,,154.0,-273.0,916.0,-483.0,-110.0
-198.0,923.0,140.0,-730.0,,104.0,-322.0,1311.0,-554.0,-115.0
-216.0,806.0,190.0,-711.0,,133.0,-385.0,1648.0,54.0,-85.0
-155.0,859.0,218.0,-550.0,,-100.0,-389.0,1686.0,514.0,-114.0
-120.0,455.0,250.0,-304.0,,-87.0,-319.0,1788.0,477.0,-262.0
-195.0,-169.0,289.0,73.0,,113.0,-199.0,1674.0,-20.0,-308.0
-235.0,-298.0,323.0,235.0,,149.0,-49.0,1406.0,108.0,-317.0
-188.0,-335.0,327.0,158.0,,51.0,87.0,994.0,612.0,-339.0
-160.0,-658.0,360.0,31.0,,-119.0,265.0,317.0,331.0,-338.0
-175.0,-779.0,425.0,1.0,,-33.0,353.0,-127.0,-97.0,-318.0
-166.0,-534.0,447.0,114.0,,58.0,376.0,-482.0,-66.0,-376.0
-93.0,-390.0,414.0,105.0,,-133.0,401.0,-439.0,-76.0,-496.0
-27.0,-78.0,404.0,49.0,,-461.0,307.0,-210.0,-253.0,-499.0
-58.0,100.0,403.0,65.0,,-492.0,177.0,97.0,-255.0,-501.0
-31.0,-354.0,436.0,1.0,,-151.0,17.0,493.0,-188.0,-584.0
16.0,-465.0,459.0,-51.0,,250.0,-169.0,556.0,-90.0,-633.0
-20.0,-544.0,450.0,-145.0,,341.0,-288.0,618.0,-32.0,-597.0
-158.0,0.0,506.0,-319.0,,-54.0,-339.0,454.0,-18.0,-562.0
-235.0,633.0,538.0,-352.0,,-458.0,-341.0,393.0,138.0,-475.0
-195.0,685.0,530.0,-325.0,,-429.0,-307.0,362.0,-52.0,-374.0
-236.0,1328.0,560.0,-334.0,,-219.0,-204.0,83.0,-296.0,-356.0
-282.0,1409.0,583.0,-302.0,,-354.0,3.0,16.0,-123.0,-320.0
-254.0,1318.0,548.0,-254.0,,-477.0,202.0,-107.0,-181.0,-238.0
-158.0,1095.0,457.0,-237.0,,-131.0,325.0,0.0,-132.0,-97.0
-120.0,742.0,397.0,-231.0,,166.0,380.0,151.0,0.0,19.0
-134.0,606.0,340.0,-153.0,,-109.0,344.0,378.0,-48.0,141.0
-109.0,175.0,220.0,-92.0,,-634.0,199.0,726.0,-163.0,273.0
-48.0,-67.0,151.0,-157.0,,-744.0,10.0,785.0,-154.0,305.0
-42.0,-569.0,97.0,-212.0,,-525.0,-116.0,820.0,-4.0,255.0
-141.0,-906.0,61.0,-149.0,,-289.0,-239.0,609.0,-301.0,172.0
-208.0,-513.0,41.0,48.0,,-56.0,-360.0,558.0,-394.0,110.0
-236.0,86.0,4.0,278.0,,-23.0,-433.0,611.0,-289.0,15.0
-273.0,211.0,30.0,387.0,,-308.0,-439.0,639.0,-284.0,-119.0
-327.0,117.0,6.0,386.0,,-586.0,-337.0,726.0,-142.0,-217.0
-256.0,-8.0,-5.0,261.0,,-626.0,-210.0,535.0,-18.0,-194.0
-121.0,-652.0,13.0,70.0,,-740.0,-53.0,423.0,-97.0,-123.0
-57.0,-695.0,3.0,-142.0,,-974.0,60.0,103.0,-271.0,-91.0
-31.0,-697.0,29.0,-290.0,,-907.0,162.0,-11.0,-194.0,34.0
19.0,-1212.0,35.0,-208.0,,-409.0,344.0,227.0,-124.0,177.0
97.0,-939.0,85.0,-174.0,,-106.0,495.0,402.0,-68.0,201.0
30.0,-711.0,150.0,-270.0,,-478.0,619.0,617.0,-179.0,261.0
-48.0,-800.0,177.0,-270.0,,-847.0,680.0,473.0,-460.0,384.0
-56.0,-911.0,196.0,-154.0,,-767.0,712.0,406.0,-225.0,399.0
-45.0,-942.0,197.0,32.0,,-599.0,685.0,399.0,124.0,361.0
-101.0,-786.0,265.0,152.0,,-670.0,597.0,404.0,-62.0,473.0
-181.0,-480.0,273.0,224.0,,-746.0,493.0,509.0,-183.0,558.0
-130.0,283.0,174.0,294.0,,-645.0,255.0,404.0,-248.0,524.0
-66.0,808.0,116.0,331.0,,-761.0,34.0,367.0,-199.0,624.0
-73.0,1047.0,86.0,302.0,,-899.0,-114.0,134.0,37.0,809.0
-123.0,1069.0,45.0,37.0,,-696.0,-205.0,11.0,123.0,931.0
-135.0,1084.0,-26.0,-305.0,,-565.0,-237.0,48.0,230.0,950.0
-112.0,897.0,-52.0,-467.0,,-863.0,-254.0,11.0,-23.0,976.0
-190.0,555.0,-25.0,-591.0,,-1069.0,-140.0,7.0,-119.0,932.0
-306.0,564.0,-50.0,-697.0,,-849.0,48.0,-182.0,91.0,703.0
-306.0,148.0,-109.0,-658.0,,-683.0,200.0,-173.0,218.0,480.0
-281.0,-248.0,-76.0,-484.0,,-893.0,288.0,-138.0,-62.0,323.0
-300.0,-440.0,-13.0,-287.0,,-1066.0,275.0,-33.0,-113.0,233.0
-339.0,-872.0,4.0,-137.0,,-728.0,228.0,129.0,377.0,162.0
-297.0,-1076.0,60.0,-36.0,,-429.0,167.0,199.0,274.0,136.0
-220.0,-545.0,133.0,25.0,,-400.0,64.0,458.0,387.0,154.0
-204.0,68.0,238.0,101.0,,-409.0,23.0,384.0,403.0,48.0
-161.0,230.0,307.0,151.0,,-619.0,35.0,369.0,353.0,-114.0
-122.0,444.0,337.0,205.0,,-974.0,131.0,443.0,550.0,-164.0
-86.0,607.0,392.0,222.0,,-1146.0,317.0,463.0,403.0,-166.0
-142.0,691.0,412.0,106.0,,-749.0,429.0,641.0,288.0,-239.0
-168.0,399.0,411.0,-43.0,,-334.0,546.0,550.0,-79.0,-326.0
-138.0,58.0,417.0,-242.0,,-487.0,696.0,558.0,-356.0,-334.0
-174.0,38.0,402.0,-450.0,,-713.0,824.0,497.0,-426.0,-366.0
-265.0,-231.0,408.0,-596.0,,-618.0,900.0,413.0,-161.0,-448.0
-353.0,-400.0,426.0,-653.0,,-545.0,838.0,297.0,-162.0,-436.0
-319.0,-471.0,428.0,-581.0,,-668.0,744.0,25.0,-460.0,-385.0
-314.0,-894.0,461.0,-532.0,,-619.0,671.0,-29.0,-342.0,-300.0
-328.0,-1147.0,445.0,-560.0,,-563.0,554.0,-197.0,-311.0,-156.0
-301.0,-707.0,439.0,-645.0,,-715.0,417.0,-314.0,-123.0,-44.0
-212.0,-232.0,456.0,-664.0,,-853.0,184.0,-593.0,-26.0,-67.0
-169.0,-397.0,492.0,-471.0,,-664.0,-102.0,-818.0,-209.0,-149.0
-189.0,-729.0,487.0,-326.0,,-457.0,-274.0,-759.0,-603.0,-143.0
-175.0,-680.0,371.0,-304.0,,-634.0,-377.0,-735.0,-448.0,-193.0
-111.0,-263.0,304.0,-271.0,,-707.0,-447.0,-347.0,121.0,-383.0
-28.0,2.0,276.0,-228.0,,-576.0,-418.0,-79.0,-83.0,-512.0
-82.0,52.0,226.0,-200.0,,-553.0,-292.0,101.0,-451.0,-528.0
-112.0,277.0,175.0,-159.0,,-590.0,-151.0,153.0,-343.0,-558.0
-118.0,281.0,164.0,-3.0,,-494.0,-34.0,1.0,78.0,-496.0
-187.0,400.0,179.0,129.0,,-275.0,81.0,97.0,434.0,-340.0
-289.0,246.0,188.0,126.0,,-358.0,204.0,38.0,577.0,-228.0
-308.0,-347.0,170.0,98.0,,-619.0,319.0,33.0,348.0,-161.0
-224.0,-321.0,184.0,63.0,,-495.0,430.0,-66.0,322.0,-134.0
-188.0,-430.0,272.0,-38.0,,-136.0,543.0,-195.0,584.0,-145.0
-210.0,-474.0,305.0,-299.0,,-1.0,632.0,-264.0,507.0,-243.0
-226.0,-234.0,273.0,-532.0,,-147.0,686.0,-526.0,426.0,-321.0
-201.0,118.0,307.0,-575.0,,-278.0,651.0,-473.0,233.0,-347.0
-256.0,512.0,346.0,-632.0,,-423.0,531.0,-437.0,-138.0,-415.0
-314.0,900.0,340.0,-627.0,,-505.0,392.0,-367.0,18.0,-474.0
-343.0,1520.0,318.0,-467.0,,-323.0,272.0,-319.0,266.0,-510.0
-309.0,1350.0,246.0,-352.0,,-61.0,193.0,-315.0,-120.0,-512.0
-286.0,1528.0,266.0,-217.0,,22.0,81.0,-206.0,-450.0,-456.0
-295.0,1988.0,243.0,66.0,,-329.0,1.0,-402.0,-471.0,-330.0
-217.0,1761.0,187.0,270.0,,-504.0,-23.0,-434.0,-141.0,-153.0
-138.0,1600.0,179.0,387.0,,-276.0,-45.0,-558.0,-18.0,-49.0
-117.0,632.0,135.0,521.0,,-200.0,-1.0,-720.0,-287.0,-19.0
-180.0,-359.0,99.0,369.0,,-279.0,44.0,-772.0,-101.0,59.0
-159.0,-770.0,0.0,87.0,,-289.0,123.0,-1042.0,-94.0,181.0
-87.0,-1173.0,-30.0,-23.0,,-189.0,275.0,-1136.0,-290.0,236.0
-94.0,-1264.0,-99.0,-1.0,,-172.0,415.0,-1180.0,-193.0,235.0
-121.0,-1153.0,-204.0,90.0,,-208.0,554.0,-966.0,-185.0,276.0
-99.0,-1031.0,-255.0,76.0,,-280.0,653.0,-681.0,-364.0,265.0
-65.0,-1104.0,-289.0,63.0,,-280.0,657.0,-458.0,-249.0,189.0
-108.0,-742.0,-242.0,151.0,,-248.0,544.0,-155.0,169.0,130.0
-209.0,-433.0,-278.0,287.0,,-321.0,420.0,-24.0,471.0,123.0
-277.0,-268.0,-268.0,405.0,,-284.0,338.0,153.0,433.0,172.0
-282.0,131.0,-183.0,394.0,,-235.0,176.0,60.0,147.0,174.0
-313.0,236.0,-141.0,350.0,,-437.0,20.0,-3.0,628.0,164.0
-316.0,21.0,-109.0,352.0,,-581.0,-63.0,-5.0,1042.0,163.0
-267.0,-484.0,-54.0,300.0,,-346.0,-90.0,-181.0,657.0,151.0
-170.0,-909.0,22.0,89.0,,-172.0,-30.0,-232.0,397.0,187.0
-123.0,-1132.0,45.0,-23.0,,-392.0,31.0,-497.0,305.0,222.0
-126.0,-216.0,25.0,57.0,,-596.0,84.0,-582.0,283.0,207.0
-83.0,-34.0,-20.0,158.0,,-469.0,161.0,-678.0,161.0,175.0
-84.0,-454.0,24.0,280.0,,-477.0,229.0,-875.0,147.0,183.0
-183.0,-10.0,90.0,362.0,,-671.0,277.0,-942.0,-96.0,155.0
-306.0,-277.0,86.0,470.0,,-603.0,260.0,-1140.0,-329.0,82.0
-321.0,112.0,95.0,513.0,,-328.0,159.0,-1034.0,-512.0,39.0
-317.0,125.0,111.0,405.0,,-309.0,30.0,-849.0,-667.0,-28.0
-338.0,-106.0,143.0,318.0,,-546.0,-157.0,-563.0,-410.0,-95.0
-342.0,346.0,107.0,345.0,,-508.0,-389.0,-327.0,-497.0,-89.0
-269.0,594.0,52.0,352.0,,-373.0,-537.0,-380.0,-438.0,-65.0
-218.0,978.0,29.0,198.0,,-372.0,-595.0,-356.0,-582.0,-97.0
-282.0,658.0,-56.0,188.0,,-299.0,-595.0,-373.0,-771.0,-92.0
-310.0,212.0,-126.0,292.0,,-42.0,-532.0,-190.0,-553.0,-60.0
-279.0,-66.0,-165.0,282.0,,134.0,-419.0,-103.0,-604.0,-136.0
-249.0,281.0,-161.0,203.0,,43.0,-299.0,-86.0,-566.0,-254.0
-296.0,663.0,-180.0,60.0,,-109.0,-197.0,-86.0,-464.0,-299.0
-321.0,-162.0,-208.0,-41.0,,-57.0,-83.0,-323.0,-317.0,-327.0
-245.0,-16.0,-167.0,-122.0,,112.0,17.0,-404.0,-222.0,-314.0
-186.0,764.0,-145.0,-173.0,,90.0,98.0,-691.0,27.0,-150.0
-228.0,386.0,-90.0,-42.0,,126.0,176.0,-909.0,16.0,-4.0
-247.0,-78.0,-92.0,136.0,,194.0,222.0,-1012.0,-344.0,19.0
-153.0,-442.0,-95.0,142.0,,185.0,233.0,-1228.0,-173.0,40.0
-49.0,-961.0,-85.0,71.0,,110.0,239.0,-1374.0,0.0,78.0
-53.0,-1354.0,-121.0,32.0,,143.0,168.0,-1574.0,-18.0,26.0
-105.0,-815.0,-82.0,3.0,,241.0,18.0,-1465.0,-179.0,-115.0
-85.0,-301.0,-58.0,-18.0,,-26.0,-103.0,-1289.0,-262.0,-189.0
-70.0,-955.0,6.0,-33.0,,-133.0,-172.0,-968.0,-27.0,-234.0
-140.0,-262.0,65.0,-36.0,,-4.0,-223.0,-578.0,252.0,-359.0
-238.0,518.0,68.0,-93.0,,-89.0,-244.0,-447.0,436.0,-446.0
-218.0,28.0,179.0,-242.0,,-238.0,-188.0,-221.0,138.0,-441.0
-213.0,292.0,257.0,-411.0,,-228.0,-181.0,-192.0,26.0,-464.0
-274.0,738.0,270.0,-461.0,,-227.0,-260.0,-179.0,304.0,-473.0
-288.0,1069.0,256.0,-408.0,,-318.0,-357.0,-295.0,320.0,-400.0
-217.0,1072.0,225.0,-324.0,,-324.0,-434.0,-528.0,332.0,-287.0
-162.0,561.0,198.0,-215.0,,-191.0,-441.0,-574.0,129.0,-242.0
-211.0,-145.0,97.0,-143.0,,-41.0,-430.0,-742.0,-182.0,-192.0
-200.0,-283.0,14.0,-23.0,,-108.0,-375.0,-788.0,-60.0,-55.0
-129.0,-129.0,-77.0,86.0,,-81.0,-345.0,-853.0,-36.0,-74.0
-95.0,-1198.0,-150.0,13.0,,66.0,-377.0,-755.0,-26.0,-211.0
-131.0,-1173.0,-210.0,-64.0,,104.0,-380.0,-539.0,-43.0,-247.0
-106.0,-488.0,-255.0,-76.0,,16.0,-441.0,-363.0,-635.0,-276.0
-51.0,-909.0,-231.0,-147.0,,-243.0,-539.0,-51.0,-580.0,-370.0
-78.0,-714.0,-258.0,-183.0,,-189.0,-618.0,-24.0,-80.0,-393.0
-136.0,91.0,-316.0,-235.0,,255.0,-714.0,22.0,-197.0,-365.0
-140.0,363.0,-352.0,-391.0,,309.0,-785.0,-25.0,-218.0,-351.0
-99.0,259.0,-349.0,-483.0,,265.0,-813.0,-153.0,-66.0,-340.0
-100.0,416.0,-370.0,-576.0,,486.0,-799.0,-277.0,173.0,-247.0
-102.0,517.0,-419.0,-590.0,,242.0,-776.0,-578.0,348.0,-29.0
-37.0,674.0,-420.0,-374.0,,122.0,-755.0,-716.0,247.0,78.0
59.0,181.0,-333.0,-72.0,,484.0,-715.0,-868.0,279.0,112.0
23.0,172.0,-250.0,193.0,,552.0,-688.0,-857.0,613.0,207.0
-42.0,473.0,-210.0,439.0,,517.0,-648.0,-868.0,660.0,220.0
-54.0,486.0,-172.0,718.0,,417.0,-563.0,-805.0,697.0,96.0
-10.0,899.0,-155.0,836.0,,342.0,-458.0,-458.0,879.0,46.0
-9.0,1144.0,-159.0,697.0,,521.0,-353.0,-356.0,545.0,41.0
-67.0,1385.0,-221.0,387.0,,283.0,-307.0,-234.0,175.0,-92.0
-26.0,564.0,-228.0,141.0,,129.0,-362.0,-158.0,-75.0,-206.0
16.0,860.0,-228.0,-2.0,,176.0,-457.0,-136.0,47.0,-239.0
51.0,649.0,-290.0,-174.0,,-187.0,-486.0,-136.0,-85.0,-275.0
66.0,-85.0,-358.0,-200.0,,-184.0,-448.0,-245.0,-447.0,-356.0
112.0,426.0,-454.0,-216.0,,-128.0,-384.0,-389.0,-119.0,-295.0
171.0,152.0,-529.0,-277.0,,22.0,-317.0,-833.0,282.0,-154.0
151.0,153.0,-630.0,-97.0,,427.0,-280.0,-1175.0,494.0,-149.0
93.0,-1060.0,-725.0,79.0,,131.0,-280.0,-1372.0,105.0,-150.0
69.0,-1215.0,-720.0,143.0,,-244.0,-276.0,-1345.0,140.0,-97.0
94.0,-67.0,-754.0,247.0,,14.0,-216.0,-970.0,414.0,-108.0
95.0,94.0,-775.0,228.0,,81.0,-218.0,-700.0,104.0,-208.0
93.0,187.0,-722.0,143.0,,-244.0,-332.0,-360.0,63.0,-192.0
135.0,181.0,-680.0,63.0,,154.0,-426.0,-62.0,-216.0,-106.0
183.0,355.0,-623.0,62.0,,342.0,-467.0,339.0,-240.0,-41.0
153.0,-281.0,-592.0,89.0,,0.0,-505.0,665.0,-185.0,23.0
100.0,-404.0,-512.0,73.0,,306.0,-528.0,532.0,-201.0,137.0
85.0,-215.0,-423.0,162.0,,251.0,-540.0,310.0,42.0,325.0
70.0,-892.0,-373.0,302.0,,150.0,-638.0,-109.0,-60.0,489.0
-15.0,-1538.0,-370.0,421.0,,465.0,-794.0,-341.0,14.0,643.0
-106.0,-1587.0,-394.0,419.0,,304.0,-928.0,-473.0,-60.0,710.0
-102.0,-966.0,-349.0,386.0,,389.0,-1017.0,-589.0,-171.0,686.0
-112.0,-771.0,-329.0,429.0,,801.0,-992.0,-504.0,-65.0,584.0
-179.0,-411.0,-280.0,413.0,,709.0,-843.0,-615.0,-25.0,480.0
-229.0,434.0,-239.0,171.0,,529.0,-681.0,-613.0,-208.0,430.0
-206.0,926.0,-209.0,-1.0,,643.0,-613.0,-694.0,-333.0,305.0
-207.0,654.0,-186.0,72.0,,616.0,-548.0,-650.0,-154.0,167.0
-293.0,319.0,-227.0,13.0,,382.0,-402.0,-476.0,-309.0,114.0
-333.0,253.0,-216.0,-43.0,,309.0,-287.0,-386.0,101.0,79.0
-266.0,-434.0,-201.0,72.0,,317.0,-301.0,-166.0,0.0,-20.0
-182.0,-602.0,-205.0,205.0,,394.0,-336.0,-208.0,-601.0,-115.0
-158.0,-560.0,-197.0,334.0,,640.0,-371.0,-164.0,-239.0,-175.0
-126.0,-633.0,-155.0,444.0,,672.0,-453.0,-293.0,-394.0,-198.0
-29.0,-370.0,-119.0,544.0,,721.0,-489.0,-473.0,-446.0,-210.0
80.0,-995.0,-155.0,666.0,,707.0,-532.0,-378.0,-261.0,-137.0
156.0,-795.0,-167.0,717.0,,459.0,-593.0,-426.0,-524.0,-62.0
192.0,65.0,-201.0,631.0,,630.0,-651.0,-415.0,-383.0,-78.0
241.0,-359.0,-207.0,443.0,,609.0,-741.0,-552.0,-325.0,-57.0
294.0,15.0,-236.0,211.0,,342.0,-810.0,-498.0,-451.0,-13.0
263.0,814.0,-274.0,93.0,,544.0,-880.0,-267.0,-184.0,67.0
213.0,826.0,-181.0,109.0,,523.0,-942.0,-14.0,-269.0,87.0
195.0,519.0,-202.0,34.0,,325.0,-936.0,410.0,-498.0,126.0
186.0,159.0,-210.0,-164.0,,556.0,-889.0,550.0,-264.0,182.0
172.0,626.0,-176.0,-276.0,,650.0,-848.0,655.0,-267.0,118.0
140.0,365.0,-145.0,-306.0,,611.0,-802.0,541.0,-341.0,11.0
170.0,47.0,-107.0,-324.0,,891.0,-783.0,290.0,-303.0,-142.0
202.0,319.0,-104.0,-216.0,,926.0,-769.0,230.0,-164.0,-261.0
175.0,-289.0,-81.0,-15.0,,827.0,-699.0,138.0,14.0,-333.0
119.0,-245.0,-80.0,154.0,,1024.0,-623.0,92.0,70.0,-337.0
81.0,642.0,-24.0,274.0,,722.0,-543.0,-36.0,-58.0,-322.0
60.0,1199.0,-12.0,377.0,,383.0,-447.0,-112.0,-235.0,-317.0
-32.0,1083.0,-14.0,373.0,,828.0,-344.0,-356.0,-25.0,-246.0
-90.0,1016.0,17.0,217.0,,811.0,-299.0,-567.0,-36.0,-163.0
-54.0,1639.0,58.0,157.0,,406.0,-305.0,-600.0,-7.0,-30.0
-32.0,1203.0,6.0,219.0,,648.0,-296.0,-691.0,51.0,109.0
-56.0,329.0,-66.0,193.0,,1121.0,-300.0,-436.0,-160.0,236.0
-89.0,789.0,-115.0,96.0,,939.0,-335.0,-299.0,5.0,330.0
-55.0,924.0,-199.0,-47.0,,394.0,-397.0,-175.0,234.0,365.0
-6.0,766.0,-256.0,-236.0,,548.0,-404.0,-44.0,151.0,391.0
-21.0,273.0,-347.0,-387.0,,679.0,-333.0,-36.0,-189.0,392.0
-16.0,-258.0,-386.0,-427.0,,451.0,-230.0,225.0,-477.0,413.0
46.0,62.0,-464.0,-413.0,,268.0,-152.0,321.0,-444.0,316.0
101.0,-628.0,-529.0,-435.0,,439.0,-96.0,332.0,-138.0,171.0
72.0,-1310.0,-481.0,-408.0,,716.0,4.0,149.0,-15.0,105.0
12.0,-1202.0,-441.0,-365.0,,308.0,94.0,-70.0,-164.0,-65.0
14.0,-1310.0,-427.0,-308.0,,463.0,74.0,-158.0,-219.0,-195.0
9.0,-1255.0,-386.0,-134.0,,922.0,-17.0,-291.0,-15.0,-182.0
-32.0,-1051.0,-335.0,81.0,,644.0,-145.0,-225.0,265.0,-223.0
12.0,-1118.0,-304.0,256.0,,418.0,-335.0,-349.0,424.0,-272.0
103.0,-1244.0,-298.0,271.0,,432.0,-515.0,-485.0,476.0,-142.0
126.0,-88.0,-309.0,164.0,,654.0,-707.0,-572.0,383.0,-15.0
99.0,1033.0,-315.0,142.0,,730.0,-932.0,-550.0,581.0,22.0
117.0,464.0,-330.0,186.0,,511.0,-1070.0,-293.0,716.0,111.0
198.0,330.0,-346.0,66.0,,337.0,-1134.0,-230.0,532.0,230.0
150.0,1281.0,-392.0,-138.0,,455.0,-1181.0,-46.0,353.0,260.0
61.0,1763.0,-359.0,-94.0,,934.0,-1209.0,-27.0,148.0,183.0
56.0,1046.0,-320.0,26.0,,836.0,-1156.0,-112.0,145.0,156.0
88.0,563.0,-342.0,-37.0,,274.0,-1068.0,-38.0,13.0,108.0
81.0,1153.0,-329.0,-166.0,,452.0,-994.0,-66.0,-20.0,-5.0
60.0,1112.0,-279.0,-224.0,,680.0,-876.0,12.0,71.0,-50.0
139.0,504.0,-227.0,-159.0,,467.0,-724.0,-73.0,-144.0,2.0
211.0,314.0,-171.0,-70.0,,704.0,-562.0,-59.0,-260.0,-2.0
207.0,284.0,-187.0,17.0,,880.0,-419.0,-40.0,-312.0,6.0
145.0,132.0,-226.0,152.0,,449.0,-278.0,-168.0,-425.0,102.0
145.0,57.0,-220.0,223.0,,615.0,-195.0,-134.0,-621.0,159.0
205.0,219.0,-307.0,232.0,,1299.0,-182.0,-168.0,-589.0,210.0
238.0,74.0,-315.0,191.0,,941.0,-140.0,-20.0,-345.0,169.0
253.0,-289.0,-343.0,290.0,,378.0,-58.0,36.0,-301.0,181.0
276.0,-580.0,-405.0,557.0,,674.0,9.0,123.0,-363.0,192.0
280.0,-712.0,-399.0,591.0,,606.0,52.0,223.0,-202.0,179.0
207.0,-1077.0,-396.0,422.0,,653.0,120.0,155.0,-113.0,285.0
146.0,-1808.0,-358.0,206.0,,1023.0,117.0,282.0,-309.0,401.0
152.0,-1208.0,-323.0,-50.0,,530.0,26.0,177.0,-142.0,485.0
199.0,-1039.0,-287.0,-244.0,,231.0,-93.0,133.0,-10.0,552.0
197.0,-1757.0,-281.0,-374.0,,474.0,-173.0,9.0,76.0,738.0
165.0,-1192.0,-227.0,-478.0,,664.0,-172.0,-286.0,75.0,839.0
161.0,-1065.0,-236.0,-452.0,,936.0,-184.0,-277.0,128.0,813.0
176.0,-1148.0,-287.0,-172.0,,847.0,-205.0,-206.0,235.0,766.0
164.0,-791.0,-256.0,-13.0,,536.0,-209.0,31.0,-97.0,726.0
144.0,-132.0,-278.0,-6.0,,647.0,-180.0,168.0,-24.0,682.0
188.0,619.0,-308.0,259.0,,775.0,-137.0,330.0,41.0,491.0
250.0,273.0,-282.0,422.0,,645.0,-88.0,471.0,213.0,370.0
231.0,10.0,-281.0,423.0,,634.0,2.0,380.0,454.0,306.0
129.0,520.0,-290.0,519.0,,511.0,68.0,347.0,314.0,158.0
56.0,655.0,-307.0,659.0,,646.0,110.0,109.0,306.0,59.0
22.0,422.0,-362.0,764.0,,872.0,171.0,-1.0,159.0,112.0
-61.0,666.0,-382.0,673.0,,548.0,183.0,-107.0,215.0,171.0
-159.0,1023.0,-404.0,528.0,,607.0,146.0,-293.0,471.0,203.0
-134.0,677.0,-439.0,400.0,,616.0,123.0,-334.0,469.0,351.0
-104.0,429.0,-470.0,142.0,,256.0,87.0,-404.0,177.0,493.0
-142.0,406.0,-435.0,-98.0,,500.0,63.0,-393.0,-20.0,529.0
-149.0,-8.0,-368.0,-188.0,,897.0,52.0,-565.0,26.0,496.0
-78.0,-110.0,-356.0,-285.0,,822.0,62.0,-533.0,179.0,446.0
29.0,-331.0,-363.0,-386.0,,171.0,84.0,-508.0,376.0,321.0
31.0,-95.0,-382.0,-393.0,,144.0,62.0,-654.0,128.0,131.0
27.0,369.0,-407.0,-252.0,,897.0,70.0,-511.0,247.0,-4.0
129.0,86.0,-431.0,74.0,,705.0,102.0,-426.0,475.0,-67.0
225.0,383.0,-440.0,475.0,,641.0,111.0,-138.0,389.0,-101.0
211.0,558.0,-436.0,789.0,,742.0,127.0,188.0,568.0,-154.0
160.0,596.0,-425.0,930.0,,245.0,138.0,541.0,18.0,-139.0
191.0,830.0,-411.0,828.0,,608.0,123.0,787.0,-294.0,-117.0
264.0,568.0,-377.0,578.0,,667.0,102.0,737.0,-227.0,-156.0
221.0,414.0,-315.0,288.0,,406.0,122.0,731.0,-358.0,-149.0
135.0,167.0,-231.0,-45.0,,763.0,156.0,408.0,-234.0,-112.0
140.0,-633.0,-171.0,-161.0,,517.0,195.0,169.0,-706.0,-123.0
187.0,-1095.0,-116.0,-140.0,,524.0,270.0,22.0,-793.0,-221.0
157.0,-601.0,-53.0,-204.0,,765.0,321.0,-162.0,-584.0,-293.0
78.0,-881.0,-19.0,-289.0,,476.0,289.0,-149.0,-503.0,-359.0
109.0,-1091.0,-18.0,-303.0,,542.0,306.0,-88.0,-311.0,-516.0
140.0,-210.0,26.0,-123.0,,719.0,402.0,116.0,-430.0,-617.0
92.0,-433.0,73.0,136.0,,889.0,465.0,190.0,-284.0,-637.0
35.0,-578.0,43.0,332.0,,1112.0,503.0,469.0,-361.0,-636.0
84.0,-208.0,29.0,507.0,,876.0,501.0,844.0,-68.0,-600.0
109.0,136.0,20.0,651.0,,695.0,504.0,988.0,245.0,-550.0
26.0,593.0,30.0,592.0,,857.0,511.0,1003.0,-95.0,-479.0
-6.0,1201.0,-20.0,393.0,,1008.0,483.0,567.0,40.0,-338.0
4.0,1664.0,-84.0,225.0,,932.0,431.0,145.0,42.0,-177.0
13.0,1326.0,-68.0,148.0,,658.0,344.0,-160.0,52.0,-22.0
-34.0,1529.0,-45.0,77.0,,859.0,290.0,-290.0,219.0,135.0
-13.0,1235.0,-21.0,-173.0,,1185.0,230.0,-134.0,100.0,198.0
91.0,1072.0,18.0,-382.0,,715.0,137.0,-151.0,-150.0,200.0
160.0,902.0,34.0,-316.0,,519.0,35.0,-190.0,10.0,233.0
178.0,236.0,6.0,-211.0,,799.0,-52.0,-323.0,169.0,209.0
231.0,344.0,1.0,-292.0,,614.0,-95.0,-254.0,-1.0,45.0
367.0,-137.0,-45.0,-349.0,,725.0,-116.0,-16.0,79.0,-30.0
421.0,-408.0,-43.0,-311.0,,448.0,-96.0,155.0,-253.0,-49.0
399.0,-1059.0,-10.0,-370.0,,172.0,-61.0,533.0,-176.0,-154.0
441.0,-1381.0,0.0,-439.0,,918.0,-21.0,729.0,147.0,-203.0
532.0,-862.0,68.0,-574.0,,478.0,71.0,877.0,313.0,-158.0
551.0,-590.0,159.0,-610.0,,68.0,242.0,881.0,312.0,-105.0
486.0,-91.0,241.0,-345.0,,487.0,478.0,668.0,21.0,-148.0
483.0,-467.0,319.0,-205.0,,185.0,648.0,465.0,532.0,-67.0
539.0,-157.0,342.0,-147.0,,409.0,798.0,208.0,760.0,22.0
519.0,486.0,324.0,-32.0,,384.0,1034.0,181.0,689.0,-45.0
397.0,353.0,325.0,-58.0,,18.0,1185.0,101.0,697.0,-94.0
304.0,573.0,254.0,-85.0,,322.0,1268.0,125.0,644.0,-172.0
300.0,827.0,212.0,-47.0,,302.0,1357.0,125.0,584.0,-246.0
282.0,993.0,168.0,44.0,,465.0,1382.0,79.0,333.0,-349.0
211.0,1129.0,103.0,120.0,,415.0,1358.0,221.0,371.0,-374.0
179.0,1344.0,95.0,15.0,,91.0,1216.0,153.0,179.0,-279.0
201.0,707.0,80.0,-99.0,,511.0,1058.0,299.0,-60.0,-181.0
175.0,209.0,95.0,-50.0,,485.0,912.0,249.0,-189.0,-79.0
81.0,679.0,97.0,38.0,,181.0,742.0,51.0,-232.0,63.0
38.0,646.0,63.0,131.0,,266.0,660.0,79.0,-99.0,244.0
82.0,380.0,26.0,202.0,,240.0,609.0,-16.0,-339.0,350.0
93.0,424.0,-44.0,342.0,,191.0,589.0,25.0,-443.0,493.0
58.0,-86.0,-111.0,544.0,,216.0,560.0,-86.0,-299.0,606.0
101.0,-354.0,-162.0,489.0,,530.0,534.0,33.0,-369.0,628.0
212.0,-410.0,-202.0,236.0,,532.0,590.0,315.0,-427.0,651.0
254.0,-1675.0,-188.0,-9.0,,77.0,649.0,465.0,-448.0,633.0
220.0,-1202.0,-194.0,-89.0,,29.0,711.0,711.0,-465.0,574.0
242.0,-733.0,-171.0,-115.0,,103.0,750.0,628.0,-204.0,433.0
296.0,-1463.0,-127.0,-256.0,,7.0,760.0,558.0,287.0,257.0
279.0,-1268.0,-75.0,-311.0,,53.0,755.0,447.0,413.0,166.0
209.0,-1155.0,16.0,-301.0,,-18.0,732.0,478.0,-1.0,76.0
221.0,-277.0,88.0,-350.0,,-217.0,759.0,602.0,-319.0,-14.0
315.0,85.0,190.0,-439.0,,16.0,807.0,506.0,-102.0,41.0
316.0,313.0,251.0,-576.0,,-147.0,793.0,565.0,99.0,120.0
259.0,833.0,271.0,-671.0,,-571.0,774.0,397.0,-80.0,140.0
275.0,1370.0,296.0,-681.0,,-379.0,813.0,190.0,-108.0,157.0
359.0,1527.0,295.0,-747.0,,-379.0,874.0,-14.0,-428.0,171.0
332.0,744.0,265.0,-790.0,,-420.0,887.0,-31.0,-618.0,95.0
207.0,914.0,246.0,-697.0,,-366.0,876.0,-3.0,-145.0,-59.0
202.0,488.0,198.0,-547.0,,-485.0,927.0,-301.0,-230.0,-185.0
276.0,-180.0,156.0,-395.0,,-548.0,991.0,-262.0,-298.0,-348.0
286.0,-414.0,116.0,-256.0,,-538.0,977.0,-206.0,-135.0,-509.0
246.0,-952.0,51.0,-90.0,,-475.0,920.0,120.0,-71.0,-576.0
296.0,-1063.0,50.0,121.0,,-628.0,899.0,426.0,232.0,-600.0
403.0,-1002.0,30.0,218.0,,-768.0,853.0,524.0,299.0,-643.0
393.0,-711.0,23.0,215.0,,-676.0,774.0,910.0,150.0,-651.0
336.0,-565.0,40.0,217.0,,-571.0,766.0,997.0,-116.0,-651.0
361.0,-137.0,66.0,234.0,,-372.0,807.0,1093.0,-151.0,-638.0
487.0,501.0,114.0,269.0,,-339.0,865.0,883.0,-68.0,-536.0
538.0,646.0,137.0,193.0,,-570.0,966.0,519.0,-246.0,-469.0
491.0,415.0,165.0,128.0,,-361.0,1055.0,345.0,-482.0,-382.0
527.0,345.0,183.0,79.0,,-236.0,1101.0,77.0,-511.0,-246.0
587.0,561.0,279.0,-34.0,,-551.0,1123.0,75.0,-303.0,-130.0
554.0,55.0,357.0,-235.0,,-486.0,1129.0,3.0,-17.0,0.0
473.0,226.0,343.0,-300.0,,-164.0,1114.0,151.0,189.0,128.0
502.0,587.0,350.0,-118.0,,179.0,1048.0,419.0,124.0,262.0
566.0,510.0,368.0,1.0,,-112.0,943.0,613.0,161.0,359.0
504.0,465.0,387.0,38.0,,-484.0,871.0,764.0,227.0,363.0
417.0,19.0,393.0,23.0,,-93.0,831.0,572.0,354.0,325.0
421.0,235.0,351.0,97.0,,-28.0,794.0,484.0,173.0,262.0
444.0,496.0,315.0,139.0,,-173.0,770.0,327.0,-135.0,74.0
387.0,886.0,296.0,48.0,,-478.0,752.0,343.0,-307.0,-141.0
314.0,698.0,255.0,15.0,,-769.0,776.0,347.0,-354.0,-318.0
322.0,471.0,226.0,-6.0,,-584.0,828.0,149.0,26.0,-550.0
351.0,458.0,201.0,-83.0,,-450.0,861.0,114.0,25.0,-703.0
282.0,-15.0,194.0,-229.0,,-188.0,882.0,-121.0,-82.0,-734.0
211.0,-26.0,147.0,-371.0,,-148.0,867.0,-116.0,-267.0,-725.0
243.0,-287.0,131.0,-491.0,,-246.0,811.0,-92.0,-14.0,-703.0
297.0,-576.0,132.0,-626.0,,-218.0,685.0,-157.0,164.0,-605.0
242.0,-689.0,71.0,-829.0,,-484.0,561.0,-171.0,78.0,-433.0
203.0,-771.0,97.0,-903.0,,-246.0,565.0,-347.0,136.0,-278.0
304.0,-1332.0,114.0,-725.0,,-103.0,605.0,-238.0,-374.0,-149.0
391.0,-1174.0,134.0,-438.0,,-498.0,649.0,-136.0,-237.0,-53.0
380.0,-998.0,79.0,-189.0,,-348.0,723.0,109.0,-127.0,-10.0
364.0,-1006.0,4.0,-173.0,,-543.0,842.0,288.0,-265.0,-22.0
423.0,-382.0,36.0,-133.0,,-826.0,1077.0,230.0,-491.0,23.0
462.0,1.0,27.0,115.0,,-411.0,1274.0,306.0,-652.0,55.0
363.0,988.0,16.0,269.0,,-304.0,1327.0,55.0,-573.0,67.0
240.0,926.0,0.0,276.0,,-256.0,1326.0,-136.0,-526.0,81.0
260.0,723.0,20.0,330.0,,-133.0,1240.0,-284.0,-321.0,44.0
281.0,1020.0,45.0,297.0,,-482.0,1111.0,-345.0,-593.0,26.0
218.0,733.0,64.0,82.0,,-465.0,973.0,-236.0,-456.0,-28.0
201.0,222.0,98.0,-198.0,,-161.0,802.0,-339.0,-391.0,-95.0
291.0,11.0,113.0,-535.0,,-348.0,616.0,-317.0,-228.0,-197.0
366.0,-174.0,160.0,-789.0,,-247.0,427.0,-358.0,-166.0,-241.0
326.0,-1024.0,256.0,-899.0,,-367.0,283.0,-332.0,-402.0,-267.0
315.0,-796.0,312.0,-916.0,,-676.0,154.0,-195.0,-26.0,-308.0
381.0,-1101.0,346.0,-888.0,,-592.0,54.0,64.0,98.0,-215.0
443.0,-1554.0,366.0,-750.0,,-820.0,37.0,421.0,299.0,-86.0
365.0,-764.0,348.0,-593.0,,-575.0,77.0,448.0,360.0,11.0
317.0,-350.0,387.0,-625.0,,-615.0,109.0,482.0,425.0,56.0
410.0,-136.0,371.0,-617.0,,-979.0,116.0,375.0,365.0,112.0
401.0,-97.0,349.0,-486.0,,-377.0,172.0,269.0,314.0,77.0
303.0,278.0,293.0,-420.0,,-41.0,223.0,162.0,394.0,-49.0
235.0,472.0,240.0,-467.0,,-298.0,296.0,-97.0,143.0,-148.0
273.0,1104.0,215.0,-373.0,,-599.0,405.0,-162.0,136.0,-255.0
269.0,1711.0,128.0,-201.0,,-607.0,444.0,-354.0,-78.0,-368.0
162.0,1266.0,96.0,-175.0,,-523.0,490.0,-463.0,-8.0,-493.0
115.0,1277.0,12.0,-150.0,,-480.0,515.0,-508.0,124.0,-497.0
147.0,893.0,-54.0,-147.0,,-382.0,496.0,-504.0,4.0,-413.0
169.0,502.0,-100.0,-171.0,,-620.0,531.0,-412.0,-54.0,-320.0
86.0,339.0,-109.0,-176.0,,-819.0,582.0,-467.0,-78.0,-183.0
25.0,209.0,-92.0,-165.0,,-621.0,618.0,-327.0,61.0,8.0
86.0,200.0,-89.0,-223.0,,-412.0,565.0,-303.0,-163.0,133.0
121.0,-382.0,-50.0,-266.0,,-548.0,481.0,-277.0,-307.0,142.0
68.0,-455.0,-53.0,-260.0,,-548.0,441.0,-269.0,-410.0,225.0
34.0,-242.0,-20.0,-366.0,,-734.0,325.0,-471.0,-518.0,245.0
66.0,-448.0,-46.0,-533.0,,-915.0,233.0,-550.0,-527.0,176.0
86.0,-276.0,-46.0,-688.0,,-699.0,181.0,-711.0,-686.0,172.0
33.0,225.0,5.0,-709.0,,-982.0,79.0,-665.0,-719.0,134.0
-17.0,200.0,9.0,-820.0,,-1079.0,-26.0,-526.0,-926.0,82.0
2.0,40.0,57.0,-907.0,,-866.0,-96.0,-297.0,-957.0,37.0
26.0,41.0,86.0,-673.0,,-930.0,-135.0,-18.0,-536.0,54.0
-52.0,-255.0,119.0,-356.0,,-1193.0,-192.0,-73.0,-299.0,143.0
-86.0,-242.0,141.0,-55.0,,-1041.0,-243.0,-79.0,-397.0,157.0
-25.0,310.0,133.0,100.0,,-407.0,-272.0,-267.0,-384.0,186.0
25.0,193.0,142.0,304.0,,-475.0,-266.0,-484.0,-216.0,231.0
55.0,-5.0,124.0,593.0,,-851.0,-235.0,-748.0,-224.0,206.0
74.0,342.0,127.0,705.0,,-1250.0,-238.0,-1077.0,-12.0,198.0
154.0,113.0,97.0,653.0,,-1601.0,-271.0,-1182.0,7.0,229.0
189.0,-522.0,25.0,497.0,,-1187.0,-288.0,-1345.0,-242.0,263.0
180.0,-519.0,28.0,409.0,,-420.0,-230.0,-1249.0,-26.0,246.0
165.0,-18.0,-8.0,207.0,,-539.0,-166.0,-1280.0,75.0,210.0
162.0,-113.0,-25.0,-137.0,,-1385.0,-156.0,-1431.0,210.0,184.0
144.0,-49.0,-57.0,-320.0,,-1333.0,-121.0,-1491.0,219.0,86.0
97.0,-37.0,-94.0,-338.0,,-943.0,6.0,-1531.0,53.0,-33.0
148.0,-353.0,-63.0,-392.0,,-770.0,125.0,-1206.0,291.0,-89.0
267.0,-71.0,-74.0,-444.0,,-487.0,169.0,-897.0,590.0,-143.0
333.0,-168.0,-33.0,-414.0,,-844.0,235.0,-417.0,780.0,-265.0
322.0,-158.0,12.0,-422.0,,-1366.0,287.0,-48.0,694.0,-378.0
399.0,29.0,32.0,-470.0,,-1106.0,308.0,129.0,673.0,-403.0
476.0,-110.0,90.0,-512.0,,-896.0,328.0,367.0,557.0,-486.0
411.0,318.0,159.0,-354.0,,-1318.0,304.0,225.0,462.0,-578.0
303.0,129.0,162.0,-106.0,,-1127.0,232.0,131.0,486.0,-534.0
283.0,-287.0,172.0,79.0,,-975.0,157.0,-73.0,242.0,-478.0
314.0,503.0,169.0,74.0,,-1217.0,98.0,-338.0,-209.0,-447.0
260.0,1054.0,194.0,-79.0,,-626.0,-59.0,-521.0,-338.0,-369.0
155.0,1127.0,248.0,-127.0,,-440.0,-263.0,-872.0,-38.0,-184.0
122.0,1101.0,215.0,-149.0,,-1057.0,-395.0,-960.0,-376.0,-13.0
134.0,952.0,223.0,-96.0,,-1204.0,-507.0,-988.0,-426.0,46.0
58.0,490.0,162.0,-109.0,,-687.0,-581.0,-892.0,-308.0,145.0
-58.0,-384.0,155.0,-100.0,,-577.0,-608.0,-700.0,-457.0,322.0
-116.0,-795.0,200.0,0.0,,-932.0,-674.0,-563.0,-189.0,444.0
-126.0,-1124.0,186.0,-43.0,,-1146.0,-738.0,-469.0,40.0,512.0
-195.0,-1670.0,170.0,-96.0,,-1139.0,-722.0,-509.0,17.0,610.0
-219.0,-1523.0,99.0,4.0,,-511.0,-652.0,-428.0,-353.0,683.0
-155.0,-905.0,81.0,121.0,,-244.0,-596.0,-517.0,-218.0,658.0
-66.0,-1100.0,102.0,35.0,,-803.0,-560.0,-578.0,4.0,622.0
-66.0,-1596.0,90.0,-144.0,,-1231.0,-458.0,-766.0,-167.0,699.0
-109.0,-1132.0,36.0,-256.0,,-619.0,-289.0,-1173.0,-390.0,744.0
-49.0,-678.0,-19.0,-231.0,,118.0,-185.0,-1265.0,-533.0,737.0
-30.0,-847.0,-114.0,-238.0,,-346.0,-196.0,-1393.0,-548.0,809.0
-96.0,-327.0,-169.0,-390.0,,-829.0,-218.0,-1247.0,-444.0,883.0
-193.0,107.0,-181.0,-404.0,,-1151.0,-216.0,-1018.0,-83.0,839.0
-189.0,158.0,-213.0,-189.0,,-1066.0,-261.0,-816.0,-417.0,730.0
-183.0,700.0,-224.0,23.0,,-294.0,-325.0,-613.0,-510.0,758.0
-250.0,739.0,-247.0,146.0,,-17.0,-416.0,-713.0,-294.0,752.0
-348.0,970.0,-212.0,287.0,,-482.0,-486.0,-705.0,-223.0,600.0
-371.0,1284.0,-214.0,409.0,,-1135.0,-458.0,-812.0,4.0,535.0
-317.0,798.0,-166.0,373.0,,-823.0,-468.0,-737.0,6.0,559.0
-387.0,577.0,-98.0,319.0,,-233.0,-532.0,-609.0,192.0,466.0
-463.0,538.0,-111.0,262.0,,-169.0,-561.0,-609.0,169.0,283.0
-447.0,-172.0,-101.0,22.0,,-342.0,-599.0,-474.0,492.0,269.0
-359.0,-738.0,-99.0,-256.0,,-947.0,-615.0,-569.0,662.0,273.0
-339.0,-283.0,-61.0,-441.0,,-871.0,-668.0,-572.0,380.0,138.0
-336.0,147.0,-94.0,-575.0,,-237.0,-771.0,-639.0,187.0,126.0
-233.0,56.0,-101.0,-677.0,,-321.0,-836.0,-654.0,33.0,223.0
-128.0,271.0,-25.0,-743.0,,-719.0,-920.0,-633.0,304.0,267.0
-133.0,755.0,0.0,-861.0,,-528.0,-975.0,-735.0,71.0,331.0
-170.0,643.0,-43.0,-997.0,,-256.0,-944.0,-604.0,-115.0,459.0
-122.0,700.0,-119.0,-985.0,,-461.0,-861.0,-585.0,-176.0,537.0
-70.0,1032.0,-116.0,-880.0,,-485.0,-800.0,-384.0,-315.0,517.0
-101.0,941.0,-117.0,-788.0,,-369.0,-805.0,-290.0,-125.0,502.0
-154.0,1463.0,-116.0,-679.0,,-473.0,-776.0,-413.0,-77.0,534.0
-105.0,1057.0,-65.0,-456.0,,-458.0,-666.0,-332.0,-96.0,518.0
-85.0,-260.0,-46.0,-217.0,,-183.0,-590.0,-371.0,-304.0,409.0
-126.0,160.0,-26.0,-266.0,,-136.0,-590.0,-221.0,-169.0,372.0
-163.0,5.0,-7.0,-349.0,,-317.0,-610.0,-192.0,-49.0,389.0
-161.0,-769.0,-27.0,-270.0,,-414.0,-672.0,-269.0,-285.0,278.0
-169.0,-513.0,-14.0,-190.0,,-314.0,-788.0,-210.0,-338.0,202.0
-223.0,-560.0,-23.0,-217.0,,-39.0,-922.0,-221.0,-271.0,282.0
-254.0,-593.0,-37.0,-372.0,,137.0,-992.0,-112.0,51.0,278.0
-250.0,-968.0,-7.0,-266.0,,-125.0,-986.0,-169.0,197.0,221.0
-235.0,-1291.0,6.0,-17.0,,-572.0,-963.0,-99.0,335.0,308.0
-296.0,-1186.0,42.0,34.0,,-262.0,-927.0,-22.0,549.0,420.0
-266.0,-1146.0,74.0,-10.0,,11.0,-857.0,-88.0,479.0,392.0
-176.0,-582.0,108.0,24.0,,-358.0,-706.0,-60.0,746.0,293.0
-141.0,101.0,141.0,188.0,,-371.0,-553.0,-210.0,1128.0,259.0
-124.0,472.0,179.0,235.0,,-294.0,-429.0,-271.0,1093.0,172.0
-92.0,524.0,216.0,279.0,,-287.0,-293.0,-382.0,800.0,-35.0
-26.0,601.0,224.0,496.0,,156.0,-228.0,-303.0,663.0,-202.0
-20.0,1001.0,210.0,546.0,,260.0,-285.0,-84.0,705.0,-233.0
-63.0,843.0,180.0,421.0,,-315.0,-422.0,-114.0,715.0,-266.0
-119.0,299.0,172.0,378.0,,-388.0,-559.0,-96.0,615.0,-295.0
-114.0,301.0,137.0,412.0,,-277.0,-691.0,-169.0,189.0,-130.0
-122.0,82.0,68.0,457.0,,-665.0,-847.0,-66.0,-3.0,70.0
-177.0,-528.0,-13.0,481.0,,-474.0,-981.0,-35.0,-126.0,208.0
-202.0,-1194.0,-111.0,552.0,,-89.0,-1055.0,-83.0,-440.0,406.0
-195.0,-1132.0,-162.0,661.0,,-442.0,-1139.0,9.0,-379.0,669.0
-176.0,-861.0,-173.0,654.0,,-619.0,-1220.0,24.0,-411.0,850.0
-221.0,-436.0,-212.0,528.0,,-448.0,-1192.0,328.0,-683.0,927.0
-298.0,426.0,-231.0,478.0,,-308.0,-1109.0,559.0,-647.0,1039.0
-324.0,665.0,-235.0,352.0,,-183.0,-983.0,814.0,-281.0,1052.0
-320.0,783.0,-253.0,106.0,,-406.0,-830.0,1034.0,0.0,871.0
-324.0,673.0,-288.0,-28.0,,-674.0,-692.0,1038.0,87.0,692.0
-343.0,828.0,-303.0,-97.0,,-327.0,-548.0,1014.0,82.0,632.0
-313.0,259.0,-260.0,-152.0,,281.0,-439.0,654.0,229.0,555.0
-257.0,-551.0,-240.0,-199.0,,4.0,-317.0,378.0,292.0,392.0
-273.0,-773.0,-234.0,-221.0,,-538.0,-227.0,3.0,100.0,336.0
-283.0,-1046.0,-221.0,-219.0,,-277.0,-213.0,-319.0,186.0,385.0
-279.0,-1150.0,-201.0,-174.0,,-221.0,-188.0,-406.0,302.0,380.0
-279.0,-1381.0,-197.0,-44.0,,-180.0,-162.0,-580.0,498.0,351.0
-280.0,-474.0,-176.0,193.0,,263.0,-189.0,-467.0,743.0,441.0
-255.0,-37.0,-142.0,373.0,,158.0,-285.0,-362.0,913.0,520.0
-208.0,45.0,-103.0,442.0,,106.0,-417.0,-59.0,768.0,461.0
-235.0,309.0,-62.0,554.0,,465.0,-580.0,378.0,441.0,430.0
-262.0,648.0,-82.0,708.0,,77.0,-713.0,774.0,427.0,421.0
-268.0,1026.0,9.0,779.0,,-340.0,-827.0,1121.0,314.0,333.0
-280.0,416.0,97.0,694.0,,-22.0,-966.0,1125.0,288.0,181.0
-349.0,733.0,86.0,640.0,,-428.0,-1090.0,1189.0,103.0,118.0
-422.0,139.0,52.0,638.0,,-767.0,-1196.0,1018.0,8.0,52.0
-407.0,-670.0,-7.0,487.0,,-5.0,-1249.0,864.0,209.0,-148.0
-349.0,-493.0,-36.0,293.0,,-20.0,-1259.0,779.0,341.0,-266.0
-323.0,-958.0,-53.0,237.0,,-443.0,-1193.0,567.0,269.0,-321.0
-318.0,-1305.0,-50.0,196.0,,-40.0,-1076.0,559.0,39.0,-422.0
-241.0,-1466.0,-84.0,121.0,,-22.0,-910.0,369.0,48.0,-490.0
-203.0,-767.0,-75.0,-118.0,,-512.0,-654.0,267.0,-62.0,-476.0
-251.0,-429.0,-57.0,-450.0,,-275.0,-451.0,109.0,90.0,-455.0
-308.0,-291.0,-60.0,-521.0,,137.0,-310.0,31.0,51.0,-422.0
-272.0,145.0,-45.0,-498.0,,-101.0,-194.0,205.0,-256.0,-336.0
-205.0,623.0,-36.0,-452.0,,-178.0,-123.0,308.0,-187.0,-255.0
-198.0,912.0,-22.0,-295.0,,-66.0,-73.0,703.0,-81.0,-183.0
-197.0,706.0,-52.0,-209.0,,-111.0,-39.0,962.0,97.0,-92.0
-128.0,1211.0,-46.0,-45.0,,55.0,-39.0,1188.0,203.0,11.0
-28.0,821.0,-71.0,269.0,,65.0,-53.0,1378.0,317.0,106.0
-11.0,481.0,-106.0,345.0,,5.0,-15.0,1273.0,160.0,160.0
-29.0,77.0,-100.0,320.0,,455.0,4.0,1154.0,176.0,218.0
-34.0,-419.0,-88.0,429.0,,751.0,-19.0,920.0,367.0,310.0
5.0,-252.0,-46.0,384.0,,149.0,-67.0,877.0,335.0,341.0
-26.0,-644.0,-27.0,204.0,,-354.0,-141.0,840.0,405.0,388.0
-61.0,-311.0,0.0,115.0,,271.0,-235.0,837.0,324.0,489.0
-37.0,-205.0,78.0,91.0,,781.0,-378.0,907.0,348.0,544.0
-27.0,12.0,165.0,69.0,,410.0,-545.0,807.0,410.0,521.0
-2.0,253.0,208.0,31.0,,386.0,-715.0,809.0,381.0,445.0
-61.0,389.0,192.0,-35.0,,538.0,-798.0,777.0,206.0,399.0
-68.0,984.0,153.0,6.0,,200.0,-765.0,934.0,232.0,283.0
-61.0,779.0,171.0,10.0,,434.0,-719.0,1091.0,427.0,56.0
-109.0,538.0,184.0,-151.0,,877.0,-640.0,1147.0,324.0,-114.0
-167.0,386.0,183.0,-221.0,,331.0,-520.0,1345.0,253.0,-186.0
-204.0,-372.0,184.0,-262.0,,176.0,-364.0,1361.0,184.0,-278.0
-175.0,-731.0,140.0,-311.0,,676.0,-172.0,1369.0,108.0,-383.0
-172.0,-610.0,99.0,-265.0,,78.0,-37.0,1160.0,153.0,-379.0
-165.0,-1123.0,58.0,-176.0,,-354.0,68.0,862.0,152.0,-358.0
-143.0,-1049.0,16.0,-44.0,,321.0,181.0,663.0,-31.0,-407.0
-138.0,-436.0,-18.0,71.0,,210.0,222.0,522.0,49.0,-408.0
-133.0,-26.0,-69.0,176.0,,-100.0,223.0,652.0,136.0,-338.0
-108.0,619.0,-136.0,249.0,,360.0,211.0,628.0,192.0,-386.0
-98.0,980.0,-164.0,300.0,,412.0,104.0,683.0,363.0,-443.0
-142.0,606.0,-178.0,307.0,,191.0,4.0,702.0,253.0,-415.0
-215.0,844.0,-197.0,259.0,,262.0,-6.0,757.0,188.0,-419.0
-237.0,1052.0,-224.0,359.0,,200.0,-74.0,1101.0,40.0,-409.0
-208.0,405.0,-258.0,388.0,,191.0,-194.0,1215.0,-88.0,-339.0
-239.0,429.0,-256.0,230.0,,662.0,-206.0,1413.0,-62.0,-230.0
-309.0,268.0,-249.0,116.0,,898.0,-123.0,1415.0,-195.0,-166.0
-278.0,122.0,-197.0,98.0,,252.0,-76.0,1175.0,-359.0,-92.0
-215.0,-444.0,-117.0,53.0,,-290.0,-33.0,851.0,-405.0,-18.0
-258.0,-990.0,-53.0,-34.0,,186.0,68.0,445.0,-443.0,31.0
-349.0,-834.0,-15.0,-42.0,,587.0,177.0,293.0,-285.0,33.0
-386.0,-893.0,55.0,13.0,,491.0,229.0,162.0,-249.0,-39.0
-338.0,-490.0,128.0,96.0,,812.0,250.0,330.0,-372.0,-28.0
-368.0,19.0,148.0,34.0,,627.0,289.0,474.0,-79.0,37.0
-442.0,302.0,153.0,-56.0,,29.0,255.0,602.0,178.0,34.0
-418.0,98.0,140.0,38.0,,248.0,179.0,868.0,267.0,-39.0
-325.0,170.0,168.0,283.0,,384.0,134.0,859.0,312.0,5.0
-273.0,41.0,151.0,380.0,,545.0,67.0,1008.0,483.0,91.0
-329.0,70.0,90.0,259.0,,984.0,14.0,1053.0,425.0,18.0
-300.0,850.0,78.0,359.0,,556.0,49.0,1060.0,288.0,-57.0
-238.0,505.0,62.0,599.0,,228.0,129.0,927.0,403.0,-29.0
-248.0,85.0,10.0,761.0,,726.0,177.0,552.0,240.0,-38.0
-310.0,-166.0,2.0,736.0,,463.0,257.0,412.0,201.0,-136.0
-304.0,9.0,28.0,567.0,,-40.0,373.0,181.0,147.0,-118.0
-230.0,518.0,72.0,488.0,,441.0,446.0,168.0,156.0,-97.0
-233.0,-68.0,116.0,493.0,,711.0,542.0,184.0,133.0,-203.0
-213.0,-343.0,101.0,420.0,,506.0,648.0,282.0,-240.0,-277.0
-193.0,-9.0,131.0,282.0,,801.0,659.0,698.0,-456.0,-337.0
-163.0,120.0,175.0,202.0,,835.0,651.0,957.0,-450.0,-509.0
-177.0,-499.0,222.0,71.0,,100.0,678.0,1210.0,-527.0,-625.0
-216.0,-569.0,240.0,46.0,,-9.0,690.0,1210.0,-693.0,-583.0
-197.0,-72.0,218.0,138.0,,425.0,662.0,1171.0,-552.0,-626.0
-169.0,-558.0,207.0,134.0,,464.0,604.0,1025.0,-627.0,-659.0
-167.0,-282.0,182.0,90.0,,460.0,554.0,722.0,-672.0,-536.0
-220.0,273.0,212.0,64.0,,494.0,520.0,583.0,-383.0,-424.0
-247.0,-96.0,244.0,81.0,,600.0,440.0,249.0,-169.0,-453.0
-257.0,-663.0,199.0,49.0,,622.0,331.0,49.0,-102.0,-482.0
-272.0,-188.0,162.0,85.0,,152.0,300.0,-27.0,-217.0,-445.0
-320.0,271.0,192.0,207.0,,-234.0,336.0,57.0,-51.0,-528.0
-314.0,-377.0,208.0,301.0,,190.0,412.0,171.0,156.0,-625.0
-262.0,-295.0,234.0,424.0,,954.0,551.0,194.0,143.0,-593.0
-239.0,230.0,201.0,373.0,,846.0,677.0,395.0,-171.0,-517.0
-206.0,377.0,176.0,291.0,,169.0,772.0,495.0,-292.0,-507.0
-138.0,-281.0,218.0,373.0,,63.0,847.0,801.0,-100.0,-492.0
-64.0,-730.0,176.0,519.0,,343.0,847.0,951.0,-95.0,-359.0
-98.0,-813.0,157.0,745.0,,763.0,782.0,811.0,-58.0,-248.0
-147.0,-1012.0,122.0,875.0,,976.0,700.0,724.0,80.0,-298.0
-123.0,-618.0,68.0,882.0,,450.0,635.0,474.0,323.0,-282.0
-30.0,-227.0,56.0,770.0,,250.0,533.0,408.0,178.0,-179.0
-4.0,-115.0,63.0,612.0,,680.0,370.0,341.0,185.0,-291.0
-35.0,-49.0,68.0,532.0,,607.0,260.0,360.0,450.0,-419.0
-43.0,448.0,54.0,439.0,,567.0,205.0,471.0,327.0,-399.0
-5.0,608.0,-27.0,346.0,,623.0,183.0,426.0,261.0,-414.0
43.0,639.0,-56.0,243.0,,71.0,176.0,413.0,133.0,-565.0
-3.0,1065.0,-24.0,89.0,,159.0,216.0,266.0,114.0,-686.0
-31.0,1341.0,-73.0,-163.0,,694.0,376.0,271.0,117.0,-672.0
-50.0,1200.0,-64.0,-322.0,,368.0,532.0,334.0,-5.0,-781.0
-85.0,706.0,-77.0,-297.0,,155.0,674.0,491.0,49.0,-923.0
-146.0,684.0,-60.0,-311.0,,480.0,848.0,711.0,-20.0,-889.0
-163.0,524.0,22.0,-243.0,,524.0,975.0,679.0,-185.0,-831.0
-166.0,216.0,65.0,6.0,,306.0,1045.0,729.0,-147.0,-859.0
-214.0,236.0,48.0,245.0,,290.0,1048.0,535.0,-50.0,-729.0
-274.0,362.0,2.0,301.0,,397.0,986.0,284.0,-42.0,-388.0
-307.0,313.0,19.0,203.0,,198.0,929.0,73.0,165.0,-233.0
-298.0,8.0,0.0,140.0,,-148.0,861.0,-158.0,483.0,-141.0
-334.0,-193.0,12.0,110.0,,-289.0,760.0,-136.0,589.0,123.0
-327.0,-117.0,24.0,-73.0,,-129.0,709.0,-225.0,494.0,329.0
-318.0,198.0,-16.0,-307.0,,234.0,672.0,-194.0,407.0,346.0
-280.0,-371.0,-32.0,-418.0,,124.0,626.0,-218.0,465.0,255.0
-251.0,-483.0,-70.0,-457.0,,-296.0,627.0,-234.0,397.0,137.0
-229.0,290.0,-84.0,-432.0,,66.0,617.0,-49.0,275.0,-59.0
-185.0,385.0,-83.0,-399.0,,404.0,606.0,107.0,217.0,-345.0
-167.0,377.0,-126.0,-256.0,,-112.0,624.0,487.0,-43.0,-642.0
-153.0,136.0,-134.0,130.0,,-230.0,652.0,615.0,-135.0,-901.0
-142.0,186.0,-109.0,408.0,,210.0,660.0,539.0,-4.0,-1108.0
-38.0,19.0,-117.0,396.0,,-1.0,637.0,317.0,37.0,-1230.0
6.0,330.0,-74.0,294.0,,-261.0,618.0,-64.0,145.0,-1283.0
-20.0,937.0,0.0,250.0,,185.0,581.0,-332.0,30.0,-1256.0
-60.0,76.0,23.0,274.0,,-4.0,591.0,-661.0,161.0,-1217.0
-33.0,-4.0,71.0,120.0,,-324.0,666.0,-681.0,370.0,-1138.0
-20.0,649.0,83.0,-93.0,,298.0,708.0,-652.0,111.0,-939.0
-68.0,504.0,100.0,-155.0,,177.0,700.0,-591.0,26.0,-833.0
-39.0,227.0,160.0,-196.0,,-304.0,642.0,-439.0,-8.0,-812.0
5.0,1231.0,211.0,-86.0,,351.0,601.0,-356.0,-149.0,-727.0
43.0,1488.0,259.0,165.0,,465.0,609.0,-116.0,-182.0,-657.0
14.0,913.0,240.0,364.0,,0.0,603.0,-94.0,9.0,-744.0
2.0,1220.0,254.0,384.0,,178.0,529.0,55.0,107.0,-806.0
17.0,561.0,263.0,155.0,,-95.0,429.0,306.0,12.0,-755.0
11.0,37.0,223.0,-11.0,,-300.0,392.0,517.0,-147.0,-826.0
-43.0,0.0,214.0,98.0,,169.0,382.0,716.0,-68.0,-891.0
-69.0,5.0,196.0,108.0,,-129.0,370.0,524.0,86.0,-866.0
-32.0,-401.0,122.0,31.0,,-640.0,434.0,360.0,-160.0,-863.0
-21.0,-720.0,91.0,159.0,,9.0,584.0,53.0,-223.0,-909.0
-39.0,-618.0,100.0,242.0,,698.0,734.0,-216.0,-282.0,-891.0
-71.0,-772.0,53.0,280.0,,438.0,902.0,-338.0,-407.0,-747.0
-79.0,-525.0,36.0,395.0,,141.0,1053.0,-493.0,-354.0,-699.0
-138.0,-1187.0,73.0,432.0,,333.0,1061.0,-458.0,-370.0,-665.0
-176.0,-1168.0,24.0,473.0,,401.0,1005.0,-661.0,-497.0,-527.0
-227.0,-790.0,-17.0,595.0,,60.0,906.0,-763.0,-383.0,-392.0
-269.0,-966.0,5.0,636.0,,-22.0,749.0,-851.0,-83.0,-302.0
-295.0,-977.0,-28.0,481.0,,197.0,642.0,-862.0,179.0,-270.0
-358.0,-1177.0,6.0,210.0,,248.0,592.0,-620.0,288.0,-198.0
-348.0,-417.0,26.0,-6.0,,417.0,555.0,-600.0,75.0,-183.0
-315.0,-105.0,-6.0,-239.0,,260.0,523.0,-386.0,126.0,-243.0
-294.0,229.0,44.0,-513.0,,-354.0,538.0,-240.0,206.0,-250.0
-310.0,673.0,52.0,-584.0,,63.0,537.0,-153.0,200.0,-260.0
-289.0,694.0,1.0,-442.0,,784.0,515.0,-179.0,182.0,-354.0
-235.0,880.0,10.0,-291.0,,471.0,542.0,-314.0,64.0,-480.0
-214.0,540.0,33.0,-47.0,,398.0,542.0,-175.0,-57.0,-458.0
-242.0,71.0,47.0,307.0,,347.0,499.0,-208.0,-59.0,-445.0
-264.0,-413.0,77.0,598.0,,-239.0,443.0,-127.0,153.0,-535.0
-243.0,-390.0,82.0,762.0,,52.0,385.0,-147.0,-67.0,-547.0
-270.0,-107.0,48.0,794.0,,115.0,341.0,-229.0,-124.0,-464.0
-296.0,173.0,17.0,717.0,,-795.0,311.0,-280.0,-251.0,-417.0
-307.0,254.0,0.0,525.0,,-448.0,264.0,-548.0,-613.0,-404.0
-246.0,463.0,-63.0,338.0,,342.0,212.0,-641.0,-624.0,-295.0
-202.0,773.0,-95.0,214.0,,-14.0,192.0,-866.0,-812.0,-227.0
-221.0,687.0,-62.0,100.0,,-304.0,242.0,-818.0,-741.0,-273.0
-190.0,308.0,-57.0,-31.0,,-83.0,283.0,-596.0,-484.0,-318.0
-103.0,-10.0,-35.0,-96.0,,77.0,239.0,-321.0,-173.0,-342.0
-52.0,260.0,0.0,-141.0,,80.0,260.0,147.0,50.0,-508.0
-99.0,-266.0,-47.0,-326.0,,-118.0,345.0,254.0,7.0,-648.0
-61.0,-549.0,-75.0,-456.0,,-137.0,370.0,371.0,74.0,-613.0
-7.0,-278.0,-75.0,-463.0,,279.0,330.0,251.0,86.0,-662.0
9.0,59.0,-111.0,-386.0,,231.0,332.0,51.0,-16.0,-722.0
0.0,289.0,-129.0,-144.0,,72.0,394.0,-99.0,-28.0,-663.0
43.0,164.0,-172.0,79.0,,365.0,441.0,-400.0,106.0,-511.0
115.0,632.0,-223.0,155.0,,249.0,463.0,-445.0,-42.0,-463.0
130.0,754.0,-233.0,128.0,,-20.0,491.0,-532.0,-186.0,-434.0
153.0,558.0,-174.0,89.0,,-48.0,554.0,-511.0,-208.0,-266.0
86.0,263.0,-121.0,117.0,,-79.0,539.0,-528.0,-144.0,-179.0
96.0,108.0,-116.0,41.0,,35.0,481.0,-517.0,-36.0,-125.0
64.0,-105.0,-60.0,-148.0,,258.0,406.0,-419.0,-142.0,-10.0
15.0,-307.0,15.0,-190.0,,53.0,255.0,-533.0,-159.0,142.0
11.0,-307.0,70.0,-177.0,,-237.0,123.0,-458.0,-22.0,268.0
-12.0,-259.0,172.0,-275.0,,-73.0,15.0,-524.0,184.0,376.0
29.0,-374.0,251.0,-296.0,,-123.0,-8.0,-506.0,86.0,492.0
4.0,-473.0,269.0,-304.0,,-157.0,23.0,-552.0,131.0,560.0
41.0,-424.0,361.0,-335.0,,-27.0,0.0,-862.0,182.0,513.0
46.0,-688.0,411.0,-232.0,,-337.0,-61.0,-848.0,15.0,421.0
20.0,86.0,388.0,-118.0,,-279.0,-87.0,-942.0,273.0,387.0
0.0,221.0,378.0,-89.0,,275.0,-29.0,-933.0,470.0,311.0
6.0,-411.0,306.0,15.0,,91.0,56.0,-849.0,350.0,197.0
49.0,-305.0,233.0,186.0,,-346.0,151.0,-696.0,181.0,126.0
25.0,157.0,184.0,135.0,,-253.0,216.0,-327.0,237.0,97.0
41.0,317.0,151.0,-54.0,,-285.0,252.0,-195.0,288.0,41.0
69.0,448.0,75.0,-175.0,,-235.0,282.0,-96.0,251.0,-5.0
108.0,719.0,-6.0,-294.0,,-180.0,278.0,-182.0,140.0,21.0
82.0,-55.0,2.0,-492.0,,-250.0,263.0,-230.0,-132.0,44.0
61.0,47.0,-27.0,-634.0,,198.0,260.0,-279.0,-286.0,36.0
69.0,155.0,-57.0,-626.0,,197.0,292.0,-428.0,-231.0,118.0
81.0,-507.0,-69.0,-533.0,,-327.0,310.0,-408.0,23.0,198.0
43.0,-1278.0,-103.0,-325.0,,-45.0,286.0,-539.0,68.0,144.0
-42.0,-899.0,-133.0,-148.0,,461.0,292.0,-583.0,-17.0,151.0
-109.0,198.0,-101.0,-66.0,,452.0,316.0,-703.0,-32.0,216.0
-120.0,-464.0,-29.0,22.0,,350.0,269.0,-639.0,-12.0,230.0
-144.0,-543.0,-66.0,131.0,,190.0,172.0,-358.0,-90.0,184.0
-265.0,-524.0,-85.0,188.0,,116.0,64.0,-223.0,-307.0,132.0
-298.0,118.0,-51.0,77.0,,317.0,-26.0,7.0,-343.0,96.0
-301.0,603.0,0.0,-135.0,,388.0,-54.0,-79.0,-230.0,70.0
-290.0,151.0,56.0,-198.0,,379.0,-71.0,-81.0,-124.0,83.0
-351.0,1117.0,94.0,-83.0,,625.0,-60.0,-97.0,-177.0,0.0
-373.0,1198.0,130.0,38.0,,509.0,-43.0,-291.0,-143.0,-118.0
-364.0,1016.0,150.0,128.0,,119.0,-31.0,-358.0,-100.0,-164.0
-410.0,480.0,170.0,107.0,,337.0,12.0,-644.0,-254.0,-206.0
-435.0,-689.0,199.0,98.0,,477.0,13.0,-709.0,-121.0,-233.0
-477.0,-924.0,211.0,122.0,,499.0,-15.0,-746.0,141.0,-208.0
-444.0,-1019.0,163.0,24.0,,841.0,-49.0,-707.0,0.0,-251.0
-440.0,-843.0,138.0,-14.0,,753.0,-118.0,-480.0,61.0,-380.0
-427.0,-804.0,155.0,-86.0,,830.0,-215.0,-330.0,368.0,-410.0
-469.0,-1064.0,160.0,-217.0,,1057.0,-266.0,-62.0,465.0,-387.0
-453.0,-768.0,122.0,-228.0,,694.0,-256.0,-31.0,517.0,-454.0
-424.0,295.0,125.0,-335.0,,932.0,-233.0,0.0,304.0,-531.0
-441.0,699.0,121.0,-459.0,,932.0,-218.0,-118.0,202.0,-537.0
-425.0,235.0,75.0,-401.0,,192.0,-201.0,-334.0,201.0,-477.0
-401.0,430.0,54.0,-256.0,,624.0,-147.0,-380.0,378.0,-374.0
-338.0,988.0,32.0,-153.0,,733.0,-106.0,-593.0,650.0,-261.0
-329.0,604.0,-12.0,-132.0,,217.0,-58.0,-618.0,438.0,-83.0
-232.0,203.0,-62.0,-100.0,,653.0,-23.0,-668.0,107.0,28.0
-169.0,627.0,-64.0,-86.0,,565.0,-47.0,-639.0,-132.0,78.0
-114.0,386.0,-108.0,-77.0,,486.0,-73.0,-558.0,-32.0,177.0
-80.0,396.0,-125.0,-78.0,,1041.0,-108.0,-622.0,157.0,275.0
-71.0,516.0,-185.0,-34.0,,814.0,-147.0,-591.0,29.0,354.0
7.0,-175.0,-240.0,-45.0,,661.0,-241.0,-635.0,-218.0,323.0
66.0,-719.0,-244.0,-118.0,,691.0,-394.0,-423.0,-335.0,345.0
96.0,-1026.0,-329.0,-125.0,,458.0,-514.0,-205.0,-259.0,409.0
110.0,-608.0,-356.0,-197.0,,607.0,-545.0,144.0,-71.0,411.0
205.0,-250.0,-369.0,-199.0,,406.0,-526.0,558.0,5.0,475.0
240.0,-231.0,-347.0,-134.0,,244.0,-485.0,607.0,-120.0,528.0
238.0,164.0,-294.0,-31.0,,714.0,-430.0,613.0,-252.0,474.0
250.0,257.0,-270.0,55.0,,624.0,-412.0,367.0,-302.0,419.0
260.0,14.0,-250.0,67.0,,237.0,-387.0,332.0,-350.0,533.0
266.0,-17.0,-201.0,79.0,,142.0,-347.0,325.0,-496.0,597.0
289.0,-158.0,-188.0,-2.0,,131.0,-313.0,243.0,-454.0,509.0
370.0,-581.0,-256.0,-76.0,,422.0,-315.0,291.0,-409.0,471.0
397.0,-735.0,-306.0,-211.0,,532.0,-305.0,109.0,-225.0,443.0
373.0,-481.0,-349.0,-424.0,,154.0,-265.0,22.0,-39.0,380.0
351.0,-724.0,-378.0,-560.0,,213.0,-264.0,-299.0,-15.0,316.0
329.0,-1046.0,-413.0,-510.0,,603.0,-244.0,-543.0,217.0,292.0
323.0,-867.0,-452.0,-293.0,,540.0,-206.0,-513.0,311.0,255.0
303.0,-1020.0,-486.0,-180.0,,326.0,-202.0,-412.0,482.0,214.0
259.0,-668.0,-500.0,-163.0,,273.0,-246.0,-188.0,435.0,304.0
232.0,-366.0,-486.0,-128.0,,273.0,-306.0,-258.0,424.0,392.0
200.0,-219.0,-464.0,-135.0,,393.0,-389.0,-232.0,394.0,367.0
126.0,190.0,-395.0,-190.0,,483.0,-465.0,-175.0,111.0,367.0
37.0,255.0,-300.0,-163.0,,264.0,-515.0,-107.0,403.0,384.0
54.0,525.0,-267.0,-164.0,,397.0,-582.0,-49.0,354.0,303.0
22.0,293.0,-245.0,-239.0,,692.0,-639.0,-138.0,-161.0,269.0
-33.0,474.0,-212.0,-238.0,,461.0,-681.0,-49.0,-493.0,336.0
-4.0,1140.0,-226.0,-265.0,,388.0,-693.0,-101.0,-614.0,339.0
69.0,1235.0,-188.0,-321.0,,396.0,-677.0,-131.0,-462.0,339.0
97.0,1331.0,-168.0,-340.0,,374.0,-616.0,-192.0,-404.0,372.0
21.0,985.0,-146.0,-190.0,,489.0,-564.0,-253.0,-482.0,356.0
48.0,747.0,-114.0,41.0,,201.0,-560.0,-223.0,-501.0,319.0
91.0,949.0,-116.0,37.0,,-85.0,-584.0,-315.0,-772.0,303.0
111.0,739.0,-67.0,-5.0,,66.0,-689.0,-96.0,-355.0,310.0
49.0,399.0,-51.0,81.0,,254.0,-763.0,70.0,140.0,251.0
22.0,422.0,-45.0,68.0,,286.0,-805.0,249.0,-464.0,97.0
87.0,164.0,-31.0,-45.0,,35.0,-863.0,445.0,-169.0,28.0
94.0,-512.0,-46.0,0.0,,-141.0,-900.0,406.0,-65.0,69.0
58.0,-771.0,-21.0,53.0,,-130.0,-920.0,432.0,-29.0,7.0
36.0,-1039.0,-32.0,-83.0,,-93.0,-872.0,208.0,417.0,-140.0
167.0,-1190.0,-73.0,-122.0,,166.0,-807.0,42.0,51.0,-162.0
239.0,-960.0,-73.0,-17.0,,37.0,-778.0,-134.0,296.0,-34.0
240.0,-844.0,-76.0,-1.0,,-19.0,-747.0,-312.0,534.0,-1.0
245.0,-906.0,-102.0,-23.0,,54.0,-710.0,-319.0,807.0,59.0
260.0,-877.0,-139.0,-6.0,,-112.0,-748.0,-388.0,808.0,295.0
243.0,-488.0,-180.0,-63.0,,277.0,-836.0,-205.0,596.0,363.0
163.0,-455.0,-207.0,-257.0,,270.0,-859.0,-157.0,593.0,355.0
169.0,-329.0,-201.0,-492.0,,199.0,-852.0,27.0,195.0,533.0
193.0,-313.0,-210.0,-624.0,,546.0,-839.0,304.0,418.0,671.0
243.0,-230.0,-235.0,-701.0,,124.0,-757.0,400.0,535.0,547.0
257.0,164.0,-265.0,-726.0,,-16.0,-680.0,591.0,288.0,416.0
271.0,71.0,-234.0,-671.0,,287.0,-697.0,417.0,-81.0,408.0
361.0,233.0,-172.0,-667.0,,-162.0,-705.0,273.0,-108.0,280.0
413.0,483.0,-144.0,-671.0,,-292.0,-702.0,88.0,161.0,105.0
438.0,1007.0,-145.0,-512.0,,-32.0,-652.0,-68.0,-109.0,97.0
475.0,1388.0,-163.0,-362.0,,-131.0,-526.0,-75.0,-330.0,184.0
526.0,1548.0,-161.0,-382.0,,206.0,-388.0,-290.0,-445.0,157.0
544.0,1592.0,-183.0,-344.0,,-48.0,-273.0,-339.0,-275.0,169.0
528.0,1052.0,-160.0,-249.0,,-622.0,-250.0,-430.0,-155.0,413.0
532.0,235.0,-117.0,-197.0,,-141.0,-227.0,-267.0,-275.0,650.0
541.0,-464.0,-103.0,-287.0,,19.0,-210.0,29.0,-317.0,816.0
494.0,-651.0,-68.0,-335.0,,-178.0,-280.0,254.0,-682.0,996.0
422.0,-986.0,0.0,-92.0,,-157.0,-363.0,489.0,-726.0,1171.0
440.0,-855.0,36.0,31.0,,-244.0,-437.0,349.0,-340.0,1265.0
534.0,-899.0,18.0,-44.0,,-60.0,-523.0,288.0,-666.0,1227.0
572.0,-817.0,-11.0,-89.0,,14.0,-649.0,129.0,-1029.0,1261.0
500.0,-493.0,-53.0,-102.0,,-361.0,-729.0,68.0,-977.0,1253.0
465.0,-1290.0,-67.0,-111.0,,-418.0,-725.0,116.0,-773.0,993.0
495.0,-1111.0,-136.0,-39.0,,-306.0,-722.0,-48.0,-224.0,738.0
462.0,-450.0,-226.0,9.0,,-371.0,-697.0,-20.0,-9.0,610.0
382.0,-439.0,-341.0,-101.0,,-321.0,-632.0,-157.0,114.0,483.0
373.0,-206.0,-419.0,-168.0,,-329.0,-580.0,-134.0,185.0,303.0
424.0,95.0,-407.0,-205.0,,-500.0,-505.0,138.0,233.0,220.0
443.0,308.0,-426.0,-286.0,,-402.0,-345.0,524.0,572.0,202.0
437.0,542.0,-443.0,-256.0,,-170.0,-208.0,890.0,794.0,118.0
371.0,470.0,-473.0,-162.0,,-428.0,-155.0,755.0,768.0,143.0
328.0,486.0,-491.0,-116.0,,-607.0,-102.0,524.0,468.0,236.0
315.0,713.0,-495.0,-132.0,,-667.0,-107.0,188.0,412.0,149.0
248.0,428.0,-499.0,-266.0,,-866.0,-174.0,77.0,550.0,7.0
193.0,399.0,-467.0,-339.0,,-415.0,-222.0,166.0,606.0,10.0
195.0,-92.0,-485.0,-361.0,,-169.0,-253.0,116.0,511.0,-7.0
247.0,-454.0,-466.0,-421.0,,-502.0,-275.0,169.0,393.0,-130.0
293.0,-355.0,-413.0,-430.0,,-212.0,-307.0,116.0,450.0,-186.0
323.0,-525.0,-380.0,-388.0,,83.0,-327.0,254.0,332.0,-135.0
342.0,-389.0,-278.0,-236.0,,-163.0,-418.0,304.0,264.0,-102.0
363.0,-302.0,-234.0,-148.0,,-71.0,-585.0,227.0,210.0,-135.0
347.0,337.0,-182.0,-91.0,,-45.0,-716.0,166.0,-99.0,-103.0
294.0,45.0,-107.0,13.0,,-330.0,-785.0,-66.0,-359.0,-21.0
238.0,-7.0,-74.0,0.0,,-184.0,-787.0,-48.0,-294.0,-12.0
194.0,644.0,-12.0,-136.0,,-169.0,-783.0,-116.0,-384.0,25.0
140.0,180.0,18.0,-235.0,,-406.0,-766.0,-44.0,-640.0,183.0
102.0,491.0,24.0,-148.0,,-249.0,-721.0,27.0,-635.0,272.0
109.0,679.0,12.0,34.0,,-137.0,-651.0,-90.0,-484.0,232.0
103.0,369.0,4.0,179.0,,-175.0,-575.0,-46.0,-201.0,280.0
142.0,210.0,18.0,304.0,,8.0,-483.0,-116.0,-85.0,360.0
208.0,216.0,71.0,252.0,,47.0,-339.0,18.0,-38.0,323.0
301.0,508.0,76.0,100.0,,-116.0,-230.0,96.0,115.0,238.0
335.0,435.0,13.0,69.0,,-77.0,-149.0,249.0,310.0,265.0
284.0,302.0,-32.0,-19.0,,-102.0,-46.0,578.0,494.0,302.0
297.0,497.0,-107.0,-138.0,,-204.0,-10.0,678.0,600.0,141.0
356.0,512.0,-153.0,-273.0,,149.0,-57.0,726.0,484.0,36.0
377.0,-200.0,-176.0,-408.0,,291.0,-102.0,589.0,226.0,58.0
343.0,-867.0,-227.0,-425.0,,50.0,-158.0,611.0,243.0,26.0
381.0,-723.0,-226.0,-350.0,,134.0,-247.0,484.0,434.0,-7.0
413.0,-274.0,-242.0,-318.0,,7.0,-340.0,177.0,611.0,89.0
421.0,-579.0,-247.0,-316.0,,60.0,-347.0,36.0,317.0,230.0
411.0,-771.0,-212.0,-223.0,,212.0,-304.0,-114.0,-45.0,179.0
342.0,-540.0,-213.0,-307.0,,-152.0,-319.0,11.0,104.0,158.0
326.0,-681.0,-168.0,-374.0,,100.0,-307.0,40.0,184.0,233.0
314.0,-863.0,-143.0,-311.0,,288.0,-265.0,114.0,174.0,179.0
310.0,-745.0,-110.0,-310.0,,4.0,-225.0,262.0,242.0,69.0
290.0,-61.0,-98.0,-261.0,,214.0,-212.0,238.0,239.0,0.0
283.0,589.0,-136.0,-205.0,,157.0,-210.0,330.0,178.0,-47.0
293.0,734.0,-84.0,-53.0,,266.0,-146.0,293.0,115.0,-87.0
240.0,1057.0,-99.0,17.0,,735.0,-101.0,321.0,168.0,-46.0
202.0,1314.0,-108.0,-46.0,,349.0,-82.0,251.0,52.0,32.0
156.0,629.0,-65.0,-94.0,,248.0,-94.0,168.0,-241.0,45.0
81.0,223.0,-108.0,-240.0,,518.0,-196.0,266.0,-306.0,97.0
37.0,336.0,-103.0,-291.0,,244.0,-325.0,323.0,-331.0,202.0
71.0,104.0,-104.0,-184.0,,304.0,-402.0,537.0,-191.0,282.0
106.0,-96.0,-70.0,-36.0,,218.0,-429.0,465.0,-181.0,325.0
84.0,-169.0,-23.0,27.0,,233.0,-419.0,356.0,-409.0,374.0
94.0,-478.0,-19.0,-31.0,,682.0,-338.0,262.0,-383.0,445.0
111.0,-980.0,-1.0,35.0,,514.0,-224.0,72.0,-228.0,437.0
104.0,-712.0,-23.0,187.0,,579.0,-146.0,24.0,-125.0,415.0
89.0,234.0,32.0,325.0,,479.0,-81.0,-190.0,-212.0,473.0
70.0,266.0,44.0,447.0,,266.0,40.0,-214.0,-155.0,531.0
108.0,-282.0,12.0,461.0,,802.0,157.0,-336.0,-50.0,550.0
164.0,8.0,30.0,321.0,,365.0,215.0,-476.0,150.0,546.0
184.0,229.0,-11.0,118.0,,140.0,260.0,-369.0,219.0,525.0
179.0,290.0,13.0,-13.0,,429.0,280.0,-234.0,-87.0,513.0
243.0,325.0,46.0,-103.0,,-95.0,289.0,109.0,-137.0,540.0
296.0,172.0,-1.0,-156.0,,252.0,273.0,116.0,-6.0,520.0
248.0,360.0,4.0,-275.0,,39.0,207.0,90.0,155.0,406.0
246.0,448.0,57.0,-391.0,,-545.0,157.0,112.0,-13.0,358.0
239.0,289.0,50.0,-404.0,,200.0,132.0,88.0,51.0,434.0
253.0,6.0,61.0,-332.0,,22.0,102.0,280.0,236.0,430.0
237.0,58.0,130.0,-224.0,,2.0,90.0,162.0,157.0,401.0
161.0,11.0,135.0,-374.0,,227.0,101.0,94.0,317.0,452.0
120.0,214.0,116.0,-563.0,,-553.0,70.0,-27.0,98.0,380.0
121.0,214.0,87.0,-524.0,,-267.0,9.0,-249.0,-142.0,259.0
127.0,-324.0,55.0,-481.0,,-430.0,-45.0,-402.0,-310.0,243.0
41.0,-149.0,6.0,-441.0,,-711.0,-106.0,-648.0,-412.0,245.0
75.0,-49.0,-49.0,-341.0,,181.0,-102.0,-519.0,-239.0,135.0
165.0,283.0,-113.0,-204.0,,-317.0,-43.0,-343.0,-185.0,19.0
114.0,329.0,-179.0,23.0,,-418.0,-7.0,-157.0,-262.0,-7.0
135.0,250.0,-141.0,209.0,,-57.0,27.0,-59.0,-432.0,-42.0
169.0,202.0,-165.0,300.0,,-513.0,74.0,-59.0,-385.0,-62.0
205.0,262.0,-251.0,344.0,,0.0,98.0,25.0,-325.0,-78.0
283.0,892.0,-256.0,352.0,,-436.0,90.0,-84.0,-433.0,-59.0
19.0,466.0,-246.0,411.0,,-1076.0,79.0,-60.0,-526.0,26.0
150.0,212.0,-252.0,431.0,,-458.0,67.0,-219.0,-623.0,101.0
471.0,-175.0,-218.0,369.0,,-914.0,5.0,-304.0,-591.0,198.0
24.0,-664.0,-170.0,301.0,,-893.0,-96.0,-258.0,-367.0,291.0
12.0,-584.0,-137.0,231.0,,-454.0,-172.0,-395.0,-166.0,322.0
260.0,-750.0,-150.0,158.0,,-878.0,-208.0,-286.0,-128.0,330.0
108.0,-1018.0,-123.0,64.0,,-443.0,-236.0,-334.0,-209.0,360.0
47.0,-846.0,-68.0,-152.0,,-484.0,-260.0,-341.0,-91.0,333.0
151.0,378.0,-82.0,-395.0,,-757.0,-311.0,-284.0,-18.0,301.0
211.0,823.0,-33.0,-458.0,,-415.0,-415.0,-160.0,-118.0,412.0
108.0,413.0,-5.0,-363.0,,-707.0,-476.0,-9.0,-168.0,417.0
294.0,530.0,63.0,-255.0,,-500.0,-428.0,-81.0,-391.0,389.0
271.0,923.0,164.0,-228.0,,-344.0,-306.0,66.0,-244.0,476.0
191.0,85.0,204.0,-232.0,,-636.0,-155.0,-27.0,-100.0,552.0
386.0,-421.0,225.0,-256.0,,-510.0,-4.0,-195.0,101.0,628.0
332.0,-354.0,232.0,-168.0,,-780.0,149.0,-382.0,270.0,624.0
325.0,-1047.0,268.0,23.0,,-899.0,239.0,-739.0,-25.0,678.0
327.0,-528.0,279.0,195.0,,-761.0,252.0,-868.0,141.0,714.0
339.0,-168.0,308.0,408.0,,-892.0,328.0,-968.0,267.0,633.0
274.0,-57.0,322.0,448.0,,-597.0,443.0,-753.0,293.0,583.0
173.0,-400.0,276.0,442.0,,-519.0,528.0,-498.0,242.0,526.0
252.0,-596.0,238.0,503.0,,-704.0,571.0,-343.0,127.0,450.0
227.0,426.0,269.0,458.0,,-575.0,530.0,-186.0,126.0,381.0
43.0,627.0,297.0,421.0,,-729.0,462.0,-83.0,-12.0,404.0
69.0,632.0,272.0,244.0,,-569.0,399.0,199.0,-121.0,393.0
113.0,622.0,219.0,77.0,,-581.0,319.0,182.0,-302.0,346.0
-70.0,1047.0,227.0,7.0,,-752.0,224.0,173.0,-360.0,377.0
-4.0,1230.0,243.0,-18.0,,-342.0,135.0,160.0,-440.0,357.0
-55.0,592.0,230.0,28.0,,-799.0,36.0,-1.0,-346.0,236.0
-116.0,526.0,215.0,-9.0,,-1025.0,-101.0,-40.0,-213.0,180.0
-18.0,556.0,139.0,-21.0,,-663.0,-248.0,-155.0,-345.0,226.0
-63.0,-89.0,90.0,-36.0,,-804.0,-341.0,-79.0,-481.0,178.0
-112.0,-907.0,46.0,27.0,,-475.0,-368.0,-168.0,-271.0,155.0
-127.0,-471.0,6.0,62.0,,-598.0,-392.0,-378.0,11.0,250.0
-73.0,-429.0,-28.0,10.0,,-836.0,-403.0,-631.0,-197.0,361.0
-163.0,-1347.0,-81.0,173.0,,-363.0,-363.0,-975.0,-237.0,470.0
-219.0,-1067.0,-83.0,356.0,,-565.0,-267.0,-990.0,-221.0,577.0
-261.0,-437.0,-88.0,424.0,,-550.0,-132.0,-979.0,-121.0,657.0
-264.0,-256.0,-77.0,516.0,,-178.0,14.0,-811.0,-43.0,692.0
-229.0,-509.0,-12.0,631.0,,-377.0,224.0,-720.0,-103.0,695.0
-336.0,-175.0,8.0,711.0,,-258.0,423.0,-740.0,95.0,625.0
-333.0,801.0,6.0,658.0,,-202.0,513.0,-617.0,57.0,520.0
-264.0,756.0,16.0,422.0,,-400.0,559.0,-589.0,119.0,438.0
-195.0,502.0,6.0,352.0,,-112.0,582.0,-506.0,337.0,336.0
-185.0,819.0,0.0,259.0,,8.0,579.0,-569.0,358.0,202.0
-176.0,1274.0,27.0,-172.0,,31.0,523.0,-596.0,252.0,115.0
-29.0,1027.0,66.0,-447.0,,227.0,444.0,-676.0,437.0,5.0
81.0,846.0,48.0,-544.0,,-154.0,350.0,-875.0,779.0,-51.0
130.0,1380.0,8.0,-513.0,,-711.0,227.0,-812.0,815.0,-44.0
250.0,1265.0,-20.0,-341.0,,-726.0,152.0,-794.0,864.0,-96.0
360.0,605.0,-19.0,-274.0,,-524.0,86.0,-668.0,825.0,-47.0
409.0,73.0,-21.0,-271.0,,-484.0,43.0,-596.0,696.0,56.0
434.0,67.0,-48.0,-192.0,,-375.0,15.0,-600.0,552.0,173.0
515.0,-465.0,-53.0,64.0,,-352.0,-29.0,-497.0,336.0,247.0
521.0,-1494.0,-55.0,349.0,,-532.0,-71.0,-508.0,110.0,267.0
521.0,-1431.0,0.0,530.0,,-394.0,-100.0,-424.0,-163.0,285.0
551.0,-1377.0,53.0,573.0,,-313.0,-69.0,-388.0,-421.0,216.0
501.0,-1439.0,56.0,446.0,,-350.0,-59.0,-271.0,-328.0,138.0
534.0,-1118.0,103.0,226.0,,-249.0,-92.0,-234.0,-258.0,81.0
475.0,-565.0,118.0,-37.0,,-463.0,-116.0,-338.0,-333.0,17.0
423.0,-485.0,109.0,-230.0,,-411.0,-138.0,-334.0,-247.0,-21.0
310.0,-852.0,158.0,-280.0,,-204.0,-105.0,-419.0,-155.0,44.0
123.0,-470.0,176.0,-214.0,,-544.0,48.0,-284.0,41.0,91.0
109.0,-190.0,145.0,-128.0,,-497.0,285.0,-212.0,-70.0,38.0
63.0,263.0,137.0,-141.0,,-292.0,511.0,-175.0,-221.0,92.0
-95.0,255.0,158.0,-122.0,,-281.0,682.0,-92.0,-253.0,182.0
-129.0,38.0,151.0,137.0,,-43.0,827.0,-181.0,-348.0,134.0
-119.0,406.0,98.0,372.0,,-283.0,965.0,-94.0,-229.0,83.0
-149.0,503.0,13.0,486.0,,-239.0,1045.0,-57.0,20.0,96.0
-69.0,293.0,-56.0,630.0,,27.0,1097.0,59.0,157.0,18.0
-191.0,-42.0,-65.0,720.0,,-431.0,1071.0,12.0,-13.0,-71.0
-206.0,635.0,-76.0,764.0,,-443.0,931.0,-203.0,62.0,-71.0
-108.0,561.0,-79.0,661.0,,-521.0,794.0,-295.0,181.0,-104.0
-84.0,-35.0,-104.0,446.0,,-747.0,620.0,-569.0,89.0,-161.0
-86.0,783.0,-137.0,193.0,,-471.0,403.0,-661.0,-50.0,-115.0
-184.0,1003.0,-139.0,85.0,,-534.0,244.0,-820.0,-188.0,-78.0
-101.0,171.0,-166.0,125.0,,20.0,134.0,-1018.0,-201.0,-136.0
-130.0,146.0,-197.0,80.0,,362.0,70.0,-1213.0,-288.0,-94.0
-183.0,-160.0,-244.0,194.0,,-275.0,24.0,-1378.0,-293.0,1.0
-186.0,-539.0,-298.0,470.0,,-308.0,17.0,-1106.0,-386.0,22.0
-187.0,-65.0,-327.0,712.0,,-409.0,95.0,-896.0,-645.0,14.0
-118.0,-340.0,-319.0,908.0,,-273.0,160.0,-495.0,-821.0,93.0
-63.0,85.0,-272.0,977.0,,-45.0,239.0,-133.0,-680.0,180.0
-94.0,449.0,-259.0,799.0,,-250.0,339.0,88.0,-344.0,149.0
-188.0,540.0,-292.0,504.0,,52.0,416.0,334.0,-262.0,166.0
-44.0,765.0,-270.0,384.0,,-352.0,519.0,199.0,-286.0,229.0
-64.0,806.0,-243.0,380.0,,-783.0,606.0,197.0,-319.0,293.0
-255.0,545.0,-246.0,276.0,,-502.0,671.0,77.0,-360.0,295.0
-239.0,79.0,-231.0,78.0,,-655.0,716.0,-99.0,-322.0,226.0
-136.0,886.0,-179.0,45.0,,-468.0,736.0,-275.0,-140.0,229.0
-199.0,98.0,-85.0,98.0,,-560.0,774.0,-576.0,-43.0,229.0
-280.0,-1184.0,-44.0,12.0,,-948.0,751.0,-657.0,-217.0,184.0
-225.0,-1090.0,0.0,-27.0,,-460.0,688.0,-705.0,-181.0,139.0
-192.0,23.0,36.0,98.0,,-536.0,685.0,-428.0,272.0,89.0
-139.0,-16.0,50.0,169.0,,-840.0,718.0,-269.0,594.0,16.0
-234.0,-1067.0,132.0,102.0,,-551.0,730.0,-236.0,519.0,0.0
-257.0,-304.0,126.0,56.0,,-869.0,734.0,-140.0,431.0,36.0
-199.0,148.0,90.0,-21.0,,-887.0,726.0,-195.0,474.0,7.0
-181.0,393.0,61.0,-115.0,,-697.0,712.0,-66.0,541.0,-28.0
-231.0,22.0,-34.0,-50.0,,-868.0,714.0,-127.0,545.0,7.0
-313.0,886.0,-55.0,91.0,,-614.0,709.0,-127.0,575.0,55.0
-205.0,1094.0,-83.0,128.0,,-722.0,723.0,-214.0,441.0,85.0
-167.0,112.0,-113.0,142.0,,-770.0,732.0,-347.0,190.0,120.0
-155.0,904.0,-179.0,288.0,,-500.0,717.0,-358.0,96.0,187.0
-170.0,992.0,-244.0,393.0,,-786.0,703.0,-648.0,31.0,265.0
-188.0,664.0,-231.0,340.0,,-830.0,668.0,-644.0,54.0,315.0
-184.0,-16.0,-296.0,249.0,,-561.0,610.0,-752.0,86.0,370.0
-203.0,394.0,-344.0,186.0,,-582.0,570.0,-816.0,185.0,378.0
-327.0,75.0,-383.0,197.0,,-365.0,545.0,-602.0,369.0,293.0
-417.0,-885.0,-380.0,169.0,,-202.0,540.0,-497.0,450.0,190.0
-334.0,-1060.0,-354.0,81.0,,-223.0,583.0,-315.0,296.0,107.0
-315.0,-726.0,-345.0,83.0,,12.0,632.0,-347.0,149.0,-25.0
-289.0,72.0,-303.0,200.0,,-114.0,687.0,-297.0,80.0,-173.0
-310.0,-549.0,-285.0,295.0,,-163.0,699.0,-306.0,-174.0,-262.0
-294.0,252.0,-226.0,218.0,,-94.0,736.0,-345.0,-358.0,-337.0
-212.0,853.0,-227.0,152.0,,-301.0,817.0,-310.0,-378.0,-373.0
-187.0,634.0,-169.0,154.0,,-299.0,830.0,-417.0,-327.0,-424.0
-219.0,1201.0,-87.0,51.0,,-356.0,815.0,-284.0,-208.0,-482.0
-152.0,1530.0,-55.0,-19.0,,-246.0,765.0,-360.0,38.0,-417.0
-78.0,883.0,18.0,0.0,,-390.0,648.0,-428.0,285.0,-338.0
-62.0,428.0,35.0,-55.0,,-770.0,498.0,-415.0,339.0,-335.0
-45.0,626.0,91.0,-145.0,,-377.0,342.0,-497.0,279.0,-287.0
-95.0,-300.0,133.0,-179.0,,-356.0,212.0,-382.0,268.0,-201.0
-33.0,-629.0,197.0,-124.0,,-619.0,76.0,-439.0,316.0,-179.0
0.0,-1312.0,166.0,-67.0,,-494.0,-56.0,-434.0,467.0,-138.0
4.0,-1311.0,104.0,-99.0,,-555.0,-90.0,-482.0,479.0,-115.0
-18.0,-808.0,133.0,-111.0,,-274.0,-69.0,-491.0,158.0,-140.0
-32.0,-976.0,82.0,-113.0,,-394.0,43.0,-323.0,-95.0,-153.0
-52.0,-363.0,113.0,-125.0,,-949.0,264.0,-271.0,-146.0,-185.0
-83.0,113.0,120.0,-135.0,,-630.0,509.0,-62.0,-63.0,-237.0
-147.0,976.0,84.0,-155.0,,-375.0,743.0,-22.0,-139.0,-338.0
-181.0,1064.0,35.0,-204.0,,-592.0,948.0,-25.0,-339.0,-424.0
-105.0,1146.0,55.0,-285.0,,-655.0,1120.0,-92.0,-311.0,-482.0
-90.0,1195.0,132.0,-338.0,,-651.0,1179.0,-312.0,-30.0,-540.0
0.0,947.0,171.0,-324.0,,-667.0,1231.0,-395.0,153.0,-559.0
-41.0,1058.0,251.0,-417.0,,-688.0,1241.0,-482.0,19.0,-553.0
-109.0,598.0,276.0,-666.0,,-437.0,1151.0,-471.0,73.0,-505.0
-126.0,698.0,331.0,-812.0,,-141.0,1033.0,-670.0,152.0,-448.0
-111.0,442.0,371.0,-848.0,,-356.0,843.0,-770.0,120.0,-357.0
-88.0,11.0,338.0,-754.0,,-494.0,680.0,-681.0,223.0,-269.0
-153.0,-60.0,352.0,-519.0,,-361.0,538.0,-558.0,313.0,-226.0
-249.0,-131.0,398.0,-273.0,,-265.0,420.0,-79.0,342.0,-171.0
-288.0,-282.0,407.0,-37.0,,-39.0,368.0,297.0,341.0,-170.0
-158.0,-671.0,413.0,167.0,,-239.0,342.0,642.0,425.0,-230.0
-213.0,-749.0,461.0,303.0,,-563.0,346.0,716.0,322.0,-351.0
-265.0,-677.0,504.0,428.0,,-346.0,347.0,533.0,45.0,-400.0
-268.0,-932.0,455.0,695.0,,-106.0,328.0,474.0,-101.0,-416.0
-212.0,-1081.0,401.0,937.0,,180.0,282.0,269.0,-34.0,-505.0
-194.0,-393.0,400.0,948.0,,452.0,274.0,70.0,98.0,-503.0
-331.0,-144.0,384.0,735.0,,325.0,283.0,-266.0,14.0,-446.0
-332.0,47.0,404.0,334.0,,93.0,306.0,-502.0,-26.0,-321.0
-315.0,-156.0,404.0,110.0,,132.0,399.0,-506.0,28.0,-172.0
-269.0,-479.0,396.0,38.0,,296.0,520.0,-465.0,45.0,-69.0
-286.0,-340.0,330.0,-154.0,,108.0,609.0,-332.0,81.0,-5.0
-296.0,-1136.0,204.0,-235.0,,-245.0,652.0,-325.0,203.0,-21.0
-225.0,-986.0,166.0,-154.0,,-50.0,659.0,-88.0,149.0,16.0
-84.0,-599.0,122.0,-43.0,,246.0,614.0,134.0,-75.0,101.0
-2.0,-286.0,58.0,-41.0,,147.0,571.0,271.0,-60.0,119.0
-10.0,395.0,-3.0,-64.0,,79.0,543.0,458.0,157.0,90.0
83.0,511.0,-48.0,69.0,,-4.0,483.0,410.0,199.0,53.0
110.0,499.0,-11.0,182.0,,308.0,394.0,471.0,-24.0,-1.0
112.0,334.0,-20.0,261.0,,693.0,305.0,303.0,-126.0,-2.0
28.0,1091.0,-61.0,352.0,,400.0,249.0,88.0,-170.0,0.0
-51.0,962.0,-53.0,226.0,,294.0,199.0,-1.0,-185.0,-34.0
6.0,336.0,-31.0,45.0,,100.0,134.0,-229.0,-335.0,-94.0
-5.0,302.0,-6.0,69.0,,-336.0,82.0,-260.0,-544.0,-146.0
-100.0,54.0,0.0,62.0,,-50.0,91.0,-149.0,-577.0,-147.0
-231.0,-313.0,14.0,100.0,,492.0,157.0,214.0,-677.0,-250.0
-284.0,-1560.0,110.0,273.0,,546.0,226.0,476.0,-595.0,-321.0
-317.0,-1438.0,140.0,269.0,,221.0,263.0,687.0,-446.0,-368.0
-415.0,-1110.0,99.0,126.0,,11.0,311.0,851.0,-470.0,-466.0
-570.0,-1315.0,184.0,-27.0,,6.0,353.0,776.0,-464.0,-526.0
-703.0,-1142.0,212.0,-166.0,,282.0,378.0,801.0,-86.0,-631.0
-642.0,-718.0,216.0,-257.0,,692.0,388.0,567.0,213.0,-696.0
-581.0,-273.0,234.0,-254.0,,828.0,335.0,410.0,36.0,-770.0
-590.0,-355.0,196.0,-140.0,,857.0,269.0,190.0,43.0,-887.0
-695.0,642.0,259.0,-79.0,,429.0,191.0,31.0,165.0,-969.0
-624.0,305.0,213.0,-174.0,,-91.0,160.0,230.0,204.0,-1007.0
-367.0,-96.0,147.0,-197.0,,77.0,207.0,181.0,269.0,-1051.0
-345.0,870.0,196.0,-193.0,,440.0,205.0,155.0,301.0,-1102.0
-410.0,1067.0,174.0,-307.0,,538.0,201.0,-118.0,366.0,-1070.0
-453.0,1048.0,158.0,-176.0,,584.0,232.0,-334.0,389.0,-1059.0
-258.0,490.0,127.0,78.0,,417.0,263.0,-288.0,409.0,-1047.0
-140.0,653.0,159.0,195.0,,-37.0,319.0,-275.0,488.0,-959.0
-213.0,776.0,170.0,186.0,,-265.0,395.0,-60.0,301.0,-886.0
-210.0,367.0,156.0,115.0,,-355.0,475.0,22.0,1.0,-873.0
-166.0,786.0,153.0,16.0,,170.0,502.0,169.0,-2.0,-873.0
-58.0,945.0,133.0,-179.0,,568.0,448.0,232.0,333.0,-804.0
-97.0,690.0,164.0,-247.0,,2.0,318.0,253.0,539.0,-714.0
-113.0,124.0,122.0,-252.0,,-187.0,107.0,338.0,155.0,-667.0
-113.0,57.0,149.0,-290.0,,-187.0,-71.0,219.0,61.0,-550.0
-20.0,320.0,162.0,-339.0,,-369.0,-206.0,208.0,59.0,-364.0
24.0,-353.0,178.0,-477.0,,-258.0,-346.0,147.0,-50.0,-216.0
-30.0,-845.0,145.0,-578.0,,-173.0,-447.0,238.0,369.0,-66.0
-4.0,-652.0,86.0,-619.0,,-216.0,-550.0,308.0,409.0,66.0
-60.0,-398.0,110.0,-592.0,,4.0,-578.0,269.0,132.0,160.0
31.0,-1072.0,76.0,-477.0,,10.0,-490.0,465.0,-1.0,195.0
-50.0,-1043.0,127.0,-449.0,,-127.0,-394.0,635.0,29.0,164.0
-135.0,-183.0,146.0,-466.0,,-42.0,-291.0,975.0,199.0,137.0
-60.0,-397.0,169.0,-318.0,,-281.0,-218.0,1086.0,37.0,44.0
-10.0,-337.0,185.0,-160.0,,-22.0,-130.0,986.0,-357.0,-41.0
29.0,-35.0,127.0,-3.0,,386.0,-29.0,958.0,-436.0,13.0
-55.0,521.0,93.0,117.0,,-99.0,35.0,859.0,-235.0,49.0
18.0,750.0,91.0,166.0,,-296.0,141.0,981.0,-188.0,-13.0
42.0,941.0,107.0,176.0,,-65.0,224.0,970.0,-168.0,-54.0
53.0,1537.0,58.0,-75.0,,107.0,288.0,925.0,-207.0,-7.0
-25.0,1498.0,-1.0,-296.0,,471.0,363.0,800.0,-221.0,33.0
-62.0,1003.0,-13.0,-383.0,,542.0,377.0,607.0,-147.0,39.0
-52.0,816.0,-62.0,-429.0,,495.0,367.0,480.0,141.0,163.0
-163.0,1049.0,-121.0,-391.0,,630.0,329.0,177.0,418.0,310.0
-76.0,-2.0,-116.0,-465.0,,482.0,241.0,109.0,146.0,336.0
-56.0,-732.0,-115.0,-408.0,,444.0,96.0,0.0,-47.0,350.0
-64.0,-818.0,-131.0,-148.0,,617.0,-112.0,133.0,222.0,358.0
-169.0,-992.0,-152.0,79.0,,607.0,-295.0,524.0,391.0,323.0
-85.0,-1701.0,-92.0,197.0,,416.0,-479.0,729.0,238.0,209.0
-22.0,-2784.0,-58.0,141.0,,454.0,-710.0,1069.0,49.0,74.0
-122.0,-2003.0,-83.0,34.0,,715.0,-846.0,1199.0,-157.0,73.0
-78.0,-1544.0,-103.0,87.0,,559.0,-916.0,1295.0,-217.0,64.0
-66.0,-1628.0,-82.0,170.0,,267.0,-965.0,1313.0,-200.0,32.0
-33.0,-1261.0,-37.0,108.0,,149.0,-921.0,1165.0,-109.0,141.0
-184.0,-561.0,-114.0,29.0,,406.0,-811.0,1010.0,-79.0,211.0
-177.0,-218.0,-137.0,-55.0,,949.0,-651.0,698.0,-289.0,206.0
-145.0,386.0,-119.0,-108.0,,763.0,-504.0,558.0,-126.0,285.0
-142.0,1101.0,-115.0,-148.0,,457.0,-367.0,399.0,131.0,326.0
-121.0,-344.0,-122.0,-122.0,,846.0,-230.0,345.0,-73.0,285.0
-175.0,-344.0,-167.0,-12.0,,828.0,-143.0,406.0,-374.0,224.0
-117.0,450.0,-184.0,4.0,,651.0,-83.0,528.0,-291.0,133.0
-27.0,502.0,-161.0,-31.0,,728.0,-14.0,883.0,-50.0,33.0
63.0,683.0,-82.0,-39.0,,669.0,-5.0,1145.0,81.0,-71.0
34.0,850.0,-90.0,43.0,,939.0,-58.0,1485.0,-21.0,-139.0
90.0,1493.0,-52.0,42.0,,620.0,-70.0,1513.0,-249.0,-175.0
120.0,1168.0,-22.0,-31.0,,457.0,-148.0,1396.0,-222.0,-171.0
176.0,1282.0,-53.0,-45.0,,1228.0,-295.0,1345.0,16.0,-96.0
124.0,1182.0,15.0,-98.0,,806.0,-435.0,1082.0,250.0,-29.0
77.0,1128.0,81.0,-191.0,,427.0,-540.0,1040.0,155.0,-9.0
197.0,1292.0,140.0,-253.0,,742.0,-564.0,912.0,-219.0,26.0
176.0,701.0,140.0,-241.0,,490.0,-582.0,894.0,-462.0,57.0
153.0,988.0,183.0,-254.0,,1070.0,-590.0,986.0,-281.0,11.0
119.0,307.0,224.0,-396.0,,1247.0,-548.0,964.0,-31.0,-38.0
153.0,-64.0,238.0,-577.0,,663.0,-447.0,981.0,-66.0,-87.0
99.0,931.0,247.0,-650.0,,1030.0,-341.0,792.0,-298.0,-200.0
51.0,690.0,190.0,-668.0,,680.0,-305.0,689.0,-304.0,-235.0
14.0,210.0,194.0,-540.0,,532.0,-302.0,541.0,-1.0,-189.0
-23.0,585.0,184.0,-357.0,,1025.0,-263.0,546.0,184.0,-225.0
-67.0,335.0,199.0,-222.0,,661.0,-231.0,711.0,252.0,-285.0
-191.0,-287.0,196.0,-47.0,,1035.0,-239.0,654.0,89.0,-280.0
-250.0,-434.0,192.0,112.0,,1164.0,-312.0,618.0,42.0,-269.0
-317.0,-684.0,213.0,157.0,,565.0,-453.0,395.0,181.0,-313.0
-395.0,-1257.0,180.0,-44.0,,642.0,-523.0,345.0,430.0,-399.0
-539.0,-1796.0,192.0,-119.0,,427.0,-617.0,424.0,707.0,-432.0
-525.0,-1127.0,210.0,-83.0,,861.0,-737.0,521.0,485.0,-475.0
-477.0,-935.0,204.0,-263.0,,1579.0,-771.0,853.0,289.0,-570.0
-509.0,-1069.0,148.0,-463.0,,815.0,-804.0,1082.0,361.0,-575.0
-531.0,-422.0,181.0,-568.0,,667.0,-850.0,1420.0,507.0,-594.0
-497.0,-272.0,266.0,-540.0,,992.0,-858.0,1509.0,533.0,-678.0
-403.0,88.0,247.0,-514.0,,834.0,-820.0,1478.0,451.0,-702.0
-395.0,-604.0,247.0,-425.0,,1119.0,-791.0,1435.0,517.0,-654.0
-411.0,-545.0,228.0,-215.0,,694.0,-730.0,1141.0,473.0,-592.0
-425.0,355.0,231.0,-76.0,,500.0,-670.0,964.0,442.0,-553.0
-423.0,-22.0,199.0,95.0,,892.0,-637.0,613.0,303.0,-464.0
-445.0,494.0,144.0,83.0,,527.0,-603.0,384.0,-102.0,-317.0
-399.0,1091.0,106.0,-207.0,,514.0,-589.0,234.0,-208.0,-179.0
-367.0,1433.0,36.0,-350.0,,400.0,-560.0,171.0,-63.0,-58.0
-336.0,1664.0,-11.0,-356.0,,398.0,-524.0,267.0,35.0,61.0
-284.0,1699.0,-135.0,-380.0,,1239.0,-478.0,192.0,19.0,149.0
-306.0,1642.0,-154.0,-390.0,,1244.0,-467.0,317.0,-209.0,168.0
-314.0,1380.0,-163.0,-286.0,,1018.0,-506.0,367.0,-165.0,112.0
-311.0,1131.0,-225.0,-170.0,,1020.0,-546.0,633.0,143.0,104.0
-287.0,446.0,-247.0,-254.0,,545.0,-598.0,1018.0,144.0,58.0
-282.0,88.0,-220.0,-357.0,,835.0,-677.0,1215.0,-85.0,-150.0
-268.0,265.0,-130.0,-261.0,,1058.0,-758.0,1468.0,-396.0,-308.0
-246.0,-209.0,-116.0,-71.0,,842.0,-824.0,1391.0,-650.0,-456.0
-236.0,-965.0,-35.0,72.0,,1288.0,-851.0,1341.0,-585.0,-651.0
-269.0,-381.0,8.0,224.0,,1192.0,-835.0,1149.0,-333.0,-737.0
-317.0,-397.0,71.0,399.0,,864.0,-853.0,929.0,-156.0,-728.0
-285.0,-346.0,99.0,372.0,,685.0,-885.0,868.0,-269.0,-706.0
-282.0,337.0,62.0,122.0,,600.0,-910.0,761.0,-526.0,-700.0
-371.0,-433.0,179.0,79.0,,1385.0,-919.0,785.0,-184.0,-585.0
-373.0,-967.0,184.0,195.0,,1521.0,-883.0,489.0,361.0,-448.0
-250.0,-1436.0,111.0,129.0,,994.0,-855.0,323.0,278.0,-408.0
-156.0,-1433.0,89.0,19.0,,930.0,-824.0,291.0,-2.0,-295.0
-166.0,-1342.0,60.0,-43.0,,750.0,-744.0,303.0,-234.0,-134.0
-136.0,-1444.0,35.0,-167.0,,709.0,-671.0,436.0,-215.0,-99.0
-44.0,-428.0,1.0,-159.0,,701.0,-657.0,306.0,189.0,-115.0
-23.0,45.0,-72.0,-4.0,,801.0,-674.0,351.0,405.0,-89.0
-28.0,433.0,-152.0,-2.0,,1152.0,-635.0,354.0,213.0,-86.0
2.0,604.0,-170.0,-88.0,,764.0,-566.0,458.0,-125.0,-89.0
78.0,625.0,-220.0,-142.0,,537.0,-549.0,582.0,-212.0,41.0
125.0,1307.0,-258.0,-159.0,,632.0,-554.0,460.0,8.0,275.0
168.0,971.0,-227.0,-145.0,,287.0,-576.0,382.0,141.0,452.0
192.0,566.0,-241.0,-132.0,,592.0,-629.0,110.0,21.0,557.0
208.0,288.0,-246.0,-108.0,,888.0,-643.0,-53.0,-57.0,677.0
200.0,-189.0,-187.0,-89.0,,854.0,-595.0,-256.0,31.0,772.0
185.0,-154.0,-154.0,-172.0,,847.0,-566.0,-415.0,190.0,770.0
205.0,-853.0,-91.0,-379.0,,109.0,-542.0,-389.0,242.0,749.0
183.0,-1066.0,-4.0,-563.0,,17.0,-534.0,-402.0,120.0,716.0
159.0,-718.0,47.0,-580.0,,384.0,-562.0,-136.0,10.0,667.0
95.0,-716.0,125.0,-522.0,,217.0,-540.0,5.0,-44.0,625.0
75.0,-807.0,163.0,-454.0,,667.0,-462.0,109.0,134.0,572.0
63.0,-953.0,127.0,-327.0,,671.0,-410.0,208.0,201.0,522.0
-9.0,-520.0,97.0,-235.0,,248.0,-428.0,214.0,-141.0,441.0
-59.0,-948.0,66.0,-124.0,,231.0,-445.0,330.0,-325.0,387.0
-25.0,-1031.0,5.0,10.0,,-446.0,-437.0,277.0,-225.0,362.0
29.0,-417.0,-49.0,42.0,,-32.0,-381.0,367.0,95.0,330.0
26.0,-225.0,-55.0,55.0,,1051.0,-286.0,367.0,396.0,337.0
20.0,256.0,-27.0,123.0,,590.0,-242.0,336.0,330.0,405.0
13.0,290.0,-36.0,154.0,,258.0,-230.0,367.0,203.0,521.0
1.0,592.0,-61.0,160.0,,-118.0,-230.0,182.0,221.0,594.0
-72.0,456.0,-58.0,92.0,,-458.0,-253.0,157.0,407.0,657.0
-80.0,241.0,-38.0,-108.0,,333.0,-293.0,-48.0,625.0,782.0
-40.0,855.0,-15.0,-226.0,,535.0,-326.0,-182.0,468.0,873.0
-8.0,715.0,15.0,-216.0,,492.0,-358.0,-304.0,302.0,842.0
43.0,230.0,42.0,-182.0,,402.0,-336.0,-545.0,428.0,815.0
52.0,-44.0,58.0,-273.0,,-411.0,-244.0,-563.0,616.0,782.0
100.0,171.0,76.0,-413.0,,-107.0,-165.0,-585.0,595.0,632.0
104.0,242.0,67.0,-489.0,,417.0,-89.0,-201.0,233.0,497.0
70.0,-266.0,71.0,-614.0,,124.0,-57.0,240.0,66.0,394.0
46.0,-213.0,62.0,-710.0,,152.0,-20.0,676.0,94.0,253.0
48.0,446.0,47.0,-819.0,,-206.0,25.0,966.0,123.0,126.0
45.0,839.0,42.0,-833.0,,-352.0,-8.0,652.0,75.0,143.0
0.0,432.0,46.0,-633.0,,-296.0,-24.0,168.0,-227.0,164.0
-17.0,382.0,24.0,-423.0,,-851.0,-63.0,-613.0,-309.0,56.0
3.0,515.0,-51.0,-193.0,,-438.0,-145.0,-1117.0,-77.0,27.0
0.0,-345.0,-48.0,-130.0,,131.0,-195.0,-1372.0,140.0,37.0
-27.0,-376.0,-63.0,-271.0,,33.0,-235.0,-1585.0,214.0,-64.0
28.0,-580.0,-79.0,-323.0,,43.0,-258.0,-1529.0,-50.0,-156.0
64.0,-1334.0,-134.0,-343.0,,-513.0,-348.0,-1528.0,-422.0,-123.0
80.0,-845.0,-183.0,-396.0,,-673.0,-518.0,-1202.0,-280.0,-142.0
91.0,-555.0,-167.0,-425.0,,-250.0,-604.0,-877.0,51.0,-212.0
119.0,-637.0,-176.0,-394.0,,-151.0,-563.0,-545.0,47.0,-178.0
142.0,-233.0,-141.0,-338.0,,423.0,-495.0,-190.0,-150.0,-148.0
92.0,415.0,-188.0,-138.0,,265.0,-455.0,-53.0,-275.0,-154.0
74.0,450.0,-191.0,166.0,,-845.0,-409.0,120.0,-204.0,-109.0
80.0,906.0,-192.0,327.0,,-1223.0,-368.0,59.0,-93.0,15.0
109.0,733.0,-225.0,357.0,,-1208.0,-331.0,138.0,-30.0,98.0
67.0,209.0,-202.0,258.0,,-604.0,-241.0,97.0,-135.0,104.0
19.0,518.0,-225.0,125.0,,-163.0,-79.0,-151.0,-281.0,187.0
61.0,-466.0,-241.0,20.0,,-440.0,71.0,-463.0,-381.0,311.0
120.0,-1311.0,-255.0,-26.0,,-139.0,133.0,-1014.0,-397.0,336.0
162.0,-1555.0,-247.0,-24.0,,-648.0,147.0,-1184.0,-329.0,347.0
221.0,-955.0,-243.0,-48.0,,-1395.0,143.0,-1152.0,-531.0,382.0
302.0,-718.0,-206.0,-65.0,,-607.0,138.0,-912.0,-741.0,359.0
349.0,-754.0,-224.0,-185.0,,-60.0,122.0,-681.0,-613.0,269.0
366.0,173.0,-267.0,-381.0,,146.0,70.0,-635.0,-423.0,237.0
347.0,557.0,-191.0,-490.0,,0.0,-27.0,-450.0,-387.0,269.0
366.0,784.0,-178.0,-515.0,,-820.0,-171.0,-471.0,-334.0,187.0
388.0,659.0,-224.0,-438.0,,-713.0,-285.0,-469.0,-190.0,116.0
383.0,475.0,-206.0,-304.0,,-380.0,-317.0,-578.0,57.0,155.0
361.0,-570.0,-171.0,-276.0,,-400.0,-325.0,-676.0,263.0,196.0
333.0,-996.0,-136.0,-252.0,,-98.0,-300.0,-685.0,290.0,134.0
320.0,-592.0,-136.0,-129.0,,-538.0,-192.0,-774.0,302.0,48.0
294.0,-1281.0,-126.0,16.0,,-843.0,-96.0,-622.0,185.0,100.0
286.0,-1591.0,-112.0,101.0,,-281.0,-13.0,-572.0,303.0,136.0
275.0,-1719.0,-210.0,236.0,,-503.0,93.0,-500.0,486.0,144.0
247.0,-1135.0,-234.0,439.0,,-540.0,168.0,-694.0,245.0,234.0
192.0,-461.0,-218.0,429.0,,-262.0,164.0,-942.0,-69.0,375.0
143.0,-776.0,-283.0,394.0,,-452.0,91.0,-872.0,-230.0,437.0
128.0,-624.0,-335.0,547.0,,-85.0,14.0,-977.0,-69.0,496.0
71.0,-103.0,-401.0,760.0,,-402.0,-94.0,-833.0,93.0,646.0
-13.0,211.0,-436.0,797.0,,-843.0,-224.0,-731.0,40.0,649.0
-61.0,751.0,-441.0,750.0,,-417.0,-331.0,-642.0,-151.0,550.0
-111.0,788.0,-407.0,730.0,,-724.0,-425.0,-598.0,-260.0,486.0
-163.0,224.0,-453.0,530.0,,-765.0,-520.0,-753.0,-215.0,450.0
-211.0,388.0,-450.0,383.0,,-519.0,-557.0,-661.0,-180.0,337.0
-241.0,722.0,-414.0,197.0,,-355.0,-453.0,-692.0,49.0,171.0
-268.0,601.0,-411.0,-17.0,,162.0,-279.0,-497.0,-43.0,107.0
-277.0,575.0,-362.0,-121.0,,-250.0,-183.0,-264.0,-282.0,7.0
-247.0,594.0,-401.0,-235.0,,-928.0,-140.0,-136.0,-115.0,-216.0
-218.0,359.0,-346.0,-211.0,,-995.0,-63.0,14.0,153.0,-401.0
-164.0,466.0,-324.0,-141.0,,-830.0,20.0,-103.0,291.0,-530.0
-125.0,580.0,-297.0,35.0,,-565.0,89.0,-144.0,66.0,-742.0
-79.0,140.0,-230.0,240.0,,-514.0,95.0,-325.0,-47.0,-914.0
-97.0,411.0,-160.0,226.0,,-567.0,43.0,-408.0,124.0,-953.0
-110.0,449.0,-84.0,184.0,,-498.0,-5.0,-583.0,286.0,-948.0
-81.0,-197.0,-84.0,186.0,,-359.0,-21.0,-927.0,392.0,-975.0
-70.0,74.0,-24.0,105.0,,-469.0,8.0,-986.0,179.0,-990.0
-56.0,464.0,-33.0,-51.0,,-604.0,74.0,-1178.0,-147.0,-930.0
-64.0,79.0,-13.0,-149.0,,-485.0,177.0,-1143.0,-256.0,-867.0
-36.0,-486.0,48.0,-156.0,,-285.0,277.0,-1075.0,-221.0,-819.0
-27.0,-376.0,96.0,-207.0,,50.0,310.0,-1029.0,-206.0,-767.0
-32.0,-677.0,157.0,-452.0,,-35.0,282.0,-868.0,-437.0,-679.0
-39.0,-932.0,160.0,-554.0,,-453.0,219.0,-901.0,-661.0,-615.0
-6.0,-483.0,149.0,-394.0,,-724.0,188.0,-742.0,-381.0,-555.0
6.0,-753.0,132.0,-221.0,,-669.0,186.0,-641.0,-5.0,-487.0
1.0,-1093.0,130.0,34.0,,-419.0,82.0,-574.0,98.0,-496.0
45.0,-1212.0,102.0,242.0,,-658.0,-55.0,-615.0,103.0,-557.0
80.0,-780.0,98.0,272.0,,-702.0,-123.0,-733.0,128.0,-601.0
146.0,-608.0,102.0,253.0,,-402.0,-169.0,-606.0,216.0,-613.0
198.0,-673.0,74.0,259.0,,-344.0,-166.0,-471.0,315.0,-686.0
251.0,-17.0,66.0,239.0,,-709.0,-122.0,-158.0,382.0,-719.0
256.0,658.0,48.0,130.0,,-877.0,-73.0,-131.0,130.0,-680.0
218.0,832.0,16.0,11.0,,-291.0,-8.0,-334.0,-50.0,-644.0
189.0,274.0,8.0,-55.0,,-239.0,42.0,-509.0,311.0,-580.0
153.0,197.0,-11.0,-235.0,,-454.0,91.0,-764.0,662.0,-488.0
112.0,328.0,-30.0,-363.0,,-281.0,135.0,-792.0,501.0,-347.0
90.0,291.0,-36.0,-273.0,,-187.0,171.0,-855.0,142.0,-228.0
95.0,393.0,-31.0,-247.0,,-189.0,255.0,-764.0,44.0,-119.0
120.0,623.0,-39.0,-215.0,,-463.0,313.0,-742.0,187.0,7.0
129.0,571.0,-92.0,-83.0,,-608.0,296.0,-742.0,440.0,120.0
85.0,398.0,-107.0,-33.0,,-250.0,226.0,-463.0,455.0,259.0
86.0,647.0,-153.0,-17.0,,-223.0,111.0,-315.0,299.0,341.0
117.0,580.0,-182.0,50.0,,-183.0,48.0,-12.0,252.0,323.0
171.0,624.0,-167.0,28.0,,202.0,71.0,151.0,417.0,306.0
167.0,22.0,-186.0,-9.0,,-237.0,113.0,271.0,759.0,290.0
149.0,-181.0,-192.0,55.0,,-567.0,131.0,424.0,709.0,214.0
205.0,912.0,-257.0,71.0,,-315.0,161.0,362.0,402.0,67.0
226.0,724.0,-271.0,63.0,,-223.0,212.0,267.0,218.0,-85.0
229.0,-243.0,-217.0,208.0,,-18.0,249.0,-201.0,71.0,-198.0
217.0,-396.0,-185.0,477.0,,-219.0,249.0,-561.0,181.0,-295.0
203.0,-594.0,-153.0,625.0,,-734.0,255.0,-805.0,154.0,-329.0
164.0,-1185.0,-185.0,608.0,,-744.0,299.0,-944.0,-153.0,-315.0
123.0,-860.0,-203.0,494.0,,-797.0,311.0,-763.0,-121.0,-311.0
101.0,-439.0,-168.0,306.0,,-826.0,294.0,-561.0,13.0,-224.0
54.0,-674.0,-205.0,273.0,,-277.0,325.0,-105.0,69.0,-108.0
27.0,-933.0,-224.0,349.0,,15.0,404.0,59.0,130.0,-40.0
28.0,-832.0,-183.0,383.0,,-183.0,489.0,77.0,81.0,43.0
37.0,-399.0,-224.0,407.0,,-759.0,561.0,123.0,-37.0,88.0
68.0,-617.0,-219.0,401.0,,-1170.0,590.0,36.0,44.0,64.0
96.0,-185.0,-244.0,468.0,,-778.0,561.0,105.0,322.0,-22.0
51.0,533.0,-280.0,515.0,,-191.0,486.0,11.0,322.0,-65.0
22.0,395.0,-276.0,618.0,,-35.0,384.0,9.0,302.0,-148.0
-5.0,703.0,-354.0,841.0,,-149.0,258.0,-49.0,432.0,-329.0
-42.0,602.0,-359.0,854.0,,-498.0,158.0,-182.0,538.0,-426.0
-63.0,89.0,-357.0,730.0,,-1016.0,161.0,-301.0,534.0,-487.0
-135.0,457.0,-394.0,643.0,,-1020.0,190.0,-478.0,382.0,-529.0
-179.0,815.0,-413.0,600.0,,-773.0,204.0,-386.0,229.0,-554.0
-160.0,306.0,-406.0,502.0,,-486.0,206.0,-430.0,6.0,-513.0
-97.0,-436.0,-379.0,314.0,,-417.0,236.0,-343.0,15.0,-492.0
-69.0,-719.0,-304.0,134.0,,-558.0,317.0,-247.0,171.0,-486.0
-62.0,-612.0,-228.0,-65.0,,-581.0,406.0,-177.0,52.0,-380.0
-44.0,-620.0,-177.0,-245.0,,-653.0,504.0,190.0,-143.0,-367.0
-53.0,-500.0,-88.0,-325.0,,-709.0,582.0,360.0,-258.0,-365.0
-66.0,-242.0,-77.0,-314.0,,-719.0,601.0,517.0,-118.0,-295.0
-74.0,61.0,-23.0,-304.0,,-295.0,615.0,391.0,207.0,-212.0
-53.0,269.0,29.0,-299.0,,-47.0,637.0,164.0,263.0,-193.0
-58.0,245.0,92.0,-235.0,,-322.0,607.0,51.0,221.0,-234.0
-63.0,275.0,170.0,-89.0,,-566.0,607.0,-51.0,439.0,-236.0
-54.0,103.0,153.0,19.0,,-813.0,598.0,197.0,626.0,-268.0
-42.0,369.0,159.0,48.0,,-661.0,529.0,286.0,714.0,-314.0
-19.0,556.0,115.0,174.0,,-83.0,478.0,349.0,723.0,-339.0
9.0,783.0,72.0,266.0,,140.0,423.0,303.0,451.0,-287.0
87.0,913.0,11.0,422.0,,-41.0,384.0,223.0,223.0,-213.0
174.0,472.0,-72.0,638.0,,-455.0,328.0,380.0,379.0,-147.0
242.0,394.0,-105.0,731.0,,-817.0,250.0,450.0,498.0,-35.0
256.0,377.0,-147.0,851.0,,-356.0,201.0,727.0,319.0,26.0
244.0,466.0,-151.0,790.0,,195.0,225.0,846.0,95.0,20.0
227.0,-25.0,-116.0,574.0,,123.0,349.0,951.0,30.0,35.0
221.0,12.0,-71.0,442.0,,240.0,451.0,999.0,201.0,56.0
218.0,-13.0,0.0,321.0,,327.0,515.0,702.0,357.0,21.0
170.0,-751.0,70.0,70.0,,-14.0,596.0,450.0,380.0,6.0
129.0,-1182.0,135.0,-217.0,,-325.0,662.0,229.0,366.0,16.0
122.0,-1800.0,239.0,-377.0,,-396.0,688.0,351.0,346.0,-3.0
163.0,-1576.0,256.0,-480.0,,-19.0,640.0,384.0,458.0,-59.0
202.0,-1395.0,273.0,-642.0,,304.0,550.0,406.0,701.0,-89.0
216.0,-671.0,298.0,-711.0,,93.0,503.0,618.0,700.0,-118.0
251.0,135.0,287.0,-584.0,,-47.0,470.0,604.0,408.0,-213.0
282.0,465.0,345.0,-506.0,,-124.0,435.0,689.0,252.0,-265.0
285.0,874.0,392.0,-418.0,,-221.0,426.0,583.0,258.0,-269.0
253.0,761.0,479.0,-213.0,,20.0,448.0,548.0,268.0,-284.0
231.0,1324.0,470.0,-34.0,,8.0,497.0,596.0,157.0,-285.0
278.0,1470.0,474.0,62.0,,-298.0,588.0,487.0,-49.0,-240.0
341.0,1274.0,514.0,280.0,,-190.0,676.0,474.0,-164.0,-226.0
380.0,746.0,469.0,567.0,,-108.0,699.0,360.0,-212.0,-296.0
390.0,89.0,524.0,715.0,,-239.0,672.0,467.0,-138.0,-344.0
406.0,-334.0,511.0,719.0,,-393.0,609.0,585.0,-20.0,-363.0
441.0,-916.0,482.0,621.0,,-513.0,528.0,720.0,-45.0,-435.0
387.0,-766.0,469.0,411.0,,-70.0,417.0,875.0,-23.0,-492.0
331.0,-877.0,492.0,121.0,,517.0,330.0,905.0,70.0,-480.0
337.0,-657.0,512.0,51.0,,577.0,287.0,1040.0,193.0,-483.0
362.0,-543.0,446.0,76.0,,219.0,290.0,875.0,304.0,-579.0
337.0,-739.0,424.0,62.0,,-160.0,317.0,803.0,228.0,-650.0
262.0,-500.0,384.0,34.0,,-18.0,294.0,711.0,168.0,-623.0
279.0,-772.0,375.0,-34.0,,345.0,316.0,567.0,243.0,-660.0
278.0,-665.0,315.0,52.0,,216.0,419.0,570.0,264.0,-712.0
226.0,-332.0,270.0,244.0,,202.0,575.0,378.0,125.0,-668.0
161.0,-537.0,275.0,443.0,,494.0,710.0,476.0,-4.0,-584.0
127.0,-1004.0,253.0,663.0,,331.0,688.0,471.0,-123.0,-535.0
111.0,-965.0,273.0,806.0,,166.0,547.0,432.0,-125.0,-436.0
25.0,-336.0,229.0,766.0,,55.0,394.0,593.0,138.0,-227.0
-37.0,235.0,212.0,682.0,,227.0,282.0,705.0,49.0,-67.0
-51.0,570.0,163.0,671.0,,803.0,238.0,984.0,-373.0,4.0
-75.0,542.0,58.0,593.0,,631.0,201.0,1012.0,-510.0,88.0
-169.0,743.0,57.0,476.0,,391.0,144.0,938.0,-283.0,151.0
-218.0,806.0,110.0,486.0,,436.0,114.0,859.0,62.0,107.0
-216.0,602.0,133.0,564.0,,-193.0,99.0,910.0,159.0,72.0
-230.0,701.0,130.0,622.0,,-224.0,145.0,1086.0,86.0,69.0
-296.0,651.0,148.0,656.0,,523.0,239.0,1019.0,60.0,-24.0
-316.0,518.0,161.0,728.0,,442.0,272.0,997.0,274.0,-194.0
-210.0,536.0,172.0,847.0,,628.0,333.0,777.0,568.0,-341.0
-134.0,658.0,170.0,826.0,,629.0,440.0,539.0,485.0,-451.0
-32.0,608.0,163.0,785.0,,-153.0,513.0,291.0,204.0,-568.0
53.0,374.0,162.0,711.0,,113.0,608.0,-5.0,-123.0,-624.0
144.0,527.0,149.0,542.0,,74.0,677.0,-134.0,-200.0,-601.0
205.0,576.0,115.0,451.0,,-39.0,633.0,-328.0,-51.0,-565.0
201.0,302.0,145.0,464.0,,1007.0,507.0,-256.0,-161.0,-537.0
209.0,270.0,180.0,511.0,,912.0,381.0,-216.0,-474.0,-437.0
215.0,188.0,180.0,508.0,,238.0,302.0,1.0,-726.0,-299.0
250.0,159.0,231.0,557.0,,411.0,250.0,426.0,-665.0,-204.0
211.0,353.0,284.0,561.0,,16.0,235.0,620.0,-597.0,-146.0
231.0,118.0,333.0,456.0,,-152.0,194.0,999.0,-664.0,-115.0
286.0,-166.0,386.0,376.0,,673.0,191.0,1164.0,-673.0,-53.0
278.0,-35.0,427.0,344.0,,805.0,306.0,1171.0,-560.0,-26.0
176.0,-132.0,449.0,287.0,,938.0,402.0,1016.0,-150.0,-40.0
69.0,-45.0,507.0,119.0,,876.0,453.0,696.0,199.0,1.0
79.0,193.0,582.0,-81.0,,-146.0,458.0,513.0,106.0,46.0
58.0,85.0,605.0,-202.0,,135.0,381.0,339.0,-49.0,50.0
30.0,-64.0,587.0,-281.0,,705.0,257.0,491.0,-21.0,47.0
8.0,-66.0,610.0,-246.0,,614.0,144.0,535.0,63.0,27.0
32.0,8.0,590.0,12.0,,1193.0,83.0,580.0,168.0,8.0
20.0,-112.0,528.0,224.0,,1016.0,46.0,639.0,57.0,40.0
-32.0,176.0,484.0,327.0,,321.0,54.0,406.0,-164.0,60.0
-69.0,168.0,404.0,282.0,,509.0,76.0,282.0,-251.0,73.0
-53.0,138.0,367.0,38.0,,378.0,76.0,166.0,-183.0,109.0
5.0,150.0,365.0,-211.0,,538.0,98.0,267.0,-68.0,131.0
32.0,-341.0,376.0,-439.0,,1337.0,169.0,343.0,-256.0,144.0
66.0,-475.0,313.0,-479.0,,982.0,260.0,358.0,-618.0,159.0
117.0,-891.0,268.0,-329.0,,874.0,328.0,498.0,-731.0,123.0
201.0,-739.0,237.0,-218.0,,1020.0,399.0,497.0,-636.0,89.0
224.0,-685.0,215.0,-183.0,,271.0,417.0,582.0,-564.0,164.0
289.0,-775.0,288.0,-252.0,,310.0,407.0,432.0,-497.0,240.0
336.0,-322.0,284.0,-354.0,,628.0,396.0,356.0,-610.0,269.0
335.0,-180.0,300.0,-384.0,,609.0,342.0,395.0,-580.0,283.0
320.0,407.0,355.0,-319.0,,990.0,310.0,352.0,-240.0,336.0
271.0,722.0,340.0,-302.0,,774.0,273.0,493.0,-40.0,411.0
261.0,703.0,326.0,-449.0,,143.0,218.0,432.0,89.0,420.0
211.0,967.0,384.0,-474.0,,377.0,190.0,447.0,-30.0,416.0
183.0,1051.0,394.0,-385.0,,279.0,189.0,295.0,-159.0,396.0
168.0,678.0,352.0,-398.0,,18.0,235.0,66.0,32.0,345.0
192.0,564.0,338.0,-285.0,,690.0,283.0,-147.0,134.0,294.0
200.0,318.0,308.0,-114.0,,619.0,275.0,-450.0,35.0,223.0
168.0,-315.0,330.0,3.0,,89.0,294.0,-295.0,-137.0,153.0
171.0,-96.0,279.0,220.0,,102.0,350.0,-256.0,-336.0,85.0
170.0,234.0,211.0,455.0,,-104.0,344.0,-164.0,-349.0,59.0
129.0,141.0,202.0,653.0,,290.0,239.0,-75.0,-138.0,71.0
27.0,227.0,208.0,702.0,,834.0,110.0,-171.0,-163.0,69.0
-1.0,270.0,257.0,584.0,,587.0,54.0,-66.0,-494.0,78.0
33.0,67.0,268.0,449.0,,882.0,-14.0,-103.0,-695.0,80.0
12.0,440.0,288.0,283.0,,828.0,-17.0,-153.0,-545.0,52.0
-42.0,723.0,341.0,73.0,,181.0,90.0,-242.0,-392.0,15.0
-8.0,506.0,379.0,-88.0,,462.0,149.0,-212.0,-403.0,-8.0
32.0,578.0,404.0,-122.0,,574.0,258.0,-206.0,-433.0,-60.0
9.0,401.0,458.0,-215.0,,525.0,444.0,-280.0,-458.0,-66.0
-10.0,288.0,501.0,-458.0,,968.0,556.0,-59.0,-383.0,-21.0
16.0,323.0,508.0,-619.0,,726.0,536.0,-18.0,-355.0,-71.0
118.0,-7.0,516.0,-603.0,,444.0,452.0,70.0,-445.0,-115.0
166.0,-322.0,539.0,-426.0,,511.0,392.0,227.0,-490.0,-92.0
156.0,-278.0,571.0,-166.0,,65.0,301.0,221.0,-488.0,-93.0
158.0,-254.0,553.0,-31.0,,239.0,180.0,256.0,-414.0,-154.0
188.0,-503.0,511.0,49.0,,733.0,77.0,16.0,-155.0,-135.0
174.0,-619.0,493.0,115.0,,427.0,10.0,-308.0,9.0,-47.0
53.0,-874.0,477.0,114.0,,373.0,-20.0,-497.0,-19.0,-41.0
-63.0,-939.0,450.0,170.0,,193.0,-75.0,-480.0,-39.0,-4.0
-123.0,-651.0,423.0,129.0,,-168.0,-90.0,-397.0,17.0,39.0
-157.0,-673.0,385.0,68.0,,202.0,-45.0,-351.0,36.0,27.0
-247.0,-327.0,398.0,19.0,,124.0,57.0,-116.0,-147.0,56.0
-312.0,198.0,407.0,-69.0,,-27.0,199.0,75.0,-397.0,147.0
-298.0,274.0,348.0,-52.0,,298.0,286.0,339.0,-512.0,212.0
-340.0,506.0,311.0,-125.0,,34.0,335.0,448.0,-289.0,248.0
-404.0,437.0,296.0,-241.0,,12.0,358.0,508.0,-160.0,366.0
-436.0,135.0,231.0,-134.0,,152.0,344.0,722.0,-222.0,498.0
-385.0,2.0,160.0,-4.0,,-212.0,242.0,750.0,-361.0,578.0
-378.0,-438.0,140.0,-97.0,,-101.0,99.0,631.0,-592.0,587.0
-395.0,-742.0,134.0,-73.0,,244.0,5.0,72.0,-452.0,564.0
-360.0,-1125.0,175.0,24.0,,187.0,-52.0,-421.0,-306.0,587.0
-331.0,-1230.0,186.0,-152.0,,88.0,-165.0,-698.0,-316.0,668.0
-303.0,-790.0,191.0,-380.0,,-100.0,-322.0,-851.0,-529.0,802.0
-350.0,-817.0,209.0,-395.0,,-179.0,-447.0,-679.0,-614.0,912.0
-313.0,-703.0,192.0,-267.0,,191.0,-542.0,-633.0,-393.0,1000.0
-241.0,-183.0,168.0,-142.0,,221.0,-553.0,-339.0,-378.0,1112.0
-220.0,-19.0,147.0,44.0,,178.0,-532.0,-118.0,-316.0,1234.0
-269.0,100.0,192.0,213.0,,377.0,-425.0,-29.0,-406.0,1263.0
-280.0,762.0,227.0,297.0,,56.0,-180.0,334.0,-469.0,1173.0
-206.0,1134.0,246.0,287.0,,34.0,83.0,633.0,-204.0,1051.0
-204.0,951.0,248.0,211.0,,291.0,353.0,890.0,84.0,952.0
-222.0,867.0,251.0,213.0,,222.0,557.0,700.0,137.0,913.0
-265.0,800.0,294.0,267.0,,281.0,688.0,310.0,-70.0,827.0
-200.0,718.0,318.0,284.0,,98.0,746.0,-129.0,-177.0,684.0
-188.0,585.0,349.0,254.0,,-167.0,674.0,-587.0,-48.0,588.0
-243.0,441.0,362.0,172.0,,-100.0,507.0,-788.0,142.0,511.0
-258.0,222.0,334.0,103.0,,-188.0,295.0,-986.0,-28.0,453.0
-226.0,179.0,313.0,124.0,,-303.0,95.0,-764.0,-408.0,412.0
-141.0,99.0,296.0,201.0,,-67.0,-74.0,-502.0,-600.0,354.0
-177.0,-146.0,284.0,286.0,,-103.0,-244.0,-351.0,-528.0,301.0
-177.0,-188.0,270.0,332.0,,-371.0,-426.0,-162.0,-406.0,281.0
-106.0,-447.0,227.0,290.0,,-429.0,-567.0,-55.0,-454.0,314.0
-40.0,-697.0,256.0,112.0,,-641.0,-675.0,312.0,-531.0,325.0
-51.0,-892.0,226.0,-3.0,,-588.0,-786.0,570.0,-529.0,351.0
-76.0,-1014.0,154.0,-15.0,,-386.0,-848.0,822.0,-435.0,410.0
-29.0,-1144.0,161.0,-92.0,,-578.0,-885.0,812.0,-346.0,391.0
-4.0,-972.0,143.0,-255.0,,-461.0,-907.0,572.0,-384.0,373.0
-24.0,-166.0,82.0,-455.0,,-235.0,-810.0,491.0,-483.0,414.0
-20.0,491.0,16.0,-573.0,,-492.0,-637.0,131.0,-408.0,411.0
-2.0,771.0,55.0,-699.0,,-562.0,-468.0,-258.0,-121.0,368.0
-66.0,739.0,88.0,-786.0,,-505.0,-311.0,-617.0,188.0,375.0
-101.0,1090.0,84.0,-767.0,,-638.0,-198.0,-746.0,242.0,387.0
-94.0,846.0,89.0,-736.0,,-511.0,-126.0,-698.0,224.0,336.0
-54.0,434.0,116.0,-651.0,,-487.0,-60.0,-537.0,441.0,224.0
-5.0,1022.0,135.0,-543.0,,-605.0,-15.0,-205.0,706.0,123.0
20.0,1110.0,131.0,-408.0,,-476.0,9.0,-88.0,767.0,67.0
36.0,1118.0,145.0,-344.0,,-549.0,-1.0,88.0,730.0,-21.0
20.0,1165.0,148.0,-402.0,,-692.0,-84.0,18.0,706.0,-107.0
1.0,967.0,172.0,-477.0,,-344.0,-180.0,0.0,513.0,-122.0
-45.0,468.0,158.0,-551.0,,-158.0,-269.0,227.0,503.0,-100.0
-21.0,46.0,133.0,-546.0,,-325.0,-328.0,258.0,580.0,-44.0
40.0,-17.0,165.0,-447.0,,-284.0,-349.0,375.0,408.0,13.0
35.0,-303.0,186.0,-325.0,,-444.0,-343.0,341.0,174.0,33.0
-26.0,-402.0,146.0,-337.0,,-477.0,-301.0,354.0,2.0,69.0
-77.0,-417.0,128.0,-415.0,,-306.0,-288.0,214.0,118.0,52.0
-77.0,-545.0,152.0,-401.0,,-398.0,-308.0,-60.0,193.0,-6.0
-134.0,-990.0,211.0,-318.0,,-179.0,-322.0,-138.0,-12.0,14.0
-243.0,-1235.0,210.0,-277.0,,108.0,-353.0,-271.0,-407.0,27.0
-290.0,-1327.0,169.0,-248.0,,-95.0,-423.0,-147.0,-669.0,-37.0
-258.0,-1155.0,194.0,-121.0,,-169.0,-453.0,-179.0,-550.0,-97.0
-257.0,-649.0,169.0,-134.0,,-115.0,-439.0,-279.0,-442.0,-86.0
-305.0,-219.0,163.0,-172.0,,-257.0,-475.0,-293.0,-383.0,-45.0
-322.0,546.0,152.0,-128.0,,41.0,-523.0,-388.0,-407.0,7.0
-284.0,638.0,97.0,-22.0,,125.0,-500.0,-218.0,-382.0,123.0
-264.0,739.0,59.0,107.0,,-100.0,-480.0,-103.0,-221.0,270.0
-293.0,1086.0,32.0,34.0,,118.0,-524.0,123.0,-100.0,388.0
-306.0,1121.0,52.0,-58.0,,75.0,-573.0,279.0,8.0,513.0
-266.0,1170.0,55.0,-81.0,,-20.0,-639.0,382.0,-156.0,662.0
-222.0,831.0,50.0,-73.0,,137.0,-706.0,561.0,-209.0,740.0
-226.0,453.0,36.0,-193.0,,106.0,-743.0,410.0,0.0,744.0
-205.0,-133.0,46.0,-394.0,,404.0,-698.0,397.0,-13.0,830.0
-162.0,-568.0,120.0,-510.0,,705.0,-634.0,280.0,-5.0,902.0
-163.0,-710.0,154.0,-592.0,,143.0,-587.0,116.0,28.0,825.0
-188.0,-714.0,128.0,-556.0,,51.0,-474.0,38.0,-64.0,752.0
-166.0,-718.0,118.0,-563.0,,431.0,-418.0,-147.0,40.0,733.0
-166.0,-845.0,194.0,-602.0,,320.0,-381.0,-171.0,199.0,733.0
-192.0,-249.0,222.0,-509.0,,446.0,-275.0,-303.0,227.0,681.0
-186.0,8.0,200.0,-418.0,,331.0,-174.0,-310.0,287.0,583.0
-187.0,7.0,170.0,-386.0,,346.0,-97.0,-282.0,373.0,534.0
-201.0,344.0,188.0,-246.0,,763.0,-93.0,-182.0,441.0,419.0
-232.0,738.0,226.0,-17.0,,389.0,-94.0,9.0,366.0,247.0
-208.0,1187.0,148.0,80.0,,396.0,-85.0,35.0,158.0,201.0
-143.0,668.0,105.0,89.0,,811.0,-137.0,253.0,-18.0,242.0
-94.0,357.0,36.0,79.0,,494.0,-216.0,254.0,4.0,246.0
-94.0,306.0,-27.0,4.0,,434.0,-358.0,192.0,80.0,299.0
-67.0,-349.0,-94.0,-156.0,,536.0,-511.0,38.0,160.0,410.0
9.0,-815.0,-167.0,-296.0,,457.0,-555.0,-212.0,228.0,452.0
8.0,-795.0,-160.0,-397.0,,728.0,-522.0,-339.0,29.0,434.0
-52.0,-715.0,-155.0,-480.0,,474.0,-531.0,-622.0,-51.0,495.0
-82.0,-938.0,-165.0,-499.0,,135.0,-564.0,-607.0,225.0,538.0
-45.0,-690.0,-239.0,-528.0,,509.0,-585.0,-613.0,446.0,416.0
-33.0,-592.0,-243.0,-528.0,,374.0,-637.0,-493.0,376.0,298.0
-75.0,-530.0,-228.0,-467.0,,448.0,-684.0,-293.0,170.0,212.0
-91.0,-105.0,-253.0,-352.0,,726.0,-698.0,-332.0,20.0,53.0
-16.0,295.0,-261.0,-265.0,,344.0,-666.0,-116.0,105.0,-108.0
68.0,450.0,-241.0,-262.0,,412.0,-632.0,-49.0,215.0,-153.0
80.0,68.0,-194.0,-252.0,,411.0,-615.0,44.0,98.0,-169.0
69.0,41.0,-194.0,-204.0,,464.0,-589.0,173.0,-139.0,-303.0
63.0,201.0,-162.0,-192.0,,1068.0,-546.0,262.0,-431.0,-449.0
64.0,440.0,-137.0,-269.0,,751.0,-458.0,336.0,-411.0,-502.0
43.0,340.0,-134.0,-348.0,,490.0,-321.0,199.0,-202.0,-564.0
21.0,235.0,-103.0,-430.0,,863.0,-241.0,164.0,-186.0,-673.0
86.0,675.0,-38.0,-529.0,,529.0,-261.0,-40.0,-266.0,-707.0
206.0,410.0,8.0,-598.0,,371.0,-283.0,-212.0,-145.0,-717.0
275.0,-165.0,-22.0,-607.0,,358.0,-303.0,-402.0,261.0,-822.0
294.0,-619.0,-23.0,-500.0,,341.0,-355.0,-570.0,625.0,-943.0
310.0,-702.0,3.0,-366.0,,704.0,-429.0,-441.0,761.0,-968.0
313.0,-428.0,16.0,-324.0,,157.0,-443.0,-400.0,735.0,-936.0
259.0,-129.0,3.0,-282.0,,-348.0,-426.0,-192.0,720.0,-890.0
204.0,-21.0,-18.0,-138.0,,138.0,-434.0,-92.0,763.0,-763.0
185.0,-377.0,56.0,-9.0,,202.0,-430.0,-99.0,841.0,-549.0
198.0,-644.0,151.0,16.0,,196.0,-399.0,-169.0,717.0,-378.0
210.0,-906.0,135.0,-15.0,,196.0,-314.0,-452.0,588.0,-279.0
202.0,-1075.0,110.0,-62.0,,63.0,-227.0,-495.0,543.0,-146.0
235.0,-1417.0,172.0,-156.0,,273.0,-135.0,-554.0,452.0,-85.0
270.0,-1459.0,218.0,-283.0,,-68.0,-86.0,-352.0,473.0,-139.0
295.0,-684.0,213.0,-406.0,,-296.0,-64.0,-31.0,261.0,-177.0
291.0,-509.0,213.0,-534.0,,-194.0,-9.0,68.0,-41.0,-189.0
258.0,-922.0,189.0,-658.0,,-169.0,0.0,88.0,-194.0,-251.0
209.0,-441.0,192.0,-709.0,,29.0,-9.0,-227.0,-108.0,-312.0
164.0,527.0,164.0,-660.0,,-189.0,-45.0,-434.0,74.0,-318.0
114.0,608.0,80.0,-624.0,,-540.0,-90.0,-567.0,88.0,-310.0
97.0,723.0,55.0,-629.0,,-632.0,-151.0,-565.0,11.0,-307.0
135.0,1057.0,51.0,-598.0,,-602.0,-285.0,-360.0,-102.0,-310.0
177.0,899.0,66.0,-504.0,,-323.0,-418.0,-260.0,102.0,-231.0
255.0,694.0,14.0,-357.0,,-275.0,-553.0,-25.0,384.0,-192.0
297.0,654.0,-40.0,-186.0,,-382.0,-708.0,48.0,315.0,-224.0
331.0,584.0,18.0,-20.0,,-100.0,-834.0,48.0,4.0,-175.0
365.0,297.0,-34.0,110.0,,-134.0,-883.0,-83.0,103.0,-181.0
380.0,561.0,-75.0,234.0,,-264.0,-854.0,-279.0,480.0,-253.0
360.0,1280.0,-2.0,326.0,,-617.0,-779.0,-332.0,468.0,-218.0
286.0,1560.0,31.0,301.0,,-603.0,-620.0,-533.0,289.0,-129.0
239.0,1446.0,23.0,199.0,,70.0,-402.0,-570.0,-88.0,-138.0
162.0,1396.0,9.0,123.0,,-113.0,-212.0,-646.0,-192.0,-134.0
109.0,1471.0,45.0,42.0,,-438.0,-22.0,-620.0,67.0,-62.0
66.0,1266.0,112.0,-80.0,,-773.0,191.0,-508.0,150.0,-65.0
11.0,846.0,153.0,-171.0,,-779.0,325.0,-613.0,214.0,-138.0
9.0,445.0,135.0,-210.0,,-385.0,392.0,-580.0,149.0,-115.0
35.0,274.0,148.0,-224.0,,-682.0,411.0,-574.0,-34.0,-34.0
55.0,-63.0,168.0,-267.0,,-534.0,390.0,-371.0,93.0,-73.0
38.0,-692.0,157.0,-311.0,,-356.0,356.0,-225.0,287.0,-79.0
64.0,-943.0,201.0,-207.0,,-791.0,250.0,-230.0,191.0,3.0
97.0,-786.0,233.0,-65.0,,-541.0,87.0,-160.0,15.0,0.0
97.0,-721.0,181.0,-14.0,,-855.0,-73.0,-279.0,-80.0,-78.0
92.0,-1086.0,144.0,150.0,,-993.0,-162.0,-184.0,73.0,-111.0
98.0,-1183.0,136.0,433.0,,-592.0,-225.0,-101.0,271.0,-119.0
136.0,-1042.0,102.0,640.0,,-1106.0,-282.0,-36.0,282.0,-190.0
177.0,-957.0,83.0,772.0,,-562.0,-320.0,24.0,138.0,-268.0
239.0,-531.0,31.0,815.0,,-828.0,-350.0,-218.0,132.0,-313.0
267.0,-454.0,4.0,701.0,,-1219.0,-303.0,-508.0,362.0,-379.0
279.0,-460.0,18.0,448.0,,-522.0,-180.0,-951.0,339.0,-497.0
292.0,-293.0,-5.0,283.0,,-1074.0,-43.0,-1175.0,188.0,-592.0
270.0,-95.0,-75.0,251.0,,-676.0,43.0,-1169.0,-75.0,-628.0
232.0,695.0,-94.0,121.0,,-607.0,114.0,-923.0,-238.0,-656.0
203.0,1166.0,-52.0,5.0,,-812.0,211.0,-393.0,-114.0,-685.0
168.0,1089.0,-62.0,-10.0,,-33.0,267.0,-48.0,-83.0,-677.0
64.0,1236.0,-79.0,-31.0,,-728.0,280.0,245.0,-90.0,-643.0
-55.0,1200.0,-76.0,47.0,,-823.0,343.0,221.0,-57.0,-659.0
-159.0,362.0,-19.0,204.0,,-480.0,430.0,105.0,42.0,-657.0
-229.0,-636.0,-14.0,280.0,,-814.0,460.0,-168.0,160.0,-597.0
-261.0,-869.0,-34.0,292.0,,-298.0,447.0,-628.0,377.0,-582.0
-290.0,-794.0,45.0,314.0,,-749.0,393.0,-783.0,523.0,-610.0
-353.0,-1004.0,80.0,275.0,,-785.0,309.0,-966.0,464.0,-572.0
-397.0,-926.0,45.0,100.0,,-177.0,185.0,-848.0,431.0,-561.0
-391.0,-600.0,10.0,-22.0,,-709.0,34.0,-633.0,379.0,-666.0
-421.0,-713.0,50.0,-38.0,,-532.0,-125.0,-465.0,332.0,-728.0
-460.0,-213.0,99.0,-44.0,,-592.0,-295.0,-221.0,225.0,-730.0
-490.0,586.0,122.0,27.0,,-423.0,-353.0,-103.0,17.0,-799.0
-462.0,826.0,95.0,125.0,,-237.0,-302.0,62.0,-152.0,-889.0
-425.0,1223.0,80.0,173.0,,-651.0,-249.0,-112.0,-167.0,-902.0
-405.0,1510.0,136.0,257.0,,-399.0,-146.0,-240.0,-83.0,-972.0
-381.0,1306.0,142.0,334.0,,-441.0,11.0,-219.0,-247.0,-1051.0
-358.0,843.0,116.0,232.0,,-377.0,215.0,-177.0,-519.0,-978.0
-334.0,359.0,100.0,34.0,,-498.0,467.0,20.0,-516.0,-934.0
-337.0,-327.0,171.0,-128.0,,-374.0,663.0,-16.0,-376.0,-961.0
-326.0,-628.0,149.0,-290.0,,-367.0,773.0,-7.0,-114.0,-913.0
-290.0,-529.0,94.0,-484.0,,-680.0,816.0,-199.0,184.0,-800.0
-231.0,-800.0,160.0,-534.0,,-515.0,798.0,-356.0,166.0,-749.0
-221.0,-918.0,190.0,-458.0,,-780.0,739.0,-393.0,15.0,-651.0
-199.0,-762.0,207.0,-515.0,,-278.0,586.0,-570.0,253.0,-415.0
-148.0,-610.0,141.0,-631.0,,-321.0,404.0,-498.0,545.0,-257.0
-152.0,-106.0,156.0,-688.0,,-734.0,316.0,-628.0,339.0,-162.0
-209.0,508.0,249.0,-668.0,,-587.0,240.0,-726.0,82.0,5.0
-244.0,665.0,216.0,-551.0,,-996.0,141.0,-820.0,18.0,115.0
-201.0,682.0,174.0,-338.0,,-493.0,18.0,-921.0,181.0,81.0
-217.0,608.0,193.0,-198.0,,-341.0,-56.0,-777.0,413.0,67.0
-270.0,527.0,263.0,-148.0,,-482.0,3.0,-633.0,249.0,189.0
-297.0,534.0,251.0,-147.0,,-443.0,96.0,-234.0,-14.0,239.0
-290.0,386.0,152.0,-226.0,,-676.0,185.0,-7.0,-190.0,164.0
-315.0,462.0,123.0,-269.0,,-199.0,249.0,186.0,-322.0,176.0
-353.0,340.0,169.0,-314.0,,-390.0,324.0,267.0,-359.0,233.0
-354.0,-403.0,113.0,-348.0,,-402.0,456.0,48.0,-396.0,199.0
-357.0,-672.0,22.0,-382.0,,-148.0,565.0,-149.0,-523.0,130.0
-354.0,-576.0,39.0,-331.0,,-258.0,598.0,-478.0,-594.0,127.0
-399.0,-510.0,74.0,-195.0,,-249.0,555.0,-485.0,-472.0,97.0
-393.0,-397.0,85.0,-156.0,,-741.0,483.0,-469.0,-426.0,94.0
-335.0,-434.0,39.0,-90.0,,-350.0,365.0,-386.0,-441.0,219.0
-268.0,-130.0,59.0,35.0,,-209.0,198.0,-120.0,-408.0,304.0
-229.0,-20.0,89.0,48.0,,-613.0,68.0,-42.0,-326.0,344.0
-182.0,-82.0,32.0,-71.0,,-436.0,-39.0,18.0,-142.0,329.0
-61.0,-183.0,0.0,-146.0,,-550.0,-160.0,-293.0,20.0,287.0
-12.0,-103.0,0.0,-141.0,,37.0,-259.0,-574.0,-32.0,237.0
-31.0,507.0,29.0,-103.0,,-43.0,-311.0,-661.0,-305.0,125.0
-69.0,868.0,-11.0,28.0,,-520.0,-320.0,-589.0,-441.0,72.0
-72.0,1059.0,-80.0,113.0,,-5.0,-308.0,-254.0,-355.0,107.0
-77.0,1074.0,-58.0,23.0,,-223.0,-246.0,-114.0,-268.0,181.0
-132.0,839.0,-17.0,0.0,,-37.0,-130.0,44.0,-415.0,290.0
-161.0,452.0,-67.0,58.0,,-51.0,26.0,-18.0,-615.0,411.0
-164.0,546.0,-120.0,83.0,,-339.0,208.0,-245.0,-522.0,539.0
-122.0,512.0,-57.0,78.0,,82.0,357.0,-380.0,-219.0,654.0
-69.0,-140.0,-18.0,-13.0,,-668.0,464.0,-478.0,40.0,703.0
-41.0,-245.0,-104.0,-92.0,,-647.0,511.0,-280.0,27.0,717.0
18.0,105.0,-131.0,-134.0,,-286.0,529.0,-127.0,-34.0,727.0
75.0,209.0,-88.0,-114.0,,-457.0,598.0,64.0,61.0,749.0
85.0,-263.0,-87.0,39.0,,-43.0,598.0,24.0,179.0,707.0
103.0,-287.0,-133.0,273.0,,-608.0,506.0,-306.0,312.0,630.0
152.0,-129.0,-216.0,428.0,,-269.0,423.0,-415.0,443.0,573.0
202.0,-348.0,-175.0,484.0,,-20.0,344.0,-497.0,408.0,451.0
173.0,-478.0,-152.0,469.0,,-475.0,277.0,-284.0,363.0,299.0
169.0,-597.0,-182.0,314.0,,-22.0,197.0,-40.0,468.0,128.0
195.0,-711.0,-218.0,162.0,,-467.0,171.0,86.0,544.0,26.0
148.0,-1019.0,-207.0,76.0,,-299.0,211.0,-29.0,447.0,-21.0
88.0,-606.0,-120.0,-16.0,,-304.0,212.0,-343.0,203.0,-57.0
76.0,-223.0,-146.0,-132.0,,-572.0,236.0,-190.0,122.0,-60.0
93.0,-529.0,-136.0,-177.0,,100.0,310.0,-227.0,219.0,-80.0
48.0,-359.0,-116.0,-166.0,,-316.0,352.0,-375.0,268.0,-100.0
13.0,-117.0,-101.0,-238.0,,-34.0,359.0,-578.0,163.0,-101.0
-33.0,0.0,-142.0,-320.0,,42.0,359.0,-759.0,-176.0,14.0
-42.0,34.0,-204.0,-314.0,,-369.0,350.0,-570.0,-410.0,149.0
-30.0,269.0,-193.0,-300.0,,-239.0,316.0,-639.0,-371.0,251.0
-61.0,752.0,-201.0,-149.0,,-966.0,321.0,-541.0,-408.0,406.0
-67.0,1040.0,-216.0,138.0,,-276.0,364.0,-360.0,-534.0,535.0
-85.0,1110.0,-291.0,303.0,,-22.0,322.0,-171.0,-467.0,612.0
-85.0,671.0,-305.0,468.0,,-297.0,246.0,-57.0,-276.0,713.0
-165.0,116.0,-333.0,664.0,,108.0,215.0,-216.0,-127.0,810.0
-173.0,-274.0,-357.0,747.0,,-583.0,213.0,-151.0,-28.0,796.0
-116.0,-717.0,-364.0,683.0,,-208.0,165.0,-240.0,48.0,769.0
-93.0,-942.0,-305.0,591.0,,-431.0,76.0,-194.0,120.0,762.0
-91.0,-840.0,-208.0,511.0,,-396.0,21.0,-144.0,202.0,694.0
-99.0,-1140.0,-222.0,344.0,,333.0,-39.0,-173.0,328.0,562.0
-67.0,-1388.0,-139.0,224.0,,-345.0,-29.0,-140.0,442.0,491.0
-93.0,-1092.0,5.0,103.0,,-59.0,74.0,-373.0,338.0,461.0
-100.0,-1510.0,74.0,-75.0,,-387.0,162.0,-493.0,155.0,356.0
-122.0,-2014.0,62.0,-163.0,,-227.0,239.0,-606.0,247.0,291.0
-68.0,-1426.0,126.0,-227.0,,202.0,353.0,-461.0,371.0,227.0
0.0,-486.0,216.0,-402.0,,-352.0,517.0,-349.0,433.0,152.0
22.0,-14.0,242.0,-550.0,,214.0,660.0,-319.0,336.0,97.0
36.0,382.0,201.0,-613.0,,-295.0,771.0,-127.0,111.0,100.0
16.0,871.0,172.0,-571.0,,-364.0,848.0,-199.0,201.0,137.0
58.0,996.0,253.0,-446.0,,-222.0,780.0,-31.0,333.0,129.0
21.0,986.0,174.0,-453.0,,-340.0,555.0,-40.0,347.0,225.0
-14.0,1061.0,83.0,-459.0,,521.0,291.0,-199.0,196.0,339.0
-2.0,890.0,44.0,-384.0,,4.0,13.0,-243.0,26.0,365.0
5.0,699.0,-37.0,-332.0,,50.0,-273.0,-452.0,25.0,387.0
-3.0,929.0,-113.0,-206.0,,-51.0,-517.0,-471.0,-12.0,460.0
-7.0,891.0,-242.0,-13.0,,-301.0,-687.0,-522.0,61.0,551.0
9.0,477.0,-238.0,154.0,,129.0,-777.0,-363.0,38.0,607.0
31.0,-7.0,-232.0,199.0,,-173.0,-819.0,-232.0,-300.0,723.0
70.0,105.0,-321.0,107.0,,444.0,-738.0,-182.0,-550.0,824.0
81.0,410.0,-367.0,-14.0,,165.0,-534.0,12.0,-425.0,843.0
115.0,292.0,-352.0,-70.0,,-60.0,-305.0,-101.0,-167.0,858.0
166.0,468.0,-260.0,-107.0,,345.0,-35.0,-48.0,-32.0,855.0
162.0,678.0,-256.0,-267.0,,108.0,213.0,-105.0,-146.0,831.0
120.0,852.0,-284.0,-460.0,,508.0,414.0,-230.0,-210.0,729.0
148.0,582.0,-206.0,-591.0,,110.0,560.0,-83.0,-54.0,594.0
167.0,706.0,-147.0,-617.0,,162.0,637.0,59.0,-54.0,569.0
147.0,832.0,-169.0,-576.0,,175.0,693.0,88.0,-72.0,579.0
122.0,40.0,-183.0,-546.0,,-198.0,686.0,-290.0,-127.0,576.0
105.0,-114.0,-123.0,-436.0,,69.0,585.0,-423.0,-160.0,654.0
82.0,-129.0,-107.0,-280.0,,-139.0,470.0,-480.0,15.0,798.0
50.0,-473.0,-163.0,-34.0,,409.0,348.0,-558.0,140.0,890.0
35.0,-675.0,-191.0,252.0,,273.0,135.0,-454.0,36.0,951.0
21.0,-380.0,-173.0,411.0,,-73.0,-127.0,-478.0,-158.0,1031.0
69.0,80.0,-142.0,515.0,,62.0,-353.0,-162.0,-241.0,1007.0
75.0,-42.0,-202.0,643.0,,-160.0,-506.0,-147.0,-312.0,919.0
83.0,-443.0,-258.0,686.0,,235.0,-625.0,-223.0,-339.0,927.0
128.0,-731.0,-250.0,695.0,,162.0,-702.0,-64.0,-380.0,914.0
194.0,-752.0,-291.0,735.0,,235.0,-653.0,-125.0,-501.0,819.0
225.0,-698.0,-315.0,640.0,,-39.0,-549.0,-223.0,-522.0,740.0
211.0,-384.0,-306.0,568.0,,-493.0,-396.0,-388.0,-513.0,725.0
230.0,408.0,-339.0,525.0,,-125.0,-197.0,-179.0,-465.0,765.0
234.0,589.0,-381.0,484.0,,29.0,9.0,57.0,-434.0,801.0
252.0,668.0,-395.0,529.0,,308.0,165.0,243.0,-590.0,889.0
246.0,1263.0,-397.0,494.0,,138.0,253.0,413.0,-485.0,1012.0
268.0,1084.0,-352.0,345.0,,-101.0,356.0,321.0,-107.0,1053.0
269.0,815.0,-382.0,169.0,,-91.0,372.0,230.0,145.0,1048.0
254.0,621.0,-498.0,110.0,,-29.0,266.0,-125.0,223.0,1009.0
237.0,741.0,-465.0,88.0,,236.0,119.0,-210.0,23.0,939.0
199.0,558.0,-452.0,16.0,,354.0,-41.0,-171.0,56.0,868.0
189.0,-535.0,-487.0,-20.0,,373.0,-194.0,-245.0,337.0,741.0
152.0,-620.0,-465.0,-62.0,,-100.0,-314.0,-203.0,439.0,612.0
112.0,-547.0,-423.0,-38.0,,-202.0,-417.0,-168.0,368.0,529.0
36.0,-295.0,-339.0,-24.0,,-139.0,-510.0,151.0,93.0,462.0
-6.0,-57.0,-297.0,-108.0,,-93.0,-546.0,136.0,-121.0,417.0
-38.0,-538.0,-267.0,-110.0,,182.0,-522.0,-73.0,-149.0,390.0
-60.0,-363.0,-219.0,-66.0,,-20.0,-471.0,-169.0,16.0,398.0
-49.0,-276.0,-166.0,30.0,,134.0,-409.0,-301.0,0.0,379.0
-79.0,-562.0,-118.0,137.0,,-217.0,-330.0,-264.0,-304.0,364.0
-84.0,-709.0,-90.0,146.0,,-439.0,-249.0,-434.0,-413.0,390.0
-53.0,-687.0,-58.0,85.0,,137.0,-148.0,-535.0,-290.0,411.0
0.0,-729.0,13.0,-93.0,,180.0,-19.0,-448.0,-274.0,433.0
55.0,-693.0,36.0,-210.0,,361.0,78.0,-301.0,-511.0,475.0
148.0,26.0,51.0,-245.0,,-132.0,134.0,-109.0,-712.0,557.0
263.0,169.0,117.0,-282.0,,-429.0,197.0,70.0,-872.0,552.0
334.0,-42.0,148.0,-222.0,,68.0,287.0,447.0,-887.0,492.0
373.0,736.0,196.0,-82.0,,20.0,323.0,548.0,-801.0,535.0
423.0,1556.0,180.0,71.0,,220.0,297.0,447.0,-878.0,600.0
466.0,1525.0,148.0,126.0,,196.0,268.0,384.0,-739.0,575.0
449.0,1359.0,122.0,105.0,,-43.0,233.0,424.0,-349.0,579.0
424.0,1211.0,48.0,171.0,,-68.0,183.0,554.0,-55.0,684.0
419.0,868.0,-9.0,266.0,,-124.0,79.0,262.0,216.0,682.0
419.0,464.0,0.0,243.0,,35.0,-61.0,1.0,420.0,598.0
362.0,-688.0,1.0,179.0,,-85.0,-230.0,-136.0,420.0,608.0
309.0,-941.0,-80.0,41.0,,-189.0,-389.0,-266.0,464.0,689.0
281.0,41.0,-117.0,-159.0,,-21.0,-493.0,-245.0,484.0,709.0
258.0,522.0,-61.0,-304.0,,71.0,-570.0,-236.0,370.0,728.0
247.0,335.0,34.0,-432.0,,-79.0,-585.0,9.0,168.0,803.0
242.0,168.0,19.0,-536.0,,-404.0,-509.0,173.0,-104.0,816.0
227.0,393.0,-1.0,-625.0,,-224.0,-389.0,254.0,-147.0,777.0
182.0,-719.0,77.0,-787.0,,-106.0,-310.0,312.0,-7.0,723.0
166.0,-1478.0,172.0,-972.0,,-88.0,-246.0,378.0,80.0,671.0
167.0,-1182.0,235.0,-1064.0,,-27.0,-132.0,535.0,121.0,594.0
172.0,-794.0,227.0,-1089.0,,-341.0,-6.0,349.0,72.0,522.0
114.0,-432.0,271.0,-968.0,,-112.0,73.0,206.0,-3.0,467.0
94.0,-456.0,313.0,-876.0,,-83.0,105.0,38.0,121.0,370.0
96.0,66.0,291.0,-802.0,,-121.0,102.0,-232.0,223.0,240.0
77.0,-122.0,297.0,-587.0,,319.0,54.0,-541.0,118.0,129.0
72.0,321.0,334.0,-497.0,,10.0,10.0,-899.0,45.0,127.0
38.0,1055.0,322.0,-370.0,,-169.0,-47.0,-766.0,65.0,134.0
47.0,994.0,239.0,-176.0,,-226.0,-129.0,-631.0,116.0,96.0
45.0,1086.0,191.0,-88.0,,-195.0,-176.0,-498.0,7.0,147.0
74.0,760.0,134.0,-30.0,,442.0,-169.0,-360.0,-191.0,251.0
110.0,-319.0,46.0,106.0,,220.0,-152.0,-345.0,-366.0,228.0
120.0,-1619.0,-28.0,400.0,,16.0,-199.0,-46.0,-497.0,214.0
103.0,-1293.0,-74.0,460.0,,116.0,-225.0,127.0,-497.0,307.0
106.0,-1130.0,-109.0,264.0,,-306.0,-166.0,352.0,-447.0,269.0
118.0,-1165.0,-94.0,141.0,,-146.0,-111.0,437.0,-422.0,153.0
89.0,-728.0,-115.0,42.0,,23.0,-83.0,308.0,-563.0,136.0
109.0,-351.0,-157.0,6.0,,387.0,-34.0,177.0,-658.0,154.0
140.0,382.0,-117.0,-49.0,,427.0,-21.0,-79.0,-374.0,23.0
162.0,287.0,-81.0,-213.0,,-369.0,-70.0,-79.0,-55.0,-80.0
138.0,548.0,4.0,-287.0,,-256.0,-109.0,-59.0,-65.0,-47.0
134.0,1166.0,17.0,-242.0,,-104.0,-175.0,133.0,-148.0,-127.0
136.0,1084.0,49.0,-83.0,,39.0,-288.0,262.0,-73.0,-225.0
142.0,1087.0,54.0,66.0,,-28.0,-386.0,243.0,166.0,-170.0
103.0,730.0,33.0,99.0,,-257.0,-448.0,325.0,451.0,-60.0
-9.0,-7.0,123.0,108.0,,83.0,-481.0,125.0,612.0,-52.0
-31.0,-301.0,147.0,89.0,,-377.0,-509.0,60.0,765.0,-28.0
-15.0,-940.0,196.0,84.0,,-306.0,-520.0,40.0,820.0,78.0
-27.0,-1175.0,176.0,91.0,,-110.0,-472.0,195.0,799.0,177.0
-93.0,-464.0,228.0,173.0,,-81.0,-416.0,349.0,844.0,299.0
-132.0,-172.0,329.0,250.0,,98.0,-300.0,210.0,699.0,399.0
-104.0,2.0,263.0,190.0,,-681.0,-142.0,177.0,376.0,429.0
-94.0,8.0,170.0,117.0,,-402.0,-12.0,-75.0,277.0,333.0
-105.0,-327.0,172.0,58.0,,-340.0,118.0,-286.0,352.0,200.0
-72.0,-978.0,243.0,1.0,,-465.0,219.0,-535.0,383.0,168.0
26.0,-493.0,188.0,-165.0,,-109.0,291.0,-652.0,277.0,64.0
113.0,1321.0,159.0,-366.0,,-202.0,288.0,-521.0,-80.0,-153.0
156.0,1823.0,90.0,-346.0,,267.0,251.0,-598.0,-231.0,-275.0
189.0,1379.0,31.0,-122.0,,-286.0,191.0,-415.0,-30.0,-265.0
202.0,879.0,48.0,117.0,,-409.0,93.0,-116.0,159.0,-284.0
206.0,1399.0,1.0,210.0,,-242.0,85.0,206.0,94.0,-374.0
210.0,1797.0,30.0,243.0,,-434.0,98.0,299.0,-181.0,-300.0
184.0,431.0,46.0,374.0,,37.0,78.0,212.0,-123.0,-135.0
212.0,-72.0,65.0,539.0,,-486.0,36.0,354.0,100.0,-116.0
254.0,179.0,43.0,538.0,,-208.0,-12.0,456.0,156.0,-19.0
271.0,1.0,80.0,435.0,,-139.0,-14.0,565.0,130.0,134.0
281.0,-866.0,160.0,352.0,,-244.0,-33.0,389.0,-180.0,41.0
265.0,-1004.0,154.0,117.0,,327.0,-56.0,284.0,-363.0,-141.0
240.0,201.0,176.0,-132.0,,-22.0,-88.0,280.0,-309.0,-96.0
201.0,-595.0,170.0,-193.0,,166.0,-163.0,-62.0,-309.0,-127.0
179.0,-1562.0,179.0,-108.0,,-210.0,-211.0,-395.0,-175.0,-367.0
145.0,-323.0,151.0,26.0,,-76.0,-185.0,-718.0,-254.0,-505.0
83.0,-399.0,173.0,110.0,,390.0,-128.0,-687.0,-471.0,-539.0
52.0,-848.0,214.0,109.0,,77.0,-106.0,-469.0,-420.0,-613.0
74.0,302.0,220.0,130.0,,210.0,-49.0,-195.0,-274.0,-731.0
104.0,832.0,240.0,275.0,,-296.0,72.0,267.0,-220.0,-801.0
125.0,295.0,233.0,262.0,,73.0,168.0,471.0,-193.0,-889.0
190.0,-555.0,324.0,110.0,,191.0,171.0,698.0,-111.0,-908.0
329.0,-25.0,338.0,-35.0,,143.0,159.0,657.0,11.0,-870.0
435.0,7.0,324.0,-179.0,,513.0,180.0,530.0,156.0,-994.0
452.0,-1178.0,318.0,-342.0,,41.0,127.0,589.0,18.0,-1204.0
418.0,-1059.0,325.0,-511.0,,270.0,21.0,424.0,-191.0,-1325.0
423.0,-178.0,416.0,-484.0,,-20.0,-45.0,458.0,-191.0,-1367.0
472.0,969.0,375.0,-406.0,,242.0,-113.0,328.0,-90.0,-1436.0
436.0,656.0,387.0,-359.0,,565.0,-218.0,129.0,100.0,-1499.0
377.0,1065.0,418.0,-223.0,,283.0,-318.0,0.0,57.0,-1622.0
372.0,2840.0,426.0,-34.0,,603.0,-406.0,-208.0,-145.0,-1637.0
416.0,2474.0,454.0,71.0,,83.0,-441.0,-234.0,-182.0,-1450.0
361.0,1818.0,412.0,131.0,,156.0,-369.0,-339.0,11.0,-1393.0
259.0,1526.0,445.0,137.0,,-31.0,-185.0,-339.0,279.0,-1467.0
244.0,1070.0,405.0,-78.0,,221.0,24.0,-428.0,370.0,-1364.0
262.0,191.0,346.0,-207.0,,790.0,169.0,-397.0,470.0,-1143.0
253.0,-558.0,318.0,-204.0,,123.0,299.0,-144.0,533.0,-1058.0
183.0,-88.0,270.0,-346.0,,269.0,469.0,-53.0,539.0,-874.0
141.0,-942.0,288.0,-505.0,,-158.0,603.0,3.0,596.0,-561.0
57.0,-2237.0,236.0,-626.0,,196.0,649.0,-86.0,443.0,-502.0
-21.0,-1593.0,144.0,-719.0,,467.0,645.0,-92.0,96.0,-474.0
-116.0,-108.0,104.0,-624.0,,36.0,578.0,-155.0,0.0,-138.0
-168.0,-273.0,116.0,-456.0,,564.0,491.0,-190.0,204.0,-40.0
-164.0,-1425.0,159.0,-415.0,,-107.0,444.0,-197.0,172.0,-325.0
-208.0,-603.0,141.0,-368.0,,109.0,431.0,-260.0,-76.0,-337.0
-220.0,74.0,92.0,-209.0,,229.0,372.0,92.0,-219.0,-284.0
-241.0,-735.0,86.0,-10.0,,250.0,233.0,308.0,-91.0,-510.0
-218.0,-1425.0,85.0,206.0,,600.0,93.0,545.0,130.0,-668.0
-248.0,-776.0,105.0,561.0,,-258.0,-71.0,737.0,26.0,-686.0
-255.0,-15.0,135.0,873.0,,268.0,-196.0,618.0,-246.0,-748.0
-237.0,-490.0,108.0,841.0,,160.0,-262.0,715.0,-369.0,-736.0
-262.0,192.0,29.0,716.0,,100.0,-283.0,635.0,-335.0,-631.0
-273.0,1510.0,-24.0,652.0,,446.0,-261.0,493.0,-300.0,-692.0
-290.0,1220.0,-31.0,439.0,,131.0,-270.0,293.0,-173.0,-734.0
-263.0,338.0,-24.0,116.0,,768.0,-239.0,86.0,-90.0,-551.0
-258.0,784.0,-44.0,-157.0,,138.0,-144.0,-68.0,-127.0,-434.0
-267.0,869.0,-84.0,-298.0,,-44.0,6.0,-280.0,-145.0,-531.0
-299.0,39.0,-99.0,-342.0,,160.0,164.0,-118.0,-155.0,-599.0
-249.0,14.0,-102.0,-330.0,,-125.0,318.0,33.0,24.0,-531.0
-191.0,-585.0,-128.0,-214.0,,450.0,479.0,275.0,77.0,-546.0
-199.0,184.0,-155.0,-70.0,,143.0,554.0,404.0,-22.0,-523.0
-176.0,737.0,-125.0,16.0,,429.0,578.0,380.0,242.0,-460.0
-152.0,-483.0,-184.0,81.0,,265.0,566.0,561.0,547.0,-454.0
-84.0,-227.0,-238.0,100.0,,-242.0,529.0,587.0,637.0,-396.0
-132.0,-818.0,-178.0,62.0,,338.0,496.0,702.0,671.0,-367.0
-192.0,-960.0,-127.0,33.0,,160.0,466.0,506.0,481.0,-471.0
-162.0,-273.0,-87.0,-14.0,,513.0,436.0,332.0,294.0,-593.0
-190.0,-548.0,-108.0,-90.0,,-36.0,416.0,301.0,368.0,-611.0
-173.0,-792.0,-79.0,-105.0,,-419.0,403.0,99.0,407.0,-752.0
-171.0,-245.0,12.0,-87.0,,260.0,343.0,195.0,211.0,-809.0
-187.0,126.0,52.0,-58.0,,66.0,274.0,55.0,-46.0,-736.0
-146.0,-419.0,32.0,-10.0,,542.0,160.0,-14.0,-127.0,-779.0
-97.0,249.0,22.0,47.0,,37.0,77.0,-149.0,-152.0,-780.0
-87.0,-66.0,55.0,96.0,,-4.0,26.0,-382.0,-248.0,-673.0
-50.0,-208.0,63.0,58.0,,221.0,-57.0,-258.0,-381.0,-518.0
-2.0,-41.0,54.0,170.0,,-213.0,-81.0,-142.0,-664.0,-521.0
-17.0,-218.0,59.0,411.0,,557.0,-125.0,238.0,-916.0,-514.0
19.0,-11.0,102.0,486.0,,146.0,-130.0,454.0,-862.0,-470.0
-18.0,-867.0,116.0,494.0,,375.0,-90.0,659.0,-818.0,-485.0
-19.0,-761.0,121.0,504.0,,319.0,-51.0,748.0,-896.0,-416.0
52.0,-322.0,118.0,530.0,,-29.0,26.0,489.0,-925.0,-516.0
59.0,91.0,108.0,598.0,,531.0,69.0,347.0,-781.0,-675.0
66.0,500.0,147.0,660.0,,-6.0,115.0,25.0,-395.0,-579.0
44.0,1345.0,106.0,630.0,,674.0,178.0,5.0,-219.0,-493.0
16.0,1113.0,72.0,444.0,,565.0,201.0,57.0,-315.0,-595.0
18.0,1168.0,68.0,214.0,,306.0,222.0,60.0,-395.0,-656.0
52.0,2159.0,-28.0,173.0,,290.0,253.0,145.0,-414.0,-609.0
6.0,1151.0,-64.0,171.0,,-134.0,239.0,79.0,-273.0,-508.0
-15.0,571.0,-54.0,134.0,,865.0,214.0,214.0,-6.0,-362.0
46.0,206.0,-69.0,238.0,,539.0,170.0,195.0,118.0,-336.0
78.0,409.0,-112.0,206.0,,655.0,44.0,334.0,49.0,-506.0
12.0,-105.0,-137.0,24.0,,655.0,-94.0,641.0,142.0,-558.0
-111.0,-266.0,-111.0,-47.0,,365.0,-172.0,866.0,357.0,-409.0
-187.0,514.0,-36.0,56.0,,780.0,-176.0,1106.0,549.0,-367.0
-206.0,-573.0,32.0,186.0,,312.0,-154.0,1032.0,623.0,-461.0
-240.0,-758.0,73.0,311.0,,1055.0,-151.0,940.0,489.0,-520.0
-330.0,-24.0,167.0,441.0,,789.0,-118.0,657.0,439.0,-439.0
-386.0,-310.0,198.0,462.0,,463.0,-49.0,371.0,567.0,-325.0
-357.0,-1909.0,217.0,467.0,,582.0,77.0,168.0,638.0,-303.0
-392.0,-2307.0,235.0,456.0,,261.0,219.0,-121.0,402.0,-394.0
-492.0,-1023.0,209.0,415.0,,1076.0,299.0,-55.0,141.0,-542.0
-468.0,-1567.0,225.0,308.0,,465.0,328.0,27.0,23.0,-508.0
-460.0,-1973.0,203.0,83.0,,576.0,328.0,336.0,69.0,-435.0
-486.0,-243.0,152.0,-153.0,,609.0,296.0,694.0,155.0,-450.0
-523.0,2.0,166.0,-295.0,,250.0,176.0,859.0,-42.0,-449.0
-539.0,-221.0,173.0,-336.0,,726.0,113.0,1062.0,-158.0,-443.0
-510.0,314.0,158.0,-311.0,,279.0,98.0,934.0,-183.0,-333.0
-511.0,466.0,176.0,-169.0,,1114.0,21.0,912.0,-185.0,-266.0
-530.0,491.0,157.0,41.0,,897.0,-64.0,785.0,-32.0,-266.0
-571.0,-113.0,134.0,214.0,,630.0,-186.0,652.0,-21.0,-296.0
-513.0,377.0,127.0,352.0,,789.0,-249.0,726.0,-125.0,-375.0
-503.0,377.0,182.0,474.0,,400.0,-276.0,646.0,-121.0,-284.0
-518.0,-602.0,262.0,506.0,,1262.0,-313.0,814.0,-60.0,-271.0
-485.0,-234.0,269.0,519.0,,856.0,-325.0,894.0,18.0,-435.0
-466.0,116.0,248.0,573.0,,1167.0,-365.0,933.0,6.0,-548.0
-451.0,-111.0,259.0,484.0,,950.0,-355.0,777.0,-161.0,-608.0
-470.0,-131.0,333.0,325.0,,351.0,-310.0,491.0,-81.0,-618.0
-450.0,464.0,370.0,214.0,,925.0,-279.0,424.0,219.0,-684.0
-393.0,1329.0,393.0,89.0,,469.0,-190.0,380.0,410.0,-801.0
-353.0,1183.0,372.0,-58.0,,1176.0,-51.0,698.0,375.0,-836.0
-383.0,1170.0,338.0,-198.0,,750.0,71.0,849.0,161.0,-727.0
-433.0,1931.0,362.0,-297.0,,283.0,145.0,970.0,197.0,-624.0
-494.0,1122.0,336.0,-299.0,,640.0,221.0,1053.0,416.0,-662.0
-556.0,-123.0,296.0,-186.0,,277.0,291.0,982.0,461.0,-651.0
-630.0,-326.0,261.0,-163.0,,1187.0,331.0,1064.0,406.0,-600.0
-665.0,205.0,228.0,-166.0,,1001.0,395.0,755.0,330.0,-550.0
-602.0,92.0,147.0,-166.0,,1052.0,407.0,530.0,291.0,-466.0
-576.0,-600.0,88.0,-231.0,,729.0,339.0,304.0,305.0,-429.0
-600.0,192.0,71.0,-144.0,,-75.0,250.0,134.0,338.0,-461.0
-596.0,620.0,52.0,30.0,,794.0,130.0,264.0,259.0,-432.0
-573.0,-856.0,68.0,214.0,,561.0,-34.0,312.0,-35.0,-194.0
-567.0,-1590.0,44.0,389.0,,916.0,-230.0,485.0,-226.0,-151.0
-547.0,-310.0,67.0,463.0,,876.0,-399.0,443.0,-242.0,-351.0
-493.0,704.0,58.0,463.0,,576.0,-563.0,428.0,-177.0,-321.0
-385.0,704.0,42.0,505.0,,1060.0,-656.0,482.0,-152.0,-170.0
-296.0,407.0,124.0,630.0,,304.0,-645.0,511.0,-218.0,-215.0
-311.0,716.0,161.0,644.0,,884.0,-606.0,657.0,-166.0,-306.0
-318.0,-48.0,149.0,553.0,,994.0,-504.0,626.0,-60.0,-285.0
-271.0,-1106.0,103.0,494.0,,844.0,-369.0,787.0,70.0,-459.0
-268.0,-387.0,91.0,432.0,,868.0,-241.0,814.0,34.0,-642.0
-313.0,-232.0,112.0,429.0,,-74.0,-154.0,774.0,-108.0,-591.0
-354.0,-532.0,101.0,494.0,,757.0,-82.0,803.0,49.0,-698.0
-358.0,-404.0,89.0,536.0,,719.0,-6.0,753.0,272.0,-860.0
-324.0,323.0,100.0,618.0,,567.0,6.0,960.0,347.0,-732.0
-313.0,-473.0,157.0,813.0,,657.0,24.0,909.0,380.0,-529.0
-369.0,-1423.0,231.0,927.0,,107.0,68.0,805.0,264.0,-515.0
-440.0,-183.0,277.0,842.0,,850.0,116.0,731.0,107.0,-520.0
-434.0,532.0,327.0,656.0,,457.0,141.0,753.0,161.0,-409.0
-462.0,-170.0,409.0,350.0,,703.0,132.0,1005.0,247.0,-285.0
-515.0,-48.0,465.0,132.0,,1039.0,127.0,1036.0,119.0,-179.0
-517.0,1077.0,444.0,132.0,,514.0,108.0,1236.0,-63.0,-61.0
-505.0,535.0,404.0,173.0,,867.0,113.0,1282.0,-75.0,-9.0
-491.0,79.0,411.0,224.0,,169.0,112.0,1193.0,-53.0,-42.0
-479.0,-235.0,391.0,218.0,,539.0,89.0,1043.0,-24.0,67.0
-458.0,337.0,347.0,133.0,,808.0,93.0,727.0,-63.0,177.0
-399.0,1052.0,356.0,72.0,,509.0,93.0,757.0,-139.0,22.0
-282.0,-159.0,348.0,27.0,,1119.0,69.0,783.0,-60.0,-134.0
-227.0,-416.0,312.0,-22.0,,531.0,12.0,931.0,14.0,-145.0
-194.0,-276.0,238.0,-25.0,,745.0,-41.0,1029.0,185.0,-164.0
-104.0,-12.0,260.0,-8.0,,591.0,-79.0,938.0,161.0,-232.0
-36.0,-74.0,312.0,55.0,,391.0,-132.0,912.0,-207.0,-331.0
3.0,783.0,265.0,230.0,,1042.0,-172.0,787.0,-278.0,-460.0
43.0,1298.0,227.0,377.0,,382.0,-210.0,953.0,-78.0,-415.0
100.0,-389.0,235.0,489.0,,660.0,-260.0,1077.0,80.0,-378.0
171.0,-855.0,272.0,570.0,,464.0,-327.0,1164.0,132.0,-486.0
212.0,-520.0,252.0,524.0,,471.0,-378.0,1287.0,51.0,-553.0
184.0,-200.0,254.0,389.0,,1014.0,-368.0,1134.0,154.0,-645.0
128.0,-793.0,239.0,209.0,,324.0,-325.0,964.0,459.0,-677.0
74.0,-900.0,279.0,-11.0,,804.0,-248.0,654.0,527.0,-596.0
48.0,102.0,309.0,-274.0,,477.0,-127.0,569.0,331.0,-497.0
0.0,107.0,284.0,-565.0,,478.0,10.0,659.0,111.0,-518.0
-87.0,97.0,353.0,-792.0,,870.0,99.0,750.0,8.0,-394.0
-155.0,128.0,428.0,-871.0,,387.0,115.0,798.0,133.0,-155.0
-212.0,197.0,527.0,-900.0,,932.0,76.0,617.0,278.0,-99.0
-229.0,395.0,553.0,-833.0,,217.0,17.0,687.0,135.0,-128.0
-265.0,900.0,623.0,-600.0,,323.0,-8.0,781.0,51.0,-132.0
-294.0,1331.0,666.0,-295.0,,548.0,-18.0,881.0,168.0,11.0
-239.0,801.0,640.0,20.0,,160.0,-46.0,946.0,180.0,-11.0
-145.0,-659.0,670.0,219.0,,838.0,-94.0,1045.0,167.0,-111.0
-110.0,-994.0,632.0,326.0,,158.0,-113.0,1358.0,151.0,-89.0
-110.0,-405.0,635.0,394.0,,536.0,-121.0,1422.0,63.0,-196.0
-75.0,-1346.0,545.0,406.0,,324.0,-156.0,1528.0,72.0,-288.0
-57.0,-1392.0,414.0,383.0,,-89.0,-210.0,1557.0,253.0,-141.0
-3.0,-388.0,413.0,321.0,,619.0,-211.0,1537.0,447.0,-112.0
7.0,501.0,407.0,138.0,,75.0,-127.0,1385.0,484.0,-269.0
-16.0,402.0,358.0,-145.0,,632.0,-70.0,883.0,252.0,-157.0
39.0,-258.0,330.0,-314.0,,162.0,-54.0,628.0,-57.0,-80.0
101.0,235.0,325.0,-325.0,,233.0,-52.0,524.0,-21.0,-194.0
141.0,380.0,342.0,-314.0,,567.0,-37.0,655.0,38.0,-261.0
187.0,403.0,372.0,-304.0,,-156.0,29.0,905.0,-64.0,-336.0
242.0,298.0,337.0,-255.0,,634.0,54.0,942.0,-58.0,-374.0
270.0,755.0,352.0,-177.0,,107.0,74.0,809.0,-7.0,-269.0
288.0,1103.0,372.0,-103.0,,371.0,160.0,443.0,232.0,-248.0
308.0,383.0,364.0,-94.0,,91.0,257.0,301.0,290.0,-205.0
310.0,366.0,374.0,-145.0,,-247.0,286.0,295.0,92.0,5.0
289.0,223.0,361.0,-245.0,,379.0,282.0,456.0,-74.0,73.0
259.0,-535.0,411.0,-332.0,,-361.0,286.0,735.0,-144.0,177.0
210.0,-693.0,451.0,-348.0,,197.0,298.0,777.0,20.0,225.0
149.0,-150.0,439.0,-285.0,,-300.0,317.0,861.0,23.0,94.0
106.0,-39.0,491.0,-207.0,,-32.0,250.0,846.0,25.0,18.0
84.0,-417.0,553.0,-107.0,,52.0,221.0,958.0,-42.0,95.0
100.0,-236.0,550.0,55.0,,-306.0,225.0,1049.0,-34.0,175.0
64.0,466.0,579.0,115.0,,690.0,176.0,1016.0,63.0,38.0
49.0,708.0,609.0,61.0,,139.0,141.0,1069.0,7.0,-58.0
42.0,505.0,649.0,-31.0,,338.0,33.0,995.0,124.0,-52.0
0.0,259.0,669.0,-109.0,,-233.0,-93.0,1165.0,4.0,19.0
-62.0,702.0,591.0,-215.0,,51.0,-165.0,1195.0,183.0,-69.0
-164.0,799.0,542.0,-310.0,,390.0,-156.0,1223.0,557.0,-254.0
-144.0,12.0,551.0,-318.0,,-168.0,-74.0,1225.0,693.0,-241.0
-101.0,130.0,515.0,-315.0,,377.0,-14.0,816.0,836.0,-296.0
-101.0,240.0,465.0,-378.0,,-87.0,62.0,569.0,688.0,-326.0
-94.0,121.0,459.0,-446.0,,244.0,123.0,317.0,597.0,-282.0
-76.0,-142.0,428.0,-313.0,,-66.0,115.0,238.0,646.0,-410.0
-31.0,-361.0,381.0,-101.0,,145.0,112.0,103.0,643.0,-634.0
23.0,-402.0,363.0,47.0,,483.0,99.0,-14.0,366.0,-574.0
72.0,-702.0,365.0,249.0,,126.0,58.0,203.0,150.0,-419.0
94.0,-283.0,345.0,452.0,,308.0,45.0,284.0,101.0,-516.0
163.0,87.0,350.0,524.0,,-265.0,48.0,463.0,12.0,-531.0
225.0,275.0,318.0,470.0,,-19.0,6.0,498.0,9.0,-261.0
260.0,-92.0,327.0,301.0,,-230.0,-73.0,609.0,-280.0,-61.0
273.0,-436.0,382.0,131.0,,-31.0,-65.0,781.0,-577.0,-131.0
296.0,281.0,327.0,74.0,,151.0,1.0,777.0,-665.0,-148.0
347.0,163.0,340.0,49.0,,-127.0,22.0,912.0,-564.0,-204.0
380.0,-225.0,349.0,-36.0,,-163.0,56.0,927.0,-435.0,-202.0
377.0,-186.0,311.0,-214.0,,-568.0,158.0,942.0,-474.0,-96.0
323.0,109.0,310.0,-300.0,,-237.0,275.0,663.0,-282.0,-65.0
284.0,-63.0,292.0,-278.0,,-214.0,300.0,386.0,14.0,-71.0
218.0,-1028.0,329.0,-316.0,,-32.0,306.0,317.0,349.0,-142.0
139.0,-1349.0,343.0,-305.0,,8.0,312.0,73.0,767.0,-88.0
73.0,-1370.0,319.0,-104.0,,75.0,236.0,-42.0,957.0,-111.0
49.0,-1474.0,340.0,177.0,,-136.0,130.0,-245.0,985.0,-165.0
34.0,-1415.0,335.0,207.0,,-636.0,37.0,-271.0,1043.0,-223.0
0.0,-379.0,405.0,131.0,,-468.0,-49.0,-175.0,1079.0,-295.0
4.0,-37.0,448.0,101.0,,-358.0,-109.0,-169.0,1020.0,-157.0
38.0,-413.0,417.0,-7.0,,-392.0,-135.0,-83.0,745.0,-66.0
117.0,598.0,460.0,-57.0,,-732.0,-165.0,-194.0,379.0,32.0
167.0,752.0,426.0,-95.0,,-344.0,-194.0,-206.0,228.0,102.0
194.0,61.0,387.0,-79.0,,-50.0,-211.0,-338.0,348.0,193.0
258.0,225.0,400.0,-81.0,,-25.0,-165.0,-474.0,336.0,260.0
311.0,964.0,370.0,-162.0,,-480.0,-63.0,-389.0,43.0,220.0
344.0,1298.0,351.0,-141.0,,-641.0,-8.0,-404.0,-196.0,295.0
378.0,784.0,311.0,-134.0,,-292.0,-20.0,-269.0,-419.0,252.0
352.0,-69.0,287.0,-167.0,,-744.0,-82.0,-242.0,-420.0,215.0
311.0,-477.0,334.0,-250.0,,-809.0,-135.0,-116.0,-374.0,334.0
298.0,-677.0,334.0,-289.0,,-779.0,-174.0,123.0,-514.0,347.0
286.0,-1185.0,308.0,-290.0,,-246.0,-219.0,258.0,-583.0,214.0
302.0,-760.0,327.0,-369.0,,-90.0,-248.0,303.0,-621.0,245.0
318.0,-216.0,344.0,-315.0,,-129.0,-304.0,25.0,-439.0,362.0
362.0,-58.0,348.0,-101.0,,-102.0,-316.0,-125.0,-343.0,275.0
362.0,-186.0,342.0,97.0,,18.0,-277.0,-400.0,-426.0,199.0
323.0,190.0,345.0,281.0,,83.0,-255.0,-692.0,-403.0,220.0
293.0,607.0,358.0,488.0,,-226.0,-205.0,-944.0,-256.0,215.0
279.0,-275.0,368.0,558.0,,104.0,-132.0,-1189.0,64.0,187.0
326.0,639.0,406.0,558.0,,-177.0,-37.0,-1019.0,94.0,213.0
337.0,1309.0,446.0,485.0,,-296.0,21.0,-918.0,-206.0,189.0
331.0,340.0,453.0,212.0,,-440.0,54.0,-630.0,-331.0,180.0
329.0,-117.0,457.0,-148.0,,-345.0,115.0,-458.0,-265.0,240.0
342.0,11.0,483.0,-463.0,,-344.0,183.0,-461.0,-208.0,347.0
376.0,-272.0,532.0,-735.0,,-256.0,208.0,-345.0,-19.0,372.0
406.0,-1206.0,546.0,-980.0,,3.0,155.0,-485.0,117.0,269.0
479.0,-719.0,535.0,-1014.0,,-183.0,98.0,-382.0,50.0,340.0
547.0,-863.0,531.0,-926.0,,-39.0,-2.0,-247.0,36.0,333.0
588.0,-1034.0,545.0,-753.0,,-248.0,-40.0,-77.0,130.0,265.0
627.0,-550.0,578.0,-622.0,,175.0,-23.0,53.0,250.0,273.0
651.0,-509.0,538.0,-624.0,,6.0,-51.0,-118.0,174.0,344.0
660.0,-54.0,481.0,-490.0,,-217.0,-58.0,-247.0,129.0,519.0
652.0,79.0,440.0,-306.0,,-116.0,-83.0,-567.0,166.0,665.0
638.0,237.0,412.0,-115.0,,-68.0,-56.0,-792.0,232.0,866.0
630.0,636.0,384.0,102.0,,-91.0,-46.0,-1073.0,270.0,820.0
605.0,930.0,349.0,246.0,,-191.0,-49.0,-1332.0,4.0,797.0
555.0,717.0,365.0,257.0,,54.0,-8.0,-1359.0,-304.0,897.0
538.0,850.0,395.0,159.0,,48.0,2.0,-1444.0,-228.0,742.0
566.0,1123.0,354.0,15.0,,270.0,7.0,-1308.0,169.0,721.0
523.0,903.0,318.0,-124.0,,-225.0,19.0,-1260.0,168.0,621.0
449.0,602.0,357.0,-207.0,,-254.0,29.0,-1138.0,-19.0,423.0
434.0,429.0,310.0,-235.0,,-187.0,17.0,-925.0,-144.0,438.0
412.0,541.0,290.0,-148.0,,-404.0,25.0,-764.0,-272.0,434.0
362.0,342.0,332.0,-63.0,,-522.0,10.0,-511.0,-87.0,299.0
311.0,54.0,334.0,-6.0,,-442.0,-33.0,-484.0,-129.0,239.0
328.0,-164.0,396.0,143.0,,-175.0,-46.0,-395.0,-378.0,489.0
367.0,-869.0,407.0,316.0,,-383.0,-17.0,-476.0,-470.0,694.0
343.0,-1265.0,392.0,542.0,,-432.0,36.0,-545.0,-435.0,729.0
316.0,-430.0,454.0,678.0,,-549.0,84.0,-622.0,-196.0,840.0
332.0,-672.0,493.0,703.0,,-190.0,102.0,-981.0,34.0,922.0
372.0,-1250.0,465.0,736.0,,-384.0,137.0,-1093.0,56.0,975.0
365.0,-411.0,426.0,730.0,,-748.0,190.0,-1287.0,-110.0,1102.0
314.0,-663.0,378.0,691.0,,-573.0,198.0,-1260.0,-343.0,1231.0
309.0,-1091.0,338.0,563.0,,-780.0,253.0,-1101.0,-192.0,1186.0
383.0,-379.0,295.0,439.0,,-907.0,264.0,-1045.0,49.0,1040.0
379.0,-293.0,215.0,359.0,,-908.0,233.0,-981.0,-181.0,1121.0
332.0,-518.0,159.0,336.0,,-814.0,236.0,-1167.0,-289.0,1175.0
353.0,-380.0,108.0,343.0,,-527.0,193.0,-1090.0,-148.0,982.0
423.0,-201.0,49.0,279.0,,-550.0,148.0,-1036.0,-56.0,852.0
482.0,-178.0,22.0,214.0,,-738.0,87.0,-933.0,-162.0,723.0
441.0,488.0,27.0,122.0,,-858.0,12.0,-798.0,-282.0,670.0
424.0,1446.0,19.0,73.0,,-915.0,-51.0,-877.0,-204.0,658.0
475.0,997.0,-32.0,68.0,,-886.0,-108.0,-844.0,-10.0,617.0
491.0,876.0,-49.0,3.0,,-774.0,-206.0,-995.0,327.0,591.0
448.0,650.0,-30.0,-121.0,,-801.0,-306.0,-1018.0,404.0,583.0
435.0,246.0,-16.0,-331.0,,-960.0,-391.0,-1067.0,269.0,822.0
434.0,592.0,-14.0,-508.0,,-703.0,-478.0,-1202.0,82.0,995.0
387.0,109.0,10.0,-557.0,,-540.0,-462.0,-1282.0,1.0,1068.0
327.0,-505.0,90.0,-533.0,,-563.0,-447.0,-1457.0,85.0,1147.0
313.0,-928.0,111.0,-591.0,,-1057.0,-440.0,-1372.0,35.0,1183.0
362.0,-878.0,93.0,-647.0,,-1213.0,-328.0,-1363.0,-204.0,1143.0
374.0,-369.0,73.0,-527.0,,-1095.0,-163.0,-1213.0,-501.0,1012.0
404.0,292.0,75.0,-349.0,,-1033.0,34.0,-1014.0,-464.0,925.0
423.0,321.0,136.0,-177.0,,-1285.0,255.0,-997.0,-472.0,784.0
434.0,136.0,143.0,-65.0,,-1357.0,464.0,-925.0,-348.0,726.0
445.0,1040.0,140.0,-6.0,,-765.0,636.0,-1132.0,-98.0,672.0
447.0,1502.0,132.0,5.0,,-674.0,749.0,-1178.0,-259.0,619.0
477.0,531.0,71.0,-85.0,,-646.0,820.0,-1145.0,-200.0,678.0
493.0,661.0,7.0,-166.0,,-671.0,809.0,-1140.0,-98.0,770.0
541.0,755.0,-51.0,-332.0,,-109.0,696.0,-1060.0,-105.0,889.0
569.0,-1375.0,-83.0,-551.0,,-358.0,596.0,-1138.0,-157.0,923.0
609.0,-693.0,-96.0,-690.0,,-763.0,481.0,-1095.0,-184.0,901.0
619.0,-570.0,-164.0,-711.0,,-1022.0,300.0,-1132.0,-134.0,964.0
573.0,-2135.0,-214.0,-650.0,,-931.0,102.0,-1095.0,-169.0,1035.0
575.0,-651.0,-202.0,-595.0,,-723.0,-28.0,-1090.0,92.0,1039.0
589.0,-36.0,-238.0,-415.0,,-1289.0,-82.0,-1149.0,141.0,1029.0
570.0,-252.0,-233.0,-301.0,,-964.0,-186.0,-1093.0,26.0,943.0
504.0,-238.0,-224.0,-249.0,,-954.0,-271.0,-1236.0,6.0,923.0
458.0,-11.0,-252.0,-131.0,,-596.0,-310.0,-1241.0,-121.0,883.0
474.0,195.0,-247.0,-128.0,,-588.0,-361.0,-1359.0,-127.0,730.0
486.0,216.0,-266.0,-269.0,,-189.0,-367.0,-1461.0,-236.0,690.0
419.0,1206.0,-302.0,-429.0,,-35.0,-287.0,-1448.0,-415.0,684.0
346.0,1047.0,-294.0,-505.0,,-360.0,-182.0,-1544.0,-447.0,599.0
326.0,529.0,-293.0,-668.0,,-273.0,-62.0,-1446.0,-225.0,562.0
318.0,739.0,-339.0,-712.0,,-569.0,116.0,-1435.0,-149.0,598.0
230.0,1225.0,-360.0,-546.0,,-521.0,269.0,-1201.0,-328.0,575.0
113.0,1321.0,-411.0,-381.0,,-1128.0,371.0,-979.0,-343.0,620.0
35.0,418.0,-418.0,-241.0,,-1029.0,399.0,-894.0,-278.0,789.0
-32.0,-313.0,-321.0,-58.0,,-880.0,388.0,-744.0,-102.0,908.0
-123.0,-645.0,-306.0,257.0,,-782.0,366.0,-888.0,51.0,961.0
-260.0,52.0,-327.0,462.0,,-702.0,298.0,-873.0,251.0,1042.0
-304.0,-4.0,-308.0,604.0,,-477.0,248.0,-949.0,443.0,1124.0
-291.0,-832.0,-312.0,823.0,,-220.0,219.0,-1062.0,380.0,1103.0
-298.0,-708.0,-315.0,989.0,,-521.0,270.0,-1088.0,414.0,1046.0
-311.0,-338.0,-295.0,934.0,,-494.0,335.0,-1184.0,459.0,967.0
-287.0,81.0,-300.0,780.0,,-431.0,330.0,-1079.0,400.0,835.0
-234.0,369.0,-346.0,730.0,,-100.0,304.0,-1064.0,343.0,813.0
-219.0,746.0,-357.0,598.0,,-681.0,278.0,-892.0,358.0,904.0
-189.0,-2.0,-366.0,407.0,,-1111.0,297.0,-848.0,431.0,821.0
-106.0,340.0,-393.0,213.0,,-1011.0,297.0,-890.0,384.0,650.0
-53.0,1734.0,-430.0,72.0,,-805.0,316.0,-958.0,267.0,684.0
-91.0,1079.0,-442.0,-90.0,,-855.0,372.0,-1304.0,61.0,724.0
-113.0,52.0,-438.0,-286.0,,-1007.0,400.0,-1298.0,17.0,675.0
-95.0,-303.0,-432.0,-320.0,,-815.0,370.0,-1324.0,132.0,609.0
-131.0,746.0,-367.0,-311.0,,-805.0,305.0,-1293.0,145.0,585.0
-257.0,709.0,-361.0,-191.0,,-651.0,222.0,-1221.0,90.0,633.0
-321.0,-289.0,-367.0,-67.0,,-797.0,85.0,-1293.0,41.0,636.0
-343.0,103.0,-306.0,-89.0,,-953.0,-30.0,-1210.0,145.0,715.0
-383.0,-371.0,-273.0,-166.0,,-1252.0,-88.0,-1285.0,263.0,725.0
-423.0,-512.0,-266.0,-305.0,,-1327.0,-99.0,-1162.0,321.0,643.0
-455.0,-217.0,-244.0,-354.0,,-1377.0,-104.0,-994.0,272.0,785.0
-379.0,-116.0,-269.0,-332.0,,-1304.0,-86.0,-746.0,285.0,957.0
-337.0,-572.0,-256.0,-301.0,,-1047.0,-45.0,-432.0,356.0,929.0
-346.0,-1323.0,-258.0,-248.0,,-911.0,-51.0,-410.0,360.0,836.0
-358.0,-679.0,-281.0,-171.0,,-666.0,-40.0,-352.0,453.0,914.0
-344.0,-345.0,-266.0,-69.0,,-738.0,-17.0,-493.0,356.0,912.0
-328.0,-551.0,-319.0,31.0,,-694.0,1.0,-607.0,65.0,755.0
-377.0,-1727.0,-284.0,183.0,,-635.0,14.0,-905.0,-116.0,735.0
-409.0,-1226.0,-268.0,290.0,,-463.0,54.0,-1232.0,-97.0,730.0
-387.0,-9.0,-291.0,326.0,,-775.0,141.0,-1237.0,-63.0,741.0
-335.0,-372.0,-290.0,196.0,,-1391.0,235.0,-1398.0,-162.0,878.0
-336.0,-99.0,-332.0,29.0,,-1366.0,342.0,-1321.0,-239.0,1136.0
-302.0,51.0,-348.0,41.0,,-1053.0,452.0,-1317.0,-288.0,1245.0
-198.0,698.0,-388.0,65.0,,-749.0,529.0,-1298.0,-229.0,1240.0
-110.0,456.0,-408.0,181.0,,-932.0,538.0,-1178.0,-172.0,1395.0
-85.0,801.0,-433.0,276.0,,-817.0,503.0,-1195.0,-442.0,1524.0
-38.0,712.0,-455.0,303.0,,-351.0,409.0,-994.0,-630.0,1436.0
69.0,-227.0,-467.0,346.0,,-99.0,271.0,-951.0,-676.0,1197.0
174.0,575.0,-477.0,230.0,,-281.0,62.0,-816.0,-801.0,1096.0
224.0,813.0,-472.0,38.0,,-663.0,-197.0,-691.0,-646.0,1007.0
215.0,402.0,-488.0,-133.0,,-538.0,-383.0,-652.0,-616.0,772.0
216.0,-206.0,-490.0,-269.0,,-619.0,-562.0,-554.0,-643.0,692.0
155.0,757.0,-506.0,-477.0,,-865.0,-685.0,-672.0,-414.0,686.0
63.0,692.0,-485.0,-701.0,,-1214.0,-723.0,-702.0,-407.0,491.0
7.0,112.0,-465.0,-742.0,,-1210.0,-711.0,-875.0,-424.0,414.0
-23.0,249.0,-464.0,-729.0,,-1082.0,-664.0,-896.0,-333.0,488.0
-73.0,482.0,-475.0,-738.0,,-1124.0,-593.0,-822.0,-396.0,373.0
-140.0,1258.0,-443.0,-616.0,,-969.0,-479.0,-866.0,-264.0,168.0
-192.0,-431.0,-336.0,-361.0,,-738.0,-358.0,-722.0,78.0,123.0
-229.0,-192.0,-295.0,-222.0,,-364.0,-190.0,-724.0,82.0,246.0
-282.0,163.0,-255.0,-147.0,,-417.0,4.0,-620.0,-6.0,167.0
-373.0,-935.0,-224.0,-12.0,,-473.0,236.0,-702.0,-15.0,-32.0
-408.0,-434.0,-180.0,60.0,,-715.0,414.0,-872.0,-70.0,-76.0
-425.0,-377.0,-155.0,23.0,,-884.0,482.0,-877.0,-46.0,-110.0
-465.0,-88.0,-154.0,-75.0,,-924.0,463.0,-999.0,-47.0,-232.0
-539.0,-25.0,-129.0,-163.0,,-882.0,328.0,-881.0,-26.0,-306.0
-545.0,66.0,-130.0,-312.0,,-807.0,193.0,-816.0,23.0,-239.0
-504.0,-567.0,-83.0,-419.0,,-805.0,39.0,-681.0,-16.0,-340.0
-514.0,-1703.0,-53.0,-429.0,,-452.0,-112.0,-574.0,114.0,-425.0
-540.0,-332.0,-1.0,-352.0,,-309.0,-222.0,-570.0,251.0,-312.0
-541.0,1540.0,30.0,-125.0,,-269.0,-345.0,-399.0,183.0,-350.0
-476.0,646.0,39.0,64.0,,-293.0,-396.0,-437.0,135.0,-364.0
-447.0,-132.0,61.0,189.0,,-79.0,-342.0,-380.0,80.0,-104.0
-441.0,139.0,74.0,173.0,,-22.0,-264.0,-419.0,220.0,183.0
-436.0,440.0,98.0,-38.0,,-304.0,-143.0,-445.0,260.0,284.0
-400.0,279.0,79.0,-184.0,,-599.0,-10.0,-349.0,100.0,418.0
-404.0,-2259.0,78.0,-236.0,,-524.0,26.0,-445.0,120.0,542.0
-449.0,-1430.0,89.0,-314.0,,-148.0,58.0,-448.0,103.0,513.0
-405.0,314.0,97.0,-262.0,,-192.0,79.0,-535.0,9.0,458.0
-333.0,-1228.0,53.0,-150.0,,-516.0,37.0,-454.0,-168.0,376.0
-319.0,-1219.0,37.0,-80.0,,-405.0,-55.0,-400.0,-320.0,323.0
-376.0,-1037.0,51.0,20.0,,48.0,-254.0,-498.0,-390.0,327.0
-417.0,-1269.0,91.0,59.0,,85.0,-477.0,-476.0,-346.0,311.0
-463.0,-158.0,131.0,134.0,,-19.0,-682.0,-572.0,-220.0,294.0
-533.0,1483.0,87.0,190.0,,-137.0,-909.0,-489.0,-271.0,259.0
-641.0,677.0,116.0,180.0,,-183.0,-1118.0,-432.0,-385.0,229.0
-717.0,469.0,128.0,165.0,,-359.0,-1271.0,-397.0,-364.0,339.0
-733.0,1476.0,123.0,111.0,,-489.0,-1306.0,-384.0,-330.0,438.0
-777.0,1273.0,130.0,-10.0,,-590.0,-1204.0,-585.0,-371.0,393.0
-829.0,1509.0,122.0,-202.0,,-655.0,-1051.0,-642.0,-164.0,350.0
-810.0,-114.0,110.0,-296.0,,-435.0,-885.0,-703.0,-94.0,428.0
-726.0,-34.0,106.0,-304.0,,-183.0,-693.0,-604.0,-181.0,517.0
-686.0,1318.0,114.0,-391.0,,-81.0,-560.0,-593.0,-28.0,431.0
-664.0,97.0,110.0,-547.0,,-175.0,-448.0,-696.0,41.0,308.0
-637.0,-670.0,131.0,-530.0,,-141.0,-281.0,-594.0,174.0,277.0
-602.0,-32.0,148.0,-369.0,,-92.0,-187.0,-543.0,-60.0,195.0
-622.0,177.0,174.0,-186.0,,-202.0,-125.0,-258.0,-381.0,42.0
-659.0,-717.0,208.0,80.0,,-482.0,-48.0,-99.0,-276.0,33.0
-684.0,-376.0,265.0,319.0,,-469.0,-42.0,16.0,-295.0,30.0
-667.0,310.0,291.0,405.0,,-198.0,-93.0,168.0,-260.0,-123.0
-624.0,-900.0,282.0,425.0,,-114.0,-197.0,81.0,-381.0,-76.0
-652.0,-2349.0,275.0,436.0,,-270.0,-325.0,72.0,-410.0,81.0
-630.0,-770.0,291.0,366.0,,-249.0,-408.0,-109.0,-198.0,0.0
-596.0,149.0,297.0,233.0,,214.0,-482.0,-164.0,-40.0,-112.0
-563.0,-822.0,283.0,113.0,,661.0,-547.0,-254.0,10.0,-26.0
-550.0,-764.0,275.0,0.0,,602.0,-576.0,-336.0,-134.0,99.0
-529.0,-663.0,234.0,-168.0,,371.0,-621.0,-232.0,-230.0,96.0
-467.0,490.0,264.0,-224.0,,440.0,-667.0,-243.0,-200.0,41.0
-407.0,-416.0,270.0,-94.0,,594.0,-706.0,11.0,100.0,3.0
-386.0,-941.0,215.0,-74.0,,522.0,-768.0,103.0,164.0,-38.0
-383.0,971.0,184.0,-183.0,,226.0,-814.0,266.0,152.0,-108.0
-323.0,668.0,158.0,-238.0,,79.0,-822.0,502.0,284.0,-171.0
-347.0,758.0,173.0,-231.0,,38.0,-816.0,585.0,407.0,-237.0
-390.0,1772.0,198.0,-241.0,,193.0,-811.0,707.0,500.0,-321.0
-353.0,1036.0,195.0,-308.0,,390.0,-776.0,480.0,296.0,-377.0
-279.0,-567.0,200.0,-410.0,,410.0,-670.0,299.0,230.0,-334.0
-252.0,-363.0,190.0,-442.0,,302.0,-553.0,-57.0,112.0,-347.0
-246.0,543.0,160.0,-352.0,,325.0,-518.0,-391.0,54.0,-507.0
-161.0,146.0,208.0,-279.0,,371.0,-500.0,-515.0,-9.0,-556.0
-66.0,-489.0,200.0,-248.0,,281.0,-447.0,-689.0,-109.0,-613.0
-50.0,-159.0,180.0,-152.0,,237.0,-391.0,-508.0,-257.0,-662.0
-75.0,485.0,191.0,-109.0,,75.0,-389.0,-360.0,-665.0,-712.0
-31.0,-166.0,171.0,-229.0,,62.0,-430.0,-223.0,-658.0,-758.0
-7.0,-1086.0,217.0,-432.0,,267.0,-443.0,-206.0,-479.0,-666.0
-31.0,-1586.0,160.0,-571.0,,353.0,-438.0,-247.0,-421.0,-668.0
-86.0,-241.0,113.0,-585.0,,359.0,-471.0,-140.0,-422.0,-657.0
-134.0,290.0,129.0,-582.0,,622.0,-513.0,-99.0,-362.0,-567.0
-161.0,-856.0,108.0,-509.0,,879.0,-507.0,177.0,-322.0,-391.0
-235.0,213.0,100.0,-336.0,,774.0,-480.0,376.0,-11.0,-278.0
-321.0,-608.0,82.0,-228.0,,580.0,-429.0,589.0,331.0,-210.0
-370.0,-1337.0,69.0,-207.0,,615.0,-353.0,554.0,252.0,-68.0
-369.0,-436.0,91.0,-210.0,,606.0,-274.0,247.0,406.0,-98.0
-352.0,-621.0,117.0,-214.0,,340.0,-253.0,247.0,418.0,-92.0
-300.0,-296.0,123.0,-307.0,,63.0,-329.0,225.0,344.0,-78.0
-277.0,-367.0,146.0,-439.0,,242.0,-409.0,463.0,515.0,-182.0
-268.0,670.0,95.0,-391.0,,511.0,-438.0,667.0,343.0,-304.0
-244.0,672.0,72.0,-204.0,,452.0,-512.0,761.0,-115.0,-357.0
-223.0,-314.0,58.0,-53.0,,551.0,-657.0,862.0,-110.0,-440.0
-173.0,-309.0,25.0,-6.0,,617.0,-784.0,628.0,-79.0,-624.0
-130.0,350.0,33.0,-20.0,,717.0,-883.0,556.0,-237.0,-669.0
-68.0,926.0,-4.0,34.0,,772.0,-931.0,500.0,-248.0,-795.0
-16.0,-562.0,14.0,62.0,,858.0,-928.0,550.0,-324.0,-936.0
33.0,-33.0,27.0,-58.0,,1013.0,-861.0,570.0,-282.0,-947.0
73.0,426.0,38.0,-131.0,,916.0,-724.0,478.0,-409.0,-969.0
77.0,203.0,75.0,-148.0,,888.0,-562.0,582.0,-178.0,-1025.0
111.0,1444.0,88.0,-196.0,,763.0,-403.0,495.0,-23.0,-1092.0
133.0,916.0,134.0,-212.0,,705.0,-238.0,473.0,-139.0,-984.0
139.0,568.0,176.0,-269.0,,770.0,-48.0,334.0,254.0,-898.0
161.0,925.0,230.0,-356.0,,712.0,63.0,192.0,279.0,-929.0
192.0,344.0,302.0,-276.0,,853.0,157.0,121.0,274.0,-963.0
232.0,-31.0,355.0,-62.0,,959.0,234.0,-114.0,224.0,-909.0
277.0,-898.0,378.0,69.0,,1051.0,302.0,-118.0,-15.0,-764.0
298.0,-2347.0,365.0,244.0,,1170.0,366.0,-197.0,165.0,-750.0
289.0,-999.0,365.0,459.0,,1247.0,327.0,-62.0,60.0,-770.0
266.0,-893.0,387.0,505.0,,1264.0,280.0,214.0,-373.0,-735.0
237.0,-3243.0,354.0,449.0,,1012.0,208.0,421.0,-530.0,-622.0
203.0,-2747.0,330.0,325.0,,959.0,147.0,687.0,-684.0,-467.0
132.0,-1724.0,375.0,163.0,,968.0,138.0,700.0,-815.0,-435.0
92.0,-2293.0,383.0,-58.0,,945.0,174.0,844.0,-748.0,-400.0
79.0,-2553.0,351.0,-297.0,,749.0,196.0,892.0,-866.0,-380.0
31.0,-671.0,361.0,-420.0,,754.0,165.0,903.0,-973.0,-414.0
-37.0,606.0,392.0,-449.0,,1020.0,154.0,968.0,-971.0,-329.0
-107.0,376.0,401.0,-364.0,,1037.0,59.0,918.0,-804.0,-308.0
-106.0,1562.0,399.0,-228.0,,1026.0,-101.0,938.0,-488.0,-479.0
-105.0,2248.0,376.0,-8.0,,952.0,-238.0,691.0,-695.0,-497.0
-115.0,1324.0,391.0,335.0,,1062.0,-313.0,631.0,-856.0,-288.0
-72.0,1498.0,432.0,617.0,,884.0,-385.0,668.0,-610.0,-211.0
-9.0,1803.0,409.0,709.0,,795.0,-459.0,657.0,-490.0,-202.0
36.0,1018.0,407.0,604.0,,819.0,-450.0,805.0,-391.0,-91.0
41.0,577.0,390.0,385.0,,730.0,-416.0,742.0,-520.0,-33.0
65.0,585.0,422.0,130.0,,848.0,-357.0,777.0,-590.0,-63.0
91.0,855.0,442.0,-100.0,,762.0,-242.0,700.0,-545.0,-93.0
78.0,-81.0,387.0,-304.0,,870.0,-73.0,611.0,-583.0,-135.0
68.0,-489.0,400.0,-447.0,,942.0,107.0,556.0,-331.0,-271.0
108.0,209.0,362.0,-480.0,,809.0,311.0,441.0,-203.0,-347.0
169.0,495.0,345.0,-546.0,,685.0,500.0,617.0,-211.0,-246.0
189.0,1044.0,330.0,-655.0,,558.0,613.0,665.0,-162.0,-311.0
187.0,503.0,317.0,-680.0,,588.0,640.0,805.0,-5.0,-599.0
194.0,257.0,279.0,-513.0,,650.0,567.0,897.0,-11.0,-698.0
219.0,776.0,174.0,-295.0,,816.0,459.0,877.0,-245.0,-740.0
196.0,817.0,139.0,-181.0,,928.0,328.0,885.0,-231.0,-910.0
180.0,706.0,129.0,-52.0,,786.0,199.0,727.0,-336.0,-1035.0
245.0,-322.0,160.0,23.0,,699.0,79.0,753.0,-268.0,-1081.0
282.0,-578.0,115.0,108.0,,884.0,-35.0,589.0,-33.0,-1195.0
264.0,-398.0,39.0,254.0,,1148.0,-144.0,448.0,94.0,-1272.0
213.0,-607.0,-2.0,251.0,,922.0,-290.0,382.0,308.0,-1271.0
185.0,-108.0,-40.0,63.0,,606.0,-353.0,304.0,242.0,-1350.0
180.0,-943.0,-28.0,-175.0,,751.0,-311.0,515.0,299.0,-1325.0
161.0,-1453.0,5.0,-361.0,,830.0,-260.0,569.0,462.0,-1366.0
186.0,-619.0,62.0,-446.0,,616.0,-219.0,591.0,478.0,-1317.0
251.0,-225.0,82.0,-394.0,,474.0,-114.0,491.0,541.0,-1128.0
335.0,-545.0,110.0,-368.0,,581.0,97.0,482.0,504.0,-1120.0
365.0,-682.0,159.0,-536.0,,597.0,320.0,582.0,560.0,-1061.0
366.0,459.0,208.0,-665.0,,413.0,511.0,537.0,465.0,-931.0
403.0,771.0,216.0,-583.0,,280.0,680.0,622.0,404.0,-782.0
455.0,620.0,156.0,-411.0,,299.0,772.0,563.0,406.0,-704.0
483.0,815.0,184.0,-214.0,,321.0,778.0,593.0,140.0,-556.0
471.0,999.0,223.0,-103.0,,328.0,739.0,583.0,158.0,-348.0
494.0,191.0,191.0,-14.0,,269.0,625.0,604.0,221.0,-231.0
519.0,138.0,215.0,44.0,,20.0,487.0,798.0,212.0,-104.0
496.0,487.0,235.0,-44.0,,-137.0,390.0,792.0,220.0,5.0
446.0,-739.0,211.0,-140.0,,172.0,339.0,918.0,95.0,62.0
390.0,-24.0,161.0,-240.0,,300.0,319.0,844.0,141.0,54.0
391.0,386.0,110.0,-358.0,,237.0,335.0,742.0,201.0,168.0
390.0,-76.0,85.0,-415.0,,231.0,415.0,633.0,117.0,221.0
330.0,-30.0,83.0,-393.0,,254.0,495.0,384.0,72.0,123.0
327.0,383.0,62.0,-274.0,,447.0,564.0,339.0,-82.0,72.0
357.0,-180.0,-17.0,-136.0,,490.0,649.0,162.0,-194.0,84.0
349.0,-695.0,-62.0,-155.0,,611.0,732.0,199.0,-114.0,7.0
317.0,837.0,-76.0,-282.0,,356.0,825.0,227.0,-277.0,-277.0
283.0,350.0,-103.0,-320.0,,471.0,906.0,279.0,-335.0,-432.0
283.0,-257.0,-116.0,-213.0,,693.0,959.0,498.0,-306.0,-451.0
259.0,-197.0,-98.0,-70.0,,435.0,964.0,532.0,-549.0,-547.0
217.0,-266.0,-31.0,96.0,,309.0,912.0,746.0,-500.0,-643.0
177.0,-347.0,0.0,333.0,,272.0,816.0,849.0,-274.0,-613.0
159.0,-939.0,0.0,425.0,,426.0,668.0,997.0,-341.0,-496.0
156.0,-172.0,23.0,423.0,,306.0,490.0,977.0,-435.0,-401.0
128.0,732.0,32.0,384.0,,481.0,311.0,705.0,-486.0,-337.0
115.0,-303.0,24.0,278.0,,655.0,131.0,637.0,-374.0,-265.0
99.0,-792.0,41.0,204.0,,582.0,43.0,482.0,-229.0,-124.0
72.0,1095.0,85.0,72.0,,493.0,56.0,618.0,-294.0,-59.0
62.0,713.0,84.0,-31.0,,548.0,94.0,722.0,-188.0,20.0
76.0,-462.0,46.0,-88.0,,534.0,175.0,746.0,-180.0,112.0
113.0,669.0,49.0,-159.0,,234.0,282.0,779.0,-8.0,23.0
130.0,1185.0,14.0,-161.0,,138.0,421.0,642.0,164.0,-9.0
159.0,250.0,-11.0,-229.0,,183.0,578.0,727.0,23.0,38.0
213.0,-94.0,-58.0,-300.0,,408.0,777.0,652.0,127.0,-5.0
236.0,796.0,-110.0,-107.0,,427.0,984.0,617.0,-4.0,-166.0
257.0,28.0,-61.0,69.0,,294.0,1125.0,493.0,-114.0,-323.0
274.0,-1090.0,-31.0,-8.0,,207.0,1241.0,157.0,135.0,-408.0
276.0,-549.0,-14.0,-52.0,,163.0,1284.0,-25.0,184.0,-493.0
227.0,-84.0,-36.0,69.0,,102.0,1235.0,-230.0,-76.0,-613.0
185.0,-783.0,-2.0,205.0,,111.0,1145.0,-188.0,-60.0,-743.0
193.0,-1229.0,57.0,204.0,,239.0,1048.0,-84.0,236.0,-800.0
179.0,-124.0,65.0,93.0,,558.0,894.0,254.0,221.0,-895.0
139.0,129.0,113.0,62.0,,514.0,681.0,752.0,58.0,-951.0
84.0,-518.0,117.0,110.0,,214.0,489.0,1064.0,-83.0,-939.0
74.0,-425.0,163.0,97.0,,194.0,289.0,1363.0,64.0,-1052.0
65.0,-149.0,137.0,20.0,,306.0,141.0,1274.0,357.0,-1186.0
50.0,-45.0,115.0,-6.0,,377.0,70.0,1186.0,493.0,-1183.0
40.0,-297.0,150.0,93.0,,324.0,-21.0,1036.0,506.0,-1085.0
32.0,-590.0,116.0,123.0,,398.0,-55.0,781.0,293.0,-1062.0
65.0,266.0,113.0,65.0,,230.0,19.0,665.0,253.0,-1062.0
84.0,-270.0,56.0,155.0,,197.0,86.0,310.0,504.0,-1017.0
111.0,-1047.0,45.0,282.0,,257.0,165.0,86.0,634.0,-889.0
122.0,223.0,45.0,327.0,,356.0,224.0,-177.0,484.0,-689.0
142.0,156.0,7.0,294.0,,306.0,224.0,-286.0,301.0,-525.0
190.0,-240.0,-6.0,261.0,,167.0,244.0,-155.0,402.0,-441.0
234.0,73.0,-3.0,284.0,,252.0,222.0,-12.0,613.0,-417.0
255.0,1118.0,0.0,303.0,,336.0,221.0,491.0,544.0,-334.0
224.0,929.0,-31.0,316.0,,304.0,285.0,842.0,188.0,-272.0
217.0,-62.0,-26.0,305.0,,186.0,294.0,1036.0,193.0,-237.0
250.0,692.0,-36.0,285.0,,228.0,297.0,1019.0,406.0,-269.0
287.0,746.0,-1.0,287.0,,245.0,351.0,925.0,313.0,-356.0
269.0,605.0,-8.0,393.0,,256.0,490.0,861.0,413.0,-384.0
260.0,721.0,-42.0,525.0,,75.0,615.0,533.0,318.0,-384.0
313.0,1178.0,-36.0,627.0,,-61.0,679.0,413.0,9.0,-384.0
377.0,1220.0,-83.0,630.0,,-203.0,773.0,212.0,116.0,-487.0
427.0,261.0,-139.0,332.0,,-149.0,833.0,118.0,201.0,-511.0
454.0,351.0,-211.0,-58.0,,-117.0,794.0,168.0,220.0,-482.0
487.0,332.0,-231.0,-242.0,,-237.0,717.0,114.0,29.0,-539.0
500.0,-157.0,-251.0,-303.0,,-426.0,671.0,179.0,-80.0,-538.0
484.0,178.0,-290.0,-395.0,,-620.0,615.0,27.0,202.0,-523.0
432.0,454.0,-309.0,-506.0,,-291.0,567.0,55.0,72.0,-521.0
368.0,-38.0,-313.0,-498.0,,156.0,531.0,96.0,34.0,-544.0
349.0,125.0,-319.0,-346.0,,220.0,462.0,77.0,201.0,-541.0
345.0,779.0,-304.0,-276.0,,-109.0,375.0,229.0,-60.0,-583.0
318.0,301.0,-300.0,-221.0,,-28.0,297.0,254.0,-49.0,-683.0
288.0,406.0,-332.0,-199.0,,211.0,243.0,349.0,0.0,-714.0
277.0,1128.0,-268.0,-332.0,,206.0,166.0,336.0,-5.0,-774.0
249.0,538.0,-224.0,-363.0,,-21.0,95.0,447.0,253.0,-822.0
216.0,-11.0,-162.0,-200.0,,-56.0,58.0,508.0,132.0,-813.0
195.0,258.0,-97.0,-5.0,,-74.0,14.0,410.0,51.0,-803.0
178.0,-19.0,-79.0,110.0,,-308.0,-10.0,439.0,276.0,-787.0
146.0,-282.0,-76.0,173.0,,-370.0,-55.0,384.0,214.0,-699.0
101.0,-319.0,-66.0,78.0,,-298.0,-63.0,460.0,-116.0,-600.0
92.0,-790.0,0.0,-55.0,,-200.0,9.0,210.0,-64.0,-512.0
123.0,-1224.0,0.0,-17.0,,-206.0,60.0,-79.0,113.0,-353.0
171.0,-1476.0,-1.0,65.0,,19.0,141.0,-59.0,45.0,-223.0
214.0,-952.0,23.0,145.0,,83.0,200.0,123.0,290.0,-127.0
240.0,-729.0,53.0,226.0,,-28.0,253.0,633.0,182.0,27.0
280.0,-731.0,53.0,234.0,,-257.0,370.0,807.0,44.0,192.0
319.0,172.0,52.0,96.0,,-260.0,503.0,909.0,316.0,271.0
352.0,875.0,42.0,-19.0,,-239.0,662.0,837.0,301.0,355.0
376.0,495.0,-1.0,-79.0,,-275.0,799.0,480.0,302.0,486.0
406.0,604.0,-23.0,-110.0,,-181.0,854.0,236.0,161.0,599.0
402.0,865.0,-73.0,-96.0,,-165.0,778.0,-155.0,328.0,631.0
341.0,-140.0,-62.0,-118.0,,-71.0,668.0,-301.0,502.0,619.0
315.0,-531.0,-63.0,-36.0,,-191.0,471.0,-349.0,236.0,586.0
277.0,-170.0,-56.0,86.0,,-265.0,203.0,-295.0,366.0,469.0
232.0,-431.0,-37.0,161.0,,-238.0,52.0,-290.0,280.0,374.0
157.0,-1362.0,-37.0,182.0,,-88.0,-37.0,-339.0,126.0,295.0
119.0,-277.0,55.0,227.0,,-239.0,-189.0,-96.0,302.0,195.0
151.0,608.0,63.0,477.0,,-540.0,-396.0,-55.0,191.0,66.0
128.0,-168.0,51.0,712.0,,-630.0,-459.0,60.0,232.0,-19.0
63.0,275.0,115.0,716.0,,-531.0,-372.0,1.0,421.0,-103.0
-1.0,918.0,114.0,581.0,,-360.0,-213.0,-81.0,246.0,-150.0
37.0,1258.0,130.0,445.0,,-90.0,48.0,-25.0,277.0,-82.0
76.0,1200.0,134.0,308.0,,45.0,358.0,-216.0,275.0,-111.0
71.0,400.0,95.0,190.0,,-211.0,674.0,-208.0,140.0,-130.0
79.0,-527.0,124.0,136.0,,-236.0,895.0,-356.0,169.0,-104.0
137.0,192.0,82.0,68.0,,-26.0,984.0,-445.0,224.0,-125.0
218.0,48.0,22.0,-10.0,,122.0,969.0,-421.0,229.0,-138.0
209.0,-602.0,35.0,-123.0,,-191.0,843.0,-413.0,34.0,-160.0
203.0,-137.0,3.0,-194.0,,-334.0,684.0,-315.0,424.0,-203.0
225.0,-164.0,-4.0,-158.0,,-67.0,609.0,-447.0,471.0,-183.0
268.0,137.0,25.0,-34.0,,-21.0,567.0,-400.0,130.0,-93.0
273.0,89.0,57.0,114.0,,-446.0,472.0,-365.0,388.0,-56.0
240.0,332.0,121.0,169.0,,-655.0,337.0,-253.0,540.0,13.0
211.0,-362.0,133.0,234.0,,-470.0,239.0,-110.0,557.0,44.0
173.0,-769.0,120.0,289.0,,-305.0,178.0,-96.0,470.0,-45.0
120.0,-14.0,166.0,293.0,,-324.0,135.0,134.0,504.0,-92.0
28.0,-187.0,174.0,176.0,,-352.0,183.0,277.0,398.0,-71.0
-47.0,-595.0,204.0,-39.0,,-133.0,217.0,437.0,182.0,-102.0
-86.0,-1162.0,263.0,-124.0,,-36.0,197.0,369.0,14.0,-151.0
-85.0,-878.0,290.0,-200.0,,-202.0,234.0,216.0,62.0,-45.0
-104.0,-499.0,348.0,-253.0,,-573.0,321.0,158.0,-30.0,114.0
-145.0,-763.0,369.0,-183.0,,-455.0,393.0,-73.0,-158.0,209.0
-155.0,-915.0,377.0,-108.0,,-388.0,383.0,-223.0,243.0,312.0
-168.0,-66.0,431.0,15.0,,-616.0,353.0,-541.0,293.0,410.0
-180.0,398.0,444.0,155.0,,-905.0,370.0,-620.0,237.0,429.0
-221.0,-12.0,420.0,200.0,,-760.0,341.0,-469.0,-4.0,386.0
-283.0,314.0,430.0,179.0,,-619.0,264.0,-354.0,215.0,360.0
-292.0,275.0,453.0,162.0,,-798.0,195.0,-11.0,502.0,248.0
-286.0,-7.0,410.0,202.0,,-616.0,119.0,144.0,200.0,35.0
-298.0,-402.0,353.0,227.0,,-613.0,87.0,323.0,272.0,-50.0
-351.0,-167.0,316.0,251.0,,-701.0,90.0,341.0,-25.0,-106.0
-366.0,-99.0,261.0,297.0,,-809.0,152.0,242.0,-391.0,-273.0
-324.0,-792.0,232.0,179.0,,-618.0,266.0,260.0,-379.0,-360.0
-301.0,-818.0,207.0,-16.0,,-756.0,330.0,90.0,-355.0,-285.0
-285.0,-775.0,197.0,-72.0,,-1085.0,414.0,-3.0,-345.0,-224.0
-232.0,-186.0,216.0,-20.0,,-1072.0,525.0,-234.0,-448.0,-233.0
-127.0,130.0,178.0,-1.0,,-827.0,582.0,-323.0,-362.0,-229.0
-80.0,544.0,142.0,-21.0,,-850.0,585.0,-375.0,258.0,-248.0
-59.0,897.0,101.0,30.0,,-922.0,553.0,-526.0,532.0,-227.0
-7.0,500.0,41.0,121.0,,-579.0,510.0,-391.0,161.0,-201.0
43.0,602.0,29.0,128.0,,-673.0,420.0,-325.0,284.0,-233.0
39.0,780.0,0.0,42.0,,-1053.0,331.0,-140.0,543.0,-242.0
11.0,330.0,-16.0,0.0,,-1408.0,324.0,-77.0,446.0,-212.0
15.0,-596.0,-4.0,17.0,,-1222.0,297.0,-62.0,607.0,-149.0
36.0,-101.0,-19.0,-5.0,,-872.0,230.0,-1.0,520.0,-93.0
71.0,-283.0,-51.0,-46.0,,-950.0,151.0,-60.0,461.0,-42.0
48.0,-1735.0,-37.0,-64.0,,-1354.0,5.0,171.0,687.0,-30.0
72.0,-1920.0,0.0,-79.0,,-1391.0,-148.0,293.0,486.0,-59.0
124.0,-1448.0,28.0,-66.0,,-987.0,-197.0,314.0,868.0,-4.0
157.0,-896.0,36.0,-28.0,,-845.0,-150.0,136.0,738.0,123.0
167.0,-540.0,84.0,10.0,,-1110.0,-85.0,-197.0,231.0,194.0
158.0,-251.0,176.0,88.0,,-1074.0,42.0,-304.0,723.0,268.0
174.0,-66.0,215.0,123.0,,-815.0,246.0,-371.0,643.0,351.0
128.0,363.0,259.0,90.0,,-859.0,475.0,-206.0,316.0,360.0
79.0,832.0,272.0,86.0,,-880.0,632.0,-203.0,-83.0,337.0
52.0,1449.0,284.0,69.0,,-871.0,705.0,-264.0,-222.0,340.0
40.0,1577.0,291.0,59.0,,-812.0,762.0,-223.0,474.0,280.0
28.0,945.0,287.0,101.0,,-901.0,681.0,-275.0,215.0,191.0
6.0,284.0,253.0,148.0,,-728.0,512.0,-155.0,-82.0,231.0
-10.0,-16.0,199.0,152.0,,-643.0,331.0,-214.0,286.0,200.0
-8.0,-57.0,201.0,136.0,,-706.0,153.0,-133.0,-148.0,139.0
-1.0,-683.0,131.0,164.0,,-699.0,63.0,3.0,-213.0,213.0
-21.0,-446.0,116.0,245.0,,-440.0,57.0,42.0,-229.0,261.0
-28.0,-94.0,89.0,332.0,,-225.0,130.0,238.0,-546.0,262.0
-73.0,-578.0,51.0,306.0,,-333.0,248.0,181.0,-588.0,318.0
-141.0,-686.0,85.0,357.0,,-103.0,356.0,70.0,-746.0,430.0
-185.0,105.0,41.0,533.0,,200.0,442.0,-243.0,-224.0,473.0
-217.0,49.0,80.0,533.0,,171.0,498.0,-410.0,-321.0,442.0
-288.0,-665.0,133.0,397.0,,-277.0,461.0,-356.0,-544.0,432.0
-357.0,80.0,129.0,283.0,,-236.0,406.0,-362.0,-135.0,385.0
-408.0,226.0,180.0,237.0,,81.0,423.0,-73.0,-374.0,342.0
-454.0,277.0,208.0,244.0,,38.0,483.0,169.0,-60.0,381.0
-460.0,580.0,228.0,147.0,,-429.0,529.0,589.0,54.0,394.0
-454.0,257.0,262.0,7.0,,-595.0,510.0,805.0,-178.0,369.0
-430.0,327.0,253.0,-11.0,,-194.0,461.0,709.0,142.0,366.0
-449.0,123.0,304.0,44.0,,162.0,403.0,532.0,-24.0,427.0
-446.0,-439.0,315.0,110.0,,23.0,344.0,92.0,-43.0,501.0
-402.0,-917.0,247.0,235.0,,-534.0,239.0,-53.0,180.0,533.0
-384.0,-608.0,255.0,441.0,,-557.0,173.0,-243.0,16.0,546.0
-375.0,-68.0,260.0,599.0,,-350.0,141.0,-373.0,-184.0,473.0
-368.0,-233.0,302.0,736.0,,-189.0,96.0,-463.0,-50.0,411.0
-310.0,-313.0,325.0,887.0,,-19.0,116.0,-637.0,40.0,427.0
-290.0,-157.0,337.0,910.0,,179.0,138.0,-563.0,-194.0,427.0
-276.0,-203.0,356.0,774.0,,1.0,152.0,-521.0,-31.0,325.0
-196.0,-165.0,369.0,586.0,,-369.0,183.0,-157.0,225.0,188.0
-96.0,709.0,372.0,380.0,,-79.0,244.0,110.0,63.0,187.0
-66.0,1126.0,365.0,267.0,,354.0,253.0,145.0,-32.0,127.0
-54.0,557.0,416.0,262.0,,340.0,129.0,158.0,-156.0,13.0
5.0,697.0,421.0,223.0,,196.0,-20.0,40.0,-156.0,7.0
-1.0,799.0,380.0,149.0,,169.0,-170.0,155.0,92.0,28.0
-1.0,124.0,338.0,44.0,,287.0,-292.0,158.0,-355.0,48.0
-8.0,-236.0,376.0,-43.0,,348.0,-344.0,225.0,-483.0,-10.0
-15.0,-263.0,337.0,-112.0,,539.0,-384.0,234.0,-160.0,56.0
-22.0,-517.0,270.0,-202.0,,601.0,-400.0,181.0,-345.0,143.0
-71.0,-853.0,264.0,-260.0,,318.0,-364.0,245.0,-161.0,68.0
-92.0,-997.0,227.0,-280.0,,156.0,-294.0,42.0,-60.0,97.0
-132.0,-900.0,264.0,-334.0,,300.0,-155.0,68.0,-120.0,95.0
-161.0,-844.0,251.0,-387.0,,673.0,-4.0,68.0,200.0,-99.0
-201.0,-973.0,235.0,-441.0,,371.0,123.0,62.0,270.0,-248.0
-217.0,-802.0,269.0,-521.0,,-129.0,243.0,96.0,172.0,-234.0
-215.0,-144.0,291.0,-486.0,,-286.0,302.0,-55.0,302.0,-314.0
-232.0,507.0,290.0,-327.0,,-7.0,266.0,118.0,84.0,-377.0
-263.0,661.0,297.0,-130.0,,248.0,142.0,194.0,42.0,-243.0
-273.0,1034.0,345.0,-24.0,,185.0,20.0,266.0,271.0,-68.0
-241.0,2042.0,353.0,-3.0,,270.0,-94.0,181.0,-37.0,120.0
-250.0,1972.0,328.0,1.0,,428.0,-244.0,-171.0,-22.0,350.0
-221.0,853.0,318.0,-16.0,,340.0,-378.0,-347.0,20.0,568.0
-174.0,729.0,299.0,62.0,,74.0,-431.0,-519.0,-179.0,695.0
-130.0,498.0,213.0,270.0,,277.0,-419.0,-500.0,-144.0,821.0
-86.0,-332.0,125.0,456.0,,351.0,-449.0,-583.0,-208.0,960.0
-55.0,-218.0,61.0,565.0,,134.0,-447.0,-593.0,-307.0,1012.0
-28.0,36.0,23.0,633.0,,-218.0,-415.0,-432.0,-177.0,919.0
6.0,-209.0,6.0,659.0,,-70.0,-455.0,-188.0,-99.0,829.0
38.0,-475.0,-47.0,602.0,,110.0,-506.0,304.0,-78.0,763.0
59.0,-25.0,-115.0,375.0,,20.0,-532.0,428.0,161.0,686.0
87.0,91.0,-154.0,91.0,,-150.0,-545.0,467.0,-51.0,637.0
69.0,-672.0,-176.0,-94.0,,-336.0,-518.0,439.0,-49.0,559.0
49.0,-739.0,-191.0,-199.0,,-196.0,-459.0,358.0,370.0,535.0
1.0,-113.0,-130.0,-254.0,,-222.0,-417.0,277.0,271.0,502.0
-14.0,419.0,-69.0,-224.0,,-12.0,-391.0,-103.0,204.0,526.0
-1.0,-21.0,-56.0,-118.0,,-189.0,-371.0,-275.0,267.0,580.0
-34.0,-124.0,9.0,22.0,,-363.0,-316.0,-484.0,278.0,565.0
-69.0,449.0,92.0,235.0,,-392.0,-273.0,-539.0,307.0,613.0
-93.0,383.0,139.0,425.0,,0.0,-326.0,-430.0,302.0,752.0
-121.0,178.0,176.0,458.0,,258.0,-361.0,-426.0,320.0,909.0
-198.0,-64.0,199.0,325.0,,-81.0,-374.0,-284.0,177.0,1002.0
-287.0,262.0,207.0,153.0,,-2.0,-434.0,-238.0,-34.0,1162.0
-348.0,443.0,261.0,9.0,,143.0,-469.0,-70.0,11.0,1312.0
-366.0,189.0,286.0,-103.0,,289.0,-542.0,22.0,158.0,1276.0
-380.0,65.0,276.0,-176.0,,18.0,-637.0,201.0,286.0,1198.0
-400.0,-800.0,297.0,-203.0,,99.0,-727.0,469.0,120.0,1176.0
-382.0,-1374.0,311.0,-155.0,,227.0,-833.0,511.0,-60.0,1155.0
-331.0,-1150.0,351.0,-64.0,,130.0,-820.0,665.0,82.0,1072.0
-331.0,-1137.0,371.0,60.0,,-82.0,-787.0,604.0,11.0,1035.0
-346.0,-1416.0,406.0,141.0,,34.0,-777.0,648.0,-141.0,999.0
-351.0,-1371.0,462.0,268.0,,371.0,-674.0,663.0,-150.0,886.0
-361.0,-1075.0,485.0,455.0,,104.0,-528.0,432.0,-117.0,801.0
-300.0,-779.0,505.0,602.0,,-115.0,-384.0,304.0,-223.0,820.0
-266.0,-525.0,545.0,764.0,,-66.0,-260.0,-73.0,-120.0,891.0
-222.0,-273.0,565.0,859.0,,314.0,-191.0,-347.0,-131.0,932.0
-189.0,58.0,551.0,874.0,,86.0,-171.0,-522.0,-389.0,1111.0
-222.0,150.0,552.0,810.0,,-221.0,-194.0,-548.0,-423.0,1281.0
-289.0,480.0,568.0,643.0,,-261.0,-275.0,-461.0,-545.0,1305.0
-371.0,665.0,556.0,453.0,,-22.0,-397.0,-487.0,-475.0,1310.0
-375.0,477.0,494.0,299.0,,166.0,-604.0,-256.0,-721.0,1246.0
-358.0,316.0,496.0,107.0,,114.0,-828.0,-55.0,-789.0,1117.0
-326.0,594.0,510.0,-230.0,,230.0,-942.0,295.0,-491.0,932.0
-299.0,989.0,466.0,-674.0,,152.0,-972.0,591.0,-485.0,841.0
-264.0,884.0,434.0,-1013.0,,212.0,-999.0,665.0,-477.0,767.0
-216.0,1028.0,445.0,-1057.0,,151.0,-1003.0,683.0,-525.0,604.0
-202.0,1164.0,441.0,-958.0,,32.0,-959.0,497.0,43.0,470.0
-195.0,1256.0,441.0,-796.0,,-328.0,-913.0,565.0,-17.0,392.0
-212.0,1068.0,423.0,-575.0,,-388.0,-804.0,521.0,-130.0,336.0
-213.0,831.0,415.0,-340.0,,-9.0,-685.0,391.0,610.0,215.0
-203.0,464.0,495.0,-91.0,,83.0,-603.0,254.0,314.0,172.0
-228.0,98.0,471.0,84.0,,-164.0,-522.0,-29.0,311.0,186.0
-244.0,530.0,430.0,246.0,,-278.0,-414.0,-125.0,482.0,141.0
-261.0,487.0,428.0,314.0,,177.0,-292.0,-303.0,366.0,120.0
-273.0,416.0,465.0,231.0,,479.0,-306.0,-308.0,546.0,186.0
-280.0,-32.0,467.0,220.0,,373.0,-398.0,-260.0,299.0,240.0
-283.0,-382.0,389.0,354.0,,41.0,-465.0,-123.0,483.0,202.0
-286.0,49.0,391.0,467.0,,179.0,-531.0,77.0,564.0,183.0
-311.0,34.0,357.0,457.0,,402.0,-603.0,24.0,326.0,194.0
-304.0,-27.0,273.0,311.0,,189.0,-662.0,153.0,306.0,179.0
-281.0,-458.0,186.0,16.0,,163.0,-651.0,160.0,268.0,121.0
-251.0,-299.0,151.0,-202.0,,263.0,-610.0,208.0,-52.0,121.0
-256.0,-259.0,126.0,-190.0,,459.0,-581.0,243.0,-606.0,140.0
-281.0,-540.0,74.0,-55.0,,273.0,-584.0,125.0,-409.0,37.0
-275.0,-85.0,73.0,5.0,,61.0,-613.0,175.0,-547.0,-43.0
-276.0,285.0,82.0,-23.0,,155.0,-618.0,131.0,-904.0,-20.0
-274.0,644.0,122.0,-27.0,,103.0,-571.0,291.0,-867.0,-29.0
-261.0,537.0,119.0,-60.0,,-60.0,-531.0,369.0,-904.0,-110.0
-254.0,533.0,144.0,-69.0,,-256.0,-516.0,365.0,-472.0,-155.0
-243.0,29.0,212.0,-60.0,,-20.0,-447.0,321.0,-389.0,-160.0
-204.0,-201.0,238.0,-57.0,,79.0,-372.0,53.0,-84.0,-182.0
-174.0,167.0,299.0,-20.0,,104.0,-372.0,36.0,438.0,-144.0
-141.0,306.0,318.0,-5.0,,78.0,-408.0,-36.0,289.0,-13.0
-101.0,192.0,368.0,55.0,,-87.0,-501.0,48.0,400.0,20.0
-58.0,-302.0,392.0,140.0,,-93.0,-663.0,136.0,508.0,-26.0
-43.0,206.0,377.0,115.0,,-108.0,-783.0,116.0,580.0,39.0
-36.0,119.0,403.0,55.0,,155.0,-849.0,279.0,954.0,114.0
-23.0,-56.0,383.0,69.0,,7.0,-864.0,249.0,952.0,123.0
-57.0,-135.0,410.0,164.0,,-242.0,-850.0,332.0,785.0,197.0
-70.0,-501.0,396.0,264.0,,-121.0,-821.0,308.0,848.0,306.0
-99.0,-558.0,336.0,216.0,,220.0,-714.0,291.0,508.0,338.0
-120.0,-407.0,315.0,42.0,,353.0,-587.0,332.0,313.0,419.0
-88.0,26.0,288.0,-117.0,,206.0,-490.0,218.0,275.0,581.0
-65.0,-414.0,256.0,-287.0,,246.0,-446.0,258.0,-96.0,644.0
-33.0,-89.0,234.0,-452.0,,277.0,-432.0,144.0,-121.0,609.0
-6.0,298.0,225.0,-487.0,,218.0,-409.0,269.0,-9.0,597.0
9.0,179.0,193.0,-448.0,,33.0,-392.0,437.0,137.0,630.0
48.0,534.0,204.0,-414.0,,76.0,-401.0,410.0,34.0,592.0
66.0,546.0,194.0,-422.0,,209.0,-465.0,511.0,-155.0,529.0
51.0,146.0,179.0,-513.0,,260.0,-546.0,469.0,12.0,533.0
57.0,121.0,180.0,-630.0,,252.0,-607.0,509.0,68.0,499.0
116.0,454.0,123.0,-660.0,,361.0,-667.0,443.0,-212.0,470.0
137.0,260.0,144.0,-560.0,,358.0,-790.0,290.0,-260.0,479.0
103.0,162.0,208.0,-474.0,,152.0,-953.0,110.0,-149.0,516.0
84.0,255.0,232.0,-450.0,,-83.0,-1035.0,-66.0,-290.0,546.0
69.0,586.0,219.0,-341.0,,-68.0,-1024.0,-70.0,-60.0,543.0
81.0,678.0,212.0,-223.0,,73.0,-1022.0,-206.0,-150.0,579.0
73.0,-24.0,239.0,-218.0,,-125.0,-1047.0,-177.0,-375.0,579.0
41.0,-702.0,299.0,-256.0,,-110.0,-1035.0,-127.0,-270.0,537.0
7.0,-550.0,329.0,-177.0,,-2.0,-964.0,-31.0,-166.0,434.0
13.0,-483.0,300.0,16.0,,250.0,-828.0,92.0,92.0,374.0
12.0,-968.0,345.0,116.0,,385.0,-640.0,-16.0,138.0,362.0
-36.0,-980.0,375.0,164.0,,665.0,-432.0,66.0,-142.0,172.0
-67.0,-907.0,355.0,145.0,,891.0,-294.0,-11.0,-372.0,15.0
-83.0,-723.0,380.0,18.0,,568.0,-230.0,-110.0,218.0,-29.0
-78.0,-256.0,399.0,-79.0,,320.0,-212.0,-216.0,371.0,-155.0
-117.0,-54.0,374.0,-143.0,,221.0,-210.0,-404.0,19.0,-313.0
-116.0,-261.0,362.0,-159.0,,310.0,-230.0,-371.0,87.0,-363.0
-96.0,-435.0,383.0,-94.0,,60.0,-330.0,-415.0,104.0,-394.0
-63.0,-799.0,379.0,-1.0,,50.0,-422.0,-227.0,256.0,-424.0
-34.0,-924.0,379.0,50.0,,346.0,-493.0,-110.0,405.0,-333.0
-56.0,-704.0,375.0,0.0,,365.0,-502.0,-24.0,464.0,-205.0
-46.0,-626.0,318.0,-134.0,,185.0,-473.0,107.0,324.0,-192.0
-29.0,-252.0,330.0,-197.0,,-21.0,-424.0,-9.0,354.0,-260.0
3.0,231.0,314.0,-148.0,,196.0,-319.0,-31.0,235.0,-255.0
12.0,230.0,233.0,-131.0,,364.0,-243.0,-179.0,355.0,-319.0
60.0,-284.0,206.0,-250.0,,381.0,-188.0,-112.0,598.0,-476.0
70.0,-28.0,139.0,-334.0,,289.0,-204.0,-114.0,330.0,-596.0
64.0,15.0,120.0,-262.0,,270.0,-205.0,-219.0,424.0,-685.0
111.0,111.0,105.0,-191.0,,439.0,-157.0,-188.0,576.0,-759.0
139.0,246.0,63.0,-173.0,,347.0,-160.0,-363.0,637.0,-825.0
161.0,286.0,89.0,-83.0,,386.0,-211.0,-299.0,397.0,-868.0
162.0,920.0,98.0,34.0,,534.0,-316.0,-354.0,302.0,-924.0
203.0,597.0,112.0,39.0,,761.0,-436.0,-362.0,243.0,-899.0
214.0,336.0,169.0,102.0,,779.0,-538.0,-242.0,119.0,-832.0
220.0,-214.0,197.0,159.0,,537.0,-562.0,-275.0,159.0,-833.0
218.0,-4.0,209.0,110.0,,304.0,-484.0,-188.0,-192.0,-772.0
233.0,182.0,236.0,179.0,,-72.0,-327.0,-323.0,-275.0,-641.0
252.0,152.0,263.0,225.0,,4.0,-225.0,-363.0,-191.0,-583.0
228.0,1121.0,348.0,65.0,,192.0,-147.0,-382.0,-192.0,-537.0
227.0,901.0,380.0,-68.0,,232.0,-74.0,-402.0,-287.0,-426.0
243.0,1007.0,423.0,-50.0,,68.0,-105.0,-304.0,-377.0,-373.0
316.0,1064.0,400.0,-92.0,,213.0,-159.0,-330.0,-334.0,-349.0
368.0,272.0,359.0,-146.0,,591.0,-225.0,-216.0,-89.0,-273.0
403.0,-208.0,472.0,-204.0,,521.0,-274.0,-219.0,200.0,-241.0
456.0,-161.0,449.0,-424.0,,336.0,-327.0,-129.0,27.0,-327.0
512.0,-918.0,419.0,-521.0,,250.0,-310.0,-25.0,-148.0,-440.0
511.0,-1227.0,408.0,-439.0,,512.0,-215.0,-27.0,-124.0,-522.0
491.0,-1293.0,400.0,-373.0,,719.0,-135.0,73.0,-3.0,-684.0
517.0,-2068.0,421.0,-346.0,,811.0,-20.0,-16.0,172.0,-927.0
516.0,-821.0,423.0,-306.0,,673.0,76.0,55.0,-122.0,-1118.0
501.0,-470.0,412.0,-163.0,,461.0,82.0,-49.0,-572.0,-1227.0
454.0,-897.0,334.0,77.0,,262.0,16.0,-221.0,-417.0,-1347.0
418.0,111.0,295.0,290.0,,344.0,35.0,-208.0,-296.0,-1403.0
423.0,918.0,290.0,401.0,,569.0,106.0,-384.0,-109.0,-1372.0
443.0,895.0,323.0,451.0,,542.0,154.0,-393.0,-201.0,-1394.0
411.0,287.0,315.0,314.0,,333.0,168.0,-495.0,-466.0,-1354.0
380.0,713.0,340.0,43.0,,146.0,62.0,-497.0,122.0,-1224.0
399.0,1728.0,374.0,-185.0,,507.0,-112.0,-363.0,100.0,-1083.0
353.0,1864.0,336.0,-386.0,,849.0,-271.0,-351.0,-196.0,-957.0
288.0,1692.0,381.0,-536.0,,993.0,-304.0,-286.0,-221.0,-887.0
235.0,1578.0,376.0,-525.0,,791.0,-246.0,-303.0,-342.0,-824.0
163.0,1607.0,358.0,-421.0,,874.0,-243.0,-197.0,-117.0,-723.0
63.0,1859.0,356.0,-456.0,,919.0,-266.0,-264.0,-106.0,-658.0
-19.0,1233.0,288.0,-497.0,,700.0,-243.0,-280.0,-406.0,-684.0
-89.0,188.0,307.0,-411.0,,602.0,-193.0,-149.0,-570.0,-657.0
-139.0,-214.0,309.0,-316.0,,557.0,-153.0,-168.0,-257.0,-585.0
-163.0,-915.0,246.0,-276.0,,665.0,-81.0,-86.0,-220.0,-562.0
-181.0,-1463.0,187.0,-297.0,,624.0,10.0,-282.0,-58.0,-496.0
-154.0,-1685.0,115.0,-347.0,,955.0,18.0,-376.0,114.0,-380.0
-116.0,-2544.0,87.0,-363.0,,999.0,-21.0,-317.0,-313.0,-334.0
-104.0,-2741.0,52.0,-287.0,,847.0,-97.0,-308.0,74.0,-273.0
-120.0,-2082.0,13.0,-187.0,,608.0,-214.0,-221.0,172.0,-122.0
-106.0,-1762.0,-35.0,-67.0,,577.0,-241.0,-380.0,-309.0,-49.0
-67.0,-1839.0,-83.0,-128.0,,606.0,-198.0,-415.0,-540.0,-43.0
-58.0,-1396.0,-118.0,-368.0,,490.0,-151.0,-561.0,-785.0,37.0
-49.0,-447.0,-213.0,-531.0,,665.0,-116.0,-720.0,-715.0,75.0
-32.0,-315.0,-233.0,-634.0,,712.0,-117.0,-642.0,-908.0,-71.0
16.0,-338.0,-174.0,-606.0,,736.0,-67.0,-572.0,-815.0,-242.0
74.0,446.0,-213.0,-446.0,,361.0,68.0,-349.0,-542.0,-383.0
115.0,1591.0,-213.0,-143.0,,546.0,199.0,-356.0,-730.0,-552.0
163.0,2478.0,-168.0,75.0,,875.0,284.0,-389.0,-530.0,-613.0
218.0,3017.0,-153.0,89.0,,784.0,328.0,-434.0,-439.0,-575.0
254.0,2923.0,-102.0,166.0,,660.0,299.0,-423.0,-396.0,-557.0
246.0,2304.0,-131.0,254.0,,450.0,232.0,-295.0,-116.0,-618.0
261.0,1775.0,-113.0,218.0,,421.0,183.0,-454.0,-8.0,-621.0
268.0,1623.0,-80.0,137.0,,281.0,190.0,-458.0,-50.0,-539.0
230.0,1238.0,-97.0,182.0,,240.0,177.0,-513.0,-104.0,-589.0
199.0,189.0,-81.0,182.0,,292.0,84.0,-436.0,53.0,-645.0
192.0,-264.0,-95.0,28.0,,452.0,35.0,-240.0,-130.0,-563.0
197.0,-820.0,-80.0,-193.0,,404.0,28.0,-212.0,-15.0,-489.0
191.0,-1772.0,-94.0,-387.0,,309.0,22.0,-96.0,181.0,-462.0
202.0,-2333.0,-111.0,-464.0,,479.0,-1.0,-229.0,-196.0,-399.0
203.0,-2323.0,-55.0,-543.0,,634.0,-59.0,-223.0,-66.0,-413.0
242.0,-2217.0,-9.0,-525.0,,618.0,-78.0,-166.0,33.0,-458.0
282.0,-2281.0,-20.0,-376.0,,311.0,-102.0,-129.0,-6.0,-359.0
297.0,-1754.0,-15.0,-249.0,,232.0,-136.0,-49.0,159.0,-318.0
308.0,-1334.0,-26.0,-138.0,,390.0,-121.0,-136.0,-22.0,-445.0
293.0,-478.0,-42.0,55.0,,510.0,-71.0,-116.0,-226.0,-573.0
327.0,116.0,-64.0,289.0,,715.0,59.0,-345.0,20.0,-676.0
379.0,804.0,-133.0,357.0,,753.0,227.0,-485.0,-112.0,-813.0
411.0,1595.0,-138.0,266.0,,561.0,304.0,-565.0,-109.0,-962.0
420.0,1036.0,-167.0,138.0,,224.0,361.0,-650.0,358.0,-1073.0
479.0,1007.0,-204.0,10.0,,215.0,426.0,-495.0,118.0,-1139.0
572.0,1079.0,-212.0,-80.0,,481.0,472.0,-572.0,47.0,-1187.0
624.0,844.0,-215.0,-175.0,,412.0,511.0,-532.0,89.0,-1221.0
616.0,449.0,-228.0,-263.0,,244.0,469.0,-543.0,180.0,-1194.0
605.0,570.0,-241.0,-314.0,,348.0,455.0,-513.0,202.0,-1175.0
634.0,975.0,-222.0,-385.0,,582.0,456.0,-389.0,69.0,-1190.0
642.0,875.0,-201.0,-437.0,,557.0,397.0,-424.0,33.0,-1164.0
595.0,949.0,-169.0,-430.0,,680.0,344.0,-171.0,-278.0,-1145.0
498.0,491.0,-208.0,-429.0,,693.0,203.0,-70.0,-120.0,-1159.0
468.0,-2.0,-221.0,-453.0,,660.0,106.0,3.0,-117.0,-1174.0
459.0,-613.0,-211.0,-456.0,,581.0,116.0,1.0,150.0,-1141.0
420.0,-1012.0,-235.0,-498.0,,432.0,98.0,-147.0,141.0,-1108.0
364.0,-1269.0,-222.0,-420.0,,371.0,122.0,-120.0,-298.0,-1133.0
354.0,-1913.0,-200.0,-173.0,,223.0,244.0,-210.0,40.0,-1156.0
370.0,-1943.0,-147.0,-7.0,,300.0,418.0,-134.0,133.0,-1137.0
334.0,-1673.0,-134.0,60.0,,412.0,564.0,-147.0,215.0,-1103.0
279.0,-1530.0,-133.0,56.0,,656.0,743.0,-158.0,140.0,-1052.0
224.0,-1633.0,-144.0,41.0,,559.0,928.0,-171.0,62.0,-918.0
242.0,-2338.0,-199.0,-65.0,,585.0,1015.0,-306.0,-69.0,-817.0
241.0,-2116.0,-226.0,-155.0,,543.0,1033.0,-184.0,-176.0,-716.0
211.0,-1083.0,-259.0,-112.0,,461.0,931.0,-210.0,-22.0,-519.0
154.0,-920.0,-297.0,-22.0,,450.0,725.0,-90.0,-338.0,-333.0
161.0,-554.0,-309.0,73.0,,275.0,520.0,-75.0,-496.0,-205.0
220.0,-283.0,-338.0,60.0,,515.0,368.0,-197.0,-398.0,-135.0
230.0,255.0,-377.0,46.0,,559.0,243.0,-151.0,-161.0,3.0
255.0,512.0,-384.0,20.0,,450.0,126.0,-256.0,60.0,106.0
287.0,220.0,-370.0,40.0,,326.0,57.0,-107.0,58.0,108.0
368.0,732.0,-365.0,117.0,,659.0,-6.0,-44.0,-222.0,127.0
389.0,1190.0,-391.0,134.0,,895.0,-111.0,-81.0,-159.0,90.0
394.0,1526.0,-361.0,90.0,,870.0,-158.0,-182.0,241.0,12.0
451.0,1294.0,-317.0,-31.0,,765.0,-104.0,-323.0,272.0,-44.0
476.0,1565.0,-306.0,-124.0,,755.0,-45.0,-173.0,20.0,-56.0
457.0,1607.0,-281.0,-200.0,,624.0,38.0,-112.0,-343.0,-112.0
432.0,1150.0,-262.0,-249.0,,279.0,146.0,83.0,-344.0,-148.0
421.0,1225.0,-221.0,-289.0,,357.0,207.0,182.0,-159.0,-65.0
374.0,906.0,-185.0,-328.0,,256.0,232.0,197.0,-120.0,-89.0
295.0,729.0,-157.0,-270.0,,256.0,304.0,216.0,-364.0,-194.0
237.0,304.0,-110.0,-97.0,,60.0,435.0,0.0,-154.0,-169.0
234.0,341.0,-72.0,146.0,,250.0,486.0,-57.0,31.0,-147.0
210.0,194.0,-60.0,234.0,,588.0,482.0,-182.0,-156.0,-184.0
171.0,-339.0,-24.0,158.0,,633.0,469.0,-188.0,76.0,-184.0
143.0,-63.0,27.0,158.0,,460.0,419.0,-138.0,-54.0,-164.0
152.0,208.0,51.0,267.0,,122.0,384.0,-201.0,-59.0,-143.0
132.0,268.0,49.0,397.0,,87.0,414.0,-59.0,-42.0,-73.0
55.0,-397.0,30.0,467.0,,69.0,515.0,-49.0,-211.0,55.0
-11.0,-936.0,33.0,477.0,,292.0,603.0,51.0,13.0,132.0
3.0,-1257.0,1.0,398.0,,423.0,654.0,114.0,-124.0,181.0
18.0,-1571.0,-61.0,277.0,,605.0,670.0,105.0,-170.0,220.0
-63.0,-1417.0,-95.0,235.0,,407.0,633.0,147.0,-94.0,296.0
-71.0,-1447.0,-124.0,228.0,,323.0,589.0,51.0,-215.0,344.0
-54.0,-1306.0,-186.0,228.0,,240.0,529.0,24.0,-85.0,263.0
-33.0,-1349.0,-230.0,155.0,,-23.0,410.0,-127.0,-384.0,206.0
-43.0,-1377.0,-246.0,-12.0,,-64.0,241.0,-121.0,-523.0,180.0
-81.0,-871.0,-249.0,-69.0,,-19.0,136.0,-186.0,-479.0,181.0
-94.0,-200.0,-251.0,33.0,,255.0,135.0,-315.0,-582.0,164.0
-98.0,60.0,-298.0,107.0,,178.0,129.0,-236.0,-275.0,119.0
-142.0,305.0,-328.0,151.0,,179.0,108.0,-297.0,-531.0,104.0
-232.0,898.0,-325.0,197.0,,257.0,148.0,-88.0,-744.0,144.0
-232.0,687.0,-349.0,180.0,,295.0,255.0,27.0,-756.0,215.0
-224.0,740.0,-340.0,133.0,,-58.0,373.0,120.0,-706.0,246.0
-235.0,966.0,-309.0,17.0,,-161.0,476.0,358.0,-409.0,294.0
-291.0,705.0,-286.0,-141.0,,-89.0,601.0,461.0,-885.0,364.0
-290.0,360.0,-247.0,-285.0,,-70.0,714.0,716.0,-962.0,432.0
-233.0,16.0,-235.0,-355.0,,-27.0,781.0,654.0,-738.0,452.0
-219.0,100.0,-190.0,-374.0,,-184.0,780.0,471.0,-1053.0,438.0
-181.0,-133.0,-146.0,-422.0,,61.0,698.0,245.0,-656.0,402.0
-182.0,-471.0,-114.0,-432.0,,9.0,631.0,-79.0,-428.0,302.0
-176.0,-578.0,-118.0,-335.0,,-58.0,532.0,-260.0,-758.0,214.0
-194.0,-437.0,-102.0,-114.0,,-179.0,409.0,-474.0,-363.0,187.0
-252.0,-455.0,-60.0,82.0,,-224.0,356.0,-509.0,-29.0,130.0
-305.0,-783.0,-83.0,183.0,,-315.0,305.0,-550.0,46.0,52.0
-336.0,-746.0,-94.0,268.0,,-399.0,252.0,-388.0,77.0,70.0
-339.0,-480.0,-145.0,298.0,,-346.0,194.0,-79.0,33.0,90.0
-329.0,-308.0,-151.0,261.0,,-292.0,181.0,173.0,406.0,14.0
-338.0,84.0,-167.0,222.0,,-275.0,204.0,563.0,596.0,-95.0
-393.0,826.0,-192.0,245.0,,-372.0,171.0,785.0,571.0,-98.0
-416.0,1056.0,-177.0,127.0,,-260.0,107.0,1130.0,383.0,-99.0
-415.0,1382.0,-184.0,-249.0,,-375.0,52.0,1260.0,40.0,-183.0
-416.0,1568.0,-167.0,-532.0,,-383.0,71.0,1138.0,241.0,-176.0
-463.0,1170.0,-165.0,-544.0,,-540.0,130.0,968.0,251.0,-200.0
-501.0,838.0,-159.0,-419.0,,-399.0,182.0,500.0,-246.0,-306.0
-484.0,381.0,-174.0,-280.0,,-421.0,210.0,232.0,-301.0,-307.0
-458.0,232.0,-189.0,-173.0,,-552.0,239.0,-75.0,-411.0,-263.0
-441.0,266.0,-207.0,-90.0,,-509.0,316.0,-254.0,-399.0,-298.0
-423.0,493.0,-210.0,50.0,,-542.0,386.0,-286.0,-26.0,-322.0
-357.0,764.0,-177.0,209.0,,-534.0,469.0,-332.0,-383.0,-236.0
-315.0,870.0,-181.0,357.0,,-835.0,578.0,-86.0,-668.0,-104.0
-292.0,787.0,-196.0,525.0,,-624.0,680.0,66.0,-698.0,-37.0
-272.0,543.0,-168.0,554.0,,-532.0,774.0,341.0,-578.0,-15.0
-276.0,296.0,-159.0,375.0,,-727.0,796.0,508.0,-386.0,19.0
-289.0,-451.0,-181.0,208.0,,-1007.0,753.0,587.0,-657.0,94.0
-296.0,-811.0,-147.0,217.0,,-861.0,656.0,683.0,-294.0,195.0
-285.0,-986.0,-151.0,44.0,,-676.0,561.0,487.0,-24.0,267.0
-311.0,-865.0,-150.0,-290.0,,-760.0,492.0,369.0,-262.0,349.0
-337.0,-742.0,-114.0,-422.0,,-815.0,364.0,129.0,-131.0,480.0
-348.0,-971.0,-118.0,-493.0,,-772.0,331.0,75.0,224.0,645.0
-384.0,-332.0,-120.0,-578.0,,-646.0,337.0,173.0,303.0,786.0
-419.0,43.0,-146.0,-557.0,,-866.0,299.0,256.0,46.0,871.0
-407.0,467.0,-191.0,-485.0,,-713.0,275.0,497.0,233.0,928.0
-372.0,575.0,-239.0,-430.0,,-563.0,163.0,509.0,442.0,980.0
-370.0,798.0,-248.0,-207.0,,-486.0,57.0,594.0,514.0,994.0
-365.0,861.0,-289.0,121.0,,-709.0,26.0,559.0,310.0,926.0
-331.0,-65.0,-394.0,358.0,,-932.0,78.0,506.0,105.0,772.0
-283.0,-38.0,-437.0,531.0,,-995.0,198.0,513.0,282.0,650.0
-249.0,-518.0,-515.0,675.0,,-1044.0,324.0,332.0,65.0,622.0
-236.0,-789.0,-537.0,814.0,,-1168.0,464.0,371.0,287.0,613.0
-230.0,-479.0,-546.0,871.0,,-1330.0,556.0,303.0,524.0,663.0
-218.0,-49.0,-599.0,849.0,,-1001.0,593.0,264.0,198.0,756.0
-185.0,339.0,-558.0,809.0,,-971.0,650.0,212.0,124.0,853.0
-193.0,255.0,-593.0,619.0,,-1130.0,727.0,62.0,-19.0,942.0
-206.0,769.0,-598.0,322.0,,-1274.0,799.0,1.0,50.0,1014.0
-196.0,886.0,-541.0,127.0,,-1206.0,905.0,-168.0,91.0,1036.0
-190.0,1151.0,-497.0,11.0,,-1035.0,1005.0,-79.0,-95.0,939.0
-167.0,928.0,-436.0,-145.0,,-1109.0,1033.0,-97.0,-81.0,886.0
-154.0,687.0,-419.0,-319.0,,-1220.0,1003.0,-46.0,-108.0,894.0
-148.0,832.0,-349.0,-384.0,,-1172.0,938.0,97.0,-61.0,818.0
-142.0,636.0,-277.0,-259.0,,-1201.0,885.0,112.0,-254.0,703.0
-105.0,822.0,-236.0,21.0,,-1424.0,839.0,280.0,-161.0,695.0
-79.0,643.0,-227.0,245.0,,-1497.0,799.0,229.0,-29.0,772.0
-101.0,637.0,-209.0,310.0,,-1353.0,754.0,358.0,-44.0,822.0
-111.0,433.0,-202.0,326.0,,-1370.0,662.0,395.0,483.0,898.0
-113.0,569.0,-207.0,352.0,,-1572.0,540.0,412.0,632.0,1032.0
-141.0,1265.0,-203.0,431.0,,-1506.0,464.0,569.0,848.0,1109.0
-204.0,1660.0,-238.0,505.0,,-1227.0,440.0,415.0,735.0,1160.0
-268.0,1602.0,-216.0,502.0,,-1076.0,394.0,413.0,493.0,1291.0
-325.0,1455.0,-241.0,318.0,,-950.0,349.0,290.0,600.0,1265.0
-391.0,1668.0,-243.0,-23.0,,-757.0,280.0,267.0,604.0,1017.0
-448.0,945.0,-257.0,-241.0,,-880.0,223.0,351.0,648.0,872.0
-477.0,651.0,-300.0,-336.0,,-891.0,250.0,352.0,260.0,800.0
-523.0,460.0,-329.0,-397.0,,-951.0,252.0,356.0,390.0,562.0
-563.0,-381.0,-411.0,-460.0,,-995.0,207.0,145.0,367.0,338.0
-575.0,-812.0,-384.0,-467.0,,-1114.0,138.0,197.0,225.0,302.0
-588.0,-1436.0,-406.0,-380.0,,-1094.0,62.0,164.0,73.0,247.0
-568.0,-1530.0,-411.0,-332.0,,-886.0,-14.0,29.0,-248.0,95.0
-508.0,-1233.0,-369.0,-267.0,,-878.0,-29.0,-99.0,251.0,-14.0
-434.0,-921.0,-371.0,-108.0,,-772.0,74.0,-343.0,318.0,23.0
-343.0,-591.0,-268.0,74.0,,-804.0,202.0,-367.0,-134.0,93.0
-269.0,-250.0,-183.0,267.0,,-841.0,292.0,-393.0,-476.0,96.0
-264.0,40.0,-117.0,482.0,,-1158.0,328.0,-197.0,-494.0,166.0
-232.0,-161.0,-13.0,553.0,,-1264.0,350.0,-18.0,-462.0,239.0
-170.0,65.0,68.0,534.0,,-1205.0,405.0,48.0,-354.0,225.0
-175.0,532.0,153.0,511.0,,-920.0,507.0,238.0,-405.0,309.0
-213.0,324.0,213.0,474.0,,-1018.0,618.0,319.0,-617.0,498.0
-148.0,-52.0,287.0,357.0,,-1350.0,633.0,506.0,-444.0,561.0
-51.0,7.0,343.0,74.0,,-1332.0,595.0,450.0,-292.0,512.0
-57.0,12.0,357.0,-204.0,,-1237.0,562.0,275.0,20.0,567.0
-49.0,62.0,374.0,-357.0,,-1062.0,476.0,157.0,-101.0,694.0
-26.0,389.0,371.0,-431.0,,-1347.0,395.0,-66.0,-222.0,744.0
-16.0,436.0,376.0,-533.0,,-1184.0,305.0,-169.0,-29.0,782.0
-72.0,295.0,366.0,-525.0,,-1106.0,176.0,-397.0,160.0,851.0
-149.0,494.0,332.0,-483.0,,-1174.0,95.0,-423.0,482.0,872.0
-189.0,949.0,327.0,-470.0,,-1525.0,15.0,-327.0,297.0,841.0
-241.0,1170.0,314.0,-266.0,,-1377.0,-40.0,-153.0,157.0,843.0
-247.0,332.0,288.0,221.0,,-1066.0,-56.0,164.0,251.0,828.0
-281.0,-912.0,272.0,743.0,,-1292.0,-48.0,258.0,243.0,704.0
-310.0,-456.0,240.0,880.0,,-1136.0,-23.0,482.0,96.0,699.0
-298.0,-675.0,232.0,829.0,,-1149.0,-56.0,498.0,34.0,785.0
-304.0,-1281.0,177.0,733.0,,-962.0,-81.0,408.0,161.0,741.0
-304.0,-670.0,120.0,598.0,,-1066.0,-102.0,395.0,-16.0,702.0
-310.0,-1074.0,108.0,489.0,,-953.0,-119.0,347.0,-50.0,798.0
-295.0,-1138.0,72.0,377.0,,-903.0,-80.0,445.0,71.0,934.0
-277.0,-388.0,71.0,310.0,,-866.0,-20.0,380.0,-92.0,934.0
-265.0,149.0,31.0,216.0,,-893.0,67.0,410.0,-156.0,931.0
-254.0,354.0,53.0,115.0,,-1045.0,188.0,356.0,-54.0,972.0
-303.0,1325.0,86.0,94.0,,-895.0,308.0,323.0,-248.0,957.0
-309.0,1957.0,115.0,181.0,,-873.0,357.0,349.0,-126.0,972.0
-282.0,1141.0,170.0,266.0,,-791.0,358.0,175.0,43.0,999.0
-298.0,1307.0,163.0,340.0,,-993.0,306.0,199.0,-421.0,1025.0
-328.0,1195.0,213.0,362.0,,-827.0,230.0,24.0,-237.0,995.0
-366.0,237.0,231.0,416.0,,-914.0,214.0,-51.0,101.0,984.0
-336.0,-174.0,208.0,685.0,,-995.0,191.0,3.0,37.0,1042.0
-308.0,-915.0,203.0,845.0,,-887.0,106.0,5.0,-109.0,994.0
-308.0,-1382.0,224.0,826.0,,-922.0,-24.0,194.0,-45.0,930.0
-312.0,-1221.0,211.0,836.0,,-918.0,-130.0,175.0,46.0,956.0
-316.0,-1349.0,187.0,854.0,,-1020.0,-205.0,238.0,-18.0,1037.0
-343.0,-788.0,194.0,799.0,,-842.0,-285.0,201.0,304.0,1065.0
-404.0,-699.0,165.0,616.0,,-644.0,-294.0,218.0,25.0,1008.0
-418.0,-535.0,114.0,295.0,,-650.0,-193.0,360.0,-121.0,952.0
-431.0,395.0,98.0,19.0,,-644.0,-91.0,339.0,-13.0,840.0
-406.0,155.0,108.0,-221.0,,-463.0,-35.0,500.0,101.0,707.0
-374.0,51.0,63.0,-441.0,,-690.0,0.0,460.0,241.0,590.0
-336.0,-112.0,50.0,-405.0,,-920.0,-1.0,421.0,40.0,451.0
-262.0,11.0,24.0,-232.0,,-784.0,-25.0,284.0,141.0,280.0
-240.0,454.0,-12.0,-27.0,,-568.0,-93.0,103.0,-4.0,155.0
-235.0,738.0,-1.0,83.0,,-603.0,-152.0,53.0,311.0,149.0
-236.0,1191.0,31.0,102.0,,-772.0,-186.0,-218.0,475.0,116.0
-186.0,1523.0,55.0,157.0,,-752.0,-174.0,-293.0,190.0,33.0
-173.0,2219.0,99.0,204.0,,-615.0,-167.0,-482.0,145.0,20.0
-166.0,2017.0,187.0,283.0,,-519.0,-233.0,-476.0,-33.0,38.0
-128.0,1777.0,207.0,388.0,,-660.0,-296.0,-242.0,291.0,0.0
-139.0,1964.0,273.0,552.0,,-825.0,-416.0,-36.0,504.0,-34.0
-118.0,1975.0,370.0,573.0,,-916.0,-448.0,356.0,188.0,-18.0
-130.0,1613.0,394.0,266.0,,-978.0,-411.0,450.0,-117.0,-3.0
-109.0,540.0,400.0,-107.0,,-965.0,-412.0,522.0,34.0,27.0
-70.0,-378.0,406.0,-297.0,,-820.0,-370.0,413.0,272.0,67.0
-46.0,-1220.0,395.0,-346.0,,-799.0,-364.0,212.0,291.0,113.0
-58.0,-1600.0,358.0,-319.0,,-883.0,-365.0,44.0,444.0,169.0
-111.0,-1379.0,321.0,-265.0,,-948.0,-329.0,-375.0,326.0,217.0
-86.0,-990.0,271.0,-285.0,,-824.0,-294.0,-598.0,108.0,307.0
-72.0,-1048.0,236.0,-236.0,,-698.0,-306.0,-803.0,304.0,331.0
-70.0,-677.0,218.0,-178.0,,-730.0,-308.0,-831.0,555.0,241.0
-73.0,177.0,181.0,-162.0,,-759.0,-209.0,-654.0,420.0,206.0
-2.0,485.0,139.0,-99.0,,-719.0,-110.0,-480.0,92.0,180.0
78.0,262.0,113.0,-48.0,,-830.0,-102.0,-269.0,187.0,86.0
103.0,-440.0,85.0,-103.0,,-767.0,-138.0,-162.0,475.0,46.0
160.0,-351.0,58.0,-383.0,,-446.0,-186.0,55.0,501.0,81.0
224.0,178.0,48.0,-652.0,,-351.0,-295.0,138.0,433.0,155.0
302.0,622.0,41.0,-723.0,,-331.0,-449.0,218.0,235.0,271.0
339.0,477.0,6.0,-716.0,,-356.0,-605.0,304.0,262.0,347.0
318.0,-337.0,-35.0,-719.0,,-211.0,-696.0,118.0,416.0,395.0
231.0,-719.0,-17.0,-636.0,,-237.0,-645.0,22.0,439.0,467.0
179.0,-346.0,5.0,-432.0,,-340.0,-539.0,-206.0,474.0,497.0
161.0,-340.0,6.0,-238.0,,-261.0,-539.0,-351.0,316.0,527.0
107.0,-954.0,34.0,-145.0,,-216.0,-567.0,-469.0,168.0,576.0
44.0,-497.0,77.0,-94.0,,-196.0,-498.0,-641.0,220.0,579.0
-13.0,140.0,130.0,32.0,,-47.0,-394.0,-397.0,307.0,537.0
-77.0,266.0,170.0,76.0,,-70.0,-355.0,-181.0,220.0,427.0
-164.0,438.0,147.0,10.0,,-279.0,-380.0,173.0,-22.0,285.0
-197.0,1400.0,177.0,-25.0,,-423.0,-361.0,495.0,-93.0,152.0
-216.0,1704.0,183.0,-58.0,,-227.0,-291.0,676.0,-6.0,31.0
-199.0,1579.0,154.0,-126.0,,233.0,-210.0,816.0,179.0,-53.0
-199.0,2500.0,188.0,-80.0,,231.0,-154.0,624.0,371.0,-76.0
-230.0,2169.0,171.0,-55.0,,115.0,-175.0,461.0,170.0,-41.0
-267.0,1547.0,168.0,-197.0,,-18.0,-278.0,64.0,116.0,-44.0
-333.0,1328.0,145.0,-214.0,,205.0,-376.0,-347.0,290.0,-74.0
-335.0,1166.0,101.0,-179.0,,344.0,-410.0,-694.0,396.0,-87.0
-354.0,674.0,144.0,-194.0,,168.0,-541.0,-953.0,272.0,-90.0
-351.0,-409.0,179.0,-128.0,,52.0,-758.0,-885.0,-229.0,-117.0
-319.0,-673.0,146.0,65.0,,47.0,-846.0,-809.0,-142.0,-160.0
-297.0,-969.0,145.0,311.0,,98.0,-811.0,-434.0,168.0,-162.0
-249.0,-1582.0,144.0,357.0,,36.0,-809.0,-151.0,235.0,-207.0
-235.0,-1534.0,109.0,355.0,,256.0,-825.0,173.0,93.0,-277.0
-210.0,-1389.0,133.0,476.0,,588.0,-631.0,502.0,-356.0,-301.0
-212.0,-1500.0,110.0,544.0,,459.0,-381.0,504.0,-423.0,-327.0
-203.0,-1007.0,68.0,519.0,,-162.0,-350.0,617.0,-423.0,-298.0
-184.0,-706.0,59.0,511.0,,-241.0,-344.0,508.0,-323.0,-144.0
-216.0,-547.0,30.0,598.0,,7.0,-247.0,478.0,-121.0,17.0
-232.0,-543.0,26.0,633.0,,164.0,-238.0,341.0,-232.0,56.0
-230.0,-525.0,80.0,484.0,,-198.0,-368.0,62.0,-452.0,70.0
-214.0,228.0,122.0,297.0,,-447.0,-444.0,-158.0,-398.0,183.0
-209.0,220.0,141.0,179.0,,-165.0,-464.0,-541.0,-77.0,252.0
-184.0,612.0,218.0,124.0,,125.0,-606.0,-548.0,-416.0,190.0
-160.0,677.0,270.0,71.0,,413.0,-790.0,-593.0,-528.0,134.0
-129.0,296.0,291.0,38.0,,232.0,-830.0,-528.0,-361.0,86.0
-101.0,457.0,321.0,121.0,,-10.0,-803.0,-404.0,-150.0,-33.0
-110.0,-297.0,323.0,190.0,,-55.0,-824.0,-323.0,177.0,-190.0
-91.0,-54.0,339.0,203.0,,303.0,-743.0,53.0,136.0,-335.0
-55.0,74.0,366.0,161.0,,453.0,-504.0,103.0,301.0,-532.0
-44.0,-161.0,349.0,113.0,,283.0,-330.0,138.0,-110.0,-763.0
-74.0,-221.0,329.0,221.0,,27.0,-320.0,94.0,23.0,-920.0
-19.0,-410.0,332.0,313.0,,41.0,-284.0,-140.0,81.0,-1058.0
46.0,-83.0,313.0,199.0,,436.0,-152.0,-351.0,-483.0,-1205.0
37.0,-701.0,287.0,56.0,,756.0,-120.0,-609.0,-292.0,-1279.0
68.0,-415.0,278.0,32.0,,713.0,-208.0,-722.0,-360.0,-1248.0
118.0,-739.0,298.0,-48.0,,213.0,-186.0,-807.0,-242.0,-1178.0
161.0,-1594.0,308.0,-75.0,,141.0,-102.0,-628.0,17.0,-1106.0
169.0,-2107.0,334.0,54.0,,308.0,-180.0,-369.0,-28.0,-983.0
199.0,-2296.0,356.0,152.0,,485.0,-326.0,-55.0,-379.0,-818.0
262.0,-1186.0,369.0,172.0,,493.0,-367.0,297.0,-90.0,-663.0
302.0,-1615.0,404.0,116.0,,546.0,-373.0,343.0,283.0,-482.0
312.0,-567.0,392.0,108.0,,442.0,-426.0,391.0,123.0,-359.0
267.0,85.0,408.0,134.0,,148.0,-394.0,173.0,323.0,-254.0
261.0,-233.0,452.0,83.0,,275.0,-249.0,-138.0,180.0,-89.0
315.0,1387.0,478.0,-10.0,,513.0,-188.0,-458.0,321.0,-63.0
310.0,1377.0,488.0,-24.0,,504.0,-231.0,-883.0,481.0,-163.0
273.0,1251.0,496.0,-4.0,,135.0,-241.0,-1051.0,551.0,-235.0
281.0,1511.0,509.0,-64.0,,46.0,-246.0,-1182.0,612.0,-244.0
314.0,1928.0,503.0,-148.0,,160.0,-352.0,-971.0,325.0,-320.0
281.0,2156.0,511.0,-297.0,,358.0,-469.0,-659.0,185.0,-443.0
200.0,1340.0,507.0,-309.0,,632.0,-471.0,-412.0,277.0,-508.0
180.0,1325.0,529.0,-155.0,,868.0,-446.0,-31.0,355.0,-643.0
216.0,1385.0,545.0,-39.0,,836.0,-532.0,151.0,-23.0,-817.0
224.0,1160.0,531.0,4.0,,546.0,-663.0,330.0,-90.0,-891.0
195.0,808.0,539.0,24.0,,591.0,-645.0,376.0,-267.0,-843.0
208.0,171.0,559.0,134.0,,502.0,-571.0,388.0,-335.0,-867.0
219.0,-200.0,576.0,211.0,,250.0,-518.0,216.0,0.0,-954.0
204.0,-621.0,544.0,196.0,,298.0,-345.0,-42.0,-196.0,-874.0
177.0,-1288.0,510.0,155.0,,636.0,-82.0,-62.0,-464.0,-769.0
204.0,-1765.0,470.0,100.0,,759.0,105.0,-173.0,-462.0,-763.0
251.0,-2287.0,380.0,24.0,,740.0,184.0,-64.0,-141.0,-711.0
251.0,-2436.0,356.0,-86.0,,884.0,261.0,-94.0,-9.0,-583.0
255.0,-1694.0,318.0,-110.0,,925.0,338.0,-112.0,-17.0,-520.0
255.0,-1328.0,277.0,-139.0,,725.0,306.0,57.0,-60.0,-540.0
313.0,-1651.0,291.0,-280.0,,338.0,217.0,25.0,140.0,-495.0
351.0,-1217.0,267.0,-346.0,,386.0,240.0,99.0,624.0,-501.0
380.0,-395.0,302.0,-363.0,,582.0,297.0,-24.0,683.0,-604.0
434.0,-494.0,307.0,-279.0,,726.0,300.0,60.0,547.0,-607.0
475.0,-912.0,261.0,-82.0,,517.0,325.0,321.0,326.0,-533.0
493.0,-1113.0,255.0,27.0,,271.0,328.0,339.0,566.0,-472.0
482.0,-930.0,254.0,155.0,,594.0,267.0,363.0,664.0,-438.0
512.0,-776.0,263.0,360.0,,760.0,82.0,109.0,584.0,-377.0
535.0,-518.0,285.0,514.0,,535.0,-131.0,-147.0,648.0,-356.0
560.0,52.0,298.0,502.0,,315.0,-243.0,-382.0,191.0,-419.0
581.0,509.0,301.0,492.0,,704.0,-286.0,-535.0,163.0,-433.0
602.0,998.0,332.0,560.0,,817.0,-237.0,-635.0,201.0,-436.0
607.0,1154.0,337.0,546.0,,543.0,-104.0,-781.0,384.0,-498.0
588.0,1639.0,327.0,435.0,,479.0,43.0,-752.0,543.0,-543.0
547.0,1535.0,359.0,242.0,,740.0,160.0,-842.0,264.0,-509.0
489.0,691.0,344.0,74.0,,671.0,269.0,-739.0,353.0,-535.0
484.0,583.0,292.0,-128.0,,281.0,363.0,-646.0,533.0,-637.0
443.0,-57.0,291.0,-430.0,,419.0,414.0,-480.0,811.0,-638.0
381.0,-870.0,269.0,-581.0,,580.0,420.0,-42.0,563.0,-600.0
353.0,-1115.0,226.0,-529.0,,723.0,403.0,188.0,512.0,-634.0
367.0,-1268.0,176.0,-501.0,,561.0,457.0,482.0,535.0,-692.0
349.0,-770.0,140.0,-475.0,,310.0,511.0,485.0,296.0,-727.0
315.0,-240.0,115.0,-421.0,,228.0,518.0,367.0,465.0,-822.0
334.0,-277.0,80.0,-359.0,,440.0,516.0,216.0,127.0,-1010.0
330.0,364.0,58.0,-238.0,,764.0,498.0,-57.0,-42.0,-1101.0
331.0,1482.0,36.0,-170.0,,735.0,515.0,22.0,-115.0,-1099.0
343.0,1455.0,59.0,-206.0,,379.0,491.0,68.0,140.0,-1156.0
352.0,738.0,81.0,-253.0,,406.0,445.0,188.0,383.0,-1205.0
315.0,566.0,80.0,-266.0,,920.0,460.0,230.0,240.0,-1133.0
268.0,208.0,101.0,-269.0,,956.0,473.0,195.0,383.0,-1039.0
227.0,-718.0,138.0,-216.0,,639.0,455.0,134.0,74.0,-1032.0
179.0,-1160.0,182.0,4.0,,571.0,400.0,-134.0,190.0,-989.0
110.0,-1443.0,217.0,352.0,,946.0,332.0,-186.0,360.0,-861.0
83.0,-1844.0,278.0,536.0,,953.0,256.0,-351.0,264.0,-708.0
76.0,-1887.0,297.0,521.0,,402.0,169.0,-290.0,238.0,-587.0
6.0,-1785.0,277.0,574.0,,141.0,91.0,-136.0,232.0,-495.0
-34.0,-1526.0,289.0,667.0,,605.0,-23.0,-118.0,409.0,-411.0
-108.0,-878.0,288.0,586.0,,841.0,-109.0,136.0,288.0,-403.0
-86.0,-381.0,301.0,393.0,,482.0,-96.0,142.0,310.0,-462.0
-82.0,-216.0,293.0,262.0,,212.0,-62.0,197.0,-106.0,-519.0
-42.0,183.0,245.0,62.0,,578.0,17.0,144.0,-421.0,-535.0
59.0,222.0,224.0,-218.0,,1004.0,123.0,-53.0,-175.0,-560.0
103.0,83.0,217.0,-401.0,,698.0,259.0,-214.0,-143.0,-634.0
215.0,396.0,207.0,-472.0,,398.0,428.0,-478.0,-351.0,-680.0
235.0,219.0,169.0,-457.0,,504.0,506.0,-482.0,-629.0,-650.0
257.0,-270.0,194.0,-431.0,,822.0,623.0,-522.0,-464.0,-621.0
229.0,-122.0,226.0,-332.0,,777.0,772.0,-421.0,-356.0,-609.0
239.0,-298.0,231.0,-95.0,,497.0,844.0,-308.0,-374.0,-549.0
233.0,-1175.0,307.0,136.0,,606.0,885.0,-284.0,-327.0,-493.0
194.0,-1031.0,383.0,354.0,,966.0,873.0,-210.0,-81.0,-466.0
206.0,-546.0,449.0,491.0,,1040.0,841.0,-351.0,-237.0,-501.0
132.0,-748.0,468.0,469.0,,886.0,710.0,-332.0,-228.0,-569.0
100.0,-210.0,457.0,439.0,,749.0,549.0,-334.0,290.0,-636.0
62.0,801.0,461.0,442.0,,740.0,425.0,-173.0,-123.0,-770.0
70.0,917.0,414.0,411.0,,799.0,253.0,-44.0,-172.0,-842.0
70.0,375.0,352.0,294.0,,920.0,144.0,-169.0,-82.0,-854.0
78.0,-137.0,291.0,115.0,,968.0,137.0,-118.0,-25.0,-907.0
99.0,-376.0,258.0,-129.0,,943.0,140.0,-251.0,202.0,-910.0
135.0,-279.0,235.0,-362.0,,966.0,107.0,-221.0,-125.0,-818.0
165.0,-35.0,177.0,-484.0,,1128.0,89.0,-179.0,-169.0,-687.0
155.0,534.0,176.0,-526.0,,1146.0,75.0,-120.0,-95.0,-581.0
170.0,982.0,167.0,-480.0,,805.0,48.0,177.0,60.0,-496.0
151.0,936.0,164.0,-430.0,,907.0,62.0,334.0,-22.0,-405.0
153.0,1175.0,167.0,-378.0,,1086.0,99.0,626.0,-80.0,-306.0
136.0,1800.0,120.0,-295.0,,1070.0,129.0,604.0,-80.0,-203.0
131.0,2158.0,163.0,-132.0,,643.0,163.0,388.0,-136.0,-97.0
116.0,2406.0,150.0,88.0,,490.0,167.0,168.0,66.0,22.0
122.0,2683.0,102.0,248.0,,832.0,149.0,-127.0,240.0,122.0
112.0,2022.0,114.0,506.0,,891.0,174.0,-208.0,380.0,154.0
94.0,707.0,94.0,802.0,,567.0,169.0,-376.0,147.0,201.0
101.0,-111.0,116.0,826.0,,402.0,138.0,-485.0,251.0,256.0
93.0,-479.0,126.0,643.0,,628.0,149.0,-726.0,411.0,278.0
76.0,-1280.0,112.0,440.0,,716.0,216.0,-846.0,360.0,332.0
20.0,-2088.0,102.0,189.0,,899.0,227.0,-727.0,275.0,365.0
39.0,-2065.0,73.0,-100.0,,786.0,213.0,-703.0,122.0,333.0
21.0,-1753.0,56.0,-327.0,,716.0,226.0,-391.0,291.0,279.0
2.0,-2028.0,24.0,-421.0,,631.0,151.0,-112.0,184.0,248.0
-1.0,-2564.0,-2.0,-496.0,,973.0,103.0,212.0,182.0,194.0
24.0,-1733.0,-45.0,-564.0,,1237.0,68.0,452.0,62.0,146.0
86.0,-704.0,-101.0,-425.0,,843.0,16.0,497.0,-263.0,151.0
93.0,-596.0,-96.0,-181.0,,433.0,10.0,676.0,-220.0,159.0
84.0,68.0,-90.0,49.0,,336.0,10.0,644.0,-257.0,169.0
24.0,626.0,-93.0,197.0,,829.0,74.0,567.0,-218.0,228.0
-13.0,459.0,-91.0,282.0,,1009.0,157.0,205.0,-330.0,306.0
-26.0,151.0,-93.0,330.0,,815.0,182.0,-254.0,-582.0,302.0
-34.0,20.0,-60.0,316.0,,630.0,196.0,-502.0,-529.0,237.0
-93.0,95.0,-42.0,319.0,,674.0,244.0,-718.0,-451.0,269.0
-142.0,-600.0,3.0,261.0,,613.0,299.0,-678.0,-484.0,381.0
-163.0,-623.0,55.0,171.0,,863.0,266.0,-633.0,-562.0,400.0
-215.0,202.0,126.0,130.0,,1038.0,95.0,-400.0,-627.0,375.0
-265.0,-161.0,204.0,69.0,,1067.0,-181.0,-107.0,-668.0,336.0
-296.0,-401.0,229.0,-134.0,,743.0,-481.0,238.0,-335.0,240.0
-278.0,379.0,306.0,-415.0,,215.0,-741.0,696.0,-82.0,120.0
-252.0,1019.0,328.0,-479.0,,394.0,-920.0,796.0,-226.0,61.0
-250.0,1089.0,302.0,-331.0,,571.0,-981.0,849.0,-123.0,119.0
-249.0,1252.0,285.0,-200.0,,617.0,-933.0,635.0,-27.0,152.0
-222.0,1327.0,258.0,-126.0,,306.0,-760.0,371.0,-70.0,193.0
-161.0,871.0,258.0,-107.0,,408.0,-514.0,101.0,44.0,259.0
-110.0,95.0,203.0,-108.0,,708.0,-282.0,-301.0,4.0,176.0
-87.0,-336.0,161.0,-44.0,,673.0,-99.0,-423.0,-309.0,59.0
0.0,-334.0,142.0,40.0,,531.0,45.0,-532.0,-149.0,164.0
120.0,-378.0,121.0,151.0,,532.0,180.0,-277.0,54.0,262.0
261.0,-201.0,137.0,278.0,,580.0,338.0,9.0,73.0,244.0
337.0,167.0,131.0,272.0,,372.0,512.0,149.0,20.0,341.0
352.0,509.0,133.0,99.0,,305.0,599.0,345.0,-471.0,453.0
428.0,679.0,110.0,-104.0,,235.0,654.0,351.0,-361.0,518.0
478.0,885.0,87.0,-253.0,,253.0,613.0,508.0,-177.0,556.0
451.0,980.0,93.0,-401.0,,358.0,429.0,491.0,-266.0,552.0
356.0,780.0,82.0,-633.0,,317.0,228.0,474.0,-304.0,486.0
356.0,-65.0,129.0,-732.0,,245.0,40.0,408.0,-671.0,358.0
399.0,-186.0,166.0,-567.0,,166.0,-104.0,247.0,-570.0,259.0
392.0,275.0,196.0,-425.0,,158.0,-319.0,290.0,-175.0,198.0
383.0,-293.0,287.0,-404.0,,216.0,-564.0,97.0,-71.0,97.0
371.0,-22.0,344.0,-359.0,,250.0,-709.0,-22.0,-20.0,-23.0
367.0,348.0,356.0,-243.0,,351.0,-816.0,-212.0,39.0,8.0
355.0,453.0,364.0,-98.0,,324.0,-924.0,-280.0,0.0,40.0
338.0,128.0,349.0,-72.0,,452.0,-1006.0,-142.0,251.0,-42.0
311.0,-190.0,322.0,-283.0,,522.0,-1033.0,-88.0,531.0,-45.0
306.0,11.0,284.0,-381.0,,242.0,-1023.0,243.0,372.0,-3.0
271.0,-919.0,221.0,-250.0,,-104.0,-994.0,395.0,322.0,-15.0
234.0,-820.0,186.0,-181.0,,-83.0,-869.0,493.0,325.0,28.0
191.0,-203.0,116.0,-65.0,,26.0,-691.0,502.0,339.0,169.0
116.0,-37.0,24.0,141.0,,63.0,-568.0,373.0,188.0,229.0
32.0,-286.0,-26.0,301.0,,91.0,-444.0,288.0,11.0,197.0
-16.0,-179.0,-102.0,335.0,,252.0,-391.0,-18.0,183.0,150.0
-12.0,395.0,-181.0,184.0,,459.0,-353.0,-27.0,100.0,159.0
-44.0,-833.0,-245.0,-43.0,,255.0,-224.0,33.0,-55.0,132.0
-73.0,-1435.0,-285.0,-258.0,,265.0,-129.0,173.0,-23.0,46.0
-24.0,-811.0,-259.0,-451.0,,282.0,-40.0,400.0,98.0,127.0
36.0,-456.0,-227.0,-640.0,,392.0,-28.0,465.0,93.0,260.0
-3.0,-592.0,-233.0,-757.0,,372.0,-140.0,705.0,42.0,329.0
-21.0,-430.0,-218.0,-679.0,,453.0,-325.0,774.0,22.0,423.0
-24.0,-438.0,-157.0,-459.0,,356.0,-585.0,820.0,-180.0,579.0
-20.0,-1528.0,-114.0,-279.0,,279.0,-764.0,735.0,-61.0,646.0
-3.0,-1655.0,-88.0,-199.0,,475.0,-811.0,504.0,51.0,703.0
-5.0,-975.0,-8.0,-112.0,,517.0,-797.0,412.0,151.0,874.0
53.0,-236.0,70.0,-20.0,,296.0,-828.0,238.0,269.0,920.0
105.0,320.0,116.0,21.0,,-45.0,-841.0,258.0,291.0,879.0
170.0,1484.0,184.0,16.0,,271.0,-799.0,234.0,299.0,850.0
129.0,2708.0,233.0,60.0,,457.0,-835.0,218.0,59.0,827.0
64.0,2390.0,256.0,141.0,,488.0,-866.0,262.0,11.0,734.0
86.0,2128.0,266.0,160.0,,271.0,-860.0,303.0,-64.0,614.0
93.0,2007.0,264.0,192.0,,239.0,-857.0,517.0,-293.0,597.0
65.0,1824.0,275.0,257.0,,194.0,-847.0,465.0,-568.0,579.0
-27.0,1165.0,273.0,339.0,,120.0,-883.0,631.0,-772.0,538.0
-81.0,-51.0,242.0,324.0,,-131.0,-930.0,694.0,-878.0,555.0
-90.0,-247.0,197.0,270.0,,-101.0,-908.0,430.0,-846.0,659.0
-139.0,-99.0,142.0,218.0,,204.0,-783.0,423.0,-755.0,749.0
-196.0,246.0,127.0,95.0,,154.0,-644.0,410.0,-991.0,815.0
-195.0,643.0,78.0,32.0,,137.0,-593.0,615.0,-1051.0,887.0
-132.0,628.0,58.0,-41.0,,151.0,-576.0,715.0,-988.0,947.0
-53.0,802.0,53.0,-76.0,,503.0,-522.0,805.0,-749.0,933.0
-32.0,1071.0,-7.0,48.0,,219.0,-438.0,772.0,-513.0,890.0
1.0,1408.0,12.0,149.0,,121.0,-349.0,519.0,-607.0,945.0
85.0,1189.0,-19.0,68.0,,52.0,-295.0,600.0,-695.0,909.0
111.0,440.0,-53.0,-64.0,,39.0,-267.0,522.0,-629.0,795.0
101.0,109.0,-80.0,-135.0,,-110.0,-321.0,493.0,-291.0,777.0
114.0,164.0,-133.0,-235.0,,-169.0,-425.0,460.0,-85.0,796.0
133.0,-93.0,-142.0,-334.0,,146.0,-453.0,363.0,14.0,662.0
127.0,-879.0,-142.0,-357.0,,264.0,-435.0,229.0,32.0,494.0
184.0,-980.0,-136.0,-272.0,,342.0,-396.0,149.0,267.0,536.0
253.0,196.0,-143.0,-229.0,,174.0,-397.0,371.0,707.0,617.0
235.0,653.0,-150.0,-190.0,,111.0,-409.0,354.0,635.0,617.0
197.0,382.0,-211.0,30.0,,12.0,-437.0,471.0,477.0,703.0
235.0,87.0,-219.0,305.0,,279.0,-503.0,421.0,281.0,859.0
231.0,-330.0,-238.0,469.0,,254.0,-554.0,271.0,409.0,832.0
127.0,113.0,-303.0,369.0,,-12.0,-626.0,371.0,718.0,731.0
83.0,63.0,-365.0,133.0,,-369.0,-631.0,169.0,571.0,695.0
76.0,141.0,-410.0,0.0,,-181.0,-602.0,125.0,538.0,599.0
65.0,842.0,-399.0,-119.0,,164.0,-543.0,-51.0,408.0,467.0
25.0,1215.0,-370.0,-340.0,,187.0,-431.0,-288.0,178.0,428.0
-24.0,1749.0,-291.0,-501.0,,212.0,-395.0,-221.0,122.0,468.0
-76.0,2115.0,-234.0,-489.0,,129.0,-429.0,-227.0,246.0,439.0
-51.0,1850.0,-156.0,-356.0,,286.0,-517.0,-199.0,-18.0,397.0
4.0,563.0,-64.0,-83.0,,188.0,-592.0,-210.0,-496.0,405.0
-23.0,-500.0,-9.0,181.0,,-104.0,-573.0,9.0,-329.0,390.0
-42.0,-1024.0,-10.0,388.0,,-242.0,-458.0,232.0,-262.0,297.0
7.0,-1593.0,-62.0,614.0,,-204.0,-328.0,349.0,-221.0,276.0
65.0,-2081.0,-105.0,852.0,,-392.0,-271.0,548.0,-181.0,358.0
57.0,-1847.0,-159.0,988.0,,-476.0,-229.0,565.0,-254.0,328.0
71.0,-1365.0,-174.0,923.0,,-452.0,-225.0,709.0,-290.0,270.0
116.0,-1065.0,-184.0,866.0,,-121.0,-228.0,742.0,-110.0,296.0
141.0,-763.0,-248.0,771.0,,31.0,-227.0,698.0,266.0,364.0
140.0,-1076.0,-292.0,507.0,,-88.0,-271.0,576.0,183.0,411.0
162.0,-664.0,-284.0,263.0,,-191.0,-347.0,439.0,297.0,534.0
201.0,250.0,-305.0,118.0,,-231.0,-413.0,445.0,289.0,719.0
257.0,1550.0,-314.0,-48.0,,-365.0,-392.0,288.0,302.0,808.0
328.0,2635.0,-298.0,-307.0,,-544.0,-335.0,380.0,467.0,911.0
353.0,2557.0,-281.0,-540.0,,-381.0,-250.0,182.0,252.0,987.0
344.0,2300.0,-263.0,-651.0,,-352.0,-191.0,-38.0,242.0,983.0
316.0,1550.0,-263.0,-506.0,,-297.0,-203.0,42.0,174.0,930.0
281.0,888.0,-232.0,-249.0,,-230.0,-161.0,-5.0,118.0,859.0
185.0,-4.0,-212.0,-21.0,,-214.0,-65.0,273.0,140.0,860.0
134.0,-634.0,-194.0,278.0,,-239.0,-8.0,306.0,202.0,870.0
131.0,25.0,-204.0,395.0,,55.0,-34.0,218.0,-1.0,891.0
127.0,560.0,-185.0,262.0,,87.0,-64.0,301.0,-162.0,930.0
117.0,761.0,-122.0,172.0,,-76.0,-113.0,436.0,71.0,915.0
106.0,715.0,-108.0,138.0,,-91.0,-210.0,528.0,-35.0,818.0
81.0,273.0,-88.0,17.0,,125.0,-263.0,327.0,-275.0,741.0
34.0,-192.0,-86.0,-82.0,,173.0,-257.0,282.0,-492.0,671.0
9.0,-710.0,-101.0,-153.0,,296.0,-201.0,145.0,-459.0,520.0
-48.0,-1566.0,-128.0,-207.0,,419.0,-125.0,29.0,-228.0,431.0
-82.0,-2376.0,-172.0,-133.0,,46.0,-3.0,-97.0,-202.0,436.0
-81.0,-2491.0,-214.0,-33.0,,-33.0,169.0,-282.0,-384.0,404.0
-18.0,-2341.0,-271.0,-22.0,,93.0,293.0,-84.0,-153.0,319.0
38.0,-2196.0,-327.0,-114.0,,183.0,348.0,7.0,95.0,329.0
117.0,-1884.0,-363.0,-164.0,,-238.0,373.0,96.0,-96.0,338.0
141.0,-1618.0,-393.0,-159.0,,-339.0,418.0,149.0,204.0,239.0
92.0,-1200.0,-449.0,-145.0,,-219.0,451.0,203.0,331.0,215.0
116.0,-421.0,-492.0,-85.0,,-187.0,412.0,347.0,335.0,222.0
105.0,579.0,-501.0,22.0,,-183.0,335.0,382.0,442.0,95.0
71.0,1216.0,-525.0,125.0,,-204.0,241.0,596.0,504.0,-45.0
63.0,1644.0,-532.0,42.0,,-436.0,128.0,447.0,658.0,-115.0
106.0,2360.0,-508.0,-83.0,,-598.0,34.0,266.0,522.0,-241.0
77.0,2799.0,-495.0,-156.0,,-437.0,-23.0,242.0,420.0,-289.0
28.0,2934.0,-446.0,-294.0,,-419.0,-35.0,164.0,244.0,-138.0
-15.0,2497.0,-415.0,-430.0,,-381.0,50.0,330.0,513.0,51.0
-89.0,1693.0,-373.0,-467.0,,-323.0,188.0,229.0,648.0,164.0
-181.0,1234.0,-349.0,-389.0,,-292.0,359.0,125.0,375.0,327.0
-227.0,856.0,-363.0,-281.0,,-555.0,549.0,-92.0,420.0,521.0
-252.0,248.0,-361.0,-189.0,,-651.0,628.0,-297.0,323.0,568.0
-365.0,-512.0,-379.0,-193.0,,-550.0,666.0,-218.0,470.0,541.0
-361.0,-962.0,-352.0,-162.0,,-322.0,721.0,-277.0,441.0,489.0
-371.0,-1345.0,-342.0,-128.0,,-381.0,689.0,-147.0,248.0,394.0
-414.0,-1657.0,-322.0,-213.0,,-646.0,641.0,14.0,365.0,190.0
-449.0,-1325.0,-307.0,-252.0,,-834.0,615.0,232.0,183.0,42.0
-456.0,-800.0,-284.0,-156.0,,-622.0,503.0,339.0,-111.0,29.0
-467.0,-491.0,-250.0,97.0,,-505.0,371.0,354.0,10.0,-80.0
-534.0,550.0,-216.0,194.0,,-753.0,306.0,436.0,0.0,-206.0
-509.0,1699.0,-161.0,98.0,,-786.0,275.0,242.0,-302.0,-194.0
-480.0,1947.0,-199.0,-15.0,,-517.0,308.0,18.0,-197.0,-127.0
-413.0,2215.0,-188.0,-168.0,,-236.0,416.0,-356.0,-152.0,-183.0
-301.0,2118.0,-199.0,-203.0,,-471.0,525.0,-521.0,-224.0,-254.0
-225.0,1288.0,-245.0,-190.0,,-582.0,536.0,-509.0,-234.0,-258.0
-256.0,188.0,-281.0,-190.0,,-427.0,550.0,-533.0,-379.0,-334.0
-263.0,-630.0,-336.0,-235.0,,-254.0,698.0,-290.0,-518.0,-438.0
-237.0,-1245.0,-312.0,-261.0,,-375.0,864.0,-60.0,-413.0,-402.0
-242.0,-1700.0,-349.0,-123.0,,-534.0,959.0,286.0,-351.0,-300.0
-223.0,-1149.0,-313.0,-3.0,,-644.0,1010.0,373.0,-675.0,-306.0
-197.0,-626.0,-258.0,116.0,,-580.0,998.0,325.0,-455.0,-294.0
-182.0,-836.0,-302.0,161.0,,-557.0,958.0,391.0,-166.0,-149.0
-211.0,-1033.0,-242.0,65.0,,-534.0,901.0,166.0,-244.0,-118.0
-175.0,-1101.0,-236.0,-6.0,,-532.0,792.0,44.0,40.0,-250.0
-188.0,-1127.0,-260.0,-99.0,,-557.0,670.0,-155.0,215.0,-216.0
-227.0,-859.0,-214.0,-190.0,,-473.0,540.0,-253.0,203.0,-210.0
-201.0,-309.0,-240.0,-199.0,,-501.0,426.0,-203.0,213.0,-413.0
-188.0,334.0,-285.0,-64.0,,-563.0,294.0,-230.0,285.0,-518.0
-198.0,541.0,-319.0,44.0,,-705.0,204.0,-59.0,480.0,-559.0
-159.0,402.0,-337.0,34.0,,-736.0,243.0,27.0,445.0,-632.0
-93.0,818.0,-348.0,-18.0,,-798.0,309.0,195.0,140.0,-658.0
-90.0,863.0,-365.0,-76.0,,-714.0,346.0,210.0,-6.0,-576.0
-71.0,494.0,-350.0,8.0,,-801.0,361.0,168.0,40.0,-452.0
-72.0,403.0,-314.0,185.0,,-726.0,394.0,290.0,61.0,-378.0
-92.0,196.0,-266.0,269.0,,-696.0,461.0,206.0,-126.0,-302.0
-114.0,-233.0,-238.0,242.0,,-758.0,539.0,136.0,-544.0,-159.0
-96.0,-416.0,-236.0,194.0,,-835.0,618.0,-112.0,-509.0,-80.0
-50.0,96.0,-241.0,96.0,,-827.0,726.0,-245.0,-276.0,-115.0
5.0,47.0,-228.0,69.0,,-554.0,830.0,-314.0,-304.0,-111.0
40.0,-112.0,-238.0,99.0,,-317.0,886.0,-480.0,-362.0,-186.0
42.0,34.0,-260.0,22.0,,-135.0,891.0,-473.0,-551.0,-371.0
58.0,36.0,-227.0,-143.0,,-55.0,868.0,-593.0,-568.0,-475.0
75.0,288.0,-214.0,-429.0,,-52.0,833.0,-578.0,-451.0,-491.0
98.0,114.0,-181.0,-632.0,,-424.0,746.0,-661.0,-215.0,-482.0
64.0,-209.0,-152.0,-627.0,,-676.0,657.0,-713.0,-19.0,-389.0
89.0,-896.0,-116.0,-431.0,,-686.0,588.0,-591.0,-274.0,-172.0
96.0,-1492.0,-39.0,-155.0,,-629.0,582.0,-596.0,-290.0,69.0
73.0,-1483.0,-35.0,8.0,,-918.0,637.0,-404.0,3.0,275.0
96.0,-936.0,-32.0,162.0,,-1029.0,736.0,-380.0,234.0,486.0
139.0,-160.0,2.0,353.0,,-656.0,864.0,-223.0,90.0,682.0
169.0,165.0,30.0,560.0,,-208.0,909.0,-40.0,-279.0,724.0
107.0,562.0,45.0,642.0,,-313.0,910.0,-72.0,-199.0,657.0
97.0,274.0,61.0,597.0,,-687.0,888.0,-36.0,0.0,582.0
112.0,-378.0,84.0,511.0,,-838.0,818.0,-227.0,-121.0,434.0
115.0,-822.0,93.0,285.0,,-801.0,712.0,-262.0,-433.0,217.0
103.0,-835.0,96.0,72.0,,-736.0,593.0,-424.0,-577.0,18.0
76.0,-1158.0,87.0,-27.0,,-859.0,486.0,-471.0,-665.0,-33.0
39.0,-1598.0,41.0,1.0,,-750.0,382.0,-223.0,-655.0,-19.0
24.0,-884.0,-7.0,71.0,,-655.0,357.0,-88.0,-495.0,-7.0
5.0,-266.0,-33.0,-7.0,,-486.0,413.0,97.0,-606.0,37.0
-57.0,244.0,-71.0,-196.0,,-530.0,503.0,33.0,-642.0,63.0
-59.0,376.0,-69.0,-426.0,,-372.0,612.0,16.0,-481.0,20.0
-5.0,625.0,-91.0,-588.0,,-222.0,694.0,-182.0,-312.0,-152.0
28.0,677.0,-122.0,-581.0,,-258.0,756.0,-476.0,-106.0,-328.0
16.0,28.0,-168.0,-511.0,,-548.0,797.0,-574.0,-199.0,-500.0
65.0,-292.0,-247.0,-414.0,,-745.0,785.0,-748.0,-503.0,-684.0
81.0,-615.0,-234.0,-351.0,,-662.0,701.0,-570.0,-481.0,-807.0
71.0,-747.0,-257.0,-367.0,,-521.0,562.0,-358.0,-177.0,-853.0
53.0,-731.0,-314.0,-292.0,,-366.0,415.0,-101.0,-107.0,-817.0
57.0,-341.0,-301.0,-111.0,,-286.0,361.0,101.0,-227.0,-764.0
126.0,-130.0,-330.0,68.0,,-137.0,420.0,125.0,-458.0,-670.0
168.0,-345.0,-343.0,203.0,,-217.0,461.0,164.0,-423.0,-611.0
216.0,-499.0,-283.0,282.0,,0.0,491.0,-62.0,-121.0,-594.0
189.0,-537.0,-242.0,361.0,,-196.0,536.0,-216.0,-175.0,-572.0
188.0,-481.0,-188.0,373.0,,-324.0,572.0,-456.0,-68.0,-516.0
179.0,-628.0,-108.0,271.0,,-343.0,618.0,-637.0,39.0,-435.0
132.0,-508.0,-20.0,169.0,,-183.0,651.0,-716.0,109.0,-399.0
118.0,106.0,73.0,38.0,,-248.0,649.0,-853.0,470.0,-353.0
118.0,787.0,149.0,-12.0,,-427.0,681.0,-683.0,609.0,-330.0
151.0,448.0,172.0,-27.0,,-250.0,711.0,-624.0,366.0,-325.0
124.0,-225.0,196.0,-125.0,,-204.0,666.0,-430.0,263.0,-329.0
96.0,-709.0,249.0,-81.0,,-92.0,580.0,-271.0,423.0,-363.0
109.0,-1546.0,311.0,-17.0,,-47.0,433.0,-338.0,383.0,-402.0
119.0,-1927.0,351.0,-117.0,,177.0,327.0,-365.0,443.0,-364.0
103.0,-1633.0,379.0,-329.0,,-180.0,264.0,-554.0,422.0,-284.0
93.0,-890.0,406.0,-463.0,,-181.0,151.0,-513.0,348.0,-303.0
66.0,-320.0,370.0,-408.0,,60.0,43.0,-504.0,277.0,-295.0
-1.0,282.0,367.0,-367.0,,134.0,-1.0,-480.0,232.0,-214.0
-82.0,863.0,333.0,-387.0,,-283.0,82.0,-264.0,288.0,-149.0
-188.0,1192.0,257.0,-359.0,,-571.0,149.0,-66.0,-29.0,-124.0
-245.0,1618.0,240.0,-251.0,,-422.0,139.0,280.0,-186.0,-150.0
-271.0,1800.0,183.0,-118.0,,-320.0,166.0,436.0,-393.0,-130.0
-311.0,1640.0,165.0,-38.0,,-45.0,239.0,461.0,-719.0,-144.0
-322.0,1031.0,213.0,-52.0,,-128.0,300.0,367.0,-598.0,-262.0
-283.0,491.0,224.0,-67.0,,-150.0,337.0,216.0,-513.0,-372.0
-249.0,266.0,239.0,-31.0,,-319.0,403.0,53.0,-622.0,-498.0
-282.0,510.0,248.0,-17.0,,-252.0,426.0,-262.0,-524.0,-652.0
-299.0,859.0,265.0,-7.0,,-220.0,425.0,-504.0,-201.0,-808.0
-301.0,989.0,286.0,62.0,,-36.0,383.0,-812.0,100.0,-946.0
-308.0,924.0,257.0,147.0,,-42.0,252.0,-855.0,183.0,-1026.0
-276.0,594.0,257.0,78.0,,-111.0,93.0,-639.0,121.0,-1136.0
-239.0,-224.0,231.0,-7.0,,-288.0,-38.0,-371.0,40.0,-1238.0
-222.0,-1607.0,216.0,79.0,,-393.0,-79.0,-101.0,38.0,-1260.0
-185.0,-2150.0,229.0,325.0,,-206.0,-91.0,-99.0,400.0,-1290.0
-137.0,-2142.0,234.0,603.0,,-314.0,-46.0,-48.0,398.0,-1356.0
-201.0,-2170.0,281.0,756.0,,-327.0,20.0,-179.0,-100.0,-1433.0
-271.0,-2045.0,268.0,818.0,,-274.0,11.0,-232.0,-256.0,-1496.0
-282.0,-1031.0,233.0,764.0,,87.0,6.0,-75.0,-155.0,-1531.0
-295.0,-22.0,256.0,645.0,,-4.0,-3.0,-153.0,-17.0,-1527.0
-315.0,-137.0,303.0,537.0,,22.0,-28.0,-221.0,-96.0,-1455.0
-308.0,-148.0,307.0,411.0,,-100.0,-56.0,-439.0,-490.0,-1344.0
-231.0,26.0,349.0,269.0,,-198.0,-59.0,-508.0,-777.0,-1208.0
-173.0,321.0,408.0,107.0,,-213.0,-18.0,-587.0,-654.0,-1073.0
-138.0,563.0,423.0,-31.0,,-271.0,-38.0,-766.0,-393.0,-949.0
-171.0,671.0,436.0,-93.0,,-425.0,-152.0,-620.0,-243.0,-841.0
-208.0,585.0,407.0,-114.0,,-650.0,-263.0,-465.0,-377.0,-813.0
-195.0,954.0,368.0,-79.0,,-453.0,-335.0,-195.0,-655.0,-833.0
-193.0,1074.0,317.0,-22.0,,-428.0,-387.0,-179.0,-621.0,-867.0
-173.0,878.0,266.0,-58.0,,-193.0,-400.0,-182.0,-423.0,-962.0
-111.0,1144.0,224.0,-102.0,,-129.0,-362.0,-99.0,-442.0,-1081.0
-2.0,599.0,199.0,-96.0,,-19.0,-286.0,-162.0,-693.0,-1167.0
91.0,-11.0,173.0,-119.0,,-25.0,-198.0,-125.0,-989.0,-1259.0
201.0,-312.0,123.0,-231.0,,150.0,-116.0,-295.0,-989.0,-1305.0
325.0,-583.0,88.0,-228.0,,204.0,-68.0,-236.0,-333.0,-1229.0
366.0,-1007.0,91.0,-74.0,,-56.0,-81.0,-173.0,-230.0,-1074.0
335.0,-906.0,72.0,-33.0,,-154.0,-116.0,-173.0,-760.0,-890.0
347.0,-518.0,-2.0,53.0,,112.0,-134.0,-123.0,-706.0,-709.0
354.0,-800.0,-16.0,221.0,,118.0,-113.0,-327.0,-409.0,-475.0
298.0,-528.0,-16.0,346.0,,-402.0,-24.0,-360.0,35.0,-186.0
235.0,-332.0,-3.0,429.0,,-356.0,56.0,-432.0,230.0,-67.0
249.0,-546.0,18.0,481.0,,103.0,53.0,-247.0,69.0,-141.0
279.0,-556.0,71.0,476.0,,363.0,-12.0,-5.0,-56.0,-234.0
242.0,-554.0,122.0,373.0,,200.0,-110.0,-24.0,94.0,-370.0
248.0,-586.0,129.0,222.0,,399.0,-249.0,-33.0,254.0,-502.0
266.0,-756.0,185.0,27.0,,362.0,-402.0,-284.0,-117.0,-549.0
271.0,-839.0,234.0,-117.0,,476.0,-490.0,-317.0,-365.0,-550.0
233.0,-766.0,300.0,-233.0,,633.0,-561.0,-375.0,-439.0,-602.0
178.0,-538.0,299.0,-320.0,,548.0,-612.0,-437.0,-264.0,-660.0
154.0,-167.0,295.0,-311.0,,248.0,-633.0,-369.0,194.0,-642.0
130.0,191.0,296.0,-294.0,,131.0,-651.0,-443.0,219.0,-686.0
84.0,692.0,241.0,-251.0,,353.0,-643.0,-345.0,-34.0,-787.0
62.0,1305.0,213.0,-187.0,,267.0,-626.0,-395.0,-38.0,-824.0
110.0,1290.0,139.0,-224.0,,304.0,-598.0,-327.0,299.0,-743.0
107.0,996.0,98.0,-281.0,,387.0,-557.0,-179.0,436.0,-621.0
85.0,998.0,99.0,-145.0,,510.0,-470.0,-105.0,328.0,-504.0
129.0,381.0,94.0,17.0,,216.0,-320.0,3.0,332.0,-310.0
225.0,-106.0,95.0,75.0,,289.0,-163.0,-153.0,423.0,-142.0
292.0,-75.0,129.0,200.0,,419.0,-74.0,-247.0,757.0,-77.0
332.0,-334.0,173.0,341.0,,236.0,-61.0,-399.0,768.0,-13.0
364.0,-596.0,189.0,425.0,,-75.0,-87.0,-439.0,337.0,-26.0
359.0,-859.0,236.0,476.0,,-80.0,-155.0,-349.0,196.0,-190.0
334.0,-989.0,285.0,411.0,,25.0,-188.0,-412.0,297.0,-282.0
266.0,-953.0,346.0,297.0,,114.0,-217.0,-363.0,432.0,-296.0
190.0,-866.0,390.0,214.0,,461.0,-308.0,-336.0,265.0,-336.0
155.0,-954.0,412.0,61.0,,305.0,-341.0,-158.0,-115.0,-324.0
119.0,-930.0,490.0,-228.0,,-29.0,-356.0,-36.0,-368.0,-231.0
39.0,-668.0,523.0,-507.0,,-10.0,-417.0,-46.0,-305.0,-144.0
-16.0,-512.0,488.0,-633.0,,517.0,-529.0,11.0,-7.0,-132.0
11.0,-202.0,458.0,-609.0,,566.0,-674.0,-158.0,-80.0,-146.0
29.0,312.0,416.0,-539.0,,397.0,-763.0,-125.0,-262.0,-160.0
-10.0,623.0,390.0,-574.0,,333.0,-875.0,-77.0,-348.0,-170.0
9.0,781.0,321.0,-577.0,,321.0,-977.0,-253.0,-180.0,-148.0
65.0,1485.0,279.0,-401.0,,254.0,-991.0,-380.0,150.0,-86.0
65.0,1723.0,273.0,-145.0,,314.0,-953.0,-524.0,195.0,-17.0
0.0,1349.0,201.0,85.0,,428.0,-892.0,-668.0,36.0,-6.0
-37.0,908.0,134.0,294.0,,441.0,-838.0,-831.0,-277.0,-86.0
30.0,294.0,107.0,370.0,,607.0,-779.0,-692.0,-141.0,-218.0
49.0,204.0,99.0,300.0,,674.0,-718.0,-461.0,-25.0,-324.0
12.0,-98.0,74.0,228.0,,657.0,-640.0,-223.0,-407.0,-449.0
32.0,-271.0,49.0,93.0,,544.0,-508.0,-121.0,-644.0,-568.0
109.0,413.0,58.0,24.0,,565.0,-361.0,-160.0,-619.0,-591.0
139.0,966.0,137.0,29.0,,394.0,-271.0,-24.0,-246.0,-602.0
104.0,1084.0,166.0,-26.0,,270.0,-202.0,-206.0,-2.0,-629.0
53.0,1018.0,141.0,-63.0,,391.0,-135.0,-388.0,-46.0,-613.0
24.0,1047.0,168.0,-190.0,,398.0,-113.0,-583.0,-145.0,-563.0
15.0,649.0,157.0,-456.0,,141.0,-129.0,-777.0,-237.0,-552.0
-93.0,-140.0,119.0,-466.0,,177.0,-136.0,-652.0,1.0,-595.0
-124.0,-241.0,56.0,-224.0,,434.0,-151.0,-389.0,-20.0,-606.0
-66.0,-526.0,11.0,-62.0,,356.0,-246.0,73.0,-200.0,-605.0
-84.0,-1414.0,27.0,83.0,,2.0,-364.0,273.0,-100.0,-628.0
-141.0,-1518.0,-22.0,148.0,,-79.0,-481.0,469.0,-121.0,-583.0
-157.0,-1103.0,-69.0,135.0,,-7.0,-651.0,670.0,-18.0,-434.0
-82.0,-1201.0,-22.0,183.0,,74.0,-816.0,607.0,97.0,-313.0
-72.0,-1227.0,4.0,286.0,,196.0,-933.0,554.0,97.0,-276.0
-103.0,-357.0,0.0,381.0,,175.0,-1011.0,242.0,114.0,-240.0
-82.0,160.0,12.0,418.0,,251.0,-1000.0,79.0,237.0,-240.0
-2.0,252.0,67.0,404.0,,189.0,-922.0,-64.0,259.0,-320.0
2.0,513.0,134.0,368.0,,279.0,-833.0,-214.0,259.0,-428.0
-80.0,507.0,177.0,307.0,,233.0,-792.0,-223.0,439.0,-460.0
-142.0,954.0,193.0,235.0,,406.0,-822.0,-535.0,292.0,-432.0
-185.0,1055.0,216.0,347.0,,509.0,-813.0,-665.0,391.0,-451.0
-201.0,998.0,221.0,453.0,,354.0,-783.0,-796.0,435.0,-454.0
-317.0,1337.0,163.0,350.0,,185.0,-731.0,-820.0,313.0,-404.0
-404.0,1018.0,160.0,212.0,,152.0,-571.0,-739.0,495.0,-315.0
-393.0,530.0,164.0,67.0,,301.0,-352.0,-772.0,231.0,-224.0
-402.0,80.0,128.0,-25.0,,137.0,-180.0,-565.0,64.0,-138.0
-447.0,-540.0,72.0,-133.0,,135.0,-134.0,-554.0,97.0,4.0
-493.0,-1079.0,51.0,-298.0,,99.0,-165.0,-498.0,127.0,96.0
-464.0,-762.0,88.0,-371.0,,49.0,-233.0,-480.0,328.0,143.0
-458.0,-50.0,62.0,-377.0,,86.0,-331.0,-504.0,159.0,249.0
-495.0,314.0,40.0,-369.0,,388.0,-436.0,-303.0,22.0,319.0
-488.0,727.0,52.0,-404.0,,371.0,-520.0,-103.0,-135.0,314.0
-412.0,1212.0,66.0,-425.0,,123.0,-590.0,109.0,-320.0,323.0
-343.0,1270.0,105.0,-324.0,,124.0,-588.0,-75.0,-314.0,321.0
-335.0,731.0,112.0,-308.0,,197.0,-485.0,-208.0,-658.0,258.0
-320.0,695.0,114.0,-339.0,,-27.0,-409.0,-400.0,-700.0,244.0
-260.0,363.0,127.0,-217.0,,-186.0,-364.0,-676.0,-659.0,305.0
-191.0,-151.0,93.0,-64.0,,110.0,-373.0,-532.0,-825.0,319.0
-181.0,36.0,54.0,8.0,,77.0,-462.0,-543.0,-574.0,263.0
-219.0,-110.0,69.0,89.0,,-104.0,-561.0,-373.0,-610.0,240.0
-208.0,-263.0,86.0,256.0,,-98.0,-623.0,-351.0,-677.0,268.0
-206.0,-471.0,58.0,432.0,,155.0,-635.0,-445.0,-516.0,271.0
-250.0,-752.0,33.0,510.0,,126.0,-620.0,-369.0,-386.0,248.0
-270.0,-1250.0,23.0,425.0,,-70.0,-556.0,-508.0,83.0,303.0
-236.0,-1746.0,18.0,285.0,,-27.0,-409.0,-343.0,323.0,340.0
-194.0,-1917.0,-37.0,89.0,,174.0,-238.0,-240.0,308.0,216.0
-222.0,-1959.0,-107.0,-110.0,,230.0,-154.0,-110.0,386.0,87.0
-213.0,-1318.0,-134.0,-185.0,,313.0,-105.0,59.0,555.0,-23.0
-147.0,-415.0,-170.0,-195.0,,357.0,-80.0,96.0,539.0,-225.0
-84.0,686.0,-206.0,-144.0,,306.0,-94.0,153.0,264.0,-407.0
-57.0,1639.0,-240.0,-100.0,,222.0,-124.0,-27.0,-3.0,-436.0
-27.0,2077.0,-229.0,-31.0,,126.0,-186.0,-121.0,-377.0,-409.0
16.0,2156.0,-169.0,118.0,,249.0,-223.0,-339.0,-68.0,-371.0
13.0,1732.0,-167.0,237.0,,193.0,-261.0,-371.0,382.0,-223.0
-27.0,582.0,-179.0,256.0,,298.0,-280.0,-218.0,308.0,22.0
-100.0,-745.0,-116.0,115.0,,409.0,-190.0,-79.0,33.0,201.0
-83.0,-1236.0,-55.0,-145.0,,439.0,-74.0,195.0,-181.0,267.0
-38.0,-1377.0,-40.0,-346.0,,469.0,26.0,57.0,311.0,402.0
-91.0,-1278.0,0.0,-388.0,,332.0,169.0,-31.0,349.0,530.0
-152.0,-673.0,105.0,-321.0,,200.0,241.0,-177.0,-40.0,566.0
-158.0,421.0,193.0,-206.0,,434.0,208.0,-308.0,-6.0,661.0
-170.0,1324.0,233.0,-103.0,,594.0,176.0,-194.0,93.0,853.0
-292.0,1769.0,257.0,-76.0,,273.0,98.0,-205.0,301.0,1010.0
-380.0,2267.0,271.0,-66.0,,16.0,-14.0,73.0,359.0,1019.0
-367.0,2331.0,283.0,-50.0,,221.0,-57.0,230.0,153.0,957.0
-370.0,1716.0,217.0,-83.0,,440.0,-37.0,243.0,-91.0,840.0
-364.0,1108.0,158.0,-73.0,,110.0,36.0,153.0,-61.0,642.0
-355.0,826.0,152.0,-89.0,,-108.0,157.0,-136.0,-64.0,546.0
-316.0,307.0,111.0,-97.0,,-18.0,293.0,-312.0,-149.0,610.0
-252.0,-228.0,80.0,22.0,,-6.0,380.0,-637.0,-359.0,661.0
-231.0,-353.0,63.0,153.0,,-170.0,307.0,-800.0,-558.0,677.0
-277.0,-441.0,101.0,281.0,,-256.0,261.0,-921.0,-355.0,744.0
-304.0,-955.0,137.0,229.0,,-131.0,328.0,-942.0,-231.0,818.0
-263.0,-1287.0,109.0,110.0,,22.0,296.0,-593.0,-79.0,734.0
-317.0,-1169.0,123.0,7.0,,-132.0,223.0,-341.0,-438.0,601.0
-381.0,-1173.0,174.0,-236.0,,-325.0,247.0,-44.0,-737.0,529.0
-340.0,-1106.0,206.0,-369.0,,-359.0,321.0,92.0,-536.0,398.0
-248.0,-1067.0,183.0,-376.0,,-82.0,326.0,129.0,-596.0,208.0
-238.0,-743.0,190.0,-430.0,,171.0,296.0,134.0,-406.0,51.0
-226.0,-18.0,206.0,-482.0,,3.0,318.0,-11.0,-368.0,10.0
-144.0,571.0,173.0,-404.0,,-170.0,349.0,-49.0,-229.0,-110.0
-112.0,1079.0,132.0,-214.0,,-150.0,386.0,-201.0,150.0,-204.0
-81.0,1701.0,98.0,-125.0,,27.0,471.0,-343.0,455.0,-44.0
-64.0,1968.0,103.0,-92.0,,94.0,552.0,-679.0,603.0,52.0
17.0,1629.0,56.0,42.0,,107.0,627.0,-1019.0,292.0,-18.0
80.0,1619.0,19.0,156.0,,-237.0,744.0,-1147.0,120.0,38.0
71.0,1854.0,45.0,234.0,,-255.0,796.0,-1088.0,92.0,199.0
17.0,1400.0,62.0,266.0,,0.0,749.0,-517.0,61.0,230.0
-3.0,932.0,59.0,238.0,,102.0,702.0,-86.0,-53.0,271.0
28.0,762.0,-8.0,241.0,,-37.0,704.0,188.0,-162.0,377.0
-32.0,118.0,-56.0,227.0,,12.0,685.0,182.0,-130.0,429.0
-77.0,-718.0,-87.0,102.0,,184.0,646.0,27.0,-268.0,393.0
-83.0,-1297.0,-156.0,-159.0,,-137.0,641.0,109.0,-150.0,391.0
-97.0,-1233.0,-198.0,-408.0,,-171.0,623.0,81.0,118.0,474.0
-157.0,-966.0,-229.0,-642.0,,-150.0,564.0,245.0,-173.0,436.0
-205.0,-996.0,-225.0,-844.0,,132.0,510.0,190.0,-313.0,298.0
-188.0,-783.0,-205.0,-915.0,,-101.0,472.0,20.0,-176.0,244.0
-171.0,-238.0,-221.0,-926.0,,-244.0,356.0,-81.0,43.0,228.0
-182.0,-137.0,-202.0,-842.0,,-29.0,271.0,-314.0,323.0,120.0
-192.0,-701.0,-195.0,-591.0,,4.0,319.0,-415.0,114.0,148.0
-167.0,-530.0,-233.0,-284.0,,-27.0,404.0,-624.0,178.0,375.0
-144.0,-143.0,-247.0,-37.0,,-88.0,481.0,-667.0,441.0,501.0
-130.0,-106.0,-244.0,244.0,,93.0,552.0,-691.0,311.0,456.0
-129.0,259.0,-222.0,415.0,,-175.0,602.0,-561.0,225.0,393.0
-118.0,844.0,-198.0,455.0,,-266.0,619.0,-173.0,321.0,366.0
-60.0,1333.0,-184.0,435.0,,-513.0,662.0,-36.0,355.0,261.0
11.0,1368.0,-97.0,325.0,,-402.0,739.0,182.0,476.0,210.0
19.0,1720.0,-3.0,294.0,,-251.0,791.0,279.0,527.0,333.0
42.0,1930.0,16.0,148.0,,-379.0,765.0,253.0,485.0,556.0
71.0,1506.0,11.0,-79.0,,-473.0,726.0,182.0,539.0,805.0
58.0,698.0,7.0,-145.0,,-434.0,751.0,118.0,255.0,1012.0
10.0,-352.0,40.0,-188.0,,0.0,772.0,243.0,224.0,1257.0
-59.0,-954.0,35.0,-235.0,,-33.0,777.0,129.0,330.0,1469.0
-94.0,-1306.0,45.0,-374.0,,-239.0,737.0,127.0,150.0,1581.0
-161.0,-1260.0,136.0,-517.0,,-518.0,697.0,20.0,-32.0,1740.0
-203.0,-852.0,179.0,-490.0,,-274.0,757.0,-229.0,70.0,1939.0
-230.0,-521.0,177.0,-408.0,,-27.0,836.0,-254.0,253.0,2020.0
-227.0,-578.0,175.0,-307.0,,105.0,953.0,-338.0,242.0,2075.0
-212.0,-677.0,118.0,-200.0,,106.0,1069.0,-277.0,425.0,2177.0
-212.0,-578.0,1.0,50.0,,-361.0,1093.0,-173.0,458.0,2186.0
-148.0,-655.0,-115.0,351.0,,-308.0,1066.0,103.0,363.0,2106.0
-113.0,-419.0,-189.0,564.0,,-31.0,993.0,338.0,202.0,2012.0
-84.0,-17.0,-202.0,674.0,,-61.0,872.0,439.0,205.0,1913.0
-73.0,283.0,-206.0,574.0,,-444.0,693.0,548.0,270.0,1713.0
-61.0,409.0,-216.0,460.0,,-308.0,536.0,354.0,9.0,1460.0
-70.0,338.0,-181.0,310.0,,233.0,394.0,251.0,-79.0,1332.0
-121.0,211.0,-149.0,97.0,,102.0,288.0,-36.0,-139.0,1234.0
-134.0,249.0,-137.0,-116.0,,-377.0,213.0,-264.0,-145.0,1111.0
-120.0,308.0,-150.0,-299.0,,-233.0,122.0,-319.0,9.0,1099.0
-46.0,-96.0,-138.0,-378.0,,390.0,95.0,-528.0,-11.0,1173.0
-40.0,-266.0,-86.0,-482.0,,334.0,95.0,-508.0,-189.0,1207.0
-45.0,-482.0,-69.0,-558.0,,-34.0,175.0,-578.0,-187.0,1235.0
27.0,-790.0,-4.0,-521.0,,-253.0,311.0,-375.0,-106.0,1336.0
62.0,-669.0,59.0,-491.0,,-143.0,446.0,-66.0,-59.0,1460.0
3.0,-577.0,123.0,-543.0,,112.0,607.0,64.0,1.0,1523.0
-39.0,-428.0,138.0,-494.0,,-31.0,710.0,266.0,-228.0,1536.0
0.0,-399.0,60.0,-287.0,,-319.0,685.0,310.0,-308.0,1481.0
10.0,-427.0,58.0,-28.0,,-434.0,574.0,554.0,-71.0,1284.0
-40.0,-397.0,17.0,155.0,,-152.0,485.0,596.0,122.0,1025.0
-92.0,-791.0,-14.0,273.0,,-179.0,403.0,508.0,100.0,770.0
-58.0,-1284.0,-10.0,459.0,,-356.0,375.0,430.0,-195.0,458.0
15.0,-1379.0,20.0,555.0,,-471.0,430.0,136.0,-196.0,213.0
45.0,-987.0,109.0,567.0,,-407.0,489.0,5.0,69.0,109.0
37.0,-334.0,152.0,541.0,,-219.0,604.0,-169.0,258.0,138.0
62.0,-61.0,180.0,438.0,,-300.0,716.0,-218.0,149.0,275.0
103.0,364.0,174.0,278.0,,-491.0,754.0,-247.0,-58.0,341.0
86.0,644.0,147.0,10.0,,-557.0,709.0,-192.0,0.0,392.0
39.0,398.0,76.0,-239.0,,-304.0,545.0,-7.0,195.0,454.0
26.0,732.0,16.0,-318.0,,-127.0,382.0,84.0,366.0,345.0
18.0,847.0,21.0,-410.0,,-396.0,304.0,428.0,73.0,123.0
0.0,1027.0,-14.0,-516.0,,-807.0,276.0,624.0,-326.0,-59.0
3.0,1576.0,-64.0,-509.0,,-413.0,264.0,885.0,-331.0,-214.0
-15.0,1815.0,-59.0,-474.0,,-92.0,258.0,1125.0,-194.0,-291.0
0.0,1946.0,-29.0,-313.0,,-296.0,236.0,1082.0,-232.0,-220.0
19.0,1463.0,8.0,-161.0,,-638.0,176.0,1119.0,-466.0,-58.0
5.0,1197.0,-4.0,-121.0,,-434.0,63.0,910.0,-567.0,108.0
6.0,1177.0,-30.0,-67.0,,-208.0,-49.0,598.0,-564.0,221.0
35.0,705.0,-58.0,96.0,,-590.0,-116.0,210.0,-592.0,328.0
62.0,326.0,-106.0,354.0,,-696.0,-236.0,-24.0,-471.0,396.0
101.0,-203.0,-127.0,546.0,,-634.0,-327.0,-103.0,-483.0,377.0
202.0,-744.0,-166.0,731.0,,-355.0,-311.0,-125.0,-617.0,404.0
238.0,-588.0,-133.0,888.0,,-423.0,-299.0,120.0,-496.0,558.0
212.0,-299.0,-95.0,846.0,,-464.0,-300.0,123.0,-365.0,699.0
216.0,-547.0,-108.0,616.0,,-484.0,-264.0,203.0,82.0,800.0
229.0,-444.0,-79.0,353.0,,-558.0,-151.0,343.0,88.0,1024.0
229.0,120.0,-39.0,44.0,,-453.0,-15.0,437.0,-139.0,1212.0
249.0,151.0,-51.0,-266.0,,-244.0,154.0,583.0,348.0,1238.0
284.0,-148.0,-71.0,-555.0,,-355.0,358.0,471.0,407.0,1299.0
320.0,-509.0,-98.0,-785.0,,-711.0,492.0,526.0,415.0,1360.0
343.0,-856.0,-101.0,-809.0,,-534.0,520.0,509.0,406.0,1202.0
343.0,-713.0,-91.0,-736.0,,-453.0,507.0,382.0,371.0,1007.0
304.0,-630.0,-115.0,-677.0,,-530.0,531.0,267.0,443.0,950.0
246.0,-453.0,-80.0,-629.0,,-693.0,509.0,227.0,501.0,872.0
230.0,246.0,-67.0,-418.0,,-817.0,442.0,522.0,808.0,705.0
134.0,367.0,-69.0,-21.0,,-805.0,361.0,665.0,585.0,559.0
29.0,218.0,-70.0,234.0,,-530.0,253.0,774.0,456.0,518.0
25.0,420.0,-83.0,301.0,,-478.0,113.0,783.0,423.0,487.0
70.0,729.0,-94.0,346.0,,-523.0,-76.0,752.0,563.0,479.0
94.0,1055.0,-117.0,392.0,,-456.0,-197.0,694.0,578.0,553.0
95.0,1007.0,-202.0,441.0,,-324.0,-277.0,402.0,134.0,603.0
166.0,834.0,-237.0,463.0,,-296.0,-350.0,317.0,379.0,526.0
214.0,543.0,-197.0,434.0,,-450.0,-404.0,136.0,420.0,423.0
233.0,-59.0,-242.0,394.0,,-250.0,-464.0,84.0,385.0,375.0
273.0,-336.0,-247.0,243.0,,-347.0,-540.0,162.0,478.0,226.0
217.0,-99.0,-209.0,7.0,,-400.0,-633.0,295.0,242.0,23.0
113.0,-164.0,-161.0,-155.0,,-379.0,-589.0,696.0,102.0,-51.0
75.0,-836.0,-128.0,-169.0,,-419.0,-428.0,761.0,-144.0,-83.0
23.0,-1112.0,-102.0,-133.0,,-617.0,-283.0,800.0,-100.0,-234.0
-49.0,-1298.0,-85.0,-98.0,,-603.0,-184.0,755.0,138.0,-293.0
-46.0,-2102.0,-55.0,-67.0,,-363.0,-103.0,667.0,-32.0,-143.0
7.0,-2151.0,-10.0,-33.0,,-397.0,11.0,630.0,-161.0,-63.0
61.0,-1434.0,-18.0,139.0,,-576.0,78.0,345.0,-16.0,-55.0
147.0,-762.0,8.0,295.0,,-648.0,101.0,386.0,-40.0,59.0
236.0,250.0,34.0,280.0,,-227.0,129.0,473.0,-372.0,161.0
292.0,1116.0,61.0,272.0,,-76.0,156.0,439.0,-624.0,152.0
358.0,1642.0,58.0,397.0,,-248.0,213.0,266.0,-686.0,183.0
419.0,1702.0,115.0,454.0,,-381.0,245.0,29.0,-773.0,279.0
414.0,1004.0,192.0,418.0,,-325.0,149.0,120.0,-570.0,345.0
387.0,391.0,187.0,439.0,,-355.0,-24.0,245.0,-229.0,348.0
461.0,82.0,173.0,444.0,,-309.0,-169.0,576.0,-266.0,421.0
525.0,-261.0,149.0,392.0,,-290.0,-269.0,907.0,-320.0,556.0
499.0,-196.0,171.0,294.0,,-338.0,-292.0,1263.0,-168.0,639.0
492.0,-51.0,124.0,214.0,,-235.0,-244.0,1533.0,212.0,761.0
496.0,-324.0,87.0,229.0,,8.0,-155.0,1385.0,273.0,820.0
477.0,-198.0,101.0,316.0,,223.0,-90.0,1378.0,1.0,744.0
453.0,-289.0,92.0,407.0,,94.0,-91.0,1189.0,343.0,569.0
410.0,-752.0,110.0,467.0,,-19.0,-143.0,942.0,579.0,355.0
338.0,-760.0,87.0,536.0,,-101.0,-210.0,655.0,546.0,159.0
364.0,-680.0,93.0,565.0,,-12.0,-165.0,280.0,423.0,35.0
386.0,-515.0,106.0,401.0,,-140.0,-104.0,164.0,309.0,75.0
318.0,-288.0,49.0,218.0,,-342.0,-135.0,-27.0,382.0,212.0
274.0,96.0,50.0,149.0,,-564.0,-163.0,35.0,161.0,457.0
221.0,414.0,87.0,120.0,,-505.0,-189.0,149.0,483.0,738.0
134.0,409.0,61.0,121.0,,-294.0,-176.0,380.0,525.0,948.0
53.0,304.0,63.0,41.0,,-279.0,-143.0,805.0,132.0,1083.0
21.0,110.0,46.0,16.0,,-271.0,-155.0,1158.0,181.0,1108.0
24.0,-75.0,25.0,81.0,,-249.0,-112.0,1714.0,211.0,976.0
62.0,-157.0,25.0,19.0,,-191.0,-15.0,1917.0,558.0,700.0
104.0,-271.0,-40.0,-128.0,,-483.0,110.0,1762.0,467.0,443.0
67.0,-175.0,-55.0,-228.0,,-527.0,207.0,1285.0,58.0,223.0
4.0,21.0,-73.0,-248.0,,-217.0,199.0,739.0,119.0,-26.0
-19.0,-159.0,-70.0,-268.0,,-3.0,148.0,323.0,112.0,-241.0
-72.0,-265.0,-30.0,-352.0,,-145.0,98.0,-109.0,40.0,-339.0
-113.0,-382.0,-27.0,-372.0,,4.0,31.0,-110.0,160.0,-405.0
-88.0,-707.0,56.0,-291.0,,33.0,-102.0,-145.0,314.0,-478.0
-44.0,-909.0,120.0,-372.0,,-125.0,-229.0,-12.0,73.0,-481.0
1.0,-821.0,114.0,-505.0,,-96.0,-319.0,138.0,-135.0,-506.0
100.0,-707.0,137.0,-435.0,,14.0,-391.0,88.0,162.0,-559.0
215.0,-705.0,175.0,-300.0,,40.0,-437.0,417.0,260.0,-486.0
257.0,-559.0,174.0,-248.0,,-377.0,-477.0,580.0,-4.0,-410.0
304.0,-542.0,179.0,-219.0,,-196.0,-491.0,805.0,-100.0,-431.0
346.0,-706.0,237.0,-114.0,,123.0,-517.0,1031.0,41.0,-351.0
354.0,-887.0,297.0,-84.0,,208.0,-547.0,1210.0,-95.0,-212.0
305.0,-727.0,352.0,-145.0,,194.0,-611.0,1452.0,-257.0,-136.0
287.0,-237.0,379.0,-91.0,,329.0,-694.0,1212.0,-233.0,-123.0
313.0,-62.0,386.0,84.0,,400.0,-677.0,883.0,-604.0,-121.0
280.0,237.0,413.0,259.0,,268.0,-545.0,461.0,-709.0,-137.0
258.0,553.0,422.0,459.0,,313.0,-369.0,166.0,-618.0,-231.0
196.0,643.0,397.0,638.0,,495.0,-242.0,-1.0,-673.0,-317.0
163.0,402.0,386.0,584.0,,428.0,-215.0,-184.0,-568.0,-319.0
195.0,217.0,395.0,358.0,,165.0,-211.0,-84.0,-771.0,-269.0
269.0,973.0,344.0,199.0,,453.0,-213.0,66.0,-788.0,-249.0
296.0,1235.0,296.0,223.0,,459.0,-260.0,386.0,-486.0,-150.0
271.0,1171.0,331.0,249.0,,290.0,-303.0,602.0,-462.0,-14.0
321.0,1197.0,315.0,277.0,,33.0,-330.0,768.0,-402.0,-71.0
372.0,1027.0,278.0,406.0,,-127.0,-347.0,1018.0,-209.0,-164.0
395.0,545.0,265.0,444.0,,70.0,-330.0,1149.0,115.0,-189.0
357.0,-209.0,245.0,371.0,,206.0,-294.0,1271.0,162.0,-279.0
370.0,-343.0,265.0,372.0,,3.0,-296.0,1208.0,84.0,-399.0
411.0,-607.0,267.0,469.0,,-156.0,-264.0,1295.0,485.0,-393.0
394.0,-751.0,247.0,485.0,,294.0,-142.0,1164.0,507.0,-364.0
369.0,-572.0,284.0,373.0,,477.0,-50.0,648.0,334.0,-456.0
354.0,-308.0,334.0,268.0,,126.0,-11.0,286.0,332.0,-493.0
420.0,-327.0,303.0,203.0,,-39.0,-27.0,0.0,444.0,-421.0
433.0,-481.0,297.0,96.0,,390.0,-90.0,-59.0,481.0,-435.0
384.0,-34.0,305.0,50.0,,331.0,-219.0,-184.0,50.0,-517.0
360.0,473.0,272.0,-26.0,,-202.0,-420.0,-315.0,181.0,-511.0
402.0,482.0,228.0,-240.0,,-164.0,-572.0,-376.0,330.0,-505.0
435.0,461.0,181.0,-382.0,,175.0,-650.0,-388.0,133.0,-575.0
404.0,928.0,208.0,-367.0,,31.0,-656.0,-99.0,247.0,-637.0
416.0,783.0,196.0,-332.0,,-289.0,-571.0,62.0,152.0,-658.0
462.0,729.0,166.0,-323.0,,-106.0,-474.0,365.0,-144.0,-707.0
472.0,801.0,156.0,-166.0,,177.0,-409.0,668.0,-244.0,-781.0
437.0,521.0,150.0,28.0,,135.0,-299.0,777.0,47.0,-804.0
427.0,146.0,167.0,152.0,,225.0,-229.0,864.0,-18.0,-815.0
442.0,-571.0,171.0,292.0,,358.0,-246.0,755.0,-394.0,-819.0
443.0,-606.0,184.0,477.0,,223.0,-222.0,679.0,-403.0,-789.0
426.0,-741.0,198.0,619.0,,356.0,-202.0,295.0,-299.0,-722.0
405.0,-828.0,227.0,702.0,,399.0,-154.0,-114.0,-233.0,-684.0
421.0,-705.0,216.0,830.0,,325.0,-99.0,-301.0,-461.0,-661.0
477.0,-782.0,232.0,883.0,,177.0,-110.0,-334.0,-358.0,-540.0
460.0,-428.0,260.0,722.0,,123.0,-108.0,-133.0,-65.0,-419.0
418.0,-103.0,220.0,451.0,,73.0,-107.0,-84.0,-89.0,-346.0
413.0,268.0,197.0,321.0,,7.0,-179.0,138.0,-42.0,-243.0
392.0,251.0,143.0,256.0,,133.0,-286.0,232.0,78.0,-149.0
375.0,264.0,100.0,83.0,,148.0,-352.0,242.0,267.0,-156.0
328.0,484.0,65.0,-74.0,,87.0,-382.0,382.0,80.0,-154.0
290.0,710.0,-32.0,-105.0,,240.0,-354.0,330.0,30.0,-123.0
229.0,1094.0,-127.0,-39.0,,489.0,-341.0,436.0,31.0,-229.0
224.0,928.0,-155.0,7.0,,216.0,-380.0,352.0,-259.0,-336.0
235.0,912.0,-162.0,37.0,,112.0,-406.0,321.0,-127.0,-392.0
236.0,888.0,-198.0,24.0,,260.0,-414.0,384.0,87.0,-474.0
274.0,362.0,-174.0,-59.0,,296.0,-409.0,306.0,443.0,-505.0
251.0,22.0,-138.0,-100.0,,100.0,-413.0,421.0,432.0,-460.0
243.0,105.0,-146.0,-145.0,,351.0,-397.0,314.0,38.0,-311.0
212.0,-201.0,-119.0,-131.0,,679.0,-368.0,258.0,167.0,-171.0
202.0,-404.0,-93.0,-65.0,,316.0,-333.0,197.0,327.0,-54.0
183.0,-167.0,-56.0,-151.0,,286.0,-313.0,11.0,139.0,77.0
141.0,-216.0,11.0,-299.0,,594.0,-338.0,-44.0,-196.0,104.0
95.0,-161.0,38.0,-362.0,,592.0,-327.0,55.0,-254.0,56.0
33.0,-508.0,111.0,-270.0,,186.0,-310.0,352.0,-460.0,-14.0
1.0,-721.0,232.0,-110.0,,342.0,-341.0,471.0,-878.0,-49.0
-30.0,-969.0,293.0,90.0,,511.0,-353.0,637.0,-632.0,-119.0
-14.0,-1314.0,308.0,270.0,,244.0,-294.0,497.0,-327.0,-237.0
-27.0,-1040.0,313.0,387.0,,284.0,-221.0,201.0,-433.0,-254.0
-31.0,-713.0,327.0,552.0,,623.0,-191.0,168.0,-331.0,-271.0
-38.0,-89.0,300.0,659.0,,543.0,-219.0,-35.0,-40.0,-310.0
-80.0,65.0,279.0,677.0,,175.0,-274.0,27.0,104.0,-318.0
-100.0,-89.0,269.0,627.0,,269.0,-341.0,5.0,117.0,-356.0
-98.0,254.0,236.0,456.0,,431.0,-361.0,12.0,164.0,-409.0
-78.0,550.0,212.0,159.0,,456.0,-297.0,107.0,280.0,-459.0
-74.0,587.0,144.0,-198.0,,269.0,-244.0,11.0,232.0,-521.0
-43.0,341.0,66.0,-530.0,,279.0,-186.0,158.0,308.0,-519.0
32.0,-92.0,11.0,-830.0,,154.0,-79.0,70.0,524.0,-456.0
121.0,-423.0,-65.0,-1105.0,,5.0,9.0,133.0,557.0,-415.0
188.0,-762.0,-116.0,-1283.0,,122.0,7.0,242.0,709.0,-450.0
211.0,-861.0,-96.0,-1253.0,,77.0,-66.0,96.0,1024.0,-621.0
210.0,-596.0,-52.0,-1008.0,,227.0,-130.0,-7.0,1190.0,-777.0
241.0,-381.0,3.0,-680.0,,304.0,-180.0,-51.0,1030.0,-874.0
202.0,114.0,63.0,-432.0,,277.0,-190.0,-24.0,867.0,-964.0
111.0,870.0,127.0,-287.0,,212.0,-111.0,-378.0,842.0,-1014.0
94.0,1538.0,232.0,-186.0,,452.0,-29.0,-456.0,977.0,-1001.0
119.0,1748.0,274.0,-71.0,,736.0,14.0,-465.0,850.0,-958.0
120.0,2058.0,261.0,-61.0,,544.0,59.0,-591.0,322.0,-942.0
82.0,2537.0,262.0,-131.0,,697.0,66.0,-620.0,330.0,-869.0
60.0,2239.0,197.0,-80.0,,658.0,3.0,-716.0,243.0,-856.0
20.0,1679.0,161.0,-10.0,,274.0,-24.0,-319.0,-82.0,-897.0
-34.0,862.0,108.0,-34.0,,78.0,0.0,-147.0,114.0,-844.0
-108.0,173.0,26.0,-106.0,,381.0,-89.0,40.0,83.0,-722.0
-160.0,18.0,22.0,-58.0,,429.0,-261.0,149.0,-261.0,-614.0
-175.0,-585.0,-37.0,43.0,,-19.0,-389.0,-162.0,-332.0,-572.0
-177.0,-780.0,-93.0,-13.0,,145.0,-433.0,-24.0,-324.0,-449.0
-128.0,-238.0,-109.0,-207.0,,531.0,-378.0,-35.0,-203.0,-291.0
-68.0,-222.0,-113.0,-453.0,,554.0,-261.0,-11.0,-272.0,-241.0
-39.0,-117.0,-168.0,-681.0,,24.0,-76.0,66.0,-786.0,-210.0
-38.0,522.0,-224.0,-812.0,,342.0,154.0,-197.0,-556.0,-189.0
-25.0,1003.0,-236.0,-740.0,,779.0,369.0,-310.0,-292.0,-325.0
-40.0,1093.0,-277.0,-517.0,,598.0,506.0,-467.0,-574.0,-531.0
-81.0,1244.0,-240.0,-309.0,,310.0,521.0,-545.0,-368.0,-614.0
-122.0,1495.0,-237.0,-219.0,,304.0,501.0,-513.0,-247.0,-681.0
-119.0,1039.0,-246.0,-179.0,,557.0,465.0,-504.0,-106.0,-827.0
-59.0,338.0,-207.0,-121.0,,431.0,353.0,-456.0,112.0,-918.0
27.0,-114.0,-205.0,-28.0,,486.0,207.0,-423.0,221.0,-924.0
110.0,-305.0,-187.0,28.0,,328.0,82.0,-321.0,418.0,-949.0
132.0,-453.0,-168.0,-49.0,,495.0,0.0,-271.0,242.0,-984.0
165.0,-850.0,-183.0,-88.0,,447.0,-31.0,-203.0,150.0,-978.0
168.0,-696.0,-204.0,-115.0,,452.0,-71.0,-253.0,412.0,-873.0
135.0,-461.0,-201.0,-149.0,,454.0,-135.0,-269.0,480.0,-732.0
76.0,-704.0,-199.0,-166.0,,553.0,-166.0,-299.0,352.0,-644.0
-1.0,-774.0,-197.0,-89.0,,784.0,-194.0,-559.0,313.0,-590.0
-57.0,-138.0,-162.0,43.0,,584.0,-263.0,-692.0,200.0,-558.0
-107.0,375.0,-165.0,-40.0,,832.0,-342.0,-958.0,96.0,-515.0
-147.0,338.0,-183.0,-126.0,,923.0,-352.0,-1090.0,251.0,-419.0
-217.0,795.0,-123.0,-190.0,,934.0,-300.0,-1201.0,350.0,-377.0
-224.0,908.0,-141.0,-297.0,,893.0,-357.0,-1278.0,209.0,-445.0
-223.0,279.0,-178.0,-290.0,,892.0,-457.0,-1031.0,124.0,-505.0
-279.0,-348.0,-165.0,-166.0,,681.0,-457.0,-1034.0,303.0,-552.0
-296.0,-497.0,-195.0,53.0,,719.0,-413.0,-794.0,562.0,-597.0
-293.0,-456.0,-191.0,145.0,,1156.0,-373.0,-655.0,504.0,-601.0
-294.0,-671.0,-212.0,197.0,,1202.0,-338.0,-696.0,145.0,-592.0
-292.0,-793.0,-276.0,299.0,,686.0,-269.0,-596.0,104.0,-541.0
-284.0,-697.0,-279.0,356.0,,314.0,-186.0,-713.0,91.0,-386.0
-267.0,-412.0,-304.0,421.0,,674.0,-126.0,-580.0,-36.0,-269.0
-239.0,-686.0,-334.0,332.0,,1170.0,-38.0,-524.0,80.0,-242.0
-265.0,-744.0,-329.0,182.0,,972.0,57.0,-521.0,59.0,-202.0
-275.0,-204.0,-349.0,122.0,,647.0,119.0,-450.0,-15.0,-171.0
-262.0,173.0,-366.0,22.0,,872.0,199.0,-406.0,21.0,-151.0
-247.0,362.0,-385.0,-71.0,,939.0,277.0,-362.0,227.0,-188.0
-259.0,476.0,-392.0,-73.0,,1056.0,352.0,-559.0,8.0,-287.0
-268.0,731.0,-358.0,-62.0,,994.0,423.0,-591.0,-497.0,-366.0
-210.0,441.0,-330.0,-48.0,,1076.0,432.0,-752.0,-551.0,-390.0
-258.0,296.0,-376.0,-34.0,,1062.0,414.0,-894.0,-521.0,-374.0
-294.0,411.0,-384.0,-159.0,,1039.0,324.0,-851.0,-299.0,-363.0
-354.0,151.0,-374.0,-333.0,,1054.0,138.0,-964.0,-302.0,-362.0
-368.0,-155.0,-368.0,-420.0,,891.0,-90.0,-905.0,-460.0,-398.0
-350.0,-379.0,-369.0,-339.0,,810.0,-309.0,-942.0,-318.0,-436.0
-459.0,-270.0,-401.0,-121.0,,655.0,-459.0,-785.0,-112.0,-431.0
-452.0,-187.0,-400.0,91.0,,747.0,-532.0,-548.0,115.0,-428.0
-408.0,-265.0,-376.0,287.0,,778.0,-478.0,-489.0,99.0,-404.0
-376.0,-410.0,-298.0,401.0,,838.0,-288.0,-186.0,109.0,-316.0
-460.0,-32.0,-299.0,445.0,,615.0,-28.0,-62.0,137.0,-228.0
-485.0,117.0,-232.0,446.0,,478.0,116.0,144.0,143.0,-141.0
-468.0,-198.0,-200.0,442.0,,678.0,104.0,105.0,368.0,-17.0
-556.0,106.0,-224.0,333.0,,708.0,51.0,-334.0,468.0,119.0
-599.0,364.0,-137.0,124.0,,668.0,5.0,-665.0,567.0,151.0
-658.0,607.0,-119.0,-14.0,,755.0,-41.0,-1176.0,847.0,43.0
-649.0,884.0,-107.0,-28.0,,833.0,-144.0,-1516.0,1111.0,-95.0
-629.0,967.0,-141.0,157.0,,731.0,-216.0,-1831.0,1187.0,-303.0
-605.0,707.0,-150.0,165.0,,915.0,-247.0,-1995.0,1047.0,-525.0
-619.0,507.0,-131.0,-5.0,,1223.0,-316.0,-1838.0,920.0,-662.0
-566.0,280.0,-155.0,-129.0,,1042.0,-398.0,-1566.0,608.0,-699.0
-563.0,-421.0,-184.0,-266.0,,643.0,-449.0,-1165.0,393.0,-677.0
-568.0,-960.0,-220.0,-379.0,,783.0,-408.0,-946.0,306.0,-660.0
-481.0,-1462.0,-204.0,-426.0,,1068.0,-349.0,-759.0,121.0,-622.0
-576.0,-1520.0,-243.0,-304.0,,702.0,-317.0,-740.0,25.0,-619.0
-541.0,-1604.0,-277.0,-245.0,,295.0,-235.0,-685.0,-151.0,-640.0
-479.0,-1586.0,-236.0,-287.0,,396.0,-149.0,-530.0,8.0,-635.0
-483.0,-1164.0,-221.0,-241.0,,753.0,-95.0,-480.0,-5.0,-583.0
-402.0,-606.0,-194.0,-99.0,,748.0,-49.0,-487.0,-296.0,-464.0
-342.0,176.0,-187.0,140.0,,390.0,-68.0,-742.0,-305.0,-354.0
-342.0,256.0,-180.0,166.0,,576.0,-107.0,-812.0,-266.0,-291.0
-288.0,741.0,-105.0,-90.0,,884.0,-138.0,-829.0,-108.0,-220.0
-224.0,1060.0,-118.0,-351.0,,957.0,-149.0,-776.0,-40.0,-187.0
-286.0,748.0,-112.0,-535.0,,708.0,-130.0,-526.0,-76.0,-198.0
-207.0,1013.0,-36.0,-634.0,,680.0,-128.0,-395.0,-83.0,-101.0
-139.0,1148.0,0.0,-669.0,,757.0,-143.0,-264.0,78.0,-37.0
-193.0,971.0,52.0,-678.0,,538.0,-185.0,-388.0,234.0,-184.0
-96.0,405.0,36.0,-657.0,,449.0,-277.0,-504.0,504.0,-262.0
15.0,-279.0,55.0,-499.0,,450.0,-429.0,-598.0,670.0,-155.0
-15.0,-857.0,65.0,-307.0,,630.0,-503.0,-835.0,375.0,-141.0
-27.0,-1304.0,-2.0,-239.0,,540.0,-503.0,-770.0,411.0,-246.0
60.0,-1676.0,-51.0,-171.0,,668.0,-497.0,-715.0,546.0,-198.0
56.0,-1813.0,-96.0,-155.0,,702.0,-431.0,-654.0,547.0,-18.0
24.0,-1436.0,-116.0,-192.0,,473.0,-377.0,-552.0,306.0,-27.0
91.0,-1018.0,-202.0,-216.0,,411.0,-347.0,-362.0,-202.0,-134.0
84.0,-436.0,-287.0,-273.0,,704.0,-347.0,-24.0,-171.0,-146.0
99.0,287.0,-284.0,-290.0,,872.0,-333.0,133.0,-28.0,-239.0
133.0,518.0,-315.0,-171.0,,387.0,-300.0,389.0,-50.0,-400.0
55.0,668.0,-380.0,-48.0,,390.0,-223.0,360.0,-56.0,-411.0
0.0,1072.0,-426.0,1.0,,659.0,-48.0,203.0,-211.0,-266.0
26.0,1097.0,-420.0,-6.0,,671.0,106.0,121.0,-314.0,-62.0
-42.0,992.0,-442.0,-119.0,,407.0,214.0,-242.0,-296.0,174.0
-167.0,424.0,-469.0,-270.0,,435.0,288.0,-482.0,-22.0,383.0
-152.0,-193.0,-444.0,-389.0,,772.0,243.0,-672.0,-143.0,547.0
-237.0,-500.0,-443.0,-308.0,,532.0,79.0,-654.0,-564.0,614.0
-310.0,-1074.0,-421.0,-235.0,,98.0,-85.0,-587.0,-374.0,540.0
-328.0,-1117.0,-404.0,-299.0,,59.0,-211.0,-484.0,-149.0,479.0
-474.0,-1320.0,-384.0,-335.0,,444.0,-369.0,-212.0,186.0,419.0
-538.0,-1221.0,-372.0,-297.0,,440.0,-472.0,-16.0,442.0,360.0
-507.0,-554.0,-325.0,-162.0,,-17.0,-440.0,297.0,279.0,340.0
-467.0,-87.0,-315.0,-56.0,,77.0,-389.0,406.0,362.0,321.0
-465.0,446.0,-314.0,43.0,,475.0,-316.0,543.0,586.0,311.0
-417.0,631.0,-239.0,42.0,,529.0,-277.0,517.0,832.0,190.0
-382.0,892.0,-254.0,-11.0,,237.0,-314.0,219.0,797.0,80.0
-362.0,794.0,-251.0,-93.0,,300.0,-337.0,-62.0,509.0,7.0
-316.0,1122.0,-279.0,-162.0,,374.0,-367.0,-474.0,302.0,-146.0
-357.0,1295.0,-280.0,-69.0,,317.0,-347.0,-554.0,325.0,-265.0
-309.0,569.0,-254.0,0.0,,348.0,-247.0,-720.0,369.0,-225.0
-222.0,744.0,-286.0,66.0,,204.0,-150.0,-825.0,228.0,-71.0
-169.0,924.0,-286.0,51.0,,18.0,-89.0,-722.0,40.0,-8.0
-133.0,1156.0,-299.0,-76.0,,-412.0,-19.0,-650.0,-134.0,151.0
-108.0,1289.0,-284.0,-177.0,,-329.0,58.0,-288.0,-19.0,352.0
-29.0,1073.0,-316.0,-276.0,,-81.0,107.0,-175.0,95.0,338.0
0.0,614.0,-350.0,-372.0,,-82.0,115.0,-5.0,221.0,367.0
50.0,2.0,-322.0,-422.0,,-488.0,144.0,160.0,38.0,437.0
96.0,-602.0,-324.0,-337.0,,-605.0,230.0,138.0,-220.0,368.0
114.0,-1737.0,-343.0,-203.0,,-135.0,243.0,240.0,-53.0,197.0
170.0,-2361.0,-350.0,-132.0,,-127.0,217.0,127.0,187.0,153.0
215.0,-3012.0,-318.0,-65.0,,-200.0,173.0,49.0,205.0,136.0
203.0,-3509.0,-310.0,-52.0,,-133.0,62.0,-133.0,-86.0,-24.0
179.0,-3508.0,-283.0,-119.0,,89.0,-83.0,-203.0,35.0,-46.0
188.0,-3331.0,-174.0,-162.0,,27.0,-181.0,-197.0,201.0,-66.0
140.0,-2703.0,-34.0,-129.0,,-16.0,-158.0,-247.0,239.0,-161.0
94.0,-1527.0,71.0,-32.0,,6.0,-35.0,-88.0,-13.0,-152.0
55.0,146.0,54.0,0.0,,-163.0,153.0,-144.0,-91.0,-83.0
34.0,1103.0,127.0,-70.0,,-580.0,322.0,38.0,255.0,11.0
78.0,2009.0,139.0,-120.0,,-700.0,368.0,208.0,46.0,199.0
117.0,2563.0,93.0,-184.0,,-310.0,299.0,304.0,177.0,579.0
86.0,2735.0,118.0,-259.0,,-173.0,208.0,515.0,201.0,815.0
21.0,3420.0,116.0,-236.0,,-482.0,76.0,443.0,-80.0,880.0
0.0,3269.0,193.0,-212.0,,-725.0,-41.0,397.0,-17.0,1044.0
-45.0,2451.0,144.0,-199.0,,-339.0,-84.0,94.0,290.0,1115.0
-121.0,1937.0,113.0,-193.0,,-294.0,-62.0,-27.0,689.0,1061.0
-196.0,1640.0,101.0,-188.0,,-748.0,73.0,-105.0,504.0,1027.0
-208.0,941.0,69.0,-89.0,,-892.0,237.0,-323.0,374.0,1020.0
-174.0,620.0,98.0,55.0,,-452.0,353.0,-247.0,310.0,836.0
-149.0,353.0,31.0,159.0,,-356.0,342.0,-328.0,254.0,622.0
-157.0,-454.0,5.0,183.0,,-730.0,231.0,-277.0,246.0,490.0
-148.0,-421.0,-20.0,221.0,,-734.0,136.0,-334.0,-157.0,173.0
-87.0,-691.0,-66.0,273.0,,-436.0,77.0,-412.0,-352.0,-105.0
-92.0,-1341.0,-77.0,224.0,,-548.0,77.0,-347.0,-483.0,-233.0
-157.0,-1927.0,-46.0,74.0,,-888.0,105.0,-282.0,-486.0,-370.0
-206.0,-2441.0,-61.0,-45.0,,-916.0,108.0,-14.0,-199.0,-471.0
-222.0,-1967.0,-130.0,-93.0,,-755.0,71.0,-46.0,-248.0,-478.0
-207.0,-1637.0,-72.0,-83.0,,-638.0,1.0,27.0,-507.0,-429.0
-158.0,-1197.0,21.0,2.0,,-766.0,-131.0,158.0,-357.0,-325.0
-197.0,-568.0,61.0,-29.0,,-710.0,-286.0,179.0,0.0,-136.0
-186.0,-386.0,78.0,-89.0,,-843.0,-318.0,266.0,-68.0,16.0
-118.0,-339.0,40.0,-94.0,,-847.0,-198.0,181.0,-150.0,171.0
-169.0,-710.0,104.0,-134.0,,-775.0,-46.0,218.0,-29.0,359.0
-213.0,-829.0,195.0,-44.0,,-687.0,25.0,101.0,0.0,482.0
-277.0,-525.0,163.0,163.0,,-721.0,69.0,-20.0,350.0,624.0
-315.0,-330.0,203.0,295.0,,-809.0,113.0,-33.0,482.0,688.0
-321.0,-155.0,251.0,273.0,,-646.0,115.0,-22.0,408.0,613.0
-349.0,283.0,235.0,145.0,,-911.0,103.0,70.0,454.0,575.0
-380.0,298.0,191.0,3.0,,-1061.0,106.0,-66.0,187.0,624.0
-354.0,223.0,235.0,-79.0,,-1132.0,167.0,9.0,474.0,569.0
-242.0,825.0,302.0,-131.0,,-1062.0,250.0,155.0,751.0,354.0
-190.0,762.0,286.0,-154.0,,-1191.0,356.0,295.0,687.0,213.0
-129.0,557.0,262.0,-93.0,,-1429.0,398.0,517.0,653.0,110.0
-18.0,375.0,236.0,-39.0,,-1435.0,330.0,530.0,493.0,-53.0
43.0,-83.0,232.0,-40.0,,-1131.0,311.0,558.0,614.0,-258.0
113.0,-461.0,196.0,-38.0,,-881.0,288.0,399.0,529.0,-399.0
174.0,-803.0,136.0,-203.0,,-1352.0,246.0,229.0,491.0,-418.0
246.0,-781.0,92.0,-390.0,,-1408.0,232.0,83.0,278.0,-430.0
306.0,-815.0,128.0,-432.0,,-922.0,212.0,-79.0,-142.0,-418.0
350.0,-212.0,93.0,-399.0,,-655.0,116.0,12.0,-176.0,-404.0
441.0,606.0,-1.0,-161.0,,-1199.0,-90.0,-38.0,-192.0,-466.0
480.0,1487.0,-43.0,128.0,,-1433.0,-321.0,20.0,-235.0,-495.0
508.0,2076.0,-79.0,384.0,,-955.0,-513.0,86.0,-544.0,-414.0
515.0,2182.0,-108.0,553.0,,-976.0,-622.0,51.0,-537.0,-357.0
496.0,2454.0,-190.0,686.0,,-1377.0,-578.0,186.0,-136.0,-436.0
436.0,2082.0,-153.0,790.0,,-1564.0,-326.0,197.0,-40.0,-476.0
319.0,1950.0,-120.0,726.0,,-1037.0,-24.0,358.0,-4.0,-418.0
211.0,1299.0,-142.0,577.0,,-870.0,218.0,367.0,-11.0,-414.0
131.0,568.0,-132.0,258.0,,-1300.0,402.0,249.0,225.0,-457.0
77.0,137.0,-136.0,-27.0,,-1569.0,515.0,101.0,414.0,-477.0
-5.0,-793.0,-30.0,-158.0,,-1348.0,531.0,-129.0,283.0,-415.0
-73.0,-860.0,-9.0,-283.0,,-1126.0,478.0,-60.0,356.0,-400.0
-92.0,-1080.0,-46.0,-400.0,,-1133.0,525.0,-105.0,333.0,-422.0
-75.0,-1677.0,16.0,-439.0,,-1148.0,582.0,25.0,343.0,-329.0
-107.0,-1562.0,110.0,-382.0,,-1595.0,598.0,153.0,435.0,-284.0
-128.0,-669.0,144.0,-370.0,,-1522.0,604.0,254.0,347.0,-333.0
-87.0,-453.0,116.0,-278.0,,-1189.0,560.0,460.0,390.0,-307.0
-27.0,-727.0,158.0,-35.0,,-901.0,475.0,478.0,224.0,-173.0
-1.0,309.0,193.0,223.0,,-1007.0,320.0,618.0,-53.0,-145.0
-35.0,812.0,187.0,436.0,,-1297.0,199.0,491.0,-19.0,-205.0
-38.0,351.0,137.0,575.0,,-1010.0,105.0,432.0,124.0,-115.0
-57.0,480.0,127.0,667.0,,-907.0,-28.0,354.0,81.0,-59.0
-92.0,930.0,171.0,690.0,,-969.0,-134.0,395.0,-171.0,-134.0
-133.0,881.0,125.0,705.0,,-1082.0,-234.0,630.0,-87.0,-100.0
-150.0,414.0,78.0,698.0,,-682.0,-391.0,532.0,7.0,51.0
-153.0,427.0,19.0,567.0,,-335.0,-586.0,648.0,-29.0,145.0
-182.0,181.0,0.0,411.0,,-696.0,-664.0,504.0,-60.0,162.0
-178.0,-796.0,-22.0,400.0,,-1039.0,-621.0,380.0,-198.0,209.0
-157.0,-1117.0,-88.0,432.0,,-759.0,-582.0,397.0,-283.0,194.0
-170.0,-677.0,-58.0,346.0,,-296.0,-491.0,404.0,-456.0,7.0
-170.0,-980.0,-41.0,223.0,,-515.0,-300.0,663.0,-166.0,-162.0
-139.0,-1434.0,-30.0,172.0,,-845.0,-24.0,563.0,-54.0,-138.0
-89.0,-838.0,-41.0,131.0,,-559.0,258.0,570.0,-448.0,-143.0
-45.0,-228.0,71.0,86.0,,-294.0,537.0,443.0,-531.0,-237.0
-23.0,108.0,260.0,101.0,,-525.0,808.0,232.0,-517.0,-137.0
-12.0,370.0,285.0,24.0,,-790.0,956.0,264.0,-459.0,27.0
-57.0,694.0,303.0,-36.0,,-722.0,1026.0,136.0,-419.0,0.0
-62.0,786.0,321.0,-48.0,,-534.0,1052.0,188.0,-579.0,-75.0
-99.0,835.0,334.0,-94.0,,-549.0,950.0,118.0,-662.0,-10.0
-134.0,1493.0,296.0,71.0,,-424.0,701.0,151.0,-431.0,37.0
-149.0,2071.0,220.0,258.0,,-468.0,409.0,279.0,-193.0,61.0
-152.0,2080.0,232.0,338.0,,-464.0,163.0,271.0,-201.0,231.0
-115.0,900.0,235.0,467.0,,-344.0,-50.0,352.0,-498.0,396.0
-104.0,174.0,147.0,598.0,,-246.0,-191.0,225.0,-401.0,430.0
-46.0,449.0,93.0,693.0,,-187.0,-255.0,219.0,-116.0,496.0
-10.0,-345.0,67.0,766.0,,-313.0,-316.0,136.0,-205.0,579.0
38.0,-618.0,5.0,789.0,,-407.0,-332.0,-1.0,-242.0,502.0
71.0,97.0,-59.0,707.0,,-387.0,-290.0,-51.0,-331.0,346.0
161.0,128.0,-109.0,600.0,,-195.0,-247.0,-166.0,-245.0,181.0
235.0,-192.0,-124.0,435.0,,-367.0,-229.0,-12.0,-168.0,-15.0
265.0,-958.0,-155.0,198.0,,-389.0,-176.0,144.0,-202.0,-208.0
319.0,-1035.0,-174.0,-17.0,,-133.0,-25.0,436.0,-161.0,-286.0
343.0,-415.0,-175.0,-235.0,,43.0,97.0,572.0,-296.0,-288.0
366.0,-925.0,-152.0,-410.0,,-147.0,217.0,559.0,-427.0,-317.0
280.0,-1111.0,-119.0,-579.0,,-332.0,363.0,681.0,-251.0,-233.0
216.0,-994.0,-140.0,-751.0,,-137.0,477.0,541.0,56.0,-74.0
189.0,-1331.0,-118.0,-747.0,,47.0,533.0,389.0,-50.0,14.0
192.0,-1022.0,-41.0,-501.0,,14.0,485.0,142.0,-196.0,100.0
153.0,439.0,-27.0,-214.0,,-248.0,404.0,57.0,-20.0,236.0
83.0,1603.0,-24.0,-51.0,,-346.0,349.0,57.0,179.0,364.0
109.0,1239.0,18.0,175.0,,-323.0,330.0,11.0,248.0,397.0
170.0,1679.0,62.0,368.0,,-20.0,285.0,182.0,151.0,361.0
223.0,2546.0,74.0,335.0,,91.0,253.0,236.0,116.0,303.0
234.0,1699.0,34.0,299.0,,10.0,272.0,388.0,158.0,291.0
284.0,273.0,56.0,231.0,,-106.0,261.0,400.0,170.0,351.0
396.0,305.0,53.0,141.0,,56.0,264.0,421.0,154.0,364.0
461.0,581.0,24.0,44.0,,433.0,243.0,609.0,330.0,324.0
433.0,-656.0,-10.0,-96.0,,303.0,191.0,659.0,176.0,338.0
481.0,-1299.0,-29.0,-103.0,,-57.0,148.0,783.0,-179.0,390.0
534.0,-1448.0,-30.0,-119.0,,-224.0,111.0,657.0,135.0,438.0
507.0,-1804.0,-131.0,-174.0,,55.0,88.0,521.0,140.0,427.0
465.0,-1690.0,-122.0,-127.0,,169.0,30.0,321.0,8.0,317.0
456.0,-1509.0,-110.0,71.0,,-35.0,3.0,53.0,49.0,248.0
479.0,-1050.0,-82.0,340.0,,-224.0,67.0,33.0,11.0,160.0
450.0,-663.0,-91.0,555.0,,-110.0,185.0,-127.0,281.0,-17.0
404.0,-262.0,-140.0,693.0,,-6.0,324.0,-121.0,363.0,-203.0
386.0,-465.0,-91.0,705.0,,85.0,444.0,-88.0,280.0,-414.0
436.0,-663.0,-147.0,749.0,,145.0,541.0,7.0,125.0,-562.0
449.0,-162.0,-125.0,776.0,,-87.0,574.0,151.0,48.0,-680.0
397.0,-123.0,-142.0,740.0,,-91.0,505.0,97.0,69.0,-712.0
383.0,89.0,-214.0,698.0,,-85.0,370.0,199.0,58.0,-606.0
380.0,454.0,-234.0,455.0,,46.0,260.0,186.0,-135.0,-583.0
345.0,1028.0,-195.0,89.0,,154.0,218.0,315.0,-521.0,-598.0
300.0,1246.0,-99.0,-175.0,,19.0,197.0,463.0,-468.0,-581.0
310.0,1574.0,-65.0,-386.0,,15.0,195.0,552.0,-349.0,-598.0
346.0,1072.0,-35.0,-625.0,,260.0,191.0,696.0,-112.0,-644.0
332.0,356.0,-24.0,-786.0,,513.0,158.0,513.0,113.0,-661.0
306.0,1295.0,17.0,-795.0,,390.0,134.0,441.0,-87.0,-575.0
336.0,84.0,-3.0,-626.0,,64.0,149.0,260.0,-15.0,-488.0
385.0,-1555.0,-5.0,-347.0,,-68.0,158.0,109.0,108.0,-380.0
336.0,-1110.0,31.0,-115.0,,221.0,181.0,140.0,379.0,-224.0
255.0,-368.0,-13.0,30.0,,281.0,268.0,51.0,577.0,-158.0
197.0,-1275.0,-72.0,81.0,,112.0,322.0,118.0,391.0,-141.0
148.0,-1554.0,-116.0,170.0,,-33.0,305.0,-7.0,409.0,-108.0
110.0,-517.0,-129.0,279.0,,-89.0,266.0,-118.0,505.0,-61.0
11.0,-736.0,-210.0,391.0,,-63.0,155.0,-216.0,643.0,-26.0
-64.0,-279.0,-321.0,532.0,,-77.0,19.0,-314.0,544.0,-53.0
-81.0,-1000.0,-365.0,519.0,,0.0,-29.0,-236.0,358.0,-103.0
-107.0,-1101.0,-370.0,503.0,,-252.0,-4.0,-223.0,377.0,-138.0
-188.0,-203.0,-388.0,437.0,,-270.0,81.0,14.0,335.0,-181.0
-224.0,-372.0,-453.0,321.0,,-2.0,241.0,109.0,321.0,-228.0
-197.0,175.0,-503.0,228.0,,91.0,390.0,83.0,365.0,-192.0
-191.0,169.0,-496.0,20.0,,-172.0,395.0,-59.0,285.0,-151.0
-198.0,741.0,-492.0,-102.0,,-290.0,329.0,-269.0,231.0,-137.0
-238.0,1104.0,-525.0,-129.0,,-66.0,299.0,-225.0,349.0,-66.0
-256.0,1128.0,-502.0,-44.0,,43.0,305.0,-308.0,650.0,-99.0
-278.0,1214.0,-408.0,121.0,,39.0,399.0,-208.0,568.0,-170.0
-287.0,838.0,-394.0,294.0,,3.0,589.0,-173.0,77.0,-157.0
-259.0,1146.0,-379.0,405.0,,210.0,780.0,-212.0,236.0,-123.0
-231.0,970.0,-321.0,488.0,,187.0,832.0,-157.0,363.0,-111.0
-231.0,573.0,-291.0,635.0,,-39.0,712.0,-232.0,277.0,-98.0
-214.0,-385.0,-247.0,567.0,,-262.0,513.0,-38.0,-34.0,54.0
-160.0,-1023.0,-287.0,459.0,,47.0,286.0,55.0,-462.0,156.0
-142.0,-619.0,-296.0,377.0,,298.0,65.0,144.0,-201.0,134.0
-172.0,-984.0,-232.0,253.0,,187.0,-51.0,86.0,-95.0,160.0
-221.0,-1586.0,-276.0,264.0,,104.0,3.0,-205.0,-119.0,112.0
-233.0,-1041.0,-267.0,288.0,,55.0,109.0,-288.0,-167.0,-7.0
-227.0,265.0,-215.0,338.0,,196.0,168.0,-424.0,-318.0,-15.0
-238.0,282.0,-192.0,346.0,,66.0,228.0,-238.0,-401.0,76.0
-261.0,-75.0,-164.0,266.0,,-43.0,226.0,29.0,-323.0,161.0
-240.0,234.0,-182.0,130.0,,-181.0,106.0,269.0,-118.0,184.0
-253.0,504.0,-140.0,73.0,,-254.0,38.0,473.0,-376.0,183.0
-312.0,175.0,-77.0,176.0,,-164.0,177.0,339.0,-493.0,167.0
-330.0,-704.0,-54.0,163.0,,290.0,375.0,271.0,-211.0,104.0
-292.0,-714.0,-33.0,176.0,,434.0,539.0,70.0,15.0,66.0
-221.0,-479.0,30.0,277.0,,43.0,730.0,51.0,39.0,66.0
-239.0,-873.0,62.0,335.0,,-59.0,792.0,109.0,-64.0,34.0
-257.0,-1471.0,37.0,513.0,,288.0,691.0,112.0,-141.0,-63.0
-258.0,-1242.0,17.0,663.0,,550.0,532.0,219.0,-330.0,-160.0
-242.0,-1047.0,-14.0,725.0,,294.0,341.0,31.0,-72.0,-144.0
-207.0,-1362.0,16.0,883.0,,199.0,213.0,-129.0,245.0,-178.0
-218.0,-382.0,-13.0,892.0,,267.0,215.0,-502.0,220.0,-284.0
-207.0,429.0,-33.0,655.0,,391.0,325.0,-840.0,289.0,-169.0
-164.0,-372.0,-37.0,359.0,,386.0,385.0,-885.0,202.0,17.0
-126.0,-150.0,-50.0,130.0,,563.0,317.0,-848.0,248.0,102.0
-127.0,1463.0,-67.0,23.0,,828.0,151.0,-642.0,368.0,207.0
-142.0,1954.0,-157.0,-40.0,,861.0,-79.0,-646.0,271.0,312.0
-80.0,1998.0,-120.0,-128.0,,836.0,-254.0,-550.0,-57.0,363.0
-21.0,2866.0,-122.0,-291.0,,867.0,-304.0,-471.0,-145.0,351.0
-36.0,3553.0,-173.0,-470.0,,922.0,-218.0,-423.0,80.0,349.0
-56.0,2619.0,-174.0,-532.0,,786.0,-3.0,-256.0,-12.0,349.0
-42.0,1028.0,-134.0,-533.0,,794.0,243.0,-308.0,-213.0,329.0
13.0,48.0,-112.0,-482.0,,1085.0,372.0,-314.0,-398.0,261.0
6.0,-939.0,-132.0,-310.0,,1404.0,404.0,-478.0,-396.0,226.0
-9.0,-2559.0,-39.0,-210.0,,1191.0,408.0,-594.0,-385.0,228.0
-21.0,-4156.0,33.0,-148.0,,814.0,414.0,-580.0,-482.0,117.0
-79.0,-4513.0,55.0,-92.0,,813.0,514.0,-526.0,-661.0,110.0
-97.0,-4375.0,10.0,-143.0,,896.0,672.0,-306.0,-871.0,144.0
-105.0,-4252.0,1.0,-190.0,,787.0,774.0,-336.0,-781.0,61.0
-125.0,-2956.0,86.0,-277.0,,774.0,728.0,-371.0,-682.0,43.0
-169.0,-1244.0,52.0,-408.0,,833.0,584.0,-509.0,-775.0,113.0
-179.0,-1329.0,-10.0,-525.0,,862.0,460.0,-652.0,-901.0,131.0
-177.0,-711.0,-15.0,-496.0,,1001.0,331.0,-648.0,-731.0,0.0
-195.0,630.0,-27.0,-444.0,,1160.0,259.0,-692.0,-655.0,-47.0
-199.0,456.0,-36.0,-508.0,,808.0,312.0,-452.0,-443.0,-39.0
-183.0,547.0,-74.0,-528.0,,279.0,409.0,-354.0,51.0,-140.0
-182.0,851.0,-44.0,-439.0,,548.0,418.0,-238.0,256.0,-217.0
-222.0,1519.0,19.0,-286.0,,830.0,325.0,-127.0,292.0,-304.0
-199.0,1710.0,-68.0,-261.0,,712.0,227.0,-243.0,201.0,-355.0
-106.0,1734.0,-133.0,-298.0,,276.0,93.0,-184.0,522.0,-439.0
-8.0,2225.0,-157.0,-290.0,,70.0,31.0,-306.0,690.0,-457.0
72.0,2458.0,-172.0,-182.0,,240.0,149.0,-465.0,567.0,-358.0
147.0,2832.0,-170.0,-78.0,,399.0,404.0,-731.0,475.0,-394.0
237.0,2405.0,-197.0,-105.0,,321.0,703.0,-859.0,380.0,-445.0
283.0,2126.0,-116.0,10.0,,-18.0,905.0,-781.0,574.0,-414.0
264.0,1482.0,-80.0,142.0,,-204.0,936.0,-739.0,591.0,-386.0
241.0,329.0,-88.0,71.0,,-54.0,815.0,-269.0,608.0,-479.0
241.0,47.0,-49.0,-10.0,,283.0,593.0,-72.0,351.0,-424.0
282.0,-433.0,-43.0,16.0,,141.0,328.0,24.0,188.0,-196.0
258.0,-1506.0,-50.0,110.0,,171.0,164.0,38.0,152.0,-85.0
235.0,-2210.0,-98.0,134.0,,519.0,115.0,-197.0,47.0,16.0
216.0,-2107.0,-129.0,39.0,,601.0,184.0,-184.0,16.0,203.0
152.0,-2128.0,-104.0,48.0,,514.0,341.0,-190.0,-208.0,355.0
80.0,-2269.0,-96.0,136.0,,684.0,485.0,-5.0,-150.0,388.0
-18.0,-2259.0,-139.0,144.0,,632.0,536.0,36.0,-101.0,496.0
-44.0,-2538.0,-169.0,149.0,,241.0,408.0,-14.0,51.0,591.0
-94.0,-3027.0,-185.0,56.0,,213.0,243.0,-68.0,-54.0,520.0
-94.0,-3199.0,-177.0,16.0,,294.0,165.0,-310.0,-202.0,406.0
-81.0,-3152.0,-212.0,136.0,,134.0,177.0,-330.0,-121.0,407.0
-90.0,-3031.0,-269.0,172.0,,55.0,255.0,-417.0,-235.0,436.0
-119.0,-2607.0,-236.0,122.0,,193.0,425.0,-386.0,-21.0,361.0
-181.0,-1582.0,-273.0,83.0,,-66.0,575.0,-328.0,52.0,371.0
-162.0,-509.0,-316.0,130.0,,-257.0,589.0,-410.0,-334.0,417.0
-188.0,56.0,-296.0,169.0,,-44.0,551.0,-389.0,-555.0,347.0
-155.0,1034.0,-250.0,198.0,,357.0,483.0,-319.0,-60.0,284.0
-144.0,2675.0,-213.0,304.0,,49.0,408.0,-127.0,181.0,305.0
-157.0,3950.0,-237.0,278.0,,-228.0,358.0,-175.0,-179.0,310.0
-158.0,4337.0,-218.0,0.0,,191.0,346.0,-149.0,-284.0,354.0
-198.0,4939.0,-143.0,-218.0,,494.0,356.0,-60.0,-232.0,373.0
-224.0,5108.0,-134.0,-183.0,,223.0,374.0,-116.0,-19.0,457.0
-291.0,4537.0,-154.0,-290.0,,4.0,350.0,138.0,-25.0,576.0
-332.0,4073.0,-113.0,-511.0,,444.0,238.0,234.0,-221.0,532.0
-365.0,3354.0,-97.0,-525.0,,359.0,99.0,290.0,-328.0,659.0
-327.0,2058.0,-97.0,-397.0,,125.0,41.0,314.0,-502.0,872.0
-299.0,892.0,-156.0,-196.0,,-68.0,98.0,96.0,-363.0,918.0
-297.0,566.0,-185.0,-52.0,,213.0,210.0,-33.0,-207.0,879.0
-274.0,-266.0,-137.0,10.0,,340.0,319.0,-136.0,-100.0,970.0
-292.0,-1188.0,-174.0,142.0,,-31.0,409.0,-90.0,-87.0,1002.0
-351.0,-1916.0,-169.0,369.0,,-238.0,462.0,-179.0,-88.0,829.0
-367.0,-2701.0,-126.0,595.0,,80.0,461.0,-173.0,470.0,757.0
-270.0,-3377.0,-73.0,759.0,,654.0,451.0,-227.0,617.0,711.0
-217.0,-4799.0,-41.0,808.0,,271.0,360.0,-489.0,397.0,542.0
-158.0,-5352.0,-62.0,702.0,,-122.0,174.0,-458.0,269.0,282.0
-50.0,-4513.0,-30.0,475.0,,33.0,26.0,-589.0,195.0,182.0
49.0,-4360.0,24.0,129.0,,471.0,-66.0,-541.0,483.0,78.0
102.0,-3955.0,58.0,-193.0,,344.0,-129.0,-437.0,455.0,-174.0
105.0,-2173.0,33.0,-419.0,,10.0,-172.0,-242.0,276.0,-255.0
140.0,-525.0,56.0,-632.0,,18.0,-199.0,153.0,183.0,-280.0
177.0,670.0,116.0,-797.0,,136.0,-242.0,388.0,134.0,-409.0
164.0,1542.0,134.0,-862.0,,-59.0,-315.0,857.0,189.0,-475.0
145.0,2641.0,116.0,-817.0,,-340.0,-353.0,1021.0,256.0,-321.0
141.0,3330.0,72.0,-684.0,,-335.0,-367.0,1149.0,163.0,-155.0
128.0,3518.0,120.0,-550.0,,-167.0,-448.0,1082.0,-389.0,-114.0
98.0,4378.0,86.0,-440.0,,226.0,-519.0,752.0,-587.0,-1.0
67.0,4163.0,53.0,-305.0,,269.0,-538.0,644.0,-363.0,172.0
74.0,3815.0,81.0,-231.0,,-89.0,-536.0,321.0,-201.0,194.0
80.0,3551.0,66.0,-116.0,,-441.0,-452.0,240.0,-165.0,121.0
64.0,3097.0,78.0,102.0,,45.0,-341.0,138.0,-242.0,117.0
48.0,2631.0,4.0,206.0,,431.0,-199.0,109.0,-184.0,85.0
73.0,1287.0,-3.0,207.0,,-2.0,-71.0,182.0,92.0,-44.0
83.0,2165.0,-3.0,135.0,,-619.0,-75.0,144.0,233.0,-117.0
72.0,1851.0,-73.0,10.0,,-232.0,-179.0,448.0,-22.0,-108.0
99.0,-286.0,-144.0,-23.0,,452.0,-342.0,635.0,-62.0,-231.0
186.0,-285.0,-197.0,40.0,,-7.0,-514.0,920.0,73.0,-358.0
257.0,-1869.0,-173.0,-22.0,,-699.0,-614.0,1042.0,422.0,-322.0
272.0,-4072.0,-195.0,-223.0,,-494.0,-593.0,970.0,668.0,-273.0
329.0,-4195.0,-264.0,-370.0,,225.0,-448.0,1042.0,597.0,-195.0
372.0,-4417.0,-347.0,-420.0,,139.0,-280.0,842.0,482.0,-13.0
401.0,-4326.0,-341.0,-501.0,,-371.0,-225.0,691.0,342.0,141.0
381.0,-3321.0,-335.0,-588.0,,-658.0,-293.0,508.0,482.0,253.0
353.0,-2882.0,-384.0,-505.0,,-525.0,-435.0,393.0,393.0,427.0
326.0,-1500.0,-319.0,-295.0,,-492.0,-603.0,321.0,248.0,441.0
267.0,-409.0,-225.0,-89.0,,-483.0,-732.0,317.0,169.0,377.0
250.0,78.0,-212.0,-27.0,,-511.0,-776.0,380.0,198.0,439.0
241.0,1896.0,-219.0,88.0,,-472.0,-716.0,267.0,411.0,438.0
182.0,2715.0,-160.0,274.0,,-294.0,-600.0,447.0,487.0,392.0
98.0,2393.0,-107.0,384.0,,-90.0,-483.0,447.0,265.0,408.0
50.0,2524.0,-86.0,474.0,,-20.0,-389.0,395.0,-41.0,452.0
-8.0,3719.0,-63.0,505.0,,-560.0,-308.0,565.0,83.0,425.0
-30.0,3511.0,-23.0,515.0,,-700.0,-234.0,665.0,155.0,532.0
-63.0,2806.0,12.0,315.0,,-126.0,-193.0,838.0,307.0,628.0
-118.0,3759.0,43.0,8.0,,252.0,-277.0,966.0,355.0,564.0
-179.0,2951.0,69.0,-198.0,,-227.0,-426.0,1097.0,383.0,525.0
-201.0,1622.0,80.0,-416.0,,-534.0,-515.0,988.0,478.0,464.0
-174.0,1474.0,134.0,-511.0,,-370.0,-560.0,892.0,321.0,522.0
-204.0,-128.0,137.0,-425.0,,-260.0,-579.0,883.0,295.0,488.0
-203.0,-289.0,104.0,-447.0,,-356.0,-625.0,790.0,103.0,419.0
-180.0,645.0,123.0,-520.0,,-172.0,-680.0,654.0,45.0,512.0
-95.0,-1154.0,113.0,-390.0,,93.0,-709.0,218.0,17.0,634.0
-57.0,-1523.0,42.0,-163.0,,-102.0,-746.0,245.0,-18.0,707.0
-112.0,-1672.0,-3.0,-44.0,,-317.0,-772.0,182.0,-81.0,651.0
-72.0,-2785.0,5.0,-52.0,,-304.0,-794.0,-190.0,-120.0,579.0
39.0,-2592.0,-14.0,66.0,,-293.0,-802.0,-86.0,13.0,486.0
111.0,-1561.0,-75.0,189.0,,-501.0,-752.0,5.0,16.0,389.0
88.0,-885.0,-113.0,136.0,,-463.0,-670.0,303.0,135.0,226.0
78.0,-1254.0,-89.0,117.0,,-377.0,-546.0,399.0,0.0,126.0
143.0,-561.0,-98.0,141.0,,-124.0,-378.0,676.0,-48.0,66.0
138.0,-804.0,-139.0,-2.0,,-54.0,-210.0,1160.0,-8.0,-21.0
57.0,-1051.0,-140.0,-291.0,,-258.0,-106.0,1175.0,-161.0,134.0
38.0,-814.0,-134.0,-455.0,,-419.0,-100.0,1396.0,-267.0,355.0
43.0,146.0,-140.0,-549.0,,-166.0,-159.0,1160.0,-218.0,349.0
5.0,1379.0,-184.0,-620.0,,137.0,-275.0,862.0,-91.0,372.0
-55.0,1429.0,-134.0,-556.0,,-122.0,-370.0,934.0,-307.0,620.0
-110.0,1913.0,-48.0,-444.0,,-381.0,-465.0,866.0,-386.0,668.0
-166.0,871.0,-40.0,-384.0,,-538.0,-578.0,805.0,-363.0,594.0
-163.0,1080.0,-20.0,-268.0,,-632.0,-618.0,792.0,-383.0,595.0
-200.0,1637.0,0.0,80.0,,-427.0,-627.0,670.0,-474.0,573.0
-235.0,1423.0,44.0,450.0,,-290.0,-669.0,256.0,-655.0,529.0
-171.0,2176.0,70.0,715.0,,-507.0,-742.0,127.0,-621.0,503.0
-115.0,2703.0,14.0,973.0,,-552.0,-843.0,125.0,-510.0,465.0
-70.0,2771.0,9.0,1187.0,,-267.0,-926.0,284.0,-553.0,264.0
-40.0,2149.0,40.0,1245.0,,99.0,-953.0,402.0,-805.0,140.0
83.0,1824.0,-14.0,1114.0,,-237.0,-998.0,184.0,-926.0,-9.0
165.0,1271.0,-29.0,954.0,,-492.0,-1030.0,389.0,-838.0,-246.0
198.0,1796.0,-58.0,714.0,,-111.0,-1047.0,707.0,-582.0,-401.0
266.0,2002.0,-92.0,266.0,,278.0,-1047.0,1101.0,-201.0,-487.0
310.0,748.0,-179.0,-164.0,,-361.0,-930.0,1042.0,-22.0,-449.0
333.0,419.0,-302.0,-352.0,,-811.0,-806.0,663.0,-92.0,-362.0
340.0,-20.0,-286.0,-512.0,,-294.0,-689.0,696.0,28.0,-269.0
401.0,-1455.0,-331.0,-669.0,,-27.0,-556.0,482.0,404.0,-221.0
396.0,-1682.0,-360.0,-595.0,,-274.0,-478.0,509.0,668.0,-148.0
376.0,-573.0,-373.0,-340.0,,-825.0,-502.0,345.0,715.0,17.0
336.0,-312.0,-390.0,-118.0,,-302.0,-595.0,-5.0,636.0,160.0
306.0,0.0,-347.0,1.0,,138.0,-641.0,49.0,582.0,168.0
295.0,229.0,-324.0,195.0,,62.0,-717.0,-162.0,684.0,157.0
239.0,-955.0,-292.0,397.0,,-667.0,-883.0,110.0,758.0,246.0
170.0,-1550.0,-267.0,474.0,,-714.0,-1054.0,406.0,705.0,269.0
89.0,-417.0,-239.0,487.0,,-181.0,-1131.0,179.0,756.0,189.0
117.0,70.0,-224.0,523.0,,-147.0,-1109.0,234.0,504.0,106.0
74.0,908.0,-150.0,492.0,,-294.0,-1052.0,199.0,406.0,5.0
-25.0,1310.0,-120.0,311.0,,-548.0,-973.0,319.0,579.0,11.0
-60.0,670.0,-100.0,55.0,,-63.0,-885.0,388.0,143.0,134.0
-54.0,763.0,14.0,-167.0,,-171.0,-828.0,190.0,-30.0,74.0
-53.0,-204.0,90.0,-239.0,,-49.0,-805.0,352.0,129.0,-11.0
-113.0,53.0,112.0,-252.0,,-368.0,-750.0,487.0,131.0,53.0
-114.0,1141.0,155.0,-277.0,,-527.0,-702.0,698.0,322.0,85.0
-127.0,1054.0,173.0,-362.0,,-371.0,-662.0,788.0,111.0,98.0
-166.0,1252.0,98.0,-453.0,,-214.0,-598.0,469.0,-139.0,139.0
-199.0,1548.0,129.0,-435.0,,-91.0,-601.0,397.0,90.0,192.0
-241.0,1196.0,180.0,-378.0,,-597.0,-729.0,406.0,90.0,93.0
-221.0,709.0,160.0,-350.0,,-192.0,-847.0,201.0,41.0,-26.0
-218.0,1159.0,121.0,-324.0,,20.0,-857.0,134.0,-173.0,-5.0
-251.0,1153.0,61.0,-211.0,,55.0,-852.0,-9.0,-274.0,-41.0
-268.0,632.0,13.0,-166.0,,-524.0,-873.0,-162.0,-5.0,-115.0
-297.0,522.0,-59.0,-214.0,,-317.0,-919.0,51.0,57.0,-45.0
-338.0,-262.0,-146.0,-190.0,,386.0,-959.0,-31.0,50.0,174.0
-387.0,-2002.0,-224.0,-103.0,,329.0,-962.0,-73.0,-380.0,171.0
-403.0,-2672.0,-235.0,-148.0,,69.0,-963.0,7.0,-423.0,145.0
-430.0,-2690.0,-240.0,-373.0,,-153.0,-1019.0,-22.0,-243.0,400.0
-498.0,-3209.0,-265.0,-516.0,,326.0,-1056.0,225.0,-237.0,523.0
-495.0,-3193.0,-219.0,-536.0,,218.0,-977.0,16.0,201.0,460.0
-446.0,-2772.0,-102.0,-463.0,,194.0,-841.0,79.0,81.0,414.0
-459.0,-2095.0,-60.0,-401.0,,98.0,-747.0,323.0,-16.0,373.0
-526.0,-2313.0,-81.0,-339.0,,256.0,-695.0,147.0,73.0,229.0
-491.0,-2757.0,-25.0,-237.0,,366.0,-624.0,328.0,25.0,100.0
-405.0,-1786.0,37.0,-301.0,,63.0,-623.0,-29.0,76.0,85.0
-411.0,-537.0,5.0,-394.0,,212.0,-677.0,-290.0,-12.0,-60.0
-436.0,1248.0,-79.0,-321.0,,206.0,-679.0,-92.0,-65.0,-290.0
-457.0,2658.0,-68.0,-326.0,,381.0,-627.0,-33.0,95.0,-295.0
-439.0,2994.0,-44.0,-398.0,,173.0,-526.0,271.0,268.0,-140.0
-361.0,3617.0,-69.0,-352.0,,489.0,-460.0,419.0,-35.0,-182.0
-323.0,3171.0,-64.0,-359.0,,820.0,-452.0,652.0,11.0,-310.0
-353.0,2847.0,-38.0,-257.0,,211.0,-443.0,702.0,16.0,-231.0
-278.0,3217.0,-16.0,-54.0,,73.0,-451.0,596.0,-295.0,-155.0
-111.0,2292.0,7.0,67.0,,329.0,-522.0,428.0,-135.0,-224.0
-65.0,1739.0,58.0,71.0,,690.0,-693.0,214.0,-108.0,-298.0
-62.0,1687.0,107.0,-10.0,,402.0,-938.0,177.0,-148.0,-365.0
14.0,475.0,131.0,-30.0,,193.0,-1129.0,-266.0,-153.0,-489.0
98.0,-591.0,75.0,-95.0,,229.0,-1265.0,-314.0,-163.0,-534.0
56.0,-1006.0,15.0,-235.0,,162.0,-1303.0,-206.0,-12.0,-528.0
39.0,-1358.0,1.0,-434.0,,442.0,-1213.0,-330.0,32.0,-695.0
101.0,-713.0,-2.0,-580.0,,396.0,-1054.0,-184.0,-81.0,-860.0
111.0,-666.0,-19.0,-780.0,,137.0,-881.0,-223.0,-6.0,-801.0
131.0,-1200.0,-39.0,-975.0,,-41.0,-737.0,-79.0,80.0,-661.0
74.0,-1124.0,-18.0,-993.0,,270.0,-620.0,57.0,37.0,-624.0
39.0,-2183.0,-5.0,-852.0,,584.0,-599.0,151.0,90.0,-628.0
67.0,-2662.0,-24.0,-517.0,,46.0,-597.0,229.0,136.0,-513.0
15.0,-1735.0,-91.0,-200.0,,-519.0,-583.0,-46.0,1.0,-364.0
-40.0,-1716.0,-157.0,72.0,,-12.0,-567.0,81.0,-121.0,-366.0
-50.0,-1194.0,-247.0,321.0,,565.0,-511.0,-1.0,46.0,-414.0
-5.0,383.0,-331.0,520.0,,571.0,-442.0,-175.0,-106.0,-396.0
15.0,764.0,-352.0,598.0,,69.0,-334.0,-105.0,-261.0,-412.0
1.0,485.0,-388.0,598.0,,-66.0,-214.0,-452.0,-266.0,-373.0
7.0,1754.0,-394.0,462.0,,160.0,-59.0,-526.0,-231.0,-284.0
16.0,3197.0,-408.0,173.0,,51.0,81.0,-450.0,99.0,-329.0
9.0,2958.0,-386.0,-41.0,,2.0,118.0,-254.0,80.0,-455.0
-20.0,3177.0,-348.0,-254.0,,-344.0,57.0,72.0,36.0,-384.0
-49.0,3427.0,-342.0,-334.0,,-184.0,-59.0,147.0,-71.0,-179.0
-93.0,2083.0,-295.0,-320.0,,-230.0,-244.0,147.0,-244.0,-114.0
-120.0,1085.0,-264.0,-318.0,,-18.0,-450.0,205.0,-171.0,-79.0
-120.0,648.0,-224.0,-309.0,,300.0,-594.0,242.0,-85.0,-33.0
-162.0,203.0,-231.0,-310.0,,249.0,-701.0,-51.0,-195.0,3.0
-172.0,366.0,-251.0,-302.0,,89.0,-707.0,-362.0,-341.0,-5.0
-208.0,-131.0,-229.0,-356.0,,119.0,-683.0,-591.0,-219.0,-86.0
-278.0,139.0,-291.0,-331.0,,772.0,-695.0,-611.0,-211.0,-252.0
-325.0,15.0,-304.0,-282.0,,488.0,-668.0,-508.0,0.0,-513.0
-360.0,-2003.0,-278.0,-211.0,,-63.0,-726.0,-460.0,56.0,-654.0
-399.0,-1803.0,-357.0,9.0,,-275.0,-846.0,-323.0,-245.0,-702.0
-482.0,-1128.0,-376.0,158.0,,201.0,-924.0,-423.0,-327.0,-710.0
-427.0,-2055.0,-350.0,207.0,,268.0,-951.0,-393.0,-317.0,-733.0
-337.0,-2226.0,-329.0,280.0,,3.0,-863.0,-275.0,-138.0,-697.0
-374.0,-1289.0,-269.0,266.0,,-251.0,-743.0,-64.0,-230.0,-544.0
-408.0,-2282.0,-238.0,201.0,,-442.0,-589.0,123.0,-422.0,-471.0
-354.0,-3522.0,-193.0,167.0,,-333.0,-426.0,-145.0,-347.0,-463.0
-350.0,-2114.0,-162.0,59.0,,-226.0,-283.0,-234.0,-254.0,-369.0
-422.0,-1159.0,-100.0,-70.0,,82.0,-86.0,-400.0,25.0,-200.0
-429.0,-1102.0,11.0,-163.0,,-203.0,94.0,-600.0,95.0,-147.0
-428.0,-392.0,53.0,-252.0,,-261.0,286.0,-633.0,71.0,-183.0
-396.0,881.0,97.0,-253.0,,-422.0,475.0,-726.0,275.0,-293.0
-358.0,383.0,162.0,-176.0,,136.0,566.0,-593.0,423.0,-311.0
-363.0,-817.0,230.0,-72.0,,633.0,545.0,-533.0,560.0,-336.0
-349.0,-416.0,314.0,76.0,,235.0,480.0,-393.0,362.0,-504.0
-223.0,-336.0,415.0,169.0,,-190.0,416.0,-221.0,242.0,-583.0
-111.0,163.0,484.0,303.0,,-155.0,345.0,-48.0,302.0,-645.0
-88.0,851.0,525.0,425.0,,533.0,317.0,155.0,221.0,-549.0
10.0,400.0,565.0,421.0,,290.0,282.0,99.0,201.0,-363.0
151.0,206.0,547.0,463.0,,138.0,252.0,-16.0,178.0,-273.0
176.0,203.0,561.0,460.0,,297.0,196.0,-286.0,201.0,-278.0
151.0,-347.0,543.0,315.0,,315.0,125.0,-434.0,95.0,-108.0
221.0,-1425.0,486.0,93.0,,191.0,130.0,-489.0,289.0,256.0
162.0,-1108.0,463.0,-101.0,,319.0,92.0,-439.0,294.0,387.0
78.0,-148.0,421.0,-246.0,,404.0,-24.0,-304.0,138.0,437.0
133.0,-283.0,395.0,-485.0,,-65.0,-131.0,-389.0,80.0,461.0
121.0,-396.0,348.0,-754.0,,-240.0,-182.0,-373.0,-80.0,467.0
81.0,-1056.0,300.0,-816.0,,-194.0,-248.0,-495.0,173.0,430.0
75.0,-1634.0,279.0,-776.0,,-19.0,-296.0,-443.0,7.0,333.0
72.0,-1693.0,229.0,-772.0,,-143.0,-236.0,-417.0,-42.0,134.0
59.0,-1411.0,147.0,-789.0,,-199.0,-193.0,-582.0,-13.0,-209.0
40.0,-1479.0,80.0,-768.0,,-139.0,-183.0,-473.0,-64.0,-318.0
29.0,-1581.0,63.0,-626.0,,-118.0,-127.0,-569.0,134.0,-241.0
60.0,-1735.0,53.0,-506.0,,25.0,-45.0,-447.0,-16.0,-234.0
124.0,-2632.0,40.0,-347.0,,-72.0,-60.0,-304.0,-74.0,-285.0
145.0,-2145.0,56.0,-156.0,,-96.0,-114.0,-262.0,-288.0,-243.0
126.0,-1516.0,64.0,11.0,,-404.0,-26.0,-136.0,-204.0,-117.0
131.0,-1659.0,104.0,193.0,,-807.0,165.0,-314.0,51.0,19.0
182.0,-1477.0,145.0,381.0,,-490.0,335.0,-323.0,137.0,66.0
175.0,-369.0,143.0,567.0,,386.0,439.0,-413.0,180.0,37.0
99.0,345.0,160.0,544.0,,589.0,530.0,-493.0,-23.0,2.0
150.0,-187.0,125.0,455.0,,-189.0,563.0,-524.0,18.0,-10.0
228.0,242.0,82.0,332.0,,-299.0,562.0,-705.0,-28.0,34.0
248.0,1089.0,33.0,68.0,,362.0,621.0,-661.0,-91.0,-74.0
259.0,1219.0,-34.0,-253.0,,796.0,726.0,-587.0,-227.0,-223.0
244.0,1133.0,-93.0,-537.0,,58.0,860.0,-317.0,-297.0,-338.0
252.0,1135.0,-151.0,-754.0,,-451.0,984.0,-99.0,-169.0,-286.0
265.0,1124.0,-168.0,-987.0,,53.0,1053.0,42.0,-156.0,-129.0
272.0,540.0,-173.0,-1130.0,,302.0,969.0,171.0,-69.0,-109.0
223.0,228.0,-152.0,-1027.0,,11.0,818.0,3.0,-193.0,-31.0
181.0,379.0,-155.0,-838.0,,-363.0,726.0,-101.0,-302.0,194.0
152.0,-245.0,-125.0,-742.0,,-182.0,635.0,-378.0,-266.0,413.0
101.0,-558.0,-31.0,-553.0,,-15.0,508.0,-543.0,-17.0,401.0
13.0,-1273.0,15.0,-333.0,,583.0,414.0,-532.0,80.0,439.0
-37.0,-1169.0,52.0,-117.0,,967.0,444.0,-591.0,-280.0,522.0
-4.0,-979.0,109.0,108.0,,528.0,520.0,-522.0,-297.0,487.0
-28.0,-3038.0,180.0,228.0,,-76.0,557.0,-661.0,-303.0,393.0
-49.0,-2240.0,215.0,228.0,,108.0,635.0,-631.0,-294.0,229.0
-32.0,-1154.0,203.0,62.0,,392.0,766.0,-570.0,-123.0,101.0
-18.0,-2202.0,254.0,-27.0,,-33.0,860.0,-473.0,-292.0,3.0
-58.0,-2986.0,261.0,-24.0,,-64.0,877.0,-254.0,-410.0,54.0
-101.0,-3044.0,224.0,5.0,,149.0,832.0,-271.0,-350.0,140.0
-131.0,-2303.0,239.0,0.0,,135.0,772.0,-90.0,-153.0,117.0
-139.0,-2687.0,222.0,-148.0,,-45.0,701.0,-7.0,-44.0,48.0
-131.0,-1905.0,213.0,-328.0,,350.0,624.0,212.0,-113.0,-3.0
-187.0,-1065.0,210.0,-402.0,,525.0,652.0,506.0,-76.0,-56.0
-241.0,-457.0,164.0,-342.0,,471.0,753.0,480.0,60.0,-180.0
-236.0,542.0,124.0,-313.0,,503.0,878.0,369.0,276.0,-281.0
-238.0,817.0,161.0,-244.0,,642.0,991.0,-20.0,270.0,-326.0
-320.0,1344.0,193.0,-201.0,,611.0,1017.0,-314.0,105.0,-297.0
-321.0,431.0,166.0,-211.0,,523.0,1019.0,-607.0,-178.0,-215.0
-277.0,845.0,146.0,-113.0,,487.0,1050.0,-796.0,-329.0,-183.0
-278.0,2384.0,181.0,30.0,,306.0,1095.0,-770.0,-259.0,-98.0
-232.0,2364.0,181.0,199.0,,582.0,1131.0,-835.0,-276.0,55.0
-148.0,2166.0,170.0,397.0,,593.0,1154.0,-709.0,-272.0,195.0
-162.0,1762.0,188.0,527.0,,236.0,1160.0,-630.0,-530.0,436.0
-167.0,1599.0,214.0,505.0,,-81.0,1130.0,-493.0,-449.0,676.0
-70.0,1382.0,319.0,506.0,,592.0,1025.0,-230.0,-209.0,776.0
-21.0,228.0,294.0,599.0,,837.0,883.0,46.0,-285.0,880.0
71.0,-1111.0,284.0,708.0,,443.0,783.0,354.0,-113.0,1071.0
132.0,-1756.0,310.0,801.0,,563.0,696.0,421.0,-104.0,1090.0
175.0,-1722.0,245.0,795.0,,699.0,627.0,369.0,-11.0,882.0
209.0,-2404.0,216.0,746.0,,326.0,638.0,64.0,169.0,820.0
234.0,-2760.0,256.0,617.0,,29.0,686.0,-254.0,169.0,836.0
271.0,-2025.0,284.0,446.0,,686.0,725.0,-519.0,26.0,611.0
238.0,-1647.0,156.0,390.0,,724.0,737.0,-827.0,-336.0,311.0
296.0,-215.0,125.0,419.0,,263.0,802.0,-831.0,-322.0,152.0
292.0,594.0,82.0,346.0,,237.0,933.0,-979.0,-5.0,-62.0
239.0,473.0,12.0,238.0,,682.0,1003.0,-1073.0,60.0,-284.0
251.0,435.0,15.0,243.0,,431.0,1070.0,-1086.0,-107.0,-372.0
262.0,383.0,-31.0,224.0,,14.0,1140.0,-1114.0,-37.0,-500.0
255.0,982.0,-36.0,260.0,,398.0,1188.0,-873.0,-71.0,-546.0
203.0,1096.0,1.0,306.0,,613.0,1213.0,-731.0,-243.0,-343.0
170.0,740.0,26.0,295.0,,471.0,1198.0,-511.0,-91.0,-70.0
115.0,560.0,2.0,325.0,,258.0,1176.0,-413.0,-130.0,152.0
70.0,1776.0,54.0,359.0,,411.0,1121.0,-410.0,-80.0,342.0
15.0,1419.0,53.0,338.0,,394.0,1067.0,-465.0,-60.0,552.0
-24.0,1011.0,13.0,344.0,,154.0,1034.0,-705.0,-229.0,783.0
0.0,2207.0,37.0,401.0,,219.0,956.0,-770.0,-46.0,916.0
87.0,1595.0,50.0,343.0,,671.0,844.0,-933.0,-148.0,908.0
140.0,1974.0,92.0,327.0,,848.0,809.0,-938.0,-264.0,914.0
116.0,2508.0,68.0,233.0,,318.0,829.0,-955.0,136.0,919.0
186.0,1383.0,49.0,75.0,,-332.0,812.0,-929.0,242.0,794.0
263.0,859.0,58.0,32.0,,-475.0,785.0,-746.0,20.0,757.0
298.0,347.0,58.0,-3.0,,41.0,778.0,-713.0,-90.0,768.0
315.0,-767.0,53.0,122.0,,172.0,818.0,-504.0,-242.0,688.0
353.0,-1075.0,4.0,339.0,,-528.0,841.0,-452.0,-298.0,583.0
347.0,-1520.0,-9.0,530.0,,-563.0,798.0,-304.0,-93.0,512.0
297.0,-1916.0,18.0,653.0,,42.0,752.0,-223.0,103.0,465.0
300.0,-1259.0,24.0,630.0,,212.0,749.0,-413.0,83.0,249.0
304.0,-1567.0,5.0,511.0,,121.0,874.0,-548.0,84.0,167.0
288.0,-2163.0,10.0,425.0,,135.0,1055.0,-853.0,183.0,248.0
254.0,-1823.0,-15.0,401.0,,134.0,1204.0,-861.0,184.0,182.0
289.0,-728.0,-41.0,266.0,,355.0,1374.0,-816.0,470.0,55.0
312.0,336.0,-44.0,94.0,,657.0,1471.0,-768.0,476.0,37.0
277.0,238.0,-5.0,21.0,,-2.0,1473.0,-615.0,217.0,147.0
243.0,231.0,26.0,-14.0,,-599.0,1416.0,-642.0,276.0,97.0
233.0,802.0,-26.0,-71.0,,-222.0,1258.0,-554.0,288.0,97.0
243.0,413.0,-16.0,-131.0,,503.0,1013.0,-543.0,399.0,178.0
249.0,-186.0,-5.0,-164.0,,441.0,730.0,-478.0,233.0,54.0
229.0,900.0,-34.0,-198.0,,48.0,531.0,-430.0,-119.0,-10.0
209.0,1389.0,-76.0,-120.0,,106.0,438.0,-417.0,-282.0,134.0
264.0,325.0,-161.0,34.0,,293.0,431.0,-293.0,-400.0,221.0
242.0,620.0,-162.0,178.0,,445.0,467.0,-349.0,-619.0,190.0
175.0,970.0,-127.0,263.0,,145.0,506.0,-319.0,-766.0,314.0
171.0,-339.0,-112.0,232.0,,-106.0,571.0,-432.0,-806.0,493.0
169.0,-393.0,-61.0,151.0,,9.0,573.0,-533.0,-995.0,564.0
99.0,872.0,-47.0,11.0,,158.0,584.0,-511.0,-803.0,586.0
19.0,330.0,16.0,-27.0,,-125.0,621.0,-639.0,-600.0,611.0
28.0,-780.0,74.0,-52.0,,10.0,631.0,-615.0,-751.0,589.0
8.0,-688.0,116.0,-158.0,,509.0,708.0,-696.0,-927.0,501.0
-14.0,-488.0,203.0,-131.0,,489.0,801.0,-615.0,-1085.0,434.0
4.0,-1113.0,178.0,-77.0,,42.0,929.0,-484.0,-1001.0,348.0
32.0,-1721.0,204.0,-114.0,,-196.0,1073.0,-441.0,-726.0,240.0
70.0,-551.0,219.0,-112.0,,-177.0,1164.0,-232.0,-603.0,167.0
93.0,-59.0,207.0,31.0,,-406.0,1168.0,-221.0,-341.0,211.0
130.0,-877.0,238.0,253.0,,-561.0,1067.0,-129.0,66.0,239.0
131.0,525.0,204.0,470.0,,-495.0,931.0,-138.0,195.0,153.0
134.0,1639.0,164.0,617.0,,-448.0,779.0,-175.0,405.0,108.0
177.0,687.0,125.0,721.0,,-518.0,717.0,-155.0,545.0,190.0
184.0,858.0,71.0,788.0,,-430.0,727.0,-328.0,487.0,209.0
218.0,2615.0,-3.0,720.0,,-500.0,700.0,-388.0,561.0,113.0
235.0,3431.0,-40.0,596.0,,-383.0,654.0,-498.0,704.0,241.0
243.0,2473.0,-63.0,362.0,,-469.0,683.0,-463.0,657.0,422.0
243.0,2246.0,-129.0,80.0,,-395.0,780.0,-352.0,430.0,506.0
254.0,2859.0,-173.0,-83.0,,-187.0,785.0,-114.0,407.0,612.0
262.0,2918.0,-167.0,-315.0,,-154.0,755.0,301.0,465.0,752.0
256.0,1974.0,-210.0,-430.0,,-101.0,755.0,561.0,486.0,851.0
290.0,1720.0,-238.0,-379.0,,-46.0,709.0,896.0,486.0,867.0
247.0,2735.0,-262.0,-397.0,,158.0,657.0,916.0,297.0,967.0
269.0,2413.0,-279.0,-287.0,,-16.0,645.0,737.0,141.0,891.0
296.0,1142.0,-229.0,-5.0,,99.0,670.0,378.0,246.0,602.0
311.0,794.0,-232.0,288.0,,-12.0,687.0,-151.0,205.0,431.0
315.0,1144.0,-210.0,536.0,,-84.0,662.0,-460.0,-20.0,356.0
254.0,-111.0,-215.0,677.0,,-394.0,656.0,-805.0,-315.0,167.0
233.0,-322.0,-194.0,712.0,,-319.0,597.0,-833.0,-590.0,-86.0
141.0,1126.0,-159.0,774.0,,-4.0,476.0,-868.0,-593.0,-221.0
115.0,534.0,-123.0,872.0,,-160.0,348.0,-910.0,-666.0,-330.0
118.0,-390.0,-82.0,896.0,,-181.0,163.0,-787.0,-776.0,-388.0
81.0,-373.0,-126.0,813.0,,-46.0,-6.0,-761.0,-741.0,-294.0
73.0,21.0,-100.0,695.0,,433.0,-98.0,-465.0,-644.0,-125.0
104.0,-35.0,-114.0,628.0,,-121.0,-87.0,-242.0,-675.0,14.0
150.0,43.0,-81.0,505.0,,-916.0,41.0,112.0,-594.0,160.0
113.0,853.0,-12.0,352.0,,-1035.0,205.0,480.0,-391.0,265.0
84.0,1072.0,53.0,308.0,,-68.0,317.0,637.0,-397.0,256.0
103.0,89.0,83.0,273.0,,224.0,353.0,796.0,-349.0,199.0
75.0,-193.0,13.0,272.0,,-461.0,289.0,726.0,-301.0,169.0
-11.0,-176.0,40.0,353.0,,-671.0,170.0,689.0,35.0,169.0
-24.0,-1224.0,23.0,395.0,,-516.0,21.0,437.0,283.0,101.0
24.0,-1095.0,43.0,373.0,,-148.0,-166.0,192.0,201.0,37.0
55.0,-789.0,40.0,381.0,,-275.0,-334.0,29.0,193.0,0.0
46.0,-640.0,-1.0,386.0,,-200.0,-498.0,-314.0,102.0,-39.0
16.0,-791.0,-84.0,363.0,,-467.0,-584.0,-528.0,112.0,-37.0
36.0,-1422.0,-175.0,406.0,,-878.0,-596.0,-877.0,-31.0,0.0
80.0,-897.0,-164.0,459.0,,-856.0,-571.0,-946.0,-109.0,-8.0
119.0,426.0,-265.0,427.0,,-524.0,-496.0,-785.0,-103.0,-84.0
152.0,1612.0,-318.0,266.0,,-344.0,-417.0,-611.0,-349.0,-95.0
188.0,2266.0,-329.0,91.0,,-633.0,-325.0,-214.0,-395.0,-123.0
215.0,3069.0,-369.0,31.0,,-667.0,-241.0,11.0,-435.0,-262.0
214.0,2820.0,-406.0,5.0,,-421.0,-93.0,288.0,-538.0,-490.0
252.0,2508.0,-450.0,-55.0,,-210.0,123.0,367.0,-547.0,-676.0
244.0,2474.0,-497.0,-149.0,,-214.0,344.0,332.0,-394.0,-762.0
163.0,1562.0,-515.0,-206.0,,-169.0,479.0,408.0,-160.0,-865.0
133.0,916.0,-536.0,-236.0,,92.0,487.0,345.0,-149.0,-852.0
167.0,410.0,-580.0,-306.0,,-62.0,407.0,406.0,-83.0,-768.0
212.0,86.0,-545.0,-372.0,,-258.0,179.0,295.0,-128.0,-752.0
170.0,-677.0,-524.0,-415.0,,41.0,-117.0,175.0,-104.0,-662.0
122.0,-1237.0,-481.0,-411.0,,271.0,-419.0,22.0,237.0,-559.0
70.0,-807.0,-438.0,-351.0,,-83.0,-621.0,-153.0,276.0,-636.0
34.0,-246.0,-383.0,-334.0,,-767.0,-667.0,-177.0,210.0,-778.0
73.0,-122.0,-311.0,-286.0,,-398.0,-624.0,-306.0,24.0,-875.0
82.0,500.0,-309.0,-166.0,,194.0,-547.0,-212.0,57.0,-1011.0
68.0,733.0,-284.0,-64.0,,392.0,-510.0,-184.0,386.0,-1219.0
114.0,-151.0,-234.0,-18.0,,-82.0,-461.0,-18.0,399.0,-1361.0
180.0,628.0,-231.0,47.0,,-531.0,-451.0,349.0,401.0,-1391.0
219.0,1071.0,-239.0,131.0,,-387.0,-503.0,602.0,323.0,-1443.0
297.0,492.0,-218.0,80.0,,-436.0,-542.0,859.0,412.0,-1448.0
364.0,1017.0,-213.0,7.0,,-211.0,-554.0,770.0,577.0,-1340.0
368.0,1622.0,-158.0,15.0,,-249.0,-573.0,654.0,599.0,-1215.0
309.0,738.0,-128.0,58.0,,-190.0,-583.0,299.0,551.0,-1133.0
265.0,-588.0,-176.0,51.0,,-422.0,-483.0,-136.0,351.0,-1010.0
207.0,-621.0,-74.0,-20.0,,-600.0,-302.0,-339.0,239.0,-805.0
134.0,7.0,-30.0,-3.0,,-438.0,-149.0,-591.0,109.0,-602.0
88.0,9.0,-60.0,68.0,,-215.0,-126.0,-508.0,42.0,-420.0
21.0,-1267.0,-23.0,54.0,,9.0,-213.0,-426.0,-122.0,-144.0
6.0,-1046.0,-92.0,29.0,,-382.0,-280.0,-188.0,-327.0,129.0
-74.0,-962.0,-131.0,54.0,,-702.0,-279.0,131.0,-426.0,202.0
-33.0,-1872.0,-155.0,31.0,,-678.0,-302.0,328.0,-383.0,191.0
22.0,-1852.0,-273.0,-7.0,,-334.0,-380.0,618.0,-166.0,183.0
-30.0,-2332.0,-364.0,-14.0,,-11.0,-398.0,672.0,-185.0,128.0
60.0,-2182.0,-448.0,38.0,,-294.0,-355.0,818.0,-255.0,24.0
112.0,-1440.0,-577.0,184.0,,-715.0,-308.0,763.0,-255.0,-93.0
250.0,-380.0,-719.0,256.0,,-517.0,-272.0,617.0,-181.0,-292.0
302.0,-564.0,-797.0,173.0,,-213.0,-243.0,423.0,-271.0,-456.0
352.0,-624.0,-828.0,100.0,,-258.0,-178.0,25.0,-631.0,-491.0
477.0,709.0,-892.0,134.0,,-664.0,-183.0,-169.0,-706.0,-533.0
529.0,658.0,-900.0,85.0,,-582.0,-278.0,-554.0,-554.0,-590.0
561.0,812.0,-887.0,-92.0,,-237.0,-330.0,-642.0,-456.0,-585.0
469.0,1216.0,-908.0,-194.0,,-163.0,-367.0,-502.0,-364.0,-501.0
504.0,1722.0,-873.0,-267.0,,-237.0,-371.0,-240.0,-254.0,-492.0
465.0,2121.0,-845.0,-442.0,,-137.0,-308.0,351.0,-237.0,-557.0
464.0,1804.0,-785.0,-640.0,,-396.0,-289.0,829.0,-271.0,-680.0
346.0,1804.0,-738.0,-768.0,,-810.0,-348.0,1287.0,-355.0,-872.0
226.0,1587.0,-681.0,-921.0,,-377.0,-435.0,1363.0,-344.0,-1057.0
232.0,1564.0,-585.0,-1074.0,,-70.0,-546.0,1267.0,-241.0,-1299.0
204.0,1346.0,-515.0,-1052.0,,-146.0,-733.0,1104.0,-354.0,-1531.0
161.0,973.0,-421.0,-907.0,,-626.0,-948.0,875.0,-321.0,-1717.0
-41.0,1043.0,-364.0,-721.0,,-320.0,-1027.0,825.0,-233.0,-1877.0
-27.0,281.0,-295.0,-491.0,,164.0,-942.0,583.0,-187.0,-1941.0
-138.0,-546.0,-235.0,-261.0,,306.0,-816.0,445.0,-120.0,-1918.0
-215.0,-284.0,-191.0,-102.0,,-216.0,-606.0,225.0,-139.0,-1838.0
-278.0,-356.0,-136.0,-13.0,,-830.0,-344.0,16.0,-145.0,-1738.0
-278.0,-1192.0,-103.0,64.0,,-559.0,-203.0,-96.0,-119.0,-1578.0
-277.0,-1535.0,-116.0,100.0,,-337.0,-186.0,-264.0,101.0,-1343.0
-344.0,-1860.0,-145.0,26.0,,-363.0,-323.0,-18.0,-154.0,-1134.0
-298.0,-2111.0,-174.0,-20.0,,-476.0,-529.0,273.0,-284.0,-946.0
-333.0,-1735.0,-248.0,18.0,,-83.0,-671.0,720.0,-5.0,-743.0
-267.0,-1176.0,-279.0,-64.0,,-204.0,-776.0,1071.0,-134.0,-615.0
-375.0,-527.0,-373.0,-232.0,,-678.0,-822.0,1147.0,-121.0,-662.0
-344.0,-575.0,-455.0,-346.0,,-789.0,-758.0,1265.0,-150.0,-736.0
-375.0,-310.0,-458.0,-397.0,,-73.0,-692.0,1040.0,-105.0,-776.0
-334.0,706.0,-519.0,-381.0,,-160.0,-679.0,872.0,-41.0,-829.0
-236.0,404.0,-573.0,-373.0,,-643.0,-663.0,676.0,-185.0,-775.0
-250.0,-232.0,-606.0,-352.0,,-605.0,-685.0,480.0,-156.0,-697.0
-213.0,-84.0,-618.0,-228.0,,-471.0,-752.0,352.0,-286.0,-678.0
-189.0,531.0,-598.0,-69.0,,-357.0,-794.0,131.0,-585.0,-637.0
-81.0,1446.0,-547.0,30.0,,-559.0,-757.0,88.0,-611.0,-522.0
-154.0,946.0,-538.0,107.0,,-490.0,-662.0,-42.0,-278.0,-394.0
-76.0,94.0,-538.0,163.0,,-975.0,-574.0,29.0,-144.0,-310.0
-85.0,296.0,-515.0,277.0,,-836.0,-520.0,153.0,-244.0,-208.0
-127.0,257.0,-506.0,459.0,,-310.0,-462.0,240.0,-283.0,-155.0
-146.0,-320.0,-484.0,536.0,,85.0,-384.0,406.0,-156.0,-122.0
-121.0,-251.0,-484.0,597.0,,-369.0,-402.0,415.0,-34.0,-72.0
-136.0,734.0,-445.0,589.0,,-861.0,-520.0,650.0,-307.0,-98.0
-154.0,677.0,-423.0,413.0,,-668.0,-615.0,798.0,-442.0,-213.0
-84.0,-185.0,-397.0,327.0,,-319.0,-691.0,885.0,-436.0,-377.0
-69.0,-602.0,-316.0,338.0,,-321.0,-771.0,857.0,-449.0,-500.0
43.0,-803.0,-245.0,326.0,,-700.0,-811.0,569.0,-322.0,-590.0
9.0,-633.0,-211.0,296.0,,-477.0,-773.0,463.0,-265.0,-632.0
72.0,-221.0,-190.0,241.0,,-544.0,-636.0,334.0,-229.0,-672.0
73.0,-266.0,-132.0,103.0,,-552.0,-506.0,386.0,-252.0,-733.0
140.0,-682.0,-112.0,-3.0,,-807.0,-377.0,471.0,-294.0,-804.0
136.0,-1346.0,-77.0,-62.0,,-646.0,-236.0,469.0,-428.0,-879.0
120.0,-2086.0,-71.0,-211.0,,-578.0,-188.0,548.0,-384.0,-821.0
179.0,-1783.0,-78.0,-211.0,,-574.0,-132.0,559.0,-245.0,-736.0
141.0,-1968.0,-48.0,-173.0,,-365.0,-117.0,715.0,-163.0,-654.0
123.0,-2966.0,-17.0,-219.0,,-205.0,-182.0,761.0,6.0,-562.0
51.0,-2101.0,10.0,-276.0,,-335.0,-255.0,770.0,43.0,-514.0
129.0,-1243.0,30.0,-463.0,,-693.0,-355.0,733.0,363.0,-431.0
84.0,-1535.0,105.0,-570.0,,-514.0,-430.0,657.0,310.0,-380.0
160.0,-1699.0,127.0,-608.0,,-183.0,-548.0,700.0,85.0,-342.0
146.0,-1728.0,163.0,-716.0,,31.0,-684.0,574.0,208.0,-359.0
128.0,-749.0,217.0,-814.0,,-406.0,-786.0,598.0,213.0,-426.0
244.0,-407.0,222.0,-847.0,,-267.0,-909.0,526.0,458.0,-386.0
263.0,-867.0,221.0,-653.0,,-28.0,-975.0,426.0,298.0,-296.0
272.0,-193.0,147.0,-351.0,,89.0,-932.0,474.0,103.0,-225.0
232.0,124.0,116.0,-172.0,,-57.0,-818.0,382.0,125.0,-219.0
217.0,-438.0,94.0,-41.0,,-122.0,-732.0,530.0,-20.0,-254.0
148.0,148.0,-1.0,114.0,,-279.0,-720.0,644.0,-45.0,-306.0
218.0,911.0,-54.0,250.0,,-423.0,-690.0,794.0,-206.0,-372.0
146.0,636.0,-76.0,359.0,,-121.0,-643.0,885.0,-295.0,-408.0
124.0,1067.0,-103.0,392.0,,-217.0,-571.0,735.0,-267.0,-512.0
162.0,1657.0,-120.0,255.0,,-590.0,-431.0,661.0,-89.0,-674.0
235.0,2339.0,-162.0,30.0,,-872.0,-272.0,339.0,25.0,-800.0
287.0,1938.0,-181.0,-224.0,,0.0,-131.0,127.0,-63.0,-819.0
191.0,701.0,-176.0,-505.0,,436.0,-76.0,-64.0,-442.0,-890.0
215.0,1200.0,-219.0,-705.0,,93.0,-160.0,-158.0,-584.0,-1044.0
218.0,901.0,-248.0,-744.0,,-162.0,-315.0,14.0,29.0,-1032.0
300.0,356.0,-234.0,-754.0,,280.0,-447.0,136.0,293.0,-1047.0
265.0,-236.0,-241.0,-869.0,,548.0,-563.0,452.0,229.0,-1143.0
268.0,-1301.0,-280.0,-1044.0,,252.0,-635.0,607.0,235.0,-1162.0
57.0,-926.0,-333.0,-1127.0,,49.0,-590.0,753.0,210.0,-1128.0
108.0,-1346.0,-343.0,-1075.0,,-2.0,-566.0,667.0,251.0,-1050.0
376.0,-1841.0,-368.0,-927.0,,246.0,-595.0,391.0,277.0,-914.0
-42.0,-1460.0,-434.0,-680.0,,180.0,-589.0,286.0,197.0,-696.0
-150.0,-620.0,-451.0,-439.0,,-39.0,-650.0,46.0,138.0,-474.0
2.0,-62.0,-478.0,-190.0,,-327.0,-769.0,-18.0,165.0,-292.0
-41.0,-401.0,-499.0,34.0,,117.0,-809.0,-247.0,301.0,-63.0
-185.0,-91.0,-519.0,266.0,,502.0,-686.0,-295.0,244.0,265.0
-156.0,-165.0,-548.0,390.0,,192.0,-552.0,-203.0,-129.0,494.0
-147.0,66.0,-529.0,243.0,,-104.0,-459.0,-212.0,47.0,600.0
-269.0,417.0,-525.0,114.0,,27.0,-336.0,36.0,83.0,799.0
-129.0,796.0,-493.0,24.0,,237.0,-266.0,112.0,-86.0,1020.0
-259.0,887.0,-443.0,-143.0,,406.0,-263.0,288.0,53.0,1033.0
-297.0,276.0,-395.0,-397.0,,786.0,-340.0,293.0,-146.0,941.0
-237.0,698.0,-320.0,-569.0,,513.0,-413.0,236.0,-342.0,925.0
-231.0,465.0,-303.0,-578.0,,146.0,-476.0,280.0,-411.0,850.0
-143.0,289.0,-262.0,-505.0,,223.0,-462.0,230.0,-328.0,737.0
-191.0,31.0,-206.0,-326.0,,223.0,-310.0,376.0,-410.0,730.0
-111.0,169.0,-202.0,-191.0,,278.0,-209.0,351.0,-746.0,697.0
-11.0,1201.0,-229.0,-100.0,,273.0,-178.0,441.0,-852.0,497.0
46.0,759.0,-272.0,48.0,,484.0,-203.0,517.0,-694.0,327.0
4.0,346.0,-290.0,96.0,,450.0,-291.0,456.0,-352.0,286.0
40.0,1138.0,-323.0,-108.0,,325.0,-426.0,428.0,-391.0,193.0
-64.0,2447.0,-383.0,-463.0,,530.0,-528.0,232.0,-601.0,53.0
-41.0,2076.0,-426.0,-654.0,,557.0,-523.0,194.0,-472.0,25.0
38.0,1939.0,-466.0,-597.0,,515.0,-497.0,75.0,-282.0,97.0
-234.0,2936.0,-527.0,-527.0,,248.0,-478.0,-60.0,-141.0,153.0
-157.0,1758.0,-554.0,-490.0,,613.0,-487.0,-107.0,135.0,289.0
-157.0,1232.0,-562.0,-438.0,,974.0,-522.0,-109.0,465.0,479.0
-190.0,1981.0,-567.0,-404.0,,926.0,-556.0,27.0,599.0,555.0
-178.0,1231.0,-580.0,-321.0,,289.0,-546.0,-11.0,664.0,565.0
-180.0,-808.0,-593.0,-221.0,,133.0,-448.0,-11.0,645.0,590.0
-148.0,-297.0,-571.0,-237.0,,755.0,-310.0,-62.0,595.0,675.0
-143.0,1454.0,-545.0,-337.0,,766.0,-158.0,-31.0,479.0,727.0
-64.0,-86.0,-515.0,-358.0,,118.0,-17.0,153.0,240.0,760.0
-165.0,-426.0,-486.0,-322.0,,-414.0,62.0,149.0,138.0,911.0
-113.0,759.0,-449.0,-288.0,,232.0,148.0,314.0,242.0,1029.0
-115.0,2044.0,-403.0,-229.0,,488.0,260.0,339.0,283.0,1038.0
-25.0,2330.0,-342.0,-231.0,,122.0,297.0,358.0,101.0,1078.0
30.0,1297.0,-295.0,-176.0,,-67.0,317.0,469.0,-8.0,1131.0
-17.0,1322.0,-235.0,-101.0,,269.0,315.0,330.0,-100.0,1126.0
101.0,794.0,-170.0,-129.0,,341.0,254.0,232.0,75.0,1068.0
144.0,715.0,-153.0,-105.0,,482.0,204.0,-64.0,166.0,1034.0
195.0,418.0,-125.0,43.0,,540.0,137.0,-227.0,-112.0,1103.0
125.0,165.0,-116.0,300.0,,237.0,88.0,-212.0,10.0,1182.0
80.0,-1089.0,-121.0,531.0,,-85.0,71.0,-219.0,173.0,1207.0
80.0,-1378.0,-148.0,574.0,,-141.0,18.0,-97.0,214.0,1231.0
78.0,-35.0,-191.0,505.0,,338.0,-63.0,-38.0,232.0,1298.0
-44.0,-1556.0,-190.0,513.0,,-82.0,-102.0,118.0,139.0,1358.0
-111.0,-1741.0,-192.0,633.0,,-644.0,-117.0,144.0,167.0,1397.0
-91.0,-1004.0,-218.0,638.0,,-442.0,-116.0,184.0,260.0,1438.0
-130.0,-117.0,-248.0,387.0,,355.0,-55.0,184.0,464.0,1440.0
-127.0,114.0,-249.0,98.0,,35.0,-40.0,138.0,388.0,1428.0
-232.0,-808.0,-193.0,-124.0,,-462.0,-1.0,190.0,137.0,1409.0
-232.0,-311.0,-151.0,-289.0,,-356.0,19.0,-46.0,-43.0,1355.0
-210.0,253.0,-110.0,-531.0,,-72.0,-46.0,-166.0,-178.0,1228.0
-206.0,1023.0,-56.0,-896.0,,273.0,-40.0,-419.0,84.0,1041.0
-254.0,-13.0,-50.0,-1099.0,,250.0,14.0,-650.0,83.0,860.0
-277.0,-741.0,-53.0,-1042.0,,179.0,38.0,-667.0,-76.0,679.0
-259.0,-57.0,-42.0,-898.0,,-277.0,-19.0,-727.0,-32.0,514.0
-242.0,-997.0,-60.0,-712.0,,-509.0,-83.0,-495.0,204.0,407.0
-266.0,-1070.0,-76.0,-437.0,,-62.0,-90.0,-391.0,544.0,382.0
-354.0,-902.0,-99.0,-187.0,,371.0,-12.0,-227.0,521.0,420.0
-365.0,-1798.0,-132.0,43.0,,-363.0,155.0,-49.0,503.0,487.0
-416.0,-1642.0,-116.0,138.0,,-801.0,322.0,12.0,408.0,562.0
-410.0,-219.0,-101.0,72.0,,-512.0,482.0,181.0,460.0,632.0
-486.0,115.0,-91.0,46.0,,-181.0,589.0,112.0,637.0,703.0
-523.0,-586.0,-88.0,170.0,,-99.0,548.0,182.0,560.0,784.0
-531.0,90.0,-112.0,394.0,,-410.0,397.0,171.0,606.0,823.0
-598.0,612.0,-120.0,460.0,,-634.0,310.0,110.0,584.0,797.0
-671.0,368.0,-127.0,422.0,,51.0,258.0,16.0,461.0,725.0
-684.0,332.0,-146.0,326.0,,486.0,185.0,-341.0,462.0,625.0
-689.0,354.0,-184.0,241.0,,-238.0,105.0,-539.0,360.0,505.0
-754.0,0.0,-224.0,196.0,,-462.0,54.0,-770.0,73.0,380.0
-666.0,9.0,-245.0,96.0,,70.0,101.0,-676.0,-221.0,323.0
-694.0,58.0,-255.0,-18.0,,469.0,171.0,-508.0,-373.0,214.0
-661.0,29.0,-245.0,-185.0,,-46.0,160.0,-341.0,-318.0,107.0
-665.0,927.0,-224.0,-242.0,,-433.0,87.0,11.0,-352.0,170.0
-663.0,-416.0,-221.0,-151.0,,-716.0,90.0,70.0,-576.0,195.0
-644.0,-931.0,-215.0,-24.0,,-295.0,113.0,230.0,-827.0,168.0
-694.0,-366.0,-166.0,75.0,,512.0,133.0,232.0,-606.0,268.0
-647.0,-2240.0,-124.0,125.0,,310.0,174.0,254.0,-279.0,405.0
-637.0,-2691.0,-68.0,99.0,,-500.0,209.0,306.0,-282.0,556.0
-554.0,-1990.0,0.0,9.0,,-363.0,289.0,188.0,-15.0,776.0
-565.0,-2123.0,41.0,-132.0,,444.0,381.0,142.0,120.0,895.0
-530.0,-2878.0,116.0,-315.0,,235.0,506.0,-192.0,446.0,902.0
-550.0,-2688.0,154.0,-369.0,,-260.0,554.0,-388.0,862.0,955.0
-556.0,-2552.0,183.0,-357.0,,-186.0,584.0,-554.0,819.0,1069.0
-597.0,-2910.0,247.0,-396.0,,-78.0,707.0,-533.0,661.0,1125.0
-647.0,-1769.0,288.0,-455.0,,-333.0,727.0,-269.0,711.0,1106.0
-597.0,-711.0,330.0,-420.0,,-262.0,686.0,-101.0,1064.0,1039.0
-688.0,-246.0,372.0,-318.0,,-269.0,665.0,227.0,1039.0,912.0
-641.0,-33.0,404.0,-283.0,,-20.0,668.0,147.0,1029.0,821.0
-642.0,305.0,396.0,-259.0,,157.0,615.0,-38.0,965.0,700.0
-620.0,706.0,366.0,-186.0,,-99.0,469.0,-243.0,808.0,481.0
-577.0,313.0,327.0,-19.0,,-664.0,412.0,-406.0,886.0,306.0
-466.0,-832.0,295.0,146.0,,-500.0,426.0,-269.0,776.0,246.0
-370.0,-745.0,259.0,277.0,,-171.0,417.0,-308.0,559.0,117.0
-351.0,-53.0,194.0,490.0,,-490.0,391.0,-153.0,345.0,-48.0
-277.0,-817.0,148.0,671.0,,-446.0,429.0,-127.0,67.0,-49.0
-275.0,-1259.0,118.0,740.0,,-95.0,470.0,-133.0,3.0,-5.0
-171.0,-1770.0,135.0,772.0,,-112.0,400.0,-107.0,336.0,-74.0
-196.0,-2122.0,146.0,733.0,,-563.0,316.0,-343.0,405.0,-100.0
-199.0,-1463.0,165.0,537.0,,-123.0,304.0,-327.0,54.0,44.0
-167.0,-1129.0,201.0,432.0,,-103.0,368.0,-301.0,-262.0,94.0
-167.0,-1637.0,218.0,495.0,,-454.0,443.0,-160.0,20.0,56.0
-152.0,-1069.0,259.0,481.0,,-571.0,495.0,-203.0,322.0,40.0
-203.0,179.0,291.0,467.0,,-308.0,562.0,-297.0,-69.0,-64.0
-186.0,9.0,333.0,513.0,,-490.0,623.0,-149.0,-361.0,-230.0
-159.0,-126.0,357.0,552.0,,-928.0,684.0,-240.0,-79.0,-371.0
-129.0,-237.0,376.0,569.0,,-759.0,727.0,-164.0,90.0,-478.0
-179.0,385.0,407.0,618.0,,-544.0,696.0,-118.0,129.0,-638.0
-224.0,867.0,396.0,625.0,,-701.0,637.0,-120.0,225.0,-759.0
-261.0,503.0,370.0,432.0,,-918.0,597.0,-260.0,110.0,-807.0
-278.0,255.0,360.0,259.0,,-483.0,586.0,-415.0,177.0,-861.0
-295.0,-236.0,312.0,291.0,,-343.0,600.0,-227.0,478.0,-929.0
-308.0,-124.0,265.0,334.0,,-221.0,658.0,-303.0,558.0,-1016.0
-236.0,-68.0,268.0,227.0,,-710.0,690.0,-243.0,419.0,-1068.0
-179.0,-615.0,238.0,6.0,,-926.0,640.0,-123.0,538.0,-1120.0
-110.0,-630.0,232.0,-193.0,,-715.0,522.0,-112.0,294.0,-1238.0
0.0,113.0,236.0,-260.0,,-296.0,345.0,11.0,137.0,-1406.0
127.0,-148.0,232.0,-233.0,,-615.0,239.0,-57.0,481.0,-1525.0
229.0,-295.0,260.0,-188.0,,-1012.0,144.0,-94.0,399.0,-1512.0
343.0,2.0,272.0,-206.0,,-496.0,43.0,-197.0,204.0,-1548.0
421.0,67.0,256.0,-222.0,,-276.0,-56.0,-219.0,375.0,-1646.0
555.0,132.0,264.0,-128.0,,25.0,-113.0,-343.0,469.0,-1590.0
672.0,61.0,248.0,-107.0,,-229.0,-10.0,-593.0,373.0,-1540.0
696.0,193.0,248.0,-191.0,,-277.0,129.0,-631.0,406.0,-1560.0
736.0,-551.0,298.0,-183.0,,-720.0,318.0,-766.0,88.0,-1411.0
771.0,-856.0,286.0,-9.0,,-750.0,543.0,-591.0,37.0,-1181.0
773.0,-1370.0,303.0,190.0,,-388.0,745.0,-275.0,212.0,-1077.0
658.0,-1628.0,327.0,218.0,,-330.0,882.0,101.0,-52.0,-927.0
588.0,-960.0,321.0,177.0,,-563.0,852.0,315.0,32.0,-618.0
529.0,-1102.0,347.0,253.0,,-674.0,632.0,90.0,383.0,-359.0
394.0,-942.0,368.0,339.0,,-181.0,313.0,5.0,450.0,-133.0
248.0,-1063.0,373.0,277.0,,-40.0,152.0,-194.0,470.0,121.0
174.0,-365.0,385.0,191.0,,14.0,127.0,-216.0,515.0,302.0
159.0,733.0,417.0,204.0,,114.0,98.0,-304.0,488.0,440.0
55.0,88.0,423.0,273.0,,490.0,87.0,-485.0,399.0,578.0
-5.0,37.0,461.0,421.0,,225.0,107.0,-380.0,236.0,686.0
0.0,782.0,483.0,631.0,,198.0,193.0,-473.0,202.0,691.0
23.0,825.0,485.0,818.0,,235.0,300.0,-339.0,73.0,602.0
0.0,126.0,471.0,850.0,,236.0,428.0,-266.0,-177.0,509.0
-59.0,-334.0,455.0,719.0,,5.0,563.0,-238.0,-196.0,365.0
-47.0,8.0,505.0,620.0,,-279.0,699.0,-131.0,-476.0,181.0
12.0,260.0,518.0,546.0,,-95.0,820.0,-171.0,-766.0,5.0
27.0,506.0,518.0,510.0,,44.0,800.0,-25.0,-584.0,-148.0
-3.0,169.0,509.0,500.0,,557.0,724.0,-40.0,-686.0,-282.0
19.0,-360.0,497.0,433.0,,354.0,612.0,-49.0,-877.0,-303.0
80.0,-337.0,500.0,423.0,,-117.0,540.0,-216.0,-665.0,-231.0
96.0,381.0,482.0,415.0,,-228.0,581.0,-424.0,-568.0,-204.0
81.0,1311.0,473.0,314.0,,382.0,583.0,-474.0,-954.0,-44.0
122.0,849.0,481.0,145.0,,484.0,582.0,-670.0,-1003.0,182.0
169.0,-80.0,499.0,-10.0,,18.0,570.0,-650.0,-840.0,359.0
135.0,-404.0,510.0,-13.0,,70.0,551.0,-713.0,-728.0,495.0
140.0,29.0,522.0,36.0,,486.0,527.0,-635.0,-535.0,587.0
225.0,-485.0,544.0,0.0,,546.0,462.0,-480.0,-692.0,714.0
254.0,-1425.0,553.0,-29.0,,205.0,403.0,-417.0,-645.0,774.0
243.0,-1051.0,588.0,-106.0,,-221.0,350.0,-171.0,-172.0,810.0
233.0,129.0,625.0,-289.0,,-67.0,355.0,-127.0,-103.0,871.0
240.0,1198.0,649.0,-437.0,,869.0,338.0,-1.0,-435.0,936.0
285.0,1580.0,733.0,-514.0,,558.0,210.0,-24.0,-25.0,943.0
281.0,2233.0,726.0,-448.0,,-346.0,101.0,-31.0,121.0,890.0
264.0,1910.0,696.0,-266.0,,-442.0,84.0,53.0,-132.0,927.0
229.0,2086.0,699.0,-213.0,,790.0,26.0,-144.0,48.0,932.0
198.0,2857.0,670.0,-143.0,,1004.0,-61.0,-147.0,200.0,949.0
172.0,2920.0,643.0,44.0,,325.0,14.0,-327.0,54.0,1031.0
103.0,2470.0,583.0,131.0,,271.0,266.0,-384.0,136.0,1028.0
53.0,1379.0,552.0,86.0,,646.0,520.0,-271.0,-18.0,959.0
-10.0,845.0,522.0,-112.0,,868.0,719.0,-256.0,-645.0,927.0
-97.0,-558.0,458.0,-284.0,,553.0,844.0,-160.0,-307.0,897.0
-207.0,-1499.0,394.0,-303.0,,463.0,805.0,-251.0,-217.0,748.0
-262.0,-1834.0,367.0,-319.0,,290.0,661.0,-206.0,-384.0,547.0
-291.0,-1337.0,273.0,-345.0,,671.0,604.0,-288.0,-645.0,344.0
-361.0,-850.0,183.0,-326.0,,755.0,703.0,-351.0,-1014.0,171.0
-373.0,-1037.0,120.0,-286.0,,590.0,769.0,-397.0,-785.0,53.0
-349.0,-385.0,24.0,-210.0,,444.0,788.0,-541.0,-353.0,-41.0
-286.0,-1093.0,-16.0,-45.0,,815.0,747.0,-391.0,-486.0,-119.0
-279.0,-110.0,-99.0,60.0,,1016.0,558.0,-360.0,-1063.0,-178.0
-287.0,774.0,-161.0,56.0,,790.0,334.0,-221.0,-572.0,-258.0
-227.0,170.0,-195.0,88.0,,847.0,127.0,-149.0,-312.0,-329.0
-219.0,782.0,-217.0,197.0,,1046.0,-63.0,-101.0,-323.0,-349.0
-212.0,653.0,-264.0,243.0,,1028.0,-255.0,-5.0,-150.0,-394.0
-202.0,486.0,-276.0,283.0,,735.0,-327.0,-42.0,-76.0,-394.0
-177.0,-170.0,-234.0,320.0,,866.0,-248.0,230.0,141.0,-344.0
-187.0,-292.0,-233.0,314.0,,719.0,-138.0,323.0,76.0,-246.0
-246.0,424.0,-183.0,434.0,,871.0,-17.0,376.0,194.0,-175.0
-307.0,623.0,-137.0,488.0,,876.0,55.0,339.0,182.0,-154.0
-374.0,503.0,-91.0,406.0,,1049.0,59.0,90.0,217.0,-32.0
-441.0,704.0,-33.0,402.0,,1081.0,67.0,-24.0,154.0,62.0
-537.0,1334.0,63.0,454.0,,1239.0,110.0,-358.0,82.0,111.0
-610.0,931.0,170.0,470.0,,984.0,175.0,-480.0,206.0,238.0
-666.0,1508.0,253.0,452.0,,638.0,292.0,-572.0,-113.0,350.0
-691.0,1634.0,314.0,474.0,,970.0,473.0,-720.0,-209.0,374.0
-741.0,764.0,330.0,588.0,,1102.0,629.0,-731.0,-447.0,394.0
-821.0,1215.0,345.0,664.0,,1220.0,665.0,-842.0,-563.0,452.0
-867.0,1071.0,363.0,685.0,,544.0,620.0,-672.0,-446.0,496.0
-878.0,81.0,377.0,719.0,,408.0,526.0,-495.0,-250.0,532.0
-852.0,-1236.0,344.0,634.0,,597.0,428.0,-253.0,-386.0,587.0
-860.0,-1398.0,349.0,512.0,,829.0,349.0,-20.0,-1048.0,641.0
-823.0,-868.0,310.0,529.0,,634.0,307.0,157.0,-729.0,683.0
-743.0,-790.0,229.0,615.0,,673.0,303.0,389.0,-674.0,661.0
-666.0,-712.0,177.0,662.0,,1014.0,252.0,334.0,-837.0,602.0
-619.0,-1099.0,59.0,619.0,,1173.0,212.0,373.0,-1026.0,540.0
-583.0,-822.0,-3.0,545.0,,909.0,129.0,136.0,-1005.0,491.0
-497.0,-523.0,-108.0,515.0,,258.0,34.0,-175.0,-418.0,487.0
-418.0,-406.0,-241.0,490.0,,452.0,43.0,-308.0,-516.0,449.0
-357.0,-147.0,-272.0,456.0,,435.0,107.0,-482.0,-521.0,502.0
-309.0,370.0,-341.0,323.0,,387.0,180.0,-365.0,-594.0,654.0
-257.0,1351.0,-385.0,179.0,,475.0,233.0,-367.0,-680.0,743.0
-208.0,1423.0,-411.0,116.0,,936.0,286.0,-190.0,-375.0,817.0
-192.0,789.0,-443.0,93.0,,664.0,253.0,-14.0,-80.0,905.0
-175.0,126.0,-419.0,132.0,,436.0,190.0,24.0,171.0,948.0
-121.0,581.0,-425.0,152.0,,640.0,146.0,90.0,219.0,912.0
-107.0,1163.0,-446.0,91.0,,492.0,67.0,-121.0,141.0,878.0
-126.0,1062.0,-454.0,-47.0,,214.0,45.0,-99.0,312.0,901.0
-149.0,961.0,-440.0,-66.0,,171.0,101.0,-188.0,585.0,910.0
-184.0,855.0,-444.0,-46.0,,594.0,162.0,-352.0,343.0,846.0
-227.0,1114.0,-452.0,-178.0,,359.0,156.0,-465.0,-110.0,742.0
-256.0,827.0,-448.0,-176.0,,638.0,126.0,-633.0,84.0,610.0
-233.0,-5.0,-451.0,-74.0,,857.0,75.0,-644.0,30.0,488.0
-234.0,-368.0,-438.0,-152.0,,934.0,4.0,-727.0,-255.0,387.0
-251.0,529.0,-446.0,-291.0,,666.0,21.0,-548.0,-229.0,257.0
-291.0,434.0,-475.0,-321.0,,452.0,81.0,-295.0,-178.0,152.0
-310.0,-477.0,-504.0,-359.0,,740.0,122.0,24.0,42.0,83.0
-328.0,-183.0,-554.0,-501.0,,617.0,182.0,388.0,20.0,82.0
-367.0,-14.0,-613.0,-593.0,,560.0,213.0,539.0,-60.0,153.0
-375.0,27.0,-583.0,-586.0,,388.0,144.0,683.0,-221.0,191.0
-341.0,713.0,-591.0,-573.0,,746.0,48.0,473.0,20.0,255.0
-274.0,1365.0,-597.0,-487.0,,706.0,21.0,194.0,42.0,454.0
-278.0,491.0,-594.0,-352.0,,571.0,-10.0,-99.0,143.0,606.0
-250.0,182.0,-628.0,-206.0,,638.0,-79.0,-417.0,517.0,700.0
-193.0,286.0,-580.0,-38.0,,597.0,-101.0,-567.0,506.0,850.0
-145.0,-311.0,-573.0,128.0,,434.0,-88.0,-783.0,779.0,976.0
-95.0,-1312.0,-560.0,262.0,,459.0,-72.0,-726.0,624.0,1088.0
-26.0,-1912.0,-526.0,326.0,,861.0,-37.0,-678.0,736.0,1146.0
61.0,-772.0,-499.0,433.0,,726.0,63.0,-578.0,1065.0,1205.0
107.0,-1037.0,-468.0,500.0,,981.0,236.0,-339.0,1091.0,1261.0
92.0,-1805.0,-428.0,574.0,,600.0,355.0,-238.0,847.0,1214.0
64.0,-1318.0,-368.0,624.0,,754.0,353.0,40.0,595.0,1167.0
103.0,-375.0,-334.0,435.0,,925.0,219.0,201.0,585.0,1136.0
65.0,-173.0,-280.0,212.0,,448.0,-32.0,341.0,651.0,1153.0
6.0,-707.0,-268.0,0.0,,634.0,-277.0,478.0,641.0,1184.0
-51.0,-218.0,-249.0,-166.0,,471.0,-484.0,541.0,-138.0,1147.0
-78.0,499.0,-205.0,-248.0,,1012.0,-576.0,600.0,-115.0,1183.0
-80.0,1008.0,-212.0,-386.0,,1254.0,-517.0,351.0,79.0,1235.0
-139.0,871.0,-235.0,-434.0,,1008.0,-386.0,103.0,-281.0,1223.0
-186.0,1074.0,-226.0,-397.0,,888.0,-202.0,-214.0,-13.0,1253.0
-185.0,1444.0,-190.0,-332.0,,989.0,-45.0,-480.0,-267.0,1304.0
-115.0,1008.0,-174.0,-157.0,,847.0,5.0,-596.0,-338.0,1284.0
-81.0,984.0,-184.0,-27.0,,459.0,-38.0,-665.0,-221.0,1133.0
0.0,1227.0,-197.0,0.0,,783.0,-128.0,-487.0,-349.0,1017.0
108.0,1254.0,-183.0,-161.0,,674.0,-303.0,-452.0,-338.0,950.0
226.0,1170.0,-168.0,-459.0,,480.0,-477.0,-277.0,-414.0,851.0
329.0,1493.0,-166.0,-655.0,,1022.0,-526.0,-27.0,-285.0,779.0
417.0,1453.0,-143.0,-813.0,,820.0,-447.0,192.0,-266.0,717.0
539.0,715.0,-121.0,-951.0,,390.0,-269.0,495.0,-26.0,667.0
641.0,896.0,-161.0,-992.0,,853.0,-168.0,583.0,-139.0,607.0
726.0,1259.0,-209.0,-964.0,,723.0,-175.0,777.0,-145.0,635.0
757.0,985.0,-232.0,-829.0,,719.0,-291.0,635.0,-60.0,625.0
788.0,730.0,-287.0,-604.0,,296.0,-492.0,389.0,19.0,485.0
807.0,1302.0,-366.0,-432.0,,448.0,-682.0,168.0,468.0,367.0
832.0,1855.0,-446.0,-369.0,,747.0,-830.0,-325.0,622.0,288.0
818.0,1117.0,-483.0,-335.0,,279.0,-873.0,-646.0,940.0,249.0
793.0,1061.0,-471.0,-235.0,,378.0,-825.0,-1025.0,807.0,129.0
756.0,617.0,-496.0,-215.0,,87.0,-719.0,-1082.0,685.0,8.0
719.0,-511.0,-520.0,-214.0,,742.0,-606.0,-1066.0,1040.0,4.0
701.0,-748.0,-500.0,-91.0,,993.0,-565.0,-1018.0,961.0,-27.0
623.0,-1047.0,-471.0,13.0,,713.0,-583.0,-700.0,559.0,-63.0
547.0,-1501.0,-439.0,83.0,,301.0,-599.0,-500.0,758.0,-25.0
465.0,-1806.0,-428.0,86.0,,550.0,-654.0,-112.0,779.0,-9.0
443.0,-1322.0,-380.0,112.0,,620.0,-727.0,33.0,569.0,-32.0
384.0,-621.0,-361.0,88.0,,-157.0,-740.0,157.0,487.0,-11.0
275.0,-933.0,-367.0,-22.0,,423.0,-675.0,245.0,105.0,37.0
206.0,-1533.0,-353.0,-126.0,,286.0,-522.0,133.0,158.0,46.0
186.0,-835.0,-333.0,-351.0,,19.0,-384.0,199.0,262.0,-2.0
180.0,-394.0,-285.0,-559.0,,-200.0,-258.0,9.0,181.0,-78.0
142.0,-649.0,-318.0,-622.0,,-41.0,-181.0,-51.0,15.0,-112.0
153.0,-777.0,-354.0,-629.0,,182.0,-171.0,-277.0,-47.0,-80.0
231.0,-746.0,-361.0,-676.0,,243.0,-172.0,-655.0,-262.0,-62.0
309.0,-101.0,-377.0,-685.0,,457.0,-246.0,-727.0,-124.0,-28.0
343.0,474.0,-423.0,-604.0,,362.0,-307.0,-831.0,233.0,18.0
376.0,749.0,-480.0,-573.0,,538.0,-336.0,-753.0,119.0,-70.0
410.0,465.0,-513.0,-617.0,,363.0,-372.0,-746.0,272.0,-208.0
482.0,829.0,-551.0,-498.0,,590.0,-409.0,-582.0,378.0,-228.0
520.0,1335.0,-581.0,-255.0,,448.0,-426.0,-327.0,422.0,-241.0
574.0,1401.0,-637.0,-228.0,,438.0,-428.0,-199.0,276.0,-323.0
615.0,1019.0,-627.0,-240.0,,402.0,-481.0,25.0,286.0,-346.0
627.0,80.0,-623.0,-166.0,,279.0,-559.0,55.0,634.0,-336.0
615.0,-21.0,-661.0,-91.0,,108.0,-619.0,112.0,396.0,-353.0
552.0,-81.0,-609.0,18.0,,-33.0,-693.0,-57.0,271.0,-319.0
601.0,-411.0,-526.0,149.0,,270.0,-867.0,-282.0,230.0,-318.0
635.0,-460.0,-459.0,201.0,,-2.0,-986.0,-406.0,174.0,-366.0
632.0,-410.0,-407.0,153.0,,83.0,-980.0,-546.0,298.0,-472.0
645.0,-500.0,-366.0,268.0,,-251.0,-928.0,-419.0,27.0,-574.0
687.0,-248.0,-273.0,466.0,,-163.0,-797.0,-426.0,-59.0,-542.0
680.0,-498.0,-179.0,645.0,,191.0,-621.0,-295.0,-119.0,-560.0
644.0,-769.0,-127.0,896.0,,225.0,-440.0,-208.0,-120.0,-549.0
626.0,-347.0,-67.0,1027.0,,133.0,-329.0,-245.0,1.0,-474.0
582.0,-283.0,-14.0,967.0,,60.0,-299.0,-162.0,-245.0,-463.0
573.0,-60.0,37.0,903.0,,364.0,-369.0,-279.0,-623.0,-459.0
542.0,-19.0,43.0,900.0,,42.0,-452.0,-288.0,-539.0,-463.0
518.0,73.0,45.0,811.0,,18.0,-510.0,-524.0,-502.0,-557.0
452.0,-212.0,37.0,665.0,,34.0,-604.0,-829.0,-894.0,-708.0
419.0,-438.0,-28.0,581.0,,85.0,-651.0,-968.0,-823.0,-787.0
370.0,-278.0,-71.0,557.0,,-321.0,-713.0,-1060.0,-726.0,-977.0
328.0,-481.0,-77.0,469.0,,-319.0,-755.0,-970.0,-597.0,-1197.0
309.0,-282.0,-74.0,243.0,,77.0,-733.0,-1031.0,-535.0,-1302.0
236.0,-178.0,-69.0,-16.0,,-281.0,-708.0,-861.0,-663.0,-1414.0
228.0,103.0,-67.0,-249.0,,-323.0,-665.0,-676.0,-462.0,-1455.0
185.0,-52.0,-83.0,-418.0,,-327.0,-610.0,-582.0,-322.0,-1477.0
180.0,-171.0,-36.0,-585.0,,103.0,-516.0,-424.0,-282.0,-1485.0
168.0,69.0,6.0,-731.0,,-81.0,-466.0,-452.0,-123.0,-1459.0
152.0,127.0,46.0,-816.0,,-322.0,-493.0,-271.0,134.0,-1370.0
154.0,792.0,133.0,-702.0,,-228.0,-560.0,-269.0,314.0,-1211.0
119.0,1075.0,202.0,-440.0,,-350.0,-659.0,-271.0,450.0,-1145.0
103.0,1123.0,276.0,-332.0,,-304.0,-726.0,-190.0,882.0,-1149.0
68.0,742.0,346.0,-217.0,,-759.0,-784.0,-266.0,1032.0,-1101.0
40.0,1130.0,426.0,-71.0,,-495.0,-769.0,-157.0,861.0,-975.0
14.0,1652.0,479.0,48.0,,-181.0,-672.0,-234.0,720.0,-905.0
-11.0,903.0,514.0,100.0,,-252.0,-557.0,-229.0,626.0,-822.0
-43.0,1083.0,552.0,-10.0,,-438.0,-439.0,-225.0,784.0,-747.0
-24.0,1075.0,568.0,-195.0,,-623.0,-373.0,-256.0,642.0,-776.0
34.0,1028.0,562.0,-353.0,,-299.0,-313.0,-112.0,366.0,-673.0
89.0,436.0,520.0,-405.0,,-459.0,-296.0,-73.0,65.0,-612.0
165.0,-268.0,440.0,-387.0,,-529.0,-371.0,55.0,26.0,-705.0
273.0,-719.0,341.0,-370.0,,-648.0,-489.0,24.0,-11.0,-745.0
398.0,-1652.0,293.0,-419.0,,-642.0,-587.0,49.0,-143.0,-685.0
460.0,-1412.0,241.0,-479.0,,-478.0,-632.0,24.0,100.0,-686.0
471.0,-2414.0,171.0,-449.0,,-648.0,-662.0,-171.0,49.0,-766.0
485.0,-2111.0,130.0,-338.0,,-353.0,-624.0,-247.0,-20.0,-745.0
529.0,-1597.0,75.0,-331.0,,-314.0,-561.0,-363.0,312.0,-698.0
551.0,-1901.0,20.0,-444.0,,-419.0,-546.0,-273.0,647.0,-616.0
539.0,-627.0,-6.0,-501.0,,-463.0,-547.0,-323.0,311.0,-486.0
548.0,-609.0,-1.0,-553.0,,-191.0,-537.0,-236.0,156.0,-467.0
564.0,-521.0,10.0,-499.0,,-253.0,-552.0,29.0,271.0,-473.0
563.0,-208.0,35.0,-304.0,,-523.0,-568.0,116.0,36.0,-451.0
549.0,1101.0,64.0,-141.0,,-272.0,-501.0,319.0,224.0,-536.0
549.0,1058.0,116.0,-45.0,,-632.0,-382.0,293.0,373.0,-662.0
540.0,743.0,192.0,16.0,,-761.0,-170.0,339.0,321.0,-725.0
485.0,1225.0,231.0,73.0,,-886.0,36.0,330.0,250.0,-750.0
425.0,1139.0,246.0,105.0,,-648.0,135.0,158.0,54.0,-905.0
373.0,1994.0,255.0,138.0,,-641.0,187.0,83.0,139.0,-982.0
341.0,830.0,280.0,177.0,,-1012.0,183.0,-151.0,22.0,-1031.0
326.0,568.0,307.0,155.0,,-963.0,133.0,-210.0,-343.0,-1261.0
293.0,1105.0,335.0,-43.0,,-943.0,-2.0,-343.0,-373.0,-1271.0
333.0,917.0,396.0,-348.0,,-595.0,-160.0,-473.0,-170.0,-1274.0
401.0,361.0,443.0,-604.0,,-1065.0,-298.0,-498.0,-363.0,-1361.0
428.0,188.0,438.0,-757.0,,-980.0,-416.0,-467.0,-685.0,-1432.0
452.0,-485.0,452.0,-764.0,,-947.0,-440.0,-208.0,-604.0,-1481.0
468.0,-1460.0,476.0,-833.0,,-920.0,-397.0,31.0,-690.0,-1487.0
474.0,-543.0,423.0,-876.0,,-703.0,-320.0,410.0,-816.0,-1675.0
421.0,-1460.0,366.0,-749.0,,-1164.0,-247.0,524.0,-840.0,-1780.0
394.0,-1492.0,309.0,-586.0,,-932.0,-211.0,528.0,-788.0,-1910.0
368.0,-2035.0,256.0,-335.0,,-1012.0,-231.0,502.0,-797.0,-2131.0
294.0,-2665.0,226.0,-59.0,,-847.0,-234.0,221.0,-643.0,-2221.0
237.0,-1486.0,103.0,81.0,,-1196.0,-156.0,59.0,-573.0,-2281.0
210.0,-1494.0,7.0,99.0,,-1086.0,-57.0,-186.0,-639.0,-2361.0
207.0,-1358.0,-10.0,64.0,,-474.0,-6.0,-133.0,-625.0,-2381.0
201.0,-1495.0,-86.0,74.0,,-656.0,37.0,-60.0,-926.0,-2226.0
185.0,165.0,-132.0,233.0,,-663.0,80.0,-158.0,-746.0,-2136.0
167.0,1123.0,-154.0,422.0,,-819.0,29.0,-7.0,-569.0,-2067.0
199.0,954.0,-161.0,498.0,,-424.0,-51.0,73.0,-571.0,-1947.0
227.0,1307.0,-105.0,446.0,,-658.0,-159.0,201.0,-606.0,-1994.0
243.0,1456.0,-61.0,377.0,,-780.0,-222.0,144.0,-486.0,-1954.0
262.0,2121.0,0.0,342.0,,-788.0,-216.0,40.0,-161.0,-1760.0
275.0,1592.0,93.0,307.0,,-903.0,-186.0,57.0,-41.0,-1667.0
285.0,1442.0,150.0,366.0,,-865.0,-99.0,16.0,76.0,-1622.0
220.0,698.0,202.0,548.0,,-940.0,-82.0,123.0,-82.0,-1476.0
192.0,270.0,277.0,698.0,,-382.0,-94.0,153.0,-26.0,-1298.0
199.0,552.0,338.0,719.0,,-858.0,-98.0,269.0,8.0,-1248.0
199.0,-251.0,367.0,736.0,,-1032.0,-99.0,434.0,78.0,-1181.0
194.0,-565.0,376.0,741.0,,-924.0,-95.0,618.0,140.0,-1177.0
135.0,-391.0,438.0,747.0,,-715.0,-193.0,829.0,-344.0,-1341.0
89.0,-171.0,488.0,716.0,,-694.0,-302.0,811.0,-282.0,-1333.0
50.0,-864.0,485.0,583.0,,-909.0,-342.0,861.0,14.0,-1297.0
24.0,-1047.0,472.0,414.0,,-273.0,-280.0,727.0,-352.0,-1379.0
-13.0,-1258.0,425.0,286.0,,-669.0,-88.0,596.0,-662.0,-1356.0
-46.0,-1452.0,383.0,305.0,,-907.0,99.0,473.0,-673.0,-1138.0
-36.0,-1482.0,350.0,283.0,,-1130.0,184.0,182.0,-833.0,-930.0
-33.0,-2728.0,285.0,200.0,,-909.0,211.0,109.0,-1095.0,-894.0
-43.0,-2851.0,223.0,138.0,,-623.0,144.0,-62.0,-1229.0,-835.0
-60.0,-2389.0,140.0,11.0,,-815.0,-40.0,-27.0,-1330.0,-759.0
-58.0,-2096.0,-4.0,-188.0,,-528.0,-191.0,0.0,-1391.0,-639.0
-69.0,-1407.0,-90.0,-303.0,,-963.0,-255.0,3.0,-1239.0,-441.0
-56.0,-964.0,-151.0,-233.0,,-867.0,-255.0,282.0,-882.0,-366.0
0.0,-1264.0,-214.0,-256.0,,-823.0,-208.0,461.0,-572.0,-370.0
38.0,-829.0,-264.0,-359.0,,-470.0,-132.0,816.0,-318.0,-306.0
22.0,681.0,-322.0,-386.0,,-631.0,9.0,1010.0,-43.0,-210.0
38.0,1167.0,-372.0,-287.0,,-1326.0,141.0,1193.0,92.0,-128.0
82.0,1055.0,-435.0,-137.0,,-892.0,207.0,1278.0,140.0,-37.0
102.0,1788.0,-477.0,-62.0,,-765.0,251.0,1152.0,113.0,-22.0
77.0,2833.0,-545.0,-31.0,,-689.0,336.0,1136.0,107.0,-42.0
48.0,2383.0,-562.0,16.0,,-1062.0,363.0,744.0,146.0,69.0
108.0,1968.0,-539.0,51.0,,-715.0,244.0,424.0,251.0,192.0
116.0,2082.0,-542.0,-73.0,,-485.0,99.0,49.0,255.0,198.0
119.0,1788.0,-474.0,-226.0,,-712.0,-26.0,-256.0,363.0,83.0
118.0,1139.0,-410.0,-316.0,,-744.0,-141.0,-304.0,655.0,2.0
175.0,218.0,-339.0,-382.0,,-1060.0,-182.0,-400.0,322.0,8.0
219.0,368.0,-243.0,-439.0,,-422.0,-126.0,-72.0,166.0,-46.0
171.0,-81.0,-177.0,-467.0,,-551.0,-52.0,301.0,558.0,-14.0
230.0,-631.0,-76.0,-352.0,,-692.0,12.0,753.0,369.0,161.0
321.0,-563.0,21.0,-125.0,,-917.0,-6.0,1147.0,263.0,316.0
392.0,-266.0,54.0,124.0,,-963.0,-127.0,1370.0,376.0,486.0
390.0,-661.0,76.0,325.0,,-428.0,-216.0,1579.0,342.0,726.0
467.0,-1609.0,141.0,513.0,,-676.0,-250.0,1467.0,388.0,799.0
551.0,-247.0,140.0,672.0,,-709.0,-205.0,1400.0,461.0,867.0
608.0,-106.0,75.0,685.0,,-1016.0,-86.0,1043.0,526.0,1059.0
656.0,-423.0,68.0,630.0,,-634.0,71.0,644.0,344.0,990.0
644.0,842.0,41.0,612.0,,-542.0,229.0,391.0,397.0,902.0
663.0,1170.0,-22.0,515.0,,-505.0,305.0,72.0,409.0,849.0
634.0,353.0,-85.0,353.0,,-217.0,319.0,127.0,476.0,628.0
653.0,26.0,-161.0,299.0,,-540.0,289.0,214.0,404.0,415.0
611.0,813.0,-228.0,229.0,,-267.0,156.0,450.0,98.0,219.0
599.0,379.0,-304.0,91.0,,-368.0,-3.0,702.0,151.0,58.0
621.0,582.0,-397.0,47.0,,-113.0,-77.0,870.0,104.0,-110.0
612.0,1130.0,-468.0,22.0,,-561.0,-82.0,1103.0,310.0,-184.0
579.0,827.0,-493.0,-41.0,,-941.0,-110.0,1145.0,365.0,-202.0
569.0,695.0,-512.0,72.0,,-457.0,-169.0,1171.0,398.0,-281.0
654.0,593.0,-532.0,287.0,,-281.0,-107.0,866.0,430.0,-395.0
653.0,771.0,-504.0,357.0,,-181.0,4.0,609.0,228.0,-584.0
648.0,318.0,-442.0,316.0,,-618.0,60.0,484.0,380.0,-632.0
608.0,571.0,-390.0,226.0,,-85.0,60.0,275.0,377.0,-613.0
615.0,722.0,-307.0,148.0,,-26.0,-4.0,343.0,-12.0,-569.0
559.0,255.0,-254.0,194.0,,-211.0,-67.0,345.0,-322.0,-541.0
429.0,319.0,-228.0,385.0,,-417.0,-118.0,543.0,-306.0,-609.0
408.0,110.0,-206.0,610.0,,-702.0,-111.0,709.0,-580.0,-520.0
413.0,-174.0,-247.0,819.0,,-436.0,-35.0,894.0,-723.0,-468.0
380.0,-361.0,-259.0,1011.0,,-739.0,50.0,1223.0,-584.0,-498.0
273.0,81.0,-296.0,1031.0,,-225.0,197.0,1330.0,-903.0,-524.0
266.0,181.0,-399.0,906.0,,-464.0,363.0,1561.0,-811.0,-521.0
240.0,-316.0,-484.0,757.0,,-594.0,442.0,1550.0,-540.0,-422.0
177.0,-73.0,-528.0,557.0,,-321.0,454.0,1511.0,-579.0,-510.0
133.0,811.0,-611.0,316.0,,-148.0,434.0,1359.0,-554.0,-655.0
126.0,795.0,-684.0,108.0,,-66.0,383.0,1008.0,-667.0,-655.0
147.0,278.0,-686.0,119.0,,-737.0,304.0,831.0,-482.0,-640.0
68.0,532.0,-712.0,162.0,,13.0,211.0,495.0,-180.0,-675.0
10.0,72.0,-738.0,101.0,,267.0,124.0,293.0,-70.0,-651.0
-1.0,384.0,-760.0,124.0,,253.0,14.0,73.0,-92.0,-533.0
-32.0,700.0,-769.0,212.0,,-26.0,-91.0,-12.0,-124.0,-433.0
-115.0,9.0,-813.0,270.0,,156.0,-123.0,25.0,188.0,-139.0
-170.0,335.0,-858.0,267.0,,858.0,-93.0,-22.0,344.0,129.0
-202.0,64.0,-908.0,325.0,,386.0,-21.0,184.0,185.0,180.0
-250.0,-512.0,-977.0,419.0,,662.0,118.0,328.0,-32.0,353.0
-288.0,-555.0,-993.0,497.0,,111.0,231.0,679.0,18.0,583.0
-294.0,-225.0,-1028.0,548.0,,-93.0,260.0,960.0,218.0,739.0
-265.0,317.0,-1052.0,582.0,,39.0,273.0,1067.0,84.0,736.0
-285.0,-106.0,-1066.0,601.0,,343.0,283.0,1293.0,-8.0,649.0
-312.0,-398.0,-1035.0,519.0,,736.0,374.0,1252.0,-30.0,618.0
-321.0,746.0,-1025.0,482.0,,-14.0,460.0,1236.0,-453.0,598.0
-312.0,919.0,-1045.0,410.0,,191.0,453.0,1001.0,-776.0,643.0
-335.0,-341.0,-1022.0,297.0,,35.0,470.0,803.0,-516.0,666.0
-412.0,-239.0,-1006.0,256.0,,186.0,478.0,681.0,-568.0,533.0
-449.0,725.0,-997.0,105.0,,252.0,430.0,297.0,-1007.0,530.0
-481.0,233.0,-1012.0,-3.0,,133.0,320.0,138.0,-1081.0,828.0
-549.0,-812.0,-999.0,29.0,,439.0,234.0,-14.0,-1061.0,987.0
-632.0,-634.0,-1014.0,121.0,,206.0,161.0,36.0,-846.0,911.0
-676.0,-831.0,-1062.0,243.0,,450.0,17.0,134.0,-756.0,943.0
-706.0,-818.0,-1089.0,416.0,,110.0,-61.0,206.0,-852.0,1058.0
-733.0,-726.0,-1095.0,690.0,,83.0,-74.0,478.0,-683.0,1071.0
-744.0,-725.0,-1090.0,878.0,,45.0,-34.0,635.0,-566.0,1016.0
-765.0,-154.0,-1090.0,917.0,,70.0,88.0,938.0,-212.0,890.0
-791.0,-533.0,-1079.0,947.0,,383.0,199.0,1077.0,-162.0,826.0
-811.0,335.0,-1059.0,977.0,,-83.0,271.0,1164.0,-337.0,916.0
-783.0,790.0,-989.0,978.0,,152.0,294.0,1189.0,-194.0,964.0
-739.0,343.0,-972.0,914.0,,227.0,278.0,1110.0,-119.0,1004.0
-714.0,900.0,-936.0,751.0,,198.0,239.0,1151.0,74.0,1116.0
-685.0,1039.0,-838.0,656.0,,-106.0,218.0,872.0,102.0,1292.0
-619.0,1140.0,-784.0,598.0,,-91.0,243.0,692.0,29.0,1425.0
-513.0,1003.0,-712.0,513.0,,286.0,285.0,389.0,206.0,1668.0
-409.0,777.0,-641.0,489.0,,-100.0,388.0,55.0,324.0,1831.0
-355.0,510.0,-551.0,435.0,,181.0,503.0,-33.0,302.0,1740.0
-286.0,657.0,-495.0,408.0,,75.0,550.0,-238.0,230.0,1886.0
-221.0,163.0,-451.0,407.0,,-56.0,621.0,-145.0,6.0,2166.0
-173.0,-704.0,-407.0,266.0,,-103.0,682.0,-36.0,-38.0,2155.0
-89.0,-513.0,-392.0,65.0,,184.0,634.0,225.0,194.0,1989.0
-53.0,-612.0,-315.0,-60.0,,562.0,508.0,502.0,391.0,2133.0
-13.0,-418.0,-306.0,-23.0,,-216.0,358.0,593.0,403.0,2135.0
11.0,-473.0,-311.0,89.0,,-58.0,268.0,737.0,68.0,1964.0
34.0,-929.0,-270.0,44.0,,344.0,230.0,574.0,14.0,2024.0
32.0,-698.0,-291.0,-170.0,,651.0,243.0,458.0,189.0,1925.0
1.0,-185.0,-290.0,-396.0,,410.0,303.0,197.0,130.0,1783.0
-25.0,-229.0,-314.0,-509.0,,187.0,351.0,-92.0,186.0,1670.0
-104.0,-612.0,-356.0,-494.0,,513.0,401.0,-175.0,-52.0,1548.0
-172.0,-918.0,-362.0,-508.0,,43.0,465.0,-251.0,-243.0,1305.0
-270.0,-1520.0,-398.0,-642.0,,261.0,529.0,-123.0,-109.0,963.0
-364.0,-1417.0,-384.0,-694.0,,342.0,582.0,-129.0,-71.0,819.0
-454.0,-1189.0,-372.0,-581.0,,224.0,668.0,7.0,122.0,812.0
-507.0,-895.0,-359.0,-533.0,,-325.0,744.0,138.0,21.0,763.0
-542.0,-128.0,-327.0,-530.0,,-488.0,719.0,195.0,-223.0,751.0
-568.0,-1.0,-291.0,-384.0,,440.0,665.0,380.0,-200.0,907.0
-561.0,568.0,-214.0,-238.0,,227.0,562.0,415.0,185.0,1015.0
-536.0,1382.0,-147.0,-193.0,,-15.0,402.0,554.0,196.0,1122.0
-482.0,1932.0,-118.0,-115.0,,43.0,258.0,413.0,1.0,1244.0
-459.0,2297.0,-78.0,16.0,,551.0,151.0,229.0,532.0,1343.0
-402.0,2391.0,26.0,80.0,,256.0,76.0,88.0,538.0,1519.0
-386.0,3131.0,50.0,129.0,,-377.0,-26.0,-155.0,599.0,1624.0
-322.0,2279.0,74.0,199.0,,319.0,-52.0,-107.0,877.0,1622.0
-235.0,604.0,131.0,196.0,,618.0,9.0,-155.0,715.0,1621.0
-210.0,94.0,130.0,139.0,,591.0,68.0,-68.0,728.0,1623.0
-160.0,-581.0,120.0,32.0,,-8.0,205.0,29.0,489.0,1558.0
-97.0,-939.0,113.0,-56.0,,109.0,401.0,101.0,520.0,1510.0
-42.0,-1419.0,115.0,-102.0,,498.0,592.0,282.0,679.0,1483.0
-57.0,-1347.0,101.0,-179.0,,424.0,740.0,205.0,339.0,1262.0
-38.0,-978.0,83.0,-294.0,,789.0,779.0,208.0,128.0,1100.0
10.0,-876.0,36.0,-464.0,,467.0,651.0,181.0,367.0,1203.0
40.0,-654.0,20.0,-596.0,,398.0,378.0,288.0,537.0,1127.0
7.0,-819.0,11.0,-699.0,,311.0,158.0,373.0,197.0,886.0
-4.0,-569.0,-19.0,-856.0,,527.0,99.0,275.0,153.0,821.0
-38.0,-812.0,-52.0,-948.0,,492.0,105.0,306.0,255.0,758.0
-109.0,-795.0,-84.0,-892.0,,-162.0,168.0,144.0,302.0,609.0
-114.0,-658.0,-99.0,-722.0,,17.0,280.0,101.0,447.0,489.0
-172.0,-1183.0,-99.0,-572.0,,47.0,314.0,-24.0,383.0,280.0
-210.0,-886.0,-126.0,-475.0,,482.0,323.0,-84.0,402.0,25.0
-252.0,-287.0,-122.0,-324.0,,311.0,380.0,20.0,20.0,-74.0
-224.0,-540.0,-70.0,-181.0,,115.0,406.0,-101.0,-246.0,-45.0
-187.0,-1322.0,-76.0,-98.0,,644.0,415.0,12.0,71.0,-155.0
-167.0,-1266.0,5.0,-29.0,,639.0,455.0,57.0,11.0,-442.0
-87.0,-795.0,92.0,-66.0,,600.0,492.0,134.0,-294.0,-568.0
-23.0,-439.0,137.0,-204.0,,-100.0,539.0,210.0,-328.0,-443.0
61.0,-20.0,203.0,-274.0,,217.0,605.0,240.0,-73.0,-390.0
41.0,926.0,261.0,-212.0,,469.0,619.0,399.0,91.0,-416.0
7.0,1820.0,346.0,-179.0,,-22.0,567.0,229.0,278.0,-281.0
-33.0,1907.0,409.0,-189.0,,284.0,497.0,162.0,465.0,-115.0
-95.0,2146.0,447.0,-85.0,,367.0,423.0,75.0,264.0,79.0
-165.0,2724.0,431.0,-41.0,,425.0,317.0,83.0,585.0,327.0
-273.0,2662.0,435.0,-93.0,,-70.0,171.0,242.0,1042.0,572.0
-309.0,2263.0,422.0,-72.0,,450.0,43.0,199.0,907.0,670.0
-344.0,2634.0,388.0,-79.0,,953.0,-28.0,282.0,1107.0,730.0
-419.0,1837.0,373.0,-186.0,,198.0,-88.0,210.0,1275.0,941.0
-509.0,593.0,320.0,-387.0,,-114.0,-121.0,256.0,1472.0,964.0
-561.0,241.0,283.0,-568.0,,22.0,-78.0,247.0,1769.0,852.0
-598.0,-260.0,218.0,-695.0,,551.0,16.0,114.0,1650.0,796.0
-644.0,-1198.0,165.0,-867.0,,-126.0,155.0,142.0,1569.0,895.0
-702.0,-2218.0,117.0,-996.0,,-16.0,311.0,79.0,1583.0,938.0
-748.0,-2589.0,67.0,-1090.0,,417.0,424.0,303.0,1602.0,877.0
-721.0,-3086.0,18.0,-1142.0,,244.0,505.0,356.0,1504.0,905.0
-684.0,-2899.0,-42.0,-1138.0,,269.0,571.0,325.0,1310.0,842.0
-634.0,-2863.0,-26.0,-1065.0,,-122.0,601.0,267.0,1178.0,835.0
-566.0,-2725.0,-45.0,-934.0,,442.0,617.0,-24.0,1136.0,823.0
-547.0,-2264.0,-19.0,-854.0,,-46.0,559.0,-77.0,1107.0,754.0
-513.0,-2199.0,45.0,-733.0,,173.0,409.0,-184.0,847.0,555.0
-451.0,-991.0,80.0,-588.0,,582.0,260.0,-145.0,269.0,368.0
-407.0,-189.0,173.0,-569.0,,74.0,106.0,-182.0,-90.0,333.0
-373.0,233.0,246.0,-619.0,,-85.0,4.0,-216.0,-76.0,201.0
-339.0,634.0,349.0,-614.0,,-594.0,-18.0,-42.0,-287.0,9.0
-270.0,1539.0,450.0,-500.0,,379.0,47.0,9.0,-486.0,-160.0
-197.0,2013.0,533.0,-391.0,,-94.0,172.0,208.0,-486.0,-181.0
-152.0,1693.0,630.0,-370.0,,-284.0,331.0,203.0,-572.0,-303.0
-171.0,2079.0,692.0,-306.0,,-10.0,546.0,247.0,-550.0,-348.0
-179.0,1758.0,785.0,-248.0,,-268.0,685.0,269.0,-578.0,-296.0
-213.0,1632.0,845.0,-389.0,,106.0,734.0,27.0,-570.0,-295.0
-279.0,1082.0,852.0,-581.0,,-530.0,697.0,-118.0,-457.0,-170.0
-309.0,363.0,879.0,-707.0,,229.0,585.0,-277.0,-508.0,-14.0
-383.0,-3.0,878.0,-867.0,,-279.0,455.0,-140.0,-400.0,74.0
-443.0,-1137.0,880.0,-995.0,,-152.0,249.0,-36.0,-275.0,-76.0
-501.0,-1423.0,850.0,-1076.0,,159.0,63.0,114.0,103.0,-102.0
-542.0,-1539.0,834.0,-1137.0,,-651.0,-52.0,341.0,612.0,-61.0
-552.0,-1755.0,834.0,-1202.0,,201.0,-132.0,280.0,705.0,-233.0
-597.0,-1948.0,815.0,-1237.0,,-159.0,-167.0,288.0,804.0,-489.0
-605.0,-2266.0,811.0,-1176.0,,521.0,-201.0,48.0,945.0,-599.0
-564.0,-1757.0,770.0,-1038.0,,93.0,-224.0,-179.0,1041.0,-624.0
-527.0,-1834.0,730.0,-901.0,,54.0,-275.0,-362.0,1190.0,-758.0
-436.0,-1837.0,654.0,-788.0,,738.0,-287.0,-517.0,1106.0,-838.0
-301.0,-1220.0,621.0,-629.0,,-144.0,-189.0,-467.0,778.0,-929.0
-222.0,-1193.0,579.0,-521.0,,488.0,-106.0,-563.0,877.0,-905.0
-199.0,-1041.0,566.0,-372.0,,-195.0,1.0,-517.0,1088.0,-856.0
-124.0,-792.0,535.0,-130.0,,57.0,158.0,-506.0,911.0,-876.0
-11.0,-610.0,490.0,99.0,,-152.0,176.0,-312.0,755.0,-942.0
74.0,-502.0,518.0,302.0,,-215.0,95.0,-53.0,573.0,-983.0
114.0,-174.0,486.0,377.0,,365.0,46.0,68.0,432.0,-966.0
157.0,388.0,496.0,358.0,,-827.0,-13.0,317.0,383.0,-925.0
250.0,1128.0,455.0,218.0,,-6.0,-79.0,282.0,143.0,-884.0
270.0,983.0,450.0,-8.0,,112.0,-124.0,328.0,-18.0,-1051.0
333.0,-272.0,483.0,-149.0,,408.0,-126.0,275.0,-137.0,-1063.0
288.0,-173.0,495.0,-280.0,,-340.0,-45.0,171.0,-287.0,-875.0
282.0,209.0,518.0,-434.0,,-576.0,81.0,201.0,-237.0,-675.0
414.0,-566.0,518.0,-661.0,,753.0,169.0,24.0,-220.0,-652.0
356.0,-812.0,514.0,-811.0,,-331.0,154.0,-40.0,-253.0,-614.0
377.0,-181.0,464.0,-781.0,,-325.0,109.0,-258.0,-182.0,-384.0
349.0,57.0,460.0,-685.0,,-837.0,102.0,-391.0,-172.0,-340.0
290.0,58.0,402.0,-523.0,,-377.0,160.0,-426.0,-4.0,-324.0
314.0,587.0,316.0,-439.0,,-296.0,268.0,-517.0,62.0,-369.0
265.0,914.0,234.0,-384.0,,-635.0,349.0,-417.0,-210.0,-486.0
228.0,784.0,145.0,-382.0,,191.0,487.0,-424.0,-276.0,-631.0
241.0,423.0,84.0,-368.0,,-811.0,609.0,-297.0,-227.0,-580.0
194.0,308.0,12.0,-275.0,,-240.0,629.0,-260.0,38.0,-496.0
109.0,949.0,-38.0,-243.0,,-325.0,611.0,-288.0,426.0,-692.0
201.0,508.0,-110.0,-103.0,,-16.0,554.0,-256.0,220.0,-811.0
171.0,-71.0,-155.0,142.0,,-363.0,506.0,-317.0,-253.0,-780.0
118.0,224.0,-210.0,349.0,,-1147.0,367.0,-303.0,-17.0,-776.0
186.0,-332.0,-240.0,474.0,,31.0,209.0,-509.0,255.0,-939.0
157.0,-795.0,-232.0,550.0,,-642.0,72.0,-628.0,151.0,-944.0
158.0,-904.0,-249.0,553.0,,-354.0,-179.0,-794.0,393.0,-875.0
212.0,-1075.0,-253.0,471.0,,-944.0,-410.0,-979.0,375.0,-916.0
271.0,-1526.0,-243.0,437.0,,-567.0,-592.0,-914.0,69.0,-907.0
179.0,-2104.0,-220.0,370.0,,-291.0,-772.0,-964.0,374.0,-801.0
168.0,-2779.0,-208.0,256.0,,-1397.0,-867.0,-866.0,607.0,-782.0
321.0,-2806.0,-194.0,160.0,,-477.0,-847.0,-689.0,94.0,-762.0
294.0,-2691.0,-201.0,17.0,,-980.0,-769.0,-465.0,-47.0,-542.0
162.0,-2878.0,-179.0,-126.0,,-434.0,-670.0,-395.0,80.0,-472.0
200.0,-1734.0,-169.0,-189.0,,-747.0,-522.0,-509.0,-14.0,-557.0
310.0,-703.0,-189.0,-240.0,,-478.0,-349.0,-493.0,34.0,-594.0
261.0,-450.0,-181.0,-336.0,,-45.0,-208.0,-559.0,2.0,-379.0
327.0,-138.0,-199.0,-395.0,,-1078.0,-95.0,-467.0,-199.0,-388.0
322.0,1406.0,-214.0,-380.0,,-28.0,6.0,-412.0,-94.0,-496.0
279.0,1544.0,-237.0,-365.0,,-568.0,108.0,-404.0,95.0,-460.0
447.0,1090.0,-246.0,-404.0,,-233.0,180.0,-303.0,-293.0,-534.0
415.0,2452.0,-265.0,-382.0,,-937.0,192.0,-417.0,-748.0,-529.0
293.0,2263.0,-307.0,-364.0,,-1128.0,104.0,-541.0,-587.0,-630.0
305.0,1750.0,-319.0,-376.0,,70.0,-71.0,-776.0,-309.0,-647.0
390.0,1927.0,-345.0,-376.0,,-676.0,-241.0,-840.0,-455.0,-800.0
262.0,2291.0,-343.0,-407.0,,126.0,-369.0,-733.0,-730.0,-905.0
66.0,1748.0,-309.0,-300.0,,-638.0,-443.0,-674.0,-1074.0,-817.0
-22.0,1291.0,-328.0,-177.0,,-77.0,-529.0,-485.0,-795.0,-825.0
-67.0,1269.0,-308.0,-188.0,,126.0,-568.0,-493.0,-646.0,-747.0
-45.0,955.0,-247.0,-190.0,,-446.0,-522.0,-430.0,-763.0,-653.0
-179.0,1092.0,-234.0,-239.0,,300.0,-551.0,-465.0,-648.0,-346.0
-251.0,545.0,-186.0,-428.0,,-900.0,-632.0,-585.0,-937.0,-134.0
-283.0,439.0,-148.0,-496.0,,100.0,-668.0,-570.0,-740.0,-127.0
-190.0,288.0,-82.0,-303.0,,-123.0,-705.0,-722.0,-373.0,-63.0
-218.0,-31.0,1.0,-37.0,,-87.0,-710.0,-818.0,-251.0,44.0
-404.0,-427.0,44.0,136.0,,47.0,-623.0,-1053.0,-533.0,162.0
-356.0,-617.0,158.0,311.0,,-774.0,-461.0,-1116.0,-456.0,282.0
-379.0,-1184.0,233.0,505.0,,454.0,-299.0,-1088.0,-170.0,515.0
-338.0,-1226.0,288.0,511.0,,-470.0,-289.0,-1075.0,-133.0,644.0
-371.0,-196.0,339.0,481.0,,-56.0,-313.0,-822.0,258.0,774.0
-447.0,-494.0,360.0,553.0,,-479.0,-391.0,-777.0,127.0,1001.0
-412.0,-329.0,433.0,625.0,,-636.0,-528.0,-607.0,-5.0,1073.0
-366.0,-386.0,447.0,598.0,,369.0,-610.0,-548.0,37.0,1027.0
-396.0,-205.0,447.0,486.0,,-410.0,-759.0,-550.0,8.0,1010.0
-459.0,-163.0,447.0,408.0,,344.0,-852.0,-439.0,105.0,1035.0
-388.0,-653.0,413.0,364.0,,-767.0,-798.0,-524.0,227.0,924.0
-438.0,-477.0,421.0,349.0,,-368.0,-637.0,-550.0,-161.0,672.0
-377.0,-161.0,372.0,361.0,,177.0,-470.0,-748.0,-106.0,438.0
-368.0,652.0,338.0,321.0,,-137.0,-311.0,-838.0,-33.0,180.0
-426.0,910.0,325.0,292.0,,361.0,-141.0,-916.0,-285.0,-38.0
-357.0,1171.0,286.0,335.0,,-949.0,-37.0,-968.0,400.0,-218.0
-361.0,857.0,276.0,334.0,,109.0,-17.0,-818.0,-181.0,-476.0
-385.0,843.0,204.0,292.0,,85.0,-139.0,-800.0,-438.0,-653.0
-464.0,829.0,165.0,249.0,,174.0,-309.0,-655.0,-171.0,-672.0
-465.0,-70.0,113.0,359.0,,296.0,-414.0,-657.0,-632.0,-635.0
-454.0,-618.0,9.0,526.0,,-732.0,-450.0,-663.0,-26.0,-703.0
-418.0,-994.0,-21.0,509.0,,12.0,-478.0,-668.0,-70.0,-854.0
-415.0,-864.0,-56.0,484.0,,-486.0,-464.0,-772.0,-650.0,-834.0
-499.0,-1194.0,-91.0,474.0,,386.0,-363.0,-787.0,-184.0,-747.0
-504.0,-1367.0,-67.0,446.0,,-150.0,-313.0,-938.0,-72.0,-741.0
-440.0,-1285.0,-55.0,406.0,,-617.0,-287.0,-888.0,-773.0,-735.0
-348.0,-170.0,-12.0,375.0,,247.0,-279.0,-840.0,-506.0,-692.0
-423.0,1223.0,120.0,354.0,,-430.0,-361.0,-772.0,-293.0,-634.0
-460.0,1124.0,174.0,266.0,,347.0,-468.0,-679.0,-495.0,-513.0
-384.0,1474.0,260.0,281.0,,-321.0,-545.0,-766.0,-174.0,-292.0
-416.0,1846.0,385.0,387.0,,7.0,-517.0,-676.0,-345.0,-225.0
-433.0,2204.0,442.0,480.0,,31.0,-423.0,-729.0,-363.0,-178.0
-471.0,2371.0,565.0,494.0,,-453.0,-328.0,-724.0,-102.0,2.0
-419.0,1889.0,651.0,360.0,,602.0,-143.0,-742.0,-1.0,130.0
-295.0,1762.0,676.0,249.0,,-227.0,37.0,-877.0,-139.0,245.0
-265.0,1488.0,699.0,166.0,,233.0,85.0,-814.0,-160.0,249.0
-250.0,983.0,684.0,84.0,,-24.0,74.0,-814.0,-156.0,280.0
-232.0,774.0,664.0,82.0,,149.0,28.0,-652.0,-417.0,423.0
-127.0,5.0,650.0,23.0,,432.0,-81.0,-622.0,-161.0,497.0
-85.0,-578.0,599.0,-157.0,,-525.0,-196.0,-607.0,-243.0,473.0
-47.0,-353.0,533.0,-318.0,,396.0,-320.0,-583.0,-507.0,468.0
2.0,-578.0,476.0,-412.0,,-57.0,-440.0,-667.0,-324.0,515.0
46.0,-407.0,416.0,-505.0,,276.0,-526.0,-480.0,-354.0,407.0
134.0,-309.0,303.0,-575.0,,192.0,-614.0,-519.0,-233.0,374.0
106.0,-511.0,209.0,-624.0,,-101.0,-606.0,-533.0,72.0,278.0
113.0,-511.0,124.0,-683.0,,568.0,-584.0,-600.0,-173.0,71.0
122.0,-573.0,47.0,-632.0,,-35.0,-593.0,-674.0,-236.0,-86.0
203.0,-370.0,23.0,-464.0,,864.0,-472.0,-567.0,-131.0,-340.0
233.0,-420.0,-56.0,-258.0,,389.0,-310.0,-622.0,-350.0,-474.0
209.0,-334.0,-88.0,-103.0,,182.0,-154.0,-436.0,-50.0,-618.0
188.0,-94.0,-103.0,29.0,,516.0,-60.0,-293.0,-377.0,-780.0
128.0,424.0,-155.0,189.0,,219.0,-69.0,-109.0,-550.0,-874.0
228.0,776.0,-172.0,228.0,,966.0,-84.0,12.0,-220.0,-809.0
242.0,627.0,-195.0,246.0,,10.0,-126.0,-55.0,-356.0,-720.0
215.0,642.0,-193.0,278.0,,370.0,-148.0,11.0,-299.0,-545.0
187.0,805.0,-200.0,199.0,,493.0,-135.0,-142.0,-696.0,-177.0
266.0,631.0,-226.0,38.0,,235.0,-154.0,-175.0,-397.0,-18.0
340.0,-86.0,-210.0,-117.0,,634.0,-183.0,-232.0,-258.0,235.0
242.0,80.0,-212.0,-181.0,,3.0,-193.0,-301.0,-602.0,574.0
178.0,302.0,-201.0,-263.0,,990.0,-236.0,-271.0,-452.0,782.0
139.0,158.0,-194.0,-337.0,,467.0,-261.0,-467.0,-513.0,842.0
201.0,869.0,-211.0,-301.0,,354.0,-227.0,-545.0,-347.0,838.0
146.0,1569.0,-185.0,-235.0,,623.0,-264.0,-703.0,-484.0,848.0
43.0,1146.0,-188.0,-162.0,,-194.0,-305.0,-755.0,-372.0,780.0
8.0,1076.0,-210.0,-110.0,,459.0,-253.0,-768.0,-336.0,707.0
61.0,1770.0,-241.0,-95.0,,110.0,-188.0,-788.0,-211.0,633.0
154.0,1151.0,-289.0,-138.0,,676.0,-104.0,-543.0,4.0,419.0
63.0,639.0,-343.0,-197.0,,121.0,-13.0,-443.0,-299.0,105.0
38.0,712.0,-407.0,-195.0,,-494.0,35.0,-284.0,-153.0,8.0
126.0,113.0,-483.0,-120.0,,604.0,31.0,-290.0,59.0,-161.0
200.0,-508.0,-550.0,-51.0,,105.0,-62.0,-358.0,61.0,-515.0
142.0,-690.0,-634.0,-41.0,,386.0,-155.0,-327.0,-206.0,-804.0
103.0,-1289.0,-712.0,-91.0,,-89.0,-238.0,-463.0,-24.0,-1001.0
168.0,-1467.0,-753.0,-58.0,,258.0,-339.0,-504.0,-23.0,-1165.0
264.0,-988.0,-830.0,71.0,,532.0,-355.0,-703.0,-142.0,-1307.0
318.0,-1202.0,-873.0,177.0,,-337.0,-338.0,-783.0,157.0,-1384.0
241.0,-795.0,-944.0,153.0,,454.0,-268.0,-824.0,72.0,-1479.0
312.0,-254.0,-988.0,-6.0,,213.0,-127.0,-877.0,453.0,-1406.0
422.0,-363.0,-984.0,-107.0,,722.0,-15.0,-761.0,158.0,-1165.0
451.0,-799.0,-964.0,-198.0,,269.0,54.0,-820.0,-201.0,-914.0
425.0,-630.0,-879.0,-296.0,,2.0,93.0,-707.0,335.0,-759.0
402.0,-617.0,-845.0,-294.0,,939.0,145.0,-753.0,211.0,-569.0
427.0,-1160.0,-774.0,-121.0,,211.0,222.0,-777.0,262.0,-214.0
405.0,-962.0,-674.0,74.0,,817.0,292.0,-631.0,-44.0,11.0
343.0,-991.0,-601.0,229.0,,526.0,330.0,-506.0,-223.0,187.0
216.0,-713.0,-501.0,433.0,,621.0,341.0,-107.0,121.0,336.0
217.0,-706.0,-391.0,643.0,,544.0,364.0,35.0,-185.0,342.0
231.0,-211.0,-330.0,783.0,,162.0,412.0,212.0,-329.0,493.0
188.0,363.0,-264.0,826.0,,1476.0,472.0,336.0,-250.0,619.0
144.0,309.0,-206.0,912.0,,586.0,548.0,315.0,187.0,559.0
75.0,1163.0,-178.0,922.0,,423.0,610.0,367.0,80.0,606.0
31.0,1496.0,-128.0,811.0,,203.0,632.0,175.0,-136.0,663.0
4.0,1848.0,-161.0,629.0,,553.0,589.0,79.0,-92.0,555.0
18.0,1902.0,-159.0,404.0,,1246.0,525.0,-182.0,91.0,507.0
0.0,2169.0,-145.0,280.0,,306.0,500.0,-412.0,467.0,471.0
25.0,2547.0,-176.0,133.0,,1269.0,467.0,-602.0,-133.0,244.0
64.0,1516.0,-156.0,-3.0,,811.0,447.0,-835.0,59.0,181.0
126.0,595.0,-179.0,-73.0,,827.0,455.0,-750.0,-30.0,285.0
168.0,-37.0,-235.0,-90.0,,999.0,475.0,-657.0,-315.0,189.0
160.0,-321.0,-257.0,-25.0,,678.0,441.0,-291.0,152.0,76.0
145.0,-930.0,-261.0,71.0,,1361.0,343.0,-88.0,6.0,118.0
108.0,-1216.0,-278.0,303.0,,152.0,229.0,-12.0,54.0,-13.0
100.0,-976.0,-242.0,540.0,,758.0,87.0,66.0,-386.0,-229.0
-25.0,-1544.0,-219.0,703.0,,804.0,-28.0,-177.0,-259.0,-135.0
-94.0,-1270.0,-244.0,870.0,,476.0,-77.0,-260.0,-125.0,-73.0
-90.0,-1044.0,-229.0,899.0,,736.0,-97.0,-458.0,-712.0,-197.0
-147.0,-1224.0,-227.0,803.0,,310.0,-173.0,-500.0,-705.0,-148.0
-196.0,-434.0,-240.0,687.0,,1477.0,-271.0,-362.0,-704.0,-29.0
-245.0,-93.0,-230.0,539.0,,869.0,-278.0,-160.0,-513.0,-1.0
-230.0,222.0,-246.0,498.0,,847.0,-182.0,256.0,-365.0,132.0
-180.0,849.0,-259.0,596.0,,678.0,-47.0,439.0,-262.0,226.0
-208.0,853.0,-207.0,612.0,,244.0,115.0,628.0,-205.0,209.0
-262.0,758.0,-195.0,521.0,,834.0,310.0,667.0,40.0,213.0
-275.0,874.0,-191.0,400.0,,192.0,487.0,674.0,181.0,245.0
-239.0,404.0,-170.0,366.0,,949.0,623.0,648.0,184.0,291.0
-170.0,-580.0,-149.0,461.0,,486.0,711.0,452.0,208.0,292.0
-203.0,-856.0,-119.0,489.0,,523.0,765.0,404.0,47.0,284.0
-218.0,-625.0,-75.0,356.0,,885.0,746.0,234.0,191.0,172.0
-174.0,-829.0,-32.0,148.0,,459.0,677.0,184.0,289.0,135.0
-116.0,-1231.0,-38.0,-40.0,,1065.0,612.0,73.0,249.0,165.0
-84.0,-1010.0,-43.0,-144.0,,143.0,549.0,-31.0,-45.0,56.0
-100.0,-532.0,-72.0,-123.0,,928.0,439.0,9.0,-176.0,-69.0
-92.0,-159.0,-88.0,-83.0,,1207.0,270.0,-110.0,-208.0,-258.0
23.0,-286.0,-145.0,-76.0,,793.0,101.0,-77.0,-195.0,-408.0
94.0,-133.0,-224.0,-69.0,,755.0,-129.0,-206.0,-78.0,-575.0
23.0,300.0,-248.0,-76.0,,255.0,-371.0,-267.0,-133.0,-817.0
57.0,-408.0,-302.0,-1.0,,1297.0,-504.0,-168.0,-165.0,-871.0
55.0,-396.0,-300.0,83.0,,394.0,-541.0,-131.0,-370.0,-799.0
79.0,409.0,-309.0,124.0,,425.0,-494.0,107.0,-230.0,-840.0
40.0,95.0,-345.0,172.0,,536.0,-364.0,194.0,138.0,-859.0
-92.0,-815.0,-337.0,212.0,,-49.0,-161.0,332.0,204.0,-624.0
-101.0,-1250.0,-354.0,191.0,,367.0,38.0,413.0,9.0,-427.0
-49.0,-1197.0,-352.0,166.0,,-167.0,182.0,352.0,-327.0,-241.0
-81.0,-894.0,-323.0,253.0,,740.0,311.0,347.0,-47.0,37.0
-159.0,-1027.0,-294.0,269.0,,-146.0,357.0,201.0,151.0,127.0
-60.0,-2036.0,-277.0,274.0,,-313.0,246.0,171.0,-41.0,220.0
-16.0,-2265.0,-258.0,309.0,,820.0,80.0,14.0,7.0,462.0
-18.0,-1189.0,-218.0,325.0,,446.0,-56.0,-53.0,-258.0,561.0
-74.0,-1121.0,-174.0,396.0,,648.0,-183.0,-59.0,-249.0,484.0
-120.0,-1434.0,-149.0,411.0,,-415.0,-344.0,-92.0,-225.0,580.0
-55.0,-809.0,-109.0,425.0,,498.0,-476.0,144.0,-121.0,643.0
-8.0,-549.0,-67.0,461.0,,683.0,-534.0,256.0,-148.0,622.0
9.0,15.0,-91.0,421.0,,-304.0,-489.0,563.0,-484.0,769.0
-2.0,82.0,-122.0,238.0,,-22.0,-322.0,722.0,-137.0,935.0
0.0,-184.0,-144.0,24.0,,-390.0,-132.0,742.0,106.0,884.0
-30.0,-204.0,-192.0,-76.0,,588.0,24.0,840.0,234.0,732.0
-52.0,-377.0,-257.0,-141.0,,-154.0,88.0,727.0,12.0,927.0
-111.0,183.0,-275.0,-249.0,,-70.0,90.0,790.0,84.0,864.0
-180.0,569.0,-276.0,-368.0,,298.0,29.0,689.0,496.0,598.0
-235.0,590.0,-266.0,-411.0,,-657.0,-74.0,696.0,386.0,591.0
-213.0,181.0,-235.0,-456.0,,66.0,-175.0,757.0,652.0,534.0
-196.0,855.0,-232.0,-458.0,,-59.0,-295.0,733.0,542.0,373.0
-276.0,1181.0,-199.0,-335.0,,633.0,-442.0,903.0,510.0,163.0
-332.0,-319.0,-145.0,-245.0,,-120.0,-556.0,875.0,685.0,232.0
-303.0,-545.0,-122.0,-184.0,,-546.0,-526.0,918.0,97.0,91.0
-251.0,-601.0,-110.0,-145.0,,514.0,-463.0,818.0,-23.0,-168.0
-271.0,-643.0,-67.0,-225.0,,-77.0,-408.0,735.0,-113.0,-108.0
-284.0,-326.0,-59.0,-224.0,,239.0,-379.0,696.0,-285.0,-149.0
-289.0,-87.0,-47.0,-83.0,,-510.0,-413.0,497.0,-141.0,-274.0
-211.0,38.0,-17.0,21.0,,166.0,-478.0,539.0,48.0,-179.0
-183.0,-324.0,-37.0,35.0,,611.0,-562.0,489.0,-43.0,-52.0
-184.0,458.0,-62.0,10.0,,-223.0,-564.0,611.0,-259.0,-203.0
-157.0,890.0,-95.0,93.0,,719.0,-517.0,670.0,-20.0,-216.0
-86.0,1059.0,-102.0,118.0,,-138.0,-446.0,665.0,-164.0,-132.0
21.0,785.0,-91.0,162.0,,133.0,-388.0,827.0,-210.0,-168.0
28.0,508.0,-88.0,421.0,,204.0,-332.0,798.0,-97.0,-223.0
1.0,1173.0,-105.0,668.0,,252.0,-251.0,988.0,-97.0,-223.0
36.0,224.0,-116.0,823.0,,726.0,-210.0,977.0,-180.0,-231.0
144.0,285.0,-120.0,909.0,,-1059.0,-206.0,938.0,-17.0,-387.0
177.0,494.0,-144.0,900.0,,-158.0,-225.0,968.0,384.0,-606.0
230.0,577.0,-151.0,844.0,,434.0,-252.0,918.0,517.0,-672.0
249.0,1428.0,-181.0,810.0,,563.0,-299.0,1112.0,567.0,-669.0
291.0,704.0,-188.0,765.0,,444.0,-381.0,1075.0,306.0,-859.0
370.0,503.0,-150.0,690.0,,-789.0,-524.0,1147.0,543.0,-981.0
409.0,707.0,-130.0,605.0,,558.0,-640.0,1213.0,906.0,-965.0
448.0,435.0,-119.0,497.0,,258.0,-705.0,1234.0,662.0,-825.0
469.0,191.0,-91.0,357.0,,78.0,-799.0,1263.0,422.0,-785.0
541.0,462.0,-75.0,271.0,,85.0,-920.0,1103.0,419.0,-761.0
579.0,537.0,-105.0,376.0,,-548.0,-1045.0,1134.0,578.0,-528.0
583.0,324.0,-104.0,487.0,,472.0,-1065.0,1019.0,725.0,-402.0
566.0,369.0,-73.0,460.0,,16.0,-1013.0,999.0,289.0,-174.0
649.0,308.0,-69.0,374.0,,557.0,-999.0,1005.0,121.0,258.0
725.0,445.0,-78.0,253.0,,54.0,-1005.0,873.0,540.0,471.0
766.0,146.0,-85.0,252.0,,-822.0,-964.0,864.0,320.0,518.0
835.0,510.0,-62.0,286.0,,400.0,-897.0,763.0,290.0,738.0
851.0,1221.0,-22.0,211.0,,50.0,-806.0,838.0,158.0,908.0
847.0,591.0,-20.0,213.0,,366.0,-668.0,923.0,82.0,1073.0
829.0,-9.0,4.0,337.0,,-123.0,-513.0,1066.0,283.0,1224.0
791.0,618.0,38.0,425.0,,-400.0,-342.0,1223.0,164.0,1198.0
688.0,451.0,76.0,424.0,,711.0,-258.0,1210.0,511.0,1086.0
622.0,-564.0,123.0,384.0,,484.0,-272.0,1321.0,145.0,1039.0
541.0,-584.0,139.0,277.0,,501.0,-353.0,1215.0,157.0,1182.0
512.0,-803.0,186.0,125.0,,-62.0,-455.0,1119.0,329.0,1113.0
477.0,-1218.0,196.0,98.0,,-218.0,-458.0,1008.0,224.0,940.0
441.0,-933.0,180.0,193.0,,249.0,-444.0,861.0,711.0,771.0
494.0,-297.0,159.0,164.0,,216.0,-491.0,951.0,122.0,646.0
481.0,32.0,137.0,124.0,,346.0,-502.0,966.0,183.0,580.0
423.0,153.0,81.0,144.0,,-98.0,-456.0,1112.0,536.0,383.0
324.0,967.0,15.0,51.0,,-385.0,-478.0,1167.0,724.0,344.0
305.0,1470.0,7.0,20.0,,1.0,-509.0,1125.0,1035.0,196.0
319.0,848.0,-16.0,-4.0,,436.0,-521.0,1112.0,906.0,77.0
238.0,909.0,-36.0,-156.0,,182.0,-640.0,1040.0,1017.0,118.0
130.0,1181.0,-62.0,-412.0,,-89.0,-769.0,1132.0,1081.0,74.0
133.0,1468.0,-65.0,-635.0,,-102.0,-875.0,1099.0,1125.0,68.0
182.0,1907.0,-27.0,-552.0,,173.0,-1001.0,1095.0,717.0,-17.0
120.0,988.0,18.0,-356.0,,706.0,-1107.0,1069.0,552.0,-52.0
0.0,1115.0,38.0,-162.0,,81.0,-1155.0,1095.0,414.0,-94.0
-49.0,2138.0,75.0,54.0,,-185.0,-1162.0,1245.0,105.0,-86.0
34.0,2227.0,133.0,178.0,,-221.0,-1195.0,1189.0,181.0,-41.0
63.0,1882.0,139.0,271.0,,123.0,-1174.0,1173.0,333.0,0.0
-28.0,1557.0,160.0,328.0,,840.0,-1075.0,984.0,212.0,182.0
-38.0,1244.0,186.0,420.0,,-341.0,-920.0,853.0,-60.0,205.0
7.0,1202.0,197.0,601.0,,-632.0,-751.0,689.0,102.0,187.0
-33.0,1304.0,202.0,662.0,,-307.0,-613.0,445.0,298.0,258.0
-129.0,377.0,203.0,608.0,,-43.0,-500.0,489.0,186.0,411.0
-160.0,-373.0,219.0,630.0,,500.0,-459.0,476.0,23.0,487.0
-103.0,-845.0,237.0,620.0,,-579.0,-427.0,729.0,-131.0,463.0
-91.0,-845.0,237.0,327.0,,-344.0,-408.0,910.0,-259.0,599.0
-81.0,-1267.0,255.0,-66.0,,49.0,-431.0,1019.0,-67.0,528.0
-16.0,-2423.0,253.0,-299.0,,-246.0,-458.0,1228.0,34.0,434.0
61.0,-2361.0,231.0,-410.0,,445.0,-412.0,1128.0,-274.0,561.0
26.0,-1717.0,239.0,-401.0,,-363.0,-268.0,1189.0,-425.0,451.0
-64.0,-1774.0,206.0,-360.0,,-399.0,-113.0,1210.0,-133.0,365.0
-63.0,-2066.0,202.0,-370.0,,126.0,5.0,1263.0,54.0,308.0
-24.0,-888.0,201.0,-305.0,,45.0,73.0,1341.0,-153.0,182.0
32.0,135.0,142.0,-138.0,,732.0,144.0,1287.0,-348.0,234.0
-15.0,456.0,127.0,-12.0,,-379.0,121.0,1310.0,98.0,205.0
38.0,928.0,134.0,-39.0,,-341.0,14.0,1116.0,355.0,124.0
84.0,1595.0,126.0,-33.0,,363.0,-76.0,968.0,114.0,27.0
36.0,1981.0,104.0,34.0,,-354.0,-201.0,750.0,352.0,65.0
85.0,2219.0,90.0,-34.0,,686.0,-307.0,593.0,664.0,218.0
120.0,2461.0,57.0,-8.0,,336.0,-363.0,533.0,780.0,238.0
195.0,1964.0,7.0,27.0,,-122.0,-324.0,410.0,445.0,215.0
191.0,1682.0,-40.0,-96.0,,28.0,-250.0,524.0,282.0,191.0
178.0,1056.0,-124.0,-233.0,,-561.0,-174.0,473.0,661.0,240.0
141.0,1338.0,-184.0,-360.0,,725.0,-95.0,522.0,645.0,232.0
107.0,939.0,-263.0,-458.0,,95.0,-68.0,642.0,429.0,302.0
27.0,-196.0,-347.0,-629.0,,-373.0,-20.0,809.0,503.0,224.0
-116.0,-94.0,-407.0,-854.0,,372.0,52.0,1182.0,831.0,114.0
-146.0,-760.0,-497.0,-990.0,,-390.0,195.0,1243.0,741.0,244.0
-176.0,-974.0,-541.0,-953.0,,219.0,377.0,1332.0,393.0,211.0
-202.0,-956.0,-634.0,-710.0,,-266.0,486.0,1260.0,779.0,202.0
-313.0,-477.0,-703.0,-339.0,,-392.0,547.0,1097.0,607.0,250.0
-377.0,-2.0,-714.0,-13.0,,167.0,566.0,1003.0,45.0,239.0
-380.0,-407.0,-791.0,162.0,,-360.0,560.0,772.0,522.0,122.0
-463.0,-443.0,-816.0,245.0,,483.0,538.0,707.0,827.0,42.0
-534.0,-691.0,-827.0,350.0,,-158.0,501.0,497.0,638.0,46.0
-559.0,-1148.0,-820.0,415.0,,-379.0,424.0,417.0,235.0,59.0
-606.0,-1255.0,-791.0,334.0,,1.0,299.0,386.0,43.0,41.0
-617.0,-144.0,-769.0,186.0,,-578.0,211.0,349.0,669.0,3.0
-604.0,284.0,-712.0,-86.0,,0.0,177.0,489.0,660.0,-8.0
-606.0,-441.0,-665.0,-293.0,,-375.0,143.0,506.0,-326.0,-96.0
-561.0,651.0,-638.0,-313.0,,-55.0,135.0,678.0,-382.0,-22.0
-545.0,1351.0,-620.0,-332.0,,229.0,225.0,648.0,-11.0,85.0
-482.0,389.0,-575.0,-301.0,,-348.0,381.0,678.0,-90.0,159.0
-400.0,231.0,-556.0,-239.0,,291.0,471.0,757.0,-181.0,195.0
-328.0,868.0,-589.0,-237.0,,47.0,449.0,552.0,-265.0,390.0
-287.0,-16.0,-608.0,-315.0,,-133.0,416.0,408.0,-255.0,773.0
-215.0,-1111.0,-627.0,-373.0,,-244.0,403.0,155.0,-337.0,955.0
-176.0,340.0,-676.0,-348.0,,-444.0,387.0,116.0,-142.0,1122.0
-227.0,76.0,-734.0,-403.0,,-165.0,398.0,64.0,98.0,1291.0
-203.0,-799.0,-777.0,-454.0,,-512.0,475.0,112.0,-133.0,1490.0
-178.0,-146.0,-819.0,-285.0,,-271.0,558.0,301.0,-526.0,1634.0
-161.0,-433.0,-821.0,-134.0,,-269.0,572.0,243.0,-327.0,1773.0
-168.0,-486.0,-828.0,-165.0,,-441.0,592.0,349.0,161.0,1836.0
-211.0,-360.0,-863.0,-185.0,,-204.0,633.0,245.0,152.0,1626.0
-219.0,-231.0,-813.0,-121.0,,-176.0,670.0,145.0,-29.0,1512.0
-152.0,-1046.0,-773.0,-76.0,,-16.0,671.0,48.0,-142.0,1481.0
-208.0,-1464.0,-737.0,-37.0,,-584.0,586.0,-116.0,185.0,1385.0
-291.0,-897.0,-695.0,58.0,,-888.0,455.0,-120.0,646.0,1177.0
-174.0,-950.0,-626.0,179.0,,-701.0,332.0,-332.0,659.0,1031.0
-73.0,-1546.0,-532.0,364.0,,-397.0,300.0,-360.0,447.0,992.0
-114.0,-2308.0,-507.0,404.0,,12.0,339.0,-465.0,343.0,799.0
-136.0,-1229.0,-432.0,264.0,,-505.0,379.0,-454.0,359.0,680.0
-80.0,182.0,-343.0,257.0,,-650.0,437.0,-214.0,584.0,742.0
-51.0,-239.0,-253.0,342.0,,-106.0,525.0,-38.0,328.0,735.0
22.0,-498.0,-200.0,83.0,,147.0,635.0,293.0,-178.0,624.0
77.0,580.0,-175.0,-404.0,,-404.0,793.0,384.0,-173.0,604.0
97.0,1121.0,-145.0,-591.0,,-823.0,955.0,554.0,79.0,677.0
173.0,1339.0,-130.0,-636.0,,-202.0,1087.0,580.0,377.0,623.0
276.0,1214.0,-141.0,-626.0,,-179.0,1239.0,439.0,0.0,519.0
279.0,379.0,-166.0,-470.0,,-484.0,1373.0,367.0,-409.0,498.0
297.0,603.0,-168.0,-297.0,,-468.0,1443.0,27.0,-615.0,391.0
417.0,370.0,-181.0,-204.0,,-289.0,1436.0,-129.0,-365.0,167.0
448.0,-88.0,-186.0,-252.0,,-98.0,1371.0,-345.0,-366.0,-42.0
441.0,-25.0,-187.0,-388.0,,-526.0,1316.0,-556.0,-871.0,-119.0
414.0,-1007.0,-142.0,-422.0,,-766.0,1218.0,-692.0,-926.0,-191.0
411.0,-1547.0,-143.0,-280.0,,-252.0,1059.0,-820.0,-1217.0,-382.0
396.0,-402.0,-154.0,-257.0,,-37.0,916.0,-740.0,-405.0,-562.0
334.0,-75.0,-134.0,-363.0,,-661.0,773.0,-785.0,17.0,-723.0
252.0,-1051.0,-98.0,-394.0,,-700.0,638.0,-692.0,-726.0,-834.0
179.0,-473.0,-39.0,-376.0,,-265.0,492.0,-661.0,-644.0,-970.0
176.0,767.0,-49.0,-425.0,,-256.0,370.0,-615.0,-273.0,-1153.0
128.0,-29.0,-10.0,-577.0,,-356.0,284.0,-402.0,110.0,-1312.0
87.0,-501.0,18.0,-657.0,,-400.0,256.0,-225.0,0.0,-1541.0
22.0,635.0,8.0,-549.0,,36.0,357.0,142.0,-301.0,-1688.0
-54.0,109.0,-40.0,-414.0,,-189.0,449.0,312.0,-343.0,-1737.0
-92.0,-503.0,-101.0,-336.0,,-1048.0,553.0,367.0,-184.0,-1904.0
-133.0,-620.0,-161.0,-268.0,,-611.0,710.0,234.0,131.0,-2001.0
-184.0,-606.0,-266.0,-189.0,,-161.0,849.0,-131.0,195.0,-2010.0
-318.0,-911.0,-328.0,-69.0,,-519.0,945.0,-474.0,-60.0,-1876.0
-361.0,-2100.0,-380.0,-60.0,,-575.0,968.0,-883.0,-301.0,-1615.0
-322.0,-1151.0,-456.0,-159.0,,-1142.0,955.0,-1055.0,-11.0,-1441.0
-320.0,-975.0,-546.0,-261.0,,-966.0,879.0,-1269.0,308.0,-1187.0
-379.0,-1047.0,-618.0,-302.0,,-146.0,775.0,-1356.0,-230.0,-919.0
-433.0,-477.0,-671.0,-320.0,,-696.0,671.0,-1306.0,-767.0,-716.0
-339.0,68.0,-698.0,-449.0,,-342.0,492.0,-1308.0,-346.0,-602.0
-275.0,732.0,-731.0,-695.0,,-292.0,319.0,-1025.0,-102.0,-464.0
-243.0,282.0,-751.0,-990.0,,-999.0,207.0,-934.0,-179.0,-357.0
-210.0,1329.0,-734.0,-1083.0,,-204.0,181.0,-822.0,-219.0,-362.0
-107.0,1505.0,-712.0,-1035.0,,-384.0,267.0,-694.0,-339.0,-295.0
-7.0,1188.0,-663.0,-1027.0,,-463.0,329.0,-654.0,-72.0,-242.0
21.0,1549.0,-674.0,-959.0,,-313.0,340.0,-437.0,132.0,-110.0
85.0,1335.0,-663.0,-698.0,,-1256.0,336.0,-273.0,-15.0,32.0
94.0,683.0,-626.0,-343.0,,-365.0,322.0,-48.0,47.0,153.0
180.0,-791.0,-628.0,-129.0,,129.0,295.0,-35.0,-1.0,292.0
284.0,-1221.0,-586.0,27.0,,-656.0,241.0,-27.0,-199.0,393.0
375.0,-1624.0,-551.0,151.0,,-598.0,266.0,-131.0,87.0,456.0
427.0,-2060.0,-525.0,279.0,,-929.0,340.0,-471.0,387.0,498.0
431.0,-2316.0,-507.0,468.0,,-366.0,389.0,-770.0,301.0,570.0
462.0,-2432.0,-495.0,645.0,,206.0,454.0,-1285.0,-60.0,535.0
473.0,-2051.0,-421.0,739.0,,-699.0,510.0,-1574.0,245.0,397.0
510.0,-2069.0,-349.0,626.0,,-552.0,506.0,-1868.0,576.0,336.0
434.0,-1849.0,-315.0,370.0,,-190.0,483.0,-2097.0,76.0,331.0
354.0,-1389.0,-289.0,9.0,,-93.0,415.0,-2069.0,-60.0,205.0
317.0,-660.0,-248.0,-318.0,,-85.0,235.0,-2039.0,254.0,40.0
271.0,-436.0,-193.0,-476.0,,-948.0,35.0,-1757.0,228.0,-126.0
186.0,216.0,-200.0,-591.0,,-565.0,-148.0,-1548.0,-234.0,-239.0
86.0,1415.0,-218.0,-672.0,,-252.0,-257.0,-1186.0,-139.0,-267.0
117.0,1568.0,-209.0,-663.0,,-957.0,-307.0,-800.0,-125.0,-298.0
130.0,1621.0,-220.0,-633.0,,-653.0,-329.0,-548.0,-201.0,-429.0
62.0,1781.0,-249.0,-560.0,,-751.0,-277.0,-247.0,65.0,-562.0
0.0,1753.0,-258.0,-366.0,,-598.0,-150.0,-304.0,83.0,-518.0
25.0,1189.0,-263.0,-227.0,,-453.0,70.0,-434.0,-139.0,-508.0
75.0,752.0,-304.0,-162.0,,-1596.0,250.0,-722.0,-484.0,-525.0
55.0,487.0,-332.0,-84.0,,-689.0,339.0,-1019.0,-469.0,-525.0
-24.0,81.0,-336.0,-30.0,,164.0,308.0,-1149.0,-484.0,-452.0
-57.0,-533.0,-306.0,57.0,,-744.0,203.0,-1298.0,-455.0,-381.0
3.0,-1342.0,-236.0,245.0,,-570.0,87.0,-1295.0,-665.0,-232.0
16.0,-1503.0,-222.0,547.0,,-553.0,-85.0,-1452.0,-790.0,-65.0
-44.0,-1894.0,-213.0,775.0,,137.0,-197.0,-1485.0,-684.0,-73.0
-62.0,-2493.0,-135.0,880.0,,582.0,-294.0,-1518.0,-928.0,160.0
13.0,-2375.0,-120.0,824.0,,-663.0,-404.0,-1526.0,-746.0,436.0
30.0,-1756.0,-164.0,560.0,,-300.0,-417.0,-1352.0,-686.0,613.0
4.0,-1769.0,-194.0,340.0,,22.0,-370.0,-1428.0,-829.0,811.0
33.0,-1569.0,-233.0,284.0,,-219.0,-303.0,-1372.0,-726.0,1064.0
137.0,-931.0,-251.0,332.0,,292.0,-176.0,-1367.0,-377.0,1336.0
220.0,-936.0,-304.0,296.0,,-220.0,-67.0,-1300.0,-174.0,1362.0
189.0,-725.0,-327.0,166.0,,6.0,-81.0,-1189.0,-305.0,1238.0
192.0,196.0,-310.0,170.0,,235.0,-127.0,-1239.0,42.0,1084.0
235.0,1205.0,-356.0,207.0,,-1043.0,-180.0,-1197.0,-52.0,895.0
274.0,768.0,-388.0,121.0,,-371.0,-222.0,-1289.0,-106.0,664.0
253.0,642.0,-394.0,-3.0,,620.0,-185.0,-1217.0,262.0,386.0
267.0,1208.0,-349.0,-184.0,,-15.0,-90.0,-1225.0,204.0,-20.0
283.0,856.0,-337.0,-357.0,,-79.0,-28.0,-1334.0,448.0,-430.0
292.0,226.0,-356.0,-446.0,,-432.0,-20.0,-1407.0,221.0,-728.0
344.0,-185.0,-307.0,-462.0,,-253.0,35.0,-1564.0,-14.0,-845.0
322.0,-78.0,-273.0,-451.0,,681.0,87.0,-1478.0,392.0,-895.0
370.0,-376.0,-229.0,-420.0,,-8.0,-23.0,-1426.0,525.0,-978.0
406.0,-939.0,-191.0,-358.0,,-273.0,-188.0,-1274.0,346.0,-943.0
430.0,-1009.0,-187.0,-338.0,,74.0,-370.0,-1147.0,451.0,-837.0
434.0,-661.0,-124.0,-301.0,,-556.0,-545.0,-1079.0,721.0,-615.0
421.0,-568.0,-47.0,-235.0,,-466.0,-598.0,-925.0,619.0,-538.0
382.0,-276.0,10.0,-117.0,,-320.0,-650.0,-979.0,839.0,-494.0
290.0,-45.0,100.0,2.0,,-415.0,-712.0,-923.0,718.0,-455.0
287.0,2.0,228.0,9.0,,-87.0,-718.0,-960.0,131.0,-437.0
205.0,742.0,310.0,-126.0,,-713.0,-730.0,-947.0,49.0,-301.0
168.0,1143.0,353.0,-339.0,,-453.0,-755.0,-855.0,-73.0,-375.0
190.0,1615.0,438.0,-350.0,,503.0,-725.0,-995.0,48.0,-415.0
174.0,1574.0,520.0,-258.0,,-214.0,-613.0,-1040.0,-95.0,-475.0
165.0,1141.0,556.0,-179.0,,-378.0,-507.0,-1149.0,-617.0,-548.0
116.0,1089.0,537.0,-32.0,,-241.0,-373.0,-1167.0,-293.0,-619.0
73.0,984.0,565.0,154.0,,-254.0,-218.0,-1145.0,-221.0,-752.0
11.0,183.0,595.0,260.0,,468.0,-110.0,-1199.0,-543.0,-788.0
-20.0,-768.0,567.0,131.0,,-246.0,-33.0,-1130.0,-779.0,-1002.0
-89.0,-60.0,548.0,-37.0,,-479.0,-14.0,-1160.0,-727.0,-1210.0
-187.0,-31.0,507.0,-76.0,,245.0,14.0,-1160.0,-627.0,-1334.0
-189.0,-913.0,494.0,-169.0,,-429.0,26.0,-1298.0,-802.0,-1425.0
-196.0,-1314.0,463.0,-363.0,,0.0,-12.0,-1252.0,-502.0,-1471.0
-234.0,-1236.0,418.0,-456.0,,311.0,-9.0,-1097.0,-464.0,-1485.0
-321.0,-1219.0,443.0,-401.0,,-273.0,21.0,-1215.0,-739.0,-1368.0
-354.0,-1640.0,460.0,-273.0,,313.0,52.0,-1178.0,-632.0,-1318.0
-258.0,-1079.0,426.0,-182.0,,-328.0,24.0,-1250.0,-337.0,-1201.0
-300.0,-283.0,404.0,-24.0,,-582.0,-35.0,-1147.0,-202.0,-858.0
-331.0,324.0,397.0,280.0,,521.0,-111.0,-1055.0,-218.0,-609.0
-326.0,651.0,394.0,453.0,,204.0,-152.0,-1079.0,-364.0,-529.0
-319.0,962.0,381.0,406.0,,-22.0,-116.0,-957.0,-19.0,-397.0
-365.0,630.0,316.0,218.0,,-194.0,-126.0,-1079.0,252.0,-315.0
-502.0,635.0,297.0,65.0,,-171.0,-198.0,-1038.0,-179.0,-318.0
-516.0,2045.0,303.0,-11.0,,1031.0,-266.0,-1042.0,-504.0,-329.0
-511.0,2345.0,269.0,-97.0,,426.0,-277.0,-933.0,-648.0,-313.0
-510.0,2222.0,261.0,-217.0,,-388.0,-270.0,-691.0,-347.0,-324.0
-630.0,1809.0,250.0,-396.0,,390.0,-218.0,-519.0,-71.0,-406.0
-615.0,1682.0,282.0,-574.0,,225.0,-168.0,-177.0,-30.0,-416.0
-558.0,1495.0,286.0,-714.0,,372.0,-199.0,-72.0,-340.0,-419.0
-671.0,362.0,269.0,-754.0,,99.0,-228.0,90.0,-413.0,-391.0
-732.0,-521.0,302.0,-660.0,,-321.0,-265.0,86.0,-12.0,-384.0
-750.0,-1249.0,281.0,-510.0,,842.0,-275.0,-14.0,-34.0,-397.0
-712.0,-1388.0,274.0,-402.0,,252.0,-293.0,-46.0,32.0,-374.0
-740.0,-2492.0,248.0,-304.0,,-494.0,-391.0,-234.0,-119.0,-380.0
-684.0,-2648.0,229.0,-186.0,,187.0,-509.0,-234.0,-271.0,-527.0
-636.0,-2015.0,232.0,-118.0,,306.0,-560.0,-452.0,117.0,-698.0
-642.0,-2101.0,159.0,-38.0,,676.0,-540.0,-508.0,259.0,-661.0
-616.0,-859.0,79.0,97.0,,154.0,-458.0,-454.0,-22.0,-765.0
-586.0,-172.0,38.0,261.0,,-149.0,-359.0,-487.0,11.0,-871.0
-509.0,600.0,-12.0,387.0,,1143.0,-282.0,-345.0,399.0,-763.0
-472.0,679.0,-59.0,419.0,,620.0,-146.0,-389.0,177.0,-631.0
-470.0,1293.0,-94.0,342.0,,60.0,-25.0,-245.0,287.0,-579.0
-472.0,2397.0,-140.0,138.0,,530.0,58.0,-214.0,635.0,-600.0
-389.0,1629.0,-131.0,-62.0,,-28.0,79.0,-186.0,149.0,-541.0
-304.0,1599.0,-137.0,-159.0,,478.0,21.0,-79.0,19.0,-516.0
-329.0,1636.0,-122.0,-180.0,,423.0,10.0,-199.0,247.0,-424.0
-329.0,2000.0,-68.0,-317.0,,-270.0,-10.0,-245.0,138.0,-245.0
-250.0,831.0,-28.0,-572.0,,738.0,-40.0,-461.0,0.0,-97.0
-248.0,-154.0,40.0,-716.0,,345.0,-78.0,-456.0,-41.0,-34.0
-259.0,27.0,93.0,-635.0,,-421.0,-151.0,-432.0,-111.0,33.0
-266.0,-517.0,178.0,-404.0,,318.0,-198.0,-460.0,-82.0,240.0
-190.0,-202.0,236.0,-270.0,,200.0,-205.0,-400.0,-194.0,407.0
-99.0,-808.0,249.0,-144.0,,287.0,-194.0,-561.0,121.0,498.0
-81.0,-762.0,300.0,-62.0,,213.0,-165.0,-480.0,322.0,458.0
-23.0,-816.0,373.0,-79.0,,-801.0,-101.0,-489.0,-133.0,448.0
27.0,-760.0,433.0,-77.0,,92.0,-49.0,-384.0,-278.0,544.0
162.0,-122.0,462.0,-100.0,,582.0,-22.0,-177.0,-281.0,602.0
206.0,577.0,525.0,-150.0,,-247.0,-98.0,-118.0,-267.0,536.0
221.0,1618.0,605.0,-257.0,,286.0,-275.0,79.0,-586.0,430.0
286.0,1614.0,640.0,-314.0,,63.0,-416.0,-16.0,-531.0,442.0
347.0,2317.0,687.0,-333.0,,148.0,-557.0,-72.0,-35.0,374.0
391.0,1730.0,732.0,-328.0,,855.0,-727.0,-162.0,188.0,246.0
404.0,914.0,733.0,-267.0,,-220.0,-790.0,-284.0,-33.0,134.0
485.0,603.0,686.0,-238.0,,148.0,-705.0,-334.0,-272.0,17.0
558.0,-31.0,615.0,-167.0,,620.0,-620.0,-530.0,126.0,-175.0
657.0,-153.0,553.0,-65.0,,-428.0,-581.0,-545.0,262.0,-442.0
705.0,-576.0,499.0,-38.0,,51.0,-510.0,-692.0,5.0,-587.0
729.0,2.0,463.0,4.0,,213.0,-410.0,-692.0,150.0,-730.0
759.0,403.0,386.0,122.0,,475.0,-361.0,-637.0,556.0,-935.0
790.0,278.0,334.0,250.0,,747.0,-395.0,-626.0,372.0,-1077.0
784.0,204.0,341.0,424.0,,-583.0,-403.0,-367.0,349.0,-1177.0
708.0,622.0,318.0,497.0,,-2.0,-398.0,-242.0,567.0,-1263.0
696.0,902.0,286.0,463.0,,651.0,-446.0,48.0,514.0,-1342.0
701.0,415.0,312.0,414.0,,-332.0,-418.0,247.0,575.0,-1265.0
667.0,80.0,369.0,346.0,,-265.0,-342.0,371.0,708.0,-1057.0
637.0,-318.0,399.0,352.0,,-176.0,-307.0,574.0,853.0,-969.0
621.0,-189.0,457.0,339.0,,239.0,-284.0,559.0,802.0,-812.0
557.0,-399.0,529.0,321.0,,463.0,-292.0,548.0,906.0,-491.0
514.0,-834.0,555.0,359.0,,-412.0,-261.0,380.0,1011.0,-249.0
522.0,-354.0,576.0,384.0,,-155.0,-148.0,312.0,811.0,-91.0
512.0,139.0,585.0,389.0,,146.0,14.0,194.0,825.0,143.0
422.0,9.0,594.0,516.0,,-214.0,137.0,-20.0,1096.0,354.0
373.0,-87.0,630.0,626.0,,-332.0,162.0,-77.0,963.0,318.0
375.0,-14.0,606.0,551.0,,-433.0,77.0,-260.0,953.0,302.0
329.0,176.0,556.0,582.0,,159.0,-91.0,-249.0,978.0,409.0
280.0,81.0,569.0,634.0,,-6.0,-252.0,-312.0,527.0,269.0
251.0,-54.0,540.0,657.0,,-632.0,-380.0,-341.0,197.0,-28.0
267.0,12.0,496.0,643.0,,-2.0,-481.0,-230.0,-167.0,-187.0
239.0,-302.0,491.0,451.0,,7.0,-596.0,-157.0,-171.0,-291.0
235.0,32.0,424.0,156.0,,356.0,-686.0,136.0,-455.0,-535.0
229.0,-19.0,368.0,-120.0,,517.0,-776.0,203.0,-963.0,-683.0
246.0,-205.0,309.0,-161.0,,-476.0,-901.0,271.0,-1085.0,-638.0
305.0,221.0,203.0,-103.0,,442.0,-961.0,253.0,-1049.0,-678.0
330.0,819.0,170.0,20.0,,235.0,-967.0,138.0,-735.0,-689.0
336.0,1120.0,142.0,164.0,,-795.0,-828.0,190.0,-709.0,-512.0
373.0,829.0,110.0,141.0,,277.0,-573.0,88.0,-194.0,-255.0
427.0,1180.0,123.0,98.0,,-286.0,-371.0,134.0,210.0,-140.0
399.0,1341.0,115.0,120.0,,-400.0,-216.0,49.0,130.0,-12.0
409.0,1220.0,130.0,199.0,,361.0,-104.0,-27.0,149.0,220.0
319.0,815.0,151.0,260.0,,-761.0,-58.0,-22.0,600.0,275.0
218.0,511.0,147.0,325.0,,124.0,-67.0,-73.0,1069.0,325.0
220.0,165.0,195.0,407.0,,562.0,-99.0,46.0,563.0,525.0
221.0,-248.0,232.0,456.0,,-789.0,-135.0,-3.0,801.0,667.0
167.0,-905.0,239.0,486.0,,20.0,-200.0,83.0,947.0,651.0
111.0,-1652.0,259.0,453.0,,-709.0,-286.0,88.0,618.0,698.0
184.0,-1166.0,288.0,383.0,,-599.0,-317.0,94.0,679.0,843.0
172.0,-1420.0,282.0,340.0,,953.0,-344.0,182.0,548.0,853.0
104.0,-1196.0,270.0,331.0,,-1049.0,-405.0,20.0,610.0,778.0
77.0,-518.0,262.0,310.0,,-459.0,-441.0,64.0,328.0,815.0
109.0,-405.0,253.0,170.0,,411.0,-432.0,-42.0,-78.0,867.0
159.0,-214.0,248.0,25.0,,-1421.0,-415.0,-97.0,-2.0,778.0
239.0,319.0,220.0,59.0,,271.0,-363.0,-59.0,66.0,738.0
298.0,1153.0,220.0,153.0,,-392.0,-225.0,-92.0,-307.0,715.0
246.0,332.0,219.0,155.0,,-1692.0,-101.0,75.0,-368.0,574.0
254.0,285.0,185.0,95.0,,835.0,7.0,142.0,-195.0,393.0
265.0,1061.0,151.0,155.0,,-1216.0,98.0,334.0,-533.0,374.0
216.0,783.0,127.0,331.0,,-1391.0,136.0,388.0,-646.0,332.0
146.0,382.0,93.0,333.0,,1266.0,118.0,376.0,-269.0,83.0
140.0,47.0,77.0,174.0,,-1327.0,83.0,375.0,-100.0,-98.0
100.0,505.0,28.0,79.0,,-530.0,67.0,194.0,-301.0,-234.0
-35.0,644.0,-60.0,124.0,,198.0,52.0,162.0,-325.0,-344.0
-142.0,93.0,-89.0,225.0,,-1987.0,0.0,22.0,-165.0,-483.0
-207.0,120.0,-131.0,342.0,,916.0,-138.0,-18.0,137.0,-538.0
-246.0,67.0,-150.0,508.0,,-6.0,-201.0,-64.0,224.0,-597.0
-315.0,-265.0,-115.0,552.0,,-2245.0,-196.0,-83.0,61.0,-723.0
-364.0,187.0,-78.0,575.0,,879.0,-152.0,20.0,355.0,-684.0
-386.0,502.0,-27.0,653.0,,-736.0,-85.0,-18.0,644.0,-637.0
-380.0,-173.0,18.0,557.0,,-1471.0,-59.0,203.0,573.0,-565.0
-432.0,-109.0,69.0,404.0,,790.0,8.0,345.0,497.0,-443.0
-534.0,225.0,154.0,266.0,,-1469.0,48.0,500.0,176.0,-184.0
-579.0,-369.0,185.0,113.0,,-481.0,102.0,652.0,-100.0,70.0
-621.0,-488.0,195.0,47.0,,505.0,177.0,652.0,81.0,274.0
-638.0,-322.0,265.0,-17.0,,-1941.0,218.0,820.0,99.0,453.0
-673.0,-384.0,289.0,-70.0,,177.0,292.0,768.0,105.0,536.0
-683.0,266.0,302.0,-98.0,,521.0,336.0,801.0,66.0,643.0
-723.0,984.0,300.0,-112.0,,-1562.0,292.0,827.0,69.0,701.0
-788.0,697.0,249.0,41.0,,151.0,266.0,753.0,355.0,734.0
-775.0,86.0,254.0,172.0,,-203.0,311.0,683.0,119.0,689.0
-757.0,-77.0,224.0,152.0,,-1235.0,359.0,413.0,-262.0,665.0
-711.0,88.0,141.0,150.0,,436.0,386.0,319.0,-444.0,614.0
-639.0,-238.0,124.0,242.0,,-260.0,355.0,177.0,-738.0,551.0
-548.0,-1179.0,75.0,290.0,,-810.0,322.0,199.0,-1092.0,483.0
-468.0,-1142.0,-7.0,171.0,,107.0,402.0,304.0,-879.0,326.0
-385.0,-745.0,-53.0,54.0,,-541.0,512.0,347.0,-640.0,244.0
-303.0,-708.0,-91.0,3.0,,-526.0,565.0,622.0,-1007.0,221.0
-321.0,-506.0,-138.0,-12.0,,98.0,560.0,720.0,-1096.0,214.0
-317.0,-456.0,-155.0,-43.0,,-116.0,509.0,870.0,-936.0,124.0
-249.0,-215.0,-131.0,-72.0,,-310.0,489.0,820.0,-665.0,183.0
-237.0,34.0,-125.0,-29.0,,-161.0,507.0,665.0,-734.0,347.0
-276.0,1111.0,-51.0,79.0,,-340.0,559.0,578.0,-934.0,430.0
-276.0,1642.0,36.0,234.0,,-382.0,643.0,310.0,-704.0,568.0
-251.0,1237.0,43.0,269.0,,122.0,647.0,282.0,-374.0,725.0
-257.0,1448.0,82.0,141.0,,-522.0,605.0,138.0,-72.0,794.0
-251.0,877.0,149.0,13.0,,-969.0,550.0,123.0,86.0,808.0
-255.0,638.0,151.0,-27.0,,-27.0,495.0,155.0,143.0,886.0
-241.0,-86.0,154.0,-10.0,,-499.0,573.0,101.0,-40.0,886.0
-175.0,-930.0,172.0,142.0,,-792.0,729.0,288.0,26.0,861.0
-141.0,-166.0,151.0,346.0,,59.0,852.0,321.0,465.0,860.0
-146.0,193.0,126.0,519.0,,-600.0,945.0,554.0,468.0,770.0
-125.0,-625.0,97.0,698.0,,-333.0,1011.0,748.0,71.0,554.0
-59.0,-1203.0,81.0,688.0,,158.0,1036.0,903.0,2.0,373.0
-88.0,-329.0,54.0,570.0,,-874.0,1031.0,1079.0,306.0,295.0
-105.0,-292.0,29.0,441.0,,-106.0,1019.0,1023.0,181.0,180.0
-51.0,-624.0,-32.0,373.0,,67.0,1022.0,994.0,-289.0,86.0
-38.0,-217.0,-97.0,295.0,,-1323.0,1075.0,753.0,-316.0,-40.0
-50.0,405.0,-134.0,24.0,,-621.0,1141.0,635.0,-158.0,-161.0
-72.0,571.0,-220.0,-207.0,,-51.0,1179.0,482.0,-257.0,-179.0
-56.0,35.0,-276.0,-388.0,,-422.0,1167.0,325.0,-167.0,-198.0
-99.0,510.0,-343.0,-567.0,,39.0,1036.0,362.0,-2.0,-344.0
-116.0,746.0,-411.0,-733.0,,-457.0,914.0,290.0,-44.0,-505.0
-147.0,622.0,-437.0,-896.0,,-964.0,841.0,436.0,-201.0,-589.0
-204.0,303.0,-469.0,-989.0,,-157.0,725.0,497.0,-269.0,-671.0
-203.0,561.0,-486.0,-1038.0,,-49.0,660.0,526.0,-130.0,-711.0
-218.0,1024.0,-468.0,-993.0,,-783.0,670.0,594.0,102.0,-715.0
-253.0,-198.0,-449.0,-803.0,,-632.0,780.0,624.0,297.0,-728.0
-309.0,378.0,-429.0,-557.0,,263.0,942.0,792.0,158.0,-730.0
-271.0,1395.0,-363.0,-308.0,,-689.0,1062.0,737.0,205.0,-629.0
-332.0,123.0,-275.0,-52.0,,-1254.0,1237.0,735.0,304.0,-520.0
-418.0,-459.0,-231.0,85.0,,183.0,1435.0,606.0,231.0,-471.0
-426.0,246.0,-204.0,112.0,,-638.0,1637.0,463.0,229.0,-348.0
-471.0,302.0,-153.0,84.0,,-787.0,1835.0,530.0,71.0,-164.0
-547.0,-1121.0,-126.0,8.0,,570.0,1949.0,395.0,-85.0,24.0
-574.0,-628.0,-127.0,-38.0,,-1389.0,1990.0,413.0,158.0,193.0
-550.0,776.0,-100.0,-97.0,,-1110.0,1951.0,343.0,627.0,322.0
-613.0,246.0,-82.0,-131.0,,687.0,1874.0,345.0,237.0,442.0
-582.0,840.0,-72.0,-11.0,,-1833.0,1739.0,448.0,-72.0,645.0
-583.0,1649.0,-60.0,76.0,,-945.0,1537.0,458.0,151.0,804.0
-612.0,1152.0,-79.0,-44.0,,826.0,1341.0,585.0,177.0,808.0
-571.0,694.0,-110.0,-138.0,,-1856.0,1130.0,522.0,181.0,915.0
-493.0,1632.0,-156.0,-134.0,,-164.0,948.0,674.0,25.0,1084.0
-460.0,1795.0,-215.0,-135.0,,1106.0,799.0,744.0,56.0,1122.0
-475.0,409.0,-310.0,-148.0,,-2105.0,702.0,800.0,-95.0,1102.0
-379.0,715.0,-374.0,-144.0,,-306.0,674.0,1001.0,-49.0,1090.0
-363.0,868.0,-438.0,-85.0,,884.0,638.0,990.0,443.0,976.0
-371.0,-517.0,-530.0,-64.0,,-1660.0,596.0,1128.0,343.0,783.0
-360.0,-1331.0,-584.0,-158.0,,237.0,546.0,1151.0,-111.0,681.0
-345.0,-975.0,-625.0,-319.0,,387.0,522.0,1197.0,29.0,508.0
-353.0,-1233.0,-619.0,-482.0,,-1710.0,525.0,1162.0,542.0,239.0
-330.0,-1325.0,-633.0,-550.0,,358.0,599.0,1141.0,621.0,84.0
-261.0,-1111.0,-646.0,-448.0,,-139.0,730.0,1260.0,464.0,64.0
-271.0,-1874.0,-625.0,-334.0,,-1431.0,864.0,1169.0,338.0,17.0
-230.0,-2028.0,-586.0,-307.0,,1014.0,1028.0,1178.0,447.0,-34.0
-184.0,-1653.0,-529.0,-318.0,,325.0,1176.0,947.0,443.0,-36.0
-198.0,-1918.0,-482.0,-374.0,,-1404.0,1305.0,709.0,265.0,-115.0
-230.0,-1823.0,-398.0,-469.0,,641.0,1340.0,600.0,192.0,-143.0
-214.0,-477.0,-334.0,-605.0,,364.0,1317.0,471.0,30.0,-41.0
-201.0,-31.0,-312.0,-771.0,,-1087.0,1290.0,641.0,-1.0,30.0
-198.0,-106.0,-243.0,-898.0,,548.0,1146.0,698.0,276.0,-4.0
-175.0,363.0,-174.0,-875.0,,35.0,997.0,770.0,696.0,35.0
-172.0,621.0,-108.0,-817.0,,-939.0,920.0,768.0,545.0,142.0
-166.0,65.0,-63.0,-830.0,,581.0,850.0,720.0,219.0,134.0
-94.0,136.0,-36.0,-808.0,,-64.0,792.0,838.0,246.0,134.0
-1.0,1487.0,-6.0,-702.0,,-1114.0,741.0,914.0,426.0,159.0
35.0,868.0,-13.0,-571.0,,553.0,654.0,1134.0,484.0,167.0
138.0,99.0,-10.0,-447.0,,589.0,517.0,1112.0,45.0,159.0
261.0,265.0,-49.0,-352.0,,-622.0,340.0,1008.0,-155.0,172.0
321.0,-163.0,-65.0,-365.0,,666.0,138.0,790.0,90.0,228.0
356.0,-314.0,-86.0,-352.0,,397.0,-28.0,473.0,187.0,217.0
446.0,-366.0,-157.0,-266.0,,-1169.0,-172.0,471.0,92.0,239.0
479.0,-387.0,-193.0,-170.0,,440.0,-280.0,406.0,-29.0,285.0
463.0,-362.0,-245.0,-50.0,,1039.0,-382.0,585.0,-297.0,255.0
543.0,-174.0,-296.0,92.0,,-778.0,-443.0,724.0,-157.0,276.0
562.0,-48.0,-314.0,189.0,,201.0,-313.0,735.0,239.0,353.0
559.0,-788.0,-340.0,263.0,,1331.0,-140.0,761.0,17.0,399.0
611.0,-1430.0,-364.0,418.0,,-463.0,-26.0,641.0,-146.0,424.0
630.0,-248.0,-349.0,459.0,,69.0,54.0,709.0,15.0,417.0
599.0,577.0,-363.0,276.0,,861.0,109.0,705.0,370.0,424.0
612.0,-27.0,-364.0,-3.0,,-1106.0,160.0,805.0,602.0,440.0
672.0,752.0,-341.0,-262.0,,110.0,137.0,909.0,109.0,434.0
645.0,869.0,-313.0,-411.0,,1591.0,89.0,958.0,-372.0,415.0
605.0,376.0,-284.0,-411.0,,-715.0,29.0,1106.0,-78.0,368.0
613.0,1005.0,-279.0,-284.0,,22.0,-55.0,1032.0,223.0,299.0
541.0,354.0,-252.0,-158.0,,1792.0,-127.0,1023.0,212.0,208.0
483.0,-275.0,-265.0,33.0,,-600.0,-177.0,923.0,202.0,149.0
464.0,-335.0,-302.0,279.0,,-116.0,-231.0,801.0,-25.0,22.0
348.0,528.0,-359.0,355.0,,1953.0,-319.0,646.0,30.0,-104.0
291.0,885.0,-419.0,317.0,,-577.0,-397.0,347.0,403.0,-113.0
341.0,-133.0,-507.0,312.0,,-462.0,-479.0,225.0,493.0,-72.0
305.0,-176.0,-586.0,350.0,,2084.0,-533.0,7.0,241.0,-63.0
176.0,-31.0,-623.0,380.0,,-42.0,-560.0,-64.0,-131.0,-119.0
164.0,882.0,-679.0,317.0,,-736.0,-579.0,-136.0,-389.0,-109.0
145.0,525.0,-700.0,290.0,,1573.0,-607.0,-297.0,-276.0,-104.0
0.0,-441.0,-727.0,304.0,,133.0,-727.0,-203.0,20.0,-147.0
-84.0,-590.0,-729.0,273.0,,-237.0,-834.0,-136.0,-345.0,-193.0
-93.0,-823.0,-679.0,290.0,,2175.0,-894.0,110.0,-647.0,-243.0
-142.0,196.0,-605.0,245.0,,115.0,-880.0,303.0,-422.0,-350.0
-194.0,-381.0,-558.0,152.0,,-903.0,-838.0,480.0,-196.0,-479.0
-142.0,-1561.0,-491.0,114.0,,2009.0,-835.0,672.0,-200.0,-596.0
-101.0,-1312.0,-395.0,86.0,,374.0,-797.0,639.0,-365.0,-735.0
-54.0,-891.0,-299.0,67.0,,-765.0,-811.0,698.0,-64.0,-786.0
16.0,131.0,-202.0,74.0,,2233.0,-813.0,539.0,178.0,-813.0
35.0,63.0,-127.0,3.0,,819.0,-818.0,367.0,190.0,-839.0
43.0,-444.0,-3.0,-98.0,,-404.0,-868.0,201.0,258.0,-878.0
94.0,1215.0,41.0,-106.0,,2218.0,-938.0,70.0,466.0,-873.0
148.0,1874.0,101.0,-85.0,,711.0,-1040.0,153.0,601.0,-785.0
121.0,1281.0,156.0,-103.0,,-574.0,-1098.0,186.0,650.0,-738.0
129.0,1158.0,161.0,-158.0,,2058.0,-1176.0,436.0,792.0,-712.0
169.0,333.0,191.0,-187.0,,899.0,-1148.0,558.0,951.0,-621.0
167.0,663.0,158.0,-234.0,,-421.0,-981.0,668.0,1032.0,-504.0
151.0,871.0,149.0,-262.0,,2050.0,-798.0,689.0,528.0,-449.0
120.0,-205.0,159.0,-221.0,,1032.0,-604.0,413.0,353.0,-334.0
90.0,-893.0,141.0,-121.0,,-248.0,-451.0,304.0,720.0,-143.0
82.0,-960.0,74.0,1.0,,2186.0,-320.0,59.0,753.0,13.0
102.0,-1284.0,62.0,69.0,,1164.0,-289.0,-64.0,268.0,149.0
116.0,-1153.0,55.0,136.0,,-632.0,-373.0,-121.0,40.0,352.0
115.0,-551.0,37.0,154.0,,1988.0,-465.0,-55.0,251.0,557.0
174.0,-1671.0,20.0,72.0,,1710.0,-564.0,164.0,365.0,600.0
208.0,-1140.0,-12.0,0.0,,-500.0,-707.0,131.0,149.0,583.0
183.0,45.0,-27.0,-102.0,,1761.0,-893.0,194.0,-161.0,656.0
220.0,-24.0,-102.0,-255.0,,1552.0,-1084.0,184.0,-39.0,744.0
273.0,317.0,-165.0,-442.0,,-459.0,-1206.0,358.0,-134.0,806.0
285.0,983.0,-236.0,-724.0,,2036.0,-1222.0,504.0,-233.0,871.0
308.0,1628.0,-301.0,-954.0,,1876.0,-1212.0,480.0,-230.0,866.0
406.0,876.0,-395.0,-1038.0,,-646.0,-1168.0,604.0,-235.0,871.0
452.0,1190.0,-482.0,-896.0,,1380.0,-1118.0,519.0,-486.0,933.0
480.0,592.0,-517.0,-721.0,,1777.0,-1102.0,491.0,-779.0,966.0
573.0,-495.0,-517.0,-668.0,,-442.0,-1067.0,295.0,-626.0,886.0
629.0,-416.0,-530.0,-509.0,,1777.0,-1058.0,140.0,-508.0,769.0
650.0,-599.0,-547.0,-255.0,,2266.0,-1051.0,73.0,-593.0,752.0
679.0,141.0,-473.0,48.0,,-288.0,-983.0,-64.0,-1021.0,697.0
743.0,-565.0,-456.0,321.0,,2101.0,-887.0,77.0,-1040.0,616.0
806.0,-487.0,-422.0,443.0,,2967.0,-717.0,120.0,-597.0,592.0
842.0,151.0,-361.0,375.0,,-194.0,-557.0,321.0,-193.0,535.0
823.0,169.0,-354.0,191.0,,1243.0,-497.0,497.0,-110.0,337.0
797.0,434.0,-313.0,90.0,,2712.0,-431.0,585.0,-298.0,129.0
774.0,354.0,-300.0,-20.0,,10.0,-375.0,617.0,-172.0,-37.0
753.0,462.0,-296.0,-230.0,,846.0,-373.0,284.0,152.0,-290.0
672.0,-223.0,-276.0,-422.0,,2443.0,-426.0,175.0,271.0,-441.0
631.0,314.0,-276.0,-498.0,,-101.0,-539.0,173.0,547.0,-532.0
677.0,80.0,-288.0,-348.0,,571.0,-622.0,334.0,693.0,-614.0
646.0,-1354.0,-329.0,-86.0,,2637.0,-696.0,497.0,545.0,-610.0
624.0,-1374.0,-329.0,-25.0,,171.0,-773.0,476.0,1083.0,-603.0
594.0,-794.0,-342.0,-37.0,,297.0,-743.0,532.0,1161.0,-473.0
581.0,-697.0,-378.0,64.0,,2644.0,-678.0,375.0,839.0,-269.0
525.0,-1439.0,-379.0,152.0,,452.0,-574.0,232.0,730.0,-144.0
502.0,-1265.0,-390.0,264.0,,450.0,-431.0,11.0,616.0,-101.0
505.0,-708.0,-368.0,505.0,,3282.0,-341.0,-96.0,860.0,-74.0
437.0,-570.0,-353.0,730.0,,807.0,-276.0,-1.0,742.0,-76.0
382.0,-438.0,-310.0,781.0,,-332.0,-283.0,-48.0,468.0,-190.0
311.0,-97.0,-225.0,833.0,,2955.0,-313.0,36.0,128.0,-227.0
218.0,70.0,-132.0,916.0,,1630.0,-353.0,12.0,-69.0,-296.0
55.0,585.0,-56.0,882.0,,-108.0,-379.0,42.0,82.0,-423.0
-4.0,528.0,27.0,775.0,,2245.0,-331.0,88.0,57.0,-419.0
-48.0,118.0,121.0,569.0,,1176.0,-311.0,60.0,-264.0,-406.0
-107.0,681.0,167.0,272.0,,-335.0,-283.0,118.0,-678.0,-398.0
-127.0,829.0,219.0,-16.0,,2195.0,-306.0,-24.0,-390.0,-381.0
-171.0,1693.0,263.0,-269.0,,1440.0,-428.0,5.0,-33.0,-194.0
-193.0,1462.0,314.0,-454.0,,-630.0,-548.0,-25.0,-182.0,-56.0
-250.0,831.0,356.0,-499.0,,1700.0,-640.0,-73.0,-174.0,-43.0
-279.0,398.0,370.0,-387.0,,1838.0,-668.0,-9.0,-170.0,50.0
-376.0,-695.0,365.0,-386.0,,-112.0,-612.0,-133.0,-282.0,145.0
-429.0,-441.0,343.0,-506.0,,1666.0,-514.0,-22.0,-167.0,248.0
-414.0,-990.0,330.0,-527.0,,1736.0,-398.0,31.0,-71.0,279.0
-460.0,-1305.0,296.0,-484.0,,-542.0,-221.0,48.0,-315.0,411.0
-498.0,-1152.0,241.0,-339.0,,1121.0,-54.0,31.0,-702.0,463.0
-492.0,-1219.0,201.0,-181.0,,2170.0,59.0,-125.0,-726.0,465.0
-464.0,-1324.0,143.0,-61.0,,2.0,146.0,-166.0,-337.0,545.0
-510.0,-1675.0,63.0,22.0,,537.0,187.0,-249.0,-243.0,597.0
-508.0,-1204.0,3.0,138.0,,1625.0,249.0,-133.0,-585.0,579.0
-475.0,-959.0,-34.0,306.0,,300.0,291.0,-12.0,-912.0,439.0
-483.0,-713.0,-81.0,322.0,,749.0,205.0,131.0,-948.0,485.0
-473.0,-341.0,-171.0,254.0,,1679.0,58.0,262.0,-835.0,543.0
-493.0,-88.0,-172.0,155.0,,258.0,-79.0,254.0,-707.0,602.0
-506.0,26.0,-152.0,38.0,,322.0,-235.0,351.0,-590.0,587.0
-427.0,-8.0,-169.0,-86.0,,1759.0,-314.0,153.0,-670.0,623.0
-366.0,-511.0,-173.0,-165.0,,1046.0,-310.0,48.0,-644.0,857.0
-392.0,-536.0,-212.0,-121.0,,459.0,-302.0,-73.0,-340.0,905.0
-358.0,-670.0,-207.0,-207.0,,970.0,-299.0,-243.0,-258.0,871.0
-235.0,-835.0,-184.0,-528.0,,621.0,-367.0,-251.0,-584.0,828.0
-195.0,-249.0,-157.0,-821.0,,868.0,-420.0,-484.0,-746.0,821.0
-218.0,-1256.0,-145.0,-842.0,,1466.0,-372.0,-480.0,-673.0,713.0
-187.0,-988.0,-112.0,-705.0,,325.0,-255.0,-504.0,-403.0,598.0
-137.0,-613.0,-74.0,-577.0,,-18.0,-95.0,-441.0,-429.0,542.0
-123.0,-923.0,-31.0,-418.0,,1254.0,71.0,-291.0,-838.0,437.0
-130.0,159.0,49.0,-287.0,,949.0,272.0,-264.0,-606.0,465.0
-103.0,316.0,104.0,-142.0,,33.0,425.0,-72.0,-512.0,645.0
-113.0,150.0,186.0,38.0,,284.0,460.0,-114.0,-457.0,826.0
-171.0,256.0,246.0,167.0,,394.0,451.0,-94.0,-278.0,772.0
-247.0,750.0,290.0,223.0,,503.0,457.0,-142.0,-516.0,805.0
-316.0,1.0,374.0,214.0,,845.0,437.0,-190.0,-578.0,987.0
-312.0,-502.0,399.0,197.0,,225.0,417.0,-184.0,-578.0,957.0
-273.0,28.0,374.0,259.0,,-44.0,475.0,-362.0,-362.0,864.0
-311.0,10.0,407.0,366.0,,473.0,465.0,-349.0,-285.0,807.0
-370.0,539.0,389.0,359.0,,-93.0,433.0,-430.0,-602.0,711.0
-315.0,135.0,371.0,307.0,,-25.0,394.0,-256.0,-737.0,538.0
-269.0,-232.0,329.0,278.0,,538.0,302.0,-22.0,-466.0,358.0
-272.0,-55.0,253.0,131.0,,-747.0,289.0,46.0,-91.0,321.0
-270.0,196.0,213.0,-144.0,,-922.0,289.0,158.0,158.0,226.0
-258.0,-149.0,137.0,-363.0,,653.0,374.0,-64.0,69.0,21.0
-203.0,-401.0,134.0,-460.0,,147.0,540.0,-94.0,-79.0,15.0
-135.0,127.0,133.0,-446.0,,-797.0,690.0,-158.0,125.0,9.0
-130.0,-224.0,114.0,-326.0,,223.0,832.0,-245.0,161.0,-172.0
-132.0,681.0,109.0,-210.0,,10.0,892.0,-171.0,324.0,-317.0
-75.0,951.0,87.0,-145.0,,-681.0,871.0,-254.0,9.0,-260.0
-58.0,144.0,115.0,-199.0,,496.0,785.0,-194.0,-336.0,-258.0
-96.0,-66.0,175.0,-280.0,,48.0,695.0,-277.0,-161.0,-381.0
-149.0,-324.0,182.0,-332.0,,-1149.0,603.0,-169.0,0.0,-299.0
-147.0,-165.0,146.0,-478.0,,358.0,478.0,-36.0,56.0,-234.0
-190.0,-649.0,137.0,-575.0,,512.0,350.0,-92.0,-356.0,-259.0
-287.0,-1399.0,128.0,-535.0,,-1244.0,240.0,-12.0,-213.0,-355.0
-330.0,-1710.0,74.0,-379.0,,141.0,132.0,-92.0,36.0,-327.0
-368.0,-939.0,24.0,-187.0,,820.0,5.0,-55.0,127.0,-273.0
-405.0,-745.0,-1.0,-32.0,,-1481.0,-88.0,-151.0,284.0,-445.0
-461.0,-818.0,-84.0,176.0,,-193.0,-166.0,-286.0,402.0,-378.0
-494.0,-159.0,-126.0,433.0,,1577.0,-131.0,-478.0,459.0,-276.0
-535.0,-73.0,-162.0,660.0,,-1297.0,26.0,-779.0,252.0,-273.0
-564.0,244.0,-234.0,755.0,,-1435.0,151.0,-811.0,448.0,-275.0
-548.0,651.0,-255.0,695.0,,1192.0,238.0,-1006.0,500.0,-210.0
-532.0,934.0,-362.0,581.0,,-781.0,286.0,-1025.0,307.0,-111.0
-488.0,276.0,-422.0,437.0,,-1579.0,393.0,-947.0,143.0,-107.0
-438.0,205.0,-436.0,289.0,,1132.0,544.0,-916.0,37.0,84.0
-413.0,355.0,-530.0,157.0,,-456.0,585.0,-829.0,54.0,153.0
-412.0,-514.0,-567.0,153.0,,-2056.0,550.0,-914.0,-57.0,127.0
-354.0,-555.0,-604.0,247.0,,801.0,556.0,-752.0,-246.0,136.0
-325.0,-151.0,-610.0,210.0,,275.0,583.0,-678.0,-256.0,131.0
-328.0,250.0,-571.0,72.0,,-1784.0,546.0,-672.0,-188.0,91.0
-262.0,226.0,-557.0,-109.0,,619.0,487.0,-607.0,-131.0,-152.0
-223.0,313.0,-519.0,-238.0,,308.0,380.0,-681.0,113.0,-266.0
-221.0,403.0,-464.0,-319.0,,-2193.0,330.0,-713.0,201.0,-402.0
-219.0,338.0,-413.0,-432.0,,265.0,358.0,-816.0,144.0,-694.0
-157.0,-291.0,-354.0,-437.0,,761.0,355.0,-744.0,149.0,-925.0
-113.0,-384.0,-273.0,-279.0,,-2187.0,358.0,-772.0,324.0,-1010.0
-109.0,314.0,-188.0,-93.0,,-450.0,330.0,-800.0,325.0,-1083.0
-79.0,-370.0,-110.0,41.0,,945.0,259.0,-703.0,275.0,-1300.0
-91.0,-13.0,-76.0,149.0,,-1873.0,173.0,-705.0,235.0,-1258.0
-83.0,598.0,-43.0,156.0,,-900.0,119.0,-552.0,152.0,-1020.0
-36.0,769.0,35.0,104.0,,1063.0,148.0,-524.0,393.0,-985.0
-22.0,871.0,69.0,71.0,,-1518.0,219.0,-338.0,371.0,-861.0
-56.0,447.0,68.0,43.0,,-1376.0,238.0,-223.0,276.0,-445.0
-49.0,1140.0,87.0,23.0,,936.0,197.0,-249.0,166.0,-100.0
-29.0,1209.0,103.0,-23.0,,-749.0,133.0,-188.0,-67.0,75.0
-49.0,912.0,96.0,-28.0,,-1530.0,40.0,-323.0,44.0,322.0
-46.0,666.0,72.0,-48.0,,-57.0,-43.0,-238.0,157.0,651.0
10.0,243.0,42.0,-117.0,,-947.0,-163.0,-339.0,-210.0,727.0
47.0,608.0,12.0,-86.0,,-1235.0,-321.0,-550.0,-621.0,720.0
48.0,628.0,-55.0,6.0,,83.0,-458.0,-720.0,-467.0,904.0
99.0,307.0,-130.0,27.0,,-1021.0,-528.0,-1010.0,-65.0,870.0
138.0,19.0,-168.0,41.0,,-1689.0,-548.0,-1053.0,-82.0,657.0
206.0,-377.0,-248.0,203.0,,-104.0,-511.0,-1116.0,-199.0,610.0
285.0,-280.0,-338.0,359.0,,-477.0,-427.0,-990.0,-35.0,602.0
298.0,-71.0,-418.0,370.0,,-1558.0,-317.0,-885.0,1.0,409.0
301.0,139.0,-491.0,416.0,,-855.0,-158.0,-883.0,217.0,287.0
313.0,904.0,-524.0,591.0,,-807.0,-35.0,-779.0,284.0,344.0
276.0,943.0,-583.0,729.0,,-856.0,83.0,-790.0,146.0,292.0
204.0,373.0,-651.0,754.0,,30.0,155.0,-676.0,221.0,204.0
169.0,170.0,-682.0,688.0,,-507.0,146.0,-744.0,331.0,214.0
154.0,15.0,-683.0,476.0,,-1078.0,148.0,-748.0,578.0,260.0
105.0,-649.0,-700.0,262.0,,-225.0,76.0,-641.0,535.0,161.0
42.0,-693.0,-680.0,155.0,,-381.0,-80.0,-626.0,365.0,77.0
44.0,315.0,-651.0,62.0,,-496.0,-225.0,-537.0,235.0,63.0
25.0,-186.0,-658.0,-34.0,,-70.0,-304.0,-692.0,276.0,-73.0
-22.0,-671.0,-629.0,-159.0,,-1151.0,-342.0,-667.0,415.0,-209.0
-57.0,-219.0,-604.0,-289.0,,-1066.0,-419.0,-637.0,157.0,-246.0
-85.0,44.0,-589.0,-435.0,,543.0,-479.0,-609.0,-110.0,-251.0
-125.0,-11.0,-597.0,-584.0,,-396.0,-497.0,-574.0,-240.0,-330.0
-166.0,-610.0,-648.0,-658.0,,-1342.0,-512.0,-792.0,-114.0,-321.0
-178.0,169.0,-716.0,-626.0,,27.0,-483.0,-750.0,32.0,-221.0
-218.0,791.0,-737.0,-513.0,,-628.0,-465.0,-816.0,-112.0,-179.0
-245.0,289.0,-794.0,-417.0,,-1578.0,-414.0,-759.0,-354.0,-221.0
-277.0,292.0,-878.0,-253.0,,-88.0,-372.0,-604.0,-465.0,-240.0
-331.0,799.0,-917.0,-89.0,,-885.0,-417.0,-489.0,-139.0,-243.0
-361.0,907.0,-937.0,29.0,,-2282.0,-426.0,-149.0,123.0,-347.0
-358.0,279.0,-932.0,143.0,,-213.0,-434.0,-44.0,-54.0,-398.0
-404.0,848.0,-916.0,269.0,,-102.0,-450.0,142.0,-357.0,-390.0
-479.0,2079.0,-854.0,368.0,,-1768.0,-511.0,153.0,-242.0,-409.0
-484.0,1915.0,-786.0,321.0,,-578.0,-554.0,-11.0,151.0,-415.0
-484.0,678.0,-709.0,183.0,,-818.0,-564.0,-212.0,149.0,-360.0
-536.0,535.0,-617.0,19.0,,-1759.0,-680.0,-569.0,16.0,-342.0
-606.0,1328.0,-504.0,-89.0,,535.0,-744.0,-633.0,89.0,-324.0
-605.0,936.0,-409.0,-190.0,,249.0,-760.0,-646.0,177.0,-246.0
-584.0,405.0,-335.0,-256.0,,-2649.0,-785.0,-384.0,185.0,-87.0
-579.0,987.0,-252.0,-221.0,,-1112.0,-768.0,-171.0,380.0,98.0
-574.0,1225.0,-176.0,-128.0,,891.0,-750.0,-168.0,395.0,130.0
-584.0,764.0,-98.0,14.0,,-1139.0,-757.0,-88.0,183.0,149.0
-539.0,8.0,-93.0,159.0,,-1281.0,-785.0,-186.0,61.0,187.0
-477.0,-778.0,-93.0,321.0,,283.0,-777.0,-153.0,121.0,199.0
-478.0,-574.0,-83.0,501.0,,-1237.0,-833.0,-308.0,358.0,191.0
-462.0,-672.0,-60.0,571.0,,-1471.0,-906.0,-345.0,12.0,119.0
-386.0,-1100.0,0.0,529.0,,445.0,-936.0,-201.0,-284.0,26.0
-351.0,-1138.0,-8.0,430.0,,-926.0,-1011.0,-147.0,-140.0,-30.0
-358.0,-1167.0,19.0,290.0,,-2052.0,-1064.0,129.0,-161.0,-27.0
-280.0,-1502.0,29.0,188.0,,-57.0,-1123.0,243.0,-86.0,19.0
-162.0,-1516.0,-18.0,80.0,,-319.0,-1157.0,469.0,-132.0,58.0
-124.0,-940.0,-29.0,-27.0,,-1565.0,-1129.0,565.0,-256.0,-1.0
-94.0,-1051.0,-48.0,34.0,,-225.0,-1080.0,478.0,-263.0,-52.0
-24.0,-770.0,-73.0,142.0,,-683.0,-986.0,441.0,-294.0,-2.0
66.0,-661.0,-154.0,138.0,,-2029.0,-777.0,223.0,-116.0,3.0
146.0,-540.0,-199.0,142.0,,-45.0,-526.0,203.0,-192.0,-40.0
187.0,-99.0,-235.0,127.0,,133.0,-394.0,112.0,-348.0,-90.0
205.0,-168.0,-265.0,78.0,,-2186.0,-352.0,160.0,-276.0,-106.0
243.0,346.0,-270.0,41.0,,-1185.0,-377.0,262.0,-364.0,-16.0
273.0,1090.0,-280.0,-13.0,,316.0,-426.0,242.0,-304.0,49.0
227.0,1631.0,-242.0,-44.0,,-1194.0,-536.0,365.0,-292.0,55.0
205.0,1632.0,-216.0,-70.0,,-1708.0,-618.0,236.0,-348.0,103.0
222.0,1873.0,-164.0,-117.0,,-556.0,-652.0,197.0,-408.0,92.0
214.0,2219.0,-137.0,-76.0,,-1287.0,-754.0,136.0,-241.0,54.0
188.0,1998.0,-88.0,51.0,,-1681.0,-830.0,103.0,123.0,87.0
194.0,2001.0,-42.0,141.0,,-102.0,-944.0,107.0,112.0,4.0
234.0,1821.0,-20.0,167.0,,-559.0,-1014.0,-20.0,89.0,-112.0
230.0,1499.0,10.0,115.0,,-1759.0,-1015.0,177.0,106.0,-172.0
225.0,1167.0,52.0,65.0,,-730.0,-989.0,306.0,360.0,-285.0
236.0,884.0,116.0,43.0,,-601.0,-853.0,526.0,599.0,-417.0
259.0,859.0,96.0,-66.0,,-1418.0,-694.0,676.0,665.0,-530.0
320.0,632.0,118.0,-156.0,,-483.0,-502.0,635.0,785.0,-633.0
356.0,484.0,161.0,-107.0,,-375.0,-359.0,617.0,649.0,-753.0
356.0,781.0,180.0,124.0,,-1746.0,-312.0,339.0,613.0,-752.0
375.0,730.0,172.0,415.0,,-741.0,-299.0,175.0,602.0,-731.0
448.0,-70.0,163.0,621.0,,441.0,-360.0,-99.0,522.0,-660.0
515.0,-454.0,172.0,796.0,,-1224.0,-442.0,-343.0,491.0,-487.0
556.0,-716.0,128.0,934.0,,-1371.0,-512.0,-543.0,511.0,-347.0
642.0,-1701.0,70.0,1010.0,,0.0,-587.0,-733.0,711.0,-265.0
757.0,-1922.0,12.0,1024.0,,-642.0,-603.0,-578.0,825.0,-289.0
827.0,-1791.0,0.0,1031.0,,-840.0,-554.0,-493.0,757.0,-235.0
859.0,-1978.0,-58.0,886.0,,-250.0,-541.0,-184.0,596.0,-243.0
912.0,-1649.0,-102.0,697.0,,-1247.0,-573.0,46.0,558.0,-317.0
899.0,-1277.0,-105.0,545.0,,-1548.0,-603.0,210.0,627.0,-463.0
876.0,-877.0,-72.0,282.0,,-248.0,-642.0,524.0,460.0,-634.0
868.0,-619.0,-48.0,81.0,,-525.0,-664.0,587.0,318.0,-710.0
839.0,-737.0,-52.0,30.0,,-1416.0,-598.0,707.0,290.0,-893.0
803.0,-38.0,32.0,-33.0,,-660.0,-493.0,524.0,76.0,-1003.0
706.0,1166.0,92.0,-183.0,,-258.0,-436.0,321.0,80.0,-1058.0
643.0,1227.0,144.0,-193.0,,-835.0,-361.0,201.0,99.0,-1054.0
579.0,862.0,203.0,-66.0,,-907.0,-256.0,64.0,-78.0,-986.0
516.0,655.0,239.0,-55.0,,-855.0,-151.0,208.0,-190.0,-841.0
476.0,598.0,312.0,-86.0,,-688.0,-51.0,153.0,-145.0,-732.0
421.0,690.0,344.0,-18.0,,-221.0,45.0,242.0,30.0,-809.0
399.0,452.0,339.0,44.0,,-535.0,171.0,314.0,13.0,-792.0
368.0,981.0,347.0,67.0,,-657.0,255.0,286.0,100.0,-624.0
312.0,1254.0,322.0,203.0,,-229.0,286.0,349.0,-46.0,-514.0
283.0,570.0,297.0,420.0,,-445.0,272.0,194.0,-238.0,-651.0
292.0,220.0,232.0,589.0,,-573.0,202.0,153.0,-233.0,-627.0
280.0,-318.0,186.0,671.0,,-116.0,124.0,-5.0,-387.0,-416.0
261.0,-879.0,188.0,620.0,,-100.0,20.0,-97.0,-389.0,-445.0
286.0,-1063.0,127.0,501.0,,-499.0,-146.0,-73.0,-511.0,-513.0
343.0,-1155.0,108.0,361.0,,-342.0,-253.0,-33.0,-363.0,-451.0
340.0,-1100.0,85.0,259.0,,-238.0,-265.0,131.0,-14.0,-405.0
325.0,-1354.0,77.0,108.0,,-259.0,-275.0,99.0,1.0,-438.0
317.0,-1646.0,67.0,-166.0,,-358.0,-243.0,306.0,43.0,-330.0
296.0,-1070.0,11.0,-322.0,,-800.0,-225.0,430.0,238.0,-243.0
312.0,-725.0,32.0,-334.0,,-239.0,-284.0,487.0,299.0,-442.0
274.0,-1058.0,65.0,-321.0,,294.0,-288.0,567.0,466.0,-490.0
184.0,-759.0,92.0,-246.0,,-559.0,-158.0,382.0,737.0,-245.0
105.0,88.0,169.0,-177.0,,-519.0,7.0,380.0,500.0,-281.0
87.0,74.0,237.0,-133.0,,224.0,113.0,216.0,192.0,-602.0
42.0,131.0,317.0,31.0,,-505.0,198.0,125.0,80.0,-695.0
-6.0,999.0,372.0,177.0,,-684.0,338.0,22.0,230.0,-638.0
4.0,853.0,382.0,152.0,,-36.0,524.0,-190.0,370.0,-721.0
6.0,508.0,447.0,96.0,,-824.0,619.0,-195.0,120.0,-725.0
8.0,579.0,504.0,38.0,,-971.0,718.0,-308.0,-2.0,-625.0
0.0,788.0,563.0,-26.0,,-8.0,823.0,-157.0,55.0,-739.0
-36.0,429.0,574.0,-18.0,,-561.0,791.0,-40.0,-29.0,-802.0
-95.0,-201.0,620.0,27.0,,-1073.0,671.0,86.0,-29.0,-744.0
-88.0,193.0,712.0,120.0,,-379.0,470.0,197.0,144.0,-774.0
-95.0,302.0,690.0,127.0,,-682.0,311.0,75.0,80.0,-946.0
-153.0,186.0,666.0,6.0,,-945.0,251.0,105.0,-31.0,-1057.0
-175.0,737.0,641.0,-165.0,,-158.0,275.0,-24.0,-9.0,-778.0
-166.0,1473.0,606.0,-351.0,,-703.0,374.0,5.0,-24.0,-496.0
-164.0,848.0,540.0,-378.0,,-1262.0,379.0,-18.0,-173.0,-334.0
-179.0,197.0,485.0,-301.0,,-126.0,389.0,-107.0,-165.0,-74.0
-170.0,173.0,416.0,-207.0,,-168.0,473.0,-123.0,71.0,298.0
-182.0,-76.0,351.0,-111.0,,-1072.0,531.0,-304.0,128.0,579.0
-161.0,-86.0,329.0,-54.0,,-396.0,612.0,-155.0,102.0,780.0
-165.0,-201.0,255.0,-20.0,,-47.0,670.0,-97.0,72.0,1061.0
-183.0,432.0,226.0,10.0,,-747.0,735.0,-68.0,-2.0,1140.0
-152.0,-53.0,195.0,68.0,,-484.0,790.0,-107.0,-13.0,1202.0
-107.0,-1458.0,131.0,127.0,,-273.0,726.0,-262.0,142.0,1212.0
-74.0,-1847.0,63.0,109.0,,-505.0,649.0,-238.0,190.0,1110.0
-69.0,-1248.0,29.0,40.0,,87.0,607.0,-365.0,64.0,1074.0
-12.0,-555.0,9.0,-1.0,,-135.0,571.0,-271.0,-211.0,969.0
77.0,-1392.0,-24.0,-58.0,,-844.0,500.0,-212.0,-187.0,868.0
151.0,-684.0,-69.0,-108.0,,-270.0,462.0,-66.0,159.0,712.0
178.0,-160.0,-122.0,-55.0,,-137.0,500.0,144.0,16.0,523.0
208.0,-1101.0,-110.0,-38.0,,-797.0,512.0,88.0,92.0,334.0
231.0,-377.0,-136.0,-90.0,,-337.0,560.0,160.0,390.0,238.0
277.0,-476.0,-127.0,-186.0,,124.0,637.0,57.0,457.0,135.0
337.0,-174.0,-106.0,-366.0,,-562.0,679.0,7.0,422.0,-61.0
335.0,661.0,-95.0,-517.0,,-341.0,709.0,-60.0,383.0,-165.0
286.0,443.0,-84.0,-546.0,,179.0,808.0,-110.0,484.0,-355.0
309.0,-89.0,-109.0,-421.0,,-340.0,951.0,11.0,269.0,-481.0
353.0,-374.0,-67.0,-237.0,,-284.0,987.0,-55.0,148.0,-456.0
298.0,450.0,-101.0,-88.0,,-37.0,983.0,-66.0,117.0,-550.0
307.0,2.0,-131.0,-12.0,,-373.0,996.0,-290.0,-43.0,-862.0
350.0,227.0,-182.0,-48.0,,-178.0,981.0,-458.0,-41.0,-968.0
399.0,966.0,-234.0,-128.0,,168.0,939.0,-487.0,-341.0,-830.0
431.0,590.0,-265.0,-155.0,,-198.0,879.0,-526.0,-524.0,-853.0
430.0,1131.0,-355.0,-189.0,,-241.0,839.0,-304.0,-109.0,-839.0
468.0,1560.0,-410.0,-162.0,,106.0,827.0,-240.0,-126.0,-714.0
532.0,1016.0,-459.0,-58.0,,-266.0,872.0,-123.0,-477.0,-538.0
582.0,784.0,-486.0,-36.0,,-212.0,921.0,-118.0,-411.0,-411.0
584.0,1854.0,-508.0,-102.0,,199.0,874.0,-230.0,-442.0,-269.0
595.0,1210.0,-511.0,-173.0,,-376.0,811.0,-186.0,-516.0,-265.0
620.0,176.0,-511.0,-237.0,,-394.0,764.0,-210.0,-414.0,-411.0
607.0,7.0,-456.0,-284.0,,245.0,787.0,-107.0,-403.0,-337.0
544.0,-265.0,-473.0,-354.0,,-39.0,945.0,-225.0,-506.0,-227.0
532.0,208.0,-446.0,-581.0,,-317.0,1122.0,-412.0,-351.0,-211.0
545.0,-484.0,-349.0,-760.0,,126.0,1279.0,-628.0,-22.0,-212.0
562.0,-495.0,-333.0,-786.0,,114.0,1347.0,-896.0,-95.0,-112.0
564.0,305.0,-235.0,-792.0,,-193.0,1314.0,-879.0,-70.0,18.0
560.0,-54.0,-218.0,-784.0,,-36.0,1289.0,-940.0,140.0,163.0
570.0,-1029.0,-165.0,-786.0,,-50.0,1246.0,-840.0,131.0,310.0
563.0,-1412.0,-83.0,-792.0,,-50.0,1220.0,-753.0,4.0,327.0
564.0,-632.0,-92.0,-744.0,,203.0,1195.0,-700.0,60.0,387.0
490.0,-787.0,-88.0,-602.0,,10.0,1075.0,-615.0,256.0,524.0
437.0,-1153.0,-63.0,-318.0,,-122.0,948.0,-718.0,-102.0,556.0
406.0,-565.0,-23.0,-16.0,,197.0,840.0,-707.0,-338.0,341.0
342.0,-700.0,-15.0,212.0,,140.0,759.0,-818.0,-153.0,134.0
287.0,-610.0,12.0,273.0,,201.0,712.0,-748.0,-287.0,73.0
271.0,-71.0,34.0,255.0,,561.0,661.0,-711.0,-312.0,-82.0
299.0,-761.0,52.0,384.0,,302.0,649.0,-790.0,-251.0,-226.0
276.0,-901.0,80.0,353.0,,125.0,679.0,-681.0,-477.0,-341.0
272.0,-84.0,120.0,226.0,,601.0,754.0,-783.0,-549.0,-416.0
299.0,648.0,146.0,232.0,,815.0,835.0,-681.0,-379.0,-269.0
292.0,836.0,125.0,177.0,,470.0,898.0,-550.0,-311.0,2.0
280.0,-451.0,108.0,7.0,,486.0,980.0,-410.0,-340.0,195.0
297.0,-1086.0,62.0,-159.0,,698.0,1009.0,-249.0,-373.0,289.0
329.0,-44.0,40.0,-243.0,,603.0,1006.0,-321.0,-437.0,424.0
295.0,-326.0,61.0,-349.0,,554.0,1020.0,-330.0,-442.0,593.0
275.0,-1409.0,1.0,-451.0,,442.0,1047.0,-533.0,-259.0,692.0
294.0,-987.0,-64.0,-411.0,,345.0,1039.0,-679.0,-181.0,593.0
261.0,61.0,-42.0,-314.0,,341.0,959.0,-866.0,-227.0,391.0
258.0,-92.0,-54.0,-166.0,,285.0,864.0,-1021.0,-217.0,316.0
262.0,-1022.0,-107.0,102.0,,322.0,727.0,-960.0,-203.0,187.0
313.0,-140.0,-105.0,370.0,,504.0,520.0,-962.0,-195.0,29.0
368.0,589.0,-105.0,465.0,,561.0,300.0,-770.0,-218.0,-37.0
354.0,-28.0,-112.0,341.0,,350.0,70.0,-811.0,-238.0,-163.0
315.0,157.0,-59.0,101.0,,419.0,-153.0,-764.0,-277.0,-280.0
291.0,846.0,-27.0,-123.0,,682.0,-233.0,-642.0,-65.0,-283.0
284.0,55.0,0.0,-228.0,,550.0,-153.0,-668.0,48.0,-239.0
191.0,-626.0,113.0,-307.0,,381.0,44.0,-471.0,-121.0,-321.0
92.0,92.0,167.0,-411.0,,327.0,347.0,-443.0,-77.0,-341.0
-9.0,104.0,166.0,-452.0,,356.0,650.0,-256.0,259.0,-175.0
-99.0,227.0,242.0,-336.0,,591.0,908.0,-131.0,364.0,-169.0
-162.0,45.0,307.0,-178.0,,640.0,1049.0,-14.0,169.0,-289.0
-187.0,-17.0,277.0,-45.0,,536.0,1076.0,221.0,462.0,-244.0
-172.0,-168.0,256.0,199.0,,687.0,1029.0,230.0,713.0,-114.0
-217.0,-1139.0,267.0,417.0,,828.0,855.0,330.0,709.0,-121.0
-228.0,-1207.0,215.0,486.0,,688.0,595.0,195.0,933.0,-157.0
-190.0,360.0,171.0,394.0,,733.0,297.0,12.0,1016.0,-69.0
-144.0,927.0,105.0,268.0,,1068.0,66.0,-157.0,878.0,0.0
-148.0,-273.0,61.0,196.0,,1089.0,-71.0,-303.0,803.0,44.0
-203.0,584.0,37.0,116.0,,909.0,-186.0,-328.0,791.0,185.0
-261.0,1124.0,-12.0,31.0,,1093.0,-239.0,-463.0,587.0,254.0
-328.0,-26.0,-9.0,-74.0,,1121.0,-271.0,-338.0,515.0,203.0
-395.0,-795.0,-7.0,-221.0,,832.0,-217.0,-277.0,485.0,233.0
-447.0,-209.0,0.0,-297.0,,1069.0,-60.0,-147.0,-3.0,303.0
-487.0,533.0,-18.0,-266.0,,1428.0,31.0,1.0,-271.0,393.0
-481.0,-490.0,-35.0,-283.0,,1137.0,110.0,-3.0,-150.0,446.0
-448.0,-801.0,-18.0,-328.0,,883.0,233.0,129.0,-98.0,377.0
-423.0,-14.0,-29.0,-337.0,,1079.0,342.0,33.0,-100.0,483.0
-375.0,-597.0,-66.0,-336.0,,984.0,396.0,77.0,-262.0,694.0
-342.0,-1224.0,-69.0,-306.0,,678.0,345.0,129.0,-229.0,690.0
-353.0,-690.0,-40.0,-153.0,,736.0,197.0,182.0,23.0,682.0
-416.0,-628.0,-24.0,10.0,,810.0,37.0,413.0,141.0,831.0
-485.0,249.0,-21.0,70.0,,899.0,-87.0,454.0,-20.0,942.0
-562.0,533.0,-24.0,133.0,,1137.0,-180.0,617.0,-291.0,1024.0
-632.0,547.0,-31.0,246.0,,1028.0,-263.0,583.0,-204.0,1149.0
-696.0,1637.0,-22.0,408.0,,888.0,-366.0,541.0,-11.0,1073.0
-736.0,1188.0,3.0,531.0,,1094.0,-488.0,489.0,41.0,908.0
-713.0,687.0,16.0,532.0,,1012.0,-628.0,290.0,215.0,924.0
-666.0,748.0,61.0,393.0,,594.0,-699.0,266.0,240.0,883.0
-622.0,1449.0,82.0,188.0,,638.0,-662.0,182.0,-25.0,550.0
-603.0,444.0,87.0,20.0,,901.0,-548.0,282.0,43.0,312.0
-558.0,-764.0,115.0,-158.0,,767.0,-347.0,208.0,277.0,451.0
-472.0,700.0,117.0,-278.0,,701.0,-152.0,75.0,197.0,486.0
-413.0,-48.0,73.0,-312.0,,855.0,-20.0,22.0,22.0,357.0
-436.0,-1477.0,4.0,-296.0,,774.0,68.0,-123.0,144.0,376.0
-435.0,-928.0,-1.0,-258.0,,669.0,81.0,-18.0,254.0,327.0
-390.0,312.0,-32.0,-237.0,,926.0,-36.0,7.0,123.0,277.0
-350.0,-101.0,-36.0,-140.0,,999.0,-263.0,223.0,114.0,362.0
-322.0,-1046.0,-14.0,-33.0,,642.0,-520.0,460.0,-87.0,299.0
-301.0,698.0,-57.0,0.0,,554.0,-715.0,705.0,-257.0,127.0
-234.0,1485.0,-18.0,35.0,,701.0,-818.0,1042.0,-140.0,81.0
-164.0,314.0,5.0,141.0,,570.0,-835.0,1018.0,-67.0,232.0
-96.0,854.0,-5.0,174.0,,557.0,-790.0,1062.0,-88.0,275.0
-44.0,1621.0,65.0,86.0,,772.0,-767.0,955.0,-51.0,197.0
8.0,1058.0,96.0,-40.0,,584.0,-723.0,833.0,70.0,185.0
45.0,1017.0,104.0,-244.0,,300.0,-623.0,683.0,72.0,216.0
31.0,400.0,118.0,-487.0,,494.0,-571.0,345.0,202.0,344.0
15.0,921.0,131.0,-574.0,,706.0,-597.0,275.0,338.0,426.0
8.0,997.0,155.0,-447.0,,579.0,-611.0,164.0,302.0,450.0
-19.0,-671.0,98.0,-251.0,,643.0,-716.0,238.0,434.0,486.0
-33.0,266.0,65.0,-162.0,,736.0,-895.0,406.0,596.0,537.0
-77.0,366.0,26.0,-290.0,,542.0,-967.0,587.0,711.0,542.0
-177.0,-1174.0,-50.0,-363.0,,564.0,-995.0,873.0,531.0,547.0
-225.0,-759.0,-127.0,-246.0,,738.0,-956.0,964.0,115.0,479.0
-260.0,-362.0,-277.0,-66.0,,593.0,-903.0,1088.0,64.0,324.0
-308.0,-641.0,-371.0,66.0,,419.0,-884.0,1031.0,197.0,334.0
-388.0,-299.0,-453.0,83.0,,634.0,-834.0,936.0,430.0,380.0
-417.0,567.0,-557.0,105.0,,477.0,-779.0,794.0,386.0,323.0
-363.0,1549.0,-621.0,70.0,,198.0,-703.0,541.0,102.0,248.0
-321.0,898.0,-666.0,63.0,,569.0,-641.0,489.0,96.0,350.0
-302.0,576.0,-725.0,245.0,,751.0,-595.0,386.0,83.0,413.0
-281.0,952.0,-785.0,391.0,,490.0,-490.0,498.0,275.0,306.0
-242.0,942.0,-800.0,415.0,,454.0,-378.0,613.0,342.0,287.0
-223.0,914.0,-811.0,360.0,,607.0,-316.0,670.0,-121.0,290.0
-233.0,115.0,-792.0,349.0,,454.0,-234.0,779.0,-419.0,235.0
-252.0,318.0,-768.0,493.0,,396.0,-115.0,702.0,-187.0,187.0
-235.0,307.0,-715.0,669.0,,571.0,-34.0,774.0,-110.0,267.0
-212.0,-105.0,-616.0,677.0,,439.0,-52.0,763.0,-403.0,269.0
-226.0,-763.0,-520.0,475.0,,315.0,-96.0,824.0,-687.0,158.0
-223.0,-1602.0,-412.0,265.0,,703.0,-146.0,833.0,-875.0,201.0
-196.0,-616.0,-346.0,107.0,,1028.0,-279.0,720.0,-679.0,279.0
-240.0,147.0,-224.0,-17.0,,818.0,-469.0,761.0,-511.0,233.0
-259.0,-261.0,-106.0,-20.0,,796.0,-684.0,572.0,-517.0,193.0
-229.0,-296.0,-62.0,58.0,,923.0,-886.0,589.0,-685.0,261.0
-239.0,-314.0,48.0,117.0,,811.0,-980.0,630.0,-805.0,308.0
-266.0,51.0,139.0,124.0,,943.0,-932.0,740.0,-459.0,334.0
-311.0,558.0,159.0,131.0,,1192.0,-881.0,1005.0,-376.0,347.0
-327.0,135.0,182.0,194.0,,885.0,-857.0,1128.0,-604.0,321.0
-415.0,-79.0,190.0,269.0,,688.0,-804.0,1334.0,-603.0,358.0
-488.0,460.0,197.0,283.0,,1099.0,-769.0,1276.0,-383.0,393.0
-497.0,665.0,172.0,279.0,,1069.0,-752.0,1249.0,-236.0,360.0
-485.0,103.0,113.0,290.0,,796.0,-754.0,1208.0,-206.0,340.0
-462.0,260.0,103.0,294.0,,1026.0,-730.0,1213.0,-407.0,429.0
-475.0,-285.0,73.0,335.0,,1038.0,-668.0,1365.0,-512.0,526.0
-434.0,-176.0,80.0,315.0,,719.0,-632.0,1341.0,-322.0,496.0
-409.0,1411.0,91.0,260.0,,985.0,-573.0,1496.0,-259.0,422.0
-370.0,1035.0,51.0,251.0,,1321.0,-448.0,1529.0,-116.0,280.0
-362.0,-199.0,89.0,230.0,,1091.0,-329.0,1601.0,-166.0,112.0
-391.0,-278.0,131.0,179.0,,1001.0,-242.0,1603.0,-279.0,-97.0
-380.0,756.0,151.0,73.0,,1103.0,-202.0,1407.0,45.0,-460.0
-388.0,514.0,186.0,-10.0,,909.0,-201.0,1311.0,593.0,-831.0
-434.0,-186.0,215.0,-6.0,,848.0,-254.0,955.0,535.0,-1088.0
-508.0,-564.0,241.0,127.0,,1212.0,-342.0,705.0,125.0,-1241.0
-527.0,-779.0,256.0,248.0,,1212.0,-372.0,537.0,428.0,-1398.0
-547.0,-196.0,287.0,238.0,,1020.0,-412.0,528.0,652.0,-1545.0
-565.0,-492.0,336.0,234.0,,1112.0,-447.0,650.0,598.0,-1605.0
-599.0,-714.0,367.0,185.0,,947.0,-438.0,554.0,548.0,-1496.0
-626.0,-153.0,354.0,35.0,,822.0,-444.0,618.0,125.0,-1206.0
-599.0,259.0,311.0,-73.0,,1192.0,-458.0,641.0,-229.0,-966.0
-599.0,463.0,283.0,-168.0,,1220.0,-489.0,822.0,-140.0,-831.0
-627.0,1111.0,221.0,-268.0,,785.0,-504.0,1075.0,-42.0,-640.0
-640.0,427.0,110.0,-273.0,,936.0,-589.0,1178.0,-253.0,-435.0
-584.0,-395.0,32.0,-143.0,,1301.0,-810.0,1225.0,-634.0,-320.0
-536.0,970.0,-29.0,88.0,,1016.0,-1041.0,995.0,-872.0,-257.0
-546.0,1015.0,-146.0,297.0,,797.0,-1249.0,920.0,-793.0,-210.0
-554.0,26.0,-214.0,449.0,,1032.0,-1365.0,851.0,-719.0,-187.0
-506.0,-266.0,-254.0,579.0,,736.0,-1454.0,881.0,-686.0,-144.0
-460.0,-27.0,-295.0,757.0,,427.0,-1545.0,999.0,-536.0,-26.0
-432.0,109.0,-308.0,842.0,,981.0,-1520.0,1003.0,-371.0,27.0
-404.0,-788.0,-349.0,813.0,,1010.0,-1427.0,1237.0,-395.0,-4.0
-397.0,-1164.0,-326.0,693.0,,568.0,-1262.0,1154.0,-319.0,56.0
-344.0,128.0,-304.0,398.0,,817.0,-1096.0,1006.0,-20.0,185.0
-343.0,349.0,-284.0,112.0,,925.0,-951.0,964.0,112.0,248.0
-397.0,-586.0,-234.0,-103.0,,709.0,-813.0,816.0,18.0,255.0
-416.0,131.0,-169.0,-304.0,,858.0,-736.0,796.0,-127.0,271.0
-377.0,-308.0,-44.0,-524.0,,922.0,-673.0,646.0,-53.0,193.0
-327.0,-595.0,30.0,-695.0,,540.0,-683.0,594.0,7.0,60.0
-345.0,-356.0,67.0,-727.0,,442.0,-731.0,524.0,39.0,-36.0
-368.0,-848.0,159.0,-778.0,,703.0,-731.0,546.0,188.0,-212.0
-359.0,-199.0,257.0,-803.0,,515.0,-655.0,620.0,444.0,-324.0
-334.0,-553.0,278.0,-671.0,,402.0,-573.0,482.0,634.0,-275.0
-304.0,-629.0,321.0,-537.0,,722.0,-576.0,489.0,595.0,-213.0
-269.0,-50.0,358.0,-441.0,,571.0,-541.0,400.0,460.0,-145.0
-245.0,-7.0,365.0,-268.0,,133.0,-467.0,421.0,313.0,-8.0
-233.0,-701.0,373.0,25.0,,289.0,-503.0,450.0,532.0,109.0
-232.0,-346.0,346.0,271.0,,475.0,-631.0,441.0,587.0,139.0
-257.0,749.0,362.0,377.0,,69.0,-709.0,491.0,498.0,178.0
-250.0,51.0,344.0,560.0,,73.0,-838.0,434.0,398.0,130.0
-207.0,-176.0,294.0,794.0,,468.0,-978.0,641.0,-53.0,-28.0
-222.0,-318.0,241.0,833.0,,168.0,-1008.0,654.0,-255.0,-130.0
-232.0,-197.0,222.0,758.0,,68.0,-1090.0,655.0,-347.0,-235.0
-188.0,-508.0,265.0,643.0,,586.0,-1131.0,678.0,-304.0,-426.0
-164.0,-808.0,220.0,484.0,,306.0,-1148.0,397.0,-366.0,-647.0
-144.0,4.0,184.0,382.0,,-99.0,-1199.0,197.0,-599.0,-781.0
-123.0,-64.0,197.0,327.0,,298.0,-1244.0,-197.0,-502.0,-825.0
-77.0,85.0,203.0,239.0,,338.0,-1302.0,-417.0,-277.0,-872.0
-61.0,628.0,184.0,62.0,,-165.0,-1243.0,-552.0,-250.0,-906.0
-63.0,1431.0,152.0,-92.0,,-144.0,-1166.0,-670.0,-475.0,-883.0
19.0,1367.0,183.0,-107.0,,46.0,-1068.0,-450.0,-316.0,-787.0
122.0,1264.0,172.0,-58.0,,-245.0,-973.0,-234.0,-110.0,-646.0
186.0,1631.0,157.0,-103.0,,-158.0,-953.0,179.0,-134.0,-524.0
196.0,1616.0,160.0,-86.0,,113.0,-906.0,543.0,-38.0,-445.0
246.0,1348.0,177.0,77.0,,-210.0,-805.0,914.0,-222.0,-346.0
338.0,-399.0,228.0,230.0,,-315.0,-629.0,1108.0,-313.0,-248.0
333.0,-974.0,195.0,437.0,,45.0,-476.0,995.0,-11.0,-137.0
295.0,-372.0,180.0,625.0,,-152.0,-319.0,886.0,-95.0,-15.0
284.0,-623.0,190.0,494.0,,-342.0,-149.0,424.0,-223.0,17.0
301.0,-2005.0,187.0,155.0,,84.0,-17.0,60.0,-128.0,47.0
296.0,-1963.0,142.0,-166.0,,-188.0,50.0,-314.0,-262.0,123.0
219.0,-1226.0,42.0,-424.0,,-752.0,57.0,-624.0,-171.0,152.0
198.0,-2028.0,28.0,-457.0,,-406.0,82.0,-744.0,-45.0,133.0
208.0,-955.0,-19.0,-411.0,,-134.0,78.0,-918.0,-24.0,160.0
141.0,-340.0,-115.0,-432.0,,-451.0,104.0,-840.0,-259.0,106.0
57.0,-521.0,-149.0,-454.0,,-375.0,129.0,-872.0,-650.0,-10.0
2.0,430.0,-199.0,-476.0,,-42.0,98.0,-702.0,-574.0,44.0
-48.0,1682.0,-242.0,-342.0,,-401.0,73.0,-521.0,-357.0,67.0
-103.0,1862.0,-305.0,-144.0,,-682.0,24.0,-447.0,-328.0,-30.0
-129.0,573.0,-372.0,-34.0,,-213.0,-49.0,-142.0,-585.0,-50.0
-108.0,226.0,-374.0,42.0,,-157.0,-119.0,-44.0,-491.0,-9.0
-58.0,1020.0,-401.0,29.0,,-494.0,-177.0,149.0,-329.0,0.0
0.0,1719.0,-458.0,-57.0,,-381.0,-195.0,129.0,-275.0,82.0
68.0,838.0,-413.0,-56.0,,-269.0,-115.0,-99.0,-96.0,209.0
134.0,-43.0,-359.0,182.0,,-348.0,16.0,-332.0,-520.0,244.0
228.0,0.0,-304.0,477.0,,-150.0,152.0,-670.0,-603.0,313.0
330.0,-28.0,-224.0,666.0,,-3.0,308.0,-800.0,-153.0,512.0
371.0,-777.0,-191.0,755.0,,-346.0,470.0,-1055.0,46.0,666.0
398.0,-1300.0,-109.0,690.0,,-466.0,581.0,-1108.0,73.0,673.0
418.0,-721.0,-46.0,560.0,,-350.0,590.0,-1090.0,-29.0,737.0
436.0,-346.0,-37.0,356.0,,-515.0,588.0,-1095.0,78.0,699.0
464.0,568.0,-30.0,165.0,,-381.0,629.0,-888.0,387.0,529.0
466.0,469.0,3.0,79.0,,-82.0,703.0,-803.0,570.0,397.0
425.0,-379.0,-2.0,2.0,,-150.0,833.0,-541.0,375.0,270.0
328.0,-119.0,-41.0,-74.0,,-244.0,997.0,-448.0,272.0,140.0
252.0,-40.0,-22.0,-20.0,,-95.0,1120.0,-426.0,407.0,-59.0
211.0,491.0,-8.0,125.0,,-111.0,1167.0,-351.0,351.0,-227.0
179.0,979.0,-1.0,177.0,,-532.0,1198.0,-537.0,528.0,-363.0
154.0,527.0,8.0,162.0,,-511.0,1228.0,-742.0,502.0,-415.0
79.0,119.0,59.0,146.0,,-237.0,1209.0,-1064.0,121.0,-550.0
18.0,88.0,70.0,72.0,,-538.0,1157.0,-1210.0,-73.0,-777.0
-33.0,72.0,111.0,-3.0,,-747.0,1161.0,-1319.0,-123.0,-800.0
-94.0,-849.0,141.0,-49.0,,-446.0,1210.0,-1285.0,-78.0,-766.0
-150.0,-987.0,106.0,-179.0,,-218.0,1226.0,-1084.0,-433.0,-713.0
-197.0,-212.0,159.0,-269.0,,-356.0,1243.0,-1204.0,-703.0,-555.0
-216.0,-346.0,132.0,-311.0,,-461.0,1244.0,-1116.0,-673.0,-407.0
-285.0,-680.0,115.0,-408.0,,-540.0,1204.0,-1134.0,-580.0,-402.0
-360.0,-1728.0,116.0,-520.0,,-513.0,1143.0,-1271.0,-520.0,-344.0
-409.0,-1774.0,63.0,-469.0,,-249.0,1103.0,-1123.0,-668.0,-120.0
-405.0,-1177.0,82.0,-159.0,,-319.0,1096.0,-949.0,-729.0,1.0
-418.0,-1248.0,59.0,73.0,,-472.0,1081.0,-772.0,-954.0,-33.0
-450.0,-615.0,51.0,116.0,,-421.0,1041.0,-768.0,-643.0,67.0
-453.0,-448.0,79.0,41.0,,-351.0,973.0,-618.0,-285.0,191.0
-450.0,212.0,85.0,-51.0,,-437.0,920.0,-524.0,-431.0,111.0
-407.0,951.0,112.0,-82.0,,-486.0,869.0,-480.0,-562.0,139.0
-415.0,829.0,132.0,-153.0,,-179.0,860.0,-369.0,-746.0,234.0
-447.0,196.0,196.0,-251.0,,-200.0,931.0,-491.0,-331.0,178.0
-429.0,501.0,290.0,-293.0,,-427.0,981.0,-528.0,-292.0,157.0
-367.0,1597.0,348.0,-248.0,,-294.0,986.0,-663.0,-658.0,328.0
-354.0,1322.0,455.0,-209.0,,-215.0,983.0,-720.0,-737.0,424.0
-363.0,1523.0,563.0,-140.0,,-261.0,1051.0,-931.0,-750.0,325.0
-300.0,696.0,627.0,31.0,,-185.0,1224.0,-1193.0,-305.0,340.0
-175.0,637.0,728.0,192.0,,-155.0,1456.0,-1249.0,-158.0,415.0
-73.0,1898.0,801.0,290.0,,-309.0,1665.0,-1426.0,-432.0,437.0
-43.0,1040.0,841.0,318.0,,-314.0,1791.0,-1284.0,-628.0,515.0
35.0,303.0,817.0,152.0,,-29.0,1826.0,-1311.0,-624.0,666.0
126.0,7.0,773.0,-67.0,,53.0,1802.0,-1385.0,-346.0,755.0
184.0,-28.0,745.0,-156.0,,-102.0,1809.0,-1298.0,-185.0,875.0
182.0,-913.0,654.0,-251.0,,-5.0,1760.0,-1267.0,-321.0,1126.0
186.0,-1908.0,535.0,-398.0,,156.0,1625.0,-1049.0,-387.0,1156.0
241.0,-1825.0,410.0,-626.0,,41.0,1503.0,-1012.0,-344.0,1098.0
253.0,-1708.0,322.0,-748.0,,-137.0,1383.0,-726.0,-259.0,1194.0
230.0,-1485.0,234.0,-709.0,,-100.0,1238.0,-465.0,-125.0,1168.0
207.0,-1191.0,133.0,-671.0,,56.0,1111.0,-371.0,-380.0,1010.0
224.0,-461.0,46.0,-397.0,,96.0,1037.0,-86.0,-348.0,834.0
199.0,-625.0,0.0,-15.0,,-68.0,963.0,-164.0,-144.0,653.0
134.0,-510.0,-29.0,194.0,,-175.0,942.0,-232.0,-224.0,520.0
110.0,348.0,-73.0,310.0,,-139.0,961.0,-402.0,-7.0,393.0
114.0,553.0,-32.0,275.0,,-189.0,978.0,-679.0,46.0,276.0
78.0,1299.0,8.0,197.0,,-195.0,1048.0,-844.0,-330.0,155.0
33.0,1754.0,4.0,121.0,,-105.0,1108.0,-1202.0,-585.0,-1.0
36.0,1618.0,30.0,-1.0,,-27.0,1215.0,-1341.0,-270.0,-102.0
20.0,2058.0,27.0,-108.0,,-233.0,1322.0,-1430.0,-150.0,-79.0
-21.0,1742.0,22.0,-267.0,,-523.0,1344.0,-1439.0,-254.0,-122.0
-71.0,665.0,44.0,-387.0,,-358.0,1479.0,-1306.0,-205.0,-209.0
-127.0,1320.0,26.0,-301.0,,-118.0,1627.0,-1097.0,-298.0,-88.0
-139.0,2937.0,-15.0,-218.0,,-350.0,1627.0,-809.0,-28.0,-6.0
-147.0,1900.0,-11.0,-294.0,,-395.0,1511.0,-668.0,-7.0,7.0
-196.0,442.0,-26.0,-336.0,,-131.0,1254.0,-399.0,-238.0,129.0
-197.0,1032.0,-88.0,-408.0,,-239.0,1022.0,-291.0,-45.0,249.0
-153.0,-502.0,-124.0,-486.0,,-321.0,871.0,-158.0,-50.0,319.0
-115.0,-2164.0,-179.0,-352.0,,-250.0,726.0,-16.0,26.0,379.0
-100.0,-1418.0,-235.0,-153.0,,-139.0,629.0,-101.0,603.0,452.0
-57.0,-1379.0,-311.0,58.0,,-241.0,630.0,-94.0,684.0,505.0
35.0,-1293.0,-407.0,403.0,,-513.0,778.0,-229.0,399.0,523.0
123.0,-1053.0,-480.0,691.0,,-442.0,987.0,-182.0,717.0,529.0
193.0,-1554.0,-549.0,778.0,,-322.0,1193.0,-336.0,942.0,558.0
260.0,-1744.0,-616.0,797.0,,-295.0,1392.0,-497.0,863.0,528.0
340.0,-1847.0,-677.0,736.0,,-432.0,1537.0,-489.0,896.0,500.0
362.0,-1636.0,-647.0,590.0,,-471.0,1650.0,-811.0,756.0,617.0
358.0,-516.0,-655.0,413.0,,-321.0,1654.0,-709.0,603.0,657.0
395.0,368.0,-669.0,221.0,,-406.0,1536.0,-655.0,624.0,523.0
440.0,-131.0,-635.0,183.0,,-562.0,1419.0,-513.0,565.0,554.0
464.0,-251.0,-635.0,198.0,,-420.0,1279.0,-227.0,293.0,701.0
498.0,984.0,-586.0,102.0,,-222.0,1164.0,-192.0,8.0,752.0
588.0,1098.0,-586.0,-48.0,,-554.0,1119.0,40.0,-210.0,801.0
660.0,435.0,-569.0,-145.0,,-742.0,1087.0,73.0,0.0,869.0
645.0,264.0,-483.0,-183.0,,-496.0,1072.0,197.0,223.0,815.0
590.0,1083.0,-387.0,-202.0,,-519.0,1045.0,194.0,-400.0,780.0
583.0,1270.0,-309.0,-97.0,,-732.0,966.0,138.0,-644.0,844.0
588.0,-213.0,-238.0,69.0,,-738.0,883.0,125.0,-416.0,788.0
561.0,-138.0,-140.0,224.0,,-395.0,812.0,-190.0,-323.0,681.0
487.0,-18.0,-100.0,307.0,,-404.0,701.0,-247.0,-138.0,601.0
426.0,-1138.0,-30.0,363.0,,-711.0,594.0,-402.0,-101.0,647.0
407.0,-684.0,9.0,380.0,,-497.0,468.0,-465.0,36.0,685.0
359.0,561.0,21.0,247.0,,-336.0,346.0,-443.0,128.0,669.0
288.0,124.0,64.0,90.0,,-590.0,306.0,-482.0,262.0,646.0
227.0,-252.0,81.0,24.0,,-810.0,269.0,-269.0,282.0,542.0
235.0,638.0,103.0,60.0,,-765.0,234.0,-84.0,83.0,456.0
251.0,984.0,136.0,83.0,,-487.0,216.0,234.0,-59.0,431.0
234.0,251.0,153.0,22.0,,-296.0,215.0,426.0,-40.0,456.0
210.0,-66.0,99.0,-83.0,,-400.0,185.0,487.0,391.0,324.0
230.0,747.0,58.0,-216.0,,-550.0,85.0,388.0,600.0,274.0
289.0,381.0,17.0,-401.0,,-452.0,49.0,151.0,357.0,401.0
263.0,-1205.0,-40.0,-619.0,,-442.0,107.0,162.0,94.0,502.0
209.0,-1944.0,-78.0,-651.0,,-626.0,160.0,38.0,274.0,558.0
229.0,-377.0,-148.0,-409.0,,-719.0,186.0,138.0,442.0,561.0
262.0,49.0,-232.0,-169.0,,-718.0,230.0,256.0,323.0,547.0
272.0,-1049.0,-304.0,-77.0,,-878.0,225.0,229.0,391.0,505.0
285.0,20.0,-358.0,-27.0,,-1012.0,139.0,284.0,283.0,434.0
329.0,551.0,-412.0,-58.0,,-738.0,14.0,92.0,324.0,265.0
414.0,421.0,-453.0,-180.0,,-803.0,-144.0,96.0,765.0,83.0
466.0,-238.0,-479.0,-242.0,,-1221.0,-268.0,133.0,895.0,-42.0
522.0,47.0,-483.0,-245.0,,-1056.0,-374.0,267.0,724.0,-113.0
595.0,744.0,-510.0,-314.0,,-703.0,-453.0,419.0,468.0,-254.0
659.0,441.0,-499.0,-439.0,,-970.0,-489.0,430.0,225.0,-355.0
691.0,1412.0,-450.0,-604.0,,-1119.0,-570.0,535.0,662.0,-376.0
703.0,963.0,-473.0,-715.0,,-812.0,-609.0,404.0,659.0,-326.0
723.0,970.0,-476.0,-644.0,,-941.0,-612.0,439.0,-39.0,-195.0
692.0,540.0,-446.0,-402.0,,-1314.0,-680.0,297.0,40.0,-280.0
639.0,-638.0,-429.0,-211.0,,-1221.0,-785.0,40.0,86.0,-207.0
593.0,100.0,-428.0,-220.0,,-811.0,-892.0,-57.0,189.0,-85.0
595.0,144.0,-438.0,-200.0,,-933.0,-974.0,-295.0,245.0,-51.0
539.0,-908.0,-450.0,-183.0,,-1143.0,-1051.0,-275.0,-56.0,19.0
421.0,-661.0,-484.0,-83.0,,-897.0,-1117.0,-286.0,-216.0,156.0
330.0,923.0,-512.0,65.0,,-847.0,-1105.0,-59.0,-368.0,365.0
281.0,-1340.0,-556.0,39.0,,-927.0,-1045.0,317.0,-108.0,341.0
202.0,-2651.0,-568.0,-39.0,,-1027.0,-964.0,511.0,44.0,490.0
43.0,-1109.0,-550.0,-228.0,,-1013.0,-832.0,683.0,-226.0,732.0
-13.0,-970.0,-553.0,-375.0,,-770.0,-682.0,556.0,-623.0,869.0
-67.0,-743.0,-523.0,-391.0,,-680.0,-582.0,493.0,-250.0,847.0
-126.0,-1100.0,-465.0,-308.0,,-915.0,-627.0,369.0,227.0,874.0
-164.0,-938.0,-367.0,-179.0,,-951.0,-768.0,225.0,2.0,1037.0
-212.0,-520.0,-320.0,-259.0,,-671.0,-938.0,279.0,-24.0,976.0
-265.0,-601.0,-292.0,-339.0,,-813.0,-1169.0,341.0,-172.0,989.0
-275.0,-983.0,-167.0,-282.0,,-1116.0,-1391.0,469.0,-126.0,994.0
-238.0,-887.0,-100.0,-299.0,,-911.0,-1514.0,506.0,175.0,880.0
-287.0,184.0,-68.0,-253.0,,-615.0,-1521.0,624.0,299.0,669.0
-250.0,1308.0,-8.0,-154.0,,-690.0,-1514.0,655.0,185.0,478.0
-159.0,1529.0,32.0,-147.0,,-557.0,-1499.0,683.0,105.0,360.0
-105.0,1418.0,84.0,-129.0,,-95.0,-1401.0,718.0,355.0,146.0
-151.0,1111.0,126.0,-100.0,,-282.0,-1304.0,489.0,502.0,-82.0
-218.0,166.0,174.0,-81.0,,-876.0,-1296.0,436.0,513.0,-193.0
-206.0,1345.0,194.0,-44.0,,-705.0,-1341.0,293.0,550.0,-273.0
-218.0,2047.0,184.0,42.0,,-419.0,-1364.0,173.0,648.0,-425.0
-248.0,845.0,145.0,117.0,,-901.0,-1425.0,195.0,920.0,-456.0
-354.0,775.0,93.0,166.0,,-1220.0,-1514.0,182.0,829.0,-407.0
-401.0,1034.0,63.0,186.0,,-951.0,-1568.0,421.0,247.0,-469.0
-388.0,874.0,-14.0,88.0,,-645.0,-1643.0,594.0,108.0,-538.0
-451.0,-257.0,-94.0,-1.0,,-748.0,-1741.0,818.0,386.0,-236.0
-545.0,-897.0,-168.0,46.0,,-977.0,-1785.0,873.0,414.0,88.0
-588.0,306.0,-246.0,138.0,,-803.0,-1745.0,679.0,116.0,143.0
-592.0,523.0,-302.0,134.0,,-627.0,-1655.0,532.0,171.0,213.0
-587.0,-526.0,-384.0,135.0,,-630.0,-1506.0,175.0,345.0,326.0
-527.0,-2141.0,-470.0,51.0,,-680.0,-1356.0,3.0,273.0,357.0
-473.0,-2114.0,-496.0,-128.0,,-719.0,-1274.0,-155.0,316.0,379.0
-404.0,-1794.0,-483.0,-89.0,,-661.0,-1248.0,-254.0,435.0,559.0
-258.0,-2625.0,-514.0,52.0,,-796.0,-1256.0,-127.0,296.0,336.0
-144.0,-1099.0,-523.0,128.0,,-905.0,-1258.0,-11.0,160.0,29.0
-100.0,-1097.0,-459.0,133.0,,-521.0,-1269.0,267.0,484.0,166.0
-48.0,-1818.0,-434.0,191.0,,-326.0,-1251.0,432.0,533.0,157.0
38.0,-1463.0,-410.0,315.0,,-735.0,-1226.0,668.0,462.0,-62.0
143.0,-961.0,-338.0,363.0,,-910.0,-1226.0,715.0,398.0,-190.0
217.0,-749.0,-305.0,387.0,,-593.0,-1220.0,556.0,294.0,-190.0
260.0,-736.0,-258.0,377.0,,-544.0,-1254.0,484.0,336.0,-359.0
311.0,894.0,-230.0,343.0,,-841.0,-1329.0,247.0,69.0,-467.0
438.0,1141.0,-217.0,201.0,,-599.0,-1454.0,273.0,-282.0,-347.0
516.0,986.0,-174.0,130.0,,-189.0,-1537.0,264.0,-404.0,-419.0
487.0,563.0,-188.0,231.0,,-471.0,-1524.0,310.0,-154.0,-537.0
499.0,837.0,-192.0,230.0,,-686.0,-1450.0,369.0,-247.0,-394.0
531.0,785.0,-203.0,191.0,,-260.0,-1336.0,197.0,-463.0,-130.0
563.0,342.0,-193.0,128.0,,-156.0,-1201.0,70.0,-207.0,-143.0
527.0,1257.0,-174.0,0.0,,-715.0,-1017.0,-304.0,-155.0,-177.0
436.0,219.0,-219.0,-104.0,,-772.0,-877.0,-471.0,22.0,-13.0
388.0,279.0,-232.0,-187.0,,-340.0,-811.0,-630.0,72.0,-38.0
425.0,1143.0,-212.0,-195.0,,-403.0,-823.0,-705.0,39.0,-123.0
401.0,34.0,-221.0,-193.0,,-757.0,-935.0,-491.0,70.0,-59.0
303.0,-757.0,-243.0,-144.0,,-701.0,-1076.0,-391.0,175.0,-68.0
320.0,-55.0,-248.0,103.0,,-465.0,-1189.0,-49.0,561.0,-219.0
323.0,576.0,-223.0,446.0,,-715.0,-1279.0,225.0,233.0,-246.0
271.0,791.0,-177.0,592.0,,-895.0,-1368.0,565.0,279.0,-238.0
246.0,91.0,-177.0,525.0,,-505.0,-1396.0,833.0,647.0,-375.0
207.0,-505.0,-142.0,340.0,,-177.0,-1335.0,835.0,573.0,-626.0
142.0,-798.0,-78.0,89.0,,-231.0,-1198.0,818.0,701.0,-794.0
178.0,-1026.0,-27.0,42.0,,-613.0,-1005.0,508.0,423.0,-778.0
200.0,-557.0,24.0,86.0,,-665.0,-838.0,243.0,262.0,-885.0
144.0,-833.0,41.0,128.0,,-292.0,-755.0,-142.0,494.0,-955.0
149.0,-52.0,142.0,127.0,,-363.0,-694.0,-452.0,375.0,-890.0
147.0,130.0,247.0,10.0,,-644.0,-634.0,-487.0,208.0,-757.0
139.0,747.0,283.0,-41.0,,-496.0,-598.0,-456.0,170.0,-614.0
130.0,822.0,362.0,-195.0,,-81.0,-583.0,-206.0,-30.0,-490.0
92.0,-357.0,444.0,-456.0,,-64.0,-608.0,-129.0,83.0,-373.0
20.0,1013.0,485.0,-559.0,,-153.0,-656.0,12.0,435.0,-463.0
68.0,1172.0,507.0,-506.0,,196.0,-672.0,83.0,437.0,-370.0
135.0,924.0,530.0,-339.0,,183.0,-634.0,49.0,-1.0,-207.0
55.0,1139.0,540.0,-154.0,,-394.0,-618.0,169.0,-128.0,-238.0
34.0,137.0,514.0,-98.0,,-266.0,-653.0,88.0,183.0,-326.0
87.0,-390.0,469.0,-54.0,,379.0,-747.0,118.0,90.0,-416.0
140.0,197.0,421.0,7.0,,-18.0,-861.0,57.0,109.0,-448.0
155.0,-138.0,369.0,40.0,,-566.0,-910.0,-29.0,-354.0,-600.0
165.0,-632.0,276.0,101.0,,-169.0,-919.0,-57.0,-659.0,-566.0
147.0,-461.0,172.0,57.0,,123.0,-902.0,-190.0,-161.0,-518.0
183.0,-1043.0,74.0,-21.0,,-228.0,-885.0,-142.0,-432.0,-669.0
263.0,-665.0,-7.0,-69.0,,-289.0,-831.0,-210.0,-858.0,-724.0
222.0,-1805.0,-83.0,-155.0,,271.0,-769.0,-227.0,-985.0,-609.0
169.0,-2293.0,-170.0,-284.0,,302.0,-707.0,-327.0,-976.0,-465.0
216.0,-1213.0,-232.0,-411.0,,12.0,-610.0,-441.0,-724.0,-528.0
274.0,-1202.0,-295.0,-373.0,,187.0,-548.0,-380.0,-516.0,-591.0
150.0,-446.0,-335.0,-384.0,,330.0,-466.0,-388.0,-686.0,-556.0
82.0,-345.0,-388.0,-429.0,,185.0,-403.0,-138.0,-558.0,-502.0
146.0,13.0,-396.0,-296.0,,119.0,-403.0,-75.0,-200.0,-507.0
159.0,-519.0,-388.0,-131.0,,110.0,-429.0,5.0,-247.0,-389.0
141.0,-309.0,-424.0,67.0,,111.0,-463.0,188.0,-82.0,-268.0
84.0,671.0,-389.0,301.0,,141.0,-507.0,140.0,-180.0,-332.0
95.0,296.0,-326.0,442.0,,-185.0,-607.0,214.0,-184.0,-265.0
175.0,915.0,-270.0,505.0,,-308.0,-683.0,120.0,163.0,-81.0
209.0,1103.0,-231.0,587.0,,-8.0,-701.0,97.0,100.0,78.0
205.0,1469.0,-222.0,576.0,,124.0,-669.0,53.0,156.0,17.0
244.0,674.0,-218.0,570.0,,87.0,-568.0,1.0,511.0,18.0
249.0,397.0,-227.0,454.0,,306.0,-435.0,96.0,388.0,162.0
197.0,1609.0,-275.0,236.0,,696.0,-296.0,110.0,411.0,208.0
164.0,1804.0,-362.0,103.0,,406.0,-177.0,391.0,596.0,233.0
146.0,1961.0,-419.0,-58.0,,-33.0,-85.0,469.0,343.0,204.0
145.0,1001.0,-453.0,-134.0,,242.0,-17.0,480.0,130.0,109.0
156.0,728.0,-502.0,-228.0,,443.0,29.0,458.0,121.0,-56.0
166.0,865.0,-506.0,-276.0,,-135.0,52.0,253.0,401.0,-59.0
211.0,179.0,-518.0,-371.0,,-412.0,40.0,164.0,-64.0,-11.0
280.0,302.0,-511.0,-610.0,,96.0,36.0,-55.0,-364.0,-209.0
280.0,609.0,-476.0,-714.0,,193.0,-7.0,-72.0,-305.0,-379.0
309.0,165.0,-450.0,-714.0,,-125.0,-18.0,-110.0,-524.0,-293.0
379.0,-145.0,-369.0,-653.0,,64.0,118.0,5.0,-284.0,-193.0
414.0,554.0,-297.0,-606.0,,550.0,285.0,312.0,-215.0,-254.0
394.0,189.0,-291.0,-550.0,,311.0,414.0,450.0,-114.0,-260.0
388.0,-908.0,-256.0,-482.0,,-67.0,451.0,713.0,-61.0,-221.0
393.0,-722.0,-183.0,-424.0,,372.0,464.0,672.0,-70.0,-310.0
351.0,-509.0,-143.0,-240.0,,537.0,391.0,687.0,-127.0,-300.0
285.0,-809.0,-77.0,-41.0,,58.0,250.0,626.0,-9.0,-210.0
196.0,-1349.0,-60.0,95.0,,106.0,153.0,328.0,-50.0,-396.0
135.0,-1140.0,-29.0,204.0,,438.0,-28.0,169.0,-403.0,-605.0
82.0,-141.0,24.0,264.0,,375.0,-140.0,-81.0,-330.0,-549.0
34.0,-384.0,24.0,369.0,,227.0,-190.0,-62.0,-151.0,-453.0
-55.0,-662.0,47.0,426.0,,214.0,-160.0,-49.0,40.0,-627.0
-16.0,-197.0,57.0,359.0,,391.0,27.0,31.0,-216.0,-727.0
27.0,618.0,39.0,295.0,,306.0,190.0,184.0,-258.0,-547.0
-120.0,1578.0,3.0,237.0,,58.0,355.0,338.0,6.0,-542.0
-184.0,1649.0,-21.0,241.0,,81.0,522.0,755.0,-356.0,-514.0
-148.0,1515.0,-34.0,329.0,,274.0,691.0,890.0,-340.0,-451.0
-184.0,1750.0,-36.0,390.0,,482.0,828.0,992.0,150.0,-512.0
-268.0,2006.0,-58.0,435.0,,283.0,860.0,936.0,-41.0,-563.0
-232.0,1235.0,-42.0,374.0,,229.0,850.0,772.0,-84.0,-456.0
-204.0,443.0,27.0,260.0,,693.0,813.0,683.0,-9.0,-147.0
-185.0,627.0,66.0,281.0,,602.0,708.0,428.0,-322.0,-201.0
-164.0,-9.0,86.0,358.0,,34.0,585.0,382.0,-664.0,-362.0
-205.0,-778.0,107.0,391.0,,237.0,487.0,253.0,-913.0,-113.0
-182.0,-1041.0,155.0,369.0,,753.0,379.0,234.0,-496.0,189.0
-120.0,-1126.0,167.0,226.0,,481.0,285.0,284.0,-740.0,249.0
-160.0,-1284.0,174.0,48.0,,189.0,185.0,214.0,-948.0,329.0
-236.0,-1734.0,213.0,-111.0,,603.0,127.0,301.0,-275.0,580.0
-162.0,-1130.0,196.0,-259.0,,774.0,113.0,197.0,-300.0,648.0
-99.0,-481.0,171.0,-343.0,,83.0,41.0,256.0,-609.0,777.0
-175.0,-309.0,183.0,-397.0,,-197.0,-22.0,386.0,-362.0,954.0
-260.0,-457.0,183.0,-279.0,,402.0,-8.0,456.0,37.0,881.0
-228.0,-672.0,217.0,-145.0,,369.0,82.0,556.0,90.0,572.0
-234.0,-309.0,235.0,-154.0,,-180.0,158.0,504.0,326.0,407.0
-311.0,180.0,220.0,-141.0,,35.0,179.0,517.0,218.0,456.0
-350.0,237.0,250.0,-45.0,,465.0,308.0,430.0,148.0,152.0
-339.0,-221.0,251.0,57.0,,373.0,510.0,485.0,383.0,-82.0
-305.0,440.0,280.0,141.0,,227.0,615.0,530.0,76.0,-37.0
-304.0,921.0,307.0,237.0,,307.0,643.0,541.0,251.0,56.0
-338.0,1259.0,300.0,259.0,,505.0,628.0,724.0,100.0,-50.0
-387.0,1714.0,305.0,249.0,,414.0,570.0,655.0,-269.0,-125.0
-373.0,1618.0,314.0,310.0,,159.0,516.0,692.0,-34.0,29.0
-391.0,1531.0,314.0,418.0,,197.0,428.0,572.0,-88.0,-129.0
-369.0,1611.0,319.0,392.0,,267.0,310.0,369.0,5.0,-263.0
-352.0,1914.0,339.0,287.0,,332.0,220.0,319.0,-144.0,-155.0
-305.0,434.0,303.0,243.0,,323.0,194.0,181.0,-130.0,-231.0
-263.0,-346.0,299.0,62.0,,277.0,333.0,258.0,44.0,-531.0
-232.0,-33.0,301.0,-149.0,,379.0,552.0,169.0,-423.0,-458.0
-119.0,6.0,277.0,-159.0,,271.0,749.0,94.0,-314.0,-276.0
-146.0,-654.0,232.0,-89.0,,109.0,969.0,0.0,-81.0,-489.0
-126.0,-1806.0,174.0,-53.0,,559.0,1100.0,-107.0,-342.0,-464.0
-17.0,-1205.0,127.0,-34.0,,901.0,1090.0,40.0,-260.0,-177.0
84.0,-927.0,61.0,38.0,,413.0,1051.0,96.0,-193.0,-70.0
97.0,-717.0,44.0,155.0,,265.0,948.0,404.0,-35.0,-164.0
123.0,-536.0,27.0,283.0,,719.0,827.0,646.0,-166.0,-88.0
187.0,-369.0,-4.0,289.0,,688.0,700.0,838.0,-544.0,96.0
177.0,513.0,-7.0,122.0,,264.0,515.0,1018.0,-211.0,17.0
206.0,1203.0,-15.0,42.0,,438.0,348.0,990.0,-379.0,79.0
194.0,1221.0,-21.0,63.0,,874.0,190.0,1025.0,-304.0,259.0
186.0,721.0,-21.0,-14.0,,609.0,177.0,766.0,-279.0,187.0
251.0,1182.0,-75.0,-146.0,,351.0,322.0,521.0,-214.0,207.0
283.0,1127.0,-98.0,-246.0,,652.0,458.0,238.0,-126.0,345.0
165.0,1531.0,-117.0,-356.0,,577.0,629.0,38.0,-671.0,411.0
43.0,1863.0,-173.0,-325.0,,196.0,769.0,66.0,121.0,421.0
5.0,705.0,-192.0,-173.0,,365.0,888.0,-75.0,-285.0,411.0
-2.0,521.0,-243.0,-31.0,,621.0,1061.0,31.0,-706.0,368.0
-61.0,855.0,-279.0,113.0,,393.0,1130.0,129.0,-80.0,264.0
-117.0,722.0,-259.0,181.0,,107.0,1129.0,221.0,-201.0,185.0
-85.0,-164.0,-265.0,162.0,,250.0,1084.0,378.0,318.0,58.0
-62.0,102.0,-307.0,44.0,,399.0,899.0,576.0,58.0,-111.0
-72.0,645.0,-294.0,-41.0,,156.0,735.0,825.0,-167.0,-366.0
-162.0,293.0,-317.0,-52.0,,44.0,666.0,766.0,342.0,-526.0
-193.0,-88.0,-321.0,-98.0,,198.0,668.0,763.0,382.0,-587.0
-134.0,-984.0,-294.0,-76.0,,306.0,706.0,532.0,236.0,-748.0
-118.0,-437.0,-308.0,-19.0,,335.0,709.0,306.0,292.0,-734.0
-184.0,-483.0,-246.0,-95.0,,330.0,723.0,260.0,503.0,-650.0
-193.0,-1404.0,-230.0,-342.0,,337.0,744.0,-72.0,185.0,-475.0
-173.0,-754.0,-178.0,-564.0,,652.0,780.0,-315.0,328.0,-284.0
-214.0,-406.0,-90.0,-595.0,,759.0,829.0,-583.0,579.0,-294.0
-232.0,-832.0,-48.0,-590.0,,368.0,844.0,-519.0,130.0,-67.0
-224.0,-795.0,35.0,-567.0,,634.0,817.0,-210.0,229.0,256.0
-193.0,-16.0,73.0,-518.0,,1096.0,824.0,127.0,518.0,299.0
-180.0,142.0,102.0,-529.0,,810.0,848.0,630.0,585.0,296.0
-81.0,-305.0,133.0,-480.0,,361.0,795.0,755.0,560.0,354.0
-7.0,-211.0,166.0,-422.0,,484.0,770.0,846.0,591.0,348.0
-44.0,-243.0,212.0,-438.0,,790.0,735.0,718.0,570.0,401.0
-79.0,-319.0,240.0,-390.0,,525.0,629.0,508.0,214.0,466.0
-35.0,-670.0,261.0,-287.0,,512.0,521.0,382.0,187.0,339.0
-24.0,-1003.0,254.0,-220.0,,943.0,446.0,35.0,289.0,232.0
-100.0,311.0,260.0,-190.0,,825.0,500.0,-81.0,193.0,362.0
-70.0,676.0,253.0,-197.0,,372.0,566.0,-238.0,-176.0,548.0
-37.0,122.0,205.0,-234.0,,715.0,590.0,-175.0,-371.0,498.0
17.0,908.0,162.0,-256.0,,1137.0,684.0,-127.0,-343.0,392.0
71.0,1108.0,113.0,-186.0,,648.0,705.0,-192.0,-360.0,394.0
21.0,854.0,67.0,-34.0,,333.0,663.0,49.0,-622.0,374.0
39.0,805.0,20.0,108.0,,449.0,759.0,168.0,-851.0,291.0
161.0,1023.0,-29.0,294.0,,494.0,858.0,448.0,-379.0,212.0
209.0,1006.0,-115.0,472.0,,305.0,900.0,591.0,-537.0,142.0
178.0,423.0,-177.0,479.0,,269.0,979.0,576.0,-600.0,-6.0
225.0,-135.0,-214.0,439.0,,592.0,982.0,609.0,-259.0,-39.0
272.0,-755.0,-284.0,330.0,,598.0,884.0,567.0,-397.0,48.0
241.0,-1253.0,-290.0,195.0,,454.0,744.0,598.0,-504.0,143.0
187.0,-1272.0,-317.0,249.0,,421.0,623.0,478.0,-431.0,197.0
123.0,-886.0,-342.0,306.0,,411.0,465.0,437.0,-18.0,173.0
136.0,-1155.0,-323.0,309.0,,458.0,319.0,201.0,-69.0,189.0
177.0,-652.0,-325.0,367.0,,303.0,324.0,-62.0,40.0,130.0
177.0,-591.0,-283.0,455.0,,79.0,279.0,-70.0,160.0,-25.0
172.0,-1026.0,-253.0,383.0,,344.0,246.0,-9.0,208.0,-147.0
175.0,-302.0,-244.0,187.0,,822.0,310.0,251.0,505.0,-308.0
216.0,-601.0,-208.0,36.0,,847.0,332.0,321.0,291.0,-503.0
173.0,-699.0,-154.0,-66.0,,746.0,339.0,445.0,229.0,-562.0
94.0,-193.0,-116.0,-46.0,,915.0,352.0,461.0,13.0,-617.0
123.0,381.0,-65.0,-50.0,,891.0,444.0,351.0,230.0,-844.0
195.0,-103.0,-2.0,-72.0,,477.0,492.0,336.0,462.0,-854.0
146.0,-828.0,24.0,-71.0,,590.0,443.0,48.0,242.0,-649.0
123.0,-569.0,75.0,-88.0,,1112.0,452.0,-33.0,387.0,-618.0
177.0,-902.0,101.0,-150.0,,840.0,483.0,-173.0,80.0,-598.0
177.0,-849.0,73.0,-320.0,,418.0,414.0,-290.0,-2.0,-498.0
130.0,-152.0,55.0,-383.0,,697.0,272.0,-327.0,282.0,-284.0
110.0,438.0,22.0,-314.0,,900.0,178.0,-508.0,-111.0,-211.0
171.0,577.0,-26.0,-251.0,,448.0,122.0,-397.0,-564.0,-193.0
181.0,1284.0,-76.0,-193.0,,182.0,162.0,-332.0,-330.0,-37.0
270.0,1046.0,-112.0,-201.0,,656.0,244.0,-131.0,-241.0,-140.0
337.0,271.0,-158.0,-255.0,,842.0,232.0,-16.0,-266.0,-229.0
402.0,671.0,-173.0,-321.0,,667.0,237.0,-24.0,-201.0,-254.0
425.0,228.0,-174.0,-363.0,,832.0,271.0,77.0,-394.0,-297.0
341.0,-8.0,-193.0,-354.0,,815.0,256.0,-29.0,-40.0,-448.0
341.0,-476.0,-167.0,-448.0,,463.0,236.0,3.0,23.0,-576.0
324.0,-939.0,-154.0,-572.0,,454.0,232.0,-136.0,-161.0,-457.0
288.0,-902.0,-146.0,-581.0,,841.0,282.0,-258.0,147.0,-527.0
205.0,-1170.0,-89.0,-519.0,,850.0,347.0,-343.0,159.0,-610.0
176.0,-1240.0,-21.0,-481.0,,553.0,325.0,-535.0,163.0,-610.0
144.0,-1220.0,27.0,-545.0,,494.0,272.0,-463.0,325.0,-514.0
76.0,-289.0,102.0,-563.0,,461.0,243.0,-491.0,653.0,-437.0
-47.0,-309.0,146.0,-413.0,,444.0,149.0,-334.0,644.0,-588.0
-171.0,-198.0,190.0,-232.0,,490.0,-48.0,-218.0,328.0,-585.0
-159.0,57.0,255.0,-141.0,,473.0,-235.0,-166.0,560.0,-508.0
-198.0,-178.0,261.0,-152.0,,311.0,-373.0,-46.0,705.0,-426.0
-309.0,778.0,319.0,-213.0,,263.0,-389.0,-138.0,443.0,-457.0
-353.0,3.0,356.0,-138.0,,424.0,-301.0,-40.0,246.0,-491.0
-328.0,-111.0,346.0,100.0,,584.0,-181.0,-177.0,-51.0,-370.0
-332.0,439.0,388.0,266.0,,579.0,-46.0,-317.0,3.0,-327.0
-315.0,-517.0,401.0,278.0,,237.0,5.0,-362.0,115.0,-132.0
-309.0,-789.0,414.0,246.0,,-9.0,67.0,-437.0,-196.0,-138.0
-287.0,-678.0,448.0,294.0,,214.0,127.0,-188.0,-82.0,-298.0
-248.0,-727.0,452.0,325.0,,483.0,189.0,-114.0,-405.0,-164.0
-204.0,-950.0,465.0,319.0,,179.0,280.0,-88.0,-507.0,-38.0
-175.0,-926.0,478.0,340.0,,-101.0,364.0,-205.0,-181.0,-90.0
-155.0,-778.0,436.0,285.0,,186.0,475.0,-286.0,-149.0,-224.0
-69.0,-407.0,397.0,145.0,,391.0,484.0,-301.0,-201.0,-295.0
-29.0,-967.0,377.0,-90.0,,210.0,394.0,-480.0,-564.0,-450.0
-21.0,-1175.0,348.0,-262.0,,102.0,290.0,-474.0,-230.0,-424.0
52.0,-135.0,337.0,-385.0,,344.0,151.0,-637.0,19.0,-283.0
130.0,132.0,301.0,-508.0,,293.0,-50.0,-582.0,35.0,-498.0
130.0,388.0,315.0,-537.0,,-85.0,-280.0,-443.0,23.0,-758.0
179.0,303.0,336.0,-557.0,,-37.0,-486.0,-349.0,-125.0,-689.0
153.0,-143.0,290.0,-503.0,,170.0,-680.0,-192.0,-37.0,-553.0
111.0,-285.0,287.0,-394.0,,-135.0,-751.0,-391.0,67.0,-680.0
117.0,235.0,283.0,-251.0,,-429.0,-701.0,-327.0,383.0,-754.0
129.0,184.0,264.0,-182.0,,-370.0,-699.0,-290.0,282.0,-636.0
151.0,-20.0,218.0,-240.0,,-415.0,-683.0,-308.0,128.0,-594.0
96.0,430.0,150.0,-323.0,,-478.0,-582.0,-277.0,241.0,-585.0
79.0,397.0,143.0,-375.0,,-435.0,-388.0,-345.0,387.0,-471.0
62.0,802.0,131.0,-494.0,,-425.0,-145.0,-247.0,363.0,-534.0
126.0,-223.0,100.0,-742.0,,-696.0,-26.0,-434.0,-255.0,-665.0
52.0,-1443.0,90.0,-742.0,,-784.0,44.0,-500.0,-493.0,-554.0
-80.0,-1349.0,81.0,-522.0,,-605.0,115.0,-576.0,-155.0,-476.0
-83.0,-1120.0,97.0,-262.0,,-688.0,164.0,-648.0,-235.0,-620.0
-111.0,-1225.0,78.0,10.0,,-744.0,110.0,-495.0,-366.0,-739.0
-169.0,-1898.0,49.0,179.0,,-723.0,-12.0,-558.0,-460.0,-685.0
-309.0,-1154.0,61.0,258.0,,-668.0,-39.0,-397.0,-828.0,-689.0
-303.0,-859.0,44.0,214.0,,-620.0,-139.0,-382.0,-649.0,-726.0
-315.0,-1098.0,39.0,175.0,,-573.0,-226.0,-347.0,-259.0,-661.0
-362.0,-706.0,23.0,121.0,,-597.0,-252.0,-225.0,-475.0,-638.0
-409.0,-242.0,8.0,34.0,,-601.0,-319.0,-290.0,-370.0,-647.0
-517.0,222.0,14.0,6.0,,-317.0,-318.0,-177.0,-329.0,-436.0
-529.0,412.0,-13.0,68.0,,-242.0,-304.0,-253.0,-641.0,-363.0
-543.0,793.0,-51.0,114.0,,-425.0,-299.0,-264.0,-213.0,-506.0
-542.0,463.0,-36.0,130.0,,-445.0,-286.0,-426.0,-278.0,-464.0
-556.0,111.0,0.0,197.0,,-217.0,-274.0,-663.0,-400.0,-421.0
-510.0,-46.0,-21.0,140.0,,-169.0,-277.0,-761.0,-204.0,-432.0
-471.0,91.0,25.0,51.0,,-339.0,-319.0,-1014.0,-44.0,-595.0
-465.0,254.0,73.0,-120.0,,-212.0,-415.0,-984.0,195.0,-684.0
-402.0,141.0,115.0,-255.0,,5.0,-545.0,-971.0,-40.0,-605.0
-330.0,219.0,168.0,-229.0,,-50.0,-680.0,-816.0,0.0,-566.0
-267.0,62.0,191.0,-263.0,,-129.0,-746.0,-665.0,-365.0,-606.0
-242.0,174.0,264.0,-182.0,,13.0,-713.0,-766.0,-237.0,-724.0
-176.0,-1044.0,266.0,-206.0,,-20.0,-677.0,-787.0,-68.0,-621.0
-188.0,-1395.0,254.0,-332.0,,-284.0,-653.0,-977.0,-186.0,-619.0
-218.0,-966.0,256.0,-288.0,,-427.0,-637.0,-1027.0,-242.0,-637.0
-155.0,-1911.0,296.0,-311.0,,-415.0,-580.0,-1117.0,-623.0,-560.0
-139.0,-1476.0,308.0,-245.0,,-398.0,-555.0,-1084.0,261.0,-621.0
-188.0,-1157.0,240.0,-152.0,,-417.0,-578.0,-879.0,418.0,-729.0
-216.0,-1034.0,237.0,-244.0,,-328.0,-630.0,-853.0,313.0,-782.0
-226.0,-685.0,232.0,-212.0,,-444.0,-790.0,-652.0,171.0,-662.0
-246.0,547.0,194.0,-90.0,,-654.0,-884.0,-576.0,138.0,-770.0
-266.0,1423.0,115.0,-36.0,,-473.0,-902.0,-317.0,737.0,-917.0
-340.0,524.0,81.0,-28.0,,-321.0,-899.0,-11.0,304.0,-837.0
-415.0,753.0,63.0,-30.0,,-434.0,-852.0,140.0,266.0,-772.0
-421.0,482.0,19.0,-98.0,,-511.0,-852.0,423.0,172.0,-767.0
-368.0,848.0,9.0,-185.0,,-389.0,-868.0,413.0,252.0,-811.0
-351.0,1013.0,-23.0,-213.0,,-361.0,-869.0,303.0,175.0,-706.0
-388.0,5.0,-20.0,-266.0,,-569.0,-820.0,-22.0,-5.0,-489.0
-326.0,782.0,-66.0,-243.0,,-542.0,-718.0,-303.0,124.0,-332.0
-188.0,1026.0,-116.0,-142.0,,-354.0,-618.0,-622.0,-115.0,-210.0
-145.0,7.0,-106.0,-59.0,,-294.0,-514.0,-1202.0,241.0,-128.0
-150.0,-180.0,-114.0,-128.0,,-264.0,-476.0,-1285.0,259.0,-15.0
-84.0,-514.0,-108.0,-235.0,,-379.0,-478.0,-1112.0,290.0,211.0
23.0,-1318.0,-139.0,-272.0,,-593.0,-527.0,-862.0,267.0,341.0
129.0,-725.0,-89.0,-380.0,,-404.0,-592.0,-816.0,58.0,332.0
194.0,-748.0,0.0,-390.0,,-14.0,-537.0,-504.0,277.0,255.0
227.0,-667.0,53.0,-380.0,,-9.0,-579.0,79.0,328.0,166.0
334.0,-59.0,113.0,-435.0,,-242.0,-645.0,112.0,460.0,110.0
424.0,-2.0,171.0,-395.0,,-423.0,-634.0,275.0,453.0,-12.0
394.0,473.0,283.0,-294.0,,-465.0,-690.0,290.0,264.0,-147.0
383.0,761.0,346.0,-145.0,,-416.0,-636.0,219.0,585.0,-198.0
394.0,1056.0,340.0,-87.0,,-257.0,-598.0,114.0,783.0,-143.0
405.0,1128.0,356.0,-31.0,,-329.0,-676.0,-225.0,513.0,-65.0
412.0,1560.0,364.0,81.0,,-621.0,-742.0,-310.0,573.0,14.0
442.0,1237.0,302.0,43.0,,-297.0,-834.0,-500.0,382.0,39.0
411.0,832.0,216.0,-41.0,,171.0,-930.0,-533.0,121.0,80.0
360.0,635.0,159.0,-140.0,,47.0,-1026.0,-600.0,240.0,360.0
410.0,218.0,94.0,-224.0,,-237.0,-1077.0,-582.0,219.0,523.0
425.0,450.0,-31.0,-252.0,,-248.0,-995.0,-341.0,-13.0,476.0
382.0,243.0,-147.0,-195.0,,-80.0,-867.0,-495.0,-243.0,576.0
372.0,142.0,-222.0,6.0,,-33.0,-758.0,-554.0,-207.0,737.0
486.0,154.0,-288.0,88.0,,40.0,-681.0,-517.0,-96.0,829.0
512.0,402.0,-379.0,90.0,,160.0,-718.0,-356.0,-280.0,874.0
460.0,104.0,-522.0,180.0,,17.0,-767.0,-334.0,-356.0,853.0
417.0,-71.0,-582.0,215.0,,-239.0,-781.0,-421.0,-242.0,832.0
415.0,414.0,-605.0,195.0,,10.0,-820.0,-308.0,-425.0,910.0
459.0,938.0,-664.0,130.0,,327.0,-838.0,-363.0,-201.0,916.0
374.0,1069.0,-733.0,57.0,,-43.0,-855.0,-219.0,-311.0,828.0
266.0,736.0,-723.0,20.0,,-386.0,-799.0,-247.0,-491.0,767.0
191.0,848.0,-672.0,-62.0,,-261.0,-717.0,-151.0,-100.0,756.0
208.0,646.0,-669.0,-184.0,,119.0,-667.0,212.0,-424.0,769.0
182.0,705.0,-600.0,-322.0,,76.0,-571.0,253.0,-253.0,664.0
127.0,528.0,-475.0,-418.0,,-355.0,-494.0,321.0,207.0,554.0
167.0,208.0,-331.0,-464.0,,-229.0,-437.0,288.0,96.0,545.0
174.0,255.0,-244.0,-432.0,,127.0,-391.0,404.0,78.0,555.0
127.0,416.0,-166.0,-304.0,,338.0,-408.0,232.0,228.0,440.0
95.0,317.0,-48.0,-217.0,,199.0,-448.0,-264.0,656.0,318.0
95.0,-291.0,36.0,-151.0,,-285.0,-450.0,-482.0,609.0,299.0
-9.0,-200.0,50.0,6.0,,-439.0,-451.0,-748.0,533.0,231.0
-111.0,283.0,24.0,185.0,,-223.0,-489.0,-855.0,737.0,296.0
-163.0,510.0,29.0,324.0,,83.0,-546.0,-1067.0,545.0,386.0
-293.0,380.0,31.0,416.0,,117.0,-596.0,-1075.0,477.0,178.0
-450.0,59.0,-10.0,446.0,,-250.0,-574.0,-759.0,608.0,-11.0
-534.0,-13.0,-108.0,434.0,,-383.0,-533.0,-652.0,504.0,52.0
-601.0,321.0,-94.0,277.0,,81.0,-534.0,-400.0,132.0,22.0
-665.0,762.0,-105.0,110.0,,408.0,-531.0,-118.0,100.0,-129.0
-719.0,950.0,-178.0,101.0,,111.0,-523.0,323.0,383.0,-252.0
-799.0,780.0,-186.0,127.0,,-252.0,-527.0,678.0,400.0,-324.0
-839.0,1314.0,-188.0,211.0,,-268.0,-503.0,809.0,279.0,-335.0
-808.0,1078.0,-160.0,357.0,,-68.0,-475.0,872.0,9.0,-370.0
-757.0,506.0,-225.0,473.0,,-29.0,-472.0,665.0,112.0,-356.0
-782.0,391.0,-287.0,529.0,,-59.0,-447.0,474.0,318.0,-423.0
-752.0,-427.0,-306.0,570.0,,11.0,-439.0,64.0,45.0,-509.0
-653.0,-40.0,-326.0,594.0,,-86.0,-433.0,-249.0,6.0,-348.0
-612.0,-271.0,-347.0,560.0,,-235.0,-364.0,-517.0,-63.0,-175.0
-669.0,-327.0,-372.0,594.0,,-135.0,-289.0,-875.0,-36.0,-224.0
-675.0,-314.0,-292.0,674.0,,89.0,-225.0,-918.0,104.0,-312.0
-561.0,-1095.0,-230.0,654.0,,49.0,-176.0,-999.0,24.0,-208.0
-547.0,-1211.0,-206.0,544.0,,-376.0,-138.0,-903.0,71.0,-62.0
-562.0,-1099.0,-143.0,375.0,,-513.0,-51.0,-777.0,38.0,66.0
-594.0,-130.0,-48.0,238.0,,-79.0,35.0,-471.0,-100.0,116.0
-594.0,219.0,0.0,245.0,,55.0,105.0,-105.0,52.0,137.0
-525.0,853.0,17.0,224.0,,-163.0,181.0,-79.0,192.0,359.0
-503.0,946.0,64.0,191.0,,-162.0,236.0,131.0,-240.0,604.0
-524.0,813.0,119.0,304.0,,69.0,274.0,243.0,-206.0,849.0
-520.0,977.0,168.0,405.0,,355.0,261.0,301.0,-40.0,1043.0
-429.0,807.0,110.0,539.0,,361.0,244.0,181.0,-81.0,1140.0
-434.0,1120.0,75.0,626.0,,83.0,232.0,-66.0,87.0,1365.0
-474.0,180.0,93.0,512.0,,-194.0,150.0,-110.0,-214.0,1637.0
-413.0,572.0,24.0,449.0,,-202.0,22.0,-306.0,-160.0,1632.0
-358.0,914.0,-58.0,426.0,,171.0,-87.0,-461.0,-96.0,1458.0
-309.0,-367.0,-163.0,413.0,,373.0,-190.0,-626.0,-227.0,1336.0
-238.0,-454.0,-163.0,446.0,,59.0,-309.0,-602.0,67.0,1231.0
-135.0,234.0,-150.0,401.0,,-163.0,-358.0,-545.0,33.0,1150.0
-80.0,530.0,-241.0,342.0,,62.0,-333.0,-545.0,-113.0,1009.0
-48.0,-152.0,-186.0,383.0,,467.0,-350.0,-345.0,-36.0,932.0
-20.0,-109.0,-109.0,525.0,,533.0,-392.0,-395.0,-50.0,860.0
-13.0,137.0,-100.0,596.0,,100.0,-361.0,-306.0,-203.0,853.0
41.0,-588.0,-53.0,660.0,,-129.0,-282.0,-240.0,-353.0,947.0
59.0,-48.0,-36.0,718.0,,129.0,-219.0,-295.0,-366.0,763.0
60.0,636.0,13.0,656.0,,384.0,-144.0,-134.0,-154.0,606.0
104.0,34.0,52.0,571.0,,250.0,-35.0,-33.0,10.0,669.0
149.0,-352.0,13.0,391.0,,-171.0,91.0,227.0,-130.0,622.0
139.0,-124.0,51.0,293.0,,-222.0,228.0,310.0,-200.0,435.0
93.0,179.0,137.0,375.0,,100.0,326.0,297.0,-269.0,326.0
117.0,-1089.0,176.0,361.0,,284.0,405.0,338.0,-458.0,194.0
101.0,-1622.0,137.0,346.0,,406.0,511.0,155.0,-431.0,82.0
6.0,-821.0,129.0,378.0,,270.0,584.0,-51.0,-390.0,135.0
-15.0,-842.0,161.0,200.0,,-98.0,593.0,-450.0,-536.0,49.0
40.0,-746.0,129.0,-31.0,,-78.0,534.0,-744.0,-552.0,-37.0
56.0,-155.0,85.0,-176.0,,261.0,464.0,-896.0,-221.0,13.0
-17.0,537.0,44.0,-316.0,,166.0,401.0,-957.0,-25.0,0.0
-33.0,56.0,14.0,-470.0,,-228.0,313.0,-781.0,-83.0,-68.0
11.0,954.0,-56.0,-516.0,,-9.0,266.0,-487.0,0.0,-157.0
-2.0,1492.0,-154.0,-350.0,,308.0,220.0,-11.0,249.0,-213.0
-36.0,663.0,-216.0,-229.0,,209.0,185.0,203.0,113.0,-143.0
-63.0,1443.0,-231.0,-262.0,,73.0,236.0,358.0,241.0,-70.0
-36.0,1640.0,-297.0,-176.0,,-58.0,258.0,480.0,688.0,-32.0
0.0,1844.0,-418.0,58.0,,-95.0,224.0,419.0,120.0,187.0
-28.0,1303.0,-444.0,245.0,,-77.0,209.0,365.0,241.0,491.0
-79.0,792.0,-469.0,345.0,,136.0,194.0,27.0,440.0,682.0
-67.0,1022.0,-523.0,283.0,,291.0,220.0,-155.0,300.0,927.0
14.0,891.0,-582.0,181.0,,-1.0,258.0,-227.0,834.0,1227.0
-3.0,876.0,-606.0,62.0,,-209.0,308.0,-306.0,309.0,1232.0
-10.0,-87.0,-560.0,-88.0,,-148.0,403.0,-351.0,420.0,1263.0
82.0,-391.0,-576.0,-176.0,,75.0,515.0,-327.0,909.0,1462.0
122.0,-1003.0,-608.0,-185.0,,50.0,693.0,97.0,482.0,1348.0
117.0,-1745.0,-574.0,12.0,,-146.0,865.0,424.0,675.0,1041.0
124.0,-1399.0,-553.0,177.0,,68.0,969.0,702.0,731.0,900.0
158.0,-1169.0,-592.0,230.0,,75.0,1056.0,822.0,433.0,839.0
171.0,-872.0,-622.0,209.0,,-229.0,1069.0,755.0,585.0,525.0
189.0,-1047.0,-559.0,93.0,,-279.0,977.0,750.0,894.0,179.0
196.0,-496.0,-470.0,131.0,,-187.0,920.0,545.0,841.0,125.0
201.0,-683.0,-476.0,130.0,,-153.0,952.0,463.0,506.0,25.0
224.0,-1783.0,-457.0,109.0,,-65.0,972.0,290.0,418.0,-188.0
226.0,-895.0,-366.0,263.0,,-189.0,989.0,79.0,722.0,-215.0
178.0,-254.0,-307.0,382.0,,-309.0,978.0,-133.0,702.0,-172.0
123.0,-1089.0,-245.0,480.0,,65.0,900.0,-430.0,466.0,-318.0
78.0,-967.0,-242.0,584.0,,30.0,802.0,-336.0,450.0,-494.0
31.0,-17.0,-226.0,549.0,,-237.0,713.0,-341.0,258.0,-362.0
13.0,-387.0,-164.0,384.0,,-24.0,688.0,-303.0,253.0,-285.0
14.0,-245.0,-196.0,241.0,,332.0,700.0,-195.0,78.0,-592.0
-9.0,734.0,-259.0,149.0,,469.0,754.0,-140.0,26.0,-593.0
-83.0,439.0,-279.0,141.0,,208.0,810.0,55.0,91.0,-310.0
-105.0,238.0,-258.0,132.0,,113.0,784.0,101.0,-384.0,-315.0
-173.0,1000.0,-279.0,150.0,,362.0,732.0,245.0,-297.0,-260.0
-202.0,925.0,-305.0,248.0,,433.0,699.0,197.0,-222.0,-89.0
-212.0,-181.0,-246.0,271.0,,311.0,684.0,99.0,-215.0,-153.0
-273.0,-801.0,-163.0,299.0,,299.0,625.0,-33.0,-236.0,-155.0
-299.0,-769.0,-140.0,295.0,,150.0,547.0,-243.0,-258.0,-26.0
-328.0,115.0,-95.0,307.0,,64.0,564.0,-188.0,141.0,-76.0
-287.0,-13.0,-26.0,377.0,,304.0,628.0,-227.0,-36.0,-264.0
-309.0,-907.0,41.0,424.0,,457.0,666.0,20.0,63.0,-356.0
-268.0,-423.0,68.0,483.0,,490.0,712.0,151.0,88.0,-240.0
-259.0,106.0,-4.0,422.0,,485.0,813.0,227.0,-40.0,-123.0
-329.0,-454.0,24.0,363.0,,663.0,880.0,509.0,239.0,-283.0
-347.0,-601.0,43.0,346.0,,651.0,896.0,583.0,453.0,-402.0
-346.0,-78.0,-33.0,207.0,,387.0,900.0,742.0,824.0,-172.0
-351.0,-872.0,-108.0,159.0,,472.0,848.0,609.0,683.0,-134.0
-441.0,-1081.0,-126.0,201.0,,521.0,769.0,513.0,294.0,-228.0
-453.0,-731.0,-131.0,217.0,,308.0,694.0,319.0,235.0,-162.0
-455.0,-936.0,-207.0,283.0,,242.0,624.0,16.0,358.0,-119.0
-469.0,-1277.0,-247.0,303.0,,456.0,590.0,-22.0,192.0,-64.0
-516.0,-537.0,-240.0,278.0,,586.0,603.0,-206.0,164.0,-3.0
-537.0,850.0,-236.0,301.0,,515.0,618.0,-83.0,146.0,105.0
-485.0,286.0,-275.0,332.0,,88.0,651.0,-24.0,-144.0,128.0
-465.0,482.0,-298.0,259.0,,-326.0,712.0,35.0,47.0,146.0
-453.0,488.0,-267.0,136.0,,106.0,741.0,264.0,67.0,314.0
-404.0,571.0,-231.0,89.0,,513.0,747.0,415.0,44.0,558.0
-331.0,1100.0,-238.0,2.0,,148.0,744.0,652.0,-259.0,604.0
-316.0,422.0,-226.0,-207.0,,-188.0,721.0,607.0,-417.0,565.0
-298.0,910.0,-173.0,-332.0,,40.0,631.0,596.0,-246.0,764.0
-286.0,906.0,-98.0,-284.0,,189.0,508.0,410.0,-528.0,770.0
-272.0,797.0,-74.0,-342.0,,-112.0,402.0,77.0,-622.0,706.0
-249.0,149.0,-72.0,-450.0,,-189.0,252.0,-155.0,-560.0,736.0
-245.0,-965.0,-14.0,-373.0,,46.0,84.0,-467.0,-130.0,669.0
-228.0,-1076.0,-17.0,-143.0,,-150.0,-99.0,-493.0,63.0,473.0
-195.0,-1259.0,-17.0,74.0,,-425.0,-283.0,-546.0,169.0,322.0
-215.0,-930.0,-39.0,156.0,,-147.0,-372.0,-480.0,173.0,352.0
-240.0,-1155.0,0.0,263.0,,12.0,-378.0,-338.0,40.0,126.0
-186.0,-585.0,60.0,341.0,,51.0,-301.0,-221.0,343.0,-112.0
-115.0,61.0,51.0,321.0,,-79.0,-191.0,75.0,394.0,-101.0
-79.0,-262.0,110.0,311.0,,-405.0,-87.0,112.0,616.0,-193.0
-58.0,373.0,166.0,306.0,,-459.0,21.0,221.0,380.0,-363.0
-60.0,943.0,241.0,399.0,,-373.0,65.0,218.0,251.0,-331.0
-81.0,1113.0,245.0,469.0,,-258.0,79.0,219.0,542.0,-135.0
-54.0,989.0,201.0,448.0,,-122.0,76.0,315.0,640.0,-18.0
-81.0,1038.0,241.0,464.0,,-38.0,68.0,188.0,570.0,0.0
-97.0,988.0,206.0,392.0,,-311.0,104.0,327.0,-121.0,128.0
-59.0,454.0,108.0,273.0,,-445.0,215.0,376.0,60.0,360.0
-58.0,-294.0,53.0,242.0,,-425.0,342.0,424.0,285.0,402.0
-104.0,-536.0,-5.0,142.0,,-400.0,394.0,386.0,95.0,463.0
-108.0,-36.0,-64.0,-24.0,,-312.0,391.0,201.0,221.0,568.0
-40.0,-509.0,-125.0,-152.0,,-524.0,292.0,214.0,133.0,555.0
10.0,-981.0,-188.0,-214.0,,-560.0,152.0,149.0,141.0,725.0
33.0,-254.0,-162.0,-177.0,,-500.0,10.0,232.0,237.0,987.0
0.0,-93.0,-169.0,-211.0,,-459.0,-111.0,182.0,449.0,990.0
1.0,-682.0,-195.0,-265.0,,-539.0,-188.0,219.0,343.0,799.0
31.0,-285.0,-159.0,-186.0,,-589.0,-260.0,369.0,198.0,935.0
68.0,62.0,-97.0,-124.0,,-389.0,-288.0,314.0,44.0,1074.0
36.0,170.0,-9.0,-33.0,,-309.0,-295.0,389.0,157.0,840.0
6.0,294.0,13.0,117.0,,-171.0,-264.0,308.0,192.0,694.0
75.0,-43.0,79.0,152.0,,-179.0,-211.0,317.0,-387.0,593.0
52.0,34.0,210.0,148.0,,-478.0,-179.0,295.0,-443.0,377.0
-17.0,-239.0,316.0,184.0,,-550.0,-205.0,192.0,-643.0,209.0
10.0,384.0,371.0,157.0,,-99.0,-269.0,181.0,-746.0,143.0
101.0,1244.0,434.0,26.0,,-81.0,-308.0,-49.0,-764.0,-203.0
76.0,1043.0,544.0,-100.0,,-599.0,-352.0,-88.0,-832.0,-439.0
48.0,850.0,585.0,-76.0,,-550.0,-417.0,-249.0,-738.0,-338.0
76.0,614.0,573.0,-12.0,,-141.0,-565.0,-351.0,-987.0,-447.0
69.0,475.0,580.0,-13.0,,-55.0,-693.0,-160.0,-760.0,-535.0
51.0,-496.0,609.0,20.0,,-640.0,-736.0,-77.0,-588.0,-411.0
27.0,-629.0,576.0,29.0,,-953.0,-699.0,216.0,-512.0,-172.0
5.0,372.0,498.0,-28.0,,-517.0,-562.0,354.0,-286.0,-34.0
13.0,237.0,458.0,2.0,,-230.0,-437.0,450.0,-189.0,181.0
22.0,-698.0,445.0,35.0,,-15.0,-302.0,513.0,19.0,328.0
-59.0,-934.0,373.0,5.0,,18.0,-196.0,415.0,86.0,307.0
-103.0,-498.0,295.0,86.0,,-394.0,-170.0,367.0,29.0,436.0
-62.0,-719.0,266.0,204.0,,-563.0,-177.0,201.0,-56.0,505.0
-13.0,-864.0,245.0,276.0,,-178.0,-252.0,264.0,-1.0,558.0
-6.0,-385.0,240.0,332.0,,93.0,-334.0,245.0,216.0,419.0
58.0,-95.0,167.0,354.0,,-356.0,-377.0,232.0,427.0,318.0
157.0,160.0,130.0,380.0,,-661.0,-386.0,303.0,331.0,475.0
146.0,652.0,158.0,399.0,,-148.0,-352.0,339.0,384.0,485.0
156.0,545.0,108.0,373.0,,157.0,-348.0,563.0,575.0,242.0
217.0,714.0,23.0,221.0,,-164.0,-380.0,606.0,447.0,60.0
261.0,797.0,11.0,0.0,,-362.0,-379.0,803.0,654.0,135.0
240.0,926.0,28.0,-134.0,,-137.0,-311.0,868.0,467.0,142.0
264.0,1324.0,31.0,-156.0,,131.0,-232.0,835.0,46.0,65.0
323.0,479.0,14.0,-89.0,,162.0,-213.0,829.0,190.0,-25.0
375.0,64.0,39.0,-107.0,,-112.0,-224.0,545.0,257.0,61.0
450.0,139.0,92.0,-235.0,,-309.0,-250.0,454.0,191.0,120.0
510.0,-69.0,87.0,-319.0,,-31.0,-309.0,199.0,-7.0,10.0
576.0,-822.0,66.0,-509.0,,185.0,-368.0,90.0,-103.0,120.0
690.0,-512.0,61.0,-773.0,,-118.0,-370.0,140.0,-165.0,192.0
814.0,234.0,143.0,-769.0,,-381.0,-377.0,151.0,-162.0,80.0
797.0,-10.0,165.0,-632.0,,-204.0,-374.0,424.0,-84.0,197.0
808.0,451.0,169.0,-601.0,,-4.0,-277.0,622.0,-56.0,453.0
884.0,121.0,210.0,-648.0,,-146.0,-172.0,971.0,-13.0,258.0
842.0,-385.0,256.0,-672.0,,-343.0,-93.0,1152.0,-32.0,141.0
765.0,-363.0,317.0,-540.0,,-288.0,-48.0,1269.0,351.0,454.0
756.0,125.0,318.0,-316.0,,-223.0,-19.0,1367.0,453.0,386.0
751.0,820.0,359.0,-174.0,,-313.0,-3.0,1199.0,201.0,101.0
692.0,580.0,380.0,-126.0,,-343.0,-28.0,1171.0,112.0,180.0
675.0,372.0,354.0,-134.0,,-172.0,-116.0,971.0,168.0,338.0
697.0,515.0,294.0,-145.0,,-124.0,-246.0,873.0,242.0,306.0
720.0,779.0,271.0,-126.0,,-237.0,-314.0,685.0,245.0,377.0
724.0,841.0,312.0,-89.0,,-288.0,-313.0,371.0,440.0,594.0
663.0,1053.0,285.0,23.0,,-246.0,-288.0,243.0,161.0,627.0
576.0,1145.0,224.0,141.0,,-161.0,-269.0,-38.0,140.0,635.0
559.0,1107.0,209.0,177.0,,-113.0,-188.0,-7.0,453.0,894.0
594.0,942.0,251.0,189.0,,35.0,-71.0,53.0,447.0,1039.0
557.0,203.0,245.0,279.0,,133.0,-15.0,90.0,316.0,849.0
528.0,-112.0,175.0,323.0,,92.0,6.0,208.0,-54.0,761.0
597.0,-44.0,170.0,305.0,,95.0,10.0,240.0,-237.0,891.0
589.0,-233.0,172.0,340.0,,107.0,31.0,334.0,-282.0,927.0
514.0,-684.0,140.0,290.0,,-42.0,94.0,288.0,-141.0,857.0
527.0,-1055.0,131.0,155.0,,-131.0,143.0,386.0,-561.0,921.0
549.0,-1155.0,152.0,110.0,,134.0,99.0,341.0,-621.0,938.0
507.0,-1108.0,184.0,101.0,,382.0,-29.0,297.0,-427.0,849.0
461.0,-1178.0,183.0,51.0,,317.0,-166.0,448.0,-888.0,935.0
453.0,-955.0,181.0,20.0,,12.0,-266.0,521.0,-533.0,954.0
418.0,-376.0,192.0,6.0,,68.0,-329.0,715.0,-625.0,826.0
338.0,-102.0,258.0,60.0,,428.0,-345.0,724.0,-867.0,645.0
262.0,205.0,270.0,51.0,,465.0,-270.0,840.0,-811.0,597.0
175.0,147.0,245.0,-45.0,,393.0,-155.0,918.0,-689.0,638.0
198.0,-81.0,291.0,-182.0,,431.0,-70.0,875.0,-231.0,431.0
253.0,577.0,300.0,-410.0,,633.0,14.0,914.0,-411.0,264.0
181.0,1001.0,288.0,-570.0,,519.0,76.0,618.0,-556.0,194.0
169.0,773.0,251.0,-467.0,,347.0,68.0,448.0,-541.0,29.0
250.0,959.0,249.0,-262.0,,574.0,43.0,260.0,-322.0,-90.0
286.0,1097.0,274.0,-217.0,,596.0,35.0,36.0,-84.0,-31.0
219.0,963.0,259.0,-290.0,,500.0,34.0,-75.0,23.0,-29.0
242.0,906.0,205.0,-460.0,,543.0,-20.0,-192.0,298.0,-90.0
348.0,611.0,211.0,-574.0,,574.0,-95.0,11.0,500.0,36.0
343.0,164.0,247.0,-679.0,,381.0,-134.0,210.0,558.0,83.0
327.0,158.0,232.0,-905.0,,287.0,-175.0,559.0,499.0,7.0
336.0,155.0,245.0,-1064.0,,369.0,-188.0,833.0,525.0,-52.0
346.0,-560.0,254.0,-1049.0,,247.0,-180.0,949.0,210.0,-138.0
308.0,-1017.0,275.0,-915.0,,118.0,-162.0,1090.0,125.0,-98.0
246.0,-1144.0,254.0,-623.0,,166.0,-107.0,938.0,299.0,-101.0
180.0,-1156.0,222.0,-223.0,,304.0,-44.0,840.0,166.0,-227.0
186.0,-730.0,229.0,-20.0,,194.0,-38.0,618.0,150.0,-209.0
239.0,-1170.0,235.0,159.0,,59.0,7.0,487.0,-7.0,-237.0
220.0,-1361.0,192.0,349.0,,248.0,132.0,450.0,-41.0,-316.0
230.0,-164.0,106.0,403.0,,417.0,210.0,286.0,-8.0,-259.0
281.0,-216.0,90.0,478.0,,420.0,274.0,339.0,20.0,-168.0
292.0,-479.0,57.0,511.0,,434.0,325.0,214.0,-72.0,-135.0
196.0,-18.0,-22.0,458.0,,461.0,369.0,155.0,-411.0,-39.0
207.0,-76.0,-95.0,376.0,,563.0,453.0,164.0,-262.0,239.0
259.0,278.0,-121.0,340.0,,692.0,549.0,158.0,-112.0,359.0
193.0,640.0,-123.0,261.0,,527.0,619.0,232.0,-15.0,281.0
177.0,947.0,-156.0,78.0,,346.0,645.0,92.0,81.0,252.0
253.0,615.0,-201.0,-113.0,,403.0,644.0,20.0,80.0,251.0
318.0,190.0,-217.0,-211.0,,476.0,629.0,-203.0,343.0,124.0
317.0,641.0,-211.0,-214.0,,331.0,557.0,-323.0,509.0,-48.0
344.0,754.0,-250.0,-114.0,,75.0,420.0,-264.0,564.0,24.0
342.0,515.0,-286.0,89.0,,72.0,278.0,-229.0,622.0,-37.0
414.0,175.0,-267.0,182.0,,106.0,176.0,35.0,527.0,-204.0
492.0,193.0,-252.0,143.0,,52.0,118.0,88.0,436.0,10.0
450.0,133.0,-269.0,31.0,,111.0,54.0,188.0,588.0,142.0
488.0,-211.0,-246.0,-67.0,,298.0,-16.0,256.0,455.0,82.0
584.0,-531.0,-239.0,-179.0,,377.0,-28.0,280.0,129.0,165.0
624.0,-457.0,-184.0,-177.0,,413.0,1.0,395.0,-202.0,305.0
547.0,-628.0,-79.0,-10.0,,643.0,6.0,349.0,-415.0,467.0
537.0,-735.0,-55.0,167.0,,559.0,14.0,428.0,-168.0,561.0
626.0,112.0,60.0,351.0,,299.0,33.0,288.0,-274.0,438.0
622.0,42.0,164.0,370.0,,411.0,68.0,145.0,-446.0,139.0
599.0,124.0,186.0,311.0,,448.0,110.0,-73.0,-366.0,7.0
625.0,116.0,263.0,163.0,,206.0,166.0,-354.0,-268.0,16.0
645.0,-159.0,327.0,-38.0,,151.0,275.0,-413.0,-158.0,-212.0
638.0,107.0,384.0,-168.0,,548.0,328.0,-591.0,-20.0,-534.0
585.0,-477.0,367.0,-200.0,,742.0,358.0,-559.0,143.0,-672.0
509.0,-788.0,340.0,-96.0,,394.0,392.0,-606.0,131.0,-696.0
487.0,-489.0,358.0,4.0,,306.0,377.0,-521.0,86.0,-683.0
471.0,163.0,326.0,94.0,,483.0,322.0,-288.0,36.0,-571.0
397.0,-18.0,287.0,105.0,,463.0,186.0,-201.0,49.0,-595.0
303.0,-550.0,216.0,62.0,,496.0,68.0,73.0,-135.0,-702.0
313.0,-176.0,161.0,-69.0,,571.0,17.0,171.0,-185.0,-429.0
342.0,-176.0,153.0,-240.0,,363.0,-31.0,308.0,25.0,-52.0
272.0,-120.0,82.0,-390.0,,196.0,-62.0,249.0,35.0,-77.0
248.0,-221.0,26.0,-595.0,,380.0,-54.0,-3.0,61.0,-157.0
277.0,-535.0,9.0,-612.0,,565.0,-34.0,-227.0,-17.0,-37.0
312.0,-454.0,-58.0,-545.0,,637.0,-50.0,-622.0,57.0,-12.0
363.0,-64.0,-111.0,-536.0,,569.0,-65.0,-763.0,255.0,26.0
445.0,317.0,-146.0,-574.0,,507.0,-46.0,-883.0,201.0,183.0
511.0,-29.0,-145.0,-612.0,,537.0,-22.0,-727.0,243.0,172.0
482.0,-685.0,-116.0,-473.0,,513.0,-6.0,-336.0,197.0,-44.0
492.0,-778.0,-131.0,-334.0,,577.0,25.0,-42.0,57.0,63.0
475.0,-609.0,-108.0,-166.0,,660.0,103.0,286.0,271.0,277.0
373.0,-353.0,-36.0,58.0,,635.0,177.0,260.0,482.0,163.0
323.0,-135.0,26.0,76.0,,646.0,239.0,149.0,350.0,117.0
260.0,-474.0,58.0,43.0,,607.0,323.0,-131.0,115.0,13.0
189.0,-202.0,72.0,115.0,,250.0,373.0,-448.0,0.0,-27.0
193.0,26.0,82.0,171.0,,381.0,381.0,-591.0,50.0,99.0
203.0,-430.0,111.0,135.0,,736.0,378.0,-766.0,369.0,74.0
105.0,-442.0,116.0,46.0,,371.0,363.0,-685.0,322.0,-146.0
13.0,-463.0,83.0,-116.0,,172.0,302.0,-733.0,63.0,-305.0
29.0,-156.0,84.0,-339.0,,407.0,246.0,-639.0,193.0,-202.0
18.0,144.0,73.0,-477.0,,543.0,252.0,-400.0,89.0,-229.0
-57.0,342.0,59.0,-532.0,,307.0,195.0,-378.0,113.0,-303.0
-72.0,548.0,73.0,-518.0,,197.0,94.0,-240.0,24.0,-345.0
-45.0,414.0,69.0,-453.0,,386.0,-14.0,-303.0,-219.0,-447.0
-63.0,301.0,14.0,-297.0,,303.0,-171.0,-332.0,-143.0,-403.0
-90.0,261.0,-57.0,-176.0,,102.0,-307.0,-358.0,-71.0,-197.0
-131.0,94.0,-89.0,-173.0,,141.0,-438.0,-319.0,100.0,-171.0
-119.0,-477.0,-94.0,-152.0,,221.0,-532.0,-166.0,-84.0,-427.0
-55.0,-296.0,-95.0,-181.0,,-66.0,-549.0,-206.0,-285.0,-424.0
-67.0,-101.0,-114.0,-214.0,,-14.0,-492.0,-60.0,-247.0,-303.0
-82.0,-686.0,-151.0,-215.0,,296.0,-380.0,-59.0,-233.0,-450.0
18.0,-922.0,-155.0,-107.0,,264.0,-292.0,-31.0,-243.0,-508.0
127.0,-591.0,-133.0,8.0,,267.0,-213.0,-9.0,-356.0,-542.0
143.0,-590.0,-177.0,2.0,,299.0,-98.0,-64.0,-326.0,-850.0
165.0,-913.0,-184.0,-20.0,,346.0,48.0,38.0,-316.0,-948.0
261.0,-448.0,-183.0,-56.0,,235.0,207.0,-1.0,-165.0,-797.0
277.0,-313.0,-217.0,-103.0,,51.0,347.0,53.0,48.0,-763.0
189.0,-289.0,-173.0,-193.0,,44.0,465.0,-94.0,17.0,-896.0
131.0,246.0,-148.0,-222.0,,-56.0,571.0,-182.0,-37.0,-956.0
78.0,134.0,-102.0,-237.0,,-198.0,663.0,-190.0,-8.0,-815.0
24.0,-81.0,-47.0,-256.0,,-111.0,673.0,-371.0,223.0,-774.0
-56.0,457.0,-33.0,-204.0,,-122.0,582.0,-404.0,504.0,-645.0
-103.0,360.0,-20.0,-284.0,,-273.0,456.0,-691.0,363.0,-626.0
-136.0,-245.0,-23.0,-505.0,,-133.0,321.0,-833.0,289.0,-1070.0
-155.0,-43.0,-22.0,-632.0,,-125.0,183.0,-903.0,326.0,-1262.0
-188.0,227.0,-39.0,-646.0,,-271.0,86.0,-970.0,255.0,-843.0
-279.0,481.0,-99.0,-691.0,,-265.0,40.0,-796.0,377.0,-805.0
-270.0,551.0,-104.0,-688.0,,-347.0,46.0,-763.0,195.0,-1164.0
-271.0,192.0,-90.0,-581.0,,-543.0,96.0,-532.0,120.0,-1121.0
-315.0,-155.0,-152.0,-504.0,,-661.0,165.0,-269.0,-53.0,-863.0
-369.0,-65.0,-141.0,-544.0,,-526.0,207.0,35.0,-179.0,-660.0
-393.0,142.0,-169.0,-571.0,,-509.0,152.0,330.0,115.0,-633.0
-398.0,141.0,-223.0,-525.0,,-584.0,82.0,480.0,-108.0,-599.0
-423.0,-68.0,-245.0,-573.0,,-402.0,9.0,637.0,-251.0,-711.0
-405.0,205.0,-288.0,-653.0,,-155.0,-105.0,504.0,-336.0,-903.0
-364.0,1183.0,-267.0,-716.0,,-229.0,-196.0,463.0,-121.0,-797.0
-310.0,1185.0,-259.0,-698.0,,-490.0,-258.0,290.0,184.0,-591.0
-292.0,799.0,-239.0,-459.0,,-383.0,-316.0,51.0,-11.0,-656.0
-278.0,665.0,-212.0,-75.0,,-286.0,-363.0,-5.0,-23.0,-909.0
-198.0,505.0,-165.0,242.0,,-358.0,-378.0,-243.0,37.0,-915.0
-104.0,357.0,-125.0,446.0,,-379.0,-386.0,-312.0,70.0,-672.0
-104.0,171.0,-112.0,553.0,,-588.0,-389.0,-437.0,-14.0,-217.0
-96.0,329.0,-68.0,498.0,,-923.0,-392.0,-439.0,155.0,-217.0
-33.0,-25.0,-32.0,355.0,,-972.0,-365.0,-306.0,112.0,-532.0
23.0,-641.0,16.0,125.0,,-805.0,-347.0,-155.0,-89.0,-416.0
10.0,-706.0,39.0,-119.0,,-749.0,-318.0,175.0,-58.0,40.0
-38.0,-763.0,8.0,-238.0,,-754.0,-190.0,229.0,-115.0,374.0
-9.0,-897.0,3.0,-276.0,,-865.0,-20.0,243.0,-198.0,136.0
4.0,-912.0,-5.0,-238.0,,-822.0,219.0,33.0,-501.0,-47.0
-20.0,-471.0,-59.0,-198.0,,-832.0,452.0,-277.0,-583.0,107.0
-59.0,304.0,-97.0,-292.0,,-861.0,615.0,-530.0,-807.0,316.0
-21.0,282.0,-147.0,-395.0,,-735.0,724.0,-870.0,-746.0,333.0
12.0,98.0,-220.0,-498.0,,-893.0,717.0,-946.0,-515.0,228.0
6.0,326.0,-296.0,-494.0,,-789.0,609.0,-1025.0,-642.0,-30.0
19.0,99.0,-322.0,-305.0,,-524.0,450.0,-875.0,-530.0,-162.0
77.0,-204.0,-349.0,-256.0,,-644.0,243.0,-694.0,-423.0,235.0
123.0,-147.0,-393.0,-223.0,,-734.0,14.0,-545.0,-181.0,126.0
130.0,146.0,-420.0,-20.0,,-446.0,-145.0,-245.0,-92.0,-522.0
160.0,156.0,-460.0,177.0,,-432.0,-262.0,-97.0,-10.0,-735.0
157.0,-54.0,-448.0,354.0,,-849.0,-298.0,179.0,141.0,-440.0
177.0,-26.0,-455.0,397.0,,-898.0,-205.0,199.0,349.0,-457.0
137.0,-553.0,-419.0,282.0,,-780.0,-81.0,107.0,583.0,-646.0
98.0,-1404.0,-380.0,228.0,,-752.0,-9.0,-86.0,537.0,-620.0
98.0,-1331.0,-384.0,81.0,,-840.0,3.0,-530.0,641.0,-801.0
111.0,-933.0,-331.0,-176.0,,-885.0,31.0,-807.0,554.0,-725.0
97.0,-520.0,-313.0,-293.0,,-886.0,57.0,-1167.0,434.0,-276.0
56.0,-487.0,-295.0,-262.0,,-1078.0,102.0,-1254.0,402.0,-102.0
77.0,-672.0,-213.0,-181.0,,-930.0,153.0,-1132.0,268.0,-556.0
28.0,-115.0,-158.0,-115.0,,-504.0,158.0,-855.0,189.0,-523.0
2.0,-125.0,-124.0,-60.0,,-553.0,127.0,-448.0,155.0,22.0
8.0,-55.0,-37.0,-110.0,,-727.0,73.0,-199.0,288.0,-52.0
25.0,420.0,-12.0,-151.0,,-514.0,75.0,155.0,385.0,-198.0
-18.0,400.0,-39.0,-52.0,,-505.0,60.0,341.0,439.0,-328.0
-107.0,430.0,-73.0,-44.0,,-691.0,60.0,552.0,336.0,-678.0
-161.0,607.0,-135.0,-92.0,,-626.0,130.0,624.0,341.0,-819.0
-213.0,501.0,-152.0,-6.0,,-399.0,183.0,452.0,360.0,-448.0
-235.0,-59.0,-192.0,96.0,,-346.0,234.0,325.0,591.0,-599.0
-318.0,-17.0,-254.0,93.0,,-540.0,285.0,33.0,867.0,-1421.0
-368.0,100.0,-257.0,44.0,,-465.0,378.0,-107.0,430.0,-1177.0
-320.0,45.0,-274.0,38.0,,-429.0,450.0,-253.0,665.0,-574.0
-318.0,6.0,-304.0,145.0,,-569.0,445.0,-328.0,746.0,-880.0
-369.0,9.0,-286.0,279.0,,-343.0,437.0,-380.0,679.0,-1246.0
-389.0,486.0,-291.0,425.0,,-294.0,458.0,-600.0,1007.0,-1000.0
-364.0,371.0,-278.0,523.0,,-352.0,489.0,-709.0,479.0,-928.0
-330.0,258.0,-263.0,431.0,,-139.0,518.0,-958.0,440.0,-1189.0
-319.0,615.0,-243.0,280.0,,-233.0,495.0,-953.0,420.0,-804.0
-318.0,818.0,-202.0,121.0,,-273.0,410.0,-785.0,244.0,-607.0
-248.0,515.0,-189.0,96.0,,-152.0,349.0,-587.0,129.0,-908.0
-124.0,119.0,-189.0,243.0,,-18.0,231.0,-145.0,-95.0,-748.0
-130.0,93.0,-221.0,294.0,,35.0,105.0,110.0,82.0,-462.0
-174.0,240.0,-195.0,190.0,,-314.0,35.0,415.0,-262.0,-542.0
-109.0,508.0,-183.0,56.0,,-135.0,-44.0,576.0,-274.0,-577.0
-59.0,486.0,-183.0,-67.0,,95.0,-92.0,630.0,-281.0,-304.0
-107.0,575.0,-150.0,-136.0,,-250.0,-136.0,617.0,-595.0,-257.0
-159.0,292.0,-127.0,-131.0,,-365.0,-140.0,345.0,-679.0,-325.0
-112.0,-131.0,-111.0,-167.0,,-235.0,-93.0,105.0,-767.0,-264.0
-140.0,-413.0,-74.0,-144.0,,-171.0,9.0,-306.0,-510.0,-258.0
-190.0,-709.0,-1.0,-210.0,,-394.0,102.0,-591.0,-799.0,-191.0
-196.0,-734.0,70.0,-355.0,,-422.0,120.0,-877.0,-931.0,-159.0
-190.0,-734.0,132.0,-406.0,,-297.0,118.0,-1073.0,-741.0,-412.0
-201.0,-413.0,125.0,-428.0,,-335.0,97.0,-949.0,-700.0,-453.0
-293.0,-420.0,160.0,-359.0,,-269.0,70.0,-814.0,-401.0,-247.0
-346.0,-577.0,195.0,-322.0,,-233.0,23.0,-388.0,-412.0,-366.0
-387.0,-615.0,174.0,-228.0,,-315.0,-2.0,-66.0,-163.0,-629.0
-435.0,-88.0,184.0,-11.0,,-339.0,-27.0,197.0,-47.0,-859.0
-517.0,467.0,140.0,205.0,,-178.0,-37.0,388.0,-147.0,-942.0
-589.0,650.0,110.0,289.0,,-219.0,-14.0,389.0,135.0,-873.0
-584.0,734.0,116.0,191.0,,-487.0,-14.0,509.0,250.0,-697.0
-566.0,442.0,74.0,103.0,,-386.0,-40.0,330.0,141.0,-813.0
-570.0,855.0,49.0,103.0,,-89.0,-109.0,127.0,82.0,-1123.0
-523.0,1118.0,32.0,234.0,,-127.0,-144.0,-232.0,243.0,-826.0
-441.0,1562.0,-10.0,420.0,,-194.0,-161.0,-722.0,383.0,-412.0
-414.0,1596.0,-67.0,558.0,,-179.0,-193.0,-923.0,412.0,-426.0
-397.0,934.0,-120.0,606.0,,-133.0,-221.0,-1175.0,190.0,-616.0
-335.0,1280.0,-171.0,532.0,,-131.0,-233.0,-1293.0,232.0,-497.0
-263.0,1364.0,-230.0,420.0,,-358.0,-194.0,-1291.0,489.0,-322.0
-275.0,781.0,-283.0,198.0,,-369.0,-153.0,-988.0,590.0,-234.0
-277.0,276.0,-300.0,0.0,,-449.0,-112.0,-454.0,527.0,83.0
-243.0,298.0,-270.0,-54.0,,-459.0,-70.0,24.0,234.0,-142.0
-186.0,334.0,-256.0,-179.0,,-270.0,-48.0,424.0,221.0,-434.0
-158.0,302.0,-229.0,-350.0,,-442.0,-73.0,522.0,259.0,-11.0
-140.0,96.0,-173.0,-446.0,,-488.0,-149.0,644.0,416.0,479.0
-69.0,-373.0,-104.0,-388.0,,-373.0,-251.0,508.0,275.0,435.0
-5.0,-840.0,-12.0,-290.0,,-372.0,-335.0,242.0,201.0,147.0
27.0,-1307.0,5.0,-282.0,,-426.0,-386.0,7.0,491.0,364.0
6.0,-1091.0,1.0,-227.0,,-338.0,-446.0,-334.0,639.0,811.0
2.0,-1196.0,47.0,-119.0,,-167.0,-490.0,-386.0,807.0,1051.0
-32.0,-1461.0,35.0,-104.0,,-255.0,-503.0,-526.0,635.0,947.0
-71.0,-977.0,0.0,-134.0,,-272.0,-490.0,-502.0,502.0,826.0
-132.0,-690.0,0.0,-21.0,,-157.0,-478.0,-413.0,354.0,894.0
-147.0,-741.0,-56.0,166.0,,-285.0,-464.0,-269.0,252.0,1160.0
-141.0,-431.0,-101.0,300.0,,-575.0,-450.0,81.0,90.0,1471.0
-180.0,-161.0,-164.0,492.0,,-487.0,-484.0,136.0,-114.0,1021.0
-160.0,-393.0,-253.0,674.0,,-277.0,-511.0,408.0,-244.0,405.0
-173.0,-649.0,-281.0,750.0,,-457.0,-481.0,537.0,-469.0,519.0
-155.0,-690.0,-342.0,761.0,,-464.0,-471.0,478.0,-342.0,830.0
-172.0,-647.0,-407.0,671.0,,-231.0,-500.0,347.0,-417.0,586.0
-191.0,-527.0,-403.0,456.0,,-277.0,-497.0,-75.0,-547.0,149.0
-191.0,-350.0,-404.0,168.0,,-439.0,-499.0,-273.0,-615.0,127.0
-190.0,-548.0,-435.0,24.0,,-269.0,-508.0,-461.0,-743.0,231.0
-170.0,-381.0,-428.0,36.0,,-59.0,-509.0,-600.0,-632.0,417.0
-192.0,50.0,-377.0,57.0,,-178.0,-477.0,-774.0,-411.0,396.0
-215.0,-115.0,-317.0,18.0,,-183.0,-398.0,-787.0,-352.0,61.0
-244.0,156.0,-247.0,66.0,,10.0,-424.0,-539.0,-464.0,-65.0
-225.0,677.0,-160.0,202.0,,-10.0,-478.0,-406.0,-235.0,80.0
-232.0,939.0,-78.0,163.0,,-88.0,-484.0,-136.0,26.0,366.0
-239.0,1421.0,-16.0,91.0,,0.0,-500.0,-16.0,241.0,385.0
-263.0,1517.0,37.0,104.0,,-96.0,-495.0,88.0,388.0,47.0
-316.0,1217.0,58.0,189.0,,-483.0,-518.0,107.0,251.0,-58.0
-319.0,872.0,86.0,342.0,,-651.0,-546.0,-88.0,246.0,195.0
-312.0,640.0,96.0,448.0,,-609.0,-635.0,-260.0,253.0,331.0
-326.0,580.0,55.0,416.0,,-862.0,-775.0,-509.0,353.0,143.0
-391.0,800.0,22.0,307.0,,-895.0,-862.0,-484.0,471.0,37.0
-422.0,1221.0,2.0,212.0,,-620.0,-949.0,-476.0,357.0,346.0
-423.0,1056.0,-19.0,127.0,,-660.0,-991.0,-485.0,281.0,485.0
-485.0,739.0,-45.0,131.0,,-821.0,-1008.0,-469.0,91.0,481.0
-536.0,132.0,-88.0,250.0,,-792.0,-1029.0,-526.0,79.0,568.0
-525.0,-581.0,-109.0,394.0,,-667.0,-975.0,-363.0,82.0,578.0
-555.0,-1071.0,-95.0,462.0,,-847.0,-925.0,-282.0,-98.0,608.0
-571.0,-1292.0,-154.0,437.0,,-917.0,-882.0,-42.0,0.0,647.0
-561.0,-1158.0,-198.0,463.0,,-723.0,-830.0,116.0,-21.0,699.0
-544.0,-1069.0,-210.0,478.0,,-727.0,-835.0,144.0,30.0,372.0
-524.0,-696.0,-272.0,469.0,,-649.0,-846.0,301.0,145.0,253.0
-500.0,-1041.0,-331.0,556.0,,-466.0,-866.0,249.0,24.0,392.0
-487.0,-1350.0,-378.0,650.0,,-371.0,-903.0,264.0,-100.0,193.0
-486.0,-1369.0,-362.0,595.0,,-402.0,-920.0,103.0,-178.0,-77.0
-416.0,-1400.0,-363.0,397.0,,-474.0,-935.0,-84.0,-259.0,-147.0
-382.0,-841.0,-375.0,277.0,,-391.0,-970.0,-149.0,-559.0,21.0
-374.0,-455.0,-345.0,214.0,,-323.0,-968.0,-238.0,-720.0,16.0
-390.0,88.0,-300.0,141.0,,-367.0,-874.0,-144.0,-800.0,-43.0
-398.0,319.0,-238.0,70.0,,-370.0,-751.0,-236.0,-776.0,-90.0
-394.0,997.0,-184.0,-2.0,,-559.0,-599.0,-262.0,-505.0,71.0
-459.0,1309.0,-148.0,48.0,,-640.0,-437.0,-290.0,-476.0,296.0
-513.0,604.0,-120.0,148.0,,-409.0,-345.0,-319.0,-563.0,244.0
-489.0,935.0,-48.0,269.0,,-411.0,-308.0,-190.0,-566.0,159.0
-449.0,1340.0,-19.0,390.0,,-472.0,-302.0,-218.0,-570.0,35.0
-462.0,1044.0,24.0,395.0,,-369.0,-342.0,-79.0,-540.0,41.0
-507.0,255.0,71.0,303.0,,-177.0,-385.0,-36.0,-422.0,208.0
-578.0,-80.0,66.0,120.0,,-242.0,-389.0,51.0,-388.0,153.0
-580.0,-227.0,90.0,-47.0,,-351.0,-373.0,240.0,-296.0,-197.0
-606.0,-574.0,65.0,-158.0,,-25.0,-367.0,275.0,-87.0,-197.0
-668.0,-605.0,117.0,-161.0,,-85.0,-384.0,380.0,25.0,121.0
-690.0,-925.0,175.0,-1.0,,-446.0,-387.0,306.0,8.0,220.0
-649.0,-943.0,113.0,96.0,,-299.0,-409.0,291.0,-32.0,161.0
-590.0,-474.0,125.0,96.0,,151.0,-467.0,169.0,68.0,259.0
-625.0,101.0,145.0,109.0,,81.0,-537.0,-9.0,74.0,493.0
-637.0,297.0,99.0,61.0,,-372.0,-581.0,-53.0,150.0,698.0
-577.0,685.0,95.0,-100.0,,-198.0,-511.0,-90.0,281.0,791.0
-499.0,1295.0,112.0,-227.0,,79.0,-393.0,103.0,401.0,675.0
-511.0,1436.0,134.0,-232.0,,37.0,-325.0,147.0,464.0,580.0
-517.0,1329.0,148.0,-246.0,,-2.0,-313.0,214.0,417.0,598.0
-476.0,885.0,187.0,-373.0,,-148.0,-337.0,208.0,419.0,763.0
-401.0,928.0,189.0,-446.0,,-286.0,-334.0,112.0,239.0,748.0
-381.0,1062.0,217.0,-374.0,,-169.0,-251.0,190.0,218.0,465.0
-444.0,875.0,262.0,-308.0,,77.0,-213.0,144.0,191.0,307.0
-406.0,779.0,213.0,-232.0,,39.0,-235.0,314.0,42.0,448.0
-362.0,634.0,205.0,-111.0,,-148.0,-250.0,421.0,79.0,715.0
-329.0,164.0,179.0,-1.0,,-177.0,-286.0,497.0,249.0,643.0
-349.0,-537.0,134.0,96.0,,-79.0,-313.0,630.0,191.0,531.0
-280.0,-705.0,63.0,293.0,,-105.0,-389.0,624.0,27.0,568.0
-207.0,-725.0,7.0,494.0,,-145.0,-422.0,731.0,221.0,711.0
-243.0,-703.0,-25.0,516.0,,-18.0,-381.0,543.0,231.0,795.0
-249.0,-35.0,-68.0,529.0,,92.0,-380.0,417.0,261.0,779.0
-285.0,364.0,-80.0,590.0,,333.0,-355.0,301.0,16.0,703.0
-327.0,385.0,-96.0,549.0,,468.0,-318.0,79.0,-203.0,362.0
-430.0,860.0,-51.0,471.0,,240.0,-293.0,96.0,-35.0,493.0
-455.0,904.0,-10.0,457.0,,127.0,-228.0,22.0,-181.0,878.0
-492.0,856.0,36.0,480.0,,425.0,-168.0,14.0,-183.0,763.0
-568.0,963.0,100.0,413.0,,580.0,-191.0,-75.0,-231.0,352.0
-577.0,882.0,172.0,208.0,,404.0,-255.0,-60.0,-160.0,223.0
-601.0,835.0,211.0,56.0,,378.0,-282.0,-46.0,-94.0,534.0
-619.0,491.0,196.0,-23.0,,386.0,-263.0,-107.0,-200.0,533.0
-615.0,222.0,217.0,-31.0,,320.0,-229.0,18.0,-186.0,261.0
-558.0,109.0,237.0,-40.0,,212.0,-169.0,-83.0,-358.0,76.0
-490.0,74.0,227.0,-117.0,,486.0,-53.0,12.0,-384.0,-3.0
-351.0,-513.0,199.0,-58.0,,776.0,94.0,83.0,-276.0,76.0
-255.0,-695.0,185.0,58.0,,427.0,254.0,164.0,-273.0,139.0
-241.0,-219.0,162.0,168.0,,372.0,373.0,347.0,-277.0,177.0
-199.0,-420.0,136.0,264.0,,578.0,392.0,293.0,-238.0,37.0
-181.0,-605.0,68.0,228.0,,398.0,342.0,436.0,-287.0,-23.0
-177.0,-422.0,-24.0,118.0,,127.0,271.0,310.0,-240.0,275.0
-170.0,-62.0,-50.0,62.0,,277.0,169.0,225.0,-147.0,236.0
-153.0,-243.0,-72.0,-43.0,,467.0,71.0,214.0,-88.0,22.0
-134.0,-257.0,-127.0,-155.0,,298.0,-20.0,25.0,-8.0,-33.0
-144.0,238.0,-151.0,-95.0,,245.0,-75.0,-25.0,-88.0,-56.0
-145.0,295.0,-134.0,-23.0,,278.0,-22.0,-225.0,-20.0,-77.0
-182.0,369.0,-112.0,50.0,,290.0,74.0,-192.0,72.0,-79.0
-210.0,430.0,-92.0,100.0,,225.0,136.0,-75.0,128.0,134.0
-201.0,464.0,-98.0,144.0,,360.0,129.0,223.0,187.0,63.0
-273.0,541.0,-24.0,128.0,,585.0,129.0,740.0,172.0,15.0
-386.0,736.0,7.0,-22.0,,551.0,119.0,1112.0,262.0,262.0
-470.0,867.0,-35.0,-140.0,,588.0,13.0,1481.0,367.0,307.0
-449.0,655.0,-7.0,-108.0,,571.0,-85.0,1496.0,299.0,263.0
-463.0,379.0,-10.0,79.0,,511.0,-134.0,1428.0,215.0,335.0
-497.0,175.0,0.0,182.0,,587.0,-127.0,1125.0,186.0,483.0
-443.0,400.0,-11.0,211.0,,632.0,-56.0,657.0,121.0,407.0
-372.0,547.0,-44.0,198.0,,575.0,76.0,323.0,241.0,374.0
-331.0,585.0,-29.0,145.0,,593.0,203.0,-168.0,222.0,460.0
-319.0,731.0,-42.0,83.0,,717.0,302.0,-358.0,-17.0,464.0
-277.0,772.0,-86.0,-34.0,,694.0,378.0,-473.0,-132.0,493.0
-225.0,866.0,-92.0,-32.0,,644.0,403.0,-417.0,-20.0,475.0
-136.0,82.0,-99.0,96.0,,912.0,416.0,-112.0,112.0,494.0
-113.0,-278.0,-112.0,217.0,,1063.0,424.0,107.0,-50.0,628.0
-105.0,146.0,-82.0,192.0,,654.0,494.0,508.0,-220.0,685.0
-61.0,-327.0,-83.0,118.0,,536.0,594.0,833.0,-298.0,433.0
-16.0,-870.0,-26.0,92.0,,888.0,619.0,1191.0,-333.0,194.0
28.0,-984.0,14.0,-4.0,,857.0,577.0,1420.0,-225.0,257.0
64.0,-692.0,15.0,-117.0,,660.0,475.0,1454.0,-193.0,288.0
156.0,-759.0,40.0,-229.0,,784.0,384.0,1528.0,-411.0,133.0
200.0,-887.0,95.0,-290.0,,929.0,307.0,1367.0,-512.0,-49.0
197.0,-343.0,154.0,-266.0,,644.0,185.0,1073.0,-459.0,-80.0
239.0,22.0,135.0,-203.0,,545.0,71.0,502.0,-342.0,-177.0
283.0,82.0,138.0,-145.0,,1131.0,-12.0,60.0,-196.0,14.0
227.0,-43.0,168.0,-175.0,,1247.0,-42.0,-291.0,-136.0,226.0
236.0,-21.0,193.0,-304.0,,813.0,47.0,-663.0,-51.0,-195.0
291.0,-177.0,161.0,-435.0,,966.0,186.0,-642.0,-62.0,-294.0
241.0,-447.0,156.0,-353.0,,1314.0,369.0,-655.0,20.0,16.0
233.0,-508.0,172.0,-230.0,,990.0,567.0,-397.0,-60.0,397.0
279.0,-582.0,116.0,-221.0,,671.0,723.0,25.0,-228.0,328.0
306.0,-517.0,71.0,-200.0,,894.0,878.0,567.0,-227.0,215.0
317.0,-259.0,43.0,-204.0,,982.0,987.0,1188.0,-212.0,336.0
339.0,176.0,40.0,-208.0,,903.0,1087.0,1443.0,-69.0,301.0
354.0,214.0,-6.0,-224.0,,942.0,1176.0,1661.0,-12.0,740.0
406.0,261.0,-59.0,-339.0,,968.0,1195.0,1474.0,16.0,709.0
429.0,366.0,-60.0,-611.0,,957.0,1188.0,1112.0,-59.0,263.0
442.0,298.0,-28.0,-853.0,,1067.0,1143.0,692.0,-108.0,92.0
445.0,361.0,-27.0,-848.0,,1225.0,1085.0,144.0,-36.0,450.0
455.0,20.0,-71.0,-702.0,,1195.0,1078.0,-157.0,35.0,745.0
510.0,-192.0,-65.0,-595.0,,1132.0,1031.0,-314.0,-102.0,285.0
459.0,92.0,-11.0,-600.0,,1277.0,885.0,-127.0,-183.0,177.0
424.0,525.0,28.0,-609.0,,1401.0,748.0,24.0,56.0,255.0
468.0,217.0,2.0,-594.0,,1350.0,626.0,236.0,104.0,249.0
492.0,-148.0,40.0,-553.0,,1492.0,462.0,522.0,110.0,344.0
443.0,63.0,79.0,-392.0,,1423.0,244.0,665.0,-94.0,321.0
435.0,-199.0,88.0,-199.0,,1149.0,37.0,903.0,-288.0,-108.0
449.0,-452.0,114.0,-57.0,,1377.0,-53.0,831.0,-297.0,-321.0
467.0,-604.0,86.0,24.0,,1541.0,-60.0,727.0,-217.0,94.0
508.0,-273.0,121.0,30.0,,1341.0,-45.0,509.0,4.0,96.0
437.0,-33.0,91.0,-34.0,,1234.0,26.0,227.0,-45.0,-474.0
415.0,-88.0,-11.0,-201.0,,1511.0,110.0,169.0,-43.0,-607.0
424.0,226.0,-9.0,-377.0,,1643.0,139.0,18.0,175.0,-357.0
429.0,176.0,-10.0,-529.0,,1339.0,199.0,62.0,418.0,-451.0
365.0,-71.0,-61.0,-682.0,,1475.0,249.0,20.0,421.0,-513.0
334.0,-31.0,-138.0,-771.0,,1766.0,280.0,5.0,254.0,-532.0
370.0,682.0,-187.0,-621.0,,1456.0,405.0,118.0,40.0,-632.0
303.0,1007.0,-166.0,-334.0,,1041.0,495.0,271.0,-123.0,-615.0
266.0,689.0,-241.0,-167.0,,1228.0,538.0,652.0,-70.0,-347.0
216.0,560.0,-356.0,-51.0,,1484.0,601.0,737.0,-149.0,-214.0
215.0,399.0,-374.0,31.0,,1183.0,565.0,829.0,-361.0,-508.0
191.0,-119.0,-397.0,89.0,,1094.0,508.0,829.0,-595.0,-537.0
226.0,-727.0,-407.0,155.0,,1283.0,546.0,705.0,-504.0,-305.0
266.0,-854.0,-434.0,233.0,,1122.0,588.0,727.0,-238.0,-75.0
228.0,-1014.0,-415.0,272.0,,941.0,577.0,498.0,-259.0,-35.0
276.0,-1245.0,-337.0,211.0,,1049.0,603.0,325.0,-473.0,-210.0
254.0,-1328.0,-324.0,138.0,,1202.0,654.0,129.0,-659.0,-230.0
249.0,-1148.0,-291.0,96.0,,1143.0,646.0,53.0,-466.0,-40.0
261.0,-1118.0,-231.0,51.0,,1090.0,620.0,3.0,-402.0,114.0
310.0,-1003.0,-168.0,38.0,,1181.0,603.0,-147.0,-549.0,62.0
298.0,-327.0,-149.0,32.0,,1178.0,581.0,-81.0,-522.0,-2.0
299.0,-198.0,-172.0,-44.0,,1203.0,540.0,-186.0,-610.0,-37.0
344.0,-62.0,-167.0,-37.0,,1373.0,465.0,-81.0,-672.0,46.0
259.0,178.0,-154.0,41.0,,1475.0,337.0,55.0,-443.0,228.0
241.0,326.0,-169.0,97.0,,1426.0,153.0,145.0,-205.0,196.0
259.0,592.0,-223.0,133.0,,1429.0,-34.0,400.0,-335.0,106.0
276.0,243.0,-231.0,159.0,,1350.0,-198.0,543.0,-575.0,-25.0
228.0,-251.0,-204.0,249.0,,1316.0,-346.0,849.0,-589.0,-35.0
263.0,-406.0,-223.0,263.0,,1563.0,-455.0,890.0,-351.0,169.0
352.0,-537.0,-268.0,201.0,,1451.0,-489.0,873.0,-234.0,295.0
384.0,-867.0,-262.0,173.0,,1032.0,-467.0,776.0,-417.0,137.0
446.0,-816.0,-232.0,79.0,,978.0,-431.0,393.0,-469.0,-191.0
418.0,-513.0,-277.0,-34.0,,1383.0,-389.0,138.0,-418.0,-179.0
481.0,-206.0,-313.0,-13.0,,1421.0,-348.0,-243.0,-177.0,-106.0
571.0,57.0,-244.0,6.0,,956.0,-297.0,-480.0,-35.0,-199.0
616.0,257.0,-192.0,-49.0,,1015.0,-164.0,-683.0,-231.0,-418.0
592.0,282.0,-183.0,-119.0,,1253.0,-27.0,-731.0,-204.0,-655.0
583.0,-261.0,-151.0,-210.0,,1018.0,26.0,-624.0,12.0,-791.0
651.0,-229.0,-121.0,-311.0,,770.0,74.0,-580.0,150.0,-787.0
571.0,-76.0,-33.0,-366.0,,978.0,143.0,-140.0,65.0,-589.0
515.0,-382.0,23.0,-304.0,,937.0,164.0,192.0,35.0,-539.0
463.0,-598.0,28.0,-251.0,,448.0,90.0,345.0,83.0,-549.0
464.0,-319.0,119.0,-122.0,,485.0,-10.0,343.0,148.0,-567.0
402.0,-106.0,210.0,79.0,,684.0,-132.0,247.0,391.0,-281.0
301.0,-446.0,246.0,130.0,,502.0,-289.0,332.0,366.0,-62.0
327.0,-200.0,268.0,199.0,,429.0,-433.0,380.0,239.0,-148.0
268.0,-59.0,321.0,258.0,,620.0,-568.0,567.0,207.0,-224.0
225.0,-43.0,312.0,181.0,,549.0,-701.0,548.0,212.0,-312.0
114.0,356.0,220.0,81.0,,228.0,-841.0,375.0,219.0,-172.0
72.0,914.0,174.0,33.0,,81.0,-917.0,197.0,133.0,-179.0
5.0,1314.0,184.0,27.0,,171.0,-921.0,48.0,41.0,-63.0
-89.0,1050.0,156.0,79.0,,283.0,-873.0,42.0,-157.0,-338.0
-137.0,525.0,99.0,176.0,,294.0,-821.0,-92.0,-89.0,-807.0
-232.0,179.0,36.0,103.0,,320.0,-789.0,-38.0,110.0,-468.0
-167.0,-242.0,-14.0,-50.0,,158.0,-715.0,12.0,56.0,-260.0
-209.0,-763.0,-6.0,-142.0,,164.0,-666.0,140.0,-137.0,-498.0
-239.0,-611.0,-95.0,-177.0,,402.0,-581.0,303.0,-268.0,-590.0
-231.0,-352.0,-182.0,-134.0,,448.0,-417.0,175.0,-178.0,-480.0
-167.0,174.0,-224.0,-107.0,,321.0,-265.0,140.0,-156.0,-540.0
-127.0,198.0,-262.0,-51.0,,228.0,-146.0,-14.0,-231.0,-349.0
-115.0,-530.0,-319.0,0.0,,318.0,-55.0,-99.0,-333.0,-285.0
48.0,-257.0,-382.0,-29.0,,271.0,-34.0,-177.0,-200.0,-657.0
49.0,-53.0,-316.0,-39.0,,398.0,-98.0,-327.0,49.0,-660.0
59.0,-151.0,-314.0,36.0,,528.0,-141.0,-277.0,251.0,-410.0
67.0,-15.0,-342.0,203.0,,206.0,-208.0,-351.0,326.0,-414.0
166.0,152.0,-324.0,397.0,,-52.0,-312.0,-206.0,197.0,-497.0
220.0,-143.0,-276.0,505.0,,-65.0,-440.0,-96.0,220.0,-480.0
207.0,-574.0,-207.0,458.0,,-73.0,-654.0,-72.0,211.0,-621.0
254.0,-517.0,-202.0,392.0,,-255.0,-766.0,110.0,307.0,-471.0
254.0,-770.0,-187.0,356.0,,-139.0,-797.0,51.0,221.0,-281.0
340.0,-815.0,-111.0,213.0,,289.0,-839.0,-12.0,-16.0,-291.0
247.0,-625.0,-17.0,-11.0,,269.0,-772.0,-280.0,-18.0,-472.0
244.0,-547.0,-5.0,-217.0,,-18.0,-680.0,-417.0,78.0,-530.0
309.0,-722.0,0.0,-386.0,,59.0,-646.0,-434.0,289.0,-264.0
323.0,-1089.0,61.0,-464.0,,139.0,-672.0,-583.0,262.0,-287.0
291.0,-840.0,73.0,-518.0,,-217.0,-752.0,-423.0,227.0,-183.0
231.0,-189.0,40.0,-581.0,,-276.0,-804.0,-347.0,111.0,-316.0
360.0,34.0,36.0,-586.0,,-138.0,-850.0,-136.0,154.0,-448.0
350.0,-115.0,50.0,-586.0,,-422.0,-916.0,7.0,384.0,-127.0
310.0,205.0,24.0,-692.0,,-515.0,-961.0,-14.0,219.0,50.0
307.0,454.0,-41.0,-885.0,,-233.0,-982.0,0.0,-33.0,-153.0
311.0,461.0,-105.0,-988.0,,-83.0,-932.0,-110.0,-287.0,-504.0
315.0,718.0,-124.0,-996.0,,-390.0,-832.0,-103.0,-335.0,-362.0
295.0,950.0,-139.0,-855.0,,-600.0,-743.0,-275.0,-191.0,-251.0
295.0,843.0,-195.0,-640.0,,-397.0,-640.0,-339.0,-194.0,-270.0
305.0,362.0,-188.0,-543.0,,-367.0,-503.0,-436.0,-422.0,-318.0
328.0,189.0,-134.0,-378.0,,-356.0,-294.0,-580.0,-414.0,-444.0
301.0,631.0,-72.0,-137.0,,-252.0,-73.0,-583.0,-181.0,-411.0
295.0,530.0,-51.0,20.0,,-300.0,73.0,-744.0,-122.0,-314.0
342.0,-102.0,-40.0,142.0,,-488.0,172.0,-565.0,-66.0,-149.0
456.0,309.0,50.0,185.0,,-368.0,271.0,-480.0,-135.0,-235.0
464.0,465.0,65.0,173.0,,-157.0,342.0,-419.0,-105.0,-342.0
482.0,59.0,31.0,182.0,,-390.0,307.0,-286.0,82.0,-270.0
575.0,-210.0,29.0,114.0,,-425.0,208.0,-328.0,296.0,-184.0
577.0,-414.0,36.0,-1.0,,-339.0,67.0,-173.0,259.0,-143.0
549.0,236.0,-29.0,-72.0,,-551.0,-115.0,-238.0,35.0,-174.0
553.0,455.0,-160.0,-51.0,,-757.0,-335.0,-254.0,5.0,-76.0
569.0,164.0,-228.0,62.0,,-712.0,-604.0,-293.0,-36.0,-36.0
536.0,-82.0,-321.0,142.0,,-657.0,-877.0,-343.0,113.0,-227.0
561.0,63.0,-448.0,105.0,,-883.0,-1100.0,-279.0,25.0,-139.0
486.0,413.0,-565.0,58.0,,-939.0,-1232.0,-513.0,-249.0,105.0
450.0,348.0,-672.0,59.0,,-804.0,-1316.0,-526.0,-223.0,-30.0
492.0,314.0,-693.0,96.0,,-1053.0,-1391.0,-569.0,-72.0,-138.0
423.0,-2.0,-728.0,112.0,,-1222.0,-1369.0,-678.0,161.0,-38.0
374.0,205.0,-819.0,103.0,,-773.0,-1142.0,-776.0,163.0,152.0
329.0,223.0,-848.0,22.0,,-790.0,-875.0,-866.0,75.0,251.0
329.0,74.0,-833.0,-116.0,,-1283.0,-659.0,-733.0,-41.0,304.0
245.0,101.0,-825.0,-71.0,,-1074.0,-383.0,-737.0,16.0,407.0
226.0,-203.0,-822.0,56.0,,-564.0,-99.0,-622.0,202.0,369.0
250.0,-269.0,-775.0,145.0,,-542.0,102.0,-644.0,61.0,509.0
215.0,-397.0,-685.0,234.0,,-783.0,193.0,-726.0,-62.0,850.0
169.0,-498.0,-579.0,287.0,,-596.0,285.0,-665.0,30.0,862.0
77.0,-1039.0,-536.0,261.0,,-481.0,357.0,-611.0,136.0,318.0
140.0,-367.0,-496.0,100.0,,-891.0,331.0,-402.0,108.0,345.0
123.0,153.0,-348.0,-173.0,,-1070.0,249.0,-437.0,102.0,934.0
68.0,-227.0,-306.0,-312.0,,-905.0,113.0,-456.0,5.0,690.0
-11.0,21.0,-327.0,-221.0,,-992.0,-70.0,-467.0,-75.0,235.0
-63.0,-88.0,-255.0,-136.0,,-1198.0,-247.0,-598.0,144.0,185.0
-41.0,539.0,-195.0,-117.0,,-1017.0,-335.0,-641.0,246.0,276.0
-122.0,734.0,-174.0,-273.0,,-1039.0,-411.0,-727.0,10.0,328.0
-116.0,970.0,-179.0,-493.0,,-1282.0,-479.0,-681.0,-343.0,340.0
-75.0,1218.0,-174.0,-522.0,,-1055.0,-467.0,-724.0,-370.0,311.0
5.0,947.0,-119.0,-495.0,,-728.0,-363.0,-879.0,-82.0,-26.0
-56.0,936.0,-104.0,-428.0,,-781.0,-230.0,-894.0,83.0,26.0
-123.0,743.0,-136.0,-316.0,,-909.0,-153.0,-724.0,104.0,319.0
-99.0,748.0,-134.0,-234.0,,-797.0,-48.0,-550.0,70.0,150.0
-129.0,614.0,-108.0,-162.0,,-882.0,71.0,-622.0,36.0,-241.0
-95.0,534.0,-124.0,-134.0,,-1052.0,171.0,-639.0,163.0,-540.0
-111.0,-2.0,-197.0,-93.0,,-874.0,260.0,-759.0,449.0,-379.0
-84.0,440.0,-168.0,-131.0,,-851.0,291.0,-805.0,403.0,-296.0
-74.0,779.0,-125.0,-279.0,,-1152.0,327.0,-607.0,140.0,-477.0
-61.0,-41.0,-167.0,-312.0,,-1037.0,374.0,-596.0,280.0,-660.0
-86.0,57.0,-191.0,-160.0,,-736.0,358.0,-436.0,445.0,-710.0
-143.0,654.0,-214.0,31.0,,-993.0,308.0,-423.0,374.0,-452.0
-94.0,451.0,-196.0,188.0,,-1158.0,235.0,-467.0,46.0,-112.0
-111.0,-344.0,-221.0,413.0,,-868.0,177.0,-327.0,-311.0,-64.0
-184.0,-127.0,-278.0,546.0,,-696.0,184.0,-399.0,-233.0,-293.0
-186.0,-31.0,-244.0,432.0,,-912.0,189.0,-508.0,-66.0,-118.0
-162.0,-432.0,-183.0,294.0,,-997.0,204.0,-620.0,85.0,262.0
-198.0,-954.0,-170.0,216.0,,-734.0,225.0,-642.0,203.0,463.0
-196.0,-702.0,-131.0,180.0,,-859.0,194.0,-798.0,193.0,370.0
-131.0,-452.0,-67.0,164.0,,-1160.0,131.0,-957.0,152.0,205.0
-98.0,-776.0,-26.0,100.0,,-1129.0,110.0,-984.0,343.0,271.0
-143.0,-530.0,-1.0,29.0,,-1054.0,126.0,-964.0,592.0,358.0
-102.0,-581.0,-16.0,-20.0,,-1189.0,48.0,-805.0,462.0,410.0
2.0,-212.0,49.0,45.0,,-1189.0,-105.0,-853.0,292.0,377.0
41.0,-9.0,107.0,197.0,,-1005.0,-232.0,-757.0,192.0,318.0
21.0,250.0,68.0,346.0,,-1083.0,-298.0,-657.0,231.0,120.0
47.0,130.0,49.0,419.0,,-1112.0,-330.0,-604.0,207.0,220.0
53.0,-9.0,67.0,332.0,,-1022.0,-314.0,-432.0,34.0,580.0
-6.0,534.0,47.0,205.0,,-1172.0,-183.0,-441.0,-261.0,384.0
-40.0,528.0,-48.0,78.0,,-1400.0,-19.0,-327.0,-354.0,101.0
-134.0,955.0,-146.0,-39.0,,-1227.0,155.0,-365.0,-18.0,329.0
-70.0,703.0,-224.0,-51.0,,-1089.0,395.0,-367.0,82.0,434.0
-37.0,199.0,-317.0,-10.0,,-1459.0,599.0,-203.0,119.0,99.0
-127.0,324.0,-445.0,15.0,,-1360.0,726.0,-171.0,7.0,156.0
-113.0,-12.0,-549.0,38.0,,-881.0,778.0,-5.0,0.0,383.0
-46.0,-420.0,-598.0,58.0,,-1030.0,727.0,27.0,265.0,192.0
-46.0,-240.0,-610.0,179.0,,-1312.0,613.0,96.0,381.0,66.0
-90.0,9.0,-678.0,342.0,,-1128.0,487.0,75.0,336.0,232.0
0.0,-167.0,-712.0,297.0,,-1029.0,350.0,-68.0,298.0,353.0
55.0,118.0,-643.0,140.0,,-1244.0,195.0,-105.0,538.0,223.0
93.0,632.0,-628.0,18.0,,-1310.0,57.0,-273.0,603.0,284.0
86.0,887.0,-610.0,-48.0,,-1093.0,-61.0,-194.0,719.0,378.0
72.0,1099.0,-583.0,-72.0,,-1141.0,-109.0,-158.0,715.0,262.0
91.0,991.0,-516.0,-142.0,,-1329.0,-84.0,-147.0,485.0,290.0
76.0,555.0,-437.0,-184.0,,-1039.0,-11.0,-86.0,454.0,393.0
52.0,248.0,-426.0,-102.0,,-951.0,128.0,-184.0,493.0,338.0
42.0,-23.0,-382.0,43.0,,-1189.0,266.0,-107.0,490.0,217.0
113.0,-263.0,-328.0,89.0,,-1087.0,381.0,-171.0,202.0,340.0
95.0,-410.0,-264.0,129.0,,-899.0,412.0,-142.0,75.0,515.0
71.0,-580.0,-229.0,258.0,,-979.0,367.0,-105.0,143.0,430.0
72.0,-514.0,-206.0,335.0,,-1040.0,345.0,-171.0,324.0,147.0
112.0,-685.0,-138.0,373.0,,-786.0,339.0,-210.0,445.0,111.0
55.0,-714.0,-102.0,431.0,,-699.0,297.0,-487.0,222.0,175.0
-40.0,-102.0,-158.0,563.0,,-926.0,263.0,-648.0,57.0,-29.0
-34.0,559.0,-196.0,631.0,,-925.0,282.0,-866.0,118.0,-160.0
-65.0,1017.0,-195.0,560.0,,-709.0,284.0,-899.0,262.0,-197.0
-67.0,1016.0,-260.0,536.0,,-909.0,372.0,-752.0,300.0,-336.0
-184.0,775.0,-299.0,574.0,,-1053.0,498.0,-583.0,264.0,-284.0
-209.0,722.0,-327.0,557.0,,-671.0,524.0,-205.0,170.0,12.0
-105.0,769.0,-327.0,550.0,,-627.0,516.0,-53.0,153.0,-123.0
-94.0,358.0,-329.0,581.0,,-659.0,487.0,210.0,211.0,-366.0
-192.0,-131.0,-375.0,562.0,,-321.0,468.0,400.0,156.0,-60.0
-260.0,-436.0,-404.0,567.0,,-91.0,454.0,410.0,-40.0,310.0
-175.0,-640.0,-401.0,594.0,,-338.0,437.0,314.0,-219.0,318.0
-164.0,-718.0,-396.0,655.0,,-642.0,411.0,-22.0,-289.0,209.0
-230.0,-1229.0,-413.0,775.0,,-446.0,360.0,-203.0,-297.0,178.0
-306.0,-1277.0,-373.0,840.0,,-423.0,295.0,-497.0,-206.0,227.0
-251.0,-363.0,-321.0,768.0,,-744.0,234.0,-624.0,-189.0,349.0
-162.0,257.0,-285.0,588.0,,-679.0,210.0,-600.0,-160.0,339.0
-206.0,-205.0,-275.0,343.0,,-484.0,191.0,-426.0,38.0,265.0
-247.0,-136.0,-257.0,95.0,,-762.0,191.0,-3.0,280.0,28.0
-164.0,287.0,-183.0,-83.0,,-808.0,194.0,247.0,383.0,73.0
0.0,-49.0,-132.0,-233.0,,-587.0,180.0,539.0,303.0,582.0
0.0,25.0,-120.0,-309.0,,-722.0,158.0,528.0,18.0,617.0
-20.0,266.0,-82.0,-230.0,,-855.0,166.0,432.0,-65.0,205.0
59.0,-52.0,0.0,-124.0,,-722.0,200.0,345.0,123.0,24.0
123.0,-204.0,56.0,-60.0,,-477.0,166.0,79.0,124.0,349.0
195.0,77.0,93.0,-30.0,,-588.0,126.0,-75.0,72.0,449.0
165.0,-131.0,143.0,-89.0,,-601.0,168.0,-356.0,-23.0,236.0
115.0,-110.0,202.0,-144.0,,-310.0,282.0,-463.0,126.0,176.0
170.0,-156.0,230.0,-140.0,,-540.0,427.0,-541.0,391.0,138.0
216.0,-38.0,191.0,-43.0,,-829.0,559.0,-559.0,429.0,366.0
139.0,503.0,152.0,78.0,,-592.0,612.0,-345.0,308.0,633.0
37.0,239.0,164.0,132.0,,-406.0,582.0,-99.0,48.0,605.0
38.0,-146.0,81.0,215.0,,-477.0,552.0,363.0,19.0,181.0
-29.0,150.0,-4.0,221.0,,-530.0,537.0,593.0,72.0,24.0
-82.0,531.0,-8.0,162.0,,-402.0,513.0,727.0,96.0,373.0
-66.0,-200.0,-70.0,163.0,,-284.0,437.0,831.0,93.0,399.0
-92.0,-392.0,-121.0,273.0,,-329.0,338.0,737.0,-106.0,82.0
-125.0,251.0,-172.0,453.0,,-84.0,213.0,678.0,-254.0,-101.0
-95.0,235.0,-230.0,587.0,,2.0,19.0,476.0,-53.0,-12.0
-33.0,-599.0,-251.0,639.0,,-318.0,-116.0,399.0,-10.0,13.0
-102.0,-751.0,-256.0,647.0,,-284.0,-130.0,210.0,-233.0,36.0
-86.0,-95.0,-290.0,690.0,,-209.0,-70.0,86.0,-350.0,60.0
-9.0,-240.0,-286.0,723.0,,-302.0,54.0,171.0,-451.0,-47.0
-12.0,-283.0,-236.0,830.0,,-191.0,208.0,142.0,-253.0,-247.0
0.0,215.0,-213.0,974.0,,-113.0,345.0,295.0,-205.0,-32.0
23.0,955.0,-198.0,1014.0,,-288.0,491.0,195.0,-416.0,370.0
77.0,946.0,-178.0,888.0,,-378.0,609.0,173.0,-493.0,21.0
149.0,680.0,-143.0,640.0,,-160.0,671.0,205.0,-418.0,-116.0
207.0,372.0,-146.0,429.0,,-20.0,730.0,96.0,-184.0,278.0
141.0,147.0,-134.0,281.0,,-340.0,746.0,181.0,-70.0,400.0
136.0,105.0,-109.0,276.0,,-505.0,691.0,142.0,-96.0,161.0
229.0,-334.0,-77.0,244.0,,-135.0,628.0,356.0,-213.0,130.0
209.0,35.0,-59.0,145.0,,-121.0,613.0,506.0,-110.0,376.0
156.0,-202.0,-69.0,131.0,,-244.0,556.0,637.0,80.0,263.0
138.0,-981.0,-33.0,152.0,,81.0,409.0,838.0,177.0,171.0
246.0,-928.0,-21.0,183.0,,184.0,272.0,825.0,118.0,303.0
286.0,-390.0,-36.0,226.0,,47.0,178.0,934.0,0.0,296.0
177.0,-626.0,-84.0,337.0,,123.0,57.0,761.0,130.0,7.0
106.0,-430.0,-89.0,332.0,,304.0,-99.0,665.0,346.0,31.0
74.0,485.0,-48.0,156.0,,323.0,-138.0,578.0,429.0,220.0
83.0,-257.0,-55.0,112.0,,175.0,-103.0,463.0,187.0,-22.0
17.0,-155.0,-77.0,223.0,,266.0,-148.0,546.0,57.0,-39.0
-55.0,548.0,-82.0,372.0,,388.0,-213.0,487.0,47.0,119.0
-25.0,561.0,-41.0,490.0,,60.0,-261.0,687.0,96.0,26.0
-4.0,205.0,-39.0,505.0,,-53.0,-299.0,681.0,19.0,-100.0
-97.0,193.0,0.0,503.0,,95.0,-317.0,694.0,-329.0,11.0
-202.0,1189.0,44.0,490.0,,98.0,-356.0,740.0,-485.0,120.0
-201.0,1073.0,88.0,385.0,,281.0,-432.0,487.0,-490.0,86.0
-192.0,243.0,111.0,251.0,,453.0,-449.0,458.0,-366.0,-112.0
-256.0,260.0,57.0,81.0,,440.0,-372.0,319.0,-330.0,-186.0
-291.0,578.0,74.0,-48.0,,381.0,-246.0,271.0,-316.0,0.0
-242.0,0.0,87.0,-23.0,,428.0,-153.0,192.0,-343.0,-44.0
-248.0,-169.0,89.0,62.0,,513.0,-71.0,138.0,-251.0,-112.0
-248.0,76.0,63.0,279.0,,386.0,79.0,262.0,-88.0,-279.0
-247.0,187.0,89.0,573.0,,350.0,179.0,343.0,-190.0,-286.0
-253.0,147.0,137.0,796.0,,526.0,180.0,565.0,-302.0,-73.0
-238.0,-607.0,126.0,806.0,,413.0,133.0,476.0,-413.0,68.0
-248.0,-654.0,162.0,590.0,,244.0,69.0,393.0,-186.0,26.0
-288.0,-91.0,187.0,403.0,,438.0,25.0,325.0,0.0,-286.0
-313.0,90.0,244.0,267.0,,431.0,-23.0,243.0,44.0,-98.0
-246.0,-144.0,292.0,188.0,,286.0,-14.0,323.0,217.0,187.0
-301.0,81.0,313.0,134.0,,351.0,28.0,249.0,241.0,209.0
-344.0,320.0,393.0,101.0,,325.0,-18.0,386.0,343.0,-12.0
-324.0,493.0,455.0,117.0,,109.0,-54.0,417.0,464.0,-246.0
-325.0,1083.0,458.0,164.0,,-64.0,-8.0,502.0,459.0,-8.0
-324.0,659.0,446.0,182.0,,169.0,34.0,644.0,307.0,7.0
-311.0,568.0,462.0,228.0,,210.0,67.0,626.0,121.0,-11.0
-241.0,1555.0,465.0,397.0,,-160.0,141.0,846.0,102.0,-112.0
-228.0,1154.0,408.0,524.0,,59.0,225.0,881.0,229.0,-403.0
-157.0,-121.0,365.0,479.0,,423.0,241.0,923.0,192.0,-372.0
-165.0,-607.0,358.0,175.0,,355.0,218.0,896.0,-44.0,-248.0
-172.0,-321.0,373.0,-134.0,,419.0,228.0,746.0,-205.0,-257.0
-147.0,-539.0,374.0,-326.0,,659.0,244.0,713.0,-270.0,-629.0
-142.0,-1120.0,359.0,-492.0,,688.0,241.0,493.0,-136.0,-807.0
-83.0,-793.0,392.0,-544.0,,356.0,261.0,423.0,-90.0,-545.0
-110.0,-1182.0,407.0,-390.0,,155.0,260.0,275.0,-243.0,-552.0
-50.0,-1295.0,436.0,-91.0,,328.0,192.0,123.0,-389.0,-733.0
3.0,-621.0,471.0,108.0,,187.0,86.0,120.0,-581.0,-624.0
21.0,-620.0,493.0,197.0,,-35.0,-35.0,68.0,-557.0,-439.0
29.0,-107.0,550.0,203.0,,185.0,-216.0,123.0,-490.0,-404.0
70.0,8.0,554.0,262.0,,184.0,-397.0,1.0,-566.0,-195.0
177.0,-270.0,550.0,297.0,,60.0,-444.0,60.0,-561.0,75.0
175.0,426.0,587.0,266.0,,88.0,-478.0,97.0,-425.0,100.0
130.0,1045.0,581.0,306.0,,81.0,-511.0,59.0,-176.0,145.0
103.0,813.0,559.0,285.0,,53.0,-495.0,205.0,-58.0,535.0
152.0,162.0,524.0,235.0,,127.0,-470.0,199.0,6.0,830.0
122.0,389.0,527.0,148.0,,431.0,-419.0,395.0,3.0,664.0
-10.0,746.0,568.0,30.0,,400.0,-361.0,445.0,36.0,611.0
-108.0,249.0,514.0,-132.0,,198.0,-297.0,413.0,268.0,830.0
-134.0,-102.0,487.0,-240.0,,303.0,-330.0,443.0,372.0,702.0
-172.0,117.0,466.0,-280.0,,294.0,-338.0,393.0,401.0,398.0
-306.0,-132.0,411.0,-361.0,,4.0,-214.0,541.0,469.0,387.0
-344.0,-854.0,415.0,-348.0,,105.0,-86.0,589.0,612.0,274.0
-361.0,-128.0,355.0,-324.0,,380.0,28.0,716.0,626.0,-1.0
-359.0,-440.0,322.0,-229.0,,222.0,102.0,633.0,599.0,-27.0
-315.0,-783.0,291.0,-66.0,,129.0,204.0,363.0,488.0,100.0
-315.0,632.0,214.0,69.0,,120.0,311.0,133.0,213.0,-71.0
-309.0,1162.0,204.0,244.0,,117.0,363.0,-186.0,243.0,-191.0
-336.0,555.0,191.0,387.0,,-34.0,383.0,-175.0,173.0,-25.0
-301.0,189.0,171.0,520.0,,18.0,347.0,-131.0,39.0,9.0
-304.0,910.0,161.0,562.0,,232.0,306.0,151.0,-58.0,-16.0
-292.0,16.0,175.0,535.0,,8.0,246.0,485.0,-366.0,198.0
-176.0,166.0,229.0,470.0,,-26.0,145.0,546.0,-406.0,463.0
-117.0,729.0,296.0,259.0,,208.0,57.0,800.0,-201.0,307.0
-95.0,-178.0,324.0,29.0,,431.0,42.0,949.0,-136.0,304.0
-128.0,2.0,330.0,-209.0,,469.0,67.0,1073.0,-383.0,552.0
-118.0,-153.0,369.0,-401.0,,523.0,82.0,1043.0,-439.0,601.0
-84.0,-524.0,377.0,-540.0,,670.0,132.0,990.0,-176.0,612.0
-76.0,-924.0,368.0,-767.0,,676.0,206.0,809.0,-86.0,526.0
-132.0,-596.0,366.0,-883.0,,676.0,255.0,415.0,-91.0,502.0
-190.0,-996.0,348.0,-727.0,,778.0,289.0,312.0,-76.0,510.0
-170.0,-982.0,305.0,-531.0,,875.0,311.0,136.0,-111.0,562.0
-151.0,-560.0,263.0,-388.0,,691.0,278.0,218.0,-192.0,523.0
-200.0,-784.0,259.0,-220.0,,754.0,199.0,201.0,-6.0,243.0
-314.0,-661.0,268.0,-102.0,,851.0,140.0,-5.0,61.0,183.0
-306.0,-733.0,217.0,80.0,,725.0,104.0,29.0,-68.0,369.0
-290.0,549.0,199.0,147.0,,832.0,-4.0,-35.0,21.0,488.0
-339.0,312.0,198.0,-73.0,,735.0,-154.0,138.0,94.0,347.0
-419.0,728.0,181.0,-332.0,,549.0,-252.0,271.0,219.0,217.0
-395.0,1504.0,226.0,-583.0,,607.0,-305.0,445.0,235.0,279.0
-293.0,571.0,181.0,-718.0,,811.0,-305.0,607.0,107.0,451.0
-264.0,1102.0,153.0,-743.0,,832.0,-287.0,641.0,-29.0,493.0
-286.0,969.0,174.0,-797.0,,576.0,-345.0,783.0,-124.0,311.0
-292.0,413.0,172.0,-881.0,,617.0,-407.0,558.0,-52.0,218.0
-217.0,-611.0,193.0,-936.0,,759.0,-324.0,362.0,-87.0,212.0
-260.0,-564.0,207.0,-895.0,,615.0,-201.0,118.0,-342.0,290.0
-275.0,-192.0,272.0,-753.0,,601.0,-65.0,-142.0,-478.0,298.0
-275.0,-912.0,311.0,-424.0,,876.0,137.0,-164.0,-515.0,73.0
-288.0,12.0,357.0,-9.0,,802.0,310.0,-267.0,-718.0,-204.0
-264.0,184.0,454.0,314.0,,649.0,442.0,-116.0,-763.0,-147.0
-276.0,648.0,509.0,480.0,,922.0,557.0,57.0,-849.0,-68.0
-259.0,1056.0,584.0,523.0,,894.0,686.0,334.0,-925.0,-239.0
-233.0,440.0,618.0,607.0,,618.0,821.0,452.0,-751.0,-264.0
-141.0,257.0,605.0,610.0,,653.0,906.0,245.0,-689.0,-219.0
-146.0,-235.0,636.0,463.0,,920.0,972.0,295.0,-553.0,-119.0
-155.0,-309.0,632.0,261.0,,936.0,996.0,147.0,-333.0,7.0
-152.0,-426.0,600.0,134.0,,704.0,947.0,86.0,-343.0,93.0
-130.0,17.0,543.0,166.0,,709.0,885.0,7.0,-220.0,78.0
-128.0,-632.0,496.0,232.0,,782.0,788.0,-153.0,164.0,70.0
-198.0,-818.0,445.0,256.0,,643.0,670.0,-158.0,205.0,48.0
-181.0,-334.0,390.0,152.0,,620.0,627.0,-286.0,336.0,31.0
-227.0,-1119.0,352.0,-83.0,,872.0,617.0,-188.0,548.0,112.0
-234.0,-306.0,323.0,-227.0,,690.0,637.0,-280.0,477.0,-31.0
-216.0,-31.0,326.0,-184.0,,353.0,716.0,-380.0,484.0,-170.0
-165.0,198.0,300.0,-62.0,,447.0,726.0,-463.0,300.0,-205.0
-138.0,796.0,332.0,-2.0,,540.0,709.0,-582.0,67.0,-104.0
-143.0,945.0,324.0,-116.0,,435.0,708.0,-424.0,-98.0,-106.0
-104.0,1086.0,296.0,-266.0,,353.0,635.0,-439.0,-112.0,-309.0
-96.0,846.0,296.0,-406.0,,536.0,582.0,-356.0,127.0,-273.0
-67.0,796.0,278.0,-556.0,,534.0,497.0,-325.0,298.0,-290.0
-60.0,408.0,345.0,-695.0,,445.0,328.0,-171.0,244.0,-434.0
1.0,165.0,352.0,-864.0,,640.0,159.0,44.0,67.0,-445.0
35.0,303.0,348.0,-984.0,,507.0,-15.0,64.0,-12.0,-347.0
62.0,221.0,385.0,-990.0,,177.0,-89.0,247.0,-10.0,-556.0
47.0,-319.0,435.0,-944.0,,167.0,-37.0,194.0,166.0,-718.0
53.0,-681.0,474.0,-858.0,,237.0,-11.0,103.0,222.0,-454.0
157.0,-1397.0,497.0,-726.0,,97.0,14.0,-123.0,141.0,-524.0
232.0,-874.0,517.0,-671.0,,35.0,77.0,-352.0,163.0,-633.0
289.0,-401.0,501.0,-674.0,,246.0,154.0,-434.0,161.0,-471.0
278.0,-970.0,507.0,-702.0,,214.0,302.0,-672.0,141.0,-419.0
312.0,-397.0,473.0,-657.0,,63.0,464.0,-565.0,-43.0,-436.0
329.0,-626.0,469.0,-477.0,,203.0,590.0,-508.0,-224.0,-408.0
335.0,-341.0,440.0,-308.0,,252.0,730.0,-447.0,-254.0,-281.0
294.0,-17.0,347.0,-179.0,,148.0,876.0,-277.0,-293.0,-257.0
263.0,-459.0,287.0,-124.0,,175.0,969.0,-216.0,-322.0,-303.0
241.0,-437.0,214.0,-99.0,,58.0,941.0,-33.0,-374.0,-265.0
185.0,-716.0,199.0,10.0,,-218.0,873.0,-77.0,-476.0,-143.0
149.0,-891.0,167.0,69.0,,-114.0,857.0,-101.0,-415.0,-53.0
71.0,-1104.0,108.0,-102.0,,127.0,777.0,-262.0,-281.0,-37.0
84.0,-949.0,81.0,-329.0,,-130.0,634.0,-474.0,-186.0,-78.0
79.0,-697.0,83.0,-397.0,,-523.0,507.0,-552.0,-96.0,-81.0
53.0,-452.0,119.0,-349.0,,-365.0,341.0,-772.0,-147.0,-17.0
-4.0,403.0,125.0,-351.0,,-67.0,143.0,-663.0,-154.0,-117.0
64.0,305.0,187.0,-467.0,,-155.0,-11.0,-546.0,-42.0,-262.0
123.0,-123.0,229.0,-516.0,,-300.0,-115.0,-371.0,194.0,-392.0
87.0,400.0,229.0,-480.0,,-196.0,-143.0,-303.0,336.0,-421.0
142.0,721.0,273.0,-410.0,,-120.0,-110.0,-506.0,161.0,-344.0
129.0,905.0,298.0,-236.0,,-134.0,-42.0,-502.0,16.0,-264.0
170.0,882.0,338.0,-49.0,,6.0,52.0,-681.0,23.0,-383.0
177.0,922.0,349.0,13.0,,0.0,147.0,-648.0,50.0,-630.0
167.0,1266.0,344.0,-152.0,,-313.0,280.0,-521.0,7.0,-521.0
136.0,901.0,343.0,-335.0,,-306.0,347.0,-421.0,-161.0,-307.0
158.0,204.0,370.0,-363.0,,95.0,349.0,-232.0,-374.0,-280.0
181.0,409.0,370.0,-263.0,,0.0,366.0,-317.0,-311.0,-459.0
150.0,387.0,303.0,-82.0,,-322.0,291.0,-225.0,-183.0,-481.0
126.0,-93.0,304.0,10.0,,-320.0,171.0,-267.0,-221.0,-324.0
64.0,-56.0,310.0,43.0,,-325.0,81.0,-314.0,-196.0,-380.0
92.0,-259.0,262.0,38.0,,-382.0,-6.0,-288.0,-169.0,-375.0
69.0,-142.0,195.0,-71.0,,-252.0,-96.0,-417.0,-82.0,-433.0
43.0,-1096.0,200.0,-238.0,,-32.0,-157.0,-426.0,141.0,-606.0
33.0,-1536.0,177.0,-351.0,,-169.0,-261.0,-558.0,196.0,-571.0
83.0,-749.0,141.0,-451.0,,-206.0,-445.0,-556.0,37.0,-322.0
103.0,-1073.0,125.0,-635.0,,-98.0,-579.0,-607.0,-9.0,-330.0
66.0,-638.0,77.0,-694.0,,-448.0,-625.0,-545.0,19.0,-677.0
14.0,-537.0,61.0,-483.0,,-781.0,-604.0,-382.0,60.0,-555.0
-44.0,-835.0,5.0,-255.0,,-591.0,-511.0,-450.0,60.0,-278.0
-31.0,-511.0,-43.0,-81.0,,-250.0,-355.0,-303.0,-122.0,-296.0
-21.0,-41.0,-102.0,57.0,,-310.0,-160.0,-380.0,-262.0,-411.0
7.0,164.0,-95.0,-6.0,,-298.0,24.0,-408.0,-168.0,-456.0
-60.0,-168.0,-147.0,-128.0,,-95.0,174.0,-362.0,-118.0,-373.0
-54.0,-188.0,-239.0,-102.0,,-300.0,216.0,-430.0,-175.0,-436.0
-23.0,-19.0,-243.0,6.0,,-404.0,152.0,-327.0,-249.0,-471.0
-20.0,35.0,-288.0,155.0,,-69.0,125.0,-428.0,-403.0,-435.0
-14.0,86.0,-325.0,238.0,,118.0,105.0,-378.0,-248.0,-496.0
21.0,615.0,-399.0,281.0,,-216.0,43.0,-395.0,-62.0,-529.0
117.0,513.0,-364.0,411.0,,-374.0,32.0,-413.0,-90.0,-372.0
139.0,466.0,-343.0,440.0,,-50.0,43.0,-271.0,-84.0,-275.0
159.0,516.0,-336.0,231.0,,-108.0,-1.0,-310.0,-46.0,-305.0
82.0,-4.0,-250.0,4.0,,-432.0,-67.0,-266.0,34.0,-339.0
129.0,185.0,-200.0,-75.0,,-318.0,-124.0,-380.0,82.0,-182.0
212.0,-96.0,-97.0,-134.0,,-25.0,-157.0,-408.0,157.0,29.0
136.0,98.0,-82.0,-199.0,,-136.0,-166.0,-467.0,65.0,-25.0
-19.0,445.0,-76.0,-166.0,,-183.0,-208.0,-559.0,70.0,41.0
-45.0,256.0,-7.0,-9.0,,-33.0,-264.0,-482.0,119.0,179.0
60.0,313.0,35.0,37.0,,-228.0,-291.0,-567.0,132.0,288.0
22.0,330.0,54.0,-71.0,,-428.0,-324.0,-452.0,123.0,274.0
-26.0,686.0,57.0,-108.0,,-319.0,-359.0,-498.0,-45.0,327.0
-28.0,93.0,87.0,-121.0,,-125.0,-395.0,-519.0,235.0,318.0
85.0,260.0,97.0,-134.0,,-179.0,-473.0,-388.0,479.0,0.0
179.0,355.0,83.0,-169.0,,-191.0,-531.0,-360.0,483.0,-57.0
128.0,-272.0,5.0,-134.0,,-22.0,-554.0,-75.0,375.0,-101.0
84.0,331.0,-21.0,35.0,,-162.0,-554.0,38.0,205.0,-371.0
186.0,-196.0,1.0,104.0,,-193.0,-545.0,169.0,155.0,-613.0
312.0,-683.0,-37.0,22.0,,41.0,-602.0,234.0,-10.0,-671.0
279.0,-658.0,-49.0,0.0,,-137.0,-690.0,203.0,-49.0,-814.0
236.0,-613.0,-39.0,-71.0,,-293.0,-742.0,258.0,-120.0,-1114.0
285.0,92.0,-22.0,-117.0,,-79.0,-755.0,103.0,-79.0,-1025.0
327.0,134.0,-72.0,-69.0,,-175.0,-751.0,20.0,-50.0,-904.0
350.0,57.0,-116.0,-259.0,,-638.0,-679.0,-229.0,5.0,-957.0
348.0,401.0,-90.0,-533.0,,-795.0,-540.0,-339.0,262.0,-777.0
323.0,239.0,-98.0,-651.0,,-406.0,-412.0,-382.0,106.0,-653.0
393.0,490.0,-153.0,-530.0,,-317.0,-309.0,-561.0,24.0,-553.0
396.0,850.0,-203.0,-322.0,,-623.0,-220.0,-558.0,59.0,-301.0
383.0,301.0,-206.0,-181.0,,-563.0,-163.0,-668.0,-102.0,-209.0
340.0,870.0,-203.0,1.0,,-386.0,-175.0,-474.0,-111.0,-247.0
356.0,1258.0,-241.0,128.0,,-417.0,-197.0,-260.0,-332.0,-147.0
367.0,1025.0,-291.0,182.0,,-416.0,-230.0,-77.0,-580.0,-37.0
259.0,734.0,-295.0,118.0,,-269.0,-271.0,181.0,-515.0,-3.0
224.0,534.0,-315.0,-7.0,,-354.0,-236.0,208.0,-461.0,66.0
170.0,333.0,-378.0,-12.0,,-465.0,-205.0,345.0,-341.0,125.0
147.0,-127.0,-441.0,14.0,,-126.0,-211.0,297.0,-333.0,156.0
100.0,83.0,-446.0,27.0,,-118.0,-155.0,304.0,-356.0,243.0
127.0,-1167.0,-456.0,-1.0,,-592.0,-74.0,205.0,-323.0,468.0
56.0,-1664.0,-523.0,-173.0,,-586.0,-71.0,-33.0,-225.0,456.0
41.0,-1490.0,-569.0,-436.0,,-287.0,-73.0,-22.0,-60.0,249.0
102.0,-1808.0,-573.0,-605.0,,-445.0,-45.0,-73.0,-276.0,248.0
74.0,-1493.0,-579.0,-662.0,,-647.0,-57.0,99.0,-390.0,373.0
102.0,-1679.0,-608.0,-603.0,,-500.0,-93.0,197.0,-313.0,198.0
-23.0,-1094.0,-620.0,-425.0,,-446.0,-157.0,290.0,-299.0,10.0
12.0,-555.0,-551.0,-235.0,,-717.0,-260.0,397.0,-122.0,180.0
56.0,194.0,-450.0,-168.0,,-700.0,-361.0,280.0,59.0,0.0
42.0,550.0,-433.0,-243.0,,-323.0,-463.0,304.0,51.0,-56.0
13.0,175.0,-382.0,-249.0,,-409.0,-575.0,153.0,35.0,193.0
10.0,1221.0,-281.0,-139.0,,-525.0,-693.0,62.0,178.0,0.0
111.0,1391.0,-204.0,-65.0,,-414.0,-762.0,-29.0,207.0,-209.0
83.0,533.0,-134.0,-103.0,,-354.0,-816.0,-116.0,274.0,-88.0
83.0,932.0,-103.0,-167.0,,-321.0,-879.0,-9.0,273.0,-46.0
58.0,1802.0,-60.0,-269.0,,-377.0,-858.0,-18.0,127.0,-204.0
132.0,1053.0,-1.0,-315.0,,-281.0,-753.0,131.0,334.0,-249.0
175.0,-79.0,-18.0,-247.0,,-228.0,-663.0,179.0,572.0,-262.0
106.0,493.0,-33.0,-122.0,,-54.0,-616.0,321.0,453.0,-329.0
90.0,417.0,0.0,58.0,,114.0,-495.0,485.0,306.0,-325.0
60.0,270.0,-50.0,39.0,,-183.0,-300.0,480.0,305.0,-189.0
64.0,267.0,-126.0,-184.0,,-299.0,-110.0,607.0,366.0,-241.0
21.0,-380.0,-207.0,-362.0,,-56.0,62.0,469.0,489.0,-383.0
-11.0,-326.0,-240.0,-390.0,,-52.0,179.0,376.0,580.0,-153.0
36.0,-242.0,-242.0,-360.0,,-321.0,220.0,240.0,546.0,4.0
52.0,-73.0,-335.0,-255.0,,-204.0,186.0,110.0,542.0,-190.0
84.0,-189.0,-408.0,-31.0,,70.0,56.0,134.0,728.0,-171.0
152.0,-262.0,-433.0,143.0,,-166.0,-155.0,49.0,747.0,54.0
149.0,177.0,-467.0,231.0,,-254.0,-337.0,175.0,737.0,-99.0
180.0,1284.0,-535.0,270.0,,68.0,-447.0,164.0,689.0,-126.0
255.0,825.0,-575.0,275.0,,114.0,-501.0,271.0,528.0,18.0
223.0,-272.0,-588.0,209.0,,-45.0,-552.0,386.0,698.0,-62.0
148.0,-86.0,-631.0,168.0,,113.0,-594.0,327.0,679.0,-141.0
159.0,-262.0,-672.0,209.0,,347.0,-590.0,454.0,598.0,-115.0
114.0,1107.0,-654.0,105.0,,203.0,-553.0,382.0,474.0,28.0
33.0,324.0,-624.0,-115.0,,114.0,-441.0,393.0,307.0,-18.0
48.0,-1438.0,-620.0,-328.0,,375.0,-305.0,303.0,345.0,18.0
56.0,400.0,-635.0,-536.0,,357.0,-201.0,140.0,150.0,88.0
38.0,202.0,-666.0,-612.0,,129.0,-143.0,94.0,108.0,81.0
35.0,-1243.0,-613.0,-601.0,,317.0,-151.0,-7.0,-17.0,261.0
61.0,-805.0,-615.0,-648.0,,534.0,-241.0,140.0,-142.0,260.0
88.0,-157.0,-661.0,-711.0,,352.0,-359.0,157.0,224.0,175.0
100.0,549.0,-655.0,-680.0,,198.0,-466.0,240.0,316.0,144.0
102.0,-149.0,-648.0,-590.0,,413.0,-621.0,219.0,180.0,54.0
96.0,-309.0,-624.0,-442.0,,457.0,-757.0,51.0,316.0,-45.0
85.0,-139.0,-615.0,-179.0,,158.0,-852.0,105.0,353.0,106.0
90.0,-768.0,-596.0,33.0,,73.0,-889.0,55.0,348.0,176.0
115.0,-181.0,-582.0,65.0,,135.0,-854.0,227.0,390.0,-29.0
99.0,-47.0,-550.0,102.0,,154.0,-751.0,253.0,199.0,86.0
92.0,527.0,-571.0,211.0,,247.0,-573.0,221.0,91.0,304.0
103.0,-282.0,-609.0,290.0,,314.0,-392.0,227.0,20.0,320.0
82.0,-514.0,-545.0,310.0,,155.0,-209.0,120.0,-69.0,367.0
98.0,413.0,-533.0,328.0,,127.0,-57.0,230.0,61.0,383.0
76.0,-932.0,-569.0,373.0,,402.0,0.0,188.0,59.0,321.0
44.0,-443.0,-569.0,426.0,,373.0,-46.0,264.0,-130.0,336.0
28.0,-132.0,-520.0,432.0,,240.0,-130.0,247.0,-223.0,356.0
-33.0,-278.0,-473.0,378.0,,394.0,-242.0,175.0,-232.0,306.0
-41.0,233.0,-475.0,399.0,,392.0,-391.0,227.0,-111.0,78.0
-32.0,-16.0,-409.0,320.0,,235.0,-567.0,160.0,-121.0,79.0
-89.0,-189.0,-321.0,66.0,,350.0,-832.0,293.0,-296.0,149.0
-148.0,-229.0,-259.0,-116.0,,699.0,-1076.0,201.0,-194.0,111.0
-105.0,270.0,-229.0,-112.0,,592.0,-1203.0,210.0,14.0,242.0
-114.0,909.0,-197.0,-10.0,,191.0,-1216.0,295.0,103.0,151.0
-143.0,1790.0,-119.0,74.0,,341.0,-1109.0,251.0,-33.0,228.0
-157.0,857.0,-84.0,121.0,,431.0,-929.0,314.0,-151.0,274.0
-169.0,140.0,-90.0,279.0,,201.0,-708.0,97.0,-220.0,396.0
-96.0,545.0,-96.0,512.0,,279.0,-504.0,24.0,-258.0,439.0
-73.0,-122.0,-93.0,667.0,,522.0,-373.0,-55.0,-119.0,277.0
-93.0,-61.0,-105.0,710.0,,417.0,-281.0,-97.0,-105.0,512.0
-75.0,18.0,-154.0,575.0,,160.0,-231.0,-33.0,-70.0,418.0
-29.0,707.0,-203.0,481.0,,383.0,-192.0,-164.0,-104.0,426.0
-91.0,1151.0,-195.0,479.0,,502.0,-171.0,-79.0,-96.0,416.0
-175.0,745.0,-255.0,463.0,,229.0,-218.0,-40.0,39.0,164.0
-236.0,-100.0,-331.0,366.0,,342.0,-244.0,55.0,108.0,183.0
-246.0,-937.0,-341.0,251.0,,669.0,-237.0,99.0,80.0,254.0
-259.0,-6.0,-372.0,223.0,,575.0,-210.0,73.0,161.0,135.0
-286.0,-119.0,-376.0,266.0,,339.0,-180.0,254.0,468.0,-80.0
-225.0,-217.0,-406.0,276.0,,386.0,-140.0,243.0,425.0,169.0
-191.0,279.0,-457.0,173.0,,344.0,-129.0,288.0,398.0,282.0
-137.0,-315.0,-458.0,183.0,,4.0,-168.0,190.0,368.0,130.0
-179.0,-648.0,-454.0,255.0,,3.0,-210.0,114.0,214.0,268.0
-186.0,-451.0,-479.0,271.0,,290.0,-303.0,136.0,294.0,346.0
-167.0,-518.0,-486.0,352.0,,98.0,-453.0,40.0,272.0,258.0
-170.0,-537.0,-463.0,402.0,,-102.0,-623.0,186.0,224.0,377.0
-160.0,171.0,-433.0,377.0,,56.0,-767.0,212.0,340.0,503.0
-194.0,-207.0,-421.0,295.0,,233.0,-888.0,360.0,380.0,446.0
-154.0,-297.0,-404.0,224.0,,253.0,-1028.0,452.0,453.0,474.0
-153.0,-369.0,-339.0,213.0,,233.0,-1120.0,365.0,574.0,623.0
-78.0,-957.0,-290.0,104.0,,367.0,-1121.0,362.0,136.0,625.0
16.0,-675.0,-294.0,-72.0,,220.0,-1108.0,171.0,-174.0,389.0
129.0,-640.0,-283.0,-245.0,,175.0,-1017.0,166.0,-131.0,480.0
208.0,-692.0,-239.0,-350.0,,393.0,-847.0,125.0,-66.0,607.0
266.0,-829.0,-244.0,-347.0,,323.0,-728.0,175.0,166.0,522.0
394.0,-587.0,-276.0,-266.0,,285.0,-637.0,290.0,27.0,513.0
405.0,-347.0,-305.0,-86.0,,513.0,-556.0,236.0,-95.0,553.0
428.0,29.0,-306.0,190.0,,545.0,-491.0,236.0,-10.0,565.0
414.0,424.0,-326.0,424.0,,162.0,-423.0,44.0,171.0,527.0
439.0,620.0,-405.0,514.0,,235.0,-311.0,66.0,340.0,675.0
483.0,688.0,-426.0,601.0,,719.0,-201.0,38.0,314.0,682.0
393.0,1044.0,-454.0,736.0,,603.0,-150.0,-51.0,244.0,689.0
347.0,1583.0,-531.0,792.0,,401.0,-127.0,-18.0,152.0,824.0
383.0,1085.0,-580.0,650.0,,484.0,-131.0,-160.0,161.0,752.0
449.0,764.0,-640.0,537.0,,473.0,-126.0,-31.0,16.0,760.0
450.0,878.0,-699.0,502.0,,501.0,-73.0,36.0,-128.0,703.0
449.0,1132.0,-728.0,324.0,,596.0,-19.0,88.0,-282.0,548.0
544.0,144.0,-754.0,29.0,,825.0,78.0,140.0,-288.0,511.0
591.0,-304.0,-779.0,-241.0,,540.0,248.0,134.0,-112.0,418.0
574.0,-481.0,-743.0,-376.0,,184.0,345.0,328.0,-44.0,210.0
547.0,-1006.0,-688.0,-461.0,,678.0,411.0,306.0,80.0,-42.0
553.0,-186.0,-661.0,-494.0,,763.0,457.0,330.0,-60.0,-89.0
560.0,-371.0,-597.0,-337.0,,572.0,394.0,271.0,-92.0,-215.0
529.0,260.0,-502.0,-128.0,,659.0,320.0,214.0,110.0,-556.0
443.0,637.0,-433.0,3.0,,751.0,252.0,288.0,137.0,-480.0
369.0,866.0,-398.0,135.0,,647.0,116.0,155.0,-83.0,-357.0
461.0,944.0,-384.0,306.0,,511.0,-56.0,160.0,-226.0,-415.0
463.0,-250.0,-351.0,426.0,,833.0,-224.0,94.0,-137.0,-298.0
430.0,76.0,-302.0,452.0,,742.0,-359.0,149.0,-57.0,-228.0
433.0,-61.0,-289.0,498.0,,343.0,-429.0,321.0,124.0,-226.0
437.0,-134.0,-250.0,574.0,,451.0,-465.0,380.0,32.0,-303.0
474.0,-65.0,-188.0,695.0,,798.0,-478.0,502.0,-188.0,-293.0
428.0,337.0,-198.0,817.0,,776.0,-440.0,450.0,-269.0,-325.0
413.0,-68.0,-214.0,805.0,,676.0,-344.0,497.0,-261.0,-520.0
371.0,-1262.0,-183.0,699.0,,776.0,-210.0,441.0,-159.0,-412.0
393.0,-232.0,-178.0,571.0,,578.0,-69.0,332.0,-322.0,-372.0
342.0,-307.0,-152.0,430.0,,459.0,73.0,282.0,-647.0,-471.0
214.0,-80.0,-170.0,280.0,,721.0,208.0,94.0,-630.0,-329.0
145.0,775.0,-190.0,124.0,,942.0,347.0,42.0,-416.0,-169.0
98.0,866.0,-177.0,112.0,,757.0,515.0,-121.0,-333.0,-179.0
156.0,1164.0,-218.0,286.0,,567.0,634.0,-181.0,-346.0,-52.0
126.0,541.0,-242.0,370.0,,549.0,663.0,-238.0,-484.0,134.0
101.0,560.0,-319.0,428.0,,525.0,692.0,-236.0,-382.0,51.0
128.0,600.0,-344.0,614.0,,551.0,659.0,-42.0,-258.0,160.0
83.0,-187.0,-400.0,839.0,,772.0,572.0,-79.0,-258.0,303.0
32.0,-744.0,-476.0,1041.0,,803.0,520.0,24.0,-292.0,47.0
-35.0,-439.0,-492.0,1048.0,,307.0,478.0,-9.0,-332.0,8.0
-151.0,-108.0,-474.0,857.0,,333.0,449.0,42.0,-150.0,361.0
-165.0,-701.0,-461.0,646.0,,525.0,410.0,177.0,-142.0,268.0
-111.0,-673.0,-496.0,444.0,,200.0,395.0,64.0,-86.0,84.0
-128.0,-580.0,-407.0,300.0,,-25.0,390.0,177.0,-7.0,212.0
-139.0,-710.0,-369.0,204.0,,85.0,363.0,131.0,-107.0,120.0
-126.0,-406.0,-331.0,107.0,,164.0,345.0,127.0,-102.0,52.0
-136.0,159.0,-316.0,64.0,,-96.0,328.0,175.0,86.0,54.0
-114.0,762.0,-323.0,123.0,,32.0,316.0,242.0,166.0,-57.0
-90.0,619.0,-284.0,174.0,,278.0,297.0,421.0,-73.0,-191.0
-99.0,798.0,-290.0,128.0,,-49.0,318.0,382.0,-96.0,-154.0
-71.0,1173.0,-304.0,49.0,,-152.0,369.0,408.0,100.0,184.0
-68.0,848.0,-366.0,10.0,,198.0,396.0,290.0,351.0,332.0
-42.0,335.0,-396.0,64.0,,200.0,394.0,192.0,375.0,138.0
-73.0,480.0,-490.0,121.0,,-203.0,370.0,129.0,67.0,215.0
-117.0,730.0,-551.0,249.0,,-161.0,346.0,31.0,-295.0,534.0
-88.0,29.0,-591.0,481.0,,152.0,304.0,66.0,-462.0,654.0
-111.0,-304.0,-620.0,570.0,,-19.0,273.0,-44.0,-402.0,698.0
-183.0,-1132.0,-612.0,519.0,,-248.0,272.0,-55.0,-572.0,662.0
-189.0,-1268.0,-661.0,396.0,,-112.0,352.0,-169.0,-675.0,618.0
-103.0,-999.0,-607.0,180.0,,-16.0,419.0,-247.0,-736.0,875.0
-66.0,-1523.0,-545.0,100.0,,-160.0,455.0,-227.0,-586.0,947.0
-3.0,-629.0,-491.0,181.0,,-281.0,555.0,-338.0,-201.0,691.0
10.0,-965.0,-468.0,277.0,,-271.0,578.0,-269.0,-70.0,737.0
-18.0,-1009.0,-397.0,348.0,,-251.0,571.0,-341.0,-121.0,863.0
-36.0,172.0,-310.0,274.0,,-162.0,581.0,-293.0,-350.0,881.0
-22.0,80.0,-278.0,194.0,,-88.0,560.0,-205.0,-216.0,894.0
-22.0,631.0,-167.0,171.0,,-340.0,541.0,-175.0,-35.0,837.0
-65.0,1782.0,-140.0,183.0,,-392.0,539.0,33.0,26.0,886.0
-33.0,1588.0,-39.0,270.0,,-12.0,532.0,53.0,-19.0,871.0
-36.0,561.0,56.0,291.0,,-91.0,485.0,179.0,-314.0,898.0
-42.0,908.0,77.0,308.0,,-391.0,447.0,221.0,-210.0,879.0
-57.0,1337.0,197.0,346.0,,-199.0,406.0,267.0,-33.0,694.0
-59.0,642.0,229.0,290.0,,-13.0,395.0,338.0,-47.0,720.0
-32.0,857.0,261.0,304.0,,-279.0,403.0,243.0,-299.0,785.0
37.0,1327.0,291.0,295.0,,-444.0,360.0,345.0,-485.0,753.0
49.0,286.0,277.0,173.0,,-94.0,315.0,203.0,-445.0,616.0
-40.0,69.0,267.0,67.0,,-43.0,282.0,5.0,-377.0,539.0
-40.0,-56.0,220.0,43.0,,-484.0,249.0,-308.0,-451.0,455.0
-52.0,-527.0,139.0,150.0,,-434.0,259.0,-637.0,-734.0,329.0
-134.0,-260.0,67.0,162.0,,-158.0,303.0,-667.0,-650.0,352.0
-209.0,-801.0,66.0,61.0,,-344.0,324.0,-790.0,-554.0,126.0
-338.0,-887.0,23.0,-19.0,,-434.0,353.0,-591.0,-447.0,-52.0
-453.0,-880.0,-24.0,-93.0,,-114.0,379.0,-474.0,-402.0,-91.0
-411.0,-839.0,-27.0,-171.0,,39.0,344.0,-295.0,-593.0,-227.0
-474.0,-738.0,6.0,-230.0,,-144.0,300.0,92.0,-525.0,-269.0
-584.0,182.0,29.0,-235.0,,24.0,296.0,253.0,-588.0,-421.0
-600.0,224.0,17.0,-321.0,,356.0,299.0,471.0,-525.0,-520.0
-553.0,-626.0,61.0,-486.0,,73.0,323.0,419.0,-256.0,-568.0
-528.0,385.0,37.0,-522.0,,-75.0,330.0,376.0,-437.0,-390.0
-601.0,-258.0,13.0,-415.0,,174.0,306.0,179.0,-553.0,-192.0
-553.0,-498.0,-14.0,-251.0,,44.0,307.0,-86.0,-238.0,-309.0
-484.0,335.0,-34.0,31.0,,-281.0,372.0,-136.0,-315.0,-145.0
-437.0,500.0,-2.0,358.0,,-189.0,483.0,-321.0,-605.0,13.0
-442.0,470.0,-39.0,588.0,,134.0,553.0,-275.0,-443.0,11.0
-480.0,-111.0,-27.0,773.0,,62.0,638.0,-310.0,-452.0,37.0
-467.0,57.0,2.0,661.0,,31.0,726.0,-227.0,-462.0,105.0
-428.0,68.0,33.0,316.0,,182.0,739.0,-92.0,-272.0,112.0
-411.0,179.0,50.0,94.0,,178.0,738.0,-35.0,-404.0,53.0
-421.0,-44.0,66.0,-20.0,,229.0,694.0,195.0,-398.0,175.0
-341.0,-123.0,113.0,-70.0,,277.0,590.0,157.0,-394.0,220.0
-285.0,146.0,135.0,-221.0,,180.0,500.0,194.0,-497.0,111.0
-220.0,-805.0,112.0,-380.0,,-91.0,420.0,88.0,-281.0,200.0
-135.0,-331.0,94.0,-567.0,,-140.0,337.0,49.0,-169.0,466.0
-107.0,39.0,86.0,-740.0,,-6.0,258.0,197.0,-169.0,406.0
-94.0,-361.0,33.0,-722.0,,-43.0,158.0,140.0,-94.0,245.0
-64.0,303.0,-10.0,-587.0,,2.0,49.0,219.0,47.0,374.0
-88.0,-120.0,-83.0,-437.0,,161.0,-84.0,53.0,141.0,475.0
-146.0,-178.0,-96.0,-373.0,,108.0,-186.0,-22.0,221.0,241.0
-151.0,152.0,-146.0,-328.0,,-66.0,-210.0,-5.0,236.0,29.0
-177.0,-273.0,-225.0,-370.0,,135.0,-226.0,-99.0,-24.0,159.0
-228.0,-1106.0,-281.0,-484.0,,271.0,-172.0,-114.0,23.0,167.0
-248.0,-1731.0,-330.0,-546.0,,-30.0,-54.0,-262.0,80.0,116.0
-233.0,-851.0,-315.0,-497.0,,10.0,43.0,-169.0,-7.0,231.0
-222.0,-389.0,-346.0,-499.0,,195.0,71.0,-99.0,76.0,219.0
-138.0,-1018.0,-299.0,-484.0,,-50.0,60.0,121.0,32.0,119.0
-37.0,-1518.0,-289.0,-366.0,,-160.0,40.0,349.0,71.0,154.0
30.0,-1142.0,-274.0,-406.0,,72.0,2.0,363.0,106.0,246.0
91.0,-114.0,-271.0,-438.0,,59.0,14.0,448.0,27.0,145.0
128.0,77.0,-276.0,-400.0,,-386.0,-45.0,201.0,-205.0,-74.0
194.0,-307.0,-229.0,-324.0,,-409.0,-185.0,105.0,-473.0,-94.0
251.0,773.0,-236.0,-194.0,,-13.0,-225.0,-42.0,-506.0,-92.0
246.0,879.0,-199.0,-194.0,,-312.0,-130.0,-194.0,-544.0,-319.0
206.0,23.0,-194.0,-196.0,,-640.0,-31.0,-110.0,-625.0,-410.0
219.0,949.0,-145.0,-117.0,,-287.0,10.0,-205.0,-676.0,-310.0
213.0,679.0,-102.0,-32.0,,-146.0,137.0,-105.0,-658.0,-364.0
168.0,-613.0,-102.0,119.0,,-492.0,239.0,-107.0,-604.0,-481.0
144.0,-317.0,-101.0,152.0,,-540.0,266.0,-44.0,-627.0,-322.0
111.0,1305.0,-82.0,-33.0,,-70.0,321.0,129.0,-450.0,-159.0
103.0,585.0,-56.0,-200.0,,-12.0,379.0,286.0,-334.0,-218.0
139.0,-1163.0,-77.0,-252.0,,-413.0,352.0,537.0,-407.0,-123.0
96.0,-997.0,-104.0,-250.0,,-379.0,167.0,480.0,-219.0,-49.0
50.0,-872.0,-119.0,-319.0,,-71.0,-57.0,491.0,-110.0,-152.0
60.0,-770.0,-131.0,-507.0,,-89.0,-280.0,406.0,-92.0,-346.0
0.0,-150.0,-202.0,-664.0,,-227.0,-496.0,184.0,-197.0,-419.0
-57.0,716.0,-237.0,-677.0,,-177.0,-618.0,-24.0,-349.0,-474.0
-16.0,361.0,-258.0,-532.0,,-192.0,-672.0,-291.0,-273.0,-787.0
34.0,694.0,-270.0,-337.0,,-346.0,-755.0,-351.0,-222.0,-833.0
21.0,936.0,-273.0,-65.0,,-414.0,-780.0,-511.0,-230.0,-668.0
90.0,-203.0,-246.0,17.0,,-419.0,-668.0,-509.0,-269.0,-678.0
117.0,-297.0,-177.0,-209.0,,-340.0,-582.0,-456.0,-175.0,-636.0
79.0,-364.0,-137.0,-290.0,,-285.0,-533.0,-463.0,-132.0,-337.0
114.0,-207.0,-63.0,-221.0,,-651.0,-503.0,-345.0,-94.0,-145.0
189.0,327.0,-19.0,-106.0,,-987.0,-568.0,-441.0,39.0,-265.0
254.0,-25.0,25.0,-24.0,,-699.0,-677.0,-428.0,37.0,-256.0
224.0,-737.0,93.0,-45.0,,-367.0,-761.0,-521.0,-46.0,-204.0
187.0,152.0,97.0,-161.0,,-526.0,-800.0,-617.0,30.0,-340.0
123.0,1201.0,75.0,-228.0,,-685.0,-793.0,-543.0,149.0,-463.0
38.0,790.0,51.0,-197.0,,-413.0,-817.0,-565.0,121.0,-432.0
-31.0,342.0,-5.0,-228.0,,-428.0,-845.0,-424.0,209.0,-407.0
-121.0,541.0,-39.0,-383.0,,-859.0,-795.0,-373.0,158.0,-436.0
-182.0,838.0,-61.0,-502.0,,-672.0,-715.0,-208.0,208.0,-373.0
-124.0,799.0,-64.0,-458.0,,-219.0,-627.0,-18.0,431.0,-311.0
-83.0,428.0,-68.0,-473.0,,-388.0,-579.0,118.0,387.0,-170.0
-117.0,5.0,-78.0,-472.0,,-527.0,-570.0,321.0,284.0,-83.0
-80.0,247.0,-46.0,-320.0,,-22.0,-558.0,162.0,201.0,-105.0
6.0,263.0,-40.0,-121.0,,227.0,-576.0,12.0,68.0,1.0
105.0,745.0,-48.0,-34.0,,-224.0,-614.0,-181.0,5.0,220.0
105.0,1097.0,-50.0,-13.0,,-286.0,-664.0,-304.0,-31.0,323.0
30.0,313.0,-49.0,-59.0,,95.0,-687.0,-363.0,-286.0,419.0
70.0,833.0,-55.0,-128.0,,-170.0,-713.0,-559.0,-461.0,533.0
153.0,1527.0,-66.0,-90.0,,-665.0,-746.0,-541.0,-415.0,356.0
119.0,948.0,-100.0,-17.0,,-412.0,-744.0,-681.0,-335.0,406.0
97.0,553.0,-119.0,68.0,,-49.0,-753.0,-772.0,-321.0,606.0
92.0,-367.0,-125.0,93.0,,-304.0,-691.0,-838.0,-425.0,461.0
124.0,-493.0,-154.0,68.0,,-399.0,-581.0,-892.0,-479.0,95.0
131.0,24.0,-144.0,5.0,,-64.0,-493.0,-761.0,-440.0,29.0
58.0,-1301.0,-166.0,-20.0,,-66.0,-431.0,-748.0,-260.0,157.0
70.0,-1616.0,-167.0,-43.0,,-200.0,-400.0,-517.0,-87.0,-113.0
147.0,-872.0,-133.0,-82.0,,-112.0,-407.0,-371.0,-129.0,-380.0
215.0,-498.0,-177.0,-121.0,,-80.0,-536.0,-230.0,-210.0,-447.0
160.0,-175.0,-155.0,-304.0,,-300.0,-637.0,-103.0,-23.0,-486.0
151.0,702.0,-114.0,-587.0,,-521.0,-627.0,-216.0,260.0,-560.0
178.0,118.0,-155.0,-812.0,,-386.0,-601.0,-314.0,200.0,-435.0
115.0,-973.0,-134.0,-878.0,,-373.0,-603.0,-641.0,43.0,-511.0
80.0,149.0,-140.0,-785.0,,-423.0,-674.0,-812.0,-60.0,-829.0
44.0,-200.0,-115.0,-590.0,,-304.0,-734.0,-918.0,-62.0,-713.0
-44.0,4.0,-176.0,-399.0,,-479.0,-779.0,-918.0,98.0,-517.0
-119.0,-399.0,-164.0,-437.0,,-645.0,-820.0,-726.0,178.0,-525.0
-117.0,-411.0,0.0,-610.0,,-651.0,-816.0,-674.0,168.0,-614.0
-145.0,987.0,-185.0,-537.0,,-719.0,-850.0,-406.0,64.0,-389.0
-184.0,-672.0,-166.0,-300.0,,-819.0,-892.0,-295.0,49.0,-140.0
-171.0,-992.0,-124.0,-89.0,,-759.0,-864.0,-186.0,-68.0,-143.0
-178.0,-429.0,-161.0,34.0,,-573.0,-800.0,-27.0,-282.0,3.0
-199.0,-138.0,-159.0,86.0,,-767.0,-693.0,-36.0,-405.0,85.0
-219.0,356.0,-407.0,183.0,,-853.0,-559.0,-22.0,-504.0,-50.0
-296.0,382.0,-294.0,171.0,,-603.0,-425.0,-249.0,-382.0,-106.0
-315.0,369.0,-279.0,22.0,,-619.0,-322.0,-395.0,-267.0,43.0
-275.0,-21.0,-232.0,-55.0,,-713.0,-210.0,-644.0,-218.0,-77.0
-295.0,23.0,-244.0,-228.0,,-492.0,-55.0,-801.0,-329.0,-298.0
-282.0,-515.0,-401.0,-428.0,,-228.0,85.0,-781.0,-362.0,-264.0
-214.0,-782.0,-354.0,-438.0,,-525.0,171.0,-883.0,-89.0,-321.0
-160.0,-581.0,-445.0,-448.0,,-676.0,149.0,-770.0,150.0,-389.0
-144.0,-125.0,-290.0,-474.0,,-284.0,96.0,-825.0,277.0,-402.0
-187.0,567.0,-446.0,-503.0,,-283.0,46.0,-772.0,107.0,-432.0
-251.0,867.0,-473.0,-460.0,,-559.0,23.0,-759.0,12.0,-478.0
-287.0,267.0,-494.0,-375.0,,-346.0,43.0,-859.0,42.0,-506.0
-297.0,-632.0,-666.0,-396.0,,-89.0,22.0,-783.0,38.0,-457.0
-283.0,840.0,-415.0,-342.0,,-507.0,-66.0,-907.0,124.0,-518.0
-342.0,1482.0,-623.0,-187.0,,-755.0,-207.0,-855.0,-85.0,-697.0
-398.0,-94.0,-539.0,-31.0,,-374.0,-306.0,-861.0,-80.0,-751.0
-351.0,528.0,-315.0,34.0,,-181.0,-364.0,-848.0,128.0,-663.0
-347.0,1819.0,-319.0,0.0,,-565.0,-372.0,-857.0,180.0,-704.0
-454.0,705.0,-205.0,-53.0,,-643.0,-341.0,-1086.0,400.0,-834.0
-528.0,38.0,-248.0,-159.0,,-243.0,-290.0,-1162.0,312.0,-833.0
-490.0,183.0,-62.0,-422.0,,-483.0,-225.0,-1350.0,280.0,-883.0
-503.0,-498.0,-35.0,-799.0,,-803.0,-197.0,-1280.0,479.0,-994.0
-609.0,-1207.0,-56.0,-971.0,,-610.0,-155.0,-1134.0,635.0,-942.0
-655.0,-943.0,132.0,-896.0,,-471.0,-95.0,-1005.0,672.0,-834.0
-583.0,-256.0,94.0,-669.0,,-613.0,-18.0,-713.0,469.0,-919.0
-534.0,-1025.0,130.0,-411.0,,-625.0,29.0,-585.0,355.0,-980.0
-561.0,-1103.0,196.0,-241.0,,-344.0,62.0,-363.0,167.0,-795.0
-607.0,-748.0,246.0,-85.0,,-329.0,155.0,-358.0,201.0,-651.0
-620.0,-464.0,354.0,119.0,,-306.0,257.0,-367.0,134.0,-689.0
-580.0,-971.0,370.0,329.0,,-226.0,366.0,-386.0,-148.0,-726.0
-535.0,-1944.0,386.0,310.0,,-409.0,467.0,-541.0,-191.0,-690.0
-517.0,-514.0,333.0,124.0,,-542.0,522.0,-552.0,-205.0,-577.0
-465.0,-110.0,366.0,52.0,,-425.0,526.0,-779.0,-218.0,-461.0
-392.0,-510.0,341.0,52.0,,-439.0,511.0,-877.0,-342.0,-453.0
-356.0,-968.0,247.0,-42.0,,-665.0,480.0,-946.0,-310.0,-467.0
-294.0,-722.0,285.0,-194.0,,-623.0,417.0,-984.0,-362.0,-404.0
-296.0,-135.0,217.0,-295.0,,-646.0,330.0,-861.0,-287.0,-362.0
-290.0,-1265.0,198.0,-249.0,,-969.0,254.0,-812.0,-28.0,-380.0
-287.0,-1370.0,213.0,-138.0,,-1003.0,219.0,-583.0,-72.0,-150.0
-278.0,-712.0,145.0,-108.0,,-495.0,219.0,-437.0,-17.0,-66.0
-267.0,-292.0,224.0,-113.0,,-413.0,253.0,-199.0,0.0,-163.0
-321.0,-252.0,223.0,-109.0,,-820.0,273.0,-24.0,33.0,-27.0
-288.0,688.0,146.0,-66.0,,-684.0,282.0,-77.0,36.0,75.0
-260.0,1359.0,144.0,-18.0,,-574.0,291.0,-184.0,-3.0,187.0
-244.0,433.0,82.0,26.0,,-925.0,345.0,-532.0,73.0,119.0
-277.0,141.0,90.0,55.0,,-1043.0,447.0,-718.0,147.0,44.0
-230.0,196.0,-8.0,59.0,,-624.0,507.0,-921.0,201.0,172.0
-202.0,159.0,17.0,57.0,,-546.0,565.0,-944.0,201.0,278.0
-221.0,-303.0,64.0,121.0,,-1059.0,575.0,-729.0,297.0,250.0
-146.0,52.0,-90.0,131.0,,-997.0,554.0,-596.0,344.0,189.0
-186.0,779.0,-54.0,-33.0,,-678.0,545.0,-299.0,429.0,305.0
-162.0,-187.0,-61.0,-145.0,,-921.0,517.0,-157.0,345.0,344.0
-118.0,-1033.0,-61.0,-216.0,,-1126.0,522.0,24.0,266.0,415.0
-121.0,-23.0,-66.0,-233.0,,-899.0,497.0,133.0,405.0,466.0
-179.0,318.0,-99.0,-252.0,,-748.0,464.0,42.0,373.0,321.0
-167.0,-1104.0,-31.0,-380.0,,-916.0,466.0,-38.0,604.0,138.0
-69.0,-166.0,-30.0,-488.0,,-962.0,445.0,-267.0,876.0,89.0
-78.0,1079.0,-13.0,-508.0,,-763.0,406.0,-380.0,839.0,218.0
-68.0,143.0,-67.0,-397.0,,-815.0,335.0,-593.0,842.0,131.0
-57.0,-361.0,-141.0,-320.0,,-1029.0,273.0,-650.0,840.0,-37.0
33.0,-108.0,-76.0,-169.0,,-922.0,238.0,-552.0,658.0,23.0
92.0,31.0,-95.0,133.0,,-960.0,177.0,-504.0,656.0,108.0
69.0,-1504.0,-160.0,306.0,,-1175.0,115.0,-321.0,766.0,87.0
39.0,-1915.0,-7.0,292.0,,-1053.0,74.0,-410.0,509.0,27.0
40.0,-860.0,21.0,214.0,,-948.0,47.0,-417.0,265.0,29.0
108.0,-1235.0,-6.0,241.0,,-980.0,31.0,-509.0,252.0,81.0
63.0,-1280.0,74.0,211.0,,-959.0,43.0,-633.0,176.0,52.0
33.0,-880.0,57.0,112.0,,-1025.0,137.0,-583.0,-22.0,112.0
66.0,-297.0,77.0,127.0,,-1176.0,286.0,-642.0,-39.0,272.0
74.0,116.0,0.0,164.0,,-1138.0,428.0,-436.0,-8.0,97.0
-1.0,-21.0,52.0,86.0,,-928.0,559.0,-376.0,-75.0,-21.0
-70.0,659.0,112.0,36.0,,-980.0,674.0,-358.0,59.0,125.0
-51.0,1298.0,61.0,62.0,,-1227.0,723.0,-279.0,66.0,-22.0
-109.0,1205.0,77.0,-15.0,,-1012.0,722.0,-253.0,-22.0,-294.0
-175.0,1497.0,8.0,-109.0,,-783.0,715.0,-90.0,138.0,-351.0
-188.0,2392.0,79.0,-207.0,,-1194.0,676.0,-182.0,221.0,-418.0
-162.0,2168.0,112.0,-268.0,,-1093.0,631.0,-240.0,41.0,-545.0
-152.0,469.0,33.0,-373.0,,-465.0,616.0,-328.0,99.0,-462.0
-161.0,495.0,19.0,-507.0,,-562.0,571.0,-349.0,259.0,-446.0
-112.0,1579.0,99.0,-435.0,,-987.0,491.0,-208.0,111.0,-600.0
-39.0,826.0,118.0,-301.0,,-832.0,439.0,-197.0,155.0,-639.0
-1.0,315.0,112.0,-285.0,,-486.0,381.0,-88.0,218.0,-617.0
4.0,695.0,121.0,-267.0,,-829.0,382.0,-125.0,172.0,-588.0
57.0,101.0,121.0,-283.0,,-1001.0,465.0,-62.0,229.0,-653.0
114.0,-801.0,194.0,-271.0,,-532.0,515.0,1.0,29.0,-793.0
128.0,-1472.0,119.0,-174.0,,-593.0,482.0,-29.0,-226.0,-923.0
106.0,-1972.0,108.0,-102.0,,-1050.0,403.0,60.0,-70.0,-927.0
61.0,-2699.0,153.0,-41.0,,-972.0,370.0,-57.0,37.0,-868.0
39.0,-2855.0,184.0,-89.0,,-628.0,353.0,-36.0,-171.0,-948.0
50.0,-2286.0,171.0,-104.0,,-799.0,275.0,-70.0,-110.0,-920.0
31.0,-2949.0,71.0,6.0,,-1020.0,197.0,-86.0,-10.0,-781.0
-4.0,-2906.0,94.0,176.0,,-794.0,204.0,-3.0,-40.0,-606.0
42.0,-2545.0,109.0,174.0,,-816.0,197.0,-101.0,9.0,-330.0
73.0,-1508.0,193.0,86.0,,-1030.0,183.0,-59.0,109.0,-50.0
44.0,-285.0,149.0,137.0,,-749.0,260.0,-75.0,218.0,109.0
42.0,-1309.0,58.0,88.0,,-353.0,358.0,96.0,141.0,236.0
77.0,-400.0,116.0,-24.0,,-489.0,431.0,258.0,115.0,488.0
96.0,1114.0,95.0,-42.0,,-691.0,454.0,341.0,158.0,557.0
65.0,1788.0,78.0,-100.0,,-488.0,439.0,517.0,117.0,510.0
12.0,2286.0,59.0,-244.0,,-317.0,436.0,493.0,-1.0,539.0
18.0,1746.0,109.0,-304.0,,-475.0,442.0,648.0,-89.0,446.0
80.0,1444.0,126.0,-351.0,,-550.0,422.0,676.0,123.0,381.0
66.0,1303.0,122.0,-397.0,,-507.0,367.0,648.0,265.0,548.0
17.0,2205.0,186.0,-402.0,,-663.0,330.0,563.0,229.0,773.0
56.0,3200.0,166.0,-394.0,,-482.0,364.0,295.0,252.0,773.0
128.0,2600.0,160.0,-364.0,,-233.0,450.0,168.0,120.0,741.0
113.0,1662.0,127.0,-314.0,,-486.0,492.0,-75.0,227.0,877.0
135.0,1499.0,109.0,-222.0,,-451.0,495.0,-96.0,488.0,922.0
215.0,903.0,112.0,-142.0,,-256.0,490.0,-127.0,337.0,835.0
258.0,-34.0,60.0,-94.0,,-311.0,463.0,-133.0,132.0,803.0
302.0,-549.0,36.0,-71.0,,-320.0,414.0,12.0,88.0,774.0
325.0,-311.0,37.0,26.0,,-13.0,328.0,-35.0,173.0,672.0
350.0,-494.0,63.0,249.0,,249.0,293.0,112.0,435.0,571.0
384.0,-1084.0,56.0,385.0,,-112.0,298.0,151.0,442.0,501.0
406.0,-68.0,36.0,382.0,,83.0,209.0,230.0,275.0,449.0
385.0,-642.0,73.0,435.0,,543.0,130.0,299.0,310.0,357.0
369.0,-1932.0,120.0,528.0,,100.0,91.0,219.0,100.0,194.0
378.0,-1441.0,128.0,571.0,,-227.0,43.0,279.0,20.0,114.0
387.0,-484.0,144.0,567.0,,39.0,68.0,149.0,59.0,186.0
383.0,-654.0,152.0,501.0,,250.0,108.0,120.0,-126.0,182.0
387.0,-1316.0,62.0,345.0,,-165.0,144.0,-38.0,-102.0,46.0
353.0,76.0,61.0,92.0,,-222.0,150.0,-182.0,-201.0,52.0
282.0,413.0,115.0,-71.0,,135.0,142.0,-173.0,-53.0,218.0
218.0,-296.0,102.0,30.0,,-25.0,171.0,-271.0,213.0,243.0
162.0,-491.0,79.0,178.0,,-270.0,127.0,-112.0,186.0,153.0
146.0,-395.0,-26.0,319.0,,-294.0,130.0,-81.0,429.0,114.0
112.0,914.0,-95.0,477.0,,-104.0,204.0,1.0,501.0,63.0
136.0,1325.0,-120.0,504.0,,-141.0,162.0,110.0,267.0,130.0
141.0,1041.0,-164.0,516.0,,-237.0,85.0,184.0,318.0,101.0
167.0,1099.0,-183.0,498.0,,-92.0,77.0,408.0,369.0,-276.0
168.0,1288.0,-226.0,391.0,,186.0,59.0,454.0,156.0,-398.0
155.0,2149.0,-319.0,343.0,,30.0,30.0,567.0,202.0,-287.0
253.0,3213.0,-393.0,394.0,,-285.0,-11.0,445.0,357.0,-313.0
312.0,3505.0,-397.0,359.0,,305.0,-62.0,319.0,415.0,-298.0
354.0,3577.0,-420.0,218.0,,572.0,-63.0,247.0,718.0,-286.0
313.0,3937.0,-404.0,107.0,,173.0,-49.0,68.0,789.0,-293.0
307.0,3858.0,-329.0,92.0,,227.0,-3.0,188.0,571.0,-147.0
318.0,3369.0,-336.0,110.0,,417.0,66.0,210.0,511.0,63.0
334.0,1688.0,-365.0,53.0,,217.0,163.0,369.0,324.0,71.0
284.0,-104.0,-334.0,38.0,,271.0,282.0,533.0,182.0,38.0
271.0,-16.0,-290.0,-20.0,,498.0,350.0,578.0,57.0,89.0
350.0,-167.0,-277.0,-195.0,,191.0,389.0,609.0,-170.0,149.0
308.0,-1128.0,-239.0,-313.0,,288.0,434.0,384.0,-52.0,321.0
273.0,-1346.0,-181.0,-332.0,,569.0,471.0,297.0,-23.0,344.0
236.0,-1314.0,-154.0,-231.0,,225.0,436.0,153.0,-188.0,261.0
315.0,-1183.0,-141.0,-120.0,,381.0,309.0,96.0,-205.0,224.0
292.0,-1013.0,-176.0,-96.0,,782.0,167.0,66.0,-162.0,239.0
229.0,-1121.0,-191.0,-22.0,,330.0,125.0,-92.0,-214.0,355.0
223.0,-925.0,-151.0,94.0,,185.0,150.0,-86.0,-178.0,443.0
207.0,-397.0,-122.0,149.0,,633.0,169.0,-118.0,-89.0,451.0
171.0,-404.0,-159.0,212.0,,323.0,162.0,105.0,-161.0,372.0
-4.0,-202.0,-156.0,321.0,,65.0,87.0,328.0,169.0,427.0
-77.0,730.0,-75.0,364.0,,365.0,11.0,583.0,337.0,471.0
-115.0,993.0,-58.0,365.0,,228.0,-79.0,940.0,80.0,522.0
-156.0,1274.0,-91.0,379.0,,227.0,-152.0,1075.0,44.0,602.0
-260.0,2250.0,-127.0,387.0,,363.0,-120.0,1273.0,-187.0,483.0
-264.0,3410.0,-128.0,432.0,,227.0,-52.0,1204.0,-271.0,453.0
-229.0,3732.0,-167.0,509.0,,491.0,-41.0,1112.0,-17.0,574.0
-272.0,3770.0,-180.0,563.0,,559.0,-77.0,990.0,-94.0,592.0
-256.0,5175.0,-111.0,614.0,,53.0,-130.0,766.0,-8.0,374.0
-181.0,5239.0,-117.0,667.0,,295.0,-207.0,748.0,102.0,267.0
-66.0,3531.0,-190.0,683.0,,740.0,-222.0,515.0,-384.0,286.0
-114.0,2174.0,-196.0,711.0,,125.0,-158.0,290.0,-288.0,298.0
-173.0,1587.0,-159.0,701.0,,213.0,-57.0,24.0,-20.0,377.0
-214.0,945.0,-90.0,679.0,,830.0,126.0,-158.0,-382.0,376.0
-180.0,-996.0,-55.0,580.0,,371.0,372.0,-182.0,-363.0,327.0
-197.0,-1857.0,-98.0,456.0,,352.0,587.0,-194.0,-410.0,206.0
-278.0,-2404.0,-26.0,370.0,,863.0,735.0,101.0,-441.0,222.0
-224.0,-3086.0,-30.0,290.0,,668.0,782.0,365.0,-108.0,360.0
-138.0,-2036.0,-78.0,339.0,,538.0,733.0,800.0,-141.0,286.0
-117.0,-1311.0,-65.0,292.0,,779.0,638.0,1149.0,-150.0,36.0
-185.0,-802.0,-66.0,219.0,,570.0,498.0,1372.0,5.0,-128.0
-109.0,-81.0,-73.0,224.0,,514.0,364.0,1627.0,30.0,-106.0
12.0,920.0,-155.0,155.0,,634.0,224.0,1544.0,237.0,-190.0
57.0,1408.0,-203.0,78.0,,253.0,44.0,1522.0,306.0,-397.0
20.0,308.0,-251.0,81.0,,440.0,-81.0,1278.0,65.0,-467.0
-3.0,-534.0,-217.0,89.0,,761.0,-150.0,995.0,42.0,-460.0
26.0,-654.0,-201.0,77.0,,412.0,-230.0,781.0,61.0,-320.0
9.0,-675.0,-198.0,130.0,,574.0,-297.0,478.0,112.0,-52.0
-81.0,-460.0,-134.0,230.0,,946.0,-400.0,419.0,163.0,10.0
-147.0,-1221.0,-93.0,309.0,,666.0,-487.0,242.0,65.0,-31.0
-117.0,-1789.0,-44.0,282.0,,711.0,-494.0,238.0,-15.0,3.0
-145.0,-1081.0,-74.0,245.0,,971.0,-464.0,297.0,-40.0,155.0
-156.0,-1582.0,-7.0,148.0,,710.0,-408.0,380.0,74.0,246.0
-130.0,-1809.0,18.0,-23.0,,780.0,-396.0,630.0,43.0,150.0
-59.0,-1369.0,-26.0,-108.0,,1005.0,-376.0,750.0,-150.0,-3.0
0.0,-973.0,-10.0,-129.0,,853.0,-328.0,971.0,-231.0,-44.0
57.0,-693.0,-37.0,-101.0,,1091.0,-306.0,1005.0,-60.0,97.0
108.0,-1086.0,-6.0,0.0,,1289.0,-275.0,1073.0,-38.0,0.0
83.0,-2263.0,-19.0,117.0,,900.0,-192.0,1134.0,9.0,-112.0
46.0,-3668.0,-26.0,234.0,,945.0,-34.0,1112.0,142.0,-107.0
-3.0,-4102.0,28.0,359.0,,1247.0,134.0,1230.0,-45.0,-119.0
19.0,-4933.0,20.0,343.0,,987.0,264.0,1116.0,67.0,66.0
20.0,-5085.0,2.0,292.0,,809.0,363.0,1132.0,120.0,227.0
-21.0,-5391.0,6.0,226.0,,1012.0,442.0,1006.0,202.0,172.0
-50.0,-5570.0,44.0,0.0,,975.0,486.0,866.0,246.0,58.0
17.0,-3848.0,39.0,-197.0,,1031.0,448.0,958.0,14.0,183.0
85.0,-2234.0,31.0,-304.0,,1304.0,314.0,977.0,151.0,236.0
55.0,-1641.0,29.0,-401.0,,1274.0,172.0,1197.0,103.0,30.0
67.0,-569.0,-14.0,-434.0,,1390.0,32.0,1204.0,84.0,-121.0
143.0,2650.0,8.0,-335.0,,1316.0,-171.0,1225.0,-21.0,-142.0
229.0,5206.0,-41.0,-124.0,,1038.0,-364.0,1212.0,160.0,-187.0
175.0,6599.0,-135.0,65.0,,1327.0,-503.0,1080.0,503.0,-264.0
89.0,7964.0,-102.0,217.0,,1376.0,-589.0,1086.0,423.0,-149.0
109.0,7897.0,-125.0,377.0,,1033.0,-605.0,940.0,579.0,-38.0
213.0,6207.0,-171.0,460.0,,1149.0,-568.0,970.0,394.0,-123.0
220.0,4732.0,-154.0,440.0,,1231.0,-542.0,918.0,299.0,-55.0
181.0,3966.0,-153.0,506.0,,684.0,-565.0,827.0,141.0,239.0
264.0,2057.0,-126.0,640.0,,496.0,-574.0,720.0,593.0,295.0
339.0,-897.0,-167.0,557.0,,859.0,-518.0,546.0,395.0,281.0
327.0,-3079.0,-185.0,367.0,,849.0,-501.0,593.0,-442.0,433.0
294.0,-3777.0,-146.0,228.0,,828.0,-491.0,543.0,439.0,471.0
360.0,-4086.0,-110.0,128.0,,958.0,-388.0,718.0,144.0,418.0
449.0,-3331.0,-74.0,-1.0,,840.0,-306.0,873.0,31.0,462.0
498.0,-2260.0,-92.0,-251.0,,884.0,-191.0,951.0,222.0,491.0
451.0,-2174.0,-18.0,-378.0,,985.0,-4.0,1097.0,-227.0,319.0
387.0,-2063.0,88.0,-373.0,,719.0,185.0,1023.0,312.0,232.0
396.0,-1446.0,133.0,-384.0,,719.0,348.0,1049.0,229.0,344.0
363.0,-462.0,123.0,-235.0,,1024.0,436.0,918.0,186.0,352.0
294.0,707.0,186.0,-39.0,,963.0,450.0,837.0,289.0,359.0
246.0,2493.0,237.0,51.0,,878.0,308.0,827.0,292.0,436.0
246.0,3270.0,176.0,198.0,,1037.0,116.0,726.0,284.0,410.0
215.0,3081.0,182.0,391.0,,1120.0,-75.0,803.0,298.0,377.0
179.0,2307.0,141.0,458.0,,930.0,-299.0,755.0,520.0,469.0
135.0,692.0,114.0,387.0,,636.0,-405.0,790.0,276.0,541.0
78.0,-197.0,56.0,294.0,,685.0,-429.0,683.0,179.0,432.0
80.0,-860.0,-66.0,172.0,,892.0,-398.0,508.0,199.0,357.0
98.0,-1499.0,-81.0,152.0,,740.0,-339.0,506.0,180.0,423.0
85.0,-1519.0,-99.0,204.0,,642.0,-308.0,441.0,131.0,433.0
57.0,-926.0,-145.0,125.0,,1055.0,-279.0,650.0,2.0,410.0
0.0,-858.0,-170.0,-60.0,,1224.0,-294.0,774.0,-117.0,394.0
-72.0,-1488.0,-146.0,-183.0,,1084.0,-316.0,910.0,-113.0,378.0
-106.0,-2687.0,-77.0,-121.0,,1292.0,-314.0,1114.0,46.0,440.0
-108.0,-3979.0,-69.0,32.0,,1374.0,-330.0,1212.0,-7.0,587.0
-151.0,-4000.0,-89.0,214.0,,1310.0,-377.0,1435.0,-88.0,665.0
-253.0,-3614.0,-50.0,283.0,,1373.0,-451.0,1407.0,-302.0,631.0
-227.0,-2910.0,13.0,292.0,,1149.0,-524.0,1359.0,-541.0,674.0
-162.0,-1586.0,45.0,339.0,,1068.0,-594.0,1132.0,-363.0,782.0
-136.0,575.0,26.0,384.0,,1333.0,-604.0,822.0,-117.0,799.0
-102.0,1940.0,69.0,400.0,,1158.0,-549.0,691.0,-394.0,664.0
-62.0,2278.0,78.0,274.0,,940.0,-529.0,500.0,-601.0,446.0
27.0,2949.0,69.0,121.0,,1326.0,-465.0,600.0,-445.0,263.0
19.0,3255.0,131.0,-32.0,,1294.0,-314.0,654.0,-396.0,110.0
-10.0,3649.0,145.0,-131.0,,954.0,-147.0,820.0,38.0,-35.0
14.0,3358.0,236.0,-75.0,,1268.0,75.0,1043.0,75.0,-222.0
57.0,3245.0,236.0,-37.0,,1289.0,257.0,1090.0,-308.0,-415.0
64.0,3203.0,201.0,9.0,,966.0,350.0,1197.0,-69.0,-482.0
-21.0,2395.0,291.0,159.0,,1078.0,467.0,1077.0,185.0,-453.0
-53.0,1998.0,334.0,287.0,,1045.0,525.0,1027.0,336.0,-388.0
-49.0,1969.0,305.0,325.0,,1030.0,467.0,794.0,556.0,-313.0
-77.0,1439.0,251.0,318.0,,1297.0,328.0,530.0,597.0,-304.0
-167.0,-268.0,264.0,272.0,,1239.0,157.0,373.0,524.0,-212.0
-239.0,-1284.0,202.0,165.0,,1205.0,43.0,129.0,586.0,62.0
-159.0,-2765.0,193.0,5.0,,1518.0,-23.0,243.0,778.0,224.0
-112.0,-5059.0,183.0,-50.0,,1452.0,-53.0,304.0,717.0,138.0
-152.0,-6664.0,149.0,-36.0,,932.0,-38.0,508.0,390.0,123.0
-139.0,-6980.0,202.0,-76.0,,937.0,6.0,761.0,183.0,310.0
-68.0,-5817.0,155.0,-57.0,,1086.0,73.0,857.0,231.0,362.0
-58.0,-5773.0,146.0,-91.0,,684.0,190.0,979.0,301.0,318.0
-94.0,-5737.0,128.0,-187.0,,932.0,288.0,861.0,100.0,421.0
-26.0,-4471.0,85.0,-196.0,,1258.0,322.0,835.0,-21.0,454.0
36.0,-2346.0,109.0,-200.0,,689.0,345.0,639.0,200.0,389.0
62.0,-215.0,96.0,-320.0,,689.0,308.0,487.0,346.0,463.0
112.0,1944.0,99.0,-419.0,,994.0,180.0,460.0,255.0,544.0
182.0,3149.0,151.0,-393.0,,836.0,58.0,424.0,90.0,428.0
254.0,1521.0,138.0,-302.0,,1062.0,21.0,613.0,33.0,298.0
262.0,-500.0,112.0,-245.0,,1158.0,-20.0,570.0,12.0,345.0
207.0,-2993.0,164.0,-318.0,,881.0,-54.0,622.0,-42.0,392.0
162.0,-4918.0,195.0,-301.0,,1241.0,-56.0,620.0,-58.0,389.0
173.0,-6209.0,231.0,-159.0,,1461.0,-65.0,546.0,-213.0,427.0
114.0,-6556.0,299.0,-47.0,,858.0,-18.0,485.0,-344.0,468.0
36.0,-4802.0,309.0,-43.0,,903.0,34.0,205.0,-286.0,477.0
72.0,-2684.0,311.0,-66.0,,1474.0,48.0,206.0,-247.0,449.0
140.0,214.0,320.0,-88.0,,1014.0,65.0,182.0,-221.0,505.0
129.0,2629.0,352.0,-173.0,,848.0,127.0,232.0,-169.0,516.0
67.0,4919.0,375.0,-142.0,,1247.0,236.0,303.0,8.0,388.0
54.0,6137.0,332.0,6.0,,742.0,383.0,230.0,6.0,157.0
64.0,5557.0,324.0,182.0,,703.0,528.0,267.0,33.0,20.0
43.0,4677.0,244.0,410.0,,1228.0,612.0,97.0,252.0,52.0
-17.0,3408.0,176.0,564.0,,1095.0,581.0,72.0,172.0,10.0
-2.0,2369.0,159.0,496.0,,876.0,501.0,83.0,105.0,-1.0
60.0,1824.0,98.0,241.0,,1163.0,475.0,101.0,-1.0,-17.0
58.0,1180.0,107.0,-61.0,,1259.0,431.0,166.0,-17.0,10.0
14.0,250.0,90.0,-159.0,,1091.0,343.0,138.0,-77.0,153.0
-31.0,1169.0,78.0,-166.0,,1485.0,216.0,304.0,-300.0,297.0
1.0,2999.0,99.0,-213.0,,1243.0,88.0,347.0,-337.0,300.0
54.0,4714.0,48.0,-217.0,,857.0,62.0,456.0,-472.0,152.0
32.0,6471.0,37.0,-302.0,,1392.0,160.0,402.0,-400.0,173.0
18.0,7297.0,73.0,-329.0,,1187.0,328.0,153.0,-258.0,283.0
63.0,6906.0,61.0,-181.0,,802.0,557.0,29.0,-213.0,223.0
88.0,5301.0,91.0,-68.0,,1230.0,765.0,-225.0,-270.0,64.0
116.0,2701.0,110.0,-57.0,,1188.0,935.0,-208.0,-272.0,80.0
163.0,-656.0,61.0,11.0,,751.0,1062.0,-160.0,-18.0,165.0
177.0,-3791.0,24.0,35.0,,1140.0,1032.0,-86.0,-81.0,139.0
168.0,-6435.0,5.0,-65.0,,1345.0,918.0,14.0,-164.0,231.0
142.0,-7275.0,70.0,-166.0,,760.0,697.0,-29.0,-153.0,265.0
134.0,-7291.0,65.0,-211.0,,928.0,450.0,64.0,-259.0,82.0
122.0,-6904.0,0.0,-197.0,,1306.0,253.0,33.0,-235.0,106.0
103.0,-5524.0,5.0,-210.0,,1093.0,29.0,142.0,-181.0,255.0
90.0,-4839.0,-11.0,-296.0,,1039.0,-157.0,223.0,-223.0,91.0
52.0,-4294.0,-36.0,-421.0,,812.0,-356.0,240.0,-141.0,-59.0
17.0,-3729.0,-124.0,-439.0,,542.0,-492.0,240.0,57.0,23.0
1.0,-2791.0,-212.0,-351.0,,946.0,-564.0,-25.0,272.0,67.0
-1.0,-1503.0,-218.0,-203.0,,1006.0,-604.0,-149.0,510.0,82.0
28.0,-49.0,-239.0,-122.0,,321.0,-529.0,-351.0,340.0,161.0
53.0,2261.0,-253.0,-226.0,,346.0,-398.0,-415.0,115.0,206.0
31.0,5335.0,-268.0,-324.0,,788.0,-243.0,-426.0,-73.0,162.0
12.0,8830.0,-346.0,-382.0,,546.0,-23.0,-537.0,-255.0,220.0
23.0,10457.0,-385.0,-401.0,,296.0,258.0,-465.0,-145.0,408.0
13.0,9940.0,-392.0,-348.0,,590.0,461.0,-580.0,-320.0,480.0
-61.0,8557.0,-455.0,-341.0,,674.0,599.0,-543.0,-418.0,420.0
-90.0,4808.0,-422.0,-322.0,,384.0,724.0,-482.0,-596.0,438.0
-58.0,288.0,-396.0,-224.0,,435.0,804.0,-441.0,-527.0,538.0
-17.0,-2881.0,-427.0,-83.0,,561.0,856.0,-271.0,-48.0,613.0
-21.0,-4982.0,-398.0,0.0,,545.0,850.0,-293.0,-431.0,661.0
-65.0,-4678.0,-334.0,8.0,,417.0,793.0,-264.0,-573.0,517.0
-44.0,-2561.0,-267.0,60.0,,354.0,735.0,-410.0,-391.0,372.0
-15.0,-661.0,-224.0,55.0,,592.0,717.0,-513.0,-297.0,470.0
-1.0,1241.0,-108.0,4.0,,454.0,750.0,-509.0,65.0,508.0
-42.0,3575.0,-17.0,-43.0,,156.0,803.0,-511.0,96.0,386.0
-54.0,5472.0,8.0,-38.0,,422.0,818.0,-439.0,186.0,231.0
-19.0,7120.0,11.0,77.0,,694.0,790.0,-593.0,125.0,192.0
-11.0,7615.0,62.0,58.0,,446.0,681.0,-576.0,73.0,210.0
-4.0,6500.0,94.0,-46.0,,265.0,451.0,-635.0,370.0,201.0
-20.0,4748.0,48.0,-51.0,,205.0,180.0,-602.0,283.0,119.0
5.0,1659.0,42.0,-53.0,,115.0,-28.0,-465.0,155.0,22.0
-4.0,-1991.0,44.0,-31.0,,72.0,-182.0,-559.0,359.0,22.0
-33.0,-5439.0,82.0,9.0,,-127.0,-312.0,-421.0,384.0,73.0
-19.0,-8196.0,50.0,-64.0,,-230.0,-363.0,-474.0,278.0,178.0
-51.0,-9476.0,13.0,-195.0,,-149.0,-353.0,-530.0,288.0,145.0
-71.0,-7978.0,-18.0,-176.0,,-166.0,-335.0,-615.0,281.0,48.0
-78.0,-4410.0,-91.0,-69.0,,-357.0,-282.0,-744.0,328.0,23.0
-63.0,-982.0,-105.0,-16.0,,-37.0,-169.0,-652.0,306.0,48.0
-24.0,2343.0,-131.0,-22.0,,69.0,-35.0,-702.0,126.0,96.0
-4.0,3863.0,-191.0,-126.0,,-615.0,-10.0,-609.0,-24.0,106.0
25.0,4525.0,-231.0,-132.0,,-540.0,-18.0,-639.0,-199.0,78.0
22.0,5841.0,-259.0,-97.0,,-212.0,-59.0,-681.0,-433.0,120.0
31.0,6066.0,-286.0,-150.0,,-459.0,-231.0,-772.0,-466.0,231.0
50.0,5921.0,-284.0,-145.0,,-531.0,-413.0,-1047.0,-471.0,181.0
16.0,5695.0,-309.0,-120.0,,-461.0,-553.0,-1210.0,-534.0,149.0
30.0,4604.0,-332.0,-50.0,,-607.0,-580.0,-1465.0,-471.0,295.0
31.0,3539.0,-389.0,53.0,,-567.0,-497.0,-1413.0,-563.0,328.0
12.0,3038.0,-376.0,31.0,,-420.0,-329.0,-1271.0,-480.0,127.0
15.0,2294.0,-331.0,-86.0,,-582.0,-111.0,-1027.0,-264.0,154.0
67.0,602.0,-310.0,-216.0,,-463.0,21.0,-681.0,-442.0,431.0
111.0,-1829.0,-224.0,-210.0,,-333.0,126.0,-576.0,-486.0,366.0
29.0,-3853.0,-299.0,-103.0,,-709.0,137.0,-376.0,-355.0,121.0
-29.0,-5056.0,-322.0,-72.0,,-711.0,12.0,-504.0,-442.0,198.0
-25.0,-5189.0,-266.0,-44.0,,-302.0,-154.0,-729.0,-242.0,238.0
-49.0,-3683.0,-317.0,-50.0,,-630.0,-310.0,-992.0,-141.0,40.0
-121.0,-1825.0,-300.0,-114.0,,-903.0,-405.0,-1346.0,-556.0,-31.0
-161.0,530.0,-337.0,-169.0,,-348.0,-512.0,-1415.0,-595.0,-129.0
-161.0,3152.0,-354.0,-103.0,,-404.0,-557.0,-1540.0,-481.0,-440.0
-181.0,4145.0,-333.0,20.0,,-804.0,-492.0,-1468.0,-356.0,-647.0
-223.0,3216.0,-315.0,165.0,,-629.0,-397.0,-1431.0,-212.0,-535.0
-289.0,981.0,-254.0,422.0,,-534.0,-275.0,-1343.0,-355.0,-557.0
-316.0,-1437.0,-196.0,588.0,,-682.0,-163.0,-1091.0,-433.0,-802.0
-321.0,-4193.0,-138.0,538.0,,-688.0,-51.0,-1049.0,-573.0,-769.0
-379.0,-5951.0,-142.0,406.0,,-681.0,-21.0,-903.0,-384.0,-520.0
-453.0,-6950.0,-97.0,359.0,,-826.0,-60.0,-920.0,-269.0,-544.0
-367.0,-7943.0,-150.0,346.0,,-904.0,-126.0,-859.0,-598.0,-568.0
-270.0,-7098.0,-175.0,280.0,,-929.0,-300.0,-820.0,-527.0,-346.0
-278.0,-5148.0,-152.0,229.0,,-899.0,-411.0,-931.0,-399.0,-299.0
-230.0,-2499.0,-188.0,256.0,,-722.0,-409.0,-964.0,-337.0,-236.0
-163.0,685.0,-187.0,390.0,,-788.0,-431.0,-1184.0,-202.0,-62.0
-134.0,4740.0,-279.0,442.0,,-1037.0,-548.0,-1212.0,-108.0,-88.0
-145.0,8115.0,-306.0,359.0,,-788.0,-683.0,-1274.0,-91.0,-378.0
-122.0,8942.0,-340.0,240.0,,-546.0,-812.0,-1217.0,-59.0,-382.0
-51.0,7787.0,-369.0,69.0,,-904.0,-991.0,-1005.0,-125.0,-305.0
30.0,4576.0,-390.0,-76.0,,-1214.0,-1079.0,-946.0,-449.0,-505.0
80.0,378.0,-402.0,-231.0,,-1058.0,-1069.0,-739.0,-373.0,-564.0
90.0,-3920.0,-314.0,-327.0,,-965.0,-1022.0,-740.0,-265.0,-636.0
121.0,-6249.0,-245.0,-304.0,,-1369.0,-933.0,-715.0,-296.0,-590.0
137.0,-6932.0,-211.0,-259.0,,-1265.0,-775.0,-742.0,-110.0,-516.0
133.0,-7001.0,-212.0,-244.0,,-815.0,-557.0,-864.0,-102.0,-481.0
132.0,-5409.0,-170.0,-279.0,,-1064.0,-375.0,-875.0,-163.0,-592.0
112.0,-4066.0,-142.0,-303.0,,-1249.0,-216.0,-1019.0,-116.0,-773.0
94.0,-3421.0,-64.0,-276.0,,-1082.0,-153.0,-999.0,275.0,-808.0
61.0,-1937.0,2.0,-240.0,,-979.0,-257.0,-1116.0,481.0,-820.0
-19.0,-352.0,11.0,-179.0,,-1066.0,-343.0,-1141.0,178.0,-739.0
-31.0,-232.0,2.0,-83.0,,-1275.0,-308.0,-1099.0,131.0,-1022.0
-48.0,-266.0,9.0,24.0,,-1307.0,-314.0,-1165.0,215.0,-1349.0
-144.0,-384.0,117.0,96.0,,-1020.0,-373.0,-1031.0,192.0,-1327.0
-201.0,-331.0,116.0,72.0,,-795.0,-434.0,-1079.0,221.0,-1213.0
-188.0,246.0,161.0,152.0,,-1030.0,-519.0,-977.0,416.0,-1317.0
-226.0,901.0,123.0,224.0,,-1062.0,-518.0,-909.0,342.0,-1424.0
-342.0,1795.0,70.0,127.0,,-671.0,-440.0,-879.0,202.0,-1310.0
-344.0,1270.0,156.0,52.0,,-624.0,-295.0,-750.0,485.0,-1327.0
-319.0,1170.0,94.0,54.0,,-915.0,-107.0,-798.0,607.0,-1259.0
-332.0,705.0,84.0,59.0,,-849.0,-6.0,-691.0,792.0,-1150.0
-319.0,-312.0,2.0,99.0,,-827.0,-32.0,-783.0,736.0,-1154.0
-283.0,-1178.0,-33.0,253.0,,-1114.0,-123.0,-835.0,398.0,-1284.0
-244.0,-2599.0,12.0,325.0,,-1049.0,-175.0,-870.0,301.0,-1240.0
-209.0,-3691.0,-66.0,334.0,,-943.0,-196.0,-1008.0,231.0,-965.0
-204.0,-4950.0,-140.0,346.0,,-1005.0,-304.0,-1036.0,380.0,-966.0
-239.0,-5043.0,-134.0,214.0,,-1224.0,-506.0,-1267.0,348.0,-1001.0
-194.0,-5135.0,-93.0,-5.0,,-1298.0,-656.0,-1213.0,321.0,-822.0
-167.0,-4531.0,-144.0,-107.0,,-1115.0,-730.0,-1117.0,391.0,-721.0
-159.0,-2823.0,-101.0,-41.0,,-1147.0,-737.0,-1062.0,470.0,-726.0
-129.0,-891.0,-50.0,-35.0,,-1173.0,-714.0,-975.0,496.0,-496.0
-15.0,789.0,-76.0,-71.0,,-1172.0,-707.0,-1019.0,221.0,-291.0
80.0,2467.0,-103.0,38.0,,-1086.0,-675.0,-877.0,177.0,-292.0
82.0,4114.0,-41.0,103.0,,-1154.0,-638.0,-885.0,-48.0,-205.0
130.0,3945.0,-24.0,138.0,,-1264.0,-571.0,-825.0,-56.0,-92.0
155.0,2800.0,-157.0,184.0,,-1135.0,-530.0,-787.0,34.0,-122.0
190.0,226.0,-254.0,80.0,,-1173.0,-578.0,-835.0,-302.0,-197.0
156.0,-1339.0,-368.0,-83.0,,-1266.0,-651.0,-840.0,-211.0,-158.0
132.0,-1912.0,-422.0,-278.0,,-1247.0,-741.0,-1088.0,88.0,-257.0
175.0,-1261.0,-466.0,-439.0,,-1070.0,-855.0,-1151.0,178.0,-358.0
219.0,546.0,-563.0,-527.0,,-1004.0,-977.0,-1237.0,36.0,-291.0
206.0,1446.0,-609.0,-528.0,,-1214.0,-998.0,-1241.0,-88.0,-308.0
191.0,2206.0,-572.0,-386.0,,-1368.0,-874.0,-1191.0,-351.0,-372.0
287.0,1921.0,-473.0,-263.0,,-1039.0,-701.0,-1252.0,-288.0,-402.0
253.0,2382.0,-400.0,-86.0,,-746.0,-501.0,-1103.0,-7.0,-334.0
196.0,2172.0,-381.0,126.0,,-1078.0,-331.0,-1117.0,-325.0,-332.0
198.0,1287.0,-329.0,123.0,,-1162.0,-240.0,-944.0,-398.0,-430.0
228.0,1250.0,-213.0,91.0,,-853.0,-129.0,-783.0,-531.0,-523.0
195.0,985.0,-173.0,56.0,,-896.0,-54.0,-692.0,-607.0,-630.0
61.0,873.0,-149.0,-18.0,,-1078.0,-102.0,-535.0,-331.0,-708.0
0.0,571.0,-132.0,-3.0,,-929.0,-148.0,-674.0,-341.0,-891.0
-5.0,1364.0,-164.0,-42.0,,-842.0,-186.0,-668.0,-403.0,-965.0
46.0,2360.0,-144.0,-106.0,,-1071.0,-277.0,-785.0,-371.0,-916.0
34.0,1924.0,-152.0,-164.0,,-1035.0,-332.0,-853.0,-181.0,-912.0
14.0,1128.0,-188.0,-221.0,,-715.0,-272.0,-872.0,-316.0,-773.0
17.0,430.0,-194.0,-192.0,,-686.0,-146.0,-934.0,-383.0,-503.0
-21.0,-773.0,-240.0,-171.0,,-713.0,-6.0,-848.0,-198.0,-303.0
-94.0,-956.0,-272.0,-186.0,,-652.0,110.0,-923.0,-346.0,-339.0
-174.0,-142.0,-301.0,-159.0,,-584.0,176.0,-798.0,-320.0,-199.0
-147.0,-669.0,-336.0,-128.0,,-400.0,173.0,-746.0,-182.0,204.0
-108.0,-1204.0,-349.0,-128.0,,-521.0,73.0,-655.0,-231.0,335.0
-72.0,-438.0,-382.0,-66.0,,-757.0,-96.0,-445.0,-375.0,235.0
-10.0,819.0,-365.0,65.0,,-685.0,-381.0,-406.0,-325.0,412.0
89.0,1125.0,-394.0,186.0,,-579.0,-732.0,-238.0,-274.0,667.0
206.0,599.0,-440.0,312.0,,-795.0,-1015.0,-245.0,-422.0,724.0
289.0,761.0,-474.0,458.0,,-1062.0,-1171.0,-208.0,-381.0,883.0
358.0,1784.0,-477.0,494.0,,-752.0,-1195.0,-286.0,-588.0,984.0
423.0,2690.0,-445.0,367.0,,-511.0,-1100.0,-471.0,-764.0,853.0
460.0,2735.0,-489.0,207.0,,-939.0,-882.0,-519.0,-703.0,757.0
458.0,2523.0,-487.0,79.0,,-1021.0,-618.0,-740.0,-671.0,949.0
500.0,2005.0,-541.0,-59.0,,-593.0,-313.0,-737.0,-479.0,997.0
552.0,692.0,-594.0,-116.0,,-597.0,-14.0,-774.0,-615.0,717.0
579.0,-619.0,-618.0,-1.0,,-794.0,168.0,-691.0,-605.0,511.0
585.0,-505.0,-628.0,146.0,,-651.0,216.0,-441.0,-372.0,390.0
612.0,1382.0,-556.0,183.0,,-582.0,208.0,-384.0,-286.0,241.0
677.0,3387.0,-523.0,81.0,,-831.0,112.0,-205.0,-180.0,45.0
673.0,4386.0,-473.0,-28.0,,-856.0,-32.0,-203.0,-343.0,-59.0
623.0,4810.0,-455.0,-100.0,,-709.0,-139.0,-171.0,-433.0,-239.0
634.0,4545.0,-415.0,-121.0,,-787.0,-246.0,-118.0,-352.0,-490.0
688.0,3256.0,-349.0,-19.0,,-873.0,-375.0,-68.0,-242.0,-534.0
675.0,1677.0,-327.0,76.0,,-905.0,-535.0,33.0,-237.0,-391.0
534.0,-114.0,-326.0,138.0,,-912.0,-518.0,-42.0,-359.0,-379.0
386.0,-2480.0,-317.0,179.0,,-978.0,-361.0,35.0,-452.0,-533.0
323.0,-3226.0,-306.0,96.0,,-1066.0,-194.0,-57.0,-573.0,-493.0
249.0,-2788.0,-294.0,8.0,,-1074.0,-43.0,-77.0,-551.0,-343.0
154.0,-2300.0,-295.0,-21.0,,-819.0,-1.0,-155.0,-565.0,-266.0
45.0,-1035.0,-371.0,-58.0,,-607.0,20.0,-469.0,-595.0,-341.0
-15.0,-256.0,-348.0,-21.0,,-1037.0,-14.0,-545.0,-552.0,-354.0
-83.0,1129.0,-306.0,-20.0,,-1154.0,-60.0,-685.0,-640.0,-360.0
-198.0,1819.0,-319.0,-58.0,,-743.0,-73.0,-576.0,-609.0,-451.0
-275.0,2450.0,-373.0,43.0,,-658.0,-148.0,-506.0,-544.0,-404.0
-292.0,3651.0,-449.0,206.0,,-737.0,-252.0,-528.0,-627.0,-313.0
-242.0,3405.0,-405.0,273.0,,-494.0,-299.0,-497.0,-600.0,-272.0
-257.0,2983.0,-457.0,249.0,,-218.0,-297.0,-576.0,-348.0,-318.0
-277.0,1148.0,-398.0,221.0,,-468.0,-361.0,-338.0,-75.0,-79.0
-245.0,660.0,-439.0,89.0,,-465.0,-521.0,-247.0,-129.0,133.0
-189.0,1275.0,-583.0,15.0,,-246.0,-679.0,-107.0,-305.0,133.0
-160.0,1921.0,-400.0,121.0,,-505.0,-733.0,22.0,-236.0,349.0
-149.0,3593.0,-376.0,96.0,,-569.0,-678.0,-9.0,62.0,512.0
-21.0,4313.0,-380.0,48.0,,-270.0,-516.0,142.0,354.0,632.0
121.0,5522.0,-369.0,147.0,,-327.0,-278.0,144.0,198.0,738.0
208.0,5188.0,-354.0,265.0,,-485.0,96.0,254.0,-249.0,875.0
266.0,4031.0,-275.0,306.0,,-274.0,537.0,205.0,-282.0,860.0
338.0,3527.0,-229.0,397.0,,-394.0,807.0,107.0,-72.0,689.0
384.0,2239.0,-221.0,491.0,,-451.0,944.0,24.0,-8.0,712.0
409.0,975.0,-295.0,360.0,,-66.0,916.0,-218.0,23.0,793.0
421.0,71.0,-259.0,71.0,,-188.0,770.0,-168.0,-75.0,870.0
409.0,521.0,-360.0,-231.0,,-496.0,593.0,-145.0,-55.0,840.0
381.0,613.0,-391.0,-352.0,,-122.0,343.0,35.0,-101.0,989.0
275.0,-337.0,-381.0,-335.0,,168.0,118.0,92.0,-37.0,1243.0
193.0,-1037.0,-472.0,-288.0,,-252.0,-87.0,31.0,220.0,1214.0
147.0,-1901.0,-478.0,-202.0,,-188.0,-292.0,194.0,-108.0,1096.0
107.0,-3488.0,-531.0,-93.0,,330.0,-442.0,192.0,-276.0,875.0
32.0,-5493.0,-563.0,-53.0,,242.0,-515.0,402.0,19.0,622.0
-62.0,-6512.0,-523.0,-46.0,,65.0,-495.0,491.0,88.0,466.0
-54.0,-7291.0,-471.0,64.0,,271.0,-444.0,558.0,-224.0,291.0
-64.0,-7424.0,-493.0,40.0,,141.0,-423.0,594.0,-175.0,130.0
-169.0,-6053.0,-450.0,-53.0,,-257.0,-326.0,382.0,-43.0,-84.0
-266.0,-4929.0,-454.0,-6.0,,3.0,-225.0,330.0,-333.0,-315.0
-265.0,-4245.0,-473.0,93.0,,189.0,-169.0,40.0,-318.0,-359.0
-256.0,-3804.0,-479.0,197.0,,-171.0,-16.0,-127.0,-491.0,-443.0
-317.0,-3357.0,-537.0,224.0,,-157.0,199.0,-184.0,-555.0,-673.0
-386.0,-3380.0,-567.0,178.0,,39.0,397.0,-219.0,-594.0,-889.0
-409.0,-4554.0,-604.0,131.0,,-25.0,476.0,-127.0,-567.0,-837.0
-382.0,-5982.0,-620.0,54.0,,66.0,505.0,-173.0,-262.0,-621.0
-354.0,-6975.0,-678.0,46.0,,331.0,545.0,-29.0,-224.0,-525.0
-328.0,-7925.0,-644.0,110.0,,150.0,556.0,24.0,-19.0,-438.0
-287.0,-8900.0,-669.0,123.0,,42.0,563.0,219.0,-175.0,-426.0
-207.0,-8403.0,-758.0,213.0,,437.0,521.0,413.0,24.0,-329.0
-170.0,-7427.0,-829.0,294.0,,381.0,462.0,376.0,101.0,-97.0
-118.0,-6784.0,-850.0,306.0,,304.0,412.0,467.0,-201.0,158.0
-16.0,-5046.0,-823.0,303.0,,802.0,428.0,432.0,189.0,256.0
64.0,-2867.0,-885.0,206.0,,737.0,466.0,524.0,104.0,77.0
96.0,-722.0,-887.0,160.0,,235.0,474.0,415.0,331.0,97.0
47.0,1542.0,-926.0,227.0,,453.0,503.0,197.0,439.0,199.0
47.0,2834.0,-994.0,249.0,,610.0,465.0,77.0,266.0,253.0
24.0,3023.0,-1059.0,220.0,,87.0,386.0,-120.0,597.0,292.0
-15.0,2250.0,-1098.0,173.0,,141.0,322.0,-123.0,346.0,204.0
-28.0,404.0,-1065.0,86.0,,626.0,325.0,-269.0,329.0,119.0
-6.0,-1817.0,-1068.0,-81.0,,364.0,391.0,-168.0,322.0,1.0
17.0,-3252.0,-1118.0,-282.0,,144.0,458.0,16.0,66.0,-42.0
-2.0,-3229.0,-1017.0,-394.0,,429.0,518.0,79.0,-269.0,-52.0
7.0,-2601.0,-1010.0,-460.0,,394.0,493.0,321.0,-526.0,-137.0
11.0,-1796.0,-1029.0,-540.0,,139.0,389.0,406.0,-150.0,-265.0
67.0,-1649.0,-864.0,-657.0,,66.0,172.0,583.0,-276.0,-308.0
83.0,-2393.0,-842.0,-699.0,,-23.0,-165.0,556.0,-172.0,-250.0
86.0,-2962.0,-745.0,-564.0,,-100.0,-446.0,478.0,390.0,-347.0
100.0,-2769.0,-695.0,-411.0,,120.0,-621.0,484.0,125.0,-484.0
81.0,-2374.0,-658.0,-359.0,,-18.0,-747.0,358.0,-121.0,-517.0
24.0,-1900.0,-610.0,-292.0,,-310.0,-793.0,382.0,98.0,-547.0
-97.0,-316.0,-533.0,-211.0,,151.0,-668.0,242.0,21.0,-485.0
-174.0,920.0,-462.0,-182.0,,371.0,-417.0,223.0,-32.0,-305.0
-274.0,756.0,-451.0,-162.0,,-133.0,-115.0,201.0,92.0,-244.0
-362.0,334.0,-396.0,-100.0,,-287.0,251.0,203.0,-253.0,-250.0
-466.0,448.0,-483.0,0.0,,69.0,617.0,312.0,-182.0,-207.0
-520.0,1261.0,-412.0,65.0,,-112.0,858.0,195.0,-76.0,-194.0
-521.0,3164.0,-348.0,78.0,,-434.0,946.0,349.0,-369.0,-207.0
-553.0,5037.0,-314.0,86.0,,10.0,914.0,443.0,4.0,-172.0
-546.0,5230.0,-304.0,117.0,,132.0,733.0,570.0,-63.0,-130.0
-581.0,3619.0,-348.0,215.0,,-157.0,504.0,772.0,-43.0,-161.0
-588.0,1221.0,-306.0,265.0,,47.0,356.0,855.0,241.0,-167.0
-596.0,-447.0,-321.0,112.0,,308.0,196.0,1071.0,-196.0,-216.0
-597.0,-1472.0,-293.0,-39.0,,113.0,62.0,977.0,50.0,-259.0
-549.0,-1294.0,-258.0,-249.0,,117.0,23.0,949.0,541.0,-326.0
-486.0,-22.0,-419.0,-464.0,,544.0,36.0,873.0,504.0,-439.0
-420.0,1375.0,-524.0,-427.0,,405.0,68.0,731.0,252.0,-364.0
-396.0,2222.0,-467.0,-396.0,,265.0,188.0,752.0,124.0,-222.0
-330.0,1784.0,-532.0,-422.0,,333.0,349.0,626.0,283.0,-119.0
-236.0,852.0,-589.0,-446.0,,51.0,368.0,687.0,407.0,24.0
-147.0,-54.0,-691.0,-486.0,,100.0,323.0,578.0,482.0,292.0
-63.0,-267.0,-700.0,-535.0,,308.0,194.0,539.0,225.0,523.0
0.0,212.0,-691.0,-495.0,,91.0,19.0,648.0,447.0,583.0
81.0,835.0,-694.0,-296.0,,-343.0,-118.0,715.0,513.0,553.0
139.0,1813.0,-604.0,-96.0,,-118.0,-224.0,866.0,2.0,439.0
134.0,2461.0,-658.0,58.0,,7.0,-224.0,772.0,381.0,250.0
142.0,2207.0,-643.0,100.0,,-524.0,-169.0,879.0,477.0,44.0
191.0,139.0,-524.0,-47.0,,-398.0,-33.0,866.0,399.0,-138.0
245.0,-2817.0,-455.0,-295.0,,-93.0,174.0,877.0,338.0,-365.0
277.0,-3627.0,-381.0,-524.0,,-332.0,276.0,1066.0,128.0,-561.0
312.0,-1348.0,-344.0,-663.0,,-292.0,314.0,988.0,524.0,-520.0
339.0,2867.0,-307.0,-735.0,,231.0,455.0,1066.0,368.0,-394.0
328.0,6612.0,-194.0,-785.0,,152.0,512.0,992.0,270.0,-466.0
295.0,9993.0,-103.0,-803.0,,-118.0,412.0,957.0,314.0,-602.0
242.0,12299.0,25.0,-809.0,,241.0,227.0,885.0,327.0,-600.0
156.0,12505.0,155.0,-806.0,,396.0,39.0,727.0,557.0,-587.0
8.0,12029.0,239.0,-692.0,,198.0,-72.0,763.0,238.0,-593.0
-96.0,10737.0,186.0,-534.0,,275.0,-167.0,687.0,157.0,-606.0
-194.0,9250.0,254.0,-499.0,,346.0,-164.0,798.0,37.0,-750.0
-287.0,7881.0,342.0,-453.0,,-20.0,-156.0,788.0,-228.0,-825.0
-334.0,6283.0,235.0,-363.0,,-148.0,-154.0,798.0,141.0,-695.0
-341.0,3345.0,224.0,-243.0,,-170.0,-94.0,848.0,393.0,-482.0
-284.0,123.0,85.0,-34.0,,-496.0,-1.0,757.0,435.0,-334.0
-265.0,-1934.0,52.0,155.0,,-319.0,115.0,979.0,726.0,-294.0
-251.0,-2666.0,58.0,253.0,,211.0,171.0,1108.0,775.0,-219.0
-266.0,-1487.0,1.0,155.0,,29.0,195.0,1273.0,1040.0,-80.0
-252.0,340.0,-27.0,-68.0,,-217.0,216.0,1293.0,1413.0,109.0
-266.0,3251.0,-83.0,-235.0,,190.0,301.0,1193.0,1193.0,200.0
-360.0,6471.0,-50.0,-400.0,,322.0,426.0,1189.0,1134.0,210.0
-411.0,8437.0,-56.0,-619.0,,88.0,517.0,1034.0,1224.0,234.0
-428.0,6694.0,-34.0,-784.0,,0.0,501.0,1130.0,1328.0,232.0
-445.0,2413.0,7.0,-719.0,,-75.0,342.0,1073.0,1292.0,192.0
-437.0,-432.0,81.0,-489.0,,-323.0,98.0,979.0,865.0,59.0
-317.0,-2561.0,154.0,-300.0,,-108.0,-157.0,988.0,779.0,-142.0
-187.0,-3857.0,159.0,-148.0,,200.0,-338.0,958.0,514.0,-369.0
-48.0,-4506.0,129.0,4.0,,-318.0,-520.0,1119.0,467.0,-507.0
85.0,-4551.0,153.0,183.0,,-544.0,-610.0,1151.0,743.0,-563.0
196.0,-4374.0,193.0,307.0,,-290.0,-546.0,1162.0,143.0,-642.0
282.0,-2838.0,187.0,377.0,,-377.0,-477.0,1005.0,130.0,-679.0
324.0,-264.0,207.0,467.0,,-570.0,-338.0,838.0,150.0,-659.0
378.0,-565.0,234.0,424.0,,-388.0,-142.0,727.0,-56.0,-677.0
351.0,-2787.0,314.0,265.0,,-304.0,3.0,533.0,11.0,-683.0
309.0,-4891.0,314.0,41.0,,-557.0,160.0,508.0,-324.0,-613.0
281.0,-5688.0,330.0,-245.0,,-324.0,307.0,432.0,-356.0,-591.0
233.0,-4591.0,380.0,-376.0,,-131.0,418.0,600.0,-382.0,-688.0
198.0,-1660.0,362.0,-354.0,,-342.0,512.0,750.0,200.0,-748.0
170.0,2756.0,350.0,-287.0,,-282.0,473.0,938.0,177.0,-699.0
166.0,5951.0,309.0,-157.0,,-41.0,318.0,1287.0,-183.0,-746.0
166.0,6081.0,321.0,-72.0,,-274.0,157.0,1341.0,304.0,-833.0
172.0,5063.0,298.0,-45.0,,-450.0,31.0,1422.0,-18.0,-935.0
179.0,4435.0,261.0,0.0,,-69.0,-49.0,1165.0,-73.0,-1151.0
145.0,3601.0,255.0,27.0,,-245.0,-71.0,907.0,28.0,-1295.0
122.0,2618.0,330.0,113.0,,-572.0,-17.0,702.0,-319.0,-1357.0
68.0,1616.0,441.0,186.0,,-369.0,54.0,362.0,-99.0,-1332.0
23.0,-165.0,491.0,128.0,,-235.0,111.0,352.0,293.0,-1288.0
32.0,-3412.0,582.0,87.0,,-444.0,108.0,208.0,54.0,-1160.0
-8.0,-6952.0,652.0,0.0,,-294.0,51.0,247.0,137.0,-829.0
-13.0,-9749.0,730.0,-90.0,,88.0,-35.0,375.0,364.0,-508.0
-26.0,-11042.0,772.0,-121.0,,-234.0,-158.0,533.0,48.0,-251.0
-28.0,-8837.0,786.0,-198.0,,-242.0,-263.0,824.0,-50.0,-67.0
0.0,-3667.0,785.0,-290.0,,44.0,-390.0,970.0,-201.0,82.0
38.0,1676.0,722.0,-421.0,,-179.0,-487.0,1160.0,-304.0,164.0
73.0,5464.0,636.0,-468.0,,-360.0,-450.0,977.0,-542.0,263.0
29.0,6193.0,529.0,-387.0,,-182.0,-378.0,909.0,-415.0,423.0
101.0,4651.0,469.0,-267.0,,-154.0,-335.0,921.0,-516.0,541.0
163.0,3001.0,342.0,-138.0,,-363.0,-255.0,759.0,-776.0,769.0
133.0,1396.0,176.0,-58.0,,-64.0,-160.0,694.0,-223.0,1124.0
157.0,48.0,211.0,-44.0,,121.0,-42.0,389.0,-413.0,1506.0
128.0,-834.0,287.0,10.0,,-119.0,92.0,327.0,-805.0,1622.0
107.0,-1415.0,211.0,117.0,,-25.0,263.0,319.0,-646.0,1637.0
93.0,-1883.0,150.0,188.0,,57.0,462.0,297.0,-579.0,1822.0
43.0,-1776.0,238.0,239.0,,-298.0,629.0,386.0,-861.0,1872.0
56.0,-1559.0,307.0,280.0,,-331.0,842.0,402.0,-714.0,1709.0
131.0,-1911.0,143.0,341.0,,-93.0,900.0,545.0,-849.0,1481.0
201.0,-2348.0,265.0,439.0,,-345.0,819.0,465.0,-1245.0,1230.0
192.0,-2394.0,627.0,567.0,,-309.0,763.0,506.0,-655.0,911.0
203.0,-1778.0,415.0,563.0,,182.0,595.0,626.0,-467.0,687.0
226.0,-1572.0,344.0,440.0,,37.0,396.0,558.0,-364.0,581.0
210.0,-1000.0,701.0,412.0,,-354.0,129.0,489.0,-60.0,351.0
220.0,157.0,642.0,442.0,,-100.0,-198.0,221.0,278.0,77.0
198.0,958.0,547.0,402.0,,185.0,-422.0,-16.0,558.0,124.0
195.0,754.0,722.0,329.0,,-147.0,-592.0,-339.0,645.0,306.0
173.0,-1973.0,660.0,240.0,,-271.0,-766.0,-561.0,1025.0,280.0
103.0,-4740.0,606.0,70.0,,56.0,-934.0,-485.0,1069.0,202.0
56.0,-5766.0,796.0,-6.0,,-77.0,-1003.0,-402.0,1227.0,75.0
54.0,-6853.0,817.0,-12.0,,-102.0,-925.0,-201.0,1331.0,-134.0
86.0,-8118.0,690.0,-103.0,,151.0,-774.0,20.0,1271.0,-270.0
66.0,-8103.0,595.0,-116.0,,-29.0,-564.0,327.0,1234.0,-310.0
81.0,-5835.0,632.0,-79.0,,-191.0,-334.0,441.0,859.0,-484.0
96.0,-2067.0,542.0,-122.0,,-21.0,-137.0,382.0,860.0,-698.0
124.0,1771.0,453.0,-164.0,,43.0,52.0,424.0,918.0,-748.0
150.0,3934.0,450.0,-113.0,,-211.0,179.0,336.0,755.0,-762.0
126.0,3332.0,284.0,56.0,,-189.0,272.0,356.0,638.0,-809.0
157.0,2466.0,321.0,196.0,,-155.0,332.0,201.0,332.0,-845.0
174.0,2815.0,166.0,210.0,,-370.0,363.0,140.0,-98.0,-679.0
168.0,2691.0,6.0,50.0,,-121.0,436.0,149.0,8.0,-434.0
49.0,2664.0,81.0,-167.0,,37.0,436.0,33.0,-194.0,-217.0
-27.0,2624.0,44.0,-283.0,,-396.0,369.0,184.0,-820.0,51.0
-15.0,1246.0,67.0,-331.0,,-416.0,284.0,151.0,-734.0,197.0
-42.0,-1590.0,73.0,-275.0,,176.0,215.0,284.0,-799.0,226.0
-28.0,-5109.0,144.0,-139.0,,151.0,235.0,327.0,-756.0,282.0
-14.0,-7339.0,156.0,5.0,,-275.0,302.0,260.0,-883.0,386.0
11.0,-6742.0,136.0,88.0,,-60.0,359.0,323.0,-1054.0,496.0
2.0,-3101.0,168.0,139.0,,81.0,340.0,118.0,-1187.0,587.0
4.0,986.0,257.0,157.0,,-272.0,218.0,107.0,-1415.0,647.0
8.0,3481.0,295.0,157.0,,-245.0,99.0,60.0,-842.0,661.0
8.0,3834.0,220.0,124.0,,-71.0,25.0,149.0,-915.0,606.0
18.0,1878.0,232.0,33.0,,-375.0,-20.0,291.0,-907.0,473.0
19.0,-1337.0,220.0,-72.0,,-522.0,-57.0,208.0,-704.0,397.0
47.0,-3725.0,241.0,-173.0,,-386.0,-124.0,223.0,-560.0,363.0
97.0,-3750.0,257.0,-117.0,,-511.0,-158.0,64.0,60.0,349.0
122.0,-2666.0,291.0,46.0,,-492.0,-165.0,-57.0,3.0,432.0
158.0,-38.0,329.0,172.0,,-180.0,-153.0,-184.0,41.0,512.0
248.0,2462.0,298.0,199.0,,-194.0,-78.0,-194.0,130.0,485.0
254.0,1709.0,201.0,136.0,,-376.0,56.0,-182.0,-48.0,402.0
267.0,-500.0,228.0,-27.0,,-315.0,191.0,-230.0,122.0,391.0
282.0,-2608.0,269.0,-222.0,,-475.0,280.0,36.0,200.0,296.0
229.0,-2622.0,177.0,-304.0,,-801.0,346.0,131.0,-238.0,82.0
147.0,-273.0,232.0,-325.0,,-441.0,336.0,210.0,-49.0,-111.0
154.0,2098.0,195.0,-345.0,,-83.0,305.0,121.0,110.0,-383.0
142.0,3040.0,190.0,-296.0,,-462.0,277.0,-120.0,-9.0,-624.0
66.0,1501.0,181.0,-111.0,,-494.0,233.0,-229.0,613.0,-666.0
51.0,-307.0,155.0,100.0,,0.0,247.0,-465.0,208.0,-577.0
31.0,-65.0,199.0,271.0,,-95.0,271.0,-469.0,226.0,-547.0
80.0,2650.0,131.0,408.0,,-542.0,316.0,-543.0,737.0,-592.0
99.0,5168.0,128.0,411.0,,-421.0,433.0,-452.0,493.0,-549.0
120.0,4388.0,114.0,350.0,,-232.0,583.0,-223.0,612.0,-490.0
155.0,2415.0,100.0,351.0,,-293.0,677.0,-175.0,-100.0,-490.0
180.0,339.0,91.0,344.0,,-16.0,683.0,5.0,-67.0,-484.0
137.0,-1404.0,22.0,356.0,,277.0,640.0,-40.0,674.0,-452.0
22.0,-1165.0,-36.0,292.0,,113.0,542.0,-27.0,29.0,-350.0
21.0,731.0,-4.0,180.0,,139.0,376.0,-1.0,-461.0,-121.0
20.0,2082.0,69.0,133.0,,298.0,198.0,16.0,-630.0,130.0
-23.0,1857.0,108.0,-45.0,,55.0,32.0,110.0,-861.0,179.0
-71.0,470.0,87.0,-297.0,,25.0,-134.0,42.0,-555.0,68.0
-67.0,-1624.0,84.0,-484.0,,231.0,-285.0,155.0,-656.0,48.0
-1.0,-1460.0,146.0,-532.0,,93.0,-425.0,5.0,-918.0,126.0
57.0,566.0,100.0,-419.0,,113.0,-523.0,-169.0,-651.0,106.0
109.0,3337.0,69.0,-321.0,,525.0,-578.0,-240.0,-1118.0,44.0
191.0,6297.0,51.0,-307.0,,255.0,-551.0,-448.0,-973.0,72.0
291.0,6445.0,-7.0,-301.0,,-182.0,-395.0,-334.0,-507.0,108.0
295.0,5477.0,3.0,-291.0,,255.0,-183.0,-338.0,-801.0,216.0
184.0,4337.0,8.0,-252.0,,392.0,-27.0,-328.0,-580.0,361.0
112.0,2544.0,-3.0,-114.0,,-131.0,96.0,-264.0,-602.0,381.0
47.0,1034.0,24.0,25.0,,-227.0,214.0,-242.0,-240.0,350.0
-31.0,1100.0,21.0,133.0,,31.0,260.0,-151.0,229.0,347.0
-102.0,2430.0,6.0,171.0,,-202.0,317.0,-175.0,-162.0,446.0
-123.0,3597.0,76.0,63.0,,-308.0,350.0,-88.0,-358.0,496.0
-31.0,4501.0,68.0,-21.0,,187.0,336.0,-181.0,-150.0,408.0
-32.0,3101.0,41.0,-74.0,,227.0,331.0,-199.0,264.0,353.0
-22.0,487.0,6.0,-216.0,,-74.0,314.0,-184.0,694.0,348.0
18.0,-1737.0,-51.0,-439.0,,169.0,327.0,-223.0,604.0,353.0
34.0,-2365.0,-91.0,-562.0,,375.0,366.0,-86.0,276.0,316.0
53.0,-1797.0,-227.0,-518.0,,97.0,369.0,-162.0,246.0,360.0
-17.0,-2359.0,-295.0,-431.0,,41.0,375.0,-123.0,221.0,396.0
-69.0,-3321.0,-309.0,-300.0,,29.0,393.0,-157.0,-21.0,332.0
-100.0,-3642.0,-292.0,-110.0,,-158.0,376.0,-164.0,-177.0,332.0
-174.0,-1639.0,-263.0,79.0,,-41.0,366.0,-72.0,-41.0,300.0
-272.0,-86.0,-249.0,226.0,,248.0,358.0,-258.0,-368.0,228.0
-335.0,218.0,-214.0,392.0,,325.0,417.0,-254.0,-194.0,247.0
-412.0,133.0,-210.0,506.0,,448.0,549.0,-225.0,119.0,495.0
-478.0,-635.0,-200.0,463.0,,742.0,640.0,-120.0,-203.0,789.0
-532.0,-723.0,-222.0,321.0,,425.0,642.0,-42.0,309.0,1040.0
-636.0,-897.0,-158.0,91.0,,58.0,515.0,-136.0,420.0,1334.0
-645.0,-917.0,-92.0,-147.0,,443.0,338.0,-192.0,689.0,1593.0
-664.0,-2750.0,-99.0,-287.0,,458.0,143.0,-395.0,1340.0,1765.0
-762.0,-4404.0,-111.0,-302.0,,12.0,-96.0,-539.0,646.0,1760.0
-819.0,-4089.0,-116.0,-230.0,,168.0,-264.0,-716.0,307.0,1735.0
-818.0,-2887.0,-38.0,-183.0,,657.0,-310.0,-703.0,946.0,1594.0
-867.0,-1128.0,-52.0,-214.0,,546.0,-321.0,-495.0,1204.0,1279.0
-961.0,329.0,-118.0,-315.0,,413.0,-305.0,-356.0,1018.0,975.0
-981.0,2849.0,-158.0,-432.0,,832.0,-275.0,-168.0,817.0,674.0
-994.0,4481.0,-218.0,-501.0,,857.0,-224.0,-194.0,639.0,390.0
-950.0,6053.0,-248.0,-584.0,,656.0,-169.0,-205.0,1071.0,170.0
-904.0,6639.0,-289.0,-626.0,,854.0,-148.0,-249.0,1427.0,43.0
-904.0,4904.0,-292.0,-484.0,,920.0,-103.0,-256.0,1044.0,-21.0
-892.0,2612.0,-240.0,-259.0,,534.0,-25.0,-188.0,719.0,0.0
-868.0,-563.0,-251.0,-139.0,,441.0,111.0,-299.0,813.0,44.0
-849.0,-3854.0,-213.0,12.0,,701.0,255.0,-286.0,666.0,164.0
-853.0,-7005.0,-148.0,217.0,,671.0,306.0,-434.0,125.0,294.0
-821.0,-8035.0,-76.0,348.0,,802.0,242.0,-460.0,643.0,272.0
-816.0,-6287.0,12.0,418.0,,830.0,134.0,-476.0,98.0,261.0
-724.0,-2274.0,-23.0,519.0,,482.0,65.0,-731.0,-966.0,277.0
-558.0,1343.0,119.0,644.0,,442.0,8.0,-779.0,-383.0,153.0
-450.0,3111.0,223.0,611.0,,571.0,-62.0,-875.0,-337.0,-6.0
-319.0,4131.0,151.0,598.0,,252.0,-93.0,-740.0,-319.0,-23.0
-237.0,3293.0,152.0,609.0,,-43.0,-69.0,-703.0,-367.0,-13.0
-183.0,1360.0,85.0,519.0,,462.0,93.0,-733.0,-395.0,83.0
-169.0,-417.0,92.0,384.0,,727.0,428.0,-655.0,1.0,368.0
-254.0,-1250.0,83.0,150.0,,523.0,712.0,-777.0,113.0,605.0
-326.0,-1272.0,-35.0,3.0,,805.0,927.0,-618.0,208.0,769.0
-315.0,-376.0,-110.0,-21.0,,928.0,1019.0,-565.0,-313.0,1099.0
-287.0,-491.0,-170.0,-41.0,,486.0,925.0,-443.0,-278.0,1484.0
-326.0,-2448.0,-207.0,63.0,,427.0,752.0,-325.0,322.0,1627.0
-316.0,-3680.0,-204.0,289.0,,966.0,474.0,-306.0,-134.0,1647.0
-250.0,-4763.0,-230.0,512.0,,944.0,151.0,-164.0,-26.0,1786.0
-212.0,-5557.0,-208.0,682.0,,438.0,-168.0,-408.0,-23.0,1885.0
-223.0,-5115.0,-234.0,701.0,,399.0,-455.0,-637.0,-1009.0,1863.0
-195.0,-3403.0,-312.0,595.0,,454.0,-711.0,-894.0,-458.0,1901.0
-75.0,-587.0,-266.0,460.0,,329.0,-911.0,-957.0,-3.0,1903.0
9.0,1530.0,-312.0,231.0,,210.0,-956.0,-781.0,-638.0,1683.0
75.0,2053.0,-362.0,-76.0,,156.0,-922.0,-641.0,-766.0,1492.0
47.0,1472.0,-374.0,-396.0,,116.0,-908.0,-399.0,-665.0,1560.0
39.0,217.0,-389.0,-651.0,,306.0,-819.0,-400.0,-508.0,1473.0
106.0,-496.0,-363.0,-630.0,,566.0,-578.0,-312.0,-195.0,1200.0
169.0,411.0,-369.0,-479.0,,287.0,-347.0,-349.0,30.0,1219.0
231.0,2445.0,-348.0,-387.0,,212.0,-115.0,-412.0,-188.0,1464.0
339.0,4612.0,-334.0,-238.0,,531.0,181.0,-406.0,-53.0,1572.0
418.0,5030.0,-310.0,-54.0,,448.0,433.0,-668.0,-255.0,1570.0
305.0,2596.0,-332.0,97.0,,369.0,649.0,-776.0,-158.0,1630.0
300.0,-736.0,-303.0,149.0,,586.0,746.0,-944.0,191.0,1596.0
242.0,-3516.0,-241.0,242.0,,421.0,645.0,-899.0,-501.0,1514.0
127.0,-5072.0,-282.0,373.0,,65.0,506.0,-753.0,-443.0,1538.0
144.0,-4970.0,-324.0,484.0,,371.0,371.0,-667.0,-600.0,1564.0
171.0,-3116.0,-369.0,634.0,,827.0,213.0,-526.0,-639.0,1446.0
204.0,-733.0,-391.0,766.0,,718.0,29.0,-794.0,-653.0,1348.0
181.0,840.0,-480.0,716.0,,699.0,-180.0,-925.0,-1257.0,1403.0
58.0,2967.0,-537.0,396.0,,1026.0,-296.0,-994.0,-1376.0,1251.0
-67.0,4715.0,-565.0,211.0,,913.0,-333.0,-1018.0,-2024.0,808.0
-18.0,4929.0,-546.0,228.0,,594.0,-368.0,-903.0,-2057.0,387.0
-68.0,4174.0,-429.0,273.0,,711.0,-350.0,-977.0,-2129.0,29.0
-187.0,2280.0,-399.0,334.0,,862.0,-298.0,-864.0,-2618.0,-444.0
-186.0,-725.0,-279.0,380.0,,758.0,-218.0,-790.0,-3089.0,-833.0
-147.0,-2810.0,-129.0,439.0,,814.0,-91.0,-642.0,-3483.0,-989.0
-176.0,-3015.0,26.0,484.0,,989.0,57.0,-498.0,-3042.0,-1178.0
-275.0,-3201.0,104.0,583.0,,911.0,221.0,-585.0,-3537.0,-1414.0
-277.0,-2494.0,117.0,664.0,,936.0,328.0,-591.0,-3462.0,-1567.0
-170.0,-1480.0,236.0,640.0,,1037.0,334.0,-724.0,-2944.0,-1827.0
-3.0,-835.0,254.0,527.0,,910.0,246.0,-722.0,-3028.0,-2172.0
117.0,153.0,304.0,429.0,,846.0,124.0,-691.0,-2378.0,-2304.0
172.0,871.0,364.0,408.0,,869.0,-54.0,-657.0,-2291.0,-2339.0
230.0,2493.0,407.0,330.0,,611.0,-255.0,-567.0,-2011.0,-2488.0
303.0,4228.0,493.0,190.0,,581.0,-390.0,-594.0,-1511.0,-2540.0
200.0,3688.0,528.0,170.0,,1059.0,-525.0,-543.0,-1258.0,-2359.0
77.0,2110.0,570.0,159.0,,962.0,-586.0,-748.0,-1321.0,-2208.0
95.0,1122.0,705.0,10.0,,588.0,-598.0,-873.0,-1203.0,-2059.0
128.0,-190.0,793.0,-3.0,,815.0,-577.0,-986.0,-348.0,-1719.0
103.0,-741.0,774.0,83.0,,988.0,-492.0,-1099.0,-907.0,-1368.0
56.0,-1435.0,847.0,58.0,,638.0,-384.0,-971.0,-825.0,-1260.0
47.0,-2254.0,849.0,-24.0,,559.0,-230.0,-999.0,-487.0,-1071.0
77.0,-2026.0,806.0,-138.0,,815.0,-123.0,-855.0,-880.0,-530.0
116.0,-2521.0,761.0,-228.0,,526.0,-12.0,-787.0,-956.0,-164.0
58.0,-854.0,681.0,-224.0,,346.0,149.0,-615.0,-1056.0,149.0
90.0,1958.0,630.0,-124.0,,682.0,241.0,-441.0,-637.0,744.0
182.0,3509.0,532.0,-71.0,,715.0,257.0,-489.0,-1036.0,1135.0
269.0,4427.0,430.0,-149.0,,625.0,241.0,-338.0,-949.0,1134.0
325.0,4630.0,370.0,-204.0,,943.0,107.0,-391.0,-971.0,1070.0
339.0,4082.0,367.0,-166.0,,1065.0,-108.0,-306.0,-849.0,1062.0
354.0,1952.0,339.0,-9.0,,759.0,-196.0,-288.0,-549.0,934.0
350.0,1019.0,272.0,207.0,,748.0,-163.0,-388.0,-996.0,861.0
402.0,574.0,214.0,484.0,,788.0,-73.0,-410.0,-165.0,958.0
449.0,-122.0,233.0,769.0,,668.0,31.0,-574.0,-492.0,992.0
543.0,-484.0,238.0,930.0,,838.0,65.0,-519.0,-932.0,1025.0
636.0,-1009.0,195.0,1060.0,,995.0,88.0,-679.0,-122.0,1057.0
672.0,-912.0,204.0,1050.0,,705.0,45.0,-746.0,-142.0,1063.0
636.0,-1833.0,223.0,859.0,,507.0,-90.0,-691.0,-804.0,908.0
590.0,-1898.0,265.0,625.0,,807.0,-121.0,-700.0,-735.0,723.0
634.0,-1124.0,262.0,480.0,,882.0,-171.0,-485.0,-372.0,744.0
701.0,-1412.0,249.0,433.0,,694.0,-258.0,-478.0,-657.0,710.0
708.0,-2072.0,277.0,255.0,,883.0,-220.0,-375.0,-245.0,564.0
646.0,-1865.0,291.0,-22.0,,955.0,-165.0,-397.0,-174.0,346.0
637.0,-294.0,216.0,-244.0,,611.0,-145.0,-498.0,-330.0,298.0
755.0,10.0,192.0,-325.0,,719.0,-197.0,-487.0,201.0,363.0
769.0,-61.0,238.0,-285.0,,1051.0,-235.0,-604.0,386.0,444.0
617.0,525.0,185.0,-217.0,,642.0,-197.0,-617.0,484.0,502.0
558.0,304.0,121.0,-76.0,,340.0,-137.0,-783.0,471.0,486.0
593.0,-48.0,57.0,193.0,,676.0,-75.0,-766.0,321.0,505.0
572.0,-394.0,30.0,541.0,,701.0,-188.0,-707.0,489.0,478.0
470.0,-1085.0,2.0,824.0,,388.0,-302.0,-661.0,777.0,490.0
397.0,-1863.0,-65.0,1007.0,,430.0,-257.0,-498.0,233.0,225.0
325.0,-2727.0,-126.0,992.0,,658.0,-226.0,-620.0,-363.0,-131.0
280.0,-3125.0,-166.0,757.0,,578.0,-253.0,-559.0,276.0,-212.0
254.0,-2626.0,-219.0,421.0,,574.0,-316.0,-567.0,464.0,-188.0
266.0,-1907.0,-344.0,119.0,,630.0,-288.0,-532.0,-27.0,-371.0
326.0,-993.0,-412.0,-70.0,,499.0,-250.0,-365.0,159.0,-656.0
265.0,1155.0,-430.0,-224.0,,638.0,-280.0,-328.0,395.0,-649.0
167.0,3064.0,-483.0,-303.0,,759.0,-217.0,-201.0,741.0,-662.0
126.0,2416.0,-563.0,-317.0,,398.0,-132.0,-319.0,1001.0,-542.0
127.0,1144.0,-636.0,-290.0,,170.0,-135.0,-380.0,901.0,-316.0
-2.0,438.0,-700.0,-232.0,,352.0,-135.0,-463.0,1714.0,-198.0
-272.0,-553.0,-766.0,-209.0,,90.0,-43.0,-567.0,1949.0,-63.0
-440.0,-774.0,-870.0,-221.0,,-157.0,93.0,-657.0,1397.0,173.0
-500.0,-167.0,-939.0,-328.0,,259.0,149.0,-977.0,1680.0,536.0
-601.0,87.0,-923.0,-622.0,,247.0,94.0,-1021.0,1688.0,608.0
-667.0,-177.0,-970.0,-991.0,,-242.0,-15.0,-1106.0,1463.0,661.0
-622.0,413.0,-989.0,-1179.0,,-275.0,-152.0,-1152.0,1288.0,880.0
-585.0,2011.0,-976.0,-1169.0,,-8.0,-235.0,-1160.0,1125.0,1019.0
-597.0,3211.0,-977.0,-1107.0,,-283.0,-238.0,-1178.0,1014.0,976.0
-585.0,3103.0,-885.0,-959.0,,-542.0,-288.0,-957.0,992.0,830.0
-545.0,2453.0,-872.0,-747.0,,-133.0,-425.0,-838.0,718.0,817.0
-565.0,2646.0,-871.0,-564.0,,3.0,-500.0,-532.0,264.0,813.0
-579.0,2874.0,-790.0,-445.0,,-136.0,-503.0,-417.0,1014.0,1014.0
-653.0,3050.0,-764.0,-359.0,,-79.0,-508.0,-432.0,1175.0,1320.0
-728.0,2647.0,-753.0,-207.0,,-142.0,-469.0,-321.0,714.0,1380.0
-735.0,1301.0,-713.0,-193.0,,-187.0,-422.0,-430.0,1208.0,1224.0
-787.0,50.0,-651.0,-265.0,,-35.0,-478.0,-447.0,1315.0,1072.0
-944.0,-748.0,-645.0,-179.0,,-189.0,-635.0,-622.0,1345.0,921.0
-1101.0,-1990.0,-658.0,-91.0,,-512.0,-646.0,-705.0,1776.0,527.0
-1064.0,-3628.0,-714.0,-99.0,,-291.0,-544.0,-707.0,1790.0,127.0
-969.0,-4050.0,-758.0,-236.0,,28.0,-430.0,-726.0,1735.0,-173.0
-873.0,-3978.0,-770.0,-365.0,,-230.0,-257.0,-583.0,2323.0,-387.0
-875.0,-3599.0,-913.0,-384.0,,-321.0,-263.0,-532.0,2093.0,-564.0
-898.0,-3150.0,-986.0,-459.0,,-23.0,-344.0,-247.0,1784.0,-774.0
-721.0,-2538.0,-1022.0,-441.0,,-413.0,-322.0,-86.0,1721.0,-931.0
-553.0,-1085.0,-1060.0,-307.0,,-841.0,-321.0,11.0,1181.0,-1056.0
-543.0,892.0,-1102.0,-313.0,,-492.0,-366.0,72.0,1672.0,-1107.0
-639.0,2717.0,-1157.0,-360.0,,-382.0,-468.0,-66.0,865.0,-1049.0
-708.0,3972.0,-1132.0,-397.0,,-757.0,-586.0,-81.0,395.0,-1141.0
-746.0,4824.0,-1132.0,-397.0,,-755.0,-604.0,-190.0,1057.0,-1351.0
-726.0,3884.0,-1089.0,-311.0,,-570.0,-563.0,-114.0,182.0,-1418.0
-630.0,2091.0,-1060.0,-306.0,,-886.0,-521.0,-64.0,-260.0,-1550.0
-617.0,865.0,-994.0,-413.0,,-1073.0,-389.0,-48.0,350.0,-1808.0
-595.0,-551.0,-899.0,-653.0,,-849.0,-267.0,70.0,168.0,-2165.0
-507.0,-1534.0,-882.0,-904.0,,-751.0,-322.0,-5.0,-376.0,-2336.0
-488.0,-1797.0,-815.0,-965.0,,-707.0,-445.0,77.0,339.0,-2478.0
-528.0,-2459.0,-739.0,-891.0,,-556.0,-600.0,72.0,-119.0,-2835.0
-451.0,-2829.0,-697.0,-667.0,,-693.0,-733.0,138.0,-28.0,-3031.0
-214.0,-2562.0,-698.0,-358.0,,-985.0,-686.0,291.0,1011.0,-3096.0
-52.0,-2383.0,-676.0,-104.0,,-834.0,-617.0,341.0,435.0,-3122.0
2.0,-1534.0,-634.0,69.0,,-699.0,-692.0,448.0,-139.0,-3150.0
52.0,-672.0,-596.0,216.0,,-848.0,-745.0,312.0,-224.0,-2956.0
262.0,-431.0,-579.0,302.0,,-788.0,-649.0,308.0,-173.0,-2808.0
412.0,134.0,-618.0,213.0,,-628.0,-491.0,223.0,-361.0,-2807.0
307.0,64.0,-601.0,27.0,,-838.0,-298.0,20.0,-249.0,-2572.0
310.0,-823.0,-613.0,-167.0,,-919.0,-137.0,-86.0,-541.0,-2426.0
467.0,-764.0,-651.0,-280.0,,-685.0,-79.0,-267.0,-904.0,-2499.0
575.0,-936.0,-600.0,-315.0,,-788.0,-6.0,-140.0,-509.0,-2687.0
458.0,-1511.0,-559.0,-334.0,,-764.0,-35.0,-36.0,-619.0,-2650.0
416.0,-1106.0,-495.0,-363.0,,-429.0,-216.0,75.0,-1635.0,-2533.0
522.0,-134.0,-421.0,-405.0,,-616.0,-331.0,160.0,-1008.0,-2605.0
594.0,1088.0,-336.0,-366.0,,-1183.0,-426.0,147.0,-572.0,-2712.0
523.0,2262.0,-186.0,-284.0,,-1026.0,-494.0,312.0,-1297.0,-2932.0
322.0,2632.0,-50.0,-215.0,,-719.0,-436.0,352.0,-431.0,-3087.0
401.0,1423.0,98.0,-194.0,,-1090.0,-298.0,535.0,-670.0,-3041.0
508.0,102.0,242.0,-260.0,,-1170.0,-146.0,574.0,-1091.0,-2869.0
490.0,-910.0,385.0,-287.0,,-849.0,-32.0,515.0,-493.0,-2820.0
458.0,-1753.0,497.0,-190.0,,-757.0,21.0,504.0,-75.0,-2764.0
499.0,-1117.0,495.0,-107.0,,-857.0,40.0,238.0,-660.0,-2474.0
512.0,-1054.0,476.0,-94.0,,-771.0,109.0,112.0,-105.0,-2210.0
283.0,-1344.0,476.0,-105.0,,-791.0,136.0,-40.0,-592.0,-2150.0
205.0,-240.0,447.0,-2.0,,-886.0,-10.0,9.0,-401.0,-2254.0
298.0,-515.0,393.0,153.0,,-671.0,-257.0,112.0,1838.0,-2187.0
265.0,-712.0,341.0,285.0,,-834.0,-504.0,142.0,-1452.0,-1915.0
86.0,276.0,357.0,515.0,,-1050.0,-718.0,288.0,308.0,-1694.0
-110.0,384.0,376.0,719.0,,-778.0,-791.0,149.0,1323.0,-1471.0
-152.0,877.0,345.0,918.0,,-681.0,-657.0,160.0,-1635.0,-1068.0
-57.0,648.0,333.0,1152.0,,-1042.0,-501.0,219.0,1652.0,-444.0
-37.0,-347.0,342.0,1343.0,,-1050.0,-306.0,338.0,-370.0,269.0
-136.0,-1570.0,316.0,1480.0,,-611.0,-14.0,550.0,-1231.0,1002.0
-124.0,-2448.0,237.0,1459.0,,-886.0,197.0,679.0,1285.0,1581.0
62.0,-2912.0,122.0,1214.0,,-1218.0,326.0,851.0,-782.0,1879.0
84.0,-4180.0,39.0,926.0,,-838.0,336.0,770.0,-395.0,2198.0
71.0,-3684.0,-12.0,725.0,,-779.0,201.0,812.0,305.0,2527.0
207.0,-2652.0,-103.0,518.0,,-1147.0,17.0,857.0,-1346.0,2397.0
290.0,-1705.0,-111.0,360.0,,-1007.0,-108.0,903.0,50.0,1948.0
267.0,230.0,-71.0,294.0,,-551.0,-64.0,981.0,249.0,1702.0
187.0,1446.0,-1.0,214.0,,-619.0,2.0,801.0,-1684.0,1639.0
296.0,1832.0,29.0,39.0,,-647.0,-38.0,652.0,-432.0,1403.0
397.0,2237.0,0.0,-266.0,,-405.0,-75.0,386.0,-581.0,1148.0
408.0,3565.0,107.0,-573.0,,-499.0,-40.0,426.0,-915.0,1025.0
364.0,5381.0,195.0,-801.0,,-596.0,48.0,642.0,-356.0,852.0
408.0,6585.0,285.0,-847.0,,-329.0,93.0,790.0,-473.0,906.0
583.0,6016.0,416.0,-615.0,,-181.0,117.0,1147.0,122.0,1238.0
626.0,4329.0,553.0,-298.0,,-294.0,215.0,1232.0,-888.0,1459.0
653.0,2475.0,684.0,-26.0,,-117.0,243.0,1236.0,-351.0,1417.0
684.0,394.0,742.0,240.0,,-256.0,171.0,1080.0,766.0,1497.0
851.0,-488.0,781.0,518.0,,-677.0,22.0,849.0,-288.0,1753.0
948.0,-387.0,828.0,650.0,,-575.0,-298.0,768.0,-617.0,1723.0
952.0,-116.0,860.0,650.0,,-562.0,-599.0,598.0,-981.0,1595.0
1083.0,429.0,827.0,509.0,,-849.0,-727.0,587.0,-640.0,1642.0
1278.0,345.0,818.0,214.0,,-754.0,-808.0,467.0,-585.0,1742.0
1446.0,713.0,892.0,-35.0,,-316.0,-864.0,454.0,-1757.0,1874.0
1482.0,1393.0,950.0,-287.0,,-388.0,-880.0,471.0,-1393.0,2209.0
1568.0,1634.0,952.0,-491.0,,-589.0,-805.0,327.0,-772.0,2475.0
1614.0,2683.0,948.0,-529.0,,-382.0,-598.0,321.0,-1099.0,2563.0
1595.0,3713.0,933.0,-535.0,,-500.0,-316.0,168.0,-1517.0,2795.0
1594.0,4115.0,917.0,-631.0,,-769.0,49.0,173.0,-1015.0,2920.0
1638.0,3480.0,887.0,-693.0,,-300.0,415.0,230.0,-668.0,2887.0
1699.0,3097.0,843.0,-643.0,,108.0,670.0,343.0,-1142.0,2884.0
1611.0,2150.0,855.0,-529.0,,-283.0,884.0,548.0,-1008.0,2903.0
1376.0,339.0,849.0,-501.0,,-383.0,1034.0,661.0,-706.0,2913.0
1251.0,-92.0,784.0,-627.0,,-206.0,977.0,905.0,-599.0,2835.0
1375.0,-1353.0,720.0,-820.0,,-379.0,813.0,966.0,-768.0,2624.0
1379.0,-1503.0,646.0,-1032.0,,-516.0,671.0,1180.0,-507.0,2361.0
1170.0,-160.0,588.0,-1169.0,,-308.0,506.0,1324.0,21.0,2165.0
985.0,666.0,471.0,-1178.0,,-226.0,383.0,1221.0,-181.0,1833.0
872.0,1617.0,344.0,-1101.0,,-331.0,308.0,1230.0,-56.0,1313.0
699.0,1274.0,297.0,-1017.0,,-150.0,292.0,984.0,237.0,935.0
484.0,749.0,184.0,-951.0,,-233.0,282.0,820.0,-240.0,787.0
383.0,370.0,74.0,-867.0,,-454.0,254.0,652.0,-513.0,654.0
325.0,-157.0,-26.0,-667.0,,-244.0,274.0,567.0,-159.0,547.0
181.0,-1843.0,-137.0,-530.0,,-87.0,225.0,617.0,126.0,438.0
9.0,-3666.0,-221.0,-502.0,,-358.0,146.0,546.0,-34.0,200.0
-44.0,-3664.0,-329.0,-486.0,,-392.0,57.0,679.0,-336.0,-52.0
3.0,-4261.0,-410.0,-582.0,,-148.0,-107.0,779.0,107.0,-205.0
-73.0,-4291.0,-410.0,-656.0,,-433.0,-300.0,1090.0,726.0,-402.0
-358.0,-4270.0,-403.0,-809.0,,-569.0,-380.0,1311.0,1114.0,-737.0
-545.0,-3710.0,-467.0,-1105.0,,-283.0,-348.0,1406.0,860.0,-859.0
-560.0,-2304.0,-441.0,-1321.0,,-308.0,-310.0,1609.0,638.0,-765.0
-568.0,-1590.0,-395.0,-1491.0,,-531.0,-294.0,1454.0,1071.0,-841.0
-656.0,-1199.0,-335.0,-1599.0,,-319.0,-349.0,1374.0,864.0,-1090.0
-749.0,-2657.0,-274.0,-1603.0,,-132.0,-345.0,1101.0,917.0,-1221.0
-758.0,-3001.0,-245.0,-1599.0,,-391.0,-305.0,737.0,867.0,-1364.0
-840.0,-3197.0,-143.0,-1610.0,,-156.0,-260.0,537.0,231.0,-1634.0
-965.0,-3494.0,-123.0,-1586.0,,97.0,-156.0,345.0,-31.0,-1773.0
-977.0,-2969.0,-105.0,-1473.0,,-114.0,-80.0,408.0,-28.0,-1915.0
-859.0,-3362.0,-108.0,-1311.0,,-233.0,14.0,460.0,-37.0,-2140.0
-760.0,-2434.0,-126.0,-1103.0,,-200.0,119.0,681.0,73.0,-2200.0
-747.0,-1116.0,-139.0,-931.0,,-224.0,200.0,796.0,433.0,-1991.0
-725.0,123.0,-157.0,-758.0,,-273.0,291.0,846.0,903.0,-1895.0
-632.0,1350.0,-182.0,-579.0,,19.0,357.0,844.0,750.0,-1971.0
-626.0,2477.0,-215.0,-467.0,,70.0,407.0,469.0,401.0,-1889.0
-757.0,3273.0,-218.0,-279.0,,-81.0,453.0,452.0,857.0,-1670.0
-763.0,4069.0,-289.0,-31.0,,246.0,476.0,558.0,533.0,-1391.0
-636.0,4471.0,-296.0,266.0,,455.0,440.0,570.0,-11.0,-1082.0
-562.0,3350.0,-288.0,465.0,,140.0,389.0,532.0,323.0,-703.0
-637.0,2286.0,-288.0,550.0,,78.0,417.0,679.0,726.0,-412.0
-654.0,932.0,-311.0,612.0,,323.0,395.0,1001.0,789.0,-205.0
-539.0,-1124.0,-346.0,709.0,,141.0,337.0,920.0,180.0,81.0
-631.0,-3152.0,-335.0,837.0,,-50.0,338.0,1158.0,327.0,201.0
-976.0,-3492.0,-339.0,777.0,,100.0,269.0,1361.0,1912.0,94.0
-1272.0,-3251.0,-342.0,608.0,,100.0,146.0,1247.0,1546.0,66.0
-1422.0,-2965.0,-325.0,393.0,,-131.0,-2.0,1215.0,498.0,137.0
-1606.0,-1422.0,-253.0,171.0,,29.0,-194.0,1086.0,1245.0,113.0
-1815.0,-108.0,-209.0,14.0,,185.0,-380.0,960.0,1614.0,79.0
-1905.0,921.0,-186.0,-109.0,,-98.0,-427.0,591.0,2069.0,28.0
-1892.0,1848.0,-185.0,-114.0,,-71.0,-371.0,419.0,1907.0,-111.0
-1951.0,2541.0,-216.0,-27.0,,93.0,-402.0,388.0,1478.0,-164.0
-2125.0,1510.0,-283.0,-5.0,,-169.0,-347.0,330.0,1880.0,-152.0
-2104.0,-257.0,-385.0,-33.0,,-404.0,-146.0,375.0,1821.0,-201.0
-1842.0,-1110.0,-477.0,-37.0,,-198.0,23.0,267.0,1452.0,-272.0
-1700.0,-2626.0,-561.0,121.0,,-246.0,104.0,408.0,1512.0,-303.0
-1782.0,-3395.0,-658.0,408.0,,-341.0,157.0,576.0,1017.0,-252.0
-1812.0,-3328.0,-792.0,689.0,,-81.0,232.0,816.0,745.0,-242.0
-1597.0,-3006.0,-887.0,879.0,,-95.0,168.0,981.0,1530.0,-441.0
-1359.0,-1311.0,-942.0,889.0,,-327.0,118.0,923.0,1260.0,-703.0
-1352.0,310.0,-993.0,824.0,,-271.0,179.0,936.0,669.0,-870.0
-1388.0,1056.0,-1041.0,771.0,,-1.0,188.0,633.0,307.0,-1048.0
-1284.0,2481.0,-1074.0,744.0,,-70.0,201.0,371.0,903.0,-1277.0
-1176.0,3874.0,-1065.0,629.0,,-135.0,131.0,107.0,1567.0,-1436.0
-1188.0,4020.0,-1045.0,445.0,,-143.0,38.0,-53.0,1191.0,-1462.0
-1198.0,3787.0,-1020.0,305.0,,-326.0,-38.0,-5.0,899.0,-1389.0
-1093.0,3067.0,-965.0,186.0,,-173.0,-169.0,-133.0,904.0,-1262.0
-1079.0,1652.0,-881.0,60.0,,215.0,-221.0,-46.0,1538.0,-995.0
-1184.0,1525.0,-803.0,-94.0,,198.0,-236.0,-66.0,1835.0,-766.0
-1227.0,2816.0,-747.0,-206.0,,-83.0,-250.0,-88.0,2042.0,-782.0
-1087.0,1099.0,-656.0,-263.0,,23.0,-196.0,-16.0,1771.0,-785.0
-922.0,-727.0,-577.0,-298.0,,53.0,-64.0,-16.0,1248.0,-788.0
-889.0,-462.0,-535.0,-301.0,,-129.0,27.0,227.0,1633.0,-845.0
-799.0,-485.0,-529.0,-204.0,,29.0,10.0,480.0,2008.0,-947.0
-608.0,757.0,-543.0,-106.0,,197.0,57.0,833.0,1245.0,-973.0
-372.0,1510.0,-540.0,-207.0,,-128.0,172.0,1003.0,573.0,-1052.0
-337.0,3619.0,-561.0,-355.0,,-324.0,273.0,1171.0,1109.0,-1381.0
-256.0,6239.0,-587.0,-480.0,,31.0,372.0,1332.0,1182.0,-1544.0
35.0,6578.0,-647.0,-610.0,,-6.0,394.0,1060.0,867.0,-1668.0
192.0,6770.0,-701.0,-623.0,,-235.0,390.0,912.0,573.0,-1817.0
207.0,6095.0,-766.0,-556.0,,56.0,408.0,554.0,567.0,-1901.0
226.0,4470.0,-852.0,-544.0,,114.0,387.0,171.0,348.0,-1961.0
416.0,3068.0,-886.0,-561.0,,-237.0,408.0,-118.0,-185.0,-1927.0
570.0,2397.0,-878.0,-539.0,,-193.0,411.0,-415.0,-350.0,-1921.0
595.0,1107.0,-820.0,-546.0,,-11.0,383.0,-428.0,-896.0,-1966.0
607.0,-134.0,-753.0,-512.0,,-217.0,402.0,-497.0,-1674.0,-2038.0
775.0,-802.0,-652.0,-488.0,,-159.0,384.0,-347.0,-1684.0,-2112.0
894.0,-1114.0,-569.0,-510.0,,138.0,317.0,-184.0,-1308.0,-2270.0
755.0,-875.0,-564.0,-495.0,,24.0,191.0,66.0,-1723.0,-2293.0
683.0,-1805.0,-560.0,-511.0,,-120.0,79.0,323.0,-1808.0,-2197.0
817.0,-2287.0,-594.0,-481.0,,87.0,-3.0,303.0,-1770.0,-2246.0
916.0,-1599.0,-600.0,-450.0,,64.0,-107.0,397.0,-2057.0,-2355.0
762.0,-1023.0,-566.0,-467.0,,-210.0,-235.0,195.0,-1755.0,-2443.0
689.0,-490.0,-563.0,-437.0,,134.0,-438.0,-72.0,-1857.0,-2623.0
846.0,-704.0,-496.0,-379.0,,301.0,-641.0,-378.0,-2192.0,-2913.0
981.0,-870.0,-448.0,-320.0,,-49.0,-779.0,-528.0,-1150.0,-3074.0
934.0,-631.0,-404.0,-205.0,,112.0,-895.0,-373.0,-472.0,-3124.0
916.0,-900.0,-336.0,-23.0,,373.0,-901.0,-356.0,-775.0,-3235.0
1008.0,-637.0,-295.0,197.0,,126.0,-705.0,-221.0,-383.0,-3271.0
1135.0,-534.0,-228.0,396.0,,-146.0,-377.0,-277.0,-148.0,-3115.0
1248.0,-598.0,-172.0,515.0,,130.0,-113.0,-240.0,189.0,-3135.0
1405.0,-520.0,-152.0,584.0,,84.0,15.0,-107.0,349.0,-3197.0
1679.0,-348.0,-101.0,622.0,,-185.0,194.0,-66.0,398.0,-2860.0
1796.0,614.0,-65.0,605.0,,-37.0,371.0,184.0,508.0,-2386.0
1731.0,-252.0,-84.0,562.0,,-98.0,551.0,223.0,355.0,-2115.0
1658.0,-1405.0,-54.0,523.0,,-147.0,776.0,291.0,247.0,-1796.0
1827.0,-1109.0,-25.0,467.0,,54.0,905.0,245.0,-354.0,-1201.0
1928.0,-1219.0,5.0,387.0,,252.0,900.0,112.0,-562.0,-790.0
1830.0,-1642.0,87.0,361.0,,116.0,765.0,36.0,-756.0,-452.0
1734.0,-2391.0,184.0,499.0,,142.0,699.0,-70.0,-1119.0,118.0
1757.0,-1750.0,291.0,714.0,,209.0,661.0,73.0,-1829.0,528.0
1796.0,-38.0,477.0,937.0,,-181.0,566.0,12.0,-1932.0,830.0
1675.0,23.0,663.0,1127.0,,-208.0,448.0,46.0,-1458.0,1384.0
1660.0,-347.0,820.0,1252.0,,-25.0,317.0,105.0,-2580.0,1862.0
1636.0,-120.0,988.0,1337.0,,-169.0,269.0,20.0,-2426.0,1971.0
1546.0,-624.0,1062.0,1486.0,,-325.0,209.0,68.0,-2094.0,2065.0
1286.0,-949.0,1142.0,1681.0,,66.0,166.0,40.0,-3207.0,2345.0
1102.0,-638.0,1180.0,1726.0,,247.0,90.0,127.0,-3044.0,2664.0
1114.0,-1450.0,1182.0,1642.0,,-138.0,-92.0,-51.0,-3523.0,2880.0
1065.0,-3276.0,1214.0,1402.0,,10.0,-171.0,-284.0,-4103.0,3078.0
921.0,-3225.0,1237.0,1093.0,,292.0,-135.0,-461.0,-3116.0,3271.0
789.0,-1214.0,1326.0,949.0,,239.0,-83.0,-763.0,-3187.0,3358.0
875.0,-696.0,1426.0,1122.0,,215.0,-69.0,-776.0,-3382.0,3408.0
799.0,-999.0,1553.0,1353.0,,321.0,-69.0,-805.0,-2815.0,3450.0
560.0,-430.0,1647.0,1413.0,,246.0,-15.0,-593.0,-2458.0,3493.0
388.0,330.0,1669.0,1557.0,,181.0,15.0,-426.0,-1915.0,3508.0
363.0,580.0,1687.0,1719.0,,542.0,65.0,-426.0,-1950.0,3555.0
374.0,543.0,1656.0,1758.0,,480.0,119.0,-256.0,-1621.0,3861.0
254.0,828.0,1642.0,1741.0,,162.0,103.0,-243.0,-1247.0,4171.0
189.0,1032.0,1601.0,1601.0,,223.0,140.0,-90.0,-816.0,4162.0
319.0,1516.0,1524.0,1395.0,,277.0,178.0,-51.0,-535.0,4150.0
523.0,1542.0,1438.0,1351.0,,257.0,148.0,0.0,-624.0,4224.0
485.0,474.0,1320.0,1367.0,,319.0,101.0,92.0,262.0,4145.0
385.0,349.0,1268.0,1338.0,,442.0,43.0,55.0,-55.0,3995.0
424.0,1189.0,1213.0,1290.0,,289.0,18.0,88.0,80.0,4107.0
457.0,1889.0,1198.0,1347.0,,182.0,-28.0,-140.0,427.0,4294.0
395.0,1535.0,1264.0,1606.0,,378.0,-35.0,-186.0,466.0,4204.0
319.0,-755.0,1330.0,1754.0,,363.0,84.0,-301.0,587.0,4291.0
361.0,-1755.0,1368.0,1733.0,,246.0,184.0,-530.0,406.0,4432.0
418.0,-842.0,1447.0,1673.0,,454.0,343.0,-543.0,816.0,4185.0
297.0,-284.0,1493.0,1550.0,,620.0,583.0,-659.0,221.0,3892.0
167.0,-397.0,1449.0,1386.0,,344.0,743.0,-696.0,1127.0,3917.0
212.0,-889.0,1386.0,1205.0,,266.0,885.0,-814.0,801.0,3902.0
333.0,-1294.0,1261.0,1033.0,,392.0,937.0,-779.0,249.0,3578.0
283.0,-1486.0,1134.0,823.0,,274.0,847.0,-683.0,1088.0,3301.0
124.0,-406.0,970.0,703.0,,204.0,749.0,-678.0,495.0,2920.0
123.0,-328.0,796.0,712.0,,269.0,596.0,-532.0,828.0,2340.0
200.0,-106.0,620.0,661.0,,187.0,439.0,-493.0,366.0,1810.0
269.0,1428.0,437.0,573.0,,87.0,373.0,-413.0,976.0,1559.0
232.0,1431.0,315.0,477.0,,463.0,299.0,-609.0,1331.0,1366.0
260.0,406.0,164.0,352.0,,590.0,160.0,-921.0,1025.0,1051.0
296.0,-659.0,4.0,183.0,,272.0,52.0,-1099.0,1876.0,990.0
319.0,-612.0,-70.0,175.0,,470.0,57.0,-1337.0,1416.0,1087.0
314.0,-1129.0,-97.0,268.0,,621.0,120.0,-1372.0,1149.0,1066.0
334.0,-1087.0,-130.0,259.0,,397.0,190.0,-1422.0,1636.0,863.0
420.0,-674.0,-89.0,184.0,,579.0,257.0,-1273.0,2359.0,758.0
257.0,-1538.0,-71.0,-92.0,,659.0,286.0,-1053.0,1744.0,548.0
94.0,-765.0,-87.0,-448.0,,324.0,275.0,-873.0,1942.0,31.0
-45.0,501.0,-111.0,-821.0,,408.0,271.0,-626.0,2451.0,-406.0
-78.0,1205.0,-191.0,-1201.0,,750.0,224.0,-565.0,2569.0,-753.0
-220.0,1749.0,-232.0,-1571.0,,642.0,113.0,-303.0,3014.0,-1166.0
-442.0,1589.0,-298.0,-1950.0,,419.0,43.0,-230.0,1724.0,-1548.0
-462.0,808.0,-356.0,-2200.0,,674.0,42.0,-230.0,1791.0,-1707.0
-473.0,1138.0,-399.0,-2307.0,,763.0,96.0,-214.0,2553.0,-1970.0
-538.0,2292.0,-413.0,-2359.0,,662.0,251.0,-399.0,2533.0,-2280.0
-635.0,1551.0,-396.0,-2388.0,,1009.0,395.0,-362.0,2112.0,-2305.0
-444.0,40.0,-441.0,-2228.0,,1190.0,440.0,-495.0,1973.0,-2158.0
-337.0,-540.0,-497.0,-1917.0,,855.0,476.0,-598.0,2280.0,-2023.0
-427.0,-286.0,-507.0,-1525.0,,732.0,486.0,-768.0,2088.0,-1732.0
-596.0,-148.0,-521.0,-1129.0,,996.0,504.0,-910.0,1890.0,-1310.0
-676.0,-461.0,-573.0,-834.0,,843.0,449.0,-862.0,1406.0,-1204.0
-602.0,-300.0,-564.0,-597.0,,663.0,296.0,-853.0,733.0,-1128.0
-707.0,-405.0,-549.0,-412.0,,791.0,167.0,-533.0,452.0,-963.0
-820.0,-357.0,-572.0,-298.0,,761.0,-13.0,-395.0,1078.0,-887.0
-826.0,112.0,-593.0,-277.0,,728.0,-207.0,-184.0,629.0,-905.0
-713.0,-81.0,-690.0,-354.0,,805.0,-356.0,83.0,-50.0,-883.0
-771.0,195.0,-798.0,-508.0,,941.0,-449.0,184.0,-245.0,-858.0
-882.0,495.0,-918.0,-656.0,,767.0,-458.0,371.0,-495.0,-887.0
-811.0,38.0,-1087.0,-747.0,,770.0,-461.0,277.0,247.0,-709.0
-672.0,-925.0,-1228.0,-729.0,,940.0,-461.0,227.0,337.0,-540.0
-647.0,-2759.0,-1339.0,-634.0,,704.0,-444.0,49.0,-388.0,-402.0
-816.0,-4790.0,-1452.0,-640.0,,692.0,-476.0,-121.0,-188.0,-336.0
-847.0,-5985.0,-1588.0,-678.0,,814.0,-506.0,-192.0,874.0,-404.0
-782.0,-5439.0,-1711.0,-582.0,,542.0,-498.0,-345.0,495.0,-574.0
-880.0,-5093.0,-1815.0,-478.0,,354.0,-425.0,-290.0,571.0,-913.0
-1050.0,-6280.0,-1920.0,-303.0,,705.0,-250.0,-469.0,1314.0,-1359.0
-1204.0,-5486.0,-1998.0,-19.0,,746.0,-77.0,-558.0,219.0,-1876.0
-1302.0,-3365.0,-2080.0,227.0,,530.0,162.0,-565.0,369.0,-2129.0
-1309.0,-2208.0,-2094.0,310.0,,684.0,391.0,-528.0,1184.0,-2230.0
-1371.0,-60.0,-2062.0,146.0,,707.0,543.0,-134.0,1148.0,-2323.0
-1291.0,1758.0,-2045.0,41.0,,522.0,743.0,229.0,876.0,-2339.0
-1161.0,2318.0,-2011.0,-34.0,,613.0,849.0,709.0,320.0,-2343.0
-1136.0,2211.0,-1967.0,-183.0,,1101.0,905.0,946.0,652.0,-2203.0
-1130.0,2574.0,-1929.0,-235.0,,1047.0,886.0,1016.0,781.0,-1882.0
-1126.0,3636.0,-1885.0,-228.0,,678.0,852.0,1058.0,706.0,-1493.0
-999.0,2725.0,-1804.0,-259.0,,837.0,813.0,846.0,461.0,-1228.0
-945.0,1891.0,-1688.0,-197.0,,818.0,561.0,707.0,151.0,-1075.0
-963.0,1388.0,-1543.0,24.0,,501.0,294.0,389.0,279.0,-980.0
-1038.0,699.0,-1388.0,55.0,,471.0,51.0,112.0,200.0,-973.0
-1009.0,279.0,-1280.0,-38.0,,646.0,-219.0,-109.0,-102.0,-1205.0
-984.0,789.0,-1173.0,-12.0,,687.0,-475.0,-304.0,-912.0,-1631.0
-1068.0,2143.0,-1054.0,68.0,,915.0,-651.0,-301.0,-761.0,-2013.0
-953.0,1050.0,-1028.0,76.0,,934.0,-769.0,-388.0,-1196.0,-2353.0
-840.0,101.0,-1008.0,101.0,,466.0,-871.0,-286.0,-1782.0,-2682.0
-753.0,-105.0,-989.0,352.0,,452.0,-772.0,-142.0,-1392.0,-2762.0
-663.0,-203.0,-993.0,694.0,,689.0,-613.0,59.0,-2193.0,-2569.0
-523.0,-627.0,-959.0,1019.0,,544.0,-468.0,229.0,-2335.0,-2397.0
-243.0,-1077.0,-884.0,1325.0,,268.0,-243.0,221.0,-2060.0,-1960.0
-64.0,-25.0,-764.0,1641.0,,513.0,-88.0,360.0,-2332.0,-1363.0
-88.0,-515.0,-658.0,1974.0,,698.0,23.0,352.0,-2583.0,-931.0
-64.0,-1448.0,-548.0,2358.0,,438.0,71.0,428.0,-2299.0,-534.0
118.0,-2119.0,-458.0,2699.0,,581.0,18.0,412.0,-1628.0,-105.0
207.0,-2305.0,-346.0,2728.0,,705.0,-125.0,347.0,-1722.0,294.0
171.0,-1987.0,-225.0,2495.0,,553.0,-364.0,441.0,-1023.0,493.0
262.0,-2572.0,-116.0,2221.0,,557.0,-484.0,336.0,-473.0,685.0
406.0,-2751.0,1.0,1957.0,,802.0,-593.0,404.0,-276.0,803.0
336.0,-1967.0,133.0,1581.0,,663.0,-760.0,304.0,708.0,822.0
230.0,-513.0,305.0,1077.0,,411.0,-797.0,125.0,554.0,940.0
221.0,1213.0,427.0,633.0,,756.0,-779.0,-25.0,632.0,1027.0
333.0,3034.0,575.0,311.0,,796.0,-671.0,-256.0,1114.0,1026.0
482.0,3569.0,722.0,-12.0,,695.0,-507.0,-282.0,1063.0,977.0
523.0,4018.0,858.0,-262.0,,749.0,-306.0,-384.0,907.0,1145.0
605.0,4336.0,1011.0,-308.0,,688.0,-28.0,-349.0,885.0,1298.0
737.0,2892.0,1111.0,-229.0,,533.0,115.0,-341.0,827.0,1287.0
790.0,2020.0,1244.0,-133.0,,624.0,155.0,-203.0,724.0,1423.0
712.0,2025.0,1349.0,27.0,,904.0,141.0,31.0,972.0,1512.0
760.0,1581.0,1341.0,214.0,,500.0,51.0,51.0,-15.0,1531.0
906.0,571.0,1273.0,386.0,,377.0,-5.0,184.0,-273.0,1590.0
890.0,-571.0,1179.0,553.0,,715.0,-154.0,153.0,-13.0,1635.0
797.0,-1884.0,1071.0,550.0,,713.0,-342.0,173.0,-826.0,1524.0
790.0,-2147.0,951.0,529.0,,575.0,-434.0,90.0,-1119.0,1332.0
859.0,-1726.0,869.0,451.0,,579.0,-483.0,-44.0,-1314.0,1212.0
798.0,-830.0,905.0,247.0,,687.0,-479.0,-24.0,-1669.0,1049.0
692.0,1294.0,996.0,230.0,,454.0,-457.0,-134.0,-1523.0,886.0
617.0,2075.0,1119.0,270.0,,582.0,-349.0,5.0,-1105.0,757.0
594.0,3428.0,1238.0,233.0,,554.0,-197.0,22.0,-1392.0,743.0
611.0,5116.0,1341.0,273.0,,-13.0,-146.0,24.0,-883.0,840.0
606.0,4407.0,1496.0,388.0,,46.0,-89.0,49.0,-816.0,934.0
646.0,3205.0,1563.0,577.0,,323.0,-56.0,-73.0,-1435.0,1079.0
733.0,1518.0,1565.0,698.0,,255.0,-128.0,18.0,-645.0,1335.0
802.0,560.0,1584.0,625.0,,100.0,-241.0,11.0,-596.0,1534.0
786.0,-204.0,1569.0,570.0,,257.0,-379.0,221.0,-254.0,1684.0
826.0,-1360.0,1505.0,631.0,,121.0,-481.0,432.0,445.0,1747.0
919.0,-547.0,1455.0,624.0,,-141.0,-476.0,532.0,182.0,1627.0
874.0,-27.0,1432.0,532.0,,196.0,-355.0,726.0,657.0,1456.0
668.0,-258.0,1399.0,512.0,,231.0,-235.0,655.0,821.0,1082.0
509.0,-200.0,1377.0,546.0,,-2.0,-156.0,663.0,388.0,655.0
496.0,-176.0,1288.0,555.0,,223.0,7.0,515.0,631.0,267.0
489.0,491.0,1229.0,366.0,,557.0,216.0,358.0,911.0,22.0
444.0,883.0,1185.0,83.0,,422.0,333.0,262.0,1333.0,-72.0
495.0,1311.0,1069.0,-296.0,,394.0,311.0,140.0,1670.0,-142.0
638.0,2073.0,931.0,-873.0,,571.0,291.0,214.0,1490.0,-129.0
712.0,2358.0,784.0,-1274.0,,208.0,299.0,140.0,1715.0,-150.0
748.0,1508.0,672.0,-1406.0,,39.0,241.0,195.0,1827.0,-3.0
864.0,525.0,496.0,-1369.0,,383.0,195.0,175.0,1847.0,115.0
996.0,-199.0,282.0,-1193.0,,367.0,87.0,136.0,1951.0,140.0
1074.0,-2363.0,152.0,-997.0,,69.0,-131.0,236.0,1539.0,61.0
1072.0,-3932.0,45.0,-904.0,,212.0,-314.0,227.0,1806.0,-175.0
976.0,-3927.0,-59.0,-795.0,,306.0,-495.0,397.0,1924.0,-321.0
917.0,-2927.0,-140.0,-657.0,,-188.0,-653.0,380.0,1857.0,-400.0
855.0,-2018.0,-203.0,-572.0,,-324.0,-659.0,365.0,2003.0,-471.0
767.0,-659.0,-232.0,-461.0,,-29.0,-626.0,308.0,1620.0,-597.0
711.0,1485.0,-272.0,-404.0,,-133.0,-557.0,77.0,1780.0,-501.0
750.0,1345.0,-363.0,-456.0,,-245.0,-454.0,33.0,1794.0,-257.0
766.0,255.0,-407.0,-581.0,,-27.0,-395.0,-112.0,2011.0,-114.0
694.0,83.0,-421.0,-709.0,,-91.0,-243.0,-66.0,1881.0,-107.0
748.0,453.0,-506.0,-819.0,,-398.0,-76.0,3.0,1361.0,-27.0
829.0,-2146.0,-538.0,-906.0,,-239.0,10.0,12.0,1694.0,169.0
824.0,-3289.0,-510.0,-1069.0,,73.0,90.0,84.0,1622.0,357.0
703.0,-1397.0,-505.0,-1266.0,,-28.0,198.0,55.0,1376.0,642.0
603.0,-3434.0,-454.0,-1531.0,,-31.0,350.0,79.0,816.0,780.0
538.0,-3986.0,-436.0,-1792.0,,-17.0,573.0,-103.0,841.0,907.0
540.0,-2615.0,-400.0,-1850.0,,-381.0,847.0,-101.0,1247.0,1127.0
525.0,-1688.0,-311.0,-1840.0,,-441.0,1070.0,3.0,766.0,1531.0
438.0,-634.0,-281.0,-1682.0,,-112.0,1228.0,155.0,1238.0,1929.0
444.0,-94.0,-267.0,-1419.0,,-170.0,1285.0,384.0,1516.0,2104.0
363.0,1345.0,-272.0,-1264.0,,-262.0,1268.0,315.0,1283.0,2297.0
231.0,1759.0,-275.0,-1184.0,,79.0,1215.0,410.0,1666.0,2306.0
51.0,1220.0,-315.0,-1011.0,,-73.0,1090.0,336.0,1244.0,2116.0
-50.0,889.0,-404.0,-844.0,,-410.0,968.0,306.0,1605.0,1650.0
-104.0,634.0,-449.0,-778.0,,-118.0,858.0,314.0,1830.0,1133.0
-243.0,554.0,-494.0,-647.0,,130.0,727.0,179.0,814.0,669.0
-332.0,857.0,-584.0,-362.0,,3.0,595.0,267.0,1351.0,193.0
-332.0,1226.0,-709.0,-140.0,,-83.0,430.0,164.0,1850.0,-112.0
-290.0,1239.0,-788.0,-65.0,,55.0,240.0,260.0,1059.0,-472.0
-324.0,-332.0,-851.0,16.0,,-54.0,76.0,282.0,662.0,-682.0
-384.0,-1318.0,-946.0,20.0,,-187.0,-114.0,201.0,423.0,-663.0
-510.0,-399.0,-1012.0,51.0,,32.0,-249.0,290.0,-157.0,-529.0
-650.0,-319.0,-1064.0,186.0,,-78.0,-310.0,107.0,-361.0,-339.0
-777.0,-712.0,-1088.0,380.0,,-366.0,-315.0,42.0,-996.0,-243.0
-905.0,-1503.0,-1126.0,622.0,,-197.0,-208.0,-149.0,-1797.0,-122.0
-1033.0,-1090.0,-1140.0,840.0,,-95.0,-113.0,-352.0,-1905.0,12.0
-1142.0,-182.0,-1085.0,991.0,,-333.0,19.0,-448.0,-2259.0,121.0
-1262.0,-1171.0,-1028.0,1008.0,,-244.0,201.0,-521.0,-2713.0,239.0
-1436.0,-1402.0,-938.0,902.0,,-60.0,349.0,-347.0,-3386.0,318.0
-1586.0,-19.0,-859.0,823.0,,-282.0,522.0,-339.0,-3875.0,381.0
-1743.0,1029.0,-754.0,726.0,,-352.0,649.0,-260.0,-3601.0,472.0
-1856.0,1145.0,-595.0,633.0,,-126.0,742.0,-303.0,-3350.0,606.0
-1938.0,727.0,-452.0,508.0,,-235.0,800.0,-386.0,-3390.0,724.0
-1931.0,1078.0,-320.0,326.0,,-488.0,710.0,-325.0,-3092.0,740.0
-1888.0,1160.0,-161.0,259.0,,-259.0,682.0,-375.0,-3070.0,811.0
-1853.0,654.0,13.0,266.0,,-253.0,783.0,-240.0,-2726.0,892.0
-1868.0,2011.0,124.0,353.0,,-695.0,916.0,-225.0,-2057.0,856.0
-1932.0,2959.0,210.0,427.0,,-708.0,1109.0,-158.0,-2624.0,792.0
-1995.0,2935.0,297.0,460.0,,-774.0,1202.0,-186.0,-2715.0,729.0
-2055.0,2709.0,375.0,484.0,,-1199.0,1212.0,-336.0,-2585.0,675.0
-2017.0,2181.0,431.0,565.0,,-1143.0,1139.0,-395.0,-2176.0,554.0
-1925.0,1366.0,427.0,685.0,,-878.0,928.0,-613.0,-1880.0,399.0
-1691.0,-477.0,461.0,759.0,,-1094.0,747.0,-497.0,-2191.0,328.0
-1503.0,-1284.0,510.0,841.0,,-1207.0,542.0,-315.0,-1809.0,285.0
-1386.0,-1915.0,504.0,823.0,,-877.0,271.0,-153.0,-1836.0,235.0
-1300.0,-3594.0,489.0,801.0,,-856.0,-51.0,-64.0,-1425.0,204.0
-1270.0,-4405.0,459.0,730.0,,-959.0,-356.0,-190.0,-1423.0,147.0
-1183.0,-3808.0,414.0,603.0,,-723.0,-546.0,-247.0,-1909.0,-21.0
-1110.0,-3042.0,332.0,538.0,,-736.0,-744.0,-447.0,-1701.0,-136.0
-930.0,-2174.0,221.0,314.0,,-893.0,-890.0,-465.0,-1456.0,-48.0
-760.0,-729.0,115.0,165.0,,-688.0,-880.0,-441.0,-1248.0,-61.0
-614.0,1439.0,40.0,237.0,,-631.0,-768.0,-339.0,-1489.0,-203.0
-556.0,2948.0,-28.0,339.0,,-969.0,-519.0,-96.0,-1704.0,-295.0
-472.0,2624.0,-145.0,488.0,,-920.0,-163.0,-1.0,-1657.0,-319.0
-300.0,2227.0,-242.0,509.0,,-738.0,135.0,151.0,-1323.0,-527.0
-381.0,1693.0,-219.0,435.0,,-1029.0,422.0,-18.0,-1145.0,-962.0
-449.0,-855.0,-205.0,303.0,,-1029.0,717.0,-192.0,-1103.0,-1262.0
-519.0,-3355.0,-226.0,111.0,,-732.0,888.0,-205.0,-997.0,-1565.0
-551.0,-2443.0,-162.0,8.0,,-978.0,983.0,-273.0,-915.0,-1955.0
-518.0,-2012.0,-115.0,-34.0,,-1315.0,993.0,-258.0,-524.0,-2195.0
-570.0,-2897.0,-9.0,-151.0,,-962.0,963.0,-432.0,-79.0,-2276.0
-545.0,-2615.0,53.0,-262.0,,-876.0,959.0,-439.0,101.0,-2446.0
-449.0,-2053.0,141.0,-356.0,,-1453.0,888.0,-371.0,20.0,-2532.0
-301.0,-542.0,289.0,-656.0,,-1471.0,807.0,-260.0,344.0,-2357.0
-302.0,207.0,337.0,-961.0,,-1038.0,709.0,-62.0,875.0,-2249.0
-247.0,740.0,386.0,-1143.0,,-1120.0,590.0,14.0,968.0,-2223.0
-58.0,2378.0,384.0,-987.0,,-1393.0,498.0,197.0,1011.0,-2099.0
74.0,2387.0,419.0,-580.0,,-1185.0,380.0,109.0,882.0,-1867.0
161.0,1911.0,360.0,-312.0,,-1297.0,260.0,96.0,954.0,-1710.0
200.0,2679.0,269.0,-121.0,,-1686.0,151.0,173.0,1249.0,-1564.0
370.0,2639.0,203.0,-96.0,,-1435.0,26.0,145.0,900.0,-1376.0
551.0,1739.0,102.0,-289.0,,-1223.0,-22.0,260.0,940.0,-1146.0
755.0,1155.0,60.0,-543.0,,-1452.0,-52.0,194.0,782.0,-838.0
896.0,1456.0,-5.0,-757.0,,-1485.0,-132.0,225.0,473.0,-499.0
962.0,1415.0,-22.0,-961.0,,-1296.0,-172.0,112.0,1079.0,-171.0
1083.0,-320.0,34.0,-1167.0,,-1412.0,-258.0,-18.0,896.0,35.0
1156.0,-1541.0,114.0,-1431.0,,-1389.0,-388.0,-120.0,640.0,244.0
1208.0,-1456.0,166.0,-1656.0,,-1350.0,-505.0,-434.0,1077.0,383.0
1260.0,-1648.0,301.0,-1832.0,,-1724.0,-620.0,-509.0,1202.0,446.0
1358.0,-1291.0,457.0,-2033.0,,-1644.0,-656.0,-624.0,1672.0,385.0
1374.0,656.0,603.0,-2141.0,,-1367.0,-615.0,-509.0,1768.0,220.0
1375.0,2474.0,728.0,-2253.0,,-1640.0,-523.0,-319.0,1378.0,153.0
1297.0,3691.0,822.0,-2410.0,,-1974.0,-398.0,-136.0,2009.0,105.0
1196.0,4354.0,944.0,-2495.0,,-1723.0,-305.0,125.0,2244.0,26.0
1189.0,3896.0,963.0,-2411.0,,-1428.0,-253.0,68.0,1933.0,-156.0
1103.0,3315.0,916.0,-2183.0,,-1546.0,-189.0,101.0,2112.0,-200.0
1028.0,3629.0,841.0,-1823.0,,-1420.0,-177.0,-62.0,2159.0,-205.0
936.0,3078.0,801.0,-1352.0,,-1221.0,-238.0,-190.0,2181.0,-275.0
887.0,2323.0,705.0,-856.0,,-1361.0,-264.0,-221.0,2186.0,-125.0
837.0,2115.0,602.0,-396.0,,-1384.0,-294.0,-338.0,2222.0,27.0
802.0,561.0,490.0,-98.0,,-1193.0,-391.0,-120.0,1924.0,153.0
740.0,69.0,359.0,3.0,,-1260.0,-500.0,-9.0,1702.0,404.0
611.0,145.0,266.0,20.0,,-1348.0,-537.0,195.0,1593.0,758.0
533.0,-321.0,101.0,35.0,,-1068.0,-492.0,256.0,1019.0,1024.0
488.0,-406.0,-55.0,-4.0,,-1031.0,-431.0,151.0,1118.0,1209.0
550.0,-183.0,-185.0,-110.0,,-1379.0,-388.0,131.0,983.0,1500.0
531.0,1322.0,-332.0,-126.0,,-1476.0,-325.0,-86.0,626.0,1687.0
594.0,1962.0,-484.0,46.0,,-1352.0,-225.0,-136.0,461.0,1724.0
766.0,1257.0,-559.0,269.0,,-1352.0,-107.0,-352.0,158.0,1675.0
924.0,1360.0,-590.0,395.0,,-1345.0,11.0,-445.0,307.0,1575.0
1009.0,1317.0,-564.0,390.0,,-1333.0,100.0,-384.0,274.0,1517.0
1011.0,983.0,-558.0,373.0,,-1460.0,122.0,-351.0,173.0,1373.0
1155.0,-100.0,-567.0,557.0,,-1392.0,132.0,-75.0,-293.0,1167.0
1171.0,-2063.0,-508.0,889.0,,-1126.0,112.0,92.0,-198.0,1024.0
1101.0,-3772.0,-549.0,1158.0,,-1245.0,-11.0,378.0,175.0,883.0
1003.0,-6019.0,-604.0,1309.0,,-1430.0,-101.0,458.0,131.0,779.0
940.0,-6843.0,-612.0,1379.0,,-1189.0,-190.0,484.0,342.0,732.0
1033.0,-6391.0,-641.0,1473.0,,-1149.0,-331.0,498.0,287.0,621.0
1052.0,-5726.0,-627.0,1672.0,,-1455.0,-424.0,328.0,316.0,527.0
867.0,-4130.0,-614.0,1948.0,,-1412.0,-497.0,343.0,134.0,556.0
680.0,-2844.0,-642.0,2221.0,,-1181.0,-517.0,203.0,574.0,646.0
664.0,-2797.0,-607.0,2376.0,,-1399.0,-497.0,256.0,796.0,716.0
539.0,-2870.0,-643.0,2319.0,,-1422.0,-455.0,219.0,351.0,767.0
381.0,-1877.0,-697.0,2113.0,,-1074.0,-402.0,90.0,613.0,902.0
293.0,-1270.0,-701.0,1845.0,,-1248.0,-328.0,168.0,941.0,1142.0
239.0,-564.0,-740.0,1605.0,,-1493.0,-184.0,-27.0,598.0,1465.0
109.0,81.0,-737.0,1487.0,,-1268.0,-86.0,-94.0,-199.0,1749.0
-38.0,1064.0,-732.0,1332.0,,-1124.0,-32.0,-227.0,-205.0,2005.0
-143.0,879.0,-683.0,1138.0,,-1227.0,98.0,-314.0,-158.0,2304.0
-351.0,-294.0,-605.0,1041.0,,-975.0,235.0,-229.0,-443.0,2493.0
-462.0,602.0,-530.0,1027.0,,-655.0,351.0,-157.0,-767.0,2581.0
-561.0,467.0,-450.0,1023.0,,-788.0,417.0,127.0,-850.0,2460.0
-720.0,607.0,-364.0,1049.0,,-765.0,322.0,205.0,-586.0,2155.0
-816.0,506.0,-224.0,1017.0,,-532.0,152.0,306.0,-533.0,1910.0
-853.0,-424.0,-58.0,885.0,,-562.0,-38.0,249.0,-475.0,1684.0
-926.0,-317.0,56.0,891.0,,-553.0,-289.0,29.0,-448.0,1470.0
-904.0,-759.0,201.0,942.0,,-313.0,-615.0,-16.0,-135.0,1298.0
-883.0,-915.0,354.0,970.0,,-381.0,-928.0,-166.0,-21.0,1183.0
-1014.0,-1623.0,400.0,999.0,,-507.0,-1085.0,-177.0,236.0,1077.0
-1016.0,-1992.0,450.0,1049.0,,-241.0,-1111.0,-290.0,503.0,976.0
-942.0,-2337.0,490.0,1102.0,,-156.0,-1118.0,-378.0,-44.0,926.0
-1025.0,-1540.0,474.0,1131.0,,-336.0,-1144.0,-447.0,-255.0,857.0
-1171.0,-451.0,461.0,1227.0,,-206.0,-1068.0,-541.0,-499.0,889.0
-1216.0,-2099.0,420.0,1171.0,,106.0,-889.0,-389.0,-691.0,1027.0
-1314.0,-1914.0,397.0,986.0,,-158.0,-671.0,-330.0,-636.0,1078.0
-1453.0,-1034.0,387.0,875.0,,-405.0,-458.0,-155.0,-934.0,1046.0
-1571.0,-1143.0,384.0,692.0,,3.0,-258.0,-94.0,-886.0,915.0
-1626.0,-478.0,381.0,363.0,,25.0,53.0,-60.0,-694.0,654.0
-1559.0,805.0,296.0,38.0,,-206.0,360.0,99.0,-582.0,273.0
-1416.0,1029.0,302.0,-191.0,,-100.0,584.0,103.0,-620.0,-207.0
-1324.0,-8.0,286.0,-295.0,,-5.0,712.0,258.0,-553.0,-718.0
-1297.0,-377.0,223.0,-410.0,,-23.0,661.0,310.0,-582.0,-1142.0
-1091.0,-584.0,241.0,-642.0,,95.0,603.0,388.0,-933.0,-1364.0
-852.0,-1232.0,202.0,-989.0,,255.0,442.0,380.0,-793.0,-1496.0
-753.0,-1718.0,212.0,-1377.0,,45.0,141.0,229.0,-815.0,-1680.0
-643.0,-903.0,253.0,-1590.0,,27.0,-73.0,201.0,-899.0,-1855.0
-409.0,-1000.0,312.0,-1722.0,,103.0,-233.0,-60.0,-883.0,-1900.0
-154.0,-937.0,397.0,-1802.0,,16.0,-354.0,-197.0,-725.0,-1876.0
71.0,-38.0,512.0,-1705.0,,180.0,-474.0,-439.0,-498.0,-1922.0
221.0,503.0,615.0,-1529.0,,326.0,-561.0,-663.0,-267.0,-2019.0
364.0,2093.0,684.0,-1422.0,,93.0,-519.0,-609.0,185.0,-2133.0
530.0,2245.0,783.0,-1415.0,,-127.0,-423.0,-667.0,101.0,-2261.0
600.0,2753.0,741.0,-1367.0,,333.0,-355.0,-556.0,409.0,-2334.0
647.0,4289.0,677.0,-1224.0,,446.0,-353.0,-502.0,767.0,-2419.0
718.0,4235.0,602.0,-1149.0,,23.0,-353.0,-371.0,951.0,-2618.0
814.0,3925.0,443.0,-1179.0,,114.0,-310.0,-192.0,670.0,-2739.0
767.0,3672.0,279.0,-1266.0,,294.0,-336.0,3.0,395.0,-2614.0
656.0,3478.0,67.0,-1414.0,,169.0,-359.0,242.0,896.0,-2330.0
526.0,2852.0,-141.0,-1608.0,,74.0,-302.0,177.0,805.0,-2131.0
396.0,2277.0,-337.0,-1948.0,,324.0,-311.0,218.0,934.0,-1974.0
329.0,1359.0,-508.0,-2459.0,,356.0,-302.0,94.0,625.0,-1683.0
232.0,661.0,-655.0,-2855.0,,187.0,-254.0,16.0,607.0,-1468.0
250.0,724.0,-776.0,-2903.0,,399.0,-238.0,73.0,944.0,-1389.0
287.0,-981.0,-882.0,-2764.0,,421.0,-173.0,-18.0,895.0,-1410.0
327.0,-1437.0,-949.0,-2530.0,,336.0,-148.0,96.0,935.0,-1501.0
357.0,-633.0,-959.0,-2231.0,,582.0,-101.0,29.0,560.0,-1478.0
433.0,-114.0,-957.0,-1905.0,,688.0,8.0,25.0,658.0,-1390.0
510.0,1340.0,-919.0,-1550.0,,365.0,51.0,-75.0,637.0,-1258.0
453.0,2704.0,-885.0,-1188.0,,409.0,101.0,-317.0,1043.0,-1057.0
448.0,3462.0,-889.0,-797.0,,834.0,148.0,-428.0,1131.0,-769.0
449.0,3103.0,-883.0,-495.0,,714.0,103.0,-691.0,621.0,-363.0
504.0,2946.0,-912.0,-253.0,,639.0,49.0,-665.0,582.0,43.0
521.0,2643.0,-979.0,-2.0,,842.0,6.0,-691.0,690.0,411.0
582.0,2280.0,-1047.0,159.0,,784.0,-32.0,-609.0,705.0,649.0
690.0,1429.0,-1138.0,220.0,,606.0,-13.0,-376.0,151.0,894.0
730.0,-79.0,-1212.0,175.0,,769.0,-20.0,-245.0,-8.0,1242.0
794.0,492.0,-1291.0,-3.0,,935.0,-46.0,-1.0,-296.0,1489.0
743.0,62.0,-1335.0,-75.0,,643.0,-51.0,-16.0,-366.0,1624.0
795.0,-1844.0,-1376.0,130.0,,761.0,-90.0,48.0,-334.0,1655.0
854.0,-768.0,-1344.0,374.0,,954.0,-169.0,-72.0,-747.0,1767.0
838.0,86.0,-1255.0,626.0,,522.0,-314.0,-299.0,-805.0,1936.0
778.0,-432.0,-1164.0,837.0,,268.0,-431.0,-473.0,-968.0,1942.0
724.0,441.0,-968.0,1010.0,,563.0,-399.0,-753.0,-972.0,1905.0
735.0,459.0,-806.0,1134.0,,530.0,-257.0,-766.0,-838.0,1792.0
600.0,-671.0,-606.0,1122.0,,187.0,-66.0,-958.0,-857.0,1712.0
515.0,-2411.0,-441.0,1112.0,,348.0,137.0,-1047.0,-1369.0,1662.0
395.0,-3061.0,-284.0,1047.0,,388.0,291.0,-1156.0,-1563.0,1480.0
251.0,-2580.0,-97.0,1024.0,,152.0,372.0,-1291.0,-1363.0,1153.0
122.0,-3366.0,1.0,941.0,,135.0,354.0,-1080.0,-1394.0,691.0
-27.0,-3205.0,122.0,797.0,,351.0,207.0,-949.0,-1129.0,345.0
-138.0,-1792.0,167.0,836.0,,437.0,6.0,-694.0,-1210.0,-4.0
-271.0,-857.0,245.0,923.0,,463.0,-222.0,-607.0,-1258.0,-398.0
-425.0,-315.0,325.0,941.0,,603.0,-461.0,-537.0,-998.0,-723.0
-683.0,-69.0,325.0,1020.0,,417.0,-612.0,-373.0,-704.0,-877.0
-892.0,909.0,397.0,1103.0,,395.0,-650.0,-267.0,-448.0,-831.0
-1035.0,1593.0,448.0,1091.0,,575.0,-582.0,11.0,-613.0,-797.0
-1200.0,687.0,483.0,1121.0,,500.0,-510.0,27.0,-847.0,-661.0
-1359.0,118.0,559.0,1030.0,,405.0,-545.0,-5.0,-644.0,-486.0
-1432.0,-554.0,644.0,867.0,,538.0,-572.0,-168.0,-368.0,-322.0
-1514.0,-994.0,727.0,762.0,,463.0,-545.0,-360.0,-604.0,-214.0
-1649.0,-1135.0,821.0,750.0,,127.0,-528.0,-424.0,-587.0,-233.0
-1679.0,-174.0,925.0,831.0,,432.0,-442.0,-558.0,-510.0,-318.0
-1623.0,2559.0,1046.0,879.0,,840.0,-289.0,-465.0,-459.0,-430.0
-1572.0,3130.0,1181.0,852.0,,709.0,-141.0,-513.0,-345.0,-442.0
-1569.0,2341.0,1319.0,676.0,,643.0,23.0,-498.0,-542.0,-452.0
-1538.0,2183.0,1443.0,529.0,,1030.0,170.0,-458.0,-796.0,-506.0
-1441.0,1426.0,1578.0,376.0,,975.0,297.0,-419.0,-1336.0,-546.0
-1325.0,-1166.0,1781.0,74.0,,616.0,363.0,-145.0,-1290.0,-479.0
-1310.0,-3239.0,1941.0,-323.0,,981.0,264.0,-42.0,-962.0,-303.0
-1300.0,-3223.0,2135.0,-679.0,,1127.0,110.0,118.0,-968.0,-276.0
-1240.0,-2424.0,2353.0,-819.0,,944.0,-63.0,57.0,-1079.0,-477.0
-1133.0,-1044.0,2513.0,-847.0,,1061.0,-243.0,-120.0,-1058.0,-692.0
-1116.0,-115.0,2720.0,-716.0,,1229.0,-359.0,-227.0,-196.0,-827.0
-1102.0,558.0,2862.0,-506.0,,982.0,-436.0,-373.0,161.0,-994.0
-939.0,1041.0,2961.0,-379.0,,811.0,-389.0,-395.0,479.0,-1281.0
-827.0,741.0,3036.0,-175.0,,1083.0,-317.0,-537.0,948.0,-1552.0
-787.0,17.0,3038.0,110.0,,987.0,-269.0,-412.0,970.0,-1571.0
-799.0,600.0,3039.0,374.0,,878.0,-196.0,-279.0,2011.0,-1352.0
-703.0,422.0,3018.0,434.0,,908.0,-179.0,-216.0,2498.0,-1040.0
-646.0,-857.0,2951.0,387.0,,761.0,-157.0,-62.0,2330.0,-788.0
-615.0,-101.0,2879.0,319.0,,667.0,-175.0,-68.0,2392.0,-501.0
-595.0,-74.0,2774.0,213.0,,804.0,-260.0,147.0,2436.0,-59.0
-598.0,-1164.0,2642.0,179.0,,763.0,-354.0,225.0,2928.0,471.0
-516.0,-916.0,2535.0,176.0,,631.0,-459.0,249.0,2704.0,945.0
-510.0,61.0,2398.0,226.0,,905.0,-503.0,264.0,2124.0,1193.0
-520.0,-434.0,2253.0,147.0,,868.0,-502.0,120.0,1755.0,1371.0
-495.0,-1608.0,2158.0,-39.0,,434.0,-533.0,125.0,1866.0,1561.0
-391.0,-2215.0,2031.0,-252.0,,325.0,-568.0,-33.0,2120.0,1659.0
-403.0,-2037.0,1910.0,-513.0,,726.0,-556.0,-33.0,1918.0,1554.0
-371.0,-1699.0,1809.0,-771.0,,657.0,-532.0,16.0,1853.0,1322.0
-200.0,-2154.0,1652.0,-1049.0,,296.0,-534.0,-16.0,1622.0,1215.0
-59.0,-1176.0,1545.0,-1276.0,,638.0,-503.0,36.0,1729.0,1158.0
70.0,447.0,1420.0,-1397.0,,936.0,-490.0,-3.0,1712.0,987.0
183.0,2080.0,1238.0,-1320.0,,811.0,-492.0,232.0,1512.0,656.0
323.0,3004.0,1100.0,-1148.0,,769.0,-527.0,365.0,1369.0,386.0
429.0,2823.0,913.0,-1006.0,,1039.0,-685.0,487.0,1367.0,189.0
520.0,2106.0,712.0,-875.0,,947.0,-767.0,598.0,1784.0,-152.0
554.0,676.0,521.0,-660.0,,757.0,-784.0,485.0,2014.0,-342.0
630.0,-579.0,272.0,-294.0,,820.0,-833.0,489.0,2010.0,-463.0
698.0,-1764.0,68.0,83.0,,707.0,-738.0,267.0,1403.0,-752.0
661.0,-2193.0,-148.0,321.0,,855.0,-632.0,199.0,1230.0,-902.0
518.0,-3475.0,-406.0,408.0,,1161.0,-565.0,99.0,1127.0,-760.0
449.0,-4324.0,-663.0,375.0,,1242.0,-335.0,-44.0,1060.0,-805.0
473.0,-4103.0,-936.0,384.0,,1204.0,-82.0,-35.0,719.0,-1162.0
361.0,-3982.0,-1171.0,574.0,,1363.0,53.0,-258.0,-15.0,-1193.0
291.0,-3550.0,-1470.0,706.0,,1343.0,142.0,-245.0,-175.0,-1088.0
196.0,-3212.0,-1716.0,615.0,,1040.0,138.0,-280.0,-484.0,-1115.0
164.0,-1731.0,-1931.0,468.0,,1149.0,81.0,-171.0,-18.0,-1118.0
158.0,-1679.0,-2179.0,380.0,,1353.0,9.0,107.0,-191.0,-1091.0
139.0,-922.0,-2334.0,266.0,,1233.0,-129.0,315.0,-931.0,-979.0
163.0,1048.0,-2482.0,107.0,,1147.0,-209.0,691.0,-1234.0,-838.0
220.0,971.0,-2637.0,-23.0,,1329.0,-287.0,787.0,-1154.0,-649.0
391.0,871.0,-2749.0,-26.0,,1227.0,-439.0,903.0,-848.0,-587.0
441.0,305.0,-2828.0,11.0,,1073.0,-499.0,861.0,-992.0,-558.0
555.0,-181.0,-2916.0,6.0,,1400.0,-518.0,727.0,-1136.0,-426.0
785.0,-729.0,-2900.0,0.0,,1440.0,-617.0,654.0,-1367.0,-366.0
993.0,-1712.0,-2951.0,148.0,,1149.0,-732.0,349.0,-876.0,-434.0
1084.0,-2729.0,-2977.0,387.0,,1226.0,-790.0,169.0,-894.0,-596.0
1069.0,-3401.0,-2927.0,567.0,,1391.0,-792.0,-125.0,-1095.0,-747.0
1132.0,-3295.0,-2907.0,909.0,,1013.0,-791.0,-242.0,-1110.0,-870.0
1143.0,-3479.0,-2822.0,1183.0,,782.0,-779.0,-282.0,-1280.0,-869.0
1136.0,-3056.0,-2785.0,1136.0,,1031.0,-672.0,-314.0,-702.0,-871.0
1102.0,-2005.0,-2686.0,1032.0,,995.0,-596.0,-83.0,-517.0,-864.0
1120.0,-1520.0,-2659.0,1017.0,,907.0,-637.0,94.0,-484.0,-650.0
1105.0,-1691.0,-2595.0,981.0,,942.0,-617.0,513.0,-935.0,-360.0
1030.0,-783.0,-2516.0,910.0,,826.0,-503.0,740.0,-1239.0,-167.0
1055.0,42.0,-2450.0,799.0,,643.0,-321.0,853.0,-683.0,-82.0
1046.0,-36.0,-2323.0,786.0,,642.0,-136.0,916.0,-641.0,71.0
1083.0,721.0,-2253.0,903.0,,620.0,71.0,825.0,-794.0,220.0
1108.0,1183.0,-2122.0,916.0,,578.0,294.0,958.0,-860.0,202.0
1113.0,1315.0,-2003.0,914.0,,826.0,367.0,829.0,-684.0,60.0
1098.0,868.0,-1859.0,983.0,,836.0,415.0,613.0,-464.0,-216.0
1075.0,667.0,-1783.0,1051.0,,616.0,377.0,173.0,-287.0,-492.0
1009.0,2095.0,-1671.0,1062.0,,759.0,234.0,-249.0,-129.0,-630.0
928.0,3416.0,-1564.0,1038.0,,1039.0,140.0,-352.0,-110.0,-811.0
977.0,3995.0,-1465.0,1048.0,,827.0,-25.0,-463.0,-83.0,-1076.0
963.0,4085.0,-1325.0,1131.0,,640.0,-144.0,-275.0,-133.0,-1268.0
945.0,3266.0,-1232.0,1088.0,,893.0,-158.0,-151.0,-125.0,-1237.0
1003.0,1795.0,-1054.0,962.0,,942.0,-163.0,51.0,-659.0,-1078.0
1057.0,-38.0,-902.0,879.0,,709.0,-171.0,314.0,-849.0,-955.0
987.0,-1485.0,-699.0,746.0,,823.0,-155.0,399.0,-761.0,-856.0
923.0,-2511.0,-509.0,707.0,,1170.0,-106.0,565.0,-872.0,-840.0
833.0,-3696.0,-323.0,709.0,,795.0,-118.0,565.0,-610.0,-790.0
677.0,-3445.0,-107.0,609.0,,373.0,-127.0,593.0,-630.0,-701.0
604.0,-2274.0,61.0,448.0,,575.0,-104.0,485.0,-815.0,-682.0
437.0,-1214.0,236.0,422.0,,668.0,-49.0,301.0,-913.0,-780.0
314.0,455.0,409.0,531.0,,480.0,18.0,77.0,-1003.0,-842.0
268.0,1659.0,593.0,555.0,,446.0,115.0,-308.0,-904.0,-675.0
287.0,1929.0,736.0,596.0,,515.0,217.0,-454.0,-879.0,-636.0
223.0,3212.0,873.0,531.0,,528.0,267.0,-617.0,-1376.0,-718.0
145.0,4511.0,1046.0,356.0,,742.0,315.0,-556.0,-1596.0,-608.0
223.0,4326.0,1262.0,350.0,,628.0,290.0,-380.0,-1395.0,-360.0
277.0,4504.0,1399.0,278.0,,436.0,296.0,-275.0,-888.0,-22.0
314.0,3376.0,1554.0,90.0,,613.0,427.0,-64.0,-792.0,371.0
316.0,1501.0,1766.0,-24.0,,653.0,615.0,-38.0,-1281.0,776.0
322.0,789.0,1866.0,6.0,,542.0,807.0,142.0,-1368.0,1205.0
282.0,272.0,2004.0,55.0,,525.0,982.0,203.0,-1073.0,1714.0
262.0,427.0,2059.0,-10.0,,735.0,1084.0,236.0,-708.0,2177.0
278.0,1002.0,2103.0,-169.0,,511.0,1084.0,317.0,-359.0,2398.0
286.0,1730.0,2180.0,-403.0,,131.0,1134.0,229.0,-130.0,2476.0
237.0,1166.0,2142.0,-537.0,,368.0,1123.0,317.0,-799.0,2493.0
186.0,1063.0,2191.0,-647.0,,390.0,896.0,267.0,-871.0,2460.0
136.0,1312.0,2197.0,-626.0,,41.0,662.0,356.0,-167.0,2400.0
18.0,482.0,2190.0,-476.0,,263.0,498.0,430.0,-24.0,2243.0
-14.0,1431.0,2206.0,-426.0,,740.0,339.0,388.0,-544.0,1947.0
-98.0,2302.0,2166.0,-404.0,,488.0,300.0,443.0,-835.0,1749.0
-178.0,2827.0,2166.0,-404.0,,133.0,305.0,351.0,-104.0,1846.0
-279.0,2753.0,2183.0,-422.0,,182.0,292.0,321.0,471.0,1961.0
-365.0,1838.0,2123.0,-513.0,,255.0,314.0,79.0,316.0,1905.0
-429.0,1234.0,2047.0,-730.0,,230.0,228.0,-75.0,-211.0,1946.0
-477.0,349.0,1984.0,-963.0,,208.0,148.0,-140.0,152.0,2163.0
-442.0,236.0,1874.0,-1120.0,,327.0,103.0,-303.0,604.0,2280.0
-562.0,-64.0,1786.0,-1191.0,,239.0,9.0,-291.0,487.0,2274.0
-626.0,571.0,1625.0,-1076.0,,202.0,-40.0,-410.0,403.0,2215.0
-641.0,1248.0,1477.0,-800.0,,215.0,-59.0,-419.0,14.0,1983.0
-629.0,1097.0,1294.0,-580.0,,-62.0,-18.0,-572.0,9.0,1720.0
-641.0,2035.0,1097.0,-357.0,,-14.0,74.0,-768.0,291.0,1606.0
-752.0,2350.0,923.0,-280.0,,195.0,271.0,-707.0,622.0,1410.0
-784.0,1741.0,762.0,-525.0,,-54.0,492.0,-668.0,207.0,1115.0
-840.0,1407.0,652.0,-806.0,,-114.0,617.0,-402.0,-579.0,943.0
-808.0,1911.0,507.0,-1105.0,,160.0,805.0,-164.0,-396.0,906.0
-781.0,1432.0,432.0,-1415.0,,-87.0,945.0,168.0,-83.0,879.0
-808.0,-337.0,394.0,-1704.0,,-289.0,1003.0,484.0,92.0,856.0
-798.0,-1771.0,425.0,-1965.0,,2.0,1026.0,515.0,-450.0,905.0
-802.0,-2482.0,444.0,-2042.0,,59.0,888.0,497.0,-1007.0,991.0
-787.0,-2800.0,468.0,-2020.0,,-246.0,714.0,232.0,-1051.0,1087.0
-758.0,-2561.0,546.0,-1928.0,,-361.0,525.0,55.0,-986.0,1086.0
-636.0,-1002.0,595.0,-1667.0,,-125.0,341.0,-179.0,-375.0,1034.0
-561.0,374.0,623.0,-1253.0,,-304.0,207.0,-373.0,-837.0,887.0
-573.0,1505.0,618.0,-861.0,,-595.0,125.0,-363.0,-1445.0,674.0
-521.0,2377.0,592.0,-555.0,,-382.0,118.0,-408.0,-1119.0,488.0
-475.0,2803.0,537.0,-238.0,,-455.0,17.0,-247.0,-930.0,129.0
-413.0,2701.0,437.0,131.0,,-809.0,-117.0,-271.0,-1003.0,-179.0
-350.0,2314.0,261.0,377.0,,-859.0,-128.0,-260.0,-1065.0,-380.0
-369.0,2515.0,174.0,525.0,,-598.0,-42.0,-168.0,-962.0,-524.0
-443.0,1730.0,40.0,605.0,,-381.0,68.0,-99.0,-893.0,-556.0
-524.0,293.0,-114.0,498.0,,-491.0,165.0,175.0,-337.0,-621.0
-596.0,-1322.0,-202.0,394.0,,-517.0,304.0,347.0,70.0,-674.0
-705.0,-2332.0,-293.0,260.0,,-515.0,406.0,613.0,-77.0,-633.0
-733.0,-2318.0,-301.0,0.0,,-609.0,391.0,668.0,-57.0,-541.0
-818.0,-2709.0,-376.0,-217.0,,-634.0,340.0,633.0,-59.0,-531.0
-1007.0,-3229.0,-418.0,-307.0,,-834.0,278.0,613.0,83.0,-502.0
-1023.0,-3308.0,-434.0,-466.0,,-852.0,241.0,424.0,373.0,-456.0
-998.0,-3202.0,-476.0,-641.0,,-667.0,282.0,328.0,197.0,-486.0
-1009.0,-3712.0,-511.0,-629.0,,-690.0,382.0,7.0,368.0,-479.0
-1047.0,-3295.0,-572.0,-480.0,,-790.0,446.0,-208.0,684.0,-556.0
-1048.0,-2218.0,-596.0,-291.0,,-724.0,420.0,-424.0,698.0,-779.0
-980.0,-1923.0,-611.0,-119.0,,-750.0,396.0,-630.0,968.0,-902.0
-890.0,-1657.0,-647.0,38.0,,-1226.0,394.0,-587.0,714.0,-824.0
-783.0,-1193.0,-697.0,217.0,,-1239.0,282.0,-572.0,468.0,-730.0
-830.0,-1112.0,-721.0,349.0,,-824.0,57.0,-347.0,656.0,-678.0
-856.0,-1798.0,-712.0,376.0,,-979.0,-137.0,-247.0,523.0,-545.0
-774.0,-978.0,-709.0,397.0,,-1160.0,-286.0,-86.0,490.0,-396.0
-796.0,202.0,-740.0,303.0,,-874.0,-383.0,112.0,764.0,-299.0
-925.0,323.0,-698.0,83.0,,-719.0,-391.0,169.0,395.0,-185.0
-1007.0,311.0,-705.0,-83.0,,-1049.0,-392.0,314.0,-54.0,-214.0
-942.0,70.0,-725.0,-173.0,,-1066.0,-404.0,199.0,288.0,-329.0
-994.0,407.0,-727.0,-96.0,,-895.0,-402.0,83.0,294.0,-418.0
-1104.0,313.0,-748.0,121.0,,-1141.0,-402.0,-182.0,214.0,-530.0
-1079.0,174.0,-693.0,276.0,,-1140.0,-387.0,-375.0,188.0,-703.0
-1090.0,-205.0,-735.0,241.0,,-1074.0,-320.0,-388.0,2.0,-1042.0
-1166.0,-425.0,-703.0,178.0,,-1145.0,-169.0,-504.0,310.0,-1270.0
-1241.0,748.0,-652.0,186.0,,-1140.0,43.0,-312.0,440.0,-1376.0
-1201.0,1800.0,-595.0,78.0,,-1337.0,227.0,-162.0,409.0,-1459.0
-1118.0,2458.0,-505.0,6.0,,-1437.0,314.0,81.0,342.0,-1489.0
-1086.0,2462.0,-478.0,86.0,,-1275.0,324.0,336.0,110.0,-1586.0
-1096.0,2118.0,-373.0,137.0,,-1098.0,314.0,482.0,278.0,-1590.0
-997.0,881.0,-327.0,86.0,,-1304.0,240.0,659.0,780.0,-1547.0
-811.0,-37.0,-319.0,-122.0,,-1362.0,115.0,535.0,935.0,-1617.0
-640.0,-33.0,-327.0,-419.0,,-822.0,77.0,480.0,608.0,-1797.0
-448.0,-844.0,-318.0,-635.0,,-809.0,112.0,266.0,423.0,-1971.0
-315.0,-1703.0,-347.0,-730.0,,-1222.0,211.0,77.0,581.0,-2085.0
-128.0,-2233.0,-455.0,-715.0,,-1170.0,344.0,-79.0,934.0,-2215.0
48.0,-2360.0,-545.0,-588.0,,-772.0,375.0,-432.0,1106.0,-2329.0
220.0,-3016.0,-668.0,-508.0,,-898.0,359.0,-517.0,973.0,-2507.0
343.0,-3040.0,-712.0,-596.0,,-1235.0,318.0,-606.0,834.0,-2706.0
420.0,-2455.0,-807.0,-733.0,,-950.0,216.0,-447.0,932.0,-2746.0
575.0,-1946.0,-921.0,-921.0,,-857.0,79.0,-232.0,1083.0,-2703.0
728.0,-1148.0,-928.0,-1118.0,,-966.0,-98.0,-7.0,1102.0,-2778.0
914.0,-1297.0,-955.0,-1238.0,,-893.0,-285.0,314.0,842.0,-2833.0
1019.0,-950.0,-907.0,-1292.0,,-779.0,-425.0,336.0,594.0,-2720.0
1054.0,-937.0,-864.0,-1280.0,,-901.0,-500.0,413.0,671.0,-2606.0
1053.0,-1213.0,-854.0,-1201.0,,-1074.0,-533.0,314.0,1187.0,-2479.0
1040.0,-860.0,-774.0,-940.0,,-914.0,-466.0,249.0,1389.0,-2259.0
1003.0,-973.0,-777.0,-658.0,,-945.0,-344.0,155.0,746.0,-2030.0
979.0,-775.0,-818.0,-542.0,,-968.0,-225.0,-136.0,799.0,-1798.0
890.0,359.0,-821.0,-529.0,,-978.0,-121.0,-306.0,1181.0,-1545.0
744.0,1926.0,-879.0,-584.0,,-1010.0,-65.0,-618.0,1135.0,-1294.0
680.0,2631.0,-945.0,-795.0,,-1041.0,49.0,-644.0,995.0,-1093.0
597.0,2560.0,-1041.0,-923.0,,-1189.0,171.0,-604.0,759.0,-965.0
536.0,2539.0,-1118.0,-931.0,,-1331.0,256.0,-485.0,481.0,-750.0
491.0,2728.0,-1142.0,-1113.0,,-1448.0,372.0,-158.0,728.0,-483.0
563.0,3068.0,-1199.0,-1161.0,,-1190.0,356.0,-5.0,877.0,-267.0
671.0,3192.0,-1255.0,-1070.0,,-1249.0,235.0,232.0,528.0,-15.0
834.0,2470.0,-1275.0,-954.0,,-1415.0,155.0,258.0,262.0,212.0
991.0,1629.0,-1237.0,-830.0,,-1083.0,98.0,236.0,-229.0,430.0
1047.0,1234.0,-1240.0,-786.0,,-768.0,66.0,103.0,330.0,658.0
1161.0,1007.0,-1242.0,-796.0,,-911.0,62.0,-123.0,970.0,807.0
1278.0,1128.0,-1239.0,-790.0,,-1232.0,84.0,-149.0,921.0,876.0
1300.0,1467.0,-1221.0,-619.0,,-826.0,93.0,-271.0,532.0,955.0
1193.0,1658.0,-1216.0,-573.0,,-676.0,99.0,-188.0,493.0,984.0
1208.0,866.0,-1271.0,-711.0,,-923.0,188.0,-179.0,1244.0,932.0
1138.0,295.0,-1292.0,-794.0,,-638.0,380.0,-112.0,1055.0,920.0
983.0,491.0,-1270.0,-795.0,,-320.0,618.0,77.0,1326.0,875.0
910.0,630.0,-1250.0,-745.0,,-363.0,889.0,145.0,1470.0,781.0
869.0,323.0,-1269.0,-719.0,,-562.0,1166.0,415.0,1227.0,694.0
822.0,-242.0,-1137.0,-640.0,,-364.0,1364.0,493.0,1852.0,568.0
740.0,-126.0,-1026.0,-569.0,,-185.0,1478.0,526.0,1971.0,357.0
777.0,-285.0,-918.0,-702.0,,-311.0,1520.0,484.0,1721.0,199.0
754.0,-389.0,-825.0,-858.0,,-333.0,1515.0,304.0,1043.0,149.0
750.0,-342.0,-726.0,-921.0,,-342.0,1397.0,240.0,547.0,47.0
776.0,-99.0,-567.0,-941.0,,-425.0,1195.0,125.0,897.0,-37.0
792.0,732.0,-552.0,-840.0,,-321.0,1092.0,194.0,750.0,-91.0
747.0,1073.0,-465.0,-602.0,,-283.0,933.0,188.0,263.0,-178.0
704.0,1348.0,-468.0,-314.0,,-521.0,679.0,197.0,-281.0,-273.0
707.0,808.0,-396.0,-119.0,,-423.0,495.0,155.0,-680.0,-370.0
635.0,-53.0,-319.0,-6.0,,-308.0,394.0,-16.0,15.0,-488.0
568.0,-208.0,-377.0,172.0,,-331.0,411.0,-38.0,-152.0,-608.0
499.0,-38.0,-307.0,409.0,,-98.0,515.0,-236.0,-1075.0,-669.0
505.0,-137.0,-248.0,623.0,,101.0,647.0,-295.0,-1281.0,-783.0
472.0,-1776.0,-198.0,847.0,,-60.0,796.0,-373.0,-1727.0,-980.0
512.0,-2805.0,-208.0,899.0,,-259.0,933.0,-434.0,-1718.0,-1147.0
531.0,-2404.0,-161.0,788.0,,44.0,968.0,-339.0,-2023.0,-1312.0
476.0,-1962.0,-72.0,731.0,,-73.0,882.0,-388.0,-2379.0,-1522.0
444.0,-1152.0,-23.0,768.0,,-628.0,732.0,-219.0,-2298.0,-1788.0
446.0,19.0,1.0,868.0,,-414.0,601.0,-186.0,-2902.0,-2045.0
420.0,442.0,131.0,949.0,,-76.0,498.0,-194.0,-2889.0,-2267.0
336.0,-175.0,281.0,1135.0,,-162.0,431.0,-184.0,-2489.0,-2396.0
362.0,-865.0,376.0,1321.0,,-337.0,486.0,-210.0,-2267.0,-2400.0
256.0,-1386.0,562.0,1446.0,,-290.0,522.0,-59.0,-2028.0,-2429.0
183.0,-1383.0,629.0,1606.0,,-281.0,533.0,-116.0,-1645.0,-2422.0
142.0,-1461.0,815.0,1679.0,,-517.0,523.0,-140.0,-1795.0,-2331.0
65.0,-1464.0,966.0,1608.0,,-421.0,444.0,-271.0,-1362.0,-2235.0
-29.0,-1563.0,1024.0,1529.0,,-527.0,448.0,-312.0,124.0,-2162.0
-114.0,-1630.0,1196.0,1498.0,,-475.0,542.0,-166.0,-177.0,-2074.0
-202.0,-1300.0,1299.0,1536.0,,-31.0,654.0,-225.0,139.0,-2016.0
-284.0,-1618.0,1450.0,1595.0,,-77.0,660.0,-114.0,709.0,-2028.0
-146.0,-1492.0,1546.0,1547.0,,-143.0,557.0,-51.0,91.0,-1929.0
-97.0,-1503.0,1670.0,1574.0,,-32.0,412.0,153.0,629.0,-1795.0
-118.0,-1962.0,1779.0,1602.0,,58.0,254.0,317.0,841.0,-1747.0
-96.0,-2233.0,1873.0,1581.0,,-263.0,101.0,293.0,362.0,-1680.0
-12.0,-2197.0,1935.0,1605.0,,-235.0,-76.0,406.0,520.0,-1498.0
-35.0,-2227.0,1978.0,1567.0,,231.0,-162.0,267.0,925.0,-1298.0
-186.0,-1909.0,2129.0,1423.0,,39.0,-102.0,201.0,891.0,-1110.0
-292.0,-1020.0,2169.0,1162.0,,-204.0,46.0,88.0,1150.0,-830.0
-383.0,-904.0,2252.0,942.0,,-170.0,229.0,-7.0,779.0,-549.0
-477.0,-400.0,2352.0,801.0,,75.0,416.0,-11.0,482.0,-249.0
-667.0,612.0,2439.0,683.0,,81.0,582.0,-190.0,1070.0,147.0
-882.0,1690.0,2507.0,605.0,,87.0,679.0,-225.0,703.0,582.0
-1085.0,1318.0,2481.0,593.0,,108.0,660.0,-375.0,404.0,998.0
-1143.0,693.0,2438.0,658.0,,-319.0,470.0,-397.0,-155.0,1424.0
-1191.0,1385.0,2400.0,685.0,,-350.0,163.0,-380.0,-155.0,1858.0
-1288.0,1531.0,2266.0,636.0,,-120.0,-169.0,-373.0,60.0,2307.0
-1266.0,823.0,2121.0,563.0,,-193.0,-416.0,-107.0,-676.0,2722.0
-1214.0,-423.0,1982.0,500.0,,-536.0,-506.0,11.0,-930.0,3015.0
-1182.0,-273.0,1808.0,431.0,,-517.0,-514.0,197.0,-1308.0,3225.0
-1162.0,-84.0,1725.0,463.0,,-362.0,-511.0,253.0,-968.0,3401.0
-1116.0,-421.0,1549.0,526.0,,-468.0,-430.0,284.0,-939.0,3547.0
-1035.0,-1137.0,1477.0,544.0,,-301.0,-262.0,424.0,-1060.0,3610.0
-964.0,-2028.0,1436.0,583.0,,-318.0,-160.0,412.0,-629.0,3614.0
-875.0,-913.0,1329.0,467.0,,-331.0,-115.0,404.0,-1075.0,3563.0
-749.0,-95.0,1288.0,339.0,,-64.0,-52.0,197.0,-770.0,3433.0
-627.0,655.0,1212.0,296.0,,14.0,35.0,131.0,-522.0,3236.0
-450.0,2041.0,1151.0,217.0,,-131.0,15.0,88.0,-338.0,2985.0
-353.0,2899.0,1070.0,102.0,,-51.0,-123.0,-3.0,156.0,2679.0
-321.0,3556.0,952.0,-51.0,,227.0,-130.0,16.0,-158.0,2261.0
-280.0,3824.0,762.0,-154.0,,-108.0,-98.0,-96.0,39.0,1798.0
-281.0,3416.0,625.0,-184.0,,-271.0,-118.0,-9.0,463.0,1353.0
-363.0,1730.0,435.0,-314.0,,134.0,-102.0,7.0,451.0,916.0
-450.0,284.0,194.0,-449.0,,152.0,-59.0,131.0,604.0,569.0
-467.0,-130.0,37.0,-469.0,,-115.0,49.0,391.0,630.0,369.0
-574.0,-709.0,-143.0,-555.0,,30.0,167.0,474.0,477.0,344.0
-624.0,-723.0,-249.0,-636.0,,469.0,304.0,578.0,676.0,463.0
-656.0,-324.0,-404.0,-733.0,,258.0,501.0,508.0,325.0,618.0
-804.0,-73.0,-493.0,-862.0,,-31.0,586.0,572.0,-223.0,876.0
-903.0,611.0,-515.0,-894.0,,223.0,586.0,559.0,-369.0,1176.0
-951.0,365.0,-553.0,-836.0,,342.0,590.0,491.0,-396.0,1343.0
-973.0,79.0,-545.0,-671.0,,268.0,471.0,491.0,-272.0,1422.0
-947.0,1049.0,-573.0,-530.0,,295.0,306.0,332.0,-1219.0,1506.0
-887.0,835.0,-465.0,-569.0,,361.0,138.0,393.0,-1517.0,1542.0
-843.0,234.0,-403.0,-719.0,,154.0,-62.0,349.0,-1013.0,1456.0
-809.0,863.0,-414.0,-804.0,,10.0,-179.0,441.0,-1024.0,1391.0
-701.0,1177.0,-352.0,-865.0,,89.0,-310.0,609.0,-859.0,1352.0
-595.0,924.0,-275.0,-789.0,,48.0,-425.0,607.0,-996.0,1196.0
-542.0,1161.0,-197.0,-589.0,,101.0,-366.0,644.0,-1182.0,1045.0
-458.0,1461.0,-136.0,-569.0,,33.0,-159.0,447.0,-1189.0,1036.0
-307.0,2070.0,-83.0,-620.0,,-169.0,28.0,395.0,-652.0,1007.0
-182.0,2829.0,-22.0,-725.0,,50.0,108.0,343.0,-442.0,892.0
-89.0,2658.0,55.0,-858.0,,277.0,212.0,384.0,-647.0,844.0
47.0,2897.0,38.0,-920.0,,-25.0,140.0,498.0,-364.0,815.0
89.0,3167.0,41.0,-1002.0,,-205.0,-56.0,476.0,114.0,672.0
180.0,2507.0,32.0,-981.0,,99.0,-201.0,637.0,395.0,540.0
255.0,1561.0,-80.0,-892.0,,123.0,-342.0,552.0,652.0,558.0
167.0,460.0,-211.0,-783.0,,-106.0,-311.0,482.0,613.0,568.0
108.0,-538.0,-364.0,-627.0,,189.0,-310.0,343.0,738.0,501.0
68.0,-1049.0,-472.0,-533.0,,543.0,-380.0,133.0,1566.0,427.0
109.0,-741.0,-604.0,-463.0,,221.0,-414.0,99.0,905.0,321.0
147.0,-550.0,-756.0,-415.0,,-14.0,-437.0,40.0,606.0,145.0
224.0,-887.0,-874.0,-392.0,,285.0,-446.0,262.0,1381.0,11.0
372.0,-1412.0,-954.0,-363.0,,579.0,-554.0,334.0,1408.0,-74.0
553.0,-2104.0,-1002.0,-392.0,,578.0,-522.0,393.0,836.0,-272.0
674.0,-1838.0,-1056.0,-467.0,,600.0,-355.0,447.0,1187.0,-458.0
736.0,-1485.0,-1109.0,-464.0,,948.0,-270.0,445.0,1881.0,-492.0
880.0,-828.0,-1147.0,-442.0,,954.0,-180.0,674.0,1332.0,-444.0
963.0,553.0,-1125.0,-391.0,,847.0,-38.0,665.0,1605.0,-398.0
1060.0,195.0,-1156.0,-273.0,,835.0,12.0,785.0,974.0,-317.0
1123.0,-69.0,-1136.0,-190.0,,559.0,-89.0,868.0,498.0,-169.0
1153.0,-237.0,-1054.0,-161.0,,649.0,-150.0,886.0,1596.0,-44.0
1220.0,-1012.0,-1046.0,-132.0,,790.0,-93.0,923.0,1554.0,77.0
1361.0,-739.0,-1010.0,-62.0,,620.0,1.0,739.0,1240.0,198.0
1537.0,-189.0,-956.0,13.0,,630.0,87.0,689.0,614.0,258.0
1615.0,1040.0,-875.0,27.0,,757.0,166.0,535.0,377.0,253.0
1736.0,1929.0,-802.0,44.0,,492.0,226.0,598.0,1283.0,190.0
1870.0,2064.0,-785.0,122.0,,191.0,160.0,604.0,925.0,145.0
1992.0,1902.0,-748.0,138.0,,510.0,55.0,382.0,221.0,103.0
2067.0,1174.0,-682.0,215.0,,657.0,15.0,227.0,104.0,-16.0
2069.0,381.0,-600.0,311.0,,242.0,-142.0,-31.0,341.0,-83.0
2027.0,-187.0,-517.0,412.0,,323.0,-325.0,12.0,1093.0,-46.0
2043.0,-69.0,-444.0,613.0,,847.0,-431.0,-12.0,655.0,-70.0
2040.0,207.0,-353.0,653.0,,788.0,-624.0,22.0,365.0,-132.0
1932.0,499.0,-311.0,574.0,,475.0,-734.0,114.0,674.0,-111.0
1919.0,827.0,-272.0,549.0,,536.0,-727.0,27.0,587.0,-100.0
1935.0,571.0,-232.0,784.0,,665.0,-748.0,84.0,618.0,-159.0
1947.0,-750.0,-179.0,1177.0,,555.0,-760.0,-20.0,559.0,-155.0
1955.0,-2128.0,-136.0,1397.0,,454.0,-713.0,-44.0,255.0,-112.0
1960.0,-2664.0,-115.0,1356.0,,423.0,-629.0,-158.0,-78.0,-112.0
1972.0,-2978.0,-30.0,1264.0,,348.0,-642.0,-240.0,166.0,-124.0
2056.0,-2608.0,33.0,1331.0,,528.0,-595.0,-157.0,203.0,-74.0
2115.0,-1722.0,134.0,1449.0,,842.0,-532.0,-227.0,-295.0,0.0
2092.0,-706.0,206.0,1653.0,,799.0,-550.0,-114.0,-495.0,13.0
2142.0,455.0,301.0,1853.0,,786.0,-482.0,-136.0,-612.0,109.0
2198.0,1242.0,407.0,1883.0,,1062.0,-453.0,-149.0,-616.0,285.0
2281.0,1656.0,489.0,1853.0,,982.0,-379.0,-229.0,-676.0,397.0
2247.0,661.0,527.0,1770.0,,915.0,-232.0,-395.0,-732.0,468.0
2170.0,-1007.0,516.0,1708.0,,1060.0,-130.0,-297.0,-717.0,565.0
2141.0,-1433.0,600.0,1823.0,,962.0,-46.0,-360.0,-1131.0,650.0
2105.0,-1060.0,547.0,1942.0,,851.0,35.0,-293.0,-915.0,639.0
2089.0,-532.0,523.0,1924.0,,1089.0,37.0,-338.0,-336.0,651.0
1987.0,-498.0,474.0,1851.0,,1275.0,-60.0,-460.0,-207.0,687.0
1927.0,-418.0,408.0,1850.0,,941.0,-78.0,-463.0,-274.0,602.0
1911.0,183.0,369.0,1897.0,,826.0,-84.0,-670.0,-587.0,466.0
1875.0,719.0,251.0,1923.0,,959.0,-86.0,-731.0,-464.0,381.0
1740.0,1217.0,268.0,2030.0,,768.0,-107.0,-886.0,72.0,313.0
1596.0,1528.0,221.0,2179.0,,578.0,-91.0,-977.0,295.0,215.0
1522.0,1982.0,277.0,2268.0,,594.0,-6.0,-992.0,-185.0,134.0
1431.0,2358.0,334.0,2301.0,,285.0,-67.0,-982.0,-523.0,138.0
1362.0,2201.0,414.0,2277.0,,28.0,-165.0,-792.0,-183.0,109.0
1248.0,1960.0,616.0,2172.0,,279.0,-212.0,-689.0,-100.0,1.0
1152.0,1123.0,720.0,2033.0,,301.0,-213.0,-358.0,184.0,-40.0
1039.0,-111.0,898.0,1853.0,,133.0,-233.0,-199.0,341.0,-64.0
910.0,-747.0,1033.0,1729.0,,91.0,-268.0,-134.0,143.0,-157.0
810.0,-1220.0,1178.0,1610.0,,247.0,-227.0,-60.0,597.0,-251.0
633.0,-1875.0,1332.0,1421.0,,209.0,-233.0,-251.0,1189.0,-261.0
435.0,-2219.0,1403.0,1179.0,,-126.0,-246.0,-301.0,1286.0,-204.0
285.0,-2243.0,1496.0,903.0,,-239.0,-150.0,-515.0,774.0,-144.0
131.0,-2476.0,1584.0,761.0,,-181.0,-104.0,-652.0,709.0,-25.0
-65.0,-2882.0,1626.0,571.0,,-13.0,-113.0,-731.0,1015.0,174.0
-244.0,-3104.0,1691.0,370.0,,184.0,4.0,-801.0,896.0,344.0
-416.0,-2731.0,1767.0,261.0,,247.0,124.0,-689.0,594.0,535.0
-662.0,-2030.0,1828.0,89.0,,293.0,153.0,-748.0,366.0,840.0
-934.0,-1557.0,1866.0,-157.0,,440.0,101.0,-602.0,388.0,1050.0
-1168.0,-1322.0,1771.0,-402.0,,386.0,12.0,-467.0,314.0,1091.0
-1405.0,-762.0,1730.0,-629.0,,340.0,32.0,-323.0,603.0,1144.0
-1592.0,-280.0,1695.0,-810.0,,584.0,58.0,-290.0,581.0,1247.0
-1785.0,-732.0,1603.0,-797.0,,686.0,-4.0,-478.0,-29.0,1235.0
-1985.0,-659.0,1520.0,-739.0,,529.0,8.0,-399.0,180.0,1114.0
-2118.0,-47.0,1422.0,-776.0,,621.0,50.0,-351.0,427.0,1042.0
-2185.0,483.0,1370.0,-772.0,,958.0,14.0,-133.0,121.0,957.0
-2260.0,915.0,1353.0,-678.0,,786.0,82.0,-110.0,-181.0,843.0
-2394.0,1758.0,1319.0,-669.0,,427.0,170.0,-194.0,-322.0,818.0
-2468.0,2651.0,1275.0,-652.0,,721.0,158.0,-131.0,-436.0,866.0
-2517.0,2360.0,1307.0,-501.0,,1083.0,216.0,-362.0,-555.0,878.0
-2505.0,2685.0,1228.0,-390.0,,811.0,301.0,-456.0,-60.0,950.0
-2512.0,2849.0,1173.0,-355.0,,602.0,346.0,-683.0,165.0,1125.0
-2533.0,2217.0,1153.0,-415.0,,742.0,373.0,-840.0,-181.0,1167.0
-2503.0,936.0,1050.0,-539.0,,674.0,394.0,-907.0,-682.0,1086.0
-2415.0,-1010.0,1016.0,-744.0,,409.0,462.0,-949.0,-386.0,1023.0
-2363.0,-2043.0,810.0,-1002.0,,195.0,513.0,-657.0,534.0,953.0
-2384.0,-2693.0,662.0,-1156.0,,70.0,554.0,-480.0,42.0,786.0
-2356.0,-2677.0,584.0,-1289.0,,219.0,646.0,-186.0,-366.0,551.0
-2350.0,-2259.0,352.0,-1406.0,,356.0,683.0,-123.0,214.0,277.0
-2273.0,-2051.0,134.0,-1631.0,,226.0,694.0,-188.0,735.0,-19.0
-2315.0,-2327.0,-92.0,-1863.0,,242.0,795.0,-151.0,966.0,-284.0
-2346.0,-2341.0,-279.0,-1841.0,,343.0,836.0,-199.0,825.0,-501.0
-2338.0,-1326.0,-451.0,-1732.0,,340.0,752.0,-18.0,598.0,-622.0
-2280.0,-817.0,-625.0,-1672.0,,115.0,689.0,0.0,980.0,-667.0
-2108.0,-377.0,-772.0,-1657.0,,152.0,697.0,44.0,1361.0,-592.0
-2010.0,29.0,-883.0,-1547.0,,373.0,645.0,-51.0,1159.0,-454.0
-1797.0,-302.0,-998.0,-1487.0,,266.0,501.0,-306.0,947.0,-379.0
-1598.0,-674.0,-1144.0,-1531.0,,464.0,422.0,-419.0,970.0,-360.0
-1316.0,-699.0,-1243.0,-1496.0,,914.0,333.0,-561.0,1140.0,-398.0
-1079.0,-478.0,-1324.0,-1430.0,,793.0,151.0,-476.0,848.0,-440.0
-836.0,-329.0,-1413.0,-1439.0,,422.0,28.0,-541.0,662.0,-475.0
-593.0,-411.0,-1461.0,-1522.0,,768.0,48.0,-532.0,985.0,-519.0
-413.0,-1129.0,-1495.0,-1487.0,,883.0,88.0,-400.0,1034.0,-525.0
-207.0,-1251.0,-1482.0,-1329.0,,421.0,132.0,-345.0,701.0,-486.0
-115.0,41.0,-1417.0,-1163.0,,296.0,270.0,-131.0,882.0,-450.0
-24.0,902.0,-1402.0,-923.0,,580.0,443.0,-138.0,892.0,-396.0
-5.0,1387.0,-1311.0,-614.0,,761.0,602.0,-110.0,1114.0,-354.0
138.0,1800.0,-1260.0,-477.0,,400.0,696.0,-218.0,1047.0,-314.0
184.0,1693.0,-1228.0,-384.0,,338.0,677.0,-404.0,141.0,-265.0
166.0,1218.0,-1166.0,-116.0,,519.0,546.0,-465.0,419.0,-258.0
207.0,1267.0,-1211.0,227.0,,437.0,427.0,-591.0,659.0,-239.0
313.0,1903.0,-1201.0,398.0,,324.0,334.0,-447.0,455.0,-264.0
433.0,1695.0,-1238.0,377.0,,419.0,250.0,-378.0,-150.0,-360.0
438.0,1021.0,-1295.0,418.0,,647.0,204.0,-267.0,-347.0,-439.0
521.0,345.0,-1311.0,390.0,,773.0,186.0,-186.0,-195.0,-481.0
605.0,-94.0,-1368.0,293.0,,648.0,303.0,-186.0,2.0,-613.0
776.0,-577.0,-1403.0,226.0,,390.0,348.0,-38.0,149.0,-813.0
781.0,-316.0,-1430.0,138.0,,540.0,316.0,-142.0,-1037.0,-948.0
843.0,-62.0,-1452.0,135.0,,555.0,376.0,-105.0,-988.0,-1055.0
932.0,-1214.0,-1444.0,311.0,,325.0,389.0,-118.0,-312.0,-1159.0
1055.0,-1389.0,-1415.0,605.0,,280.0,352.0,-205.0,60.0,-1170.0
1218.0,-354.0,-1406.0,852.0,,406.0,313.0,-127.0,-196.0,-1090.0
1241.0,937.0,-1396.0,947.0,,321.0,180.0,-120.0,-912.0,-993.0
1400.0,1417.0,-1298.0,866.0,,-18.0,-43.0,-11.0,-781.0,-806.0
1479.0,1011.0,-1241.0,742.0,,243.0,-170.0,-90.0,-941.0,-535.0
1655.0,94.0,-1225.0,692.0,,546.0,-182.0,-164.0,-949.0,-161.0
1721.0,-1696.0,-1136.0,767.0,,232.0,-167.0,-282.0,-1396.0,309.0
1733.0,-3404.0,-1099.0,982.0,,94.0,-168.0,-491.0,-1311.0,846.0
1698.0,-4478.0,-1070.0,1217.0,,440.0,-148.0,-471.0,-1469.0,1387.0
1707.0,-4297.0,-1031.0,1508.0,,402.0,-98.0,-476.0,-1885.0,1782.0
1803.0,-3639.0,-1005.0,1845.0,,31.0,-141.0,-267.0,-1225.0,2075.0
1627.0,-2916.0,-895.0,2122.0,,106.0,-220.0,-131.0,-1645.0,2267.0
1564.0,-1818.0,-798.0,2235.0,,335.0,-132.0,-40.0,-2023.0,2357.0
1469.0,-658.0,-674.0,2217.0,,340.0,15.0,64.0,-2379.0,2281.0
1426.0,1422.0,-434.0,2364.0,,215.0,131.0,7.0,-2084.0,2085.0
1313.0,3317.0,-274.0,2522.0,,147.0,331.0,64.0,-1722.0,1933.0
1191.0,4000.0,-23.0,2452.0,,-3.0,487.0,-127.0,-2095.0,1789.0
1216.0,3903.0,231.0,2350.0,,-205.0,515.0,-212.0,-2340.0,1668.0
1161.0,3884.0,383.0,2395.0,,-187.0,483.0,-264.0,-2943.0,1557.0
1148.0,4509.0,636.0,2428.0,,-156.0,400.0,-356.0,-2655.0,1480.0
1065.0,3938.0,816.0,2288.0,,-43.0,252.0,-256.0,-2393.0,1407.0
1053.0,2797.0,1010.0,2152.0,,132.0,171.0,-297.0,-2386.0,1322.0
1015.0,2671.0,1107.0,2047.0,,-81.0,146.0,-162.0,-2917.0,1217.0
1006.0,3262.0,1234.0,1736.0,,-73.0,74.0,-155.0,-3283.0,1016.0
975.0,3438.0,1387.0,1190.0,,358.0,49.0,-168.0,-3010.0,820.0
854.0,3211.0,1443.0,610.0,,146.0,31.0,-129.0,-2648.0,654.0
766.0,3031.0,1589.0,122.0,,-409.0,15.0,-105.0,-2239.0,490.0
744.0,1780.0,1633.0,-149.0,,-211.0,-36.0,129.0,-2574.0,392.0
786.0,580.0,1775.0,-291.0,,275.0,-155.0,199.0,-1810.0,353.0
601.0,-439.0,1864.0,-469.0,,281.0,-275.0,393.0,-1516.0,318.0
446.0,-1416.0,1920.0,-678.0,,81.0,-426.0,426.0,-1513.0,300.0
351.0,-2133.0,2091.0,-853.0,,13.0,-588.0,437.0,-664.0,350.0
247.0,-2772.0,2122.0,-913.0,,29.0,-637.0,574.0,-827.0,418.0
115.0,-2297.0,2246.0,-924.0,,29.0,-489.0,469.0,-748.0,362.0
-22.0,-1185.0,2320.0,-831.0,,155.0,-405.0,570.0,-333.0,310.0
-17.0,-606.0,2353.0,-655.0,,196.0,-346.0,474.0,-70.0,314.0
-30.0,-137.0,2433.0,-435.0,,-8.0,-183.0,349.0,-99.0,208.0
-25.0,746.0,2417.0,-342.0,,-112.0,-205.0,243.0,-58.0,-1.0
-48.0,1198.0,2443.0,-515.0,,-74.0,-307.0,62.0,35.0,-265.0
-89.0,1571.0,2462.0,-667.0,,-47.0,-366.0,129.0,271.0,-540.0
-196.0,726.0,2469.0,-734.0,,-145.0,-442.0,120.0,813.0,-816.0
-313.0,-945.0,2464.0,-883.0,,-342.0,-517.0,284.0,646.0,-1003.0
-383.0,-2059.0,2444.0,-1069.0,,-461.0,-601.0,325.0,791.0,-1109.0
-435.0,-2847.0,2417.0,-1101.0,,-316.0,-631.0,402.0,1093.0,-1191.0
-468.0,-2093.0,2417.0,-1141.0,,-127.0,-705.0,630.0,1455.0,-1177.0
-486.0,-998.0,2389.0,-1179.0,,-145.0,-776.0,750.0,1889.0,-1086.0
-449.0,202.0,2317.0,-1071.0,,-191.0,-768.0,1064.0,2098.0,-1028.0
-520.0,1319.0,2314.0,-1023.0,,-83.0,-749.0,1016.0,1912.0,-1072.0
-594.0,1936.0,2253.0,-954.0,,-125.0,-683.0,896.0,1430.0,-1081.0
-711.0,2438.0,2110.0,-775.0,,-347.0,-528.0,746.0,2094.0,-1042.0
-813.0,2193.0,1987.0,-673.0,,-56.0,-284.0,585.0,2594.0,-1009.0
-893.0,2466.0,1881.0,-667.0,,300.0,-217.0,652.0,2229.0,-931.0
-985.0,2298.0,1733.0,-687.0,,-219.0,-199.0,484.0,1717.0,-757.0
-999.0,868.0,1507.0,-754.0,,-741.0,-118.0,498.0,1905.0,-505.0
-1049.0,-510.0,1271.0,-867.0,,-380.0,-194.0,439.0,2431.0,-265.0
-1072.0,-956.0,1066.0,-1014.0,,-147.0,-367.0,347.0,2315.0,-9.0
-1124.0,-78.0,823.0,-1213.0,,-362.0,-548.0,325.0,2210.0,241.0
-1159.0,474.0,632.0,-1470.0,,-459.0,-730.0,199.0,1888.0,409.0
-1210.0,1108.0,397.0,-1699.0,,-540.0,-917.0,338.0,1659.0,521.0
-1245.0,1996.0,142.0,-1664.0,,-453.0,-965.0,360.0,2010.0,638.0
-1266.0,1928.0,-42.0,-1525.0,,-294.0,-924.0,478.0,2235.0,679.0
-1350.0,1787.0,-267.0,-1399.0,,-246.0,-856.0,543.0,1792.0,636.0
-1397.0,1541.0,-438.0,-1225.0,,-230.0,-807.0,436.0,1278.0,636.0
-1404.0,928.0,-634.0,-1121.0,,-416.0,-838.0,367.0,1008.0,673.0
-1340.0,-218.0,-746.0,-889.0,,-582.0,-916.0,230.0,1291.0,624.0
-1333.0,-1124.0,-860.0,-627.0,,-465.0,-1037.0,426.0,1950.0,523.0
-1337.0,-1205.0,-989.0,-518.0,,-196.0,-1009.0,583.0,1519.0,489.0
-1293.0,-1192.0,-1058.0,-453.0,,-110.0,-934.0,798.0,1107.0,408.0
-1184.0,-780.0,-1154.0,-319.0,,-363.0,-965.0,868.0,1534.0,228.0
-1101.0,-106.0,-1199.0,-75.0,,-392.0,-1006.0,639.0,1356.0,23.0
-1115.0,439.0,-1285.0,148.0,,-13.0,-977.0,533.0,1369.0,-178.0
-1081.0,315.0,-1306.0,225.0,,14.0,-896.0,275.0,1517.0,-447.0
-1076.0,102.0,-1297.0,206.0,,-269.0,-837.0,242.0,997.0,-707.0
-1096.0,261.0,-1312.0,224.0,,7.0,-709.0,145.0,636.0,-847.0
-1095.0,-114.0,-1356.0,145.0,,305.0,-626.0,31.0,782.0,-1032.0
-1126.0,-843.0,-1403.0,141.0,,-81.0,-598.0,118.0,759.0,-1253.0
-1110.0,-1427.0,-1456.0,178.0,,-256.0,-551.0,123.0,-47.0,-1353.0
-1056.0,-2009.0,-1579.0,128.0,,183.0,-587.0,282.0,-163.0,-1300.0
-1091.0,-2595.0,-1743.0,309.0,,400.0,-617.0,290.0,-148.0,-1208.0
-1092.0,-2578.0,-1947.0,527.0,,135.0,-668.0,325.0,62.0,-1111.0
-1045.0,-1691.0,-2153.0,616.0,,308.0,-676.0,339.0,575.0,-946.0
-1023.0,-277.0,-2405.0,659.0,,605.0,-601.0,308.0,-34.0,-802.0
-994.0,190.0,-2620.0,695.0,,194.0,-578.0,402.0,-121.0,-689.0
-947.0,392.0,-2807.0,851.0,,-233.0,-579.0,369.0,-102.0,-550.0
-934.0,858.0,-2953.0,930.0,,-202.0,-614.0,413.0,-76.0,-461.0
-944.0,428.0,-3052.0,828.0,,155.0,-663.0,299.0,353.0,-519.0
-864.0,-77.0,-3098.0,779.0,,143.0,-660.0,301.0,319.0,-642.0
-856.0,155.0,-3079.0,707.0,,-168.0,-637.0,399.0,40.0,-772.0
-833.0,1289.0,-3008.0,546.0,,-63.0,-686.0,264.0,-372.0,-1021.0
-748.0,1107.0,-2903.0,262.0,,107.0,-691.0,168.0,-98.0,-1369.0
-649.0,-181.0,-2851.0,-10.0,,133.0,-606.0,-116.0,291.0,-1662.0
-590.0,-800.0,-2761.0,-89.0,,25.0,-489.0,-267.0,-279.0,-1896.0
-603.0,-1371.0,-2626.0,-135.0,,1.0,-364.0,-399.0,-1041.0,-2104.0
-523.0,-1604.0,-2478.0,-173.0,,121.0,-333.0,-513.0,-1057.0,-2221.0
-525.0,-1091.0,-2353.0,-211.0,,-104.0,-298.0,-408.0,-812.0,-2214.0
-538.0,-158.0,-2196.0,-86.0,,-363.0,-172.0,-448.0,-481.0,-2054.0
-560.0,-25.0,-2065.0,136.0,,-126.0,-62.0,-373.0,-361.0,-1799.0
-622.0,-296.0,-1927.0,266.0,,111.0,-3.0,-421.0,-1069.0,-1470.0
-634.0,-436.0,-1771.0,363.0,,-248.0,90.0,-417.0,-1012.0,-1083.0
-649.0,-727.0,-1688.0,343.0,,-515.0,158.0,-256.0,-570.0,-749.0
-682.0,-1500.0,-1583.0,161.0,,-200.0,151.0,-194.0,-276.0,-478.0
-722.0,-3067.0,-1518.0,-159.0,,-110.0,148.0,-60.0,316.0,-257.0
-723.0,-4445.0,-1492.0,-426.0,,-526.0,68.0,-116.0,-183.0,-111.0
-764.0,-4623.0,-1476.0,-595.0,,-644.0,-109.0,-75.0,-681.0,-137.0
-763.0,-4114.0,-1445.0,-684.0,,-256.0,-273.0,-62.0,-63.0,-209.0
-692.0,-3135.0,-1431.0,-613.0,,-279.0,-431.0,-57.0,-40.0,-177.0
-600.0,-985.0,-1396.0,-451.0,,-500.0,-565.0,51.0,-483.0,-159.0
-550.0,308.0,-1359.0,-301.0,,-378.0,-651.0,-9.0,-421.0,-123.0
-496.0,-7.0,-1311.0,-241.0,,-244.0,-705.0,116.0,-737.0,-23.0
-398.0,-520.0,-1190.0,-338.0,,-137.0,-668.0,116.0,-354.0,102.0
-379.0,-679.0,-1081.0,-564.0,,-106.0,-591.0,125.0,516.0,201.0
-392.0,-1111.0,-943.0,-751.0,,-112.0,-546.0,110.0,187.0,273.0
-368.0,-1865.0,-769.0,-917.0,,-46.0,-539.0,-51.0,216.0,314.0
-367.0,-2142.0,-602.0,-1122.0,,196.0,-478.0,16.0,391.0,285.0
-405.0,-2634.0,-452.0,-1211.0,,93.0,-350.0,-49.0,283.0,253.0
-380.0,-2121.0,-263.0,-1147.0,,-156.0,-278.0,14.0,801.0,199.0
-335.0,-881.0,-80.0,-995.0,,-135.0,-169.0,77.0,717.0,83.0
-275.0,-194.0,114.0,-844.0,,-228.0,6.0,129.0,-165.0,-99.0
-223.0,355.0,281.0,-809.0,,-242.0,186.0,249.0,222.0,-348.0
-229.0,-93.0,493.0,-873.0,,-123.0,303.0,157.0,705.0,-576.0
-281.0,-830.0,694.0,-920.0,,21.0,378.0,194.0,31.0,-747.0
-247.0,-668.0,835.0,-870.0,,-360.0,457.0,72.0,156.0,-873.0
-127.0,-373.0,1018.0,-859.0,,-615.0,429.0,3.0,6.0,-928.0
-85.0,-758.0,1129.0,-931.0,,-85.0,383.0,-35.0,-476.0,-980.0
-72.0,-807.0,1273.0,-961.0,,95.0,369.0,-48.0,-39.0,-1041.0
4.0,-213.0,1410.0,-1013.0,,-332.0,356.0,151.0,152.0,-1117.0
162.0,326.0,1479.0,-1097.0,,-496.0,316.0,123.0,-343.0,-1288.0
171.0,963.0,1513.0,-1117.0,,-338.0,327.0,186.0,-793.0,-1532.0
190.0,1597.0,1571.0,-1091.0,,-641.0,405.0,125.0,-1107.0,-1797.0
306.0,2633.0,1603.0,-1085.0,,-1037.0,389.0,35.0,-945.0,-2033.0
315.0,3151.0,1594.0,-1037.0,,-1012.0,358.0,25.0,-239.0,-2259.0
325.0,2586.0,1602.0,-892.0,,-886.0,286.0,-24.0,-976.0,-2503.0
361.0,2354.0,1619.0,-728.0,,-1200.0,200.0,134.0,-1388.0,-2708.0
367.0,2052.0,1591.0,-512.0,,-1398.0,46.0,158.0,-653.0,-2850.0
346.0,855.0,1577.0,-366.0,,-1151.0,-138.0,315.0,-487.0,-2958.0
348.0,-474.0,1603.0,-314.0,,-1053.0,-192.0,360.0,-443.0,-3022.0
297.0,-1342.0,1557.0,-166.0,,-942.0,-285.0,258.0,-570.0,-3004.0
218.0,-1812.0,1624.0,-124.0,,-891.0,-397.0,147.0,-519.0,-2939.0
198.0,-1372.0,1612.0,-82.0,,-683.0,-415.0,-177.0,-670.0,-2794.0
219.0,-406.0,1589.0,124.0,,-402.0,-364.0,-203.0,-391.0,-2532.0
186.0,586.0,1643.0,259.0,,-476.0,-345.0,-267.0,-241.0,-2208.0
156.0,2232.0,1646.0,338.0,,-701.0,-308.0,-210.0,-551.0,-1842.0
221.0,3670.0,1673.0,275.0,,-628.0,-269.0,-96.0,-416.0,-1476.0
284.0,4405.0,1643.0,74.0,,-477.0,-243.0,-73.0,-844.0,-1110.0
280.0,4833.0,1658.0,-20.0,,-658.0,-113.0,90.0,-368.0,-766.0
238.0,4388.0,1633.0,-44.0,,-580.0,-23.0,-57.0,-120.0,-532.0
227.0,3790.0,1601.0,5.0,,-385.0,-12.0,-109.0,-774.0,-328.0
175.0,4131.0,1553.0,89.0,,-599.0,-86.0,-214.0,-354.0,-126.0
206.0,3987.0,1504.0,102.0,,-870.0,-171.0,-266.0,-65.0,-14.0
199.0,2982.0,1475.0,10.0,,-548.0,-200.0,-97.0,158.0,76.0
140.0,2357.0,1347.0,-214.0,,-205.0,-334.0,-101.0,446.0,208.0
171.0,1807.0,1254.0,-394.0,,-503.0,-673.0,22.0,508.0,370.0
181.0,1621.0,1166.0,-534.0,,-611.0,-1060.0,-66.0,226.0,572.0
174.0,1268.0,1063.0,-635.0,,-277.0,-1277.0,-83.0,218.0,830.0
116.0,475.0,952.0,-610.0,,-102.0,-1330.0,-18.0,425.0,1112.0
106.0,309.0,790.0,-504.0,,-301.0,-1241.0,-133.0,172.0,1337.0
62.0,-145.0,680.0,-318.0,,-243.0,-1082.0,-245.0,248.0,1480.0
40.0,-15.0,567.0,-142.0,,29.0,-998.0,-576.0,-411.0,1565.0
53.0,745.0,371.0,28.0,,-22.0,-909.0,-750.0,-399.0,1607.0
45.0,59.0,181.0,233.0,,-139.0,-766.0,-971.0,148.0,1570.0
40.0,-790.0,5.0,515.0,,-270.0,-691.0,-1079.0,-445.0,1422.0
47.0,-1016.0,-145.0,843.0,,-300.0,-634.0,-992.0,-703.0,1233.0
107.0,-1301.0,-314.0,1002.0,,-203.0,-571.0,-964.0,-445.0,1037.0
92.0,-1442.0,-474.0,1026.0,,-248.0,-520.0,-707.0,-439.0,827.0
145.0,-862.0,-535.0,1044.0,,-409.0,-472.0,-583.0,-458.0,651.0
167.0,450.0,-551.0,1103.0,,-244.0,-487.0,-354.0,27.0,535.0
141.0,1004.0,-547.0,1151.0,,4.0,-497.0,-218.0,112.0,480.0
143.0,749.0,-532.0,1121.0,,-272.0,-615.0,-219.0,-121.0,401.0
134.0,796.0,-469.0,1024.0,,-323.0,-784.0,-175.0,-150.0,327.0
173.0,1658.0,-380.0,976.0,,99.0,-749.0,-404.0,423.0,341.0
165.0,2558.0,-314.0,1019.0,,312.0,-678.0,-493.0,1060.0,335.0
161.0,2874.0,-262.0,972.0,,73.0,-584.0,-702.0,838.0,316.0
149.0,3604.0,-157.0,837.0,,-13.0,-403.0,-923.0,273.0,323.0
186.0,3708.0,-33.0,629.0,,133.0,-200.0,-1077.0,406.0,340.0
197.0,2564.0,35.0,331.0,,-154.0,-59.0,-1212.0,884.0,315.0
154.0,1217.0,145.0,79.0,,-335.0,-109.0,-1067.0,431.0,263.0
125.0,-498.0,275.0,-26.0,,-135.0,-152.0,-1027.0,173.0,249.0
84.0,-2183.0,389.0,-31.0,,-14.0,-116.0,-849.0,147.0,205.0
41.0,-2624.0,466.0,-59.0,,-182.0,-90.0,-668.0,-250.0,72.0
-57.0,-2870.0,525.0,-31.0,,-178.0,-58.0,-456.0,-206.0,-89.0
-26.0,-3418.0,582.0,14.0,,37.0,7.0,-242.0,19.0,-227.0
32.0,-2924.0,627.0,-39.0,,-114.0,211.0,-267.0,-290.0,-401.0
42.0,-2013.0,660.0,-16.0,,-362.0,397.0,-181.0,-753.0,-588.0
63.0,-1043.0,664.0,27.0,,-440.0,390.0,-327.0,-689.0,-657.0
72.0,-648.0,732.0,-61.0,,-413.0,335.0,-419.0,256.0,-570.0
92.0,-1512.0,748.0,-176.0,,-355.0,237.0,-482.0,526.0,-416.0
60.0,-2667.0,738.0,-208.0,,-222.0,60.0,-672.0,-300.0,-195.0
100.0,-3264.0,761.0,-258.0,,-265.0,-37.0,-707.0,-398.0,113.0
161.0,-3299.0,728.0,-340.0,,-377.0,-109.0,-848.0,-255.0,370.0
216.0,-2933.0,718.0,-344.0,,-317.0,-127.0,-794.0,-80.0,542.0
267.0,-1921.0,715.0,-494.0,,-501.0,-28.0,-748.0,412.0,713.0
284.0,-932.0,682.0,-750.0,,-502.0,22.0,-628.0,471.0,869.0
254.0,-436.0,669.0,-833.0,,-101.0,-35.0,-458.0,-27.0,930.0
169.0,58.0,667.0,-923.0,,-89.0,-141.0,-423.0,93.0,933.0
165.0,528.0,661.0,-1065.0,,-354.0,-148.0,-186.0,892.0,969.0
166.0,858.0,660.0,-1094.0,,-132.0,-111.0,-134.0,1213.0,960.0
183.0,1057.0,638.0,-1141.0,,133.0,-69.0,-12.0,578.0,893.0
206.0,1132.0,674.0,-1096.0,,-87.0,-18.0,64.0,-141.0,864.0
210.0,1583.0,669.0,-858.0,,-219.0,122.0,20.0,455.0,858.0
212.0,1667.0,630.0,-599.0,,32.0,355.0,-12.0,1230.0,785.0
217.0,1160.0,640.0,-418.0,,162.0,484.0,-273.0,1112.0,700.0
181.0,399.0,626.0,-256.0,,-31.0,626.0,-343.0,640.0,672.0
100.0,-702.0,618.0,-114.0,,-125.0,745.0,-461.0,831.0,636.0
67.0,-1626.0,543.0,-138.0,,-121.0,824.0,-463.0,1078.0,659.0
52.0,-2225.0,452.0,-121.0,,-111.0,917.0,-275.0,1127.0,732.0
127.0,-2242.0,362.0,-65.0,,-81.0,930.0,-155.0,1669.0,800.0
224.0,-1980.0,194.0,-94.0,,-86.0,879.0,149.0,1170.0,863.0
318.0,-1548.0,20.0,-280.0,,-38.0,849.0,432.0,221.0,876.0
404.0,-1419.0,-120.0,-541.0,,-25.0,815.0,739.0,-165.0,913.0
461.0,-1431.0,-308.0,-602.0,,-88.0,666.0,870.0,180.0,924.0
535.0,-1327.0,-455.0,-522.0,,-256.0,592.0,892.0,452.0,879.0
595.0,-1262.0,-609.0,-404.0,,-303.0,549.0,807.0,-761.0,840.0
685.0,-1130.0,-765.0,-324.0,,-110.0,426.0,404.0,-1773.0,771.0
719.0,-1407.0,-806.0,-378.0,,-61.0,311.0,147.0,-1587.0,691.0
692.0,-1409.0,-912.0,-507.0,,-53.0,236.0,-99.0,-1226.0,606.0
670.0,-1579.0,-985.0,-498.0,,43.0,200.0,-96.0,-1180.0,518.0
673.0,-1328.0,-995.0,-411.0,,-109.0,164.0,29.0,-1265.0,384.0
653.0,-275.0,-1039.0,-300.0,,-307.0,250.0,51.0,-1880.0,236.0
579.0,867.0,-1040.0,-147.0,,-46.0,361.0,264.0,-1769.0,74.0
509.0,1649.0,-1074.0,-107.0,,266.0,429.0,267.0,-479.0,-108.0
427.0,2066.0,-1075.0,-169.0,,22.0,518.0,476.0,50.0,-258.0
352.0,2863.0,-1027.0,-182.0,,-147.0,512.0,683.0,-176.0,-467.0
275.0,2622.0,-1058.0,56.0,,148.0,467.0,727.0,-1071.0,-630.0
232.0,2344.0,-1058.0,384.0,,288.0,395.0,844.0,-935.0,-707.0
240.0,2041.0,-1049.0,600.0,,123.0,312.0,724.0,423.0,-712.0
270.0,1093.0,-1062.0,817.0,,-18.0,363.0,715.0,-101.0,-631.0
305.0,521.0,-1063.0,970.0,,129.0,491.0,533.0,-909.0,-517.0
324.0,219.0,-1143.0,1035.0,,186.0,643.0,476.0,-786.0,-295.0
408.0,568.0,-1197.0,1024.0,,83.0,747.0,528.0,-731.0,-30.0
498.0,538.0,-1242.0,976.0,,204.0,895.0,443.0,-170.0,200.0
559.0,638.0,-1344.0,963.0,,281.0,1147.0,493.0,261.0,422.0
602.0,783.0,-1466.0,883.0,,427.0,1282.0,432.0,-88.0,677.0
648.0,808.0,-1564.0,895.0,,666.0,1319.0,617.0,-600.0,870.0
686.0,1263.0,-1602.0,1013.0,,756.0,1265.0,683.0,-239.0,943.0
692.0,950.0,-1677.0,1156.0,,830.0,1271.0,742.0,433.0,1002.0
755.0,921.0,-1761.0,1261.0,,941.0,1277.0,879.0,722.0,1048.0
805.0,857.0,-1815.0,1217.0,,957.0,1128.0,868.0,24.0,1080.0
850.0,402.0,-1860.0,1167.0,,798.0,952.0,995.0,-1012.0,1101.0
912.0,69.0,-1902.0,1121.0,,870.0,828.0,859.0,-569.0,1116.0
920.0,-815.0,-1962.0,1077.0,,899.0,880.0,755.0,219.0,1077.0
861.0,-1409.0,-2012.0,1103.0,,678.0,961.0,583.0,-279.0,993.0
841.0,-2054.0,-2040.0,1182.0,,857.0,1030.0,358.0,-1059.0,943.0
809.0,-2720.0,-2096.0,1194.0,,939.0,1025.0,314.0,-873.0,912.0
682.0,-3135.0,-2149.0,1176.0,,544.0,1062.0,286.0,-1049.0,826.0
595.0,-3312.0,-2128.0,1155.0,,443.0,1196.0,456.0,-834.0,720.0
527.0,-2419.0,-2081.0,1051.0,,821.0,1260.0,447.0,-207.0,569.0
460.0,-933.0,-2033.0,859.0,,782.0,1251.0,469.0,-811.0,226.0
358.0,-68.0,-1942.0,641.0,,212.0,1096.0,456.0,-1390.0,-190.0
312.0,105.0,-1828.0,515.0,,166.0,995.0,279.0,-898.0,-555.0
264.0,753.0,-1668.0,469.0,,452.0,800.0,195.0,70.0,-924.0
167.0,1489.0,-1447.0,470.0,,352.0,569.0,49.0,385.0,-1314.0
142.0,1818.0,-1282.0,437.0,,131.0,434.0,107.0,337.0,-1645.0
175.0,1757.0,-1124.0,381.0,,191.0,261.0,162.0,-155.0,-1888.0
222.0,1558.0,-886.0,324.0,,341.0,258.0,234.0,-13.0,-2135.0
215.0,1605.0,-766.0,304.0,,356.0,343.0,312.0,897.0,-2379.0
209.0,1094.0,-644.0,197.0,,300.0,494.0,277.0,495.0,-2554.0
124.0,592.0,-453.0,-58.0,,209.0,737.0,393.0,-6.0,-2656.0
106.0,481.0,-325.0,-304.0,,246.0,983.0,356.0,-2.0,-2765.0
112.0,-164.0,-144.0,-522.0,,279.0,1139.0,454.0,101.0,-2821.0
70.0,-369.0,-40.0,-712.0,,210.0,1131.0,484.0,465.0,-2742.0
139.0,-671.0,123.0,-837.0,,140.0,1004.0,356.0,394.0,-2620.0
177.0,-1157.0,332.0,-804.0,,270.0,853.0,351.0,-27.0,-2447.0
156.0,-628.0,459.0,-695.0,,411.0,728.0,97.0,-482.0,-2169.0
59.0,-898.0,627.0,-608.0,,276.0,525.0,16.0,-255.0,-1831.0
-6.0,-1025.0,726.0,-574.0,,461.0,332.0,-5.0,262.0,-1482.0
-57.0,-887.0,844.0,-477.0,,675.0,247.0,25.0,-221.0,-1130.0
-86.0,-916.0,902.0,-338.0,,476.0,225.0,144.0,-948.0,-785.0
-126.0,-611.0,906.0,-321.0,,347.0,249.0,107.0,-852.0,-480.0
-248.0,-871.0,968.0,-375.0,,578.0,311.0,158.0,-461.0,-244.0
-239.0,-1416.0,1002.0,-477.0,,711.0,448.0,48.0,-246.0,-57.0
-209.0,-2336.0,1059.0,-501.0,,320.0,573.0,57.0,91.0,48.0
-290.0,-1533.0,1043.0,-536.0,,259.0,664.0,18.0,-542.0,18.0
-413.0,-522.0,1094.0,-627.0,,489.0,704.0,-92.0,-1153.0,-41.0
-445.0,-250.0,1203.0,-622.0,,330.0,565.0,1.0,-542.0,-52.0
-452.0,1001.0,1199.0,-613.0,,164.0,475.0,-9.0,-95.0,-36.0
-518.0,1846.0,1286.0,-658.0,,262.0,408.0,158.0,13.0,17.0
-513.0,2660.0,1354.0,-827.0,,392.0,288.0,236.0,-422.0,115.0
-400.0,3560.0,1428.0,-1093.0,,331.0,257.0,319.0,-337.0,277.0
-282.0,4583.0,1491.0,-1162.0,,365.0,140.0,317.0,215.0,505.0
-223.0,4813.0,1461.0,-1045.0,,469.0,152.0,144.0,299.0,751.0
-172.0,4473.0,1506.0,-785.0,,567.0,179.0,221.0,454.0,1025.0
-140.0,3230.0,1484.0,-363.0,,615.0,158.0,138.0,0.0,1292.0
-77.0,1703.0,1436.0,-51.0,,369.0,243.0,177.0,-415.0,1495.0
-13.0,1596.0,1386.0,123.0,,354.0,186.0,83.0,-441.0,1704.0
-28.0,1291.0,1251.0,254.0,,606.0,204.0,-99.0,-452.0,1931.0
-10.0,1576.0,1202.0,328.0,,591.0,171.0,-107.0,-138.0,2092.0
36.0,1404.0,1096.0,401.0,,314.0,31.0,-351.0,-415.0,2203.0
77.0,1036.0,990.0,356.0,,285.0,-15.0,-424.0,-996.0,2342.0
124.0,718.0,939.0,156.0,,593.0,-4.0,-526.0,-827.0,2473.0
165.0,-207.0,828.0,-65.0,,461.0,-46.0,-456.0,-236.0,2584.0
167.0,-635.0,820.0,-302.0,,178.0,-209.0,-330.0,-72.0,2726.0
120.0,-1217.0,738.0,-587.0,,417.0,-322.0,-236.0,-386.0,2825.0
103.0,-1430.0,667.0,-906.0,,542.0,-387.0,60.0,-258.0,2861.0
67.0,-1594.0,614.0,-1091.0,,235.0,-306.0,192.0,24.0,2858.0
-5.0,-1217.0,502.0,-1201.0,,200.0,-219.0,537.0,268.0,2850.0
-85.0,-1075.0,347.0,-1281.0,,467.0,-207.0,726.0,533.0,2792.0
-157.0,-1168.0,191.0,-1221.0,,580.0,-168.0,829.0,341.0,2615.0
-202.0,-999.0,72.0,-1041.0,,415.0,-196.0,894.0,458.0,2514.0
-274.0,-1597.0,-116.0,-791.0,,310.0,-252.0,618.0,348.0,2447.0
-388.0,-1803.0,-260.0,-655.0,,580.0,-363.0,493.0,528.0,2319.0
-506.0,-1616.0,-421.0,-534.0,,702.0,-568.0,223.0,888.0,2233.0
-526.0,-1141.0,-529.0,-397.0,,709.0,-721.0,29.0,150.0,2087.0
-543.0,-942.0,-626.0,-416.0,,639.0,-729.0,-129.0,180.0,1894.0
-596.0,-1135.0,-748.0,-511.0,,481.0,-757.0,-254.0,614.0,1705.0
-661.0,-1624.0,-778.0,-636.0,,569.0,-830.0,-123.0,958.0,1484.0
-675.0,-2082.0,-816.0,-836.0,,532.0,-831.0,-68.0,873.0,1278.0
-602.0,-2064.0,-850.0,-938.0,,373.0,-795.0,171.0,714.0,1064.0
-627.0,-1880.0,-834.0,-977.0,,434.0,-813.0,254.0,1085.0,793.0
-737.0,-1244.0,-881.0,-1044.0,,581.0,-907.0,284.0,686.0,547.0
-813.0,-819.0,-885.0,-861.0,,463.0,-955.0,301.0,619.0,335.0
-732.0,-463.0,-905.0,-591.0,,415.0,-843.0,199.0,865.0,128.0
-723.0,-331.0,-966.0,-429.0,,598.0,-723.0,351.0,765.0,-54.0
-773.0,-504.0,-988.0,-355.0,,540.0,-626.0,352.0,308.0,-205.0
-716.0,-532.0,-1055.0,-328.0,,394.0,-611.0,487.0,101.0,-321.0
-630.0,-207.0,-1065.0,-203.0,,578.0,-734.0,552.0,372.0,-456.0
-536.0,131.0,-1153.0,-121.0,,802.0,-793.0,533.0,530.0,-559.0
-493.0,96.0,-1207.0,-182.0,,565.0,-847.0,589.0,454.0,-631.0
-423.0,-165.0,-1219.0,-235.0,,429.0,-848.0,351.0,196.0,-673.0
-334.0,-597.0,-1278.0,-100.0,,614.0,-771.0,277.0,750.0,-674.0
-131.0,-551.0,-1280.0,203.0,,498.0,-679.0,64.0,1312.0,-639.0
-22.0,-726.0,-1257.0,320.0,,143.0,-590.0,-27.0,1150.0,-589.0
-8.0,-704.0,-1231.0,332.0,,83.0,-617.0,14.0,1198.0,-581.0
111.0,-850.0,-1185.0,366.0,,219.0,-598.0,-7.0,1192.0,-518.0
273.0,-826.0,-1097.0,167.0,,129.0,-537.0,171.0,655.0,-496.0
399.0,-318.0,-1046.0,-10.0,,-6.0,-519.0,182.0,970.0,-561.0
393.0,-907.0,-928.0,-128.0,,-98.0,-494.0,413.0,1630.0,-580.0
412.0,-1176.0,-833.0,-211.0,,-48.0,-543.0,583.0,1034.0,-614.0
398.0,-1119.0,-798.0,-228.0,,79.0,-542.0,809.0,397.0,-793.0
384.0,-1003.0,-678.0,-332.0,,82.0,-557.0,1110.0,610.0,-1017.0
348.0,-665.0,-592.0,-390.0,,56.0,-659.0,1032.0,1032.0,-1108.0
276.0,-174.0,-521.0,-435.0,,117.0,-668.0,1093.0,788.0,-1197.0
275.0,-226.0,-424.0,-383.0,,139.0,-753.0,942.0,182.0,-1309.0
306.0,-285.0,-379.0,-140.0,,-176.0,-825.0,814.0,-51.0,-1335.0
262.0,-423.0,-270.0,44.0,,-271.0,-811.0,670.0,-56.0,-1268.0
117.0,-1710.0,-122.0,77.0,,-133.0,-822.0,378.0,-325.0,-1242.0
66.0,-2171.0,-43.0,230.0,,-325.0,-791.0,336.0,-149.0,-1313.0
19.0,-2828.0,79.0,456.0,,-544.0,-828.0,127.0,-25.0,-1318.0
-81.0,-3064.0,170.0,534.0,,-506.0,-765.0,101.0,-931.0,-1347.0
-187.0,-2143.0,239.0,669.0,,-377.0,-663.0,145.0,-825.0,-1478.0
-287.0,-1404.0,343.0,775.0,,-582.0,-724.0,273.0,-247.0,-1575.0
-379.0,-616.0,365.0,723.0,,-872.0,-624.0,458.0,-400.0,-1565.0
-388.0,-313.0,437.0,621.0,,-932.0,-459.0,506.0,-874.0,-1570.0
-395.0,-507.0,496.0,530.0,,-1028.0,-420.0,803.0,-1172.0,-1578.0
-416.0,-615.0,470.0,600.0,,-1153.0,-368.0,875.0,-851.0,-1425.0
-345.0,-352.0,516.0,700.0,,-1165.0,-294.0,971.0,-658.0,-1273.0
-284.0,-241.0,533.0,780.0,,-1067.0,-138.0,916.0,-499.0,-1156.0
-255.0,-433.0,530.0,876.0,,-1139.0,25.0,609.0,-766.0,-939.0
-221.0,-1098.0,513.0,975.0,,-1327.0,68.0,404.0,-936.0,-653.0
-153.0,-1237.0,439.0,1234.0,,-1351.0,156.0,14.0,-780.0,-315.0
-163.0,-352.0,427.0,1538.0,,-1303.0,289.0,-103.0,-343.0,60.0
-169.0,811.0,427.0,1736.0,,-1183.0,448.0,-195.0,48.0,470.0
-129.0,1917.0,363.0,1770.0,,-1252.0,694.0,-166.0,-231.0,864.0
-89.0,2983.0,315.0,1672.0,,-1544.0,891.0,-131.0,-363.0,1203.0
-79.0,3480.0,302.0,1599.0,,-1705.0,1045.0,-188.0,-344.0,1523.0
-56.0,2730.0,251.0,1647.0,,-1721.0,1128.0,103.0,57.0,1814.0
54.0,2276.0,213.0,1712.0,,-1823.0,1131.0,173.0,-152.0,2080.0
156.0,1503.0,164.0,1780.0,,-1994.0,1072.0,360.0,-454.0,2347.0
277.0,692.0,98.0,1813.0,,-1930.0,1011.0,517.0,-768.0,2542.0
376.0,643.0,64.0,1662.0,,-1887.0,981.0,495.0,-857.0,2669.0
538.0,414.0,-23.0,1486.0,,-1882.0,875.0,493.0,-342.0,2723.0
756.0,586.0,-90.0,1331.0,,-1809.0,818.0,299.0,-758.0,2657.0
875.0,1431.0,-105.0,1193.0,,-1822.0,724.0,184.0,-923.0,2575.0
900.0,2548.0,-117.0,1109.0,,-2052.0,623.0,-127.0,-1368.0,2496.0
945.0,3105.0,-131.0,887.0,,-2117.0,594.0,-373.0,-1399.0,2409.0
1055.0,3521.0,-136.0,621.0,,-1807.0,573.0,-613.0,-740.0,2290.0
1129.0,3482.0,-102.0,600.0,,-1910.0,651.0,-809.0,-731.0,2172.0
1106.0,2856.0,-63.0,608.0,,-2141.0,730.0,-648.0,-975.0,2077.0
1108.0,1549.0,-38.0,630.0,,-2105.0,802.0,-628.0,-1445.0,1952.0
1171.0,-143.0,-22.0,757.0,,-2021.0,920.0,-473.0,-1084.0,1870.0
1199.0,-1352.0,40.0,759.0,,-2032.0,981.0,-443.0,-566.0,1785.0
1157.0,-2289.0,96.0,668.0,,-2024.0,1074.0,-471.0,-696.0,1715.0
1024.0,-2423.0,130.0,497.0,,-1842.0,1235.0,-402.0,-747.0,1686.0
925.0,-2818.0,188.0,342.0,,-1817.0,1288.0,-519.0,-707.0,1644.0
808.0,-2262.0,240.0,318.0,,-1666.0,1358.0,-400.0,-746.0,1616.0
661.0,-225.0,312.0,368.0,,-1412.0,1508.0,-391.0,-677.0,1610.0
414.0,1244.0,324.0,401.0,,-1376.0,1712.0,-284.0,-452.0,1604.0
162.0,2191.0,355.0,414.0,,-1449.0,1926.0,-177.0,-598.0,1515.0
84.0,3172.0,423.0,373.0,,-1458.0,2028.0,-247.0,-843.0,1358.0
-12.0,4304.0,429.0,141.0,,-1548.0,2073.0,-218.0,-544.0,1148.0
-222.0,4329.0,438.0,-159.0,,-1678.0,2086.0,-448.0,-335.0,924.0
-382.0,3380.0,397.0,-488.0,,-1442.0,2074.0,-467.0,-220.0,700.0
-426.0,2744.0,412.0,-896.0,,-1364.0,1989.0,-565.0,-218.0,438.0
-543.0,1946.0,452.0,-1299.0,,-1546.0,1900.0,-740.0,-335.0,149.0
-632.0,1041.0,437.0,-1704.0,,-1400.0,1796.0,-707.0,-220.0,-205.0
-751.0,1412.0,463.0,-2079.0,,-1053.0,1637.0,-668.0,-287.0,-527.0
-864.0,2006.0,513.0,-2357.0,,-1088.0,1537.0,-389.0,-229.0,-747.0
-909.0,1987.0,553.0,-2530.0,,-1141.0,1488.0,-286.0,-438.0,-938.0
-962.0,2249.0,573.0,-2513.0,,-674.0,1395.0,-169.0,-168.0,-1081.0
-1011.0,1858.0,583.0,-2488.0,,-592.0,1337.0,-266.0,-287.0,-1127.0
-1078.0,1110.0,561.0,-2531.0,,-907.0,1447.0,-628.0,-523.0,-1038.0
-1030.0,1046.0,575.0,-2636.0,,-934.0,1511.0,-929.0,830.0,-914.0
-956.0,1024.0,523.0,-2817.0,,-853.0,1488.0,-1330.0,677.0,-904.0
-887.0,1782.0,441.0,-2993.0,,-870.0,1471.0,-1393.0,69.0,-914.0
-849.0,2641.0,367.0,-3258.0,,-832.0,1460.0,-1372.0,290.0,-961.0
-790.0,2179.0,255.0,-3390.0,,-569.0,1450.0,-1182.0,629.0,-1082.0
-701.0,1797.0,130.0,-3300.0,,-388.0,1382.0,-870.0,1216.0,-1216.0
-602.0,1386.0,46.0,-3044.0,,-499.0,1363.0,-609.0,646.0,-1349.0
-536.0,97.0,37.0,-2749.0,,-630.0,1351.0,-249.0,266.0,-1440.0
-551.0,-1533.0,29.0,-2673.0,,-471.0,1289.0,-86.0,628.0,-1567.0
-458.0,-2565.0,81.0,-2768.0,,-196.0,1251.0,110.0,840.0,-1618.0
-343.0,-3193.0,102.0,-2796.0,,5.0,1184.0,53.0,738.0,-1560.0
-294.0,-2917.0,201.0,-2590.0,,43.0,1140.0,-77.0,756.0,-1492.0
-285.0,-2439.0,306.0,-2150.0,,133.0,1159.0,-99.0,555.0,-1296.0
-227.0,-3344.0,361.0,-1622.0,,375.0,1178.0,-352.0,-269.0,-1002.0
-172.0,-3757.0,433.0,-1192.0,,377.0,1192.0,-480.0,327.0,-755.0
-224.0,-3476.0,453.0,-866.0,,425.0,1187.0,-776.0,849.0,-523.0
-309.0,-2455.0,498.0,-682.0,,661.0,1203.0,-1019.0,96.0,-241.0
-354.0,-922.0,463.0,-588.0,,853.0,1271.0,-1156.0,108.0,-49.0
-395.0,96.0,408.0,-415.0,,519.0,1262.0,-1265.0,118.0,13.0
-448.0,869.0,390.0,-230.0,,232.0,1198.0,-1097.0,124.0,23.0
-556.0,1245.0,363.0,-104.0,,615.0,1056.0,-1091.0,630.0,-36.0
-732.0,1347.0,298.0,229.0,,718.0,788.0,-979.0,901.0,-197.0
-869.0,96.0,268.0,698.0,,623.0,638.0,-1008.0,662.0,-355.0
-1006.0,-1271.0,245.0,1048.0,,572.0,503.0,-1106.0,469.0,-487.0
-1201.0,-949.0,214.0,1385.0,,646.0,395.0,-1062.0,719.0,-682.0
-1394.0,-912.0,147.0,1730.0,,708.0,348.0,-1202.0,924.0,-892.0
-1500.0,-538.0,60.0,2018.0,,565.0,246.0,-1127.0,869.0,-1027.0
-1568.0,324.0,37.0,2086.0,,454.0,238.0,-1090.0,-14.0,-1090.0
-1553.0,-190.0,-38.0,1982.0,,493.0,172.0,-1067.0,-338.0,-1160.0
-1496.0,-1020.0,-77.0,1897.0,,764.0,136.0,-1103.0,143.0,-1113.0
-1445.0,-2558.0,-145.0,1866.0,,771.0,104.0,-1189.0,-34.0,-1032.0
-1366.0,-3943.0,-199.0,1955.0,,494.0,43.0,-1175.0,-126.0,-938.0
-1324.0,-4214.0,-222.0,2104.0,,315.0,117.0,-1267.0,-151.0,-761.0
-1268.0,-4370.0,-320.0,2018.0,,607.0,161.0,-1160.0,-297.0,-621.0
-1222.0,-3718.0,-406.0,1800.0,,797.0,266.0,-1165.0,-271.0,-433.0
-1176.0,-2601.0,-457.0,1702.0,,546.0,393.0,-1066.0,215.0,-294.0
-1073.0,-1012.0,-539.0,1535.0,,444.0,503.0,-764.0,923.0,-177.0
-933.0,-312.0,-605.0,1422.0,,457.0,511.0,-515.0,789.0,-29.0
-831.0,-305.0,-661.0,1518.0,,554.0,405.0,-171.0,443.0,44.0
-681.0,360.0,-749.0,1615.0,,520.0,336.0,-105.0,968.0,74.0
-502.0,-254.0,-757.0,1654.0,,260.0,206.0,-33.0,1666.0,159.0
-401.0,-1337.0,-825.0,1618.0,,-195.0,77.0,-66.0,1540.0,291.0
-334.0,-1854.0,-861.0,1574.0,,-162.0,-9.0,-195.0,1109.0,287.0
-290.0,-1575.0,-824.0,1688.0,,356.0,-110.0,-221.0,1180.0,210.0
-251.0,-792.0,-780.0,1823.0,,308.0,-278.0,-413.0,1311.0,92.0
-150.0,-954.0,-711.0,2039.0,,-141.0,-390.0,-489.0,1774.0,-119.0
-27.0,-1348.0,-708.0,2341.0,,-225.0,-549.0,-663.0,2219.0,-382.0
-31.0,-1613.0,-670.0,2470.0,,75.0,-855.0,-731.0,1722.0,-645.0
-20.0,-969.0,-626.0,2596.0,,8.0,-1117.0,-709.0,1272.0,-793.0
21.0,809.0,-611.0,2795.0,,-142.0,-1361.0,-733.0,1008.0,-831.0
-4.0,2251.0,-636.0,2851.0,,-193.0,-1566.0,-576.0,1269.0,-779.0
-34.0,2703.0,-660.0,2705.0,,-242.0,-1748.0,-580.0,1358.0,-626.0
-26.0,2974.0,-685.0,2554.0,,28.0,-1883.0,-461.0,462.0,-506.0
-5.0,3627.0,-716.0,2337.0,,39.0,-1926.0,-471.0,204.0,-504.0
4.0,2916.0,-729.0,1849.0,,-241.0,-1983.0,-524.0,451.0,-489.0
96.0,1269.0,-764.0,1248.0,,-248.0,-2013.0,-412.0,862.0,-420.0
187.0,-581.0,-723.0,681.0,,26.0,-1929.0,-474.0,746.0,-372.0
225.0,-2413.0,-734.0,183.0,,-18.0,-1876.0,-447.0,165.0,-385.0
288.0,-2064.0,-744.0,-143.0,,-442.0,-1737.0,-591.0,537.0,-411.0
326.0,-822.0,-636.0,-369.0,,-534.0,-1548.0,-570.0,572.0,-422.0
361.0,474.0,-562.0,-545.0,,-210.0,-1483.0,-415.0,472.0,-520.0
421.0,2541.0,-490.0,-585.0,,-137.0,-1375.0,-290.0,841.0,-600.0
460.0,4118.0,-412.0,-579.0,,-440.0,-1249.0,72.0,259.0,-643.0
467.0,4496.0,-349.0,-528.0,,-459.0,-1118.0,299.0,-45.0,-791.0
481.0,2292.0,-277.0,-499.0,,-406.0,-1037.0,613.0,463.0,-954.0
457.0,227.0,-204.0,-513.0,,-457.0,-1034.0,744.0,683.0,-1033.0
342.0,693.0,-131.0,-535.0,,-492.0,-1058.0,803.0,370.0,-1058.0
261.0,547.0,-49.0,-557.0,,-732.0,-1096.0,875.0,-343.0,-1162.0
255.0,82.0,18.0,-562.0,,-769.0,-1192.0,709.0,-636.0,-1145.0
242.0,-169.0,91.0,-584.0,,-459.0,-1301.0,598.0,-683.0,-922.0
220.0,-573.0,158.0,-643.0,,-294.0,-1338.0,282.0,-723.0,-773.0
252.0,-587.0,232.0,-845.0,,-506.0,-1357.0,173.0,-844.0,-670.0
249.0,-1064.0,311.0,-1033.0,,-644.0,-1298.0,168.0,-1160.0,-527.0
192.0,-1515.0,350.0,-1221.0,,-455.0,-1386.0,182.0,-1534.0,-456.0
177.0,-961.0,397.0,-1495.0,,-294.0,-1574.0,402.0,-1487.0,-559.0
212.0,423.0,460.0,-1664.0,,-398.0,-1685.0,443.0,-1070.0,-728.0
254.0,2124.0,561.0,-1622.0,,-607.0,-1802.0,646.0,-1102.0,-977.0
266.0,2504.0,597.0,-1512.0,,-533.0,-1876.0,731.0,-1236.0,-1326.0
340.0,1894.0,641.0,-1518.0,,-219.0,-2000.0,801.0,-1454.0,-1659.0
403.0,1947.0,712.0,-1530.0,,64.0,-2065.0,936.0,-1313.0,-1923.0
398.0,805.0,737.0,-1480.0,,52.0,-2022.0,1008.0,-607.0,-2131.0
367.0,-397.0,771.0,-1391.0,,-70.0,-2070.0,1230.0,-484.0,-2405.0
344.0,-458.0,760.0,-1291.0,,14.0,-2088.0,1276.0,-553.0,-2559.0
323.0,-1051.0,756.0,-1248.0,,128.0,-2018.0,1430.0,-130.0,-2540.0
259.0,-259.0,742.0,-1248.0,,239.0,-2050.0,1382.0,43.0,-2558.0
265.0,913.0,701.0,-1405.0,,326.0,-1991.0,1210.0,145.0,-2553.0
281.0,697.0,659.0,-1719.0,,288.0,-1815.0,1108.0,339.0,-2414.0
213.0,582.0,613.0,-2006.0,,113.0,-1755.0,842.0,319.0,-2208.0
147.0,-360.0,571.0,-2172.0,,142.0,-1654.0,759.0,-26.0,-2015.0
80.0,-1619.0,499.0,-2197.0,,324.0,-1481.0,585.0,-56.0,-1815.0
-5.0,-2114.0,438.0,-2087.0,,346.0,-1329.0,624.0,533.0,-1629.0
-62.0,-2942.0,399.0,-1886.0,,410.0,-1327.0,796.0,245.0,-1451.0
-99.0,-4071.0,356.0,-1657.0,,471.0,-1396.0,1001.0,-141.0,-1336.0
-122.0,-4099.0,312.0,-1350.0,,377.0,-1408.0,1374.0,-442.0,-1232.0
-154.0,-2442.0,258.0,-1077.0,,47.0,-1372.0,1476.0,-516.0,-1084.0
-201.0,-1905.0,223.0,-852.0,,-111.0,-1295.0,1668.0,-257.0,-1009.0
-302.0,-1431.0,210.0,-550.0,,225.0,-1273.0,1703.0,-807.0,-939.0
-354.0,82.0,149.0,-210.0,,315.0,-1156.0,1605.0,-915.0,-751.0
-413.0,114.0,96.0,93.0,,114.0,-975.0,1542.0,-1048.0,-585.0
-515.0,130.0,82.0,439.0,,311.0,-771.0,1426.0,-1041.0,-546.0
-490.0,86.0,33.0,775.0,,553.0,-557.0,1509.0,-429.0,-439.0
-543.0,-258.0,0.0,942.0,,482.0,-495.0,1437.0,-347.0,-284.0
-591.0,-294.0,-34.0,1076.0,,570.0,-559.0,1409.0,-767.0,-224.0
-556.0,38.0,-68.0,1145.0,,871.0,-635.0,1285.0,-1146.0,-187.0
-558.0,1753.0,-74.0,1222.0,,907.0,-727.0,1097.0,-824.0,-94.0
-582.0,3389.0,-111.0,1207.0,,929.0,-761.0,1066.0,-259.0,26.0
-570.0,3043.0,-179.0,1175.0,,1031.0,-665.0,857.0,97.0,127.0
-521.0,1658.0,-225.0,1342.0,,849.0,-564.0,731.0,-142.0,310.0
-509.0,235.0,-207.0,1435.0,,711.0,-378.0,467.0,-184.0,549.0
-446.0,-1556.0,-258.0,1470.0,,920.0,-274.0,279.0,346.0,684.0
-321.0,-2355.0,-283.0,1487.0,,1284.0,-228.0,210.0,436.0,811.0
-188.0,-2547.0,-259.0,1533.0,,1211.0,-190.0,151.0,387.0,1022.0
-75.0,-2684.0,-232.0,1584.0,,1011.0,-221.0,330.0,329.0,1190.0
22.0,-2146.0,-142.0,1620.0,,1261.0,-170.0,334.0,268.0,1269.0
109.0,-1585.0,-105.0,1744.0,,1475.0,-197.0,473.0,324.0,1339.0
268.0,-823.0,-25.0,1833.0,,1385.0,-292.0,556.0,887.0,1446.0
429.0,785.0,47.0,1826.0,,1189.0,-409.0,598.0,1188.0,1536.0
524.0,2825.0,84.0,1740.0,,1253.0,-511.0,733.0,403.0,1632.0
613.0,3168.0,145.0,1584.0,,1491.0,-545.0,580.0,-80.0,1712.0
721.0,3091.0,179.0,1593.0,,1502.0,-484.0,508.0,311.0,1727.0
810.0,2937.0,260.0,1715.0,,1174.0,-394.0,334.0,539.0,1784.0
839.0,1528.0,337.0,1720.0,,1006.0,-285.0,243.0,116.0,1858.0
873.0,107.0,372.0,1698.0,,1328.0,-66.0,169.0,-278.0,1846.0
870.0,-827.0,403.0,1480.0,,1374.0,174.0,103.0,-275.0,1776.0
921.0,-979.0,493.0,1154.0,,1081.0,377.0,182.0,74.0,1760.0
917.0,-1199.0,493.0,875.0,,1032.0,458.0,46.0,166.0,1761.0
907.0,-81.0,465.0,681.0,,1104.0,541.0,64.0,-307.0,1777.0
975.0,1080.0,530.0,479.0,,1191.0,611.0,-51.0,-875.0,1780.0
1038.0,980.0,520.0,145.0,,1316.0,658.0,-92.0,-1357.0,1703.0
1072.0,1780.0,538.0,-125.0,,1405.0,655.0,0.0,-1568.0,1605.0
1108.0,2367.0,545.0,-302.0,,1307.0,493.0,-83.0,-1114.0,1497.0
1204.0,2039.0,543.0,-313.0,,1219.0,479.0,-49.0,-1103.0,1447.0
1217.0,1053.0,570.0,-305.0,,1395.0,446.0,-266.0,-1988.0,1339.0
1265.0,806.0,592.0,-391.0,,1356.0,285.0,-436.0,-1440.0,1228.0
1271.0,707.0,570.0,-421.0,,1155.0,243.0,-657.0,-438.0,1273.0
1272.0,-208.0,545.0,-197.0,,1174.0,272.0,-861.0,-488.0,1347.0
1288.0,-993.0,589.0,78.0,,1286.0,366.0,-838.0,-559.0,1313.0
1237.0,-1514.0,548.0,259.0,,1188.0,417.0,-848.0,-600.0,1301.0
1154.0,-1217.0,586.0,515.0,,1119.0,426.0,-633.0,-471.0,1432.0
1086.0,-68.0,635.0,616.0,,1506.0,473.0,-569.0,-245.0,1517.0
1133.0,919.0,683.0,574.0,,1798.0,624.0,-393.0,41.0,1567.0
1040.0,1435.0,773.0,487.0,,1621.0,771.0,-192.0,108.0,1580.0
913.0,2411.0,793.0,556.0,,1358.0,717.0,-223.0,-39.0,1553.0
824.0,1856.0,854.0,656.0,,1410.0,606.0,-188.0,-152.0,1478.0
741.0,295.0,932.0,476.0,,1513.0,405.0,-400.0,155.0,1389.0
642.0,511.0,922.0,272.0,,1395.0,163.0,-502.0,765.0,1466.0
517.0,1659.0,873.0,157.0,,1097.0,-20.0,-687.0,489.0,1531.0
455.0,2627.0,891.0,99.0,,876.0,-196.0,-916.0,13.0,1550.0
433.0,2925.0,853.0,30.0,,1002.0,-250.0,-944.0,223.0,1676.0
497.0,3422.0,818.0,-44.0,,1145.0,-157.0,-1055.0,728.0,1818.0
500.0,2730.0,787.0,-19.0,,1063.0,-7.0,-994.0,655.0,1781.0
482.0,1138.0,730.0,97.0,,952.0,155.0,-977.0,235.0,1634.0
517.0,1230.0,695.0,196.0,,1218.0,252.0,-748.0,137.0,1562.0
532.0,1672.0,688.0,231.0,,1323.0,242.0,-413.0,-107.0,1416.0
447.0,1582.0,667.0,220.0,,1087.0,257.0,-190.0,-4.0,1188.0
331.0,1324.0,641.0,153.0,,1128.0,227.0,81.0,408.0,1021.0
268.0,993.0,672.0,54.0,,1268.0,134.0,151.0,-53.0,845.0
244.0,439.0,633.0,-65.0,,1244.0,109.0,312.0,-443.0,601.0
248.0,230.0,589.0,-217.0,,1117.0,45.0,229.0,-343.0,381.0
185.0,100.0,566.0,-384.0,,1099.0,-137.0,1.0,-188.0,247.0
87.0,-400.0,513.0,-565.0,,1001.0,-252.0,-297.0,271.0,70.0
9.0,-186.0,449.0,-796.0,,907.0,-378.0,-707.0,60.0,-144.0
-45.0,354.0,411.0,-948.0,,920.0,-587.0,-833.0,-103.0,-271.0
-141.0,-10.0,385.0,-935.0,,921.0,-591.0,-1062.0,152.0,-319.0
-250.0,-511.0,424.0,-889.0,,962.0,-649.0,-1047.0,292.0,-404.0
-338.0,-456.0,452.0,-949.0,,957.0,-710.0,-947.0,506.0,-612.0
-353.0,-1288.0,459.0,-1043.0,,956.0,-606.0,-798.0,558.0,-755.0
-351.0,-1500.0,490.0,-1018.0,,950.0,-485.0,-360.0,313.0,-934.0
-345.0,-1372.0,442.0,-967.0,,1037.0,-286.0,-57.0,-54.0,-1319.0
-329.0,-2302.0,407.0,-898.0,,1099.0,-157.0,315.0,371.0,-1711.0
-302.0,-2387.0,332.0,-724.0,,1035.0,57.0,400.0,721.0,-2117.0
-233.0,-2224.0,231.0,-608.0,,930.0,278.0,504.0,544.0,-2572.0
-303.0,-2255.0,181.0,-622.0,,792.0,380.0,689.0,-3.0,-2929.0
-390.0,-2000.0,112.0,-762.0,,676.0,526.0,596.0,-121.0,-3078.0
-445.0,-1103.0,-25.0,-987.0,,692.0,517.0,530.0,576.0,-3144.0
-469.0,-197.0,-128.0,-1152.0,,819.0,435.0,291.0,498.0,-3128.0
-561.0,356.0,-218.0,-1155.0,,686.0,430.0,218.0,334.0,-2911.0
-706.0,574.0,-370.0,-1028.0,,390.0,281.0,96.0,251.0,-2635.0
-747.0,302.0,-474.0,-870.0,,411.0,91.0,-134.0,330.0,-2366.0
-723.0,-420.0,-595.0,-757.0,,519.0,-41.0,-291.0,790.0,-2066.0
-670.0,-1701.0,-742.0,-667.0,,207.0,-206.0,-515.0,890.0,-1705.0
-719.0,-1779.0,-845.0,-482.0,,-20.0,-262.0,-424.0,658.0,-1365.0
-714.0,-1559.0,-1032.0,-320.0,,118.0,-255.0,-327.0,264.0,-1133.0
-646.0,-984.0,-1192.0,-299.0,,151.0,-157.0,18.0,103.0,-919.0
-570.0,77.0,-1280.0,-403.0,,163.0,-105.0,417.0,607.0,-805.0
-555.0,243.0,-1430.0,-508.0,,234.0,-160.0,613.0,1047.0,-837.0
-566.0,-119.0,-1536.0,-577.0,,189.0,-90.0,899.0,341.0,-826.0
-467.0,-1189.0,-1607.0,-612.0,,200.0,-1.0,838.0,4.0,-848.0
-341.0,-1185.0,-1652.0,-692.0,,337.0,22.0,814.0,310.0,-1019.0
-210.0,-559.0,-1685.0,-775.0,,419.0,9.0,748.0,401.0,-1172.0
-186.0,-242.0,-1712.0,-782.0,,392.0,-21.0,593.0,562.0,-1227.0
-117.0,264.0,-1740.0,-826.0,,386.0,-113.0,533.0,438.0,-1235.0
11.0,-636.0,-1736.0,-813.0,,463.0,-140.0,354.0,280.0,-1207.0
92.0,-2122.0,-1769.0,-788.0,,447.0,-114.0,280.0,484.0,-1110.0
162.0,-2398.0,-1805.0,-757.0,,393.0,-35.0,121.0,1019.0,-974.0
258.0,-2043.0,-1720.0,-659.0,,222.0,112.0,129.0,1264.0,-841.0
389.0,-1341.0,-1730.0,-588.0,,43.0,204.0,107.0,1054.0,-723.0
482.0,-106.0,-1700.0,-586.0,,214.0,369.0,7.0,683.0,-614.0
554.0,1948.0,-1691.0,-437.0,,387.0,470.0,20.0,600.0,-483.0
572.0,3774.0,-1717.0,-194.0,,173.0,505.0,-129.0,1178.0,-333.0
575.0,4178.0,-1649.0,-74.0,,-79.0,589.0,-16.0,1387.0,-151.0
600.0,4660.0,-1660.0,117.0,,-131.0,679.0,-24.0,1021.0,11.0
569.0,4585.0,-1651.0,353.0,,-208.0,806.0,-18.0,1109.0,165.0
467.0,4078.0,-1672.0,414.0,,-318.0,946.0,101.0,1320.0,324.0
392.0,3459.0,-1661.0,335.0,,-548.0,1003.0,97.0,1235.0,428.0
324.0,2232.0,-1583.0,419.0,,-615.0,991.0,258.0,1158.0,463.0
244.0,1900.0,-1572.0,529.0,,-465.0,1060.0,206.0,747.0,488.0
204.0,2076.0,-1525.0,529.0,,-552.0,1072.0,243.0,51.0,510.0
176.0,2195.0,-1418.0,751.0,,-747.0,1062.0,188.0,-175.0,479.0
143.0,1315.0,-1245.0,1033.0,,-877.0,1081.0,35.0,136.0,377.0
172.0,279.0,-1063.0,1036.0,,-897.0,967.0,-59.0,70.0,190.0
249.0,-978.0,-877.0,936.0,,-823.0,799.0,-290.0,-356.0,17.0
265.0,-2726.0,-671.0,877.0,,-862.0,653.0,-242.0,-619.0,-173.0
302.0,-3324.0,-489.0,819.0,,-1146.0,561.0,-260.0,-620.0,-407.0
381.0,-3565.0,-309.0,845.0,,-1152.0,500.0,-190.0,-330.0,-630.0
471.0,-2892.0,-149.0,918.0,,-874.0,455.0,-205.0,-467.0,-814.0
523.0,-2440.0,20.0,948.0,,-832.0,462.0,-375.0,-965.0,-1000.0
539.0,-2102.0,140.0,922.0,,-822.0,546.0,-360.0,-1212.0,-1232.0
584.0,-1936.0,250.0,956.0,,-801.0,659.0,-508.0,-1313.0,-1370.0
648.0,-1978.0,359.0,999.0,,-907.0,783.0,-487.0,-1238.0,-1513.0
729.0,-708.0,446.0,981.0,,-1035.0,900.0,-548.0,-1170.0,-1707.0
735.0,-743.0,599.0,1015.0,,-995.0,970.0,-594.0,-1495.0,-1830.0
704.0,-745.0,661.0,1067.0,,-878.0,1006.0,-609.0,-1944.0,-1892.0
728.0,-370.0,757.0,1079.0,,-891.0,1051.0,-835.0,-1974.0,-1914.0
788.0,-698.0,858.0,1077.0,,-909.0,1179.0,-833.0,-1650.0,-1887.0
805.0,-1431.0,891.0,1033.0,,-911.0,1181.0,-933.0,-1447.0,-1809.0
721.0,-2252.0,995.0,977.0,,-1128.0,1198.0,-944.0,-1759.0,-1751.0
665.0,-2580.0,1031.0,969.0,,-1310.0,1234.0,-949.0,-1936.0,-1699.0
703.0,-3227.0,1060.0,896.0,,-1279.0,1115.0,-977.0,-1648.0,-1644.0
719.0,-2592.0,1079.0,889.0,,-1246.0,1229.0,-766.0,-1641.0,-1573.0
635.0,-2150.0,1061.0,978.0,,-1256.0,1395.0,-702.0,-1376.0,-1475.0
522.0,-2093.0,1056.0,944.0,,-1396.0,1499.0,-569.0,-1372.0,-1380.0
474.0,-2138.0,1054.0,747.0,,-1427.0,1619.0,-552.0,-1720.0,-1171.0
420.0,-2389.0,1053.0,525.0,,-1247.0,1690.0,-506.0,-1511.0,-916.0
294.0,-1651.0,1055.0,310.0,,-967.0,1767.0,-508.0,-1311.0,-712.0
199.0,-950.0,1058.0,109.0,,-690.0,1777.0,-698.0,-874.0,-383.0
211.0,168.0,1057.0,78.0,,-696.0,1729.0,-705.0,-699.0,-3.0
247.0,600.0,1073.0,103.0,,-676.0,1657.0,-886.0,-1026.0,258.0
206.0,725.0,1045.0,98.0,,-566.0,1577.0,-868.0,-1116.0,470.0
113.0,909.0,1038.0,91.0,,-707.0,1469.0,-905.0,-729.0,752.0
8.0,1298.0,1016.0,-17.0,,-784.0,1456.0,-995.0,-471.0,1034.0
-42.0,1704.0,993.0,-208.0,,-635.0,1388.0,-921.0,-905.0,1215.0
-54.0,1424.0,1045.0,-276.0,,-395.0,1271.0,-1058.0,-1311.0,1369.0
-92.0,1040.0,1039.0,-311.0,,-229.0,1168.0,-920.0,-1369.0,1504.0
-123.0,440.0,1048.0,-420.0,,-256.0,980.0,-838.0,-1141.0,1567.0
-169.0,161.0,1099.0,-447.0,,-298.0,914.0,-670.0,-1135.0,1608.0
-237.0,-645.0,1094.0,-382.0,,-173.0,945.0,-515.0,-1546.0,1654.0
-316.0,-912.0,1144.0,-330.0,,212.0,988.0,-580.0,-1856.0,1687.0
-410.0,-1074.0,1206.0,-429.0,,281.0,947.0,-569.0,-1658.0,1769.0
-560.0,-1042.0,1224.0,-710.0,,-68.0,879.0,-777.0,-1131.0,1886.0
-650.0,-598.0,1205.0,-945.0,,-46.0,854.0,-788.0,-962.0,1926.0
-624.0,-1208.0,1203.0,-1023.0,,193.0,771.0,-905.0,-1210.0,1872.0
-648.0,-1833.0,1224.0,-989.0,,133.0,579.0,-994.0,-1266.0,1771.0
-690.0,-2199.0,1202.0,-865.0,,-118.0,395.0,-970.0,-766.0,1610.0
-708.0,-1218.0,1193.0,-889.0,,-51.0,280.0,-1031.0,-222.0,1360.0
-710.0,224.0,1164.0,-921.0,,309.0,63.0,-750.0,-59.0,1069.0
-654.0,1307.0,1118.0,-766.0,,445.0,-144.0,-589.0,121.0,797.0
-612.0,2256.0,1037.0,-828.0,,348.0,-234.0,-295.0,320.0,529.0
-597.0,3253.0,975.0,-1040.0,,283.0,-269.0,-73.0,762.0,288.0
-486.0,3563.0,888.0,-999.0,,250.0,-228.0,-73.0,1278.0,122.0
-294.0,2757.0,784.0,-902.0,,250.0,-114.0,49.0,1348.0,-84.0
-193.0,1973.0,714.0,-803.0,,388.0,-69.0,-33.0,1442.0,-253.0
-195.0,1128.0,597.0,-683.0,,377.0,8.0,0.0,1056.0,-331.0
-169.0,1157.0,527.0,-763.0,,189.0,118.0,-118.0,977.0,-405.0
-118.0,1035.0,469.0,-972.0,,204.0,144.0,-301.0,1520.0,-387.0
-105.0,955.0,418.0,-1206.0,,249.0,125.0,-362.0,1579.0,-266.0
-136.0,960.0,379.0,-1214.0,,160.0,-90.0,-447.0,1392.0,-147.0
-154.0,849.0,345.0,-1048.0,,214.0,-213.0,-293.0,1378.0,-55.0
-71.0,1398.0,291.0,-977.0,,262.0,-211.0,-212.0,1866.0,137.0
34.0,1639.0,246.0,-1043.0,,221.0,-305.0,-81.0,2011.0,307.0
89.0,1538.0,227.0,-1093.0,,326.0,-381.0,-60.0,1744.0,297.0
118.0,534.0,141.0,-938.0,,405.0,-459.0,-42.0,1505.0,256.0
200.0,502.0,88.0,-775.0,,613.0,-453.0,120.0,1180.0,287.0
335.0,708.0,7.0,-664.0,,808.0,-417.0,164.0,827.0,291.0
412.0,-47.0,-112.0,-622.0,,705.0,-331.0,465.0,749.0,203.0
455.0,220.0,-226.0,-743.0,,592.0,-232.0,546.0,752.0,186.0
557.0,-49.0,-387.0,-839.0,,356.0,-237.0,532.0,420.0,202.0
692.0,-765.0,-550.0,-825.0,,365.0,-245.0,519.0,485.0,138.0
755.0,-823.0,-730.0,-922.0,,575.0,-296.0,321.0,548.0,181.0
732.0,-1058.0,-928.0,-1064.0,,464.0,-298.0,290.0,713.0,355.0
733.0,-461.0,-1097.0,-1043.0,,331.0,-183.0,68.0,929.0,455.0
801.0,752.0,-1302.0,-855.0,,363.0,-63.0,-114.0,721.0,547.0
809.0,1194.0,-1509.0,-650.0,,476.0,-10.0,-347.0,1016.0,714.0
729.0,2170.0,-1656.0,-385.0,,384.0,4.0,-532.0,1230.0,731.0
715.0,2658.0,-1803.0,-41.0,,313.0,-6.0,-587.0,1198.0,544.0
716.0,2396.0,-1865.0,181.0,,440.0,-15.0,-835.0,1080.0,329.0
593.0,2354.0,-1914.0,255.0,,407.0,-93.0,-901.0,929.0,183.0
462.0,1687.0,-1899.0,236.0,,206.0,-247.0,-1006.0,1192.0,-13.0
402.0,1312.0,-1824.0,257.0,,107.0,-270.0,-873.0,1202.0,-308.0
370.0,518.0,-1791.0,261.0,,109.0,-201.0,-630.0,1381.0,-523.0
313.0,-227.0,-1677.0,384.0,,-109.0,-109.0,-413.0,1289.0,-598.0
221.0,-161.0,-1609.0,571.0,,-259.0,-171.0,-97.0,986.0,-597.0
145.0,215.0,-1536.0,702.0,,-179.0,-366.0,-16.0,1351.0,-619.0
85.0,101.0,-1424.0,876.0,,-256.0,-461.0,223.0,1317.0,-555.0
34.0,-1053.0,-1343.0,1013.0,,-427.0,-548.0,227.0,1116.0,-403.0
-85.0,-982.0,-1187.0,1163.0,,-425.0,-585.0,24.0,1013.0,-341.0
-184.0,-636.0,-1079.0,1222.0,,-502.0,-631.0,-242.0,870.0,-325.0
-205.0,-127.0,-1024.0,1110.0,,-697.0,-708.0,-646.0,921.0,-259.0
-255.0,956.0,-934.0,950.0,,-717.0,-673.0,-873.0,999.0,-191.0
-318.0,849.0,-913.0,854.0,,-818.0,-612.0,-1241.0,821.0,-281.0
-381.0,438.0,-854.0,731.0,,-711.0,-557.0,-1376.0,298.0,-341.0
-465.0,112.0,-769.0,610.0,,-398.0,-511.0,-1370.0,-231.0,-261.0
-581.0,-57.0,-762.0,567.0,,-505.0,-512.0,-1282.0,-599.0,-239.0
-675.0,172.0,-679.0,584.0,,-649.0,-473.0,-962.0,-676.0,-258.0
-768.0,388.0,-648.0,655.0,,-632.0,-391.0,-705.0,-715.0,-16.0
-848.0,-248.0,-620.0,753.0,,-534.0,-386.0,-338.0,-815.0,350.0
-855.0,-1030.0,-522.0,959.0,,-456.0,-414.0,-256.0,-945.0,550.0
-829.0,-1754.0,-533.0,1216.0,,-515.0,-389.0,-297.0,-1004.0,838.0
-766.0,-2812.0,-492.0,1514.0,,-596.0,-455.0,-419.0,-1301.0,1162.0
-652.0,-3177.0,-428.0,1674.0,,-595.0,-598.0,-655.0,-1585.0,1345.0
-566.0,-3501.0,-391.0,1463.0,,-421.0,-680.0,-633.0,-1685.0,1372.0
-491.0,-3768.0,-288.0,1096.0,,-424.0,-758.0,-715.0,-2278.0,1407.0
-365.0,-3918.0,-217.0,890.0,,-479.0,-755.0,-642.0,-2183.0,1409.0
-273.0,-3657.0,-150.0,688.0,,-534.0,-776.0,-635.0,-2159.0,1235.0
-199.0,-2525.0,-66.0,482.0,,-614.0,-827.0,-665.0,-2389.0,1100.0
-97.0,-684.0,35.0,321.0,,-648.0,-731.0,-532.0,-1935.0,967.0
21.0,966.0,116.0,21.0,,-822.0,-659.0,-594.0,-2003.0,813.0
148.0,1063.0,158.0,-242.0,,-870.0,-600.0,-389.0,-1638.0,680.0
224.0,475.0,245.0,-410.0,,-895.0,-591.0,-142.0,-1176.0,704.0
282.0,-599.0,262.0,-601.0,,-945.0,-659.0,120.0,-1228.0,837.0
358.0,-1468.0,265.0,-862.0,,-993.0,-666.0,277.0,-1151.0,895.0
426.0,-1173.0,332.0,-1083.0,,-988.0,-665.0,260.0,-1152.0,898.0
449.0,-697.0,337.0,-1173.0,,-898.0,-713.0,347.0,-959.0,839.0
385.0,-518.0,325.0,-1189.0,,-789.0,-707.0,201.0,-703.0,698.0
367.0,-724.0,349.0,-1359.0,,-698.0,-724.0,173.0,-531.0,450.0
461.0,-1057.0,360.0,-1529.0,,-797.0,-840.0,25.0,-493.0,223.0
533.0,-740.0,364.0,-1463.0,,-811.0,-803.0,-162.0,-254.0,6.0
556.0,-151.0,401.0,-1435.0,,-712.0,-684.0,-338.0,-172.0,-217.0
499.0,466.0,375.0,-1388.0,,-757.0,-543.0,-650.0,-109.0,-388.0
387.0,1800.0,322.0,-1162.0,,-870.0,-469.0,-600.0,251.0,-407.0
310.0,2816.0,355.0,-885.0,,-678.0,-450.0,-587.0,291.0,-347.0
256.0,3074.0,361.0,-666.0,,-626.0,-311.0,-312.0,408.0,-385.0
180.0,3297.0,370.0,-425.0,,-879.0,-219.0,79.0,333.0,-349.0
105.0,3084.0,441.0,-224.0,,-777.0,-144.0,365.0,145.0,-192.0
79.0,2377.0,502.0,-218.0,,-550.0,-120.0,910.0,360.0,-101.0
49.0,1304.0,563.0,-322.0,,-419.0,-161.0,1276.0,546.0,-103.0
-28.0,504.0,638.0,-344.0,,-386.0,-147.0,1605.0,452.0,-51.0
-101.0,225.0,690.0,-346.0,,-286.0,-216.0,1637.0,333.0,-41.0
-148.0,-88.0,710.0,-373.0,,-233.0,-313.0,1504.0,489.0,-155.0
-194.0,-127.0,735.0,-340.0,,-413.0,-323.0,1271.0,402.0,-307.0
-191.0,-81.0,718.0,-207.0,,-499.0,-132.0,746.0,264.0,-420.0
-178.0,238.0,722.0,3.0,,-537.0,159.0,399.0,151.0,-514.0
-185.0,418.0,741.0,103.0,,-442.0,291.0,16.0,-122.0,-593.0
-198.0,273.0,715.0,170.0,,-273.0,339.0,-149.0,-77.0,-463.0
-266.0,393.0,703.0,302.0,,-251.0,282.0,-218.0,-141.0,-305.0
-351.0,-247.0,662.0,389.0,,-122.0,243.0,-171.0,-187.0,-176.0
-378.0,-768.0,654.0,455.0,,89.0,174.0,101.0,-226.0,26.0
-326.0,-1153.0,644.0,594.0,,163.0,-6.0,336.0,-401.0,251.0
-271.0,-2122.0,546.0,795.0,,194.0,-116.0,833.0,-414.0,449.0
-203.0,-2299.0,496.0,969.0,,215.0,-196.0,1031.0,-383.0,556.0
-148.0,-1781.0,453.0,1025.0,,185.0,-216.0,1267.0,-302.0,765.0
-136.0,-1304.0,364.0,980.0,,287.0,-185.0,1587.0,-584.0,936.0
-43.0,-857.0,325.0,920.0,,468.0,-132.0,1625.0,-723.0,959.0
27.0,-238.0,212.0,745.0,,576.0,-169.0,1790.0,-479.0,1008.0
14.0,-188.0,131.0,496.0,,661.0,-119.0,1705.0,-442.0,1054.0
4.0,-122.0,94.0,312.0,,489.0,1.0,1605.0,-419.0,1011.0
32.0,-55.0,-52.0,105.0,,329.0,26.0,1354.0,-213.0,957.0
77.0,-400.0,-83.0,-75.0,,514.0,104.0,986.0,45.0,1057.0
46.0,-28.0,-142.0,-83.0,,523.0,120.0,763.0,7.0,1176.0
-58.0,853.0,-305.0,15.0,,387.0,186.0,522.0,-32.0,1252.0
-182.0,1975.0,-389.0,116.0,,455.0,242.0,535.0,-21.0,1417.0
-266.0,2082.0,-487.0,264.0,,642.0,121.0,509.0,-133.0,1629.0
-321.0,1911.0,-610.0,393.0,,696.0,-52.0,607.0,-160.0,1822.0
-330.0,2279.0,-670.0,439.0,,648.0,-181.0,685.0,-65.0,1994.0
-319.0,2310.0,-736.0,498.0,,646.0,-270.0,792.0,44.0,2071.0
-288.0,2055.0,-851.0,386.0,,600.0,-344.0,1134.0,-113.0,2066.0
-267.0,1435.0,-889.0,153.0,,685.0,-460.0,1210.0,-8.0,1959.0
-338.0,1002.0,-898.0,-27.0,,770.0,-567.0,1334.0,355.0,1827.0
-341.0,882.0,-921.0,-120.0,,726.0,-511.0,1263.0,294.0,1731.0
-312.0,863.0,-857.0,-143.0,,758.0,-434.0,1162.0,159.0,1547.0
-302.0,75.0,-814.0,-66.0,,836.0,-335.0,1093.0,229.0,1401.0
-300.0,-710.0,-713.0,193.0,,858.0,-261.0,798.0,319.0,1361.0
-363.0,-1197.0,-596.0,279.0,,744.0,-243.0,713.0,303.0,1392.0
-402.0,-1492.0,-517.0,311.0,,792.0,-213.0,545.0,354.0,1339.0
-430.0,-1313.0,-370.0,486.0,,954.0,-288.0,521.0,509.0,1275.0
-485.0,-1367.0,-339.0,643.0,,876.0,-361.0,469.0,599.0,1305.0
-542.0,-1053.0,-255.0,730.0,,725.0,-396.0,415.0,940.0,1302.0
-560.0,-985.0,-199.0,816.0,,682.0,-451.0,498.0,1133.0,1244.0
-549.0,-1126.0,-174.0,970.0,,640.0,-530.0,463.0,1087.0,1113.0
-554.0,-1075.0,-84.0,1034.0,,557.0,-628.0,696.0,1205.0,1016.0
-550.0,-882.0,-92.0,999.0,,536.0,-709.0,676.0,1247.0,886.0
-585.0,-804.0,-50.0,932.0,,452.0,-726.0,700.0,1609.0,714.0
-644.0,-414.0,-14.0,885.0,,353.0,-676.0,923.0,1754.0,581.0
-715.0,71.0,6.0,747.0,,348.0,-633.0,946.0,1493.0,415.0
-827.0,-423.0,44.0,663.0,,331.0,-592.0,964.0,1577.0,223.0
-957.0,-610.0,62.0,653.0,,201.0,-594.0,768.0,1689.0,56.0
-1098.0,-678.0,71.0,643.0,,70.0,-682.0,687.0,1643.0,-57.0
-1176.0,-1279.0,114.0,721.0,,58.0,-797.0,367.0,1622.0,-218.0
-1200.0,-1730.0,156.0,647.0,,-34.0,-830.0,-59.0,1813.0,-439.0
-1192.0,-1138.0,172.0,578.0,,-86.0,-800.0,-280.0,1946.0,-595.0
-1179.0,-1181.0,244.0,446.0,,-41.0,-779.0,-659.0,2018.0,-705.0
-1173.0,-1564.0,297.0,245.0,,-117.0,-806.0,-711.0,2131.0,-793.0
-1125.0,-888.0,303.0,231.0,,-270.0,-967.0,-580.0,1911.0,-823.0
-1099.0,-886.0,333.0,162.0,,-300.0,-1095.0,-177.0,1527.0,-841.0
-1070.0,-299.0,396.0,-40.0,,-247.0,-1134.0,297.0,1288.0,-797.0
-1056.0,334.0,424.0,-366.0,,-299.0,-1187.0,702.0,1115.0,-669.0
-1049.0,86.0,434.0,-731.0,,-323.0,-1165.0,1123.0,1035.0,-542.0
-992.0,337.0,426.0,-921.0,,-331.0,-1060.0,1197.0,905.0,-417.0
-890.0,564.0,392.0,-993.0,,-468.0,-973.0,1345.0,733.0,-284.0
-768.0,283.0,372.0,-985.0,,-473.0,-948.0,1197.0,778.0,-101.0
-741.0,287.0,344.0,-861.0,,-377.0,-997.0,958.0,711.0,140.0
-732.0,968.0,291.0,-808.0,,-506.0,-1142.0,753.0,567.0,421.0
-735.0,1002.0,224.0,-711.0,,-425.0,-1275.0,234.0,428.0,700.0
-753.0,-68.0,158.0,-499.0,,-140.0,-1335.0,-79.0,230.0,922.0
-717.0,-1482.0,108.0,-534.0,,-219.0,-1400.0,-537.0,161.0,1122.0
-643.0,-2721.0,57.0,-677.0,,-477.0,-1527.0,-918.0,188.0,1260.0
-462.0,-2989.0,9.0,-740.0,,-565.0,-1723.0,-1210.0,241.0,1307.0
-288.0,-2055.0,17.0,-1005.0,,-507.0,-1873.0,-1400.0,210.0,1277.0
-187.0,-1396.0,0.0,-1320.0,,-721.0,-1824.0,-1223.0,164.0,1190.0
-153.0,-910.0,-20.0,-1468.0,,-934.0,-1623.0,-1062.0,335.0,1076.0
-105.0,-29.0,52.0,-1608.0,,-859.0,-1394.0,-731.0,430.0,923.0
-18.0,454.0,76.0,-1823.0,,-890.0,-1188.0,-487.0,427.0,794.0
-8.0,1155.0,118.0,-2058.0,,-919.0,-1071.0,-136.0,687.0,645.0
-15.0,1134.0,193.0,-2200.0,,-903.0,-991.0,181.0,765.0,527.0
-20.0,161.0,282.0,-2349.0,,-865.0,-888.0,304.0,618.0,461.0
15.0,3.0,407.0,-2444.0,,-893.0,-792.0,556.0,474.0,301.0
21.0,-264.0,481.0,-2448.0,,-966.0,-712.0,452.0,458.0,93.0
0.0,-961.0,582.0,-2380.0,,-981.0,-720.0,424.0,321.0,-96.0
-48.0,-887.0,664.0,-2151.0,,-1042.0,-747.0,266.0,110.0,-214.0
-123.0,-106.0,768.0,-1931.0,,-920.0,-768.0,-14.0,341.0,-297.0
-137.0,963.0,878.0,-1792.0,,-903.0,-866.0,-138.0,160.0,-335.0
-191.0,2348.0,928.0,-1574.0,,-1042.0,-958.0,-397.0,-81.0,-270.0
-243.0,3653.0,996.0,-1198.0,,-953.0,-973.0,-375.0,-103.0,-148.0
-245.0,3996.0,1101.0,-841.0,,-688.0,-859.0,-360.0,-561.0,21.0
-181.0,3838.0,1169.0,-492.0,,-465.0,-733.0,-223.0,-852.0,158.0
-124.0,3349.0,1164.0,-221.0,,-515.0,-581.0,-125.0,-900.0,239.0
-99.0,2390.0,1181.0,-107.0,,-485.0,-350.0,-138.0,-1095.0,314.0
-65.0,1880.0,1226.0,3.0,,-345.0,-224.0,60.0,-1392.0,440.0
-4.0,1205.0,1155.0,163.0,,-293.0,-121.0,68.0,-1506.0,579.0
96.0,299.0,1059.0,327.0,,-127.0,-45.0,293.0,-1485.0,652.0
145.0,506.0,1044.0,458.0,,-118.0,-7.0,474.0,-1344.0,715.0
189.0,545.0,911.0,638.0,,-233.0,-31.0,587.0,-1366.0,765.0
223.0,-322.0,841.0,723.0,,-150.0,-197.0,766.0,-1613.0,807.0
263.0,-87.0,710.0,611.0,,-160.0,-264.0,750.0,-1569.0,785.0
317.0,909.0,552.0,493.0,,-340.0,-207.0,824.0,-1409.0,709.0
388.0,1647.0,506.0,544.0,,-265.0,-129.0,602.0,-1128.0,660.0
489.0,2388.0,311.0,630.0,,-28.0,-17.0,434.0,-1173.0,604.0
604.0,2281.0,200.0,688.0,,-34.0,99.0,325.0,-1509.0,537.0
757.0,1384.0,85.0,730.0,,-308.0,144.0,144.0,-1412.0,430.0
897.0,994.0,-59.0,820.0,,-567.0,101.0,147.0,-1409.0,343.0
989.0,1116.0,-148.0,996.0,,-427.0,102.0,-59.0,-1303.0,294.0
1050.0,663.0,-270.0,1097.0,,-221.0,165.0,12.0,-907.0,277.0
1097.0,-78.0,-350.0,1195.0,,-173.0,181.0,212.0,-1036.0,327.0
1096.0,-512.0,-423.0,1197.0,,-118.0,166.0,367.0,-1126.0,393.0
1096.0,-856.0,-501.0,1250.0,,-65.0,177.0,569.0,-947.0,392.0
1052.0,-1369.0,-547.0,1455.0,,137.0,181.0,646.0,-1210.0,326.0
958.0,-2109.0,-560.0,1566.0,,115.0,207.0,772.0,-1256.0,258.0
921.0,-2736.0,-530.0,1541.0,,-62.0,249.0,615.0,-1229.0,71.0
892.0,-3432.0,-517.0,1539.0,,-17.0,324.0,511.0,-1798.0,-174.0
793.0,-3332.0,-528.0,1614.0,,169.0,461.0,360.0,-1836.0,-346.0
639.0,-2451.0,-418.0,1598.0,,303.0,552.0,112.0,-1375.0,-523.0
543.0,-1488.0,-291.0,1696.0,,191.0,618.0,-42.0,-1560.0,-670.0
442.0,-470.0,-191.0,1847.0,,202.0,672.0,-306.0,-1656.0,-718.0
270.0,-480.0,-50.0,1892.0,,494.0,782.0,-194.0,-1564.0,-822.0
58.0,-590.0,67.0,1887.0,,634.0,983.0,-46.0,-1545.0,-1015.0
-86.0,-226.0,221.0,1982.0,,520.0,1099.0,184.0,-1181.0,-1159.0
-167.0,69.0,403.0,2193.0,,540.0,1130.0,484.0,-1244.0,-1259.0
-311.0,129.0,573.0,2294.0,,467.0,1177.0,635.0,-1310.0,-1369.0
-507.0,122.0,785.0,2295.0,,227.0,1276.0,986.0,-1061.0,-1486.0
-649.0,637.0,998.0,2048.0,,120.0,1362.0,1091.0,-783.0,-1504.0
-693.0,804.0,1186.0,1791.0,,77.0,1400.0,1193.0,-226.0,-1459.0
-736.0,1547.0,1405.0,1640.0,,132.0,1397.0,1112.0,-53.0,-1405.0
-784.0,2653.0,1617.0,1491.0,,109.0,1428.0,849.0,-34.0,-1273.0
-806.0,2381.0,1769.0,1324.0,,186.0,1500.0,746.0,334.0,-1134.0
-780.0,1381.0,1897.0,1093.0,,285.0,1474.0,482.0,724.0,-1055.0
-749.0,360.0,2019.0,906.0,,194.0,1470.0,400.0,898.0,-931.0
-735.0,238.0,2096.0,612.0,,241.0,1389.0,247.0,950.0,-692.0
-721.0,517.0,2186.0,366.0,,287.0,1259.0,57.0,915.0,-535.0
-690.0,677.0,2258.0,177.0,,233.0,1324.0,-57.0,1042.0,-430.0
-611.0,999.0,2286.0,27.0,,227.0,1333.0,-151.0,1433.0,-299.0
-570.0,952.0,2329.0,-69.0,,166.0,1244.0,-73.0,1419.0,-239.0
-545.0,250.0,2374.0,-159.0,,116.0,1229.0,-40.0,1367.0,-220.0
-507.0,-729.0,2339.0,-182.0,,206.0,1380.0,199.0,1451.0,-220.0
-455.0,-1299.0,2300.0,-235.0,,226.0,1577.0,306.0,1174.0,-175.0
-405.0,-2449.0,2348.0,-155.0,,216.0,1582.0,469.0,1083.0,-171.0
-343.0,-3192.0,2342.0,-121.0,,187.0,1472.0,748.0,1318.0,-225.0
-248.0,-2071.0,2353.0,-162.0,,173.0,1424.0,901.0,1129.0,-267.0
-147.0,-1077.0,2385.0,-244.0,,65.0,1475.0,1178.0,754.0,-295.0
-63.0,-1146.0,2363.0,-589.0,,-222.0,1500.0,1121.0,690.0,-278.0
-24.0,-1580.0,2342.0,-989.0,,-179.0,1548.0,1029.0,594.0,-276.0
-6.0,-1959.0,2328.0,-1237.0,,-121.0,1552.0,814.0,781.0,-198.0
6.0,-1733.0,2288.0,-1297.0,,-183.0,1382.0,471.0,698.0,-87.0
73.0,-1162.0,2259.0,-1250.0,,-137.0,1383.0,249.0,164.0,23.0
161.0,-707.0,2269.0,-1063.0,,-110.0,1429.0,-112.0,116.0,129.0
238.0,473.0,2216.0,-868.0,,-26.0,1328.0,-168.0,200.0,231.0
282.0,1319.0,2148.0,-828.0,,-181.0,1095.0,-181.0,332.0,337.0
291.0,1384.0,2069.0,-846.0,,-290.0,654.0,-66.0,467.0,391.0
296.0,1474.0,2016.0,-902.0,,-209.0,451.0,216.0,319.0,511.0
282.0,828.0,1895.0,-958.0,,-259.0,402.0,391.0,85.0,598.0
249.0,21.0,1724.0,-1065.0,,-197.0,375.0,727.0,131.0,643.0
199.0,225.0,1652.0,-1150.0,,-191.0,571.0,861.0,0.0,644.0
209.0,1569.0,1489.0,-1164.0,,-140.0,697.0,936.0,-272.0,616.0
259.0,2194.0,1291.0,-1267.0,,-44.0,766.0,892.0,-544.0,567.0
324.0,1455.0,1105.0,-1369.0,,-72.0,889.0,672.0,-1000.0,478.0
350.0,931.0,890.0,-1470.0,,-43.0,948.0,404.0,-758.0,509.0
311.0,403.0,671.0,-1691.0,,-156.0,895.0,18.0,-710.0,476.0
282.0,-136.0,456.0,-1890.0,,-53.0,863.0,-173.0,-996.0,393.0
237.0,-476.0,274.0,-1927.0,,117.0,758.0,-495.0,-915.0,345.0
174.0,51.0,96.0,-1923.0,,47.0,553.0,-678.0,-966.0,314.0
127.0,1554.0,-32.0,-1951.0,,119.0,452.0,-716.0,-705.0,259.0
103.0,2148.0,-195.0,-1841.0,,89.0,389.0,-816.0,-371.0,162.0
37.0,1658.0,-335.0,-1626.0,,-57.0,404.0,-556.0,-465.0,173.0
-72.0,163.0,-444.0,-1342.0,,-244.0,351.0,-158.0,-581.0,194.0
-222.0,-993.0,-594.0,-1075.0,,-417.0,293.0,343.0,-337.0,205.0
-359.0,-1266.0,-781.0,-830.0,,-355.0,248.0,668.0,87.0,234.0
-442.0,-1707.0,-1031.0,-558.0,,-256.0,160.0,916.0,465.0,311.0
-509.0,-2392.0,-1196.0,-343.0,,-133.0,176.0,1006.0,543.0,441.0
-570.0,-3433.0,-1385.0,-98.0,,-177.0,239.0,763.0,346.0,612.0
-637.0,-3272.0,-1586.0,48.0,,-266.0,414.0,613.0,373.0,837.0
-638.0,-2780.0,-1780.0,134.0,,-62.0,350.0,205.0,412.0,1009.0
-658.0,-3169.0,-1986.0,203.0,,-4.0,141.0,-144.0,260.0,1174.0
-732.0,-4086.0,-2113.0,147.0,,4.0,11.0,-426.0,202.0,1375.0
-760.0,-3831.0,-2292.0,106.0,,51.0,-194.0,-716.0,74.0,1550.0
-778.0,-1282.0,-2431.0,93.0,,22.0,-376.0,-716.0,-93.0,1619.0
-770.0,1127.0,-2514.0,58.0,,-47.0,-565.0,-694.0,210.0,1608.0
-761.0,2311.0,-2617.0,5.0,,-114.0,-669.0,-506.0,408.0,1555.0
-765.0,2259.0,-2759.0,-37.0,,19.0,-687.0,-452.0,327.0,1444.0
-765.0,2382.0,-2849.0,-13.0,,-89.0,-551.0,-356.0,200.0,1358.0
-730.0,2533.0,-2898.0,124.0,,-217.0,-333.0,-221.0,-86.0,1291.0
-706.0,2233.0,-2954.0,304.0,,-198.0,-199.0,-290.0,24.0,1176.0
-672.0,1812.0,-2889.0,564.0,,-169.0,-134.0,-114.0,154.0,1025.0
-550.0,1753.0,-2897.0,874.0,,-108.0,-119.0,-42.0,-189.0,835.0
-469.0,2774.0,-2825.0,1017.0,,-321.0,17.0,-3.0,-580.0,581.0
-435.0,2744.0,-2624.0,1051.0,,-200.0,119.0,-33.0,-582.0,275.0
-431.0,1649.0,-2467.0,1089.0,,46.0,114.0,-162.0,-538.0,-37.0
-399.0,273.0,-2269.0,1202.0,,87.0,112.0,-288.0,-636.0,-232.0
-347.0,137.0,-2017.0,1348.0,,106.0,127.0,-567.0,-648.0,-300.0
-324.0,1268.0,-1748.0,1376.0,,-104.0,141.0,-678.0,-903.0,-310.0
-318.0,2241.0,-1506.0,1353.0,,-100.0,59.0,-897.0,-846.0,-329.0
-325.0,2325.0,-1224.0,1318.0,,54.0,-45.0,-979.0,-408.0,-412.0
-265.0,617.0,-974.0,1222.0,,13.0,-115.0,-968.0,-322.0,-504.0
-236.0,-411.0,-695.0,1142.0,,-80.0,-119.0,-1001.0,-407.0,-694.0
-231.0,-1090.0,-489.0,1088.0,,-33.0,-135.0,-727.0,-515.0,-1029.0
-259.0,-1888.0,-350.0,1010.0,,169.0,-158.0,-598.0,-322.0,-1369.0
-272.0,-2560.0,-165.0,964.0,,177.0,-140.0,-323.0,215.0,-1727.0
-261.0,-3644.0,-84.0,976.0,,88.0,-230.0,-83.0,311.0,-2194.0
-246.0,-3534.0,61.0,1026.0,,268.0,-264.0,-27.0,181.0,-2640.0
-164.0,-2370.0,146.0,1054.0,,258.0,-153.0,-18.0,166.0,-2951.0
-147.0,-1396.0,219.0,1048.0,,62.0,-172.0,-245.0,296.0,-3279.0
-107.0,-1845.0,365.0,1106.0,,34.0,-247.0,-384.0,661.0,-3508.0
-47.0,-2362.0,367.0,1236.0,,-4.0,-225.0,-613.0,820.0,-3502.0
43.0,-2372.0,442.0,1357.0,,83.0,-183.0,-637.0,776.0,-3482.0
124.0,-1882.0,486.0,1316.0,,-45.0,-180.0,-559.0,417.0,-3434.0
167.0,-713.0,516.0,1241.0,,-330.0,-276.0,-519.0,234.0,-3307.0
258.0,-924.0,557.0,1229.0,,-454.0,-369.0,-341.0,553.0,-3159.0
347.0,-1251.0,533.0,1091.0,,-665.0,-323.0,-402.0,545.0,-3046.0
456.0,-954.0,596.0,940.0,,-796.0,-232.0,-325.0,177.0,-2950.0
504.0,-243.0,605.0,768.0,,-757.0,-203.0,-345.0,26.0,-2778.0
536.0,1369.0,618.0,480.0,,-442.0,-177.0,-345.0,206.0,-2656.0
558.0,2989.0,613.0,141.0,,-247.0,-141.0,-182.0,423.0,-2564.0
571.0,3976.0,647.0,-185.0,,-444.0,-123.0,-179.0,529.0,-2389.0
580.0,3595.0,750.0,-368.0,,-549.0,-106.0,90.0,285.0,-2199.0
550.0,2695.0,807.0,-527.0,,-429.0,-114.0,203.0,81.0,-2090.0
509.0,2046.0,861.0,-693.0,,-306.0,-125.0,323.0,258.0,-1999.0
498.0,2191.0,875.0,-761.0,,-329.0,-140.0,362.0,605.0,-1837.0
537.0,2923.0,926.0,-699.0,,-258.0,-155.0,77.0,751.0,-1721.0
570.0,2936.0,930.0,-511.0,,-194.0,-140.0,-219.0,592.0,-1636.0
644.0,2927.0,908.0,-350.0,,-361.0,-169.0,-752.0,322.0,-1419.0
695.0,2224.0,890.0,-200.0,,-536.0,-211.0,-1080.0,116.0,-1080.0
717.0,1209.0,840.0,-85.0,,-402.0,-169.0,-1363.0,354.0,-774.0
746.0,955.0,867.0,-111.0,,-244.0,-123.0,-1507.0,306.0,-535.0
826.0,663.0,845.0,-117.0,,-373.0,-46.0,-1396.0,-168.0,-287.0
966.0,875.0,779.0,-79.0,,-537.0,30.0,-1236.0,-478.0,-129.0
1058.0,1482.0,845.0,-56.0,,-730.0,120.0,-848.0,-374.0,-75.0
1133.0,2753.0,867.0,-27.0,,-736.0,250.0,-543.0,-137.0,-21.0
1207.0,3321.0,828.0,-124.0,,-608.0,307.0,-96.0,-90.0,51.0
1235.0,1391.0,904.0,-377.0,,-588.0,300.0,171.0,60.0,128.0
1244.0,-924.0,998.0,-609.0,,-597.0,198.0,295.0,-144.0,271.0
1276.0,-2168.0,1077.0,-818.0,,-571.0,45.0,293.0,-162.0,495.0
1300.0,-2270.0,1162.0,-1013.0,,-562.0,-79.0,-129.0,223.0,667.0
1334.0,-1692.0,1232.0,-1075.0,,-685.0,-138.0,-430.0,371.0,808.0
1340.0,-1596.0,1271.0,-1114.0,,-737.0,-174.0,-912.0,117.0,922.0
1317.0,-1667.0,1337.0,-1167.0,,-723.0,-182.0,-1230.0,-148.0,996.0
1286.0,-774.0,1309.0,-1238.0,,-667.0,-157.0,-1380.0,170.0,1019.0
1235.0,315.0,1233.0,-1271.0,,-667.0,-144.0,-1526.0,613.0,923.0
1177.0,888.0,1217.0,-1179.0,,-706.0,-61.0,-1345.0,983.0,805.0
1124.0,644.0,1104.0,-1195.0,,-595.0,37.0,-1225.0,842.0,726.0
1083.0,-252.0,992.0,-1254.0,,-558.0,138.0,-892.0,596.0,725.0
982.0,-664.0,889.0,-1318.0,,-474.0,243.0,-679.0,619.0,737.0
881.0,-789.0,802.0,-1429.0,,-243.0,283.0,-576.0,686.0,740.0
762.0,-597.0,753.0,-1454.0,,-189.0,361.0,-367.0,651.0,815.0
606.0,-889.0,645.0,-1475.0,,-200.0,488.0,-238.0,185.0,863.0
443.0,-1741.0,589.0,-1425.0,,-152.0,543.0,101.0,-23.0,894.0
325.0,-1596.0,548.0,-1227.0,,-129.0,517.0,288.0,-152.0,954.0
239.0,-999.0,457.0,-1169.0,,-6.0,497.0,430.0,-32.0,967.0
156.0,-628.0,381.0,-1334.0,,204.0,514.0,358.0,-149.0,852.0
144.0,-327.0,320.0,-1395.0,,366.0,523.0,75.0,-715.0,660.0
148.0,-195.0,297.0,-1287.0,,258.0,550.0,-103.0,-799.0,550.0
141.0,-496.0,207.0,-1065.0,,141.0,581.0,-450.0,-807.0,443.0
152.0,-758.0,131.0,-720.0,,214.0,656.0,-644.0,-594.0,333.0
199.0,-426.0,17.0,-386.0,,283.0,721.0,-816.0,-585.0,370.0
200.0,42.0,-144.0,-241.0,,394.0,719.0,-829.0,-842.0,465.0
176.0,-124.0,-203.0,-211.0,,341.0,749.0,-746.0,-1057.0,463.0
142.0,-367.0,-356.0,-89.0,,248.0,722.0,-707.0,-1105.0,375.0
102.0,-248.0,-510.0,90.0,,278.0,726.0,-408.0,-585.0,272.0
36.0,-392.0,-591.0,321.0,,277.0,696.0,-336.0,-475.0,81.0
-95.0,-339.0,-629.0,485.0,,102.0,533.0,-230.0,-986.0,-211.0
-221.0,-654.0,-626.0,549.0,,-116.0,400.0,-127.0,-1141.0,-459.0
-348.0,-795.0,-617.0,590.0,,91.0,310.0,-186.0,-683.0,-712.0
-451.0,-226.0,-523.0,526.0,,296.0,304.0,-190.0,-310.0,-1008.0
-596.0,-109.0,-399.0,471.0,,144.0,296.0,-317.0,-300.0,-1202.0
-740.0,391.0,-291.0,456.0,,143.0,255.0,-362.0,-409.0,-1315.0
-849.0,662.0,-177.0,418.0,,265.0,342.0,-526.0,-292.0,-1455.0
-915.0,300.0,-54.0,374.0,,247.0,522.0,-567.0,208.0,-1558.0
-954.0,97.0,143.0,333.0,,148.0,664.0,-497.0,550.0,-1556.0
-1030.0,-66.0,282.0,200.0,,143.0,774.0,-517.0,598.0,-1527.0
-1098.0,-204.0,384.0,-3.0,,198.0,831.0,-343.0,353.0,-1483.0
-1151.0,303.0,550.0,-57.0,,214.0,855.0,-299.0,176.0,-1451.0
-1132.0,1177.0,726.0,-22.0,,274.0,861.0,-138.0,215.0,-1460.0
-1110.0,313.0,876.0,129.0,,214.0,733.0,-38.0,174.0,-1463.0
-1082.0,-764.0,970.0,330.0,,118.0,511.0,-107.0,108.0,-1462.0
-1071.0,-1018.0,1106.0,370.0,,192.0,289.0,-186.0,-302.0,-1504.0
-1072.0,-1278.0,1235.0,366.0,,238.0,151.0,-339.0,-445.0,-1598.0
-1029.0,-858.0,1329.0,350.0,,-31.0,168.0,-181.0,-188.0,-1627.0
-990.0,-630.0,1354.0,426.0,,-252.0,225.0,-133.0,-194.0,-1597.0
-921.0,-280.0,1351.0,605.0,,-72.0,189.0,-25.0,-199.0,-1534.0
-816.0,568.0,1315.0,613.0,,166.0,204.0,51.0,-390.0,-1398.0
-678.0,1500.0,1267.0,491.0,,351.0,322.0,-60.0,-593.0,-1301.0
-529.0,1745.0,1186.0,502.0,,193.0,479.0,-129.0,-425.0,-1240.0
-323.0,1070.0,1120.0,482.0,,-134.0,646.0,-343.0,-201.0,-1118.0
-121.0,1213.0,1097.0,448.0,,-363.0,709.0,-301.0,-250.0,-955.0
34.0,1946.0,1015.0,476.0,,-415.0,752.0,-356.0,-470.0,-894.0
185.0,2393.0,935.0,356.0,,-335.0,716.0,-256.0,-318.0,-858.0
333.0,1728.0,857.0,229.0,,-354.0,567.0,33.0,123.0,-683.0
453.0,226.0,870.0,106.0,,-179.0,430.0,109.0,466.0,-541.0
521.0,-953.0,805.0,127.0,,-256.0,285.0,291.0,478.0,-428.0
567.0,-1871.0,719.0,170.0,,-511.0,239.0,273.0,231.0,-205.0
651.0,-2678.0,628.0,83.0,,-468.0,266.0,290.0,366.0,72.0
732.0,-2933.0,602.0,137.0,,-153.0,238.0,118.0,586.0,270.0
729.0,-2047.0,535.0,235.0,,-1.0,316.0,-125.0,580.0,428.0
750.0,-1609.0,353.0,429.0,,-327.0,476.0,-197.0,557.0,693.0
738.0,-1569.0,308.0,820.0,,-442.0,485.0,-502.0,172.0,838.0
722.0,-1866.0,201.0,1124.0,,-229.0,492.0,-574.0,14.0,868.0
732.0,-2188.0,146.0,1085.0,,18.0,593.0,-650.0,335.0,940.0
789.0,-1103.0,55.0,972.0,,35.0,635.0,-606.0,508.0,913.0
918.0,-271.0,-30.0,965.0,,-99.0,608.0,-400.0,616.0,782.0
1007.0,172.0,-47.0,917.0,,-187.0,490.0,-286.0,540.0,627.0
1076.0,-125.0,-116.0,1006.0,,-180.0,330.0,-145.0,343.0,591.0
1077.0,-663.0,-248.0,1206.0,,-222.0,213.0,-205.0,502.0,648.0
1119.0,-466.0,-341.0,1190.0,,-315.0,156.0,-125.0,669.0,673.0
1187.0,151.0,-364.0,1127.0,,-260.0,109.0,-184.0,383.0,758.0
1254.0,1376.0,-536.0,1110.0,,-283.0,43.0,-194.0,36.0,864.0
1319.0,1783.0,-694.0,1064.0,,-329.0,99.0,-49.0,-57.0,897.0
1328.0,1197.0,-843.0,1083.0,,-497.0,163.0,-53.0,74.0,879.0
1335.0,35.0,-934.0,1069.0,,-453.0,152.0,210.0,185.0,909.0
1289.0,-857.0,-1031.0,987.0,,-250.0,260.0,308.0,-109.0,1009.0
1218.0,-1339.0,-1153.0,778.0,,-275.0,260.0,393.0,-563.0,1159.0
1116.0,-1828.0,-1176.0,474.0,,-242.0,190.0,458.0,-747.0,1401.0
1048.0,-1516.0,-1171.0,350.0,,-79.0,217.0,315.0,-651.0,1669.0
994.0,-809.0,-1185.0,377.0,,98.0,214.0,203.0,-697.0,1915.0
931.0,-572.0,-1250.0,363.0,,162.0,195.0,-42.0,-965.0,2085.0
878.0,-89.0,-1216.0,397.0,,385.0,86.0,-169.0,-1180.0,2215.0
828.0,712.0,-1185.0,521.0,,551.0,143.0,-428.0,-1242.0,2324.0
804.0,243.0,-1164.0,650.0,,471.0,238.0,-589.0,-1012.0,2252.0
766.0,-151.0,-1148.0,671.0,,403.0,231.0,-630.0,-887.0,2032.0
744.0,701.0,-1170.0,497.0,,377.0,322.0,-779.0,-1063.0,1830.0
691.0,1631.0,-1035.0,344.0,,271.0,376.0,-596.0,-1128.0,1646.0
605.0,2162.0,-966.0,300.0,,141.0,437.0,-406.0,-951.0,1329.0
525.0,2219.0,-968.0,313.0,,239.0,436.0,-90.0,-701.0,1002.0
460.0,1356.0,-847.0,283.0,,367.0,466.0,77.0,-322.0,750.0
419.0,14.0,-732.0,172.0,,415.0,473.0,-24.0,-147.0,398.0
416.0,-397.0,-689.0,61.0,,323.0,322.0,-40.0,-472.0,33.0
449.0,-264.0,-648.0,-117.0,,123.0,197.0,-149.0,-477.0,-303.0
472.0,261.0,-578.0,-338.0,,-129.0,73.0,-86.0,-97.0,-626.0
449.0,591.0,-553.0,-647.0,,-210.0,42.0,-1.0,193.0,-989.0
410.0,159.0,-447.0,-898.0,,-85.0,-1.0,218.0,139.0,-1392.0
378.0,172.0,-389.0,-981.0,,-31.0,-10.0,437.0,-188.0,-1677.0
356.0,171.0,-334.0,-933.0,,145.0,143.0,426.0,-57.0,-1956.0
349.0,-70.0,-244.0,-664.0,,212.0,257.0,360.0,237.0,-2217.0
336.0,-299.0,-228.0,-563.0,,224.0,387.0,134.0,392.0,-2319.0
327.0,-891.0,-197.0,-726.0,,315.0,497.0,149.0,265.0,-2292.0
284.0,-941.0,-206.0,-830.0,,411.0,625.0,181.0,-52.0,-2205.0
245.0,-337.0,-155.0,-881.0,,442.0,737.0,254.0,306.0,-2059.0
196.0,424.0,-173.0,-875.0,,275.0,769.0,428.0,667.0,-1915.0
132.0,933.0,-187.0,-951.0,,381.0,796.0,415.0,950.0,-1875.0
71.0,678.0,-135.0,-1339.0,,515.0,740.0,480.0,1010.0,-1855.0
-36.0,617.0,-40.0,-1812.0,,425.0,685.0,391.0,350.0,-1831.0
-140.0,1095.0,59.0,-2135.0,,377.0,513.0,375.0,416.0,-1849.0
-275.0,1883.0,174.0,-2317.0,,486.0,283.0,328.0,733.0,-1940.0
-445.0,2916.0,260.0,-2394.0,,587.0,124.0,194.0,818.0,-2005.0
-591.0,3065.0,329.0,-2374.0,,389.0,-96.0,201.0,942.0,-1953.0
-686.0,2459.0,459.0,-2342.0,,260.0,-233.0,109.0,679.0,-1942.0
-715.0,1603.0,499.0,-2422.0,,378.0,-219.0,225.0,503.0,-1994.0
-712.0,208.0,593.0,-2444.0,,522.0,-180.0,264.0,481.0,-2010.0
-678.0,-655.0,650.0,-2304.0,,607.0,-227.0,306.0,443.0,-2038.0
-652.0,-518.0,753.0,-2046.0,,459.0,-264.0,430.0,12.0,-2114.0
-659.0,-274.0,813.0,-1795.0,,306.0,-176.0,419.0,-442.0,-2120.0
-653.0,-108.0,841.0,-1592.0,,467.0,-60.0,545.0,-427.0,-2059.0
-667.0,305.0,937.0,-1345.0,,377.0,-15.0,502.0,-191.0,-2030.0
-699.0,272.0,964.0,-1180.0,,147.0,-85.0,517.0,-86.0,-1943.0
-763.0,308.0,1014.0,-1103.0,,100.0,-138.0,493.0,-377.0,-1774.0
-803.0,857.0,956.0,-918.0,,68.0,-118.0,354.0,-706.0,-1600.0
-818.0,786.0,998.0,-733.0,,228.0,-169.0,266.0,-891.0,-1478.0
-832.0,1064.0,1018.0,-671.0,,210.0,-283.0,64.0,-747.0,-1333.0
-801.0,926.0,890.0,-647.0,,269.0,-442.0,138.0,-592.0,-1101.0
-793.0,-48.0,853.0,-630.0,,538.0,-551.0,182.0,-719.0,-910.0
-770.0,101.0,760.0,-548.0,,331.0,-574.0,269.0,-942.0,-768.0
-773.0,597.0,667.0,-387.0,,91.0,-560.0,301.0,-1139.0,-621.0
-772.0,421.0,654.0,-100.0,,258.0,-479.0,-16.0,-1079.0,-513.0
-761.0,18.0,545.0,287.0,,154.0,-411.0,-99.0,-863.0,-457.0
-763.0,-660.0,474.0,629.0,,-139.0,-261.0,-201.0,-766.0,-490.0
-752.0,-1291.0,444.0,871.0,,113.0,-160.0,-206.0,-976.0,-556.0
-731.0,-467.0,354.0,967.0,,-28.0,-180.0,-188.0,-963.0,-556.0
-663.0,809.0,361.0,857.0,,-440.0,-269.0,-253.0,-534.0,-582.0
-639.0,424.0,318.0,708.0,,72.0,-449.0,-131.0,-432.0,-564.0
-575.0,-173.0,335.0,719.0,,80.0,-503.0,-20.0,-443.0,-514.0
-494.0,-308.0,346.0,785.0,,-340.0,-657.0,308.0,-428.0,-601.0
-413.0,-1203.0,326.0,778.0,,-78.0,-782.0,482.0,-288.0,-651.0
-307.0,-1465.0,411.0,674.0,,-346.0,-780.0,578.0,125.0,-590.0
-211.0,-1235.0,454.0,720.0,,-694.0,-835.0,602.0,296.0,-525.0
-116.0,-1325.0,450.0,871.0,,-227.0,-763.0,330.0,341.0,-470.0
-69.0,-1753.0,379.0,903.0,,-262.0,-687.0,48.0,436.0,-369.0
-55.0,-1556.0,399.0,987.0,,-649.0,-617.0,-365.0,632.0,-253.0
-36.0,-307.0,334.0,1157.0,,-246.0,-585.0,-522.0,718.0,-170.0
7.0,78.0,269.0,1179.0,,-370.0,-624.0,-711.0,1075.0,-26.0
47.0,721.0,200.0,956.0,,-976.0,-686.0,-796.0,1223.0,181.0
81.0,575.0,96.0,740.0,,-821.0,-796.0,-783.0,867.0,357.0
116.0,511.0,37.0,636.0,,-731.0,-841.0,-933.0,965.0,532.0
184.0,1250.0,-77.0,516.0,,-626.0,-914.0,-702.0,1044.0,786.0
230.0,482.0,-158.0,401.0,,-489.0,-1148.0,-596.0,1139.0,982.0
217.0,-167.0,-301.0,456.0,,-703.0,-1340.0,-450.0,661.0,1096.0
213.0,-601.0,-334.0,515.0,,-699.0,-1332.0,-423.0,262.0,1212.0
263.0,-1028.0,-426.0,369.0,,-753.0,-1274.0,-543.0,537.0,1333.0
332.0,-1444.0,-491.0,330.0,,-933.0,-1261.0,-460.0,478.0,1437.0
355.0,42.0,-449.0,422.0,,-745.0,-1195.0,-563.0,451.0,1482.0
403.0,1282.0,-396.0,479.0,,-754.0,-1061.0,-376.0,209.0,1533.0
466.0,249.0,-338.0,439.0,,-1021.0,-998.0,-219.0,59.0,1559.0
467.0,-293.0,-274.0,321.0,,-808.0,-841.0,-97.0,188.0,1602.0
400.0,-564.0,-166.0,363.0,,-749.0,-735.0,49.0,336.0,1707.0
384.0,-88.0,-129.0,487.0,,-1080.0,-746.0,-33.0,357.0,1787.0
390.0,-585.0,-3.0,532.0,,-993.0,-714.0,-29.0,194.0,1796.0
369.0,-852.0,3.0,540.0,,-878.0,-776.0,-260.0,121.0,1840.0
341.0,-558.0,95.0,467.0,,-1025.0,-786.0,-384.0,79.0,1930.0
342.0,-592.0,227.0,350.0,,-813.0,-920.0,-476.0,197.0,1908.0
370.0,179.0,284.0,323.0,,-730.0,-1094.0,-522.0,-62.0,1888.0
364.0,515.0,345.0,435.0,,-1129.0,-1173.0,-279.0,-687.0,1803.0
333.0,730.0,390.0,599.0,,-955.0,-1224.0,-203.0,-850.0,1647.0
270.0,-422.0,502.0,702.0,,-607.0,-1202.0,20.0,-785.0,1620.0
279.0,-846.0,492.0,719.0,,-1010.0,-1118.0,218.0,-893.0,1611.0
289.0,-141.0,577.0,693.0,,-1125.0,-827.0,325.0,-1095.0,1554.0
255.0,-14.0,545.0,665.0,,-648.0,-610.0,243.0,-1505.0,1444.0
219.0,95.0,535.0,516.0,,-655.0,-461.0,38.0,-1585.0,1363.0
236.0,-375.0,529.0,358.0,,-790.0,-353.0,133.0,-1157.0,1321.0
259.0,-472.0,414.0,245.0,,-493.0,-405.0,153.0,-992.0,1274.0
218.0,-233.0,450.0,-20.0,,-474.0,-426.0,325.0,-1118.0,1286.0
228.0,-104.0,372.0,-278.0,,-585.0,-495.0,376.0,-1189.0,1294.0
239.0,37.0,365.0,-389.0,,-406.0,-589.0,339.0,-1137.0,1267.0
263.0,1666.0,389.0,-350.0,,-278.0,-659.0,419.0,-1104.0,1183.0
234.0,2659.0,343.0,-112.0,,-70.0,-745.0,402.0,-854.0,1055.0
214.0,1844.0,389.0,104.0,,39.0,-791.0,628.0,-835.0,886.0
207.0,1957.0,467.0,218.0,,-271.0,-765.0,650.0,-1008.0,695.0
161.0,2247.0,475.0,360.0,,-423.0,-720.0,737.0,-664.0,615.0
151.0,1301.0,524.0,442.0,,-116.0,-656.0,909.0,-348.0,614.0
144.0,284.0,581.0,404.0,,152.0,-588.0,975.0,-10.0,620.0
165.0,1245.0,561.0,319.0,,-79.0,-537.0,1069.0,24.0,652.0
148.0,2022.0,598.0,213.0,,-154.0,-488.0,864.0,-329.0,671.0
137.0,1138.0,584.0,47.0,,223.0,-475.0,838.0,-354.0,666.0
80.0,91.0,644.0,-259.0,,46.0,-431.0,805.0,-205.0,684.0
-24.0,-58.0,737.0,-657.0,,-73.0,-409.0,779.0,-213.0,676.0
-112.0,-119.0,741.0,-951.0,,486.0,-400.0,846.0,-133.0,680.0
-213.0,-386.0,853.0,-1113.0,,490.0,-455.0,774.0,-39.0,651.0
-311.0,-145.0,982.0,-1174.0,,193.0,-516.0,909.0,-95.0,574.0
-436.0,-179.0,1024.0,-1119.0,,513.0,-414.0,1016.0,160.0,488.0
-501.0,-139.0,1035.0,-1006.0,,689.0,-208.0,1250.0,125.0,342.0
-485.0,-248.0,1039.0,-997.0,,632.0,40.0,1494.0,193.0,235.0
-449.0,-121.0,1022.0,-1028.0,,795.0,256.0,1592.0,343.0,137.0
-419.0,-131.0,979.0,-892.0,,642.0,475.0,1635.0,234.0,7.0
-407.0,-917.0,931.0,-756.0,,612.0,538.0,1583.0,474.0,-148.0
-386.0,-1155.0,855.0,-736.0,,1035.0,467.0,1603.0,575.0,-294.0
-371.0,-748.0,762.0,-671.0,,1027.0,400.0,1280.0,395.0,-444.0
-398.0,-955.0,672.0,-557.0,,936.0,262.0,958.0,20.0,-542.0
-398.0,-1147.0,529.0,-438.0,,1220.0,102.0,702.0,169.0,-549.0
-355.0,-570.0,353.0,-381.0,,1275.0,-67.0,419.0,566.0,-578.0
-315.0,-847.0,216.0,-501.0,,1401.0,-144.0,386.0,587.0,-557.0
-293.0,-918.0,57.0,-569.0,,1652.0,-91.0,264.0,781.0,-524.0
-265.0,-809.0,-130.0,-623.0,,1535.0,59.0,330.0,554.0,-478.0
-204.0,-931.0,-238.0,-769.0,,1460.0,165.0,452.0,229.0,-395.0
-155.0,-537.0,-392.0,-851.0,,1330.0,131.0,676.0,521.0,-271.0
-141.0,-654.0,-539.0,-868.0,,1242.0,109.0,1016.0,607.0,-121.0
-134.0,-672.0,-610.0,-754.0,,1608.0,90.0,1090.0,483.0,40.0
-66.0,-224.0,-731.0,-653.0,,1519.0,62.0,1149.0,552.0,217.0
11.0,-765.0,-793.0,-645.0,,948.0,107.0,940.0,904.0,342.0
83.0,-2117.0,-853.0,-645.0,,1166.0,147.0,685.0,842.0,482.0
112.0,-2401.0,-958.0,-593.0,,1625.0,56.0,404.0,564.0,617.0
95.0,-2251.0,-1068.0,-419.0,,1532.0,40.0,20.0,619.0,731.0
89.0,-1391.0,-1057.0,-231.0,,1574.0,48.0,-171.0,474.0,784.0
47.0,-251.0,-1073.0,-140.0,,1759.0,-35.0,-413.0,493.0,876.0
22.0,226.0,-1131.0,-138.0,,1754.0,-48.0,-432.0,413.0,1047.0
12.0,431.0,-1089.0,-169.0,,1710.0,-149.0,-469.0,464.0,1208.0
41.0,-31.0,-1208.0,-249.0,,1689.0,-252.0,-565.0,451.0,1396.0
89.0,307.0,-1187.0,-272.0,,1542.0,-207.0,-570.0,134.0,1552.0
145.0,538.0,-1188.0,-224.0,,1476.0,-45.0,-633.0,157.0,1637.0
221.0,662.0,-1235.0,-190.0,,1469.0,135.0,-471.0,117.0,1650.0
318.0,843.0,-1200.0,-74.0,,1342.0,298.0,-380.0,286.0,1692.0
395.0,141.0,-1215.0,-39.0,,1402.0,493.0,-186.0,501.0,1759.0
380.0,-320.0,-1209.0,-100.0,,1446.0,664.0,36.0,582.0,1736.0
379.0,-625.0,-1217.0,-142.0,,1349.0,735.0,84.0,688.0,1643.0
397.0,-490.0,-1126.0,-176.0,,1254.0,660.0,107.0,509.0,1567.0
419.0,-921.0,-1116.0,-63.0,,1419.0,685.0,-138.0,480.0,1397.0
421.0,-1524.0,-1036.0,89.0,,1537.0,645.0,-338.0,680.0,1160.0
421.0,-97.0,-957.0,211.0,,1193.0,406.0,-611.0,772.0,1062.0
472.0,937.0,-866.0,362.0,,1145.0,194.0,-892.0,266.0,971.0
515.0,1041.0,-722.0,606.0,,1466.0,39.0,-1171.0,-35.0,813.0
491.0,987.0,-586.0,901.0,,1279.0,-30.0,-1476.0,520.0,740.0
445.0,-14.0,-415.0,1193.0,,802.0,-51.0,-1524.0,361.0,758.0
457.0,198.0,-277.0,1449.0,,913.0,-54.0,-1716.0,145.0,686.0
455.0,-136.0,-89.0,1555.0,,975.0,-60.0,-1679.0,39.0,613.0
404.0,-556.0,-6.0,1583.0,,613.0,-29.0,-1544.0,-483.0,686.0
301.0,701.0,124.0,1729.0,,644.0,20.0,-1335.0,-316.0,755.0
193.0,712.0,172.0,1867.0,,931.0,118.0,-912.0,-208.0,769.0
55.0,916.0,302.0,1833.0,,894.0,99.0,-868.0,-307.0,774.0
-123.0,1337.0,389.0,1839.0,,757.0,-4.0,-781.0,-505.0,811.0
-278.0,1132.0,444.0,1772.0,,840.0,-2.0,-833.0,-534.0,750.0
-421.0,1177.0,615.0,1619.0,,950.0,-12.0,-973.0,20.0,661.0
-556.0,771.0,642.0,1469.0,,918.0,17.0,-949.0,-78.0,792.0
-711.0,424.0,833.0,1340.0,,651.0,59.0,-933.0,-300.0,923.0
-806.0,283.0,909.0,1264.0,,494.0,121.0,-864.0,-374.0,937.0
-853.0,-383.0,1023.0,1068.0,,621.0,188.0,-1049.0,-687.0,1043.0
-931.0,-776.0,1137.0,826.0,,795.0,199.0,-1175.0,-614.0,1236.0
-1004.0,-747.0,1199.0,709.0,,930.0,186.0,-1343.0,-809.0,1341.0
-1059.0,-598.0,1333.0,820.0,,960.0,214.0,-1491.0,-1270.0,1412.0
-1034.0,-1.0,1363.0,951.0,,980.0,302.0,-1528.0,-1288.0,1642.0
-962.0,-30.0,1465.0,983.0,,1016.0,298.0,-1694.0,-1373.0,1963.0
-890.0,359.0,1472.0,989.0,,1035.0,246.0,-1598.0,-1634.0,2118.0
-812.0,967.0,1513.0,856.0,,1047.0,214.0,-1420.0,-1536.0,2203.0
-732.0,51.0,1469.0,588.0,,1091.0,240.0,-1132.0,-1644.0,2419.0
-679.0,-494.0,1469.0,350.0,,1020.0,306.0,-916.0,-1990.0,2418.0
-709.0,380.0,1516.0,179.0,,667.0,327.0,-755.0,-1842.0,2161.0
-734.0,1627.0,1407.0,1.0,,534.0,397.0,-423.0,-1314.0,1948.0
-721.0,2087.0,1438.0,-120.0,,863.0,444.0,-319.0,-1267.0,1667.0
-690.0,2115.0,1404.0,-258.0,,1085.0,501.0,-206.0,-1634.0,1194.0
-647.0,1595.0,1396.0,-394.0,,1193.0,615.0,-306.0,-1324.0,746.0
-598.0,653.0,1384.0,-495.0,,1240.0,634.0,-406.0,-724.0,458.0
-540.0,503.0,1364.0,-590.0,,1128.0,622.0,-317.0,-403.0,142.0
-462.0,329.0,1410.0,-705.0,,978.0,593.0,-397.0,-80.0,-167.0
-428.0,299.0,1376.0,-794.0,,779.0,548.0,-317.0,312.0,-314.0
-473.0,-104.0,1414.0,-723.0,,907.0,507.0,-262.0,458.0,-441.0
-483.0,-249.0,1385.0,-775.0,,1040.0,416.0,-73.0,504.0,-664.0
-487.0,577.0,1376.0,-910.0,,761.0,333.0,166.0,692.0,-830.0
-506.0,434.0,1346.0,-928.0,,615.0,288.0,362.0,986.0,-945.0
-562.0,401.0,1292.0,-885.0,,772.0,242.0,617.0,663.0,-1122.0
-642.0,527.0,1246.0,-801.0,,784.0,233.0,615.0,340.0,-1305.0
-682.0,1050.0,1054.0,-657.0,,640.0,158.0,694.0,706.0,-1468.0
-747.0,1190.0,1021.0,-369.0,,878.0,-24.0,639.0,698.0,-1527.0
-848.0,490.0,889.0,-159.0,,1145.0,-119.0,657.0,602.0,-1497.0
-944.0,1288.0,794.0,-62.0,,875.0,-213.0,737.0,652.0,-1523.0
-978.0,1368.0,730.0,67.0,,792.0,-297.0,641.0,913.0,-1516.0
-955.0,-128.0,610.0,176.0,,932.0,-303.0,761.0,920.0,-1387.0
-920.0,-979.0,689.0,238.0,,727.0,-215.0,681.0,890.0,-1361.0
-876.0,-354.0,540.0,179.0,,626.0,-38.0,633.0,687.0,-1407.0
-823.0,-355.0,548.0,51.0,,583.0,60.0,447.0,612.0,-1324.0
-765.0,-792.0,535.0,27.0,,422.0,141.0,114.0,1082.0,-1300.0
-671.0,-296.0,382.0,85.0,,382.0,147.0,77.0,841.0,-1402.0
-552.0,-295.0,398.0,157.0,,563.0,148.0,35.0,882.0,-1414.0
-396.0,-57.0,246.0,342.0,,621.0,165.0,242.0,1020.0,-1373.0
-224.0,-725.0,188.0,650.0,,523.0,82.0,465.0,957.0,-1433.0
-56.0,-1013.0,115.0,821.0,,757.0,44.0,740.0,1178.0,-1444.0
94.0,-532.0,-17.0,807.0,,758.0,-28.0,973.0,1362.0,-1301.0
192.0,-1482.0,-73.0,716.0,,448.0,-120.0,903.0,1367.0,-1221.0
261.0,-1654.0,-187.0,499.0,,479.0,-114.0,872.0,1316.0,-1198.0
261.0,-1552.0,-279.0,275.0,,865.0,-106.0,698.0,1308.0,-1081.0
262.0,-1094.0,-377.0,41.0,,813.0,-123.0,654.0,1216.0,-947.0
261.0,-966.0,-480.0,-273.0,,440.0,-70.0,570.0,1501.0,-844.0
261.0,55.0,-543.0,-435.0,,789.0,-60.0,476.0,1576.0,-792.0
231.0,1768.0,-552.0,-491.0,,947.0,-164.0,580.0,1456.0,-759.0
171.0,356.0,-590.0,-566.0,,367.0,-285.0,593.0,1557.0,-735.0
162.0,-396.0,-642.0,-451.0,,356.0,-359.0,722.0,1575.0,-721.0
133.0,-434.0,-647.0,-262.0,,650.0,-389.0,691.0,1647.0,-730.0
112.0,132.0,-733.0,-207.0,,298.0,-552.0,764.0,1530.0,-740.0
39.0,259.0,-782.0,-211.0,,313.0,-687.0,886.0,1332.0,-666.0
16.0,-380.0,-798.0,-287.0,,558.0,-702.0,840.0,1233.0,-539.0
49.0,979.0,-854.0,-392.0,,394.0,-660.0,923.0,804.0,-282.0
55.0,-53.0,-900.0,-470.0,,290.0,-602.0,824.0,539.0,-45.0
44.0,-2479.0,-944.0,-549.0,,330.0,-571.0,846.0,677.0,111.0
-12.0,-2601.0,-971.0,-498.0,,545.0,-515.0,689.0,746.0,284.0
-24.0,-1153.0,-968.0,-237.0,,346.0,-539.0,432.0,595.0,394.0
-20.0,-1345.0,-923.0,-2.0,,255.0,-564.0,308.0,175.0,471.0
-37.0,-1791.0,-914.0,126.0,,395.0,-578.0,25.0,-142.0,518.0
-76.0,-419.0,-878.0,304.0,,233.0,-598.0,-48.0,-36.0,543.0
-77.0,-42.0,-841.0,587.0,,286.0,-656.0,-131.0,17.0,515.0
-55.0,-379.0,-787.0,793.0,,290.0,-791.0,-36.0,-535.0,540.0
-86.0,-658.0,-725.0,845.0,,275.0,-944.0,103.0,-776.0,621.0
-136.0,-1016.0,-669.0,847.0,,173.0,-1049.0,184.0,-626.0,624.0
-84.0,-1406.0,-570.0,809.0,,87.0,-1026.0,299.0,-945.0,633.0
41.0,-529.0,-470.0,705.0,,27.0,-906.0,168.0,-1023.0,578.0
138.0,744.0,-407.0,608.0,,-150.0,-714.0,227.0,-782.0,410.0
230.0,1369.0,-358.0,773.0,,-81.0,-582.0,254.0,-720.0,213.0
323.0,810.0,-265.0,968.0,,-204.0,-512.0,345.0,-647.0,91.0
433.0,541.0,-220.0,1095.0,,-338.0,-421.0,447.0,-706.0,-79.0
492.0,1944.0,-134.0,1199.0,,-283.0,-307.0,295.0,-704.0,-232.0
482.0,1211.0,-79.0,1118.0,,52.0,-190.0,238.0,-631.0,-205.0
456.0,-400.0,-46.0,1126.0,,239.0,-150.0,-25.0,-624.0,-300.0
446.0,-183.0,50.0,1267.0,,-219.0,-93.0,-210.0,-604.0,-434.0
447.0,1312.0,91.0,1370.0,,-488.0,16.0,-354.0,-786.0,-512.0
466.0,1102.0,130.0,1354.0,,-479.0,154.0,-467.0,-669.0,-688.0
493.0,-191.0,188.0,1281.0,,-394.0,333.0,-358.0,-480.0,-834.0
502.0,759.0,294.0,1186.0,,-499.0,440.0,-327.0,-540.0,-909.0
541.0,642.0,315.0,1096.0,,-463.0,445.0,-168.0,-446.0,-1000.0
558.0,-737.0,369.0,1019.0,,-259.0,448.0,-230.0,-468.0,-1062.0
512.0,-1188.0,432.0,873.0,,-586.0,432.0,-230.0,-486.0,-979.0
410.0,-483.0,372.0,834.0,,-859.0,248.0,-134.0,-340.0,-860.0
390.0,-1274.0,442.0,861.0,,-596.0,50.0,-236.0,-406.0,-725.0
431.0,-2579.0,437.0,750.0,,-321.0,-61.0,-242.0,-908.0,-469.0
411.0,-533.0,483.0,602.0,,-519.0,-67.0,-445.0,-1128.0,-314.0
370.0,-439.0,593.0,519.0,,-630.0,98.0,-513.0,-1015.0,-285.0
333.0,-1045.0,642.0,442.0,,-632.0,246.0,-685.0,-1598.0,-148.0
376.0,-335.0,803.0,349.0,,-683.0,375.0,-914.0,-1697.0,34.0
382.0,-81.0,897.0,237.0,,-553.0,495.0,-955.0,-1485.0,123.0
338.0,1171.0,1031.0,71.0,,-370.0,696.0,-1058.0,-1824.0,189.0
301.0,1087.0,1123.0,-72.0,,-421.0,908.0,-885.0,-1850.0,325.0
313.0,853.0,1194.0,-160.0,,-724.0,965.0,-781.0,-1931.0,417.0
363.0,1083.0,1335.0,-259.0,,-699.0,1097.0,-415.0,-1865.0,382.0
307.0,798.0,1486.0,-322.0,,-602.0,1347.0,29.0,-2053.0,308.0
258.0,690.0,1584.0,-519.0,,-667.0,1614.0,109.0,-2195.0,308.0
257.0,1012.0,1592.0,-857.0,,-754.0,1848.0,114.0,-1939.0,277.0
320.0,1090.0,1720.0,-1145.0,,-824.0,2028.0,-145.0,-1734.0,97.0
368.0,667.0,1689.0,-1377.0,,-1020.0,2055.0,-332.0,-1146.0,11.0
380.0,766.0,1668.0,-1544.0,,-1039.0,1966.0,-641.0,-986.0,-52.0
446.0,964.0,1732.0,-1727.0,,-609.0,1849.0,-842.0,-993.0,-264.0
538.0,1345.0,1664.0,-1817.0,,-638.0,1682.0,-746.0,-608.0,-408.0
595.0,946.0,1677.0,-1716.0,,-888.0,1541.0,-620.0,-49.0,-478.0
550.0,1062.0,1584.0,-1567.0,,-755.0,1358.0,-254.0,223.0,-688.0
532.0,2632.0,1556.0,-1494.0,,-694.0,1237.0,-131.0,282.0,-902.0
499.0,2669.0,1511.0,-1435.0,,-879.0,1273.0,-127.0,564.0,-960.0
414.0,1767.0,1412.0,-1282.0,,-927.0,1315.0,-242.0,835.0,-1013.0
307.0,1388.0,1442.0,-1084.0,,-684.0,1333.0,-362.0,1140.0,-1199.0
232.0,511.0,1350.0,-957.0,,-583.0,1310.0,-312.0,1241.0,-1395.0
198.0,-302.0,1342.0,-781.0,,-665.0,1240.0,-412.0,1367.0,-1356.0
142.0,-440.0,1283.0,-646.0,,-384.0,1174.0,-293.0,1328.0,-1322.0
120.0,4.0,1215.0,-698.0,,-160.0,1152.0,-212.0,1242.0,-1403.0
77.0,61.0,1193.0,-703.0,,-457.0,1191.0,-140.0,1324.0,-1357.0
58.0,-892.0,1104.0,-636.0,,-692.0,1255.0,-88.0,1229.0,-1379.0
18.0,-994.0,1086.0,-429.0,,-634.0,1216.0,-133.0,1211.0,-1512.0
-17.0,-1019.0,997.0,-278.0,,-603.0,1121.0,53.0,956.0,-1448.0
-41.0,-1537.0,906.0,-306.0,,-999.0,1005.0,88.0,863.0,-1309.0
-90.0,-1266.0,844.0,-171.0,,-1033.0,785.0,192.0,921.0,-1248.0
-110.0,-627.0,800.0,-1.0,,-719.0,555.0,168.0,725.0,-1162.0
-148.0,-437.0,746.0,-17.0,,-947.0,363.0,46.0,418.0,-959.0
-177.0,-1061.0,681.0,4.0,,-1075.0,230.0,62.0,342.0,-628.0
-273.0,-1376.0,575.0,257.0,,-915.0,157.0,-94.0,597.0,-425.0
-381.0,-173.0,494.0,540.0,,-782.0,175.0,-16.0,476.0,-264.0
-471.0,447.0,402.0,754.0,,-924.0,333.0,5.0,283.0,23.0
-520.0,-456.0,310.0,933.0,,-888.0,478.0,48.0,-27.0,328.0
-536.0,24.0,278.0,1072.0,,-709.0,592.0,131.0,137.0,557.0
-625.0,864.0,138.0,1170.0,,-960.0,688.0,158.0,617.0,682.0
-726.0,25.0,88.0,1220.0,,-888.0,713.0,334.0,158.0,892.0
-807.0,-933.0,7.0,1317.0,,-616.0,609.0,351.0,285.0,1063.0
-847.0,-1164.0,-26.0,1391.0,,-691.0,471.0,519.0,585.0,1230.0
-925.0,-1455.0,-30.0,1442.0,,-875.0,381.0,574.0,197.0,1433.0
-1010.0,-2181.0,-44.0,1564.0,,-730.0,239.0,609.0,308.0,1481.0
-1027.0,-3093.0,2.0,1615.0,,-421.0,21.0,752.0,353.0,1522.0
-1001.0,-3257.0,-32.0,1515.0,,-502.0,-135.0,753.0,310.0,1635.0
-975.0,-2981.0,-11.0,1354.0,,-605.0,-160.0,896.0,174.0,1758.0
-941.0,-3420.0,-93.0,1287.0,,-607.0,-251.0,964.0,-57.0,1667.0
-883.0,-2839.0,-131.0,1365.0,,-792.0,-394.0,1143.0,203.0,1411.0
-821.0,-1721.0,-187.0,1397.0,,-702.0,-549.0,1101.0,149.0,1205.0
-785.0,-1339.0,-203.0,1249.0,,-280.0,-654.0,892.0,-299.0,1007.0
-808.0,-1045.0,-158.0,1015.0,,-287.0,-686.0,742.0,-495.0,757.0
-797.0,-774.0,-222.0,775.0,,-664.0,-735.0,352.0,-557.0,483.0
-765.0,-711.0,-145.0,498.0,,-655.0,-729.0,225.0,-438.0,274.0
-725.0,-707.0,-151.0,317.0,,-514.0,-702.0,55.0,-106.0,47.0
-649.0,-319.0,-156.0,215.0,,-848.0,-687.0,73.0,-423.0,-214.0
-571.0,13.0,-130.0,152.0,,-882.0,-676.0,277.0,-429.0,-377.0
-510.0,470.0,-157.0,121.0,,-450.0,-637.0,269.0,-309.0,-436.0
-520.0,-375.0,-168.0,48.0,,-478.0,-651.0,454.0,-449.0,-570.0
-546.0,-1723.0,-220.0,10.0,,-828.0,-701.0,436.0,170.0,-683.0
-538.0,-1100.0,-203.0,-152.0,,-699.0,-704.0,393.0,125.0,-635.0
-527.0,8.0,-220.0,-381.0,,-225.0,-718.0,325.0,-28.0,-666.0
-513.0,1079.0,-264.0,-451.0,,-340.0,-743.0,223.0,32.0,-827.0
-470.0,1493.0,-215.0,-440.0,,-569.0,-797.0,260.0,288.0,-959.0
-433.0,427.0,-220.0,-593.0,,-357.0,-861.0,197.0,741.0,-1114.0
-449.0,-665.0,-185.0,-816.0,,-319.0,-862.0,279.0,643.0,-1319.0
-465.0,-1124.0,-156.0,-863.0,,-528.0,-857.0,293.0,815.0,-1468.0
-454.0,-759.0,-189.0,-840.0,,-575.0,-961.0,439.0,1215.0,-1649.0
-456.0,-228.0,-150.0,-750.0,,-409.0,-1053.0,655.0,1592.0,-1769.0
-500.0,-1081.0,-225.0,-732.0,,-438.0,-1057.0,740.0,1821.0,-1774.0
-505.0,-1201.0,-227.0,-783.0,,-406.0,-1072.0,792.0,2171.0,-1781.0
-435.0,138.0,-253.0,-838.0,,-179.0,-1146.0,707.0,1947.0,-1616.0
-380.0,98.0,-306.0,-947.0,,-402.0,-1266.0,886.0,1827.0,-1441.0
-349.0,-90.0,-321.0,-1054.0,,-602.0,-1407.0,964.0,2094.0,-1384.0
-329.0,556.0,-425.0,-1216.0,,-415.0,-1486.0,901.0,1748.0,-1209.0
-297.0,1950.0,-447.0,-1282.0,,-498.0,-1506.0,792.0,1674.0,-1022.0
-300.0,3502.0,-531.0,-1190.0,,-814.0,-1550.0,548.0,1287.0,-969.0
-345.0,2699.0,-553.0,-1052.0,,-903.0,-1565.0,452.0,1249.0,-829.0
-344.0,1905.0,-624.0,-1039.0,,-750.0,-1532.0,192.0,1483.0,-565.0
-345.0,1669.0,-664.0,-1096.0,,-755.0,-1475.0,66.0,1151.0,-485.0
-331.0,1126.0,-668.0,-1128.0,,-891.0,-1428.0,64.0,877.0,-498.0
-303.0,787.0,-756.0,-1262.0,,-889.0,-1349.0,169.0,766.0,-422.0
-290.0,-619.0,-668.0,-1506.0,,-1043.0,-1241.0,484.0,838.0,-344.0
-265.0,-784.0,-687.0,-1739.0,,-1137.0,-1198.0,583.0,574.0,-317.0
-243.0,588.0,-726.0,-1756.0,,-753.0,-1156.0,776.0,829.0,-358.0
-166.0,1305.0,-687.0,-1723.0,,-649.0,-1165.0,763.0,889.0,-339.0
-88.0,746.0,-715.0,-1716.0,,-1068.0,-1258.0,642.0,381.0,-278.0
5.0,670.0,-697.0,-1582.0,,-1135.0,-1324.0,604.0,360.0,-270.0
157.0,1162.0,-617.0,-1360.0,,-793.0,-1335.0,498.0,181.0,-203.0
279.0,881.0,-542.0,-1070.0,,-723.0,-1307.0,633.0,-34.0,-91.0
360.0,1277.0,-453.0,-872.0,,-828.0,-1262.0,644.0,-573.0,-10.0
402.0,618.0,-348.0,-862.0,,-391.0,-1240.0,696.0,-1134.0,68.0
491.0,279.0,-232.0,-944.0,,-184.0,-1227.0,683.0,-1021.0,127.0
606.0,811.0,-122.0,-1070.0,,-605.0,-1186.0,548.0,-953.0,186.0
729.0,736.0,-60.0,-1091.0,,-630.0,-1136.0,511.0,-1071.0,231.0
860.0,1658.0,7.0,-1041.0,,-398.0,-1070.0,251.0,-1052.0,190.0
952.0,2410.0,49.0,-1027.0,,-600.0,-1033.0,123.0,-1356.0,171.0
1025.0,3212.0,152.0,-948.0,,-990.0,-1087.0,33.0,-1481.0,206.0
1046.0,3398.0,224.0,-862.0,,-696.0,-1190.0,49.0,-1053.0,181.0
1057.0,2054.0,225.0,-796.0,,-398.0,-1233.0,173.0,-848.0,175.0
1028.0,765.0,344.0,-653.0,,-648.0,-1202.0,192.0,-910.0,202.0
1019.0,1197.0,343.0,-471.0,,-615.0,-1198.0,397.0,-1113.0,261.0
1074.0,793.0,346.0,-268.0,,-408.0,-1172.0,465.0,-963.0,406.0
1153.0,-554.0,399.0,-56.0,,-575.0,-1133.0,578.0,-670.0,582.0
1267.0,464.0,332.0,190.0,,-857.0,-1073.0,578.0,-702.0,774.0
1339.0,1207.0,310.0,445.0,,-644.0,-942.0,426.0,-839.0,916.0
1388.0,1072.0,253.0,595.0,,-469.0,-981.0,293.0,-947.0,1040.0
1435.0,364.0,181.0,564.0,,-731.0,-1058.0,-77.0,-883.0,1175.0
1470.0,398.0,98.0,539.0,,-748.0,-1061.0,-218.0,-777.0,1231.0
1475.0,315.0,95.0,743.0,,-536.0,-1020.0,-485.0,-870.0,1241.0
1484.0,277.0,-12.0,923.0,,-599.0,-850.0,-726.0,-985.0,1285.0
1526.0,1491.0,-184.0,1032.0,,-551.0,-707.0,-816.0,-968.0,1308.0
1539.0,879.0,-172.0,1027.0,,-313.0,-562.0,-938.0,-851.0,1287.0
1522.0,343.0,-293.0,899.0,,-509.0,-512.0,-715.0,-491.0,1234.0
1519.0,-300.0,-352.0,863.0,,-700.0,-559.0,-609.0,-483.0,1100.0
1564.0,-899.0,-388.0,998.0,,-331.0,-654.0,-436.0,-902.0,936.0
1562.0,-1282.0,-480.0,1314.0,,-4.0,-780.0,-391.0,-939.0,789.0
1523.0,-1711.0,-460.0,1621.0,,-260.0,-851.0,-404.0,-579.0,706.0
1516.0,-2289.0,-492.0,1894.0,,-438.0,-913.0,-247.0,-544.0,565.0
1527.0,-3262.0,-450.0,2014.0,,-242.0,-846.0,-319.0,-619.0,460.0
1541.0,-1664.0,-425.0,2036.0,,-419.0,-790.0,-262.0,-506.0,487.0
1520.0,626.0,-401.0,2068.0,,-594.0,-698.0,-419.0,-574.0,532.0
1498.0,1626.0,-295.0,2098.0,,-285.0,-525.0,-524.0,-381.0,694.0
1421.0,643.0,-344.0,2138.0,,-333.0,-472.0,-545.0,-45.0,789.0
1325.0,-996.0,-242.0,1993.0,,-713.0,-400.0,-691.0,40.0,760.0
1262.0,-2448.0,-137.0,1830.0,,-473.0,-326.0,-674.0,-111.0,706.0
1144.0,-3066.0,-138.0,1749.0,,64.0,-358.0,-881.0,-236.0,692.0
1045.0,-2190.0,-29.0,1636.0,,-79.0,-386.0,-962.0,-47.0,653.0
998.0,-2314.0,-4.0,1542.0,,-375.0,-314.0,-1082.0,260.0,445.0
992.0,-2608.0,66.0,1496.0,,-68.0,-179.0,-1079.0,338.0,257.0
984.0,-2465.0,132.0,1431.0,,85.0,-47.0,-899.0,155.0,215.0
941.0,-2086.0,158.0,1351.0,,-196.0,44.0,-816.0,221.0,246.0
889.0,-2418.0,174.0,1310.0,,-212.0,126.0,-491.0,471.0,266.0
788.0,-2231.0,222.0,1171.0,,68.0,169.0,-402.0,577.0,388.0
677.0,-1501.0,290.0,890.0,,-87.0,197.0,-288.0,495.0,505.0
559.0,-2327.0,244.0,695.0,,-294.0,291.0,-412.0,342.0,526.0
435.0,-2739.0,313.0,577.0,,-19.0,379.0,-705.0,169.0,653.0
333.0,-2911.0,370.0,394.0,,-73.0,457.0,-792.0,308.0,826.0
225.0,-1768.0,387.0,257.0,,-444.0,503.0,-1099.0,822.0,829.0
106.0,-69.0,452.0,103.0,,-279.0,509.0,-1138.0,857.0,737.0
18.0,216.0,499.0,-99.0,,39.0,491.0,-1099.0,300.0,784.0
-68.0,311.0,605.0,-234.0,,-299.0,388.0,-864.0,89.0,915.0
-199.0,65.0,644.0,-455.0,,-509.0,257.0,-552.0,431.0,911.0
-297.0,-1216.0,711.0,-749.0,,-1.0,168.0,-304.0,509.0,808.0
-393.0,-2923.0,805.0,-918.0,,379.0,155.0,9.0,601.0,819.0
-499.0,-2008.0,829.0,-954.0,,80.0,170.0,-94.0,477.0,803.0
-597.0,-1135.0,884.0,-967.0,,-193.0,113.0,-18.0,224.0,655.0
-712.0,-1413.0,921.0,-985.0,,-22.0,84.0,72.0,391.0,655.0
-833.0,-384.0,906.0,-906.0,,-106.0,99.0,51.0,433.0,633.0
-935.0,421.0,963.0,-933.0,,-277.0,138.0,7.0,723.0,424.0
-1033.0,1283.0,976.0,-1020.0,,-323.0,237.0,-182.0,684.0,303.0
-1119.0,2357.0,921.0,-954.0,,-652.0,400.0,-242.0,548.0,346.0
-1173.0,3360.0,941.0,-858.0,,-809.0,545.0,-456.0,875.0,276.0
-1230.0,3651.0,868.0,-674.0,,-478.0,648.0,-365.0,1166.0,71.0
-1281.0,4358.0,841.0,-564.0,,-442.0,755.0,-225.0,1391.0,-8.0
-1347.0,5750.0,796.0,-591.0,,-893.0,794.0,-190.0,1203.0,-45.0
-1372.0,5798.0,742.0,-717.0,,-925.0,791.0,109.0,1142.0,-44.0
-1364.0,4562.0,751.0,-999.0,,-406.0,771.0,290.0,1306.0,-31.0
-1322.0,2872.0,717.0,-1190.0,,-456.0,808.0,509.0,1463.0,-35.0
-1236.0,2215.0,670.0,-1281.0,,-934.0,861.0,561.0,1399.0,38.0
-1158.0,1609.0,634.0,-1480.0,,-874.0,885.0,654.0,1122.0,112.0
-1080.0,314.0,634.0,-1761.0,,-789.0,910.0,776.0,1019.0,273.0
-1024.0,88.0,545.0,-1958.0,,-1030.0,818.0,761.0,841.0,364.0
-999.0,577.0,526.0,-2106.0,,-1047.0,733.0,944.0,774.0,342.0
-1013.0,532.0,455.0,-2128.0,,-768.0,689.0,868.0,638.0,412.0
-958.0,-292.0,445.0,-1929.0,,-1000.0,621.0,800.0,209.0,419.0
-884.0,-1754.0,435.0,-1709.0,,-1325.0,554.0,731.0,51.0,351.0
-858.0,-2326.0,354.0,-1626.0,,-1095.0,537.0,576.0,278.0,301.0
-835.0,-1919.0,335.0,-1583.0,,-993.0,626.0,471.0,288.0,302.0
-820.0,-1546.0,281.0,-1453.0,,-1005.0,754.0,181.0,-161.0,345.0
-823.0,-1111.0,294.0,-1418.0,,-895.0,928.0,149.0,-577.0,284.0
-886.0,-1366.0,242.0,-1468.0,,-771.0,1157.0,210.0,-698.0,261.0
-916.0,-1784.0,226.0,-1339.0,,-985.0,1338.0,393.0,-543.0,348.0
-883.0,-1709.0,207.0,-1205.0,,-1214.0,1451.0,681.0,-218.0,365.0
-840.0,-1366.0,203.0,-1124.0,,-912.0,1444.0,807.0,-96.0,379.0
-825.0,-1070.0,126.0,-930.0,,-686.0,1325.0,875.0,-230.0,394.0
-792.0,-823.0,89.0,-814.0,,-747.0,1238.0,720.0,-296.0,370.0
-716.0,18.0,100.0,-685.0,,-582.0,1176.0,635.0,22.0,325.0
-644.0,555.0,1.0,-276.0,,-306.0,1048.0,399.0,390.0,160.0
-559.0,5.0,-23.0,266.0,,-442.0,906.0,267.0,500.0,18.0
-444.0,-318.0,-155.0,793.0,,-497.0,804.0,356.0,384.0,-81.0
-323.0,1174.0,-208.0,1131.0,,-76.0,677.0,314.0,274.0,-292.0
-181.0,2217.0,-310.0,1261.0,,-24.0,525.0,489.0,607.0,-393.0
-23.0,1671.0,-497.0,1273.0,,-277.0,398.0,454.0,800.0,-380.0
81.0,1536.0,-601.0,1246.0,,-138.0,364.0,369.0,756.0,-497.0
165.0,1062.0,-725.0,1209.0,,-77.0,429.0,362.0,537.0,-613.0
261.0,609.0,-786.0,866.0,,-298.0,498.0,358.0,281.0,-509.0
348.0,1861.0,-899.0,259.0,,-41.0,573.0,476.0,369.0,-453.0
406.0,3878.0,-924.0,-276.0,,623.0,682.0,428.0,313.0,-437.0
464.0,4199.0,-981.0,-583.0,,492.0,717.0,559.0,251.0,-301.0
526.0,3862.0,-1019.0,-746.0,,64.0,674.0,528.0,-54.0,-246.0
575.0,4491.0,-1034.0,-866.0,,511.0,678.0,360.0,-543.0,-159.0
610.0,4443.0,-1154.0,-975.0,,787.0,711.0,336.0,-572.0,-65.0
590.0,3720.0,-1119.0,-977.0,,338.0,736.0,238.0,-465.0,32.0
544.0,2780.0,-1186.0,-736.0,,92.0,707.0,264.0,-640.0,86.0
511.0,741.0,-1205.0,-480.0,,455.0,662.0,92.0,-759.0,76.0
495.0,-1514.0,-1237.0,-215.0,,476.0,635.0,-131.0,-660.0,83.0
485.0,-1964.0,-1257.0,-152.0,,210.0,586.0,-452.0,-665.0,21.0
508.0,-1959.0,-1232.0,-366.0,,541.0,558.0,-770.0,-626.0,44.0
570.0,-2885.0,-1285.0,-440.0,,748.0,564.0,-739.0,-775.0,-19.0
660.0,-4558.0,-1220.0,-309.0,,530.0,652.0,-641.0,-1063.0,-96.0
766.0,-5433.0,-1207.0,-137.0,,540.0,789.0,-266.0,-1112.0,-13.0
846.0,-5177.0,-1092.0,-143.0,,912.0,902.0,-14.0,-806.0,79.0
887.0,-5295.0,-1094.0,-131.0,,781.0,967.0,160.0,-605.0,74.0
898.0,-3840.0,-1049.0,-44.0,,374.0,989.0,314.0,-922.0,-25.0
919.0,-2387.0,-957.0,65.0,,628.0,1072.0,242.0,-1275.0,-59.0
905.0,-1628.0,-916.0,287.0,,947.0,1075.0,349.0,-1308.0,-140.0
860.0,-796.0,-787.0,387.0,,711.0,881.0,297.0,-792.0,-230.0
898.0,-500.0,-761.0,425.0,,461.0,597.0,360.0,-654.0,-336.0
992.0,1357.0,-674.0,542.0,,640.0,323.0,351.0,-947.0,-579.0
1038.0,2610.0,-632.0,574.0,,642.0,82.0,145.0,-923.0,-729.0
1031.0,3370.0,-590.0,580.0,,496.0,-129.0,18.0,-778.0,-726.0
1034.0,4501.0,-555.0,653.0,,543.0,-222.0,-286.0,-367.0,-723.0
1052.0,3774.0,-484.0,587.0,,593.0,-180.0,-380.0,-20.0,-825.0
1057.0,2762.0,-426.0,508.0,,464.0,-15.0,-485.0,-36.0,-930.0
1056.0,2071.0,-335.0,585.0,,504.0,149.0,-548.0,-254.0,-907.0
1056.0,1174.0,-286.0,686.0,,636.0,199.0,-694.0,-242.0,-965.0
1036.0,536.0,-233.0,743.0,,236.0,194.0,-905.0,-27.0,-1008.0
987.0,538.0,-42.0,806.0,,60.0,183.0,-829.0,325.0,-929.0
940.0,630.0,38.0,784.0,,524.0,70.0,-881.0,363.0,-1020.0
871.0,252.0,174.0,557.0,,726.0,-89.0,-783.0,28.0,-1054.0
808.0,-223.0,329.0,249.0,,390.0,-131.0,-729.0,80.0,-822.0
781.0,-1166.0,471.0,-63.0,,463.0,-148.0,-596.0,163.0,-708.0
709.0,-1546.0,600.0,-230.0,,780.0,-46.0,-293.0,453.0,-804.0
634.0,-577.0,728.0,-230.0,,354.0,141.0,-118.0,509.0,-819.0
585.0,95.0,842.0,-177.0,,25.0,280.0,253.0,502.0,-797.0
526.0,558.0,929.0,-49.0,,360.0,462.0,395.0,767.0,-965.0
444.0,1195.0,980.0,62.0,,252.0,626.0,436.0,782.0,-1162.0
368.0,331.0,992.0,152.0,,-257.0,751.0,349.0,926.0,-1289.0
321.0,-1454.0,1048.0,257.0,,-116.0,882.0,155.0,759.0,-1517.0
249.0,-2411.0,1081.0,429.0,,221.0,1027.0,36.0,454.0,-1758.0
193.0,-2742.0,1097.0,596.0,,-17.0,1110.0,-286.0,282.0,-1812.0
157.0,-2827.0,1088.0,750.0,,-229.0,1092.0,-402.0,378.0,-1872.0
153.0,-2550.0,1019.0,1062.0,,109.0,1036.0,-585.0,550.0,-2073.0
146.0,-1353.0,1036.0,1255.0,,203.0,1029.0,-672.0,222.0,-2132.0
149.0,-473.0,1037.0,1244.0,,2.0,1075.0,-674.0,-1.0,-2060.0
187.0,-992.0,986.0,1317.0,,189.0,1053.0,-772.0,170.0,-2063.0
165.0,-515.0,1053.0,1422.0,,327.0,990.0,-600.0,581.0,-1983.0
109.0,598.0,1054.0,1391.0,,-12.0,882.0,-678.0,687.0,-1707.0
7.0,858.0,1082.0,1321.0,,-137.0,760.0,-681.0,276.0,-1510.0
-66.0,1461.0,1080.0,1292.0,,93.0,686.0,-678.0,-86.0,-1326.0
-108.0,1946.0,1079.0,1205.0,,-135.0,693.0,-722.0,-37.0,-1039.0
-165.0,2103.0,1157.0,1065.0,,-446.0,772.0,-633.0,193.0,-787.0
-224.0,2047.0,1190.0,810.0,,-162.0,782.0,-679.0,282.0,-573.0
-258.0,1782.0,1221.0,591.0,,166.0,766.0,-487.0,94.0,-468.0
-274.0,1375.0,1252.0,425.0,,-186.0,772.0,-365.0,-378.0,-311.0
-344.0,214.0,1310.0,210.0,,-500.0,740.0,-144.0,-402.0,-53.0
-405.0,-806.0,1318.0,34.0,,-205.0,664.0,116.0,60.0,288.0
-470.0,-1544.0,1316.0,-78.0,,-191.0,557.0,164.0,157.0,588.0
-554.0,-1604.0,1269.0,-80.0,,-471.0,463.0,242.0,-39.0,761.0
-635.0,-1298.0,1265.0,-146.0,,-370.0,436.0,16.0,-149.0,910.0
-711.0,-1555.0,1241.0,-162.0,,-196.0,456.0,-142.0,-161.0,885.0
-764.0,-994.0,1159.0,-113.0,,-414.0,548.0,-352.0,-80.0,847.0
-806.0,347.0,1080.0,-97.0,,-405.0,663.0,-613.0,-71.0,820.0
-800.0,1648.0,961.0,-72.0,,-76.0,714.0,-667.0,-207.0,662.0
-730.0,2243.0,889.0,-236.0,,-174.0,754.0,-720.0,-435.0,545.0
-631.0,1374.0,747.0,-455.0,,-376.0,831.0,-528.0,-562.0,601.0
-524.0,194.0,605.0,-508.0,,-106.0,846.0,-373.0,-282.0,680.0
-430.0,-515.0,466.0,-408.0,,-67.0,741.0,-96.0,-18.0,728.0
-347.0,-1843.0,319.0,-396.0,,-436.0,694.0,218.0,-205.0,710.0
-259.0,-2480.0,240.0,-537.0,,-329.0,565.0,343.0,-492.0,656.0
-168.0,-1606.0,45.0,-736.0,,-59.0,330.0,493.0,-351.0,677.0
-41.0,-1603.0,-74.0,-892.0,,-220.0,113.0,413.0,41.0,667.0
55.0,-2250.0,-145.0,-862.0,,-221.0,-54.0,413.0,201.0,613.0
154.0,-1860.0,-345.0,-823.0,,265.0,-95.0,273.0,163.0,385.0
253.0,-468.0,-420.0,-784.0,,177.0,-173.0,11.0,163.0,252.0
284.0,1106.0,-517.0,-707.0,,-248.0,-155.0,-203.0,498.0,265.0
300.0,2255.0,-638.0,-691.0,,104.0,-59.0,-458.0,766.0,178.0
286.0,2545.0,-700.0,-617.0,,392.0,9.0,-402.0,766.0,106.0
277.0,2499.0,-806.0,-622.0,,131.0,146.0,-436.0,814.0,-69.0
283.0,2822.0,-878.0,-723.0,,58.0,272.0,-388.0,583.0,-245.0
288.0,3020.0,-945.0,-698.0,,515.0,409.0,-397.0,605.0,-291.0
279.0,2378.0,-1026.0,-814.0,,689.0,511.0,-460.0,994.0,-355.0
277.0,802.0,-1114.0,-912.0,,268.0,532.0,-314.0,933.0,-473.0
289.0,-461.0,-1124.0,-873.0,,354.0,495.0,-341.0,790.0,-471.0
254.0,-768.0,-1127.0,-1034.0,,694.0,380.0,-240.0,619.0,-469.0
222.0,-551.0,-1103.0,-1183.0,,423.0,182.0,-254.0,570.0,-483.0
237.0,-738.0,-1047.0,-1187.0,,186.0,75.0,-227.0,765.0,-370.0
251.0,-1238.0,-1010.0,-1101.0,,552.0,33.0,-144.0,635.0,-441.0
240.0,-711.0,-938.0,-1007.0,,848.0,3.0,-219.0,468.0,-456.0
220.0,77.0,-861.0,-929.0,,711.0,26.0,-188.0,150.0,-299.0
209.0,-80.0,-794.0,-815.0,,901.0,-23.0,-297.0,130.0,-252.0
150.0,-350.0,-736.0,-646.0,,1228.0,12.0,-238.0,508.0,-242.0
75.0,493.0,-658.0,-468.0,,949.0,110.0,-164.0,489.0,-306.0
49.0,717.0,-613.0,-449.0,,741.0,182.0,-84.0,312.0,-317.0
-29.0,259.0,-508.0,-475.0,,1044.0,196.0,129.0,32.0,-272.0
-137.0,727.0,-476.0,-443.0,,1175.0,185.0,280.0,79.0,-245.0
-265.0,370.0,-346.0,-411.0,,1034.0,193.0,526.0,180.0,-234.0
-352.0,175.0,-285.0,-404.0,,1343.0,118.0,548.0,-58.0,-276.0
-404.0,553.0,-283.0,-357.0,,1636.0,31.0,561.0,-322.0,-361.0
-485.0,417.0,-140.0,-282.0,,1152.0,-89.0,417.0,-623.0,-267.0
-558.0,-114.0,-203.0,-139.0,,1087.0,-142.0,75.0,-530.0,-9.0
-629.0,-1392.0,-111.0,108.0,,1604.0,-127.0,-138.0,-376.0,35.0
-668.0,-1599.0,-103.0,255.0,,1451.0,-113.0,-509.0,-479.0,123.0
-762.0,-1506.0,-121.0,440.0,,1103.0,-66.0,-713.0,-854.0,224.0
-883.0,-1909.0,-106.0,591.0,,1396.0,60.0,-875.0,-1210.0,211.0
-1009.0,-1694.0,-129.0,543.0,,1698.0,293.0,-842.0,-1052.0,138.0
-1152.0,-1385.0,-82.0,491.0,,1241.0,445.0,-583.0,-774.0,104.0
-1312.0,-1134.0,-119.0,542.0,,985.0,556.0,-419.0,-801.0,229.0
-1476.0,-1600.0,-16.0,860.0,,1419.0,594.0,-66.0,-1204.0,245.0
-1565.0,-2129.0,-2.0,1286.0,,1385.0,555.0,90.0,-1424.0,288.0
-1612.0,-1569.0,32.0,1518.0,,1113.0,559.0,279.0,-1276.0,397.0
-1625.0,-558.0,62.0,1537.0,,1445.0,444.0,388.0,-1050.0,431.0
-1631.0,-272.0,62.0,1495.0,,1571.0,255.0,330.0,-959.0,243.0
-1595.0,-151.0,88.0,1568.0,,918.0,143.0,362.0,-1088.0,163.0
-1523.0,1179.0,68.0,1767.0,,665.0,73.0,125.0,-1246.0,183.0
-1384.0,1742.0,115.0,1915.0,,1052.0,155.0,3.0,-1113.0,44.0
-1252.0,1034.0,130.0,1810.0,,1032.0,339.0,-134.0,-816.0,137.0
-1159.0,999.0,155.0,1526.0,,755.0,502.0,-249.0,-773.0,286.0
-1014.0,996.0,144.0,1228.0,,882.0,771.0,-460.0,-863.0,414.0
-901.0,-81.0,124.0,1088.0,,996.0,1053.0,-796.0,-1091.0,412.0
-770.0,-414.0,88.0,1043.0,,568.0,1250.0,-715.0,-1128.0,490.0
-627.0,624.0,103.0,917.0,,468.0,1379.0,-722.0,-796.0,646.0
-471.0,845.0,77.0,987.0,,923.0,1458.0,-565.0,-610.0,636.0
-362.0,1019.0,77.0,1127.0,,816.0,1400.0,-426.0,-1012.0,736.0
-272.0,1379.0,114.0,1012.0,,304.0,1163.0,-362.0,-1199.0,790.0
-123.0,1194.0,130.0,957.0,,327.0,943.0,-64.0,-771.0,843.0
-25.0,742.0,166.0,1124.0,,472.0,776.0,142.0,-570.0,788.0
80.0,672.0,151.0,1221.0,,283.0,681.0,371.0,-536.0,785.0
196.0,1798.0,259.0,1069.0,,333.0,602.0,242.0,-805.0,779.0
317.0,2472.0,264.0,855.0,,497.0,486.0,70.0,-906.0,473.0
417.0,2671.0,357.0,626.0,,323.0,430.0,-184.0,-785.0,209.0
506.0,2503.0,451.0,311.0,,208.0,427.0,-521.0,-769.0,12.0
599.0,1467.0,507.0,97.0,,518.0,441.0,-737.0,-528.0,-180.0
645.0,371.0,648.0,-26.0,,425.0,370.0,-1234.0,-397.0,-492.0
692.0,-562.0,608.0,-193.0,,-73.0,207.0,-1485.0,-339.0,-736.0
718.0,-464.0,670.0,-366.0,,47.0,80.0,-1648.0,-191.0,-819.0
713.0,36.0,671.0,-543.0,,223.0,56.0,-1655.0,210.0,-849.0
712.0,-504.0,677.0,-577.0,,-95.0,149.0,-1528.0,338.0,-602.0
717.0,-1183.0,730.0,-510.0,,-296.0,307.0,-1385.0,330.0,-331.0
675.0,-1366.0,629.0,-576.0,,-43.0,381.0,-912.0,553.0,-165.0
648.0,-1362.0,649.0,-644.0,,-124.0,421.0,-665.0,654.0,58.0
635.0,-1454.0,646.0,-674.0,,-486.0,495.0,-397.0,1007.0,253.0
597.0,-1578.0,576.0,-604.0,,-322.0,453.0,-243.0,1023.0,455.0
541.0,-1235.0,554.0,-407.0,,-204.0,333.0,-334.0,799.0,523.0
517.0,-1272.0,459.0,-198.0,,-505.0,258.0,-291.0,639.0,510.0
536.0,-1195.0,400.0,-116.0,,-446.0,284.0,-485.0,421.0,612.0
527.0,-415.0,332.0,-323.0,,27.0,370.0,-615.0,584.0,596.0
525.0,36.0,251.0,-661.0,,-98.0,390.0,-702.0,522.0,484.0
487.0,-178.0,167.0,-1014.0,,-315.0,380.0,-875.0,238.0,378.0
477.0,-391.0,137.0,-1249.0,,87.0,428.0,-938.0,81.0,409.0
451.0,834.0,44.0,-1265.0,,298.0,453.0,-890.0,132.0,441.0
379.0,1864.0,-71.0,-1165.0,,-158.0,451.0,-674.0,416.0,397.0
302.0,1352.0,-118.0,-1081.0,,-389.0,439.0,-386.0,485.0,460.0
220.0,1004.0,-240.0,-983.0,,85.0,444.0,77.0,302.0,401.0
203.0,725.0,-277.0,-918.0,,4.0,478.0,341.0,305.0,442.0
109.0,166.0,-396.0,-919.0,,-591.0,398.0,622.0,574.0,637.0
3.0,500.0,-382.0,-789.0,,-364.0,266.0,888.0,631.0,534.0
-62.0,1508.0,-383.0,-695.0,,240.0,73.0,776.0,717.0,243.0
-104.0,2091.0,-452.0,-695.0,,0.0,-71.0,809.0,743.0,28.0
-168.0,2407.0,-435.0,-738.0,,-200.0,-72.0,563.0,706.0,22.0
-242.0,2471.0,-458.0,-929.0,,386.0,-129.0,282.0,1042.0,27.0
-248.0,1656.0,-462.0,-1055.0,,587.0,-182.0,22.0,1249.0,-15.0
-336.0,772.0,-464.0,-996.0,,270.0,-142.0,-356.0,1349.0,112.0
-413.0,344.0,-438.0,-862.0,,321.0,-103.0,-369.0,1310.0,188.0
-425.0,-211.0,-438.0,-674.0,,519.0,-183.0,-384.0,1232.0,212.0
-406.0,-984.0,-310.0,-563.0,,256.0,-322.0,11.0,1392.0,199.0
-378.0,-2138.0,-304.0,-659.0,,309.0,-442.0,404.0,1593.0,295.0
-360.0,-2712.0,-208.0,-757.0,,790.0,-564.0,572.0,1699.0,273.0
-324.0,-3053.0,-48.0,-733.0,,713.0,-740.0,886.0,1385.0,67.0
-273.0,-3306.0,50.0,-766.0,,425.0,-861.0,936.0,1131.0,43.0
-173.0,-2548.0,164.0,-875.0,,636.0,-798.0,968.0,1079.0,-49.0
-146.0,-1277.0,266.0,-958.0,,810.0,-688.0,883.0,1061.0,-33.0
-123.0,556.0,451.0,-1041.0,,619.0,-516.0,733.0,921.0,-44.0
-64.0,1889.0,521.0,-1112.0,,760.0,-314.0,567.0,556.0,-27.0
-48.0,2413.0,770.0,-994.0,,1051.0,-176.0,452.0,351.0,0.0
-78.0,2354.0,897.0,-681.0,,1080.0,-127.0,332.0,280.0,-24.0
-124.0,2190.0,1029.0,-325.0,,1154.0,-247.0,101.0,404.0,42.0
-62.0,2034.0,1233.0,-90.0,,1477.0,-520.0,134.0,104.0,70.0
-26.0,1680.0,1237.0,-11.0,,1623.0,-824.0,51.0,-394.0,321.0
-74.0,985.0,1348.0,138.0,,1270.0,-1070.0,53.0,-582.0,290.0
-146.0,-785.0,1368.0,337.0,,1220.0,-1181.0,238.0,-685.0,135.0
-211.0,-1865.0,1401.0,518.0,,1423.0,-1139.0,419.0,-661.0,321.0
-237.0,-2276.0,1323.0,663.0,,1181.0,-1086.0,657.0,-865.0,403.0
-270.0,-2555.0,1279.0,827.0,,1076.0,-942.0,633.0,-1184.0,359.0
-283.0,-2957.0,1316.0,971.0,,1345.0,-744.0,733.0,-1558.0,530.0
-311.0,-2766.0,1254.0,1041.0,,1247.0,-637.0,768.0,-1593.0,614.0
-306.0,-2002.0,1280.0,1122.0,,797.0,-618.0,657.0,-1365.0,271.0
-346.0,-1772.0,1217.0,1008.0,,934.0,-704.0,602.0,-1462.0,363.0
-460.0,-1004.0,1229.0,810.0,,1384.0,-740.0,367.0,-1775.0,843.0
-483.0,-646.0,1154.0,654.0,,1001.0,-747.0,249.0,-2057.0,868.0
-466.0,-260.0,1107.0,495.0,,553.0,-851.0,55.0,-1854.0,749.0
-456.0,30.0,992.0,283.0,,800.0,-990.0,-118.0,-1490.0,1056.0
-458.0,75.0,875.0,134.0,,894.0,-1114.0,-341.0,-1571.0,1306.0
-404.0,79.0,842.0,328.0,,630.0,-1266.0,-659.0,-1756.0,1130.0
-341.0,366.0,640.0,529.0,,688.0,-1356.0,-674.0,-1510.0,1232.0
-314.0,1211.0,587.0,540.0,,1078.0,-1384.0,-655.0,-1259.0,1222.0
-303.0,935.0,446.0,598.0,,920.0,-1446.0,-317.0,-1184.0,741.0
-333.0,497.0,352.0,690.0,,637.0,-1448.0,112.0,-1250.0,550.0
-349.0,443.0,198.0,795.0,,784.0,-1438.0,338.0,-1724.0,579.0
-361.0,968.0,49.0,941.0,,642.0,-1384.0,546.0,-2019.0,387.0
-370.0,1056.0,-57.0,1001.0,,250.0,-1330.0,694.0,-1845.0,21.0
-391.0,196.0,-189.0,910.0,,319.0,-1297.0,807.0,-1620.0,-138.0
-372.0,-611.0,-263.0,668.0,,685.0,-1285.0,687.0,-1529.0,-31.0
-326.0,-1526.0,-427.0,361.0,,415.0,-1304.0,589.0,-1487.0,7.0
-356.0,-2617.0,-460.0,113.0,,41.0,-1312.0,423.0,-1402.0,-60.0
-391.0,-3475.0,-476.0,-34.0,,284.0,-1440.0,284.0,-1074.0,57.0
-356.0,-2773.0,-505.0,-65.0,,300.0,-1484.0,312.0,-789.0,167.0
-320.0,-1689.0,-570.0,99.0,,-100.0,-1446.0,35.0,-746.0,257.0
-318.0,-957.0,-482.0,337.0,,-88.0,-1514.0,-109.0,-478.0,513.0
-293.0,-145.0,-413.0,500.0,,279.0,-1660.0,-66.0,-207.0,470.0
-239.0,738.0,-345.0,688.0,,214.0,-1793.0,66.0,15.0,219.0
-199.0,814.0,-269.0,797.0,,-75.0,-1877.0,116.0,212.0,7.0
-207.0,-34.0,-296.0,733.0,,-96.0,-1950.0,72.0,149.0,-120.0
-216.0,386.0,-136.0,638.0,,-262.0,-1986.0,288.0,136.0,-364.0
-238.0,346.0,-157.0,603.0,,-569.0,-1975.0,101.0,182.0,-635.0
-260.0,73.0,-103.0,504.0,,-409.0,-1870.0,-20.0,300.0,-734.0
-256.0,598.0,-12.0,258.0,,-354.0,-1786.0,-12.0,599.0,-757.0
-288.0,592.0,-3.0,49.0,,-720.0,-1717.0,-258.0,674.0,-522.0
-253.0,821.0,90.0,-72.0,,-653.0,-1595.0,-341.0,558.0,-539.0
-178.0,584.0,-9.0,-363.0,,-271.0,-1474.0,-498.0,797.0,-562.0
-144.0,59.0,9.0,-622.0,,-429.0,-1340.0,-665.0,1115.0,-380.0
-144.0,166.0,9.0,-532.0,,-850.0,-1237.0,-753.0,1265.0,-133.0
-89.0,1129.0,-23.0,-425.0,,-663.0,-1248.0,-654.0,1289.0,226.0
39.0,2155.0,-21.0,-358.0,,-313.0,-1338.0,-676.0,1160.0,364.0
126.0,2296.0,-74.0,-190.0,,-484.0,-1366.0,-788.0,1252.0,544.0
278.0,1887.0,10.0,-61.0,,-615.0,-1336.0,-879.0,1396.0,523.0
520.0,1129.0,36.0,-9.0,,-283.0,-1268.0,-1236.0,1325.0,617.0
743.0,98.0,67.0,-16.0,,-321.0,-1201.0,-1274.0,1244.0,901.0
888.0,-774.0,112.0,-76.0,,-666.0,-1019.0,-1110.0,1200.0,894.0
1010.0,-1055.0,172.0,-109.0,,-424.0,-739.0,-1019.0,1005.0,792.0
1106.0,-1283.0,206.0,-153.0,,-167.0,-659.0,-846.0,822.0,682.0
1142.0,-1180.0,232.0,-251.0,,-391.0,-676.0,-594.0,767.0,836.0
1178.0,-527.0,262.0,-215.0,,-566.0,-669.0,-432.0,645.0,945.0
1224.0,0.0,305.0,-145.0,,-287.0,-671.0,-469.0,654.0,916.0
1306.0,-551.0,410.0,-212.0,,-223.0,-778.0,-389.0,658.0,891.0
1384.0,-1052.0,387.0,-230.0,,-594.0,-969.0,-343.0,450.0,861.0
1443.0,-981.0,455.0,-266.0,,-489.0,-1126.0,-291.0,325.0,914.0
1389.0,-1764.0,494.0,-493.0,,-154.0,-1296.0,-57.0,296.0,954.0
1296.0,-2173.0,568.0,-668.0,,-350.0,-1373.0,120.0,96.0,1055.0
1207.0,-2173.0,592.0,-744.0,,-571.0,-1312.0,271.0,-241.0,1027.0
1051.0,-3011.0,499.0,-768.0,,-346.0,-1288.0,271.0,-522.0,1003.0
886.0,-2854.0,575.0,-705.0,,-496.0,-1256.0,303.0,-589.0,1076.0
766.0,-1839.0,561.0,-596.0,,-845.0,-1083.0,417.0,-543.0,1023.0
696.0,-1758.0,515.0,-449.0,,-485.0,-864.0,334.0,-577.0,1033.0
557.0,-1133.0,477.0,-367.0,,-121.0,-567.0,284.0,-466.0,1047.0
450.0,-766.0,525.0,-364.0,,-342.0,-239.0,203.0,-255.0,928.0
330.0,-1049.0,542.0,-366.0,,-493.0,4.0,149.0,-185.0,885.0
153.0,-1035.0,493.0,-262.0,,-233.0,167.0,96.0,-156.0,855.0
4.0,-342.0,531.0,-190.0,,-173.0,329.0,86.0,-106.0,825.0
-104.0,1078.0,532.0,-122.0,,-469.0,567.0,97.0,-100.0,777.0
-222.0,1234.0,517.0,-47.0,,-352.0,639.0,-60.0,-169.0,779.0
-371.0,1024.0,453.0,-173.0,,-185.0,690.0,304.0,-171.0,692.0
-456.0,985.0,473.0,-322.0,,-488.0,753.0,548.0,-43.0,391.0
-542.0,509.0,469.0,-515.0,,-586.0,709.0,386.0,-24.0,362.0
-643.0,-509.0,523.0,-689.0,,-465.0,833.0,461.0,-152.0,300.0
-707.0,-1038.0,526.0,-636.0,,-567.0,991.0,260.0,-228.0,234.0
-739.0,-1479.0,470.0,-456.0,,-769.0,996.0,94.0,-301.0,175.0
-814.0,-2390.0,556.0,-311.0,,-573.0,991.0,60.0,-496.0,64.0
-918.0,-1803.0,523.0,-211.0,,-530.0,1037.0,81.0,-820.0,57.0
-1029.0,-1190.0,510.0,-100.0,,-946.0,1045.0,190.0,-1014.0,-4.0
-1158.0,-673.0,482.0,133.0,,-956.0,933.0,358.0,-984.0,61.0
-1257.0,-182.0,507.0,377.0,,-586.0,816.0,585.0,-980.0,9.0
-1315.0,-163.0,575.0,403.0,,-580.0,824.0,480.0,-960.0,-31.0
-1383.0,62.0,560.0,422.0,,-928.0,851.0,548.0,-1039.0,-113.0
-1437.0,853.0,573.0,419.0,,-678.0,908.0,624.0,-1258.0,20.0
-1369.0,1842.0,604.0,304.0,,-520.0,851.0,561.0,-1331.0,147.0
-1355.0,3013.0,629.0,247.0,,-937.0,698.0,358.0,-1158.0,4.0
-1393.0,4441.0,579.0,381.0,,-932.0,671.0,77.0,-1110.0,255.0
-1363.0,3918.0,518.0,590.0,,-702.0,609.0,1.0,-1157.0,449.0
-1310.0,2741.0,505.0,607.0,,-781.0,588.0,-330.0,-1217.0,516.0
-1294.0,1449.0,403.0,495.0,,-966.0,461.0,-362.0,-1250.0,399.0
-1250.0,649.0,261.0,326.0,,-772.0,303.0,-419.0,-909.0,367.0
-1129.0,341.0,192.0,268.0,,-612.0,388.0,-521.0,-866.0,491.0
-1064.0,-309.0,86.0,418.0,,-709.0,456.0,-447.0,-880.0,452.0
-1019.0,81.0,45.0,582.0,,-530.0,481.0,-703.0,-704.0,493.0
-968.0,415.0,-50.0,743.0,,-197.0,426.0,-620.0,-786.0,345.0
-906.0,471.0,-154.0,673.0,,-210.0,314.0,-663.0,-733.0,228.0
-816.0,273.0,-152.0,339.0,,-225.0,281.0,-822.0,-497.0,235.0
-709.0,395.0,-183.0,111.0,,54.0,288.0,-807.0,-333.0,303.0
-682.0,288.0,-182.0,-119.0,,-45.0,364.0,-735.0,-486.0,318.0
-687.0,605.0,-285.0,-306.0,,-370.0,433.0,-532.0,-435.0,69.0
-565.0,1442.0,-272.0,-256.0,,-351.0,492.0,-618.0,-149.0,-287.0
-448.0,451.0,-216.0,-210.0,,-75.0,651.0,-478.0,-64.0,-424.0
-439.0,-42.0,-295.0,-224.0,,-217.0,777.0,-352.0,-16.0,-477.0
-367.0,503.0,-264.0,-270.0,,-528.0,844.0,-258.0,42.0,-986.0
-213.0,646.0,-263.0,-312.0,,-239.0,944.0,-42.0,311.0,-1484.0
-163.0,126.0,-259.0,-254.0,,-97.0,1010.0,-120.0,523.0,-1486.0
-162.0,-370.0,-291.0,-166.0,,-389.0,950.0,-173.0,530.0,-1636.0
-144.0,-643.0,-348.0,-103.0,,-486.0,786.0,-415.0,542.0,-2026.0
-113.0,-2303.0,-348.0,-173.0,,-209.0,645.0,-720.0,499.0,-1904.0
-119.0,-3168.0,-331.0,-239.0,,-69.0,516.0,-981.0,537.0,-1963.0
-124.0,-2026.0,-367.0,-200.0,,-158.0,321.0,-1023.0,770.0,-2159.0
-123.0,-1208.0,-404.0,-321.0,,-147.0,98.0,-897.0,965.0,-1950.0
-125.0,-866.0,-384.0,-463.0,,-137.0,75.0,-824.0,675.0,-1610.0
-51.0,374.0,-385.0,-426.0,,-192.0,191.0,-533.0,344.0,-1638.0
-17.0,1786.0,-352.0,-438.0,,-203.0,184.0,-521.0,550.0,-1803.0
-44.0,1251.0,-401.0,-661.0,,-66.0,79.0,-443.0,734.0,-1340.0
10.0,610.0,-343.0,-884.0,,-208.0,116.0,-312.0,655.0,-1261.0
128.0,310.0,-307.0,-976.0,,-249.0,314.0,-201.0,488.0,-1201.0
140.0,-428.0,-289.0,-1066.0,,79.0,294.0,155.0,385.0,-1079.0
143.0,269.0,-269.0,-1133.0,,-8.0,140.0,242.0,390.0,-1056.0
239.0,988.0,-278.0,-1076.0,,-242.0,38.0,354.0,439.0,-945.0
345.0,655.0,-173.0,-979.0,,-146.0,36.0,260.0,667.0,-871.0
411.0,428.0,-197.0,-854.0,,139.0,129.0,92.0,762.0,-542.0
486.0,581.0,-135.0,-605.0,,164.0,125.0,49.0,550.0,-592.0
577.0,505.0,1.0,-397.0,,-69.0,86.0,-166.0,498.0,-589.0
638.0,-312.0,166.0,-291.0,,-22.0,20.0,-258.0,684.0,-442.0
683.0,-1089.0,280.0,-261.0,,-17.0,-4.0,-341.0,824.0,-245.0
677.0,-1069.0,414.0,-242.0,,-243.0,10.0,-168.0,738.0,-249.0
692.0,-290.0,590.0,-306.0,,-185.0,-15.0,-24.0,504.0,-274.0
748.0,807.0,669.0,-513.0,,16.0,-43.0,-24.0,472.0,-215.0
803.0,908.0,773.0,-563.0,,-252.0,-110.0,168.0,352.0,-345.0
810.0,947.0,814.0,-393.0,,-543.0,-167.0,253.0,51.0,-74.0
857.0,2026.0,864.0,-202.0,,-342.0,-168.0,493.0,-52.0,-121.0
907.0,1637.0,945.0,-79.0,,-274.0,-142.0,626.0,-176.0,-330.0
844.0,1452.0,931.0,47.0,,-548.0,-54.0,641.0,-398.0,-151.0
815.0,2386.0,920.0,74.0,,-656.0,17.0,618.0,-492.0,12.0
834.0,1701.0,965.0,110.0,,-315.0,-9.0,436.0,-377.0,31.0
806.0,849.0,936.0,169.0,,-140.0,15.0,351.0,-458.0,40.0
704.0,115.0,912.0,89.0,,-214.0,19.0,92.0,-773.0,250.0
660.0,-1188.0,859.0,13.0,,-16.0,1.0,-68.0,-749.0,414.0
623.0,-1790.0,820.0,31.0,,225.0,18.0,-325.0,-640.0,533.0
537.0,-1471.0,736.0,188.0,,187.0,-27.0,-558.0,-724.0,844.0
432.0,-2253.0,623.0,420.0,,41.0,24.0,-400.0,-792.0,1055.0
345.0,-3218.0,516.0,678.0,,100.0,183.0,-371.0,-823.0,1165.0
343.0,-1865.0,324.0,959.0,,-1.0,271.0,-208.0,-847.0,1147.0
325.0,-1533.0,219.0,1198.0,,-8.0,300.0,-64.0,-802.0,1019.0
270.0,-1529.0,55.0,1368.0,,126.0,395.0,153.0,-594.0,1012.0
161.0,-417.0,-125.0,1387.0,,-28.0,430.0,404.0,-477.0,876.0
133.0,-683.0,-234.0,1314.0,,-242.0,368.0,412.0,-544.0,658.0
118.0,-769.0,-349.0,1260.0,,-275.0,244.0,539.0,-559.0,522.0
-4.0,94.0,-480.0,1127.0,,-45.0,52.0,526.0,-376.0,562.0
-71.0,698.0,-576.0,1019.0,,-146.0,-70.0,613.0,-135.0,499.0
-85.0,916.0,-621.0,1013.0,,-464.0,-123.0,622.0,-156.0,408.0
-93.0,1901.0,-666.0,892.0,,-396.0,-145.0,521.0,-262.0,439.0
-156.0,1909.0,-726.0,664.0,,-279.0,-207.0,410.0,-46.0,276.0
-199.0,275.0,-799.0,479.0,,-473.0,-181.0,59.0,289.0,152.0
-184.0,-1260.0,-800.0,493.0,,-489.0,-113.0,-16.0,409.0,234.0
-169.0,-2318.0,-761.0,694.0,,-279.0,-59.0,-94.0,544.0,357.0
-156.0,-2243.0,-758.0,870.0,,-326.0,93.0,-68.0,615.0,171.0
-153.0,-1732.0,-711.0,950.0,,-514.0,211.0,-53.0,713.0,26.0
-125.0,-1423.0,-637.0,986.0,,-565.0,280.0,-110.0,1035.0,258.0
-96.0,-845.0,-586.0,1041.0,,-280.0,316.0,140.0,1193.0,157.0
-89.0,1235.0,-536.0,1125.0,,-463.0,381.0,356.0,1069.0,-19.0
-166.0,2789.0,-574.0,1089.0,,-921.0,391.0,805.0,835.0,195.0
-229.0,3116.0,-592.0,878.0,,-863.0,372.0,1080.0,741.0,230.0
-274.0,3449.0,-581.0,641.0,,-778.0,399.0,1128.0,627.0,-1.0
-413.0,3775.0,-613.0,522.0,,-746.0,400.0,1165.0,566.0,-13.0
-513.0,3367.0,-693.0,549.0,,-709.0,401.0,1047.0,443.0,328.0
-539.0,2054.0,-713.0,602.0,,-585.0,406.0,1082.0,88.0,172.0
-556.0,1699.0,-724.0,689.0,,-490.0,473.0,958.0,88.0,-94.0
-629.0,550.0,-800.0,700.0,,-476.0,506.0,816.0,83.0,191.0
-621.0,-478.0,-801.0,665.0,,-346.0,479.0,565.0,40.0,172.0
-534.0,-1422.0,-851.0,780.0,,-159.0,392.0,343.0,23.0,-106.0
-533.0,-2844.0,-875.0,961.0,,-27.0,302.0,362.0,-293.0,-55.0
-506.0,-3280.0,-846.0,1090.0,,168.0,290.0,314.0,-509.0,175.0
-439.0,-2956.0,-878.0,1027.0,,511.0,358.0,545.0,-605.0,-299.0
-352.0,-1388.0,-835.0,850.0,,550.0,497.0,711.0,-496.0,-782.0
-252.0,-14.0,-745.0,729.0,,415.0,607.0,894.0,-379.0,-765.0
-165.0,1298.0,-767.0,673.0,,218.0,670.0,1099.0,-510.0,-956.0
-53.0,1966.0,-696.0,634.0,,93.0,639.0,1006.0,-586.0,-1283.0
59.0,2615.0,-705.0,488.0,,41.0,617.0,816.0,-361.0,-1564.0
216.0,3384.0,-687.0,285.0,,-177.0,584.0,467.0,-241.0,-1608.0
337.0,3165.0,-554.0,112.0,,-148.0,515.0,434.0,-380.0,-1888.0
427.0,2643.0,-609.0,-112.0,,-290.0,489.0,480.0,-382.0,-2053.0
582.0,2021.0,-528.0,-397.0,,-308.0,412.0,493.0,-407.0,-1956.0
662.0,1438.0,-498.0,-632.0,,19.0,350.0,668.0,-153.0,-2083.0
668.0,196.0,-483.0,-867.0,,-153.0,384.0,705.0,115.0,-2261.0
645.0,-89.0,-472.0,-1127.0,,-372.0,381.0,857.0,69.0,-2301.0
645.0,-362.0,-481.0,-1133.0,,-325.0,403.0,853.0,73.0,-2218.0
590.0,-1382.0,-505.0,-1005.0,,-166.0,493.0,798.0,34.0,-2358.0
469.0,-1821.0,-562.0,-937.0,,-88.0,519.0,764.0,159.0,-2492.0
415.0,-1554.0,-560.0,-812.0,,-100.0,537.0,637.0,325.0,-2585.0
342.0,-1295.0,-653.0,-838.0,,60.0,451.0,674.0,129.0,-2568.0
314.0,-2244.0,-617.0,-950.0,,9.0,359.0,687.0,-66.0,-2514.0
299.0,-2323.0,-643.0,-948.0,,-285.0,340.0,772.0,-63.0,-2585.0
226.0,-1816.0,-672.0,-825.0,,-250.0,311.0,648.0,11.0,-2595.0
143.0,-2355.0,-634.0,-612.0,,-152.0,320.0,541.0,-30.0,-2562.0
110.0,-2466.0,-574.0,-410.0,,-321.0,310.0,604.0,-251.0,-2388.0
71.0,-1452.0,-459.0,-226.0,,-343.0,364.0,476.0,-464.0,-2259.0
-55.0,-331.0,-426.0,-81.0,,-244.0,408.0,467.0,-686.0,-2094.0
-142.0,21.0,-348.0,-86.0,,-212.0,439.0,325.0,-528.0,-1941.0
-185.0,-279.0,-258.0,-173.0,,-463.0,455.0,201.0,-456.0,-1838.0
-254.0,309.0,-144.0,-167.0,,-417.0,371.0,88.0,-728.0,-1575.0
-343.0,581.0,-101.0,-156.0,,-12.0,303.0,-151.0,-842.0,-1434.0
-422.0,-300.0,-39.0,-158.0,,-74.0,236.0,-197.0,-803.0,-1618.0
-503.0,-321.0,50.0,-161.0,,-33.0,125.0,-206.0,-543.0,-1691.0
-565.0,-106.0,9.0,-223.0,,114.0,-48.0,77.0,-533.0,-1401.0
-582.0,338.0,22.0,-342.0,,280.0,-134.0,279.0,-527.0,-1240.0
-577.0,192.0,2.0,-297.0,,271.0,-46.0,194.0,-333.0,-1252.0
-526.0,-115.0,13.0,-187.0,,217.0,60.0,192.0,-50.0,-1167.0
-454.0,326.0,2.0,-208.0,,523.0,122.0,195.0,203.0,-996.0
-389.0,329.0,-66.0,-44.0,,373.0,146.0,247.0,92.0,-784.0
-390.0,412.0,-22.0,74.0,,54.0,176.0,158.0,177.0,-517.0
-436.0,661.0,-35.0,-20.0,,-68.0,229.0,149.0,100.0,-328.0
-429.0,908.0,-29.0,-168.0,,-108.0,346.0,86.0,-103.0,-238.0
-403.0,375.0,-73.0,-344.0,,-393.0,407.0,-18.0,16.0,-17.0
-336.0,-275.0,-111.0,-366.0,,-607.0,394.0,162.0,-159.0,332.0
-226.0,48.0,-114.0,-221.0,,-484.0,500.0,229.0,-480.0,542.0
-141.0,356.0,-198.0,-63.0,,-598.0,563.0,245.0,-679.0,440.0
-65.0,-391.0,-215.0,64.0,,-769.0,498.0,144.0,-743.0,462.0
-34.0,-974.0,-271.0,87.0,,-888.0,490.0,236.0,-726.0,635.0
-24.0,-235.0,-303.0,35.0,,-766.0,523.0,406.0,-759.0,587.0
-59.0,32.0,-326.0,207.0,,-837.0,484.0,393.0,-814.0,482.0
-102.0,-588.0,-343.0,416.0,,-948.0,425.0,530.0,-1040.0,555.0
-86.0,-53.0,-299.0,501.0,,-808.0,444.0,395.0,-1221.0,707.0
-104.0,696.0,-292.0,608.0,,-772.0,567.0,323.0,-1223.0,724.0
-120.0,20.0,-223.0,759.0,,-694.0,734.0,218.0,-1113.0,822.0
-121.0,438.0,-183.0,1007.0,,-777.0,770.0,-64.0,-1175.0,939.0
-196.0,867.0,-223.0,1229.0,,-828.0,640.0,-149.0,-1480.0,1116.0
-298.0,478.0,-175.0,1461.0,,-870.0,546.0,-168.0,-1391.0,1407.0
-351.0,162.0,-124.0,1590.0,,-778.0,454.0,3.0,-1037.0,1630.0
-390.0,-323.0,-120.0,1523.0,,-759.0,274.0,24.0,-859.0,1769.0
-409.0,-602.0,-60.0,1514.0,,-949.0,110.0,101.0,-834.0,1755.0
-385.0,-1618.0,11.0,1471.0,,-874.0,-51.0,223.0,-791.0,1891.0
-315.0,-2060.0,49.0,1417.0,,-811.0,-119.0,293.0,-613.0,1971.0
-254.0,-2188.0,53.0,1429.0,,-826.0,-154.0,493.0,-424.0,1910.0
-210.0,-1605.0,82.0,1320.0,,-966.0,-183.0,450.0,-94.0,1739.0
-179.0,-1211.0,54.0,1154.0,,-745.0,-192.0,458.0,80.0,1576.0
-202.0,-1442.0,57.0,1034.0,,-421.0,-329.0,190.0,211.0,1546.0
-157.0,-267.0,53.0,902.0,,-500.0,-416.0,-206.0,573.0,1333.0
-99.0,587.0,-1.0,785.0,,-400.0,-447.0,-487.0,666.0,1210.0
-37.0,1016.0,1.0,689.0,,-158.0,-409.0,-787.0,763.0,897.0
62.0,1059.0,-85.0,681.0,,-58.0,-339.0,-788.0,816.0,409.0
135.0,1330.0,-99.0,653.0,,-280.0,-386.0,-857.0,788.0,166.0
184.0,1401.0,-210.0,430.0,,-208.0,-356.0,-609.0,951.0,47.0
189.0,1176.0,-237.0,178.0,,108.0,-302.0,-253.0,1129.0,-224.0
213.0,1333.0,-256.0,29.0,,51.0,-296.0,-57.0,1269.0,-588.0
232.0,902.0,-361.0,-61.0,,-186.0,-314.0,238.0,1210.0,-688.0
206.0,772.0,-279.0,-179.0,,-361.0,-325.0,295.0,1064.0,-872.0
230.0,535.0,-320.0,-301.0,,-293.0,-257.0,293.0,926.0,-1075.0
278.0,101.0,-286.0,-325.0,,-465.0,-197.0,195.0,1007.0,-1139.0
316.0,64.0,-285.0,-444.0,,-634.0,-160.0,269.0,1170.0,-1276.0
373.0,640.0,-284.0,-821.0,,-520.0,-82.0,214.0,1089.0,-1449.0
400.0,1818.0,-283.0,-1038.0,,-478.0,-38.0,-129.0,1017.0,-1505.0
396.0,2437.0,-311.0,-963.0,,-547.0,-162.0,-336.0,938.0,-1436.0
363.0,2653.0,-267.0,-936.0,,-501.0,-335.0,-731.0,936.0,-1468.0
335.0,3313.0,-337.0,-1057.0,,-197.0,-518.0,-763.0,985.0,-1451.0
278.0,2745.0,-350.0,-1257.0,,-90.0,-656.0,-556.0,786.0,-1322.0
184.0,1388.0,-355.0,-1297.0,,-139.0,-705.0,-375.0,462.0,-1176.0
175.0,1228.0,-410.0,-1204.0,,-204.0,-796.0,-16.0,428.0,-1136.0
160.0,1201.0,-367.0,-1245.0,,107.0,-907.0,273.0,545.0,-1089.0
102.0,864.0,-308.0,-1343.0,,364.0,-981.0,593.0,461.0,-905.0
1.0,262.0,-281.0,-1408.0,,263.0,-955.0,729.0,439.0,-921.0
-67.0,374.0,-232.0,-1355.0,,288.0,-938.0,803.0,423.0,-1036.0
-109.0,390.0,-180.0,-1036.0,,298.0,-938.0,750.0,500.0,-1005.0
-181.0,-661.0,-64.0,-750.0,,561.0,-978.0,620.0,705.0,-959.0
-193.0,-1656.0,3.0,-638.0,,464.0,-997.0,539.0,726.0,-1055.0
-154.0,-2451.0,89.0,-528.0,,217.0,-872.0,249.0,482.0,-1100.0
-100.0,-2321.0,132.0,-480.0,,86.0,-903.0,123.0,129.0,-1043.0
-68.0,-1657.0,156.0,-467.0,,146.0,-964.0,-5.0,185.0,-1014.0
-21.0,-1197.0,248.0,-527.0,,403.0,-950.0,-60.0,364.0,-949.0
13.0,-727.0,313.0,-600.0,,278.0,-1047.0,29.0,412.0,-853.0
73.0,-77.0,364.0,-566.0,,514.0,-1075.0,75.0,452.0,-754.0
114.0,-130.0,366.0,-446.0,,717.0,-1093.0,286.0,435.0,-711.0
148.0,227.0,440.0,-312.0,,566.0,-1104.0,467.0,665.0,-655.0
228.0,1117.0,479.0,-209.0,,425.0,-997.0,864.0,1067.0,-513.0
335.0,-3.0,452.0,-3.0,,665.0,-878.0,1121.0,1291.0,-463.0
483.0,-1112.0,474.0,205.0,,775.0,-744.0,1114.0,1196.0,-558.0
557.0,-986.0,437.0,319.0,,521.0,-674.0,1132.0,1029.0,-392.0
642.0,-600.0,358.0,422.0,,673.0,-557.0,923.0,1019.0,-237.0
672.0,-984.0,316.0,459.0,,826.0,-357.0,916.0,1058.0,-218.0
689.0,-1606.0,193.0,408.0,,518.0,-283.0,770.0,1219.0,-81.0
728.0,-803.0,127.0,467.0,,152.0,-272.0,556.0,912.0,-67.0
709.0,-396.0,1.0,567.0,,402.0,-238.0,585.0,291.0,19.0
693.0,-704.0,-53.0,717.0,,847.0,-155.0,450.0,287.0,26.0
650.0,-845.0,-85.0,951.0,,697.0,-96.0,434.0,241.0,-64.0
645.0,-988.0,-196.0,926.0,,55.0,-87.0,412.0,-48.0,-124.0
594.0,-1445.0,-108.0,792.0,,100.0,-36.0,535.0,-613.0,-194.0
567.0,-1509.0,-216.0,698.0,,381.0,-105.0,637.0,-1162.0,-235.0
568.0,-1173.0,-199.0,584.0,,248.0,-194.0,739.0,-1201.0,-275.0
515.0,-1801.0,-150.0,522.0,,-22.0,-196.0,986.0,-1170.0,-147.0
483.0,-2039.0,-266.0,592.0,,48.0,-344.0,788.0,-1071.0,-246.0
411.0,-1629.0,-231.0,754.0,,290.0,-458.0,668.0,-1424.0,-220.0
339.0,-1038.0,-288.0,880.0,,363.0,-514.0,476.0,-1755.0,-61.0
324.0,-656.0,-290.0,994.0,,767.0,-633.0,343.0,-1730.0,-12.0
349.0,-220.0,-227.0,1058.0,,481.0,-729.0,354.0,-1499.0,196.0
374.0,547.0,-270.0,964.0,,80.0,-869.0,36.0,-1109.0,150.0
397.0,1052.0,-217.0,764.0,,-246.0,-918.0,-68.0,-1287.0,275.0
413.0,1964.0,-235.0,597.0,,-217.0,-836.0,-232.0,-1321.0,426.0
376.0,2108.0,-268.0,362.0,,159.0,-760.0,-171.0,-1070.0,628.0
276.0,1979.0,-230.0,79.0,,189.0,-702.0,68.0,-665.0,878.0
183.0,1822.0,-306.0,-152.0,,152.0,-638.0,247.0,-403.0,928.0
142.0,1507.0,-234.0,-297.0,,-254.0,-470.0,448.0,-608.0,1079.0
109.0,1959.0,-265.0,-189.0,,-471.0,-224.0,210.0,-594.0,1203.0
72.0,2247.0,-269.0,-15.0,,-613.0,-26.0,151.0,-532.0,1632.0
33.0,2007.0,-204.0,131.0,,-433.0,174.0,-7.0,-236.0,1769.0
-15.0,1697.0,-238.0,309.0,,-290.0,349.0,-321.0,107.0,1840.0
-53.0,1284.0,-190.0,407.0,,-467.0,479.0,-533.0,-139.0,2021.0
-80.0,121.0,-205.0,507.0,,-481.0,657.0,-707.0,-418.0,2110.0
-142.0,-850.0,-230.0,577.0,,17.0,836.0,-663.0,-427.0,2433.0
-179.0,-1665.0,-234.0,525.0,,172.0,1013.0,-752.0,-347.0,2533.0
-134.0,-1685.0,-261.0,397.0,,-704.0,1152.0,-552.0,-305.0,2512.0
-53.0,-1060.0,-326.0,328.0,,-1143.0,1243.0,-400.0,-554.0,2418.0
25.0,-1193.0,-301.0,343.0,,-630.0,1336.0,-197.0,-721.0,2518.0
100.0,-877.0,-323.0,242.0,,510.0,1407.0,214.0,-591.0,2539.0
176.0,-204.0,-314.0,191.0,,661.0,1358.0,363.0,-238.0,2296.0
238.0,45.0,-236.0,252.0,,-339.0,1224.0,637.0,184.0,2074.0
282.0,-58.0,-252.0,162.0,,-916.0,1134.0,639.0,17.0,1875.0
327.0,260.0,-158.0,-6.0,,-383.0,1058.0,620.0,-238.0,1748.0
383.0,261.0,-81.0,-92.0,,132.0,952.0,424.0,93.0,1547.0
452.0,613.0,-33.0,5.0,,-431.0,833.0,92.0,438.0,1483.0
511.0,1639.0,61.0,38.0,,-717.0,767.0,31.0,393.0,1343.0
513.0,1605.0,112.0,-56.0,,-271.0,684.0,-254.0,140.0,1201.0
515.0,1935.0,181.0,14.0,,265.0,573.0,-216.0,-109.0,1305.0
541.0,1964.0,193.0,-43.0,,332.0,480.0,-221.0,16.0,1324.0
540.0,1022.0,202.0,-352.0,,-166.0,427.0,-131.0,528.0,1130.0
534.0,920.0,238.0,-533.0,,-831.0,459.0,169.0,841.0,1143.0
585.0,666.0,234.0,-716.0,,-850.0,498.0,212.0,680.0,1322.0
671.0,-361.0,180.0,-1080.0,,73.0,571.0,519.0,371.0,1233.0
708.0,-901.0,139.0,-1360.0,,636.0,642.0,565.0,301.0,1224.0
748.0,-868.0,169.0,-1566.0,,-6.0,663.0,668.0,486.0,1268.0
765.0,-416.0,98.0,-1640.0,,-653.0,685.0,824.0,663.0,997.0
725.0,-136.0,94.0,-1457.0,,58.0,696.0,764.0,409.0,742.0
694.0,-76.0,63.0,-1162.0,,940.0,666.0,759.0,42.0,771.0
646.0,37.0,20.0,-795.0,,665.0,616.0,412.0,54.0,581.0
611.0,-108.0,17.0,-546.0,,-18.0,566.0,264.0,372.0,239.0
566.0,-468.0,-38.0,-439.0,,52.0,481.0,173.0,383.0,268.0
517.0,-1208.0,-41.0,-332.0,,931.0,441.0,123.0,-95.0,440.0
451.0,-813.0,-52.0,-331.0,,1169.0,391.0,101.0,-522.0,325.0
358.0,23.0,46.0,-392.0,,684.0,178.0,25.0,-637.0,258.0
290.0,-560.0,35.0,-352.0,,663.0,-77.0,195.0,-409.0,288.0
131.0,-982.0,17.0,-363.0,,1067.0,-198.0,88.0,-298.0,16.0
-64.0,-1149.0,129.0,-516.0,,1312.0,-222.0,101.0,-287.0,-107.0
-166.0,-1636.0,147.0,-599.0,,1210.0,-183.0,155.0,-440.0,-97.0
-253.0,-1939.0,239.0,-624.0,,1272.0,-67.0,245.0,-481.0,-134.0
-360.0,-2212.0,334.0,-766.0,,1325.0,62.0,352.0,-108.0,-442.0
-420.0,-2220.0,344.0,-940.0,,957.0,190.0,179.0,72.0,-662.0
-473.0,-2214.0,486.0,-950.0,,716.0,310.0,249.0,-16.0,-523.0
-548.0,-1881.0,571.0,-903.0,,1195.0,379.0,243.0,-123.0,-703.0
-609.0,-1117.0,618.0,-976.0,,1572.0,373.0,424.0,40.0,-863.0
-633.0,-685.0,706.0,-986.0,,1028.0,289.0,511.0,186.0,-709.0
-649.0,102.0,722.0,-940.0,,619.0,220.0,312.0,329.0,-445.0
-637.0,1418.0,710.0,-943.0,,1039.0,206.0,310.0,211.0,-503.0
-565.0,2624.0,673.0,-715.0,,1462.0,107.0,77.0,-78.0,-293.0
-488.0,2802.0,698.0,-470.0,,866.0,18.0,-48.0,206.0,108.0
-457.0,2671.0,661.0,-471.0,,68.0,3.0,-205.0,608.0,23.0
-442.0,2370.0,626.0,-425.0,,387.0,-100.0,-288.0,799.0,238.0
-392.0,1545.0,609.0,-312.0,,1338.0,-235.0,-166.0,800.0,548.0
-401.0,1286.0,544.0,-273.0,,1455.0,-348.0,-271.0,878.0,524.0
-407.0,999.0,504.0,-349.0,,690.0,-444.0,-356.0,1003.0,396.0
-399.0,655.0,471.0,-450.0,,104.0,-518.0,-630.0,1232.0,768.0
-381.0,245.0,365.0,-386.0,,151.0,-564.0,-787.0,1447.0,766.0
-371.0,-271.0,329.0,-265.0,,749.0,-521.0,-753.0,1242.0,356.0
-456.0,-1091.0,249.0,-236.0,,955.0,-461.0,-659.0,1088.0,574.0
-496.0,-1854.0,89.0,-252.0,,373.0,-446.0,-452.0,1226.0,537.0
-538.0,-1754.0,99.0,-315.0,,28.0,-428.0,-424.0,1351.0,224.0
-610.0,-1373.0,-80.0,-306.0,,805.0,-409.0,-267.0,1170.0,175.0
-707.0,-1385.0,-117.0,-221.0,,1286.0,-447.0,-321.0,787.0,208.0
-737.0,-1544.0,-157.0,-111.0,,241.0,-492.0,-448.0,441.0,-203.0
-663.0,-925.0,-334.0,-47.0,,-746.0,-493.0,-495.0,445.0,-343.0
-591.0,-826.0,-317.0,0.0,,-90.0,-504.0,-713.0,599.0,-108.0
-548.0,-1083.0,-436.0,145.0,,927.0,-457.0,-718.0,582.0,-106.0
-474.0,-789.0,-428.0,173.0,,496.0,-356.0,-886.0,194.0,-32.0
-323.0,-350.0,-429.0,83.0,,-334.0,-352.0,-892.0,-315.0,177.0
-212.0,-203.0,-472.0,41.0,,-228.0,-383.0,-700.0,-175.0,326.0
-97.0,-598.0,-360.0,129.0,,525.0,-348.0,-633.0,114.0,236.0
15.0,-534.0,-367.0,255.0,,486.0,-363.0,-554.0,192.0,497.0
128.0,-454.0,-384.0,205.0,,-381.0,-464.0,-650.0,-262.0,568.0
192.0,-136.0,-371.0,58.0,,-555.0,-501.0,-554.0,-787.0,433.0
244.0,529.0,-427.0,-9.0,,122.0,-514.0,-530.0,-418.0,593.0
335.0,1076.0,-423.0,-217.0,,336.0,-514.0,-484.0,-136.0,636.0
403.0,2262.0,-404.0,-607.0,,-430.0,-419.0,-423.0,-290.0,593.0
460.0,2363.0,-430.0,-896.0,,-770.0,-258.0,-550.0,-533.0,571.0
500.0,863.0,-413.0,-1094.0,,-227.0,-140.0,-480.0,-875.0,583.0
551.0,142.0,-379.0,-1038.0,,114.0,-127.0,-528.0,-660.0,56.0
583.0,-347.0,-343.0,-802.0,,-361.0,-4.0,-454.0,-55.0,-78.0
632.0,-732.0,-312.0,-652.0,,-448.0,98.0,-474.0,69.0,325.0
622.0,-185.0,-224.0,-567.0,,219.0,27.0,-474.0,-140.0,166.0
607.0,7.0,-145.0,-529.0,,212.0,-8.0,-351.0,-192.0,127.0
646.0,-140.0,-101.0,-435.0,,-369.0,-119.0,-497.0,-121.0,517.0
688.0,-586.0,8.0,-213.0,,-305.0,-314.0,-395.0,-201.0,752.0
711.0,-373.0,111.0,-100.0,,364.0,-484.0,-448.0,-209.0,536.0
754.0,694.0,158.0,-109.0,,154.0,-610.0,-517.0,-482.0,829.0
824.0,1331.0,174.0,-48.0,,-275.0,-645.0,-471.0,-812.0,1144.0
791.0,1914.0,202.0,-18.0,,246.0,-664.0,-522.0,-579.0,778.0
768.0,2086.0,146.0,32.0,,464.0,-723.0,-469.0,-585.0,831.0
760.0,2755.0,213.0,100.0,,-271.0,-786.0,-593.0,-747.0,1149.0
788.0,3238.0,177.0,96.0,,-719.0,-785.0,-558.0,-1067.0,1012.0
767.0,2666.0,134.0,56.0,,-29.0,-694.0,-594.0,-1402.0,690.0
703.0,2258.0,232.0,-45.0,,350.0,-607.0,-611.0,-1166.0,881.0
697.0,1805.0,99.0,-145.0,,-129.0,-546.0,-550.0,-877.0,847.0
688.0,1614.0,231.0,-141.0,,-185.0,-463.0,-716.0,-935.0,599.0
695.0,1145.0,214.0,-13.0,,93.0,-402.0,-724.0,-1433.0,757.0
652.0,500.0,217.0,173.0,,-288.0,-374.0,-822.0,-1659.0,768.0
629.0,-312.0,311.0,426.0,,-651.0,-400.0,-711.0,-1268.0,758.0
604.0,-1170.0,286.0,688.0,,227.0,-456.0,-495.0,-937.0,953.0
578.0,-1510.0,390.0,868.0,,1038.0,-497.0,-404.0,-769.0,1096.0
556.0,-1468.0,345.0,1031.0,,365.0,-533.0,-371.0,-688.0,1012.0
515.0,-1317.0,439.0,1229.0,,-196.0,-461.0,-598.0,-775.0,1166.0
500.0,-1281.0,341.0,1494.0,,417.0,-324.0,-674.0,-501.0,1137.0
459.0,-108.0,358.0,1644.0,,692.0,-211.0,-822.0,135.0,839.0
363.0,49.0,349.0,1560.0,,167.0,-122.0,-907.0,443.0,850.0
297.0,-609.0,312.0,1328.0,,95.0,-73.0,-868.0,420.0,636.0
301.0,-276.0,351.0,1010.0,,763.0,-11.0,-916.0,462.0,217.0
258.0,-131.0,162.0,600.0,,782.0,32.0,-933.0,855.0,-57.0
197.0,-295.0,213.0,193.0,,110.0,27.0,-1136.0,1138.0,44.0
182.0,-551.0,102.0,-9.0,,171.0,-9.0,-1206.0,1105.0,-140.0
190.0,-254.0,68.0,-25.0,,419.0,-52.0,-1335.0,967.0,-535.0
203.0,-393.0,48.0,94.0,,-215.0,-121.0,-1461.0,745.0,-399.0
233.0,-475.0,-48.0,168.0,,-396.0,-198.0,-1420.0,739.0,-356.0
196.0,-1310.0,-50.0,110.0,,806.0,-178.0,-1492.0,827.0,-359.0
174.0,-2770.0,-86.0,89.0,,1106.0,-158.0,-1443.0,765.0,-257.0
259.0,-2679.0,-127.0,6.0,,-285.0,-221.0,-1502.0,346.0,-225.0
310.0,-1772.0,-169.0,-212.0,,-813.0,-307.0,-1480.0,-16.0,-383.0
314.0,-20.0,-190.0,-387.0,,453.0,-373.0,-1395.0,307.0,-457.0
313.0,1097.0,-216.0,-501.0,,1014.0,-347.0,-1487.0,413.0,-365.0
361.0,1019.0,-260.0,-688.0,,-236.0,-289.0,-1470.0,211.0,-580.0
412.0,3.0,-310.0,-913.0,,-663.0,-299.0,-1478.0,61.0,-880.0
435.0,-937.0,-236.0,-1017.0,,620.0,-236.0,-1350.0,-415.0,-858.0
458.0,-1056.0,-343.0,-1104.0,,928.0,-154.0,-1260.0,-444.0,-850.0
489.0,-1767.0,-285.0,-1190.0,,-95.0,-125.0,-1165.0,-412.0,-889.0
548.0,-1975.0,-321.0,-1114.0,,6.0,-60.0,-982.0,-698.0,-609.0
595.0,-1124.0,-352.0,-990.0,,796.0,-29.0,-1001.0,-860.0,-494.0
629.0,104.0,-245.0,-869.0,,560.0,46.0,-1016.0,-1144.0,-482.0
669.0,830.0,-322.0,-896.0,,102.0,59.0,-1239.0,-892.0,-329.0
654.0,1009.0,-233.0,-935.0,,765.0,22.0,-1463.0,-501.0,-248.0
615.0,1256.0,-180.0,-809.0,,1204.0,68.0,-1705.0,-543.0,-308.0
587.0,941.0,-83.0,-598.0,,60.0,130.0,-1975.0,-620.0,-169.0
530.0,501.0,-21.0,-283.0,,-655.0,274.0,-1936.0,-715.0,-68.0
414.0,225.0,65.0,-81.0,,461.0,406.0,-1838.0,-383.0,-340.0
269.0,-746.0,100.0,31.0,,1078.0,503.0,-1478.0,103.0,-213.0
212.0,-1751.0,184.0,133.0,,-389.0,529.0,-1226.0,-69.0,6.0
194.0,-1153.0,258.0,141.0,,-966.0,498.0,-1067.0,-112.0,-104.0
145.0,-477.0,263.0,21.0,,227.0,413.0,-864.0,211.0,-45.0
58.0,-1010.0,300.0,-214.0,,369.0,260.0,-811.0,251.0,61.0
27.0,-1011.0,308.0,-381.0,,-599.0,152.0,-528.0,569.0,-48.0
25.0,-667.0,340.0,-440.0,,-640.0,56.0,-378.0,503.0,-25.0
-30.0,-308.0,192.0,-392.0,,87.0,-37.0,-245.0,337.0,224.0
-102.0,-161.0,243.0,-294.0,,-174.0,-87.0,-186.0,412.0,184.0
-145.0,-282.0,211.0,-195.0,,-772.0,-57.0,-266.0,-3.0,108.0
-112.0,-514.0,121.0,-144.0,,-385.0,-57.0,-258.0,86.0,357.0
-100.0,-532.0,85.0,-200.0,,110.0,-26.0,-391.0,153.0,410.0
-125.0,980.0,-4.0,-272.0,,-446.0,19.0,-400.0,-212.0,291.0
-155.0,2155.0,-3.0,-370.0,,-549.0,57.0,-522.0,-515.0,347.0
-158.0,2851.0,-73.0,-380.0,,838.0,193.0,-532.0,-260.0,416.0
-223.0,3353.0,-135.0,-284.0,,551.0,250.0,-484.0,98.0,220.0
-348.0,2872.0,-159.0,-95.0,,-947.0,331.0,-485.0,-86.0,167.0
-411.0,2703.0,-159.0,76.0,,-585.0,451.0,-297.0,-147.0,153.0
-450.0,2877.0,-227.0,109.0,,61.0,469.0,-299.0,-328.0,-211.0
-528.0,2798.0,-193.0,298.0,,-231.0,399.0,-66.0,-283.0,-309.0
-572.0,2423.0,-164.0,586.0,,-715.0,302.0,36.0,16.0,-227.0
-530.0,1792.0,-146.0,754.0,,-352.0,285.0,60.0,-28.0,-431.0
-524.0,-281.0,-57.0,827.0,,141.0,277.0,218.0,-415.0,-588.0
-581.0,-2345.0,-83.0,842.0,,-586.0,236.0,280.0,-468.0,-246.0
-669.0,-2695.0,-84.0,941.0,,-895.0,258.0,587.0,-574.0,110.0
-703.0,-2274.0,-13.0,1044.0,,-93.0,375.0,639.0,-801.0,197.0
-765.0,-1819.0,22.0,942.0,,-47.0,496.0,685.0,-438.0,500.0
-854.0,-1428.0,-10.0,773.0,,-1177.0,570.0,657.0,-726.0,822.0
-938.0,-856.0,14.0,628.0,,-1167.0,550.0,489.0,-1077.0,782.0
-996.0,-880.0,59.0,459.0,,-95.0,541.0,487.0,-1041.0,975.0
-950.0,-682.0,57.0,260.0,,-373.0,665.0,341.0,-1294.0,1251.0
-938.0,-264.0,104.0,127.0,,-1405.0,725.0,417.0,-1630.0,996.0
-927.0,232.0,87.0,140.0,,-643.0,652.0,487.0,-2092.0,746.0
-891.0,678.0,97.0,151.0,,553.0,652.0,615.0,-2117.0,605.0
-830.0,869.0,89.0,-55.0,,-477.0,744.0,787.0,-1806.0,445.0
-798.0,2124.0,30.0,-357.0,,-1185.0,783.0,885.0,-1600.0,269.0
-753.0,2749.0,61.0,-419.0,,-98.0,797.0,1132.0,-1512.0,55.0
-694.0,2481.0,-42.0,-292.0,,426.0,768.0,1082.0,-1600.0,-180.0
-705.0,2312.0,-122.0,-46.0,,-461.0,765.0,1114.0,-1509.0,-198.0
-716.0,1989.0,-240.0,158.0,,-745.0,820.0,1049.0,-1182.0,0.0
-677.0,1198.0,-414.0,259.0,,-10.0,878.0,825.0,-1010.0,88.0
-611.0,-880.0,-459.0,433.0,,-112.0,933.0,757.0,-1146.0,216.0
-573.0,-2290.0,-582.0,561.0,,-803.0,872.0,591.0,-1265.0,216.0
-502.0,-1953.0,-742.0,672.0,,-415.0,829.0,683.0,-1076.0,258.0
-455.0,-1626.0,-849.0,701.0,,598.0,816.0,753.0,-958.0,523.0
-399.0,-1616.0,-881.0,646.0,,-160.0,709.0,837.0,-957.0,679.0
-305.0,-1503.0,-934.0,650.0,,-850.0,579.0,944.0,-746.0,545.0
-244.0,-1096.0,-971.0,581.0,,387.0,481.0,1029.0,-613.0,409.0
-248.0,-654.0,-916.0,473.0,,501.0,434.0,1223.0,-771.0,480.0
-221.0,-870.0,-960.0,417.0,,-910.0,410.0,1066.0,-610.0,354.0
-136.0,-1233.0,-877.0,342.0,,-705.0,426.0,890.0,-291.0,-51.0
-97.0,-1421.0,-814.0,307.0,,1300.0,420.0,570.0,-362.0,-397.0
-75.0,-1685.0,-812.0,319.0,,1097.0,400.0,279.0,-171.0,-500.0
-68.0,-1465.0,-632.0,235.0,,-1425.0,412.0,116.0,31.0,-822.0
-7.0,-671.0,-635.0,179.0,,-1181.0,349.0,-145.0,87.0,-1095.0
96.0,-463.0,-496.0,141.0,,1314.0,303.0,-25.0,543.0,-1077.0
182.0,-1998.0,-342.0,69.0,,710.0,282.0,134.0,627.0,-1273.0
169.0,-3290.0,-258.0,46.0,,-1469.0,229.0,386.0,497.0,-1257.0
136.0,-3110.0,-100.0,-45.0,,-223.0,200.0,511.0,595.0,-1024.0
154.0,-3117.0,-31.0,-21.0,,1703.0,71.0,458.0,406.0,-1037.0
134.0,-1926.0,71.0,93.0,,250.0,-146.0,591.0,559.0,-1129.0
38.0,785.0,114.0,112.0,,-1309.0,-317.0,541.0,764.0,-981.0
-78.0,2192.0,231.0,17.0,,305.0,-396.0,596.0,211.0,-758.0
-108.0,2369.0,210.0,-294.0,,1619.0,-384.0,594.0,-142.0,-727.0
-149.0,2798.0,190.0,-513.0,,-154.0,-398.0,611.0,0.0,-745.0
-153.0,2235.0,267.0,-588.0,,-698.0,-416.0,637.0,-33.0,-837.0
-161.0,749.0,234.0,-637.0,,1524.0,-341.0,404.0,-302.0,-887.0
-163.0,-608.0,199.0,-640.0,,1538.0,-345.0,358.0,-347.0,-724.0
-132.0,-1396.0,186.0,-616.0,,-1082.0,-472.0,249.0,-173.0,-713.0
-86.0,-710.0,141.0,-493.0,,-556.0,-545.0,299.0,-86.0,-901.0
-34.0,0.0,94.0,-434.0,,2295.0,-518.0,408.0,-101.0,-981.0
-27.0,476.0,99.0,-453.0,,845.0,-448.0,415.0,-37.0,-913.0
12.0,735.0,82.0,-454.0,,-1681.0,-423.0,554.0,136.0,-918.0
20.0,520.0,78.0,-525.0,,294.0,-413.0,506.0,155.0,-957.0
62.0,281.0,47.0,-703.0,,2099.0,-395.0,642.0,414.0,-1040.0
109.0,387.0,43.0,-806.0,,-448.0,-430.0,757.0,786.0,-1279.0
125.0,780.0,-17.0,-876.0,,-1748.0,-543.0,811.0,742.0,-1194.0
123.0,1035.0,20.0,-986.0,,1265.0,-660.0,851.0,824.0,-1186.0
176.0,1653.0,-29.0,-1010.0,,1772.0,-745.0,702.0,867.0,-1448.0
234.0,1267.0,-146.0,-1044.0,,-962.0,-864.0,648.0,816.0,-1558.0
203.0,457.0,-167.0,-1135.0,,-799.0,-950.0,402.0,1056.0,-1576.0
234.0,200.0,-282.0,-1257.0,,1608.0,-920.0,321.0,1201.0,-1445.0
287.0,179.0,-261.0,-1348.0,,961.0,-858.0,262.0,1152.0,-1505.0
360.0,-603.0,-317.0,-1450.0,,-1794.0,-818.0,96.0,1083.0,-1477.0
401.0,-1592.0,-345.0,-1487.0,,-552.0,-775.0,109.0,1274.0,-1217.0
415.0,-1029.0,-334.0,-1308.0,,2139.0,-792.0,24.0,1167.0,-1106.0
342.0,-732.0,-339.0,-1079.0,,139.0,-864.0,151.0,790.0,-940.0
255.0,-466.0,-302.0,-1004.0,,-1711.0,-995.0,315.0,500.0,-842.0
240.0,-1044.0,-308.0,-983.0,,738.0,-1159.0,572.0,14.0,-922.0
186.0,-2293.0,-243.0,-788.0,,1319.0,-1341.0,798.0,-175.0,-961.0
120.0,-2400.0,-205.0,-436.0,,-1260.0,-1503.0,955.0,-402.0,-782.0
59.0,-1337.0,-227.0,-148.0,,-951.0,-1499.0,1273.0,-637.0,-722.0
39.0,478.0,-254.0,-13.0,,1131.0,-1464.0,1250.0,-782.0,-921.0
-24.0,1279.0,-290.0,70.0,,-115.0,-1394.0,1236.0,-976.0,-978.0
-117.0,1744.0,-390.0,-20.0,,-1664.0,-1183.0,1042.0,-902.0,-972.0
-271.0,2069.0,-391.0,-100.0,,-48.0,-1011.0,796.0,-629.0,-916.0
-405.0,2741.0,-452.0,39.0,,661.0,-877.0,715.0,-440.0,-878.0
-432.0,2865.0,-503.0,238.0,,-1245.0,-699.0,546.0,-715.0,-1054.0
-472.0,1958.0,-456.0,484.0,,-1485.0,-607.0,615.0,-604.0,-1103.0
-557.0,1541.0,-467.0,615.0,,621.0,-589.0,537.0,-295.0,-1059.0
-637.0,85.0,-441.0,625.0,,351.0,-640.0,541.0,-290.0,-1097.0
-625.0,-1344.0,-404.0,628.0,,-1521.0,-738.0,508.0,26.0,-1084.0
-638.0,-1154.0,-351.0,644.0,,-544.0,-725.0,426.0,225.0,-1176.0
-682.0,126.0,-317.0,710.0,,986.0,-737.0,484.0,603.0,-1298.0
-644.0,893.0,-275.0,809.0,,-427.0,-828.0,327.0,1027.0,-1313.0
-526.0,982.0,-251.0,833.0,,-1643.0,-844.0,380.0,1169.0,-1201.0
-398.0,1703.0,-155.0,907.0,,-136.0,-811.0,277.0,1544.0,-1259.0
-301.0,1904.0,-149.0,1218.0,,490.0,-788.0,162.0,1522.0,-1470.0
-176.0,1597.0,-118.0,1437.0,,-635.0,-731.0,109.0,1374.0,-1496.0
-65.0,1472.0,-67.0,1515.0,,-537.0,-677.0,-86.0,1602.0,-1556.0
-23.0,1439.0,-109.0,1544.0,,196.0,-585.0,-73.0,1653.0,-1524.0
-32.0,1321.0,-85.0,1378.0,,-301.0,-484.0,-230.0,1532.0,-1410.0
-2.0,872.0,-125.0,1176.0,,-601.0,-490.0,-225.0,1565.0,-1243.0
78.0,1010.0,-118.0,1079.0,,-144.0,-503.0,-190.0,1410.0,-1045.0
169.0,1203.0,-178.0,878.0,,-106.0,-596.0,-129.0,1120.0,-804.0
247.0,640.0,-238.0,595.0,,11.0,-697.0,66.0,1257.0,-442.0
343.0,698.0,-317.0,408.0,,-79.0,-707.0,14.0,1070.0,-364.0
487.0,716.0,-353.0,261.0,,-505.0,-735.0,140.0,472.0,-415.0
629.0,140.0,-387.0,298.0,,-463.0,-785.0,147.0,54.0,-287.0
713.0,-98.0,-382.0,445.0,,-363.0,-794.0,197.0,-175.0,-153.0
754.0,-320.0,-379.0,526.0,,-805.0,-744.0,376.0,-366.0,-280.0
804.0,-151.0,-459.0,567.0,,-874.0,-714.0,443.0,-523.0,-392.0
854.0,-821.0,-354.0,479.0,,-705.0,-617.0,576.0,-594.0,-158.0
896.0,-2731.0,-391.0,453.0,,-1019.0,-451.0,404.0,-1030.0,-11.0
915.0,-3503.0,-301.0,681.0,,-233.0,-275.0,325.0,-1136.0,-27.0
891.0,-3394.0,-244.0,882.0,,-165.0,-101.0,151.0,-845.0,70.0
881.0,-2735.0,-227.0,858.0,,-1421.0,29.0,-182.0,-931.0,224.0
889.0,-1155.0,-105.0,803.0,,-415.0,168.0,-341.0,-907.0,420.0
852.0,252.0,-103.0,750.0,,492.0,228.0,-517.0,-1050.0,679.0
789.0,571.0,0.0,536.0,,-1396.0,238.0,-412.0,-1080.0,896.0
735.0,-88.0,28.0,253.0,,-1176.0,267.0,-310.0,-584.0,883.0
654.0,-422.0,107.0,157.0,,1097.0,244.0,-83.0,-341.0,801.0
515.0,-231.0,146.0,169.0,,-597.0,219.0,171.0,-297.0,876.0
405.0,-741.0,145.0,224.0,,-1867.0,235.0,351.0,-184.0,875.0
337.0,-1845.0,205.0,336.0,,1106.0,307.0,703.0,208.0,631.0
221.0,-1585.0,203.0,432.0,,880.0,431.0,764.0,417.0,231.0
115.0,-658.0,264.0,532.0,,-2357.0,552.0,921.0,311.0,-9.0
87.0,-264.0,269.0,539.0,,-288.0,658.0,1073.0,200.0,-179.0
76.0,796.0,330.0,588.0,,2979.0,738.0,1136.0,196.0,-515.0
35.0,1644.0,389.0,587.0,,-200.0,761.0,1234.0,347.0,-744.0
11.0,1766.0,380.0,275.0,,-2272.0,764.0,1184.0,507.0,-763.0
0.0,879.0,425.0,-86.0,,1452.0,787.0,1195.0,635.0,-764.0
-40.0,111.0,439.0,-353.0,,2157.0,797.0,929.0,501.0,-840.0
-109.0,229.0,445.0,-537.0,,-1110.0,735.0,694.0,610.0,-719.0
-179.0,-710.0,433.0,-678.0,,-431.0,693.0,421.0,818.0,-706.0
-233.0,-1426.0,448.0,-728.0,,1848.0,740.0,162.0,1159.0,-886.0
-231.0,-1662.0,423.0,-748.0,,388.0,823.0,221.0,958.0,-843.0
-242.0,-2305.0,425.0,-899.0,,-715.0,951.0,162.0,307.0,-824.0
-337.0,-2500.0,395.0,-1040.0,,657.0,1044.0,304.0,615.0,-932.0
-348.0,-1976.0,316.0,-1083.0,,1281.0,1134.0,386.0,704.0,-1020.0
-323.0,-1141.0,296.0,-1041.0,,350.0,1220.0,576.0,447.0,-782.0
-403.0,82.0,238.0,-1057.0,,-148.0,1243.0,849.0,413.0,-641.0
-534.0,1297.0,231.0,-1053.0,,964.0,1289.0,918.0,473.0,-724.0
-540.0,1060.0,176.0,-886.0,,1236.0,1302.0,1162.0,331.0,-538.0
-438.0,941.0,178.0,-723.0,,-302.0,1299.0,1119.0,-165.0,-297.0
-394.0,1322.0,200.0,-477.0,,-236.0,1267.0,1053.0,48.0,11.0
-326.0,1190.0,197.0,-158.0,,1091.0,1184.0,894.0,239.0,358.0
-215.0,1476.0,236.0,110.0,,913.0,1159.0,722.0,-134.0,629.0
-107.0,1281.0,232.0,285.0,,493.0,1207.0,824.0,-428.0,857.0
-72.0,269.0,248.0,429.0,,1064.0,1278.0,803.0,-942.0,1162.0
-128.0,-254.0,238.0,591.0,,963.0,1332.0,981.0,-748.0,1423.0
-200.0,-22.0,208.0,671.0,,25.0,1399.0,1051.0,-613.0,1499.0
-236.0,296.0,223.0,618.0,,781.0,1463.0,1064.0,-1050.0,1520.0
-276.0,262.0,266.0,401.0,,1580.0,1487.0,1095.0,-1228.0,1326.0
-367.0,344.0,261.0,210.0,,-120.0,1466.0,1023.0,-1361.0,1163.0
-420.0,628.0,235.0,68.0,,-23.0,1423.0,1062.0,-1041.0,1134.0
-390.0,482.0,236.0,40.0,,2564.0,1417.0,925.0,-1175.0,896.0
-356.0,-226.0,265.0,140.0,,1053.0,1433.0,910.0,-993.0,521.0
-395.0,-1078.0,250.0,160.0,,-1896.0,1427.0,763.0,-879.0,353.0
-422.0,-1795.0,204.0,85.0,,1028.0,1400.0,600.0,-1617.0,393.0
-442.0,-2250.0,200.0,-157.0,,2638.0,1403.0,683.0,-1149.0,278.0
-488.0,-1662.0,173.0,-170.0,,-1606.0,1437.0,559.0,-430.0,191.0
-486.0,53.0,109.0,50.0,,-968.0,1449.0,596.0,-628.0,378.0
-466.0,1193.0,109.0,35.0,,3580.0,1494.0,567.0,-1016.0,662.0
-425.0,913.0,71.0,6.0,,845.0,1552.0,504.0,-788.0,809.0
-354.0,113.0,-9.0,35.0,,-2717.0,1561.0,434.0,-567.0,900.0
-323.0,-611.0,-18.0,-24.0,,1468.0,1575.0,229.0,-442.0,1036.0
-315.0,-657.0,-29.0,83.0,,2813.0,1531.0,166.0,-101.0,1023.0
-308.0,-171.0,-58.0,346.0,,-1725.0,1404.0,-22.0,-592.0,1077.0
-329.0,43.0,-153.0,508.0,,-120.0,1280.0,-134.0,-930.0,1100.0
-406.0,147.0,-212.0,542.0,,3501.0,1134.0,-317.0,-742.0,850.0
-477.0,-47.0,-230.0,412.0,,-288.0,935.0,-384.0,-317.0,609.0
-488.0,309.0,-309.0,206.0,,-1946.0,755.0,-310.0,9.0,695.0
-555.0,1425.0,-366.0,-6.0,,2118.0,657.0,-380.0,-473.0,817.0
-621.0,2422.0,-388.0,-325.0,,1061.0,607.0,-227.0,-365.0,734.0
-604.0,2156.0,-484.0,-663.0,,-2441.0,589.0,-280.0,102.0,796.0
-559.0,1009.0,-507.0,-789.0,,144.0,579.0,-267.0,367.0,782.0
-538.0,834.0,-451.0,-739.0,,2026.0,596.0,-199.0,659.0,758.0
-539.0,610.0,-462.0,-722.0,,-781.0,668.0,-258.0,484.0,806.0
-529.0,655.0,-436.0,-703.0,,-922.0,733.0,-147.0,608.0,678.0
-560.0,400.0,-455.0,-567.0,,502.0,835.0,-232.0,688.0,421.0
-593.0,-744.0,-445.0,-357.0,,-475.0,839.0,-297.0,785.0,114.0
-588.0,-1476.0,-371.0,-40.0,,-27.0,733.0,-521.0,1225.0,-54.0
-549.0,-1530.0,-350.0,276.0,,680.0,659.0,-681.0,830.0,-248.0
-484.0,-889.0,-381.0,502.0,,-782.0,521.0,-685.0,476.0,-497.0
-402.0,-7.0,-331.0,720.0,,-229.0,366.0,-853.0,1166.0,-703.0
-398.0,1095.0,-345.0,819.0,,883.0,210.0,-753.0,1732.0,-752.0
-436.0,1168.0,-361.0,947.0,,-636.0,71.0,-696.0,1346.0,-656.0
-411.0,1094.0,-264.0,983.0,,-573.0,-1.0,-593.0,1107.0,-551.0
-406.0,1117.0,-327.0,780.0,,707.0,-134.0,-497.0,1079.0,-375.0
-453.0,392.0,-302.0,574.0,,-347.0,-275.0,-497.0,977.0,-130.0
-468.0,-906.0,-273.0,361.0,,-715.0,-267.0,-473.0,1405.0,139.0
-364.0,-2443.0,-257.0,188.0,,467.0,-199.0,-678.0,1224.0,265.0
-313.0,-3138.0,-203.0,69.0,,161.0,-156.0,-883.0,700.0,448.0
-324.0,-3770.0,-184.0,11.0,,-289.0,-123.0,-1250.0,256.0,542.0
-319.0,-3105.0,-93.0,79.0,,234.0,-112.0,-1443.0,-33.0,471.0
-315.0,-2303.0,-78.0,266.0,,-429.0,-12.0,-1494.0,292.0,569.0
-323.0,-3035.0,86.0,526.0,,-474.0,151.0,-1592.0,80.0,623.0
-395.0,-3810.0,237.0,849.0,,811.0,295.0,-1382.0,-504.0,517.0
-436.0,-3476.0,341.0,1095.0,,-496.0,392.0,-1280.0,-847.0,452.0
-486.0,-1750.0,478.0,1190.0,,-1585.0,380.0,-1128.0,-581.0,571.0
-532.0,-615.0,556.0,1354.0,,854.0,323.0,-1049.0,-165.0,577.0
-577.0,-105.0,670.0,1429.0,,623.0,278.0,-1012.0,-484.0,628.0
-611.0,-101.0,694.0,1343.0,,-1951.0,247.0,-835.0,-787.0,811.0
-583.0,-776.0,780.0,1222.0,,-68.0,182.0,-818.0,-434.0,912.0
-579.0,-775.0,785.0,1021.0,,1179.0,118.0,-729.0,24.0,1097.0
-617.0,386.0,784.0,853.0,,-1582.0,116.0,-770.0,53.0,1216.0
-637.0,1767.0,775.0,724.0,,-924.0,145.0,-824.0,93.0,1270.0
-591.0,2399.0,726.0,708.0,,1376.0,191.0,-995.0,70.0,1164.0
-598.0,2320.0,739.0,717.0,,-626.0,249.0,-1274.0,-137.0,1008.0
-619.0,2160.0,693.0,605.0,,-1823.0,297.0,-1345.0,236.0,957.0
-563.0,1859.0,702.0,591.0,,507.0,253.0,-1550.0,920.0,821.0
-480.0,1515.0,693.0,702.0,,779.0,136.0,-1485.0,909.0,592.0
-452.0,2024.0,705.0,837.0,,-921.0,14.0,-1328.0,896.0,403.0
-395.0,2608.0,711.0,944.0,,-233.0,-91.0,-1180.0,951.0,360.0
-255.0,2813.0,780.0,825.0,,594.0,-172.0,-957.0,1201.0,168.0
-158.0,2374.0,718.0,584.0,,-699.0,-174.0,-901.0,1685.0,1.0
-120.0,2452.0,671.0,394.0,,-35.0,-114.0,-722.0,1322.0,-72.0
-78.0,3570.0,697.0,186.0,,1260.0,-126.0,-764.0,1259.0,-164.0
-18.0,3730.0,630.0,3.0,,-819.0,-81.0,-755.0,1198.0,-151.0
18.0,2829.0,663.0,-200.0,,-820.0,38.0,-720.0,1074.0,-229.0
95.0,1383.0,587.0,-266.0,,1804.0,82.0,-746.0,1357.0,-291.0
149.0,-144.0,581.0,-65.0,,-38.0,115.0,-517.0,1250.0,-291.0
212.0,-1410.0,513.0,103.0,,-1717.0,186.0,-454.0,1035.0,-219.0
312.0,-1858.0,465.0,203.0,,1030.0,243.0,-286.0,695.0,-172.0
334.0,-1928.0,397.0,242.0,,96.0,221.0,-269.0,901.0,-248.0
321.0,-2082.0,250.0,117.0,,-2074.0,215.0,-386.0,1092.0,-360.0
320.0,-1845.0,222.0,-111.0,,1206.0,229.0,-402.0,899.0,-445.0
311.0,-1133.0,68.0,-383.0,,1040.0,210.0,-417.0,483.0,-303.0
218.0,95.0,15.0,-607.0,,-2731.0,191.0,-321.0,-202.0,-163.0
143.0,872.0,-55.0,-701.0,,-235.0,132.0,-498.0,-95.0,-137.0
119.0,1418.0,-134.0,-698.0,,1471.0,49.0,-509.0,-141.0,-12.0
83.0,1759.0,-133.0,-660.0,,-1770.0,-21.0,-546.0,-416.0,269.0
62.0,985.0,-175.0,-647.0,,-570.0,-68.0,-683.0,-780.0,506.0
111.0,242.0,-182.0,-619.0,,932.0,-99.0,-683.0,-1374.0,568.0
168.0,5.0,-241.0,-638.0,,-1617.0,-96.0,-838.0,-697.0,572.0
236.0,-746.0,-230.0,-649.0,,30.0,-57.0,-702.0,-586.0,414.0
354.0,-1051.0,-241.0,-585.0,,1277.0,-48.0,-631.0,-953.0,295.0
391.0,-254.0,-317.0,-504.0,,-1886.0,-113.0,-515.0,-584.0,329.0
424.0,143.0,-251.0,-397.0,,177.0,-227.0,-232.0,-1129.0,309.0
537.0,281.0,-273.0,-358.0,,1924.0,-334.0,-133.0,-769.0,331.0
685.0,878.0,-329.0,-368.0,,-2069.0,-377.0,-38.0,-473.0,419.0
745.0,812.0,-292.0,-359.0,,56.0,-370.0,-179.0,-906.0,570.0
808.0,-220.0,-335.0,-380.0,,2577.0,-400.0,-310.0,-765.0,735.0
934.0,-566.0,-344.0,-546.0,,-2441.0,-462.0,-517.0,-1200.0,835.0
969.0,60.0,-348.0,-723.0,,-999.0,-439.0,-678.0,-957.0,890.0
966.0,445.0,-389.0,-823.0,,2740.0,-380.0,-691.0,-443.0,835.0
950.0,277.0,-408.0,-938.0,,-2025.0,-434.0,-790.0,-449.0,837.0
944.0,-188.0,-470.0,-982.0,,-1641.0,-467.0,-692.0,-715.0,853.0
948.0,-45.0,-457.0,-979.0,,2520.0,-507.0,-748.0,-779.0,732.0
965.0,528.0,-465.0,-996.0,,-1573.0,-602.0,-713.0,-523.0,645.0
969.0,996.0,-433.0,-958.0,,-1713.0,-649.0,-585.0,-375.0,529.0
975.0,1922.0,-439.0,-899.0,,2381.0,-746.0,-452.0,-391.0,347.0
971.0,2055.0,-518.0,-804.0,,-1671.0,-836.0,-151.0,-880.0,194.0
889.0,1472.0,-477.0,-597.0,,-2274.0,-897.0,-110.0,-633.0,150.0
776.0,1352.0,-556.0,-363.0,,2180.0,-948.0,48.0,-100.0,112.0
635.0,1559.0,-609.0,-102.0,,-786.0,-978.0,120.0,312.0,74.0
457.0,1488.0,-664.0,98.0,,-1882.0,-1028.0,134.0,371.0,96.0
214.0,400.0,-697.0,197.0,,1162.0,-1075.0,201.0,-305.0,7.0
-18.0,-399.0,-646.0,288.0,,-1667.0,-1093.0,57.0,-122.0,-6.0
-183.0,-544.0,-625.0,269.0,,-1425.0,-1108.0,31.0,313.0,46.0
-354.0,-768.0,-581.0,256.0,,2186.0,-1156.0,-199.0,323.0,123.0
-490.0,-1288.0,-505.0,315.0,,-1704.0,-1140.0,-400.0,438.0,172.0
-599.0,-1495.0,-488.0,314.0,,-2403.0,-1082.0,-561.0,85.0,160.0
-691.0,-1462.0,-447.0,315.0,,1899.0,-1014.0,-667.0,-40.0,274.0
-704.0,-1595.0,-359.0,342.0,,-887.0,-970.0,-554.0,564.0,391.0
-729.0,-1220.0,-355.0,414.0,,-2060.0,-1025.0,-511.0,475.0,572.0
-802.0,-898.0,-220.0,500.0,,1479.0,-1087.0,-271.0,66.0,731.0
-855.0,-614.0,-159.0,612.0,,-903.0,-1064.0,-88.0,102.0,866.0
-877.0,-726.0,-87.0,757.0,,-1998.0,-977.0,219.0,-22.0,1021.0
-942.0,-1079.0,-12.0,837.0,,1832.0,-931.0,497.0,359.0,1216.0
-999.0,-1155.0,84.0,995.0,,133.0,-911.0,524.0,840.0,1422.0
-964.0,-1085.0,164.0,1208.0,,-1949.0,-877.0,528.0,758.0,1418.0
-927.0,-729.0,172.0,1298.0,,1241.0,-802.0,227.0,951.0,1375.0
-925.0,-17.0,297.0,1335.0,,744.0,-679.0,46.0,827.0,1335.0
-927.0,582.0,306.0,1384.0,,-1385.0,-573.0,-145.0,1189.0,1310.0
-878.0,484.0,382.0,1454.0,,486.0,-444.0,-301.0,1709.0,1258.0
-858.0,302.0,457.0,1492.0,,25.0,-296.0,-334.0,1116.0,1212.0
-883.0,-125.0,510.0,1477.0,,-1431.0,-197.0,-539.0,1160.0,1169.0
-869.0,-438.0,543.0,1439.0,,688.0,-97.0,-565.0,1348.0,1154.0
-823.0,-643.0,618.0,1223.0,,586.0,4.0,-578.0,1674.0,1214.0
-768.0,-259.0,654.0,1012.0,,-1256.0,57.0,-465.0,2141.0,1195.0
-745.0,515.0,687.0,1038.0,,131.0,108.0,-282.0,1423.0,1198.0
-716.0,597.0,795.0,1002.0,,146.0,89.0,-55.0,987.0,1314.0
-660.0,807.0,743.0,875.0,,-1037.0,23.0,315.0,1023.0,1517.0
-562.0,1118.0,809.0,809.0,,514.0,7.0,528.0,794.0,1702.0
-489.0,1664.0,823.0,830.0,,-184.0,34.0,735.0,514.0,1831.0
-442.0,1813.0,809.0,966.0,,-1761.0,68.0,624.0,112.0,1879.0
-347.0,1277.0,834.0,990.0,,306.0,38.0,388.0,-552.0,1968.0
-233.0,1381.0,791.0,939.0,,651.0,48.0,134.0,-888.0,2080.0
-170.0,2192.0,749.0,836.0,,-1367.0,121.0,-245.0,-500.0,2099.0
-135.0,2367.0,642.0,574.0,,-452.0,175.0,-338.0,-722.0,2068.0
-44.0,1711.0,570.0,381.0,,527.0,243.0,-445.0,-1563.0,2049.0
36.0,689.0,479.0,285.0,,-1112.0,299.0,-330.0,-1908.0,2084.0
74.0,-448.0,399.0,117.0,,-380.0,338.0,-194.0,-1674.0,2105.0
85.0,-1383.0,353.0,-149.0,,888.0,395.0,-118.0,-1339.0,2066.0
120.0,-2193.0,269.0,-366.0,,-1131.0,357.0,169.0,-1270.0,1749.0
153.0,-1943.0,235.0,-451.0,,-724.0,268.0,280.0,-1413.0,1468.0
186.0,-682.0,180.0,-425.0,,1114.0,266.0,487.0,-1370.0,1266.0
228.0,607.0,106.0,-448.0,,-882.0,313.0,550.0,-986.0,919.0
252.0,1700.0,64.0,-564.0,,-1074.0,374.0,532.0,-827.0,552.0
297.0,1891.0,-39.0,-765.0,,956.0,400.0,461.0,-861.0,134.0
334.0,1442.0,-170.0,-1115.0,,-687.0,402.0,123.0,-978.0,-191.0
345.0,1358.0,-285.0,-1340.0,,-988.0,388.0,-162.0,-764.0,-478.0
362.0,1200.0,-412.0,-1383.0,,970.0,305.0,-565.0,53.0,-588.0
416.0,1000.0,-533.0,-1271.0,,-964.0,210.0,-759.0,455.0,-733.0
454.0,414.0,-642.0,-1148.0,,-1412.0,117.0,-846.0,401.0,-1005.0
472.0,-248.0,-782.0,-1236.0,,752.0,36.0,-811.0,535.0,-1056.0
486.0,251.0,-848.0,-1408.0,,-1015.0,31.0,-570.0,374.0,-1120.0
530.0,850.0,-949.0,-1561.0,,-1270.0,-22.0,-474.0,370.0,-1174.0
582.0,578.0,-1049.0,-1546.0,,546.0,-101.0,-227.0,726.0,-1209.0
604.0,74.0,-1126.0,-1529.0,,-1421.0,-101.0,-107.0,471.0,-1232.0
655.0,486.0,-1237.0,-1616.0,,-1137.0,-103.0,66.0,350.0,-1250.0
700.0,894.0,-1281.0,-1622.0,,519.0,-85.0,229.0,25.0,-1223.0
737.0,363.0,-1377.0,-1522.0,,-2041.0,-77.0,136.0,-200.0,-1093.0
789.0,-302.0,-1422.0,-1268.0,,-1938.0,-75.0,99.0,-15.0,-1028.0
858.0,-578.0,-1451.0,-1036.0,,91.0,-85.0,-97.0,-541.0,-893.0
882.0,-826.0,-1500.0,-1019.0,,-1497.0,-123.0,-188.0,-679.0,-835.0
845.0,-1442.0,-1555.0,-1044.0,,-1477.0,-113.0,-293.0,-764.0,-886.0
799.0,-1452.0,-1547.0,-999.0,,-274.0,-166.0,-321.0,-763.0,-892.0
753.0,-1002.0,-1530.0,-1042.0,,-1391.0,-272.0,-295.0,-557.0,-890.0
686.0,-777.0,-1521.0,-1145.0,,-1224.0,-333.0,-473.0,-850.0,-914.0
609.0,-15.0,-1484.0,-1152.0,,-503.0,-417.0,-476.0,-790.0,-908.0
539.0,1225.0,-1483.0,-1079.0,,-1015.0,-521.0,-471.0,-981.0,-836.0
468.0,1809.0,-1387.0,-993.0,,-501.0,-564.0,-262.0,-1068.0,-939.0
408.0,1335.0,-1348.0,-904.0,,-183.0,-530.0,-77.0,-614.0,-981.0
307.0,312.0,-1288.0,-778.0,,-1277.0,-484.0,3.0,-767.0,-752.0
225.0,-573.0,-1176.0,-706.0,,-680.0,-459.0,242.0,-966.0,-651.0
180.0,-1778.0,-1104.0,-588.0,,67.0,-431.0,277.0,-907.0,-792.0
138.0,-3435.0,-1008.0,-290.0,,-1635.0,-377.0,345.0,-688.0,-730.0
103.0,-4233.0,-955.0,27.0,,-680.0,-364.0,266.0,0.0,-532.0
76.0,-3786.0,-943.0,351.0,,1085.0,-436.0,144.0,276.0,-505.0
90.0,-3044.0,-873.0,633.0,,-999.0,-524.0,38.0,152.0,-504.0
113.0,-2624.0,-774.0,799.0,,-784.0,-611.0,-123.0,155.0,-555.0
137.0,-1862.0,-779.0,885.0,,1055.0,-671.0,-22.0,484.0,-634.0
149.0,-1504.0,-709.0,881.0,,-427.0,-670.0,-42.0,1027.0,-689.0
187.0,-2030.0,-650.0,968.0,,-567.0,-613.0,90.0,1050.0,-621.0
233.0,-2125.0,-577.0,1167.0,,346.0,-537.0,203.0,966.0,-551.0
263.0,-2356.0,-450.0,1264.0,,-693.0,-452.0,291.0,1028.0,-666.0
288.0,-2370.0,-465.0,1145.0,,341.0,-402.0,543.0,1207.0,-691.0
298.0,-1468.0,-308.0,906.0,,991.0,-402.0,582.0,1327.0,-580.0
308.0,-296.0,-224.0,761.0,,-1295.0,-426.0,794.0,1395.0,-615.0
268.0,979.0,-194.0,631.0,,-412.0,-451.0,853.0,1033.0,-657.0
177.0,1601.0,-76.0,620.0,,1008.0,-400.0,920.0,341.0,-523.0
111.0,2066.0,-30.0,739.0,,-847.0,-384.0,990.0,541.0,-493.0
82.0,2729.0,83.0,673.0,,173.0,-465.0,888.0,764.0,-455.0
40.0,3232.0,110.0,465.0,,1437.0,-578.0,831.0,566.0,-448.0
-64.0,3480.0,171.0,257.0,,-1100.0,-665.0,474.0,184.0,-521.0
-172.0,2699.0,219.0,234.0,,-256.0,-694.0,253.0,-65.0,-501.0
-214.0,2159.0,365.0,336.0,,1716.0,-712.0,-9.0,-148.0,-540.0
-318.0,2406.0,465.0,359.0,,-273.0,-734.0,-219.0,-178.0,-600.0
-469.0,2254.0,483.0,484.0,,193.0,-749.0,-184.0,-100.0,-535.0
-577.0,2174.0,559.0,684.0,,1445.0,-724.0,-186.0,-633.0,-352.0
-630.0,2310.0,537.0,732.0,,-527.0,-657.0,77.0,-815.0,-414.0
-670.0,2150.0,598.0,683.0,,380.0,-522.0,229.0,-683.0,-370.0
-707.0,1540.0,530.0,736.0,,1727.0,-299.0,352.0,-557.0,-103.0
-686.0,1049.0,523.0,678.0,,-642.0,-109.0,402.0,-323.0,-179.0
-658.0,510.0,480.0,400.0,,121.0,-29.0,349.0,-853.0,-259.0
-650.0,-349.0,425.0,218.0,,1960.0,26.0,358.0,-1328.0,-216.0
-653.0,-906.0,366.0,98.0,,-222.0,59.0,210.0,-929.0,-182.0
-588.0,-1613.0,284.0,-118.0,,-8.0,36.0,291.0,-224.0,-189.0
-487.0,-2495.0,271.0,-379.0,,1492.0,-63.0,245.0,106.0,-138.0
-408.0,-3562.0,161.0,-513.0,,62.0,-194.0,145.0,3.0,-176.0
-348.0,-3975.0,173.0,-658.0,,229.0,-256.0,96.0,-59.0,-461.0
-303.0,-3454.0,87.0,-793.0,,937.0,-302.0,-145.0,73.0,-535.0
-257.0,-2953.0,152.0,-760.0,,-339.0,-325.0,-192.0,-71.0,-567.0
-278.0,-2621.0,124.0,-777.0,,-590.0,-316.0,-291.0,91.0,-797.0
-315.0,-2118.0,56.0,-780.0,,519.0,-300.0,-133.0,283.0,-1098.0
-323.0,-846.0,156.0,-618.0,,381.0,-255.0,190.0,-7.0,-1235.0
-292.0,-266.0,118.0,-435.0,,-489.0,-193.0,412.0,538.0,-1245.0
-299.0,253.0,151.0,-327.0,,337.0,-132.0,613.0,1316.0,-1413.0
-326.0,1179.0,85.0,-329.0,,366.0,-57.0,556.0,1383.0,-1496.0
-280.0,1463.0,67.0,-443.0,,-1011.0,-31.0,661.0,1049.0,-1519.0
-240.0,2059.0,2.0,-591.0,,309.0,-18.0,604.0,1115.0,-1665.0
-215.0,3012.0,-95.0,-749.0,,937.0,-20.0,506.0,1479.0,-1732.0
-188.0,3914.0,-220.0,-784.0,,-1195.0,-104.0,443.0,1569.0,-1588.0
-134.0,3805.0,-340.0,-828.0,,231.0,-164.0,232.0,1440.0,-1430.0
-52.0,3619.0,-351.0,-930.0,,1298.0,-199.0,262.0,1168.0,-1326.0
-17.0,3867.0,-462.0,-1108.0,,-1266.0,-182.0,199.0,1034.0,-1021.0
-22.0,3658.0,-428.0,-1401.0,,692.0,-168.0,315.0,879.0,-624.0
-24.0,3352.0,-494.0,-1578.0,,1942.0,-224.0,448.0,1399.0,-331.0
-15.0,3057.0,-505.0,-1758.0,,-1116.0,-168.0,554.0,1315.0,-118.0
-22.0,2715.0,-496.0,-1831.0,,722.0,-48.0,792.0,670.0,0.0
-96.0,1933.0,-649.0,-1724.0,,1559.0,81.0,896.0,767.0,129.0
-152.0,1660.0,-640.0,-1547.0,,-1095.0,247.0,1031.0,757.0,176.0
-113.0,1339.0,-692.0,-1334.0,,995.0,390.0,873.0,1069.0,45.0
-69.0,172.0,-747.0,-1235.0,,1101.0,543.0,814.0,1023.0,-78.0
-64.0,-448.0,-817.0,-1225.0,,-1355.0,621.0,822.0,805.0,-221.0
-30.0,-340.0,-854.0,-1259.0,,862.0,576.0,709.0,766.0,-391.0
20.0,-767.0,-927.0,-1259.0,,784.0,562.0,788.0,918.0,-609.0
55.0,-1983.0,-1066.0,-1251.0,,-1250.0,531.0,711.0,1249.0,-712.0
85.0,-2813.0,-1111.0,-1110.0,,516.0,411.0,742.0,1199.0,-851.0
101.0,-3591.0,-1225.0,-790.0,,209.0,357.0,707.0,1029.0,-1134.0
142.0,-4474.0,-1293.0,-554.0,,-924.0,330.0,665.0,777.0,-1156.0
181.0,-4702.0,-1338.0,-422.0,,505.0,258.0,705.0,912.0,-1169.0
193.0,-4338.0,-1327.0,-276.0,,-173.0,198.0,606.0,833.0,-1302.0
203.0,-4163.0,-1333.0,-62.0,,-742.0,99.0,626.0,290.0,-1313.0
252.0,-3484.0,-1259.0,106.0,,434.0,80.0,365.0,-366.0,-1117.0
303.0,-2327.0,-1188.0,186.0,,-140.0,98.0,203.0,-396.0,-1041.0
289.0,-1730.0,-1240.0,250.0,,-380.0,76.0,25.0,-378.0,-951.0
295.0,-1024.0,-1108.0,249.0,,411.0,104.0,-314.0,-584.0,-667.0
350.0,-476.0,-1075.0,259.0,,-14.0,121.0,-373.0,-437.0,-667.0
361.0,-172.0,-1056.0,256.0,,57.0,198.0,-465.0,-964.0,-652.0
294.0,-44.0,-978.0,18.0,,593.0,264.0,-288.0,-1130.0,-471.0
234.0,-195.0,-970.0,-203.0,,-43.0,263.0,-86.0,-1265.0,-265.0
236.0,-739.0,-858.0,-112.0,,-29.0,301.0,133.0,-1605.0,-165.0
204.0,-1191.0,-765.0,96.0,,260.0,256.0,460.0,-1533.0,-53.0
123.0,-1268.0,-731.0,408.0,,96.0,183.0,655.0,-1911.0,208.0
70.0,-1221.0,-598.0,747.0,,568.0,151.0,851.0,-2026.0,311.0
67.0,-780.0,-413.0,935.0,,379.0,124.0,652.0,-1800.0,347.0
87.0,-575.0,-306.0,1121.0,,434.0,121.0,521.0,-1776.0,367.0
44.0,-672.0,-201.0,1335.0,,538.0,77.0,421.0,-1735.0,482.0
35.0,-872.0,-40.0,1525.0,,-132.0,48.0,325.0,-2000.0,610.0
114.0,-660.0,74.0,1658.0,,748.0,21.0,336.0,-1838.0,606.0
191.0,-488.0,184.0,1637.0,,511.0,-74.0,48.0,-1395.0,589.0
195.0,-639.0,304.0,1450.0,,-959.0,-171.0,1.0,-1632.0,610.0
185.0,-564.0,348.0,1218.0,,60.0,-273.0,-18.0,-1215.0,685.0
268.0,-498.0,390.0,1013.0,,-54.0,-385.0,83.0,-954.0,596.0
311.0,-122.0,457.0,776.0,,-1277.0,-501.0,94.0,-1077.0,446.0
288.0,194.0,391.0,588.0,,125.0,-554.0,-84.0,-569.0,409.0
268.0,645.0,360.0,436.0,,-221.0,-503.0,83.0,-440.0,391.0
338.0,1464.0,406.0,249.0,,-1195.0,-403.0,142.0,-516.0,328.0
446.0,1660.0,337.0,96.0,,348.0,-287.0,419.0,-485.0,205.0
531.0,1563.0,372.0,-37.0,,-367.0,-216.0,594.0,-368.0,19.0
616.0,1733.0,358.0,-72.0,,-677.0,-125.0,607.0,26.0,-221.0
664.0,1441.0,370.0,-62.0,,495.0,-23.0,561.0,280.0,-356.0
745.0,823.0,443.0,-160.0,,-610.0,25.0,227.0,121.0,-419.0
741.0,424.0,403.0,-236.0,,220.0,75.0,151.0,27.0,-643.0
687.0,338.0,454.0,-269.0,,1185.0,57.0,-94.0,303.0,-866.0
662.0,0.0,478.0,-107.0,,-550.0,-29.0,-343.0,514.0,-909.0
657.0,-361.0,501.0,207.0,,229.0,-100.0,-600.0,246.0,-892.0
670.0,34.0,489.0,316.0,,418.0,-168.0,-726.0,643.0,-899.0
640.0,202.0,475.0,312.0,,-1081.0,-221.0,-593.0,940.0,-936.0
651.0,323.0,517.0,357.0,,648.0,-255.0,-694.0,665.0,-948.0
668.0,563.0,496.0,519.0,,667.0,-372.0,-517.0,1064.0,-907.0
600.0,647.0,465.0,599.0,,-550.0,-460.0,-530.0,1007.0,-623.0
496.0,377.0,523.0,540.0,,820.0,-422.0,-521.0,1089.0,-295.0
486.0,-226.0,557.0,395.0,,-271.0,-366.0,-408.0,861.0,-274.0
534.0,-558.0,576.0,17.0,,-782.0,-258.0,-563.0,164.0,-303.0
540.0,-1059.0,609.0,-399.0,,715.0,-204.0,-371.0,182.0,-257.0
569.0,-1277.0,560.0,-726.0,,-274.0,-184.0,-199.0,461.0,-166.0
626.0,-729.0,527.0,-940.0,,363.0,-134.0,68.0,314.0,-200.0
670.0,175.0,508.0,-956.0,,1166.0,-91.0,291.0,-118.0,-240.0
705.0,1352.0,430.0,-816.0,,-530.0,-24.0,410.0,183.0,-159.0
688.0,2101.0,311.0,-494.0,,-28.0,56.0,530.0,-101.0,-131.0
687.0,2433.0,284.0,-146.0,,678.0,155.0,218.0,-117.0,78.0
722.0,2955.0,202.0,-117.0,,10.0,236.0,-92.0,-2.0,269.0
714.0,2631.0,138.0,-231.0,,79.0,355.0,-413.0,-484.0,269.0
623.0,1774.0,102.0,-238.0,,-5.0,489.0,-548.0,-629.0,366.0
528.0,294.0,57.0,-235.0,,439.0,582.0,-641.0,-752.0,623.0
523.0,-1028.0,95.0,-284.0,,797.0,581.0,-816.0,-322.0,904.0
478.0,-1166.0,73.0,-276.0,,717.0,525.0,-755.0,-213.0,1148.0
417.0,-2245.0,104.0,-215.0,,898.0,504.0,-857.0,-145.0,1431.0
384.0,-2585.0,87.0,-253.0,,-50.0,478.0,-790.0,13.0,1665.0
376.0,-1543.0,144.0,-418.0,,151.0,448.0,-761.0,60.0,1856.0
319.0,-1358.0,165.0,-635.0,,1043.0,325.0,-796.0,236.0,1919.0
172.0,-1090.0,33.0,-684.0,,538.0,202.0,-715.0,555.0,1852.0
1.0,-159.0,54.0,-636.0,,907.0,120.0,-803.0,654.0,1735.0
-202.0,169.0,-8.0,-688.0,,644.0,38.0,-604.0,221.0,1531.0
-330.0,-31.0,-107.0,-695.0,,-39.0,20.0,-410.0,377.0,1297.0
-483.0,62.0,-115.0,-521.0,,1010.0,37.0,-181.0,697.0,1067.0
-618.0,-41.0,-192.0,-280.0,,891.0,72.0,-24.0,778.0,877.0
-682.0,-675.0,-241.0,-100.0,,-81.0,103.0,-79.0,420.0,617.0
-674.0,-1151.0,-255.0,42.0,,369.0,97.0,-22.0,155.0,398.0
-631.0,-1027.0,-285.0,6.0,,863.0,80.0,-256.0,319.0,289.0
-653.0,-590.0,-264.0,-200.0,,654.0,147.0,-456.0,343.0,153.0
-618.0,-265.0,-250.0,-311.0,,354.0,196.0,-626.0,192.0,-51.0
-572.0,-505.0,-237.0,-292.0,,380.0,206.0,-606.0,207.0,-215.0
-490.0,-277.0,-243.0,-357.0,,669.0,261.0,-339.0,290.0,-262.0
-454.0,236.0,-259.0,-577.0,,1244.0,231.0,-169.0,47.0,-447.0
-443.0,-261.0,-216.0,-782.0,,1500.0,163.0,73.0,194.0,-664.0
-412.0,84.0,-176.0,-1016.0,,318.0,142.0,59.0,293.0,-668.0
-392.0,836.0,-137.0,-1253.0,,350.0,120.0,177.0,8.0,-674.0
-338.0,199.0,-116.0,-1339.0,,2000.0,88.0,206.0,-386.0,-800.0
-320.0,-480.0,1.0,-1405.0,,1010.0,77.0,92.0,-421.0,-718.0
-300.0,-617.0,-26.0,-1439.0,,211.0,119.0,223.0,-21.0,-486.0
-274.0,-867.0,-78.0,-1281.0,,1133.0,173.0,138.0,33.0,-546.0
-244.0,-1350.0,-55.0,-960.0,,568.0,215.0,267.0,-145.0,-656.0
-250.0,-1329.0,-144.0,-527.0,,1553.0,255.0,155.0,-151.0,-556.0
-269.0,-1019.0,-77.0,-198.0,,2041.0,249.0,-107.0,-76.0,-420.0
-314.0,-976.0,-94.0,-8.0,,-80.0,218.0,-86.0,-121.0,-321.0
-362.0,-875.0,-151.0,214.0,,476.0,168.0,-258.0,159.0,-188.0
-374.0,-84.0,-115.0,432.0,,954.0,64.0,-194.0,191.0,70.0
-394.0,540.0,-82.0,584.0,,265.0,-74.0,-188.0,-177.0,168.0
-394.0,379.0,-78.0,584.0,,1230.0,-220.0,-127.0,-243.0,40.0
-338.0,449.0,1.0,430.0,,671.0,-366.0,51.0,-191.0,155.0
-269.0,298.0,53.0,245.0,,402.0,-504.0,177.0,-275.0,362.0
-298.0,168.0,103.0,122.0,,890.0,-651.0,380.0,-403.0,377.0
-315.0,-101.0,111.0,51.0,,-141.0,-741.0,327.0,-216.0,399.0
-293.0,111.0,14.0,85.0,,534.0,-726.0,376.0,-381.0,593.0
-329.0,418.0,67.0,199.0,,874.0,-744.0,266.0,-422.0,853.0
-414.0,241.0,24.0,317.0,,220.0,-772.0,101.0,-446.0,948.0
-475.0,615.0,1.0,467.0,,909.0,-747.0,70.0,-1090.0,1048.0
-464.0,196.0,-38.0,642.0,,296.0,-715.0,-51.0,-847.0,1053.0
-412.0,-540.0,-59.0,762.0,,648.0,-655.0,-22.0,-690.0,875.0
-347.0,-1061.0,34.0,781.0,,1266.0,-570.0,-40.0,-1157.0,793.0
-297.0,-1271.0,-14.0,781.0,,-187.0,-531.0,145.0,-950.0,782.0
-259.0,-1095.0,-65.0,747.0,,1041.0,-564.0,284.0,-742.0,695.0
-215.0,-999.0,-79.0,640.0,,1485.0,-590.0,351.0,-936.0,393.0
-166.0,-1117.0,-130.0,516.0,,270.0,-685.0,426.0,-807.0,225.0
-179.0,-699.0,-187.0,458.0,,2027.0,-825.0,280.0,-749.0,173.0
-155.0,40.0,-319.0,349.0,,1470.0,-869.0,269.0,-747.0,-92.0
-67.0,436.0,-375.0,261.0,,473.0,-874.0,134.0,-351.0,-344.0
-69.0,1451.0,-511.0,288.0,,1909.0,-804.0,166.0,-211.0,-428.0
-67.0,2173.0,-651.0,241.0,,702.0,-666.0,142.0,180.0,-603.0
-3.0,2308.0,-711.0,159.0,,740.0,-559.0,46.0,523.0,-921.0
51.0,2407.0,-835.0,110.0,,1610.0,-399.0,203.0,618.0,-822.0
40.0,2779.0,-883.0,131.0,,272.0,-186.0,164.0,1042.0,-826.0
47.0,2063.0,-926.0,162.0,,779.0,12.0,382.0,1151.0,-1216.0
106.0,1144.0,-989.0,201.0,,301.0,167.0,500.0,1168.0,-1136.0
137.0,967.0,-1032.0,236.0,,-383.0,268.0,526.0,1528.0,-918.0
190.0,388.0,-902.0,131.0,,1226.0,350.0,548.0,1807.0,-1078.0
222.0,556.0,-923.0,26.0,,441.0,336.0,365.0,1735.0,-1255.0
271.0,729.0,-888.0,-65.0,,-33.0,205.0,400.0,1687.0,-1161.0
315.0,876.0,-867.0,-255.0,,354.0,62.0,275.0,1791.0,-1190.0
316.0,563.0,-821.0,-391.0,,-478.0,-18.0,321.0,1892.0,-1302.0
371.0,-204.0,-699.0,-356.0,,575.0,-9.0,386.0,2009.0,-1203.0
485.0,-287.0,-771.0,-301.0,,242.0,53.0,238.0,2140.0,-1152.0
622.0,151.0,-597.0,-303.0,,-603.0,77.0,173.0,2077.0,-1111.0
658.0,35.0,-518.0,-245.0,,828.0,37.0,-60.0,1893.0,-1086.0
682.0,-275.0,-365.0,-59.0,,206.0,17.0,-234.0,1723.0,-848.0
747.0,254.0,-213.0,214.0,,54.0,29.0,-448.0,1844.0,-669.0
773.0,16.0,-151.0,494.0,,1159.0,60.0,-521.0,2091.0,-845.0
675.0,-13.0,84.0,650.0,,419.0,138.0,-428.0,1802.0,-736.0
545.0,-27.0,202.0,806.0,,710.0,130.0,-332.0,1632.0,-434.0
549.0,74.0,227.0,989.0,,624.0,45.0,-101.0,1432.0,-282.0
551.0,402.0,364.0,898.0,,-2.0,0.0,-1.0,1192.0,-138.0
534.0,-4.0,422.0,619.0,,1162.0,-79.0,290.0,1035.0,42.0
522.0,13.0,394.0,266.0,,515.0,-196.0,389.0,461.0,122.0
522.0,-308.0,414.0,15.0,,-113.0,-292.0,315.0,354.0,192.0
515.0,-242.0,310.0,13.0,,444.0,-287.0,404.0,175.0,216.0
455.0,316.0,359.0,141.0,,-83.0,-251.0,323.0,-235.0,300.0
329.0,1084.0,297.0,361.0,,536.0,-233.0,354.0,-297.0,386.0
202.0,1330.0,201.0,522.0,,146.0,-107.0,201.0,-483.0,205.0
166.0,583.0,235.0,507.0,,-985.0,94.0,49.0,-616.0,282.0
139.0,691.0,154.0,249.0,,-41.0,285.0,46.0,-712.0,496.0
118.0,481.0,181.0,-26.0,,-538.0,424.0,46.0,-776.0,414.0
130.0,74.0,70.0,-118.0,,-1016.0,487.0,35.0,-888.0,339.0
174.0,220.0,40.0,-137.0,,-345.0,527.0,-184.0,-803.0,527.0
196.0,199.0,17.0,58.0,,-1270.0,545.0,-197.0,-601.0,564.0
220.0,-411.0,-131.0,406.0,,-746.0,524.0,-291.0,-316.0,433.0
277.0,-1800.0,-211.0,644.0,,-194.0,525.0,-406.0,98.0,536.0
318.0,-2970.0,-362.0,854.0,,-1087.0,447.0,-432.0,-248.0,537.0
372.0,-3920.0,-345.0,1077.0,,-135.0,336.0,-517.0,-635.0,471.0
402.0,-4378.0,-466.0,1186.0,,-380.0,278.0,-334.0,-499.0,410.0
384.0,-4052.0,-516.0,1224.0,,-694.0,219.0,-107.0,-193.0,347.0
350.0,-3340.0,-500.0,1256.0,,333.0,191.0,169.0,-95.0,329.0
346.0,-2429.0,-581.0,1034.0,,-643.0,134.0,218.0,-494.0,227.0
338.0,-1587.0,-497.0,674.0,,56.0,84.0,120.0,-672.0,275.0
299.0,-1320.0,-590.0,465.0,,780.0,45.0,66.0,-638.0,299.0
255.0,-1668.0,-590.0,304.0,,-728.0,17.0,-177.0,-353.0,185.0
229.0,-1999.0,-587.0,86.0,,272.0,51.0,-216.0,-128.0,103.0
192.0,-2437.0,-605.0,-26.0,,317.0,62.0,-363.0,-690.0,11.0
143.0,-1659.0,-631.0,125.0,,-361.0,38.0,-413.0,-821.0,-93.0
98.0,-694.0,-702.0,205.0,,744.0,10.0,-269.0,-577.0,-265.0
-3.0,-310.0,-651.0,311.0,,-719.0,10.0,-238.0,-331.0,-386.0
-88.0,848.0,-641.0,438.0,,-479.0,-15.0,-92.0,-30.0,-421.0
-93.0,1158.0,-626.0,372.0,,913.0,12.0,-195.0,-387.0,-477.0
-96.0,1181.0,-625.0,429.0,,-850.0,126.0,-232.0,-63.0,-627.0
-152.0,1982.0,-495.0,605.0,,-8.0,213.0,-216.0,325.0,-842.0
-177.0,3191.0,-425.0,671.0,,261.0,305.0,-160.0,258.0,-1005.0
-172.0,3852.0,-389.0,534.0,,-974.0,282.0,-33.0,458.0,-1043.0
-180.0,3906.0,-284.0,391.0,,636.0,236.0,-77.0,301.0,-1036.0
-212.0,3505.0,-176.0,244.0,,-366.0,286.0,-27.0,399.0,-1055.0
-315.0,2650.0,-52.0,131.0,,-798.0,303.0,-166.0,480.0,-1002.0
-379.0,2645.0,-43.0,83.0,,759.0,302.0,-127.0,651.0,-933.0
-368.0,2706.0,63.0,41.0,,-960.0,264.0,-5.0,742.0,-834.0
-413.0,2507.0,116.0,89.0,,-252.0,221.0,-44.0,389.0,-678.0
-516.0,2534.0,174.0,79.0,,479.0,189.0,12.0,532.0,-667.0
-531.0,2320.0,259.0,44.0,,-840.0,113.0,-73.0,639.0,-812.0
-435.0,1476.0,223.0,-31.0,,1087.0,37.0,57.0,444.0,-748.0
-388.0,731.0,318.0,-38.0,,13.0,-88.0,136.0,367.0,-606.0
-425.0,-239.0,419.0,137.0,,-1409.0,-215.0,145.0,309.0,-641.0
-404.0,-903.0,446.0,290.0,,683.0,-285.0,162.0,367.0,-651.0
-309.0,-554.0,463.0,381.0,,-111.0,-406.0,-75.0,792.0,-569.0
-260.0,-729.0,487.0,328.0,,255.0,-479.0,-181.0,937.0,-448.0
-251.0,-1051.0,527.0,210.0,,530.0,-451.0,-384.0,606.0,-364.0
-191.0,-1158.0,485.0,256.0,,-1072.0,-408.0,-428.0,591.0,-265.0
-67.0,-1009.0,435.0,231.0,,804.0,-316.0,-434.0,628.0,-374.0
97.0,-971.0,444.0,118.0,,114.0,-224.0,-559.0,791.0,-512.0
207.0,-1116.0,451.0,126.0,,-1109.0,-160.0,-526.0,1330.0,-467.0
239.0,-1078.0,457.0,-25.0,,907.0,-127.0,-622.0,1127.0,-457.0
332.0,-792.0,406.0,-197.0,,-50.0,-108.0,-563.0,635.0,-572.0
438.0,103.0,437.0,-179.0,,-423.0,-29.0,-509.0,751.0,-778.0
455.0,295.0,478.0,-157.0,,-328.0,42.0,-343.0,817.0,-725.0
455.0,-445.0,407.0,-122.0,,-802.0,107.0,-153.0,639.0,-571.0
502.0,-919.0,432.0,-10.0,,1051.0,177.0,-114.0,433.0,-422.0
559.0,-1232.0,414.0,33.0,,-111.0,228.0,73.0,300.0,-224.0
620.0,-728.0,453.0,-152.0,,-1450.0,325.0,-44.0,145.0,9.0
684.0,-25.0,441.0,-269.0,,464.0,392.0,-48.0,308.0,257.0
691.0,182.0,315.0,-110.0,,222.0,410.0,20.0,316.0,519.0
640.0,330.0,323.0,102.0,,240.0,356.0,-48.0,-205.0,800.0
556.0,6.0,245.0,141.0,,544.0,185.0,-5.0,-513.0,830.0
464.0,259.0,181.0,55.0,,-707.0,73.0,-97.0,-754.0,924.0
386.0,136.0,41.0,-41.0,,472.0,-3.0,-94.0,-537.0,1011.0
343.0,395.0,-82.0,-197.0,,339.0,-103.0,-92.0,-417.0,904.0
327.0,767.0,-123.0,-262.0,,-567.0,-168.0,60.0,-827.0,773.0
279.0,242.0,-268.0,-180.0,,597.0,-166.0,179.0,-769.0,532.0
234.0,23.0,-351.0,-144.0,,-389.0,-95.0,216.0,-615.0,170.0
253.0,-525.0,-478.0,-210.0,,-703.0,-39.0,395.0,-62.0,-19.0
194.0,-448.0,-561.0,-366.0,,-71.0,42.0,253.0,242.0,65.0
84.0,-700.0,-666.0,-545.0,,-678.0,169.0,138.0,-273.0,-13.0
47.0,-703.0,-775.0,-664.0,,-258.0,260.0,-140.0,-353.0,20.0
-4.0,-38.0,-833.0,-668.0,,-560.0,319.0,-454.0,-132.0,201.0
-101.0,1184.0,-862.0,-490.0,,-1039.0,406.0,-543.0,66.0,267.0
-202.0,1898.0,-849.0,-314.0,,-269.0,459.0,-667.0,24.0,331.0
-223.0,1918.0,-873.0,-138.0,,-381.0,369.0,-489.0,-59.0,381.0
-202.0,2830.0,-825.0,59.0,,-390.0,215.0,-388.0,-37.0,462.0
-191.0,2385.0,-783.0,9.0,,-313.0,65.0,-208.0,70.0,454.0
-167.0,2771.0,-738.0,-27.0,,-976.0,-105.0,-38.0,213.0,408.0
-90.0,2888.0,-698.0,131.0,,-1039.0,-285.0,-16.0,-413.0,386.0
0.0,1983.0,-641.0,355.0,,-815.0,-363.0,107.0,-700.0,305.0
51.0,2052.0,-555.0,555.0,,-587.0,-324.0,-40.0,-192.0,227.0
125.0,1891.0,-443.0,698.0,,-517.0,-288.0,-173.0,-225.0,233.0
159.0,1917.0,-437.0,737.0,,-980.0,-243.0,-447.0,67.0,179.0
221.0,1606.0,-372.0,520.0,,-1207.0,-158.0,-644.0,292.0,168.0
254.0,989.0,-294.0,217.0,,-621.0,-24.0,-639.0,-429.0,327.0
187.0,-263.0,-284.0,-21.0,,-394.0,129.0,-626.0,-667.0,505.0
180.0,-815.0,-188.0,-173.0,,-504.0,291.0,-332.0,-679.0,645.0
207.0,-970.0,-173.0,-191.0,,-108.0,455.0,-142.0,-780.0,742.0
155.0,-2024.0,-44.0,-130.0,,-764.0,529.0,99.0,-778.0,913.0
51.0,-2338.0,-15.0,-10.0,,-807.0,569.0,186.0,-839.0,1033.0
-6.0,-2396.0,58.0,134.0,,164.0,603.0,136.0,-801.0,1069.0
-77.0,-2352.0,100.0,311.0,,-421.0,524.0,199.0,-821.0,1057.0
-159.0,-2462.0,79.0,452.0,,-431.0,388.0,64.0,-946.0,920.0
-230.0,-2846.0,163.0,469.0,,-466.0,244.0,59.0,-928.0,720.0
-339.0,-2612.0,61.0,506.0,,-941.0,72.0,-36.0,-810.0,572.0
-444.0,-2614.0,128.0,566.0,,-369.0,-112.0,11.0,-948.0,494.0
-522.0,-2808.0,100.0,489.0,,-1182.0,-285.0,214.0,-842.0,251.0
-555.0,-2526.0,101.0,312.0,,-1219.0,-289.0,291.0,-564.0,-48.0
-615.0,-2138.0,85.0,166.0,,-246.0,-194.0,434.0,-408.0,-103.0
-661.0,-1955.0,-32.0,-4.0,,-857.0,-82.0,327.0,-358.0,-91.0
-627.0,-2043.0,38.0,-273.0,,-594.0,174.0,293.0,-433.0,-206.0
-631.0,-1500.0,-41.0,-541.0,,-808.0,436.0,297.0,-55.0,-344.0
-622.0,-1104.0,-112.0,-631.0,,-886.0,636.0,400.0,372.0,-469.0
-586.0,-1062.0,-207.0,-691.0,,192.0,823.0,639.0,410.0,-457.0
-581.0,-919.0,-260.0,-878.0,,-974.0,937.0,707.0,549.0,-385.0
-578.0,-744.0,-281.0,-939.0,,-1134.0,986.0,899.0,931.0,-408.0
-578.0,206.0,-351.0,-963.0,,-536.0,1031.0,934.0,1252.0,-454.0
-536.0,1043.0,-436.0,-872.0,,-803.0,1044.0,951.0,1401.0,-604.0
-493.0,1283.0,-454.0,-711.0,,-127.0,984.0,870.0,1591.0,-684.0
-483.0,1154.0,-504.0,-802.0,,-1175.0,869.0,594.0,1626.0,-689.0
-499.0,1390.0,-594.0,-885.0,,-1075.0,769.0,478.0,1364.0,-806.0
-545.0,1005.0,-561.0,-825.0,,-359.0,696.0,288.0,1125.0,-1102.0
-620.0,521.0,-645.0,-811.0,,-1704.0,581.0,221.0,1074.0,-1230.0
-693.0,1121.0,-605.0,-799.0,,-740.0,504.0,68.0,1197.0,-1045.0
-731.0,923.0,-655.0,-651.0,,-717.0,470.0,-92.0,1036.0,-971.0
-770.0,210.0,-682.0,-525.0,,-1162.0,498.0,-72.0,565.0,-965.0
-793.0,277.0,-608.0,-372.0,,-231.0,591.0,35.0,423.0,-944.0
-816.0,751.0,-602.0,-230.0,,-1492.0,564.0,465.0,651.0,-945.0
-845.0,-228.0,-522.0,-125.0,,-655.0,472.0,757.0,514.0,-1081.0
-882.0,-646.0,-455.0,-39.0,,-151.0,453.0,1040.0,289.0,-1050.0
-950.0,-93.0,-340.0,-37.0,,-1406.0,461.0,1206.0,211.0,-995.0
-980.0,-1128.0,-223.0,31.0,,-807.0,394.0,1202.0,-121.0,-1208.0
-968.0,-2194.0,-103.0,40.0,,-1283.0,247.0,1328.0,-32.0,-1215.0
-977.0,-1680.0,-54.0,26.0,,-527.0,90.0,1210.0,100.0,-898.0
-967.0,-282.0,78.0,22.0,,-278.0,23.0,1079.0,-67.0,-595.0
-920.0,243.0,145.0,-5.0,,-1351.0,73.0,761.0,-174.0,-621.0
-886.0,594.0,223.0,25.0,,-144.0,158.0,473.0,-8.0,-475.0
-871.0,757.0,285.0,210.0,,-379.0,206.0,317.0,326.0,-192.0
-882.0,465.0,320.0,447.0,,-594.0,231.0,121.0,328.0,-7.0
-872.0,230.0,378.0,482.0,,-711.0,255.0,158.0,362.0,170.0
-867.0,119.0,385.0,395.0,,-1035.0,192.0,60.0,80.0,295.0
-875.0,405.0,437.0,187.0,,862.0,100.0,158.0,-57.0,482.0
-859.0,-185.0,411.0,18.0,,-70.0,34.0,229.0,273.0,543.0
-869.0,-82.0,526.0,-4.0,,-871.0,-28.0,262.0,156.0,735.0
-849.0,439.0,504.0,-62.0,,-108.0,-103.0,426.0,116.0,844.0
-819.0,-74.0,556.0,-81.0,,-352.0,-203.0,291.0,128.0,759.0
-806.0,-728.0,594.0,-79.0,,833.0,-182.0,367.0,42.0,789.0
-798.0,-982.0,599.0,-242.0,,-777.0,-61.0,428.0,415.0,915.0
-733.0,27.0,670.0,-453.0,,-1184.0,-20.0,484.0,865.0,1030.0
-642.0,157.0,605.0,-448.0,,331.0,-15.0,448.0,648.0,963.0
-616.0,407.0,691.0,-383.0,,-968.0,-66.0,201.0,298.0,1004.0
-528.0,1297.0,635.0,-372.0,,-6.0,-199.0,35.0,284.0,1150.0
-390.0,1205.0,573.0,-109.0,,-225.0,-297.0,-181.0,212.0,1311.0
-273.0,1019.0,500.0,226.0,,-598.0,-379.0,-88.0,-31.0,1331.0
-184.0,4.0,425.0,439.0,,151.0,-444.0,-133.0,-352.0,1334.0
-46.0,-273.0,334.0,740.0,,-1517.0,-514.0,-169.0,-429.0,1405.0
125.0,-112.0,116.0,1009.0,,83.0,-556.0,-57.0,-556.0,1397.0
264.0,114.0,-33.0,1148.0,,478.0,-562.0,-77.0,-461.0,1463.0
390.0,515.0,-210.0,1251.0,,-559.0,-672.0,134.0,-373.0,1438.0
508.0,-17.0,-377.0,1364.0,,402.0,-744.0,125.0,-549.0,1454.0
672.0,-480.0,-570.0,1359.0,,-1214.0,-745.0,99.0,-794.0,1520.0
792.0,-1304.0,-729.0,1158.0,,160.0,-847.0,20.0,-833.0,1626.0
844.0,-1765.0,-869.0,905.0,,911.0,-897.0,-203.0,-393.0,1642.0
919.0,-1559.0,-988.0,704.0,,-966.0,-858.0,-262.0,-976.0,1492.0
1009.0,-1206.0,-1024.0,628.0,,248.0,-794.0,-362.0,-1419.0,1405.0
1036.0,-982.0,-1117.0,620.0,,-436.0,-657.0,-216.0,-1281.0,1347.0
985.0,-265.0,-1095.0,531.0,,406.0,-584.0,-24.0,-1380.0,1224.0
950.0,885.0,-1053.0,387.0,,976.0,-550.0,256.0,-1117.0,943.0
946.0,904.0,-1090.0,362.0,,-916.0,-497.0,469.0,-1049.0,756.0
923.0,1313.0,-1007.0,491.0,,711.0,-416.0,347.0,-914.0,653.0
872.0,2076.0,-971.0,681.0,,223.0,-245.0,236.0,-954.0,528.0
819.0,2139.0,-933.0,795.0,,-100.0,-108.0,-27.0,-993.0,320.0
750.0,2247.0,-818.0,823.0,,827.0,-107.0,-181.0,-682.0,159.0
682.0,2035.0,-845.0,761.0,,-571.0,-226.0,-349.0,-512.0,9.0
597.0,1538.0,-749.0,650.0,,287.0,-344.0,-443.0,-613.0,-220.0
491.0,1032.0,-614.0,579.0,,-285.0,-438.0,-345.0,-430.0,-152.0
391.0,37.0,-631.0,438.0,,-649.0,-585.0,-369.0,238.0,-146.0
322.0,-474.0,-510.0,273.0,,1075.0,-771.0,-280.0,416.0,-261.0
228.0,-886.0,-483.0,24.0,,-74.0,-951.0,-367.0,358.0,-215.0
84.0,-2403.0,-425.0,-297.0,,-93.0,-1121.0,-437.0,390.0,-30.0
41.0,-3247.0,-375.0,-406.0,,-46.0,-1212.0,-537.0,487.0,129.0
-13.0,-3286.0,-379.0,-384.0,,-131.0,-1178.0,-772.0,488.0,51.0
-125.0,-3302.0,-322.0,-346.0,,1085.0,-1068.0,-886.0,584.0,41.0
-187.0,-2388.0,-291.0,-401.0,,-322.0,-883.0,-1154.0,686.0,156.0
-183.0,-1147.0,-210.0,-461.0,,-413.0,-713.0,-1188.0,296.0,409.0
-148.0,-954.0,-233.0,-366.0,,481.0,-545.0,-1104.0,182.0,663.0
-202.0,-455.0,-191.0,-394.0,,236.0,-370.0,-933.0,80.0,697.0
-258.0,668.0,-142.0,-463.0,,703.0,-227.0,-679.0,-104.0,796.0
-271.0,854.0,-91.0,-424.0,,-129.0,-72.0,-565.0,-405.0,882.0
-274.0,1294.0,-53.0,-318.0,,225.0,37.0,-339.0,-706.0,954.0
-298.0,1941.0,21.0,-212.0,,1113.0,101.0,-334.0,-1006.0,1035.0
-302.0,2083.0,130.0,-222.0,,558.0,140.0,-203.0,-1127.0,967.0
-210.0,2008.0,164.0,-338.0,,794.0,129.0,-83.0,-766.0,964.0
-76.0,1625.0,304.0,-517.0,,74.0,86.0,-101.0,-1229.0,1016.0
44.0,1342.0,406.0,-758.0,,279.0,23.0,97.0,-1129.0,1161.0
113.0,1255.0,526.0,-1017.0,,939.0,17.0,134.0,-913.0,1217.0
208.0,1196.0,608.0,-1070.0,,313.0,98.0,253.0,-1158.0,1052.0
333.0,806.0,707.0,-1095.0,,839.0,161.0,218.0,-657.0,1032.0
437.0,687.0,811.0,-1129.0,,484.0,241.0,142.0,-567.0,1037.0
509.0,570.0,874.0,-1017.0,,505.0,386.0,171.0,-445.0,974.0
604.0,258.0,998.0,-980.0,,744.0,551.0,86.0,-181.0,831.0
724.0,322.0,1020.0,-1103.0,,400.0,659.0,195.0,-43.0,617.0
763.0,-213.0,1032.0,-1319.0,,1281.0,715.0,214.0,123.0,390.0
810.0,-1078.0,1073.0,-1549.0,,427.0,763.0,367.0,252.0,198.0
881.0,-1603.0,1074.0,-1759.0,,158.0,738.0,450.0,198.0,33.0
874.0,-1896.0,970.0,-1841.0,,826.0,645.0,476.0,327.0,-217.0
835.0,-1785.0,951.0,-1714.0,,780.0,507.0,576.0,578.0,-337.0
803.0,-1607.0,956.0,-1557.0,,1235.0,329.0,412.0,331.0,-360.0
733.0,-1428.0,761.0,-1395.0,,-228.0,207.0,509.0,306.0,-419.0
678.0,-1350.0,717.0,-1159.0,,116.0,203.0,572.0,424.0,-380.0
587.0,-1597.0,628.0,-992.0,,1230.0,259.0,642.0,445.0,-293.0
471.0,-1939.0,474.0,-915.0,,537.0,345.0,648.0,275.0,-172.0
385.0,-1728.0,431.0,-965.0,,1020.0,498.0,352.0,211.0,120.0
261.0,-1234.0,260.0,-954.0,,-56.0,685.0,157.0,251.0,519.0
133.0,-1373.0,243.0,-951.0,,536.0,834.0,-169.0,83.0,841.0
-33.0,-1093.0,222.0,-951.0,,1396.0,932.0,-151.0,-245.0,1066.0
-167.0,-692.0,180.0,-714.0,,446.0,986.0,14.0,-495.0,1393.0
-280.0,-652.0,185.0,-602.0,,1356.0,973.0,121.0,-144.0,1771.0
-410.0,-524.0,145.0,-342.0,,524.0,846.0,341.0,-113.0,2041.0
-498.0,35.0,176.0,148.0,,744.0,663.0,286.0,-714.0,2254.0
-557.0,1391.0,91.0,460.0,,870.0,512.0,336.0,-847.0,2394.0
-607.0,1881.0,119.0,623.0,,-347.0,416.0,306.0,-575.0,2548.0
-655.0,2225.0,117.0,753.0,,920.0,406.0,360.0,-595.0,2733.0
-710.0,2817.0,75.0,949.0,,369.0,447.0,498.0,-470.0,2877.0
-842.0,2821.0,132.0,1179.0,,394.0,518.0,485.0,-580.0,2862.0
-911.0,3139.0,59.0,1322.0,,779.0,546.0,631.0,-887.0,2737.0
-917.0,3798.0,104.0,1435.0,,33.0,542.0,533.0,-782.0,2757.0
-951.0,4056.0,123.0,1536.0,,1191.0,599.0,448.0,-643.0,2772.0
-952.0,3441.0,99.0,1552.0,,229.0,663.0,304.0,-436.0,2581.0
-898.0,3219.0,115.0,1575.0,,-242.0,623.0,164.0,-456.0,2570.0
-827.0,3141.0,49.0,1371.0,,-6.0,401.0,88.0,-455.0,2699.0
-778.0,2247.0,30.0,1079.0,,-542.0,148.0,-199.0,-68.0,2576.0
-787.0,858.0,-125.0,965.0,,750.0,-46.0,-201.0,264.0,2301.0
-815.0,-429.0,-215.0,913.0,,-160.0,-301.0,-223.0,53.0,2113.0
-780.0,-942.0,-351.0,806.0,,12.0,-548.0,-171.0,105.0,1927.0
-811.0,-1181.0,-520.0,650.0,,431.0,-694.0,-103.0,328.0,1542.0
-830.0,-1163.0,-520.0,508.0,,-778.0,-778.0,-138.0,149.0,1208.0
-801.0,-1376.0,-721.0,344.0,,294.0,-757.0,-57.0,352.0,851.0
-797.0,-1748.0,-797.0,332.0,,-394.0,-644.0,-140.0,279.0,476.0
-787.0,-2106.0,-883.0,249.0,,43.0,-493.0,-164.0,-146.0,141.0
-779.0,-3018.0,-965.0,205.0,,490.0,-337.0,-461.0,-453.0,-163.0
-801.0,-3405.0,-977.0,449.0,,-618.0,-187.0,-744.0,-349.0,-374.0
-789.0,-2726.0,-1016.0,717.0,,691.0,-9.0,-883.0,-412.0,-677.0
-679.0,-2042.0,-978.0,937.0,,-382.0,91.0,-1116.0,-639.0,-867.0
-608.0,-2008.0,-998.0,1059.0,,-623.0,117.0,-1051.0,-362.0,-982.0
-521.0,-1845.0,-913.0,1194.0,,167.0,98.0,-1060.0,-652.0,-1095.0
-436.0,-1791.0,-856.0,1307.0,,-352.0,-35.0,-788.0,-750.0,-1246.0
-315.0,-1873.0,-761.0,1198.0,,817.0,-201.0,-491.0,-612.0,-1425.0
-148.0,-923.0,-701.0,1033.0,,-329.0,-345.0,-502.0,-819.0,-1572.0
-75.0,511.0,-598.0,944.0,,-411.0,-536.0,-558.0,-747.0,-1685.0
-70.0,809.0,-489.0,706.0,,889.0,-732.0,-897.0,-847.0,-1736.0
-18.0,578.0,-458.0,311.0,,22.0,-877.0,-995.0,-807.0,-1852.0
89.0,1184.0,-318.0,142.0,,357.0,-883.0,-1095.0,-251.0,-1977.0
111.0,1592.0,-255.0,92.0,,-699.0,-648.0,-1117.0,-98.0,-2121.0
131.0,1533.0,-163.0,-184.0,,-941.0,-321.0,-951.0,-292.0,-2131.0
200.0,1497.0,-70.0,-488.0,,510.0,-23.0,-794.0,83.0,-2114.0
316.0,1504.0,-10.0,-660.0,,-265.0,215.0,-332.0,459.0,-2140.0
424.0,1148.0,27.0,-823.0,,-37.0,338.0,-83.0,754.0,-2141.0
514.0,937.0,67.0,-1141.0,,-475.0,394.0,73.0,1042.0,-2095.0
618.0,1316.0,25.0,-1447.0,,-717.0,391.0,33.0,988.0,-1924.0
738.0,1536.0,28.0,-1592.0,,139.0,296.0,-107.0,1270.0,-1768.0
880.0,1608.0,12.0,-1641.0,,-580.0,152.0,-136.0,1452.0,-1582.0
945.0,1432.0,-23.0,-1524.0,,580.0,12.0,-375.0,1395.0,-1469.0
967.0,1578.0,30.0,-1234.0,,218.0,-122.0,-469.0,1896.0,-1407.0
1043.0,1356.0,-11.0,-906.0,,-929.0,-273.0,-631.0,2095.0,-1309.0
1133.0,945.0,82.0,-650.0,,85.0,-381.0,-617.0,1713.0,-1186.0
1171.0,1036.0,49.0,-472.0,,60.0,-403.0,-600.0,2059.0,-1163.0
1210.0,784.0,95.0,-462.0,,945.0,-333.0,-777.0,2417.0,-1160.0
1244.0,501.0,194.0,-444.0,,304.0,-193.0,-729.0,2096.0,-975.0
1289.0,444.0,158.0,-502.0,,-596.0,-20.0,-764.0,1677.0,-780.0
1306.0,551.0,244.0,-651.0,,626.0,186.0,-550.0,1388.0,-565.0
1263.0,711.0,193.0,-726.0,,201.0,343.0,-380.0,1482.0,-374.0
1182.0,1471.0,185.0,-954.0,,319.0,478.0,-266.0,1229.0,-296.0
1122.0,1435.0,112.0,-1162.0,,387.0,590.0,-24.0,791.0,-213.0
1122.0,783.0,30.0,-1217.0,,0.0,645.0,57.0,458.0,-18.0
1073.0,795.0,17.0,-1227.0,,595.0,699.0,280.0,221.0,134.0
984.0,130.0,-101.0,-1197.0,,-258.0,676.0,299.0,202.0,124.0
876.0,-396.0,-76.0,-978.0,,205.0,560.0,317.0,-44.0,59.0
792.0,-429.0,-141.0,-788.0,,1083.0,419.0,245.0,70.0,96.0
708.0,-1064.0,-196.0,-798.0,,235.0,299.0,14.0,-168.0,175.0
599.0,-2169.0,-169.0,-700.0,,693.0,211.0,-92.0,-509.0,73.0
444.0,-2251.0,-179.0,-477.0,,468.0,188.0,-328.0,-190.0,-11.0
288.0,-1828.0,-144.0,-321.0,,981.0,221.0,-303.0,-312.0,78.0
197.0,-1455.0,-182.0,-173.0,,1400.0,236.0,-369.0,-335.0,115.0
135.0,-747.0,-132.0,14.0,,-141.0,213.0,-332.0,-288.0,145.0
-15.0,74.0,-164.0,83.0,,506.0,157.0,-120.0,-377.0,312.0
-229.0,1431.0,-149.0,254.0,,616.0,111.0,-153.0,-210.0,405.0
-352.0,2145.0,-59.0,475.0,,511.0,96.0,-64.0,-141.0,453.0
-420.0,2149.0,-117.0,462.0,,628.0,54.0,-147.0,-222.0,621.0
-483.0,2126.0,-88.0,376.0,,-155.0,-3.0,-75.0,-240.0,747.0
-591.0,2160.0,-81.0,301.0,,681.0,-63.0,20.0,-298.0,736.0
-606.0,1545.0,-85.0,167.0,,44.0,-222.0,0.0,-402.0,692.0
-541.0,1026.0,-87.0,93.0,,-42.0,-398.0,59.0,-26.0,564.0
-480.0,819.0,-132.0,81.0,,976.0,-469.0,-11.0,-44.0,394.0
-464.0,477.0,-136.0,84.0,,-60.0,-419.0,145.0,-447.0,230.0
-438.0,1056.0,-147.0,164.0,,434.0,-285.0,158.0,-484.0,99.0
-339.0,835.0,-232.0,109.0,,730.0,-127.0,147.0,-541.0,60.0
-262.0,609.0,-291.0,-55.0,,673.0,14.0,134.0,-537.0,0.0
-193.0,348.0,-332.0,-23.0,,1277.0,105.0,18.0,-732.0,-23.0
-173.0,-276.0,-413.0,276.0,,-275.0,215.0,18.0,-1100.0,-89.0
-103.0,-346.0,-445.0,548.0,,93.0,282.0,-131.0,-1440.0,-122.0
-9.0,-323.0,-567.0,664.0,,945.0,235.0,-57.0,-1520.0,-107.0
35.0,-278.0,-625.0,660.0,,547.0,133.0,-70.0,-1479.0,-332.0
13.0,-1107.0,-638.0,645.0,,937.0,7.0,-107.0,-1627.0,-626.0
0.0,-1137.0,-753.0,695.0,,-317.0,-35.0,-40.0,-1460.0,-695.0
59.0,-935.0,-801.0,643.0,,555.0,34.0,-88.0,-1485.0,-641.0
43.0,-1291.0,-825.0,631.0,,1334.0,99.0,88.0,-1480.0,-744.0
5.0,-1717.0,-838.0,555.0,,140.0,190.0,70.0,-1034.0,-860.0
0.0,-1779.0,-831.0,536.0,,830.0,300.0,38.0,-1076.0,-853.0
48.0,-986.0,-807.0,620.0,,103.0,350.0,-31.0,-1167.0,-863.0
116.0,-1039.0,-764.0,436.0,,609.0,420.0,-145.0,-915.0,-926.0
128.0,-1160.0,-723.0,276.0,,1039.0,453.0,-90.0,-547.0,-886.0
121.0,-1071.0,-760.0,393.0,,-108.0,386.0,-225.0,-338.0,-827.0
150.0,-1151.0,-754.0,719.0,,1192.0,288.0,-230.0,-260.0,-778.0
226.0,-1031.0,-692.0,969.0,,648.0,158.0,-345.0,-65.0,-670.0
319.0,-517.0,-748.0,1031.0,,402.0,38.0,-471.0,-158.0,-584.0
368.0,-280.0,-761.0,923.0,,809.0,-84.0,-502.0,47.0,-490.0
405.0,-489.0,-790.0,777.0,,61.0,-245.0,-591.0,385.0,-432.0
484.0,-611.0,-878.0,850.0,,1181.0,-349.0,-371.0,321.0,-317.0
657.0,-685.0,-865.0,965.0,,302.0,-378.0,-273.0,259.0,-210.0
812.0,-834.0,-931.0,1020.0,,60.0,-409.0,-120.0,276.0,-12.0
852.0,-2194.0,-1046.0,1066.0,,1020.0,-377.0,-44.0,546.0,171.0
902.0,-2836.0,-1009.0,1117.0,,358.0,-251.0,-107.0,975.0,242.0
922.0,-2319.0,-1083.0,1134.0,,932.0,-110.0,-40.0,976.0,379.0
945.0,-2119.0,-1122.0,1106.0,,208.0,6.0,-247.0,810.0,395.0
956.0,-1975.0,-1102.0,1113.0,,447.0,110.0,-323.0,1008.0,395.0
938.0,-1022.0,-1119.0,1080.0,,1095.0,206.0,-484.0,895.0,366.0
889.0,367.0,-1048.0,901.0,,-27.0,247.0,-600.0,885.0,324.0
929.0,1056.0,-1023.0,739.0,,936.0,270.0,-607.0,1099.0,228.0
1003.0,1904.0,-944.0,627.0,,585.0,280.0,-785.0,776.0,118.0
956.0,2197.0,-814.0,343.0,,269.0,202.0,-698.0,557.0,41.0
941.0,2626.0,-665.0,11.0,,427.0,0.0,-702.0,838.0,-166.0
943.0,2807.0,-533.0,-184.0,,-193.0,-274.0,-532.0,1166.0,-295.0
917.0,2131.0,-405.0,-245.0,,1207.0,-508.0,-317.0,1047.0,-266.0
799.0,1957.0,-279.0,-246.0,,588.0,-702.0,-173.0,727.0,-213.0
729.0,1378.0,-169.0,-267.0,,502.0,-867.0,18.0,488.0,-221.0
687.0,667.0,-43.0,-177.0,,998.0,-1021.0,-31.0,464.0,-198.0
589.0,35.0,22.0,96.0,,235.0,-1114.0,70.0,386.0,-213.0
405.0,-225.0,117.0,290.0,,1383.0,-1076.0,-3.0,209.0,-255.0
197.0,-602.0,258.0,243.0,,813.0,-914.0,-24.0,142.0,-431.0
87.0,-911.0,320.0,-54.0,,1069.0,-651.0,36.0,-279.0,-629.0
-99.0,-423.0,397.0,-542.0,,1101.0,-419.0,112.0,-349.0,-713.0
-310.0,-395.0,511.0,-986.0,,-78.0,-263.0,480.0,69.0,-1005.0
-463.0,80.0,575.0,-1314.0,,1029.0,-201.0,550.0,7.0,-1241.0
-638.0,679.0,673.0,-1504.0,,299.0,-286.0,606.0,-511.0,-1417.0
-771.0,855.0,687.0,-1559.0,,718.0,-406.0,541.0,-498.0,-1504.0
-726.0,867.0,752.0,-1534.0,,898.0,-556.0,351.0,-291.0,-1596.0
-784.0,741.0,773.0,-1389.0,,220.0,-754.0,190.0,-286.0,-1665.0
-911.0,1029.0,722.0,-1168.0,,1618.0,-866.0,-105.0,148.0,-1524.0
-860.0,1002.0,735.0,-999.0,,298.0,-861.0,-169.0,-57.0,-1455.0
-778.0,847.0,661.0,-972.0,,474.0,-747.0,-190.0,-308.0,-1291.0
-762.0,627.0,627.0,-965.0,,801.0,-595.0,-49.0,-242.0,-1164.0
-777.0,824.0,570.0,-905.0,,47.0,-433.0,99.0,-263.0,-1056.0
-718.0,925.0,476.0,-908.0,,1068.0,-218.0,182.0,115.0,-1165.0
-628.0,419.0,389.0,-938.0,,-437.0,-6.0,266.0,-73.0,-1225.0
-478.0,638.0,375.0,-883.0,,-41.0,259.0,151.0,-152.0,-1056.0
-316.0,1007.0,318.0,-816.0,,333.0,549.0,218.0,161.0,-1121.0
-175.0,695.0,228.0,-818.0,,-330.0,679.0,206.0,394.0,-1055.0
-32.0,610.0,198.0,-707.0,,785.0,717.0,229.0,725.0,-995.0
121.0,772.0,178.0,-512.0,,-280.0,668.0,360.0,589.0,-924.0
218.0,619.0,130.0,-317.0,,573.0,501.0,452.0,448.0,-897.0
255.0,944.0,-9.0,-179.0,,470.0,331.0,729.0,545.0,-845.0
323.0,894.0,-67.0,-234.0,,-246.0,174.0,757.0,639.0,-749.0
402.0,820.0,-152.0,-228.0,,962.0,16.0,770.0,744.0,-854.0
443.0,1392.0,-286.0,-99.0,,-472.0,-142.0,678.0,669.0,-823.0
430.0,1297.0,-397.0,161.0,,239.0,-239.0,380.0,584.0,-722.0
434.0,867.0,-459.0,506.0,,184.0,-277.0,190.0,568.0,-569.0
389.0,1195.0,-531.0,678.0,,-320.0,-254.0,-118.0,679.0,-512.0
428.0,764.0,-612.0,716.0,,429.0,-142.0,-264.0,689.0,-488.0
455.0,-309.0,-718.0,735.0,,-1354.0,6.0,-358.0,344.0,-280.0
376.0,-353.0,-797.0,648.0,,-427.0,173.0,-400.0,260.0,-75.0
290.0,-791.0,-763.0,581.0,,-467.0,291.0,-469.0,412.0,35.0
236.0,-843.0,-836.0,581.0,,-685.0,406.0,-635.0,399.0,183.0
204.0,-909.0,-887.0,213.0,,100.0,541.0,-545.0,151.0,339.0
103.0,-900.0,-889.0,-255.0,,-1511.0,584.0,-587.0,-259.0,474.0
22.0,-433.0,-892.0,-436.0,,-298.0,554.0,-569.0,-272.0,697.0
-123.0,-516.0,-881.0,-463.0,,-820.0,503.0,-554.0,-182.0,774.0
-223.0,-55.0,-896.0,-403.0,,-1381.0,377.0,-530.0,-265.0,765.0
-295.0,523.0,-872.0,-399.0,,-301.0,245.0,-310.0,-356.0,801.0
-392.0,530.0,-788.0,-415.0,,-1327.0,197.0,-286.0,-612.0,908.0
-497.0,137.0,-746.0,-427.0,,-246.0,192.0,-92.0,-816.0,999.0
-600.0,587.0,-686.0,-371.0,,-1014.0,230.0,-77.0,-847.0,978.0
-615.0,329.0,-586.0,-265.0,,-1102.0,225.0,-234.0,-658.0,871.0
-687.0,-1106.0,-523.0,-159.0,,-137.0,151.0,-319.0,-483.0,740.0
-768.0,-2116.0,-447.0,191.0,,-1492.0,88.0,-485.0,-608.0,537.0
-829.0,-3086.0,-418.0,585.0,,-551.0,76.0,-491.0,-844.0,155.0
-860.0,-3371.0,-349.0,811.0,,-1191.0,118.0,-683.0,-847.0,7.0
-881.0,-3061.0,-314.0,959.0,,-1003.0,104.0,-785.0,-645.0,-160.0
-901.0,-2313.0,-343.0,1032.0,,-286.0,23.0,-837.0,-692.0,-382.0
-894.0,-1254.0,-362.0,1162.0,,-1410.0,-31.0,-877.0,-803.0,-388.0
-820.0,-663.0,-385.0,1207.0,,-187.0,-50.0,-783.0,-652.0,-440.0
-754.0,-397.0,-408.0,1135.0,,-984.0,-23.0,-842.0,-544.0,-548.0
-709.0,277.0,-425.0,1100.0,,-1118.0,-45.0,-825.0,-611.0,-646.0
-576.0,354.0,-503.0,997.0,,-701.0,-162.0,-916.0,-651.0,-596.0
-448.0,-17.0,-574.0,877.0,,-1525.0,-290.0,-885.0,-674.0,-719.0
-341.0,305.0,-524.0,611.0,,-527.0,-447.0,-814.0,-776.0,-961.0
-268.0,-31.0,-565.0,221.0,,-1406.0,-559.0,-818.0,-731.0,-984.0
-185.0,-875.0,-605.0,82.0,,-1166.0,-638.0,-661.0,-466.0,-986.0
-99.0,-1338.0,-565.0,-20.0,,-939.0,-755.0,-650.0,-511.0,-1088.0
-39.0,-773.0,-528.0,-252.0,,-1492.0,-833.0,-424.0,-698.0,-1236.0
7.0,-200.0,-463.0,-322.0,,-473.0,-843.0,-251.0,-747.0,-1208.0
-15.0,-311.0,-455.0,-364.0,,-1331.0,-768.0,-186.0,-747.0,-1190.0
-59.0,689.0,-416.0,-496.0,,-556.0,-704.0,-72.0,-753.0,-1160.0
-130.0,1277.0,-290.0,-544.0,,-484.0,-644.0,-125.0,-999.0,-950.0
-212.0,765.0,-291.0,-616.0,,-980.0,-514.0,9.0,-1053.0,-801.0
-244.0,-159.0,-239.0,-760.0,,-60.0,-458.0,-59.0,-1055.0,-683.0
-304.0,-233.0,-177.0,-888.0,,-1334.0,-511.0,-116.0,-872.0,-511.0
-367.0,644.0,-137.0,-1119.0,,-846.0,-586.0,-81.0,-253.0,-285.0
-413.0,327.0,-54.0,-1380.0,,-1089.0,-715.0,-205.0,67.0,-115.0
-438.0,490.0,-119.0,-1534.0,,-1338.0,-924.0,-168.0,-62.0,89.0
-435.0,888.0,-83.0,-1607.0,,-627.0,-1110.0,-173.0,-86.0,288.0
-437.0,909.0,-46.0,-1461.0,,-1546.0,-1194.0,12.0,364.0,413.0
-430.0,970.0,-53.0,-1193.0,,-60.0,-1189.0,53.0,761.0,444.0
-455.0,878.0,-55.0,-792.0,,-466.0,-1110.0,24.0,964.0,357.0
-466.0,212.0,-58.0,-285.0,,-813.0,-933.0,144.0,732.0,343.0
-453.0,-802.0,-12.0,104.0,,99.0,-642.0,199.0,788.0,250.0
-455.0,-230.0,44.0,479.0,,-561.0,-361.0,474.0,1428.0,-19.0
-453.0,-364.0,78.0,616.0,,550.0,-180.0,631.0,1393.0,-391.0
-398.0,-709.0,159.0,589.0,,-600.0,-67.0,916.0,1425.0,-599.0
-332.0,-529.0,379.0,635.0,,-709.0,-24.0,1086.0,1310.0,-708.0
-292.0,-1269.0,448.0,636.0,,-37.0,-35.0,1077.0,968.0,-895.0
-227.0,-728.0,516.0,563.0,,-903.0,-50.0,1071.0,1527.0,-1188.0
-178.0,283.0,636.0,393.0,,434.0,-53.0,705.0,1757.0,-1478.0
-98.0,548.0,764.0,71.0,,-464.0,-105.0,467.0,1438.0,-1527.0
-48.0,704.0,882.0,-375.0,,-252.0,-182.0,110.0,1472.0,-1336.0
-60.0,189.0,962.0,-484.0,,-187.0,-261.0,-123.0,1137.0,-1130.0
-42.0,-668.0,999.0,-373.0,,-684.0,-385.0,-36.0,1200.0,-1099.0
17.0,-1301.0,1018.0,-374.0,,1020.0,-472.0,114.0,1728.0,-1121.0
88.0,-1923.0,1033.0,-228.0,,-227.0,-574.0,465.0,1302.0,-1074.0
119.0,-2013.0,957.0,-76.0,,388.0,-635.0,620.0,735.0,-838.0
146.0,-1545.0,929.0,-71.0,,66.0,-545.0,753.0,577.0,-789.0
191.0,-1086.0,826.0,-8.0,,-815.0,-398.0,657.0,649.0,-955.0
235.0,-420.0,815.0,123.0,,429.0,-182.0,362.0,499.0,-1003.0
259.0,155.0,692.0,234.0,,-722.0,108.0,140.0,242.0,-782.0
236.0,244.0,508.0,285.0,,442.0,433.0,-27.0,-118.0,-388.0
172.0,311.0,464.0,192.0,,-467.0,720.0,142.0,-504.0,-242.0
136.0,410.0,291.0,15.0,,-907.0,910.0,179.0,-235.0,-283.0
147.0,468.0,104.0,-162.0,,582.0,1012.0,271.0,-228.0,-214.0
100.0,224.0,-90.0,-294.0,,-755.0,1009.0,397.0,-497.0,172.0
10.0,-240.0,-202.0,-377.0,,446.0,930.0,419.0,-948.0,489.0
5.0,-440.0,-290.0,-414.0,,-695.0,794.0,556.0,-1107.0,602.0
34.0,-354.0,-408.0,-371.0,,-731.0,581.0,378.0,-736.0,571.0
27.0,209.0,-515.0,-221.0,,455.0,306.0,288.0,-817.0,508.0
-12.0,722.0,-523.0,-132.0,,-607.0,37.0,129.0,-1032.0,703.0
-80.0,1397.0,-538.0,-87.0,,1188.0,-183.0,-84.0,-1296.0,733.0
-90.0,2279.0,-606.0,142.0,,66.0,-350.0,-168.0,-1155.0,381.0
-79.0,2339.0,-601.0,314.0,,18.0,-434.0,-295.0,-859.0,11.0
-95.0,2185.0,-628.0,438.0,,303.0,-391.0,-116.0,-743.0,-20.0
-85.0,2299.0,-618.0,574.0,,-661.0,-220.0,48.0,-584.0,56.0
-45.0,1366.0,-610.0,601.0,,695.0,-14.0,321.0,-988.0,23.0
-8.0,574.0,-609.0,643.0,,-1087.0,233.0,528.0,-897.0,-134.0
41.0,897.0,-595.0,695.0,,-545.0,517.0,559.0,-364.0,-189.0
101.0,396.0,-527.0,728.0,,-157.0,679.0,637.0,-71.0,19.0
122.0,124.0,-527.0,743.0,,-582.0,705.0,402.0,51.0,313.0
123.0,-6.0,-553.0,796.0,,647.0,716.0,258.0,-216.0,620.0
123.0,-72.0,-459.0,867.0,,-769.0,673.0,33.0,-13.0,570.0
148.0,614.0,-439.0,934.0,,198.0,516.0,-304.0,345.0,518.0
142.0,485.0,-427.0,1073.0,,-302.0,361.0,-554.0,464.0,755.0
114.0,743.0,-440.0,1074.0,,-720.0,238.0,-768.0,275.0,807.0
164.0,827.0,-406.0,953.0,,-7.0,163.0,-683.0,120.0,483.0
212.0,501.0,-335.0,714.0,,-1411.0,113.0,-652.0,208.0,175.0
209.0,422.0,-345.0,376.0,,-135.0,87.0,-469.0,371.0,-46.0
208.0,-670.0,-288.0,117.0,,-771.0,158.0,-173.0,963.0,-304.0
241.0,-1589.0,-227.0,-265.0,,-780.0,305.0,90.0,853.0,-361.0
231.0,-2473.0,-155.0,-599.0,,-257.0,510.0,441.0,552.0,-584.0
163.0,-2693.0,-73.0,-704.0,,-1101.0,614.0,532.0,665.0,-812.0
103.0,-1827.0,-6.0,-767.0,,112.0,697.0,528.0,869.0,-806.0
85.0,-1546.0,98.0,-885.0,,-803.0,809.0,363.0,1022.0,-666.0
55.0,-1678.0,166.0,-1031.0,,-187.0,823.0,234.0,617.0,-554.0
-61.0,-1725.0,256.0,-1112.0,,139.0,849.0,136.0,316.0,-559.0
-141.0,-1249.0,298.0,-1097.0,,-788.0,780.0,-64.0,309.0,-414.0
-178.0,-1252.0,271.0,-1087.0,,-27.0,595.0,-216.0,521.0,-304.0
-223.0,-1278.0,357.0,-1193.0,,-660.0,392.0,-504.0,408.0,-244.0
-344.0,-607.0,317.0,-1307.0,,70.0,194.0,-556.0,1.0,-132.0
-530.0,-117.0,209.0,-1407.0,,-493.0,24.0,-561.0,-263.0,-52.0
-659.0,37.0,269.0,-1451.0,,-1075.0,-160.0,-473.0,-536.0,-7.0
-778.0,-280.0,221.0,-1391.0,,14.0,-300.0,-114.0,-483.0,92.0
-897.0,-109.0,246.0,-1210.0,,-237.0,-297.0,192.0,-432.0,159.0
-1066.0,84.0,275.0,-963.0,,227.0,-196.0,642.0,-842.0,213.0
-1178.0,229.0,268.0,-712.0,,-480.0,-109.0,849.0,-1320.0,325.0
-1211.0,236.0,389.0,-410.0,,-546.0,-19.0,918.0,-1422.0,440.0
-1256.0,-154.0,401.0,-214.0,,-283.0,76.0,864.0,-1381.0,441.0
-1306.0,468.0,494.0,-172.0,,-909.0,201.0,685.0,-1230.0,214.0
-1337.0,794.0,578.0,-238.0,,-553.0,353.0,622.0,-1358.0,11.0
-1250.0,818.0,620.0,-186.0,,-896.0,440.0,266.0,-1609.0,-109.0
-1186.0,1098.0,682.0,20.0,,-513.0,468.0,16.0,-1398.0,-125.0
-1147.0,1308.0,705.0,283.0,,-675.0,380.0,-160.0,-1131.0,-241.0
-1081.0,1334.0,749.0,705.0,,-661.0,230.0,-288.0,-862.0,-609.0
-935.0,753.0,805.0,1011.0,,66.0,115.0,-214.0,-940.0,-795.0
-750.0,1317.0,880.0,980.0,,-561.0,-24.0,-210.0,-1041.0,-669.0
-675.0,1588.0,845.0,675.0,,-755.0,-163.0,49.0,-695.0,-500.0
-581.0,434.0,860.0,384.0,,-836.0,-260.0,267.0,-213.0,-622.0
-434.0,-261.0,923.0,334.0,,-234.0,-260.0,439.0,-30.0,-707.0
-298.0,98.0,880.0,370.0,,-85.0,-160.0,676.0,-367.0,-474.0
-253.0,298.0,839.0,217.0,,-298.0,-49.0,654.0,-446.0,-199.0
-172.0,-330.0,824.0,-68.0,,-85.0,57.0,517.0,-149.0,116.0
-33.0,38.0,834.0,-274.0,,-459.0,238.0,280.0,295.0,93.0
99.0,801.0,813.0,-487.0,,12.0,434.0,181.0,676.0,-103.0
181.0,739.0,756.0,-643.0,,207.0,596.0,9.0,662.0,102.0
212.0,445.0,707.0,-485.0,,581.0,784.0,-155.0,503.0,434.0
391.0,876.0,683.0,-108.0,,56.0,895.0,-96.0,661.0,561.0
550.0,1148.0,717.0,112.0,,-584.0,927.0,-110.0,975.0,354.0
585.0,1613.0,625.0,159.0,,135.0,938.0,121.0,876.0,357.0
554.0,2102.0,590.0,235.0,,-151.0,879.0,219.0,590.0,583.0
571.0,1047.0,622.0,475.0,,16.0,749.0,260.0,379.0,634.0
538.0,381.0,605.0,650.0,,-611.0,610.0,389.0,471.0,625.0
378.0,-312.0,602.0,460.0,,-635.0,511.0,482.0,692.0,439.0
260.0,-866.0,583.0,153.0,,-246.0,405.0,654.0,562.0,407.0
190.0,-861.0,686.0,-21.0,,-582.0,250.0,513.0,251.0,584.0
171.0,-1539.0,686.0,41.0,,102.0,107.0,478.0,154.0,749.0
103.0,-2195.0,645.0,152.0,,-772.0,34.0,360.0,286.0,658.0
54.0,-1968.0,618.0,196.0,,-663.0,30.0,214.0,338.0,342.0
45.0,-1573.0,602.0,223.0,,-821.0,102.0,153.0,496.0,225.0
56.0,-2250.0,565.0,135.0,,-1100.0,148.0,-14.0,235.0,288.0
30.0,-2380.0,464.0,140.0,,-408.0,135.0,94.0,-198.0,420.0
-40.0,-1578.0,416.0,236.0,,-1487.0,166.0,-25.0,20.0,403.0
-25.0,-1193.0,308.0,303.0,,-809.0,258.0,-147.0,179.0,356.0
-30.0,-175.0,196.0,418.0,,-805.0,388.0,-271.0,51.0,466.0
-89.0,1128.0,48.0,479.0,,-724.0,516.0,-473.0,-378.0,703.0
-161.0,1874.0,-139.0,525.0,,-295.0,545.0,-509.0,-753.0,858.0
-145.0,2718.0,-263.0,648.0,,-1091.0,501.0,-635.0,-674.0,745.0
-75.0,2192.0,-315.0,761.0,,85.0,493.0,-463.0,-535.0,620.0
-39.0,1556.0,-540.0,740.0,,-333.0,477.0,-273.0,-715.0,633.0
17.0,1515.0,-710.0,575.0,,-143.0,495.0,-11.0,-1049.0,672.0
124.0,-263.0,-737.0,422.0,,-15.0,575.0,236.0,-1235.0,653.0
264.0,-661.0,-880.0,240.0,,-809.0,654.0,186.0,-1390.0,560.0
396.0,4.0,-981.0,-2.0,,283.0,729.0,256.0,-1121.0,431.0
521.0,-1146.0,-1093.0,-241.0,,-335.0,785.0,201.0,-1180.0,342.0
681.0,-1716.0,-1105.0,-375.0,,237.0,848.0,171.0,-1859.0,317.0
814.0,-1668.0,-1106.0,-294.0,,268.0,879.0,70.0,-1861.0,347.0
842.0,-1177.0,-1138.0,-17.0,,155.0,825.0,-44.0,-1447.0,123.0
883.0,-654.0,-1139.0,344.0,,1106.0,721.0,24.0,-1238.0,-174.0
958.0,-505.0,-1110.0,438.0,,-86.0,566.0,-12.0,-1222.0,-217.0
981.0,86.0,-1018.0,284.0,,563.0,344.0,86.0,-1150.0,-253.0
911.0,328.0,-1011.0,146.0,,-48.0,132.0,105.0,-1097.0,-399.0
848.0,-200.0,-923.0,1.0,,-171.0,32.0,221.0,-996.0,-521.0
840.0,-1155.0,-855.0,-104.0,,820.0,-14.0,279.0,-575.0,-399.0
806.0,-672.0,-802.0,-40.0,,75.0,-110.0,125.0,-493.0,-307.0
730.0,-1380.0,-738.0,105.0,,709.0,-134.0,192.0,-668.0,-258.0
585.0,-2184.0,-744.0,94.0,,-382.0,-109.0,138.0,-833.0,52.0
464.0,-1449.0,-657.0,-26.0,,121.0,-176.0,105.0,-767.0,401.0
368.0,-2153.0,-603.0,83.0,,964.0,-265.0,-46.0,-277.0,547.0
272.0,-1695.0,-587.0,183.0,,127.0,-364.0,-99.0,-161.0,668.0
131.0,-1154.0,-551.0,-20.0,,475.0,-408.0,57.0,-133.0,871.0
-9.0,-605.0,-469.0,-181.0,,-697.0,-327.0,66.0,-3.0,958.0
-73.0,1114.0,-298.0,-240.0,,170.0,-176.0,251.0,133.0,1040.0
-150.0,2223.0,-189.0,-180.0,,532.0,-63.0,386.0,504.0,1107.0
-210.0,1986.0,-80.0,-10.0,,126.0,6.0,596.0,458.0,1046.0
-223.0,2095.0,100.0,90.0,,853.0,125.0,665.0,266.0,899.0
-148.0,3038.0,249.0,103.0,,-265.0,182.0,678.0,41.0,883.0
-99.0,3034.0,374.0,65.0,,411.0,144.0,846.0,32.0,976.0
-75.0,3831.0,423.0,-6.0,,293.0,82.0,724.0,585.0,863.0
-46.0,3899.0,469.0,-76.0,,265.0,-14.0,796.0,576.0,702.0
-34.0,2740.0,545.0,-67.0,,719.0,-131.0,944.0,294.0,701.0
-14.0,1191.0,547.0,-51.0,,-461.0,-249.0,1069.0,388.0,807.0
-47.0,693.0,525.0,-65.0,,500.0,-299.0,1152.0,874.0,871.0
-50.0,1024.0,571.0,-195.0,,478.0,-299.0,1136.0,1303.0,830.0
-54.0,108.0,663.0,-425.0,,780.0,-324.0,1223.0,1062.0,683.0
-34.0,-42.0,683.0,-543.0,,786.0,-306.0,1106.0,827.0,582.0
-42.0,-693.0,734.0,-362.0,,1.0,-218.0,1258.0,908.0,527.0
-63.0,-52.0,819.0,-135.0,,1293.0,-90.0,1369.0,1126.0,438.0
-70.0,895.0,885.0,-217.0,,557.0,45.0,1306.0,1327.0,329.0
-97.0,216.0,966.0,-381.0,,642.0,132.0,1398.0,1225.0,145.0
-139.0,674.0,916.0,-536.0,,579.0,146.0,1116.0,746.0,15.0
-189.0,653.0,945.0,-578.0,,-19.0,134.0,875.0,489.0,66.0
-146.0,182.0,990.0,-439.0,,1022.0,155.0,556.0,749.0,168.0
-159.0,-665.0,973.0,-249.0,,459.0,143.0,323.0,845.0,175.0
-185.0,-597.0,1015.0,-40.0,,993.0,81.0,230.0,645.0,212.0
-195.0,-207.0,1037.0,24.0,,413.0,17.0,110.0,348.0,393.0
-198.0,-1098.0,1145.0,-16.0,,-31.0,-64.0,291.0,233.0,754.0
-235.0,-1536.0,1131.0,-40.0,,1033.0,-126.0,184.0,477.0,992.0
-305.0,-1930.0,1118.0,3.0,,484.0,-177.0,155.0,556.0,1094.0
-268.0,-2173.0,1148.0,76.0,,1001.0,-250.0,88.0,490.0,1279.0
-232.0,-1918.0,1174.0,110.0,,-169.0,-331.0,-51.0,181.0,1380.0
-204.0,-725.0,1174.0,83.0,,-368.0,-416.0,5.0,-421.0,1425.0
-200.0,-284.0,1087.0,145.0,,494.0,-531.0,-36.0,-448.0,1385.0
-189.0,241.0,1070.0,318.0,,-292.0,-661.0,105.0,-407.0,1257.0
-184.0,1158.0,1036.0,506.0,,188.0,-723.0,142.0,-632.0,971.0
-239.0,899.0,986.0,691.0,,-926.0,-754.0,260.0,-847.0,733.0
-311.0,1482.0,797.0,796.0,,-479.0,-718.0,238.0,-1247.0,742.0
-359.0,1590.0,695.0,1045.0,,217.0,-649.0,97.0,-1252.0,661.0
-389.0,1782.0,639.0,1231.0,,-470.0,-612.0,116.0,-1095.0,442.0
-471.0,1941.0,489.0,1134.0,,257.0,-529.0,-33.0,-1190.0,191.0
-555.0,1244.0,366.0,844.0,,-584.0,-399.0,46.0,-1201.0,207.0
-607.0,898.0,251.0,613.0,,58.0,-215.0,-59.0,-1101.0,351.0
-654.0,655.0,181.0,464.0,,139.0,-110.0,-16.0,-934.0,452.0
-725.0,870.0,89.0,287.0,,-225.0,-76.0,190.0,-575.0,532.0
-756.0,970.0,-22.0,303.0,,617.0,24.0,3.0,-330.0,420.0
-677.0,626.0,-88.0,318.0,,-408.0,124.0,-42.0,-279.0,458.0
-630.0,567.0,-98.0,308.0,,367.0,246.0,-206.0,274.0,636.0
-641.0,1056.0,-257.0,262.0,,162.0,356.0,-179.0,1127.0,738.0
-639.0,812.0,-397.0,315.0,,-169.0,412.0,-62.0,1553.0,616.0
-593.0,724.0,-526.0,473.0,,-16.0,425.0,-168.0,1400.0,361.0
-515.0,721.0,-616.0,605.0,,-1243.0,373.0,-173.0,1382.0,325.0
-518.0,324.0,-657.0,874.0,,-64.0,271.0,-293.0,1624.0,327.0
-507.0,409.0,-815.0,996.0,,1.0,137.0,-293.0,1859.0,125.0
-406.0,877.0,-868.0,999.0,,118.0,-20.0,-400.0,2190.0,-104.0
-296.0,1143.0,-893.0,902.0,,-261.0,-100.0,-434.0,2068.0,-133.0
-268.0,47.0,-878.0,889.0,,-803.0,-57.0,-299.0,1828.0,-81.0
-223.0,-48.0,-952.0,1071.0,,406.0,-30.0,-327.0,1784.0,69.0
-95.0,108.0,-1028.0,905.0,,-531.0,28.0,-203.0,1977.0,260.0
10.0,-620.0,-959.0,541.0,,-164.0,146.0,-131.0,2126.0,358.0
108.0,-838.0,-896.0,294.0,,-559.0,263.0,-48.0,1766.0,453.0
147.0,-835.0,-858.0,159.0,,-757.0,363.0,-134.0,1385.0,572.0
187.0,-288.0,-825.0,131.0,,51.0,407.0,-223.0,1102.0,693.0
247.0,-521.0,-677.0,189.0,,-556.0,406.0,-136.0,979.0,706.0
252.0,-910.0,-583.0,422.0,,100.0,294.0,-286.0,722.0,713.0
174.0,-560.0,-504.0,623.0,,-1104.0,135.0,-328.0,225.0,699.0
129.0,-1195.0,-413.0,629.0,,-1141.0,-9.0,-363.0,-90.0,631.0
152.0,-1565.0,-361.0,689.0,,-625.0,-185.0,-158.0,-115.0,579.0
150.0,-553.0,-300.0,705.0,,-342.0,-310.0,92.0,-40.0,548.0
130.0,-148.0,-315.0,612.0,,259.0,-345.0,131.0,-198.0,566.0
97.0,-82.0,-344.0,587.0,,-1136.0,-366.0,279.0,-377.0,475.0
177.0,217.0,-292.0,515.0,,-117.0,-406.0,177.0,-450.0,392.0
209.0,-411.0,-227.0,596.0,,210.0,-362.0,129.0,-548.0,515.0
163.0,-1008.0,-231.0,764.0,,197.0,-249.0,103.0,-564.0,625.0
167.0,-325.0,-231.0,704.0,,-148.0,-90.0,99.0,-312.0,546.0
212.0,-387.0,-207.0,614.0,,-607.0,113.0,218.0,-155.0,518.0
252.0,-1278.0,-116.0,543.0,,423.0,250.0,195.0,-321.0,555.0
211.0,-621.0,-117.0,444.0,,-227.0,348.0,290.0,-357.0,445.0
216.0,-148.0,-128.0,240.0,,534.0,386.0,229.0,-274.0,301.0
233.0,-267.0,-97.0,-36.0,,84.0,381.0,153.0,-243.0,311.0
223.0,260.0,-123.0,-249.0,,-10.0,352.0,147.0,-343.0,276.0
203.0,561.0,-144.0,-497.0,,586.0,183.0,66.0,-504.0,61.0
206.0,17.0,-231.0,-693.0,,592.0,-72.0,94.0,-512.0,-11.0
244.0,-467.0,-173.0,-782.0,,1796.0,-370.0,-11.0,-351.0,-117.0
251.0,-725.0,-103.0,-795.0,,713.0,-597.0,49.0,-143.0,-498.0
264.0,-1538.0,-88.0,-871.0,,842.0,-651.0,162.0,-117.0,-879.0
325.0,-1102.0,-75.0,-1172.0,,449.0,-666.0,269.0,-302.0,-1221.0
435.0,-897.0,18.0,-1485.0,,698.0,-654.0,500.0,-504.0,-1612.0
518.0,-1582.0,150.0,-1616.0,,1264.0,-561.0,567.0,-214.0,-1878.0
569.0,-1711.0,159.0,-1612.0,,-16.0,-419.0,713.0,161.0,-2004.0
646.0,-2120.0,270.0,-1564.0,,975.0,-207.0,779.0,-22.0,-2171.0
745.0,-1151.0,332.0,-1358.0,,584.0,28.0,862.0,-165.0,-2385.0
787.0,-263.0,434.0,-927.0,,1122.0,167.0,920.0,97.0,-2452.0
744.0,-314.0,487.0,-485.0,,871.0,174.0,977.0,460.0,-2347.0
723.0,520.0,429.0,-145.0,,590.0,69.0,994.0,550.0,-2340.0
743.0,1456.0,487.0,146.0,,1740.0,-105.0,679.0,359.0,-2413.0
712.0,1531.0,508.0,389.0,,724.0,-317.0,487.0,46.0,-2411.0
619.0,1044.0,480.0,494.0,,1489.0,-504.0,151.0,-67.0,-2289.0
530.0,1170.0,433.0,486.0,,841.0,-716.0,-90.0,79.0,-2056.0
470.0,314.0,414.0,516.0,,750.0,-921.0,-166.0,130.0,-1969.0
334.0,-870.0,439.0,456.0,,1008.0,-1033.0,-225.0,-72.0,-1885.0
106.0,-414.0,444.0,418.0,,641.0,-1104.0,59.0,-648.0,-1636.0
-96.0,-165.0,407.0,491.0,,1685.0,-1074.0,249.0,-1138.0,-1406.0
-200.0,-159.0,494.0,581.0,,832.0,-1064.0,602.0,-1049.0,-1111.0
-233.0,549.0,598.0,717.0,,999.0,-1101.0,910.0,-987.0,-860.0
-306.0,1010.0,576.0,793.0,,728.0,-1118.0,1053.0,-1242.0,-709.0
-359.0,1064.0,561.0,859.0,,1252.0,-1139.0,1075.0,-1453.0,-673.0
-350.0,1103.0,581.0,750.0,,1580.0,-1056.0,759.0,-1504.0,-480.0
-314.0,713.0,610.0,548.0,,439.0,-974.0,521.0,-1441.0,-57.0
-285.0,1331.0,544.0,387.0,,828.0,-978.0,120.0,-1312.0,135.0
-264.0,2222.0,492.0,190.0,,826.0,-1033.0,-160.0,-1049.0,273.0
-176.0,2090.0,522.0,127.0,,1588.0,-1020.0,-284.0,-1017.0,509.0
-60.0,2656.0,594.0,32.0,,1142.0,-959.0,-317.0,-934.0,764.0
5.0,3065.0,650.0,-186.0,,830.0,-998.0,-197.0,-490.0,871.0
29.0,2863.0,629.0,-283.0,,989.0,-1040.0,-334.0,-220.0,910.0
63.0,2124.0,683.0,-116.0,,907.0,-1031.0,-242.0,-111.0,948.0
96.0,415.0,777.0,182.0,,1289.0,-978.0,-218.0,-211.0,942.0
103.0,-705.0,793.0,473.0,,688.0,-839.0,-277.0,-129.0,1136.0
100.0,-537.0,743.0,626.0,,988.0,-679.0,-149.0,354.0,1449.0
111.0,-512.0,716.0,704.0,,734.0,-560.0,-60.0,510.0,1653.0
83.0,-940.0,754.0,879.0,,997.0,-450.0,184.0,445.0,1623.0
74.0,-1581.0,711.0,836.0,,1001.0,-350.0,216.0,657.0,1758.0
89.0,-2825.0,576.0,704.0,,690.0,-274.0,254.0,852.0,2087.0
68.0,-2859.0,498.0,831.0,,505.0,-271.0,266.0,854.0,2114.0
22.0,-2056.0,451.0,916.0,,41.0,-334.0,179.0,906.0,2037.0
-47.0,-2113.0,322.0,835.0,,986.0,-370.0,182.0,917.0,2068.0
-81.0,-1840.0,197.0,688.0,,368.0,-461.0,40.0,510.0,2117.0
-114.0,-163.0,96.0,544.0,,149.0,-632.0,155.0,241.0,2061.0
-158.0,907.0,29.0,403.0,,-313.0,-727.0,216.0,515.0,1941.0
-235.0,74.0,7.0,312.0,,-72.0,-757.0,225.0,663.0,1926.0
-256.0,397.0,-101.0,332.0,,811.0,-794.0,192.0,681.0,1773.0
-214.0,801.0,-205.0,387.0,,-94.0,-729.0,101.0,535.0,1518.0
-255.0,-470.0,-165.0,324.0,,249.0,-528.0,290.0,597.0,1552.0
-343.0,-1048.0,-180.0,151.0,,-313.0,-319.0,216.0,813.0,1529.0
-394.0,-849.0,-286.0,206.0,,36.0,-24.0,245.0,685.0,1273.0
-348.0,-609.0,-322.0,308.0,,-13.0,314.0,234.0,619.0,1096.0
-300.0,-37.0,-312.0,424.0,,-405.0,497.0,109.0,661.0,988.0
-361.0,1057.0,-274.0,549.0,,29.0,599.0,55.0,741.0,770.0
-437.0,1624.0,-349.0,435.0,,-818.0,592.0,-205.0,611.0,495.0
-367.0,1419.0,-353.0,273.0,,0.0,456.0,-201.0,672.0,335.0
-291.0,1433.0,-268.0,32.0,,-433.0,256.0,-260.0,587.0,154.0
-321.0,1851.0,-270.0,-269.0,,-575.0,-14.0,-275.0,174.0,-21.0
-366.0,1869.0,-241.0,-568.0,,-612.0,-198.0,-214.0,214.0,-112.0
-310.0,771.0,-240.0,-790.0,,-888.0,-324.0,-301.0,308.0,-156.0
-232.0,-261.0,-116.0,-895.0,,-20.0,-448.0,-284.0,228.0,-286.0
-209.0,-124.0,-18.0,-989.0,,-915.0,-564.0,-375.0,-51.0,-510.0
-183.0,399.0,-47.0,-1048.0,,-645.0,-657.0,-389.0,8.0,-564.0
-111.0,209.0,-31.0,-1124.0,,-965.0,-648.0,-533.0,127.0,-563.0
59.0,133.0,76.0,-1102.0,,-673.0,-585.0,-593.0,-40.0,-663.0
173.0,1094.0,144.0,-923.0,,-362.0,-513.0,-489.0,126.0,-877.0
252.0,1148.0,73.0,-640.0,,-1335.0,-367.0,-495.0,168.0,-999.0
325.0,94.0,65.0,-356.0,,-927.0,-186.0,-419.0,-20.0,-1064.0
424.0,-210.0,107.0,-283.0,,-1286.0,-86.0,-689.0,-20.0,-1210.0
515.0,-507.0,154.0,-280.0,,-513.0,0.0,-831.0,154.0,-1170.0
528.0,-1202.0,109.0,-301.0,,-991.0,137.0,-849.0,308.0,-1022.0
572.0,-2012.0,71.0,-357.0,,-1437.0,305.0,-879.0,426.0,-961.0
614.0,-2023.0,105.0,-345.0,,-1095.0,445.0,-620.0,186.0,-993.0
646.0,-1213.0,126.0,-330.0,,-1643.0,537.0,-528.0,-43.0,-965.0
638.0,-1422.0,64.0,-394.0,,-940.0,509.0,-279.0,148.0,-964.0
643.0,-1555.0,16.0,-550.0,,-1649.0,375.0,-186.0,168.0,-1088.0
651.0,-615.0,51.0,-736.0,,-1195.0,240.0,-243.0,85.0,-1151.0
646.0,172.0,68.0,-920.0,,-1101.0,90.0,-221.0,45.0,-1227.0
629.0,24.0,2.0,-874.0,,-1230.0,-36.0,-395.0,123.0,-1344.0
597.0,-284.0,-129.0,-713.0,,-786.0,-179.0,-415.0,172.0,-1380.0
564.0,-35.0,-67.0,-791.0,,-1535.0,-290.0,-495.0,140.0,-1339.0
507.0,-295.0,-72.0,-941.0,,-886.0,-335.0,-528.0,169.0,-1421.0
488.0,-1099.0,-126.0,-1073.0,,-1434.0,-389.0,-644.0,75.0,-1579.0
503.0,-597.0,-149.0,-1161.0,,-692.0,-425.0,-785.0,-50.0,-1538.0
533.0,223.0,-158.0,-1199.0,,-344.0,-431.0,-801.0,-32.0,-1388.0
535.0,-16.0,-85.0,-1116.0,,-1004.0,-370.0,-947.0,23.0,-1244.0
521.0,-68.0,-127.0,-814.0,,-611.0,-268.0,-927.0,-91.0,-1066.0
497.0,773.0,-108.0,-595.0,,-659.0,-144.0,-1001.0,-127.0,-981.0
438.0,1585.0,-77.0,-389.0,,502.0,-24.0,-990.0,72.0,-972.0
327.0,-4.0,-32.0,-231.0,,-444.0,42.0,-920.0,211.0,-914.0
243.0,-1020.0,-73.0,-328.0,,-485.0,102.0,-873.0,116.0,-927.0
160.0,-426.0,-149.0,-429.0,,-235.0,130.0,-746.0,-129.0,-1151.0
55.0,-922.0,-83.0,-517.0,,-465.0,124.0,-822.0,-438.0,-1425.0
-26.0,-1437.0,-41.0,-562.0,,113.0,123.0,-761.0,-552.0,-1521.0
-131.0,-1864.0,-54.0,-359.0,,-746.0,123.0,-883.0,-666.0,-1489.0
-163.0,-1533.0,-175.0,13.0,,-108.0,100.0,-1058.0,-834.0,-1336.0
-179.0,-1978.0,-140.0,218.0,,-667.0,155.0,-1079.0,-801.0,-1223.0
-232.0,-2226.0,-126.0,307.0,,-518.0,321.0,-1149.0,-792.0,-1140.0
-304.0,-1463.0,-202.0,527.0,,-135.0,450.0,-999.0,-636.0,-887.0
-399.0,-1508.0,-251.0,830.0,,-164.0,533.0,-977.0,-443.0,-520.0
-470.0,-1021.0,-293.0,1075.0,,349.0,557.0,-833.0,-450.0,-147.0
-530.0,-604.0,-217.0,1163.0,,-747.0,543.0,-752.0,-355.0,119.0
-585.0,515.0,-269.0,1297.0,,-170.0,492.0,-812.0,-380.0,463.0
-593.0,437.0,-308.0,1444.0,,-151.0,421.0,-628.0,-1014.0,851.0
-601.0,-129.0,-310.0,1522.0,,281.0,388.0,-532.0,-1316.0,1146.0
-578.0,1613.0,-250.0,1650.0,,305.0,326.0,-242.0,-1119.0,1407.0
-555.0,2117.0,-199.0,1771.0,,191.0,315.0,-75.0,-1432.0,1570.0
-473.0,1721.0,-187.0,1864.0,,687.0,318.0,59.0,-1758.0,1714.0
-322.0,1891.0,-92.0,1868.0,,-102.0,319.0,216.0,-1943.0,1854.0
-263.0,2561.0,-19.0,1794.0,,634.0,346.0,136.0,-2073.0,2040.0
-217.0,2664.0,8.0,1532.0,,3.0,368.0,240.0,-1784.0,2182.0
-237.0,2164.0,-105.0,1210.0,,-62.0,491.0,107.0,-1634.0,2123.0
-171.0,1947.0,-58.0,1023.0,,38.0,609.0,36.0,-1764.0,2072.0
-87.0,1032.0,-2.0,841.0,,254.0,707.0,79.0,-1659.0,2075.0
0.0,487.0,-48.0,669.0,,655.0,861.0,60.0,-1608.0,2013.0
135.0,-299.0,-84.0,435.0,,-304.0,963.0,182.0,-1507.0,1788.0
212.0,-839.0,-169.0,306.0,,409.0,993.0,194.0,-1190.0,1499.0
318.0,-732.0,-108.0,348.0,,92.0,953.0,317.0,-1134.0,1241.0
328.0,-1969.0,-103.0,483.0,,705.0,843.0,262.0,-1053.0,1008.0
398.0,-2980.0,-181.0,735.0,,553.0,757.0,242.0,-835.0,808.0
444.0,-2501.0,-192.0,895.0,,228.0,718.0,301.0,-514.0,517.0
422.0,-2400.0,-174.0,909.0,,761.0,698.0,242.0,-11.0,232.0
362.0,-2942.0,-220.0,722.0,,315.0,658.0,303.0,92.0,19.0
301.0,-2069.0,-272.0,419.0,,911.0,573.0,155.0,-21.0,-146.0
351.0,-829.0,-288.0,169.0,,10.0,492.0,147.0,263.0,-249.0
323.0,-774.0,-266.0,-109.0,,310.0,397.0,205.0,469.0,-420.0
306.0,-394.0,-246.0,-293.0,,168.0,291.0,291.0,383.0,-626.0
293.0,811.0,-319.0,-362.0,,143.0,225.0,428.0,434.0,-726.0
265.0,1027.0,-279.0,-584.0,,388.0,177.0,327.0,403.0,-699.0
238.0,788.0,-225.0,-936.0,,-213.0,131.0,373.0,477.0,-672.0
211.0,1411.0,-173.0,-1221.0,,742.0,104.0,323.0,784.0,-739.0
230.0,1488.0,-128.0,-1422.0,,265.0,148.0,380.0,928.0,-750.0
224.0,1178.0,-128.0,-1511.0,,389.0,243.0,545.0,979.0,-687.0
239.0,1927.0,-3.0,-1527.0,,-331.0,302.0,604.0,866.0,-635.0
208.0,2835.0,43.0,-1546.0,,-171.0,377.0,726.0,1043.0,-605.0
104.0,2467.0,37.0,-1459.0,,360.0,466.0,578.0,1235.0,-582.0
103.0,1914.0,40.0,-1343.0,,-100.0,452.0,458.0,1307.0,-533.0
150.0,1738.0,58.0,-1281.0,,473.0,391.0,232.0,1490.0,-531.0
169.0,1148.0,68.0,-1269.0,,-294.0,328.0,-18.0,1493.0,-475.0
192.0,-299.0,35.0,-1314.0,,242.0,266.0,-168.0,1694.0,-401.0
178.0,-907.0,21.0,-1215.0,,-231.0,234.0,-310.0,1688.0,-449.0
163.0,311.0,31.0,-1087.0,,310.0,207.0,-158.0,1472.0,-497.0
173.0,454.0,79.0,-1121.0,,953.0,149.0,-216.0,1207.0,-561.0
192.0,-410.0,22.0,-1226.0,,45.0,39.0,-166.0,1167.0,-647.0
175.0,-176.0,-18.0,-1407.0,,252.0,45.0,-88.0,1204.0,-704.0
151.0,188.0,48.0,-1577.0,,-196.0,150.0,-121.0,1084.0,-748.0
181.0,-75.0,44.0,-1686.0,,759.0,180.0,33.0,919.0,-826.0
200.0,-214.0,-47.0,-1801.0,,-221.0,148.0,-46.0,357.0,-830.0
277.0,8.0,-100.0,-1941.0,,-198.0,74.0,-29.0,77.0,-756.0
378.0,466.0,-138.0,-1960.0,,540.0,34.0,-59.0,-185.0,-715.0
394.0,453.0,-173.0,-1792.0,,42.0,-4.0,-7.0,-290.0,-593.0
385.0,808.0,-253.0,-1539.0,,329.0,-59.0,79.0,-331.0,-467.0
384.0,622.0,-334.0,-1342.0,,-300.0,-77.0,-64.0,-630.0,-415.0
463.0,-1030.0,-355.0,-1311.0,,670.0,-125.0,-14.0,-635.0,-340.0
467.0,-1382.0,-368.0,-1134.0,,-95.0,-150.0,-138.0,-586.0,-199.0
451.0,-585.0,-312.0,-926.0,,-18.0,-147.0,-238.0,-580.0,-94.0
511.0,87.0,-308.0,-786.0,,489.0,-96.0,-380.0,-726.0,-91.0
539.0,-517.0,-226.0,-512.0,,10.0,31.0,-524.0,-878.0,-160.0
588.0,-742.0,-143.0,-72.0,,83.0,110.0,-388.0,-1020.0,-245.0
599.0,254.0,-116.0,549.0,,-715.0,175.0,-417.0,-1035.0,-283.0
667.0,-173.0,-52.0,1029.0,,684.0,264.0,-447.0,-1190.0,-291.0
675.0,-1121.0,27.0,1296.0,,494.0,378.0,-591.0,-1143.0,-249.0
544.0,-1619.0,181.0,1376.0,,104.0,479.0,-676.0,-985.0,-280.0
415.0,-1646.0,214.0,1353.0,,-194.0,501.0,-746.0,-1244.0,-346.0
363.0,-1215.0,279.0,1281.0,,-179.0,499.0,-831.0,-1066.0,-340.0
298.0,-661.0,378.0,1210.0,,542.0,443.0,-546.0,-846.0,-355.0
186.0,-742.0,490.0,1245.0,,-375.0,355.0,-395.0,-810.0,-393.0
136.0,-1557.0,596.0,1258.0,,189.0,269.0,-155.0,-965.0,-352.0
78.0,-1467.0,582.0,1169.0,,-62.0,177.0,1.0,-797.0,-175.0
80.0,-573.0,621.0,992.0,,88.0,57.0,-29.0,-356.0,97.0
67.0,317.0,664.0,858.0,,-52.0,-113.0,-12.0,-405.0,471.0
26.0,225.0,650.0,674.0,,331.0,-227.0,-201.0,-186.0,816.0
-58.0,-646.0,562.0,470.0,,950.0,-316.0,-245.0,70.0,1021.0
-135.0,-256.0,501.0,308.0,,-194.0,-424.0,-373.0,276.0,1193.0
-159.0,-259.0,489.0,91.0,,218.0,-551.0,-450.0,461.0,1361.0
-235.0,-1076.0,437.0,-28.0,,102.0,-656.0,-461.0,426.0,1416.0
-341.0,-1223.0,383.0,-52.0,,648.0,-577.0,-465.0,415.0,1366.0
-483.0,-507.0,346.0,-204.0,,37.0,-408.0,-330.0,229.0,1322.0
-519.0,1208.0,300.0,-269.0,,-356.0,-222.0,-426.0,26.0,1300.0
-565.0,2229.0,208.0,-179.0,,221.0,-9.0,-334.0,-192.0,1370.0
-669.0,2610.0,109.0,-192.0,,-19.0,182.0,-314.0,-198.0,1404.0
-756.0,1927.0,35.0,-186.0,,687.0,413.0,-286.0,-102.0,1340.0
-843.0,814.0,12.0,-235.0,,-271.0,589.0,-186.0,-438.0,1275.0
-893.0,-78.0,-31.0,-252.0,,65.0,735.0,-280.0,-774.0,1202.0
-956.0,-870.0,-137.0,-220.0,,-22.0,842.0,-153.0,-889.0,1186.0
-1002.0,-575.0,-176.0,-319.0,,-16.0,828.0,-190.0,-868.0,1056.0
-1000.0,-567.0,-139.0,-431.0,,409.0,748.0,-184.0,-964.0,812.0
-986.0,334.0,-197.0,-500.0,,-465.0,539.0,-208.0,-1245.0,539.0
-982.0,1099.0,-309.0,-453.0,,54.0,376.0,-267.0,-1352.0,281.0
-1001.0,211.0,-336.0,-346.0,,-463.0,261.0,-77.0,-1472.0,159.0
-978.0,-405.0,-353.0,-197.0,,405.0,112.0,-42.0,-1590.0,57.0
-939.0,-293.0,-380.0,-6.0,,122.0,68.0,40.0,-1314.0,-31.0
-924.0,372.0,-403.0,166.0,,-534.0,21.0,-36.0,-1115.0,-65.0
-851.0,1045.0,-399.0,243.0,,-85.0,32.0,-57.0,-1396.0,87.0
-764.0,1301.0,-324.0,213.0,,-523.0,146.0,-7.0,-1410.0,249.0
-693.0,791.0,-245.0,296.0,,696.0,236.0,-97.0,-1175.0,294.0
-639.0,676.0,-203.0,507.0,,284.0,298.0,-42.0,-1126.0,360.0
-527.0,-285.0,-144.0,628.0,,321.0,367.0,-133.0,-1149.0,381.0
-418.0,-2342.0,-62.0,444.0,,-85.0,486.0,-42.0,-1160.0,404.0
-346.0,-3007.0,27.0,209.0,,5.0,471.0,35.0,-1116.0,421.0
-204.0,-3765.0,36.0,108.0,,1050.0,374.0,22.0,-937.0,464.0
-68.0,-4501.0,56.0,17.0,,117.0,297.0,120.0,-420.0,376.0
34.0,-3971.0,178.0,27.0,,440.0,125.0,70.0,-118.0,219.0
79.0,-3338.0,205.0,-12.0,,-132.0,-26.0,218.0,-199.0,202.0
138.0,-3291.0,244.0,-230.0,,469.0,-130.0,321.0,-242.0,144.0
217.0,-2420.0,295.0,-478.0,,618.0,-160.0,546.0,135.0,29.0
303.0,-1092.0,352.0,-636.0,,320.0,-128.0,788.0,741.0,-103.0
385.0,-235.0,431.0,-712.0,,866.0,-102.0,709.0,708.0,-230.0
425.0,875.0,423.0,-674.0,,0.0,-46.0,687.0,435.0,-424.0
463.0,1331.0,441.0,-650.0,,866.0,20.0,541.0,674.0,-650.0
517.0,2076.0,512.0,-743.0,,789.0,53.0,521.0,1110.0,-724.0
588.0,3206.0,595.0,-768.0,,999.0,60.0,469.0,984.0,-767.0
629.0,3995.0,625.0,-823.0,,489.0,63.0,432.0,702.0,-900.0
703.0,4013.0,709.0,-911.0,,160.0,4.0,473.0,625.0,-890.0
744.0,3987.0,792.0,-967.0,,1264.0,-101.0,245.0,715.0,-698.0
711.0,4943.0,853.0,-1018.0,,339.0,-186.0,153.0,1006.0,-641.0
690.0,4080.0,876.0,-948.0,,386.0,-186.0,5.0,1008.0,-711.0
677.0,1865.0,890.0,-848.0,,-105.0,-125.0,48.0,999.0,-722.0
630.0,464.0,999.0,-889.0,,749.0,-118.0,105.0,665.0,-762.0
574.0,-173.0,1026.0,-982.0,,1035.0,-123.0,72.0,325.0,-868.0
536.0,-765.0,1077.0,-900.0,,173.0,-49.0,323.0,679.0,-880.0
501.0,-617.0,1078.0,-698.0,,632.0,21.0,378.0,1068.0,-796.0
463.0,-82.0,1108.0,-571.0,,-27.0,42.0,469.0,1029.0,-725.0
413.0,-487.0,1194.0,-470.0,,545.0,96.0,354.0,722.0,-654.0
392.0,-482.0,1131.0,-461.0,,45.0,134.0,140.0,884.0,-516.0
344.0,-453.0,1123.0,-676.0,,240.0,153.0,-14.0,1109.0,-330.0
301.0,-451.0,1147.0,-929.0,,294.0,198.0,-256.0,1410.0,-215.0
228.0,-63.0,1100.0,-962.0,,-296.0,208.0,-206.0,1144.0,-112.0
121.0,695.0,979.0,-733.0,,680.0,212.0,-245.0,255.0,66.0
78.0,1644.0,906.0,-452.0,,214.0,255.0,-94.0,369.0,153.0
59.0,1201.0,824.0,-231.0,,510.0,328.0,88.0,335.0,171.0
69.0,548.0,694.0,42.0,,-121.0,395.0,179.0,228.0,216.0
89.0,203.0,593.0,370.0,,454.0,394.0,315.0,239.0,190.0
128.0,-796.0,392.0,695.0,,1300.0,308.0,169.0,-28.0,119.0
146.0,-788.0,303.0,1010.0,,382.0,216.0,214.0,116.0,99.0
113.0,-590.0,203.0,1160.0,,303.0,185.0,105.0,201.0,195.0
78.0,-1198.0,59.0,1152.0,,-287.0,126.0,-66.0,219.0,284.0
27.0,-675.0,-24.0,1068.0,,568.0,31.0,-192.0,-23.0,353.0
-51.0,-13.0,-84.0,824.0,,308.0,-49.0,-388.0,-44.0,498.0
-128.0,229.0,-98.0,569.0,,260.0,-116.0,-430.0,18.0,712.0
-219.0,1210.0,-196.0,416.0,,206.0,-126.0,-729.0,-5.0,971.0
-353.0,1321.0,-224.0,332.0,,-520.0,-144.0,-846.0,351.0,1140.0
-452.0,709.0,-239.0,319.0,,299.0,-125.0,-909.0,5.0,1233.0
-473.0,1101.0,-199.0,410.0,,164.0,-34.0,-1045.0,-346.0,1363.0
-487.0,1390.0,-246.0,501.0,,563.0,29.0,-990.0,-181.0,1526.0
-536.0,1501.0,-295.0,501.0,,109.0,99.0,-835.0,-204.0,1614.0
-567.0,1488.0,-234.0,463.0,,223.0,122.0,-417.0,-189.0,1540.0
-549.0,953.0,-299.0,453.0,,538.0,71.0,-254.0,-66.0,1400.0
-489.0,942.0,-280.0,460.0,,118.0,13.0,-118.0,-173.0,1285.0
-448.0,1086.0,-329.0,443.0,,-122.0,-63.0,-16.0,-259.0,1170.0
-410.0,536.0,-354.0,477.0,,-1069.0,-197.0,-94.0,102.0,1067.0
-330.0,-607.0,-297.0,489.0,,-509.0,-363.0,-101.0,125.0,886.0
-277.0,-1444.0,-291.0,448.0,,-259.0,-506.0,-301.0,-28.0,664.0
-251.0,-2108.0,-246.0,259.0,,180.0,-565.0,-232.0,100.0,506.0
-273.0,-2686.0,-207.0,24.0,,199.0,-525.0,-232.0,200.0,408.0
-276.0,-1942.0,-68.0,-95.0,,-116.0,-471.0,-277.0,401.0,376.0
-241.0,-74.0,-32.0,-281.0,,-24.0,-364.0,-229.0,591.0,287.0
-174.0,962.0,-39.0,-393.0,,54.0,-174.0,-380.0,519.0,156.0
-99.0,1282.0,39.0,-377.0,,557.0,35.0,-275.0,317.0,82.0
-87.0,1931.0,14.0,-332.0,,-351.0,219.0,-291.0,628.0,38.0
-45.0,918.0,83.0,-251.0,,-301.0,299.0,-243.0,889.0,-81.0
10.0,-216.0,56.0,-285.0,,-86.0,337.0,-194.0,712.0,-235.0
80.0,-101.0,90.0,-450.0,,112.0,364.0,-188.0,680.0,-349.0
124.0,-722.0,170.0,-554.0,,118.0,379.0,-16.0,437.0,-513.0
178.0,-651.0,91.0,-522.0,,-128.0,370.0,-101.0,216.0,-627.0
264.0,458.0,99.0,-448.0,,415.0,290.0,-173.0,161.0,-689.0
331.0,477.0,42.0,-323.0,,16.0,218.0,-463.0,-121.0,-807.0
415.0,-469.0,70.0,-180.0,,579.0,146.0,-652.0,-471.0,-917.0
439.0,-1106.0,62.0,-236.0,,389.0,79.0,-694.0,-870.0,-934.0
446.0,-2320.0,38.0,-404.0,,80.0,90.0,-818.0,-929.0,-916.0
433.0,-2038.0,64.0,-522.0,,-319.0,157.0,-626.0,-652.0,-914.0
405.0,-120.0,83.0,-514.0,,-447.0,204.0,-480.0,-813.0,-882.0
363.0,-427.0,114.0,-595.0,,982.0,166.0,-240.0,-1084.0,-937.0
295.0,-180.0,52.0,-848.0,,375.0,88.0,-195.0,-1091.0,-1031.0
282.0,175.0,77.0,-955.0,,285.0,26.0,-351.0,-1168.0,-1014.0
299.0,-1724.0,126.0,-1044.0,,163.0,-7.0,-419.0,-1006.0,-980.0
277.0,-3050.0,159.0,-1068.0,,573.0,-63.0,-609.0,-822.0,-1002.0
214.0,-3144.0,181.0,-929.0,,846.0,-158.0,-572.0,-1095.0,-957.0
168.0,-2775.0,223.0,-723.0,,-256.0,-172.0,-546.0,-1076.0,-840.0
127.0,-2021.0,296.0,-553.0,,213.0,-194.0,-369.0,-765.0,-771.0
86.0,-705.0,401.0,-490.0,,-25.0,-265.0,-243.0,-600.0,-687.0
38.0,-429.0,477.0,-355.0,,738.0,-311.0,-334.0,-617.0,-587.0
5.0,-1039.0,548.0,-210.0,,611.0,-352.0,-253.0,-831.0,-476.0
-25.0,-1492.0,695.0,-227.0,,131.0,-361.0,-424.0,-854.0,-348.0
-72.0,-1654.0,757.0,-387.0,,680.0,-426.0,-508.0,-673.0,-217.0
-131.0,-1147.0,764.0,-515.0,,168.0,-483.0,-539.0,-429.0,-75.0
-238.0,-836.0,816.0,-566.0,,823.0,-510.0,-533.0,-293.0,-35.0
-315.0,-272.0,914.0,-629.0,,202.0,-596.0,-439.0,-422.0,-4.0
-402.0,1298.0,975.0,-660.0,,40.0,-615.0,-550.0,-725.0,75.0
-499.0,3168.0,983.0,-496.0,,91.0,-523.0,-471.0,-545.0,127.0
-594.0,3094.0,1036.0,-328.0,,122.0,-413.0,-471.0,-149.0,109.0
-673.0,2646.0,1144.0,-345.0,,710.0,-352.0,-439.0,-76.0,49.0
-734.0,2953.0,1217.0,-377.0,,-207.0,-285.0,-367.0,80.0,-37.0
-819.0,2840.0,1216.0,-472.0,,170.0,-171.0,-312.0,122.0,-195.0
-864.0,2693.0,1205.0,-474.0,,50.0,-38.0,-44.0,259.0,-331.0
-912.0,1183.0,1217.0,-261.0,,294.0,99.0,96.0,315.0,-400.0
-902.0,-299.0,1155.0,-13.0,,217.0,225.0,262.0,372.0,-455.0
-899.0,-966.0,1082.0,292.0,,-273.0,226.0,256.0,507.0,-511.0
-892.0,-1238.0,980.0,622.0,,399.0,111.0,197.0,321.0,-557.0
-797.0,-1225.0,882.0,904.0,,-398.0,-1.0,155.0,485.0,-702.0
-694.0,-1208.0,840.0,971.0,,-173.0,-178.0,-64.0,891.0,-935.0
-547.0,-1834.0,697.0,878.0,,-16.0,-336.0,-280.0,858.0,-1215.0
-421.0,-2812.0,601.0,795.0,,147.0,-395.0,-788.0,587.0,-1553.0
-268.0,-2267.0,545.0,727.0,,91.0,-453.0,-1091.0,641.0,-1903.0
-79.0,-2775.0,523.0,831.0,,-398.0,-522.0,-1171.0,809.0,-2196.0
69.0,-2727.0,444.0,917.0,,364.0,-559.0,-1160.0,957.0,-2280.0
209.0,-540.0,391.0,980.0,,173.0,-541.0,-960.0,998.0,-2291.0
330.0,525.0,423.0,1117.0,,345.0,-542.0,-829.0,743.0,-2264.0
425.0,602.0,363.0,1110.0,,-144.0,-515.0,-545.0,431.0,-2112.0
467.0,910.0,384.0,964.0,,167.0,-439.0,-458.0,284.0,-1841.0
538.0,952.0,285.0,750.0,,666.0,-410.0,-280.0,513.0,-1541.0
582.0,-144.0,265.0,595.0,,-201.0,-358.0,-12.0,247.0,-1222.0
559.0,-334.0,299.0,579.0,,45.0,-310.0,103.0,-279.0,-823.0
523.0,224.0,275.0,595.0,,-280.0,-321.0,304.0,-158.0,-554.0
516.0,555.0,269.0,589.0,,165.0,-367.0,186.0,-229.0,-360.0
519.0,362.0,227.0,550.0,,194.0,-375.0,35.0,-427.0,-83.0
460.0,316.0,262.0,490.0,,282.0,-303.0,-308.0,-461.0,127.0
408.0,967.0,199.0,522.0,,162.0,-352.0,-702.0,-480.0,172.0
355.0,-275.0,268.0,608.0,,-425.0,-434.0,-923.0,-395.0,276.0
314.0,-320.0,275.0,647.0,,361.0,-447.0,-1165.0,-276.0,504.0
292.0,1685.0,294.0,588.0,,-310.0,-459.0,-1003.0,-56.0,655.0
288.0,1828.0,357.0,440.0,,-19.0,-442.0,-811.0,106.0,781.0
287.0,916.0,264.0,432.0,,10.0,-478.0,-485.0,61.0,924.0
231.0,1573.0,348.0,609.0,,286.0,-494.0,-149.0,-330.0,1042.0
190.0,2661.0,347.0,604.0,,603.0,-545.0,60.0,-423.0,1124.0
169.0,1866.0,313.0,466.0,,-267.0,-631.0,271.0,-73.0,1242.0
146.0,991.0,329.0,387.0,,356.0,-609.0,123.0,-24.0,1476.0
82.0,986.0,316.0,304.0,,-87.0,-576.0,101.0,-174.0,1583.0
-13.0,1088.0,325.0,316.0,,154.0,-521.0,-9.0,-531.0,1607.0
-81.0,784.0,310.0,265.0,,-344.0,-437.0,-192.0,-566.0,1754.0
-154.0,84.0,260.0,93.0,,-162.0,-381.0,-323.0,73.0,1806.0
-212.0,-699.0,248.0,-47.0,,510.0,-324.0,-463.0,243.0,1682.0
-237.0,-1375.0,254.0,-192.0,,-381.0,-261.0,-354.0,-44.0,1443.0
-275.0,-1884.0,227.0,-278.0,,91.0,-258.0,-474.0,121.0,1196.0
-264.0,-1606.0,196.0,-445.0,,-584.0,-306.0,-517.0,370.0,905.0
-198.0,-382.0,139.0,-661.0,,197.0,-333.0,-482.0,458.0,530.0
-139.0,145.0,174.0,-728.0,,296.0,-375.0,-439.0,505.0,258.0
-29.0,782.0,65.0,-749.0,,-316.0,-421.0,-277.0,291.0,-57.0
95.0,1226.0,-81.0,-640.0,,-340.0,-440.0,-197.0,78.0,-482.0
191.0,816.0,-140.0,-533.0,,-865.0,-519.0,77.0,258.0,-786.0
254.0,586.0,-232.0,-501.0,,183.0,-592.0,216.0,283.0,-934.0
285.0,279.0,-231.0,-345.0,,-411.0,-620.0,399.0,103.0,-1070.0
360.0,473.0,-292.0,-215.0,,-381.0,-670.0,541.0,37.0,-1184.0
433.0,689.0,-287.0,-63.0,,-745.0,-707.0,314.0,-114.0,-1167.0
436.0,193.0,-195.0,124.0,,-898.0,-698.0,90.0,30.0,-1146.0
386.0,-326.0,-230.0,176.0,,-232.0,-611.0,-256.0,383.0,-1235.0
427.0,-751.0,-207.0,79.0,,-717.0,-575.0,-493.0,297.0,-1321.0
508.0,-942.0,-174.0,-127.0,,-323.0,-561.0,-731.0,-25.0,-1340.0
505.0,-165.0,-114.0,-180.0,,-932.0,-492.0,-872.0,158.0,-1343.0
521.0,904.0,-19.0,-47.0,,-391.0,-428.0,-674.0,108.0,-1410.0
590.0,1429.0,-23.0,57.0,,-104.0,-333.0,-517.0,107.0,-1429.0
658.0,1643.0,24.0,21.0,,-93.0,-297.0,-188.0,292.0,-1343.0
652.0,1570.0,109.0,-167.0,,101.0,-280.0,112.0,-137.0,-1270.0
632.0,1105.0,158.0,-383.0,,-1059.0,-288.0,417.0,-129.0,-1169.0
577.0,-105.0,118.0,-491.0,,-557.0,-349.0,578.0,-65.0,-1005.0
482.0,-1004.0,168.0,-525.0,,-357.0,-364.0,437.0,121.0,-860.0
410.0,-1157.0,227.0,-525.0,,-298.0,-384.0,338.0,339.0,-748.0
287.0,-1319.0,199.0,-470.0,,-945.0,-419.0,18.0,-39.0,-588.0
194.0,-1661.0,180.0,-363.0,,-1467.0,-425.0,-179.0,-405.0,-509.0
173.0,-1785.0,184.0,-186.0,,-350.0,-374.0,-380.0,-283.0,-577.0
121.0,-1221.0,291.0,-65.0,,-239.0,-286.0,-550.0,126.0,-588.0
31.0,-1289.0,369.0,-50.0,,-161.0,-210.0,-532.0,-49.0,-509.0
6.0,-1791.0,465.0,-147.0,,-1009.0,-138.0,-709.0,-479.0,-463.0
14.0,-2167.0,478.0,-364.0,,-903.0,-92.0,-752.0,-764.0,-375.0
-6.0,-2901.0,573.0,-496.0,,-56.0,-71.0,-840.0,-519.0,-107.0
-21.0,-3187.0,648.0,-328.0,,-333.0,-76.0,-739.0,-181.0,227.0
-28.0,-2146.0,656.0,-199.0,,-194.0,-181.0,-456.0,131.0,470.0
-59.0,-422.0,742.0,-367.0,,-949.0,-285.0,-153.0,287.0,650.0
-140.0,957.0,818.0,-458.0,,-262.0,-350.0,328.0,215.0,828.0
-256.0,2755.0,942.0,-514.0,,368.0,-419.0,574.0,839.0,882.0
-380.0,3977.0,973.0,-556.0,,91.0,-395.0,812.0,938.0,904.0
-469.0,3710.0,1039.0,-435.0,,-41.0,-346.0,739.0,901.0,1000.0
-507.0,2949.0,1128.0,-151.0,,-1195.0,-308.0,522.0,850.0,1043.0
-536.0,2369.0,1205.0,145.0,,-527.0,-249.0,410.0,549.0,1050.0
-584.0,1717.0,1205.0,173.0,,-279.0,-182.0,194.0,1037.0,1078.0
-625.0,869.0,1176.0,110.0,,-407.0,-123.0,212.0,1230.0,1076.0
-620.0,380.0,1190.0,163.0,,-583.0,-92.0,149.0,1029.0,944.0
-644.0,363.0,1238.0,343.0,,-1098.0,-93.0,179.0,712.0,729.0
-677.0,444.0,1229.0,559.0,,141.0,-137.0,157.0,493.0,460.0
-648.0,-820.0,1144.0,697.0,,37.0,-225.0,79.0,755.0,248.0
-654.0,-1168.0,1228.0,605.0,,-129.0,-322.0,151.0,702.0,62.0
-630.0,-285.0,1273.0,311.0,,-892.0,-341.0,101.0,455.0,-172.0
-608.0,24.0,1217.0,169.0,,-1386.0,-352.0,363.0,146.0,-325.0
-579.0,451.0,1187.0,297.0,,90.0,-395.0,583.0,-327.0,-492.0
-593.0,262.0,1235.0,484.0,,82.0,-425.0,805.0,-201.0,-603.0
-635.0,-147.0,1248.0,539.0,,-100.0,-471.0,1036.0,116.0,-650.0
-583.0,-1074.0,1209.0,602.0,,-1348.0,-501.0,1027.0,213.0,-636.0
-520.0,-2028.0,1183.0,697.0,,-845.0,-534.0,1084.0,8.0,-648.0
-396.0,-2209.0,1110.0,743.0,,333.0,-580.0,916.0,-192.0,-731.0
-317.0,-1587.0,1060.0,862.0,,-784.0,-614.0,910.0,297.0,-610.0
-247.0,-604.0,1018.0,951.0,,-973.0,-634.0,877.0,378.0,-448.0
-230.0,-264.0,901.0,933.0,,-1611.0,-598.0,727.0,296.0,-303.0
-197.0,501.0,875.0,714.0,,-254.0,-601.0,654.0,361.0,-164.0
-190.0,951.0,838.0,401.0,,-193.0,-607.0,336.0,99.0,-41.0
-317.0,64.0,730.0,245.0,,-823.0,-546.0,201.0,264.0,78.0
-332.0,79.0,716.0,131.0,,-482.0,-507.0,29.0,607.0,58.0
-384.0,957.0,655.0,130.0,,-1977.0,-469.0,3.0,454.0,66.0
-415.0,797.0,695.0,294.0,,-661.0,-495.0,112.0,-75.0,88.0
-428.0,1157.0,708.0,508.0,,-369.0,-522.0,219.0,-93.0,49.0
-407.0,1885.0,654.0,594.0,,-190.0,-469.0,489.0,181.0,38.0
-399.0,1553.0,661.0,539.0,,-878.0,-428.0,509.0,240.0,90.0
-408.0,422.0,696.0,498.0,,-2032.0,-345.0,637.0,394.0,169.0
-359.0,-503.0,677.0,447.0,,-304.0,-263.0,652.0,201.0,151.0
-367.0,-663.0,638.0,498.0,,-690.0,-146.0,676.0,-28.0,185.0
-319.0,-1195.0,649.0,612.0,,-600.0,4.0,779.0,22.0,253.0
-277.0,-1594.0,619.0,649.0,,-1708.0,74.0,600.0,250.0,165.0
-209.0,-1709.0,628.0,641.0,,-1194.0,143.0,615.0,455.0,10.0
-210.0,-1650.0,547.0,642.0,,-27.0,199.0,541.0,0.0,-104.0
-146.0,-1095.0,537.0,705.0,,-1185.0,182.0,650.0,-340.0,-174.0
-14.0,-638.0,564.0,719.0,,-686.0,110.0,870.0,-324.0,-308.0
-3.0,-594.0,495.0,594.0,,-1609.0,38.0,870.0,-312.0,-385.0
85.0,184.0,411.0,498.0,,-850.0,3.0,927.0,-422.0,-388.0
186.0,1377.0,369.0,363.0,,-784.0,-7.0,846.0,-944.0,-492.0
272.0,1407.0,384.0,140.0,,-1125.0,-4.0,831.0,-1138.0,-558.0
329.0,1676.0,291.0,-101.0,,-1070.0,64.0,607.0,-1031.0,-516.0
364.0,1177.0,186.0,-290.0,,-2134.0,170.0,384.0,-753.0,-459.0
353.0,-131.0,122.0,-363.0,,-788.0,261.0,362.0,-607.0,-407.0
312.0,-552.0,108.0,-536.0,,-748.0,369.0,315.0,-1116.0,-218.0
303.0,-537.0,73.0,-654.0,,-671.0,434.0,437.0,-1245.0,-12.0
254.0,-768.0,34.0,-750.0,,-1268.0,486.0,448.0,-927.0,-32.0
210.0,-2089.0,21.0,-927.0,,-1491.0,530.0,630.0,-873.0,-19.0
142.0,-2127.0,62.0,-967.0,,-630.0,550.0,670.0,-1020.0,3.0
91.0,-1709.0,127.0,-897.0,,-990.0,569.0,506.0,-1059.0,-170.0
58.0,-2206.0,158.0,-783.0,,-823.0,590.0,391.0,-937.0,-375.0
4.0,-1694.0,174.0,-736.0,,-1176.0,644.0,144.0,-723.0,-528.0
-18.0,-444.0,201.0,-588.0,,-400.0,632.0,245.0,-224.0,-634.0
-40.0,1160.0,275.0,-342.0,,-678.0,551.0,323.0,-202.0,-748.0
-41.0,1949.0,225.0,-191.0,,-1293.0,450.0,456.0,-497.0,-800.0
-7.0,2211.0,268.0,-64.0,,-1069.0,332.0,657.0,-268.0,-703.0
-18.0,2681.0,356.0,-6.0,,-1012.0,201.0,532.0,40.0,-589.0
-106.0,2092.0,361.0,-57.0,,-743.0,49.0,380.0,155.0,-487.0
-120.0,1185.0,376.0,-283.0,,-1095.0,-82.0,64.0,37.0,-213.0
-127.0,1084.0,277.0,-469.0,,-458.0,-158.0,-109.0,121.0,84.0
-214.0,471.0,369.0,-500.0,,-824.0,-158.0,-275.0,177.0,217.0
-264.0,-597.0,388.0,-525.0,,-325.0,-100.0,-428.0,429.0,465.0
-264.0,-798.0,282.0,-471.0,,5.0,-3.0,-386.0,839.0,792.0
-276.0,-331.0,306.0,-531.0,,-584.0,94.0,-369.0,623.0,996.0
-330.0,-152.0,226.0,-744.0,,-535.0,139.0,-155.0,802.0,1089.0
-299.0,303.0,210.0,-781.0,,-1404.0,193.0,-86.0,856.0,1176.0
-218.0,1309.0,124.0,-599.0,,-331.0,328.0,138.0,1017.0,1221.0
-154.0,1103.0,71.0,-432.0,,121.0,417.0,421.0,1474.0,1122.0
-99.0,1249.0,101.0,-273.0,,-386.0,484.0,513.0,1011.0,1024.0
-52.0,1841.0,101.0,-115.0,,-1154.0,506.0,611.0,849.0,1017.0
28.0,1074.0,87.0,10.0,,-1192.0,461.0,336.0,849.0,991.0
99.0,268.0,69.0,190.0,,87.0,451.0,169.0,825.0,896.0
163.0,-87.0,183.0,358.0,,-433.0,389.0,72.0,1078.0,1026.0
212.0,-444.0,212.0,521.0,,-261.0,390.0,49.0,645.0,1264.0
269.0,-780.0,299.0,781.0,,-971.0,395.0,92.0,214.0,1331.0
258.0,-460.0,356.0,1060.0,,-1378.0,352.0,-57.0,346.0,1462.0
226.0,-177.0,509.0,1077.0,,-539.0,392.0,-22.0,322.0,1641.0
225.0,-144.0,698.0,768.0,,-686.0,433.0,-96.0,330.0,1664.0
212.0,-276.0,726.0,470.0,,-524.0,458.0,-123.0,305.0,1651.0
263.0,-1060.0,831.0,524.0,,-1001.0,479.0,-216.0,11.0,1703.0
251.0,-861.0,917.0,754.0,,-538.0,507.0,-371.0,246.0,1618.0
224.0,-233.0,1102.0,949.0,,-565.0,497.0,-384.0,225.0,1456.0
261.0,-70.0,1142.0,1113.0,,-709.0,503.0,-502.0,4.0,1429.0
257.0,321.0,1162.0,1168.0,,-558.0,550.0,-386.0,-19.0,1431.0
192.0,503.0,1247.0,1037.0,,-796.0,595.0,-343.0,-417.0,1349.0
171.0,576.0,1250.0,667.0,,396.0,749.0,-221.0,-401.0,1234.0
232.0,1229.0,1241.0,294.0,,-609.0,910.0,-73.0,-485.0,1175.0
297.0,2108.0,1171.0,162.0,,-901.0,974.0,-103.0,-679.0,1081.0
366.0,1677.0,1131.0,152.0,,-634.0,994.0,160.0,-671.0,933.0
389.0,678.0,1045.0,99.0,,-820.0,915.0,238.0,-923.0,825.0
488.0,525.0,1001.0,6.0,,567.0,802.0,251.0,-1079.0,677.0
587.0,315.0,865.0,-48.0,,-155.0,724.0,118.0,-920.0,503.0
570.0,-816.0,793.0,-24.0,,-689.0,652.0,-72.0,-658.0,366.0
550.0,-1795.0,836.0,-53.0,,-993.0,591.0,-14.0,-634.0,223.0
525.0,-1158.0,713.0,-6.0,,8.0,483.0,-49.0,-371.0,52.0
477.0,-528.0,698.0,-20.0,,699.0,444.0,134.0,-59.0,-120.0
390.0,-853.0,687.0,-341.0,,-673.0,533.0,338.0,202.0,-246.0
346.0,-309.0,720.0,-666.0,,-548.0,630.0,596.0,579.0,-277.0
301.0,843.0,732.0,-833.0,,-907.0,743.0,726.0,551.0,-271.0
205.0,1221.0,629.0,-748.0,,510.0,838.0,618.0,808.0,-316.0
106.0,1448.0,656.0,-526.0,,457.0,915.0,583.0,1188.0,-326.0
67.0,1768.0,625.0,-333.0,,-883.0,1003.0,304.0,1241.0,-295.0
18.0,721.0,593.0,-173.0,,-182.0,1056.0,97.0,1574.0,-381.0
-72.0,-482.0,493.0,-142.0,,-546.0,1086.0,-118.0,1762.0,-537.0
-88.0,-678.0,413.0,-88.0,,52.0,1112.0,-216.0,1599.0,-578.0
-111.0,-852.0,359.0,60.0,,-148.0,1065.0,-90.0,1375.0,-612.0
-113.0,-773.0,237.0,105.0,,25.0,964.0,7.0,1382.0,-673.0
-111.0,-1537.0,155.0,96.0,,-200.0,855.0,363.0,1285.0,-603.0
-100.0,-1856.0,40.0,189.0,,-388.0,739.0,598.0,923.0,-481.0
-50.0,-1150.0,91.0,313.0,,1095.0,662.0,864.0,717.0,-411.0
43.0,-830.0,68.0,453.0,,242.0,577.0,995.0,374.0,-313.0
156.0,-57.0,9.0,627.0,,7.0,550.0,824.0,75.0,-176.0
239.0,541.0,52.0,664.0,,-741.0,573.0,648.0,-181.0,-67.0
383.0,285.0,103.0,601.0,,-169.0,532.0,249.0,-167.0,111.0
497.0,-1211.0,186.0,563.0,,865.0,544.0,29.0,-362.0,325.0
626.0,-1329.0,192.0,453.0,,-490.0,600.0,-144.0,-754.0,471.0
732.0,-140.0,236.0,346.0,,-549.0,624.0,-177.0,-585.0,573.0
844.0,-231.0,295.0,210.0,,-296.0,701.0,-125.0,-488.0,673.0
1002.0,204.0,330.0,110.0,,1259.0,802.0,-206.0,-448.0,850.0
1053.0,621.0,286.0,335.0,,798.0,832.0,-70.0,-803.0,1036.0
1035.0,285.0,296.0,664.0,,-365.0,800.0,-116.0,-784.0,1271.0
973.0,-149.0,365.0,834.0,,-377.0,763.0,-110.0,-321.0,1525.0
987.0,-745.0,370.0,879.0,,-127.0,754.0,-164.0,-317.0,1704.0
938.0,-685.0,347.0,871.0,,1699.0,758.0,-306.0,-290.0,1847.0
717.0,-516.0,308.0,785.0,,1220.0,752.0,-312.0,-483.0,1906.0
562.0,-783.0,375.0,540.0,,323.0,731.0,-389.0,-544.0,1919.0
445.0,-634.0,415.0,291.0,,-774.0,673.0,-205.0,-429.0,1832.0
304.0,-203.0,436.0,38.0,,-348.0,567.0,-105.0,-436.0,1702.0
148.0,-161.0,449.0,-285.0,,1439.0,479.0,-24.0,-423.0,1586.0
33.0,-24.0,489.0,-496.0,,1135.0,397.0,-1.0,-551.0,1460.0
-51.0,854.0,566.0,-575.0,,-87.0,274.0,-164.0,-731.0,1220.0
-144.0,1278.0,544.0,-614.0,,-991.0,200.0,-181.0,-480.0,889.0
-216.0,1862.0,541.0,-754.0,,981.0,146.0,-336.0,-212.0,687.0
-320.0,2526.0,566.0,-1005.0,,1462.0,157.0,-386.0,-541.0,415.0
-385.0,2196.0,595.0,-1039.0,,539.0,310.0,-334.0,-414.0,93.0
-461.0,1561.0,537.0,-919.0,,186.0,479.0,-81.0,-189.0,-65.0
-533.0,402.0,476.0,-846.0,,-16.0,613.0,282.0,-312.0,-111.0
-551.0,-195.0,500.0,-776.0,,1035.0,664.0,445.0,94.0,-109.0
-611.0,-1118.0,477.0,-730.0,,1037.0,618.0,630.0,245.0,-48.0
-604.0,-2080.0,427.0,-681.0,,851.0,576.0,530.0,112.0,53.0
-547.0,-1855.0,374.0,-597.0,,117.0,500.0,428.0,-176.0,104.0
-527.0,-1668.0,391.0,-513.0,,487.0,405.0,256.0,-348.0,122.0
-500.0,-1774.0,392.0,-546.0,,1126.0,307.0,-7.0,323.0,193.0
-445.0,-2376.0,349.0,-640.0,,843.0,137.0,57.0,343.0,296.0
-411.0,-2261.0,296.0,-598.0,,989.0,-24.0,166.0,119.0,329.0
-384.0,-1300.0,276.0,-401.0,,372.0,-143.0,532.0,176.0,319.0
-411.0,-215.0,341.0,-172.0,,1322.0,-241.0,811.0,98.0,255.0
-469.0,645.0,260.0,76.0,,1750.0,-353.0,894.0,308.0,197.0
-517.0,1546.0,226.0,350.0,,1193.0,-455.0,923.0,262.0,107.0
-533.0,2341.0,255.0,543.0,,905.0,-450.0,750.0,248.0,-41.0
-545.0,2195.0,249.0,791.0,,703.0,-381.0,635.0,153.0,-52.0
-649.0,2061.0,273.0,1077.0,,1381.0,-280.0,376.0,406.0,12.0
-700.0,1676.0,215.0,1251.0,,929.0,-172.0,332.0,515.0,93.0
-718.0,1644.0,238.0,1328.0,,865.0,-82.0,426.0,56.0,134.0
-700.0,2284.0,287.0,1345.0,,853.0,19.0,489.0,193.0,151.0
-710.0,2520.0,305.0,1336.0,,522.0,57.0,620.0,69.0,168.0
-689.0,2228.0,303.0,1303.0,,921.0,-7.0,561.0,55.0,154.0
-630.0,2036.0,346.0,1425.0,,1101.0,-98.0,606.0,301.0,182.0
-611.0,2348.0,445.0,1486.0,,1480.0,-101.0,386.0,315.0,216.0
-586.0,1426.0,467.0,1314.0,,1047.0,-58.0,151.0,145.0,191.0
-653.0,323.0,463.0,1200.0,,1103.0,-54.0,3.0,-7.0,79.0
-626.0,-5.0,583.0,1103.0,,1388.0,-39.0,-299.0,292.0,42.0
-583.0,-295.0,697.0,1046.0,,703.0,-37.0,-328.0,243.0,18.0
-556.0,-553.0,741.0,929.0,,684.0,-87.0,-380.0,141.0,-60.0
-558.0,-1184.0,849.0,612.0,,765.0,-223.0,-169.0,-20.0,-57.0
-571.0,-1613.0,861.0,303.0,,1032.0,-364.0,31.0,-260.0,42.0
-527.0,-1683.0,1021.0,26.0,,964.0,-505.0,57.0,-191.0,152.0
-504.0,-1484.0,1104.0,-205.0,,1058.0,-655.0,94.0,-317.0,187.0
-476.0,-1491.0,1052.0,-221.0,,1411.0,-671.0,-145.0,-484.0,274.0
-486.0,-593.0,1161.0,4.0,,1327.0,-663.0,-210.0,-362.0,337.0
-385.0,47.0,1186.0,311.0,,1636.0,-654.0,-375.0,-414.0,449.0
-277.0,-246.0,1220.0,536.0,,1202.0,-560.0,-441.0,-732.0,583.0
-133.0,-976.0,1207.0,605.0,,1183.0,-473.0,-378.0,-517.0,623.0
-38.0,-3289.0,1180.0,587.0,,1444.0,-412.0,-424.0,-450.0,764.0
-8.0,-4318.0,1211.0,481.0,,1377.0,-312.0,-312.0,-452.0,854.0
114.0,-4232.0,1178.0,402.0,,1419.0,-197.0,-369.0,-293.0,830.0
226.0,-3023.0,1106.0,433.0,,983.0,-140.0,-280.0,-629.0,724.0
350.0,-1058.0,1055.0,412.0,,1125.0,-127.0,-345.0,-487.0,586.0
405.0,718.0,1081.0,433.0,,1186.0,-127.0,-532.0,-180.0,377.0
490.0,2404.0,1020.0,377.0,,1665.0,-196.0,-596.0,-287.0,170.0
586.0,2089.0,893.0,168.0,,1467.0,-310.0,-702.0,-139.0,65.0
707.0,1829.0,808.0,-71.0,,948.0,-402.0,-620.0,128.0,-198.0
804.0,959.0,783.0,-363.0,,1871.0,-507.0,-709.0,198.0,-420.0
813.0,286.0,723.0,-537.0,,1608.0,-592.0,-563.0,267.0,-548.0
872.0,798.0,583.0,-638.0,,1404.0,-627.0,-362.0,65.0,-701.0
908.0,591.0,541.0,-730.0,,1172.0,-584.0,-301.0,-159.0,-860.0
965.0,579.0,478.0,-747.0,,798.0,-498.0,-162.0,-9.0,-950.0
945.0,995.0,491.0,-757.0,,896.0,-414.0,-304.0,-44.0,-920.0
923.0,2059.0,425.0,-726.0,,739.0,-349.0,-279.0,4.0,-995.0
947.0,1684.0,308.0,-739.0,,980.0,-339.0,-386.0,132.0,-1034.0
929.0,1231.0,369.0,-934.0,,162.0,-285.0,-596.0,-39.0,-1038.0
899.0,1191.0,331.0,-1042.0,,481.0,-182.0,-683.0,-35.0,-1111.0
793.0,-366.0,322.0,-933.0,,1214.0,-162.0,-837.0,326.0,-1039.0
763.0,-805.0,348.0,-820.0,,1106.0,-216.0,-774.0,250.0,-800.0
796.0,-910.0,446.0,-802.0,,957.0,-288.0,-812.0,-120.0,-600.0
763.0,-1542.0,475.0,-799.0,,159.0,-421.0,-735.0,-16.0,-519.0
689.0,-1564.0,445.0,-740.0,,1136.0,-596.0,-672.0,69.0,-377.0
650.0,-953.0,480.0,-723.0,,1882.0,-735.0,-711.0,189.0,-236.0
659.0,-498.0,469.0,-719.0,,1741.0,-854.0,-724.0,197.0,-184.0
567.0,234.0,589.0,-829.0,,900.0,-966.0,-885.0,46.0,-115.0
406.0,1347.0,581.0,-1081.0,,498.0,-1064.0,-678.0,179.0,-70.0
266.0,2028.0,583.0,-1258.0,,1479.0,-1164.0,-522.0,176.0,-69.0
205.0,2572.0,672.0,-1390.0,,1444.0,-1259.0,-325.0,311.0,-20.0
162.0,1946.0,699.0,-1317.0,,1489.0,-1291.0,-92.0,616.0,68.0
34.0,1335.0,699.0,-962.0,,448.0,-1256.0,-133.0,832.0,121.0
-29.0,1180.0,629.0,-693.0,,517.0,-1174.0,-53.0,1080.0,180.0
-31.0,806.0,641.0,-472.0,,1108.0,-1048.0,-149.0,939.0,248.0
-42.0,-135.0,590.0,-101.0,,1045.0,-913.0,-153.0,990.0,293.0
-122.0,-1169.0,578.0,317.0,,1794.0,-772.0,-155.0,1360.0,427.0
-208.0,-507.0,561.0,629.0,,751.0,-599.0,-90.0,1352.0,548.0
-175.0,-293.0,518.0,784.0,,688.0,-448.0,70.0,1305.0,525.0
-107.0,-762.0,561.0,752.0,,1122.0,-433.0,16.0,990.0,480.0
-110.0,137.0,492.0,401.0,,2038.0,-512.0,184.0,638.0,402.0
-188.0,1217.0,436.0,27.0,,1923.0,-581.0,254.0,777.0,286.0
-156.0,1049.0,409.0,-158.0,,274.0,-676.0,380.0,871.0,113.0
-123.0,248.0,358.0,-223.0,,808.0,-847.0,465.0,400.0,-77.0
-197.0,-211.0,279.0,-102.0,,1097.0,-1047.0,369.0,82.0,-211.0
-286.0,-1034.0,141.0,105.0,,1999.0,-1157.0,310.0,428.0,-336.0
-286.0,-2258.0,111.0,269.0,,1286.0,-1190.0,42.0,542.0,-321.0
-167.0,-1439.0,108.0,539.0,,153.0,-1266.0,-116.0,266.0,-305.0
-128.0,-734.0,57.0,911.0,,574.0,-1308.0,-317.0,186.0,-321.0
-174.0,-1938.0,-6.0,986.0,,717.0,-1285.0,-402.0,553.0,-199.0
-239.0,-1576.0,-44.0,906.0,,1952.0,-1177.0,-291.0,514.0,-29.0
-242.0,-707.0,25.0,780.0,,1084.0,-957.0,-155.0,-29.0,96.0
-259.0,-932.0,-9.0,546.0,,388.0,-756.0,134.0,-372.0,135.0
-356.0,-1694.0,-36.0,456.0,,467.0,-629.0,205.0,-549.0,226.0
-430.0,-2094.0,19.0,530.0,,679.0,-562.0,376.0,-600.0,305.0
-426.0,-1955.0,62.0,683.0,,1715.0,-457.0,578.0,-739.0,302.0
-377.0,-1600.0,116.0,868.0,,774.0,-352.0,692.0,-676.0,300.0
-370.0,-1132.0,117.0,1079.0,,738.0,-330.0,855.0,-679.0,258.0
-415.0,-1459.0,163.0,1192.0,,788.0,-300.0,809.0,-1046.0,201.0
-528.0,-959.0,251.0,1121.0,,845.0,-268.0,831.0,-863.0,138.0
-552.0,-233.0,291.0,1012.0,,1331.0,-257.0,711.0,-216.0,132.0
-536.0,17.0,362.0,1011.0,,532.0,-273.0,526.0,199.0,155.0
-592.0,389.0,492.0,1010.0,,691.0,-294.0,312.0,183.0,190.0
-680.0,448.0,621.0,882.0,,466.0,-330.0,3.0,127.0,242.0
-762.0,1664.0,753.0,750.0,,838.0,-444.0,35.0,405.0,290.0
-780.0,2568.0,814.0,761.0,,1462.0,-537.0,84.0,687.0,444.0
-793.0,1671.0,927.0,924.0,,1000.0,-531.0,286.0,725.0,535.0
-811.0,897.0,1022.0,1038.0,,1230.0,-498.0,554.0,469.0,468.0
-808.0,690.0,1083.0,945.0,,1139.0,-432.0,770.0,327.0,451.0
-727.0,530.0,1119.0,660.0,,1537.0,-343.0,1066.0,24.0,435.0
-615.0,331.0,1161.0,467.0,,978.0,-258.0,1156.0,45.0,300.0
-550.0,351.0,1252.0,527.0,,243.0,-181.0,1278.0,253.0,85.0
-532.0,968.0,1219.0,678.0,,453.0,-166.0,1156.0,-538.0,-170.0
-516.0,1361.0,1170.0,845.0,,32.0,-145.0,953.0,-597.0,-472.0
-441.0,1691.0,1112.0,911.0,,438.0,-68.0,757.0,-478.0,-801.0
-425.0,2054.0,1088.0,922.0,,238.0,-2.0,550.0,-798.0,-1044.0
-490.0,1677.0,1027.0,938.0,,448.0,35.0,600.0,-554.0,-1193.0
-467.0,947.0,939.0,712.0,,920.0,94.0,408.0,-853.0,-1356.0
-372.0,679.0,883.0,307.0,,642.0,123.0,297.0,-1243.0,-1490.0
-273.0,723.0,832.0,-95.0,,598.0,89.0,125.0,-1217.0,-1562.0
-220.0,-1155.0,766.0,-442.0,,-116.0,46.0,51.0,-1114.0,-1659.0
-207.0,-2506.0,645.0,-540.0,,15.0,-36.0,253.0,-985.0,-1766.0
-145.0,-1790.0,595.0,-470.0,,431.0,-134.0,245.0,-986.0,-1855.0
-86.0,-2363.0,571.0,-380.0,,856.0,-186.0,417.0,-1366.0,-1931.0
-26.0,-2826.0,536.0,-199.0,,719.0,-186.0,511.0,-1208.0,-2015.0
5.0,-1984.0,485.0,75.0,,-202.0,-239.0,648.0,-42.0,-2125.0
32.0,-1629.0,416.0,397.0,,-178.0,-328.0,720.0,24.0,-2145.0
90.0,-2046.0,359.0,436.0,,484.0,-319.0,620.0,-596.0,-2031.0
154.0,-1356.0,305.0,180.0,,894.0,-266.0,589.0,-396.0,-1876.0
150.0,-97.0,182.0,38.0,,-176.0,-239.0,367.0,14.0,-1729.0
136.0,-59.0,59.0,-27.0,,-571.0,-210.0,373.0,4.0,-1510.0
174.0,-518.0,0.0,-119.0,,121.0,-179.0,395.0,-168.0,-1256.0
145.0,-555.0,-16.0,-192.0,,824.0,-215.0,463.0,-102.0,-1072.0
103.0,-482.0,-94.0,-335.0,,588.0,-233.0,628.0,-91.0,-908.0
66.0,-634.0,-122.0,-590.0,,-853.0,-181.0,707.0,-8.0,-835.0
109.0,-129.0,-57.0,-657.0,,-741.0,-173.0,923.0,269.0,-770.0
184.0,-92.0,-68.0,-543.0,,-20.0,-274.0,933.0,480.0,-638.0
256.0,-332.0,-44.0,-474.0,,617.0,-372.0,931.0,227.0,-555.0
335.0,96.0,-22.0,-553.0,,34.0,-345.0,716.0,383.0,-528.0
322.0,967.0,27.0,-855.0,,-1325.0,-310.0,327.0,1077.0,-602.0
344.0,1445.0,84.0,-1115.0,,-1169.0,-303.0,31.0,1271.0,-682.0
407.0,1041.0,113.0,-1214.0,,-669.0,-282.0,-288.0,1552.0,-706.0
425.0,1696.0,147.0,-1199.0,,-61.0,-299.0,-310.0,1335.0,-730.0
366.0,1907.0,176.0,-1183.0,,-605.0,-325.0,-373.0,1111.0,-755.0
313.0,1224.0,252.0,-1141.0,,-1221.0,-330.0,-240.0,1513.0,-763.0
254.0,513.0,291.0,-1131.0,,-1035.0,-330.0,-16.0,1605.0,-706.0
164.0,-302.0,311.0,-1204.0,,-514.0,-304.0,24.0,1582.0,-580.0
123.0,-544.0,381.0,-1155.0,,-147.0,-258.0,271.0,1254.0,-449.0
-13.0,-756.0,437.0,-1135.0,,-1170.0,-241.0,362.0,1296.0,-374.0
-149.0,-345.0,438.0,-1178.0,,-851.0,-242.0,393.0,1712.0,-372.0
-164.0,-46.0,435.0,-1231.0,,-643.0,-200.0,330.0,1693.0,-329.0
-245.0,55.0,468.0,-1353.0,,-905.0,-187.0,408.0,1529.0,-205.0
-382.0,213.0,512.0,-1272.0,,-966.0,-203.0,574.0,1452.0,-215.0
-485.0,136.0,453.0,-952.0,,-1439.0,-204.0,321.0,1567.0,-259.0
-554.0,-31.0,442.0,-723.0,,-909.0,-226.0,44.0,1739.0,-231.0
-693.0,-1464.0,456.0,-607.0,,-953.0,-280.0,-352.0,1387.0,-236.0
-839.0,-2238.0,359.0,-481.0,,-805.0,-389.0,-447.0,1191.0,-209.0
-971.0,-1384.0,311.0,-334.0,,-1191.0,-405.0,-312.0,1632.0,-203.0
-1097.0,-351.0,268.0,-182.0,,-1106.0,-298.0,-277.0,1287.0,-265.0
-1136.0,556.0,209.0,-9.0,,-189.0,-190.0,1.0,932.0,-355.0
-1163.0,442.0,217.0,165.0,,-404.0,-99.0,256.0,726.0,-342.0
-1137.0,139.0,160.0,327.0,,-1016.0,-35.0,681.0,441.0,-243.0
-1144.0,-662.0,54.0,409.0,,-1896.0,22.0,886.0,402.0,-191.0
-1117.0,-2257.0,76.0,354.0,,-1033.0,82.0,875.0,358.0,-197.0
-1048.0,-2181.0,87.0,309.0,,-605.0,167.0,753.0,584.0,-203.0
-969.0,-1510.0,61.0,260.0,,-898.0,172.0,419.0,293.0,-136.0
-838.0,-944.0,74.0,161.0,,-1242.0,82.0,412.0,16.0,-125.0
-743.0,-352.0,33.0,99.0,,-1621.0,41.0,327.0,-307.0,-170.0
-595.0,-599.0,42.0,183.0,,-574.0,-1.0,338.0,-646.0,-247.0
-479.0,-907.0,77.0,460.0,,-601.0,-59.0,280.0,-770.0,-280.0
-399.0,-965.0,57.0,844.0,,-600.0,-82.0,168.0,-865.0,-270.0
-320.0,-890.0,73.0,1107.0,,-873.0,-79.0,312.0,-831.0,-303.0
-193.0,-730.0,95.0,1203.0,,-966.0,-35.0,275.0,-1461.0,-230.0
-49.0,337.0,131.0,1384.0,,-213.0,16.0,471.0,-1520.0,-180.0
37.0,1287.0,148.0,1456.0,,-246.0,14.0,613.0,-1412.0,-175.0
144.0,1884.0,230.0,1366.0,,-12.0,77.0,720.0,-1494.0,-142.0
214.0,2670.0,339.0,1205.0,,-959.0,226.0,812.0,-1152.0,-95.0
341.0,1969.0,373.0,948.0,,-1199.0,328.0,750.0,-1479.0,-168.0
482.0,581.0,445.0,857.0,,-579.0,394.0,925.0,-1191.0,-334.0
519.0,-306.0,485.0,741.0,,-596.0,436.0,920.0,-611.0,-340.0
519.0,-519.0,583.0,541.0,,-388.0,463.0,955.0,-631.0,-354.0
594.0,-631.0,616.0,423.0,,-861.0,481.0,877.0,-450.0,-437.0
634.0,-746.0,650.0,375.0,,-331.0,456.0,740.0,-137.0,-424.0
577.0,-222.0,703.0,335.0,,-210.0,392.0,805.0,-277.0,-298.0
597.0,587.0,684.0,159.0,,-319.0,283.0,563.0,-671.0,-199.0
617.0,-24.0,752.0,-62.0,,-536.0,101.0,436.0,-163.0,-175.0
639.0,-1425.0,692.0,-276.0,,-1406.0,-104.0,327.0,-187.0,-141.0
678.0,-857.0,650.0,-398.0,,-580.0,-261.0,275.0,-217.0,-149.0
654.0,-826.0,631.0,-356.0,,-489.0,-360.0,393.0,-332.0,-286.0
657.0,-1336.0,544.0,-228.0,,-495.0,-406.0,410.0,-697.0,-361.0
650.0,-315.0,537.0,-115.0,,-1120.0,-408.0,532.0,-268.0,-288.0
594.0,675.0,495.0,-13.0,,-1676.0,-389.0,570.0,-636.0,-318.0
554.0,1276.0,462.0,51.0,,-662.0,-363.0,683.0,-789.0,-380.0
558.0,2065.0,476.0,50.0,,-542.0,-343.0,705.0,-863.0,-327.0
549.0,3002.0,437.0,129.0,,130.0,-258.0,650.0,-907.0,-307.0
516.0,2622.0,408.0,173.0,,-521.0,-109.0,731.0,-682.0,-411.0
528.0,1912.0,457.0,122.0,,-1161.0,0.0,679.0,-778.0,-480.0
559.0,1313.0,446.0,63.0,,-379.0,127.0,687.0,-935.0,-459.0
600.0,812.0,391.0,-44.0,,-290.0,265.0,509.0,-867.0,-417.0
581.0,525.0,372.0,-99.0,,-270.0,316.0,328.0,-576.0,-281.0
559.0,-420.0,331.0,-134.0,,-1161.0,336.0,90.0,-884.0,-52.0
568.0,15.0,369.0,-182.0,,-928.0,330.0,-267.0,-395.0,159.0
541.0,-62.0,383.0,-191.0,,-588.0,289.0,-297.0,-31.0,359.0
485.0,-1490.0,350.0,-220.0,,-628.0,266.0,-367.0,-461.0,618.0
405.0,-2265.0,393.0,-136.0,,-169.0,201.0,-243.0,-166.0,794.0
442.0,-2117.0,381.0,23.0,,-969.0,132.0,-90.0,6.0,868.0
481.0,-345.0,407.0,156.0,,-690.0,109.0,105.0,-48.0,965.0
466.0,1561.0,419.0,241.0,,-761.0,84.0,419.0,-252.0,998.0
466.0,2790.0,463.0,228.0,,-850.0,163.0,487.0,-404.0,954.0
496.0,3021.0,467.0,110.0,,-431.0,343.0,672.0,18.0,836.0
562.0,2480.0,459.0,-72.0,,-1333.0,504.0,593.0,453.0,638.0
538.0,1374.0,493.0,-159.0,,-911.0,587.0,563.0,211.0,456.0
500.0,-84.0,441.0,-145.0,,-1072.0,639.0,670.0,16.0,383.0
527.0,-550.0,503.0,-107.0,,-1026.0,746.0,609.0,493.0,310.0
573.0,-1579.0,462.0,-134.0,,-732.0,807.0,624.0,822.0,193.0
524.0,-2398.0,472.0,-216.0,,-1001.0,790.0,402.0,1003.0,223.0
413.0,-1637.0,517.0,-312.0,,45.0,790.0,230.0,629.0,309.0
383.0,-1228.0,572.0,-441.0,,-1128.0,800.0,60.0,625.0,337.0
415.0,-768.0,690.0,-541.0,,-1475.0,768.0,-33.0,880.0,393.0
397.0,-447.0,711.0,-509.0,,-692.0,671.0,66.0,578.0,478.0
281.0,-532.0,802.0,-445.0,,-477.0,486.0,59.0,541.0,513.0
207.0,-285.0,856.0,-450.0,,-254.0,262.0,149.0,201.0,544.0
180.0,-294.0,952.0,-351.0,,-1643.0,81.0,94.0,-46.0,628.0
100.0,-400.0,990.0,-238.0,,-714.0,-34.0,35.0,-244.0,616.0
11.0,-103.0,1013.0,-295.0,,-181.0,-137.0,-22.0,-17.0,529.0
-37.0,245.0,1044.0,-443.0,,-310.0,-194.0,-216.0,-271.0,498.0
-61.0,48.0,1001.0,-604.0,,-309.0,-160.0,-375.0,-751.0,516.0
-107.0,319.0,992.0,-821.0,,-1742.0,-116.0,-661.0,-461.0,513.0
-178.0,469.0,970.0,-939.0,,-1108.0,-37.0,-824.0,-522.0,486.0
-249.0,231.0,972.0,-800.0,,-727.0,66.0,-1082.0,-459.0,451.0
-333.0,582.0,921.0,-615.0,,-45.0,173.0,-1239.0,-664.0,375.0
-381.0,223.0,903.0,-481.0,,-386.0,296.0,-1055.0,-766.0,232.0
-366.0,-165.0,942.0,-347.0,,-1365.0,311.0,-918.0,-721.0,14.0
-323.0,-255.0,922.0,-342.0,,-529.0,252.0,-663.0,-130.0,-205.0
-284.0,-672.0,946.0,-430.0,,-924.0,160.0,-676.0,0.0,-449.0
-250.0,-1106.0,920.0,-413.0,,-736.0,2.0,-711.0,-541.0,-703.0
-197.0,-1291.0,884.0,-425.0,,-1131.0,-121.0,-635.0,-114.0,-885.0
-186.0,-967.0,931.0,-512.0,,-1022.0,-118.0,-594.0,-145.0,-993.0
-110.0,-261.0,872.0,-458.0,,-223.0,-35.0,-336.0,85.0,-1108.0
-33.0,368.0,837.0,-275.0,,-916.0,60.0,-258.0,590.0,-1264.0
-20.0,808.0,839.0,-172.0,,-1074.0,174.0,-144.0,539.0,-1317.0
60.0,2105.0,744.0,-214.0,,-1331.0,325.0,-219.0,467.0,-1249.0
109.0,2570.0,704.0,-305.0,,-209.0,520.0,-426.0,553.0,-1196.0
120.0,2351.0,703.0,-512.0,,353.0,676.0,-620.0,964.0,-1174.0
95.0,2229.0,650.0,-789.0,,-497.0,770.0,-971.0,712.0,-987.0
68.0,652.0,623.0,-936.0,,-893.0,855.0,-1132.0,492.0,-739.0
82.0,-711.0,519.0,-1079.0,,-876.0,882.0,-1437.0,491.0,-562.0
109.0,-1748.0,420.0,-1309.0,,457.0,808.0,-1570.0,284.0,-318.0
104.0,-1737.0,353.0,-1565.0,,317.0,656.0,-1638.0,903.0,-118.0
53.0,-782.0,231.0,-1738.0,,-468.0,484.0,-1587.0,548.0,-3.0
39.0,-253.0,175.0,-1694.0,,-726.0,334.0,-1289.0,95.0,90.0
-11.0,698.0,-14.0,-1618.0,,-467.0,225.0,-1256.0,263.0,280.0
-80.0,996.0,-159.0,-1512.0,,318.0,188.0,-1127.0,-98.0,452.0
-119.0,1010.0,-226.0,-1364.0,,2.0,199.0,-1271.0,137.0,492.0
-101.0,699.0,-354.0,-1405.0,,89.0,203.0,-1407.0,-100.0,625.0
-90.0,772.0,-421.0,-1456.0,,-234.0,215.0,-1380.0,-221.0,783.0
-137.0,1815.0,-530.0,-1370.0,,-331.0,297.0,-1393.0,-237.0,827.0
-159.0,1481.0,-550.0,-1283.0,,294.0,442.0,-1226.0,214.0,797.0
-212.0,1240.0,-622.0,-1259.0,,664.0,609.0,-1226.0,717.0,844.0
-247.0,1127.0,-709.0,-1240.0,,647.0,794.0,-1095.0,49.0,823.0
-299.0,32.0,-667.0,-1080.0,,-300.0,1019.0,-1001.0,328.0,701.0
-361.0,-1014.0,-674.0,-875.0,,-547.0,1236.0,-864.0,594.0,638.0
-341.0,-1838.0,-653.0,-736.0,,60.0,1380.0,-705.0,621.0,502.0
-296.0,-1928.0,-654.0,-524.0,,865.0,1446.0,-729.0,907.0,288.0
-262.0,-1154.0,-632.0,-329.0,,457.0,1447.0,-567.0,989.0,27.0
-221.0,486.0,-587.0,-245.0,,-327.0,1394.0,-589.0,788.0,-115.0
-107.0,584.0,-579.0,-89.0,,11.0,1316.0,-500.0,940.0,-183.0
-40.0,52.0,-512.0,134.0,,1063.0,1229.0,-539.0,1080.0,-351.0
-36.0,457.0,-454.0,299.0,,1565.0,1085.0,-689.0,740.0,-456.0
-56.0,-31.0,-418.0,463.0,,431.0,948.0,-543.0,627.0,-431.0
-87.0,89.0,-350.0,641.0,,26.0,926.0,-598.0,-126.0,-406.0
-46.0,832.0,-270.0,865.0,,521.0,933.0,-511.0,-260.0,-401.0
-3.0,1810.0,-176.0,1067.0,,1456.0,911.0,-624.0,-314.0,-330.0
0.0,1401.0,-33.0,1107.0,,1343.0,880.0,-853.0,-474.0,-266.0
-9.0,350.0,35.0,1115.0,,113.0,871.0,-862.0,-423.0,-229.0
23.0,19.0,116.0,1270.0,,-115.0,899.0,-811.0,-966.0,-181.0
64.0,-1497.0,202.0,1539.0,,116.0,932.0,-539.0,-875.0,-82.0
84.0,-1996.0,223.0,1754.0,,1223.0,946.0,-452.0,-508.0,-65.0
85.0,-1837.0,267.0,1801.0,,1028.0,910.0,-345.0,-513.0,-173.0
120.0,-2006.0,291.0,1667.0,,-16.0,846.0,-391.0,-775.0,-185.0
212.0,-1488.0,323.0,1484.0,,-144.0,807.0,-565.0,-187.0,-111.0
261.0,-166.0,379.0,1301.0,,260.0,805.0,-709.0,-99.0,-85.0
291.0,507.0,442.0,1144.0,,1239.0,720.0,-1014.0,-618.0,-63.0
313.0,152.0,451.0,1042.0,,389.0,522.0,-1119.0,-242.0,80.0
374.0,487.0,524.0,898.0,,-294.0,416.0,-1315.0,-484.0,213.0
392.0,928.0,590.0,684.0,,-178.0,377.0,-1293.0,-1085.0,336.0
366.0,1914.0,599.0,536.0,,-52.0,282.0,-1208.0,-1128.0,550.0
391.0,2255.0,692.0,495.0,,458.0,194.0,-1274.0,-1328.0,728.0
441.0,1513.0,772.0,416.0,,39.0,132.0,-1291.0,-1267.0,815.0
498.0,439.0,827.0,360.0,,686.0,77.0,-1481.0,-629.0,924.0
548.0,-899.0,858.0,312.0,,560.0,56.0,-1372.0,-1070.0,1055.0
585.0,-844.0,898.0,257.0,,89.0,88.0,-1339.0,-1045.0,1050.0
583.0,-598.0,961.0,361.0,,312.0,96.0,-1217.0,-739.0,989.0
576.0,-879.0,992.0,421.0,,-512.0,143.0,-888.0,-1162.0,908.0
520.0,-751.0,992.0,262.0,,-325.0,283.0,-798.0,-619.0,749.0
472.0,199.0,1015.0,207.0,,-212.0,405.0,-506.0,-422.0,556.0
413.0,-247.0,1043.0,250.0,,853.0,520.0,-473.0,-601.0,354.0
318.0,-1332.0,1052.0,185.0,,667.0,618.0,-600.0,-668.0,149.0
242.0,-467.0,1032.0,190.0,,-930.0,663.0,-709.0,-365.0,-82.0
150.0,-409.0,1017.0,284.0,,-306.0,599.0,-848.0,176.0,-338.0
115.0,-84.0,1028.0,283.0,,108.0,476.0,-827.0,22.0,-578.0
104.0,1327.0,1002.0,86.0,,870.0,392.0,-981.0,-221.0,-748.0
96.0,1206.0,975.0,-73.0,,-132.0,321.0,-982.0,-242.0,-886.0
25.0,242.0,946.0,-138.0,,-716.0,252.0,-1058.0,255.0,-988.0
-62.0,184.0,920.0,-231.0,,2.0,208.0,-1093.0,483.0,-1070.0
-65.0,410.0,927.0,-283.0,,-475.0,193.0,-877.0,107.0,-1089.0
-21.0,137.0,895.0,-228.0,,108.0,132.0,-641.0,-98.0,-1033.0
60.0,-570.0,842.0,-85.0,,-244.0,23.0,-328.0,27.0,-944.0
116.0,-757.0,831.0,41.0,,210.0,-56.0,-460.0,344.0,-803.0
167.0,677.0,758.0,142.0,,38.0,-78.0,-563.0,411.0,-690.0
180.0,1400.0,742.0,20.0,,-296.0,-66.0,-580.0,266.0,-498.0
150.0,815.0,715.0,-221.0,,638.0,-99.0,-598.0,156.0,-294.0
113.0,115.0,681.0,-311.0,,132.0,-213.0,-471.0,341.0,-148.0
50.0,-611.0,719.0,-363.0,,614.0,-317.0,-585.0,695.0,-56.0
16.0,-1247.0,650.0,-386.0,,452.0,-350.0,-545.0,802.0,-26.0
-27.0,-720.0,614.0,-206.0,,584.0,-416.0,-631.0,358.0,8.0
-75.0,53.0,642.0,-48.0,,274.0,-531.0,-676.0,265.0,-67.0
-131.0,-967.0,643.0,-96.0,,-278.0,-607.0,-587.0,774.0,-136.0
-167.0,-1351.0,631.0,-38.0,,805.0,-597.0,-569.0,952.0,-232.0
-188.0,-291.0,645.0,14.0,,491.0,-576.0,-299.0,1097.0,-353.0
-221.0,72.0,698.0,-14.0,,401.0,-567.0,-253.0,1114.0,-370.0
-226.0,-223.0,718.0,-34.0,,-325.0,-531.0,-201.0,979.0,-373.0
-238.0,-232.0,755.0,-74.0,,124.0,-510.0,-258.0,1052.0,-365.0
-216.0,-87.0,815.0,-137.0,,1162.0,-468.0,-565.0,1200.0,-373.0
-218.0,727.0,843.0,-255.0,,721.0,-401.0,-827.0,998.0,-306.0
-221.0,1185.0,826.0,-325.0,,1070.0,-274.0,-1075.0,726.0,-202.0
-214.0,1297.0,761.0,-280.0,,379.0,-191.0,-933.0,526.0,-130.0
-259.0,2131.0,720.0,-169.0,,486.0,-211.0,-742.0,448.0,-26.0
-324.0,2156.0,645.0,-287.0,,593.0,-147.0,-473.0,811.0,65.0
-393.0,1451.0,533.0,-535.0,,1002.0,-65.0,-59.0,637.0,202.0
-410.0,1311.0,444.0,-716.0,,1337.0,4.0,221.0,19.0,301.0
-434.0,1709.0,299.0,-922.0,,-182.0,16.0,476.0,44.0,310.0
-438.0,731.0,96.0,-976.0,,146.0,-47.0,297.0,395.0,319.0
-403.0,202.0,16.0,-925.0,,268.0,-61.0,-77.0,257.0,284.0
-385.0,822.0,-106.0,-1012.0,,442.0,-31.0,-559.0,-35.0,259.0
-374.0,580.0,-325.0,-1131.0,,126.0,-27.0,-955.0,-320.0,321.0
-366.0,146.0,-387.0,-1089.0,,-448.0,-88.0,-1010.0,-472.0,452.0
-331.0,-372.0,-538.0,-912.0,,352.0,-82.0,-1019.0,-163.0,513.0
-251.0,-759.0,-607.0,-726.0,,81.0,-14.0,-726.0,-250.0,462.0
-172.0,-816.0,-694.0,-666.0,,752.0,46.0,-535.0,-496.0,475.0
-108.0,-782.0,-782.0,-694.0,,711.0,74.0,-434.0,-425.0,505.0
-1.0,-1312.0,-742.0,-777.0,,575.0,104.0,-380.0,-622.0,471.0
102.0,-1100.0,-784.0,-890.0,,757.0,183.0,-363.0,-492.0,405.0
168.0,-866.0,-710.0,-910.0,,294.0,273.0,-136.0,27.0,364.0
209.0,-989.0,-708.0,-809.0,,758.0,409.0,-181.0,-73.0,288.0
285.0,-1222.0,-615.0,-570.0,,206.0,516.0,-116.0,-213.0,130.0
357.0,-2337.0,-524.0,-338.0,,632.0,573.0,-186.0,280.0,-11.0
392.0,-1966.0,-484.0,-223.0,,813.0,589.0,-343.0,645.0,-184.0
490.0,-1918.0,-316.0,-217.0,,686.0,593.0,-286.0,655.0,-360.0
597.0,-1957.0,-210.0,-251.0,,663.0,569.0,-382.0,816.0,-468.0
665.0,-1492.0,-30.0,-315.0,,-351.0,425.0,-334.0,796.0,-474.0
693.0,-1464.0,79.0,-446.0,,503.0,210.0,-432.0,923.0,-398.0
738.0,-276.0,154.0,-437.0,,784.0,-1.0,-432.0,1302.0,-323.0
766.0,-12.0,266.0,-381.0,,1001.0,-188.0,-413.0,1099.0,-212.0
756.0,-792.0,387.0,-283.0,,553.0,-414.0,-526.0,1101.0,-20.0
785.0,-748.0,425.0,-181.0,,-166.0,-609.0,-567.0,734.0,175.0
760.0,-156.0,463.0,-189.0,,885.0,-698.0,-896.0,417.0,353.0
723.0,-230.0,586.0,-84.0,,760.0,-697.0,-986.0,708.0,537.0
714.0,-485.0,572.0,-30.0,,932.0,-633.0,-968.0,53.0,628.0
727.0,-583.0,596.0,-89.0,,65.0,-523.0,-837.0,-46.0,603.0
701.0,-879.0,560.0,-51.0,,104.0,-386.0,-611.0,-335.0,506.0
614.0,-673.0,580.0,72.0,,1070.0,-291.0,-500.0,-852.0,403.0
552.0,-560.0,612.0,258.0,,441.0,-179.0,-251.0,-691.0,277.0
478.0,-921.0,512.0,608.0,,357.0,-82.0,-253.0,-847.0,127.0
426.0,-1224.0,527.0,968.0,,-797.0,-61.0,-168.0,-342.0,71.0
370.0,-831.0,532.0,1152.0,,93.0,-47.0,-208.0,-548.0,15.0
324.0,-616.0,573.0,1271.0,,806.0,-40.0,-428.0,-846.0,-99.0
293.0,68.0,535.0,1237.0,,-12.0,-98.0,-607.0,-608.0,-165.0
240.0,1017.0,572.0,1140.0,,-595.0,-182.0,-1014.0,-1045.0,-237.0
186.0,1122.0,671.0,1211.0,,-1389.0,-263.0,-1176.0,-1127.0,-394.0
110.0,2016.0,676.0,1324.0,,285.0,-378.0,-1352.0,-969.0,-493.0
79.0,2655.0,776.0,1361.0,,440.0,-462.0,-1400.0,-1308.0,-419.0
68.0,2247.0,793.0,1429.0,,-66.0,-495.0,-1317.0,-1803.0,-325.0
109.0,1843.0,831.0,1563.0,,-902.0,-510.0,-1370.0,-1462.0,-339.0
178.0,1975.0,849.0,1632.0,,-1441.0,-525.0,-1215.0,-1095.0,-404.0
233.0,1128.0,806.0,1470.0,,-111.0,-511.0,-970.0,-1380.0,-456.0
277.0,118.0,789.0,1208.0,,-31.0,-453.0,-388.0,-1586.0,-539.0
241.0,446.0,729.0,931.0,,415.0,-405.0,97.0,-1347.0,-663.0
218.0,-439.0,715.0,593.0,,-407.0,-352.0,317.0,-1006.0,-698.0
164.0,-697.0,586.0,437.0,,-849.0,-263.0,487.0,-630.0,-648.0
86.0,-834.0,489.0,432.0,,-388.0,-194.0,373.0,-373.0,-620.0
28.0,-1531.0,429.0,472.0,,-103.0,-257.0,168.0,-808.0,-496.0
-13.0,-670.0,328.0,371.0,,229.0,-356.0,-352.0,-610.0,-328.0
-64.0,-943.0,301.0,94.0,,-1047.0,-428.0,-835.0,-80.0,-264.0
-158.0,-1048.0,193.0,-115.0,,-921.0,-555.0,-1173.0,196.0,-150.0
-220.0,543.0,195.0,-329.0,,-532.0,-646.0,-1446.0,662.0,72.0
-280.0,1436.0,206.0,-474.0,,-204.0,-663.0,-1367.0,358.0,272.0
-311.0,865.0,129.0,-433.0,,-256.0,-660.0,-1228.0,243.0,362.0
-296.0,362.0,150.0,-341.0,,-872.0,-616.0,-879.0,632.0,490.0
-246.0,475.0,198.0,-299.0,,-724.0,-559.0,-448.0,734.0,725.0
-210.0,191.0,259.0,-297.0,,-814.0,-490.0,42.0,742.0,893.0
-215.0,505.0,409.0,-381.0,,-267.0,-373.0,421.0,846.0,1043.0
-247.0,775.0,518.0,-462.0,,-678.0,-274.0,443.0,921.0,1235.0
-316.0,97.0,677.0,-486.0,,-1047.0,-151.0,454.0,1148.0,1365.0
-365.0,232.0,905.0,-533.0,,-987.0,-6.0,284.0,1868.0,1429.0
-410.0,392.0,1023.0,-608.0,,-709.0,35.0,227.0,1636.0,1515.0
-431.0,279.0,1228.0,-719.0,,-258.0,93.0,75.0,1174.0,1564.0
-467.0,780.0,1381.0,-736.0,,-497.0,148.0,-234.0,1350.0,1463.0
-531.0,275.0,1478.0,-705.0,,-267.0,105.0,-275.0,1584.0,1330.0
-560.0,403.0,1525.0,-794.0,,-375.0,119.0,-330.0,1679.0,1269.0
-561.0,1014.0,1547.0,-870.0,,5.0,193.0,-168.0,988.0,1245.0
-568.0,685.0,1599.0,-712.0,,-486.0,235.0,14.0,711.0,1210.0
-561.0,380.0,1633.0,-408.0,,-662.0,191.0,376.0,931.0,1190.0
-502.0,-243.0,1603.0,-3.0,,-181.0,109.0,970.0,815.0,1165.0
-457.0,-187.0,1515.0,507.0,,-65.0,49.0,1383.0,602.0,1129.0
-499.0,196.0,1442.0,861.0,,77.0,-45.0,1884.0,254.0,1054.0
-561.0,-297.0,1357.0,947.0,,-631.0,-58.0,1995.0,-80.0,893.0
-577.0,-971.0,1321.0,831.0,,-234.0,-68.0,1747.0,-500.0,721.0
-557.0,-222.0,1118.0,602.0,,-233.0,-139.0,1300.0,-636.0,540.0
-501.0,53.0,977.0,417.0,,365.0,-96.0,853.0,-282.0,338.0
-433.0,-815.0,858.0,520.0,,190.0,-52.0,783.0,-673.0,152.0
-327.0,-1235.0,669.0,809.0,,-474.0,-47.0,776.0,-1097.0,38.0
-258.0,-1546.0,549.0,1050.0,,-354.0,-4.0,894.0,-907.0,-112.0
-194.0,-993.0,395.0,1123.0,,-564.0,17.0,890.0,-1089.0,-319.0
-135.0,-351.0,298.0,1034.0,,483.0,39.0,886.0,-1216.0,-452.0
-111.0,-525.0,213.0,927.0,,-68.0,24.0,957.0,-1271.0,-538.0
-27.0,-1408.0,31.0,659.0,,30.0,-42.0,1032.0,-1283.0,-497.0
31.0,-1784.0,-65.0,290.0,,-98.0,-51.0,1267.0,-648.0,-396.0
74.0,-1835.0,-69.0,69.0,,-403.0,-122.0,1361.0,-234.0,-320.0
37.0,-2059.0,-194.0,25.0,,-256.0,-243.0,1598.0,-521.0,-258.0
-27.0,-1482.0,-210.0,7.0,,-977.0,-265.0,1773.0,-310.0,-189.0
-71.0,-297.0,-244.0,-8.0,,-28.0,-274.0,1880.0,-323.0,-108.0
-140.0,22.0,-245.0,54.0,,-298.0,-273.0,1977.0,-537.0,-81.0
-162.0,-903.0,-222.0,208.0,,151.0,-245.0,1849.0,-46.0,-126.0
-169.0,-810.0,-262.0,318.0,,110.0,-216.0,1842.0,-77.0,-217.0
-187.0,-926.0,-262.0,248.0,,-772.0,-166.0,1601.0,-508.0,-301.0
-227.0,-1197.0,-287.0,178.0,,-322.0,-107.0,1402.0,-321.0,-422.0
-232.0,-757.0,-228.0,70.0,,-361.0,-42.0,1180.0,6.0,-513.0
-199.0,-729.0,-256.0,-80.0,,832.0,3.0,768.0,-19.0,-534.0
-196.0,-383.0,-262.0,-162.0,,130.0,-7.0,502.0,109.0,-500.0
-222.0,148.0,-195.0,-300.0,,-822.0,-45.0,203.0,-28.0,-411.0
-206.0,601.0,-163.0,-479.0,,-515.0,-144.0,288.0,-71.0,-243.0
-146.0,915.0,-161.0,-629.0,,-159.0,-253.0,559.0,251.0,-2.0
-135.0,2631.0,-89.0,-719.0,,949.0,-317.0,905.0,269.0,132.0
-174.0,3975.0,30.0,-664.0,,-22.0,-388.0,1178.0,455.0,209.0
-195.0,3086.0,112.0,-634.0,,-2.0,-433.0,1204.0,573.0,279.0
-156.0,2413.0,193.0,-797.0,,11.0,-515.0,1273.0,348.0,285.0
-158.0,1445.0,229.0,-864.0,,-29.0,-617.0,1073.0,836.0,254.0
-205.0,1029.0,337.0,-879.0,,859.0,-617.0,992.0,1438.0,236.0
-226.0,1422.0,486.0,-1022.0,,258.0,-512.0,1025.0,705.0,230.0
-201.0,940.0,546.0,-1069.0,,859.0,-356.0,995.0,467.0,199.0
-145.0,-193.0,587.0,-992.0,,70.0,-207.0,909.0,961.0,220.0
-131.0,-909.0,653.0,-771.0,,-12.0,-22.0,607.0,1030.0,232.0
-113.0,-444.0,695.0,-540.0,,859.0,132.0,447.0,990.0,141.0
-86.0,-625.0,776.0,-488.0,,582.0,235.0,210.0,772.0,22.0
-105.0,-1026.0,761.0,-433.0,,858.0,263.0,103.0,895.0,-24.0
-153.0,-1293.0,807.0,-368.0,,-388.0,174.0,86.0,922.0,-77.0
-193.0,-1735.0,934.0,-321.0,,27.0,70.0,12.0,605.0,-207.0
-198.0,-1230.0,907.0,-221.0,,187.0,-43.0,212.0,604.0,-301.0
-178.0,-862.0,963.0,-101.0,,162.0,-197.0,362.0,782.0,-340.0
-110.0,-1509.0,1037.0,45.0,,703.0,-364.0,574.0,729.0,-387.0
-59.0,-2397.0,1067.0,238.0,,-242.0,-446.0,626.0,645.0,-448.0
4.0,-1556.0,1135.0,369.0,,43.0,-453.0,631.0,571.0,-469.0
77.0,-627.0,1126.0,321.0,,-519.0,-439.0,759.0,605.0,-458.0
80.0,-1191.0,1092.0,148.0,,591.0,-391.0,737.0,772.0,-473.0
86.0,-419.0,1127.0,-49.0,,1356.0,-369.0,857.0,436.0,-378.0
85.0,821.0,1057.0,-170.0,,273.0,-335.0,746.0,174.0,-168.0
127.0,1362.0,947.0,-207.0,,283.0,-277.0,546.0,11.0,-86.0
151.0,2300.0,948.0,-89.0,,33.0,-215.0,291.0,-114.0,-61.0
197.0,2619.0,913.0,125.0,,1339.0,-169.0,49.0,195.0,87.0
290.0,2491.0,846.0,187.0,,583.0,-207.0,125.0,267.0,224.0
346.0,2664.0,748.0,192.0,,-204.0,-261.0,158.0,69.0,269.0
410.0,2396.0,646.0,290.0,,-144.0,-297.0,421.0,-197.0,368.0
474.0,884.0,577.0,473.0,,-494.0,-347.0,583.0,-21.0,512.0
629.0,-731.0,519.0,581.0,,744.0,-398.0,692.0,332.0,602.0
739.0,-1985.0,411.0,670.0,,102.0,-461.0,938.0,16.0,678.0
810.0,-2648.0,294.0,756.0,,70.0,-464.0,1034.0,-196.0,831.0
876.0,-1926.0,285.0,628.0,,-465.0,-321.0,1119.0,-394.0,969.0
943.0,-1306.0,202.0,447.0,,-166.0,-150.0,931.0,-492.0,980.0
1048.0,-1273.0,181.0,296.0,,914.0,-52.0,805.0,-353.0,1082.0
1039.0,-637.0,218.0,44.0,,-32.0,31.0,630.0,-458.0,1266.0
1026.0,1442.0,204.0,-257.0,,-103.0,160.0,341.0,-569.0,1336.0
1022.0,1274.0,218.0,-488.0,,-601.0,308.0,229.0,-881.0,1467.0
994.0,1260.0,212.0,-663.0,,541.0,374.0,33.0,-854.0,1690.0
879.0,2964.0,252.0,-768.0,,790.0,422.0,105.0,-633.0,1830.0
696.0,1388.0,305.0,-809.0,,13.0,477.0,277.0,-524.0,1877.0
549.0,1815.0,387.0,-815.0,,-145.0,439.0,630.0,-718.0,1866.0
409.0,3818.0,378.0,-781.0,,-660.0,470.0,1079.0,-1034.0,1839.0
306.0,2917.0,389.0,-760.0,,295.0,603.0,1332.0,-451.0,1688.0
190.0,2306.0,493.0,-650.0,,-43.0,627.0,1528.0,70.0,1438.0
69.0,3728.0,564.0,-452.0,,-284.0,597.0,1322.0,-203.0,1260.0
-96.0,3234.0,609.0,-226.0,,-1055.0,585.0,1075.0,-237.0,1067.0
-280.0,412.0,599.0,15.0,,-1360.0,540.0,711.0,123.0,859.0
-446.0,-527.0,631.0,58.0,,-332.0,475.0,242.0,134.0,782.0
-585.0,-1096.0,661.0,35.0,,-443.0,376.0,-7.0,548.0,811.0
-644.0,-1270.0,670.0,236.0,,-153.0,275.0,-66.0,426.0,803.0
-737.0,-2778.0,692.0,541.0,,-865.0,149.0,162.0,-387.0,817.0
-814.0,-4220.0,676.0,830.0,,-573.0,52.0,160.0,-271.0,913.0
-851.0,-2758.0,685.0,999.0,,101.0,14.0,186.0,189.0,906.0
-913.0,-2586.0,694.0,990.0,,-30.0,-62.0,267.0,519.0,763.0
-967.0,-2093.0,652.0,907.0,,-325.0,-77.0,205.0,226.0,656.0
-1029.0,856.0,722.0,741.0,,-903.0,-90.0,260.0,-329.0,624.0
-1011.0,1539.0,764.0,517.0,,73.0,-88.0,201.0,-531.0,541.0
-956.0,-375.0,741.0,462.0,,146.0,-60.0,325.0,-174.0,457.0
-945.0,1401.0,691.0,515.0,,54.0,-62.0,546.0,-219.0,359.0
-918.0,2256.0,685.0,575.0,,-705.0,24.0,779.0,-885.0,189.0
-869.0,-402.0,779.0,709.0,,-1139.0,129.0,951.0,-942.0,60.0
-784.0,-528.0,766.0,821.0,,213.0,230.0,855.0,-920.0,-21.0
-724.0,391.0,761.0,823.0,,536.0,375.0,877.0,-833.0,-84.0
-622.0,-44.0,792.0,679.0,,212.0,527.0,790.0,-651.0,-123.0
-465.0,-1465.0,860.0,548.0,,-884.0,627.0,731.0,-591.0,-146.0
-320.0,-1788.0,929.0,299.0,,-446.0,729.0,624.0,-817.0,-173.0
-161.0,-1183.0,959.0,-38.0,,362.0,838.0,506.0,-525.0,-224.0
-79.0,-678.0,1037.0,-154.0,,191.0,875.0,696.0,400.0,-340.0
-5.0,-577.0,1109.0,-54.0,,-227.0,788.0,750.0,249.0,-460.0
92.0,328.0,1141.0,164.0,,-908.0,595.0,777.0,-232.0,-534.0
191.0,1344.0,1149.0,304.0,,-839.0,472.0,509.0,-43.0,-599.0
274.0,524.0,1181.0,342.0,,-800.0,402.0,262.0,355.0,-606.0
342.0,23.0,1240.0,279.0,,365.0,380.0,173.0,509.0,-566.0
455.0,437.0,1238.0,304.0,,250.0,391.0,33.0,362.0,-527.0
530.0,409.0,1187.0,424.0,,-909.0,402.0,339.0,289.0,-431.0
523.0,-645.0,1142.0,456.0,,-966.0,462.0,646.0,430.0,-226.0
446.0,330.0,1198.0,507.0,,-58.0,499.0,1060.0,382.0,-67.0
425.0,1782.0,1202.0,535.0,,1074.0,535.0,1443.0,193.0,-24.0
400.0,1290.0,1073.0,543.0,,-276.0,614.0,1485.0,561.0,0.0
343.0,-78.0,1076.0,453.0,,-868.0,688.0,1232.0,415.0,77.0
335.0,-1034.0,1044.0,285.0,,56.0,712.0,811.0,-231.0,102.0
345.0,-887.0,1038.0,140.0,,902.0,698.0,735.0,182.0,-19.0
352.0,-2198.0,989.0,-64.0,,630.0,554.0,692.0,645.0,-81.0
290.0,-2225.0,968.0,-290.0,,-542.0,337.0,742.0,235.0,-133.0
221.0,-962.0,1063.0,-422.0,,33.0,204.0,698.0,-397.0,-321.0
115.0,-126.0,1007.0,-467.0,,-71.0,88.0,593.0,-332.0,-472.0
-37.0,1126.0,1010.0,-534.0,,-280.0,-42.0,628.0,319.0,-535.0
-212.0,1051.0,966.0,-453.0,,-207.0,-140.0,463.0,621.0,-646.0
-398.0,559.0,943.0,-162.0,,-382.0,-148.0,495.0,867.0,-769.0
-572.0,101.0,987.0,221.0,,-53.0,-84.0,509.0,1029.0,-759.0
-691.0,666.0,891.0,647.0,,-482.0,61.0,606.0,929.0,-689.0
-791.0,1446.0,868.0,855.0,,57.0,258.0,733.0,792.0,-646.0
-929.0,441.0,917.0,885.0,,100.0,388.0,563.0,918.0,-589.0
-995.0,-149.0,794.0,801.0,,-421.0,403.0,441.0,1023.0,-484.0
-1032.0,-547.0,695.0,470.0,,-333.0,378.0,133.0,509.0,-411.0
-1068.0,-420.0,652.0,198.0,,-490.0,386.0,-7.0,121.0,-392.0
-1100.0,569.0,574.0,86.0,,-88.0,344.0,120.0,360.0,-332.0
-1076.0,776.0,514.0,-44.0,,-663.0,304.0,267.0,744.0,-316.0
-1001.0,949.0,391.0,-93.0,,-775.0,283.0,524.0,518.0,-326.0
-967.0,1248.0,297.0,-92.0,,-576.0,322.0,694.0,384.0,-286.0
-916.0,1871.0,205.0,-125.0,,-380.0,454.0,970.0,646.0,-251.0
-838.0,2318.0,156.0,-181.0,,377.0,578.0,1053.0,519.0,-222.0
-742.0,2065.0,124.0,-323.0,,-312.0,666.0,774.0,409.0,-167.0
-623.0,1064.0,64.0,-675.0,,-587.0,688.0,415.0,454.0,-59.0
-433.0,59.0,98.0,-1110.0,,-846.0,731.0,188.0,362.0,21.0
-209.0,-807.0,120.0,-1380.0,,-232.0,755.0,190.0,380.0,60.0
4.0,-1924.0,124.0,-1404.0,,375.0,682.0,107.0,466.0,37.0
166.0,-1331.0,99.0,-1226.0,,-582.0,574.0,81.0,428.0,-24.0
255.0,-1018.0,145.0,-1031.0,,-855.0,480.0,-31.0,485.0,-35.0
367.0,-977.0,239.0,-750.0,,-1192.0,428.0,-9.0,272.0,-82.0
478.0,-291.0,226.0,-550.0,,-148.0,374.0,380.0,82.0,-165.0
537.0,-24.0,283.0,-283.0,,-150.0,370.0,737.0,-49.0,-195.0
517.0,275.0,326.0,200.0,,-1112.0,411.0,1119.0,-323.0,-130.0
496.0,-213.0,376.0,438.0,,-742.0,440.0,1027.0,-372.0,15.0
524.0,447.0,399.0,525.0,,-519.0,433.0,679.0,-218.0,191.0
514.0,795.0,356.0,525.0,,104.0,399.0,275.0,-120.0,393.0
446.0,-20.0,412.0,559.0,,-866.0,392.0,-286.0,-646.0,601.0
388.0,820.0,395.0,524.0,,-755.0,376.0,-434.0,-758.0,785.0
407.0,2667.0,317.0,317.0,,-403.0,361.0,-277.0,-222.0,959.0
397.0,3831.0,223.0,173.0,,-1109.0,381.0,212.0,-484.0,1082.0
316.0,3099.0,166.0,3.0,,-553.0,386.0,559.0,-756.0,1081.0
242.0,1967.0,162.0,-171.0,,-743.0,337.0,582.0,-446.0,1035.0
225.0,357.0,91.0,-342.0,,-363.0,292.0,354.0,-405.0,984.0
203.0,-1158.0,22.0,-489.0,,-1163.0,266.0,-133.0,-169.0,821.0
91.0,-1280.0,23.0,-563.0,,-1299.0,196.0,-299.0,-7.0,591.0
8.0,-1085.0,0.0,-477.0,,-189.0,102.0,-434.0,-262.0,365.0
-22.0,-811.0,-12.0,-296.0,,-447.0,99.0,-391.0,-655.0,70.0
-56.0,-1495.0,-42.0,-157.0,,-608.0,158.0,-242.0,-689.0,-254.0
-158.0,-1989.0,-29.0,-32.0,,-1572.0,79.0,55.0,-343.0,-544.0
-264.0,-1082.0,98.0,167.0,,-781.0,-37.0,617.0,-503.0,-822.0
-295.0,-586.0,89.0,317.0,,-518.0,-73.0,790.0,-910.0,-1014.0
-303.0,-462.0,146.0,162.0,,-955.0,-131.0,872.0,-1022.0,-1064.0
-339.0,294.0,250.0,-91.0,,-449.0,-202.0,711.0,-295.0,-1019.0
-425.0,1242.0,340.0,-328.0,,-838.0,-271.0,443.0,-6.0,-909.0
-414.0,1017.0,457.0,-442.0,,-735.0,-299.0,168.0,-242.0,-720.0
-366.0,15.0,483.0,-395.0,,-1488.0,-306.0,-375.0,-335.0,-500.0
-353.0,179.0,572.0,-361.0,,-830.0,-348.0,-772.0,-206.0,-338.0
-410.0,-377.0,669.0,-372.0,,-327.0,-417.0,-1152.0,451.0,-171.0
-483.0,-1332.0,785.0,-408.0,,-725.0,-497.0,-1341.0,341.0,45.0
-459.0,-2340.0,843.0,-349.0,,-702.0,-506.0,-1413.0,0.0,224.0
-479.0,-3424.0,878.0,-231.0,,-1515.0,-487.0,-1317.0,-106.0,384.0
-508.0,-2705.0,951.0,-114.0,,-511.0,-440.0,-960.0,-214.0,564.0
-509.0,-2286.0,926.0,0.0,,-244.0,-325.0,-532.0,264.0,709.0
-446.0,-1597.0,969.0,110.0,,-119.0,-269.0,44.0,705.0,762.0
-405.0,-1016.0,1015.0,237.0,,-283.0,-328.0,144.0,268.0,755.0
-450.0,-617.0,1036.0,366.0,,-452.0,-396.0,-24.0,-343.0,731.0
-443.0,-719.0,1073.0,352.0,,482.0,-378.0,-277.0,-100.0,733.0
-444.0,-1036.0,1033.0,281.0,,-346.0,-250.0,-454.0,524.0,624.0
-430.0,-356.0,1063.0,287.0,,-339.0,-111.0,-376.0,241.0,352.0
-454.0,31.0,1108.0,214.0,,-698.0,-79.0,-593.0,-127.0,181.0
-477.0,1257.0,1102.0,157.0,,-408.0,-57.0,-655.0,96.0,38.0
-442.0,1025.0,1069.0,140.0,,101.0,-18.0,-617.0,352.0,-136.0
-439.0,467.0,997.0,307.0,,-244.0,-7.0,-506.0,842.0,-213.0
-418.0,694.0,1034.0,573.0,,-153.0,-10.0,-404.0,762.0,-238.0
-326.0,769.0,996.0,644.0,,-1181.0,-18.0,-670.0,656.0,-281.0
-165.0,851.0,902.0,663.0,,-217.0,23.0,-812.0,709.0,-293.0
-59.0,163.0,873.0,609.0,,461.0,38.0,-862.0,481.0,-213.0
23.0,-265.0,831.0,467.0,,37.0,-9.0,-652.0,902.0,-210.0
144.0,-304.0,822.0,314.0,,-810.0,-111.0,-535.0,1255.0,-306.0
263.0,352.0,742.0,207.0,,-1106.0,-240.0,-702.0,732.0,-384.0
341.0,469.0,698.0,163.0,,311.0,-281.0,-800.0,125.0,-428.0
422.0,1401.0,693.0,38.0,,231.0,-261.0,-918.0,383.0,-557.0
568.0,3058.0,613.0,-137.0,,-352.0,-257.0,-739.0,890.0,-728.0
689.0,3009.0,536.0,-245.0,,-1339.0,-270.0,-617.0,744.0,-761.0
778.0,2116.0,440.0,-446.0,,-665.0,-339.0,-473.0,523.0,-775.0
807.0,1763.0,401.0,-673.0,,156.0,-358.0,-395.0,242.0,-818.0
815.0,918.0,424.0,-798.0,,-129.0,-313.0,-630.0,344.0,-770.0
852.0,-245.0,371.0,-828.0,,5.0,-361.0,-752.0,724.0,-646.0
873.0,590.0,339.0,-769.0,,-507.0,-398.0,-981.0,560.0,-612.0
892.0,-120.0,461.0,-679.0,,-110.0,-396.0,-901.0,499.0,-616.0
903.0,-1154.0,538.0,-525.0,,262.0,-476.0,-722.0,-170.0,-520.0
964.0,-272.0,578.0,-357.0,,738.0,-626.0,-600.0,-216.0,-460.0
1035.0,-760.0,679.0,-87.0,,-183.0,-742.0,-351.0,505.0,-484.0
1010.0,-567.0,729.0,171.0,,-1120.0,-761.0,-327.0,288.0,-529.0
991.0,-813.0,809.0,301.0,,-26.0,-804.0,-179.0,-26.0,-547.0
989.0,-1191.0,877.0,393.0,,719.0,-843.0,-306.0,-110.0,-625.0
953.0,1567.0,908.0,323.0,,519.0,-734.0,-504.0,571.0,-779.0
909.0,3069.0,1031.0,246.0,,-1172.0,-636.0,-565.0,774.0,-868.0
848.0,2367.0,1136.0,234.0,,-1020.0,-646.0,-615.0,443.0,-933.0
813.0,974.0,1151.0,211.0,,436.0,-630.0,-454.0,682.0,-990.0
766.0,802.0,1190.0,235.0,,1083.0,-551.0,-580.0,674.0,-1011.0
673.0,533.0,1284.0,273.0,,390.0,-450.0,-582.0,676.0,-913.0
533.0,-2076.0,1286.0,356.0,,-978.0,-355.0,-672.0,805.0,-748.0
385.0,-3154.0,1234.0,398.0,,-362.0,-302.0,-879.0,696.0,-599.0
290.0,-2382.0,1216.0,454.0,,268.0,-282.0,-853.0,595.0,-316.0
174.0,-869.0,1156.0,581.0,,794.0,-311.0,-820.0,332.0,-51.0
26.0,-2715.0,1155.0,508.0,,203.0,-320.0,-613.0,73.0,68.0
-159.0,-3081.0,1100.0,200.0,,-622.0,-270.0,-624.0,436.0,223.0
-300.0,-587.0,981.0,-159.0,,4.0,-264.0,-543.0,32.0,462.0
-433.0,-1128.0,998.0,-505.0,,362.0,-291.0,-351.0,-242.0,638.0
-637.0,656.0,970.0,-733.0,,377.0,-366.0,-186.0,-21.0,689.0
-828.0,2276.0,917.0,-705.0,,-988.0,-479.0,42.0,-345.0,811.0
-966.0,2539.0,896.0,-605.0,,-922.0,-558.0,27.0,-223.0,941.0
-1041.0,2003.0,858.0,-493.0,,509.0,-623.0,110.0,-441.0,922.0
-1118.0,2108.0,850.0,-290.0,,1080.0,-682.0,-77.0,-374.0,890.0
-1196.0,2423.0,766.0,-24.0,,479.0,-757.0,-423.0,-407.0,884.0
-1271.0,1033.0,690.0,248.0,,-1066.0,-844.0,-740.0,-694.0,786.0
-1341.0,1739.0,631.0,240.0,,-487.0,-873.0,-1055.0,-99.0,623.0
-1386.0,616.0,541.0,90.0,,283.0,-927.0,-934.0,15.0,577.0
-1405.0,-316.0,436.0,-58.0,,459.0,-1057.0,-729.0,-354.0,532.0
-1398.0,-1362.0,278.0,-143.0,,-178.0,-1094.0,-399.0,-634.0,456.0
-1413.0,-1792.0,178.0,-105.0,,-840.0,-1059.0,-315.0,-225.0,525.0
-1353.0,-384.0,120.0,-205.0,,-394.0,-1059.0,-484.0,25.0,649.0
-1250.0,-200.0,64.0,-307.0,,-93.0,-1092.0,-607.0,-279.0,716.0
-1185.0,1370.0,-7.0,-411.0,,801.0,-1095.0,-894.0,-63.0,689.0
-1134.0,1936.0,-25.0,-552.0,,-31.0,-1072.0,-903.0,-243.0,684.0
-1046.0,1290.0,15.0,-693.0,,-566.0,-1050.0,-870.0,-507.0,657.0
-860.0,-1299.0,-17.0,-801.0,,-29.0,-963.0,-698.0,26.0,456.0
-677.0,-2297.0,-40.0,-700.0,,480.0,-903.0,-582.0,431.0,284.0
-547.0,-1944.0,21.0,-564.0,,459.0,-884.0,-646.0,-3.0,185.0
-412.0,-2922.0,89.0,-480.0,,-765.0,-858.0,-380.0,-309.0,43.0
-305.0,-1534.0,158.0,-536.0,,-521.0,-804.0,-145.0,204.0,-18.0
-264.0,-1100.0,281.0,-679.0,,-32.0,-747.0,20.0,677.0,0.0
-230.0,-1229.0,365.0,-785.0,,798.0,-738.0,-201.0,785.0,-18.0
-186.0,-2260.0,492.0,-717.0,,474.0,-631.0,-524.0,574.0,-86.0
-149.0,-3605.0,561.0,-470.0,,-183.0,-518.0,-718.0,444.0,-109.0
-111.0,-3962.0,533.0,-387.0,,98.0,-532.0,-1055.0,896.0,-55.0
-60.0,-3111.0,618.0,-416.0,,200.0,-547.0,-1284.0,805.0,-60.0
-22.0,-1353.0,666.0,-480.0,,943.0,-520.0,-1550.0,462.0,-167.0
-33.0,-1502.0,696.0,-587.0,,451.0,-456.0,-1441.0,633.0,-253.0
-62.0,32.0,698.0,-636.0,,323.0,-421.0,-1165.0,485.0,-295.0
-93.0,625.0,694.0,-562.0,,370.0,-436.0,-831.0,463.0,-400.0
-131.0,0.0,760.0,-473.0,,446.0,-425.0,-230.0,824.0,-492.0
-173.0,507.0,768.0,-468.0,,304.0,-316.0,149.0,998.0,-506.0
-165.0,-488.0,794.0,-465.0,,-236.0,-182.0,424.0,630.0,-615.0
-115.0,-850.0,796.0,-429.0,,714.0,-80.0,358.0,323.0,-822.0
-120.0,231.0,857.0,-390.0,,1158.0,9.0,210.0,570.0,-965.0
-154.0,2326.0,906.0,-272.0,,997.0,76.0,160.0,625.0,-1070.0
-122.0,2625.0,899.0,-48.0,,196.0,221.0,-83.0,302.0,-1238.0
-41.0,567.0,965.0,13.0,,221.0,357.0,-230.0,-80.0,-1384.0
31.0,828.0,960.0,51.0,,953.0,405.0,-376.0,-154.0,-1391.0
98.0,2751.0,983.0,204.0,,1078.0,416.0,-339.0,-61.0,-1378.0
224.0,2157.0,919.0,384.0,,1026.0,357.0,-347.0,-109.0,-1418.0
388.0,-142.0,900.0,507.0,,237.0,253.0,-450.0,41.0,-1376.0
505.0,640.0,921.0,377.0,,646.0,120.0,-478.0,-96.0,-1299.0
563.0,2423.0,818.0,194.0,,1324.0,-28.0,-556.0,-672.0,-1243.0
591.0,981.0,748.0,62.0,,1345.0,-188.0,-327.0,-619.0,-1102.0
638.0,555.0,641.0,-66.0,,828.0,-363.0,-144.0,-151.0,-837.0
727.0,1314.0,617.0,-128.0,,383.0,-487.0,177.0,-187.0,-588.0
808.0,-83.0,617.0,-214.0,,1197.0,-478.0,550.0,-691.0,-371.0
876.0,-976.0,598.0,-235.0,,1607.0,-472.0,617.0,-660.0,-69.0
948.0,-128.0,559.0,-110.0,,1446.0,-565.0,696.0,-111.0,174.0
1018.0,-913.0,554.0,36.0,,651.0,-632.0,630.0,-135.0,302.0
1072.0,-3289.0,535.0,220.0,,793.0,-584.0,672.0,-466.0,389.0
1079.0,-2830.0,504.0,325.0,,1932.0,-463.0,598.0,-650.0,568.0
1080.0,-1400.0,495.0,301.0,,1920.0,-394.0,509.0,-606.0,788.0
1081.0,-1731.0,487.0,242.0,,1437.0,-361.0,522.0,-453.0,886.0
1080.0,-1319.0,540.0,208.0,,966.0,-260.0,286.0,-422.0,999.0
1044.0,538.0,517.0,264.0,,1291.0,-116.0,234.0,88.0,1098.0
985.0,890.0,510.0,318.0,,1367.0,1.0,142.0,324.0,1082.0
928.0,198.0,562.0,331.0,,938.0,104.0,134.0,125.0,1053.0
816.0,234.0,635.0,414.0,,469.0,134.0,212.0,387.0,1060.0
690.0,210.0,625.0,574.0,,238.0,155.0,230.0,423.0,985.0
545.0,754.0,632.0,633.0,,1220.0,208.0,376.0,349.0,848.0
451.0,1528.0,666.0,653.0,,1617.0,197.0,430.0,370.0,729.0
362.0,3235.0,693.0,756.0,,1458.0,212.0,691.0,576.0,567.0
267.0,3564.0,703.0,897.0,,620.0,226.0,859.0,765.0,419.0
186.0,2490.0,696.0,1055.0,,544.0,273.0,925.0,656.0,333.0
91.0,1942.0,685.0,1156.0,,1439.0,335.0,866.0,500.0,314.0
16.0,-45.0,616.0,1167.0,,1398.0,284.0,554.0,360.0,344.0
-119.0,-619.0,584.0,941.0,,1128.0,210.0,454.0,234.0,406.0
-217.0,-184.0,494.0,615.0,,273.0,152.0,334.0,-187.0,490.0
-287.0,-442.0,516.0,465.0,,466.0,126.0,480.0,-253.0,552.0
-328.0,-1377.0,529.0,373.0,,753.0,104.0,580.0,-103.0,613.0
-380.0,-1617.0,532.0,422.0,,1094.0,21.0,430.0,-397.0,679.0
-442.0,-1180.0,538.0,594.0,,1304.0,-20.0,205.0,-709.0,681.0
-452.0,-2162.0,553.0,731.0,,690.0,37.0,-273.0,-806.0,603.0
-517.0,-1367.0,599.0,805.0,,1104.0,138.0,-513.0,-738.0,527.0
-544.0,-482.0,559.0,717.0,,910.0,288.0,-642.0,-769.0,475.0
-520.0,-399.0,582.0,646.0,,821.0,375.0,-432.0,-1019.0,363.0
-431.0,201.0,559.0,778.0,,192.0,352.0,-114.0,-1089.0,216.0
-334.0,-352.0,632.0,1016.0,,181.0,352.0,0.0,-998.0,145.0
-288.0,-1306.0,628.0,1083.0,,1010.0,358.0,97.0,-1047.0,126.0
-219.0,-1154.0,609.0,962.0,,888.0,319.0,-94.0,-1158.0,89.0
-136.0,-295.0,664.0,783.0,,692.0,203.0,-142.0,-1225.0,51.0
-41.0,-597.0,665.0,546.0,,56.0,45.0,-149.0,-1172.0,18.0
-32.0,-1108.0,660.0,325.0,,767.0,-85.0,68.0,-778.0,-41.0
-60.0,-1140.0,635.0,114.0,,1225.0,-138.0,485.0,42.0,-126.0
-23.0,-930.0,640.0,-37.0,,1045.0,-180.0,667.0,298.0,-183.0
-17.0,-400.0,592.0,-183.0,,225.0,-239.0,844.0,-92.0,-216.0
-80.0,509.0,586.0,-479.0,,-452.0,-235.0,618.0,-16.0,-277.0
-149.0,506.0,545.0,-867.0,,507.0,-239.0,234.0,338.0,-259.0
-148.0,346.0,510.0,-1091.0,,1030.0,-208.0,-194.0,484.0,-172.0
-104.0,1951.0,517.0,-1030.0,,911.0,-106.0,-602.0,449.0,-229.0
-78.0,1931.0,485.0,-882.0,,-132.0,-21.0,-740.0,212.0,-378.0
-78.0,463.0,429.0,-697.0,,230.0,49.0,-833.0,229.0,-503.0
-94.0,38.0,393.0,-511.0,,1398.0,60.0,-596.0,559.0,-608.0
-88.0,344.0,398.0,-477.0,,1728.0,25.0,-375.0,705.0,-740.0
-84.0,802.0,389.0,-551.0,,953.0,-27.0,-151.0,738.0,-871.0
-58.0,1115.0,415.0,-571.0,,8.0,-64.0,90.0,569.0,-976.0
-37.0,1547.0,423.0,-403.0,,855.0,7.0,64.0,359.0,-1118.0
22.0,1898.0,516.0,-219.0,,1473.0,106.0,-16.0,670.0,-1257.0
103.0,1495.0,678.0,-141.0,,1442.0,163.0,-367.0,1242.0,-1320.0
106.0,-303.0,732.0,-7.0,,653.0,199.0,-582.0,1147.0,-1319.0
82.0,-1688.0,861.0,128.0,,624.0,217.0,-674.0,656.0,-1309.0
44.0,-1996.0,984.0,83.0,,1482.0,263.0,-606.0,686.0,-1222.0
26.0,-2347.0,1026.0,-43.0,,1896.0,302.0,-253.0,1029.0,-1012.0
-45.0,-1973.0,1115.0,-165.0,,1358.0,280.0,-166.0,1196.0,-772.0
-91.0,-688.0,1115.0,-332.0,,501.0,191.0,-22.0,1197.0,-582.0
-83.0,122.0,1124.0,-321.0,,838.0,120.0,-29.0,1220.0,-415.0
-81.0,-161.0,1139.0,-226.0,,1489.0,94.0,-219.0,1019.0,-225.0
-88.0,-90.0,1087.0,-157.0,,2072.0,46.0,-245.0,946.0,-56.0
-135.0,323.0,1038.0,-16.0,,1206.0,37.0,-96.0,1020.0,111.0
-156.0,374.0,1012.0,77.0,,681.0,35.0,184.0,915.0,238.0
-200.0,938.0,972.0,99.0,,1227.0,4.0,140.0,539.0,373.0
-218.0,1737.0,815.0,75.0,,2137.0,-7.0,186.0,-139.0,550.0
-177.0,1064.0,691.0,-13.0,,2460.0,-18.0,230.0,117.0,661.0
-61.0,370.0,612.0,-229.0,,1185.0,-62.0,145.0,428.0,755.0
74.0,661.0,535.0,-480.0,,692.0,-185.0,145.0,15.0,812.0
182.0,-1492.0,437.0,-669.0,,918.0,-282.0,79.0,-97.0,830.0
311.0,-2571.0,376.0,-709.0,,2394.0,-325.0,109.0,-222.0,870.0
425.0,-1420.0,341.0,-677.0,,2524.0,-430.0,-68.0,-216.0,938.0
487.0,-2187.0,252.0,-667.0,,1291.0,-594.0,-51.0,-246.0,968.0
511.0,-992.0,227.0,-609.0,,889.0,-735.0,3.0,-587.0,968.0
582.0,1066.0,115.0,-600.0,,1120.0,-716.0,-3.0,-841.0,1018.0
683.0,1397.0,136.0,-530.0,,2176.0,-626.0,325.0,-1130.0,1057.0
737.0,2435.0,149.0,-364.0,,1444.0,-599.0,509.0,-1294.0,1059.0
755.0,2592.0,76.0,-283.0,,896.0,-584.0,707.0,-1009.0,1015.0
763.0,924.0,129.0,-342.0,,941.0,-546.0,491.0,-940.0,1016.0
762.0,202.0,81.0,-347.0,,1318.0,-470.0,-62.0,-1336.0,1017.0
756.0,403.0,92.0,-161.0,,1796.0,-352.0,-598.0,-1313.0,939.0
671.0,-1413.0,77.0,12.0,,972.0,-194.0,-849.0,-1256.0,838.0
576.0,-1287.0,41.0,147.0,,947.0,-26.0,-321.0,-1362.0,684.0
524.0,774.0,-1.0,288.0,,1147.0,63.0,314.0,-1312.0,486.0
441.0,662.0,1.0,422.0,,1748.0,20.0,951.0,-1798.0,276.0
296.0,1609.0,-16.0,527.0,,1589.0,-76.0,1176.0,-1938.0,176.0
160.0,1080.0,-81.0,550.0,,968.0,-137.0,1031.0,-1669.0,76.0
123.0,-291.0,-30.0,515.0,,872.0,-187.0,879.0,-1545.0,-86.0
53.0,887.0,-39.0,340.0,,767.0,-253.0,463.0,-1034.0,-162.0
-52.0,1802.0,-38.0,137.0,,1508.0,-261.0,341.0,-1074.0,-189.0
-153.0,2138.0,-45.0,99.0,,884.0,-201.0,218.0,-1035.0,-234.0
-242.0,1228.0,-1.0,84.0,,388.0,-128.0,-11.0,-459.0,-298.0
-310.0,2134.0,57.0,46.0,,573.0,-56.0,-323.0,-60.0,-258.0
-381.0,2582.0,109.0,41.0,,830.0,14.0,-537.0,67.0,-188.0
-403.0,954.0,177.0,4.0,,1091.0,139.0,-304.0,-21.0,-167.0
-342.0,536.0,181.0,40.0,,267.0,223.0,-164.0,160.0,-69.0
-239.0,-1237.0,192.0,287.0,,456.0,213.0,153.0,410.0,7.0
-174.0,-1128.0,205.0,598.0,,670.0,208.0,338.0,586.0,19.0
-136.0,-279.0,138.0,813.0,,1132.0,236.0,508.0,689.0,17.0
-97.0,-943.0,92.0,1000.0,,932.0,275.0,997.0,1080.0,8.0
-41.0,-1597.0,102.0,1238.0,,45.0,241.0,1082.0,1320.0,-35.0
11.0,-1737.0,13.0,1415.0,,188.0,185.0,816.0,1224.0,-112.0
56.0,-1087.0,-23.0,1411.0,,169.0,149.0,273.0,1202.0,-64.0
115.0,-1288.0,-1.0,1233.0,,914.0,161.0,70.0,994.0,7.0
188.0,-1413.0,-16.0,1052.0,,386.0,213.0,125.0,588.0,23.0
240.0,-2059.0,-20.0,960.0,,-284.0,221.0,11.0,274.0,92.0
225.0,-456.0,-51.0,971.0,,-162.0,231.0,-14.0,433.0,196.0
189.0,1531.0,-61.0,1123.0,,92.0,153.0,-323.0,419.0,299.0
154.0,728.0,-14.0,1170.0,,584.0,74.0,-561.0,195.0,416.0
106.0,905.0,31.0,1053.0,,-182.0,137.0,-733.0,42.0,613.0
79.0,1885.0,45.0,865.0,,68.0,205.0,-875.0,56.0,805.0
65.0,2249.0,81.0,669.0,,225.0,236.0,-1014.0,25.0,954.0
110.0,2253.0,172.0,564.0,,480.0,144.0,-1372.0,-146.0,1159.0
155.0,1921.0,248.0,436.0,,331.0,-15.0,-1409.0,-125.0,1303.0
120.0,1019.0,280.0,346.0,,-395.0,-114.0,-1452.0,-493.0,1304.0
115.0,193.0,316.0,422.0,,-206.0,-150.0,-1226.0,-690.0,1244.0
132.0,-1386.0,383.0,553.0,,-507.0,-112.0,-467.0,-347.0,1190.0
146.0,-1726.0,429.0,671.0,,-131.0,-57.0,184.0,-189.0,1120.0
122.0,-2672.0,455.0,715.0,,-466.0,25.0,452.0,-161.0,1000.0
142.0,-4441.0,508.0,672.0,,-507.0,68.0,358.0,-463.0,963.0
192.0,-2518.0,640.0,553.0,,-119.0,10.0,388.0,-934.0,924.0
184.0,-1448.0,733.0,406.0,,-159.0,2.0,5.0,-605.0,863.0
194.0,-1326.0,761.0,348.0,,-146.0,76.0,-764.0,-293.0,874.0
254.0,-702.0,898.0,347.0,,-749.0,92.0,-1491.0,-446.0,849.0
355.0,41.0,995.0,305.0,,-517.0,6.0,-2089.0,-475.0,762.0
393.0,379.0,1098.0,31.0,,-494.0,-107.0,-1962.0,-681.0,600.0
433.0,-290.0,1191.0,-310.0,,-429.0,-196.0,-1335.0,-722.0,439.0
504.0,-220.0,1214.0,-535.0,,-670.0,-230.0,-321.0,-459.0,198.0
550.0,385.0,1338.0,-787.0,,-828.0,-230.0,548.0,-218.0,-145.0
508.0,841.0,1422.0,-986.0,,-440.0,-251.0,1036.0,-285.0,-392.0
442.0,-862.0,1471.0,-1040.0,,-397.0,-311.0,1134.0,-585.0,-621.0
474.0,-926.0,1505.0,-1003.0,,-171.0,-341.0,654.0,-540.0,-860.0
496.0,-319.0,1515.0,-899.0,,-354.0,-316.0,175.0,-260.0,-1028.0
450.0,-1894.0,1519.0,-675.0,,-73.0,-274.0,-533.0,-355.0,-1134.0
387.0,-2435.0,1511.0,-470.0,,16.0,-219.0,-995.0,-410.0,-1229.0
421.0,-1134.0,1500.0,-318.0,,47.0,-126.0,-966.0,-145.0,-1293.0
437.0,-138.0,1441.0,-210.0,,-356.0,-31.0,-689.0,-21.0,-1324.0
398.0,-1117.0,1342.0,-185.0,,-813.0,-46.0,-60.0,171.0,-1399.0
381.0,316.0,1177.0,-181.0,,-292.0,-70.0,86.0,196.0,-1470.0
382.0,772.0,1053.0,-159.0,,-237.0,26.0,-81.0,104.0,-1556.0
358.0,-142.0,958.0,-105.0,,-268.0,176.0,-232.0,91.0,-1613.0
315.0,586.0,933.0,-253.0,,-843.0,272.0,-179.0,60.0,-1564.0
346.0,775.0,786.0,-550.0,,-573.0,306.0,7.0,376.0,-1511.0
333.0,2539.0,636.0,-730.0,,-191.0,345.0,-29.0,658.0,-1420.0
301.0,4150.0,589.0,-753.0,,-235.0,389.0,121.0,710.0,-1260.0
302.0,4079.0,465.0,-715.0,,-170.0,426.0,90.0,620.0,-1057.0
295.0,3771.0,419.0,-768.0,,-975.0,391.0,-11.0,622.0,-803.0
260.0,5240.0,277.0,-851.0,,-548.0,271.0,-158.0,1000.0,-457.0
194.0,4972.0,222.0,-907.0,,-321.0,166.0,-304.0,959.0,-87.0
95.0,1837.0,223.0,-958.0,,-342.0,137.0,-22.0,770.0,161.0
-40.0,1083.0,155.0,-897.0,,-511.0,158.0,-11.0,870.0,370.0
-172.0,638.0,94.0,-690.0,,-1063.0,199.0,-133.0,614.0,545.0
-283.0,-557.0,128.0,-483.0,,-742.0,282.0,-247.0,396.0,639.0
-350.0,-740.0,148.0,-325.0,,-881.0,372.0,0.0,464.0,664.0
-451.0,-773.0,94.0,-150.0,,-680.0,439.0,583.0,338.0,654.0
-518.0,-1543.0,108.0,6.0,,-1105.0,529.0,896.0,146.0,695.0
-572.0,-1942.0,63.0,29.0,,-1087.0,665.0,1252.0,215.0,680.0
-634.0,-1673.0,134.0,-112.0,,-196.0,755.0,1143.0,348.0,590.0
-638.0,-1909.0,89.0,-210.0,,-157.0,796.0,513.0,370.0,583.0
-623.0,-2405.0,31.0,-179.0,,-254.0,814.0,-371.0,162.0,659.0
-595.0,-1697.0,62.0,-150.0,,-964.0,721.0,-774.0,85.0,750.0
-621.0,203.0,78.0,-163.0,,-415.0,553.0,-145.0,283.0,852.0
-626.0,871.0,104.0,-200.0,,94.0,399.0,602.0,301.0,1029.0
-639.0,215.0,39.0,-225.0,,-125.0,260.0,1016.0,357.0,1197.0
-655.0,-618.0,104.0,-189.0,,-492.0,117.0,644.0,333.0,1257.0
-710.0,-425.0,125.0,3.0,,-1457.0,-22.0,-12.0,12.0,1288.0
-832.0,342.0,134.0,162.0,,-889.0,-169.0,-639.0,-266.0,1270.0
-877.0,718.0,155.0,137.0,,-684.0,-268.0,-1221.0,-160.0,1184.0
-867.0,769.0,118.0,60.0,,-631.0,-280.0,-1027.0,-39.0,1060.0
-836.0,666.0,157.0,-11.0,,-882.0,-291.0,-473.0,-137.0,928.0
-849.0,1676.0,142.0,-77.0,,-1320.0,-325.0,118.0,-160.0,751.0
-814.0,1939.0,109.0,-104.0,,-718.0,-277.0,245.0,-79.0,467.0
-754.0,1658.0,106.0,25.0,,-705.0,-80.0,-60.0,192.0,155.0
-726.0,1488.0,126.0,125.0,,-640.0,136.0,-166.0,157.0,-91.0
-716.0,-41.0,105.0,118.0,,-1481.0,263.0,-118.0,-179.0,-302.0
-718.0,-139.0,86.0,114.0,,-1215.0,299.0,77.0,-195.0,-568.0
-653.0,1413.0,147.0,68.0,,-391.0,362.0,-230.0,-122.0,-779.0
-563.0,791.0,205.0,-51.0,,-712.0,479.0,-672.0,-188.0,-902.0
-488.0,-569.0,238.0,-264.0,,-1022.0,599.0,-668.0,-224.0,-1057.0
-444.0,-262.0,291.0,-407.0,,-1840.0,782.0,-502.0,-216.0,-1198.0
-315.0,-969.0,359.0,-509.0,,-949.0,900.0,-356.0,-375.0,-1278.0
-193.0,-1443.0,413.0,-702.0,,-553.0,889.0,-502.0,-670.0,-1363.0
-122.0,-1568.0,464.0,-891.0,,-719.0,857.0,-495.0,-474.0,-1516.0
-19.0,-2647.0,453.0,-941.0,,-832.0,776.0,-740.0,-138.0,-1635.0
93.0,-2042.0,464.0,-858.0,,-1139.0,679.0,-975.0,-412.0,-1646.0
176.0,-1946.0,469.0,-705.0,,-273.0,624.0,-495.0,-604.0,-1585.0
176.0,-2661.0,505.0,-483.0,,-676.0,517.0,218.0,-322.0,-1513.0
208.0,-2359.0,459.0,-340.0,,-1064.0,344.0,809.0,-55.0,-1421.0
236.0,-1432.0,405.0,-283.0,,-1538.0,177.0,637.0,-87.0,-1303.0
280.0,-94.0,489.0,-183.0,,-1418.0,26.0,341.0,-132.0,-1230.0
319.0,380.0,422.0,-65.0,,-866.0,-53.0,-33.0,7.0,-1159.0
339.0,-110.0,408.0,109.0,,-1362.0,-94.0,-703.0,19.0,-1128.0
379.0,-545.0,401.0,273.0,,-1458.0,-140.0,-962.0,23.0,-1091.0
365.0,-80.0,370.0,425.0,,-1846.0,-188.0,-820.0,71.0,-1091.0
381.0,417.0,361.0,541.0,,-1055.0,-230.0,-120.0,-349.0,-1168.0
440.0,795.0,320.0,502.0,,-730.0,-202.0,362.0,-866.0,-1175.0
517.0,1475.0,328.0,374.0,,-1176.0,-160.0,412.0,-794.0,-1133.0
562.0,1172.0,312.0,235.0,,-1350.0,-134.0,197.0,-502.0,-1004.0
567.0,478.0,371.0,162.0,,-1621.0,-103.0,-323.0,-529.0,-813.0
581.0,1041.0,425.0,120.0,,-634.0,-77.0,-740.0,-522.0,-579.0
574.0,1251.0,436.0,93.0,,-533.0,-78.0,-1097.0,-280.0,-317.0
589.0,1219.0,517.0,180.0,,-824.0,-104.0,-816.0,-282.0,-26.0
596.0,1024.0,653.0,318.0,,-1243.0,-93.0,-229.0,-242.0,281.0
584.0,-560.0,742.0,372.0,,-1194.0,-2.0,303.0,-140.0,479.0
614.0,-377.0,830.0,464.0,,-380.0,104.0,659.0,-121.0,583.0
606.0,256.0,881.0,751.0,,-643.0,188.0,448.0,-153.0,658.0
570.0,-89.0,931.0,1027.0,,-1110.0,227.0,194.0,-268.0,736.0
546.0,-242.0,984.0,1090.0,,-1650.0,196.0,-214.0,61.0,709.0
533.0,-401.0,954.0,901.0,,-877.0,173.0,-554.0,336.0,633.0
483.0,-113.0,1053.0,532.0,,-215.0,140.0,-746.0,85.0,632.0
428.0,-460.0,1067.0,91.0,,-567.0,88.0,-838.0,-83.0,594.0
426.0,-1081.0,1019.0,-354.0,,-1016.0,32.0,-670.0,126.0,511.0
389.0,-1714.0,997.0,-540.0,,-1067.0,-19.0,-580.0,320.0,457.0
373.0,-1165.0,905.0,-465.0,,225.0,29.0,-140.0,173.0,388.0
403.0,-229.0,866.0,-429.0,,252.0,127.0,358.0,59.0,272.0
387.0,-834.0,783.0,-434.0,,-473.0,222.0,691.0,-46.0,207.0
320.0,-1726.0,632.0,-366.0,,-1255.0,267.0,923.0,-89.0,198.0
316.0,-2026.0,513.0,-245.0,,-1137.0,264.0,896.0,249.0,136.0
294.0,-1816.0,440.0,-186.0,,-309.0,235.0,864.0,639.0,-13.0
207.0,-1462.0,331.0,-190.0,,-717.0,89.0,388.0,803.0,-142.0
165.0,-734.0,271.0,-117.0,,-1141.0,-15.0,-282.0,709.0,-232.0
148.0,-525.0,225.0,35.0,,-1686.0,-25.0,-733.0,687.0,-323.0
123.0,526.0,203.0,283.0,,-979.0,-76.0,-851.0,1031.0,-339.0
62.0,1433.0,199.0,557.0,,-419.0,-127.0,-642.0,1243.0,-291.0
68.0,1362.0,156.0,642.0,,-867.0,-144.0,-436.0,1247.0,-215.0
69.0,2240.0,183.0,695.0,,-1007.0,-28.0,206.0,1487.0,-127.0
51.0,2104.0,237.0,709.0,,-936.0,132.0,849.0,1815.0,-77.0
56.0,2126.0,314.0,582.0,,-132.0,221.0,1219.0,1694.0,-119.0
84.0,2162.0,307.0,405.0,,-462.0,337.0,1348.0,1473.0,-172.0
80.0,1209.0,377.0,88.0,,-934.0,403.0,944.0,1671.0,-235.0
4.0,889.0,508.0,-192.0,,-1288.0,392.0,404.0,1556.0,-319.0
-36.0,1230.0,526.0,-307.0,,-1156.0,351.0,-184.0,1254.0,-335.0
-78.0,1940.0,570.0,-307.0,,-521.0,257.0,-264.0,1170.0,-336.0
-100.0,2527.0,605.0,-243.0,,-1006.0,144.0,35.0,1057.0,-308.0
-142.0,2919.0,636.0,-165.0,,-1102.0,34.0,312.0,893.0,-330.0
-142.0,2195.0,697.0,3.0,,-1667.0,-53.0,715.0,698.0,-410.0
-94.0,1670.0,742.0,89.0,,-1583.0,-120.0,783.0,858.0,-510.0
-75.0,942.0,737.0,24.0,,-1283.0,-176.0,644.0,970.0,-662.0
-107.0,-480.0,804.0,-63.0,,-1633.0,-201.0,291.0,705.0,-744.0
-146.0,-850.0,809.0,-102.0,,-1650.0,-152.0,145.0,301.0,-763.0
-135.0,-1569.0,718.0,-104.0,,-1729.0,-77.0,280.0,4.0,-755.0
-205.0,-1737.0,748.0,-159.0,,-884.0,5.0,177.0,-77.0,-763.0
-304.0,-1478.0,726.0,-134.0,,-1101.0,161.0,81.0,-218.0,-751.0
-358.0,-755.0,657.0,-66.0,,-1398.0,241.0,-158.0,-315.0,-669.0
-345.0,-1255.0,598.0,-47.0,,-1362.0,205.0,-308.0,-497.0,-536.0
-327.0,-2227.0,531.0,-43.0,,-1210.0,210.0,-279.0,-779.0,-426.0
-267.0,-223.0,509.0,-113.0,,-692.0,256.0,-20.0,-941.0,-326.0
-160.0,-529.0,476.0,-247.0,,-1530.0,300.0,456.0,-915.0,-151.0
-123.0,-1886.0,428.0,-480.0,,-1742.0,336.0,700.0,-834.0,-46.0
-138.0,-870.0,349.0,-675.0,,-1836.0,402.0,853.0,-1049.0,32.0
-138.0,-497.0,307.0,-810.0,,-1239.0,505.0,670.0,-1098.0,122.0
-142.0,-1659.0,249.0,-980.0,,-822.0,571.0,347.0,-748.0,195.0
-170.0,-2107.0,225.0,-1117.0,,-1431.0,579.0,-92.0,-722.0,280.0
-202.0,-1448.0,228.0,-1162.0,,-1266.0,573.0,-532.0,-859.0,327.0
-304.0,-2064.0,240.0,-974.0,,-869.0,547.0,-393.0,-793.0,353.0
-397.0,-1888.0,302.0,-740.0,,160.0,471.0,-171.0,-736.0,269.0
-484.0,315.0,305.0,-647.0,,-252.0,382.0,24.0,-490.0,104.0
-554.0,1555.0,312.0,-617.0,,-1056.0,340.0,-33.0,-296.0,-31.0
-608.0,857.0,292.0,-675.0,,-1336.0,327.0,25.0,-446.0,-168.0
-593.0,1415.0,311.0,-640.0,,-1289.0,289.0,484.0,-750.0,-335.0
-527.0,2507.0,277.0,-389.0,,-584.0,247.0,907.0,-910.0,-468.0
-534.0,946.0,226.0,-151.0,,-1005.0,160.0,1391.0,-767.0,-517.0
-537.0,-596.0,152.0,-42.0,,-1273.0,36.0,1300.0,-663.0,-591.0
-545.0,-655.0,58.0,24.0,,-1708.0,-42.0,851.0,-605.0,-694.0
-522.0,-123.0,6.0,-34.0,,-1174.0,-81.0,406.0,-575.0,-680.0
-484.0,-841.0,-140.0,-188.0,,-388.0,-74.0,266.0,-419.0,-576.0
-461.0,-1978.0,-145.0,-287.0,,-832.0,-79.0,600.0,-285.0,-494.0
-454.0,-759.0,-145.0,-358.0,,-1216.0,-49.0,716.0,-462.0,-402.0
-391.0,522.0,-217.0,-318.0,,-1512.0,5.0,567.0,-412.0,-240.0
-273.0,2302.0,-228.0,-201.0,,-444.0,17.0,88.0,-275.0,-139.0
-194.0,1863.0,-166.0,-68.0,,-228.0,68.0,-182.0,-352.0,-162.0
-198.0,-808.0,-112.0,-52.0,,-726.0,146.0,-266.0,-505.0,-94.0
-143.0,-1665.0,-75.0,-183.0,,-843.0,248.0,-312.0,-169.0,29.0
-40.0,-3141.0,-44.0,-214.0,,-741.0,290.0,22.0,263.0,66.0
-85.0,-2309.0,-99.0,-175.0,,-308.0,250.0,249.0,1.0,89.0
-128.0,-526.0,-60.0,-70.0,,-907.0,216.0,423.0,-20.0,155.0
-109.0,859.0,-21.0,84.0,,-742.0,213.0,297.0,368.0,214.0
-21.0,2229.0,22.0,213.0,,-648.0,296.0,5.0,844.0,172.0
-34.0,1502.0,106.0,417.0,,-265.0,395.0,-136.0,923.0,134.0
-50.0,1522.0,164.0,661.0,,141.0,415.0,-297.0,431.0,195.0
59.0,652.0,251.0,704.0,,-483.0,363.0,-60.0,320.0,181.0
155.0,-1010.0,288.0,623.0,,-478.0,314.0,194.0,389.0,172.0
219.0,-692.0,370.0,618.0,,-697.0,309.0,393.0,371.0,315.0
233.0,849.0,465.0,704.0,,8.0,358.0,399.0,543.0,459.0
302.0,966.0,549.0,861.0,,159.0,398.0,48.0,578.0,507.0
332.0,773.0,556.0,911.0,,-529.0,425.0,-136.0,354.0,576.0
344.0,1077.0,555.0,903.0,,-861.0,512.0,-413.0,302.0,744.0
285.0,-255.0,613.0,975.0,,-947.0,571.0,-491.0,394.0,815.0
279.0,-706.0,624.0,989.0,,-23.0,579.0,-158.0,442.0,812.0
360.0,-1043.0,660.0,757.0,,-448.0,560.0,506.0,356.0,886.0
366.0,-1547.0,554.0,526.0,,-881.0,552.0,1337.0,177.0,940.0
357.0,550.0,555.0,489.0,,-980.0,602.0,1709.0,420.0,840.0
333.0,2584.0,590.0,476.0,,-565.0,637.0,1568.0,606.0,684.0
373.0,2678.0,479.0,498.0,,-58.0,647.0,820.0,468.0,606.0
370.0,1359.0,445.0,579.0,,-915.0,628.0,20.0,407.0,497.0
342.0,-289.0,409.0,666.0,,-667.0,624.0,-509.0,-28.0,473.0
313.0,-1597.0,462.0,696.0,,-641.0,663.0,-667.0,-337.0,586.0
340.0,-2869.0,464.0,645.0,,27.0,605.0,-395.0,-173.0,720.0
389.0,-2323.0,455.0,636.0,,338.0,492.0,-273.0,-257.0,848.0
366.0,-1890.0,508.0,747.0,,-305.0,409.0,57.0,-345.0,997.0
355.0,-2725.0,569.0,756.0,,-135.0,332.0,367.0,-597.0,1163.0
379.0,-2947.0,580.0,611.0,,-417.0,370.0,604.0,-943.0,1218.0
436.0,-1733.0,562.0,584.0,,191.0,471.0,833.0,-818.0,1187.0
388.0,153.0,685.0,730.0,,-148.0,526.0,907.0,-868.0,1115.0
348.0,-969.0,713.0,815.0,,-594.0,598.0,1182.0,-1338.0,1028.0
378.0,-1570.0,755.0,697.0,,-774.0,630.0,934.0,-1493.0,909.0
329.0,189.0,784.0,504.0,,-959.0,609.0,260.0,-1186.0,729.0
178.0,664.0,748.0,364.0,,-328.0,569.0,-526.0,-972.0,501.0
72.0,1673.0,845.0,337.0,,-1018.0,466.0,-910.0,-853.0,202.0
44.0,3275.0,817.0,417.0,,-931.0,353.0,-419.0,-852.0,-127.0
-47.0,4652.0,768.0,407.0,,-782.0,239.0,177.0,-1039.0,-362.0
-203.0,4893.0,770.0,257.0,,-276.0,45.0,639.0,-813.0,-533.0
-289.0,3503.0,727.0,136.0,,47.0,-110.0,578.0,-250.0,-746.0
-333.0,2770.0,701.0,8.0,,-519.0,-166.0,417.0,69.0,-908.0
-357.0,680.0,612.0,-123.0,,-614.0,-190.0,223.0,-231.0,-1013.0
-367.0,-788.0,514.0,-134.0,,-1323.0,-169.0,-208.0,-796.0,-1066.0
-379.0,920.0,458.0,28.0,,-895.0,-118.0,-339.0,-555.0,-1058.0
-292.0,1108.0,385.0,149.0,,-820.0,-35.0,-587.0,-62.0,-992.0
-180.0,629.0,234.0,78.0,,-1005.0,67.0,-668.0,-186.0,-840.0
-112.0,989.0,145.0,-16.0,,-1272.0,207.0,-504.0,-438.0,-684.0
-104.0,226.0,130.0,-85.0,,-1143.0,352.0,-75.0,-398.0,-549.0
10.0,-1023.0,55.0,-76.0,,-203.0,426.0,506.0,-229.0,-380.0
146.0,-2292.0,-3.0,-13.0,,-473.0,448.0,801.0,-148.0,-207.0
190.0,-3381.0,-34.0,4.0,,-476.0,412.0,1206.0,131.0,-108.0
245.0,-3108.0,-15.0,-52.0,,-928.0,314.0,1315.0,216.0,-37.0
294.0,-1463.0,14.0,-191.0,,-317.0,246.0,1178.0,98.0,45.0
352.0,46.0,10.0,-380.0,,95.0,242.0,672.0,332.0,78.0
315.0,561.0,42.0,-555.0,,-390.0,166.0,-101.0,618.0,63.0
269.0,-105.0,152.0,-795.0,,-532.0,66.0,-400.0,722.0,78.0
178.0,-450.0,266.0,-1072.0,,-1045.0,24.0,-443.0,438.0,83.0
116.0,-293.0,265.0,-1205.0,,-413.0,61.0,-173.0,246.0,27.0
70.0,-1791.0,376.0,-1242.0,,-415.0,123.0,-169.0,573.0,-28.0
-73.0,-2603.0,516.0,-1147.0,,-338.0,153.0,-245.0,632.0,-94.0
-178.0,-1839.0,542.0,-924.0,,-492.0,220.0,31.0,598.0,-150.0
-201.0,-1502.0,591.0,-740.0,,-410.0,224.0,419.0,709.0,-190.0
-99.0,-1066.0,602.0,-664.0,,114.0,185.0,1010.0,540.0,-185.0
-102.0,-657.0,636.0,-597.0,,-133.0,190.0,999.0,595.0,-145.0
-136.0,-1472.0,690.0,-546.0,,258.0,140.0,559.0,757.0,-120.0
-107.0,-1636.0,690.0,-498.0,,-25.0,40.0,90.0,658.0,-107.0
-117.0,-124.0,665.0,-428.0,,285.0,2.0,-131.0,242.0,-185.0
-200.0,-178.0,719.0,-325.0,,542.0,17.0,-11.0,-191.0,-282.0
-319.0,559.0,714.0,-148.0,,662.0,5.0,-20.0,-153.0,-392.0
-377.0,756.0,664.0,-56.0,,753.0,-26.0,157.0,-156.0,-473.0
-483.0,-1508.0,690.0,75.0,,407.0,-42.0,199.0,-285.0,-484.0
-568.0,-831.0,694.0,274.0,,936.0,-70.0,476.0,-450.0,-532.0
-627.0,260.0,691.0,489.0,,709.0,-164.0,896.0,-471.0,-548.0
-688.0,-1204.0,639.0,685.0,,701.0,-238.0,794.0,-278.0,-480.0
-743.0,-1654.0,584.0,756.0,,327.0,-217.0,548.0,-151.0,-335.0
-814.0,-1041.0,580.0,802.0,,277.0,-171.0,177.0,-105.0,-227.0
-888.0,-2421.0,627.0,775.0,,598.0,-143.0,312.0,-296.0,-88.0
-950.0,-2500.0,573.0,712.0,,628.0,-153.0,715.0,-423.0,88.0
-907.0,-590.0,530.0,719.0,,1016.0,-170.0,982.0,-142.0,220.0
-887.0,313.0,582.0,900.0,,280.0,-204.0,1119.0,372.0,389.0
-877.0,1266.0,553.0,1094.0,,519.0,-241.0,1055.0,350.0,507.0
-834.0,1889.0,554.0,1058.0,,601.0,-229.0,1215.0,-92.0,538.0
-841.0,2471.0,479.0,910.0,,773.0,-295.0,1058.0,-91.0,542.0
-816.0,2409.0,458.0,800.0,,878.0,-425.0,859.0,53.0,613.0
-736.0,485.0,482.0,851.0,,292.0,-580.0,809.0,68.0,626.0
-641.0,-90.0,324.0,816.0,,455.0,-761.0,750.0,-160.0,523.0
-604.0,794.0,235.0,614.0,,-15.0,-849.0,809.0,-275.0,463.0
-532.0,25.0,205.0,398.0,,813.0,-899.0,580.0,-180.0,461.0
-419.0,64.0,164.0,252.0,,1050.0,-905.0,458.0,-256.0,459.0
-323.0,476.0,90.0,192.0,,847.0,-850.0,417.0,-208.0,421.0
-246.0,-467.0,-16.0,52.0,,584.0,-835.0,532.0,-263.0,429.0
-196.0,-1299.0,-68.0,17.0,,1.0,-746.0,703.0,-330.0,431.0
-135.0,-1675.0,-90.0,48.0,,849.0,-598.0,576.0,-549.0,435.0
-97.0,-801.0,-101.0,-41.0,,628.0,-485.0,334.0,-733.0,490.0
-59.0,661.0,-180.0,-147.0,,1030.0,-369.0,-266.0,-451.0,573.0
-66.0,2193.0,-137.0,-303.0,,1046.0,-291.0,-633.0,-769.0,631.0
-45.0,3398.0,-69.0,-513.0,,1120.0,-234.0,-633.0,-1239.0,632.0
2.0,4804.0,-126.0,-637.0,,1332.0,-242.0,-432.0,-1182.0,684.0
43.0,5629.0,-145.0,-650.0,,423.0,-339.0,-205.0,-1101.0,702.0
81.0,4438.0,-163.0,-618.0,,932.0,-459.0,-460.0,-766.0,692.0
100.0,2816.0,-89.0,-505.0,,707.0,-581.0,-561.0,-475.0,736.0
132.0,1623.0,-73.0,-373.0,,841.0,-652.0,-404.0,-574.0,834.0
121.0,-672.0,-106.0,-248.0,,688.0,-662.0,60.0,-551.0,983.0
177.0,-2305.0,16.0,-148.0,,588.0,-661.0,493.0,-346.0,1095.0
180.0,-2440.0,148.0,-134.0,,1047.0,-684.0,384.0,12.0,1171.0
153.0,-3943.0,289.0,-177.0,,479.0,-691.0,225.0,340.0,1178.0
172.0,-4370.0,406.0,-239.0,,1001.0,-663.0,20.0,260.0,1165.0
205.0,-3842.0,537.0,-221.0,,772.0,-638.0,-22.0,123.0,1116.0
235.0,-2702.0,725.0,-107.0,,1150.0,-600.0,-221.0,221.0,1012.0
218.0,-2481.0,836.0,-67.0,,1032.0,-529.0,-561.0,443.0,938.0
266.0,-2356.0,898.0,-123.0,,569.0,-451.0,-620.0,376.0,843.0
274.0,519.0,927.0,-108.0,,1155.0,-409.0,-606.0,29.0,759.0
283.0,1213.0,1022.0,-26.0,,749.0,-422.0,-369.0,-83.0,707.0
252.0,2330.0,1056.0,87.0,,1237.0,-445.0,-349.0,-112.0,692.0
252.0,3681.0,993.0,113.0,,748.0,-408.0,-410.0,-103.0,715.0
298.0,4122.0,971.0,-19.0,,888.0,-378.0,-399.0,-129.0,756.0
308.0,4806.0,928.0,-191.0,,1111.0,-342.0,-290.0,-510.0,809.0
337.0,3425.0,848.0,-297.0,,835.0,-243.0,64.0,-855.0,861.0
310.0,2153.0,660.0,-231.0,,1326.0,-173.0,136.0,-927.0,869.0
333.0,1166.0,602.0,-224.0,,857.0,-144.0,208.0,-754.0,874.0
357.0,850.0,547.0,-342.0,,1097.0,-153.0,173.0,-500.0,900.0
394.0,313.0,400.0,-401.0,,617.0,-192.0,221.0,-489.0,821.0
388.0,151.0,333.0,-485.0,,766.0,-199.0,345.0,-530.0,708.0
378.0,-648.0,205.0,-556.0,,699.0,-182.0,153.0,-285.0,595.0
444.0,-2244.0,183.0,-562.0,,315.0,-160.0,27.0,31.0,422.0
463.0,-1896.0,153.0,-465.0,,516.0,-178.0,-382.0,-181.0,218.0
461.0,-2171.0,36.0,-379.0,,89.0,-267.0,-659.0,-416.0,29.0
439.0,-1929.0,8.0,-349.0,,866.0,-316.0,-800.0,-519.0,-168.0
472.0,-2324.0,33.0,-273.0,,809.0,-306.0,-909.0,-872.0,-339.0
468.0,-2606.0,91.0,-228.0,,1095.0,-294.0,-519.0,-873.0,-399.0
369.0,-417.0,71.0,-120.0,,885.0,-240.0,-153.0,-803.0,-440.0
236.0,974.0,87.0,78.0,,512.0,-268.0,240.0,-811.0,-474.0
173.0,1270.0,203.0,217.0,,1004.0,-374.0,380.0,-804.0,-454.0
188.0,1687.0,289.0,229.0,,711.0,-462.0,360.0,-776.0,-397.0
146.0,2448.0,350.0,124.0,,808.0,-559.0,448.0,-420.0,-364.0
90.0,1396.0,410.0,-95.0,,235.0,-607.0,352.0,-176.0,-284.0
91.0,736.0,502.0,-314.0,,515.0,-677.0,291.0,-255.0,-170.0
114.0,1466.0,599.0,-483.0,,532.0,-813.0,16.0,-482.0,-127.0
72.0,483.0,666.0,-632.0,,550.0,-966.0,-107.0,-218.0,-53.0
-9.0,298.0,726.0,-615.0,,717.0,-1055.0,-33.0,172.0,104.0
-60.0,431.0,866.0,-470.0,,391.0,-1017.0,25.0,-126.0,216.0
-75.0,-991.0,1010.0,-256.0,,896.0,-951.0,145.0,-190.0,208.0
-145.0,-2608.0,1035.0,-7.0,,508.0,-892.0,24.0,-123.0,147.0
-228.0,-2732.0,1068.0,48.0,,697.0,-814.0,-77.0,-273.0,19.0
-282.0,-1761.0,1140.0,-73.0,,418.0,-754.0,-362.0,270.0,-212.0
-356.0,-1434.0,1160.0,-219.0,,534.0,-724.0,-465.0,514.0,-546.0
-470.0,-1283.0,1156.0,-328.0,,855.0,-702.0,-290.0,-147.0,-798.0
-562.0,-1447.0,1082.0,-246.0,,520.0,-708.0,-253.0,-79.0,-914.0
-611.0,-864.0,1063.0,-124.0,,747.0,-712.0,-240.0,442.0,-1020.0
-668.0,-383.0,1120.0,-108.0,,313.0,-710.0,-609.0,423.0,-1035.0
-630.0,538.0,1079.0,-113.0,,772.0,-706.0,-809.0,319.0,-944.0
-571.0,1631.0,1047.0,-111.0,,738.0,-688.0,-761.0,298.0,-801.0
-507.0,194.0,1054.0,-114.0,,1048.0,-685.0,-489.0,362.0,-647.0
-422.0,362.0,1073.0,-193.0,,954.0,-667.0,72.0,565.0,-400.0
-382.0,1726.0,1008.0,-258.0,,265.0,-657.0,269.0,801.0,-59.0
-316.0,1691.0,930.0,-245.0,,518.0,-678.0,229.0,868.0,173.0
-219.0,1101.0,873.0,-221.0,,243.0,-647.0,-138.0,524.0,299.0
-112.0,506.0,862.0,-248.0,,886.0,-613.0,-341.0,585.0,430.0
-74.0,326.0,857.0,-321.0,,707.0,-712.0,-184.0,1150.0,538.0
10.0,911.0,729.0,-379.0,,951.0,-877.0,35.0,1181.0,488.0
133.0,1868.0,717.0,-414.0,,1216.0,-958.0,269.0,1076.0,406.0
216.0,805.0,738.0,-480.0,,1075.0,-906.0,42.0,1018.0,337.0
293.0,-564.0,667.0,-635.0,,1292.0,-822.0,-179.0,856.0,214.0
357.0,-544.0,605.0,-693.0,,390.0,-755.0,-254.0,945.0,168.0
482.0,-544.0,619.0,-551.0,,712.0,-588.0,-129.0,1060.0,190.0
572.0,-540.0,671.0,-281.0,,515.0,-405.0,66.0,682.0,210.0
569.0,667.0,692.0,-59.0,,779.0,-285.0,-36.0,518.0,227.0
540.0,899.0,704.0,-109.0,,657.0,-185.0,-86.0,615.0,335.0
580.0,144.0,700.0,-303.0,,77.0,-127.0,-315.0,230.0,507.0
628.0,-68.0,703.0,-342.0,,947.0,-140.0,-415.0,353.0,629.0
578.0,-1079.0,686.0,-131.0,,944.0,-204.0,-513.0,442.0,768.0
565.0,-1216.0,646.0,64.0,,1525.0,-237.0,-604.0,-149.0,995.0
586.0,-2182.0,636.0,242.0,,1083.0,-260.0,-319.0,-145.0,1221.0
573.0,-2293.0,666.0,439.0,,1153.0,-333.0,-90.0,181.0,1328.0
551.0,-829.0,624.0,625.0,,1444.0,-406.0,380.0,-77.0,1431.0
502.0,-1122.0,535.0,889.0,,851.0,-419.0,637.0,-138.0,1539.0
458.0,-1057.0,494.0,1076.0,,1027.0,-420.0,565.0,-162.0,1529.0
431.0,-723.0,496.0,1221.0,,175.0,-417.0,432.0,-458.0,1430.0
342.0,157.0,519.0,1207.0,,434.0,-414.0,218.0,-272.0,1246.0
171.0,222.0,502.0,1022.0,,227.0,-406.0,219.0,-407.0,986.0
22.0,-433.0,497.0,782.0,,190.0,-365.0,-44.0,-675.0,715.0
-49.0,-820.0,567.0,468.0,,285.0,-379.0,-395.0,-789.0,573.0
-146.0,-588.0,639.0,193.0,,-435.0,-402.0,-764.0,-887.0,557.0
-257.0,965.0,664.0,2.0,,531.0,-368.0,-995.0,-772.0,539.0
-341.0,772.0,722.0,-58.0,,505.0,-316.0,-892.0,-611.0,580.0
-400.0,604.0,741.0,-113.0,,755.0,-223.0,-776.0,-440.0,687.0
-427.0,-507.0,785.0,-121.0,,442.0,-121.0,-458.0,-938.0,838.0
-454.0,-1428.0,781.0,-141.0,,101.0,-77.0,-399.0,-948.0,929.0
-467.0,145.0,694.0,-225.0,,786.0,-108.0,-491.0,-322.0,944.0
-486.0,419.0,741.0,-287.0,,409.0,-121.0,-654.0,-357.0,950.0
-495.0,589.0,700.0,-448.0,,855.0,-95.0,-901.0,-444.0,794.0
-494.0,1015.0,584.0,-512.0,,571.0,-74.0,-872.0,-481.0,594.0
-439.0,1835.0,572.0,-492.0,,766.0,-15.0,-909.0,-621.0,459.0
-377.0,2342.0,558.0,-474.0,,868.0,90.0,-807.0,-517.0,301.0
-317.0,2501.0,509.0,-326.0,,473.0,116.0,-890.0,-190.0,150.0
-193.0,2421.0,447.0,-156.0,,656.0,40.0,-1019.0,-256.0,70.0
-92.0,2331.0,367.0,-136.0,,142.0,10.0,-812.0,-591.0,28.0
5.0,3116.0,318.0,-208.0,,565.0,-35.0,-628.0,-694.0,-108.0
89.0,1795.0,337.0,-236.0,,239.0,-87.0,-382.0,-409.0,-227.0
159.0,1452.0,320.0,-195.0,,353.0,-93.0,-388.0,-37.0,-293.0
183.0,1550.0,312.0,-48.0,,375.0,-130.0,-347.0,-322.0,-481.0
197.0,945.0,374.0,-13.0,,343.0,-229.0,-378.0,-695.0,-725.0
210.0,1295.0,427.0,-180.0,,1331.0,-355.0,-493.0,-657.0,-905.0
213.0,13.0,475.0,-457.0,,1024.0,-366.0,-369.0,-270.0,-1034.0
320.0,-1243.0,522.0,-757.0,,1136.0,-381.0,-480.0,91.0,-1101.0
414.0,-1054.0,562.0,-975.0,,486.0,-383.0,-522.0,61.0,-1020.0
478.0,-1056.0,633.0,-1163.0,,632.0,-335.0,-683.0,-123.0,-838.0
527.0,-2645.0,700.0,-1277.0,,825.0,-308.0,-772.0,-267.0,-667.0
650.0,-3301.0,701.0,-1392.0,,68.0,-252.0,-739.0,-111.0,-523.0
752.0,-2945.0,779.0,-1483.0,,281.0,-297.0,-910.0,-32.0,-439.0
700.0,-3498.0,895.0,-1363.0,,-13.0,-367.0,-840.0,-238.0,-459.0
691.0,-3516.0,873.0,-1110.0,,703.0,-359.0,-801.0,-549.0,-613.0
725.0,-2457.0,829.0,-1027.0,,512.0,-296.0,-526.0,-625.0,-769.0
771.0,-585.0,822.0,-1021.0,,383.0,-233.0,-177.0,-276.0,-846.0
696.0,29.0,816.0,-842.0,,269.0,-211.0,3.0,-122.0,-880.0
537.0,-602.0,802.0,-683.0,,-217.0,-244.0,116.0,-530.0,-860.0
398.0,-107.0,754.0,-515.0,,605.0,-331.0,-110.0,-708.0,-826.0
304.0,878.0,702.0,-347.0,,212.0,-349.0,-277.0,-292.0,-790.0
209.0,432.0,728.0,-314.0,,308.0,-292.0,-487.0,-34.0,-737.0
7.0,228.0,693.0,-370.0,,-195.0,-199.0,-460.0,120.0,-666.0
-100.0,1467.0,601.0,-501.0,,95.0,-134.0,-260.0,33.0,-628.0
-170.0,1736.0,576.0,-624.0,,1028.0,-93.0,-149.0,-161.0,-623.0
-218.0,539.0,479.0,-754.0,,717.0,-93.0,-51.0,5.0,-540.0
-273.0,636.0,375.0,-854.0,,836.0,-163.0,-299.0,245.0,-426.0
-343.0,1080.0,248.0,-871.0,,217.0,-143.0,-454.0,438.0,-374.0
-316.0,-933.0,166.0,-920.0,,961.0,-63.0,-676.0,487.0,-339.0
-290.0,-1702.0,128.0,-883.0,,691.0,35.0,-776.0,232.0,-299.0
-243.0,-645.0,14.0,-740.0,,-18.0,84.0,-611.0,-81.0,-219.0
-218.0,-535.0,-40.0,-650.0,,-12.0,59.0,-502.0,133.0,-130.0
-124.0,-411.0,-82.0,-559.0,,-202.0,103.0,-238.0,389.0,5.0
-17.0,745.0,-82.0,-425.0,,824.0,96.0,-227.0,321.0,190.0
15.0,1832.0,-102.0,-213.0,,517.0,35.0,-97.0,307.0,327.0
34.0,1785.0,-78.0,30.0,,527.0,-28.0,27.0,373.0,524.0
96.0,1829.0,-28.0,140.0,,180.0,-149.0,-84.0,322.0,775.0
205.0,1174.0,-2.0,229.0,,411.0,-283.0,-169.0,181.0,923.0
194.0,1456.0,117.0,233.0,,869.0,-398.0,-491.0,79.0,870.0
179.0,1928.0,167.0,91.0,,266.0,-405.0,-530.0,-35.0,835.0
193.0,261.0,263.0,92.0,,213.0,-334.0,-524.0,122.0,778.0
232.0,-11.0,386.0,87.0,,-577.0,-233.0,-478.0,282.0,542.0
220.0,-153.0,441.0,9.0,,121.0,-87.0,-236.0,171.0,394.0
209.0,-1481.0,491.0,133.0,,-204.0,67.0,-18.0,237.0,298.0
214.0,-2952.0,514.0,342.0,,-634.0,201.0,352.0,375.0,172.0
183.0,-3539.0,532.0,504.0,,-584.0,306.0,417.0,426.0,118.0
193.0,-4047.0,585.0,712.0,,-669.0,408.0,508.0,743.0,175.0
178.0,-4373.0,651.0,868.0,,261.0,468.0,458.0,686.0,142.0
230.0,-3238.0,657.0,936.0,,-605.0,445.0,199.0,552.0,-31.0
224.0,-2483.0,713.0,1017.0,,-336.0,363.0,94.0,624.0,-158.0
233.0,-1156.0,784.0,1128.0,,-348.0,273.0,-88.0,431.0,-361.0
234.0,-433.0,778.0,1257.0,,22.0,198.0,27.0,705.0,-678.0
238.0,1252.0,800.0,1285.0,,281.0,143.0,-16.0,605.0,-955.0
291.0,2916.0,855.0,1261.0,,-486.0,123.0,-203.0,448.0,-1068.0
234.0,2723.0,875.0,1299.0,,-38.0,48.0,-415.0,454.0,-1100.0
226.0,4028.0,868.0,1313.0,,-479.0,-28.0,-722.0,83.0,-1140.0
238.0,5057.0,882.0,1235.0,,487.0,-14.0,-833.0,278.0,-1137.0
243.0,4937.0,920.0,1086.0,,512.0,14.0,-964.0,588.0,-1099.0
210.0,3159.0,951.0,898.0,,509.0,66.0,-718.0,767.0,-1049.0
212.0,1369.0,916.0,730.0,,524.0,135.0,-356.0,483.0,-987.0
216.0,-276.0,886.0,632.0,,-18.0,204.0,7.0,413.0,-811.0
194.0,-2175.0,857.0,519.0,,853.0,311.0,363.0,981.0,-635.0
176.0,-2093.0,777.0,488.0,,142.0,425.0,413.0,1074.0,-510.0
139.0,-2128.0,744.0,469.0,,94.0,496.0,439.0,1007.0,-327.0
147.0,-1814.0,625.0,414.0,,-625.0,501.0,160.0,871.0,-119.0
158.0,-789.0,517.0,532.0,,-454.0,504.0,-107.0,724.0,37.0
128.0,-671.0,474.0,624.0,,138.0,546.0,-395.0,647.0,51.0
46.0,26.0,333.0,697.0,,-458.0,576.0,-798.0,710.0,26.0
65.0,-238.0,209.0,770.0,,-358.0,581.0,-988.0,652.0,30.0
114.0,-1162.0,130.0,752.0,,-1047.0,577.0,-1101.0,6.0,77.0
98.0,111.0,86.0,672.0,,14.0,548.0,-814.0,-330.0,195.0
9.0,91.0,40.0,498.0,,183.0,481.0,-491.0,-350.0,377.0
-33.0,-923.0,-25.0,355.0,,325.0,457.0,-127.0,-594.0,546.0
-30.0,-1170.0,-49.0,280.0,,207.0,421.0,92.0,-885.0,685.0
-113.0,-1382.0,-40.0,339.0,,-405.0,345.0,-97.0,-1263.0,877.0
-224.0,-1389.0,-12.0,480.0,,789.0,340.0,-48.0,-1414.0,976.0
-293.0,-2133.0,32.0,542.0,,488.0,356.0,-48.0,-1282.0,883.0
-256.0,-2191.0,29.0,467.0,,972.0,416.0,129.0,-1335.0,695.0
-267.0,-2671.0,87.0,356.0,,499.0,467.0,369.0,-1052.0,600.0
-300.0,-2478.0,157.0,139.0,,490.0,464.0,513.0,-978.0,463.0
-323.0,-198.0,107.0,-304.0,,1116.0,459.0,646.0,-1478.0,276.0
-280.0,270.0,133.0,-583.0,,341.0,395.0,330.0,-770.0,183.0
-215.0,807.0,157.0,-591.0,,393.0,333.0,46.0,-166.0,32.0
-222.0,2091.0,179.0,-500.0,,-609.0,255.0,-249.0,-721.0,-79.0
-213.0,3144.0,154.0,-395.0,,137.0,197.0,-249.0,-918.0,-152.0
-177.0,3336.0,116.0,-273.0,,548.0,194.0,20.0,-741.0,-230.0
-68.0,2569.0,136.0,-70.0,,484.0,193.0,142.0,-554.0,-340.0
-18.0,2491.0,87.0,146.0,,581.0,206.0,194.0,-724.0,-383.0
30.0,695.0,108.0,422.0,,-121.0,220.0,-192.0,-889.0,-333.0
129.0,765.0,115.0,655.0,,811.0,196.0,-530.0,-884.0,-421.0
207.0,1157.0,198.0,643.0,,160.0,220.0,-776.0,-781.0,-534.0
247.0,-218.0,352.0,387.0,,123.0,353.0,-705.0,-551.0,-612.0
240.0,-575.0,401.0,13.0,,-317.0,409.0,-247.0,-238.0,-632.0
208.0,-1387.0,502.0,-314.0,,-703.0,373.0,144.0,51.0,-695.0
177.0,-1497.0,655.0,-546.0,,-30.0,334.0,426.0,-322.0,-753.0
169.0,-2587.0,796.0,-630.0,,-634.0,320.0,144.0,-300.0,-726.0
110.0,-2542.0,895.0,-579.0,,106.0,280.0,-3.0,344.0,-721.0
57.0,-736.0,922.0,-516.0,,-240.0,213.0,107.0,390.0,-685.0
37.0,490.0,1005.0,-596.0,,345.0,225.0,210.0,142.0,-621.0
33.0,669.0,1009.0,-834.0,,852.0,242.0,378.0,164.0,-555.0
31.0,803.0,949.0,-1002.0,,784.0,213.0,279.0,313.0,-576.0
21.0,2457.0,927.0,-1073.0,,1448.0,193.0,214.0,742.0,-604.0
90.0,3219.0,814.0,-979.0,,421.0,217.0,-38.0,1066.0,-671.0
203.0,1931.0,789.0,-676.0,,774.0,212.0,-18.0,749.0,-795.0
322.0,-387.0,722.0,-382.0,,411.0,232.0,508.0,744.0,-920.0
411.0,-863.0,622.0,-94.0,,515.0,289.0,1069.0,675.0,-925.0
438.0,-1371.0,598.0,130.0,,428.0,259.0,1529.0,504.0,-784.0
536.0,-2592.0,541.0,319.0,,-295.0,187.0,1293.0,946.0,-751.0
647.0,-2843.0,465.0,400.0,,446.0,148.0,785.0,662.0,-716.0
712.0,-1949.0,365.0,232.0,,-161.0,127.0,110.0,124.0,-632.0
745.0,-1180.0,335.0,-8.0,,296.0,33.0,-437.0,225.0,-631.0
777.0,-1166.0,347.0,-351.0,,-44.0,-94.0,-238.0,174.0,-747.0
797.0,-405.0,345.0,-653.0,,-128.0,-212.0,195.0,252.0,-819.0
778.0,-510.0,327.0,-779.0,,91.0,-280.0,561.0,301.0,-837.0
732.0,-150.0,338.0,-797.0,,-389.0,-281.0,469.0,0.0,-896.0
623.0,1182.0,398.0,-809.0,,179.0,-230.0,208.0,-32.0,-856.0
557.0,1977.0,430.0,-885.0,,-548.0,-98.0,-97.0,242.0,-710.0
456.0,2024.0,456.0,-871.0,,-41.0,31.0,-445.0,349.0,-525.0
323.0,1934.0,473.0,-755.0,,51.0,149.0,-315.0,141.0,-445.0
208.0,1664.0,488.0,-622.0,,347.0,215.0,-7.0,35.0,-343.0
130.0,1332.0,485.0,-387.0,,399.0,251.0,352.0,77.0,-99.0
70.0,544.0,454.0,-29.0,,-95.0,292.0,467.0,231.0,105.0
-46.0,-829.0,419.0,231.0,,835.0,275.0,635.0,265.0,297.0
-144.0,-922.0,371.0,377.0,,108.0,238.0,940.0,154.0,531.0
-269.0,-1468.0,337.0,522.0,,106.0,177.0,816.0,305.0,787.0
-396.0,-2166.0,228.0,687.0,,-421.0,48.0,646.0,155.0,951.0
-533.0,-2765.0,160.0,861.0,,-249.0,-138.0,254.0,241.0,1031.0
-582.0,-2692.0,152.0,942.0,,147.0,-311.0,-81.0,561.0,1053.0
-630.0,-1303.0,105.0,982.0,,-379.0,-447.0,-90.0,106.0,873.0
-675.0,-495.0,63.0,1052.0,,69.0,-562.0,179.0,-2.0,617.0
-654.0,533.0,15.0,1131.0,,-715.0,-631.0,824.0,257.0,520.0
-660.0,982.0,-62.0,1198.0,,-214.0,-698.0,1084.0,30.0,514.0
-610.0,1476.0,-88.0,1205.0,,-146.0,-729.0,990.0,-80.0,435.0
-594.0,2279.0,-137.0,1270.0,,-169.0,-635.0,508.0,-9.0,512.0
-588.0,2216.0,-255.0,1505.0,,-247.0,-445.0,-375.0,-321.0,761.0
-570.0,2108.0,-211.0,1695.0,,-826.0,-232.0,-1269.0,-716.0,857.0
-497.0,1705.0,-283.0,1674.0,,-582.0,-27.0,-1540.0,-759.0,845.0
-466.0,1258.0,-340.0,1435.0,,-1213.0,149.0,-569.0,-918.0,913.0
-546.0,1244.0,-311.0,1068.0,,-819.0,266.0,687.0,-1104.0,1039.0
-527.0,1292.0,-302.0,758.0,,-1117.0,384.0,1644.0,-1242.0,1005.0
-450.0,461.0,-220.0,597.0,,-913.0,546.0,1768.0,-1202.0,982.0
-423.0,-392.0,-197.0,660.0,,-557.0,713.0,899.0,-711.0,1062.0
-450.0,-1488.0,-161.0,875.0,,-646.0,792.0,-299.0,-632.0,1018.0
-399.0,-2551.0,-92.0,940.0,,-337.0,704.0,-1507.0,-686.0,989.0
-290.0,-1832.0,-13.0,847.0,,-1009.0,528.0,-1991.0,-603.0,1029.0
-263.0,-1449.0,-3.0,806.0,,-716.0,322.0,-1895.0,-757.0,1037.0
-273.0,-1223.0,39.0,650.0,,-1217.0,87.0,-1123.0,-822.0,967.0
-230.0,401.0,77.0,348.0,,-879.0,-113.0,210.0,-847.0,961.0
-123.0,1650.0,143.0,145.0,,-809.0,-185.0,1186.0,-879.0,1065.0
-47.0,1769.0,180.0,114.0,,-1139.0,-172.0,1481.0,-1095.0,1089.0
-75.0,2252.0,159.0,190.0,,-463.0,-152.0,746.0,-1080.0,1071.0
-104.0,2353.0,239.0,227.0,,-874.0,-99.0,-216.0,-451.0,1043.0
-66.0,1730.0,274.0,314.0,,29.0,-26.0,-1005.0,-475.0,988.0
-3.0,1558.0,300.0,463.0,,38.0,53.0,-1443.0,-730.0,854.0
-23.0,1924.0,341.0,557.0,,247.0,113.0,-1213.0,-125.0,614.0
-66.0,1458.0,364.0,612.0,,200.0,81.0,-700.0,22.0,411.0
-20.0,-157.0,389.0,618.0,,-463.0,-33.0,199.0,-69.0,252.0
-6.0,-494.0,411.0,615.0,,74.0,-165.0,798.0,389.0,48.0
-27.0,-834.0,407.0,560.0,,-640.0,-281.0,1106.0,369.0,-110.0
-19.0,-1654.0,472.0,435.0,,-377.0,-345.0,986.0,0.0,-188.0
16.0,-1948.0,500.0,259.0,,-1109.0,-408.0,160.0,-161.0,-294.0
54.0,-1187.0,545.0,89.0,,-1393.0,-491.0,-556.0,-457.0,-413.0
118.0,20.0,618.0,-36.0,,-492.0,-491.0,-966.0,-446.0,-476.0
186.0,-91.0,635.0,-260.0,,-406.0,-388.0,-559.0,-363.0,-606.0
216.0,-144.0,745.0,-426.0,,272.0,-216.0,107.0,-757.0,-878.0
277.0,207.0,734.0,-404.0,,-447.0,-34.0,585.0,-645.0,-1059.0
302.0,536.0,718.0,-325.0,,17.0,124.0,960.0,-248.0,-1122.0
294.0,463.0,763.0,-237.0,,-11.0,269.0,868.0,-60.0,-1233.0
312.0,277.0,788.0,-198.0,,-156.0,348.0,679.0,-100.0,-1328.0
313.0,53.0,732.0,-192.0,,506.0,365.0,223.0,-281.0,-1317.0
295.0,-556.0,639.0,-125.0,,-423.0,363.0,-136.0,-173.0,-1273.0
267.0,-1141.0,603.0,-52.0,,-307.0,327.0,-299.0,126.0,-1212.0
256.0,-1275.0,535.0,-42.0,,-604.0,292.0,-413.0,415.0,-1037.0
270.0,-1111.0,523.0,13.0,,112.0,344.0,-62.0,306.0,-909.0
242.0,-767.0,456.0,160.0,,-16.0,366.0,465.0,114.0,-874.0
166.0,-1031.0,407.0,298.0,,-609.0,356.0,1005.0,21.0,-774.0
107.0,-1953.0,360.0,366.0,,-54.0,454.0,1116.0,386.0,-662.0
126.0,-1381.0,280.0,375.0,,-615.0,565.0,1160.0,705.0,-624.0
123.0,-1158.0,273.0,293.0,,563.0,634.0,1156.0,541.0,-632.0
38.0,-1072.0,186.0,123.0,,286.0,649.0,792.0,779.0,-622.0
0.0,-322.0,165.0,-72.0,,171.0,656.0,641.0,721.0,-603.0
-10.0,206.0,120.0,-276.0,,294.0,671.0,448.0,857.0,-604.0
-32.0,377.0,23.0,-388.0,,-286.0,660.0,559.0,1377.0,-641.0
-92.0,-75.0,68.0,-378.0,,499.0,664.0,637.0,1090.0,-636.0
-120.0,472.0,49.0,-389.0,,-256.0,631.0,517.0,868.0,-573.0
-110.0,521.0,58.0,-484.0,,-361.0,579.0,587.0,1108.0,-573.0
-144.0,0.0,117.0,-508.0,,-1209.0,555.0,393.0,866.0,-595.0
-168.0,228.0,156.0,-524.0,,-850.0,537.0,408.0,610.0,-652.0
-175.0,598.0,256.0,-727.0,,321.0,488.0,436.0,779.0,-741.0
-132.0,768.0,357.0,-894.0,,-281.0,445.0,443.0,850.0,-769.0
-142.0,1488.0,407.0,-975.0,,181.0,438.0,434.0,751.0,-737.0
-148.0,975.0,441.0,-1040.0,,-305.0,391.0,282.0,614.0,-617.0
-92.0,-560.0,508.0,-943.0,,380.0,317.0,232.0,815.0,-472.0
-29.0,210.0,508.0,-800.0,,564.0,193.0,-55.0,699.0,-300.0
65.0,19.0,584.0,-626.0,,25.0,76.0,-29.0,512.0,-45.0
93.0,-742.0,656.0,-444.0,,114.0,18.0,271.0,636.0,257.0
123.0,243.0,659.0,-320.0,,-383.0,-1.0,461.0,473.0,512.0
164.0,345.0,712.0,-238.0,,727.0,71.0,160.0,663.0,718.0
195.0,-319.0,694.0,-266.0,,565.0,118.0,-480.0,743.0,988.0
128.0,327.0,722.0,-290.0,,15.0,110.0,-580.0,409.0,1188.0
19.0,832.0,757.0,-194.0,,-506.0,82.0,-642.0,250.0,1286.0
-21.0,175.0,774.0,-58.0,,-463.0,21.0,-548.0,313.0,1366.0
-129.0,789.0,766.0,-86.0,,600.0,-1.0,-181.0,320.0,1363.0
-264.0,1827.0,695.0,-171.0,,499.0,56.0,145.0,-63.0,1233.0
-389.0,1919.0,648.0,-266.0,,402.0,174.0,275.0,-420.0,1056.0
-411.0,2350.0,559.0,-346.0,,-482.0,330.0,-25.0,-645.0,922.0
-433.0,2728.0,494.0,-220.0,,149.0,515.0,-334.0,-807.0,769.0
-416.0,2698.0,355.0,40.0,,771.0,631.0,-822.0,-1126.0,557.0
-358.0,2239.0,216.0,300.0,,515.0,692.0,-1130.0,-1371.0,420.0
-293.0,1516.0,155.0,460.0,,267.0,723.0,-914.0,-1022.0,432.0
-173.0,1239.0,63.0,511.0,,-812.0,690.0,-506.0,-1140.0,474.0
-142.0,153.0,27.0,557.0,,86.0,647.0,-31.0,-1064.0,503.0
-105.0,-459.0,-51.0,693.0,,592.0,615.0,114.0,-595.0,601.0
-99.0,-771.0,-68.0,719.0,,533.0,615.0,214.0,-865.0,749.0
-58.0,-932.0,-71.0,695.0,,-29.0,612.0,129.0,-770.0,767.0
-73.0,-482.0,-99.0,726.0,,-214.0,596.0,-212.0,-470.0,706.0
-149.0,-1214.0,-67.0,712.0,,586.0,579.0,-423.0,-403.0,673.0
-137.0,-685.0,-74.0,804.0,,470.0,529.0,-593.0,-294.0,616.0
-87.0,91.0,-52.0,889.0,,849.0,464.0,-419.0,-198.0,566.0
-71.0,-229.0,-67.0,886.0,,-124.0,386.0,-166.0,-138.0,545.0
-117.0,-411.0,-109.0,816.0,,-433.0,288.0,142.0,-50.0,573.0
-73.0,-590.0,-169.0,749.0,,-79.0,208.0,336.0,4.0,560.0
-37.0,-730.0,-223.0,653.0,,-25.0,176.0,29.0,-165.0,527.0
6.0,-957.0,-252.0,339.0,,184.0,162.0,-358.0,-177.0,569.0
27.0,-386.0,-313.0,23.0,,-779.0,107.0,-748.0,-485.0,608.0
34.0,248.0,-305.0,-133.0,,-221.0,41.0,-794.0,-741.0,546.0
65.0,-233.0,-301.0,-280.0,,212.0,51.0,-552.0,-531.0,469.0
92.0,-801.0,-299.0,-363.0,,260.0,105.0,66.0,-402.0,467.0
90.0,-128.0,-271.0,-287.0,,-598.0,241.0,796.0,-342.0,375.0
62.0,257.0,-235.0,-110.0,,-1459.0,441.0,868.0,-485.0,221.0
118.0,-276.0,-156.0,210.0,,-295.0,584.0,552.0,-498.0,127.0
104.0,344.0,-83.0,556.0,,-202.0,653.0,-258.0,-548.0,-23.0
68.0,1214.0,6.0,779.0,,-107.0,691.0,-918.0,-634.0,-312.0
59.0,847.0,56.0,927.0,,-669.0,751.0,-1031.0,-270.0,-596.0
50.0,42.0,197.0,970.0,,-492.0,768.0,-720.0,1.0,-809.0
-6.0,-14.0,360.0,965.0,,542.0,736.0,68.0,73.0,-1042.0
-57.0,250.0,444.0,964.0,,456.0,709.0,528.0,154.0,-1249.0
-79.0,-678.0,623.0,853.0,,418.0,670.0,809.0,531.0,-1354.0
-148.0,-827.0,735.0,612.0,,-644.0,620.0,783.0,700.0,-1424.0
-233.0,-94.0,844.0,266.0,,-295.0,532.0,497.0,334.0,-1511.0
-316.0,233.0,965.0,-125.0,,44.0,466.0,253.0,503.0,-1470.0
-369.0,-27.0,1066.0,-380.0,,-4.0,469.0,-177.0,603.0,-1346.0
-442.0,-909.0,1169.0,-467.0,,-70.0,459.0,-306.0,291.0,-1241.0
-430.0,22.0,1239.0,-389.0,,-1197.0,430.0,-306.0,319.0,-1112.0
-430.0,139.0,1261.0,-218.0,,-333.0,417.0,-188.0,214.0,-1014.0
-442.0,-776.0,1245.0,-96.0,,174.0,426.0,-138.0,-181.0,-890.0
-402.0,-95.0,1318.0,-32.0,,424.0,458.0,-25.0,-91.0,-708.0
-366.0,545.0,1326.0,-17.0,,-130.0,470.0,511.0,288.0,-543.0
-341.0,903.0,1339.0,-100.0,,-1039.0,464.0,761.0,-56.0,-451.0
-316.0,948.0,1331.0,-304.0,,-626.0,436.0,702.0,-481.0,-325.0
-255.0,741.0,1260.0,-447.0,,-955.0,310.0,221.0,-145.0,-151.0
-283.0,80.0,1249.0,-615.0,,-661.0,219.0,-51.0,-146.0,52.0
-300.0,-518.0,1192.0,-875.0,,-1187.0,211.0,112.0,-320.0,372.0
-251.0,-1417.0,1131.0,-1032.0,,-1088.0,113.0,225.0,0.0,608.0
-197.0,-1794.0,1117.0,-1144.0,,-705.0,23.0,452.0,-376.0,692.0
-149.0,-163.0,1078.0,-1135.0,,-828.0,-9.0,450.0,-322.0,802.0
-101.0,15.0,992.0,-1115.0,,18.0,-17.0,515.0,117.0,942.0
-72.0,-470.0,978.0,-1152.0,,-318.0,21.0,321.0,-141.0,1000.0
-37.0,491.0,914.0,-1006.0,,-6.0,43.0,-29.0,101.0,923.0
5.0,977.0,897.0,-830.0,,-202.0,90.0,7.0,-5.0,883.0
57.0,994.0,892.0,-842.0,,-185.0,87.0,-35.0,209.0,943.0
77.0,698.0,811.0,-954.0,,64.0,-14.0,81.0,391.0,861.0
114.0,496.0,804.0,-1043.0,,-406.0,-109.0,295.0,-240.0,778.0
198.0,187.0,771.0,-1100.0,,43.0,-204.0,698.0,148.0,736.0
154.0,-700.0,757.0,-1038.0,,-712.0,-299.0,894.0,128.0,662.0
150.0,-560.0,728.0,-921.0,,-436.0,-381.0,615.0,17.0,696.0
198.0,379.0,739.0,-888.0,,-459.0,-462.0,454.0,424.0,760.0
243.0,259.0,724.0,-889.0,,-1022.0,-475.0,323.0,368.0,758.0
220.0,-171.0,712.0,-855.0,,-687.0,-422.0,413.0,627.0,680.0
222.0,176.0,711.0,-747.0,,-1028.0,-299.0,363.0,615.0,725.0
294.0,123.0,659.0,-690.0,,-793.0,-99.0,230.0,575.0,761.0
270.0,-79.0,706.0,-718.0,,-1145.0,88.0,245.0,994.0,608.0
310.0,-85.0,685.0,-660.0,,-619.0,258.0,184.0,1056.0,401.0
311.0,17.0,633.0,-495.0,,-308.0,376.0,489.0,1037.0,254.0
251.0,294.0,600.0,-312.0,,-456.0,449.0,628.0,1324.0,179.0
200.0,100.0,521.0,-221.0,,11.0,436.0,692.0,1203.0,52.0
166.0,22.0,411.0,-273.0,,-623.0,347.0,726.0,1143.0,28.0
100.0,211.0,285.0,-237.0,,-75.0,290.0,539.0,1190.0,29.0
-16.0,-86.0,177.0,-65.0,,-12.0,232.0,552.0,951.0,-29.0
-78.0,-588.0,86.0,-17.0,,-291.0,199.0,437.0,993.0,11.0
-152.0,636.0,-58.0,34.0,,-195.0,160.0,585.0,557.0,69.0
-243.0,1539.0,-117.0,273.0,,-265.0,130.0,689.0,535.0,86.0
-339.0,687.0,-174.0,501.0,,400.0,134.0,548.0,701.0,42.0
-422.0,480.0,-264.0,690.0,,-25.0,107.0,288.0,113.0,3.0
-409.0,1050.0,-262.0,819.0,,-124.0,75.0,-203.0,-169.0,-15.0
-380.0,1788.0,-380.0,765.0,,-490.0,66.0,-367.0,-226.0,-155.0
-355.0,1272.0,-420.0,726.0,,-414.0,38.0,-537.0,-291.0,-405.0
-328.0,857.0,-406.0,703.0,,142.0,-22.0,-487.0,-393.0,-610.0
-297.0,698.0,-451.0,581.0,,-726.0,-93.0,-303.0,-190.0,-681.0
-221.0,234.0,-481.0,508.0,,-727.0,-188.0,-188.0,-418.0,-775.0
-220.0,20.0,-491.0,487.0,,-820.0,-263.0,-84.0,-1194.0,-970.0
-205.0,-749.0,-469.0,536.0,,-207.0,-285.0,-286.0,-1069.0,-1123.0
-136.0,-1005.0,-462.0,529.0,,-28.0,-272.0,-171.0,-740.0,-1243.0
-29.0,-1497.0,-451.0,407.0,,-772.0,-271.0,-33.0,-1134.0,-1413.0
37.0,-1673.0,-449.0,361.0,,-724.0,-258.0,55.0,-1082.0,-1558.0
72.0,-1582.0,-380.0,337.0,,-801.0,-247.0,12.0,-803.0,-1533.0
126.0,-1997.0,-351.0,379.0,,139.0,-253.0,-254.0,-993.0,-1518.0
115.0,-1815.0,-314.0,524.0,,-146.0,-288.0,-120.0,-818.0,-1519.0
169.0,-1174.0,-222.0,662.0,,-737.0,-352.0,-1.0,-492.0,-1317.0
195.0,-561.0,-138.0,671.0,,-792.0,-361.0,79.0,-465.0,-1114.0
176.0,-481.0,-95.0,623.0,,-685.0,-337.0,-118.0,-389.0,-1010.0
137.0,2.0,-114.0,560.0,,267.0,-246.0,-413.0,-118.0,-827.0
173.0,179.0,-63.0,368.0,,2.0,-134.0,-388.0,-193.0,-511.0
167.0,126.0,-65.0,272.0,,24.0,28.0,-400.0,-28.0,-242.0
122.0,199.0,-47.0,88.0,,-244.0,289.0,-151.0,72.0,14.0
147.0,-639.0,-8.0,-283.0,,-44.0,540.0,149.0,-383.0,374.0
48.0,-835.0,-3.0,-546.0,,490.0,772.0,532.0,-234.0,617.0
12.0,-500.0,70.0,-764.0,,240.0,920.0,657.0,-235.0,752.0
28.0,-194.0,138.0,-927.0,,484.0,961.0,469.0,-447.0,872.0
42.0,-77.0,218.0,-1024.0,,175.0,878.0,665.0,-452.0,894.0
-33.0,-132.0,287.0,-991.0,,597.0,687.0,731.0,-612.0,932.0
-13.0,-240.0,369.0,-751.0,,249.0,436.0,607.0,-409.0,1065.0
82.0,-393.0,444.0,-589.0,,-355.0,155.0,197.0,-161.0,1162.0
93.0,105.0,514.0,-536.0,,-196.0,-49.0,-269.0,-127.0,1250.0
101.0,-431.0,606.0,-342.0,,40.0,-194.0,-678.0,34.0,1349.0
39.0,-48.0,704.0,-35.0,,788.0,-326.0,-1165.0,-246.0,1373.0
33.0,1347.0,821.0,113.0,,84.0,-381.0,-1221.0,-538.0,1327.0
-17.0,879.0,851.0,77.0,,4.0,-384.0,-1195.0,-100.0,1260.0
-87.0,1113.0,873.0,52.0,,283.0,-387.0,-1006.0,-78.0,1091.0
-238.0,1583.0,909.0,39.0,,926.0,-369.0,-724.0,-512.0,830.0
-294.0,1225.0,943.0,81.0,,1480.0,-335.0,-253.0,-448.0,593.0
-230.0,1468.0,968.0,108.0,,285.0,-277.0,428.0,-487.0,393.0
-301.0,2033.0,978.0,89.0,,-419.0,-225.0,644.0,-624.0,172.0
-454.0,1168.0,977.0,103.0,,-866.0,-196.0,709.0,-191.0,-135.0
-500.0,397.0,995.0,55.0,,-278.0,-145.0,319.0,-267.0,-428.0
-401.0,684.0,1050.0,-79.0,,-174.0,-176.0,-166.0,-754.0,-663.0
-449.0,-576.0,1015.0,-253.0,,-575.0,-239.0,-229.0,-569.0,-824.0
-439.0,-1067.0,1013.0,-380.0,,-786.0,-252.0,-131.0,-474.0,-976.0
-413.0,-1016.0,1013.0,-548.0,,-983.0,-322.0,356.0,-427.0,-1175.0
-347.0,-1663.0,947.0,-643.0,,45.0,-384.0,615.0,-501.0,-1304.0
-237.0,-2275.0,920.0,-580.0,,519.0,-444.0,598.0,-684.0,-1391.0
-226.0,-1824.0,903.0,-481.0,,864.0,-524.0,474.0,-306.0,-1507.0
-232.0,-695.0,851.0,-325.0,,187.0,-591.0,424.0,-204.0,-1653.0
-173.0,-1186.0,831.0,-202.0,,-102.0,-667.0,594.0,-115.0,-1785.0
-69.0,-317.0,779.0,90.0,,223.0,-755.0,400.0,99.0,-1854.0
-102.0,210.0,714.0,459.0,,-73.0,-852.0,169.0,349.0,-1847.0
-130.0,327.0,739.0,639.0,,-83.0,-910.0,-109.0,504.0,-1789.0
-85.0,1220.0,740.0,773.0,,-690.0,-928.0,-256.0,573.0,-1699.0
75.0,621.0,723.0,784.0,,-172.0,-905.0,-131.0,1017.0,-1509.0
130.0,30.0,699.0,695.0,,-463.0,-905.0,-9.0,786.0,-1187.0
155.0,-838.0,736.0,612.0,,-881.0,-888.0,288.0,476.0,-732.0
215.0,-159.0,713.0,456.0,,-828.0,-782.0,423.0,484.0,-207.0
253.0,627.0,715.0,240.0,,-1142.0,-689.0,622.0,739.0,215.0
343.0,-394.0,701.0,-13.0,,-233.0,-649.0,652.0,606.0,562.0
351.0,-224.0,629.0,-297.0,,148.0,-627.0,478.0,158.0,860.0
389.0,442.0,655.0,-431.0,,639.0,-642.0,404.0,473.0,954.0
390.0,136.0,573.0,-379.0,,89.0,-730.0,48.0,326.0,896.0
425.0,644.0,582.0,-365.0,,-459.0,-860.0,-186.0,302.0,771.0
419.0,2038.0,542.0,-300.0,,-194.0,-956.0,-271.0,419.0,633.0
405.0,1538.0,481.0,-117.0,,60.0,-1053.0,22.0,225.0,530.0
444.0,872.0,463.0,-95.0,,474.0,-1164.0,339.0,203.0,512.0
407.0,1313.0,325.0,-234.0,,-452.0,-1205.0,194.0,262.0,601.0
370.0,1296.0,297.0,-439.0,,-603.0,-1241.0,38.0,204.0,696.0
316.0,-231.0,181.0,-605.0,,-487.0,-1213.0,-284.0,105.0,818.0
280.0,-1956.0,31.0,-650.0,,12.0,-1044.0,-511.0,334.0,1012.0
214.0,-1429.0,-124.0,-641.0,,198.0,-799.0,-724.0,-100.0,1244.0
141.0,-1035.0,-293.0,-501.0,,-556.0,-536.0,-567.0,-43.0,1390.0
200.0,-1820.0,-398.0,-346.0,,-728.0,-356.0,192.0,383.0,1504.0
288.0,-2065.0,-577.0,-276.0,,-1015.0,-249.0,955.0,-94.0,1651.0
298.0,-1636.0,-700.0,-134.0,,-365.0,-191.0,1481.0,-242.0,1719.0
278.0,-1014.0,-818.0,-89.0,,-402.0,-177.0,1289.0,-31.0,1744.0
301.0,-598.0,-952.0,-155.0,,-488.0,-239.0,1045.0,77.0,1758.0
383.0,477.0,-1013.0,-93.0,,-591.0,-389.0,920.0,144.0,1701.0
394.0,1199.0,-1097.0,44.0,,-760.0,-517.0,744.0,175.0,1544.0
383.0,977.0,-1124.0,232.0,,54.0,-512.0,746.0,-257.0,1422.0
352.0,1509.0,-1079.0,442.0,,-87.0,-467.0,685.0,-81.0,1303.0
389.0,1867.0,-1044.0,645.0,,29.0,-484.0,807.0,192.0,1107.0
419.0,1607.0,-994.0,782.0,,-256.0,-443.0,696.0,-216.0,947.0
316.0,551.0,-885.0,887.0,,265.0,-370.0,576.0,-99.0,761.0
269.0,-138.0,-754.0,1067.0,,652.0,-363.0,718.0,-428.0,528.0
274.0,300.0,-658.0,1186.0,,73.0,-382.0,776.0,-622.0,328.0
268.0,-198.0,-499.0,1218.0,,281.0,-401.0,776.0,-395.0,142.0
111.0,-1439.0,-336.0,1114.0,,-134.0,-421.0,578.0,-594.0,-88.0
109.0,-1855.0,-206.0,885.0,,281.0,-416.0,718.0,-831.0,-351.0
196.0,-1054.0,-58.0,710.0,,-156.0,-410.0,1023.0,-1378.0,-625.0
263.0,-1168.0,45.0,596.0,,-433.0,-414.0,1151.0,-1518.0,-878.0
332.0,-1383.0,165.0,551.0,,-278.0,-377.0,1134.0,-1399.0,-1043.0
303.0,-287.0,268.0,491.0,,-499.0,-299.0,861.0,-1674.0,-1230.0
369.0,689.0,324.0,291.0,,-31.0,-177.0,727.0,-1624.0,-1432.0
391.0,1020.0,363.0,136.0,,-586.0,-73.0,424.0,-1648.0,-1523.0
348.0,1696.0,373.0,106.0,,-129.0,-31.0,260.0,-1557.0,-1589.0
180.0,1952.0,361.0,152.0,,-61.0,22.0,358.0,-1029.0,-1656.0
100.0,568.0,363.0,276.0,,37.0,82.0,367.0,-869.0,-1618.0
74.0,-234.0,356.0,369.0,,297.0,79.0,552.0,-922.0,-1591.0
-44.0,-305.0,324.0,496.0,,95.0,31.0,535.0,-949.0,-1632.0
-138.0,-734.0,379.0,660.0,,278.0,3.0,509.0,-719.0,-1608.0
-274.0,-1970.0,394.0,764.0,,-534.0,-17.0,399.0,-247.0,-1469.0
-303.0,-1821.0,419.0,702.0,,-146.0,-98.0,253.0,-162.0,-1295.0
-313.0,-935.0,477.0,505.0,,34.0,-214.0,421.0,-215.0,-1153.0
-326.0,-1455.0,479.0,325.0,,86.0,-229.0,569.0,82.0,-978.0
-370.0,-1228.0,546.0,42.0,,-271.0,-216.0,716.0,124.0,-851.0
-388.0,-654.0,533.0,-222.0,,-735.0,-198.0,515.0,102.0,-804.0
-342.0,-344.0,540.0,-377.0,,-291.0,-147.0,343.0,414.0,-748.0
-321.0,-255.0,601.0,-453.0,,-715.0,-210.0,469.0,557.0,-723.0
-281.0,151.0,605.0,-500.0,,-300.0,-257.0,644.0,590.0,-700.0
-240.0,-38.0,640.0,-584.0,,-165.0,-274.0,768.0,666.0,-585.0
-144.0,-178.0,655.0,-673.0,,304.0,-382.0,495.0,957.0,-389.0
-51.0,16.0,656.0,-840.0,,501.0,-533.0,347.0,1151.0,-250.0
39.0,-398.0,656.0,-904.0,,206.0,-685.0,230.0,1024.0,-231.0
58.0,806.0,639.0,-899.0,,166.0,-744.0,264.0,875.0,-267.0
79.0,1319.0,630.0,-928.0,,-202.0,-755.0,343.0,1050.0,-313.0
167.0,1323.0,643.0,-871.0,,304.0,-797.0,24.0,1078.0,-335.0
205.0,2279.0,618.0,-885.0,,15.0,-822.0,-162.0,936.0,-364.0
273.0,2492.0,575.0,-982.0,,108.0,-800.0,-441.0,1110.0,-437.0
362.0,1502.0,550.0,-1028.0,,-146.0,-723.0,-513.0,706.0,-550.0
491.0,353.0,509.0,-882.0,,-482.0,-571.0,-341.0,237.0,-677.0
553.0,408.0,502.0,-553.0,,-530.0,-433.0,-236.0,106.0,-690.0
534.0,-718.0,493.0,-435.0,,-906.0,-348.0,-105.0,-122.0,-576.0
520.0,-1651.0,479.0,-524.0,,-236.0,-250.0,-101.0,5.0,-435.0
507.0,-1465.0,471.0,-564.0,,-415.0,-180.0,1.0,-26.0,-185.0
508.0,-2252.0,499.0,-604.0,,-199.0,-140.0,-44.0,-335.0,217.0
468.0,-2574.0,509.0,-687.0,,-345.0,-137.0,-31.0,-75.0,602.0
450.0,-1809.0,445.0,-689.0,,-166.0,-167.0,96.0,20.0,896.0
387.0,-493.0,477.0,-514.0,,271.0,-183.0,42.0,-179.0,1185.0
329.0,-222.0,457.0,-371.0,,-602.0,-190.0,-114.0,141.0,1471.0
278.0,-166.0,462.0,-249.0,,-709.0,-197.0,-550.0,-14.0,1692.0
157.0,340.0,522.0,-51.0,,-790.0,-223.0,-790.0,-300.0,1863.0
71.0,741.0,511.0,141.0,,-189.0,-242.0,-770.0,325.0,1975.0
-17.0,866.0,523.0,325.0,,-255.0,-185.0,-541.0,346.0,1995.0
-59.0,73.0,499.0,449.0,,-583.0,-146.0,-256.0,-278.0,1937.0
-118.0,980.0,459.0,553.0,,-544.0,-170.0,-334.0,6.0,1863.0
-192.0,1360.0,370.0,604.0,,-386.0,-155.0,-388.0,279.0,1756.0
-260.0,630.0,343.0,546.0,,209.0,-141.0,-426.0,370.0,1591.0
-338.0,775.0,282.0,524.0,,-438.0,-126.0,-301.0,426.0,1446.0
-381.0,324.0,197.0,647.0,,-442.0,-85.0,-216.0,-34.0,1399.0
-445.0,229.0,139.0,787.0,,-407.0,-39.0,-371.0,-185.0,1421.0
-465.0,11.0,60.0,750.0,,-146.0,-3.0,-314.0,-49.0,1389.0
-509.0,61.0,-15.0,604.0,,-217.0,-12.0,-325.0,107.0,1385.0
-485.0,-621.0,-135.0,455.0,,-804.0,-24.0,-83.0,8.0,1365.0
-391.0,-431.0,-145.0,312.0,,-848.0,-22.0,205.0,-181.0,1263.0
-298.0,534.0,-243.0,321.0,,-1182.0,-43.0,182.0,-314.0,1159.0
-187.0,-318.0,-351.0,516.0,,-683.0,-68.0,103.0,-85.0,945.0
-142.0,44.0,-414.0,747.0,,-588.0,-53.0,-271.0,182.0,723.0
-82.0,-44.0,-516.0,685.0,,-223.0,-49.0,-622.0,154.0,576.0
68.0,296.0,-565.0,429.0,,-120.0,-36.0,-1003.0,156.0,469.0
226.0,1483.0,-581.0,201.0,,-116.0,48.0,-1274.0,-181.0,324.0
230.0,1422.0,-541.0,24.0,,94.0,134.0,-1285.0,133.0,126.0
269.0,839.0,-573.0,0.0,,-2.0,176.0,-1019.0,235.0,-28.0
311.0,300.0,-506.0,-10.0,,468.0,232.0,-594.0,-38.0,-200.0
310.0,-45.0,-431.0,78.0,,0.0,322.0,-707.0,-145.0,-332.0
297.0,-1322.0,-407.0,121.0,,-18.0,435.0,-726.0,-486.0,-471.0
247.0,-1636.0,-374.0,-48.0,,-96.0,576.0,-192.0,-240.0,-668.0
244.0,-1751.0,-335.0,-136.0,,223.0,645.0,683.0,-96.0,-852.0
187.0,-2003.0,-248.0,-240.0,,316.0,618.0,1188.0,54.0,-956.0
210.0,-1959.0,-214.0,-457.0,,-414.0,606.0,1010.0,-208.0,-1083.0
155.0,-1448.0,-93.0,-637.0,,-257.0,570.0,737.0,-553.0,-1293.0
97.0,-651.0,-32.0,-839.0,,-290.0,539.0,260.0,-99.0,-1371.0
69.0,-362.0,46.0,-994.0,,135.0,553.0,-197.0,165.0,-1367.0
-18.0,948.0,150.0,-901.0,,-314.0,553.0,-837.0,285.0,-1354.0
-57.0,1032.0,179.0,-576.0,,-554.0,536.0,-1217.0,90.0,-1320.0
-145.0,991.0,215.0,-120.0,,-358.0,520.0,-883.0,173.0,-1195.0
-152.0,1331.0,220.0,317.0,,-164.0,531.0,-497.0,544.0,-992.0
-188.0,1123.0,252.0,496.0,,469.0,548.0,-136.0,608.0,-810.0
-161.0,727.0,205.0,470.0,,25.0,559.0,-94.0,793.0,-556.0
-132.0,401.0,165.0,468.0,,29.0,548.0,79.0,566.0,-387.0
-190.0,532.0,148.0,458.0,,-8.0,489.0,351.0,144.0,-394.0
-154.0,-383.0,90.0,436.0,,569.0,401.0,290.0,259.0,-464.0
-99.0,-183.0,23.0,421.0,,870.0,294.0,171.0,369.0,-607.0
-61.0,-76.0,-2.0,454.0,,97.0,197.0,-109.0,80.0,-844.0
-93.0,-522.0,2.0,440.0,,-506.0,96.0,-308.0,-114.0,-1148.0
-105.0,-584.0,2.0,305.0,,-1053.0,-27.0,-565.0,-190.0,-1388.0
-81.0,-798.0,24.0,215.0,,-222.0,-94.0,-504.0,43.0,-1498.0
-70.0,-133.0,34.0,104.0,,-46.0,-117.0,-194.0,464.0,-1509.0
-112.0,-81.0,75.0,17.0,,-146.0,-85.0,-133.0,240.0,-1452.0
-173.0,163.0,120.0,-35.0,,16.0,7.0,31.0,83.0,-1385.0
-115.0,1062.0,162.0,-194.0,,-10.0,54.0,59.0,358.0,-1260.0
8.0,1148.0,174.0,-371.0,,459.0,163.0,182.0,670.0,-1076.0
92.0,698.0,202.0,-368.0,,276.0,283.0,301.0,869.0,-896.0
135.0,1006.0,241.0,-247.0,,600.0,324.0,393.0,762.0,-674.0
235.0,1244.0,210.0,-176.0,,564.0,363.0,380.0,670.0,-477.0
398.0,216.0,155.0,-107.0,,252.0,329.0,-11.0,698.0,-405.0
444.0,48.0,133.0,-174.0,,229.0,268.0,-60.0,903.0,-328.0
395.0,652.0,122.0,-304.0,,219.0,240.0,-73.0,1092.0,-295.0
387.0,11.0,80.0,-353.0,,358.0,170.0,-70.0,893.0,-475.0
405.0,-557.0,67.0,-363.0,,-251.0,113.0,-27.0,415.0,-657.0
442.0,-250.0,38.0,-356.0,,-100.0,77.0,-12.0,132.0,-739.0
372.0,-638.0,52.0,-436.0,,58.0,-12.0,16.0,-16.0,-831.0
307.0,-614.0,68.0,-505.0,,370.0,-88.0,-432.0,-301.0,-942.0
289.0,-226.0,27.0,-515.0,,406.0,-93.0,-650.0,-628.0,-1021.0
297.0,-577.0,58.0,-442.0,,-269.0,-29.0,-657.0,-919.0,-969.0
278.0,-238.0,58.0,-419.0,,-71.0,49.0,-700.0,-666.0,-878.0
172.0,114.0,32.0,-346.0,,-361.0,129.0,-532.0,-563.0,-716.0
150.0,-143.0,90.0,-157.0,,-174.0,216.0,-332.0,-753.0,-405.0
111.0,-941.0,102.0,-36.0,,-45.0,258.0,-73.0,-596.0,-152.0
72.0,-2151.0,115.0,81.0,,82.0,256.0,-142.0,-641.0,90.0
5.0,-2152.0,149.0,-121.0,,493.0,219.0,-201.0,-389.0,477.0
-31.0,-1504.0,97.0,-412.0,,473.0,143.0,-236.0,-283.0,872.0
-56.0,-1661.0,124.0,-394.0,,753.0,52.0,-321.0,-680.0,1092.0
-71.0,-2133.0,143.0,-301.0,,369.0,15.0,-182.0,-616.0,1177.0
-38.0,-2270.0,147.0,-281.0,,425.0,19.0,-308.0,-715.0,1242.0
-85.0,-1690.0,196.0,-228.0,,167.0,34.0,-282.0,-819.0,1227.0
-55.0,-812.0,216.0,-155.0,,-23.0,107.0,-125.0,-608.0,1132.0
-35.0,-294.0,307.0,-215.0,,253.0,232.0,88.0,-348.0,998.0
-20.0,459.0,322.0,-273.0,,424.0,363.0,393.0,-515.0,797.0
18.0,920.0,320.0,-178.0,,596.0,482.0,334.0,-787.0,647.0
62.0,1244.0,352.0,48.0,,-307.0,591.0,175.0,-269.0,586.0
74.0,2286.0,392.0,135.0,,-194.0,717.0,-404.0,-472.0,539.0
71.0,2226.0,438.0,137.0,,-27.0,836.0,-947.0,-302.0,505.0
128.0,1332.0,422.0,176.0,,163.0,886.0,-1173.0,336.0,563.0
119.0,1703.0,428.0,242.0,,134.0,920.0,-1346.0,-4.0,718.0
57.0,2125.0,407.0,398.0,,-177.0,917.0,-1117.0,78.0,861.0
27.0,1276.0,363.0,519.0,,369.0,837.0,-879.0,290.0,1016.0
98.0,677.0,326.0,600.0,,-106.0,735.0,-639.0,309.0,1120.0
125.0,678.0,280.0,688.0,,-48.0,649.0,-700.0,-8.0,1133.0
130.0,257.0,235.0,700.0,,-287.0,602.0,-833.0,-71.0,1167.0
158.0,252.0,147.0,570.0,,-347.0,556.0,-705.0,-32.0,1164.0
276.0,689.0,29.0,389.0,,-331.0,499.0,-537.0,-111.0,1058.0
433.0,963.0,-67.0,166.0,,-576.0,469.0,-101.0,284.0,927.0
445.0,840.0,-152.0,83.0,,72.0,452.0,-20.0,23.0,840.0
431.0,666.0,-251.0,231.0,,-447.0,421.0,-120.0,-99.0,699.0
475.0,915.0,-348.0,285.0,,-523.0,436.0,-236.0,-17.0,510.0
554.0,564.0,-374.0,162.0,,-674.0,464.0,-240.0,112.0,364.0
494.0,417.0,-390.0,-12.0,,-421.0,480.0,-194.0,579.0,253.0
379.0,366.0,-382.0,-129.0,,-107.0,562.0,-726.0,423.0,185.0
317.0,444.0,-363.0,-148.0,,-361.0,596.0,-1101.0,302.0,119.0
338.0,-31.0,-362.0,-186.0,,132.0,578.0,-1171.0,425.0,23.0
311.0,-1840.0,-266.0,-285.0,,-36.0,578.0,-792.0,675.0,-117.0
134.0,-2380.0,-210.0,-237.0,,595.0,607.0,-404.0,866.0,-232.0
21.0,-3181.0,-139.0,-41.0,,528.0,673.0,-480.0,772.0,-337.0
-59.0,-3160.0,-1.0,28.0,,2.0,713.0,-554.0,785.0,-408.0
-121.0,-2451.0,114.0,-23.0,,-479.0,759.0,-833.0,481.0,-360.0
-211.0,-3133.0,228.0,9.0,,-1006.0,796.0,-641.0,346.0,-300.0
-320.0,-2320.0,288.0,133.0,,-229.0,825.0,-219.0,443.0,-138.0
-369.0,-1364.0,333.0,320.0,,-367.0,816.0,-166.0,131.0,186.0
-387.0,-791.0,354.0,496.0,,-569.0,752.0,-306.0,-21.0,460.0
-453.0,-463.0,357.0,524.0,,-855.0,725.0,-587.0,-231.0,588.0
-616.0,159.0,373.0,489.0,,-583.0,691.0,-559.0,-131.0,696.0
-724.0,553.0,378.0,453.0,,-81.0,597.0,-535.0,15.0,776.0
-783.0,691.0,377.0,277.0,,-367.0,468.0,-563.0,-633.0,725.0
-867.0,2218.0,404.0,-104.0,,-174.0,344.0,-674.0,-860.0,628.0
-925.0,1405.0,430.0,-495.0,,-427.0,239.0,-694.0,-1071.0,548.0
-1022.0,646.0,428.0,-744.0,,-445.0,93.0,-349.0,-1064.0,475.0
-1098.0,1224.0,438.0,-870.0,,-483.0,-93.0,-197.0,-920.0,424.0
-1103.0,652.0,462.0,-833.0,,-93.0,-191.0,-33.0,-1294.0,387.0
-1116.0,86.0,461.0,-703.0,,356.0,-228.0,75.0,-1214.0,331.0
-1116.0,-178.0,492.0,-478.0,,43.0,-245.0,66.0,-1352.0,271.0
-1112.0,-406.0,543.0,-229.0,,-271.0,-196.0,-66.0,-1179.0,225.0
-1040.0,-607.0,531.0,-20.0,,-584.0,-110.0,-406.0,-977.0,225.0
-936.0,-89.0,534.0,174.0,,104.0,20.0,-594.0,-1171.0,209.0
-926.0,445.0,500.0,128.0,,193.0,157.0,-750.0,-1030.0,71.0
-900.0,553.0,487.0,-36.0,,68.0,291.0,-617.0,-827.0,-66.0
-804.0,-118.0,460.0,-132.0,,30.0,377.0,-652.0,-219.0,-155.0
-703.0,566.0,424.0,-130.0,,-227.0,383.0,-1071.0,-20.0,-350.0
-594.0,1160.0,387.0,-127.0,,108.0,377.0,-1298.0,-188.0,-604.0
-510.0,414.0,318.0,-169.0,,-42.0,351.0,-1358.0,-160.0,-775.0
-424.0,706.0,338.0,-101.0,,131.0,299.0,-829.0,-104.0,-869.0
-276.0,126.0,286.0,-114.0,,-75.0,230.0,-206.0,226.0,-874.0
-118.0,95.0,316.0,-215.0,,-3.0,146.0,-38.0,423.0,-791.0
-69.0,1008.0,339.0,-280.0,,348.0,52.0,-212.0,540.0,-699.0
-92.0,907.0,327.0,-412.0,,496.0,-17.0,-587.0,556.0,-596.0
-25.0,24.0,396.0,-509.0,,833.0,-33.0,-705.0,276.0,-434.0
22.0,-260.0,424.0,-390.0,,189.0,-6.0,-735.0,484.0,-275.0
-30.0,-558.0,447.0,-277.0,,118.0,74.0,-500.0,666.0,-141.0
-121.0,-873.0,425.0,-265.0,,-33.0,131.0,-258.0,263.0,-30.0
-145.0,-601.0,386.0,-212.0,,351.0,94.0,-402.0,93.0,-63.0
-151.0,-1096.0,322.0,-164.0,,755.0,35.0,-801.0,200.0,-153.0
-183.0,-785.0,269.0,-83.0,,329.0,-43.0,-1313.0,107.0,-194.0
-197.0,-434.0,162.0,94.0,,427.0,-155.0,-1230.0,-176.0,-325.0
-254.0,-359.0,92.0,446.0,,308.0,-277.0,-679.0,-150.0,-452.0
-224.0,-241.0,20.0,809.0,,716.0,-347.0,-18.0,-217.0,-481.0
-149.0,-257.0,-43.0,1048.0,,146.0,-415.0,72.0,-412.0,-538.0
-114.0,552.0,-55.0,1186.0,,-302.0,-546.0,-450.0,-320.0,-575.0
-135.0,1207.0,-86.0,1114.0,,62.0,-585.0,-755.0,-248.0,-524.0
-110.0,732.0,-56.0,952.0,,224.0,-536.0,-958.0,-258.0,-418.0
-22.0,-390.0,-43.0,883.0,,369.0,-506.0,-715.0,-352.0,-309.0
-31.0,-337.0,6.0,975.0,,-309.0,-477.0,-482.0,-236.0,-176.0
0.0,-398.0,64.0,1032.0,,-187.0,-398.0,-480.0,33.0,50.0
-20.0,-1230.0,92.0,878.0,,-188.0,-280.0,-491.0,16.0,355.0
-56.0,-1148.0,114.0,812.0,,-20.0,-213.0,-667.0,-112.0,616.0
-64.0,-1049.0,116.0,747.0,,425.0,-143.0,-473.0,141.0,834.0
-122.0,-1516.0,107.0,601.0,,321.0,-70.0,-391.0,350.0,1037.0
-167.0,-494.0,149.0,534.0,,527.0,-37.0,-498.0,472.0,1152.0
-237.0,707.0,176.0,446.0,,537.0,38.0,-702.0,624.0,1188.0
-253.0,200.0,163.0,446.0,,995.0,127.0,-781.0,649.0,1219.0
-319.0,623.0,188.0,544.0,,1189.0,151.0,-569.0,743.0,1253.0
-423.0,723.0,185.0,635.0,,967.0,154.0,-591.0,584.0,1252.0
-466.0,-19.0,190.0,650.0,,760.0,205.0,-384.0,847.0,1305.0
-511.0,408.0,171.0,648.0,,546.0,229.0,-149.0,1030.0,1326.0
-519.0,605.0,156.0,713.0,,638.0,194.0,112.0,686.0,1335.0
-527.0,-94.0,152.0,644.0,,565.0,105.0,219.0,609.0,1369.0
-541.0,-366.0,77.0,359.0,,519.0,-2.0,5.0,449.0,1304.0
-542.0,-174.0,48.0,-38.0,,253.0,-72.0,-12.0,256.0,1242.0
-524.0,-191.0,59.0,-242.0,,143.0,-181.0,-258.0,-22.0,1127.0
-469.0,288.0,18.0,-321.0,,378.0,-274.0,-323.0,-252.0,992.0
-439.0,341.0,51.0,-470.0,,623.0,-341.0,-303.0,-512.0,916.0
-379.0,283.0,70.0,-422.0,,763.0,-338.0,-367.0,-816.0,819.0
-310.0,974.0,65.0,-225.0,,488.0,-238.0,-522.0,-908.0,712.0
-265.0,1938.0,150.0,-48.0,,571.0,-181.0,-971.0,-1170.0,689.0
-158.0,2373.0,171.0,145.0,,630.0,-154.0,-1138.0,-1418.0,678.0
-94.0,1939.0,223.0,312.0,,442.0,-185.0,-1247.0,-1605.0,589.0
-32.0,2215.0,280.0,385.0,,275.0,-230.0,-698.0,-1528.0,484.0
12.0,2663.0,338.0,375.0,,169.0,-250.0,144.0,-1223.0,292.0
68.0,2623.0,390.0,399.0,,452.0,-275.0,454.0,-1118.0,96.0
133.0,1930.0,405.0,404.0,,202.0,-297.0,650.0,-1040.0,-140.0
74.0,1775.0,448.0,245.0,,273.0,-376.0,349.0,-787.0,-437.0
98.0,1556.0,433.0,20.0,,622.0,-421.0,-42.0,-381.0,-645.0
103.0,189.0,478.0,-88.0,,842.0,-448.0,-443.0,-226.0,-804.0
92.0,-395.0,514.0,-117.0,,995.0,-493.0,-811.0,-240.0,-921.0
118.0,-1589.0,545.0,-283.0,,607.0,-461.0,-946.0,-221.0,-1016.0
133.0,-2775.0,599.0,-448.0,,960.0,-413.0,-846.0,-80.0,-1017.0
186.0,-2293.0,664.0,-487.0,,1089.0,-290.0,-219.0,283.0,-922.0
168.0,-1786.0,756.0,-526.0,,990.0,-112.0,59.0,390.0,-794.0
265.0,-2404.0,823.0,-512.0,,508.0,4.0,40.0,396.0,-561.0
284.0,-2058.0,923.0,-380.0,,-33.0,119.0,-60.0,439.0,-334.0
207.0,-828.0,952.0,-190.0,,218.0,244.0,-234.0,514.0,-207.0
190.0,-901.0,989.0,-45.0,,100.0,395.0,-121.0,849.0,-104.0
138.0,-435.0,976.0,3.0,,243.0,462.0,-35.0,951.0,-21.0
63.0,-34.0,937.0,-50.0,,-320.0,409.0,-3.0,1036.0,-33.0
-73.0,380.0,937.0,-281.0,,-565.0,325.0,-258.0,1209.0,-194.0
-32.0,1091.0,810.0,-647.0,,-98.0,187.0,-526.0,1257.0,-402.0
-64.0,1281.0,737.0,-775.0,,521.0,14.0,-707.0,1341.0,-579.0
-158.0,1385.0,688.0,-598.0,,964.0,-174.0,-940.0,1159.0,-770.0
-152.0,621.0,610.0,-384.0,,200.0,-381.0,-1040.0,1176.0,-901.0
-169.0,512.0,588.0,-267.0,,129.0,-571.0,-1027.0,1088.0,-930.0
-122.0,-66.0,553.0,-253.0,,377.0,-721.0,-365.0,596.0,-982.0
-104.0,-919.0,494.0,-177.0,,1173.0,-844.0,373.0,302.0,-1089.0
-13.0,-1193.0,455.0,34.0,,1252.0,-928.0,840.0,207.0,-1094.0
32.0,-2073.0,525.0,223.0,,580.0,-952.0,1165.0,228.0,-1073.0
163.0,-1711.0,539.0,129.0,,519.0,-878.0,875.0,74.0,-1080.0
293.0,-1222.0,601.0,-198.0,,437.0,-732.0,428.0,62.0,-1010.0
277.0,-381.0,659.0,-366.0,,765.0,-565.0,-158.0,-106.0,-873.0
369.0,529.0,656.0,-173.0,,290.0,-361.0,-654.0,-406.0,-645.0
376.0,617.0,737.0,135.0,,463.0,-164.0,-886.0,-276.0,-464.0
349.0,1212.0,729.0,236.0,,520.0,-7.0,-907.0,-298.0,-295.0
299.0,1624.0,728.0,196.0,,257.0,40.0,-574.0,-490.0,-73.0
248.0,1934.0,698.0,118.0,,548.0,-51.0,-578.0,-482.0,-61.0
220.0,1797.0,687.0,27.0,,436.0,-130.0,-700.0,-345.0,-131.0
126.0,1813.0,673.0,-44.0,,611.0,-172.0,-859.0,-105.0,-132.0
83.0,1785.0,610.0,-147.0,,298.0,-221.0,-938.0,96.0,-156.0
8.0,1144.0,540.0,-170.0,,657.0,-223.0,-707.0,-115.0,-157.0
12.0,399.0,473.0,-146.0,,893.0,-211.0,-589.0,60.0,-64.0
7.0,-149.0,445.0,-42.0,,828.0,-185.0,-458.0,500.0,123.0
-96.0,-192.0,328.0,246.0,,667.0,-114.0,-456.0,624.0,226.0
-153.0,-907.0,283.0,473.0,,269.0,-44.0,-275.0,716.0,296.0
-219.0,-886.0,276.0,569.0,,827.0,21.0,20.0,711.0,467.0
-212.0,-6.0,219.0,614.0,,769.0,83.0,310.0,781.0,537.0
-339.0,-444.0,218.0,678.0,,846.0,110.0,899.0,703.0,530.0
-442.0,-968.0,194.0,678.0,,729.0,115.0,1202.0,915.0,577.0
-407.0,-645.0,191.0,530.0,,688.0,134.0,1213.0,908.0,613.0
-451.0,-222.0,224.0,359.0,,756.0,101.0,875.0,446.0,576.0
-493.0,-76.0,204.0,201.0,,248.0,27.0,676.0,349.0,506.0
-554.0,56.0,204.0,50.0,,386.0,1.0,872.0,464.0,494.0
-490.0,300.0,203.0,-42.0,,39.0,-10.0,883.0,654.0,503.0
-505.0,-271.0,229.0,-18.0,,-18.0,-46.0,907.0,261.0,457.0
-510.0,-1083.0,271.0,87.0,,-131.0,-150.0,692.0,-141.0,365.0
-469.0,-1111.0,292.0,193.0,,-77.0,-292.0,569.0,-227.0,281.0
-434.0,-816.0,329.0,208.0,,300.0,-383.0,484.0,-413.0,186.0
-288.0,-1695.0,393.0,121.0,,-2.0,-415.0,288.0,-514.0,75.0
-227.0,-1870.0,451.0,35.0,,380.0,-420.0,375.0,-654.0,28.0
-183.0,50.0,454.0,89.0,,584.0,-420.0,208.0,-650.0,22.0
-151.0,607.0,539.0,263.0,,1076.0,-402.0,18.0,-746.0,56.0
-38.0,561.0,570.0,369.0,,1002.0,-384.0,-123.0,-748.0,111.0
-41.0,581.0,551.0,288.0,,484.0,-337.0,-131.0,-406.0,150.0
-101.0,615.0,551.0,116.0,,583.0,-237.0,-171.0,-298.0,189.0
-33.0,499.0,465.0,-21.0,,111.0,-105.0,-319.0,-207.0,213.0
40.0,189.0,410.0,-49.0,,356.0,79.0,103.0,68.0,276.0
110.0,85.0,307.0,24.0,,563.0,256.0,493.0,259.0,340.0
137.0,-882.0,186.0,183.0,,1017.0,381.0,683.0,378.0,349.0
200.0,-989.0,103.0,349.0,,1366.0,447.0,532.0,279.0,316.0
242.0,-1238.0,34.0,411.0,,1112.0,483.0,129.0,282.0,203.0
303.0,-1114.0,13.0,342.0,,1143.0,537.0,-168.0,368.0,46.0
269.0,-274.0,-15.0,114.0,,701.0,538.0,-508.0,217.0,-118.0
269.0,378.0,-4.0,83.0,,559.0,497.0,-376.0,138.0,-315.0
335.0,1369.0,14.0,243.0,,30.0,403.0,-134.0,121.0,-508.0
288.0,2005.0,22.0,306.0,,-34.0,235.0,214.0,121.0,-572.0
206.0,2250.0,38.0,330.0,,236.0,46.0,798.0,-28.0,-571.0
155.0,1487.0,41.0,306.0,,245.0,-128.0,1387.0,12.0,-602.0
195.0,1209.0,56.0,174.0,,546.0,-207.0,1877.0,219.0,-572.0
194.0,1523.0,63.0,-127.0,,109.0,-221.0,1760.0,205.0,-491.0
193.0,1515.0,47.0,-380.0,,327.0,-176.0,1370.0,133.0,-434.0
220.0,1134.0,61.0,-508.0,,505.0,-98.0,737.0,228.0,-434.0
297.0,1114.0,117.0,-546.0,,722.0,-42.0,314.0,342.0,-458.0
340.0,1395.0,168.0,-487.0,,790.0,32.0,151.0,212.0,-476.0
346.0,885.0,220.0,-433.0,,298.0,60.0,-127.0,341.0,-537.0
382.0,354.0,241.0,-364.0,,747.0,106.0,199.0,337.0,-636.0
382.0,-505.0,327.0,-294.0,,1012.0,191.0,498.0,279.0,-724.0
371.0,-966.0,438.0,-225.0,,1398.0,278.0,624.0,274.0,-789.0
325.0,-828.0,514.0,-138.0,,853.0,358.0,761.0,141.0,-831.0
269.0,-1186.0,607.0,88.0,,135.0,367.0,715.0,-60.0,-826.0
208.0,-1520.0,649.0,355.0,,228.0,373.0,801.0,-564.0,-714.0
171.0,-873.0,702.0,360.0,,221.0,380.0,809.0,-650.0,-532.0
42.0,-784.0,721.0,306.0,,711.0,375.0,968.0,-604.0,-339.0
-62.0,-1128.0,693.0,375.0,,208.0,346.0,951.0,-532.0,-60.0
-55.0,-165.0,730.0,338.0,,159.0,292.0,630.0,-632.0,263.0
-101.0,161.0,710.0,128.0,,640.0,210.0,315.0,-770.0,470.0
-186.0,307.0,676.0,-51.0,,901.0,112.0,64.0,-504.0,591.0
-200.0,488.0,691.0,-179.0,,1371.0,59.0,11.0,-432.0,676.0
-144.0,559.0,679.0,-314.0,,995.0,3.0,-127.0,-260.0,601.0
-178.0,1687.0,697.0,-349.0,,1166.0,-21.0,25.0,-175.0,485.0
-175.0,1954.0,680.0,-280.0,,1047.0,-4.0,145.0,-55.0,437.0
-130.0,1525.0,661.0,-162.0,,838.0,44.0,201.0,58.0,263.0
-92.0,2148.0,657.0,-89.0,,863.0,130.0,548.0,161.0,-5.0
-34.0,2320.0,651.0,-41.0,,490.0,295.0,624.0,539.0,-183.0
65.0,733.0,629.0,55.0,,733.0,518.0,646.0,577.0,-278.0
111.0,-10.0,557.0,101.0,,432.0,681.0,668.0,544.0,-471.0
112.0,-29.0,519.0,195.0,,596.0,755.0,1043.0,611.0,-655.0
198.0,-1284.0,488.0,232.0,,665.0,758.0,1644.0,815.0,-700.0
213.0,-1630.0,451.0,89.0,,416.0,731.0,1801.0,1071.0,-706.0
186.0,-1221.0,439.0,93.0,,788.0,618.0,1439.0,976.0,-701.0
203.0,-1954.0,426.0,197.0,,723.0,438.0,633.0,711.0,-671.0
275.0,-2274.0,393.0,183.0,,909.0,252.0,164.0,594.0,-527.0
266.0,-1167.0,424.0,305.0,,396.0,50.0,33.0,609.0,-393.0
274.0,-605.0,413.0,473.0,,283.0,-91.0,256.0,413.0,-325.0
307.0,-477.0,383.0,498.0,,678.0,-180.0,474.0,156.0,-200.0
272.0,668.0,429.0,480.0,,917.0,-217.0,5.0,20.0,-96.0
251.0,2059.0,421.0,283.0,,1087.0,-159.0,-428.0,-123.0,-77.0
212.0,2056.0,424.0,110.0,,634.0,-62.0,-327.0,-113.0,-7.0
174.0,833.0,465.0,122.0,,1151.0,69.0,489.0,-48.0,115.0
125.0,732.0,459.0,177.0,,1268.0,202.0,1250.0,43.0,162.0
136.0,115.0,461.0,139.0,,1379.0,311.0,1638.0,47.0,241.0
115.0,-925.0,484.0,-51.0,,1064.0,433.0,1899.0,-39.0,357.0
28.0,-138.0,467.0,-256.0,,444.0,493.0,1592.0,251.0,486.0
0.0,487.0,503.0,-500.0,,692.0,429.0,1073.0,391.0,557.0
-19.0,594.0,520.0,-685.0,,537.0,300.0,266.0,399.0,551.0
-111.0,111.0,508.0,-746.0,,949.0,166.0,-482.0,378.0,621.0
-148.0,861.0,516.0,-697.0,,487.0,67.0,-633.0,135.0,702.0
-198.0,1716.0,484.0,-405.0,,373.0,3.0,-493.0,459.0,786.0
-279.0,108.0,519.0,-180.0,,721.0,-76.0,-297.0,788.0,927.0
-311.0,-50.0,513.0,-196.0,,844.0,-141.0,-275.0,663.0,1092.0
-330.0,1025.0,449.0,-296.0,,1189.0,-169.0,-144.0,288.0,1252.0
-328.0,820.0,396.0,-460.0,,483.0,-172.0,5.0,-58.0,1389.0
-322.0,-200.0,328.0,-495.0,,642.0,-169.0,469.0,277.0,1470.0
-182.0,-460.0,270.0,-446.0,,628.0,-144.0,1176.0,367.0,1417.0
-136.0,-163.0,178.0,-391.0,,965.0,-65.0,1385.0,17.0,1240.0
-29.0,-386.0,127.0,-312.0,,929.0,1.0,1322.0,-57.0,1037.0
62.0,-147.0,75.0,-215.0,,128.0,31.0,794.0,-94.0,797.0
103.0,480.0,23.0,72.0,,300.0,54.0,240.0,-19.0,475.0
270.0,804.0,-31.0,257.0,,170.0,89.0,12.0,166.0,95.0
319.0,208.0,-82.0,279.0,,600.0,133.0,22.0,397.0,-248.0
429.0,24.0,-58.0,329.0,,20.0,196.0,264.0,564.0,-486.0
444.0,501.0,-71.0,268.0,,-399.0,253.0,140.0,665.0,-658.0
556.0,-223.0,-65.0,290.0,,-231.0,261.0,-121.0,979.0,-788.0
629.0,-1128.0,-74.0,379.0,,-232.0,260.0,-447.0,1341.0,-815.0
621.0,-923.0,-106.0,316.0,,412.0,261.0,-299.0,1448.0,-695.0
698.0,-240.0,-137.0,304.0,,180.0,263.0,410.0,1329.0,-518.0
681.0,-1065.0,-222.0,358.0,,305.0,289.0,1047.0,1392.0,-305.0
694.0,-1972.0,-248.0,389.0,,95.0,287.0,1779.0,1496.0,-67.0
603.0,-1628.0,-264.0,397.0,,221.0,253.0,1967.0,1390.0,129.0
567.0,-2108.0,-314.0,330.0,,155.0,283.0,1734.0,1094.0,326.0
467.0,-1733.0,-314.0,350.0,,-662.0,364.0,1178.0,806.0,593.0
381.0,-805.0,-299.0,449.0,,-630.0,479.0,476.0,756.0,829.0
346.0,-663.0,-288.0,373.0,,-762.0,598.0,436.0,759.0,868.0
283.0,-766.0,-209.0,43.0,,-212.0,649.0,844.0,924.0,867.0
224.0,-919.0,-169.0,-301.0,,-444.0,657.0,1297.0,718.0,923.0
149.0,331.0,-91.0,-351.0,,-492.0,567.0,901.0,359.0,866.0
249.0,609.0,74.0,-193.0,,6.0,405.0,103.0,291.0,719.0
270.0,192.0,167.0,-146.0,,44.0,286.0,-489.0,255.0,591.0
280.0,1110.0,263.0,-189.0,,313.0,156.0,-837.0,528.0,463.0
321.0,1767.0,340.0,-229.0,,-593.0,71.0,-347.0,405.0,336.0
382.0,2233.0,385.0,-479.0,,-684.0,97.0,168.0,60.0,325.0
442.0,1496.0,462.0,-724.0,,-489.0,198.0,474.0,-102.0,356.0
467.0,537.0,508.0,-681.0,,-418.0,320.0,635.0,-311.0,327.0
454.0,599.0,499.0,-591.0,,-590.0,436.0,689.0,-309.0,400.0
360.0,277.0,484.0,-424.0,,-1054.0,617.0,785.0,-473.0,570.0
336.0,443.0,498.0,-280.0,,-542.0,765.0,410.0,-908.0,690.0
285.0,831.0,437.0,-241.0,,-930.0,788.0,175.0,-1269.0,747.0
196.0,432.0,389.0,-123.0,,-955.0,729.0,352.0,-1223.0,794.0
128.0,-118.0,369.0,-8.0,,-1203.0,632.0,731.0,-1038.0,815.0
136.0,-418.0,312.0,107.0,,-1367.0,581.0,620.0,-1026.0,724.0
81.0,-787.0,280.0,92.0,,-1259.0,601.0,-72.0,-1191.0,531.0
38.0,-1000.0,198.0,-120.0,,-1481.0,622.0,-376.0,-1179.0,321.0
99.0,-739.0,145.0,-439.0,,-759.0,641.0,-413.0,-870.0,159.0
119.0,-227.0,141.0,-739.0,,-1133.0,661.0,-64.0,-634.0,23.0
115.0,826.0,154.0,-928.0,,-1106.0,656.0,343.0,-263.0,-65.0
87.0,1530.0,139.0,-1154.0,,-1019.0,716.0,691.0,-221.0,-107.0
103.0,1182.0,136.0,-1334.0,,-651.0,824.0,883.0,-242.0,-108.0
51.0,1228.0,208.0,-1280.0,,-188.0,894.0,842.0,24.0,-46.0
36.0,1592.0,252.0,-984.0,,-922.0,869.0,1363.0,12.0,69.0
4.0,939.0,340.0,-560.0,,-674.0,769.0,1601.0,-139.0,211.0
-37.0,-194.0,383.0,-119.0,,-908.0,661.0,1422.0,-194.0,309.0
-6.0,-561.0,434.0,224.0,,-446.0,497.0,1221.0,-262.0,387.0
-68.0,-116.0,504.0,457.0,,-319.0,384.0,1077.0,-305.0,469.0
-92.0,-616.0,482.0,530.0,,-454.0,335.0,1236.0,-23.0,479.0
-127.0,-950.0,490.0,450.0,,-353.0,338.0,1099.0,-52.0,356.0
-107.0,-475.0,464.0,386.0,,-1266.0,391.0,949.0,-258.0,188.0
-144.0,-1091.0,415.0,353.0,,-845.0,366.0,752.0,-141.0,55.0
-198.0,-829.0,373.0,380.0,,-987.0,311.0,491.0,79.0,-47.0
-142.0,-44.0,345.0,354.0,,-801.0,303.0,321.0,262.0,-145.0
-153.0,-159.0,324.0,143.0,,-762.0,361.0,118.0,128.0,-249.0
-132.0,-134.0,289.0,-116.0,,-787.0,418.0,397.0,35.0,-255.0
-142.0,351.0,290.0,-346.0,,-26.0,410.0,567.0,8.0,-201.0
-79.0,713.0,274.0,-536.0,,-357.0,378.0,175.0,137.0,-137.0
-23.0,661.0,295.0,-574.0,,-150.0,369.0,-306.0,548.0,2.0
16.0,878.0,308.0,-543.0,,-306.0,377.0,-42.0,802.0,156.0
36.0,194.0,280.0,-539.0,,136.0,358.0,973.0,731.0,288.0
-30.0,-817.0,294.0,-396.0,,266.0,310.0,1284.0,867.0,486.0
-7.0,-754.0,286.0,-53.0,,-206.0,273.0,803.0,1319.0,688.0
-69.0,-1061.0,252.0,358.0,,-340.0,233.0,236.0,1462.0,783.0
-100.0,-1361.0,202.0,749.0,,-1051.0,179.0,179.0,1434.0,801.0
-181.0,-649.0,144.0,968.0,,-804.0,142.0,363.0,1311.0,811.0
-210.0,-51.0,69.0,856.0,,-1029.0,133.0,325.0,1166.0,807.0
-135.0,210.0,-11.0,674.0,,-629.0,188.0,648.0,1077.0,695.0
-115.0,-197.0,-77.0,625.0,,-536.0,241.0,899.0,1032.0,558.0
-16.0,-39.0,-130.0,489.0,,-872.0,187.0,912.0,1052.0,500.0
-17.0,1080.0,-176.0,179.0,,-540.0,73.0,663.0,776.0,462.0
60.0,2280.0,-235.0,-122.0,,-755.0,11.0,410.0,359.0,421.0
115.0,2977.0,-267.0,-262.0,,44.0,-4.0,674.0,216.0,412.0
105.0,1604.0,-242.0,-200.0,,98.0,-68.0,1003.0,462.0,433.0
112.0,1291.0,-229.0,21.0,,243.0,-146.0,1045.0,497.0,398.0
166.0,1094.0,-227.0,276.0,,73.0,-188.0,607.0,220.0,344.0
288.0,-100.0,-204.0,445.0,,-323.0,-263.0,487.0,130.0,350.0
215.0,-192.0,-223.0,463.0,,43.0,-380.0,530.0,302.0,356.0
244.0,-717.0,-203.0,443.0,,-233.0,-449.0,504.0,627.0,337.0
326.0,-1056.0,-174.0,476.0,,54.0,-515.0,857.0,598.0,332.0
372.0,-830.0,-209.0,407.0,,-400.0,-594.0,733.0,334.0,408.0
348.0,-250.0,-244.0,272.0,,-226.0,-653.0,354.0,-31.0,420.0
303.0,-263.0,-251.0,346.0,,62.0,-673.0,18.0,-246.0,325.0
333.0,-831.0,-306.0,632.0,,162.0,-641.0,-267.0,0.0,278.0
274.0,-582.0,-382.0,770.0,,311.0,-604.0,-434.0,131.0,238.0
258.0,471.0,-452.0,623.0,,-338.0,-550.0,-613.0,14.0,223.0
190.0,824.0,-551.0,346.0,,82.0,-563.0,-502.0,-264.0,201.0
148.0,413.0,-586.0,13.0,,-11.0,-596.0,-293.0,-285.0,203.0
89.0,701.0,-651.0,-279.0,,309.0,-532.0,12.0,-126.0,209.0
26.0,404.0,-692.0,-463.0,,-14.0,-432.0,16.0,-232.0,195.0
-15.0,-127.0,-700.0,-668.0,,-220.0,-290.0,-253.0,-288.0,276.0
-95.0,89.0,-722.0,-897.0,,298.0,-185.0,-378.0,-262.0,311.0
-48.0,76.0,-744.0,-1006.0,,-135.0,-124.0,-604.0,-100.0,232.0
-30.0,-1083.0,-735.0,-1036.0,,348.0,-119.0,-565.0,114.0,116.0
28.0,-923.0,-656.0,-1071.0,,29.0,-193.0,-391.0,-1.0,20.0
59.0,-35.0,-612.0,-989.0,,494.0,-297.0,-22.0,-251.0,-110.0
63.0,-866.0,-523.0,-777.0,,443.0,-489.0,323.0,-304.0,-263.0
121.0,-477.0,-440.0,-707.0,,-206.0,-707.0,131.0,-284.0,-356.0
118.0,-130.0,-375.0,-718.0,,6.0,-913.0,-232.0,-192.0,-451.0
73.0,-54.0,-262.0,-592.0,,-587.0,-1095.0,-650.0,-116.0,-504.0
32.0,187.0,-180.0,-384.0,,-235.0,-1153.0,-585.0,-459.0,-441.0
72.0,-212.0,-127.0,-197.0,,-379.0,-1127.0,-373.0,-602.0,-325.0
83.0,743.0,-38.0,-162.0,,60.0,-1103.0,-262.0,-278.0,-236.0
37.0,538.0,-19.0,-183.0,,12.0,-994.0,-195.0,-163.0,-87.0
19.0,-773.0,-21.0,-77.0,,-653.0,-821.0,-691.0,-284.0,105.0
80.0,-238.0,8.0,44.0,,-569.0,-662.0,-1036.0,-572.0,265.0
94.0,39.0,-15.0,87.0,,-766.0,-493.0,-1031.0,-887.0,403.0
47.0,-1460.0,-25.0,194.0,,-154.0,-414.0,-724.0,-1085.0,549.0
63.0,-1818.0,-74.0,311.0,,-629.0,-397.0,-232.0,-867.0,781.0
111.0,-732.0,-99.0,403.0,,-505.0,-447.0,127.0,-792.0,999.0
158.0,-555.0,-88.0,450.0,,-500.0,-600.0,205.0,-1108.0,1134.0
187.0,-813.0,-53.0,460.0,,-703.0,-733.0,-210.0,-1114.0,1205.0
156.0,-776.0,-49.0,556.0,,-312.0,-848.0,-437.0,-985.0,1293.0
73.0,9.0,-50.0,667.0,,-665.0,-919.0,-583.0,-464.0,1360.0
78.0,679.0,-4.0,744.0,,-333.0,-899.0,-524.0,-256.0,1356.0
73.0,408.0,12.0,519.0,,-970.0,-842.0,-356.0,-187.0,1395.0
14.0,373.0,84.0,109.0,,-810.0,-724.0,-548.0,244.0,1384.0
-2.0,385.0,120.0,-169.0,,-705.0,-557.0,-487.0,443.0,1298.0
45.0,443.0,159.0,-251.0,,-947.0,-416.0,-436.0,835.0,1234.0
79.0,882.0,225.0,-162.0,,-798.0,-321.0,-290.0,813.0,1175.0
106.0,1168.0,295.0,-136.0,,-1048.0,-267.0,-269.0,610.0,1024.0
187.0,929.0,337.0,-165.0,,-277.0,-205.0,-484.0,415.0,798.0
180.0,460.0,362.0,-172.0,,-763.0,-138.0,-424.0,362.0,634.0
221.0,553.0,465.0,-99.0,,-592.0,-99.0,-574.0,705.0,490.0
273.0,61.0,527.0,-74.0,,-506.0,-108.0,-753.0,433.0,295.0
178.0,-256.0,624.0,-51.0,,-645.0,-182.0,-994.0,141.0,145.0
66.0,269.0,712.0,172.0,,-718.0,-283.0,-921.0,153.0,106.0
44.0,-92.0,728.0,459.0,,-1612.0,-398.0,-556.0,329.0,112.0
-31.0,-359.0,776.0,717.0,,-1051.0,-460.0,-594.0,595.0,132.0
-232.0,-422.0,778.0,840.0,,-1623.0,-440.0,-674.0,465.0,220.0
-329.0,-739.0,761.0,851.0,,-1717.0,-415.0,-857.0,148.0,388.0
-415.0,-773.0,753.0,903.0,,-2008.0,-398.0,-973.0,115.0,557.0
-542.0,-757.0,716.0,1034.0,,-1794.0,-341.0,-1108.0,217.0,654.0
-578.0,-182.0,678.0,1061.0,,-636.0,-275.0,-1287.0,82.0,677.0
-599.0,424.0,614.0,923.0,,-971.0,-278.0,-1226.0,-81.0,670.0
-647.0,-89.0,601.0,785.0,,-643.0,-363.0,-951.0,-237.0,583.0
-667.0,-392.0,606.0,560.0,,-1168.0,-506.0,-548.0,-226.0,462.0
-635.0,-176.0,563.0,311.0,,-530.0,-613.0,-639.0,-146.0,392.0
-667.0,116.0,549.0,117.0,,-327.0,-690.0,-731.0,-51.0,287.0
-701.0,5.0,570.0,-34.0,,-666.0,-771.0,-630.0,-1.0,149.0
-653.0,-643.0,578.0,-55.0,,-375.0,-777.0,-508.0,-264.0,45.0
-586.0,-170.0,547.0,48.0,,-901.0,-733.0,-229.0,-359.0,60.0
-469.0,433.0,480.0,67.0,,-271.0,-647.0,-299.0,-185.0,126.0
-329.0,258.0,383.0,-112.0,,-908.0,-517.0,-330.0,-75.0,158.0
-201.0,-84.0,324.0,-248.0,,-715.0,-376.0,-417.0,-81.0,194.0
-131.0,466.0,268.0,-404.0,,-665.0,-190.0,-561.0,-103.0,219.0
6.0,610.0,143.0,-598.0,,-1052.0,29.0,-546.0,-167.0,174.0
130.0,-141.0,57.0,-710.0,,-634.0,188.0,-707.0,71.0,-2.0
138.0,1124.0,-14.0,-792.0,,-855.0,258.0,-785.0,498.0,-175.0
202.0,1481.0,-82.0,-759.0,,-79.0,341.0,-1023.0,376.0,-392.0
295.0,64.0,-124.0,-644.0,,-715.0,391.0,-1130.0,69.0,-715.0
371.0,259.0,-183.0,-485.0,,-724.0,340.0,-1147.0,135.0,-962.0
378.0,741.0,-186.0,-420.0,,-617.0,190.0,-1202.0,264.0,-1178.0
401.0,-206.0,-207.0,-515.0,,-615.0,-31.0,-859.0,191.0,-1481.0
379.0,-1279.0,-252.0,-626.0,,-114.0,-219.0,-582.0,48.0,-1834.0
350.0,-1493.0,-267.0,-822.0,,-644.0,-370.0,-221.0,-34.0,-2027.0
408.0,-1250.0,-248.0,-843.0,,44.0,-455.0,-96.0,4.0,-2127.0
367.0,-893.0,-191.0,-608.0,,-306.0,-516.0,-210.0,152.0,-2280.0
339.0,-588.0,-157.0,-416.0,,-193.0,-649.0,-175.0,354.0,-2256.0
426.0,5.0,-116.0,-366.0,,-329.0,-744.0,-206.0,329.0,-2020.0
500.0,916.0,-89.0,-414.0,,-642.0,-698.0,-75.0,120.0,-1777.0
505.0,2308.0,-52.0,-164.0,,-35.0,-577.0,-120.0,-60.0,-1520.0
531.0,2615.0,0.0,139.0,,-490.0,-434.0,-168.0,-46.0,-1104.0
587.0,1977.0,28.0,143.0,,260.0,-244.0,-347.0,167.0,-725.0
620.0,2461.0,65.0,78.0,,-184.0,-105.0,-626.0,73.0,-447.0
611.0,1443.0,107.0,-83.0,,-536.0,-27.0,-543.0,-152.0,-99.0
620.0,185.0,120.0,-211.0,,-653.0,26.0,-641.0,-254.0,145.0
615.0,778.0,136.0,-142.0,,-743.0,18.0,-746.0,-193.0,228.0
612.0,140.0,157.0,0.0,,359.0,-62.0,-957.0,40.0,271.0
705.0,-1245.0,163.0,118.0,,-181.0,-210.0,-1031.0,-34.0,327.0
745.0,-1594.0,228.0,316.0,,-110.0,-397.0,-591.0,-230.0,239.0
639.0,-654.0,245.0,563.0,,-317.0,-604.0,-127.0,-153.0,10.0
600.0,-1008.0,224.0,672.0,,0.0,-745.0,195.0,-112.0,-184.0
677.0,-1777.0,310.0,651.0,,484.0,-824.0,199.0,52.0,-399.0
622.0,-335.0,332.0,620.0,,-114.0,-885.0,360.0,149.0,-625.0
489.0,356.0,323.0,686.0,,395.0,-878.0,473.0,-89.0,-797.0
424.0,949.0,359.0,778.0,,142.0,-837.0,240.0,-137.0,-828.0
407.0,781.0,372.0,729.0,,171.0,-808.0,-155.0,-63.0,-811.0
362.0,69.0,359.0,666.0,,-515.0,-768.0,-742.0,71.0,-834.0
282.0,563.0,324.0,626.0,,-972.0,-687.0,-979.0,54.0,-823.0
168.0,370.0,306.0,331.0,,-360.0,-578.0,-1250.0,1.0,-782.0
106.0,563.0,280.0,-27.0,,-658.0,-531.0,-1487.0,99.0,-731.0
131.0,540.0,257.0,-173.0,,-417.0,-568.0,-1504.0,80.0,-718.0
24.0,-342.0,266.0,-235.0,,-855.0,-620.0,-1463.0,57.0,-668.0
-121.0,-546.0,265.0,-186.0,,-577.0,-696.0,-1069.0,21.0,-606.0
-141.0,-229.0,254.0,-46.0,,-186.0,-762.0,-809.0,24.0,-618.0
-142.0,-885.0,289.0,67.0,,-219.0,-776.0,-606.0,-187.0,-682.0
-249.0,-2192.0,298.0,86.0,,202.0,-783.0,-448.0,-289.0,-778.0
-344.0,-1915.0,316.0,207.0,,-302.0,-749.0,-232.0,-20.0,-935.0
-384.0,-816.0,368.0,295.0,,212.0,-615.0,25.0,-48.0,-1157.0
-442.0,-337.0,378.0,188.0,,243.0,-473.0,33.0,-310.0,-1333.0
-429.0,112.0,405.0,245.0,,35.0,-321.0,-5.0,-335.0,-1454.0
-384.0,507.0,444.0,242.0,,-157.0,-124.0,-554.0,-283.0,-1522.0
-389.0,1034.0,473.0,214.0,,-611.0,-27.0,-1162.0,-279.0,-1511.0
-364.0,1131.0,514.0,317.0,,85.0,-12.0,-1589.0,-353.0,-1444.0
-305.0,685.0,569.0,367.0,,-58.0,-4.0,-1736.0,-690.0,-1362.0
-242.0,705.0,572.0,538.0,,85.0,-26.0,-1350.0,-733.0,-1226.0
-193.0,146.0,639.0,771.0,,-311.0,-102.0,-1276.0,-389.0,-1039.0
-136.0,-435.0,735.0,827.0,,-665.0,-235.0,-1280.0,-71.0,-904.0
-48.0,-281.0,721.0,788.0,,-402.0,-321.0,-1236.0,65.0,-763.0
0.0,264.0,753.0,636.0,,-795.0,-349.0,-1077.0,166.0,-635.0
91.0,146.0,797.0,329.0,,-119.0,-299.0,-652.0,406.0,-582.0
120.0,-17.0,806.0,162.0,,-169.0,-195.0,-169.0,554.0,-561.0
62.0,978.0,828.0,188.0,,-57.0,-65.0,338.0,849.0,-556.0
64.0,1259.0,841.0,383.0,,-255.0,95.0,463.0,913.0,-628.0
119.0,888.0,851.0,604.0,,-639.0,205.0,465.0,730.0,-742.0
81.0,835.0,848.0,705.0,,-39.0,319.0,107.0,804.0,-782.0
-27.0,765.0,852.0,741.0,,-582.0,370.0,-388.0,665.0,-800.0
4.0,444.0,819.0,637.0,,-517.0,300.0,-565.0,510.0,-848.0
65.0,990.0,773.0,515.0,,-874.0,145.0,-700.0,343.0,-832.0
95.0,1460.0,734.0,346.0,,-824.0,-55.0,-471.0,35.0,-662.0
32.0,1321.0,660.0,129.0,,-375.0,-216.0,-325.0,-147.0,-504.0
32.0,1143.0,571.0,41.0,,-749.0,-385.0,-271.0,-247.0,-397.0
103.0,47.0,482.0,-24.0,,-196.0,-470.0,-279.0,-130.0,-191.0
111.0,-391.0,424.0,7.0,,-364.0,-478.0,-467.0,-343.0,-4.0
83.0,-592.0,331.0,76.0,,-125.0,-485.0,-567.0,-948.0,62.0
16.0,-1225.0,252.0,-10.0,,-227.0,-358.0,-641.0,-1032.0,53.0
100.0,-1512.0,215.0,-107.0,,-235.0,-172.0,-236.0,-887.0,39.0
195.0,-1599.0,184.0,-167.0,,204.0,-8.0,138.0,-713.0,-54.0
244.0,-2338.0,175.0,-183.0,,-535.0,162.0,417.0,-287.0,-211.0
316.0,-3169.0,106.0,-238.0,,-346.0,286.0,727.0,-352.0,-299.0
489.0,-1977.0,91.0,-219.0,,-529.0,372.0,474.0,-568.0,-374.0
689.0,-1385.0,108.0,-110.0,,-206.0,465.0,3.0,-358.0,-512.0
797.0,-1433.0,76.0,-64.0,,3.0,538.0,-580.0,-255.0,-635.0
851.0,-107.0,76.0,-17.0,,-281.0,569.0,-837.0,-151.0,-569.0
871.0,1153.0,44.0,-14.0,,186.0,520.0,-759.0,-127.0,-496.0
950.0,2047.0,52.0,-44.0,,-204.0,355.0,-835.0,-199.0,-488.0
999.0,1878.0,58.0,-39.0,,161.0,219.0,-1093.0,-138.0,-394.0
962.0,1640.0,16.0,-14.0,,-50.0,91.0,-1402.0,-181.0,-228.0
840.0,1308.0,5.0,-96.0,,-223.0,-72.0,-1062.0,-134.0,-94.0
754.0,678.0,-46.0,-110.0,,-356.0,-181.0,-548.0,-138.0,-22.0
683.0,862.0,-83.0,75.0,,-869.0,-278.0,-86.0,-174.0,114.0
532.0,1013.0,-121.0,266.0,,112.0,-361.0,293.0,-26.0,222.0
379.0,386.0,-171.0,442.0,,81.0,-417.0,134.0,-35.0,220.0
301.0,-1263.0,-165.0,650.0,,60.0,-412.0,123.0,-80.0,200.0
256.0,-1746.0,-150.0,771.0,,-340.0,-324.0,120.0,-187.0,223.0
101.0,-1710.0,-168.0,690.0,,12.0,-191.0,225.0,-311.0,157.0
-28.0,-2348.0,-148.0,565.0,,1198.0,18.0,363.0,-154.0,-25.0
-114.0,-1533.0,-94.0,536.0,,413.0,212.0,-116.0,90.0,-133.0
-201.0,-106.0,-95.0,604.0,,127.0,325.0,-648.0,169.0,-232.0
-236.0,95.0,-43.0,635.0,,-257.0,384.0,-838.0,-7.0,-443.0
-273.0,-285.0,-21.0,509.0,,300.0,381.0,-785.0,-225.0,-653.0
-315.0,169.0,-9.0,235.0,,674.0,325.0,-946.0,-261.0,-739.0
-343.0,493.0,29.0,86.0,,188.0,224.0,-958.0,-196.0,-858.0
-329.0,-132.0,-3.0,197.0,,553.0,177.0,-750.0,-223.0,-995.0
-322.0,263.0,42.0,230.0,,64.0,194.0,-594.0,-343.0,-1007.0
-324.0,461.0,37.0,208.0,,564.0,196.0,-243.0,-431.0,-1016.0
-336.0,-979.0,28.0,207.0,,421.0,203.0,-16.0,-270.0,-1106.0
-384.0,-1332.0,31.0,142.0,,87.0,255.0,262.0,-238.0,-1166.0
-398.0,-935.0,-25.0,66.0,,217.0,290.0,264.0,-521.0,-1094.0
-360.0,-367.0,-46.0,54.0,,-285.0,298.0,275.0,-436.0,-1033.0
-328.0,-356.0,-94.0,161.0,,634.0,325.0,502.0,-256.0,-1053.0
-333.0,-1089.0,-118.0,132.0,,562.0,331.0,352.0,-175.0,-1001.0
-278.0,54.0,-209.0,164.0,,526.0,369.0,419.0,31.0,-835.0
-240.0,1533.0,-234.0,499.0,,254.0,436.0,434.0,81.0,-780.0
-315.0,1179.0,-222.0,723.0,,-149.0,483.0,323.0,16.0,-762.0
-372.0,762.0,-248.0,802.0,,669.0,518.0,260.0,184.0,-626.0
-398.0,1301.0,-217.0,595.0,,212.0,501.0,62.0,325.0,-560.0
-427.0,1461.0,-213.0,311.0,,475.0,470.0,-188.0,50.0,-583.0
-476.0,1490.0,-152.0,282.0,,90.0,459.0,-336.0,-72.0,-536.0
-492.0,1176.0,-119.0,427.0,,-43.0,455.0,179.0,-187.0,-392.0
-486.0,732.0,-94.0,508.0,,413.0,416.0,654.0,-308.0,-318.0
-453.0,569.0,-34.0,401.0,,-187.0,244.0,766.0,-162.0,-215.0
-391.0,274.0,14.0,445.0,,254.0,-14.0,744.0,-286.0,13.0
-390.0,829.0,75.0,486.0,,-409.0,-226.0,484.0,-359.0,211.0
-403.0,376.0,117.0,594.0,,45.0,-380.0,273.0,-427.0,311.0
-396.0,-695.0,158.0,313.0,,600.0,-483.0,186.0,-564.0,404.0
-319.0,171.0,217.0,89.0,,273.0,-573.0,654.0,-486.0,551.0
-311.0,669.0,241.0,-13.0,,627.0,-616.0,955.0,-418.0,544.0
-356.0,178.0,208.0,142.0,,-45.0,-544.0,851.0,-425.0,467.0
-289.0,-367.0,197.0,480.0,,680.0,-453.0,831.0,-448.0,512.0
-258.0,-62.0,186.0,511.0,,470.0,-335.0,639.0,-258.0,506.0
-324.0,372.0,191.0,865.0,,400.0,-156.0,487.0,-60.0,427.0
-373.0,-662.0,192.0,28.0,,797.0,25.0,46.0,11.0,449.0
-380.0,-559.0,147.0,228.0,,342.0,188.0,-229.0,102.0,550.0
-302.0,-547.0,168.0,558.0,,1105.0,319.0,-44.0,160.0,569.0
-193.0,-322.0,176.0,-207.0,,445.0,433.0,288.0,201.0,577.0
-160.0,-280.0,119.0,270.0,,614.0,443.0,683.0,218.0,692.0
-154.0,-667.0,125.0,158.0,,449.0,300.0,689.0,102.0,718.0
-75.0,406.0,111.0,158.0,,160.0,122.0,763.0,127.0,631.0
85.0,-256.0,118.0,105.0,,847.0,-24.0,864.0,92.0,669.0
111.0,-418.0,181.0,-90.0,,308.0,-152.0,1080.0,-323.0,719.0
60.0,8.0,191.0,-81.0,,945.0,-308.0,1437.0,-388.0,639.0
80.0,-113.0,197.0,-270.0,,438.0,-466.0,1505.0,-239.0,583.0
105.0,-689.0,180.0,-228.0,,619.0,-590.0,1300.0,-148.0,598.0
94.0,-868.0,162.0,-145.0,,830.0,-717.0,491.0,-97.0,549.0
3.0,110.0,147.0,-64.0,,317.0,-809.0,-92.0,42.0,464.0
-58.0,61.0,120.0,-305.0,,1315.0,-787.0,-216.0,256.0,467.0
-45.0,778.0,112.0,-253.0,,586.0,-656.0,-254.0,184.0,426.0
1.0,1389.0,90.0,-245.0,,891.0,-523.0,72.0,272.0,256.0
-16.0,1334.0,55.0,-183.0,,766.0,-457.0,303.0,145.0,147.0
-119.0,1752.0,35.0,24.0,,768.0,-455.0,487.0,176.0,125.0
-113.0,2637.0,23.0,58.0,,1208.0,-451.0,493.0,456.0,32.0
-22.0,2691.0,49.0,226.0,,162.0,-379.0,545.0,249.0,-104.0
-26.0,2321.0,38.0,124.0,,969.0,-271.0,931.0,124.0,-161.0
-110.0,956.0,39.0,37.0,,426.0,-205.0,1204.0,-113.0,-191.0
-112.0,-983.0,71.0,24.0,,647.0,-234.0,1417.0,-196.0,-305.0
-26.0,-725.0,40.0,-79.0,,786.0,-249.0,1343.0,27.0,-367.0
14.0,-1330.0,35.0,19.0,,133.0,-238.0,1454.0,156.0,-298.0
40.0,-2214.0,-12.0,44.0,,778.0,-278.0,1740.0,198.0,-283.0
60.0,-2271.0,-28.0,-65.0,,-214.0,-292.0,1914.0,-34.0,-338.0
115.0,-1622.0,-26.0,-53.0,,652.0,-344.0,1964.0,-40.0,-289.0
229.0,-1330.0,-80.0,36.0,,723.0,-454.0,1437.0,27.0,-195.0
279.0,-1026.0,-97.0,25.0,,692.0,-534.0,971.0,15.0,-248.0
311.0,314.0,-155.0,-348.0,,1078.0,-543.0,646.0,81.0,-291.0
413.0,726.0,-200.0,-734.0,,196.0,-518.0,522.0,31.0,-212.0
562.0,1051.0,-231.0,-786.0,,1257.0,-506.0,594.0,-42.0,-200.0
591.0,638.0,-283.0,-831.0,,627.0,-471.0,655.0,-106.0,-273.0
562.0,693.0,-290.0,-883.0,,797.0,-442.0,866.0,37.0,-214.0
543.0,81.0,-283.0,-756.0,,978.0,-374.0,726.0,-121.0,-54.0
504.0,-508.0,-293.0,-685.0,,861.0,-273.0,685.0,-403.0,18.0
482.0,46.0,-292.0,-552.0,,1746.0,-194.0,761.0,-403.0,184.0
373.0,-815.0,-272.0,-315.0,,732.0,-62.0,925.0,-303.0,478.0
250.0,-1983.0,-226.0,-183.0,,1201.0,85.0,1162.0,173.0,682.0
119.0,-2081.0,-200.0,17.0,,617.0,207.0,994.0,321.0,758.0
84.0,-323.0,-196.0,78.0,,440.0,294.0,770.0,254.0,913.0
45.0,-50.0,-166.0,126.0,,722.0,310.0,293.0,336.0,1077.0
-101.0,-134.0,-170.0,175.0,,80.0,268.0,-127.0,395.0,1050.0
-200.0,813.0,-169.0,15.0,,881.0,197.0,-254.0,484.0,1088.0
-283.0,1127.0,-121.0,-140.0,,165.0,104.0,-79.0,346.0,1241.0
-311.0,616.0,-106.0,-376.0,,469.0,7.0,271.0,340.0,1295.0
-351.0,195.0,-77.0,-508.0,,317.0,-123.0,277.0,290.0,1257.0
-384.0,1565.0,-59.0,-416.0,,308.0,-299.0,205.0,238.0,1366.0
-399.0,1067.0,-96.0,-294.0,,787.0,-428.0,127.0,299.0,1547.0
-320.0,601.0,-104.0,-253.0,,-5.0,-501.0,622.0,301.0,1567.0
-246.0,964.0,-107.0,-197.0,,851.0,-473.0,1461.0,390.0,1568.0
-303.0,-195.0,-149.0,2.0,,415.0,-383.0,2030.0,376.0,1669.0
-366.0,-1230.0,-174.0,110.0,,665.0,-326.0,2414.0,558.0,1712.0
-338.0,-1691.0,-206.0,93.0,,634.0,-273.0,2025.0,571.0,1602.0
-221.0,-1381.0,-224.0,-52.0,,356.0,-193.0,1284.0,278.0,1526.0
-247.0,-1502.0,-183.0,-282.0,,1142.0,-65.0,607.0,180.0,1502.0
-327.0,-1536.0,-232.0,-352.0,,66.0,-10.0,210.0,-92.0,1345.0
-316.0,-822.0,-234.0,-282.0,,316.0,-19.0,247.0,-317.0,1085.0
-245.0,94.0,-201.0,-239.0,,-42.0,-38.0,308.0,-378.0,873.0
-204.0,817.0,-208.0,-311.0,,164.0,-132.0,506.0,-675.0,580.0
-199.0,987.0,-132.0,-224.0,,446.0,-230.0,356.0,-1045.0,189.0
-271.0,692.0,-97.0,-91.0,,-479.0,-251.0,40.0,-1148.0,-93.0
-301.0,500.0,-41.0,-65.0,,414.0,-255.0,-140.0,-1006.0,-307.0
-229.0,421.0,40.0,73.0,,-48.0,-354.0,-84.0,-848.0,-561.0
-304.0,117.0,97.0,-23.0,,328.0,-470.0,460.0,-791.0,-765.0
-421.0,-222.0,125.0,-309.0,,511.0,-531.0,716.0,-883.0,-729.0
-488.0,-85.0,135.0,-505.0,,214.0,-563.0,812.0,-901.0,-667.0
-443.0,147.0,173.0,-489.0,,720.0,-599.0,703.0,-771.0,-694.0
-467.0,-746.0,208.0,-233.0,,-494.0,-629.0,473.0,-573.0,-606.0
-512.0,-167.0,220.0,2.0,,35.0,-525.0,478.0,-596.0,-490.0
-496.0,656.0,242.0,306.0,,-184.0,-358.0,574.0,-792.0,-526.0
-474.0,-373.0,287.0,475.0,,-505.0,-211.0,1029.0,-861.0,-594.0
-360.0,-239.0,285.0,459.0,,87.0,-85.0,1128.0,-923.0,-544.0
-338.0,453.0,270.0,460.0,,-586.0,1.0,661.0,-903.0,-594.0
-378.0,-97.0,280.0,396.0,,333.0,48.0,-31.0,-1025.0,-748.0
-408.0,-876.0,314.0,273.0,,-268.0,28.0,-482.0,-1164.0,-804.0
-296.0,-872.0,345.0,115.0,,-570.0,-42.0,-352.0,-1065.0,-767.0
-233.0,-883.0,365.0,-49.0,,-36.0,-118.0,-36.0,-806.0,-746.0
-320.0,-1432.0,364.0,-341.0,,-461.0,-191.0,600.0,-614.0,-703.0
-308.0,-1563.0,410.0,-570.0,,388.0,-304.0,1184.0,-542.0,-518.0
-215.0,-467.0,467.0,-591.0,,-102.0,-423.0,1494.0,-483.0,-402.0
-144.0,-131.0,457.0,-443.0,,225.0,-476.0,1492.0,-504.0,-359.0
-130.0,-423.0,462.0,-193.0,,321.0,-476.0,1156.0,-283.0,-286.0
-112.0,659.0,496.0,-33.0,,-695.0,-395.0,774.0,-172.0,-249.0
-70.0,888.0,521.0,9.0,,-150.0,-234.0,511.0,-212.0,-244.0
33.0,-223.0,474.0,-123.0,,-351.0,-50.0,807.0,-161.0,-299.0
86.0,-344.0,468.0,-279.0,,387.0,159.0,1119.0,62.0,-369.0
72.0,990.0,443.0,-339.0,,493.0,319.0,1169.0,105.0,-437.0
91.0,1189.0,340.0,-319.0,,-243.0,442.0,1043.0,64.0,-540.0
147.0,229.0,259.0,-271.0,,147.0,588.0,594.0,346.0,-661.0
181.0,662.0,139.0,-249.0,,-694.0,601.0,397.0,161.0,-734.0
158.0,508.0,55.0,-153.0,,-467.0,582.0,230.0,242.0,-752.0
85.0,-543.0,-32.0,42.0,,-383.0,617.0,66.0,449.0,-708.0
-28.0,-550.0,-116.0,235.0,,-817.0,615.0,127.0,324.0,-600.0
-105.0,-169.0,-145.0,245.0,,-251.0,559.0,138.0,253.0,-538.0
-157.0,-399.0,-219.0,142.0,,-854.0,451.0,236.0,-41.0,-498.0
-268.0,-1090.0,-234.0,51.0,,-328.0,420.0,317.0,-181.0,-459.0
-424.0,-812.0,-288.0,-111.0,,-266.0,397.0,513.0,-289.0,-403.0
-494.0,-172.0,-377.0,-167.0,,-835.0,363.0,497.0,-137.0,-368.0
-575.0,-219.0,-371.0,-121.0,,-169.0,425.0,256.0,-222.0,-385.0
-647.0,-399.0,-406.0,-180.0,,-533.0,389.0,247.0,-444.0,-339.0
-708.0,-2.0,-418.0,-401.0,,79.0,208.0,160.0,-312.0,-295.0
-772.0,636.0,-473.0,-632.0,,95.0,46.0,190.0,-321.0,-295.0
-786.0,-1.0,-522.0,-754.0,,-248.0,-60.0,-18.0,61.0,-293.0
-793.0,-707.0,-516.0,-1117.0,,507.0,-113.0,-286.0,223.0,-299.0
-810.0,106.0,-548.0,-1311.0,,-400.0,-183.0,-308.0,189.0,-333.0
-857.0,451.0,-516.0,-1088.0,,-239.0,-268.0,-160.0,306.0,-360.0
-816.0,-313.0,-473.0,-940.0,,-4.0,-300.0,363.0,412.0,-330.0
-770.0,-230.0,-392.0,-859.0,,-134.0,-319.0,546.0,645.0,-314.0
-719.0,337.0,-327.0,-691.0,,507.0,-278.0,511.0,592.0,-319.0
-693.0,316.0,-250.0,-470.0,,-171.0,-193.0,29.0,586.0,-236.0
-682.0,301.0,-146.0,-374.0,,279.0,-160.0,-569.0,501.0,-139.0
-626.0,1318.0,-73.0,-254.0,,60.0,-163.0,-589.0,514.0,-154.0
-530.0,1878.0,12.0,-38.0,,-783.0,-151.0,-197.0,604.0,-123.0
-478.0,1225.0,70.0,110.0,,-479.0,-127.0,565.0,427.0,-16.0
-507.0,1316.0,170.0,63.0,,-761.0,-57.0,764.0,323.0,-7.0
-400.0,1491.0,287.0,-7.0,,313.0,45.0,598.0,353.0,-84.0
-292.0,141.0,383.0,24.0,,148.0,115.0,169.0,508.0,-73.0
-229.0,-1100.0,440.0,-159.0,,-534.0,206.0,-225.0,414.0,-38.0
-223.0,-83.0,502.0,-257.0,,42.0,357.0,-84.0,314.0,-74.0
-153.0,17.0,576.0,-266.0,,-517.0,484.0,86.0,78.0,-71.0
-67.0,-1028.0,637.0,-383.0,,-151.0,484.0,432.0,-3.0,-59.0
-31.0,-982.0,658.0,-319.0,,-319.0,462.0,406.0,464.0,-113.0
39.0,-746.0,634.0,-267.0,,-271.0,501.0,92.0,632.0,-269.0
43.0,36.0,671.0,-273.0,,388.0,529.0,-336.0,522.0,-362.0
152.0,-196.0,653.0,-277.0,,-511.0,509.0,-792.0,157.0,-419.0
269.0,-525.0,586.0,-217.0,,-242.0,490.0,-633.0,-39.0,-538.0
291.0,473.0,582.0,-41.0,,-324.0,467.0,-284.0,49.0,-622.0
285.0,318.0,546.0,69.0,,-363.0,379.0,81.0,-121.0,-681.0
329.0,-440.0,425.0,241.0,,169.0,306.0,121.0,-189.0,-676.0
378.0,-155.0,355.0,525.0,,-469.0,260.0,-116.0,-234.0,-719.0
367.0,238.0,275.0,630.0,,76.0,267.0,-314.0,-524.0,-795.0
315.0,194.0,169.0,480.0,,-185.0,375.0,-349.0,-701.0,-714.0
224.0,106.0,127.0,364.0,,-643.0,517.0,-284.0,-725.0,-551.0
153.0,156.0,25.0,303.0,,-108.0,639.0,-766.0,-875.0,-462.0
64.0,256.0,-38.0,124.0,,-638.0,680.0,-1154.0,-1098.0,-377.0
-45.0,324.0,-25.0,-123.0,,-497.0,701.0,-1197.0,-1232.0,-251.0
-153.0,873.0,-15.0,-339.0,,-909.0,702.0,-1018.0,-1073.0,-243.0
-211.0,903.0,-42.0,-608.0,,-1057.0,637.0,-430.0,-978.0,-258.0
-274.0,9.0,-17.0,-817.0,,-407.0,547.0,162.0,-995.0,-174.0
-347.0,-731.0,46.0,-826.0,,-901.0,404.0,715.0,-915.0,-177.0
-383.0,-1366.0,85.0,-722.0,,-482.0,248.0,617.0,-903.0,-259.0
-355.0,-1644.0,169.0,-493.0,,-376.0,96.0,-57.0,-716.0,-240.0
-346.0,-1852.0,187.0,-323.0,,-468.0,49.0,-598.0,-606.0,-168.0
-371.0,-2341.0,226.0,-272.0,,-260.0,81.0,-687.0,-516.0,-206.0
-370.0,-1928.0,286.0,-347.0,,-919.0,31.0,-314.0,-541.0,-294.0
-329.0,-877.0,249.0,-181.0,,-489.0,31.0,-245.0,-727.0,-248.0
-309.0,-979.0,270.0,290.0,,-505.0,94.0,-332.0,-553.0,-209.0
-320.0,-805.0,291.0,574.0,,-942.0,227.0,-672.0,-393.0,-261.0
-266.0,663.0,272.0,812.0,,-768.0,453.0,-1018.0,-369.0,-243.0
-284.0,733.0,282.0,965.0,,-1080.0,640.0,-934.0,-521.0,-197.0
-308.0,823.0,232.0,878.0,,-647.0,789.0,-796.0,-490.0,-199.0
-296.0,1639.0,210.0,660.0,,-863.0,964.0,-365.0,-161.0,-160.0
-303.0,1236.0,191.0,364.0,,-1100.0,1140.0,-221.0,-6.0,-29.0
-346.0,1039.0,156.0,151.0,,-623.0,1216.0,-378.0,240.0,91.0
-360.0,687.0,139.0,86.0,,-1230.0,1191.0,-580.0,376.0,184.0
-321.0,662.0,103.0,82.0,,-1079.0,1083.0,-522.0,357.0,361.0
-319.0,835.0,101.0,285.0,,-1276.0,919.0,79.0,373.0,609.0
-270.0,726.0,81.0,475.0,,-1370.0,751.0,367.0,512.0,857.0
-218.0,720.0,85.0,532.0,,-764.0,633.0,607.0,556.0,1094.0
-171.0,-96.0,82.0,517.0,,-1404.0,586.0,546.0,256.0,1297.0
-149.0,191.0,69.0,323.0,,-962.0,478.0,177.0,43.0,1464.0
-79.0,-2.0,89.0,250.0,,-1060.0,358.0,-49.0,53.0,1590.0
-47.0,-654.0,73.0,117.0,,-1204.0,274.0,-515.0,109.0,1631.0
-66.0,-721.0,100.0,-98.0,,-546.0,193.0,-585.0,-255.0,1583.0
10.0,-1305.0,135.0,-299.0,,-1009.0,277.0,-408.0,-436.0,1492.0
52.0,-791.0,128.0,-456.0,,-396.0,486.0,-328.0,-274.0,1342.0
58.0,-234.0,86.0,-414.0,,-939.0,674.0,-434.0,-266.0,1114.0
63.0,119.0,64.0,-431.0,,-1223.0,796.0,-630.0,-37.0,856.0
95.0,226.0,82.0,-422.0,,-696.0,893.0,-436.0,55.0,540.0
116.0,344.0,67.0,-328.0,,-1275.0,964.0,-286.0,-61.0,273.0
157.0,808.0,75.0,-355.0,,-541.0,969.0,-273.0,-170.0,159.0
200.0,748.0,85.0,-415.0,,-959.0,973.0,-500.0,-20.0,25.0
204.0,1090.0,97.0,-394.0,,-817.0,898.0,-753.0,53.0,-162.0
261.0,1071.0,122.0,-382.0,,-369.0,781.0,-1140.0,-47.0,-212.0
287.0,3.0,128.0,-423.0,,-890.0,662.0,-1797.0,-114.0,-175.0
255.0,-159.0,129.0,-415.0,,-137.0,522.0,-1795.0,-379.0,-237.0
231.0,539.0,136.0,-306.0,,-530.0,392.0,-1297.0,-197.0,-309.0
215.0,-296.0,143.0,-278.0,,-402.0,243.0,-574.0,20.0,-251.0
177.0,-1070.0,126.0,-196.0,,-423.0,176.0,-195.0,5.0,-184.0
128.0,-899.0,83.0,-21.0,,-855.0,243.0,-441.0,0.0,-139.0
92.0,-1372.0,47.0,-53.0,,-302.0,388.0,-746.0,58.0,13.0
113.0,-1033.0,36.0,-231.0,,-782.0,542.0,-875.0,285.0,101.0
103.0,-451.0,6.0,-324.0,,-546.0,633.0,-594.0,327.0,54.0
71.0,-655.0,-38.0,-285.0,,-583.0,654.0,-284.0,295.0,53.0
104.0,61.0,-54.0,-348.0,,-874.0,656.0,-77.0,12.0,144.0
117.0,594.0,-64.0,-372.0,,-680.0,668.0,-234.0,-178.0,151.0
60.0,250.0,-78.0,-316.0,,-1404.0,732.0,-600.0,-42.0,93.0
41.0,-115.0,-50.0,-170.0,,-999.0,846.0,-546.0,-44.0,217.0
111.0,-896.0,-21.0,169.0,,-806.0,888.0,-315.0,-230.0,360.0
132.0,-900.0,29.0,515.0,,-1062.0,862.0,44.0,-340.0,404.0
147.0,-91.0,81.0,788.0,,-822.0,857.0,240.0,-383.0,526.0
124.0,-211.0,73.0,801.0,,-1164.0,877.0,212.0,-570.0,736.0
26.0,-314.0,105.0,650.0,,-678.0,911.0,75.0,-541.0,854.0
-47.0,858.0,156.0,441.0,,-801.0,973.0,-149.0,-553.0,920.0
-82.0,1259.0,143.0,304.0,,-970.0,975.0,-376.0,-569.0,1018.0
-111.0,833.0,119.0,277.0,,-471.0,873.0,-777.0,-371.0,979.0
-175.0,677.0,150.0,69.0,,-805.0,799.0,-949.0,-274.0,824.0
-187.0,1082.0,125.0,-173.0,,-527.0,792.0,-1093.0,121.0,666.0
-183.0,2092.0,94.0,-342.0,,-670.0,748.0,-1250.0,423.0,503.0
-170.0,2095.0,67.0,-378.0,,-586.0,617.0,-923.0,272.0,259.0
-154.0,2373.0,22.0,-314.0,,-298.0,515.0,-650.0,353.0,2.0
-203.0,1964.0,9.0,-122.0,,-699.0,527.0,-587.0,696.0,-138.0
-253.0,453.0,-60.0,102.0,,-410.0,598.0,-554.0,749.0,-218.0
-269.0,169.0,-124.0,54.0,,-546.0,663.0,-506.0,557.0,-303.0
-308.0,-415.0,-167.0,-55.0,,-307.0,632.0,-602.0,498.0,-406.0
-340.0,-1202.0,-209.0,-180.0,,-171.0,530.0,-1001.0,446.0,-456.0
-303.0,-1303.0,-218.0,-263.0,,-365.0,483.0,-1173.0,442.0,-449.0
-254.0,-1039.0,-232.0,-250.0,,68.0,464.0,-1091.0,434.0,-387.0
-209.0,-692.0,-239.0,-229.0,,-123.0,342.0,-897.0,414.0,-340.0
-167.0,-253.0,-181.0,-65.0,,135.0,140.0,-984.0,121.0,-321.0
-93.0,-262.0,-165.0,55.0,,153.0,21.0,-1077.0,-266.0,-283.0
-74.0,-592.0,-180.0,102.0,,-52.0,21.0,-500.0,-135.0,-314.0
-44.0,375.0,-140.0,126.0,,185.0,8.0,-149.0,-87.0,-318.0
17.0,1033.0,-103.0,62.0,,120.0,14.0,5.0,-216.0,-321.0
-21.0,514.0,-66.0,44.0,,659.0,119.0,51.0,-205.0,-429.0
-11.0,446.0,-49.0,-7.0,,503.0,199.0,105.0,-20.0,-445.0
5.0,545.0,-1.0,-123.0,,148.0,303.0,450.0,22.0,-378.0
0.0,-157.0,18.0,-190.0,,221.0,430.0,519.0,206.0,-393.0
-55.0,-595.0,44.0,-184.0,,264.0,469.0,373.0,450.0,-429.0
-92.0,-405.0,91.0,80.0,,738.0,492.0,-232.0,297.0,-360.0
-73.0,-659.0,54.0,305.0,,277.0,509.0,-593.0,427.0,-285.0
-107.0,-963.0,53.0,205.0,,178.0,472.0,-471.0,481.0,-292.0
-128.0,-1206.0,37.0,161.0,,181.0,328.0,-341.0,530.0,-262.0
-138.0,-1109.0,-41.0,78.0,,-154.0,196.0,-339.0,449.0,-228.0
-76.0,-822.0,-106.0,29.0,,82.0,164.0,-999.0,217.0,-258.0
-27.0,-78.0,-188.0,117.0,,-63.0,109.0,-1424.0,201.0,-300.0
0.0,1240.0,-286.0,155.0,,606.0,2.0,-1443.0,39.0,-285.0
45.0,1917.0,-399.0,198.0,,620.0,-148.0,-1513.0,27.0,-305.0
73.0,2267.0,-492.0,150.0,,365.0,-272.0,-1644.0,-58.0,-464.0
107.0,1523.0,-546.0,154.0,,947.0,-313.0,-1683.0,-65.0,-524.0
143.0,489.0,-592.0,191.0,,711.0,-245.0,-1358.0,-135.0,-475.0
191.0,39.0,-631.0,62.0,,830.0,-163.0,-927.0,-233.0,-525.0
167.0,-683.0,-649.0,-73.0,,492.0,-207.0,-347.0,13.0,-589.0
156.0,-984.0,-649.0,-105.0,,499.0,-280.0,-214.0,0.0,-504.0
219.0,-1359.0,-648.0,-180.0,,813.0,-283.0,-591.0,-274.0,-398.0
273.0,-1445.0,-644.0,-235.0,,105.0,-211.0,-617.0,-740.0,-422.0
283.0,-1407.0,-653.0,-132.0,,157.0,-188.0,-225.0,-849.0,-412.0
323.0,-1801.0,-624.0,-68.0,,202.0,-243.0,295.0,-714.0,-339.0
370.0,-1838.0,-587.0,-68.0,,490.0,-258.0,519.0,-722.0,-292.0
399.0,-1221.0,-552.0,55.0,,590.0,-208.0,393.0,-500.0,-216.0
439.0,-339.0,-529.0,312.0,,66.0,-109.0,105.0,-441.0,-72.0
485.0,264.0,-487.0,501.0,,431.0,-29.0,-72.0,-294.0,-5.0
526.0,1438.0,-406.0,489.0,,448.0,18.0,-48.0,15.0,-58.0
529.0,1529.0,-390.0,547.0,,388.0,-57.0,-249.0,87.0,12.0
527.0,805.0,-362.0,837.0,,483.0,-204.0,-160.0,97.0,172.0
492.0,1284.0,-369.0,1055.0,,213.0,-255.0,96.0,122.0,179.0
458.0,1314.0,-324.0,1079.0,,306.0,-275.0,35.0,281.0,87.0
378.0,550.0,-278.0,952.0,,51.0,-271.0,18.0,432.0,71.0
334.0,168.0,-285.0,837.0,,-83.0,-302.0,-325.0,394.0,77.0
319.0,811.0,-221.0,909.0,,278.0,-328.0,-314.0,195.0,30.0
257.0,543.0,-178.0,1027.0,,178.0,-325.0,230.0,-2.0,16.0
202.0,-110.0,-117.0,972.0,,198.0,-378.0,424.0,53.0,69.0
148.0,477.0,-60.0,726.0,,298.0,-394.0,55.0,318.0,152.0
208.0,198.0,-32.0,416.0,,237.0,-330.0,-703.0,425.0,249.0
233.0,-132.0,-24.0,103.0,,350.0,-262.0,-1032.0,304.0,399.0
258.0,403.0,12.0,-231.0,,20.0,-194.0,-888.0,168.0,523.0
287.0,361.0,-15.0,-457.0,,-35.0,-123.0,-419.0,159.0,573.0
327.0,-327.0,-48.0,-250.0,,219.0,-47.0,-218.0,452.0,666.0
393.0,-423.0,-36.0,114.0,,-47.0,10.0,-589.0,554.0,769.0
366.0,-143.0,-84.0,300.0,,40.0,-38.0,-1110.0,278.0,734.0
361.0,-92.0,-110.0,400.0,,-39.0,-180.0,-1496.0,258.0,619.0
341.0,72.0,-139.0,519.0,,-58.0,-317.0,-1297.0,524.0,517.0
414.0,139.0,-163.0,782.0,,150.0,-372.0,-1053.0,704.0,359.0
421.0,306.0,-205.0,982.0,,-278.0,-388.0,-1064.0,818.0,161.0
398.0,195.0,-249.0,1048.0,,99.0,-459.0,-1269.0,810.0,-11.0
417.0,-702.0,-295.0,1054.0,,258.0,-582.0,-1474.0,735.0,-131.0
397.0,-1388.0,-336.0,776.0,,33.0,-649.0,-1581.0,1083.0,-177.0
465.0,-445.0,-381.0,371.0,,421.0,-618.0,-1393.0,1223.0,-121.0
386.0,-125.0,-374.0,122.0,,183.0,-544.0,-764.0,961.0,-4.0
322.0,-329.0,-388.0,-36.0,,499.0,-384.0,-321.0,714.0,46.0
330.0,818.0,-374.0,-136.0,,584.0,-204.0,164.0,449.0,99.0
345.0,715.0,-270.0,-206.0,,339.0,-81.0,474.0,546.0,213.0
355.0,900.0,-284.0,-321.0,,803.0,-6.0,607.0,736.0,307.0
306.0,1223.0,-226.0,-366.0,,332.0,-2.0,835.0,558.0,363.0
345.0,337.0,-208.0,-353.0,,386.0,-46.0,718.0,-19.0,363.0
337.0,551.0,-167.0,-385.0,,634.0,-140.0,724.0,-348.0,366.0
315.0,407.0,-71.0,-203.0,,457.0,-351.0,689.0,-293.0,416.0
284.0,-490.0,-91.0,113.0,,837.0,-683.0,413.0,-345.0,468.0
285.0,-831.0,-48.0,291.0,,262.0,-1019.0,33.0,-546.0,477.0
311.0,-1206.0,-32.0,195.0,,197.0,-1235.0,-437.0,-903.0,498.0
223.0,-1640.0,-24.0,-62.0,,668.0,-1322.0,-376.0,-1004.0,637.0
158.0,-1646.0,-21.0,27.0,,406.0,-1355.0,46.0,-882.0,745.0
115.0,-1620.0,-4.0,213.0,,588.0,-1284.0,448.0,-645.0,816.0
95.0,-1310.0,18.0,63.0,,559.0,-1118.0,97.0,-709.0,889.0
-9.0,-318.0,36.0,-290.0,,682.0,-936.0,-642.0,-986.0,913.0
-127.0,100.0,70.0,-563.0,,912.0,-712.0,-487.0,-791.0,943.0
-154.0,-278.0,61.0,-549.0,,614.0,-469.0,-101.0,-580.0,940.0
-234.0,-19.0,101.0,-388.0,,761.0,-297.0,423.0,-444.0,918.0
-280.0,574.0,128.0,-249.0,,790.0,-175.0,870.0,-566.0,819.0
-345.0,407.0,161.0,-159.0,,546.0,-71.0,862.0,-717.0,721.0
-387.0,170.0,150.0,-141.0,,530.0,-182.0,733.0,-500.0,677.0
-407.0,155.0,93.0,-288.0,,421.0,-437.0,315.0,-334.0,553.0
-447.0,-7.0,60.0,-528.0,,411.0,-614.0,-110.0,-122.0,364.0
-448.0,-184.0,-7.0,-714.0,,512.0,-794.0,-177.0,15.0,137.0
-479.0,-246.0,-55.0,-699.0,,479.0,-997.0,423.0,106.0,-11.0
-485.0,206.0,-100.0,-504.0,,580.0,-1227.0,1045.0,371.0,-125.0
-492.0,69.0,-128.0,-269.0,,649.0,-1469.0,1243.0,552.0,-281.0
-468.0,-343.0,-166.0,-31.0,,455.0,-1620.0,1071.0,538.0,-412.0
-431.0,221.0,-231.0,-34.0,,564.0,-1612.0,471.0,414.0,-469.0
-427.0,136.0,-229.0,-201.0,,744.0,-1476.0,-245.0,449.0,-516.0
-387.0,-253.0,-210.0,-302.0,,695.0,-1327.0,-968.0,660.0,-564.0
-317.0,-404.0,-228.0,-388.0,,751.0,-1146.0,-1027.0,846.0,-484.0
-172.0,86.0,-263.0,-492.0,,600.0,-928.0,-685.0,840.0,-438.0
-90.0,29.0,-267.0,-629.0,,664.0,-784.0,-145.0,481.0,-478.0
-66.0,-694.0,-208.0,-647.0,,705.0,-739.0,428.0,256.0,-438.0
36.0,377.0,-229.0,-615.0,,346.0,-728.0,245.0,492.0,-376.0
110.0,467.0,-265.0,-623.0,,550.0,-806.0,-216.0,577.0,-454.0
123.0,82.0,-230.0,-465.0,,588.0,-1003.0,-637.0,447.0,-593.0
112.0,310.0,-218.0,-210.0,,483.0,-1254.0,-352.0,406.0,-564.0
146.0,330.0,-190.0,32.0,,389.0,-1504.0,548.0,319.0,-557.0
196.0,169.0,-173.0,401.0,,91.0,-1738.0,1219.0,333.0,-667.0
222.0,-604.0,-160.0,843.0,,484.0,-1950.0,1496.0,489.0,-669.0
228.0,-478.0,-128.0,941.0,,281.0,-2039.0,971.0,508.0,-601.0
177.0,-832.0,-105.0,737.0,,-80.0,-2005.0,177.0,270.0,-618.0
177.0,-1100.0,-82.0,757.0,,238.0,-1881.0,-526.0,111.0,-574.0
189.0,-1677.0,-69.0,812.0,,273.0,-1662.0,-617.0,161.0,-381.0
158.0,-2300.0,-27.0,751.0,,494.0,-1388.0,-49.0,148.0,-280.0
93.0,-1227.0,-23.0,722.0,,419.0,-1153.0,64.0,123.0,-250.0
97.0,-1405.0,-84.0,684.0,,492.0,-972.0,14.0,187.0,-152.0
200.0,-909.0,-151.0,621.0,,820.0,-830.0,-5.0,264.0,-30.0
190.0,210.0,-213.0,393.0,,519.0,-813.0,12.0,226.0,-51.0
139.0,-273.0,-241.0,145.0,,607.0,-818.0,49.0,179.0,-145.0
60.0,135.0,-350.0,-43.0,,564.0,-805.0,94.0,61.0,-166.0
20.0,1432.0,-438.0,-96.0,,373.0,-894.0,280.0,-155.0,-201.0
41.0,1643.0,-467.0,36.0,,588.0,-1105.0,182.0,-200.0,-249.0
24.0,752.0,-509.0,201.0,,448.0,-1365.0,280.0,-142.0,-304.0
26.0,1074.0,-543.0,432.0,,534.0,-1622.0,471.0,-128.0,-276.0
6.0,1867.0,-631.0,570.0,,515.0,-1897.0,423.0,-126.0,-197.0
38.0,1461.0,-628.0,670.0,,177.0,-2036.0,321.0,-134.0,-73.0
60.0,1071.0,-615.0,765.0,,325.0,-2037.0,-70.0,-119.0,118.0
42.0,1428.0,-627.0,615.0,,425.0,-1978.0,-269.0,-80.0,269.0
-22.0,1732.0,-638.0,346.0,,371.0,-1802.0,-70.0,-62.0,387.0
-72.0,882.0,-623.0,129.0,,125.0,-1564.0,179.0,-141.0,508.0
-49.0,810.0,-516.0,-18.0,,-27.0,-1274.0,120.0,-384.0,685.0
-98.0,889.0,-431.0,-6.0,,274.0,-927.0,-9.0,-496.0,782.0
-140.0,450.0,-349.0,98.0,,160.0,-539.0,70.0,-526.0,815.0
-165.0,230.0,-237.0,9.0,,119.0,-250.0,40.0,-555.0,854.0
-140.0,-754.0,-123.0,-49.0,,538.0,-124.0,463.0,-524.0,894.0
-139.0,-757.0,-37.0,72.0,,774.0,-6.0,672.0,-709.0,877.0
-163.0,-1010.0,64.0,6.0,,737.0,56.0,177.0,-746.0,740.0
-151.0,-1100.0,168.0,-151.0,,322.0,-46.0,173.0,-491.0,694.0
-138.0,-608.0,223.0,-282.0,,471.0,-199.0,373.0,-377.0,663.0
-83.0,-992.0,278.0,-369.0,,936.0,-280.0,436.0,-164.0,551.0
-68.0,-289.0,297.0,-375.0,,574.0,-371.0,408.0,71.0,468.0
-69.0,161.0,280.0,-398.0,,231.0,-527.0,482.0,-92.0,481.0
-46.0,-203.0,305.0,-330.0,,270.0,-642.0,519.0,-185.0,456.0
-2.0,-229.0,287.0,-110.0,,550.0,-614.0,413.0,-112.0,388.0
26.0,624.0,223.0,34.0,,594.0,-503.0,393.0,12.0,428.0
74.0,973.0,172.0,-102.0,,148.0,-412.0,-271.0,183.0,465.0
129.0,54.0,139.0,-314.0,,341.0,-325.0,-532.0,134.0,417.0
206.0,134.0,85.0,-332.0,,671.0,-173.0,16.0,162.0,323.0
332.0,128.0,45.0,-283.0,,590.0,-6.0,648.0,464.0,318.0
431.0,94.0,83.0,-284.0,,730.0,121.0,1051.0,772.0,297.0
494.0,811.0,41.0,-269.0,,813.0,227.0,872.0,746.0,202.0
523.0,958.0,100.0,-271.0,,995.0,218.0,740.0,487.0,135.0
588.0,633.0,135.0,-221.0,,959.0,135.0,461.0,260.0,64.0
618.0,27.0,132.0,-173.0,,560.0,55.0,328.0,254.0,-57.0
594.0,318.0,231.0,-319.0,,595.0,-61.0,221.0,349.0,-155.0
527.0,852.0,219.0,-480.0,,525.0,-236.0,-83.0,-38.0,-147.0
536.0,-192.0,261.0,-585.0,,407.0,-495.0,-443.0,-435.0,-147.0
566.0,-521.0,264.0,-625.0,,519.0,-738.0,-1365.0,-464.0,-114.0
515.0,292.0,293.0,-539.0,,344.0,-886.0,-1904.0,-526.0,14.0
505.0,316.0,323.0,-228.0,,430.0,-1008.0,-1705.0,-548.0,154.0
470.0,-558.0,301.0,157.0,,365.0,-1107.0,-977.0,-713.0,194.0
500.0,-1371.0,300.0,335.0,,54.0,-1064.0,-497.0,-1016.0,205.0
506.0,-1210.0,208.0,418.0,,180.0,-923.0,-304.0,-943.0,298.0
479.0,-1345.0,171.0,460.0,,-189.0,-773.0,216.0,-659.0,366.0
447.0,-1852.0,173.0,526.0,,-363.0,-610.0,467.0,-446.0,364.0
447.0,-1362.0,130.0,540.0,,-98.0,-425.0,779.0,-274.0,331.0
455.0,-135.0,63.0,432.0,,-198.0,-153.0,929.0,-380.0,334.0
377.0,491.0,99.0,252.0,,26.0,59.0,968.0,-429.0,294.0
369.0,913.0,83.0,72.0,,108.0,109.0,814.0,-180.0,159.0
388.0,1698.0,62.0,-179.0,,5.0,92.0,197.0,-173.0,117.0
435.0,1214.0,109.0,-563.0,,-86.0,120.0,22.0,-253.0,130.0
415.0,711.0,148.0,-694.0,,-621.0,182.0,59.0,-260.0,69.0
422.0,1585.0,184.0,-611.0,,-626.0,144.0,110.0,-327.0,92.0
419.0,1930.0,131.0,-411.0,,-98.0,98.0,40.0,-143.0,201.0
421.0,608.0,135.0,-179.0,,-173.0,121.0,66.0,121.0,219.0
498.0,-451.0,172.0,0.0,,-226.0,94.0,164.0,93.0,242.0
467.0,69.0,229.0,158.0,,-181.0,10.0,-33.0,134.0,328.0
443.0,196.0,161.0,126.0,,-146.0,6.0,153.0,266.0,329.0
481.0,-441.0,116.0,24.0,,200.0,63.0,365.0,281.0,220.0
558.0,-14.0,160.0,-114.0,,-272.0,113.0,628.0,356.0,132.0
485.0,1140.0,72.0,-314.0,,-502.0,197.0,1225.0,228.0,132.0
420.0,1669.0,63.0,-518.0,,-56.0,199.0,1672.0,-6.0,67.0
471.0,1616.0,70.0,-576.0,,-36.0,126.0,1653.0,92.0,-42.0
485.0,837.0,89.0,-482.0,,237.0,81.0,984.0,328.0,-100.0
426.0,539.0,132.0,-373.0,,81.0,72.0,572.0,481.0,-206.0
371.0,31.0,132.0,-280.0,,-287.0,144.0,471.0,418.0,-325.0
398.0,-1043.0,137.0,-219.0,,-131.0,171.0,417.0,209.0,-396.0
367.0,-181.0,215.0,-103.0,,-402.0,160.0,545.0,216.0,-425.0
382.0,-169.0,271.0,-97.0,,-386.0,179.0,541.0,291.0,-456.0
413.0,-488.0,240.0,-121.0,,-251.0,173.0,602.0,230.0,-481.0
417.0,667.0,288.0,-103.0,,-366.0,227.0,426.0,139.0,-509.0
394.0,789.0,307.0,-140.0,,158.0,313.0,312.0,56.0,-518.0
320.0,613.0,300.0,-249.0,,67.0,414.0,456.0,235.0,-409.0
251.0,580.0,298.0,-339.0,,-80.0,498.0,641.0,412.0,-341.0
233.0,746.0,289.0,-340.0,,298.0,511.0,994.0,237.0,-264.0
165.0,532.0,285.0,-484.0,,211.0,442.0,1073.0,208.0,-75.0
25.0,-26.0,248.0,-470.0,,598.0,345.0,1226.0,221.0,43.0
-14.0,52.0,198.0,-230.0,,572.0,390.0,1210.0,-42.0,97.0
-25.0,-445.0,138.0,-61.0,,231.0,468.0,984.0,-150.0,242.0
-69.0,-1741.0,147.0,85.0,,644.0,484.0,855.0,-60.0,371.0
-163.0,-1794.0,166.0,292.0,,525.0,505.0,545.0,-142.0,353.0
-169.0,-531.0,131.0,525.0,,446.0,567.0,463.0,-241.0,383.0
-132.0,-606.0,64.0,755.0,,596.0,652.0,421.0,-221.0,444.0
-145.0,-1264.0,46.0,883.0,,419.0,747.0,589.0,-236.0,373.0
-191.0,-785.0,76.0,688.0,,799.0,789.0,731.0,-408.0,218.0
-204.0,-145.0,24.0,251.0,,732.0,771.0,617.0,-662.0,152.0
-132.0,-200.0,-2.0,-131.0,,461.0,793.0,648.0,-607.0,89.0
-145.0,13.0,23.0,-204.0,,995.0,728.0,635.0,-474.0,-37.0
-183.0,495.0,18.0,-191.0,,943.0,623.0,785.0,-356.0,-46.0
-169.0,274.0,43.0,-66.0,,859.0,540.0,596.0,-217.0,-2.0
-80.0,626.0,49.0,237.0,,914.0,439.0,317.0,-399.0,25.0
-9.0,1289.0,58.0,283.0,,589.0,378.0,169.0,-450.0,-8.0
-58.0,1181.0,128.0,286.0,,679.0,290.0,-203.0,-289.0,16.0
-108.0,1145.0,169.0,313.0,,300.0,249.0,-262.0,-208.0,64.0
-71.0,1514.0,167.0,133.0,,77.0,286.0,-280.0,-39.0,21.0
-20.0,1979.0,163.0,-28.0,,500.0,338.0,-210.0,-115.0,24.0
-42.0,1849.0,180.0,-81.0,,131.0,385.0,-421.0,-257.0,-11.0
-89.0,869.0,199.0,-173.0,,106.0,415.0,-868.0,20.0,-93.0
-75.0,289.0,189.0,-397.0,,298.0,450.0,-840.0,287.0,-104.0
-54.0,-125.0,160.0,-525.0,,129.0,481.0,-814.0,417.0,-70.0
-96.0,-767.0,184.0,-627.0,,372.0,564.0,-772.0,452.0,-104.0
-172.0,-1243.0,178.0,-872.0,,123.0,671.0,-724.0,408.0,-113.0
-202.0,-1535.0,159.0,-933.0,,212.0,695.0,-467.0,364.0,-58.0
-138.0,-584.0,131.0,-926.0,,498.0,617.0,-25.0,351.0,10.0
-86.0,-82.0,97.0,-978.0,,-94.0,535.0,262.0,513.0,119.0
-94.0,-767.0,132.0,-935.0,,-87.0,490.0,450.0,491.0,261.0
-131.0,-824.0,92.0,-809.0,,-80.0,362.0,367.0,504.0,422.0
-90.0,-424.0,79.0,-562.0,,-203.0,245.0,345.0,677.0,519.0
-52.0,-249.0,94.0,-283.0,,-14.0,258.0,230.0,641.0,643.0
-140.0,-911.0,99.0,-107.0,,-584.0,262.0,60.0,739.0,747.0
-163.0,-1319.0,75.0,84.0,,-397.0,244.0,-166.0,761.0,763.0
-117.0,-832.0,13.0,230.0,,186.0,314.0,-585.0,564.0,767.0
-133.0,-42.0,-1.0,233.0,,-235.0,428.0,-792.0,659.0,719.0
-147.0,342.0,-4.0,259.0,,-361.0,517.0,-988.0,871.0,612.0
-126.0,567.0,-17.0,121.0,,-486.0,624.0,-768.0,903.0,538.0
-78.0,1458.0,-50.0,-20.0,,-494.0,776.0,-206.0,972.0,511.0
-14.0,1539.0,-57.0,-69.0,,-273.0,905.0,221.0,920.0,412.0
39.0,1440.0,-41.0,-162.0,,-713.0,947.0,478.0,844.0,364.0
66.0,1916.0,-35.0,-1.0,,-754.0,936.0,519.0,1087.0,377.0
65.0,1726.0,-73.0,387.0,,-579.0,905.0,705.0,1096.0,368.0
143.0,1087.0,-58.0,726.0,,-837.0,811.0,752.0,817.0,324.0
167.0,45.0,-23.0,802.0,,-669.0,726.0,748.0,578.0,286.0
137.0,-579.0,-22.0,625.0,,-818.0,697.0,587.0,425.0,318.0
173.0,-607.0,-28.0,402.0,,-1174.0,629.0,40.0,333.0,306.0
202.0,-1019.0,-50.0,245.0,,-1062.0,548.0,-360.0,182.0,286.0
213.0,-793.0,-61.0,167.0,,-1229.0,497.0,-875.0,13.0,250.0
205.0,-475.0,-86.0,245.0,,-920.0,515.0,-1154.0,-339.0,127.0
232.0,-163.0,-118.0,280.0,,-692.0,623.0,-1038.0,-464.0,8.0
184.0,257.0,-166.0,155.0,,-917.0,727.0,-890.0,-319.0,-6.0
129.0,-264.0,-176.0,23.0,,-498.0,813.0,-593.0,-453.0,-77.0
127.0,-176.0,-203.0,0.0,,-383.0,856.0,-273.0,-685.0,-218.0
81.0,-235.0,-259.0,121.0,,-306.0,857.0,303.0,-866.0,-232.0
56.0,-536.0,-289.0,190.0,,-70.0,816.0,687.0,-843.0,-224.0
66.0,-821.0,-302.0,251.0,,-419.0,692.0,781.0,-620.0,-316.0
58.0,-1340.0,-303.0,328.0,,-527.0,623.0,857.0,-569.0,-410.0
22.0,-999.0,-293.0,433.0,,-542.0,565.0,705.0,-668.0,-404.0
58.0,-652.0,-289.0,643.0,,-744.0,394.0,548.0,-697.0,-455.0
42.0,679.0,-268.0,688.0,,-585.0,245.0,201.0,-599.0,-463.0
-34.0,1848.0,-202.0,578.0,,-604.0,182.0,-40.0,-285.0,-345.0
-40.0,1884.0,-168.0,492.0,,-626.0,165.0,-339.0,-181.0,-306.0
-54.0,2220.0,-138.0,370.0,,-457.0,182.0,-816.0,-409.0,-302.0
-120.0,2465.0,-66.0,141.0,,-636.0,266.0,-1040.0,-585.0,-224.0
-229.0,2155.0,-5.0,-173.0,,-505.0,418.0,-1213.0,-686.0,-114.0
-309.0,1273.0,74.0,-371.0,,-571.0,571.0,-986.0,-604.0,-45.0
-360.0,516.0,121.0,-393.0,,-785.0,749.0,-670.0,-423.0,64.0
-423.0,-237.0,145.0,-345.0,,-371.0,933.0,-336.0,-325.0,138.0
-464.0,-953.0,192.0,-236.0,,-471.0,1044.0,20.0,-363.0,181.0
-504.0,-1734.0,174.0,-123.0,,-736.0,1079.0,109.0,-291.0,283.0
-497.0,-2172.0,193.0,-131.0,,-783.0,1079.0,393.0,-92.0,318.0
-429.0,-2391.0,155.0,-173.0,,-889.0,1015.0,622.0,256.0,331.0
-400.0,-2426.0,159.0,-104.0,,-556.0,878.0,689.0,509.0,365.0
-392.0,-1773.0,132.0,-31.0,,-534.0,703.0,328.0,402.0,344.0
-331.0,-1191.0,3.0,-41.0,,-648.0,502.0,-232.0,470.0,268.0
-233.0,-409.0,20.0,-186.0,,-317.0,358.0,-646.0,544.0,238.0
-224.0,200.0,-73.0,-449.0,,-406.0,268.0,-1149.0,465.0,206.0
-246.0,830.0,-174.0,-702.0,,-553.0,233.0,-1249.0,287.0,83.0
-206.0,611.0,-233.0,-729.0,,-477.0,282.0,-1149.0,80.0,-11.0
-137.0,181.0,-356.0,-570.0,,-412.0,366.0,-811.0,-12.0,-66.0
-84.0,811.0,-402.0,-529.0,,-27.0,454.0,-291.0,-28.0,-202.0
-49.0,447.0,-453.0,-491.0,,-123.0,450.0,260.0,-12.0,-444.0
-1.0,40.0,-519.0,-373.0,,-586.0,395.0,886.0,-145.0,-585.0
53.0,138.0,-513.0,-286.0,,-678.0,434.0,1032.0,-229.0,-613.0
146.0,-314.0,-469.0,-121.0,,-821.0,546.0,973.0,-195.0,-813.0
145.0,-742.0,-425.0,143.0,,-694.0,615.0,733.0,-65.0,-983.0
85.0,-759.0,-381.0,280.0,,-644.0,637.0,630.0,36.0,-950.0
114.0,-663.0,-344.0,325.0,,-1118.0,705.0,559.0,99.0,-952.0
201.0,-608.0,-235.0,545.0,,-1136.0,786.0,123.0,238.0,-1023.0
143.0,-835.0,-154.0,705.0,,-920.0,772.0,-214.0,269.0,-1008.0
15.0,-1022.0,-148.0,555.0,,-633.0,741.0,-755.0,318.0,-938.0
71.0,-886.0,-89.0,217.0,,-308.0,732.0,-1071.0,315.0,-871.0
120.0,-660.0,-68.0,-17.0,,-515.0,619.0,-1151.0,232.0,-742.0
140.0,-706.0,-28.0,-71.0,,-541.0,466.0,-1080.0,449.0,-661.0
163.0,-820.0,11.0,-86.0,,-487.0,331.0,-526.0,622.0,-653.0
209.0,-273.0,-40.0,-75.0,,-592.0,243.0,62.0,604.0,-641.0
330.0,-620.0,-22.0,-23.0,,-579.0,245.0,667.0,712.0,-617.0
458.0,-907.0,-34.0,137.0,,-786.0,281.0,879.0,617.0,-631.0
433.0,-437.0,-67.0,210.0,,-683.0,372.0,812.0,417.0,-726.0
300.0,-547.0,-90.0,22.0,,-492.0,516.0,508.0,435.0,-850.0
304.0,-354.0,-130.0,-186.0,,-720.0,662.0,-31.0,431.0,-861.0
314.0,341.0,-108.0,-269.0,,-651.0,805.0,-264.0,327.0,-783.0
190.0,1080.0,-63.0,-224.0,,-594.0,924.0,-369.0,126.0,-740.0
80.0,944.0,-29.0,-77.0,,-742.0,1030.0,-325.0,-247.0,-663.0
102.0,1111.0,-16.0,89.0,,-699.0,1118.0,-491.0,-473.0,-569.0
99.0,1238.0,38.0,304.0,,-792.0,1109.0,-604.0,-463.0,-428.0
-12.0,529.0,110.0,375.0,,-830.0,1013.0,-412.0,-612.0,-278.0
-144.0,324.0,167.0,228.0,,-772.0,885.0,-271.0,-848.0,-170.0
-265.0,253.0,237.0,101.0,,-840.0,750.0,-55.0,-894.0,-56.0
-335.0,539.0,309.0,45.0,,-720.0,641.0,-81.0,-804.0,56.0
-393.0,499.0,378.0,148.0,,-515.0,577.0,-12.0,-608.0,149.0
-492.0,513.0,424.0,321.0,,-507.0,538.0,158.0,-378.0,225.0
-515.0,506.0,438.0,493.0,,-636.0,486.0,247.0,-334.0,284.0
-478.0,15.0,475.0,556.0,,-768.0,428.0,290.0,-327.0,228.0
-472.0,-187.0,470.0,399.0,,-855.0,335.0,44.0,-373.0,260.0
-448.0,-280.0,408.0,289.0,,-888.0,281.0,-3.0,-333.0,317.0
-372.0,-52.0,378.0,236.0,,-831.0,321.0,-83.0,-104.0,182.0
-327.0,-322.0,312.0,150.0,,-783.0,368.0,-182.0,-81.0,95.0
-330.0,-277.0,260.0,17.0,,-676.0,458.0,-57.0,-22.0,87.0
-268.0,101.0,199.0,-63.0,,-369.0,574.0,-27.0,4.0,17.0
-234.0,-120.0,137.0,-115.0,,-285.0,598.0,-55.0,-182.0,-54.0
-212.0,-446.0,110.0,-85.0,,-223.0,576.0,-321.0,-181.0,-59.0
-170.0,-99.0,89.0,131.0,,-223.0,670.0,-552.0,5.0,-77.0
-86.0,624.0,82.0,303.0,,-714.0,794.0,-674.0,-5.0,-109.0
24.0,2.0,77.0,483.0,,-615.0,813.0,-655.0,-47.0,-106.0
54.0,-361.0,59.0,421.0,,-419.0,787.0,-365.0,20.0,-156.0
64.0,269.0,52.0,107.0,,-719.0,766.0,-223.0,-131.0,-265.0
79.0,741.0,92.0,-99.0,,-361.0,730.0,112.0,-271.0,-345.0
129.0,47.0,68.0,-274.0,,-285.0,649.0,413.0,-319.0,-434.0
113.0,-967.0,65.0,-387.0,,-538.0,573.0,484.0,-452.0,-525.0
93.0,-895.0,83.0,-366.0,,-175.0,529.0,561.0,-408.0,-588.0
66.0,-1478.0,17.0,-240.0,,-578.0,482.0,624.0,-296.0,-681.0
68.0,-1994.0,0.0,-36.0,,-613.0,452.0,715.0,-345.0,-776.0
182.0,-2018.0,-7.0,145.0,,305.0,437.0,456.0,-161.0,-763.0
171.0,-1982.0,-46.0,186.0,,-345.0,384.0,206.0,85.0,-725.0
138.0,-1438.0,-83.0,236.0,,-643.0,333.0,-195.0,181.0,-736.0
201.0,-1351.0,-150.0,262.0,,-2.0,306.0,-637.0,250.0,-631.0
294.0,-1261.0,-223.0,218.0,,-505.0,240.0,-744.0,125.0,-479.0
284.0,-591.0,-257.0,208.0,,-401.0,133.0,-910.0,-77.0,-381.0
210.0,-581.0,-280.0,228.0,,-287.0,59.0,-779.0,-266.0,-287.0
248.0,-533.0,-322.0,297.0,,-909.0,42.0,-580.0,-168.0,-212.0
293.0,597.0,-358.0,444.0,,-406.0,-18.0,-249.0,-134.0,-194.0
272.0,1058.0,-363.0,585.0,,-221.0,-102.0,5.0,-280.0,-164.0
165.0,1006.0,-345.0,576.0,,-776.0,-109.0,127.0,-151.0,-32.0
82.0,1305.0,-363.0,601.0,,-319.0,-92.0,367.0,-70.0,7.0
129.0,1250.0,-335.0,460.0,,47.0,-60.0,352.0,13.0,-113.0
155.0,949.0,-283.0,281.0,,-220.0,90.0,504.0,93.0,-175.0
78.0,578.0,-270.0,283.0,,102.0,209.0,251.0,23.0,-187.0
8.0,-2.0,-237.0,178.0,,293.0,268.0,-221.0,-49.0,-350.0
63.0,135.0,-215.0,73.0,,-157.0,393.0,-635.0,31.0,-554.0
105.0,114.0,-176.0,28.0,,-8.0,436.0,-1018.0,223.0,-677.0
51.0,23.0,-139.0,48.0,,135.0,437.0,-827.0,249.0,-775.0
53.0,1011.0,-95.0,6.0,,-398.0,475.0,-790.0,199.0,-782.0
41.0,1335.0,-58.0,-87.0,,-269.0,536.0,-576.0,175.0,-762.0
11.0,1019.0,-24.0,-109.0,,-171.0,596.0,-345.0,287.0,-804.0
28.0,936.0,17.0,-183.0,,-761.0,560.0,-583.0,547.0,-773.0
-11.0,1366.0,17.0,-235.0,,-475.0,444.0,-883.0,550.0,-587.0
-37.0,1253.0,18.0,-70.0,,-281.0,342.0,-927.0,452.0,-432.0
-33.0,923.0,17.0,141.0,,-731.0,287.0,-628.0,441.0,-352.0
-46.0,445.0,21.0,157.0,,-177.0,215.0,-777.0,335.0,-282.0
-74.0,-523.0,39.0,142.0,,-160.0,165.0,-838.0,301.0,-286.0
-99.0,-780.0,23.0,96.0,,-593.0,83.0,-759.0,262.0,-299.0
-116.0,-1224.0,10.0,-22.0,,197.0,2.0,-803.0,160.0,-308.0
-179.0,-928.0,-8.0,-276.0,,180.0,-10.0,-413.0,-20.0,-355.0
-211.0,-230.0,-28.0,-560.0,,-200.0,-79.0,-88.0,-172.0,-467.0
-213.0,-353.0,-40.0,-768.0,,264.0,-162.0,155.0,-148.0,-513.0
-191.0,-284.0,-74.0,-914.0,,101.0,-239.0,205.0,-147.0,-416.0
-199.0,602.0,-47.0,-857.0,,113.0,-312.0,181.0,-244.0,-392.0
-154.0,949.0,-37.0,-813.0,,444.0,-352.0,144.0,-354.0,-355.0
-76.0,-254.0,-53.0,-704.0,,-203.0,-391.0,-35.0,-138.0,-226.0
-67.0,-659.0,-43.0,-503.0,,-247.0,-447.0,55.0,43.0,-145.0
-29.0,-260.0,-14.0,-422.0,,366.0,-541.0,11.0,-61.0,-67.0
-30.0,-640.0,23.0,-278.0,,32.0,-632.0,83.0,-75.0,57.0
37.0,-1041.0,10.0,-31.0,,-131.0,-670.0,295.0,-35.0,119.0
71.0,-1195.0,17.0,83.0,,12.0,-697.0,319.0,40.0,126.0
35.0,-1118.0,17.0,103.0,,-95.0,-695.0,253.0,139.0,171.0
7.0,-512.0,28.0,162.0,,-27.0,-609.0,-7.0,185.0,223.0
0.0,-57.0,38.0,158.0,,-65.0,-528.0,-66.0,28.0,209.0
59.0,-279.0,17.0,131.0,,-162.0,-498.0,-290.0,-193.0,173.0
38.0,-712.0,0.0,230.0,,-162.0,-454.0,-602.0,-250.0,198.0
29.0,-290.0,-1.0,302.0,,106.0,-388.0,-796.0,-127.0,203.0
36.0,496.0,-18.0,196.0,,283.0,-324.0,-1047.0,-113.0,218.0
125.0,730.0,-111.0,87.0,,-29.0,-282.0,-907.0,-250.0,220.0
168.0,726.0,-119.0,-31.0,,92.0,-285.0,-827.0,-138.0,183.0
101.0,622.0,-134.0,-104.0,,279.0,-283.0,-537.0,-44.0,180.0
65.0,1069.0,-198.0,-92.0,,-8.0,-261.0,-72.0,220.0,195.0
57.0,1913.0,-215.0,-127.0,,239.0,-192.0,238.0,614.0,168.0
112.0,1658.0,-238.0,-86.0,,293.0,-93.0,685.0,685.0,74.0
73.0,987.0,-237.0,-20.0,,-91.0,-77.0,709.0,524.0,94.0
51.0,2011.0,-261.0,-114.0,,523.0,-129.0,485.0,356.0,169.0
103.0,2239.0,-262.0,-220.0,,704.0,-253.0,210.0,511.0,167.0
201.0,1038.0,-236.0,-164.0,,114.0,-364.0,97.0,545.0,180.0
214.0,888.0,-231.0,-43.0,,540.0,-389.0,-29.0,339.0,232.0
154.0,715.0,-224.0,156.0,,713.0,-352.0,-199.0,297.0,225.0
166.0,545.0,-225.0,464.0,,447.0,-267.0,-59.0,346.0,218.0
170.0,-297.0,-217.0,790.0,,655.0,-199.0,-36.0,298.0,263.0
145.0,-777.0,-215.0,1011.0,,375.0,-126.0,363.0,205.0,233.0
48.0,-544.0,-217.0,1072.0,,310.0,-52.0,814.0,-33.0,228.0
35.0,-1053.0,-236.0,1028.0,,909.0,8.0,970.0,-367.0,303.0
37.0,-872.0,-245.0,911.0,,744.0,76.0,933.0,-416.0,359.0
-7.0,-930.0,-223.0,754.0,,271.0,135.0,543.0,-409.0,337.0
-72.0,-1003.0,-249.0,675.0,,381.0,137.0,225.0,-376.0,303.0
-166.0,-976.0,-288.0,657.0,,395.0,60.0,-158.0,-477.0,275.0
-206.0,-637.0,-321.0,455.0,,336.0,-8.0,-277.0,-663.0,204.0
-216.0,289.0,-334.0,202.0,,331.0,-54.0,-212.0,-756.0,90.0
-216.0,188.0,-337.0,11.0,,165.0,-181.0,1.0,-870.0,-79.0
-226.0,315.0,-391.0,-61.0,,379.0,-407.0,363.0,-746.0,-217.0
-178.0,1137.0,-372.0,93.0,,803.0,-625.0,169.0,-798.0,-336.0
-117.0,1147.0,-379.0,222.0,,793.0,-758.0,-177.0,-836.0,-389.0
-73.0,307.0,-393.0,294.0,,655.0,-844.0,-545.0,-544.0,-448.0
-63.0,321.0,-381.0,318.0,,720.0,-952.0,-705.0,-308.0,-548.0
-35.0,772.0,-414.0,229.0,,707.0,-1103.0,-631.0,-307.0,-576.0
33.0,63.0,-376.0,76.0,,548.0,-1190.0,-537.0,-537.0,-558.0
64.0,-464.0,-330.0,-60.0,,559.0,-1135.0,-155.0,-522.0,-512.0
86.0,-161.0,-287.0,-41.0,,594.0,-967.0,181.0,-181.0,-531.0
87.0,317.0,-275.0,-22.0,,569.0,-790.0,408.0,77.0,-546.0
116.0,350.0,-232.0,-167.0,,746.0,-651.0,284.0,-159.0,-545.0
137.0,237.0,-211.0,-407.0,,719.0,-443.0,166.0,-424.0,-482.0
119.0,1013.0,-241.0,-592.0,,495.0,-195.0,454.0,-428.0,-397.0
81.0,989.0,-228.0,-686.0,,694.0,1.0,663.0,-431.0,-449.0
120.0,725.0,-230.0,-851.0,,798.0,74.0,964.0,-329.0,-477.0
163.0,761.0,-265.0,-990.0,,529.0,46.0,890.0,-390.0,-438.0
59.0,97.0,-286.0,-1015.0,,548.0,11.0,417.0,-433.0,-376.0
27.0,-341.0,-298.0,-948.0,,626.0,-82.0,-77.0,-385.0,-275.0
56.0,-654.0,-363.0,-721.0,,659.0,-271.0,-362.0,-375.0,-193.0
5.0,-407.0,-379.0,-345.0,,797.0,-487.0,-84.0,-299.0,-160.0
-78.0,-644.0,-418.0,-17.0,,617.0,-618.0,225.0,-244.0,-59.0
-127.0,-758.0,-490.0,60.0,,471.0,-737.0,604.0,-173.0,119.0
-122.0,-49.0,-521.0,130.0,,775.0,-845.0,687.0,-153.0,170.0
-88.0,225.0,-565.0,213.0,,991.0,-878.0,537.0,-302.0,123.0
-59.0,129.0,-583.0,94.0,,694.0,-884.0,415.0,-430.0,174.0
-93.0,469.0,-621.0,-167.0,,673.0,-830.0,107.0,-246.0,223.0
-48.0,1578.0,-639.0,-498.0,,1085.0,-784.0,243.0,-138.0,131.0
42.0,1566.0,-610.0,-762.0,,1037.0,-784.0,354.0,-156.0,102.0
56.0,1302.0,-593.0,-746.0,,823.0,-808.0,260.0,22.0,156.0
34.0,657.0,-569.0,-462.0,,712.0,-751.0,-149.0,266.0,116.0
55.0,-12.0,-549.0,-250.0,,589.0,-615.0,-665.0,500.0,141.0
108.0,-238.0,-495.0,-248.0,,635.0,-564.0,-565.0,514.0,267.0
104.0,-1235.0,-454.0,-321.0,,644.0,-545.0,-384.0,441.0,276.0
190.0,-1696.0,-465.0,-243.0,,333.0,-545.0,1.0,454.0,203.0
254.0,-1865.0,-455.0,-193.0,,199.0,-570.0,349.0,423.0,218.0
298.0,-1753.0,-449.0,-269.0,,511.0,-553.0,546.0,297.0,242.0
388.0,-2138.0,-446.0,-283.0,,539.0,-523.0,713.0,121.0,167.0
358.0,-1674.0,-476.0,-302.0,,529.0,-512.0,727.0,102.0,97.0
332.0,-628.0,-459.0,-223.0,,815.0,-514.0,931.0,95.0,55.0
346.0,-909.0,-480.0,-118.0,,802.0,-490.0,873.0,25.0,30.0
344.0,-167.0,-499.0,-38.0,,739.0,-485.0,792.0,-70.0,31.0
222.0,723.0,-423.0,112.0,,849.0,-556.0,687.0,-258.0,127.0
92.0,655.0,-448.0,240.0,,747.0,-634.0,454.0,-464.0,207.0
72.0,765.0,-425.0,190.0,,653.0,-669.0,260.0,-549.0,161.0
96.0,1423.0,-350.0,20.0,,786.0,-666.0,-44.0,-464.0,239.0
92.0,1610.0,-311.0,96.0,,719.0,-610.0,188.0,-557.0,349.0
3.0,1102.0,-248.0,301.0,,313.0,-536.0,463.0,-672.0,352.0
-3.0,686.0,-173.0,394.0,,108.0,-525.0,480.0,-736.0,361.0
-73.0,752.0,-148.0,413.0,,246.0,-536.0,199.0,-782.0,419.0
-210.0,309.0,-99.0,370.0,,233.0,-528.0,-203.0,-522.0,481.0
-272.0,-213.0,-58.0,355.0,,141.0,-513.0,55.0,-379.0,490.0
-279.0,89.0,-80.0,377.0,,168.0,-458.0,277.0,-387.0,547.0
-265.0,-422.0,-49.0,389.0,,91.0,-401.0,434.0,-423.0,609.0
-330.0,-464.0,-73.0,356.0,,163.0,-391.0,473.0,-451.0,624.0
-299.0,-464.0,-141.0,282.0,,300.0,-364.0,400.0,-235.0,627.0
-156.0,-470.0,-216.0,150.0,,45.0,-250.0,454.0,-66.0,616.0
-67.0,-309.0,-264.0,54.0,,-181.0,-115.0,314.0,-102.0,633.0
-129.0,-389.0,-275.0,6.0,,12.0,-17.0,454.0,-206.0,625.0
-201.0,7.0,-358.0,-57.0,,94.0,62.0,552.0,-177.0,591.0
-163.0,-477.0,-420.0,-60.0,,69.0,105.0,530.0,-165.0,622.0
-150.0,-23.0,-452.0,-121.0,,443.0,140.0,354.0,-200.0,625.0
-148.0,163.0,-500.0,-208.0,,442.0,196.0,20.0,-167.0,531.0
-87.0,18.0,-523.0,-208.0,,-59.0,258.0,51.0,-226.0,496.0
-1.0,413.0,-524.0,-151.0,,-181.0,278.0,33.0,-147.0,517.0
-76.0,440.0,-510.0,125.0,,-129.0,217.0,75.0,-91.0,442.0
-126.0,1383.0,-489.0,524.0,,-12.0,133.0,-42.0,-84.0,340.0
-68.0,907.0,-496.0,788.0,,227.0,123.0,-203.0,-14.0,374.0
-49.0,383.0,-502.0,875.0,,320.0,151.0,-16.0,-268.0,423.0
-107.0,251.0,-471.0,744.0,,239.0,141.0,256.0,-469.0,390.0
-192.0,0.0,-472.0,425.0,,221.0,113.0,726.0,-282.0,399.0
-138.0,-139.0,-473.0,135.0,,292.0,38.0,748.0,-72.0,405.0
-136.0,-1504.0,-459.0,33.0,,253.0,-4.0,615.0,35.0,351.0
-187.0,-1494.0,-444.0,-117.0,,388.0,-4.0,622.0,65.0,298.0
-274.0,-1559.0,-404.0,-301.0,,451.0,-71.0,622.0,100.0,307.0
-268.0,-1566.0,-375.0,-279.0,,327.0,-152.0,722.0,233.0,254.0
-223.0,-742.0,-334.0,-97.0,,434.0,-284.0,580.0,305.0,91.0
-321.0,-679.0,-316.0,116.0,,492.0,-412.0,620.0,279.0,47.0
-316.0,-556.0,-298.0,173.0,,382.0,-467.0,506.0,317.0,134.0
-291.0,-518.0,-261.0,100.0,,425.0,-553.0,436.0,386.0,178.0
-237.0,499.0,-253.0,-84.0,,677.0,-642.0,550.0,321.0,172.0
-225.0,799.0,-235.0,-318.0,,694.0,-679.0,312.0,112.0,239.0
-168.0,89.0,-221.0,-387.0,,500.0,-656.0,99.0,-150.0,324.0
-84.0,323.0,-203.0,-367.0,,365.0,-589.0,-275.0,-235.0,336.0
-86.0,683.0,-229.0,-449.0,,314.0,-510.0,-295.0,-118.0,373.0
-58.0,550.0,-265.0,-584.0,,303.0,-414.0,38.0,-98.0,435.0
-66.0,27.0,-280.0,-604.0,,304.0,-242.0,290.0,-112.0,402.0
-43.0,334.0,-337.0,-487.0,,99.0,-31.0,404.0,-174.0,309.0
-77.0,265.0,-340.0,-300.0,,-4.0,113.0,210.0,-290.0,303.0
-53.0,-10.0,-340.0,-238.0,,352.0,204.0,147.0,-175.0,298.0
-20.0,-79.0,-362.0,-317.0,,-53.0,191.0,66.0,-53.0,130.0
-48.0,-327.0,-356.0,-443.0,,-426.0,118.0,179.0,-137.0,19.0
-34.0,-222.0,-363.0,-510.0,,69.0,114.0,356.0,-51.0,85.0
-28.0,-555.0,-380.0,-370.0,,48.0,107.0,393.0,175.0,38.0
-26.0,279.0,-409.0,-211.0,,-153.0,0.0,589.0,312.0,-142.0
-82.0,1071.0,-448.0,-51.0,,-27.0,-151.0,663.0,477.0,-194.0
-34.0,716.0,-500.0,161.0,,-31.0,-277.0,938.0,490.0,-128.0
66.0,282.0,-528.0,281.0,,-139.0,-377.0,1027.0,367.0,-170.0
56.0,401.0,-554.0,316.0,,-248.0,-434.0,768.0,336.0,-240.0
19.0,919.0,-553.0,366.0,,-383.0,-395.0,473.0,232.0,-187.0
88.0,770.0,-541.0,328.0,,-324.0,-278.0,140.0,201.0,-179.0
142.0,738.0,-536.0,79.0,,-85.0,-231.0,149.0,96.0,-257.0
118.0,-96.0,-474.0,-176.0,,77.0,-162.0,206.0,-220.0,-237.0
106.0,-453.0,-413.0,-366.0,,164.0,21.0,327.0,-203.0,-164.0
129.0,-341.0,-398.0,-448.0,,377.0,196.0,203.0,-128.0,-195.0
138.0,-786.0,-391.0,-405.0,,655.0,326.0,24.0,-139.0,-237.0
26.0,-711.0,-326.0,-390.0,,532.0,394.0,25.0,-141.0,-230.0
-38.0,-822.0,-305.0,-522.0,,148.0,397.0,-164.0,-231.0,-223.0
-100.0,-385.0,-302.0,-684.0,,258.0,320.0,175.0,-268.0,-257.0
-173.0,9.0,-264.0,-549.0,,290.0,225.0,630.0,-238.0,-308.0
-222.0,259.0,-284.0,-148.0,,-100.0,124.0,975.0,64.0,-276.0
-235.0,663.0,-315.0,201.0,,-42.0,23.0,1149.0,105.0,-255.0
-180.0,810.0,-339.0,355.0,,-79.0,-48.0,851.0,-172.0,-298.0
-186.0,847.0,-393.0,462.0,,-370.0,-177.0,578.0,-170.0,-317.0
-220.0,548.0,-442.0,520.0,,-235.0,-268.0,206.0,17.0,-374.0
-330.0,392.0,-441.0,437.0,,-181.0,-259.0,242.0,193.0,-501.0
-380.0,54.0,-459.0,269.0,,-413.0,-216.0,389.0,282.0,-591.0
-450.0,-515.0,-422.0,74.0,,-287.0,-158.0,240.0,302.0,-578.0
-576.0,-1085.0,-371.0,51.0,,-371.0,-68.0,236.0,200.0,-533.0
-634.0,-1221.0,-336.0,162.0,,-709.0,32.0,230.0,141.0,-455.0
-767.0,-1704.0,-262.0,308.0,,-344.0,103.0,406.0,137.0,-228.0
-779.0,-1649.0,-252.0,519.0,,-253.0,123.0,334.0,42.0,36.0
-837.0,-855.0,-200.0,640.0,,-391.0,100.0,97.0,-221.0,192.0
-949.0,-726.0,-153.0,659.0,,127.0,58.0,-97.0,-343.0,359.0
-974.0,54.0,-110.0,609.0,,112.0,-33.0,-327.0,-177.0,555.0
-997.0,711.0,-49.0,569.0,,-304.0,-87.0,-123.0,-6.0,598.0
-969.0,1482.0,-31.0,598.0,,-10.0,-129.0,68.0,-32.0,526.0
-981.0,1516.0,77.0,553.0,,99.0,-229.0,336.0,-294.0,445.0
-910.0,1026.0,116.0,419.0,,-45.0,-293.0,469.0,-377.0,291.0
-902.0,1398.0,145.0,141.0,,210.0,-353.0,319.0,-543.0,92.0
-838.0,842.0,253.0,-259.0,,47.0,-377.0,238.0,-644.0,-65.0
-719.0,-121.0,293.0,-631.0,,-118.0,-361.0,153.0,-509.0,-223.0
-713.0,-560.0,362.0,-875.0,,219.0,-384.0,242.0,-727.0,-442.0
-691.0,-464.0,409.0,-972.0,,-166.0,-464.0,-31.0,-996.0,-589.0
-775.0,-704.0,408.0,-965.0,,-573.0,-563.0,-402.0,-996.0,-606.0
-770.0,-804.0,458.0,-793.0,,-41.0,-580.0,-607.0,-884.0,-695.0
-775.0,-696.0,481.0,-508.0,,-12.0,-601.0,-593.0,-735.0,-790.0
-755.0,-707.0,428.0,-236.0,,-348.0,-627.0,-173.0,-489.0,-676.0
-751.0,-899.0,404.0,-73.0,,-175.0,-601.0,-90.0,-262.0,-514.0
-807.0,-1110.0,348.0,128.0,,-324.0,-584.0,-144.0,-51.0,-396.0
-715.0,-525.0,311.0,378.0,,-493.0,-509.0,-243.0,210.0,-195.0
-691.0,-545.0,298.0,449.0,,-131.0,-420.0,-221.0,211.0,32.0
-675.0,-743.0,217.0,382.0,,-214.0,-410.0,-162.0,119.0,162.0
-669.0,-387.0,243.0,220.0,,-411.0,-418.0,-412.0,208.0,261.0
-558.0,502.0,197.0,-6.0,,-162.0,-408.0,-493.0,138.0,382.0
-478.0,827.0,142.0,-245.0,,-300.0,-375.0,-578.0,22.0,412.0
-469.0,365.0,174.0,-606.0,,-229.0,-272.0,-421.0,102.0,388.0
-364.0,466.0,148.0,-1024.0,,200.0,-193.0,-184.0,21.0,430.0
-338.0,925.0,160.0,-1120.0,,-73.0,-172.0,-18.0,-125.0,516.0
-266.0,966.0,140.0,-969.0,,-338.0,-100.0,277.0,-90.0,552.0
-227.0,-43.0,135.0,-736.0,,-11.0,-84.0,341.0,-7.0,572.0
-211.0,-161.0,141.0,-442.0,,131.0,-115.0,465.0,-30.0,624.0
-215.0,-278.0,152.0,-351.0,,191.0,-77.0,271.0,-7.0,636.0
-216.0,-999.0,170.0,-406.0,,260.0,-51.0,-162.0,-137.0,636.0
-134.0,-658.0,155.0,-359.0,,-123.0,-46.0,-565.0,-388.0,677.0
-171.0,-142.0,188.0,-70.0,,-85.0,-87.0,-1038.0,-124.0,649.0
-155.0,266.0,213.0,294.0,,319.0,-177.0,-1258.0,80.0,510.0
-71.0,170.0,231.0,513.0,,125.0,-210.0,-1518.0,57.0,406.0
-60.0,726.0,261.0,519.0,,-52.0,-204.0,-1420.0,100.0,354.0
-124.0,1019.0,313.0,441.0,,-36.0,-169.0,-1018.0,113.0,233.0
-171.0,159.0,331.0,470.0,,-210.0,-148.0,-548.0,169.0,69.0
-138.0,-237.0,366.0,558.0,,-239.0,-161.0,-118.0,118.0,-68.0
-170.0,-254.0,393.0,546.0,,-219.0,-128.0,-203.0,99.0,-189.0
-125.0,614.0,396.0,380.0,,-459.0,-72.0,-253.0,36.0,-292.0
-13.0,10.0,374.0,225.0,,-135.0,-17.0,-306.0,89.0,-356.0
45.0,-639.0,277.0,124.0,,516.0,45.0,-323.0,206.0,-389.0
88.0,364.0,283.0,109.0,,344.0,74.0,-365.0,307.0,-532.0
132.0,132.0,215.0,98.0,,19.0,19.0,-761.0,395.0,-674.0
210.0,404.0,153.0,9.0,,25.0,-35.0,-1123.0,247.0,-722.0
215.0,800.0,138.0,-133.0,,-6.0,-90.0,-1319.0,378.0,-799.0
230.0,466.0,88.0,-252.0,,77.0,-140.0,-940.0,458.0,-875.0
247.0,387.0,91.0,-165.0,,265.0,-117.0,-410.0,288.0,-957.0
249.0,871.0,68.0,114.0,,111.0,-119.0,-42.0,186.0,-1012.0
297.0,1080.0,62.0,443.0,,37.0,-199.0,238.0,-35.0,-1104.0
262.0,513.0,62.0,614.0,,296.0,-350.0,129.0,7.0,-1187.0
206.0,972.0,124.0,575.0,,-6.0,-483.0,90.0,204.0,-1215.0
226.0,1083.0,150.0,392.0,,-171.0,-493.0,5.0,131.0,-1238.0
216.0,905.0,157.0,193.0,,258.0,-389.0,66.0,-82.0,-1205.0
122.0,620.0,217.0,105.0,,51.0,-252.0,245.0,-204.0,-1161.0
101.0,-391.0,279.0,-61.0,,-60.0,-111.0,103.0,-65.0,-1053.0
112.0,-480.0,314.0,-303.0,,538.0,34.0,-35.0,80.0,-981.0
52.0,-88.0,338.0,-410.0,,339.0,171.0,-323.0,39.0,-966.0
-18.0,-259.0,368.0,-475.0,,-144.0,335.0,-404.0,-88.0,-919.0
-73.0,-450.0,331.0,-390.0,,141.0,449.0,-450.0,42.0,-848.0
-105.0,-159.0,330.0,-183.0,,148.0,503.0,-691.0,58.0,-757.0
-129.0,-536.0,306.0,-128.0,,63.0,614.0,-984.0,-91.0,-715.0
-163.0,-797.0,262.0,-97.0,,352.0,707.0,-1221.0,34.0,-604.0
-165.0,10.0,243.0,-69.0,,186.0,666.0,-842.0,-229.0,-397.0
-123.0,224.0,167.0,-46.0,,-62.0,558.0,-404.0,-385.0,-196.0
-81.0,-666.0,135.0,-89.0,,328.0,441.0,-14.0,-262.0,26.0
-25.0,-998.0,132.0,-201.0,,383.0,328.0,88.0,-322.0,256.0
-13.0,-499.0,108.0,-326.0,,49.0,241.0,-77.0,-178.0,474.0
-30.0,-1073.0,85.0,-535.0,,473.0,158.0,-107.0,-28.0,609.0
-68.0,-1903.0,56.0,-636.0,,615.0,77.0,-308.0,-25.0,718.0
-121.0,-1633.0,57.0,-645.0,,154.0,-10.0,-242.0,-102.0,813.0
-178.0,-1113.0,27.0,-593.0,,442.0,-101.0,-308.0,-203.0,804.0
-215.0,-460.0,37.0,-363.0,,675.0,-146.0,-395.0,-180.0,827.0
-209.0,560.0,58.0,-75.0,,182.0,-163.0,-384.0,-124.0,867.0
-252.0,978.0,61.0,-35.0,,212.0,-132.0,-593.0,-249.0,898.0
-244.0,1180.0,139.0,-227.0,,400.0,-65.0,-535.0,-233.0,920.0
-254.0,898.0,150.0,-349.0,,-43.0,-19.0,-670.0,-262.0,880.0
-321.0,303.0,143.0,-418.0,,-77.0,-4.0,-918.0,-196.0,819.0
-380.0,537.0,156.0,-369.0,,26.0,23.0,-1069.0,26.0,759.0
-430.0,12.0,157.0,-232.0,,-250.0,140.0,-1001.0,-269.0,767.0
-511.0,-56.0,179.0,-145.0,,-49.0,234.0,-635.0,-268.0,770.0
-554.0,171.0,198.0,-85.0,,34.0,213.0,-412.0,-169.0,725.0
-476.0,-359.0,179.0,41.0,,-413.0,176.0,-310.0,-294.0,662.0
-469.0,-618.0,116.0,294.0,,-275.0,165.0,-572.0,-302.0,550.0
-409.0,-663.0,85.0,404.0,,-164.0,115.0,-752.0,-538.0,440.0
-309.0,-620.0,23.0,480.0,,-622.0,24.0,-792.0,-721.0,362.0
-285.0,-1053.0,-62.0,508.0,,-413.0,-40.0,-859.0,-721.0,254.0
-234.0,-479.0,-76.0,464.0,,-167.0,-40.0,-757.0,-544.0,109.0
-112.0,-24.0,-87.0,525.0,,-528.0,-28.0,-868.0,-542.0,8.0
-14.0,-99.0,-102.0,486.0,,-296.0,-55.0,-999.0,-484.0,-60.0
16.0,1070.0,-84.0,460.0,,-22.0,-3.0,-1247.0,-220.0,-150.0
131.0,1677.0,-60.0,539.0,,-515.0,89.0,-1210.0,-37.0,-199.0
232.0,1039.0,-13.0,669.0,,-563.0,144.0,-748.0,364.0,-180.0
291.0,999.0,20.0,773.0,,-348.0,207.0,-280.0,470.0,-161.0
330.0,1805.0,68.0,885.0,,-754.0,202.0,195.0,544.0,-155.0
359.0,1603.0,117.0,991.0,,-738.0,165.0,138.0,737.0,-97.0
332.0,520.0,138.0,819.0,,-416.0,157.0,-88.0,734.0,-68.0
354.0,-245.0,174.0,480.0,,-686.0,141.0,-304.0,878.0,-159.0
453.0,-314.0,158.0,238.0,,-662.0,52.0,-471.0,786.0,-247.0
458.0,-696.0,151.0,213.0,,-291.0,-38.0,-376.0,621.0,-310.0
445.0,-1209.0,134.0,352.0,,-584.0,-1.0,-445.0,498.0,-405.0
429.0,-800.0,83.0,463.0,,-896.0,51.0,-548.0,341.0,-499.0
455.0,-259.0,48.0,309.0,,-725.0,71.0,-848.0,117.0,-526.0
399.0,-18.0,8.0,25.0,,-785.0,52.0,-982.0,-234.0,-570.0
350.0,380.0,-7.0,46.0,,-776.0,26.0,-824.0,-332.0,-658.0
316.0,473.0,-13.0,216.0,,-688.0,87.0,-790.0,-388.0,-656.0
318.0,-39.0,10.0,76.0,,-1106.0,151.0,-685.0,-260.0,-640.0
380.0,-436.0,15.0,-79.0,,-1206.0,215.0,-585.0,-19.0,-672.0
357.0,-986.0,41.0,73.0,,-877.0,236.0,-168.0,-241.0,-632.0
369.0,-916.0,81.0,243.0,,-830.0,177.0,160.0,-594.0,-454.0
351.0,-1299.0,89.0,432.0,,-887.0,129.0,123.0,-438.0,-303.0
435.0,-1991.0,129.0,605.0,,-802.0,118.0,-103.0,-252.0,-232.0
486.0,-1709.0,139.0,561.0,,-521.0,142.0,-570.0,-333.0,-137.0
491.0,-764.0,135.0,342.0,,-397.0,160.0,-567.0,-371.0,-38.0
550.0,599.0,137.0,186.0,,-550.0,227.0,-448.0,-558.0,65.0
575.0,924.0,87.0,156.0,,-609.0,318.0,-388.0,-529.0,141.0
562.0,1403.0,31.0,152.0,,-631.0,338.0,-400.0,-400.0,240.0
547.0,1275.0,3.0,302.0,,-739.0,380.0,-583.0,-417.0,296.0
579.0,1274.0,-33.0,399.0,,-375.0,490.0,-652.0,-589.0,250.0
526.0,1126.0,-77.0,269.0,,-179.0,632.0,-986.0,-735.0,331.0
576.0,427.0,-145.0,144.0,,-590.0,701.0,-1140.0,-471.0,481.0
573.0,1046.0,-205.0,116.0,,-235.0,661.0,-1043.0,-567.0,421.0
502.0,629.0,-252.0,102.0,,42.0,620.0,-617.0,-929.0,279.0
452.0,1469.0,-263.0,70.0,,-350.0,555.0,-77.0,-907.0,306.0
416.0,1809.0,-262.0,-2.0,,-264.0,451.0,-110.0,-943.0,378.0
369.0,666.0,-256.0,-181.0,,-307.0,342.0,-373.0,-869.0,321.0
219.0,581.0,-231.0,-368.0,,-540.0,207.0,-868.0,-528.0,315.0
183.0,774.0,-277.0,-494.0,,-81.0,81.0,-982.0,-600.0,450.0
169.0,1217.0,-267.0,-552.0,,0.0,-3.0,-676.0,-664.0,502.0
160.0,219.0,-249.0,-572.0,,-497.0,0.0,-439.0,-464.0,535.0
201.0,262.0,-288.0,-588.0,,-100.0,93.0,-323.0,-462.0,594.0
274.0,-269.0,-272.0,-496.0,,73.0,215.0,-635.0,-408.0,509.0
286.0,-1304.0,-233.0,-259.0,,-454.0,319.0,-733.0,-502.0,318.0
308.0,-818.0,-183.0,58.0,,-121.0,356.0,-593.0,-554.0,234.0
420.0,-1671.0,-84.0,252.0,,0.0,384.0,-271.0,-380.0,243.0
475.0,-1247.0,-8.0,345.0,,-504.0,472.0,201.0,-522.0,156.0
485.0,-82.0,15.0,352.0,,-264.0,584.0,400.0,-495.0,40.0
506.0,-99.0,42.0,122.0,,29.0,595.0,489.0,-327.0,12.0
469.0,335.0,31.0,-45.0,,-95.0,514.0,166.0,-443.0,66.0
357.0,325.0,17.0,-102.0,,-58.0,534.0,-114.0,-302.0,53.0
321.0,-443.0,-17.0,-102.0,,-160.0,664.0,-251.0,161.0,-11.0
272.0,404.0,-49.0,6.0,,-361.0,715.0,-319.0,333.0,-8.0
187.0,694.0,-49.0,95.0,,-70.0,640.0,-147.0,119.0,9.0
163.0,12.0,-58.0,209.0,,-139.0,526.0,-138.0,-40.0,37.0
219.0,-18.0,-80.0,379.0,,-533.0,439.0,70.0,-42.0,53.0
178.0,69.0,-99.0,534.0,,-19.0,417.0,109.0,-17.0,48.0
85.0,803.0,-100.0,571.0,,354.0,436.0,-72.0,-320.0,-47.0
96.0,-27.0,-102.0,470.0,,231.0,485.0,-291.0,-86.0,-123.0
74.0,-264.0,-80.0,341.0,,422.0,467.0,-539.0,499.0,-57.0
33.0,-290.0,-107.0,191.0,,365.0,316.0,-412.0,353.0,-101.0
-12.0,-1002.0,-131.0,6.0,,156.0,189.0,-291.0,464.0,-243.0
-92.0,-148.0,-113.0,-18.0,,321.0,210.0,29.0,471.0,-237.0
-120.0,328.0,-121.0,54.0,,267.0,347.0,158.0,340.0,-172.0
-52.0,227.0,-106.0,87.0,,-58.0,467.0,-103.0,188.0,-197.0
-70.0,49.0,-132.0,185.0,,-131.0,540.0,-393.0,-292.0,-131.0
-110.0,441.0,-215.0,178.0,,-239.0,555.0,-593.0,-382.0,-31.0
-116.0,352.0,-239.0,-55.0,,-298.0,537.0,-94.0,-262.0,-78.0
-134.0,-128.0,-316.0,-190.0,,47.0,533.0,485.0,-178.0,-73.0
-149.0,-452.0,-370.0,-173.0,,372.0,564.0,744.0,-302.0,37.0
-183.0,-566.0,-359.0,-168.0,,160.0,630.0,439.0,-255.0,72.0
-227.0,-594.0,-415.0,-185.0,,-217.0,642.0,-116.0,-116.0,57.0
-257.0,-650.0,-425.0,-348.0,,224.0,676.0,-206.0,-165.0,174.0
-236.0,-356.0,-462.0,-444.0,,736.0,701.0,-125.0,-228.0,266.0
-289.0,-1002.0,-549.0,-320.0,,203.0,637.0,225.0,-372.0,244.0
-360.0,-385.0,-595.0,-202.0,,-248.0,589.0,297.0,-362.0,284.0
-398.0,62.0,-684.0,-213.0,,-151.0,559.0,145.0,-357.0,325.0
-365.0,-554.0,-786.0,-327.0,,-173.0,464.0,90.0,-271.0,335.0
-340.0,356.0,-831.0,-512.0,,-385.0,333.0,44.0,-262.0,376.0
-374.0,847.0,-900.0,-668.0,,-718.0,275.0,173.0,-398.0,441.0
-419.0,94.0,-931.0,-645.0,,-502.0,268.0,-62.0,-231.0,479.0
-356.0,-8.0,-928.0,-538.0,,209.0,227.0,-336.0,-213.0,457.0
-229.0,-268.0,-944.0,-429.0,,152.0,126.0,-460.0,17.0,457.0
-240.0,-1561.0,-895.0,-368.0,,-235.0,101.0,-245.0,495.0,475.0
-207.0,-830.0,-916.0,-297.0,,307.0,170.0,382.0,486.0,441.0
-164.0,-202.0,-901.0,-333.0,,790.0,204.0,631.0,442.0,411.0
-146.0,-810.0,-840.0,-555.0,,-91.0,212.0,539.0,372.0,486.0
-135.0,17.0,-815.0,-643.0,,-682.0,166.0,205.0,345.0,569.0
-56.0,390.0,-720.0,-638.0,,128.0,96.0,118.0,432.0,583.0
-66.0,471.0,-679.0,-619.0,,577.0,93.0,177.0,384.0,602.0
-40.0,987.0,-657.0,-501.0,,12.0,123.0,62.0,173.0,575.0
118.0,1155.0,-570.0,-248.0,,-405.0,93.0,-51.0,119.0,575.0
77.0,1363.0,-491.0,-23.0,,159.0,94.0,-421.0,274.0,572.0
105.0,742.0,-440.0,84.0,,748.0,171.0,-484.0,-20.0,447.0
173.0,74.0,-352.0,327.0,,337.0,211.0,-280.0,-71.0,397.0
240.0,856.0,-272.0,520.0,,-381.0,223.0,22.0,-24.0,437.0
283.0,476.0,-211.0,467.0,,59.0,234.0,347.0,-263.0,462.0
335.0,-222.0,-168.0,350.0,,1032.0,290.0,395.0,-267.0,467.0
380.0,597.0,-149.0,295.0,,379.0,393.0,559.0,-84.0,453.0
395.0,336.0,-104.0,221.0,,-366.0,444.0,715.0,59.0,440.0
592.0,-176.0,-107.0,-68.0,,294.0,409.0,970.0,-334.0,436.0
645.0,-2.0,-126.0,-390.0,,909.0,381.0,1123.0,-383.0,520.0
595.0,448.0,-135.0,-545.0,,770.0,394.0,962.0,-228.0,551.0
629.0,234.0,-171.0,-518.0,,444.0,358.0,831.0,-263.0,490.0
676.0,-98.0,-147.0,-264.0,,208.0,308.0,606.0,-136.0,486.0
643.0,1280.0,-122.0,-48.0,,355.0,286.0,502.0,-390.0,507.0
623.0,755.0,-142.0,-124.0,,838.0,252.0,327.0,-375.0,520.0
696.0,-674.0,-147.0,-377.0,,229.0,169.0,129.0,-115.0,424.0
660.0,-692.0,-185.0,-470.0,,-341.0,67.0,97.0,-133.0,296.0
633.0,-1076.0,-225.0,-299.0,,441.0,21.0,35.0,-430.0,225.0
650.0,-905.0,-278.0,-79.0,,773.0,-33.0,88.0,-701.0,148.0
562.0,-833.0,-344.0,207.0,,132.0,-140.0,-190.0,-705.0,70.0
489.0,-1152.0,-350.0,404.0,,-93.0,-248.0,-487.0,-467.0,-6.0
517.0,-739.0,-368.0,389.0,,104.0,-357.0,-582.0,-346.0,-40.0
496.0,454.0,-395.0,383.0,,-188.0,-414.0,-667.0,-669.0,-1.0
411.0,771.0,-378.0,432.0,,-374.0,-437.0,-591.0,-504.0,119.0
354.0,-357.0,-387.0,525.0,,-81.0,-480.0,-642.0,-383.0,191.0
299.0,-487.0,-443.0,506.0,,231.0,-483.0,-412.0,-245.0,194.0
302.0,399.0,-466.0,378.0,,52.0,-396.0,-182.0,147.0,240.0
334.0,351.0,-536.0,289.0,,-367.0,-219.0,-147.0,44.0,296.0
262.0,71.0,-603.0,152.0,,-242.0,-104.0,-79.0,2.0,364.0
191.0,255.0,-615.0,-5.0,,90.0,-99.0,-7.0,3.0,362.0
247.0,-72.0,-681.0,-87.0,,10.0,-112.0,308.0,-30.0,325.0
314.0,4.0,-706.0,-164.0,,-356.0,-174.0,465.0,-183.0,310.0
234.0,64.0,-737.0,-197.0,,-190.0,-216.0,594.0,-222.0,268.0
149.0,-72.0,-813.0,-38.0,,62.0,-219.0,500.0,-186.0,214.0
148.0,-583.0,-846.0,204.0,,-179.0,-205.0,258.0,-144.0,60.0
92.0,-442.0,-841.0,332.0,,-162.0,-157.0,110.0,118.0,-56.0
-4.0,1210.0,-833.0,254.0,,-111.0,-95.0,-264.0,30.0,-119.0
-109.0,268.0,-785.0,10.0,,-554.0,-24.0,-417.0,-99.0,-206.0
-177.0,-206.0,-733.0,-217.0,,-901.0,34.0,-552.0,1.0,-217.0
-221.0,774.0,-697.0,-195.0,,-219.0,171.0,-498.0,498.0,-299.0
-276.0,699.0,-599.0,62.0,,790.0,352.0,-356.0,693.0,-378.0
-342.0,1001.0,-521.0,221.0,,277.0,479.0,-284.0,354.0,-429.0
-434.0,669.0,-486.0,217.0,,-1097.0,534.0,-18.0,410.0,-434.0
-508.0,623.0,-452.0,256.0,,-949.0,489.0,-7.0,480.0,-377.0
-500.0,355.0,-419.0,276.0,,335.0,405.0,109.0,430.0,-421.0
-520.0,468.0,-443.0,131.0,,419.0,319.0,238.0,305.0,-410.0
-589.0,591.0,-427.0,-153.0,,-443.0,239.0,336.0,384.0,-324.0
-542.0,-456.0,-405.0,-415.0,,-482.0,187.0,498.0,363.0,-201.0
-467.0,-799.0,-419.0,-441.0,,-51.0,156.0,389.0,141.0,-126.0
-467.0,-673.0,-409.0,-296.0,,100.0,145.0,190.0,175.0,-7.0
-450.0,-311.0,-405.0,-279.0,,-65.0,127.0,-164.0,-84.0,79.0
-373.0,-413.0,-411.0,-466.0,,-494.0,22.0,-410.0,-110.0,36.0
-337.0,-515.0,-445.0,-667.0,,-382.0,-81.0,-707.0,130.0,39.0
-305.0,-821.0,-448.0,-757.0,,219.0,-90.0,-982.0,383.0,-70.0
-257.0,-899.0,-493.0,-788.0,,544.0,-71.0,-973.0,537.0,-130.0
-274.0,-735.0,-506.0,-807.0,,366.0,-46.0,-912.0,116.0,-162.0
-255.0,-1139.0,-509.0,-813.0,,-43.0,-21.0,-515.0,-66.0,-223.0
-152.0,-421.0,-583.0,-671.0,,-234.0,-46.0,-214.0,-9.0,-194.0
-140.0,-327.0,-617.0,-280.0,,104.0,-125.0,-44.0,-1.0,-171.0
-178.0,-987.0,-667.0,-20.0,,780.0,-172.0,188.0,20.0,-227.0
-134.0,-886.0,-700.0,-89.0,,882.0,-168.0,299.0,-151.0,-229.0
-146.0,-333.0,-728.0,-148.0,,276.0,-233.0,415.0,-148.0,-142.0
-145.0,-238.0,-735.0,-6.0,,-368.0,-389.0,513.0,-222.0,-179.0
-67.0,-450.0,-724.0,138.0,,-288.0,-512.0,933.0,-153.0,-120.0
10.0,1076.0,-696.0,92.0,,432.0,-584.0,1232.0,56.0,2.0
14.0,1500.0,-621.0,-64.0,,485.0,-607.0,1173.0,124.0,5.0
71.0,295.0,-582.0,-300.0,,-254.0,-579.0,907.0,427.0,-89.0
165.0,-579.0,-544.0,-562.0,,-311.0,-535.0,382.0,297.0,-158.0
114.0,-677.0,-506.0,-804.0,,717.0,-467.0,219.0,116.0,-202.0
159.0,-397.0,-506.0,-1010.0,,1169.0,-321.0,214.0,240.0,-303.0
256.0,-698.0,-547.0,-1018.0,,317.0,-145.0,341.0,165.0,-361.0
292.0,272.0,-561.0,-825.0,,-299.0,-38.0,528.0,202.0,-389.0
327.0,148.0,-571.0,-557.0,,337.0,24.0,543.0,70.0,-391.0
402.0,-266.0,-594.0,-259.0,,1043.0,8.0,654.0,-148.0,-406.0
434.0,-582.0,-607.0,5.0,,398.0,-59.0,641.0,-125.0,-318.0
443.0,-802.0,-602.0,176.0,,-503.0,-75.0,694.0,-141.0,-225.0
521.0,391.0,-570.0,419.0,,-4.0,-82.0,509.0,6.0,-316.0
482.0,-541.0,-505.0,639.0,,951.0,-155.0,303.0,-133.0,-456.0
411.0,-523.0,-405.0,687.0,,738.0,-263.0,404.0,-303.0,-501.0
391.0,705.0,-354.0,736.0,,29.0,-358.0,376.0,89.0,-519.0
367.0,476.0,-293.0,711.0,,194.0,-447.0,386.0,24.0,-657.0
308.0,-954.0,-227.0,602.0,,443.0,-433.0,60.0,52.0,-794.0
292.0,-1049.0,-226.0,495.0,,-12.0,-311.0,-35.0,221.0,-940.0
288.0,-574.0,-210.0,289.0,,-359.0,-169.0,249.0,80.0,-1060.0
252.0,-1248.0,-213.0,45.0,,-150.0,-101.0,447.0,296.0,-1051.0
275.0,-485.0,-281.0,-20.0,,313.0,-137.0,707.0,399.0,-978.0
282.0,-588.0,-332.0,60.0,,343.0,-139.0,689.0,536.0,-907.0
236.0,-494.0,-408.0,78.0,,0.0,-78.0,683.0,491.0,-910.0
194.0,-1025.0,-465.0,-27.0,,-368.0,-23.0,473.0,42.0,-821.0
238.0,-1150.0,-502.0,-97.0,,-322.0,-29.0,258.0,18.0,-586.0
199.0,273.0,-561.0,68.0,,248.0,-102.0,299.0,350.0,-416.0
116.0,-214.0,-584.0,352.0,,177.0,-224.0,327.0,268.0,-356.0
119.0,927.0,-672.0,658.0,,-166.0,-338.0,667.0,-276.0,-303.0
156.0,1614.0,-712.0,874.0,,-69.0,-439.0,888.0,-354.0,-186.0
147.0,1187.0,-748.0,823.0,,96.0,-526.0,1021.0,-114.0,-143.0
126.0,1171.0,-848.0,628.0,,76.0,-515.0,873.0,17.0,-71.0
141.0,132.0,-903.0,467.0,,-155.0,-479.0,371.0,-8.0,88.0
61.0,392.0,-989.0,407.0,,31.0,-453.0,66.0,-287.0,37.0
38.0,227.0,-1021.0,328.0,,433.0,-416.0,60.0,-285.0,-54.0
44.0,-562.0,-1039.0,214.0,,173.0,-338.0,508.0,19.0,-84.0
-5.0,-919.0,-1040.0,165.0,,-511.0,-202.0,844.0,95.0,-157.0
-71.0,-1383.0,-995.0,164.0,,-562.0,-141.0,890.0,90.0,-276.0
-9.0,-1980.0,-987.0,228.0,,73.0,-137.0,567.0,159.0,-366.0
97.0,-1381.0,-966.0,287.0,,-72.0,-151.0,90.0,207.0,-293.0
60.0,600.0,-968.0,200.0,,-813.0,-157.0,166.0,659.0,-225.0
57.0,619.0,-945.0,-44.0,,-754.0,-59.0,428.0,933.0,-175.0
95.0,650.0,-896.0,-204.0,,-247.0,82.0,790.0,667.0,62.0
127.0,927.0,-862.0,-79.0,,-113.0,177.0,1151.0,752.0,361.0
101.0,629.0,-847.0,184.0,,-724.0,149.0,1457.0,833.0,459.0
4.0,-235.0,-810.0,411.0,,-820.0,83.0,1625.0,839.0,590.0
-124.0,-1293.0,-798.0,510.0,,-3.0,68.0,1254.0,1023.0,780.0
-126.0,-34.0,-832.0,498.0,,153.0,45.0,615.0,629.0,731.0
-59.0,214.0,-803.0,432.0,,-352.0,7.0,-158.0,100.0,613.0
-159.0,149.0,-813.0,415.0,,-587.0,-105.0,-565.0,-49.0,662.0
-233.0,66.0,-772.0,471.0,,-26.0,-257.0,-506.0,-76.0,640.0
-176.0,-265.0,-700.0,458.0,,105.0,-346.0,-249.0,-53.0,369.0
-114.0,952.0,-667.0,404.0,,-700.0,-359.0,317.0,-401.0,212.0
-172.0,115.0,-594.0,282.0,,-1032.0,-383.0,692.0,-547.0,193.0
-238.0,199.0,-505.0,3.0,,-492.0,-458.0,866.0,-362.0,165.0
-226.0,1262.0,-392.0,-272.0,,-180.0,-457.0,692.0,-308.0,56.0
-196.0,1050.0,-279.0,-456.0,,-904.0,-396.0,452.0,-141.0,-34.0
-127.0,1057.0,-179.0,-533.0,,-1288.0,-294.0,469.0,-84.0,-100.0
-150.0,130.0,-110.0,-442.0,,-429.0,-166.0,415.0,63.0,-254.0
-223.0,-231.0,-42.0,-422.0,,296.0,-60.0,502.0,418.0,-252.0
-146.0,-353.0,-18.0,-379.0,,-198.0,9.0,410.0,627.0,-231.0
-21.0,465.0,58.0,-224.0,,-779.0,-35.0,448.0,609.0,-242.0
-27.0,1241.0,119.0,-167.0,,-429.0,-93.0,624.0,585.0,-321.0
-87.0,861.0,139.0,-55.0,,-89.0,-138.0,818.0,355.0,-380.0
-11.0,574.0,204.0,103.0,,-411.0,-248.0,1258.0,177.0,-288.0
68.0,-104.0,174.0,153.0,,-564.0,-431.0,1337.0,204.0,-197.0
92.0,460.0,186.0,161.0,,-153.0,-691.0,1334.0,-328.0,-147.0
113.0,245.0,199.0,255.0,,-54.0,-876.0,1088.0,-549.0,-150.0
56.0,-640.0,179.0,349.0,,-361.0,-899.0,667.0,-689.0,-136.0
52.0,7.0,160.0,387.0,,-338.0,-754.0,240.0,-843.0,-184.0
108.0,748.0,97.0,285.0,,-168.0,-557.0,-367.0,-502.0,-163.0
51.0,399.0,80.0,82.0,,-325.0,-470.0,-683.0,-750.0,-73.0
-87.0,-1185.0,1.0,-97.0,,-352.0,-410.0,-822.0,-912.0,-162.0
-131.0,-1387.0,-28.0,-304.0,,-158.0,-283.0,-473.0,-652.0,-322.0
-100.0,-1132.0,-54.0,-420.0,,-86.0,-137.0,92.0,-447.0,-329.0
-145.0,-2184.0,-138.0,-463.0,,-6.0,-49.0,500.0,-605.0,-235.0
-207.0,-1459.0,-130.0,-359.0,,58.0,-82.0,764.0,-626.0,-207.0
-202.0,-658.0,-186.0,-205.0,,-106.0,-234.0,628.0,-594.0,-175.0
-201.0,-721.0,-265.0,-96.0,,-301.0,-400.0,633.0,-664.0,-54.0
-172.0,-7.0,-273.0,73.0,,-256.0,-549.0,589.0,-310.0,-54.0
-138.0,775.0,-324.0,219.0,,-302.0,-649.0,583.0,-907.0,-74.0
-196.0,699.0,-393.0,404.0,,-526.0,-646.0,665.0,-1089.0,136.0
-214.0,241.0,-404.0,492.0,,-507.0,-634.0,661.0,-497.0,274.0
-112.0,2082.0,-423.0,432.0,,-205.0,-556.0,733.0,-278.0,243.0
0.0,1760.0,-415.0,297.0,,-60.0,-433.0,430.0,-280.0,329.0
-22.0,150.0,-367.0,203.0,,-68.0,-396.0,240.0,-605.0,538.0
17.0,593.0,-339.0,223.0,,51.0,-361.0,114.0,-409.0,573.0
153.0,-476.0,-324.0,255.0,,271.0,-337.0,-96.0,-117.0,573.0
224.0,-662.0,-327.0,333.0,,260.0,-330.0,-179.0,-36.0,648.0
266.0,-953.0,-291.0,364.0,,91.0,-312.0,-303.0,-257.0,593.0
271.0,-1551.0,-262.0,380.0,,30.0,-332.0,-280.0,-303.0,512.0
268.0,-754.0,-291.0,334.0,,29.0,-392.0,-443.0,-240.0,566.0
322.0,-363.0,-276.0,165.0,,85.0,-498.0,-543.0,-275.0,710.0
399.0,198.0,-325.0,55.0,,50.0,-638.0,-543.0,-201.0,666.0
300.0,307.0,-410.0,3.0,,112.0,-777.0,-417.0,-133.0,606.0
208.0,370.0,-417.0,-14.0,,163.0,-892.0,35.0,0.0,724.0
243.0,673.0,-483.0,48.0,,-91.0,-1017.0,399.0,-234.0,752.0
291.0,1437.0,-497.0,171.0,,-282.0,-1137.0,862.0,58.0,653.0
223.0,949.0,-517.0,357.0,,-85.0,-1212.0,1075.0,-21.0,595.0
118.0,103.0,-563.0,558.0,,22.0,-1281.0,970.0,-121.0,516.0
108.0,386.0,-546.0,562.0,,-254.0,-1282.0,630.0,385.0,252.0
64.0,-547.0,-502.0,406.0,,-385.0,-1170.0,136.0,270.0,-68.0
50.0,-244.0,-432.0,188.0,,-274.0,-1029.0,9.0,228.0,-279.0
-44.0,-1566.0,-422.0,-60.0,,-292.0,-939.0,5.0,224.0,-459.0
-143.0,-2293.0,-332.0,-314.0,,-280.0,-830.0,291.0,37.0,-654.0
-138.0,-1117.0,-262.0,-342.0,,35.0,-670.0,478.0,-360.0,-750.0
-92.0,-1107.0,-208.0,-30.0,,164.0,-527.0,465.0,-75.0,-801.0
-181.0,-809.0,-84.0,342.0,,-194.0,-403.0,517.0,418.0,-899.0
-318.0,-691.0,-18.0,653.0,,-501.0,-363.0,225.0,196.0,-965.0
-253.0,850.0,94.0,722.0,,-283.0,-327.0,-12.0,359.0,-836.0
-197.0,308.0,151.0,668.0,,-43.0,-227.0,-282.0,767.0,-766.0
-253.0,1171.0,183.0,704.0,,-192.0,-134.0,-519.0,1001.0,-850.0
-359.0,3069.0,221.0,678.0,,-343.0,-56.0,-576.0,1009.0,-794.0
-366.0,2147.0,224.0,488.0,,-334.0,-20.0,-576.0,867.0,-677.0
-407.0,1275.0,252.0,301.0,,-508.0,-18.0,-426.0,865.0,-595.0
-438.0,1212.0,230.0,192.0,,-665.0,-19.0,-428.0,634.0,-513.0
-423.0,1335.0,213.0,78.0,,-409.0,-6.0,-312.0,409.0,-374.0
-465.0,-788.0,211.0,-45.0,,-194.0,-36.0,-169.0,460.0,-348.0
-459.0,-770.0,183.0,-179.0,,-409.0,-113.0,-103.0,559.0,-269.0
-406.0,450.0,151.0,-116.0,,-802.0,-257.0,-177.0,616.0,-79.0
-349.0,-123.0,168.0,144.0,,-651.0,-483.0,-500.0,245.0,11.0
-425.0,-1556.0,133.0,335.0,,-204.0,-651.0,-559.0,595.0,34.0
-401.0,-1069.0,99.0,348.0,,-184.0,-759.0,-543.0,847.0,-7.0
-303.0,-4.0,109.0,305.0,,-381.0,-802.0,-352.0,406.0,7.0
-316.0,-546.0,36.0,390.0,,-620.0,-769.0,-149.0,468.0,-35.0
-351.0,360.0,8.0,574.0,,-833.0,-624.0,-223.0,449.0,52.0
-355.0,883.0,-16.0,780.0,,-565.0,-367.0,-304.0,686.0,98.0
-355.0,1291.0,-106.0,859.0,,41.0,-125.0,-541.0,584.0,-3.0
-302.0,987.0,-131.0,784.0,,62.0,108.0,-598.0,176.0,16.0
-224.0,284.0,-172.0,512.0,,-581.0,338.0,-554.0,15.0,62.0
-334.0,-1.0,-211.0,2.0,,-811.0,603.0,-437.0,-6.0,125.0
-403.0,-301.0,-164.0,-418.0,,-228.0,825.0,-264.0,375.0,127.0
-315.0,-577.0,-177.0,-563.0,,121.0,922.0,-256.0,207.0,151.0
-247.0,-667.0,-186.0,-600.0,,-223.0,916.0,-164.0,-168.0,104.0
-307.0,228.0,-144.0,-608.0,,-521.0,795.0,-273.0,-359.0,144.0
-298.0,64.0,-140.0,-473.0,,-332.0,635.0,-267.0,-529.0,269.0
-157.0,-203.0,-146.0,-358.0,,-178.0,379.0,-114.0,-76.0,273.0
-63.0,322.0,-150.0,-258.0,,-242.0,81.0,1.0,33.0,366.0
47.0,720.0,-130.0,67.0,,-120.0,-184.0,107.0,-459.0,501.0
80.0,326.0,-119.0,478.0,,-14.0,-423.0,-57.0,-614.0,503.0
69.0,77.0,-130.0,732.0,,-260.0,-526.0,-203.0,-347.0,498.0
167.0,955.0,-88.0,779.0,,-563.0,-567.0,-550.0,-144.0,644.0
247.0,816.0,-25.0,780.0,,-373.0,-577.0,-822.0,-511.0,685.0
116.0,-277.0,22.0,690.0,,-33.0,-500.0,-910.0,-472.0,671.0
16.0,-77.0,82.0,411.0,,-162.0,-345.0,-990.0,-323.0,749.0
130.0,797.0,94.0,31.0,,-406.0,-182.0,-857.0,-542.0,735.0
149.0,746.0,137.0,-380.0,,-138.0,-81.0,-866.0,-383.0,596.0
45.0,263.0,185.0,-787.0,,407.0,-7.0,-713.0,-464.0,586.0
18.0,-423.0,143.0,-944.0,,458.0,21.0,-652.0,-749.0,629.0
51.0,-836.0,97.0,-774.0,,-146.0,-7.0,-668.0,-594.0,501.0
100.0,-794.0,50.0,-446.0,,-303.0,-82.0,-596.0,-313.0,376.0
168.0,-1465.0,-4.0,-33.0,,321.0,-102.0,-766.0,-369.0,291.0
152.0,-1630.0,-58.0,252.0,,517.0,-32.0,-716.0,-219.0,123.0
115.0,-747.0,-140.0,324.0,,29.0,59.0,-735.0,3.0,-154.0
219.0,17.0,-193.0,204.0,,-288.0,134.0,-696.0,-80.0,-378.0
313.0,676.0,-225.0,25.0,,43.0,166.0,-678.0,475.0,-566.0
255.0,979.0,-247.0,-138.0,,397.0,280.0,-809.0,593.0,-783.0
236.0,1224.0,-212.0,-212.0,,288.0,458.0,-753.0,93.0,-820.0
345.0,935.0,-224.0,-224.0,,85.0,663.0,-825.0,253.0,-697.0
421.0,721.0,-192.0,-201.0,,68.0,768.0,-739.0,399.0,-651.0
382.0,293.0,-122.0,-93.0,,169.0,722.0,-720.0,251.0,-573.0
370.0,-957.0,-117.0,-134.0,,109.0,701.0,-696.0,143.0,-336.0
428.0,-1362.0,-53.0,-207.0,,-81.0,650.0,-589.0,154.0,-144.0
464.0,-1837.0,0.0,-211.0,,121.0,587.0,-591.0,-66.0,-63.0
486.0,-1959.0,3.0,-249.0,,578.0,496.0,-424.0,83.0,60.0
474.0,-1662.0,31.0,-351.0,,435.0,369.0,-400.0,234.0,172.0
413.0,-1169.0,29.0,-421.0,,-160.0,208.0,-269.0,90.0,185.0
378.0,-389.0,36.0,-397.0,,-122.0,6.0,-88.0,308.0,187.0
430.0,-456.0,39.0,-312.0,,427.0,-135.0,94.0,112.0,94.0
386.0,88.0,38.0,-112.0,,319.0,-216.0,291.0,261.0,40.0
304.0,718.0,68.0,47.0,,-70.0,-213.0,116.0,384.0,107.0
331.0,76.0,58.0,266.0,,-35.0,-162.0,-166.0,100.0,168.0
295.0,-333.0,75.0,551.0,,204.0,-85.0,-746.0,342.0,29.0
228.0,239.0,40.0,615.0,,118.0,7.0,-1278.0,157.0,-131.0
188.0,132.0,-31.0,461.0,,-185.0,99.0,-1472.0,39.0,-54.0
145.0,-318.0,-14.0,119.0,,-27.0,202.0,-1481.0,373.0,-42.0
74.0,-403.0,-40.0,-210.0,,58.0,305.0,-1225.0,341.0,-126.0
63.0,-573.0,-69.0,-376.0,,-104.0,416.0,-1073.0,182.0,-277.0
-1.0,-517.0,-78.0,-494.0,,88.0,506.0,-875.0,368.0,-411.0
-218.0,-904.0,-67.0,-428.0,,477.0,539.0,-801.0,873.0,-505.0
-260.0,-224.0,-26.0,-141.0,,466.0,533.0,-679.0,1031.0,-524.0
-207.0,541.0,-3.0,204.0,,155.0,576.0,-358.0,810.0,-537.0
-314.0,953.0,-17.0,424.0,,71.0,595.0,-238.0,853.0,-668.0
-434.0,1520.0,-22.0,592.0,,146.0,501.0,-60.0,1331.0,-762.0
-422.0,942.0,-11.0,666.0,,217.0,351.0,-162.0,1104.0,-778.0
-411.0,1016.0,-31.0,503.0,,222.0,225.0,-317.0,746.0,-654.0
-472.0,647.0,-24.0,336.0,,93.0,165.0,-352.0,711.0,-531.0
-501.0,704.0,-47.0,204.0,,-104.0,149.0,-437.0,388.0,-436.0
-527.0,790.0,-52.0,212.0,,-158.0,170.0,-428.0,401.0,-302.0
-581.0,237.0,-40.0,241.0,,20.0,126.0,-596.0,121.0,-26.0
-569.0,381.0,-73.0,247.0,,93.0,59.0,-615.0,36.0,301.0
-570.0,13.0,-93.0,164.0,,-105.0,105.0,-646.0,-95.0,525.0
-648.0,300.0,-115.0,-159.0,,-45.0,126.0,-631.0,-260.0,700.0
-646.0,-116.0,-133.0,-440.0,,235.0,89.0,-524.0,20.0,858.0
-568.0,15.0,-221.0,-599.0,,239.0,94.0,-506.0,-234.0,959.0
-553.0,632.0,-250.0,-669.0,,96.0,110.0,-253.0,-111.0,919.0
-574.0,295.0,-225.0,-673.0,,171.0,134.0,-199.0,-20.0,901.0
-510.0,216.0,-243.0,-598.0,,358.0,129.0,-175.0,-297.0,822.0
-494.0,137.0,-232.0,-441.0,,178.0,103.0,-227.0,81.0,681.0
-519.0,684.0,-247.0,-228.0,,-16.0,130.0,-373.0,250.0,605.0
-485.0,-127.0,-262.0,-42.0,,33.0,201.0,-369.0,-47.0,522.0
-530.0,-819.0,-265.0,171.0,,79.0,271.0,-502.0,76.0,370.0
-595.0,-306.0,-271.0,363.0,,227.0,289.0,-460.0,409.0,336.0
-597.0,-130.0,-271.0,376.0,,405.0,297.0,-458.0,251.0,495.0
-598.0,-731.0,-249.0,286.0,,428.0,386.0,-406.0,0.0,483.0
-656.0,-1028.0,-224.0,247.0,,285.0,491.0,-301.0,-22.0,430.0
-647.0,45.0,-194.0,213.0,,285.0,470.0,-214.0,-48.0,475.0
-596.0,-127.0,-159.0,141.0,,268.0,375.0,173.0,199.0,497.0
-596.0,-586.0,-151.0,204.0,,-14.0,356.0,339.0,-108.0,451.0
-573.0,-85.0,-80.0,145.0,,-140.0,393.0,541.0,-318.0,406.0
-538.0,435.0,-35.0,-62.0,,11.0,378.0,654.0,84.0,329.0
-491.0,56.0,-28.0,-295.0,,64.0,322.0,530.0,49.0,141.0
-437.0,394.0,27.0,-545.0,,-62.0,270.0,362.0,123.0,33.0
-305.0,967.0,62.0,-664.0,,307.0,268.0,-29.0,135.0,53.0
-237.0,826.0,93.0,-689.0,,608.0,365.0,-214.0,62.0,75.0
-220.0,1358.0,81.0,-664.0,,389.0,489.0,-419.0,143.0,-35.0
-52.0,857.0,56.0,-682.0,,283.0,574.0,-415.0,351.0,-20.0
95.0,531.0,55.0,-709.0,,256.0,613.0,-279.0,254.0,37.0
120.0,-75.0,11.0,-661.0,,406.0,626.0,-232.0,10.0,-122.0
128.0,-767.0,-33.0,-488.0,,527.0,590.0,-53.0,180.0,-282.0
184.0,-754.0,-76.0,-321.0,,852.0,516.0,-243.0,383.0,-283.0
190.0,253.0,-102.0,-263.0,,1020.0,436.0,-456.0,540.0,-374.0
178.0,614.0,-87.0,-69.0,,788.0,280.0,-650.0,521.0,-768.0
155.0,-362.0,-109.0,174.0,,818.0,137.0,-628.0,567.0,-813.0
64.0,590.0,-132.0,279.0,,897.0,69.0,-351.0,423.0,-724.0
32.0,856.0,-133.0,377.0,,785.0,-6.0,-127.0,500.0,-973.0
68.0,332.0,-129.0,439.0,,523.0,-43.0,203.0,784.0,-1007.0
14.0,-554.0,-136.0,432.0,,617.0,-23.0,199.0,766.0,-838.0
-107.0,222.0,-185.0,401.0,,618.0,37.0,254.0,707.0,-818.0
-139.0,848.0,-205.0,309.0,,515.0,179.0,303.0,216.0,-824.0
-137.0,-565.0,-195.0,243.0,,711.0,344.0,349.0,371.0,-648.0
-215.0,-256.0,-185.0,169.0,,840.0,502.0,596.0,878.0,-465.0
-282.0,-165.0,-142.0,50.0,,659.0,608.0,484.0,885.0,-446.0
-285.0,-601.0,-46.0,-110.0,,354.0,612.0,367.0,642.0,-345.0
-292.0,-1147.0,37.0,-323.0,,533.0,615.0,62.0,28.0,-189.0
-290.0,-365.0,116.0,-320.0,,592.0,618.0,-225.0,491.0,-370.0
-270.0,-272.0,186.0,-161.0,,369.0,585.0,-240.0,1033.0,-414.0
-259.0,-698.0,231.0,-197.0,,371.0,557.0,-262.0,669.0,-261.0
-205.0,-467.0,255.0,-228.0,,770.0,517.0,-101.0,581.0,-366.0
-131.0,-1049.0,250.0,-100.0,,905.0,377.0,-70.0,523.0,-410.0
-86.0,-902.0,237.0,-66.0,,650.0,196.0,66.0,606.0,-240.0
-9.0,-703.0,180.0,-195.0,,807.0,59.0,162.0,715.0,-32.0
50.0,297.0,142.0,-345.0,,1098.0,-23.0,206.0,771.0,29.0
119.0,502.0,47.0,-409.0,,1005.0,-49.0,408.0,704.0,109.0
174.0,0.0,-57.0,-367.0,,720.0,-93.0,413.0,410.0,138.0
201.0,39.0,-98.0,-249.0,,825.0,-87.0,495.0,702.0,242.0
250.0,555.0,-165.0,-131.0,,957.0,-22.0,402.0,762.0,428.0
218.0,254.0,-201.0,-51.0,,936.0,23.0,221.0,140.0,235.0
258.0,-772.0,-201.0,0.0,,802.0,68.0,38.0,265.0,190.0
298.0,-404.0,-203.0,112.0,,767.0,59.0,-105.0,381.0,297.0
288.0,-143.0,-167.0,166.0,,966.0,51.0,-9.0,386.0,201.0
270.0,31.0,-128.0,48.0,,896.0,52.0,18.0,596.0,219.0
278.0,-445.0,-126.0,-211.0,,686.0,40.0,251.0,-115.0,251.0
315.0,-140.0,-100.0,-594.0,,529.0,48.0,343.0,-502.0,151.0
262.0,221.0,-104.0,-864.0,,728.0,-12.0,378.0,-317.0,140.0
240.0,88.0,-65.0,-929.0,,801.0,-120.0,528.0,-509.0,317.0
183.0,734.0,-32.0,-817.0,,555.0,-199.0,521.0,-660.0,369.0
171.0,469.0,-66.0,-620.0,,581.0,-254.0,703.0,-604.0,160.0
171.0,523.0,-60.0,-432.0,,728.0,-299.0,740.0,-758.0,142.0
148.0,676.0,-53.0,-458.0,,671.0,-308.0,801.0,-896.0,347.0
154.0,632.0,-69.0,-625.0,,617.0,-300.0,740.0,-558.0,257.0
160.0,127.0,-85.0,-608.0,,909.0,-287.0,458.0,-321.0,187.0
197.0,-670.0,-59.0,-543.0,,901.0,-254.0,317.0,-141.0,338.0
148.0,-929.0,-52.0,-428.0,,580.0,-258.0,177.0,54.0,374.0
100.0,-451.0,-34.0,-309.0,,559.0,-243.0,380.0,-377.0,306.0
74.0,279.0,-59.0,-190.0,,706.0,-202.0,530.0,-198.0,445.0
82.0,-462.0,-116.0,-36.0,,750.0,-176.0,750.0,490.0,635.0
100.0,-359.0,-140.0,-78.0,,637.0,-81.0,909.0,215.0,402.0
109.0,538.0,-184.0,-307.0,,893.0,33.0,729.0,78.0,412.0
110.0,684.0,-213.0,-509.0,,1176.0,79.0,692.0,233.0,690.0
95.0,496.0,-248.0,-600.0,,925.0,97.0,471.0,155.0,677.0
79.0,367.0,-241.0,-577.0,,860.0,81.0,537.0,487.0,502.0
5.0,594.0,-265.0,-446.0,,959.0,-12.0,667.0,782.0,438.0
-82.0,48.0,-264.0,-313.0,,904.0,-143.0,698.0,304.0,325.0
-192.0,316.0,-196.0,-269.0,,843.0,-224.0,713.0,403.0,88.0
-253.0,681.0,-157.0,-377.0,,1010.0,-261.0,360.0,734.0,87.0
-324.0,59.0,-44.0,-516.0,,1174.0,-265.0,236.0,283.0,-3.0
-423.0,-644.0,73.0,-650.0,,872.0,-242.0,131.0,261.0,-214.0
-507.0,-1150.0,137.0,-749.0,,797.0,-293.0,240.0,304.0,-300.0
-528.0,-742.0,209.0,-524.0,,970.0,-368.0,436.0,235.0,-125.0
-523.0,-905.0,281.0,-127.0,,976.0,-370.0,550.0,500.0,4.0
-531.0,-1301.0,298.0,46.0,,870.0,-311.0,944.0,484.0,-49.0
-496.0,-1440.0,314.0,19.0,,803.0,-228.0,1151.0,10.0,-136.0
-483.0,-849.0,309.0,-110.0,,815.0,-169.0,1369.0,28.0,-149.0
-390.0,-135.0,278.0,-344.0,,692.0,-112.0,1380.0,224.0,-139.0
-315.0,-274.0,283.0,-482.0,,661.0,-91.0,1317.0,269.0,-367.0
-253.0,-121.0,254.0,-317.0,,607.0,-86.0,1319.0,792.0,-426.0
-221.0,-9.0,246.0,44.0,,593.0,-10.0,1116.0,678.0,-580.0
-223.0,45.0,204.0,357.0,,687.0,70.0,1091.0,406.0,-819.0
-186.0,-599.0,176.0,513.0,,772.0,66.0,896.0,772.0,-905.0
-174.0,-125.0,150.0,495.0,,560.0,-6.0,744.0,863.0,-837.0
-113.0,522.0,95.0,333.0,,223.0,-99.0,674.0,835.0,-912.0
-76.0,-193.0,129.0,275.0,,340.0,-169.0,641.0,650.0,-1157.0
0.0,405.0,116.0,472.0,,308.0,-166.0,835.0,571.0,-1021.0
98.0,813.0,123.0,586.0,,248.0,-200.0,803.0,706.0,-976.0
186.0,743.0,169.0,512.0,,342.0,-291.0,844.0,727.0,-1000.0
200.0,139.0,166.0,344.0,,400.0,-364.0,774.0,512.0,-1048.0
200.0,239.0,168.0,124.0,,346.0,-418.0,696.0,121.0,-1021.0
260.0,1087.0,154.0,83.0,,149.0,-455.0,720.0,63.0,-1041.0
233.0,144.0,112.0,80.0,,281.0,-489.0,654.0,-262.0,-1206.0
206.0,153.0,56.0,-3.0,,133.0,-435.0,753.0,-289.0,-1069.0
185.0,412.0,24.0,-143.0,,-269.0,-329.0,593.0,-136.0,-905.0
234.0,-12.0,-28.0,-224.0,,-296.0,-197.0,474.0,-354.0,-767.0
262.0,-306.0,-115.0,-171.0,,-222.0,-44.0,389.0,-78.0,-664.0
262.0,-509.0,-162.0,-186.0,,-342.0,12.0,343.0,-67.0,-373.0
307.0,288.0,-159.0,-180.0,,-534.0,29.0,495.0,-65.0,-153.0
349.0,608.0,-155.0,-74.0,,-488.0,23.0,513.0,152.0,-150.0
424.0,659.0,-139.0,97.0,,-582.0,12.0,726.0,137.0,100.0
477.0,1050.0,-97.0,297.0,,-681.0,-14.0,800.0,164.0,198.0
581.0,938.0,-99.0,487.0,,-410.0,-125.0,785.0,99.0,149.0
649.0,779.0,-98.0,552.0,,-242.0,-241.0,718.0,130.0,169.0
700.0,950.0,-79.0,355.0,,-470.0,-352.0,587.0,168.0,205.0
792.0,265.0,-120.0,141.0,,-701.0,-445.0,752.0,338.0,190.0
814.0,-357.0,-126.0,31.0,,-474.0,-484.0,892.0,231.0,127.0
782.0,-318.0,-123.0,-90.0,,-396.0,-444.0,1066.0,12.0,174.0
740.0,-191.0,-246.0,-192.0,,-463.0,-394.0,1001.0,443.0,249.0
789.0,163.0,-300.0,-165.0,,-222.0,-383.0,783.0,400.0,347.0
823.0,-30.0,-319.0,-134.0,,-225.0,-386.0,563.0,189.0,403.0
766.0,-124.0,-446.0,-124.0,,-402.0,-376.0,223.0,298.0,445.0
761.0,186.0,-455.0,23.0,,-418.0,-280.0,203.0,205.0,566.0
740.0,665.0,-443.0,159.0,,-320.0,-195.0,186.0,99.0,629.0
733.0,586.0,-495.0,213.0,,-463.0,-133.0,203.0,7.0,583.0
742.0,604.0,-423.0,138.0,,-507.0,-79.0,223.0,-200.0,587.0
662.0,661.0,-395.0,-104.0,,-283.0,-56.0,236.0,-531.0,565.0
572.0,1129.0,-408.0,-288.0,,-449.0,-14.0,535.0,-514.0,359.0
553.0,1505.0,-349.0,-275.0,,-520.0,-42.0,724.0,-494.0,268.0
545.0,205.0,-346.0,-162.0,,-317.0,-86.0,1040.0,-431.0,281.0
429.0,-43.0,-369.0,-105.0,,-116.0,-122.0,1317.0,-373.0,140.0
385.0,-166.0,-361.0,-50.0,,-267.0,-179.0,1428.0,-725.0,-48.0
376.0,-902.0,-332.0,-37.0,,-546.0,-193.0,1529.0,-588.0,60.0
320.0,-919.0,-330.0,-76.0,,-435.0,-155.0,1391.0,-375.0,218.0
267.0,-56.0,-254.0,-114.0,,-452.0,-29.0,1215.0,-587.0,208.0
235.0,115.0,-181.0,-294.0,,-522.0,131.0,872.0,-696.0,332.0
227.0,-890.0,-187.0,-508.0,,-579.0,249.0,565.0,-645.0,397.0
175.0,-686.0,-130.0,-647.0,,-714.0,330.0,286.0,-726.0,320.0
181.0,-387.0,-136.0,-547.0,,-736.0,370.0,133.0,-608.0,354.0
150.0,-948.0,-153.0,-242.0,,-615.0,386.0,304.0,28.0,391.0
135.0,-867.0,-122.0,-14.0,,-398.0,425.0,430.0,108.0,166.0
154.0,158.0,-121.0,192.0,,-394.0,419.0,735.0,-308.0,-28.0
171.0,198.0,-141.0,352.0,,-448.0,322.0,920.0,-499.0,-74.0
188.0,141.0,-163.0,317.0,,-297.0,226.0,1103.0,-446.0,-214.0
198.0,935.0,-149.0,54.0,,-313.0,172.0,1332.0,-349.0,-404.0
218.0,1178.0,-99.0,-254.0,,-392.0,160.0,1317.0,-385.0,-409.0
172.0,1338.0,-81.0,-456.0,,-169.0,146.0,1315.0,-383.0,-339.0
172.0,1067.0,-70.0,-622.0,,-17.0,130.0,992.0,-521.0,-409.0
99.0,1103.0,-35.0,-702.0,,-93.0,98.0,787.0,-370.0,-269.0
39.0,2135.0,-36.0,-540.0,,-65.0,-1.0,737.0,115.0,-41.0
9.0,1524.0,-40.0,-120.0,,-6.0,-78.0,631.0,308.0,-60.0
-1.0,101.0,-32.0,356.0,,-127.0,-106.0,635.0,80.0,-206.0
8.0,289.0,-32.0,664.0,,-194.0,-144.0,478.0,-60.0,-182.0
-10.0,346.0,-38.0,809.0,,-125.0,-177.0,343.0,129.0,-32.0
29.0,-523.0,-42.0,819.0,,-81.0,-210.0,14.0,96.0,-85.0
-2.0,-1103.0,-70.0,738.0,,-319.0,-241.0,-162.0,-161.0,-130.0
-26.0,-368.0,-71.0,601.0,,-400.0,-291.0,-177.0,-419.0,-138.0
-89.0,99.0,-70.0,359.0,,-101.0,-355.0,-234.0,-372.0,-180.0
-117.0,-196.0,-78.0,127.0,,-288.0,-378.0,-33.0,-163.0,-121.0
-166.0,38.0,-91.0,17.0,,-615.0,-366.0,72.0,23.0,-115.0
-215.0,-675.0,-151.0,34.0,,-437.0,-361.0,341.0,280.0,-89.0
-182.0,-843.0,-186.0,106.0,,-160.0,-322.0,594.0,308.0,-23.0
-209.0,-50.0,-238.0,287.0,,-491.0,-190.0,720.0,281.0,19.0
-145.0,287.0,-311.0,579.0,,-930.0,47.0,674.0,423.0,160.0
-69.0,193.0,-359.0,832.0,,-761.0,291.0,384.0,453.0,312.0
40.0,-647.0,-395.0,969.0,,-805.0,408.0,419.0,309.0,314.0
61.0,-592.0,-461.0,964.0,,-1086.0,394.0,417.0,201.0,172.0
92.0,-997.0,-525.0,896.0,,-926.0,311.0,412.0,201.0,200.0
233.0,-1612.0,-557.0,690.0,,-452.0,225.0,249.0,458.0,265.0
297.0,-1305.0,-589.0,303.0,,-506.0,116.0,-38.0,337.0,131.0
355.0,-1272.0,-591.0,-93.0,,-865.0,-8.0,1.0,13.0,134.0
415.0,-277.0,-582.0,-345.0,,-588.0,-97.0,86.0,285.0,261.0
515.0,-363.0,-612.0,-374.0,,-227.0,-190.0,498.0,273.0,313.0
561.0,-851.0,-632.0,-320.0,,-241.0,-324.0,848.0,174.0,362.0
553.0,-145.0,-637.0,-345.0,,-500.0,-397.0,1012.0,323.0,562.0
489.0,-317.0,-642.0,-337.0,,-623.0,-358.0,997.0,299.0,749.0
419.0,131.0,-656.0,-204.0,,-582.0,-216.0,589.0,337.0,728.0
377.0,763.0,-696.0,-60.0,,-594.0,-21.0,339.0,168.0,791.0
270.0,873.0,-709.0,191.0,,-646.0,149.0,-18.0,92.0,907.0
257.0,1396.0,-729.0,381.0,,-777.0,346.0,-258.0,12.0,790.0
270.0,889.0,-756.0,284.0,,-699.0,529.0,-303.0,-259.0,566.0
204.0,420.0,-773.0,68.0,,-545.0,695.0,-251.0,-289.0,446.0
157.0,728.0,-761.0,-187.0,,-563.0,772.0,-25.0,-457.0,395.0
110.0,514.0,-787.0,-276.0,,-763.0,697.0,-40.0,-402.0,282.0
126.0,-223.0,-786.0,-190.0,,-761.0,587.0,142.0,-314.0,233.0
115.0,-740.0,-768.0,-114.0,,-690.0,432.0,290.0,-327.0,328.0
102.0,-509.0,-785.0,-31.0,,-800.0,204.0,476.0,-240.0,478.0
122.0,-1180.0,-737.0,-26.0,,-667.0,-47.0,790.0,-484.0,606.0
124.0,-1834.0,-768.0,26.0,,-434.0,-236.0,844.0,-252.0,666.0
186.0,-1578.0,-777.0,159.0,,-397.0,-364.0,881.0,148.0,712.0
177.0,-1469.0,-736.0,228.0,,-579.0,-465.0,572.0,160.0,684.0
185.0,-835.0,-757.0,315.0,,-383.0,-556.0,421.0,81.0,619.0
175.0,-377.0,-768.0,307.0,,-241.0,-635.0,456.0,-17.0,536.0
177.0,155.0,-731.0,283.0,,-738.0,-640.0,491.0,187.0,396.0
197.0,455.0,-721.0,273.0,,-898.0,-551.0,642.0,236.0,292.0
196.0,96.0,-719.0,217.0,,-488.0,-461.0,423.0,288.0,157.0
211.0,590.0,-742.0,262.0,,-323.0,-421.0,247.0,495.0,78.0
128.0,826.0,-817.0,200.0,,-642.0,-369.0,31.0,570.0,-68.0
84.0,-165.0,-858.0,17.0,,-533.0,-321.0,-59.0,433.0,-286.0
-12.0,-165.0,-912.0,-169.0,,-99.0,-275.0,-94.0,277.0,-323.0
-130.0,392.0,-937.0,-294.0,,-189.0,-202.0,-236.0,495.0,-407.0
-228.0,-339.0,-948.0,-268.0,,-445.0,-93.0,-114.0,575.0,-557.0
-287.0,-858.0,-953.0,-169.0,,-354.0,20.0,-109.0,480.0,-571.0
-312.0,-1348.0,-914.0,-67.0,,-256.0,59.0,20.0,246.0,-417.0
-358.0,-638.0,-819.0,9.0,,-397.0,34.0,48.0,239.0,-403.0
-350.0,641.0,-770.0,65.0,,-349.0,5.0,68.0,301.0,-458.0
-387.0,286.0,-699.0,23.0,,-271.0,-22.0,266.0,-49.0,-292.0
-405.0,1220.0,-630.0,-111.0,,-417.0,-27.0,291.0,-323.0,-195.0
-417.0,1494.0,-604.0,-239.0,,-494.0,3.0,332.0,-566.0,-155.0
-410.0,722.0,-567.0,-294.0,,-384.0,-8.0,86.0,-564.0,46.0
-401.0,936.0,-566.0,-262.0,,-387.0,-41.0,-77.0,-440.0,284.0
-383.0,1339.0,-496.0,-233.0,,-544.0,-51.0,-120.0,-323.0,262.0
-333.0,1060.0,-481.0,-155.0,,-544.0,-46.0,-123.0,-341.0,224.0
-323.0,-148.0,-452.0,-40.0,,-609.0,0.0,127.0,-487.0,396.0
-293.0,236.0,-431.0,61.0,,-653.0,88.0,179.0,-260.0,437.0
-280.0,410.0,-447.0,283.0,,-425.0,191.0,243.0,-249.0,387.0
-266.0,-123.0,-408.0,484.0,,-73.0,302.0,203.0,-388.0,392.0
-227.0,-582.0,-389.0,482.0,,-102.0,386.0,169.0,-238.0,384.0
-221.0,-404.0,-385.0,474.0,,-358.0,377.0,206.0,-274.0,347.0
-213.0,580.0,-347.0,524.0,,-108.0,286.0,103.0,-135.0,368.0
-187.0,170.0,-296.0,561.0,,-85.0,129.0,70.0,167.0,430.0
-177.0,369.0,-292.0,587.0,,-429.0,-38.0,-149.0,-78.0,397.0
-188.0,555.0,-255.0,498.0,,-475.0,-170.0,-92.0,-179.0,379.0
-195.0,-377.0,-254.0,356.0,,-450.0,-250.0,5.0,233.0,487.0
-230.0,-1136.0,-250.0,159.0,,-641.0,-300.0,-99.0,435.0,576.0
-278.0,-745.0,-250.0,-97.0,,-752.0,-355.0,-92.0,274.0,602.0
-256.0,-700.0,-291.0,-343.0,,-605.0,-395.0,-134.0,-12.0,586.0
-261.0,-1674.0,-337.0,-553.0,,-646.0,-422.0,105.0,-158.0,569.0
-287.0,-702.0,-343.0,-536.0,,-628.0,-386.0,199.0,-51.0,624.0
-307.0,42.0,-374.0,-325.0,,-371.0,-356.0,197.0,67.0,618.0
-297.0,-823.0,-435.0,-164.0,,-277.0,-344.0,121.0,175.0,597.0
-269.0,-1392.0,-443.0,-107.0,,-505.0,-319.0,-140.0,-58.0,580.0
-285.0,-857.0,-518.0,75.0,,-565.0,-268.0,-291.0,-468.0,555.0
-268.0,-440.0,-573.0,384.0,,-384.0,-152.0,-576.0,-325.0,478.0
-240.0,-1074.0,-630.0,613.0,,-613.0,-23.0,-522.0,-212.0,391.0
-164.0,-800.0,-672.0,720.0,,-658.0,161.0,-473.0,-428.0,458.0
-110.0,-789.0,-678.0,730.0,,-292.0,345.0,-406.0,-524.0,419.0
-98.0,-766.0,-712.0,681.0,,-108.0,457.0,-242.0,-419.0,284.0
-54.0,-549.0,-730.0,656.0,,-304.0,531.0,-421.0,-199.0,209.0
-3.0,-705.0,-770.0,634.0,,-521.0,559.0,-461.0,-6.0,123.0
-28.0,-151.0,-766.0,525.0,,-473.0,523.0,-593.0,-45.0,-164.0
-58.0,-309.0,-735.0,446.0,,-726.0,459.0,-569.0,-216.0,-418.0
-30.0,430.0,-748.0,407.0,,-870.0,402.0,-376.0,-347.0,-457.0
-71.0,598.0,-741.0,381.0,,-507.0,310.0,-216.0,-437.0,-692.0
-97.0,-259.0,-730.0,344.0,,-247.0,217.0,-5.0,-127.0,-894.0
-93.0,216.0,-714.0,238.0,,-336.0,91.0,-90.0,-80.0,-833.0
-116.0,677.0,-690.0,125.0,,-471.0,-31.0,-114.0,-243.0,-796.0
-168.0,744.0,-685.0,83.0,,-477.0,-107.0,-264.0,-187.0,-760.0
-206.0,674.0,-646.0,86.0,,-585.0,-154.0,-421.0,-208.0,-516.0
-194.0,1015.0,-656.0,0.0,,-534.0,-130.0,-426.0,219.0,-280.0
-191.0,260.0,-658.0,-70.0,,-408.0,-125.0,-476.0,147.0,-243.0
-189.0,-18.0,-620.0,-40.0,,-439.0,-158.0,-345.0,-100.0,-158.0
-212.0,-47.0,-623.0,107.0,,-482.0,-225.0,-369.0,302.0,22.0
-208.0,-1093.0,-577.0,264.0,,-429.0,-286.0,-388.0,374.0,0.0
-190.0,-496.0,-551.0,215.0,,-219.0,-331.0,-583.0,102.0,-171.0
-278.0,49.0,-532.0,170.0,,-223.0,-397.0,-868.0,-294.0,-318.0
-344.0,-451.0,-495.0,173.0,,-221.0,-408.0,-838.0,-423.0,-568.0
-382.0,119.0,-513.0,152.0,,-157.0,-402.0,-894.0,-224.0,-829.0
-416.0,679.0,-457.0,172.0,,-124.0,-412.0,-794.0,161.0,-993.0
-485.0,-248.0,-442.0,178.0,,39.0,-388.0,-872.0,452.0,-1047.0
-497.0,-236.0,-475.0,184.0,,38.0,-342.0,-1067.0,333.0,-1085.0
-403.0,32.0,-434.0,74.0,,-47.0,-313.0,-1152.0,193.0,-1094.0
-409.0,-617.0,-440.0,-37.0,,-270.0,-274.0,-1182.0,219.0,-905.0
-355.0,-540.0,-440.0,-42.0,,-317.0,-248.0,-885.0,172.0,-677.0
-324.0,430.0,-451.0,-46.0,,37.0,-276.0,-792.0,16.0,-540.0
-295.0,230.0,-440.0,-141.0,,234.0,-326.0,-685.0,-151.0,-440.0
-250.0,-1105.0,-428.0,-366.0,,300.0,-347.0,-583.0,-304.0,-280.0
-176.0,-1017.0,-466.0,-416.0,,315.0,-339.0,-412.0,-231.0,-168.0
-90.0,-320.0,-472.0,-272.0,,448.0,-334.0,-48.0,-107.0,-141.0
-51.0,-359.0,-485.0,-79.0,,452.0,-277.0,-9.0,-57.0,-22.0
85.0,99.0,-500.0,43.0,,134.0,-215.0,-55.0,-127.0,56.0
119.0,250.0,-500.0,116.0,,41.0,-209.0,-336.0,-236.0,-49.0
201.0,-467.0,-492.0,183.0,,79.0,-206.0,-502.0,-239.0,-172.0
205.0,-171.0,-499.0,94.0,,183.0,-208.0,-624.0,-30.0,-100.0
143.0,-1016.0,-449.0,34.0,,251.0,-205.0,-916.0,291.0,30.0
147.0,-845.0,-410.0,79.0,,314.0,-212.0,-953.0,287.0,51.0
167.0,191.0,-417.0,10.0,,397.0,-168.0,-1032.0,195.0,184.0
150.0,31.0,-399.0,-190.0,,422.0,-99.0,-857.0,161.0,414.0
23.0,597.0,-389.0,-332.0,,515.0,-67.0,-630.0,-8.0,465.0
-1.0,547.0,-378.0,-402.0,,355.0,-45.0,-519.0,-169.0,513.0
-76.0,656.0,-378.0,-410.0,,144.0,-84.0,-497.0,-50.0,663.0
-86.0,91.0,-366.0,-295.0,,195.0,-88.0,-851.0,74.0,632.0
-136.0,85.0,-396.0,-100.0,,359.0,-54.0,-1193.0,-167.0,429.0
-200.0,173.0,-412.0,152.0,,364.0,-16.0,-1522.0,-474.0,319.0
-184.0,549.0,-406.0,371.0,,288.0,20.0,-1607.0,-363.0,215.0
-161.0,463.0,-426.0,470.0,,402.0,9.0,-1600.0,-142.0,-16.0
-129.0,-905.0,-386.0,506.0,,356.0,47.0,-1594.0,-204.0,-141.0
-212.0,-326.0,-380.0,501.0,,219.0,56.0,-1426.0,-46.0,-206.0
-228.0,-966.0,-399.0,311.0,,304.0,59.0,-1428.0,56.0,-335.0
-235.0,-168.0,-373.0,19.0,,395.0,117.0,-1249.0,-49.0,-417.0
-198.0,511.0,-364.0,-113.0,,305.0,98.0,-1075.0,123.0,-383.0
-249.0,-548.0,-349.0,11.0,,93.0,20.0,-844.0,221.0,-318.0
-326.0,-156.0,-323.0,186.0,,56.0,-59.0,-583.0,221.0,-384.0
-290.0,-61.0,-349.0,359.0,,75.0,-127.0,-639.0,280.0,-413.0
-262.0,-222.0,-349.0,664.0,,93.0,-119.0,-648.0,431.0,-312.0
-322.0,-1087.0,-324.0,789.0,,284.0,-21.0,-803.0,362.0,-274.0
-456.0,-413.0,-312.0,692.0,,360.0,13.0,-752.0,140.0,-272.0
-478.0,106.0,-243.0,450.0,,423.0,37.0,-672.0,163.0,-226.0
-506.0,454.0,-225.0,112.0,,416.0,123.0,-631.0,-9.0,-246.0
-580.0,1046.0,-220.0,-16.0,,169.0,196.0,-325.0,55.0,-328.0
-658.0,-108.0,-151.0,-38.0,,41.0,247.0,-243.0,124.0,-349.0
-709.0,-62.0,-151.0,17.0,,-72.0,236.0,1.0,-225.0,-363.0
-723.0,183.0,-126.0,185.0,,-31.0,246.0,219.0,-349.0,-421.0
-719.0,158.0,-76.0,296.0,,225.0,243.0,323.0,-275.0,-391.0
-795.0,46.0,-112.0,426.0,,397.0,124.0,230.0,-24.0,-302.0
-831.0,255.0,-84.0,553.0,,563.0,-46.0,-192.0,143.0,-274.0
-745.0,488.0,-79.0,618.0,,563.0,-191.0,-574.0,5.0,-242.0
-711.0,867.0,-108.0,655.0,,482.0,-250.0,-1197.0,-216.0,-158.0
-740.0,817.0,-103.0,560.0,,336.0,-258.0,-1644.0,-400.0,-114.0
-715.0,-524.0,-123.0,308.0,,290.0,-238.0,-1973.0,-198.0,-176.0
-621.0,213.0,-125.0,72.0,,398.0,-219.0,-2023.0,20.0,-227.0
-584.0,461.0,-129.0,-90.0,,477.0,-227.0,-1664.0,-140.0,-320.0
-472.0,384.0,-96.0,-205.0,,681.0,-172.0,-1243.0,-181.0,-435.0
-386.0,294.0,-77.0,-304.0,,766.0,-102.0,-548.0,57.0,-418.0
-305.0,-492.0,-63.0,-402.0,,839.0,-129.0,-210.0,543.0,-392.0
-244.0,-33.0,-19.0,-432.0,,759.0,-120.0,-77.0,689.0,-389.0
-218.0,-461.0,-13.0,-450.0,,631.0,-43.0,-208.0,273.0,-410.0
-155.0,-159.0,-13.0,-455.0,,620.0,28.0,-545.0,-93.0,-354.0
-171.0,277.0,-38.0,-414.0,,535.0,81.0,-583.0,33.0,-231.0
-139.0,-533.0,-68.0,-356.0,,673.0,39.0,-761.0,207.0,-130.0
-168.0,-302.0,-110.0,-312.0,,619.0,-10.0,-790.0,86.0,-127.0
-166.0,365.0,-206.0,-231.0,,435.0,-25.0,-933.0,75.0,-206.0
-148.0,323.0,-260.0,-77.0,,435.0,-31.0,-1051.0,-292.0,-253.0
-170.0,196.0,-336.0,-8.0,,639.0,-6.0,-990.0,-460.0,-368.0
-140.0,201.0,-396.0,91.0,,948.0,-28.0,-1095.0,-234.0,-452.0
-96.0,572.0,-363.0,245.0,,948.0,0.0,-1012.0,-268.0,-539.0
-47.0,625.0,-369.0,194.0,,997.0,109.0,-1012.0,-147.0,-687.0
-38.0,-11.0,-379.0,-80.0,,989.0,140.0,-779.0,22.0,-807.0
-8.0,-265.0,-336.0,-428.0,,781.0,96.0,-539.0,6.0,-730.0
40.0,-598.0,-300.0,-672.0,,767.0,35.0,-578.0,198.0,-576.0
91.0,-269.0,-253.0,-703.0,,894.0,-40.0,-533.0,239.0,-565.0
96.0,-248.0,-173.0,-553.0,,858.0,-104.0,-631.0,-304.0,-490.0
67.0,-547.0,-95.0,-426.0,,580.0,-160.0,-570.0,-135.0,-377.0
49.0,-120.0,-11.0,-319.0,,515.0,-264.0,-644.0,191.0,-310.0
100.0,-23.0,34.0,-170.0,,644.0,-343.0,-820.0,26.0,-276.0
134.0,-9.0,40.0,-179.0,,676.0,-326.0,-1051.0,34.0,-240.0
89.0,-47.0,21.0,-373.0,,750.0,-233.0,-1352.0,-234.0,-243.0
79.0,625.0,-9.0,-618.0,,792.0,-146.0,-1223.0,-93.0,-255.0
138.0,945.0,-78.0,-766.0,,694.0,-107.0,-1180.0,186.0,-224.0
207.0,1125.0,-173.0,-728.0,,744.0,-4.0,-1079.0,56.0,-189.0
158.0,1671.0,-220.0,-462.0,,919.0,98.0,-1114.0,-153.0,-134.0
139.0,1376.0,-226.0,-21.0,,914.0,113.0,-1295.0,-357.0,-105.0
188.0,1263.0,-233.0,356.0,,707.0,102.0,-1223.0,-222.0,-54.0
209.0,858.0,-252.0,564.0,,744.0,72.0,-1175.0,116.0,1.0
200.0,544.0,-249.0,615.0,,836.0,15.0,-938.0,397.0,63.0
163.0,-51.0,-232.0,629.0,,655.0,-14.0,-888.0,342.0,184.0
157.0,-839.0,-224.0,660.0,,649.0,29.0,-796.0,203.0,340.0
170.0,-684.0,-203.0,525.0,,529.0,97.0,-679.0,78.0,418.0
162.0,-776.0,-171.0,333.0,,367.0,93.0,-737.0,34.0,345.0
134.0,-1141.0,-165.0,163.0,,206.0,126.0,-618.0,93.0,264.0
98.0,-800.0,-141.0,87.0,,102.0,264.0,-713.0,-8.0,231.0
84.0,-98.0,-133.0,70.0,,316.0,337.0,-654.0,-378.0,185.0
103.0,-743.0,-117.0,-34.0,,494.0,384.0,-569.0,-707.0,136.0
40.0,-786.0,-101.0,-41.0,,732.0,436.0,-552.0,-497.0,28.0
-17.0,-448.0,-103.0,24.0,,642.0,460.0,-439.0,-529.0,-196.0
-14.0,-634.0,-69.0,130.0,,400.0,504.0,-423.0,-672.0,-356.0
-87.0,-168.0,-42.0,212.0,,450.0,489.0,-312.0,-600.0,-423.0
-127.0,-103.0,-21.0,271.0,,577.0,428.0,-476.0,-437.0,-541.0
-136.0,-33.0,2.0,318.0,,598.0,335.0,-639.0,-152.0,-627.0
-175.0,-9.0,29.0,273.0,,471.0,225.0,-848.0,-63.0,-656.0
-125.0,414.0,34.0,233.0,,652.0,163.0,-1104.0,123.0,-650.0
-90.0,289.0,44.0,143.0,,830.0,77.0,-1073.0,157.0,-600.0
-87.0,181.0,54.0,126.0,,792.0,4.0,-1136.0,162.0,-604.0
-92.0,527.0,53.0,260.0,,644.0,-3.0,-1038.0,279.0,-610.0
-82.0,71.0,54.0,408.0,,469.0,6.0,-1042.0,303.0,-588.0
-65.0,341.0,77.0,467.0,,356.0,51.0,-870.0,90.0,-553.0
-150.0,611.0,71.0,351.0,,123.0,141.0,-493.0,-129.0,-525.0
-192.0,780.0,63.0,224.0,,301.0,246.0,-413.0,60.0,-483.0
-258.0,1119.0,96.0,96.0,,550.0,322.0,-288.0,23.0,-416.0
-253.0,341.0,58.0,-116.0,,471.0,402.0,-439.0,120.0,-366.0
-235.0,-57.0,96.0,-303.0,,476.0,517.0,-533.0,341.0,-253.0
-262.0,230.0,129.0,-322.0,,454.0,606.0,-694.0,365.0,-181.0
-207.0,-203.0,85.0,-181.0,,383.0,656.0,-936.0,670.0,-142.0
-205.0,143.0,90.0,-131.0,,408.0,665.0,-837.0,891.0,-42.0
-160.0,351.0,82.0,-134.0,,493.0,657.0,-787.0,880.0,56.0
-219.0,-588.0,60.0,-183.0,,308.0,663.0,-489.0,877.0,39.0
-255.0,-1469.0,18.0,-269.0,,63.0,647.0,-269.0,768.0,-75.0
-210.0,-1194.0,-5.0,-297.0,,150.0,611.0,-166.0,535.0,-93.0
-249.0,-791.0,-79.0,-383.0,,390.0,601.0,-158.0,515.0,-63.0
-264.0,-894.0,-129.0,-477.0,,531.0,571.0,-400.0,606.0,-81.0
-267.0,-84.0,-124.0,-530.0,,349.0,514.0,-565.0,341.0,-103.0
-212.0,-313.0,-140.0,-552.0,,167.0,532.0,-877.0,-178.0,-117.0
-187.0,-891.0,-68.0,-552.0,,171.0,550.0,-977.0,-319.0,-287.0
-122.0,-935.0,-13.0,-463.0,,205.0,534.0,-997.0,-210.0,-408.0
-31.0,-458.0,27.0,-273.0,,261.0,548.0,-947.0,-214.0,-339.0
65.0,-241.0,123.0,-162.0,,188.0,546.0,-698.0,-343.0,-346.0
167.0,-100.0,167.0,-154.0,,204.0,490.0,-545.0,-547.0,-404.0
177.0,417.0,151.0,-176.0,,248.0,423.0,-277.0,-565.0,-407.0
288.0,477.0,82.0,-183.0,,125.0,381.0,-312.0,-427.0,-313.0
380.0,1128.0,38.0,-226.0,,16.0,352.0,-395.0,-90.0,-133.0
388.0,0.0,1.0,-342.0,,164.0,338.0,-391.0,-251.0,104.0
412.0,-449.0,-120.0,-363.0,,562.0,325.0,-474.0,-710.0,265.0
410.0,148.0,-176.0,-427.0,,487.0,330.0,-347.0,-823.0,387.0
423.0,368.0,-293.0,-591.0,,48.0,299.0,-275.0,-889.0,483.0
398.0,683.0,-384.0,-590.0,,35.0,259.0,-123.0,-681.0,542.0
391.0,297.0,-374.0,-508.0,,241.0,298.0,-155.0,-624.0,595.0
395.0,694.0,-438.0,-525.0,,5.0,352.0,-345.0,-906.0,502.0
440.0,-476.0,-440.0,-653.0,,-235.0,469.0,-473.0,-1180.0,383.0
519.0,-951.0,-401.0,-718.0,,-88.0,589.0,-491.0,-983.0,295.0
522.0,-641.0,-341.0,-673.0,,-97.0,578.0,-249.0,-589.0,267.0
551.0,-721.0,-317.0,-645.0,,-135.0,534.0,-114.0,-454.0,250.0
598.0,-711.0,-277.0,-579.0,,6.0,532.0,254.0,-455.0,253.0
688.0,-1328.0,-268.0,-511.0,,150.0,565.0,491.0,-617.0,279.0
735.0,-112.0,-233.0,-588.0,,-27.0,593.0,491.0,-412.0,249.0
693.0,-280.0,-214.0,-667.0,,-477.0,554.0,561.0,-223.0,205.0
647.0,-608.0,-269.0,-697.0,,-621.0,472.0,399.0,-181.0,197.0
694.0,135.0,-267.0,-795.0,,-373.0,386.0,339.0,-236.0,233.0
698.0,248.0,-312.0,-832.0,,-100.0,336.0,171.0,-318.0,166.0
558.0,915.0,-303.0,-747.0,,-59.0,201.0,72.0,-5.0,114.0
503.0,1094.0,-318.0,-547.0,,-56.0,-21.0,14.0,24.0,85.0
473.0,538.0,-295.0,-357.0,,25.0,-129.0,-20.0,-2.0,21.0
436.0,-107.0,-294.0,-242.0,,93.0,-189.0,219.0,-55.0,-61.0
344.0,97.0,-345.0,-106.0,,-121.0,-240.0,112.0,-181.0,-132.0
292.0,93.0,-390.0,6.0,,-357.0,-261.0,31.0,173.0,-208.0
302.0,392.0,-473.0,149.0,,-135.0,-246.0,-9.0,484.0,-333.0
281.0,77.0,-515.0,178.0,,-72.0,-239.0,1.0,367.0,-369.0
246.0,-220.0,-553.0,191.0,,-273.0,-272.0,232.0,-112.0,-466.0
205.0,952.0,-560.0,359.0,,-333.0,-274.0,277.0,-279.0,-543.0
261.0,861.0,-578.0,416.0,,-117.0,-289.0,275.0,-39.0,-580.0
238.0,61.0,-539.0,391.0,,52.0,-283.0,-9.0,8.0,-615.0
196.0,-253.0,-501.0,256.0,,-93.0,-215.0,-291.0,-102.0,-615.0
198.0,408.0,-462.0,103.0,,-97.0,-104.0,-478.0,-317.0,-695.0
235.0,848.0,-384.0,-20.0,,62.0,-4.0,-495.0,-130.0,-759.0
273.0,253.0,-323.0,-262.0,,-29.0,62.0,-123.0,228.0,-836.0
243.0,-856.0,-235.0,-352.0,,-429.0,121.0,53.0,336.0,-879.0
272.0,-1012.0,-180.0,-292.0,,-580.0,156.0,225.0,98.0,-898.0
277.0,-1280.0,-157.0,-290.0,,-466.0,200.0,227.0,-230.0,-932.0
334.0,-1757.0,-112.0,-318.0,,-536.0,275.0,201.0,12.0,-894.0
400.0,-759.0,-66.0,-250.0,,-585.0,392.0,310.0,148.0,-787.0
372.0,-425.0,-46.0,-94.0,,-311.0,471.0,221.0,146.0,-596.0
372.0,470.0,-60.0,29.0,,-10.0,451.0,225.0,29.0,-446.0
393.0,746.0,-80.0,190.0,,-191.0,385.0,60.0,-313.0,-356.0
388.0,-223.0,-70.0,477.0,,-570.0,345.0,94.0,-464.0,-275.0
345.0,-409.0,-75.0,807.0,,-703.0,307.0,363.0,-417.0,-282.0
332.0,-329.0,-72.0,983.0,,-588.0,204.0,550.0,-193.0,-202.0
319.0,-598.0,-46.0,900.0,,-529.0,74.0,633.0,-80.0,-135.0
277.0,-1027.0,-41.0,673.0,,-804.0,-122.0,424.0,7.0,-246.0
246.0,-849.0,-46.0,499.0,,-788.0,-343.0,421.0,20.0,-300.0
213.0,-1252.0,-62.0,343.0,,-475.0,-464.0,354.0,247.0,-265.0
217.0,-1754.0,-105.0,108.0,,-541.0,-549.0,323.0,471.0,-218.0
218.0,-1814.0,-88.0,-10.0,,-767.0,-624.0,354.0,460.0,-122.0
199.0,-1534.0,-72.0,7.0,,-753.0,-676.0,284.0,488.0,110.0
236.0,-914.0,-68.0,6.0,,-470.0,-659.0,419.0,177.0,297.0
342.0,-278.0,-29.0,13.0,,-542.0,-573.0,280.0,176.0,466.0
386.0,326.0,-36.0,89.0,,-838.0,-511.0,92.0,515.0,745.0
373.0,555.0,-38.0,258.0,,-730.0,-430.0,-206.0,565.0,972.0
444.0,662.0,-49.0,456.0,,-710.0,-328.0,-415.0,568.0,1110.0
509.0,944.0,-161.0,671.0,,-878.0,-224.0,-404.0,848.0,1139.0
521.0,1189.0,-250.0,743.0,,-797.0,-84.0,-491.0,734.0,1116.0
500.0,746.0,-284.0,491.0,,-412.0,10.0,-266.0,231.0,1068.0
523.0,506.0,-388.0,59.0,,-181.0,20.0,-79.0,237.0,1020.0
574.0,462.0,-428.0,-141.0,,-473.0,45.0,127.0,83.0,1006.0
541.0,656.0,-410.0,-141.0,,-752.0,70.0,293.0,36.0,964.0
449.0,629.0,-409.0,-294.0,,-831.0,62.0,482.0,158.0,887.0
370.0,-301.0,-444.0,-487.0,,-1007.0,64.0,885.0,-131.0,833.0
312.0,-169.0,-465.0,-692.0,,-1058.0,19.0,1069.0,-30.0,828.0
162.0,749.0,-443.0,-830.0,,-752.0,18.0,1184.0,140.0,851.0
10.0,762.0,-482.0,-849.0,,-643.0,80.0,988.0,267.0,834.0
-44.0,227.0,-498.0,-819.0,,-833.0,123.0,866.0,734.0,747.0
-51.0,830.0,-549.0,-702.0,,-809.0,173.0,864.0,665.0,639.0
-68.0,1161.0,-549.0,-392.0,,-825.0,202.0,587.0,242.0,600.0
-44.0,614.0,-532.0,0.0,,-919.0,250.0,404.0,75.0,556.0
-22.0,577.0,-546.0,176.0,,-1034.0,333.0,216.0,-3.0,365.0
-57.0,760.0,-541.0,206.0,,-1111.0,391.0,243.0,-136.0,169.0
-68.0,622.0,-587.0,154.0,,-924.0,338.0,192.0,-383.0,14.0
-98.0,149.0,-569.0,47.0,,-622.0,208.0,-42.0,-287.0,-100.0
-155.0,498.0,-581.0,-45.0,,-581.0,127.0,-236.0,-477.0,-153.0
-160.0,-82.0,-538.0,-97.0,,-903.0,48.0,-548.0,-761.0,-121.0
-120.0,-594.0,-477.0,-76.0,,-959.0,-70.0,-491.0,-276.0,-14.0
-158.0,213.0,-423.0,-23.0,,-648.0,-219.0,-341.0,163.0,-4.0
-175.0,217.0,-365.0,0.0,,-552.0,-359.0,-162.0,208.0,40.0
-112.0,105.0,-364.0,5.0,,-903.0,-448.0,83.0,-69.0,155.0
-62.0,152.0,-291.0,-41.0,,-1090.0,-499.0,242.0,-41.0,222.0
-89.0,721.0,-282.0,-117.0,,-815.0,-541.0,445.0,230.0,251.0
-124.0,845.0,-259.0,-183.0,,-765.0,-578.0,419.0,331.0,307.0
-140.0,-308.0,-259.0,-266.0,,-962.0,-517.0,572.0,325.0,389.0
-112.0,-821.0,-271.0,-314.0,,-1004.0,-413.0,628.0,196.0,381.0
-93.0,-230.0,-252.0,-342.0,,-848.0,-413.0,528.0,-9.0,394.0
-141.0,-513.0,-222.0,-355.0,,-757.0,-443.0,469.0,-250.0,465.0
-111.0,-1109.0,-154.0,-390.0,,-717.0,-416.0,243.0,-103.0,472.0
-66.0,-1089.0,-160.0,-370.0,,-659.0,-419.0,365.0,-127.0,420.0
-4.0,-1631.0,-101.0,-186.0,,-631.0,-489.0,448.0,-339.0,461.0
-63.0,-1661.0,-66.0,12.0,,-579.0,-535.0,563.0,-388.0,494.0
-99.0,-1577.0,-31.0,62.0,,-803.0,-497.0,768.0,-160.0,394.0
-43.0,-1442.0,-9.0,45.0,,-1135.0,-405.0,879.0,110.0,351.0
-43.0,-934.0,-20.0,76.0,,-1160.0,-303.0,1095.0,0.0,410.0
-9.0,-582.0,-17.0,119.0,,-928.0,-156.0,1062.0,-30.0,427.0
4.0,-441.0,-43.0,151.0,,-863.0,11.0,1084.0,-54.0,373.0
37.0,-449.0,-29.0,115.0,,-1170.0,104.0,990.0,286.0,422.0
26.0,785.0,-60.0,207.0,,-1391.0,133.0,818.0,725.0,589.0
121.0,1212.0,-58.0,406.0,,-1257.0,127.0,620.0,564.0,684.0
173.0,1156.0,-50.0,437.0,,-1081.0,51.0,158.0,289.0,710.0
108.0,1713.0,-85.0,347.0,,-1032.0,-130.0,-179.0,356.0,810.0
110.0,514.0,-117.0,184.0,,-925.0,-394.0,-678.0,477.0,774.0
139.0,182.0,-151.0,15.0,,-893.0,-620.0,-927.0,540.0,665.0
151.0,463.0,-154.0,-93.0,,-962.0,-745.0,-897.0,481.0,726.0
72.0,-163.0,-174.0,-291.0,,-830.0,-830.0,-788.0,80.0,721.0
62.0,-654.0,-196.0,-543.0,,-566.0,-883.0,-458.0,169.0,566.0
35.0,-1566.0,-193.0,-599.0,,-557.0,-888.0,-208.0,492.0,408.0
28.0,-1033.0,-205.0,-438.0,,-654.0,-799.0,214.0,455.0,430.0
14.0,-647.0,-233.0,-224.0,,-472.0,-636.0,386.0,180.0,430.0
-89.0,-651.0,-252.0,-99.0,,-366.0,-469.0,417.0,-220.0,355.0
-112.0,56.0,-260.0,89.0,,-635.0,-355.0,471.0,-308.0,388.0
-123.0,149.0,-262.0,424.0,,-799.0,-338.0,471.0,-58.0,430.0
-160.0,1030.0,-258.0,657.0,,-650.0,-278.0,722.0,17.0,484.0
-293.0,1535.0,-261.0,777.0,,-611.0,-169.0,816.0,-262.0,583.0
-322.0,1412.0,-224.0,928.0,,-693.0,-88.0,1064.0,-395.0,770.0
-261.0,1151.0,-216.0,1015.0,,-709.0,-70.0,1079.0,-396.0,883.0
-257.0,671.0,-222.0,833.0,,-772.0,-144.0,746.0,23.0,956.0
-273.0,450.0,-209.0,501.0,,-949.0,-202.0,388.0,543.0,1174.0
-333.0,-41.0,-268.0,176.0,,-1089.0,-263.0,-70.0,297.0,1338.0
-267.0,-452.0,-274.0,-105.0,,-1109.0,-346.0,7.0,-32.0,1358.0
-243.0,-621.0,-297.0,-250.0,,-1128.0,-396.0,123.0,248.0,1343.0
-238.0,-239.0,-313.0,-255.0,,-1096.0,-446.0,216.0,652.0,1364.0
-215.0,-358.0,-342.0,-211.0,,-1044.0,-444.0,284.0,544.0,1335.0
-186.0,-1041.0,-422.0,-188.0,,-1056.0,-317.0,266.0,339.0,1253.0
-23.0,-1157.0,-474.0,-149.0,,-1052.0,-236.0,522.0,129.0,1249.0
-8.0,-921.0,-567.0,-6.0,,-1053.0,-266.0,685.0,25.0,1270.0
-47.0,-407.0,-629.0,211.0,,-1074.0,-265.0,907.0,-52.0,1207.0
-56.0,-227.0,-667.0,308.0,,-868.0,-208.0,774.0,-134.0,1115.0
-57.0,-40.0,-684.0,295.0,,-500.0,-117.0,548.0,245.0,1035.0
-109.0,362.0,-724.0,332.0,,-587.0,-34.0,585.0,-11.0,919.0
-146.0,582.0,-740.0,425.0,,-970.0,6.0,484.0,-109.0,779.0
-108.0,1247.0,-714.0,411.0,,-973.0,38.0,290.0,337.0,650.0
-149.0,1816.0,-717.0,370.0,,-623.0,112.0,-232.0,141.0,594.0
-129.0,1753.0,-699.0,437.0,,-509.0,138.0,-513.0,-115.0,487.0
-148.0,1533.0,-683.0,415.0,,-553.0,66.0,-576.0,-358.0,339.0
-150.0,1518.0,-697.0,279.0,,-460.0,-23.0,-415.0,81.0,321.0
-188.0,1896.0,-643.0,60.0,,-404.0,-77.0,-16.0,416.0,266.0
-304.0,1539.0,-573.0,-193.0,,-442.0,-37.0,12.0,173.0,141.0
-316.0,446.0,-554.0,-342.0,,-582.0,18.0,145.0,524.0,31.0
-330.0,-79.0,-492.0,-459.0,,-623.0,1.0,323.0,667.0,-37.0
-356.0,-30.0,-455.0,-544.0,,-616.0,-21.0,744.0,846.0,-93.0
-436.0,-236.0,-398.0,-523.0,,-544.0,-13.0,1162.0,1017.0,-160.0
-456.0,-1445.0,-342.0,-432.0,,-498.0,-7.0,1042.0,759.0,-160.0
-416.0,-1432.0,-304.0,-245.0,,-511.0,28.0,822.0,475.0,-178.0
-424.0,-644.0,-261.0,-186.0,,-405.0,135.0,498.0,309.0,-198.0
-461.0,-866.0,-229.0,-306.0,,-413.0,262.0,227.0,499.0,-119.0
-420.0,-579.0,-158.0,-411.0,,-461.0,350.0,-310.0,548.0,-26.0
-300.0,-125.0,-144.0,-477.0,,-375.0,398.0,-724.0,390.0,9.0
-250.0,519.0,-126.0,-453.0,,-344.0,436.0,-559.0,187.0,86.0
-263.0,772.0,-148.0,-335.0,,-475.0,438.0,-314.0,-105.0,217.0
-266.0,986.0,-178.0,-380.0,,-356.0,414.0,70.0,129.0,222.0
-202.0,1580.0,-173.0,-685.0,,89.0,428.0,129.0,504.0,137.0
-168.0,1428.0,-232.0,-914.0,,196.0,439.0,-81.0,401.0,65.0
-265.0,776.0,-281.0,-944.0,,-227.0,377.0,-245.0,605.0,-43.0
-347.0,1049.0,-339.0,-824.0,,-478.0,263.0,-92.0,522.0,-210.0
-286.0,1321.0,-400.0,-613.0,,-307.0,183.0,450.0,137.0,-365.0
-257.0,201.0,-459.0,-295.0,,-208.0,135.0,681.0,374.0,-400.0
-236.0,15.0,-499.0,82.0,,-535.0,90.0,703.0,441.0,-407.0
-219.0,-638.0,-507.0,299.0,,-874.0,99.0,532.0,246.0,-413.0
-214.0,-345.0,-538.0,312.0,,-736.0,168.0,397.0,-173.0,-306.0
-77.0,-450.0,-559.0,238.0,,-569.0,259.0,360.0,-167.0,-152.0
14.0,-1645.0,-528.0,166.0,,-608.0,316.0,114.0,182.0,-16.0
-9.0,-501.0,-508.0,41.0,,-579.0,308.0,-12.0,58.0,175.0
-22.0,-368.0,-511.0,-138.0,,-377.0,271.0,-147.0,319.0,472.0
41.0,-395.0,-456.0,-291.0,,-374.0,256.0,-90.0,322.0,721.0
-1.0,-315.0,-402.0,-435.0,,-475.0,241.0,20.0,87.0,784.0
-58.0,695.0,-324.0,-539.0,,-500.0,183.0,-42.0,511.0,791.0
-57.0,461.0,-206.0,-529.0,,-580.0,49.0,136.0,496.0,857.0
-48.0,-401.0,-99.0,-498.0,,-596.0,-102.0,569.0,203.0,831.0
-12.0,1346.0,-11.0,-485.0,,-589.0,-209.0,1206.0,284.0,726.0
4.0,868.0,22.0,-521.0,,-448.0,-322.0,1393.0,155.0,640.0
-12.0,219.0,61.0,-494.0,,-336.0,-363.0,1062.0,-93.0,492.0
-33.0,37.0,50.0,-197.0,,-301.0,-382.0,532.0,-369.0,369.0
117.0,-410.0,61.0,208.0,,-369.0,-462.0,27.0,-714.0,271.0
155.0,-671.0,79.0,505.0,,-511.0,-455.0,9.0,-624.0,143.0
142.0,-1004.0,22.0,600.0,,-482.0,-315.0,120.0,-491.0,-3.0
192.0,-704.0,15.0,566.0,,-344.0,-144.0,384.0,-602.0,-141.0
223.0,-245.0,-15.0,555.0,,-174.0,-55.0,445.0,-545.0,-199.0
233.0,141.0,-31.0,553.0,,-6.0,23.0,319.0,-610.0,-204.0
179.0,-409.0,-51.0,583.0,,61.0,151.0,266.0,-622.0,-217.0
152.0,54.0,-92.0,682.0,,-236.0,216.0,1.0,-628.0,-219.0
85.0,293.0,-98.0,754.0,,-362.0,209.0,0.0,-564.0,-163.0
140.0,-155.0,-118.0,744.0,,-32.0,202.0,22.0,-153.0,-149.0
147.0,370.0,-129.0,683.0,,114.0,224.0,236.0,-100.0,-163.0
131.0,384.0,-151.0,632.0,,-201.0,211.0,412.0,-144.0,-117.0
130.0,47.0,-183.0,641.0,,-569.0,111.0,273.0,100.0,-86.0
165.0,-284.0,-181.0,653.0,,-507.0,25.0,393.0,98.0,-125.0
171.0,-365.0,-171.0,611.0,,-398.0,-32.0,441.0,141.0,-128.0
43.0,-215.0,-145.0,484.0,,-437.0,-82.0,716.0,565.0,-67.0
72.0,-479.0,-122.0,228.0,,-341.0,-86.0,990.0,378.0,-58.0
12.0,-838.0,-126.0,55.0,,-139.0,-57.0,1031.0,100.0,-82.0
-27.0,-430.0,-68.0,107.0,,-50.0,2.0,753.0,409.0,-106.0
-26.0,-40.0,-33.0,146.0,,9.0,52.0,181.0,715.0,-153.0
19.0,-149.0,-1.0,81.0,,235.0,85.0,20.0,682.0,-263.0
67.0,-119.0,18.0,22.0,,337.0,133.0,-20.0,381.0,-463.0
98.0,-622.0,8.0,25.0,,258.0,209.0,295.0,329.0,-636.0
179.0,-683.0,-10.0,36.0,,300.0,295.0,576.0,589.0,-765.0
144.0,-277.0,-67.0,-24.0,,269.0,352.0,493.0,1027.0,-924.0
218.0,-344.0,-59.0,-28.0,,-16.0,364.0,371.0,843.0,-1001.0
228.0,-338.0,-90.0,81.0,,-129.0,301.0,-86.0,586.0,-1038.0
168.0,-403.0,-123.0,121.0,,91.0,235.0,-391.0,338.0,-1122.0
130.0,-446.0,-135.0,187.0,,294.0,259.0,-637.0,85.0,-1156.0
120.0,-504.0,-175.0,330.0,,281.0,283.0,-624.0,398.0,-1154.0
118.0,428.0,-188.0,393.0,,169.0,179.0,-362.0,277.0,-1256.0
53.0,1212.0,-230.0,383.0,,124.0,83.0,-267.0,139.0,-1401.0
4.0,587.0,-247.0,294.0,,217.0,112.0,-99.0,92.0,-1376.0
-39.0,795.0,-276.0,180.0,,325.0,165.0,-120.0,198.0,-1363.0
2.0,1329.0,-339.0,-1.0,,232.0,129.0,-11.0,374.0,-1376.0
2.0,1201.0,-299.0,-153.0,,91.0,49.0,79.0,212.0,-1265.0
-45.0,257.0,-302.0,-124.0,,114.0,152.0,160.0,-135.0,-1152.0
-63.0,-250.0,-312.0,36.0,,305.0,363.0,508.0,-322.0,-1043.0
-88.0,394.0,-274.0,124.0,,335.0,428.0,842.0,-340.0,-944.0
-137.0,346.0,-289.0,34.0,,98.0,325.0,1297.0,-394.0,-877.0
-223.0,-17.0,-266.0,3.0,,-12.0,187.0,1356.0,9.0,-808.0
-217.0,-942.0,-241.0,42.0,,44.0,213.0,1053.0,-279.0,-686.0
-126.0,-1251.0,-241.0,70.0,,219.0,292.0,663.0,-197.0,-594.0
-124.0,-690.0,-222.0,58.0,,296.0,261.0,530.0,513.0,-499.0
-58.0,-675.0,-181.0,-32.0,,346.0,200.0,1053.0,207.0,-337.0
12.0,-194.0,-166.0,-186.0,,346.0,175.0,1635.0,322.0,-292.0
54.0,-300.0,-173.0,-380.0,,288.0,119.0,1873.0,533.0,-283.0
135.0,-371.0,-188.0,-566.0,,298.0,-48.0,1370.0,284.0,-217.0
109.0,47.0,-221.0,-673.0,,64.0,-182.0,683.0,477.0,-181.0
157.0,170.0,-259.0,-624.0,,-12.0,-241.0,295.0,955.0,-190.0
196.0,-179.0,-270.0,-465.0,,117.0,-197.0,70.0,947.0,-146.0
238.0,-521.0,-271.0,-293.0,,173.0,-152.0,-3.0,568.0,-37.0
280.0,248.0,-268.0,-264.0,,137.0,-119.0,-641.0,170.0,13.0
310.0,796.0,-286.0,-361.0,,127.0,-17.0,-1311.0,119.0,7.0
361.0,775.0,-274.0,-434.0,,273.0,17.0,-1489.0,641.0,0.0
337.0,271.0,-240.0,-477.0,,249.0,132.0,-1127.0,229.0,-59.0
285.0,608.0,-214.0,-401.0,,49.0,147.0,-295.0,-367.0,-229.0
157.0,1285.0,-175.0,-247.0,,132.0,57.0,458.0,-106.0,-355.0
145.0,842.0,-171.0,-207.0,,476.0,3.0,1297.0,-151.0,-467.0
139.0,424.0,-132.0,-176.0,,486.0,-84.0,1757.0,-74.0,-701.0
71.0,-118.0,-145.0,-134.0,,413.0,-74.0,1766.0,-80.0,-838.0
20.0,-344.0,-110.0,-117.0,,460.0,-140.0,1356.0,-731.0,-848.0
13.0,-225.0,-92.0,66.0,,316.0,-289.0,485.0,-1057.0,-895.0
-2.0,-367.0,-102.0,390.0,,140.0,-347.0,-22.0,-969.0,-965.0
-53.0,-886.0,-51.0,620.0,,179.0,-266.0,-44.0,-539.0,-939.0
-93.0,-397.0,-79.0,663.0,,281.0,-113.0,334.0,-335.0,-793.0
-163.0,664.0,-103.0,607.0,,291.0,6.0,528.0,-733.0,-648.0
-107.0,528.0,-131.0,518.0,,469.0,32.0,530.0,-731.0,-549.0
-112.0,465.0,-156.0,408.0,,661.0,101.0,617.0,-493.0,-473.0
-122.0,565.0,-190.0,316.0,,687.0,213.0,465.0,-605.0,-394.0
-146.0,530.0,-248.0,262.0,,717.0,196.0,428.0,-597.0,-336.0
-114.0,86.0,-273.0,258.0,,758.0,134.0,349.0,-427.0,-343.0
-77.0,-701.0,-319.0,317.0,,795.0,43.0,345.0,-738.0,-320.0
-160.0,-793.0,-391.0,354.0,,797.0,14.0,286.0,-665.0,-381.0
-117.0,-904.0,-400.0,432.0,,856.0,-21.0,-3.0,-512.0,-589.0
-88.0,-1205.0,-420.0,488.0,,1057.0,-134.0,18.0,-536.0,-719.0
-5.0,-999.0,-388.0,475.0,,1154.0,-286.0,118.0,-311.0,-862.0
-28.0,-591.0,-363.0,545.0,,1112.0,-455.0,428.0,-772.0,-1120.0
-11.0,82.0,-390.0,514.0,,939.0,-493.0,567.0,-484.0,-1376.0
51.0,164.0,-347.0,416.0,,729.0,-493.0,552.0,98.0,-1449.0
19.0,-283.0,-312.0,389.0,,715.0,-459.0,768.0,23.0,-1401.0
-6.0,217.0,-211.0,337.0,,673.0,-421.0,670.0,103.0,-1376.0
-43.0,527.0,-174.0,254.0,,501.0,-367.0,356.0,-191.0,-1244.0
56.0,119.0,-128.0,127.0,,374.0,-246.0,-138.0,-83.0,-1085.0
72.0,-424.0,-99.0,-48.0,,492.0,-138.0,-371.0,369.0,-923.0
129.0,32.0,-130.0,-210.0,,660.0,-40.0,-408.0,489.0,-695.0
112.0,176.0,-107.0,-224.0,,568.0,-33.0,-402.0,443.0,-498.0
104.0,-745.0,-142.0,-76.0,,511.0,23.0,-7.0,333.0,-402.0
175.0,140.0,-118.0,75.0,,573.0,109.0,399.0,657.0,-345.0
85.0,1135.0,-103.0,202.0,,547.0,98.0,816.0,924.0,-195.0
68.0,1188.0,-64.0,303.0,,561.0,79.0,951.0,725.0,-128.0
67.0,752.0,2.0,283.0,,767.0,0.0,1042.0,409.0,-174.0
108.0,728.0,46.0,201.0,,893.0,-73.0,1154.0,307.0,-129.0
128.0,1162.0,111.0,179.0,,891.0,-95.0,981.0,438.0,-67.0
209.0,409.0,143.0,169.0,,978.0,-112.0,861.0,511.0,-43.0
254.0,401.0,117.0,34.0,,1039.0,-155.0,543.0,500.0,-8.0
265.0,323.0,90.0,-179.0,,916.0,-174.0,205.0,272.0,9.0
363.0,64.0,99.0,-373.0,,805.0,-161.0,-83.0,133.0,-52.0
345.0,201.0,61.0,-415.0,,1002.0,-208.0,70.0,64.0,-83.0
287.0,-33.0,49.0,-256.0,,1049.0,-256.0,563.0,174.0,-5.0
245.0,94.0,45.0,-58.0,,679.0,-285.0,484.0,430.0,8.0
278.0,-410.0,-4.0,58.0,,473.0,-240.0,356.0,259.0,10.0
239.0,-558.0,-26.0,30.0,,637.0,-135.0,256.0,122.0,59.0
204.0,-385.0,-50.0,-13.0,,771.0,-52.0,188.0,174.0,145.0
180.0,-747.0,-77.0,-24.0,,578.0,-36.0,90.0,495.0,261.0
105.0,-959.0,-86.0,-134.0,,373.0,-115.0,-251.0,504.0,304.0
86.0,-728.0,-105.0,-249.0,,323.0,-182.0,-485.0,-165.0,342.0
65.0,-150.0,-81.0,-318.0,,307.0,-177.0,-667.0,-633.0,400.0
20.0,181.0,-57.0,-347.0,,353.0,-159.0,-478.0,-725.0,441.0
4.0,631.0,-15.0,-203.0,,476.0,-199.0,-99.0,-614.0,449.0
61.0,529.0,40.0,41.0,,472.0,-291.0,419.0,-655.0,420.0
-20.0,1304.0,26.0,232.0,,344.0,-408.0,848.0,-961.0,354.0
-61.0,2000.0,68.0,291.0,,406.0,-499.0,694.0,-1115.0,259.0
-51.0,1810.0,92.0,295.0,,486.0,-496.0,491.0,-908.0,139.0
-44.0,2160.0,77.0,372.0,,584.0,-466.0,59.0,-772.0,-7.0
2.0,1711.0,140.0,333.0,,814.0,-512.0,-365.0,-913.0,-97.0
19.0,1672.0,160.0,216.0,,959.0,-539.0,-639.0,-1077.0,-161.0
38.0,1210.0,209.0,150.0,,937.0,-559.0,-744.0,-1231.0,-214.0
13.0,747.0,306.0,78.0,,901.0,-620.0,-399.0,-1111.0,-196.0
76.0,286.0,347.0,20.0,,964.0,-538.0,-101.0,-554.0,-142.0
75.0,-565.0,358.0,-7.0,,1042.0,-381.0,120.0,-307.0,-94.0
67.0,-335.0,382.0,-20.0,,1225.0,-299.0,97.0,-542.0,-31.0
7.0,-834.0,450.0,-85.0,,1373.0,-213.0,212.0,-944.0,65.0
-26.0,-1395.0,472.0,-221.0,,1313.0,-200.0,443.0,-922.0,125.0
5.0,-1225.0,465.0,-323.0,,1239.0,-304.0,744.0,-150.0,97.0
-64.0,-701.0,440.0,-264.0,,1378.0,-271.0,1385.0,-223.0,53.0
-80.0,-435.0,352.0,-57.0,,1490.0,-101.0,1587.0,-518.0,21.0
-108.0,-520.0,287.0,273.0,,1209.0,-64.0,1481.0,-224.0,-6.0
-82.0,-356.0,213.0,509.0,,1078.0,-194.0,862.0,132.0,-36.0
-147.0,225.0,100.0,554.0,,1320.0,-300.0,-109.0,573.0,-92.0
-225.0,415.0,30.0,581.0,,1457.0,-300.0,-912.0,455.0,-120.0
-222.0,267.0,-11.0,567.0,,1387.0,-268.0,-1515.0,362.0,-68.0
-175.0,794.0,-83.0,615.0,,1414.0,-255.0,-1703.0,197.0,43.0
-117.0,644.0,-118.0,657.0,,1579.0,-260.0,-2052.0,229.0,114.0
-159.0,202.0,-119.0,652.0,,1540.0,-209.0,-2183.0,441.0,202.0
-183.0,101.0,-177.0,651.0,,1571.0,-148.0,-2025.0,204.0,311.0
-175.0,-460.0,-170.0,521.0,,1707.0,-93.0,-1709.0,-64.0,392.0
-85.0,-1282.0,-146.0,311.0,,1568.0,-79.0,-837.0,-340.0,486.0
-120.0,-493.0,-189.0,107.0,,1456.0,-152.0,171.0,62.0,532.0
-194.0,233.0,-196.0,-74.0,,1575.0,-163.0,997.0,541.0,524.0
-176.0,-370.0,-224.0,-279.0,,1661.0,-153.0,1138.0,547.0,461.0
-115.0,-101.0,-263.0,-460.0,,1571.0,-103.0,951.0,272.0,428.0
-60.0,218.0,-329.0,-527.0,,1511.0,-14.0,862.0,261.0,332.0
-32.0,314.0,-418.0,-440.0,,1530.0,-107.0,622.0,537.0,87.0
38.0,56.0,-450.0,-235.0,,1454.0,-309.0,382.0,393.0,-51.0
110.0,391.0,-501.0,62.0,,1413.0,-343.0,-147.0,381.0,-96.0
233.0,814.0,-556.0,356.0,,1387.0,-238.0,-611.0,110.0,-154.0
211.0,1092.0,-538.0,404.0,,1203.0,-246.0,-740.0,-309.0,-143.0
188.0,1570.0,-534.0,256.0,,1222.0,-272.0,-657.0,-253.0,-18.0
274.0,1561.0,-509.0,131.0,,1528.0,-185.0,-626.0,-55.0,90.0
318.0,1278.0,-467.0,72.0,,1631.0,-10.0,-1095.0,-323.0,198.0
317.0,596.0,-443.0,24.0,,1540.0,233.0,-1321.0,-595.0,430.0
272.0,855.0,-435.0,-11.0,,1690.0,342.0,-1188.0,-352.0,628.0
229.0,177.0,-396.0,-111.0,,2007.0,317.0,-731.0,-161.0,752.0
225.0,474.0,-347.0,-217.0,,1899.0,291.0,-232.0,62.0,921.0
234.0,563.0,-369.0,-256.0,,1643.0,291.0,-133.0,161.0,1133.0
193.0,-408.0,-331.0,-201.0,,1715.0,247.0,-35.0,1.0,1253.0
170.0,-50.0,-309.0,-44.0,,1803.0,73.0,-249.0,-225.0,1244.0
185.0,-645.0,-249.0,173.0,,1863.0,26.0,-460.0,-182.0,1261.0
204.0,-321.0,-165.0,408.0,,1953.0,46.0,-604.0,-62.0,1235.0
125.0,-511.0,-159.0,513.0,,1938.0,-117.0,-622.0,-13.0,1098.0
98.0,-87.0,-141.0,540.0,,1700.0,-252.0,-225.0,-31.0,1007.0
135.0,8.0,-127.0,532.0,,1568.0,-308.0,97.0,-179.0,948.0
116.0,-548.0,-117.0,568.0,,1698.0,-337.0,402.0,139.0,872.0
76.0,-63.0,-78.0,609.0,,1737.0,-232.0,271.0,321.0,830.0
72.0,-955.0,-42.0,604.0,,1713.0,-6.0,-77.0,-126.0,883.0
41.0,-857.0,-6.0,611.0,,1626.0,146.0,-582.0,-285.0,953.0
-18.0,-1350.0,12.0,465.0,,1481.0,186.0,-1171.0,-81.0,905.0
84.0,-1342.0,24.0,316.0,,1325.0,321.0,-1047.0,-112.0,877.0
68.0,-477.0,31.0,277.0,,1350.0,470.0,-757.0,240.0,916.0
19.0,-831.0,-54.0,204.0,,1352.0,520.0,-290.0,375.0,887.0
35.0,-957.0,-34.0,100.0,,1020.0,536.0,5.0,118.0,723.0
37.0,-456.0,-62.0,36.0,,859.0,514.0,-42.0,137.0,551.0
82.0,463.0,-121.0,65.0,,983.0,506.0,-77.0,77.0,430.0
60.0,72.0,-129.0,181.0,,1122.0,543.0,-205.0,425.0,204.0
-2.0,-300.0,-204.0,205.0,,1037.0,544.0,-3.0,273.0,18.0
-88.0,106.0,-178.0,144.0,,941.0,400.0,12.0,-77.0,-33.0
-94.0,-36.0,-190.0,221.0,,928.0,177.0,-60.0,214.0,-81.0
-89.0,-14.0,-177.0,358.0,,841.0,37.0,-253.0,141.0,-73.0
-157.0,-329.0,-170.0,321.0,,800.0,-51.0,-654.0,121.0,94.0
-215.0,-363.0,-214.0,190.0,,747.0,-89.0,-659.0,292.0,294.0
-187.0,644.0,-262.0,124.0,,738.0,-54.0,-628.0,22.0,358.0
-149.0,222.0,-306.0,84.0,,709.0,-110.0,-495.0,-41.0,442.0
-178.0,30.0,-343.0,116.0,,861.0,-224.0,-454.0,203.0,565.0
-192.0,-244.0,-418.0,141.0,,985.0,-174.0,-351.0,144.0,523.0
-118.0,-1123.0,-440.0,71.0,,899.0,-70.0,-188.0,208.0,388.0
-32.0,-649.0,-470.0,-1.0,,997.0,-124.0,-271.0,94.0,281.0
43.0,-249.0,-511.0,-9.0,,1130.0,-280.0,-304.0,-90.0,120.0
14.0,998.0,-547.0,49.0,,1167.0,-342.0,-654.0,22.0,-92.0
47.0,1432.0,-570.0,86.0,,1092.0,-252.0,-873.0,69.0,-250.0
208.0,1182.0,-597.0,123.0,,1103.0,-179.0,-897.0,-2.0,-392.0
222.0,1195.0,-619.0,182.0,,1159.0,-210.0,-759.0,-276.0,-539.0
252.0,980.0,-588.0,134.0,,1101.0,-190.0,-249.0,-331.0,-583.0
170.0,1566.0,-582.0,84.0,,1087.0,-33.0,175.0,-130.0,-501.0
256.0,1329.0,-567.0,36.0,,1055.0,160.0,750.0,-179.0,-414.0
364.0,823.0,-541.0,-77.0,,919.0,235.0,1021.0,-294.0,-333.0
275.0,251.0,-582.0,-95.0,,1010.0,174.0,849.0,-91.0,-146.0
293.0,-70.0,-561.0,-184.0,,1370.0,179.0,328.0,-166.0,58.0
309.0,-456.0,-561.0,-287.0,,1283.0,325.0,-345.0,-118.0,194.0
398.0,-864.0,-589.0,-262.0,,786.0,419.0,-615.0,83.0,301.0
351.0,-1083.0,-565.0,-244.0,,733.0,356.0,-709.0,82.0,343.0
346.0,-1419.0,-575.0,-287.0,,1126.0,185.0,-339.0,339.0,373.0
280.0,-90.0,-522.0,-274.0,,1183.0,95.0,53.0,221.0,396.0
237.0,297.0,-498.0,-119.0,,956.0,232.0,153.0,182.0,285.0
257.0,-678.0,-457.0,35.0,,943.0,355.0,40.0,471.0,117.0
96.0,-1095.0,-402.0,183.0,,1003.0,252.0,-448.0,510.0,47.0
31.0,-1148.0,-380.0,245.0,,899.0,162.0,-726.0,111.0,-47.0
-72.0,-1234.0,-351.0,307.0,,819.0,325.0,-840.0,-100.0,-150.0
-15.0,-1267.0,-368.0,429.0,,742.0,489.0,-569.0,-234.0,-104.0
-16.0,-1318.0,-386.0,429.0,,463.0,347.0,-84.0,-544.0,-102.0
-22.0,-1443.0,-434.0,279.0,,412.0,104.0,103.0,-329.0,-173.0
36.0,-633.0,-462.0,100.0,,622.0,64.0,22.0,-446.0,-148.0
77.0,-370.0,-534.0,25.0,,628.0,63.0,-360.0,-470.0,-75.0
215.0,-317.0,-562.0,-50.0,,479.0,-15.0,-432.0,-273.0,-100.0
208.0,262.0,-582.0,-119.0,,502.0,-105.0,-386.0,-208.0,-164.0
294.0,965.0,-643.0,-42.0,,563.0,-232.0,-88.0,71.0,-97.0
311.0,1522.0,-578.0,89.0,,430.0,-311.0,482.0,15.0,-98.0
378.0,1538.0,-520.0,62.0,,425.0,-321.0,332.0,4.0,-215.0
409.0,1368.0,-464.0,-72.0,,486.0,-232.0,-535.0,53.0,-261.0
317.0,953.0,-353.0,-90.0,,260.0,-119.0,-1430.0,-205.0,-261.0
397.0,355.0,-299.0,-28.0,,125.0,-144.0,-1485.0,-455.0,-273.0
392.0,-431.0,-279.0,-1.0,,308.0,-193.0,-1086.0,-665.0,-252.0
440.0,-368.0,-266.0,-111.0,,340.0,-120.0,-456.0,-704.0,-178.0
431.0,-300.0,-298.0,-246.0,,262.0,-63.0,314.0,-275.0,-123.0
387.0,-811.0,-301.0,-275.0,,440.0,-86.0,406.0,-36.0,-12.0
399.0,-685.0,-301.0,-283.0,,574.0,-85.0,-29.0,-201.0,156.0
393.0,62.0,-343.0,-214.0,,402.0,-111.0,-997.0,-192.0,297.0
402.0,176.0,-368.0,-117.0,,373.0,-37.0,-1795.0,-105.0,408.0
292.0,185.0,-377.0,-67.0,,602.0,35.0,-1904.0,-73.0,433.0
224.0,717.0,-418.0,-71.0,,424.0,-67.0,-1372.0,31.0,442.0
189.0,591.0,-423.0,-164.0,,6.0,-132.0,-151.0,130.0,530.0
188.0,578.0,-413.0,-209.0,,-67.0,-129.0,489.0,253.0,551.0
155.0,375.0,-463.0,-130.0,,12.0,41.0,397.0,306.0,501.0
70.0,612.0,-466.0,-66.0,,-111.0,227.0,62.0,264.0,537.0
58.0,104.0,-500.0,10.0,,-261.0,177.0,116.0,458.0,580.0
1.0,-787.0,-528.0,219.0,,-158.0,165.0,892.0,291.0,628.0
-41.0,-372.0,-502.0,434.0,,-102.0,263.0,1498.0,-151.0,742.0
-109.0,-71.0,-499.0,603.0,,-114.0,314.0,1552.0,-56.0,842.0
-170.0,895.0,-501.0,735.0,,-156.0,174.0,844.0,170.0,859.0
-181.0,279.0,-467.0,753.0,,-293.0,-15.0,162.0,177.0,863.0
-169.0,-524.0,-483.0,692.0,,-216.0,4.0,-125.0,165.0,932.0
-181.0,-334.0,-496.0,682.0,,-82.0,53.0,-247.0,-36.0,928.0
-201.0,56.0,-465.0,610.0,,-227.0,-27.0,-179.0,-164.0,728.0
-108.0,407.0,-505.0,334.0,,-399.0,-155.0,-452.0,-64.0,519.0
-28.0,-534.0,-483.0,55.0,,-372.0,-205.0,-661.0,-87.0,439.0
34.0,-43.0,-485.0,-149.0,,-458.0,-167.0,-838.0,145.0,302.0
46.0,-24.0,-520.0,-176.0,,-805.0,-106.0,-833.0,-17.0,68.0
27.0,-832.0,-522.0,-5.0,,-947.0,-211.0,-461.0,-301.0,-105.0
46.0,-1338.0,-614.0,128.0,,-684.0,-382.0,-105.0,137.0,-196.0
51.0,-1295.0,-710.0,193.0,,-444.0,-322.0,282.0,333.0,-331.0
50.0,-207.0,-777.0,124.0,,-434.0,-160.0,417.0,-43.0,-486.0
39.0,-266.0,-873.0,-72.0,,-386.0,-31.0,768.0,-372.0,-569.0
53.0,-134.0,-907.0,-217.0,,-267.0,-104.0,1080.0,-149.0,-630.0
69.0,1154.0,-930.0,-227.0,,-333.0,-189.0,1001.0,-49.0,-669.0
32.0,879.0,-989.0,-155.0,,-438.0,-39.0,838.0,-47.0,-692.0
-34.0,-862.0,-959.0,-76.0,,-457.0,76.0,583.0,-342.0,-669.0
-70.0,149.0,-928.0,27.0,,-565.0,87.0,633.0,-939.0,-662.0
-72.0,809.0,-903.0,121.0,,-813.0,35.0,443.0,-712.0,-661.0
-114.0,-503.0,-857.0,133.0,,-907.0,-63.0,42.0,-510.0,-539.0
-191.0,-132.0,-801.0,56.0,,-759.0,-106.0,-99.0,-633.0,-381.0
-200.0,456.0,-738.0,-71.0,,-778.0,-79.0,-86.0,-932.0,-325.0
-186.0,379.0,-692.0,-264.0,,-843.0,-30.0,116.0,-1092.0,-294.0
-152.0,26.0,-602.0,-473.0,,-793.0,-47.0,171.0,-587.0,-153.0
-130.0,-29.0,-501.0,-508.0,,-828.0,-98.0,266.0,-311.0,-78.0
-148.0,74.0,-423.0,-442.0,,-857.0,17.0,142.0,-305.0,-141.0
-118.0,706.0,-360.0,-368.0,,-778.0,150.0,-68.0,-336.0,-235.0
-37.0,473.0,-307.0,-262.0,,-730.0,50.0,77.0,-689.0,-290.0
17.0,316.0,-298.0,-236.0,,-788.0,-67.0,229.0,-798.0,-347.0
9.0,758.0,-272.0,-306.0,,-792.0,7.0,545.0,-331.0,-427.0
42.0,-35.0,-272.0,-388.0,,-777.0,89.0,787.0,-172.0,-407.0
37.0,218.0,-294.0,-352.0,,-955.0,72.0,1019.0,-602.0,-400.0
36.0,421.0,-255.0,-219.0,,-1093.0,139.0,1217.0,-824.0,-431.0
64.0,497.0,-271.0,-60.0,,-1018.0,253.0,1352.0,-468.0,-356.0
95.0,259.0,-247.0,94.0,,-1150.0,192.0,1646.0,-191.0,-254.0
90.0,815.0,-239.0,132.0,,-1431.0,107.0,1428.0,-123.0,-191.0
101.0,1342.0,-285.0,73.0,,-1415.0,215.0,1008.0,-238.0,-136.0
132.0,170.0,-274.0,31.0,,-1226.0,238.0,410.0,-616.0,-47.0
16.0,-122.0,-312.0,-68.0,,-1364.0,102.0,-234.0,-459.0,11.0
-3.0,-1160.0,-352.0,-294.0,,-1565.0,47.0,-511.0,-231.0,-2.0
-27.0,-1803.0,-357.0,-453.0,,-1466.0,81.0,-757.0,-363.0,-89.0
-69.0,-1417.0,-372.0,-512.0,,-1537.0,105.0,-618.0,-449.0,-283.0
-81.0,-670.0,-354.0,-563.0,,-1646.0,140.0,-426.0,-458.0,-483.0
-105.0,-1037.0,-382.0,-588.0,,-1448.0,219.0,-97.0,-583.0,-717.0
-108.0,-1514.0,-435.0,-586.0,,-1242.0,337.0,212.0,-667.0,-992.0
-176.0,182.0,-455.0,-663.0,,-1299.0,436.0,221.0,-513.0,-1184.0
-166.0,647.0,-522.0,-809.0,,-1299.0,419.0,474.0,-533.0,-1275.0
-184.0,244.0,-602.0,-787.0,,-1144.0,444.0,639.0,-320.0,-1261.0
-166.0,719.0,-678.0,-525.0,,-1216.0,514.0,801.0,-156.0,-1144.0
-138.0,1664.0,-742.0,-163.0,,-1319.0,583.0,681.0,-75.0,-960.0
-202.0,1564.0,-833.0,110.0,,-1193.0,628.0,543.0,307.0,-768.0
-227.0,835.0,-862.0,205.0,,-1172.0,590.0,739.0,316.0,-526.0
-224.0,467.0,-915.0,186.0,,-1455.0,606.0,691.0,-21.0,-263.0
-260.0,-166.0,-929.0,138.0,,-1491.0,640.0,406.0,-43.0,-121.0
-353.0,-725.0,-845.0,97.0,,-1189.0,719.0,-107.0,343.0,-101.0
-349.0,-821.0,-853.0,135.0,,-1019.0,761.0,-341.0,222.0,-60.0
-336.0,-205.0,-826.0,177.0,,-1068.0,699.0,-437.0,-345.0,-26.0
-368.0,-401.0,-832.0,58.0,,-1160.0,664.0,-515.0,-566.0,-138.0
-359.0,-1139.0,-804.0,-39.0,,-1153.0,670.0,-458.0,-257.0,-342.0
-265.0,-249.0,-832.0,-38.0,,-1015.0,682.0,-395.0,157.0,-550.0
-172.0,919.0,-841.0,-96.0,,-932.0,628.0,22.0,121.0,-740.0
-198.0,250.0,-778.0,-168.0,,-1016.0,540.0,1.0,-94.0,-950.0
-175.0,-349.0,-785.0,-270.0,,-1074.0,500.0,-269.0,100.0,-1042.0
-109.0,1039.0,-697.0,-471.0,,-1123.0,549.0,-284.0,393.0,-1044.0
-60.0,1972.0,-649.0,-595.0,,-1068.0,550.0,-356.0,270.0,-1070.0
-46.0,748.0,-607.0,-583.0,,-1091.0,493.0,-197.0,366.0,-997.0
-53.0,194.0,-554.0,-543.0,,-1141.0,528.0,-221.0,325.0,-788.0
-23.0,1131.0,-540.0,-491.0,,-1034.0,620.0,-332.0,-63.0,-547.0
-17.0,1250.0,-541.0,-422.0,,-1051.0,732.0,-345.0,11.0,-461.0
-45.0,483.0,-519.0,-267.0,,-1012.0,786.0,-232.0,186.0,-317.0
-85.0,-252.0,-502.0,-96.0,,-940.0,792.0,218.0,239.0,-71.0
-94.0,-53.0,-521.0,-37.0,,-943.0,783.0,620.0,32.0,56.0
-122.0,-448.0,-492.0,13.0,,-1111.0,750.0,883.0,-182.0,140.0
-243.0,-1554.0,-526.0,51.0,,-1278.0,783.0,600.0,-10.0,255.0
-295.0,-1327.0,-565.0,-91.0,,-1077.0,807.0,-18.0,-86.0,440.0
-268.0,-1627.0,-616.0,-310.0,,-993.0,736.0,-606.0,-93.0,546.0
-273.0,-1961.0,-635.0,-458.0,,-1278.0,640.0,-1125.0,199.0,586.0
-262.0,-269.0,-614.0,-513.0,,-1396.0,622.0,-1180.0,-104.0,658.0
-234.0,997.0,-618.0,-404.0,,-1147.0,674.0,-833.0,-404.0,710.0
-159.0,-81.0,-598.0,-214.0,,-960.0,551.0,-158.0,-27.0,687.0
-101.0,-181.0,-594.0,-66.0,,-956.0,328.0,190.0,-72.0,665.0
-55.0,961.0,-593.0,-85.0,,-919.0,291.0,66.0,-383.0,731.0
-3.0,229.0,-629.0,-244.0,,-1013.0,389.0,-182.0,-280.0,691.0
22.0,94.0,-651.0,-269.0,,-1178.0,456.0,-543.0,-2.0,614.0
68.0,649.0,-724.0,-54.0,,-1049.0,333.0,-739.0,70.0,640.0
137.0,632.0,-754.0,182.0,,-1079.0,163.0,-626.0,93.0,668.0
177.0,1636.0,-772.0,226.0,,-1487.0,171.0,216.0,207.0,542.0
211.0,587.0,-850.0,114.0,,-1618.0,261.0,968.0,72.0,357.0
308.0,-1411.0,-887.0,-10.0,,-1435.0,341.0,794.0,13.0,312.0
237.0,-1162.0,-939.0,17.0,,-1331.0,424.0,110.0,-234.0,265.0
203.0,-787.0,-946.0,93.0,,-1326.0,464.0,-487.0,-233.0,214.0
208.0,-30.0,-950.0,176.0,,-1121.0,492.0,-103.0,-113.0,269.0
151.0,151.0,-926.0,255.0,,-940.0,622.0,363.0,-468.0,336.0
173.0,-390.0,-895.0,81.0,,-1089.0,709.0,297.0,-513.0,265.0
157.0,-768.0,-868.0,-198.0,,-1118.0,657.0,94.0,-155.0,175.0
176.0,-1218.0,-814.0,-334.0,,-1119.0,536.0,-400.0,133.0,133.0
91.0,-987.0,-758.0,-242.0,,-1347.0,529.0,-994.0,-33.0,14.0
76.0,-1634.0,-754.0,51.0,,-1412.0,735.0,-1491.0,-251.0,-115.0
12.0,-1948.0,-772.0,305.0,,-1099.0,851.0,-1042.0,-230.0,-164.0
-69.0,-260.0,-794.0,362.0,,-815.0,848.0,-97.0,-154.0,-147.0
-2.0,634.0,-808.0,312.0,,-1037.0,830.0,535.0,-264.0,-156.0
4.0,321.0,-802.0,269.0,,-1306.0,825.0,667.0,-286.0,-130.0
98.0,-300.0,-842.0,287.0,,-1324.0,849.0,103.0,-482.0,-23.0
71.0,-232.0,-837.0,411.0,,-1223.0,827.0,-240.0,-621.0,92.0
110.0,982.0,-808.0,487.0,,-938.0,759.0,-502.0,-184.0,152.0
148.0,655.0,-782.0,442.0,,-889.0,535.0,-491.0,49.0,205.0
84.0,827.0,-746.0,372.0,,-1081.0,275.0,-188.0,-163.0,291.0
97.0,798.0,-749.0,245.0,,-1224.0,133.0,-73.0,-352.0,325.0
12.0,-300.0,-774.0,138.0,,-1213.0,102.0,-103.0,-221.0,314.0
-53.0,195.0,-693.0,94.0,,-1166.0,59.0,-757.0,-156.0,272.0
-133.0,-15.0,-687.0,-58.0,,-1329.0,-128.0,-1409.0,165.0,196.0
-95.0,-768.0,-663.0,-311.0,,-1270.0,-241.0,-1481.0,123.0,90.0
-76.0,-1371.0,-592.0,-543.0,,-1156.0,-280.0,-753.0,-151.0,77.0
-164.0,-1479.0,-633.0,-740.0,,-1214.0,-260.0,173.0,-227.0,136.0
-212.0,-1281.0,-617.0,-910.0,,-1129.0,-228.0,517.0,-17.0,98.0
-294.0,-397.0,-607.0,-999.0,,-1014.0,-330.0,663.0,440.0,29.0
-286.0,-461.0,-595.0,-883.0,,-922.0,-264.0,284.0,9.0,54.0
-321.0,-852.0,-581.0,-619.0,,-835.0,-27.0,-323.0,-217.0,113.0
-322.0,1130.0,-560.0,-424.0,,-549.0,85.0,-822.0,-237.0,108.0
-262.0,1696.0,-584.0,-376.0,,-391.0,29.0,-1010.0,-170.0,111.0
-197.0,1481.0,-556.0,-373.0,,-729.0,-96.0,-569.0,-175.0,144.0
-134.0,487.0,-494.0,-340.0,,-886.0,-96.0,-245.0,-576.0,134.0
-135.0,-214.0,-432.0,-307.0,,-692.0,14.0,-293.0,-723.0,91.0
-71.0,-382.0,-357.0,-262.0,,-585.0,28.0,-676.0,-578.0,86.0
-29.0,-1001.0,-337.0,-263.0,,-671.0,2.0,-794.0,-264.0,55.0
-21.0,-463.0,-281.0,-304.0,,-753.0,65.0,-454.0,-438.0,-9.0
-52.0,-1423.0,-297.0,-321.0,,-747.0,42.0,-242.0,-252.0,26.0
-51.0,-1349.0,-323.0,-294.0,,-937.0,-38.0,7.0,-178.0,89.0
-46.0,-200.0,-346.0,-236.0,,-1185.0,-1.0,177.0,-180.0,92.0
-84.0,-277.0,-386.0,-269.0,,-1110.0,69.0,369.0,538.0,108.0
-108.0,-1345.0,-392.0,-363.0,,-970.0,112.0,321.0,623.0,166.0
-155.0,-943.0,-386.0,-438.0,,-957.0,-24.0,-90.0,614.0,192.0
-212.0,855.0,-400.0,-419.0,,-893.0,-265.0,-504.0,600.0,146.0
-253.0,670.0,-392.0,-241.0,,-846.0,-314.0,-763.0,481.0,142.0
-270.0,832.0,-351.0,44.0,,-886.0,-257.0,-672.0,511.0,190.0
-272.0,363.0,-357.0,401.0,,-926.0,-188.0,-801.0,195.0,129.0
-222.0,377.0,-407.0,589.0,,-1053.0,-213.0,-772.0,217.0,110.0
-220.0,430.0,-452.0,583.0,,-1248.0,-347.0,-443.0,356.0,171.0
-179.0,637.0,-495.0,401.0,,-1314.0,-325.0,-182.0,327.0,149.0
-175.0,925.0,-539.0,44.0,,-1202.0,-269.0,18.0,267.0,155.0
-161.0,-6.0,-544.0,-221.0,,-1173.0,-404.0,-225.0,119.0,155.0
-168.0,674.0,-580.0,-344.0,,-1307.0,-570.0,-341.0,331.0,107.0
-188.0,276.0,-576.0,-353.0,,-1279.0,-640.0,-373.0,544.0,61.0
-124.0,442.0,-517.0,-283.0,,-1197.0,-647.0,-205.0,315.0,-12.0
-194.0,-94.0,-480.0,-211.0,,-1190.0,-583.0,205.0,273.0,-106.0
-215.0,-1124.0,-449.0,-260.0,,-1076.0,-501.0,184.0,285.0,-154.0
-294.0,-963.0,-411.0,-362.0,,-987.0,-479.0,-40.0,157.0,-172.0
-225.0,-718.0,-352.0,-352.0,,-1018.0,-442.0,-563.0,481.0,-228.0
-155.0,-210.0,-268.0,-221.0,,-995.0,-468.0,-872.0,690.0,-262.0
-242.0,-1923.0,-175.0,26.0,,-909.0,-502.0,-801.0,257.0,-263.0
-272.0,-1921.0,-98.0,222.0,,-942.0,-413.0,-545.0,-3.0,-198.0
-313.0,-1080.0,15.0,341.0,,-1140.0,-335.0,-164.0,355.0,-96.0
-241.0,-1551.0,96.0,479.0,,-1066.0,-321.0,-44.0,616.0,-60.0
-295.0,-1353.0,109.0,553.0,,-724.0,-324.0,151.0,723.0,-21.0
-335.0,-545.0,117.0,522.0,,-715.0,-260.0,149.0,350.0,54.0
-333.0,-999.0,104.0,430.0,,-737.0,-257.0,147.0,228.0,138.0
-271.0,-1381.0,79.0,159.0,,-537.0,-363.0,131.0,534.0,161.0
-241.0,-202.0,22.0,-159.0,,-542.0,-370.0,-194.0,57.0,131.0
-305.0,-573.0,-66.0,-231.0,,-736.0,-310.0,-308.0,-123.0,120.0
-227.0,-953.0,-169.0,-103.0,,-746.0,-387.0,-388.0,-223.0,138.0
-151.0,-564.0,-219.0,85.0,,-626.0,-517.0,-267.0,-290.0,158.0
-78.0,997.0,-245.0,89.0,,-699.0,-467.0,-242.0,225.0,199.0
-120.0,1529.0,-301.0,-44.0,,-786.0,-414.0,-460.0,616.0,300.0
-178.0,474.0,-340.0,-108.0,,-578.0,-420.0,-583.0,292.0,370.0
-171.0,1304.0,-378.0,-172.0,,-392.0,-400.0,-618.0,-460.0,415.0
-162.0,2149.0,-410.0,-137.0,,-488.0,-486.0,-218.0,-675.0,427.0
-183.0,1623.0,-455.0,-44.0,,-438.0,-517.0,94.0,-223.0,396.0
-262.0,641.0,-473.0,54.0,,-211.0,-449.0,212.0,-201.0,353.0
-251.0,585.0,-472.0,81.0,,-162.0,-490.0,195.0,-1181.0,280.0
-158.0,132.0,-435.0,15.0,,-260.0,-547.0,70.0,-1068.0,190.0
-156.0,-228.0,-391.0,114.0,,-305.0,-530.0,205.0,-315.0,56.0
-199.0,289.0,-406.0,304.0,,-276.0,-534.0,33.0,-327.0,-46.0
-173.0,-101.0,-369.0,457.0,,-216.0,-613.0,-275.0,-206.0,-67.0
-216.0,-775.0,-365.0,527.0,,-162.0,-587.0,-497.0,-249.0,-62.0
-325.0,-1346.0,-379.0,505.0,,-280.0,-400.0,-445.0,-297.0,-20.0
-425.0,-862.0,-341.0,461.0,,-267.0,-314.0,-24.0,-6.0,31.0
-485.0,-135.0,-338.0,384.0,,-79.0,-279.0,260.0,383.0,-2.0
-538.0,-634.0,-272.0,255.0,,-93.0,-175.0,485.0,464.0,-14.0
-463.0,-1445.0,-235.0,51.0,,-224.0,-224.0,199.0,291.0,19.0
-418.0,-334.0,-260.0,-162.0,,-129.0,-349.0,-323.0,20.0,2.0
-394.0,697.0,-233.0,-321.0,,306.0,-402.0,-622.0,59.0,-34.0
-295.0,-444.0,-286.0,-298.0,,398.0,-422.0,-776.0,624.0,-54.0
-295.0,157.0,-321.0,-165.0,,224.0,-342.0,-447.0,203.0,-68.0
-184.0,1105.0,-338.0,-141.0,,352.0,-276.0,-33.0,-363.0,-111.0
-125.0,1212.0,-367.0,-159.0,,448.0,-364.0,347.0,58.0,-101.0
-64.0,1220.0,-320.0,-249.0,,354.0,-505.0,439.0,570.0,-152.0
-42.0,957.0,-321.0,-392.0,,183.0,-498.0,400.0,477.0,-267.0
21.0,249.0,-288.0,-376.0,,277.0,-419.0,436.0,161.0,-263.0
91.0,-219.0,-252.0,-296.0,,411.0,-430.0,136.0,106.0,-253.0
82.0,538.0,-241.0,-330.0,,287.0,-431.0,-173.0,-137.0,-328.0
190.0,-558.0,-194.0,-442.0,,244.0,-328.0,-594.0,25.0,-395.0
131.0,-912.0,-217.0,-446.0,,237.0,-294.0,-774.0,20.0,-376.0
182.0,-977.0,-186.0,-335.0,,243.0,-278.0,-907.0,-225.0,-351.0
155.0,-1052.0,-169.0,-116.0,,216.0,-152.0,-1114.0,-333.0,-348.0
89.0,40.0,-174.0,127.0,,261.0,-179.0,-814.0,-190.0,-302.0
55.0,86.0,-150.0,191.0,,404.0,-285.0,-284.0,335.0,-211.0
-3.0,903.0,-142.0,103.0,,513.0,-369.0,576.0,287.0,-136.0
-57.0,907.0,-108.0,-83.0,,595.0,-439.0,1101.0,100.0,-44.0
-217.0,836.0,-79.0,-137.0,,459.0,-518.0,1088.0,-68.0,121.0
-252.0,1286.0,-58.0,-142.0,,362.0,-562.0,927.0,88.0,240.0
-348.0,1217.0,-58.0,-259.0,,402.0,-523.0,740.0,195.0,275.0
-367.0,808.0,-11.0,-297.0,,412.0,-544.0,779.0,-61.0,295.0
-393.0,1103.0,-7.0,-295.0,,300.0,-664.0,646.0,-162.0,303.0
-425.0,1930.0,5.0,-272.0,,221.0,-674.0,395.0,-434.0,206.0
-453.0,1696.0,46.0,-197.0,,408.0,-361.0,-136.0,-338.0,36.0
-456.0,1390.0,46.0,-119.0,,366.0,-512.0,-493.0,136.0,-56.0
-424.0,285.0,121.0,-83.0,,296.0,-726.0,-356.0,-36.0,-112.0
-452.0,-145.0,125.0,-52.0,,532.0,-523.0,-116.0,-564.0,-217.0
-442.0,-124.0,147.0,59.0,,637.0,-450.0,504.0,-538.0,-321.0
-489.0,-400.0,201.0,217.0,,459.0,-252.0,881.0,-334.0,-348.0
-499.0,-701.0,192.0,297.0,,288.0,-357.0,984.0,-107.0,-326.0
-494.0,-509.0,219.0,262.0,,371.0,-406.0,831.0,-10.0,-283.0
-426.0,-424.0,232.0,256.0,,369.0,-148.0,386.0,-148.0,-196.0
-480.0,-1049.0,196.0,276.0,,357.0,-217.0,254.0,-34.0,-104.0
-447.0,-148.0,169.0,221.0,,470.0,-151.0,179.0,189.0,-58.0
-374.0,-416.0,155.0,104.0,,506.0,12.0,485.0,50.0,-47.0
-416.0,-1113.0,110.0,1.0,,460.0,-157.0,713.0,0.0,-9.0
-491.0,-901.0,141.0,-62.0,,363.0,-235.0,567.0,203.0,-2.0
-538.0,-875.0,160.0,-141.0,,459.0,-145.0,301.0,124.0,-41.0
-499.0,-403.0,151.0,-170.0,,546.0,-198.0,-160.0,174.0,-8.0
-575.0,-484.0,172.0,-134.0,,551.0,-196.0,-72.0,350.0,101.0
-561.0,109.0,147.0,-125.0,,642.0,-151.0,188.0,411.0,164.0
-670.0,967.0,99.0,-123.0,,609.0,-50.0,306.0,322.0,164.0
-646.0,1141.0,29.0,-41.0,,527.0,-30.0,103.0,211.0,195.0
-580.0,1527.0,-21.0,25.0,,563.0,-196.0,-375.0,-29.0,239.0
-593.0,933.0,-115.0,67.0,,637.0,-375.0,-602.0,-286.0,218.0
-549.0,656.0,-179.0,71.0,,686.0,-596.0,-816.0,-110.0,179.0
-510.0,576.0,-253.0,-56.0,,866.0,-610.0,-877.0,75.0,140.0
-337.0,-9.0,-285.0,-141.0,,1028.0,-447.0,-1018.0,161.0,69.0
-303.0,-331.0,-340.0,-212.0,,934.0,-372.0,-1012.0,134.0,0.0
-167.0,-1929.0,-382.0,-302.0,,814.0,-340.0,-779.0,282.0,-133.0
-70.0,-1866.0,-367.0,-297.0,,982.0,-228.0,-561.0,587.0,-261.0
47.0,-1424.0,-438.0,-202.0,,1188.0,-119.0,-18.0,565.0,-316.0
136.0,-2219.0,-396.0,-166.0,,1101.0,-93.0,352.0,746.0,-389.0
112.0,-1691.0,-434.0,-172.0,,1121.0,-30.0,583.0,843.0,-410.0
142.0,-1720.0,-426.0,-20.0,,1218.0,56.0,585.0,810.0,-350.0
141.0,-1059.0,-403.0,145.0,,1124.0,128.0,497.0,1061.0,-288.0
200.0,496.0,-413.0,281.0,,1060.0,111.0,667.0,475.0,-242.0
147.0,1390.0,-362.0,439.0,,1060.0,88.0,707.0,112.0,-169.0
137.0,1333.0,-387.0,507.0,,997.0,192.0,665.0,369.0,-68.0
83.0,1186.0,-337.0,349.0,,834.0,275.0,234.0,323.0,-19.0
33.0,2442.0,-302.0,88.0,,859.0,146.0,-151.0,706.0,-32.0
-1.0,1919.0,-264.0,-34.0,,992.0,-97.0,-436.0,498.0,-27.0
-80.0,702.0,-222.0,-26.0,,831.0,-186.0,-798.0,25.0,22.0
-112.0,1848.0,-190.0,44.0,,670.0,-222.0,-740.0,147.0,57.0
-207.0,1989.0,-195.0,81.0,,782.0,-313.0,-624.0,58.0,97.0
-206.0,602.0,-253.0,112.0,,887.0,-361.0,-133.0,-302.0,116.0
-166.0,313.0,-289.0,119.0,,877.0,-307.0,236.0,-147.0,142.0
-126.0,711.0,-316.0,93.0,,981.0,-184.0,169.0,297.0,151.0
-72.0,432.0,-338.0,77.0,,1154.0,-149.0,114.0,110.0,80.0
-36.0,-219.0,-328.0,112.0,,1175.0,-53.0,-90.0,24.0,79.0
0.0,459.0,-291.0,206.0,,1133.0,155.0,7.0,125.0,75.0
5.0,999.0,-292.0,156.0,,1110.0,176.0,3.0,239.0,41.0
15.0,48.0,-215.0,94.0,,995.0,93.0,-18.0,99.0,26.0
25.0,520.0,-142.0,163.0,,836.0,98.0,64.0,-291.0,6.0
30.0,1311.0,-92.0,204.0,,843.0,136.0,-90.0,-207.0,-54.0
46.0,876.0,-55.0,261.0,,815.0,187.0,-388.0,-161.0,-138.0
38.0,38.0,-66.0,368.0,,620.0,117.0,-975.0,-346.0,-74.0
115.0,-306.0,-58.0,342.0,,689.0,-31.0,-1062.0,-338.0,-7.0
158.0,-387.0,-80.0,178.0,,815.0,-90.0,-448.0,-454.0,-43.0
190.0,-24.0,-96.0,79.0,,628.0,-60.0,469.0,-787.0,-67.0
253.0,1010.0,-140.0,119.0,,560.0,-28.0,1003.0,-423.0,85.0
205.0,-367.0,-209.0,228.0,,782.0,-137.0,831.0,62.0,241.0
178.0,-195.0,-239.0,261.0,,976.0,-202.0,480.0,-285.0,231.0
74.0,942.0,-263.0,179.0,,906.0,-119.0,-134.0,-578.0,271.0
42.0,296.0,-291.0,88.0,,849.0,-96.0,-421.0,-486.0,292.0
-18.0,-206.0,-291.0,-51.0,,911.0,-168.0,-558.0,-257.0,192.0
-90.0,-653.0,-312.0,-176.0,,812.0,-215.0,-698.0,141.0,55.0
-152.0,-92.0,-335.0,-160.0,,690.0,-218.0,-709.0,73.0,-16.0
-294.0,-810.0,-355.0,-89.0,,734.0,-273.0,-1036.0,-482.0,-138.0
-328.0,-178.0,-393.0,-77.0,,765.0,-354.0,-1073.0,-403.0,-255.0
-401.0,-27.0,-420.0,-117.0,,717.0,-406.0,-1073.0,216.0,-223.0
-383.0,-925.0,-437.0,-86.0,,727.0,-433.0,-982.0,182.0,-153.0
-374.0,-426.0,-428.0,-36.0,,679.0,-431.0,-770.0,-275.0,-177.0
-386.0,451.0,-423.0,3.0,,632.0,-355.0,-561.0,-277.0,-267.0
-413.0,1377.0,-404.0,10.0,,797.0,-251.0,168.0,-19.0,-157.0
-419.0,-652.0,-388.0,10.0,,997.0,-281.0,718.0,253.0,-56.0
-393.0,174.0,-330.0,117.0,,936.0,-392.0,820.0,347.0,-92.0
-421.0,1022.0,-256.0,227.0,,761.0,-408.0,428.0,-143.0,-29.0
-403.0,755.0,-185.0,294.0,,763.0,-218.0,25.0,-437.0,90.0
-360.0,610.0,-114.0,368.0,,845.0,17.0,29.0,289.0,70.0
-328.0,-853.0,-55.0,494.0,,851.0,49.0,120.0,768.0,0.0
-319.0,795.0,-30.0,570.0,,809.0,-1.0,347.0,494.0,38.0
-168.0,832.0,-89.0,470.0,,857.0,-3.0,485.0,230.0,-6.0
-64.0,922.0,-136.0,297.0,,755.0,-42.0,469.0,91.0,-100.0
23.0,-26.0,-244.0,294.0,,676.0,-180.0,-221.0,596.0,4.0
42.0,-297.0,-355.0,399.0,,874.0,-236.0,-1047.0,1003.0,253.0
72.0,977.0,-418.0,392.0,,859.0,-162.0,-1080.0,538.0,370.0
76.0,-264.0,-492.0,290.0,,717.0,-187.0,-535.0,74.0,515.0
48.0,419.0,-525.0,111.0,,776.0,-340.0,260.0,11.0,798.0
124.0,678.0,-548.0,-58.0,,833.0,-476.0,308.0,354.0,931.0
26.0,41.0,-577.0,-235.0,,757.0,-432.0,24.0,310.0,924.0
65.0,-900.0,-582.0,-346.0,,756.0,-392.0,225.0,-82.0,975.0
57.0,-141.0,-586.0,-280.0,,970.0,-492.0,572.0,-181.0,1042.0
43.0,218.0,-592.0,-141.0,,1070.0,-493.0,801.0,-440.0,894.0
7.0,-461.0,-549.0,35.0,,951.0,-409.0,722.0,-338.0,723.0
-30.0,893.0,-501.0,161.0,,1004.0,-407.0,729.0,112.0,616.0
0.0,1142.0,-461.0,183.0,,1032.0,-526.0,558.0,-450.0,367.0
-101.0,971.0,-444.0,150.0,,924.0,-550.0,-48.0,-687.0,107.0
-48.0,14.0,-456.0,161.0,,1037.0,-419.0,-563.0,-43.0,-39.0
-94.0,156.0,-472.0,138.0,,1245.0,-356.0,-572.0,-99.0,-130.0
-47.0,-78.0,-489.0,127.0,,1239.0,-393.0,-273.0,-475.0,-221.0
20.0,-1150.0,-465.0,169.0,,1073.0,-449.0,-670.0,-417.0,-244.0
48.0,241.0,-465.0,150.0,,979.0,-405.0,-1169.0,-274.0,-71.0
101.0,936.0,-428.0,158.0,,867.0,-306.0,-862.0,-829.0,143.0
73.0,64.0,-403.0,74.0,,792.0,-218.0,-5.0,-234.0,184.0
189.0,-452.0,-422.0,14.0,,895.0,-48.0,641.0,78.0,264.0
186.0,-818.0,-439.0,51.0,,874.0,93.0,284.0,-502.0,436.0
259.0,-1390.0,-498.0,-6.0,,689.0,26.0,-84.0,262.0,424.0
248.0,-986.0,-540.0,-110.0,,732.0,-100.0,36.0,170.0,312.0
195.0,-885.0,-606.0,-250.0,,978.0,-107.0,352.0,93.0,328.0
227.0,-742.0,-631.0,-337.0,,1045.0,-37.0,336.0,167.0,361.0
205.0,-891.0,-618.0,-296.0,,947.0,-34.0,-210.0,-151.0,319.0
267.0,-778.0,-577.0,-148.0,,1060.0,-170.0,-269.0,-271.0,372.0
201.0,-205.0,-527.0,19.0,,1214.0,-217.0,-125.0,-88.0,507.0
263.0,-1135.0,-476.0,167.0,,1093.0,-45.0,3.0,219.0,575.0
241.0,-933.0,-434.0,249.0,,962.0,124.0,-49.0,-131.0,606.0
184.0,-381.0,-439.0,160.0,,891.0,105.0,-142.0,9.0,714.0
175.0,261.0,-369.0,100.0,,752.0,5.0,136.0,-55.0,778.0
166.0,885.0,-342.0,179.0,,392.0,49.0,3.0,253.0,690.0
250.0,1375.0,-299.0,298.0,,233.0,210.0,-129.0,706.0,608.0
162.0,1894.0,-241.0,429.0,,275.0,396.0,-68.0,302.0,615.0
156.0,1490.0,-212.0,505.0,,194.0,480.0,321.0,166.0,544.0
104.0,1588.0,-165.0,587.0,,260.0,408.0,753.0,383.0,347.0
94.0,1452.0,-162.0,631.0,,237.0,338.0,498.0,565.0,217.0
138.0,810.0,-135.0,548.0,,125.0,366.0,253.0,213.0,73.0
103.0,-160.0,-154.0,526.0,,17.0,396.0,1.0,149.0,-160.0
128.0,117.0,-223.0,458.0,,81.0,311.0,-206.0,187.0,-305.0
165.0,389.0,-299.0,268.0,,148.0,191.0,-487.0,137.0,-340.0
216.0,-61.0,-398.0,224.0,,83.0,102.0,-825.0,174.0,-381.0
201.0,-88.0,-446.0,326.0,,228.0,119.0,-982.0,116.0,-396.0
197.0,-425.0,-471.0,413.0,,233.0,216.0,-1031.0,495.0,-317.0
206.0,-193.0,-436.0,457.0,,-13.0,211.0,-689.0,339.0,-231.0
198.0,409.0,-407.0,453.0,,-242.0,193.0,-630.0,-159.0,-192.0
131.0,169.0,-402.0,373.0,,-175.0,291.0,-637.0,76.0,-159.0
75.0,-874.0,-334.0,269.0,,-88.0,388.0,-552.0,195.0,-78.0
114.0,216.0,-334.0,195.0,,-265.0,400.0,-461.0,-34.0,-18.0
124.0,-326.0,-329.0,124.0,,-326.0,381.0,-223.0,47.0,4.0
107.0,-1231.0,-358.0,21.0,,-269.0,416.0,-343.0,-1.0,83.0
152.0,-390.0,-431.0,-120.0,,-397.0,381.0,-129.0,-149.0,146.0
128.0,-1170.0,-464.0,-215.0,,-613.0,311.0,502.0,-43.0,144.0
131.0,-1094.0,-540.0,-234.0,,-613.0,448.0,964.0,70.0,190.0
187.0,-681.0,-578.0,-273.0,,-516.0,520.0,676.0,134.0,224.0
167.0,1220.0,-570.0,-232.0,,-443.0,472.0,-77.0,118.0,224.0
112.0,1251.0,-582.0,-79.0,,-359.0,475.0,29.0,440.0,269.0
72.0,1192.0,-571.0,46.0,,-385.0,545.0,648.0,631.0,269.0
37.0,2397.0,-524.0,84.0,,-458.0,707.0,946.0,443.0,216.0
-49.0,1102.0,-500.0,68.0,,-415.0,757.0,471.0,160.0,140.0
32.0,819.0,-475.0,68.0,,-533.0,735.0,-219.0,-1.0,79.0
19.0,86.0,-474.0,0.0,,-779.0,800.0,-352.0,324.0,46.0
-7.0,-146.0,-480.0,-145.0,,-665.0,827.0,-186.0,188.0,64.0
108.0,-920.0,-470.0,-259.0,,-311.0,763.0,184.0,-122.0,83.0
155.0,-770.0,-459.0,-238.0,,-273.0,742.0,284.0,-59.0,32.0
136.0,266.0,-421.0,-109.0,,-511.0,669.0,343.0,60.0,35.0
173.0,-1594.0,-390.0,-27.0,,-495.0,550.0,419.0,247.0,80.0
308.0,-1813.0,-348.0,-79.0,,-447.0,511.0,0.0,197.0,82.0
257.0,-1274.0,-327.0,-103.0,,-613.0,486.0,-205.0,99.0,22.0
262.0,-617.0,-273.0,85.0,,-708.0,437.0,36.0,-40.0,-47.0
260.0,-486.0,-259.0,390.0,,-514.0,291.0,419.0,-62.0,-118.0
273.0,-553.0,-249.0,717.0,,-291.0,199.0,145.0,183.0,-210.0
327.0,539.0,-217.0,1024.0,,-373.0,233.0,-487.0,347.0,-256.0
346.0,180.0,-255.0,1211.0,,-359.0,387.0,-421.0,209.0,-239.0
358.0,666.0,-240.0,1163.0,,-263.0,659.0,-97.0,131.0,-250.0
265.0,714.0,-283.0,833.0,,-289.0,692.0,-99.0,367.0,-229.0
263.0,-803.0,-326.0,482.0,,-300.0,511.0,-676.0,516.0,-89.0
155.0,-712.0,-359.0,308.0,,-207.0,467.0,-853.0,403.0,10.0
33.0,56.0,-407.0,137.0,,-142.0,518.0,-280.0,181.0,44.0
-11.0,200.0,-409.0,-26.0,,-270.0,507.0,182.0,201.0,159.0
-36.0,-480.0,-441.0,-59.0,,-233.0,459.0,194.0,214.0,286.0
-28.0,-1067.0,-377.0,-1.0,,-143.0,439.0,75.0,266.0,257.0
-8.0,352.0,-352.0,81.0,,-150.0,476.0,650.0,-44.0,287.0
-5.0,667.0,-315.0,196.0,,-242.0,459.0,1132.0,-301.0,437.0
27.0,-1033.0,-229.0,273.0,,-269.0,385.0,1018.0,47.0,423.0
135.0,-17.0,-228.0,254.0,,-105.0,404.0,698.0,-6.0,317.0
106.0,1055.0,-196.0,139.0,,8.0,437.0,242.0,239.0,213.0
43.0,489.0,-213.0,-104.0,,86.0,466.0,12.0,-12.0,100.0
44.0,768.0,-249.0,-327.0,,-104.0,517.0,-223.0,-427.0,-82.0
53.0,1441.0,-307.0,-441.0,,-198.0,523.0,-367.0,-293.0,-284.0
40.0,782.0,-358.0,-395.0,,-83.0,463.0,-539.0,-459.0,-378.0
92.0,223.0,-378.0,-186.0,,-120.0,328.0,-659.0,-200.0,-580.0
85.0,1174.0,-384.0,135.0,,-194.0,288.0,-480.0,-260.0,-755.0
96.0,-150.0,-348.0,430.0,,-84.0,395.0,-543.0,-57.0,-712.0
155.0,-1005.0,-343.0,513.0,,180.0,464.0,-467.0,-24.0,-661.0
121.0,-218.0,-353.0,500.0,,42.0,421.0,-352.0,58.0,-652.0
192.0,-1142.0,-348.0,471.0,,-187.0,367.0,-291.0,348.0,-616.0
230.0,-1616.0,-311.0,428.0,,-333.0,378.0,-212.0,-63.0,-491.0
243.0,-991.0,-308.0,363.0,,-475.0,382.0,-288.0,179.0,-418.0
256.0,-853.0,-311.0,276.0,,-567.0,327.0,-201.0,-242.0,-423.0
271.0,-1207.0,-357.0,149.0,,-540.0,307.0,-192.0,-63.0,-372.0
238.0,-1100.0,-423.0,-28.0,,-314.0,385.0,-46.0,551.0,-318.0
227.0,-829.0,-477.0,-232.0,,-350.0,440.0,134.0,295.0,-336.0
302.0,-800.0,-497.0,-333.0,,-424.0,416.0,426.0,247.0,-346.0
252.0,-448.0,-467.0,-332.0,,-475.0,378.0,864.0,46.0,-359.0
237.0,130.0,-424.0,-422.0,,-574.0,403.0,796.0,374.0,-482.0
223.0,353.0,-371.0,-400.0,,-642.0,397.0,561.0,470.0,-572.0
271.0,962.0,-403.0,-246.0,,-538.0,294.0,66.0,388.0,-568.0
287.0,1575.0,-415.0,-120.0,,-356.0,319.0,-363.0,223.0,-531.0
283.0,1329.0,-450.0,53.0,,-472.0,440.0,-358.0,-33.0,-500.0
327.0,1796.0,-528.0,287.0,,-481.0,532.0,-114.0,83.0,-484.0
207.0,1422.0,-585.0,551.0,,-328.0,568.0,190.0,5.0,-407.0
241.0,262.0,-603.0,719.0,,-304.0,560.0,57.0,80.0,-325.0
320.0,387.0,-625.0,716.0,,-417.0,543.0,232.0,7.0,-316.0
312.0,65.0,-646.0,675.0,,-432.0,481.0,877.0,-545.0,-264.0
337.0,-691.0,-648.0,702.0,,-449.0,452.0,1439.0,-719.0,-182.0
416.0,-2054.0,-700.0,723.0,,-591.0,447.0,1271.0,-140.0,-206.0
438.0,-1992.0,-713.0,775.0,,-592.0,418.0,223.0,-521.0,-202.0
384.0,-1339.0,-698.0,897.0,,-403.0,322.0,-537.0,-864.0,-199.0
443.0,-1847.0,-717.0,838.0,,-425.0,196.0,-792.0,-191.0,-279.0
428.0,-805.0,-689.0,574.0,,-658.0,203.0,-452.0,-376.0,-365.0
458.0,-169.0,-668.0,373.0,,-560.0,236.0,-179.0,-398.0,-395.0
428.0,379.0,-728.0,186.0,,-522.0,179.0,-297.0,-267.0,-420.0
301.0,196.0,-754.0,-3.0,,-718.0,66.0,7.0,-327.0,-574.0
314.0,-176.0,-826.0,-189.0,,-671.0,59.0,576.0,-532.0,-714.0
324.0,681.0,-875.0,-411.0,,-461.0,162.0,1271.0,-565.0,-817.0
349.0,121.0,-911.0,-536.0,,-576.0,141.0,1444.0,94.0,-871.0
302.0,-198.0,-968.0,-584.0,,-789.0,101.0,1012.0,-111.0,-850.0
257.0,756.0,-989.0,-498.0,,-705.0,132.0,356.0,-169.0,-847.0
270.0,710.0,-1035.0,-266.0,,-629.0,85.0,-110.0,-76.0,-803.0
246.0,-462.0,-1067.0,-76.0,,-651.0,-1.0,147.0,184.0,-738.0
190.0,33.0,-1164.0,75.0,,-645.0,-21.0,432.0,675.0,-703.0
110.0,793.0,-1208.0,114.0,,-521.0,-62.0,587.0,178.0,-627.0
89.0,122.0,-1180.0,38.0,,-501.0,-203.0,463.0,249.0,-461.0
57.0,-349.0,-1139.0,138.0,,-550.0,-304.0,35.0,413.0,-407.0
48.0,345.0,-1058.0,331.0,,-606.0,-337.0,-149.0,132.0,-380.0
17.0,7.0,-982.0,418.0,,-813.0,-411.0,-125.0,144.0,-265.0
-2.0,-563.0,-906.0,422.0,,-972.0,-548.0,73.0,222.0,-243.0
95.0,801.0,-845.0,284.0,,-1005.0,-570.0,229.0,-9.0,-225.0
133.0,-66.0,-766.0,116.0,,-886.0,-402.0,522.0,-213.0,-191.0
105.0,-660.0,-724.0,45.0,,-692.0,-363.0,735.0,-34.0,-227.0
91.0,91.0,-698.0,26.0,,-634.0,-437.0,556.0,-249.0,-344.0
157.0,-216.0,-619.0,40.0,,-703.0,-385.0,279.0,-350.0,-369.0
226.0,347.0,-617.0,69.0,,-770.0,-291.0,-86.0,-423.0,-366.0
232.0,310.0,-602.0,147.0,,-687.0,-299.0,-55.0,-518.0,-411.0
254.0,-597.0,-613.0,161.0,,-375.0,-410.0,360.0,-276.0,-400.0
261.0,-666.0,-683.0,76.0,,-426.0,-420.0,1040.0,-333.0,-362.0
292.0,-297.0,-678.0,-30.0,,-744.0,-312.0,1561.0,-455.0,-297.0
256.0,-1037.0,-677.0,-117.0,,-692.0,-258.0,1180.0,-514.0,-285.0
185.0,-1633.0,-655.0,-84.0,,-523.0,-257.0,402.0,-397.0,-188.0
187.0,-766.0,-611.0,10.0,,-411.0,-221.0,-299.0,-396.0,-198.0
240.0,-179.0,-577.0,82.0,,-381.0,-249.0,-188.0,-555.0,-362.0
257.0,-184.0,-569.0,63.0,,-159.0,-412.0,598.0,-160.0,-431.0
228.0,-143.0,-576.0,101.0,,-16.0,-534.0,1184.0,183.0,-496.0
268.0,-421.0,-600.0,269.0,,-141.0,-532.0,1346.0,-20.0,-587.0
274.0,-387.0,-587.0,308.0,,-91.0,-434.0,966.0,-63.0,-662.0
235.0,109.0,-571.0,290.0,,-77.0,-381.0,794.0,59.0,-609.0
139.0,-149.0,-530.0,312.0,,-88.0,-476.0,583.0,173.0,-575.0
41.0,-262.0,-512.0,251.0,,-135.0,-483.0,114.0,78.0,-513.0
-48.0,85.0,-523.0,270.0,,-158.0,-330.0,-88.0,-201.0,-355.0
-76.0,252.0,-506.0,411.0,,-141.0,-244.0,25.0,-200.0,-252.0
14.0,646.0,-575.0,569.0,,-152.0,-315.0,423.0,-295.0,-166.0
16.0,459.0,-589.0,652.0,,-38.0,-373.0,458.0,53.0,32.0
42.0,-129.0,-616.0,568.0,,-103.0,-325.0,186.0,130.0,237.0
108.0,115.0,-601.0,465.0,,-168.0,-288.0,-380.0,-116.0,299.0
125.0,141.0,-605.0,423.0,,-35.0,-333.0,-764.0,35.0,371.0
143.0,-443.0,-601.0,536.0,,64.0,-450.0,-600.0,10.0,451.0
174.0,-403.0,-538.0,714.0,,96.0,-562.0,-240.0,86.0,413.0
166.0,-420.0,-531.0,799.0,,126.0,-560.0,567.0,-261.0,263.0
194.0,-526.0,-486.0,802.0,,285.0,-571.0,1084.0,-343.0,172.0
261.0,301.0,-475.0,726.0,,204.0,-701.0,1367.0,-316.0,72.0
251.0,631.0,-441.0,599.0,,119.0,-704.0,1350.0,-258.0,-123.0
238.0,-251.0,-410.0,494.0,,430.0,-499.0,859.0,-7.0,-308.0
285.0,-1012.0,-297.0,450.0,,467.0,-319.0,689.0,-224.0,-421.0
375.0,-716.0,-195.0,363.0,,34.0,-263.0,500.0,-93.0,-516.0
351.0,196.0,-147.0,199.0,,-135.0,-183.0,463.0,-155.0,-666.0
303.0,474.0,-45.0,50.0,,251.0,-100.0,386.0,15.0,-719.0
309.0,-88.0,0.0,33.0,,352.0,-52.0,29.0,475.0,-693.0
309.0,64.0,47.0,84.0,,108.0,14.0,-227.0,516.0,-632.0
274.0,377.0,93.0,115.0,,166.0,-23.0,-343.0,266.0,-610.0
219.0,0.0,138.0,81.0,,191.0,-73.0,-68.0,73.0,-540.0
201.0,105.0,190.0,-42.0,,-64.0,-119.0,142.0,198.0,-428.0
186.0,-786.0,195.0,-164.0,,-56.0,-172.0,360.0,52.0,-379.0
179.0,-1140.0,167.0,-162.0,,235.0,-187.0,622.0,176.0,-276.0
157.0,745.0,100.0,-23.0,,194.0,-220.0,822.0,109.0,-219.0
125.0,1382.0,-22.0,157.0,,-21.0,-171.0,958.0,26.0,-116.0
152.0,-605.0,-128.0,301.0,,15.0,-126.0,752.0,147.0,31.0
245.0,-1483.0,-277.0,321.0,,122.0,-102.0,783.0,-159.0,193.0
277.0,105.0,-403.0,228.0,,33.0,-82.0,663.0,100.0,339.0
284.0,423.0,-444.0,62.0,,-10.0,-144.0,367.0,-174.0,381.0
299.0,-553.0,-501.0,-125.0,,22.0,-199.0,31.0,-484.0,450.0
337.0,-668.0,-527.0,-281.0,,16.0,-193.0,-698.0,75.0,571.0
337.0,542.0,-523.0,-425.0,,33.0,-159.0,-910.0,-148.0,598.0
283.0,1525.0,-544.0,-577.0,,39.0,-155.0,-502.0,-333.0,573.0
206.0,856.0,-556.0,-605.0,,-38.0,-137.0,312.0,-235.0,633.0
158.0,-70.0,-513.0,-435.0,,-152.0,-135.0,944.0,-266.0,608.0
197.0,310.0,-510.0,-232.0,,157.0,-221.0,986.0,-76.0,523.0
161.0,888.0,-483.0,-22.0,,320.0,-231.0,903.0,-297.0,426.0
125.0,809.0,-432.0,51.0,,-115.0,-170.0,716.0,-579.0,335.0
92.0,939.0,-430.0,-132.0,,-325.0,-187.0,452.0,-207.0,250.0
110.0,889.0,-410.0,-298.0,,-58.0,-221.0,-118.0,-171.0,83.0
60.0,101.0,-424.0,-339.0,,139.0,-140.0,-565.0,-522.0,35.0
-33.0,-342.0,-462.0,-257.0,,-75.0,59.0,-801.0,-393.0,65.0
-78.0,645.0,-482.0,-145.0,,-73.0,146.0,-886.0,-589.0,23.0
-103.0,671.0,-528.0,-30.0,,100.0,76.0,-740.0,-728.0,81.0
-88.0,-1027.0,-563.0,58.0,,-183.0,7.0,-776.0,-337.0,234.0
-169.0,-912.0,-571.0,76.0,,-352.0,-82.0,-151.0,-36.0,284.0
-135.0,656.0,-576.0,178.0,,-325.0,-135.0,923.0,-31.0,365.0
-99.0,-82.0,-516.0,277.0,,-511.0,-57.0,1764.0,-356.0,544.0
-65.0,-1192.0,-427.0,342.0,,-615.0,29.0,2013.0,-181.0,610.0
-77.0,-300.0,-339.0,291.0,,-396.0,46.0,1361.0,-141.0,620.0
-164.0,917.0,-242.0,98.0,,39.0,48.0,750.0,-363.0,613.0
-180.0,-120.0,-174.0,-88.0,,-68.0,77.0,363.0,-7.0,527.0
-173.0,-955.0,-162.0,-195.0,,-623.0,149.0,201.0,-73.0,464.0
-154.0,752.0,-193.0,-250.0,,-750.0,182.0,101.0,-92.0,384.0
-230.0,139.0,-226.0,-288.0,,-638.0,206.0,168.0,74.0,214.0
-185.0,-1266.0,-247.0,-294.0,,-477.0,255.0,517.0,-9.0,69.0
-189.0,-503.0,-238.0,-343.0,,-431.0,294.0,606.0,169.0,8.0
-266.0,1091.0,-224.0,-312.0,,-453.0,385.0,676.0,242.0,-114.0
-267.0,11.0,-223.0,-197.0,,-393.0,448.0,245.0,270.0,-270.0
-325.0,-704.0,-227.0,-16.0,,-325.0,426.0,-315.0,13.0,-381.0
-343.0,1398.0,-238.0,166.0,,-125.0,336.0,-397.0,45.0,-457.0
-315.0,1077.0,-265.0,273.0,,-233.0,317.0,-242.0,445.0,-452.0
-300.0,27.0,-275.0,307.0,,-406.0,342.0,179.0,109.0,-391.0
-370.0,-434.0,-255.0,162.0,,-340.0,316.0,256.0,201.0,-250.0
-401.0,853.0,-196.0,-93.0,,-236.0,315.0,223.0,569.0,-172.0
-306.0,710.0,-164.0,-221.0,,-175.0,218.0,14.0,267.0,-76.0
-285.0,-31.0,-150.0,-223.0,,-320.0,190.0,-49.0,241.0,90.0
-324.0,1050.0,-112.0,-401.0,,-229.0,322.0,495.0,456.0,212.0
-294.0,413.0,-63.0,-395.0,,-218.0,353.0,864.0,268.0,286.0
-306.0,-792.0,-23.0,-130.0,,-291.0,266.0,901.0,314.0,333.0
-330.0,-920.0,26.0,-34.0,,-104.0,137.0,432.0,657.0,403.0
-271.0,938.0,35.0,-31.0,,-62.0,81.0,173.0,446.0,415.0
-256.0,-958.0,-39.0,-17.0,,-80.0,206.0,136.0,389.0,482.0
-266.0,-1923.0,-58.0,47.0,,-164.0,377.0,-127.0,611.0,422.0
-146.0,120.0,-130.0,87.0,,-65.0,396.0,-208.0,515.0,344.0
-70.0,-569.0,-199.0,83.0,,110.0,271.0,-363.0,510.0,371.0
-92.0,-590.0,-233.0,-5.0,,114.0,176.0,-314.0,843.0,224.0
-41.0,-1016.0,-252.0,-72.0,,106.0,196.0,-218.0,797.0,174.0
4.0,-861.0,-226.0,-41.0,,89.0,171.0,-22.0,508.0,294.0
67.0,195.0,-183.0,-2.0,,182.0,55.0,188.0,907.0,293.0
109.0,329.0,-121.0,57.0,,194.0,29.0,-75.0,692.0,183.0
79.0,59.0,-82.0,17.0,,213.0,95.0,-362.0,611.0,296.0
136.0,469.0,-67.0,-101.0,,327.0,139.0,-735.0,812.0,457.0
253.0,-367.0,-90.0,-204.0,,450.0,116.0,-862.0,284.0,465.0
288.0,154.0,-118.0,-256.0,,305.0,102.0,-838.0,548.0,423.0
335.0,2136.0,-152.0,-228.0,,-164.0,170.0,-637.0,388.0,481.0
365.0,27.0,-160.0,-51.0,,-292.0,236.0,112.0,-20.0,561.0
334.0,-201.0,-246.0,81.0,,-118.0,286.0,729.0,-28.0,477.0
352.0,1504.0,-265.0,-1.0,,-37.0,327.0,1260.0,-98.0,527.0
328.0,2133.0,-300.0,-48.0,,47.0,312.0,1359.0,185.0,524.0
270.0,480.0,-377.0,-3.0,,150.0,321.0,925.0,-256.0,366.0
264.0,-768.0,-349.0,-55.0,,0.0,406.0,297.0,17.0,270.0
242.0,1351.0,-401.0,-157.0,,-290.0,426.0,-312.0,640.0,358.0
160.0,491.0,-356.0,-207.0,,-143.0,296.0,-360.0,87.0,393.0
107.0,-627.0,-324.0,-377.0,,245.0,299.0,-325.0,-41.0,277.0
60.0,96.0,-336.0,-582.0,,63.0,449.0,-339.0,334.0,477.0
47.0,-4.0,-309.0,-617.0,,-219.0,409.0,-644.0,579.0,692.0
24.0,-526.0,-314.0,-611.0,,-25.0,314.0,-1112.0,-19.0,727.0
-9.0,-300.0,-256.0,-615.0,,138.0,280.0,-1178.0,-74.0,802.0
-80.0,423.0,-202.0,-599.0,,97.0,229.0,-1060.0,612.0,894.0
-205.0,-483.0,-182.0,-595.0,,129.0,222.0,-452.0,259.0,779.0
-213.0,-1297.0,-195.0,-641.0,,260.0,196.0,212.0,252.0,534.0
-274.0,-937.0,-225.0,-716.0,,102.0,135.0,716.0,343.0,559.0
-325.0,-117.0,-247.0,-702.0,,-41.0,23.0,783.0,-75.0,440.0
-366.0,579.0,-281.0,-597.0,,131.0,-1.0,129.0,52.0,138.0
-375.0,-178.0,-311.0,-348.0,,224.0,134.0,-352.0,408.0,39.0
-355.0,-585.0,-294.0,7.0,,273.0,124.0,-430.0,394.0,-46.0
-363.0,950.0,-279.0,193.0,,352.0,27.0,0.0,195.0,-159.0
-357.0,-185.0,-235.0,180.0,,317.0,43.0,293.0,206.0,-259.0
-369.0,-1569.0,-211.0,70.0,,33.0,133.0,251.0,283.0,-222.0
-277.0,496.0,-243.0,-110.0,,-145.0,189.0,153.0,273.0,-220.0
-270.0,581.0,-251.0,-295.0,,56.0,211.0,-286.0,208.0,-227.0
-240.0,-583.0,-331.0,-452.0,,235.0,221.0,-500.0,189.0,-80.0
-213.0,-628.0,-401.0,-576.0,,181.0,167.0,-509.0,187.0,-24.0
-124.0,391.0,-455.0,-647.0,,185.0,244.0,-208.0,390.0,55.0
-41.0,647.0,-484.0,-603.0,,440.0,375.0,94.0,351.0,112.0
-83.0,-182.0,-464.0,-498.0,,563.0,310.0,-131.0,-122.0,256.0
6.0,918.0,-473.0,-457.0,,618.0,169.0,-456.0,-102.0,308.0
30.0,1385.0,-474.0,-353.0,,722.0,121.0,-844.0,-118.0,292.0
111.0,420.0,-501.0,-250.0,,658.0,149.0,-873.0,-242.0,396.0
143.0,-173.0,-513.0,-228.0,,605.0,150.0,-833.0,2.0,324.0
95.0,176.0,-506.0,-247.0,,734.0,165.0,-861.0,88.0,286.0
69.0,544.0,-500.0,-358.0,,910.0,199.0,-678.0,-30.0,154.0
72.0,-178.0,-465.0,-363.0,,711.0,221.0,-443.0,60.0,52.0
92.0,-356.0,-403.0,-302.0,,485.0,321.0,72.0,597.0,22.0
53.0,223.0,-352.0,-297.0,,496.0,330.0,171.0,519.0,-114.0
116.0,429.0,-345.0,-338.0,,622.0,179.0,-173.0,327.0,-307.0
92.0,-591.0,-348.0,-446.0,,773.0,79.0,-572.0,692.0,-370.0
69.0,-923.0,-329.0,-574.0,,863.0,14.0,-925.0,553.0,-290.0
86.0,-316.0,-334.0,-650.0,,991.0,-42.0,-1223.0,467.0,-334.0
33.0,54.0,-296.0,-723.0,,796.0,-68.0,-1683.0,402.0,-319.0
-33.0,1146.0,-235.0,-796.0,,759.0,-185.0,-1853.0,469.0,-161.0
-34.0,1263.0,-217.0,-626.0,,937.0,-426.0,-1925.0,800.0,45.0
33.0,543.0,-183.0,-417.0,,818.0,-539.0,-1661.0,490.0,113.0
17.0,-236.0,-223.0,-359.0,,744.0,-364.0,-1263.0,466.0,333.0
4.0,-964.0,-279.0,-303.0,,869.0,-295.0,-897.0,957.0,537.0
27.0,-749.0,-262.0,-276.0,,1115.0,-453.0,42.0,753.0,508.0
63.0,-488.0,-219.0,-218.0,,1085.0,-486.0,648.0,573.0,522.0
32.0,-89.0,-184.0,-265.0,,951.0,-358.0,750.0,787.0,608.0
-14.0,519.0,-145.0,-348.0,,907.0,-213.0,437.0,934.0,605.0
-5.0,200.0,-128.0,-317.0,,630.0,-173.0,-20.0,979.0,425.0
21.0,-235.0,-139.0,-276.0,,569.0,-218.0,-240.0,721.0,476.0
32.0,149.0,-168.0,-177.0,,899.0,-263.0,-637.0,907.0,526.0
-24.0,100.0,-170.0,-11.0,,1029.0,-257.0,-896.0,947.0,593.0
-31.0,-115.0,-137.0,214.0,,941.0,-289.0,-1093.0,727.0,721.0
3.0,414.0,-100.0,439.0,,987.0,-466.0,-1042.0,675.0,803.0
1.0,596.0,-52.0,657.0,,1085.0,-503.0,-838.0,618.0,860.0
-17.0,-175.0,-86.0,736.0,,755.0,-380.0,-617.0,667.0,929.0
-28.0,-623.0,-140.0,693.0,,396.0,-333.0,-245.0,256.0,1079.0
-19.0,635.0,-199.0,652.0,,716.0,-427.0,-242.0,61.0,1012.0
45.0,1015.0,-250.0,559.0,,991.0,-561.0,-179.0,375.0,921.0
76.0,-588.0,-259.0,463.0,,966.0,-503.0,-295.0,630.0,824.0
93.0,62.0,-247.0,374.0,,964.0,-384.0,-637.0,7.0,738.0
169.0,697.0,-193.0,250.0,,941.0,-343.0,-949.0,-334.0,608.0
190.0,517.0,-187.0,85.0,,903.0,-344.0,-1278.0,-14.0,513.0
216.0,113.0,-190.0,-111.0,,807.0,-352.0,-1160.0,-448.0,404.0
216.0,-1270.0,-244.0,-310.0,,902.0,-366.0,-994.0,-312.0,234.0
113.0,101.0,-296.0,-395.0,,934.0,-405.0,-698.0,-307.0,289.0
24.0,1074.0,-248.0,-488.0,,739.0,-426.0,-358.0,-538.0,298.0
36.0,651.0,-252.0,-415.0,,727.0,-508.0,-38.0,-15.0,334.0
-14.0,-134.0,-234.0,-161.0,,755.0,-609.0,243.0,132.0,341.0
-87.0,-638.0,-228.0,24.0,,703.0,-683.0,22.0,-88.0,371.0
0.0,-157.0,-265.0,213.0,,590.0,-696.0,-253.0,-195.0,437.0
64.0,315.0,-327.0,314.0,,480.0,-728.0,-659.0,-107.0,466.0
82.0,468.0,-401.0,378.0,,550.0,-849.0,-812.0,83.0,495.0
107.0,-971.0,-446.0,296.0,,703.0,-833.0,-546.0,295.0,345.0
137.0,-693.0,-458.0,219.0,,732.0,-746.0,-389.0,-44.0,303.0
127.0,356.0,-440.0,255.0,,623.0,-774.0,-545.0,-126.0,293.0
109.0,419.0,-444.0,134.0,,751.0,-877.0,-1402.0,-11.0,217.0
118.0,-400.0,-420.0,-25.0,,818.0,-891.0,-2017.0,-267.0,124.0
89.0,-1891.0,-438.0,-156.0,,607.0,-816.0,-1840.0,-40.0,36.0
122.0,-870.0,-378.0,-201.0,,479.0,-771.0,-1149.0,-230.0,18.0
167.0,265.0,-309.0,-110.0,,618.0,-729.0,-530.0,-38.0,-66.0
121.0,-394.0,-293.0,-128.0,,909.0,-690.0,-395.0,377.0,-153.0
90.0,-707.0,-212.0,-289.0,,792.0,-740.0,-140.0,270.0,-142.0
97.0,-644.0,-188.0,-336.0,,614.0,-791.0,-3.0,522.0,-173.0
52.0,1.0,-208.0,-374.0,,618.0,-692.0,101.0,273.0,-190.0
28.0,680.0,-270.0,-448.0,,565.0,-612.0,73.0,436.0,-48.0
-7.0,437.0,-354.0,-464.0,,563.0,-637.0,-160.0,401.0,-73.0
-54.0,-122.0,-400.0,-349.0,,776.0,-637.0,-349.0,-100.0,-205.0
-105.0,-555.0,-477.0,-270.0,,1041.0,-605.0,-822.0,326.0,-150.0
-114.0,461.0,-590.0,-479.0,,818.0,-501.0,-1128.0,77.0,-92.0
-94.0,714.0,-677.0,-507.0,,555.0,-360.0,-1271.0,21.0,-108.0
-122.0,130.0,-759.0,-222.0,,745.0,-313.0,-968.0,45.0,-64.0
-92.0,528.0,-751.0,96.0,,870.0,-364.0,-323.0,-506.0,-41.0
-81.0,372.0,-723.0,363.0,,713.0,-392.0,57.0,-273.0,-30.0
-67.0,1208.0,-689.0,342.0,,734.0,-281.0,234.0,-299.0,69.0
-100.0,2094.0,-592.0,108.0,,849.0,-233.0,55.0,-521.0,46.0
-110.0,952.0,-539.0,44.0,,873.0,-347.0,133.0,-466.0,7.0
-133.0,-115.0,-485.0,166.0,,884.0,-489.0,271.0,-340.0,-26.0
-193.0,115.0,-440.0,167.0,,851.0,-562.0,42.0,-221.0,-176.0
-199.0,994.0,-424.0,86.0,,741.0,-540.0,-443.0,-302.0,-329.0
-275.0,972.0,-402.0,101.0,,631.0,-670.0,-958.0,-707.0,-518.0
-285.0,-682.0,-417.0,119.0,,897.0,-833.0,-844.0,-519.0,-684.0
-252.0,-981.0,-437.0,53.0,,1029.0,-886.0,-580.0,-414.0,-848.0
-167.0,48.0,-473.0,-100.0,,849.0,-807.0,-199.0,-797.0,-912.0
-80.0,96.0,-449.0,-161.0,,880.0,-637.0,-12.0,-153.0,-933.0
-42.0,-946.0,-405.0,-78.0,,826.0,-609.0,-256.0,-403.0,-972.0
-70.0,-2005.0,-466.0,2.0,,649.0,-601.0,-260.0,-680.0,-906.0
-114.0,-910.0,-438.0,132.0,,684.0,-589.0,-404.0,-343.0,-877.0
-137.0,-135.0,-454.0,132.0,,905.0,-475.0,-437.0,-437.0,-818.0
-267.0,-364.0,-461.0,-20.0,,826.0,-282.0,-482.0,-256.0,-733.0
-311.0,-53.0,-400.0,-93.0,,415.0,-263.0,-692.0,-210.0,-555.0
-314.0,-1050.0,-381.0,-127.0,,494.0,-310.0,-683.0,-178.0,-416.0
-254.0,-2420.0,-298.0,-13.0,,843.0,-313.0,-583.0,9.0,-346.0
-232.0,-1659.0,-276.0,181.0,,682.0,-299.0,-279.0,81.0,-210.0
-232.0,-580.0,-278.0,306.0,,519.0,-285.0,-40.0,-39.0,-113.0
-93.0,-984.0,-298.0,378.0,,699.0,-163.0,354.0,303.0,101.0
-46.0,-480.0,-349.0,390.0,,732.0,-9.0,646.0,240.0,318.0
-25.0,976.0,-372.0,256.0,,473.0,-31.0,500.0,164.0,432.0
-67.0,1186.0,-413.0,74.0,,519.0,-122.0,362.0,-2.0,446.0
-179.0,394.0,-449.0,75.0,,847.0,-23.0,389.0,24.0,520.0
-269.0,288.0,-515.0,113.0,,713.0,150.0,772.0,430.0,608.0
-272.0,746.0,-542.0,180.0,,500.0,95.0,702.0,-272.0,643.0
-305.0,998.0,-549.0,171.0,,498.0,-115.0,84.0,-192.0,703.0
-375.0,1901.0,-588.0,144.0,,419.0,-243.0,-495.0,-166.0,594.0
-302.0,1706.0,-576.0,225.0,,298.0,-227.0,-665.0,-185.0,496.0
-283.0,904.0,-577.0,293.0,,424.0,-238.0,-240.0,-4.0,400.0
-260.0,1035.0,-568.0,411.0,,619.0,-310.0,99.0,-234.0,302.0
-276.0,117.0,-569.0,380.0,,356.0,-358.0,441.0,-34.0,137.0
-363.0,643.0,-565.0,211.0,,122.0,-363.0,713.0,-411.0,-90.0
-319.0,949.0,-535.0,128.0,,200.0,-296.0,894.0,-507.0,-279.0
-239.0,-375.0,-508.0,26.0,,102.0,-183.0,1049.0,-640.0,-378.0
-252.0,-426.0,-522.0,-94.0,,-3.0,-113.0,1040.0,-1011.0,-278.0
-276.0,-199.0,-515.0,-155.0,,135.0,-104.0,1193.0,-1118.0,-262.0
-184.0,-644.0,-496.0,-250.0,,134.0,-88.0,960.0,-1126.0,-240.0
-74.0,-2518.0,-505.0,-349.0,,-109.0,-75.0,297.0,-820.0,-186.0
-3.0,-2259.0,-462.0,-449.0,,-162.0,-103.0,-511.0,-1025.0,-116.0
-1.0,-1321.0,-464.0,-413.0,,119.0,-132.0,-1112.0,-863.0,-103.0
39.0,-1193.0,-498.0,-231.0,,29.0,-113.0,-842.0,-240.0,-215.0
139.0,-230.0,-479.0,-50.0,,-318.0,-126.0,75.0,-213.0,-329.0
146.0,-714.0,-439.0,243.0,,-206.0,-144.0,1265.0,-192.0,-443.0
120.0,-651.0,-483.0,544.0,,-81.0,-51.0,1799.0,46.0,-441.0
118.0,-398.0,-475.0,643.0,,-297.0,68.0,1589.0,-50.0,-440.0
201.0,-26.0,-468.0,566.0,,-534.0,103.0,1106.0,-162.0,-399.0
292.0,97.0,-488.0,426.0,,-407.0,130.0,585.0,-30.0,-426.0
282.0,-175.0,-535.0,251.0,,-244.0,300.0,445.0,-188.0,-422.0
262.0,396.0,-634.0,163.0,,-344.0,467.0,155.0,-319.0,-246.0
294.0,339.0,-699.0,51.0,,-177.0,462.0,-133.0,-417.0,-137.0
325.0,373.0,-761.0,-73.0,,58.0,405.0,-428.0,-504.0,-71.0
307.0,101.0,-756.0,-239.0,,-149.0,428.0,-877.0,-221.0,2.0
240.0,833.0,-737.0,-397.0,,-352.0,444.0,-1152.0,-221.0,115.0
213.0,1227.0,-693.0,-315.0,,-447.0,396.0,-1130.0,-430.0,110.0
221.0,344.0,-639.0,-273.0,,-547.0,363.0,-532.0,-580.0,54.0
159.0,544.0,-577.0,-208.0,,-554.0,285.0,57.0,-638.0,-56.0
68.0,-393.0,-584.0,-65.0,,-556.0,241.0,968.0,-140.0,-163.0
-3.0,-815.0,-556.0,6.0,,-327.0,264.0,2174.0,-242.0,-94.0
-59.0,82.0,-483.0,3.0,,-218.0,232.0,2751.0,-678.0,-115.0
-78.0,364.0,-460.0,4.0,,-396.0,167.0,2219.0,-607.0,-184.0
-95.0,-53.0,-401.0,-93.0,,-680.0,152.0,567.0,-685.0,-187.0
-158.0,-725.0,-420.0,-114.0,,-990.0,293.0,-448.0,-360.0,-180.0
-175.0,67.0,-429.0,145.0,,-946.0,436.0,-299.0,-39.0,-284.0
-98.0,-210.0,-411.0,264.0,,-886.0,426.0,607.0,-419.0,-347.0
-13.0,-1279.0,-434.0,238.0,,-941.0,434.0,1786.0,-823.0,-345.0
-32.0,-791.0,-464.0,149.0,,-886.0,464.0,2300.0,-423.0,-343.0
-43.0,-220.0,-479.0,65.0,,-841.0,522.0,1954.0,-296.0,-277.0
28.0,957.0,-491.0,3.0,,-884.0,537.0,696.0,-603.0,-292.0
57.0,1416.0,-480.0,-55.0,,-1058.0,349.0,-192.0,-407.0,-260.0
40.0,926.0,-468.0,-65.0,,-1025.0,158.0,-157.0,-373.0,-220.0
10.0,38.0,-505.0,-119.0,,-980.0,88.0,358.0,-121.0,-157.0
12.0,-353.0,-453.0,-149.0,,-1148.0,43.0,1117.0,112.0,-143.0
0.0,-2.0,-405.0,-293.0,,-1170.0,0.0,1372.0,16.0,-69.0
-25.0,-788.0,-424.0,-508.0,,-1213.0,-41.0,942.0,4.0,126.0
-102.0,-462.0,-402.0,-605.0,,-1261.0,-48.0,-24.0,-64.0,174.0
-171.0,47.0,-371.0,-576.0,,-1245.0,31.0,-500.0,-397.0,169.0
-132.0,14.0,-354.0,-366.0,,-1186.0,148.0,-325.0,-267.0,128.0
-84.0,-149.0,-379.0,-72.0,,-1091.0,210.0,168.0,172.0,82.0
-102.0,-369.0,-419.0,180.0,,-1214.0,226.0,970.0,-329.0,-60.0
-173.0,-239.0,-438.0,411.0,,-1216.0,286.0,1387.0,-545.0,-101.0
-147.0,163.0,-441.0,550.0,,-1166.0,434.0,1707.0,-528.0,-170.0
-158.0,1125.0,-423.0,535.0,,-1395.0,559.0,1285.0,-884.0,-394.0
-169.0,1054.0,-428.0,513.0,,-1416.0,601.0,-86.0,-687.0,-561.0
-178.0,772.0,-480.0,679.0,,-1259.0,561.0,-1123.0,-777.0,-673.0
-195.0,2.0,-474.0,881.0,,-1329.0,492.0,-1228.0,-795.0,-620.0
-136.0,675.0,-442.0,847.0,,-1525.0,503.0,-548.0,-278.0,-634.0
-66.0,968.0,-412.0,686.0,,-1414.0,505.0,1.0,-271.0,-659.0
41.0,-987.0,-407.0,506.0,,-1316.0,403.0,561.0,-90.0,-665.0
40.0,-796.0,-358.0,366.0,,-1753.0,291.0,1077.0,84.0,-599.0
93.0,-186.0,-346.0,306.0,,-1903.0,316.0,1387.0,-24.0,-387.0
143.0,-232.0,-432.0,269.0,,-1611.0,360.0,1674.0,129.0,-255.0
135.0,-899.0,-469.0,224.0,,-1515.0,276.0,1491.0,58.0,-276.0
104.0,-1632.0,-538.0,205.0,,-1675.0,272.0,1352.0,44.0,-212.0
16.0,-1604.0,-524.0,273.0,,-1504.0,299.0,1249.0,-29.0,3.0
0.0,-1142.0,-563.0,200.0,,-1018.0,260.0,1058.0,-48.0,-72.0
-5.0,-549.0,-620.0,20.0,,-1255.0,275.0,650.0,238.0,-190.0
20.0,-594.0,-672.0,-88.0,,-1716.0,168.0,-75.0,111.0,-203.0
-51.0,-133.0,-719.0,-150.0,,-1555.0,96.0,-388.0,175.0,-296.0
-90.0,-939.0,-717.0,-187.0,,-1408.0,189.0,-515.0,256.0,-379.0
-70.0,-1232.0,-794.0,-264.0,,-1705.0,162.0,-221.0,-127.0,-508.0
-107.0,-324.0,-780.0,-145.0,,-1732.0,163.0,373.0,-251.0,-600.0
-208.0,-905.0,-726.0,-13.0,,-1366.0,314.0,715.0,113.0,-708.0
-324.0,-229.0,-649.0,-65.0,,-1313.0,380.0,1005.0,315.0,-641.0
-294.0,953.0,-604.0,-86.0,,-1515.0,453.0,986.0,-163.0,-389.0
-301.0,1696.0,-531.0,-152.0,,-1579.0,580.0,752.0,-289.0,-288.0
-373.0,1081.0,-434.0,-222.0,,-1550.0,512.0,330.0,-145.0,-319.0
-434.0,92.0,-349.0,-207.0,,-1673.0,352.0,121.0,85.0,-321.0
-439.0,922.0,-289.0,-140.0,,-1696.0,305.0,134.0,245.0,-117.0
-452.0,796.0,-283.0,-181.0,,-1455.0,347.0,327.0,-25.0,-17.0
-497.0,830.0,-232.0,-223.0,,-1364.0,391.0,1064.0,-11.0,-156.0
-522.0,1265.0,-243.0,-223.0,,-1479.0,409.0,1531.0,-52.0,-219.0
-544.0,649.0,-234.0,-259.0,,-1448.0,412.0,1720.0,55.0,-174.0
-488.0,9.0,-235.0,-141.0,,-1368.0,353.0,1516.0,108.0,-160.0
-439.0,-399.0,-261.0,0.0,,-1454.0,356.0,1045.0,-141.0,-163.0
-406.0,-152.0,-201.0,139.0,,-1532.0,503.0,776.0,-294.0,-195.0
-377.0,-278.0,-144.0,163.0,,-1396.0,573.0,421.0,-309.0,-361.0
-320.0,-705.0,-98.0,-19.0,,-1083.0,513.0,260.0,69.0,-546.0
-181.0,724.0,-90.0,-231.0,,-898.0,532.0,-33.0,-8.0,-603.0
-80.0,867.0,-65.0,-286.0,,-1013.0,622.0,-232.0,-360.0,-584.0
-40.0,-386.0,-51.0,-171.0,,-1185.0,649.0,-284.0,144.0,-710.0
-29.0,-334.0,-109.0,-3.0,,-973.0,665.0,-286.0,114.0,-867.0
4.0,-91.0,-154.0,226.0,,-901.0,635.0,123.0,8.0,-755.0
53.0,-225.0,-181.0,307.0,,-1290.0,534.0,375.0,84.0,-475.0
47.0,-419.0,-188.0,388.0,,-1536.0,476.0,559.0,-828.0,-344.0
49.0,528.0,-197.0,486.0,,-1446.0,425.0,349.0,-561.0,-282.0
100.0,365.0,-187.0,515.0,,-1345.0,406.0,-79.0,-114.0,-149.0
148.0,239.0,-177.0,449.0,,-1454.0,391.0,-301.0,-146.0,-16.0
156.0,-37.0,-128.0,210.0,,-1276.0,332.0,-386.0,38.0,102.0
140.0,-653.0,-113.0,71.0,,-1186.0,258.0,-72.0,-435.0,56.0
80.0,455.0,-145.0,110.0,,-1594.0,160.0,49.0,-540.0,25.0
44.0,-682.0,-116.0,236.0,,-1738.0,191.0,240.0,-275.0,-41.0
60.0,-519.0,-96.0,321.0,,-1359.0,261.0,352.0,-403.0,-121.0
6.0,1823.0,-84.0,373.0,,-1018.0,323.0,216.0,-744.0,-116.0
-54.0,380.0,-97.0,331.0,,-1070.0,330.0,182.0,-650.0,-254.0
-59.0,-956.0,-123.0,294.0,,-1106.0,246.0,9.0,-803.0,-337.0
-14.0,981.0,-187.0,387.0,,-1164.0,314.0,186.0,-807.0,-283.0
-12.0,775.0,-188.0,393.0,,-1300.0,363.0,373.0,-364.0,-180.0
-58.0,-143.0,-233.0,269.0,,-1195.0,306.0,376.0,-278.0,-242.0
-4.0,123.0,-296.0,63.0,,-964.0,328.0,225.0,-231.0,-236.0
45.0,-346.0,-246.0,-186.0,,-1068.0,351.0,-116.0,-193.0,14.0
73.0,72.0,-290.0,-322.0,,-1492.0,261.0,-112.0,-131.0,94.0
89.0,-241.0,-337.0,-245.0,,-1421.0,135.0,-153.0,248.0,107.0
65.0,-407.0,-363.0,-127.0,,-897.0,93.0,-179.0,488.0,180.0
25.0,-108.0,-386.0,64.0,,-641.0,140.0,-428.0,141.0,171.0
47.0,-488.0,-367.0,135.0,,-839.0,228.0,-679.0,477.0,82.0
76.0,-466.0,-377.0,-17.0,,-992.0,232.0,-552.0,645.0,44.0
5.0,-38.0,-394.0,-27.0,,-903.0,193.0,-574.0,122.0,-3.0
49.0,480.0,-416.0,8.0,,-788.0,169.0,-421.0,182.0,-188.0
147.0,-199.0,-432.0,42.0,,-640.0,186.0,-471.0,412.0,-323.0
178.0,-139.0,-446.0,61.0,,-777.0,298.0,-554.0,341.0,-297.0
157.0,1885.0,-476.0,3.0,,-1105.0,338.0,-528.0,454.0,-248.0
124.0,2129.0,-553.0,-46.0,,-1101.0,305.0,-559.0,549.0,-309.0
114.0,788.0,-540.0,-55.0,,-704.0,307.0,-306.0,160.0,-348.0
81.0,959.0,-465.0,-23.0,,-509.0,345.0,-225.0,131.0,-217.0
81.0,260.0,-492.0,93.0,,-636.0,394.0,-208.0,-33.0,-160.0
54.0,-738.0,-442.0,283.0,,-611.0,356.0,-417.0,29.0,-214.0
31.0,-882.0,-408.0,394.0,,-542.0,254.0,-554.0,141.0,-246.0
21.0,-613.0,-369.0,398.0,,-481.0,157.0,-498.0,-27.0,-281.0
11.0,772.0,-274.0,408.0,,-315.0,121.0,-408.0,10.0,-186.0
-31.0,761.0,-225.0,478.0,,-246.0,115.0,112.0,-45.0,-58.0
-100.0,299.0,-153.0,396.0,,-378.0,59.0,399.0,249.0,-52.0
-121.0,298.0,-71.0,310.0,,-415.0,-4.0,574.0,135.0,-43.0
-167.0,261.0,18.0,291.0,,-294.0,-105.0,546.0,141.0,-11.0
-198.0,-547.0,38.0,193.0,,-215.0,-160.0,332.0,-161.0,95.0
-196.0,-199.0,42.0,269.0,,-348.0,-162.0,306.0,-470.0,310.0
-151.0,1656.0,45.0,294.0,,-404.0,-219.0,79.0,-256.0,373.0
-118.0,1128.0,47.0,266.0,,-333.0,-193.0,-46.0,-828.0,327.0
-63.0,492.0,27.0,289.0,,-444.0,-116.0,-206.0,-1094.0,490.0
-15.0,421.0,3.0,72.0,,-378.0,-73.0,-299.0,-748.0,731.0
-43.0,306.0,0.0,-190.0,,-191.0,-6.0,-450.0,-537.0,779.0
-27.0,203.0,-54.0,-341.0,,-221.0,68.0,-896.0,-587.0,686.0
30.0,-182.0,-49.0,-324.0,,-437.0,124.0,-1175.0,303.0,625.0
87.0,-210.0,-67.0,-270.0,,-521.0,205.0,-1550.0,628.0,710.0
69.0,115.0,-101.0,-235.0,,-405.0,331.0,-1775.0,13.0,839.0
48.0,165.0,-56.0,-64.0,,-186.0,354.0,-1914.0,102.0,867.0
49.0,47.0,-52.0,-58.0,,132.0,317.0,-1875.0,-60.0,807.0
0.0,799.0,-97.0,-133.0,,247.0,258.0,-1396.0,70.0,640.0
-44.0,414.0,-92.0,-103.0,,106.0,86.0,-933.0,221.0,651.0
-101.0,253.0,-33.0,-37.0,,-18.0,-60.0,-391.0,-120.0,781.0
-157.0,715.0,-27.0,86.0,,165.0,-111.0,-256.0,-542.0,648.0
-182.0,787.0,-35.0,156.0,,286.0,-150.0,-363.0,-210.0,391.0
-228.0,888.0,-47.0,114.0,,223.0,-278.0,-484.0,245.0,284.0
-298.0,-25.0,-83.0,-36.0,,273.0,-421.0,-687.0,170.0,381.0
-313.0,464.0,-40.0,-177.0,,296.0,-477.0,-687.0,291.0,377.0
-253.0,1512.0,-71.0,-197.0,,302.0,-507.0,-840.0,282.0,261.0
-214.0,444.0,-105.0,-114.0,,303.0,-540.0,-763.0,429.0,130.0
-204.0,-361.0,-114.0,56.0,,350.0,-540.0,-655.0,366.0,-22.0
-200.0,530.0,-159.0,249.0,,289.0,-510.0,-509.0,253.0,48.0
-194.0,664.0,-142.0,205.0,,156.0,-533.0,-84.0,-81.0,217.0
-200.0,-875.0,-135.0,27.0,,210.0,-555.0,62.0,-408.0,181.0
-198.0,-1140.0,-141.0,-45.0,,268.0,-502.0,7.0,-222.0,83.0
-122.0,-283.0,-119.0,-92.0,,323.0,-427.0,-267.0,-90.0,164.0
-92.0,-590.0,-124.0,-70.0,,486.0,-363.0,-345.0,207.0,256.0
-48.0,-996.0,-225.0,-33.0,,651.0,-344.0,-458.0,100.0,240.0
-20.0,-758.0,-288.0,-6.0,,561.0,-336.0,-848.0,28.0,202.0
-69.0,-512.0,-311.0,-12.0,,379.0,-335.0,-1104.0,257.0,158.0
-96.0,-927.0,-326.0,34.0,,457.0,-413.0,-1420.0,554.0,121.0
-143.0,-486.0,-397.0,87.0,,606.0,-444.0,-1518.0,506.0,205.0
-184.0,392.0,-424.0,20.0,,621.0,-420.0,-1544.0,-92.0,308.0
-249.0,137.0,-431.0,-48.0,,535.0,-473.0,-1343.0,-51.0,229.0
-240.0,343.0,-468.0,-228.0,,413.0,-484.0,-870.0,-69.0,199.0
-240.0,1192.0,-455.0,-366.0,,254.0,-451.0,-607.0,-14.0,363.0
-273.0,1479.0,-526.0,-396.0,,166.0,-419.0,-473.0,152.0,407.0
-247.0,931.0,-553.0,-436.0,,211.0,-354.0,-589.0,-253.0,273.0
-278.0,812.0,-546.0,-474.0,,112.0,-327.0,-655.0,-163.0,235.0
-301.0,969.0,-545.0,-423.0,,8.0,-321.0,-861.0,-10.0,234.0
-333.0,1394.0,-582.0,-210.0,,323.0,-282.0,-1038.0,344.0,153.0
-321.0,729.0,-598.0,5.0,,692.0,-242.0,-951.0,540.0,102.0
-321.0,-437.0,-561.0,54.0,,466.0,-255.0,-982.0,-74.0,88.0
-326.0,-104.0,-550.0,27.0,,8.0,-278.0,-740.0,-7.0,14.0
-282.0,-436.0,-584.0,152.0,,179.0,-288.0,-508.0,338.0,39.0
-282.0,-1332.0,-549.0,137.0,,604.0,-303.0,-79.0,695.0,142.0
-214.0,-778.0,-455.0,39.0,,513.0,-354.0,376.0,546.0,105.0
-120.0,-846.0,-433.0,140.0,,388.0,-452.0,341.0,107.0,79.0
-24.0,-1634.0,-340.0,221.0,,527.0,-447.0,136.0,322.0,136.0
27.0,-44.0,-335.0,295.0,,608.0,-412.0,-343.0,31.0,213.0
101.0,-389.0,-304.0,319.0,,571.0,-435.0,-559.0,262.0,236.0
237.0,-1628.0,-200.0,332.0,,578.0,-319.0,-630.0,436.0,209.0
265.0,-1340.0,-201.0,307.0,,659.0,-163.0,-615.0,148.0,183.0
297.0,-1267.0,-177.0,291.0,,608.0,-139.0,-537.0,322.0,217.0
336.0,-848.0,-180.0,346.0,,619.0,-135.0,-761.0,131.0,232.0
361.0,-1172.0,-192.0,177.0,,622.0,-84.0,-740.0,274.0,163.0
369.0,-1207.0,-192.0,92.0,,687.0,-98.0,-563.0,210.0,93.0
378.0,-981.0,-268.0,148.0,,888.0,-180.0,-192.0,-82.0,99.0
359.0,-597.0,-313.0,68.0,,950.0,-196.0,-75.0,-16.0,189.0
347.0,-1279.0,-285.0,161.0,,941.0,-199.0,-349.0,-174.0,93.0
428.0,-1562.0,-253.0,235.0,,905.0,-273.0,-600.0,-218.0,-2.0
407.0,-1003.0,-229.0,48.0,,1149.0,-309.0,-896.0,-136.0,4.0
348.0,-929.0,-214.0,-139.0,,1176.0,-224.0,-946.0,-319.0,-7.0
277.0,-422.0,-203.0,-256.0,,935.0,-97.0,-1091.0,-131.0,98.0
241.0,-909.0,-185.0,-210.0,,1061.0,-73.0,-982.0,-20.0,138.0
229.0,-1168.0,-182.0,-238.0,,1239.0,-76.0,-567.0,-276.0,82.0
125.0,-1503.0,-225.0,-452.0,,1108.0,-46.0,-273.0,-24.0,60.0
41.0,-535.0,-199.0,-515.0,,892.0,-40.0,57.0,-33.0,190.0
16.0,588.0,-129.0,-472.0,,1207.0,7.0,138.0,-133.0,292.0
35.0,-742.0,-113.0,-320.0,,1288.0,65.0,155.0,-8.0,163.0
-16.0,14.0,-131.0,8.0,,932.0,88.0,-55.0,203.0,51.0
-43.0,1637.0,-159.0,206.0,,900.0,70.0,-424.0,201.0,-29.0
17.0,1282.0,-148.0,280.0,,1087.0,-17.0,-720.0,476.0,-48.0
78.0,1246.0,-154.0,410.0,,1277.0,-143.0,-1014.0,869.0,112.0
95.0,1909.0,-163.0,456.0,,1268.0,-247.0,-1019.0,540.0,181.0
28.0,1736.0,-234.0,485.0,,1306.0,-288.0,-923.0,681.0,10.0
5.0,1542.0,-257.0,415.0,,1355.0,-305.0,-502.0,898.0,-52.0
70.0,2235.0,-233.0,218.0,,1473.0,-351.0,16.0,1109.0,233.0
70.0,2011.0,-319.0,-3.0,,1436.0,-357.0,432.0,660.0,396.0
39.0,1695.0,-361.0,-267.0,,1234.0,-294.0,722.0,297.0,209.0
41.0,2104.0,-387.0,-365.0,,1282.0,-274.0,319.0,625.0,190.0
54.0,1683.0,-415.0,-352.0,,1256.0,-329.0,-343.0,359.0,260.0
67.0,1325.0,-427.0,-280.0,,1426.0,-393.0,-1055.0,466.0,215.0
43.0,867.0,-462.0,-173.0,,1537.0,-428.0,-1387.0,136.0,265.0
51.0,-754.0,-498.0,-166.0,,1304.0,-441.0,-1175.0,-126.0,237.0
65.0,-1682.0,-514.0,-217.0,,1122.0,-404.0,-785.0,73.0,-34.0
106.0,-996.0,-523.0,-235.0,,1189.0,-336.0,-153.0,17.0,-216.0
160.0,-1933.0,-568.0,-344.0,,1335.0,-297.0,279.0,-472.0,59.0
153.0,-3264.0,-610.0,-536.0,,1348.0,-261.0,672.0,-1049.0,166.0
159.0,-1714.0,-595.0,-688.0,,1581.0,-183.0,716.0,-886.0,-152.0
241.0,-1055.0,-601.0,-778.0,,1438.0,-91.0,339.0,-691.0,-258.0
257.0,-1560.0,-616.0,-688.0,,1083.0,-12.0,1.0,-410.0,-147.0
164.0,-1260.0,-607.0,-600.0,,1267.0,97.0,-362.0,-564.0,-96.0
172.0,-1054.0,-589.0,-463.0,,1170.0,288.0,-319.0,-370.0,-271.0
241.0,-1142.0,-546.0,-289.0,,849.0,427.0,-378.0,-32.0,-403.0
248.0,-400.0,-559.0,-201.0,,1071.0,412.0,-521.0,21.0,-390.0
242.0,100.0,-550.0,-61.0,,1354.0,391.0,-609.0,227.0,-357.0
249.0,-395.0,-545.0,0.0,,1055.0,378.0,-691.0,-63.0,-261.0
258.0,610.0,-515.0,-33.0,,877.0,345.0,-291.0,24.0,-226.0
287.0,232.0,-446.0,-34.0,,1041.0,310.0,86.0,174.0,-242.0
276.0,234.0,-436.0,67.0,,939.0,235.0,574.0,658.0,-239.0
231.0,2387.0,-436.0,169.0,,943.0,144.0,914.0,1079.0,-39.0
201.0,2083.0,-373.0,224.0,,966.0,12.0,990.0,721.0,151.0
211.0,346.0,-382.0,176.0,,876.0,-115.0,955.0,522.0,145.0
179.0,561.0,-422.0,-43.0,,1095.0,-193.0,495.0,488.0,144.0
106.0,2066.0,-387.0,-169.0,,1088.0,-219.0,62.0,254.0,245.0
126.0,-21.0,-411.0,-186.0,,893.0,-166.0,-365.0,-74.0,404.0
184.0,-1146.0,-383.0,-181.0,,937.0,-123.0,-473.0,-99.0,396.0
201.0,407.0,-458.0,-69.0,,966.0,-133.0,-321.0,-272.0,279.0
216.0,-230.0,-540.0,12.0,,1039.0,-140.0,-195.0,-154.0,280.0
261.0,-992.0,-539.0,-13.0,,1241.0,-128.0,96.0,338.0,335.0
257.0,-1847.0,-557.0,50.0,,1266.0,-109.0,194.0,105.0,274.0
316.0,-1298.0,-535.0,214.0,,897.0,-118.0,149.0,-362.0,253.0
346.0,-1010.0,-544.0,364.0,,863.0,-134.0,-208.0,-163.0,291.0
321.0,-962.0,-522.0,414.0,,1018.0,-110.0,-530.0,344.0,109.0
365.0,313.0,-506.0,322.0,,598.0,-114.0,-535.0,739.0,0.0
361.0,-20.0,-466.0,51.0,,469.0,-115.0,-450.0,493.0,127.0
324.0,-511.0,-502.0,-292.0,,704.0,-57.0,-145.0,70.0,63.0
296.0,-1299.0,-543.0,-434.0,,733.0,14.0,-29.0,226.0,-169.0
325.0,-284.0,-488.0,-482.0,,782.0,62.0,70.0,231.0,-139.0
258.0,407.0,-472.0,-433.0,,744.0,98.0,164.0,545.0,3.0
193.0,-870.0,-507.0,-277.0,,427.0,187.0,384.0,566.0,-172.0
167.0,-606.0,-507.0,-177.0,,251.0,269.0,822.0,0.0,-254.0
102.0,346.0,-523.0,-105.0,,408.0,291.0,1012.0,-60.0,-74.0
98.0,217.0,-568.0,-89.0,,348.0,283.0,1134.0,-44.0,-80.0
108.0,-1227.0,-592.0,-132.0,,350.0,306.0,1031.0,133.0,-195.0
122.0,-258.0,-638.0,-267.0,,744.0,335.0,927.0,158.0,-156.0
114.0,-56.0,-619.0,-344.0,,815.0,347.0,746.0,-80.0,-101.0
155.0,-698.0,-628.0,-324.0,,527.0,358.0,545.0,-275.0,-188.0
200.0,-13.0,-624.0,-227.0,,446.0,314.0,613.0,-199.0,-230.0
176.0,644.0,-605.0,-79.0,,563.0,300.0,465.0,224.0,-276.0
154.0,1327.0,-599.0,-95.0,,565.0,311.0,441.0,81.0,-361.0
165.0,-199.0,-558.0,-112.0,,531.0,255.0,419.0,-97.0,-452.0
116.0,827.0,-510.0,-99.0,,596.0,191.0,461.0,-32.0,-411.0
57.0,1067.0,-441.0,-108.0,,644.0,145.0,679.0,49.0,-258.0
23.0,-1034.0,-413.0,-75.0,,600.0,111.0,648.0,186.0,-288.0
-12.0,-1116.0,-391.0,43.0,,500.0,144.0,550.0,-15.0,-487.0
-51.0,-1395.0,-408.0,235.0,,558.0,190.0,299.0,70.0,-543.0
-72.0,-1529.0,-453.0,259.0,,646.0,188.0,201.0,74.0,-358.0
-91.0,-2006.0,-506.0,184.0,,460.0,183.0,88.0,-13.0,-457.0
-163.0,-1211.0,-543.0,68.0,,321.0,187.0,-59.0,302.0,-645.0
-207.0,-1089.0,-553.0,6.0,,576.0,151.0,-158.0,429.0,-566.0
-228.0,-1200.0,-572.0,148.0,,626.0,71.0,-546.0,0.0,-395.0
-239.0,-406.0,-575.0,363.0,,386.0,40.0,-537.0,-146.0,-364.0
-289.0,-1236.0,-545.0,523.0,,693.0,21.0,-166.0,598.0,-358.0
-282.0,-807.0,-502.0,404.0,,1012.0,15.0,484.0,292.0,-160.0
-331.0,-467.0,-432.0,231.0,,644.0,54.0,1123.0,194.0,-265.0
-363.0,-844.0,-368.0,165.0,,406.0,132.0,1232.0,378.0,-275.0
-331.0,1043.0,-344.0,163.0,,697.0,286.0,1112.0,-43.0,97.0
-337.0,1591.0,-282.0,356.0,,735.0,405.0,744.0,425.0,220.0
-284.0,-567.0,-255.0,380.0,,333.0,462.0,596.0,141.0,20.0
-298.0,654.0,-230.0,183.0,,114.0,411.0,539.0,69.0,78.0
-267.0,1996.0,-250.0,112.0,,95.0,290.0,591.0,346.0,391.0
-267.0,303.0,-222.0,107.0,,-26.0,263.0,896.0,241.0,321.0
-236.0,497.0,-211.0,62.0,,-75.0,250.0,862.0,93.0,177.0
-230.0,1824.0,-237.0,76.0,,328.0,224.0,857.0,-136.0,112.0
-195.0,2054.0,-157.0,131.0,,818.0,194.0,715.0,-59.0,2.0
-116.0,1843.0,-145.0,165.0,,395.0,183.0,600.0,-579.0,-61.0
-161.0,730.0,-75.0,186.0,,-27.0,194.0,583.0,-403.0,0.0
-122.0,-227.0,-28.0,253.0,,565.0,221.0,404.0,-55.0,1.0
-97.0,426.0,-1.0,294.0,,394.0,289.0,484.0,-144.0,-295.0
-38.0,-405.0,21.0,197.0,,-630.0,252.0,469.0,-161.0,-310.0
-30.0,-388.0,56.0,94.0,,-436.0,177.0,491.0,-5.0,-101.0
-10.0,-5.0,58.0,20.0,,152.0,126.0,382.0,144.0,8.0
14.0,-790.0,32.0,14.0,,-569.0,76.0,114.0,-152.0,27.0
19.0,-214.0,7.0,13.0,,-805.0,58.0,25.0,50.0,50.0
40.0,-78.0,-88.0,-137.0,,180.0,-12.0,14.0,290.0,221.0
40.0,230.0,-76.0,-256.0,,-129.0,-116.0,397.0,383.0,437.0
120.0,-181.0,-121.0,-193.0,,-797.0,-275.0,731.0,-177.0,524.0
121.0,329.0,-111.0,-214.0,,139.0,-386.0,1016.0,-206.0,441.0
140.0,1057.0,-70.0,-278.0,,351.0,-375.0,1069.0,302.0,495.0
147.0,466.0,-50.0,-309.0,,-600.0,-348.0,794.0,133.0,562.0
172.0,958.0,3.0,-552.0,,-6.0,-314.0,572.0,166.0,558.0
203.0,373.0,-42.0,-682.0,,627.0,-255.0,169.0,-1.0,558.0
264.0,-166.0,-69.0,-642.0,,-536.0,-163.0,86.0,319.0,395.0
320.0,166.0,-146.0,-488.0,,-599.0,-101.0,142.0,264.0,95.0
253.0,-370.0,-208.0,-321.0,,627.0,-6.0,356.0,-66.0,48.0
278.0,-1318.0,-226.0,-169.0,,81.0,129.0,718.0,205.0,109.0
242.0,-1090.0,-278.0,109.0,,-897.0,194.0,849.0,228.0,-273.0
122.0,-957.0,-268.0,264.0,,77.0,204.0,1145.0,449.0,-530.0
21.0,-2032.0,-279.0,454.0,,427.0,169.0,1276.0,288.0,-369.0
-38.0,-1297.0,-338.0,449.0,,-653.0,130.0,1352.0,330.0,-418.0
-100.0,-273.0,-326.0,250.0,,-523.0,120.0,1249.0,723.0,-589.0
-173.0,-833.0,-371.0,-4.0,,-13.0,124.0,1001.0,513.0,-413.0
-215.0,408.0,-375.0,-229.0,,-334.0,79.0,903.0,124.0,-265.0
-309.0,2209.0,-350.0,-125.0,,-234.0,18.0,545.0,-126.0,-369.0
-371.0,1185.0,-394.0,-93.0,,-24.0,46.0,162.0,227.0,-242.0
-396.0,1102.0,-367.0,-112.0,,-533.0,90.0,-271.0,407.0,-55.0
-456.0,2058.0,-353.0,-79.0,,-527.0,91.0,-447.0,94.0,-118.0
-530.0,1523.0,-330.0,81.0,,-89.0,116.0,-303.0,-34.0,-135.0
-530.0,1543.0,-341.0,266.0,,-381.0,168.0,9.0,-98.0,33.0
-513.0,478.0,-344.0,339.0,,-348.0,202.0,576.0,-172.0,115.0
-553.0,-828.0,-330.0,235.0,,172.0,239.0,881.0,-408.0,-13.0
-525.0,-695.0,-329.0,-24.0,,-176.0,288.0,1084.0,-454.0,29.0
-422.0,-1073.0,-281.0,33.0,,-535.0,264.0,1023.0,-577.0,159.0
-386.0,-1192.0,-300.0,155.0,,227.0,207.0,840.0,-548.0,77.0
-350.0,-968.0,-274.0,149.0,,-55.0,210.0,820.0,-123.0,49.0
-320.0,-918.0,-306.0,88.0,,-1290.0,227.0,770.0,-478.0,54.0
-325.0,-310.0,-367.0,-54.0,,-659.0,252.0,934.0,-609.0,28.0
-252.0,-56.0,-349.0,-71.0,,35.0,306.0,990.0,-143.0,61.0
-189.0,-188.0,-393.0,14.0,,-847.0,362.0,1045.0,29.0,112.0
-162.0,-91.0,-384.0,99.0,,-815.0,422.0,981.0,180.0,30.0
-175.0,364.0,-349.0,290.0,,229.0,528.0,672.0,185.0,-56.0
-174.0,1582.0,-343.0,382.0,,-531.0,604.0,419.0,-152.0,30.0
-142.0,2274.0,-309.0,221.0,,-1550.0,642.0,205.0,-318.0,114.0
-116.0,1748.0,-282.0,41.0,,-317.0,676.0,432.0,201.0,192.0
-66.0,591.0,-253.0,-105.0,,234.0,651.0,720.0,363.0,94.0
-33.0,1177.0,-264.0,-62.0,,-799.0,629.0,903.0,87.0,-28.0
-29.0,1700.0,-272.0,75.0,,-573.0,583.0,899.0,-212.0,80.0
-79.0,1412.0,-289.0,114.0,,45.0,549.0,513.0,-378.0,175.0
-131.0,1083.0,-388.0,103.0,,-982.0,526.0,151.0,47.0,93.0
-241.0,179.0,-424.0,22.0,,-1185.0,430.0,-232.0,13.0,-80.0
-309.0,742.0,-493.0,-97.0,,-143.0,341.0,-227.0,-379.0,-5.0
-270.0,-586.0,-542.0,-176.0,,-940.0,275.0,-16.0,-498.0,173.0
-262.0,-1774.0,-505.0,-106.0,,-1697.0,235.0,72.0,-324.0,196.0
-305.0,-1636.0,-534.0,-89.0,,-572.0,184.0,153.0,-47.0,242.0
-321.0,-2093.0,-544.0,-257.0,,-310.0,135.0,84.0,98.0,258.0
-276.0,-1899.0,-522.0,-349.0,,-1136.0,179.0,243.0,-171.0,200.0
-266.0,-1228.0,-492.0,-304.0,,-811.0,294.0,349.0,-221.0,321.0
-222.0,-847.0,-462.0,-215.0,,-371.0,414.0,347.0,260.0,464.0
-193.0,-1674.0,-426.0,-6.0,,-1009.0,508.0,264.0,312.0,252.0
-157.0,-979.0,-361.0,276.0,,-678.0,540.0,-31.0,545.0,-77.0
-79.0,-518.0,-324.0,408.0,,28.0,531.0,-96.0,214.0,-22.0
-51.0,323.0,-276.0,441.0,,-809.0,497.0,-86.0,-88.0,74.0
-92.0,466.0,-238.0,461.0,,-1175.0,423.0,72.0,227.0,-194.0
-96.0,286.0,-270.0,328.0,,-437.0,297.0,221.0,150.0,-295.0
20.0,2185.0,-232.0,235.0,,-849.0,113.0,465.0,185.0,-239.0
-7.0,1883.0,-207.0,363.0,,-1623.0,42.0,827.0,65.0,-283.0
-118.0,2018.0,-226.0,460.0,,-788.0,49.0,995.0,246.0,-204.0
-111.0,1035.0,-239.0,570.0,,-217.0,23.0,1265.0,-24.0,-53.0
-66.0,905.0,-249.0,635.0,,-968.0,-49.0,1193.0,-265.0,-86.0
-88.0,2836.0,-256.0,501.0,,-763.0,-143.0,1099.0,-65.0,-198.0
-92.0,1717.0,-268.0,342.0,,-106.0,-96.0,979.0,-514.0,-5.0
-66.0,1279.0,-278.0,267.0,,-926.0,-31.0,615.0,-541.0,130.0
-71.0,1069.0,-316.0,230.0,,-1341.0,-40.0,445.0,-461.0,28.0
-69.0,511.0,-283.0,137.0,,-226.0,-71.0,83.0,-550.0,-40.0
-112.0,668.0,-279.0,118.0,,-340.0,-45.0,-212.0,-636.0,-14.0
-101.0,205.0,-281.0,39.0,,-1286.0,21.0,-484.0,-783.0,83.0
-13.0,-82.0,-242.0,-172.0,,-642.0,37.0,-570.0,-1016.0,66.0
57.0,-293.0,-200.0,-329.0,,-394.0,31.0,-456.0,-738.0,-11.0
0.0,-478.0,-187.0,-289.0,,-1143.0,0.0,-463.0,-259.0,-117.0
-102.0,535.0,-186.0,-107.0,,-604.0,37.0,-214.0,-625.0,-163.0
-98.0,906.0,-168.0,-48.0,,-66.0,143.0,12.0,-737.0,-151.0
-99.0,-899.0,-188.0,32.0,,-640.0,226.0,317.0,-524.0,-217.0
-114.0,-1070.0,-128.0,169.0,,-411.0,254.0,471.0,-282.0,-357.0
-91.0,411.0,-92.0,322.0,,17.0,257.0,528.0,0.0,-447.0
-54.0,303.0,-121.0,452.0,,-805.0,283.0,711.0,20.0,-355.0
-17.0,-700.0,-108.0,490.0,,-916.0,277.0,587.0,-141.0,-261.0
47.0,-207.0,-111.0,517.0,,195.0,268.0,495.0,-199.0,-257.0
80.0,506.0,-107.0,477.0,,-305.0,264.0,347.0,-15.0,-389.0
64.0,-895.0,-81.0,433.0,,-1360.0,232.0,332.0,423.0,-405.0
100.0,-1224.0,-98.0,435.0,,-329.0,190.0,267.0,490.0,-217.0
121.0,-538.0,-50.0,443.0,,419.0,165.0,24.0,60.0,-170.0
97.0,-443.0,-42.0,451.0,,-443.0,152.0,24.0,99.0,-271.0
68.0,19.0,-102.0,402.0,,-623.0,105.0,-153.0,-17.0,-172.0
55.0,77.0,-123.0,301.0,,-421.0,35.0,-153.0,-5.0,86.0
70.0,400.0,-163.0,192.0,,-1087.0,-32.0,-110.0,102.0,76.0
60.0,596.0,-135.0,62.0,,-780.0,-87.0,-149.0,51.0,116.0
75.0,1122.0,-119.0,1.0,,256.0,-118.0,-112.0,270.0,295.0
92.0,1866.0,-116.0,176.0,,-237.0,-63.0,-136.0,-5.0,339.0
131.0,2181.0,-65.0,529.0,,-692.0,48.0,92.0,-3.0,381.0
205.0,2783.0,-33.0,632.0,,-31.0,39.0,190.0,458.0,462.0
256.0,2951.0,-41.0,378.0,,-226.0,-11.0,258.0,201.0,387.0
282.0,3212.0,-56.0,269.0,,-684.0,-31.0,223.0,-406.0,205.0
314.0,1964.0,-92.0,259.0,,-116.0,-70.0,103.0,1.0,210.0
375.0,706.0,-72.0,180.0,,-435.0,-105.0,105.0,180.0,125.0
371.0,1244.0,-38.0,154.0,,-1436.0,-191.0,-40.0,-157.0,-116.0
393.0,610.0,-69.0,226.0,,-708.0,-236.0,33.0,143.0,-249.0
413.0,250.0,-58.0,373.0,,168.0,-230.0,-77.0,-179.0,-240.0
411.0,330.0,-71.0,466.0,,-674.0,-207.0,-327.0,-181.0,-206.0
419.0,246.0,-67.0,583.0,,-1159.0,-153.0,-498.0,73.0,-227.0
390.0,-554.0,-56.0,498.0,,-340.0,-154.0,-759.0,-121.0,-216.0
353.0,-1526.0,-26.0,318.0,,-321.0,-140.0,-822.0,-43.0,-307.0
328.0,-977.0,51.0,211.0,,-881.0,-124.0,-910.0,-57.0,-434.0
395.0,-2057.0,70.0,62.0,,-479.0,-134.0,-868.0,306.0,-377.0
447.0,-2233.0,88.0,-3.0,,-444.0,-233.0,-840.0,693.0,-365.0
438.0,-2155.0,81.0,-73.0,,-948.0,-378.0,-757.0,457.0,-545.0
416.0,-3358.0,28.0,-95.0,,-704.0,-398.0,-441.0,-29.0,-612.0
413.0,-3420.0,0.0,-153.0,,-520.0,-378.0,-221.0,-74.0,-434.0
339.0,-3696.0,-73.0,-211.0,,-1009.0,-354.0,125.0,282.0,-357.0
229.0,-3371.0,-136.0,-131.0,,-808.0,-310.0,363.0,209.0,-436.0
233.0,-3358.0,-166.0,12.0,,-75.0,-229.0,519.0,-31.0,-454.0
206.0,-2267.0,-189.0,141.0,,-479.0,-121.0,456.0,84.0,-475.0
158.0,-808.0,-244.0,395.0,,-991.0,-70.0,62.0,6.0,-432.0
169.0,-120.0,-320.0,768.0,,-459.0,-65.0,-230.0,-103.0,-324.0
151.0,-36.0,-337.0,1051.0,,-287.0,-122.0,-650.0,365.0,-315.0
112.0,120.0,-369.0,1329.0,,-702.0,-160.0,-934.0,681.0,-295.0
106.0,1828.0,-366.0,1283.0,,-83.0,-113.0,-1164.0,313.0,-196.0
111.0,1677.0,-403.0,1032.0,,377.0,-110.0,-1330.0,-154.0,-48.0
159.0,1612.0,-416.0,837.0,,-563.0,-182.0,-1188.0,198.0,63.0
198.0,1680.0,-406.0,486.0,,-538.0,-287.0,-1010.0,389.0,73.0
254.0,1167.0,-415.0,278.0,,243.0,-342.0,-700.0,130.0,11.0
324.0,1244.0,-370.0,-4.0,,-368.0,-326.0,-593.0,-127.0,18.0
365.0,778.0,-383.0,-359.0,,-930.0,-373.0,-524.0,-641.0,221.0
420.0,-267.0,-348.0,-378.0,,-391.0,-434.0,-491.0,-230.0,314.0
419.0,92.0,-277.0,-272.0,,-423.0,-466.0,-578.0,-37.0,241.0
418.0,975.0,-238.0,-79.0,,-659.0,-467.0,-415.0,-265.0,216.0
391.0,-324.0,-204.0,-32.0,,-257.0,-359.0,-360.0,-60.0,339.0
334.0,-85.0,-191.0,98.0,,-702.0,-196.0,-205.0,-194.0,441.0
269.0,244.0,-198.0,285.0,,-1288.0,-82.0,-171.0,-196.0,334.0
237.0,-309.0,-232.0,173.0,,-179.0,-60.0,-356.0,-241.0,284.0
261.0,-474.0,-275.0,178.0,,325.0,-168.0,-613.0,-310.0,356.0
254.0,34.0,-337.0,163.0,,-784.0,-292.0,-981.0,-254.0,386.0
235.0,551.0,-390.0,193.0,,-671.0,-360.0,-995.0,-280.0,325.0
193.0,-410.0,-389.0,235.0,,-146.0,-402.0,-1060.0,-370.0,262.0
182.0,-422.0,-461.0,198.0,,-961.0,-349.0,-1080.0,-102.0,14.0
147.0,-959.0,-474.0,331.0,,-815.0,-329.0,-1086.0,354.0,-149.0
105.0,-1415.0,-430.0,413.0,,183.0,-323.0,-1090.0,504.0,-3.0
101.0,-1442.0,-436.0,407.0,,-761.0,-311.0,-748.0,636.0,-88.0
43.0,-899.0,-349.0,422.0,,-1377.0,-364.0,-339.0,771.0,-250.0
-14.0,-648.0,-285.0,451.0,,133.0,-308.0,206.0,1033.0,-151.0
-11.0,-1001.0,-237.0,298.0,,22.0,-282.0,380.0,891.0,62.0
-31.0,48.0,-170.0,148.0,,-1407.0,-344.0,299.0,708.0,163.0
-88.0,50.0,-98.0,63.0,,-666.0,-352.0,188.0,587.0,288.0
-151.0,-608.0,-96.0,12.0,,300.0,-347.0,-27.0,331.0,475.0
-173.0,-656.0,-127.0,121.0,,-507.0,-338.0,-173.0,411.0,557.0
-169.0,583.0,-95.0,217.0,,-363.0,-370.0,-522.0,253.0,708.0
-206.0,454.0,-117.0,340.0,,296.0,-373.0,-611.0,-57.0,841.0
-234.0,-200.0,-111.0,366.0,,-663.0,-358.0,-737.0,-88.0,756.0
-249.0,2.0,-121.0,217.0,,-738.0,-423.0,-866.0,167.0,570.0
-181.0,-248.0,-195.0,42.0,,340.0,-429.0,-711.0,205.0,523.0
-139.0,81.0,-193.0,-207.0,,-145.0,-395.0,-716.0,-181.0,423.0
-96.0,525.0,-222.0,-489.0,,-635.0,-419.0,-598.0,-600.0,163.0
-32.0,1983.0,-220.0,-442.0,,323.0,-513.0,-655.0,-841.0,77.0
24.0,1144.0,-174.0,-48.0,,2.0,-612.0,-776.0,-686.0,-7.0
62.0,1156.0,-148.0,218.0,,-888.0,-587.0,-916.0,-223.0,-187.0
91.0,2380.0,-83.0,245.0,,320.0,-487.0,-1123.0,-107.0,-212.0
232.0,1268.0,-80.0,165.0,,820.0,-353.0,-1191.0,-317.0,-165.0
231.0,420.0,-45.0,71.0,,-396.0,-258.0,-1332.0,-508.0,-178.0
245.0,-942.0,-84.0,152.0,,72.0,-215.0,-1217.0,-189.0,-152.0
259.0,-858.0,-124.0,249.0,,1078.0,-191.0,-1178.0,213.0,-74.0
234.0,-1713.0,-88.0,224.0,,300.0,-149.0,-1095.0,-193.0,-37.0
221.0,-2173.0,-147.0,179.0,,54.0,-87.0,-966.0,-273.0,21.0
172.0,-1813.0,-133.0,46.0,,736.0,-115.0,-999.0,-230.0,83.0
179.0,-2322.0,-177.0,-65.0,,159.0,-110.0,-803.0,-131.0,84.0
121.0,-1720.0,-185.0,-29.0,,-81.0,-64.0,-737.0,176.0,145.0
171.0,-1205.0,-214.0,114.0,,852.0,-70.0,-493.0,-121.0,225.0
186.0,644.0,-283.0,230.0,,428.0,-94.0,-230.0,-591.0,179.0
198.0,814.0,-204.0,226.0,,-43.0,-104.0,-101.0,-833.0,184.0
226.0,1405.0,-188.0,147.0,,995.0,-101.0,-75.0,-592.0,288.0
202.0,2297.0,-196.0,151.0,,874.0,-192.0,-574.0,-137.0,350.0
266.0,2646.0,-214.0,275.0,,-225.0,-272.0,-1114.0,-25.0,286.0
256.0,3346.0,-174.0,389.0,,437.0,-299.0,-1637.0,-410.0,241.0
279.0,1733.0,-177.0,276.0,,1112.0,-290.0,-1777.0,-479.0,302.0
278.0,1669.0,-198.0,115.0,,-47.0,-244.0,-1679.0,-219.0,223.0
279.0,2123.0,-210.0,134.0,,40.0,-249.0,-1620.0,-112.0,145.0
324.0,1861.0,-244.0,194.0,,1080.0,-292.0,-1302.0,-115.0,145.0
319.0,376.0,-180.0,256.0,,354.0,-374.0,-1217.0,-161.0,10.0
346.0,519.0,-233.0,260.0,,-7.0,-376.0,-1025.0,-4.0,-50.0
364.0,667.0,-252.0,300.0,,874.0,-298.0,-792.0,39.0,78.0
416.0,-706.0,-261.0,303.0,,527.0,-225.0,-720.0,227.0,115.0
424.0,-108.0,-316.0,341.0,,-242.0,-197.0,-787.0,235.0,-22.0
426.0,-935.0,-304.0,436.0,,874.0,-263.0,-1106.0,-93.0,3.0
472.0,-744.0,-320.0,463.0,,1195.0,-307.0,-1191.0,-270.0,83.0
464.0,-1479.0,-299.0,441.0,,-180.0,-348.0,-1225.0,-83.0,-105.0
533.0,-2051.0,-239.0,298.0,,213.0,-383.0,-995.0,199.0,-262.0
553.0,-1096.0,-213.0,156.0,,987.0,-355.0,-726.0,53.0,-338.0
517.0,-2154.0,-218.0,37.0,,95.0,-310.0,-589.0,54.0,-499.0
526.0,-2712.0,-198.0,-48.0,,107.0,-239.0,-415.0,8.0,-607.0
539.0,-2326.0,-195.0,-275.0,,943.0,-215.0,-624.0,76.0,-587.0
543.0,-1303.0,-185.0,-570.0,,-156.0,-215.0,-681.0,476.0,-604.0
507.0,-1356.0,-196.0,-611.0,,-581.0,-170.0,-759.0,504.0,-650.0
537.0,-1111.0,-212.0,-377.0,,852.0,-76.0,-995.0,290.0,-562.0
482.0,-1170.0,-211.0,-65.0,,406.0,14.0,-1223.0,136.0,-382.0
414.0,-535.0,-249.0,117.0,,-390.0,39.0,-1476.0,213.0,-213.0
413.0,460.0,-291.0,169.0,,654.0,70.0,-1409.0,219.0,-187.0
378.0,-1188.0,-369.0,209.0,,644.0,124.0,-1298.0,-47.0,-143.0
345.0,-924.0,-341.0,312.0,,-279.0,191.0,-946.0,-190.0,52.0
312.0,-145.0,-303.0,312.0,,646.0,240.0,-596.0,-532.0,192.0
327.0,-797.0,-314.0,247.0,,818.0,257.0,-306.0,-623.0,170.0
266.0,-771.0,-269.0,209.0,,-381.0,302.0,162.0,11.0,74.0
207.0,-805.0,-326.0,119.0,,198.0,316.0,509.0,-227.0,44.0
165.0,-955.0,-311.0,-38.0,,769.0,257.0,853.0,-529.0,51.0
105.0,-602.0,-326.0,-86.0,,264.0,157.0,709.0,-145.0,89.0
129.0,-844.0,-396.0,-42.0,,199.0,88.0,304.0,-179.0,206.0
97.0,-51.0,-398.0,9.0,,212.0,36.0,-208.0,121.0,269.0
11.0,601.0,-401.0,58.0,,-213.0,27.0,-947.0,649.0,242.0
-46.0,405.0,-353.0,-102.0,,-239.0,54.0,-1415.0,372.0,301.0
-107.0,741.0,-332.0,-242.0,,217.0,-52.0,-1631.0,-204.0,387.0
-142.0,792.0,-313.0,-191.0,,185.0,-199.0,-1389.0,0.0,256.0
-205.0,1301.0,-294.0,-99.0,,-148.0,-283.0,-1158.0,-14.0,99.0
-254.0,557.0,-208.0,-114.0,,184.0,-259.0,-918.0,-7.0,138.0
-221.0,1031.0,-186.0,-157.0,,1035.0,-194.0,-593.0,518.0,122.0
-197.0,318.0,-120.0,-127.0,,324.0,-210.0,-517.0,426.0,-50.0
-181.0,-1452.0,-57.0,-261.0,,-397.0,-189.0,-299.0,168.0,-71.0
-211.0,-861.0,-26.0,-482.0,,817.0,-180.0,-186.0,162.0,-59.0
-203.0,-333.0,72.0,-626.0,,548.0,-195.0,66.0,505.0,-243.0
-202.0,-1146.0,51.0,-635.0,,-198.0,-200.0,194.0,214.0,-215.0
-195.0,-1856.0,66.0,-556.0,,993.0,-207.0,40.0,-14.0,-90.0
-147.0,436.0,78.0,-411.0,,711.0,-188.0,-44.0,-94.0,-164.0
-141.0,85.0,113.0,-160.0,,-110.0,-138.0,-284.0,-398.0,-169.0
-55.0,-299.0,101.0,-69.0,,1325.0,-50.0,-201.0,-92.0,9.0
-12.0,429.0,74.0,-89.0,,1145.0,-29.0,-60.0,-282.0,73.0
-36.0,-78.0,90.0,-84.0,,-340.0,-12.0,73.0,-42.0,-37.0
-78.0,559.0,48.0,-91.0,,746.0,57.0,105.0,47.0,-19.0
-78.0,837.0,33.0,87.0,,1141.0,96.0,-131.0,-91.0,56.0
-63.0,166.0,-24.0,214.0,,102.0,116.0,1.0,123.0,83.0
-71.0,-425.0,-48.0,74.0,,615.0,66.0,-3.0,-262.0,51.0
-48.0,601.0,-31.0,-132.0,,839.0,-10.0,-70.0,-307.0,62.0
-58.0,-140.0,-5.0,-193.0,,448.0,-40.0,-182.0,-375.0,89.0
-49.0,-446.0,-47.0,-109.0,,962.0,-34.0,-351.0,-647.0,65.0
-57.0,-925.0,-91.0,-217.0,,1176.0,-15.0,-284.0,-625.0,198.0
-86.0,-2270.0,-24.0,-278.0,,788.0,-44.0,-360.0,-775.0,354.0
-102.0,-1051.0,-51.0,-233.0,,544.0,-20.0,-254.0,-1077.0,363.0
-81.0,-840.0,-98.0,-208.0,,807.0,54.0,-194.0,-827.0,343.0
-69.0,-2121.0,-120.0,-82.0,,1204.0,135.0,-107.0,-738.0,455.0
-113.0,-1592.0,-151.0,-56.0,,648.0,227.0,59.0,-769.0,580.0
-153.0,-159.0,-173.0,-57.0,,544.0,250.0,273.0,-643.0,584.0
-162.0,65.0,-204.0,-24.0,,1383.0,285.0,711.0,-674.0,563.0
-140.0,142.0,-267.0,0.0,,669.0,283.0,659.0,-362.0,647.0
-123.0,-687.0,-298.0,74.0,,200.0,218.0,441.0,-329.0,768.0
-163.0,-96.0,-224.0,112.0,,1403.0,155.0,131.0,-525.0,668.0
-225.0,1365.0,-202.0,62.0,,772.0,67.0,-212.0,-664.0,563.0
-271.0,1080.0,-185.0,88.0,,73.0,-26.0,-408.0,-418.0,528.0
-286.0,424.0,-140.0,162.0,,1373.0,-101.0,-589.0,-71.0,355.0
-306.0,1555.0,-156.0,70.0,,709.0,-63.0,-461.0,91.0,183.0
-334.0,2452.0,-196.0,-110.0,,-278.0,8.0,-452.0,218.0,111.0
-246.0,1230.0,-221.0,-335.0,,881.0,15.0,-349.0,171.0,22.0
-176.0,1920.0,-262.0,-418.0,,648.0,-20.0,-253.0,221.0,-101.0
-159.0,1935.0,-226.0,-309.0,,139.0,-60.0,-282.0,221.0,-50.0
-176.0,1989.0,-127.0,-242.0,,1164.0,-64.0,-153.0,224.0,119.0
-121.0,2338.0,-99.0,-90.0,,1010.0,-85.0,-155.0,23.0,124.0
6.0,1155.0,-69.0,-75.0,,427.0,-56.0,22.0,55.0,88.0
21.0,2018.0,-67.0,-259.0,,1145.0,-1.0,90.0,0.0,205.0
37.0,1952.0,-88.0,-375.0,,1363.0,-32.0,173.0,-25.0,305.0
45.0,987.0,-140.0,-494.0,,759.0,-118.0,240.0,185.0,272.0
64.0,2275.0,-205.0,-503.0,,984.0,-201.0,42.0,-6.0,263.0
58.0,2003.0,-235.0,-478.0,,1378.0,-237.0,75.0,212.0,365.0
21.0,-446.0,-289.0,-382.0,,1016.0,-250.0,107.0,206.0,461.0
-47.0,524.0,-320.0,-161.0,,820.0,-269.0,362.0,1.0,444.0
-145.0,2290.0,-410.0,-113.0,,1300.0,-276.0,511.0,86.0,417.0
-195.0,413.0,-483.0,-118.0,,1204.0,-268.0,351.0,167.0,415.0
-220.0,-226.0,-471.0,-34.0,,657.0,-266.0,219.0,520.0,213.0
-263.0,880.0,-508.0,15.0,,1253.0,-270.0,107.0,446.0,76.0
-320.0,-112.0,-429.0,-136.0,,1277.0,-263.0,254.0,248.0,139.0
-340.0,-1131.0,-362.0,-429.0,,677.0,-236.0,140.0,472.0,18.0
-376.0,-677.0,-299.0,-531.0,,1484.0,-215.0,-92.0,217.0,-116.0
-367.0,-619.0,-199.0,-671.0,,1492.0,-203.0,-277.0,56.0,-46.0
-394.0,-256.0,-194.0,-817.0,,505.0,-179.0,-365.0,222.0,56.0
-446.0,-34.0,-162.0,-826.0,,1118.0,-149.0,22.0,138.0,51.0
-442.0,323.0,-156.0,-899.0,,1544.0,-94.0,441.0,279.0,16.0
-382.0,784.0,-88.0,-777.0,,982.0,-58.0,792.0,20.0,112.0
-389.0,-175.0,-5.0,-517.0,,1416.0,-59.0,615.0,-227.0,281.0
-441.0,-408.0,8.0,-299.0,,1271.0,-47.0,182.0,301.0,376.0
-354.0,-193.0,50.0,-71.0,,522.0,-40.0,-3.0,648.0,472.0
-262.0,-42.0,73.0,70.0,,1068.0,-12.0,-120.0,675.0,612.0
-176.0,-757.0,53.0,87.0,,1149.0,43.0,182.0,584.0,576.0
-132.0,-1117.0,18.0,-3.0,,857.0,68.0,509.0,16.0,470.0
-128.0,-655.0,-26.0,-238.0,,1327.0,127.0,833.0,-336.0,467.0
-108.0,-512.0,-63.0,-472.0,,1192.0,179.0,885.0,-368.0,309.0
-56.0,324.0,-105.0,-608.0,,966.0,173.0,570.0,-413.0,31.0
-66.0,-1047.0,-148.0,-563.0,,1074.0,183.0,423.0,-293.0,-54.0
-111.0,-2065.0,-215.0,-378.0,,781.0,183.0,199.0,-1032.0,-59.0
-123.0,-1003.0,-244.0,-267.0,,810.0,182.0,129.0,-1209.0,-183.0
-140.0,361.0,-226.0,-321.0,,937.0,122.0,51.0,-488.0,-322.0
-197.0,526.0,-299.0,-431.0,,703.0,38.0,238.0,-235.0,-341.0
-322.0,62.0,-286.0,-232.0,,922.0,-6.0,644.0,-261.0,-282.0
-396.0,798.0,-231.0,51.0,,891.0,-91.0,672.0,-740.0,-303.0
-489.0,99.0,-208.0,115.0,,195.0,-192.0,519.0,-564.0,-285.0
-512.0,467.0,-136.0,117.0,,346.0,-271.0,107.0,-212.0,-157.0
-576.0,1018.0,-114.0,152.0,,853.0,-331.0,14.0,-152.0,-152.0
-608.0,535.0,-97.0,41.0,,880.0,-411.0,142.0,-186.0,-193.0
-586.0,531.0,-60.0,-141.0,,891.0,-524.0,319.0,-350.0,-149.0
-580.0,844.0,-21.0,-127.0,,721.0,-581.0,569.0,112.0,-192.0
-528.0,1604.0,0.0,-139.0,,757.0,-550.0,497.0,482.0,-402.0
-578.0,-57.0,40.0,-393.0,,767.0,-486.0,463.0,563.0,-463.0
-553.0,-1905.0,77.0,-702.0,,606.0,-409.0,291.0,140.0,-393.0
-547.0,-1996.0,77.0,-918.0,,1127.0,-363.0,295.0,-567.0,-524.0
-507.0,-814.0,74.0,-1037.0,,1187.0,-335.0,236.0,-247.0,-718.0
-479.0,-318.0,37.0,-999.0,,557.0,-299.0,-70.0,108.0,-776.0
-449.0,-1597.0,-14.0,-991.0,,848.0,-319.0,-158.0,-257.0,-826.0
-369.0,-989.0,-59.0,-1086.0,,1030.0,-388.0,-395.0,-333.0,-982.0
-306.0,869.0,-115.0,-1127.0,,754.0,-439.0,-234.0,-535.0,-1025.0
-232.0,2149.0,-195.0,-1010.0,,1133.0,-462.0,242.0,-464.0,-1008.0
-245.0,1847.0,-251.0,-560.0,,930.0,-461.0,833.0,81.0,-1047.0
-192.0,706.0,-262.0,-211.0,,435.0,-423.0,1219.0,32.0,-1036.0
-179.0,1666.0,-290.0,-100.0,,753.0,-406.0,864.0,-424.0,-955.0
-159.0,2951.0,-316.0,87.0,,651.0,-355.0,388.0,-705.0,-914.0
-154.0,2233.0,-295.0,207.0,,271.0,-251.0,-157.0,-607.0,-977.0
-130.0,739.0,-209.0,366.0,,535.0,-150.0,-380.0,-261.0,-926.0
-154.0,-652.0,-126.0,243.0,,520.0,-44.0,-338.0,-96.0,-834.0
-220.0,-407.0,-107.0,68.0,,263.0,-10.0,-297.0,-668.0,-859.0
-201.0,376.0,-83.0,11.0,,610.0,-1.0,-184.0,-431.0,-834.0
-307.0,-10.0,-53.0,-140.0,,870.0,40.0,-197.0,69.0,-673.0
-393.0,-443.0,-41.0,-121.0,,755.0,100.0,190.0,486.0,-538.0
-475.0,-992.0,-5.0,-293.0,,486.0,109.0,509.0,700.0,-499.0
-487.0,227.0,-23.0,-255.0,,340.0,35.0,546.0,-343.0,-452.0
-479.0,-394.0,-16.0,-218.0,,315.0,-4.0,423.0,-201.0,-420.0
-525.0,-2527.0,19.0,-422.0,,77.0,-77.0,138.0,-354.0,-456.0
-559.0,-1777.0,-46.0,-423.0,,194.0,-193.0,116.0,-390.0,-417.0
-545.0,-1877.0,-77.0,-530.0,,335.0,-258.0,62.0,121.0,-290.0
-474.0,-1733.0,-125.0,-581.0,,98.0,-278.0,463.0,-421.0,-292.0
-489.0,-1506.0,-184.0,-574.0,,316.0,-290.0,1016.0,-300.0,-333.0
-510.0,-1720.0,-221.0,-543.0,,321.0,-284.0,1160.0,-417.0,-214.0
-540.0,-1531.0,-335.0,-401.0,,-332.0,-256.0,1008.0,-154.0,22.0
-520.0,-640.0,-439.0,-304.0,,-61.0,-243.0,613.0,178.0,157.0
-459.0,420.0,-499.0,-345.0,,233.0,-210.0,752.0,-165.0,207.0
-433.0,-824.0,-548.0,-201.0,,-225.0,-159.0,918.0,-380.0,367.0
-401.0,-447.0,-606.0,111.0,,-8.0,-160.0,903.0,-177.0,520.0
-309.0,210.0,-611.0,175.0,,76.0,-220.0,870.0,330.0,540.0
-222.0,-572.0,-571.0,93.0,,-171.0,-265.0,833.0,35.0,537.0
-202.0,-688.0,-536.0,-72.0,,-12.0,-266.0,984.0,144.0,558.0
-186.0,-373.0,-465.0,-115.0,,45.0,-249.0,866.0,-33.0,438.0
-149.0,168.0,-430.0,-188.0,,46.0,-228.0,853.0,-25.0,341.0
-98.0,-594.0,-373.0,-387.0,,93.0,-251.0,746.0,603.0,417.0
-125.0,-711.0,-321.0,-463.0,,-91.0,-262.0,580.0,187.0,352.0
-220.0,-151.0,-340.0,-561.0,,-79.0,-185.0,615.0,98.0,189.0
-265.0,-445.0,-295.0,-609.0,,-31.0,-103.0,692.0,222.0,191.0
-238.0,-1200.0,-288.0,-578.0,,-507.0,4.0,1053.0,311.0,265.0
-232.0,-678.0,-277.0,-625.0,,-321.0,127.0,1023.0,125.0,261.0
-231.0,502.0,-224.0,-691.0,,101.0,191.0,748.0,-166.0,246.0
-201.0,337.0,-243.0,-595.0,,-171.0,269.0,463.0,-35.0,231.0
-166.0,989.0,-202.0,-574.0,,-147.0,371.0,271.0,-293.0,192.0
-154.0,912.0,-147.0,-781.0,,-584.0,437.0,419.0,-208.0,104.0
-112.0,1194.0,-163.0,-892.0,,-1238.0,461.0,558.0,239.0,-71.0
-86.0,1354.0,-167.0,-818.0,,-847.0,476.0,661.0,295.0,-200.0
-123.0,835.0,-235.0,-679.0,,-664.0,453.0,347.0,-9.0,-286.0
-37.0,1978.0,-264.0,-550.0,,-722.0,381.0,182.0,-86.0,-399.0
56.0,1133.0,-264.0,-452.0,,-402.0,349.0,269.0,218.0,-429.0
14.0,1235.0,-306.0,-356.0,,-588.0,349.0,181.0,198.0,-471.0
-27.0,1265.0,-338.0,-227.0,,-653.0,347.0,286.0,44.0,-560.0
32.0,-486.0,-374.0,-130.0,,-121.0,350.0,273.0,-37.0,-566.0
88.0,-764.0,-339.0,-61.0,,-62.0,361.0,487.0,-47.0,-588.0
108.0,-1062.0,-317.0,-93.0,,-310.0,316.0,707.0,-121.0,-641.0
122.0,-728.0,-306.0,-150.0,,-487.0,266.0,659.0,-154.0,-710.0
113.0,-1493.0,-278.0,-124.0,,-561.0,261.0,554.0,427.0,-743.0
133.0,-2007.0,-249.0,-86.0,,-327.0,216.0,232.0,-40.0,-665.0
122.0,-812.0,-247.0,-10.0,,-255.0,197.0,223.0,-367.0,-627.0
71.0,-393.0,-296.0,49.0,,-379.0,186.0,336.0,421.0,-681.0
31.0,-350.0,-274.0,114.0,,-522.0,185.0,613.0,48.0,-700.0
84.0,-1049.0,-269.0,128.0,,-701.0,202.0,920.0,-41.0,-632.0
116.0,-462.0,-230.0,46.0,,-575.0,204.0,1006.0,286.0,-669.0
65.0,1429.0,-185.0,-238.0,,-655.0,222.0,973.0,139.0,-702.0
57.0,1103.0,-242.0,-535.0,,-914.0,204.0,491.0,-403.0,-622.0
-21.0,702.0,-227.0,-350.0,,-431.0,223.0,299.0,-446.0,-636.0
-109.0,1409.0,-223.0,-144.0,,-232.0,260.0,362.0,-201.0,-703.0
-135.0,791.0,-223.0,-133.0,,-555.0,302.0,493.0,-649.0,-720.0
-155.0,744.0,-211.0,-149.0,,-191.0,372.0,692.0,-858.0,-716.0
-143.0,1143.0,-239.0,-283.0,,-172.0,331.0,691.0,-979.0,-792.0
-91.0,343.0,-270.0,-215.0,,-726.0,246.0,777.0,-366.0,-861.0
-35.0,124.0,-316.0,-51.0,,-557.0,190.0,574.0,22.0,-897.0
-60.0,320.0,-346.0,6.0,,-477.0,124.0,375.0,-27.0,-1008.0
-59.0,188.0,-453.0,-76.0,,-784.0,81.0,212.0,-136.0,-1130.0
-25.0,-1361.0,-536.0,-200.0,,-555.0,42.0,24.0,-529.0,-1134.0
39.0,-2093.0,-546.0,-176.0,,-314.0,17.0,114.0,-239.0,-1079.0
90.0,-602.0,-582.0,-149.0,,-273.0,46.0,288.0,21.0,-1077.0
65.0,-753.0,-581.0,-173.0,,-139.0,66.0,654.0,193.0,-977.0
189.0,-1106.0,-547.0,-371.0,,-365.0,71.0,609.0,-324.0,-870.0
295.0,-980.0,-500.0,-518.0,,-477.0,100.0,424.0,-783.0,-791.0
285.0,-960.0,-478.0,-570.0,,-212.0,137.0,347.0,43.0,-589.0
323.0,-57.0,-498.0,-494.0,,-532.0,186.0,223.0,224.0,-368.0
392.0,925.0,-495.0,-303.0,,-968.0,231.0,384.0,-544.0,-213.0
405.0,1325.0,-513.0,-111.0,,-913.0,196.0,384.0,-800.0,-134.0
435.0,575.0,-519.0,99.0,,-770.0,141.0,434.0,-656.0,26.0
472.0,755.0,-533.0,128.0,,-414.0,81.0,430.0,-242.0,245.0
410.0,915.0,-615.0,187.0,,-346.0,-45.0,424.0,299.0,382.0
447.0,88.0,-616.0,215.0,,-646.0,-104.0,609.0,-34.0,525.0
514.0,-370.0,-602.0,261.0,,-509.0,-118.0,580.0,-346.0,583.0
471.0,-377.0,-620.0,242.0,,-653.0,-180.0,583.0,155.0,510.0
379.0,144.0,-568.0,2.0,,-824.0,-234.0,375.0,706.0,478.0
340.0,110.0,-478.0,-262.0,,-404.0,-223.0,138.0,783.0,461.0
269.0,-250.0,-401.0,-316.0,,-692.0,-221.0,-75.0,460.0,336.0
158.0,-989.0,-377.0,-233.0,,-1165.0,-248.0,-334.0,-133.0,150.0
134.0,-1408.0,-345.0,-153.0,,-1063.0,-210.0,-214.0,-337.0,89.0
73.0,-1176.0,-340.0,161.0,,-1062.0,-155.0,62.0,212.0,141.0
38.0,-731.0,-353.0,286.0,,-774.0,-99.0,388.0,174.0,102.0
57.0,-289.0,-344.0,224.0,,-707.0,-74.0,460.0,-320.0,57.0
82.0,-240.0,-401.0,304.0,,-1432.0,-103.0,583.0,-416.0,155.0
22.0,53.0,-406.0,453.0,,-1302.0,-137.0,796.0,14.0,201.0
37.0,787.0,-404.0,522.0,,-941.0,-139.0,894.0,206.0,108.0
110.0,514.0,-453.0,296.0,,-1329.0,-128.0,1095.0,-34.0,138.0
97.0,-843.0,-479.0,15.0,,-1056.0,-158.0,866.0,-77.0,231.0
119.0,-334.0,-490.0,-81.0,,-1151.0,-196.0,543.0,-34.0,154.0
160.0,7.0,-456.0,-84.0,,-1527.0,-191.0,112.0,159.0,73.0
225.0,92.0,-422.0,-104.0,,-1036.0,-130.0,-404.0,-37.0,126.0
266.0,242.0,-428.0,-214.0,,-1208.0,-92.0,-607.0,127.0,130.0
336.0,-479.0,-438.0,-221.0,,-1318.0,-85.0,-805.0,116.0,-6.0
340.0,-535.0,-417.0,97.0,,-758.0,-1.0,-774.0,-409.0,-6.0
341.0,-1167.0,-421.0,624.0,,-1046.0,113.0,-783.0,-351.0,105.0
383.0,-783.0,-421.0,812.0,,-1068.0,187.0,-526.0,15.0,70.0
367.0,-1163.0,-429.0,467.0,,-578.0,255.0,53.0,40.0,96.0
281.0,-1350.0,-425.0,286.0,,-1011.0,250.0,443.0,-539.0,217.0
208.0,-107.0,-345.0,394.0,,-1095.0,201.0,742.0,-343.0,284.0
221.0,-68.0,-267.0,338.0,,-922.0,141.0,635.0,80.0,371.0
131.0,163.0,-187.0,96.0,,-1258.0,-30.0,548.0,406.0,542.0
61.0,-432.0,-167.0,-20.0,,-1026.0,-238.0,389.0,443.0,662.0
51.0,-573.0,-129.0,-11.0,,-980.0,-428.0,253.0,267.0,662.0
67.0,-128.0,-148.0,0.0,,-1049.0,-556.0,349.0,402.0,756.0
26.0,8.0,-247.0,96.0,,-844.0,-576.0,240.0,309.0,854.0
-5.0,-245.0,-300.0,131.0,,-1232.0,-534.0,330.0,484.0,823.0
0.0,-523.0,-402.0,154.0,,-1166.0,-478.0,373.0,377.0,748.0
-20.0,-69.0,-444.0,244.0,,-856.0,-401.0,447.0,137.0,669.0
20.0,-102.0,-530.0,271.0,,-1303.0,-263.0,413.0,62.0,554.0
49.0,324.0,-612.0,333.0,,-1220.0,-175.0,60.0,319.0,414.0
21.0,304.0,-634.0,541.0,,-1045.0,-132.0,-336.0,330.0,306.0
-9.0,885.0,-627.0,652.0,,-1443.0,-7.0,-731.0,9.0,207.0
78.0,1630.0,-584.0,629.0,,-1286.0,148.0,-412.0,137.0,67.0
94.0,1525.0,-611.0,603.0,,-1459.0,216.0,-40.0,114.0,-93.0
92.0,2256.0,-589.0,615.0,,-1761.0,210.0,-12.0,50.0,-93.0
188.0,2140.0,-624.0,533.0,,-1204.0,155.0,-59.0,-2.0,-66.0
237.0,2491.0,-635.0,260.0,,-1162.0,77.0,-245.0,-154.0,-91.0
198.0,2774.0,-651.0,68.0,,-1358.0,37.0,-194.0,-378.0,18.0
229.0,2306.0,-694.0,7.0,,-1149.0,63.0,-254.0,-645.0,185.0
260.0,1636.0,-688.0,3.0,,-1314.0,112.0,-164.0,-606.0,319.0
200.0,761.0,-649.0,43.0,,-1440.0,81.0,7.0,-76.0,439.0
280.0,1628.0,-616.0,86.0,,-1113.0,86.0,-90.0,-115.0,621.0
266.0,1299.0,-619.0,133.0,,-1087.0,232.0,-264.0,-485.0,744.0
204.0,381.0,-535.0,196.0,,-1235.0,377.0,-469.0,-308.0,817.0
173.0,523.0,-544.0,-117.0,,-1332.0,436.0,-395.0,-45.0,952.0
131.0,254.0,-520.0,-500.0,,-1391.0,457.0,-347.0,257.0,1054.0
74.0,62.0,-457.0,-297.0,,-975.0,546.0,-138.0,266.0,1016.0
10.0,-1002.0,-480.0,-73.0,,-943.0,632.0,103.0,325.0,958.0
52.0,-2018.0,-437.0,-38.0,,-1328.0,607.0,173.0,413.0,1018.0
63.0,-1963.0,-423.0,-61.0,,-1213.0,553.0,266.0,96.0,921.0
105.0,-817.0,-457.0,-11.0,,-1022.0,466.0,-1.0,428.0,770.0
150.0,-548.0,-469.0,188.0,,-1105.0,321.0,-147.0,841.0,834.0
144.0,-1670.0,-489.0,228.0,,-1175.0,183.0,-325.0,401.0,906.0
151.0,-1250.0,-521.0,120.0,,-1310.0,146.0,-631.0,122.0,842.0
213.0,-872.0,-545.0,-112.0,,-1408.0,176.0,-729.0,286.0,840.0
277.0,-273.0,-566.0,-358.0,,-1078.0,183.0,-569.0,311.0,976.0
284.0,73.0,-591.0,-496.0,,-1066.0,210.0,11.0,-169.0,1006.0
329.0,-347.0,-617.0,-609.0,,-1227.0,261.0,424.0,-80.0,1011.0
406.0,544.0,-644.0,-809.0,,-876.0,344.0,735.0,-48.0,1135.0
406.0,1000.0,-639.0,-903.0,,-832.0,413.0,561.0,-358.0,1211.0
387.0,1609.0,-652.0,-637.0,,-1027.0,420.0,-136.0,175.0,1124.0
417.0,752.0,-638.0,-370.0,,-842.0,400.0,-670.0,393.0,1131.0
398.0,994.0,-574.0,-92.0,,-719.0,342.0,-1221.0,220.0,1180.0
378.0,2501.0,-554.0,164.0,,-811.0,277.0,-1295.0,-81.0,960.0
373.0,2156.0,-478.0,189.0,,-1008.0,237.0,-1151.0,415.0,775.0
332.0,3064.0,-387.0,383.0,,-1277.0,189.0,-914.0,972.0,717.0
244.0,1176.0,-273.0,644.0,,-1032.0,85.0,-498.0,698.0,602.0
197.0,605.0,-190.0,806.0,,-783.0,-17.0,-264.0,497.0,462.0
146.0,1374.0,-154.0,821.0,,-932.0,-56.0,68.0,221.0,376.0
63.0,-107.0,-102.0,757.0,,-876.0,-21.0,262.0,719.0,340.0
57.0,1005.0,-114.0,790.0,,-979.0,102.0,537.0,753.0,307.0
34.0,860.0,-158.0,679.0,,-882.0,260.0,576.0,360.0,366.0
14.0,-402.0,-221.0,491.0,,-577.0,403.0,66.0,236.0,411.0
7.0,-71.0,-232.0,414.0,,-866.0,576.0,-668.0,-38.0,428.0
-35.0,920.0,-235.0,502.0,,-958.0,785.0,-1467.0,116.0,482.0
-96.0,-531.0,-241.0,603.0,,-994.0,929.0,-1557.0,58.0,605.0
-88.0,-1914.0,-235.0,589.0,,-1300.0,998.0,-1234.0,237.0,805.0
-55.0,-226.0,-222.0,334.0,,-684.0,1005.0,-509.0,64.0,937.0
-99.0,-21.0,-162.0,-25.0,,-203.0,925.0,319.0,-134.0,1047.0
-102.0,-544.0,-165.0,-114.0,,-330.0,795.0,458.0,327.0,1173.0
-48.0,-277.0,-147.0,25.0,,7.0,645.0,242.0,681.0,1350.0
-2.0,149.0,-183.0,268.0,,-178.0,550.0,-279.0,890.0,1407.0
-24.0,97.0,-252.0,404.0,,-294.0,505.0,-487.0,484.0,1337.0
-18.0,432.0,-242.0,284.0,,-68.0,477.0,-345.0,773.0,1294.0
25.0,930.0,-293.0,22.0,,-502.0,432.0,-99.0,1078.0,1214.0
10.0,1033.0,-308.0,-9.0,,-564.0,408.0,201.0,849.0,1132.0
3.0,439.0,-290.0,143.0,,-562.0,473.0,127.0,1087.0,984.0
14.0,31.0,-265.0,155.0,,-597.0,565.0,96.0,777.0,779.0
24.0,1435.0,-273.0,121.0,,84.0,638.0,-35.0,459.0,512.0
7.0,486.0,-275.0,176.0,,100.0,676.0,-223.0,561.0,346.0
76.0,-952.0,-231.0,176.0,,-47.0,710.0,-609.0,798.0,327.0
124.0,-590.0,-217.0,93.0,,184.0,690.0,-1158.0,662.0,197.0
106.0,-392.0,-223.0,239.0,,-290.0,619.0,-1230.0,253.0,-3.0
143.0,-240.0,-260.0,449.0,,-300.0,554.0,-1097.0,59.0,-59.0
144.0,-565.0,-311.0,477.0,,-120.0,462.0,-716.0,-119.0,-44.0
167.0,-425.0,-363.0,339.0,,-185.0,387.0,-304.0,23.0,-62.0
197.0,-988.0,-388.0,137.0,,127.0,338.0,280.0,-39.0,101.0
206.0,-1632.0,-424.0,219.0,,-221.0,280.0,920.0,54.0,215.0
186.0,-1379.0,-446.0,516.0,,-441.0,186.0,1040.0,98.0,163.0
237.0,-1412.0,-437.0,687.0,,-32.0,177.0,801.0,-169.0,242.0
274.0,-1844.0,-384.0,689.0,,-33.0,207.0,-66.0,88.0,365.0
210.0,-2086.0,-319.0,560.0,,275.0,216.0,-1034.0,74.0,324.0
241.0,78.0,-270.0,390.0,,463.0,268.0,-1655.0,7.0,248.0
293.0,1329.0,-181.0,307.0,,22.0,320.0,-1742.0,48.0,335.0
254.0,533.0,-89.0,311.0,,308.0,395.0,-1274.0,137.0,431.0
131.0,1245.0,12.0,270.0,,291.0,419.0,-849.0,416.0,436.0
100.0,1570.0,54.0,112.0,,-4.0,445.0,-319.0,593.0,498.0
76.0,1551.0,104.0,200.0,,415.0,524.0,105.0,450.0,659.0
27.0,1084.0,208.0,612.0,,192.0,528.0,757.0,37.0,654.0
26.0,556.0,242.0,801.0,,187.0,465.0,1476.0,528.0,553.0
17.0,231.0,312.0,674.0,,389.0,418.0,1518.0,807.0,593.0
41.0,-1162.0,350.0,556.0,,-15.0,353.0,1186.0,527.0,586.0
48.0,-1242.0,386.0,499.0,,286.0,235.0,404.0,687.0,505.0
86.0,-1614.0,431.0,449.0,,298.0,187.0,-352.0,623.0,437.0
65.0,-2597.0,408.0,455.0,,-84.0,219.0,-971.0,794.0,345.0
62.0,-2940.0,411.0,403.0,,196.0,283.0,-1359.0,1139.0,225.0
97.0,-2074.0,296.0,275.0,,-56.0,311.0,-1365.0,1073.0,172.0
93.0,-1114.0,234.0,244.0,,-76.0,306.0,-1395.0,656.0,212.0
63.0,-1090.0,204.0,298.0,,397.0,342.0,-1223.0,484.0,289.0
-1.0,-485.0,102.0,290.0,,133.0,408.0,-1201.0,907.0,344.0
5.0,-31.0,116.0,165.0,,259.0,546.0,-923.0,1140.0,381.0
15.0,1347.0,139.0,105.0,,521.0,629.0,-182.0,1065.0,520.0
45.0,1508.0,189.0,235.0,,484.0,595.0,519.0,719.0,643.0
64.0,1264.0,251.0,366.0,,924.0,546.0,1001.0,339.0,604.0
79.0,1475.0,276.0,426.0,,840.0,488.0,637.0,315.0,569.0
108.0,1325.0,334.0,550.0,,726.0,433.0,75.0,360.0,536.0
80.0,1547.0,304.0,764.0,,903.0,331.0,-304.0,326.0,398.0
12.0,611.0,296.0,988.0,,392.0,227.0,-456.0,-32.0,187.0
0.0,-585.0,287.0,1038.0,,443.0,170.0,-334.0,-504.0,-53.0
16.0,-1495.0,242.0,898.0,,545.0,132.0,-345.0,-229.0,-169.0
-56.0,-18.0,324.0,846.0,,381.0,130.0,-116.0,161.0,-277.0
-82.0,-225.0,311.0,833.0,,846.0,115.0,35.0,-223.0,-415.0
-134.0,-1523.0,327.0,521.0,,450.0,93.0,221.0,-254.0,-369.0
-213.0,-1316.0,400.0,0.0,,220.0,77.0,373.0,-464.0,-316.0
-217.0,-1955.0,389.0,-349.0,,747.0,55.0,195.0,-629.0,-322.0
-192.0,-1391.0,387.0,-519.0,,596.0,65.0,68.0,-28.0,-190.0
-157.0,-2073.0,384.0,-470.0,,816.0,116.0,-25.0,-280.0,3.0
-68.0,-2143.0,353.0,-387.0,,875.0,205.0,258.0,-501.0,-5.0
43.0,-2446.0,345.0,-499.0,,164.0,328.0,471.0,-434.0,-80.0
68.0,-3259.0,294.0,-521.0,,321.0,397.0,517.0,-58.0,-37.0
93.0,-2415.0,165.0,-333.0,,469.0,403.0,380.0,472.0,-17.0
108.0,-2679.0,115.0,60.0,,291.0,414.0,-107.0,632.0,-40.0
64.0,-2380.0,17.0,272.0,,851.0,363.0,-463.0,565.0,-90.0
32.0,-1484.0,-27.0,191.0,,743.0,286.0,-964.0,115.0,-134.0
50.0,696.0,-53.0,208.0,,551.0,260.0,-1049.0,612.0,-179.0
57.0,1748.0,-129.0,411.0,,915.0,244.0,-901.0,927.0,-221.0
15.0,1266.0,-104.0,581.0,,505.0,235.0,-696.0,1039.0,-223.0
19.0,2459.0,-86.0,543.0,,537.0,159.0,-99.0,936.0,-235.0
76.0,3205.0,-92.0,335.0,,892.0,63.0,310.0,252.0,-309.0
98.0,3119.0,-81.0,179.0,,676.0,9.0,663.0,707.0,-377.0
107.0,1793.0,-25.0,87.0,,871.0,-23.0,663.0,880.0,-339.0
172.0,1903.0,1.0,-103.0,,493.0,51.0,450.0,605.0,-366.0
195.0,3130.0,45.0,-188.0,,217.0,148.0,293.0,738.0,-511.0
177.0,1842.0,87.0,-190.0,,1199.0,203.0,190.0,802.0,-594.0
182.0,650.0,88.0,-44.0,,1161.0,223.0,171.0,803.0,-630.0
152.0,-23.0,116.0,161.0,,682.0,210.0,-11.0,1032.0,-681.0
135.0,156.0,103.0,147.0,,715.0,235.0,14.0,1106.0,-716.0
144.0,556.0,114.0,110.0,,525.0,250.0,-116.0,706.0,-675.0
137.0,-71.0,161.0,159.0,,897.0,257.0,-341.0,611.0,-565.0
104.0,305.0,212.0,157.0,,911.0,272.0,-561.0,568.0,-465.0
105.0,898.0,228.0,146.0,,536.0,213.0,-801.0,582.0,-301.0
152.0,222.0,225.0,200.0,,1201.0,81.0,-582.0,475.0,-82.0
149.0,-422.0,231.0,131.0,,1367.0,-32.0,-301.0,1.0,-12.0
122.0,396.0,178.0,154.0,,897.0,-111.0,114.0,-316.0,25.0
133.0,309.0,180.0,299.0,,1028.0,-179.0,439.0,-188.0,144.0
172.0,-128.0,144.0,352.0,,739.0,-184.0,559.0,-161.0,139.0
189.0,853.0,104.0,226.0,,803.0,-143.0,652.0,-472.0,33.0
195.0,1420.0,137.0,-37.0,,1131.0,-117.0,428.0,-292.0,-10.0
173.0,728.0,120.0,-38.0,,692.0,-82.0,275.0,-279.0,-71.0
196.0,-633.0,146.0,160.0,,1120.0,-64.0,60.0,-91.0,-237.0
212.0,-236.0,219.0,247.0,,1457.0,-98.0,-70.0,-72.0,-407.0
139.0,177.0,239.0,194.0,,1004.0,-165.0,-46.0,-138.0,-484.0
50.0,-1221.0,313.0,169.0,,1194.0,-182.0,-83.0,39.0,-526.0
20.0,-1555.0,406.0,194.0,,1059.0,-102.0,210.0,-644.0,-611.0
78.0,-637.0,412.0,225.0,,868.0,-28.0,526.0,-593.0,-647.0
68.0,-1080.0,445.0,325.0,,1399.0,-10.0,837.0,-305.0,-699.0
101.0,-2001.0,469.0,292.0,,1285.0,-32.0,907.0,-360.0,-851.0
174.0,-2156.0,451.0,132.0,,1228.0,-88.0,585.0,-858.0,-965.0
191.0,-2090.0,426.0,33.0,,1360.0,-153.0,262.0,-1042.0,-1114.0
158.0,-1943.0,428.0,-31.0,,710.0,-165.0,81.0,-451.0,-1248.0
103.0,-1792.0,431.0,-117.0,,782.0,-122.0,271.0,-744.0,-1301.0
82.0,108.0,422.0,-63.0,,982.0,-65.0,295.0,-447.0,-1358.0
42.0,143.0,429.0,121.0,,702.0,10.0,48.0,-232.0,-1345.0
30.0,-1683.0,431.0,149.0,,941.0,-11.0,-369.0,-155.0,-1315.0
-37.0,-1096.0,400.0,142.0,,724.0,-83.0,-742.0,152.0,-1330.0
-60.0,-97.0,421.0,184.0,,735.0,-105.0,-642.0,156.0,-1305.0
-64.0,350.0,395.0,376.0,,1088.0,-132.0,-450.0,706.0,-1268.0
-135.0,615.0,337.0,555.0,,600.0,-119.0,-48.0,149.0,-1338.0
-152.0,882.0,339.0,623.0,,740.0,-64.0,273.0,-402.0,-1380.0
-129.0,384.0,262.0,823.0,,990.0,-15.0,397.0,214.0,-1339.0
-127.0,-233.0,245.0,749.0,,499.0,-30.0,517.0,451.0,-1424.0
-207.0,-182.0,174.0,557.0,,738.0,-74.0,400.0,721.0,-1604.0
-244.0,255.0,103.0,534.0,,701.0,-119.0,291.0,664.0,-1693.0
-271.0,-181.0,81.0,462.0,,375.0,-159.0,-1.0,233.0,-1677.0
-364.0,-1247.0,64.0,374.0,,643.0,-173.0,-190.0,425.0,-1766.0
-432.0,-648.0,97.0,364.0,,543.0,-191.0,-258.0,170.0,-1860.0
-426.0,-933.0,37.0,411.0,,974.0,-169.0,-473.0,188.0,-1664.0
-430.0,-1806.0,35.0,388.0,,1461.0,-154.0,-572.0,412.0,-1496.0
-463.0,-1225.0,59.0,346.0,,806.0,-134.0,-631.0,-467.0,-1564.0
-447.0,-756.0,53.0,387.0,,734.0,-99.0,-308.0,-316.0,-1422.0
-399.0,121.0,44.0,347.0,,984.0,-89.0,190.0,135.0,-1095.0
-337.0,968.0,4.0,216.0,,601.0,-73.0,713.0,-122.0,-990.0
-306.0,367.0,-23.0,166.0,,758.0,-87.0,1180.0,-220.0,-916.0
-292.0,-39.0,-52.0,220.0,,742.0,-107.0,1341.0,-446.0,-710.0
-237.0,275.0,-46.0,252.0,,671.0,-110.0,1537.0,-514.0,-634.0
-172.0,668.0,-69.0,219.0,,1111.0,-68.0,1607.0,-473.0,-684.0
-150.0,812.0,-87.0,207.0,,751.0,-54.0,1594.0,-485.0,-647.0
-116.0,685.0,-95.0,-3.0,,611.0,-149.0,1201.0,-1007.0,-551.0
-52.0,787.0,-123.0,-265.0,,688.0,-279.0,388.0,-1109.0,-577.0
17.0,542.0,-58.0,-321.0,,443.0,-410.0,-365.0,-960.0,-576.0
83.0,360.0,-100.0,-292.0,,586.0,-503.0,-960.0,-1011.0,-347.0
113.0,29.0,-120.0,-134.0,,502.0,-545.0,-988.0,-248.0,-94.0
165.0,-676.0,-136.0,25.0,,414.0,-538.0,-803.0,-618.0,25.0
160.0,-368.0,-259.0,-119.0,,435.0,-488.0,-535.0,-939.0,120.0
121.0,461.0,-259.0,-255.0,,310.0,-439.0,-267.0,96.0,183.0
95.0,936.0,-259.0,-172.0,,448.0,-369.0,-109.0,147.0,130.0
79.0,779.0,-267.0,-130.0,,677.0,-352.0,251.0,133.0,116.0
75.0,115.0,-270.0,-139.0,,679.0,-403.0,308.0,340.0,142.0
37.0,-379.0,-244.0,-248.0,,545.0,-395.0,351.0,48.0,38.0
44.0,-363.0,-253.0,-349.0,,420.0,-363.0,437.0,272.0,-132.0
35.0,276.0,-240.0,-377.0,,529.0,-351.0,478.0,852.0,-201.0
9.0,756.0,-200.0,-231.0,,549.0,-374.0,609.0,760.0,-141.0
-3.0,653.0,-168.0,-38.0,,327.0,-461.0,454.0,441.0,-116.0
19.0,404.0,-44.0,-110.0,,405.0,-546.0,369.0,586.0,-231.0
21.0,673.0,-17.0,-168.0,,553.0,-625.0,138.0,589.0,-290.0
-8.0,388.0,5.0,-44.0,,558.0,-643.0,-125.0,748.0,-225.0
19.0,-792.0,1.0,25.0,,599.0,-588.0,-343.0,1095.0,-245.0
-2.0,-571.0,-53.0,49.0,,669.0,-581.0,-674.0,722.0,-298.0
-16.0,366.0,-28.0,110.0,,582.0,-571.0,-716.0,497.0,-280.0
-26.0,288.0,-77.0,90.0,,339.0,-520.0,-628.0,765.0,-232.0
-70.0,167.0,-149.0,124.0,,388.0,-440.0,-219.0,492.0,-287.0
-118.0,1308.0,-152.0,65.0,,290.0,-318.0,125.0,438.0,-325.0
-134.0,1072.0,-202.0,-114.0,,83.0,-271.0,378.0,484.0,-273.0
-132.0,-108.0,-252.0,-116.0,,256.0,-319.0,633.0,6.0,-242.0
-156.0,1221.0,-225.0,-116.0,,11.0,-356.0,611.0,351.0,-119.0
-239.0,1806.0,-235.0,-134.0,,45.0,-410.0,750.0,685.0,34.0
-338.0,985.0,-201.0,-78.0,,314.0,-495.0,659.0,172.0,188.0
-345.0,621.0,-174.0,-105.0,,-152.0,-517.0,473.0,7.0,307.0
-366.0,295.0,-141.0,-147.0,,119.0,-554.0,238.0,213.0,490.0
-404.0,320.0,-94.0,37.0,,212.0,-693.0,44.0,352.0,696.0
-394.0,-414.0,-123.0,192.0,,-147.0,-835.0,242.0,467.0,856.0
-388.0,-1664.0,-55.0,40.0,,552.0,-878.0,321.0,527.0,983.0
-393.0,-1992.0,-110.0,-173.0,,301.0,-832.0,382.0,290.0,970.0
-398.0,-1252.0,-155.0,-206.0,,34.0,-749.0,127.0,106.0,1003.0
-428.0,-491.0,-144.0,-202.0,,569.0,-676.0,-277.0,247.0,1078.0
-380.0,-855.0,-241.0,-312.0,,60.0,-595.0,-565.0,597.0,1100.0
-312.0,-1308.0,-282.0,-543.0,,350.0,-529.0,-694.0,738.0,978.0
-285.0,-967.0,-331.0,-705.0,,527.0,-503.0,-232.0,207.0,839.0
-285.0,9.0,-345.0,-512.0,,-77.0,-434.0,269.0,-268.0,846.0
-280.0,1452.0,-349.0,-211.0,,640.0,-403.0,650.0,10.0,788.0
-199.0,1895.0,-337.0,-141.0,,492.0,-411.0,561.0,347.0,569.0
-203.0,1213.0,-319.0,-226.0,,166.0,-383.0,179.0,164.0,315.0
-227.0,433.0,-382.0,-148.0,,843.0,-372.0,-31.0,-12.0,91.0
-169.0,1013.0,-352.0,34.0,,182.0,-402.0,-325.0,-385.0,-113.0
-117.0,2531.0,-331.0,263.0,,415.0,-477.0,-474.0,-387.0,-358.0
-161.0,1969.0,-390.0,505.0,,857.0,-565.0,-768.0,-118.0,-699.0
-205.0,1853.0,-359.0,547.0,,-68.0,-596.0,-921.0,-441.0,-991.0
-189.0,2514.0,-382.0,359.0,,734.0,-514.0,-748.0,-289.0,-1154.0
-171.0,2044.0,-390.0,203.0,,642.0,-414.0,-437.0,-171.0,-1339.0
-125.0,1029.0,-346.0,447.0,,-37.0,-328.0,-3.0,-161.0,-1619.0
-50.0,-485.0,-335.0,506.0,,882.0,-224.0,62.0,396.0,-1747.0
20.0,69.0,-320.0,314.0,,14.0,-154.0,194.0,650.0,-1745.0
55.0,221.0,-270.0,120.0,,88.0,-135.0,249.0,244.0,-1661.0
68.0,-360.0,-243.0,-180.0,,970.0,-154.0,160.0,116.0,-1458.0
48.0,240.0,-284.0,-166.0,,-267.0,-155.0,169.0,385.0,-1382.0
37.0,-59.0,-264.0,-114.0,,275.0,-200.0,120.0,166.0,-1287.0
15.0,-352.0,-274.0,-211.0,,457.0,-325.0,299.0,6.0,-1020.0
-7.0,-1022.0,-312.0,-226.0,,-308.0,-378.0,205.0,-288.0,-806.0
0.0,-1153.0,-305.0,-256.0,,871.0,-388.0,-81.0,-413.0,-735.0
46.0,-1133.0,-347.0,-264.0,,13.0,-411.0,-443.0,-78.0,-624.0
70.0,-1445.0,-391.0,-290.0,,-239.0,-406.0,-681.0,11.0,-505.0
8.0,182.0,-399.0,-214.0,,959.0,-477.0,-376.0,3.0,-452.0
-15.0,1297.0,-418.0,35.0,,-309.0,-545.0,-62.0,-391.0,-309.0
1.0,600.0,-384.0,217.0,,207.0,-567.0,367.0,-470.0,-190.0
17.0,-652.0,-377.0,369.0,,497.0,-546.0,519.0,-80.0,-256.0
51.0,-842.0,-347.0,359.0,,-570.0,-367.0,458.0,76.0,-268.0
108.0,-435.0,-321.0,264.0,,861.0,-230.0,471.0,-183.0,-149.0
163.0,-574.0,-307.0,297.0,,348.0,-231.0,386.0,-646.0,-45.0
175.0,-71.0,-303.0,327.0,,-477.0,-278.0,528.0,-537.0,-18.0
214.0,637.0,-325.0,297.0,,342.0,-318.0,436.0,-263.0,-46.0
250.0,1187.0,-315.0,192.0,,-892.0,-289.0,219.0,156.0,15.0
258.0,1215.0,-372.0,287.0,,-467.0,-241.0,-20.0,137.0,97.0
246.0,1455.0,-398.0,365.0,,50.0,-218.0,-177.0,-538.0,237.0
188.0,1748.0,-413.0,201.0,,-1007.0,-163.0,-208.0,-273.0,257.0
195.0,1250.0,-374.0,124.0,,301.0,-84.0,-530.0,-38.0,185.0
152.0,974.0,-364.0,176.0,,4.0,-59.0,-715.0,281.0,348.0
57.0,853.0,-370.0,-18.0,,-635.0,-32.0,-883.0,855.0,565.0
26.0,-162.0,-326.0,-332.0,,381.0,0.0,-707.0,545.0,701.0
37.0,-980.0,-329.0,-388.0,,-715.0,26.0,-227.0,479.0,711.0
53.0,357.0,-328.0,-618.0,,-398.0,87.0,153.0,440.0,737.0
-5.0,-55.0,-348.0,-968.0,,174.0,158.0,731.0,583.0,693.0
-65.0,-2406.0,-409.0,-1113.0,,-702.0,255.0,1071.0,776.0,667.0
-124.0,-2565.0,-474.0,-986.0,,490.0,292.0,1284.0,413.0,756.0
-169.0,-2051.0,-498.0,-597.0,,112.0,310.0,1145.0,116.0,646.0
-202.0,-2136.0,-530.0,-283.0,,-592.0,343.0,659.0,-86.0,449.0
-258.0,-1341.0,-537.0,-190.0,,574.0,335.0,312.0,-149.0,508.0
-296.0,-299.0,-562.0,-135.0,,-211.0,300.0,5.0,-243.0,681.0
-305.0,260.0,-556.0,89.0,,-52.0,230.0,-81.0,-161.0,526.0
-283.0,1556.0,-542.0,115.0,,343.0,223.0,-314.0,-306.0,429.0
-294.0,1324.0,-512.0,-114.0,,-684.0,188.0,-485.0,-426.0,546.0
-352.0,410.0,-453.0,-108.0,,271.0,83.0,-511.0,-196.0,490.0
-353.0,844.0,-474.0,-28.0,,-123.0,-1.0,-548.0,-193.0,272.0
-298.0,287.0,-456.0,-156.0,,-760.0,-102.0,-384.0,-610.0,89.0
-321.0,432.0,-462.0,-193.0,,519.0,-156.0,-275.0,-677.0,-55.0
-372.0,2069.0,-476.0,-178.0,,-277.0,-129.0,36.0,181.0,-294.0
-351.0,1792.0,-436.0,-221.0,,-244.0,-45.0,242.0,352.0,-425.0
-331.0,-46.0,-420.0,-183.0,,202.0,15.0,358.0,199.0,-535.0
-346.0,-230.0,-400.0,-169.0,,-855.0,23.0,456.0,141.0,-785.0
-334.0,-38.0,-377.0,163.0,,-76.0,33.0,280.0,-163.0,-960.0
-328.0,-493.0,-313.0,287.0,,-476.0,50.0,218.0,15.0,-1007.0
-279.0,-471.0,-232.0,-44.0,,-871.0,81.0,-51.0,352.0,-1162.0
-167.0,-852.0,-166.0,-138.0,,519.0,97.0,-273.0,103.0,-1341.0
-105.0,-960.0,-69.0,-301.0,,-469.0,77.0,-565.0,-228.0,-1288.0
-67.0,-429.0,-15.0,-480.0,,-368.0,23.0,-885.0,62.0,-1261.0
14.0,-2.0,33.0,-528.0,,333.0,-32.0,-838.0,334.0,-1200.0
126.0,-32.0,76.0,-486.0,,-581.0,-35.0,-805.0,631.0,-1042.0
126.0,172.0,59.0,-512.0,,324.0,24.0,-476.0,503.0,-922.0
130.0,673.0,50.0,-550.0,,-199.0,108.0,-155.0,262.0,-850.0
175.0,1339.0,59.0,-360.0,,-828.0,193.0,86.0,221.0,-716.0
178.0,1656.0,85.0,-311.0,,575.0,209.0,242.0,175.0,-471.0
147.0,750.0,94.0,-534.0,,-358.0,168.0,304.0,352.0,-344.0
73.0,474.0,116.0,-768.0,,-309.0,140.0,591.0,252.0,-155.0
131.0,108.0,150.0,-778.0,,382.0,135.0,742.0,229.0,59.0
197.0,-338.0,146.0,-658.0,,-707.0,196.0,899.0,-50.0,247.0
229.0,-1326.0,105.0,-502.0,,-107.0,218.0,785.0,132.0,464.0
231.0,-2014.0,105.0,-327.0,,-648.0,203.0,543.0,871.0,642.0
222.0,-1499.0,103.0,-155.0,,-1264.0,187.0,415.0,1090.0,707.0
293.0,-2004.0,101.0,-111.0,,86.0,121.0,134.0,799.0,721.0
255.0,-2066.0,76.0,-78.0,,-636.0,81.0,33.0,300.0,864.0
218.0,-2903.0,26.0,51.0,,-708.0,37.0,-103.0,423.0,782.0
251.0,-2776.0,20.0,17.0,,-241.0,-4.0,-109.0,912.0,614.0
312.0,-999.0,-21.0,53.0,,-922.0,-28.0,44.0,573.0,583.0
309.0,-52.0,-10.0,229.0,,-1.0,-115.0,88.0,-253.0,502.0
288.0,289.0,-6.0,394.0,,-444.0,-205.0,110.0,-298.0,291.0
347.0,-55.0,29.0,590.0,,-1179.0,-243.0,-92.0,-327.0,119.0
336.0,51.0,30.0,556.0,,-310.0,-279.0,-149.0,-339.0,82.0
311.0,187.0,39.0,411.0,,-1023.0,-305.0,-158.0,-160.0,-21.0
310.0,560.0,81.0,356.0,,-721.0,-299.0,-88.0,-395.0,14.0
318.0,407.0,0.0,289.0,,-388.0,-249.0,140.0,-634.0,165.0
265.0,763.0,20.0,275.0,,-1247.0,-180.0,84.0,-598.0,117.0
193.0,1067.0,-13.0,224.0,,-425.0,-157.0,86.0,-231.0,-3.0
192.0,410.0,-50.0,151.0,,-820.0,-105.0,-9.0,-119.0,81.0
176.0,397.0,-58.0,144.0,,-1012.0,10.0,0.0,-570.0,222.0
164.0,-452.0,-76.0,135.0,,45.0,65.0,-18.0,-947.0,129.0
108.0,-785.0,-47.0,62.0,,-725.0,20.0,-306.0,-678.0,56.0
38.0,-1487.0,-80.0,-66.0,,-361.0,-21.0,-413.0,-268.0,155.0
15.0,-1561.0,-54.0,-267.0,,-147.0,-9.0,-576.0,-638.0,193.0
-39.0,-334.0,-25.0,-363.0,,-995.0,21.0,-476.0,-924.0,219.0
-100.0,-920.0,19.0,-78.0,,94.0,-19.0,-417.0,-322.0,231.0
-104.0,-987.0,56.0,259.0,,-363.0,-110.0,-417.0,-140.0,231.0
-71.0,-339.0,79.0,389.0,,-729.0,-199.0,-402.0,323.0,308.0
-93.0,-277.0,119.0,471.0,,93.0,-258.0,-569.0,315.0,406.0
-129.0,-581.0,141.0,470.0,,-1170.0,-185.0,-352.0,-485.0,482.0
-130.0,-417.0,142.0,291.0,,-701.0,-49.0,-164.0,1.0,490.0
-163.0,746.0,108.0,-25.0,,-333.0,79.0,90.0,452.0,518.0
-187.0,801.0,81.0,-332.0,,-1241.0,199.0,323.0,384.0,476.0
-197.0,657.0,45.0,-211.0,,-200.0,258.0,432.0,71.0,410.0
-188.0,1279.0,41.0,118.0,,-695.0,252.0,491.0,-126.0,389.0
-132.0,1068.0,12.0,127.0,,-874.0,210.0,190.0,-366.0,159.0
-106.0,1016.0,-25.0,204.0,,-83.0,217.0,59.0,-171.0,-143.0
-132.0,816.0,-34.0,467.0,,-1147.0,238.0,-214.0,273.0,-237.0
-158.0,959.0,-55.0,540.0,,-513.0,154.0,-543.0,-251.0,-217.0
-168.0,2015.0,-57.0,370.0,,-342.0,24.0,-715.0,-573.0,-432.0
-183.0,724.0,-81.0,185.0,,-1124.0,-81.0,-861.0,-714.0,-695.0
-212.0,-1267.0,-4.0,4.0,,-50.0,-205.0,-814.0,-294.0,-648.0
-274.0,-1845.0,52.0,-398.0,,-669.0,-316.0,-958.0,169.0,-569.0
-383.0,-2003.0,27.0,-760.0,,-795.0,-340.0,-885.0,12.0,-493.0
-450.0,-2086.0,92.0,-864.0,,-106.0,-278.0,-628.0,-343.0,-312.0
-512.0,-2287.0,48.0,-850.0,,-877.0,-233.0,-299.0,-334.0,-172.0
-590.0,-1767.0,25.0,-719.0,,47.0,-200.0,114.0,10.0,-18.0
-607.0,-916.0,26.0,-443.0,,-96.0,-74.0,397.0,-280.0,275.0
-582.0,-540.0,27.0,-236.0,,-958.0,12.0,752.0,-320.0,499.0
-554.0,-605.0,7.0,-47.0,,-83.0,21.0,781.0,-383.0,428.0
-567.0,-430.0,-49.0,145.0,,-663.0,31.0,748.0,-638.0,424.0
-577.0,-101.0,0.0,24.0,,-496.0,13.0,617.0,-585.0,495.0
-584.0,598.0,-41.0,-103.0,,-22.0,40.0,345.0,-363.0,340.0
-556.0,1734.0,-13.0,-185.0,,-907.0,67.0,214.0,-199.0,160.0
-479.0,1893.0,44.0,-337.0,,-131.0,4.0,-62.0,-322.0,62.0
-384.0,1402.0,78.0,-257.0,,-271.0,-84.0,-205.0,-597.0,-14.0
-313.0,1815.0,86.0,-98.0,,-767.0,-127.0,-497.0,-518.0,-70.0
-245.0,2357.0,69.0,-19.0,,18.0,-149.0,-692.0,-5.0,-94.0
-157.0,1639.0,55.0,110.0,,-774.0,-168.0,-657.0,-217.0,-157.0
-105.0,1376.0,-14.0,194.0,,-581.0,-152.0,-715.0,-715.0,-203.0
-58.0,1143.0,3.0,83.0,,-314.0,-149.0,-489.0,-846.0,-144.0
-33.0,303.0,-26.0,0.0,,-1195.0,-154.0,-319.0,-233.0,-100.0
-14.0,122.0,-35.0,10.0,,-281.0,-134.0,-46.0,-64.0,-107.0
11.0,-30.0,-53.0,-62.0,,-501.0,-104.0,68.0,-359.0,-93.0
27.0,-675.0,-89.0,-215.0,,-952.0,-52.0,-131.0,191.0,-66.0
-11.0,76.0,-119.0,-335.0,,-283.0,57.0,-201.0,-10.0,-70.0
-41.0,859.0,-197.0,-325.0,,-962.0,190.0,-436.0,0.0,-112.0
-26.0,-491.0,-209.0,-289.0,,-497.0,250.0,-504.0,188.0,-221.0
-18.0,-847.0,-250.0,-266.0,,-250.0,282.0,-484.0,23.0,-317.0
-11.0,-287.0,-278.0,-159.0,,-894.0,252.0,-266.0,-113.0,-307.0
-49.0,227.0,-275.0,-236.0,,6.0,167.0,145.0,-499.0,-259.0
-75.0,383.0,-318.0,-285.0,,-393.0,115.0,460.0,-111.0,-288.0
-89.0,752.0,-287.0,-211.0,,-607.0,86.0,818.0,15.0,-301.0
-127.0,1128.0,-250.0,-378.0,,-29.0,80.0,698.0,-79.0,-296.0
-158.0,547.0,-244.0,-426.0,,-874.0,66.0,386.0,-277.0,-305.0
-105.0,362.0,-211.0,-474.0,,-569.0,59.0,-83.0,-520.0,-160.0
-27.0,-377.0,-179.0,-477.0,,-713.0,109.0,-521.0,156.0,-40.0
40.0,-948.0,-189.0,-348.0,,-1141.0,185.0,-611.0,322.0,-84.0
69.0,-520.0,-186.0,-388.0,,-384.0,201.0,-652.0,139.0,-104.0
80.0,-211.0,-143.0,-296.0,,-1302.0,213.0,-308.0,-183.0,39.0
129.0,-46.0,-185.0,-171.0,,-1364.0,301.0,-40.0,-679.0,151.0
107.0,681.0,-175.0,-69.0,,-726.0,406.0,192.0,-136.0,102.0
96.0,211.0,-207.0,26.0,,-1215.0,454.0,356.0,221.0,108.0
91.0,-442.0,-286.0,13.0,,-524.0,394.0,367.0,304.0,211.0
168.0,-595.0,-260.0,52.0,,-735.0,298.0,509.0,-76.0,310.0
201.0,-867.0,-265.0,60.0,,-1128.0,224.0,412.0,-649.0,380.0
138.0,577.0,-305.0,-55.0,,-548.0,149.0,480.0,-268.0,399.0
141.0,985.0,-325.0,-217.0,,-1266.0,52.0,419.0,-475.0,313.0
95.0,376.0,-351.0,-347.0,,-952.0,-35.0,164.0,-521.0,276.0
93.0,500.0,-421.0,-474.0,,-699.0,-77.0,-181.0,-363.0,450.0
21.0,606.0,-404.0,-613.0,,-1247.0,-109.0,-759.0,-678.0,512.0
11.0,101.0,-422.0,-646.0,,-371.0,-130.0,-1005.0,-677.0,391.0
54.0,604.0,-461.0,-504.0,,-687.0,-109.0,-1075.0,-132.0,417.0
68.0,801.0,-466.0,-327.0,,-832.0,-74.0,-766.0,-134.0,453.0
121.0,44.0,-497.0,-131.0,,-416.0,-66.0,-471.0,-465.0,385.0
100.0,880.0,-453.0,12.0,,-1133.0,-49.0,-386.0,-143.0,308.0
161.0,689.0,-420.0,9.0,,-457.0,-24.0,-210.0,-406.0,123.0
204.0,319.0,-330.0,89.0,,-588.0,-43.0,-269.0,160.0,-9.0
267.0,-7.0,-241.0,157.0,,-1260.0,-62.0,-218.0,77.0,46.0
286.0,-758.0,-187.0,152.0,,-563.0,-67.0,-376.0,-502.0,89.0
336.0,-1292.0,-110.0,335.0,,-1222.0,-68.0,-489.0,-166.0,41.0
406.0,-2301.0,-133.0,410.0,,-964.0,-69.0,-380.0,-407.0,-16.0
401.0,-2227.0,-149.0,272.0,,-370.0,-112.0,-406.0,97.0,18.0
453.0,-1581.0,-179.0,226.0,,-1136.0,-175.0,-243.0,-529.0,119.0
445.0,-1002.0,-296.0,175.0,,-426.0,-223.0,-195.0,-1074.0,161.0
480.0,-20.0,-357.0,89.0,,-494.0,-219.0,51.0,-370.0,124.0
478.0,-334.0,-407.0,-72.0,,-588.0,-174.0,306.0,-390.0,108.0
426.0,-1252.0,-479.0,-265.0,,147.0,-143.0,478.0,-275.0,239.0
368.0,138.0,-542.0,-431.0,,-818.0,-108.0,722.0,-332.0,430.0
331.0,1155.0,-553.0,-412.0,,-803.0,-62.0,633.0,-605.0,541.0
275.0,1273.0,-584.0,-331.0,,-604.0,28.0,676.0,-686.0,577.0
210.0,1777.0,-609.0,-272.0,,-794.0,132.0,635.0,-318.0,640.0
225.0,2144.0,-570.0,-124.0,,-63.0,193.0,572.0,-208.0,797.0
297.0,1823.0,-579.0,-207.0,,-717.0,233.0,362.0,-295.0,1002.0
388.0,985.0,-563.0,-154.0,,-902.0,254.0,-195.0,-406.0,1159.0
347.0,864.0,-489.0,90.0,,-590.0,258.0,-676.0,-475.0,1142.0
330.0,-6.0,-437.0,197.0,,-985.0,251.0,-1197.0,171.0,1082.0
329.0,-34.0,-432.0,186.0,,-130.0,273.0,-1297.0,135.0,1118.0
267.0,27.0,-406.0,264.0,,-217.0,261.0,-1195.0,-68.0,1110.0
231.0,-466.0,-452.0,259.0,,-498.0,119.0,-940.0,10.0,1006.0
243.0,55.0,-512.0,35.0,,311.0,-21.0,-522.0,-320.0,952.0
256.0,-395.0,-512.0,6.0,,-267.0,-65.0,-306.0,-226.0,1073.0
266.0,-708.0,-566.0,-50.0,,-148.0,-74.0,22.0,97.0,1197.0
250.0,-655.0,-611.0,-259.0,,193.0,-139.0,151.0,28.0,1170.0
259.0,-1220.0,-620.0,-454.0,,-432.0,-152.0,288.0,-7.0,1149.0
282.0,-361.0,-607.0,-536.0,,37.0,-87.0,415.0,410.0,1215.0
263.0,969.0,-640.0,-557.0,,-328.0,-56.0,423.0,894.0,1272.0
317.0,712.0,-609.0,-607.0,,-496.0,-18.0,430.0,1059.0,1304.0
356.0,726.0,-572.0,-569.0,,192.0,-4.0,168.0,1040.0,1309.0
389.0,848.0,-582.0,-376.0,,-594.0,1.0,-18.0,738.0,1256.0
382.0,537.0,-558.0,-170.0,,-329.0,-26.0,-214.0,442.0,1253.0
346.0,-253.0,-538.0,6.0,,153.0,-86.0,-243.0,396.0,1309.0
315.0,-813.0,-527.0,213.0,,-254.0,-79.0,-155.0,221.0,1204.0
289.0,39.0,-500.0,269.0,,199.0,-99.0,-160.0,509.0,1030.0
225.0,369.0,-441.0,442.0,,-148.0,-95.0,-66.0,259.0,997.0
117.0,-18.0,-439.0,615.0,,-43.0,-31.0,-166.0,-130.0,1013.0
87.0,346.0,-411.0,535.0,,592.0,-44.0,-253.0,354.0,953.0
48.0,1989.0,-393.0,471.0,,165.0,-62.0,-506.0,-10.0,861.0
39.0,1912.0,-403.0,277.0,,550.0,-21.0,-750.0,-157.0,786.0
12.0,249.0,-406.0,144.0,,350.0,13.0,-711.0,-74.0,669.0
2.0,-122.0,-472.0,72.0,,-142.0,28.0,-602.0,92.0,690.0
-10.0,199.0,-518.0,-24.0,,269.0,74.0,-153.0,491.0,782.0
-11.0,531.0,-551.0,86.0,,-199.0,144.0,225.0,226.0,763.0
0.0,335.0,-564.0,149.0,,26.0,179.0,578.0,330.0,796.0
-56.0,451.0,-545.0,185.0,,101.0,222.0,740.0,322.0,898.0
-66.0,75.0,-517.0,271.0,,-388.0,238.0,541.0,13.0,1001.0
-51.0,-1027.0,-446.0,300.0,,208.0,207.0,365.0,119.0,1035.0
-49.0,-433.0,-415.0,242.0,,-312.0,175.0,-83.0,451.0,942.0
-98.0,488.0,-361.0,117.0,,-475.0,104.0,-448.0,144.0,791.0
-38.0,436.0,-318.0,184.0,,95.0,35.0,-840.0,-196.0,748.0
-29.0,1103.0,-357.0,361.0,,-202.0,-45.0,-1130.0,28.0,684.0
-41.0,1107.0,-355.0,459.0,,371.0,-149.0,-1049.0,-115.0,399.0
66.0,381.0,-385.0,640.0,,175.0,-219.0,-962.0,-238.0,119.0
48.0,345.0,-341.0,735.0,,-226.0,-288.0,-679.0,-527.0,65.0
53.0,385.0,-337.0,546.0,,688.0,-347.0,-565.0,-766.0,31.0
107.0,475.0,-357.0,284.0,,495.0,-345.0,-391.0,-652.0,-112.0
172.0,38.0,-281.0,93.0,,367.0,-295.0,-181.0,-868.0,-276.0
177.0,366.0,-283.0,-31.0,,323.0,-266.0,-109.0,-815.0,-454.0
158.0,1107.0,-227.0,-83.0,,-328.0,-271.0,97.0,-451.0,-630.0
181.0,1218.0,-186.0,-159.0,,-2.0,-255.0,127.0,-325.0,-656.0
203.0,1181.0,-179.0,-389.0,,-350.0,-170.0,271.0,-156.0,-529.0
179.0,176.0,-181.0,-618.0,,-515.0,-100.0,332.0,44.0,-560.0
65.0,-640.0,-175.0,-450.0,,48.0,-92.0,336.0,195.0,-570.0
35.0,-589.0,-197.0,-324.0,,-378.0,-40.0,264.0,243.0,-296.0
2.0,-370.0,-277.0,-571.0,,-133.0,-3.0,-3.0,-179.0,-116.0
-26.0,98.0,-287.0,-670.0,,-117.0,-21.0,-109.0,-398.0,-233.0
-69.0,469.0,-332.0,-572.0,,-228.0,-90.0,-356.0,139.0,-280.0
-103.0,537.0,-389.0,-190.0,,555.0,-176.0,-430.0,144.0,-197.0
-70.0,352.0,-461.0,134.0,,443.0,-176.0,-458.0,133.0,-202.0
-114.0,104.0,-454.0,121.0,,584.0,-147.0,-423.0,606.0,-133.0
-128.0,41.0,-488.0,176.0,,525.0,-130.0,-269.0,309.0,-96.0
-156.0,-444.0,-546.0,346.0,,-33.0,-77.0,-304.0,564.0,-264.0
-205.0,-687.0,-484.0,512.0,,231.0,16.0,-182.0,836.0,-405.0
-195.0,-626.0,-488.0,509.0,,-249.0,113.0,-225.0,706.0,-349.0
-173.0,-775.0,-497.0,411.0,,-191.0,177.0,-166.0,870.0,-425.0
-186.0,-628.0,-513.0,136.0,,426.0,181.0,-79.0,386.0,-672.0
-193.0,-350.0,-495.0,-193.0,,-73.0,175.0,-160.0,564.0,-754.0
-160.0,-23.0,-521.0,-379.0,,87.0,231.0,-184.0,900.0,-787.0
-211.0,10.0,-508.0,-448.0,,-50.0,291.0,-456.0,766.0,-841.0
-236.0,393.0,-431.0,-306.0,,-339.0,313.0,-439.0,558.0,-900.0
-209.0,772.0,-459.0,-294.0,,198.0,336.0,-389.0,486.0,-838.0
-201.0,369.0,-430.0,-313.0,,-114.0,298.0,-375.0,949.0,-718.0
-169.0,-173.0,-410.0,-183.0,,254.0,193.0,-297.0,953.0,-681.0
-114.0,-284.0,-387.0,-57.0,,606.0,124.0,-448.0,873.0,-639.0
-66.0,133.0,-317.0,-1.0,,-152.0,54.0,-485.0,834.0,-610.0
-71.0,497.0,-295.0,69.0,,198.0,-29.0,-722.0,593.0,-539.0
-55.0,434.0,-264.0,128.0,,200.0,-37.0,-726.0,273.0,-460.0
-34.0,154.0,-319.0,155.0,,164.0,1.0,-508.0,493.0,-319.0
11.0,139.0,-391.0,267.0,,611.0,10.0,-273.0,559.0,-209.0
15.0,7.0,-399.0,110.0,,-17.0,32.0,24.0,117.0,-188.0
-26.0,485.0,-465.0,-1.0,,221.0,70.0,-83.0,451.0,-94.0
31.0,193.0,-491.0,100.0,,233.0,59.0,5.0,285.0,74.0
101.0,-831.0,-553.0,123.0,,-414.0,53.0,24.0,114.0,250.0
70.0,-646.0,-572.0,179.0,,-63.0,68.0,-77.0,94.0,271.0
-1.0,-708.0,-579.0,179.0,,-132.0,52.0,-186.0,-33.0,350.0
47.0,-698.0,-626.0,166.0,,80.0,31.0,-515.0,371.0,646.0
122.0,-1203.0,-625.0,171.0,,197.0,49.0,-617.0,148.0,809.0
122.0,-1286.0,-662.0,65.0,,-174.0,44.0,-720.0,253.0,690.0
110.0,-1161.0,-649.0,-18.0,,382.0,-38.0,-609.0,726.0,524.0
115.0,-2035.0,-620.0,60.0,,608.0,-87.0,-454.0,454.0,467.0
214.0,-2014.0,-561.0,10.0,,540.0,-63.0,-282.0,-145.0,422.0
288.0,-1842.0,-508.0,-128.0,,452.0,-23.0,-73.0,-14.0,403.0
208.0,-935.0,-449.0,-70.0,,120.0,75.0,-182.0,311.0,481.0
134.0,166.0,-414.0,65.0,,631.0,216.0,-166.0,-129.0,385.0
184.0,426.0,-409.0,238.0,,715.0,333.0,-284.0,-214.0,258.0
231.0,585.0,-367.0,431.0,,257.0,401.0,-271.0,-89.0,366.0
170.0,291.0,-370.0,394.0,,450.0,473.0,-94.0,16.0,471.0
99.0,25.0,-313.0,41.0,,400.0,486.0,-116.0,177.0,461.0
74.0,722.0,-259.0,-198.0,,515.0,458.0,-107.0,40.0,454.0
112.0,1654.0,-248.0,-12.0,,584.0,504.0,-249.0,-72.0,558.0
118.0,1110.0,-186.0,207.0,,167.0,511.0,-321.0,-216.0,499.0
51.0,561.0,-185.0,280.0,,341.0,510.0,-332.0,-327.0,320.0
30.0,789.0,-190.0,267.0,,471.0,544.0,-134.0,-153.0,229.0
41.0,1270.0,-175.0,203.0,,559.0,542.0,33.0,-584.0,50.0
71.0,1593.0,-198.0,153.0,,645.0,498.0,-112.0,-624.0,-179.0
65.0,672.0,-195.0,166.0,,488.0,394.0,-205.0,107.0,-262.0
38.0,404.0,-209.0,312.0,,712.0,336.0,-460.0,-136.0,-307.0
-10.0,28.0,-189.0,192.0,,485.0,331.0,-482.0,129.0,-600.0
-43.0,-1058.0,-182.0,-46.0,,490.0,330.0,-395.0,169.0,-758.0
-73.0,-2077.0,-136.0,-94.0,,787.0,398.0,-456.0,-456.0,-617.0
-168.0,-3249.0,-127.0,-36.0,,671.0,431.0,-480.0,-78.0,-599.0
-249.0,-2458.0,-113.0,-59.0,,903.0,366.0,-604.0,-71.0,-636.0
-302.0,-1563.0,-2.0,-262.0,,648.0,324.0,-443.0,-226.0,-513.0
-291.0,-1011.0,51.0,-264.0,,544.0,310.0,-312.0,30.0,-368.0
-315.0,-862.0,143.0,-273.0,,772.0,277.0,-144.0,-204.0,-334.0
-359.0,-768.0,207.0,-408.0,,510.0,208.0,22.0,-622.0,-253.0
-362.0,317.0,234.0,-514.0,,722.0,162.0,-31.0,-439.0,-190.0
-383.0,596.0,236.0,-675.0,,632.0,165.0,51.0,-239.0,-310.0
-358.0,1255.0,220.0,-725.0,,301.0,122.0,-194.0,-239.0,-349.0
-331.0,348.0,173.0,-591.0,,451.0,90.0,-402.0,-136.0,-259.0
-308.0,112.0,157.0,-363.0,,302.0,95.0,-484.0,-233.0,-253.0
-182.0,1727.0,92.0,-66.0,,377.0,85.0,-519.0,-29.0,-339.0
-24.0,1598.0,30.0,-3.0,,342.0,134.0,-375.0,140.0,-337.0
41.0,844.0,66.0,-287.0,,68.0,236.0,-375.0,-84.0,-209.0
-8.0,-56.0,10.0,-559.0,,360.0,332.0,-367.0,292.0,-68.0
-63.0,753.0,0.0,-695.0,,431.0,414.0,-554.0,490.0,11.0
-63.0,1459.0,0.0,-633.0,,529.0,461.0,-461.0,474.0,-8.0
-59.0,1178.0,37.0,-304.0,,671.0,520.0,-216.0,861.0,-67.0
-142.0,1646.0,42.0,83.0,,440.0,615.0,-107.0,638.0,-142.0
-269.0,1863.0,63.0,307.0,,629.0,647.0,86.0,246.0,-176.0
-223.0,2280.0,145.0,472.0,,668.0,627.0,14.0,-210.0,-237.0
-131.0,1977.0,152.0,608.0,,461.0,542.0,97.0,-217.0,-291.0
-126.0,1371.0,205.0,705.0,,488.0,346.0,192.0,197.0,-384.0
-220.0,837.0,252.0,712.0,,294.0,137.0,310.0,-33.0,-618.0
-265.0,1133.0,346.0,487.0,,389.0,-12.0,404.0,-150.0,-811.0
-289.0,1319.0,437.0,199.0,,569.0,-41.0,330.0,-175.0,-938.0
-398.0,-405.0,495.0,-107.0,,392.0,1.0,526.0,-487.0,-972.0
-423.0,-1312.0,542.0,-370.0,,440.0,39.0,471.0,-366.0,-1002.0
-447.0,-2268.0,584.0,-448.0,,290.0,79.0,371.0,225.0,-972.0
-401.0,-2946.0,660.0,-369.0,,316.0,73.0,109.0,-112.0,-942.0
-313.0,-2651.0,718.0,-386.0,,592.0,86.0,-339.0,-377.0,-1024.0
-263.0,-2582.0,768.0,-545.0,,560.0,199.0,-574.0,0.0,-1017.0
-264.0,-2109.0,814.0,-567.0,,919.0,309.0,-770.0,-181.0,-1028.0
-238.0,-1333.0,832.0,-467.0,,840.0,335.0,-593.0,-161.0,-1057.0
-167.0,-766.0,842.0,-293.0,,743.0,318.0,-384.0,-200.0,-1011.0
-173.0,-324.0,821.0,-187.0,,1035.0,245.0,-36.0,-444.0,-946.0
-130.0,147.0,761.0,-158.0,,732.0,112.0,208.0,-117.0,-925.0
-102.0,-947.0,660.0,-184.0,,959.0,17.0,90.0,383.0,-836.0
-86.0,-635.0,615.0,-354.0,,836.0,-18.0,127.0,233.0,-773.0
-76.0,552.0,564.0,-534.0,,321.0,0.0,192.0,49.0,-897.0
-110.0,13.0,446.0,-530.0,,696.0,-20.0,613.0,-61.0,-908.0
-85.0,-301.0,444.0,-290.0,,589.0,-95.0,896.0,-202.0,-726.0
-1.0,-1127.0,293.0,-68.0,,359.0,-86.0,968.0,410.0,-607.0
77.0,-883.0,138.0,-104.0,,160.0,-149.0,1008.0,386.0,-672.0
110.0,304.0,105.0,-391.0,,-75.0,-264.0,742.0,-337.0,-619.0
152.0,976.0,21.0,-495.0,,440.0,-245.0,735.0,-615.0,-482.0
190.0,1301.0,19.0,-377.0,,260.0,-194.0,750.0,-556.0,-434.0
233.0,1540.0,22.0,-301.0,,-42.0,-162.0,753.0,-473.0,-293.0
279.0,2138.0,-6.0,-363.0,,197.0,-127.0,548.0,-515.0,-62.0
307.0,1964.0,-51.0,-525.0,,147.0,-133.0,97.0,-493.0,0.0
354.0,1734.0,-72.0,-588.0,,580.0,-225.0,-133.0,-694.0,-59.0
373.0,644.0,-129.0,-599.0,,498.0,-372.0,-339.0,-740.0,16.0
349.0,-47.0,-145.0,-515.0,,430.0,-446.0,-271.0,-489.0,96.0
281.0,466.0,-147.0,-319.0,,1005.0,-455.0,-365.0,-599.0,135.0
218.0,-264.0,-119.0,0.0,,661.0,-480.0,-574.0,-890.0,109.0
179.0,17.0,-101.0,311.0,,722.0,-421.0,-417.0,-928.0,105.0
181.0,-554.0,-174.0,520.0,,701.0,-296.0,-81.0,-743.0,105.0
196.0,-1894.0,-122.0,512.0,,442.0,-211.0,456.0,-325.0,-23.0
141.0,-1210.0,-120.0,268.0,,829.0,-182.0,703.0,-256.0,-143.0
103.0,-768.0,-99.0,250.0,,200.0,-216.0,851.0,-658.0,-269.0
73.0,-1033.0,-17.0,179.0,,118.0,-221.0,862.0,-496.0,-363.0
81.0,-1757.0,26.0,-39.0,,515.0,-186.0,849.0,-160.0,-389.0
82.0,-1910.0,92.0,-248.0,,268.0,-91.0,997.0,-171.0,-392.0
46.0,-2309.0,134.0,-556.0,,725.0,29.0,825.0,-107.0,-465.0
65.0,-2746.0,134.0,-743.0,,650.0,78.0,818.0,-364.0,-525.0
78.0,-1892.0,94.0,-910.0,,791.0,144.0,650.0,-103.0,-485.0
42.0,-833.0,79.0,-930.0,,1173.0,186.0,303.0,485.0,-521.0
-44.0,-401.0,16.0,-792.0,,473.0,203.0,112.0,-173.0,-586.0
-84.0,-129.0,-25.0,-747.0,,488.0,268.0,29.0,-153.0,-615.0
-44.0,359.0,-96.0,-594.0,,467.0,232.0,214.0,-128.0,-562.0
1.0,170.0,-123.0,-422.0,,467.0,115.0,336.0,-915.0,-426.0
60.0,230.0,-104.0,-266.0,,845.0,22.0,559.0,-351.0,-413.0
149.0,746.0,-98.0,-173.0,,293.0,-71.0,667.0,0.0,-458.0
271.0,1317.0,-62.0,-99.0,,541.0,-168.0,685.0,-511.0,-423.0
349.0,1779.0,-59.0,204.0,,705.0,-258.0,753.0,-850.0,-456.0
343.0,1495.0,27.0,389.0,,254.0,-300.0,615.0,-785.0,-568.0
336.0,243.0,39.0,530.0,,476.0,-299.0,461.0,-293.0,-577.0
330.0,-650.0,73.0,577.0,,-171.0,-315.0,101.0,163.0,-609.0
311.0,-708.0,126.0,431.0,,-301.0,-320.0,-138.0,126.0,-755.0
328.0,-383.0,68.0,463.0,,63.0,-294.0,-145.0,-239.0,-775.0
370.0,440.0,97.0,429.0,,-68.0,-330.0,-24.0,-72.0,-730.0
390.0,776.0,112.0,393.0,,699.0,-393.0,194.0,356.0,-766.0
390.0,1516.0,68.0,340.0,,392.0,-439.0,293.0,536.0,-795.0
391.0,1871.0,114.0,193.0,,19.0,-540.0,618.0,733.0,-795.0
398.0,1113.0,150.0,166.0,,526.0,-594.0,918.0,857.0,-741.0
379.0,112.0,139.0,64.0,,181.0,-560.0,1099.0,550.0,-664.0
279.0,-504.0,153.0,48.0,,713.0,-511.0,1045.0,756.0,-651.0
216.0,209.0,167.0,124.0,,623.0,-470.0,831.0,890.0,-566.0
262.0,535.0,179.0,32.0,,-45.0,-420.0,835.0,289.0,-470.0
248.0,-479.0,180.0,-72.0,,172.0,-387.0,696.0,322.0,-453.0
150.0,-1428.0,214.0,-62.0,,-556.0,-459.0,604.0,434.0,-307.0
88.0,-729.0,214.0,-90.0,,-151.0,-524.0,362.0,252.0,-157.0
38.0,-362.0,175.0,-43.0,,255.0,-509.0,182.0,104.0,-69.0
2.0,-816.0,122.0,175.0,,-239.0,-486.0,232.0,166.0,84.0
-13.0,-86.0,68.0,204.0,,373.0,-417.0,251.0,201.0,235.0
-68.0,331.0,0.0,192.0,,0.0,-282.0,489.0,-107.0,355.0
-71.0,-215.0,-44.0,278.0,,206.0,-185.0,391.0,-426.0,452.0
-52.0,-453.0,-30.0,334.0,,584.0,-202.0,354.0,-531.0,510.0
-96.0,-333.0,-54.0,379.0,,-9.0,-278.0,421.0,-301.0,547.0
-194.0,-785.0,-12.0,211.0,,692.0,-336.0,384.0,-737.0,592.0
-213.0,-462.0,11.0,-41.0,,289.0,-308.0,663.0,-976.0,612.0
-179.0,-5.0,49.0,-227.0,,-12.0,-263.0,905.0,-155.0,613.0
-190.0,119.0,74.0,-278.0,,666.0,-263.0,1241.0,27.0,662.0
-185.0,260.0,50.0,-128.0,,121.0,-252.0,1334.0,-309.0,789.0
-208.0,225.0,121.0,-126.0,,422.0,-246.0,1278.0,-477.0,840.0
-178.0,545.0,114.0,-222.0,,133.0,-268.0,1311.0,-654.0,841.0
-135.0,572.0,72.0,-127.0,,-433.0,-293.0,1202.0,-462.0,855.0
-129.0,1442.0,66.0,17.0,,327.0,-391.0,1189.0,-352.0,854.0
-134.0,1348.0,-4.0,222.0,,-112.0,-581.0,877.0,-255.0,792.0
-58.0,1067.0,-88.0,454.0,,167.0,-673.0,558.0,-245.0,575.0
27.0,1115.0,-94.0,507.0,,450.0,-652.0,395.0,-959.0,449.0
7.0,891.0,-146.0,452.0,,-220.0,-628.0,319.0,-882.0,318.0
56.0,664.0,-214.0,246.0,,438.0,-623.0,474.0,-388.0,194.0
72.0,-592.0,-211.0,2.0,,98.0,-620.0,356.0,-357.0,192.0
73.0,-496.0,-313.0,-200.0,,189.0,-562.0,229.0,-561.0,215.0
86.0,-398.0,-367.0,-404.0,,578.0,-523.0,99.0,-654.0,216.0
28.0,350.0,-444.0,-471.0,,-313.0,-515.0,179.0,-270.0,172.0
-89.0,434.0,-499.0,-588.0,,316.0,-515.0,543.0,-223.0,301.0
-140.0,-397.0,-480.0,-752.0,,187.0,-532.0,729.0,237.0,407.0
-126.0,310.0,-523.0,-851.0,,106.0,-515.0,951.0,471.0,478.0
-134.0,550.0,-542.0,-874.0,,602.0,-492.0,947.0,261.0,647.0
-72.0,969.0,-563.0,-646.0,,-227.0,-528.0,1051.0,676.0,846.0
-68.0,369.0,-546.0,-336.0,,408.0,-597.0,1145.0,1098.0,1027.0
-37.0,110.0,-565.0,-67.0,,344.0,-594.0,981.0,1096.0,1163.0
14.0,1.0,-541.0,314.0,,-139.0,-495.0,912.0,387.0,1344.0
33.0,-1049.0,-507.0,690.0,,424.0,-393.0,692.0,217.0,1511.0
54.0,-1091.0,-480.0,960.0,,-373.0,-342.0,620.0,598.0,1633.0
71.0,-1162.0,-453.0,1032.0,,-108.0,-285.0,426.0,416.0,1706.0
152.0,-1300.0,-446.0,706.0,,-14.0,-203.0,157.0,65.0,1741.0
189.0,-447.0,-407.0,334.0,,-427.0,-134.0,11.0,-526.0,1687.0
187.0,727.0,-369.0,345.0,,461.0,-68.0,-38.0,-343.0,1586.0
151.0,-320.0,-312.0,397.0,,-355.0,-54.0,273.0,239.0,1458.0
158.0,-525.0,-324.0,171.0,,-377.0,-84.0,367.0,-171.0,1328.0
216.0,-51.0,-335.0,-251.0,,175.0,-127.0,484.0,-318.0,1241.0
242.0,-883.0,-349.0,-535.0,,-235.0,-199.0,600.0,-451.0,1103.0
225.0,-414.0,-382.0,-598.0,,538.0,-249.0,679.0,-1035.0,955.0
228.0,-165.0,-378.0,-694.0,,-246.0,-231.0,766.0,-1088.0,800.0
356.0,-183.0,-393.0,-759.0,,-310.0,-194.0,484.0,-540.0,696.0
372.0,-506.0,-398.0,-749.0,,256.0,-195.0,413.0,-519.0,590.0
259.0,-616.0,-395.0,-634.0,,-801.0,-117.0,399.0,-1024.0,558.0
158.0,-80.0,-416.0,-501.0,,-226.0,3.0,456.0,-923.0,554.0
85.0,196.0,-404.0,-304.0,,-425.0,7.0,589.0,-278.0,516.0
90.0,384.0,-394.0,-247.0,,-456.0,-38.0,613.0,476.0,551.0
7.0,1.0,-366.0,-384.0,,181.0,-57.0,768.0,311.0,450.0
-90.0,105.0,-373.0,-189.0,,-818.0,-1.0,692.0,-60.0,272.0
-83.0,316.0,-406.0,164.0,,-173.0,99.0,617.0,156.0,115.0
11.0,-458.0,-430.0,472.0,,-222.0,119.0,493.0,426.0,30.0
51.0,-763.0,-456.0,546.0,,-785.0,60.0,349.0,859.0,-112.0
-16.0,-116.0,-412.0,428.0,,35.0,-50.0,339.0,877.0,-237.0
-36.0,86.0,-389.0,332.0,,-802.0,-145.0,358.0,533.0,-213.0
-47.0,1394.0,-360.0,204.0,,-480.0,-233.0,602.0,760.0,-357.0
25.0,1980.0,-343.0,291.0,,-119.0,-310.0,724.0,1006.0,-529.0
25.0,387.0,-328.0,366.0,,-762.0,-332.0,807.0,703.0,-541.0
-41.0,181.0,-360.0,332.0,,152.0,-400.0,759.0,501.0,-482.0
0.0,415.0,-364.0,402.0,,-395.0,-500.0,679.0,181.0,-521.0
25.0,918.0,-361.0,361.0,,-447.0,-551.0,788.0,170.0,-441.0
53.0,353.0,-322.0,288.0,,-45.0,-502.0,724.0,510.0,-183.0
21.0,212.0,-215.0,257.0,,-711.0,-364.0,689.0,540.0,-145.0
-45.0,1726.0,-196.0,188.0,,44.0,-199.0,506.0,134.0,-149.0
-70.0,504.0,-121.0,-12.0,,-719.0,-110.0,284.0,-479.0,-20.0
-65.0,14.0,-62.0,-307.0,,-1034.0,-87.0,118.0,-196.0,-75.0
-60.0,424.0,-51.0,-299.0,,-282.0,-38.0,-136.0,125.0,-351.0
-99.0,360.0,-21.0,-21.0,,-1068.0,11.0,-179.0,317.0,-371.0
-111.0,1181.0,7.0,262.0,,-481.0,104.0,-140.0,726.0,-314.0
-98.0,1686.0,67.0,470.0,,-813.0,154.0,57.0,373.0,-569.0
-102.0,2078.0,138.0,515.0,,-1114.0,144.0,116.0,12.0,-740.0
-164.0,922.0,192.0,451.0,,-398.0,105.0,59.0,485.0,-752.0
-240.0,-169.0,274.0,475.0,,-1191.0,9.0,157.0,605.0,-769.0
-249.0,-499.0,299.0,486.0,,-426.0,-21.0,158.0,-1.0,-673.0
-242.0,-579.0,301.0,384.0,,-528.0,-8.0,291.0,104.0,-477.0
-215.0,67.0,311.0,188.0,,-1301.0,-42.0,260.0,-52.0,-315.0
-223.0,-21.0,301.0,-106.0,,-534.0,-82.0,194.0,-97.0,-220.0
-197.0,121.0,328.0,-148.0,,-1124.0,-60.0,214.0,482.0,-58.0
-141.0,217.0,366.0,-11.0,,-594.0,49.0,279.0,52.0,153.0
-144.0,-251.0,425.0,-35.0,,-448.0,191.0,537.0,-393.0,268.0
-135.0,-552.0,454.0,-94.0,,-1239.0,235.0,489.0,-533.0,226.0
-169.0,-646.0,506.0,-80.0,,-254.0,236.0,430.0,-329.0,193.0
-149.0,-587.0,523.0,46.0,,-718.0,254.0,301.0,-115.0,245.0
-104.0,-659.0,502.0,173.0,,-635.0,250.0,225.0,-113.0,154.0
-122.0,-135.0,465.0,152.0,,-214.0,298.0,201.0,-4.0,38.0
-165.0,-101.0,473.0,171.0,,-845.0,345.0,-68.0,-221.0,37.0
-181.0,-1211.0,511.0,386.0,,37.0,368.0,-66.0,-181.0,84.0
-123.0,-1362.0,525.0,763.0,,-587.0,326.0,-219.0,-260.0,207.0
-95.0,-981.0,591.0,979.0,,-644.0,198.0,-339.0,-611.0,457.0
-100.0,-415.0,562.0,995.0,,-62.0,115.0,-369.0,-706.0,747.0
-104.0,81.0,558.0,940.0,,-1055.0,84.0,-460.0,-556.0,880.0
-76.0,-494.0,549.0,692.0,,-271.0,146.0,-238.0,-301.0,1030.0
-30.0,-1132.0,459.0,489.0,,-512.0,254.0,-40.0,-231.0,1238.0
-13.0,-1728.0,459.0,324.0,,-584.0,328.0,373.0,-326.0,1330.0
0.0,-1439.0,396.0,155.0,,110.0,388.0,752.0,-615.0,1357.0
38.0,-1332.0,358.0,48.0,,-928.0,453.0,934.0,-424.0,1369.0
81.0,-1180.0,351.0,-142.0,,-373.0,553.0,927.0,328.0,1395.0
96.0,-282.0,297.0,-323.0,,-617.0,537.0,593.0,5.0,1264.0
69.0,487.0,293.0,-504.0,,-1133.0,384.0,286.0,-743.0,1147.0
58.0,1845.0,258.0,-669.0,,-342.0,261.0,-194.0,-350.0,1219.0
61.0,422.0,239.0,-629.0,,-1172.0,243.0,-349.0,-105.0,1204.0
35.0,113.0,194.0,-442.0,,-805.0,269.0,-301.0,-600.0,1066.0
-9.0,1518.0,167.0,-260.0,,-511.0,282.0,-371.0,-126.0,990.0
-38.0,1169.0,133.0,-212.0,,-995.0,321.0,-338.0,93.0,954.0
-52.0,1612.0,127.0,-315.0,,-138.0,283.0,-443.0,-267.0,716.0
-49.0,1821.0,122.0,-224.0,,-602.0,166.0,-275.0,399.0,513.0
11.0,2000.0,82.0,90.0,,-76.0,132.0,-227.0,594.0,440.0
-19.0,662.0,90.0,301.0,,509.0,215.0,-373.0,692.0,258.0
-91.0,640.0,65.0,465.0,,-565.0,306.0,-430.0,972.0,97.0
-136.0,1273.0,57.0,437.0,,41.0,338.0,-506.0,998.0,36.0
-100.0,113.0,24.0,258.0,,-508.0,349.0,-436.0,954.0,1.0
-102.0,279.0,-2.0,148.0,,-504.0,329.0,-478.0,946.0,-116.0
-185.0,-47.0,-46.0,-81.0,,114.0,285.0,-369.0,790.0,-172.0
-168.0,-356.0,-39.0,-190.0,,-1197.0,288.0,-251.0,310.0,-152.0
-158.0,-1089.0,-1.0,-217.0,,-544.0,313.0,-92.0,375.0,-187.0
-102.0,-2104.0,20.0,-467.0,,-774.0,299.0,171.0,344.0,-207.0
-136.0,-1542.0,60.0,-730.0,,-1094.0,379.0,169.0,-42.0,-222.0
-178.0,-544.0,15.0,-878.0,,-435.0,556.0,171.0,17.0,-160.0
-122.0,166.0,20.0,-844.0,,-1403.0,707.0,-48.0,398.0,-90.0
-81.0,-32.0,52.0,-643.0,,-554.0,847.0,-279.0,-71.0,-44.0
-107.0,-1033.0,54.0,-408.0,,-338.0,915.0,-533.0,-383.0,10.0
-171.0,-721.0,111.0,-196.0,,-565.0,867.0,-801.0,-424.0,69.0
-114.0,-334.0,149.0,-131.0,,429.0,783.0,-921.0,-42.0,105.0
-80.0,-352.0,135.0,-224.0,,-231.0,763.0,-1158.0,223.0,61.0
-64.0,-357.0,139.0,-30.0,,256.0,785.0,-1019.0,-350.0,38.0
-114.0,-456.0,155.0,298.0,,447.0,775.0,-946.0,-61.0,-86.0
-161.0,475.0,108.0,493.0,,-176.0,727.0,-827.0,41.0,-326.0
-165.0,-370.0,60.0,539.0,,740.0,633.0,-598.0,367.0,-411.0
-211.0,-622.0,6.0,230.0,,73.0,539.0,-498.0,603.0,-444.0
-252.0,-664.0,-87.0,126.0,,3.0,517.0,-199.0,779.0,-628.0
-326.0,-828.0,-115.0,65.0,,253.0,556.0,-169.0,733.0,-798.0
-335.0,688.0,-117.0,-185.0,,-694.0,553.0,-109.0,160.0,-889.0
-331.0,1146.0,-137.0,-273.0,,43.0,535.0,-110.0,662.0,-994.0
-312.0,669.0,-144.0,-547.0,,-358.0,579.0,-158.0,1012.0,-1088.0
-292.0,739.0,-124.0,-739.0,,-488.0,603.0,-164.0,613.0,-1040.0
-285.0,1792.0,-138.0,-694.0,,81.0,603.0,-460.0,-75.0,-1046.0
-240.0,992.0,-168.0,-730.0,,-717.0,616.0,-563.0,75.0,-1167.0
-249.0,1430.0,-200.0,-581.0,,167.0,600.0,-691.0,722.0,-1099.0
-235.0,1406.0,-208.0,-480.0,,25.0,498.0,-731.0,899.0,-1004.0
-194.0,446.0,-191.0,-539.0,,-279.0,358.0,-788.0,413.0,-1054.0
-123.0,1546.0,-216.0,-387.0,,420.0,294.0,-973.0,52.0,-1198.0
-48.0,65.0,-158.0,-223.0,,-344.0,278.0,-838.0,443.0,-1203.0
6.0,-1069.0,-116.0,-38.0,,586.0,332.0,-591.0,490.0,-1189.0
66.0,-620.0,-73.0,121.0,,566.0,462.0,-162.0,645.0,-1250.0
74.0,-337.0,-10.0,186.0,,-232.0,529.0,194.0,175.0,-1194.0
115.0,-485.0,25.0,137.0,,454.0,573.0,397.0,-521.0,-1195.0
175.0,-142.0,77.0,-13.0,,-412.0,688.0,404.0,17.0,-1279.0
202.0,618.0,130.0,10.0,,-77.0,855.0,145.0,617.0,-1339.0
217.0,155.0,185.0,27.0,,-112.0,935.0,-49.0,405.0,-1283.0
229.0,-753.0,273.0,43.0,,-972.0,899.0,-365.0,156.0,-1327.0
250.0,-826.0,367.0,41.0,,39.0,919.0,-515.0,-214.0,-1322.0
251.0,467.0,427.0,-124.0,,-396.0,944.0,-644.0,-173.0,-1126.0
200.0,-263.0,529.0,-93.0,,-41.0,889.0,-737.0,807.0,-976.0
180.0,-725.0,529.0,264.0,,439.0,857.0,-615.0,-132.0,-858.0
251.0,566.0,545.0,516.0,,-370.0,818.0,-720.0,-503.0,-677.0
268.0,373.0,584.0,681.0,,497.0,729.0,-672.0,246.0,-478.0
285.0,-638.0,611.0,738.0,,-10.0,669.0,-635.0,-237.0,-445.0
280.0,-803.0,699.0,588.0,,-37.0,646.0,-545.0,254.0,-401.0
261.0,-189.0,665.0,563.0,,550.0,622.0,-393.0,591.0,-416.0
328.0,-191.0,633.0,588.0,,-473.0,592.0,-460.0,378.0,-476.0
369.0,934.0,580.0,527.0,,143.0,641.0,-406.0,336.0,-516.0
430.0,768.0,458.0,252.0,,-151.0,731.0,-565.0,761.0,-557.0
478.0,-658.0,354.0,57.0,,-279.0,700.0,-663.0,758.0,-552.0
519.0,213.0,218.0,27.0,,293.0,579.0,-733.0,317.0,-611.0
555.0,47.0,155.0,-62.0,,-828.0,419.0,-724.0,-134.0,-644.0
564.0,-657.0,133.0,-107.0,,-150.0,311.0,-556.0,-632.0,-599.0
563.0,-481.0,88.0,-185.0,,101.0,275.0,-681.0,62.0,-516.0
546.0,-242.0,79.0,-60.0,,41.0,201.0,-665.0,-23.0,-532.0
590.0,269.0,14.0,161.0,,896.0,106.0,-720.0,-739.0,-546.0
618.0,-289.0,-11.0,314.0,,255.0,94.0,-569.0,-1005.0,-485.0
633.0,-1046.0,-43.0,415.0,,895.0,144.0,-271.0,-773.0,-403.0
668.0,-1246.0,-37.0,297.0,,947.0,174.0,-184.0,-181.0,-436.0
707.0,-1437.0,34.0,99.0,,323.0,261.0,-22.0,-317.0,-459.0
702.0,-586.0,-2.0,-34.0,,934.0,444.0,-83.0,-775.0,-245.0
678.0,-384.0,40.0,-131.0,,72.0,620.0,-1.0,-844.0,-134.0
666.0,-823.0,51.0,-172.0,,285.0,653.0,-40.0,-683.0,-174.0
645.0,-277.0,-2.0,-146.0,,409.0,551.0,-206.0,-311.0,-137.0
624.0,292.0,48.0,19.0,,-232.0,420.0,-349.0,-285.0,-54.0
518.0,709.0,29.0,321.0,,484.0,305.0,-720.0,-698.0,-117.0
420.0,431.0,26.0,528.0,,-235.0,211.0,-940.0,-870.0,-199.0
346.0,628.0,62.0,593.0,,133.0,55.0,-1189.0,-910.0,-150.0
268.0,772.0,61.0,450.0,,668.0,-160.0,-1165.0,-298.0,-157.0
191.0,1070.0,99.0,193.0,,-102.0,-305.0,-997.0,-393.0,-235.0
140.0,1466.0,127.0,120.0,,362.0,-314.0,-905.0,-474.0,-150.0
161.0,125.0,200.0,243.0,,-174.0,-285.0,-676.0,-188.0,50.0
156.0,-159.0,262.0,136.0,,292.0,-323.0,-545.0,-68.0,17.0
141.0,-236.0,274.0,14.0,,682.0,-361.0,-308.0,798.0,-92.0
112.0,-268.0,285.0,164.0,,-196.0,-289.0,-242.0,363.0,0.0
45.0,324.0,280.0,145.0,,607.0,-159.0,-147.0,-161.0,136.0
-17.0,753.0,310.0,86.0,,291.0,-84.0,14.0,176.0,221.0
-57.0,821.0,332.0,48.0,,339.0,-49.0,55.0,370.0,334.0
-109.0,-43.0,337.0,78.0,,711.0,-7.0,227.0,763.0,349.0
-186.0,286.0,362.0,131.0,,95.0,22.0,219.0,610.0,220.0
-238.0,-259.0,301.0,199.0,,914.0,-48.0,314.0,-39.0,161.0
-299.0,-1606.0,214.0,388.0,,443.0,-215.0,376.0,-187.0,65.0
-331.0,-993.0,187.0,303.0,,198.0,-363.0,397.0,-171.0,-145.0
-305.0,-424.0,92.0,53.0,,674.0,-459.0,441.0,-707.0,-284.0
-350.0,-1948.0,60.0,-176.0,,80.0,-567.0,251.0,-851.0,-339.0
-411.0,-2429.0,58.0,-254.0,,757.0,-685.0,166.0,-297.0,-388.0
-434.0,-649.0,51.0,-117.0,,445.0,-780.0,-36.0,-264.0,-419.0
-420.0,-581.0,3.0,31.0,,280.0,-850.0,-70.0,-728.0,-469.0
-407.0,-642.0,-39.0,114.0,,737.0,-900.0,-31.0,-453.0,-584.0
-461.0,797.0,34.0,167.0,,9.0,-889.0,-116.0,-290.0,-611.0
-498.0,1723.0,49.0,230.0,,486.0,-827.0,-131.0,-725.0,-533.0
-531.0,910.0,86.0,343.0,,308.0,-789.0,-343.0,-790.0,-546.0
-502.0,679.0,97.0,482.0,,179.0,-660.0,-417.0,-686.0,-632.0
-475.0,1183.0,121.0,455.0,,475.0,-416.0,-585.0,-360.0,-557.0
-467.0,421.0,151.0,449.0,,-134.0,-176.0,-703.0,-530.0,-404.0
-402.0,523.0,133.0,378.0,,557.0,-49.0,-626.0,-427.0,-320.0
-352.0,496.0,105.0,23.0,,663.0,-56.0,-567.0,113.0,-146.0
-322.0,24.0,46.0,-328.0,,510.0,-97.0,-245.0,-340.0,1.0
-325.0,-537.0,19.0,-487.0,,787.0,-186.0,-105.0,-532.0,39.0
-325.0,-1311.0,-23.0,-569.0,,237.0,-289.0,-35.0,-232.0,83.0
-302.0,-1293.0,-43.0,-813.0,,527.0,-473.0,-59.0,247.0,141.0
-292.0,-1398.0,-32.0,-1157.0,,87.0,-764.0,-266.0,247.0,151.0
-318.0,-979.0,-47.0,-1188.0,,-405.0,-969.0,-406.0,0.0,46.0
-327.0,-432.0,-33.0,-857.0,,181.0,-997.0,-692.0,361.0,13.0
-317.0,399.0,-17.0,-593.0,,-149.0,-1014.0,-838.0,1017.0,106.0
-295.0,1365.0,-62.0,-347.0,,296.0,-1113.0,-966.0,786.0,87.0
-272.0,1042.0,-89.0,-65.0,,416.0,-1141.0,-909.0,-6.0,16.0
-290.0,423.0,-122.0,111.0,,331.0,-1104.0,-609.0,442.0,101.0
-312.0,375.0,-191.0,254.0,,968.0,-1058.0,-430.0,250.0,182.0
-289.0,1582.0,-242.0,429.0,,370.0,-957.0,-280.0,263.0,187.0
-260.0,972.0,-273.0,754.0,,702.0,-819.0,-400.0,390.0,161.0
-249.0,-571.0,-289.0,880.0,,667.0,-733.0,-458.0,-363.0,130.0
-212.0,231.0,-284.0,746.0,,328.0,-699.0,-502.0,115.0,177.0
-160.0,653.0,-319.0,740.0,,857.0,-712.0,-502.0,243.0,188.0
-106.0,-181.0,-353.0,705.0,,242.0,-838.0,-330.0,193.0,188.0
-110.0,-1053.0,-401.0,504.0,,588.0,-992.0,-369.0,254.0,218.0
-100.0,23.0,-458.0,236.0,,530.0,-1045.0,-310.0,7.0,270.0
-66.0,400.0,-471.0,7.0,,237.0,-1030.0,-373.0,102.0,354.0
-9.0,351.0,-466.0,-31.0,,749.0,-1079.0,-467.0,-149.0,470.0
60.0,1268.0,-469.0,27.0,,-137.0,-1104.0,-541.0,406.0,512.0
117.0,463.0,-425.0,241.0,,135.0,-1058.0,-655.0,597.0,401.0
197.0,265.0,-330.0,550.0,,373.0,-1001.0,-574.0,181.0,415.0
281.0,485.0,-297.0,681.0,,212.0,-925.0,-424.0,497.0,517.0
360.0,868.0,-207.0,617.0,,890.0,-883.0,-103.0,-79.0,536.0
366.0,101.0,-221.0,590.0,,127.0,-846.0,0.0,-68.0,462.0
356.0,-1010.0,-221.0,757.0,,297.0,-769.0,59.0,141.0,473.0
352.0,197.0,-159.0,922.0,,448.0,-629.0,105.0,-808.0,654.0
351.0,876.0,-196.0,1051.0,,-3.0,-479.0,-70.0,-1024.0,681.0
348.0,1183.0,-142.0,1076.0,,673.0,-454.0,-62.0,-742.0,600.0
355.0,1208.0,-111.0,995.0,,95.0,-557.0,-140.0,-322.0,575.0
372.0,1096.0,-58.0,910.0,,280.0,-704.0,-99.0,-232.0,511.0
360.0,1932.0,-20.0,740.0,,589.0,-787.0,-31.0,-589.0,417.0
328.0,1547.0,-18.0,504.0,,34.0,-788.0,-1.0,-470.0,326.0
311.0,-128.0,23.0,183.0,,709.0,-777.0,182.0,96.0,101.0
296.0,65.0,42.0,-207.0,,21.0,-768.0,164.0,529.0,-188.0
260.0,271.0,-6.0,-398.0,,-30.0,-747.0,138.0,413.0,-246.0
236.0,-587.0,4.0,-371.0,,676.0,-725.0,-24.0,378.0,-203.0
146.0,356.0,-44.0,-409.0,,207.0,-684.0,-164.0,414.0,-335.0
41.0,602.0,-152.0,-598.0,,717.0,-627.0,-336.0,526.0,-468.0
-56.0,-590.0,-137.0,-706.0,,173.0,-607.0,-598.0,730.0,-442.0
-116.0,-714.0,-227.0,-591.0,,289.0,-578.0,-650.0,340.0,-329.0
-113.0,222.0,-222.0,-404.0,,939.0,-536.0,-873.0,-395.0,-180.0
-76.0,598.0,-258.0,-276.0,,75.0,-502.0,-807.0,-401.0,-78.0
-61.0,-88.0,-293.0,-365.0,,517.0,-476.0,-641.0,-51.0,2.0
-77.0,-8.0,-284.0,-295.0,,18.0,-431.0,-550.0,-86.0,111.0
-73.0,344.0,-368.0,-96.0,,-73.0,-261.0,-388.0,-121.0,259.0
-36.0,102.0,-302.0,-162.0,,615.0,-154.0,-437.0,-311.0,411.0
50.0,-406.0,-336.0,-242.0,,-235.0,-162.0,-262.0,216.0,417.0
73.0,-1254.0,-343.0,-180.0,,341.0,-134.0,-160.0,428.0,340.0
132.0,-1197.0,-351.0,-60.0,,202.0,-111.0,-73.0,260.0,375.0
188.0,-437.0,-418.0,-27.0,,118.0,-99.0,1.0,247.0,515.0
200.0,-82.0,-500.0,-1.0,,1055.0,-168.0,-25.0,9.0,574.0
213.0,-340.0,-644.0,-36.0,,509.0,-280.0,27.0,633.0,464.0
219.0,-896.0,-695.0,-55.0,,716.0,-402.0,-133.0,823.0,380.0
226.0,-1126.0,-747.0,48.0,,37.0,-545.0,-145.0,681.0,423.0
205.0,-1124.0,-758.0,166.0,,-270.0,-594.0,-116.0,193.0,451.0
196.0,-400.0,-719.0,287.0,,801.0,-586.0,36.0,486.0,385.0
144.0,92.0,-702.0,458.0,,196.0,-670.0,234.0,1071.0,381.0
130.0,81.0,-685.0,617.0,,436.0,-804.0,310.0,272.0,410.0
102.0,474.0,-634.0,599.0,,421.0,-798.0,443.0,195.0,349.0
0.0,509.0,-644.0,482.0,,333.0,-674.0,280.0,174.0,439.0
-132.0,1258.0,-671.0,318.0,,872.0,-534.0,125.0,-14.0,495.0
-231.0,1298.0,-639.0,269.0,,-172.0,-398.0,-169.0,-158.0,327.0
-310.0,-472.0,-647.0,158.0,,138.0,-310.0,-352.0,-673.0,273.0
-434.0,41.0,-678.0,162.0,,303.0,-271.0,-315.0,-994.0,366.0
-517.0,1771.0,-732.0,231.0,,91.0,-254.0,-461.0,-567.0,370.0
-525.0,1112.0,-731.0,39.0,,838.0,-199.0,-301.0,-383.0,159.0
-511.0,282.0,-720.0,149.0,,127.0,-105.0,-242.0,-1002.0,122.0
-548.0,570.0,-726.0,330.0,,497.0,-18.0,-166.0,-582.0,259.0
-548.0,-97.0,-673.0,222.0,,406.0,31.0,-25.0,-50.0,203.0
-520.0,63.0,-641.0,290.0,,-356.0,0.0,-70.0,-406.0,162.0
-488.0,710.0,-601.0,404.0,,520.0,-102.0,5.0,-639.0,213.0
-468.0,-430.0,-528.0,115.0,,179.0,-166.0,-97.0,-557.0,152.0
-457.0,-799.0,-478.0,-287.0,,563.0,-107.0,-79.0,312.0,26.0
-392.0,-510.0,-488.0,-670.0,,628.0,10.0,-109.0,670.0,16.0
-361.0,-539.0,-479.0,-889.0,,25.0,137.0,-201.0,-176.0,-52.0
-352.0,168.0,-485.0,-1020.0,,870.0,266.0,-210.0,8.0,-228.0
-300.0,565.0,-542.0,-1143.0,,130.0,321.0,-314.0,569.0,-227.0
-217.0,-432.0,-530.0,-952.0,,143.0,293.0,-151.0,693.0,-104.0
-217.0,419.0,-524.0,-801.0,,521.0,280.0,20.0,477.0,-98.0
-242.0,1697.0,-511.0,-659.0,,202.0,339.0,280.0,-319.0,-110.0
-225.0,-303.0,-500.0,-419.0,,1007.0,353.0,460.0,-384.0,-12.0
-224.0,-892.0,-461.0,-176.0,,270.0,287.0,482.0,195.0,59.0
-237.0,46.0,-408.0,24.0,,291.0,227.0,452.0,125.0,118.0
-229.0,-334.0,-406.0,207.0,,807.0,132.0,118.0,-601.0,264.0
-191.0,-625.0,-365.0,247.0,,93.0,-42.0,-153.0,-374.0,331.0
-205.0,-577.0,-327.0,13.0,,522.0,-250.0,-478.0,-387.0,303.0
-255.0,-264.0,-371.0,-149.0,,-144.0,-409.0,-545.0,-1167.0,384.0
-304.0,-518.0,-390.0,-197.0,,-340.0,-496.0,-413.0,-1060.0,397.0
-321.0,-548.0,-380.0,-140.0,,127.0,-536.0,-303.0,-1076.0,258.0
-376.0,612.0,-413.0,-301.0,,-553.0,-531.0,36.0,-867.0,108.0
-470.0,1054.0,-384.0,-624.0,,252.0,-434.0,197.0,-721.0,-19.0
-510.0,993.0,-360.0,-570.0,,155.0,-288.0,463.0,-605.0,-125.0
-512.0,952.0,-341.0,-396.0,,10.0,-157.0,528.0,-412.0,-258.0
-508.0,789.0,-299.0,-242.0,,548.0,-10.0,389.0,-419.0,-339.0
-481.0,618.0,-308.0,0.0,,-146.0,90.0,408.0,515.0,-404.0
-464.0,464.0,-240.0,155.0,,363.0,151.0,280.0,407.0,-424.0
-455.0,-355.0,-162.0,252.0,,32.0,179.0,308.0,-207.0,-340.0
-408.0,-958.0,-216.0,461.0,,-242.0,144.0,186.0,187.0,-294.0
-382.0,-846.0,-116.0,657.0,,519.0,45.0,136.0,499.0,-188.0
-372.0,-1031.0,-95.0,648.0,,-64.0,-153.0,164.0,666.0,36.0
-405.0,-550.0,-128.0,553.0,,413.0,-265.0,68.0,598.0,278.0
-402.0,-831.0,-11.0,470.0,,289.0,-232.0,160.0,133.0,426.0
-405.0,-777.0,-66.0,342.0,,-139.0,-179.0,90.0,8.0,489.0
-455.0,-1072.0,-73.0,205.0,,560.0,-122.0,160.0,1059.0,513.0
-455.0,-770.0,-45.0,23.0,,-304.0,-122.0,144.0,1327.0,456.0
-436.0,500.0,-98.0,-170.0,,-35.0,-160.0,96.0,103.0,527.0
-438.0,-579.0,-93.0,-231.0,,341.0,-98.0,190.0,-209.0,589.0
-462.0,-5.0,-14.0,-203.0,,0.0,35.0,96.0,77.0,449.0
-432.0,255.0,-27.0,-238.0,,722.0,86.0,223.0,322.0,422.0
-368.0,54.0,-1.0,-154.0,,-174.0,57.0,280.0,245.0,493.0
-308.0,-253.0,24.0,93.0,,129.0,6.0,343.0,-158.0,489.0
-322.0,-991.0,-43.0,186.0,,556.0,-2.0,393.0,258.0,423.0
-351.0,445.0,-38.0,48.0,,-486.0,1.0,351.0,365.0,347.0
-315.0,383.0,-102.0,-141.0,,-1.0,-89.0,450.0,153.0,248.0
-305.0,1133.0,-134.0,-197.0,,-563.0,-155.0,415.0,453.0,211.0
-371.0,1231.0,-135.0,-102.0,,-166.0,-172.0,450.0,459.0,273.0
-403.0,-348.0,-167.0,100.0,,404.0,-157.0,349.0,-256.0,170.0
-315.0,265.0,-163.0,189.0,,-452.0,-116.0,304.0,-212.0,-10.0
-214.0,489.0,-136.0,148.0,,393.0,-104.0,432.0,112.0,-52.0
-159.0,-10.0,-90.0,240.0,,-32.0,-29.0,491.0,30.0,-107.0
-127.0,-376.0,-8.0,412.0,,-158.0,20.0,698.0,-108.0,-222.0
-45.0,-382.0,32.0,420.0,,237.0,3.0,740.0,-696.0,-268.0
24.0,-384.0,75.0,268.0,,-668.0,0.0,881.0,-154.0,-284.0
46.0,-331.0,123.0,94.0,,152.0,6.0,1034.0,-24.0,-300.0
57.0,-478.0,117.0,46.0,,-60.0,-39.0,1091.0,-390.0,-214.0
122.0,-915.0,188.0,62.0,,-253.0,-193.0,1112.0,-544.0,-65.0
201.0,-697.0,200.0,-51.0,,514.0,-302.0,861.0,-456.0,41.0
216.0,218.0,209.0,-117.0,,-133.0,-313.0,905.0,186.0,64.0
181.0,581.0,290.0,-130.0,,554.0,-283.0,921.0,171.0,116.0
209.0,-340.0,320.0,-60.0,,278.0,-239.0,916.0,172.0,164.0
282.0,113.0,368.0,54.0,,-318.0,-180.0,790.0,-198.0,95.0
249.0,143.0,386.0,28.0,,415.0,-63.0,325.0,-443.0,39.0
196.0,-209.0,403.0,-16.0,,-291.0,67.0,53.0,-196.0,26.0
185.0,46.0,391.0,-29.0,,139.0,70.0,-315.0,349.0,-91.0
219.0,-1104.0,323.0,0.0,,-63.0,16.0,-417.0,475.0,-270.0
218.0,-1800.0,270.0,-20.0,,-864.0,29.0,-450.0,-159.0,-330.0
200.0,-1468.0,138.0,-101.0,,-49.0,-40.0,-489.0,-91.0,-472.0
153.0,-804.0,80.0,-100.0,,-792.0,-201.0,-312.0,289.0,-666.0
99.0,-1213.0,15.0,-52.0,,-628.0,-318.0,-251.0,566.0,-705.0
61.0,-1606.0,-81.0,57.0,,-187.0,-330.0,57.0,270.0,-800.0
-62.0,-932.0,-120.0,183.0,,-847.0,-288.0,251.0,-596.0,-943.0
-184.0,-547.0,-174.0,72.0,,-165.0,-224.0,513.0,-684.0,-1039.0
-237.0,-954.0,-174.0,-34.0,,-698.0,-107.0,820.0,-474.0,-1069.0
-273.0,-413.0,-137.0,-42.0,,-723.0,33.0,975.0,-462.0,-1034.0
-372.0,1031.0,-82.0,-134.0,,51.0,168.0,1247.0,-623.0,-971.0
-435.0,777.0,-28.0,-161.0,,-556.0,264.0,1313.0,-1038.0,-881.0
-423.0,1090.0,12.0,-245.0,,-36.0,326.0,1472.0,-951.0,-729.0
-414.0,2089.0,74.0,-186.0,,-171.0,330.0,1539.0,-416.0,-449.0
-447.0,1798.0,118.0,-102.0,,-364.0,291.0,1467.0,-219.0,-306.0
-486.0,952.0,118.0,-254.0,,168.0,165.0,1206.0,-167.0,-234.0
-502.0,977.0,150.0,-135.0,,-610.0,-38.0,739.0,-304.0,-143.0
-432.0,557.0,114.0,151.0,,-39.0,-136.0,452.0,-756.0,-104.0
-332.0,9.0,110.0,353.0,,202.0,-55.0,40.0,-308.0,-92.0
-292.0,346.0,113.0,580.0,,-299.0,57.0,-83.0,-307.0,-218.0
-232.0,-149.0,67.0,674.0,,340.0,108.0,-70.0,-812.0,-262.0
-130.0,-706.0,101.0,586.0,,-292.0,185.0,51.0,-739.0,-344.0
-37.0,-1449.0,124.0,356.0,,-91.0,321.0,458.0,-303.0,-450.0
-4.0,-1571.0,203.0,155.0,,306.0,442.0,617.0,-53.0,-447.0
85.0,-1478.0,283.0,233.0,,-636.0,503.0,861.0,-253.0,-392.0
129.0,-883.0,290.0,217.0,,-125.0,537.0,897.0,-434.0,-298.0
169.0,-973.0,295.0,89.0,,-333.0,489.0,814.0,-431.0,-280.0
235.0,-1457.0,308.0,123.0,,-544.0,448.0,652.0,-15.0,-217.0
262.0,752.0,272.0,179.0,,-240.0,497.0,293.0,-231.0,-162.0
244.0,559.0,224.0,365.0,,-1057.0,462.0,177.0,-85.0,-120.0
201.0,164.0,163.0,648.0,,-324.0,387.0,11.0,-217.0,-114.0
289.0,1651.0,165.0,744.0,,-306.0,336.0,103.0,-505.0,-126.0
319.0,1750.0,173.0,529.0,,-685.0,211.0,264.0,-94.0,-154.0
271.0,1380.0,166.0,208.0,,-17.0,-23.0,487.0,376.0,-241.0
188.0,359.0,208.0,-141.0,,-622.0,-271.0,739.0,107.0,-444.0
146.0,739.0,236.0,-389.0,,-70.0,-423.0,613.0,-459.0,-639.0
108.0,925.0,319.0,-373.0,,62.0,-456.0,598.0,-239.0,-713.0
3.0,379.0,364.0,-222.0,,-584.0,-377.0,412.0,-468.0,-892.0
-96.0,720.0,455.0,-154.0,,-16.0,-263.0,343.0,154.0,-925.0
-177.0,647.0,534.0,-273.0,,-512.0,-181.0,380.0,26.0,-905.0
-163.0,338.0,530.0,-408.0,,-340.0,-95.0,393.0,-118.0,-1039.0
-198.0,-322.0,558.0,-585.0,,-123.0,3.0,565.0,192.0,-1109.0
-254.0,-548.0,545.0,-688.0,,-589.0,97.0,410.0,-316.0,-1009.0
-262.0,-557.0,512.0,-551.0,,269.0,134.0,447.0,80.0,-1010.0
-225.0,-640.0,519.0,-378.0,,62.0,125.0,539.0,-406.0,-1189.0
-246.0,-336.0,553.0,-342.0,,-229.0,183.0,742.0,-476.0,-1127.0
-346.0,287.0,600.0,-394.0,,-41.0,287.0,1043.0,431.0,-1010.0
-361.0,171.0,621.0,-390.0,,-834.0,367.0,1038.0,226.0,-946.0
-325.0,-91.0,653.0,-260.0,,-342.0,394.0,1141.0,-130.0,-757.0
-263.0,255.0,701.0,-169.0,,-227.0,381.0,1149.0,-292.0,-550.0
-238.0,493.0,724.0,-147.0,,-756.0,395.0,1193.0,-130.0,-365.0
-228.0,815.0,725.0,-31.0,,-226.0,355.0,1095.0,161.0,-110.0
-137.0,495.0,703.0,170.0,,-653.0,278.0,849.0,-141.0,152.0
-10.0,448.0,697.0,233.0,,-517.0,273.0,618.0,-201.0,281.0
51.0,77.0,594.0,-12.0,,-118.0,205.0,301.0,-265.0,508.0
62.0,-267.0,496.0,-199.0,,-630.0,67.0,356.0,-188.0,774.0
122.0,-993.0,376.0,-174.0,,-93.0,8.0,314.0,353.0,825.0
221.0,-2140.0,229.0,-175.0,,-168.0,43.0,373.0,143.0,868.0
270.0,-1949.0,174.0,-345.0,,-80.0,131.0,487.0,-274.0,965.0
257.0,-2479.0,80.0,-526.0,,465.0,241.0,314.0,-383.0,1040.0
262.0,-2434.0,10.0,-661.0,,-494.0,343.0,219.0,-483.0,1077.0
256.0,-1556.0,-14.0,-670.0,,-335.0,375.0,-131.0,-357.0,1144.0
225.0,-1327.0,0.0,-341.0,,-232.0,352.0,-367.0,-572.0,1193.0
206.0,-1247.0,3.0,43.0,,-639.0,272.0,-543.0,-610.0,1043.0
225.0,-624.0,-35.0,206.0,,23.0,188.0,-607.0,-147.0,1016.0
277.0,391.0,-30.0,183.0,,-626.0,160.0,-382.0,290.0,1041.0
303.0,1366.0,-50.0,335.0,,-570.0,15.0,-225.0,591.0,765.0
343.0,1449.0,-75.0,435.0,,-202.0,-196.0,203.0,332.0,497.0
367.0,896.0,-48.0,239.0,,-758.0,-365.0,487.0,443.0,354.0
370.0,1572.0,-67.0,169.0,,19.0,-512.0,727.0,612.0,183.0
360.0,1464.0,-78.0,228.0,,-319.0,-569.0,868.0,552.0,17.0
336.0,907.0,-41.0,282.0,,-511.0,-542.0,735.0,459.0,-16.0
316.0,665.0,-2.0,160.0,,23.0,-407.0,589.0,0.0,-148.0
267.0,389.0,36.0,-13.0,,-721.0,-183.0,208.0,-16.0,-369.0
257.0,664.0,132.0,-31.0,,-188.0,51.0,72.0,262.0,-385.0
247.0,868.0,224.0,13.0,,-69.0,274.0,-68.0,435.0,-414.0
255.0,598.0,274.0,189.0,,-608.0,465.0,-101.0,423.0,-507.0
256.0,-170.0,328.0,368.0,,-242.0,649.0,35.0,-37.0,-580.0
272.0,88.0,368.0,297.0,,-567.0,838.0,81.0,92.0,-546.0
303.0,472.0,370.0,38.0,,-191.0,934.0,299.0,462.0,-530.0
327.0,25.0,300.0,-104.0,,-239.0,848.0,205.0,519.0,-586.0
385.0,-528.0,293.0,-131.0,,-986.0,666.0,181.0,460.0,-471.0
386.0,-860.0,229.0,-150.0,,-306.0,412.0,234.0,-138.0,-394.0
431.0,-673.0,223.0,-152.0,,-596.0,82.0,266.0,-8.0,-501.0
465.0,-145.0,201.0,-249.0,,-1032.0,-238.0,448.0,246.0,-553.0
500.0,-253.0,100.0,-435.0,,-477.0,-468.0,423.0,540.0,-447.0
456.0,-562.0,40.0,-532.0,,-834.0,-570.0,389.0,320.0,-428.0
376.0,498.0,-65.0,-362.0,,-438.0,-592.0,201.0,-322.0,-513.0
374.0,949.0,-51.0,-74.0,,-365.0,-523.0,118.0,192.0,-561.0
329.0,234.0,-138.0,243.0,,-1128.0,-266.0,83.0,533.0,-558.0
319.0,-302.0,-210.0,502.0,,-421.0,59.0,-27.0,199.0,-505.0
271.0,-363.0,-209.0,480.0,,-246.0,321.0,-18.0,-383.0,-456.0
254.0,323.0,-268.0,231.0,,39.0,691.0,-116.0,-417.0,-412.0
240.0,752.0,-308.0,-178.0,,32.0,1000.0,-1.0,-298.0,-293.0
235.0,270.0,-362.0,-395.0,,-1141.0,1073.0,-36.0,223.0,-283.0
275.0,-30.0,-409.0,-439.0,,-696.0,1046.0,-142.0,156.0,-355.0
318.0,-21.0,-440.0,-491.0,,-922.0,868.0,-197.0,-593.0,-249.0
335.0,2.0,-463.0,-370.0,,-1088.0,580.0,-319.0,-97.0,-306.0
249.0,331.0,-488.0,-462.0,,-489.0,219.0,-214.0,282.0,-465.0
182.0,-46.0,-467.0,-735.0,,-1340.0,-104.0,-423.0,237.0,-502.0
136.0,-205.0,-466.0,-733.0,,-910.0,-280.0,-691.0,131.0,-508.0
77.0,614.0,-434.0,-570.0,,-745.0,-393.0,-1038.0,-247.0,-542.0
-81.0,668.0,-405.0,-362.0,,-1116.0,-411.0,-1206.0,-40.0,-488.0
-172.0,144.0,-387.0,-71.0,,-715.0,-272.0,-844.0,580.0,-218.0
-153.0,340.0,-363.0,89.0,,-1117.0,-102.0,-591.0,455.0,-33.0
-171.0,653.0,-338.0,167.0,,-789.0,30.0,-205.0,103.0,53.0
-204.0,671.0,-269.0,413.0,,-938.0,162.0,-40.0,-392.0,239.0
-216.0,975.0,-233.0,716.0,,-940.0,290.0,38.0,-130.0,567.0
-141.0,1012.0,-181.0,884.0,,-384.0,441.0,182.0,873.0,697.0
-57.0,984.0,-152.0,832.0,,-1185.0,518.0,118.0,662.0,599.0
-24.0,687.0,-103.0,660.0,,-951.0,477.0,254.0,89.0,594.0
-44.0,-28.0,-38.0,220.0,,-726.0,411.0,279.0,-146.0,549.0
56.0,53.0,-25.0,-255.0,,-988.0,315.0,378.0,219.0,341.0
141.0,384.0,59.0,-366.0,,-430.0,201.0,424.0,303.0,140.0
101.0,219.0,98.0,-436.0,,-816.0,145.0,251.0,34.0,116.0
102.0,-482.0,117.0,-753.0,,-1066.0,129.0,66.0,-242.0,45.0
174.0,-454.0,183.0,-1105.0,,-733.0,160.0,-356.0,-596.0,-8.0
245.0,271.0,159.0,-1262.0,,-803.0,243.0,-748.0,360.0,88.0
204.0,329.0,190.0,-1145.0,,-434.0,315.0,-1280.0,506.0,143.0
161.0,430.0,197.0,-792.0,,-558.0,470.0,-1712.0,311.0,164.0
132.0,459.0,129.0,-546.0,,-827.0,693.0,-1847.0,699.0,256.0
174.0,780.0,116.0,-314.0,,-705.0,864.0,-1879.0,413.0,334.0
237.0,790.0,62.0,-228.0,,-1020.0,920.0,-1668.0,531.0,253.0
171.0,296.0,11.0,-365.0,,-544.0,942.0,-1428.0,447.0,141.0
100.0,404.0,10.0,-359.0,,-617.0,1005.0,-901.0,6.0,55.0
173.0,93.0,-32.0,-332.0,,-951.0,1022.0,-267.0,-235.0,22.0
267.0,-381.0,-69.0,-349.0,,-148.0,954.0,240.0,-155.0,-38.0
207.0,373.0,-74.0,-377.0,,-471.0,867.0,489.0,-369.0,-136.0
127.0,854.0,-105.0,-287.0,,-604.0,832.0,327.0,-288.0,-136.0
138.0,-905.0,-107.0,-114.0,,-246.0,762.0,123.0,161.0,-119.0
165.0,-1620.0,-148.0,-36.0,,-302.0,618.0,-395.0,60.0,-139.0
129.0,-1261.0,-216.0,125.0,,22.0,403.0,-901.0,-109.0,-158.0
89.0,-1783.0,-218.0,301.0,,-719.0,154.0,-1201.0,201.0,-66.0
133.0,-1834.0,-249.0,359.0,,-1015.0,-10.0,-1396.0,581.0,36.0
210.0,-1683.0,-275.0,389.0,,-260.0,-134.0,-1367.0,14.0,58.0
216.0,-975.0,-253.0,304.0,,-245.0,-228.0,-1496.0,-169.0,177.0
216.0,-260.0,-251.0,228.0,,-66.0,-317.0,-1574.0,-188.0,342.0
235.0,11.0,-240.0,256.0,,-389.0,-392.0,-1629.0,-224.0,435.0
257.0,401.0,-224.0,262.0,,-836.0,-342.0,-1596.0,-147.0,477.0
275.0,981.0,-204.0,152.0,,-222.0,-227.0,-1592.0,-162.0,467.0
265.0,839.0,-163.0,35.0,,-120.0,-140.0,-1666.0,-564.0,448.0
318.0,465.0,-127.0,-8.0,,-393.0,-51.0,-1474.0,-805.0,415.0
401.0,1211.0,-133.0,-70.0,,-484.0,127.0,-1345.0,77.0,417.0
443.0,1161.0,-135.0,-210.0,,-656.0,379.0,-1079.0,167.0,413.0
462.0,47.0,-111.0,-272.0,,-398.0,617.0,-995.0,5.0,325.0
463.0,-256.0,-109.0,-110.0,,-474.0,835.0,-1016.0,-55.0,268.0
416.0,-155.0,-137.0,4.0,,-689.0,1064.0,-846.0,415.0,265.0
370.0,-798.0,-148.0,89.0,,-275.0,1206.0,-896.0,755.0,308.0
386.0,-1086.0,-142.0,29.0,,-502.0,1174.0,-824.0,348.0,244.0
349.0,-602.0,-158.0,-169.0,,-540.0,1144.0,-936.0,667.0,183.0
265.0,40.0,-126.0,-149.0,,-46.0,1137.0,-1141.0,455.0,196.0
227.0,435.0,-98.0,-131.0,,-219.0,1120.0,-1319.0,245.0,48.0
253.0,217.0,-90.0,-252.0,,-208.0,1111.0,-1683.0,366.0,-113.0
226.0,451.0,-68.0,-336.0,,-338.0,972.0,-1880.0,315.0,-213.0
147.0,590.0,-87.0,-453.0,,-633.0,783.0,-1956.0,279.0,-253.0
139.0,-103.0,-75.0,-571.0,,-427.0,657.0,-1583.0,-54.0,-349.0
181.0,-527.0,-58.0,-495.0,,-247.0,573.0,-1136.0,38.0,-510.0
219.0,-547.0,-66.0,-432.0,,-214.0,570.0,-768.0,112.0,-492.0
207.0,-685.0,-12.0,-380.0,,-373.0,674.0,-441.0,88.0,-367.0
145.0,-1179.0,6.0,-200.0,,-399.0,821.0,-539.0,201.0,-372.0
118.0,-754.0,7.0,-132.0,,-103.0,953.0,-567.0,-61.0,-450.0
182.0,7.0,6.0,-235.0,,-265.0,988.0,-582.0,-26.0,-427.0
168.0,-397.0,-7.0,-294.0,,-540.0,885.0,-537.0,139.0,-378.0
78.0,-429.0,12.0,-289.0,,-334.0,708.0,-654.0,-211.0,-278.0
55.0,-409.0,4.0,-397.0,,-440.0,491.0,-1029.0,-47.0,-137.0
75.0,-56.0,33.0,-566.0,,-344.0,177.0,-1293.0,912.0,-132.0
7.0,260.0,62.0,-519.0,,-304.0,-179.0,-1472.0,418.0,-190.0
-65.0,-382.0,71.0,-137.0,,-735.0,-408.0,-1297.0,-544.0,-21.0
-27.0,168.0,59.0,161.0,,-415.0,-464.0,-1271.0,96.0,218.0
-16.0,706.0,21.0,254.0,,-385.0,-373.0,-1250.0,222.0,233.0
-14.0,450.0,-14.0,424.0,,-752.0,-263.0,-1062.0,31.0,135.0
-33.0,76.0,-9.0,510.0,,-449.0,-142.0,-968.0,43.0,87.0
-35.0,-185.0,-2.0,528.0,,-423.0,20.0,-654.0,-238.0,110.0
-47.0,-122.0,-6.0,466.0,,-635.0,249.0,-460.0,147.0,86.0
-65.0,-885.0,44.0,218.0,,-285.0,603.0,-275.0,153.0,50.0
-97.0,-836.0,41.0,54.0,,-174.0,970.0,-328.0,-30.0,-66.0
-150.0,176.0,93.0,7.0,,-437.0,1269.0,-729.0,-75.0,-174.0
-142.0,301.0,106.0,-43.0,,-275.0,1389.0,-1040.0,-270.0,-71.0
-193.0,-39.0,61.0,-2.0,,-127.0,1361.0,-1322.0,63.0,104.0
-210.0,152.0,25.0,150.0,,-198.0,1267.0,-1413.0,92.0,250.0
-205.0,575.0,-16.0,338.0,,-169.0,1056.0,-1476.0,-57.0,360.0
-190.0,202.0,-67.0,633.0,,-446.0,800.0,-1422.0,5.0,559.0
-183.0,150.0,-174.0,873.0,,-657.0,609.0,-1395.0,343.0,823.0
-142.0,671.0,-210.0,779.0,,-75.0,416.0,-1402.0,679.0,1032.0
-64.0,958.0,-247.0,505.0,,32.0,155.0,-1304.0,748.0,1131.0
-23.0,664.0,-235.0,190.0,,-306.0,-14.0,-1339.0,302.0,1144.0
-5.0,-4.0,-228.0,-143.0,,-87.0,-51.0,-1053.0,-40.0,1207.0
-36.0,-499.0,-183.0,-381.0,,39.0,-36.0,-709.0,632.0,1127.0
2.0,-867.0,-122.0,-392.0,,77.0,91.0,-399.0,837.0,981.0
-6.0,-903.0,-78.0,-312.0,,257.0,330.0,-168.0,828.0,878.0
-21.0,-351.0,-32.0,-352.0,,332.0,507.0,-125.0,548.0,549.0
-21.0,111.0,-40.0,-254.0,,200.0,589.0,-3.0,-30.0,302.0
16.0,-492.0,36.0,-55.0,,525.0,556.0,-116.0,-26.0,213.0
108.0,-443.0,22.0,58.0,,731.0,398.0,53.0,352.0,89.0
132.0,-27.0,42.0,183.0,,329.0,268.0,254.0,706.0,-71.0
132.0,-438.0,68.0,190.0,,505.0,123.0,249.0,181.0,-184.0
92.0,-433.0,33.0,-17.0,,682.0,40.0,247.0,-423.0,-139.0
107.0,-289.0,93.0,-290.0,,546.0,-10.0,-31.0,-403.0,-147.0
48.0,-614.0,130.0,-491.0,,385.0,-78.0,-169.0,53.0,-185.0
-57.0,26.0,196.0,-566.0,,300.0,-26.0,-460.0,205.0,-245.0
-58.0,930.0,234.0,-716.0,,425.0,25.0,-644.0,-121.0,-256.0
-23.0,518.0,236.0,-797.0,,262.0,82.0,-609.0,-464.0,-234.0
-30.0,1026.0,233.0,-460.0,,327.0,130.0,-489.0,-336.0,-202.0
-26.0,1195.0,221.0,-208.0,,402.0,90.0,-160.0,303.0,-118.0
45.0,845.0,188.0,-41.0,,434.0,22.0,-55.0,298.0,-175.0
97.0,815.0,104.0,243.0,,715.0,-23.0,206.0,-109.0,-181.0
154.0,-21.0,108.0,334.0,,370.0,-7.0,360.0,-395.0,-120.0
174.0,-472.0,65.0,351.0,,421.0,81.0,463.0,150.0,-101.0
173.0,-567.0,28.0,335.0,,868.0,166.0,676.0,827.0,-146.0
207.0,-556.0,109.0,319.0,,601.0,201.0,761.0,393.0,-226.0
276.0,-1018.0,121.0,363.0,,638.0,273.0,984.0,-98.0,-318.0
323.0,-1017.0,185.0,468.0,,929.0,338.0,903.0,-24.0,-422.0
345.0,-444.0,206.0,547.0,,916.0,313.0,692.0,383.0,-423.0
426.0,-196.0,207.0,456.0,,784.0,272.0,336.0,524.0,-437.0
513.0,-120.0,316.0,235.0,,746.0,296.0,-35.0,301.0,-418.0
550.0,109.0,313.0,17.0,,653.0,340.0,-177.0,-68.0,-380.0
578.0,168.0,332.0,-117.0,,509.0,330.0,-511.0,50.0,-350.0
631.0,-85.0,365.0,-248.0,,830.0,278.0,-654.0,-73.0,-216.0
639.0,391.0,357.0,-316.0,,611.0,171.0,-720.0,-307.0,-112.0
610.0,-34.0,388.0,-336.0,,241.0,3.0,-580.0,293.0,-214.0
589.0,-454.0,360.0,-273.0,,599.0,-148.0,-351.0,-124.0,-319.0
583.0,-217.0,348.0,-118.0,,507.0,-199.0,-314.0,-393.0,-241.0
510.0,48.0,409.0,35.0,,415.0,-214.0,-66.0,141.0,-337.0
439.0,245.0,441.0,55.0,,652.0,-250.0,83.0,234.0,-512.0
393.0,-7.0,452.0,-96.0,,517.0,-271.0,256.0,-323.0,-516.0
362.0,281.0,523.0,-24.0,,389.0,-361.0,363.0,-853.0,-513.0
362.0,99.0,539.0,235.0,,579.0,-497.0,373.0,-428.0,-560.0
257.0,278.0,537.0,588.0,,407.0,-554.0,336.0,-343.0,-552.0
175.0,176.0,579.0,932.0,,49.0,-546.0,245.0,-326.0,-474.0
146.0,-882.0,522.0,1026.0,,384.0,-553.0,327.0,-506.0,-427.0
94.0,-953.0,463.0,964.0,,550.0,-567.0,184.0,-240.0,-329.0
21.0,-403.0,423.0,661.0,,381.0,-520.0,258.0,536.0,-168.0
0.0,-393.0,398.0,318.0,,460.0,-500.0,439.0,489.0,-115.0
11.0,-498.0,350.0,49.0,,242.0,-527.0,491.0,465.0,-124.0
-3.0,-374.0,269.0,-175.0,,4.0,-523.0,674.0,322.0,-30.0
-15.0,-658.0,254.0,-252.0,,202.0,-532.0,683.0,524.0,11.0
-13.0,25.0,230.0,-372.0,,382.0,-542.0,864.0,479.0,-48.0
38.0,299.0,199.0,-344.0,,367.0,-543.0,920.0,423.0,-138.0
49.0,-23.0,154.0,-76.0,,598.0,-596.0,859.0,694.0,-92.0
91.0,-483.0,155.0,206.0,,829.0,-710.0,831.0,429.0,43.0
163.0,77.0,170.0,500.0,,538.0,-772.0,607.0,415.0,40.0
206.0,1782.0,134.0,705.0,,666.0,-687.0,600.0,138.0,45.0
245.0,1326.0,116.0,709.0,,860.0,-578.0,509.0,65.0,8.0
261.0,900.0,75.0,578.0,,526.0,-567.0,548.0,-74.0,28.0
261.0,206.0,14.0,346.0,,524.0,-632.0,694.0,-265.0,45.0
236.0,367.0,-33.0,120.0,,386.0,-564.0,811.0,196.0,0.0
249.0,441.0,-49.0,0.0,,148.0,-348.0,1084.0,-127.0,-28.0
277.0,-854.0,-70.0,-82.0,,272.0,-209.0,1119.0,-319.0,-238.0
245.0,-550.0,-99.0,-262.0,,571.0,-46.0,1206.0,-166.0,-358.0
198.0,-384.0,-98.0,-638.0,,365.0,98.0,1086.0,-464.0,-328.0
172.0,-756.0,-41.0,-825.0,,42.0,169.0,881.0,-232.0,-369.0
165.0,-1399.0,-39.0,-809.0,,240.0,168.0,768.0,-15.0,-537.0
198.0,-1599.0,-23.0,-772.0,,-31.0,-54.0,567.0,-248.0,-575.0
213.0,-1935.0,31.0,-683.0,,128.0,-356.0,482.0,-530.0,-335.0
180.0,-1109.0,-25.0,-601.0,,630.0,-704.0,182.0,-887.0,-227.0
143.0,-192.0,-42.0,-418.0,,443.0,-1025.0,3.0,-818.0,-184.0
180.0,-235.0,-64.0,-211.0,,461.0,-1171.0,-166.0,-623.0,-13.0
197.0,216.0,-144.0,83.0,,759.0,-1315.0,-144.0,-564.0,123.0
177.0,220.0,-185.0,407.0,,735.0,-1374.0,171.0,-597.0,153.0
219.0,1012.0,-220.0,673.0,,567.0,-1297.0,303.0,-550.0,269.0
268.0,993.0,-295.0,828.0,,751.0,-1223.0,617.0,0.0,306.0
315.0,539.0,-318.0,732.0,,532.0,-1125.0,744.0,-8.0,39.0
362.0,360.0,-325.0,615.0,,325.0,-998.0,940.0,-239.0,52.0
404.0,923.0,-371.0,520.0,,719.0,-723.0,1171.0,-224.0,159.0
453.0,924.0,-387.0,319.0,,529.0,-383.0,1254.0,-248.0,6.0
538.0,65.0,-417.0,135.0,,244.0,-172.0,1494.0,56.0,-96.0
537.0,149.0,-390.0,35.0,,498.0,-90.0,1441.0,116.0,-104.0
484.0,-138.0,-341.0,-97.0,,597.0,-104.0,1249.0,26.0,16.0
476.0,661.0,-360.0,-258.0,,521.0,-113.0,814.0,-192.0,212.0
418.0,827.0,-370.0,-397.0,,669.0,-226.0,533.0,163.0,417.0
300.0,371.0,-349.0,-565.0,,728.0,-455.0,559.0,774.0,496.0
187.0,668.0,-316.0,-735.0,,423.0,-656.0,563.0,263.0,541.0
117.0,891.0,-272.0,-813.0,,577.0,-753.0,659.0,259.0,739.0
39.0,617.0,-260.0,-657.0,,1049.0,-778.0,508.0,524.0,887.0
-20.0,639.0,-165.0,-282.0,,984.0,-874.0,448.0,256.0,888.0
-130.0,1103.0,-21.0,-55.0,,943.0,-956.0,312.0,406.0,818.0
-269.0,116.0,34.0,0.0,,854.0,-942.0,269.0,417.0,821.0
-330.0,-471.0,143.0,148.0,,452.0,-842.0,535.0,76.0,965.0
-372.0,-594.0,195.0,322.0,,644.0,-684.0,652.0,-202.0,1099.0
-423.0,-233.0,170.0,304.0,,939.0,-541.0,977.0,296.0,1118.0
-466.0,-26.0,208.0,196.0,,458.0,-459.0,946.0,370.0,1033.0
-430.0,-438.0,209.0,282.0,,387.0,-426.0,740.0,6.0,908.0
-323.0,15.0,188.0,176.0,,751.0,-450.0,495.0,159.0,931.0
-256.0,384.0,175.0,-159.0,,423.0,-626.0,62.0,-451.0,860.0
-212.0,166.0,150.0,-243.0,,413.0,-877.0,68.0,-412.0,583.0
-171.0,-425.0,114.0,-182.0,,815.0,-1061.0,112.0,-484.0,411.0
-113.0,205.0,56.0,-117.0,,645.0,-1199.0,290.0,-928.0,218.0
-48.0,218.0,22.0,-113.0,,482.0,-1360.0,218.0,-868.0,62.0
-52.0,-16.0,-58.0,-107.0,,634.0,-1474.0,-29.0,-572.0,104.0
-35.0,842.0,-105.0,-21.0,,538.0,-1412.0,-79.0,-113.0,205.0
3.0,466.0,-122.0,-72.0,,496.0,-1324.0,-182.0,15.0,262.0
70.0,722.0,-190.0,-179.0,,703.0,-1213.0,33.0,701.0,410.0
110.0,660.0,-172.0,-75.0,,310.0,-1011.0,134.0,28.0,646.0
90.0,263.0,-168.0,-30.0,,16.0,-838.0,334.0,203.0,759.0
124.0,323.0,-195.0,-95.0,,418.0,-607.0,498.0,1109.0,774.0
130.0,-417.0,-234.0,32.0,,394.0,-356.0,482.0,314.0,817.0
78.0,-353.0,-283.0,145.0,,198.0,-238.0,692.0,601.0,878.0
-20.0,615.0,-283.0,93.0,,445.0,-316.0,607.0,750.0,739.0
-72.0,1240.0,-336.0,9.0,,479.0,-439.0,532.0,145.0,553.0
-98.0,568.0,-407.0,79.0,,292.0,-470.0,393.0,510.0,535.0
-153.0,728.0,-436.0,300.0,,393.0,-757.0,280.0,1002.0,513.0
-202.0,1654.0,-416.0,479.0,,321.0,-1203.0,273.0,442.0,427.0
-272.0,1223.0,-361.0,726.0,,73.0,-1390.0,83.0,402.0,310.0
-301.0,737.0,-375.0,736.0,,367.0,-1326.0,42.0,253.0,309.0
-277.0,879.0,-387.0,423.0,,412.0,-1173.0,-64.0,-113.0,429.0
-234.0,182.0,-351.0,194.0,,-10.0,-1050.0,-35.0,181.0,486.0
-261.0,-333.0,-397.0,46.0,,288.0,-863.0,-107.0,477.0,492.0
-225.0,382.0,-446.0,-59.0,,673.0,-584.0,-127.0,282.0,454.0
-129.0,-363.0,-503.0,-238.0,,473.0,-346.0,144.0,-319.0,410.0
-105.0,-813.0,-579.0,-328.0,,530.0,-194.0,234.0,0.0,355.0
-74.0,214.0,-609.0,-281.0,,683.0,-142.0,428.0,-266.0,251.0
-72.0,575.0,-675.0,-168.0,,406.0,-117.0,382.0,-391.0,176.0
-70.0,-202.0,-709.0,27.0,,355.0,-92.0,404.0,-233.0,12.0
-28.0,-789.0,-736.0,176.0,,468.0,-120.0,493.0,-325.0,-99.0
3.0,-271.0,-739.0,305.0,,217.0,-272.0,347.0,71.0,82.0
-47.0,179.0,-708.0,356.0,,303.0,-581.0,371.0,-449.0,306.0
-55.0,73.0,-774.0,372.0,,509.0,-844.0,317.0,-743.0,296.0
9.0,-481.0,-723.0,419.0,,279.0,-1018.0,365.0,-61.0,325.0
1.0,-189.0,-640.0,567.0,,484.0,-1117.0,297.0,-318.0,528.0
-37.0,249.0,-624.0,675.0,,832.0,-1040.0,249.0,-903.0,611.0
-63.0,477.0,-553.0,718.0,,496.0,-915.0,299.0,-289.0,606.0
-26.0,492.0,-544.0,870.0,,383.0,-805.0,203.0,-195.0,545.0
17.0,339.0,-508.0,897.0,,656.0,-722.0,310.0,-446.0,361.0
0.0,569.0,-409.0,683.0,,405.0,-601.0,247.0,-624.0,243.0
-32.0,206.0,-319.0,430.0,,25.0,-439.0,221.0,-714.0,313.0
-19.0,239.0,-249.0,228.0,,210.0,-396.0,120.0,-216.0,441.0
12.0,-572.0,-190.0,-51.0,,228.0,-377.0,-22.0,-567.0,375.0
-39.0,-1596.0,-119.0,-218.0,,-25.0,-348.0,110.0,-721.0,280.0
-125.0,-699.0,-38.0,-244.0,,260.0,-372.0,153.0,-532.0,471.0
-146.0,-141.0,0.0,-188.0,,340.0,-470.0,382.0,-759.0,726.0
-134.0,-660.0,74.0,68.0,,102.0,-583.0,391.0,-597.0,836.0
-126.0,-423.0,133.0,221.0,,214.0,-623.0,332.0,-302.0,750.0
-156.0,-69.0,132.0,238.0,,173.0,-727.0,317.0,-232.0,697.0
-147.0,-280.0,222.0,307.0,,62.0,-853.0,190.0,-453.0,806.0
-108.0,205.0,233.0,486.0,,367.0,-799.0,286.0,-524.0,873.0
-83.0,-253.0,244.0,649.0,,444.0,-631.0,166.0,-327.0,802.0
-34.0,-589.0,286.0,681.0,,212.0,-593.0,297.0,-9.0,566.0
-16.0,-71.0,302.0,712.0,,564.0,-690.0,458.0,-409.0,507.0
-20.0,-26.0,288.0,698.0,,852.0,-699.0,473.0,-581.0,573.0
-45.0,884.0,243.0,564.0,,513.0,-601.0,559.0,138.0,558.0
-83.0,943.0,239.0,321.0,,493.0,-521.0,253.0,167.0,434.0
-145.0,392.0,193.0,12.0,,628.0,-497.0,173.0,365.0,196.0
-174.0,375.0,181.0,-237.0,,221.0,-493.0,138.0,512.0,221.0
-147.0,-605.0,122.0,-252.0,,171.0,-420.0,184.0,502.0,385.0
-139.0,-1567.0,85.0,-223.0,,544.0,-215.0,347.0,637.0,417.0
-147.0,-2198.0,14.0,-445.0,,304.0,-83.0,384.0,733.0,401.0
-179.0,-2368.0,-114.0,-401.0,,148.0,-151.0,548.0,983.0,447.0
-183.0,-1322.0,-148.0,16.0,,414.0,-252.0,413.0,929.0,483.0
-223.0,-297.0,-248.0,291.0,,304.0,-235.0,240.0,758.0,514.0
-287.0,95.0,-278.0,563.0,,271.0,-177.0,-51.0,643.0,667.0
-300.0,939.0,-219.0,754.0,,591.0,-292.0,-363.0,797.0,624.0
-306.0,1790.0,-204.0,752.0,,404.0,-354.0,-639.0,418.0,532.0
-302.0,1716.0,-161.0,698.0,,113.0,-192.0,-896.0,309.0,658.0
-330.0,2017.0,-66.0,695.0,,321.0,-69.0,-644.0,662.0,800.0
-333.0,2720.0,8.0,726.0,,303.0,-81.0,-513.0,223.0,835.0
-297.0,2487.0,91.0,605.0,,185.0,-202.0,-279.0,125.0,850.0
-259.0,1401.0,201.0,425.0,,391.0,-350.0,-20.0,227.0,1024.0
-199.0,1051.0,251.0,87.0,,226.0,-448.0,153.0,17.0,1102.0
-117.0,724.0,326.0,-221.0,,-112.0,-413.0,508.0,-32.0,1084.0
-14.0,-236.0,397.0,-387.0,,131.0,-288.0,607.0,-97.0,1083.0
0.0,-396.0,405.0,-653.0,,233.0,-257.0,885.0,41.0,1021.0
12.0,-538.0,411.0,-808.0,,16.0,-190.0,944.0,-362.0,971.0
92.0,-418.0,403.0,-797.0,,198.0,-47.0,726.0,-958.0,865.0
116.0,-860.0,406.0,-793.0,,421.0,124.0,648.0,-382.0,772.0
112.0,-1754.0,361.0,-663.0,,225.0,277.0,533.0,-198.0,666.0
162.0,-1973.0,317.0,-425.0,,352.0,341.0,526.0,-626.0,530.0
252.0,-3090.0,310.0,-273.0,,591.0,433.0,375.0,-510.0,502.0
263.0,-3760.0,251.0,-103.0,,227.0,467.0,229.0,-299.0,476.0
232.0,-3043.0,213.0,-3.0,,406.0,407.0,-36.0,-455.0,352.0
167.0,-1525.0,154.0,-69.0,,711.0,390.0,-227.0,-441.0,300.0
76.0,59.0,74.0,-165.0,,476.0,476.0,-173.0,-260.0,468.0
50.0,975.0,26.0,-95.0,,496.0,560.0,-175.0,-12.0,553.0
53.0,2277.0,-26.0,79.0,,478.0,565.0,120.0,-72.0,431.0
69.0,3198.0,-68.0,74.0,,215.0,552.0,314.0,-428.0,381.0
68.0,2594.0,-87.0,67.0,,85.0,438.0,448.0,-101.0,380.0
-6.0,1614.0,-83.0,179.0,,309.0,285.0,506.0,-142.0,356.0
-102.0,1198.0,-54.0,291.0,,127.0,206.0,380.0,-325.0,377.0
-144.0,412.0,-42.0,325.0,,-267.0,170.0,349.0,-524.0,369.0
-196.0,-869.0,-56.0,184.0,,-123.0,233.0,133.0,-695.0,168.0
-277.0,-924.0,-60.0,58.0,,-127.0,238.0,24.0,-454.0,18.0
-344.0,-367.0,-94.0,137.0,,-309.0,171.0,-157.0,-533.0,187.0
-339.0,-481.0,-154.0,352.0,,-210.0,235.0,-273.0,-162.0,233.0
-302.0,-556.0,-240.0,438.0,,-165.0,330.0,-225.0,277.0,-32.0
-308.0,-507.0,-292.0,525.0,,-398.0,426.0,-317.0,240.0,-131.0
-331.0,-427.0,-328.0,625.0,,-149.0,521.0,-266.0,60.0,60.0
-312.0,-862.0,-360.0,612.0,,-218.0,504.0,-408.0,92.0,129.0
-275.0,-1641.0,-368.0,627.0,,-630.0,407.0,-493.0,141.0,-49.0
-301.0,-571.0,-346.0,493.0,,-415.0,391.0,-546.0,203.0,-199.0
-339.0,86.0,-295.0,358.0,,-603.0,416.0,-624.0,334.0,-281.0
-355.0,-436.0,-286.0,79.0,,-762.0,310.0,-369.0,-88.0,-329.0
-282.0,507.0,-234.0,-169.0,,-572.0,243.0,-182.0,2.0,-300.0
-205.0,1220.0,-211.0,-252.0,,-464.0,369.0,18.0,349.0,-395.0
-217.0,1639.0,-189.0,-466.0,,-477.0,568.0,155.0,309.0,-722.0
-247.0,2121.0,-135.0,-521.0,,-164.0,682.0,439.0,99.0,-905.0
-181.0,2344.0,-164.0,-499.0,,400.0,697.0,711.0,-302.0,-716.0
-82.0,1984.0,-151.0,-474.0,,226.0,738.0,748.0,146.0,-668.0
-156.0,784.0,-116.0,-418.0,,301.0,865.0,807.0,639.0,-913.0
-229.0,161.0,-152.0,-237.0,,633.0,1020.0,508.0,271.0,-957.0
-184.0,-989.0,-151.0,-155.0,,418.0,1161.0,277.0,64.0,-795.0
-101.0,-1930.0,-132.0,-193.0,,186.0,1231.0,-64.0,270.0,-674.0
-126.0,-1982.0,-107.0,-47.0,,231.0,1216.0,-491.0,564.0,-609.0
-188.0,-1835.0,-46.0,91.0,,120.0,1204.0,-559.0,786.0,-528.0
-150.0,-942.0,-3.0,92.0,,-91.0,1132.0,-654.0,516.0,-486.0
-146.0,-524.0,45.0,-52.0,,148.0,961.0,-484.0,262.0,-450.0
-150.0,-154.0,128.0,-134.0,,117.0,780.0,-247.0,234.0,-218.0
-135.0,331.0,156.0,-172.0,,150.0,772.0,9.0,108.0,-2.0
-91.0,293.0,173.0,-106.0,,406.0,828.0,205.0,-34.0,-106.0
20.0,166.0,225.0,62.0,,-94.0,724.0,266.0,-471.0,-205.0
103.0,-176.0,206.0,53.0,,-282.0,531.0,500.0,-544.0,-23.0
72.0,-383.0,254.0,31.0,,170.0,370.0,522.0,-655.0,17.0
97.0,29.0,281.0,58.0,,200.0,408.0,511.0,-489.0,-217.0
163.0,528.0,284.0,33.0,,-35.0,506.0,363.0,-122.0,-348.0
148.0,1556.0,260.0,-55.0,,227.0,557.0,140.0,-404.0,-336.0
180.0,3207.0,236.0,-221.0,,375.0,590.0,86.0,-184.0,-471.0
253.0,2445.0,304.0,-213.0,,-198.0,589.0,51.0,-216.0,-583.0
299.0,910.0,267.0,-19.0,,-257.0,651.0,162.0,-477.0,-468.0
275.0,593.0,291.0,86.0,,-162.0,680.0,107.0,-185.0,-426.0
278.0,-639.0,250.0,139.0,,-272.0,670.0,105.0,35.0,-401.0
249.0,-2358.0,225.0,240.0,,154.0,589.0,171.0,-334.0,-203.0
173.0,-3167.0,267.0,408.0,,191.0,478.0,314.0,-616.0,-101.0
163.0,-2416.0,247.0,582.0,,-180.0,437.0,521.0,-332.0,-175.0
180.0,-1813.0,294.0,698.0,,-147.0,382.0,423.0,-298.0,-78.0
161.0,-1796.0,262.0,598.0,,-102.0,291.0,432.0,-455.0,28.0
63.0,-357.0,257.0,249.0,,-441.0,178.0,301.0,-574.0,-56.0
50.0,496.0,261.0,-13.0,,-443.0,172.0,236.0,-259.0,-123.0
54.0,-337.0,266.0,-79.0,,-223.0,293.0,288.0,-197.0,-232.0
45.0,-154.0,275.0,-159.0,,-496.0,456.0,55.0,-228.0,-381.0
-7.0,-263.0,259.0,-244.0,,-425.0,523.0,-40.0,116.0,-393.0
-83.0,-659.0,295.0,-393.0,,-146.0,450.0,-147.0,162.0,-517.0
-42.0,-600.0,324.0,-532.0,,-427.0,416.0,-142.0,204.0,-894.0
12.0,-40.0,343.0,-473.0,,-494.0,384.0,-140.0,-76.0,-1053.0
26.0,1126.0,353.0,-373.0,,-117.0,377.0,-103.0,163.0,-1047.0
-21.0,-304.0,391.0,-223.0,,-212.0,454.0,84.0,102.0,-1079.0
-9.0,-739.0,395.0,-145.0,,-332.0,498.0,190.0,-231.0,-1182.0
57.0,1164.0,434.0,-88.0,,77.0,476.0,565.0,100.0,-1287.0
103.0,1310.0,506.0,32.0,,49.0,395.0,711.0,-215.0,-1223.0
84.0,-211.0,470.0,31.0,,-164.0,297.0,750.0,13.0,-1156.0
99.0,-1053.0,470.0,30.0,,47.0,279.0,798.0,-313.0,-929.0
175.0,123.0,512.0,-17.0,,-47.0,358.0,748.0,-726.0,-839.0
200.0,-200.0,514.0,-43.0,,-363.0,492.0,833.0,154.0,-1070.0
162.0,-1974.0,555.0,-27.0,,-265.0,527.0,652.0,224.0,-1041.0
93.0,-1108.0,628.0,-235.0,,-386.0,412.0,618.0,-53.0,-770.0
127.0,-224.0,673.0,-404.0,,-707.0,292.0,469.0,197.0,-647.0
153.0,-273.0,666.0,-417.0,,-501.0,269.0,260.0,482.0,-812.0
74.0,1809.0,664.0,-457.0,,-573.0,345.0,221.0,399.0,-804.0
3.0,2705.0,687.0,-550.0,,-1089.0,408.0,134.0,528.0,-634.0
41.0,2215.0,680.0,-788.0,,-989.0,384.0,476.0,677.0,-475.0
43.0,1726.0,729.0,-868.0,,-705.0,272.0,698.0,706.0,-192.0
-43.0,765.0,750.0,-708.0,,-876.0,216.0,877.0,759.0,-225.0
-103.0,393.0,691.0,-652.0,,-773.0,259.0,946.0,553.0,-277.0
-118.0,-555.0,679.0,-563.0,,-482.0,288.0,831.0,452.0,19.0
-119.0,-1065.0,641.0,-323.0,,-669.0,291.0,973.0,154.0,280.0
-211.0,-687.0,570.0,-172.0,,-709.0,231.0,1025.0,260.0,231.0
-265.0,6.0,538.0,-55.0,,-589.0,208.0,1208.0,454.0,57.0
-260.0,-732.0,484.0,111.0,,-966.0,225.0,1164.0,66.0,-7.0
-282.0,-813.0,410.0,273.0,,-1047.0,101.0,938.0,104.0,96.0
-333.0,107.0,399.0,448.0,,-709.0,-135.0,809.0,-82.0,258.0
-405.0,-1192.0,381.0,397.0,,-694.0,-330.0,709.0,-41.0,158.0
-426.0,-1835.0,373.0,268.0,,-497.0,-390.0,814.0,121.0,-159.0
-403.0,-1904.0,403.0,275.0,,-59.0,-344.0,611.0,-564.0,-298.0
-413.0,-488.0,305.0,415.0,,-95.0,-283.0,400.0,-311.0,-68.0
-454.0,-269.0,224.0,681.0,,-243.0,-266.0,155.0,11.0,-38.0
-390.0,-1238.0,199.0,721.0,,-72.0,-182.0,-81.0,-144.0,-240.0
-324.0,-40.0,108.0,501.0,,-292.0,39.0,-27.0,-203.0,-438.0
-325.0,843.0,115.0,312.0,,-648.0,186.0,20.0,-397.0,-527.0
-315.0,1522.0,130.0,196.0,,-423.0,261.0,321.0,-165.0,-434.0
-277.0,364.0,64.0,-11.0,,-495.0,382.0,539.0,-310.0,-463.0
-238.0,265.0,39.0,-248.0,,-722.0,456.0,864.0,-169.0,-662.0
-225.0,597.0,26.0,-426.0,,-519.0,442.0,1095.0,181.0,-955.0
-179.0,-131.0,-34.0,-636.0,,-567.0,333.0,982.0,-320.0,-860.0
-121.0,-605.0,-49.0,-722.0,,-625.0,178.0,903.0,-355.0,-644.0
-91.0,-1430.0,-58.0,-578.0,,-355.0,-15.0,434.0,208.0,-650.0
-94.0,-755.0,-139.0,-349.0,,-339.0,-193.0,60.0,283.0,-783.0
-77.0,-618.0,-156.0,-148.0,,-600.0,-225.0,-158.0,19.0,-828.0
-94.0,462.0,-110.0,15.0,,-420.0,-266.0,-227.0,154.0,-662.0
-47.0,1062.0,-135.0,161.0,,-247.0,-375.0,-133.0,160.0,-657.0
37.0,1125.0,-126.0,297.0,,-581.0,-417.0,-129.0,-188.0,-749.0
109.0,1922.0,-32.0,332.0,,-445.0,-363.0,60.0,75.0,-974.0
244.0,1395.0,-34.0,325.0,,-152.0,-151.0,131.0,73.0,-1077.0
287.0,967.0,-11.0,334.0,,-369.0,126.0,362.0,-373.0,-1001.0
293.0,-251.0,42.0,170.0,,-321.0,261.0,587.0,-208.0,-965.0
296.0,-398.0,75.0,-58.0,,-24.0,316.0,652.0,-26.0,-916.0
357.0,96.0,111.0,-327.0,,-179.0,353.0,801.0,56.0,-967.0
381.0,639.0,105.0,-701.0,,-249.0,356.0,722.0,112.0,-879.0
379.0,1117.0,70.0,-836.0,,-110.0,311.0,722.0,-121.0,-501.0
422.0,999.0,24.0,-728.0,,-319.0,183.0,639.0,-149.0,-288.0
410.0,1619.0,-4.0,-662.0,,-350.0,4.0,548.0,307.0,-397.0
366.0,1405.0,-84.0,-477.0,,-194.0,-167.0,484.0,257.0,-311.0
201.0,966.0,-116.0,-301.0,,-374.0,-377.0,201.0,181.0,41.0
81.0,-355.0,-156.0,-386.0,,-450.0,-610.0,-40.0,568.0,166.0
15.0,-1584.0,-189.0,-436.0,,-140.0,-788.0,-437.0,358.0,79.0
-18.0,-1387.0,-253.0,-269.0,,-292.0,-875.0,-668.0,280.0,76.0
-79.0,-1215.0,-369.0,-24.0,,-601.0,-782.0,-811.0,398.0,67.0
-158.0,-929.0,-397.0,141.0,,-427.0,-637.0,-807.0,322.0,141.0
-139.0,-410.0,-463.0,217.0,,-585.0,-540.0,-391.0,32.0,209.0
-108.0,-129.0,-493.0,212.0,,-796.0,-380.0,25.0,-59.0,74.0
-155.0,-538.0,-513.0,250.0,,-624.0,-236.0,611.0,294.0,-250.0
-260.0,-376.0,-518.0,273.0,,-649.0,-144.0,920.0,108.0,-252.0
-244.0,-387.0,-474.0,259.0,,-823.0,48.0,1077.0,-291.0,-48.0
-233.0,-1298.0,-422.0,335.0,,-505.0,263.0,1162.0,-69.0,-438.0
-305.0,-1532.0,-362.0,230.0,,-168.0,336.0,862.0,183.0,-712.0
-355.0,-918.0,-277.0,-75.0,,-415.0,241.0,517.0,186.0,-551.0
-341.0,-372.0,-218.0,-207.0,,-304.0,52.0,-35.0,532.0,-519.0
-284.0,-175.0,-190.0,-169.0,,-147.0,-164.0,-380.0,71.0,-707.0
-250.0,689.0,-83.0,-273.0,,-528.0,-448.0,-696.0,-262.0,-651.0
-272.0,1538.0,-59.0,-366.0,,-418.0,-593.0,-886.0,-234.0,-638.0
-267.0,1868.0,-13.0,-325.0,,-339.0,-597.0,-739.0,-786.0,-867.0
-146.0,2988.0,53.0,-202.0,,-730.0,-581.0,-630.0,-335.0,-628.0
-47.0,2911.0,37.0,0.0,,-540.0,-456.0,-315.0,-308.0,-449.0
-104.0,2399.0,22.0,121.0,,-307.0,-339.0,-199.0,-601.0,-748.0
-170.0,2196.0,-15.0,167.0,,-536.0,-219.0,-18.0,-363.0,-1031.0
-118.0,279.0,-72.0,163.0,,-590.0,-69.0,62.0,-337.0,-792.0
-133.0,-450.0,-119.0,107.0,,-479.0,76.0,-35.0,-391.0,-632.0
-214.0,-1303.0,-164.0,23.0,,-638.0,168.0,84.0,-564.0,-868.0
-246.0,-2261.0,-188.0,-131.0,,-776.0,135.0,-12.0,-162.0,-1017.0
-213.0,-2140.0,-147.0,-294.0,,-550.0,109.0,83.0,-197.0,-986.0
-152.0,-2092.0,-174.0,-318.0,,-726.0,132.0,86.0,-414.0,-737.0
-72.0,-795.0,-127.0,-205.0,,-759.0,63.0,5.0,-63.0,-520.0
17.0,-696.0,-111.0,-173.0,,-252.0,-113.0,35.0,182.0,-348.0
44.0,-609.0,-170.0,-333.0,,-229.0,-227.0,-144.0,578.0,-456.0
66.0,85.0,-117.0,-373.0,,-251.0,-230.0,-205.0,385.0,-488.0
88.0,-223.0,-157.0,-359.0,,-40.0,-211.0,-314.0,-183.0,-246.0
94.0,-518.0,-184.0,-413.0,,-64.0,-184.0,-243.0,323.0,-97.0
97.0,-609.0,-194.0,-255.0,,-179.0,-39.0,-205.0,853.0,-72.0
101.0,-208.0,-192.0,-39.0,,-60.0,126.0,-238.0,95.0,-303.0
88.0,160.0,-178.0,262.0,,-124.0,259.0,-42.0,95.0,-216.0
82.0,854.0,-186.0,636.0,,-394.0,456.0,31.0,390.0,181.0
94.0,1338.0,-200.0,899.0,,-33.0,519.0,199.0,-388.0,299.0
6.0,2076.0,-223.0,1044.0,,182.0,450.0,238.0,42.0,168.0
-65.0,1842.0,-211.0,1062.0,,-110.0,448.0,216.0,613.0,233.0
1.0,418.0,-242.0,1062.0,,-19.0,437.0,51.0,105.0,499.0
43.0,166.0,-191.0,1061.0,,-2.0,333.0,-325.0,189.0,599.0
-29.0,-1339.0,-201.0,1105.0,,-170.0,197.0,-554.0,128.0,664.0
-59.0,-1518.0,-271.0,1001.0,,9.0,109.0,-894.0,-112.0,481.0
-20.0,-620.0,-233.0,636.0,,-16.0,35.0,-938.0,33.0,220.0
-40.0,-1245.0,-300.0,265.0,,-323.0,-77.0,-829.0,-120.0,195.0
-71.0,-241.0,-314.0,136.0,,-155.0,-123.0,-637.0,38.0,84.0
-60.0,1193.0,-249.0,103.0,,1.0,-135.0,-277.0,136.0,-100.0
-1.0,1248.0,-252.0,-68.0,,-420.0,-174.0,-120.0,-362.0,-208.0
55.0,441.0,-240.0,-250.0,,-302.0,-84.0,31.0,-133.0,-241.0
77.0,830.0,-213.0,-416.0,,148.0,7.0,-1.0,251.0,-262.0
69.0,689.0,-174.0,-382.0,,-68.0,4.0,33.0,281.0,-208.0
80.0,342.0,-195.0,-168.0,,-121.0,42.0,173.0,554.0,-121.0
133.0,1027.0,-127.0,-41.0,,8.0,77.0,175.0,405.0,-67.0
157.0,-150.0,-87.0,-14.0,,0.0,59.0,38.0,344.0,-77.0
176.0,-731.0,-134.0,-85.0,,124.0,34.0,-238.0,155.0,55.0
208.0,-852.0,-71.0,-127.0,,308.0,62.0,-315.0,-163.0,196.0
273.0,-849.0,-80.0,-91.0,,334.0,182.0,-485.0,24.0,-4.0
280.0,-798.0,-94.0,-146.0,,175.0,262.0,-498.0,-122.0,-62.0
230.0,-1381.0,-72.0,-262.0,,236.0,294.0,-304.0,-336.0,-36.0
193.0,-551.0,-123.0,-299.0,,-79.0,411.0,-323.0,-492.0,-152.0
130.0,-6.0,-127.0,-404.0,,-359.0,588.0,-218.0,-607.0,-385.0
96.0,351.0,-72.0,-602.0,,106.0,721.0,-212.0,-782.0,-526.0
52.0,352.0,-118.0,-766.0,,105.0,724.0,-234.0,-838.0,-563.0
11.0,-144.0,-97.0,-678.0,,-25.0,705.0,-312.0,-266.0,-581.0
-32.0,101.0,-41.0,-457.0,,134.0,706.0,-506.0,29.0,-407.0
-75.0,-192.0,-51.0,-426.0,,-52.0,642.0,-607.0,-121.0,-457.0
-140.0,119.0,6.0,-286.0,,-299.0,569.0,-861.0,-322.0,-455.0
-196.0,1081.0,-41.0,-100.0,,-330.0,476.0,-957.0,47.0,-168.0
-195.0,1329.0,-76.0,112.0,,-262.0,424.0,-1095.0,130.0,55.0
-202.0,909.0,-84.0,571.0,,-472.0,500.0,-1117.0,-245.0,35.0
-193.0,486.0,-133.0,813.0,,-381.0,601.0,-881.0,138.0,-29.0
-137.0,-10.0,-161.0,684.0,,-106.0,671.0,-742.0,-122.0,194.0
0.0,-1489.0,-230.0,555.0,,-313.0,737.0,-465.0,-201.0,360.0
68.0,-1653.0,-237.0,429.0,,-53.0,799.0,-352.0,-243.0,368.0
65.0,-1338.0,-239.0,237.0,,58.0,798.0,-190.0,98.0,386.0
93.0,-2003.0,-265.0,106.0,,-245.0,747.0,-84.0,625.0,402.0
91.0,-996.0,-252.0,-24.0,,34.0,701.0,-88.0,-56.0,399.0
62.0,564.0,-283.0,-20.0,,260.0,598.0,-35.0,508.0,634.0
25.0,1045.0,-307.0,91.0,,-75.0,485.0,-131.0,576.0,787.0
18.0,1534.0,-315.0,232.0,,-267.0,409.0,-145.0,483.0,517.0
15.0,2396.0,-330.0,401.0,,135.0,285.0,-434.0,755.0,448.0
-38.0,2122.0,-303.0,422.0,,211.0,160.0,-563.0,504.0,621.0
-84.0,1370.0,-249.0,490.0,,85.0,127.0,-602.0,485.0,597.0
-85.0,1334.0,-179.0,423.0,,309.0,177.0,-818.0,210.0,396.0
-94.0,-313.0,-90.0,152.0,,134.0,248.0,-962.0,351.0,389.0
-150.0,-917.0,-5.0,-39.0,,45.0,322.0,-1346.0,223.0,232.0
-202.0,138.0,79.0,-238.0,,225.0,459.0,-1450.0,188.0,85.0
-207.0,-305.0,187.0,-376.0,,-59.0,628.0,-1417.0,166.0,228.0
-213.0,134.0,254.0,-421.0,,-162.0,743.0,-1254.0,-93.0,-5.0
-214.0,188.0,297.0,-418.0,,280.0,851.0,-931.0,-141.0,-435.0
-214.0,-592.0,295.0,-366.0,,422.0,979.0,-705.0,96.0,-643.0
-207.0,-307.0,262.0,-514.0,,187.0,1054.0,-297.0,-50.0,-481.0
-209.0,-90.0,252.0,-647.0,,340.0,1097.0,-81.0,-100.0,-496.0
-237.0,81.0,158.0,-615.0,,340.0,1104.0,138.0,183.0,-695.0
-241.0,244.0,134.0,-597.0,,22.0,1017.0,269.0,-374.0,-611.0
-244.0,423.0,83.0,-372.0,,395.0,900.0,315.0,-201.0,-645.0
-254.0,909.0,10.0,-200.0,,668.0,786.0,388.0,-215.0,-636.0
-264.0,1639.0,66.0,-199.0,,456.0,679.0,51.0,-197.0,-486.0
-243.0,983.0,16.0,-83.0,,584.0,667.0,-123.0,8.0,-443.0
-216.0,452.0,14.0,81.0,,607.0,757.0,-312.0,-201.0,-601.0
-219.0,995.0,53.0,188.0,,281.0,797.0,-430.0,34.0,-676.0
-255.0,968.0,10.0,377.0,,161.0,730.0,-384.0,-284.0,-439.0
-262.0,480.0,-11.0,583.0,,249.0,688.0,-471.0,252.0,-350.0
-214.0,-272.0,-82.0,525.0,,133.0,743.0,-380.0,691.0,-415.0
-216.0,-397.0,-113.0,501.0,,290.0,864.0,-437.0,90.0,-437.0
-220.0,-1676.0,-144.0,565.0,,683.0,929.0,-315.0,42.0,-383.0
-215.0,-2412.0,-213.0,401.0,,415.0,925.0,-173.0,285.0,-269.0
-188.0,-1929.0,-195.0,291.0,,280.0,933.0,-109.0,518.0,-242.0
-192.0,-2342.0,-242.0,173.0,,490.0,891.0,7.0,401.0,-250.0
-228.0,-1586.0,-274.0,-180.0,,241.0,798.0,-120.0,405.0,-252.0
-253.0,-313.0,-291.0,-373.0,,192.0,754.0,-44.0,127.0,-194.0
-289.0,552.0,-314.0,-411.0,,423.0,725.0,-68.0,-71.0,-93.0
-242.0,568.0,-225.0,-335.0,,291.0,612.0,-11.0,161.0,-47.0
-255.0,503.0,-191.0,-130.0,,117.0,474.0,53.0,-77.0,-52.0
-321.0,765.0,-126.0,114.0,,338.0,408.0,-114.0,-207.0,-134.0
-326.0,513.0,-92.0,295.0,,288.0,420.0,-238.0,-270.0,-229.0
-276.0,1009.0,-87.0,261.0,,-163.0,417.0,-484.0,-92.0,-216.0
-271.0,561.0,-62.0,181.0,,-28.0,274.0,-484.0,237.0,-219.0
-315.0,-195.0,-69.0,183.0,,43.0,70.0,-576.0,255.0,-155.0
-295.0,393.0,-5.0,259.0,,91.0,12.0,-615.0,139.0,-76.0
-241.0,244.0,-6.0,342.0,,608.0,57.0,-598.0,343.0,-43.0
-184.0,191.0,-26.0,540.0,,387.0,8.0,-890.0,517.0,142.0
-181.0,468.0,-44.0,622.0,,-10.0,-49.0,-962.0,325.0,274.0
-162.0,466.0,-17.0,443.0,,251.0,-68.0,-1038.0,383.0,309.0
-85.0,-18.0,-14.0,210.0,,503.0,-73.0,-933.0,343.0,298.0
12.0,-404.0,-78.0,26.0,,338.0,-48.0,-764.0,339.0,247.0
47.0,138.0,-53.0,59.0,,397.0,-130.0,-650.0,143.0,285.0
43.0,-11.0,-125.0,158.0,,652.0,-249.0,-417.0,212.0,440.0
116.0,-538.0,-205.0,102.0,,340.0,-372.0,-371.0,600.0,394.0
213.0,-443.0,-242.0,-94.0,,277.0,-517.0,-205.0,302.0,261.0
256.0,-225.0,-309.0,-301.0,,145.0,-556.0,-123.0,132.0,258.0
255.0,-900.0,-336.0,-325.0,,-237.0,-477.0,-79.0,235.0,260.0
260.0,-712.0,-399.0,-280.0,,119.0,-377.0,-173.0,173.0,244.0
202.0,545.0,-451.0,-289.0,,422.0,-365.0,-465.0,-67.0,213.0
107.0,599.0,-503.0,-159.0,,293.0,-430.0,-654.0,30.0,224.0
-6.0,797.0,-519.0,128.0,,237.0,-366.0,-942.0,325.0,172.0
-105.0,1171.0,-525.0,307.0,,281.0,-118.0,-962.0,242.0,198.0
-159.0,705.0,-506.0,193.0,,-75.0,104.0,-955.0,224.0,194.0
-169.0,-287.0,-417.0,50.0,,-383.0,260.0,-953.0,-26.0,37.0
-198.0,-876.0,-396.0,111.0,,-79.0,391.0,-899.0,-139.0,-310.0
-239.0,-802.0,-275.0,373.0,,-273.0,490.0,-901.0,212.0,-668.0
-204.0,-702.0,-197.0,684.0,,-424.0,467.0,-596.0,8.0,-832.0
-153.0,-383.0,-206.0,619.0,,53.0,366.0,-410.0,-290.0,-942.0
-78.0,-421.0,-121.0,400.0,,108.0,311.0,-179.0,-166.0,-980.0
-15.0,-17.0,-85.0,364.0,,133.0,229.0,-64.0,-155.0,-1061.0
74.0,1067.0,-51.0,408.0,,390.0,141.0,-114.0,-567.0,-994.0
131.0,891.0,-29.0,393.0,,335.0,20.0,3.0,-604.0,-890.0
188.0,212.0,18.0,138.0,,160.0,-157.0,-136.0,6.0,-855.0
217.0,273.0,82.0,76.0,,273.0,-333.0,-195.0,-91.0,-775.0
176.0,-182.0,105.0,257.0,,183.0,-479.0,-304.0,-352.0,-728.0
209.0,-979.0,133.0,217.0,,-204.0,-539.0,-456.0,-148.0,-609.0
229.0,-1429.0,164.0,96.0,,102.0,-687.0,-426.0,106.0,-501.0
235.0,-2412.0,127.0,-28.0,,231.0,-944.0,-491.0,302.0,-440.0
225.0,-2183.0,89.0,-228.0,,-131.0,-1055.0,-458.0,90.0,-397.0
245.0,-2194.0,70.0,-197.0,,170.0,-1051.0,-441.0,40.0,-362.0
251.0,-2441.0,-37.0,-63.0,,327.0,-984.0,-327.0,-19.0,-408.0
237.0,-374.0,-82.0,62.0,,140.0,-785.0,-332.0,-193.0,-394.0
275.0,273.0,-164.0,357.0,,196.0,-592.0,-495.0,-126.0,-215.0
291.0,721.0,-251.0,534.0,,218.0,-489.0,-532.0,-322.0,-117.0
310.0,2036.0,-287.0,779.0,,108.0,-464.0,-602.0,-200.0,-72.0
366.0,2130.0,-385.0,914.0,,152.0,-451.0,-489.0,-50.0,-11.0
372.0,2165.0,-390.0,794.0,,404.0,-428.0,-480.0,-142.0,152.0
252.0,2082.0,-408.0,736.0,,91.0,-504.0,-426.0,160.0,201.0
200.0,1895.0,-445.0,620.0,,-181.0,-621.0,-315.0,133.0,104.0
240.0,1038.0,-441.0,442.0,,147.0,-729.0,-450.0,359.0,146.0
220.0,504.0,-519.0,184.0,,40.0,-847.0,-541.0,431.0,213.0
189.0,880.0,-534.0,-163.0,,54.0,-1002.0,-724.0,1.0,268.0
220.0,-209.0,-576.0,-522.0,,228.0,-1163.0,-657.0,354.0,310.0
268.0,-1811.0,-669.0,-432.0,,-116.0,-1202.0,-576.0,210.0,417.0
264.0,-1576.0,-668.0,-162.0,,-123.0,-1170.0,-558.0,194.0,478.0
230.0,-876.0,-692.0,-256.0,,125.0,-1104.0,-421.0,584.0,424.0
205.0,-1983.0,-658.0,-255.0,,-45.0,-1002.0,-535.0,399.0,509.0
196.0,-2658.0,-590.0,2.0,,-298.0,-919.0,-511.0,204.0,633.0
203.0,-1855.0,-570.0,318.0,,-16.0,-838.0,-550.0,-230.0,561.0
167.0,-1124.0,-501.0,520.0,,92.0,-758.0,-391.0,-107.0,521.0
95.0,-326.0,-382.0,635.0,,-125.0,-723.0,0.0,49.0,718.0
73.0,-434.0,-333.0,749.0,,244.0,-712.0,164.0,-105.0,787.0
47.0,99.0,-291.0,741.0,,292.0,-664.0,275.0,-98.0,701.0
-72.0,805.0,-207.0,741.0,,-39.0,-571.0,94.0,236.0,663.0
-190.0,842.0,-218.0,733.0,,-36.0,-558.0,-75.0,564.0,605.0
-204.0,1339.0,-188.0,401.0,,-170.0,-637.0,-306.0,434.0,507.0
-184.0,840.0,-210.0,27.0,,-318.0,-657.0,-513.0,742.0,364.0
-194.0,453.0,-227.0,-179.0,,-107.0,-680.0,-641.0,861.0,319.0
-191.0,434.0,-201.0,-441.0,,249.0,-819.0,-966.0,952.0,302.0
-157.0,1123.0,-261.0,-585.0,,188.0,-980.0,-1138.0,753.0,56.0
-132.0,879.0,-205.0,-597.0,,217.0,-1040.0,-1358.0,482.0,-79.0
-135.0,-576.0,-195.0,-542.0,,419.0,-1059.0,-1241.0,637.0,91.0
-213.0,409.0,-159.0,-346.0,,27.0,-1093.0,-857.0,484.0,144.0
-267.0,1365.0,-49.0,-217.0,,78.0,-1112.0,-419.0,541.0,129.0
-201.0,712.0,-2.0,-148.0,,229.0,-1106.0,112.0,424.0,132.0
-150.0,-394.0,48.0,-1.0,,-143.0,-1018.0,323.0,472.0,180.0
-211.0,-835.0,45.0,277.0,,93.0,-905.0,487.0,561.0,295.0
-225.0,-214.0,102.0,585.0,,412.0,-791.0,271.0,488.0,392.0
-183.0,-271.0,94.0,591.0,,215.0,-706.0,20.0,494.0,525.0
-205.0,-225.0,64.0,452.0,,-64.0,-710.0,-97.0,156.0,463.0
-189.0,-162.0,20.0,479.0,,0.0,-761.0,-389.0,31.0,418.0
-169.0,-105.0,-102.0,404.0,,-98.0,-843.0,-452.0,-5.0,627.0
-138.0,514.0,-107.0,208.0,,-221.0,-950.0,-561.0,8.0,713.0
-77.0,289.0,-181.0,-73.0,,319.0,-1065.0,-445.0,-37.0,457.0
-43.0,435.0,-195.0,-306.0,,414.0,-1145.0,-308.0,-50.0,301.0
-60.0,1194.0,-159.0,-270.0,,370.0,-1224.0,-236.0,148.0,322.0
-88.0,1104.0,-160.0,-386.0,,621.0,-1325.0,25.0,-39.0,276.0
-69.0,678.0,-125.0,-505.0,,467.0,-1412.0,116.0,3.0,334.0
-117.0,381.0,-149.0,-616.0,,436.0,-1452.0,291.0,176.0,430.0
-140.0,-110.0,-104.0,-765.0,,681.0,-1452.0,410.0,229.0,361.0
-119.0,-412.0,-144.0,-650.0,,649.0,-1446.0,567.0,354.0,265.0
-122.0,-477.0,-163.0,-403.0,,309.0,-1388.0,705.0,305.0,489.0
-183.0,-286.0,-161.0,-185.0,,335.0,-1277.0,655.0,461.0,698.0
-246.0,19.0,-208.0,-294.0,,383.0,-1104.0,565.0,460.0,490.0
-249.0,-305.0,-170.0,-470.0,,32.0,-864.0,249.0,454.0,302.0
-274.0,106.0,-200.0,-500.0,,158.0,-580.0,-9.0,304.0,401.0
-280.0,274.0,-154.0,-338.0,,189.0,-392.0,-319.0,-266.0,404.0
-284.0,-510.0,-154.0,10.0,,2.0,-373.0,-506.0,-371.0,293.0
-258.0,-667.0,-189.0,249.0,,357.0,-467.0,-522.0,-464.0,231.0
-237.0,-808.0,-158.0,347.0,,523.0,-650.0,-679.0,-710.0,-3.0
-212.0,-690.0,-221.0,415.0,,532.0,-773.0,-646.0,-427.0,-77.0
-185.0,-338.0,-237.0,621.0,,758.0,-846.0,-600.0,-139.0,131.0
-171.0,-97.0,-282.0,633.0,,912.0,-938.0,-365.0,-52.0,88.0
-94.0,754.0,-355.0,492.0,,660.0,-1039.0,-142.0,349.0,-16.0
17.0,1198.0,-411.0,448.0,,423.0,-1062.0,-99.0,201.0,71.0
153.0,1265.0,-445.0,378.0,,514.0,-893.0,70.0,-89.0,153.0
225.0,1085.0,-479.0,320.0,,78.0,-648.0,68.0,369.0,135.0
300.0,637.0,-561.0,263.0,,-95.0,-464.0,144.0,508.0,207.0
326.0,563.0,-595.0,306.0,,173.0,-342.0,77.0,334.0,338.0
312.0,-466.0,-629.0,221.0,,-58.0,-236.0,-116.0,27.0,230.0
335.0,-862.0,-600.0,34.0,,-118.0,-215.0,-184.0,123.0,235.0
335.0,-132.0,-585.0,81.0,,27.0,-287.0,-234.0,667.0,443.0
327.0,153.0,-574.0,129.0,,-52.0,-320.0,-84.0,968.0,580.0
333.0,-243.0,-470.0,222.0,,-235.0,-365.0,-1.0,775.0,508.0
353.0,436.0,-409.0,398.0,,49.0,-511.0,38.0,82.0,437.0
311.0,1384.0,-347.0,429.0,,413.0,-692.0,-145.0,114.0,552.0
296.0,-334.0,-273.0,262.0,,352.0,-805.0,-367.0,93.0,552.0
284.0,-1032.0,-250.0,122.0,,604.0,-858.0,-443.0,-198.0,568.0
260.0,-353.0,-186.0,249.0,,492.0,-900.0,-461.0,-372.0,669.0
237.0,-848.0,-157.0,331.0,,65.0,-908.0,-97.0,-833.0,687.0
206.0,-1821.0,-135.0,349.0,,86.0,-854.0,238.0,-521.0,565.0
149.0,-1347.0,-31.0,328.0,,-206.0,-742.0,583.0,-183.0,703.0
77.0,57.0,-35.0,193.0,,-462.0,-596.0,761.0,-107.0,928.0
65.0,656.0,18.0,193.0,,-116.0,-416.0,691.0,-239.0,785.0
28.0,552.0,38.0,328.0,,-28.0,-264.0,739.0,-209.0,610.0
-12.0,433.0,2.0,396.0,,-358.0,-160.0,611.0,224.0,664.0
-40.0,641.0,2.0,296.0,,-148.0,-56.0,504.0,36.0,830.0
0.0,-231.0,-58.0,299.0,,244.0,9.0,219.0,322.0,700.0
-47.0,-825.0,-46.0,405.0,,-35.0,22.0,-53.0,318.0,729.0
-165.0,-113.0,-105.0,350.0,,11.0,1.0,-184.0,89.0,807.0
-207.0,-70.0,-125.0,211.0,,356.0,-27.0,-319.0,663.0,756.0
-215.0,-1270.0,-139.0,83.0,,159.0,-76.0,-64.0,418.0,878.0
-227.0,-234.0,-180.0,36.0,,161.0,-152.0,125.0,-206.0,819.0
-284.0,783.0,-127.0,17.0,,361.0,-158.0,463.0,-444.0,648.0
-278.0,29.0,-93.0,-69.0,,368.0,-113.0,757.0,-287.0,476.0
-294.0,460.0,-62.0,-156.0,,376.0,-39.0,833.0,-71.0,431.0
-296.0,349.0,-6.0,-264.0,,319.0,46.0,1003.0,-196.0,282.0
-282.0,143.0,38.0,-352.0,,-81.0,43.0,835.0,-376.0,74.0
-310.0,-249.0,34.0,-369.0,,-421.0,32.0,672.0,-596.0,-37.0
-302.0,-299.0,32.0,-411.0,,-208.0,80.0,382.0,-470.0,-107.0
-245.0,-589.0,34.0,-244.0,,-164.0,173.0,70.0,90.0,-138.0
-217.0,-611.0,-14.0,-30.0,,-140.0,305.0,-227.0,263.0,-356.0
-226.0,-605.0,-42.0,-48.0,,234.0,359.0,-561.0,-387.0,-372.0
-149.0,-589.0,-13.0,-23.0,,281.0,348.0,-511.0,-521.0,-314.0
-60.0,795.0,4.0,-200.0,,351.0,347.0,-513.0,-24.0,-318.0
-20.0,110.0,79.0,-525.0,,671.0,335.0,-293.0,116.0,-261.0
18.0,460.0,160.0,-692.0,,561.0,353.0,-94.0,-27.0,-448.0
29.0,502.0,222.0,-595.0,,294.0,406.0,-16.0,-4.0,-576.0
44.0,150.0,318.0,-162.0,,415.0,398.0,157.0,-11.0,-573.0
111.0,224.0,430.0,105.0,,446.0,319.0,168.0,-225.0,-489.0
99.0,-927.0,518.0,189.0,,45.0,227.0,371.0,92.0,-561.0
58.0,-1.0,519.0,224.0,,45.0,165.0,428.0,20.0,-788.0
79.0,-177.0,522.0,137.0,,240.0,140.0,498.0,-27.0,-571.0
120.0,273.0,552.0,103.0,,-11.0,93.0,558.0,277.0,-307.0
112.0,1318.0,496.0,-74.0,,203.0,85.0,543.0,531.0,-237.0
118.0,1426.0,469.0,-433.0,,272.0,146.0,703.0,782.0,-221.0
176.0,1108.0,453.0,-681.0,,-237.0,227.0,628.0,367.0,-39.0
234.0,190.0,365.0,-726.0,,-158.0,383.0,672.0,273.0,142.0
318.0,1007.0,384.0,-620.0,,94.0,533.0,600.0,223.0,220.0
294.0,-7.0,365.0,-532.0,,20.0,590.0,515.0,393.0,452.0
233.0,-1105.0,390.0,-484.0,,-2.0,612.0,522.0,322.0,557.0
230.0,-512.0,386.0,-275.0,,296.0,646.0,351.0,-244.0,625.0
202.0,-470.0,313.0,-56.0,,420.0,680.0,476.0,263.0,719.0
78.0,-1377.0,317.0,26.0,,346.0,700.0,509.0,286.0,961.0
-10.0,-1429.0,192.0,79.0,,513.0,709.0,491.0,-40.0,986.0
19.0,-1006.0,130.0,152.0,,239.0,673.0,452.0,-62.0,684.0
0.0,-1430.0,93.0,109.0,,118.0,568.0,443.0,-234.0,565.0
-54.0,-623.0,21.0,-32.0,,492.0,483.0,665.0,-92.0,465.0
-130.0,-1453.0,8.0,-17.0,,441.0,470.0,757.0,-84.0,263.0
-175.0,-1867.0,-29.0,120.0,,431.0,472.0,851.0,-72.0,63.0
-226.0,-1414.0,-22.0,237.0,,502.0,493.0,685.0,-432.0,-186.0
-317.0,-863.0,24.0,166.0,,82.0,536.0,489.0,-713.0,-468.0
-418.0,302.0,67.0,-107.0,,-278.0,565.0,323.0,-648.0,-448.0
-482.0,528.0,122.0,-307.0,,-106.0,595.0,14.0,-557.0,-428.0
-459.0,1819.0,120.0,-306.0,,-81.0,666.0,-162.0,-340.0,-659.0
-460.0,1765.0,78.0,-327.0,,-343.0,749.0,-347.0,-415.0,-811.0
-466.0,1180.0,62.0,-414.0,,21.0,832.0,-203.0,-216.0,-746.0
-487.0,378.0,26.0,-563.0,,284.0,931.0,31.0,17.0,-480.0
-466.0,-427.0,-35.0,-718.0,,-62.0,991.0,295.0,15.0,-220.0
-370.0,-246.0,-70.0,-595.0,,61.0,1008.0,545.0,122.0,-253.0
-318.0,-424.0,-113.0,-276.0,,20.0,986.0,546.0,326.0,-368.0
-315.0,-293.0,-184.0,-141.0,,-417.0,922.0,689.0,28.0,-251.0
-260.0,-428.0,-240.0,-182.0,,-323.0,811.0,545.0,-333.0,-173.0
-141.0,466.0,-304.0,-115.0,,-56.0,710.0,530.0,-218.0,-240.0
-70.0,1371.0,-319.0,-33.0,,-88.0,688.0,657.0,-32.0,-389.0
-41.0,1295.0,-344.0,59.0,,-130.0,685.0,596.0,-262.0,-541.0
3.0,475.0,-324.0,-88.0,,-42.0,684.0,672.0,-258.0,-515.0
72.0,-99.0,-307.0,-364.0,,-409.0,715.0,382.0,467.0,-322.0
115.0,148.0,-350.0,-252.0,,-519.0,729.0,273.0,340.0,-244.0
71.0,-186.0,-281.0,-163.0,,-269.0,700.0,299.0,179.0,-383.0
-18.0,-813.0,-291.0,-328.0,,-548.0,684.0,386.0,263.0,-497.0
-48.0,-793.0,-295.0,-438.0,,-370.0,660.0,713.0,486.0,-307.0
-25.0,92.0,-274.0,-352.0,,-14.0,617.0,812.0,551.0,-29.0
-45.0,-384.0,-356.0,-147.0,,-204.0,597.0,1001.0,130.0,-57.0
-71.0,-743.0,-315.0,36.0,,-363.0,555.0,940.0,139.0,-96.0
-23.0,-374.0,-296.0,167.0,,-223.0,508.0,811.0,222.0,96.0
42.0,-407.0,-280.0,213.0,,-309.0,514.0,772.0,308.0,291.0
86.0,-115.0,-221.0,221.0,,-671.0,576.0,811.0,54.0,209.0
108.0,-456.0,-194.0,271.0,,-346.0,676.0,994.0,295.0,76.0
101.0,-243.0,-136.0,118.0,,-234.0,741.0,946.0,485.0,37.0
137.0,471.0,-167.0,-90.0,,-381.0,769.0,936.0,271.0,-27.0
219.0,617.0,-116.0,-196.0,,-29.0,800.0,779.0,301.0,99.0
232.0,708.0,-139.0,-276.0,,-269.0,747.0,685.0,230.0,118.0
197.0,708.0,-145.0,-216.0,,-648.0,650.0,626.0,492.0,-98.0
232.0,280.0,-58.0,-195.0,,-613.0,541.0,456.0,237.0,-172.0
276.0,60.0,-141.0,-238.0,,-742.0,383.0,533.0,-1.0,-102.0
237.0,224.0,-155.0,-335.0,,-911.0,264.0,476.0,32.0,-55.0
123.0,-170.0,-148.0,-354.0,,-792.0,162.0,537.0,-400.0,-181.0
49.0,-734.0,-190.0,-140.0,,-593.0,99.0,609.0,-438.0,-160.0
65.0,-1153.0,-196.0,51.0,,-732.0,100.0,535.0,-415.0,48.0
51.0,-806.0,-156.0,154.0,,-672.0,155.0,569.0,-587.0,234.0
-12.0,-772.0,-158.0,237.0,,-361.0,326.0,434.0,-700.0,297.0
-48.0,-2040.0,-179.0,206.0,,-606.0,475.0,299.0,-918.0,79.0
-24.0,-1469.0,-129.0,87.0,,-605.0,521.0,121.0,-851.0,-71.0
10.0,-595.0,-114.0,-55.0,,-245.0,550.0,79.0,-664.0,-98.0
9.0,-1549.0,-149.0,-262.0,,-501.0,567.0,121.0,-807.0,-143.0
-37.0,-792.0,-89.0,-379.0,,-563.0,553.0,153.0,-768.0,-272.0
-39.0,-91.0,-66.0,-348.0,,-507.0,530.0,323.0,-460.0,-304.0
46.0,-407.0,-93.0,-211.0,,-702.0,559.0,351.0,-498.0,-220.0
117.0,460.0,-23.0,-164.0,,-707.0,623.0,635.0,-318.0,-46.0
114.0,790.0,7.0,-123.0,,-686.0,694.0,837.0,98.0,192.0
147.0,1144.0,-9.0,5.0,,-732.0,729.0,849.0,48.0,67.0
230.0,1549.0,-2.0,153.0,,-869.0,682.0,818.0,124.0,86.0
264.0,1615.0,16.0,509.0,,-586.0,648.0,559.0,227.0,187.0
271.0,2108.0,-97.0,557.0,,-481.0,631.0,511.0,119.0,116.0
223.0,1682.0,-140.0,269.0,,-721.0,594.0,288.0,335.0,60.0
219.0,1018.0,-144.0,116.0,,-312.0,576.0,173.0,302.0,-115.0
285.0,1232.0,-236.0,5.0,,-76.0,632.0,149.0,27.0,-257.0
296.0,922.0,-237.0,-209.0,,-457.0,739.0,33.0,275.0,-234.0
275.0,-285.0,-294.0,-574.0,,-493.0,754.0,223.0,524.0,-21.0
282.0,-1065.0,-349.0,-690.0,,-232.0,711.0,210.0,257.0,3.0
329.0,-541.0,-322.0,-578.0,,-329.0,744.0,254.0,189.0,52.0
326.0,-21.0,-328.0,-487.0,,-173.0,831.0,254.0,132.0,268.0
274.0,-309.0,-291.0,-262.0,,64.0,863.0,317.0,-275.0,453.0
257.0,-78.0,-219.0,12.0,,-150.0,857.0,532.0,-307.0,563.0
224.0,-151.0,-134.0,164.0,,-130.0,847.0,674.0,-507.0,442.0
220.0,-153.0,-44.0,350.0,,-127.0,760.0,966.0,-373.0,254.0
189.0,-138.0,-4.0,684.0,,-438.0,626.0,968.0,-38.0,192.0
105.0,-783.0,62.0,805.0,,-436.0,488.0,1010.0,-91.0,308.0
96.0,-340.0,45.0,690.0,,-220.0,367.0,844.0,207.0,149.0
98.0,236.0,34.0,634.0,,-344.0,252.0,565.0,54.0,-115.0
68.0,737.0,49.0,554.0,,-319.0,141.0,424.0,106.0,-249.0
-29.0,969.0,-34.0,356.0,,0.0,56.0,97.0,310.0,-258.0
-38.0,312.0,-63.0,131.0,,2.0,35.0,31.0,-5.0,-159.0
-13.0,237.0,-93.0,3.0,,-150.0,145.0,-101.0,155.0,-346.0
0.0,163.0,-138.0,5.0,,-36.0,265.0,-68.0,409.0,-507.0
50.0,-1069.0,-114.0,-13.0,,-188.0,295.0,84.0,203.0,-500.0
17.0,-2103.0,-96.0,83.0,,-615.0,227.0,133.0,-100.0,-325.0
39.0,-2075.0,-119.0,377.0,,-499.0,131.0,262.0,-47.0,-171.0
43.0,-1760.0,-114.0,449.0,,-498.0,110.0,256.0,225.0,-151.0
25.0,-1477.0,-125.0,458.0,,-692.0,143.0,319.0,309.0,-151.0
-60.0,-1020.0,-160.0,581.0,,-397.0,220.0,157.0,123.0,-92.0
-99.0,-236.0,-184.0,692.0,,-155.0,276.0,25.0,-313.0,296.0
-45.0,598.0,-185.0,861.0,,-298.0,311.0,-73.0,-596.0,456.0
-43.0,906.0,-211.0,1013.0,,-126.0,319.0,-223.0,-346.0,380.0
-50.0,705.0,-181.0,928.0,,361.0,260.0,-94.0,-406.0,376.0
-99.0,1043.0,-173.0,787.0,,189.0,177.0,-97.0,-936.0,420.0
-33.0,1086.0,-184.0,996.0,,141.0,111.0,57.0,-849.0,505.0
-7.0,186.0,-170.0,982.0,,387.0,74.0,162.0,-419.0,404.0
0.0,-156.0,-215.0,511.0,,87.0,78.0,264.0,-398.0,222.0
20.0,320.0,-186.0,-155.0,,156.0,149.0,522.0,-394.0,0.0
44.0,399.0,-225.0,-830.0,,404.0,180.0,574.0,-672.0,-35.0
123.0,236.0,-252.0,-1161.0,,88.0,156.0,776.0,-934.0,82.0
126.0,450.0,-292.0,-1209.0,,-18.0,174.0,748.0,-431.0,62.0
108.0,164.0,-317.0,-986.0,,253.0,203.0,600.0,-494.0,-95.0
36.0,-354.0,-338.0,-882.0,,24.0,174.0,448.0,-670.0,-84.0
20.0,-213.0,-443.0,-994.0,,-306.0,144.0,234.0,-181.0,154.0
16.0,192.0,-450.0,-934.0,,-152.0,150.0,182.0,140.0,288.0
11.0,-434.0,-506.0,-647.0,,-440.0,98.0,-55.0,233.0,347.0
-2.0,-397.0,-501.0,-146.0,,-559.0,-26.0,-197.0,299.0,335.0
1.0,272.0,-427.0,204.0,,-47.0,-208.0,-415.0,515.0,358.0
53.0,-254.0,-365.0,277.0,,-165.0,-386.0,-522.0,250.0,468.0
9.0,-864.0,-282.0,171.0,,-548.0,-462.0,-376.0,-28.0,505.0
-21.0,-915.0,-266.0,-85.0,,-326.0,-458.0,-319.0,-39.0,387.0
-69.0,-85.0,-165.0,-58.0,,-100.0,-436.0,-5.0,-95.0,357.0
-81.0,215.0,-107.0,49.0,,-302.0,-453.0,149.0,193.0,470.0
-90.0,498.0,-74.0,126.0,,-217.0,-483.0,264.0,221.0,512.0
-106.0,872.0,-14.0,312.0,,-3.0,-440.0,378.0,296.0,421.0
-82.0,882.0,-82.0,396.0,,-53.0,-347.0,388.0,493.0,270.0
-89.0,998.0,-28.0,681.0,,179.0,-271.0,484.0,363.0,142.0
-93.0,443.0,-34.0,793.0,,408.0,-327.0,254.0,68.0,-22.0
-109.0,384.0,-97.0,694.0,,217.0,-450.0,36.0,-121.0,-26.0
-110.0,612.0,-46.0,610.0,,279.0,-475.0,-266.0,-148.0,-23.0
-147.0,906.0,-83.0,342.0,,580.0,-507.0,-460.0,-254.0,-35.0
-174.0,968.0,-127.0,243.0,,338.0,-531.0,-421.0,-126.0,29.0
-126.0,486.0,-126.0,138.0,,41.0,-498.0,-509.0,-100.0,252.0
-68.0,-67.0,-139.0,160.0,,0.0,-497.0,-375.0,-49.0,604.0
-36.0,-870.0,-179.0,270.0,,-255.0,-536.0,-339.0,-118.0,658.0
0.0,-1472.0,-166.0,80.0,,-411.0,-604.0,-179.0,-76.0,786.0
108.0,-858.0,-190.0,-49.0,,-344.0,-646.0,11.0,273.0,953.0
155.0,-274.0,-241.0,-154.0,,-569.0,-621.0,149.0,-92.0,925.0
105.0,-1040.0,-275.0,-249.0,,-547.0,-498.0,485.0,-216.0,853.0
111.0,-951.0,-378.0,-132.0,,127.0,-330.0,611.0,-183.0,736.0
120.0,-175.0,-413.0,69.0,,285.0,-215.0,759.0,-306.0,699.0
90.0,-298.0,-398.0,351.0,,-42.0,-128.0,626.0,-199.0,517.0
38.0,-989.0,-387.0,618.0,,118.0,-98.0,406.0,-213.0,310.0
-10.0,-436.0,-344.0,751.0,,301.0,-153.0,223.0,-356.0,138.0
-17.0,-124.0,-327.0,664.0,,193.0,-285.0,-73.0,-904.0,-107.0
-13.0,-787.0,-299.0,479.0,,433.0,-471.0,-208.0,-758.0,-320.0
63.0,72.0,-299.0,401.0,,427.0,-642.0,-467.0,-284.0,-367.0
127.0,936.0,-295.0,262.0,,9.0,-791.0,-456.0,-684.0,-181.0
165.0,873.0,-243.0,59.0,,247.0,-896.0,-399.0,-565.0,-227.0
179.0,705.0,-288.0,-225.0,,302.0,-966.0,-388.0,-132.0,-291.0
151.0,1086.0,-275.0,-373.0,,-301.0,-1001.0,-247.0,-501.0,18.0
128.0,1370.0,-291.0,-470.0,,-483.0,-972.0,-256.0,-409.0,276.0
70.0,1092.0,-352.0,-485.0,,-352.0,-922.0,-160.0,2.0,258.0
71.0,758.0,-278.0,-210.0,,-371.0,-853.0,-181.0,-263.0,308.0
72.0,637.0,-248.0,-11.0,,-149.0,-737.0,-127.0,-399.0,558.0
80.0,145.0,-211.0,145.0,,139.0,-615.0,-55.0,-500.0,639.0
99.0,-661.0,-155.0,222.0,,71.0,-550.0,-83.0,-385.0,651.0
68.0,-363.0,-170.0,287.0,,219.0,-602.0,0.0,-514.0,603.0
48.0,273.0,-139.0,495.0,,423.0,-726.0,-121.0,-940.0,490.0
29.0,611.0,-32.0,675.0,,129.0,-820.0,-162.0,-753.0,428.0
-6.0,543.0,-11.0,804.0,,-74.0,-844.0,-221.0,-648.0,318.0
-60.0,-160.0,50.0,875.0,,98.0,-836.0,-243.0,-681.0,263.0
-99.0,-1088.0,185.0,643.0,,39.0,-833.0,-188.0,-1137.0,160.0
-103.0,-983.0,213.0,379.0,,-154.0,-824.0,-282.0,-1017.0,-90.0
-45.0,-770.0,270.0,259.0,,20.0,-763.0,-308.0,-600.0,-190.0
13.0,-251.0,321.0,121.0,,-109.0,-606.0,-500.0,-550.0,-63.0
87.0,684.0,336.0,41.0,,-463.0,-485.0,-559.0,7.0,-223.0
159.0,-176.0,355.0,-76.0,,-238.0,-469.0,-563.0,91.0,-440.0
225.0,-6.0,381.0,-129.0,,-214.0,-430.0,-465.0,126.0,-452.0
303.0,868.0,361.0,-139.0,,-664.0,-378.0,-92.0,190.0,-470.0
274.0,422.0,268.0,-239.0,,-442.0,-353.0,97.0,341.0,-485.0
271.0,171.0,218.0,-429.0,,-110.0,-371.0,360.0,241.0,-555.0
294.0,47.0,122.0,-466.0,,-396.0,-439.0,382.0,40.0,-562.0
288.0,-434.0,-23.0,-349.0,,-139.0,-510.0,349.0,145.0,-490.0
303.0,-1135.0,-68.0,-228.0,,46.0,-521.0,282.0,-43.0,-336.0
320.0,-1381.0,-140.0,-27.0,,-278.0,-494.0,-5.0,504.0,-198.0
337.0,-932.0,-255.0,411.0,,123.0,-479.0,-168.0,411.0,-23.0
315.0,-390.0,-277.0,894.0,,379.0,-419.0,-517.0,93.0,123.0
309.0,-930.0,-359.0,813.0,,-81.0,-344.0,-580.0,47.0,231.0
238.0,-891.0,-441.0,454.0,,-5.0,-260.0,-655.0,-192.0,506.0
153.0,-155.0,-430.0,279.0,,363.0,-260.0,-702.0,420.0,662.0
141.0,-234.0,-467.0,209.0,,253.0,-348.0,-506.0,354.0,594.0
127.0,173.0,-529.0,107.0,,297.0,-347.0,-461.0,-68.0,616.0
55.0,903.0,-479.0,0.0,,442.0,-306.0,-144.0,-69.0,844.0
-66.0,1811.0,-507.0,70.0,,250.0,-282.0,-60.0,80.0,779.0
-98.0,2070.0,-553.0,113.0,,132.0,-386.0,-66.0,30.0,476.0
-117.0,2180.0,-465.0,76.0,,294.0,-576.0,-151.0,-53.0,415.0
-156.0,2332.0,-430.0,34.0,,220.0,-684.0,-303.0,128.0,335.0
-187.0,1951.0,-407.0,-251.0,,-20.0,-741.0,-266.0,-229.0,155.0
-180.0,1833.0,-346.0,-563.0,,235.0,-780.0,-354.0,-440.0,209.0
-158.0,1252.0,-238.0,-764.0,,148.0,-810.0,-205.0,-273.0,405.0
-147.0,950.0,-156.0,-899.0,,-189.0,-786.0,-225.0,48.0,350.0
-134.0,276.0,-11.0,-947.0,,151.0,-712.0,-206.0,4.0,411.0
-186.0,-130.0,91.0,-849.0,,231.0,-662.0,-72.0,-299.0,704.0
-151.0,-57.0,150.0,-456.0,,-133.0,-606.0,-49.0,-110.0,644.0
-105.0,-936.0,206.0,-224.0,,-3.0,-486.0,195.0,141.0,453.0
-102.0,-1603.0,153.0,-320.0,,335.0,-361.0,192.0,226.0,449.0
-59.0,-2076.0,119.0,-401.0,,302.0,-265.0,208.0,35.0,401.0
-4.0,-2087.0,12.0,-211.0,,362.0,-162.0,210.0,134.0,121.0
72.0,-1602.0,-46.0,265.0,,434.0,-69.0,131.0,35.0,-33.0
166.0,-730.0,-133.0,772.0,,277.0,60.0,169.0,-305.0,-89.0
277.0,-530.0,-249.0,949.0,,299.0,190.0,-12.0,-70.0,-320.0
329.0,-379.0,-310.0,689.0,,372.0,207.0,-155.0,-146.0,-470.0
435.0,142.0,-391.0,516.0,,116.0,182.0,-371.0,-331.0,-636.0
576.0,-58.0,-444.0,646.0,,45.0,150.0,-484.0,-276.0,-788.0
605.0,676.0,-514.0,760.0,,294.0,85.0,-406.0,-96.0,-826.0
586.0,1636.0,-584.0,671.0,,-227.0,-15.0,-413.0,199.0,-764.0
576.0,2035.0,-588.0,469.0,,-567.0,-117.0,-279.0,136.0,-647.0
562.0,1693.0,-526.0,143.0,,-17.0,-160.0,-214.0,39.0,-508.0
477.0,1141.0,-549.0,-24.0,,-16.0,-122.0,-134.0,76.0,-319.0
382.0,489.0,-471.0,-1.0,,-116.0,-34.0,-101.0,125.0,-100.0
288.0,-628.0,-377.0,-113.0,,269.0,67.0,-77.0,362.0,142.0
217.0,-935.0,-351.0,-79.0,,379.0,257.0,-68.0,122.0,294.0
188.0,-1082.0,-230.0,58.0,,417.0,432.0,-262.0,-533.0,430.0
141.0,-983.0,-129.0,351.0,,661.0,520.0,-253.0,-376.0,473.0
59.0,-701.0,-52.0,593.0,,514.0,556.0,-362.0,-103.0,459.0
41.0,-379.0,13.0,548.0,,250.0,501.0,-498.0,-348.0,593.0
93.0,-442.0,103.0,474.0,,442.0,411.0,-685.0,-461.0,571.0
82.0,-650.0,164.0,400.0,,523.0,308.0,-934.0,-563.0,310.0
52.0,104.0,204.0,438.0,,158.0,223.0,-792.0,-537.0,161.0
37.0,292.0,240.0,402.0,,48.0,141.0,-655.0,-273.0,171.0
40.0,48.0,195.0,254.0,,271.0,49.0,-393.0,-126.0,135.0
31.0,347.0,176.0,-65.0,,45.0,-45.0,-205.0,-297.0,65.0
29.0,641.0,145.0,-468.0,,-116.0,-109.0,14.0,-523.0,-5.0
19.0,677.0,54.0,-498.0,,127.0,-93.0,334.0,-304.0,10.0
23.0,651.0,13.0,-384.0,,15.0,-37.0,439.0,2.0,141.0
85.0,239.0,-41.0,-436.0,,62.0,36.0,665.0,-126.0,197.0
105.0,-695.0,-95.0,-404.0,,292.0,78.0,624.0,-491.0,312.0
78.0,-1091.0,-118.0,-276.0,,-29.0,109.0,519.0,-590.0,336.0
51.0,-941.0,-169.0,-331.0,,77.0,112.0,249.0,-427.0,205.0
56.0,-943.0,-172.0,-448.0,,516.0,85.0,-68.0,-324.0,204.0
15.0,-695.0,-180.0,-353.0,,258.0,77.0,-92.0,-167.0,275.0
-41.0,-427.0,-191.0,-90.0,,150.0,119.0,-212.0,-176.0,53.0
-56.0,-510.0,-222.0,-41.0,,298.0,222.0,-35.0,-15.0,-311.0
-101.0,-263.0,-219.0,-289.0,,-21.0,288.0,103.0,407.0,-289.0
-183.0,-31.0,-180.0,-584.0,,-275.0,333.0,230.0,490.0,-338.0
-251.0,-476.0,-222.0,-630.0,,-73.0,393.0,240.0,725.0,-450.0
-302.0,-528.0,-207.0,-366.0,,32.0,462.0,22.0,762.0,-384.0
-357.0,-124.0,-250.0,97.0,,-127.0,509.0,90.0,650.0,-344.0
-421.0,-32.0,-267.0,478.0,,75.0,451.0,103.0,738.0,-431.0
-474.0,416.0,-252.0,463.0,,316.0,355.0,352.0,219.0,-411.0
-512.0,574.0,-291.0,439.0,,41.0,310.0,463.0,-119.0,-82.0
-518.0,624.0,-226.0,662.0,,172.0,295.0,380.0,-206.0,-123.0
-483.0,973.0,-209.0,730.0,,305.0,341.0,332.0,-662.0,-254.0
-439.0,711.0,-157.0,576.0,,-79.0,478.0,92.0,-605.0,-61.0
-376.0,458.0,-101.0,251.0,,79.0,617.0,53.0,-574.0,68.0
-323.0,587.0,-100.0,-117.0,,64.0,648.0,-162.0,-650.0,120.0
-280.0,765.0,-63.0,-128.0,,-392.0,632.0,-334.0,-698.0,179.0
-236.0,197.0,-64.0,-112.0,,-344.0,674.0,-434.0,-1326.0,195.0
-199.0,-528.0,-21.0,-74.0,,-357.0,675.0,-519.0,-1153.0,162.0
-178.0,-1342.0,41.0,20.0,,-611.0,661.0,-448.0,-871.0,165.0
-186.0,-2296.0,61.0,-136.0,,-391.0,652.0,-432.0,-1069.0,118.0
-187.0,-2189.0,104.0,-260.0,,-142.0,603.0,-57.0,-674.0,-45.0
-210.0,-1745.0,120.0,-169.0,,-331.0,576.0,262.0,-191.0,-341.0
-252.0,-1008.0,118.0,97.0,,-226.0,557.0,604.0,189.0,-568.0
-240.0,-213.0,114.0,446.0,,40.0,576.0,897.0,180.0,-697.0
-209.0,312.0,87.0,598.0,,47.0,621.0,822.0,71.0,-795.0
-196.0,956.0,101.0,215.0,,259.0,659.0,746.0,94.0,-900.0
-212.0,1458.0,70.0,-24.0,,678.0,727.0,386.0,411.0,-1063.0
-193.0,1057.0,73.0,212.0,,553.0,809.0,90.0,709.0,-1019.0
-212.0,725.0,92.0,477.0,,197.0,884.0,-260.0,516.0,-875.0
-286.0,1316.0,74.0,705.0,,392.0,971.0,-678.0,650.0,-758.0
-268.0,1007.0,93.0,578.0,,241.0,1025.0,-879.0,619.0,-665.0
-308.0,528.0,59.0,211.0,,-277.0,999.0,-1156.0,406.0,-490.0
-327.0,392.0,32.0,2.0,,-268.0,943.0,-1114.0,567.0,-445.0
-292.0,-15.0,0.0,-65.0,,-227.0,888.0,-990.0,488.0,-389.0
-219.0,-500.0,-12.0,69.0,,-271.0,843.0,-705.0,80.0,-40.0
-161.0,-771.0,-60.0,397.0,,61.0,737.0,-295.0,158.0,16.0
-104.0,-842.0,-94.0,369.0,,66.0,622.0,-22.0,162.0,-3.0
45.0,-869.0,-93.0,43.0,,-171.0,596.0,354.0,-220.0,81.0
79.0,-713.0,-115.0,-56.0,,88.0,576.0,465.0,-187.0,180.0
103.0,-620.0,-54.0,-44.0,,68.0,553.0,570.0,-59.0,109.0
137.0,-315.0,-70.0,-214.0,,-208.0,561.0,461.0,-161.0,-64.0
182.0,-508.0,-46.0,-284.0,,-130.0,610.0,216.0,-481.0,-116.0
182.0,-411.0,-11.0,-6.0,,-131.0,687.0,29.0,-363.0,-293.0
200.0,-126.0,-33.0,74.0,,-446.0,712.0,-412.0,-87.0,-342.0
227.0,-184.0,-46.0,4.0,,-407.0,642.0,-587.0,-197.0,-247.0
226.0,106.0,-107.0,-89.0,,-139.0,526.0,-727.0,-349.0,-138.0
287.0,220.0,-148.0,-351.0,,-235.0,481.0,-683.0,-342.0,-167.0
237.0,288.0,-192.0,-522.0,,-16.0,548.0,-517.0,-330.0,-165.0
186.0,783.0,-214.0,-356.0,,299.0,571.0,-378.0,-351.0,-10.0
145.0,1141.0,-222.0,-141.0,,56.0,489.0,14.0,-177.0,117.0
171.0,502.0,-232.0,-360.0,,-6.0,462.0,258.0,63.0,241.0
146.0,739.0,-286.0,-653.0,,270.0,528.0,593.0,383.0,253.0
112.0,399.0,-310.0,-886.0,,124.0,585.0,696.0,276.0,143.0
147.0,-658.0,-333.0,-917.0,,-46.0,599.0,700.0,307.0,52.0
118.0,74.0,-328.0,-525.0,,189.0,626.0,838.0,515.0,124.0
112.0,859.0,-333.0,-148.0,,196.0,668.0,800.0,390.0,124.0
52.0,1309.0,-373.0,-23.0,,-59.0,696.0,831.0,322.0,-16.0
24.0,1364.0,-349.0,-133.0,,-94.0,670.0,744.0,268.0,-130.0
-11.0,995.0,-381.0,-93.0,,-118.0,584.0,678.0,313.0,-57.0
3.0,360.0,-346.0,1.0,,-356.0,565.0,489.0,224.0,67.0
27.0,-466.0,-360.0,-49.0,,-126.0,639.0,382.0,42.0,76.0
18.0,-1728.0,-286.0,121.0,,68.0,695.0,404.0,85.0,9.0
51.0,-2702.0,-206.0,125.0,,-180.0,682.0,201.0,228.0,-127.0
78.0,-1779.0,-241.0,74.0,,27.0,618.0,216.0,-10.0,-208.0
114.0,-560.0,-196.0,124.0,,232.0,529.0,188.0,-136.0,-296.0
105.0,-31.0,-211.0,86.0,,123.0,430.0,182.0,5.0,-341.0
107.0,1105.0,-168.0,121.0,,254.0,394.0,223.0,67.0,-499.0
77.0,1992.0,-149.0,148.0,,362.0,430.0,260.0,-35.0,-729.0
109.0,1340.0,-137.0,289.0,,39.0,456.0,443.0,-126.0,-769.0
134.0,1043.0,-117.0,128.0,,77.0,422.0,495.0,96.0,-628.0
138.0,1158.0,-111.0,-365.0,,326.0,339.0,700.0,-20.0,-493.0
156.0,723.0,-77.0,-594.0,,-71.0,273.0,642.0,-240.0,-608.0
160.0,-42.0,-95.0,-458.0,,-30.0,205.0,373.0,-343.0,-681.0
174.0,-230.0,-34.0,-124.0,,247.0,130.0,208.0,-364.0,-494.0
100.0,402.0,10.0,202.0,,-81.0,122.0,16.0,-392.0,-339.0
97.0,-54.0,17.0,423.0,,-208.0,154.0,194.0,-426.0,-444.0
117.0,-669.0,87.0,321.0,,8.0,139.0,230.0,-316.0,-453.0
131.0,-621.0,91.0,-19.0,,-141.0,76.0,160.0,-379.0,-411.0
77.0,-313.0,85.0,-332.0,,-388.0,9.0,160.0,-509.0,-471.0
22.0,-597.0,123.0,-432.0,,-151.0,-47.0,240.0,-617.0,-310.0
23.0,-838.0,85.0,-176.0,,-223.0,-46.0,539.0,-478.0,-87.0
-44.0,194.0,27.0,-147.0,,-392.0,28.0,493.0,-399.0,-53.0
-75.0,525.0,40.0,-251.0,,-175.0,102.0,421.0,-470.0,-87.0
-134.0,518.0,93.0,-236.0,,-225.0,104.0,291.0,-301.0,40.0
-158.0,985.0,137.0,-415.0,,-324.0,89.0,116.0,23.0,108.0
-175.0,1381.0,226.0,-418.0,,-127.0,107.0,97.0,50.0,47.0
-196.0,996.0,267.0,-344.0,,-252.0,70.0,173.0,21.0,-11.0
-191.0,644.0,300.0,-171.0,,-636.0,40.0,378.0,382.0,-124.0
-190.0,729.0,341.0,-147.0,,-308.0,118.0,284.0,460.0,-206.0
-161.0,1011.0,299.0,-518.0,,-134.0,187.0,310.0,540.0,-237.0
-192.0,619.0,311.0,-639.0,,-377.0,220.0,295.0,428.0,-149.0
-173.0,-767.0,293.0,-616.0,,-16.0,300.0,197.0,163.0,-213.0
-153.0,83.0,254.0,-660.0,,221.0,339.0,356.0,352.0,-442.0
-205.0,799.0,208.0,-529.0,,-97.0,285.0,378.0,164.0,-382.0
-233.0,-28.0,116.0,-345.0,,-106.0,210.0,554.0,-204.0,-376.0
-236.0,-131.0,-18.0,-369.0,,95.0,146.0,626.0,-161.0,-465.0
-228.0,226.0,-128.0,-488.0,,-282.0,71.0,609.0,-22.0,-408.0
-246.0,337.0,-190.0,-393.0,,-317.0,-98.0,582.0,88.0,-463.0
-227.0,518.0,-295.0,-369.0,,-116.0,-336.0,380.0,359.0,-661.0
-171.0,1324.0,-327.0,-552.0,,-400.0,-464.0,306.0,230.0,-677.0
-112.0,904.0,-357.0,-365.0,,-139.0,-440.0,194.0,157.0,-525.0
-58.0,-41.0,-394.0,-103.0,,62.0,-356.0,334.0,166.0,-684.0
-38.0,-29.0,-360.0,23.0,,-240.0,-309.0,423.0,-8.0,-766.0
32.0,-232.0,-342.0,179.0,,8.0,-392.0,423.0,280.0,-744.0
63.0,-893.0,-351.0,276.0,,255.0,-459.0,565.0,102.0,-785.0
37.0,-1090.0,-364.0,134.0,,-62.0,-339.0,524.0,25.0,-694.0
39.0,-653.0,-305.0,-93.0,,64.0,-196.0,611.0,-13.0,-710.0
49.0,-162.0,-235.0,-5.0,,241.0,-166.0,497.0,-242.0,-707.0
69.0,-474.0,-183.0,261.0,,143.0,-263.0,362.0,123.0,-828.0
63.0,-732.0,-95.0,356.0,,459.0,-454.0,221.0,0.0,-905.0
115.0,-387.0,-59.0,-112.0,,419.0,-611.0,-51.0,-206.0,-748.0
146.0,213.0,-71.0,-450.0,,255.0,-664.0,-208.0,-174.0,-533.0
126.0,515.0,-81.0,-504.0,,452.0,-603.0,-535.0,-140.0,-500.0
131.0,358.0,-86.0,-493.0,,449.0,-444.0,-644.0,-11.0,-542.0
111.0,947.0,-116.0,-339.0,,344.0,-348.0,-755.0,-364.0,-190.0
106.0,464.0,-164.0,-356.0,,325.0,-373.0,-650.0,-459.0,8.0
86.0,119.0,-192.0,-369.0,,442.0,-387.0,-330.0,-269.0,29.0
100.0,429.0,-272.0,-251.0,,734.0,-367.0,-192.0,-227.0,128.0
167.0,-387.0,-344.0,146.0,,803.0,-301.0,72.0,147.0,120.0
191.0,-571.0,-386.0,297.0,,706.0,-190.0,88.0,403.0,119.0
179.0,-163.0,-487.0,193.0,,932.0,-179.0,177.0,129.0,195.0
165.0,190.0,-542.0,253.0,,897.0,-314.0,134.0,-211.0,182.0
134.0,145.0,-611.0,207.0,,636.0,-470.0,1.0,145.0,-108.0
85.0,251.0,-703.0,47.0,,539.0,-545.0,-51.0,546.0,-370.0
137.0,544.0,-700.0,-179.0,,473.0,-642.0,-343.0,268.0,-373.0
127.0,154.0,-724.0,-225.0,,486.0,-691.0,-410.0,-59.0,-274.0
66.0,-933.0,-698.0,-252.0,,332.0,-658.0,-674.0,98.0,-466.0
111.0,-1349.0,-718.0,-361.0,,327.0,-721.0,-844.0,558.0,-716.0
156.0,-614.0,-707.0,-50.0,,571.0,-858.0,-829.0,632.0,-541.0
168.0,-645.0,-716.0,360.0,,604.0,-966.0,-899.0,590.0,-364.0
127.0,-267.0,-746.0,410.0,,439.0,-933.0,-683.0,484.0,-374.0
82.0,523.0,-650.0,301.0,,381.0,-802.0,-539.0,524.0,-336.0
-19.0,559.0,-641.0,149.0,,681.0,-691.0,-280.0,686.0,-352.0
-76.0,1033.0,-556.0,143.0,,1092.0,-589.0,-127.0,595.0,-474.0
-138.0,1499.0,-582.0,302.0,,1074.0,-513.0,-51.0,441.0,-435.0
-188.0,1552.0,-564.0,216.0,,851.0,-505.0,110.0,-12.0,-270.0
-130.0,1341.0,-593.0,-145.0,,697.0,-488.0,-11.0,25.0,-391.0
-132.0,1107.0,-655.0,-315.0,,711.0,-469.0,-40.0,236.0,-655.0
-99.0,565.0,-646.0,-177.0,,980.0,-534.0,-317.0,316.0,-564.0
-87.0,-208.0,-767.0,-116.0,,830.0,-652.0,-615.0,139.0,-390.0
-59.0,166.0,-736.0,-233.0,,421.0,-815.0,-770.0,-589.0,-406.0
-12.0,735.0,-726.0,-176.0,,421.0,-916.0,-949.0,-182.0,-432.0
38.0,402.0,-649.0,-154.0,,568.0,-905.0,-715.0,245.0,-484.0
81.0,170.0,-604.0,-172.0,,440.0,-824.0,-424.0,-274.0,-432.0
104.0,203.0,-547.0,-113.0,,355.0,-702.0,-40.0,-657.0,-251.0
168.0,368.0,-471.0,-293.0,,336.0,-665.0,59.0,-514.0,-45.0
217.0,225.0,-414.0,-422.0,,171.0,-696.0,3.0,90.0,41.0
263.0,-65.0,-388.0,-425.0,,128.0,-755.0,44.0,-31.0,-29.0
264.0,469.0,-407.0,-231.0,,-22.0,-776.0,-169.0,-363.0,36.0
292.0,309.0,-373.0,-61.0,,210.0,-779.0,-173.0,-460.0,215.0
336.0,-394.0,-380.0,-187.0,,308.0,-822.0,-376.0,-435.0,269.0
312.0,-943.0,-346.0,-79.0,,-239.0,-837.0,-532.0,-136.0,212.0
249.0,-1322.0,-413.0,231.0,,-129.0,-880.0,-532.0,20.0,203.0
199.0,-943.0,-349.0,408.0,,187.0,-895.0,-587.0,274.0,245.0
161.0,-42.0,-394.0,503.0,,208.0,-814.0,-400.0,128.0,229.0
89.0,838.0,-418.0,415.0,,325.0,-757.0,-332.0,217.0,190.0
11.0,1043.0,-381.0,55.0,,209.0,-772.0,-177.0,898.0,178.0
21.0,1599.0,-448.0,-190.0,,72.0,-825.0,-194.0,960.0,8.0
76.0,1294.0,-343.0,-198.0,,352.0,-832.0,-166.0,608.0,-187.0
128.0,688.0,-369.0,-103.0,,239.0,-762.0,-29.0,196.0,-143.0
144.0,456.0,-355.0,-15.0,,-77.0,-707.0,-31.0,54.0,-188.0
139.0,150.0,-356.0,61.0,,16.0,-699.0,153.0,370.0,-318.0
194.0,479.0,-390.0,185.0,,-77.0,-799.0,162.0,123.0,-278.0
198.0,225.0,-347.0,234.0,,108.0,-963.0,271.0,-320.0,-246.0
144.0,-276.0,-324.0,292.0,,231.0,-977.0,264.0,43.0,-232.0
129.0,-1038.0,-291.0,360.0,,95.0,-876.0,75.0,249.0,-94.0
137.0,-885.0,-215.0,340.0,,97.0,-797.0,-110.0,169.0,33.0
117.0,-840.0,-100.0,231.0,,-358.0,-760.0,-593.0,360.0,27.0
134.0,-1316.0,-59.0,107.0,,-246.0,-746.0,-910.0,262.0,-7.0
120.0,-843.0,70.0,-47.0,,247.0,-744.0,-1156.0,146.0,26.0
82.0,-520.0,185.0,77.0,,-23.0,-791.0,-1199.0,351.0,61.0
81.0,-453.0,209.0,325.0,,-55.0,-835.0,-1079.0,322.0,26.0
35.0,-430.0,284.0,228.0,,45.0,-808.0,-947.0,140.0,25.0
-36.0,-259.0,279.0,86.0,,-33.0,-721.0,-637.0,-87.0,-53.0
-122.0,64.0,258.0,-272.0,,253.0,-623.0,-515.0,-106.0,-106.0
-188.0,1684.0,276.0,-191.0,,184.0,-624.0,-290.0,0.0,4.0
-224.0,2160.0,210.0,156.0,,-211.0,-738.0,-171.0,-272.0,41.0
-227.0,1763.0,163.0,77.0,,54.0,-816.0,-194.0,-424.0,-27.0
-279.0,2179.0,143.0,23.0,,357.0,-766.0,-194.0,-46.0,-136.0
-328.0,1487.0,74.0,-325.0,,-64.0,-652.0,-402.0,295.0,-149.0
-335.0,952.0,63.0,-355.0,,-334.0,-659.0,-493.0,289.0,-141.0
-364.0,-11.0,41.0,-114.0,,70.0,-716.0,-633.0,414.0,-48.0
-409.0,-693.0,5.0,-108.0,,267.0,-663.0,-458.0,429.0,-93.0
-433.0,-958.0,1.0,9.0,,44.0,-585.0,-149.0,238.0,-260.0
-380.0,-1501.0,-67.0,93.0,,237.0,-492.0,49.0,-84.0,-43.0
-336.0,-1993.0,-152.0,3.0,,45.0,-342.0,341.0,13.0,221.0
-256.0,-2849.0,-255.0,-58.0,,-8.0,-167.0,251.0,114.0,250.0
-217.0,-2945.0,-337.0,73.0,,1003.0,-40.0,134.0,-99.0,112.0
-222.0,-3134.0,-368.0,49.0,,229.0,-27.0,-273.0,107.0,108.0
-141.0,-2865.0,-402.0,22.0,,-553.0,-54.0,-707.0,-47.0,64.0
-109.0,-2159.0,-445.0,86.0,,727.0,-47.0,-855.0,-219.0,-1.0
-165.0,-1873.0,-472.0,245.0,,292.0,-90.0,-984.0,-393.0,51.0
-215.0,-1509.0,-444.0,317.0,,-373.0,-212.0,-742.0,-165.0,-269.0
-215.0,-774.0,-450.0,218.0,,611.0,-347.0,-583.0,-18.0,-558.0
-263.0,146.0,-498.0,83.0,,372.0,-496.0,-360.0,-638.0,-555.0
-300.0,491.0,-496.0,-292.0,,-104.0,-579.0,-314.0,-480.0,-390.0
-344.0,1140.0,-509.0,-248.0,,509.0,-572.0,-428.0,-375.0,-449.0
-347.0,1691.0,-543.0,60.0,,119.0,-579.0,-424.0,-363.0,-578.0
-231.0,1545.0,-539.0,228.0,,-70.0,-622.0,-626.0,-326.0,-359.0
-179.0,722.0,-573.0,439.0,,913.0,-692.0,-598.0,-411.0,-273.0
-166.0,-83.0,-568.0,410.0,,133.0,-774.0,-642.0,-7.0,-132.0
-167.0,-347.0,-522.0,365.0,,-609.0,-849.0,-641.0,-5.0,74.0
-89.0,-237.0,-572.0,339.0,,607.0,-861.0,-648.0,210.0,-4.0
-81.0,169.0,-562.0,204.0,,437.0,-772.0,-702.0,485.0,-165.0
-138.0,562.0,-589.0,167.0,,-321.0,-659.0,-511.0,215.0,79.0
-102.0,654.0,-627.0,204.0,,379.0,-596.0,-489.0,72.0,433.0
-56.0,379.0,-586.0,183.0,,244.0,-503.0,-404.0,46.0,366.0
46.0,474.0,-613.0,190.0,,-211.0,-288.0,-461.0,161.0,322.0
103.0,-174.0,-600.0,188.0,,190.0,-57.0,-436.0,-233.0,369.0
153.0,-501.0,-582.0,103.0,,-170.0,177.0,-408.0,-612.0,315.0
188.0,-152.0,-486.0,69.0,,-239.0,451.0,-624.0,-383.0,180.0
273.0,37.0,-493.0,173.0,,233.0,627.0,-630.0,-113.0,63.0
333.0,-227.0,-468.0,365.0,,-22.0,649.0,-772.0,-35.0,-102.0
265.0,-714.0,-363.0,80.0,,-112.0,534.0,-790.0,-123.0,-314.0
261.0,-351.0,-438.0,-271.0,,72.0,397.0,-820.0,-214.0,-397.0
285.0,-881.0,-380.0,-385.0,,132.0,302.0,-879.0,-435.0,-362.0
317.0,-532.0,-392.0,-577.0,,191.0,230.0,-816.0,-153.0,-454.0
288.0,88.0,-395.0,-471.0,,-18.0,136.0,-800.0,341.0,-647.0
290.0,250.0,-322.0,-216.0,,-143.0,-56.0,-450.0,51.0,-684.0
324.0,462.0,-407.0,110.0,,354.0,-282.0,-177.0,-663.0,-695.0
302.0,-650.0,-416.0,154.0,,274.0,-477.0,206.0,-563.0,-589.0
267.0,-732.0,-478.0,16.0,,-279.0,-566.0,600.0,8.0,-565.0
209.0,-530.0,-513.0,36.0,,-76.0,-521.0,589.0,118.0,-459.0
155.0,-714.0,-511.0,-28.0,,-137.0,-454.0,443.0,-72.0,-199.0
129.0,-354.0,-630.0,96.0,,-283.0,-425.0,81.0,-302.0,-23.0
177.0,519.0,-526.0,64.0,,180.0,-353.0,-92.0,-160.0,153.0
109.0,1041.0,-494.0,-58.0,,-158.0,-221.0,-312.0,-89.0,266.0
-5.0,178.0,-561.0,147.0,,-669.0,-190.0,-602.0,-105.0,431.0
-26.0,-342.0,-476.0,309.0,,-29.0,-283.0,-770.0,-345.0,392.0
-48.0,15.0,-517.0,274.0,,35.0,-282.0,-984.0,-869.0,430.0
-109.0,-52.0,-512.0,267.0,,-313.0,-137.0,-862.0,-980.0,593.0
-206.0,-348.0,-477.0,466.0,,27.0,-50.0,-779.0,-327.0,559.0
-203.0,-554.0,-496.0,531.0,,114.0,-138.0,-620.0,234.0,479.0
-183.0,-1005.0,-490.0,425.0,,324.0,-342.0,-315.0,-155.0,320.0
-179.0,-1025.0,-470.0,410.0,,256.0,-359.0,-62.0,-375.0,106.0
-192.0,-505.0,-500.0,506.0,,-237.0,-215.0,258.0,-127.0,-125.0
-200.0,431.0,-535.0,729.0,,123.0,-158.0,299.0,230.0,-116.0
-116.0,654.0,-526.0,691.0,,208.0,-129.0,400.0,134.0,-224.0
-20.0,575.0,-525.0,548.0,,-184.0,-21.0,240.0,57.0,-491.0
42.0,1342.0,-489.0,444.0,,70.0,187.0,-110.0,291.0,-320.0
50.0,950.0,-505.0,303.0,,-43.0,358.0,-286.0,46.0,-29.0
116.0,101.0,-513.0,295.0,,-282.0,416.0,-569.0,159.0,61.0
161.0,-105.0,-499.0,-48.0,,60.0,402.0,-691.0,165.0,56.0
127.0,-165.0,-542.0,-398.0,,-114.0,431.0,-944.0,-186.0,-46.0
110.0,-30.0,-518.0,-532.0,,-335.0,492.0,-938.0,-404.0,-59.0
74.0,-207.0,-478.0,-667.0,,-16.0,459.0,-668.0,-290.0,101.0
54.0,-359.0,-484.0,-585.0,,-87.0,369.0,-352.0,95.0,149.0
46.0,-514.0,-442.0,-439.0,,-367.0,278.0,105.0,79.0,115.0
44.0,-301.0,-476.0,-486.0,,-208.0,261.0,243.0,95.0,-1.0
-25.0,39.0,-438.0,-432.0,,0.0,257.0,312.0,-30.0,81.0
-93.0,-523.0,-310.0,-33.0,,-233.0,278.0,177.0,132.0,358.0
-137.0,-435.0,-253.0,187.0,,-571.0,337.0,238.0,439.0,395.0
-216.0,44.0,-191.0,262.0,,-336.0,305.0,437.0,195.0,356.0
-282.0,347.0,-179.0,229.0,,-152.0,253.0,317.0,337.0,200.0
-310.0,612.0,-140.0,11.0,,-434.0,246.0,229.0,2.0,153.0
-287.0,-265.0,-130.0,-116.0,,-365.0,296.0,-62.0,-608.0,282.0
-296.0,-363.0,-103.0,-58.0,,-374.0,359.0,-223.0,-472.0,354.0
-245.0,179.0,-35.0,-17.0,,-566.0,414.0,-378.0,-389.0,337.0
-229.0,88.0,-29.0,103.0,,-354.0,553.0,-404.0,-404.0,269.0
-169.0,397.0,-5.0,401.0,,-390.0,732.0,-262.0,-493.0,375.0
-55.0,443.0,-41.0,561.0,,-500.0,849.0,-354.0,-262.0,561.0
-65.0,497.0,-140.0,600.0,,-168.0,858.0,-314.0,-335.0,729.0
-83.0,848.0,-137.0,357.0,,-298.0,834.0,-341.0,-605.0,669.0
-65.0,700.0,-231.0,109.0,,-734.0,794.0,57.0,-168.0,533.0
40.0,327.0,-308.0,-38.0,,-687.0,716.0,384.0,-94.0,497.0
73.0,435.0,-250.0,-311.0,,-618.0,654.0,406.0,186.0,455.0
84.0,709.0,-358.0,-418.0,,-485.0,513.0,698.0,230.0,407.0
68.0,359.0,-299.0,-270.0,,-420.0,252.0,696.0,-118.0,228.0
16.0,-130.0,-290.0,-138.0,,-851.0,57.0,733.0,206.0,184.0
1.0,-600.0,-329.0,27.0,,-860.0,54.0,580.0,83.0,155.0
-54.0,-1097.0,-253.0,115.0,,-638.0,107.0,408.0,-318.0,268.0
-75.0,-1078.0,-305.0,-244.0,,-685.0,79.0,221.0,-237.0,454.0
-126.0,-1358.0,-297.0,-502.0,,-188.0,14.0,-288.0,-170.0,278.0
-122.0,-1985.0,-296.0,-324.0,,-341.0,-1.0,-591.0,-520.0,302.0
-156.0,-1643.0,-252.0,21.0,,-1012.0,34.0,-944.0,-666.0,463.0
-212.0,-1468.0,-235.0,196.0,,-694.0,133.0,-992.0,-736.0,582.0
-245.0,-1608.0,-222.0,350.0,,-565.0,343.0,-903.0,-881.0,575.0
-299.0,-1380.0,-197.0,617.0,,-615.0,525.0,-740.0,-656.0,437.0
-315.0,-940.0,-225.0,595.0,,-440.0,607.0,-299.0,-555.0,386.0
-326.0,-419.0,-268.0,315.0,,-751.0,672.0,44.0,-335.0,271.0
-288.0,-325.0,-240.0,-7.0,,-967.0,774.0,321.0,35.0,206.0
-334.0,342.0,-201.0,-223.0,,-469.0,897.0,271.0,71.0,66.0
-316.0,798.0,-227.0,-304.0,,-234.0,947.0,234.0,98.0,-242.0
-264.0,953.0,-157.0,-331.0,,-901.0,900.0,123.0,-107.0,-556.0
-250.0,1248.0,-187.0,-520.0,,-888.0,841.0,-110.0,-447.0,-495.0
-198.0,1028.0,-212.0,-776.0,,-137.0,816.0,-195.0,34.0,-300.0
-181.0,695.0,-210.0,-811.0,,-526.0,750.0,-345.0,467.0,-503.0
-181.0,434.0,-291.0,-671.0,,-789.0,618.0,-260.0,247.0,-639.0
-208.0,782.0,-320.0,-495.0,,-289.0,506.0,-297.0,184.0,-434.0
-184.0,978.0,-327.0,-331.0,,-730.0,554.0,-338.0,341.0,-284.0
-215.0,799.0,-355.0,-337.0,,-496.0,680.0,-153.0,370.0,-220.0
-247.0,648.0,-367.0,-354.0,,-116.0,729.0,25.0,79.0,75.0
-254.0,778.0,-348.0,-141.0,,-1020.0,695.0,280.0,-73.0,105.0
-306.0,887.0,-400.0,70.0,,-726.0,599.0,410.0,-152.0,92.0
-416.0,332.0,-402.0,180.0,,-508.0,565.0,652.0,-542.0,363.0
-525.0,73.0,-385.0,79.0,,-621.0,566.0,770.0,-820.0,480.0
-547.0,159.0,-374.0,148.0,,277.0,570.0,718.0,-443.0,448.0
-627.0,-312.0,-302.0,315.0,,-199.0,661.0,561.0,-90.0,290.0
-697.0,-912.0,-239.0,278.0,,-323.0,697.0,208.0,-141.0,277.0
-726.0,-639.0,-136.0,114.0,,256.0,616.0,33.0,128.0,272.0
-664.0,-357.0,-115.0,-214.0,,-632.0,603.0,-279.0,321.0,306.0
-575.0,-175.0,-58.0,-218.0,,-602.0,598.0,-524.0,287.0,344.0
-553.0,-183.0,-61.0,37.0,,-282.0,526.0,-652.0,241.0,317.0
-563.0,-71.0,-122.0,241.0,,-705.0,533.0,-700.0,139.0,408.0
-572.0,843.0,-144.0,368.0,,-713.0,570.0,-456.0,-30.0,479.0
-525.0,202.0,-182.0,435.0,,-902.0,562.0,-236.0,-52.0,699.0
-557.0,-314.0,-106.0,303.0,,-607.0,565.0,94.0,43.0,783.0
-583.0,328.0,-116.0,207.0,,-429.0,553.0,323.0,-211.0,745.0
-557.0,-484.0,-79.0,233.0,,-738.0,375.0,545.0,-147.0,688.0
-462.0,-633.0,-58.0,280.0,,-461.0,111.0,667.0,-167.0,626.0
-358.0,24.0,-51.0,465.0,,-747.0,65.0,443.0,-372.0,712.0
-332.0,-550.0,-11.0,301.0,,-834.0,149.0,297.0,-139.0,651.0
-261.0,-590.0,-45.0,65.0,,-459.0,208.0,1.0,-242.0,393.0
-191.0,17.0,-54.0,-279.0,,-862.0,279.0,-158.0,-289.0,149.0
-106.0,-8.0,-96.0,-543.0,,-539.0,354.0,-218.0,-372.0,165.0
-46.0,260.0,-64.0,-296.0,,-351.0,446.0,-325.0,-482.0,212.0
-48.0,799.0,-110.0,-216.0,,-663.0,461.0,-133.0,-456.0,136.0
-87.0,731.0,-95.0,-163.0,,-223.0,431.0,-44.0,-646.0,137.0
-68.0,608.0,-52.0,-77.0,,-561.0,464.0,184.0,-28.0,134.0
-30.0,550.0,-104.0,-31.0,,-555.0,469.0,402.0,230.0,105.0
-101.0,200.0,-43.0,79.0,,-91.0,420.0,594.0,-23.0,261.0
-161.0,120.0,-95.0,-68.0,,-377.0,353.0,851.0,242.0,431.0
-182.0,352.0,-116.0,-176.0,,143.0,278.0,746.0,43.0,274.0
-214.0,332.0,-62.0,-100.0,,281.0,232.0,742.0,-160.0,18.0
-316.0,588.0,-78.0,-37.0,,-190.0,257.0,559.0,-197.0,98.0
-405.0,1152.0,-71.0,297.0,,-265.0,342.0,410.0,-169.0,210.0
-452.0,856.0,-72.0,566.0,,-394.0,417.0,271.0,-87.0,-29.0
-493.0,647.0,-67.0,711.0,,-175.0,361.0,-149.0,-272.0,-140.0
-507.0,786.0,-96.0,909.0,,63.0,214.0,-319.0,-147.0,-34.0
-533.0,547.0,-84.0,816.0,,-50.0,130.0,-480.0,173.0,0.0
-504.0,578.0,-94.0,751.0,,-628.0,178.0,-519.0,314.0,42.0
-386.0,149.0,-81.0,641.0,,-704.0,401.0,-652.0,244.0,269.0
-273.0,-379.0,-51.0,208.0,,-250.0,590.0,-707.0,112.0,340.0
-189.0,-464.0,-153.0,-176.0,,-284.0,567.0,-578.0,308.0,255.0
-71.0,-454.0,-141.0,-162.0,,-207.0,486.0,-417.0,427.0,516.0
56.0,-880.0,-102.0,31.0,,-386.0,441.0,-27.0,343.0,779.0
136.0,-1163.0,-114.0,95.0,,-371.0,477.0,77.0,485.0,740.0
196.0,-582.0,-58.0,48.0,,139.0,578.0,247.0,558.0,614.0
306.0,-600.0,-32.0,-140.0,,-237.0,626.0,345.0,623.0,720.0
365.0,-711.0,-45.0,-88.0,,-340.0,623.0,332.0,555.0,823.0
371.0,-807.0,-45.0,328.0,,-8.0,558.0,463.0,469.0,879.0
323.0,-476.0,-74.0,742.0,,-343.0,372.0,375.0,524.0,814.0
252.0,253.0,-115.0,886.0,,-47.0,186.0,371.0,428.0,600.0
212.0,513.0,-92.0,598.0,,-118.0,161.0,131.0,680.0,670.0
138.0,732.0,-88.0,328.0,,-204.0,293.0,-101.0,460.0,707.0
77.0,454.0,-125.0,252.0,,317.0,333.0,-145.0,133.0,628.0
32.0,246.0,-96.0,10.0,,-113.0,155.0,-68.0,182.0,534.0
30.0,370.0,-98.0,9.0,,309.0,52.0,382.0,-266.0,534.0
-20.0,623.0,-98.0,182.0,,340.0,170.0,593.0,6.0,475.0
-67.0,202.0,-35.0,71.0,,-95.0,389.0,811.0,190.0,452.0
-51.0,109.0,-27.0,-132.0,,442.0,543.0,853.0,-268.0,660.0
-61.0,569.0,9.0,-228.0,,-137.0,475.0,698.0,-125.0,589.0
-111.0,84.0,51.0,-152.0,,-62.0,253.0,724.0,27.0,357.0
-137.0,125.0,108.0,-55.0,,152.0,56.0,635.0,254.0,299.0
-100.0,5.0,148.0,-56.0,,-267.0,12.0,752.0,366.0,582.0
-102.0,-118.0,164.0,-139.0,,398.0,85.0,763.0,341.0,742.0
-119.0,60.0,232.0,-171.0,,85.0,112.0,716.0,255.0,569.0
-145.0,-394.0,222.0,-237.0,,-427.0,48.0,558.0,232.0,544.0
-148.0,-671.0,262.0,-476.0,,-321.0,-6.0,321.0,521.0,565.0
-167.0,-1152.0,295.0,-567.0,,-340.0,-32.0,315.0,99.0,581.0
-150.0,-1359.0,240.0,-562.0,,340.0,-7.0,116.0,-146.0,643.0
-104.0,-1504.0,240.0,-655.0,,217.0,186.0,120.0,-315.0,641.0
-53.0,-1394.0,191.0,-424.0,,-56.0,425.0,79.0,-372.0,564.0
4.0,-1074.0,82.0,-73.0,,214.0,494.0,-11.0,-289.0,543.0
17.0,-911.0,52.0,147.0,,180.0,400.0,-36.0,-453.0,591.0
62.0,-262.0,24.0,290.0,,707.0,294.0,-97.0,-171.0,592.0
98.0,-202.0,-65.0,271.0,,441.0,163.0,149.0,-616.0,526.0
136.0,21.0,-51.0,440.0,,-209.0,-38.0,208.0,-304.0,442.0
127.0,209.0,-78.0,653.0,,-129.0,-99.0,336.0,80.0,356.0
101.0,637.0,-109.0,875.0,,-494.0,-45.0,365.0,281.0,312.0
71.0,1040.0,-13.0,1085.0,,-531.0,-77.0,288.0,740.0,246.0
45.0,503.0,-67.0,1013.0,,-207.0,-151.0,306.0,131.0,-7.0
24.0,342.0,-103.0,841.0,,-356.0,-120.0,96.0,492.0,-209.0
10.0,-299.0,-77.0,657.0,,-131.0,14.0,83.0,469.0,-389.0
14.0,-715.0,-79.0,632.0,,5.0,149.0,-38.0,45.0,-697.0
-22.0,-846.0,-76.0,704.0,,-482.0,334.0,-62.0,-60.0,-930.0
-13.0,-1051.0,-72.0,460.0,,-25.0,462.0,-16.0,-242.0,-925.0
-24.0,-459.0,-58.0,171.0,,448.0,355.0,-81.0,167.0,-964.0
-51.0,429.0,-86.0,101.0,,231.0,168.0,44.0,423.0,-1134.0
-60.0,748.0,-11.0,-231.0,,230.0,93.0,16.0,699.0,-1003.0
-29.0,1050.0,-14.0,-459.0,,52.0,25.0,182.0,526.0,-833.0
0.0,1328.0,-77.0,-201.0,,246.0,-156.0,334.0,337.0,-727.0
9.0,948.0,9.0,38.0,,-54.0,-296.0,404.0,352.0,-632.0
73.0,1180.0,7.0,172.0,,-554.0,-377.0,441.0,299.0,-620.0
102.0,617.0,14.0,306.0,,-27.0,-528.0,168.0,161.0,-624.0
138.0,203.0,52.0,395.0,,248.0,-741.0,35.0,-325.0,-529.0
194.0,250.0,3.0,438.0,,82.0,-904.0,-136.0,-386.0,-214.0
197.0,-288.0,7.0,284.0,,-212.0,-937.0,-197.0,-165.0,-177.0
170.0,-880.0,20.0,110.0,,-92.0,-863.0,-138.0,-14.0,-187.0
226.0,-1473.0,18.0,117.0,,120.0,-709.0,-24.0,-4.0,82.0
273.0,-920.0,43.0,-73.0,,213.0,-512.0,232.0,-167.0,221.0
225.0,-1201.0,93.0,-92.0,,-16.0,-329.0,310.0,-211.0,233.0
232.0,-973.0,122.0,76.0,,-620.0,-181.0,530.0,8.0,291.0
252.0,-550.0,182.0,-27.0,,-93.0,-50.0,694.0,284.0,256.0
254.0,-696.0,251.0,20.0,,-2.0,43.0,901.0,321.0,184.0
247.0,-146.0,289.0,151.0,,-256.0,129.0,1080.0,-69.0,344.0
231.0,-339.0,314.0,53.0,,-260.0,277.0,1018.0,-424.0,335.0
266.0,300.0,261.0,62.0,,-660.0,387.0,1060.0,-355.0,201.0
303.0,600.0,288.0,242.0,,-99.0,327.0,875.0,-54.0,215.0
351.0,-1.0,262.0,284.0,,-150.0,126.0,678.0,299.0,259.0
349.0,-324.0,213.0,234.0,,-324.0,-81.0,450.0,125.0,242.0
389.0,-200.0,203.0,207.0,,-54.0,-253.0,297.0,297.0,139.0
457.0,-54.0,122.0,237.0,,-482.0,-368.0,201.0,718.0,154.0
442.0,-333.0,96.0,283.0,,-352.0,-391.0,-114.0,329.0,119.0
430.0,-262.0,0.0,376.0,,-354.0,-361.0,-144.0,67.0,188.0
405.0,-460.0,-58.0,594.0,,-105.0,-269.0,-151.0,-57.0,351.0
429.0,-512.0,-100.0,605.0,,78.0,-227.0,-1.0,-236.0,361.0
412.0,-142.0,-144.0,246.0,,-417.0,-257.0,186.0,-387.0,182.0
395.0,437.0,-131.0,29.0,,-225.0,-168.0,208.0,-524.0,-11.0
375.0,565.0,-146.0,-35.0,,-189.0,65.0,321.0,-112.0,113.0
358.0,177.0,-159.0,-70.0,,-107.0,310.0,332.0,-62.0,107.0
345.0,56.0,-143.0,-21.0,,-87.0,321.0,465.0,-186.0,-133.0
258.0,63.0,-119.0,-20.0,,-313.0,48.0,445.0,357.0,-337.0
239.0,200.0,-121.0,103.0,,-102.0,-261.0,456.0,211.0,-417.0
227.0,0.0,-87.0,350.0,,21.0,-338.0,554.0,-24.0,-402.0
216.0,-95.0,-164.0,485.0,,327.0,-186.0,563.0,-201.0,-348.0
161.0,124.0,-142.0,329.0,,275.0,-119.0,731.0,-416.0,-408.0
117.0,-206.0,-132.0,207.0,,-75.0,-197.0,604.0,-206.0,-532.0
100.0,-485.0,-186.0,224.0,,-309.0,-284.0,541.0,-370.0,-431.0
65.0,-492.0,-70.0,148.0,,-392.0,-303.0,504.0,-402.0,-369.0
55.0,-391.0,-68.0,-72.0,,-4.0,-194.0,476.0,-579.0,-209.0
40.0,-57.0,-31.0,-66.0,,-288.0,-15.0,718.0,-443.0,27.0
29.0,159.0,38.0,113.0,,-592.0,121.0,794.0,-323.0,22.0
8.0,270.0,81.0,-28.0,,-158.0,146.0,868.0,-204.0,14.0
-1.0,-295.0,120.0,-93.0,,38.0,92.0,633.0,81.0,167.0
-23.0,-127.0,136.0,34.0,,85.0,6.0,247.0,-216.0,223.0
-19.0,596.0,189.0,185.0,,-98.0,-71.0,-168.0,30.0,91.0
-11.0,560.0,164.0,149.0,,-341.0,-54.0,-582.0,259.0,73.0
-10.0,745.0,156.0,-14.0,,-112.0,48.0,-676.0,434.0,44.0
-34.0,361.0,151.0,-124.0,,30.0,78.0,-938.0,518.0,-34.0
-31.0,42.0,125.0,-159.0,,-68.0,-87.0,-970.0,608.0,-44.0
-26.0,-315.0,149.0,-140.0,,-346.0,-318.0,-844.0,906.0,25.0
-54.0,-641.0,164.0,-160.0,,-547.0,-374.0,-633.0,716.0,50.0
-22.0,-679.0,145.0,-169.0,,-137.0,-204.0,-345.0,655.0,-48.0
-19.0,-852.0,118.0,-223.0,,-58.0,-19.0,-238.0,798.0,80.0
-43.0,-279.0,127.0,74.0,,-194.0,46.0,112.0,661.0,231.0
-110.0,-169.0,87.0,287.0,,-241.0,51.0,299.0,201.0,126.0
-125.0,158.0,19.0,55.0,,-467.0,47.0,511.0,2.0,56.0
-87.0,369.0,-1.0,1.0,,-214.0,89.0,615.0,87.0,152.0
-91.0,343.0,-56.0,-68.0,,-118.0,139.0,624.0,114.0,60.0
-93.0,893.0,-94.0,-104.0,,-219.0,117.0,838.0,-49.0,-148.0
-71.0,931.0,-144.0,58.0,,-369.0,39.0,626.0,-237.0,-72.0
-19.0,947.0,-152.0,48.0,,-507.0,-5.0,467.0,-289.0,-27.0
17.0,662.0,-100.0,-131.0,,-173.0,11.0,192.0,-436.0,-97.0
62.0,673.0,-130.0,-86.0,,-147.0,10.0,20.0,-347.0,-70.0
95.0,725.0,-116.0,62.0,,-62.0,-23.0,267.0,127.0,27.0
155.0,326.0,-68.0,-151.0,,169.0,-47.0,373.0,9.0,35.0
214.0,99.0,-113.0,-255.0,,171.0,-49.0,558.0,-530.0,-48.0
243.0,279.0,-81.0,-97.0,,186.0,-99.0,576.0,-562.0,42.0
275.0,631.0,-36.0,-83.0,,46.0,-162.0,626.0,-659.0,190.0
299.0,291.0,-48.0,-208.0,,266.0,-116.0,617.0,-529.0,47.0
325.0,125.0,-4.0,-401.0,,177.0,-52.0,546.0,-223.0,-112.0
320.0,-106.0,-63.0,-487.0,,-165.0,-77.0,611.0,-244.0,-42.0
356.0,-746.0,-73.0,-498.0,,176.0,-93.0,502.0,-183.0,-152.0
418.0,-1039.0,-84.0,-303.0,,281.0,-76.0,478.0,-254.0,-417.0
448.0,-624.0,-113.0,65.0,,387.0,-48.0,297.0,-186.0,-497.0
447.0,-514.0,-58.0,255.0,,102.0,-32.0,256.0,-411.0,-549.0
425.0,-658.0,-58.0,221.0,,-265.0,-76.0,238.0,-643.0,-748.0
441.0,-88.0,-19.0,-67.0,,240.0,-134.0,5.0,-87.0,-762.0
417.0,191.0,5.0,-256.0,,193.0,-206.0,-70.0,-219.0,-661.0
328.0,104.0,24.0,-104.0,,221.0,-213.0,-260.0,-537.0,-817.0
263.0,158.0,0.0,-79.0,,434.0,-120.0,-240.0,-360.0,-909.0
239.0,915.0,22.0,-107.0,,248.0,-81.0,-290.0,-307.0,-883.0
237.0,969.0,78.0,69.0,,240.0,-187.0,-349.0,-77.0,-890.0
202.0,183.0,53.0,188.0,,87.0,-337.0,-149.0,432.0,-962.0
146.0,322.0,47.0,144.0,,292.0,-407.0,-94.0,353.0,-958.0
118.0,521.0,39.0,5.0,,275.0,-405.0,77.0,13.0,-762.0
103.0,333.0,6.0,-231.0,,49.0,-360.0,55.0,619.0,-811.0
70.0,246.0,-25.0,-435.0,,205.0,-366.0,138.0,507.0,-865.0
18.0,203.0,-56.0,-384.0,,361.0,-498.0,369.0,105.0,-766.0
10.0,-33.0,-68.0,-303.0,,832.0,-648.0,461.0,-85.0,-695.0
0.0,107.0,-117.0,-266.0,,555.0,-606.0,672.0,-381.0,-556.0
-15.0,14.0,-121.0,-256.0,,22.0,-459.0,639.0,-120.0,-400.0
3.0,-792.0,-126.0,-262.0,,32.0,-408.0,698.0,-346.0,-267.0
-9.0,-1036.0,-189.0,-95.0,,2.0,-330.0,774.0,-393.0,-235.0
-46.0,-960.0,-115.0,-69.0,,102.0,-219.0,812.0,-509.0,10.0
-47.0,-1184.0,-128.0,-264.0,,-29.0,-162.0,844.0,-674.0,302.0
-25.0,-1178.0,-167.0,-440.0,,-13.0,-151.0,576.0,-321.0,349.0
-43.0,-740.0,-140.0,-690.0,,63.0,-209.0,408.0,-109.0,331.0
-23.0,-523.0,-132.0,-760.0,,128.0,-280.0,175.0,-173.0,296.0
-4.0,-228.0,-102.0,-685.0,,361.0,-310.0,31.0,-89.0,355.0
-50.0,384.0,-22.0,-845.0,,275.0,-376.0,-164.0,325.0,411.0
-65.0,386.0,35.0,-738.0,,225.0,-526.0,-437.0,86.0,353.0
-58.0,296.0,76.0,-487.0,,304.0,-693.0,-491.0,51.0,143.0
-67.0,707.0,210.0,-266.0,,658.0,-758.0,-613.0,-10.0,-47.0
-55.0,979.0,251.0,-134.0,,826.0,-768.0,-480.0,-539.0,-46.0
11.0,1148.0,297.0,-370.0,,513.0,-751.0,-500.0,-469.0,-38.0
101.0,1109.0,287.0,-421.0,,276.0,-612.0,-497.0,-77.0,-137.0
195.0,918.0,251.0,-422.0,,-47.0,-477.0,-227.0,113.0,-255.0
290.0,1106.0,239.0,-435.0,,65.0,-389.0,-110.0,-211.0,-310.0
368.0,587.0,194.0,-268.0,,152.0,-297.0,73.0,-29.0,-228.0
439.0,51.0,196.0,-251.0,,-58.0,-228.0,105.0,242.0,-117.0
539.0,452.0,191.0,-138.0,,-231.0,-191.0,188.0,280.0,-99.0
617.0,253.0,146.0,30.0,,-452.0,-255.0,36.0,403.0,33.0
616.0,-81.0,117.0,-133.0,,87.0,-371.0,-197.0,-267.0,192.0
617.0,-362.0,140.0,-134.0,,58.0,-483.0,-120.0,-203.0,396.0
630.0,-516.0,106.0,76.0,,-198.0,-584.0,-160.0,117.0,636.0
622.0,-601.0,67.0,240.0,,28.0,-732.0,36.0,-107.0,660.0
631.0,-642.0,3.0,488.0,,135.0,-822.0,260.0,67.0,621.0
653.0,-164.0,-60.0,595.0,,473.0,-652.0,522.0,-117.0,684.0
627.0,-199.0,-121.0,597.0,,0.0,-389.0,761.0,-111.0,746.0
593.0,71.0,-159.0,605.0,,69.0,-255.0,879.0,-274.0,513.0
590.0,363.0,-183.0,602.0,,412.0,-261.0,1042.0,-467.0,331.0
578.0,533.0,-236.0,443.0,,298.0,-229.0,873.0,-103.0,306.0
551.0,1204.0,-240.0,58.0,,318.0,-161.0,805.0,-363.0,206.0
525.0,1639.0,-203.0,-298.0,,-286.0,-147.0,604.0,-593.0,96.0
491.0,1699.0,-229.0,-583.0,,-28.0,-92.0,325.0,-689.0,-29.0
459.0,1654.0,-217.0,-629.0,,93.0,-30.0,221.0,-363.0,-135.0
457.0,1172.0,-164.0,-606.0,,172.0,43.0,-14.0,105.0,-382.0
457.0,172.0,-164.0,-764.0,,596.0,51.0,-29.0,-175.0,-377.0
429.0,537.0,-116.0,-560.0,,131.0,-38.0,-175.0,-67.0,-272.0
422.0,303.0,-143.0,-289.0,,515.0,-145.0,-264.0,104.0,-429.0
431.0,-797.0,-149.0,-289.0,,642.0,-233.0,-238.0,-256.0,-417.0
400.0,-291.0,-153.0,-112.0,,742.0,-286.0,-295.0,-445.0,-117.0
392.0,293.0,-177.0,0.0,,755.0,-408.0,-168.0,57.0,158.0
453.0,88.0,-248.0,111.0,,-89.0,-520.0,-142.0,-120.0,254.0
488.0,-324.0,-331.0,273.0,,-4.0,-583.0,31.0,-557.0,386.0
452.0,85.0,-337.0,252.0,,-442.0,-592.0,125.0,-506.0,454.0
426.0,421.0,-353.0,217.0,,-175.0,-495.0,238.0,-505.0,418.0
401.0,82.0,-358.0,-18.0,,216.0,-431.0,312.0,422.0,403.0
375.0,5.0,-360.0,-238.0,,127.0,-444.0,66.0,227.0,340.0
373.0,-27.0,-334.0,-91.0,,841.0,-437.0,55.0,-136.0,104.0
341.0,112.0,-318.0,104.0,,471.0,-343.0,-97.0,382.0,-147.0
300.0,317.0,-243.0,82.0,,817.0,-296.0,-184.0,255.0,-207.0
293.0,208.0,-182.0,-23.0,,703.0,-339.0,-297.0,192.0,-211.0
290.0,310.0,-154.0,14.0,,419.0,-340.0,-321.0,155.0,-194.0
242.0,672.0,-114.0,112.0,,567.0,-303.0,-36.0,616.0,-147.0
225.0,821.0,-118.0,246.0,,-41.0,-292.0,27.0,192.0,-52.0
239.0,968.0,-118.0,365.0,,631.0,-365.0,214.0,-30.0,80.0
233.0,720.0,-145.0,510.0,,196.0,-464.0,201.0,414.0,261.0
210.0,102.0,-213.0,772.0,,54.0,-522.0,181.0,-135.0,475.0
208.0,-119.0,-241.0,778.0,,300.0,-517.0,109.0,-127.0,625.0
231.0,-156.0,-244.0,517.0,,3.0,-514.0,-96.0,81.0,707.0
258.0,-35.0,-279.0,350.0,,695.0,-499.0,-36.0,37.0,654.0
315.0,266.0,-298.0,228.0,,164.0,-334.0,-147.0,-458.0,578.0
310.0,584.0,-249.0,229.0,,488.0,-156.0,-177.0,-590.0,563.0
279.0,1007.0,-221.0,359.0,,323.0,-87.0,-238.0,-182.0,446.0
281.0,1133.0,-214.0,341.0,,-246.0,-87.0,-240.0,-147.0,228.0
308.0,905.0,-166.0,332.0,,337.0,-87.0,-144.0,-56.0,-46.0
262.0,748.0,-216.0,274.0,,-339.0,-81.0,-107.0,-215.0,-166.0
186.0,773.0,-223.0,201.0,,47.0,-86.0,112.0,-141.0,-103.0
206.0,681.0,-214.0,192.0,,-27.0,-104.0,158.0,-70.0,-89.0
193.0,312.0,-302.0,221.0,,210.0,-256.0,336.0,-179.0,-72.0
184.0,71.0,-278.0,424.0,,813.0,-524.0,443.0,77.0,-91.0
149.0,288.0,-226.0,399.0,,-183.0,-707.0,386.0,347.0,-93.0
97.0,426.0,-237.0,213.0,,204.0,-635.0,384.0,57.0,126.0
75.0,-22.0,-221.0,137.0,,-64.0,-465.0,112.0,-533.0,431.0
58.0,-356.0,-204.0,100.0,,290.0,-392.0,-38.0,-377.0,513.0
32.0,-303.0,-197.0,148.0,,481.0,-412.0,-254.0,-183.0,460.0
-20.0,-267.0,-192.0,166.0,,-410.0,-438.0,-317.0,-352.0,574.0
-7.0,-600.0,-159.0,88.0,,350.0,-369.0,-251.0,-290.0,717.0
19.0,-796.0,-145.0,-215.0,,103.0,-305.0,-310.0,-465.0,690.0
32.0,-662.0,-149.0,-507.0,,688.0,-294.0,-86.0,-590.0,639.0
23.0,-661.0,-144.0,-553.0,,597.0,-347.0,-62.0,-518.0,583.0
-19.0,-546.0,-198.0,-532.0,,-315.0,-428.0,53.0,-338.0,456.0
-12.0,-320.0,-187.0,-288.0,,208.0,-507.0,266.0,49.0,473.0
42.0,-113.0,-243.0,-109.0,,-327.0,-601.0,338.0,-51.0,562.0
84.0,-281.0,-261.0,-11.0,,256.0,-639.0,424.0,6.0,460.0
109.0,-82.0,-269.0,208.0,,157.0,-598.0,249.0,367.0,301.0
178.0,300.0,-305.0,318.0,,36.0,-440.0,64.0,341.0,329.0
280.0,27.0,-215.0,422.0,,581.0,-245.0,-234.0,109.0,406.0
292.0,-78.0,-240.0,322.0,,-185.0,-107.0,-439.0,132.0,273.0
261.0,-273.0,-227.0,100.0,,674.0,-62.0,-537.0,357.0,43.0
262.0,-356.0,-210.0,47.0,,346.0,-82.0,-576.0,361.0,-46.0
230.0,-31.0,-223.0,33.0,,123.0,-38.0,-399.0,650.0,49.0
147.0,-33.0,-215.0,29.0,,388.0,14.0,-301.0,612.0,115.0
59.0,-288.0,-182.0,-152.0,,-235.0,-35.0,-84.0,359.0,117.0
-24.0,-157.0,-162.0,-246.0,,622.0,-149.0,-35.0,556.0,151.0
-121.0,195.0,-108.0,12.0,,64.0,-299.0,11.0,480.0,206.0
-153.0,416.0,-9.0,144.0,,355.0,-452.0,11.0,157.0,304.0
-209.0,705.0,6.0,228.0,,461.0,-573.0,-158.0,-25.0,426.0
-271.0,806.0,84.0,238.0,,-120.0,-658.0,-46.0,-127.0,416.0
-290.0,661.0,91.0,319.0,,457.0,-663.0,-51.0,96.0,137.0
-252.0,574.0,124.0,483.0,,-342.0,-632.0,-11.0,371.0,-44.0
-227.0,678.0,108.0,370.0,,106.0,-636.0,44.0,-126.0,114.0
-281.0,480.0,89.0,423.0,,-350.0,-649.0,149.0,3.0,199.0
-259.0,122.0,98.0,342.0,,-353.0,-601.0,349.0,316.0,17.0
-263.0,177.0,30.0,262.0,,517.0,-459.0,362.0,-20.0,-149.0
-232.0,28.0,25.0,432.0,,-52.0,-280.0,607.0,66.0,-126.0
-220.0,-640.0,29.0,477.0,,782.0,-141.0,764.0,149.0,-81.0
-245.0,-1337.0,50.0,298.0,,410.0,-45.0,824.0,198.0,-55.0
-225.0,-1594.0,-2.0,-94.0,,852.0,52.0,744.0,217.0,36.0
-211.0,-1696.0,-2.0,-200.0,,998.0,137.0,461.0,253.0,-80.0
-167.0,-1666.0,-18.0,-14.0,,196.0,138.0,365.0,433.0,-175.0
-200.0,-1576.0,-42.0,77.0,,632.0,6.0,175.0,611.0,61.0
-184.0,-1360.0,-24.0,-91.0,,-206.0,-154.0,129.0,394.0,177.0
-169.0,-521.0,-19.0,-186.0,,282.0,-105.0,-27.0,121.0,29.0
-158.0,-288.0,9.0,-130.0,,83.0,-3.0,-325.0,488.0,-159.0
-135.0,-285.0,-27.0,-186.0,,-82.0,-48.0,-478.0,770.0,-264.0
-143.0,110.0,12.0,-6.0,,476.0,-122.0,-687.0,645.0,-438.0
-93.0,97.0,-11.0,319.0,,50.0,-129.0,-591.0,436.0,-641.0
-43.0,129.0,-51.0,536.0,,959.0,-57.0,-574.0,-108.0,-748.0
-15.0,461.0,-5.0,602.0,,515.0,-86.0,-515.0,-20.0,-966.0
-15.0,572.0,-85.0,415.0,,559.0,-233.0,-419.0,625.0,-1096.0
37.0,109.0,-83.0,205.0,,305.0,-291.0,-365.0,364.0,-1014.0
85.0,-105.0,-60.0,124.0,,-553.0,-264.0,-48.0,40.0,-919.0
88.0,-188.0,-108.0,179.0,,91.0,-285.0,116.0,-234.0,-830.0
73.0,-166.0,-61.0,237.0,,-482.0,-325.0,437.0,-181.0,-694.0
75.0,-429.0,-56.0,220.0,,30.0,-385.0,502.0,72.0,-616.0
70.0,-645.0,-98.0,156.0,,-210.0,-363.0,317.0,17.0,-544.0
32.0,-148.0,-66.0,159.0,,-290.0,-93.0,258.0,72.0,-300.0
-10.0,-152.0,-81.0,244.0,,680.0,98.0,60.0,94.0,-91.0
-59.0,-67.0,-175.0,218.0,,325.0,104.0,-20.0,253.0,43.0
-46.0,277.0,-171.0,185.0,,964.0,155.0,-199.0,60.0,209.0
-4.0,802.0,-205.0,142.0,,371.0,336.0,-112.0,100.0,305.0
-13.0,835.0,-239.0,94.0,,265.0,519.0,1.0,197.0,374.0
-86.0,706.0,-227.0,-71.0,,200.0,525.0,-40.0,-172.0,454.0
-95.0,699.0,-235.0,-49.0,,-242.0,441.0,199.0,-294.0,424.0
-77.0,651.0,-198.0,221.0,,794.0,394.0,388.0,-368.0,213.0
-67.0,1266.0,-233.0,130.0,,378.0,445.0,692.0,-467.0,-61.0
-63.0,991.0,-191.0,27.0,,532.0,464.0,877.0,-541.0,-215.0
-33.0,626.0,-137.0,6.0,,46.0,365.0,988.0,-637.0,-341.0
-6.0,266.0,-162.0,80.0,,19.0,250.0,1121.0,-569.0,-504.0
-35.0,-297.0,-124.0,169.0,,609.0,182.0,1031.0,-314.0,-581.0
-1.0,-316.0,-136.0,102.0,,-369.0,163.0,846.0,-446.0,-647.0
14.0,-667.0,-204.0,107.0,,114.0,92.0,517.0,-208.0,-633.0
27.0,-1038.0,-259.0,2.0,,17.0,-20.0,362.0,-46.0,-381.0
21.0,-1367.0,-282.0,-42.0,,183.0,-58.0,190.0,-319.0,-153.0
17.0,-1188.0,-253.0,-38.0,,-172.0,-15.0,-77.0,345.0,-127.0
-15.0,-737.0,-219.0,-16.0,,-671.0,125.0,-338.0,449.0,0.0
-68.0,-1031.0,-136.0,-18.0,,259.0,302.0,-642.0,131.0,260.0
-77.0,-1426.0,-93.0,-20.0,,25.0,375.0,-753.0,-34.0,345.0
-153.0,-1210.0,-54.0,75.0,,643.0,345.0,-992.0,-395.0,277.0
-201.0,-670.0,41.0,83.0,,75.0,367.0,-1043.0,43.0,239.0
-223.0,-349.0,50.0,134.0,,-81.0,483.0,-925.0,334.0,199.0
-246.0,-97.0,121.0,125.0,,530.0,451.0,-726.0,-287.0,155.0
-301.0,363.0,191.0,235.0,,23.0,327.0,-338.0,-577.0,194.0
-334.0,626.0,200.0,330.0,,327.0,313.0,-227.0,-312.0,48.0
-408.0,415.0,232.0,214.0,,-605.0,255.0,120.0,-359.0,-269.0
-530.0,3.0,297.0,20.0,,-217.0,101.0,225.0,-530.0,-261.0
-558.0,-159.0,259.0,-249.0,,148.0,-52.0,-27.0,-663.0,-154.0
-616.0,-148.0,268.0,-305.0,,112.0,-103.0,-275.0,-254.0,-229.0
-668.0,-414.0,305.0,-241.0,,820.0,-6.0,-694.0,-351.0,-347.0
-690.0,-294.0,189.0,-138.0,,238.0,84.0,-678.0,-783.0,-437.0
-639.0,192.0,201.0,68.0,,331.0,134.0,-679.0,-255.0,-394.0
-571.0,-11.0,184.0,249.0,,-324.0,160.0,-567.0,1.0,-256.0
-548.0,-50.0,147.0,221.0,,-120.0,174.0,-277.0,261.0,-104.0
-489.0,308.0,143.0,155.0,,95.0,296.0,-94.0,251.0,-138.0
-433.0,295.0,157.0,59.0,,-363.0,436.0,190.0,-125.0,-249.0
-364.0,349.0,130.0,-63.0,,-29.0,477.0,197.0,-119.0,-79.0
-282.0,696.0,118.0,-31.0,,-468.0,440.0,280.0,189.0,195.0
-200.0,1196.0,152.0,-57.0,,329.0,331.0,321.0,288.0,209.0
-109.0,1169.0,71.0,-235.0,,232.0,203.0,286.0,174.0,89.0
-33.0,1071.0,52.0,-547.0,,164.0,73.0,166.0,-124.0,23.0
1.0,1044.0,40.0,-721.0,,294.0,20.0,-81.0,-455.0,59.0
59.0,266.0,24.0,-604.0,,2.0,118.0,-157.0,-15.0,215.0
84.0,-468.0,22.0,-290.0,,680.0,190.0,-380.0,-180.0,186.0
30.0,-908.0,81.0,-107.0,,17.0,185.0,-456.0,-575.0,-19.0
-50.0,-1078.0,91.0,-212.0,,171.0,252.0,-511.0,-245.0,-175.0
-85.0,-1129.0,30.0,-389.0,,-433.0,416.0,-463.0,-204.0,-209.0
-61.0,-1458.0,58.0,-246.0,,-512.0,557.0,-303.0,-357.0,-153.0
-104.0,-1607.0,-4.0,204.0,,175.0,551.0,-236.0,-197.0,-153.0
-142.0,-1363.0,-69.0,307.0,,-214.0,469.0,46.0,-110.0,-245.0
-142.0,-1236.0,-16.0,258.0,,530.0,422.0,118.0,-198.0,-321.0
-166.0,-1004.0,-14.0,416.0,,-249.0,410.0,168.0,21.0,-225.0
-220.0,-373.0,44.0,587.0,,82.0,412.0,72.0,-170.0,-94.0
-207.0,317.0,119.0,593.0,,210.0,388.0,-242.0,-124.0,-153.0
-170.0,1052.0,143.0,496.0,,-310.0,367.0,-474.0,176.0,-310.0
-199.0,1449.0,197.0,312.0,,156.0,386.0,-873.0,-175.0,-361.0
-207.0,1688.0,237.0,167.0,,-283.0,472.0,-1090.0,-37.0,-449.0
-199.0,1852.0,211.0,120.0,,445.0,612.0,-1160.0,-102.0,-539.0
-190.0,1384.0,144.0,11.0,,-346.0,723.0,-979.0,-240.0,-441.0
-198.0,870.0,191.0,3.0,,-337.0,819.0,-676.0,207.0,-418.0
-179.0,507.0,130.0,-79.0,,10.0,942.0,-532.0,-24.0,-425.0
-137.0,-310.0,116.0,-149.0,,-190.0,1026.0,-358.0,-399.0,-314.0
-78.0,-649.0,112.0,15.0,,389.0,987.0,-306.0,-423.0,-247.0
-7.0,-562.0,67.0,55.0,,-891.0,814.0,-103.0,-210.0,-191.0
34.0,-753.0,101.0,-109.0,,-300.0,713.0,66.0,-5.0,-63.0
87.0,-849.0,26.0,-288.0,,-331.0,740.0,264.0,-288.0,-6.0
134.0,-524.0,61.0,-447.0,,-119.0,641.0,548.0,-574.0,-15.0
130.0,-273.0,0.0,-491.0,,454.0,456.0,463.0,-655.0,45.0
87.0,-743.0,5.0,-455.0,,-259.0,358.0,424.0,-531.0,137.0
67.0,-434.0,108.0,-365.0,,459.0,350.0,293.0,-436.0,147.0
65.0,-462.0,47.0,-179.0,,-343.0,404.0,53.0,-558.0,8.0
28.0,-886.0,77.0,-88.0,,-189.0,414.0,-234.0,-234.0,-74.0
12.0,-639.0,97.0,131.0,,-475.0,317.0,-644.0,431.0,-118.0
36.0,-818.0,55.0,355.0,,-631.0,231.0,-822.0,503.0,-306.0
11.0,-416.0,0.0,432.0,,289.0,252.0,-1047.0,403.0,-373.0
-13.0,-311.0,-27.0,706.0,,235.0,292.0,-1101.0,848.0,-353.0
-24.0,-284.0,-60.0,833.0,,1047.0,323.0,-1010.0,603.0,-409.0
-57.0,318.0,-74.0,610.0,,176.0,337.0,-824.0,205.0,-317.0
-85.0,535.0,-15.0,115.0,,289.0,321.0,-343.0,305.0,-157.0
-50.0,858.0,-58.0,-404.0,,246.0,359.0,-25.0,-59.0,-79.0
-22.0,1068.0,-105.0,-484.0,,-39.0,430.0,312.0,28.0,-76.0
-49.0,880.0,-96.0,-418.0,,246.0,415.0,504.0,-111.0,-17.0
-18.0,720.0,-162.0,-564.0,,-862.0,345.0,613.0,-238.0,147.0
0.0,868.0,-185.0,-832.0,,-46.0,308.0,648.0,128.0,244.0
-67.0,354.0,-140.0,-746.0,,123.0,319.0,511.0,-297.0,180.0
-179.0,-363.0,-178.0,-297.0,,351.0,426.0,489.0,-374.0,19.0
-216.0,-62.0,-179.0,-76.0,,178.0,516.0,223.0,-282.0,-64.0
-203.0,-19.0,-126.0,74.0,,-302.0,478.0,75.0,-530.0,-140.0
-222.0,-563.0,-115.0,238.0,,146.0,439.0,-151.0,-1.0,-232.0
-224.0,-302.0,-68.0,210.0,,-414.0,476.0,-362.0,247.0,-381.0
-231.0,215.0,-92.0,127.0,,383.0,531.0,-498.0,-333.0,-544.0
-213.0,-39.0,-77.0,102.0,,177.0,550.0,-927.0,-294.0,-551.0
-235.0,-84.0,-86.0,-3.0,,157.0,548.0,-1036.0,19.0,-430.0
-315.0,283.0,-89.0,-101.0,,231.0,550.0,-1138.0,-262.0,-303.0
-357.0,359.0,-45.0,44.0,,-118.0,517.0,-940.0,-175.0,-349.0
-322.0,254.0,-39.0,81.0,,290.0,435.0,-548.0,359.0,-434.0
-300.0,368.0,61.0,-58.0,,-333.0,401.0,-197.0,-91.0,-378.0
-380.0,473.0,15.0,-196.0,,570.0,374.0,363.0,-123.0,-206.0
-424.0,166.0,44.0,-203.0,,856.0,294.0,615.0,464.0,-159.0
-388.0,95.0,48.0,24.0,,930.0,266.0,910.0,191.0,-183.0
-400.0,268.0,-77.0,141.0,,671.0,227.0,844.0,135.0,-175.0
-441.0,471.0,-65.0,356.0,,196.0,170.0,558.0,-123.0,-224.0
-421.0,888.0,-120.0,558.0,,785.0,194.0,334.0,-20.0,-131.0
-402.0,806.0,-118.0,423.0,,-27.0,215.0,-57.0,504.0,30.0
-414.0,163.0,-80.0,313.0,,219.0,190.0,-145.0,-201.0,-18.0
-378.0,82.0,-56.0,268.0,,3.0,249.0,-221.0,-363.0,-241.0
-334.0,250.0,-14.0,163.0,,355.0,344.0,-162.0,341.0,-177.0
-310.0,-79.0,-29.0,-151.0,,750.0,284.0,-136.0,495.0,68.0
-282.0,-376.0,-16.0,-224.0,,294.0,159.0,-149.0,161.0,-6.0
-231.0,-559.0,3.0,13.0,,855.0,210.0,-118.0,-205.0,-66.0
-185.0,-429.0,-3.0,-3.0,,112.0,359.0,-338.0,378.0,94.0
-154.0,-83.0,47.0,-189.0,,284.0,322.0,-380.0,-7.0,152.0
-90.0,108.0,116.0,-168.0,,169.0,169.0,-461.0,-705.0,212.0
-21.0,-192.0,111.0,-24.0,,468.0,159.0,-413.0,95.0,484.0
23.0,52.0,149.0,-228.0,,603.0,234.0,-225.0,-41.0,650.0
82.0,834.0,183.0,-453.0,,106.0,123.0,-103.0,-412.0,647.0
98.0,524.0,128.0,-653.0,,774.0,-49.0,267.0,-274.0,782.0
90.0,110.0,138.0,-628.0,,68.0,-50.0,570.0,-450.0,998.0
151.0,-238.0,142.0,-328.0,,421.0,-34.0,831.0,-226.0,1027.0
185.0,172.0,109.0,-260.0,,120.0,45.0,931.0,89.0,900.0
157.0,422.0,175.0,-164.0,,288.0,172.0,848.0,-813.0,894.0
112.0,-122.0,244.0,-108.0,,714.0,148.0,644.0,-383.0,850.0
113.0,-182.0,233.0,190.0,,-6.0,65.0,232.0,587.0,555.0
92.0,-513.0,298.0,667.0,,334.0,45.0,-160.0,-76.0,361.0
5.0,19.0,308.0,857.0,,-430.0,57.0,-739.0,192.0,287.0
-63.0,227.0,205.0,878.0,,338.0,94.0,-1038.0,12.0,86.0
-140.0,-431.0,200.0,720.0,,116.0,145.0,-1073.0,-82.0,-86.0
-188.0,-357.0,132.0,647.0,,-152.0,132.0,-1069.0,195.0,-133.0
-207.0,-356.0,95.0,544.0,,271.0,148.0,-849.0,-262.0,-145.0
-227.0,-396.0,43.0,324.0,,-402.0,155.0,-705.0,-94.0,-210.0
-239.0,-243.0,3.0,282.0,,481.0,65.0,-439.0,-55.0,-260.0
-192.0,-291.0,59.0,263.0,,-131.0,56.0,-245.0,-193.0,-187.0
-143.0,-132.0,-33.0,318.0,,65.0,130.0,36.0,256.0,-151.0
-125.0,622.0,33.0,463.0,,-515.0,166.0,310.0,366.0,-137.0
-102.0,1028.0,39.0,403.0,,-734.0,158.0,434.0,400.0,-38.0
-53.0,1216.0,-86.0,192.0,,362.0,101.0,700.0,1140.0,114.0
10.0,1141.0,-52.0,86.0,,-116.0,68.0,711.0,1042.0,162.0
63.0,416.0,-81.0,121.0,,427.0,95.0,709.0,516.0,90.0
151.0,501.0,-145.0,41.0,,-755.0,113.0,556.0,225.0,197.0
155.0,440.0,-131.0,-257.0,,-340.0,156.0,339.0,305.0,219.0
162.0,-341.0,-113.0,-559.0,,255.0,129.0,96.0,339.0,32.0
200.0,-846.0,-187.0,-648.0,,304.0,21.0,-437.0,-271.0,-26.0
214.0,-1283.0,-164.0,-664.0,,813.0,-30.0,-742.0,-374.0,10.0
173.0,-1053.0,-170.0,-808.0,,-464.0,-31.0,-1086.0,-133.0,-19.0
85.0,-798.0,-196.0,-865.0,,474.0,-45.0,-1215.0,325.0,-91.0
55.0,-943.0,-167.0,-706.0,,296.0,7.0,-1034.0,273.0,-30.0
4.0,-945.0,-182.0,-536.0,,436.0,166.0,-840.0,-232.0,-50.0
2.0,-406.0,-117.0,-338.0,,350.0,185.0,-513.0,182.0,-164.0
-43.0,174.0,-106.0,-72.0,,-104.0,91.0,-376.0,709.0,-81.0
-120.0,418.0,-54.0,46.0,,737.0,75.0,-129.0,351.0,-31.0
-107.0,1000.0,-39.0,269.0,,-97.0,105.0,151.0,318.0,-261.0
-81.0,1378.0,-55.0,534.0,,567.0,141.0,391.0,412.0,-524.0
-131.0,1721.0,-30.0,523.0,,189.0,149.0,606.0,12.0,-530.0
-223.0,1566.0,-101.0,387.0,,108.0,155.0,559.0,362.0,-539.0
-216.0,333.0,-110.0,38.0,,83.0,138.0,513.0,541.0,-647.0
-218.0,-317.0,-93.0,-341.0,,-622.0,32.0,336.0,0.0,-666.0
-316.0,-304.0,-113.0,-553.0,,28.0,3.0,338.0,-116.0,-692.0
-434.0,-563.0,-76.0,-497.0,,-655.0,80.0,304.0,-109.0,-695.0
-463.0,-543.0,4.0,-463.0,,-162.0,56.0,166.0,-195.0,-497.0
-454.0,-701.0,-16.0,-543.0,,-441.0,7.0,136.0,-98.0,-276.0
-452.0,-713.0,7.0,-297.0,,-340.0,9.0,-133.0,-420.0,-278.0
-480.0,-470.0,40.0,-98.0,,51.0,-30.0,-227.0,-385.0,-286.0
-510.0,-538.0,-50.0,-34.0,,-366.0,-56.0,-473.0,-322.0,-76.0
-496.0,-537.0,-25.0,33.0,,550.0,-52.0,-711.0,-292.0,168.0
-521.0,-228.0,-27.0,36.0,,163.0,-136.0,-715.0,215.0,127.0
-591.0,105.0,-39.0,51.0,,488.0,-197.0,-700.0,-280.0,3.0
-656.0,180.0,51.0,93.0,,154.0,-123.0,-511.0,-492.0,25.0
-650.0,748.0,54.0,23.0,,-25.0,-73.0,-498.0,9.0,-30.0
-644.0,597.0,68.0,-11.0,,237.0,-58.0,-301.0,237.0,-134.0
-683.0,269.0,80.0,-3.0,,-42.0,-34.0,-192.0,517.0,-193.0
-743.0,-239.0,69.0,-48.0,,596.0,-58.0,-144.0,847.0,-304.0
-768.0,-849.0,101.0,34.0,,-206.0,-125.0,3.0,444.0,-469.0
-738.0,-879.0,82.0,89.0,,-184.0,-220.0,-44.0,637.0,-455.0
-650.0,-1238.0,83.0,298.0,,-346.0,-271.0,177.0,903.0,-350.0
-589.0,-810.0,42.0,378.0,,-129.0,-214.0,194.0,262.0,-450.0
-593.0,-175.0,-1.0,164.0,,104.0,-196.0,186.0,828.0,-543.0
-505.0,516.0,-21.0,91.0,,-490.0,-269.0,155.0,-61.0,-461.0
-340.0,443.0,-93.0,168.0,,-27.0,-277.0,-38.0,-242.0,-388.0
-215.0,209.0,-89.0,342.0,,-313.0,-239.0,-29.0,673.0,-398.0
-191.0,492.0,-112.0,363.0,,413.0,-213.0,-240.0,-634.0,-363.0
-166.0,831.0,-121.0,189.0,,337.0,-168.0,-363.0,72.0,-351.0
-156.0,1176.0,-98.0,62.0,,172.0,-127.0,-476.0,138.0,-334.0
-148.0,296.0,-172.0,-193.0,,-60.0,-66.0,-521.0,-393.0,-120.0
-122.0,-106.0,-143.0,-450.0,,-506.0,-40.0,-437.0,909.0,74.0
-172.0,-621.0,-93.0,-356.0,,106.0,-93.0,-395.0,-253.0,112.0
-213.0,-1428.0,-146.0,-408.0,,-477.0,-152.0,-125.0,-652.0,93.0
-208.0,-1177.0,-123.0,-539.0,,-157.0,-299.0,18.0,297.0,128.0
-169.0,-366.0,-117.0,-578.0,,-336.0,-430.0,109.0,-464.0,197.0
-189.0,-271.0,-165.0,-624.0,,224.0,-369.0,-55.0,-144.0,99.0
-231.0,-295.0,-193.0,-615.0,,441.0,-317.0,-384.0,607.0,-67.0
-252.0,1221.0,-184.0,-612.0,,-105.0,-408.0,-548.0,20.0,-122.0
-287.0,1211.0,-200.0,-476.0,,466.0,-515.0,-746.0,223.0,-210.0
-307.0,656.0,-209.0,-420.0,,263.0,-596.0,-691.0,383.0,-298.0
-343.0,1280.0,-168.0,-321.0,,763.0,-663.0,-576.0,82.0,-296.0
-363.0,587.0,-152.0,-131.0,,-337.0,-695.0,-454.0,305.0,-321.0
-347.0,-378.0,-172.0,201.0,,-661.0,-692.0,-315.0,-255.0,-352.0
-329.0,-719.0,-174.0,323.0,,-492.0,-634.0,-203.0,46.0,-276.0
-353.0,-1104.0,-158.0,166.0,,-622.0,-507.0,-72.0,734.0,-73.0
-408.0,-1212.0,-197.0,348.0,,-85.0,-385.0,-127.0,176.0,15.0
-412.0,-1167.0,-216.0,414.0,,-688.0,-252.0,-92.0,-460.0,39.0
-417.0,-1098.0,-292.0,409.0,,273.0,-44.0,-192.0,-369.0,117.0
-480.0,-276.0,-327.0,467.0,,158.0,137.0,-188.0,297.0,109.0
-473.0,473.0,-326.0,503.0,,238.0,215.0,-94.0,222.0,46.0
-432.0,-354.0,-323.0,355.0,,36.0,160.0,-266.0,-271.0,-51.0
-399.0,-773.0,-229.0,-58.0,,-467.0,4.0,-254.0,-187.0,-112.0
-348.0,207.0,-186.0,-348.0,,328.0,-78.0,-369.0,-667.0,-244.0
-320.0,-140.0,-155.0,-446.0,,-185.0,-42.0,-345.0,-691.0,-411.0
-285.0,-402.0,-133.0,-254.0,,225.0,-53.0,-269.0,246.0,-434.0
-209.0,843.0,-102.0,77.0,,-210.0,-85.0,-310.0,-440.0,-384.0
-91.0,1229.0,-144.0,308.0,,104.0,-7.0,-203.0,-599.0,-323.0
-38.0,703.0,-148.0,123.0,,297.0,66.0,-260.0,-582.0,-287.0
4.0,761.0,-136.0,-124.0,,-332.0,113.0,-136.0,-428.0,-213.0
79.0,794.0,-174.0,-160.0,,30.0,169.0,-254.0,544.0,-223.0
103.0,165.0,-178.0,-155.0,,-195.0,144.0,-471.0,-524.0,-219.0
119.0,139.0,-253.0,16.0,,682.0,105.0,-511.0,-286.0,-54.0
146.0,60.0,-248.0,140.0,,31.0,140.0,-611.0,-190.0,-22.0
166.0,531.0,-289.0,272.0,,-244.0,143.0,-437.0,-666.0,-171.0
181.0,540.0,-343.0,314.0,,-284.0,96.0,-371.0,898.0,-198.0
228.0,-66.0,-304.0,273.0,,-419.0,57.0,-192.0,-148.0,-19.0
256.0,139.0,-292.0,156.0,,348.0,-51.0,-60.0,-541.0,-36.0
198.0,-367.0,-261.0,-159.0,,-173.0,-200.0,5.0,94.0,-296.0
111.0,-463.0,-193.0,-252.0,,197.0,-234.0,282.0,-600.0,-429.0
90.0,-885.0,-156.0,-184.0,,-289.0,-174.0,434.0,559.0,-503.0
17.0,-903.0,-120.0,-124.0,,14.0,-127.0,543.0,-380.0,-637.0
-80.0,-261.0,-43.0,-98.0,,219.0,-119.0,323.0,-1412.0,-640.0
-111.0,-769.0,-99.0,-140.0,,-138.0,-179.0,0.0,151.0,-591.0
-125.0,-987.0,-118.0,-10.0,,-87.0,-224.0,-410.0,567.0,-638.0
-139.0,388.0,-104.0,1.0,,-909.0,-159.0,-873.0,597.0,-654.0
-194.0,1761.0,-174.0,-151.0,,-356.0,-21.0,-1064.0,282.0,-555.0
-227.0,1121.0,-133.0,-228.0,,-540.0,163.0,-1201.0,-87.0,-370.0
-256.0,985.0,-136.0,-275.0,,-25.0,262.0,-1147.0,729.0,-414.0
-217.0,976.0,-171.0,-367.0,,133.0,241.0,-1184.0,537.0,-543.0
-134.0,-99.0,-164.0,-324.0,,-103.0,172.0,-1306.0,-50.0,-472.0
-116.0,-1064.0,-198.0,-142.0,,169.0,201.0,-1317.0,39.0,-471.0
-87.0,-821.0,-221.0,-65.0,,-144.0,321.0,-1215.0,-750.0,-611.0
-56.0,229.0,-278.0,322.0,,500.0,227.0,-873.0,-591.0,-688.0
-34.0,-168.0,-312.0,636.0,,-35.0,-17.0,-580.0,91.0,-638.0
-18.0,-98.0,-300.0,613.0,,42.0,-216.0,-245.0,-317.0,-673.0
28.0,594.0,-346.0,486.0,,-58.0,-314.0,-97.0,-888.0,-658.0
63.0,-73.0,-342.0,288.0,,-128.0,-345.0,-218.0,-649.0,-452.0
96.0,-1295.0,-290.0,164.0,,-25.0,-373.0,-341.0,-499.0,-301.0
141.0,-1294.0,-351.0,79.0,,-331.0,-393.0,-543.0,-826.0,-269.0
101.0,-194.0,-365.0,1.0,,350.0,-478.0,-471.0,-461.0,-114.0
35.0,86.0,-266.0,-319.0,,196.0,-503.0,-412.0,-533.0,147.0
-3.0,162.0,-194.0,-553.0,,506.0,-372.0,-375.0,-425.0,160.0
-46.0,773.0,-74.0,-559.0,,-67.0,-245.0,-341.0,-87.0,112.0
-94.0,1652.0,22.0,-380.0,,-222.0,-218.0,-522.0,-283.0,214.0
-100.0,1582.0,92.0,-139.0,,-277.0,-187.0,-606.0,-253.0,244.0
-104.0,840.0,121.0,-125.0,,-450.0,-71.0,-857.0,-504.0,120.0
-148.0,1071.0,121.0,-164.0,,-32.0,13.0,-873.0,-644.0,67.0
-174.0,673.0,113.0,-97.0,,-626.0,32.0,-755.0,-400.0,9.0
-196.0,-731.0,73.0,55.0,,-77.0,32.0,-591.0,-131.0,-168.0
-246.0,-1298.0,113.0,-17.0,,-283.0,39.0,-232.0,-212.0,-166.0
-300.0,-1251.0,49.0,-246.0,,154.0,104.0,-166.0,-146.0,-89.0
-270.0,-2149.0,43.0,-243.0,,106.0,229.0,44.0,110.0,-104.0
-254.0,-2199.0,-5.0,83.0,,-126.0,349.0,92.0,131.0,-112.0
-291.0,-886.0,-85.0,374.0,,271.0,400.0,96.0,462.0,59.0
-243.0,-429.0,-65.0,523.0,,-234.0,408.0,116.0,-541.0,283.0
-167.0,-812.0,-163.0,662.0,,457.0,363.0,-51.0,-127.0,455.0
-113.0,-920.0,-105.0,602.0,,-154.0,236.0,-72.0,915.0,648.0
-92.0,181.0,-136.0,593.0,,332.0,114.0,-258.0,-201.0,753.0
-57.0,397.0,-182.0,595.0,,578.0,91.0,-256.0,610.0,877.0
11.0,287.0,-128.0,249.0,,656.0,120.0,-338.0,1019.0,954.0
83.0,1137.0,-182.0,-155.0,,1006.0,114.0,-580.0,379.0,1001.0
135.0,1230.0,-216.0,-328.0,,260.0,89.0,-812.0,365.0,1011.0
173.0,1152.0,-205.0,-439.0,,905.0,51.0,-1128.0,152.0,897.0
210.0,1684.0,-232.0,-657.0,,260.0,30.0,-1062.0,259.0,790.0
225.0,1740.0,-268.0,-619.0,,885.0,-31.0,-899.0,-210.0,672.0
180.0,294.0,-201.0,-505.0,,765.0,-108.0,-506.0,-487.0,616.0
54.0,112.0,-184.0,-675.0,,398.0,-135.0,-186.0,-256.0,491.0
-28.0,357.0,-120.0,-632.0,,569.0,-221.0,-70.0,-575.0,313.0
-88.0,-750.0,-27.0,-475.0,,-40.0,-358.0,16.0,-830.0,292.0
-139.0,-478.0,39.0,-417.0,,833.0,-480.0,-260.0,-734.0,302.0
-186.0,-306.0,73.0,-204.0,,290.0,-499.0,-349.0,-1004.0,274.0
-191.0,-235.0,121.0,-58.0,,815.0,-430.0,-480.0,-962.0,314.0
-190.0,386.0,168.0,-50.0,,338.0,-375.0,-546.0,-596.0,336.0
-192.0,59.0,111.0,-44.0,,-167.0,-432.0,-532.0,-424.0,198.0
-110.0,211.0,116.0,-109.0,,-154.0,-571.0,-604.0,-110.0,153.0
-92.0,286.0,138.0,-214.0,,-763.0,-604.0,-356.0,-161.0,249.0
-38.0,-25.0,81.0,-340.0,,-45.0,-557.0,-264.0,-282.0,285.0
59.0,183.0,112.0,-336.0,,-659.0,-489.0,-68.0,-77.0,382.0
101.0,-190.0,140.0,-93.0,,18.0,-480.0,59.0,-66.0,642.0
90.0,-447.0,30.0,-3.0,,-127.0,-509.0,99.0,238.0,824.0
108.0,255.0,39.0,47.0,,-19.0,-421.0,253.0,700.0,868.0
174.0,680.0,-35.0,370.0,,304.0,-299.0,169.0,264.0,1023.0
194.0,793.0,-102.0,600.0,,35.0,-205.0,282.0,-200.0,1123.0
267.0,875.0,-121.0,464.0,,822.0,-92.0,351.0,278.0,960.0
333.0,-69.0,-190.0,262.0,,50.0,-40.0,530.0,550.0,841.0
357.0,-417.0,-211.0,131.0,,187.0,-38.0,622.0,64.0,841.0
372.0,-416.0,-211.0,-131.0,,-323.0,-36.0,441.0,-79.0,696.0
362.0,-1287.0,-190.0,-237.0,,-129.0,-98.0,375.0,252.0,610.0
343.0,-689.0,-249.0,-114.0,,60.0,-165.0,192.0,351.0,668.0
302.0,-458.0,-206.0,-16.0,,-182.0,-121.0,291.0,-49.0,617.0
280.0,-556.0,-198.0,-90.0,,456.0,24.0,376.0,-353.0,527.0
272.0,261.0,-189.0,-121.0,,-82.0,72.0,487.0,74.0,559.0
244.0,227.0,-99.0,107.0,,323.0,30.0,543.0,141.0,667.0
221.0,-234.0,-69.0,348.0,,-213.0,59.0,254.0,-67.0,610.0
173.0,-1049.0,-98.0,481.0,,-96.0,102.0,99.0,161.0,568.0
102.0,-223.0,-123.0,521.0,,-28.0,100.0,-227.0,185.0,744.0
47.0,771.0,-127.0,446.0,,-127.0,56.0,-402.0,-198.0,827.0
-7.0,113.0,-193.0,279.0,,117.0,-9.0,-498.0,-588.0,780.0
-54.0,-137.0,-232.0,332.0,,-564.0,-105.0,-517.0,-28.0,748.0
-76.0,300.0,-265.0,428.0,,-143.0,-139.0,-301.0,190.0,646.0
-36.0,1190.0,-313.0,395.0,,-701.0,-150.0,-291.0,88.0,489.0
-3.0,518.0,-333.0,333.0,,-168.0,-196.0,-107.0,-161.0,438.0
47.0,222.0,-320.0,297.0,,-68.0,-207.0,-33.0,-445.0,363.0
114.0,688.0,-294.0,297.0,,-150.0,-233.0,112.0,207.0,295.0
150.0,54.0,-301.0,78.0,,-40.0,-199.0,352.0,-452.0,336.0
207.0,28.0,-290.0,-116.0,,-705.0,-82.0,288.0,-355.0,369.0
240.0,-27.0,-285.0,-121.0,,93.0,6.0,354.0,225.0,473.0
267.0,-411.0,-309.0,-180.0,,-241.0,35.0,271.0,-203.0,466.0
291.0,-256.0,-252.0,-346.0,,363.0,113.0,262.0,220.0,371.0
359.0,387.0,-262.0,-338.0,,21.0,241.0,299.0,16.0,432.0
407.0,377.0,-266.0,-246.0,,-449.0,248.0,336.0,-69.0,526.0
438.0,404.0,-259.0,-325.0,,-394.0,113.0,485.0,-55.0,560.0
490.0,570.0,-351.0,-297.0,,-821.0,-6.0,454.0,-526.0,589.0
490.0,443.0,-362.0,-77.0,,64.0,20.0,598.0,92.0,709.0
448.0,627.0,-403.0,56.0,,-644.0,12.0,550.0,213.0,853.0
385.0,-4.0,-416.0,78.0,,-431.0,-110.0,497.0,-525.0,965.0
395.0,-293.0,-409.0,111.0,,-773.0,-178.0,450.0,-157.0,1048.0
411.0,175.0,-375.0,228.0,,-614.0,-146.0,280.0,297.0,1065.0
421.0,75.0,-297.0,221.0,,-471.0,-73.0,341.0,2.0,969.0
408.0,-112.0,-310.0,-62.0,,-1340.0,-32.0,306.0,35.0,912.0
410.0,19.0,-250.0,-122.0,,-801.0,-37.0,537.0,268.0,977.0
428.0,146.0,-244.0,-69.0,,-1305.0,-9.0,724.0,-160.0,891.0
417.0,-177.0,-291.0,-225.0,,-713.0,102.0,790.0,-194.0,710.0
385.0,-327.0,-239.0,-286.0,,-1291.0,138.0,838.0,363.0,648.0
325.0,82.0,-300.0,-280.0,,-1103.0,40.0,630.0,622.0,557.0
345.0,-406.0,-293.0,-370.0,,-453.0,-64.0,530.0,51.0,468.0
330.0,-929.0,-239.0,-550.0,,-655.0,-62.0,218.0,-505.0,484.0
301.0,-1230.0,-252.0,-689.0,,-77.0,-14.0,51.0,232.0,421.0
281.0,-1737.0,-202.0,-548.0,,-969.0,-93.0,1.0,370.0,373.0
301.0,-1390.0,-175.0,-456.0,,-549.0,-134.0,-84.0,66.0,448.0
312.0,-1150.0,-153.0,-314.0,,-897.0,-31.0,70.0,-112.0,536.0
264.0,-702.0,-136.0,85.0,,-519.0,78.0,136.0,97.0,544.0
239.0,-590.0,-89.0,269.0,,-325.0,130.0,386.0,564.0,581.0
188.0,-729.0,-135.0,544.0,,-734.0,163.0,618.0,126.0,659.0
160.0,149.0,-148.0,897.0,,-212.0,184.0,886.0,-47.0,721.0
94.0,1264.0,-179.0,1055.0,,-984.0,154.0,1110.0,202.0,822.0
-17.0,1967.0,-288.0,968.0,,-458.0,157.0,1071.0,264.0,831.0
-145.0,2328.0,-291.0,730.0,,-1040.0,111.0,1140.0,59.0,780.0
-186.0,2910.0,-370.0,686.0,,-851.0,38.0,1034.0,-234.0,647.0
-207.0,3090.0,-374.0,692.0,,-676.0,24.0,923.0,-91.0,576.0
-249.0,2277.0,-344.0,640.0,,-1168.0,-45.0,670.0,243.0,544.0
-176.0,1194.0,-298.0,404.0,,-852.0,-134.0,358.0,289.0,417.0
-41.0,862.0,-230.0,96.0,,-1304.0,-137.0,190.0,966.0,301.0
63.0,543.0,-160.0,-152.0,,-419.0,-39.0,-62.0,966.0,145.0
124.0,83.0,-83.0,-323.0,,-860.0,73.0,-75.0,586.0,104.0
210.0,-133.0,-83.0,-197.0,,-990.0,105.0,-166.0,759.0,81.0
229.0,-400.0,-96.0,123.0,,-836.0,14.0,-9.0,528.0,8.0
258.0,-802.0,-90.0,450.0,,-671.0,-68.0,369.0,963.0,-22.0
307.0,-1462.0,-63.0,569.0,,-453.0,-23.0,731.0,243.0,28.0
358.0,-1599.0,-109.0,607.0,,-1368.0,17.0,1221.0,-258.0,148.0
416.0,-1600.0,-92.0,686.0,,-1272.0,-23.0,1420.0,202.0,243.0
466.0,-1431.0,-89.0,712.0,,-1644.0,-128.0,1759.0,-216.0,417.0
521.0,-854.0,-81.0,724.0,,-985.0,-226.0,1884.0,261.0,557.0
521.0,-658.0,-65.0,650.0,,-1091.0,-243.0,1705.0,343.0,587.0
532.0,-246.0,-133.0,571.0,,-1153.0,-233.0,1424.0,47.0,610.0
494.0,171.0,-136.0,526.0,,-873.0,-260.0,925.0,22.0,586.0
493.0,-281.0,-130.0,447.0,,-1237.0,-308.0,617.0,-64.0,478.0
519.0,-134.0,-94.0,239.0,,-715.0,-359.0,173.0,471.0,345.0
521.0,324.0,-89.0,74.0,,-1223.0,-346.0,-112.0,445.0,254.0
474.0,32.0,-98.0,-144.0,,-817.0,-241.0,-234.0,218.0,198.0
415.0,-330.0,-112.0,-418.0,,-1207.0,-161.0,-184.0,58.0,119.0
388.0,-217.0,-161.0,-495.0,,-926.0,-55.0,192.0,107.0,1.0
290.0,184.0,-188.0,-620.0,,-599.0,126.0,463.0,535.0,-116.0
194.0,146.0,-243.0,-491.0,,-956.0,234.0,936.0,356.0,-239.0
143.0,570.0,-195.0,-118.0,,-316.0,296.0,1269.0,177.0,-458.0
130.0,749.0,-198.0,161.0,,-953.0,344.0,1443.0,-236.0,-633.0
55.0,1017.0,-190.0,437.0,,-580.0,373.0,1396.0,-209.0,-689.0
34.0,1554.0,-104.0,574.0,,-1174.0,409.0,897.0,541.0,-743.0
7.0,1097.0,-73.0,591.0,,-824.0,377.0,491.0,211.0,-751.0
-64.0,760.0,-16.0,597.0,,-459.0,358.0,101.0,-212.0,-723.0
-70.0,769.0,-23.0,463.0,,-724.0,377.0,-55.0,51.0,-579.0
-100.0,982.0,5.0,342.0,,-76.0,257.0,-127.0,375.0,-402.0
-114.0,1168.0,-14.0,381.0,,-962.0,98.0,-40.0,253.0,-305.0
-89.0,1120.0,-35.0,228.0,,-600.0,93.0,319.0,180.0,-234.0
44.0,123.0,10.0,-24.0,,-1218.0,146.0,550.0,325.0,-273.0
122.0,-877.0,16.0,-156.0,,-755.0,116.0,870.0,167.0,-445.0
148.0,-1124.0,38.0,-185.0,,-334.0,45.0,925.0,264.0,-617.0
211.0,-1588.0,73.0,69.0,,-669.0,-27.0,894.0,331.0,-724.0
292.0,-1940.0,63.0,348.0,,-156.0,-118.0,774.0,1219.0,-917.0
366.0,-2145.0,38.0,352.0,,-893.0,-162.0,582.0,913.0,-1038.0
405.0,-1729.0,60.0,196.0,,167.0,-197.0,606.0,-141.0,-913.0
472.0,-1319.0,38.0,114.0,,-348.0,-184.0,495.0,748.0,-749.0
483.0,-1366.0,31.0,179.0,,-474.0,-28.0,594.0,747.0,-672.0
488.0,-1061.0,26.0,450.0,,-265.0,92.0,607.0,530.0,-609.0
448.0,-843.0,82.0,650.0,,-666.0,68.0,607.0,460.0,-452.0
413.0,-416.0,109.0,578.0,,-229.0,-26.0,698.0,566.0,-332.0
405.0,235.0,101.0,567.0,,-911.0,-55.0,585.0,1116.0,-221.0
346.0,126.0,70.0,498.0,,-194.0,77.0,576.0,896.0,-97.0
279.0,508.0,58.0,455.0,,-757.0,230.0,426.0,1000.0,-118.0
217.0,1150.0,114.0,608.0,,-755.0,186.0,426.0,719.0,-177.0
163.0,1000.0,70.0,716.0,,-565.0,57.0,491.0,218.0,-187.0
29.0,876.0,91.0,653.0,,-654.0,57.0,598.0,265.0,-166.0
-59.0,269.0,113.0,635.0,,-6.0,110.0,885.0,403.0,-256.0
-25.0,141.0,105.0,535.0,,-662.0,165.0,899.0,-256.0,-423.0
-22.0,745.0,86.0,262.0,,-333.0,238.0,946.0,-1095.0,-426.0
-61.0,613.0,95.0,28.0,,-797.0,278.0,731.0,-1011.0,-351.0
-24.0,-103.0,105.0,-258.0,,-571.0,300.0,423.0,-740.0,-455.0
71.0,-561.0,86.0,-461.0,,-789.0,233.0,247.0,-134.0,-543.0
91.0,-444.0,156.0,-599.0,,-887.0,21.0,33.0,-431.0,-431.0
83.0,-611.0,148.0,-579.0,,-148.0,-62.0,59.0,-710.0,-452.0
124.0,-267.0,147.0,-374.0,,-386.0,49.0,-11.0,26.0,-521.0
160.0,332.0,200.0,-211.0,,79.0,137.0,20.0,193.0,-420.0
164.0,-319.0,202.0,-209.0,,-578.0,186.0,-72.0,158.0,-369.0
125.0,-460.0,249.0,-184.0,,-301.0,199.0,-212.0,235.0,-377.0
100.0,-252.0,247.0,-57.0,,-513.0,208.0,-120.0,305.0,-288.0
114.0,-315.0,203.0,-44.0,,-669.0,252.0,-90.0,80.0,-156.0
105.0,41.0,246.0,199.0,,-639.0,317.0,275.0,261.0,-84.0
31.0,-304.0,284.0,508.0,,-976.0,426.0,569.0,499.0,-70.0
-60.0,-101.0,344.0,576.0,,-78.0,475.0,905.0,526.0,28.0
-78.0,457.0,407.0,606.0,,-686.0,406.0,1171.0,504.0,133.0
-58.0,723.0,446.0,596.0,,-709.0,372.0,1158.0,550.0,4.0
-39.0,1031.0,491.0,420.0,,-1456.0,402.0,1221.0,509.0,-96.0
5.0,757.0,467.0,158.0,,-1239.0,355.0,1040.0,20.0,-132.0
75.0,1364.0,494.0,-26.0,,-777.0,283.0,994.0,335.0,-269.0
128.0,1130.0,469.0,-174.0,,-1081.0,256.0,788.0,310.0,-392.0
164.0,360.0,378.0,-121.0,,-498.0,202.0,561.0,68.0,-400.0
166.0,725.0,370.0,-71.0,,-1331.0,161.0,406.0,-79.0,-395.0
167.0,682.0,275.0,-151.0,,-826.0,176.0,38.0,73.0,-465.0
191.0,322.0,179.0,-71.0,,-1227.0,123.0,-25.0,303.0,-431.0
220.0,274.0,160.0,-9.0,,-949.0,64.0,-131.0,-443.0,-414.0
232.0,454.0,86.0,64.0,,-705.0,205.0,46.0,-461.0,-428.0
233.0,-392.0,58.0,61.0,,-1356.0,391.0,229.0,373.0,-448.0
255.0,-443.0,51.0,-111.0,,-1014.0,397.0,225.0,511.0,-432.0
237.0,426.0,-31.0,-58.0,,-1404.0,364.0,319.0,337.0,-327.0
230.0,116.0,0.0,69.0,,-177.0,453.0,142.0,412.0,-367.0
246.0,-307.0,54.0,79.0,,-682.0,476.0,35.0,129.0,-386.0
261.0,-140.0,86.0,144.0,,-999.0,311.0,-284.0,733.0,-215.0
254.0,-92.0,161.0,247.0,,-996.0,127.0,-533.0,672.0,-108.0
259.0,-764.0,211.0,410.0,,-972.0,62.0,-652.0,87.0,-160.0
275.0,-780.0,216.0,523.0,,-150.0,88.0,-818.0,41.0,-173.0
200.0,-758.0,228.0,347.0,,-807.0,54.0,-764.0,-601.0,-285.0
137.0,-1029.0,205.0,54.0,,-371.0,-73.0,-899.0,-349.0,-486.0
107.0,-1036.0,174.0,-156.0,,-1071.0,-141.0,-897.0,-69.0,-533.0
70.0,-704.0,243.0,-287.0,,-809.0,-128.0,-776.0,-282.0,-582.0
47.0,-179.0,232.0,-282.0,,-508.0,-79.0,-574.0,-650.0,-757.0
22.0,-533.0,312.0,-144.0,,-463.0,21.0,-338.0,-133.0,-851.0
-30.0,106.0,283.0,-2.0,,-133.0,78.0,-186.0,235.0,-807.0
-53.0,821.0,224.0,9.0,,-956.0,84.0,90.0,-541.0,-837.0
-47.0,108.0,234.0,-60.0,,-378.0,65.0,155.0,-337.0,-917.0
-54.0,-220.0,147.0,-34.0,,-616.0,33.0,314.0,-38.0,-962.0
-88.0,-291.0,196.0,92.0,,-387.0,77.0,404.0,-84.0,-885.0
-99.0,-657.0,192.0,183.0,,-781.0,162.0,299.0,-321.0,-841.0
-42.0,-865.0,235.0,163.0,,-683.0,140.0,327.0,-171.0,-868.0
-36.0,-388.0,269.0,1.0,,-10.0,-20.0,264.0,594.0,-873.0
-46.0,349.0,276.0,-172.0,,-492.0,-152.0,336.0,876.0,-953.0
-43.0,-138.0,291.0,-395.0,,-520.0,-200.0,404.0,572.0,-1056.0
-40.0,-136.0,255.0,-598.0,,-982.0,-146.0,532.0,191.0,-1096.0
-48.0,590.0,278.0,-667.0,,-39.0,-37.0,705.0,567.0,-1044.0
-47.0,179.0,253.0,-816.0,,171.0,-16.0,665.0,621.0,-1104.0
-36.0,183.0,202.0,-625.0,,193.0,-31.0,508.0,210.0,-1133.0
-30.0,62.0,159.0,-187.0,,-91.0,-21.0,-7.0,456.0,-1032.0
6.0,347.0,214.0,124.0,,-342.0,-24.0,-413.0,384.0,-935.0
16.0,150.0,191.0,426.0,,65.0,-63.0,-764.0,-391.0,-879.0
14.0,-394.0,169.0,498.0,,-314.0,-74.0,-1038.0,-329.0,-852.0
17.0,9.0,238.0,432.0,,131.0,6.0,-994.0,254.0,-711.0
26.0,-476.0,158.0,315.0,,-257.0,93.0,-1110.0,64.0,-651.0
15.0,-842.0,144.0,238.0,,127.0,134.0,-1010.0,201.0,-643.0
18.0,-450.0,96.0,234.0,,-80.0,168.0,-877.0,736.0,-580.0
14.0,497.0,31.0,134.0,,-76.0,166.0,-705.0,822.0,-561.0
-8.0,3.0,61.0,121.0,,140.0,118.0,-439.0,218.0,-598.0
-40.0,-137.0,4.0,278.0,,-519.0,-37.0,-195.0,-3.0,-659.0
-43.0,282.0,81.0,357.0,,-106.0,-224.0,210.0,169.0,-586.0
9.0,-394.0,86.0,194.0,,-370.0,-251.0,319.0,10.0,-468.0
-26.0,-420.0,112.0,120.0,,422.0,-233.0,406.0,278.0,-389.0
-42.0,-354.0,206.0,235.0,,77.0,-253.0,230.0,0.0,-236.0
2.0,-169.0,131.0,339.0,,-63.0,-250.0,-86.0,-305.0,0.0
74.0,-450.0,204.0,387.0,,0.0,-164.0,-303.0,107.0,134.0
100.0,-785.0,255.0,219.0,,-4.0,-61.0,-678.0,651.0,205.0
74.0,-759.0,249.0,40.0,,928.0,-104.0,-829.0,333.0,347.0
89.0,-1041.0,329.0,31.0,,148.0,-148.0,-999.0,-305.0,342.0
109.0,-1602.0,357.0,-123.0,,380.0,-45.0,-942.0,42.0,232.0
152.0,-1299.0,367.0,-247.0,,-170.0,21.0,-816.0,107.0,191.0
161.0,-691.0,405.0,-128.0,,262.0,-71.0,-679.0,714.0,168.0
211.0,77.0,329.0,-80.0,,673.0,-181.0,-332.0,888.0,55.0
289.0,318.0,342.0,-22.0,,290.0,-182.0,-236.0,-257.0,-88.0
313.0,-391.0,384.0,54.0,,676.0,-144.0,-97.0,-426.0,-161.0
308.0,131.0,339.0,17.0,,52.0,-206.0,-86.0,-141.0,-288.0
304.0,752.0,409.0,83.0,,970.0,-399.0,0.0,-188.0,-414.0
332.0,907.0,401.0,123.0,,876.0,-556.0,218.0,-140.0,-377.0
326.0,829.0,419.0,10.0,,1007.0,-513.0,271.0,-121.0,-226.0
310.0,1478.0,422.0,-100.0,,755.0,-369.0,358.0,-118.0,-194.0
327.0,744.0,380.0,-264.0,,385.0,-330.0,51.0,13.0,-138.0
347.0,-454.0,308.0,-328.0,,1074.0,-366.0,-327.0,-614.0,-10.0
351.0,-54.0,294.0,-151.0,,953.0,-291.0,-748.0,-97.0,-33.0
298.0,-711.0,272.0,21.0,,1423.0,-177.0,-1147.0,635.0,-52.0
234.0,-691.0,233.0,-44.0,,500.0,-166.0,-1322.0,-283.0,-78.0
246.0,-393.0,302.0,-282.0,,794.0,-116.0,-1472.0,-61.0,-97.0
260.0,-460.0,271.0,-427.0,,952.0,13.0,-1304.0,-209.0,-157.0
243.0,-424.0,307.0,-490.0,,894.0,13.0,-1225.0,-168.0,-215.0
199.0,-631.0,318.0,-183.0,,1206.0,-62.0,-964.0,464.0,-130.0
152.0,-1114.0,276.0,316.0,,618.0,-37.0,-594.0,230.0,-125.0
45.0,-815.0,288.0,570.0,,1183.0,1.0,-375.0,-75.0,-122.0
-130.0,241.0,305.0,878.0,,807.0,0.0,0.0,32.0,41.0
-232.0,-229.0,302.0,1021.0,,972.0,-75.0,138.0,877.0,227.0
-256.0,201.0,383.0,821.0,,744.0,-89.0,297.0,84.0,296.0
-294.0,502.0,372.0,563.0,,828.0,76.0,216.0,-365.0,384.0
-388.0,-257.0,337.0,346.0,,1071.0,185.0,22.0,775.0,472.0
-402.0,425.0,371.0,85.0,,650.0,176.0,-149.0,802.0,467.0
-416.0,470.0,347.0,-72.0,,1005.0,119.0,-537.0,-122.0,380.0
-473.0,415.0,383.0,-18.0,,1089.0,81.0,-618.0,-489.0,248.0
-488.0,1157.0,319.0,-57.0,,1919.0,54.0,-724.0,21.0,192.0
-498.0,1595.0,388.0,-129.0,,1561.0,-30.0,-665.0,-242.0,65.0
-475.0,932.0,370.0,-139.0,,1363.0,-115.0,-569.0,-414.0,-12.0
-514.0,-304.0,304.0,-138.0,,1180.0,-146.0,-574.0,-186.0,-1.0
-541.0,-177.0,395.0,-121.0,,1260.0,-149.0,-354.0,-443.0,-43.0
-578.0,-1064.0,295.0,-184.0,,1651.0,-249.0,-192.0,-110.0,-129.0
-596.0,-1928.0,296.0,-101.0,,1097.0,-377.0,40.0,100.0,-171.0
-537.0,-1231.0,279.0,97.0,,1431.0,-422.0,-75.0,-116.0,-82.0
-494.0,-1210.0,149.0,182.0,,1249.0,-408.0,-243.0,-259.0,-114.0
-397.0,-1124.0,246.0,122.0,,1502.0,-289.0,-363.0,-726.0,-190.0
-341.0,-1144.0,255.0,20.0,,1174.0,-205.0,-667.0,-864.0,-151.0
-319.0,-412.0,150.0,7.0,,1329.0,-243.0,-838.0,-876.0,-82.0
-293.0,269.0,183.0,-145.0,,1650.0,-273.0,-1060.0,-173.0,-65.0
-251.0,174.0,129.0,-190.0,,1465.0,-252.0,-929.0,204.0,-26.0
-242.0,185.0,60.0,-192.0,,1644.0,-144.0,-755.0,-568.0,19.0
-254.0,-94.0,51.0,-366.0,,1067.0,-2.0,-522.0,37.0,-104.0
-198.0,119.0,70.0,-382.0,,1412.0,67.0,-199.0,158.0,-261.0
-190.0,-452.0,69.0,-307.0,,999.0,114.0,-99.0,366.0,-318.0
-190.0,-687.0,85.0,-207.0,,1212.0,185.0,142.0,907.0,-408.0
-198.0,-334.0,173.0,-210.0,,951.0,245.0,77.0,63.0,-601.0
-197.0,48.0,145.0,-205.0,,582.0,280.0,-116.0,403.0,-598.0
-174.0,959.0,227.0,-121.0,,1038.0,272.0,-432.0,103.0,-448.0
-138.0,1373.0,244.0,-82.0,,989.0,197.0,-883.0,-312.0,-337.0
-102.0,1648.0,167.0,-105.0,,1696.0,86.0,-1042.0,437.0,-102.0
-120.0,767.0,230.0,-173.0,,1022.0,-105.0,-1127.0,-137.0,170.0
-87.0,-225.0,238.0,-93.0,,968.0,-334.0,-977.0,-755.0,355.0
-79.0,52.0,250.0,28.0,,811.0,-476.0,-862.0,-427.0,484.0
-83.0,1094.0,260.0,82.0,,1245.0,-506.0,-766.0,144.0,589.0
-43.0,1397.0,265.0,96.0,,1706.0,-508.0,-644.0,221.0,549.0
28.0,685.0,244.0,262.0,,1179.0,-560.0,-609.0,110.0,366.0
115.0,881.0,204.0,463.0,,1293.0,-558.0,-421.0,297.0,169.0
101.0,785.0,131.0,430.0,,806.0,-461.0,-417.0,476.0,10.0
46.0,-300.0,100.0,397.0,,1569.0,-268.0,-358.0,-157.0,-188.0
11.0,-357.0,58.0,378.0,,1258.0,-20.0,-240.0,-706.0,-457.0
-1.0,299.0,64.0,388.0,,1222.0,127.0,-181.0,-166.0,-563.0
-50.0,-535.0,125.0,418.0,,1099.0,81.0,-20.0,-563.0,-602.0
-145.0,-821.0,82.0,247.0,,631.0,-79.0,40.0,-653.0,-643.0
-221.0,-152.0,161.0,20.0,,1238.0,-202.0,238.0,262.0,-561.0
-294.0,-618.0,193.0,-101.0,,1321.0,-282.0,408.0,124.0,-461.0
-371.0,-938.0,223.0,-318.0,,1980.0,-294.0,509.0,-196.0,-402.0
-448.0,-956.0,269.0,-448.0,,1169.0,-259.0,478.0,0.0,-265.0
-478.0,-318.0,291.0,-480.0,,991.0,-204.0,195.0,70.0,-70.0
-484.0,-20.0,330.0,-632.0,,1197.0,-146.0,-79.0,-135.0,7.0
-503.0,-1379.0,374.0,-591.0,,1679.0,-33.0,-489.0,-538.0,24.0
-552.0,-1470.0,432.0,-455.0,,2026.0,200.0,-746.0,-381.0,69.0
-564.0,-1453.0,441.0,-342.0,,1302.0,343.0,-958.0,126.0,150.0
-499.0,-2582.0,519.0,-269.0,,1511.0,385.0,-1018.0,-299.0,213.0
-465.0,-2139.0,481.0,-310.0,,1227.0,383.0,-740.0,-440.0,299.0
-414.0,-1553.0,428.0,-291.0,,1832.0,281.0,-484.0,143.0,502.0
-321.0,-1089.0,450.0,-220.0,,1583.0,221.0,-35.0,-23.0,724.0
-248.0,-576.0,385.0,-103.0,,1305.0,333.0,218.0,-554.0,872.0
-266.0,-311.0,379.0,46.0,,1509.0,469.0,367.0,-748.0,1000.0
-265.0,708.0,375.0,142.0,,1441.0,421.0,524.0,-53.0,1103.0
-219.0,1097.0,370.0,125.0,,1772.0,327.0,511.0,262.0,1074.0
-176.0,758.0,380.0,48.0,,1405.0,261.0,580.0,-481.0,1057.0
-102.0,808.0,341.0,-158.0,,1522.0,208.0,369.0,115.0,1047.0
-92.0,1375.0,320.0,-445.0,,914.0,160.0,153.0,607.0,963.0
-78.0,1352.0,281.0,-536.0,,951.0,38.0,-253.0,-247.0,919.0
-76.0,1321.0,253.0,-517.0,,1113.0,-33.0,-715.0,-641.0,876.0
-82.0,1378.0,174.0,-551.0,,1285.0,-56.0,-916.0,-349.0,788.0
-71.0,1016.0,153.0,-480.0,,1626.0,-23.0,-1164.0,-190.0,683.0
-44.0,631.0,142.0,-330.0,,1464.0,122.0,-1090.0,-232.0,586.0
-30.0,142.0,133.0,-226.0,,2016.0,216.0,-1101.0,11.0,430.0
-90.0,259.0,154.0,-195.0,,1744.0,274.0,-1003.0,150.0,299.0
-99.0,-261.0,128.0,-96.0,,1639.0,340.0,-861.0,538.0,242.0
-100.0,-1052.0,202.0,193.0,,1391.0,311.0,-792.0,-120.0,57.0
-136.0,-816.0,180.0,536.0,,1769.0,237.0,-415.0,-201.0,-149.0
-160.0,-240.0,286.0,678.0,,1928.0,225.0,-249.0,824.0,-237.0
-130.0,-3.0,350.0,584.0,,1239.0,244.0,12.0,-224.0,-250.0
-99.0,539.0,360.0,636.0,,803.0,316.0,179.0,-418.0,-259.0
-98.0,1269.0,468.0,629.0,,470.0,446.0,360.0,75.0,-273.0
-50.0,1230.0,418.0,474.0,,1139.0,514.0,718.0,54.0,-215.0
-5.0,1327.0,405.0,293.0,,766.0,532.0,909.0,-211.0,-104.0
22.0,1231.0,335.0,118.0,,590.0,617.0,1143.0,-632.0,54.0
78.0,796.0,330.0,-2.0,,396.0,761.0,1055.0,639.0,213.0
141.0,179.0,238.0,-83.0,,568.0,822.0,962.0,485.0,365.0
173.0,373.0,216.0,-128.0,,995.0,837.0,812.0,-48.0,501.0
170.0,371.0,289.0,-320.0,,724.0,813.0,628.0,458.0,635.0
174.0,-826.0,221.0,-519.0,,1016.0,642.0,661.0,158.0,863.0
177.0,-835.0,263.0,-720.0,,494.0,435.0,554.0,601.0,1043.0
191.0,-1402.0,216.0,-844.0,,674.0,319.0,617.0,396.0,1052.0
224.0,-1792.0,147.0,-833.0,,313.0,334.0,461.0,-11.0,1056.0
255.0,-840.0,63.0,-644.0,,256.0,378.0,194.0,-69.0,1124.0
318.0,-470.0,3.0,-458.0,,424.0,376.0,-44.0,-550.0,1008.0
306.0,-123.0,-124.0,-380.0,,191.0,352.0,-314.0,-459.0,802.0
237.0,-372.0,-169.0,-412.0,,735.0,257.0,-304.0,-144.0,646.0
188.0,-485.0,-173.0,-568.0,,486.0,191.0,-273.0,-340.0,436.0
162.0,-160.0,-261.0,-532.0,,1072.0,270.0,11.0,-564.0,305.0
129.0,-475.0,-108.0,-456.0,,759.0,472.0,151.0,400.0,239.0
45.0,-674.0,-87.0,-260.0,,786.0,651.0,230.0,192.0,180.0
7.0,297.0,-77.0,-169.0,,721.0,642.0,443.0,-570.0,196.0
-51.0,1728.0,-33.0,-509.0,,361.0,540.0,341.0,-118.0,303.0
-108.0,1762.0,-27.0,-993.0,,703.0,575.0,251.0,404.0,436.0
-146.0,2012.0,1.0,-1195.0,,0.0,741.0,-11.0,337.0,557.0
-162.0,2632.0,20.0,-960.0,,699.0,769.0,-214.0,-257.0,662.0
-134.0,2115.0,32.0,-739.0,,682.0,655.0,-382.0,-238.0,699.0
-131.0,1439.0,36.0,-470.0,,806.0,680.0,-598.0,-254.0,663.0
-122.0,611.0,52.0,-55.0,,512.0,780.0,-521.0,58.0,560.0
-117.0,-172.0,-4.0,255.0,,242.0,743.0,-436.0,99.0,419.0
-75.0,-979.0,29.0,452.0,,827.0,538.0,-96.0,327.0,170.0
-56.0,-1534.0,-45.0,543.0,,394.0,351.0,290.0,706.0,-109.0
-43.0,-1243.0,-63.0,493.0,,751.0,368.0,779.0,227.0,-228.0
9.0,-1105.0,-35.0,323.0,,-51.0,358.0,1383.0,478.0,-403.0
70.0,-1004.0,-79.0,295.0,,231.0,227.0,1709.0,538.0,-635.0
126.0,-5.0,-32.0,183.0,,275.0,274.0,1999.0,103.0,-574.0
132.0,1135.0,0.0,-173.0,,272.0,469.0,1906.0,151.0,-396.0
176.0,1332.0,0.0,-390.0,,509.0,537.0,1679.0,228.0,-357.0
262.0,1549.0,-41.0,-399.0,,-301.0,525.0,1376.0,-691.0,-250.0
308.0,2003.0,-23.0,-265.0,,229.0,438.0,966.0,-184.0,-15.0
294.0,2099.0,-93.0,-121.0,,-195.0,251.0,724.0,622.0,176.0
306.0,1585.0,-53.0,94.0,,584.0,213.0,412.0,66.0,218.0
346.0,1037.0,54.0,152.0,,339.0,331.0,310.0,65.0,228.0
332.0,881.0,56.0,-32.0,,-23.0,361.0,36.0,-186.0,207.0
304.0,-15.0,164.0,23.0,,141.0,347.0,-190.0,726.0,90.0
287.0,-802.0,192.0,184.0,,-302.0,419.0,-90.0,729.0,-5.0
261.0,-837.0,143.0,190.0,,510.0,377.0,0.0,29.0,-111.0
243.0,-771.0,81.0,117.0,,-85.0,213.0,260.0,501.0,-215.0
228.0,-653.0,39.0,-63.0,,381.0,185.0,277.0,94.0,-341.0
204.0,-443.0,0.0,-240.0,,28.0,247.0,262.0,183.0,-435.0
156.0,-552.0,-43.0,-294.0,,190.0,210.0,125.0,561.0,-419.0
63.0,-1024.0,-59.0,-525.0,,440.0,114.0,-70.0,558.0,-371.0
3.0,-959.0,-94.0,-795.0,,-70.0,16.0,-29.0,147.0,-302.0
1.0,-415.0,-80.0,-923.0,,423.0,-171.0,46.0,-139.0,-206.0
-6.0,57.0,-88.0,-1034.0,,-369.0,-240.0,301.0,417.0,-23.0
6.0,689.0,-43.0,-895.0,,85.0,56.0,267.0,423.0,191.0
68.0,1284.0,-6.0,-588.0,,-640.0,461.0,245.0,192.0,314.0
102.0,1158.0,52.0,-493.0,,-539.0,693.0,258.0,445.0,396.0
116.0,715.0,150.0,-485.0,,-253.0,734.0,214.0,505.0,521.0
121.0,-38.0,214.0,-429.0,,-630.0,585.0,293.0,749.0,629.0
92.0,-557.0,371.0,-545.0,,-48.0,373.0,160.0,800.0,710.0
69.0,-1011.0,366.0,-664.0,,-373.0,311.0,249.0,-346.0,802.0
51.0,-1451.0,419.0,-694.0,,319.0,356.0,319.0,-301.0,867.0
26.0,-1237.0,447.0,-743.0,,-122.0,305.0,467.0,372.0,920.0
-20.0,-1127.0,226.0,-797.0,,111.0,246.0,715.0,-265.0,1028.0
-30.0,-530.0,164.0,-825.0,,-28.0,316.0,748.0,-171.0,1132.0
1.0,37.0,48.0,-605.0,,-85.0,323.0,951.0,-32.0,1096.0
4.0,640.0,-160.0,-219.0,,219.0,187.0,1031.0,77.0,985.0
-5.0,1223.0,-203.0,59.0,,-600.0,28.0,1188.0,88.0,967.0
-84.0,1582.0,-294.0,176.0,,-342.0,-7.0,1261.0,145.0,1051.0
-158.0,1945.0,-359.0,121.0,,-762.0,146.0,1202.0,532.0,1032.0
-184.0,1108.0,-352.0,-51.0,,121.0,76.0,1202.0,55.0,894.0
-222.0,255.0,-439.0,-203.0,,-77.0,-416.0,892.0,-5.0,800.0
-214.0,-273.0,-461.0,-179.0,,-393.0,-782.0,611.0,7.0,802.0
-165.0,-1426.0,-538.0,-56.0,,-265.0,-621.0,105.0,734.0,793.0
-102.0,-1889.0,-562.0,-69.0,,-581.0,-232.0,-341.0,486.0,657.0
-77.0,-1435.0,-568.0,-128.0,,125.0,-74.0,-539.0,-198.0,508.0
-64.0,-1368.0,-562.0,-243.0,,-83.0,-91.0,-665.0,3.0,324.0
-58.0,-155.0,-433.0,-375.0,,485.0,-118.0,-484.0,-982.0,175.0
-72.0,1225.0,-425.0,-308.0,,-66.0,-116.0,-456.0,-336.0,154.0
-70.0,1448.0,-379.0,-43.0,,-83.0,-36.0,-245.0,325.0,73.0
-50.0,1566.0,-313.0,262.0,,-350.0,37.0,31.0,-235.0,-112.0
-58.0,1380.0,-221.0,404.0,,-935.0,57.0,293.0,-576.0,-231.0
-100.0,1339.0,-172.0,380.0,,-686.0,110.0,655.0,-1010.0,-130.0
-79.0,803.0,-124.0,225.0,,-1281.0,259.0,777.0,156.0,11.0
-35.0,218.0,-47.0,222.0,,-661.0,246.0,988.0,1397.0,48.0
-31.0,-293.0,-60.0,335.0,,-932.0,-88.0,921.0,49.0,32.0
-47.0,-558.0,-84.0,266.0,,-411.0,-371.0,667.0,-1449.0,74.0
8.0,-1211.0,-122.0,96.0,,-472.0,-385.0,332.0,-529.0,154.0
77.0,-1863.0,-182.0,-134.0,,-815.0,-339.0,-103.0,367.0,141.0
55.0,-1553.0,-270.0,-216.0,,-618.0,-330.0,-267.0,-284.0,86.0
36.0,-1731.0,-314.0,-124.0,,-873.0,-357.0,-404.0,-752.0,-79.0
56.0,-1318.0,-381.0,-209.0,,-47.0,-403.0,-230.0,-714.0,-315.0
98.0,-685.0,-300.0,-386.0,,-590.0,-377.0,16.0,-168.0,-360.0
125.0,-8.0,-223.0,-456.0,,-771.0,-308.0,297.0,926.0,-321.0
161.0,777.0,-201.0,-494.0,,-1141.0,-232.0,727.0,939.0,-459.0
189.0,1296.0,-114.0,-464.0,,-584.0,-113.0,946.0,189.0,-589.0
195.0,1476.0,-108.0,-416.0,,-180.0,45.0,1162.0,120.0,-503.0
193.0,1234.0,-53.0,-478.0,,-787.0,127.0,1236.0,443.0,-362.0
154.0,1123.0,-76.0,-397.0,,-1023.0,37.0,1376.0,1137.0,-261.0
117.0,853.0,-98.0,-107.0,,-1746.0,-152.0,1383.0,919.0,-164.0
82.0,607.0,-145.0,24.0,,-946.0,-327.0,1247.0,-242.0,-82.0
119.0,283.0,-228.0,35.0,,-967.0,-419.0,1121.0,245.0,-26.0
172.0,110.0,-261.0,48.0,,-659.0,-340.0,764.0,692.0,36.0
212.0,156.0,-338.0,-27.0,,-934.0,-206.0,522.0,482.0,4.0
243.0,333.0,-386.0,-85.0,,-1334.0,-285.0,138.0,-28.0,-121.0
242.0,-347.0,-405.0,-141.0,,-1035.0,-482.0,-194.0,-725.0,-246.0
270.0,-611.0,-399.0,-353.0,,-1165.0,-682.0,-543.0,-104.0,-263.0
248.0,-400.0,-487.0,-585.0,,-664.0,-840.0,-838.0,198.0,-107.0
238.0,-877.0,-444.0,-653.0,,-1208.0,-824.0,-840.0,368.0,-65.0
273.0,-510.0,-434.0,-598.0,,-761.0,-528.0,-1008.0,-13.0,-44.0
301.0,-696.0,-497.0,-304.0,,-1072.0,-212.0,-960.0,-556.0,120.0
308.0,-239.0,-420.0,193.0,,-1170.0,-331.0,-894.0,-420.0,217.0
319.0,577.0,-468.0,477.0,,-1095.0,-482.0,-650.0,-174.0,254.0
326.0,237.0,-460.0,638.0,,-1077.0,-326.0,-277.0,79.0,196.0
303.0,1002.0,-426.0,753.0,,-519.0,-99.0,-177.0,-555.0,39.0
239.0,1850.0,-428.0,626.0,,-1325.0,135.0,120.0,-95.0,-37.0
155.0,1467.0,-398.0,588.0,,-1108.0,251.0,360.0,237.0,-38.0
49.0,776.0,-324.0,510.0,,-1399.0,135.0,622.0,-209.0,-76.0
-54.0,664.0,-303.0,346.0,,-859.0,-236.0,624.0,-330.0,-97.0
-77.0,108.0,-257.0,425.0,,-828.0,-675.0,476.0,-564.0,-82.0
-132.0,-965.0,-145.0,586.0,,-991.0,-872.0,426.0,-23.0,-68.0
-185.0,-893.0,-171.0,555.0,,-912.0,-758.0,109.0,-85.0,-37.0
-245.0,-722.0,-134.0,206.0,,-1606.0,-585.0,18.0,-98.0,-29.0
-248.0,-1055.0,-202.0,-43.0,,-1037.0,-545.0,-212.0,181.0,-65.0
-240.0,-810.0,-239.0,-223.0,,-1166.0,-646.0,-389.0,504.0,-160.0
-253.0,167.0,-257.0,-654.0,,-669.0,-799.0,-406.0,202.0,-194.0
-218.0,1020.0,-365.0,-1010.0,,-1288.0,-818.0,-524.0,-111.0,-92.0
-182.0,737.0,-349.0,-1150.0,,-1425.0,-730.0,-314.0,910.0,39.0
-90.0,18.0,-449.0,-1152.0,,-1158.0,-465.0,-175.0,268.0,187.0
-60.0,-579.0,-465.0,-939.0,,-1345.0,-171.0,44.0,-127.0,458.0
-33.0,-859.0,-500.0,-545.0,,-1024.0,-118.0,249.0,160.0,602.0
-35.0,-1292.0,-528.0,-179.0,,-1649.0,-192.0,404.0,123.0,640.0
-3.0,-1780.0,-494.0,93.0,,-1072.0,-286.0,692.0,-47.0,895.0
0.0,-807.0,-465.0,187.0,,-1366.0,-240.0,901.0,211.0,1075.0
-51.0,95.0,-365.0,103.0,,-1241.0,7.0,1164.0,283.0,1115.0
-39.0,713.0,-394.0,-72.0,,-1416.0,164.0,1031.0,-841.0,1164.0
-79.0,1367.0,-335.0,-240.0,,-1201.0,-31.0,726.0,-298.0,1184.0
-93.0,1416.0,-342.0,-263.0,,-484.0,-462.0,369.0,80.0,1137.0
-113.0,1489.0,-348.0,-260.0,,-1055.0,-782.0,-155.0,453.0,930.0
-124.0,1236.0,-316.0,-191.0,,-824.0,-810.0,-535.0,69.0,660.0
-140.0,674.0,-349.0,-233.0,,-1246.0,-707.0,-861.0,-282.0,453.0
-101.0,-141.0,-373.0,-392.0,,-744.0,-684.0,-960.0,2.0,210.0
-96.0,-342.0,-415.0,-456.0,,-917.0,-740.0,-903.0,-640.0,-24.0
-131.0,-448.0,-402.0,-508.0,,-1227.0,-797.0,-594.0,111.0,-69.0
-149.0,-570.0,-456.0,-442.0,,-1389.0,-981.0,-245.0,-122.0,-33.0
-174.0,-883.0,-386.0,-359.0,,-1319.0,-1213.0,20.0,-136.0,-77.0
-156.0,-1862.0,-352.0,-312.0,,-497.0,-1147.0,314.0,-38.0,-117.0
-184.0,-1239.0,-337.0,-285.0,,-943.0,-785.0,253.0,-656.0,-26.0
-153.0,-1059.0,-275.0,-117.0,,-999.0,-360.0,221.0,-24.0,56.0
-103.0,-2063.0,-291.0,71.0,,-1354.0,-225.0,49.0,258.0,68.0
-59.0,-2099.0,-290.0,46.0,,-747.0,-485.0,-271.0,-239.0,104.0
-49.0,-954.0,-297.0,212.0,,-692.0,-803.0,-517.0,-675.0,104.0
-79.0,-252.0,-239.0,486.0,,-1082.0,-830.0,-846.0,-494.0,32.0
-103.0,-323.0,-298.0,522.0,,-1146.0,-462.0,-868.0,-359.0,-14.0
-93.0,1015.0,-281.0,290.0,,-1254.0,-115.0,-859.0,-259.0,77.0
-26.0,1557.0,-222.0,56.0,,-775.0,-167.0,-691.0,-638.0,94.0
15.0,2051.0,-258.0,51.0,,-956.0,-407.0,-399.0,-583.0,-110.0
51.0,2950.0,-174.0,211.0,,-667.0,-549.0,-181.0,-208.0,-102.0
28.0,2268.0,-155.0,328.0,,-871.0,-531.0,88.0,-401.0,84.0
-40.0,2307.0,-183.0,275.0,,-863.0,-446.0,5.0,237.0,-10.0
-100.0,2456.0,-135.0,166.0,,-1233.0,-418.0,-103.0,-207.0,-100.0
-161.0,1896.0,-89.0,21.0,,-1053.0,-335.0,-358.0,-886.0,53.0
-259.0,778.0,-149.0,-141.0,,-292.0,-215.0,-596.0,375.0,173.0
-365.0,-627.0,-146.0,-354.0,,-22.0,-294.0,-642.0,961.0,295.0
-424.0,-1114.0,-176.0,-451.0,,-10.0,-431.0,-838.0,19.0,472.0
-454.0,-770.0,-260.0,-434.0,,-869.0,-459.0,-859.0,-618.0,499.0
-524.0,-142.0,-209.0,-320.0,,-705.0,-345.0,-1019.0,-308.0,405.0
-567.0,42.0,-208.0,-124.0,,-778.0,-81.0,-927.0,156.0,319.0
-539.0,216.0,-198.0,-14.0,,-592.0,1.0,-543.0,439.0,279.0
-505.0,711.0,-162.0,70.0,,-830.0,-333.0,-275.0,136.0,133.0
-514.0,1087.0,-174.0,79.0,,-783.0,-831.0,86.0,-729.0,-206.0
-514.0,399.0,-144.0,-65.0,,-740.0,-1019.0,169.0,-876.0,-413.0
-477.0,-566.0,-115.0,-318.0,,-732.0,-763.0,179.0,-299.0,-447.0
-431.0,-880.0,-117.0,-355.0,,190.0,-491.0,59.0,-22.0,-489.0
-351.0,-1310.0,-66.0,-279.0,,-106.0,-395.0,-79.0,-361.0,-526.0
-327.0,-1437.0,-58.0,-267.0,,-159.0,-467.0,-101.0,-1053.0,-577.0
-246.0,-1649.0,-52.0,-119.0,,-1101.0,-693.0,-293.0,-1222.0,-657.0
-116.0,-1795.0,-45.0,140.0,,-832.0,-807.0,-495.0,-175.0,-482.0
-6.0,-1614.0,-23.0,384.0,,-389.0,-849.0,-829.0,388.0,-286.0
59.0,-1681.0,9.0,678.0,,-499.0,-831.0,-896.0,302.0,-427.0
146.0,-1446.0,-28.0,818.0,,-626.0,-601.0,-796.0,430.0,-482.0
264.0,112.0,51.0,771.0,,-1083.0,-497.0,-720.0,-50.0,-455.0
276.0,992.0,-9.0,879.0,,-82.0,-648.0,-654.0,43.0,-352.0
300.0,639.0,-39.0,686.0,,-176.0,-627.0,-774.0,750.0,-224.0
295.0,1891.0,-20.0,337.0,,243.0,-383.0,-702.0,913.0,-284.0
274.0,2442.0,-116.0,138.0,,-392.0,-202.0,-811.0,12.0,-462.0
225.0,1359.0,-101.0,-51.0,,-486.0,-125.0,-910.0,-638.0,-517.0
207.0,43.0,-193.0,-86.0,,-76.0,-195.0,-916.0,398.0,-375.0
183.0,-257.0,-229.0,-132.0,,-344.0,-489.0,-955.0,531.0,-437.0
79.0,-16.0,-281.0,-138.0,,-134.0,-735.0,-833.0,-286.0,-585.0
32.0,-1133.0,-259.0,-55.0,,-1185.0,-637.0,-947.0,-626.0,-589.0
-26.0,-1188.0,-232.0,75.0,,-607.0,-533.0,-872.0,-730.0,-449.0
-143.0,-142.0,-256.0,238.0,,-869.0,-563.0,-729.0,-21.0,-299.0
-227.0,355.0,-140.0,401.0,,-688.0,-455.0,-565.0,455.0,-187.0
-226.0,738.0,-165.0,609.0,,-498.0,-523.0,-375.0,-626.0,-97.0
-240.0,1801.0,-37.0,724.0,,-686.0,-899.0,-423.0,-1379.0,-122.0
-246.0,1908.0,-31.0,631.0,,-285.0,-1050.0,-384.0,-431.0,1.0
-267.0,1413.0,-52.0,390.0,,-755.0,-752.0,-530.0,154.0,176.0
-332.0,1682.0,34.0,217.0,,-135.0,-388.0,-569.0,236.0,188.0
-392.0,2149.0,-28.0,94.0,,-651.0,-282.0,-722.0,-132.0,92.0
-323.0,2069.0,0.0,-44.0,,-250.0,-444.0,-966.0,-220.0,47.0
-254.0,369.0,-15.0,-91.0,,-269.0,-716.0,-955.0,591.0,76.0
-235.0,-4.0,-59.0,-54.0,,-503.0,-779.0,-1154.0,402.0,-6.0
-117.0,-370.0,-116.0,27.0,,-129.0,-502.0,-1171.0,696.0,-70.0
-34.0,-1882.0,-126.0,-27.0,,-189.0,-135.0,-1086.0,307.0,-28.0
-5.0,-2769.0,-144.0,-208.0,,330.0,38.0,-822.0,-188.0,26.0
-13.0,-2629.0,-172.0,-425.0,,-465.0,-75.0,-469.0,234.0,97.0
5.0,-1293.0,-125.0,-669.0,,-222.0,-340.0,-450.0,-142.0,203.0
-22.0,-982.0,-107.0,-805.0,,-280.0,-562.0,-471.0,273.0,258.0
-22.0,-675.0,-97.0,-1055.0,,-20.0,-785.0,-691.0,93.0,314.0
3.0,-632.0,-19.0,-1162.0,,425.0,-911.0,-759.0,-269.0,385.0
-56.0,178.0,-59.0,-900.0,,265.0,-729.0,-844.0,-266.0,389.0
-136.0,1149.0,-114.0,-458.0,,300.0,-506.0,-973.0,24.0,355.0
-108.0,501.0,-58.0,249.0,,-28.0,-545.0,-949.0,60.0,288.0
-76.0,698.0,-167.0,773.0,,702.0,-720.0,-1167.0,-537.0,373.0
-201.0,440.0,-196.0,1001.0,,570.0,-765.0,-1271.0,-1120.0,359.0
-198.0,826.0,-218.0,993.0,,364.0,-525.0,-1424.0,-1408.0,134.0
-202.0,1458.0,-209.0,711.0,,-217.0,-130.0,-1385.0,83.0,-13.0
-267.0,956.0,-163.0,529.0,,-260.0,116.0,-1176.0,-104.0,-142.0
-341.0,828.0,-154.0,400.0,,-19.0,68.0,-1080.0,-585.0,-288.0
-371.0,920.0,-66.0,215.0,,-277.0,-282.0,-774.0,-344.0,-527.0
-373.0,305.0,-70.0,133.0,,-71.0,-623.0,-591.0,-121.0,-720.0
-378.0,-736.0,27.0,158.0,,-341.0,-601.0,-291.0,627.0,-687.0
-287.0,-378.0,17.0,207.0,,91.0,-333.0,-35.0,132.0,-558.0
-292.0,181.0,-62.0,211.0,,-86.0,-62.0,103.0,-148.0,-464.0
-233.0,-8.0,-71.0,235.0,,225.0,133.0,227.0,-489.0,-346.0
-102.0,-214.0,-132.0,223.0,,273.0,180.0,96.0,-120.0,-188.0
-49.0,504.0,-179.0,226.0,,352.0,-90.0,84.0,299.0,-9.0
-37.0,247.0,-205.0,407.0,,556.0,-545.0,-25.0,507.0,258.0
48.0,176.0,-173.0,569.0,,175.0,-770.0,-49.0,417.0,431.0
75.0,1077.0,-189.0,584.0,,445.0,-573.0,-38.0,49.0,399.0
25.0,118.0,-105.0,462.0,,259.0,-119.0,-247.0,300.0,350.0
92.0,-396.0,-34.0,242.0,,1170.0,117.0,-458.0,73.0,468.0
178.0,-582.0,-5.0,141.0,,849.0,-188.0,-934.0,193.0,482.0
186.0,-80.0,80.0,309.0,,582.0,-699.0,-1284.0,-473.0,319.0
163.0,3.0,175.0,481.0,,382.0,-817.0,-1557.0,-524.0,168.0
209.0,-1000.0,166.0,675.0,,15.0,-339.0,-1631.0,734.0,-97.0
163.0,-1488.0,173.0,829.0,,496.0,388.0,-1404.0,477.0,-310.0
142.0,-1462.0,193.0,799.0,,-183.0,781.0,-1315.0,-572.0,-395.0
149.0,-597.0,30.0,640.0,,175.0,711.0,-1043.0,-157.0,-490.0
95.0,-512.0,119.0,455.0,,-68.0,324.0,-931.0,333.0,-628.0
37.0,-104.0,74.0,461.0,,594.0,-90.0,-881.0,-267.0,-610.0
34.0,280.0,50.0,325.0,,699.0,-177.0,-925.0,-479.0,-281.0
43.0,726.0,167.0,39.0,,99.0,43.0,-1075.0,-811.0,34.0
-70.0,862.0,87.0,-245.0,,92.0,411.0,-946.0,-1129.0,121.0
-67.0,327.0,184.0,-419.0,,-392.0,654.0,-947.0,-681.0,-3.0
0.0,434.0,249.0,-463.0,,584.0,456.0,-776.0,-399.0,0.0
-15.0,-211.0,251.0,-463.0,,259.0,-88.0,-663.0,-651.0,104.0
-25.0,144.0,274.0,-290.0,,430.0,-460.0,-539.0,-435.0,-4.0
42.0,651.0,308.0,-96.0,,-15.0,-320.0,-363.0,-219.0,-160.0
7.0,-450.0,279.0,261.0,,-163.0,99.0,-339.0,-75.0,-232.0
-77.0,-924.0,303.0,586.0,,395.0,344.0,-64.0,-20.0,-192.0
-40.0,-82.0,319.0,726.0,,-112.0,260.0,-35.0,-189.0,-191.0
-79.0,390.0,284.0,826.0,,242.0,-17.0,-27.0,43.0,-81.0
-145.0,104.0,301.0,643.0,,-315.0,-388.0,-142.0,275.0,59.0
-171.0,-100.0,266.0,549.0,,209.0,-657.0,-423.0,80.0,0.0
-180.0,-854.0,333.0,640.0,,81.0,-499.0,-567.0,-430.0,108.0
-237.0,-864.0,308.0,594.0,,473.0,12.0,-805.0,-290.0,278.0
-267.0,-8.0,311.0,461.0,,1087.0,186.0,-720.0,230.0,315.0
-277.0,-317.0,299.0,494.0,,651.0,-143.0,-545.0,-52.0,322.0
-361.0,-1176.0,223.0,605.0,,628.0,-379.0,-145.0,-760.0,351.0
-331.0,-715.0,193.0,491.0,,-260.0,-424.0,230.0,-311.0,296.0
-296.0,-469.0,133.0,501.0,,501.0,-398.0,339.0,-356.0,235.0
-331.0,-1639.0,47.0,486.0,,467.0,-141.0,515.0,-368.0,297.0
-345.0,-1682.0,-52.0,316.0,,504.0,296.0,341.0,392.0,154.0
-316.0,-1232.0,-33.0,80.0,,237.0,517.0,280.0,-314.0,-116.0
-343.0,-497.0,-126.0,-280.0,,-233.0,340.0,240.0,-603.0,-168.0
-440.0,350.0,-48.0,-498.0,,351.0,190.0,206.0,-366.0,-269.0
-383.0,490.0,7.0,-532.0,,38.0,291.0,266.0,20.0,-518.0
-343.0,1429.0,0.0,-287.0,,647.0,443.0,155.0,80.0,-655.0
-348.0,1431.0,111.0,-18.0,,426.0,594.0,151.0,-258.0,-745.0
-306.0,685.0,67.0,221.0,,510.0,789.0,-206.0,-325.0,-807.0
-325.0,968.0,87.0,455.0,,248.0,951.0,-460.0,-222.0,-893.0
-353.0,855.0,54.0,550.0,,324.0,879.0,-583.0,97.0,-871.0
-396.0,-256.0,101.0,649.0,,927.0,595.0,-816.0,-474.0,-749.0
-410.0,-878.0,108.0,664.0,,442.0,406.0,-818.0,-575.0,-773.0
-450.0,-484.0,114.0,685.0,,536.0,448.0,-951.0,-381.0,-739.0
-457.0,-530.0,146.0,578.0,,98.0,559.0,-812.0,56.0,-591.0
-448.0,-875.0,105.0,370.0,,637.0,741.0,-589.0,162.0,-394.0
-490.0,-562.0,104.0,349.0,,808.0,892.0,-293.0,-235.0,-197.0
-465.0,-311.0,89.0,386.0,,1133.0,707.0,48.0,114.0,-142.0
-438.0,12.0,115.0,170.0,,1272.0,477.0,149.0,-307.0,-216.0
-412.0,974.0,45.0,-55.0,,795.0,485.0,386.0,-360.0,-117.0
-385.0,887.0,91.0,-115.0,,1062.0,625.0,437.0,-226.0,38.0
-281.0,349.0,46.0,-298.0,,687.0,691.0,515.0,-507.0,-134.0
-209.0,605.0,-23.0,-525.0,,801.0,610.0,437.0,-901.0,-299.0
-208.0,481.0,46.0,-802.0,,237.0,677.0,260.0,-1049.0,-283.0
-158.0,196.0,23.0,-847.0,,333.0,819.0,225.0,-354.0,-289.0
-130.0,-265.0,0.0,-719.0,,100.0,690.0,-5.0,-133.0,-291.0
-106.0,-832.0,14.0,-546.0,,-294.0,422.0,-3.0,118.0,-338.0
-120.0,-999.0,-1.0,-134.0,,242.0,371.0,-33.0,-124.0,-455.0
-113.0,-1201.0,-27.0,238.0,,435.0,631.0,92.0,53.0,-478.0
-127.0,-1423.0,38.0,463.0,,913.0,828.0,352.0,403.0,-364.0
-124.0,-755.0,119.0,563.0,,-56.0,643.0,504.0,0.0,-356.0
-65.0,178.0,120.0,737.0,,-33.0,410.0,837.0,280.0,-496.0
-69.0,-15.0,170.0,830.0,,229.0,486.0,848.0,-110.0,-456.0
-90.0,-53.0,277.0,875.0,,498.0,861.0,892.0,-67.0,-369.0
-91.0,-125.0,234.0,1006.0,,527.0,1334.0,872.0,746.0,-553.0
-116.0,-38.0,331.0,910.0,,-25.0,1511.0,729.0,718.0,-705.0
-182.0,922.0,376.0,704.0,,640.0,1145.0,824.0,-242.0,-658.0
-194.0,785.0,337.0,386.0,,231.0,563.0,750.0,-576.0,-661.0
-171.0,-195.0,320.0,25.0,,413.0,388.0,766.0,92.0,-644.0
-119.0,-676.0,313.0,-106.0,,68.0,678.0,648.0,-57.0,-540.0
-66.0,-510.0,303.0,-263.0,,206.0,1065.0,556.0,-161.0,-427.0
-51.0,-1080.0,235.0,-597.0,,432.0,1269.0,428.0,-208.0,-349.0
-65.0,-2231.0,280.0,-661.0,,-98.0,1118.0,53.0,-121.0,-220.0
-4.0,-2547.0,182.0,-561.0,,381.0,771.0,-60.0,140.0,35.0
57.0,-2167.0,194.0,-527.0,,-34.0,530.0,-116.0,-235.0,87.0
58.0,-1689.0,184.0,-444.0,,504.0,472.0,194.0,-307.0,132.0
128.0,-1343.0,122.0,-330.0,,244.0,632.0,607.0,-433.0,380.0
183.0,-510.0,110.0,-83.0,,355.0,919.0,934.0,-546.0,524.0
225.0,580.0,118.0,181.0,,329.0,1042.0,1249.0,0.0,553.0
201.0,1543.0,171.0,522.0,,-287.0,856.0,1274.0,-56.0,450.0
216.0,1731.0,161.0,851.0,,182.0,530.0,1263.0,-383.0,298.0
220.0,1758.0,252.0,1002.0,,-185.0,438.0,881.0,-178.0,227.0
222.0,1906.0,267.0,1012.0,,445.0,627.0,613.0,-8.0,204.0
268.0,1866.0,252.0,809.0,,37.0,847.0,541.0,680.0,17.0
247.0,1987.0,228.0,339.0,,144.0,923.0,303.0,936.0,-209.0
247.0,1534.0,247.0,-368.0,,76.0,825.0,269.0,283.0,-351.0
206.0,809.0,258.0,-786.0,,-505.0,643.0,206.0,514.0,-503.0
182.0,283.0,331.0,-958.0,,-152.0,365.0,408.0,664.0,-477.0
90.0,-64.0,383.0,-1173.0,,-628.0,146.0,678.0,70.0,-563.0
37.0,-148.0,390.0,-1038.0,,85.0,240.0,748.0,-223.0,-829.0
19.0,-531.0,427.0,-734.0,,14.0,685.0,770.0,78.0,-942.0
-37.0,-1634.0,363.0,-523.0,,95.0,1192.0,702.0,356.0,-825.0
-62.0,-1357.0,375.0,-175.0,,-346.0,1246.0,838.0,-233.0,-701.0
-72.0,-622.0,318.0,196.0,,-539.0,867.0,862.0,-283.0,-782.0
-56.0,-1448.0,325.0,596.0,,189.0,493.0,949.0,85.0,-793.0
-106.0,-1854.0,301.0,945.0,,-149.0,486.0,994.0,-147.0,-710.0
-98.0,-1476.0,349.0,1007.0,,-66.0,802.0,877.0,-262.0,-524.0
-65.0,-1168.0,422.0,895.0,,-629.0,924.0,805.0,-96.0,-424.0
-35.0,-1299.0,444.0,682.0,,-29.0,774.0,471.0,261.0,-605.0
12.0,-925.0,578.0,598.0,,286.0,565.0,341.0,449.0,-674.0
54.0,96.0,529.0,577.0,,370.0,341.0,262.0,294.0,-598.0
64.0,872.0,609.0,348.0,,137.0,259.0,362.0,224.0,-439.0
104.0,936.0,603.0,165.0,,-366.0,244.0,683.0,554.0,-383.0
128.0,658.0,524.0,83.0,,104.0,135.0,971.0,456.0,-417.0
78.0,1120.0,605.0,-41.0,,-121.0,58.0,1435.0,217.0,-329.0
85.0,833.0,504.0,-73.0,,399.0,60.0,1590.0,532.0,-254.0
68.0,218.0,479.0,-48.0,,-19.0,-75.0,1755.0,212.0,-89.0
4.0,380.0,458.0,-27.0,,45.0,-321.0,1601.0,353.0,-37.0
-64.0,389.0,381.0,-238.0,,-58.0,-269.0,1197.0,620.0,-164.0
-42.0,416.0,372.0,-621.0,,96.0,154.0,883.0,-4.0,-170.0
-49.0,356.0,257.0,-863.0,,609.0,489.0,452.0,-71.0,-18.0
-103.0,392.0,278.0,-949.0,,-67.0,465.0,480.0,-62.0,75.0
-98.0,233.0,241.0,-833.0,,151.0,329.0,465.0,-331.0,-96.0
-110.0,342.0,170.0,-818.0,,-362.0,324.0,650.0,-632.0,-211.0
-153.0,102.0,230.0,-798.0,,263.0,543.0,982.0,-209.0,-154.0
-140.0,-84.0,232.0,-476.0,,18.0,785.0,1201.0,-294.0,-70.0
-90.0,237.0,249.0,42.0,,-95.0,671.0,1555.0,-248.0,-174.0
-107.0,-425.0,274.0,351.0,,172.0,233.0,1625.0,-129.0,-410.0
-85.0,687.0,313.0,319.0,,-155.0,-179.0,1790.0,-1042.0,-473.0
-55.0,1151.0,244.0,297.0,,356.0,-201.0,1675.0,-169.0,-404.0
-65.0,858.0,331.0,280.0,,-457.0,0.0,1393.0,-131.0,-385.0
-77.0,856.0,349.0,193.0,,-2.0,17.0,1134.0,-143.0,-396.0
1.0,-350.0,337.0,99.0,,-232.0,16.0,692.0,636.0,-346.0
69.0,-32.0,388.0,87.0,,5.0,109.0,423.0,-60.0,-295.0
91.0,-259.0,300.0,16.0,,93.0,124.0,90.0,-238.0,-154.0
153.0,-924.0,283.0,-231.0,,-250.0,-42.0,57.0,183.0,-82.0
180.0,-1642.0,161.0,-463.0,,501.0,-157.0,62.0,818.0,-111.0
179.0,-1566.0,115.0,-564.0,,276.0,162.0,84.0,812.0,-320.0
191.0,-1001.0,1.0,-532.0,,666.0,613.0,408.0,265.0,-428.0
215.0,-1040.0,-34.0,-570.0,,84.0,681.0,642.0,301.0,-365.0
176.0,-100.0,-125.0,-743.0,,485.0,367.0,982.0,861.0,-516.0
197.0,644.0,-241.0,-706.0,,381.0,8.0,1116.0,329.0,-635.0
260.0,1315.0,-207.0,-557.0,,103.0,4.0,1212.0,-127.0,-588.0
262.0,1282.0,-317.0,-347.0,,442.0,391.0,1289.0,124.0,-432.0
219.0,985.0,-273.0,-161.0,,147.0,731.0,1086.0,-393.0,-443.0
283.0,183.0,-263.0,-119.0,,564.0,640.0,982.0,-324.0,-377.0
329.0,-678.0,-241.0,-33.0,,-53.0,186.0,785.0,-575.0,-202.0
264.0,-1766.0,-224.0,127.0,,112.0,-224.0,528.0,-482.0,-73.0
334.0,-1803.0,-139.0,370.0,,24.0,-261.0,253.0,29.0,155.0
362.0,-503.0,-61.0,465.0,,462.0,-25.0,79.0,-339.0,372.0
330.0,-651.0,-68.0,494.0,,479.0,52.0,-42.0,-219.0,416.0
296.0,4.0,-20.0,398.0,,210.0,-118.0,-188.0,187.0,435.0
292.0,922.0,-93.0,107.0,,645.0,-215.0,-38.0,168.0,646.0
252.0,1502.0,-96.0,-141.0,,304.0,-230.0,88.0,230.0,675.0
233.0,1282.0,-150.0,-266.0,,361.0,-324.0,266.0,205.0,408.0
308.0,1128.0,-227.0,-201.0,,-234.0,-436.0,530.0,-108.0,98.0
318.0,624.0,-206.0,-203.0,,409.0,-303.0,803.0,7.0,21.0
399.0,77.0,-188.0,-349.0,,416.0,120.0,1023.0,-254.0,-42.0
457.0,596.0,-221.0,-468.0,,263.0,386.0,984.0,-95.0,-171.0
478.0,-347.0,-219.0,-479.0,,35.0,244.0,1042.0,114.0,-333.0
474.0,-787.0,-236.0,-314.0,,-233.0,0.0,1023.0,-322.0,-415.0
423.0,-1472.0,-310.0,-138.0,,236.0,11.0,901.0,331.0,-381.0
383.0,-1502.0,-291.0,-90.0,,-325.0,224.0,676.0,763.0,-405.0
366.0,-1005.0,-291.0,-145.0,,290.0,347.0,439.0,50.0,-227.0
384.0,-1147.0,-255.0,-158.0,,135.0,274.0,508.0,-81.0,-271.0
367.0,-945.0,-215.0,-144.0,,463.0,116.0,415.0,655.0,-281.0
315.0,-1028.0,-207.0,-170.0,,152.0,49.0,328.0,313.0,51.0
338.0,-248.0,-184.0,-107.0,,-211.0,138.0,271.0,-206.0,422.0
408.0,-252.0,-169.0,7.0,,267.0,161.0,210.0,-125.0,456.0
326.0,-327.0,-177.0,87.0,,154.0,-79.0,262.0,184.0,236.0
261.0,-21.0,-222.0,88.0,,599.0,-316.0,188.0,463.0,415.0
301.0,239.0,-274.0,137.0,,-446.0,-314.0,254.0,-39.0,546.0
353.0,274.0,-283.0,277.0,,-66.0,-201.0,304.0,18.0,451.0
277.0,-405.0,-334.0,310.0,,251.0,-249.0,397.0,318.0,263.0
224.0,-306.0,-375.0,221.0,,535.0,-449.0,369.0,619.0,159.0
289.0,54.0,-265.0,143.0,,540.0,-490.0,123.0,466.0,84.0
225.0,494.0,-266.0,46.0,,-247.0,-339.0,66.0,298.0,28.0
161.0,188.0,-201.0,-79.0,,-65.0,-169.0,-116.0,743.0,197.0
167.0,53.0,-138.0,-92.0,,-569.0,-182.0,-140.0,301.0,146.0
187.0,426.0,-188.0,-67.0,,-81.0,-419.0,-105.0,378.0,-66.0
185.0,570.0,-146.0,-224.0,,-346.0,-612.0,-83.0,912.0,-21.0
205.0,446.0,-201.0,-419.0,,-186.0,-649.0,171.0,421.0,261.0
235.0,-38.0,-220.0,-374.0,,-102.0,-426.0,299.0,162.0,246.0
281.0,454.0,-219.0,-183.0,,-332.0,82.0,382.0,771.0,-23.0
347.0,473.0,-237.0,-61.0,,-142.0,341.0,171.0,852.0,-134.0
327.0,666.0,-208.0,-95.0,,-276.0,171.0,7.0,153.0,-116.0
262.0,568.0,-221.0,-145.0,,8.0,-35.0,-48.0,317.0,-209.0
299.0,263.0,-280.0,-47.0,,-733.0,-46.0,-188.0,1115.0,-285.0
251.0,666.0,-302.0,37.0,,-648.0,151.0,-83.0,984.0,-291.0
140.0,625.0,-345.0,-135.0,,-617.0,422.0,-116.0,687.0,-371.0
231.0,958.0,-413.0,-368.0,,-8.0,601.0,-125.0,682.0,-177.0
318.0,96.0,-421.0,-296.0,,177.0,506.0,-362.0,815.0,166.0
326.0,30.0,-446.0,-124.0,,-62.0,151.0,-696.0,1266.0,255.0
275.0,364.0,-465.0,24.0,,-70.0,-168.0,-807.0,927.0,42.0
380.0,-121.0,-447.0,196.0,,-578.0,-342.0,-753.0,604.0,25.0
372.0,-404.0,-394.0,224.0,,95.0,-331.0,-382.0,759.0,233.0
299.0,-1130.0,-406.0,146.0,,91.0,-152.0,-225.0,132.0,153.0
362.0,-682.0,-332.0,48.0,,619.0,-79.0,138.0,120.0,-5.0
331.0,-307.0,-284.0,107.0,,259.0,-151.0,543.0,726.0,-71.0
351.0,69.0,-237.0,287.0,,-10.0,-244.0,700.0,116.0,-97.0
355.0,245.0,-101.0,269.0,,-47.0,-305.0,691.0,183.0,-67.0
411.0,533.0,-116.0,107.0,,-122.0,-255.0,386.0,755.0,-28.0
340.0,997.0,-14.0,-7.0,,374.0,-163.0,288.0,478.0,-11.0
415.0,255.0,-22.0,-20.0,,-308.0,-160.0,-22.0,172.0,-7.0
480.0,-286.0,-39.0,29.0,,-122.0,-305.0,-321.0,178.0,56.0
420.0,-917.0,20.0,101.0,,-592.0,-434.0,-628.0,672.0,287.0
499.0,-1312.0,-34.0,230.0,,-20.0,-445.0,-872.0,248.0,511.0
535.0,-1138.0,48.0,266.0,,303.0,-486.0,-639.0,431.0,530.0
582.0,-1098.0,69.0,35.0,,142.0,-511.0,-522.0,721.0,564.0
541.0,-1339.0,97.0,-218.0,,-10.0,-440.0,-291.0,-34.0,751.0
649.0,-599.0,96.0,-186.0,,-613.0,-288.0,-162.0,392.0,815.0
609.0,-116.0,114.0,-61.0,,-70.0,-96.0,-38.0,363.0,592.0
566.0,69.0,109.0,0.0,,-382.0,81.0,145.0,435.0,494.0
544.0,1291.0,117.0,-16.0,,87.0,177.0,121.0,887.0,374.0
486.0,1403.0,201.0,-108.0,,-618.0,196.0,247.0,809.0,167.0
475.0,1607.0,215.0,-35.0,,-755.0,285.0,275.0,793.0,209.0
392.0,1780.0,349.0,-12.0,,-341.0,363.0,384.0,890.0,170.0
473.0,1897.0,262.0,-175.0,,-241.0,229.0,327.0,1194.0,-11.0
375.0,1909.0,233.0,-301.0,,75.0,-68.0,160.0,302.0,-140.0
422.0,1051.0,210.0,-364.0,,-740.0,-349.0,182.0,-144.0,-147.0
441.0,985.0,48.0,-396.0,,-194.0,-473.0,-73.0,186.0,-328.0
415.0,305.0,30.0,-381.0,,-344.0,-437.0,-266.0,504.0,-571.0
372.0,-588.0,-67.0,-249.0,,73.0,-445.0,-474.0,1190.0,-457.0
338.0,-321.0,-126.0,-240.0,,-286.0,-631.0,-630.0,746.0,-311.0
428.0,-82.0,-173.0,-209.0,,-508.0,-837.0,-679.0,333.0,-324.0
249.0,-719.0,-165.0,65.0,,-132.0,-895.0,-777.0,722.0,-238.0
249.0,-607.0,-191.0,225.0,,-500.0,-700.0,-631.0,719.0,10.0
189.0,223.0,-154.0,298.0,,91.0,-364.0,-574.0,516.0,100.0
155.0,-589.0,-70.0,371.0,,-481.0,-243.0,-487.0,50.0,225.0
150.0,-1302.0,-58.0,236.0,,-222.0,-213.0,-382.0,-687.0,437.0
88.0,-831.0,31.0,90.0,,-600.0,15.0,-190.0,-152.0,407.0
158.0,-960.0,16.0,83.0,,-579.0,298.0,99.0,221.0,255.0
231.0,-1435.0,9.0,-17.0,,-465.0,634.0,105.0,-297.0,326.0
396.0,-1131.0,18.0,-4.0,,-516.0,935.0,94.0,-357.0,507.0
412.0,-1196.0,3.0,231.0,,22.0,924.0,-160.0,-228.0,224.0
483.0,-1059.0,19.0,450.0,,-633.0,756.0,-511.0,-308.0,3.0
571.0,-378.0,22.0,559.0,,-226.0,676.0,-814.0,-494.0,120.0
531.0,-129.0,50.0,430.0,,-442.0,694.0,-1051.0,323.0,71.0
516.0,282.0,100.0,89.0,,-77.0,565.0,-1067.0,-195.0,35.0
545.0,290.0,128.0,-237.0,,-159.0,104.0,-1140.0,-200.0,117.0
572.0,389.0,118.0,-423.0,,-398.0,-444.0,-994.0,662.0,209.0
527.0,601.0,116.0,-545.0,,-474.0,-733.0,-879.0,273.0,198.0
532.0,812.0,87.0,-591.0,,-974.0,-666.0,-752.0,486.0,199.0
536.0,550.0,15.0,-451.0,,-545.0,-433.0,-587.0,-518.0,268.0
526.0,525.0,-21.0,-201.0,,-843.0,-222.0,-613.0,5.0,97.0
545.0,1449.0,-54.0,182.0,,-479.0,-127.0,-458.0,247.0,-190.0
515.0,1450.0,-119.0,616.0,,-783.0,-48.0,-454.0,-488.0,-291.0
466.0,1266.0,-149.0,830.0,,-726.0,73.0,-330.0,-296.0,-419.0
460.0,1146.0,-164.0,910.0,,-803.0,162.0,-125.0,-768.0,-741.0
507.0,1322.0,-232.0,736.0,,-717.0,423.0,-66.0,97.0,-921.0
474.0,825.0,-318.0,408.0,,-443.0,785.0,55.0,-453.0,-853.0
365.0,-118.0,-308.0,-8.0,,-974.0,811.0,-44.0,532.0,-830.0
309.0,-241.0,-340.0,-370.0,,-654.0,519.0,-60.0,1241.0,-874.0
230.0,-450.0,-308.0,-398.0,,-737.0,313.0,-155.0,-442.0,-887.0
198.0,-615.0,-154.0,-494.0,,43.0,373.0,-210.0,165.0,-859.0
153.0,-675.0,-88.0,-409.0,,-492.0,560.0,-221.0,-302.0,-870.0
131.0,-283.0,-34.0,-162.0,,-822.0,604.0,-375.0,-209.0,-897.0
128.0,-614.0,20.0,-24.0,,-637.0,544.0,-264.0,144.0,-871.0
128.0,-859.0,55.0,43.0,,-325.0,606.0,-251.0,-1485.0,-772.0
192.0,-524.0,-44.0,-202.0,,55.0,493.0,-149.0,-1104.0,-538.0
145.0,-339.0,-88.0,-411.0,,-876.0,79.0,-114.0,321.0,-329.0
141.0,-712.0,-132.0,-316.0,,-390.0,-165.0,-186.0,-211.0,-125.0
184.0,-882.0,-203.0,-188.0,,-563.0,6.0,-232.0,-265.0,23.0
178.0,119.0,-137.0,-2.0,,-133.0,403.0,-554.0,-1.0,243.0
85.0,-320.0,-123.0,188.0,,-456.0,766.0,-718.0,-564.0,495.0
30.0,-559.0,-4.0,141.0,,-544.0,833.0,-881.0,-50.0,658.0
22.0,-260.0,52.0,224.0,,-260.0,498.0,-777.0,-257.0,746.0
-39.0,-199.0,53.0,475.0,,-858.0,195.0,-554.0,-868.0,625.0
-33.0,-327.0,110.0,638.0,,-104.0,229.0,-450.0,-623.0,551.0
-24.0,-565.0,20.0,672.0,,-317.0,503.0,-120.0,-299.0,366.0
-8.0,250.0,-6.0,401.0,,220.0,903.0,-49.0,20.0,118.0
72.0,540.0,16.0,107.0,,-56.0,1088.0,11.0,-243.0,-19.0
92.0,627.0,-38.0,11.0,,-106.0,924.0,-72.0,-152.0,-69.0
5.0,289.0,-69.0,106.0,,-240.0,766.0,-232.0,259.0,-69.0
0.0,672.0,-48.0,221.0,,-632.0,757.0,-277.0,613.0,-86.0
40.0,761.0,-30.0,76.0,,-64.0,692.0,-500.0,886.0,-83.0
78.0,277.0,-12.0,-73.0,,-417.0,532.0,-495.0,447.0,-76.0
20.0,494.0,80.0,-50.0,,12.0,344.0,-480.0,600.0,53.0
-26.0,293.0,104.0,128.0,,-469.0,152.0,-264.0,454.0,103.0
2.0,917.0,71.0,335.0,,-56.0,170.0,-110.0,-109.0,42.0
-25.0,823.0,56.0,341.0,,57.0,400.0,-194.0,586.0,97.0
-30.0,1401.0,-23.0,373.0,,-267.0,555.0,-175.0,819.0,227.0
-118.0,1267.0,-8.0,516.0,,-160.0,630.0,-415.0,58.0,189.0
-157.0,530.0,-43.0,572.0,,-662.0,669.0,-541.0,-92.0,205.0
-100.0,1301.0,-114.0,563.0,,-151.0,613.0,-689.0,-71.0,286.0
-45.0,365.0,-113.0,442.0,,-329.0,732.0,-650.0,-405.0,105.0
-71.0,98.0,-136.0,369.0,,27.0,1030.0,-384.0,-241.0,-59.0
-67.0,186.0,-149.0,354.0,,-163.0,1042.0,-140.0,-463.0,30.0
6.0,38.0,-199.0,149.0,,-304.0,859.0,253.0,-750.0,72.0
84.0,119.0,-232.0,-105.0,,111.0,828.0,338.0,-462.0,-203.0
70.0,123.0,-251.0,-379.0,,8.0,836.0,463.0,-340.0,-277.0
-20.0,361.0,-255.0,-537.0,,171.0,754.0,439.0,165.0,-193.0
-28.0,-159.0,-277.0,-455.0,,-265.0,682.0,273.0,573.0,-262.0
-108.0,-411.0,-294.0,-297.0,,-210.0,637.0,168.0,79.0,-284.0
-123.0,-608.0,-323.0,-132.0,,-72.0,473.0,-173.0,-289.0,-332.0
-242.0,-512.0,-382.0,-80.0,,249.0,313.0,-330.0,-94.0,-387.0
-329.0,-547.0,-406.0,-108.0,,448.0,328.0,-548.0,-68.0,-339.0
-225.0,-459.0,-394.0,-190.0,,294.0,355.0,-585.0,-101.0,-154.0
-179.0,-476.0,-382.0,-278.0,,160.0,279.0,-478.0,-306.0,-106.0
-198.0,-367.0,-389.0,-242.0,,203.0,-4.0,-391.0,-54.0,-184.0
-167.0,108.0,-394.0,-38.0,,470.0,-360.0,-118.0,277.0,-140.0
-104.0,-373.0,-428.0,196.0,,295.0,-225.0,-103.0,87.0,-68.0
-98.0,377.0,-361.0,272.0,,139.0,339.0,53.0,256.0,-7.0
-13.0,364.0,-362.0,314.0,,-32.0,603.0,70.0,213.0,-53.0
-72.0,2.0,-346.0,303.0,,143.0,524.0,9.0,62.0,-55.0
-68.0,915.0,-227.0,200.0,,98.0,449.0,88.0,-290.0,118.0
-68.0,1106.0,-277.0,65.0,,93.0,408.0,-60.0,-115.0,230.0
-112.0,1237.0,-349.0,-98.0,,-33.0,516.0,3.0,131.0,311.0
-61.0,607.0,-343.0,-245.0,,194.0,659.0,-46.0,-893.0,373.0
-79.0,535.0,-395.0,-373.0,,336.0,660.0,-44.0,-484.0,315.0
-122.0,659.0,-473.0,-511.0,,-104.0,691.0,1.0,156.0,291.0
-74.0,553.0,-477.0,-492.0,,490.0,721.0,14.0,-395.0,363.0
73.0,866.0,-507.0,-361.0,,273.0,686.0,275.0,-325.0,404.0
-57.0,470.0,-537.0,-294.0,,577.0,571.0,253.0,-1021.0,319.0
-29.0,785.0,-516.0,-59.0,,407.0,375.0,338.0,-813.0,336.0
43.0,977.0,-504.0,301.0,,-404.0,268.0,354.0,78.0,466.0
-55.0,401.0,-533.0,605.0,,-63.0,190.0,284.0,-158.0,473.0
-39.0,-27.0,-506.0,682.0,,-292.0,117.0,378.0,45.0,364.0
-141.0,-225.0,-571.0,608.0,,469.0,73.0,234.0,-480.0,197.0
-294.0,-508.0,-631.0,536.0,,255.0,-35.0,101.0,-555.0,92.0
-263.0,-580.0,-644.0,392.0,,-223.0,-177.0,-105.0,-274.0,-58.0
-270.0,-473.0,-745.0,270.0,,-81.0,-278.0,-203.0,154.0,-141.0
-470.0,-844.0,-702.0,46.0,,-246.0,-222.0,-388.0,332.0,-134.0
-500.0,-258.0,-711.0,-299.0,,605.0,51.0,-606.0,-734.0,-318.0
-404.0,-183.0,-671.0,-524.0,,37.0,410.0,-589.0,-308.0,-340.0
-407.0,-640.0,-554.0,-494.0,,-116.0,520.0,-707.0,-170.0,-88.0
-467.0,14.0,-455.0,-362.0,,-58.0,305.0,-497.0,189.0,-12.0
-383.0,-232.0,-353.0,-283.0,,-233.0,140.0,-338.0,272.0,-40.0
-346.0,-188.0,-313.0,-149.0,,563.0,277.0,-258.0,-361.0,76.0
-226.0,650.0,-294.0,-117.0,,-94.0,514.0,38.0,-161.0,119.0
-146.0,719.0,-399.0,-76.0,,-341.0,473.0,291.0,-356.0,134.0
-189.0,894.0,-430.0,75.0,,-509.0,70.0,558.0,495.0,182.0
-122.0,1127.0,-483.0,134.0,,-561.0,-203.0,526.0,-132.0,120.0
-67.0,876.0,-614.0,157.0,,271.0,-100.0,644.0,-692.0,72.0
17.0,394.0,-648.0,62.0,,-3.0,-46.0,618.0,280.0,150.0
-147.0,280.0,-684.0,-54.0,,-43.0,-162.0,343.0,302.0,213.0
-139.0,-18.0,-707.0,-225.0,,-148.0,-414.0,107.0,475.0,150.0
-197.0,-766.0,-669.0,-409.0,,-510.0,-756.0,-473.0,-16.0,194.0
-231.0,-1558.0,-595.0,-461.0,,-112.0,-883.0,-788.0,-262.0,270.0
-201.0,-1952.0,-573.0,-444.0,,-275.0,-684.0,-946.0,-111.0,274.0
-363.0,-1405.0,-485.0,-397.0,,-239.0,-338.0,-812.0,0.0,368.0
-282.0,-1380.0,-410.0,-460.0,,33.0,-112.0,-402.0,63.0,587.0
-282.0,-1656.0,-396.0,-497.0,,-527.0,-168.0,-88.0,-215.0,768.0
-246.0,-1711.0,-333.0,-506.0,,-198.0,-408.0,319.0,-572.0,821.0
-296.0,-985.0,-321.0,-498.0,,32.0,-376.0,469.0,-807.0,936.0
-329.0,-33.0,-308.0,-461.0,,163.0,-77.0,659.0,-378.0,935.0
-346.0,258.0,-308.0,-160.0,,467.0,162.0,709.0,-512.0,901.0
-262.0,1085.0,-276.0,373.0,,-67.0,322.0,609.0,-1268.0,937.0
-191.0,580.0,-271.0,547.0,,164.0,300.0,585.0,-1267.0,859.0
-278.0,-263.0,-240.0,547.0,,-148.0,65.0,332.0,-747.0,746.0
-189.0,-643.0,-160.0,548.0,,-252.0,-190.0,118.0,-782.0,629.0
-149.0,-672.0,-132.0,410.0,,-212.0,-274.0,-216.0,-820.0,643.0
-42.0,-273.0,-10.0,335.0,,-553.0,-362.0,-473.0,-1224.0,672.0
-8.0,-652.0,43.0,352.0,,-3.0,-677.0,-696.0,-920.0,800.0
26.0,168.0,70.0,235.0,,-473.0,-1017.0,-837.0,-173.0,916.0
44.0,782.0,23.0,152.0,,-260.0,-1082.0,-731.0,-421.0,779.0
150.0,842.0,-24.0,168.0,,65.0,-806.0,-700.0,-423.0,868.0
269.0,1298.0,-9.0,203.0,,-258.0,-448.0,-404.0,-677.0,1063.0
176.0,1303.0,-138.0,224.0,,-102.0,-434.0,-218.0,-358.0,955.0
167.0,731.0,-177.0,190.0,,-461.0,-850.0,-22.0,-228.0,662.0
262.0,293.0,-242.0,213.0,,-250.0,-1223.0,140.0,-3.0,525.0
274.0,532.0,-367.0,199.0,,-271.0,-1011.0,-62.0,-17.0,546.0
122.0,-17.0,-411.0,149.0,,-245.0,-305.0,-168.0,-813.0,409.0
87.0,-535.0,-417.0,20.0,,-160.0,163.0,-402.0,-278.0,252.0
6.0,-472.0,-464.0,-46.0,,-584.0,45.0,-400.0,-57.0,199.0
-26.0,-3.0,-503.0,-3.0,,-414.0,-336.0,-203.0,96.0,63.0
0.0,175.0,-501.0,41.0,,-420.0,-596.0,18.0,73.0,78.0
-92.0,152.0,-498.0,70.0,,-186.0,-490.0,314.0,-25.0,142.0
-98.0,654.0,-466.0,134.0,,-290.0,-263.0,328.0,24.0,-56.0
33.0,729.0,-480.0,242.0,,-704.0,-305.0,421.0,-145.0,-317.0
60.0,920.0,-464.0,68.0,,-438.0,-530.0,330.0,474.0,-428.0
-19.0,1007.0,-462.0,-175.0,,-277.0,-635.0,145.0,496.0,-309.0
-7.0,461.0,-498.0,-272.0,,219.0,-493.0,22.0,160.0,-277.0
18.0,222.0,-471.0,-327.0,,-40.0,-483.0,-84.0,82.0,-289.0
125.0,558.0,-460.0,-384.0,,-687.0,-871.0,-18.0,140.0,-316.0
105.0,671.0,-500.0,-408.0,,-304.0,-1298.0,-110.0,141.0,-20.0
98.0,458.0,-437.0,-256.0,,-464.0,-1418.0,-138.0,390.0,377.0
136.0,216.0,-415.0,36.0,,-237.0,-1169.0,-242.0,-177.0,335.0
194.0,-95.0,-466.0,312.0,,-138.0,-717.0,-365.0,-507.0,425.0
253.0,-448.0,-481.0,422.0,,-548.0,-400.0,-430.0,166.0,431.0
154.0,-771.0,-414.0,363.0,,-144.0,-468.0,-602.0,-752.0,478.0
113.0,-1283.0,-379.0,172.0,,-488.0,-769.0,-554.0,-285.0,542.0
205.0,-1608.0,-469.0,85.0,,-342.0,-890.0,-587.0,-171.0,609.0
315.0,-1773.0,-347.0,161.0,,54.0,-771.0,-515.0,-996.0,558.0
171.0,-2207.0,-339.0,146.0,,-392.0,-607.0,-271.0,46.0,143.0
80.0,-1885.0,-351.0,106.0,,-443.0,-516.0,-68.0,12.0,145.0
28.0,-615.0,-276.0,130.0,,-533.0,-536.0,60.0,-307.0,248.0
-63.0,-11.0,-320.0,133.0,,-225.0,-488.0,-42.0,-201.0,-6.0
-97.0,41.0,-347.0,64.0,,116.0,-361.0,1.0,-520.0,-286.0
-184.0,655.0,-355.0,-3.0,,-166.0,-414.0,-36.0,-704.0,-134.0
-260.0,666.0,-261.0,53.0,,-143.0,-736.0,-42.0,21.0,68.0
-272.0,672.0,-271.0,-41.0,,-128.0,-1079.0,14.0,118.0,-71.0
-211.0,621.0,-222.0,-280.0,,-124.0,-1195.0,-35.0,-324.0,55.0
-281.0,540.0,-133.0,-230.0,,196.0,-1095.0,22.0,292.0,322.0
-304.0,94.0,-119.0,-77.0,,16.0,-919.0,-140.0,-443.0,225.0
-281.0,-906.0,-118.0,66.0,,108.0,-928.0,-260.0,-593.0,258.0
-230.0,-295.0,-84.0,239.0,,395.0,-1175.0,-423.0,285.0,540.0
-263.0,-224.0,-33.0,336.0,,475.0,-1516.0,-452.0,100.0,494.0
-356.0,-560.0,-74.0,247.0,,661.0,-1644.0,-169.0,-200.0,347.0
-336.0,-567.0,37.0,103.0,,376.0,-1404.0,-12.0,-516.0,465.0
-415.0,-495.0,64.0,179.0,,231.0,-1065.0,297.0,-253.0,542.0
-440.0,-171.0,95.0,183.0,,-2.0,-707.0,476.0,297.0,361.0
-430.0,-657.0,234.0,148.0,,-91.0,-498.0,650.0,497.0,279.0
-458.0,-976.0,132.0,184.0,,46.0,-577.0,731.0,-1.0,500.0
-534.0,-976.0,118.0,215.0,,142.0,-670.0,519.0,-42.0,565.0
-483.0,-1124.0,62.0,280.0,,626.0,-673.0,439.0,262.0,434.0
-411.0,-1577.0,-127.0,288.0,,568.0,-691.0,229.0,530.0,544.0
-428.0,-1199.0,-82.0,262.0,,513.0,-797.0,219.0,484.0,587.0
-365.0,-847.0,-188.0,290.0,,697.0,-923.0,181.0,-204.0,400.0
-378.0,-1010.0,-251.0,232.0,,617.0,-867.0,-9.0,347.0,178.0
-405.0,-322.0,-144.0,110.0,,711.0,-629.0,0.0,550.0,37.0
-458.0,40.0,-192.0,152.0,,450.0,-555.0,-38.0,125.0,-63.0
-512.0,200.0,-132.0,29.0,,332.0,-778.0,157.0,-123.0,-178.0
-573.0,258.0,-16.0,-134.0,,630.0,-953.0,365.0,-226.0,-85.0
-546.0,9.0,2.0,-141.0,,618.0,-950.0,611.0,219.0,-3.0
-480.0,351.0,18.0,-166.0,,855.0,-1028.0,744.0,510.0,-36.0
-523.0,730.0,134.0,-170.0,,1160.0,-1202.0,596.0,280.0,-121.0
-554.0,472.0,123.0,-77.0,,957.0,-1201.0,613.0,-251.0,-99.0
-566.0,108.0,55.0,128.0,,486.0,-911.0,397.0,30.0,-59.0
-485.0,231.0,108.0,251.0,,339.0,-595.0,179.0,-49.0,-278.0
-413.0,221.0,47.0,351.0,,631.0,-591.0,14.0,-250.0,-439.0
-352.0,264.0,61.0,488.0,,1034.0,-790.0,-160.0,487.0,-484.0
-302.0,531.0,95.0,609.0,,826.0,-833.0,-173.0,289.0,-506.0
-236.0,468.0,24.0,664.0,,297.0,-612.0,-297.0,-471.0,-572.0
-140.0,947.0,96.0,705.0,,692.0,-294.0,-356.0,-248.0,-643.0
-161.0,1103.0,151.0,670.0,,705.0,-174.0,-500.0,446.0,-566.0
-234.0,999.0,137.0,468.0,,579.0,-267.0,-509.0,-232.0,-538.0
-297.0,908.0,225.0,162.0,,871.0,-363.0,-478.0,-609.0,-345.0
-324.0,654.0,200.0,-61.0,,685.0,-441.0,-509.0,-302.0,79.0
-378.0,695.0,153.0,0.0,,857.0,-514.0,-421.0,-524.0,44.0
-423.0,-149.0,190.0,63.0,,914.0,-542.0,-299.0,652.0,-183.0
-396.0,-594.0,145.0,147.0,,795.0,-613.0,155.0,292.0,89.0
-363.0,-849.0,203.0,235.0,,1065.0,-688.0,345.0,8.0,328.0
-370.0,-1277.0,214.0,328.0,,983.0,-664.0,436.0,586.0,142.0
-347.0,-1041.0,166.0,401.0,,942.0,-610.0,378.0,-68.0,-29.0
-360.0,-898.0,196.0,335.0,,1289.0,-531.0,24.0,1009.0,-19.0
-457.0,-922.0,196.0,497.0,,1223.0,-496.0,-66.0,1278.0,9.0
-491.0,-906.0,219.0,671.0,,1174.0,-466.0,-258.0,942.0,129.0
-586.0,-279.0,162.0,730.0,,1201.0,-353.0,-145.0,216.0,179.0
-710.0,49.0,156.0,688.0,,1028.0,-268.0,16.0,453.0,86.0
-810.0,223.0,174.0,666.0,,1277.0,-199.0,90.0,1602.0,195.0
-906.0,696.0,125.0,826.0,,1262.0,-117.0,393.0,442.0,377.0
-937.0,838.0,82.0,840.0,,1022.0,-171.0,565.0,564.0,631.0
-888.0,514.0,88.0,724.0,,1066.0,-492.0,746.0,409.0,705.0
-794.0,45.0,104.0,465.0,,902.0,-836.0,816.0,-213.0,519.0
-778.0,317.0,38.0,47.0,,867.0,-830.0,792.0,-83.0,541.0
-685.0,300.0,72.0,-433.0,,1094.0,-435.0,524.0,554.0,767.0
-549.0,-260.0,146.0,-608.0,,1069.0,2.0,216.0,882.0,827.0
-478.0,-568.0,145.0,-510.0,,1122.0,215.0,140.0,-566.0,557.0
-487.0,-610.0,182.0,-459.0,,1086.0,229.0,59.0,-29.0,545.0
-433.0,-704.0,291.0,-303.0,,789.0,156.0,145.0,644.0,557.0
-283.0,-1177.0,234.0,-299.0,,1041.0,65.0,208.0,825.0,448.0
-275.0,-1195.0,222.0,-312.0,,1247.0,-56.0,308.0,767.0,566.0
-246.0,-877.0,259.0,-269.0,,968.0,-47.0,358.0,-189.0,648.0
-206.0,-551.0,176.0,-390.0,,904.0,43.0,251.0,456.0,548.0
-171.0,-86.0,187.0,-469.0,,777.0,2.0,314.0,572.0,387.0
-151.0,281.0,173.0,-511.0,,861.0,-233.0,306.0,86.0,483.0
-166.0,568.0,124.0,-523.0,,1260.0,-605.0,389.0,-255.0,453.0
-182.0,784.0,47.0,-470.0,,1138.0,-930.0,480.0,-538.0,187.0
-172.0,1335.0,15.0,-260.0,,1253.0,-1019.0,558.0,-45.0,43.0
-56.0,1843.0,-60.0,39.0,,1245.0,-783.0,711.0,703.0,47.0
-83.0,1892.0,-97.0,243.0,,818.0,-372.0,591.0,590.0,0.0
-139.0,1601.0,-99.0,398.0,,923.0,31.0,570.0,130.0,-101.0
-124.0,1716.0,-151.0,377.0,,863.0,186.0,461.0,197.0,-8.0
-159.0,1952.0,-193.0,247.0,,790.0,114.0,242.0,106.0,65.0
-285.0,1452.0,-240.0,193.0,,816.0,151.0,66.0,284.0,-11.0
-424.0,1004.0,-185.0,161.0,,565.0,444.0,-195.0,65.0,-130.0
-423.0,526.0,-169.0,28.0,,600.0,743.0,-251.0,-118.0,-83.0
-493.0,289.0,-73.0,-171.0,,809.0,573.0,-251.0,-181.0,39.0
-561.0,-441.0,-5.0,-290.0,,594.0,145.0,-3.0,367.0,140.0
-567.0,-1336.0,79.0,-429.0,,490.0,-17.0,243.0,1144.0,197.0
-646.0,-1355.0,192.0,-433.0,,586.0,117.0,363.0,730.0,246.0
-594.0,-1731.0,193.0,-238.0,,304.0,250.0,482.0,535.0,299.0
-521.0,-1688.0,221.0,-30.0,,409.0,124.0,332.0,495.0,390.0
-491.0,-1406.0,215.0,128.0,,533.0,-112.0,432.0,534.0,532.0
-384.0,-1633.0,204.0,318.0,,427.0,-291.0,624.0,702.0,265.0
-318.0,-2029.0,184.0,539.0,,617.0,-306.0,857.0,1109.0,-77.0
-320.0,-2241.0,174.0,660.0,,481.0,-175.0,1021.0,671.0,-159.0
-342.0,-2176.0,168.0,664.0,,470.0,-79.0,960.0,-43.0,-183.0
-303.0,-2233.0,154.0,474.0,,691.0,-24.0,877.0,463.0,-430.0
-382.0,-1890.0,133.0,330.0,,399.0,28.0,535.0,901.0,-665.0
-392.0,-1119.0,123.0,236.0,,276.0,105.0,367.0,419.0,-492.0
-324.0,-371.0,128.0,280.0,,439.0,323.0,114.0,44.0,-392.0
-308.0,91.0,123.0,465.0,,556.0,585.0,-46.0,313.0,-242.0
-193.0,878.0,150.0,568.0,,693.0,529.0,62.0,268.0,35.0
-194.0,1562.0,196.0,728.0,,394.0,147.0,-90.0,619.0,88.0
-136.0,1938.0,253.0,657.0,,210.0,-244.0,-31.0,-187.0,-18.0
-126.0,2630.0,260.0,409.0,,388.0,-355.0,11.0,-761.0,124.0
-118.0,2789.0,212.0,95.0,,187.0,-147.0,123.0,-26.0,355.0
-165.0,2749.0,196.0,-249.0,,5.0,25.0,273.0,-267.0,88.0
-258.0,2101.0,137.0,-283.0,,149.0,-155.0,321.0,39.0,-243.0
-279.0,1016.0,75.0,-135.0,,129.0,-624.0,524.0,94.0,-238.0
-390.0,377.0,118.0,-37.0,,255.0,-781.0,552.0,-721.0,-105.0
-359.0,-374.0,133.0,48.0,,459.0,-385.0,609.0,-26.0,-207.0
-448.0,-1088.0,178.0,128.0,,466.0,-47.0,410.0,1248.0,-434.0
-416.0,-1647.0,234.0,98.0,,582.0,-89.0,158.0,405.0,-438.0
-355.0,-2052.0,315.0,63.0,,414.0,-144.0,5.0,-95.0,-385.0
-379.0,-2464.0,325.0,53.0,,89.0,25.0,-208.0,484.0,-423.0
-298.0,-2319.0,334.0,-19.0,,68.0,277.0,-68.0,428.0,-463.0
-270.0,-1766.0,336.0,-44.0,,177.0,430.0,20.0,312.0,-501.0
-167.0,-1225.0,258.0,131.0,,208.0,392.0,242.0,437.0,-673.0
-182.0,-391.0,245.0,195.0,,366.0,224.0,408.0,623.0,-746.0
-119.0,166.0,170.0,146.0,,459.0,-45.0,410.0,339.0,-469.0
-57.0,521.0,220.0,149.0,,457.0,-282.0,354.0,187.0,-377.0
-55.0,757.0,177.0,17.0,,536.0,-231.0,-9.0,147.0,-751.0
-24.0,1101.0,147.0,20.0,,277.0,-15.0,-48.0,430.0,-888.0
-29.0,1421.0,204.0,18.0,,40.0,-28.0,-62.0,384.0,-755.0
9.0,1388.0,187.0,-10.0,,-16.0,-288.0,77.0,-509.0,-845.0
19.0,1230.0,193.0,48.0,,11.0,-528.0,373.0,-268.0,-1105.0
96.0,965.0,158.0,52.0,,217.0,-638.0,489.0,947.0,-1111.0
107.0,884.0,170.0,169.0,,378.0,-474.0,650.0,209.0,-931.0
71.0,396.0,114.0,204.0,,422.0,-22.0,423.0,-382.0,-972.0
89.0,-371.0,113.0,85.0,,578.0,373.0,254.0,385.0,-833.0
61.0,-708.0,60.0,33.0,,579.0,511.0,109.0,83.0,-421.0
-17.0,-1050.0,41.0,10.0,,237.0,605.0,-36.0,159.0,-258.0
-53.0,-1228.0,72.0,-115.0,,215.0,810.0,14.0,-77.0,-274.0
-121.0,-969.0,91.0,-286.0,,247.0,974.0,3.0,-92.0,-69.0
-218.0,-670.0,191.0,-300.0,,153.0,1047.0,216.0,420.0,-1.0
-209.0,-610.0,268.0,-223.0,,198.0,937.0,295.0,95.0,-220.0
-222.0,-215.0,380.0,-143.0,,127.0,721.0,369.0,51.0,-138.0
-254.0,-35.0,399.0,-29.0,,121.0,689.0,371.0,500.0,-22.0
-217.0,-57.0,446.0,-53.0,,243.0,643.0,127.0,261.0,-228.0
-143.0,722.0,444.0,-72.0,,197.0,327.0,-84.0,602.0,-175.0
-98.0,819.0,424.0,8.0,,227.0,-46.0,-397.0,1406.0,54.0
-19.0,307.0,440.0,38.0,,262.0,-212.0,-580.0,171.0,69.0
36.0,65.0,425.0,89.0,,83.0,-222.0,-825.0,-64.0,63.0
70.0,-19.0,466.0,156.0,,162.0,-343.0,-811.0,253.0,93.0
122.0,37.0,454.0,174.0,,188.0,-690.0,-622.0,-82.0,132.0
189.0,74.0,441.0,80.0,,96.0,-952.0,-552.0,-99.0,183.0
217.0,126.0,469.0,3.0,,273.0,-747.0,-245.0,-85.0,267.0
187.0,22.0,419.0,100.0,,98.0,-364.0,-144.0,-66.0,235.0
270.0,58.0,333.0,283.0,,-217.0,-299.0,24.0,-89.0,171.0
258.0,-17.0,338.0,381.0,,-141.0,-408.0,35.0,-133.0,203.0
245.0,-84.0,293.0,402.0,,-102.0,-328.0,-164.0,-928.0,194.0
247.0,-295.0,237.0,235.0,,111.0,-71.0,-201.0,-260.0,157.0
195.0,-482.0,227.0,34.0,,196.0,288.0,-441.0,100.0,70.0
165.0,-353.0,194.0,35.0,,-69.0,681.0,-471.0,-310.0,-94.0
90.0,-55.0,94.0,-128.0,,-35.0,852.0,-437.0,-115.0,-94.0
104.0,575.0,57.0,-199.0,,-318.0,786.0,-236.0,-364.0,82.0
26.0,997.0,6.0,-31.0,,-610.0,526.0,36.0,-693.0,68.0
62.0,1543.0,-110.0,93.0,,-542.0,233.0,83.0,-620.0,13.0
96.0,2106.0,-99.0,133.0,,-439.0,280.0,186.0,-13.0,104.0
4.0,2690.0,-123.0,-60.0,,-4.0,480.0,142.0,-533.0,170.0
54.0,2752.0,-135.0,-283.0,,-77.0,372.0,280.0,-906.0,151.0
68.0,2004.0,-148.0,-419.0,,-281.0,3.0,363.0,-973.0,69.0
103.0,1639.0,-134.0,-363.0,,-191.0,-209.0,308.0,-521.0,3.0
65.0,1770.0,-134.0,-84.0,,-425.0,-134.0,197.0,-307.0,0.0
119.0,1700.0,-137.0,131.0,,-210.0,39.0,-118.0,-518.0,29.0
169.0,1235.0,-128.0,141.0,,-315.0,166.0,-205.0,188.0,90.0
149.0,1006.0,-144.0,71.0,,-590.0,249.0,-395.0,-9.0,58.0
168.0,608.0,-141.0,-62.0,,-283.0,431.0,-504.0,366.0,-125.0
43.0,415.0,-232.0,-306.0,,-456.0,648.0,-539.0,689.0,-178.0
73.0,8.0,-269.0,-318.0,,-214.0,581.0,-609.0,955.0,-3.0
45.0,-1047.0,-325.0,-242.0,,-189.0,325.0,-467.0,1180.0,-20.0
-43.0,-1724.0,-284.0,-223.0,,-515.0,264.0,-419.0,132.0,-305.0
-68.0,-2199.0,-276.0,-300.0,,-281.0,360.0,-179.0,67.0,-462.0
-50.0,-2065.0,-283.0,-536.0,,-568.0,421.0,-134.0,362.0,-443.0
56.0,-2063.0,-220.0,-549.0,,-529.0,398.0,-227.0,-61.0,-402.0
2.0,-2501.0,-310.0,-369.0,,-550.0,387.0,-299.0,-585.0,-475.0
-21.0,-2367.0,-260.0,-117.0,,-839.0,433.0,-604.0,-544.0,-523.0
-94.0,-1926.0,-292.0,72.0,,-407.0,384.0,-644.0,-589.0,-439.0
-84.0,-1230.0,-354.0,287.0,,-419.0,297.0,-746.0,-698.0,-179.0
-99.0,-240.0,-317.0,525.0,,-312.0,322.0,-683.0,-84.0,177.0
-196.0,708.0,-415.0,620.0,,-95.0,338.0,-574.0,-219.0,359.0
-92.0,1441.0,-425.0,607.0,,-328.0,225.0,-639.0,-270.0,478.0
-127.0,1499.0,-427.0,331.0,,-70.0,85.0,-522.0,-311.0,600.0
-148.0,1045.0,-465.0,78.0,,-220.0,119.0,-554.0,-139.0,645.0
-156.0,772.0,-423.0,-86.0,,-262.0,451.0,-506.0,302.0,729.0
-139.0,850.0,-449.0,-328.0,,-223.0,674.0,-556.0,-478.0,807.0
-122.0,1118.0,-374.0,-474.0,,-530.0,551.0,-561.0,-306.0,686.0
-135.0,1111.0,-307.0,-481.0,,-317.0,243.0,-424.0,-80.0,513.0
-114.0,1118.0,-277.0,-602.0,,-570.0,-143.0,-384.0,280.0,498.0
-181.0,1062.0,-139.0,-665.0,,-486.0,-425.0,-214.0,709.0,499.0
-53.0,1127.0,-156.0,-447.0,,-434.0,-520.0,-230.0,-439.0,341.0
-12.0,1446.0,-105.0,-338.0,,-676.0,-384.0,-201.0,-1060.0,288.0
-14.0,1370.0,-54.0,-231.0,,-237.0,-123.0,-219.0,-252.0,358.0
56.0,1126.0,-58.0,-59.0,,-452.0,175.0,-284.0,75.0,433.0
86.0,946.0,4.0,103.0,,-571.0,504.0,-330.0,-578.0,579.0
190.0,1079.0,-2.0,275.0,,-392.0,536.0,-497.0,-142.0,749.0
264.0,884.0,48.0,323.0,,-478.0,225.0,-384.0,80.0,907.0
359.0,574.0,9.0,318.0,,-319.0,85.0,-426.0,-38.0,942.0
339.0,662.0,18.0,267.0,,-642.0,213.0,-465.0,408.0,982.0
334.0,423.0,44.0,144.0,,-695.0,247.0,-495.0,-131.0,891.0
372.0,429.0,-54.0,0.0,,-477.0,144.0,-631.0,-658.0,658.0
336.0,617.0,-45.0,-162.0,,-779.0,144.0,-665.0,236.0,565.0
314.0,383.0,-98.0,-424.0,,-707.0,403.0,-772.0,212.0,469.0
286.0,-22.0,-200.0,-494.0,,-888.0,597.0,-558.0,-497.0,202.0
284.0,-447.0,-245.0,-285.0,,-993.0,417.0,-667.0,-199.0,-47.0
252.0,-601.0,-299.0,-87.0,,-952.0,185.0,-888.0,-245.0,-161.0
200.0,-860.0,-367.0,-4.0,,-1293.0,275.0,-788.0,-360.0,-281.0
164.0,-1227.0,-355.0,-112.0,,-807.0,495.0,-853.0,-214.0,-424.0
100.0,-1072.0,-396.0,-166.0,,-450.0,555.0,-683.0,-295.0,-579.0
43.0,-632.0,-413.0,-83.0,,-658.0,575.0,-692.0,-148.0,-537.0
65.0,-226.0,-298.0,-27.0,,-511.0,682.0,-801.0,443.0,-395.0
48.0,263.0,-273.0,63.0,,-504.0,794.0,-848.0,-217.0,-237.0
56.0,929.0,-172.0,62.0,,-809.0,719.0,-851.0,-268.0,-1.0
81.0,1259.0,-77.0,41.0,,-916.0,500.0,-598.0,372.0,66.0
132.0,1615.0,30.0,121.0,,-928.0,338.0,-463.0,-95.0,134.0
161.0,1812.0,144.0,60.0,,-1095.0,148.0,-327.0,-207.0,349.0
145.0,1436.0,122.0,-2.0,,-1053.0,-56.0,-280.0,-47.0,536.0
217.0,1258.0,163.0,31.0,,-554.0,10.0,-199.0,49.0,547.0
251.0,1048.0,125.0,59.0,,-277.0,343.0,-243.0,-348.0,461.0
314.0,772.0,80.0,-19.0,,-809.0,524.0,-456.0,215.0,377.0
296.0,356.0,47.0,-106.0,,-1092.0,316.0,-454.0,-18.0,335.0
332.0,-180.0,-6.0,-176.0,,-742.0,-32.0,-541.0,-337.0,305.0
399.0,-929.0,-65.0,-299.0,,-930.0,-162.0,-500.0,202.0,61.0
412.0,-1511.0,-121.0,-413.0,,-993.0,52.0,-424.0,-277.0,-351.0
353.0,-1732.0,-78.0,-645.0,,-424.0,367.0,-216.0,120.0,-528.0
226.0,-1974.0,-170.0,-803.0,,-682.0,370.0,110.0,-156.0,-449.0
281.0,-1499.0,-162.0,-825.0,,-619.0,190.0,205.0,-291.0,-593.0
287.0,-997.0,-176.0,-695.0,,143.0,93.0,382.0,241.0,-766.0
242.0,-437.0,-297.0,-515.0,,-343.0,46.0,314.0,241.0,-676.0
131.0,224.0,-271.0,-493.0,,-629.0,86.0,57.0,42.0,-471.0
97.0,775.0,-274.0,-452.0,,-576.0,133.0,-327.0,-228.0,-273.0
70.0,1665.0,-259.0,-232.0,,-1291.0,185.0,-761.0,171.0,-156.0
41.0,1977.0,-255.0,81.0,,-599.0,112.0,-888.0,391.0,-192.0
29.0,1914.0,-255.0,170.0,,182.0,-124.0,-944.0,-356.0,-373.0
-101.0,1928.0,-257.0,-54.0,,-345.0,-159.0,-840.0,-526.0,-220.0
-55.0,2252.0,-195.0,-266.0,,-124.0,-27.0,-727.0,734.0,-101.0
9.0,2295.0,-182.0,-387.0,,-64.0,29.0,-371.0,535.0,-383.0
61.0,1808.0,-167.0,-477.0,,-245.0,7.0,142.0,-379.0,-559.0
95.0,1874.0,-115.0,-386.0,,-67.0,116.0,511.0,-268.0,-537.0
110.0,1450.0,-172.0,-280.0,,-337.0,306.0,890.0,-40.0,-463.0
98.0,581.0,-137.0,-245.0,,-274.0,245.0,759.0,-436.0,-572.0
74.0,257.0,-180.0,-207.0,,2.0,44.0,550.0,-185.0,-812.0
47.0,-207.0,-223.0,-31.0,,117.0,62.0,358.0,283.0,-953.0
-19.0,-949.0,-193.0,176.0,,297.0,152.0,1.0,-357.0,-977.0
-44.0,-1624.0,-226.0,124.0,,-202.0,62.0,-210.0,-76.0,-965.0
29.0,-2044.0,-267.0,-41.0,,-376.0,31.0,-521.0,-358.0,-967.0
156.0,-2700.0,-232.0,-216.0,,-73.0,174.0,-639.0,-922.0,-1076.0
132.0,-3228.0,-269.0,-248.0,,-696.0,404.0,-733.0,-1108.0,-1166.0
163.0,-2983.0,-292.0,-231.0,,-178.0,689.0,-761.0,-939.0,-1086.0
228.0,-2182.0,-247.0,-341.0,,455.0,982.0,-709.0,-751.0,-1054.0
297.0,-1708.0,-310.0,-415.0,,-492.0,1018.0,-713.0,-937.0,-1029.0
273.0,-1573.0,-241.0,-462.0,,-104.0,761.0,-484.0,-887.0,-878.0
194.0,-584.0,-320.0,-504.0,,275.0,673.0,-413.0,-981.0,-775.0
168.0,255.0,-424.0,-487.0,,-413.0,696.0,-186.0,-486.0,-677.0
163.0,984.0,-408.0,-324.0,,-124.0,782.0,88.0,-1049.0,-487.0
216.0,1693.0,-461.0,-197.0,,-229.0,942.0,169.0,-624.0,-365.0
113.0,2320.0,-498.0,-210.0,,-665.0,874.0,330.0,-348.0,-226.0
27.0,2879.0,-525.0,-214.0,,-356.0,556.0,260.0,-302.0,-151.0
-49.0,2962.0,-533.0,-245.0,,-465.0,72.0,157.0,323.0,-148.0
-43.0,3255.0,-587.0,-205.0,,-608.0,-218.0,-11.0,-779.0,-164.0
-101.0,2688.0,-534.0,-100.0,,-702.0,-136.0,-29.0,236.0,-261.0
-226.0,2046.0,-540.0,-91.0,,-628.0,93.0,27.0,1357.0,-344.0
-134.0,1388.0,-547.0,-178.0,,-367.0,280.0,-48.0,779.0,-515.0
-18.0,705.0,-551.0,-326.0,,-375.0,123.0,97.0,527.0,-707.0
43.0,108.0,-586.0,-450.0,,-463.0,-253.0,225.0,1038.0,-867.0
49.0,-1270.0,-558.0,-373.0,,-708.0,-380.0,528.0,699.0,-998.0
153.0,-2249.0,-576.0,-247.0,,-182.0,-160.0,687.0,1036.0,-942.0
212.0,-2993.0,-535.0,-178.0,,-523.0,166.0,692.0,1952.0,-778.0
231.0,-3195.0,-554.0,-179.0,,-816.0,255.0,779.0,59.0,-714.0
260.0,-3414.0,-531.0,-228.0,,-77.0,61.0,672.0,701.0,-663.0
232.0,-3415.0,-520.0,-245.0,,-477.0,-116.0,604.0,1994.0,-429.0
216.0,-2713.0,-528.0,-328.0,,-188.0,-241.0,327.0,850.0,-265.0
220.0,-2329.0,-489.0,-334.0,,-196.0,-311.0,223.0,565.0,-299.0
266.0,-1979.0,-509.0,-347.0,,-351.0,-172.0,169.0,403.0,-233.0
226.0,-1449.0,-509.0,-335.0,,-301.0,132.0,-1.0,323.0,-184.0
237.0,-608.0,-536.0,-234.0,,-888.0,201.0,110.0,293.0,-179.0
285.0,-18.0,-611.0,-135.0,,-494.0,-208.0,79.0,-162.0,-111.0
344.0,436.0,-610.0,25.0,,-725.0,-475.0,131.0,-165.0,-200.0
421.0,602.0,-624.0,212.0,,-966.0,-157.0,48.0,-316.0,-366.0
381.0,347.0,-674.0,306.0,,-719.0,172.0,-70.0,-1175.0,-484.0
394.0,111.0,-585.0,189.0,,-378.0,137.0,81.0,-1230.0,-494.0
524.0,119.0,-576.0,-22.0,,-339.0,98.0,234.0,-860.0,-518.0
571.0,458.0,-520.0,-160.0,,-509.0,137.0,593.0,-116.0,-655.0
495.0,295.0,-411.0,-277.0,,66.0,109.0,783.0,-681.0,-645.0
476.0,450.0,-423.0,-488.0,,-565.0,278.0,957.0,-1476.0,-536.0
558.0,1054.0,-375.0,-563.0,,-867.0,417.0,1034.0,339.0,-345.0
630.0,1359.0,-331.0,-452.0,,-661.0,301.0,853.0,56.0,-63.0
643.0,2208.0,-326.0,-395.0,,-689.0,451.0,624.0,-1514.0,-4.0
654.0,3133.0,-353.0,-352.0,,-118.0,680.0,240.0,-579.0,-45.0
650.0,3718.0,-339.0,-196.0,,-250.0,334.0,157.0,-124.0,170.0
701.0,4168.0,-333.0,-71.0,,-390.0,31.0,48.0,-955.0,386.0
693.0,3982.0,-390.0,-155.0,,-76.0,385.0,84.0,-572.0,265.0
554.0,3663.0,-322.0,-323.0,,-456.0,349.0,254.0,-278.0,82.0
481.0,3259.0,-291.0,-395.0,,-517.0,-132.0,277.0,-586.0,6.0
468.0,2142.0,-309.0,-413.0,,341.0,-30.0,485.0,222.0,-177.0
484.0,948.0,-234.0,-595.0,,-330.0,96.0,537.0,605.0,-254.0
392.0,-152.0,-238.0,-768.0,,-286.0,-286.0,735.0,316.0,-277.0
293.0,-1285.0,-253.0,-906.0,,169.0,-543.0,755.0,621.0,-493.0
326.0,-2118.0,-272.0,-1103.0,,-219.0,-398.0,739.0,597.0,-592.0
379.0,-2661.0,-320.0,-1123.0,,763.0,-250.0,879.0,760.0,-518.0
343.0,-3349.0,-380.0,-820.0,,-365.0,-175.0,698.0,1009.0,-325.0
225.0,-4416.0,-446.0,-357.0,,-619.0,10.0,667.0,397.0,-377.0
187.0,-5018.0,-513.0,-91.0,,392.0,219.0,543.0,52.0,-542.0
184.0,-5040.0,-578.0,75.0,,-162.0,384.0,587.0,20.0,-502.0
208.0,-4792.0,-552.0,196.0,,336.0,422.0,598.0,524.0,-460.0
150.0,-4216.0,-645.0,286.0,,-250.0,369.0,395.0,-155.0,-313.0
33.0,-3364.0,-639.0,217.0,,-609.0,433.0,356.0,-667.0,-343.0
34.0,-2701.0,-607.0,134.0,,-9.0,521.0,169.0,478.0,-379.0
92.0,-2366.0,-689.0,142.0,,216.0,551.0,223.0,587.0,-324.0
106.0,-1451.0,-611.0,-26.0,,190.0,494.0,188.0,310.0,-288.0
-5.0,-355.0,-592.0,-197.0,,-169.0,231.0,262.0,45.0,-209.0
17.0,248.0,-569.0,-445.0,,-164.0,-76.0,509.0,-278.0,-230.0
130.0,658.0,-470.0,-616.0,,-310.0,-252.0,528.0,-173.0,-243.0
92.0,1447.0,-396.0,-627.0,,217.0,-257.0,591.0,466.0,-363.0
74.0,2248.0,-379.0,-460.0,,162.0,-141.0,380.0,345.0,-424.0
82.0,2703.0,-340.0,-199.0,,153.0,77.0,303.0,-145.0,-383.0
108.0,3404.0,-334.0,-99.0,,4.0,178.0,254.0,-559.0,-368.0
255.0,3959.0,-335.0,-98.0,,-464.0,74.0,188.0,-124.0,-478.0
350.0,3991.0,-265.0,-149.0,,337.0,166.0,323.0,863.0,-677.0
294.0,3770.0,-364.0,-223.0,,-236.0,503.0,362.0,316.0,-559.0
308.0,3506.0,-412.0,-296.0,,0.0,846.0,572.0,-440.0,-395.0
425.0,2704.0,-423.0,-267.0,,156.0,992.0,644.0,-308.0,-467.0
467.0,1530.0,-557.0,-158.0,,-548.0,970.0,718.0,1290.0,-504.0
380.0,670.0,-590.0,-174.0,,398.0,755.0,777.0,972.0,-341.0
303.0,-271.0,-555.0,-366.0,,163.0,347.0,788.0,-267.0,-276.0
345.0,-949.0,-539.0,-377.0,,-102.0,95.0,896.0,109.0,-283.0
415.0,-1489.0,-513.0,-237.0,,398.0,93.0,787.0,321.0,-272.0
357.0,-2580.0,-453.0,-86.0,,310.0,274.0,872.0,414.0,-390.0
235.0,-3318.0,-466.0,-22.0,,40.0,220.0,790.0,4.0,-479.0
198.0,-3814.0,-453.0,-131.0,,164.0,-202.0,639.0,354.0,-592.0
243.0,-4012.0,-357.0,-338.0,,-93.0,-177.0,626.0,90.0,-636.0
218.0,-3893.0,-388.0,-449.0,,67.0,298.0,533.0,-200.0,-806.0
71.0,-4128.0,-340.0,-274.0,,872.0,346.0,574.0,447.0,-908.0
22.0,-4026.0,-250.0,20.0,,-13.0,45.0,428.0,188.0,-877.0
115.0,-3797.0,-240.0,193.0,,-7.0,188.0,423.0,-313.0,-997.0
129.0,-3291.0,-202.0,308.0,,245.0,520.0,428.0,-442.0,-1028.0
60.0,-2783.0,-218.0,453.0,,154.0,190.0,347.0,341.0,-847.0
13.0,-2147.0,-229.0,384.0,,634.0,-172.0,306.0,454.0,-585.0
-4.0,-981.0,-237.0,315.0,,221.0,294.0,103.0,-176.0,-606.0
28.0,-102.0,-198.0,238.0,,282.0,586.0,129.0,-85.0,-436.0
61.0,647.0,-133.0,169.0,,153.0,180.0,38.0,-423.0,-272.0
3.0,852.0,-94.0,80.0,,315.0,-5.0,-77.0,-556.0,-195.0
1.0,884.0,-67.0,-120.0,,554.0,-271.0,-121.0,258.0,-57.0
80.0,1041.0,-33.0,-129.0,,269.0,-760.0,-173.0,-816.0,-134.0
171.0,961.0,41.0,-193.0,,284.0,-634.0,0.0,-1311.0,-394.0
247.0,802.0,20.0,-211.0,,188.0,-308.0,-11.0,-110.0,-737.0
296.0,611.0,42.0,-53.0,,476.0,-321.0,53.0,7.0,-757.0
368.0,406.0,58.0,165.0,,538.0,-180.0,86.0,28.0,-900.0
464.0,299.0,31.0,550.0,,367.0,197.0,55.0,-632.0,-1209.0
617.0,210.0,68.0,930.0,,348.0,224.0,27.0,-516.0,-1443.0
595.0,-279.0,71.0,896.0,,864.0,173.0,-227.0,-351.0,-1264.0
540.0,-742.0,101.0,565.0,,751.0,536.0,-227.0,142.0,-996.0
669.0,-439.0,114.0,298.0,,463.0,746.0,-242.0,236.0,-1006.0
729.0,104.0,96.0,61.0,,356.0,414.0,-181.0,-1122.0,-859.0
652.0,-285.0,120.0,-179.0,,-228.0,219.0,-173.0,-58.0,-798.0
510.0,-740.0,117.0,-369.0,,722.0,475.0,-308.0,48.0,-658.0
430.0,-1151.0,69.0,-472.0,,865.0,576.0,-175.0,-322.0,-488.0
438.0,-1528.0,61.0,-378.0,,329.0,599.0,-120.0,652.0,-316.0
503.0,-1246.0,64.0,-266.0,,118.0,640.0,116.0,-34.0,-252.0
367.0,-1139.0,46.0,-265.0,,-43.0,417.0,304.0,-928.0,-278.0
211.0,-978.0,29.0,-148.0,,352.0,157.0,419.0,-122.0,-4.0
253.0,-950.0,4.0,119.0,,206.0,102.0,524.0,795.0,213.0
271.0,-547.0,-17.0,456.0,,329.0,210.0,352.0,344.0,214.0
205.0,199.0,29.0,651.0,,-72.0,113.0,266.0,-726.0,118.0
81.0,324.0,55.0,808.0,,127.0,-53.0,129.0,-924.0,81.0
117.0,-143.0,21.0,788.0,,215.0,148.0,173.0,234.0,127.0
144.0,-661.0,90.0,504.0,,-104.0,302.0,160.0,345.0,128.0
136.0,-391.0,134.0,297.0,,350.0,124.0,84.0,-320.0,146.0
53.0,-538.0,96.0,45.0,,90.0,18.0,242.0,-552.0,92.0
-11.0,-571.0,84.0,-123.0,,161.0,-63.0,249.0,-205.0,68.0
113.0,-290.0,138.0,-87.0,,-83.0,-180.0,304.0,362.0,149.0
194.0,-666.0,127.0,-14.0,,-173.0,54.0,299.0,-480.0,160.0
190.0,-700.0,170.0,38.0,,-262.0,237.0,327.0,-1309.0,137.0
110.0,-972.0,232.0,-34.0,,75.0,42.0,118.0,-1400.0,19.0
211.0,-1338.0,178.0,-44.0,,516.0,7.0,-286.0,-586.0,-153.0
315.0,-1390.0,211.0,94.0,,-187.0,255.0,-439.0,439.0,-223.0
278.0,-1183.0,161.0,94.0,,-243.0,280.0,-663.0,-470.0,-222.0
140.0,-752.0,101.0,229.0,,-762.0,48.0,-654.0,-1465.0,-415.0
69.0,-707.0,55.0,434.0,,-493.0,160.0,-628.0,-251.0,-658.0
127.0,-714.0,2.0,484.0,,-318.0,455.0,-415.0,997.0,-559.0
107.0,-834.0,-49.0,470.0,,-465.0,504.0,-22.0,-92.0,-412.0
122.0,-522.0,-138.0,424.0,,-334.0,482.0,110.0,-1111.0,-366.0
85.0,219.0,-116.0,385.0,,-791.0,465.0,192.0,-242.0,-191.0
143.0,691.0,-194.0,103.0,,-177.0,409.0,103.0,1062.0,33.0
201.0,989.0,-218.0,-62.0,,-13.0,176.0,229.0,923.0,232.0
203.0,1333.0,-161.0,-43.0,,172.0,58.0,195.0,237.0,458.0
130.0,1524.0,-182.0,6.0,,-530.0,311.0,-18.0,125.0,693.0
85.0,1117.0,-176.0,-10.0,,-988.0,458.0,-35.0,-588.0,850.0
187.0,1110.0,-111.0,-83.0,,-452.0,223.0,-81.0,-266.0,937.0
156.0,1213.0,-65.0,151.0,,-471.0,17.0,24.0,269.0,1119.0
185.0,672.0,-111.0,269.0,,-217.0,169.0,-77.0,-957.0,1166.0
196.0,333.0,-87.0,384.0,,-773.0,197.0,-72.0,-1672.0,1058.0
226.0,571.0,-63.0,560.0,,-149.0,112.0,-1.0,-573.0,1053.0
306.0,876.0,-82.0,554.0,,28.0,165.0,-177.0,97.0,1072.0
352.0,683.0,-139.0,577.0,,-464.0,65.0,-280.0,-744.0,954.0
339.0,488.0,-136.0,619.0,,-435.0,66.0,-454.0,-992.0,742.0
298.0,-2.0,-147.0,625.0,,-666.0,284.0,-404.0,-629.0,710.0
340.0,-300.0,-191.0,538.0,,-530.0,359.0,-208.0,-542.0,659.0
263.0,-374.0,-131.0,402.0,,-784.0,273.0,18.0,-612.0,601.0
225.0,-1476.0,-149.0,266.0,,-541.0,220.0,240.0,-1070.0,535.0
120.0,-2060.0,-123.0,206.0,,-594.0,239.0,258.0,-685.0,276.0
2.0,-1922.0,-63.0,87.0,,-422.0,317.0,358.0,432.0,225.0
11.0,-1781.0,-34.0,-182.0,,-444.0,257.0,221.0,-179.0,333.0
-57.0,-1623.0,26.0,-411.0,,-313.0,60.0,55.0,-413.0,195.0
-104.0,-1475.0,89.0,-541.0,,-166.0,72.0,16.0,614.0,-36.0
-131.0,-1109.0,92.0,-590.0,,-656.0,154.0,-103.0,584.0,18.0
-114.0,-597.0,164.0,-608.0,,-202.0,89.0,-38.0,-486.0,35.0
-142.0,18.0,206.0,-456.0,,-313.0,45.0,-184.0,-155.0,14.0
-169.0,240.0,176.0,-148.0,,-185.0,130.0,-408.0,678.0,147.0
-204.0,802.0,250.0,5.0,,-302.0,199.0,-683.0,-923.0,153.0
-250.0,1286.0,226.0,-48.0,,-164.0,261.0,-907.0,-486.0,225.0
-192.0,1829.0,190.0,-102.0,,121.0,438.0,-790.0,-107.0,473.0
-191.0,2337.0,214.0,-233.0,,-170.0,537.0,-650.0,-509.0,806.0
-218.0,1542.0,226.0,-321.0,,-396.0,414.0,-341.0,54.0,894.0
-192.0,1033.0,194.0,-202.0,,-822.0,285.0,-243.0,-627.0,848.0
-101.0,1004.0,220.0,-127.0,,-39.0,312.0,-173.0,-658.0,874.0
-98.0,789.0,186.0,55.0,,507.0,372.0,-9.0,-1054.0,830.0
-121.0,684.0,98.0,439.0,,594.0,390.0,79.0,585.0,786.0
-75.0,652.0,117.0,719.0,,-166.0,400.0,194.0,456.0,647.0
-68.0,435.0,52.0,752.0,,-601.0,300.0,81.0,-1345.0,457.0
-1.0,377.0,-4.0,797.0,,-10.0,37.0,114.0,-1029.0,261.0
75.0,410.0,-18.0,813.0,,373.0,-18.0,27.0,-730.0,246.0
68.0,-62.0,-29.0,641.0,,358.0,170.0,-12.0,977.0,204.0
35.0,119.0,-28.0,430.0,,-466.0,188.0,-60.0,455.0,-29.0
63.0,685.0,-15.0,223.0,,-368.0,118.0,-315.0,-1049.0,-143.0
75.0,783.0,9.0,150.0,,-173.0,265.0,-380.0,-1734.0,-86.0
27.0,798.0,56.0,213.0,,212.0,445.0,-548.0,-282.0,18.0
-22.0,647.0,115.0,336.0,,64.0,391.0,-365.0,1453.0,3.0
-48.0,451.0,102.0,496.0,,-214.0,408.0,-253.0,-620.0,35.0
-48.0,185.0,131.0,563.0,,61.0,520.0,-101.0,-1440.0,12.0
-65.0,118.0,179.0,572.0,,-110.0,344.0,177.0,-675.0,-13.0
-148.0,-202.0,175.0,625.0,,-46.0,172.0,-7.0,-444.0,105.0
-231.0,-562.0,201.0,606.0,,-147.0,278.0,27.0,-116.0,163.0
-208.0,-296.0,195.0,559.0,,377.0,220.0,-266.0,-367.0,126.0
-179.0,-49.0,186.0,705.0,,314.0,30.0,-306.0,-1231.0,243.0
-222.0,366.0,191.0,893.0,,132.0,-3.0,-155.0,-795.0,501.0
-291.0,464.0,116.0,896.0,,-364.0,-367.0,-304.0,175.0,525.0
-222.0,693.0,72.0,834.0,,-417.0,-742.0,-203.0,0.0,637.0
-156.0,1168.0,89.0,733.0,,336.0,-298.0,-336.0,-404.0,805.0
-197.0,1251.0,8.0,518.0,,250.0,129.0,-134.0,-533.0,769.0
-239.0,1482.0,-18.0,433.0,,467.0,-87.0,-142.0,58.0,846.0
-275.0,1550.0,-9.0,444.0,,-178.0,5.0,-382.0,669.0,989.0
-266.0,2004.0,-100.0,377.0,,-99.0,358.0,-543.0,-213.0,940.0
-307.0,2415.0,-122.0,380.0,,199.0,352.0,-835.0,-312.0,945.0
-357.0,2251.0,-192.0,300.0,,534.0,458.0,-737.0,-25.0,1066.0
-377.0,2170.0,-214.0,78.0,,445.0,624.0,-667.0,-458.0,933.0
-303.0,1723.0,-193.0,-59.0,,-397.0,446.0,-506.0,434.0,812.0
-235.0,952.0,-214.0,-113.0,,-129.0,268.0,-535.0,0.0,849.0
-279.0,303.0,-172.0,-83.0,,4.0,471.0,-410.0,-407.0,762.0
-253.0,-222.0,-169.0,79.0,,643.0,551.0,-133.0,-223.0,605.0
-209.0,-705.0,-72.0,341.0,,304.0,198.0,-264.0,-957.0,682.0
-248.0,-1106.0,31.0,584.0,,155.0,35.0,-168.0,-383.0,696.0
-320.0,-1327.0,150.0,733.0,,83.0,-118.0,-201.0,-559.0,624.0
-340.0,-1204.0,297.0,709.0,,-70.0,-419.0,-284.0,-922.0,738.0
-402.0,-1099.0,353.0,601.0,,331.0,-420.0,-375.0,-282.0,836.0
-462.0,-1623.0,400.0,488.0,,-70.0,-467.0,-593.0,-202.0,835.0
-439.0,-1896.0,429.0,352.0,,148.0,-724.0,-727.0,-489.0,791.0
-460.0,-1398.0,498.0,294.0,,-191.0,-654.0,-755.0,45.0,1075.0
-437.0,-1153.0,443.0,288.0,,-33.0,-361.0,-606.0,618.0,1140.0
-379.0,-1023.0,420.0,349.0,,-29.0,-479.0,-545.0,-559.0,1004.0
-387.0,-651.0,396.0,451.0,,-267.0,-538.0,-254.0,-218.0,1216.0
-363.0,-620.0,253.0,591.0,,-319.0,-106.0,12.0,1104.0,1305.0
-361.0,-483.0,253.0,707.0,,-577.0,-100.0,223.0,714.0,1269.0
-382.0,49.0,174.0,794.0,,-306.0,-300.0,399.0,100.0,1318.0
-381.0,340.0,152.0,837.0,,-368.0,154.0,277.0,261.0,1398.0
-368.0,486.0,135.0,813.0,,439.0,305.0,201.0,615.0,1315.0
-317.0,1050.0,22.0,886.0,,485.0,-137.0,-109.0,113.0,1249.0
-291.0,1839.0,68.0,930.0,,192.0,-40.0,-347.0,280.0,1238.0
-232.0,2326.0,61.0,923.0,,-123.0,220.0,-611.0,356.0,1152.0
-117.0,2478.0,47.0,838.0,,-465.0,-153.0,-1042.0,-318.0,1059.0
-43.0,2530.0,91.0,756.0,,-94.0,-418.0,-1234.0,-257.0,954.0
-97.0,2605.0,91.0,692.0,,246.0,-147.0,-1393.0,881.0,937.0
-72.0,2516.0,103.0,539.0,,757.0,-189.0,-1267.0,906.0,989.0
-11.0,2205.0,109.0,449.0,,47.0,-428.0,-1212.0,326.0,948.0
-74.0,1683.0,97.0,428.0,,-313.0,-91.0,-1073.0,953.0,858.0
-69.0,1360.0,97.0,453.0,,75.0,115.0,-558.0,132.0,823.0
-87.0,1190.0,104.0,470.0,,869.0,-233.0,-221.0,-50.0,745.0
-67.0,759.0,126.0,451.0,,657.0,-347.0,273.0,380.0,613.0
-40.0,377.0,206.0,316.0,,-445.0,-16.0,432.0,101.0,479.0
-36.0,-73.0,219.0,53.0,,-521.0,96.0,314.0,507.0,393.0
-32.0,-74.0,291.0,-74.0,,-222.0,-12.0,347.0,142.0,278.0
-77.0,15.0,381.0,20.0,,507.0,230.0,94.0,-544.0,150.0
-68.0,-235.0,298.0,174.0,,-121.0,332.0,42.0,333.0,171.0
-129.0,-128.0,366.0,280.0,,-371.0,-21.0,-155.0,879.0,222.0
-182.0,-116.0,334.0,292.0,,-92.0,-278.0,-526.0,-332.0,93.0
-208.0,200.0,256.0,168.0,,241.0,-456.0,-801.0,-534.0,67.0
-241.0,695.0,326.0,7.0,,505.0,-618.0,-988.0,-185.0,161.0
-258.0,650.0,287.0,-161.0,,2.0,-601.0,-705.0,354.0,106.0
-259.0,415.0,329.0,-312.0,,287.0,-585.0,-391.0,367.0,127.0
-234.0,303.0,372.0,-318.0,,93.0,-605.0,36.0,-259.0,84.0
-232.0,205.0,375.0,-245.0,,338.0,-662.0,267.0,-283.0,-20.0
-180.0,-282.0,374.0,-169.0,,-127.0,-752.0,269.0,153.0,0.0
-147.0,-713.0,365.0,50.0,,-108.0,-662.0,288.0,910.0,-3.0
-170.0,-893.0,306.0,304.0,,505.0,-501.0,120.0,-392.0,-56.0
-210.0,-900.0,266.0,529.0,,493.0,-439.0,96.0,-725.0,-34.0
-226.0,-899.0,230.0,772.0,,824.0,-339.0,-214.0,-183.0,24.0
-255.0,-870.0,153.0,1028.0,,-116.0,-31.0,-484.0,12.0,110.0
-312.0,-533.0,145.0,1442.0,,18.0,292.0,-567.0,847.0,345.0
-342.0,-296.0,59.0,1534.0,,100.0,254.0,-654.0,-252.0,497.0
-375.0,74.0,61.0,1158.0,,382.0,95.0,-604.0,-445.0,556.0
-366.0,412.0,2.0,765.0,,337.0,340.0,-844.0,723.0,652.0
-385.0,470.0,-76.0,492.0,,-419.0,481.0,-873.0,1589.0,868.0
-359.0,702.0,-50.0,352.0,,-54.0,-197.0,-914.0,865.0,988.0
-295.0,931.0,-100.0,177.0,,211.0,-712.0,-768.0,102.0,846.0
-315.0,1140.0,-128.0,31.0,,913.0,-364.0,-356.0,1215.0,775.0
-317.0,954.0,-150.0,-117.0,,76.0,-287.0,-212.0,923.0,656.0
-315.0,442.0,-117.0,-286.0,,-348.0,-846.0,46.0,1025.0,415.0
-319.0,364.0,-108.0,-255.0,,-95.0,-1154.0,24.0,1071.0,227.0
-345.0,374.0,-79.0,-140.0,,511.0,-1013.0,64.0,-727.0,97.0
-355.0,426.0,-42.0,59.0,,854.0,-1015.0,-44.0,-645.0,-27.0
-365.0,454.0,6.0,328.0,,-429.0,-1337.0,-367.0,-38.0,-52.0
-374.0,264.0,45.0,325.0,,-331.0,-1372.0,-526.0,-633.0,31.0
-297.0,109.0,12.0,70.0,,135.0,-1038.0,-788.0,-520.0,119.0
-249.0,-147.0,47.0,-179.0,,991.0,-825.0,-698.0,-720.0,140.0
-186.0,44.0,16.0,-210.0,,449.0,-589.0,-615.0,-613.0,111.0
-40.0,334.0,39.0,-97.0,,-459.0,-233.0,-279.0,-165.0,120.0
94.0,15.0,74.0,-39.0,,9.0,-34.0,168.0,-303.0,76.0
181.0,96.0,21.0,-7.0,,518.0,32.0,358.0,-239.0,48.0
219.0,152.0,55.0,-51.0,,915.0,72.0,569.0,-558.0,-67.0
256.0,-142.0,40.0,-124.0,,-64.0,135.0,397.0,-260.0,-279.0
270.0,-641.0,1.0,-140.0,,-237.0,147.0,208.0,121.0,-370.0
199.0,-1267.0,62.0,-116.0,,46.0,-4.0,-105.0,-209.0,-394.0
141.0,-1065.0,105.0,-99.0,,422.0,-210.0,-352.0,188.0,-465.0
67.0,-1036.0,100.0,-112.0,,393.0,-340.0,-428.0,-16.0,-528.0
-7.0,-1047.0,176.0,-151.0,,32.0,-416.0,-622.0,-201.0,-464.0
-32.0,-1023.0,251.0,-256.0,,385.0,-698.0,-497.0,117.0,-340.0
-111.0,-1031.0,285.0,-290.0,,244.0,-877.0,-515.0,76.0,-266.0
-178.0,-337.0,459.0,-243.0,,571.0,-622.0,-526.0,420.0,-209.0
-227.0,-75.0,567.0,-250.0,,502.0,-596.0,-476.0,-40.0,-187.0
-249.0,71.0,598.0,-197.0,,425.0,-783.0,-487.0,262.0,-220.0
-289.0,397.0,711.0,-148.0,,307.0,-648.0,-293.0,389.0,-191.0
-277.0,697.0,689.0,0.0,,66.0,-381.0,-323.0,-178.0,-177.0
-214.0,810.0,735.0,354.0,,182.0,-341.0,-214.0,108.0,-194.0
-224.0,850.0,774.0,665.0,,48.0,-486.0,-160.0,120.0,-181.0
-158.0,896.0,691.0,968.0,,223.0,-459.0,-238.0,108.0,-163.0
-100.0,493.0,737.0,1175.0,,266.0,-367.0,-177.0,-432.0,-159.0
-64.0,303.0,668.0,1322.0,,551.0,-272.0,-179.0,-338.0,-109.0
-43.0,349.0,659.0,1507.0,,356.0,-24.0,49.0,-88.0,-39.0
-14.0,21.0,712.0,1470.0,,226.0,49.0,171.0,-445.0,72.0
32.0,-283.0,631.0,1204.0,,142.0,-208.0,264.0,-1323.0,248.0
80.0,-72.0,607.0,893.0,,-10.0,-589.0,166.0,-1396.0,452.0
154.0,57.0,570.0,585.0,,302.0,-712.0,-51.0,-43.0,687.0
122.0,-101.0,493.0,301.0,,143.0,-740.0,-129.0,-112.0,757.0
104.0,-231.0,453.0,76.0,,291.0,-977.0,-380.0,-926.0,839.0
120.0,-54.0,421.0,-69.0,,325.0,-994.0,-436.0,-443.0,876.0
126.0,17.0,303.0,-180.0,,560.0,-745.0,-524.0,243.0,755.0
106.0,159.0,265.0,-412.0,,514.0,-503.0,-439.0,-436.0,679.0
82.0,300.0,239.0,-501.0,,349.0,-457.0,-323.0,-296.0,624.0
79.0,115.0,202.0,-298.0,,212.0,-560.0,-343.0,440.0,533.0
33.0,154.0,227.0,-99.0,,-41.0,-573.0,-92.0,805.0,401.0
17.0,-275.0,246.0,37.0,,189.0,-672.0,38.0,807.0,384.0
-36.0,-627.0,289.0,88.0,,14.0,-744.0,227.0,259.0,365.0
-75.0,-517.0,250.0,174.0,,359.0,-581.0,212.0,761.0,357.0
-60.0,-490.0,328.0,291.0,,333.0,-385.0,49.0,501.0,406.0
-103.0,-659.0,340.0,307.0,,434.0,-145.0,73.0,169.0,333.0
-205.0,-774.0,334.0,226.0,,463.0,62.0,-36.0,168.0,205.0
-278.0,-590.0,443.0,83.0,,407.0,83.0,-195.0,-785.0,78.0
-279.0,-547.0,423.0,-72.0,,639.0,113.0,-378.0,-262.0,-154.0
-277.0,-238.0,458.0,-207.0,,110.0,224.0,-412.0,-216.0,-491.0
-328.0,118.0,490.0,-336.0,,210.0,357.0,-397.0,-882.0,-910.0
-423.0,-27.0,460.0,-583.0,,-47.0,463.0,-384.0,-289.0,-1372.0
-422.0,-122.0,400.0,-663.0,,161.0,341.0,-338.0,193.0,-1704.0
-385.0,-242.0,369.0,-570.0,,258.0,-64.0,-384.0,18.0,-1945.0
-395.0,-1057.0,367.0,-650.0,,424.0,-396.0,-194.0,-647.0,-2072.0
-433.0,-1792.0,262.0,-664.0,,555.0,-548.0,-101.0,-522.0,-2222.0
-452.0,-1913.0,252.0,-512.0,,-57.0,-841.0,-49.0,84.0,-2318.0
-424.0,-2249.0,238.0,-336.0,,345.0,-1203.0,79.0,226.0,-2082.0
-434.0,-2656.0,175.0,-129.0,,350.0,-1266.0,40.0,-333.0,-1836.0
-473.0,-2631.0,203.0,62.0,,510.0,-1115.0,251.0,-477.0,-1702.0
-487.0,-2524.0,124.0,228.0,,-219.0,-982.0,295.0,210.0,-1435.0
-423.0,-2369.0,139.0,453.0,,-429.0,-705.0,319.0,281.0,-1111.0
-367.0,-2007.0,130.0,634.0,,381.0,-317.0,369.0,-166.0,-944.0
-345.0,-1585.0,71.0,658.0,,858.0,-63.0,267.0,-284.0,-789.0
-319.0,-1061.0,158.0,776.0,,675.0,-4.0,389.0,-49.0,-645.0
-269.0,-483.0,116.0,901.0,,-701.0,33.0,303.0,116.0,-649.0
-221.0,-92.0,130.0,835.0,,-425.0,180.0,436.0,604.0,-718.0
-185.0,352.0,209.0,701.0,,206.0,322.0,613.0,126.0,-644.0
-105.0,1038.0,215.0,383.0,,755.0,458.0,620.0,-582.0,-568.0
-89.0,1201.0,188.0,48.0,,118.0,601.0,661.0,295.0,-687.0
-97.0,846.0,230.0,-152.0,,-588.0,701.0,502.0,780.0,-705.0
-74.0,862.0,273.0,-289.0,,-122.0,679.0,325.0,379.0,-595.0
-41.0,1193.0,247.0,-312.0,,206.0,483.0,-62.0,145.0,-535.0
-81.0,1151.0,289.0,-294.0,,934.0,203.0,-151.0,-51.0,-533.0
-140.0,774.0,266.0,-230.0,,367.0,70.0,-247.0,445.0,-375.0
-167.0,548.0,232.0,-198.0,,-2.0,-46.0,-380.0,187.0,-280.0
-181.0,343.0,242.0,-215.0,,-45.0,-245.0,-356.0,-560.0,-254.0
-195.0,61.0,222.0,-327.0,,171.0,-177.0,-533.0,98.0,-14.0
-299.0,66.0,173.0,-681.0,,398.0,-98.0,-256.0,-229.0,59.0
-363.0,-36.0,262.0,-896.0,,361.0,-247.0,-88.0,-193.0,-1.0
-345.0,-422.0,206.0,-793.0,,356.0,-358.0,99.0,-22.0,-72.0
-314.0,-478.0,181.0,-744.0,,321.0,-445.0,308.0,-376.0,-110.0
-363.0,-15.0,316.0,-875.0,,532.0,-582.0,343.0,128.0,-207.0
-363.0,620.0,207.0,-1083.0,,73.0,-552.0,567.0,-294.0,-363.0
-246.0,576.0,288.0,-1192.0,,280.0,-388.0,509.0,-230.0,-413.0
-174.0,821.0,266.0,-1010.0,,602.0,-415.0,504.0,-205.0,-569.0
-197.0,1528.0,239.0,-705.0,,735.0,-501.0,199.0,-378.0,-651.0
-240.0,1575.0,278.0,-480.0,,-55.0,-394.0,5.0,439.0,-608.0
-225.0,1381.0,188.0,-258.0,,-547.0,-192.0,53.0,566.0,-624.0
-197.0,1508.0,267.0,-83.0,,-41.0,-54.0,-84.0,481.0,-721.0
-155.0,2242.0,180.0,63.0,,681.0,49.0,33.0,98.0,-684.0
-187.0,2414.0,173.0,142.0,,1158.0,214.0,-25.0,0.0,-497.0
-184.0,2591.0,220.0,156.0,,-22.0,475.0,184.0,659.0,-405.0
-78.0,2713.0,189.0,79.0,,-274.0,691.0,437.0,190.0,-289.0
-2.0,2365.0,193.0,-153.0,,199.0,709.0,524.0,-224.0,-145.0
0.0,2620.0,206.0,-318.0,,1184.0,601.0,713.0,-321.0,79.0
3.0,2229.0,181.0,-400.0,,861.0,479.0,657.0,-847.0,311.0
28.0,1726.0,88.0,-485.0,,-246.0,418.0,694.0,-495.0,375.0
24.0,1289.0,128.0,-558.0,,-258.0,351.0,591.0,96.0,419.0
12.0,778.0,71.0,-588.0,,17.0,170.0,606.0,-446.0,533.0
-1.0,353.0,28.0,-553.0,,872.0,-61.0,618.0,-1016.0,505.0
58.0,-15.0,23.0,-483.0,,301.0,-63.0,376.0,-631.0,322.0
128.0,17.0,-39.0,-521.0,,-41.0,-27.0,297.0,-476.0,267.0
226.0,-813.0,-41.0,-572.0,,-140.0,-233.0,88.0,-181.0,250.0
288.0,-1172.0,-88.0,-475.0,,471.0,-317.0,157.0,-72.0,63.0
297.0,-570.0,-107.0,-250.0,,830.0,-266.0,190.0,-849.0,-37.0
353.0,-485.0,-104.0,-56.0,,320.0,-217.0,96.0,-1064.0,100.0
443.0,-504.0,-56.0,-4.0,,435.0,-265.0,236.0,-84.0,114.0
492.0,96.0,-58.0,117.0,,43.0,-385.0,173.0,402.0,55.0
461.0,704.0,-8.0,200.0,,434.0,-327.0,280.0,-22.0,167.0
455.0,749.0,44.0,119.0,,162.0,-180.0,356.0,442.0,361.0
492.0,933.0,-19.0,-30.0,,98.0,0.0,517.0,508.0,282.0
566.0,1043.0,68.0,-115.0,,95.0,135.0,772.0,524.0,233.0
526.0,1054.0,36.0,-157.0,,264.0,81.0,844.0,1014.0,493.0
450.0,1202.0,-5.0,-288.0,,877.0,-20.0,940.0,572.0,460.0
465.0,1427.0,11.0,-420.0,,340.0,55.0,846.0,223.0,426.0
537.0,1660.0,-48.0,-518.0,,179.0,223.0,849.0,189.0,477.0
508.0,1732.0,-63.0,-646.0,,2.0,336.0,674.0,247.0,407.0
394.0,1784.0,-88.0,-803.0,,682.0,344.0,587.0,319.0,333.0
342.0,1733.0,-96.0,-889.0,,820.0,215.0,546.0,-105.0,336.0
334.0,1428.0,-141.0,-970.0,,-59.0,123.0,378.0,-665.0,490.0
308.0,840.0,-129.0,-1013.0,,-410.0,-11.0,471.0,-351.0,460.0
160.0,772.0,-141.0,-899.0,,83.0,-221.0,345.0,-142.0,419.0
129.0,530.0,-123.0,-791.0,,784.0,-223.0,517.0,-227.0,547.0
109.0,159.0,-104.0,-696.0,,382.0,-78.0,711.0,18.0,800.0
92.0,261.0,-119.0,-567.0,,52.0,-34.0,781.0,-572.0,918.0
80.0,-393.0,-64.0,-342.0,,241.0,-101.0,940.0,-556.0,941.0
2.0,-282.0,-63.0,11.0,,699.0,34.0,803.0,402.0,1188.0
-33.0,-170.0,-44.0,271.0,,677.0,461.0,829.0,343.0,1366.0
-38.0,-735.0,7.0,430.0,,361.0,646.0,698.0,-297.0,1451.0
14.0,-450.0,12.0,483.0,,-93.0,406.0,659.0,-313.0,1534.0
-27.0,-151.0,0.0,408.0,,221.0,347.0,665.0,358.0,1606.0
-16.0,-66.0,85.0,261.0,,504.0,643.0,434.0,493.0,1599.0
8.0,59.0,74.0,72.0,,-28.0,733.0,404.0,227.0,1466.0
29.0,462.0,63.0,-200.0,,-251.0,648.0,218.0,7.0,1430.0
36.0,314.0,73.0,-419.0,,-373.0,743.0,168.0,-360.0,1381.0
40.0,289.0,15.0,-463.0,,421.0,587.0,131.0,125.0,1089.0
92.0,216.0,-23.0,-702.0,,611.0,274.0,73.0,439.0,876.0
81.0,-153.0,-127.0,-934.0,,454.0,369.0,184.0,-1.0,836.0
106.0,67.0,-119.0,-1093.0,,274.0,444.0,249.0,-226.0,611.0
34.0,30.0,-183.0,-1255.0,,283.0,313.0,617.0,-243.0,262.0
-31.0,348.0,-257.0,-1229.0,,832.0,210.0,716.0,-231.0,173.0
-73.0,844.0,-212.0,-1173.0,,663.0,164.0,753.0,286.0,96.0
-119.0,1375.0,-308.0,-971.0,,302.0,113.0,866.0,716.0,-235.0
-142.0,1643.0,-375.0,-588.0,,-269.0,-53.0,768.0,-25.0,-359.0
-197.0,1490.0,-305.0,-190.0,,164.0,-117.0,868.0,209.0,-454.0
-267.0,1225.0,-306.0,79.0,,539.0,-76.0,744.0,613.0,-703.0
-324.0,1303.0,-277.0,323.0,,319.0,170.0,593.0,196.0,-860.0
-324.0,1280.0,-180.0,648.0,,-66.0,501.0,469.0,403.0,-902.0
-395.0,564.0,-146.0,894.0,,-105.0,412.0,321.0,425.0,-1012.0
-498.0,845.0,-126.0,868.0,,353.0,409.0,234.0,270.0,-1212.0
-525.0,914.0,-69.0,587.0,,126.0,719.0,60.0,648.0,-1163.0
-501.0,581.0,-73.0,269.0,,-36.0,847.0,-5.0,874.0,-1020.0
-522.0,339.0,-82.0,7.0,,-62.0,791.0,-194.0,785.0,-943.0
-555.0,-205.0,-9.0,-68.0,,577.0,754.0,-84.0,619.0,-901.0
-509.0,-711.0,-76.0,-131.0,,235.0,763.0,105.0,217.0,-793.0
-412.0,-1202.0,-57.0,-211.0,,-221.0,626.0,234.0,1256.0,-651.0
-352.0,-1227.0,-67.0,-155.0,,-229.0,542.0,545.0,782.0,-542.0
-348.0,-1529.0,-58.0,-163.0,,-219.0,754.0,641.0,-762.0,-336.0
-271.0,-1728.0,29.0,-270.0,,271.0,880.0,790.0,263.0,-137.0
-87.0,-1805.0,14.0,-356.0,,-388.0,790.0,794.0,329.0,112.0
33.0,-1833.0,92.0,-314.0,,-313.0,696.0,739.0,-383.0,369.0
80.0,-1775.0,80.0,-105.0,,39.0,645.0,594.0,163.0,602.0
177.0,-2289.0,118.0,228.0,,573.0,453.0,347.0,81.0,801.0
295.0,-2419.0,136.0,608.0,,471.0,264.0,221.0,-835.0,974.0
399.0,-2483.0,129.0,939.0,,-365.0,330.0,44.0,401.0,1097.0
405.0,-2861.0,126.0,1004.0,,-150.0,279.0,175.0,282.0,1092.0
423.0,-3025.0,121.0,830.0,,-173.0,101.0,203.0,-503.0,1099.0
479.0,-2928.0,139.0,792.0,,-27.0,117.0,297.0,522.0,940.0
463.0,-2607.0,61.0,637.0,,-25.0,388.0,569.0,-174.0,669.0
432.0,-2450.0,84.0,311.0,,-47.0,661.0,572.0,480.0,471.0
375.0,-1974.0,109.0,166.0,,87.0,614.0,631.0,475.0,332.0
299.0,-1007.0,99.0,8.0,,321.0,596.0,515.0,155.0,165.0
143.0,-348.0,109.0,-143.0,,252.0,745.0,447.0,898.0,86.0
12.0,-101.0,179.0,-184.0,,-223.0,661.0,384.0,912.0,119.0
-87.0,304.0,227.0,-164.0,,-517.0,440.0,229.0,481.0,106.0
-231.0,779.0,252.0,-62.0,,-328.0,459.0,280.0,-265.0,267.0
-304.0,678.0,342.0,0.0,,287.0,472.0,267.0,736.0,336.0
-377.0,547.0,399.0,69.0,,446.0,226.0,362.0,302.0,276.0
-419.0,704.0,393.0,146.0,,52.0,12.0,402.0,-6.0,344.0
-403.0,812.0,383.0,103.0,,-433.0,13.0,384.0,-295.0,384.0
-359.0,441.0,354.0,-64.0,,258.0,221.0,367.0,-421.0,301.0
-317.0,232.0,312.0,-152.0,,586.0,352.0,323.0,520.0,294.0
-295.0,365.0,281.0,-7.0,,100.0,185.0,463.0,-46.0,296.0
-216.0,-184.0,282.0,114.0,,-386.0,113.0,406.0,-253.0,123.0
-148.0,-544.0,298.0,231.0,,-262.0,180.0,388.0,-964.0,69.0
-67.0,-692.0,241.0,308.0,,565.0,57.0,273.0,345.0,147.0
39.0,-950.0,263.0,322.0,,313.0,61.0,125.0,764.0,235.0
137.0,-1322.0,271.0,404.0,,-479.0,160.0,157.0,-436.0,201.0
190.0,-1948.0,245.0,297.0,,-823.0,163.0,51.0,-149.0,258.0
267.0,-2206.0,216.0,84.0,,-354.0,301.0,205.0,256.0,522.0
339.0,-1977.0,212.0,80.0,,-430.0,359.0,256.0,1111.0,584.0
384.0,-1965.0,225.0,178.0,,-903.0,367.0,314.0,99.0,579.0
454.0,-2320.0,144.0,344.0,,-1189.0,583.0,382.0,600.0,710.0
414.0,-2151.0,232.0,468.0,,-939.0,721.0,317.0,1033.0,662.0
419.0,-2234.0,222.0,238.0,,-566.0,734.0,469.0,689.0,431.0
444.0,-2496.0,171.0,-46.0,,-628.0,911.0,460.0,1181.0,379.0
472.0,-1939.0,308.0,-313.0,,-383.0,884.0,545.0,929.0,295.0
415.0,-1066.0,275.0,-576.0,,-264.0,570.0,552.0,1533.0,-57.0
338.0,-973.0,316.0,-667.0,,391.0,552.0,552.0,43.0,-353.0
384.0,-1038.0,365.0,-664.0,,220.0,638.0,535.0,-85.0,-389.0
348.0,-356.0,358.0,-538.0,,199.0,510.0,254.0,583.0,-535.0
315.0,-253.0,411.0,-408.0,,296.0,218.0,175.0,-174.0,-685.0
242.0,-234.0,441.0,-297.0,,75.0,-11.0,-33.0,-51.0,-669.0
222.0,-3.0,506.0,-250.0,,460.0,93.0,-138.0,-248.0,-746.0
194.0,151.0,523.0,-210.0,,473.0,79.0,-197.0,109.0,-780.0
130.0,131.0,581.0,-228.0,,561.0,-156.0,-173.0,-199.0,-778.0
40.0,-315.0,547.0,-396.0,,-104.0,-193.0,136.0,282.0,-744.0
-42.0,-310.0,583.0,-461.0,,33.0,-373.0,321.0,695.0,-875.0
12.0,-669.0,589.0,-316.0,,434.0,-613.0,672.0,-194.0,-976.0
36.0,-1229.0,581.0,-41.0,,490.0,-428.0,844.0,-136.0,-898.0
108.0,-946.0,583.0,102.0,,203.0,-274.0,923.0,241.0,-1051.0
197.0,-779.0,425.0,82.0,,-586.0,-468.0,921.0,201.0,-1203.0
344.0,-639.0,448.0,173.0,,-427.0,-480.0,650.0,180.0,-1205.0
453.0,-347.0,348.0,408.0,,-279.0,-328.0,480.0,432.0,-1254.0
502.0,-237.0,294.0,537.0,,-306.0,-380.0,168.0,239.0,-1332.0
549.0,316.0,353.0,529.0,,-546.0,-176.0,75.0,248.0,-1237.0
556.0,228.0,256.0,626.0,,-41.0,180.0,46.0,25.0,-1145.0
567.0,-313.0,224.0,801.0,,235.0,249.0,11.0,485.0,-1061.0
584.0,-604.0,217.0,840.0,,-138.0,385.0,125.0,548.0,-920.0
686.0,-967.0,204.0,919.0,,-652.0,701.0,160.0,-575.0,-819.0
746.0,-672.0,290.0,1020.0,,-692.0,772.0,463.0,-209.0,-684.0
795.0,-529.0,316.0,971.0,,107.0,520.0,618.0,274.0,-746.0
792.0,-374.0,296.0,986.0,,130.0,400.0,772.0,-195.0,-821.0
824.0,-362.0,384.0,902.0,,-424.0,537.0,940.0,-491.0,-849.0
815.0,-320.0,365.0,680.0,,-820.0,620.0,848.0,-218.0,-964.0
749.0,-322.0,364.0,506.0,,-157.0,453.0,855.0,-403.0,-1072.0
718.0,-808.0,388.0,224.0,,287.0,272.0,635.0,-303.0,-1166.0
656.0,-690.0,327.0,-72.0,,279.0,219.0,341.0,-35.0,-1011.0
654.0,-641.0,264.0,-176.0,,-229.0,46.0,-66.0,-244.0,-861.0
582.0,-407.0,269.0,-118.0,,-624.0,-230.0,-404.0,-178.0,-863.0
517.0,-514.0,217.0,34.0,,-343.0,-558.0,-563.0,-1054.0,-639.0
452.0,-577.0,153.0,244.0,,-250.0,-724.0,-770.0,-1296.0,-263.0
407.0,-40.0,132.0,385.0,,-186.0,-490.0,-646.0,-422.0,-112.0
300.0,40.0,47.0,390.0,,-474.0,-331.0,-582.0,-952.0,-32.0
199.0,-221.0,37.0,256.0,,-133.0,-481.0,-339.0,-888.0,256.0
230.0,-312.0,-55.0,103.0,,-112.0,-409.0,-86.0,35.0,313.0
246.0,-83.0,-73.0,38.0,,-39.0,-57.0,-96.0,-504.0,179.0
298.0,-499.0,-101.0,112.0,,-210.0,128.0,38.0,-670.0,270.0
289.0,-592.0,-189.0,191.0,,-278.0,180.0,-7.0,-150.0,200.0
272.0,-389.0,-132.0,50.0,,352.0,148.0,36.0,0.0,-118.0
307.0,-267.0,-176.0,-240.0,,386.0,-171.0,-12.0,170.0,-199.0
323.0,-652.0,-174.0,-342.0,,295.0,-467.0,-188.0,-302.0,-98.0
235.0,-614.0,-79.0,-30.0,,-438.0,-261.0,-432.0,120.0,-157.0
156.0,289.0,-67.0,326.0,,-229.0,12.0,-727.0,997.0,-301.0
141.0,-367.0,-29.0,540.0,,424.0,-219.0,-685.0,201.0,-205.0
94.0,-419.0,48.0,611.0,,883.0,-381.0,-742.0,480.0,-91.0
33.0,276.0,52.0,557.0,,366.0,-236.0,-559.0,1129.0,-171.0
-27.0,675.0,118.0,487.0,,-534.0,-193.0,-330.0,880.0,-72.0
-18.0,441.0,196.0,545.0,,-179.0,33.0,-243.0,843.0,-4.0
-31.0,-204.0,194.0,652.0,,275.0,397.0,-3.0,497.0,-126.0
-15.0,103.0,197.0,474.0,,478.0,265.0,57.0,322.0,-179.0
-39.0,-150.0,252.0,333.0,,-404.0,-121.0,194.0,322.0,-124.0
-37.0,-366.0,290.0,302.0,,-609.0,-134.0,157.0,180.0,-151.0
17.0,-85.0,264.0,342.0,,-513.0,-13.0,127.0,50.0,-357.0
3.0,544.0,299.0,463.0,,-252.0,-18.0,59.0,-38.0,-383.0
66.0,268.0,275.0,414.0,,-229.0,-61.0,-188.0,-256.0,-264.0
126.0,-377.0,202.0,375.0,,-588.0,-296.0,-267.0,582.0,-105.0
202.0,683.0,193.0,459.0,,-197.0,-650.0,-522.0,440.0,61.0
259.0,723.0,199.0,580.0,,-93.0,-919.0,-596.0,-379.0,179.0
357.0,97.0,156.0,677.0,,165.0,-930.0,-689.0,148.0,410.0
402.0,401.0,120.0,681.0,,-386.0,-902.0,-748.0,271.0,579.0
369.0,729.0,181.0,545.0,,-398.0,-1160.0,-644.0,853.0,709.0
428.0,889.0,189.0,238.0,,-203.0,-1173.0,-707.0,67.0,703.0
479.0,504.0,226.0,-55.0,,-18.0,-950.0,-554.0,-784.0,646.0
520.0,645.0,356.0,-53.0,,150.0,-810.0,-570.0,426.0,576.0
383.0,1553.0,334.0,-3.0,,-221.0,-529.0,-552.0,247.0,468.0
316.0,1698.0,337.0,92.0,,-79.0,-315.0,-524.0,-578.0,513.0
298.0,1695.0,391.0,321.0,,-571.0,-168.0,-561.0,280.0,292.0
198.0,1915.0,291.0,261.0,,-650.0,-51.0,-321.0,561.0,97.0
68.0,1442.0,290.0,99.0,,-801.0,-215.0,-206.0,-232.0,57.0
-152.0,816.0,265.0,-27.0,,-723.0,-396.0,68.0,35.0,9.0
-262.0,1054.0,197.0,-87.0,,-711.0,-266.0,179.0,-18.0,-218.0
-346.0,983.0,174.0,82.0,,-972.0,-66.0,116.0,-100.0,-499.0
-450.0,-98.0,119.0,301.0,,-1026.0,-237.0,48.0,175.0,-493.0
-608.0,-260.0,99.0,325.0,,-1221.0,-592.0,-247.0,165.0,-654.0
-681.0,-150.0,19.0,104.0,,-816.0,-682.0,-395.0,186.0,-830.0
-677.0,-766.0,-10.0,-78.0,,-901.0,-719.0,-733.0,-11.0,-871.0
-726.0,-1226.0,-57.0,-55.0,,-1001.0,-932.0,-907.0,6.0,-860.0
-719.0,-1480.0,-91.0,48.0,,-1061.0,-970.0,-914.0,324.0,-943.0
-698.0,-1134.0,-72.0,72.0,,-547.0,-755.0,-881.0,622.0,-899.0
-641.0,-646.0,-75.0,22.0,,-252.0,-643.0,-589.0,76.0,-642.0
-546.0,-428.0,-75.0,-91.0,,-411.0,-591.0,-519.0,-41.0,-606.0
-433.0,190.0,-42.0,-231.0,,-596.0,-708.0,-439.0,423.0,-557.0
-326.0,760.0,-45.0,-353.0,,-802.0,-967.0,-578.0,504.0,-309.0
-249.0,1287.0,-96.0,-492.0,,-381.0,-833.0,-711.0,443.0,-136.0
-156.0,1986.0,-124.0,-539.0,,-454.0,-666.0,-757.0,105.0,-146.0
-108.0,1751.0,-244.0,-467.0,,-338.0,-450.0,-934.0,363.0,5.0
-96.0,1455.0,-235.0,-317.0,,-688.0,-129.0,-855.0,343.0,97.0
-59.0,1761.0,-309.0,-98.0,,-686.0,-127.0,-964.0,-12.0,38.0
-66.0,1806.0,-428.0,100.0,,-599.0,-35.0,-1014.0,-228.0,64.0
-51.0,1742.0,-421.0,161.0,,-746.0,-193.0,-1116.0,175.0,39.0
-63.0,1383.0,-523.0,147.0,,-729.0,-349.0,-1210.0,698.0,-45.0
-106.0,825.0,-566.0,207.0,,-976.0,2.0,-1156.0,-77.0,-103.0
-183.0,413.0,-591.0,437.0,,-593.0,49.0,-1273.0,-498.0,-138.0
-275.0,111.0,-522.0,675.0,,-803.0,-117.0,-1106.0,-489.0,-232.0
-290.0,-480.0,-477.0,615.0,,-776.0,-119.0,-1066.0,-57.0,-254.0
-337.0,-1039.0,-431.0,565.0,,-987.0,-209.0,-938.0,63.0,-179.0
-382.0,-1031.0,-322.0,603.0,,-1007.0,-484.0,-733.0,-518.0,-11.0
-465.0,-616.0,-287.0,666.0,,-716.0,-697.0,-683.0,-499.0,80.0
-469.0,-286.0,-227.0,682.0,,-388.0,-939.0,-384.0,-597.0,83.0
-481.0,35.0,-164.0,368.0,,18.0,-1187.0,-230.0,-555.0,187.0
-552.0,641.0,-72.0,132.0,,-455.0,-1182.0,-53.0,-246.0,355.0
-590.0,913.0,-56.0,-61.0,,-230.0,-1100.0,-86.0,-359.0,523.0
-582.0,1158.0,47.0,-246.0,,11.0,-1180.0,-332.0,-732.0,400.0
-539.0,1257.0,56.0,-287.0,,309.0,-1506.0,-484.0,-730.0,323.0
-614.0,1395.0,5.0,-296.0,,-374.0,-1307.0,-593.0,-667.0,472.0
-604.0,1410.0,-2.0,-311.0,,-1028.0,-673.0,-504.0,-584.0,438.0
-544.0,1314.0,-115.0,-498.0,,-830.0,-431.0,-593.0,-256.0,306.0
-438.0,1303.0,-160.0,-567.0,,-758.0,-196.0,-663.0,-492.0,317.0
-427.0,831.0,-280.0,-588.0,,-524.0,238.0,-753.0,-504.0,430.0
-442.0,820.0,-382.0,-671.0,,-956.0,532.0,-788.0,-209.0,299.0
-356.0,659.0,-540.0,-588.0,,-739.0,594.0,-672.0,-73.0,328.0
-356.0,216.0,-662.0,-415.0,,-690.0,794.0,-783.0,216.0,582.0
-328.0,405.0,-749.0,-284.0,,-430.0,1061.0,-737.0,192.0,383.0
-396.0,593.0,-856.0,-144.0,,-578.0,883.0,-752.0,377.0,152.0
-427.0,436.0,-872.0,131.0,,-853.0,578.0,-700.0,513.0,340.0
-446.0,500.0,-948.0,318.0,,-492.0,467.0,-598.0,383.0,353.0
-511.0,603.0,-981.0,328.0,,-391.0,77.0,-678.0,830.0,33.0
-584.0,479.0,-977.0,301.0,,17.0,-330.0,-641.0,1380.0,-19.0
-667.0,210.0,-931.0,224.0,,-436.0,-152.0,-698.0,1051.0,34.0
-673.0,144.0,-895.0,295.0,,-340.0,-84.0,-511.0,690.0,-59.0
-688.0,450.0,-860.0,377.0,,-349.0,-513.0,-399.0,861.0,-134.0
-645.0,607.0,-778.0,249.0,,-192.0,-682.0,-330.0,307.0,-45.0
-599.0,859.0,-682.0,114.0,,-20.0,-369.0,-175.0,324.0,115.0
-519.0,1111.0,-584.0,44.0,,-352.0,-158.0,-389.0,533.0,88.0
-414.0,1754.0,-500.0,70.0,,-319.0,-208.0,-524.0,306.0,160.0
-294.0,2226.0,-407.0,114.0,,-523.0,-110.0,-781.0,741.0,461.0
-147.0,1908.0,-344.0,150.0,,-150.0,129.0,-973.0,343.0,611.0
-59.0,1570.0,-262.0,-3.0,,-390.0,159.0,-1079.0,-269.0,649.0
-14.0,1649.0,-232.0,-340.0,,-298.0,158.0,-1206.0,41.0,853.0
37.0,2014.0,-215.0,-520.0,,-342.0,342.0,-1045.0,119.0,920.0
126.0,1445.0,-175.0,-672.0,,-316.0,324.0,-888.0,-517.0,933.0
167.0,845.0,-215.0,-868.0,,-90.0,150.0,-611.0,-669.0,995.0
177.0,914.0,-200.0,-848.0,,-237.0,26.0,-511.0,-653.0,973.0
174.0,293.0,-170.0,-725.0,,69.0,-155.0,-423.0,-731.0,884.0
180.0,-397.0,-149.0,-682.0,,0.0,-214.0,-262.0,-448.0,669.0
186.0,-326.0,-151.0,-541.0,,204.0,-130.0,-384.0,-464.0,619.0
193.0,-551.0,-174.0,-532.0,,-164.0,-152.0,-476.0,-250.0,512.0
200.0,-815.0,-158.0,-539.0,,-134.0,-280.0,-729.0,-596.0,309.0
205.0,-448.0,-229.0,-324.0,,18.0,-157.0,-840.0,-696.0,164.0
213.0,-134.0,-214.0,-94.0,,431.0,78.0,-833.0,44.0,164.0
171.0,-389.0,-172.0,51.0,,573.0,28.0,-870.0,320.0,248.0
131.0,-383.0,-238.0,87.0,,-125.0,-21.0,-790.0,388.0,190.0
108.0,277.0,-192.0,162.0,,-175.0,221.0,-925.0,450.0,270.0
107.0,169.0,-173.0,228.0,,-263.0,572.0,-894.0,954.0,354.0
43.0,109.0,-200.0,257.0,,154.0,596.0,-868.0,794.0,451.0
-81.0,91.0,-158.0,86.0,,-299.0,439.0,-803.0,690.0,651.0
-148.0,420.0,-123.0,-181.0,,-560.0,590.0,-607.0,1224.0,963.0
-166.0,897.0,-121.0,-346.0,,-619.0,674.0,-602.0,1162.0,1142.0
-192.0,300.0,-51.0,-495.0,,-416.0,434.0,-434.0,718.0,1191.0
-217.0,518.0,25.0,-431.0,,-80.0,405.0,-380.0,184.0,1521.0
-149.0,334.0,40.0,-262.0,,-520.0,373.0,-339.0,249.0,1691.0
-57.0,-168.0,142.0,-79.0,,-590.0,17.0,-352.0,563.0,1798.0
0.0,-153.0,147.0,67.0,,-551.0,-241.0,-500.0,307.0,1854.0
53.0,41.0,171.0,218.0,,421.0,-118.0,-591.0,-485.0,1761.0
145.0,149.0,229.0,490.0,,606.0,288.0,-816.0,-196.0,1829.0
246.0,-156.0,161.0,695.0,,742.0,412.0,-835.0,147.0,1765.0
344.0,320.0,218.0,771.0,,439.0,193.0,-901.0,-502.0,1664.0
476.0,461.0,228.0,650.0,,94.0,11.0,-840.0,-675.0,1514.0
579.0,541.0,164.0,527.0,,522.0,140.0,-694.0,-723.0,1275.0
679.0,855.0,158.0,517.0,,652.0,397.0,-687.0,-449.0,1112.0
730.0,886.0,97.0,418.0,,837.0,515.0,-443.0,-826.0,994.0
753.0,-36.0,87.0,329.0,,162.0,637.0,-376.0,-1143.0,722.0
783.0,-658.0,109.0,335.0,,84.0,497.0,-179.0,-712.0,328.0
778.0,-166.0,57.0,368.0,,-292.0,291.0,0.0,-707.0,198.0
743.0,-422.0,106.0,349.0,,11.0,336.0,12.0,-272.0,-34.0
692.0,-437.0,111.0,122.0,,280.0,363.0,-11.0,-263.0,-302.0
681.0,-460.0,120.0,-65.0,,87.0,227.0,-327.0,-464.0,-390.0
598.0,-43.0,195.0,70.0,,121.0,40.0,-522.0,-186.0,-576.0
497.0,366.0,145.0,79.0,,-266.0,-90.0,-896.0,-143.0,-785.0
437.0,302.0,194.0,-6.0,,9.0,-77.0,-1263.0,-51.0,-857.0
315.0,862.0,155.0,149.0,,-18.0,54.0,-1461.0,358.0,-932.0
193.0,967.0,119.0,203.0,,454.0,90.0,-1396.0,867.0,-1123.0
65.0,846.0,142.0,234.0,,258.0,214.0,-910.0,406.0,-1302.0
-41.0,1052.0,112.0,307.0,,466.0,234.0,-654.0,175.0,-1370.0
-132.0,1175.0,110.0,287.0,,609.0,236.0,-430.0,685.0,-1338.0
-180.0,706.0,82.0,307.0,,558.0,603.0,-345.0,669.0,-1440.0
-201.0,199.0,92.0,217.0,,748.0,957.0,-299.0,901.0,-1453.0
-227.0,-446.0,14.0,27.0,,91.0,1034.0,-166.0,518.0,-1357.0
-191.0,-727.0,58.0,-143.0,,76.0,843.0,-99.0,85.0,-1272.0
-182.0,-691.0,43.0,-292.0,,-159.0,501.0,27.0,610.0,-1253.0
-164.0,-850.0,17.0,-363.0,,321.0,315.0,5.0,688.0,-1238.0
-157.0,-490.0,89.0,-275.0,,217.0,629.0,208.0,640.0,-1094.0
-114.0,-453.0,79.0,-269.0,,33.0,709.0,249.0,461.0,-1004.0
-29.0,-256.0,113.0,-335.0,,-139.0,217.0,129.0,242.0,-846.0
38.0,29.0,140.0,-338.0,,-43.0,11.0,195.0,206.0,-700.0
151.0,192.0,212.0,-408.0,,640.0,194.0,40.0,185.0,-636.0
187.0,670.0,171.0,-416.0,,630.0,160.0,36.0,161.0,-513.0
208.0,1019.0,244.0,-424.0,,614.0,-171.0,84.0,132.0,-315.0
213.0,1274.0,249.0,-447.0,,89.0,-119.0,88.0,69.0,-287.0
224.0,965.0,184.0,-539.0,,399.0,53.0,-103.0,-9.0,-249.0
176.0,357.0,276.0,-659.0,,4.0,-46.0,-371.0,471.0,-163.0
129.0,280.0,234.0,-699.0,,50.0,48.0,-323.0,146.0,-68.0
192.0,548.0,259.0,-683.0,,61.0,493.0,-352.0,-255.0,207.0
172.0,353.0,317.0,-489.0,,-315.0,679.0,-303.0,240.0,221.0
159.0,-208.0,384.0,-324.0,,-165.0,489.0,-367.0,295.0,220.0
177.0,-585.0,406.0,-356.0,,-438.0,500.0,-515.0,187.0,391.0
195.0,-828.0,458.0,-444.0,,-52.0,603.0,-509.0,-237.0,498.0
172.0,-876.0,514.0,-524.0,,-112.0,758.0,-430.0,-480.0,533.0
120.0,-725.0,525.0,-553.0,,79.0,729.0,-92.0,-285.0,484.0
75.0,-837.0,641.0,-422.0,,-221.0,502.0,129.0,-130.0,386.0
3.0,-1127.0,735.0,-360.0,,-15.0,449.0,452.0,-205.0,355.0
-66.0,-918.0,811.0,-336.0,,130.0,407.0,742.0,-131.0,402.0
-122.0,-305.0,861.0,-162.0,,79.0,536.0,733.0,214.0,361.0
-235.0,-54.0,959.0,-44.0,,342.0,509.0,639.0,-31.0,205.0
-314.0,-205.0,988.0,-133.0,,133.0,-8.0,288.0,-324.0,-36.0
-297.0,174.0,1020.0,-345.0,,25.0,-222.0,27.0,-51.0,-11.0
-328.0,210.0,1045.0,-307.0,,-425.0,-9.0,-242.0,170.0,23.0
-293.0,-428.0,1006.0,-195.0,,149.0,-116.0,-315.0,-254.0,-234.0
-235.0,-383.0,1041.0,-197.0,,62.0,-532.0,-129.0,-213.0,-465.0
-195.0,-123.0,966.0,-169.0,,-83.0,-579.0,1.0,67.0,-572.0
-147.0,153.0,935.0,-261.0,,-342.0,-107.0,365.0,142.0,-577.0
-68.0,394.0,894.0,-455.0,,-164.0,123.0,626.0,131.0,-678.0
-33.0,219.0,850.0,-688.0,,440.0,-71.0,861.0,-223.0,-820.0
-58.0,-157.0,817.0,-835.0,,383.0,-143.0,997.0,-55.0,-898.0
29.0,-367.0,708.0,-868.0,,348.0,-227.0,910.0,141.0,-933.0
83.0,-226.0,663.0,-981.0,,-179.0,-158.0,766.0,366.0,-847.0
68.0,-136.0,571.0,-1013.0,,135.0,330.0,498.0,267.0,-753.0
49.0,-290.0,606.0,-879.0,,235.0,458.0,415.0,86.0,-893.0
64.0,-336.0,636.0,-817.0,,406.0,153.0,238.0,-56.0,-948.0
86.0,-33.0,648.0,-740.0,,3.0,151.0,155.0,5.0,-920.0
96.0,-261.0,725.0,-614.0,,-79.0,467.0,157.0,472.0,-1026.0
141.0,-736.0,741.0,-522.0,,226.0,682.0,103.0,-420.0,-1028.0
184.0,-1088.0,819.0,-450.0,,181.0,559.0,304.0,-564.0,-1135.0
236.0,-1623.0,849.0,-360.0,,127.0,388.0,415.0,-310.0,-1266.0
294.0,-1388.0,952.0,-221.0,,-198.0,402.0,729.0,-581.0,-1330.0
277.0,-1436.0,1029.0,-96.0,,108.0,464.0,982.0,-567.0,-1285.0
251.0,-1685.0,1072.0,-32.0,,4.0,473.0,988.0,-948.0,-1239.0
251.0,-1267.0,1168.0,-11.0,,336.0,323.0,879.0,-931.0,-1394.0
240.0,-1475.0,1170.0,175.0,,-40.0,150.0,430.0,-1063.0,-1429.0
212.0,-1054.0,1178.0,268.0,,-6.0,90.0,105.0,-1056.0,-1377.0
188.0,-703.0,1147.0,128.0,,352.0,56.0,-195.0,-802.0,-1446.0
245.0,-1280.0,1077.0,-26.0,,300.0,69.0,-273.0,-578.0,-1534.0
250.0,-1032.0,1027.0,-169.0,,177.0,51.0,-112.0,-1212.0,-1511.0
280.0,-495.0,880.0,-306.0,,-198.0,-70.0,118.0,-827.0,-1546.0
319.0,-352.0,765.0,-451.0,,79.0,-138.0,545.0,317.0,-1577.0
377.0,-615.0,764.0,-193.0,,156.0,-73.0,772.0,128.0,-1546.0
387.0,-216.0,620.0,145.0,,619.0,52.0,1114.0,528.0,-1522.0
371.0,240.0,586.0,216.0,,165.0,23.0,1365.0,-258.0,-1549.0
384.0,17.0,611.0,273.0,,156.0,-309.0,1437.0,-2.0,-1466.0
216.0,-339.0,560.0,304.0,,184.0,-670.0,1424.0,486.0,-1244.0
156.0,-302.0,642.0,429.0,,272.0,-634.0,1104.0,-127.0,-1314.0
85.0,24.0,681.0,553.0,,413.0,-296.0,787.0,261.0,-1297.0
43.0,-352.0,732.0,671.0,,-14.0,-100.0,245.0,-379.0,-1198.0
30.0,-234.0,836.0,629.0,,167.0,-202.0,-140.0,-5.0,-1258.0
0.0,-235.0,927.0,491.0,,-121.0,-310.0,-299.0,597.0,-1291.0
58.0,-555.0,1022.0,350.0,,173.0,-154.0,-303.0,639.0,-1490.0
70.0,-246.0,1084.0,19.0,,-27.0,-68.0,-42.0,655.0,-1547.0
177.0,237.0,1144.0,-202.0,,106.0,-185.0,114.0,305.0,-1391.0
177.0,119.0,1247.0,-358.0,,204.0,-226.0,563.0,625.0,-1403.0
240.0,-227.0,1282.0,-588.0,,398.0,-208.0,918.0,752.0,-1524.0
350.0,-176.0,1314.0,-689.0,,486.0,-79.0,1145.0,608.0,-1481.0
379.0,-735.0,1366.0,-602.0,,250.0,27.0,1310.0,383.0,-1326.0
447.0,-243.0,1293.0,-516.0,,408.0,-74.0,1182.0,363.0,-1238.0
502.0,197.0,1274.0,-441.0,,-91.0,-77.0,1191.0,541.0,-1018.0
588.0,-539.0,1276.0,-316.0,,404.0,15.0,1019.0,747.0,-885.0
573.0,-256.0,1178.0,-235.0,,431.0,55.0,883.0,708.0,-902.0
630.0,-75.0,1091.0,-225.0,,659.0,-94.0,722.0,437.0,-656.0
648.0,-263.0,1023.0,-252.0,,469.0,-210.0,611.0,95.0,-323.0
592.0,-885.0,934.0,-178.0,,217.0,53.0,678.0,-251.0,-323.0
572.0,-1387.0,870.0,-164.0,,239.0,-32.0,413.0,-223.0,-485.0
534.0,-1363.0,799.0,-242.0,,-22.0,-311.0,334.0,-342.0,-316.0
531.0,-1964.0,724.0,-157.0,,49.0,-266.0,247.0,-478.0,-164.0
438.0,-1720.0,640.0,-29.0,,-243.0,-269.0,190.0,-642.0,-261.0
452.0,-1489.0,521.0,22.0,,368.0,-137.0,299.0,-934.0,-193.0
460.0,-1489.0,467.0,-84.0,,233.0,-28.0,428.0,-885.0,-97.0
376.0,-966.0,380.0,-360.0,,125.0,-93.0,642.0,-968.0,-145.0
318.0,-698.0,378.0,-406.0,,-35.0,-56.0,578.0,-1181.0,-94.0
199.0,418.0,352.0,-349.0,,125.0,4.0,657.0,-671.0,96.0
87.0,838.0,291.0,-512.0,,252.0,-99.0,691.0,-138.0,78.0
-16.0,587.0,370.0,-666.0,,242.0,-311.0,776.0,-243.0,-31.0
-37.0,831.0,385.0,-693.0,,477.0,-332.0,1025.0,288.0,156.0
-142.0,718.0,459.0,-678.0,,91.0,-462.0,973.0,640.0,372.0
-257.0,625.0,532.0,-665.0,,369.0,-840.0,951.0,141.0,381.0
-254.0,545.0,577.0,-480.0,,98.0,-842.0,820.0,98.0,453.0
-309.0,961.0,653.0,-221.0,,425.0,-453.0,777.0,170.0,573.0
-353.0,1229.0,786.0,0.0,,298.0,-522.0,598.0,156.0,632.0
-358.0,998.0,881.0,342.0,,186.0,-1065.0,195.0,175.0,737.0
-339.0,1238.0,945.0,571.0,,28.0,-853.0,-116.0,580.0,637.0
-330.0,1331.0,999.0,636.0,,-60.0,-268.0,-569.0,725.0,432.0
-267.0,1040.0,1000.0,731.0,,407.0,-321.0,-781.0,325.0,415.0
-218.0,849.0,1014.0,931.0,,227.0,-500.0,-877.0,661.0,387.0
-158.0,859.0,915.0,1121.0,,323.0,-398.0,-783.0,909.0,265.0
-60.0,590.0,887.0,1137.0,,-133.0,15.0,-567.0,507.0,198.0
1.0,269.0,793.0,960.0,,415.0,183.0,-376.0,213.0,120.0
30.0,46.0,686.0,712.0,,479.0,-171.0,77.0,470.0,65.0
21.0,-264.0,621.0,565.0,,471.0,-302.0,461.0,713.0,182.0
100.0,-270.0,518.0,335.0,,223.0,-208.0,966.0,391.0,220.0
134.0,-327.0,500.0,-11.0,,127.0,-293.0,1291.0,258.0,174.0
166.0,26.0,409.0,-254.0,,427.0,-369.0,1343.0,190.0,185.0
246.0,33.0,376.0,-204.0,,-59.0,-363.0,1328.0,1.0,181.0
286.0,-258.0,323.0,-84.0,,37.0,-292.0,964.0,324.0,171.0
310.0,-128.0,267.0,-136.0,,-467.0,-265.0,598.0,567.0,214.0
330.0,-331.0,273.0,-158.0,,-83.0,-462.0,129.0,240.0,219.0
374.0,-773.0,249.0,-255.0,,-165.0,-473.0,-177.0,102.0,12.0
391.0,-1195.0,259.0,-415.0,,-96.0,-231.0,-229.0,538.0,-117.0
402.0,-704.0,286.0,-438.0,,-306.0,-132.0,-201.0,567.0,-14.0
426.0,-567.0,224.0,-273.0,,-439.0,-81.0,12.0,282.0,-55.0
425.0,-561.0,145.0,-10.0,,82.0,37.0,68.0,-219.0,-222.0
395.0,-195.0,160.0,138.0,,102.0,51.0,297.0,-867.0,-144.0
400.0,-147.0,68.0,72.0,,628.0,179.0,373.0,-321.0,35.0
375.0,175.0,-2.0,17.0,,133.0,310.0,236.0,-292.0,-1.0
373.0,463.0,23.0,55.0,,194.0,57.0,169.0,-909.0,111.0
384.0,852.0,-50.0,93.0,,-255.0,-15.0,14.0,-987.0,392.0
363.0,898.0,-144.0,304.0,,-127.0,89.0,168.0,-839.0,336.0
353.0,1039.0,-165.0,487.0,,-70.0,7.0,219.0,-471.0,360.0
328.0,1352.0,-215.0,711.0,,-347.0,-104.0,297.0,-264.0,500.0
337.0,1277.0,-236.0,993.0,,-204.0,-198.0,306.0,-102.0,431.0
255.0,1039.0,-213.0,1153.0,,-351.0,-71.0,155.0,-721.0,327.0
173.0,1129.0,-251.0,1299.0,,176.0,70.0,243.0,-1036.0,318.0
136.0,957.0,-257.0,1230.0,,-52.0,-32.0,157.0,-464.0,270.0
52.0,513.0,-271.0,1024.0,,233.0,-40.0,232.0,-206.0,70.0
-4.0,333.0,-259.0,718.0,,-89.0,50.0,223.0,-138.0,31.0
-27.0,32.0,-249.0,411.0,,2.0,10.0,190.0,-26.0,-78.0
-16.0,7.0,-283.0,267.0,,-185.0,63.0,295.0,130.0,-92.0
-27.0,-198.0,-282.0,124.0,,-253.0,198.0,376.0,53.0,62.0
17.0,-41.0,-288.0,174.0,,-65.0,171.0,753.0,18.0,80.0
89.0,-163.0,-340.0,287.0,,-533.0,28.0,848.0,113.0,183.0
65.0,-420.0,-367.0,238.0,,-252.0,-88.0,803.0,96.0,419.0
154.0,-288.0,-342.0,339.0,,-549.0,-118.0,600.0,-37.0,764.0
215.0,-288.0,-371.0,589.0,,-131.0,-174.0,251.0,33.0,850.0
143.0,-259.0,-330.0,693.0,,-344.0,-169.0,20.0,262.0,882.0
156.0,-715.0,-294.0,629.0,,-197.0,-193.0,-260.0,76.0,958.0
192.0,-423.0,-304.0,512.0,,-596.0,-185.0,-242.0,-136.0,872.0
223.0,-354.0,-312.0,331.0,,-834.0,73.0,-291.0,-29.0,871.0
247.0,-460.0,-348.0,229.0,,-438.0,197.0,-194.0,-158.0,862.0
254.0,-45.0,-344.0,361.0,,-369.0,190.0,116.0,221.0,758.0
171.0,-353.0,-380.0,662.0,,198.0,224.0,391.0,377.0,681.0
112.0,-723.0,-398.0,855.0,,-445.0,324.0,766.0,-320.0,766.0
77.0,-537.0,-427.0,860.0,,-351.0,445.0,861.0,-158.0,766.0
-22.0,-257.0,-478.0,826.0,,-683.0,278.0,901.0,-175.0,727.0
-68.0,-280.0,-497.0,641.0,,-212.0,20.0,685.0,-48.0,871.0
-101.0,3.0,-465.0,396.0,,111.0,-61.0,445.0,3.0,900.0
-128.0,279.0,-490.0,352.0,,-50.0,-70.0,460.0,-446.0,868.0
-191.0,746.0,-513.0,525.0,,-156.0,-112.0,347.0,-625.0,990.0
-169.0,1049.0,-466.0,687.0,,-334.0,-66.0,371.0,-683.0,1002.0
-183.0,949.0,-503.0,749.0,,125.0,48.0,229.0,43.0,782.0
-282.0,903.0,-446.0,703.0,,-691.0,104.0,86.0,-83.0,763.0
-275.0,877.0,-389.0,522.0,,-836.0,258.0,-75.0,-445.0,782.0
-295.0,829.0,-381.0,364.0,,-1115.0,422.0,-327.0,-352.0,524.0
-357.0,207.0,-355.0,311.0,,-398.0,511.0,-339.0,77.0,287.0
-395.0,78.0,-348.0,355.0,,-134.0,588.0,-424.0,321.0,219.0
-370.0,-17.0,-399.0,434.0,,-331.0,623.0,-225.0,-52.0,190.0
-405.0,-140.0,-389.0,387.0,,-422.0,699.0,-88.0,96.0,152.0
-452.0,-107.0,-358.0,262.0,,-536.0,697.0,-9.0,-111.0,237.0
-382.0,-401.0,-376.0,298.0,,162.0,416.0,214.0,-212.0,187.0
-370.0,-451.0,-314.0,372.0,,-374.0,157.0,334.0,-55.0,187.0
-389.0,-238.0,-301.0,342.0,,-559.0,73.0,622.0,593.0,476.0
-306.0,170.0,-217.0,371.0,,-913.0,7.0,624.0,674.0,741.0
-225.0,-164.0,-274.0,400.0,,-279.0,-74.0,622.0,251.0,876.0
-163.0,-515.0,-292.0,389.0,,-145.0,-138.0,500.0,524.0,971.0
-66.0,-271.0,-237.0,440.0,,-292.0,77.0,116.0,348.0,1255.0
-14.0,-20.0,-312.0,423.0,,-298.0,349.0,-147.0,249.0,1401.0
41.0,10.0,-281.0,385.0,,-372.0,368.0,-448.0,121.0,1488.0
167.0,-142.0,-242.0,389.0,,177.0,360.0,-509.0,55.0,1621.0
222.0,-42.0,-205.0,235.0,,-150.0,368.0,-546.0,217.0,1555.0
236.0,-149.0,-214.0,27.0,,-244.0,342.0,-314.0,119.0,1594.0
301.0,-642.0,-137.0,71.0,,-608.0,447.0,27.0,-45.0,1784.0
331.0,-944.0,-134.0,309.0,,2.0,741.0,253.0,-128.0,1915.0
309.0,-895.0,-171.0,585.0,,102.0,904.0,639.0,-118.0,1767.0
226.0,-945.0,-121.0,762.0,,56.0,917.0,739.0,162.0,1727.0
97.0,-732.0,-184.0,789.0,,-321.0,831.0,838.0,272.0,1806.0
-39.0,-238.0,-215.0,872.0,,-445.0,683.0,837.0,235.0,1707.0
-168.0,-185.0,-164.0,1033.0,,290.0,605.0,768.0,310.0,1643.0
-379.0,-282.0,-211.0,1227.0,,288.0,364.0,648.0,192.0,1596.0
-570.0,-320.0,-199.0,1127.0,,284.0,190.0,303.0,447.0,1508.0
-677.0,-173.0,-191.0,815.0,,-521.0,284.0,188.0,416.0,1329.0
-792.0,-229.0,-301.0,629.0,,-35.0,353.0,-90.0,277.0,1232.0
-879.0,-715.0,-246.0,501.0,,47.0,252.0,-279.0,513.0,1073.0
-1036.0,-301.0,-286.0,480.0,,-185.0,101.0,-288.0,171.0,882.0
-1113.0,31.0,-253.0,364.0,,-410.0,137.0,-284.0,-264.0,758.0
-1087.0,-465.0,-196.0,210.0,,-373.0,299.0,-112.0,177.0,648.0
-1117.0,-374.0,-190.0,56.0,,194.0,457.0,-101.0,774.0,587.0
-1176.0,397.0,-113.0,-111.0,,-16.0,568.0,46.0,373.0,574.0
-1140.0,1005.0,-83.0,-180.0,,-87.0,478.0,70.0,-78.0,644.0
-1044.0,1243.0,20.0,-176.0,,-464.0,437.0,157.0,420.0,631.0
-1006.0,1654.0,20.0,15.0,,-278.0,677.0,373.0,945.0,802.0
-923.0,1670.0,19.0,144.0,,-513.0,686.0,373.0,978.0,851.0
-841.0,1429.0,53.0,213.0,,-343.0,560.0,528.0,747.0,807.0
-753.0,1092.0,94.0,352.0,,-166.0,562.0,474.0,451.0,994.0
-703.0,838.0,40.0,388.0,,-22.0,623.0,304.0,676.0,1139.0
-640.0,378.0,32.0,468.0,,164.0,776.0,-20.0,987.0,1149.0
-560.0,-457.0,32.0,570.0,,-78.0,758.0,-376.0,765.0,1042.0
-532.0,-616.0,-65.0,625.0,,-41.0,705.0,-554.0,393.0,1043.0
-445.0,-803.0,-45.0,852.0,,-220.0,599.0,-703.0,283.0,918.0
-392.0,-801.0,-112.0,1080.0,,76.0,393.0,-521.0,484.0,838.0
-356.0,-1094.0,-146.0,1184.0,,47.0,432.0,-375.0,517.0,784.0
-302.0,-1295.0,-108.0,1209.0,,18.0,583.0,-46.0,725.0,511.0
-285.0,-510.0,-187.0,1011.0,,-256.0,528.0,249.0,805.0,235.0
-292.0,-547.0,-162.0,747.0,,-193.0,654.0,360.0,-11.0,177.0
-224.0,-884.0,-99.0,570.0,,15.0,960.0,646.0,181.0,194.0
-221.0,-515.0,-164.0,457.0,,-62.0,1015.0,594.0,886.0,-47.0
-272.0,-155.0,-74.0,365.0,,-191.0,1129.0,602.0,436.0,-44.0
-256.0,-378.0,-113.0,317.0,,-154.0,1058.0,530.0,214.0,0.0
-281.0,-663.0,-101.0,374.0,,245.0,841.0,280.0,-224.0,22.0
-346.0,-598.0,-15.0,534.0,,104.0,806.0,177.0,-508.0,237.0
-448.0,-795.0,-62.0,599.0,,83.0,652.0,14.0,222.0,417.0
-441.0,-1184.0,23.0,541.0,,112.0,610.0,-12.0,535.0,501.0
-486.0,-1264.0,39.0,466.0,,386.0,495.0,-175.0,-55.0,624.0
-515.0,-1281.0,73.0,235.0,,243.0,263.0,-275.0,-345.0,1010.0
-518.0,-1392.0,45.0,119.0,,63.0,266.0,-445.0,179.0,1120.0
-587.0,-1382.0,39.0,242.0,,13.0,-14.0,-774.0,282.0,1145.0
-559.0,-1247.0,13.0,377.0,,229.0,-263.0,-790.0,290.0,1357.0
-600.0,-1113.0,17.0,378.0,,546.0,44.0,-872.0,-137.0,1500.0
-592.0,-1255.0,50.0,321.0,,254.0,160.0,-729.0,-652.0,1444.0
-650.0,-894.0,0.0,273.0,,187.0,25.0,-432.0,-146.0,1415.0
-714.0,-264.0,38.0,226.0,,289.0,189.0,-99.0,-229.0,1545.0
-700.0,203.0,43.0,394.0,,475.0,227.0,306.0,-450.0,1471.0
-701.0,439.0,77.0,456.0,,558.0,-34.0,535.0,-274.0,1454.0
-653.0,533.0,95.0,327.0,,522.0,6.0,703.0,-102.0,1537.0
-669.0,1358.0,132.0,328.0,,114.0,169.0,502.0,201.0,1470.0
-652.0,1313.0,149.0,403.0,,311.0,62.0,334.0,184.0,1346.0
-656.0,943.0,196.0,388.0,,638.0,32.0,48.0,173.0,1457.0
-644.0,1555.0,221.0,202.0,,519.0,273.0,-367.0,233.0,1489.0
-690.0,1804.0,210.0,55.0,,160.0,453.0,-371.0,0.0,1378.0
-705.0,1331.0,226.0,-83.0,,-58.0,518.0,-421.0,290.0,1400.0
-655.0,744.0,207.0,-272.0,,246.0,713.0,-303.0,1222.0,1305.0
-642.0,175.0,223.0,-496.0,,331.0,841.0,-216.0,685.0,1176.0
-615.0,-162.0,180.0,-749.0,,218.0,787.0,-218.0,-92.0,1110.0
-645.0,127.0,225.0,-775.0,,179.0,795.0,-205.0,181.0,997.0
-574.0,-524.0,239.0,-638.0,,498.0,595.0,-232.0,298.0,735.0
-512.0,-1144.0,298.0,-484.0,,440.0,101.0,-3.0,548.0,524.0
-495.0,-604.0,432.0,-335.0,,314.0,-42.0,77.0,189.0,345.0
-513.0,-829.0,522.0,-140.0,,170.0,30.0,310.0,-14.0,183.0
-434.0,-1034.0,689.0,-10.0,,292.0,-52.0,522.0,96.0,23.0
-321.0,-776.0,709.0,37.0,,388.0,-180.0,546.0,260.0,-189.0
-328.0,-885.0,760.0,101.0,,336.0,-302.0,561.0,847.0,-310.0
-308.0,-339.0,808.0,-5.0,,241.0,-120.0,277.0,705.0,-429.0
-327.0,831.0,757.0,-67.0,,71.0,219.0,151.0,457.0,-508.0
-278.0,931.0,757.0,-31.0,,255.0,261.0,-31.0,351.0,-592.0
-166.0,441.0,701.0,-85.0,,219.0,153.0,-219.0,522.0,-675.0
-126.0,617.0,702.0,-51.0,,217.0,107.0,-358.0,493.0,-664.0
-195.0,714.0,641.0,-41.0,,4.0,160.0,-546.0,424.0,-659.0
-189.0,528.0,578.0,-183.0,,194.0,182.0,-582.0,457.0,-765.0
-152.0,360.0,523.0,-292.0,,423.0,26.0,-744.0,185.0,-744.0
-149.0,-15.0,479.0,-288.0,,513.0,-225.0,-598.0,863.0,-601.0
-196.0,-285.0,502.0,-114.0,,221.0,-391.0,-508.0,865.0,-616.0
-307.0,-115.0,398.0,38.0,,120.0,-237.0,-367.0,450.0,-586.0
-285.0,-142.0,384.0,47.0,,471.0,-31.0,24.0,423.0,-447.0
-168.0,-780.0,356.0,113.0,,465.0,-50.0,125.0,180.0,-453.0
-157.0,-955.0,337.0,229.0,,494.0,-186.0,393.0,536.0,-488.0
-324.0,-336.0,368.0,363.0,,329.0,-236.0,467.0,417.0,-305.0
-275.0,-435.0,320.0,461.0,,521.0,-28.0,441.0,-44.0,-227.0
-110.0,-789.0,357.0,411.0,,446.0,68.0,380.0,-498.0,-296.0
-58.0,-572.0,331.0,320.0,,413.0,0.0,164.0,-807.0,-238.0
-57.0,-680.0,325.0,229.0,,335.0,132.0,29.0,-345.0,-168.0
-47.0,-413.0,375.0,166.0,,312.0,299.0,-149.0,91.0,-174.0
45.0,-92.0,403.0,277.0,,532.0,308.0,-38.0,-143.0,-245.0
168.0,-7.0,469.0,390.0,,588.0,282.0,-18.0,-439.0,-369.0
152.0,90.0,481.0,415.0,,537.0,190.0,120.0,-100.0,-492.0
-4.0,28.0,562.0,342.0,,358.0,81.0,288.0,138.0,-589.0
94.0,421.0,609.0,256.0,,283.0,-114.0,160.0,389.0,-671.0
210.0,420.0,598.0,167.0,,146.0,-521.0,133.0,792.0,-820.0
155.0,423.0,629.0,100.0,,248.0,-638.0,-53.0,362.0,-947.0
-15.0,384.0,585.0,238.0,,319.0,-610.0,-70.0,49.0,-994.0
-64.0,148.0,587.0,329.0,,521.0,-804.0,-90.0,672.0,-997.0
14.0,243.0,594.0,304.0,,536.0,-824.0,-94.0,645.0,-949.0
0.0,-50.0,569.0,132.0,,669.0,-715.0,-3.0,85.0,-976.0
-79.0,-326.0,555.0,-76.0,,721.0,-568.0,-81.0,-352.0,-969.0
-195.0,-239.0,543.0,-201.0,,658.0,-417.0,51.0,-209.0,-931.0
-93.0,199.0,463.0,-243.0,,511.0,-394.0,44.0,686.0,-850.0
-16.0,159.0,438.0,-322.0,,294.0,-349.0,127.0,274.0,-752.0
0.0,114.0,467.0,-563.0,,369.0,-363.0,373.0,-154.0,-685.0
-51.0,672.0,422.0,-553.0,,416.0,-305.0,593.0,316.0,-566.0
-28.0,813.0,426.0,-359.0,,748.0,-154.0,923.0,235.0,-447.0
73.0,849.0,372.0,-245.0,,682.0,-347.0,912.0,245.0,-313.0
102.0,1273.0,347.0,-294.0,,649.0,-514.0,764.0,164.0,-204.0
70.0,1426.0,349.0,-376.0,,738.0,-313.0,493.0,86.0,-90.0
-34.0,874.0,282.0,-425.0,,807.0,-255.0,271.0,-403.0,-42.0
168.0,1061.0,256.0,-430.0,,742.0,-408.0,201.0,-946.0,35.0
350.0,1418.0,223.0,-234.0,,760.0,-556.0,105.0,-314.0,97.0
462.0,873.0,174.0,-50.0,,767.0,-779.0,205.0,-206.0,60.0
517.0,575.0,235.0,85.0,,742.0,-847.0,73.0,-443.0,79.0
575.0,459.0,208.0,134.0,,1064.0,-777.0,51.0,-473.0,101.0
723.0,88.0,220.0,129.0,,1083.0,-808.0,169.0,-637.0,37.0
756.0,-59.0,281.0,71.0,,764.0,-743.0,221.0,-423.0,-11.0
753.0,-6.0,238.0,-159.0,,562.0,-780.0,397.0,-244.0,-19.0
635.0,-368.0,271.0,-335.0,,825.0,-800.0,367.0,-223.0,-114.0
727.0,-667.0,168.0,-252.0,,864.0,-641.0,410.0,-432.0,-169.0
848.0,-850.0,125.0,3.0,,866.0,-653.0,315.0,-301.0,-182.0
819.0,-787.0,65.0,278.0,,532.0,-723.0,127.0,-397.0,-205.0
735.0,-590.0,-30.0,464.0,,648.0,-763.0,-33.0,-499.0,-347.0
675.0,-741.0,-50.0,501.0,,1239.0,-645.0,-253.0,-322.0,-446.0
764.0,-647.0,-65.0,479.0,,1283.0,-612.0,-155.0,-758.0,-385.0
726.0,-438.0,-72.0,409.0,,962.0,-826.0,-99.0,-568.0,-406.0
586.0,-63.0,-115.0,404.0,,707.0,-804.0,38.0,-368.0,-417.0
458.0,142.0,-31.0,365.0,,839.0,-560.0,179.0,-258.0,-339.0
466.0,111.0,-77.0,56.0,,555.0,-589.0,192.0,-279.0,-242.0
475.0,213.0,-61.0,-176.0,,281.0,-980.0,195.0,-463.0,-172.0
329.0,316.0,-49.0,-170.0,,224.0,-997.0,92.0,-202.0,15.0
174.0,538.0,-92.0,-81.0,,475.0,-696.0,181.0,-199.0,224.0
176.0,856.0,9.0,48.0,,631.0,-810.0,151.0,126.0,246.0
211.0,916.0,-5.0,201.0,,753.0,-978.0,166.0,135.0,244.0
53.0,593.0,37.0,524.0,,675.0,-738.0,177.0,129.0,236.0
-131.0,618.0,51.0,840.0,,571.0,-461.0,109.0,131.0,82.0
-232.0,817.0,7.0,885.0,,803.0,-413.0,251.0,375.0,-129.0
-252.0,637.0,60.0,851.0,,776.0,-473.0,212.0,916.0,-315.0
-257.0,248.0,23.0,771.0,,493.0,-515.0,297.0,502.0,-525.0
-330.0,376.0,6.0,600.0,,258.0,-344.0,306.0,562.0,-777.0
-392.0,618.0,-6.0,409.0,,471.0,-272.0,236.0,403.0,-950.0
-347.0,499.0,-24.0,269.0,,454.0,-595.0,145.0,415.0,-966.0
-307.0,582.0,40.0,176.0,,579.0,-864.0,-214.0,619.0,-1069.0
-361.0,562.0,-44.0,66.0,,765.0,-899.0,-432.0,70.0,-1188.0
-402.0,634.0,-8.0,-79.0,,949.0,-872.0,-683.0,109.0,-1257.0
-343.0,583.0,0.0,-314.0,,788.0,-882.0,-698.0,-67.0,-1315.0
-279.0,599.0,-82.0,-557.0,,620.0,-953.0,-580.0,117.0,-1264.0
-258.0,804.0,-23.0,-650.0,,782.0,-899.0,-386.0,891.0,-1260.0
-292.0,798.0,-65.0,-664.0,,931.0,-771.0,57.0,667.0,-1275.0
-380.0,753.0,8.0,-619.0,,887.0,-744.0,280.0,108.0,-1238.0
-342.0,315.0,48.0,-355.0,,475.0,-710.0,521.0,312.0,-1191.0
-226.0,-21.0,32.0,-20.0,,587.0,-703.0,563.0,315.0,-1147.0
-265.0,-507.0,66.0,319.0,,445.0,-744.0,624.0,230.0,-1050.0
-330.0,-1208.0,57.0,516.0,,536.0,-636.0,709.0,331.0,-953.0
-230.0,-1489.0,122.0,540.0,,663.0,-517.0,591.0,-360.0,-1017.0
-183.0,-1586.0,89.0,636.0,,707.0,-525.0,644.0,-483.0,-956.0
-249.0,-1275.0,120.0,640.0,,471.0,-565.0,526.0,246.0,-782.0
-287.0,-1128.0,160.0,685.0,,158.0,-694.0,487.0,434.0,-697.0
-327.0,-1327.0,169.0,649.0,,434.0,-788.0,360.0,207.0,-570.0
-316.0,-875.0,266.0,387.0,,498.0,-798.0,101.0,82.0,-472.0
-230.0,-369.0,259.0,55.0,,397.0,-757.0,-214.0,262.0,-434.0
-201.0,-275.0,315.0,-230.0,,-162.0,-630.0,-772.0,453.0,-370.0
-262.0,-65.0,345.0,-430.0,,64.0,-541.0,-1043.0,263.0,-278.0
-222.0,-124.0,344.0,-508.0,,711.0,-405.0,-1319.0,228.0,-306.0
-74.0,-128.0,394.0,-273.0,,786.0,-206.0,-1217.0,-123.0,-351.0
34.0,189.0,352.0,-177.0,,50.0,-264.0,-814.0,-566.0,-291.0
78.0,516.0,353.0,-54.0,,-161.0,-347.0,-471.0,-316.0,-198.0
81.0,525.0,363.0,62.0,,255.0,-98.0,90.0,-428.0,-157.0
228.0,143.0,383.0,49.0,,450.0,21.0,395.0,-797.0,-197.0
386.0,533.0,398.0,124.0,,632.0,-91.0,761.0,-1092.0,-126.0
329.0,1266.0,403.0,-112.0,,283.0,-225.0,927.0,-1095.0,-89.0
284.0,1312.0,392.0,-200.0,,429.0,-162.0,888.0,-746.0,-94.0
314.0,1073.0,316.0,-200.0,,591.0,10.0,820.0,-559.0,-107.0
381.0,1097.0,299.0,-327.0,,717.0,-110.0,421.0,-655.0,-179.0
444.0,1562.0,249.0,-269.0,,275.0,-265.0,184.0,-872.0,-311.0
438.0,1678.0,251.0,-302.0,,-3.0,-470.0,-168.0,-752.0,-393.0
358.0,1279.0,259.0,-377.0,,55.0,-623.0,-509.0,-612.0,-385.0
428.0,1061.0,205.0,-391.0,,232.0,-774.0,-818.0,-278.0,-491.0
561.0,386.0,232.0,-346.0,,525.0,-1126.0,-1106.0,-215.0,-484.0
513.0,-389.0,241.0,-206.0,,69.0,-1237.0,-1143.0,-489.0,-393.0
475.0,-734.0,221.0,-195.0,,35.0,-1108.0,-1164.0,126.0,-271.0
506.0,-1472.0,243.0,-133.0,,131.0,-869.0,-890.0,399.0,-112.0
629.0,-1590.0,330.0,117.0,,358.0,-855.0,-679.0,538.0,19.0
571.0,-1420.0,274.0,149.0,,-15.0,-1072.0,-369.0,647.0,131.0
474.0,-1374.0,326.0,0.0,,-281.0,-930.0,79.0,62.0,220.0
448.0,-905.0,357.0,-205.0,,-340.0,-473.0,284.0,339.0,404.0
471.0,-907.0,291.0,-343.0,,-273.0,-243.0,600.0,481.0,463.0
543.0,-707.0,387.0,-268.0,,-72.0,-247.0,752.0,51.0,430.0
380.0,-311.0,332.0,-307.0,,-105.0,-291.0,873.0,-59.0,410.0
263.0,-267.0,360.0,-415.0,,-36.0,-376.0,905.0,-475.0,298.0
259.0,-162.0,412.0,-440.0,,-320.0,-172.0,861.0,-1019.0,161.0
338.0,-140.0,426.0,-429.0,,-206.0,-88.0,840.0,-929.0,56.0
258.0,-3.0,458.0,-378.0,,-274.0,-368.0,528.0,-687.0,25.0
182.0,-133.0,471.0,-314.0,,-266.0,-389.0,362.0,-854.0,-97.0
249.0,-521.0,464.0,-224.0,,-611.0,-226.0,136.0,-878.0,-254.0
258.0,-313.0,504.0,-252.0,,-782.0,-210.0,3.0,-986.0,-295.0
260.0,58.0,512.0,-362.0,,-629.0,-267.0,16.0,-1004.0,-433.0
128.0,237.0,387.0,-439.0,,-469.0,-96.0,-118.0,-862.0,-503.0
71.0,403.0,455.0,-431.0,,-334.0,248.0,-175.0,-833.0,-456.0
154.0,593.0,322.0,-197.0,,-590.0,413.0,-363.0,-714.0,-571.0
307.0,377.0,292.0,34.0,,-809.0,509.0,-334.0,-972.0,-643.0
324.0,268.0,321.0,199.0,,-1038.0,430.0,-266.0,-787.0,-534.0
334.0,285.0,168.0,332.0,,-243.0,199.0,-181.0,-426.0,-394.0
463.0,202.0,195.0,182.0,,271.0,204.0,46.0,-822.0,-400.0
527.0,396.0,88.0,6.0,,-192.0,323.0,134.0,-685.0,-423.0
552.0,-38.0,47.0,-124.0,,-1175.0,369.0,400.0,-126.0,-303.0
487.0,543.0,46.0,-249.0,,-1233.0,125.0,460.0,-9.0,-265.0
455.0,1117.0,0.0,-268.0,,-325.0,-79.0,528.0,249.0,-246.0
527.0,584.0,23.0,-296.0,,100.0,51.0,552.0,320.0,-194.0
538.0,685.0,68.0,-259.0,,-346.0,-34.0,341.0,-199.0,-266.0
453.0,985.0,137.0,-329.0,,-965.0,-332.0,299.0,78.0,-377.0
370.0,904.0,211.0,-405.0,,-511.0,-444.0,20.0,272.0,-414.0
295.0,55.0,327.0,-454.0,,85.0,-380.0,-73.0,-25.0,-466.0
313.0,296.0,398.0,-616.0,,113.0,-392.0,-60.0,429.0,-643.0
281.0,551.0,536.0,-640.0,,-637.0,-420.0,-79.0,56.0,-785.0
134.0,-96.0,696.0,-613.0,,-1076.0,-126.0,36.0,-235.0,-909.0
23.0,-220.0,756.0,-602.0,,-703.0,233.0,62.0,478.0,-1077.0
46.0,-131.0,881.0,-664.0,,-83.0,430.0,266.0,381.0,-1195.0
63.0,-185.0,993.0,-748.0,,-246.0,719.0,118.0,224.0,-1242.0
9.0,-1113.0,1051.0,-660.0,,-702.0,877.0,-103.0,212.0,-1280.0
6.0,-1252.0,1164.0,-539.0,,-598.0,825.0,-267.0,-128.0,-1331.0
62.0,-498.0,1206.0,-564.0,,-148.0,852.0,-606.0,247.0,-1165.0
175.0,-1082.0,1209.0,-690.0,,263.0,807.0,-650.0,612.0,-956.0
137.0,-1529.0,1286.0,-629.0,,149.0,846.0,-661.0,-274.0,-906.0
98.0,-1046.0,1303.0,-554.0,,-58.0,973.0,-424.0,-907.0,-753.0
83.0,-853.0,1270.0,-549.0,,-154.0,882.0,-127.0,-560.0,-541.0
237.0,-543.0,1290.0,-407.0,,-18.0,691.0,153.0,-161.0,-398.0
333.0,-230.0,1236.0,-468.0,,-37.0,275.0,375.0,55.0,-254.0
253.0,510.0,1196.0,-588.0,,365.0,64.0,306.0,-157.0,-123.0
275.0,612.0,1189.0,-647.0,,279.0,253.0,325.0,-409.0,-68.0
286.0,679.0,1101.0,-833.0,,72.0,156.0,5.0,-432.0,0.0
381.0,1138.0,978.0,-915.0,,-245.0,145.0,-282.0,-18.0,76.0
309.0,1138.0,969.0,-816.0,,-534.0,395.0,-500.0,398.0,57.0
294.0,1838.0,931.0,-590.0,,207.0,487.0,-779.0,-181.0,44.0
342.0,1104.0,780.0,-415.0,,472.0,517.0,-744.0,-732.0,-32.0
409.0,846.0,810.0,-262.0,,171.0,508.0,-779.0,-386.0,-131.0
461.0,1052.0,688.0,60.0,,-396.0,532.0,-593.0,52.0,-49.0
320.0,-38.0,562.0,411.0,,-104.0,485.0,-443.0,-69.0,11.0
293.0,-108.0,573.0,484.0,,79.0,286.0,-286.0,-423.0,-73.0
301.0,268.0,489.0,439.0,,156.0,303.0,-59.0,-876.0,-157.0
370.0,285.0,499.0,377.0,,-236.0,534.0,-1.0,-780.0,-190.0
372.0,-487.0,503.0,189.0,,-680.0,532.0,232.0,146.0,-269.0
402.0,-380.0,459.0,51.0,,-176.0,411.0,216.0,293.0,-431.0
521.0,34.0,466.0,-201.0,,179.0,542.0,229.0,-89.0,-576.0
574.0,-620.0,467.0,-562.0,,287.0,874.0,94.0,-134.0,-740.0
641.0,-269.0,446.0,-820.0,,-221.0,1145.0,-282.0,-253.0,-914.0
653.0,-65.0,460.0,-926.0,,-202.0,961.0,-498.0,-130.0,-894.0
663.0,-48.0,409.0,-805.0,,-438.0,694.0,-816.0,-163.0,-835.0
742.0,115.0,438.0,-511.0,,-432.0,864.0,-816.0,-545.0,-912.0
786.0,-451.0,443.0,-311.0,,-559.0,1055.0,-700.0,-684.0,-918.0
710.0,-650.0,388.0,-300.0,,-433.0,874.0,-554.0,-383.0,-774.0
637.0,-873.0,447.0,-201.0,,-217.0,646.0,-533.0,-127.0,-612.0
646.0,-934.0,432.0,-79.0,,-432.0,704.0,-600.0,-415.0,-534.0
662.0,-1136.0,455.0,-64.0,,-228.0,688.0,-437.0,-271.0,-399.0
671.0,-927.0,492.0,-96.0,,-166.0,634.0,-450.0,-398.0,-242.0
638.0,-576.0,408.0,-20.0,,309.0,869.0,-258.0,-807.0,-180.0
664.0,-552.0,400.0,221.0,,-399.0,940.0,-177.0,-38.0,-39.0
736.0,164.0,382.0,211.0,,-602.0,827.0,-151.0,472.0,149.0
696.0,196.0,324.0,12.0,,-423.0,1114.0,-22.0,132.0,89.0
697.0,416.0,334.0,-78.0,,89.0,1428.0,-127.0,-332.0,-65.0
629.0,541.0,272.0,-148.0,,446.0,1269.0,-36.0,-361.0,-43.0
576.0,898.0,236.0,-158.0,,-238.0,901.0,-134.0,203.0,-113.0
521.0,1213.0,219.0,-30.0,,-815.0,695.0,-229.0,254.0,-275.0
426.0,810.0,170.0,94.0,,-684.0,850.0,-343.0,-110.0,-437.0
354.0,1330.0,136.0,146.0,,339.0,834.0,-559.0,-314.0,-612.0
202.0,1413.0,158.0,155.0,,-37.0,383.0,-637.0,43.0,-821.0
221.0,944.0,164.0,97.0,,-417.0,177.0,-870.0,495.0,-1045.0
164.0,542.0,166.0,62.0,,-582.0,158.0,-801.0,21.0,-1175.0
106.0,737.0,158.0,-34.0,,49.0,31.0,-776.0,-4.0,-1412.0
41.0,482.0,179.0,26.0,,467.0,341.0,-764.0,-119.0,-1599.0
-46.0,-407.0,193.0,158.0,,81.0,729.0,-674.0,-793.0,-1661.0
-61.0,-688.0,131.0,-56.0,,-630.0,649.0,-691.0,-570.0,-1662.0
-120.0,-1118.0,281.0,-277.0,,-1120.0,723.0,-417.0,-566.0,-1650.0
-121.0,-1649.0,306.0,-444.0,,-466.0,1045.0,-236.0,-1110.0,-1627.0
-143.0,-1837.0,394.0,-577.0,,-300.0,1025.0,9.0,-1311.0,-1501.0
-59.0,-1638.0,480.0,-772.0,,-341.0,659.0,88.0,-1133.0,-1367.0
-22.0,-1772.0,472.0,-1082.0,,-1195.0,667.0,-48.0,-1214.0,-1062.0
-15.0,-1413.0,559.0,-1284.0,,-1085.0,1070.0,-188.0,-1115.0,-739.0
-36.0,-828.0,557.0,-1571.0,,-495.0,1137.0,-487.0,-869.0,-455.0
-69.0,-407.0,661.0,-1676.0,,-340.0,755.0,-541.0,-1011.0,-119.0
-13.0,-185.0,620.0,-1286.0,,-587.0,565.0,-667.0,-630.0,258.0
15.0,-73.0,580.0,-701.0,,-954.0,743.0,-702.0,-265.0,664.0
-40.0,1045.0,577.0,-270.0,,-964.0,940.0,-739.0,262.0,944.0
-127.0,1349.0,538.0,53.0,,-633.0,1081.0,-892.0,479.0,1165.0
-81.0,1150.0,473.0,339.0,,310.0,922.0,-825.0,69.0,1360.0
-125.0,1225.0,408.0,307.0,,166.0,882.0,-855.0,277.0,1480.0
-195.0,1256.0,372.0,169.0,,-193.0,1081.0,-674.0,724.0,1502.0
-275.0,1309.0,240.0,166.0,,-605.0,737.0,-552.0,907.0,1539.0
-270.0,1606.0,205.0,121.0,,-315.0,272.0,-461.0,537.0,1402.0
-200.0,1978.0,93.0,65.0,,-65.0,353.0,-369.0,439.0,1207.0
-296.0,1973.0,33.0,141.0,,-166.0,512.0,-543.0,810.0,1101.0
-356.0,2216.0,57.0,241.0,,-400.0,437.0,-572.0,1206.0,914.0
-414.0,2059.0,-11.0,286.0,,-589.0,335.0,-785.0,1020.0,756.0
-400.0,1937.0,14.0,395.0,,-290.0,155.0,-899.0,764.0,546.0
-365.0,1557.0,45.0,359.0,,-241.0,60.0,-929.0,760.0,310.0
-402.0,762.0,-48.0,62.0,,-133.0,146.0,-1003.0,343.0,69.0
-387.0,171.0,-43.0,-182.0,,-438.0,266.0,-873.0,685.0,-109.0
-388.0,-197.0,-7.0,-231.0,,-158.0,300.0,-835.0,432.0,-254.0
-350.0,-958.0,-14.0,-34.0,,60.0,277.0,-589.0,-456.0,-428.0
-314.0,-2097.0,28.0,253.0,,130.0,364.0,-434.0,-1026.0,-569.0
-317.0,-2448.0,85.0,434.0,,-108.0,422.0,-369.0,-1292.0,-609.0
-347.0,-2740.0,138.0,567.0,,101.0,286.0,-426.0,-831.0,-575.0
-368.0,-3157.0,80.0,697.0,,459.0,-92.0,-779.0,-984.0,-631.0
-367.0,-3351.0,122.0,686.0,,-77.0,-213.0,-1001.0,-1295.0,-558.0
-443.0,-2435.0,139.0,541.0,,-467.0,127.0,-1278.0,-1320.0,-497.0
-482.0,-2012.0,85.0,256.0,,-679.0,253.0,-1226.0,-1125.0,-519.0
-533.0,-2060.0,105.0,-100.0,,-503.0,-118.0,-1056.0,-646.0,-375.0
-467.0,-1341.0,60.0,-225.0,,-527.0,-443.0,-838.0,-560.0,-209.0
-372.0,-1047.0,59.0,-257.0,,-37.0,-256.0,-437.0,-701.0,-146.0
-387.0,-514.0,110.0,-278.0,,-124.0,73.0,-328.0,-949.0,-71.0
-322.0,-229.0,80.0,-317.0,,-417.0,197.0,-133.0,-722.0,116.0
-202.0,137.0,1.0,-424.0,,-523.0,74.0,-118.0,-53.0,325.0
-185.0,367.0,-15.0,-451.0,,-435.0,-71.0,-144.0,465.0,529.0
-182.0,762.0,-92.0,-424.0,,13.0,124.0,-145.0,146.0,678.0
-78.0,1127.0,-157.0,-510.0,,52.0,292.0,-253.0,-183.0,756.0
-80.0,1002.0,-159.0,-612.0,,-321.0,-28.0,-190.0,523.0,775.0
70.0,1559.0,-163.0,-513.0,,-970.0,-179.0,-304.0,762.0,781.0
89.0,1735.0,-129.0,-317.0,,-483.0,270.0,-279.0,1261.0,753.0
-15.0,2017.0,-98.0,-93.0,,262.0,610.0,-410.0,1107.0,599.0
-6.0,2288.0,-64.0,76.0,,1137.0,459.0,-637.0,567.0,445.0
11.0,2041.0,-25.0,280.0,,605.0,37.0,-796.0,805.0,303.0
28.0,1647.0,60.0,467.0,,-497.0,-308.0,-1232.0,706.0,151.0
-30.0,1523.0,106.0,531.0,,-297.0,-241.0,-1396.0,1071.0,-7.0
-21.0,1453.0,126.0,660.0,,425.0,74.0,-1516.0,478.0,-182.0
-93.0,1183.0,200.0,688.0,,888.0,-40.0,-1396.0,181.0,-365.0
-36.0,995.0,192.0,532.0,,121.0,-367.0,-1082.0,452.0,-518.0
-79.0,522.0,221.0,298.0,,-692.0,-305.0,-801.0,376.0,-498.0
-65.0,284.0,298.0,212.0,,-530.0,-247.0,-349.0,412.0,-399.0
-92.0,-448.0,229.0,211.0,,355.0,-431.0,-96.0,-355.0,-362.0
-126.0,-965.0,251.0,21.0,,497.0,-654.0,179.0,-1108.0,-307.0
-36.0,-1172.0,293.0,-69.0,,-15.0,-791.0,253.0,-1146.0,-93.0
-243.0,-1911.0,203.0,-146.0,,-832.0,-875.0,238.0,-482.0,153.0
-297.0,-2317.0,234.0,-252.0,,-309.0,-931.0,194.0,-752.0,288.0
-370.0,-2170.0,282.0,-197.0,,569.0,-967.0,-51.0,-1114.0,448.0
-317.0,-1877.0,232.0,-294.0,,364.0,-1071.0,-171.0,-1242.0,550.0
-366.0,-2142.0,275.0,-512.0,,-275.0,-1154.0,-465.0,-1170.0,592.0
-420.0,-1752.0,307.0,-666.0,,-910.0,-1157.0,-550.0,-399.0,692.0
-385.0,-1289.0,253.0,-675.0,,-309.0,-1022.0,-543.0,-285.0,804.0
-339.0,-1358.0,240.0,-562.0,,200.0,-908.0,-476.0,-462.0,836.0
-203.0,-805.0,160.0,-426.0,,128.0,-992.0,-243.0,-922.0,819.0
-292.0,-90.0,180.0,-161.0,,-672.0,-1062.0,-164.0,-360.0,848.0
-181.0,58.0,181.0,103.0,,-748.0,-1067.0,81.0,420.0,878.0
-168.0,-16.0,171.0,199.0,,-173.0,-994.0,9.0,89.0,893.0
-57.0,418.0,328.0,231.0,,415.0,-890.0,-157.0,-75.0,821.0
15.0,587.0,373.0,328.0,,280.0,-905.0,-282.0,-261.0,710.0
-17.0,980.0,460.0,444.0,,-429.0,-813.0,-524.0,-148.0,675.0
-8.0,1462.0,559.0,476.0,,-364.0,-653.0,-609.0,378.0,688.0
6.0,1444.0,606.0,480.0,,-25.0,-742.0,-822.0,686.0,665.0
21.0,1778.0,685.0,484.0,,830.0,-1019.0,-781.0,390.0,643.0
-182.0,1794.0,710.0,412.0,,520.0,-1166.0,-652.0,-149.0,565.0
-169.0,1563.0,733.0,423.0,,-147.0,-892.0,-452.0,161.0,405.0
-238.0,1239.0,751.0,619.0,,-288.0,-578.0,-127.0,660.0,430.0
-264.0,926.0,722.0,692.0,,458.0,-574.0,33.0,570.0,504.0
-329.0,601.0,709.0,585.0,,599.0,-581.0,312.0,10.0,392.0
-410.0,251.0,646.0,479.0,,-152.0,-558.0,341.0,-383.0,290.0
-476.0,616.0,569.0,380.0,,-403.0,-482.0,458.0,405.0,336.0
-483.0,13.0,545.0,169.0,,-60.0,-323.0,685.0,730.0,394.0
-352.0,-629.0,476.0,3.0,,838.0,-303.0,785.0,188.0,379.0
-520.0,-82.0,460.0,21.0,,-9.0,-328.0,946.0,-28.0,348.0
-483.0,217.0,485.0,4.0,,-575.0,-285.0,805.0,71.0,317.0
-392.0,-155.0,509.0,-25.0,,-231.0,-417.0,659.0,204.0,238.0
-310.0,-619.0,548.0,-113.0,,559.0,-716.0,286.0,446.0,187.0
-206.0,-353.0,569.0,-238.0,,732.0,-884.0,-160.0,739.0,208.0
-84.0,-940.0,515.0,-328.0,,-10.0,-1000.0,-556.0,-70.0,175.0
11.0,-1270.0,497.0,-277.0,,-141.0,-1026.0,-964.0,-224.0,104.0
117.0,-1310.0,510.0,13.0,,529.0,-1008.0,-964.0,393.0,107.0
274.0,-1886.0,447.0,280.0,,1398.0,-1119.0,-1018.0,142.0,195.0
258.0,-1720.0,444.0,570.0,,534.0,-1269.0,-755.0,134.0,297.0
330.0,-1410.0,519.0,770.0,,-655.0,-1358.0,-399.0,-144.0,361.0
401.0,-733.0,497.0,826.0,,-826.0,-1109.0,-131.0,-583.0,411.0
481.0,-589.0,474.0,897.0,,387.0,-850.0,264.0,-178.0,478.0
478.0,-332.0,533.0,906.0,,1305.0,-902.0,391.0,-78.0,547.0
496.0,494.0,479.0,906.0,,798.0,-1007.0,618.0,-230.0,604.0
462.0,1165.0,479.0,815.0,,-443.0,-948.0,607.0,-267.0,600.0
425.0,1434.0,500.0,604.0,,-538.0,-809.0,530.0,-673.0,541.0
362.0,1139.0,495.0,264.0,,555.0,-839.0,439.0,-686.0,481.0
319.0,1662.0,512.0,-17.0,,764.0,-951.0,225.0,-399.0,444.0
319.0,1658.0,586.0,-78.0,,127.0,-1039.0,184.0,-471.0,455.0
185.0,778.0,621.0,-32.0,,-914.0,-828.0,-27.0,-1013.0,421.0
205.0,310.0,569.0,-58.0,,-642.0,-663.0,-59.0,-890.0,328.0
109.0,-86.0,622.0,-127.0,,375.0,-839.0,-166.0,-473.0,291.0
84.0,8.0,514.0,3.0,,854.0,-760.0,-275.0,-192.0,298.0
6.0,-33.0,539.0,62.0,,129.0,-427.0,-267.0,604.0,263.0
-56.0,-403.0,556.0,66.0,,-308.0,-175.0,-402.0,605.0,171.0
-76.0,-671.0,486.0,107.0,,145.0,-188.0,-236.0,555.0,57.0
-103.0,-1213.0,577.0,90.0,,340.0,-289.0,-158.0,590.0,-52.0
-131.0,-876.0,498.0,117.0,,256.0,-109.0,-27.0,894.0,-173.0
-272.0,-331.0,493.0,79.0,,-69.0,400.0,101.0,1420.0,-286.0
-242.0,-408.0,468.0,120.0,,48.0,574.0,105.0,1077.0,-414.0
-310.0,-674.0,394.0,184.0,,133.0,-20.0,205.0,400.0,-559.0
-307.0,-1015.0,370.0,138.0,,200.0,-302.0,131.0,26.0,-613.0
-395.0,-812.0,321.0,114.0,,132.0,38.0,205.0,486.0,-565.0
-357.0,-890.0,251.0,77.0,,273.0,16.0,262.0,401.0,-500.0
-372.0,-1291.0,236.0,56.0,,374.0,-342.0,484.0,0.0,-518.0
-480.0,-977.0,217.0,211.0,,127.0,-457.0,770.0,-135.0,-498.0
-453.0,-736.0,156.0,399.0,,-300.0,-443.0,829.0,83.0,-369.0
-580.0,-872.0,206.0,413.0,,-156.0,-430.0,977.0,282.0,-263.0
-501.0,-102.0,128.0,429.0,,425.0,-459.0,814.0,63.0,-156.0
-521.0,374.0,162.0,403.0,,232.0,-474.0,679.0,187.0,-7.0
-554.0,293.0,193.0,249.0,,-290.0,-278.0,493.0,-110.0,139.0
-640.0,692.0,150.0,36.0,,-569.0,-42.0,286.0,169.0,245.0
-654.0,987.0,213.0,-133.0,,76.0,21.0,295.0,253.0,400.0
-604.0,1177.0,232.0,-245.0,,379.0,-162.0,182.0,-3.0,581.0
-629.0,773.0,249.0,-301.0,,-140.0,108.0,243.0,-341.0,701.0
-541.0,286.0,268.0,-229.0,,-694.0,593.0,123.0,-1166.0,729.0
-540.0,209.0,304.0,-69.0,,-556.0,392.0,-18.0,-367.0,771.0
-443.0,-2.0,280.0,138.0,,-117.0,70.0,-144.0,364.0,896.0
-441.0,-509.0,343.0,166.0,,153.0,22.0,-288.0,262.0,972.0
-393.0,-635.0,431.0,140.0,,-109.0,165.0,-155.0,27.0,987.0
-369.0,-149.0,501.0,314.0,,-767.0,-26.0,-182.0,46.0,1036.0
-367.0,118.0,589.0,483.0,,-568.0,-294.0,-77.0,386.0,1095.0
-269.0,372.0,642.0,442.0,,-162.0,-87.0,20.0,406.0,1047.0
-293.0,612.0,721.0,299.0,,358.0,43.0,181.0,463.0,1111.0
-248.0,391.0,756.0,20.0,,96.0,85.0,471.0,-39.0,1194.0
-235.0,611.0,730.0,-269.0,,-459.0,67.0,591.0,-392.0,1091.0
-177.0,1360.0,690.0,-294.0,,-350.0,252.0,731.0,-404.0,997.0
-92.0,1210.0,664.0,-174.0,,135.0,730.0,685.0,191.0,960.0
-37.0,565.0,573.0,62.0,,310.0,866.0,702.0,769.0,896.0
-29.0,-258.0,516.0,387.0,,-194.0,660.0,572.0,394.0,698.0
0.0,-819.0,463.0,637.0,,-684.0,293.0,339.0,65.0,528.0
86.0,-1052.0,367.0,612.0,,-810.0,157.0,123.0,-99.0,347.0
40.0,-1555.0,332.0,555.0,,-297.0,447.0,-245.0,608.0,138.0
9.0,-1830.0,238.0,501.0,,-219.0,613.0,-312.0,1103.0,59.0
-19.0,-1749.0,178.0,199.0,,-641.0,398.0,-369.0,638.0,-55.0
-61.0,-1215.0,143.0,-88.0,,-1168.0,86.0,-312.0,270.0,-211.0
-140.0,-1104.0,89.0,-207.0,,-964.0,85.0,-271.0,192.0,-402.0
-207.0,-835.0,104.0,-165.0,,-302.0,113.0,-369.0,427.0,-482.0
-287.0,-246.0,82.0,-98.0,,-89.0,-13.0,-293.0,649.0,-414.0
-352.0,-78.0,78.0,-92.0,,-549.0,319.0,-234.0,490.0,-347.0
-376.0,224.0,58.0,-19.0,,-1018.0,737.0,38.0,-260.0,-213.0
-364.0,723.0,86.0,190.0,,-552.0,571.0,75.0,-522.0,-79.0
-374.0,852.0,83.0,287.0,,9.0,288.0,5.0,91.0,52.0
-468.0,494.0,54.0,242.0,,-46.0,452.0,24.0,166.0,233.0
-452.0,768.0,123.0,153.0,,-1039.0,1024.0,-203.0,-802.0,426.0
-482.0,1000.0,99.0,20.0,,-1421.0,1560.0,-223.0,-1305.0,516.0
-502.0,979.0,173.0,-161.0,,-1017.0,1383.0,-328.0,-447.0,471.0
-535.0,1019.0,239.0,-519.0,,-670.0,811.0,-445.0,358.0,498.0
-459.0,1436.0,216.0,-879.0,,-1033.0,1060.0,-506.0,255.0,533.0
-406.0,1976.0,239.0,-994.0,,-1594.0,1489.0,-676.0,-331.0,499.0
-377.0,1633.0,294.0,-753.0,,-1533.0,1135.0,-790.0,-417.0,462.0
-301.0,1379.0,241.0,-487.0,,-1221.0,871.0,-962.0,385.0,329.0
-371.0,905.0,185.0,-309.0,,-857.0,883.0,-853.0,847.0,279.0
-307.0,418.0,231.0,-70.0,,-1064.0,647.0,-726.0,850.0,250.0
-346.0,272.0,106.0,124.0,,-1272.0,420.0,-598.0,774.0,136.0
-288.0,8.0,180.0,293.0,,-1364.0,448.0,-441.0,629.0,82.0
-295.0,-413.0,202.0,388.0,,-921.0,598.0,-397.0,899.0,-12.0
-302.0,-915.0,57.0,291.0,,-774.0,760.0,-192.0,928.0,-98.0
-213.0,-887.0,141.0,27.0,,-995.0,866.0,-51.0,570.0,-91.0
-290.0,-541.0,60.0,-145.0,,-853.0,894.0,205.0,138.0,5.0
-262.0,-374.0,-25.0,-62.0,,-731.0,1258.0,351.0,-52.0,9.0
-369.0,-383.0,1.0,183.0,,-834.0,1999.0,367.0,-67.0,58.0
-384.0,-16.0,-34.0,280.0,,-1151.0,2166.0,382.0,-63.0,285.0
-424.0,381.0,-84.0,166.0,,-933.0,1304.0,199.0,111.0,410.0
-454.0,469.0,-100.0,20.0,,-726.0,679.0,144.0,-422.0,489.0
-554.0,161.0,-113.0,-39.0,,-776.0,1276.0,-72.0,-653.0,670.0
-716.0,-129.0,-232.0,-17.0,,-1325.0,1682.0,-201.0,72.0,898.0
-641.0,17.0,-219.0,27.0,,-1449.0,1110.0,-262.0,585.0,922.0
-689.0,-60.0,-243.0,186.0,,-1075.0,607.0,-415.0,605.0,995.0
-702.0,-473.0,-293.0,351.0,,-1034.0,483.0,-339.0,-196.0,1198.0
-792.0,-725.0,-245.0,467.0,,-1379.0,621.0,-432.0,-556.0,1196.0
-758.0,-625.0,-325.0,569.0,,-1644.0,667.0,-304.0,316.0,1180.0
-738.0,-1074.0,-300.0,631.0,,-1316.0,354.0,-51.0,416.0,1273.0
-802.0,-1083.0,-336.0,657.0,,-971.0,394.0,92.0,-147.0,1332.0
-764.0,-484.0,-350.0,677.0,,-526.0,662.0,271.0,-751.0,1284.0
-826.0,-496.0,-317.0,622.0,,-745.0,296.0,236.0,-1091.0,1276.0
-670.0,96.0,-343.0,462.0,,-1125.0,36.0,192.0,-218.0,1210.0
-627.0,1105.0,-234.0,266.0,,-1101.0,677.0,-72.0,604.0,992.0
-579.0,1319.0,-229.0,38.0,,-772.0,1078.0,-232.0,667.0,908.0
-514.0,1375.0,-205.0,-22.0,,-617.0,565.0,-232.0,139.0,836.0
-412.0,1453.0,-118.0,-79.0,,-919.0,285.0,-223.0,-322.0,609.0
-219.0,1208.0,-37.0,-275.0,,-1218.0,698.0,-55.0,197.0,402.0
-275.0,1021.0,-4.0,-373.0,,-1395.0,964.0,-1.0,701.0,355.0
-165.0,1025.0,29.0,-434.0,,-1210.0,855.0,190.0,36.0,308.0
-104.0,977.0,95.0,-473.0,,-1009.0,768.0,277.0,-290.0,206.0
0.0,609.0,73.0,-392.0,,-753.0,1000.0,347.0,460.0,167.0
113.0,321.0,143.0,-293.0,,-1143.0,1235.0,275.0,540.0,36.0
63.0,-327.0,116.0,-258.0,,-1490.0,1056.0,-75.0,658.0,-4.0
136.0,-772.0,93.0,-143.0,,-1259.0,903.0,-129.0,883.0,74.0
166.0,-855.0,129.0,6.0,,-744.0,881.0,-201.0,510.0,1.0
234.0,-1152.0,56.0,5.0,,-627.0,888.0,-118.0,299.0,-23.0
164.0,-997.0,43.0,-79.0,,-1171.0,895.0,-60.0,238.0,71.0
110.0,-1221.0,-20.0,-186.0,,-1348.0,553.0,-72.0,331.0,29.0
102.0,-1537.0,-62.0,-206.0,,-1133.0,391.0,147.0,197.0,-4.0
36.0,-1860.0,-32.0,-35.0,,-533.0,622.0,232.0,-202.0,176.0
95.0,-1655.0,-77.0,87.0,,-584.0,352.0,417.0,-161.0,320.0
59.0,-1359.0,-85.0,79.0,,-1068.0,-98.0,456.0,191.0,315.0
110.0,-1633.0,-72.0,175.0,,-1487.0,143.0,552.0,48.0,412.0
174.0,-1048.0,-68.0,285.0,,-1462.0,504.0,626.0,-71.0,565.0
181.0,-517.0,-38.0,259.0,,-1062.0,448.0,447.0,50.0,531.0
168.0,-280.0,-46.0,226.0,,-772.0,159.0,389.0,-170.0,516.0
143.0,37.0,-11.0,75.0,,-755.0,177.0,83.0,-41.0,617.0
200.0,818.0,8.0,-134.0,,-1106.0,645.0,9.0,326.0,552.0
165.0,1172.0,20.0,-46.0,,-823.0,685.0,79.0,362.0,369.0
267.0,684.0,97.0,109.0,,-390.0,341.0,288.0,153.0,381.0
300.0,889.0,96.0,207.0,,-238.0,197.0,668.0,123.0,381.0
325.0,566.0,203.0,460.0,,-759.0,344.0,692.0,585.0,254.0
409.0,-57.0,304.0,645.0,,-1383.0,641.0,753.0,883.0,281.0
424.0,-309.0,308.0,616.0,,-1230.0,610.0,585.0,789.0,239.0
593.0,-638.0,477.0,608.0,,-438.0,411.0,497.0,422.0,102.0
653.0,-560.0,554.0,653.0,,-25.0,360.0,463.0,221.0,120.0
700.0,-747.0,566.0,709.0,,-627.0,333.0,338.0,434.0,146.0
662.0,-775.0,624.0,843.0,,-1230.0,296.0,430.0,310.0,26.0
727.0,-542.0,675.0,828.0,,-1085.0,380.0,314.0,86.0,-96.0
754.0,-415.0,675.0,582.0,,-225.0,478.0,369.0,-318.0,-133.0
615.0,16.0,648.0,329.0,,23.0,384.0,389.0,-441.0,-268.0
695.0,491.0,655.0,110.0,,-354.0,84.0,395.0,-271.0,-401.0
662.0,688.0,542.0,-43.0,,-643.0,-208.0,559.0,-585.0,-463.0
595.0,580.0,530.0,-117.0,,-328.0,-241.0,655.0,-537.0,-616.0
480.0,758.0,476.0,-306.0,,174.0,-332.0,818.0,-830.0,-777.0
439.0,619.0,376.0,-575.0,,72.0,-527.0,733.0,-1191.0,-722.0
367.0,82.0,301.0,-564.0,,-615.0,-607.0,698.0,-892.0,-666.0
307.0,-441.0,230.0,-355.0,,-887.0,-463.0,593.0,-306.0,-860.0
356.0,-829.0,166.0,-334.0,,-187.0,-350.0,482.0,-41.0,-901.0
280.0,-654.0,78.0,-249.0,,272.0,-595.0,532.0,-345.0,-741.0
318.0,-688.0,116.0,-27.0,,198.0,-391.0,467.0,-96.0,-683.0
323.0,-838.0,30.0,8.0,,-321.0,43.0,596.0,123.0,-745.0
308.0,-565.0,27.0,144.0,,-443.0,-222.0,517.0,651.0,-698.0
279.0,-318.0,31.0,321.0,,-344.0,-514.0,445.0,1020.0,-560.0
291.0,-499.0,29.0,446.0,,-282.0,-472.0,410.0,504.0,-505.0
313.0,-364.0,84.0,674.0,,-316.0,-494.0,258.0,438.0,-419.0
312.0,-118.0,123.0,660.0,,-542.0,-398.0,327.0,415.0,-364.0
324.0,-280.0,217.0,429.0,,-348.0,-102.0,216.0,427.0,-278.0
298.0,-9.0,255.0,268.0,,-181.0,-109.0,210.0,289.0,-190.0
265.0,270.0,347.0,224.0,,63.0,-476.0,181.0,-146.0,-174.0
243.0,41.0,372.0,235.0,,-83.0,-682.0,232.0,-289.0,-210.0
249.0,-319.0,428.0,170.0,,-446.0,-616.0,473.0,-161.0,-244.0
145.0,-184.0,508.0,-264.0,,-430.0,-501.0,585.0,144.0,-175.0
97.0,-255.0,528.0,-757.0,,-142.0,-473.0,838.0,288.0,-153.0
-40.0,-500.0,532.0,-931.0,,-277.0,-627.0,827.0,318.0,-165.0
-109.0,-137.0,563.0,-983.0,,-625.0,-755.0,724.0,284.0,-228.0
-175.0,-46.0,534.0,-797.0,,-211.0,-614.0,445.0,230.0,-351.0
-255.0,275.0,529.0,-602.0,,7.0,-479.0,33.0,275.0,-347.0
-244.0,784.0,512.0,-442.0,,4.0,-579.0,-123.0,375.0,-289.0
-257.0,903.0,511.0,-201.0,,-205.0,-690.0,-186.0,144.0,-488.0
-206.0,972.0,523.0,105.0,,-350.0,-628.0,99.0,-240.0,-606.0
-303.0,1012.0,405.0,256.0,,-88.0,-796.0,315.0,311.0,-380.0
-232.0,875.0,431.0,100.0,,145.0,-1186.0,609.0,845.0,-404.0
-248.0,602.0,327.0,56.0,,412.0,-1172.0,953.0,664.0,-508.0
-170.0,222.0,292.0,34.0,,90.0,-1020.0,1040.0,619.0,-287.0
-99.0,-578.0,314.0,54.0,,-225.0,-928.0,1237.0,-145.0,-260.0
-136.0,-939.0,230.0,28.0,,-200.0,-844.0,1165.0,-544.0,-435.0
-10.0,-1191.0,210.0,20.0,,-157.0,-891.0,1136.0,-42.0,-247.0
0.0,-1773.0,159.0,110.0,,-100.0,-902.0,1062.0,-297.0,-60.0
115.0,-1997.0,156.0,22.0,,-371.0,-952.0,866.0,-621.0,-310.0
102.0,-2213.0,73.0,-10.0,,-571.0,-930.0,827.0,-965.0,-471.0
261.0,-2260.0,103.0,-56.0,,-322.0,-1181.0,676.0,-786.0,-376.0
348.0,-1888.0,171.0,-270.0,,169.0,-1541.0,750.0,-440.0,-501.0
361.0,-1493.0,124.0,-387.0,,233.0,-1090.0,650.0,-400.0,-794.0
429.0,-1327.0,140.0,-255.0,,123.0,-749.0,524.0,-534.0,-862.0
400.0,-760.0,171.0,-157.0,,166.0,-994.0,426.0,-1130.0,-845.0
517.0,19.0,218.0,-100.0,,-12.0,-1074.0,147.0,-683.0,-1010.0
534.0,527.0,265.0,117.0,,-121.0,-1010.0,129.0,-233.0,-1069.0
614.0,957.0,311.0,360.0,,-49.0,-800.0,90.0,-245.0,-943.0
587.0,1135.0,399.0,453.0,,-387.0,-555.0,291.0,-537.0,-1033.0
617.0,1650.0,447.0,392.0,,-468.0,-782.0,541.0,-370.0,-1230.0
587.0,1901.0,523.0,413.0,,-33.0,-1268.0,727.0,283.0,-1191.0
430.0,1576.0,624.0,477.0,,290.0,-1375.0,905.0,37.0,-1067.0
433.0,1820.0,640.0,482.0,,447.0,-1313.0,888.0,266.0,-1132.0
431.0,1719.0,680.0,550.0,,382.0,-1400.0,918.0,-88.0,-1158.0
419.0,953.0,697.0,480.0,,365.0,-1400.0,737.0,-816.0,-965.0
391.0,312.0,658.0,59.0,,326.0,-1137.0,703.0,-150.0,-720.0
340.0,-207.0,607.0,-307.0,,499.0,-1017.0,633.0,569.0,-539.0
225.0,-536.0,556.0,-415.0,,367.0,-1091.0,533.0,90.0,-358.0
201.0,-1044.0,553.0,-551.0,,333.0,-861.0,703.0,-770.0,-108.0
140.0,-1348.0,505.0,-589.0,,239.0,-786.0,720.0,-703.0,32.0
77.0,-1500.0,454.0,-515.0,,129.0,-1032.0,888.0,118.0,112.0
85.0,-1723.0,473.0,-380.0,,719.0,-851.0,970.0,653.0,162.0
80.0,-1661.0,409.0,-102.0,,967.0,-268.0,1031.0,287.0,161.0
92.0,-1631.0,360.0,-23.0,,619.0,-215.0,1032.0,299.0,62.0
156.0,-866.0,353.0,-16.0,,-173.0,-697.0,890.0,516.0,-119.0
222.0,-37.0,293.0,-58.0,,164.0,-1080.0,912.0,405.0,-216.0
230.0,579.0,304.0,-232.0,,534.0,-1130.0,683.0,910.0,-362.0
312.0,1691.0,269.0,-104.0,,529.0,-960.0,679.0,933.0,-598.0
383.0,2312.0,281.0,113.0,,627.0,-1204.0,689.0,224.0,-678.0
481.0,2655.0,252.0,211.0,,420.0,-1382.0,600.0,43.0,-675.0
546.0,2660.0,201.0,214.0,,788.0,-1076.0,700.0,219.0,-906.0
588.0,2282.0,237.0,85.0,,1012.0,-1031.0,642.0,346.0,-1033.0
635.0,1724.0,171.0,32.0,,1111.0,-1439.0,681.0,165.0,-997.0
633.0,591.0,216.0,43.0,,667.0,-1678.0,541.0,-262.0,-1062.0
571.0,-245.0,154.0,72.0,,413.0,-1420.0,456.0,-249.0,-1037.0
477.0,-603.0,181.0,104.0,,414.0,-1248.0,430.0,110.0,-975.0
450.0,-1100.0,252.0,124.0,,749.0,-1220.0,469.0,295.0,-1021.0
370.0,-1308.0,185.0,-32.0,,1408.0,-1048.0,681.0,335.0,-1063.0
259.0,-1141.0,291.0,-238.0,,1145.0,-891.0,626.0,-59.0,-904.0
157.0,-975.0,233.0,-35.0,,740.0,-896.0,809.0,-609.0,-793.0
74.0,-898.0,227.0,128.0,,847.0,-883.0,711.0,-273.0,-854.0
39.0,-795.0,271.0,172.0,,1523.0,-885.0,441.0,443.0,-793.0
46.0,-273.0,178.0,333.0,,1676.0,-1119.0,371.0,326.0,-627.0
38.0,278.0,220.0,377.0,,1561.0,-914.0,96.0,-403.0,-594.0
9.0,879.0,254.0,540.0,,1307.0,-480.0,64.0,-331.0,-628.0
32.0,1547.0,195.0,730.0,,1106.0,-548.0,40.0,335.0,-523.0
36.0,1751.0,192.0,816.0,,1208.0,-680.0,123.0,398.0,-434.0
-12.0,1719.0,143.0,820.0,,1222.0,-822.0,171.0,-20.0,-495.0
18.0,1594.0,125.0,622.0,,1211.0,-1082.0,232.0,-142.0,-509.0
44.0,1741.0,109.0,427.0,,736.0,-906.0,471.0,-43.0,-422.0
16.0,1193.0,64.0,152.0,,1356.0,-513.0,541.0,-313.0,-398.0
55.0,83.0,48.0,-93.0,,1815.0,-843.0,829.0,-263.0,-389.0
87.0,-163.0,5.0,-197.0,,1418.0,-1330.0,916.0,-103.0,-285.0
67.0,-525.0,57.0,-276.0,,1251.0,-1252.0,914.0,-479.0,-197.0
74.0,-998.0,20.0,-297.0,,764.0,-903.0,859.0,-641.0,-172.0
197.0,-1098.0,39.0,-341.0,,1362.0,-487.0,604.0,1.0,-85.0
177.0,-1227.0,92.0,-288.0,,1585.0,-620.0,511.0,443.0,33.0
122.0,-1045.0,87.0,-395.0,,936.0,-1297.0,362.0,-2.0,164.0
140.0,-639.0,151.0,-633.0,,910.0,-1311.0,456.0,-388.0,182.0
138.0,-319.0,175.0,-710.0,,993.0,-589.0,497.0,-242.0,177.0
166.0,577.0,191.0,-825.0,,1765.0,-467.0,480.0,117.0,256.0
94.0,1360.0,279.0,-822.0,,2169.0,-895.0,498.0,121.0,178.0
37.0,1692.0,364.0,-822.0,,1613.0,-647.0,351.0,-55.0,92.0
-17.0,2372.0,356.0,-801.0,,1463.0,-149.0,413.0,-373.0,56.0
71.0,2515.0,428.0,-605.0,,1388.0,-585.0,354.0,-611.0,-18.0
26.0,2179.0,475.0,-619.0,,1287.0,-1182.0,373.0,-404.0,-175.0
-52.0,2095.0,497.0,-741.0,,1562.0,-931.0,487.0,-96.0,-321.0
81.0,1983.0,570.0,-611.0,,1283.0,-363.0,515.0,-251.0,-389.0
127.0,1217.0,640.0,-367.0,,989.0,-228.0,533.0,-691.0,-493.0
259.0,352.0,661.0,-217.0,,1632.0,-631.0,282.0,-512.0,-632.0
243.0,37.0,703.0,-201.0,,1913.0,-932.0,84.0,-115.0,-694.0
254.0,-466.0,764.0,-389.0,,1530.0,-503.0,-254.0,398.0,-693.0
318.0,-1322.0,719.0,-482.0,,1251.0,38.0,-508.0,310.0,-767.0
351.0,-1891.0,741.0,-394.0,,1190.0,-238.0,-644.0,-333.0,-722.0
331.0,-2195.0,744.0,-300.0,,1342.0,-656.0,-957.0,-424.0,-699.0
269.0,-2451.0,688.0,-192.0,,1548.0,-423.0,-949.0,-244.0,-840.0
350.0,-2272.0,647.0,-156.0,,1328.0,-59.0,-938.0,59.0,-909.0
319.0,-1659.0,616.0,-12.0,,1141.0,-105.0,-722.0,179.0,-767.0
357.0,-681.0,564.0,247.0,,1617.0,-289.0,-345.0,26.0,-673.0
267.0,-360.0,529.0,357.0,,1864.0,-244.0,-11.0,-224.0,-763.0
278.0,-231.0,506.0,432.0,,1578.0,-109.0,375.0,360.0,-630.0
349.0,671.0,456.0,470.0,,1508.0,-21.0,432.0,746.0,-450.0
278.0,1087.0,412.0,225.0,,1453.0,-63.0,447.0,218.0,-396.0
287.0,1219.0,331.0,61.0,,1429.0,-366.0,264.0,-71.0,-329.0
210.0,1487.0,311.0,44.0,,1726.0,-573.0,72.0,-343.0,-160.0
265.0,1915.0,221.0,-74.0,,1835.0,-281.0,-110.0,271.0,-1.0
196.0,1885.0,167.0,-80.0,,1505.0,36.0,-352.0,443.0,11.0
99.0,1385.0,104.0,-171.0,,1018.0,-104.0,-402.0,-152.0,85.0
49.0,1448.0,-49.0,-253.0,,1316.0,-291.0,-635.0,51.0,171.0
40.0,1512.0,-91.0,-296.0,,1522.0,-182.0,-727.0,-55.0,147.0
69.0,1415.0,-182.0,-406.0,,1383.0,-69.0,-807.0,-9.0,-29.0
-24.0,1101.0,-283.0,-489.0,,1535.0,74.0,-787.0,364.0,-82.0
-29.0,545.0,-216.0,-538.0,,1233.0,123.0,-615.0,238.0,-144.0
-27.0,74.0,-167.0,-462.0,,1524.0,-116.0,-554.0,55.0,-398.0
96.0,-406.0,-217.0,-593.0,,2002.0,43.0,-308.0,-324.0,-416.0
136.0,-931.0,-102.0,-699.0,,1813.0,665.0,-279.0,-617.0,-426.0
129.0,-1258.0,-38.0,-629.0,,1388.0,942.0,-145.0,56.0,-518.0
207.0,-1413.0,7.0,-553.0,,1024.0,861.0,-31.0,-198.0,-546.0
184.0,-1414.0,140.0,-363.0,,1241.0,786.0,-121.0,-1238.0,-457.0
152.0,-1407.0,206.0,-134.0,,1565.0,736.0,-125.0,-714.0,-374.0
102.0,-1573.0,254.0,162.0,,1654.0,639.0,-347.0,-456.0,-401.0
99.0,-1446.0,358.0,425.0,,1477.0,532.0,-397.0,-547.0,-332.0
57.0,-1295.0,453.0,522.0,,1477.0,673.0,-526.0,-116.0,-305.0
5.0,-862.0,409.0,310.0,,1717.0,785.0,-641.0,-333.0,-347.0
-1.0,-628.0,495.0,63.0,,1409.0,739.0,-585.0,-422.0,-391.0
-65.0,-379.0,541.0,-10.0,,1003.0,508.0,-635.0,-40.0,-409.0
-21.0,252.0,523.0,-23.0,,885.0,132.0,-604.0,32.0,-414.0
39.0,300.0,605.0,57.0,,844.0,392.0,-820.0,-109.0,-383.0
50.0,649.0,602.0,97.0,,1089.0,691.0,-892.0,-258.0,-377.0
128.0,538.0,630.0,179.0,,1135.0,315.0,-811.0,-262.0,-415.0
130.0,-76.0,698.0,363.0,,965.0,79.0,-587.0,387.0,-310.0
134.0,78.0,691.0,582.0,,908.0,169.0,-216.0,637.0,-202.0
126.0,196.0,634.0,680.0,,868.0,7.0,-138.0,105.0,-164.0
159.0,-345.0,568.0,645.0,,876.0,-224.0,-31.0,27.0,-190.0
134.0,-528.0,486.0,539.0,,877.0,-183.0,-136.0,49.0,-205.0
53.0,-364.0,455.0,403.0,,953.0,217.0,-225.0,44.0,-205.0
114.0,-711.0,458.0,314.0,,872.0,678.0,-236.0,201.0,-178.0
53.0,-624.0,402.0,102.0,,898.0,547.0,-327.0,242.0,-145.0
24.0,-250.0,379.0,-36.0,,895.0,481.0,-297.0,27.0,-153.0
-21.0,55.0,361.0,13.0,,471.0,824.0,-478.0,-459.0,-78.0
-48.0,566.0,340.0,13.0,,378.0,940.0,-539.0,-131.0,14.0
5.0,822.0,345.0,-113.0,,699.0,966.0,-628.0,581.0,115.0
-12.0,757.0,424.0,-208.0,,630.0,985.0,-720.0,0.0,145.0
-66.0,993.0,490.0,-138.0,,269.0,790.0,-637.0,-686.0,246.0
-103.0,1496.0,457.0,-58.0,,409.0,604.0,-617.0,-567.0,421.0
-78.0,1769.0,573.0,-63.0,,519.0,770.0,-406.0,-308.0,434.0
-141.0,1957.0,564.0,-147.0,,386.0,999.0,-358.0,90.0,305.0
-227.0,1678.0,522.0,-72.0,,427.0,861.0,-380.0,81.0,269.0
-333.0,902.0,574.0,77.0,,367.0,749.0,-511.0,-536.0,336.0
-359.0,486.0,536.0,23.0,,597.0,970.0,-691.0,-706.0,228.0
-349.0,-111.0,561.0,-4.0,,866.0,998.0,-683.0,-359.0,210.0
-386.0,-962.0,543.0,77.0,,463.0,768.0,-896.0,-84.0,202.0
-389.0,-1284.0,641.0,103.0,,136.0,556.0,-923.0,-295.0,190.0
-340.0,-1586.0,677.0,148.0,,367.0,507.0,-971.0,-1045.0,320.0
-269.0,-1375.0,726.0,254.0,,544.0,1178.0,-1006.0,-935.0,425.0
-273.0,-1173.0,778.0,307.0,,502.0,1742.0,-838.0,59.0,497.0
-267.0,-1677.0,738.0,269.0,,211.0,1304.0,-713.0,465.0,432.0
-246.0,-1693.0,739.0,169.0,,-41.0,853.0,-487.0,-420.0,506.0
-194.0,-1096.0,607.0,128.0,,-10.0,1108.0,-443.0,-1036.0,586.0
-132.0,-531.0,587.0,30.0,,-141.0,1700.0,-288.0,-327.0,458.0
-101.0,-532.0,468.0,-173.0,,-236.0,1662.0,-266.0,-356.0,334.0
-103.0,-63.0,473.0,-409.0,,-53.0,1057.0,-441.0,-361.0,258.0
-80.0,923.0,484.0,-411.0,,179.0,841.0,-530.0,283.0,190.0
36.0,852.0,366.0,-68.0,,404.0,1232.0,-883.0,-69.0,108.0
107.0,640.0,391.0,208.0,,450.0,1749.0,-1077.0,-553.0,188.0
89.0,914.0,342.0,325.0,,106.0,1896.0,-1167.0,-175.0,173.0
127.0,915.0,352.0,197.0,,-226.0,1714.0,-1023.0,386.0,82.0
154.0,840.0,402.0,-79.0,,-287.0,1614.0,-667.0,-45.0,56.0
208.0,693.0,433.0,-252.0,,85.0,1755.0,-339.0,-432.0,21.0
238.0,477.0,369.0,-278.0,,341.0,1716.0,120.0,-41.0,42.0
215.0,-141.0,444.0,-72.0,,-30.0,1687.0,258.0,-50.0,-43.0
273.0,-727.0,444.0,78.0,,-295.0,1664.0,378.0,133.0,-197.0
311.0,-1024.0,396.0,135.0,,-187.0,1464.0,297.0,-2.0,-345.0
344.0,-1587.0,426.0,304.0,,66.0,1535.0,51.0,-382.0,-359.0
304.0,-1299.0,355.0,328.0,,-171.0,1424.0,-48.0,-204.0,-355.0
293.0,-1026.0,354.0,140.0,,-354.0,1150.0,-338.0,-396.0,-331.0
247.0,-1466.0,323.0,-81.0,,-226.0,1385.0,-474.0,-296.0,-227.0
204.0,-1329.0,363.0,-146.0,,-268.0,1864.0,-707.0,-207.0,-197.0
164.0,-780.0,362.0,116.0,,-89.0,1863.0,-885.0,-454.0,-1.0
75.0,-523.0,439.0,342.0,,-119.0,1374.0,-958.0,-293.0,239.0
112.0,-380.0,488.0,363.0,,-265.0,1355.0,-964.0,20.0,324.0
113.0,14.0,526.0,499.0,,-342.0,1905.0,-818.0,581.0,340.0
139.0,521.0,541.0,612.0,,-512.0,2177.0,-825.0,665.0,475.0
98.0,928.0,465.0,577.0,,-552.0,1933.0,-508.0,-165.0,635.0
108.0,727.0,528.0,513.0,,-242.0,1506.0,-273.0,-402.0,617.0
155.0,770.0,465.0,349.0,,-123.0,1174.0,-84.0,-90.0,630.0
128.0,787.0,460.0,202.0,,-423.0,1326.0,230.0,-100.0,606.0
145.0,386.0,467.0,225.0,,-285.0,1870.0,347.0,111.0,505.0
106.0,428.0,431.0,301.0,,63.0,1824.0,515.0,-118.0,397.0
91.0,277.0,452.0,266.0,,-7.0,1336.0,365.0,-383.0,306.0
76.0,-82.0,497.0,85.0,,-540.0,1330.0,86.0,214.0,206.0
122.0,-532.0,534.0,-11.0,,-636.0,1662.0,-317.0,404.0,34.0
169.0,-752.0,605.0,-114.0,,-194.0,1849.0,-713.0,217.0,-120.0
163.0,-831.0,648.0,-425.0,,-204.0,1768.0,-842.0,262.0,-202.0
247.0,-473.0,647.0,-762.0,,-430.0,1766.0,-938.0,238.0,-204.0
294.0,208.0,686.0,-875.0,,-377.0,1811.0,-729.0,158.0,-261.0
266.0,349.0,638.0,-678.0,,-173.0,1647.0,-667.0,262.0,-228.0
197.0,652.0,577.0,-598.0,,-268.0,1470.0,-637.0,592.0,-163.0
150.0,644.0,500.0,-592.0,,-380.0,1506.0,-554.0,266.0,-52.0
145.0,279.0,454.0,-341.0,,-290.0,1699.0,-491.0,-339.0,114.0
74.0,90.0,352.0,-50.0,,-257.0,1471.0,-125.0,163.0,124.0
-6.0,-460.0,316.0,281.0,,-413.0,1162.0,158.0,211.0,178.0
-157.0,-529.0,274.0,621.0,,-865.0,1298.0,561.0,-143.0,246.0
-243.0,171.0,246.0,948.0,,-834.0,1330.0,750.0,77.0,321.0
-272.0,-192.0,237.0,1150.0,,-382.0,1041.0,722.0,-504.0,345.0
-336.0,-1071.0,134.0,1087.0,,-370.0,1070.0,607.0,-344.0,435.0
-380.0,-1654.0,104.0,1145.0,,-607.0,1640.0,269.0,522.0,519.0
-471.0,-2037.0,25.0,1245.0,,-617.0,1636.0,149.0,57.0,501.0
-464.0,-1664.0,-36.0,979.0,,-373.0,992.0,-138.0,-161.0,615.0
-457.0,-1998.0,-67.0,716.0,,-348.0,705.0,-334.0,20.0,678.0
-471.0,-2514.0,6.0,557.0,,-584.0,775.0,-535.0,2.0,609.0
-427.0,-2116.0,48.0,325.0,,-631.0,1031.0,-757.0,364.0,605.0
-390.0,-1895.0,99.0,228.0,,-353.0,1318.0,-570.0,394.0,736.0
-333.0,-1464.0,172.0,191.0,,-369.0,1355.0,-352.0,-93.0,640.0
-276.0,-907.0,175.0,209.0,,-840.0,1031.0,72.0,-268.0,502.0
-245.0,-736.0,268.0,133.0,,-621.0,637.0,310.0,534.0,588.0
-200.0,394.0,318.0,141.0,,59.0,746.0,415.0,1110.0,511.0
-142.0,1833.0,344.0,421.0,,23.0,862.0,532.0,969.0,279.0
-51.0,1595.0,368.0,340.0,,-396.0,487.0,432.0,358.0,225.0
-35.0,1472.0,456.0,250.0,,-435.0,254.0,410.0,-142.0,361.0
-44.0,2148.0,485.0,409.0,,-164.0,416.0,262.0,521.0,242.0
41.0,1922.0,452.0,414.0,,-313.0,724.0,308.0,633.0,63.0
45.0,1810.0,472.0,365.0,,-838.0,800.0,317.0,700.0,198.0
91.0,1737.0,399.0,177.0,,-899.0,543.0,218.0,509.0,202.0
112.0,1230.0,383.0,206.0,,-699.0,336.0,288.0,-1.0,12.0
143.0,1132.0,362.0,415.0,,-870.0,480.0,160.0,576.0,21.0
116.0,1289.0,353.0,335.0,,-1101.0,840.0,181.0,320.0,123.0
36.0,930.0,417.0,142.0,,-813.0,868.0,184.0,-42.0,71.0
64.0,363.0,400.0,-79.0,,-323.0,406.0,327.0,44.0,107.0
-14.0,644.0,428.0,-166.0,,-396.0,-23.0,463.0,-184.0,255.0
-24.0,796.0,410.0,-294.0,,-682.0,36.0,336.0,-104.0,219.0
-51.0,842.0,372.0,-400.0,,-419.0,418.0,343.0,423.0,157.0
-80.0,491.0,344.0,-278.0,,25.0,430.0,157.0,420.0,156.0
-161.0,75.0,285.0,-231.0,,-110.0,-254.0,116.0,218.0,125.0
-277.0,252.0,278.0,-89.0,,-523.0,-604.0,24.0,6.0,108.0
-282.0,323.0,323.0,-55.0,,-490.0,-271.0,-160.0,-210.0,92.0
-313.0,100.0,298.0,-198.0,,-317.0,-100.0,-269.0,491.0,78.0
-268.0,-504.0,293.0,-115.0,,-544.0,-328.0,-511.0,28.0,183.0
-308.0,-599.0,280.0,-28.0,,-810.0,-739.0,-375.0,-356.0,194.0
-322.0,-616.0,245.0,-10.0,,-514.0,-1044.0,-164.0,-51.0,6.0
-243.0,-453.0,302.0,51.0,,-207.0,-1259.0,153.0,0.0,69.0
-182.0,-977.0,274.0,199.0,,-387.0,-944.0,473.0,133.0,153.0
-137.0,-1366.0,299.0,360.0,,-564.0,-414.0,702.0,-140.0,25.0
-146.0,-1116.0,337.0,395.0,,-530.0,-433.0,951.0,186.0,-44.0
-86.0,-1066.0,329.0,486.0,,-519.0,-583.0,829.0,-339.0,120.0
-52.0,-472.0,339.0,570.0,,-726.0,-553.0,718.0,-579.0,184.0
23.0,-514.0,358.0,438.0,,-668.0,-194.0,419.0,585.0,77.0
73.0,-145.0,352.0,304.0,,-317.0,89.0,140.0,489.0,269.0
18.0,335.0,438.0,158.0,,-235.0,82.0,-33.0,-398.0,379.0
79.0,489.0,416.0,66.0,,-469.0,-85.0,-286.0,-125.0,319.0
131.0,650.0,422.0,126.0,,-561.0,-473.0,-206.0,325.0,426.0
125.0,578.0,478.0,64.0,,-177.0,-991.0,-334.0,318.0,705.0
99.0,793.0,398.0,50.0,,-93.0,-1666.0,-389.0,451.0,638.0
119.0,1031.0,529.0,28.0,,-500.0,-1777.0,-306.0,-260.0,582.0
128.0,672.0,457.0,-22.0,,-683.0,-1370.0,-192.0,-423.0,913.0
121.0,155.0,438.0,107.0,,-425.0,-1280.0,90.0,471.0,960.0
154.0,91.0,423.0,196.0,,-254.0,-1239.0,181.0,416.0,869.0
174.0,-352.0,261.0,144.0,,-506.0,-1171.0,354.0,19.0,961.0
237.0,-249.0,265.0,97.0,,-459.0,-1165.0,406.0,-122.0,1162.0
284.0,-384.0,191.0,68.0,,-155.0,-1033.0,530.0,-393.0,1047.0
293.0,-719.0,141.0,-76.0,,-92.0,-824.0,567.0,298.0,1193.0
259.0,-831.0,98.0,-152.0,,-151.0,-718.0,317.0,864.0,1394.0
304.0,-691.0,47.0,-208.0,,-110.0,-753.0,236.0,620.0,1054.0
401.0,-232.0,-29.0,-323.0,,173.0,-676.0,40.0,323.0,975.0
452.0,-349.0,-72.0,-424.0,,285.0,-466.0,42.0,-246.0,1236.0
462.0,136.0,-33.0,-460.0,,29.0,-379.0,44.0,289.0,1207.0
479.0,610.0,-90.0,-266.0,,-223.0,-772.0,11.0,693.0,866.0
519.0,1096.0,-85.0,-10.0,,-202.0,-1271.0,168.0,53.0,877.0
529.0,951.0,-22.0,264.0,,-150.0,-978.0,338.0,-230.0,737.0
526.0,593.0,28.0,443.0,,-346.0,-516.0,665.0,-229.0,527.0
503.0,763.0,108.0,404.0,,-380.0,-1030.0,768.0,-86.0,511.0
498.0,363.0,168.0,463.0,,-108.0,-2038.0,914.0,307.0,263.0
450.0,300.0,251.0,610.0,,143.0,-2342.0,944.0,110.0,-115.0
396.0,234.0,289.0,722.0,,81.0,-1852.0,785.0,-668.0,-224.0
300.0,-247.0,373.0,913.0,,-47.0,-1215.0,626.0,-481.0,-61.0
277.0,-417.0,416.0,835.0,,-42.0,-802.0,149.0,-155.0,-220.0
259.0,-200.0,524.0,588.0,,-264.0,-872.0,-92.0,-320.0,-306.0
151.0,-401.0,601.0,588.0,,-400.0,-1226.0,-236.0,-510.0,-243.0
52.0,-143.0,677.0,426.0,,-369.0,-1301.0,-173.0,-581.0,-73.0
-17.0,293.0,776.0,125.0,,-491.0,-775.0,90.0,-330.0,98.0
-63.0,342.0,798.0,-117.0,,-575.0,-116.0,240.0,-128.0,246.0
-209.0,538.0,915.0,-358.0,,-412.0,-511.0,454.0,-247.0,358.0
-227.0,414.0,819.0,-465.0,,-95.0,-1371.0,367.0,-534.0,294.0
-208.0,325.0,933.0,-483.0,,135.0,-1255.0,264.0,-637.0,526.0
-174.0,227.0,959.0,-466.0,,131.0,-635.0,103.0,-473.0,684.0
-149.0,337.0,932.0,-546.0,,-52.0,-578.0,73.0,202.0,555.0
-95.0,46.0,1046.0,-671.0,,-108.0,-1088.0,295.0,628.0,403.0
-16.0,-106.0,965.0,-597.0,,-133.0,-1174.0,338.0,255.0,359.0
18.0,-83.0,962.0,-304.0,,-221.0,-885.0,489.0,-139.0,297.0
112.0,-562.0,898.0,38.0,,-330.0,-915.0,456.0,-41.0,344.0
123.0,-475.0,825.0,168.0,,-415.0,-844.0,513.0,309.0,360.0
200.0,-429.0,740.0,108.0,,-197.0,-671.0,543.0,489.0,125.0
222.0,-305.0,761.0,24.0,,162.0,-632.0,306.0,502.0,142.0
258.0,-176.0,584.0,-37.0,,200.0,-557.0,114.0,37.0,355.0
282.0,77.0,530.0,-121.0,,-27.0,-560.0,-266.0,-321.0,324.0
286.0,686.0,545.0,-259.0,,47.0,-482.0,-282.0,256.0,108.0
292.0,555.0,405.0,-382.0,,159.0,-257.0,-245.0,664.0,30.0
228.0,389.0,499.0,-429.0,,52.0,-282.0,-134.0,382.0,25.0
214.0,612.0,344.0,-440.0,,-74.0,-718.0,169.0,-44.0,-35.0
148.0,590.0,372.0,-528.0,,-183.0,-1131.0,240.0,-256.0,-185.0
117.0,958.0,413.0,-637.0,,-4.0,-987.0,437.0,-129.0,-218.0
59.0,1358.0,365.0,-587.0,,-139.0,-546.0,330.0,154.0,-254.0
21.0,1159.0,490.0,-528.0,,-346.0,-376.0,149.0,162.0,-183.0
-44.0,1046.0,478.0,-628.0,,-16.0,-554.0,25.0,-208.0,107.0
-78.0,689.0,504.0,-631.0,,90.0,-729.0,-169.0,-310.0,142.0
-88.0,271.0,583.0,-407.0,,-14.0,-544.0,-230.0,-189.0,15.0
-151.0,-133.0,583.0,-309.0,,-110.0,-188.0,-341.0,267.0,101.0
-170.0,-556.0,610.0,-479.0,,-169.0,-309.0,-216.0,219.0,371.0
-203.0,-772.0,707.0,-524.0,,-214.0,-682.0,-160.0,-423.0,347.0
-196.0,-1083.0,733.0,-509.0,,-212.0,-502.0,-70.0,-425.0,362.0
-206.0,-1262.0,794.0,-474.0,,-26.0,-196.0,51.0,103.0,628.0
-132.0,-1359.0,802.0,-388.0,,219.0,-104.0,59.0,524.0,729.0
-57.0,-1406.0,794.0,-399.0,,303.0,238.0,267.0,185.0,834.0
-20.0,-1109.0,770.0,-345.0,,50.0,314.0,260.0,-18.0,1004.0
19.0,-819.0,737.0,-266.0,,47.0,-59.0,264.0,345.0,984.0
67.0,-683.0,646.0,-66.0,,82.0,-251.0,223.0,574.0,853.0
125.0,-32.0,551.0,204.0,,61.0,-302.0,110.0,616.0,820.0
133.0,65.0,550.0,249.0,,162.0,-92.0,27.0,953.0,787.0
130.0,-32.0,485.0,291.0,,48.0,-30.0,-171.0,468.0,629.0
97.0,219.0,501.0,443.0,,109.0,-212.0,-199.0,-59.0,468.0
89.0,7.0,523.0,397.0,,177.0,-95.0,-356.0,615.0,357.0
33.0,178.0,536.0,305.0,,229.0,5.0,-373.0,514.0,291.0
23.0,295.0,529.0,294.0,,166.0,-4.0,-360.0,112.0,270.0
14.0,18.0,615.0,217.0,,118.0,44.0,-358.0,150.0,135.0
-20.0,-31.0,594.0,104.0,,205.0,395.0,-64.0,-161.0,68.0
-44.0,184.0,626.0,8.0,,209.0,299.0,72.0,-241.0,53.0
-112.0,81.0,720.0,72.0,,361.0,-327.0,264.0,35.0,-52.0
-132.0,144.0,664.0,141.0,,295.0,-186.0,393.0,-618.0,-155.0
-205.0,249.0,818.0,72.0,,316.0,207.0,487.0,-719.0,-250.0
-260.0,-114.0,792.0,46.0,,310.0,-90.0,517.0,-451.0,-306.0
-309.0,147.0,809.0,-46.0,,324.0,-624.0,332.0,-634.0,-308.0
-387.0,253.0,838.0,-222.0,,472.0,-453.0,251.0,-255.0,-244.0
-459.0,-282.0,836.0,-380.0,,390.0,-74.0,42.0,-614.0,-196.0
-523.0,-600.0,873.0,-468.0,,505.0,-103.0,-103.0,-746.0,-204.0
-522.0,-497.0,834.0,-258.0,,454.0,-45.0,-345.0,-316.0,-146.0
-497.0,-265.0,915.0,-214.0,,384.0,4.0,-679.0,-72.0,182.0
-459.0,-181.0,865.0,-330.0,,253.0,156.0,-792.0,-99.0,357.0
-446.0,-126.0,859.0,-344.0,,112.0,349.0,-866.0,-134.0,280.0
-375.0,-74.0,779.0,-418.0,,158.0,344.0,-652.0,-17.0,491.0
-266.0,-251.0,679.0,-224.0,,160.0,370.0,-517.0,-175.0,752.0
-186.0,-739.0,590.0,56.0,,351.0,356.0,-421.0,-86.0,774.0
-123.0,-1059.0,514.0,72.0,,244.0,355.0,-354.0,111.0,830.0
-100.0,-513.0,456.0,-93.0,,68.0,634.0,-522.0,320.0,806.0
-26.0,-29.0,395.0,-238.0,,-110.0,1156.0,-473.0,216.0,597.0
27.0,-22.0,409.0,-351.0,,53.0,1230.0,-432.0,350.0,678.0
14.0,350.0,382.0,-377.0,,208.0,764.0,-275.0,647.0,798.0
58.0,557.0,428.0,-307.0,,-108.0,563.0,-216.0,662.0,563.0
130.0,433.0,377.0,-238.0,,166.0,713.0,-182.0,643.0,359.0
148.0,141.0,394.0,-122.0,,373.0,604.0,-3.0,201.0,542.0
128.0,356.0,361.0,-86.0,,400.0,-15.0,-103.0,-274.0,661.0
135.0,484.0,341.0,-161.0,,229.0,-281.0,-20.0,147.0,469.0
168.0,-9.0,392.0,-213.0,,137.0,168.0,-59.0,690.0,284.0
209.0,182.0,364.0,-121.0,,319.0,479.0,-188.0,35.0,159.0
223.0,337.0,416.0,-9.0,,152.0,292.0,-354.0,-297.0,57.0
217.0,-95.0,397.0,-4.0,,52.0,38.0,-687.0,-48.0,-108.0
209.0,-150.0,410.0,148.0,,106.0,69.0,-777.0,167.0,-142.0
202.0,393.0,348.0,362.0,,451.0,285.0,-953.0,311.0,-311.0
189.0,582.0,376.0,433.0,,333.0,567.0,-933.0,150.0,-494.0
215.0,218.0,379.0,436.0,,158.0,877.0,-881.0,-76.0,-299.0
284.0,-42.0,282.0,390.0,,273.0,923.0,-933.0,-146.0,-182.0
300.0,5.0,335.0,294.0,,189.0,530.0,-947.0,231.0,-312.0
290.0,-49.0,263.0,145.0,,255.0,377.0,-1021.0,497.0,-313.0
301.0,-315.0,177.0,135.0,,-62.0,455.0,-886.0,433.0,20.0
281.0,-505.0,130.0,314.0,,-213.0,170.0,-835.0,-101.0,197.0
268.0,-542.0,58.0,375.0,,-106.0,72.0,-641.0,-146.0,252.0
314.0,-702.0,-54.0,193.0,,-70.0,519.0,-517.0,201.0,309.0
314.0,-974.0,-55.0,179.0,,29.0,934.0,-528.0,277.0,303.0
302.0,-589.0,-2.0,331.0,,-66.0,668.0,-393.0,290.0,370.0
255.0,-740.0,-29.0,160.0,,-42.0,129.0,-489.0,-104.0,328.0
238.0,-1112.0,58.0,-97.0,,163.0,-116.0,-522.0,-92.0,294.0
179.0,-535.0,145.0,-307.0,,202.0,-33.0,-694.0,14.0,247.0
46.0,-109.0,219.0,-656.0,,79.0,94.0,-848.0,87.0,15.0
-14.0,37.0,312.0,-831.0,,48.0,-113.0,-921.0,133.0,-114.0
-85.0,-27.0,435.0,-771.0,,-148.0,-126.0,-1071.0,-321.0,131.0
-124.0,227.0,513.0,-638.0,,-350.0,7.0,-1086.0,-778.0,149.0
-253.0,635.0,582.0,-355.0,,-429.0,-225.0,-1284.0,-507.0,-164.0
-320.0,454.0,752.0,-42.0,,-258.0,-461.0,-1208.0,-307.0,-35.0
-355.0,565.0,831.0,155.0,,8.0,-182.0,-1134.0,-327.0,236.0
-359.0,1220.0,971.0,223.0,,-189.0,208.0,-1141.0,-220.0,167.0
-342.0,1040.0,1029.0,179.0,,-157.0,373.0,-1051.0,-986.0,-5.0
-378.0,439.0,973.0,90.0,,51.0,505.0,-1095.0,101.0,18.0
-355.0,248.0,1004.0,96.0,,59.0,17.0,-931.0,1006.0,2.0
-423.0,-604.0,958.0,146.0,,-140.0,-536.0,-914.0,132.0,-225.0
-381.0,-1192.0,931.0,4.0,,-458.0,-439.0,-720.0,565.0,-362.0
-376.0,-972.0,843.0,-253.0,,-428.0,-199.0,-491.0,371.0,-530.0
-373.0,-607.0,801.0,-460.0,,-513.0,180.0,-432.0,565.0,-823.0
-419.0,-7.0,667.0,-694.0,,-876.0,391.0,-282.0,1120.0,-1061.0
-477.0,447.0,499.0,-902.0,,-1076.0,239.0,-371.0,718.0,-1023.0
-451.0,383.0,433.0,-1027.0,,-976.0,13.0,-271.0,-21.0,-1135.0
-518.0,654.0,237.0,-985.0,,-711.0,-82.0,-399.0,-618.0,-1508.0
-491.0,1282.0,186.0,-827.0,,-776.0,203.0,-622.0,-68.0,-1471.0
-459.0,1113.0,126.0,-761.0,,-1058.0,525.0,-692.0,-205.0,-1312.0
-373.0,1216.0,52.0,-688.0,,-973.0,417.0,-1018.0,-677.0,-1369.0
-348.0,1434.0,47.0,-663.0,,-964.0,177.0,-1230.0,-946.0,-1497.0
-323.0,1055.0,96.0,-556.0,,-1000.0,155.0,-1393.0,-947.0,-1380.0
-319.0,373.0,103.0,-351.0,,-1003.0,100.0,-1199.0,-537.0,-1145.0
-391.0,-72.0,125.0,-216.0,,-1043.0,62.0,-992.0,-989.0,-994.0
-467.0,246.0,193.0,-204.0,,-976.0,193.0,-888.0,-765.0,-922.0
-561.0,240.0,206.0,-179.0,,-1210.0,229.0,-657.0,-676.0,-842.0
-625.0,223.0,271.0,164.0,,-1017.0,114.0,-681.0,-1287.0,-547.0
-719.0,266.0,309.0,463.0,,-736.0,63.0,-600.0,-625.0,-336.0
-754.0,413.0,417.0,605.0,,-799.0,219.0,-718.0,-221.0,-76.0
-875.0,563.0,454.0,600.0,,-866.0,183.0,-800.0,-478.0,94.0
-947.0,498.0,491.0,292.0,,-1026.0,-237.0,-733.0,-659.0,142.0
-905.0,1282.0,554.0,-58.0,,-826.0,-502.0,-696.0,-678.0,298.0
-779.0,1657.0,575.0,-295.0,,-900.0,-534.0,-428.0,88.0,496.0
-697.0,1591.0,577.0,-387.0,,-1187.0,-597.0,-430.0,396.0,528.0
-688.0,1351.0,579.0,-558.0,,-1126.0,-541.0,-404.0,27.0,283.0
-644.0,718.0,527.0,-857.0,,-950.0,-449.0,-467.0,-43.0,303.0
-667.0,318.0,511.0,-851.0,,-855.0,-439.0,-556.0,480.0,412.0
-588.0,-653.0,490.0,-763.0,,-1035.0,-568.0,-552.0,748.0,235.0
-587.0,-980.0,375.0,-812.0,,-1150.0,-841.0,-672.0,466.0,-70.0
-631.0,-759.0,379.0,-650.0,,-1022.0,-777.0,-424.0,550.0,-209.0
-628.0,-1007.0,271.0,-581.0,,-1041.0,-654.0,-269.0,255.0,-345.0
-609.0,-1047.0,266.0,-549.0,,-1183.0,-782.0,-36.0,171.0,-595.0
-585.0,-1063.0,170.0,-262.0,,-1164.0,-909.0,269.0,649.0,-604.0
-621.0,-952.0,113.0,4.0,,-1116.0,-1090.0,301.0,807.0,-669.0
-516.0,-696.0,145.0,227.0,,-1107.0,-1116.0,254.0,822.0,-942.0
-446.0,-96.0,126.0,245.0,,-1234.0,-885.0,-88.0,762.0,-929.0
-437.0,149.0,136.0,124.0,,-1261.0,-635.0,-288.0,344.0,-643.0
-414.0,445.0,79.0,-83.0,,-1049.0,-444.0,-375.0,225.0,-734.0
-441.0,1017.0,110.0,-456.0,,-1028.0,-292.0,-388.0,805.0,-954.0
-447.0,968.0,-9.0,-619.0,,-1185.0,-222.0,-389.0,567.0,-781.0
-501.0,1042.0,16.0,-617.0,,-1312.0,-236.0,-480.0,-181.0,-654.0
-568.0,802.0,-95.0,-577.0,,-1280.0,-473.0,-218.0,-544.0,-732.0
-680.0,833.0,-114.0,-494.0,,-1220.0,-802.0,-86.0,-212.0,-699.0
-725.0,1238.0,-87.0,-498.0,,-1399.0,-697.0,24.0,95.0,-658.0
-762.0,1066.0,-106.0,-420.0,,-1322.0,-320.0,145.0,-372.0,-701.0
-865.0,779.0,-33.0,-295.0,,-895.0,-213.0,134.0,-350.0,-501.0
-847.0,609.0,-38.0,-288.0,,-678.0,-422.0,149.0,-176.0,-236.0
-773.0,293.0,109.0,-236.0,,-706.0,-790.0,-72.0,91.0,-149.0
-681.0,-148.0,73.0,-6.0,,-807.0,-1091.0,-158.0,481.0,-44.0
-641.0,4.0,238.0,157.0,,-709.0,-963.0,-303.0,283.0,130.0
-613.0,-65.0,212.0,82.0,,-755.0,-660.0,-336.0,-255.0,371.0
-569.0,-388.0,289.0,8.0,,-1032.0,-564.0,-177.0,-638.0,466.0
-486.0,-478.0,401.0,-76.0,,-1018.0,-618.0,-197.0,11.0,351.0
-438.0,-439.0,404.0,-147.0,,-817.0,-800.0,-123.0,503.0,207.0
-394.0,-148.0,539.0,-93.0,,-684.0,-1006.0,-284.0,208.0,127.0
-322.0,-329.0,422.0,-99.0,,-638.0,-1125.0,-280.0,-87.0,46.0
-312.0,-317.0,572.0,-87.0,,-520.0,-963.0,-197.0,-359.0,-196.0
-229.0,-200.0,535.0,57.0,,-439.0,-754.0,-147.0,204.0,-377.0
-158.0,-433.0,538.0,206.0,,-545.0,-798.0,105.0,959.0,-453.0
-52.0,-458.0,579.0,214.0,,-769.0,-958.0,175.0,697.0,-603.0
53.0,-751.0,496.0,184.0,,-746.0,-1199.0,386.0,-119.0,-788.0
115.0,-1189.0,464.0,185.0,,-626.0,-1310.0,306.0,-247.0,-827.0
207.0,-985.0,390.0,162.0,,-751.0,-1301.0,109.0,178.0,-752.0
293.0,-604.0,293.0,32.0,,-772.0,-1251.0,-14.0,304.0,-870.0
315.0,-721.0,165.0,-179.0,,-638.0,-1167.0,-221.0,447.0,-919.0
300.0,-574.0,141.0,-239.0,,-496.0,-1255.0,-206.0,-112.0,-808.0
290.0,-423.0,40.0,-241.0,,-536.0,-1361.0,-437.0,-791.0,-800.0
264.0,-407.0,109.0,-235.0,,-584.0,-1240.0,-533.0,-103.0,-791.0
208.0,-159.0,112.0,-297.0,,-363.0,-880.0,-559.0,845.0,-629.0
142.0,-266.0,135.0,-327.0,,-300.0,-668.0,-565.0,490.0,-465.0
152.0,-54.0,174.0,-243.0,,-565.0,-853.0,-417.0,-994.0,-474.0
163.0,558.0,237.0,-368.0,,-672.0,-803.0,-410.0,-1211.0,-343.0
160.0,643.0,299.0,-479.0,,-527.0,-402.0,-229.0,-277.0,-159.0
156.0,155.0,310.0,-404.0,,-442.0,-299.0,-144.0,57.0,-176.0
200.0,170.0,470.0,-342.0,,-515.0,-560.0,35.0,-628.0,-211.0
247.0,402.0,404.0,-314.0,,-530.0,-684.0,254.0,-1497.0,-231.0
291.0,548.0,519.0,-300.0,,-198.0,-313.0,441.0,-907.0,-246.0
295.0,833.0,537.0,-372.0,,39.0,201.0,720.0,-353.0,-198.0
267.0,505.0,553.0,-432.0,,-67.0,383.0,726.0,-176.0,-154.0
232.0,166.0,640.0,-522.0,,-49.0,159.0,726.0,135.0,-155.0
152.0,291.0,569.0,-591.0,,227.0,-344.0,574.0,-252.0,-241.0
65.0,478.0,695.0,-443.0,,393.0,-783.0,388.0,-809.0,-232.0
-13.0,-583.0,696.0,-436.0,,102.0,-737.0,179.0,-147.0,-63.0
16.0,-1109.0,737.0,-417.0,,-142.0,-406.0,-66.0,777.0,-84.0
-1.0,-657.0,834.0,-363.0,,116.0,-414.0,-53.0,535.0,-125.0
68.0,-1225.0,846.0,-373.0,,331.0,-1007.0,-131.0,40.0,-106.0
106.0,-1812.0,896.0,-257.0,,139.0,-1724.0,-112.0,-359.0,-115.0
158.0,-1979.0,891.0,-262.0,,-144.0,-1765.0,-151.0,340.0,-175.0
292.0,-1513.0,861.0,-245.0,,-169.0,-1261.0,-144.0,648.0,-275.0
348.0,-1977.0,871.0,-247.0,,-39.0,-1020.0,88.0,50.0,-337.0
456.0,-1717.0,837.0,-297.0,,-109.0,-1145.0,219.0,-459.0,-467.0
409.0,-664.0,822.0,-252.0,,-180.0,-1126.0,428.0,-850.0,-462.0
437.0,-818.0,843.0,-166.0,,-15.0,-1116.0,526.0,-160.0,-401.0
427.0,-374.0,795.0,-87.0,,-32.0,-1259.0,685.0,105.0,-432.0
389.0,329.0,727.0,-95.0,,-169.0,-1042.0,783.0,-43.0,-535.0
365.0,951.0,702.0,-39.0,,-242.0,-637.0,698.0,-280.0,-612.0
288.0,601.0,607.0,220.0,,-313.0,-491.0,700.0,-452.0,-581.0
282.0,870.0,505.0,463.0,,-318.0,-546.0,537.0,42.0,-591.0
269.0,1304.0,460.0,532.0,,-521.0,-707.0,363.0,149.0,-654.0
288.0,478.0,340.0,569.0,,-433.0,-987.0,-20.0,-243.0,-699.0
256.0,20.0,179.0,536.0,,-125.0,-1462.0,-308.0,-737.0,-609.0
333.0,-355.0,73.0,599.0,,-146.0,-1623.0,-417.0,-333.0,-523.0
389.0,-107.0,-18.0,755.0,,-66.0,-891.0,-685.0,143.0,-501.0
388.0,-163.0,-154.0,726.0,,11.0,-55.0,-646.0,-182.0,-469.0
411.0,-363.0,-146.0,453.0,,64.0,236.0,-519.0,-167.0,-451.0
446.0,-57.0,-179.0,287.0,,13.0,357.0,-186.0,-538.0,-427.0
472.0,447.0,-214.0,432.0,,-321.0,310.0,158.0,-601.0,-362.0
482.0,991.0,-138.0,512.0,,-329.0,-187.0,319.0,258.0,-159.0
481.0,1143.0,-70.0,652.0,,-93.0,-509.0,509.0,831.0,-57.0
422.0,1608.0,30.0,703.0,,-71.0,-10.0,515.0,485.0,-136.0
449.0,1819.0,187.0,542.0,,-27.0,450.0,620.0,-236.0,-24.0
457.0,1797.0,291.0,581.0,,169.0,516.0,530.0,130.0,212.0
463.0,1747.0,345.0,762.0,,541.0,645.0,380.0,586.0,158.0
404.0,974.0,476.0,813.0,,578.0,340.0,295.0,367.0,118.0
372.0,545.0,477.0,543.0,,208.0,-790.0,194.0,-48.0,207.0
383.0,557.0,543.0,390.0,,200.0,-1785.0,304.0,-112.0,53.0
332.0,10.0,647.0,406.0,,227.0,-1390.0,166.0,74.0,-109.0
314.0,-821.0,665.0,233.0,,35.0,-211.0,75.0,203.0,-180.0
290.0,-1803.0,663.0,195.0,,-116.0,118.0,-60.0,425.0,-270.0
262.0,-1880.0,716.0,160.0,,-143.0,-302.0,-140.0,435.0,-513.0
203.0,-1632.0,711.0,10.0,,43.0,-522.0,0.0,346.0,-615.0
124.0,-1969.0,685.0,-166.0,,-19.0,-534.0,-79.0,-193.0,-497.0
30.0,-2271.0,717.0,-342.0,,-313.0,-292.0,-42.0,151.0,-556.0
-28.0,-1917.0,619.0,-298.0,,-82.0,321.0,-103.0,998.0,-584.0
-47.0,-1356.0,599.0,-230.0,,159.0,947.0,-168.0,163.0,-501.0
-30.0,-1340.0,473.0,-10.0,,47.0,1396.0,-275.0,1.0,-375.0
-48.0,-564.0,417.0,363.0,,50.0,1638.0,-375.0,570.0,-399.0
-37.0,-468.0,352.0,667.0,,206.0,1383.0,-175.0,403.0,-327.0
17.0,-405.0,236.0,930.0,,513.0,458.0,-109.0,446.0,-51.0
58.0,514.0,239.0,848.0,,340.0,58.0,59.0,708.0,-18.0
92.0,905.0,139.0,836.0,,-15.0,570.0,188.0,793.0,-52.0
105.0,949.0,97.0,1113.0,,216.0,489.0,304.0,281.0,33.0
157.0,960.0,78.0,1118.0,,463.0,-246.0,412.0,524.0,140.0
204.0,1362.0,108.0,1073.0,,382.0,-266.0,219.0,487.0,82.0
219.0,1073.0,97.0,1192.0,,217.0,573.0,68.0,-6.0,101.0
133.0,931.0,210.0,1179.0,,296.0,568.0,-151.0,-76.0,225.0
87.0,261.0,235.0,990.0,,506.0,-709.0,-144.0,-351.0,128.0
97.0,-218.0,211.0,815.0,,302.0,-1402.0,-14.0,272.0,13.0
120.0,102.0,281.0,715.0,,98.0,-719.0,153.0,490.0,60.0
97.0,-263.0,237.0,551.0,,248.0,592.0,424.0,133.0,169.0
47.0,-340.0,309.0,557.0,,116.0,1288.0,482.0,-185.0,43.0
47.0,-431.0,309.0,498.0,,-153.0,831.0,703.0,-75.0,-145.0
66.0,41.0,388.0,128.0,,-235.0,75.0,779.0,123.0,-76.0
80.0,51.0,458.0,-66.0,,-31.0,-51.0,842.0,-153.0,10.0
26.0,275.0,514.0,-234.0,,159.0,708.0,779.0,-191.0,-27.0
-2.0,326.0,611.0,-329.0,,-106.0,1385.0,587.0,-147.0,-52.0
0.0,-750.0,635.0,-266.0,,-104.0,1178.0,748.0,-245.0,35.0
13.0,-699.0,700.0,-417.0,,216.0,991.0,596.0,-141.0,75.0
-49.0,-829.0,675.0,-413.0,,314.0,1510.0,508.0,340.0,103.0
-80.0,-1065.0,667.0,-111.0,,171.0,1682.0,325.0,-347.0,252.0
-51.0,-1435.0,637.0,121.0,,43.0,849.0,-77.0,-688.0,196.0
35.0,-2137.0,569.0,315.0,,251.0,417.0,-338.0,-222.0,0.0
92.0,-2148.0,523.0,475.0,,246.0,821.0,-535.0,-567.0,56.0
100.0,-1813.0,471.0,633.0,,-23.0,1095.0,-478.0,-257.0,101.0
122.0,-1397.0,437.0,596.0,,-35.0,1393.0,-576.0,-53.0,-112.0
130.0,-954.0,353.0,346.0,,296.0,1605.0,-345.0,-500.0,-328.0
183.0,-401.0,273.0,205.0,,583.0,1060.0,18.0,-347.0,-387.0
137.0,-64.0,202.0,-13.0,,390.0,208.0,214.0,-200.0,-411.0
186.0,846.0,108.0,-98.0,,325.0,25.0,491.0,310.0,-497.0
179.0,1368.0,42.0,31.0,,469.0,749.0,448.0,367.0,-505.0
155.0,925.0,-64.0,-25.0,,534.0,1573.0,356.0,-439.0,-498.0
131.0,1324.0,-170.0,-105.0,,383.0,1880.0,125.0,-293.0,-498.0
74.0,1462.0,-262.0,-114.0,,165.0,1734.0,62.0,252.0,-432.0
74.0,932.0,-293.0,-183.0,,344.0,1218.0,62.0,946.0,-304.0
62.0,156.0,-342.0,-151.0,,392.0,856.0,-27.0,635.0,-217.0
147.0,-305.0,-361.0,-17.0,,327.0,1015.0,73.0,-738.0,-303.0
132.0,292.0,-320.0,-24.0,,258.0,1291.0,-24.0,-267.0,-199.0
115.0,258.0,-372.0,-190.0,,279.0,1237.0,157.0,506.0,-6.0
99.0,-496.0,-224.0,-133.0,,338.0,941.0,282.0,84.0,-39.0
129.0,-773.0,-154.0,56.0,,127.0,849.0,79.0,-154.0,-160.0
118.0,-486.0,-65.0,94.0,,191.0,1092.0,25.0,-628.0,-156.0
112.0,-562.0,49.0,224.0,,386.0,1647.0,-96.0,-859.0,-103.0
195.0,-1240.0,81.0,337.0,,352.0,1637.0,-48.0,-6.0,-242.0
211.0,-1439.0,258.0,472.0,,166.0,221.0,14.0,847.0,-276.0
202.0,-1235.0,286.0,557.0,,283.0,-885.0,81.0,-47.0,-289.0
130.0,-1112.0,381.0,445.0,,626.0,-12.0,301.0,-837.0,-428.0
136.0,-647.0,448.0,477.0,,684.0,1633.0,548.0,-221.0,-517.0
147.0,-657.0,442.0,428.0,,521.0,2223.0,709.0,383.0,-475.0
155.0,-1138.0,454.0,186.0,,547.0,1388.0,546.0,490.0,-418.0
94.0,-777.0,401.0,0.0,,838.0,324.0,526.0,-291.0,-510.0
39.0,-309.0,390.0,-90.0,,807.0,365.0,484.0,-277.0,-406.0
28.0,40.0,349.0,-79.0,,755.0,1136.0,445.0,104.0,-198.0
4.0,24.0,334.0,84.0,,845.0,1565.0,519.0,353.0,-102.0
-23.0,353.0,343.0,389.0,,966.0,1615.0,397.0,310.0,-30.0
-110.0,1081.0,299.0,536.0,,860.0,1451.0,286.0,-240.0,88.0
-141.0,1201.0,297.0,455.0,,543.0,1271.0,73.0,-642.0,273.0
-160.0,1060.0,279.0,394.0,,634.0,1422.0,-18.0,-957.0,377.0
-170.0,799.0,270.0,559.0,,692.0,1185.0,-131.0,-166.0,392.0
-213.0,652.0,328.0,650.0,,526.0,353.0,-112.0,154.0,434.0
-195.0,329.0,308.0,578.0,,343.0,-40.0,127.0,-861.0,485.0
-176.0,336.0,354.0,454.0,,516.0,322.0,94.0,-1097.0,393.0
-191.0,197.0,392.0,334.0,,872.0,1047.0,280.0,-200.0,336.0
-196.0,414.0,407.0,391.0,,867.0,1464.0,447.0,17.0,315.0
-181.0,632.0,468.0,204.0,,709.0,1419.0,541.0,-241.0,187.0
-173.0,470.0,437.0,-33.0,,670.0,1285.0,752.0,-461.0,-45.0
-162.0,836.0,445.0,-55.0,,785.0,996.0,853.0,-478.0,-147.0
-93.0,567.0,441.0,-79.0,,578.0,654.0,1029.0,-188.0,-134.0
-110.0,584.0,370.0,-121.0,,225.0,785.0,1053.0,-61.0,-297.0
-29.0,557.0,439.0,-173.0,,245.0,1515.0,1062.0,121.0,-311.0
51.0,631.0,434.0,-213.0,,342.0,2142.0,1062.0,-292.0,-160.0
40.0,772.0,432.0,-283.0,,331.0,2128.0,970.0,-864.0,-75.0
4.0,483.0,514.0,-167.0,,223.0,1768.0,790.0,-673.0,-104.0
-2.0,226.0,420.0,-94.0,,141.0,1303.0,502.0,105.0,-7.0
50.0,-122.0,503.0,-204.0,,269.0,564.0,406.0,-42.0,101.0
24.0,261.0,516.0,-204.0,,233.0,-18.0,282.0,-428.0,41.0
31.0,309.0,453.0,-14.0,,231.0,249.0,321.0,204.0,76.0
55.0,162.0,574.0,131.0,,288.0,1028.0,465.0,17.0,-69.0
76.0,-28.0,485.0,76.0,,177.0,1254.0,561.0,116.0,-321.0
103.0,-172.0,515.0,9.0,,217.0,323.0,825.0,917.0,-470.0
143.0,-229.0,563.0,43.0,,365.0,-463.0,955.0,630.0,-609.0
185.0,-715.0,453.0,314.0,,516.0,157.0,1271.0,406.0,-924.0
221.0,-954.0,498.0,470.0,,358.0,1003.0,1531.0,368.0,-1184.0
293.0,-1133.0,408.0,340.0,,230.0,1054.0,1548.0,758.0,-1129.0
331.0,-1114.0,377.0,143.0,,322.0,665.0,1496.0,1211.0,-1128.0
379.0,-1268.0,341.0,-10.0,,521.0,591.0,1201.0,655.0,-1091.0
442.0,-1146.0,229.0,116.0,,505.0,1331.0,1018.0,658.0,-1036.0
499.0,-982.0,259.0,338.0,,118.0,1913.0,637.0,1304.0,-1001.0
548.0,-867.0,126.0,356.0,,106.0,1266.0,437.0,1396.0,-957.0
575.0,-132.0,69.0,217.0,,288.0,125.0,312.0,679.0,-795.0
583.0,163.0,56.0,44.0,,416.0,-585.0,77.0,544.0,-608.0
598.0,332.0,-54.0,-78.0,,283.0,-769.0,181.0,371.0,-672.0
669.0,791.0,-77.0,-28.0,,96.0,-104.0,83.0,-350.0,-546.0
704.0,1345.0,-66.0,-21.0,,107.0,1056.0,168.0,-296.0,-262.0
662.0,1631.0,-50.0,-147.0,,146.0,1529.0,227.0,-330.0,-92.0
633.0,1768.0,34.0,-287.0,,220.0,1033.0,338.0,-527.0,-36.0
622.0,1733.0,55.0,-565.0,,354.0,258.0,609.0,-1313.0,105.0
578.0,1404.0,155.0,-702.0,,498.0,0.0,733.0,-1359.0,280.0
497.0,1170.0,273.0,-611.0,,392.0,311.0,925.0,-343.0,337.0
459.0,692.0,280.0,-391.0,,386.0,411.0,809.0,-652.0,430.0
478.0,329.0,376.0,-94.0,,477.0,-33.0,788.0,-991.0,442.0
507.0,136.0,425.0,160.0,,555.0,-179.0,676.0,-668.0,351.0
484.0,81.0,460.0,415.0,,413.0,378.0,530.0,-292.0,275.0
423.0,74.0,490.0,555.0,,267.0,737.0,537.0,-362.0,236.0
346.0,10.0,525.0,842.0,,511.0,335.0,437.0,-140.0,168.0
271.0,9.0,493.0,1066.0,,565.0,-400.0,570.0,214.0,103.0
219.0,-16.0,582.0,1044.0,,375.0,-900.0,546.0,-19.0,60.0
148.0,57.0,645.0,1041.0,,74.0,-885.0,591.0,-331.0,103.0
57.0,103.0,542.0,838.0,,138.0,-291.0,676.0,-166.0,160.0
-3.0,334.0,641.0,606.0,,492.0,556.0,652.0,841.0,175.0
19.0,154.0,643.0,315.0,,439.0,1095.0,722.0,259.0,228.0
32.0,-24.0,635.0,-48.0,,317.0,1077.0,691.0,-297.0,295.0
-6.0,141.0,647.0,-322.0,,337.0,403.0,879.0,-6.0,414.0
-33.0,-48.0,608.0,-573.0,,393.0,-490.0,849.0,647.0,401.0
6.0,17.0,640.0,-683.0,,222.0,-758.0,812.0,578.0,320.0
73.0,277.0,580.0,-574.0,,-28.0,-603.0,910.0,-806.0,314.0
89.0,515.0,577.0,-506.0,,246.0,-694.0,833.0,-509.0,299.0
106.0,858.0,572.0,-556.0,,423.0,-742.0,951.0,-199.0,264.0
199.0,1107.0,537.0,-572.0,,191.0,127.0,759.0,58.0,236.0
358.0,754.0,522.0,-708.0,,79.0,1173.0,552.0,61.0,309.0
391.0,316.0,504.0,-743.0,,239.0,704.0,413.0,59.0,388.0
356.0,227.0,522.0,-722.0,,395.0,-842.0,291.0,-245.0,493.0
366.0,-81.0,523.0,-701.0,,112.0,-1603.0,341.0,-529.0,653.0
405.0,-312.0,504.0,-512.0,,-35.0,-907.0,354.0,405.0,763.0
413.0,-673.0,459.0,-340.0,,246.0,-213.0,469.0,115.0,854.0
354.0,-1217.0,446.0,-100.0,,296.0,-455.0,347.0,-34.0,972.0
331.0,-1376.0,393.0,98.0,,12.0,-483.0,432.0,-150.0,1126.0
383.0,-1284.0,345.0,331.0,,-131.0,43.0,650.0,-65.0,1171.0
425.0,-1138.0,309.0,721.0,,39.0,-185.0,807.0,549.0,1178.0
367.0,-514.0,301.0,862.0,,73.0,-1273.0,1019.0,393.0,1246.0
350.0,407.0,328.0,653.0,,-208.0,-1520.0,964.0,256.0,1242.0
370.0,880.0,366.0,278.0,,-257.0,-542.0,944.0,185.0,1209.0
380.0,1080.0,395.0,19.0,,66.0,333.0,776.0,419.0,1213.0
327.0,1299.0,451.0,4.0,,164.0,439.0,700.0,535.0,1129.0
278.0,1587.0,572.0,48.0,,-75.0,41.0,694.0,524.0,1055.0
323.0,1584.0,561.0,-44.0,,-183.0,-525.0,641.0,497.0,1111.0
388.0,1248.0,663.0,-197.0,,-64.0,-912.0,761.0,-111.0,1033.0
426.0,1082.0,663.0,-251.0,,-66.0,-690.0,657.0,246.0,793.0
371.0,616.0,554.0,-249.0,,-297.0,-230.0,742.0,1179.0,663.0
349.0,52.0,553.0,-125.0,,-358.0,-299.0,731.0,1103.0,576.0
341.0,13.0,406.0,-82.0,,-133.0,-779.0,506.0,425.0,411.0
361.0,-365.0,349.0,-198.0,,-22.0,-1426.0,408.0,28.0,261.0
337.0,-788.0,299.0,-301.0,,-73.0,-1762.0,99.0,450.0,169.0
313.0,-634.0,234.0,-273.0,,58.0,-1139.0,48.0,891.0,119.0
312.0,-490.0,221.0,-174.0,,340.0,-289.0,-9.0,1255.0,168.0
264.0,-327.0,157.0,-245.0,,291.0,-227.0,-46.0,678.0,279.0
250.0,-143.0,121.0,-294.0,,-42.0,-717.0,7.0,-214.0,359.0
193.0,167.0,89.0,-366.0,,-81.0,-1033.0,33.0,145.0,494.0
126.0,364.0,19.0,-467.0,,191.0,-917.0,341.0,965.0,649.0
8.0,205.0,-16.0,-484.0,,258.0,-405.0,461.0,1017.0,804.0
-25.0,-17.0,-11.0,-418.0,,38.0,216.0,606.0,-153.0,966.0
-56.0,-183.0,-91.0,-63.0,,31.0,525.0,380.0,-310.0,1105.0
-119.0,-241.0,-53.0,305.0,,230.0,325.0,-51.0,-173.0,1222.0
-174.0,-488.0,-60.0,401.0,,260.0,-483.0,-153.0,-229.0,1322.0
-211.0,-584.0,-104.0,348.0,,196.0,-956.0,-279.0,236.0,1376.0
-161.0,-839.0,-54.0,301.0,,377.0,-378.0,-142.0,-415.0,1320.0
-201.0,-1333.0,-58.0,287.0,,540.0,303.0,-72.0,-569.0,1197.0
-166.0,-1351.0,41.0,238.0,,383.0,250.0,51.0,-29.0,1043.0
-151.0,-1127.0,81.0,115.0,,227.0,-621.0,112.0,286.0,954.0
-150.0,-751.0,128.0,-79.0,,271.0,-1619.0,103.0,325.0,834.0
-114.0,-506.0,240.0,-179.0,,576.0,-1837.0,188.0,39.0,612.0
-143.0,-391.0,258.0,-84.0,,534.0,-1132.0,86.0,-240.0,476.0
-142.0,-27.0,247.0,188.0,,274.0,40.0,208.0,-429.0,435.0
-161.0,505.0,269.0,437.0,,300.0,698.0,92.0,156.0,375.0
-185.0,692.0,286.0,442.0,,420.0,324.0,29.0,88.0,283.0
-213.0,966.0,245.0,373.0,,467.0,-492.0,105.0,-135.0,223.0
-205.0,1372.0,204.0,442.0,,214.0,-1119.0,9.0,-577.0,191.0
-223.0,1235.0,200.0,524.0,,221.0,-1257.0,96.0,-1114.0,164.0
-290.0,1240.0,234.0,337.0,,358.0,-820.0,36.0,-91.0,200.0
-324.0,1061.0,267.0,75.0,,191.0,-172.0,9.0,191.0,149.0
-355.0,781.0,299.0,-128.0,,70.0,-51.0,-173.0,5.0,-20.0
-435.0,496.0,333.0,-335.0,,261.0,-761.0,-229.0,-18.0,-41.0
-480.0,308.0,341.0,-361.0,,535.0,-1712.0,-218.0,-243.0,-17.0
-483.0,383.0,355.0,-391.0,,481.0,-2000.0,-441.0,122.0,-68.0
-539.0,-38.0,353.0,-484.0,,306.0,-1446.0,-230.0,614.0,-130.0
-598.0,-379.0,283.0,-412.0,,253.0,-903.0,-208.0,286.0,-97.0
-578.0,-627.0,264.0,-278.0,,331.0,-949.0,-242.0,-360.0,29.0
-554.0,-687.0,259.0,-262.0,,285.0,-1254.0,-79.0,232.0,88.0
-634.0,-1041.0,174.0,-230.0,,68.0,-1453.0,-18.0,871.0,125.0
-619.0,-1501.0,160.0,-13.0,,52.0,-1447.0,88.0,970.0,167.0
-603.0,-1455.0,171.0,278.0,,256.0,-1255.0,-27.0,541.0,179.0
-599.0,-1378.0,172.0,592.0,,198.0,-916.0,-118.0,181.0,168.0
-537.0,-1214.0,231.0,859.0,,122.0,-652.0,-388.0,528.0,167.0
-520.0,-1206.0,234.0,925.0,,352.0,-712.0,-705.0,576.0,55.0
-475.0,-1041.0,240.0,838.0,,448.0,-910.0,-781.0,537.0,-109.0
-470.0,-930.0,260.0,668.0,,250.0,-1130.0,-785.0,-37.0,-73.0
-441.0,-636.0,330.0,520.0,,77.0,-1111.0,-543.0,-282.0,-93.0
-454.0,-282.0,436.0,413.0,,265.0,-633.0,-521.0,198.0,-141.0
-409.0,-21.0,407.0,354.0,,298.0,-224.0,-469.0,390.0,-41.0
-365.0,240.0,483.0,465.0,,-139.0,-210.0,-393.0,-47.0,29.0
-410.0,77.0,550.0,379.0,,-349.0,-391.0,-413.0,-331.0,61.0
-356.0,-300.0,576.0,69.0,,-114.0,-640.0,-330.0,-17.0,148.0
-334.0,-624.0,630.0,-141.0,,116.0,-1076.0,-545.0,39.0,250.0
-335.0,-561.0,583.0,-318.0,,17.0,-1274.0,-602.0,618.0,157.0
-401.0,-873.0,628.0,-447.0,,-140.0,-889.0,-670.0,543.0,103.0
-372.0,-792.0,599.0,-538.0,,38.0,-632.0,-705.0,-202.0,193.0
-335.0,-293.0,618.0,-730.0,,117.0,-1084.0,-511.0,-212.0,119.0
-368.0,-374.0,640.0,-1044.0,,-45.0,-1707.0,-489.0,-44.0,-63.0
-367.0,-129.0,563.0,-1183.0,,32.0,-1588.0,-399.0,-132.0,-159.0
-442.0,76.0,570.0,-1166.0,,410.0,-1050.0,-445.0,41.0,-217.0
-425.0,-127.0,503.0,-1005.0,,549.0,-609.0,-424.0,225.0,-376.0
-415.0,56.0,431.0,-659.0,,335.0,-357.0,-424.0,-365.0,-531.0
-406.0,446.0,350.0,-407.0,,358.0,-573.0,-473.0,-260.0,-624.0
-414.0,414.0,306.0,-239.0,,639.0,-774.0,-319.0,175.0,-749.0
-429.0,419.0,280.0,-121.0,,630.0,-490.0,-297.0,452.0,-846.0
-440.0,169.0,226.0,100.0,,277.0,-213.0,-205.0,88.0,-815.0
-487.0,-324.0,225.0,337.0,,209.0,-684.0,-280.0,-618.0,-855.0
-503.0,-491.0,182.0,497.0,,375.0,-1481.0,-376.0,37.0,-940.0
-520.0,-437.0,149.0,688.0,,452.0,-1455.0,-397.0,374.0,-832.0
-439.0,-165.0,144.0,674.0,,326.0,-786.0,-554.0,296.0,-696.0
-426.0,-8.0,68.0,548.0,,331.0,-470.0,-602.0,498.0,-560.0
-444.0,120.0,5.0,515.0,,517.0,-685.0,-691.0,198.0,-388.0
-442.0,-64.0,-23.0,417.0,,411.0,-938.0,-583.0,347.0,-215.0
-439.0,-456.0,-108.0,266.0,,214.0,-1279.0,-567.0,863.0,33.0
-372.0,-509.0,-133.0,238.0,,75.0,-1528.0,-580.0,964.0,374.0
-300.0,-514.0,-97.0,130.0,,114.0,-1008.0,-484.0,761.0,652.0
-249.0,-661.0,-107.0,-205.0,,-14.0,-229.0,-572.0,206.0,778.0
-253.0,-879.0,-62.0,-482.0,,-98.0,-336.0,-461.0,348.0,905.0
-134.0,-951.0,-20.0,-605.0,,41.0,-1252.0,-550.0,780.0,1035.0
-11.0,-1232.0,-13.0,-683.0,,183.0,-1637.0,-580.0,435.0,1099.0
42.0,-1535.0,30.0,-699.0,,314.0,-1087.0,-513.0,47.0,1053.0
133.0,-1544.0,56.0,-592.0,,101.0,-408.0,-524.0,-298.0,949.0
216.0,-1403.0,100.0,-346.0,,67.0,-101.0,-301.0,-317.0,830.0
231.0,-924.0,80.0,-48.0,,168.0,-281.0,-242.0,80.0,726.0
196.0,-468.0,118.0,82.0,,251.0,-763.0,-44.0,343.0,684.0
196.0,-117.0,174.0,4.0,,235.0,-1246.0,38.0,-32.0,562.0
138.0,236.0,161.0,-159.0,,100.0,-1180.0,72.0,-984.0,362.0
132.0,743.0,239.0,-119.0,,127.0,-450.0,151.0,-583.0,198.0
78.0,1006.0,249.0,124.0,,-13.0,179.0,-62.0,351.0,104.0
0.0,1055.0,281.0,113.0,,-4.0,277.0,-151.0,112.0,-18.0
-37.0,1505.0,361.0,154.0,,143.0,58.0,-454.0,-239.0,-243.0
-106.0,1399.0,428.0,300.0,,167.0,-305.0,-720.0,-441.0,-430.0
-156.0,1231.0,515.0,252.0,,151.0,-524.0,-849.0,104.0,-562.0
-248.0,1425.0,533.0,285.0,,100.0,-151.0,-1001.0,509.0,-686.0
-186.0,1098.0,544.0,356.0,,74.0,297.0,-979.0,599.0,-837.0
-186.0,831.0,528.0,427.0,,120.0,446.0,-960.0,689.0,-1007.0
-196.0,891.0,531.0,314.0,,116.0,352.0,-801.0,-34.0,-1062.0
-172.0,962.0,520.0,171.0,,22.0,-23.0,-700.0,462.0,-1055.0
-222.0,1173.0,463.0,96.0,,18.0,56.0,-463.0,865.0,-1062.0
-216.0,1268.0,437.0,-170.0,,-94.0,620.0,-341.0,416.0,-1013.0
-290.0,839.0,377.0,-273.0,,-170.0,1005.0,-424.0,244.0,-891.0
-250.0,385.0,356.0,-159.0,,-83.0,1071.0,-210.0,-246.0,-763.0
-291.0,230.0,359.0,-171.0,,0.0,818.0,-288.0,161.0,-532.0
-359.0,-201.0,343.0,-431.0,,31.0,277.0,-413.0,866.0,-233.0
-353.0,-688.0,307.0,-624.0,,-64.0,-76.0,-393.0,1046.0,-74.0
-367.0,-595.0,281.0,-800.0,,-179.0,324.0,-460.0,583.0,46.0
-375.0,-702.0,254.0,-863.0,,-81.0,869.0,-450.0,245.0,224.0
-411.0,-1396.0,183.0,-643.0,,-60.0,704.0,-421.0,615.0,360.0
-391.0,-1770.0,151.0,-494.0,,-394.0,316.0,-386.0,946.0,278.0
-474.0,-1720.0,139.0,-318.0,,-600.0,455.0,-452.0,1159.0,139.0
-478.0,-1845.0,83.0,-386.0,,-475.0,647.0,-378.0,477.0,104.0
-495.0,-1775.0,30.0,-592.0,,-196.0,575.0,-419.0,141.0,-7.0
-511.0,-997.0,2.0,-573.0,,-210.0,707.0,-493.0,569.0,-115.0
-475.0,-280.0,-44.0,-435.0,,-428.0,719.0,-415.0,585.0,-164.0
-515.0,-178.0,-17.0,-224.0,,-470.0,321.0,-593.0,190.0,-158.0
-512.0,-99.0,35.0,-186.0,,-361.0,348.0,-587.0,-107.0,-107.0
-528.0,242.0,64.0,-130.0,,-331.0,1177.0,-563.0,-114.0,43.0
-470.0,209.0,144.0,20.0,,-428.0,1952.0,-437.0,-242.0,301.0
-482.0,78.0,186.0,93.0,,-311.0,2047.0,-243.0,171.0,379.0
-479.0,206.0,246.0,121.0,,-343.0,1527.0,-327.0,-169.0,360.0
-443.0,33.0,288.0,27.0,,-485.0,800.0,-247.0,-664.0,466.0
-435.0,-398.0,328.0,-116.0,,-442.0,545.0,-230.0,-161.0,604.0
-341.0,-689.0,335.0,-240.0,,-171.0,1017.0,-38.0,-346.0,600.0
-357.0,-610.0,300.0,-346.0,,-63.0,1690.0,49.0,-354.0,519.0
-398.0,-154.0,402.0,-502.0,,-181.0,2021.0,-31.0,-204.0,546.0
-434.0,166.0,361.0,-619.0,,70.0,1774.0,168.0,-352.0,548.0
-437.0,5.0,407.0,-602.0,,183.0,1088.0,96.0,-412.0,476.0
-404.0,251.0,517.0,-470.0,,194.0,664.0,70.0,-342.0,415.0
-430.0,545.0,531.0,-189.0,,117.0,543.0,-18.0,-30.0,325.0
-416.0,522.0,627.0,-49.0,,-26.0,555.0,-192.0,111.0,253.0
-355.0,947.0,587.0,-115.0,,-17.0,1006.0,-229.0,-170.0,238.0
-303.0,951.0,586.0,-100.0,,-198.0,1631.0,-306.0,-502.0,252.0
-334.0,737.0,477.0,71.0,,-335.0,1706.0,-245.0,-363.0,231.0
-383.0,874.0,391.0,156.0,,-169.0,980.0,-312.0,11.0,157.0
-386.0,849.0,359.0,110.0,,64.0,504.0,-284.0,242.0,133.0
-404.0,755.0,218.0,-11.0,,-31.0,1095.0,-273.0,-182.0,138.0
-408.0,507.0,208.0,-187.0,,-60.0,1826.0,-310.0,-368.0,69.0
-371.0,85.0,108.0,-219.0,,38.0,1647.0,-393.0,-136.0,-43.0
-359.0,51.0,66.0,-318.0,,121.0,1023.0,-694.0,14.0,-143.0
-322.0,243.0,58.0,-439.0,,-14.0,907.0,-713.0,114.0,-213.0
-285.0,-128.0,-21.0,-463.0,,-194.0,1249.0,-667.0,-67.0,-258.0
-356.0,-600.0,36.0,-571.0,,-22.0,1589.0,-408.0,-148.0,-316.0
-351.0,-680.0,52.0,-575.0,,-31.0,1639.0,-210.0,-55.0,-403.0
-296.0,-754.0,116.0,-586.0,,-129.0,1608.0,-205.0,511.0,-449.0
-264.0,-688.0,180.0,-801.0,,-260.0,1571.0,-25.0,362.0,-438.0
-253.0,-687.0,189.0,-961.0,,-89.0,1520.0,0.0,-246.0,-438.0
-268.0,-810.0,208.0,-946.0,,-2.0,1816.0,171.0,114.0,-498.0
-227.0,-468.0,213.0,-825.0,,-290.0,2097.0,236.0,312.0,-575.0
-262.0,-101.0,283.0,-593.0,,-431.0,1699.0,347.0,215.0,-623.0
-283.0,-133.0,255.0,-305.0,,-363.0,807.0,410.0,444.0,-625.0
-283.0,-416.0,262.0,38.0,,-145.0,669.0,35.0,466.0,-607.0
-225.0,-268.0,306.0,377.0,,-417.0,1506.0,-22.0,-199.0,-643.0
-87.0,37.0,312.0,607.0,,-572.0,2169.0,-210.0,-327.0,-631.0
-33.0,-114.0,372.0,783.0,,-379.0,2336.0,-415.0,251.0,-524.0
0.0,1.0,376.0,660.0,,-177.0,2115.0,-415.0,-163.0,-415.0
51.0,194.0,357.0,367.0,,-171.0,1545.0,-582.0,-769.0,-377.0
83.0,359.0,412.0,126.0,,-426.0,915.0,-679.0,-773.0,-308.0
22.0,289.0,361.0,-185.0,,-436.0,699.0,-692.0,-645.0,-188.0
19.0,362.0,317.0,-236.0,,-469.0,1220.0,-561.0,-269.0,-70.0
76.0,717.0,303.0,-190.0,,-438.0,1897.0,-504.0,-121.0,121.0
68.0,466.0,235.0,-332.0,,-459.0,1902.0,-238.0,-39.0,187.0
64.0,535.0,262.0,-427.0,,-328.0,1701.0,-84.0,-88.0,168.0
100.0,770.0,204.0,-311.0,,-139.0,1890.0,-133.0,-132.0,206.0
101.0,489.0,208.0,-108.0,,-196.0,1871.0,-5.0,-177.0,217.0
78.0,-121.0,238.0,-141.0,,-64.0,1557.0,-123.0,-53.0,134.0
67.0,-363.0,233.0,-220.0,,-75.0,1627.0,-38.0,111.0,-47.0
7.0,-160.0,205.0,-176.0,,-141.0,1986.0,-16.0,-714.0,-199.0
65.0,-789.0,168.0,-13.0,,-302.0,1949.0,-35.0,-712.0,-314.0
117.0,-1181.0,140.0,17.0,,-299.0,1519.0,73.0,-242.0,-392.0
72.0,-1103.0,50.0,-270.0,,52.0,1385.0,-25.0,-502.0,-511.0
84.0,-1365.0,15.0,-301.0,,-8.0,1517.0,-77.0,-685.0,-651.0
166.0,-1427.0,-64.0,-21.0,,-277.0,1113.0,-325.0,-639.0,-675.0
128.0,-1237.0,-54.0,278.0,,-342.0,507.0,-378.0,-315.0,-677.0
0.0,-765.0,-74.0,365.0,,-171.0,786.0,-410.0,-21.0,-666.0
21.0,-754.0,-41.0,89.0,,-191.0,1499.0,-448.0,185.0,-632.0
52.0,-657.0,58.0,-201.0,,-296.0,1623.0,-168.0,-57.0,-605.0
101.0,-111.0,56.0,-268.0,,-213.0,1282.0,-123.0,-363.0,-568.0
156.0,62.0,215.0,-211.0,,-216.0,1081.0,48.0,-289.0,-441.0
222.0,24.0,309.0,-101.0,,-97.0,1183.0,245.0,84.0,-265.0
356.0,-20.0,400.0,18.0,,-253.0,1299.0,192.0,283.0,-218.0
440.0,327.0,486.0,20.0,,-87.0,1329.0,125.0,242.0,-250.0
410.0,574.0,519.0,-128.0,,354.0,1338.0,-60.0,55.0,-207.0
375.0,661.0,570.0,-353.0,,146.0,1327.0,-290.0,-22.0,-146.0
506.0,583.0,594.0,-404.0,,-16.0,1028.0,-395.0,389.0,-179.0
599.0,657.0,646.0,-324.0,,-72.0,223.0,-391.0,191.0,-263.0
568.0,930.0,569.0,-166.0,,86.0,-263.0,-452.0,-20.0,-253.0
574.0,461.0,577.0,45.0,,83.0,34.0,-295.0,146.0,-174.0
603.0,143.0,533.0,74.0,,8.0,257.0,-12.0,264.0,-164.0
599.0,110.0,480.0,225.0,,226.0,-207.0,118.0,306.0,-117.0
545.0,16.0,523.0,445.0,,325.0,-566.0,273.0,426.0,-97.0
442.0,-59.0,441.0,502.0,,421.0,-8.0,177.0,557.0,-125.0
419.0,-225.0,457.0,608.0,,247.0,468.0,75.0,118.0,-46.0
432.0,-463.0,456.0,658.0,,135.0,283.0,33.0,195.0,38.0
342.0,-604.0,460.0,614.0,,248.0,188.0,-5.0,690.0,60.0
194.0,-602.0,438.0,553.0,,358.0,314.0,153.0,783.0,87.0
134.0,-757.0,415.0,363.0,,323.0,310.0,173.0,412.0,250.0
167.0,-992.0,371.0,94.0,,422.0,42.0,264.0,107.0,365.0
67.0,-1096.0,354.0,70.0,,559.0,14.0,136.0,344.0,337.0
-24.0,-907.0,407.0,77.0,,323.0,394.0,-125.0,313.0,361.0
-10.0,-1093.0,383.0,-155.0,,289.0,573.0,-238.0,271.0,394.0
-37.0,-1083.0,468.0,-376.0,,384.0,402.0,-480.0,186.0,408.0
-69.0,-734.0,496.0,-527.0,,498.0,66.0,-408.0,-20.0,371.0
-136.0,-531.0,549.0,-605.0,,394.0,-232.0,-415.0,285.0,355.0
-161.0,-308.0,548.0,-533.0,,135.0,-137.0,-437.0,613.0,363.0
-129.0,8.0,515.0,-397.0,,273.0,204.0,-216.0,835.0,320.0
-88.0,803.0,523.0,-368.0,,465.0,130.0,-66.0,428.0,328.0
-42.0,926.0,487.0,-376.0,,391.0,-201.0,29.0,-277.0,430.0
-66.0,1041.0,484.0,-256.0,,382.0,-375.0,18.0,-50.0,549.0
-50.0,1335.0,399.0,-48.0,,473.0,-556.0,173.0,348.0,585.0
-34.0,1065.0,341.0,113.0,,497.0,-737.0,40.0,89.0,691.0
-7.0,859.0,248.0,402.0,,298.0,-694.0,-57.0,-438.0,806.0
-31.0,354.0,229.0,678.0,,-54.0,-507.0,86.0,-361.0,757.0
-122.0,74.0,187.0,664.0,,58.0,-412.0,-64.0,-254.0,636.0
-103.0,-200.0,131.0,650.0,,87.0,-160.0,-144.0,-245.0,528.0
-81.0,-771.0,158.0,682.0,,-65.0,-78.0,-382.0,-50.0,472.0
-25.0,-899.0,113.0,696.0,,-2.0,-804.0,-395.0,-494.0,421.0
-19.0,-691.0,139.0,602.0,,29.0,-1452.0,-445.0,-842.0,359.0
-58.0,-762.0,174.0,462.0,,104.0,-1061.0,-556.0,-475.0,278.0
-54.0,-1041.0,161.0,377.0,,-2.0,-366.0,-452.0,204.0,231.0
-5.0,-940.0,193.0,198.0,,-213.0,-446.0,-777.0,393.0,211.0
81.0,-813.0,295.0,104.0,,-189.0,-1313.0,-726.0,-152.0,269.0
90.0,-769.0,296.0,100.0,,-174.0,-2206.0,-641.0,-282.0,359.0
86.0,-393.0,362.0,11.0,,-320.0,-2138.0,-485.0,144.0,329.0
208.0,-131.0,440.0,34.0,,-194.0,-1205.0,-62.0,532.0,372.0
312.0,76.0,406.0,-44.0,,-157.0,-479.0,112.0,543.0,486.0
303.0,550.0,454.0,-172.0,,-318.0,-565.0,330.0,428.0,482.0
373.0,805.0,491.0,-58.0,,-445.0,-1195.0,256.0,421.0,417.0
433.0,940.0,459.0,-83.0,,-495.0,-1437.0,208.0,265.0,415.0
489.0,1169.0,433.0,-135.0,,-250.0,-938.0,-53.0,439.0,344.0
510.0,1496.0,449.0,-131.0,,-221.0,-181.0,-354.0,492.0,197.0
530.0,1375.0,406.0,-119.0,,-225.0,29.0,-493.0,44.0,102.0
519.0,958.0,364.0,-39.0,,-150.0,-615.0,-731.0,-400.0,9.0
536.0,590.0,312.0,-135.0,,-45.0,-1362.0,-545.0,-446.0,-97.0
596.0,416.0,269.0,-148.0,,136.0,-1614.0,-380.0,48.0,-152.0
484.0,393.0,216.0,197.0,,108.0,-1427.0,-83.0,87.0,-149.0
526.0,-206.0,242.0,591.0,,106.0,-822.0,129.0,-487.0,-263.0
566.0,-228.0,247.0,820.0,,115.0,-110.0,179.0,-678.0,-376.0
586.0,-162.0,222.0,828.0,,60.0,-210.0,375.0,-296.0,-332.0
543.0,-205.0,302.0,676.0,,-129.0,-1164.0,334.0,-143.0,-251.0
507.0,32.0,278.0,501.0,,-219.0,-1798.0,448.0,-20.0,-194.0
529.0,-159.0,325.0,269.0,,-127.0,-1518.0,317.0,-67.0,-101.0
449.0,4.0,311.0,131.0,,-76.0,-857.0,84.0,-517.0,93.0
468.0,132.0,267.0,11.0,,-127.0,-417.0,-25.0,-542.0,267.0
400.0,147.0,303.0,-155.0,,-338.0,-322.0,-225.0,-241.0,339.0
364.0,20.0,276.0,-199.0,,-246.0,-628.0,-138.0,83.0,386.0
319.0,21.0,282.0,-140.0,,-199.0,-1009.0,-168.0,-202.0,422.0
346.0,4.0,300.0,71.0,,-386.0,-964.0,-99.0,-439.0,385.0
338.0,-406.0,265.0,215.0,,-390.0,-750.0,-11.0,-48.0,331.0
262.0,-635.0,225.0,198.0,,-343.0,-537.0,-53.0,197.0,333.0
300.0,-961.0,229.0,201.0,,-269.0,-431.0,5.0,222.0,209.0
315.0,-615.0,242.0,350.0,,-289.0,-708.0,-81.0,-50.0,-37.0
342.0,-333.0,266.0,454.0,,-120.0,-1196.0,-44.0,-29.0,-134.0
229.0,-194.0,224.0,361.0,,98.0,-1712.0,-72.0,31.0,-229.0
190.0,397.0,199.0,235.0,,25.0,-2011.0,-101.0,5.0,-382.0
206.0,553.0,149.0,114.0,,10.0,-2050.0,-121.0,542.0,-453.0
338.0,835.0,78.0,39.0,,68.0,-1935.0,-256.0,146.0,-467.0
365.0,605.0,43.0,-78.0,,106.0,-1611.0,-286.0,-759.0,-423.0
187.0,297.0,-40.0,-295.0,,52.0,-1323.0,-543.0,-489.0,-443.0
301.0,534.0,-58.0,-423.0,,14.0,-1198.0,-703.0,-244.0,-396.0
448.0,392.0,-45.0,-231.0,,200.0,-1201.0,-833.0,-329.0,-294.0
432.0,319.0,-48.0,55.0,,385.0,-1275.0,-888.0,-383.0,-324.0
293.0,302.0,-6.0,179.0,,330.0,-1094.0,-816.0,-744.0,-344.0
276.0,337.0,13.0,193.0,,267.0,-516.0,-883.0,-730.0,-340.0
341.0,186.0,25.0,-83.0,,415.0,-89.0,-722.0,-137.0,-406.0
361.0,266.0,49.0,-490.0,,437.0,-276.0,-652.0,225.0,-461.0
271.0,636.0,90.0,-662.0,,275.0,-726.0,-469.0,97.0,-406.0
58.0,292.0,131.0,-622.0,,279.0,-930.0,-328.0,-24.0,-350.0
77.0,200.0,121.0,-503.0,,411.0,-752.0,-338.0,-100.0,-359.0
159.0,308.0,116.0,-413.0,,515.0,-453.0,-171.0,114.0,-355.0
1.0,28.0,62.0,-298.0,,361.0,-487.0,-297.0,415.0,-312.0
-200.0,70.0,77.0,-41.0,,195.0,-919.0,-448.0,92.0,-313.0
-216.0,412.0,49.0,89.0,,217.0,-1402.0,-600.0,-475.0,-355.0
-210.0,552.0,19.0,51.0,,190.0,-1572.0,-661.0,-766.0,-375.0
-205.0,487.0,128.0,148.0,,115.0,-1376.0,-593.0,-421.0,-394.0
-241.0,263.0,114.0,242.0,,80.0,-1217.0,-545.0,-340.0,-362.0
-251.0,75.0,187.0,304.0,,227.0,-1193.0,-317.0,-643.0,-255.0
-195.0,310.0,273.0,344.0,,241.0,-1159.0,-182.0,-639.0,-210.0
-145.0,432.0,246.0,272.0,,83.0,-1169.0,-5.0,-573.0,-202.0
-92.0,284.0,313.0,235.0,,-18.0,-1174.0,35.0,-473.0,-96.0
-136.0,331.0,316.0,110.0,,105.0,-1103.0,-68.0,-86.0,-58.0
-66.0,492.0,310.0,-20.0,,120.0,-917.0,-49.0,287.0,-106.0
42.0,689.0,346.0,-43.0,,-176.0,-836.0,-134.0,-326.0,-112.0
144.0,785.0,342.0,25.0,,-106.0,-1266.0,-173.0,-193.0,-172.0
162.0,526.0,343.0,143.0,,44.0,-2010.0,-321.0,615.0,-332.0
194.0,571.0,318.0,89.0,,6.0,-2111.0,-388.0,610.0,-456.0
280.0,688.0,277.0,77.0,,-76.0,-1276.0,-378.0,297.0,-434.0
359.0,467.0,194.0,153.0,,-2.0,-420.0,-367.0,-141.0,-418.0
506.0,203.0,166.0,245.0,,172.0,-219.0,-92.0,161.0,-415.0
463.0,-294.0,93.0,197.0,,122.0,-550.0,-40.0,335.0,-362.0
497.0,-488.0,26.0,-39.0,,-29.0,-834.0,-51.0,360.0,-247.0
644.0,-631.0,-9.0,-225.0,,-66.0,-750.0,-206.0,343.0,-93.0
784.0,-840.0,-133.0,-387.0,,-11.0,-376.0,-382.0,194.0,-13.0
770.0,-1014.0,-109.0,-462.0,,-108.0,110.0,-347.0,381.0,132.0
745.0,-1068.0,-131.0,-617.0,,-64.0,233.0,-434.0,267.0,237.0
863.0,-1036.0,-180.0,-678.0,,41.0,-146.0,-382.0,496.0,277.0
947.0,-785.0,-177.0,-517.0,,114.0,-718.0,-415.0,121.0,347.0
959.0,-549.0,-234.0,-508.0,,42.0,-1120.0,-437.0,-446.0,366.0
843.0,-676.0,-217.0,-533.0,,-155.0,-1049.0,-473.0,-314.0,366.0
867.0,37.0,-156.0,-465.0,,8.0,-664.0,-556.0,315.0,332.0
910.0,362.0,-159.0,-346.0,,112.0,-409.0,-469.0,768.0,304.0
897.0,341.0,-63.0,-242.0,,-24.0,-553.0,-463.0,-220.0,246.0
753.0,444.0,13.0,-119.0,,-116.0,-842.0,-284.0,-542.0,203.0
613.0,655.0,60.0,228.0,,-54.0,-822.0,-315.0,-310.0,170.0
591.0,1054.0,187.0,643.0,,-43.0,-359.0,-399.0,-76.0,161.0
577.0,488.0,133.0,820.0,,-216.0,223.0,-304.0,111.0,166.0
467.0,159.0,192.0,971.0,,-348.0,318.0,-360.0,-246.0,117.0
296.0,333.0,179.0,1010.0,,-256.0,-181.0,-240.0,-41.0,148.0
363.0,300.0,204.0,707.0,,-108.0,-567.0,-221.0,84.0,186.0
342.0,-286.0,236.0,334.0,,-158.0,-356.0,-105.0,622.0,204.0
303.0,-425.0,142.0,10.0,,-220.0,-73.0,-31.0,1114.0,237.0
266.0,-216.0,189.0,-180.0,,-207.0,-52.0,-38.0,667.0,267.0
284.0,-227.0,116.0,-291.0,,-119.0,-24.0,24.0,143.0,302.0
292.0,-228.0,125.0,-401.0,,-200.0,-46.0,-206.0,300.0,337.0
296.0,-441.0,29.0,-459.0,,-308.0,-358.0,-295.0,996.0,374.0
343.0,-64.0,-3.0,-499.0,,-125.0,-890.0,-559.0,567.0,391.0
235.0,92.0,-44.0,-539.0,,-54.0,-1199.0,-776.0,127.0,361.0
314.0,-51.0,-131.0,-564.0,,-151.0,-988.0,-787.0,100.0,252.0
349.0,-155.0,-108.0,-577.0,,-141.0,-674.0,-785.0,-76.0,145.0
376.0,111.0,-225.0,-520.0,,60.0,-586.0,-447.0,204.0,68.0
347.0,120.0,-150.0,-262.0,,162.0,-516.0,-260.0,-9.0,-126.0
279.0,-309.0,-118.0,65.0,,-62.0,-562.0,11.0,-199.0,-359.0
300.0,-25.0,-28.0,346.0,,-125.0,-659.0,242.0,-511.0,-495.0
273.0,-208.0,39.0,627.0,,95.0,-444.0,406.0,-806.0,-655.0
298.0,-595.0,62.0,650.0,,143.0,12.0,631.0,-119.0,-916.0
273.0,-766.0,194.0,397.0,,28.0,368.0,620.0,192.0,-1164.0
270.0,-944.0,194.0,211.0,,-16.0,348.0,713.0,-506.0,-1259.0
283.0,-925.0,275.0,-10.0,,74.0,95.0,517.0,-1067.0,-1335.0
340.0,-888.0,244.0,-294.0,,60.0,-76.0,330.0,-340.0,-1430.0
317.0,-483.0,294.0,-421.0,,-190.0,-118.0,206.0,106.0,-1380.0
246.0,-37.0,312.0,-440.0,,-333.0,-50.0,-51.0,-221.0,-1283.0
280.0,-138.0,266.0,-454.0,,-287.0,9.0,-49.0,-238.0,-1183.0
315.0,-236.0,333.0,-461.0,,-222.0,-121.0,-197.0,-323.0,-986.0
303.0,145.0,277.0,-369.0,,-246.0,-353.0,-234.0,-340.0,-806.0
307.0,481.0,342.0,-186.0,,-183.0,-418.0,-286.0,-84.0,-776.0
328.0,276.0,350.0,14.0,,12.0,-145.0,-325.0,219.0,-733.0
378.0,73.0,351.0,86.0,,-19.0,359.0,-136.0,-95.0,-599.0
449.0,235.0,389.0,91.0,,-130.0,845.0,33.0,-318.0,-586.0
375.0,63.0,407.0,142.0,,-106.0,956.0,400.0,181.0,-586.0
287.0,-181.0,402.0,249.0,,-2.0,778.0,513.0,707.0,-523.0
255.0,36.0,411.0,423.0,,-46.0,891.0,539.0,916.0,-520.0
285.0,719.0,478.0,506.0,,-269.0,1115.0,413.0,555.0,-510.0
210.0,663.0,417.0,487.0,,-242.0,894.0,127.0,84.0,-524.0
133.0,-63.0,433.0,282.0,,-75.0,350.0,90.0,416.0,-469.0
119.0,191.0,366.0,98.0,,-162.0,173.0,-62.0,897.0,-436.0
93.0,179.0,348.0,23.0,,-404.0,549.0,3.0,182.0,-435.0
18.0,-319.0,337.0,-23.0,,-375.0,635.0,22.0,-216.0,-299.0
-175.0,-627.0,242.0,32.0,,-147.0,29.0,-12.0,-296.0,-188.0
-221.0,-616.0,273.0,-10.0,,-179.0,-615.0,75.0,-738.0,-105.0
-237.0,-324.0,249.0,-132.0,,-418.0,-666.0,88.0,-191.0,11.0
-204.0,-798.0,250.0,-294.0,,-394.0,-212.0,242.0,80.0,155.0
-209.0,-1341.0,245.0,-394.0,,-219.0,240.0,216.0,-428.0,244.0
-201.0,-926.0,204.0,-347.0,,-279.0,501.0,332.0,-864.0,303.0
-113.0,-477.0,236.0,-305.0,,-404.0,161.0,338.0,-771.0,340.0
-67.0,-1082.0,237.0,-298.0,,-375.0,-812.0,262.0,-285.0,292.0
-12.0,-547.0,179.0,-124.0,,-252.0,-1198.0,378.0,-415.0,245.0
20.0,615.0,197.0,3.0,,-356.0,-440.0,266.0,-601.0,136.0
165.0,576.0,135.0,-33.0,,-547.0,615.0,277.0,-786.0,-8.0
209.0,599.0,135.0,-3.0,,-495.0,762.0,77.0,-575.0,-78.0
267.0,739.0,159.0,0.0,,-404.0,-16.0,-173.0,162.0,-119.0
321.0,1037.0,94.0,126.0,,-565.0,-553.0,-362.0,106.0,-120.0
316.0,527.0,179.0,348.0,,-884.0,-261.0,-498.0,-83.0,-160.0
303.0,224.0,183.0,534.0,,-815.0,542.0,-325.0,-327.0,-211.0
241.0,500.0,188.0,672.0,,-583.0,1301.0,-240.0,-263.0,-196.0
226.0,3.0,235.0,742.0,,-670.0,1556.0,31.0,96.0,-164.0
99.0,-208.0,214.0,878.0,,-769.0,888.0,201.0,-274.0,-127.0
40.0,417.0,267.0,936.0,,-691.0,-116.0,356.0,-534.0,-202.0
-28.0,384.0,259.0,842.0,,-530.0,-255.0,554.0,-480.0,-241.0
-123.0,-461.0,274.0,759.0,,-590.0,475.0,487.0,154.0,-236.0
-192.0,-296.0,357.0,732.0,,-773.0,1163.0,591.0,411.0,-304.0
-246.0,-108.0,339.0,697.0,,-728.0,1215.0,552.0,146.0,-388.0
-310.0,-40.0,406.0,553.0,,-592.0,596.0,535.0,156.0,-436.0
-398.0,-359.0,467.0,447.0,,-613.0,-287.0,532.0,-217.0,-538.0
-358.0,-447.0,500.0,432.0,,-782.0,-794.0,436.0,54.0,-737.0
-428.0,-23.0,592.0,231.0,,-754.0,-600.0,410.0,769.0,-773.0
-409.0,-171.0,569.0,127.0,,-644.0,21.0,221.0,1061.0,-819.0
-346.0,-168.0,640.0,212.0,,-726.0,444.0,210.0,705.0,-905.0
-381.0,-433.0,684.0,228.0,,-734.0,442.0,175.0,244.0,-830.0
-301.0,-209.0,627.0,319.0,,-508.0,202.0,195.0,550.0,-702.0
-169.0,-391.0,690.0,323.0,,-382.0,137.0,382.0,919.0,-661.0
-28.0,-228.0,660.0,349.0,,-436.0,550.0,607.0,618.0,-580.0
42.0,473.0,614.0,676.0,,-344.0,852.0,1031.0,-116.0,-435.0
143.0,72.0,562.0,1013.0,,-151.0,621.0,1243.0,-80.0,-409.0
253.0,-25.0,463.0,1144.0,,-95.0,317.0,1531.0,177.0,-363.0
338.0,-191.0,470.0,1096.0,,-129.0,217.0,1592.0,379.0,-300.0
415.0,-547.0,431.0,931.0,,-50.0,284.0,1348.0,676.0,-322.0
424.0,-889.0,420.0,674.0,,0.0,319.0,1189.0,181.0,-465.0
450.0,-726.0,471.0,467.0,,-6.0,208.0,796.0,-171.0,-547.0
516.0,-289.0,429.0,539.0,,-119.0,85.0,495.0,-92.0,-539.0
560.0,-284.0,448.0,509.0,,-172.0,-38.0,136.0,88.0,-664.0
481.0,-288.0,410.0,32.0,,123.0,100.0,-40.0,191.0,-808.0
398.0,110.0,337.0,-343.0,,118.0,485.0,-1.0,-389.0,-818.0
377.0,521.0,411.0,-425.0,,-79.0,738.0,79.0,-625.0,-744.0
372.0,173.0,421.0,-325.0,,-77.0,704.0,463.0,-65.0,-726.0
264.0,504.0,423.0,-114.0,,-55.0,390.0,654.0,274.0,-718.0
122.0,993.0,503.0,-31.0,,58.0,252.0,822.0,14.0,-628.0
81.0,974.0,583.0,39.0,,-85.0,539.0,811.0,-623.0,-473.0
33.0,899.0,608.0,158.0,,-223.0,946.0,713.0,-687.0,-360.0
-38.0,575.0,664.0,460.0,,-53.0,1049.0,683.0,-309.0,-262.0
-196.0,488.0,746.0,849.0,,-157.0,694.0,558.0,-160.0,-129.0
-291.0,525.0,720.0,918.0,,-258.0,272.0,737.0,-141.0,-85.0
-341.0,461.0,757.0,821.0,,-69.0,306.0,875.0,-516.0,-60.0
-408.0,476.0,715.0,655.0,,100.0,812.0,1125.0,-790.0,64.0
-512.0,770.0,679.0,470.0,,12.0,1208.0,1289.0,-473.0,157.0
-577.0,434.0,738.0,299.0,,-296.0,931.0,1310.0,-8.0,95.0
-506.0,-12.0,648.0,262.0,,-306.0,157.0,1472.0,36.0,26.0
-501.0,114.0,662.0,463.0,,-182.0,-400.0,1448.0,-95.0,22.0
-429.0,205.0,646.0,463.0,,-256.0,-245.0,1544.0,-218.0,-49.0
-369.0,-20.0,607.0,354.0,,-337.0,509.0,1461.0,-143.0,-184.0
-278.0,-82.0,615.0,295.0,,-423.0,1171.0,1271.0,469.0,-234.0
-142.0,-68.0,548.0,268.0,,-353.0,1250.0,1049.0,435.0,-292.0
-39.0,-658.0,554.0,190.0,,-389.0,721.0,763.0,-168.0,-437.0
22.0,-662.0,476.0,30.0,,-615.0,144.0,705.0,-193.0,-463.0
-10.0,-629.0,437.0,51.0,,-538.0,295.0,480.0,-35.0,-448.0
-23.0,-675.0,428.0,173.0,,-415.0,984.0,448.0,-119.0,-577.0
-87.0,-471.0,320.0,237.0,,-394.0,1456.0,334.0,-122.0,-643.0
-80.0,-128.0,278.0,124.0,,-417.0,1361.0,120.0,-202.0,-553.0
-96.0,561.0,205.0,140.0,,-321.0,948.0,181.0,-727.0,-522.0
-159.0,498.0,108.0,229.0,,-80.0,610.0,140.0,-770.0,-579.0
-181.0,531.0,120.0,170.0,,-73.0,407.0,321.0,-208.0,-561.0
-207.0,845.0,81.0,174.0,,-90.0,409.0,498.0,-315.0,-501.0
-234.0,883.0,100.0,142.0,,-25.0,726.0,724.0,-844.0,-540.0
-292.0,830.0,160.0,-40.0,,19.0,1075.0,1023.0,-625.0,-579.0
-283.0,778.0,160.0,-318.0,,-41.0,1129.0,1263.0,-479.0,-612.0
-239.0,841.0,251.0,-470.0,,-156.0,877.0,1498.0,-704.0,-699.0
-236.0,556.0,260.0,-484.0,,-98.0,511.0,1406.0,-251.0,-768.0
-275.0,322.0,342.0,-357.0,,-35.0,235.0,1313.0,-413.0,-806.0
-315.0,243.0,382.0,-110.0,,-192.0,257.0,1029.0,-997.0,-819.0
-314.0,24.0,408.0,36.0,,-341.0,587.0,777.0,-814.0,-823.0
-338.0,110.0,489.0,69.0,,-180.0,825.0,655.0,-238.0,-756.0
-462.0,250.0,481.0,26.0,,-122.0,684.0,415.0,198.0,-627.0
-504.0,111.0,558.0,37.0,,-385.0,353.0,460.0,-323.0,-506.0
-521.0,34.0,541.0,170.0,,-497.0,214.0,393.0,-647.0,-396.0
-554.0,-162.0,542.0,196.0,,-185.0,318.0,543.0,-232.0,-234.0
-603.0,-464.0,568.0,58.0,,138.0,544.0,825.0,200.0,-99.0
-653.0,-328.0,554.0,62.0,,20.0,800.0,940.0,40.0,-38.0
-666.0,-450.0,610.0,342.0,,-69.0,937.0,1106.0,-154.0,13.0
-656.0,-963.0,646.0,704.0,,133.0,741.0,1012.0,135.0,-32.0
-600.0,-516.0,652.0,790.0,,229.0,357.0,984.0,100.0,-93.0
-692.0,-156.0,623.0,517.0,,143.0,384.0,851.0,481.0,-69.0
-708.0,-557.0,574.0,265.0,,101.0,776.0,752.0,639.0,-14.0
-667.0,-436.0,520.0,10.0,,232.0,1097.0,722.0,132.0,-69.0
-701.0,208.0,509.0,-187.0,,353.0,1211.0,606.0,-630.0,-77.0
-740.0,714.0,488.0,-173.0,,315.0,1099.0,593.0,-651.0,68.0
-764.0,525.0,430.0,-290.0,,252.0,850.0,351.0,570.0,161.0
-716.0,372.0,440.0,-441.0,,321.0,707.0,303.0,415.0,202.0
-689.0,333.0,470.0,-477.0,,381.0,860.0,240.0,-420.0,196.0
-639.0,22.0,406.0,-444.0,,358.0,1071.0,227.0,-199.0,220.0
-584.0,-246.0,405.0,-348.0,,411.0,1081.0,351.0,85.0,307.0
-531.0,-290.0,439.0,-248.0,,524.0,916.0,321.0,-12.0,394.0
-449.0,-116.0,387.0,-235.0,,563.0,618.0,539.0,-115.0,430.0
-375.0,-295.0,451.0,-183.0,,439.0,344.0,591.0,-343.0,441.0
-326.0,-277.0,477.0,-41.0,,452.0,361.0,705.0,-948.0,490.0
-276.0,-142.0,468.0,-6.0,,669.0,552.0,859.0,-933.0,527.0
-232.0,23.0,519.0,103.0,,588.0,593.0,814.0,-311.0,574.0
-218.0,58.0,571.0,183.0,,394.0,486.0,837.0,-20.0,557.0
-269.0,119.0,602.0,76.0,,386.0,502.0,631.0,-704.0,452.0
-236.0,724.0,593.0,-199.0,,465.0,776.0,545.0,-1378.0,415.0
-245.0,399.0,599.0,-594.0,,494.0,1033.0,484.0,-626.0,473.0
-200.0,22.0,557.0,-565.0,,296.0,984.0,375.0,-226.0,494.0
-94.0,131.0,555.0,-303.0,,206.0,671.0,256.0,-493.0,457.0
-45.0,150.0,503.0,-214.0,,194.0,411.0,99.0,-704.0,449.0
17.0,146.0,477.0,-234.0,,26.0,382.0,142.0,-644.0,467.0
22.0,-144.0,435.0,-337.0,,-127.0,412.0,59.0,73.0,488.0
146.0,-372.0,361.0,-279.0,,-54.0,366.0,179.0,141.0,561.0
94.0,-238.0,355.0,-173.0,,181.0,440.0,295.0,-57.0,675.0
33.0,-13.0,261.0,1.0,,85.0,632.0,441.0,-198.0,777.0
-21.0,-260.0,248.0,268.0,,-175.0,661.0,761.0,-594.0,871.0
-43.0,162.0,219.0,418.0,,-171.0,603.0,764.0,-521.0,1001.0
-57.0,452.0,221.0,360.0,,-1.0,699.0,848.0,141.0,1212.0
-155.0,324.0,245.0,87.0,,-2.0,946.0,678.0,100.0,1280.0
-188.0,711.0,218.0,-130.0,,-52.0,965.0,484.0,-630.0,1258.0
-246.0,650.0,279.0,-166.0,,106.0,669.0,402.0,-410.0,1345.0
-179.0,104.0,273.0,-2.0,,167.0,419.0,249.0,-141.0,1338.0
-234.0,-166.0,268.0,123.0,,-34.0,447.0,293.0,-67.0,1197.0
-244.0,195.0,325.0,110.0,,-183.0,574.0,145.0,-128.0,1010.0
-280.0,79.0,303.0,-87.0,,105.0,294.0,118.0,-160.0,898.0
-204.0,184.0,340.0,-273.0,,375.0,-338.0,27.0,33.0,799.0
-233.0,-6.0,435.0,-354.0,,186.0,-749.0,18.0,-97.0,627.0
-283.0,-474.0,455.0,-567.0,,-119.0,-613.0,216.0,444.0,482.0
-245.0,-88.0,498.0,-668.0,,-58.0,-229.0,349.0,637.0,366.0
-285.0,-151.0,564.0,-756.0,,256.0,-91.0,715.0,106.0,273.0
-240.0,-148.0,582.0,-800.0,,162.0,-93.0,809.0,-210.0,214.0
-373.0,-181.0,547.0,-642.0,,-18.0,-57.0,827.0,184.0,152.0
-327.0,59.0,537.0,-306.0,,135.0,-154.0,689.0,844.0,11.0
-430.0,499.0,410.0,40.0,,430.0,-296.0,410.0,706.0,-85.0
-402.0,461.0,364.0,167.0,,434.0,-143.0,319.0,125.0,-160.0
-442.0,-82.0,360.0,89.0,,254.0,263.0,175.0,-361.0,-265.0
-530.0,-188.0,325.0,-15.0,,390.0,570.0,314.0,-133.0,-287.0
-535.0,417.0,351.0,3.0,,433.0,550.0,299.0,10.0,-240.0
-634.0,494.0,252.0,49.0,,239.0,171.0,352.0,-32.0,-104.0
-549.0,636.0,271.0,96.0,,46.0,-188.0,478.0,-248.0,50.0
-614.0,550.0,258.0,-79.0,,160.0,-227.0,347.0,-386.0,211.0
-518.0,746.0,318.0,-141.0,,376.0,-152.0,458.0,-94.0,404.0
-589.0,508.0,347.0,-60.0,,156.0,-91.0,328.0,541.0,591.0
-520.0,338.0,299.0,-28.0,,-14.0,-143.0,275.0,866.0,738.0
-549.0,307.0,358.0,209.0,,157.0,-215.0,321.0,-129.0,800.0
-691.0,-285.0,281.0,124.0,,248.0,-237.0,238.0,-434.0,807.0
-736.0,231.0,242.0,-190.0,,141.0,-389.0,232.0,-9.0,812.0
-854.0,-24.0,257.0,-518.0,,177.0,-507.0,72.0,447.0,805.0
-806.0,-174.0,211.0,-885.0,,444.0,-440.0,86.0,254.0,742.0
-949.0,-139.0,183.0,-971.0,,544.0,-236.0,46.0,207.0,677.0
-928.0,-594.0,250.0,-768.0,,338.0,-139.0,99.0,842.0,613.0
-924.0,-321.0,232.0,-454.0,,329.0,-425.0,169.0,688.0,526.0
-804.0,-69.0,312.0,-210.0,,629.0,-897.0,149.0,935.0,467.0
-777.0,-295.0,414.0,68.0,,792.0,-936.0,328.0,555.0,410.0
-860.0,-677.0,431.0,390.0,,541.0,-373.0,306.0,-10.0,267.0
-785.0,-501.0,496.0,654.0,,255.0,84.0,339.0,-211.0,165.0
-751.0,-792.0,465.0,882.0,,302.0,-167.0,238.0,-435.0,161.0
-619.0,-768.0,433.0,1011.0,,388.0,-852.0,145.0,-56.0,137.0
-639.0,-525.0,415.0,862.0,,432.0,-1231.0,160.0,-118.0,171.0
-577.0,-461.0,420.0,534.0,,381.0,-1123.0,136.0,-264.0,149.0
-419.0,-241.0,447.0,181.0,,472.0,-970.0,375.0,-420.0,59.0
-258.0,-651.0,523.0,-1.0,,567.0,-931.0,371.0,9.0,61.0
-178.0,-737.0,499.0,67.0,,451.0,-776.0,371.0,230.0,86.0
-173.0,-507.0,539.0,-12.0,,476.0,-634.0,210.0,-49.0,110.0
-23.0,-467.0,473.0,-117.0,,547.0,-791.0,-35.0,115.0,105.0
148.0,-576.0,460.0,-201.0,,568.0,-1061.0,-22.0,-729.0,166.0
253.0,42.0,550.0,-315.0,,550.0,-1112.0,-147.0,-1003.0,226.0
290.0,520.0,427.0,-321.0,,689.0,-810.0,-129.0,-303.0,250.0
297.0,563.0,510.0,-323.0,,826.0,-395.0,-238.0,-282.0,391.0
407.0,726.0,395.0,-242.0,,585.0,-260.0,-339.0,-435.0,476.0
481.0,517.0,328.0,-190.0,,238.0,-551.0,-319.0,-486.0,439.0
474.0,501.0,291.0,-151.0,,210.0,-927.0,-249.0,-431.0,439.0
416.0,338.0,177.0,-83.0,,390.0,-889.0,0.0,-53.0,517.0
378.0,550.0,248.0,-193.0,,308.0,-595.0,70.0,-52.0,490.0
452.0,952.0,221.0,-144.0,,135.0,-422.0,221.0,-936.0,366.0
409.0,925.0,256.0,252.0,,270.0,-371.0,129.0,-900.0,338.0
369.0,574.0,279.0,598.0,,467.0,-447.0,-1.0,-400.0,334.0
252.0,239.0,283.0,643.0,,396.0,-710.0,53.0,-101.0,333.0
232.0,138.0,291.0,400.0,,219.0,-882.0,-136.0,216.0,371.0
218.0,220.0,301.0,78.0,,270.0,-716.0,-138.0,13.0,409.0
190.0,464.0,235.0,-152.0,,465.0,-406.0,-238.0,90.0,431.0
175.0,295.0,196.0,-411.0,,396.0,-167.0,-349.0,160.0,496.0
147.0,373.0,116.0,-753.0,,251.0,-88.0,-408.0,663.0,594.0
264.0,268.0,19.0,-1020.0,,446.0,-241.0,-509.0,803.0,608.0
208.0,-282.0,52.0,-1110.0,,716.0,-517.0,-434.0,-30.0,553.0
178.0,-548.0,23.0,-905.0,,715.0,-599.0,-339.0,-307.0,555.0
66.0,-910.0,35.0,-647.0,,532.0,-432.0,18.0,87.0,602.0
64.0,-1198.0,63.0,-487.0,,580.0,-305.0,205.0,770.0,596.0
24.0,-822.0,76.0,-220.0,,768.0,-459.0,314.0,447.0,548.0
-31.0,-782.0,58.0,54.0,,536.0,-809.0,365.0,-48.0,503.0
-44.0,-1178.0,89.0,298.0,,254.0,-1083.0,201.0,44.0,548.0
-113.0,-904.0,116.0,397.0,,281.0,-1153.0,347.0,33.0,565.0
-12.0,-689.0,113.0,336.0,,371.0,-1020.0,334.0,289.0,489.0
-49.0,-561.0,112.0,441.0,,371.0,-862.0,301.0,15.0,485.0
-40.0,-49.0,115.0,668.0,,303.0,-827.0,197.0,-485.0,505.0
-112.0,-30.0,115.0,768.0,,465.0,-916.0,-79.0,-838.0,480.0
-70.0,-120.0,115.0,518.0,,610.0,-989.0,-155.0,-386.0,416.0
-112.0,476.0,174.0,-70.0,,449.0,-897.0,-206.0,277.0,442.0
-173.0,323.0,140.0,-510.0,,245.0,-747.0,-114.0,-505.0,477.0
-212.0,135.0,158.0,-590.0,,263.0,-668.0,-160.0,-1021.0,414.0
-283.0,135.0,178.0,-460.0,,403.0,-635.0,-203.0,-1001.0,435.0
-183.0,164.0,179.0,-375.0,,213.0,-496.0,-354.0,-495.0,445.0
-267.0,941.0,234.0,-523.0,,-33.0,-380.0,-691.0,9.0,404.0
-318.0,708.0,254.0,-626.0,,134.0,-391.0,-720.0,-604.0,412.0
-431.0,312.0,287.0,-536.0,,350.0,-278.0,-796.0,-735.0,456.0
-350.0,70.0,237.0,-291.0,,227.0,-101.0,-659.0,-308.0,445.0
-349.0,-236.0,194.0,-19.0,,127.0,-28.0,-532.0,-311.0,415.0
-385.0,-324.0,126.0,114.0,,357.0,-146.0,-423.0,246.0,411.0
-355.0,-218.0,29.0,259.0,,377.0,-318.0,-238.0,200.0,320.0
-385.0,-317.0,28.0,369.0,,87.0,-313.0,-279.0,-978.0,198.0
-315.0,-820.0,40.0,274.0,,-20.0,-312.0,-114.0,-537.0,131.0
-392.0,-569.0,-1.0,181.0,,21.0,-599.0,-129.0,-14.0,129.0
-398.0,-871.0,38.0,155.0,,-40.0,-933.0,-127.0,104.0,101.0
-430.0,-759.0,32.0,117.0,,-310.0,-846.0,-184.0,242.0,54.0
-374.0,-359.0,-23.0,259.0,,-343.0,-470.0,-376.0,-109.0,103.0
-342.0,-372.0,26.0,245.0,,-90.0,-180.0,-397.0,433.0,179.0
-361.0,260.0,-58.0,165.0,,-85.0,-228.0,-622.0,519.0,236.0
-348.0,567.0,-49.0,359.0,,-217.0,-488.0,-683.0,13.0,308.0
-276.0,537.0,-55.0,267.0,,-233.0,-662.0,-646.0,-67.0,392.0
-201.0,413.0,-74.0,36.0,,-25.0,-680.0,-456.0,502.0,407.0
-207.0,817.0,-67.0,-145.0,,-6.0,-585.0,-242.0,149.0,362.0
-166.0,879.0,-95.0,-486.0,,-342.0,-500.0,-203.0,-786.0,400.0
-144.0,696.0,-10.0,-667.0,,-409.0,-324.0,9.0,-205.0,494.0
-60.0,1091.0,-33.0,-477.0,,-172.0,-213.0,101.0,-229.0,431.0
-28.0,1523.0,26.0,-268.0,,-106.0,-285.0,312.0,-766.0,291.0
37.0,1188.0,93.0,-249.0,,-213.0,-336.0,402.0,-762.0,275.0
72.0,406.0,156.0,-353.0,,-175.0,-341.0,280.0,-874.0,211.0
166.0,827.0,237.0,-516.0,,-14.0,-324.0,221.0,-706.0,41.0
247.0,527.0,319.0,-555.0,,-59.0,-373.0,-42.0,-463.0,-11.0
310.0,-245.0,326.0,-546.0,,-300.0,-485.0,-190.0,-687.0,-15.0
381.0,-271.0,356.0,-409.0,,-194.0,-495.0,-323.0,-548.0,-107.0
373.0,-93.0,339.0,-242.0,,-24.0,-356.0,-343.0,-243.0,-128.0
404.0,-194.0,226.0,-173.0,,-383.0,-169.0,-356.0,5.0,-108.0
384.0,-1106.0,217.0,3.0,,-837.0,-13.0,-509.0,414.0,-141.0
377.0,-1226.0,100.0,168.0,,-725.0,77.0,-498.0,-450.0,-168.0
287.0,-1103.0,100.0,215.0,,-308.0,-5.0,-668.0,-504.0,-128.0
290.0,-902.0,24.0,204.0,,-319.0,-321.0,-715.0,546.0,-60.0
326.0,-558.0,-12.0,259.0,,-481.0,-538.0,-798.0,604.0,-74.0
385.0,-12.0,-58.0,311.0,,-258.0,-381.0,-859.0,302.0,-22.0
389.0,316.0,-108.0,446.0,,64.0,-212.0,-676.0,-234.0,95.0
316.0,-126.0,-74.0,662.0,,-116.0,-322.0,-559.0,60.0,120.0
331.0,416.0,-161.0,724.0,,-425.0,-499.0,-308.0,540.0,104.0
265.0,631.0,-133.0,776.0,,-273.0,-596.0,-306.0,258.0,221.0
215.0,667.0,-219.0,734.0,,-6.0,-509.0,-269.0,209.0,358.0
151.0,858.0,-250.0,564.0,,-133.0,-292.0,-266.0,322.0,333.0
108.0,695.0,-265.0,380.0,,-428.0,-244.0,-421.0,40.0,370.0
92.0,147.0,-271.0,216.0,,-329.0,-349.0,-402.0,-293.0,509.0
82.0,-136.0,-209.0,221.0,,-212.0,-426.0,-419.0,242.0,525.0
38.0,331.0,-253.0,71.0,,-382.0,-372.0,-232.0,471.0,413.0
-6.0,-22.0,-189.0,-175.0,,-466.0,-465.0,-245.0,40.0,461.0
-13.0,307.0,-174.0,-154.0,,-207.0,-846.0,-297.0,-110.0,562.0
-3.0,419.0,-138.0,-146.0,,-27.0,-1025.0,-421.0,-36.0,464.0
-41.0,-33.0,-35.0,-148.0,,-346.0,-763.0,-633.0,399.0,409.0
-16.0,58.0,-18.0,-174.0,,-615.0,-414.0,-548.0,-21.0,487.0
54.0,12.0,42.0,-212.0,,-323.0,-500.0,-667.0,-477.0,515.0
69.0,-52.0,25.0,-2.0,,-41.0,-763.0,-554.0,59.0,427.0
131.0,-191.0,-35.0,292.0,,-357.0,-795.0,-404.0,-203.0,404.0
109.0,-441.0,-87.0,548.0,,-654.0,-680.0,-417.0,-211.0,419.0
163.0,-290.0,-169.0,723.0,,-377.0,-551.0,-397.0,201.0,313.0
170.0,211.0,-232.0,795.0,,-53.0,-565.0,-484.0,-209.0,216.0
196.0,-142.0,-280.0,660.0,,-338.0,-575.0,-371.0,-386.0,203.0
208.0,145.0,-299.0,281.0,,-801.0,-316.0,-349.0,82.0,171.0
183.0,373.0,-349.0,-129.0,,-745.0,-18.0,-367.0,243.0,100.0
284.0,317.0,-331.0,-408.0,,-482.0,-171.0,-456.0,95.0,133.0
293.0,239.0,-278.0,-642.0,,-537.0,-565.0,-604.0,324.0,176.0
335.0,-164.0,-284.0,-885.0,,-678.0,-548.0,-642.0,457.0,153.0
247.0,-71.0,-232.0,-809.0,,-493.0,-171.0,-785.0,379.0,201.0
201.0,-579.0,-246.0,-597.0,,-244.0,-45.0,-729.0,359.0,271.0
168.0,-471.0,-264.0,-492.0,,-449.0,-321.0,-800.0,21.0,269.0
59.0,-685.0,-237.0,-359.0,,-695.0,-419.0,-975.0,-403.0,195.0
10.0,-1048.0,-256.0,-240.0,,-439.0,-88.0,-1023.0,-465.0,86.0
-75.0,-835.0,-183.0,-311.0,,-390.0,129.0,-1236.0,-407.0,0.0
-71.0,-784.0,-222.0,-442.0,,-730.0,-1.0,-1324.0,269.0,-37.0
-153.0,-150.0,-200.0,-261.0,,-826.0,-88.0,-1457.0,29.0,-135.0
-234.0,-131.0,-128.0,-43.0,,-578.0,51.0,-1411.0,-430.0,-333.0
-259.0,-204.0,-72.0,59.0,,-434.0,172.0,-1149.0,394.0,-425.0
-238.0,460.0,40.0,207.0,,-808.0,-14.0,-812.0,376.0,-433.0
-233.0,655.0,81.0,323.0,,-1068.0,-347.0,-245.0,855.0,-457.0
-290.0,781.0,198.0,392.0,,-790.0,-479.0,112.0,979.0,-394.0
-230.0,1307.0,230.0,353.0,,-648.0,-515.0,351.0,635.0,-298.0
-181.0,1265.0,212.0,189.0,,-870.0,-721.0,249.0,1014.0,-233.0
-150.0,1267.0,237.0,-82.0,,-906.0,-925.0,46.0,736.0,-111.0
-100.0,1400.0,208.0,-396.0,,-574.0,-696.0,-131.0,757.0,89.0
-9.0,1600.0,145.0,-516.0,,-438.0,-277.0,-415.0,684.0,235.0
100.0,1411.0,119.0,-472.0,,-626.0,-300.0,-521.0,546.0,329.0
179.0,984.0,45.0,-338.0,,-564.0,-645.0,-687.0,425.0,493.0
236.0,1120.0,-26.0,-148.0,,-194.0,-696.0,-622.0,489.0,664.0
264.0,612.0,15.0,-102.0,,-151.0,-391.0,-589.0,932.0,739.0
291.0,37.0,25.0,-20.0,,-543.0,-185.0,-487.0,573.0,778.0
307.0,-176.0,20.0,158.0,,-623.0,-232.0,-286.0,316.0,772.0
272.0,-213.0,-65.0,314.0,,-275.0,-315.0,-369.0,543.0,640.0
239.0,-386.0,-87.0,296.0,,-165.0,-357.0,-330.0,607.0,579.0
241.0,-504.0,-141.0,145.0,,-475.0,-427.0,-561.0,-80.0,537.0
204.0,-387.0,-289.0,6.0,,-548.0,-400.0,-811.0,-837.0,351.0
160.0,-420.0,-245.0,-235.0,,-20.0,-359.0,-942.0,-465.0,148.0
161.0,-317.0,-320.0,-511.0,,62.0,-578.0,-1104.0,-175.0,88.0
162.0,-464.0,-390.0,-718.0,,-590.0,-817.0,-1099.0,-713.0,52.0
141.0,-414.0,-379.0,-549.0,,-817.0,-732.0,-1291.0,-712.0,-72.0
144.0,-66.0,-465.0,-239.0,,-555.0,-518.0,-1359.0,-184.0,-108.0
149.0,49.0,-499.0,-318.0,,-418.0,-428.0,-1422.0,-496.0,-174.0
160.0,-257.0,-483.0,-435.0,,-590.0,-217.0,-1387.0,-554.0,-188.0
156.0,131.0,-521.0,-372.0,,-661.0,94.0,-1176.0,-302.0,-148.0
148.0,573.0,-531.0,-336.0,,-327.0,-40.0,-1060.0,-215.0,-223.0
152.0,-6.0,-455.0,-233.0,,-276.0,-467.0,-715.0,-26.0,-327.0
132.0,251.0,-550.0,-55.0,,-619.0,-467.0,-609.0,-404.0,-413.0
159.0,528.0,-522.0,30.0,,-610.0,-95.0,-493.0,215.0,-361.0
198.0,308.0,-465.0,50.0,,-186.0,0.0,-402.0,444.0,-380.0
204.0,484.0,-500.0,-69.0,,-196.0,-246.0,-569.0,-96.0,-487.0
173.0,669.0,-448.0,-303.0,,-623.0,-295.0,-731.0,719.0,-533.0
140.0,578.0,-474.0,-429.0,,-546.0,-35.0,-1091.0,622.0,-569.0
109.0,796.0,-477.0,-467.0,,-131.0,163.0,-1298.0,205.0,-581.0
70.0,1127.0,-461.0,-470.0,,-118.0,72.0,-1587.0,426.0,-637.0
90.0,815.0,-396.0,-404.0,,-388.0,-230.0,-1699.0,487.0,-673.0
94.0,632.0,-341.0,-301.0,,-413.0,-456.0,-1467.0,681.0,-719.0
37.0,191.0,-335.0,-186.0,,-210.0,-434.0,-1097.0,262.0,-704.0
21.0,486.0,-298.0,-65.0,,-194.0,-320.0,-484.0,143.0,-611.0
37.0,655.0,-317.0,89.0,,-393.0,-451.0,-136.0,484.0,-603.0
40.0,-86.0,-369.0,245.0,,-211.0,-796.0,188.0,241.0,-581.0
54.0,258.0,-318.0,258.0,,78.0,-1002.0,343.0,22.0,-538.0
72.0,161.0,-356.0,109.0,,41.0,-945.0,341.0,-3.0,-452.0
126.0,-114.0,-372.0,-15.0,,1.0,-738.0,332.0,-48.0,-385.0
145.0,171.0,-293.0,-138.0,,216.0,-572.0,14.0,-47.0,-382.0
159.0,436.0,-349.0,-242.0,,456.0,-505.0,-234.0,-96.0,-351.0
258.0,31.0,-310.0,-179.0,,106.0,-583.0,-552.0,110.0,-305.0
331.0,-212.0,-283.0,-188.0,,-114.0,-634.0,-752.0,-129.0,-254.0
357.0,308.0,-294.0,-352.0,,215.0,-400.0,-968.0,-469.0,-227.0
365.0,68.0,-216.0,-305.0,,379.0,-46.0,-1204.0,-180.0,-231.0
396.0,50.0,-206.0,-172.0,,-64.0,138.0,-1138.0,-338.0,-258.0
440.0,-277.0,-162.0,-276.0,,-561.0,64.0,-1134.0,-324.0,-244.0
474.0,-575.0,-139.0,-390.0,,-333.0,-89.0,-807.0,-410.0,-214.0
534.0,-125.0,-168.0,-453.0,,19.0,-108.0,-509.0,-677.0,-250.0
589.0,-78.0,-129.0,-544.0,,-36.0,-28.0,-354.0,-353.0,-271.0
635.0,-508.0,-125.0,-720.0,,-423.0,-21.0,-177.0,-102.0,-194.0
637.0,-476.0,-144.0,-861.0,,-325.0,-82.0,-206.0,-53.0,-80.0
604.0,191.0,-132.0,-785.0,,56.0,-104.0,-123.0,-216.0,-13.0
626.0,-184.0,-92.0,-554.0,,-231.0,58.0,-273.0,-297.0,-12.0
650.0,-377.0,-49.0,-100.0,,-639.0,211.0,-478.0,-277.0,-22.0
640.0,-514.0,27.0,389.0,,-521.0,68.0,-755.0,125.0,-13.0
571.0,-765.0,62.0,749.0,,-216.0,-88.0,-1012.0,484.0,0.0
489.0,81.0,72.0,987.0,,-498.0,-122.0,-973.0,240.0,12.0
420.0,652.0,57.0,948.0,,-705.0,-104.0,-955.0,-250.0,-71.0
313.0,682.0,35.0,636.0,,-413.0,-105.0,-628.0,-280.0,-157.0
193.0,715.0,49.0,210.0,,-393.0,-146.0,-277.0,243.0,-113.0
62.0,1124.0,-5.0,-121.0,,-753.0,-105.0,149.0,-312.0,-49.0
-10.0,994.0,21.0,-322.0,,-983.0,-79.0,482.0,-401.0,-101.0
-44.0,704.0,-29.0,-484.0,,-614.0,-25.0,404.0,334.0,-204.0
-58.0,872.0,-33.0,-434.0,,-280.0,112.0,314.0,140.0,-176.0
-45.0,799.0,-21.0,-281.0,,-649.0,151.0,0.0,410.0,-83.0
-25.0,808.0,-54.0,-281.0,,-895.0,158.0,-186.0,1046.0,-76.0
6.0,907.0,-7.0,-194.0,,-501.0,135.0,-393.0,706.0,-74.0
1.0,1225.0,-106.0,23.0,,-279.0,98.0,-570.0,32.0,17.0
-1.0,1016.0,-92.0,169.0,,-456.0,138.0,-563.0,740.0,18.0
14.0,671.0,-189.0,224.0,,-584.0,177.0,-711.0,1472.0,-41.0
27.0,812.0,-234.0,185.0,,-315.0,248.0,-637.0,663.0,-11.0
72.0,650.0,-214.0,119.0,,-158.0,157.0,-679.0,264.0,-114.0
88.0,543.0,-290.0,9.0,,-657.0,-86.0,-604.0,373.0,-349.0
95.0,484.0,-230.0,-249.0,,-840.0,-210.0,-349.0,543.0,-488.0
141.0,518.0,-283.0,-245.0,,-638.0,-223.0,-197.0,860.0,-546.0
101.0,193.0,-251.0,161.0,,-634.0,-239.0,18.0,617.0,-733.0
91.0,-195.0,-205.0,312.0,,-920.0,-412.0,-66.0,657.0,-963.0
93.0,-130.0,-190.0,216.0,,-1053.0,-601.0,-75.0,517.0,-999.0
63.0,-602.0,-140.0,225.0,,-567.0,-699.0,-181.0,66.0,-971.0
20.0,-559.0,-111.0,261.0,,-536.0,-668.0,-341.0,566.0,-975.0
-30.0,-523.0,-156.0,341.0,,-984.0,-434.0,-434.0,470.0,-991.0
-15.0,-686.0,-177.0,390.0,,-938.0,-162.0,-639.0,-225.0,-938.0
-33.0,-489.0,-198.0,388.0,,-475.0,107.0,-460.0,-589.0,-831.0
-33.0,-681.0,-223.0,209.0,,-314.0,271.0,-321.0,-591.0,-775.0
-96.0,-246.0,-163.0,-43.0,,-598.0,373.0,-136.0,-192.0,-753.0
-103.0,-233.0,-223.0,-193.0,,-598.0,565.0,-9.0,-394.0,-805.0
-61.0,-363.0,-200.0,-468.0,,-373.0,579.0,-1.0,-583.0,-815.0
-101.0,-8.0,-210.0,-664.0,,-432.0,376.0,103.0,-741.0,-775.0
-98.0,4.0,-162.0,-709.0,,-824.0,389.0,1.0,-887.0,-740.0
-106.0,39.0,-77.0,-649.0,,-730.0,612.0,48.0,-803.0,-654.0
-85.0,65.0,-46.0,-398.0,,-340.0,632.0,-18.0,-993.0,-651.0
-93.0,125.0,15.0,-27.0,,-422.0,357.0,29.0,-838.0,-596.0
-122.0,202.0,-18.0,359.0,,-699.0,159.0,90.0,-1131.0,-464.0
-132.0,151.0,-40.0,598.0,,-642.0,366.0,12.0,-1361.0,-408.0
-198.0,-379.0,-96.0,692.0,,-158.0,486.0,149.0,-531.0,-361.0
-245.0,-327.0,-120.0,741.0,,-65.0,141.0,24.0,-205.0,-294.0
-275.0,-185.0,-128.0,779.0,,-319.0,-113.0,29.0,-135.0,-170.0
-296.0,54.0,-95.0,674.0,,-320.0,5.0,-12.0,188.0,-93.0
-245.0,612.0,-73.0,444.0,,-45.0,162.0,-25.0,504.0,-44.0
-205.0,617.0,-60.0,384.0,,-228.0,119.0,218.0,892.0,-14.0
-143.0,672.0,-13.0,446.0,,-664.0,0.0,227.0,779.0,-88.0
-64.0,878.0,-67.0,456.0,,-542.0,-32.0,334.0,646.0,-89.0
-9.0,1723.0,-89.0,443.0,,-278.0,37.0,362.0,807.0,-61.0
33.0,1258.0,-78.0,342.0,,-315.0,160.0,469.0,798.0,-153.0
74.0,840.0,-109.0,70.0,,-603.0,239.0,474.0,404.0,-221.0
162.0,1276.0,-109.0,-225.0,,-417.0,327.0,264.0,271.0,-142.0
198.0,464.0,-154.0,-334.0,,-56.0,476.0,49.0,216.0,-79.0
249.0,54.0,-223.0,-386.0,,-78.0,596.0,-421.0,-431.0,-52.0
217.0,-209.0,-200.0,-294.0,,-237.0,632.0,-602.0,56.0,22.0
189.0,-223.0,-261.0,-107.0,,-154.0,742.0,-814.0,478.0,122.0
192.0,-351.0,-314.0,-83.0,,70.0,860.0,-914.0,-40.0,221.0
151.0,-477.0,-293.0,-24.0,,-200.0,735.0,-715.0,32.0,294.0
134.0,-681.0,-354.0,124.0,,-491.0,628.0,-495.0,-227.0,433.0
91.0,-1011.0,-316.0,116.0,,-294.0,690.0,27.0,-16.0,509.0
125.0,-564.0,-240.0,-125.0,,-21.0,799.0,380.0,126.0,508.0
85.0,-612.0,-232.0,-426.0,,-166.0,767.0,746.0,-231.0,612.0
62.0,-151.0,-175.0,-528.0,,-337.0,512.0,960.0,61.0,689.0
87.0,-158.0,-121.0,-309.0,,-40.0,361.0,899.0,-97.0,587.0
100.0,-366.0,-125.0,-56.0,,244.0,428.0,779.0,-369.0,499.0
57.0,-81.0,-134.0,252.0,,38.0,561.0,404.0,-562.0,523.0
-30.0,-133.0,-88.0,498.0,,-223.0,551.0,212.0,-331.0,516.0
-54.0,54.0,-25.0,617.0,,-96.0,305.0,9.0,-263.0,471.0
-71.0,41.0,-17.0,721.0,,98.0,157.0,-62.0,-582.0,365.0
-77.0,691.0,-26.0,686.0,,-56.0,303.0,-127.0,-62.0,269.0
-126.0,668.0,-25.0,809.0,,-259.0,456.0,-378.0,248.0,182.0
-111.0,730.0,-59.0,776.0,,29.0,517.0,-506.0,170.0,87.0
-113.0,842.0,-65.0,437.0,,273.0,649.0,-718.0,-82.0,26.0
-141.0,567.0,-91.0,170.0,,49.0,869.0,-702.0,90.0,-39.0
-175.0,1301.0,-95.0,44.0,,-183.0,880.0,-705.0,20.0,-77.0
-162.0,870.0,-103.0,58.0,,16.0,643.0,-652.0,-112.0,-65.0
-122.0,690.0,-101.0,-12.0,,242.0,448.0,-393.0,679.0,-39.0
-97.0,1009.0,-144.0,-65.0,,37.0,330.0,-116.0,689.0,-73.0
-48.0,765.0,-211.0,-159.0,,-56.0,284.0,378.0,274.0,-57.0
-91.0,260.0,-152.0,-483.0,,260.0,249.0,648.0,14.0,-41.0
-102.0,-171.0,-163.0,-615.0,,428.0,307.0,894.0,833.0,-82.0
-68.0,87.0,-172.0,-642.0,,208.0,473.0,866.0,1320.0,-118.0
-44.0,-488.0,-165.0,-761.0,,153.0,677.0,478.0,333.0,-288.0
-124.0,-578.0,-122.0,-768.0,,423.0,934.0,240.0,403.0,-490.0
-92.0,-4.0,-72.0,-691.0,,455.0,1131.0,-116.0,851.0,-562.0
-49.0,-218.0,-10.0,-503.0,,148.0,1320.0,-232.0,1118.0,-616.0
-77.0,-244.0,0.0,-366.0,,261.0,1441.0,-212.0,975.0,-736.0
-58.0,-291.0,-59.0,-339.0,,784.0,1619.0,-134.0,773.0,-817.0
-54.0,9.0,-66.0,-124.0,,895.0,1786.0,99.0,788.0,-830.0
7.0,222.0,-90.0,104.0,,485.0,1705.0,230.0,435.0,-896.0
-30.0,291.0,-66.0,56.0,,363.0,1483.0,428.0,907.0,-901.0
-2.0,545.0,-10.0,-92.0,,770.0,1175.0,515.0,1274.0,-874.0
-38.0,268.0,51.0,-136.0,,832.0,1059.0,565.0,643.0,-927.0
-62.0,490.0,92.0,-16.0,,475.0,1180.0,480.0,-98.0,-902.0
-31.0,317.0,128.0,84.0,,310.0,1182.0,273.0,-88.0,-788.0
-22.0,14.0,150.0,128.0,,521.0,902.0,49.0,627.0,-704.0
-18.0,-248.0,216.0,114.0,,615.0,524.0,-306.0,441.0,-755.0
-92.0,-503.0,227.0,83.0,,325.0,386.0,-448.0,-533.0,-717.0
-115.0,-138.0,216.0,243.0,,457.0,517.0,-447.0,-445.0,-536.0
-186.0,46.0,240.0,311.0,,1030.0,633.0,-166.0,300.0,-443.0
-152.0,686.0,248.0,384.0,,1158.0,713.0,77.0,506.0,-316.0
-192.0,494.0,286.0,548.0,,826.0,818.0,234.0,453.0,-133.0
-179.0,355.0,356.0,602.0,,752.0,886.0,471.0,143.0,-33.0
-131.0,949.0,485.0,574.0,,1058.0,951.0,393.0,-142.0,12.0
-91.0,862.0,508.0,400.0,,958.0,996.0,450.0,-61.0,130.0
-44.0,539.0,610.0,128.0,,500.0,1075.0,338.0,513.0,204.0
-106.0,410.0,696.0,-257.0,,595.0,1079.0,194.0,649.0,187.0
-45.0,636.0,716.0,-513.0,,1106.0,1023.0,227.0,-218.0,231.0
-122.0,428.0,833.0,-490.0,,1184.0,1152.0,64.0,-312.0,347.0
-127.0,314.0,901.0,-324.0,,970.0,1404.0,94.0,451.0,449.0
-176.0,-84.0,899.0,-173.0,,1156.0,1462.0,57.0,690.0,518.0
-174.0,-414.0,892.0,34.0,,1502.0,1267.0,129.0,168.0,612.0
-116.0,-235.0,842.0,512.0,,1448.0,1040.0,199.0,-324.0,728.0
-213.0,-608.0,728.0,730.0,,1074.0,788.0,153.0,-224.0,814.0
-192.0,-775.0,692.0,624.0,,1030.0,632.0,236.0,308.0,870.0
-232.0,-782.0,631.0,467.0,,1426.0,618.0,136.0,349.0,907.0
-179.0,-157.0,560.0,249.0,,1437.0,595.0,166.0,304.0,871.0
-207.0,-113.0,481.0,24.0,,1189.0,497.0,46.0,319.0,834.0
-188.0,-591.0,446.0,-97.0,,1339.0,303.0,-110.0,-265.0,762.0
-122.0,-119.0,396.0,6.0,,1598.0,206.0,-88.0,-51.0,616.0
-102.0,-4.0,326.0,-35.0,,1466.0,310.0,-142.0,605.0,466.0
-4.0,45.0,291.0,0.0,,1012.0,475.0,-99.0,503.0,295.0
-49.0,-386.0,174.0,147.0,,1046.0,719.0,-118.0,-498.0,180.0
60.0,-537.0,112.0,54.0,,1338.0,969.0,-38.0,-712.0,33.0
102.0,-545.0,4.0,-107.0,,1067.0,921.0,-25.0,225.0,-162.0
115.0,-1006.0,8.0,-299.0,,705.0,732.0,88.0,528.0,-313.0
149.0,-1004.0,28.0,-321.0,,862.0,821.0,279.0,174.0,-418.0
186.0,-1242.0,71.0,-270.0,,1176.0,1075.0,282.0,-403.0,-500.0
245.0,-974.0,162.0,-235.0,,942.0,1044.0,410.0,-289.0,-552.0
155.0,-611.0,172.0,-126.0,,712.0,783.0,177.0,156.0,-588.0
177.0,-16.0,314.0,-20.0,,1065.0,657.0,72.0,398.0,-729.0
71.0,649.0,380.0,100.0,,1517.0,685.0,120.0,474.0,-751.0
95.0,757.0,509.0,280.0,,1486.0,666.0,11.0,8.0,-698.0
105.0,1235.0,647.0,380.0,,1254.0,495.0,164.0,-423.0,-677.0
73.0,1793.0,698.0,302.0,,1481.0,288.0,164.0,-18.0,-621.0
104.0,2033.0,784.0,228.0,,1692.0,229.0,181.0,523.0,-660.0
4.0,1741.0,824.0,117.0,,1397.0,358.0,121.0,136.0,-539.0
22.0,1623.0,800.0,125.0,,1003.0,350.0,123.0,-363.0,-432.0
-127.0,1941.0,770.0,283.0,,1158.0,201.0,271.0,-161.0,-475.0
-157.0,2038.0,730.0,344.0,,1441.0,164.0,338.0,466.0,-428.0
-184.0,1292.0,636.0,254.0,,1237.0,152.0,504.0,720.0,-379.0
-210.0,692.0,612.0,38.0,,1129.0,115.0,369.0,598.0,-409.0
-209.0,666.0,602.0,-6.0,,1515.0,17.0,325.0,562.0,-514.0
-178.0,24.0,562.0,142.0,,1858.0,8.0,238.0,302.0,-549.0
-53.0,-667.0,511.0,95.0,,1669.0,93.0,149.0,298.0,-608.0
-67.0,-891.0,456.0,-96.0,,1606.0,134.0,330.0,492.0,-708.0
103.0,-1202.0,356.0,10.0,,1922.0,95.0,382.0,287.0,-692.0
135.0,-1366.0,240.0,183.0,,1895.0,77.0,589.0,-317.0,-670.0
209.0,-930.0,100.0,305.0,,1386.0,394.0,633.0,-561.0,-731.0
288.0,-630.0,0.0,460.0,,1049.0,891.0,657.0,-6.0,-729.0
251.0,-518.0,-76.0,407.0,,1404.0,1175.0,543.0,-133.0,-564.0
165.0,-578.0,-166.0,342.0,,1734.0,1048.0,266.0,-283.0,-480.0
59.0,-261.0,-168.0,278.0,,1430.0,773.0,214.0,-167.0,-472.0
86.0,47.0,-219.0,153.0,,1224.0,596.0,-9.0,-359.0,-328.0
-44.0,-48.0,-227.0,-17.0,,1613.0,468.0,-36.0,-306.0,-160.0
-96.0,32.0,-204.0,-130.0,,1840.0,379.0,-92.0,-253.0,-58.0
-122.0,-310.0,-166.0,-53.0,,1396.0,174.0,-131.0,146.0,89.0
-111.0,-236.0,-116.0,-62.0,,1187.0,13.0,5.0,216.0,253.0
-94.0,-392.0,-94.0,-161.0,,1569.0,101.0,-36.0,13.0,346.0
-103.0,-364.0,-10.0,-147.0,,1720.0,411.0,18.0,364.0,504.0
-95.0,-571.0,12.0,-93.0,,1295.0,666.0,-72.0,592.0,685.0
-168.0,-1151.0,52.0,-35.0,,929.0,581.0,-86.0,349.0,731.0
-140.0,-180.0,111.0,92.0,,1223.0,447.0,-103.0,65.0,695.0
-131.0,-40.0,178.0,245.0,,1425.0,389.0,-83.0,-140.0,668.0
-150.0,-300.0,225.0,425.0,,1148.0,363.0,151.0,242.0,664.0
-98.0,110.0,230.0,564.0,,1064.0,386.0,179.0,529.0,624.0
4.0,553.0,298.0,582.0,,1250.0,321.0,332.0,247.0,445.0
49.0,729.0,338.0,519.0,,1195.0,196.0,312.0,518.0,240.0
35.0,783.0,404.0,396.0,,744.0,149.0,288.0,237.0,98.0
55.0,938.0,425.0,321.0,,707.0,262.0,334.0,-40.0,-76.0
92.0,541.0,399.0,172.0,,1238.0,328.0,157.0,521.0,-212.0
113.0,637.0,436.0,40.0,,1352.0,232.0,99.0,546.0,-300.0
134.0,365.0,412.0,155.0,,938.0,241.0,-145.0,25.0,-394.0
176.0,276.0,369.0,263.0,,837.0,345.0,-273.0,-333.0,-479.0
201.0,285.0,368.0,330.0,,1206.0,275.0,-338.0,146.0,-503.0
235.0,-320.0,358.0,238.0,,1330.0,-18.0,-295.0,858.0,-463.0
260.0,-161.0,366.0,15.0,,1005.0,-169.0,-9.0,828.0,-474.0
212.0,-114.0,370.0,12.0,,974.0,-20.0,103.0,419.0,-517.0
197.0,-440.0,338.0,129.0,,1324.0,141.0,291.0,17.0,-442.0
233.0,-802.0,353.0,189.0,,1223.0,175.0,218.0,214.0,-336.0
192.0,-520.0,362.0,125.0,,750.0,243.0,64.0,403.0,-402.0
153.0,-406.0,341.0,109.0,,661.0,503.0,-55.0,66.0,-398.0
230.0,-807.0,370.0,115.0,,1003.0,685.0,-221.0,-8.0,-275.0
291.0,-1231.0,388.0,0.0,,1130.0,402.0,-114.0,-663.0,-246.0
299.0,-1156.0,392.0,34.0,,907.0,-195.0,-92.0,-669.0,-264.0
379.0,-955.0,334.0,47.0,,853.0,-423.0,3.0,322.0,-205.0
448.0,-857.0,296.0,-104.0,,972.0,-94.0,81.0,236.0,-127.0
502.0,-6.0,273.0,-130.0,,690.0,221.0,107.0,-401.0,-199.0
544.0,-344.0,168.0,39.0,,139.0,148.0,145.0,-619.0,-142.0
543.0,7.0,165.0,233.0,,162.0,-98.0,94.0,-100.0,20.0
496.0,932.0,88.0,283.0,,495.0,-241.0,225.0,140.0,24.0
469.0,935.0,71.0,294.0,,429.0,-421.0,199.0,-367.0,6.0
511.0,906.0,101.0,373.0,,146.0,-459.0,229.0,-698.0,91.0
457.0,790.0,56.0,421.0,,258.0,-181.0,297.0,-566.0,190.0
424.0,742.0,110.0,507.0,,534.0,85.0,242.0,-377.0,112.0
383.0,315.0,85.0,682.0,,186.0,231.0,371.0,-484.0,130.0
327.0,244.0,124.0,716.0,,-286.0,231.0,349.0,-509.0,217.0
294.0,-199.0,176.0,657.0,,-194.0,139.0,478.0,-802.0,130.0
237.0,-127.0,173.0,665.0,,130.0,17.0,641.0,-1230.0,102.0
197.0,-136.0,232.0,766.0,,74.0,-121.0,757.0,-948.0,144.0
151.0,-302.0,290.0,757.0,,-110.0,-234.0,892.0,-439.0,110.0
145.0,-14.0,334.0,729.0,,244.0,-319.0,752.0,-270.0,0.0
46.0,-237.0,395.0,837.0,,596.0,-330.0,626.0,-572.0,-27.0
-10.0,-160.0,419.0,598.0,,233.0,-403.0,260.0,-663.0,-9.0
-43.0,-176.0,450.0,241.0,,-126.0,-393.0,7.0,-105.0,-90.0
-104.0,177.0,533.0,124.0,,194.0,-345.0,-107.0,141.0,-176.0
-175.0,-83.0,545.0,38.0,,542.0,-546.0,-79.0,166.0,-188.0
-271.0,13.0,630.0,44.0,,301.0,-568.0,341.0,-49.0,-265.0
-279.0,27.0,667.0,107.0,,-2.0,-231.0,535.0,-505.0,-412.0
-346.0,-329.0,634.0,61.0,,270.0,88.0,694.0,-433.0,-476.0
-364.0,-88.0,667.0,-143.0,,544.0,125.0,617.0,109.0,-503.0
-361.0,-695.0,622.0,-201.0,,146.0,81.0,354.0,460.0,-570.0
-323.0,-567.0,601.0,48.0,,-364.0,47.0,38.0,-75.0,-668.0
-326.0,-429.0,565.0,183.0,,-243.0,-146.0,-338.0,-194.0,-706.0
-341.0,-46.0,520.0,-28.0,,48.0,-278.0,-400.0,636.0,-638.0
-281.0,430.0,506.0,-178.0,,-212.0,-190.0,-423.0,993.0,-535.0
-325.0,689.0,487.0,41.0,,-623.0,14.0,-199.0,465.0,-455.0
-267.0,1010.0,501.0,259.0,,-516.0,99.0,-46.0,-270.0,-342.0
-201.0,244.0,469.0,344.0,,-150.0,45.0,55.0,-504.0,-279.0
-166.0,259.0,462.0,378.0,,-258.0,-48.0,264.0,-243.0,-310.0
-90.0,193.0,439.0,229.0,,-435.0,-192.0,245.0,55.0,-204.0
-30.0,-280.0,441.0,159.0,,-208.0,-396.0,362.0,-155.0,-65.0
1.0,-238.0,448.0,224.0,,-239.0,-563.0,408.0,-520.0,-64.0
-6.0,-44.0,424.0,205.0,,-675.0,-445.0,528.0,-734.0,-43.0
12.0,70.0,448.0,200.0,,-958.0,-178.0,593.0,-522.0,115.0
-22.0,-108.0,472.0,218.0,,-824.0,-19.0,509.0,62.0,276.0
-69.0,243.0,464.0,306.0,,-744.0,-91.0,504.0,109.0,355.0
-62.0,486.0,394.0,388.0,,-983.0,-324.0,349.0,-622.0,482.0
-82.0,207.0,427.0,373.0,,-983.0,-551.0,351.0,-918.0,602.0
-109.0,97.0,422.0,356.0,,-667.0,-659.0,181.0,40.0,626.0
-125.0,616.0,387.0,488.0,,-573.0,-635.0,55.0,200.0,665.0
-119.0,607.0,473.0,756.0,,-809.0,-703.0,138.0,-257.0,740.0
-123.0,196.0,465.0,853.0,,-830.0,-891.0,110.0,-82.0,666.0
-140.0,219.0,510.0,831.0,,-427.0,-919.0,301.0,-221.0,531.0
-148.0,-272.0,557.0,647.0,,-427.0,-656.0,426.0,0.0,504.0
-207.0,-225.0,474.0,420.0,,-986.0,-244.0,602.0,235.0,434.0
-175.0,243.0,476.0,288.0,,-1118.0,113.0,692.0,80.0,313.0
-112.0,14.0,404.0,136.0,,-713.0,342.0,611.0,-4.0,183.0
-99.0,-273.0,311.0,4.0,,-623.0,525.0,618.0,-398.0,67.0
-77.0,81.0,243.0,-96.0,,-1097.0,545.0,563.0,-174.0,-55.0
-71.0,365.0,141.0,-72.0,,-1147.0,399.0,689.0,475.0,-185.0
-40.0,272.0,156.0,-113.0,,-603.0,267.0,702.0,318.0,-259.0
-69.0,144.0,142.0,-34.0,,-515.0,223.0,722.0,-287.0,-340.0
-72.0,9.0,85.0,197.0,,-987.0,236.0,565.0,80.0,-377.0
-38.0,325.0,89.0,313.0,,-1218.0,201.0,151.0,667.0,-419.0
-86.0,382.0,101.0,238.0,,-938.0,163.0,-38.0,180.0,-439.0
-122.0,-26.0,44.0,-77.0,,-867.0,-87.0,-280.0,-1.0,-393.0
-85.0,-415.0,66.0,-130.0,,-1131.0,-508.0,-151.0,278.0,-319.0
-76.0,-306.0,77.0,-7.0,,-1033.0,-708.0,142.0,89.0,-282.0
-134.0,-372.0,55.0,31.0,,-475.0,-675.0,550.0,83.0,-223.0
-89.0,-259.0,91.0,65.0,,-285.0,-494.0,975.0,592.0,-44.0
-84.0,87.0,48.0,81.0,,-759.0,-195.0,1064.0,132.0,-66.0
-90.0,-283.0,83.0,217.0,,-1089.0,-9.0,1193.0,-621.0,-101.0
19.0,-152.0,116.0,405.0,,-980.0,-146.0,984.0,-331.0,7.0
23.0,-86.0,130.0,507.0,,-934.0,-272.0,890.0,145.0,92.0
14.0,-184.0,157.0,474.0,,-1135.0,12.0,779.0,558.0,64.0
63.0,-119.0,192.0,485.0,,-1015.0,461.0,522.0,305.0,-1.0
130.0,-192.0,252.0,474.0,,-680.0,568.0,482.0,-330.0,93.0
113.0,-182.0,219.0,403.0,,-755.0,397.0,256.0,-329.0,117.0
122.0,346.0,231.0,439.0,,-1112.0,311.0,240.0,-33.0,129.0
144.0,710.0,234.0,287.0,,-1014.0,272.0,240.0,184.0,164.0
60.0,484.0,207.0,-68.0,,-579.0,119.0,308.0,82.0,229.0
89.0,858.0,216.0,-471.0,,-643.0,-84.0,445.0,-218.0,286.0
77.0,1268.0,217.0,-714.0,,-1009.0,-230.0,521.0,-479.0,289.0
100.0,1635.0,218.0,-654.0,,-916.0,-173.0,700.0,-162.0,417.0
132.0,1711.0,204.0,-506.0,,-429.0,-6.0,569.0,468.0,440.0
275.0,1646.0,216.0,-213.0,,-720.0,17.0,546.0,-208.0,415.0
345.0,1172.0,150.0,21.0,,-1345.0,-47.0,491.0,-905.0,488.0
300.0,710.0,102.0,48.0,,-1104.0,-199.0,434.0,-897.0,528.0
400.0,942.0,134.0,159.0,,-417.0,-344.0,517.0,-673.0,516.0
363.0,721.0,55.0,226.0,,-330.0,-209.0,378.0,-352.0,529.0
312.0,542.0,81.0,108.0,,-909.0,-43.0,436.0,-626.0,525.0
202.0,93.0,24.0,-12.0,,-991.0,-204.0,478.0,-765.0,455.0
225.0,-307.0,-30.0,-129.0,,-763.0,-350.0,558.0,-875.0,418.0
121.0,-573.0,6.0,-179.0,,-959.0,-217.0,594.0,-252.0,376.0
110.0,-706.0,-76.0,-176.0,,-1344.0,-42.0,476.0,362.0,327.0
183.0,-809.0,-44.0,-204.0,,-1187.0,-6.0,467.0,211.0,388.0
121.0,-820.0,-80.0,-190.0,,-690.0,-21.0,360.0,96.0,453.0
160.0,-543.0,-51.0,-242.0,,-610.0,20.0,489.0,62.0,425.0
83.0,-1035.0,-43.0,-142.0,,-683.0,-1.0,644.0,268.0,490.0
209.0,-750.0,-38.0,-14.0,,-456.0,-6.0,785.0,109.0,576.0
136.0,-254.0,69.0,-42.0,,-206.0,120.0,909.0,-153.0,594.0
138.0,-431.0,26.0,-27.0,,-592.0,208.0,716.0,-424.0,580.0
106.0,-284.0,37.0,-54.0,,-922.0,28.0,596.0,-255.0,586.0
134.0,256.0,-11.0,-101.0,,-912.0,-223.0,323.0,26.0,556.0
228.0,426.0,-83.0,-87.0,,-909.0,-380.0,88.0,129.0,444.0
125.0,89.0,-87.0,3.0,,-1102.0,-696.0,-18.0,-2.0,435.0
175.0,256.0,-63.0,93.0,,-1322.0,-881.0,-72.0,-432.0,385.0
96.0,348.0,-81.0,62.0,,-971.0,-637.0,55.0,-509.0,209.0
272.0,152.0,-88.0,-48.0,,-750.0,-330.0,99.0,-650.0,58.0
228.0,-36.0,-82.0,11.0,,-961.0,-320.0,315.0,-484.0,72.0
237.0,336.0,-81.0,27.0,,-1085.0,-385.0,432.0,-609.0,116.0
265.0,260.0,-18.0,-47.0,,-799.0,-285.0,624.0,-1351.0,16.0
316.0,39.0,-72.0,46.0,,-546.0,-222.0,844.0,-1363.0,73.0
390.0,674.0,-13.0,102.0,,-836.0,-188.0,872.0,-395.0,158.0
256.0,550.0,12.0,-47.0,,-1093.0,-54.0,1071.0,-119.0,162.0
295.0,393.0,-9.0,-379.0,,-847.0,-43.0,1060.0,-582.0,300.0
141.0,465.0,15.0,-498.0,,-745.0,-168.0,1103.0,-257.0,349.0
197.0,534.0,-29.0,-429.0,,-1333.0,-60.0,990.0,-263.0,352.0
43.0,339.0,-51.0,-439.0,,-1592.0,29.0,731.0,-204.0,434.0
-11.0,324.0,-54.0,-467.0,,-1125.0,-94.0,567.0,394.0,517.0
36.0,709.0,-37.0,-457.0,,-794.0,14.0,243.0,589.0,530.0
47.0,426.0,-68.0,-448.0,,-1077.0,247.0,133.0,479.0,522.0
49.0,298.0,-40.0,-529.0,,-1371.0,179.0,12.0,-211.0,557.0
-53.0,373.0,-36.0,-506.0,,-1032.0,-241.0,169.0,107.0,550.0
73.0,798.0,7.0,-490.0,,-939.0,-750.0,448.0,847.0,649.0
-10.0,354.0,-5.0,-489.0,,-1407.0,-1030.0,535.0,699.0,742.0
30.0,-116.0,-66.0,-300.0,,-1528.0,-1045.0,713.0,341.0,737.0
-12.0,312.0,-59.0,-204.0,,-1041.0,-846.0,582.0,19.0,792.0
-8.0,5.0,-135.0,-276.0,,-809.0,-571.0,428.0,458.0,904.0
-13.0,135.0,-156.0,-291.0,,-1293.0,-421.0,194.0,530.0,927.0
18.0,-37.0,-229.0,-166.0,,-1465.0,-370.0,-16.0,404.0,805.0
132.0,-184.0,-219.0,-15.0,,-873.0,-363.0,-72.0,20.0,730.0
100.0,8.0,-238.0,83.0,,-530.0,-274.0,-195.0,-775.0,684.0
152.0,7.0,-225.0,235.0,,-924.0,-196.0,-77.0,-508.0,557.0
134.0,194.0,-156.0,332.0,,-1035.0,-310.0,-75.0,-61.0,415.0
188.0,-248.0,-207.0,390.0,,-578.0,-388.0,-53.0,-413.0,285.0
168.0,-244.0,-150.0,479.0,,-441.0,-232.0,-97.0,-666.0,93.0
161.0,-14.0,-122.0,263.0,,-1011.0,-19.0,-109.0,-449.0,-20.0
147.0,167.0,-64.0,-110.0,,-1475.0,-51.0,129.0,-415.0,-28.0
181.0,199.0,-51.0,-297.0,,-1111.0,-220.0,145.0,-46.0,-33.0
158.0,-223.0,-38.0,-340.0,,-824.0,-224.0,314.0,-256.0,-23.0
98.0,357.0,36.0,-440.0,,-1157.0,-10.0,282.0,-991.0,95.0
-47.0,955.0,45.0,-562.0,,-1337.0,303.0,160.0,-767.0,342.0
-102.0,360.0,107.0,-524.0,,-805.0,389.0,92.0,-242.0,526.0
-52.0,169.0,138.0,-517.0,,-401.0,92.0,-118.0,-241.0,683.0
-193.0,222.0,149.0,-484.0,,-737.0,-282.0,-236.0,-190.0,795.0
-202.0,135.0,219.0,-282.0,,-1125.0,-460.0,-556.0,-202.0,914.0
-240.0,837.0,219.0,-253.0,,-861.0,-323.0,-635.0,-870.0,1043.0
-146.0,510.0,219.0,-477.0,,-656.0,-82.0,-596.0,-87.0,1022.0
-177.0,-306.0,255.0,-577.0,,-1211.0,-77.0,-389.0,772.0,1010.0
-173.0,-245.0,219.0,-557.0,,-1473.0,-104.0,31.0,138.0,979.0
-160.0,-148.0,259.0,-513.0,,-992.0,-109.0,284.0,-249.0,877.0
-186.0,-308.0,235.0,-564.0,,-536.0,-68.0,602.0,53.0,800.0
-47.0,-622.0,229.0,-587.0,,-802.0,32.0,641.0,746.0,695.0
-68.0,-179.0,290.0,-421.0,,-928.0,-68.0,572.0,831.0,522.0
-26.0,-284.0,265.0,-341.0,,-494.0,-241.0,376.0,232.0,351.0
0.0,-332.0,296.0,-217.0,,-410.0,-397.0,112.0,-369.0,323.0
65.0,38.0,194.0,-104.0,,-754.0,-527.0,60.0,430.0,286.0
-28.0,-559.0,167.0,-22.0,,-868.0,-725.0,24.0,773.0,130.0
-109.0,-916.0,188.0,73.0,,-429.0,-845.0,162.0,266.0,33.0
-29.0,-963.0,119.0,-6.0,,-438.0,-749.0,107.0,928.0,63.0
11.0,-515.0,125.0,-96.0,,-942.0,-782.0,114.0,417.0,135.0
88.0,-688.0,99.0,-90.0,,-857.0,-853.0,199.0,-75.0,122.0
88.0,-1112.0,86.0,-31.0,,-59.0,-755.0,81.0,802.0,121.0
113.0,-672.0,2.0,10.0,,188.0,-589.0,101.0,606.0,199.0
133.0,43.0,-32.0,86.0,,-486.0,-476.0,-131.0,43.0,258.0
170.0,464.0,-80.0,297.0,,-788.0,-262.0,-349.0,84.0,272.0
176.0,-273.0,-146.0,518.0,,-440.0,-119.0,-506.0,226.0,258.0
50.0,-45.0,-146.0,448.0,,-326.0,-254.0,-691.0,577.0,194.0
-29.0,296.0,-210.0,152.0,,-815.0,-305.0,-727.0,495.0,89.0
-86.0,354.0,-211.0,-64.0,,-871.0,-314.0,-792.0,199.0,85.0
-111.0,573.0,-216.0,-228.0,,-507.0,-522.0,-657.0,-105.0,67.0
-171.0,399.0,-193.0,-307.0,,-509.0,-713.0,-639.0,-9.0,-66.0
-316.0,368.0,-190.0,-345.0,,-696.0,-522.0,-515.0,378.0,-115.0
-313.0,109.0,-200.0,-383.0,,-466.0,-121.0,-360.0,163.0,-41.0
-356.0,540.0,-222.0,-369.0,,246.0,6.0,-341.0,126.0,14.0
-344.0,54.0,-320.0,-242.0,,311.0,-71.0,-101.0,-424.0,116.0
-397.0,-462.0,-387.0,96.0,,-167.0,-84.0,-77.0,-499.0,256.0
-475.0,-595.0,-470.0,255.0,,-210.0,-174.0,3.0,394.0,337.0
-382.0,-667.0,-557.0,253.0,,158.0,-297.0,73.0,219.0,456.0
-368.0,-198.0,-656.0,314.0,,57.0,-288.0,84.0,-92.0,536.0
-360.0,-777.0,-729.0,211.0,,-402.0,-284.0,109.0,-11.0,522.0
-434.0,-773.0,-779.0,43.0,,-199.0,-433.0,-11.0,-162.0,449.0
-389.0,-687.0,-770.0,-88.0,,196.0,-574.0,64.0,165.0,370.0
-338.0,-1042.0,-710.0,-198.0,,63.0,-341.0,9.0,485.0,349.0
-266.0,-1304.0,-733.0,-240.0,,-338.0,-78.0,-18.0,365.0,252.0
-273.0,-1355.0,-692.0,-252.0,,-202.0,-93.0,-103.0,-142.0,100.0
-312.0,-1108.0,-650.0,-303.0,,311.0,-274.0,-260.0,-327.0,72.0
-202.0,-315.0,-690.0,-306.0,,176.0,-575.0,-240.0,695.0,16.0
-115.0,504.0,-658.0,-276.0,,-314.0,-816.0,-397.0,1008.0,-83.0
-142.0,20.0,-632.0,-252.0,,-275.0,-956.0,-500.0,519.0,-92.0
-244.0,-104.0,-636.0,-177.0,,138.0,-828.0,-742.0,26.0,-150.0
-109.0,27.0,-553.0,-119.0,,-14.0,-592.0,-901.0,257.0,-199.0
-52.0,160.0,-463.0,-130.0,,-521.0,-685.0,-888.0,953.0,-144.0
-29.0,106.0,-382.0,-262.0,,-359.0,-953.0,-846.0,654.0,-52.0
-173.0,-127.0,-261.0,-454.0,,115.0,-1045.0,-508.0,609.0,-38.0
-133.0,436.0,-158.0,-341.0,,202.0,-876.0,-267.0,747.0,3.0
-5.0,719.0,-74.0,89.0,,20.0,-755.0,121.0,435.0,75.0
-10.0,505.0,9.0,255.0,,162.0,-889.0,408.0,609.0,153.0
-59.0,120.0,49.0,266.0,,460.0,-1056.0,541.0,887.0,258.0
-189.0,-158.0,90.0,307.0,,169.0,-1059.0,694.0,148.0,212.0
64.0,-253.0,103.0,358.0,,-173.0,-964.0,461.0,-473.0,244.0
-3.0,-163.0,111.0,460.0,,33.0,-838.0,279.0,-81.0,299.0
-41.0,-258.0,154.0,406.0,,249.0,-578.0,-48.0,-10.0,306.0
-154.0,-263.0,162.0,427.0,,-96.0,-328.0,-303.0,-129.0,303.0
-111.0,-55.0,212.0,384.0,,-302.0,-283.0,-328.0,174.0,163.0
-52.0,-647.0,222.0,207.0,,299.0,-406.0,-400.0,0.0,44.0
-248.0,-461.0,261.0,171.0,,660.0,-543.0,-328.0,161.0,-57.0
-185.0,-8.0,275.0,51.0,,269.0,-523.0,-325.0,367.0,-156.0
-350.0,-309.0,231.0,-117.0,,0.0,-344.0,-138.0,76.0,-333.0
-208.0,-407.0,275.0,-159.0,,344.0,-215.0,-92.0,362.0,-502.0
-336.0,4.0,242.0,-251.0,,633.0,-375.0,-94.0,90.0,-587.0
-276.0,434.0,189.0,-352.0,,204.0,-703.0,-3.0,-172.0,-635.0
-305.0,-76.0,139.0,-397.0,,-163.0,-802.0,-49.0,431.0,-627.0
-320.0,194.0,1.0,-318.0,,158.0,-622.0,110.0,1068.0,-696.0
-109.0,299.0,-64.0,-40.0,,454.0,-470.0,105.0,654.0,-652.0
-334.0,131.0,-117.0,152.0,,196.0,-470.0,173.0,106.0,-542.0
-214.0,201.0,-208.0,315.0,,-18.0,-516.0,203.0,376.0,-497.0
-355.0,-94.0,-190.0,470.0,,254.0,-490.0,116.0,110.0,-403.0
-177.0,109.0,-232.0,402.0,,472.0,-391.0,169.0,-58.0,-366.0
-185.0,-458.0,-255.0,320.0,,288.0,-321.0,72.0,181.0,-319.0
-258.0,-611.0,-209.0,245.0,,54.0,-254.0,175.0,150.0,-223.0
-224.0,-349.0,-162.0,-66.0,,85.0,-169.0,212.0,-78.0,-139.0
-269.0,-569.0,-85.0,-384.0,,241.0,-9.0,336.0,-70.0,-123.0
-58.0,-769.0,-53.0,-498.0,,230.0,124.0,497.0,11.0,-160.0
-254.0,-611.0,-60.0,-438.0,,287.0,-18.0,373.0,279.0,-153.0
-171.0,-968.0,-61.0,-255.0,,500.0,-216.0,271.0,-176.0,-153.0
-275.0,-1063.0,-50.0,-59.0,,515.0,-359.0,-35.0,-839.0,-204.0
-174.0,-277.0,-64.0,151.0,,522.0,-574.0,-206.0,-88.0,-330.0
-161.0,-496.0,-3.0,317.0,,697.0,-743.0,-369.0,80.0,-458.0
-309.0,25.0,16.0,424.0,,899.0,-754.0,-456.0,-209.0,-545.0
-212.0,229.0,45.0,434.0,,742.0,-500.0,-327.0,-287.0,-622.0
-262.0,34.0,66.0,382.0,,327.0,-110.0,-301.0,-82.0,-800.0
-137.0,319.0,63.0,369.0,,396.0,24.0,-182.0,163.0,-971.0
-299.0,395.0,137.0,373.0,,732.0,-193.0,-199.0,-368.0,-1073.0
-358.0,169.0,113.0,384.0,,769.0,-435.0,-31.0,-366.0,-1197.0
-428.0,-228.0,101.0,264.0,,565.0,-449.0,184.0,-269.0,-1204.0
-357.0,320.0,74.0,147.0,,680.0,-474.0,266.0,-569.0,-1227.0
-315.0,146.0,26.0,-31.0,,977.0,-734.0,275.0,-466.0,-1310.0
-468.0,-561.0,-9.0,-257.0,,870.0,-921.0,-109.0,-114.0,-1279.0
-403.0,-567.0,-51.0,-394.0,,486.0,-757.0,-395.0,-102.0,-1102.0
-412.0,-294.0,-12.0,-472.0,,237.0,-458.0,-679.0,-687.0,-977.0
-331.0,-623.0,0.0,-226.0,,386.0,-346.0,-729.0,-621.0,-912.0
-365.0,-357.0,46.0,-52.0,,491.0,-384.0,-473.0,123.0,-850.0
-382.0,378.0,98.0,-98.0,,399.0,-506.0,-286.0,126.0,-799.0
-367.0,501.0,111.0,-55.0,,509.0,-726.0,53.0,3.0,-528.0
-336.0,729.0,186.0,31.0,,659.0,-815.0,83.0,128.0,-407.0
-300.0,1015.0,232.0,83.0,,482.0,-757.0,-7.0,112.0,-434.0
-343.0,1094.0,263.0,12.0,,306.0,-610.0,-136.0,-80.0,-288.0
-311.0,151.0,262.0,23.0,,482.0,-290.0,-312.0,-236.0,-114.0
-249.0,248.0,241.0,135.0,,602.0,112.0,-262.0,195.0,-33.0
-160.0,547.0,235.0,95.0,,352.0,332.0,-210.0,-180.0,-95.0
-231.0,304.0,214.0,0.0,,117.0,217.0,109.0,-923.0,-78.0
-253.0,619.0,208.0,-15.0,,355.0,182.0,304.0,-621.0,-51.0
-152.0,390.0,206.0,-49.0,,560.0,307.0,404.0,-237.0,14.0
-47.0,245.0,230.0,-27.0,,481.0,73.0,489.0,-331.0,149.0
-27.0,386.0,215.0,-4.0,,535.0,-352.0,356.0,-720.0,106.0
-99.0,394.0,217.0,39.0,,824.0,-484.0,264.0,-153.0,-7.0
-74.0,-390.0,224.0,280.0,,1064.0,-447.0,-22.0,223.0,-50.0
-28.0,-514.0,252.0,435.0,,1017.0,-473.0,-70.0,72.0,17.0
8.0,-401.0,276.0,395.0,,1082.0,-475.0,-44.0,379.0,-15.0
-19.0,-806.0,221.0,286.0,,1331.0,-446.0,-16.0,131.0,-202.0
-24.0,-1004.0,234.0,196.0,,1314.0,-381.0,55.0,222.0,-249.0
-72.0,-1298.0,142.0,138.0,,830.0,-243.0,-60.0,218.0,-252.0
-36.0,-540.0,83.0,3.0,,540.0,-120.0,73.0,186.0,-305.0
16.0,-237.0,107.0,-141.0,,844.0,-20.0,-7.0,198.0,-337.0
-70.0,-771.0,0.0,-150.0,,1010.0,-24.0,-16.0,-536.0,-395.0
-31.0,-270.0,44.0,-51.0,,843.0,-133.0,3.0,-459.0,-376.0
-23.0,392.0,1.0,39.0,,844.0,-183.0,-149.0,22.0,-276.0
46.0,401.0,-42.0,138.0,,1089.0,-199.0,-86.0,413.0,-226.0
1.0,835.0,-16.0,234.0,,1092.0,-278.0,-214.0,121.0,-240.0
-50.0,787.0,-59.0,269.0,,708.0,-426.0,-206.0,-617.0,-215.0
-41.0,146.0,19.0,333.0,,422.0,-559.0,-194.0,-614.0,-148.0
-41.0,136.0,-12.0,446.0,,490.0,-564.0,-88.0,-401.0,-96.0
-20.0,132.0,16.0,439.0,,472.0,-486.0,134.0,-32.0,-35.0
-175.0,166.0,20.0,338.0,,278.0,-447.0,136.0,-261.0,-26.0
-72.0,5.0,-24.0,413.0,,320.0,-444.0,208.0,-549.0,8.0
-20.0,389.0,-5.0,529.0,,542.0,-466.0,46.0,-472.0,74.0
20.0,331.0,-43.0,438.0,,603.0,-495.0,-33.0,-138.0,154.0
86.0,343.0,-30.0,375.0,,423.0,-426.0,-62.0,346.0,125.0
91.0,969.0,-40.0,334.0,,402.0,-155.0,-105.0,-121.0,26.0
205.0,270.0,-107.0,185.0,,571.0,174.0,-44.0,-400.0,64.0
211.0,466.0,-86.0,132.0,,518.0,326.0,-114.0,-28.0,32.0
258.0,335.0,-38.0,76.0,,246.0,335.0,-38.0,130.0,-26.0
202.0,-61.0,-112.0,-79.0,,166.0,434.0,-214.0,-272.0,-73.0
253.0,400.0,-20.0,-197.0,,392.0,630.0,-362.0,-584.0,-126.0
330.0,83.0,-55.0,-262.0,,469.0,607.0,-467.0,-422.0,-119.0
291.0,8.0,-120.0,-217.0,,278.0,271.0,-585.0,-657.0,-74.0
274.0,-162.0,-121.0,44.0,,281.0,-102.0,-437.0,-746.0,-22.0
176.0,31.0,-237.0,332.0,,484.0,-258.0,-545.0,-318.0,-52.0
189.0,87.0,-201.0,245.0,,413.0,-280.0,-484.0,-340.0,17.0
204.0,-183.0,-269.0,28.0,,74.0,-263.0,-474.0,-697.0,197.0
201.0,-360.0,-247.0,-99.0,,19.0,-194.0,-434.0,-505.0,262.0
117.0,-391.0,-247.0,-235.0,,371.0,-199.0,-194.0,40.0,219.0
35.0,-153.0,-267.0,-140.0,,444.0,-310.0,-234.0,308.0,260.0
159.0,-760.0,-233.0,97.0,,224.0,-326.0,-171.0,-96.0,276.0
143.0,-603.0,-251.0,179.0,,184.0,-107.0,-232.0,-683.0,207.0
115.0,-270.0,-150.0,100.0,,214.0,198.0,-243.0,-476.0,277.0
75.0,-73.0,-182.0,71.0,,38.0,297.0,-347.0,-339.0,224.0
69.0,-142.0,-96.0,155.0,,-234.0,169.0,-482.0,-448.0,72.0
128.0,-747.0,-59.0,266.0,,-292.0,-56.0,-369.0,-219.0,160.0
56.0,-285.0,-102.0,377.0,,-172.0,-413.0,-465.0,-198.0,187.0
65.0,30.0,-30.0,336.0,,-160.0,-659.0,-391.0,-406.0,-24.0
39.0,803.0,-45.0,258.0,,-370.0,-591.0,-410.0,-273.0,-124.0
92.0,1472.0,-21.0,315.0,,-278.0,-480.0,-454.0,112.0,-10.0
49.0,1397.0,-31.0,329.0,,109.0,-492.0,-502.0,-352.0,36.0
1.0,2074.0,6.0,242.0,,177.0,-428.0,-740.0,-474.0,-6.0
-3.0,2214.0,-17.0,60.0,,85.0,-99.0,-831.0,-550.0,71.0
26.0,1144.0,-22.0,-235.0,,198.0,236.0,-1016.0,-264.0,160.0
138.0,345.0,33.0,-370.0,,370.0,376.0,-901.0,458.0,134.0
95.0,509.0,-27.0,-307.0,,292.0,382.0,-809.0,-671.0,259.0
141.0,-36.0,-11.0,-250.0,,143.0,172.0,-774.0,-450.0,483.0
137.0,-789.0,-41.0,-258.0,,380.0,-219.0,-594.0,-158.0,455.0
272.0,-609.0,-57.0,-333.0,,746.0,-358.0,-668.0,-577.0,411.0
297.0,-739.0,-70.0,-381.0,,555.0,-26.0,-546.0,154.0,606.0
247.0,-1205.0,-83.0,-477.0,,162.0,349.0,-533.0,12.0,647.0
259.0,-1539.0,-46.0,-456.0,,110.0,442.0,-448.0,30.0,523.0
322.0,-939.0,-53.0,-193.0,,125.0,300.0,-275.0,-276.0,537.0
409.0,-215.0,20.0,32.0,,-164.0,45.0,-271.0,57.0,474.0
315.0,-150.0,26.0,93.0,,-476.0,-186.0,-162.0,755.0,335.0
326.0,419.0,26.0,-71.0,,-162.0,-241.0,-254.0,-58.0,276.0
269.0,955.0,38.0,-252.0,,279.0,-52.0,-280.0,-215.0,314.0
301.0,541.0,31.0,-121.0,,217.0,91.0,-421.0,-49.0,280.0
227.0,322.0,62.0,166.0,,-25.0,28.0,-578.0,22.0,218.0
130.0,682.0,32.0,294.0,,22.0,-57.0,-709.0,21.0,351.0
77.0,-15.0,31.0,345.0,,133.0,-69.0,-1018.0,173.0,423.0
55.0,-342.0,-4.0,239.0,,-209.0,81.0,-1106.0,307.0,479.0
0.0,-26.0,-42.0,-58.0,,-461.0,264.0,-1337.0,-472.0,565.0
-110.0,-83.0,-72.0,-134.0,,-301.0,306.0,-1422.0,-469.0,628.0
-85.0,48.0,-124.0,-108.0,,-105.0,250.0,-1374.0,166.0,688.0
-155.0,-281.0,-112.0,-130.0,,-36.0,132.0,-1335.0,250.0,705.0
-125.0,-352.0,-89.0,17.0,,-84.0,157.0,-1145.0,-120.0,662.0
-169.0,-154.0,-58.0,228.0,,66.0,362.0,-955.0,-613.0,547.0
-126.0,-12.0,-20.0,313.0,,232.0,612.0,-495.0,-418.0,474.0
-141.0,-104.0,31.0,383.0,,150.0,691.0,-219.0,286.0,430.0
-137.0,120.0,39.0,574.0,,61.0,585.0,81.0,159.0,350.0
-133.0,498.0,70.0,713.0,,167.0,560.0,352.0,0.0,355.0
-207.0,170.0,106.0,802.0,,248.0,448.0,205.0,275.0,492.0
-143.0,-40.0,135.0,747.0,,4.0,274.0,27.0,-254.0,538.0
-183.0,-28.0,176.0,437.0,,70.0,345.0,-367.0,-343.0,614.0
-82.0,243.0,174.0,154.0,,578.0,556.0,-606.0,-291.0,726.0
-127.0,-133.0,247.0,-120.0,,838.0,612.0,-750.0,-819.0,827.0
-152.0,-510.0,241.0,-470.0,,634.0,509.0,-909.0,-612.0,859.0
-84.0,-235.0,187.0,-640.0,,455.0,480.0,-894.0,-138.0,892.0
-14.0,-111.0,189.0,-498.0,,634.0,574.0,-927.0,-290.0,1017.0
51.0,-319.0,154.0,-131.0,,514.0,594.0,-892.0,-583.0,947.0
-13.0,1.0,113.0,138.0,,-16.0,322.0,-1055.0,-836.0,924.0
43.0,349.0,97.0,140.0,,-396.0,-67.0,-1151.0,-696.0,853.0
86.0,89.0,65.0,134.0,,-303.0,-210.0,-1112.0,-290.0,694.0
187.0,554.0,6.0,110.0,,-135.0,-28.0,-947.0,-487.0,568.0
179.0,99.0,44.0,122.0,,-221.0,163.0,-511.0,-580.0,473.0
132.0,-316.0,4.0,152.0,,-221.0,208.0,-341.0,-502.0,329.0
191.0,-68.0,-84.0,70.0,,83.0,274.0,-181.0,-146.0,154.0
203.0,-95.0,-119.0,38.0,,395.0,347.0,-201.0,69.0,293.0
254.0,-3.0,-204.0,62.0,,278.0,385.0,-408.0,-36.0,209.0
217.0,-231.0,-261.0,128.0,,212.0,436.0,-550.0,198.0,25.0
239.0,-158.0,-291.0,101.0,,285.0,511.0,-779.0,-119.0,139.0
272.0,-399.0,-314.0,-121.0,,191.0,524.0,-763.0,-207.0,205.0
258.0,-119.0,-319.0,-355.0,,98.0,554.0,-822.0,319.0,171.0
252.0,341.0,-301.0,-412.0,,127.0,728.0,-785.0,541.0,187.0
196.0,584.0,-322.0,-287.0,,158.0,945.0,-700.0,488.0,291.0
257.0,1354.0,-302.0,-52.0,,-178.0,1177.0,-713.0,356.0,270.0
273.0,1261.0,-300.0,80.0,,-533.0,1292.0,-602.0,224.0,284.0
227.0,838.0,-332.0,141.0,,-427.0,1153.0,-641.0,130.0,420.0
132.0,485.0,-289.0,249.0,,-124.0,934.0,-513.0,570.0,470.0
93.0,-153.0,-310.0,276.0,,-163.0,840.0,-467.0,707.0,477.0
117.0,-309.0,-305.0,288.0,,-429.0,778.0,-395.0,139.0,608.0
63.0,55.0,-271.0,204.0,,-335.0,689.0,-271.0,-153.0,737.0
49.0,97.0,-265.0,47.0,,50.0,617.0,-362.0,-97.0,688.0
14.0,-396.0,-254.0,-65.0,,231.0,456.0,-312.0,416.0,620.0
35.0,-799.0,-231.0,-163.0,,233.0,228.0,-493.0,443.0,569.0
38.0,-955.0,-232.0,-262.0,,364.0,160.0,-611.0,-44.0,510.0
-5.0,-1668.0,-187.0,-248.0,,438.0,281.0,-657.0,229.0,409.0
-29.0,-2082.0,-125.0,-185.0,,154.0,372.0,-702.0,318.0,304.0
-4.0,-1492.0,-127.0,-233.0,,-202.0,308.0,-667.0,-165.0,163.0
22.0,-724.0,-50.0,-227.0,,-95.0,161.0,-837.0,-130.0,-1.0
-34.0,-199.0,0.0,-228.0,,16.0,180.0,-761.0,12.0,-77.0
-63.0,-281.0,57.0,-296.0,,-292.0,422.0,-696.0,-63.0,-189.0
-19.0,22.0,91.0,-338.0,,-487.0,634.0,-570.0,153.0,-283.0
-24.0,817.0,80.0,-256.0,,-216.0,734.0,-391.0,13.0,-441.0
-44.0,1165.0,44.0,-274.0,,-16.0,772.0,-295.0,-208.0,-556.0
24.0,1434.0,3.0,-467.0,,-342.0,785.0,-158.0,-134.0,-543.0
-2.0,1889.0,10.0,-588.0,,-655.0,818.0,-341.0,-205.0,-648.0
-14.0,1793.0,-46.0,-586.0,,-547.0,844.0,-330.0,115.0,-736.0
34.0,1782.0,-76.0,-436.0,,-265.0,946.0,-267.0,470.0,-822.0
115.0,1664.0,-144.0,-217.0,,-357.0,1088.0,-134.0,351.0,-868.0
155.0,358.0,-181.0,-3.0,,-514.0,1097.0,101.0,393.0,-833.0
135.0,-9.0,-205.0,26.0,,-246.0,948.0,38.0,361.0,-728.0
76.0,106.0,-229.0,10.0,,56.0,657.0,68.0,-81.0,-646.0
13.0,35.0,-217.0,41.0,,-13.0,423.0,-66.0,282.0,-548.0
110.0,224.0,-223.0,31.0,,-227.0,389.0,-127.0,618.0,-296.0
57.0,-524.0,-132.0,58.0,,-169.0,521.0,-177.0,8.0,-104.0
42.0,-1139.0,-101.0,98.0,,-180.0,621.0,-378.0,-191.0,45.0
67.0,-726.0,-78.0,55.0,,-321.0,523.0,-437.0,-195.0,93.0
9.0,-343.0,-1.0,-17.0,,-354.0,431.0,-594.0,164.0,134.0
0.0,-759.0,70.0,89.0,,-119.0,388.0,-609.0,532.0,163.0
-23.0,-617.0,102.0,142.0,,163.0,311.0,-691.0,54.0,119.0
14.0,-672.0,153.0,77.0,,85.0,359.0,-694.0,-239.0,148.0
-76.0,-1291.0,221.0,47.0,,-87.0,625.0,-618.0,127.0,51.0
-121.0,-1140.0,226.0,35.0,,-125.0,867.0,-558.0,382.0,-107.0
-156.0,-1307.0,297.0,6.0,,-128.0,916.0,-279.0,97.0,-110.0
-187.0,-1180.0,335.0,29.0,,-370.0,770.0,-158.0,-113.0,-148.0
-126.0,-973.0,345.0,95.0,,-613.0,590.0,129.0,-349.0,-329.0
-102.0,-726.0,383.0,3.0,,-550.0,562.0,297.0,-524.0,-364.0
-102.0,-223.0,398.0,68.0,,-434.0,543.0,267.0,-92.0,-325.0
-144.0,-489.0,382.0,191.0,,-450.0,534.0,195.0,160.0,-353.0
-48.0,-447.0,379.0,115.0,,-421.0,486.0,-166.0,-255.0,-321.0
-91.0,-1.0,350.0,-14.0,,-273.0,327.0,-423.0,-686.0,-251.0
-135.0,433.0,331.0,-249.0,,-323.0,109.0,-707.0,-396.0,-244.0
-68.0,973.0,285.0,-326.0,,-557.0,-70.0,-787.0,505.0,-291.0
-60.0,866.0,189.0,-347.0,,-580.0,-94.0,-750.0,143.0,-282.0
-49.0,778.0,173.0,-559.0,,-499.0,-65.0,-687.0,-554.0,-258.0
-75.0,621.0,77.0,-659.0,,-753.0,51.0,-347.0,-203.0,-298.0
-64.0,-426.0,51.0,-798.0,,-948.0,263.0,-96.0,-56.0,-377.0
-91.0,-419.0,0.0,-1081.0,,-518.0,464.0,232.0,504.0,-350.0
-19.0,-169.0,-21.0,-948.0,,-9.0,635.0,389.0,437.0,-336.0
-30.0,21.0,39.0,-591.0,,-150.0,805.0,482.0,106.0,-410.0
-78.0,411.0,34.0,-334.0,,-515.0,800.0,604.0,304.0,-381.0
-33.0,-36.0,116.0,58.0,,-358.0,523.0,447.0,114.0,-328.0
-7.0,-71.0,126.0,333.0,,93.0,347.0,282.0,737.0,-266.0
3.0,-611.0,153.0,439.0,,45.0,483.0,-92.0,995.0,-266.0
-37.0,-581.0,167.0,335.0,,-401.0,711.0,-399.0,112.0,-334.0
22.0,-160.0,200.0,121.0,,-494.0,712.0,-720.0,-210.0,-351.0
8.0,-311.0,261.0,5.0,,-225.0,439.0,-973.0,322.0,-354.0
1.0,176.0,269.0,-166.0,,-324.0,-14.0,-903.0,392.0,-400.0
-6.0,-12.0,340.0,-169.0,,-977.0,-227.0,-896.0,-29.0,-449.0
-24.0,406.0,400.0,-31.0,,-898.0,102.0,-711.0,-492.0,-401.0
35.0,1110.0,416.0,13.0,,16.0,543.0,-648.0,-761.0,-387.0
21.0,440.0,443.0,-40.0,,47.0,751.0,-428.0,-366.0,-370.0
14.0,229.0,486.0,-163.0,,-596.0,744.0,-48.0,-265.0,-253.0
-38.0,255.0,452.0,-253.0,,-397.0,660.0,142.0,-174.0,-241.0
-5.0,-69.0,462.0,-355.0,,109.0,478.0,391.0,-333.0,-246.0
69.0,-141.0,459.0,-448.0,,-37.0,296.0,395.0,-714.0,-97.0
94.0,-212.0,389.0,-375.0,,-227.0,296.0,351.0,-96.0,24.0
104.0,-258.0,366.0,-235.0,,-146.0,280.0,184.0,568.0,38.0
88.0,-709.0,299.0,-214.0,,-189.0,156.0,-3.0,347.0,-6.0
158.0,-859.0,228.0,-256.0,,-524.0,-93.0,-179.0,-424.0,-57.0
132.0,-413.0,170.0,-415.0,,-824.0,-343.0,-402.0,-349.0,-114.0
108.0,-224.0,71.0,-454.0,,-703.0,-314.0,-415.0,468.0,-285.0
128.0,-14.0,36.0,-247.0,,-599.0,-124.0,-511.0,617.0,-478.0
94.0,373.0,-17.0,21.0,,-781.0,29.0,-469.0,149.0,-661.0
89.0,994.0,-96.0,332.0,,-573.0,-17.0,-467.0,-157.0,-802.0
14.0,971.0,-68.0,319.0,,-210.0,-197.0,-598.0,52.0,-863.0
-11.0,718.0,-119.0,124.0,,-351.0,-226.0,-550.0,471.0,-969.0
8.0,1076.0,-111.0,183.0,,-528.0,-101.0,-482.0,726.0,-1021.0
22.0,965.0,-95.0,416.0,,-231.0,52.0,-338.0,484.0,-1083.0
-55.0,30.0,-127.0,404.0,,104.0,186.0,-206.0,-35.0,-1146.0
-140.0,-674.0,-36.0,72.0,,-104.0,373.0,36.0,-224.0,-1034.0
-96.0,-980.0,-38.0,-259.0,,-473.0,551.0,310.0,295.0,-934.0
-125.0,-1114.0,-22.0,-482.0,,-742.0,604.0,522.0,861.0,-951.0
-147.0,-502.0,31.0,-453.0,,-750.0,642.0,798.0,746.0,-918.0
-164.0,457.0,35.0,-283.0,,-580.0,639.0,729.0,434.0,-775.0
-187.0,646.0,64.0,-128.0,,-778.0,493.0,546.0,272.0,-723.0
-214.0,65.0,64.0,-111.0,,-972.0,334.0,258.0,641.0,-775.0
-209.0,137.0,68.0,-91.0,,-534.0,214.0,-118.0,989.0,-756.0
-171.0,337.0,85.0,116.0,,11.0,155.0,-245.0,785.0,-709.0
-164.0,73.0,85.0,359.0,,-250.0,115.0,-432.0,806.0,-734.0
-92.0,-302.0,105.0,505.0,,-394.0,-90.0,-358.0,786.0,-784.0
-13.0,-461.0,88.0,552.0,,-104.0,-356.0,-212.0,1024.0,-770.0
43.0,-678.0,92.0,506.0,,-73.0,-389.0,-145.0,1164.0,-838.0
78.0,-1208.0,106.0,475.0,,-148.0,-178.0,-77.0,424.0,-953.0
123.0,-775.0,63.0,546.0,,-342.0,-117.0,-92.0,-95.0,-903.0
152.0,-707.0,62.0,499.0,,-134.0,-346.0,123.0,-169.0,-917.0
203.0,-573.0,64.0,203.0,,95.0,-589.0,282.0,157.0,-1059.0
201.0,90.0,109.0,-223.0,,-70.0,-666.0,613.0,409.0,-1105.0
159.0,655.0,159.0,-341.0,,23.0,-541.0,927.0,27.0,-1064.0
168.0,1182.0,237.0,-259.0,,265.0,-301.0,1099.0,-394.0,-1079.0
119.0,571.0,272.0,-276.0,,251.0,-105.0,1230.0,-260.0,-1100.0
108.0,704.0,284.0,-287.0,,-85.0,19.0,1027.0,38.0,-1047.0
95.0,718.0,334.0,-292.0,,-156.0,34.0,740.0,80.0,-927.0
85.0,188.0,323.0,-356.0,,122.0,-15.0,260.0,-181.0,-793.0
84.0,11.0,334.0,-559.0,,171.0,-46.0,-105.0,-701.0,-675.0
100.0,-639.0,298.0,-686.0,,-80.0,-141.0,-434.0,-606.0,-565.0
114.0,-612.0,332.0,-597.0,,-198.0,-231.0,-668.0,-40.0,-575.0
78.0,-804.0,317.0,-463.0,,41.0,-408.0,-696.0,394.0,-564.0
84.0,-1066.0,278.0,-368.0,,191.0,-687.0,-761.0,296.0,-527.0
64.0,-621.0,297.0,-190.0,,-133.0,-930.0,-447.0,81.0,-546.0
5.0,-99.0,238.0,-24.0,,-322.0,-1071.0,-227.0,298.0,-660.0
-64.0,141.0,243.0,-16.0,,29.0,-965.0,-1.0,413.0,-789.0
-64.0,287.0,237.0,85.0,,77.0,-836.0,330.0,491.0,-751.0
-74.0,484.0,231.0,274.0,,-90.0,-906.0,380.0,42.0,-740.0
-119.0,256.0,272.0,262.0,,161.0,-1050.0,334.0,-429.0,-722.0
-116.0,316.0,267.0,192.0,,590.0,-974.0,179.0,-205.0,-661.0
-93.0,269.0,306.0,8.0,,578.0,-620.0,158.0,-100.0,-505.0
-39.0,-150.0,370.0,-266.0,,160.0,-320.0,158.0,310.0,-309.0
-2.0,109.0,322.0,-531.0,,214.0,-257.0,236.0,358.0,-140.0
74.0,355.0,317.0,-773.0,,475.0,-349.0,382.0,-364.0,69.0
112.0,62.0,311.0,-671.0,,231.0,-378.0,417.0,-244.0,223.0
124.0,139.0,248.0,-550.0,,-368.0,-304.0,558.0,211.0,396.0
131.0,-170.0,262.0,-416.0,,-406.0,-305.0,450.0,232.0,522.0
146.0,-484.0,260.0,-138.0,,123.0,-429.0,336.0,209.0,631.0
224.0,-164.0,225.0,65.0,,227.0,-634.0,199.0,68.0,712.0
201.0,30.0,211.0,188.0,,-29.0,-828.0,-60.0,27.0,758.0
183.0,286.0,185.0,184.0,,-3.0,-981.0,-149.0,369.0,826.0
217.0,366.0,146.0,176.0,,674.0,-1121.0,-321.0,486.0,861.0
259.0,485.0,129.0,169.0,,639.0,-1071.0,-312.0,280.0,866.0
259.0,391.0,111.0,86.0,,24.0,-864.0,-277.0,145.0,743.0
222.0,217.0,68.0,98.0,,148.0,-693.0,-153.0,79.0,585.0
216.0,-222.0,86.0,226.0,,172.0,-542.0,7.0,320.0,431.0
192.0,-674.0,102.0,348.0,,302.0,-385.0,88.0,617.0,248.0
226.0,-60.0,95.0,507.0,,139.0,-278.0,461.0,554.0,-26.0
195.0,156.0,183.0,469.0,,-580.0,-334.0,537.0,45.0,-254.0
152.0,-334.0,186.0,495.0,,-212.0,-544.0,641.0,-420.0,-355.0
153.0,-406.0,172.0,712.0,,516.0,-844.0,739.0,-213.0,-512.0
141.0,57.0,178.0,629.0,,-63.0,-910.0,622.0,283.0,-644.0
105.0,193.0,169.0,421.0,,-378.0,-548.0,606.0,-34.0,-720.0
35.0,-35.0,229.0,300.0,,271.0,-267.0,328.0,-581.0,-751.0
0.0,79.0,276.0,323.0,,98.0,-349.0,92.0,-156.0,-718.0
-89.0,-18.0,306.0,433.0,,-213.0,-610.0,-145.0,128.0,-532.0
-124.0,-178.0,313.0,335.0,,183.0,-847.0,-375.0,480.0,-376.0
-195.0,-49.0,308.0,98.0,,421.0,-914.0,-528.0,814.0,-303.0
-245.0,70.0,277.0,55.0,,-142.0,-848.0,-628.0,-32.0,-162.0
-234.0,348.0,279.0,119.0,,-740.0,-864.0,-456.0,-583.0,6.0
-305.0,687.0,219.0,87.0,,-374.0,-980.0,-328.0,-241.0,185.0
-309.0,739.0,211.0,-61.0,,-100.0,-1026.0,-49.0,200.0,190.0
-313.0,459.0,222.0,-190.0,,-225.0,-899.0,216.0,-40.0,155.0
-320.0,417.0,172.0,-214.0,,-227.0,-616.0,417.0,-1082.0,177.0
-362.0,391.0,214.0,-134.0,,-43.0,-361.0,613.0,-1167.0,186.0
-408.0,246.0,156.0,47.0,,356.0,-111.0,517.0,-362.0,105.0
-443.0,26.0,120.0,94.0,,185.0,26.0,556.0,-232.0,-45.0
-524.0,-564.0,87.0,-65.0,,-136.0,-154.0,493.0,-678.0,-115.0
-531.0,-786.0,53.0,-198.0,,554.0,-399.0,397.0,-1105.0,-154.0
-524.0,-1154.0,59.0,-4.0,,1035.0,-514.0,363.0,-956.0,-140.0
-535.0,-1563.0,36.0,245.0,,621.0,-453.0,325.0,-372.0,-131.0
-529.0,-1571.0,52.0,288.0,,354.0,-253.0,497.0,262.0,-62.0
-525.0,-1552.0,-5.0,141.0,,461.0,-235.0,447.0,385.0,33.0
-421.0,-1005.0,-47.0,-76.0,,581.0,-455.0,434.0,-286.0,104.0
-349.0,-455.0,-53.0,-53.0,,242.0,-619.0,291.0,-381.0,229.0
-328.0,-183.0,-68.0,93.0,,-6.0,-595.0,136.0,315.0,274.0
-295.0,331.0,-75.0,224.0,,301.0,-433.0,129.0,655.0,215.0
-295.0,813.0,-53.0,245.0,,421.0,-273.0,-66.0,93.0,184.0
-249.0,584.0,15.0,197.0,,152.0,-261.0,-25.0,-567.0,225.0
-249.0,299.0,79.0,254.0,,-4.0,-289.0,-46.0,-484.0,198.0
-197.0,539.0,172.0,323.0,,73.0,-300.0,24.0,-16.0,141.0
-185.0,528.0,248.0,200.0,,379.0,-321.0,120.0,499.0,171.0
-180.0,315.0,281.0,-13.0,,448.0,-228.0,145.0,460.0,267.0
-159.0,-29.0,289.0,129.0,,-23.0,-50.0,317.0,38.0,304.0
-168.0,-564.0,284.0,320.0,,143.0,59.0,301.0,70.0,304.0
-156.0,-657.0,273.0,145.0,,511.0,-38.0,476.0,671.0,332.0
-222.0,-332.0,258.0,-68.0,,114.0,-263.0,532.0,808.0,316.0
-205.0,-533.0,259.0,-259.0,,40.0,-364.0,589.0,146.0,325.0
-248.0,-955.0,260.0,-409.0,,658.0,-328.0,689.0,-148.0,370.0
-282.0,-648.0,299.0,-451.0,,862.0,-276.0,583.0,107.0,414.0
-296.0,-435.0,328.0,-313.0,,523.0,-378.0,644.0,682.0,368.0
-333.0,-404.0,291.0,-77.0,,257.0,-719.0,445.0,516.0,351.0
-359.0,-179.0,286.0,-37.0,,341.0,-1100.0,286.0,-216.0,453.0
-417.0,-350.0,245.0,-48.0,,471.0,-1201.0,48.0,-256.0,504.0
-393.0,-268.0,181.0,-69.0,,2.0,-1005.0,-205.0,-233.0,490.0
-418.0,74.0,129.0,-160.0,,-233.0,-745.0,-245.0,-2.0,525.0
-431.0,-304.0,111.0,-158.0,,-56.0,-526.0,-400.0,459.0,640.0
-415.0,-798.0,122.0,169.0,,309.0,-409.0,-262.0,219.0,697.0
-409.0,-1019.0,104.0,555.0,,530.0,-413.0,-251.0,-347.0,735.0
-362.0,-1050.0,143.0,633.0,,329.0,-439.0,-105.0,-390.0,793.0
-301.0,-526.0,125.0,543.0,,703.0,-383.0,169.0,186.0,778.0
-247.0,-207.0,130.0,448.0,,807.0,-122.0,291.0,366.0,677.0
-185.0,-189.0,218.0,523.0,,325.0,210.0,635.0,-368.0,584.0
-111.0,295.0,260.0,708.0,,414.0,257.0,718.0,-498.0,475.0
-42.0,742.0,315.0,817.0,,799.0,113.0,727.0,12.0,246.0
4.0,895.0,345.0,708.0,,777.0,105.0,585.0,483.0,158.0
59.0,848.0,334.0,392.0,,604.0,176.0,509.0,617.0,233.0
55.0,827.0,334.0,193.0,,589.0,239.0,580.0,219.0,217.0
41.0,567.0,312.0,185.0,,729.0,241.0,406.0,180.0,173.0
119.0,-205.0,223.0,283.0,,893.0,71.0,290.0,348.0,209.0
140.0,-450.0,186.0,425.0,,657.0,-95.0,-114.0,820.0,310.0
115.0,-748.0,122.0,594.0,,415.0,-126.0,-376.0,608.0,366.0
103.0,-964.0,57.0,698.0,,559.0,-21.0,-456.0,-196.0,379.0
154.0,-575.0,35.0,517.0,,732.0,177.0,-441.0,-342.0,448.0
119.0,-240.0,11.0,415.0,,661.0,324.0,-149.0,-386.0,461.0
85.0,372.0,52.0,417.0,,657.0,451.0,-131.0,-163.0,444.0
115.0,309.0,32.0,256.0,,763.0,631.0,-38.0,-184.0,506.0
51.0,178.0,30.0,100.0,,611.0,777.0,18.0,-496.0,504.0
-40.0,289.0,40.0,-47.0,,421.0,850.0,94.0,-886.0,396.0
-111.0,-163.0,7.0,-146.0,,515.0,793.0,243.0,-634.0,359.0
-130.0,5.0,4.0,-228.0,,682.0,627.0,282.0,-90.0,452.0
-235.0,323.0,52.0,-302.0,,553.0,431.0,469.0,-485.0,460.0
-312.0,-17.0,78.0,-363.0,,474.0,177.0,463.0,-335.0,398.0
-358.0,-388.0,78.0,-267.0,,563.0,3.0,452.0,-567.0,448.0
-456.0,-346.0,114.0,-10.0,,598.0,-35.0,243.0,-734.0,527.0
-463.0,-614.0,135.0,267.0,,561.0,-100.0,-27.0,279.0,565.0
-417.0,-977.0,154.0,381.0,,294.0,-168.0,-145.0,121.0,599.0
-413.0,-846.0,147.0,354.0,,230.0,-271.0,-413.0,-590.0,609.0
-393.0,-553.0,195.0,462.0,,277.0,-491.0,-463.0,-746.0,571.0
-396.0,-109.0,209.0,416.0,,-13.0,-595.0,-582.0,-287.0,558.0
-408.0,-162.0,204.0,392.0,,-116.0,-436.0,-589.0,-135.0,598.0
-399.0,-163.0,258.0,495.0,,123.0,-117.0,-471.0,-413.0,604.0
-398.0,336.0,225.0,636.0,,383.0,289.0,-384.0,-93.0,507.0
-409.0,514.0,149.0,710.0,,355.0,636.0,-291.0,-216.0,452.0
-490.0,463.0,74.0,646.0,,287.0,935.0,-491.0,-232.0,470.0
-439.0,324.0,24.0,687.0,,511.0,1149.0,-428.0,90.0,376.0
-471.0,365.0,-37.0,517.0,,546.0,1083.0,-373.0,273.0,180.0
-518.0,410.0,-94.0,321.0,,285.0,913.0,-277.0,141.0,69.0
-439.0,164.0,-121.0,250.0,,208.0,723.0,-60.0,-108.0,13.0
-373.0,37.0,-109.0,189.0,,504.0,601.0,-29.0,105.0,-90.0
-362.0,-90.0,-60.0,252.0,,471.0,589.0,144.0,113.0,-152.0
-429.0,-202.0,-30.0,132.0,,-25.0,447.0,107.0,262.0,-192.0
-379.0,-131.0,16.0,-215.0,,-325.0,225.0,83.0,88.0,-194.0
-383.0,-250.0,42.0,-396.0,,-141.0,-6.0,86.0,-107.0,-150.0
-393.0,-548.0,48.0,-439.0,,178.0,-140.0,59.0,-68.0,-25.0
-405.0,-465.0,61.0,-525.0,,139.0,-74.0,77.0,-237.0,114.0
-397.0,-51.0,54.0,-432.0,,143.0,45.0,-73.0,237.0,198.0
-398.0,210.0,17.0,-238.0,,281.0,197.0,-57.0,-7.0,308.0
-404.0,8.0,41.0,-20.0,,359.0,386.0,-186.0,-585.0,475.0
-365.0,-191.0,43.0,207.0,,200.0,550.0,-280.0,-363.0,644.0
-367.0,-310.0,-20.0,278.0,,218.0,630.0,-247.0,-51.0,635.0
-268.0,-584.0,-12.0,289.0,,661.0,575.0,-230.0,293.0,621.0
-226.0,-513.0,-48.0,235.0,,633.0,562.0,-72.0,-111.0,663.0
-229.0,-374.0,-112.0,110.0,,335.0,637.0,-144.0,-751.0,715.0
-260.0,-467.0,-86.0,110.0,,247.0,659.0,-64.0,-627.0,770.0
-226.0,-551.0,-77.0,220.0,,457.0,702.0,11.0,-132.0,744.0
-222.0,-273.0,-122.0,297.0,,574.0,716.0,18.0,100.0,751.0
-242.0,-617.0,-143.0,341.0,,201.0,657.0,44.0,-182.0,706.0
-184.0,-1004.0,-154.0,285.0,,43.0,629.0,-194.0,-266.0,673.0
-195.0,-702.0,-210.0,157.0,,257.0,634.0,-260.0,-431.0,722.0
-208.0,-886.0,-234.0,149.0,,179.0,642.0,-319.0,-203.0,703.0
-199.0,-669.0,-243.0,180.0,,-111.0,642.0,-158.0,336.0,618.0
-150.0,-407.0,-280.0,211.0,,-70.0,666.0,60.0,-131.0,618.0
-181.0,-219.0,-288.0,318.0,,65.0,755.0,160.0,-446.0,651.0
-137.0,-6.0,-294.0,352.0,,21.0,904.0,395.0,-370.0,523.0
-171.0,-117.0,-267.0,403.0,,-78.0,1050.0,321.0,0.0,414.0
-230.0,-196.0,-212.0,589.0,,44.0,1050.0,280.0,228.0,398.0
-209.0,-390.0,-172.0,728.0,,282.0,868.0,112.0,-108.0,339.0
-144.0,-225.0,-155.0,896.0,,135.0,658.0,-81.0,-148.0,261.0
-59.0,47.0,-140.0,983.0,,-113.0,426.0,-181.0,-6.0,218.0
-136.0,601.0,-90.0,837.0,,6.0,183.0,-345.0,357.0,221.0
-80.0,802.0,-39.0,631.0,,338.0,15.0,-216.0,366.0,186.0
-90.0,844.0,-18.0,335.0,,510.0,-98.0,-182.0,-56.0,142.0
-1.0,1063.0,-8.0,192.0,,390.0,-256.0,35.0,-135.0,104.0
64.0,608.0,13.0,247.0,,314.0,-449.0,171.0,258.0,-22.0
61.0,394.0,17.0,232.0,,563.0,-511.0,214.0,636.0,-106.0
95.0,-12.0,50.0,179.0,,576.0,-479.0,393.0,689.0,-124.0
78.0,-353.0,43.0,12.0,,104.0,-387.0,212.0,374.0,-121.0
188.0,-372.0,44.0,-108.0,,-207.0,-273.0,212.0,171.0,-76.0
131.0,-572.0,52.0,-45.0,,-148.0,-132.0,192.0,445.0,-69.0
242.0,-689.0,0.0,50.0,,-67.0,149.0,184.0,515.0,12.0
254.0,-884.0,-44.0,139.0,,-91.0,359.0,205.0,498.0,138.0
234.0,-996.0,-98.0,20.0,,22.0,502.0,90.0,270.0,227.0
292.0,-1008.0,-102.0,-158.0,,235.0,652.0,97.0,-90.0,340.0
283.0,-670.0,-129.0,-209.0,,231.0,746.0,-16.0,-250.0,434.0
328.0,-970.0,-157.0,-261.0,,83.0,841.0,99.0,66.0,500.0
216.0,-609.0,-145.0,-261.0,,302.0,856.0,125.0,356.0,553.0
292.0,443.0,-162.0,-311.0,,615.0,800.0,97.0,-251.0,547.0
221.0,-45.0,-197.0,-421.0,,191.0,726.0,142.0,-566.0,464.0
190.0,10.0,-227.0,-522.0,,-402.0,613.0,-44.0,-439.0,316.0
204.0,265.0,-283.0,-494.0,,-165.0,358.0,-51.0,-136.0,210.0
168.0,19.0,-313.0,-373.0,,438.0,-81.0,-107.0,230.0,206.0
195.0,-309.0,-273.0,-271.0,,515.0,-438.0,-27.0,-153.0,134.0
118.0,-438.0,-332.0,-31.0,,37.0,-501.0,109.0,-233.0,51.0
208.0,-48.0,-359.0,166.0,,-214.0,-311.0,144.0,142.0,128.0
146.0,211.0,-298.0,220.0,,18.0,-20.0,192.0,452.0,244.0
170.0,855.0,-285.0,214.0,,-242.0,286.0,11.0,403.0,249.0
123.0,1041.0,-259.0,154.0,,-506.0,472.0,-44.0,46.0,313.0
61.0,1455.0,-200.0,158.0,,-235.0,530.0,-145.0,189.0,461.0
139.0,1458.0,-202.0,229.0,,2.0,654.0,-81.0,205.0,471.0
141.0,868.0,-179.0,200.0,,127.0,777.0,123.0,816.0,508.0
193.0,1088.0,-146.0,93.0,,-93.0,850.0,227.0,1021.0,605.0
112.0,661.0,-181.0,19.0,,-56.0,804.0,552.0,674.0,538.0
227.0,8.0,-137.0,34.0,,-114.0,613.0,711.0,459.0,379.0
288.0,-352.0,-104.0,160.0,,-546.0,344.0,870.0,505.0,319.0
297.0,-926.0,-80.0,203.0,,-703.0,-91.0,896.0,1043.0,206.0
296.0,-1607.0,-58.0,118.0,,-569.0,-476.0,663.0,-383.0,-49.0
304.0,-1372.0,-100.0,-29.0,,-248.0,-693.0,473.0,284.0,-249.0
427.0,-987.0,-109.0,-101.0,,-246.0,-752.0,286.0,1008.0,-385.0
434.0,-672.0,-76.0,-77.0,,-161.0,-775.0,347.0,-423.0,-493.0
520.0,-305.0,-39.0,-91.0,,117.0,-866.0,391.0,673.0,-557.0
486.0,-277.0,-38.0,35.0,,263.0,-846.0,622.0,379.0,-568.0
515.0,621.0,-52.0,220.0,,-116.0,-800.0,837.0,-104.0,-558.0
499.0,979.0,-17.0,320.0,,-386.0,-606.0,829.0,449.0,-530.0
438.0,825.0,-24.0,342.0,,106.0,-314.0,909.0,237.0,-421.0
396.0,268.0,-73.0,276.0,,250.0,-64.0,668.0,584.0,-292.0
326.0,-9.0,-29.0,345.0,,-8.0,267.0,556.0,305.0,-282.0
343.0,-117.0,-28.0,435.0,,-208.0,431.0,517.0,-212.0,-294.0
225.0,-1002.0,-5.0,352.0,,-45.0,378.0,532.0,-157.0,-227.0
208.0,-679.0,44.0,232.0,,150.0,189.0,655.0,271.0,-200.0
169.0,-660.0,60.0,150.0,,68.0,-32.0,648.0,278.0,-199.0
181.0,-844.0,132.0,58.0,,54.0,-130.0,798.0,-21.0,-240.0
181.0,-71.0,211.0,-62.0,,375.0,-169.0,679.0,-229.0,-292.0
172.0,463.0,263.0,-87.0,,580.0,-291.0,604.0,-249.0,-273.0
222.0,71.0,303.0,46.0,,383.0,-539.0,448.0,11.0,-225.0
234.0,-266.0,355.0,173.0,,476.0,-669.0,184.0,0.0,-157.0
332.0,82.0,380.0,151.0,,569.0,-628.0,201.0,10.0,-110.0
345.0,-318.0,399.0,32.0,,397.0,-479.0,158.0,-61.0,-101.0
380.0,-587.0,417.0,-223.0,,-52.0,-350.0,345.0,-189.0,-47.0
348.0,-487.0,483.0,-397.0,,-300.0,-308.0,434.0,-93.0,41.0
345.0,-545.0,463.0,-238.0,,-73.0,-162.0,570.0,334.0,0.0
356.0,-504.0,435.0,12.0,,-133.0,-32.0,772.0,291.0,-59.0
351.0,-309.0,448.0,241.0,,-353.0,163.0,837.0,-89.0,-34.0
335.0,-112.0,332.0,462.0,,-310.0,492.0,986.0,121.0,-74.0
309.0,-85.0,281.0,544.0,,-106.0,704.0,892.0,35.0,-134.0
358.0,149.0,273.0,369.0,,-78.0,767.0,916.0,-58.0,-182.0
389.0,461.0,227.0,163.0,,-237.0,532.0,702.0,1.0,-223.0
414.0,864.0,221.0,53.0,,-79.0,48.0,334.0,-210.0,-225.0
331.0,501.0,222.0,-69.0,,393.0,-448.0,194.0,-430.0,-120.0
410.0,194.0,189.0,-59.0,,541.0,-794.0,-70.0,-522.0,47.0
466.0,384.0,154.0,-55.0,,346.0,-939.0,-77.0,-350.0,116.0
462.0,72.0,107.0,-266.0,,295.0,-1097.0,-70.0,-11.0,210.0
402.0,-183.0,40.0,-539.0,,415.0,-1249.0,84.0,210.0,423.0
338.0,-359.0,-10.0,-671.0,,421.0,-1213.0,382.0,36.0,521.0
382.0,-18.0,-6.0,-656.0,,359.0,-1002.0,574.0,42.0,490.0
362.0,307.0,-2.0,-452.0,,429.0,-668.0,759.0,266.0,507.0
394.0,-136.0,46.0,-190.0,,508.0,-306.0,604.0,382.0,504.0
337.0,-549.0,99.0,-272.0,,112.0,-10.0,491.0,-30.0,497.0
419.0,-402.0,96.0,-310.0,,-565.0,185.0,256.0,-466.0,481.0
460.0,-574.0,116.0,-62.0,,-646.0,208.0,99.0,-261.0,388.0
455.0,-1099.0,102.0,252.0,,-339.0,211.0,221.0,-300.0,334.0
477.0,-908.0,116.0,555.0,,-244.0,352.0,230.0,92.0,295.0
530.0,-590.0,158.0,683.0,,-243.0,453.0,463.0,93.0,282.0
617.0,-580.0,203.0,807.0,,-127.0,430.0,561.0,-409.0,372.0
520.0,-332.0,228.0,836.0,,81.0,273.0,618.0,59.0,461.0
546.0,46.0,269.0,610.0,,142.0,49.0,550.0,291.0,506.0
547.0,-135.0,288.0,280.0,,212.0,-83.0,330.0,265.0,551.0
549.0,-220.0,275.0,61.0,,482.0,-201.0,199.0,75.0,611.0
523.0,-69.0,255.0,-124.0,,427.0,-274.0,-40.0,-71.0,616.0
504.0,140.0,226.0,-227.0,,146.0,-263.0,51.0,138.0,469.0
485.0,294.0,195.0,-58.0,,17.0,-317.0,49.0,268.0,341.0
441.0,-342.0,196.0,103.0,,205.0,-291.0,186.0,277.0,320.0
457.0,2.0,271.0,394.0,,416.0,-241.0,478.0,141.0,204.0
363.0,692.0,242.0,606.0,,196.0,-283.0,561.0,118.0,33.0
321.0,90.0,274.0,621.0,,62.0,-225.0,792.0,-173.0,-30.0
266.0,-87.0,282.0,658.0,,149.0,-151.0,722.0,177.0,-64.0
212.0,179.0,206.0,531.0,,196.0,-18.0,670.0,361.0,-152.0
174.0,400.0,165.0,433.0,,58.0,159.0,524.0,-173.0,-140.0
163.0,-43.0,157.0,523.0,,14.0,256.0,371.0,39.0,-115.0
151.0,-558.0,140.0,572.0,,191.0,361.0,362.0,224.0,-200.0
107.0,-377.0,123.0,483.0,,160.0,355.0,214.0,544.0,-228.0
156.0,-635.0,224.0,342.0,,24.0,253.0,378.0,484.0,-135.0
239.0,-541.0,255.0,173.0,,84.0,200.0,434.0,150.0,-114.0
256.0,-235.0,294.0,74.0,,307.0,182.0,583.0,0.0,-274.0
284.0,302.0,308.0,49.0,,390.0,177.0,685.0,-120.0,-296.0
370.0,753.0,291.0,30.0,,224.0,127.0,672.0,115.0,-200.0
437.0,897.0,265.0,-74.0,,238.0,64.0,816.0,-90.0,-238.0
491.0,1617.0,231.0,-170.0,,670.0,110.0,594.0,-262.0,-333.0
489.0,1610.0,163.0,-173.0,,722.0,191.0,436.0,-322.0,-296.0
501.0,1366.0,78.0,-186.0,,143.0,123.0,127.0,-262.0,-209.0
570.0,1103.0,45.0,-84.0,,-193.0,-13.0,-190.0,-457.0,-224.0
651.0,473.0,-42.0,124.0,,-93.0,-52.0,-384.0,-376.0,-158.0
642.0,-452.0,-81.0,283.0,,-60.0,-42.0,-613.0,-260.0,-23.0
604.0,-1167.0,-163.0,319.0,,-285.0,7.0,-524.0,-596.0,-39.0
623.0,-1245.0,-223.0,326.0,,-415.0,125.0,-469.0,-165.0,-61.0
618.0,-1428.0,-238.0,373.0,,-148.0,272.0,-158.0,-260.0,131.0
578.0,-1202.0,-236.0,397.0,,10.0,350.0,153.0,-229.0,161.0
522.0,-1094.0,-163.0,346.0,,-52.0,311.0,419.0,-276.0,29.0
502.0,-393.0,-80.0,309.0,,99.0,300.0,764.0,-552.0,97.0
441.0,303.0,5.0,345.0,,358.0,339.0,846.0,-379.0,166.0
374.0,637.0,87.0,321.0,,374.0,372.0,971.0,-571.0,64.0
341.0,1443.0,107.0,173.0,,56.0,408.0,897.0,-376.0,-50.0
300.0,1435.0,67.0,6.0,,56.0,451.0,894.0,-242.0,-27.0
264.0,1777.0,96.0,-173.0,,277.0,414.0,855.0,-280.0,-95.0
241.0,2171.0,71.0,-319.0,,158.0,272.0,631.0,-524.0,-235.0
228.0,1833.0,80.0,-235.0,,-148.0,197.0,537.0,-151.0,-184.0
236.0,789.0,116.0,-74.0,,-219.0,155.0,266.0,243.0,-200.0
314.0,81.0,133.0,102.0,,-56.0,157.0,103.0,-262.0,-392.0
377.0,-122.0,186.0,141.0,,-293.0,283.0,-214.0,-13.0,-437.0
358.0,-711.0,146.0,-2.0,,-710.0,417.0,-482.0,220.0,-404.0
370.0,-621.0,146.0,-6.0,,-751.0,451.0,-461.0,166.0,-579.0
416.0,-1031.0,120.0,186.0,,-464.0,410.0,-498.0,323.0,-756.0
460.0,-1264.0,69.0,487.0,,-432.0,434.0,-279.0,733.0,-756.0
508.0,-1019.0,88.0,505.0,,-525.0,460.0,-131.0,506.0,-755.0
563.0,-950.0,45.0,320.0,,-191.0,462.0,70.0,95.0,-845.0
575.0,-704.0,7.0,245.0,,70.0,479.0,216.0,227.0,-871.0
567.0,-557.0,-17.0,126.0,,-142.0,365.0,214.0,36.0,-853.0
597.0,38.0,-67.0,105.0,,-515.0,119.0,412.0,200.0,-888.0
604.0,411.0,-126.0,76.0,,-439.0,-100.0,533.0,6.0,-838.0
591.0,783.0,-175.0,-128.0,,-111.0,-174.0,739.0,284.0,-778.0
563.0,1115.0,-205.0,-242.0,,-163.0,-170.0,733.0,780.0,-832.0
563.0,1128.0,-217.0,-242.0,,-411.0,-135.0,713.0,462.0,-908.0
519.0,1247.0,-207.0,-155.0,,-391.0,-49.0,703.0,273.0,-924.0
474.0,1321.0,-212.0,29.0,,-275.0,-38.0,582.0,158.0,-878.0
426.0,974.0,-155.0,46.0,,-413.0,-101.0,759.0,128.0,-909.0
386.0,542.0,-124.0,-131.0,,-551.0,-122.0,703.0,-218.0,-984.0
364.0,606.0,-111.0,-116.0,,-484.0,3.0,739.0,62.0,-963.0
277.0,148.0,-88.0,-36.0,,-479.0,162.0,781.0,-165.0,-900.0
262.0,56.0,-142.0,-93.0,,-772.0,228.0,679.0,-645.0,-852.0
227.0,487.0,-157.0,-222.0,,-1007.0,334.0,668.0,-337.0,-810.0
225.0,144.0,-176.0,-353.0,,-792.0,479.0,473.0,-296.0,-729.0
167.0,-365.0,-185.0,-273.0,,-527.0,610.0,397.0,310.0,-720.0
151.0,-456.0,-182.0,-134.0,,-698.0,680.0,216.0,-94.0,-752.0
211.0,-390.0,-173.0,-83.0,,-927.0,617.0,99.0,-592.0,-639.0
217.0,-566.0,-122.0,-168.0,,-765.0,450.0,-12.0,-197.0,-563.0
196.0,-396.0,-163.0,-324.0,,-655.0,227.0,-216.0,-502.0,-598.0
133.0,-125.0,-122.0,-308.0,,-1016.0,-3.0,-173.0,-363.0,-585.0
192.0,-387.0,-115.0,-283.0,,-1338.0,-255.0,-254.0,-170.0,-498.0
172.0,-792.0,-218.0,-327.0,,-1179.0,-392.0,-164.0,-322.0,-443.0
171.0,-894.0,-232.0,-369.0,,-999.0,-302.0,-83.0,-370.0,-404.0
193.0,-927.0,-317.0,-455.0,,-1237.0,-222.0,33.0,-369.0,-275.0
211.0,-1127.0,-397.0,-470.0,,-1538.0,-260.0,356.0,140.0,-141.0
272.0,-1048.0,-436.0,-436.0,,-1379.0,-324.0,567.0,462.0,-54.0
270.0,-414.0,-461.0,-297.0,,-1052.0,-383.0,807.0,-322.0,4.0
297.0,-256.0,-480.0,-145.0,,-1010.0,-375.0,792.0,-415.0,41.0
292.0,-316.0,-475.0,-180.0,,-1024.0,-244.0,794.0,299.0,19.0
346.0,270.0,-396.0,-141.0,,-844.0,-162.0,691.0,72.0,-22.0
364.0,154.0,-377.0,-100.0,,-669.0,-241.0,412.0,-73.0,-52.0
322.0,255.0,-259.0,-33.0,,-802.0,-321.0,219.0,-144.0,-161.0
333.0,78.0,-154.0,62.0,,-880.0,-339.0,-197.0,-188.0,-271.0
340.0,-108.0,-123.0,8.0,,-739.0,-336.0,-415.0,-127.0,-314.0
312.0,736.0,-67.0,2.0,,-678.0,-370.0,-609.0,-167.0,-361.0
260.0,308.0,-49.0,187.0,,-762.0,-426.0,-724.0,136.0,-423.0
234.0,-609.0,-9.0,474.0,,-746.0,-391.0,-593.0,323.0,-363.0
228.0,-793.0,-94.0,608.0,,-386.0,-395.0,-461.0,105.0,-211.0
253.0,-261.0,-118.0,565.0,,-300.0,-492.0,-158.0,301.0,-111.0
288.0,-662.0,-163.0,536.0,,-701.0,-514.0,79.0,505.0,-18.0
282.0,-932.0,-240.0,530.0,,-957.0,-462.0,430.0,35.0,18.0
312.0,131.0,-202.0,334.0,,-880.0,-356.0,622.0,-141.0,-20.0
379.0,310.0,-213.0,158.0,,-950.0,-253.0,737.0,-640.0,-98.0
346.0,608.0,-197.0,39.0,,-1304.0,-121.0,909.0,-265.0,-178.0
315.0,864.0,-223.0,-207.0,,-1400.0,56.0,739.0,-102.0,-281.0
341.0,995.0,-205.0,-406.0,,-1281.0,178.0,744.0,-782.0,-411.0
342.0,981.0,-234.0,-542.0,,-1325.0,260.0,676.0,-413.0,-475.0
293.0,481.0,-241.0,-604.0,,-1476.0,271.0,582.0,-702.0,-558.0
284.0,724.0,-261.0,-660.0,,-1276.0,185.0,480.0,-430.0,-616.0
315.0,606.0,-304.0,-766.0,,-925.0,1.0,219.0,149.0,-591.0
242.0,57.0,-283.0,-769.0,,-970.0,-225.0,57.0,-371.0,-562.0
193.0,-236.0,-330.0,-629.0,,-1160.0,-469.0,-229.0,-537.0,-515.0
230.0,-593.0,-273.0,-447.0,,-1130.0,-644.0,-306.0,-405.0,-411.0
196.0,-1141.0,-299.0,-158.0,,-991.0,-659.0,-395.0,-391.0,-304.0
128.0,-1370.0,-265.0,88.0,,-1267.0,-626.0,-371.0,63.0,-270.0
134.0,-1086.0,-179.0,159.0,,-1631.0,-633.0,-208.0,-41.0,-236.0
113.0,-1333.0,-166.0,249.0,,-1449.0,-757.0,-153.0,-633.0,-159.0
76.0,-1198.0,-92.0,356.0,,-1104.0,-823.0,144.0,-591.0,-87.0
76.0,-679.0,-46.0,463.0,,-1045.0,-660.0,273.0,-565.0,-58.0
86.0,-56.0,-19.0,490.0,,-1241.0,-370.0,441.0,-30.0,-52.0
110.0,989.0,-27.0,445.0,,-1295.0,-42.0,502.0,413.0,-51.0
171.0,1500.0,-17.0,374.0,,-1134.0,137.0,432.0,222.0,-95.0
217.0,2220.0,-46.0,170.0,,-1095.0,201.0,489.0,-189.0,-131.0
198.0,2945.0,-45.0,0.0,,-1140.0,232.0,351.0,88.0,-153.0
237.0,3021.0,-55.0,-24.0,,-1012.0,155.0,354.0,740.0,-231.0
282.0,2406.0,-101.0,62.0,,-858.0,95.0,290.0,661.0,-265.0
310.0,2161.0,-121.0,200.0,,-901.0,82.0,299.0,367.0,-243.0
305.0,2231.0,-133.0,97.0,,-795.0,-51.0,297.0,-105.0,-211.0
336.0,1057.0,-91.0,-21.0,,-473.0,-253.0,107.0,12.0,-143.0
373.0,281.0,-64.0,120.0,,-459.0,-358.0,55.0,209.0,-114.0
357.0,-51.0,-15.0,141.0,,-792.0,-304.0,-212.0,-179.0,-68.0
365.0,-892.0,51.0,121.0,,-1015.0,-269.0,-315.0,-715.0,-18.0
324.0,-1239.0,65.0,187.0,,-925.0,-437.0,-328.0,-524.0,-35.0
346.0,-906.0,94.0,52.0,,-793.0,-534.0,-303.0,-492.0,-47.0
347.0,-831.0,127.0,-115.0,,-935.0,-529.0,-225.0,-526.0,-44.0
319.0,-914.0,139.0,-69.0,,-966.0,-607.0,-273.0,152.0,-52.0
322.0,-864.0,147.0,-110.0,,-628.0,-520.0,-27.0,-508.0,-43.0
336.0,-956.0,130.0,-189.0,,-454.0,-200.0,90.0,-711.0,60.0
374.0,-694.0,141.0,-187.0,,-570.0,161.0,288.0,-152.0,142.0
341.0,-1064.0,149.0,-360.0,,-730.0,484.0,360.0,67.0,148.0
328.0,-1479.0,86.0,-500.0,,-700.0,680.0,256.0,-189.0,156.0
356.0,-878.0,67.0,-557.0,,-647.0,642.0,391.0,-766.0,162.0
341.0,-663.0,89.0,-519.0,,-793.0,482.0,314.0,-502.0,113.0
272.0,-419.0,115.0,-377.0,,-728.0,249.0,430.0,-47.0,-24.0
237.0,212.0,162.0,-247.0,,-302.0,-118.0,476.0,388.0,-78.0
232.0,801.0,164.0,-148.0,,-77.0,-388.0,469.0,99.0,-119.0
195.0,648.0,186.0,-105.0,,-440.0,-277.0,485.0,140.0,-232.0
181.0,372.0,244.0,17.0,,-718.0,107.0,256.0,-92.0,-304.0
165.0,583.0,270.0,121.0,,-527.0,327.0,73.0,-260.0,-377.0
101.0,482.0,285.0,222.0,,-267.0,256.0,-293.0,666.0,-440.0
64.0,1146.0,291.0,264.0,,-291.0,1.0,-454.0,13.0,-463.0
65.0,1246.0,291.0,185.0,,-575.0,-180.0,-532.0,-498.0,-424.0
42.0,900.0,234.0,34.0,,-653.0,-48.0,-497.0,-251.0,-343.0
-6.0,842.0,164.0,-181.0,,-687.0,243.0,-173.0,-208.0,-280.0
-30.0,636.0,174.0,-248.0,,-907.0,452.0,33.0,148.0,-227.0
-86.0,882.0,133.0,-311.0,,-826.0,492.0,375.0,-136.0,-187.0
-151.0,302.0,124.0,-377.0,,-398.0,436.0,474.0,-869.0,-131.0
-124.0,-499.0,117.0,-425.0,,-89.0,108.0,528.0,-739.0,-53.0
-144.0,-934.0,69.0,-487.0,,-20.0,-408.0,578.0,-162.0,-67.0
-188.0,-485.0,91.0,-358.0,,48.0,-689.0,515.0,65.0,-105.0
-220.0,-299.0,126.0,-181.0,,442.0,-726.0,642.0,514.0,-42.0
-209.0,-1122.0,161.0,-16.0,,722.0,-754.0,617.0,-189.0,-14.0
-224.0,-1392.0,126.0,81.0,,636.0,-1015.0,691.0,-1149.0,-32.0
-274.0,-693.0,174.0,31.0,,782.0,-1319.0,583.0,-401.0,6.0
-276.0,-40.0,181.0,-21.0,,981.0,-1366.0,384.0,-54.0,97.0
-346.0,-861.0,179.0,-69.0,,841.0,-1194.0,243.0,-418.0,139.0
-393.0,-1171.0,239.0,-193.0,,446.0,-820.0,33.0,-645.0,179.0
-507.0,-747.0,232.0,-285.0,,121.0,-384.0,147.0,-739.0,268.0
-611.0,-385.0,281.0,-291.0,,99.0,-4.0,133.0,-261.0,278.0
-636.0,-544.0,297.0,-384.0,,14.0,333.0,208.0,-204.0,252.0
-705.0,-1016.0,349.0,-484.0,,-271.0,411.0,317.0,-692.0,240.0
-810.0,-860.0,409.0,-681.0,,-277.0,219.0,275.0,-1161.0,220.0
-915.0,-799.0,412.0,-771.0,,83.0,158.0,264.0,-1185.0,175.0
-889.0,-409.0,391.0,-560.0,,175.0,405.0,120.0,-464.0,165.0
-852.0,15.0,417.0,-450.0,,-139.0,737.0,184.0,-261.0,190.0
-837.0,-349.0,395.0,-370.0,,-98.0,892.0,162.0,-311.0,144.0
-828.0,-630.0,378.0,-329.0,,355.0,740.0,171.0,-592.0,90.0
-771.0,341.0,345.0,-204.0,,584.0,332.0,103.0,-444.0,147.0
-721.0,830.0,211.0,149.0,,598.0,-165.0,-72.0,347.0,206.0
-699.0,253.0,185.0,480.0,,580.0,-509.0,-38.0,563.0,134.0
-702.0,198.0,97.0,673.0,,575.0,-473.0,-219.0,697.0,93.0
-713.0,806.0,59.0,617.0,,473.0,-232.0,-158.0,482.0,133.0
-653.0,1386.0,18.0,534.0,,253.0,-134.0,-53.0,616.0,108.0
-670.0,1124.0,-35.0,483.0,,295.0,-322.0,18.0,795.0,12.0
-680.0,735.0,-71.0,389.0,,398.0,-556.0,201.0,856.0,-75.0
-678.0,703.0,-108.0,346.0,,302.0,-483.0,291.0,626.0,-124.0
-629.0,548.0,-104.0,356.0,,356.0,-86.0,550.0,-28.0,-120.0
-556.0,451.0,-157.0,389.0,,733.0,311.0,683.0,155.0,-99.0
-518.0,407.0,-124.0,259.0,,941.0,392.0,844.0,287.0,-80.0
-474.0,-179.0,-116.0,-21.0,,563.0,80.0,861.0,650.0,-19.0
-449.0,-531.0,-110.0,-153.0,,312.0,-483.0,790.0,363.0,47.0
-428.0,-379.0,-75.0,-54.0,,665.0,-750.0,831.0,-508.0,133.0
-450.0,-463.0,-5.0,40.0,,893.0,-439.0,576.0,-351.0,198.0
-455.0,-597.0,5.0,-44.0,,597.0,207.0,460.0,109.0,209.0
-492.0,-1071.0,22.0,-258.0,,333.0,668.0,266.0,179.0,171.0
-537.0,-1051.0,69.0,-476.0,,603.0,564.0,-12.0,-202.0,117.0
-531.0,-69.0,62.0,-501.0,,1022.0,141.0,-243.0,-493.0,72.0
-473.0,175.0,108.0,-307.0,,1035.0,-353.0,-545.0,-561.0,-43.0
-457.0,121.0,121.0,-142.0,,868.0,-611.0,-567.0,-241.0,-170.0
-463.0,542.0,151.0,-69.0,,728.0,-406.0,-521.0,-3.0,-231.0
-427.0,999.0,145.0,16.0,,552.0,-56.0,-208.0,-87.0,-261.0
-415.0,1025.0,124.0,58.0,,429.0,-2.0,153.0,-427.0,-264.0
-402.0,589.0,105.0,3.0,,451.0,-264.0,474.0,-900.0,-193.0
-442.0,884.0,67.0,-69.0,,594.0,-363.0,851.0,-637.0,-119.0
-427.0,592.0,5.0,-166.0,,575.0,-191.0,925.0,28.0,-66.0
-402.0,-441.0,-44.0,-249.0,,519.0,-62.0,1034.0,-228.0,53.0
-423.0,-726.0,-86.0,-334.0,,772.0,-48.0,885.0,-783.0,194.0
-495.0,-842.0,-101.0,-486.0,,1258.0,-85.0,622.0,-511.0,291.0
-565.0,-1124.0,-112.0,-574.0,,1575.0,-144.0,386.0,4.0,374.0
-529.0,-1427.0,-130.0,-512.0,,1388.0,-131.0,90.0,135.0,471.0
-515.0,-618.0,-122.0,-403.0,,1247.0,-24.0,20.0,-152.0,586.0
-510.0,101.0,-192.0,-276.0,,1550.0,31.0,-110.0,40.0,695.0
-524.0,-161.0,-197.0,-99.0,,1626.0,-116.0,-46.0,-60.0,716.0
-504.0,180.0,-210.0,-10.0,,1287.0,-341.0,-79.0,180.0,738.0
-449.0,801.0,-156.0,97.0,,1106.0,-342.0,-90.0,724.0,841.0
-400.0,914.0,-68.0,314.0,,1201.0,-32.0,44.0,212.0,910.0
-413.0,336.0,35.0,474.0,,1126.0,342.0,-9.0,-62.0,914.0
-459.0,276.0,166.0,417.0,,680.0,425.0,145.0,-334.0,997.0
-455.0,315.0,295.0,275.0,,542.0,0.0,142.0,-82.0,1111.0
-496.0,-414.0,428.0,271.0,,941.0,-592.0,232.0,49.0,1055.0
-560.0,-847.0,451.0,223.0,,1064.0,-711.0,351.0,-401.0,976.0
-656.0,-1213.0,541.0,87.0,,685.0,-223.0,349.0,-561.0,932.0
-681.0,-1254.0,551.0,-20.0,,524.0,458.0,484.0,-553.0,812.0
-654.0,-1626.0,537.0,-77.0,,984.0,869.0,471.0,-101.0,645.0
-675.0,-1587.0,508.0,-138.0,,1217.0,972.0,585.0,251.0,546.0
-696.0,-559.0,436.0,-260.0,,883.0,800.0,456.0,250.0,526.0
-668.0,-366.0,361.0,-372.0,,763.0,318.0,349.0,-198.0,437.0
-599.0,-41.0,274.0,-446.0,,1097.0,-154.0,271.0,-365.0,411.0
-575.0,435.0,207.0,-384.0,,1414.0,-164.0,-36.0,170.0,454.0
-542.0,1024.0,59.0,-262.0,,1441.0,177.0,-70.0,633.0,362.0
-551.0,1249.0,-1.0,-262.0,,1535.0,204.0,-238.0,98.0,256.0
-562.0,976.0,-33.0,-233.0,,1695.0,-318.0,-258.0,-559.0,267.0
-518.0,1589.0,-67.0,-175.0,,1619.0,-899.0,-186.0,-315.0,249.0
-491.0,1974.0,-80.0,-203.0,,1377.0,-909.0,-162.0,395.0,157.0
-496.0,1840.0,-78.0,-270.0,,1433.0,-327.0,-81.0,710.0,161.0
-509.0,1564.0,-58.0,-368.0,,1681.0,416.0,-205.0,294.0,198.0
-488.0,1676.0,-78.0,-432.0,,1356.0,921.0,-144.0,-26.0,207.0
-501.0,1742.0,-119.0,-373.0,,832.0,1033.0,-109.0,-397.0,268.0
-539.0,1199.0,-164.0,-306.0,,717.0,893.0,-12.0,-121.0,414.0
-617.0,968.0,-177.0,-294.0,,960.0,508.0,-1.0,183.0,561.0
-687.0,1047.0,-134.0,-256.0,,1012.0,-21.0,-110.0,-49.0,631.0
-699.0,735.0,-97.0,-266.0,,763.0,-289.0,33.0,-673.0,747.0
-699.0,261.0,-64.0,-186.0,,893.0,-44.0,-9.0,-1020.0,811.0
-730.0,43.0,42.0,-142.0,,1083.0,396.0,60.0,-102.0,788.0
-773.0,-4.0,112.0,-202.0,,1070.0,545.0,12.0,120.0,734.0
-736.0,3.0,157.0,-65.0,,1075.0,234.0,-157.0,-357.0,636.0
-718.0,-835.0,211.0,0.0,,1187.0,-225.0,-171.0,-777.0,619.0
-733.0,-1073.0,196.0,-68.0,,1375.0,-436.0,-330.0,-560.0,578.0
-722.0,-610.0,192.0,-142.0,,1260.0,-386.0,-362.0,-212.0,497.0
-636.0,-755.0,184.0,-349.0,,1061.0,-181.0,-519.0,-156.0,494.0
-529.0,-873.0,120.0,-484.0,,1199.0,-81.0,-532.0,-290.0,514.0
-492.0,-893.0,113.0,-429.0,,1396.0,-59.0,-550.0,-610.0,514.0
-441.0,-609.0,67.0,-279.0,,1231.0,160.0,-703.0,-282.0,564.0
-352.0,-444.0,11.0,-61.0,,1012.0,422.0,-679.0,-197.0,630.0
-259.0,-289.0,10.0,139.0,,1140.0,479.0,-905.0,56.0,648.0
-229.0,270.0,-40.0,311.0,,1316.0,381.0,-982.0,-141.0,643.0
-230.0,453.0,-30.0,498.0,,1054.0,343.0,-1064.0,-524.0,642.0
-236.0,-23.0,21.0,685.0,,832.0,419.0,-1031.0,-247.0,711.0
-260.0,305.0,74.0,685.0,,1118.0,453.0,-812.0,621.0,729.0
-297.0,984.0,127.0,592.0,,1333.0,417.0,-687.0,930.0,632.0
-362.0,830.0,162.0,556.0,,1236.0,463.0,-450.0,167.0,602.0
-399.0,552.0,174.0,425.0,,1040.0,534.0,-354.0,217.0,595.0
-422.0,558.0,181.0,394.0,,1218.0,481.0,-186.0,244.0,428.0
-459.0,427.0,162.0,465.0,,1496.0,287.0,-273.0,725.0,347.0
-480.0,-351.0,189.0,476.0,,1308.0,160.0,-410.0,594.0,411.0
-489.0,-429.0,232.0,446.0,,1146.0,386.0,-491.0,292.0,387.0
-556.0,-130.0,202.0,290.0,,1178.0,878.0,-803.0,448.0,436.0
-651.0,-200.0,268.0,-106.0,,974.0,1116.0,-899.0,289.0,548.0
-702.0,-449.0,316.0,-491.0,,506.0,771.0,-1130.0,1374.0,591.0
-741.0,-919.0,307.0,-492.0,,389.0,158.0,-1215.0,1519.0,651.0
-807.0,-842.0,314.0,-242.0,,787.0,-115.0,-1156.0,797.0,701.0
-872.0,-639.0,299.0,-83.0,,954.0,243.0,-1116.0,413.0,705.0
-872.0,-483.0,255.0,-121.0,,538.0,768.0,-916.0,580.0,742.0
-820.0,-165.0,263.0,-73.0,,356.0,842.0,-790.0,1060.0,742.0
-789.0,406.0,275.0,54.0,,943.0,526.0,-574.0,739.0,698.0
-747.0,669.0,240.0,102.0,,1420.0,154.0,-582.0,134.0,689.0
-671.0,756.0,258.0,159.0,,1254.0,-177.0,-624.0,-249.0,615.0
-570.0,1108.0,250.0,99.0,,1006.0,-408.0,-674.0,-180.0,594.0
-467.0,1199.0,232.0,-38.0,,986.0,-468.0,-907.0,-12.0,630.0
-447.0,1482.0,214.0,-107.0,,972.0,-445.0,-896.0,74.0,613.0
-424.0,1358.0,169.0,-70.0,,635.0,-504.0,-982.0,-109.0,620.0
-349.0,1173.0,69.0,74.0,,361.0,-634.0,-982.0,-508.0,611.0
-293.0,1011.0,37.0,238.0,,550.0,-668.0,-958.0,-490.0,554.0
-295.0,354.0,4.0,209.0,,477.0,-535.0,-1064.0,178.0,485.0
-297.0,296.0,-115.0,-5.0,,-36.0,-236.0,-1082.0,344.0,432.0
-276.0,217.0,-132.0,-76.0,,-358.0,236.0,-1276.0,-92.0,347.0
-239.0,-34.0,-177.0,-76.0,,-292.0,644.0,-1330.0,-290.0,303.0
-212.0,58.0,-176.0,-79.0,,-225.0,484.0,-1413.0,-285.0,314.0
-220.0,-128.0,-138.0,-33.0,,-314.0,-51.0,-1378.0,-178.0,299.0
-212.0,-303.0,-148.0,-78.0,,-122.0,-292.0,-1263.0,-325.0,369.0
-226.0,-111.0,-68.0,-110.0,,271.0,-10.0,-1343.0,-817.0,471.0
-233.0,-533.0,-17.0,-83.0,,231.0,565.0,-1195.0,-1085.0,553.0
-274.0,-618.0,39.0,-9.0,,-84.0,952.0,-1202.0,-617.0,631.0
-344.0,-60.0,55.0,108.0,,83.0,906.0,-1058.0,-408.0,718.0
-407.0,9.0,92.0,209.0,,606.0,438.0,-840.0,-100.0,819.0
-459.0,245.0,159.0,347.0,,759.0,-60.0,-796.0,17.0,847.0
-507.0,278.0,151.0,384.0,,279.0,-234.0,-631.0,-223.0,797.0
-522.0,580.0,232.0,288.0,,-22.0,-139.0,-598.0,550.0,699.0
-514.0,927.0,217.0,341.0,,184.0,158.0,-473.0,1039.0,561.0
-541.0,511.0,181.0,438.0,,76.0,397.0,-511.0,723.0,417.0
-474.0,273.0,193.0,394.0,,-367.0,441.0,-617.0,85.0,269.0
-381.0,234.0,152.0,345.0,,-617.0,211.0,-857.0,-339.0,130.0
-314.0,296.0,167.0,183.0,,-567.0,-152.0,-1315.0,-412.0,56.0
-280.0,115.0,175.0,-6.0,,-738.0,-314.0,-1627.0,40.0,43.0
-213.0,-225.0,154.0,-5.0,,-1149.0,-317.0,-2113.0,388.0,68.0
-132.0,-599.0,114.0,70.0,,-1106.0,-221.0,-2311.0,-331.0,106.0
-106.0,-1118.0,96.0,224.0,,-792.0,-71.0,-2368.0,-645.0,234.0
-72.0,-1151.0,102.0,446.0,,-726.0,84.0,-2244.0,-455.0,434.0
-113.0,-796.0,110.0,614.0,,-806.0,135.0,-1729.0,7.0,520.0
-132.0,-865.0,93.0,667.0,,-723.0,-14.0,-1295.0,484.0,575.0
-163.0,-1146.0,69.0,557.0,,-461.0,-224.0,-835.0,108.0,632.0
-207.0,-929.0,46.0,349.0,,-540.0,-302.0,-654.0,-316.0,606.0
-258.0,-1020.0,61.0,217.0,,-849.0,-88.0,-569.0,-206.0,572.0
-270.0,-1247.0,65.0,139.0,,-710.0,269.0,-602.0,54.0,518.0
-251.0,-849.0,50.0,113.0,,-474.0,530.0,-668.0,219.0,460.0
-293.0,-387.0,82.0,217.0,,-655.0,616.0,-613.0,-38.0,382.0
-280.0,-216.0,35.0,194.0,,-1055.0,524.0,-726.0,-192.0,238.0
-273.0,-124.0,26.0,101.0,,-1081.0,305.0,-683.0,-202.0,124.0
-216.0,8.0,37.0,55.0,,-948.0,159.0,-851.0,-191.0,74.0
-224.0,-353.0,-34.0,-132.0,,-1176.0,244.0,-1010.0,258.0,46.0
-310.0,-131.0,-76.0,-241.0,,-1331.0,487.0,-1086.0,-105.0,-49.0
-304.0,705.0,-131.0,-280.0,,-1126.0,652.0,-1352.0,-632.0,-128.0
-307.0,902.0,-236.0,-335.0,,-778.0,504.0,-1428.0,-315.0,-123.0
-338.0,950.0,-262.0,-387.0,,-792.0,207.0,-1600.0,454.0,-137.0
-346.0,527.0,-261.0,-560.0,,-831.0,116.0,-1627.0,500.0,-156.0
-319.0,118.0,-316.0,-565.0,,-446.0,236.0,-1592.0,-49.0,-149.0
-287.0,90.0,-303.0,-524.0,,-195.0,305.0,-1535.0,-203.0,-78.0
-309.0,-22.0,-338.0,-534.0,,-367.0,139.0,-1335.0,-507.0,-18.0
-293.0,-410.0,-390.0,-352.0,,-592.0,-230.0,-1223.0,-2.0,-1.0
-221.0,-1044.0,-349.0,-227.0,,-333.0,-496.0,-909.0,23.0,90.0
-213.0,-682.0,-314.0,-33.0,,-98.0,-475.0,-824.0,-286.0,173.0
-206.0,-514.0,-291.0,266.0,,-367.0,-324.0,-759.0,-464.0,157.0
-197.0,-833.0,-233.0,448.0,,-661.0,-171.0,-670.0,-350.0,179.0
-131.0,-67.0,-199.0,565.0,,-801.0,-34.0,-748.0,573.0,245.0
-138.0,150.0,-211.0,507.0,,-1061.0,71.0,-744.0,190.0,185.0
-150.0,-44.0,-189.0,328.0,,-1511.0,155.0,-1023.0,-124.0,101.0
-104.0,462.0,-196.0,131.0,,-1639.0,157.0,-1210.0,-467.0,118.0
-127.0,472.0,-170.0,-4.0,,-1296.0,7.0,-1439.0,-332.0,86.0
-93.0,257.0,-115.0,-51.0,,-1147.0,-74.0,-1574.0,212.0,-28.0
-94.0,12.0,-115.0,24.0,,-1543.0,-8.0,-1467.0,45.0,-59.0
-11.0,-155.0,-97.0,244.0,,-1755.0,57.0,-1480.0,-62.0,-10.0
0.0,-8.0,-97.0,434.0,,-1323.0,155.0,-1236.0,-558.0,-67.0
-41.0,-504.0,-91.0,683.0,,-968.0,275.0,-1125.0,-352.0,-146.0
-15.0,-401.0,-134.0,909.0,,-1108.0,277.0,-890.0,-49.0,-107.0
18.0,566.0,-185.0,1053.0,,-1340.0,194.0,-633.0,26.0,-109.0
81.0,766.0,-192.0,1055.0,,-1310.0,159.0,-576.0,-404.0,-149.0
6.0,347.0,-257.0,713.0,,-1295.0,179.0,-393.0,-813.0,-93.0
41.0,-64.0,-245.0,416.0,,-1414.0,246.0,-489.0,-500.0,-10.0
87.0,67.0,-242.0,337.0,,-1294.0,356.0,-532.0,52.0,-12.0
152.0,263.0,-270.0,370.0,,-1001.0,497.0,-670.0,482.0,-66.0
219.0,245.0,-249.0,349.0,,-1051.0,520.0,-822.0,85.0,-41.0
226.0,119.0,-247.0,175.0,,-1487.0,355.0,-910.0,-251.0,-24.0
306.0,0.0,-210.0,107.0,,-1636.0,121.0,-1060.0,-210.0,-29.0
323.0,344.0,-230.0,76.0,,-1524.0,-134.0,-903.0,376.0,93.0
361.0,534.0,-211.0,90.0,,-1651.0,-338.0,-968.0,430.0,274.0
373.0,510.0,-218.0,207.0,,-1902.0,-288.0,-973.0,168.0,349.0
439.0,447.0,-290.0,204.0,,-1786.0,67.0,-988.0,-66.0,358.0
480.0,477.0,-263.0,106.0,,-1247.0,488.0,-1043.0,186.0,434.0
477.0,441.0,-364.0,-62.0,,-1126.0,723.0,-883.0,848.0,428.0
488.0,150.0,-429.0,-281.0,,-1412.0,603.0,-842.0,849.0,333.0
454.0,46.0,-390.0,-378.0,,-1450.0,222.0,-633.0,904.0,318.0
447.0,-32.0,-446.0,-340.0,,-1222.0,-158.0,-554.0,208.0,301.0
392.0,366.0,-501.0,-328.0,,-1080.0,-244.0,-378.0,161.0,205.0
352.0,950.0,-456.0,-388.0,,-1244.0,4.0,-184.0,739.0,155.0
266.0,1232.0,-401.0,-297.0,,-1175.0,126.0,-105.0,788.0,154.0
202.0,926.0,-433.0,-7.0,,-811.0,-134.0,79.0,354.0,67.0
159.0,920.0,-345.0,119.0,,-744.0,-595.0,-55.0,172.0,19.0
116.0,1812.0,-312.0,73.0,,-815.0,-891.0,-120.0,469.0,44.0
70.0,1158.0,-322.0,48.0,,-719.0,-862.0,-286.0,429.0,63.0
11.0,752.0,-224.0,-6.0,,-665.0,-689.0,-345.0,528.0,55.0
74.0,584.0,-240.0,27.0,,-1047.0,-560.0,-216.0,-46.0,8.0
88.0,-358.0,-228.0,109.0,,-1623.0,-603.0,-177.0,-277.0,-11.0
77.0,-22.0,-172.0,194.0,,-1659.0,-783.0,18.0,-166.0,-46.0
43.0,-849.0,-194.0,322.0,,-1385.0,-817.0,-16.0,15.0,-89.0
56.0,-1328.0,-196.0,422.0,,-1363.0,-441.0,-20.0,-30.0,-80.0
128.0,-862.0,-162.0,615.0,,-1453.0,114.0,-123.0,-358.0,-88.0
176.0,-1206.0,-169.0,705.0,,-1297.0,324.0,-328.0,-208.0,-139.0
188.0,-999.0,-180.0,635.0,,-1127.0,161.0,-410.0,-258.0,-162.0
186.0,-1271.0,-175.0,692.0,,-1210.0,-172.0,-626.0,262.0,-92.0
248.0,-1336.0,-201.0,887.0,,-1203.0,-532.0,-611.0,35.0,-7.0
229.0,-1395.0,-169.0,1058.0,,-916.0,-528.0,-631.0,-310.0,-13.0
230.0,-1517.0,-140.0,1055.0,,-641.0,-192.0,-611.0,71.0,112.0
245.0,-1238.0,-148.0,886.0,,-761.0,38.0,-471.0,60.0,231.0
324.0,-1276.0,-133.0,587.0,,-889.0,-48.0,-467.0,525.0,124.0
410.0,-658.0,-122.0,333.0,,-651.0,-253.0,-386.0,677.0,108.0
420.0,-274.0,-122.0,219.0,,-385.0,-260.0,-445.0,474.0,137.0
449.0,358.0,-140.0,109.0,,-433.0,-157.0,-424.0,485.0,-37.0
497.0,1201.0,-96.0,97.0,,-563.0,-138.0,-375.0,325.0,-241.0
584.0,1012.0,-136.0,307.0,,-447.0,-131.0,-332.0,694.0,-296.0
574.0,1097.0,-133.0,523.0,,-417.0,-175.0,-166.0,845.0,-448.0
577.0,1586.0,-113.0,612.0,,-588.0,-286.0,-138.0,401.0,-643.0
519.0,1336.0,-181.0,622.0,,-683.0,-231.0,18.0,250.0,-647.0
482.0,552.0,-148.0,638.0,,-508.0,-129.0,-38.0,274.0,-596.0
492.0,106.0,-188.0,602.0,,-350.0,-190.0,-229.0,514.0,-558.0
410.0,-528.0,-191.0,415.0,,-493.0,-383.0,-476.0,310.0,-528.0
365.0,-933.0,-245.0,270.0,,-525.0,-508.0,-816.0,231.0,-436.0
339.0,-1112.0,-290.0,90.0,,-348.0,-483.0,-866.0,248.0,-335.0
382.0,-1821.0,-236.0,-134.0,,-261.0,-528.0,-905.0,371.0,-351.0
424.0,-1936.0,-245.0,-160.0,,-329.0,-621.0,-618.0,838.0,-385.0
447.0,-1157.0,-203.0,-138.0,,-307.0,-570.0,-341.0,382.0,-312.0
427.0,-631.0,-184.0,-276.0,,-147.0,-473.0,-125.0,121.0,-272.0
429.0,-381.0,-207.0,-361.0,,-215.0,-419.0,177.0,-235.0,-388.0
474.0,-157.0,-231.0,-272.0,,-502.0,-308.0,138.0,-125.0,-384.0
448.0,-163.0,-220.0,-197.0,,-571.0,-302.0,249.0,208.0,-343.0
415.0,336.0,-269.0,-138.0,,-200.0,-373.0,242.0,-65.0,-346.0
373.0,636.0,-234.0,-10.0,,54.0,-371.0,212.0,75.0,-250.0
358.0,539.0,-214.0,114.0,,-125.0,-325.0,229.0,52.0,-171.0
321.0,781.0,-291.0,196.0,,-152.0,-324.0,112.0,539.0,-124.0
271.0,1306.0,-241.0,391.0,,87.0,-392.0,90.0,432.0,-106.0
261.0,1913.0,-211.0,548.0,,150.0,-378.0,-96.0,379.0,-49.0
245.0,1650.0,-170.0,560.0,,-81.0,-486.0,-177.0,212.0,-29.0
276.0,1476.0,-121.0,539.0,,-86.0,-668.0,-238.0,-284.0,-89.0
283.0,1330.0,-33.0,446.0,,287.0,-737.0,-242.0,359.0,-42.0
259.0,293.0,9.0,373.0,,375.0,-657.0,-247.0,241.0,39.0
249.0,130.0,42.0,314.0,,87.0,-318.0,-421.0,0.0,-34.0
268.0,161.0,92.0,397.0,,-24.0,-38.0,-410.0,-429.0,-140.0
274.0,-587.0,46.0,491.0,,171.0,6.0,-399.0,-494.0,-167.0
204.0,-754.0,32.0,253.0,,221.0,-158.0,-121.0,-66.0,-297.0
176.0,-417.0,6.0,-2.0,,29.0,-326.0,192.0,-42.0,-468.0
117.0,-228.0,-18.0,-89.0,,125.0,-175.0,358.0,-138.0,-524.0
87.0,-502.0,-30.0,-107.0,,361.0,113.0,558.0,-247.0,-548.0
93.0,-330.0,-1.0,-93.0,,238.0,279.0,480.0,154.0,-710.0
73.0,-7.0,-7.0,-82.0,,-75.0,251.0,399.0,-13.0,-871.0
61.0,-11.0,-30.0,45.0,,-99.0,143.0,142.0,-51.0,-808.0
66.0,236.0,-5.0,207.0,,220.0,70.0,-99.0,-181.0,-745.0
150.0,-73.0,-10.0,211.0,,315.0,77.0,-208.0,-496.0,-850.0
130.0,-181.0,-60.0,187.0,,252.0,142.0,-358.0,-490.0,-812.0
178.0,-390.0,-104.0,119.0,,410.0,38.0,-299.0,35.0,-637.0
253.0,-471.0,-95.0,-114.0,,598.0,-215.0,-338.0,367.0,-649.0
296.0,-19.0,-187.0,-390.0,,507.0,-483.0,-219.0,-305.0,-672.0
291.0,-19.0,-259.0,-564.0,,139.0,-600.0,-84.0,-379.0,-571.0
257.0,331.0,-285.0,-618.0,,104.0,-489.0,29.0,-322.0,-557.0
320.0,695.0,-330.0,-586.0,,298.0,-287.0,201.0,-23.0,-639.0
313.0,955.0,-375.0,-484.0,,143.0,-167.0,166.0,-40.0,-654.0
344.0,843.0,-385.0,-396.0,,-37.0,-220.0,271.0,-230.0,-621.0
307.0,440.0,-381.0,-252.0,,87.0,-301.0,254.0,-422.0,-581.0
315.0,242.0,-411.0,-35.0,,190.0,-370.0,282.0,-585.0,-535.0
374.0,-27.0,-335.0,58.0,,60.0,-325.0,293.0,-137.0,-407.0
412.0,-370.0,-339.0,56.0,,-95.0,-193.0,229.0,10.0,-230.0
422.0,-453.0,-371.0,10.0,,29.0,-187.0,194.0,585.0,-205.0
427.0,-235.0,-362.0,-133.0,,391.0,-306.0,-75.0,239.0,-165.0
499.0,-755.0,-368.0,-166.0,,468.0,-512.0,-131.0,-19.0,-33.0
447.0,-1293.0,-339.0,-32.0,,363.0,-615.0,-225.0,389.0,24.0
436.0,-1623.0,-340.0,-1.0,,461.0,-575.0,-197.0,-38.0,-52.0
409.0,-1706.0,-313.0,-55.0,,640.0,-442.0,-12.0,-229.0,-127.0
386.0,-1332.0,-299.0,-175.0,,638.0,-286.0,112.0,-330.0,-123.0
414.0,-1104.0,-261.0,-322.0,,590.0,-275.0,397.0,-261.0,-219.0
436.0,-579.0,-238.0,-439.0,,719.0,-311.0,443.0,-55.0,-357.0
379.0,85.0,-201.0,-507.0,,790.0,-317.0,574.0,18.0,-422.0
344.0,989.0,-241.0,-405.0,,739.0,-261.0,700.0,-105.0,-476.0
415.0,1598.0,-291.0,-276.0,,561.0,-188.0,715.0,-217.0,-572.0
434.0,1550.0,-206.0,-181.0,,567.0,-174.0,689.0,-273.0,-587.0
431.0,1489.0,-206.0,-138.0,,642.0,-173.0,478.0,-117.0,-497.0
418.0,1656.0,-160.0,-36.0,,435.0,-312.0,386.0,60.0,-507.0
476.0,1864.0,-151.0,164.0,,295.0,-458.0,171.0,-302.0,-536.0
452.0,1796.0,-137.0,290.0,,377.0,-398.0,120.0,-504.0,-452.0
380.0,1417.0,-109.0,492.0,,507.0,-146.0,184.0,-311.0,-387.0
312.0,413.0,-140.0,526.0,,453.0,95.0,256.0,-80.0,-426.0
233.0,383.0,-81.0,397.0,,505.0,23.0,471.0,122.0,-415.0
185.0,588.0,-98.0,402.0,,668.0,-327.0,404.0,79.0,-282.0
123.0,-145.0,-78.0,283.0,,726.0,-665.0,323.0,-246.0,-235.0
96.0,523.0,-42.0,230.0,,709.0,-714.0,131.0,-92.0,-271.0
62.0,888.0,-143.0,204.0,,688.0,-506.0,-42.0,-111.0,-206.0
104.0,227.0,-197.0,64.0,,871.0,-327.0,-38.0,-329.0,-134.0
105.0,360.0,-200.0,62.0,,897.0,-365.0,35.0,-493.0,-168.0
90.0,573.0,-269.0,77.0,,559.0,-472.0,412.0,-833.0,-236.0
156.0,337.0,-326.0,48.0,,281.0,-445.0,716.0,-721.0,-242.0
218.0,-108.0,-335.0,72.0,,338.0,-335.0,1027.0,-443.0,-327.0
223.0,106.0,-387.0,63.0,,312.0,-218.0,1147.0,-135.0,-507.0
198.0,1.0,-379.0,-44.0,,92.0,-28.0,1079.0,-305.0,-596.0
231.0,-920.0,-303.0,-87.0,,91.0,133.0,1021.0,-643.0,-680.0
210.0,-959.0,-298.0,-45.0,,141.0,-3.0,774.0,-658.0,-781.0
197.0,-740.0,-242.0,-16.0,,136.0,-276.0,711.0,-444.0,-880.0
236.0,-612.0,-172.0,-16.0,,207.0,-407.0,692.0,-228.0,-898.0
264.0,-200.0,-146.0,74.0,,461.0,-378.0,877.0,-150.0,-837.0
311.0,-248.0,-117.0,89.0,,738.0,-378.0,1117.0,-373.0,-812.0
373.0,-585.0,-95.0,30.0,,635.0,-504.0,1210.0,-543.0,-686.0
437.0,-654.0,-1.0,103.0,,559.0,-607.0,1269.0,-122.0,-505.0
478.0,-267.0,5.0,56.0,,757.0,-624.0,1038.0,149.0,-339.0
531.0,-60.0,24.0,39.0,,861.0,-575.0,953.0,632.0,-168.0
539.0,114.0,41.0,4.0,,786.0,-451.0,788.0,481.0,60.0
491.0,949.0,-61.0,-120.0,,555.0,-268.0,722.0,138.0,243.0
479.0,1333.0,-39.0,-132.0,,461.0,-153.0,835.0,270.0,273.0
464.0,1187.0,-52.0,-204.0,,567.0,-160.0,722.0,125.0,468.0
431.0,1210.0,-87.0,-192.0,,520.0,-225.0,739.0,-110.0,615.0
407.0,895.0,-83.0,-103.0,,377.0,-423.0,731.0,-362.0,548.0
390.0,527.0,-178.0,22.0,,307.0,-606.0,803.0,-152.0,497.0
374.0,352.0,-164.0,193.0,,209.0,-580.0,827.0,-18.0,437.0
378.0,111.0,-184.0,213.0,,89.0,-493.0,683.0,137.0,382.0
386.0,85.0,-207.0,162.0,,187.0,-400.0,596.0,-52.0,258.0
350.0,-244.0,-167.0,-32.0,,490.0,-397.0,419.0,19.0,141.0
326.0,-468.0,-232.0,-244.0,,579.0,-491.0,498.0,49.0,26.0
295.0,-207.0,-180.0,-286.0,,423.0,-570.0,587.0,-264.0,-136.0
242.0,-480.0,-166.0,-289.0,,217.0,-633.0,598.0,-92.0,-243.0
176.0,-223.0,-101.0,-181.0,,308.0,-593.0,659.0,-302.0,-345.0
107.0,710.0,-34.0,-89.0,,716.0,-448.0,558.0,-164.0,-468.0
44.0,827.0,-108.0,-170.0,,939.0,-419.0,622.0,-87.0,-574.0
-3.0,941.0,-70.0,-175.0,,963.0,-497.0,559.0,345.0,-597.0
-10.0,1139.0,-86.0,-100.0,,825.0,-503.0,482.0,115.0,-678.0
-36.0,847.0,-116.0,-83.0,,599.0,-478.0,443.0,-475.0,-794.0
-77.0,905.0,-93.0,-20.0,,388.0,-376.0,352.0,-377.0,-849.0
-96.0,504.0,-112.0,57.0,,426.0,-348.0,526.0,-887.0,-872.0
-73.0,180.0,-139.0,143.0,,572.0,-447.0,657.0,-681.0,-842.0
-35.0,297.0,-168.0,342.0,,331.0,-530.0,1062.0,-678.0,-884.0
-3.0,-80.0,-172.0,623.0,,37.0,-658.0,1356.0,-383.0,-935.0
75.0,-303.0,-183.0,749.0,,-29.0,-669.0,1507.0,-345.0,-894.0
139.0,-938.0,-214.0,806.0,,203.0,-550.0,1614.0,-655.0,-824.0
144.0,-1338.0,-140.0,841.0,,386.0,-469.0,1304.0,-70.0,-769.0
143.0,-1117.0,-149.0,629.0,,218.0,-474.0,1217.0,-101.0,-718.0
148.0,-941.0,-174.0,413.0,,212.0,-556.0,997.0,-197.0,-613.0
121.0,-957.0,-132.0,272.0,,512.0,-675.0,901.0,-372.0,-561.0
100.0,-619.0,-108.0,167.0,,617.0,-777.0,944.0,-450.0,-475.0
78.0,-497.0,-24.0,149.0,,406.0,-769.0,949.0,-259.0,-282.0
53.0,-1242.0,-24.0,176.0,,258.0,-687.0,1084.0,96.0,-246.0
26.0,-962.0,29.0,242.0,,429.0,-632.0,1034.0,-60.0,-287.0
-24.0,-528.0,4.0,121.0,,790.0,-669.0,1180.0,-256.0,-205.0
-36.0,-587.0,-25.0,-80.0,,872.0,-663.0,1071.0,-386.0,-126.0
-10.0,-372.0,-35.0,-83.0,,755.0,-567.0,1071.0,-796.0,-237.0
19.0,-72.0,-88.0,-18.0,,671.0,-481.0,1097.0,-389.0,-359.0
35.0,-210.0,-81.0,93.0,,528.0,-212.0,1008.0,-593.0,-366.0
29.0,-137.0,-159.0,163.0,,419.0,158.0,1156.0,-567.0,-453.0
33.0,418.0,-105.0,34.0,,492.0,286.0,1051.0,-70.0,-521.0
75.0,319.0,-179.0,-23.0,,771.0,153.0,1149.0,48.0,-502.0
94.0,420.0,-210.0,-24.0,,948.0,-25.0,1016.0,81.0,-526.0
97.0,524.0,-193.0,29.0,,913.0,-168.0,875.0,117.0,-558.0
130.0,919.0,-323.0,183.0,,884.0,-406.0,737.0,223.0,-436.0
121.0,1534.0,-298.0,131.0,,936.0,-599.0,393.0,8.0,-264.0
102.0,1250.0,-340.0,-44.0,,949.0,-676.0,380.0,110.0,-250.0
129.0,962.0,-336.0,-111.0,,751.0,-665.0,262.0,352.0,-198.0
169.0,1085.0,-268.0,-107.0,,524.0,-571.0,410.0,660.0,-71.0
196.0,1314.0,-220.0,-179.0,,450.0,-438.0,467.0,395.0,-6.0
203.0,1020.0,-195.0,-245.0,,507.0,-338.0,532.0,320.0,12.0
191.0,1005.0,-207.0,-186.0,,665.0,-417.0,792.0,548.0,-17.0
193.0,1152.0,-199.0,-100.0,,740.0,-398.0,801.0,331.0,-37.0
171.0,608.0,-208.0,44.0,,657.0,-173.0,840.0,403.0,-26.0
145.0,308.0,-186.0,285.0,,544.0,87.0,702.0,66.0,-18.0
104.0,43.0,-193.0,371.0,,423.0,319.0,689.0,219.0,-73.0
62.0,202.0,-224.0,283.0,,509.0,550.0,781.0,388.0,-139.0
69.0,286.0,-260.0,307.0,,718.0,749.0,960.0,-35.0,-116.0
58.0,-10.0,-260.0,326.0,,612.0,687.0,1114.0,-123.0,-79.0
72.0,85.0,-304.0,299.0,,448.0,530.0,1053.0,-271.0,-10.0
50.0,-69.0,-368.0,418.0,,352.0,398.0,1055.0,-343.0,-79.0
50.0,-205.0,-388.0,520.0,,341.0,277.0,877.0,-466.0,-193.0
106.0,-349.0,-461.0,474.0,,386.0,329.0,807.0,-396.0,-137.0
114.0,-266.0,-470.0,336.0,,294.0,486.0,774.0,-150.0,-157.0
111.0,-225.0,-456.0,96.0,,264.0,500.0,702.0,-92.0,-250.0
85.0,-505.0,-460.0,-107.0,,213.0,297.0,722.0,68.0,-311.0
103.0,-513.0,-454.0,-224.0,,194.0,174.0,587.0,-95.0,-308.0
95.0,-484.0,-425.0,-253.0,,308.0,220.0,591.0,-228.0,-305.0
103.0,-606.0,-407.0,-107.0,,349.0,168.0,493.0,-188.0,-230.0
128.0,-825.0,-399.0,43.0,,327.0,-43.0,386.0,-467.0,-108.0
115.0,-380.0,-350.0,174.0,,325.0,-158.0,458.0,-170.0,-93.0
139.0,237.0,-400.0,200.0,,431.0,-67.0,432.0,299.0,7.0
155.0,175.0,-414.0,100.0,,633.0,175.0,631.0,166.0,192.0
196.0,-123.0,-394.0,-1.0,,622.0,492.0,731.0,100.0,325.0
189.0,86.0,-405.0,-129.0,,439.0,632.0,777.0,-81.0,336.0
194.0,51.0,-407.0,-179.0,,413.0,651.0,803.0,-528.0,354.0
200.0,-558.0,-432.0,-237.0,,498.0,666.0,609.0,-429.0,383.0
126.0,-430.0,-429.0,-331.0,,538.0,631.0,561.0,-236.0,321.0
58.0,25.0,-413.0,-463.0,,441.0,637.0,402.0,-145.0,286.0
18.0,490.0,-374.0,-585.0,,371.0,640.0,432.0,286.0,254.0
16.0,677.0,-418.0,-522.0,,396.0,564.0,517.0,154.0,232.0
-40.0,1047.0,-400.0,-397.0,,358.0,430.0,543.0,5.0,207.0
-153.0,1236.0,-321.0,-201.0,,381.0,280.0,655.0,141.0,169.0
-222.0,747.0,-301.0,10.0,,567.0,101.0,644.0,-94.0,140.0
-255.0,881.0,-267.0,172.0,,601.0,-46.0,755.0,-192.0,-15.0
-353.0,949.0,-328.0,243.0,,254.0,-101.0,639.0,5.0,-183.0
-486.0,1076.0,-322.0,267.0,,-150.0,-138.0,613.0,-58.0,-174.0
-570.0,615.0,-294.0,338.0,,-190.0,-24.0,667.0,-75.0,-201.0
-617.0,-178.0,-310.0,229.0,,-56.0,253.0,766.0,16.0,-336.0
-646.0,-369.0,-314.0,58.0,,-174.0,548.0,1016.0,-437.0,-418.0
-693.0,-859.0,-367.0,-55.0,,-340.0,866.0,971.0,-259.0,-402.0
-746.0,-507.0,-353.0,-127.0,,-533.0,1239.0,958.0,-187.0,-373.0
-713.0,-172.0,-294.0,-94.0,,-561.0,1587.0,800.0,-280.0,-360.0
-614.0,-630.0,-250.0,-13.0,,-227.0,1656.0,692.0,85.0,-312.0
-587.0,-313.0,-203.0,58.0,,-15.0,1389.0,707.0,-18.0,-257.0
-556.0,-48.0,-115.0,152.0,,70.0,1084.0,703.0,120.0,-179.0
-482.0,-744.0,-86.0,200.0,,-81.0,841.0,838.0,116.0,-88.0
-388.0,-726.0,-59.0,154.0,,-259.0,585.0,849.0,445.0,18.0
-300.0,-77.0,-14.0,148.0,,-169.0,420.0,931.0,632.0,4.0
-241.0,121.0,5.0,65.0,,-95.0,319.0,918.0,612.0,-94.0
-191.0,570.0,-22.0,-50.0,,-114.0,285.0,885.0,552.0,-71.0
-160.0,959.0,-75.0,-8.0,,-250.0,445.0,877.0,37.0,-39.0
-148.0,775.0,-50.0,123.0,,-319.0,577.0,641.0,473.0,-126.0
-142.0,655.0,-164.0,175.0,,-274.0,645.0,572.0,415.0,-160.0
-105.0,580.0,-169.0,181.0,,-272.0,905.0,456.0,302.0,67.0
-97.0,-152.0,-135.0,310.0,,-304.0,1247.0,358.0,431.0,250.0
-88.0,-260.0,-171.0,467.0,,-246.0,1399.0,430.0,136.0,299.0
-28.0,-207.0,-147.0,439.0,,-135.0,1420.0,533.0,47.0,454.0
32.0,-739.0,-190.0,321.0,,-16.0,1531.0,777.0,-216.0,604.0
40.0,-356.0,-200.0,198.0,,110.0,1721.0,861.0,-484.0,593.0
30.0,-349.0,-233.0,-80.0,,166.0,1754.0,958.0,-601.0,535.0
49.0,-463.0,-215.0,-263.0,,201.0,1562.0,824.0,-114.0,551.0
68.0,172.0,-248.0,-327.0,,158.0,1313.0,604.0,19.0,424.0
56.0,495.0,-244.0,-371.0,,-58.0,1001.0,461.0,303.0,223.0
-9.0,476.0,-213.0,-288.0,,-405.0,594.0,173.0,540.0,230.0
-23.0,432.0,-259.0,-243.0,,-655.0,186.0,230.0,236.0,279.0
4.0,917.0,-221.0,-95.0,,-612.0,-188.0,173.0,308.0,171.0
6.0,1094.0,-179.0,69.0,,-361.0,-487.0,181.0,210.0,107.0
-68.0,296.0,-144.0,86.0,,-126.0,-593.0,242.0,131.0,153.0
-130.0,-79.0,-68.0,117.0,,-31.0,-526.0,279.0,-117.0,164.0
-137.0,183.0,19.0,62.0,,-92.0,-359.0,556.0,-1.0,196.0
-175.0,-9.0,56.0,-22.0,,-216.0,-21.0,683.0,137.0,258.0
-235.0,-488.0,125.0,7.0,,-363.0,422.0,883.0,246.0,299.0
-311.0,-682.0,160.0,99.0,,-527.0,752.0,835.0,270.0,386.0
-356.0,-383.0,145.0,151.0,,-541.0,999.0,744.0,163.0,549.0
-383.0,-534.0,120.0,4.0,,-369.0,1160.0,633.0,240.0,647.0
-415.0,-653.0,66.0,-166.0,,-285.0,1179.0,412.0,-199.0,633.0
-511.0,231.0,-18.0,-191.0,,-413.0,1108.0,448.0,-149.0,606.0
-572.0,212.0,-69.0,-300.0,,-485.0,1003.0,365.0,-15.0,591.0
-592.0,-33.0,-111.0,-370.0,,-415.0,964.0,423.0,99.0,546.0
-564.0,153.0,-120.0,-267.0,,-296.0,904.0,476.0,133.0,464.0
-546.0,-93.0,-69.0,-107.0,,-292.0,835.0,485.0,128.0,360.0
-592.0,-352.0,-92.0,54.0,,-468.0,749.0,563.0,376.0,305.0
-541.0,-324.0,-65.0,66.0,,-618.0,523.0,495.0,337.0,297.0
-514.0,192.0,-49.0,45.0,,-695.0,235.0,558.0,332.0,265.0
-516.0,337.0,-24.0,176.0,,-807.0,-27.0,513.0,82.0,272.0
-553.0,124.0,4.0,267.0,,-917.0,-221.0,539.0,49.0,324.0
-560.0,432.0,5.0,169.0,,-788.0,-272.0,509.0,-44.0,372.0
-549.0,772.0,41.0,6.0,,-469.0,-128.0,345.0,-407.0,377.0
-544.0,601.0,80.0,-131.0,,-257.0,62.0,375.0,-599.0,380.0
-535.0,397.0,75.0,-174.0,,-227.0,216.0,254.0,-838.0,384.0
-561.0,528.0,67.0,-106.0,,-243.0,401.0,284.0,-601.0,344.0
-532.0,395.0,104.0,2.0,,-293.0,702.0,223.0,-70.0,377.0
-498.0,-283.0,76.0,38.0,,-511.0,1047.0,140.0,-78.0,435.0
-434.0,-618.0,118.0,43.0,,-698.0,1293.0,168.0,-340.0,375.0
-388.0,-778.0,96.0,111.0,,-624.0,1474.0,57.0,-411.0,347.0
-327.0,-796.0,48.0,105.0,,-329.0,1488.0,97.0,-320.0,430.0
-266.0,-496.0,65.0,83.0,,39.0,1326.0,-29.0,-209.0,497.0
-212.0,-534.0,-7.0,54.0,,158.0,1143.0,60.0,-259.0,483.0
-184.0,-293.0,-64.0,-110.0,,121.0,923.0,151.0,-196.0,452.0
-178.0,-226.0,-71.0,-289.0,,29.0,623.0,203.0,-299.0,475.0
-131.0,-364.0,-148.0,-416.0,,-177.0,316.0,493.0,-403.0,426.0
-81.0,-104.0,-258.0,-445.0,,-222.0,1.0,480.0,-95.0,364.0
-28.0,-54.0,-248.0,-361.0,,-154.0,-322.0,513.0,169.0,322.0
-73.0,-120.0,-268.0,-271.0,,-216.0,-578.0,380.0,-25.0,206.0
-68.0,83.0,-271.0,-89.0,,-480.0,-764.0,225.0,-193.0,52.0
-31.0,377.0,-207.0,44.0,,-620.0,-741.0,194.0,-95.0,-14.0
3.0,166.0,-135.0,0.0,,-461.0,-534.0,36.0,-56.0,-27.0
13.0,169.0,-143.0,20.0,,-254.0,-235.0,-42.0,194.0,-157.0
-62.0,621.0,-114.0,9.0,,-216.0,156.0,-232.0,209.0,-222.0
-56.0,1051.0,-60.0,-100.0,,-404.0,453.0,-282.0,22.0,-210.0
-83.0,1061.0,-136.0,-103.0,,-563.0,643.0,-352.0,-82.0,-216.0
-152.0,802.0,-132.0,-85.0,,-562.0,776.0,-397.0,218.0,-168.0
-212.0,1348.0,-156.0,-87.0,,-514.0,765.0,-206.0,397.0,-153.0
-261.0,1440.0,-166.0,-100.0,,-518.0,623.0,-192.0,144.0,-128.0
-300.0,1202.0,-212.0,-313.0,,-411.0,450.0,-105.0,-229.0,-60.0
-348.0,1102.0,-229.0,-514.0,,-250.0,208.0,-97.0,-664.0,-14.0
-379.0,170.0,-238.0,-561.0,,-155.0,-88.0,-24.0,134.0,106.0
-406.0,-678.0,-321.0,-529.0,,-43.0,-375.0,157.0,530.0,278.0
-385.0,-960.0,-315.0,-305.0,,8.0,-534.0,267.0,74.0,341.0
-352.0,-950.0,-311.0,-100.0,,-49.0,-489.0,474.0,-161.0,386.0
-317.0,-1121.0,-263.0,99.0,,-242.0,-458.0,410.0,-91.0,480.0
-254.0,-1433.0,-245.0,379.0,,-333.0,-458.0,400.0,305.0,497.0
-196.0,-1545.0,-202.0,505.0,,-257.0,-374.0,242.0,127.0,458.0
-168.0,-1192.0,-167.0,617.0,,-179.0,-172.0,38.0,-182.0,452.0
-134.0,-939.0,-188.0,636.0,,-78.0,107.0,-77.0,-721.0,528.0
-123.0,-625.0,-184.0,286.0,,81.0,341.0,-388.0,-493.0,497.0
-168.0,-76.0,-217.0,-44.0,,317.0,511.0,-415.0,159.0,340.0
-167.0,162.0,-181.0,-243.0,,402.0,710.0,-485.0,210.0,310.0
-159.0,319.0,-135.0,-330.0,,140.0,963.0,-393.0,-67.0,290.0
-171.0,-329.0,-107.0,-321.0,,-48.0,1114.0,-179.0,-417.0,235.0
-189.0,-413.0,2.0,-458.0,,12.0,1102.0,12.0,174.0,212.0
-160.0,147.0,56.0,-546.0,,-88.0,960.0,190.0,627.0,145.0
-114.0,192.0,41.0,-695.0,,-335.0,787.0,97.0,475.0,-10.0
-144.0,426.0,66.0,-702.0,,-314.0,686.0,201.0,-169.0,-88.0
-164.0,1049.0,48.0,-612.0,,-108.0,493.0,179.0,-458.0,-82.0
-186.0,1239.0,21.0,-548.0,,-171.0,137.0,210.0,-236.0,-155.0
-195.0,649.0,25.0,-269.0,,-377.0,-203.0,352.0,39.0,-217.0
-218.0,466.0,-6.0,-292.0,,-365.0,-443.0,367.0,211.0,-231.0
-239.0,86.0,17.0,-301.0,,-70.0,-631.0,463.0,-312.0,-136.0
-217.0,-736.0,44.0,-151.0,,39.0,-749.0,238.0,-332.0,-75.0
-229.0,-1462.0,22.0,-149.0,,-110.0,-733.0,31.0,-211.0,-119.0
-221.0,-1744.0,32.0,-61.0,,-30.0,-677.0,-260.0,-50.0,-81.0
-183.0,-2006.0,20.0,-30.0,,223.0,-578.0,-580.0,-32.0,45.0
-137.0,-1887.0,91.0,-20.0,,358.0,-347.0,-637.0,-282.0,106.0
-85.0,-826.0,189.0,48.0,,210.0,-88.0,-696.0,-374.0,71.0
-46.0,-215.0,263.0,53.0,,131.0,140.0,-439.0,-285.0,71.0
12.0,413.0,346.0,47.0,,279.0,319.0,-277.0,79.0,17.0
83.0,937.0,335.0,-65.0,,257.0,426.0,-73.0,-121.0,-56.0
81.0,1198.0,380.0,-174.0,,110.0,396.0,44.0,-494.0,-142.0
53.0,1188.0,358.0,-91.0,,146.0,313.0,-72.0,-999.0,-272.0
57.0,603.0,303.0,-86.0,,290.0,224.0,-14.0,-839.0,-410.0
55.0,292.0,314.0,-216.0,,239.0,48.0,-242.0,-596.0,-497.0
31.0,264.0,318.0,-175.0,,6.0,-159.0,-386.0,-907.0,-497.0
29.0,181.0,339.0,-16.0,,-54.0,-445.0,-541.0,-769.0,-496.0
75.0,373.0,355.0,95.0,,106.0,-691.0,-655.0,-878.0,-505.0
101.0,824.0,394.0,145.0,,181.0,-727.0,-569.0,-673.0,-527.0
148.0,789.0,362.0,130.0,,102.0,-624.0,-487.0,-315.0,-448.0
177.0,591.0,383.0,276.0,,100.0,-477.0,-223.0,-427.0,-314.0
210.0,324.0,392.0,409.0,,244.0,-269.0,-160.0,-470.0,-284.0
264.0,100.0,396.0,532.0,,285.0,-12.0,-110.0,-579.0,-333.0
230.0,19.0,379.0,596.0,,287.0,178.0,-271.0,-706.0,-303.0
181.0,-331.0,328.0,319.0,,338.0,366.0,-521.0,-514.0,-201.0
144.0,-689.0,326.0,8.0,,359.0,590.0,-528.0,-411.0,-150.0
181.0,-1076.0,270.0,-161.0,,245.0,783.0,-639.0,-354.0,-112.0
215.0,-1519.0,260.0,-190.0,,31.0,916.0,-450.0,-172.0,-45.0
170.0,-1458.0,184.0,-179.0,,101.0,905.0,-230.0,14.0,-18.0
160.0,-700.0,147.0,-240.0,,200.0,766.0,18.0,182.0,6.0
173.0,152.0,123.0,-371.0,,59.0,566.0,245.0,243.0,117.0
182.0,774.0,99.0,-450.0,,-42.0,315.0,155.0,291.0,144.0
177.0,1335.0,104.0,-449.0,,87.0,-7.0,75.0,-207.0,59.0
219.0,1660.0,52.0,-349.0,,304.0,-437.0,-151.0,-326.0,5.0
273.0,942.0,43.0,-144.0,,308.0,-808.0,-225.0,117.0,-5.0
315.0,341.0,-16.0,124.0,,257.0,-962.0,-354.0,0.0,-76.0
373.0,0.0,-49.0,294.0,,298.0,-886.0,-436.0,-406.0,-213.0
374.0,-725.0,-48.0,474.0,,287.0,-682.0,-341.0,-477.0,-279.0
405.0,-880.0,-65.0,750.0,,20.0,-478.0,-400.0,44.0,-260.0
426.0,-1354.0,-57.0,768.0,,-165.0,-313.0,-243.0,478.0,-271.0
390.0,-1826.0,31.0,813.0,,62.0,-252.0,-277.0,474.0,-291.0
392.0,-1817.0,52.0,822.0,,234.0,-190.0,-321.0,133.0,-271.0
402.0,-1153.0,75.0,642.0,,220.0,-76.0,-347.0,6.0,-243.0
383.0,-437.0,177.0,443.0,,135.0,-24.0,-375.0,176.0,-176.0
316.0,-172.0,172.0,301.0,,249.0,38.0,-175.0,403.0,-77.0
313.0,554.0,180.0,282.0,,331.0,113.0,-219.0,445.0,40.0
326.0,872.0,174.0,102.0,,95.0,54.0,-269.0,-198.0,125.0
306.0,1064.0,201.0,-181.0,,95.0,-148.0,-473.0,-601.0,267.0
287.0,901.0,181.0,-289.0,,118.0,-385.0,-626.0,-372.0,393.0
296.0,748.0,155.0,-41.0,,302.0,-458.0,-713.0,-145.0,395.0
324.0,909.0,168.0,178.0,,256.0,-403.0,-934.0,40.0,336.0
302.0,487.0,123.0,187.0,,-41.0,-469.0,-861.0,135.0,288.0
303.0,329.0,86.0,237.0,,256.0,-559.0,-897.0,-164.0,310.0
310.0,325.0,-8.0,298.0,,373.0,-471.0,-729.0,-101.0,276.0
321.0,381.0,7.0,317.0,,463.0,-232.0,-495.0,189.0,211.0
267.0,0.0,-17.0,211.0,,412.0,28.0,-419.0,-29.0,190.0
222.0,-576.0,-28.0,200.0,,309.0,266.0,-260.0,-361.0,227.0
261.0,-578.0,-44.0,305.0,,256.0,390.0,-380.0,-652.0,234.0
303.0,-617.0,-27.0,361.0,,-274.0,303.0,-434.0,-433.0,204.0
325.0,-648.0,-25.0,359.0,,-424.0,182.0,-537.0,-51.0,197.0
298.0,-818.0,-93.0,403.0,,-266.0,138.0,-535.0,-48.0,178.0
342.0,-687.0,28.0,308.0,,89.0,67.0,-509.0,-797.0,149.0
353.0,-536.0,-122.0,110.0,,116.0,-81.0,-598.0,-1159.0,126.0
330.0,-740.0,-47.0,8.0,,-14.0,-127.0,-513.0,-518.0,151.0
269.0,-570.0,12.0,-78.0,,217.0,-108.0,-637.0,-493.0,108.0
191.0,-503.0,-170.0,-88.0,,231.0,-226.0,-633.0,-519.0,26.0
149.0,-355.0,-24.0,-140.0,,54.0,-259.0,-694.0,-448.0,63.0
79.0,-166.0,-111.0,-200.0,,-266.0,-109.0,-792.0,-469.0,89.0
51.0,-88.0,-154.0,-336.0,,-83.0,44.0,-670.0,-407.0,-32.0
-11.0,-175.0,-132.0,-302.0,,117.0,132.0,-613.0,-8.0,-58.0
2.0,-369.0,-216.0,-123.0,,18.0,185.0,-410.0,409.0,1.0
30.0,-116.0,-160.0,-75.0,,-78.0,229.0,-419.0,-50.0,-42.0
1.0,-198.0,-174.0,33.0,,12.0,273.0,-515.0,-352.0,-146.0
0.0,-382.0,-163.0,-23.0,,177.0,361.0,-702.0,0.0,-164.0
12.0,-195.0,-92.0,-160.0,,2.0,381.0,-903.0,631.0,-96.0
41.0,-13.0,-71.0,-129.0,,16.0,273.0,-726.0,618.0,-187.0
15.0,128.0,-54.0,-31.0,,81.0,92.0,-657.0,240.0,-254.0
61.0,662.0,-19.0,-13.0,,183.0,9.0,-493.0,99.0,-206.0
139.0,1029.0,32.0,88.0,,169.0,82.0,-437.0,227.0,-218.0
182.0,1170.0,49.0,250.0,,283.0,7.0,-506.0,491.0,-240.0
213.0,1341.0,145.0,214.0,,494.0,-190.0,-563.0,285.0,-112.0
235.0,839.0,193.0,308.0,,511.0,-331.0,-875.0,80.0,8.0
272.0,457.0,184.0,447.0,,488.0,-456.0,-992.0,-157.0,82.0
306.0,-134.0,200.0,429.0,,479.0,-507.0,-1056.0,-127.0,230.0
356.0,-363.0,110.0,356.0,,713.0,-411.0,-857.0,161.0,350.0
364.0,-200.0,79.0,200.0,,628.0,-216.0,-598.0,587.0,497.0
379.0,-505.0,-21.0,65.0,,459.0,-18.0,-565.0,484.0,515.0
398.0,-246.0,-10.0,-113.0,,461.0,115.0,-545.0,213.0,480.0
361.0,95.0,-8.0,-328.0,,582.0,274.0,-642.0,720.0,481.0
360.0,195.0,-97.0,-489.0,,600.0,520.0,-397.0,658.0,496.0
391.0,539.0,-39.0,-554.0,,471.0,670.0,-149.0,541.0,438.0
342.0,1040.0,-89.0,-530.0,,612.0,719.0,35.0,212.0,278.0
266.0,1230.0,-92.0,-570.0,,561.0,752.0,192.0,-100.0,290.0
291.0,1482.0,-118.0,-667.0,,262.0,793.0,127.0,85.0,237.0
299.0,1002.0,-174.0,-643.0,,39.0,872.0,20.0,332.0,237.0
263.0,299.0,-227.0,-456.0,,60.0,931.0,-360.0,450.0,419.0
279.0,175.0,-230.0,-208.0,,298.0,882.0,-633.0,-253.0,627.0
329.0,-589.0,-234.0,-69.0,,262.0,613.0,-957.0,-375.0,812.0
347.0,-685.0,-287.0,-214.0,,102.0,289.0,-1188.0,-184.0,935.0
331.0,-850.0,-267.0,-354.0,,271.0,161.0,-1136.0,-112.0,1163.0
338.0,-625.0,-363.0,-388.0,,414.0,203.0,-982.0,-80.0,1299.0
330.0,-296.0,-345.0,-422.0,,321.0,254.0,-526.0,-340.0,1297.0
352.0,-944.0,-359.0,-270.0,,288.0,261.0,-461.0,-223.0,1368.0
404.0,-184.0,-376.0,-164.0,,483.0,235.0,-513.0,-144.0,1350.0
402.0,-11.0,-304.0,-176.0,,658.0,133.0,-532.0,-36.0,1174.0
428.0,-105.0,-309.0,-397.0,,487.0,105.0,-617.0,73.0,1050.0
496.0,64.0,-314.0,-609.0,,214.0,151.0,-504.0,3.0,930.0
525.0,-283.0,-394.0,-439.0,,234.0,212.0,-445.0,-80.0,706.0
514.0,-242.0,-382.0,-398.0,,307.0,339.0,-203.0,176.0,508.0
534.0,-313.0,-428.0,-356.0,,281.0,396.0,-203.0,403.0,420.0
546.0,161.0,-491.0,-273.0,,356.0,468.0,-395.0,177.0,393.0
514.0,126.0,-434.0,-181.0,,535.0,526.0,-657.0,94.0,380.0
471.0,411.0,-444.0,85.0,,703.0,510.0,-946.0,190.0,458.0
415.0,878.0,-438.0,240.0,,717.0,478.0,-881.0,295.0,561.0
378.0,1069.0,-312.0,240.0,,628.0,326.0,-1045.0,291.0,613.0
365.0,1514.0,-336.0,188.0,,655.0,185.0,-1090.0,-55.0,735.0
414.0,1048.0,-336.0,257.0,,607.0,79.0,-982.0,-506.0,876.0
388.0,955.0,-306.0,261.0,,411.0,-31.0,-851.0,-572.0,946.0
290.0,890.0,-471.0,141.0,,464.0,-88.0,-576.0,-360.0,1016.0
315.0,866.0,-382.0,-38.0,,457.0,-161.0,-495.0,-22.0,1051.0
309.0,637.0,-429.0,-41.0,,227.0,-231.0,-190.0,12.0,964.0
213.0,266.0,-439.0,100.0,,41.0,-166.0,48.0,-412.0,879.0
127.0,179.0,-312.0,128.0,,58.0,5.0,190.0,-460.0,767.0
97.0,-178.0,-374.0,235.0,,142.0,169.0,142.0,64.0,592.0
62.0,-226.0,-270.0,362.0,,-101.0,288.0,-303.0,554.0,449.0
43.0,-568.0,-278.0,486.0,,-438.0,349.0,-652.0,680.0,309.0
21.0,-354.0,-294.0,524.0,,-493.0,438.0,-1095.0,143.0,209.0
-2.0,0.0,-245.0,455.0,,-344.0,439.0,-1278.0,-354.0,97.0
71.0,-11.0,-232.0,413.0,,-315.0,384.0,-1273.0,-23.0,77.0
124.0,94.0,-184.0,411.0,,-399.0,451.0,-1199.0,275.0,159.0
117.0,-84.0,-170.0,463.0,,-363.0,461.0,-933.0,393.0,220.0
126.0,-155.0,-160.0,478.0,,-284.0,372.0,-822.0,233.0,310.0
207.0,-172.0,-155.0,567.0,,-314.0,221.0,-646.0,190.0,360.0
217.0,-243.0,-193.0,771.0,,-363.0,42.0,-691.0,509.0,368.0
172.0,-804.0,-241.0,857.0,,-223.0,-83.0,-739.0,706.0,416.0
181.0,-828.0,-236.0,714.0,,38.0,-56.0,-679.0,591.0,458.0
194.0,-303.0,-291.0,370.0,,37.0,32.0,-650.0,8.0,372.0
172.0,-533.0,-265.0,-9.0,,-146.0,-62.0,-450.0,-165.0,327.0
151.0,-855.0,-205.0,-157.0,,-254.0,-93.0,-400.0,166.0,343.0
179.0,-608.0,-271.0,-95.0,,-271.0,96.0,-339.0,819.0,305.0
155.0,-220.0,-268.0,-146.0,,-377.0,268.0,-539.0,553.0,295.0
197.0,-122.0,-336.0,-232.0,,-448.0,221.0,-761.0,-274.0,257.0
249.0,124.0,-402.0,-322.0,,-191.0,4.0,-746.0,-256.0,235.0
226.0,471.0,-365.0,-343.0,,22.0,-137.0,-761.0,-21.0,227.0
187.0,784.0,-444.0,-176.0,,-108.0,-118.0,-622.0,114.0,256.0
145.0,1017.0,-431.0,-89.0,,-400.0,-31.0,-676.0,-174.0,330.0
150.0,1348.0,-386.0,89.0,,-390.0,-136.0,-689.0,-280.0,382.0
121.0,1596.0,-395.0,209.0,,-394.0,-446.0,-689.0,-329.0,545.0
76.0,1348.0,-291.0,23.0,,-658.0,-730.0,-607.0,-60.0,793.0
71.0,963.0,-255.0,33.0,,-790.0,-865.0,-306.0,114.0,964.0
79.0,616.0,-300.0,74.0,,-615.0,-886.0,-75.0,-77.0,1024.0
64.0,147.0,-300.0,-219.0,,-398.0,-927.0,190.0,-193.0,1174.0
63.0,-534.0,-384.0,-356.0,,-538.0,-985.0,62.0,-527.0,1361.0
21.0,-644.0,-437.0,-356.0,,-638.0,-1038.0,-79.0,-67.0,1354.0
-14.0,-524.0,-395.0,-522.0,,-503.0,-1145.0,-136.0,218.0,1369.0
4.0,-606.0,-425.0,-674.0,,-325.0,-1153.0,-297.0,-253.0,1379.0
-17.0,-480.0,-481.0,-683.0,,-436.0,-1003.0,-227.0,-800.0,1283.0
-65.0,-189.0,-523.0,-675.0,,-596.0,-847.0,-347.0,-332.0,1256.0
-86.0,155.0,-555.0,-573.0,,-527.0,-604.0,-443.0,490.0,1231.0
-75.0,356.0,-604.0,-190.0,,-575.0,-383.0,-559.0,577.0,1201.0
-95.0,637.0,-571.0,207.0,,-703.0,-309.0,-655.0,342.0,1151.0
-116.0,920.0,-511.0,507.0,,-910.0,-243.0,-589.0,34.0,1045.0
-162.0,1033.0,-450.0,612.0,,-890.0,-104.0,-641.0,304.0,973.0
-207.0,633.0,-371.0,451.0,,-699.0,38.0,-467.0,217.0,888.0
-191.0,180.0,-283.0,285.0,,-648.0,-26.0,-264.0,438.0,731.0
-179.0,83.0,-210.0,275.0,,-685.0,-215.0,-11.0,346.0,546.0
-163.0,-111.0,-192.0,303.0,,-650.0,-305.0,173.0,-203.0,434.0
-160.0,-255.0,-98.0,261.0,,-546.0,-288.0,212.0,77.0,303.0
-121.0,-277.0,-111.0,30.0,,-591.0,-377.0,343.0,586.0,78.0
-90.0,-143.0,-99.0,-127.0,,-598.0,-642.0,275.0,978.0,-88.0
-107.0,-452.0,-55.0,58.0,,-573.0,-789.0,232.0,498.0,-158.0
-139.0,-644.0,-88.0,128.0,,-525.0,-835.0,1.0,374.0,-105.0
-142.0,-481.0,-49.0,-20.0,,-527.0,-892.0,-334.0,426.0,-24.0
-121.0,-786.0,-5.0,-234.0,,-526.0,-897.0,-615.0,424.0,-8.0
-189.0,-818.0,-29.0,-348.0,,-494.0,-873.0,-868.0,489.0,93.0
-272.0,-480.0,-55.0,-263.0,,-684.0,-804.0,-711.0,226.0,204.0
-357.0,-153.0,0.0,-20.0,,-967.0,-704.0,-642.0,156.0,229.0
-395.0,149.0,-8.0,172.0,,-1116.0,-503.0,-515.0,-100.0,225.0
-411.0,526.0,46.0,317.0,,-963.0,-317.0,-402.0,30.0,178.0
-442.0,778.0,51.0,415.0,,-989.0,-332.0,-360.0,-161.0,108.0
-464.0,1130.0,-17.0,252.0,,-1161.0,-429.0,-70.0,-557.0,50.0
-487.0,1550.0,-63.0,289.0,,-1041.0,-548.0,36.0,-789.0,6.0
-431.0,1612.0,-131.0,311.0,,-877.0,-606.0,133.0,-735.0,-59.0
-401.0,1376.0,-163.0,83.0,,-970.0,-705.0,62.0,-150.0,-118.0
-352.0,628.0,-201.0,27.0,,-1333.0,-911.0,-20.0,-222.0,-89.0
-335.0,18.0,-151.0,117.0,,-1444.0,-1104.0,-64.0,-460.0,-26.0
-335.0,-602.0,-193.0,332.0,,-1310.0,-1235.0,-153.0,-688.0,-57.0
-298.0,-1190.0,-143.0,418.0,,-1262.0,-1155.0,-84.0,-646.0,-144.0
-349.0,-1086.0,-112.0,283.0,,-1337.0,-1036.0,-238.0,-334.0,-249.0
-413.0,-929.0,-151.0,191.0,,-1293.0,-1014.0,-190.0,-284.0,-366.0
-427.0,-975.0,-199.0,70.0,,-1143.0,-943.0,-121.0,-335.0,-449.0
-342.0,-882.0,-285.0,-55.0,,-1210.0,-761.0,-31.0,-669.0,-592.0
-296.0,-534.0,-249.0,-146.0,,-1183.0,-595.0,251.0,-480.0,-759.0
-315.0,-334.0,-391.0,-328.0,,-960.0,-554.0,293.0,262.0,-832.0
-264.0,-318.0,-331.0,-346.0,,-750.0,-486.0,402.0,402.0,-865.0
-185.0,-25.0,-366.0,-272.0,,-687.0,-466.0,395.0,109.0,-886.0
-158.0,40.0,-465.0,-288.0,,-763.0,-568.0,441.0,-84.0,-873.0
-192.0,-441.0,-444.0,-182.0,,-705.0,-652.0,336.0,-42.0,-892.0
-214.0,-569.0,-553.0,-107.0,,-566.0,-663.0,134.0,230.0,-931.0
-221.0,-409.0,-502.0,97.0,,-677.0,-657.0,149.0,168.0,-877.0
-183.0,-483.0,-568.0,359.0,,-897.0,-753.0,-97.0,26.0,-815.0
-187.0,-367.0,-552.0,309.0,,-985.0,-877.0,49.0,78.0,-898.0
-288.0,113.0,-516.0,203.0,,-928.0,-924.0,273.0,-157.0,-993.0
-321.0,347.0,-498.0,78.0,,-866.0,-881.0,352.0,-49.0,-990.0
-269.0,513.0,-464.0,24.0,,-927.0,-760.0,508.0,419.0,-997.0
-252.0,979.0,-434.0,130.0,,-795.0,-675.0,517.0,327.0,-1072.0
-283.0,1272.0,-362.0,128.0,,-607.0,-667.0,694.0,189.0,-1151.0
-270.0,1269.0,-402.0,-10.0,,-564.0,-649.0,702.0,539.0,-1133.0
-222.0,1158.0,-343.0,-13.0,,-693.0,-574.0,777.0,923.0,-1065.0
-222.0,1388.0,-366.0,44.0,,-928.0,-426.0,812.0,920.0,-975.0
-267.0,1196.0,-340.0,103.0,,-920.0,-297.0,709.0,473.0,-804.0
-318.0,439.0,-288.0,259.0,,-818.0,-280.0,630.0,140.0,-579.0
-407.0,-271.0,-296.0,245.0,,-715.0,-246.0,273.0,475.0,-354.0
-448.0,-814.0,-248.0,233.0,,-579.0,-186.0,77.0,702.0,-176.0
-478.0,-983.0,-267.0,115.0,,-546.0,-196.0,-221.0,346.0,38.0
-587.0,-1516.0,-281.0,-129.0,,-738.0,-265.0,-400.0,238.0,209.0
-648.0,-1787.0,-283.0,24.0,,-890.0,-340.0,-404.0,56.0,218.0
-633.0,-2028.0,-305.0,207.0,,-745.0,-369.0,-509.0,40.0,212.0
-614.0,-2075.0,-322.0,267.0,,-652.0,-364.0,-447.0,247.0,229.0
-628.0,-1489.0,-253.0,310.0,,-763.0,-357.0,-497.0,-31.0,202.0
-631.0,-1164.0,-250.0,227.0,,-849.0,-442.0,-345.0,-16.0,96.0
-633.0,-540.0,-235.0,191.0,,-774.0,-419.0,-149.0,-161.0,60.0
-612.0,-370.0,-171.0,197.0,,-701.0,-224.0,186.0,-367.0,18.0
-566.0,-107.0,-148.0,213.0,,-734.0,-49.0,663.0,-114.0,-56.0
-572.0,413.0,-126.0,186.0,,-655.0,-6.0,888.0,-43.0,22.0
-615.0,783.0,-59.0,-55.0,,-487.0,-128.0,1106.0,-298.0,102.0
-636.0,1179.0,-73.0,-144.0,,-586.0,-99.0,896.0,-553.0,117.0
-587.0,868.0,-99.0,-25.0,,-809.0,-32.0,570.0,-93.0,117.0
-618.0,949.0,0.0,-105.0,,-788.0,-116.0,328.0,95.0,213.0
-703.0,912.0,-41.0,-115.0,,-642.0,-185.0,81.0,5.0,333.0
-661.0,575.0,-7.0,-280.0,,-613.0,-186.0,-57.0,231.0,326.0
-603.0,223.0,55.0,-738.0,,-647.0,-226.0,-380.0,116.0,387.0
-574.0,-195.0,11.0,-837.0,,-557.0,-487.0,-578.0,56.0,532.0
-535.0,-300.0,1.0,-646.0,,-354.0,-579.0,-700.0,323.0,619.0
-540.0,-487.0,35.0,-490.0,,-303.0,-361.0,-515.0,648.0,641.0
-527.0,-448.0,32.0,-361.0,,-427.0,-232.0,-147.0,378.0,699.0
-509.0,-477.0,41.0,-449.0,,-377.0,-208.0,112.0,220.0,711.0
-520.0,-55.0,42.0,-620.0,,-274.0,-227.0,528.0,333.0,685.0
-576.0,574.0,-2.0,-611.0,,-342.0,-208.0,548.0,464.0,669.0
-611.0,616.0,-40.0,-543.0,,-575.0,-60.0,506.0,439.0,566.0
-579.0,581.0,-120.0,-339.0,,-733.0,-8.0,495.0,-37.0,483.0
-639.0,641.0,-120.0,-217.0,,-583.0,-63.0,439.0,-81.0,435.0
-648.0,942.0,-172.0,-158.0,,-513.0,-77.0,526.0,-288.0,379.0
-637.0,1198.0,-135.0,48.0,,-541.0,-9.0,349.0,-230.0,273.0
-643.0,1212.0,-104.0,31.0,,-438.0,254.0,223.0,-15.0,149.0
-604.0,871.0,-83.0,-22.0,,-381.0,349.0,-14.0,-136.0,24.0
-639.0,690.0,-13.0,80.0,,-525.0,201.0,-107.0,-187.0,-112.0
-656.0,853.0,-15.0,145.0,,-740.0,115.0,14.0,20.0,-241.0
-630.0,674.0,-4.0,110.0,,-815.0,115.0,62.0,572.0,-376.0
-574.0,443.0,-25.0,-180.0,,-793.0,256.0,262.0,644.0,-469.0
-562.0,429.0,19.0,-412.0,,-807.0,280.0,290.0,707.0,-555.0
-624.0,394.0,-20.0,-298.0,,-805.0,73.0,489.0,294.0,-605.0
-631.0,327.0,8.0,-110.0,,-589.0,-93.0,657.0,37.0,-658.0
-605.0,183.0,-2.0,56.0,,-270.0,-113.0,685.0,387.0,-680.0
-616.0,-211.0,-84.0,118.0,,-88.0,26.0,667.0,169.0,-598.0
-596.0,-303.0,-126.0,143.0,,0.0,311.0,308.0,95.0,-442.0
-533.0,-85.0,-181.0,256.0,,16.0,445.0,-40.0,-60.0,-278.0
-452.0,-327.0,-241.0,322.0,,-98.0,398.0,-450.0,-281.0,-189.0
-346.0,-902.0,-300.0,264.0,,-156.0,412.0,-565.0,81.0,-101.0
-271.0,-1091.0,-311.0,115.0,,-20.0,495.0,-493.0,432.0,-39.0
-237.0,-908.0,-410.0,17.0,,313.0,590.0,-399.0,125.0,-50.0
-217.0,-1195.0,-325.0,-65.0,,588.0,442.0,-79.0,-167.0,-104.0
-178.0,-1519.0,-367.0,-259.0,,587.0,174.0,46.0,56.0,-174.0
-155.0,-1534.0,-346.0,-260.0,,635.0,137.0,284.0,380.0,-296.0
-176.0,-1619.0,-281.0,-97.0,,676.0,174.0,334.0,287.0,-366.0
-267.0,-1389.0,-351.0,-78.0,,652.0,218.0,288.0,-53.0,-361.0
-283.0,-852.0,-277.0,-27.0,,653.0,366.0,450.0,131.0,-395.0
-262.0,-416.0,-261.0,-10.0,,563.0,451.0,543.0,237.0,-470.0
-301.0,-266.0,-198.0,-40.0,,464.0,472.0,687.0,159.0,-571.0
-285.0,-321.0,-172.0,-72.0,,408.0,631.0,484.0,144.0,-632.0
-281.0,-393.0,-99.0,-202.0,,412.0,799.0,221.0,19.0,-721.0
-216.0,-344.0,-35.0,-223.0,,440.0,886.0,-49.0,-24.0,-801.0
-188.0,-400.0,9.0,-111.0,,487.0,879.0,-321.0,-212.0,-911.0
-213.0,-538.0,51.0,-41.0,,457.0,798.0,-339.0,-168.0,-1085.0
-193.0,-321.0,116.0,55.0,,365.0,791.0,-441.0,-102.0,-1116.0
-205.0,6.0,52.0,-28.0,,335.0,796.0,-426.0,-370.0,-1011.0
-232.0,231.0,66.0,-219.0,,225.0,655.0,-408.0,-387.0,-1002.0
-326.0,560.0,166.0,-217.0,,-33.0,423.0,-264.0,-172.0,-990.0
-371.0,856.0,44.0,-239.0,,-221.0,280.0,-73.0,80.0,-826.0
-352.0,1030.0,121.0,-126.0,,-139.0,243.0,120.0,48.0,-820.0
-322.0,1210.0,84.0,-39.0,,121.0,175.0,460.0,-141.0,-867.0
-259.0,1280.0,46.0,89.0,,390.0,27.0,467.0,-169.0,-861.0
-255.0,1188.0,82.0,249.0,,565.0,52.0,508.0,2.0,-981.0
-237.0,867.0,107.0,193.0,,728.0,234.0,465.0,329.0,-1078.0
-208.0,556.0,144.0,182.0,,790.0,313.0,271.0,384.0,-1095.0
-172.0,260.0,119.0,114.0,,650.0,270.0,72.0,336.0,-1075.0
-141.0,-124.0,143.0,190.0,,523.0,235.0,-312.0,364.0,-1071.0
-155.0,-268.0,49.0,166.0,,551.0,380.0,-445.0,499.0,-998.0
-126.0,-507.0,38.0,145.0,,581.0,537.0,-522.0,685.0,-773.0
-137.0,-583.0,18.0,292.0,,447.0,671.0,-354.0,578.0,-607.0
-160.0,-454.0,8.0,201.0,,448.0,863.0,-105.0,418.0,-520.0
-188.0,-528.0,76.0,19.0,,596.0,1045.0,-96.0,454.0,-387.0
-226.0,-109.0,86.0,-147.0,,538.0,1179.0,-103.0,562.0,-249.0
-228.0,259.0,230.0,-178.0,,418.0,1165.0,-295.0,711.0,-152.0
-188.0,200.0,266.0,-203.0,,501.0,1106.0,-177.0,755.0,-78.0
-131.0,573.0,270.0,-206.0,,658.0,1019.0,97.0,606.0,14.0
-149.0,624.0,309.0,-156.0,,648.0,1031.0,441.0,642.0,97.0
-127.0,375.0,267.0,-103.0,,431.0,1235.0,691.0,771.0,171.0
-68.0,343.0,318.0,-70.0,,247.0,1438.0,500.0,747.0,274.0
-29.0,152.0,248.0,-134.0,,323.0,1466.0,279.0,655.0,334.0
-5.0,19.0,252.0,-157.0,,392.0,1237.0,-38.0,550.0,306.0
51.0,-111.0,241.0,-93.0,,286.0,964.0,-62.0,680.0,237.0
121.0,-273.0,183.0,-52.0,,290.0,760.0,-33.0,647.0,161.0
173.0,-572.0,209.0,-10.0,,443.0,557.0,-25.0,566.0,73.0
202.0,-616.0,158.0,25.0,,410.0,273.0,118.0,536.0,-97.0
184.0,-744.0,173.0,-114.0,,289.0,88.0,-18.0,120.0,-235.0
216.0,-1104.0,188.0,-219.0,,452.0,50.0,94.0,20.0,-231.0
254.0,-1121.0,240.0,-269.0,,644.0,-76.0,101.0,80.0,-266.0
310.0,-1280.0,266.0,-302.0,,605.0,-46.0,105.0,121.0,-381.0
325.0,-1049.0,315.0,-413.0,,483.0,322.0,251.0,307.0,-394.0
352.0,-724.0,284.0,-616.0,,437.0,766.0,195.0,130.0,-334.0
414.0,-582.0,214.0,-645.0,,580.0,953.0,230.0,-200.0,-355.0
373.0,6.0,232.0,-638.0,,651.0,886.0,112.0,-165.0,-321.0
366.0,456.0,182.0,-505.0,,435.0,849.0,280.0,-88.0,-195.0
379.0,756.0,199.0,-292.0,,310.0,905.0,471.0,-220.0,-110.0
398.0,1034.0,170.0,-245.0,,471.0,823.0,463.0,-41.0,-68.0
423.0,645.0,182.0,-166.0,,530.0,554.0,280.0,-174.0,49.0
434.0,144.0,202.0,-145.0,,388.0,385.0,-319.0,-277.0,246.0
447.0,174.0,203.0,-52.0,,284.0,357.0,-497.0,-56.0,241.0
452.0,127.0,268.0,117.0,,266.0,307.0,-365.0,-203.0,209.0
490.0,-360.0,249.0,60.0,,327.0,291.0,120.0,-289.0,359.0
473.0,-650.0,316.0,-17.0,,301.0,352.0,598.0,-340.0,452.0
435.0,-286.0,339.0,-112.0,,382.0,406.0,600.0,-184.0,471.0
441.0,-128.0,294.0,22.0,,501.0,428.0,498.0,-151.0,572.0
460.0,178.0,325.0,190.0,,335.0,334.0,330.0,-184.0,731.0
477.0,455.0,286.0,251.0,,125.0,232.0,474.0,-205.0,771.0
506.0,412.0,221.0,303.0,,88.0,229.0,421.0,-396.0,779.0
533.0,632.0,200.0,127.0,,307.0,182.0,256.0,-371.0,820.0
496.0,438.0,139.0,-17.0,,367.0,129.0,175.0,-242.0,746.0
484.0,469.0,156.0,-7.0,,249.0,116.0,11.0,-366.0,602.0
479.0,441.0,209.0,233.0,,273.0,143.0,75.0,-568.0,503.0
466.0,-14.0,270.0,273.0,,319.0,190.0,-31.0,-93.0,393.0
474.0,98.0,416.0,432.0,,278.0,123.0,0.0,-8.0,244.0
458.0,290.0,405.0,735.0,,256.0,-82.0,55.0,47.0,153.0
416.0,-34.0,454.0,655.0,,406.0,-194.0,-77.0,256.0,184.0
386.0,-83.0,460.0,615.0,,582.0,-56.0,-197.0,108.0,274.0
393.0,104.0,363.0,481.0,,650.0,135.0,-376.0,83.0,288.0
313.0,-122.0,409.0,463.0,,484.0,219.0,-223.0,-153.0,317.0
249.0,-104.0,336.0,462.0,,409.0,238.0,-66.0,14.0,471.0
285.0,-35.0,277.0,303.0,,421.0,255.0,181.0,8.0,628.0
272.0,214.0,283.0,314.0,,290.0,317.0,382.0,-109.0,700.0
201.0,494.0,276.0,283.0,,280.0,384.0,256.0,-286.0,756.0
201.0,206.0,306.0,196.0,,304.0,325.0,208.0,-377.0,797.0
271.0,-209.0,262.0,173.0,,429.0,219.0,5.0,-188.0,712.0
276.0,-671.0,281.0,193.0,,394.0,202.0,-20.0,-157.0,624.0
280.0,-940.0,289.0,245.0,,298.0,177.0,40.0,76.0,594.0
321.0,-983.0,216.0,334.0,,513.0,119.0,59.0,-141.0,457.0
377.0,-890.0,242.0,312.0,,578.0,22.0,121.0,-100.0,217.0
387.0,-987.0,220.0,134.0,,456.0,-110.0,46.0,-152.0,41.0
346.0,-1298.0,238.0,-11.0,,365.0,-171.0,192.0,-460.0,-29.0
304.0,-1400.0,241.0,-167.0,,478.0,-199.0,238.0,-493.0,-175.0
276.0,-1093.0,258.0,-307.0,,473.0,-283.0,413.0,-609.0,-337.0
288.0,-644.0,299.0,-228.0,,78.0,-424.0,526.0,-489.0,-388.0
263.0,-230.0,214.0,-238.0,,-167.0,-540.0,338.0,-167.0,-437.0
214.0,532.0,161.0,-176.0,,43.0,-503.0,206.0,-15.0,-508.0
267.0,1101.0,126.0,175.0,,326.0,-337.0,-286.0,-201.0,-571.0
359.0,1220.0,84.0,253.0,,160.0,-169.0,-428.0,194.0,-592.0
316.0,1153.0,43.0,198.0,,-100.0,-75.0,-247.0,366.0,-632.0
275.0,992.0,56.0,166.0,,-33.0,-93.0,-72.0,333.0,-684.0
366.0,649.0,7.0,96.0,,-18.0,-196.0,149.0,459.0,-700.0
394.0,259.0,0.0,-54.0,,-120.0,-315.0,138.0,165.0,-738.0
324.0,292.0,-18.0,-238.0,,-28.0,-352.0,162.0,146.0,-711.0
277.0,330.0,-52.0,-362.0,,154.0,-288.0,18.0,0.0,-556.0
233.0,229.0,-31.0,-563.0,,247.0,-294.0,84.0,-24.0,-390.0
173.0,311.0,-98.0,-640.0,,11.0,-395.0,184.0,105.0,-297.0
126.0,613.0,-80.0,-638.0,,-192.0,-417.0,223.0,-106.0,-200.0
83.0,673.0,-93.0,-575.0,,-57.0,-301.0,413.0,-147.0,-106.0
29.0,344.0,-89.0,-425.0,,-2.0,-193.0,376.0,-92.0,-74.0
92.0,39.0,-33.0,-370.0,,-15.0,-119.0,443.0,-312.0,-87.0
160.0,-115.0,-22.0,-367.0,,-87.0,-126.0,280.0,-335.0,-66.0
122.0,-151.0,6.0,-302.0,,104.0,-269.0,62.0,-449.0,-8.0
178.0,-339.0,-6.0,-332.0,,237.0,-246.0,-149.0,-633.0,19.0
259.0,-348.0,22.0,-333.0,,85.0,-179.0,-339.0,-425.0,106.0
234.0,-578.0,0.0,-148.0,,267.0,-190.0,-212.0,-336.0,209.0
166.0,-1061.0,-10.0,-113.0,,432.0,-192.0,-182.0,-301.0,253.0
186.0,-882.0,45.0,-172.0,,499.0,-200.0,60.0,-402.0,306.0
174.0,-798.0,-37.0,-150.0,,374.0,-195.0,181.0,-377.0,427.0
126.0,-763.0,-37.0,-220.0,,296.0,-280.0,151.0,-268.0,519.0
113.0,-280.0,-76.0,-487.0,,450.0,-311.0,59.0,-116.0,480.0
85.0,272.0,-115.0,-714.0,,211.0,-447.0,-369.0,-3.0,467.0
55.0,510.0,-54.0,-777.0,,-25.0,-638.0,-617.0,-27.0,484.0
61.0,543.0,-78.0,-664.0,,-22.0,-702.0,-781.0,98.0,467.0
85.0,689.0,-77.0,-328.0,,160.0,-754.0,-670.0,199.0,389.0
68.0,383.0,-61.0,-89.0,,409.0,-676.0,-397.0,493.0,341.0
146.0,93.0,-76.0,-103.0,,400.0,-482.0,-251.0,724.0,433.0
149.0,-155.0,-177.0,-90.0,,542.0,-278.0,-101.0,582.0,475.0
75.0,-420.0,-199.0,-59.0,,661.0,-319.0,-160.0,312.0,512.0
40.0,-498.0,-293.0,-48.0,,518.0,-424.0,-79.0,313.0,655.0
38.0,-703.0,-399.0,-3.0,,434.0,-411.0,-1.0,259.0,749.0
-58.0,-367.0,-394.0,56.0,,297.0,-290.0,171.0,283.0,723.0
-187.0,-165.0,-413.0,190.0,,230.0,34.0,384.0,350.0,730.0
-151.0,-22.0,-377.0,476.0,,139.0,177.0,338.0,325.0,743.0
-162.0,164.0,-335.0,801.0,,121.0,134.0,465.0,307.0,496.0
-168.0,299.0,-294.0,657.0,,441.0,183.0,347.0,92.0,177.0
-191.0,617.0,-269.0,327.0,,609.0,303.0,240.0,61.0,81.0
-102.0,570.0,-195.0,207.0,,573.0,368.0,173.0,-224.0,-72.0
-34.0,1032.0,-179.0,6.0,,524.0,138.0,12.0,-283.0,-335.0
17.0,1222.0,-116.0,-350.0,,582.0,-289.0,-31.0,-363.0,-430.0
93.0,1008.0,-69.0,-502.0,,733.0,-562.0,-210.0,-481.0,-430.0
98.0,974.0,-132.0,-386.0,,607.0,-567.0,-218.0,-314.0,-465.0
219.0,673.0,-70.0,-510.0,,456.0,-445.0,-351.0,-428.0,-453.0
213.0,417.0,-87.0,-622.0,,509.0,-394.0,-421.0,-449.0,-303.0
187.0,151.0,-135.0,-555.0,,465.0,-497.0,-415.0,-648.0,-226.0
163.0,134.0,-95.0,-500.0,,367.0,-587.0,-432.0,-345.0,-242.0
214.0,411.0,-175.0,-499.0,,380.0,-513.0,-142.0,94.0,-85.0
219.0,983.0,-209.0,-510.0,,626.0,-555.0,38.0,13.0,116.0
189.0,1342.0,-158.0,-342.0,,811.0,-749.0,373.0,-246.0,127.0
291.0,1178.0,-209.0,-217.0,,637.0,-806.0,558.0,-346.0,56.0
326.0,717.0,-170.0,-17.0,,619.0,-779.0,535.0,118.0,176.0
385.0,-214.0,-179.0,231.0,,872.0,-788.0,469.0,364.0,284.0
406.0,-880.0,-252.0,228.0,,1083.0,-825.0,142.0,312.0,190.0
429.0,-1415.0,-296.0,245.0,,1080.0,-747.0,33.0,49.0,130.0
385.0,-1976.0,-369.0,425.0,,977.0,-569.0,-55.0,-100.0,66.0
363.0,-1915.0,-422.0,439.0,,1108.0,-405.0,48.0,43.0,-33.0
388.0,-1708.0,-430.0,395.0,,1093.0,-167.0,149.0,112.0,-158.0
326.0,-1657.0,-403.0,390.0,,817.0,55.0,62.0,-26.0,-301.0
265.0,-1582.0,-455.0,128.0,,779.0,185.0,90.0,-244.0,-365.0
225.0,-745.0,-457.0,-21.0,,908.0,321.0,-73.0,-234.0,-426.0
190.0,156.0,-429.0,40.0,,923.0,422.0,-51.0,-65.0,-478.0
163.0,307.0,-338.0,46.0,,657.0,540.0,-31.0,97.0,-462.0
202.0,417.0,-312.0,54.0,,497.0,662.0,57.0,-192.0,-417.0
221.0,386.0,-309.0,55.0,,740.0,771.0,312.0,-475.0,-381.0
223.0,345.0,-231.0,103.0,,938.0,895.0,371.0,-169.0,-280.0
283.0,38.0,-239.0,100.0,,979.0,868.0,430.0,331.0,-156.0
348.0,19.0,-204.0,155.0,,894.0,637.0,273.0,528.0,-143.0
324.0,148.0,-284.0,326.0,,715.0,246.0,295.0,585.0,-104.0
348.0,-180.0,-333.0,352.0,,420.0,-32.0,279.0,576.0,13.0
383.0,84.0,-346.0,329.0,,107.0,-163.0,118.0,415.0,38.0
379.0,487.0,-463.0,295.0,,277.0,-366.0,114.0,591.0,-69.0
366.0,484.0,-498.0,213.0,,692.0,-631.0,-38.0,727.0,-160.0
362.0,347.0,-501.0,69.0,,592.0,-928.0,-9.0,646.0,-152.0
402.0,394.0,-525.0,-68.0,,355.0,-1084.0,-232.0,237.0,-237.0
412.0,573.0,-561.0,-69.0,,472.0,-1034.0,-423.0,-186.0,-413.0
467.0,475.0,-550.0,9.0,,586.0,-950.0,-299.0,36.0,-377.0
457.0,121.0,-555.0,-48.0,,438.0,-951.0,-151.0,274.0,-430.0
523.0,71.0,-609.0,-88.0,,94.0,-901.0,315.0,105.0,-610.0
629.0,403.0,-599.0,-49.0,,152.0,-725.0,604.0,-214.0,-548.0
641.0,464.0,-610.0,-375.0,,451.0,-537.0,811.0,-231.0,-506.0
605.0,57.0,-611.0,-563.0,,499.0,-417.0,729.0,-49.0,-648.0
520.0,-346.0,-538.0,-470.0,,507.0,-250.0,376.0,-30.0,-732.0
528.0,-410.0,-551.0,-494.0,,681.0,95.0,105.0,-229.0,-557.0
426.0,-781.0,-508.0,-609.0,,906.0,306.0,-199.0,-430.0,-537.0
298.0,-1247.0,-454.0,-757.0,,692.0,396.0,-70.0,-413.0,-628.0
241.0,-1550.0,-385.0,-588.0,,392.0,492.0,59.0,-84.0,-472.0
160.0,-1920.0,-338.0,-385.0,,340.0,534.0,256.0,137.0,-367.0
64.0,-1860.0,-318.0,-368.0,,358.0,562.0,485.0,-134.0,-483.0
-23.0,-1131.0,-192.0,-178.0,,356.0,431.0,498.0,-302.0,-473.0
-30.0,-542.0,-190.0,62.0,,251.0,298.0,606.0,-226.0,-184.0
-57.0,-655.0,-172.0,242.0,,227.0,175.0,556.0,62.0,-341.0
-59.0,-268.0,-131.0,382.0,,264.0,41.0,593.0,80.0,-509.0
-45.0,283.0,-156.0,357.0,,170.0,71.0,524.0,-38.0,-176.0
-45.0,-58.0,-208.0,260.0,,87.0,137.0,417.0,20.0,-135.0
-26.0,-497.0,-243.0,197.0,,243.0,23.0,351.0,-90.0,-337.0
-72.0,-438.0,-296.0,83.0,,169.0,-283.0,140.0,308.0,-321.0
-77.0,-183.0,-340.0,32.0,,-123.0,-486.0,86.0,614.0,-221.0
-66.0,146.0,-321.0,-58.0,,-159.0,-566.0,-81.0,549.0,-352.0
-47.0,405.0,-348.0,-352.0,,-72.0,-571.0,-64.0,479.0,-411.0
-34.0,416.0,-332.0,-522.0,,30.0,-576.0,25.0,352.0,-250.0
-88.0,672.0,-342.0,-397.0,,-77.0,-564.0,64.0,689.0,-297.0
-42.0,946.0,-297.0,5.0,,-106.0,-409.0,223.0,918.0,-501.0
-37.0,1012.0,-363.0,323.0,,158.0,-249.0,114.0,862.0,-421.0
-81.0,935.0,-481.0,428.0,,193.0,-34.0,49.0,585.0,-281.0
-100.0,480.0,-482.0,780.0,,53.0,81.0,-101.0,379.0,-428.0
-70.0,107.0,-582.0,972.0,,-33.0,-22.0,-166.0,568.0,-534.0
-12.0,-88.0,-613.0,863.0,,79.0,-118.0,-3.0,331.0,-523.0
-105.0,-577.0,-639.0,832.0,,213.0,-107.0,131.0,53.0,-487.0
-86.0,-863.0,-654.0,622.0,,-8.0,-92.0,436.0,-70.0,-485.0
-53.0,-917.0,-668.0,498.0,,-66.0,-13.0,493.0,-213.0,-438.0
-70.0,-768.0,-688.0,539.0,,286.0,77.0,502.0,-72.0,-421.0
-93.0,-211.0,-642.0,498.0,,573.0,-107.0,382.0,101.0,-428.0
-151.0,156.0,-684.0,396.0,,509.0,-378.0,145.0,86.0,-321.0
-106.0,642.0,-700.0,287.0,,183.0,-438.0,112.0,-278.0,-258.0
-95.0,1115.0,-711.0,361.0,,-4.0,-277.0,59.0,-35.0,-233.0
-31.0,1283.0,-688.0,303.0,,-125.0,-9.0,293.0,583.0,-333.0
-40.0,1036.0,-674.0,148.0,,-331.0,199.0,336.0,585.0,-450.0
2.0,517.0,-705.0,89.0,,-328.0,293.0,378.0,350.0,-484.0
99.0,39.0,-615.0,121.0,,32.0,296.0,450.0,-3.0,-421.0
55.0,-448.0,-600.0,276.0,,248.0,333.0,310.0,74.0,-450.0
39.0,-878.0,-562.0,394.0,,-16.0,467.0,275.0,281.0,-587.0
70.0,-1469.0,-468.0,490.0,,-131.0,528.0,-49.0,263.0,-535.0
149.0,-1480.0,-465.0,499.0,,-53.0,386.0,-188.0,266.0,-499.0
97.0,-1381.0,-397.0,384.0,,-244.0,125.0,-291.0,59.0,-531.0
94.0,-1711.0,-341.0,130.0,,-642.0,-45.0,-388.0,-32.0,-510.0
128.0,-1495.0,-315.0,-202.0,,-742.0,-162.0,-347.0,146.0,-460.0
132.0,-882.0,-330.0,-347.0,,-464.0,-377.0,-432.0,75.0,-501.0
165.0,-479.0,-299.0,-333.0,,-463.0,-625.0,-277.0,-363.0,-486.0
104.0,-186.0,-294.0,-309.0,,-688.0,-727.0,-319.0,-603.0,-445.0
91.0,295.0,-329.0,-242.0,,-617.0,-670.0,-293.0,-721.0,-578.0
150.0,631.0,-262.0,-387.0,,-129.0,-631.0,-166.0,-328.0,-666.0
178.0,801.0,-297.0,-430.0,,6.0,-664.0,-5.0,129.0,-602.0
63.0,708.0,-319.0,-131.0,,-402.0,-631.0,315.0,-101.0,-587.0
17.0,350.0,-356.0,66.0,,-580.0,-371.0,365.0,-45.0,-665.0
67.0,195.0,-420.0,76.0,,-399.0,-98.0,537.0,198.0,-565.0
35.0,24.0,-495.0,22.0,,-311.0,51.0,526.0,555.0,-444.0
-38.0,-144.0,-585.0,97.0,,-538.0,135.0,406.0,797.0,-484.0
-81.0,-229.0,-615.0,270.0,,-547.0,110.0,343.0,584.0,-497.0
-58.0,-401.0,-664.0,364.0,,-223.0,100.0,131.0,214.0,-435.0
-47.0,-409.0,-636.0,217.0,,23.0,141.0,121.0,-120.0,-447.0
-80.0,-306.0,-612.0,165.0,,-40.0,76.0,-3.0,-74.0,-383.0
-123.0,-259.0,-575.0,148.0,,-81.0,-134.0,-5.0,-50.0,-257.0
-119.0,-168.0,-569.0,158.0,,65.0,-316.0,7.0,-395.0,-292.0
-98.0,-250.0,-595.0,373.0,,0.0,-428.0,-116.0,-875.0,-224.0
-90.0,-386.0,-564.0,238.0,,-165.0,-586.0,-90.0,-712.0,-113.0
-94.0,-435.0,-582.0,322.0,,-277.0,-723.0,-177.0,-240.0,-85.0
-45.0,-456.0,-544.0,535.0,,-129.0,-644.0,-86.0,35.0,-25.0
10.0,-162.0,-490.0,336.0,,66.0,-492.0,-77.0,-6.0,19.0
22.0,-27.0,-439.0,162.0,,93.0,-463.0,-33.0,-588.0,-22.0
26.0,-45.0,-411.0,33.0,,232.0,-370.0,149.0,-569.0,-50.0
0.0,196.0,-427.0,171.0,,344.0,-230.0,97.0,6.0,-24.0
-9.0,126.0,-392.0,381.0,,148.0,-126.0,208.0,242.0,-78.0
-3.0,-299.0,-451.0,365.0,,-203.0,10.0,142.0,-122.0,-183.0
-5.0,-494.0,-459.0,330.0,,-128.0,228.0,59.0,-527.0,-213.0
-17.0,-103.0,-419.0,437.0,,43.0,422.0,-11.0,-524.0,-60.0
-35.0,31.0,-450.0,558.0,,-229.0,374.0,-79.0,-269.0,-2.0
-45.0,-340.0,-391.0,426.0,,-495.0,243.0,29.0,-34.0,-37.0
-74.0,-214.0,-369.0,404.0,,-374.0,135.0,-136.0,-305.0,55.0
-151.0,78.0,-341.0,658.0,,-120.0,14.0,-192.0,-427.0,143.0
-253.0,-101.0,-279.0,579.0,,-245.0,-34.0,-351.0,-359.0,190.0
-342.0,-115.0,-291.0,321.0,,-450.0,-176.0,-467.0,-309.0,318.0
-361.0,56.0,-264.0,344.0,,-295.0,-448.0,-530.0,-280.0,362.0
-364.0,-271.0,-285.0,267.0,,-83.0,-638.0,-676.0,-511.0,273.0
-361.0,-310.0,-291.0,69.0,,-198.0,-718.0,-532.0,-645.0,381.0
-367.0,-126.0,-236.0,26.0,,-521.0,-796.0,-630.0,-648.0,447.0
-336.0,121.0,-275.0,-37.0,,-417.0,-918.0,-687.0,-369.0,333.0
-251.0,351.0,-290.0,-202.0,,-135.0,-847.0,-753.0,-225.0,220.0
-252.0,319.0,-303.0,-220.0,,-248.0,-590.0,-661.0,-478.0,163.0
-299.0,910.0,-297.0,-178.0,,-442.0,-456.0,-356.0,-660.0,176.0
-315.0,939.0,-320.0,-108.0,,-271.0,-481.0,-238.0,-606.0,107.0
-241.0,426.0,-338.0,18.0,,14.0,-563.0,16.0,-209.0,-75.0
-241.0,418.0,-301.0,-12.0,,-27.0,-507.0,31.0,-137.0,-258.0
-229.0,447.0,-323.0,-7.0,,-145.0,-394.0,131.0,-482.0,-311.0
-193.0,195.0,-270.0,-20.0,,-111.0,-411.0,206.0,-595.0,-354.0
-162.0,-293.0,-305.0,-65.0,,-50.0,-509.0,129.0,-377.0,-430.0
-61.0,-532.0,-340.0,76.0,,-169.0,-656.0,160.0,111.0,-466.0
-86.0,-623.0,-383.0,243.0,,-334.0,-747.0,44.0,508.0,-491.0
-92.0,-512.0,-453.0,362.0,,-361.0,-798.0,181.0,407.0,-512.0
-76.0,-228.0,-465.0,505.0,,-383.0,-836.0,275.0,-104.0,-418.0
-17.0,-283.0,-475.0,788.0,,-578.0,-797.0,343.0,-10.0,-253.0
-25.0,-433.0,-406.0,795.0,,-719.0,-741.0,388.0,512.0,-220.0
-91.0,-136.0,-366.0,434.0,,-495.0,-666.0,317.0,432.0,-194.0
-89.0,-181.0,-336.0,446.0,,-426.0,-548.0,327.0,100.0,-115.0
-126.0,-585.0,-320.0,453.0,,-592.0,-481.0,94.0,-346.0,-92.0
-116.0,-792.0,-291.0,273.0,,-592.0,-409.0,5.0,-382.0,-176.0
-162.0,-811.0,-236.0,254.0,,-447.0,-204.0,-221.0,-71.0,-215.0
-180.0,-561.0,-201.0,253.0,,-393.0,5.0,-515.0,-13.0,-199.0
-162.0,-637.0,-192.0,460.0,,-481.0,103.0,-524.0,-283.0,-289.0
-107.0,-691.0,-123.0,431.0,,-519.0,111.0,-613.0,-627.0,-312.0
-121.0,-616.0,-116.0,198.0,,-426.0,109.0,-463.0,-415.0,-244.0
-253.0,-313.0,-136.0,128.0,,-355.0,133.0,-310.0,-141.0,-242.0
-265.0,210.0,-132.0,175.0,,-486.0,73.0,-120.0,184.0,-244.0
-274.0,498.0,-164.0,506.0,,-373.0,-51.0,125.0,-35.0,-119.0
-312.0,764.0,-163.0,696.0,,-113.0,-70.0,308.0,-546.0,-62.0
-399.0,995.0,-232.0,685.0,,-88.0,-30.0,644.0,-297.0,-92.0
-495.0,1141.0,-213.0,681.0,,-78.0,-81.0,783.0,170.0,-21.0
-510.0,1314.0,-204.0,516.0,,4.0,-143.0,829.0,455.0,5.0
-445.0,1428.0,-112.0,350.0,,175.0,-153.0,556.0,-38.0,4.0
-357.0,1055.0,-77.0,450.0,,65.0,-174.0,194.0,-476.0,64.0
-366.0,881.0,-115.0,455.0,,-204.0,-235.0,33.0,-402.0,108.0
-357.0,691.0,-122.0,285.0,,-252.0,-251.0,-234.0,-73.0,119.0
-261.0,73.0,-210.0,176.0,,-330.0,-154.0,-286.0,216.0,183.0
-228.0,-222.0,-219.0,89.0,,-526.0,-134.0,-467.0,-275.0,218.0
-258.0,-461.0,-300.0,0.0,,-655.0,-266.0,-663.0,-859.0,136.0
-239.0,-837.0,-241.0,-103.0,,-560.0,-372.0,-718.0,-864.0,123.0
-176.0,-1106.0,-270.0,-226.0,,-435.0,-338.0,-689.0,-374.0,125.0
-120.0,-825.0,-256.0,-449.0,,-528.0,-325.0,-465.0,-18.0,-8.0
-128.0,-601.0,-168.0,-372.0,,-722.0,-392.0,-424.0,-306.0,-107.0
-130.0,-452.0,-240.0,-132.0,,-613.0,-373.0,-240.0,-932.0,-109.0
-101.0,437.0,-221.0,-169.0,,-483.0,-355.0,-181.0,-723.0,-118.0
-29.0,1127.0,-225.0,-259.0,,-742.0,-336.0,-142.0,-148.0,-82.0
-16.0,1127.0,-186.0,-190.0,,-969.0,-313.0,-33.0,-211.0,65.0
-67.0,1068.0,-145.0,26.0,,-781.0,-282.0,-158.0,-402.0,226.0
-70.0,994.0,-66.0,42.0,,-497.0,-182.0,-55.0,-519.0,314.0
-12.0,369.0,-58.0,-19.0,,-507.0,-126.0,-158.0,-195.0,467.0
41.0,-277.0,-90.0,-37.0,,-565.0,-28.0,-330.0,212.0,647.0
-30.0,-519.0,-109.0,25.0,,-580.0,121.0,-478.0,296.0,613.0
-53.0,-816.0,-195.0,278.0,,-538.0,152.0,-606.0,-161.0,506.0
-28.0,-1103.0,-211.0,259.0,,-535.0,38.0,-526.0,-707.0,519.0
-2.0,-1030.0,-209.0,189.0,,-441.0,-63.0,-415.0,-328.0,511.0
-2.0,-724.0,-210.0,231.0,,-273.0,12.0,-49.0,331.0,408.0
-18.0,-613.0,-208.0,267.0,,-286.0,135.0,79.0,491.0,331.0
-19.0,-225.0,-201.0,425.0,,-314.0,148.0,299.0,168.0,316.0
27.0,36.0,-250.0,536.0,,-329.0,54.0,611.0,-45.0,303.0
138.0,22.0,-270.0,572.0,,-38.0,-102.0,591.0,305.0,322.0
75.0,127.0,-271.0,543.0,,116.0,-162.0,546.0,690.0,350.0
41.0,47.0,-280.0,334.0,,-53.0,-65.0,214.0,789.0,295.0
116.0,102.0,-273.0,105.0,,-5.0,74.0,-44.0,579.0,239.0
209.0,69.0,-248.0,10.0,,202.0,149.0,-371.0,-146.0,209.0
184.0,142.0,-221.0,18.0,,329.0,146.0,-683.0,-216.0,203.0
82.0,305.0,-177.0,55.0,,212.0,115.0,-731.0,355.0,253.0
37.0,481.0,-100.0,17.0,,126.0,93.0,-811.0,566.0,225.0
-11.0,1014.0,-104.0,231.0,,277.0,79.0,-591.0,486.0,168.0
-37.0,1307.0,-67.0,480.0,,375.0,93.0,-465.0,148.0,245.0
-78.0,1066.0,-50.0,659.0,,171.0,105.0,-234.0,172.0,304.0
-92.0,1003.0,-29.0,785.0,,145.0,25.0,99.0,252.0,218.0
-119.0,1149.0,29.0,727.0,,271.0,-53.0,256.0,110.0,151.0
-59.0,605.0,-8.0,539.0,,146.0,-6.0,456.0,-286.0,145.0
-25.0,171.0,-16.0,242.0,,-61.0,77.0,341.0,-645.0,137.0
-12.0,129.0,-26.0,65.0,,-166.0,156.0,256.0,-398.0,193.0
18.0,51.0,-150.0,-301.0,,-118.0,324.0,92.0,37.0,281.0
29.0,0.0,-232.0,-664.0,,-247.0,548.0,-164.0,225.0,291.0
33.0,-246.0,-323.0,-671.0,,-373.0,635.0,-454.0,-230.0,317.0
-30.0,-181.0,-361.0,-553.0,,-186.0,623.0,-816.0,-587.0,439.0
-26.0,-142.0,-389.0,-596.0,,104.0,620.0,-885.0,-519.0,503.0
-61.0,-266.0,-458.0,-412.0,,123.0,566.0,-1067.0,-161.0,445.0
8.0,-203.0,-443.0,-89.0,,-84.0,490.0,-1012.0,-40.0,382.0
31.0,-361.0,-483.0,-88.0,,3.0,440.0,-875.0,-580.0,359.0
-75.0,-420.0,-432.0,1.0,,76.0,416.0,-724.0,-666.0,318.0
-132.0,-432.0,-522.0,62.0,,-180.0,291.0,-419.0,-396.0,275.0
-147.0,-521.0,-578.0,244.0,,-407.0,121.0,-447.0,4.0,282.0
-172.0,-274.0,-506.0,372.0,,-279.0,47.0,-354.0,320.0,261.0
-314.0,-163.0,-554.0,251.0,,35.0,7.0,-375.0,87.0,229.0
-369.0,-141.0,-523.0,350.0,,-37.0,20.0,-397.0,-221.0,306.0
-400.0,193.0,-483.0,402.0,,-175.0,5.0,-423.0,-358.0,450.0
-447.0,366.0,-465.0,230.0,,10.0,-54.0,-622.0,-171.0,479.0
-509.0,302.0,-468.0,-114.0,,159.0,-131.0,-737.0,-83.0,462.0
-584.0,610.0,-461.0,-387.0,,98.0,-194.0,-1090.0,-715.0,523.0
-635.0,1030.0,-485.0,-349.0,,-48.0,-18.0,-1108.0,-1092.0,553.0
-672.0,928.0,-463.0,-80.0,,211.0,327.0,-1025.0,-600.0,520.0
-660.0,738.0,-478.0,97.0,,488.0,607.0,-981.0,-94.0,493.0
-668.0,734.0,-479.0,14.0,,338.0,704.0,-916.0,102.0,561.0
-665.0,468.0,-458.0,53.0,,108.0,668.0,-1001.0,-273.0,598.0
-558.0,-175.0,-411.0,276.0,,0.0,663.0,-890.0,-681.0,590.0
-458.0,-871.0,-394.0,504.0,,181.0,622.0,-827.0,-527.0,675.0
-411.0,-1253.0,-388.0,695.0,,79.0,559.0,-524.0,-77.0,745.0
-363.0,-1312.0,-259.0,699.0,,-197.0,603.0,-273.0,262.0,783.0
-344.0,-1325.0,-219.0,411.0,,-235.0,716.0,-121.0,-37.0,818.0
-255.0,-1201.0,-84.0,299.0,,-255.0,817.0,-112.0,-375.0,797.0
-180.0,-890.0,-10.0,290.0,,-256.0,821.0,-450.0,-193.0,714.0
-118.0,-563.0,66.0,345.0,,-343.0,822.0,-493.0,383.0,700.0
-92.0,-357.0,101.0,874.0,,-179.0,783.0,-646.0,420.0,685.0
-51.0,-36.0,95.0,815.0,,-7.0,667.0,-788.0,37.0,591.0
25.0,116.0,96.0,354.0,,-198.0,684.0,-921.0,-161.0,566.0
33.0,-92.0,47.0,363.0,,-308.0,810.0,-1055.0,-129.0,538.0
56.0,8.0,72.0,592.0,,-66.0,902.0,-914.0,413.0,516.0
80.0,-28.0,-33.0,757.0,,231.0,781.0,-885.0,409.0,485.0
129.0,-270.0,-29.0,467.0,,72.0,617.0,-615.0,-132.0,420.0
140.0,-477.0,-27.0,102.0,,-195.0,641.0,-308.0,-424.0,376.0
98.0,-661.0,-80.0,43.0,,-238.0,560.0,68.0,-251.0,333.0
17.0,-773.0,-90.0,228.0,,-185.0,376.0,362.0,104.0,324.0
-49.0,-768.0,-96.0,273.0,,-181.0,297.0,225.0,185.0,319.0
-53.0,-614.0,-95.0,134.0,,-283.0,332.0,62.0,64.0,329.0
-91.0,-666.0,-86.0,3.0,,-225.0,411.0,-317.0,-78.0,351.0
-182.0,-424.0,-41.0,-108.0,,-139.0,464.0,-519.0,133.0,398.0
-205.0,-206.0,-19.0,-118.0,,-142.0,501.0,-602.0,537.0,450.0
-138.0,15.0,50.0,-302.0,,-39.0,540.0,-729.0,819.0,444.0
-100.0,557.0,72.0,-460.0,,194.0,553.0,-752.0,423.0,437.0
-104.0,906.0,101.0,-394.0,,224.0,418.0,-907.0,10.0,467.0
-113.0,1070.0,83.0,-300.0,,-10.0,261.0,-883.0,60.0,505.0
-35.0,1031.0,67.0,-446.0,,-56.0,206.0,-886.0,-15.0,557.0
59.0,1010.0,79.0,-558.0,,58.0,197.0,-722.0,-23.0,613.0
128.0,759.0,-16.0,-237.0,,74.0,242.0,-382.0,-266.0,643.0
161.0,722.0,41.0,-141.0,,-121.0,283.0,-214.0,-545.0,713.0
199.0,766.0,32.0,-524.0,,-246.0,339.0,-62.0,-457.0,858.0
257.0,467.0,-4.0,-606.0,,-47.0,284.0,-107.0,-71.0,1003.0
247.0,214.0,61.0,52.0,,-39.0,97.0,-49.0,108.0,1063.0
205.0,-368.0,-11.0,389.0,,-323.0,57.0,-162.0,23.0,1030.0
159.0,-803.0,-7.0,32.0,,-438.0,267.0,-395.0,116.0,976.0
197.0,-1175.0,-78.0,-283.0,,-307.0,670.0,-415.0,262.0,1023.0
172.0,-1360.0,-155.0,-516.0,,-302.0,1017.0,-596.0,538.0,1021.0
113.0,-1117.0,-134.0,-507.0,,-429.0,1089.0,-582.0,567.0,808.0
93.0,-882.0,-170.0,-425.0,,-445.0,1003.0,-545.0,178.0,690.0
49.0,-363.0,-173.0,-384.0,,-384.0,948.0,-467.0,-147.0,741.0
35.0,31.0,-169.0,-343.0,,-360.0,848.0,-299.0,-135.0,714.0
-31.0,184.0,-168.0,-365.0,,-434.0,542.0,-194.0,-23.0,700.0
-96.0,281.0,-196.0,-458.0,,-261.0,183.0,68.0,220.0,747.0
-174.0,386.0,-207.0,-543.0,,-82.0,65.0,162.0,215.0,693.0
-198.0,376.0,-176.0,-451.0,,-177.0,157.0,256.0,-67.0,613.0
-241.0,107.0,-102.0,-74.0,,-336.0,277.0,218.0,191.0,672.0
-326.0,-39.0,-45.0,444.0,,-306.0,318.0,136.0,558.0,742.0
-334.0,-176.0,29.0,445.0,,17.0,266.0,64.0,715.0,637.0
-342.0,-368.0,32.0,214.0,,16.0,199.0,-221.0,316.0,555.0
-293.0,-631.0,28.0,106.0,,-223.0,109.0,-303.0,-166.0,568.0
-245.0,-720.0,42.0,166.0,,-292.0,173.0,-434.0,20.0,541.0
-145.0,-675.0,-12.0,238.0,,-226.0,360.0,-345.0,187.0,441.0
-44.0,-708.0,28.0,106.0,,-367.0,419.0,-116.0,-79.0,318.0
55.0,-424.0,40.0,17.0,,-692.0,401.0,-38.0,-545.0,243.0
161.0,-344.0,46.0,-145.0,,-669.0,401.0,55.0,-695.0,96.0
182.0,-471.0,120.0,-256.0,,-526.0,515.0,-16.0,-423.0,-59.0
204.0,-366.0,132.0,-110.0,,-596.0,627.0,73.0,-25.0,-132.0
231.0,-505.0,135.0,214.0,,-821.0,640.0,105.0,236.0,-163.0
298.0,-626.0,161.0,211.0,,-797.0,565.0,245.0,131.0,-161.0
309.0,-153.0,91.0,-2.0,,-496.0,393.0,450.0,-254.0,-131.0
318.0,413.0,41.0,-105.0,,-430.0,221.0,448.0,2.0,-16.0
322.0,732.0,-27.0,-304.0,,-598.0,276.0,565.0,551.0,81.0
325.0,877.0,-117.0,-298.0,,-555.0,534.0,430.0,673.0,145.0
369.0,792.0,-142.0,-226.0,,-331.0,564.0,378.0,719.0,294.0
338.0,622.0,-166.0,-217.0,,-346.0,386.0,299.0,587.0,421.0
328.0,406.0,-227.0,-278.0,,-478.0,240.0,90.0,664.0,408.0
365.0,433.0,-232.0,-509.0,,-466.0,235.0,-31.0,977.0,302.0
433.0,444.0,-169.0,-419.0,,-429.0,298.0,-262.0,995.0,231.0
444.0,151.0,-120.0,-200.0,,-458.0,236.0,-271.0,491.0,116.0
379.0,-4.0,4.0,-152.0,,-524.0,218.0,-266.0,133.0,-203.0
416.0,-46.0,107.0,22.0,,-442.0,225.0,1.0,156.0,-398.0
534.0,-50.0,204.0,133.0,,-245.0,176.0,323.0,290.0,-380.0
583.0,122.0,243.0,153.0,,-351.0,109.0,545.0,490.0,-440.0
579.0,249.0,211.0,227.0,,-363.0,95.0,894.0,104.0,-425.0
638.0,312.0,192.0,250.0,,-56.0,229.0,885.0,-173.0,-271.0
763.0,233.0,176.0,169.0,,206.0,425.0,873.0,-64.0,-145.0
839.0,-157.0,127.0,27.0,,251.0,590.0,665.0,-63.0,-49.0
874.0,-457.0,124.0,-63.0,,-44.0,544.0,371.0,-126.0,127.0
889.0,-801.0,91.0,-84.0,,-206.0,350.0,218.0,-473.0,289.0
883.0,-990.0,71.0,-256.0,,-299.0,141.0,121.0,-519.0,344.0
917.0,-1060.0,121.0,-543.0,,-505.0,84.0,299.0,-75.0,393.0
932.0,-915.0,111.0,-380.0,,-458.0,327.0,345.0,182.0,415.0
921.0,-397.0,135.0,-199.0,,-319.0,417.0,511.0,183.0,418.0
880.0,-415.0,72.0,-286.0,,-290.0,300.0,546.0,149.0,347.0
857.0,-271.0,73.0,-295.0,,-315.0,344.0,537.0,94.0,232.0
826.0,255.0,2.0,-205.0,,-319.0,472.0,655.0,186.0,123.0
767.0,576.0,13.0,197.0,,-298.0,513.0,541.0,385.0,80.0
688.0,880.0,53.0,480.0,,-364.0,570.0,576.0,251.0,106.0
585.0,1203.0,21.0,467.0,,-637.0,725.0,412.0,-161.0,-17.0
558.0,1440.0,103.0,375.0,,-782.0,782.0,400.0,-298.0,-20.0
535.0,1506.0,63.0,463.0,,-722.0,668.0,517.0,-68.0,170.0
487.0,1474.0,118.0,620.0,,-738.0,530.0,498.0,398.0,235.0
382.0,1114.0,115.0,321.0,,-656.0,409.0,672.0,615.0,298.0
335.0,492.0,154.0,86.0,,-569.0,243.0,644.0,205.0,453.0
287.0,-12.0,206.0,334.0,,-465.0,85.0,792.0,-174.0,562.0
170.0,-201.0,224.0,441.0,,-482.0,119.0,764.0,-261.0,691.0
118.0,-514.0,270.0,-78.0,,-610.0,320.0,543.0,-34.0,903.0
68.0,-807.0,241.0,-511.0,,-342.0,403.0,445.0,-106.0,968.0
82.0,-905.0,245.0,-505.0,,-66.0,283.0,212.0,-546.0,863.0
82.0,-1216.0,214.0,-354.0,,-18.0,236.0,286.0,-693.0,827.0
64.0,-1117.0,204.0,-382.0,,-79.0,339.0,301.0,-553.0,847.0
40.0,-461.0,197.0,-591.0,,-82.0,503.0,410.0,-279.0,664.0
80.0,8.0,237.0,-228.0,,33.0,654.0,596.0,-375.0,345.0
118.0,91.0,273.0,288.0,,-89.0,581.0,665.0,-403.0,185.0
80.0,558.0,346.0,195.0,,-169.0,353.0,753.0,-365.0,52.0
126.0,1008.0,377.0,-143.0,,162.0,122.0,522.0,-51.0,-143.0
197.0,974.0,406.0,-133.0,,408.0,-21.0,389.0,287.0,-182.0
279.0,990.0,412.0,235.0,,262.0,-35.0,223.0,54.0,-210.0
253.0,1106.0,308.0,234.0,,173.0,-58.0,155.0,21.0,-373.0
224.0,1151.0,351.0,-381.0,,224.0,-104.0,182.0,-142.0,-308.0
222.0,764.0,328.0,-667.0,,151.0,-190.0,194.0,20.0,-96.0
194.0,420.0,315.0,-608.0,,-85.0,-149.0,546.0,154.0,-64.0
225.0,54.0,406.0,-508.0,,-143.0,64.0,722.0,-160.0,-14.0
215.0,-246.0,409.0,-432.0,,116.0,101.0,916.0,-134.0,130.0
212.0,-152.0,458.0,-700.0,,256.0,143.0,994.0,-27.0,119.0
216.0,-199.0,471.0,-567.0,,54.0,373.0,947.0,293.0,77.0
219.0,-346.0,457.0,-276.0,,-164.0,421.0,958.0,694.0,279.0
199.0,-322.0,498.0,-313.0,,-120.0,339.0,678.0,661.0,266.0
218.0,75.0,494.0,-311.0,,-95.0,372.0,593.0,9.0,123.0
272.0,188.0,530.0,-89.0,,-262.0,420.0,515.0,-229.0,249.0
251.0,179.0,553.0,56.0,,-431.0,398.0,567.0,-10.0,235.0
217.0,370.0,515.0,-193.0,,-239.0,349.0,742.0,57.0,118.0
221.0,-137.0,443.0,-418.0,,54.0,350.0,752.0,80.0,109.0
240.0,-439.0,356.0,-151.0,,-7.0,436.0,901.0,-340.0,108.0
216.0,-232.0,267.0,283.0,,-15.0,393.0,890.0,-313.0,-39.0
200.0,-456.0,205.0,89.0,,172.0,241.0,938.0,35.0,-164.0
188.0,-489.0,245.0,-178.0,,299.0,222.0,953.0,76.0,-199.0
149.0,-131.0,226.0,-184.0,,287.0,160.0,982.0,116.0,-362.0
103.0,83.0,270.0,49.0,,249.0,186.0,1151.0,16.0,-458.0
57.0,142.0,323.0,303.0,,317.0,397.0,1149.0,-104.0,-539.0
47.0,310.0,296.0,71.0,,283.0,397.0,1213.0,-100.0,-605.0
56.0,327.0,274.0,-59.0,,87.0,249.0,1025.0,238.0,-669.0
28.0,415.0,203.0,-77.0,,169.0,194.0,838.0,302.0,-784.0
3.0,597.0,149.0,-267.0,,418.0,163.0,596.0,-128.0,-792.0
34.0,60.0,88.0,-508.0,,523.0,109.0,299.0,-266.0,-783.0
58.0,-336.0,56.0,-624.0,,453.0,130.0,293.0,-17.0,-757.0
28.0,-401.0,58.0,-487.0,,522.0,259.0,177.0,446.0,-714.0
1.0,-503.0,40.0,-245.0,,887.0,346.0,269.0,571.0,-594.0
44.0,-326.0,7.0,-239.0,,855.0,281.0,266.0,27.0,-425.0
93.0,-232.0,34.0,-174.0,,630.0,137.0,262.0,-393.0,-320.0
82.0,-261.0,53.0,10.0,,602.0,70.0,419.0,-342.0,-223.0
89.0,18.0,86.0,-20.0,,689.0,146.0,415.0,-97.0,-86.0
137.0,209.0,106.0,-8.0,,551.0,152.0,493.0,87.0,54.0
198.0,104.0,119.0,93.0,,239.0,91.0,400.0,-33.0,126.0
218.0,-2.0,119.0,183.0,,354.0,148.0,474.0,-154.0,205.0
205.0,-535.0,37.0,221.0,,555.0,236.0,480.0,111.0,284.0
205.0,-1057.0,34.0,293.0,,536.0,305.0,386.0,593.0,245.0
234.0,-1414.0,-23.0,158.0,,288.0,338.0,448.0,607.0,175.0
284.0,-1580.0,-70.0,44.0,,248.0,203.0,345.0,141.0,238.0
245.0,-1287.0,-89.0,241.0,,470.0,-5.0,395.0,-242.0,124.0
200.0,-523.0,-83.0,357.0,,484.0,-106.0,284.0,-289.0,-106.0
176.0,-57.0,-58.0,429.0,,291.0,-266.0,256.0,-2.0,-112.0
157.0,-418.0,-39.0,252.0,,276.0,-269.0,260.0,-68.0,-149.0
124.0,-268.0,26.0,-193.0,,495.0,-28.0,155.0,-505.0,-302.0
42.0,-147.0,39.0,-434.0,,323.0,5.0,284.0,-640.0,-435.0
11.0,-257.0,51.0,-497.0,,110.0,23.0,275.0,-386.0,-409.0
28.0,25.0,32.0,-418.0,,100.0,49.0,436.0,-25.0,-400.0
120.0,431.0,58.0,-254.0,,226.0,-3.0,495.0,-74.0,-468.0
145.0,984.0,-3.0,-279.0,,327.0,121.0,473.0,-364.0,-422.0
166.0,1043.0,-69.0,-397.0,,185.0,96.0,506.0,-628.0,-409.0
219.0,848.0,18.0,-470.0,,281.0,-115.0,363.0,-702.0,-497.0
247.0,1051.0,-37.0,-386.0,,339.0,-100.0,450.0,-350.0,-436.0
241.0,1477.0,-76.0,-359.0,,199.0,17.0,371.0,-201.0,-235.0
145.0,1419.0,-83.0,-538.0,,106.0,17.0,389.0,-118.0,-358.0
126.0,972.0,-164.0,-633.0,,241.0,-85.0,402.0,-25.0,-531.0
85.0,951.0,-191.0,-702.0,,505.0,-261.0,264.0,136.0,-472.0
46.0,654.0,-221.0,-732.0,,427.0,-332.0,314.0,783.0,-474.0
-2.0,328.0,-202.0,-657.0,,384.0,-319.0,168.0,934.0,-549.0
-81.0,345.0,-221.0,-324.0,,555.0,-200.0,140.0,740.0,-612.0
-116.0,-51.0,-175.0,-28.0,,545.0,-15.0,-7.0,500.0,-643.0
-140.0,-348.0,-113.0,-143.0,,384.0,-23.0,-66.0,332.0,-643.0
-138.0,-762.0,-150.0,-159.0,,385.0,-23.0,5.0,628.0,-565.0
-212.0,-1027.0,-170.0,-207.0,,573.0,-10.0,-31.0,638.0,-486.0
-216.0,-649.0,-199.0,-359.0,,611.0,-49.0,225.0,531.0,-432.0
-156.0,-115.0,-198.0,-379.0,,450.0,-144.0,317.0,458.0,-367.0
-164.0,118.0,-244.0,-104.0,,419.0,-354.0,554.0,619.0,-288.0
-179.0,173.0,-163.0,181.0,,732.0,-487.0,713.0,1023.0,-175.0
-164.0,160.0,-95.0,173.0,,827.0,-556.0,702.0,1088.0,-232.0
-142.0,-314.0,-115.0,348.0,,421.0,-518.0,759.0,812.0,-336.0
-159.0,-272.0,-50.0,432.0,,225.0,-390.0,550.0,566.0,-238.0
-172.0,-252.0,-62.0,408.0,,423.0,-396.0,478.0,668.0,-202.0
-157.0,-597.0,-125.0,310.0,,628.0,-347.0,171.0,571.0,-288.0
-151.0,-695.0,-143.0,223.0,,490.0,-164.0,-59.0,375.0,-319.0
-128.0,-529.0,-148.0,266.0,,246.0,-115.0,-133.0,178.0,-286.0
-115.0,-384.0,-190.0,228.0,,376.0,-65.0,-179.0,10.0,-263.0
-136.0,-681.0,-174.0,134.0,,517.0,-24.0,123.0,263.0,-289.0
-99.0,-747.0,-150.0,-89.0,,338.0,-79.0,271.0,651.0,-346.0
-87.0,-844.0,-126.0,-176.0,,117.0,-91.0,613.0,592.0,-458.0
-113.0,-582.0,-165.0,-108.0,,79.0,-149.0,766.0,299.0,-485.0
-160.0,-595.0,-164.0,-83.0,,-27.0,-227.0,700.0,282.0,-483.0
-149.0,-645.0,-111.0,-59.0,,-237.0,-306.0,655.0,491.0,-526.0
-118.0,128.0,-119.0,-62.0,,-152.0,-437.0,317.0,746.0,-546.0
-138.0,488.0,-64.0,46.0,,16.0,-540.0,169.0,437.0,-611.0
-105.0,719.0,-30.0,490.0,,23.0,-585.0,-55.0,121.0,-615.0
-106.0,568.0,34.0,602.0,,73.0,-567.0,-138.0,-155.0,-580.0
-75.0,499.0,81.0,349.0,,282.0,-462.0,-197.0,-260.0,-621.0
-55.0,668.0,121.0,191.0,,509.0,-389.0,-303.0,106.0,-663.0
-32.0,622.0,149.0,-6.0,,370.0,-410.0,-181.0,182.0,-598.0
2.0,600.0,156.0,-207.0,,-50.0,-504.0,-290.0,70.0,-589.0
11.0,427.0,234.0,-494.0,,-186.0,-536.0,-205.0,-453.0,-714.0
100.0,213.0,187.0,-731.0,,-53.0,-396.0,-254.0,-481.0,-811.0
139.0,-235.0,229.0,-912.0,,-127.0,-365.0,-249.0,42.0,-932.0
179.0,-265.0,269.0,-871.0,,-363.0,-525.0,31.0,212.0,-1058.0
207.0,-245.0,162.0,-721.0,,-341.0,-598.0,140.0,121.0,-1130.0
209.0,-330.0,85.0,-608.0,,11.0,-495.0,378.0,23.0,-1140.0
233.0,-352.0,-7.0,-401.0,,154.0,-409.0,308.0,267.0,-1144.0
244.0,-636.0,-42.0,14.0,,39.0,-482.0,125.0,611.0,-1129.0
249.0,-619.0,-100.0,449.0,,231.0,-472.0,-116.0,906.0,-987.0
174.0,-672.0,-130.0,428.0,,396.0,-256.0,-352.0,484.0,-879.0
152.0,-535.0,-137.0,499.0,,126.0,-227.0,-358.0,167.0,-811.0
154.0,-26.0,-167.0,439.0,,-246.0,-313.0,-485.0,552.0,-677.0
131.0,242.0,-173.0,393.0,,-325.0,-163.0,-371.0,685.0,-575.0
111.0,202.0,-186.0,458.0,,-113.0,-17.0,-310.0,431.0,-525.0
92.0,203.0,-232.0,134.0,,-151.0,-88.0,-223.0,-165.0,-471.0
113.0,394.0,-262.0,161.0,,-336.0,-235.0,-60.0,-534.0,-507.0
81.0,481.0,-244.0,141.0,,-227.0,-175.0,-7.0,-471.0,-672.0
108.0,589.0,-291.0,-9.0,,-175.0,-62.0,190.0,-368.0,-694.0
133.0,597.0,-268.0,266.0,,-375.0,-121.0,223.0,-452.0,-591.0
117.0,87.0,-205.0,460.0,,-448.0,-248.0,352.0,-409.0,-630.0
108.0,-548.0,-167.0,529.0,,-84.0,-424.0,369.0,-283.0,-677.0
51.0,-911.0,-147.0,428.0,,155.0,-493.0,317.0,27.0,-544.0
33.0,-1072.0,-116.0,297.0,,-104.0,-518.0,317.0,593.0,-423.0
-13.0,-967.0,-89.0,291.0,,-218.0,-544.0,153.0,830.0,-422.0
-76.0,-1160.0,-80.0,-43.0,,-66.0,-478.0,236.0,802.0,-367.0
-135.0,-1422.0,4.0,-72.0,,129.0,-492.0,264.0,587.0,-381.0
-134.0,-1333.0,64.0,204.0,,39.0,-439.0,404.0,646.0,-487.0
-137.0,-1259.0,108.0,289.0,,-143.0,-330.0,541.0,680.0,-474.0
-196.0,-788.0,138.0,344.0,,87.0,-308.0,428.0,367.0,-446.0
-199.0,-133.0,152.0,221.0,,91.0,-209.0,365.0,207.0,-492.0
-206.0,318.0,76.0,238.0,,-228.0,-232.0,123.0,270.0,-553.0
-217.0,512.0,1.0,318.0,,-344.0,-408.0,9.0,298.0,-561.0
-268.0,567.0,-65.0,265.0,,-168.0,-506.0,-46.0,198.0,-532.0
-286.0,642.0,-146.0,169.0,,31.0,-523.0,1.0,310.0,-516.0
-284.0,434.0,-124.0,-64.0,,-145.0,-495.0,66.0,-106.0,-486.0
-268.0,243.0,-175.0,-12.0,,-250.0,-438.0,-18.0,-629.0,-449.0
-251.0,305.0,-221.0,140.0,,-7.0,-357.0,33.0,-493.0,-423.0
-259.0,498.0,-241.0,-132.0,,44.0,-436.0,-53.0,-368.0,-360.0
-233.0,608.0,-277.0,-377.0,,-189.0,-573.0,68.0,-436.0,-277.0
-187.0,552.0,-295.0,-240.0,,-331.0,-482.0,197.0,-754.0,-258.0
-132.0,453.0,-314.0,15.0,,-185.0,-303.0,230.0,-858.0,-234.0
-132.0,390.0,-316.0,262.0,,-51.0,-294.0,290.0,-584.0,-213.0
-91.0,524.0,-273.0,473.0,,-230.0,-492.0,66.0,-64.0,-221.0
-68.0,764.0,-198.0,384.0,,-481.0,-630.0,-55.0,161.0,-265.0
-60.0,977.0,-137.0,384.0,,-442.0,-569.0,-240.0,-87.0,-302.0
-55.0,893.0,-93.0,543.0,,-269.0,-642.0,-282.0,145.0,-291.0
-67.0,815.0,-80.0,410.0,,-243.0,-772.0,-253.0,551.0,-307.0
-84.0,660.0,-46.0,350.0,,-218.0,-670.0,-343.0,605.0,-260.0
-122.0,139.0,-67.0,430.0,,-127.0,-585.0,-253.0,672.0,-204.0
-116.0,-152.0,-47.0,447.0,,-87.0,-640.0,-330.0,558.0,-177.0
-144.0,-193.0,-12.0,346.0,,-189.0,-639.0,-404.0,212.0,-52.0
-90.0,-43.0,-35.0,422.0,,-227.0,-448.0,-587.0,193.0,110.0
-68.0,97.0,-22.0,860.0,,-42.0,-243.0,-752.0,233.0,149.0
-84.0,71.0,-65.0,649.0,,60.0,-185.0,-694.0,131.0,129.0
-51.0,-373.0,-88.0,27.0,,126.0,-133.0,-613.0,-241.0,179.0
-6.0,-690.0,-98.0,-78.0,,272.0,-198.0,-393.0,-593.0,173.0
43.0,-359.0,-120.0,27.0,,415.0,-416.0,-277.0,-546.0,171.0
12.0,-212.0,-85.0,155.0,,339.0,-454.0,-92.0,-509.0,191.0
20.0,-150.0,-48.0,-6.0,,14.0,-461.0,-27.0,-389.0,156.0
55.0,-250.0,11.0,-106.0,,28.0,-687.0,-27.0,-494.0,122.0
71.0,-326.0,78.0,-304.0,,319.0,-901.0,90.0,-526.0,176.0
-6.0,-273.0,96.0,-602.0,,488.0,-953.0,64.0,-238.0,225.0
-109.0,-366.0,132.0,-407.0,,427.0,-791.0,223.0,112.0,120.0
-157.0,-605.0,141.0,-169.0,,369.0,-472.0,229.0,408.0,142.0
-239.0,-927.0,124.0,129.0,,555.0,-285.0,218.0,210.0,197.0
-280.0,-570.0,95.0,199.0,,484.0,-377.0,208.0,-77.0,115.0
-279.0,-300.0,85.0,321.0,,245.0,-415.0,40.0,-310.0,107.0
-262.0,-212.0,130.0,716.0,,254.0,-116.0,42.0,-374.0,123.0
-259.0,4.0,158.0,757.0,,454.0,196.0,-57.0,-200.0,132.0
-275.0,-119.0,199.0,471.0,,406.0,274.0,29.0,-298.0,137.0
-316.0,-42.0,160.0,117.0,,77.0,202.0,44.0,-513.0,235.0
-376.0,144.0,142.0,-65.0,,185.0,33.0,0.0,-476.0,323.0
-385.0,557.0,126.0,-183.0,,436.0,-220.0,44.0,-88.0,248.0
-411.0,787.0,54.0,-242.0,,342.0,-417.0,-44.0,163.0,271.0
-433.0,874.0,65.0,-175.0,,42.0,-435.0,68.0,-19.0,392.0
-425.0,1156.0,79.0,-166.0,,-154.0,-440.0,27.0,-302.0,394.0
-420.0,876.0,83.0,-159.0,,-78.0,-589.0,81.0,-423.0,277.0
-433.0,769.0,101.0,164.0,,-10.0,-775.0,94.0,-95.0,194.0
-458.0,746.0,56.0,479.0,,81.0,-734.0,-44.0,157.0,163.0
-414.0,285.0,-2.0,423.0,,425.0,-398.0,-5.0,-1.0,38.0
-377.0,-100.0,-51.0,228.0,,571.0,-55.0,-182.0,-314.0,-117.0
-320.0,-509.0,-137.0,88.0,,283.0,107.0,-341.0,-392.0,-220.0
-262.0,-818.0,-201.0,60.0,,200.0,260.0,-613.0,-84.0,-292.0
-218.0,-737.0,-247.0,92.0,,379.0,341.0,-768.0,-26.0,-269.0
-156.0,-614.0,-222.0,147.0,,390.0,263.0,-770.0,-252.0,-283.0
-122.0,-484.0,-226.0,87.0,,91.0,306.0,-790.0,-703.0,-255.0
-82.0,-44.0,-270.0,63.0,,-5.0,397.0,-598.0,-842.0,-138.0
-53.0,34.0,-284.0,198.0,,310.0,422.0,-583.0,-493.0,-52.0
-50.0,159.0,-365.0,313.0,,404.0,352.0,-443.0,-297.0,112.0
-94.0,434.0,-400.0,218.0,,245.0,274.0,-443.0,-422.0,270.0
-134.0,144.0,-399.0,38.0,,160.0,370.0,-506.0,-742.0,402.0
-160.0,124.0,-388.0,419.0,,254.0,392.0,-293.0,-631.0,414.0
-162.0,237.0,-333.0,643.0,,225.0,311.0,-186.0,-275.0,458.0
-203.0,268.0,-263.0,495.0,,20.0,163.0,57.0,86.0,505.0
-260.0,93.0,-205.0,549.0,,78.0,9.0,86.0,-61.0,318.0
-246.0,-138.0,-198.0,340.0,,309.0,-121.0,22.0,-666.0,195.0
-260.0,-10.0,-214.0,403.0,,234.0,-434.0,-105.0,-395.0,70.0
-289.0,39.0,-221.0,648.0,,-53.0,-586.0,-291.0,291.0,-45.0
-325.0,147.0,-231.0,402.0,,-77.0,-562.0,-245.0,759.0,-193.0
-336.0,15.0,-210.0,-193.0,,158.0,-755.0,-323.0,545.0,-253.0
-375.0,16.0,-196.0,-702.0,,297.0,-839.0,-212.0,12.0,-189.0
-419.0,409.0,-217.0,-551.0,,131.0,-668.0,-158.0,188.0,-205.0
-408.0,666.0,-250.0,-370.0,,127.0,-319.0,-145.0,627.0,-58.0
-426.0,446.0,-250.0,-384.0,,365.0,146.0,-16.0,839.0,85.0
-425.0,141.0,-313.0,-285.0,,368.0,412.0,-62.0,448.0,167.0
-409.0,146.0,-343.0,-425.0,,211.0,557.0,22.0,147.0,168.0
-370.0,126.0,-309.0,-79.0,,232.0,651.0,27.0,508.0,231.0
-321.0,306.0,-367.0,71.0,,385.0,669.0,123.0,1101.0,329.0
-264.0,276.0,-306.0,-474.0,,275.0,560.0,134.0,996.0,175.0
-197.0,69.0,-284.0,-498.0,,39.0,296.0,66.0,158.0,157.0
-195.0,-186.0,-292.0,-566.0,,173.0,144.0,114.0,-157.0,307.0
-226.0,-358.0,-264.0,-411.0,,477.0,79.0,-57.0,-101.0,336.0
-299.0,-738.0,-247.0,-310.0,,354.0,-60.0,-22.0,116.0,251.0
-359.0,-994.0,-247.0,-469.0,,-25.0,-116.0,-147.0,183.0,239.0
-428.0,-719.0,-205.0,-292.0,,-86.0,-4.0,-229.0,-253.0,212.0
-505.0,-620.0,-137.0,-256.0,,123.0,35.0,-116.0,-554.0,170.0
-521.0,-16.0,-149.0,90.0,,130.0,0.0,-123.0,-287.0,227.0
-518.0,18.0,-85.0,183.0,,34.0,42.0,38.0,153.0,190.0
-456.0,-249.0,-66.0,-204.0,,133.0,66.0,-24.0,-108.0,91.0
-424.0,-220.0,-85.0,-170.0,,230.0,-32.0,-51.0,-772.0,166.0
-407.0,-6.0,-149.0,131.0,,171.0,-35.0,-238.0,-817.0,343.0
-401.0,813.0,-185.0,366.0,,101.0,139.0,-474.0,-566.0,430.0
-390.0,891.0,-250.0,519.0,,290.0,197.0,-467.0,-303.0,561.0
-404.0,540.0,-283.0,512.0,,542.0,3.0,-515.0,-68.0,715.0
-441.0,194.0,-265.0,557.0,,460.0,-197.0,-206.0,-323.0,864.0
-417.0,185.0,-325.0,591.0,,230.0,-154.0,-27.0,-363.0,1027.0
-434.0,-174.0,-303.0,513.0,,282.0,-192.0,49.0,-62.0,1109.0
-412.0,-716.0,-282.0,344.0,,588.0,-373.0,-9.0,242.0,1107.0
-438.0,-674.0,-256.0,131.0,,720.0,-458.0,-262.0,338.0,1086.0
-438.0,-581.0,-272.0,374.0,,643.0,-542.0,-240.0,-106.0,1038.0
-394.0,-75.0,-201.0,454.0,,640.0,-591.0,-293.0,-247.0,901.0
-351.0,111.0,-190.0,485.0,,625.0,-608.0,-182.0,170.0,886.0
-290.0,126.0,-165.0,302.0,,448.0,-669.0,-149.0,515.0,780.0
-248.0,380.0,-80.0,-159.0,,256.0,-627.0,-86.0,301.0,538.0
-162.0,915.0,-149.0,-82.0,,279.0,-342.0,20.0,-68.0,540.0
-146.0,1103.0,-117.0,129.0,,383.0,-13.0,-81.0,50.0,616.0
-114.0,903.0,-149.0,219.0,,146.0,146.0,94.0,281.0,501.0
-128.0,913.0,-187.0,-8.0,,-134.0,342.0,14.0,416.0,333.0
-126.0,841.0,-232.0,-126.0,,-68.0,630.0,-60.0,223.0,358.0
-128.0,613.0,-255.0,-80.0,,-62.0,809.0,-140.0,-18.0,333.0
-170.0,-132.0,-219.0,100.0,,-316.0,802.0,-402.0,192.0,134.0
-185.0,-689.0,-237.0,188.0,,-433.0,615.0,-441.0,210.0,-6.0
-188.0,-627.0,-228.0,181.0,,-209.0,389.0,-565.0,9.0,-26.0
-115.0,-71.0,-233.0,190.0,,-18.0,210.0,-439.0,-72.0,-102.0
-105.0,206.0,-249.0,-31.0,,-187.0,174.0,-343.0,-301.0,-153.0
-68.0,83.0,-272.0,-17.0,,-421.0,166.0,-266.0,-358.0,-25.0
-23.0,-165.0,-213.0,-145.0,,-270.0,31.0,-64.0,80.0,-99.0
27.0,-451.0,-234.0,-218.0,,5.0,-87.0,3.0,166.0,-248.0
97.0,-259.0,-170.0,-97.0,,-4.0,-197.0,158.0,-128.0,-97.0
162.0,-104.0,-72.0,-17.0,,-16.0,-276.0,-7.0,-87.0,52.0
195.0,-15.0,-93.0,21.0,,152.0,-316.0,-190.0,-81.0,-76.0
228.0,-90.0,-19.0,-20.0,,217.0,-492.0,-408.0,89.0,-109.0
300.0,-250.0,-58.0,-50.0,,81.0,-712.0,-598.0,254.0,105.0
300.0,-614.0,-84.0,-17.0,,-35.0,-721.0,-484.0,306.0,190.0
284.0,-910.0,-136.0,47.0,,61.0,-634.0,-421.0,383.0,165.0
242.0,-713.0,-185.0,-68.0,,249.0,-596.0,-184.0,-66.0,253.0
219.0,-648.0,-179.0,-125.0,,221.0,-618.0,-90.0,47.0,385.0
140.0,-515.0,-195.0,-27.0,,205.0,-616.0,-99.0,229.0,400.0
95.0,-139.0,-174.0,172.0,,370.0,-414.0,-218.0,-2.0,454.0
94.0,-173.0,-192.0,358.0,,473.0,-245.0,-354.0,-106.0,565.0
57.0,-707.0,-199.0,349.0,,494.0,-186.0,-245.0,-419.0,521.0
47.0,-992.0,-228.0,86.0,,540.0,-128.0,-173.0,-292.0,518.0
17.0,-998.0,-257.0,-127.0,,689.0,-133.0,114.0,-191.0,654.0
-18.0,-900.0,-262.0,-51.0,,556.0,-127.0,205.0,-70.0,665.0
-99.0,-612.0,-233.0,-5.0,,131.0,-60.0,129.0,-222.0,568.0
-202.0,-389.0,-190.0,-58.0,,-32.0,-35.0,44.0,-422.0,593.0
-320.0,-289.0,-176.0,9.0,,-5.0,-128.0,-169.0,-40.0,608.0
-366.0,7.0,-224.0,94.0,,-121.0,-195.0,-195.0,145.0,499.0
-387.0,278.0,-219.0,299.0,,-265.0,-306.0,-306.0,306.0,370.0
-439.0,441.0,-256.0,435.0,,-162.0,-579.0,-362.0,-37.0,213.0
-461.0,726.0,-328.0,342.0,,-9.0,-642.0,-436.0,-308.0,66.0
-440.0,996.0,-318.0,317.0,,-183.0,-462.0,-428.0,-379.0,44.0
-499.0,1144.0,-330.0,211.0,,-502.0,-398.0,-242.0,-387.0,33.0
-597.0,1106.0,-247.0,129.0,,-353.0,-389.0,-205.0,-84.0,-86.0
-552.0,791.0,-233.0,-31.0,,74.0,-312.0,-90.0,-499.0,-168.0
-517.0,168.0,-181.0,-386.0,,185.0,-366.0,-164.0,-919.0,-156.0
-532.0,17.0,-162.0,-598.0,,0.0,-523.0,-201.0,-793.0,-80.0
-570.0,-224.0,-260.0,-310.0,,-116.0,-565.0,-151.0,-532.0,-68.0
-550.0,-692.0,-264.0,-49.0,,79.0,-474.0,-153.0,-146.0,-70.0
-509.0,-334.0,-327.0,-146.0,,252.0,-420.0,-18.0,-226.0,-54.0
-485.0,-133.0,-342.0,-234.0,,248.0,-508.0,-29.0,-489.0,-144.0
-451.0,-478.0,-341.0,-83.0,,235.0,-478.0,70.0,-80.0,-110.0
-440.0,-742.0,-312.0,278.0,,289.0,-396.0,96.0,165.0,-77.0
-400.0,-943.0,-255.0,409.0,,254.0,-521.0,109.0,63.0,-233.0
-329.0,-1018.0,-254.0,627.0,,158.0,-631.0,116.0,-268.0,-406.0
-308.0,-769.0,-264.0,636.0,,417.0,-564.0,-97.0,-781.0,-389.0
-312.0,-752.0,-294.0,446.0,,686.0,-527.0,-140.0,-303.0,-210.0
-246.0,-834.0,-287.0,437.0,,568.0,-604.0,-288.0,309.0,-181.0
-216.0,-627.0,-282.0,217.0,,385.0,-442.0,-242.0,292.0,-175.0
-221.0,-406.0,-270.0,-83.0,,461.0,-112.0,-208.0,100.0,-52.0
-216.0,-56.0,-174.0,-314.0,,564.0,59.0,-334.0,-79.0,77.0
-153.0,419.0,-120.0,-380.0,,390.0,66.0,-227.0,122.0,236.0
-160.0,891.0,-124.0,-461.0,,219.0,-35.0,-304.0,272.0,341.0
-202.0,1161.0,-41.0,-590.0,,292.0,14.0,-275.0,109.0,276.0
-167.0,1103.0,-26.0,-657.0,,473.0,87.0,-301.0,-245.0,187.0
-195.0,376.0,-3.0,-397.0,,424.0,53.0,-306.0,-457.0,205.0
-165.0,-141.0,23.0,-14.0,,221.0,0.0,-177.0,-157.0,51.0
-100.0,-185.0,0.0,32.0,,137.0,-275.0,-86.0,77.0,-328.0
-35.0,-558.0,47.0,268.0,,81.0,-464.0,227.0,-195.0,-561.0
-3.0,-630.0,53.0,343.0,,-17.0,-473.0,243.0,-404.0,-706.0
56.0,-458.0,36.0,283.0,,-139.0,-531.0,155.0,-463.0,-896.0
110.0,-299.0,-5.0,532.0,,-202.0,-510.0,-64.0,-405.0,-957.0
93.0,-148.0,-67.0,551.0,,-230.0,-712.0,-334.0,-26.0,-943.0
134.0,-82.0,-88.0,564.0,,-311.0,-1043.0,-376.0,-19.0,-922.0
134.0,-195.0,-117.0,657.0,,-304.0,-1006.0,-450.0,-370.0,-831.0
109.0,-228.0,-125.0,749.0,,-191.0,-718.0,-221.0,-647.0,-666.0
99.0,-222.0,-79.0,848.0,,-133.0,-430.0,-72.0,-573.0,-520.0
108.0,-605.0,-84.0,571.0,,-163.0,-336.0,77.0,-123.0,-500.0
83.0,-832.0,-25.0,219.0,,-214.0,-174.0,197.0,-120.0,-407.0
77.0,-990.0,-29.0,91.0,,-100.0,162.0,114.0,-586.0,-210.0
119.0,-1139.0,-32.0,11.0,,-103.0,314.0,70.0,-604.0,-179.0
110.0,-1432.0,0.0,-29.0,,-341.0,284.0,-173.0,-316.0,-272.0
121.0,-1535.0,-79.0,-79.0,,-373.0,193.0,-35.0,-29.0,-319.0
136.0,-1130.0,9.0,-156.0,,-283.0,183.0,195.0,-151.0,-389.0
154.0,-753.0,28.0,-272.0,,-314.0,255.0,382.0,-484.0,-571.0
149.0,-411.0,46.0,-323.0,,-459.0,354.0,569.0,-199.0,-696.0
174.0,-233.0,100.0,-235.0,,-426.0,285.0,306.0,-141.0,-767.0
180.0,158.0,57.0,-289.0,,-212.0,99.0,42.0,260.0,-883.0
63.0,228.0,48.0,-397.0,,-118.0,113.0,-299.0,515.0,-880.0
3.0,254.0,19.0,-294.0,,-179.0,79.0,-413.0,-97.0,-774.0
-1.0,404.0,14.0,-65.0,,-234.0,-31.0,-393.0,-60.0,-629.0
-36.0,169.0,26.0,3.0,,-123.0,-112.0,-384.0,0.0,-590.0
-58.0,315.0,21.0,1.0,,-92.0,-107.0,-219.0,128.0,-531.0
-22.0,251.0,19.0,40.0,,-151.0,-26.0,-173.0,358.0,-313.0
-9.0,-188.0,47.0,76.0,,-179.0,-139.0,38.0,-136.0,-231.0
2.0,-488.0,-48.0,37.0,,-137.0,-237.0,7.0,-363.0,-263.0
84.0,-117.0,-41.0,-246.0,,-132.0,-71.0,-31.0,71.0,-319.0
122.0,306.0,-50.0,-287.0,,-210.0,96.0,1.0,298.0,-309.0
132.0,276.0,-100.0,-176.0,,-75.0,135.0,-53.0,161.0,-374.0
159.0,205.0,-25.0,-294.0,,94.0,356.0,157.0,-173.0,-550.0
163.0,-5.0,-77.0,-438.0,,40.0,698.0,153.0,-656.0,-539.0
131.0,241.0,-20.0,-685.0,,-139.0,617.0,158.0,-411.0,-468.0
135.0,530.0,-23.0,-698.0,,-64.0,325.0,-3.0,10.0,-370.0
150.0,560.0,-6.0,-328.0,,96.0,339.0,-258.0,-128.0,-232.0
103.0,565.0,31.0,-16.0,,-157.0,369.0,-351.0,-71.0,-138.0
89.0,570.0,20.0,124.0,,-431.0,227.0,-476.0,141.0,-110.0
89.0,449.0,106.0,74.0,,-352.0,29.0,-304.0,589.0,-60.0
33.0,232.0,91.0,-92.0,,-194.0,-86.0,-251.0,835.0,37.0
-41.0,481.0,181.0,-147.0,,-259.0,-74.0,-77.0,605.0,-26.0
-86.0,512.0,202.0,-165.0,,-311.0,-108.0,72.0,249.0,-135.0
-166.0,272.0,178.0,-242.0,,-60.0,-14.0,-18.0,29.0,-222.0
-274.0,324.0,173.0,-201.0,,94.0,93.0,1.0,230.0,-284.0
-302.0,179.0,106.0,-2.0,,-52.0,96.0,-275.0,414.0,-328.0
-323.0,-321.0,103.0,159.0,,-156.0,317.0,-491.0,132.0,-437.0
-378.0,-786.0,82.0,171.0,,-77.0,444.0,-606.0,-397.0,-501.0
-430.0,-773.0,60.0,225.0,,16.0,254.0,-530.0,-515.0,-518.0
-456.0,-584.0,31.0,342.0,,-128.0,108.0,-290.0,-295.0,-483.0
-473.0,-210.0,28.0,507.0,,-287.0,101.0,-121.0,152.0,-410.0
-464.0,-86.0,-26.0,495.0,,-184.0,81.0,160.0,82.0,-307.0
-391.0,-336.0,-112.0,249.0,,-28.0,-59.0,114.0,-239.0,-302.0
-304.0,-185.0,-170.0,228.0,,-20.0,-120.0,57.0,-266.0,-320.0
-216.0,-339.0,-234.0,19.0,,-8.0,9.0,-83.0,-112.0,-251.0
-125.0,-224.0,-292.0,-183.0,,177.0,17.0,-245.0,453.0,-276.0
-90.0,244.0,-283.0,-38.0,,179.0,-35.0,-153.0,71.0,-392.0
-78.0,379.0,-252.0,-153.0,,-124.0,93.0,-136.0,-598.0,-499.0
-70.0,363.0,-225.0,-311.0,,-254.0,330.0,92.0,-559.0,-568.0
-65.0,61.0,-151.0,-211.0,,-137.0,613.0,147.0,-186.0,-622.0
-54.0,-272.0,-152.0,-2.0,,-147.0,819.0,160.0,-20.0,-628.0
-43.0,-443.0,-117.0,-43.0,,-372.0,860.0,83.0,-301.0,-715.0
-4.0,-347.0,-104.0,-289.0,,-535.0,768.0,-175.0,-437.0,-777.0
-22.0,-164.0,-138.0,-242.0,,-434.0,624.0,-232.0,-403.0,-790.0
17.0,50.0,-90.0,-152.0,,-396.0,481.0,-413.0,-61.0,-711.0
59.0,295.0,-99.0,-224.0,,-469.0,226.0,-336.0,-4.0,-538.0
20.0,587.0,-104.0,-226.0,,-486.0,81.0,-256.0,-139.0,-583.0
24.0,577.0,-127.0,-309.0,,-398.0,129.0,-195.0,-454.0,-596.0
55.0,537.0,-175.0,-499.0,,-421.0,224.0,-36.0,-548.0,-469.0
60.0,361.0,-187.0,-549.0,,-740.0,341.0,22.0,-98.0,-309.0
36.0,417.0,-227.0,-354.0,,-750.0,245.0,304.0,-62.0,-309.0
91.0,746.0,-270.0,-236.0,,-470.0,89.0,450.0,-206.0,-355.0
75.0,291.0,-290.0,-250.0,,-373.0,124.0,602.0,-313.0,-315.0
53.0,225.0,-265.0,-138.0,,-573.0,292.0,633.0,60.0,-316.0
98.0,340.0,-324.0,-213.0,,-638.0,366.0,558.0,168.0,-258.0
126.0,285.0,-291.0,-187.0,,-375.0,114.0,533.0,149.0,-318.0
107.0,-39.0,-251.0,37.0,,-292.0,-169.0,336.0,250.0,-477.0
108.0,-426.0,-309.0,72.0,,-404.0,-246.0,325.0,-93.0,-579.0
208.0,-298.0,-237.0,82.0,,-471.0,-204.0,219.0,-8.0,-515.0
202.0,-261.0,-228.0,102.0,,-194.0,-134.0,242.0,384.0,-497.0
175.0,-375.0,-192.0,-3.0,,46.0,-35.0,388.0,763.0,-557.0
198.0,-412.0,-153.0,-271.0,,-89.0,70.0,375.0,550.0,-546.0
225.0,-54.0,-118.0,-304.0,,-256.0,212.0,319.0,181.0,-583.0
210.0,186.0,-84.0,-261.0,,-243.0,475.0,-18.0,93.0,-489.0
199.0,477.0,-93.0,-339.0,,-129.0,585.0,-264.0,288.0,-440.0
202.0,556.0,-68.0,-319.0,,-219.0,437.0,-561.0,138.0,-434.0
179.0,421.0,-126.0,-353.0,,-163.0,316.0,-733.0,-249.0,-404.0
196.0,239.0,-141.0,-275.0,,-16.0,382.0,-663.0,-198.0,-342.0
204.0,-38.0,-165.0,-23.0,,-163.0,494.0,-667.0,-401.0,-220.0
178.0,-15.0,-197.0,233.0,,-363.0,493.0,-410.0,-90.0,-234.0
152.0,-447.0,-209.0,355.0,,-482.0,412.0,-266.0,285.0,-216.0
130.0,-618.0,-251.0,298.0,,-357.0,180.0,-84.0,310.0,-205.0
63.0,-547.0,-232.0,170.0,,-385.0,-23.0,9.0,-27.0,-192.0
43.0,-764.0,-271.0,38.0,,-644.0,119.0,-109.0,-150.0,-261.0
26.0,-1004.0,-257.0,-31.0,,-613.0,400.0,-62.0,96.0,-295.0
0.0,-1015.0,-213.0,-53.0,,-590.0,464.0,-140.0,-178.0,-155.0
-16.0,-328.0,-193.0,-27.0,,-687.0,309.0,-70.0,-353.0,-164.0
-34.0,300.0,-146.0,0.0,,-557.0,186.0,-36.0,-586.0,-103.0
-24.0,429.0,-87.0,-84.0,,-347.0,218.0,-1.0,-789.0,-35.0
-11.0,355.0,-21.0,-89.0,,-313.0,275.0,96.0,-740.0,1.0
53.0,194.0,-13.0,-42.0,,-474.0,317.0,77.0,-460.0,91.0
93.0,-146.0,47.0,44.0,,-625.0,328.0,227.0,-236.0,143.0
138.0,-158.0,2.0,149.0,,-575.0,190.0,182.0,-403.0,166.0
198.0,-86.0,-4.0,121.0,,-547.0,85.0,192.0,-300.0,36.0
269.0,-43.0,-13.0,139.0,,-653.0,294.0,125.0,-34.0,111.0
288.0,336.0,-61.0,62.0,,-742.0,540.0,-110.0,15.0,175.0
295.0,427.0,-30.0,132.0,,-551.0,495.0,-225.0,119.0,55.0
331.0,389.0,-123.0,259.0,,-319.0,332.0,-408.0,-165.0,33.0
286.0,224.0,-154.0,195.0,,-304.0,299.0,-360.0,76.0,-70.0
236.0,267.0,-255.0,130.0,,-141.0,349.0,-378.0,597.0,-161.0
192.0,722.0,-295.0,0.0,,126.0,282.0,-303.0,521.0,-130.0
168.0,1215.0,-342.0,-154.0,,319.0,182.0,-144.0,530.0,-76.0
108.0,1464.0,-441.0,-129.0,,155.0,96.0,-199.0,353.0,-142.0
58.0,1285.0,-393.0,-33.0,,-81.0,63.0,-206.0,321.0,-190.0
43.0,1169.0,-456.0,-114.0,,141.0,218.0,-430.0,259.0,-100.0
10.0,981.0,-417.0,-83.0,,402.0,194.0,-485.0,511.0,-21.0
-4.0,582.0,-372.0,-106.0,,302.0,-45.0,-458.0,918.0,91.0
12.0,624.0,-389.0,-140.0,,108.0,-195.0,-354.0,858.0,211.0
43.0,1063.0,-346.0,-194.0,,154.0,-242.0,-103.0,587.0,220.0
62.0,924.0,-310.0,-394.0,,145.0,-325.0,5.0,782.0,267.0
101.0,769.0,-271.0,-330.0,,-89.0,-449.0,297.0,827.0,360.0
119.0,738.0,-247.0,-102.0,,-367.0,-391.0,360.0,378.0,385.0
137.0,307.0,-167.0,-74.0,,-442.0,-193.0,356.0,368.0,318.0
157.0,29.0,-149.0,-162.0,,-485.0,-98.0,236.0,241.0,258.0
159.0,-143.0,-139.0,-162.0,,-669.0,-193.0,-97.0,611.0,311.0
195.0,-260.0,-118.0,-159.0,,-778.0,-151.0,-314.0,636.0,322.0
252.0,-531.0,-162.0,-59.0,,-866.0,105.0,-655.0,389.0,338.0
270.0,-647.0,-179.0,-23.0,,-840.0,283.0,-716.0,237.0,267.0
305.0,-653.0,-221.0,-21.0,,-784.0,425.0,-703.0,156.0,258.0
350.0,-918.0,-241.0,88.0,,-675.0,473.0,-502.0,446.0,370.0
386.0,-822.0,-279.0,128.0,,-538.0,377.0,-109.0,439.0,469.0
382.0,-455.0,-308.0,149.0,,-597.0,387.0,134.0,501.0,551.0
335.0,-320.0,-312.0,44.0,,-696.0,531.0,521.0,197.0,482.0
298.0,-420.0,-322.0,-162.0,,-583.0,589.0,609.0,419.0,591.0
235.0,-551.0,-317.0,-189.0,,-257.0,560.0,596.0,383.0,691.0
201.0,-666.0,-372.0,-80.0,,-210.0,526.0,399.0,369.0,715.0
111.0,-652.0,-344.0,-9.0,,-291.0,436.0,114.0,467.0,735.0
12.0,-292.0,-384.0,29.0,,-131.0,324.0,-33.0,-93.0,663.0
-42.0,165.0,-421.0,32.0,,41.0,286.0,-262.0,-120.0,613.0
-34.0,329.0,-363.0,-55.0,,18.0,243.0,-94.0,17.0,543.0
-7.0,515.0,-402.0,-314.0,,-39.0,68.0,-35.0,752.0,631.0
-8.0,419.0,-336.0,-641.0,,110.0,-86.0,22.0,321.0,565.0
56.0,57.0,-318.0,-877.0,,257.0,-159.0,96.0,-171.0,422.0
72.0,-124.0,-269.0,-1049.0,,246.0,-278.0,5.0,-36.0,487.0
101.0,-249.0,-240.0,-1138.0,,-17.0,-461.0,129.0,-504.0,516.0
104.0,-283.0,-230.0,-1114.0,,-47.0,-593.0,109.0,-291.0,563.0
121.0,-369.0,-117.0,-889.0,,293.0,-500.0,279.0,-324.0,641.0
151.0,-194.0,-146.0,-543.0,,214.0,-378.0,338.0,-215.0,681.0
163.0,-139.0,-118.0,-204.0,,-18.0,-366.0,223.0,-255.0,567.0
200.0,78.0,-134.0,185.0,,92.0,-231.0,136.0,-16.0,472.0
190.0,390.0,-169.0,478.0,,269.0,-18.0,-55.0,398.0,562.0
203.0,202.0,-203.0,623.0,,185.0,97.0,16.0,334.0,464.0
174.0,601.0,-258.0,567.0,,-159.0,148.0,-48.0,308.0,238.0
147.0,1098.0,-312.0,478.0,,-336.0,224.0,-24.0,30.0,212.0
113.0,1320.0,-353.0,421.0,,-379.0,256.0,-62.0,322.0,281.0
73.0,1392.0,-369.0,188.0,,-546.0,254.0,-240.0,669.0,334.0
61.0,1053.0,-429.0,80.0,,-605.0,313.0,-184.0,416.0,338.0
53.0,678.0,-371.0,89.0,,-538.0,221.0,-258.0,13.0,350.0
62.0,153.0,-407.0,117.0,,-329.0,-16.0,-105.0,292.0,370.0
100.0,-85.0,-396.0,60.0,,-363.0,-120.0,103.0,797.0,377.0
164.0,-84.0,-316.0,35.0,,-592.0,-6.0,399.0,1109.0,385.0
211.0,-303.0,-357.0,190.0,,-596.0,127.0,783.0,804.0,341.0
254.0,-266.0,-332.0,292.0,,-484.0,130.0,921.0,513.0,329.0
256.0,-160.0,-321.0,342.0,,-300.0,65.0,1008.0,860.0,287.0
258.0,-78.0,-316.0,349.0,,-397.0,59.0,805.0,879.0,246.0
260.0,199.0,-236.0,368.0,,-388.0,182.0,613.0,746.0,261.0
268.0,522.0,-201.0,327.0,,-361.0,206.0,279.0,227.0,263.0
246.0,542.0,-157.0,260.0,,-434.0,102.0,-57.0,-48.0,289.0
197.0,365.0,-109.0,303.0,,-285.0,-51.0,-73.0,-413.0,387.0
169.0,371.0,-52.0,379.0,,-189.0,-233.0,-206.0,-576.0,564.0
141.0,19.0,-26.0,397.0,,-127.0,-232.0,-140.0,-181.0,652.0
101.0,-510.0,-45.0,335.0,,-361.0,-168.0,-46.0,-131.0,617.0
49.0,-672.0,3.0,317.0,,-406.0,-150.0,147.0,-266.0,676.0
19.0,-406.0,-16.0,515.0,,-106.0,-154.0,330.0,-158.0,696.0
-4.0,-192.0,0.0,590.0,,55.0,-77.0,356.0,261.0,576.0
-20.0,-363.0,14.0,422.0,,16.0,51.0,428.0,154.0,465.0
-43.0,-137.0,0.0,243.0,,30.0,-34.0,297.0,171.0,411.0
-58.0,152.0,-48.0,0.0,,269.0,-91.0,352.0,136.0,354.0
-57.0,-201.0,-101.0,-103.0,,298.0,-66.0,321.0,176.0,234.0
-49.0,-585.0,-119.0,-190.0,,86.0,-44.0,295.0,443.0,258.0
-45.0,-363.0,-169.0,-278.0,,-62.0,105.0,349.0,130.0,212.0
-28.0,-464.0,-99.0,-269.0,,161.0,276.0,243.0,-110.0,92.0
-7.0,-912.0,-73.0,-160.0,,352.0,395.0,378.0,-179.0,192.0
0.0,-823.0,-65.0,-19.0,,323.0,337.0,485.0,-200.0,245.0
23.0,-966.0,4.0,68.0,,273.0,155.0,654.0,-118.0,239.0
50.0,-774.0,54.0,199.0,,326.0,129.0,633.0,-21.0,278.0
59.0,-127.0,82.0,228.0,,305.0,245.0,537.0,-195.0,384.0
75.0,125.0,179.0,272.0,,29.0,186.0,541.0,-278.0,471.0
89.0,309.0,243.0,212.0,,126.0,-28.0,434.0,-36.0,411.0
99.0,593.0,318.0,138.0,,292.0,-84.0,565.0,214.0,396.0
99.0,723.0,424.0,265.0,,268.0,-23.0,454.0,137.0,431.0
30.0,554.0,393.0,325.0,,150.0,137.0,365.0,110.0,482.0
21.0,533.0,413.0,370.0,,125.0,303.0,332.0,311.0,501.0
27.0,435.0,392.0,397.0,,185.0,363.0,221.0,181.0,436.0
14.0,455.0,328.0,217.0,,7.0,459.0,317.0,100.0,433.0
16.0,381.0,291.0,-31.0,,-158.0,466.0,147.0,278.0,390.0
34.0,213.0,219.0,-39.0,,-74.0,291.0,72.0,341.0,398.0
90.0,177.0,136.0,42.0,,81.0,138.0,-60.0,-342.0,422.0
78.0,-300.0,82.0,76.0,,-138.0,110.0,-160.0,-449.0,295.0
109.0,-234.0,38.0,111.0,,-319.0,23.0,-77.0,-52.0,303.0
172.0,203.0,-11.0,175.0,,-341.0,-164.0,-94.0,100.0,389.0
184.0,399.0,-58.0,215.0,,-351.0,-274.0,145.0,177.0,428.0
172.0,438.0,-79.0,145.0,,-470.0,-179.0,230.0,-91.0,373.0
181.0,344.0,-71.0,181.0,,-531.0,-24.0,386.0,-41.0,197.0
188.0,23.0,-130.0,202.0,,-123.0,-59.0,482.0,-317.0,135.0
173.0,-371.0,-79.0,253.0,,160.0,-134.0,367.0,-20.0,157.0
167.0,-220.0,-43.0,465.0,,101.0,-124.0,437.0,1.0,145.0
184.0,-154.0,-81.0,576.0,,-125.0,37.0,323.0,-117.0,38.0
235.0,-105.0,-36.0,551.0,,-94.0,249.0,327.0,47.0,20.0
242.0,-67.0,-77.0,463.0,,111.0,289.0,258.0,-156.0,77.0
219.0,-78.0,-115.0,437.0,,172.0,313.0,134.0,636.0,93.0
258.0,195.0,-115.0,301.0,,299.0,325.0,110.0,108.0,187.0
361.0,237.0,-170.0,22.0,,414.0,246.0,31.0,-198.0,142.0
388.0,403.0,-158.0,7.0,,346.0,219.0,101.0,400.0,87.0
388.0,692.0,-136.0,211.0,,180.0,160.0,-42.0,553.0,131.0
444.0,813.0,-171.0,276.0,,236.0,-101.0,-90.0,836.0,282.0
504.0,753.0,-203.0,319.0,,337.0,-288.0,-168.0,423.0,346.0
494.0,681.0,-224.0,403.0,,197.0,-272.0,-310.0,213.0,294.0
468.0,933.0,-243.0,353.0,,-26.0,-213.0,-169.0,188.0,344.0
517.0,885.0,-247.0,346.0,,-105.0,-130.0,-90.0,417.0,389.0
531.0,550.0,-230.0,422.0,,-19.0,119.0,190.0,452.0,438.0
536.0,165.0,-248.0,408.0,,-54.0,529.0,489.0,423.0,389.0
496.0,-176.0,-238.0,249.0,,-291.0,658.0,833.0,565.0,365.0
458.0,-542.0,-254.0,139.0,,-358.0,573.0,1164.0,586.0,279.0
474.0,-972.0,-253.0,280.0,,-408.0,613.0,1261.0,579.0,220.0
458.0,-1078.0,-211.0,350.0,,-673.0,584.0,1184.0,519.0,241.0
423.0,-1339.0,-213.0,141.0,,-857.0,453.0,705.0,477.0,139.0
397.0,-1417.0,-156.0,26.0,,-831.0,345.0,269.0,78.0,29.0
399.0,-1155.0,-170.0,79.0,,-657.0,296.0,-199.0,335.0,-36.0
394.0,-735.0,-165.0,29.0,,-726.0,238.0,-565.0,475.0,-2.0
379.0,-292.0,-107.0,-87.0,,-796.0,115.0,-676.0,301.0,-119.0
361.0,-132.0,-104.0,-139.0,,-517.0,16.0,-783.0,-15.0,-234.0
334.0,308.0,-99.0,-204.0,,-258.0,-113.0,-591.0,-118.0,-292.0
309.0,525.0,-76.0,-160.0,,-318.0,-98.0,-391.0,-27.0,-403.0
298.0,487.0,-113.0,53.0,,-649.0,146.0,11.0,-465.0,-430.0
302.0,628.0,-191.0,311.0,,-654.0,322.0,572.0,-98.0,-449.0
307.0,818.0,-218.0,514.0,,-429.0,305.0,960.0,-210.0,-467.0
339.0,840.0,-291.0,490.0,,-513.0,40.0,1176.0,-216.0,-552.0
356.0,538.0,-311.0,406.0,,-906.0,-195.0,955.0,29.0,-531.0
275.0,406.0,-308.0,406.0,,-976.0,-197.0,700.0,-84.0,-510.0
196.0,300.0,-302.0,456.0,,-603.0,-146.0,330.0,370.0,-600.0
185.0,302.0,-322.0,446.0,,-582.0,-226.0,-12.0,162.0,-602.0
159.0,405.0,-266.0,437.0,,-661.0,-425.0,-249.0,137.0,-591.0
85.0,472.0,-210.0,440.0,,-555.0,-445.0,-572.0,297.0,-616.0
69.0,622.0,-198.0,326.0,,-363.0,-239.0,-596.0,275.0,-629.0
93.0,757.0,-121.0,183.0,,-400.0,46.0,-567.0,210.0,-506.0
37.0,611.0,-141.0,-58.0,,-618.0,205.0,-277.0,3.0,-340.0
-12.0,253.0,-118.0,-187.0,,-573.0,242.0,51.0,217.0,-217.0
-50.0,34.0,-130.0,-247.0,,-600.0,312.0,352.0,-45.0,-100.0
-91.0,-533.0,-138.0,-259.0,,-688.0,356.0,679.0,-355.0,7.0
-132.0,-788.0,-124.0,-112.0,,-840.0,414.0,661.0,-322.0,116.0
-130.0,-660.0,-153.0,51.0,,-709.0,433.0,707.0,-77.0,176.0
-68.0,-473.0,-144.0,241.0,,-285.0,341.0,517.0,71.0,144.0
-32.0,-91.0,-149.0,245.0,,-153.0,160.0,399.0,-137.0,78.0
-22.0,209.0,-176.0,236.0,,-289.0,90.0,336.0,323.0,83.0
11.0,451.0,-141.0,275.0,,-388.0,193.0,97.0,299.0,86.0
45.0,263.0,-152.0,352.0,,-326.0,230.0,18.0,71.0,49.0
57.0,262.0,-118.0,460.0,,-670.0,289.0,-232.0,430.0,40.0
105.0,445.0,-89.0,455.0,,-1016.0,295.0,-303.0,39.0,108.0
162.0,539.0,-139.0,421.0,,-884.0,201.0,-389.0,85.0,170.0
215.0,346.0,-81.0,251.0,,-671.0,245.0,-410.0,216.0,302.0
244.0,-62.0,-123.0,102.0,,-688.0,475.0,-380.0,278.0,460.0
273.0,-175.0,-90.0,51.0,,-726.0,702.0,-524.0,690.0,475.0
273.0,-232.0,-71.0,52.0,,-354.0,523.0,-458.0,293.0,526.0
284.0,-212.0,-128.0,107.0,,-46.0,246.0,-454.0,343.0,578.0
297.0,-485.0,-109.0,136.0,,-73.0,166.0,-144.0,536.0,556.0
251.0,-818.0,-85.0,-24.0,,-212.0,9.0,158.0,728.0,505.0
235.0,-771.0,-116.0,-242.0,,-279.0,-91.0,341.0,845.0,441.0
214.0,-446.0,-134.0,-280.0,,-379.0,-118.0,611.0,375.0,414.0
191.0,-330.0,-137.0,-262.0,,-545.0,-165.0,458.0,194.0,367.0
140.0,-481.0,-178.0,-94.0,,-471.0,-269.0,271.0,246.0,280.0
128.0,-321.0,-179.0,44.0,,-30.0,-305.0,-29.0,284.0,139.0
85.0,64.0,-222.0,155.0,,283.0,-292.0,-171.0,-25.0,-6.0
49.0,262.0,-207.0,342.0,,-26.0,-419.0,-171.0,-274.0,-121.0
43.0,237.0,-218.0,394.0,,-244.0,-380.0,-310.0,-593.0,-206.0
0.0,289.0,-206.0,515.0,,27.0,-238.0,-308.0,-403.0,-276.0
1.0,393.0,-220.0,695.0,,359.0,-157.0,-526.0,-328.0,-349.0
-19.0,469.0,-242.0,706.0,,341.0,-45.0,-569.0,-645.0,-302.0
4.0,276.0,-198.0,552.0,,204.0,-50.0,-521.0,-624.0,-300.0
-10.0,-7.0,-212.0,286.0,,377.0,-76.0,-378.0,-541.0,-426.0
-10.0,-190.0,-199.0,89.0,,457.0,105.0,-9.0,78.0,-458.0
10.0,-451.0,-184.0,74.0,,219.0,380.0,155.0,104.0,-377.0
38.0,-479.0,-163.0,129.0,,80.0,531.0,399.0,284.0,-401.0
123.0,-496.0,-137.0,93.0,,353.0,489.0,393.0,241.0,-477.0
165.0,-490.0,-118.0,14.0,,484.0,407.0,291.0,-193.0,-356.0
224.0,189.0,-111.0,-103.0,,221.0,331.0,158.0,183.0,-445.0
291.0,723.0,-113.0,-204.0,,-6.0,134.0,-184.0,495.0,-610.0
327.0,846.0,-102.0,-252.0,,-62.0,65.0,-373.0,348.0,-426.0
250.0,1046.0,-62.0,-237.0,,-230.0,264.0,-541.0,-259.0,-371.0
236.0,695.0,-77.0,-3.0,,-605.0,377.0,-493.0,-412.0,-535.0
278.0,188.0,-86.0,121.0,,-623.0,276.0,-467.0,-381.0,-466.0
245.0,131.0,-77.0,103.0,,-400.0,36.0,-410.0,-150.0,-202.0
250.0,-145.0,-107.0,117.0,,-371.0,-257.0,-308.0,-133.0,-70.0
264.0,-828.0,-98.0,5.0,,-491.0,-357.0,-299.0,-358.0,-21.0
218.0,-1167.0,-129.0,62.0,,-438.0,-276.0,-110.0,-80.0,42.0
151.0,-1268.0,-110.0,392.0,,-237.0,-283.0,-188.0,14.0,164.0
139.0,-1237.0,-92.0,525.0,,-228.0,-378.0,-208.0,-318.0,284.0
85.0,-1050.0,-92.0,382.0,,-304.0,-348.0,-201.0,-686.0,344.0
25.0,-863.0,26.0,109.0,,-226.0,-275.0,-338.0,-546.0,281.0
17.0,-178.0,25.0,-259.0,,-135.0,-308.0,-406.0,-523.0,82.0
8.0,348.0,78.0,-387.0,,-378.0,-320.0,-604.0,-156.0,-16.0
19.0,634.0,202.0,-307.0,,-588.0,-185.0,-589.0,139.0,-28.0
48.0,1161.0,208.0,-305.0,,-386.0,10.0,-484.0,55.0,-115.0
76.0,1180.0,255.0,-314.0,,54.0,197.0,-181.0,153.0,-327.0
85.0,997.0,320.0,-217.0,,139.0,383.0,147.0,26.0,-456.0
121.0,1004.0,358.0,20.0,,-75.0,453.0,290.0,231.0,-400.0
194.0,1019.0,333.0,110.0,,-25.0,461.0,495.0,100.0,-266.0
197.0,1235.0,390.0,48.0,,83.0,483.0,386.0,-154.0,-253.0
169.0,976.0,355.0,102.0,,90.0,526.0,249.0,-291.0,-327.0
229.0,585.0,287.0,127.0,,58.0,456.0,46.0,-363.0,-186.0
248.0,446.0,318.0,110.0,,204.0,291.0,-192.0,-221.0,40.0
218.0,-266.0,242.0,100.0,,149.0,153.0,-282.0,-66.0,112.0
226.0,-727.0,242.0,43.0,,-94.0,-96.0,-469.0,142.0,68.0
261.0,-587.0,227.0,8.0,,-92.0,-294.0,-541.0,-153.0,26.0
298.0,-43.0,207.0,-42.0,,133.0,-282.0,-641.0,-142.0,-68.0
318.0,282.0,182.0,-206.0,,346.0,-162.0,-515.0,102.0,-113.0
328.0,-117.0,165.0,-353.0,,231.0,34.0,-338.0,288.0,-69.0
269.0,-143.0,171.0,-294.0,,197.0,238.0,-188.0,282.0,-228.0
211.0,217.0,127.0,-113.0,,273.0,155.0,212.0,145.0,-553.0
182.0,320.0,174.0,-56.0,,244.0,-54.0,443.0,203.0,-619.0
131.0,-17.0,193.0,-110.0,,-78.0,-14.0,803.0,291.0,-499.0
105.0,100.0,199.0,-35.0,,-317.0,95.0,988.0,346.0,-553.0
102.0,233.0,200.0,54.0,,-125.0,-3.0,933.0,24.0,-569.0
49.0,-417.0,238.0,98.0,,-14.0,-244.0,718.0,-23.0,-519.0
-16.0,-363.0,242.0,117.0,,-149.0,-414.0,236.0,59.0,-482.0
-23.0,-347.0,215.0,6.0,,-338.0,-599.0,-38.0,368.0,-310.0
-58.0,-1329.0,226.0,-76.0,,-177.0,-827.0,-308.0,521.0,-141.0
-106.0,-1479.0,177.0,-208.0,,-23.0,-968.0,-273.0,7.0,-180.0
-93.0,-886.0,141.0,-257.0,,-36.0,-808.0,-188.0,-430.0,-206.0
-47.0,-998.0,75.0,-187.0,,79.0,-525.0,-112.0,-430.0,-17.0
13.0,-1240.0,96.0,-258.0,,327.0,-427.0,151.0,-348.0,63.0
63.0,-1240.0,65.0,-356.0,,268.0,-353.0,206.0,-386.0,26.0
72.0,-885.0,54.0,-428.0,,-239.0,-306.0,389.0,-484.0,68.0
37.0,-611.0,84.0,-335.0,,-238.0,-127.0,243.0,-582.0,69.0
56.0,-689.0,42.0,-180.0,,154.0,186.0,-42.0,65.0,129.0
52.0,-302.0,73.0,-93.0,,313.0,221.0,-260.0,199.0,312.0
-33.0,386.0,49.0,10.0,,131.0,2.0,-491.0,242.0,339.0
-63.0,1300.0,87.0,31.0,,65.0,-156.0,-408.0,416.0,257.0
-89.0,1799.0,58.0,38.0,,334.0,-241.0,-351.0,17.0,340.0
-146.0,1882.0,97.0,115.0,,477.0,-339.0,-64.0,72.0,451.0
-200.0,2101.0,183.0,73.0,,440.0,-301.0,96.0,274.0,392.0
-221.0,2046.0,128.0,-46.0,,413.0,-179.0,168.0,48.0,330.0
-206.0,2052.0,196.0,17.0,,670.0,-205.0,303.0,-99.0,396.0
-229.0,2022.0,212.0,219.0,,765.0,-288.0,212.0,383.0,397.0
-258.0,1519.0,168.0,352.0,,573.0,-344.0,282.0,108.0,344.0
-243.0,801.0,206.0,287.0,,613.0,-313.0,112.0,262.0,428.0
-205.0,122.0,230.0,124.0,,835.0,-143.0,-35.0,371.0,396.0
-195.0,-279.0,251.0,-133.0,,846.0,-194.0,-60.0,89.0,209.0
-220.0,-659.0,324.0,-352.0,,645.0,-302.0,-105.0,407.0,265.0
-223.0,-1059.0,338.0,-509.0,,662.0,-112.0,11.0,224.0,421.0
-148.0,-850.0,383.0,-631.0,,741.0,-22.0,59.0,482.0,303.0
-82.0,-687.0,404.0,-422.0,,651.0,-92.0,334.0,374.0,175.0
-75.0,-679.0,418.0,-131.0,,572.0,-121.0,437.0,258.0,262.0
-68.0,-606.0,451.0,5.0,,690.0,-114.0,482.0,-51.0,249.0
-4.0,-1099.0,404.0,25.0,,884.0,-99.0,489.0,-248.0,129.0
38.0,-1114.0,378.0,-109.0,,669.0,-113.0,229.0,-168.0,86.0
74.0,-391.0,321.0,-267.0,,323.0,-63.0,177.0,-536.0,8.0
165.0,-313.0,270.0,-269.0,,363.0,-56.0,-112.0,-450.0,-60.0
204.0,-447.0,239.0,-214.0,,550.0,-193.0,-358.0,-921.0,-44.0
238.0,-491.0,247.0,-223.0,,532.0,-275.0,-447.0,-944.0,-85.0
289.0,-518.0,202.0,-302.0,,233.0,-303.0,-526.0,-499.0,-205.0
345.0,174.0,138.0,-217.0,,179.0,-397.0,-367.0,-283.0,-256.0
284.0,558.0,139.0,-24.0,,294.0,-423.0,-216.0,-375.0,-245.0
175.0,496.0,140.0,-125.0,,156.0,-370.0,151.0,-264.0,-299.0
175.0,383.0,102.0,-298.0,,44.0,-523.0,399.0,-53.0,-390.0
150.0,339.0,106.0,-269.0,,321.0,-709.0,543.0,-154.0,-412.0
35.0,485.0,129.0,-105.0,,733.0,-620.0,565.0,9.0,-308.0
-105.0,-29.0,78.0,-54.0,,668.0,-464.0,358.0,-217.0,-202.0
-115.0,-276.0,103.0,-79.0,,468.0,-472.0,291.0,-116.0,-194.0
-139.0,-13.0,75.0,-154.0,,580.0,-620.0,66.0,201.0,-176.0
-162.0,-27.0,6.0,-217.0,,842.0,-615.0,90.0,494.0,-63.0
-191.0,-237.0,35.0,-107.0,,798.0,-394.0,212.0,468.0,62.0
-294.0,-346.0,30.0,-81.0,,605.0,-204.0,315.0,360.0,75.0
-290.0,-105.0,22.0,-215.0,,799.0,-63.0,432.0,-5.0,52.0
-263.0,446.0,74.0,-306.0,,967.0,127.0,216.0,-231.0,-26.0
-293.0,1093.0,76.0,-203.0,,794.0,210.0,101.0,261.0,-182.0
-322.0,1359.0,59.0,-112.0,,724.0,62.0,-125.0,-131.0,-238.0
-247.0,904.0,39.0,-89.0,,977.0,-47.0,-225.0,-334.0,-183.0
-176.0,309.0,0.0,-30.0,,1191.0,-1.0,-286.0,-353.0,-262.0
-156.0,-64.0,0.0,49.0,,1028.0,19.0,-395.0,-413.0,-436.0
-121.0,-512.0,0.0,140.0,,855.0,-111.0,-258.0,-130.0,-311.0
-116.0,-796.0,-65.0,139.0,,956.0,-324.0,-262.0,119.0,-128.0
-50.0,-974.0,-69.0,69.0,,815.0,-609.0,-88.0,-170.0,-174.0
70.0,-601.0,-80.0,-43.0,,434.0,-789.0,7.0,-527.0,-196.0
89.0,-788.0,-117.0,-97.0,,234.0,-683.0,22.0,-161.0,-125.0
56.0,-1235.0,-90.0,-186.0,,482.0,-618.0,105.0,-402.0,-76.0
88.0,-715.0,-103.0,-350.0,,644.0,-666.0,51.0,-591.0,12.0
94.0,-413.0,-36.0,-278.0,,392.0,-577.0,55.0,-704.0,196.0
14.0,162.0,-40.0,-66.0,,348.0,-302.0,-60.0,-955.0,230.0
-81.0,761.0,12.0,0.0,,569.0,-14.0,-40.0,-670.0,189.0
-102.0,1353.0,58.0,-91.0,,747.0,89.0,-3.0,-443.0,371.0
-143.0,1491.0,-4.0,-238.0,,594.0,143.0,70.0,-322.0,500.0
-180.0,963.0,47.0,-376.0,,446.0,281.0,247.0,-287.0,316.0
-191.0,612.0,7.0,-480.0,,544.0,366.0,286.0,-475.0,147.0
-227.0,281.0,-41.0,-421.0,,553.0,275.0,388.0,-205.0,157.0
-251.0,31.0,-26.0,-147.0,,318.0,224.0,157.0,371.0,163.0
-277.0,-374.0,-47.0,3.0,,233.0,397.0,-92.0,313.0,78.0
-305.0,-436.0,-105.0,-6.0,,452.0,449.0,-171.0,210.0,-3.0
-364.0,-811.0,-74.0,-3.0,,543.0,263.0,-188.0,-42.0,-36.0
-346.0,-1139.0,-102.0,-100.0,,367.0,203.0,83.0,-24.0,-102.0
-313.0,-743.0,-161.0,-183.0,,282.0,311.0,206.0,397.0,-33.0
-267.0,-311.0,-116.0,-211.0,,511.0,289.0,321.0,244.0,60.0
-245.0,-138.0,-205.0,-261.0,,467.0,296.0,219.0,156.0,-19.0
-285.0,52.0,-254.0,-146.0,,346.0,283.0,11.0,148.0,48.0
-269.0,760.0,-217.0,131.0,,431.0,29.0,-110.0,192.0,274.0
-257.0,658.0,-324.0,159.0,,600.0,-34.0,-297.0,113.0,361.0
-220.0,146.0,-362.0,-94.0,,760.0,-7.0,-201.0,36.0,332.0
-261.0,-25.0,-395.0,-261.0,,557.0,-63.0,-290.0,181.0,302.0
-298.0,-241.0,-473.0,-269.0,,544.0,12.0,-308.0,-170.0,269.0
-223.0,-345.0,-437.0,-258.0,,727.0,58.0,-212.0,-178.0,269.0
-138.0,-503.0,-462.0,-314.0,,679.0,10.0,-158.0,286.0,306.0
-149.0,-375.0,-397.0,-415.0,,587.0,80.0,9.0,90.0,160.0
-201.0,59.0,-346.0,-356.0,,594.0,177.0,-27.0,-221.0,-101.0
-172.0,185.0,-321.0,-171.0,,789.0,93.0,105.0,-227.0,-129.0
-187.0,166.0,-203.0,-98.0,,749.0,160.0,181.0,-190.0,-110.0
-220.0,872.0,-147.0,39.0,,538.0,448.0,382.0,62.0,-242.0
-255.0,1241.0,-49.0,110.0,,628.0,557.0,569.0,191.0,-355.0
-302.0,639.0,-13.0,106.0,,815.0,481.0,386.0,119.0,-362.0
-290.0,392.0,23.0,191.0,,799.0,352.0,266.0,-201.0,-291.0
-253.0,243.0,90.0,181.0,,636.0,349.0,-138.0,119.0,-209.0
-293.0,23.0,99.0,-35.0,,696.0,382.0,-310.0,555.0,-128.0
-324.0,118.0,165.0,-346.0,,853.0,334.0,-295.0,292.0,-141.0
-249.0,-124.0,248.0,-257.0,,661.0,255.0,-218.0,481.0,-127.0
-171.0,-342.0,278.0,23.0,,462.0,101.0,109.0,284.0,49.0
-158.0,78.0,304.0,106.0,,694.0,95.0,144.0,495.0,111.0
-138.0,321.0,396.0,192.0,,874.0,251.0,184.0,857.0,117.0
-145.0,19.0,363.0,185.0,,528.0,392.0,-20.0,751.0,207.0
-185.0,-21.0,381.0,160.0,,45.0,360.0,-214.0,441.0,251.0
-152.0,87.0,424.0,286.0,,83.0,291.0,-315.0,33.0,329.0
-204.0,-139.0,347.0,303.0,,536.0,335.0,-493.0,490.0,403.0
-304.0,-237.0,414.0,283.0,,777.0,369.0,-373.0,529.0,370.0
-320.0,-410.0,337.0,342.0,,722.0,330.0,-450.0,676.0,299.0
-292.0,-677.0,274.0,322.0,,885.0,187.0,-463.0,505.0,365.0
-351.0,-583.0,307.0,195.0,,1168.0,228.0,-576.0,172.0,447.0
-423.0,-632.0,219.0,0.0,,941.0,369.0,-716.0,444.0,328.0
-371.0,-1096.0,188.0,-20.0,,740.0,400.0,-508.0,655.0,266.0
-373.0,-981.0,124.0,109.0,,941.0,492.0,-271.0,898.0,305.0
-390.0,-242.0,45.0,290.0,,1044.0,510.0,120.0,257.0,299.0
-385.0,364.0,-5.0,401.0,,928.0,222.0,249.0,-75.0,260.0
-396.0,909.0,-73.0,194.0,,746.0,71.0,229.0,169.0,203.0
-393.0,1303.0,-111.0,-86.0,,802.0,515.0,5.0,27.0,93.0
-371.0,1282.0,-121.0,-211.0,,909.0,1009.0,-319.0,-129.0,-37.0
-340.0,846.0,-115.0,-227.0,,776.0,1014.0,-458.0,-215.0,78.0
-322.0,798.0,-99.0,-239.0,,805.0,905.0,-774.0,-448.0,50.0
-313.0,576.0,-116.0,-110.0,,1041.0,951.0,-807.0,-431.0,-255.0
-319.0,215.0,-95.0,135.0,,1042.0,995.0,-877.0,82.0,-309.0
-349.0,427.0,-86.0,305.0,,749.0,1142.0,-921.0,139.0,-261.0
-385.0,314.0,-85.0,477.0,,471.0,1227.0,-800.0,-302.0,-261.0
-407.0,-193.0,-72.0,414.0,,561.0,1089.0,-753.0,-105.0,-245.0
-417.0,-1226.0,-92.0,64.0,,527.0,975.0,-458.0,108.0,-215.0
-413.0,-1760.0,-48.0,-121.0,,203.0,853.0,-199.0,60.0,-201.0
-414.0,-1468.0,-72.0,-103.0,,202.0,638.0,168.0,466.0,-52.0
-419.0,-1087.0,-55.0,-227.0,,365.0,623.0,408.0,-52.0,149.0
-420.0,-592.0,-44.0,-364.0,,342.0,686.0,522.0,-286.0,87.0
-417.0,-416.0,-68.0,-301.0,,83.0,492.0,563.0,160.0,52.0
-392.0,-316.0,-31.0,-168.0,,88.0,390.0,282.0,173.0,184.0
-380.0,-310.0,-106.0,-86.0,,379.0,462.0,55.0,87.0,295.0
-393.0,-477.0,-126.0,-192.0,,406.0,365.0,-328.0,-151.0,238.0
-392.0,-715.0,-120.0,-236.0,,172.0,256.0,-582.0,-182.0,123.0
-379.0,-718.0,-147.0,-104.0,,122.0,386.0,-785.0,-332.0,29.0
-360.0,-656.0,-182.0,-31.0,,466.0,556.0,-1008.0,35.0,-109.0
-369.0,-772.0,-204.0,-41.0,,653.0,470.0,-1062.0,-133.0,-83.0
-379.0,-757.0,-251.0,-44.0,,607.0,180.0,-1241.0,-521.0,-129.0
-352.0,-620.0,-278.0,-5.0,,692.0,58.0,-1130.0,-651.0,-315.0
-329.0,182.0,-258.0,20.0,,892.0,38.0,-977.0,-881.0,-250.0
-373.0,863.0,-326.0,166.0,,845.0,111.0,-644.0,-322.0,-79.0
-464.0,886.0,-267.0,96.0,,561.0,373.0,-210.0,-303.0,-39.0
-417.0,970.0,-232.0,-35.0,,442.0,623.0,-73.0,-141.0,-97.0
-397.0,874.0,-234.0,44.0,,525.0,799.0,120.0,-253.0,-54.0
-509.0,725.0,-170.0,69.0,,461.0,732.0,-57.0,54.0,-22.0
-530.0,806.0,-151.0,90.0,,273.0,741.0,-271.0,492.0,-15.0
-455.0,349.0,-97.0,61.0,,482.0,833.0,-539.0,-97.0,134.0
-422.0,-472.0,-23.0,130.0,,730.0,777.0,-910.0,58.0,90.0
-482.0,-481.0,20.0,50.0,,630.0,715.0,-1053.0,-69.0,-14.0
-492.0,-601.0,73.0,-58.0,,446.0,535.0,-1201.0,154.0,117.0
-443.0,-1087.0,146.0,-34.0,,449.0,163.0,-979.0,402.0,269.0
-368.0,-758.0,118.0,-167.0,,630.0,-114.0,-779.0,662.0,253.0
-295.0,-423.0,80.0,-196.0,,478.0,63.0,-550.0,844.0,255.0
-323.0,-724.0,47.0,-113.0,,158.0,151.0,-332.0,136.0,417.0
-327.0,-849.0,-15.0,48.0,,107.0,43.0,-343.0,368.0,481.0
-272.0,-661.0,-41.0,224.0,,141.0,107.0,-225.0,718.0,505.0
-246.0,-289.0,-64.0,216.0,,116.0,154.0,-327.0,684.0,585.0
-294.0,136.0,-60.0,250.0,,31.0,152.0,-393.0,343.0,533.0
-294.0,237.0,-47.0,339.0,,190.0,142.0,-570.0,259.0,448.0
-146.0,320.0,-69.0,297.0,,388.0,190.0,-692.0,184.0,522.0
-67.0,333.0,-72.0,249.0,,120.0,326.0,-650.0,-203.0,558.0
-45.0,534.0,-96.0,224.0,,-215.0,412.0,-744.0,64.0,435.0
-11.0,948.0,-149.0,290.0,,-270.0,426.0,-635.0,-190.0,362.0
-1.0,1012.0,-230.0,327.0,,-187.0,536.0,-674.0,-482.0,359.0
10.0,908.0,-313.0,283.0,,-184.0,567.0,-587.0,-152.0,261.0
32.0,548.0,-366.0,229.0,,-166.0,514.0,-480.0,8.0,71.0
35.0,265.0,-413.0,90.0,,-8.0,605.0,-594.0,-113.0,-50.0
1.0,308.0,-422.0,71.0,,125.0,740.0,-696.0,-464.0,-161.0
59.0,573.0,-440.0,99.0,,-31.0,651.0,-949.0,-458.0,-197.0
107.0,630.0,-389.0,-29.0,,-151.0,525.0,-927.0,-51.0,-200.0
57.0,785.0,-394.0,-145.0,,239.0,538.0,-868.0,142.0,-317.0
4.0,1232.0,-407.0,-228.0,,540.0,500.0,-733.0,336.0,-363.0
2.0,1034.0,-378.0,-246.0,,469.0,615.0,-454.0,119.0,-361.0
17.0,818.0,-353.0,-278.0,,313.0,627.0,-345.0,-112.0,-346.0
-17.0,494.0,-318.0,-233.0,,337.0,426.0,-155.0,102.0,-326.0
-62.0,-58.0,-292.0,37.0,,397.0,398.0,-121.0,-166.0,-333.0
-147.0,-440.0,-218.0,15.0,,140.0,414.0,-27.0,-362.0,-369.0
-132.0,-630.0,-225.0,-31.0,,85.0,210.0,33.0,-460.0,-293.0
-33.0,-663.0,-210.0,58.0,,348.0,-3.0,-88.0,-441.0,-75.0
-60.0,-782.0,-260.0,137.0,,326.0,-37.0,-188.0,-218.0,-92.0
-80.0,-754.0,-248.0,267.0,,-170.0,-177.0,-511.0,-62.0,-208.0
-47.0,-791.0,-237.0,138.0,,-496.0,-369.0,-783.0,231.0,-175.0
2.0,-713.0,-274.0,-83.0,,-382.0,-420.0,-1034.0,181.0,-95.0
28.0,-761.0,-201.0,-323.0,,-285.0,-274.0,-1066.0,51.0,-143.0
-6.0,-481.0,-246.0,-483.0,,-341.0,-176.0,-958.0,241.0,-287.0
6.0,-477.0,-204.0,-411.0,,-356.0,-243.0,-885.0,-117.0,-312.0
38.0,-1138.0,-186.0,-405.0,,-120.0,-211.0,-532.0,-375.0,-366.0
82.0,-1268.0,-223.0,-366.0,,-133.0,-145.0,-323.0,126.0,-387.0
51.0,-1396.0,-175.0,-139.0,,-357.0,-205.0,-60.0,-32.0,-303.0
-56.0,-857.0,-231.0,13.0,,-199.0,-462.0,138.0,-336.0,-373.0
-103.0,-129.0,-291.0,134.0,,127.0,-648.0,144.0,-282.0,-461.0
-70.0,320.0,-287.0,301.0,,185.0,-543.0,84.0,-282.0,-372.0
-55.0,591.0,-296.0,519.0,,-75.0,-286.0,-242.0,-581.0,-233.0
-162.0,571.0,-244.0,656.0,,-166.0,-168.0,-539.0,-768.0,-243.0
-182.0,961.0,-170.0,546.0,,63.0,-258.0,-816.0,-618.0,-356.0
-205.0,916.0,-172.0,408.0,,163.0,-256.0,-702.0,-613.0,-331.0
-294.0,778.0,-154.0,287.0,,-53.0,-118.0,-436.0,-168.0,-283.0
-343.0,681.0,-152.0,107.0,,-56.0,74.0,-145.0,-141.0,-271.0
-426.0,598.0,-159.0,3.0,,210.0,229.0,290.0,-421.0,-226.0
-406.0,321.0,-136.0,-51.0,,169.0,337.0,308.0,-574.0,-167.0
-363.0,-136.0,-168.0,-149.0,,-83.0,391.0,393.0,-464.0,-110.0
-345.0,98.0,-165.0,-79.0,,-95.0,353.0,360.0,-128.0,-39.0
-335.0,-48.0,-150.0,-50.0,,140.0,168.0,230.0,-420.0,145.0
-297.0,-387.0,-228.0,-181.0,,75.0,-125.0,164.0,-545.0,189.0
-198.0,-601.0,-289.0,-24.0,,-374.0,-183.0,-68.0,-11.0,160.0
-195.0,-758.0,-350.0,176.0,,-565.0,-86.0,-142.0,255.0,253.0
-260.0,-423.0,-412.0,72.0,,-498.0,-109.0,-397.0,-290.0,354.0
-246.0,50.0,-442.0,-195.0,,-562.0,-234.0,-519.0,-187.0,394.0
-163.0,485.0,-482.0,-283.0,,-696.0,-271.0,-633.0,-295.0,292.0
-205.0,764.0,-487.0,-96.0,,-691.0,-224.0,-657.0,-531.0,250.0
-249.0,1086.0,-486.0,62.0,,-494.0,-241.0,-332.0,-145.0,301.0
-231.0,1216.0,-510.0,317.0,,-536.0,-218.0,-127.0,-428.0,321.0
-222.0,985.0,-495.0,467.0,,-782.0,-218.0,273.0,-413.0,285.0
-219.0,736.0,-454.0,389.0,,-726.0,-280.0,489.0,-354.0,194.0
-318.0,656.0,-411.0,325.0,,-467.0,-180.0,652.0,-412.0,74.0
-370.0,583.0,-357.0,380.0,,-335.0,-90.0,774.0,-312.0,9.0
-333.0,673.0,-306.0,456.0,,-394.0,-318.0,748.0,21.0,61.0
-301.0,1007.0,-297.0,275.0,,-301.0,-442.0,837.0,-312.0,-26.0
-332.0,863.0,-286.0,122.0,,-153.0,-305.0,691.0,-836.0,-188.0
-300.0,639.0,-280.0,-5.0,,-236.0,-294.0,683.0,-388.0,-207.0
-192.0,621.0,-314.0,-58.0,,-286.0,-310.0,456.0,-207.0,-183.0
-167.0,413.0,-316.0,-66.0,,-102.0,-303.0,97.0,-299.0,-228.0
-114.0,116.0,-291.0,-118.0,,87.0,-340.0,-110.0,-509.0,-403.0
-13.0,-270.0,-294.0,-126.0,,-13.0,-430.0,-321.0,31.0,-541.0
77.0,-144.0,-262.0,-306.0,,-263.0,-559.0,-225.0,45.0,-610.0
115.0,-49.0,-188.0,-420.0,,-366.0,-616.0,-175.0,-25.0,-696.0
175.0,-527.0,-223.0,-490.0,,-304.0,-700.0,75.0,216.0,-712.0
197.0,-670.0,-201.0,-403.0,,-312.0,-769.0,317.0,-295.0,-700.0
211.0,-667.0,-172.0,-111.0,,-403.0,-846.0,484.0,-137.0,-704.0
269.0,-300.0,-219.0,59.0,,-348.0,-1015.0,792.0,41.0,-675.0
269.0,-144.0,-197.0,17.0,,-244.0,-1072.0,868.0,-39.0,-594.0
239.0,-453.0,-209.0,-269.0,,-353.0,-925.0,1090.0,-305.0,-580.0
234.0,-633.0,-215.0,-245.0,,-513.0,-678.0,1005.0,-283.0,-654.0
284.0,-956.0,-220.0,-45.0,,-369.0,-644.0,630.0,-498.0,-643.0
179.0,-604.0,-235.0,17.0,,-269.0,-851.0,269.0,-722.0,-583.0
80.0,-232.0,-266.0,157.0,,-576.0,-739.0,-236.0,-693.0,-649.0
29.0,-356.0,-281.0,252.0,,-866.0,-352.0,-415.0,-682.0,-722.0
-39.0,-576.0,-254.0,278.0,,-868.0,-259.0,-452.0,-622.0,-696.0
-64.0,-848.0,-244.0,200.0,,-796.0,-410.0,-188.0,-854.0,-720.0
-83.0,-1157.0,-183.0,54.0,,-1003.0,-497.0,192.0,-571.0,-804.0
-59.0,-1852.0,-138.0,-198.0,,-1059.0,-299.0,380.0,-592.0,-900.0
-126.0,-1786.0,-111.0,-399.0,,-716.0,-35.0,508.0,-473.0,-946.0
-112.0,-1117.0,-101.0,-390.0,,-473.0,-333.0,399.0,-344.0,-961.0
-106.0,-489.0,-122.0,-318.0,,-421.0,-807.0,528.0,-78.0,-863.0
-93.0,150.0,-113.0,-351.0,,-508.0,-874.0,672.0,-149.0,-642.0
-25.0,246.0,-159.0,-378.0,,-406.0,-918.0,861.0,-462.0,-466.0
-33.0,233.0,-255.0,-376.0,,-403.0,-1095.0,1095.0,-124.0,-396.0
-1.0,228.0,-264.0,-380.0,,-813.0,-1143.0,1112.0,-297.0,-258.0
8.0,351.0,-257.0,-252.0,,-1017.0,-1049.0,1256.0,243.0,30.0
104.0,874.0,-308.0,-155.0,,-751.0,-941.0,1236.0,209.0,197.0
92.0,1515.0,-307.0,-34.0,,-548.0,-728.0,1352.0,-279.0,267.0
113.0,1826.0,-309.0,5.0,,-677.0,-552.0,1450.0,380.0,305.0
260.0,1871.0,-340.0,152.0,,-676.0,-574.0,1389.0,604.0,373.0
323.0,1610.0,-324.0,256.0,,-437.0,-521.0,1269.0,164.0,421.0
355.0,947.0,-301.0,23.0,,-409.0,-397.0,946.0,302.0,348.0
328.0,218.0,-310.0,-65.0,,-630.0,-530.0,897.0,596.0,224.0
420.0,-288.0,-304.0,-13.0,,-655.0,-850.0,661.0,389.0,120.0
431.0,-82.0,-291.0,-23.0,,-629.0,-871.0,389.0,291.0,123.0
406.0,-118.0,-312.0,-342.0,,-809.0,-733.0,162.0,-140.0,59.0
418.0,151.0,-330.0,-570.0,,-921.0,-799.0,-134.0,-250.0,15.0
418.0,763.0,-317.0,-471.0,,-652.0,-977.0,-92.0,-160.0,3.0
502.0,585.0,-316.0,-407.0,,-177.0,-1174.0,-46.0,78.0,-23.0
498.0,213.0,-304.0,-470.0,,-85.0,-1351.0,203.0,-83.0,3.0
518.0,-397.0,-255.0,-551.0,,-359.0,-1437.0,469.0,-649.0,-30.0
514.0,-168.0,-291.0,-404.0,,-436.0,-1298.0,740.0,-141.0,-169.0
535.0,-297.0,-269.0,-127.0,,-375.0,-1076.0,946.0,-145.0,-269.0
550.0,-1116.0,-217.0,234.0,,-567.0,-982.0,905.0,-150.0,-208.0
479.0,-1268.0,-271.0,342.0,,-874.0,-977.0,997.0,-19.0,-236.0
483.0,-1229.0,-213.0,214.0,,-939.0,-944.0,801.0,-324.0,-312.0
489.0,-930.0,-174.0,82.0,,-761.0,-833.0,726.0,-584.0,-322.0
537.0,-1173.0,-164.0,-83.0,,-749.0,-797.0,770.0,-645.0,-317.0
554.0,-960.0,-99.0,-134.0,,-753.0,-886.0,739.0,-316.0,-288.0
577.0,-498.0,-92.0,-133.0,,-474.0,-922.0,757.0,-313.0,-246.0
586.0,-147.0,-32.0,27.0,,-283.0,-928.0,493.0,-350.0,-204.0
558.0,163.0,-53.0,83.0,,-461.0,-953.0,352.0,-551.0,-293.0
601.0,-237.0,-92.0,-33.0,,-765.0,-1010.0,171.0,-198.0,-325.0
514.0,-9.0,-45.0,-90.0,,-882.0,-1132.0,101.0,555.0,-231.0
419.0,488.0,-94.0,-162.0,,-926.0,-1184.0,230.0,392.0,-185.0
382.0,1395.0,-128.0,-76.0,,-1105.0,-1212.0,328.0,-422.0,-211.0
302.0,1805.0,-77.0,285.0,,-1146.0,-1260.0,578.0,-383.0,-235.0
268.0,1275.0,-111.0,731.0,,-947.0,-1274.0,613.0,372.0,-204.0
197.0,879.0,-151.0,823.0,,-688.0,-1054.0,665.0,453.0,-160.0
119.0,63.0,-123.0,491.0,,-498.0,-783.0,602.0,271.0,-102.0
48.0,-216.0,-221.0,217.0,,-415.0,-1021.0,495.0,-135.0,-93.0
40.0,242.0,-260.0,266.0,,-177.0,-1274.0,561.0,-257.0,-140.0
-16.0,858.0,-235.0,405.0,,-35.0,-1025.0,426.0,-142.0,-173.0
-99.0,1054.0,-287.0,313.0,,-73.0,-603.0,447.0,371.0,-179.0
-9.0,1003.0,-282.0,0.0,,-87.0,-486.0,395.0,123.0,-292.0
31.0,998.0,-284.0,-262.0,,-73.0,-675.0,393.0,-891.0,-516.0
21.0,710.0,-302.0,-162.0,,-145.0,-785.0,421.0,-318.0,-623.0
-35.0,453.0,-297.0,93.0,,-335.0,-763.0,297.0,454.0,-644.0
-20.0,-184.0,-300.0,67.0,,-351.0,-637.0,315.0,412.0,-666.0
15.0,-349.0,-282.0,-110.0,,-104.0,-710.0,166.0,-276.0,-633.0
-46.0,-51.0,-242.0,-255.0,,124.0,-880.0,301.0,-483.0,-549.0
-59.0,-306.0,-213.0,-242.0,,-95.0,-702.0,491.0,-221.0,-479.0
-82.0,-631.0,-120.0,-173.0,,-197.0,-510.0,648.0,144.0,-429.0
-57.0,-638.0,-49.0,-193.0,,-135.0,-458.0,822.0,284.0,-334.0
18.0,-497.0,-44.0,-167.0,,-173.0,-417.0,694.0,-131.0,-234.0
97.0,-474.0,0.0,-70.0,,-298.0,-357.0,757.0,212.0,-153.0
133.0,-464.0,9.0,40.0,,-463.0,-283.0,709.0,-247.0,-71.0
189.0,-558.0,0.0,48.0,,-322.0,-217.0,726.0,222.0,-28.0
253.0,-360.0,32.0,-60.0,,-459.0,-76.0,718.0,1349.0,-55.0
256.0,5.0,29.0,-214.0,,-719.0,-29.0,594.0,356.0,-21.0
230.0,-155.0,1.0,-228.0,,-786.0,-184.0,585.0,-577.0,115.0
228.0,-184.0,-1.0,-187.0,,-496.0,-294.0,450.0,-357.0,177.0
263.0,-71.0,-4.0,-115.0,,-376.0,-373.0,469.0,486.0,212.0
270.0,-330.0,-95.0,113.0,,-705.0,-593.0,232.0,220.0,265.0
276.0,-241.0,-92.0,44.0,,-627.0,-698.0,33.0,-373.0,276.0
268.0,-163.0,-123.0,-89.0,,-598.0,-624.0,-42.0,-515.0,306.0
305.0,-273.0,-186.0,-4.0,,-602.0,-634.0,-94.0,-203.0,367.0
341.0,-21.0,-113.0,-30.0,,-663.0,-759.0,194.0,219.0,394.0
352.0,124.0,-133.0,-116.0,,-559.0,-768.0,306.0,-113.0,357.0
291.0,-67.0,-52.0,-215.0,,-267.0,-573.0,454.0,-354.0,353.0
176.0,-356.0,-9.0,-249.0,,-363.0,-434.0,399.0,-772.0,410.0
170.0,-170.0,1.0,-321.0,,-486.0,-260.0,206.0,59.0,418.0
137.0,-22.0,107.0,-462.0,,-602.0,-115.0,112.0,152.0,340.0
43.0,-321.0,94.0,-425.0,,-437.0,-271.0,-35.0,-1048.0,249.0
-38.0,-553.0,74.0,-182.0,,-388.0,-325.0,79.0,-880.0,145.0
-69.0,-877.0,83.0,-110.0,,-536.0,-158.0,24.0,-363.0,60.0
-122.0,-1526.0,62.0,-311.0,,-427.0,-106.0,83.0,145.0,-4.0
-206.0,-1371.0,25.0,-332.0,,-231.0,-266.0,201.0,-144.0,-149.0
-269.0,-638.0,22.0,-259.0,,-114.0,-348.0,245.0,-238.0,-334.0
-326.0,-312.0,18.0,-166.0,,-145.0,-316.0,497.0,-349.0,-470.0
-278.0,-178.0,-26.0,1.0,,12.0,-364.0,532.0,-544.0,-531.0
-218.0,30.0,-49.0,107.0,,43.0,-318.0,533.0,-10.0,-598.0
-199.0,939.0,-78.0,184.0,,-131.0,-324.0,301.0,-527.0,-659.0
-119.0,1064.0,-151.0,303.0,,-315.0,-316.0,81.0,-705.0,-694.0
26.0,1042.0,-143.0,474.0,,-369.0,-199.0,35.0,-402.0,-712.0
119.0,1009.0,-160.0,526.0,,-335.0,-144.0,-51.0,-232.0,-611.0
172.0,766.0,-172.0,464.0,,-569.0,-63.0,66.0,368.0,-504.0
269.0,911.0,-183.0,416.0,,-790.0,-37.0,77.0,637.0,-554.0
295.0,324.0,-218.0,360.0,,-872.0,113.0,230.0,-40.0,-530.0
346.0,271.0,-195.0,238.0,,-747.0,389.0,275.0,-321.0,-387.0
417.0,-194.0,-244.0,115.0,,-834.0,518.0,212.0,329.0,-355.0
420.0,-321.0,-271.0,69.0,,-959.0,545.0,295.0,-242.0,-356.0
401.0,49.0,-299.0,-51.0,,-642.0,496.0,190.0,-491.0,-321.0
393.0,57.0,-298.0,-95.0,,-471.0,349.0,371.0,-346.0,-258.0
397.0,128.0,-330.0,-115.0,,-409.0,178.0,554.0,-632.0,-183.0
291.0,-449.0,-345.0,-120.0,,-519.0,144.0,646.0,87.0,-163.0
162.0,-222.0,-260.0,-71.0,,-415.0,123.0,744.0,639.0,-223.0
91.0,-59.0,-240.0,-267.0,,-134.0,56.0,737.0,221.0,-314.0
57.0,-287.0,-175.0,-342.0,,-224.0,33.0,764.0,-91.0,-324.0
-26.0,-387.0,-139.0,-293.0,,-207.0,-91.0,574.0,461.0,-213.0
-150.0,-3.0,-136.0,-214.0,,-104.0,-262.0,543.0,287.0,-151.0
-219.0,777.0,-130.0,21.0,,164.0,-384.0,417.0,80.0,-306.0
-252.0,1046.0,-178.0,193.0,,60.0,-451.0,194.0,58.0,-380.0
-284.0,1092.0,-168.0,105.0,,-122.0,-338.0,134.0,-529.0,-306.0
-379.0,812.0,-177.0,-44.0,,81.0,-47.0,-31.0,-293.0,-292.0
-389.0,533.0,-215.0,6.0,,-37.0,195.0,-57.0,-204.0,-254.0
-345.0,123.0,-195.0,162.0,,-125.0,246.0,-243.0,-54.0,-254.0
-299.0,213.0,-236.0,291.0,,-106.0,296.0,-419.0,-37.0,-258.0
-276.0,21.0,-309.0,181.0,,226.0,411.0,-506.0,394.0,-244.0
-233.0,-287.0,-339.0,175.0,,350.0,436.0,-487.0,920.0,-201.0
-130.0,116.0,-391.0,251.0,,-27.0,422.0,-212.0,754.0,-146.0
-114.0,-87.0,-481.0,323.0,,-88.0,433.0,-66.0,571.0,-177.0
-104.0,-9.0,-481.0,365.0,,-158.0,378.0,253.0,-423.0,-177.0
-78.0,342.0,-491.0,207.0,,-242.0,204.0,421.0,413.0,-71.0
-5.0,1003.0,-555.0,245.0,,-507.0,60.0,513.0,424.0,11.0
37.0,977.0,-546.0,412.0,,-646.0,73.0,646.0,-712.0,-86.0
80.0,408.0,-563.0,499.0,,-437.0,193.0,517.0,-373.0,-115.0
171.0,305.0,-569.0,339.0,,-613.0,219.0,461.0,126.0,-61.0
186.0,-672.0,-565.0,163.0,,-895.0,109.0,247.0,580.0,-117.0
162.0,-996.0,-518.0,190.0,,-1119.0,126.0,138.0,-85.0,-179.0
174.0,-765.0,-469.0,283.0,,-969.0,197.0,112.0,51.0,-208.0
195.0,-156.0,-402.0,228.0,,-888.0,295.0,97.0,-214.0,-208.0
142.0,14.0,-321.0,130.0,,-1080.0,417.0,118.0,-77.0,-146.0
103.0,-169.0,-300.0,137.0,,-787.0,442.0,-49.0,585.0,-61.0
52.0,218.0,-220.0,-13.0,,-567.0,574.0,3.0,-386.0,-83.0
-20.0,-317.0,-203.0,51.0,,-530.0,681.0,-20.0,-751.0,-122.0
-19.0,-317.0,-228.0,198.0,,-669.0,565.0,101.0,-101.0,-155.0
14.0,-189.0,-269.0,238.0,,-559.0,368.0,243.0,-228.0,-177.0
-13.0,-48.0,-264.0,300.0,,-81.0,355.0,186.0,-17.0,-207.0
36.0,-122.0,-268.0,280.0,,-79.0,426.0,210.0,742.0,-323.0
201.0,-353.0,-297.0,315.0,,-304.0,349.0,-36.0,-1053.0,-434.0
247.0,49.0,-286.0,221.0,,-425.0,490.0,-149.0,-866.0,-475.0
215.0,-42.0,-283.0,-3.0,,-308.0,802.0,-341.0,-104.0,-450.0
284.0,-75.0,-255.0,-88.0,,-298.0,938.0,-502.0,-636.0,-513.0
373.0,350.0,-257.0,-167.0,,-533.0,891.0,-519.0,-399.0,-632.0
357.0,785.0,-210.0,-290.0,,-384.0,755.0,-565.0,-977.0,-641.0
349.0,359.0,-227.0,-307.0,,-31.0,694.0,-303.0,-263.0,-537.0
390.0,446.0,-232.0,-383.0,,-104.0,557.0,-267.0,499.0,-423.0
453.0,923.0,-262.0,-467.0,,-365.0,341.0,-168.0,893.0,-303.0
517.0,759.0,-316.0,-365.0,,-444.0,227.0,-147.0,648.0,-174.0
494.0,525.0,-304.0,-157.0,,-381.0,267.0,-249.0,462.0,-106.0
436.0,154.0,-341.0,-43.0,,-485.0,339.0,-127.0,734.0,-10.0
457.0,-520.0,-321.0,-13.0,,-721.0,215.0,-205.0,712.0,23.0
474.0,-1283.0,-329.0,-63.0,,-630.0,156.0,-101.0,847.0,-51.0
413.0,-1369.0,-310.0,-111.0,,-549.0,213.0,-35.0,1.0,-95.0
346.0,-1570.0,-287.0,31.0,,-463.0,280.0,24.0,271.0,-93.0
372.0,-1264.0,-250.0,145.0,,-271.0,456.0,86.0,-162.0,-74.0
416.0,-567.0,-257.0,234.0,,14.0,549.0,-11.0,-418.0,-94.0
386.0,-449.0,-271.0,380.0,,288.0,563.0,0.0,910.0,-182.0
387.0,-296.0,-227.0,462.0,,119.0,579.0,-109.0,-141.0,-203.0
362.0,206.0,-268.0,370.0,,-33.0,632.0,-18.0,-41.0,-143.0
351.0,754.0,-285.0,108.0,,-65.0,727.0,-57.0,749.0,-127.0
379.0,791.0,-303.0,-26.0,,-228.0,827.0,-97.0,524.0,-141.0
417.0,932.0,-334.0,-29.0,,-590.0,931.0,46.0,1008.0,-93.0
409.0,976.0,-354.0,-123.0,,-788.0,860.0,-109.0,458.0,-19.0
401.0,1144.0,-366.0,-251.0,,-416.0,725.0,-20.0,116.0,-47.0
482.0,1351.0,-389.0,-287.0,,10.0,678.0,103.0,-37.0,-15.0
485.0,1080.0,-414.0,-211.0,,12.0,648.0,317.0,-125.0,-7.0
481.0,814.0,-353.0,-187.0,,-137.0,714.0,535.0,-142.0,-172.0
494.0,220.0,-298.0,-96.0,,-67.0,799.0,476.0,19.0,-254.0
498.0,5.0,-312.0,31.0,,-85.0,764.0,448.0,-12.0,-150.0
472.0,-99.0,-267.0,89.0,,-231.0,648.0,290.0,-494.0,-136.0
442.0,-530.0,-234.0,185.0,,-476.0,552.0,327.0,354.0,-305.0
414.0,-492.0,-249.0,241.0,,-519.0,516.0,345.0,167.0,-316.0
350.0,-263.0,-209.0,377.0,,-258.0,543.0,412.0,-263.0,-200.0
335.0,-48.0,-205.0,365.0,,-289.0,617.0,511.0,-436.0,-163.0
263.0,-160.0,-191.0,235.0,,-204.0,566.0,256.0,-462.0,-160.0
138.0,98.0,-161.0,173.0,,-68.0,428.0,-3.0,443.0,-49.0
46.0,669.0,-145.0,127.0,,-123.0,265.0,-456.0,11.0,47.0
-12.0,846.0,-101.0,20.0,,-98.0,188.0,-829.0,-120.0,131.0
-64.0,1325.0,-71.0,-149.0,,-45.0,219.0,-1121.0,245.0,366.0
-69.0,1199.0,-102.0,-81.0,,85.0,223.0,-1269.0,490.0,454.0
-63.0,353.0,-88.0,-114.0,,-38.0,355.0,-1112.0,803.0,399.0
-134.0,17.0,-96.0,-250.0,,-292.0,363.0,-914.0,436.0,459.0
-168.0,46.0,-142.0,-243.0,,-173.0,263.0,-447.0,312.0,621.0
-108.0,-106.0,-105.0,-217.0,,146.0,353.0,-92.0,207.0,673.0
-70.0,-81.0,-163.0,-172.0,,242.0,436.0,354.0,-29.0,531.0
-91.0,140.0,-217.0,28.0,,68.0,567.0,740.0,29.0,397.0
-50.0,-51.0,-234.0,258.0,,-58.0,598.0,827.0,-61.0,366.0
30.0,-80.0,-306.0,378.0,,71.0,356.0,933.0,-221.0,371.0
60.0,-511.0,-414.0,581.0,,83.0,229.0,731.0,163.0,340.0
60.0,-1192.0,-487.0,548.0,,-276.0,257.0,606.0,303.0,325.0
51.0,-1224.0,-530.0,318.0,,-388.0,396.0,419.0,112.0,415.0
83.0,-1014.0,-622.0,170.0,,-141.0,645.0,267.0,413.0,540.0
174.0,-490.0,-595.0,104.0,,-73.0,687.0,314.0,481.0,547.0
241.0,194.0,-609.0,122.0,,-121.0,482.0,184.0,191.0,519.0
230.0,538.0,-593.0,95.0,,-12.0,284.0,125.0,390.0,514.0
247.0,127.0,-547.0,58.0,,56.0,329.0,-134.0,162.0,475.0
344.0,316.0,-559.0,-3.0,,58.0,474.0,-378.0,-6.0,488.0
341.0,800.0,-458.0,-107.0,,-58.0,451.0,-707.0,745.0,556.0
274.0,343.0,-470.0,0.0,,-11.0,230.0,-1079.0,123.0,537.0
263.0,387.0,-456.0,229.0,,178.0,115.0,-1084.0,202.0,439.0
284.0,1064.0,-412.0,207.0,,-110.0,339.0,-1034.0,993.0,479.0
265.0,1052.0,-478.0,41.0,,-359.0,474.0,-631.0,327.0,513.0
212.0,132.0,-407.0,-68.0,,-206.0,489.0,-258.0,165.0,419.0
217.0,-55.0,-373.0,-99.0,,109.0,571.0,88.0,284.0,359.0
228.0,376.0,-369.0,-3.0,,124.0,649.0,476.0,520.0,367.0
249.0,124.0,-297.0,154.0,,-75.0,710.0,548.0,328.0,448.0
251.0,0.0,-291.0,183.0,,84.0,637.0,550.0,225.0,440.0
265.0,426.0,-257.0,70.0,,199.0,679.0,236.0,66.0,396.0
291.0,499.0,-253.0,13.0,,-62.0,798.0,81.0,-31.0,396.0
318.0,-108.0,-231.0,-34.0,,-135.0,774.0,38.0,114.0,355.0
352.0,-232.0,-166.0,-134.0,,318.0,722.0,3.0,-9.0,379.0
364.0,111.0,-137.0,-128.0,,655.0,481.0,114.0,504.0,463.0
361.0,-118.0,-48.0,87.0,,637.0,262.0,-5.0,-165.0,478.0
352.0,-476.0,-52.0,222.0,,353.0,163.0,-53.0,-147.0,469.0
389.0,-411.0,-23.0,205.0,,329.0,73.0,-286.0,440.0,618.0
405.0,-697.0,-39.0,325.0,,597.0,103.0,-461.0,611.0,787.0
386.0,-1176.0,-141.0,483.0,,394.0,88.0,-397.0,824.0,809.0
291.0,-933.0,-111.0,695.0,,221.0,-4.0,-303.0,-235.0,770.0
251.0,-760.0,-217.0,840.0,,352.0,-63.0,-157.0,-221.0,739.0
234.0,-473.0,-255.0,919.0,,420.0,110.0,-240.0,173.0,773.0
185.0,441.0,-294.0,1048.0,,265.0,406.0,-164.0,-40.0,733.0
149.0,934.0,-367.0,1027.0,,271.0,532.0,-125.0,3.0,605.0
140.0,651.0,-361.0,904.0,,500.0,616.0,-99.0,-283.0,522.0
187.0,599.0,-413.0,581.0,,496.0,623.0,-42.0,-346.0,517.0
153.0,734.0,-328.0,240.0,,188.0,557.0,-140.0,148.0,583.0
162.0,426.0,-347.0,-55.0,,-129.0,518.0,12.0,18.0,626.0
128.0,628.0,-319.0,-325.0,,23.0,426.0,16.0,-5.0,656.0
102.0,1072.0,-291.0,-265.0,,139.0,412.0,36.0,-281.0,738.0
94.0,1106.0,-345.0,-83.0,,-25.0,378.0,105.0,-608.0,886.0
36.0,797.0,-274.0,80.0,,-56.0,169.0,181.0,-300.0,1002.0
-3.0,262.0,-267.0,270.0,,246.0,-19.0,327.0,-813.0,1000.0
-20.0,-288.0,-233.0,415.0,,437.0,-23.0,251.0,-210.0,991.0
24.0,-860.0,-211.0,394.0,,173.0,213.0,303.0,-74.0,1028.0
7.0,-1159.0,-182.0,135.0,,150.0,460.0,182.0,-349.0,1099.0
-7.0,-1138.0,-160.0,-137.0,,235.0,646.0,83.0,-410.0,1068.0
-82.0,-818.0,-158.0,-262.0,,13.0,830.0,-44.0,-571.0,937.0
-94.0,-754.0,-116.0,-115.0,,-229.0,978.0,-362.0,113.0,843.0
-103.0,-521.0,-130.0,107.0,,-100.0,1045.0,-519.0,-376.0,724.0
-156.0,220.0,-138.0,136.0,,221.0,908.0,-892.0,-494.0,713.0
-189.0,811.0,-144.0,179.0,,143.0,676.0,-1032.0,-221.0,708.0
-251.0,992.0,-214.0,221.0,,-89.0,437.0,-1069.0,233.0,609.0
-195.0,959.0,-251.0,151.0,,135.0,291.0,-1095.0,-43.0,614.0
-206.0,1534.0,-290.0,53.0,,699.0,252.0,-921.0,-696.0,711.0
-208.0,1515.0,-328.0,-34.0,,800.0,179.0,-752.0,-283.0,851.0
-201.0,903.0,-364.0,-120.0,,519.0,95.0,-410.0,-8.0,908.0
-190.0,318.0,-413.0,-202.0,,632.0,81.0,-240.0,-794.0,916.0
-201.0,-444.0,-428.0,-325.0,,870.0,213.0,99.0,-891.0,957.0
-263.0,-695.0,-472.0,-468.0,,913.0,313.0,424.0,291.0,1070.0
-261.0,-1121.0,-483.0,-471.0,,837.0,288.0,550.0,-652.0,1175.0
-290.0,-849.0,-518.0,-270.0,,811.0,313.0,759.0,-212.0,1164.0
-261.0,-408.0,-476.0,-103.0,,1046.0,283.0,554.0,377.0,1178.0
-279.0,-399.0,-453.0,-9.0,,982.0,214.0,308.0,-502.0,1215.0
-321.0,431.0,-459.0,148.0,,555.0,254.0,-31.0,-707.0,1298.0
-338.0,1072.0,-332.0,273.0,,457.0,209.0,-330.0,-1058.0,1350.0
-360.0,1305.0,-327.0,330.0,,607.0,76.0,-380.0,-18.0,1287.0
-385.0,974.0,-326.0,251.0,,509.0,-48.0,-456.0,261.0,1167.0
-409.0,534.0,-250.0,183.0,,297.0,-122.0,-312.0,-161.0,1081.0
-374.0,-80.0,-238.0,191.0,,198.0,-227.0,-321.0,-137.0,1070.0
-407.0,-1304.0,-259.0,238.0,,283.0,-469.0,-395.0,-178.0,909.0
-435.0,-1669.0,-229.0,220.0,,436.0,-563.0,-554.0,89.0,591.0
-400.0,-1788.0,-225.0,66.0,,443.0,-556.0,-746.0,56.0,410.0
-359.0,-1436.0,-209.0,96.0,,659.0,-392.0,-807.0,-310.0,361.0
-292.0,-474.0,-150.0,2.0,,704.0,-13.0,-1016.0,-419.0,265.0
-204.0,-70.0,-141.0,-171.0,,261.0,241.0,-1069.0,-613.0,204.0
-153.0,99.0,-87.0,-79.0,,89.0,423.0,-1156.0,-639.0,225.0
-166.0,363.0,-89.0,-91.0,,482.0,434.0,-1110.0,-358.0,247.0
-193.0,657.0,-49.0,-87.0,,764.0,313.0,-942.0,-498.0,303.0
-221.0,404.0,26.0,-34.0,,452.0,350.0,-790.0,-89.0,395.0
-245.0,709.0,-8.0,-65.0,,146.0,381.0,-500.0,-20.0,400.0
-315.0,1058.0,67.0,-26.0,,377.0,366.0,-376.0,-41.0,385.0
-418.0,903.0,65.0,-130.0,,894.0,271.0,-142.0,-318.0,470.0
-489.0,815.0,22.0,-221.0,,1076.0,-28.0,-44.0,-180.0,581.0
-515.0,33.0,65.0,-236.0,,1003.0,-275.0,-40.0,460.0,653.0
-522.0,-795.0,22.0,-58.0,,1151.0,-456.0,-99.0,-203.0,643.0
-585.0,-1799.0,27.0,520.0,,1260.0,-465.0,-485.0,160.0,676.0
-635.0,-2601.0,36.0,810.0,,840.0,-263.0,-739.0,-190.0,802.0
-634.0,-2786.0,5.0,660.0,,302.0,-235.0,-1056.0,-721.0,909.0
-655.0,-2154.0,-26.0,363.0,,228.0,-196.0,-1239.0,-704.0,945.0
-699.0,-1665.0,-14.0,121.0,,356.0,-51.0,-1387.0,-595.0,965.0
-655.0,-1351.0,-39.0,-2.0,,447.0,128.0,-1589.0,150.0,1025.0
-539.0,91.0,-55.0,-165.0,,496.0,174.0,-1585.0,-756.0,1063.0
-449.0,551.0,-17.0,-126.0,,603.0,-22.0,-1594.0,-554.0,1032.0
-369.0,139.0,-42.0,51.0,,517.0,-114.0,-1263.0,-263.0,931.0
-305.0,360.0,13.0,150.0,,147.0,-74.0,-947.0,-106.0,842.0
-252.0,351.0,-30.0,211.0,,3.0,109.0,-672.0,283.0,681.0
-212.0,-74.0,-78.0,200.0,,189.0,167.0,-461.0,-917.0,506.0
-170.0,41.0,-6.0,181.0,,146.0,-77.0,-582.0,-431.0,391.0
-191.0,-23.0,-65.0,165.0,,-178.0,-218.0,-626.0,77.0,222.0
-180.0,-487.0,-65.0,112.0,,-148.0,-313.0,-820.0,-676.0,119.0
-160.0,-687.0,-21.0,115.0,,162.0,-447.0,-820.0,-577.0,149.0
-184.0,-562.0,-43.0,181.0,,329.0,-474.0,-692.0,302.0,239.0
-207.0,-678.0,-7.0,342.0,,148.0,-503.0,-609.0,585.0,232.0
-245.0,-931.0,-32.0,424.0,,-43.0,-537.0,-495.0,34.0,256.0
-214.0,367.0,-44.0,307.0,,177.0,-550.0,-635.0,1.0,401.0
-264.0,574.0,-37.0,207.0,,259.0,-539.0,-713.0,79.0,492.0
-261.0,-199.0,-85.0,118.0,,-47.0,-495.0,-1019.0,29.0,509.0
-234.0,-330.0,-59.0,89.0,,-109.0,-551.0,-1297.0,-60.0,526.0
-251.0,-704.0,-96.0,163.0,,137.0,-483.0,-1437.0,173.0,584.0
-259.0,2.0,-92.0,206.0,,540.0,-209.0,-1648.0,-130.0,650.0
-241.0,310.0,-138.0,57.0,,847.0,119.0,-1683.0,-521.0,780.0
-151.0,301.0,-198.0,-283.0,,809.0,275.0,-1740.0,283.0,808.0
-184.0,126.0,-146.0,-480.0,,948.0,129.0,-1457.0,398.0,731.0
-179.0,-186.0,-210.0,-456.0,,999.0,42.0,-1103.0,330.0,803.0
-187.0,14.0,-209.0,-380.0,,834.0,21.0,-729.0,-293.0,904.0
-177.0,-366.0,-211.0,-225.0,,799.0,82.0,-290.0,-422.0,872.0
-162.0,-537.0,-222.0,-232.0,,692.0,162.0,-88.0,486.0,783.0
-223.0,-1043.0,-190.0,-277.0,,507.0,-96.0,83.0,236.0,703.0
-223.0,-1392.0,-152.0,38.0,,170.0,-447.0,-36.0,503.0,552.0
-211.0,-1564.0,-144.0,311.0,,12.0,-601.0,-92.0,152.0,357.0
-200.0,-1819.0,-139.0,335.0,,59.0,-652.0,-284.0,-30.0,154.0
-326.0,-1313.0,-120.0,441.0,,-43.0,-626.0,-637.0,435.0,-87.0
-390.0,-652.0,-192.0,553.0,,-91.0,-532.0,-835.0,-190.0,-359.0
-385.0,-126.0,-136.0,544.0,,29.0,-487.0,-1208.0,37.0,-534.0
-456.0,-209.0,-115.0,611.0,,390.0,-567.0,-1330.0,242.0,-563.0
-503.0,-208.0,-101.0,732.0,,493.0,-701.0,-1494.0,-562.0,-599.0
-508.0,594.0,-24.0,747.0,,2.0,-635.0,-1590.0,-506.0,-713.0
-466.0,1117.0,-31.0,585.0,,-164.0,-380.0,-1500.0,358.0,-728.0
-487.0,500.0,-18.0,344.0,,195.0,-142.0,-1422.0,-554.0,-549.0
-480.0,92.0,-24.0,214.0,,273.0,-39.0,-1073.0,-454.0,-443.0
-484.0,286.0,-17.0,76.0,,57.0,-74.0,-875.0,521.0,-479.0
-489.0,738.0,-65.0,110.0,,-130.0,-83.0,-598.0,-410.0,-469.0
-468.0,1083.0,-77.0,477.0,,-169.0,-74.0,-373.0,-224.0,-349.0
-481.0,1013.0,-31.0,477.0,,-108.0,-21.0,-288.0,-71.0,-279.0
-499.0,1272.0,-72.0,228.0,,-221.0,-1.0,-205.0,-320.0,-295.0
-492.0,846.0,-22.0,255.0,,-344.0,-21.0,-354.0,-152.0,-269.0
-411.0,722.0,27.0,332.0,,-346.0,130.0,-358.0,143.0,-277.0
-379.0,713.0,43.0,376.0,,-252.0,178.0,-500.0,534.0,-298.0
-337.0,-529.0,85.0,229.0,,-63.0,-12.0,-600.0,61.0,-196.0
-291.0,-1219.0,147.0,51.0,,320.0,-161.0,-602.0,24.0,-90.0
-248.0,-1072.0,250.0,76.0,,761.0,-166.0,-720.0,265.0,-191.0
-235.0,-521.0,290.0,83.0,,680.0,-45.0,-742.0,36.0,-286.0
-228.0,-888.0,372.0,-100.0,,407.0,159.0,-907.0,292.0,-150.0
-177.0,-1358.0,385.0,-328.0,,471.0,214.0,-896.0,-264.0,-88.0
-186.0,-538.0,373.0,-358.0,,624.0,16.0,-875.0,-740.0,-198.0
-132.0,-597.0,360.0,-265.0,,540.0,-150.0,-788.0,621.0,-225.0
-79.0,-654.0,330.0,-136.0,,342.0,-208.0,-615.0,503.0,-192.0
-71.0,53.0,280.0,-31.0,,365.0,-255.0,-580.0,-79.0,-234.0
-64.0,64.0,233.0,-20.0,,489.0,-290.0,-412.0,827.0,-265.0
-22.0,-275.0,277.0,-191.0,,511.0,-211.0,-522.0,320.0,-284.0
-20.0,-167.0,183.0,-342.0,,318.0,-54.0,-533.0,-242.0,-354.0
-49.0,618.0,174.0,-173.0,,92.0,-6.0,-487.0,725.0,-383.0
-33.0,530.0,187.0,27.0,,125.0,24.0,-489.0,165.0,-287.0
-102.0,-206.0,108.0,-15.0,,275.0,165.0,-341.0,-324.0,-180.0
-144.0,3.0,87.0,7.0,,491.0,382.0,-410.0,16.0,-211.0
-133.0,170.0,88.0,250.0,,738.0,517.0,-351.0,38.0,-176.0
-165.0,699.0,29.0,380.0,,757.0,512.0,-428.0,400.0,-112.0
-239.0,776.0,13.0,375.0,,413.0,452.0,-454.0,-458.0,-237.0
-244.0,394.0,10.0,484.0,,16.0,378.0,-452.0,-427.0,-341.0
-170.0,947.0,1.0,559.0,,-162.0,320.0,-519.0,-193.0,-365.0
-175.0,337.0,53.0,323.0,,-422.0,292.0,-277.0,-484.0,-430.0
-214.0,27.0,63.0,125.0,,-770.0,291.0,-166.0,-454.0,-566.0
-214.0,-185.0,121.0,149.0,,-755.0,214.0,123.0,-705.0,-598.0
-186.0,-889.0,62.0,79.0,,-355.0,135.0,280.0,-107.0,-549.0
-141.0,-257.0,147.0,-126.0,,-89.0,89.0,206.0,-44.0,-642.0
-155.0,-226.0,230.0,-156.0,,-33.0,29.0,144.0,-114.0,-646.0
-157.0,-263.0,222.0,-166.0,,239.0,-11.0,-140.0,96.0,-553.0
-130.0,98.0,343.0,-348.0,,552.0,-144.0,-308.0,309.0,-586.0
-111.0,-61.0,419.0,-171.0,,538.0,-218.0,-550.0,-11.0,-677.0
-79.0,-367.0,485.0,184.0,,303.0,-141.0,-620.0,-102.0,-628.0
-98.0,-460.0,487.0,320.0,,130.0,-104.0,-594.0,548.0,-550.0
-115.0,-925.0,559.0,285.0,,99.0,-129.0,-532.0,562.0,-621.0
-81.0,-1140.0,521.0,195.0,,126.0,-177.0,-190.0,935.0,-608.0
-51.0,-258.0,495.0,163.0,,125.0,-224.0,44.0,176.0,-561.0
-37.0,-51.0,507.0,273.0,,144.0,-266.0,439.0,-294.0,-563.0
-13.0,223.0,417.0,446.0,,346.0,-282.0,763.0,350.0,-535.0
5.0,986.0,416.0,351.0,,437.0,-135.0,936.0,246.0,-492.0
-13.0,1033.0,394.0,212.0,,367.0,184.0,1106.0,369.0,-493.0
-15.0,525.0,394.0,-16.0,,367.0,389.0,1042.0,46.0,-557.0
-2.0,-92.0,353.0,-247.0,,377.0,356.0,838.0,181.0,-483.0
-20.0,-238.0,343.0,-245.0,,254.0,288.0,476.0,293.0,-347.0
1.0,145.0,313.0,-352.0,,64.0,335.0,288.0,-54.0,-294.0
24.0,26.0,241.0,-373.0,,48.0,402.0,103.0,-61.0,-283.0
37.0,29.0,280.0,-83.0,,-10.0,386.0,-12.0,-408.0,-231.0
65.0,645.0,187.0,192.0,,-176.0,372.0,-44.0,-318.0,-155.0
88.0,283.0,155.0,152.0,,-319.0,317.0,-225.0,-191.0,-186.0
167.0,252.0,138.0,100.0,,-187.0,295.0,-44.0,164.0,-276.0
204.0,355.0,52.0,119.0,,72.0,413.0,109.0,184.0,-331.0
158.0,-66.0,33.0,-79.0,,-98.0,592.0,308.0,69.0,-287.0
148.0,121.0,-12.0,-174.0,,-313.0,699.0,609.0,430.0,-269.0
168.0,1062.0,-46.0,-169.0,,-284.0,563.0,772.0,-184.0,-294.0
140.0,1738.0,-117.0,-286.0,,-274.0,365.0,897.0,216.0,-250.0
74.0,578.0,-104.0,-273.0,,-375.0,273.0,639.0,245.0,-239.0
27.0,529.0,-196.0,-222.0,,-383.0,248.0,441.0,-624.0,-233.0
29.0,1204.0,-209.0,-197.0,,-237.0,219.0,166.0,-180.0,-217.0
33.0,725.0,-147.0,48.0,,68.0,117.0,-64.0,227.0,-330.0
14.0,376.0,-216.0,276.0,,354.0,67.0,-29.0,379.0,-536.0
-23.0,-329.0,-112.0,388.0,,359.0,90.0,-51.0,-84.0,-643.0
-33.0,-1.0,-104.0,287.0,,341.0,92.0,230.0,-119.0,-659.0
-3.0,557.0,-113.0,-65.0,,325.0,51.0,399.0,344.0,-716.0
6.0,278.0,-52.0,-176.0,,271.0,7.0,679.0,261.0,-770.0
15.0,-23.0,-13.0,-178.0,,138.0,0.0,1058.0,34.0,-789.0
0.0,-287.0,22.0,-280.0,,41.0,-18.0,1239.0,268.0,-771.0
0.0,-252.0,52.0,-348.0,,-20.0,-84.0,1450.0,600.0,-726.0
-6.0,-607.0,106.0,-332.0,,-98.0,-89.0,1311.0,900.0,-666.0
-15.0,-578.0,119.0,-321.0,,55.0,-4.0,1121.0,931.0,-583.0
-35.0,-640.0,136.0,-314.0,,313.0,98.0,715.0,242.0,-595.0
-61.0,-1089.0,185.0,-202.0,,389.0,121.0,319.0,487.0,-564.0
-53.0,-461.0,232.0,-210.0,,213.0,-12.0,194.0,639.0,-400.0
-22.0,128.0,249.0,-229.0,,123.0,-253.0,79.0,266.0,-402.0
-8.0,-135.0,237.0,-162.0,,227.0,-425.0,304.0,411.0,-516.0
-51.0,147.0,220.0,-19.0,,162.0,-353.0,519.0,338.0,-500.0
-74.0,1459.0,208.0,203.0,,-259.0,-287.0,812.0,-104.0,-434.0
-73.0,2170.0,162.0,303.0,,-586.0,-310.0,1036.0,-268.0,-434.0
-67.0,1652.0,138.0,377.0,,-477.0,-162.0,1119.0,-456.0,-377.0
-119.0,1111.0,120.0,426.0,,-290.0,49.0,1310.0,-219.0,-237.0
-165.0,1419.0,116.0,371.0,,-369.0,90.0,1324.0,-580.0,-204.0
-189.0,1723.0,133.0,241.0,,-517.0,1.0,1324.0,-704.0,-146.0
-229.0,1419.0,196.0,54.0,,-506.0,-22.0,1095.0,-154.0,24.0
-276.0,932.0,269.0,-61.0,,-633.0,-65.0,912.0,-398.0,35.0
-297.0,647.0,342.0,-197.0,,-812.0,-174.0,742.0,434.0,-98.0
-290.0,436.0,400.0,-311.0,,-761.0,-251.0,513.0,-236.0,-154.0
-315.0,186.0,364.0,-265.0,,-448.0,-369.0,585.0,-669.0,-190.0
-297.0,91.0,378.0,-284.0,,-219.0,-450.0,563.0,30.0,-336.0
-319.0,-325.0,332.0,-363.0,,-137.0,-433.0,716.0,-309.0,-549.0
-290.0,-138.0,304.0,-349.0,,-37.0,-331.0,787.0,-189.0,-656.0
-200.0,27.0,271.0,-159.0,,-169.0,-226.0,800.0,-586.0,-649.0
-133.0,-200.0,178.0,-22.0,,-321.0,-122.0,848.0,-318.0,-712.0
-99.0,-593.0,211.0,-73.0,,-344.0,62.0,637.0,136.0,-719.0
-97.0,-1150.0,204.0,19.0,,-30.0,129.0,631.0,-344.0,-605.0
-10.0,-518.0,194.0,190.0,,387.0,128.0,572.0,-89.0,-548.0
22.0,-218.0,206.0,359.0,,532.0,232.0,694.0,408.0,-465.0
17.0,-429.0,175.0,417.0,,625.0,336.0,859.0,270.0,-312.0
-10.0,-624.0,174.0,321.0,,694.0,322.0,925.0,162.0,-253.0
26.0,-173.0,161.0,243.0,,727.0,238.0,1140.0,62.0,-267.0
84.0,385.0,182.0,217.0,,398.0,65.0,1125.0,18.0,-244.0
46.0,450.0,181.0,131.0,,-131.0,-144.0,1256.0,-349.0,-240.0
50.0,849.0,169.0,-73.0,,-347.0,-241.0,1241.0,-462.0,-310.0
59.0,787.0,175.0,-219.0,,-314.0,-268.0,1145.0,168.0,-420.0
145.0,1334.0,109.0,-313.0,,-348.0,-208.0,1108.0,311.0,-474.0
139.0,1361.0,76.0,-289.0,,-405.0,-185.0,921.0,308.0,-439.0
64.0,1039.0,33.0,-118.0,,-181.0,-224.0,894.0,340.0,-399.0
78.0,294.0,15.0,2.0,,-22.0,-172.0,739.0,422.0,-362.0
150.0,-1013.0,15.0,-38.0,,-76.0,-81.0,718.0,501.0,-259.0
241.0,-611.0,11.0,-74.0,,-126.0,-39.0,711.0,34.0,-130.0
232.0,-432.0,65.0,6.0,,-47.0,-80.0,711.0,-18.0,-33.0
310.0,-1182.0,96.0,166.0,,78.0,-160.0,794.0,324.0,71.0
416.0,-2171.0,142.0,132.0,,-22.0,-323.0,700.0,138.0,78.0
457.0,-1819.0,181.0,-55.0,,-141.0,-476.0,838.0,205.0,-1.0
425.0,-1193.0,168.0,-103.0,,-77.0,-514.0,881.0,644.0,-50.0
397.0,-1310.0,154.0,-218.0,,23.0,-484.0,918.0,553.0,-137.0
444.0,-1051.0,132.0,-233.0,,-124.0,-406.0,957.0,405.0,-276.0
461.0,-1183.0,80.0,-136.0,,-440.0,-293.0,903.0,512.0,-449.0
452.0,-355.0,48.0,-76.0,,-504.0,-65.0,994.0,-20.0,-528.0
388.0,312.0,-35.0,44.0,,-365.0,174.0,875.0,127.0,-481.0
401.0,698.0,-112.0,159.0,,-252.0,265.0,798.0,106.0,-497.0
429.0,1673.0,-124.0,194.0,,-155.0,247.0,600.0,-443.0,-535.0
389.0,1475.0,-184.0,242.0,,153.0,177.0,380.0,-228.0,-464.0
386.0,765.0,-224.0,135.0,,477.0,133.0,371.0,-489.0,-370.0
376.0,1284.0,-218.0,-106.0,,339.0,95.0,458.0,-242.0,-367.0
342.0,1850.0,-274.0,57.0,,189.0,4.0,835.0,180.0,-304.0
305.0,1538.0,-267.0,176.0,,217.0,-151.0,995.0,270.0,-250.0
295.0,1436.0,-260.0,132.0,,45.0,-378.0,1106.0,205.0,-362.0
306.0,1342.0,-304.0,193.0,,-181.0,-603.0,1127.0,212.0,-342.0
316.0,1269.0,-262.0,97.0,,-315.0,-727.0,997.0,182.0,-229.0
343.0,424.0,-283.0,48.0,,-403.0,-702.0,997.0,-258.0,-253.0
385.0,-286.0,-284.0,117.0,,-668.0,-596.0,783.0,-539.0,-313.0
434.0,-381.0,-284.0,107.0,,-782.0,-590.0,739.0,-275.0,-246.0
459.0,-721.0,-322.0,83.0,,-487.0,-663.0,667.0,257.0,-152.0
477.0,-543.0,-311.0,-12.0,,-46.0,-554.0,637.0,-266.0,-163.0
468.0,-449.0,-336.0,-176.0,,265.0,-338.0,678.0,264.0,-112.0
424.0,-540.0,-345.0,-233.0,,141.0,-172.0,480.0,703.0,-30.0
405.0,-410.0,-352.0,-356.0,,14.0,-10.0,508.0,116.0,-25.0
371.0,-172.0,-351.0,-352.0,,-17.0,74.0,532.0,160.0,-43.0
416.0,-207.0,-377.0,-150.0,,-262.0,77.0,772.0,131.0,-11.0
450.0,-312.0,-363.0,53.0,,-588.0,45.0,1088.0,322.0,-12.0
452.0,-67.0,-352.0,304.0,,-589.0,2.0,1256.0,-40.0,-93.0
470.0,401.0,-398.0,342.0,,-252.0,57.0,1431.0,38.0,-127.0
439.0,980.0,-363.0,235.0,,64.0,130.0,1337.0,16.0,-151.0
417.0,1442.0,-445.0,245.0,,431.0,42.0,1176.0,-559.0,-230.0
347.0,917.0,-448.0,364.0,,707.0,-116.0,800.0,-585.0,-306.0
322.0,491.0,-416.0,580.0,,990.0,-207.0,423.0,-267.0,-255.0
311.0,817.0,-489.0,679.0,,999.0,-297.0,77.0,-229.0,-172.0
293.0,310.0,-425.0,566.0,,626.0,-369.0,-205.0,-700.0,-146.0
271.0,-403.0,-411.0,367.0,,446.0,-522.0,-162.0,-42.0,-114.0
193.0,-778.0,-407.0,86.0,,462.0,-716.0,-173.0,25.0,-83.0
159.0,-190.0,-341.0,-96.0,,596.0,-636.0,62.0,-155.0,-48.0
130.0,252.0,-318.0,-214.0,,495.0,-492.0,203.0,295.0,-54.0
114.0,-148.0,-299.0,-305.0,,411.0,-486.0,242.0,39.0,-63.0
22.0,-106.0,-253.0,-259.0,,513.0,-459.0,389.0,362.0,-64.0
-61.0,-717.0,-205.0,-209.0,,438.0,-422.0,325.0,605.0,-67.0
-38.0,-1337.0,-173.0,-92.0,,183.0,-334.0,485.0,213.0,-122.0
-39.0,-1329.0,-143.0,-44.0,,-121.0,-161.0,587.0,204.0,-191.0
-52.0,-1362.0,-134.0,-132.0,,-183.0,-65.0,733.0,387.0,-267.0
-50.0,-604.0,-134.0,-93.0,,-311.0,-88.0,827.0,470.0,-439.0
-10.0,328.0,-156.0,-44.0,,-323.0,-93.0,742.0,444.0,-549.0
2.0,728.0,-202.0,-68.0,,-65.0,-6.0,726.0,576.0,-551.0
-7.0,787.0,-240.0,-103.0,,24.0,98.0,445.0,544.0,-522.0
-14.0,266.0,-261.0,-94.0,,54.0,157.0,315.0,511.0,-545.0
-17.0,158.0,-277.0,72.0,,56.0,224.0,73.0,605.0,-524.0
39.0,334.0,-275.0,356.0,,77.0,327.0,-195.0,156.0,-474.0
78.0,566.0,-224.0,717.0,,2.0,291.0,-279.0,292.0,-502.0
71.0,721.0,-250.0,796.0,,-154.0,175.0,-395.0,265.0,-516.0
90.0,54.0,-247.0,612.0,,-60.0,160.0,-153.0,9.0,-517.0
157.0,-319.0,-216.0,525.0,,221.0,148.0,214.0,-414.0,-457.0
180.0,103.0,-338.0,274.0,,439.0,116.0,700.0,-876.0,-397.0
141.0,-190.0,-392.0,19.0,,396.0,41.0,1016.0,-224.0,-368.0
172.0,-795.0,-438.0,-71.0,,350.0,-117.0,1175.0,-306.0,-332.0
194.0,84.0,-512.0,-234.0,,552.0,-320.0,1215.0,-136.0,-318.0
163.0,929.0,-536.0,-300.0,,701.0,-499.0,988.0,32.0,-278.0
190.0,1368.0,-535.0,-234.0,,691.0,-621.0,840.0,-172.0,-199.0
148.0,1078.0,-519.0,-303.0,,709.0,-699.0,341.0,121.0,-102.0
75.0,538.0,-512.0,-447.0,,737.0,-634.0,-66.0,256.0,-37.0
121.0,662.0,-469.0,-414.0,,525.0,-534.0,-277.0,531.0,26.0
179.0,82.0,-453.0,-235.0,,325.0,-565.0,-506.0,420.0,94.0
163.0,45.0,-465.0,-203.0,,371.0,-548.0,-458.0,225.0,123.0
159.0,-51.0,-472.0,-132.0,,417.0,-451.0,-452.0,266.0,120.0
190.0,-1.0,-435.0,-186.0,,286.0,-324.0,-155.0,309.0,75.0
165.0,131.0,-409.0,-433.0,,-12.0,-177.0,142.0,18.0,41.0
163.0,28.0,-409.0,-349.0,,-59.0,-90.0,360.0,-447.0,51.0
167.0,332.0,-407.0,-281.0,,-33.0,40.0,598.0,-441.0,55.0
179.0,-267.0,-448.0,-288.0,,-133.0,116.0,572.0,-94.0,16.0
222.0,57.0,-490.0,-293.0,,-329.0,85.0,602.0,-74.0,-88.0
292.0,464.0,-493.0,-385.0,,-613.0,56.0,386.0,13.0,-167.0
328.0,409.0,-457.0,-475.0,,-402.0,105.0,262.0,218.0,-200.0
261.0,288.0,-428.0,-366.0,,-3.0,283.0,212.0,-20.0,-269.0
308.0,-773.0,-402.0,-105.0,,276.0,343.0,-25.0,-77.0,-378.0
382.0,-682.0,-349.0,-63.0,,594.0,264.0,-230.0,147.0,-476.0
388.0,-229.0,-349.0,-53.0,,665.0,121.0,-519.0,152.0,-501.0
414.0,-413.0,-337.0,-103.0,,221.0,-56.0,-609.0,66.0,-508.0
427.0,-506.0,-308.0,-211.0,,-401.0,-211.0,-711.0,204.0,-537.0
399.0,-652.0,-402.0,-209.0,,-459.0,-303.0,-548.0,333.0,-600.0
373.0,-634.0,-449.0,-2.0,,-302.0,-199.0,-339.0,585.0,-686.0
407.0,-712.0,-504.0,-21.0,,-225.0,-101.0,-282.0,419.0,-698.0
426.0,-792.0,-571.0,-342.0,,58.0,-154.0,5.0,278.0,-662.0
446.0,-386.0,-523.0,-451.0,,420.0,-244.0,48.0,359.0,-654.0
503.0,-768.0,-523.0,-455.0,,684.0,-270.0,232.0,246.0,-666.0
490.0,-976.0,-497.0,-308.0,,600.0,-287.0,312.0,564.0,-651.0
414.0,-59.0,-426.0,-186.0,,515.0,-301.0,205.0,883.0,-553.0
391.0,161.0,-374.0,-21.0,,884.0,-219.0,199.0,966.0,-438.0
387.0,185.0,-342.0,150.0,,1270.0,-206.0,-64.0,759.0,-414.0
369.0,494.0,-320.0,144.0,,1244.0,-229.0,-219.0,614.0,-400.0
369.0,1067.0,-314.0,165.0,,798.0,-171.0,-371.0,373.0,-332.0
344.0,1310.0,-345.0,248.0,,310.0,-96.0,-373.0,191.0,-213.0
249.0,1862.0,-363.0,548.0,,100.0,-141.0,-301.0,338.0,-136.0
236.0,2438.0,-398.0,660.0,,-221.0,-245.0,-393.0,81.0,-138.0
293.0,1448.0,-452.0,484.0,,-391.0,-160.0,-402.0,-241.0,-123.0
266.0,756.0,-466.0,410.0,,-104.0,-28.0,-445.0,-188.0,-93.0
245.0,31.0,-497.0,382.0,,132.0,92.0,-327.0,42.0,-36.0
287.0,-682.0,-539.0,331.0,,78.0,202.0,-210.0,-236.0,-10.0
324.0,-813.0,-488.0,273.0,,-112.0,185.0,-103.0,-386.0,6.0
292.0,-692.0,-475.0,334.0,,-152.0,252.0,-90.0,113.0,44.0
313.0,-174.0,-384.0,419.0,,-296.0,385.0,-267.0,-28.0,111.0
331.0,-409.0,-280.0,535.0,,-489.0,345.0,-421.0,-165.0,152.0
302.0,-222.0,-266.0,743.0,,-425.0,314.0,-733.0,-220.0,103.0
311.0,49.0,-172.0,597.0,,-133.0,258.0,-770.0,-610.0,115.0
315.0,-93.0,-154.0,301.0,,-83.0,130.0,-825.0,-329.0,128.0
332.0,-315.0,-147.0,136.0,,-517.0,54.0,-873.0,-121.0,99.0
340.0,-627.0,-166.0,-82.0,,-608.0,-68.0,-676.0,-161.0,72.0
365.0,-167.0,-234.0,-164.0,,-167.0,-96.0,-685.0,-248.0,82.0
362.0,-490.0,-273.0,-226.0,,272.0,-172.0,-454.0,-365.0,79.0
323.0,-786.0,-287.0,-335.0,,295.0,-329.0,-297.0,-109.0,57.0
318.0,-513.0,-290.0,-403.0,,350.0,-335.0,-147.0,174.0,106.0
350.0,41.0,-345.0,-366.0,,659.0,-303.0,109.0,117.0,5.0
378.0,-60.0,-345.0,-156.0,,634.0,-283.0,114.0,18.0,-169.0
382.0,-366.0,-364.0,51.0,,160.0,-266.0,84.0,153.0,-263.0
355.0,657.0,-388.0,112.0,,-268.0,-162.0,-110.0,509.0,-383.0
347.0,487.0,-423.0,125.0,,-123.0,14.0,-219.0,310.0,-498.0
396.0,-43.0,-435.0,149.0,,-14.0,288.0,-404.0,-205.0,-583.0
382.0,-945.0,-462.0,221.0,,-229.0,631.0,-587.0,328.0,-590.0
343.0,-1213.0,-514.0,423.0,,-287.0,801.0,-757.0,178.0,-536.0
341.0,-650.0,-467.0,448.0,,-37.0,761.0,-925.0,-45.0,-479.0
385.0,-461.0,-508.0,438.0,,157.0,618.0,-613.0,296.0,-455.0
380.0,-109.0,-447.0,484.0,,96.0,498.0,-408.0,145.0,-484.0
284.0,-320.0,-451.0,169.0,,121.0,334.0,-147.0,301.0,-520.0
208.0,439.0,-482.0,-325.0,,325.0,110.0,22.0,315.0,-422.0
143.0,509.0,-422.0,-643.0,,395.0,-136.0,-18.0,599.0,-256.0
84.0,888.0,-459.0,-830.0,,60.0,-344.0,77.0,601.0,-288.0
32.0,1530.0,-466.0,-929.0,,-56.0,-383.0,-182.0,74.0,-314.0
-31.0,771.0,-471.0,-802.0,,-66.0,-330.0,-402.0,-34.0,-172.0
-103.0,416.0,-426.0,-619.0,,-250.0,-266.0,-530.0,-127.0,-51.0
-107.0,-254.0,-453.0,-502.0,,-325.0,-238.0,-543.0,-194.0,-71.0
-102.0,-953.0,-449.0,-172.0,,-290.0,-211.0,-382.0,97.0,-101.0
-161.0,-1653.0,-410.0,148.0,,-78.0,-145.0,-312.0,151.0,-48.0
-233.0,-1616.0,-384.0,317.0,,-123.0,-72.0,-223.0,187.0,-47.0
-254.0,-1526.0,-362.0,551.0,,-243.0,-28.0,-328.0,340.0,19.0
-263.0,-1523.0,-384.0,650.0,,-36.0,-71.0,-412.0,122.0,69.0
-330.0,-712.0,-336.0,480.0,,252.0,-129.0,-631.0,147.0,9.0
-319.0,-364.0,-291.0,175.0,,84.0,-155.0,-794.0,-326.0,-11.0
-246.0,107.0,-291.0,-98.0,,-313.0,-183.0,-785.0,-545.0,5.0
-175.0,310.0,-298.0,-328.0,,-255.0,-224.0,-973.0,-383.0,29.0
-82.0,123.0,-238.0,-384.0,,129.0,-256.0,-866.0,-545.0,0.0
4.0,95.0,-219.0,-373.0,,380.0,-213.0,-790.0,-411.0,-29.0
61.0,135.0,-219.0,-480.0,,256.0,-139.0,-687.0,-28.0,-30.0
151.0,-83.0,-128.0,-533.0,,312.0,-129.0,-498.0,554.0,69.0
248.0,-590.0,-56.0,-464.0,,290.0,-161.0,-533.0,358.0,190.0
284.0,-751.0,-59.0,-355.0,,-39.0,-122.0,-443.0,532.0,183.0
339.0,-744.0,4.0,-400.0,,-217.0,0.0,-476.0,1024.0,219.0
435.0,-1007.0,17.0,-449.0,,67.0,186.0,-504.0,976.0,328.0
473.0,-1357.0,-21.0,-458.0,,529.0,361.0,-578.0,700.0,409.0
425.0,-803.0,9.0,-329.0,,404.0,366.0,-691.0,633.0,452.0
424.0,-21.0,-18.0,-44.0,,126.0,188.0,-716.0,946.0,477.0
444.0,298.0,-12.0,-69.0,,73.0,-59.0,-816.0,640.0,445.0
435.0,444.0,-42.0,-205.0,,216.0,-176.0,-753.0,698.0,461.0
382.0,749.0,-49.0,-176.0,,127.0,-92.0,-812.0,537.0,542.0
346.0,1250.0,-70.0,-78.0,,-22.0,30.0,-683.0,476.0,463.0
321.0,1234.0,-171.0,31.0,,139.0,40.0,-491.0,409.0,320.0
257.0,1474.0,-241.0,77.0,,291.0,-90.0,-482.0,-71.0,273.0
211.0,1811.0,-279.0,-4.0,,216.0,-298.0,-343.0,-6.0,303.0
149.0,1181.0,-266.0,-46.0,,-154.0,-444.0,-445.0,-361.0,285.0
119.0,642.0,-291.0,-82.0,,-110.0,-392.0,-447.0,-180.0,200.0
61.0,661.0,-279.0,-255.0,,6.0,-336.0,-539.0,-36.0,193.0
0.0,294.0,-302.0,-495.0,,-166.0,-296.0,-724.0,-357.0,232.0
-64.0,-273.0,-302.0,-795.0,,-275.0,-99.0,-757.0,-495.0,257.0
-132.0,-730.0,-319.0,-706.0,,-161.0,46.0,-885.0,-414.0,278.0
-189.0,-1037.0,-392.0,-476.0,,-6.0,123.0,-866.0,23.0,272.0
-265.0,-1481.0,-416.0,-312.0,,-315.0,118.0,-868.0,-86.0,233.0
-299.0,-1776.0,-491.0,-94.0,,-580.0,75.0,-724.0,-37.0,220.0
-302.0,-1511.0,-501.0,-121.0,,-356.0,165.0,-661.0,-26.0,196.0
-315.0,-1770.0,-489.0,17.0,,-57.0,227.0,-570.0,-341.0,99.0
-353.0,-1416.0,-448.0,70.0,,-101.0,230.0,-325.0,-293.0,-1.0
-378.0,-913.0,-389.0,-117.0,,-200.0,137.0,-295.0,-630.0,-58.0
-389.0,-1384.0,-324.0,-139.0,,-80.0,-76.0,-75.0,-742.0,-133.0
-380.0,-1327.0,-280.0,25.0,,107.0,-305.0,-197.0,-338.0,-187.0
-414.0,-1193.0,-260.0,288.0,,-94.0,-394.0,-448.0,-464.0,-174.0
-453.0,-1370.0,-209.0,377.0,,-387.0,-408.0,-558.0,-383.0,-231.0
-489.0,-1150.0,-258.0,370.0,,-223.0,-467.0,-774.0,86.0,-269.0
-516.0,-250.0,-279.0,335.0,,-56.0,-393.0,-746.0,267.0,-206.0
-574.0,-259.0,-319.0,311.0,,-103.0,-284.0,-744.0,270.0,-209.0
-647.0,-559.0,-389.0,336.0,,-143.0,-230.0,-709.0,95.0,-314.0
-617.0,275.0,-382.0,438.0,,192.0,-296.0,-761.0,60.0,-346.0
-625.0,806.0,-419.0,438.0,,439.0,-432.0,-731.0,307.0,-262.0
-630.0,902.0,-440.0,311.0,,375.0,-387.0,-685.0,230.0,-247.0
-617.0,1074.0,-451.0,339.0,,530.0,-149.0,-716.0,47.0,-254.0
-583.0,1689.0,-450.0,376.0,,805.0,88.0,-521.0,192.0,-199.0
-549.0,2106.0,-413.0,427.0,,800.0,50.0,-565.0,73.0,-136.0
-513.0,1999.0,-439.0,407.0,,196.0,-132.0,-513.0,-193.0,-81.0
-453.0,1544.0,-437.0,311.0,,-333.0,-253.0,-546.0,-377.0,-17.0
-421.0,1587.0,-447.0,331.0,,-275.0,-117.0,-744.0,-508.0,22.0
-380.0,1771.0,-465.0,273.0,,-183.0,179.0,-746.0,-515.0,24.0
-347.0,662.0,-401.0,143.0,,-250.0,367.0,-853.0,-604.0,105.0
-309.0,106.0,-405.0,58.0,,-287.0,535.0,-910.0,-288.0,206.0
-302.0,-445.0,-394.0,15.0,,-217.0,447.0,-1047.0,-82.0,217.0
-243.0,-1345.0,-398.0,-38.0,,-292.0,296.0,-997.0,-157.0,202.0
-180.0,-1487.0,-426.0,-94.0,,-610.0,314.0,-890.0,-25.0,152.0
-175.0,-1261.0,-365.0,-32.0,,-699.0,274.0,-846.0,-152.0,144.0
-148.0,-888.0,-351.0,-85.0,,-598.0,366.0,-554.0,-324.0,183.0
-139.0,-764.0,-237.0,-180.0,,-544.0,423.0,-533.0,-446.0,104.0
-150.0,240.0,-146.0,-160.0,,-592.0,395.0,-417.0,-403.0,26.0
-181.0,745.0,-102.0,-114.0,,-634.0,458.0,-376.0,-601.0,61.0
-174.0,448.0,-39.0,-9.0,,-522.0,443.0,-609.0,-614.0,88.0
-137.0,285.0,-52.0,121.0,,-830.0,291.0,-676.0,-201.0,32.0
-80.0,210.0,-20.0,526.0,,-1310.0,99.0,-801.0,-397.0,-43.0
13.0,974.0,-65.0,757.0,,-1076.0,84.0,-779.0,-412.0,-94.0
44.0,564.0,-88.0,640.0,,-372.0,95.0,-744.0,-121.0,-200.0
82.0,126.0,-88.0,522.0,,-38.0,21.0,-624.0,-108.0,-259.0
144.0,205.0,-112.0,280.0,,-80.0,-122.0,-539.0,-206.0,-203.0
161.0,-181.0,-131.0,146.0,,150.0,-280.0,-528.0,-372.0,-232.0
136.0,-260.0,-153.0,48.0,,408.0,-384.0,-376.0,-391.0,-336.0
45.0,-439.0,-106.0,-58.0,,326.0,-623.0,-487.0,56.0,-295.0
32.0,-373.0,-75.0,-141.0,,51.0,-637.0,-402.0,202.0,-221.0
65.0,-324.0,-15.0,-235.0,,-12.0,-332.0,-347.0,106.0,-367.0
69.0,-47.0,37.0,-124.0,,139.0,-149.0,-291.0,468.0,-498.0
33.0,306.0,48.0,-10.0,,-26.0,-167.0,-62.0,542.0,-510.0
18.0,369.0,70.0,-121.0,,-233.0,-238.0,-94.0,221.0,-579.0
39.0,-41.0,73.0,-225.0,,-68.0,-287.0,-112.0,68.0,-599.0
-24.0,-537.0,94.0,-178.0,,139.0,-197.0,-290.0,251.0,-527.0
-87.0,-625.0,108.0,-141.0,,-31.0,73.0,-323.0,181.0,-512.0
-140.0,-477.0,103.0,-109.0,,-370.0,230.0,-373.0,138.0,-552.0
-131.0,-277.0,83.0,37.0,,-401.0,205.0,-445.0,84.0,-381.0
-129.0,-397.0,41.0,124.0,,-126.0,101.0,-304.0,22.0,-163.0
-159.0,99.0,36.0,136.0,,-39.0,133.0,-402.0,149.0,-213.0
-194.0,-78.0,26.0,221.0,,-248.0,233.0,-327.0,-101.0,-206.0
-208.0,-344.0,57.0,387.0,,-309.0,201.0,-408.0,84.0,-25.0
-143.0,-270.0,109.0,539.0,,-217.0,197.0,-517.0,389.0,97.0
-149.0,-740.0,186.0,572.0,,-304.0,212.0,-461.0,149.0,172.0
-158.0,-628.0,238.0,603.0,,-571.0,282.0,-424.0,-239.0,293.0
-140.0,-664.0,288.0,482.0,,-432.0,306.0,-129.0,-193.0,389.0
-121.0,121.0,343.0,221.0,,-217.0,219.0,-9.0,30.0,430.0
-119.0,549.0,258.0,51.0,,-204.0,189.0,105.0,-204.0,520.0
-129.0,317.0,253.0,-29.0,,-8.0,329.0,-22.0,-213.0,576.0
-108.0,729.0,235.0,-100.0,,168.0,645.0,-162.0,100.0,504.0
-93.0,691.0,161.0,-335.0,,273.0,963.0,-96.0,-47.0,485.0
-63.0,797.0,187.0,-410.0,,84.0,1058.0,-236.0,-352.0,502.0
-54.0,415.0,178.0,-229.0,,34.0,726.0,-81.0,-206.0,442.0
-110.0,-158.0,188.0,-74.0,,177.0,361.0,-99.0,8.0,423.0
-194.0,-581.0,228.0,13.0,,-125.0,380.0,-188.0,-38.0,456.0
-255.0,-1103.0,237.0,72.0,,-466.0,475.0,-221.0,-432.0,516.0
-286.0,-1511.0,244.0,43.0,,-427.0,322.0,-345.0,-486.0,661.0
-284.0,-1386.0,233.0,-151.0,,-14.0,15.0,-216.0,-379.0,890.0
-257.0,-885.0,192.0,-214.0,,156.0,-233.0,-166.0,-500.0,1021.0
-226.0,-765.0,182.0,-167.0,,-119.0,-339.0,92.0,-159.0,1163.0
-176.0,-199.0,180.0,-127.0,,-169.0,-262.0,269.0,304.0,1417.0
-118.0,-314.0,160.0,-153.0,,-35.0,-59.0,351.0,100.0,1506.0
-92.0,-342.0,193.0,-124.0,,-182.0,146.0,461.0,-17.0,1536.0
-76.0,22.0,241.0,-17.0,,-436.0,222.0,354.0,383.0,1571.0
-44.0,-2.0,352.0,-27.0,,-376.0,162.0,310.0,310.0,1507.0
7.0,280.0,414.0,121.0,,-33.0,154.0,86.0,260.0,1416.0
54.0,252.0,476.0,272.0,,70.0,316.0,0.0,-22.0,1391.0
92.0,292.0,519.0,197.0,,-114.0,546.0,-110.0,-418.0,1290.0
95.0,299.0,526.0,181.0,,-78.0,740.0,-232.0,-395.0,1074.0
57.0,540.0,605.0,318.0,,237.0,796.0,-190.0,-437.0,1046.0
89.0,661.0,635.0,314.0,,256.0,704.0,-260.0,-236.0,1048.0
84.0,1088.0,695.0,390.0,,-91.0,493.0,-1.0,-278.0,886.0
34.0,1935.0,666.0,576.0,,10.0,275.0,160.0,-354.0,790.0
27.0,1814.0,659.0,529.0,,455.0,194.0,227.0,2.0,786.0
31.0,1650.0,638.0,346.0,,653.0,170.0,234.0,335.0,687.0
11.0,1475.0,629.0,66.0,,510.0,268.0,138.0,267.0,583.0
-38.0,1123.0,632.0,35.0,,392.0,349.0,194.0,-108.0,566.0
-58.0,708.0,533.0,175.0,,558.0,227.0,134.0,-370.0,506.0
-103.0,39.0,577.0,129.0,,575.0,24.0,297.0,-219.0,394.0
-135.0,-370.0,557.0,182.0,,455.0,-62.0,303.0,-209.0,402.0
-184.0,-409.0,543.0,246.0,,236.0,7.0,254.0,-510.0,479.0
-245.0,-532.0,537.0,35.0,,111.0,64.0,264.0,-496.0,434.0
-275.0,-807.0,525.0,-174.0,,137.0,219.0,-22.0,-495.0,462.0
-295.0,-1130.0,549.0,-177.0,,151.0,379.0,-75.0,-618.0,612.0
-290.0,-1214.0,507.0,-71.0,,361.0,310.0,-169.0,-304.0,698.0
-348.0,-1312.0,523.0,94.0,,236.0,109.0,-81.0,310.0,749.0
-333.0,-1440.0,505.0,197.0,,-166.0,-20.0,201.0,116.0,856.0
-304.0,-947.0,456.0,143.0,,-343.0,21.0,445.0,-40.0,903.0
-343.0,-1245.0,468.0,85.0,,-261.0,91.0,716.0,326.0,845.0
-341.0,-1663.0,465.0,16.0,,-177.0,151.0,654.0,264.0,864.0
-275.0,-853.0,470.0,-83.0,,-644.0,172.0,685.0,80.0,858.0
-184.0,-216.0,465.0,24.0,,-998.0,186.0,618.0,29.0,804.0
-177.0,-130.0,418.0,152.0,,-651.0,251.0,574.0,264.0,748.0
-147.0,653.0,365.0,60.0,,-306.0,208.0,637.0,617.0,749.0
-120.0,1982.0,254.0,-55.0,,-426.0,261.0,502.0,878.0,747.0
-119.0,1916.0,185.0,-89.0,,-540.0,523.0,569.0,809.0,641.0
-112.0,1786.0,113.0,-56.0,,-317.0,650.0,567.0,828.0,568.0
-122.0,2233.0,45.0,-92.0,,-273.0,569.0,668.0,616.0,535.0
-110.0,2305.0,68.0,-236.0,,-408.0,539.0,652.0,88.0,559.0
-57.0,1962.0,77.0,-404.0,,-374.0,595.0,509.0,196.0,567.0
2.0,1160.0,95.0,-524.0,,-98.0,540.0,511.0,-26.0,553.0
-50.0,1148.0,144.0,-429.0,,-31.0,303.0,369.0,-595.0,582.0
-100.0,733.0,112.0,-402.0,,-492.0,77.0,495.0,-277.0,636.0
-45.0,-264.0,75.0,-497.0,,-679.0,150.0,604.0,402.0,681.0
-61.0,-1107.0,120.0,-389.0,,-221.0,275.0,718.0,354.0,766.0
-152.0,-1051.0,142.0,-279.0,,201.0,193.0,785.0,257.0,862.0
-170.0,-39.0,190.0,-269.0,,-101.0,12.0,650.0,284.0,827.0
-208.0,192.0,243.0,-182.0,,-490.0,-139.0,565.0,144.0,857.0
-262.0,408.0,290.0,-22.0,,-266.0,-198.0,243.0,101.0,982.0
-266.0,691.0,345.0,40.0,,-53.0,-199.0,84.0,-240.0,1018.0
-304.0,655.0,365.0,-46.0,,-319.0,-63.0,-46.0,-20.0,986.0
-392.0,-193.0,412.0,-140.0,,-643.0,62.0,-123.0,116.0,1032.0
-413.0,-621.0,443.0,-72.0,,-446.0,56.0,0.0,-372.0,1040.0
-349.0,-789.0,499.0,-76.0,,-276.0,27.0,5.0,0.0,851.0
-353.0,-564.0,563.0,-231.0,,-462.0,60.0,83.0,415.0,749.0
-383.0,563.0,550.0,-254.0,,-513.0,218.0,44.0,240.0,697.0
-360.0,732.0,603.0,-458.0,,-185.0,294.0,127.0,66.0,509.0
-320.0,977.0,656.0,-583.0,,127.0,313.0,160.0,380.0,354.0
-346.0,-135.0,627.0,-457.0,,-47.0,407.0,110.0,479.0,274.0
-363.0,-738.0,627.0,-462.0,,-39.0,327.0,290.0,211.0,140.0
-364.0,241.0,612.0,-370.0,,141.0,139.0,325.0,100.0,-38.0
-391.0,372.0,550.0,-291.0,,-89.0,-29.0,504.0,-245.0,-73.0
-394.0,-153.0,530.0,-99.0,,-506.0,-199.0,628.0,-178.0,-71.0
-445.0,-560.0,499.0,179.0,,-632.0,-219.0,642.0,-92.0,-89.0
-489.0,-303.0,438.0,397.0,,-387.0,-202.0,707.0,202.0,33.0
-448.0,-876.0,454.0,447.0,,-375.0,-99.0,709.0,526.0,184.0
-393.0,-765.0,439.0,-16.0,,-581.0,60.0,870.0,-105.0,227.0
-422.0,-757.0,384.0,-297.0,,-514.0,-26.0,868.0,-709.0,209.0
-417.0,-813.0,396.0,-156.0,,-251.0,-204.0,1005.0,-436.0,233.0
-349.0,127.0,386.0,-17.0,,-138.0,-333.0,1058.0,38.0,256.0
-331.0,644.0,324.0,137.0,,-189.0,-286.0,840.0,-386.0,240.0
-353.0,1004.0,282.0,357.0,,-166.0,-87.0,722.0,-471.0,203.0
-388.0,859.0,267.0,442.0,,68.0,0.0,471.0,72.0,191.0
-424.0,970.0,246.0,313.0,,113.0,-54.0,413.0,341.0,186.0
-480.0,883.0,236.0,274.0,,-100.0,-91.0,369.0,242.0,136.0
-459.0,559.0,242.0,275.0,,-111.0,51.0,478.0,107.0,137.0
-440.0,-213.0,233.0,101.0,,-179.0,68.0,637.0,242.0,133.0
-485.0,-203.0,233.0,-62.0,,-431.0,-138.0,539.0,-116.0,165.0
-451.0,411.0,272.0,-8.0,,-686.0,-174.0,578.0,-168.0,272.0
-388.0,-947.0,276.0,-5.0,,-469.0,-35.0,395.0,236.0,372.0
-405.0,-969.0,265.0,-130.0,,150.0,3.0,247.0,-60.0,475.0
-472.0,355.0,295.0,-241.0,,167.0,-21.0,88.0,-351.0,529.0
-493.0,-323.0,294.0,-412.0,,-232.0,0.0,-5.0,-215.0,530.0
-486.0,-1059.0,240.0,-550.0,,-123.0,-50.0,121.0,-49.0,542.0
-462.0,-330.0,232.0,-428.0,,295.0,-113.0,107.0,79.0,567.0
-383.0,-591.0,227.0,-221.0,,244.0,-72.0,336.0,-392.0,541.0
-352.0,-1193.0,166.0,-154.0,,-114.0,-91.0,480.0,-714.0,511.0
-317.0,-1165.0,193.0,-44.0,,-145.0,-197.0,644.0,-323.0,508.0
-268.0,-910.0,227.0,59.0,,102.0,-141.0,844.0,-323.0,470.0
-238.0,-88.0,202.0,231.0,,-95.0,-38.0,861.0,-357.0,461.0
-196.0,333.0,207.0,463.0,,-392.0,4.0,800.0,-110.0,492.0
-163.0,879.0,210.0,599.0,,-47.0,43.0,495.0,-372.0,435.0
-140.0,883.0,192.0,526.0,,404.0,68.0,352.0,-493.0,354.0
-194.0,307.0,196.0,394.0,,377.0,130.0,62.0,32.0,369.0
-157.0,100.0,192.0,501.0,,15.0,24.0,-105.0,104.0,387.0
-77.0,81.0,135.0,466.0,,2.0,-133.0,-48.0,77.0,310.0
-97.0,54.0,103.0,352.0,,166.0,-142.0,-121.0,16.0,245.0
-106.0,-397.0,79.0,240.0,,-36.0,-225.0,35.0,-222.0,276.0
-54.0,-819.0,48.0,61.0,,-235.0,-283.0,110.0,-50.0,256.0
-42.0,-718.0,44.0,-93.0,,55.0,-224.0,243.0,161.0,224.0
-128.0,-553.0,39.0,-184.0,,285.0,-318.0,267.0,269.0,256.0
-133.0,-681.0,-4.0,-178.0,,-53.0,-469.0,275.0,198.0,236.0
-126.0,-553.0,43.0,-244.0,,-254.0,-516.0,397.0,-249.0,180.0
-124.0,-22.0,61.0,-114.0,,-59.0,-493.0,339.0,-444.0,149.0
-132.0,939.0,46.0,-29.0,,154.0,-396.0,513.0,140.0,108.0
-151.0,1269.0,121.0,-147.0,,-93.0,-351.0,559.0,-121.0,-19.0
-111.0,1324.0,74.0,-304.0,,-404.0,-339.0,583.0,-663.0,-133.0
-77.0,1048.0,75.0,-456.0,,-198.0,-325.0,583.0,-420.0,-214.0
-55.0,479.0,57.0,-336.0,,75.0,-263.0,480.0,-368.0,-300.0
-74.0,737.0,-19.0,-271.0,,77.0,-127.0,589.0,-305.0,-311.0
-45.0,308.0,-52.0,-255.0,,3.0,-34.0,563.0,-341.0,-309.0
-11.0,-98.0,-161.0,-146.0,,395.0,1.0,679.0,-420.0,-336.0
-48.0,-90.0,-220.0,-220.0,,818.0,-72.0,727.0,-469.0,-339.0
-120.0,-208.0,-273.0,-338.0,,628.0,-130.0,582.0,-205.0,-285.0
-189.0,-234.0,-365.0,-221.0,,304.0,-113.0,519.0,160.0,-271.0
-241.0,-165.0,-337.0,-24.0,,305.0,-105.0,413.0,34.0,-306.0
-309.0,21.0,-299.0,109.0,,270.0,20.0,426.0,-168.0,-247.0
-341.0,144.0,-305.0,339.0,,-108.0,55.0,256.0,-286.0,-204.0
-397.0,127.0,-234.0,425.0,,-371.0,-110.0,118.0,-262.0,-269.0
-472.0,779.0,-268.0,376.0,,-153.0,-313.0,-75.0,-251.0,-246.0
-419.0,1353.0,-307.0,459.0,,191.0,-518.0,-384.0,-87.0,-233.0
-326.0,128.0,-253.0,465.0,,158.0,-523.0,-351.0,26.0,-318.0
-319.0,323.0,-258.0,452.0,,94.0,-365.0,-443.0,146.0,-320.0
-306.0,930.0,-228.0,271.0,,180.0,-327.0,-354.0,464.0,-271.0
-208.0,352.0,-170.0,-44.0,,210.0,-402.0,-162.0,300.0,-200.0
-143.0,644.0,-158.0,-148.0,,177.0,-433.0,29.0,426.0,-145.0
-101.0,479.0,-91.0,-205.0,,41.0,-497.0,284.0,135.0,-108.0
0.0,-264.0,-55.0,-147.0,,164.0,-597.0,371.0,145.0,-107.0
29.0,-535.0,-19.0,20.0,,254.0,-580.0,600.0,856.0,-185.0
41.0,-320.0,50.0,117.0,,-56.0,-542.0,574.0,316.0,-226.0
77.0,-1258.0,57.0,102.0,,-122.0,-515.0,650.0,259.0,-262.0
137.0,-1821.0,97.0,154.0,,114.0,-440.0,744.0,12.0,-313.0
174.0,-1175.0,135.0,288.0,,190.0,-380.0,618.0,-49.0,-349.0
194.0,-444.0,148.0,401.0,,114.0,-302.0,515.0,578.0,-311.0
236.0,-299.0,127.0,445.0,,4.0,-168.0,258.0,360.0,-222.0
148.0,-1025.0,72.0,352.0,,60.0,-96.0,273.0,44.0,-139.0
73.0,310.0,37.0,356.0,,70.0,-135.0,197.0,-528.0,-35.0
29.0,1055.0,22.0,229.0,,-211.0,-283.0,221.0,-389.0,3.0
-23.0,1073.0,12.0,55.0,,-184.0,-420.0,395.0,-347.0,43.0
-77.0,2054.0,24.0,-43.0,,127.0,-302.0,439.0,-513.0,80.0
-85.0,2207.0,-23.0,-223.0,,35.0,-150.0,578.0,-526.0,57.0
-122.0,2210.0,-38.0,-184.0,,-204.0,-242.0,445.0,-1015.0,3.0
-174.0,2005.0,-39.0,-160.0,,34.0,-478.0,421.0,-832.0,-67.0
-73.0,1651.0,-39.0,-250.0,,450.0,-721.0,266.0,-347.0,-123.0
-44.0,611.0,6.0,-288.0,,479.0,-905.0,35.0,-42.0,-188.0
-134.0,-168.0,-32.0,-272.0,,323.0,-991.0,-64.0,-129.0,-198.0
-195.0,-624.0,6.0,-144.0,,202.0,-793.0,-291.0,30.0,-209.0
-140.0,-1354.0,-3.0,-138.0,,56.0,-467.0,-273.0,159.0,-222.0
-132.0,-1835.0,-16.0,-217.0,,-125.0,-238.0,-330.0,534.0,-217.0
-189.0,-1754.0,18.0,-158.0,,-307.0,43.0,-251.0,548.0,-231.0
-200.0,-1609.0,28.0,-3.0,,-197.0,264.0,-181.0,-386.0,-243.0
-234.0,-1387.0,51.0,110.0,,-145.0,361.0,-214.0,147.0,-317.0
-266.0,-924.0,15.0,190.0,,-436.0,406.0,-38.0,370.0,-384.0
-275.0,-1099.0,45.0,189.0,,-461.0,342.0,-24.0,247.0,-443.0
-322.0,-364.0,28.0,96.0,,-204.0,212.0,125.0,309.0,-486.0
-351.0,97.0,8.0,106.0,,-41.0,126.0,138.0,-269.0,-441.0
-253.0,175.0,33.0,155.0,,-334.0,181.0,110.0,137.0,-431.0
-163.0,307.0,1.0,284.0,,-674.0,232.0,129.0,270.0,-491.0
-135.0,639.0,23.0,366.0,,-471.0,177.0,-14.0,31.0,-478.0
-87.0,1403.0,9.0,346.0,,-260.0,-3.0,75.0,0.0,-411.0
24.0,564.0,52.0,407.0,,-365.0,-230.0,57.0,14.0,-427.0
64.0,508.0,11.0,388.0,,-471.0,-266.0,173.0,-86.0,-482.0
85.0,1367.0,-29.0,273.0,,-308.0,-302.0,230.0,-153.0,-462.0
120.0,808.0,-40.0,295.0,,-295.0,-325.0,166.0,319.0,-492.0
102.0,64.0,-171.0,305.0,,-641.0,-171.0,256.0,-622.0,-576.0
129.0,-6.0,-90.0,108.0,,-772.0,-109.0,59.0,-1021.0,-558.0
88.0,-1.0,-294.0,-58.0,,-416.0,-160.0,-72.0,-637.0,-540.0
70.0,-518.0,-323.0,-10.0,,-174.0,-243.0,-315.0,-563.0,-512.0
91.0,-1120.0,-112.0,146.0,,-388.0,-342.0,-471.0,-216.0,-452.0
161.0,-435.0,-88.0,176.0,,-475.0,-422.0,-539.0,-1278.0,-367.0
158.0,-866.0,-136.0,238.0,,-232.0,-521.0,-628.0,-1187.0,-261.0
40.0,-2006.0,-257.0,242.0,,-93.0,-649.0,-448.0,-1024.0,-247.0
66.0,-913.0,-162.0,120.0,,-421.0,-797.0,-421.0,-1099.0,-251.0
119.0,6.0,-237.0,80.0,,-455.0,-832.0,-68.0,-735.0,-267.0
114.0,441.0,-77.0,151.0,,-14.0,-743.0,205.0,-1352.0,-353.0
47.0,782.0,-57.0,397.0,,8.0,-690.0,334.0,-571.0,-518.0
53.0,1233.0,-89.0,505.0,,-310.0,-554.0,606.0,-356.0,-684.0
36.0,1222.0,-18.0,393.0,,-421.0,-307.0,740.0,-386.0,-782.0
-19.0,1398.0,-99.0,207.0,,-13.0,-222.0,966.0,-526.0,-905.0
-18.0,1746.0,-12.0,10.0,,199.0,-260.0,888.0,-716.0,-999.0
-74.0,723.0,-160.0,-185.0,,-160.0,-223.0,868.0,271.0,-1017.0
-95.0,739.0,-74.0,-299.0,,-287.0,-9.0,694.0,-59.0,-1053.0
-126.0,446.0,-52.0,-359.0,,-50.0,311.0,317.0,323.0,-1077.0
-76.0,168.0,-229.0,-409.0,,-65.0,444.0,177.0,530.0,-1043.0
-23.0,447.0,-102.0,-375.0,,-430.0,396.0,-16.0,609.0,-983.0
45.0,97.0,56.0,-250.0,,-630.0,304.0,-44.0,1335.0,-950.0
134.0,-200.0,-160.0,-65.0,,-432.0,253.0,-240.0,601.0,-954.0
140.0,-302.0,-188.0,-48.0,,-130.0,320.0,-317.0,1091.0,-913.0
194.0,4.0,-58.0,16.0,,-156.0,394.0,-253.0,982.0,-891.0
146.0,-658.0,-168.0,145.0,,-187.0,403.0,-351.0,429.0,-884.0
65.0,-824.0,-143.0,314.0,,-175.0,443.0,-330.0,1069.0,-823.0
23.0,-532.0,-150.0,460.0,,-475.0,515.0,-347.0,846.0,-815.0
35.0,-518.0,-183.0,387.0,,-624.0,397.0,-138.0,357.0,-828.0
1.0,-476.0,-259.0,474.0,,-507.0,204.0,-53.0,-57.0,-779.0
-16.0,-391.0,-189.0,534.0,,-392.0,83.0,-7.0,422.0,-767.0
90.0,-64.0,-260.0,328.0,,-590.0,-24.0,133.0,766.0,-841.0
105.0,-488.0,-322.0,102.0,,-954.0,21.0,7.0,366.0,-768.0
75.0,-439.0,-271.0,-104.0,,-693.0,118.0,55.0,170.0,-687.0
44.0,233.0,-318.0,-278.0,,-131.0,41.0,49.0,407.0,-714.0
69.0,538.0,-267.0,-265.0,,-169.0,-147.0,18.0,368.0,-594.0
31.0,-418.0,-325.0,-180.0,,-538.0,-169.0,-7.0,-184.0,-450.0
-24.0,-240.0,-211.0,-241.0,,-400.0,2.0,-27.0,-287.0,-396.0
-25.0,322.0,-221.0,-374.0,,168.0,73.0,164.0,-332.0,-418.0
-36.0,-428.0,-223.0,-409.0,,310.0,-35.0,110.0,-274.0,-425.0
44.0,-7.0,-170.0,-269.0,,-3.0,-118.0,53.0,-258.0,-404.0
76.0,64.0,-266.0,-76.0,,-332.0,-32.0,-62.0,-118.0,-434.0
64.0,609.0,-293.0,105.0,,-542.0,14.0,-184.0,-175.0,-434.0
57.0,241.0,-348.0,231.0,,-442.0,-56.0,-271.0,-362.0,-398.0
95.0,-663.0,-321.0,205.0,,-390.0,-25.0,-482.0,-143.0,-360.0
111.0,-438.0,-415.0,165.0,,-245.0,71.0,-373.0,124.0,-276.0
54.0,-535.0,-398.0,280.0,,-101.0,118.0,-327.0,149.0,-146.0
89.0,45.0,-369.0,446.0,,-178.0,71.0,-203.0,-288.0,-30.0
93.0,-581.0,-476.0,444.0,,102.0,12.0,-7.0,-93.0,63.0
67.0,-252.0,-462.0,291.0,,402.0,127.0,94.0,308.0,127.0
59.0,240.0,-461.0,266.0,,568.0,386.0,173.0,439.0,200.0
69.0,-406.0,-417.0,385.0,,433.0,657.0,-12.0,405.0,241.0
104.0,0.0,-407.0,465.0,,246.0,714.0,-79.0,153.0,164.0
92.0,737.0,-395.0,503.0,,335.0,553.0,-290.0,609.0,53.0
74.0,1378.0,-328.0,526.0,,150.0,419.0,-434.0,534.0,-6.0
80.0,122.0,-346.0,401.0,,-81.0,434.0,-469.0,-40.0,-105.0
191.0,71.0,-309.0,252.0,,-130.0,533.0,-692.0,268.0,-274.0
300.0,75.0,-311.0,201.0,,26.0,407.0,-757.0,-43.0,-357.0
344.0,-454.0,-263.0,125.0,,173.0,89.0,-790.0,-90.0,-397.0
371.0,79.0,-146.0,82.0,,27.0,-186.0,-485.0,755.0,-498.0
420.0,-942.0,-128.0,-19.0,,-79.0,-389.0,-205.0,359.0,-546.0
530.0,-653.0,13.0,38.0,,91.0,-436.0,-29.0,256.0,-495.0
559.0,-10.0,33.0,170.0,,308.0,-381.0,273.0,653.0,-476.0
627.0,-458.0,97.0,227.0,,193.0,-238.0,439.0,392.0,-529.0
703.0,-386.0,108.0,356.0,,-137.0,-9.0,681.0,436.0,-504.0
706.0,816.0,71.0,441.0,,-183.0,204.0,685.0,511.0,-445.0
737.0,791.0,154.0,552.0,,-56.0,330.0,687.0,495.0,-460.0
778.0,103.0,132.0,580.0,,-87.0,342.0,522.0,817.0,-442.0
834.0,1631.0,125.0,570.0,,43.0,457.0,138.0,1099.0,-367.0
838.0,1500.0,69.0,453.0,,420.0,598.0,94.0,796.0,-246.0
825.0,726.0,99.0,159.0,,585.0,659.0,-70.0,602.0,-203.0
814.0,776.0,29.0,-43.0,,545.0,644.0,-149.0,602.0,-167.0
788.0,859.0,20.0,-140.0,,517.0,391.0,-190.0,293.0,-50.0
771.0,747.0,25.0,-208.0,,455.0,118.0,-206.0,357.0,-72.0
707.0,308.0,8.0,-193.0,,367.0,0.0,-169.0,495.0,-137.0
630.0,1097.0,69.0,-83.0,,284.0,-77.0,-153.0,-50.0,-101.0
616.0,1213.0,13.0,-84.0,,433.0,-127.0,70.0,-270.0,-87.0
612.0,368.0,47.0,-190.0,,559.0,-138.0,1.0,-16.0,-223.0
557.0,-299.0,18.0,-122.0,,580.0,-183.0,-12.0,52.0,-291.0
503.0,-307.0,-55.0,80.0,,596.0,-229.0,-38.0,-80.0,-215.0
470.0,-200.0,-105.0,193.0,,678.0,-247.0,-138.0,-261.0,-295.0
434.0,-688.0,-104.0,213.0,,981.0,-189.0,-136.0,-186.0,-387.0
395.0,-883.0,-163.0,143.0,,895.0,7.0,-343.0,-171.0,-313.0
379.0,-976.0,-243.0,72.0,,448.0,207.0,-328.0,410.0,-269.0
372.0,-1156.0,-273.0,-11.0,,106.0,350.0,-487.0,403.0,-263.0
368.0,-1766.0,-373.0,-43.0,,142.0,288.0,-611.0,0.0,-195.0
419.0,-2008.0,-386.0,16.0,,93.0,56.0,-485.0,537.0,-156.0
509.0,-1155.0,-376.0,4.0,,-171.0,-177.0,-395.0,698.0,-179.0
599.0,-559.0,-361.0,-48.0,,-54.0,-293.0,-125.0,753.0,-227.0
662.0,-345.0,-360.0,75.0,,217.0,-201.0,35.0,524.0,-253.0
688.0,-262.0,-329.0,418.0,,286.0,-110.0,240.0,156.0,-337.0
736.0,-336.0,-284.0,598.0,,191.0,1.0,290.0,364.0,-517.0
818.0,-19.0,-268.0,641.0,,348.0,211.0,304.0,720.0,-632.0
891.0,-295.0,-247.0,598.0,,467.0,400.0,386.0,517.0,-740.0
891.0,-151.0,-316.0,512.0,,221.0,550.0,181.0,179.0,-832.0
859.0,779.0,-292.0,506.0,,-45.0,606.0,62.0,87.0,-888.0
867.0,862.0,-299.0,373.0,,66.0,589.0,-234.0,-47.0,-885.0
856.0,1128.0,-286.0,448.0,,379.0,560.0,-567.0,-6.0,-748.0
837.0,1398.0,-245.0,659.0,,329.0,462.0,-851.0,-178.0,-637.0
824.0,1598.0,-248.0,608.0,,216.0,268.0,-1038.0,-260.0,-516.0
806.0,1086.0,-151.0,515.0,,408.0,31.0,-955.0,-256.0,-378.0
720.0,1217.0,-146.0,242.0,,654.0,-51.0,-931.0,-85.0,-183.0
595.0,1049.0,-53.0,-48.0,,463.0,-41.0,-543.0,108.0,-21.0
527.0,-363.0,11.0,-27.0,,70.0,-83.0,-208.0,-278.0,39.0
487.0,543.0,-48.0,-6.0,,231.0,-31.0,42.0,-624.0,178.0
435.0,84.0,-32.0,-173.0,,437.0,72.0,301.0,-322.0,168.0
304.0,-533.0,-22.0,-363.0,,254.0,140.0,293.0,146.0,78.0
163.0,-128.0,-101.0,-353.0,,213.0,117.0,448.0,120.0,51.0
128.0,-285.0,-81.0,-255.0,,399.0,62.0,441.0,280.0,60.0
142.0,490.0,-44.0,-199.0,,665.0,-38.0,550.0,503.0,-1.0
96.0,456.0,-87.0,-176.0,,461.0,-175.0,594.0,482.0,-126.0
17.0,660.0,-28.0,-89.0,,-6.0,-171.0,482.0,1067.0,-81.0
44.0,426.0,-58.0,48.0,,46.0,-151.0,526.0,987.0,-70.0
96.0,306.0,-164.0,162.0,,67.0,-181.0,314.0,237.0,-112.0
63.0,212.0,-220.0,240.0,,-85.0,-113.0,195.0,399.0,-116.0
39.0,-352.0,-154.0,148.0,,-135.0,105.0,-24.0,174.0,-110.0
101.0,-627.0,-133.0,30.0,,-182.0,252.0,-201.0,408.0,-126.0
165.0,-835.0,-114.0,-19.0,,-41.0,219.0,-256.0,1026.0,-143.0
217.0,-73.0,-105.0,31.0,,-18.0,97.0,-338.0,643.0,-134.0
268.0,-330.0,-182.0,80.0,,41.0,-105.0,-229.0,527.0,-148.0
315.0,-493.0,-219.0,-17.0,,281.0,-306.0,-299.0,208.0,-159.0
367.0,-232.0,-348.0,-132.0,,127.0,-418.0,-236.0,392.0,-147.0
328.0,-64.0,-411.0,-273.0,,-158.0,-467.0,-236.0,640.0,9.0
294.0,-326.0,-450.0,-291.0,,-281.0,-492.0,-301.0,100.0,103.0
254.0,-508.0,-453.0,-225.0,,-74.0,-506.0,-338.0,-367.0,109.0
262.0,72.0,-465.0,-146.0,,76.0,-514.0,-572.0,-444.0,293.0
284.0,-687.0,-437.0,-123.0,,-244.0,-477.0,-665.0,159.0,479.0
187.0,-351.0,-374.0,-229.0,,-427.0,-497.0,-870.0,-51.0,522.0
129.0,-407.0,-387.0,-175.0,,-231.0,-442.0,-866.0,-432.0,564.0
111.0,-1292.0,-280.0,-9.0,,-6.0,-241.0,-726.0,-466.0,673.0
105.0,-1187.0,-303.0,122.0,,46.0,-55.0,-630.0,-314.0,701.0
46.0,-1138.0,-343.0,248.0,,108.0,98.0,-291.0,95.0,629.0
15.0,-166.0,-354.0,372.0,,139.0,146.0,-55.0,106.0,559.0
33.0,307.0,-387.0,389.0,,-46.0,239.0,166.0,31.0,469.0
70.0,425.0,-413.0,280.0,,-246.0,297.0,151.0,-542.0,347.0
102.0,280.0,-470.0,161.0,,-129.0,297.0,40.0,-524.0,302.0
101.0,-72.0,-455.0,17.0,,61.0,274.0,-110.0,232.0,270.0
156.0,272.0,-546.0,-100.0,,37.0,81.0,-363.0,555.0,160.0
152.0,-68.0,-592.0,-134.0,,-23.0,-44.0,-325.0,77.0,150.0
154.0,-45.0,-582.0,-259.0,,232.0,-105.0,-386.0,-188.0,180.0
183.0,417.0,-582.0,-501.0,,784.0,-192.0,-434.0,820.0,137.0
238.0,-234.0,-603.0,-632.0,,1026.0,-244.0,-532.0,1083.0,153.0
240.0,-1.0,-599.0,-585.0,,995.0,-218.0,-618.0,493.0,165.0
179.0,619.0,-571.0,-553.0,,906.0,-176.0,-613.0,423.0,126.0
190.0,109.0,-578.0,-619.0,,866.0,-193.0,-718.0,360.0,132.0
240.0,71.0,-525.0,-551.0,,764.0,-135.0,-539.0,403.0,213.0
287.0,-130.0,-561.0,-490.0,,511.0,-81.0,-478.0,831.0,222.0
273.0,-367.0,-565.0,-363.0,,454.0,-93.0,-317.0,407.0,135.0
302.0,-984.0,-568.0,6.0,,465.0,-71.0,-18.0,-223.0,120.0
361.0,-1725.0,-556.0,262.0,,407.0,-99.0,110.0,139.0,133.0
427.0,-1159.0,-519.0,451.0,,335.0,-190.0,266.0,312.0,139.0
451.0,-1225.0,-499.0,590.0,,534.0,-267.0,205.0,181.0,138.0
439.0,-1600.0,-379.0,604.0,,714.0,-307.0,219.0,-227.0,91.0
420.0,-816.0,-330.0,432.0,,448.0,-257.0,123.0,-372.0,43.0
375.0,27.0,-278.0,245.0,,245.0,-243.0,44.0,10.0,108.0
329.0,231.0,-193.0,228.0,,411.0,-361.0,62.0,-24.0,178.0
291.0,1002.0,-164.0,138.0,,541.0,-401.0,-144.0,-232.0,167.0
274.0,1713.0,-125.0,62.0,,178.0,-285.0,-232.0,-447.0,239.0
208.0,1607.0,-63.0,-113.0,,-246.0,-151.0,-413.0,-466.0,303.0
182.0,1943.0,-48.0,-346.0,,-170.0,-38.0,-478.0,-392.0,284.0
176.0,1634.0,-54.0,-387.0,,104.0,78.0,-578.0,-331.0,387.0
185.0,1078.0,-34.0,-266.0,,2.0,285.0,-737.0,-116.0,501.0
165.0,724.0,-65.0,-32.0,,-95.0,524.0,-596.0,-130.0,454.0
142.0,-344.0,-118.0,63.0,,166.0,599.0,-552.0,-432.0,501.0
166.0,-88.0,-172.0,129.0,,375.0,562.0,-362.0,-431.0,626.0
169.0,610.0,-200.0,235.0,,340.0,356.0,-188.0,-34.0,595.0
207.0,-225.0,-225.0,276.0,,413.0,65.0,-44.0,-271.0,478.0
217.0,-659.0,-198.0,290.0,,794.0,-93.0,22.0,-658.0,512.0
243.0,329.0,-143.0,204.0,,878.0,-182.0,-53.0,-132.0,511.0
230.0,209.0,-138.0,71.0,,547.0,-137.0,48.0,38.0,320.0
189.0,-879.0,-61.0,-1.0,,128.0,-35.0,-160.0,-276.0,309.0
142.0,-345.0,-58.0,-135.0,,191.0,-74.0,-323.0,-385.0,354.0
114.0,-419.0,-127.0,-281.0,,405.0,-251.0,-526.0,-384.0,286.0
63.0,-668.0,-172.0,-387.0,,169.0,-481.0,-864.0,-82.0,257.0
-82.0,462.0,-221.0,-532.0,,200.0,-638.0,-1016.0,-363.0,288.0
-187.0,94.0,-276.0,-491.0,,561.0,-725.0,-1191.0,-388.0,271.0
-272.0,-985.0,-330.0,-257.0,,755.0,-709.0,-1034.0,113.0,184.0
-337.0,-764.0,-314.0,-62.0,,539.0,-611.0,-779.0,-32.0,230.0
-435.0,16.0,-309.0,-91.0,,380.0,-525.0,-338.0,-423.0,262.0
-517.0,392.0,-280.0,-228.0,,558.0,-383.0,121.0,-361.0,231.0
-553.0,-361.0,-233.0,-244.0,,644.0,-194.0,303.0,194.0,251.0
-565.0,-586.0,-165.0,-141.0,,333.0,-52.0,448.0,-318.0,279.0
-512.0,212.0,-116.0,-42.0,,88.0,-17.0,236.0,-446.0,239.0
-480.0,-580.0,-102.0,-22.0,,457.0,-74.0,-59.0,192.0,142.0
-484.0,-1416.0,-42.0,-34.0,,669.0,-156.0,-511.0,-483.0,133.0
-472.0,-661.0,-52.0,-215.0,,463.0,-91.0,-914.0,-574.0,65.0
-418.0,-162.0,-42.0,-422.0,,260.0,146.0,-1073.0,-228.0,-37.0
-367.0,-818.0,-77.0,-527.0,,452.0,330.0,-1269.0,-478.0,-101.0
-346.0,2.0,-143.0,-543.0,,752.0,448.0,-1090.0,-345.0,-198.0
-353.0,1258.0,-129.0,-433.0,,671.0,523.0,-735.0,-655.0,-252.0
-317.0,621.0,-173.0,-297.0,,698.0,591.0,-291.0,-475.0,-295.0
-280.0,1277.0,-165.0,-163.0,,836.0,617.0,46.0,8.0,-325.0
-299.0,1616.0,-127.0,-180.0,,707.0,451.0,258.0,-131.0,-404.0
-306.0,1426.0,-111.0,-276.0,,411.0,199.0,410.0,-35.0,-518.0
-273.0,651.0,40.0,-316.0,,378.0,2.0,203.0,-731.0,-523.0
-262.0,28.0,128.0,-388.0,,594.0,-71.0,59.0,-618.0,-505.0
-259.0,568.0,177.0,-429.0,,676.0,-62.0,-297.0,-378.0,-545.0
-233.0,-630.0,275.0,-488.0,,677.0,17.0,-687.0,-306.0,-549.0
-256.0,-648.0,231.0,-642.0,,889.0,81.0,-896.0,177.0,-533.0
-270.0,108.0,225.0,-796.0,,1145.0,34.0,-1116.0,-413.0,-538.0
-304.0,635.0,169.0,-885.0,,1008.0,17.0,-1014.0,-7.0,-480.0
-351.0,390.0,128.0,-685.0,,640.0,-54.0,-883.0,81.0,-376.0
-431.0,-208.0,148.0,-285.0,,633.0,-144.0,-552.0,-22.0,-310.0
-490.0,255.0,55.0,-69.0,,942.0,-70.0,-254.0,-74.0,-168.0
-458.0,379.0,89.0,70.0,,646.0,168.0,-101.0,-667.0,44.0
-479.0,-346.0,47.0,85.0,,82.0,507.0,38.0,-234.0,227.0
-470.0,-1315.0,35.0,-36.0,,229.0,728.0,-12.0,248.0,453.0
-404.0,-145.0,87.0,14.0,,694.0,800.0,53.0,-135.0,634.0
-295.0,-974.0,57.0,141.0,,811.0,833.0,-53.0,-515.0,756.0
-208.0,-1878.0,104.0,204.0,,663.0,782.0,-66.0,80.0,845.0
-162.0,-913.0,70.0,133.0,,688.0,631.0,-57.0,37.0,951.0
-110.0,-1300.0,42.0,-26.0,,731.0,488.0,-232.0,336.0,1050.0
-89.0,-746.0,-5.0,-144.0,,530.0,443.0,-339.0,533.0,987.0
-56.0,-416.0,-37.0,-283.0,,287.0,427.0,-637.0,-108.0,896.0
-48.0,480.0,-71.0,-460.0,,437.0,361.0,-768.0,-32.0,819.0
-11.0,202.0,-107.0,-481.0,,680.0,266.0,-873.0,-19.0,773.0
37.0,-765.0,-103.0,-409.0,,462.0,168.0,-805.0,344.0,757.0
31.0,346.0,-111.0,-335.0,,273.0,34.0,-493.0,320.0,743.0
30.0,922.0,-31.0,-301.0,,511.0,-95.0,-269.0,-383.0,675.0
30.0,439.0,2.0,-374.0,,1037.0,-151.0,109.0,-471.0,594.0
69.0,213.0,55.0,-254.0,,1139.0,-164.0,286.0,-71.0,562.0
121.0,1260.0,104.0,-45.0,,762.0,-91.0,437.0,-157.0,467.0
147.0,696.0,177.0,138.0,,770.0,71.0,399.0,-8.0,402.0
194.0,-567.0,95.0,172.0,,1039.0,199.0,134.0,301.0,392.0
249.0,-315.0,10.0,55.0,,1015.0,238.0,-14.0,-105.0,372.0
267.0,-228.0,-22.0,54.0,,866.0,190.0,-354.0,306.0,360.0
223.0,-832.0,-181.0,68.0,,918.0,180.0,-533.0,864.0,450.0
166.0,-1018.0,-188.0,207.0,,968.0,154.0,-639.0,370.0,457.0
150.0,-534.0,-250.0,311.0,,709.0,60.0,-535.0,-400.0,353.0
104.0,-482.0,-280.0,411.0,,398.0,143.0,-327.0,-946.0,398.0
17.0,-488.0,-289.0,486.0,,535.0,272.0,-179.0,-534.0,391.0
-29.0,-939.0,-250.0,291.0,,651.0,388.0,171.0,-163.0,262.0
-44.0,-410.0,-219.0,171.0,,464.0,606.0,310.0,-796.0,164.0
-65.0,-146.0,-250.0,130.0,,330.0,844.0,541.0,-737.0,163.0
-115.0,-1258.0,-174.0,21.0,,318.0,1087.0,598.0,-309.0,109.0
-159.0,-510.0,-186.0,-119.0,,303.0,1245.0,430.0,-325.0,-47.0
-207.0,1101.0,-161.0,-205.0,,58.0,1273.0,280.0,-186.0,-11.0
-261.0,674.0,-112.0,-209.0,,13.0,1181.0,-38.0,-391.0,-12.0
-327.0,-1359.0,-148.0,-235.0,,290.0,1009.0,-92.0,-862.0,-110.0
-416.0,-1379.0,-172.0,-238.0,,402.0,853.0,-236.0,-682.0,0.0
-452.0,-594.0,-193.0,-269.0,,166.0,709.0,-304.0,70.0,111.0
-486.0,-1271.0,-286.0,-221.0,,107.0,586.0,-273.0,297.0,135.0
-515.0,-1580.0,-367.0,-47.0,,427.0,556.0,-282.0,-96.0,187.0
-546.0,-1025.0,-415.0,-18.0,,559.0,548.0,-164.0,-216.0,364.0
-553.0,-346.0,-437.0,-110.0,,327.0,472.0,-236.0,-354.0,509.0
-519.0,-95.0,-430.0,-180.0,,89.0,413.0,-138.0,-113.0,520.0
-496.0,-259.0,-437.0,-339.0,,189.0,399.0,-164.0,19.0,546.0
-483.0,24.0,-419.0,-387.0,,275.0,481.0,-147.0,-543.0,500.0
-518.0,1133.0,-411.0,-178.0,,156.0,508.0,48.0,-648.0,405.0
-466.0,1268.0,-390.0,-23.0,,107.0,338.0,68.0,-564.0,276.0
-385.0,1720.0,-367.0,-14.0,,259.0,169.0,205.0,20.0,171.0
-372.0,2474.0,-378.0,-172.0,,254.0,105.0,112.0,31.0,130.0
-323.0,1866.0,-381.0,-363.0,,83.0,138.0,62.0,-593.0,28.0
-231.0,880.0,-364.0,-342.0,,53.0,165.0,-38.0,-527.0,-24.0
-187.0,724.0,-384.0,-121.0,,181.0,177.0,-208.0,-570.0,60.0
-232.0,1156.0,-341.0,-35.0,,129.0,260.0,-243.0,-234.0,128.0
-256.0,151.0,-258.0,-226.0,,-213.0,310.0,-441.0,393.0,95.0
-259.0,-7.0,-219.0,-446.0,,-189.0,356.0,-428.0,-369.0,161.0
-243.0,433.0,-114.0,-533.0,,34.0,414.0,-522.0,-812.0,305.0
-222.0,215.0,-95.0,-461.0,,85.0,412.0,-410.0,-195.0,259.0
-209.0,-352.0,-15.0,-364.0,,-87.0,478.0,-140.0,120.0,171.0
-158.0,-1133.0,99.0,-331.0,,-39.0,586.0,-46.0,660.0,219.0
-95.0,-514.0,73.0,-404.0,,221.0,658.0,253.0,148.0,224.0
-95.0,85.0,147.0,-429.0,,77.0,663.0,349.0,163.0,33.0
-121.0,-439.0,133.0,-385.0,,-173.0,666.0,417.0,650.0,-154.0
-138.0,-742.0,96.0,-387.0,,-169.0,670.0,373.0,321.0,-171.0
-188.0,513.0,116.0,-310.0,,10.0,503.0,358.0,301.0,-212.0
-223.0,387.0,54.0,-111.0,,-118.0,277.0,408.0,144.0,-288.0
-252.0,-9.0,-10.0,58.0,,-191.0,172.0,214.0,44.0,-285.0
-263.0,513.0,-66.0,157.0,,202.0,207.0,199.0,-24.0,-307.0
-322.0,608.0,-87.0,128.0,,562.0,213.0,88.0,144.0,-275.0
-380.0,507.0,-133.0,-10.0,,357.0,232.0,86.0,-115.0,-69.0
-397.0,-643.0,-131.0,-116.0,,60.0,259.0,77.0,-313.0,64.0
-418.0,-1193.0,-128.0,-324.0,,287.0,252.0,-12.0,-389.0,11.0
-399.0,-1996.0,-149.0,-386.0,,406.0,292.0,83.0,-550.0,-23.0
-410.0,-1305.0,-174.0,-445.0,,112.0,221.0,36.0,-234.0,102.0
-374.0,-1350.0,-222.0,-656.0,,-177.0,172.0,188.0,267.0,178.0
-347.0,-2248.0,-288.0,-666.0,,25.0,156.0,299.0,64.0,132.0
-383.0,-1114.0,-338.0,-550.0,,398.0,115.0,426.0,-556.0,132.0
-448.0,-973.0,-320.0,-302.0,,365.0,129.0,491.0,39.0,10.0
-529.0,-230.0,-352.0,-71.0,,51.0,90.0,363.0,298.0,-93.0
-578.0,-322.0,-243.0,6.0,,-68.0,17.0,474.0,94.0,-68.0
-631.0,-154.0,-189.0,31.0,,-25.0,-68.0,397.0,336.0,-167.0
-671.0,902.0,-176.0,103.0,,-282.0,-115.0,467.0,-192.0,-354.0
-726.0,1917.0,-47.0,183.0,,-465.0,-1.0,515.0,-150.0,-349.0
-704.0,2093.0,-44.0,289.0,,-229.0,89.0,406.0,709.0,-181.0
-661.0,655.0,20.0,490.0,,49.0,31.0,410.0,264.0,-156.0
-674.0,826.0,70.0,577.0,,-98.0,-23.0,219.0,99.0,-103.0
-629.0,701.0,95.0,664.0,,-459.0,-89.0,238.0,51.0,37.0
-581.0,530.0,127.0,740.0,,-492.0,-157.0,195.0,-334.0,69.0
-530.0,307.0,108.0,786.0,,-260.0,-162.0,133.0,34.0,37.0
-503.0,796.0,70.0,711.0,,-94.0,-193.0,88.0,35.0,83.0
-439.0,1187.0,-23.0,437.0,,-151.0,-208.0,-14.0,161.0,89.0
-360.0,660.0,-100.0,316.0,,-307.0,-144.0,36.0,-180.0,-48.0
-369.0,1218.0,-189.0,267.0,,-452.0,-67.0,-70.0,-845.0,-59.0
-391.0,214.0,-242.0,270.0,,-512.0,-2.0,35.0,-311.0,-77.0
-427.0,-101.0,-291.0,304.0,,-438.0,105.0,62.0,180.0,-198.0
-411.0,91.0,-307.0,385.0,,-450.0,210.0,96.0,-200.0,-308.0
-406.0,-147.0,-337.0,444.0,,-617.0,215.0,356.0,-248.0,-393.0
-450.0,-444.0,-353.0,344.0,,-861.0,223.0,351.0,-80.0,-314.0
-455.0,-1001.0,-315.0,256.0,,-939.0,251.0,341.0,-131.0,-273.0
-472.0,-1065.0,-366.0,81.0,,-631.0,308.0,271.0,77.0,-394.0
-488.0,-1571.0,-346.0,138.0,,-423.0,440.0,266.0,-344.0,-399.0
-499.0,-1052.0,-369.0,329.0,,-553.0,390.0,166.0,-633.0,-250.0
-507.0,-900.0,-364.0,289.0,,-655.0,166.0,60.0,-357.0,-187.0
-505.0,-346.0,-306.0,223.0,,-694.0,-67.0,186.0,-425.0,-145.0
-556.0,-344.0,-269.0,40.0,,-804.0,-316.0,133.0,-329.0,-42.0
-618.0,-1009.0,-177.0,20.0,,-961.0,-577.0,262.0,-282.0,80.0
-613.0,-688.0,-138.0,134.0,,-1004.0,-838.0,351.0,-540.0,202.0
-635.0,-1433.0,-109.0,152.0,,-914.0,-1028.0,397.0,-464.0,289.0
-708.0,-792.0,-136.0,268.0,,-909.0,-1071.0,493.0,-189.0,392.0
-737.0,-741.0,-91.0,305.0,,-838.0,-933.0,375.0,-158.0,411.0
-684.0,-291.0,-117.0,365.0,,-613.0,-748.0,386.0,-283.0,319.0
-633.0,797.0,-110.0,309.0,,-438.0,-548.0,312.0,-640.0,297.0
-615.0,443.0,-37.0,82.0,,-417.0,-337.0,369.0,-293.0,317.0
-553.0,1133.0,-81.0,-152.0,,-742.0,-191.0,397.0,288.0,143.0
-492.0,1002.0,-45.0,-344.0,,-903.0,-81.0,291.0,244.0,32.0
-430.0,1059.0,-54.0,-317.0,,-718.0,7.0,260.0,-60.0,119.0
-371.0,1231.0,-34.0,-187.0,,-638.0,68.0,110.0,-81.0,164.0
-359.0,1499.0,-90.0,-55.0,,-638.0,57.0,234.0,610.0,167.0
-405.0,1055.0,-74.0,-79.0,,-484.0,12.0,186.0,431.0,132.0
-421.0,281.0,-65.0,-106.0,,-192.0,-104.0,142.0,241.0,207.0
-399.0,362.0,-130.0,-96.0,,-380.0,-274.0,301.0,210.0,285.0
-449.0,-287.0,-36.0,-130.0,,-768.0,-413.0,347.0,-335.0,273.0
-445.0,391.0,-24.0,-109.0,,-742.0,-576.0,513.0,104.0,289.0
-434.0,411.0,-20.0,-115.0,,-613.0,-680.0,478.0,71.0,298.0
-467.0,392.0,12.0,-83.0,,-894.0,-594.0,495.0,-90.0,320.0
-488.0,829.0,5.0,86.0,,-1304.0,-438.0,437.0,75.0,343.0
-480.0,307.0,-26.0,211.0,,-1236.0,-332.0,400.0,-527.0,425.0
-457.0,-483.0,-24.0,245.0,,-945.0,-248.0,463.0,103.0,334.0
-490.0,-729.0,-47.0,355.0,,-858.0,-218.0,319.0,-15.0,191.0
-478.0,-358.0,-47.0,428.0,,-915.0,-225.0,319.0,-619.0,307.0
-469.0,-1411.0,-32.0,328.0,,-615.0,-312.0,162.0,54.0,389.0
-408.0,-1764.0,25.0,42.0,,-330.0,-388.0,155.0,-746.0,370.0
-285.0,-1301.0,31.0,-96.0,,-678.0,-372.0,208.0,-671.0,306.0
-241.0,-652.0,18.0,-25.0,,-1139.0,-383.0,162.0,-35.0,346.0
-268.0,-139.0,108.0,-89.0,,-1097.0,-423.0,271.0,-266.0,452.0
-287.0,-249.0,76.0,-231.0,,-900.0,-506.0,286.0,-63.0,452.0
-247.0,164.0,99.0,-273.0,,-1064.0,-532.0,448.0,-100.0,519.0
-274.0,633.0,159.0,-309.0,,-1142.0,-561.0,406.0,280.0,559.0
-284.0,1582.0,214.0,-207.0,,-795.0,-696.0,365.0,586.0,493.0
-240.0,1571.0,196.0,153.0,,-598.0,-721.0,365.0,197.0,526.0
-194.0,1455.0,196.0,423.0,,-972.0,-595.0,238.0,378.0,648.0
-169.0,1949.0,215.0,533.0,,-1288.0,-467.0,312.0,772.0,633.0
-136.0,1084.0,179.0,593.0,,-1078.0,-349.0,164.0,-161.0,493.0
-93.0,397.0,201.0,667.0,,-843.0,-282.0,101.0,234.0,463.0
-112.0,107.0,188.0,588.0,,-1066.0,-303.0,-48.0,1377.0,506.0
-140.0,-125.0,200.0,391.0,,-1374.0,-266.0,-195.0,405.0,480.0
-200.0,-1184.0,186.0,275.0,,-1320.0,-176.0,-84.0,143.0,462.0
-235.0,-1052.0,271.0,200.0,,-1187.0,-176.0,-49.0,623.0,497.0
-247.0,-491.0,282.0,166.0,,-1379.0,-188.0,197.0,295.0,530.0
-250.0,-1417.0,280.0,44.0,,-1593.0,-130.0,312.0,86.0,569.0
-242.0,-161.0,324.0,-91.0,,-1399.0,-65.0,493.0,91.0,634.0
-196.0,687.0,211.0,-281.0,,-1289.0,6.0,543.0,-179.0,634.0
-112.0,709.0,194.0,-356.0,,-1528.0,-42.0,277.0,181.0,575.0
-53.0,162.0,185.0,-159.0,,-1658.0,-277.0,201.0,490.0,579.0
12.0,-165.0,150.0,110.0,,-1373.0,-526.0,33.0,17.0,586.0
83.0,293.0,110.0,354.0,,-1156.0,-706.0,16.0,202.0,520.0
172.0,-357.0,130.0,373.0,,-1312.0,-855.0,-55.0,106.0,370.0
255.0,3.0,174.0,243.0,,-1300.0,-1021.0,-38.0,236.0,246.0
326.0,740.0,227.0,102.0,,-1080.0,-1086.0,216.0,455.0,226.0
371.0,1207.0,285.0,27.0,,-1004.0,-1028.0,395.0,134.0,179.0
387.0,531.0,295.0,31.0,,-1264.0,-919.0,700.0,356.0,121.0
383.0,741.0,420.0,150.0,,-1535.0,-785.0,668.0,77.0,119.0
365.0,930.0,371.0,253.0,,-1446.0,-674.0,561.0,-210.0,234.0
320.0,-44.0,339.0,131.0,,-1272.0,-587.0,458.0,162.0,344.0
278.0,533.0,391.0,-124.0,,-1302.0,-514.0,315.0,403.0,352.0
250.0,299.0,333.0,-382.0,,-1400.0,-414.0,277.0,-241.0,385.0
222.0,782.0,350.0,-467.0,,-1368.0,-321.0,24.0,-168.0,472.0
241.0,1889.0,312.0,-532.0,,-1427.0,-191.0,-92.0,216.0,626.0
240.0,686.0,233.0,-561.0,,-1473.0,-57.0,-251.0,-105.0,746.0
232.0,-32.0,167.0,-470.0,,-1256.0,-14.0,-356.0,360.0,841.0
200.0,1327.0,116.0,-333.0,,-1066.0,65.0,-393.0,200.0,871.0
153.0,1044.0,64.0,-84.0,,-1135.0,42.0,-434.0,-601.0,856.0
121.0,-339.0,20.0,46.0,,-1488.0,-84.0,-144.0,-333.0,879.0
68.0,142.0,20.0,149.0,,-1590.0,-143.0,77.0,799.0,851.0
29.0,442.0,15.0,474.0,,-1384.0,-228.0,362.0,135.0,755.0
50.0,-38.0,-40.0,662.0,,-1494.0,-224.0,487.0,-363.0,618.0
103.0,-388.0,-40.0,568.0,,-1641.0,-98.0,454.0,278.0,588.0
104.0,49.0,-28.0,366.0,,-1522.0,-1.0,463.0,-166.0,581.0
123.0,-46.0,-109.0,245.0,,-1222.0,62.0,225.0,236.0,576.0
172.0,-626.0,-49.0,404.0,,-1210.0,37.0,46.0,105.0,616.0
225.0,-34.0,-58.0,621.0,,-1479.0,-79.0,-275.0,-502.0,587.0
272.0,425.0,-70.0,629.0,,-1308.0,-152.0,-550.0,-442.0,592.0
291.0,146.0,-36.0,448.0,,-1056.0,-117.0,-753.0,-245.0,668.0
291.0,-226.0,-75.0,110.0,,-1128.0,-81.0,-879.0,-65.0,634.0
296.0,1537.0,-61.0,-109.0,,-1307.0,-121.0,-667.0,343.0,504.0
305.0,1935.0,-98.0,65.0,,-1201.0,-279.0,-541.0,653.0,483.0
252.0,-266.0,-68.0,361.0,,-932.0,-500.0,-194.0,-207.0,441.0
241.0,30.0,-90.0,380.0,,-1017.0,-624.0,55.0,245.0,367.0
286.0,388.0,-126.0,197.0,,-1172.0,-628.0,157.0,938.0,325.0
312.0,498.0,-92.0,71.0,,-1071.0,-666.0,238.0,441.0,249.0
348.0,485.0,-96.0,91.0,,-872.0,-815.0,24.0,58.0,251.0
413.0,-567.0,-103.0,296.0,,-977.0,-873.0,-101.0,-173.0,312.0
510.0,-28.0,-77.0,392.0,,-1176.0,-811.0,-397.0,84.0,359.0
544.0,201.0,-70.0,255.0,,-1035.0,-705.0,-572.0,142.0,336.0
575.0,-660.0,-92.0,134.0,,-978.0,-595.0,-642.0,91.0,297.0
623.0,-635.0,-78.0,68.0,,-1189.0,-526.0,-737.0,-168.0,285.0
667.0,28.0,-95.0,-62.0,,-1289.0,-469.0,-648.0,-404.0,253.0
741.0,-391.0,-68.0,-256.0,,-984.0,-442.0,-661.0,-115.0,169.0
726.0,-257.0,-57.0,-266.0,,-712.0,-422.0,-454.0,130.0,18.0
695.0,1338.0,5.0,-221.0,,-968.0,-368.0,-321.0,16.0,-48.0
664.0,1131.0,54.0,-147.0,,-1176.0,-247.0,-243.0,-797.0,-56.0
646.0,175.0,77.0,59.0,,-1125.0,-138.0,-92.0,-1079.0,-68.0
642.0,30.0,132.0,167.0,,-1110.0,-49.0,-12.0,-270.0,-108.0
608.0,824.0,134.0,229.0,,-1343.0,1.0,107.0,-76.0,-183.0
643.0,470.0,163.0,337.0,,-1550.0,-34.0,-22.0,-251.0,-168.0
638.0,-1171.0,120.0,338.0,,-1338.0,-23.0,-53.0,129.0,-142.0
589.0,77.0,102.0,170.0,,-1162.0,8.0,-221.0,-353.0,-193.0
571.0,919.0,65.0,10.0,,-1151.0,-14.0,-454.0,-693.0,-239.0
549.0,-591.0,62.0,9.0,,-1233.0,-136.0,-461.0,-256.0,-284.0
500.0,-1119.0,61.0,252.0,,-1015.0,-233.0,-554.0,-335.0,-367.0
461.0,-220.0,2.0,500.0,,-723.0,-249.0,-443.0,87.0,-347.0
472.0,89.0,21.0,464.0,,-807.0,-281.0,-471.0,17.0,-333.0
426.0,-128.0,-9.0,372.0,,-696.0,-260.0,-526.0,101.0,-410.0
370.0,570.0,27.0,229.0,,-492.0,-281.0,-473.0,986.0,-382.0
336.0,991.0,73.0,-86.0,,-404.0,-282.0,-358.0,788.0,-294.0
349.0,825.0,59.0,-288.0,,-539.0,-219.0,-175.0,574.0,-224.0
402.0,13.0,103.0,-301.0,,-617.0,-298.0,-253.0,3.0,-189.0
425.0,158.0,119.0,-250.0,,-467.0,-420.0,-75.0,3.0,-85.0
412.0,700.0,109.0,-208.0,,-592.0,-442.0,112.0,572.0,113.0
397.0,-253.0,135.0,-93.0,,-719.0,-422.0,243.0,-5.0,253.0
424.0,-475.0,113.0,74.0,,-500.0,-358.0,264.0,235.0,361.0
401.0,169.0,114.0,132.0,,-185.0,-277.0,-9.0,273.0,428.0
344.0,133.0,156.0,135.0,,-128.0,-265.0,-149.0,207.0,418.0
302.0,-553.0,163.0,217.0,,-345.0,-269.0,-452.0,919.0,430.0
289.0,-350.0,197.0,376.0,,-240.0,-340.0,-565.0,535.0,467.0
265.0,-255.0,203.0,326.0,,163.0,-476.0,-631.0,102.0,465.0
230.0,-702.0,209.0,242.0,,-20.0,-577.0,-772.0,88.0,463.0
222.0,-330.0,171.0,280.0,,-502.0,-614.0,-703.0,352.0,503.0
198.0,-594.0,180.0,276.0,,-598.0,-605.0,-642.0,957.0,567.0
181.0,-1646.0,156.0,255.0,,-298.0,-626.0,-327.0,691.0,597.0
177.0,-1967.0,79.0,144.0,,-85.0,-642.0,-144.0,169.0,599.0
188.0,-1451.0,76.0,11.0,,-227.0,-630.0,62.0,130.0,603.0
224.0,-1711.0,-1.0,-28.0,,-110.0,-551.0,240.0,-232.0,577.0
269.0,-1740.0,-28.0,-110.0,,183.0,-409.0,157.0,-45.0,603.0
244.0,-618.0,-53.0,-325.0,,177.0,-166.0,208.0,60.0,644.0
256.0,255.0,-67.0,-435.0,,-44.0,46.0,77.0,-860.0,587.0
332.0,509.0,-74.0,-428.0,,-154.0,56.0,-11.0,-735.0,497.0
404.0,195.0,-83.0,-276.0,,-92.0,140.0,-120.0,-177.0,436.0
458.0,541.0,-81.0,29.0,,-164.0,208.0,-238.0,282.0,366.0
543.0,1041.0,-97.0,279.0,,-340.0,110.0,-236.0,585.0,213.0
661.0,835.0,-28.0,367.0,,-142.0,73.0,-229.0,165.0,67.0
692.0,926.0,-67.0,321.0,,245.0,36.0,-62.0,-8.0,0.0
677.0,1397.0,-101.0,301.0,,271.0,-141.0,-133.0,504.0,-43.0
655.0,1082.0,-101.0,408.0,,138.0,-342.0,-129.0,1039.0,-81.0
701.0,304.0,-169.0,426.0,,125.0,-466.0,-184.0,785.0,-25.0
703.0,302.0,-162.0,196.0,,286.0,-447.0,-336.0,753.0,54.0
703.0,431.0,-178.0,59.0,,152.0,-330.0,-177.0,297.0,-19.0
744.0,574.0,-184.0,-22.0,,-70.0,-253.0,-136.0,384.0,-49.0
775.0,462.0,-179.0,-103.0,,230.0,-177.0,-11.0,1419.0,-16.0
822.0,265.0,-178.0,6.0,,425.0,-132.0,53.0,1066.0,-113.0
769.0,508.0,-145.0,335.0,,97.0,-48.0,112.0,775.0,-180.0
711.0,-88.0,-137.0,625.0,,-269.0,109.0,157.0,538.0,-174.0
653.0,-699.0,-26.0,645.0,,-44.0,137.0,-5.0,515.0,-206.0
585.0,-253.0,13.0,590.0,,296.0,75.0,-44.0,937.0,-235.0
485.0,118.0,2.0,433.0,,155.0,-87.0,-216.0,879.0,-261.0
430.0,-409.0,48.0,370.0,,22.0,-238.0,-177.0,152.0,-350.0
456.0,-515.0,8.0,322.0,,367.0,-270.0,-112.0,-269.0,-428.0
467.0,63.0,-13.0,21.0,,853.0,-353.0,-42.0,594.0,-430.0
435.0,-950.0,-34.0,-245.0,,820.0,-366.0,258.0,269.0,-478.0
392.0,-1560.0,-37.0,-342.0,,564.0,-380.0,362.0,-142.0,-608.0
430.0,-645.0,-128.0,-332.0,,724.0,-419.0,550.0,-80.0,-679.0
462.0,-78.0,-129.0,-371.0,,1030.0,-345.0,615.0,-219.0,-675.0
473.0,434.0,-86.0,-391.0,,838.0,-304.0,724.0,302.0,-701.0
484.0,793.0,-93.0,-324.0,,498.0,-288.0,768.0,402.0,-791.0
573.0,905.0,58.0,-363.0,,665.0,-287.0,663.0,169.0,-834.0
601.0,252.0,64.0,-523.0,,826.0,-183.0,731.0,-66.0,-786.0
551.0,-453.0,90.0,-570.0,,578.0,-23.0,570.0,56.0,-760.0
541.0,-136.0,195.0,-530.0,,413.0,-15.0,493.0,337.0,-782.0
534.0,-149.0,177.0,-477.0,,511.0,-95.0,291.0,671.0,-796.0
551.0,-210.0,150.0,-259.0,,654.0,-257.0,133.0,430.0,-802.0
493.0,61.0,179.0,4.0,,519.0,-373.0,160.0,115.0,-787.0
427.0,-104.0,172.0,233.0,,344.0,-367.0,31.0,191.0,-752.0
419.0,168.0,113.0,389.0,,601.0,-314.0,103.0,513.0,-708.0
412.0,143.0,110.0,401.0,,696.0,-252.0,120.0,1271.0,-630.0
355.0,-209.0,85.0,501.0,,373.0,-160.0,254.0,1092.0,-604.0
299.0,383.0,4.0,597.0,,187.0,1.0,406.0,1183.0,-553.0
261.0,436.0,-35.0,398.0,,421.0,45.0,508.0,1123.0,-428.0
201.0,-101.0,-58.0,70.0,,604.0,42.0,731.0,870.0,-353.0
138.0,-60.0,-127.0,-141.0,,295.0,87.0,855.0,1022.0,-309.0
60.0,-43.0,-59.0,-93.0,,-33.0,213.0,1158.0,416.0,-237.0
32.0,-501.0,-51.0,45.0,,-8.0,402.0,1273.0,379.0,-175.0
57.0,158.0,-100.0,108.0,,74.0,470.0,1212.0,260.0,-230.0
65.0,1051.0,-99.0,103.0,,-26.0,494.0,907.0,59.0,-279.0
72.0,577.0,-197.0,72.0,,141.0,408.0,376.0,477.0,-284.0
124.0,622.0,-272.0,181.0,,532.0,329.0,147.0,378.0,-310.0
172.0,765.0,-283.0,164.0,,567.0,280.0,-77.0,193.0,-361.0
164.0,176.0,-301.0,-86.0,,391.0,118.0,-1.0,-103.0,-395.0
166.0,-270.0,-321.0,-227.0,,563.0,18.0,107.0,452.0,-355.0
206.0,-511.0,-283.0,-141.0,,1045.0,-7.0,131.0,1351.0,-330.0
238.0,-641.0,-309.0,59.0,,1016.0,91.0,236.0,1443.0,-302.0
255.0,-370.0,-260.0,84.0,,583.0,169.0,181.0,970.0,-246.0
268.0,-123.0,-191.0,-18.0,,542.0,135.0,304.0,3.0,-177.0
291.0,-423.0,-171.0,54.0,,890.0,152.0,254.0,604.0,-195.0
300.0,-593.0,-138.0,161.0,,1132.0,170.0,277.0,1288.0,-187.0
302.0,-742.0,-180.0,186.0,,1036.0,190.0,282.0,1136.0,-74.0
295.0,-632.0,-145.0,190.0,,993.0,180.0,131.0,218.0,-114.0
323.0,-182.0,-195.0,107.0,,1141.0,185.0,201.0,-585.0,-225.0
391.0,-246.0,-186.0,-24.0,,785.0,236.0,114.0,174.0,-273.0
395.0,-362.0,-110.0,-57.0,,107.0,280.0,205.0,709.0,-325.0
399.0,58.0,-103.0,-1.0,,-2.0,301.0,266.0,341.0,-455.0
412.0,395.0,-63.0,91.0,,367.0,238.0,282.0,-333.0,-603.0
412.0,16.0,-48.0,187.0,,553.0,248.0,330.0,222.0,-686.0
340.0,-305.0,-2.0,144.0,,293.0,321.0,234.0,124.0,-743.0
265.0,-491.0,36.0,-22.0,,320.0,325.0,310.0,108.0,-822.0
290.0,-389.0,143.0,-96.0,,815.0,390.0,208.0,407.0,-878.0
256.0,1.0,145.0,-157.0,,1093.0,523.0,216.0,-218.0,-873.0
187.0,-105.0,119.0,-286.0,,1028.0,554.0,221.0,-282.0,-930.0
137.0,-81.0,189.0,-48.0,,933.0,483.0,197.0,-175.0,-1010.0
111.0,-467.0,131.0,357.0,,948.0,422.0,258.0,538.0,-983.0
91.0,-477.0,88.0,389.0,,713.0,353.0,120.0,618.0,-914.0
40.0,-32.0,88.0,326.0,,411.0,233.0,251.0,392.0,-847.0
73.0,-416.0,-19.0,470.0,,420.0,102.0,269.0,-125.0,-708.0
96.0,-511.0,-71.0,466.0,,498.0,15.0,262.0,64.0,-588.0
93.0,-143.0,-65.0,189.0,,350.0,23.0,238.0,1285.0,-550.0
83.0,340.0,-137.0,59.0,,164.0,174.0,40.0,1057.0,-557.0
40.0,-103.0,-41.0,34.0,,290.0,403.0,11.0,688.0,-557.0
39.0,-514.0,-51.0,-143.0,,537.0,556.0,-155.0,163.0,-584.0
13.0,431.0,-109.0,-230.0,,671.0,744.0,-101.0,115.0,-713.0
-4.0,774.0,-59.0,-89.0,,822.0,1031.0,-38.0,785.0,-783.0
-15.0,311.0,-134.0,31.0,,1226.0,1218.0,-42.0,621.0,-787.0
61.0,128.0,-99.0,106.0,,1451.0,1310.0,96.0,-31.0,-755.0
177.0,300.0,-101.0,99.0,,1213.0,1235.0,212.0,-573.0,-693.0
205.0,96.0,-149.0,62.0,,945.0,1139.0,513.0,-456.0,-620.0
245.0,-242.0,-120.0,34.0,,910.0,1134.0,545.0,269.0,-523.0
302.0,32.0,-131.0,-10.0,,1012.0,1008.0,569.0,703.0,-401.0
338.0,-31.0,-149.0,10.0,,916.0,880.0,541.0,41.0,-287.0
325.0,-213.0,-124.0,-48.0,,844.0,699.0,330.0,-456.0,-195.0
314.0,-82.0,-105.0,-117.0,,977.0,437.0,194.0,-58.0,-78.0
297.0,-203.0,-68.0,-312.0,,854.0,229.0,-79.0,438.0,-63.0
295.0,-588.0,-1.0,-530.0,,334.0,229.0,-107.0,230.0,-61.0
284.0,-888.0,13.0,-437.0,,-50.0,350.0,-201.0,-365.0,-51.0
265.0,-810.0,69.0,-232.0,,99.0,457.0,-260.0,-357.0,-136.0
277.0,-772.0,92.0,-123.0,,331.0,666.0,-219.0,5.0,-211.0
266.0,-941.0,38.0,-131.0,,311.0,797.0,-279.0,800.0,-246.0
259.0,-1014.0,4.0,-180.0,,503.0,947.0,-112.0,707.0,-265.0
262.0,-687.0,-58.0,-208.0,,1033.0,1084.0,-81.0,-32.0,-399.0
324.0,-236.0,-143.0,-117.0,,1294.0,1222.0,90.0,-457.0,-481.0
353.0,-213.0,-178.0,14.0,,1020.0,1322.0,194.0,-443.0,-430.0
298.0,-867.0,-162.0,229.0,,686.0,1218.0,147.0,59.0,-483.0
231.0,-782.0,-136.0,563.0,,844.0,1201.0,195.0,-401.0,-528.0
193.0,-36.0,-149.0,642.0,,1101.0,1155.0,14.0,-533.0,-475.0
134.0,94.0,-77.0,476.0,,940.0,1097.0,-107.0,-759.0,-510.0
17.0,760.0,-8.0,290.0,,860.0,970.0,-430.0,-1148.0,-677.0
-45.0,1263.0,-31.0,86.0,,1179.0,783.0,-715.0,-248.0,-668.0
-80.0,1142.0,50.0,20.0,,1339.0,716.0,-829.0,-327.0,-594.0
-113.0,920.0,7.0,105.0,,1211.0,635.0,-946.0,-1102.0,-692.0
-129.0,825.0,0.0,65.0,,1181.0,580.0,-816.0,-797.0,-740.0
-153.0,1229.0,23.0,-60.0,,1291.0,581.0,-696.0,-403.0,-702.0
-192.0,1097.0,-2.0,-158.0,,1396.0,680.0,-321.0,-129.0,-695.0
-215.0,552.0,12.0,-83.0,,1188.0,731.0,16.0,455.0,-786.0
-242.0,547.0,-75.0,167.0,,978.0,709.0,256.0,-145.0,-809.0
-238.0,596.0,-30.0,274.0,,1074.0,684.0,471.0,-735.0,-741.0
-192.0,2.0,-126.0,299.0,,1143.0,711.0,391.0,588.0,-768.0
-176.0,-488.0,-195.0,144.0,,1028.0,787.0,354.0,1046.0,-792.0
-188.0,-132.0,-155.0,-167.0,,936.0,813.0,158.0,409.0,-693.0
-208.0,-33.0,-179.0,-330.0,,1002.0,869.0,136.0,313.0,-644.0
-177.0,-712.0,-100.0,-328.0,,896.0,801.0,142.0,-110.0,-711.0
-170.0,-796.0,-84.0,-247.0,,743.0,706.0,-20.0,312.0,-681.0
-145.0,-642.0,-26.0,-254.0,,830.0,688.0,-77.0,1225.0,-580.0
-109.0,-985.0,-70.0,-154.0,,953.0,664.0,-351.0,625.0,-551.0
-80.0,-351.0,-107.0,-91.0,,770.0,698.0,-447.0,-85.0,-586.0
-26.0,394.0,-156.0,-207.0,,648.0,710.0,-556.0,-287.0,-571.0
-33.0,-193.0,-271.0,-253.0,,777.0,694.0,-550.0,97.0,-498.0
-60.0,-667.0,-306.0,-217.0,,820.0,641.0,-297.0,526.0,-465.0
-75.0,-607.0,-346.0,-138.0,,736.0,683.0,-179.0,432.0,-467.0
-54.0,-485.0,-364.0,-166.0,,520.0,795.0,-35.0,19.0,-362.0
-63.0,-424.0,-360.0,-215.0,,694.0,837.0,-112.0,-647.0,-233.0
-99.0,-499.0,-348.0,-186.0,,1042.0,841.0,-129.0,-189.0,-245.0
-129.0,-681.0,-386.0,35.0,,943.0,786.0,-199.0,451.0,-170.0
-133.0,-624.0,-376.0,182.0,,719.0,741.0,-262.0,356.0,-45.0
-166.0,-145.0,-412.0,47.0,,868.0,651.0,-125.0,-489.0,-73.0
-256.0,90.0,-430.0,-47.0,,1222.0,550.0,-175.0,-1046.0,-144.0
-290.0,383.0,-432.0,-23.0,,1318.0,439.0,-129.0,-556.0,-138.0
-294.0,806.0,-440.0,108.0,,1212.0,256.0,-240.0,3.0,-129.0
-308.0,836.0,-413.0,206.0,,1181.0,148.0,-286.0,-86.0,-264.0
-383.0,927.0,-417.0,168.0,,1327.0,45.0,-310.0,-1138.0,-380.0
-436.0,1271.0,-413.0,-22.0,,1354.0,-123.0,-535.0,-1181.0,-396.0
-493.0,1073.0,-407.0,-73.0,,1353.0,-272.0,-550.0,-548.0,-422.0
-549.0,555.0,-413.0,-51.0,,1491.0,-326.0,-611.0,-358.0,-459.0
-577.0,363.0,-412.0,-134.0,,1528.0,-245.0,-561.0,-188.0,-420.0
-596.0,-147.0,-268.0,-140.0,,1354.0,-82.0,-641.0,-55.0,-304.0
-542.0,-984.0,-166.0,-199.0,,1155.0,78.0,-750.0,-221.0,-188.0
-520.0,-789.0,-78.0,-8.0,,1212.0,146.0,-737.0,17.0,-30.0
-520.0,598.0,10.0,286.0,,1287.0,163.0,-933.0,696.0,112.0
-550.0,410.0,88.0,452.0,,1098.0,156.0,-1003.0,630.0,290.0
-544.0,-115.0,134.0,656.0,,886.0,149.0,-1189.0,326.0,437.0
-519.0,849.0,151.0,711.0,,820.0,205.0,-1212.0,-239.0,497.0
-520.0,257.0,194.0,691.0,,703.0,256.0,-1032.0,-9.0,587.0
-469.0,251.0,136.0,667.0,,534.0,285.0,-870.0,471.0,576.0
-402.0,996.0,137.0,480.0,,574.0,352.0,-548.0,-107.0,499.0
-355.0,339.0,130.0,28.0,,710.0,512.0,-362.0,-590.0,454.0
-334.0,-45.0,105.0,-242.0,,647.0,631.0,-68.0,-964.0,393.0
-291.0,-135.0,114.0,-332.0,,482.0,593.0,105.0,-474.0,214.0
-282.0,-178.0,136.0,-470.0,,512.0,472.0,325.0,452.0,47.0
-293.0,-952.0,140.0,-439.0,,735.0,366.0,445.0,-166.0,-39.0
-313.0,-1181.0,106.0,-593.0,,708.0,324.0,153.0,-683.0,-136.0
-329.0,-1092.0,128.0,-776.0,,447.0,241.0,96.0,-366.0,-251.0
-358.0,-772.0,132.0,-655.0,,577.0,150.0,-25.0,-320.0,-358.0
-386.0,130.0,121.0,-462.0,,968.0,119.0,18.0,-12.0,-317.0
-402.0,283.0,140.0,-207.0,,886.0,154.0,81.0,-237.0,-259.0
-421.0,120.0,205.0,84.0,,477.0,210.0,25.0,-508.0,-234.0
-377.0,42.0,191.0,285.0,,350.0,116.0,38.0,-650.0,-176.0
-371.0,954.0,149.0,335.0,,564.0,25.0,-243.0,-581.0,-146.0
-350.0,786.0,214.0,281.0,,670.0,55.0,-469.0,-100.0,-135.0
-280.0,492.0,129.0,293.0,,473.0,50.0,-824.0,-543.0,-98.0
-203.0,610.0,62.0,358.0,,542.0,-10.0,-1056.0,-556.0,-84.0
-158.0,465.0,106.0,113.0,,898.0,-36.0,-1189.0,-419.0,-120.0
-144.0,209.0,84.0,-237.0,,968.0,6.0,-1250.0,-403.0,-151.0
-77.0,-665.0,110.0,-297.0,,686.0,-51.0,-1014.0,-35.0,-163.0
-21.0,-328.0,109.0,-232.0,,691.0,-165.0,-942.0,-114.0,-160.0
-1.0,-838.0,114.0,-328.0,,1124.0,-209.0,-694.0,-383.0,-248.0
10.0,-445.0,75.0,-342.0,,1279.0,-243.0,-493.0,-894.0,-304.0
32.0,355.0,24.0,-62.0,,1056.0,-224.0,-205.0,-610.0,-304.0
63.0,-472.0,-5.0,193.0,,901.0,-163.0,103.0,-39.0,-384.0
54.0,-599.0,-37.0,387.0,,918.0,-111.0,90.0,-311.0,-438.0
-15.0,-410.0,-5.0,356.0,,694.0,-54.0,147.0,-766.0,-402.0
-91.0,-513.0,-12.0,155.0,,257.0,7.0,-36.0,-1377.0,-403.0
-135.0,-546.0,-31.0,13.0,,104.0,40.0,-121.0,-939.0,-508.0
-181.0,360.0,-21.0,-123.0,,251.0,46.0,-151.0,-52.0,-460.0
-237.0,31.0,0.0,-150.0,,172.0,40.0,-175.0,-285.0,-355.0
-263.0,5.0,-22.0,-57.0,,-110.0,15.0,-84.0,-681.0,-388.0
-260.0,852.0,38.0,13.0,,-41.0,-12.0,-238.0,-919.0,-378.0
-260.0,681.0,66.0,111.0,,229.0,-73.0,-164.0,-608.0,-347.0
-275.0,471.0,67.0,190.0,,280.0,-185.0,-151.0,-186.0,-366.0
-262.0,375.0,125.0,190.0,,78.0,-280.0,-197.0,-188.0,-409.0
-229.0,812.0,86.0,283.0,,68.0,-320.0,-199.0,-383.0,-417.0
-200.0,440.0,125.0,297.0,,271.0,-362.0,-253.0,-639.0,-459.0
-191.0,79.0,113.0,232.0,,278.0,-363.0,-125.0,-206.0,-551.0
-187.0,123.0,48.0,224.0,,254.0,-314.0,-225.0,-18.0,-590.0
-141.0,193.0,62.0,214.0,,528.0,-273.0,-243.0,-468.0,-618.0
-137.0,496.0,100.0,204.0,,759.0,-191.0,-227.0,-706.0,-645.0
-156.0,508.0,135.0,96.0,,445.0,-218.0,-118.0,-659.0,-656.0
-178.0,322.0,141.0,39.0,,-36.0,-280.0,53.0,-955.0,-605.0
-214.0,-308.0,196.0,111.0,,-118.0,-270.0,-33.0,-964.0,-540.0
-256.0,-328.0,237.0,173.0,,56.0,-416.0,27.0,-193.0,-441.0
-321.0,-640.0,238.0,289.0,,41.0,-473.0,-186.0,-664.0,-270.0
-352.0,-977.0,274.0,382.0,,175.0,-346.0,-447.0,-863.0,-194.0
-352.0,-612.0,310.0,310.0,,721.0,-302.0,-580.0,-52.0,-85.0
-382.0,-538.0,292.0,247.0,,996.0,-278.0,-663.0,-109.0,71.0
-443.0,211.0,365.0,98.0,,657.0,-291.0,-528.0,-202.0,134.0
-480.0,1166.0,388.0,31.0,,252.0,-354.0,-484.0,-784.0,193.0
-455.0,1163.0,345.0,166.0,,316.0,-339.0,-134.0,-1000.0,259.0
-464.0,922.0,446.0,59.0,,395.0,-366.0,169.0,-279.0,233.0
-518.0,1712.0,417.0,57.0,,-35.0,-377.0,295.0,108.0,132.0
-530.0,1787.0,399.0,112.0,,-452.0,-311.0,219.0,-32.0,93.0
-511.0,678.0,416.0,108.0,,-181.0,-381.0,-230.0,-526.0,5.0
-484.0,675.0,370.0,79.0,,239.0,-469.0,-606.0,-534.0,-111.0
-510.0,279.0,407.0,-168.0,,146.0,-560.0,-1116.0,-517.0,-149.0
-507.0,-804.0,382.0,-174.0,,-35.0,-613.0,-1361.0,20.0,-187.0
-463.0,-1055.0,377.0,-129.0,,78.0,-515.0,-1326.0,416.0,-219.0
-436.0,-893.0,344.0,-48.0,,228.0,-395.0,-1101.0,-357.0,-172.0
-428.0,-787.0,259.0,93.0,,100.0,-331.0,-546.0,-813.0,-63.0
-431.0,-866.0,223.0,73.0,,79.0,-369.0,-64.0,-220.0,-61.0
-391.0,-869.0,201.0,34.0,,325.0,-356.0,532.0,451.0,-6.0
-370.0,-99.0,155.0,-141.0,,416.0,-265.0,960.0,-208.0,145.0
-362.0,14.0,122.0,-277.0,,312.0,-238.0,1245.0,-708.0,149.0
-369.0,-558.0,164.0,-231.0,,338.0,-300.0,1311.0,-691.0,106.0
-361.0,1103.0,118.0,-142.0,,668.0,-404.0,1108.0,-634.0,154.0
-350.0,1692.0,149.0,96.0,,736.0,-518.0,1071.0,29.0,110.0
-354.0,234.0,170.0,439.0,,541.0,-554.0,916.0,147.0,24.0
-355.0,458.0,102.0,433.0,,446.0,-448.0,848.0,-327.0,103.0
-339.0,137.0,118.0,132.0,,413.0,-352.0,683.0,-546.0,93.0
-331.0,-897.0,81.0,-102.0,,275.0,-282.0,484.0,-577.0,-30.0
-366.0,-1381.0,92.0,-328.0,,-51.0,-225.0,286.0,182.0,-3.0
-359.0,-1681.0,63.0,-440.0,,29.0,-214.0,-210.0,504.0,112.0
-348.0,-1020.0,47.0,-438.0,,331.0,-240.0,-552.0,-650.0,62.0
-334.0,-1357.0,124.0,-349.0,,388.0,-317.0,-994.0,-373.0,32.0
-337.0,-2028.0,142.0,-214.0,,307.0,-403.0,-1219.0,726.0,148.0
-356.0,-1478.0,196.0,-239.0,,278.0,-442.0,-1191.0,690.0,123.0
-367.0,-1078.0,228.0,-124.0,,315.0,-469.0,-1082.0,432.0,3.0
-382.0,-1109.0,256.0,128.0,,67.0,-593.0,-672.0,125.0,9.0
-372.0,-718.0,324.0,273.0,,-265.0,-743.0,-303.0,-15.0,104.0
-387.0,608.0,321.0,272.0,,-291.0,-776.0,236.0,553.0,5.0
-391.0,879.0,323.0,157.0,,-116.0,-706.0,663.0,567.0,-84.0
-374.0,1038.0,369.0,-27.0,,-254.0,-668.0,1067.0,-324.0,-17.0
-361.0,2139.0,412.0,-293.0,,-539.0,-733.0,1376.0,-538.0,-46.0
-283.0,1822.0,412.0,-350.0,,-375.0,-757.0,1321.0,-491.0,-70.0
-189.0,643.0,442.0,-196.0,,-70.0,-621.0,1149.0,-425.0,29.0
-117.0,1066.0,441.0,-96.0,,-121.0,-483.0,663.0,-124.0,185.0
-67.0,1771.0,408.0,-62.0,,-605.0,-391.0,327.0,-282.0,201.0
-5.0,1072.0,413.0,-111.0,,-781.0,-280.0,-27.0,-818.0,149.0
84.0,1073.0,388.0,-272.0,,-404.0,-202.0,-256.0,-650.0,247.0
92.0,708.0,430.0,-301.0,,-339.0,-81.0,-195.0,-280.0,336.0
70.0,-52.0,429.0,-131.0,,-511.0,-13.0,-208.0,-379.0,264.0
66.0,238.0,474.0,-68.0,,-502.0,-23.0,81.0,-605.0,231.0
101.0,-117.0,468.0,-86.0,,-324.0,-9.0,192.0,-891.0,351.0
118.0,-9.0,412.0,-76.0,,-267.0,-7.0,214.0,-859.0,370.0
109.0,-13.0,419.0,-126.0,,-326.0,-37.0,155.0,-838.0,279.0
85.0,-822.0,330.0,-158.0,,-112.0,-214.0,-175.0,-343.0,321.0
43.0,-997.0,308.0,-82.0,,91.0,-403.0,-424.0,-41.0,397.0
62.0,-1412.0,248.0,152.0,,36.0,-481.0,-746.0,-571.0,303.0
43.0,-1837.0,191.0,385.0,,-156.0,-498.0,-777.0,-538.0,235.0
0.0,-2209.0,154.0,429.0,,-128.0,-521.0,-711.0,1.0,352.0
-34.0,-1452.0,124.0,351.0,,65.0,-666.0,-593.0,449.0,372.0
-17.0,-1028.0,102.0,161.0,,-37.0,-704.0,-410.0,325.0,220.0
-14.0,-1471.0,32.0,44.0,,-256.0,-554.0,-330.0,-158.0,218.0
-51.0,-567.0,-62.0,95.0,,-210.0,-391.0,-131.0,232.0,319.0
-25.0,138.0,-142.0,67.0,,-131.0,-350.0,-107.0,554.0,244.0
-27.0,452.0,-142.0,58.0,,-296.0,-450.0,25.0,244.0,182.0
-75.0,655.0,-158.0,34.0,,-385.0,-447.0,142.0,641.0,222.0
-145.0,1764.0,-72.0,-131.0,,-200.0,-397.0,297.0,657.0,175.0
-192.0,1996.0,-10.0,-114.0,,62.0,-355.0,618.0,292.0,108.0
-216.0,1298.0,13.0,3.0,,-34.0,-271.0,716.0,486.0,189.0
-230.0,1568.0,71.0,15.0,,-184.0,-194.0,885.0,430.0,270.0
-269.0,710.0,24.0,-44.0,,8.0,-66.0,768.0,347.0,268.0
-348.0,-265.0,-16.0,-163.0,,112.0,17.0,602.0,356.0,404.0
-389.0,-744.0,36.0,-290.0,,-28.0,32.0,460.0,145.0,556.0
-402.0,-709.0,34.0,-377.0,,-173.0,-73.0,131.0,65.0,632.0
-435.0,-49.0,-2.0,-390.0,,2.0,-243.0,-12.0,181.0,720.0
-458.0,-822.0,39.0,-356.0,,161.0,-324.0,-319.0,-62.0,804.0
-447.0,-1916.0,12.0,-226.0,,-137.0,-405.0,-458.0,-62.0,827.0
-438.0,-1373.0,-26.0,6.0,,-450.0,-409.0,-491.0,130.0,817.0
-440.0,-644.0,-84.0,145.0,,-302.0,-324.0,-456.0,-84.0,891.0
-436.0,-511.0,-141.0,82.0,,-75.0,-262.0,-145.0,410.0,881.0
-448.0,-745.0,-183.0,90.0,,-210.0,-324.0,27.0,484.0,832.0
-459.0,69.0,-226.0,224.0,,-272.0,-489.0,356.0,145.0,875.0
-478.0,1088.0,-205.0,226.0,,-79.0,-642.0,628.0,252.0,868.0
-487.0,242.0,-246.0,149.0,,-81.0,-730.0,910.0,16.0,787.0
-466.0,213.0,-213.0,96.0,,-429.0,-732.0,1243.0,665.0,744.0
-450.0,978.0,-197.0,66.0,,-661.0,-677.0,1378.0,808.0,754.0
-418.0,263.0,-175.0,-50.0,,-434.0,-526.0,1404.0,-118.0,648.0
-428.0,-445.0,-85.0,52.0,,-117.0,-319.0,1116.0,-226.0,552.0
-415.0,-764.0,-52.0,416.0,,-166.0,-142.0,925.0,-92.0,587.0
-363.0,-1063.0,-55.0,449.0,,-254.0,28.0,615.0,16.0,556.0
-307.0,-1329.0,-82.0,318.0,,-3.0,155.0,197.0,481.0,540.0
-275.0,-2264.0,-74.0,65.0,,131.0,239.0,-271.0,626.0,628.0
-314.0,-1297.0,-118.0,-274.0,,-70.0,224.0,-981.0,-49.0,637.0
-315.0,-273.0,-102.0,-332.0,,-273.0,104.0,-1370.0,64.0,609.0
-315.0,-1138.0,-100.0,-58.0,,-189.0,73.0,-1712.0,901.0,709.0
-298.0,-383.0,-125.0,326.0,,-71.0,11.0,-1681.0,793.0,796.0
-257.0,744.0,-86.0,493.0,,-140.0,-129.0,-1317.0,-190.0,770.0
-211.0,508.0,-64.0,481.0,,-28.0,-227.0,-824.0,-699.0,763.0
-180.0,-426.0,-48.0,278.0,,77.0,-294.0,-1.0,201.0,761.0
-132.0,790.0,-60.0,102.0,,-177.0,-257.0,587.0,902.0,776.0
-53.0,2001.0,-36.0,19.0,,-513.0,-168.0,1136.0,581.0,793.0
-43.0,421.0,-31.0,-66.0,,-534.0,-45.0,1343.0,-183.0,699.0
-5.0,433.0,0.0,-80.0,,-356.0,-29.0,1293.0,-569.0,686.0
66.0,342.0,-10.0,-256.0,,-409.0,-96.0,1073.0,-43.0,709.0
149.0,-415.0,-50.0,-553.0,,-559.0,-79.0,550.0,219.0,651.0
197.0,-1051.0,-60.0,-723.0,,-444.0,-131.0,218.0,-39.0,594.0
216.0,-2217.0,-127.0,-633.0,,-247.0,-244.0,-267.0,-362.0,546.0
248.0,-1347.0,-120.0,-418.0,,-271.0,-389.0,-569.0,-431.0,552.0
257.0,-478.0,-183.0,-110.0,,-271.0,-492.0,-735.0,181.0,550.0
223.0,-609.0,-189.0,149.0,,-217.0,-550.0,-785.0,635.0,612.0
127.0,-825.0,-160.0,197.0,,-242.0,-602.0,-561.0,394.0,677.0
62.0,-230.0,-213.0,208.0,,-423.0,-551.0,-378.0,177.0,664.0
-6.0,315.0,-130.0,142.0,,-698.0,-472.0,107.0,389.0,702.0
-54.0,-66.0,-117.0,96.0,,-614.0,-449.0,546.0,576.0,827.0
-98.0,263.0,-80.0,238.0,,-547.0,-504.0,1018.0,467.0,965.0
-135.0,-148.0,-68.0,242.0,,-868.0,-490.0,1308.0,255.0,965.0
-114.0,-792.0,-82.0,24.0,,-1060.0,-359.0,1311.0,-66.0,995.0
-111.0,-365.0,-70.0,-54.0,,-828.0,-165.0,1326.0,-254.0,1065.0
-112.0,831.0,-111.0,-162.0,,-574.0,-31.0,909.0,201.0,1081.0
-106.0,905.0,-53.0,-259.0,,-705.0,-71.0,448.0,717.0,1096.0
-26.0,-75.0,-96.0,-159.0,,-973.0,-78.0,-105.0,193.0,1019.0
26.0,-525.0,-111.0,-103.0,,-998.0,1.0,-543.0,-70.0,830.0
68.0,-429.0,-108.0,24.0,,-888.0,112.0,-748.0,424.0,703.0
101.0,305.0,-156.0,128.0,,-891.0,124.0,-825.0,648.0,697.0
110.0,-76.0,-172.0,131.0,,-886.0,26.0,-441.0,738.0,638.0
146.0,414.0,-152.0,183.0,,-629.0,10.0,-94.0,131.0,553.0
121.0,1299.0,-161.0,432.0,,-306.0,23.0,443.0,-300.0,540.0
116.0,511.0,-186.0,726.0,,-254.0,-21.0,931.0,-282.0,579.0
117.0,-376.0,-108.0,695.0,,-259.0,-101.0,1237.0,-336.0,635.0
144.0,504.0,-138.0,619.0,,-233.0,-143.0,1533.0,87.0,696.0
158.0,550.0,-117.0,702.0,,-281.0,-187.0,1439.0,0.0,662.0
168.0,-1461.0,-125.0,781.0,,-590.0,-293.0,1387.0,-429.0,627.0
217.0,714.0,-184.0,657.0,,-966.0,-408.0,1175.0,-145.0,692.0
240.0,2307.0,-181.0,619.0,,-945.0,-489.0,946.0,459.0,708.0
224.0,1181.0,-255.0,685.0,,-821.0,-422.0,679.0,545.0,669.0
168.0,1385.0,-258.0,591.0,,-721.0,-412.0,254.0,394.0,590.0
193.0,1185.0,-267.0,507.0,,-571.0,-564.0,27.0,-177.0,471.0
226.0,993.0,-284.0,435.0,,-342.0,-659.0,-303.0,-193.0,374.0
222.0,661.0,-242.0,238.0,,-264.0,-660.0,-345.0,473.0,337.0
201.0,41.0,-197.0,-73.0,,-461.0,-544.0,-382.0,220.0,234.0
183.0,236.0,-152.0,-11.0,,-550.0,-339.0,-389.0,545.0,142.0
178.0,1054.0,-99.0,199.0,,-583.0,-120.0,-77.0,547.0,143.0
122.0,292.0,-56.0,245.0,,-879.0,-63.0,197.0,-166.0,75.0
104.0,-160.0,-50.0,382.0,,-1365.0,-93.0,628.0,-170.0,-31.0
116.0,-22.0,-57.0,635.0,,-1455.0,28.0,888.0,426.0,-40.0
98.0,-336.0,-11.0,674.0,,-1085.0,171.0,1130.0,734.0,39.0
95.0,-180.0,-17.0,545.0,,-705.0,224.0,1213.0,131.0,-28.0
112.0,862.0,-97.0,526.0,,-555.0,269.0,1189.0,-55.0,-82.0
125.0,794.0,-132.0,309.0,,-461.0,322.0,1206.0,58.0,28.0
106.0,-900.0,-196.0,23.0,,-237.0,363.0,846.0,330.0,-11.0
87.0,313.0,-290.0,-326.0,,-437.0,446.0,617.0,217.0,-115.0
111.0,460.0,-369.0,-271.0,,-872.0,489.0,269.0,121.0,-65.0
116.0,-460.0,-341.0,107.0,,-829.0,471.0,-14.0,330.0,-52.0
125.0,-677.0,-370.0,142.0,,-605.0,485.0,-62.0,-116.0,-224.0
130.0,-373.0,-386.0,276.0,,-663.0,598.0,-133.0,-51.0,-287.0
100.0,1088.0,-368.0,425.0,,-853.0,761.0,72.0,629.0,-145.0
47.0,149.0,-438.0,484.0,,-676.0,802.0,277.0,699.0,-173.0
-6.0,-641.0,-475.0,373.0,,-188.0,788.0,663.0,-4.0,-292.0
2.0,-1019.0,-525.0,160.0,,-50.0,745.0,971.0,109.0,-277.0
5.0,-1015.0,-525.0,89.0,,-388.0,591.0,1160.0,601.0,-229.0
-3.0,-431.0,-555.0,-31.0,,-700.0,380.0,1271.0,552.0,-277.0
0.0,-1070.0,-540.0,-77.0,,-826.0,177.0,1066.0,317.0,-317.0
3.0,-1435.0,-550.0,38.0,,-1101.0,15.0,990.0,121.0,-265.0
14.0,-1031.0,-565.0,73.0,,-1551.0,-108.0,705.0,529.0,-343.0
-6.0,-1657.0,-533.0,-48.0,,-1659.0,-250.0,485.0,830.0,-300.0
-56.0,-1691.0,-515.0,-71.0,,-1360.0,-409.0,303.0,907.0,-79.0
-102.0,-195.0,-475.0,-7.0,,-1204.0,-484.0,5.0,603.0,25.0
-99.0,100.0,-480.0,-89.0,,-1252.0,-460.0,-36.0,272.0,74.0
-53.0,594.0,-401.0,-359.0,,-1128.0,-366.0,-160.0,219.0,125.0
-2.0,553.0,-399.0,-626.0,,-906.0,-162.0,-158.0,475.0,209.0
17.0,266.0,-372.0,-667.0,,-1072.0,36.0,-199.0,423.0,203.0
52.0,-193.0,-337.0,-518.0,,-1404.0,255.0,-149.0,-507.0,156.0
102.0,-1713.0,-345.0,-325.0,,-1402.0,566.0,-40.0,-658.0,68.0
114.0,-1579.0,-327.0,-234.0,,-1213.0,813.0,1.0,-527.0,-55.0
117.0,-856.0,-396.0,-328.0,,-1273.0,979.0,312.0,94.0,-126.0
117.0,-1130.0,-432.0,-412.0,,-1398.0,1078.0,373.0,167.0,-238.0
97.0,-850.0,-453.0,-363.0,,-1037.0,1184.0,563.0,-644.0,-361.0
81.0,264.0,-463.0,-119.0,,-738.0,1219.0,766.0,-439.0,-471.0
106.0,692.0,-487.0,290.0,,-962.0,1107.0,709.0,-264.0,-469.0
147.0,1069.0,-526.0,577.0,,-1297.0,955.0,737.0,383.0,-404.0
193.0,1516.0,-527.0,778.0,,-1352.0,724.0,692.0,478.0,-297.0
205.0,2174.0,-499.0,769.0,,-1224.0,484.0,857.0,-306.0,-249.0
207.0,2351.0,-528.0,692.0,,-1376.0,351.0,910.0,-575.0,-231.0
220.0,1516.0,-550.0,855.0,,-1476.0,285.0,886.0,-291.0,-109.0
215.0,372.0,-552.0,843.0,,-1136.0,171.0,886.0,444.0,-52.0
202.0,-633.0,-530.0,553.0,,-853.0,24.0,731.0,297.0,3.0
157.0,-1263.0,-512.0,135.0,,-843.0,-14.0,587.0,-371.0,70.0
131.0,-2191.0,-564.0,-329.0,,-822.0,55.0,223.0,-388.0,171.0
128.0,-1560.0,-497.0,-554.0,,-584.0,109.0,49.0,453.0,281.0
133.0,-1287.0,-485.0,-595.0,,-350.0,244.0,-22.0,682.0,408.0
130.0,-1172.0,-464.0,-605.0,,-616.0,474.0,-25.0,100.0,529.0
107.0,-322.0,-354.0,-467.0,,-995.0,638.0,164.0,36.0,491.0
107.0,-816.0,-330.0,-258.0,,-1072.0,702.0,304.0,4.0,475.0
79.0,-930.0,-274.0,34.0,,-1185.0,633.0,631.0,162.0,541.0
71.0,-954.0,-156.0,363.0,,-1308.0,585.0,770.0,78.0,530.0
117.0,-346.0,-104.0,526.0,,-1199.0,534.0,844.0,-259.0,389.0
135.0,-162.0,-65.0,688.0,,-805.0,389.0,848.0,-202.0,291.0
129.0,-738.0,31.0,726.0,,-461.0,287.0,683.0,-84.0,216.0
138.0,-900.0,77.0,640.0,,-519.0,213.0,545.0,531.0,86.0
157.0,-1208.0,125.0,611.0,,-653.0,215.0,133.0,886.0,-22.0
145.0,-507.0,177.0,567.0,,-702.0,355.0,-66.0,268.0,-95.0
113.0,-445.0,162.0,581.0,,-1072.0,515.0,-120.0,-356.0,-168.0
104.0,-246.0,146.0,505.0,,-1563.0,593.0,-79.0,-166.0,-278.0
122.0,1705.0,120.0,445.0,,-1716.0,631.0,35.0,322.0,-234.0
158.0,1695.0,38.0,287.0,,-1562.0,631.0,24.0,231.0,-206.0
189.0,285.0,20.0,-101.0,,-1301.0,688.0,201.0,-132.0,-271.0
195.0,797.0,-41.0,-255.0,,-1215.0,743.0,219.0,-206.0,-183.0
201.0,-116.0,-153.0,-336.0,,-1033.0,671.0,280.0,-160.0,-26.0
214.0,-1681.0,-222.0,-301.0,,-790.0,636.0,273.0,-157.0,84.0
196.0,-378.0,-304.0,-20.0,,-1028.0,579.0,234.0,60.0,116.0
154.0,316.0,-384.0,206.0,,-1543.0,539.0,341.0,-421.0,194.0
126.0,71.0,-468.0,404.0,,-1866.0,555.0,208.0,-697.0,241.0
94.0,199.0,-488.0,501.0,,-1717.0,546.0,214.0,-195.0,208.0
52.0,724.0,-536.0,671.0,,-1508.0,548.0,125.0,-245.0,116.0
37.0,579.0,-589.0,730.0,,-1458.0,562.0,79.0,208.0,48.0
48.0,692.0,-574.0,600.0,,-1128.0,517.0,18.0,227.0,11.0
61.0,2603.0,-550.0,546.0,,-648.0,403.0,-105.0,-527.0,-112.0
17.0,2632.0,-536.0,528.0,,-538.0,434.0,120.0,-415.0,-133.0
-51.0,2068.0,-544.0,637.0,,-798.0,490.0,199.0,-494.0,-234.0
-102.0,1987.0,-527.0,620.0,,-872.0,443.0,349.0,-565.0,-413.0
-159.0,1899.0,-522.0,525.0,,-772.0,429.0,415.0,-268.0,-483.0
-197.0,1565.0,-485.0,304.0,,-912.0,463.0,436.0,-360.0,-513.0
-234.0,-404.0,-406.0,-3.0,,-1327.0,487.0,419.0,-497.0,-637.0
-231.0,-1007.0,-342.0,-48.0,,-1356.0,549.0,140.0,13.0,-841.0
-218.0,0.0,-255.0,-31.0,,-930.0,719.0,44.0,440.0,-910.0
-229.0,-500.0,-231.0,-37.0,,-860.0,786.0,-203.0,-93.0,-1005.0
-226.0,-2059.0,-214.0,45.0,,-906.0,676.0,-306.0,-241.0,-1118.0
-201.0,-1429.0,-174.0,324.0,,-671.0,495.0,-349.0,-94.0,-1217.0
-137.0,-856.0,-193.0,526.0,,-365.0,336.0,-404.0,-20.0,-1245.0
-121.0,-2225.0,-174.0,546.0,,-400.0,181.0,-195.0,216.0,-1232.0
-129.0,-2279.0,-149.0,572.0,,-828.0,16.0,-27.0,343.0,-1274.0
-133.0,-1456.0,-157.0,295.0,,-1022.0,-68.0,408.0,201.0,-1142.0
-134.0,-900.0,-131.0,-74.0,,-978.0,-47.0,694.0,-262.0,-943.0
-141.0,-633.0,-112.0,-138.0,,-1085.0,113.0,807.0,-63.0,-820.0
-177.0,-362.0,-135.0,-200.0,,-1180.0,233.0,716.0,203.0,-702.0
-213.0,1260.0,-118.0,-244.0,,-970.0,310.0,295.0,7.0,-457.0
-239.0,1537.0,-124.0,-249.0,,-590.0,452.0,-27.0,-52.0,-255.0
-246.0,304.0,-73.0,-287.0,,-539.0,567.0,-533.0,-287.0,-215.0
-260.0,1064.0,-69.0,-200.0,,-672.0,607.0,-768.0,-695.0,-76.0
-266.0,1902.0,-27.0,-134.0,,-479.0,593.0,-881.0,-756.0,103.0
-250.0,763.0,89.0,-148.0,,-388.0,589.0,-907.0,-526.0,198.0
-223.0,28.0,21.0,-168.0,,-747.0,573.0,-687.0,-644.0,172.0
-183.0,1289.0,68.0,-137.0,,-996.0,618.0,-617.0,-774.0,156.0
-120.0,1416.0,54.0,-222.0,,-802.0,613.0,-308.0,-450.0,204.0
-86.0,-370.0,23.0,-325.0,,-525.0,427.0,-72.0,-254.0,145.0
-64.0,-1185.0,-24.0,-167.0,,-383.0,291.0,149.0,-107.0,115.0
24.0,801.0,-60.0,-33.0,,-194.0,228.0,266.0,-149.0,118.0
102.0,582.0,-67.0,61.0,,148.0,144.0,225.0,-272.0,-12.0
153.0,-1457.0,-196.0,76.0,,323.0,7.0,264.0,-12.0,-208.0
151.0,-98.0,-155.0,10.0,,125.0,-63.0,49.0,314.0,-318.0
148.0,-677.0,-199.0,-149.0,,121.0,48.0,-12.0,475.0,-389.0
192.0,-1398.0,-228.0,-346.0,,417.0,143.0,-194.0,77.0,-575.0
243.0,-534.0,-209.0,-553.0,,525.0,154.0,-408.0,-397.0,-707.0
281.0,-160.0,-193.0,-900.0,,448.0,100.0,-580.0,-481.0,-643.0
295.0,-163.0,-242.0,-942.0,,531.0,35.0,-849.0,36.0,-611.0
363.0,-729.0,-317.0,-836.0,,952.0,58.0,-831.0,498.0,-647.0
408.0,295.0,-311.0,-663.0,,1193.0,102.0,-925.0,-275.0,-583.0
456.0,-91.0,-379.0,-512.0,,922.0,157.0,-946.0,-1260.0,-541.0
483.0,-721.0,-359.0,-608.0,,778.0,155.0,-955.0,-818.0,-566.0
489.0,382.0,-372.0,-720.0,,954.0,143.0,-890.0,-160.0,-430.0
517.0,550.0,-395.0,-832.0,,995.0,216.0,-667.0,-262.0,-237.0
486.0,1132.0,-375.0,-876.0,,699.0,348.0,-587.0,-399.0,-275.0
462.0,446.0,-358.0,-809.0,,401.0,491.0,-356.0,-892.0,-235.0
415.0,-2153.0,-306.0,-689.0,,542.0,520.0,-356.0,-460.0,-1.0
385.0,-1311.0,-264.0,-485.0,,639.0,634.0,-399.0,544.0,61.0
351.0,249.0,-235.0,-253.0,,366.0,819.0,-460.0,551.0,9.0
323.0,-570.0,-197.0,-252.0,,118.0,777.0,-731.0,-101.0,37.0
356.0,-784.0,-180.0,-220.0,,228.0,636.0,-916.0,-497.0,59.0
416.0,99.0,-159.0,-94.0,,461.0,472.0,-1191.0,-42.0,-82.0
440.0,1652.0,-135.0,75.0,,159.0,298.0,-1193.0,506.0,-169.0
394.0,1791.0,-156.0,439.0,,-140.0,204.0,-1055.0,363.0,-180.0
366.0,1196.0,-165.0,624.0,,-95.0,129.0,-777.0,-560.0,-276.0
320.0,1559.0,-174.0,632.0,,-229.0,40.0,-334.0,-412.0,-362.0
295.0,1408.0,-153.0,513.0,,-346.0,-2.0,46.0,-17.0,-361.0
296.0,1184.0,-136.0,166.0,,-300.0,-15.0,541.0,-5.0,-282.0
315.0,809.0,-158.0,-126.0,,-176.0,-16.0,698.0,-320.0,-286.0
341.0,240.0,-147.0,-119.0,,-50.0,40.0,768.0,-925.0,-170.0
372.0,-341.0,-174.0,-94.0,,-19.0,127.0,642.0,-467.0,60.0
419.0,-1182.0,-201.0,-141.0,,54.0,271.0,243.0,-745.0,167.0
429.0,-580.0,-223.0,-60.0,,237.0,418.0,-105.0,59.0,236.0
439.0,-211.0,-239.0,-154.0,,258.0,502.0,-594.0,186.0,336.0
473.0,-724.0,-213.0,-256.0,,194.0,509.0,-848.0,-700.0,421.0
511.0,-728.0,-219.0,-166.0,,411.0,458.0,-1130.0,282.0,350.0
510.0,-205.0,-143.0,-113.0,,740.0,502.0,-1306.0,382.0,264.0
510.0,246.0,-152.0,73.0,,801.0,462.0,-1297.0,554.0,243.0
518.0,248.0,-107.0,438.0,,652.0,324.0,-1217.0,197.0,150.0
513.0,131.0,-29.0,566.0,,769.0,246.0,-897.0,431.0,0.0
506.0,-906.0,-29.0,419.0,,1023.0,194.0,-770.0,726.0,-66.0
535.0,-574.0,69.0,363.0,,882.0,239.0,-484.0,619.0,-96.0
541.0,-1251.0,51.0,325.0,,591.0,235.0,-291.0,1658.0,-227.0
498.0,-2083.0,72.0,124.0,,660.0,174.0,-273.0,797.0,-284.0
469.0,-1391.0,62.0,-294.0,,968.0,169.0,-205.0,149.0,-182.0
458.0,-2059.0,69.0,-693.0,,1062.0,172.0,-304.0,71.0,-67.0
430.0,-743.0,90.0,-749.0,,945.0,160.0,-299.0,347.0,-71.0
361.0,149.0,27.0,-628.0,,1073.0,56.0,-447.0,542.0,0.0
359.0,74.0,112.0,-620.0,,1188.0,-48.0,-567.0,-293.0,166.0
366.0,-404.0,87.0,-630.0,,841.0,-87.0,-724.0,-735.0,186.0
373.0,-272.0,82.0,-495.0,,475.0,-90.0,-857.0,-696.0,114.0
399.0,1717.0,151.0,-369.0,,451.0,-135.0,-777.0,-42.0,100.0
400.0,1643.0,147.0,-271.0,,553.0,-240.0,-877.0,-36.0,69.0
398.0,1822.0,175.0,-229.0,,262.0,-269.0,-687.0,-221.0,-114.0
353.0,3130.0,178.0,-197.0,,-150.0,-241.0,-537.0,-742.0,-168.0
294.0,4073.0,209.0,-136.0,,-39.0,-130.0,-423.0,-754.0,-158.0
200.0,3419.0,210.0,-177.0,,261.0,-24.0,-186.0,-297.0,-292.0
113.0,2286.0,178.0,-124.0,,204.0,29.0,-121.0,-171.0,-330.0
60.0,1441.0,173.0,56.0,,4.0,196.0,-5.0,298.0,-148.0
21.0,951.0,105.0,298.0,,95.0,355.0,-175.0,-519.0,14.0
9.0,1401.0,58.0,366.0,,259.0,464.0,-371.0,-885.0,-24.0
-7.0,287.0,79.0,74.0,,175.0,536.0,-650.0,34.0,132.0
-7.0,-225.0,42.0,-103.0,,-45.0,549.0,-925.0,412.0,437.0
27.0,135.0,145.0,-209.0,,-60.0,473.0,-990.0,317.0,603.0
88.0,-98.0,232.0,-486.0,,-4.0,335.0,-1119.0,83.0,751.0
116.0,-898.0,191.0,-615.0,,-2.0,232.0,-936.0,-13.0,909.0
125.0,-1612.0,250.0,-550.0,,101.0,115.0,-809.0,503.0,1031.0
161.0,-837.0,200.0,-464.0,,363.0,9.0,-593.0,618.0,1122.0
164.0,-403.0,230.0,-422.0,,590.0,-81.0,-181.0,124.0,1214.0
129.0,-700.0,241.0,-501.0,,574.0,-122.0,171.0,158.0,1245.0
76.0,-399.0,203.0,-539.0,,792.0,-165.0,521.0,-48.0,1194.0
30.0,341.0,249.0,-451.0,,1077.0,-298.0,574.0,-240.0,1085.0
47.0,52.0,209.0,-286.0,,934.0,-328.0,611.0,249.0,1024.0
86.0,-284.0,266.0,-174.0,,694.0,-197.0,323.0,180.0,934.0
122.0,491.0,311.0,-180.0,,697.0,-67.0,-129.0,-347.0,712.0
139.0,98.0,336.0,-145.0,,830.0,12.0,-589.0,-21.0,500.0
153.0,-604.0,392.0,-137.0,,784.0,47.0,-1210.0,-16.0,321.0
197.0,-92.0,365.0,-358.0,,533.0,-4.0,-1450.0,-124.0,119.0
201.0,-555.0,372.0,-703.0,,433.0,-53.0,-1568.0,-360.0,-39.0
182.0,-829.0,406.0,-714.0,,767.0,-29.0,-1295.0,-783.0,-110.0
123.0,-195.0,352.0,-591.0,,962.0,34.0,-792.0,-426.0,-217.0
43.0,248.0,330.0,-530.0,,702.0,123.0,-412.0,-507.0,-276.0
5.0,-38.0,282.0,-304.0,,538.0,211.0,9.0,99.0,-182.0
-55.0,56.0,170.0,-224.0,,603.0,314.0,162.0,393.0,1.0
-78.0,1172.0,114.0,-264.0,,581.0,325.0,236.0,165.0,92.0
-90.0,668.0,40.0,-54.0,,386.0,183.0,-22.0,610.0,196.0
-99.0,1174.0,-80.0,-48.0,,308.0,60.0,-325.0,797.0,475.0
-72.0,817.0,-147.0,-207.0,,409.0,-29.0,-548.0,895.0,599.0
-74.0,367.0,-148.0,-19.0,,425.0,-172.0,-971.0,222.0,621.0
-77.0,1699.0,-196.0,165.0,,291.0,-356.0,-1247.0,58.0,724.0
-93.0,679.0,-195.0,314.0,,197.0,-547.0,-1585.0,403.0,800.0
-98.0,-132.0,-138.0,342.0,,343.0,-624.0,-1670.0,217.0,724.0
-123.0,-949.0,-146.0,91.0,,456.0,-582.0,-1611.0,292.0,670.0
-128.0,-537.0,-101.0,-242.0,,254.0,-534.0,-1406.0,126.0,704.0
-123.0,-58.0,-3.0,-475.0,,352.0,-495.0,-844.0,-442.0,532.0
-167.0,-482.0,4.0,-434.0,,784.0,-414.0,-299.0,-629.0,335.0
-168.0,533.0,41.0,-195.0,,714.0,-125.0,354.0,-943.0,291.0
-132.0,458.0,101.0,-349.0,,421.0,119.0,722.0,-499.0,216.0
-74.0,-332.0,90.0,-903.0,,546.0,154.0,942.0,-225.0,41.0
-45.0,-496.0,156.0,-948.0,,843.0,255.0,953.0,-1304.0,-53.0
-16.0,242.0,201.0,-647.0,,646.0,377.0,618.0,-491.0,-37.0
39.0,-288.0,170.0,-384.0,,294.0,440.0,347.0,-139.0,-68.0
86.0,-485.0,213.0,-89.0,,415.0,340.0,-175.0,-175.0,-95.0
110.0,394.0,241.0,85.0,,657.0,224.0,-583.0,387.0,-11.0
118.0,-144.0,210.0,193.0,,784.0,87.0,-992.0,-149.0,81.0
162.0,-62.0,218.0,121.0,,750.0,-107.0,-1311.0,82.0,93.0
176.0,-164.0,170.0,-195.0,,917.0,-47.0,-1326.0,603.0,188.0
173.0,-1136.0,136.0,-292.0,,1206.0,-71.0,-1367.0,1087.0,322.0
213.0,-941.0,135.0,-305.0,,987.0,-166.0,-1099.0,866.0,355.0
260.0,343.0,61.0,-450.0,,577.0,-47.0,-877.0,667.0,386.0
250.0,104.0,28.0,-425.0,,734.0,82.0,-541.0,411.0,488.0
188.0,-524.0,33.0,-441.0,,1089.0,250.0,-166.0,772.0,571.0
124.0,-145.0,14.0,-392.0,,918.0,392.0,38.0,1203.0,613.0
77.0,-566.0,10.0,-90.0,,853.0,393.0,321.0,323.0,680.0
40.0,302.0,69.0,235.0,,1143.0,286.0,343.0,294.0,804.0
-21.0,433.0,93.0,356.0,,1327.0,109.0,393.0,15.0,920.0
-100.0,-85.0,136.0,142.0,,922.0,-18.0,203.0,116.0,909.0
-162.0,744.0,196.0,-179.0,,440.0,-185.0,-118.0,208.0,898.0
-166.0,577.0,227.0,-490.0,,589.0,-366.0,-332.0,279.0,933.0
-177.0,1201.0,301.0,-601.0,,758.0,-371.0,-655.0,254.0,950.0
-210.0,283.0,359.0,-608.0,,619.0,-319.0,-790.0,-80.0,972.0
-202.0,-1422.0,388.0,-535.0,,345.0,-342.0,-999.0,544.0,1002.0
-137.0,-927.0,337.0,-362.0,,465.0,-440.0,-977.0,764.0,1033.0
-78.0,-495.0,366.0,-214.0,,813.0,-472.0,-833.0,473.0,948.0
-79.0,-368.0,355.0,79.0,,734.0,-332.0,-720.0,-586.0,840.0
-77.0,-1208.0,291.0,241.0,,459.0,-104.0,-497.0,-203.0,758.0
-52.0,-1003.0,313.0,264.0,,422.0,92.0,-495.0,550.0,547.0
-8.0,347.0,276.0,431.0,,463.0,202.0,-330.0,-100.0,342.0
18.0,705.0,252.0,766.0,,269.0,282.0,-266.0,-47.0,252.0
28.0,604.0,182.0,716.0,,105.0,321.0,-234.0,-226.0,169.0
41.0,431.0,192.0,380.0,,210.0,302.0,-223.0,-449.0,55.0
30.0,1694.0,168.0,176.0,,434.0,222.0,-367.0,-63.0,10.0
53.0,1857.0,115.0,54.0,,466.0,110.0,-328.0,205.0,43.0
78.0,732.0,144.0,93.0,,490.0,-24.0,-436.0,-264.0,78.0
56.0,1118.0,110.0,-118.0,,656.0,-149.0,-441.0,-539.0,168.0
22.0,496.0,118.0,-205.0,,719.0,-244.0,-511.0,-638.0,268.0
-8.0,-205.0,145.0,-115.0,,683.0,-311.0,-569.0,-327.0,314.0
-28.0,139.0,171.0,-53.0,,784.0,-253.0,-498.0,407.0,376.0
-87.0,126.0,183.0,179.0,,928.0,-204.0,-471.0,-218.0,466.0
-131.0,-615.0,213.0,335.0,,727.0,-203.0,-147.0,-227.0,576.0
-124.0,-944.0,213.0,562.0,,378.0,-169.0,79.0,68.0,568.0
-108.0,-1017.0,227.0,581.0,,402.0,-82.0,378.0,389.0,425.0
-105.0,-1194.0,236.0,328.0,,767.0,126.0,502.0,665.0,376.0
-112.0,-195.0,242.0,155.0,,709.0,247.0,395.0,-344.0,369.0
-76.0,-607.0,307.0,169.0,,255.0,190.0,397.0,-545.0,247.0
-36.0,-462.0,296.0,321.0,,211.0,54.0,151.0,-661.0,120.0
0.0,549.0,289.0,245.0,,452.0,-57.0,-5.0,-345.0,88.0
16.0,74.0,319.0,10.0,,446.0,-51.0,-308.0,133.0,58.0
27.0,-83.0,294.0,-235.0,,249.0,-20.0,-578.0,-520.0,18.0
32.0,-269.0,276.0,-437.0,,192.0,12.0,-715.0,-746.0,39.0
28.0,-450.0,298.0,-668.0,,242.0,34.0,-962.0,-259.0,66.0
19.0,-441.0,235.0,-844.0,,104.0,20.0,-988.0,304.0,48.0
5.0,272.0,260.0,-791.0,,-89.0,-19.0,-1021.0,199.0,15.0
-4.0,-13.0,302.0,-707.0,,75.0,-28.0,-783.0,-134.0,119.0
-26.0,-571.0,305.0,-729.0,,350.0,0.0,-508.0,-129.0,213.0
-47.0,-559.0,355.0,-927.0,,369.0,-22.0,-319.0,508.0,172.0
-90.0,-1483.0,369.0,-944.0,,162.0,-65.0,-79.0,716.0,301.0
-126.0,-486.0,399.0,-607.0,,283.0,-112.0,-25.0,417.0,462.0
-194.0,-151.0,330.0,-239.0,,707.0,-178.0,199.0,524.0,444.0
-256.0,-1015.0,320.0,24.0,,617.0,-314.0,273.0,294.0,434.0
-285.0,-198.0,261.0,381.0,,351.0,-461.0,297.0,295.0,489.0
-316.0,216.0,183.0,560.0,,452.0,-598.0,247.0,427.0,501.0
-360.0,57.0,227.0,270.0,,687.0,-760.0,33.0,262.0,482.0
-408.0,282.0,214.0,49.0,,640.0,-809.0,-66.0,-295.0,548.0
-399.0,682.0,232.0,-96.0,,695.0,-845.0,-347.0,-608.0,556.0
-354.0,203.0,235.0,-169.0,,1105.0,-897.0,-454.0,-218.0,507.0
-300.0,655.0,222.0,86.0,,1350.0,-961.0,-635.0,-369.0,532.0
-261.0,1970.0,213.0,204.0,,1239.0,-1044.0,-831.0,-444.0,618.0
-184.0,1351.0,200.0,7.0,,921.0,-916.0,-835.0,-375.0,666.0
-126.0,468.0,174.0,-71.0,,1004.0,-761.0,-848.0,-494.0,582.0
-101.0,279.0,158.0,145.0,,1218.0,-626.0,-558.0,-329.0,600.0
-91.0,-577.0,117.0,453.0,,911.0,-411.0,-362.0,-138.0,705.0
-83.0,-844.0,115.0,366.0,,508.0,-278.0,-88.0,28.0,696.0
-73.0,94.0,113.0,62.0,,569.0,-185.0,118.0,-190.0,680.0
-112.0,62.0,94.0,-107.0,,851.0,-160.0,144.0,-491.0,744.0
-121.0,-202.0,161.0,-238.0,,693.0,-119.0,210.0,-412.0,803.0
-139.0,-14.0,108.0,-206.0,,388.0,-63.0,149.0,-6.0,737.0
-127.0,265.0,83.0,-162.0,,381.0,-109.0,328.0,144.0,668.0
-112.0,292.0,86.0,-162.0,,338.0,-186.0,347.0,-128.0,593.0
-113.0,135.0,46.0,-236.0,,148.0,-313.0,410.0,-443.0,421.0
-76.0,319.0,71.0,-227.0,,135.0,-402.0,493.0,-585.0,302.0
-52.0,432.0,89.0,-52.0,,489.0,-461.0,336.0,-114.0,249.0
-38.0,976.0,74.0,31.0,,649.0,-564.0,325.0,226.0,198.0
-49.0,565.0,64.0,175.0,,379.0,-685.0,81.0,-64.0,105.0
-51.0,226.0,52.0,485.0,,376.0,-841.0,-127.0,-678.0,67.0
-62.0,559.0,-17.0,735.0,,718.0,-959.0,-332.0,-517.0,63.0
-111.0,-389.0,-30.0,543.0,,906.0,-1026.0,-354.0,80.0,-27.0
-198.0,-119.0,-68.0,235.0,,523.0,-1052.0,-118.0,-79.0,-96.0
-292.0,474.0,-115.0,152.0,,252.0,-1053.0,-51.0,-427.0,-102.0
-329.0,-695.0,-111.0,158.0,,521.0,-1017.0,203.0,-633.0,-119.0
-351.0,-787.0,-115.0,110.0,,615.0,-946.0,280.0,-334.0,-187.0
-369.0,-509.0,-116.0,90.0,,361.0,-900.0,382.0,114.0,-258.0
-334.0,-175.0,-99.0,204.0,,203.0,-852.0,485.0,382.0,-345.0
-269.0,312.0,-58.0,51.0,,682.0,-850.0,336.0,8.0,-480.0
-241.0,-450.0,-103.0,-118.0,,947.0,-947.0,347.0,339.0,-601.0
-238.0,-201.0,-100.0,-101.0,,689.0,-1081.0,262.0,948.0,-662.0
-206.0,513.0,-127.0,-111.0,,606.0,-1152.0,277.0,282.0,-738.0
-179.0,394.0,-171.0,-183.0,,713.0,-1208.0,179.0,425.0,-825.0
-185.0,78.0,-116.0,-162.0,,740.0,-1248.0,55.0,85.0,-829.0
-221.0,260.0,-184.0,212.0,,423.0,-1195.0,62.0,-95.0,-810.0
-233.0,9.0,-211.0,468.0,,386.0,-1071.0,-42.0,1.0,-768.0
-173.0,-350.0,-221.0,419.0,,691.0,-884.0,5.0,-100.0,-761.0
-122.0,423.0,-285.0,304.0,,824.0,-719.0,-29.0,406.0,-769.0
-82.0,-37.0,-266.0,408.0,,628.0,-621.0,240.0,-196.0,-719.0
-26.0,-440.0,-286.0,483.0,,438.0,-526.0,552.0,-350.0,-700.0
20.0,83.0,-270.0,234.0,,610.0,-444.0,674.0,-91.0,-660.0
67.0,-260.0,-272.0,126.0,,616.0,-367.0,862.0,665.0,-560.0
120.0,-939.0,-301.0,162.0,,337.0,-244.0,768.0,587.0,-493.0
148.0,-347.0,-307.0,307.0,,165.0,-177.0,800.0,-294.0,-417.0
156.0,700.0,-305.0,567.0,,146.0,-205.0,731.0,147.0,-270.0
152.0,380.0,-311.0,834.0,,-105.0,-252.0,613.0,62.0,-228.0
134.0,-265.0,-325.0,751.0,,-371.0,-299.0,618.0,377.0,-265.0
77.0,-32.0,-311.0,347.0,,-266.0,-338.0,535.0,757.0,-231.0
12.0,1023.0,-320.0,194.0,,-156.0,-380.0,509.0,325.0,-194.0
-15.0,1075.0,-292.0,152.0,,-254.0,-427.0,312.0,-121.0,-243.0
-36.0,640.0,-272.0,-40.0,,-465.0,-581.0,266.0,178.0,-397.0
-50.0,1325.0,-229.0,-186.0,,-267.0,-802.0,216.0,1088.0,-499.0
-89.0,2020.0,-186.0,-80.0,,209.0,-1011.0,216.0,638.0,-557.0
-96.0,1270.0,-146.0,148.0,,143.0,-1137.0,408.0,486.0,-710.0
-92.0,268.0,-101.0,238.0,,-257.0,-1051.0,424.0,588.0,-815.0
-103.0,471.0,-95.0,-6.0,,-308.0,-904.0,598.0,-402.0,-838.0
-106.0,-432.0,-76.0,-117.0,,-66.0,-831.0,641.0,88.0,-972.0
-93.0,-1189.0,-65.0,-54.0,,-211.0,-763.0,709.0,231.0,-1107.0
-58.0,-898.0,-70.0,-44.0,,-632.0,-640.0,833.0,-333.0,-1063.0
-45.0,-1384.0,-77.0,128.0,,-614.0,-564.0,888.0,-112.0,-1073.0
7.0,-1707.0,-36.0,134.0,,-193.0,-570.0,1008.0,-490.0,-1206.0
57.0,-1515.0,-50.0,192.0,,117.0,-606.0,824.0,25.0,-1209.0
81.0,-635.0,-62.0,279.0,,223.0,-679.0,759.0,466.0,-1088.0
90.0,-3.0,-20.0,254.0,,351.0,-732.0,641.0,57.0,-1057.0
68.0,140.0,-67.0,411.0,,352.0,-793.0,508.0,-193.0,-1036.0
47.0,471.0,-77.0,470.0,,158.0,-853.0,478.0,-82.0,-912.0
4.0,926.0,-64.0,591.0,,25.0,-877.0,343.0,176.0,-860.0
-44.0,1559.0,-128.0,850.0,,190.0,-829.0,463.0,307.0,-862.0
-81.0,1590.0,-103.0,798.0,,388.0,-749.0,515.0,343.0,-779.0
-82.0,1340.0,-104.0,490.0,,230.0,-721.0,672.0,-336.0,-688.0
-69.0,1268.0,-99.0,328.0,,61.0,-693.0,788.0,-389.0,-707.0
-69.0,648.0,-22.0,409.0,,258.0,-680.0,822.0,11.0,-730.0
-83.0,353.0,33.0,363.0,,394.0,-594.0,853.0,129.0,-663.0
-82.0,708.0,105.0,110.0,,70.0,-541.0,593.0,98.0,-615.0
-80.0,229.0,163.0,-16.0,,-154.0,-700.0,537.0,-33.0,-647.0
-89.0,-165.0,226.0,176.0,,58.0,-885.0,443.0,-197.0,-674.0
-90.0,-566.0,257.0,310.0,,210.0,-941.0,445.0,353.0,-612.0
-110.0,-796.0,331.0,309.0,,-156.0,-785.0,487.0,682.0,-613.0
-99.0,-893.0,331.0,442.0,,-536.0,-606.0,365.0,-223.0,-670.0
-84.0,-2202.0,324.0,346.0,,-358.0,-500.0,450.0,-112.0,-659.0
-102.0,-2011.0,332.0,246.0,,-175.0,-347.0,380.0,-16.0,-700.0
-114.0,-544.0,267.0,345.0,,-398.0,-181.0,417.0,115.0,-760.0
-109.0,-447.0,209.0,471.0,,-593.0,-3.0,375.0,158.0,-724.0
-110.0,-707.0,107.0,576.0,,-511.0,72.0,236.0,-282.0,-611.0
-165.0,-224.0,49.0,478.0,,-555.0,51.0,266.0,-496.0,-578.0
-195.0,-188.0,-1.0,437.0,,-743.0,9.0,212.0,-463.0,-609.0
-193.0,-345.0,-21.0,489.0,,-599.0,-126.0,286.0,145.0,-511.0
-205.0,392.0,-99.0,569.0,,-96.0,-297.0,184.0,254.0,-444.0
-202.0,270.0,-173.0,560.0,,160.0,-408.0,214.0,379.0,-613.0
-218.0,-613.0,-201.0,358.0,,-53.0,-442.0,314.0,53.0,-694.0
-240.0,-356.0,-264.0,184.0,,-17.0,-401.0,373.0,119.0,-625.0
-265.0,516.0,-257.0,128.0,,474.0,-375.0,667.0,326.0,-757.0
-293.0,786.0,-276.0,27.0,,636.0,-397.0,711.0,503.0,-932.0
-307.0,263.0,-267.0,12.0,,229.0,-414.0,811.0,312.0,-962.0
-304.0,60.0,-250.0,290.0,,45.0,-431.0,768.0,-363.0,-1027.0
-282.0,1117.0,-272.0,417.0,,478.0,-366.0,648.0,-274.0,-1182.0
-284.0,1638.0,-271.0,534.0,,703.0,-300.0,654.0,-452.0,-1135.0
-262.0,876.0,-242.0,540.0,,337.0,-246.0,539.0,307.0,-996.0
-228.0,932.0,-230.0,203.0,,146.0,-201.0,537.0,-54.0,-1043.0
-173.0,1331.0,-221.0,-72.0,,430.0,-235.0,341.0,-562.0,-1002.0
-115.0,825.0,-176.0,-197.0,,659.0,-156.0,321.0,-496.0,-792.0
-132.0,42.0,-201.0,-34.0,,458.0,-152.0,417.0,-190.0,-645.0
-140.0,-311.0,-188.0,-38.0,,300.0,-279.0,484.0,327.0,-694.0
-139.0,155.0,-150.0,-39.0,,494.0,-380.0,622.0,-190.0,-654.0
-153.0,21.0,-160.0,231.0,,459.0,-474.0,474.0,-262.0,-526.0
-191.0,-119.0,-114.0,329.0,,-64.0,-515.0,432.0,-385.0,-613.0
-220.0,222.0,-66.0,409.0,,-514.0,-627.0,277.0,645.0,-800.0
-199.0,-460.0,-50.0,561.0,,-460.0,-710.0,114.0,-148.0,-937.0
-182.0,-549.0,-25.0,705.0,,-379.0,-598.0,36.0,260.0,-1051.0
-161.0,467.0,13.0,632.0,,-382.0,-403.0,20.0,1063.0,-1204.0
-123.0,373.0,4.0,475.0,,-95.0,-227.0,362.0,-329.0,-1248.0
-91.0,-526.0,-31.0,278.0,,154.0,-6.0,574.0,990.0,-1177.0
-65.0,-232.0,-44.0,-92.0,,184.0,183.0,790.0,1021.0,-1178.0
-31.0,255.0,-93.0,-411.0,,106.0,337.0,805.0,876.0,-1152.0
-13.0,457.0,-133.0,-387.0,,18.0,532.0,744.0,418.0,-962.0
-32.0,336.0,-156.0,-149.0,,-52.0,560.0,790.0,190.0,-772.0
-82.0,-84.0,-214.0,13.0,,-371.0,470.0,626.0,1033.0,-703.0
-90.0,-223.0,-240.0,342.0,,-726.0,365.0,644.0,808.0,-581.0
-100.0,-404.0,-256.0,472.0,,-416.0,238.0,550.0,589.0,-358.0
-150.0,-871.0,-288.0,335.0,,260.0,158.0,522.0,-468.0,-265.0
-160.0,-1557.0,-280.0,268.0,,473.0,145.0,546.0,-45.0,-265.0
-154.0,-877.0,-250.0,88.0,,469.0,166.0,535.0,331.0,-141.0
-146.0,-489.0,-220.0,-26.0,,546.0,191.0,713.0,108.0,-74.0
-124.0,-962.0,-214.0,169.0,,682.0,160.0,670.0,114.0,-91.0
-117.0,-1168.0,-185.0,403.0,,564.0,61.0,659.0,-445.0,-1.0
-126.0,-757.0,-104.0,355.0,,28.0,17.0,498.0,49.0,43.0
-146.0,515.0,-73.0,120.0,,37.0,-34.0,439.0,552.0,-30.0
-157.0,528.0,-91.0,-119.0,,427.0,11.0,495.0,340.0,-48.0
-155.0,398.0,-105.0,-207.0,,446.0,197.0,376.0,297.0,67.0
-162.0,1245.0,-95.0,-152.0,,395.0,278.0,436.0,62.0,124.0
-121.0,1653.0,-67.0,29.0,,549.0,285.0,290.0,36.0,34.0
-64.0,1549.0,-79.0,44.0,,899.0,284.0,288.0,845.0,18.0
8.0,1809.0,-51.0,-70.0,,770.0,298.0,315.0,665.0,5.0
84.0,1294.0,-58.0,57.0,,285.0,336.0,271.0,336.0,-124.0
83.0,602.0,-94.0,257.0,,159.0,310.0,384.0,394.0,-168.0
67.0,990.0,-75.0,466.0,,106.0,219.0,334.0,383.0,-119.0
64.0,560.0,-130.0,493.0,,-233.0,165.0,395.0,1014.0,-169.0
72.0,266.0,-113.0,480.0,,-532.0,190.0,179.0,1042.0,-221.0
96.0,25.0,-116.0,414.0,,-376.0,241.0,-27.0,649.0,-154.0
118.0,-271.0,-178.0,-21.0,,-162.0,277.0,-120.0,294.0,-80.0
152.0,121.0,-152.0,-256.0,,-259.0,279.0,-345.0,340.0,-59.0
188.0,-711.0,-145.0,-132.0,,-532.0,321.0,-314.0,920.0,-66.0
193.0,-1482.0,-154.0,-21.0,,-452.0,433.0,-315.0,851.0,51.0
194.0,-972.0,-140.0,83.0,,-232.0,537.0,-72.0,581.0,205.0
143.0,-1252.0,-107.0,107.0,,-497.0,589.0,208.0,670.0,235.0
77.0,-1255.0,-168.0,141.0,,-691.0,607.0,504.0,442.0,314.0
70.0,-618.0,-206.0,262.0,,-581.0,592.0,824.0,549.0,454.0
68.0,-729.0,-137.0,417.0,,-459.0,483.0,927.0,660.0,531.0
63.0,-465.0,-133.0,674.0,,-329.0,335.0,1125.0,121.0,493.0
71.0,-107.0,-76.0,716.0,,-102.0,218.0,923.0,-181.0,499.0
105.0,320.0,-8.0,557.0,,220.0,157.0,665.0,-279.0,574.0
101.0,85.0,26.0,553.0,,187.0,202.0,358.0,-207.0,515.0
91.0,-126.0,74.0,730.0,,-177.0,310.0,11.0,20.0,456.0
82.0,960.0,90.0,733.0,,-208.0,370.0,-59.0,-432.0,426.0
85.0,1495.0,153.0,467.0,,83.0,435.0,-242.0,-911.0,248.0
96.0,1126.0,201.0,378.0,,100.0,603.0,-133.0,-400.0,73.0
83.0,403.0,208.0,390.0,,-102.0,749.0,-7.0,-907.0,56.0
93.0,-184.0,209.0,328.0,,147.0,830.0,194.0,-766.0,5.0
112.0,-466.0,186.0,268.0,,651.0,815.0,469.0,-501.0,-143.0
139.0,-834.0,114.0,240.0,,848.0,758.0,609.0,-1573.0,-202.0
140.0,-1670.0,83.0,312.0,,621.0,794.0,883.0,-1149.0,-185.0
150.0,-1434.0,53.0,435.0,,387.0,791.0,857.0,-1061.0,-234.0
162.0,-678.0,14.0,491.0,,517.0,756.0,855.0,-575.0,-315.0
163.0,-705.0,43.0,499.0,,343.0,661.0,718.0,-339.0,-361.0
160.0,-583.0,15.0,493.0,,-177.0,546.0,521.0,-757.0,-431.0
146.0,82.0,30.0,427.0,,-229.0,550.0,532.0,-501.0,-511.0
128.0,520.0,13.0,288.0,,136.0,539.0,406.0,-230.0,-512.0
104.0,231.0,-34.0,42.0,,327.0,531.0,445.0,760.0,-548.0
102.0,560.0,-62.0,-159.0,,301.0,529.0,328.0,225.0,-681.0
88.0,231.0,-118.0,-196.0,,294.0,532.0,271.0,-304.0,-771.0
84.0,-161.0,-149.0,-84.0,,488.0,472.0,232.0,40.0,-800.0
71.0,143.0,-190.0,68.0,,547.0,262.0,14.0,595.0,-824.0
72.0,-645.0,-224.0,116.0,,216.0,71.0,-31.0,888.0,-877.0
72.0,-1445.0,-319.0,286.0,,28.0,-36.0,-182.0,330.0,-922.0
31.0,-1317.0,-328.0,527.0,,-57.0,6.0,-60.0,335.0,-884.0
-1.0,-1022.0,-269.0,532.0,,-222.0,155.0,149.0,-552.0,-865.0
-43.0,-835.0,-284.0,458.0,,-392.0,280.0,386.0,-855.0,-881.0
-48.0,-1082.0,-231.0,325.0,,-351.0,459.0,687.0,-105.0,-829.0
-56.0,-1342.0,-185.0,146.0,,-78.0,759.0,722.0,-233.0,-735.0
-71.0,-957.0,-213.0,137.0,,45.0,987.0,744.0,-1133.0,-655.0
-48.0,-1723.0,-149.0,214.0,,-59.0,1022.0,448.0,-1127.0,-548.0
-10.0,-1442.0,-77.0,273.0,,117.0,973.0,256.0,-215.0,-348.0
26.0,-143.0,-58.0,238.0,,262.0,911.0,212.0,-91.0,-224.0
34.0,-210.0,13.0,110.0,,-359.0,880.0,157.0,-907.0,-174.0
51.0,393.0,19.0,69.0,,-819.0,792.0,297.0,-1491.0,-32.0
39.0,1035.0,16.0,87.0,,-681.0,651.0,186.0,-464.0,96.0
13.0,1659.0,55.0,177.0,,-207.0,647.0,162.0,-585.0,108.0
18.0,1480.0,21.0,274.0,,-169.0,750.0,84.0,-564.0,123.0
22.0,941.0,44.0,274.0,,-423.0,814.0,99.0,-6.0,267.0
14.0,1655.0,82.0,560.0,,-88.0,835.0,230.0,-502.0,400.0
13.0,2199.0,54.0,814.0,,125.0,756.0,223.0,-984.0,481.0
46.0,1476.0,57.0,627.0,,-74.0,664.0,406.0,-758.0,562.0
46.0,114.0,68.0,407.0,,-436.0,690.0,334.0,482.0,606.0
16.0,103.0,59.0,401.0,,-342.0,662.0,386.0,-308.0,630.0
-5.0,-376.0,20.0,448.0,,-123.0,633.0,421.0,-730.0,665.0
0.0,-292.0,28.0,401.0,,-325.0,746.0,371.0,-181.0,678.0
13.0,668.0,0.0,273.0,,-644.0,835.0,469.0,8.0,615.0
20.0,47.0,-14.0,-82.0,,-417.0,900.0,279.0,215.0,574.0
70.0,-363.0,35.0,-421.0,,-40.0,1028.0,282.0,-407.0,543.0
108.0,194.0,55.0,-462.0,,-382.0,1153.0,221.0,-699.0,497.0
130.0,1049.0,172.0,-269.0,,-573.0,1282.0,144.0,-512.0,413.0
160.0,493.0,139.0,-117.0,,-576.0,1304.0,70.0,-70.0,285.0
204.0,126.0,127.0,-33.0,,-538.0,1185.0,-101.0,-153.0,265.0
233.0,54.0,196.0,124.0,,-857.0,1008.0,-70.0,-407.0,259.0
242.0,-618.0,153.0,95.0,,-994.0,787.0,-188.0,-853.0,220.0
285.0,-1153.0,202.0,-43.0,,-481.0,643.0,-112.0,-616.0,205.0
332.0,-2030.0,200.0,-161.0,,-430.0,587.0,-97.0,-292.0,273.0
391.0,-1727.0,202.0,-221.0,,-617.0,606.0,-66.0,-55.0,347.0
388.0,-1403.0,217.0,-31.0,,-812.0,692.0,162.0,97.0,344.0
382.0,-482.0,184.0,78.0,,-654.0,780.0,186.0,-941.0,395.0
403.0,345.0,181.0,-114.0,,-459.0,791.0,291.0,-504.0,332.0
371.0,205.0,155.0,-265.0,,-730.0,709.0,201.0,-102.0,211.0
332.0,506.0,87.0,-543.0,,-987.0,615.0,97.0,-502.0,206.0
288.0,231.0,15.0,-789.0,,-801.0,481.0,-40.0,-713.0,134.0
269.0,548.0,-48.0,-574.0,,-439.0,316.0,-192.0,-1363.0,0.0
216.0,-107.0,-148.0,-312.0,,-423.0,250.0,-142.0,-1172.0,-104.0
163.0,-760.0,-178.0,-133.0,,-448.0,336.0,-284.0,-688.0,-167.0
130.0,-166.0,-225.0,-60.0,,-441.0,473.0,-247.0,-529.0,-224.0
77.0,-543.0,-247.0,-180.0,,-532.0,613.0,-245.0,-631.0,-208.0
20.0,-1162.0,-226.0,-245.0,,-908.0,751.0,-164.0,-635.0,-131.0
-59.0,-1345.0,-243.0,-258.0,,-896.0,852.0,72.0,-125.0,-131.0
-114.0,-736.0,-202.0,-99.0,,-388.0,916.0,162.0,-284.0,-67.0
-153.0,-588.0,-175.0,261.0,,-459.0,886.0,319.0,-349.0,134.0
-171.0,-59.0,-82.0,389.0,,-899.0,765.0,299.0,-99.0,271.0
-220.0,540.0,-31.0,301.0,,-767.0,659.0,351.0,-209.0,306.0
-226.0,893.0,28.0,205.0,,-271.0,611.0,264.0,-191.0,344.0
-152.0,1627.0,99.0,18.0,,-258.0,573.0,142.0,-202.0,412.0
-111.0,1353.0,39.0,-279.0,,-661.0,541.0,169.0,416.0,449.0
-111.0,1613.0,15.0,-324.0,,-1118.0,546.0,57.0,565.0,467.0
-104.0,1164.0,-100.0,-29.0,,-1067.0,627.0,129.0,-80.0,463.0
-88.0,343.0,-196.0,150.0,,-1109.0,748.0,1.0,-146.0,392.0
-105.0,558.0,-236.0,119.0,,-1422.0,895.0,-40.0,-109.0,350.0
-122.0,1153.0,-270.0,40.0,,-1227.0,1016.0,86.0,337.0,330.0
-130.0,1144.0,-243.0,-31.0,,-762.0,1035.0,125.0,355.0,294.0
-127.0,-189.0,-297.0,-216.0,,-536.0,1001.0,290.0,-931.0,198.0
-139.0,21.0,-294.0,-242.0,,-978.0,881.0,264.0,-922.0,108.0
-115.0,135.0,-275.0,-53.0,,-1136.0,667.0,227.0,-109.0,80.0
-77.0,-596.0,-338.0,114.0,,-884.0,435.0,40.0,-686.0,28.0
-35.0,-571.0,-338.0,335.0,,-759.0,292.0,-64.0,-1009.0,24.0
27.0,-793.0,-338.0,146.0,,-898.0,265.0,-77.0,-1006.0,76.0
80.0,-914.0,-379.0,8.0,,-1172.0,213.0,-169.0,-1074.0,161.0
100.0,-432.0,-421.0,79.0,,-856.0,115.0,36.0,-510.0,250.0
119.0,-419.0,-441.0,-18.0,,-757.0,48.0,-22.0,-648.0,379.0
179.0,-838.0,-493.0,43.0,,-1036.0,62.0,-105.0,-905.0,578.0
162.0,-506.0,-521.0,-93.0,,-1059.0,158.0,-105.0,-660.0,703.0
155.0,-1188.0,-483.0,-150.0,,-1006.0,303.0,-142.0,-571.0,766.0
141.0,-1548.0,-532.0,-74.0,,-1029.0,498.0,-118.0,-194.0,832.0
119.0,-1286.0,-512.0,-139.0,,-1124.0,701.0,-242.0,-232.0,854.0
67.0,-783.0,-407.0,-204.0,,-1056.0,919.0,-160.0,-317.0,805.0
13.0,-119.0,-365.0,-245.0,,-806.0,1028.0,-227.0,-400.0,722.0
-12.0,-984.0,-344.0,-156.0,,-819.0,931.0,-266.0,-685.0,591.0
-86.0,221.0,-330.0,-131.0,,-980.0,809.0,-271.0,-559.0,440.0
-64.0,1107.0,-308.0,-261.0,,-761.0,693.0,-373.0,89.0,269.0
-65.0,300.0,-310.0,-399.0,,-513.0,620.0,-142.0,-194.0,119.0
-77.0,638.0,-319.0,-418.0,,-713.0,539.0,-49.0,-1182.0,87.0
-86.0,88.0,-323.0,-481.0,,-1169.0,426.0,68.0,-751.0,77.0
-50.0,-196.0,-309.0,-445.0,,-1160.0,391.0,48.0,-507.0,32.0
1.0,13.0,-293.0,-344.0,,-922.0,326.0,-77.0,-70.0,52.0
8.0,230.0,-301.0,-242.0,,-1045.0,235.0,-88.0,-113.0,172.0
35.0,203.0,-310.0,-24.0,,-1160.0,62.0,-253.0,-611.0,314.0
51.0,-607.0,-315.0,39.0,,-1073.0,-176.0,-269.0,-289.0,490.0
81.0,125.0,-307.0,-31.0,,-922.0,-305.0,-371.0,17.0,596.0
89.0,503.0,-349.0,-186.0,,-1145.0,-350.0,-282.0,611.0,614.0
132.0,-283.0,-331.0,-249.0,,-1378.0,-271.0,-169.0,-17.0,720.0
144.0,200.0,-276.0,-134.0,,-1194.0,-71.0,-157.0,-129.0,815.0
170.0,838.0,-279.0,-113.0,,-1229.0,195.0,118.0,78.0,846.0
198.0,1357.0,-232.0,-129.0,,-1505.0,495.0,225.0,-2.0,823.0
197.0,1768.0,-217.0,-107.0,,-1512.0,667.0,391.0,949.0,773.0
188.0,1441.0,-224.0,-280.0,,-1172.0,682.0,380.0,401.0,767.0
177.0,1212.0,-231.0,-514.0,,-1064.0,592.0,297.0,-54.0,859.0
180.0,1005.0,-252.0,-457.0,,-1598.0,412.0,314.0,334.0,994.0
96.0,560.0,-267.0,-210.0,,-1949.0,268.0,173.0,273.0,1031.0
32.0,-164.0,-288.0,0.0,,-1411.0,166.0,68.0,423.0,1059.0
-14.0,-1015.0,-254.0,247.0,,-962.0,126.0,-131.0,-301.0,1186.0
-40.0,-802.0,-201.0,335.0,,-1249.0,215.0,-48.0,-751.0,1340.0
-67.0,-196.0,-164.0,121.0,,-1621.0,302.0,11.0,-508.0,1339.0
-80.0,-101.0,-172.0,-38.0,,-1563.0,291.0,5.0,-245.0,1274.0
-86.0,-241.0,-187.0,-99.0,,-1166.0,230.0,136.0,39.0,1260.0
-86.0,-196.0,-178.0,-92.0,,-1156.0,223.0,25.0,-649.0,1224.0
-33.0,85.0,-184.0,24.0,,-1391.0,221.0,44.0,-860.0,1175.0
-11.0,332.0,-154.0,72.0,,-1142.0,218.0,-24.0,-716.0,1126.0
0.0,1007.0,-123.0,3.0,,-1026.0,247.0,-48.0,-692.0,1098.0
52.0,906.0,-98.0,55.0,,-1173.0,231.0,-49.0,-457.0,1058.0
129.0,522.0,-103.0,173.0,,-1108.0,328.0,-158.0,-302.0,1085.0
150.0,-56.0,-134.0,311.0,,-907.0,542.0,-158.0,-517.0,1190.0
173.0,-787.0,-142.0,455.0,,-671.0,694.0,-371.0,-670.0,1267.0
167.0,-19.0,-164.0,528.0,,-899.0,788.0,-447.0,582.0,1249.0
141.0,176.0,-144.0,679.0,,-1135.0,788.0,-485.0,612.0,1317.0
129.0,261.0,-113.0,508.0,,-999.0,668.0,-406.0,196.0,1532.0
120.0,661.0,-137.0,24.0,,-1011.0,447.0,-221.0,440.0,1511.0
97.0,1008.0,-143.0,-203.0,,-1152.0,205.0,-157.0,0.0,1387.0
105.0,1153.0,-132.0,-251.0,,-1169.0,90.0,94.0,1022.0,1374.0
165.0,284.0,-178.0,-287.0,,-1007.0,92.0,123.0,1585.0,1371.0
156.0,167.0,-194.0,-152.0,,-1004.0,178.0,120.0,551.0,1280.0
114.0,-113.0,-197.0,-171.0,,-952.0,334.0,81.0,-40.0,1109.0
79.0,-792.0,-228.0,-452.0,,-726.0,402.0,77.0,182.0,1007.0
58.0,-1317.0,-277.0,-447.0,,-457.0,373.0,218.0,786.0,859.0
-9.0,-1226.0,-301.0,-314.0,,-640.0,338.0,42.0,1155.0,689.0
-42.0,-971.0,-295.0,-300.0,,-1016.0,215.0,-38.0,1054.0,605.0
-41.0,-1114.0,-346.0,-454.0,,-793.0,14.0,-184.0,121.0,503.0
-80.0,-130.0,-334.0,-570.0,,-653.0,-160.0,-212.0,177.0,298.0
-108.0,356.0,-291.0,-493.0,,-777.0,-229.0,-112.0,544.0,99.0
-142.0,11.0,-245.0,-544.0,,-953.0,-176.0,-186.0,336.0,78.0
-162.0,388.0,-207.0,-608.0,,-815.0,-8.0,-46.0,466.0,33.0
-172.0,969.0,-148.0,-498.0,,-454.0,231.0,-7.0,-503.0,-107.0
-133.0,569.0,-65.0,-335.0,,-427.0,405.0,114.0,-565.0,-197.0
-81.0,358.0,-68.0,-223.0,,-515.0,462.0,206.0,558.0,-235.0
-34.0,542.0,-27.0,13.0,,-458.0,390.0,173.0,623.0,-254.0
-13.0,1031.0,-9.0,167.0,,-225.0,261.0,169.0,101.0,-257.0
10.0,1181.0,-48.0,-47.0,,-143.0,88.0,29.0,-372.0,-183.0
-7.0,284.0,-33.0,-221.0,,-229.0,-124.0,103.0,258.0,-133.0
-40.0,686.0,-69.0,-290.0,,-381.0,-258.0,86.0,1229.0,-137.0
-34.0,878.0,-88.0,-304.0,,-372.0,-316.0,140.0,770.0,-55.0
-57.0,818.0,-85.0,-312.0,,-355.0,-277.0,184.0,-303.0,30.0
-13.0,1239.0,-117.0,-466.0,,-468.0,-199.0,18.0,8.0,-16.0
44.0,1185.0,-87.0,-604.0,,-229.0,-175.0,-48.0,631.0,-103.0
112.0,711.0,-65.0,-560.0,,33.0,-163.0,-279.0,112.0,-115.0
135.0,-9.0,-58.0,-204.0,,54.0,-166.0,-238.0,850.0,-67.0
176.0,-388.0,-68.0,211.0,,43.0,-229.0,-195.0,1006.0,-38.0
234.0,-687.0,-58.0,352.0,,89.0,-258.0,-295.0,-269.0,-6.0
252.0,-588.0,-63.0,285.0,,185.0,-188.0,-323.0,486.0,120.0
316.0,-573.0,-117.0,-23.0,,276.0,-73.0,-463.0,461.0,256.0
332.0,-170.0,-142.0,-423.0,,141.0,117.0,-343.0,456.0,358.0
324.0,100.0,-178.0,-560.0,,-30.0,319.0,-347.0,879.0,437.0
280.0,226.0,-174.0,-491.0,,-1.0,536.0,-332.0,-920.0,550.0
222.0,803.0,-156.0,-341.0,,-87.0,677.0,-275.0,35.0,708.0
144.0,1200.0,-117.0,-317.0,,-89.0,562.0,-267.0,1146.0,767.0
104.0,1565.0,-90.0,-255.0,,147.0,374.0,-105.0,110.0,730.0
103.0,927.0,-87.0,-7.0,,199.0,154.0,-77.0,1196.0,687.0
82.0,1018.0,-78.0,71.0,,-54.0,-71.0,64.0,408.0,620.0
136.0,1089.0,-52.0,64.0,,-177.0,-154.0,-29.0,-172.0,430.0
167.0,-334.0,-24.0,-30.0,,-34.0,-183.0,-171.0,1212.0,231.0
175.0,-643.0,-37.0,-173.0,,75.0,-132.0,-212.0,813.0,88.0
169.0,-290.0,-9.0,-211.0,,-110.0,-78.0,-315.0,904.0,-95.0
164.0,-838.0,-83.0,-27.0,,-246.0,-33.0,-247.0,502.0,-221.0
153.0,-1882.0,-193.0,238.0,,84.0,87.0,-375.0,39.0,-248.0
137.0,-2008.0,-274.0,266.0,,262.0,73.0,-347.0,499.0,-200.0
157.0,-1589.0,-397.0,31.0,,-8.0,-113.0,-382.0,818.0,-144.0
145.0,-1357.0,-467.0,-439.0,,-212.0,-354.0,-480.0,416.0,-3.0
133.0,-1059.0,-488.0,-809.0,,39.0,-514.0,-482.0,-341.0,159.0
135.0,-764.0,-433.0,-979.0,,239.0,-579.0,-694.0,110.0,163.0
96.0,-225.0,-373.0,-992.0,,124.0,-633.0,-665.0,311.0,207.0
39.0,254.0,-344.0,-1000.0,,232.0,-664.0,-676.0,323.0,275.0
15.0,517.0,-305.0,-928.0,,567.0,-525.0,-582.0,406.0,268.0
16.0,163.0,-281.0,-816.0,,652.0,-283.0,-417.0,-14.0,238.0
-4.0,-222.0,-263.0,-803.0,,267.0,-215.0,-395.0,-287.0,89.0
-61.0,-376.0,-280.0,-616.0,,200.0,-247.0,-280.0,784.0,-179.0
-94.0,-695.0,-264.0,-461.0,,534.0,-321.0,-378.0,949.0,-430.0
-154.0,-1080.0,-197.0,-269.0,,643.0,-354.0,-338.0,378.0,-536.0
-210.0,-1374.0,-109.0,-46.0,,451.0,-350.0,-295.0,754.0,-603.0
-245.0,-995.0,-44.0,72.0,,219.0,-330.0,-208.0,179.0,-819.0
-262.0,-941.0,-30.0,65.0,,369.0,-352.0,-105.0,839.0,-1010.0
-212.0,-941.0,1.0,95.0,,608.0,-466.0,-262.0,873.0,-1021.0
-152.0,-507.0,13.0,314.0,,596.0,-471.0,-290.0,-272.0,-975.0
-89.0,178.0,72.0,462.0,,405.0,-445.0,-471.0,-164.0,-982.0
-61.0,966.0,136.0,572.0,,296.0,-389.0,-487.0,-429.0,-1039.0
0.0,1840.0,155.0,399.0,,291.0,-330.0,-430.0,258.0,-1043.0
60.0,2728.0,189.0,70.0,,248.0,-253.0,-473.0,472.0,-979.0
78.0,2748.0,145.0,-144.0,,185.0,-95.0,-345.0,-144.0,-876.0
119.0,2890.0,69.0,-269.0,,248.0,-106.0,-378.0,-183.0,-783.0
183.0,2649.0,42.0,-124.0,,392.0,-236.0,-334.0,-408.0,-718.0
252.0,2137.0,12.0,43.0,,391.0,-372.0,-397.0,521.0,-727.0
311.0,1139.0,-10.0,96.0,,442.0,-515.0,-478.0,316.0,-767.0
372.0,-19.0,-2.0,210.0,,466.0,-642.0,-554.0,-933.0,-697.0
398.0,225.0,-37.0,262.0,,300.0,-722.0,-659.0,-524.0,-716.0
387.0,-621.0,-36.0,187.0,,123.0,-774.0,-463.0,-442.0,-797.0
328.0,-1091.0,-19.0,221.0,,185.0,-738.0,-437.0,-342.0,-829.0
250.0,-626.0,1.0,161.0,,261.0,-617.0,-389.0,175.0,-777.0
191.0,-851.0,23.0,-159.0,,91.0,-497.0,-443.0,-420.0,-562.0
160.0,-934.0,-21.0,-404.0,,55.0,-379.0,-620.0,-622.0,-512.0
127.0,-1295.0,-2.0,-439.0,,273.0,-367.0,-764.0,-365.0,-538.0
83.0,-1242.0,-2.0,-277.0,,465.0,-423.0,-1067.0,-4.0,-370.0
66.0,-1717.0,-9.0,-34.0,,313.0,-500.0,-1099.0,481.0,-263.0
35.0,-1845.0,9.0,119.0,,162.0,-550.0,-1117.0,-56.0,-321.0
20.0,-1492.0,-17.0,325.0,,317.0,-613.0,-986.0,-64.0,-313.0
20.0,-1567.0,13.0,543.0,,418.0,-680.0,-777.0,365.0,-313.0
45.0,-767.0,42.0,544.0,,217.0,-595.0,-570.0,710.0,-478.0
53.0,-260.0,-13.0,487.0,,70.0,-513.0,-218.0,679.0,-440.0
28.0,400.0,-46.0,454.0,,344.0,-482.0,-131.0,120.0,-303.0
55.0,136.0,-33.0,248.0,,368.0,-518.0,20.0,362.0,-501.0
89.0,-307.0,-41.0,-34.0,,179.0,-565.0,11.0,443.0,-698.0
73.0,659.0,-40.0,-220.0,,304.0,-558.0,-97.0,646.0,-595.0
59.0,1002.0,23.0,-425.0,,551.0,-622.0,-240.0,940.0,-566.0
100.0,700.0,20.0,-540.0,,732.0,-727.0,-530.0,619.0,-715.0
126.0,383.0,81.0,-453.0,,600.0,-831.0,-591.0,271.0,-659.0
135.0,429.0,179.0,-438.0,,437.0,-872.0,-750.0,-90.0,-547.0
164.0,-458.0,156.0,-405.0,,578.0,-827.0,-763.0,221.0,-556.0
197.0,-1562.0,232.0,-231.0,,758.0,-772.0,-798.0,515.0,-482.0
241.0,-1284.0,227.0,-125.0,,576.0,-726.0,-886.0,-27.0,-328.0
272.0,-426.0,246.0,59.0,,257.0,-677.0,-820.0,-125.0,-288.0
296.0,91.0,302.0,160.0,,245.0,-668.0,-896.0,235.0,-397.0
311.0,1153.0,293.0,-55.0,,282.0,-651.0,-851.0,427.0,-363.0
319.0,2094.0,348.0,-166.0,,245.0,-656.0,-883.0,325.0,-305.0
282.0,1753.0,313.0,13.0,,238.0,-787.0,-777.0,-316.0,-405.0
181.0,1790.0,320.0,197.0,,363.0,-883.0,-618.0,-782.0,-433.0
143.0,1271.0,333.0,162.0,,421.0,-959.0,-618.0,-302.0,-397.0
127.0,1027.0,347.0,27.0,,301.0,-1020.0,-515.0,213.0,-416.0
50.0,291.0,367.0,-80.0,,365.0,-915.0,-559.0,-142.0,-331.0
7.0,-665.0,412.0,-162.0,,406.0,-766.0,-452.0,-248.0,-241.0
26.0,-107.0,474.0,-146.0,,347.0,-642.0,-424.0,36.0,-323.0
13.0,-79.0,469.0,63.0,,273.0,-560.0,-465.0,54.0,-345.0
-17.0,-281.0,509.0,359.0,,275.0,-643.0,-437.0,262.0,-297.0
-4.0,-627.0,505.0,641.0,,472.0,-771.0,-668.0,486.0,-275.0
-7.0,-477.0,496.0,779.0,,415.0,-805.0,-807.0,282.0,-362.0
2.0,-334.0,516.0,675.0,,202.0,-792.0,-1121.0,-470.0,-399.0
42.0,163.0,533.0,463.0,,242.0,-724.0,-1284.0,-315.0,-475.0
13.0,661.0,499.0,233.0,,440.0,-650.0,-1269.0,177.0,-571.0
-12.0,502.0,464.0,-14.0,,434.0,-578.0,-1391.0,254.0,-499.0
22.0,506.0,475.0,-307.0,,210.0,-539.0,-1315.0,522.0,-655.0
36.0,-510.0,441.0,-523.0,,342.0,-642.0,-1322.0,-87.0,-870.0
10.0,-865.0,431.0,-705.0,,755.0,-808.0,-1184.0,356.0,-849.0
12.0,-379.0,398.0,-847.0,,871.0,-917.0,-1021.0,988.0,-737.0
39.0,-474.0,399.0,-775.0,,785.0,-981.0,-803.0,797.0,-877.0
56.0,-903.0,403.0,-493.0,,808.0,-910.0,-574.0,516.0,-921.0
73.0,-725.0,387.0,-214.0,,980.0,-774.0,-565.0,267.0,-676.0
90.0,-873.0,471.0,-118.0,,1099.0,-729.0,-406.0,645.0,-659.0
84.0,-832.0,464.0,-89.0,,880.0,-666.0,-421.0,609.0,-571.0
98.0,164.0,484.0,-55.0,,782.0,-564.0,-352.0,1149.0,-303.0
109.0,237.0,553.0,97.0,,1024.0,-473.0,-230.0,495.0,-218.0
27.0,7.0,489.0,297.0,,1062.0,-551.0,-114.0,-232.0,-186.0
-46.0,-53.0,495.0,328.0,,917.0,-704.0,44.0,248.0,104.0
-45.0,823.0,476.0,233.0,,870.0,-757.0,-55.0,268.0,392.0
-32.0,1181.0,340.0,141.0,,972.0,-767.0,-110.0,427.0,360.0
-50.0,893.0,340.0,51.0,,954.0,-647.0,-395.0,86.0,311.0
-45.0,1333.0,332.0,-148.0,,790.0,-508.0,-602.0,-234.0,508.0
3.0,1348.0,249.0,-362.0,,861.0,-375.0,-731.0,-205.0,697.0
11.0,1069.0,301.0,-449.0,,962.0,-291.0,-849.0,272.0,687.0
2.0,461.0,291.0,-600.0,,908.0,-335.0,-672.0,-121.0,709.0
1.0,-183.0,226.0,-863.0,,849.0,-319.0,-644.0,-314.0,835.0
18.0,-1186.0,267.0,-1059.0,,839.0,-394.0,-408.0,-60.0,832.0
70.0,-1151.0,239.0,-1120.0,,849.0,-657.0,-262.0,-106.0,855.0
111.0,-826.0,216.0,-960.0,,711.0,-826.0,-275.0,656.0,988.0
164.0,-1418.0,268.0,-715.0,,587.0,-905.0,-169.0,337.0,919.0
195.0,-1253.0,258.0,-506.0,,747.0,-979.0,-266.0,353.0,831.0
199.0,-324.0,231.0,-420.0,,925.0,-950.0,-262.0,621.0,852.0
226.0,606.0,204.0,-423.0,,920.0,-835.0,-382.0,527.0,749.0
255.0,172.0,203.0,-373.0,,899.0,-657.0,-554.0,710.0,553.0
274.0,163.0,151.0,-486.0,,1202.0,-522.0,-796.0,477.0,549.0
271.0,66.0,95.0,-703.0,,1574.0,-518.0,-1147.0,204.0,583.0
284.0,56.0,101.0,-647.0,,1468.0,-587.0,-1441.0,-42.0,463.0
291.0,727.0,81.0,-415.0,,1354.0,-674.0,-1829.0,509.0,380.0
277.0,319.0,85.0,-325.0,,1392.0,-716.0,-1819.0,233.0,370.0
241.0,-323.0,85.0,-367.0,,1393.0,-785.0,-1725.0,62.0,343.0
176.0,-1051.0,99.0,-552.0,,1206.0,-911.0,-1524.0,119.0,298.0
111.0,-503.0,90.0,-550.0,,946.0,-920.0,-1204.0,-592.0,376.0
5.0,-79.0,75.0,-231.0,,1179.0,-748.0,-1034.0,-128.0,310.0
-105.0,-392.0,35.0,23.0,,1426.0,-524.0,-626.0,-107.0,120.0
-207.0,-133.0,6.0,187.0,,1430.0,-344.0,-369.0,-444.0,214.0
-286.0,367.0,3.0,220.0,,1450.0,-193.0,-110.0,-504.0,321.0
-349.0,701.0,-5.0,162.0,,1589.0,-87.0,25.0,-944.0,87.0
-384.0,830.0,12.0,31.0,,1750.0,-85.0,9.0,-1332.0,-145.0
-386.0,917.0,4.0,-17.0,,1398.0,-158.0,40.0,-1059.0,-117.0
-388.0,600.0,70.0,-20.0,,945.0,-293.0,-188.0,-1049.0,-55.0
-330.0,896.0,67.0,-50.0,,924.0,-464.0,-314.0,-1173.0,-35.0
-265.0,1100.0,122.0,-10.0,,863.0,-595.0,-563.0,-1108.0,26.0
-218.0,322.0,224.0,-48.0,,672.0,-663.0,-753.0,-1417.0,6.0
-138.0,-517.0,214.0,-108.0,,574.0,-733.0,-879.0,-696.0,-103.0
-33.0,-248.0,282.0,-175.0,,548.0,-807.0,-1080.0,-430.0,74.0
6.0,-254.0,285.0,-59.0,,618.0,-804.0,-1084.0,-588.0,126.0
22.0,-259.0,289.0,90.0,,674.0,-800.0,-1201.0,-380.0,-119.0
83.0,11.0,263.0,188.0,,775.0,-784.0,-1066.0,-263.0,-291.0
115.0,-294.0,178.0,494.0,,761.0,-751.0,-792.0,551.0,-376.0
128.0,-255.0,184.0,577.0,,659.0,-732.0,-393.0,891.0,-355.0
147.0,-194.0,134.0,378.0,,676.0,-654.0,48.0,27.0,-392.0
197.0,448.0,83.0,290.0,,654.0,-559.0,210.0,-161.0,-513.0
227.0,377.0,45.0,244.0,,854.0,-500.0,362.0,354.0,-672.0
220.0,330.0,-5.0,171.0,,836.0,-456.0,218.0,60.0,-527.0
243.0,987.0,-73.0,309.0,,569.0,-383.0,101.0,-173.0,-280.0
245.0,1719.0,-133.0,492.0,,633.0,-336.0,-105.0,-27.0,-189.0
220.0,1748.0,-168.0,430.0,,772.0,-343.0,-465.0,3.0,-170.0
219.0,832.0,-255.0,364.0,,774.0,-398.0,-583.0,107.0,-92.0
255.0,713.0,-260.0,323.0,,538.0,-487.0,-814.0,319.0,182.0
301.0,-132.0,-255.0,253.0,,398.0,-575.0,-853.0,385.0,239.0
284.0,-423.0,-256.0,141.0,,360.0,-673.0,-764.0,249.0,268.0
240.0,-17.0,-190.0,-10.0,,352.0,-710.0,-545.0,-126.0,138.0
191.0,-391.0,-160.0,-109.0,,368.0,-716.0,-234.0,44.0,3.0
147.0,-516.0,-159.0,-244.0,,294.0,-729.0,-81.0,393.0,150.0
119.0,-329.0,-113.0,-217.0,,480.0,-733.0,77.0,166.0,122.0
101.0,-173.0,-82.0,69.0,,437.0,-682.0,-9.0,-126.0,-155.0
164.0,111.0,-71.0,273.0,,186.0,-520.0,14.0,-362.0,-404.0
211.0,205.0,-17.0,295.0,,282.0,-395.0,-14.0,-345.0,-277.0
209.0,-116.0,0.0,382.0,,355.0,-335.0,-46.0,-172.0,-212.0
207.0,863.0,16.0,485.0,,268.0,-208.0,127.0,60.0,-253.0
152.0,1167.0,20.0,552.0,,197.0,-26.0,171.0,-559.0,-192.0
85.0,788.0,11.0,658.0,,370.0,97.0,351.0,-513.0,-149.0
30.0,942.0,-29.0,739.0,,649.0,143.0,195.0,41.0,33.0
-11.0,424.0,-42.0,600.0,,521.0,142.0,-62.0,336.0,278.0
-23.0,121.0,-122.0,453.0,,227.0,93.0,-325.0,626.0,324.0
-10.0,-720.0,-242.0,564.0,,261.0,-22.0,-737.0,-612.0,221.0
-20.0,-761.0,-299.0,512.0,,503.0,-113.0,-964.0,-453.0,295.0
-49.0,-102.0,-488.0,563.0,,373.0,-140.0,-1176.0,50.0,434.0
-92.0,-373.0,-536.0,719.0,,-62.0,-143.0,-964.0,-13.0,449.0
-110.0,-595.0,-554.0,613.0,,-43.0,-151.0,-726.0,304.0,352.0
-118.0,-105.0,-568.0,487.0,,109.0,-185.0,-537.0,-186.0,359.0
-181.0,341.0,-458.0,354.0,,42.0,-78.0,-362.0,-158.0,385.0
-214.0,-617.0,-391.0,302.0,,16.0,26.0,-452.0,-107.0,383.0
-233.0,-231.0,-266.0,218.0,,121.0,82.0,-345.0,314.0,456.0
-260.0,1004.0,-154.0,81.0,,372.0,78.0,-308.0,206.0,367.0
-302.0,695.0,-56.0,-26.0,,343.0,-157.0,-83.0,-25.0,282.0
-342.0,-25.0,-53.0,-191.0,,68.0,-361.0,166.0,121.0,349.0
-373.0,-264.0,-42.0,-174.0,,115.0,-478.0,229.0,286.0,477.0
-426.0,-322.0,32.0,-174.0,,370.0,-573.0,286.0,517.0,359.0
-460.0,-1152.0,-19.0,-228.0,,440.0,-691.0,145.0,208.0,184.0
-483.0,-1220.0,-30.0,-7.0,,327.0,-788.0,188.0,217.0,155.0
-474.0,-900.0,-39.0,148.0,,247.0,-772.0,120.0,-121.0,1.0
-462.0,-1224.0,-58.0,294.0,,278.0,-702.0,109.0,355.0,-74.0
-467.0,-1168.0,-37.0,321.0,,227.0,-559.0,72.0,154.0,-229.0
-469.0,-26.0,-23.0,98.0,,333.0,-414.0,-190.0,47.0,-401.0
-426.0,805.0,57.0,-107.0,,620.0,-236.0,-206.0,365.0,-324.0
-358.0,375.0,82.0,-356.0,,660.0,-27.0,-343.0,-211.0,-202.0
-318.0,327.0,74.0,-293.0,,646.0,123.0,-386.0,-48.0,-252.0
-293.0,131.0,114.0,-59.0,,614.0,134.0,-412.0,-91.0,-374.0
-294.0,-103.0,74.0,-23.0,,747.0,60.0,-395.0,118.0,-171.0
-298.0,-122.0,58.0,-12.0,,911.0,-8.0,-212.0,-342.0,49.0
-340.0,244.0,70.0,-3.0,,548.0,-101.0,-171.0,-304.0,61.0
-346.0,917.0,-29.0,-136.0,,298.0,-201.0,12.0,-202.0,22.0
-337.0,1126.0,-9.0,-332.0,,619.0,-189.0,36.0,-237.0,25.0
-339.0,1395.0,53.0,-349.0,,765.0,-20.0,147.0,78.0,202.0
-308.0,1303.0,83.0,-219.0,,448.0,99.0,284.0,-545.0,376.0
-259.0,1216.0,184.0,0.0,,230.0,154.0,266.0,-167.0,450.0
-197.0,930.0,207.0,114.0,,305.0,142.0,308.0,-202.0,329.0
-165.0,423.0,255.0,129.0,,309.0,65.0,192.0,106.0,206.0
-143.0,383.0,243.0,133.0,,35.0,-45.0,303.0,581.0,322.0
-159.0,538.0,267.0,160.0,,-216.0,-182.0,297.0,68.0,321.0
-183.0,609.0,227.0,239.0,,-217.0,-140.0,223.0,-256.0,117.0
-208.0,117.0,129.0,250.0,,-31.0,-22.0,199.0,80.0,-56.0
-242.0,-210.0,85.0,332.0,,-112.0,76.0,42.0,668.0,-135.0
-291.0,-527.0,-89.0,404.0,,-519.0,198.0,96.0,242.0,-49.0
-359.0,-1013.0,-73.0,354.0,,-578.0,349.0,11.0,457.0,27.0
-404.0,-577.0,-126.0,415.0,,-570.0,561.0,107.0,401.0,-71.0
-426.0,-700.0,-161.0,671.0,,-811.0,734.0,149.0,265.0,-215.0
-434.0,-935.0,-125.0,733.0,,-945.0,824.0,70.0,433.0,-194.0
-420.0,-113.0,-193.0,675.0,,-797.0,720.0,158.0,247.0,-3.0
-417.0,70.0,-153.0,667.0,,-609.0,529.0,96.0,82.0,-59.0
-398.0,91.0,-213.0,381.0,,-741.0,366.0,299.0,-282.0,-192.0
-329.0,58.0,-187.0,31.0,,-699.0,166.0,423.0,-117.0,-233.0
-283.0,246.0,-172.0,-279.0,,-342.0,10.0,556.0,-324.0,-283.0
-242.0,573.0,-225.0,-447.0,,-242.0,-119.0,720.0,323.0,-229.0
-249.0,337.0,-267.0,-541.0,,-333.0,-193.0,652.0,161.0,-227.0
-285.0,106.0,-337.0,-685.0,,-203.0,-214.0,596.0,-258.0,-344.0
-335.0,143.0,-331.0,-580.0,,-22.0,-198.0,275.0,745.0,-427.0
-377.0,251.0,-365.0,-509.0,,-143.0,-158.0,109.0,502.0,-174.0
-396.0,-101.0,-349.0,-464.0,,-442.0,-90.0,-24.0,335.0,-11.0
-461.0,254.0,-356.0,-221.0,,-564.0,-24.0,-120.0,275.0,-121.0
-493.0,-130.0,-362.0,-34.0,,-342.0,-31.0,-123.0,226.0,-126.0
-475.0,-751.0,-338.0,87.0,,-363.0,-27.0,-266.0,41.0,-30.0
-446.0,-493.0,-352.0,324.0,,-537.0,1.0,-127.0,347.0,179.0
-432.0,-237.0,-346.0,564.0,,-469.0,59.0,-18.0,761.0,197.0
-418.0,234.0,-314.0,321.0,,-498.0,62.0,199.0,-70.0,117.0
-375.0,-233.0,-301.0,-161.0,,-498.0,96.0,341.0,-80.0,71.0
-319.0,259.0,-336.0,-453.0,,-642.0,233.0,325.0,306.0,70.0
-284.0,608.0,-359.0,-550.0,,-688.0,390.0,450.0,434.0,108.0
-229.0,475.0,-389.0,-392.0,,-516.0,548.0,421.0,188.0,56.0
-171.0,671.0,-379.0,-225.0,,-582.0,603.0,467.0,-130.0,52.0
-87.0,356.0,-369.0,-78.0,,-681.0,574.0,323.0,-79.0,-29.0
-3.0,721.0,-306.0,-35.0,,-726.0,551.0,223.0,-142.0,-7.0
65.0,-16.0,-194.0,-208.0,,-605.0,567.0,188.0,190.0,181.0
171.0,-195.0,-157.0,-405.0,,-478.0,547.0,40.0,372.0,248.0
227.0,325.0,-113.0,-497.0,,-596.0,532.0,210.0,128.0,146.0
257.0,-388.0,-49.0,-472.0,,-584.0,508.0,269.0,-283.0,147.0
277.0,-1030.0,-37.0,-332.0,,-408.0,465.0,439.0,-7.0,346.0
302.0,-876.0,-46.0,-16.0,,-519.0,546.0,609.0,845.0,318.0
280.0,-410.0,-40.0,197.0,,-627.0,617.0,681.0,479.0,205.0
249.0,-890.0,-60.0,169.0,,-440.0,662.0,890.0,233.0,236.0
202.0,-598.0,-71.0,186.0,,-271.0,674.0,896.0,313.0,207.0
105.0,-296.0,-77.0,362.0,,-287.0,618.0,1042.0,637.0,124.0
47.0,121.0,-88.0,603.0,,-481.0,568.0,1108.0,1071.0,164.0
0.0,286.0,-52.0,855.0,,-427.0,509.0,1110.0,717.0,225.0
-42.0,-452.0,-33.0,889.0,,-259.0,492.0,984.0,317.0,118.0
-121.0,421.0,-72.0,585.0,,-390.0,422.0,617.0,69.0,161.0
-161.0,89.0,-40.0,133.0,,-615.0,349.0,485.0,544.0,278.0
-181.0,-227.0,-20.0,-175.0,,-555.0,355.0,312.0,471.0,174.0
-231.0,222.0,5.0,-220.0,,-217.0,366.0,419.0,485.0,89.0
-257.0,225.0,31.0,-289.0,,-276.0,486.0,552.0,387.0,136.0
-274.0,551.0,16.0,-249.0,,-475.0,638.0,532.0,-418.0,182.0
-292.0,75.0,47.0,-83.0,,-194.0,706.0,606.0,-294.0,63.0
-329.0,51.0,0.0,-81.0,,8.0,722.0,439.0,35.0,-58.0
-334.0,-142.0,-2.0,-96.0,,-183.0,763.0,424.0,339.0,-33.0
-330.0,-165.0,16.0,-80.0,,-277.0,818.0,391.0,-20.0,23.0
-330.0,133.0,4.0,-85.0,,-24.0,843.0,452.0,-300.0,75.0
-313.0,-190.0,72.0,-183.0,,116.0,874.0,582.0,-326.0,156.0
-300.0,-460.0,116.0,-263.0,,-161.0,849.0,648.0,-423.0,282.0
-276.0,-357.0,115.0,-195.0,,-381.0,853.0,879.0,-604.0,362.0
-218.0,-2.0,100.0,-115.0,,-198.0,829.0,807.0,-1185.0,490.0
-155.0,-190.0,79.0,-121.0,,92.0,761.0,739.0,-1337.0,728.0
-163.0,-89.0,38.0,-175.0,,24.0,749.0,585.0,-1248.0,846.0
-190.0,-29.0,25.0,-294.0,,-239.0,643.0,450.0,-621.0,716.0
-197.0,-361.0,60.0,-574.0,,-129.0,555.0,565.0,-442.0,728.0
-236.0,-444.0,66.0,-717.0,,77.0,462.0,727.0,-403.0,979.0
-273.0,-602.0,92.0,-616.0,,-88.0,297.0,1031.0,-713.0,907.0
-308.0,-753.0,151.0,-524.0,,-308.0,208.0,1036.0,-893.0,567.0
-307.0,-712.0,223.0,-533.0,,-100.0,185.0,1012.0,58.0,453.0
-274.0,46.0,274.0,-338.0,,135.0,213.0,837.0,-423.0,399.0
-237.0,192.0,318.0,212.0,,-125.0,199.0,552.0,-698.0,201.0
-189.0,-59.0,402.0,732.0,,-417.0,156.0,445.0,-398.0,49.0
-182.0,631.0,412.0,1160.0,,-315.0,193.0,301.0,5.0,-104.0
-171.0,541.0,435.0,1288.0,,-193.0,250.0,430.0,598.0,-216.0
-154.0,475.0,477.0,1004.0,,-534.0,310.0,482.0,652.0,-269.0
-117.0,747.0,455.0,844.0,,-736.0,355.0,630.0,501.0,-281.0
-61.0,773.0,430.0,873.0,,-429.0,354.0,824.0,-152.0,-426.0
-29.0,871.0,389.0,696.0,,-258.0,322.0,923.0,138.0,-715.0
-14.0,472.0,358.0,366.0,,-489.0,237.0,1147.0,197.0,-810.0
-43.0,446.0,331.0,88.0,,-625.0,234.0,1188.0,-24.0,-804.0
-41.0,402.0,317.0,-131.0,,-402.0,328.0,1356.0,-270.0,-856.0
-55.0,-17.0,277.0,-277.0,,-395.0,342.0,1302.0,-431.0,-1122.0
-84.0,-655.0,288.0,-356.0,,-557.0,426.0,1162.0,177.0,-1204.0
-78.0,-1029.0,312.0,-307.0,,-405.0,540.0,1132.0,408.0,-1088.0
-62.0,-694.0,264.0,-210.0,,50.0,568.0,973.0,382.0,-1111.0
-56.0,-861.0,256.0,-86.0,,68.0,626.0,999.0,60.0,-1053.0
-80.0,-1131.0,225.0,-10.0,,-363.0,718.0,859.0,58.0,-931.0
-34.0,-809.0,232.0,70.0,,-340.0,822.0,763.0,181.0,-830.0
7.0,-687.0,244.0,265.0,,-137.0,872.0,648.0,488.0,-776.0
5.0,-872.0,273.0,280.0,,-178.0,940.0,526.0,545.0,-637.0
29.0,-543.0,283.0,197.0,,-525.0,905.0,576.0,350.0,-605.0
84.0,-666.0,260.0,128.0,,-628.0,727.0,508.0,31.0,-715.0
142.0,-1093.0,257.0,133.0,,-306.0,612.0,696.0,-173.0,-713.0
127.0,-584.0,172.0,246.0,,-310.0,500.0,842.0,499.0,-579.0
105.0,-68.0,147.0,268.0,,-573.0,395.0,1038.0,503.0,-525.0
70.0,326.0,84.0,224.0,,-435.0,341.0,1195.0,-48.0,-660.0
17.0,184.0,15.0,76.0,,152.0,356.0,1088.0,-232.0,-644.0
-15.0,-56.0,52.0,-63.0,,286.0,390.0,1103.0,30.0,-498.0
-42.0,168.0,58.0,-62.0,,-39.0,413.0,999.0,160.0,-482.0
-21.0,67.0,108.0,67.0,,-48.0,430.0,1088.0,194.0,-497.0
-27.0,249.0,159.0,294.0,,166.0,370.0,1160.0,-407.0,-431.0
-64.0,0.0,154.0,329.0,,77.0,288.0,1136.0,-1009.0,-509.0
-114.0,205.0,163.0,297.0,,-234.0,251.0,1121.0,-651.0,-568.0
-180.0,690.0,178.0,349.0,,-253.0,275.0,890.0,-403.0,-476.0
-240.0,-387.0,152.0,370.0,,-27.0,355.0,820.0,0.0,-505.0
-281.0,-666.0,47.0,413.0,,-149.0,487.0,626.0,-339.0,-569.0
-258.0,-795.0,33.0,362.0,,-506.0,663.0,626.0,-786.0,-439.0
-260.0,-926.0,32.0,172.0,,-350.0,821.0,766.0,-356.0,-240.0
-247.0,-875.0,-33.0,97.0,,-45.0,975.0,835.0,343.0,-145.0
-194.0,-866.0,1.0,152.0,,-118.0,1183.0,1173.0,409.0,0.0
-139.0,346.0,12.0,165.0,,-272.0,1247.0,1332.0,-839.0,162.0
-111.0,-323.0,-42.0,196.0,,-150.0,1088.0,1489.0,-936.0,289.0
-87.0,-765.0,-102.0,218.0,,6.0,875.0,1496.0,-464.0,347.0
-16.0,803.0,-126.0,223.0,,-303.0,585.0,1457.0,-304.0,350.0
-9.0,985.0,-173.0,255.0,,-622.0,319.0,1404.0,288.0,361.0
-8.0,478.0,-193.0,267.0,,-402.0,213.0,1158.0,-392.0,317.0
0.0,853.0,-202.0,159.0,,-141.0,219.0,1049.0,-887.0,329.0
-14.0,1114.0,-238.0,-139.0,,-411.0,263.0,740.0,-98.0,355.0
-48.0,610.0,-205.0,-318.0,,-615.0,272.0,646.0,445.0,284.0
-97.0,223.0,-207.0,-292.0,,-177.0,239.0,602.0,406.0,215.0
-104.0,330.0,-172.0,-100.0,,103.0,107.0,465.0,-56.0,227.0
-117.0,789.0,-151.0,206.0,,-197.0,-28.0,582.0,-620.0,280.0
-113.0,252.0,-144.0,435.0,,-415.0,-95.0,698.0,-511.0,295.0
-77.0,-49.0,-89.0,520.0,,-175.0,-170.0,1036.0,202.0,276.0
-16.0,176.0,-66.0,615.0,,133.0,-160.0,1202.0,78.0,254.0
41.0,-212.0,10.0,761.0,,-67.0,-82.0,1254.0,-225.0,197.0
49.0,-300.0,78.0,573.0,,-219.0,-6.0,1219.0,-45.0,143.0
67.0,-338.0,166.0,335.0,,108.0,149.0,1029.0,-57.0,53.0
129.0,149.0,247.0,446.0,,315.0,411.0,970.0,369.0,-78.0
198.0,273.0,282.0,592.0,,189.0,637.0,722.0,367.0,-90.0
248.0,-55.0,296.0,685.0,,147.0,786.0,650.0,-225.0,-80.0
276.0,-25.0,250.0,721.0,,427.0,856.0,594.0,-562.0,-115.0
330.0,-104.0,229.0,517.0,,271.0,805.0,615.0,-488.0,-139.0
346.0,-521.0,183.0,193.0,,-202.0,779.0,792.0,202.0,-249.0
334.0,-630.0,121.0,-79.0,,-320.0,763.0,829.0,103.0,-292.0
351.0,-100.0,119.0,-71.0,,-194.0,671.0,1043.0,-415.0,-244.0
336.0,-186.0,99.0,238.0,,-216.0,590.0,1021.0,-724.0,-198.0
326.0,-51.0,4.0,462.0,,-845.0,612.0,1051.0,-405.0,-112.0
338.0,-5.0,-66.0,576.0,,-1002.0,682.0,1088.0,19.0,-41.0
361.0,-477.0,-114.0,656.0,,-337.0,674.0,990.0,-270.0,86.0
352.0,-437.0,-162.0,536.0,,-301.0,593.0,973.0,-382.0,175.0
340.0,-112.0,-174.0,269.0,,-892.0,477.0,705.0,-680.0,232.0
334.0,407.0,-178.0,181.0,,-1159.0,348.0,744.0,-454.0,232.0
309.0,466.0,-149.0,153.0,,-904.0,207.0,905.0,-210.0,206.0
261.0,596.0,-132.0,212.0,,-806.0,129.0,1075.0,-214.0,340.0
214.0,1053.0,-167.0,442.0,,-1131.0,93.0,1271.0,-541.0,334.0
213.0,890.0,-157.0,675.0,,-1039.0,98.0,1256.0,-878.0,278.0
206.0,688.0,-94.0,746.0,,-553.0,243.0,1341.0,-410.0,430.0
201.0,210.0,-89.0,543.0,,-333.0,415.0,1252.0,114.0,619.0
166.0,-208.0,-64.0,276.0,,-453.0,593.0,1223.0,93.0,671.0
112.0,267.0,-36.0,-79.0,,-477.0,752.0,1141.0,-769.0,782.0
53.0,183.0,-72.0,-173.0,,-210.0,789.0,1001.0,-694.0,912.0
-6.0,-378.0,-20.0,79.0,,-287.0,681.0,1010.0,-466.0,859.0
-42.0,-889.0,28.0,294.0,,-588.0,498.0,857.0,-308.0,883.0
-58.0,-1053.0,24.0,516.0,,-528.0,419.0,844.0,-321.0,931.0
-43.0,-350.0,41.0,571.0,,-229.0,361.0,746.0,-621.0,866.0
-39.0,44.0,7.0,482.0,,-241.0,202.0,761.0,-313.0,680.0
-48.0,491.0,41.0,487.0,,-601.0,44.0,877.0,-53.0,533.0
-48.0,1090.0,101.0,472.0,,-501.0,-76.0,870.0,717.0,442.0
-48.0,1281.0,137.0,270.0,,-114.0,-162.0,1025.0,180.0,267.0
-61.0,1411.0,229.0,62.0,,-157.0,-194.0,885.0,-454.0,128.0
-82.0,1221.0,256.0,-55.0,,-475.0,-202.0,768.0,-530.0,61.0
-115.0,909.0,268.0,-193.0,,-490.0,-149.0,615.0,-502.0,17.0
-136.0,687.0,325.0,-186.0,,-189.0,24.0,378.0,333.0,-73.0
-116.0,683.0,314.0,-85.0,,-260.0,188.0,312.0,-42.0,-85.0
-63.0,387.0,269.0,45.0,,-624.0,245.0,197.0,-379.0,-139.0
-8.0,-143.0,291.0,356.0,,-498.0,254.0,323.0,-462.0,-252.0
32.0,-628.0,221.0,598.0,,90.0,224.0,321.0,-238.0,-198.0
80.0,-1121.0,186.0,621.0,,191.0,141.0,343.0,307.0,-174.0
124.0,-1322.0,209.0,679.0,,-246.0,52.0,412.0,-80.0,-217.0
174.0,-1774.0,124.0,763.0,,-420.0,19.0,426.0,-521.0,-199.0
205.0,-1623.0,142.0,442.0,,-346.0,46.0,522.0,-740.0,-168.0
203.0,-1090.0,192.0,8.0,,-213.0,135.0,393.0,-430.0,-272.0
162.0,-1010.0,172.0,-74.0,,-280.0,268.0,456.0,270.0,-337.0
146.0,-785.0,158.0,-121.0,,-430.0,359.0,419.0,201.0,-371.0
160.0,-323.0,158.0,-62.0,,-367.0,381.0,303.0,-596.0,-520.0
118.0,230.0,108.0,73.0,,-505.0,439.0,253.0,-707.0,-565.0
105.0,399.0,80.0,134.0,,-582.0,532.0,72.0,-24.0,-516.0
93.0,441.0,81.0,186.0,,-401.0,546.0,49.0,668.0,-485.0
90.0,571.0,43.0,157.0,,-343.0,481.0,-97.0,711.0,-594.0
99.0,577.0,4.0,266.0,,-507.0,406.0,-79.0,284.0,-694.0
124.0,405.0,-15.0,363.0,,-675.0,389.0,9.0,-41.0,-715.0
201.0,394.0,-18.0,202.0,,-340.0,377.0,107.0,69.0,-763.0
259.0,449.0,-10.0,-10.0,,40.0,330.0,334.0,568.0,-823.0
351.0,618.0,15.0,-343.0,,-356.0,336.0,376.0,427.0,-867.0
411.0,549.0,25.0,-731.0,,-669.0,264.0,578.0,-150.0,-819.0
431.0,0.0,83.0,-645.0,,-60.0,104.0,615.0,-799.0,-744.0
438.0,-15.0,116.0,-266.0,,517.0,-115.0,570.0,-335.0,-559.0
438.0,-481.0,84.0,-121.0,,342.0,-390.0,491.0,630.0,-421.0
427.0,-1074.0,56.0,-173.0,,-178.0,-543.0,249.0,320.0,-338.0
336.0,-885.0,45.0,-305.0,,-110.0,-631.0,177.0,-98.0,-209.0
245.0,-532.0,16.0,-400.0,,388.0,-586.0,42.0,-36.0,-75.0
152.0,-373.0,-41.0,-268.0,,202.0,-464.0,114.0,500.0,71.0
89.0,-383.0,-44.0,85.0,,-58.0,-380.0,147.0,702.0,157.0
37.0,334.0,-45.0,271.0,,225.0,-211.0,201.0,265.0,227.0
-8.0,733.0,-66.0,358.0,,420.0,-54.0,391.0,-402.0,202.0
-3.0,499.0,-82.0,550.0,,252.0,37.0,380.0,-885.0,378.0
33.0,921.0,-37.0,544.0,,10.0,65.0,485.0,-277.0,541.0
80.0,1359.0,-23.0,454.0,,25.0,-36.0,406.0,-43.0,442.0
82.0,1176.0,-42.0,366.0,,18.0,-204.0,360.0,-391.0,466.0
60.0,983.0,-19.0,132.0,,-492.0,-334.0,293.0,-519.0,579.0
8.0,1008.0,-84.0,-115.0,,-726.0,-492.0,40.0,-615.0,574.0
-18.0,312.0,-124.0,-169.0,,-275.0,-607.0,-125.0,-54.0,449.0
-39.0,-630.0,-135.0,-2.0,,-138.0,-592.0,-448.0,299.0,499.0
-48.0,-989.0,-192.0,93.0,,-400.0,-478.0,-576.0,-62.0,425.0
-30.0,-1011.0,-202.0,-13.0,,-703.0,-247.0,-683.0,-646.0,257.0
-3.0,-480.0,-195.0,-141.0,,-521.0,-56.0,-670.0,-387.0,322.0
36.0,-452.0,-212.0,-278.0,,-66.0,107.0,-500.0,417.0,320.0
57.0,-823.0,-264.0,-415.0,,-378.0,296.0,-428.0,593.0,122.0
97.0,-723.0,-240.0,-430.0,,-667.0,406.0,-253.0,839.0,0.0
109.0,-860.0,-185.0,-348.0,,-200.0,464.0,-328.0,329.0,81.0
133.0,-980.0,-167.0,-202.0,,-18.0,446.0,-280.0,-131.0,-26.0
129.0,-818.0,-88.0,-152.0,,-505.0,434.0,-236.0,386.0,-202.0
58.0,-434.0,-59.0,-256.0,,-607.0,490.0,-288.0,710.0,-204.0
-11.0,-84.0,-77.0,-204.0,,-238.0,444.0,-232.0,636.0,-210.0
-54.0,148.0,-49.0,-2.0,,11.0,350.0,-321.0,-60.0,-344.0
-100.0,407.0,-24.0,190.0,,18.0,317.0,-266.0,-344.0,-344.0
-150.0,530.0,-13.0,365.0,,-68.0,278.0,-423.0,-1.0,-277.0
-158.0,536.0,30.0,379.0,,259.0,210.0,-463.0,199.0,-455.0
-189.0,969.0,-20.0,420.0,,407.0,40.0,-345.0,-61.0,-550.0
-185.0,1421.0,-61.0,294.0,,121.0,-176.0,-312.0,-694.0,-532.0
-186.0,903.0,-51.0,-176.0,,68.0,-289.0,-127.0,-750.0,-525.0
-190.0,1137.0,-56.0,-485.0,,93.0,-402.0,-225.0,-93.0,-583.0
-182.0,1243.0,2.0,-741.0,,150.0,-481.0,-245.0,606.0,-535.0
-175.0,-4.0,-11.0,-818.0,,-39.0,-482.0,-376.0,486.0,-435.0
-168.0,-631.0,-7.0,-667.0,,-333.0,-529.0,-613.0,-43.0,-484.0
-195.0,-343.0,-49.0,-568.0,,102.0,-440.0,-691.0,-82.0,-392.0
-167.0,-380.0,-67.0,-266.0,,340.0,-283.0,-779.0,556.0,-273.0
-127.0,-1325.0,13.0,181.0,,-359.0,-237.0,-628.0,755.0,-265.0
-73.0,-1201.0,30.0,421.0,,-583.0,-230.0,-628.0,63.0,-321.0
-22.0,-540.0,53.0,502.0,,-67.0,-236.0,-519.0,-353.0,-328.0
9.0,-306.0,72.0,584.0,,57.0,-219.0,-388.0,-388.0,-299.0
61.0,-37.0,95.0,552.0,,-226.0,-283.0,-356.0,-168.0,-374.0
145.0,243.0,79.0,494.0,,-313.0,-352.0,-229.0,-231.0,-439.0
225.0,634.0,82.0,427.0,,27.0,-346.0,-315.0,-384.0,-490.0
297.0,627.0,64.0,304.0,,114.0,-345.0,-273.0,-872.0,-455.0
410.0,987.0,29.0,217.0,,-186.0,-415.0,-339.0,-1052.0,-321.0
514.0,925.0,34.0,81.0,,-221.0,-494.0,-419.0,-205.0,-283.0
559.0,607.0,-45.0,-212.0,,-223.0,-461.0,-519.0,19.0,-157.0
528.0,593.0,-100.0,-646.0,,-294.0,-532.0,-757.0,-213.0,67.0
505.0,339.0,-108.0,-928.0,,-480.0,-643.0,-824.0,-504.0,115.0
445.0,50.0,-150.0,-871.0,,-595.0,-611.0,-984.0,-252.0,178.0
346.0,-582.0,-142.0,-799.0,,-352.0,-579.0,-820.0,310.0,329.0
270.0,-732.0,-113.0,-750.0,,-510.0,-567.0,-611.0,528.0,349.0
207.0,-657.0,-116.0,-570.0,,-885.0,-558.0,-480.0,230.0,241.0
164.0,-823.0,-108.0,-507.0,,-574.0,-534.0,-273.0,-419.0,267.0
132.0,-253.0,-82.0,-433.0,,-1.0,-486.0,-319.0,-487.0,354.0
123.0,-58.0,-63.0,-239.0,,-98.0,-481.0,-140.0,-152.0,298.0
95.0,-85.0,-43.0,-110.0,,-571.0,-456.0,-90.0,426.0,319.0
65.0,438.0,0.0,38.0,,-386.0,-370.0,-173.0,77.0,362.0
51.0,75.0,14.0,169.0,,194.0,-342.0,-291.0,-565.0,312.0
55.0,143.0,48.0,194.0,,125.0,-373.0,-633.0,-391.0,217.0
63.0,169.0,96.0,0.0,,-427.0,-339.0,-820.0,-104.0,182.0
71.0,-189.0,113.0,-182.0,,-567.0,-246.0,-1008.0,5.0,217.0
83.0,-165.0,151.0,9.0,,-421.0,-144.0,-984.0,-441.0,80.0
112.0,-438.0,203.0,104.0,,-532.0,-148.0,-984.0,-943.0,-41.0
163.0,-279.0,203.0,-84.0,,-747.0,-230.0,-1019.0,-1048.0,-128.0
199.0,-746.0,185.0,-180.0,,-500.0,-226.0,-982.0,-469.0,-230.0
222.0,-924.0,188.0,-58.0,,130.0,-238.0,-1082.0,33.0,-278.0
245.0,-795.0,115.0,31.0,,123.0,-293.0,-1023.0,-185.0,-402.0
282.0,-720.0,16.0,70.0,,-143.0,-338.0,-1213.0,-460.0,-466.0
288.0,-43.0,-33.0,165.0,,8.0,-368.0,-1280.0,-355.0,-575.0
278.0,591.0,-117.0,230.0,,87.0,-326.0,-1197.0,195.0,-635.0
271.0,897.0,-221.0,500.0,,-4.0,-306.0,-1202.0,529.0,-617.0
262.0,337.0,-247.0,885.0,,-406.0,-319.0,-997.0,438.0,-660.0
248.0,508.0,-276.0,929.0,,-502.0,-303.0,-914.0,-121.0,-672.0
229.0,769.0,-279.0,598.0,,-98.0,-338.0,-722.0,-316.0,-733.0
206.0,214.0,-245.0,290.0,,-290.0,-410.0,-654.0,248.0,-662.0
186.0,-145.0,-230.0,-7.0,,-400.0,-507.0,-639.0,370.0,-613.0
159.0,71.0,-241.0,-346.0,,-10.0,-621.0,-633.0,-270.0,-663.0
123.0,67.0,-233.0,-549.0,,147.0,-623.0,-776.0,-850.0,-720.0
121.0,-419.0,-160.0,-589.0,,23.0,-577.0,-713.0,-570.0,-798.0
96.0,-543.0,-148.0,-642.0,,-243.0,-569.0,-835.0,-39.0,-676.0
74.0,-561.0,-114.0,-746.0,,19.0,-509.0,-892.0,332.0,-608.0
40.0,-464.0,-76.0,-655.0,,97.0,-384.0,-888.0,279.0,-658.0
7.0,-466.0,-57.0,-627.0,,-260.0,-262.0,-936.0,-19.0,-651.0
1.0,208.0,-6.0,-603.0,,-249.0,-204.0,-979.0,135.0,-590.0
0.0,392.0,61.0,-484.0,,-365.0,-291.0,-1095.0,472.0,-492.0
0.0,-2.0,163.0,-443.0,,-394.0,-495.0,-951.0,868.0,-484.0
-27.0,387.0,225.0,-304.0,,-463.0,-681.0,-946.0,504.0,-563.0
-29.0,190.0,327.0,-247.0,,-726.0,-833.0,-936.0,-210.0,-605.0
-20.0,84.0,355.0,-415.0,,-553.0,-883.0,-897.0,-73.0,-589.0
-7.0,88.0,301.0,-481.0,,-146.0,-828.0,-934.0,316.0,-621.0
1.0,-322.0,279.0,-327.0,,-483.0,-741.0,-770.0,417.0,-649.0
14.0,-468.0,201.0,-245.0,,-980.0,-531.0,-753.0,187.0,-658.0
19.0,-530.0,150.0,-184.0,,-460.0,-349.0,-655.0,-97.0,-704.0
-12.0,-597.0,111.0,93.0,,-121.0,-275.0,-548.0,-340.0,-674.0
-42.0,-818.0,75.0,304.0,,-377.0,-102.0,-448.0,-50.0,-583.0
-55.0,-809.0,54.0,305.0,,-375.0,59.0,-354.0,336.0,-617.0
-48.0,-950.0,7.0,116.0,,-262.0,77.0,-469.0,-377.0,-668.0
-42.0,-1389.0,61.0,-235.0,,-13.0,95.0,-556.0,-856.0,-609.0
-43.0,-669.0,76.0,-490.0,,160.0,127.0,-822.0,-740.0,-533.0
-54.0,-253.0,57.0,-456.0,,-383.0,145.0,-921.0,-374.0,-449.0
-79.0,-255.0,109.0,-193.0,,-410.0,174.0,-1019.0,38.0,-390.0
-115.0,523.0,92.0,65.0,,440.0,194.0,-1140.0,-269.0,-265.0
-133.0,735.0,69.0,239.0,,251.0,161.0,-1038.0,-549.0,-251.0
-129.0,1110.0,40.0,175.0,,-333.0,28.0,-1034.0,-287.0,-271.0
-103.0,1137.0,23.0,-20.0,,33.0,-201.0,-779.0,558.0,-187.0
-90.0,521.0,25.0,-104.0,,290.0,-377.0,-692.0,873.0,-239.0
-89.0,450.0,30.0,-113.0,,106.0,-441.0,-650.0,774.0,-261.0
-107.0,90.0,80.0,50.0,,62.0,-562.0,-580.0,671.0,-344.0
-139.0,-78.0,87.0,142.0,,145.0,-652.0,-650.0,369.0,-402.0
-165.0,121.0,103.0,103.0,,391.0,-645.0,-509.0,642.0,-452.0
-220.0,43.0,134.0,122.0,,425.0,-668.0,-587.0,807.0,-585.0
-236.0,73.0,117.0,-74.0,,189.0,-672.0,-545.0,457.0,-664.0
-226.0,421.0,115.0,-321.0,,364.0,-634.0,-506.0,-310.0,-720.0
-244.0,397.0,107.0,-475.0,,655.0,-615.0,-589.0,-219.0,-687.0
-264.0,41.0,48.0,-557.0,,381.0,-549.0,-646.0,243.0,-681.0
-245.0,464.0,47.0,-564.0,,330.0,-433.0,-761.0,170.0,-610.0
-215.0,879.0,43.0,-702.0,,699.0,-457.0,-569.0,48.0,-564.0
-222.0,572.0,-9.0,-722.0,,517.0,-541.0,-522.0,-256.0,-576.0
-191.0,709.0,-9.0,-695.0,,458.0,-568.0,-434.0,279.0,-580.0
-142.0,1056.0,-43.0,-768.0,,603.0,-570.0,-314.0,682.0,-591.0
-88.0,109.0,-43.0,-918.0,,457.0,-495.0,-432.0,710.0,-668.0
-76.0,-501.0,-11.0,-1047.0,,853.0,-358.0,-561.0,450.0,-809.0
-78.0,-83.0,-30.0,-862.0,,986.0,-185.0,-851.0,-269.0,-818.0
-30.0,-712.0,9.0,-669.0,,155.0,-12.0,-934.0,-281.0,-881.0
-16.0,-1074.0,56.0,-614.0,,6.0,23.0,-938.0,-137.0,-953.0
-21.0,-558.0,54.0,-448.0,,545.0,-8.0,-846.0,-238.0,-947.0
-40.0,-326.0,87.0,-166.0,,419.0,0.0,-703.0,-575.0,-822.0
13.0,22.0,79.0,110.0,,198.0,-39.0,-731.0,-808.0,-722.0
83.0,289.0,-4.0,307.0,,549.0,-124.0,-670.0,-566.0,-670.0
102.0,415.0,-27.0,254.0,,500.0,-316.0,-873.0,21.0,-513.0
114.0,672.0,-59.0,34.0,,220.0,-544.0,-896.0,103.0,-345.0
121.0,162.0,-69.0,16.0,,571.0,-693.0,-835.0,-351.0,-147.0
168.0,-605.0,-9.0,122.0,,584.0,-837.0,-849.0,-632.0,-50.0
168.0,-524.0,-9.0,141.0,,301.0,-892.0,-644.0,-779.0,68.0
147.0,-385.0,-9.0,0.0,,158.0,-870.0,-637.0,-498.0,156.0
130.0,-582.0,41.0,-276.0,,-55.0,-841.0,-563.0,-255.0,224.0
137.0,-601.0,53.0,-467.0,,509.0,-743.0,-609.0,-311.0,403.0
126.0,-297.0,33.0,-262.0,,920.0,-639.0,-613.0,-646.0,497.0
97.0,-454.0,0.0,216.0,,336.0,-547.0,-598.0,-450.0,509.0
94.0,-630.0,-62.0,426.0,,282.0,-445.0,-812.0,153.0,518.0
97.0,-283.0,-146.0,310.0,,794.0,-403.0,-866.0,226.0,686.0
135.0,-41.0,-189.0,139.0,,985.0,-413.0,-1047.0,369.0,719.0
163.0,-243.0,-172.0,-24.0,,927.0,-437.0,-1031.0,455.0,556.0
192.0,-169.0,-190.0,-120.0,,778.0,-425.0,-921.0,390.0,621.0
176.0,855.0,-144.0,-82.0,,381.0,-336.0,-831.0,348.0,634.0
177.0,1102.0,-88.0,-41.0,,233.0,-261.0,-600.0,513.0,357.0
149.0,522.0,-31.0,36.0,,502.0,-199.0,-497.0,279.0,171.0
73.0,733.0,13.0,51.0,,120.0,-109.0,-332.0,-91.0,66.0
49.0,1151.0,10.0,-166.0,,40.0,-32.0,-327.0,68.0,-218.0
19.0,515.0,55.0,-370.0,,588.0,34.0,-256.0,90.0,-360.0
-23.0,26.0,52.0,-465.0,,377.0,0.0,-247.0,179.0,-325.0
-100.0,115.0,51.0,-450.0,,521.0,-140.0,-376.0,121.0,-415.0
-122.0,-172.0,35.0,-461.0,,1016.0,-257.0,-397.0,-280.0,-575.0
-152.0,-429.0,21.0,-426.0,,790.0,-360.0,-537.0,-174.0,-560.0
-210.0,-788.0,-19.0,-167.0,,588.0,-440.0,-408.0,198.0,-375.0
-243.0,-423.0,-22.0,44.0,,562.0,-436.0,-375.0,-17.0,-323.0
-284.0,-107.0,0.0,195.0,,788.0,-373.0,-378.0,-159.0,-326.0
-304.0,-374.0,-15.0,249.0,,1228.0,-311.0,-277.0,-369.0,-265.0
-313.0,-128.0,0.0,86.0,,870.0,-227.0,-373.0,-542.0,-247.0
-290.0,-104.0,7.0,-117.0,,103.0,-183.0,-325.0,-181.0,-214.0
-261.0,-113.0,38.0,-222.0,,696.0,-190.0,-426.0,-121.0,-133.0
-211.0,2.0,11.0,-349.0,,1372.0,-180.0,-437.0,-342.0,-130.0
-166.0,209.0,16.0,-495.0,,751.0,-229.0,-524.0,-758.0,-157.0
-129.0,291.0,11.0,-629.0,,773.0,-281.0,-781.0,-631.0,-89.0
-103.0,-40.0,-14.0,-750.0,,550.0,-284.0,-873.0,-128.0,41.0
-72.0,-111.0,29.0,-498.0,,-203.0,-298.0,-1091.0,-158.0,237.0
-43.0,383.0,68.0,-233.0,,753.0,-342.0,-982.0,-376.0,373.0
-66.0,645.0,107.0,-224.0,,1328.0,-319.0,-866.0,-508.0,403.0
-55.0,132.0,143.0,-234.0,,208.0,-210.0,-766.0,-265.0,522.0
-21.0,-65.0,162.0,-155.0,,147.0,-173.0,-576.0,200.0,636.0
12.0,324.0,184.0,69.0,,656.0,-184.0,-541.0,396.0,635.0
56.0,403.0,228.0,-66.0,,-237.0,-162.0,-376.0,56.0,613.0
141.0,75.0,210.0,-299.0,,171.0,-138.0,-334.0,-276.0,550.0
208.0,265.0,232.0,-261.0,,1166.0,-136.0,-197.0,-271.0,501.0
213.0,278.0,247.0,-80.0,,-598.0,-149.0,-171.0,-13.0,431.0
239.0,-8.0,165.0,349.0,,-932.0,-180.0,-205.0,297.0,329.0
264.0,167.0,196.0,725.0,,848.0,-176.0,-260.0,301.0,256.0
249.0,-199.0,218.0,657.0,,409.0,-141.0,-513.0,157.0,156.0
227.0,-472.0,219.0,341.0,,-166.0,-166.0,-454.0,-63.0,192.0
216.0,-302.0,269.0,281.0,,476.0,-152.0,-495.0,121.0,270.0
220.0,72.0,252.0,245.0,,236.0,-59.0,-452.0,679.0,265.0
203.0,222.0,287.0,-135.0,,473.0,3.0,-406.0,585.0,277.0
197.0,-383.0,335.0,-407.0,,1267.0,68.0,-441.0,48.0,356.0
217.0,-920.0,337.0,-418.0,,139.0,162.0,-230.0,-174.0,401.0
197.0,-966.0,385.0,-279.0,,-184.0,250.0,-101.0,-230.0,370.0
205.0,-444.0,419.0,78.0,,1108.0,343.0,175.0,-97.0,449.0
203.0,-132.0,408.0,276.0,,427.0,391.0,203.0,-83.0,404.0
231.0,-16.0,444.0,328.0,,200.0,422.0,140.0,-343.0,294.0
271.0,280.0,462.0,242.0,,1057.0,437.0,105.0,-347.0,320.0
256.0,561.0,503.0,98.0,,187.0,391.0,-205.0,110.0,235.0
251.0,878.0,525.0,77.0,,645.0,295.0,-225.0,538.0,170.0
253.0,958.0,486.0,-113.0,,2086.0,203.0,-273.0,291.0,243.0
304.0,802.0,465.0,-258.0,,635.0,152.0,-304.0,67.0,360.0
325.0,822.0,396.0,-305.0,,-175.0,73.0,-345.0,181.0,471.0
381.0,1110.0,417.0,-360.0,,1194.0,-63.0,-391.0,483.0,583.0
442.0,1028.0,394.0,-159.0,,670.0,-238.0,-192.0,506.0,697.0
472.0,533.0,289.0,137.0,,291.0,-331.0,-164.0,219.0,817.0
490.0,119.0,268.0,287.0,,1166.0,-345.0,-60.0,112.0,896.0
450.0,40.0,251.0,373.0,,-605.0,-339.0,-57.0,93.0,908.0
413.0,-66.0,246.0,215.0,,-1049.0,-321.0,-40.0,210.0,897.0
385.0,-514.0,275.0,62.0,,1500.0,-320.0,-7.0,121.0,781.0
422.0,-569.0,286.0,24.0,,807.0,-239.0,-173.0,200.0,716.0
412.0,-179.0,246.0,34.0,,-348.0,-154.0,-88.0,-208.0,711.0
379.0,148.0,231.0,244.0,,922.0,-50.0,-18.0,-655.0,602.0
381.0,328.0,208.0,304.0,,300.0,61.0,182.0,-179.0,414.0
388.0,159.0,161.0,57.0,,-305.0,147.0,275.0,143.0,379.0
362.0,-179.0,179.0,-287.0,,921.0,285.0,162.0,57.0,411.0
315.0,-329.0,214.0,-449.0,,-102.0,341.0,153.0,-408.0,254.0
343.0,-240.0,227.0,-504.0,,-1111.0,333.0,75.0,-410.0,213.0
348.0,-164.0,253.0,-468.0,,426.0,344.0,110.0,-229.0,260.0
337.0,-240.0,222.0,-494.0,,367.0,333.0,-9.0,-46.0,220.0
298.0,-260.0,190.0,-669.0,,350.0,221.0,-44.0,201.0,207.0
236.0,-451.0,141.0,-664.0,,900.0,70.0,-46.0,250.0,293.0
177.0,-707.0,89.0,-432.0,,-484.0,-45.0,-110.0,484.0,317.0
118.0,-709.0,98.0,-419.0,,254.0,-204.0,-60.0,573.0,312.0
86.0,-609.0,100.0,-404.0,,1715.0,-369.0,-64.0,779.0,424.0
69.0,-653.0,120.0,70.0,,-122.0,-395.0,227.0,544.0,463.0
88.0,-525.0,81.0,535.0,,-390.0,-199.0,336.0,47.0,513.0
68.0,-271.0,96.0,757.0,,1199.0,70.0,352.0,-293.0,606.0
30.0,-477.0,105.0,751.0,,-122.0,360.0,314.0,-240.0,696.0
4.0,-384.0,136.0,681.0,,294.0,584.0,14.0,190.0,760.0
1.0,-118.0,239.0,538.0,,1999.0,647.0,0.0,213.0,751.0
-15.0,-305.0,292.0,494.0,,-455.0,626.0,-12.0,365.0,752.0
-79.0,-436.0,389.0,644.0,,-565.0,534.0,92.0,278.0,723.0
-91.0,-336.0,410.0,624.0,,1763.0,449.0,171.0,188.0,705.0
-144.0,-147.0,461.0,428.0,,5.0,392.0,175.0,236.0,791.0
-194.0,-203.0,492.0,253.0,,-566.0,302.0,195.0,146.0,811.0
-178.0,-165.0,506.0,19.0,,1496.0,202.0,-3.0,-132.0,698.0
-156.0,181.0,511.0,-180.0,,0.0,169.0,-53.0,-560.0,658.0
-121.0,586.0,523.0,-84.0,,-349.0,191.0,-103.0,-243.0,672.0
-82.0,690.0,591.0,-213.0,,1777.0,257.0,48.0,-87.0,714.0
-35.0,406.0,575.0,-411.0,,-289.0,357.0,271.0,-335.0,761.0
-15.0,439.0,660.0,-119.0,,-700.0,409.0,284.0,-443.0,752.0
2.0,338.0,677.0,231.0,,1753.0,370.0,365.0,-432.0,675.0
0.0,36.0,680.0,394.0,,-208.0,289.0,218.0,-43.0,677.0
14.0,47.0,659.0,658.0,,-1003.0,292.0,118.0,214.0,744.0
98.0,-10.0,573.0,612.0,,1372.0,303.0,55.0,19.0,584.0
118.0,-201.0,513.0,233.0,,-149.0,323.0,29.0,-70.0,437.0
102.0,-303.0,491.0,62.0,,-982.0,395.0,127.0,-114.0,353.0
109.0,285.0,507.0,105.0,,1343.0,423.0,73.0,10.0,284.0
128.0,753.0,440.0,262.0,,-371.0,492.0,238.0,513.0,215.0
90.0,734.0,456.0,249.0,,-1251.0,570.0,297.0,356.0,33.0
-7.0,1256.0,392.0,64.0,,1525.0,627.0,291.0,-314.0,-65.0
-69.0,1600.0,335.0,-65.0,,-4.0,666.0,182.0,-521.0,-115.0
-130.0,1471.0,309.0,-83.0,,-1553.0,646.0,-153.0,7.0,-134.0
-163.0,1153.0,253.0,-55.0,,902.0,618.0,-208.0,287.0,-164.0
-233.0,674.0,223.0,193.0,,260.0,585.0,-169.0,35.0,-163.0
-315.0,73.0,151.0,200.0,,-866.0,578.0,112.0,-90.0,-89.0
-315.0,-444.0,131.0,-130.0,,1231.0,536.0,260.0,-204.0,-51.0
-331.0,-821.0,82.0,-207.0,,47.0,445.0,266.0,-16.0,86.0
-345.0,-1375.0,49.0,-169.0,,-1207.0,405.0,273.0,304.0,224.0
-368.0,-1637.0,28.0,24.0,,1220.0,377.0,77.0,349.0,217.0
-376.0,-1500.0,-24.0,168.0,,35.0,324.0,64.0,-44.0,220.0
-378.0,-1153.0,-41.0,196.0,,-1462.0,333.0,-120.0,-363.0,332.0
-379.0,-947.0,-31.0,152.0,,1160.0,362.0,-116.0,-221.0,378.0
-370.0,-1067.0,20.0,141.0,,450.0,338.0,16.0,-74.0,237.0
-380.0,-1064.0,72.0,366.0,,-854.0,336.0,81.0,-122.0,227.0
-347.0,-711.0,115.0,465.0,,1860.0,394.0,303.0,-459.0,306.0
-318.0,-419.0,167.0,411.0,,339.0,463.0,328.0,-749.0,167.0
-315.0,-476.0,173.0,314.0,,-1767.0,428.0,556.0,-561.0,108.0
-258.0,-684.0,244.0,68.0,,1505.0,355.0,678.0,-254.0,147.0
-179.0,-709.0,239.0,-214.0,,304.0,336.0,729.0,-106.0,61.0
-126.0,-106.0,197.0,-405.0,,-2048.0,357.0,820.0,-80.0,-14.0
-56.0,408.0,208.0,-422.0,,1373.0,409.0,766.0,-283.0,56.0
9.0,489.0,119.0,-269.0,,121.0,501.0,816.0,-108.0,135.0
64.0,519.0,125.0,-213.0,,-2278.0,621.0,545.0,-3.0,50.0
91.0,691.0,131.0,-25.0,,1621.0,635.0,312.0,-108.0,77.0
108.0,1098.0,102.0,558.0,,175.0,588.0,16.0,-166.0,170.0
144.0,1095.0,91.0,964.0,,-2360.0,546.0,-339.0,-432.0,112.0
163.0,962.0,66.0,885.0,,1669.0,470.0,-430.0,94.0,-26.0
141.0,1135.0,86.0,734.0,,-27.0,383.0,-450.0,726.0,-91.0
128.0,1090.0,107.0,722.0,,-2183.0,373.0,-168.0,506.0,-45.0
115.0,600.0,137.0,579.0,,1759.0,472.0,3.0,283.0,-149.0
58.0,-76.0,167.0,335.0,,-1222.0,540.0,173.0,480.0,-229.0
10.0,-478.0,234.0,180.0,,-3046.0,612.0,317.0,181.0,-191.0
-24.0,-679.0,319.0,-63.0,,2781.0,804.0,286.0,-4.0,-206.0
-8.0,-941.0,405.0,-321.0,,-99.0,987.0,334.0,121.0,-207.0
-10.0,-1093.0,496.0,-516.0,,-2613.0,1112.0,249.0,-534.0,-176.0
-2.0,-1130.0,544.0,-471.0,,2773.0,1198.0,291.0,-775.0,-100.0
13.0,-1209.0,579.0,-158.0,,-533.0,1137.0,181.0,-461.0,-94.0
4.0,-1073.0,572.0,-103.0,,-2550.0,1005.0,64.0,-121.0,-92.0
40.0,-909.0,520.0,-92.0,,2765.0,867.0,49.0,-196.0,-41.0
39.0,-1130.0,540.0,68.0,,-858.0,696.0,-48.0,-620.0,-78.0
13.0,-1253.0,545.0,173.0,,-2394.0,548.0,127.0,-785.0,-207.0
3.0,-1002.0,504.0,266.0,,3126.0,420.0,44.0,-267.0,-336.0
42.0,-552.0,487.0,312.0,,-185.0,280.0,-79.0,439.0,-332.0
58.0,-379.0,420.0,342.0,,-1913.0,104.0,-140.0,168.0,-306.0
34.0,-139.0,388.0,469.0,,2520.0,-26.0,-160.0,-114.0,-393.0
42.0,303.0,313.0,580.0,,-757.0,-65.0,81.0,32.0,-427.0
39.0,347.0,206.0,546.0,,-1788.0,-97.0,169.0,574.0,-266.0
-20.0,330.0,88.0,412.0,,2429.0,-100.0,393.0,669.0,-143.0
-37.0,188.0,-35.0,249.0,,-971.0,-32.0,533.0,334.0,-75.0
-13.0,1.0,-70.0,54.0,,-2053.0,35.0,641.0,62.0,103.0
-55.0,-22.0,-129.0,-383.0,,2045.0,113.0,851.0,-275.0,142.0
-72.0,219.0,-136.0,-778.0,,-591.0,199.0,992.0,104.0,123.0
-108.0,288.0,-173.0,-869.0,,-1744.0,312.0,1189.0,595.0,259.0
-149.0,13.0,-221.0,-757.0,,1863.0,436.0,1014.0,554.0,245.0
-188.0,77.0,-237.0,-410.0,,-321.0,481.0,724.0,-217.0,26.0
-221.0,174.0,-223.0,-124.0,,-1990.0,474.0,373.0,-395.0,-127.0
-214.0,133.0,-181.0,102.0,,1272.0,458.0,160.0,-76.0,-222.0
-208.0,-216.0,-197.0,423.0,,40.0,467.0,230.0,-189.0,-316.0
-179.0,-659.0,-156.0,750.0,,-1408.0,420.0,205.0,-179.0,-383.0
-161.0,-827.0,-166.0,900.0,,1243.0,326.0,245.0,-331.0,-408.0
-162.0,-802.0,-151.0,863.0,,-277.0,290.0,121.0,-204.0,-399.0
-200.0,-947.0,-134.0,771.0,,-1524.0,329.0,157.0,124.0,-314.0
-252.0,-1342.0,-172.0,597.0,,1542.0,395.0,258.0,321.0,-144.0
-300.0,-1614.0,-195.0,605.0,,377.0,402.0,295.0,319.0,-2.0
-327.0,-1971.0,-235.0,642.0,,-1258.0,402.0,511.0,34.0,107.0
-315.0,-1902.0,-206.0,551.0,,895.0,411.0,519.0,-383.0,144.0
-282.0,-1466.0,-234.0,463.0,,-296.0,381.0,587.0,-293.0,250.0
-246.0,-1137.0,-194.0,396.0,,-1318.0,345.0,485.0,254.0,342.0
-209.0,-777.0,-168.0,438.0,,637.0,300.0,424.0,-27.0,231.0
-171.0,-180.0,-156.0,254.0,,-796.0,241.0,574.0,-546.0,110.0
-202.0,335.0,-51.0,41.0,,-1350.0,277.0,559.0,-476.0,-35.0
-212.0,231.0,-74.0,-24.0,,855.0,357.0,646.0,-107.0,-138.0
-210.0,276.0,-18.0,-182.0,,-200.0,264.0,598.0,246.0,-250.0
-246.0,665.0,-11.0,-270.0,,-809.0,140.0,663.0,250.0,-361.0
-239.0,1086.0,-2.0,-239.0,,770.0,185.0,724.0,-135.0,-446.0
-212.0,1224.0,55.0,-357.0,,-15.0,199.0,655.0,-405.0,-492.0
-211.0,1247.0,63.0,-393.0,,-795.0,154.0,696.0,-100.0,-408.0
-202.0,1350.0,137.0,-123.0,,339.0,157.0,652.0,322.0,-398.0
-178.0,1079.0,152.0,-169.0,,319.0,123.0,831.0,508.0,-291.0
-175.0,861.0,159.0,-294.0,,-844.0,90.0,768.0,67.0,-134.0
-189.0,659.0,151.0,-231.0,,-492.0,112.0,502.0,-374.0,-50.0
-152.0,400.0,124.0,-107.0,,267.0,84.0,212.0,-16.0,88.0
-100.0,89.0,90.0,79.0,,-749.0,-38.0,-155.0,181.0,173.0
-114.0,-97.0,123.0,359.0,,-8.0,-248.0,-225.0,-65.0,164.0
-89.0,86.0,111.0,597.0,,1307.0,-402.0,-386.0,-601.0,114.0
-60.0,39.0,77.0,538.0,,-792.0,-454.0,-293.0,-810.0,93.0
-52.0,72.0,68.0,439.0,,-350.0,-532.0,-48.0,-390.0,32.0
-42.0,502.0,26.0,129.0,,1345.0,-509.0,234.0,-138.0,-41.0
-11.0,839.0,36.0,-269.0,,-989.0,-415.0,570.0,-386.0,-20.0
40.0,913.0,-17.0,-455.0,,-693.0,-394.0,570.0,-664.0,-17.0
84.0,946.0,-12.0,-402.0,,477.0,-414.0,766.0,-593.0,-111.0
165.0,1025.0,-17.0,-216.0,,-1589.0,-458.0,794.0,-352.0,-164.0
179.0,1106.0,-56.0,-46.0,,-167.0,-449.0,691.0,142.0,-161.0
177.0,950.0,-89.0,164.0,,1017.0,-366.0,578.0,19.0,-114.0
209.0,777.0,-114.0,152.0,,-1032.0,-242.0,295.0,-498.0,-97.0
217.0,707.0,-83.0,68.0,,367.0,-130.0,242.0,-278.0,-58.0
205.0,305.0,-147.0,75.0,,295.0,-10.0,131.0,9.0,57.0
210.0,-102.0,-185.0,-104.0,,-1862.0,182.0,83.0,18.0,76.0
193.0,-292.0,-258.0,-275.0,,355.0,333.0,-31.0,-98.0,178.0
135.0,-293.0,-361.0,-259.0,,354.0,374.0,-168.0,-424.0,234.0
117.0,-391.0,-372.0,-291.0,,-950.0,345.0,-240.0,-734.0,184.0
52.0,-287.0,-414.0,-662.0,,701.0,327.0,-367.0,-274.0,79.0
-1.0,64.0,-422.0,-787.0,,-327.0,302.0,-149.0,420.0,-7.0
-4.0,147.0,-400.0,-356.0,,-579.0,219.0,24.0,393.0,-14.0
-27.0,309.0,-377.0,114.0,,404.0,179.0,230.0,213.0,-209.0
-113.0,242.0,-399.0,435.0,,-931.0,140.0,349.0,262.0,-351.0
-230.0,19.0,-390.0,285.0,,-426.0,126.0,358.0,702.0,-498.0
-315.0,-138.0,-389.0,166.0,,-346.0,90.0,559.0,940.0,-587.0
-413.0,-203.0,-410.0,154.0,,-805.0,-76.0,624.0,496.0,-517.0
-496.0,-65.0,-348.0,181.0,,687.0,-224.0,774.0,95.0,-538.0
-486.0,-52.0,-333.0,425.0,,-452.0,-311.0,724.0,-119.0,-513.0
-454.0,5.0,-231.0,418.0,,-782.0,-362.0,554.0,117.0,-507.0
-417.0,158.0,-237.0,349.0,,445.0,-419.0,362.0,614.0,-348.0
-327.0,168.0,-197.0,289.0,,-1266.0,-448.0,99.0,514.0,-86.0
-298.0,-60.0,-127.0,312.0,,-189.0,-450.0,127.0,56.0,11.0
-290.0,-24.0,-148.0,389.0,,435.0,-453.0,144.0,-128.0,162.0
-262.0,155.0,-59.0,422.0,,-1820.0,-401.0,312.0,105.0,321.0
-240.0,-1.0,-62.0,374.0,,35.0,-349.0,354.0,168.0,470.0
-265.0,-134.0,-37.0,212.0,,-135.0,-317.0,258.0,-88.0,505.0
-315.0,-246.0,-86.0,99.0,,-1567.0,-313.0,312.0,-429.0,488.0
-290.0,-336.0,-29.0,-53.0,,910.0,-255.0,258.0,-723.0,484.0
-259.0,-356.0,-48.0,-20.0,,-103.0,-147.0,341.0,-453.0,303.0
-174.0,-216.0,-96.0,19.0,,-1160.0,-118.0,308.0,-113.0,329.0
-74.0,-41.0,-28.0,-137.0,,463.0,-135.0,303.0,-352.0,282.0
-11.0,-45.0,-119.0,-262.0,,-1009.0,-194.0,234.0,-887.0,44.0
59.0,-178.0,-134.0,-375.0,,-971.0,-282.0,81.0,-970.0,-63.0
99.0,-458.0,-204.0,-301.0,,398.0,-303.0,149.0,-575.0,-77.0
98.0,-531.0,-214.0,-182.0,,-603.0,-275.0,22.0,-404.0,3.0
83.0,-396.0,-224.0,-49.0,,-71.0,-278.0,42.0,-497.0,9.0
85.0,-157.0,-208.0,250.0,,248.0,-293.0,35.0,-645.0,44.0
64.0,133.0,-149.0,415.0,,-533.0,-298.0,-46.0,-535.0,36.0
39.0,215.0,-196.0,465.0,,23.0,-317.0,3.0,-80.0,26.0
4.0,29.0,-229.0,497.0,,-123.0,-383.0,-24.0,464.0,29.0
-14.0,-134.0,-264.0,432.0,,-551.0,-500.0,110.0,350.0,-44.0
4.0,-384.0,-290.0,297.0,,-795.0,-578.0,46.0,-106.0,-160.0
38.0,-748.0,-305.0,113.0,,-816.0,-583.0,-12.0,-3.0,-323.0
111.0,-721.0,-256.0,-41.0,,-92.0,-568.0,-59.0,366.0,-297.0
161.0,-786.0,-271.0,-62.0,,-127.0,-512.0,-92.0,625.0,-233.0
217.0,-863.0,-243.0,-189.0,,99.0,-396.0,79.0,302.0,-254.0
260.0,-821.0,-252.0,-275.0,,-112.0,-264.0,55.0,-99.0,-244.0
252.0,-934.0,-255.0,-121.0,,-563.0,-113.0,229.0,-141.0,-172.0
233.0,-861.0,-237.0,-35.0,,283.0,-8.0,293.0,-20.0,-69.0
236.0,-846.0,-302.0,-134.0,,-329.0,-9.0,229.0,383.0,-44.0
268.0,-929.0,-250.0,-246.0,,-795.0,0.0,240.0,496.0,-73.0
244.0,-1042.0,-287.0,-182.0,,-204.0,28.0,205.0,26.0,-44.0
217.0,-722.0,-296.0,-170.0,,-676.0,1.0,343.0,-276.0,-89.0
238.0,67.0,-297.0,42.0,,5.0,-46.0,293.0,196.0,-181.0
234.0,402.0,-317.0,435.0,,375.0,-65.0,336.0,509.0,-146.0
204.0,334.0,-284.0,458.0,,-221.0,-40.0,345.0,-63.0,-273.0
195.0,262.0,-303.0,252.0,,893.0,10.0,306.0,-347.0,-435.0
170.0,827.0,-301.0,24.0,,650.0,-26.0,341.0,-159.0,-465.0
161.0,1889.0,-299.0,-217.0,,31.0,-147.0,181.0,-83.0,-482.0
159.0,2583.0,-292.0,-417.0,,942.0,-239.0,291.0,22.0,-489.0
109.0,2835.0,-267.0,-485.0,,61.0,-270.0,367.0,-82.0,-505.0
90.0,2509.0,-246.0,-334.0,,84.0,-328.0,509.0,-293.0,-443.0
92.0,2016.0,-192.0,14.0,,795.0,-450.0,692.0,-385.0,-449.0
107.0,1499.0,-122.0,257.0,,-298.0,-517.0,642.0,-121.0,-447.0
77.0,850.0,-129.0,428.0,,121.0,-470.0,663.0,121.0,-423.0
44.0,267.0,-133.0,656.0,,388.0,-347.0,591.0,-118.0,-471.0
49.0,-384.0,-188.0,718.0,,-235.0,-258.0,587.0,-551.0,-375.0
-3.0,-369.0,-191.0,434.0,,542.0,-144.0,426.0,-813.0,-197.0
-58.0,-171.0,-189.0,184.0,,-169.0,-3.0,290.0,-103.0,-163.0
-111.0,-593.0,-196.0,98.0,,-1003.0,98.0,249.0,407.0,-147.0
-173.0,-986.0,-85.0,58.0,,146.0,219.0,81.0,59.0,79.0
-247.0,-1277.0,-113.0,208.0,,-90.0,269.0,249.0,18.0,150.0
-305.0,-1713.0,-76.0,252.0,,-226.0,274.0,314.0,171.0,135.0
-359.0,-2185.0,-39.0,159.0,,147.0,272.0,328.0,265.0,208.0
-419.0,-2169.0,-123.0,-64.0,,-950.0,211.0,334.0,503.0,150.0
-448.0,-2024.0,-80.0,-203.0,,-1051.0,149.0,354.0,556.0,130.0
-473.0,-1728.0,-73.0,-241.0,,-421.0,116.0,535.0,-206.0,103.0
-495.0,-985.0,-96.0,-273.0,,-296.0,38.0,469.0,-585.0,18.0
-461.0,-231.0,-58.0,-273.0,,-386.0,-76.0,465.0,333.0,-69.0
-376.0,282.0,-80.0,-338.0,,-1089.0,-171.0,267.0,896.0,-90.0
-384.0,683.0,-58.0,-288.0,,-1100.0,-264.0,103.0,380.0,-61.0
-336.0,1423.0,-15.0,-100.0,,-87.0,-403.0,88.0,-239.0,-97.0
-217.0,1831.0,-44.0,217.0,,499.0,-593.0,-5.0,-228.0,-135.0
-153.0,1697.0,-26.0,108.0,,401.0,-716.0,195.0,220.0,-166.0
-106.0,1180.0,-11.0,92.0,,301.0,-724.0,245.0,297.0,-159.0
-85.0,899.0,-54.0,220.0,,77.0,-665.0,325.0,179.0,-105.0
-30.0,966.0,-75.0,96.0,,-467.0,-598.0,249.0,-78.0,-104.0
-25.0,579.0,-59.0,315.0,,-324.0,-521.0,-14.0,-688.0,-170.0
-21.0,194.0,-30.0,468.0,,-27.0,-349.0,-51.0,-596.0,-291.0
-11.0,-134.0,-5.0,553.0,,-79.0,-160.0,-99.0,46.0,-345.0
-21.0,-205.0,0.0,345.0,,394.0,12.0,29.0,-71.0,-318.0
0.0,85.0,-33.0,36.0,,402.0,137.0,73.0,-927.0,-394.0
-32.0,784.0,-114.0,-29.0,,257.0,208.0,210.0,-1085.0,-529.0
-67.0,1374.0,-160.0,-108.0,,571.0,327.0,317.0,-449.0,-643.0
-68.0,1218.0,-129.0,-138.0,,144.0,365.0,317.0,-35.0,-658.0
-36.0,964.0,-98.0,-249.0,,-200.0,317.0,509.0,-135.0,-637.0
-44.0,168.0,-24.0,-243.0,,-104.0,289.0,452.0,-596.0,-651.0
-43.0,-964.0,62.0,-167.0,,-324.0,263.0,480.0,-465.0,-743.0
49.0,-1292.0,69.0,140.0,,-448.0,297.0,521.0,242.0,-763.0
139.0,-1134.0,69.0,384.0,,-302.0,316.0,593.0,729.0,-553.0
163.0,-1074.0,55.0,269.0,,-392.0,261.0,691.0,706.0,-433.0
190.0,-1113.0,18.0,163.0,,-373.0,180.0,617.0,315.0,-454.0
263.0,-882.0,0.0,51.0,,177.0,58.0,626.0,106.0,-485.0
297.0,-464.0,24.0,-2.0,,178.0,-39.0,351.0,553.0,-404.0
330.0,-201.0,59.0,0.0,,-395.0,-144.0,153.0,1023.0,-338.0
332.0,-80.0,58.0,24.0,,-763.0,-242.0,44.0,688.0,-311.0
315.0,-135.0,129.0,12.0,,-674.0,-246.0,-72.0,265.0,-261.0
349.0,-472.0,139.0,139.0,,-458.0,-188.0,-83.0,249.0,-334.0
336.0,-744.0,98.0,159.0,,-859.0,-144.0,-192.0,717.0,-221.0
284.0,-295.0,69.0,48.0,,-693.0,9.0,-11.0,1044.0,-97.0
262.0,281.0,-15.0,270.0,,121.0,285.0,147.0,524.0,-28.0
287.0,482.0,-83.0,415.0,,220.0,391.0,358.0,-49.0,-9.0
251.0,615.0,-72.0,326.0,,485.0,402.0,604.0,-129.0,-101.0
196.0,928.0,-6.0,40.0,,229.0,423.0,652.0,234.0,41.0
134.0,1023.0,34.0,-221.0,,-383.0,461.0,776.0,612.0,90.0
26.0,468.0,122.0,-263.0,,242.0,490.0,768.0,574.0,43.0
-41.0,-271.0,117.0,-258.0,,265.0,517.0,890.0,-86.0,47.0
-113.0,-1187.0,45.0,-14.0,,371.0,579.0,977.0,-250.0,112.0
-139.0,-1798.0,24.0,183.0,,703.0,592.0,881.0,588.0,142.0
-127.0,-1888.0,-2.0,196.0,,-77.0,591.0,635.0,809.0,218.0
-74.0,-1598.0,37.0,294.0,,233.0,478.0,101.0,441.0,358.0
-27.0,-1000.0,119.0,461.0,,770.0,323.0,-297.0,-223.0,326.0
-20.0,-498.0,175.0,730.0,,592.0,199.0,-598.0,-435.0,416.0
33.0,-165.0,146.0,857.0,,517.0,12.0,-532.0,98.0,370.0
69.0,206.0,179.0,734.0,,-260.0,-201.0,-206.0,263.0,299.0
53.0,571.0,155.0,662.0,,-144.0,-419.0,107.0,-41.0,236.0
55.0,889.0,16.0,602.0,,358.0,-523.0,567.0,-805.0,77.0
101.0,1629.0,-27.0,496.0,,-114.0,-558.0,788.0,-779.0,65.0
87.0,1739.0,-78.0,295.0,,7.0,-553.0,955.0,-182.0,39.0
56.0,1005.0,-116.0,-57.0,,-552.0,-458.0,942.0,130.0,-82.0
34.0,190.0,-128.0,-289.0,,-408.0,-350.0,857.0,147.0,-166.0
3.0,-598.0,-174.0,-246.0,,900.0,-225.0,822.0,-359.0,-68.0
-63.0,-1133.0,-172.0,-150.0,,467.0,-111.0,559.0,-362.0,-155.0
-126.0,-1835.0,-162.0,-197.0,,436.0,-18.0,354.0,91.0,-309.0
-112.0,-2467.0,-184.0,-235.0,,242.0,128.0,3.0,185.0,-333.0
-80.0,-2254.0,-162.0,-264.0,,-440.0,284.0,-101.0,-292.0,-365.0
-50.0,-861.0,-172.0,-267.0,,763.0,350.0,-101.0,-758.0,-449.0
-70.0,544.0,-156.0,-151.0,,866.0,405.0,-168.0,-812.0,-519.0
-39.0,1198.0,-79.0,-58.0,,-89.0,452.0,-22.0,-403.0,-497.0
-3.0,1577.0,52.0,65.0,,109.0,516.0,-99.0,199.0,-576.0
-29.0,1660.0,216.0,159.0,,-402.0,630.0,-70.0,238.0,-587.0
-71.0,1839.0,289.0,204.0,,-81.0,710.0,-31.0,-74.0,-458.0
-106.0,1845.0,374.0,235.0,,1047.0,771.0,151.0,-107.0,-422.0
-50.0,1154.0,342.0,134.0,,223.0,729.0,445.0,515.0,-441.0
-38.0,594.0,308.0,159.0,,52.0,596.0,517.0,947.0,-299.0
-80.0,519.0,291.0,192.0,,434.0,421.0,635.0,470.0,-163.0
-97.0,448.0,195.0,98.0,,323.0,256.0,452.0,-90.0,-127.0
-79.0,201.0,268.0,133.0,,983.0,155.0,245.0,-86.0,-50.0
-65.0,-262.0,293.0,82.0,,464.0,53.0,-64.0,589.0,-85.0
-88.0,-498.0,325.0,24.0,,-239.0,-78.0,-323.0,873.0,-133.0
-71.0,-690.0,377.0,91.0,,85.0,-171.0,-227.0,119.0,-43.0
-57.0,-687.0,365.0,63.0,,187.0,-193.0,-181.0,-284.0,26.0
-36.0,-37.0,355.0,149.0,,730.0,-278.0,9.0,-172.0,9.0
-36.0,350.0,365.0,314.0,,738.0,-302.0,60.0,97.0,-49.0
-97.0,795.0,407.0,380.0,,400.0,-227.0,236.0,541.0,-33.0
-113.0,1495.0,420.0,433.0,,563.0,-202.0,491.0,567.0,33.0
-126.0,1640.0,514.0,190.0,,505.0,-208.0,626.0,37.0,17.0
-150.0,1357.0,512.0,-34.0,,1172.0,-233.0,772.0,-238.0,-83.0
-175.0,1099.0,476.0,17.0,,1102.0,-225.0,559.0,246.0,-180.0
-175.0,949.0,459.0,-7.0,,19.0,-215.0,476.0,192.0,-216.0
-163.0,586.0,397.0,-8.0,,-45.0,-271.0,315.0,-599.0,-223.0
-217.0,-414.0,337.0,-7.0,,-162.0,-352.0,123.0,-1233.0,-202.0
-241.0,-1152.0,232.0,27.0,,185.0,-352.0,72.0,-1160.0,-274.0
-241.0,-1197.0,179.0,66.0,,649.0,-315.0,-144.0,-706.0,-277.0
-207.0,-1533.0,166.0,198.0,,42.0,-305.0,-145.0,-585.0,-206.0
-164.0,-1727.0,231.0,245.0,,367.0,-259.0,-286.0,-712.0,-182.0
-159.0,-1820.0,267.0,-14.0,,653.0,-241.0,-345.0,-887.0,-127.0
-144.0,-1648.0,290.0,-91.0,,342.0,-288.0,-205.0,-606.0,-86.0
-134.0,-947.0,292.0,-113.0,,642.0,-299.0,-94.0,-121.0,-47.0
-132.0,-280.0,201.0,-121.0,,96.0,-356.0,112.0,302.0,-28.0
-173.0,240.0,135.0,124.0,,-246.0,-461.0,182.0,161.0,76.0
-172.0,792.0,42.0,350.0,,35.0,-463.0,382.0,-124.0,22.0
-140.0,1382.0,-46.0,274.0,,-532.0,-438.0,430.0,88.0,-108.0
-140.0,1553.0,-3.0,282.0,,-437.0,-384.0,351.0,332.0,-105.0
-167.0,2011.0,112.0,416.0,,-169.0,-331.0,149.0,385.0,-130.0
-177.0,2015.0,156.0,432.0,,-346.0,-312.0,-260.0,-97.0,-174.0
-154.0,1419.0,180.0,457.0,,111.0,-272.0,-537.0,-495.0,-141.0
-182.0,1295.0,196.0,367.0,,253.0,-216.0,-957.0,-454.0,22.0
-186.0,1070.0,201.0,214.0,,327.0,-196.0,-1117.0,-8.0,59.0
-165.0,679.0,198.0,33.0,,494.0,-280.0,-1141.0,221.0,114.0
-151.0,258.0,226.0,-67.0,,336.0,-305.0,-958.0,66.0,329.0
-193.0,-144.0,263.0,-76.0,,585.0,-186.0,-456.0,-470.0,464.0
-207.0,-199.0,235.0,-94.0,,545.0,12.0,-77.0,-730.0,486.0
-158.0,-9.0,234.0,-13.0,,7.0,229.0,428.0,79.0,594.0
-170.0,-58.0,162.0,77.0,,191.0,434.0,563.0,158.0,780.0
-152.0,176.0,112.0,157.0,,899.0,497.0,561.0,-328.0,824.0
-116.0,587.0,89.0,263.0,,1070.0,358.0,467.0,-718.0,788.0
-83.0,968.0,47.0,256.0,,662.0,202.0,145.0,-553.0,752.0
-68.0,1052.0,29.0,142.0,,604.0,80.0,25.0,39.0,589.0
-48.0,697.0,11.0,39.0,,1187.0,-24.0,-203.0,185.0,437.0
-51.0,751.0,69.0,-93.0,,715.0,-126.0,-245.0,82.0,383.0
-63.0,759.0,183.0,-272.0,,-139.0,-152.0,-328.0,-492.0,322.0
-41.0,647.0,333.0,-304.0,,62.0,-187.0,-388.0,-295.0,286.0
-52.0,215.0,419.0,-156.0,,-194.0,-212.0,-266.0,436.0,218.0
-55.0,-383.0,527.0,-204.0,,-12.0,-118.0,-328.0,662.0,177.0
-40.0,-533.0,522.0,-373.0,,296.0,-113.0,-327.0,614.0,173.0
18.0,-363.0,456.0,-364.0,,-34.0,-161.0,-567.0,242.0,250.0
55.0,-150.0,451.0,-359.0,,350.0,-227.0,-755.0,272.0,256.0
79.0,185.0,341.0,-204.0,,392.0,-312.0,-831.0,939.0,202.0
124.0,850.0,328.0,12.0,,499.0,-436.0,-921.0,1088.0,377.0
153.0,1064.0,318.0,-98.0,,361.0,-566.0,-853.0,292.0,447.0
160.0,813.0,306.0,-222.0,,-353.0,-560.0,-835.0,60.0,387.0
128.0,167.0,351.0,-230.0,,-182.0,-583.0,-613.0,318.0,416.0
140.0,-1044.0,326.0,-400.0,,-383.0,-602.0,-554.0,535.0,397.0
166.0,-1575.0,284.0,-624.0,,-138.0,-578.0,-569.0,898.0,342.0
155.0,-831.0,231.0,-656.0,,690.0,-542.0,-578.0,573.0,477.0
110.0,-667.0,98.0,-657.0,,304.0,-494.0,-731.0,98.0,695.0
139.0,-1174.0,44.0,-623.0,,190.0,-491.0,-698.0,-2.0,727.0
190.0,-1319.0,65.0,-567.0,,-494.0,-445.0,-800.0,200.0,846.0
187.0,-1278.0,-32.0,-449.0,,-1044.0,-398.0,-668.0,384.0,1090.0
188.0,-795.0,-7.0,-108.0,,31.0,-313.0,-421.0,42.0,1184.0
177.0,-699.0,-55.0,145.0,,-493.0,-222.0,-362.0,-417.0,1214.0
174.0,-884.0,-165.0,300.0,,-841.0,-198.0,-363.0,-628.0,1286.0
106.0,-705.0,-121.0,289.0,,-444.0,-186.0,-563.0,-242.0,1263.0
51.0,-302.0,-180.0,138.0,,-507.0,-186.0,-611.0,122.0,1087.0
21.0,262.0,-170.0,48.0,,496.0,-202.0,-685.0,-36.0,1123.0
-24.0,889.0,-115.0,62.0,,-27.0,-232.0,-617.0,-358.0,1137.0
-78.0,1462.0,-71.0,48.0,,-337.0,-207.0,-504.0,-582.0,825.0
-103.0,1607.0,18.0,38.0,,189.0,-146.0,-517.0,-358.0,680.0
-41.0,1448.0,27.0,217.0,,-667.0,-85.0,-491.0,-23.0,695.0
4.0,1580.0,32.0,244.0,,-166.0,-37.0,-702.0,-141.0,633.0
51.0,1878.0,54.0,98.0,,-288.0,-26.0,-801.0,-642.0,605.0
91.0,1646.0,23.0,-89.0,,-688.0,-79.0,-973.0,-721.0,692.0
98.0,1823.0,58.0,-94.0,,640.0,-188.0,-1075.0,-46.0,691.0
125.0,2008.0,63.0,-53.0,,348.0,-184.0,-1152.0,632.0,616.0
149.0,1501.0,81.0,0.0,,335.0,-84.0,-1404.0,552.0,666.0
117.0,861.0,153.0,136.0,,337.0,-3.0,-1363.0,285.0,654.0
71.0,69.0,163.0,135.0,,-1065.0,21.0,-1341.0,205.0,452.0
75.0,-245.0,260.0,173.0,,-882.0,-6.0,-1097.0,115.0,298.0
63.0,-792.0,222.0,51.0,,-1005.0,-28.0,-777.0,280.0,292.0
-15.0,-1500.0,216.0,61.0,,-563.0,-44.0,-500.0,-189.0,208.0
-52.0,-1671.0,235.0,130.0,,330.0,-61.0,-269.0,-824.0,122.0
-3.0,-1787.0,129.0,-54.0,,-431.0,-66.0,-415.0,-455.0,152.0
19.0,-1871.0,126.0,-302.0,,534.0,-42.0,-415.0,239.0,122.0
-37.0,-1972.0,94.0,-606.0,,486.0,-1.0,-456.0,452.0,35.0
-87.0,-1804.0,73.0,-650.0,,-234.0,24.0,-478.0,200.0,53.0
-92.0,-1238.0,58.0,-567.0,,853.0,68.0,-454.0,-127.0,89.0
-112.0,-665.0,49.0,-498.0,,-576.0,82.0,-591.0,-22.0,71.0
-109.0,-104.0,-15.0,-396.0,,-1297.0,37.0,-711.0,635.0,71.0
-117.0,527.0,-54.0,-357.0,,-556.0,-54.0,-957.0,685.0,65.0
-105.0,734.0,-1.0,-230.0,,-930.0,-189.0,-988.0,347.0,39.0
-95.0,802.0,16.0,-155.0,,-206.0,-310.0,-995.0,-45.0,35.0
-101.0,1107.0,122.0,-296.0,,-715.0,-431.0,-949.0,-436.0,126.0
-69.0,1165.0,204.0,-317.0,,-831.0,-479.0,-820.0,-100.0,194.0
-46.0,788.0,239.0,-166.0,,305.0,-469.0,-827.0,-76.0,283.0
-26.0,511.0,249.0,62.0,,-634.0,-414.0,-716.0,-312.0,437.0
-26.0,590.0,276.0,297.0,,-523.0,-243.0,-814.0,-398.0,586.0
48.0,272.0,263.0,514.0,,-551.0,-12.0,-818.0,-274.0,675.0
122.0,-38.0,147.0,704.0,,-1552.0,165.0,-853.0,279.0,660.0
142.0,4.0,111.0,487.0,,-795.0,193.0,-984.0,204.0,712.0
189.0,137.0,64.0,91.0,,-901.0,249.0,-927.0,-100.0,727.0
273.0,80.0,71.0,-56.0,,-354.0,277.0,-1045.0,-187.0,684.0
306.0,-257.0,113.0,-35.0,,200.0,202.0,-1051.0,23.0,632.0
268.0,281.0,121.0,66.0,,-1012.0,185.0,-1071.0,370.0,487.0
309.0,921.0,87.0,234.0,,-62.0,180.0,-957.0,255.0,395.0
304.0,653.0,31.0,296.0,,-133.0,135.0,-742.0,199.0,317.0
291.0,275.0,14.0,139.0,,-853.0,98.0,-685.0,279.0,157.0
333.0,68.0,-54.0,20.0,,157.0,106.0,-617.0,399.0,9.0
291.0,-69.0,-33.0,2.0,,-304.0,102.0,-796.0,333.0,-134.0
211.0,-32.0,-58.0,30.0,,-18.0,129.0,-711.0,450.0,-297.0
220.0,149.0,-33.0,82.0,,-93.0,132.0,-591.0,367.0,-328.0
305.0,86.0,73.0,78.0,,-385.0,142.0,-626.0,-54.0,-264.0
262.0,-73.0,84.0,20.0,,968.0,256.0,-654.0,27.0,-329.0
172.0,46.0,58.0,-1.0,,-177.0,305.0,-862.0,295.0,-385.0
220.0,229.0,-9.0,-41.0,,-703.0,324.0,-909.0,366.0,-276.0
162.0,-261.0,-15.0,-20.0,,67.0,354.0,-1106.0,-15.0,-231.0
-33.0,-600.0,-75.0,206.0,,-924.0,354.0,-1099.0,-55.0,-195.0
-96.0,-305.0,-113.0,289.0,,-534.0,306.0,-857.0,20.0,-92.0
-88.0,-579.0,-104.0,299.0,,-612.0,230.0,-593.0,266.0,-142.0
-134.0,-570.0,-119.0,224.0,,-912.0,209.0,-195.0,351.0,-216.0
-153.0,-134.0,-142.0,-66.0,,-256.0,172.0,-107.0,-118.0,-164.0
-132.0,9.0,-152.0,-34.0,,-1448.0,76.0,114.0,-62.0,-54.0
-172.0,141.0,-174.0,112.0,,-843.0,17.0,158.0,80.0,-31.0
-140.0,157.0,-238.0,48.0,,-135.0,27.0,94.0,593.0,-124.0
-111.0,131.0,-232.0,-55.0,,-1338.0,38.0,24.0,1082.0,-109.0
-194.0,78.0,-279.0,-266.0,,-738.0,-3.0,-308.0,878.0,20.0
-196.0,411.0,-226.0,-443.0,,-1261.0,-16.0,-386.0,414.0,91.0
-105.0,698.0,-110.0,-424.0,,-1347.0,34.0,-593.0,505.0,20.0
-138.0,502.0,-62.0,-256.0,,-256.0,14.0,-676.0,634.0,-125.0
-265.0,557.0,75.0,-91.0,,-941.0,68.0,-687.0,433.0,-280.0
-181.0,657.0,126.0,-156.0,,-248.0,204.0,-713.0,389.0,-414.0
-174.0,681.0,172.0,-223.0,,-187.0,212.0,-698.0,-142.0,-486.0
-309.0,581.0,195.0,12.0,,-661.0,211.0,-942.0,-66.0,-557.0
-286.0,352.0,161.0,175.0,,258.0,227.0,-909.0,232.0,-658.0
-264.0,356.0,205.0,148.0,,-482.0,234.0,-947.0,-72.0,-767.0
-340.0,190.0,156.0,101.0,,-479.0,272.0,-907.0,-322.0,-764.0
-295.0,-210.0,173.0,193.0,,-308.0,317.0,-711.0,-100.0,-653.0
-225.0,-390.0,158.0,283.0,,-621.0,344.0,-598.0,206.0,-668.0
-338.0,-519.0,116.0,78.0,,573.0,334.0,-332.0,181.0,-709.0
-359.0,-701.0,106.0,-56.0,,-201.0,326.0,-206.0,378.0,-590.0
-317.0,-763.0,6.0,-163.0,,-490.0,356.0,7.0,-26.0,-467.0
-390.0,-591.0,-11.0,-147.0,,-60.0,390.0,44.0,-185.0,-445.0
-504.0,-320.0,-34.0,-70.0,,-1437.0,442.0,-129.0,457.0,-404.0
-458.0,-115.0,-3.0,-263.0,,-653.0,560.0,-439.0,388.0,-288.0
-384.0,271.0,24.0,-269.0,,-784.0,639.0,-870.0,282.0,-271.0
-422.0,824.0,58.0,-176.0,,-1666.0,642.0,-896.0,494.0,-243.0
-329.0,1261.0,83.0,-104.0,,-661.0,592.0,-838.0,88.0,-83.0
-209.0,1123.0,60.0,183.0,,-1211.0,493.0,-548.0,167.0,-40.0
-156.0,717.0,72.0,426.0,,-625.0,386.0,-314.0,630.0,-76.0
-59.0,255.0,45.0,407.0,,-339.0,277.0,-345.0,363.0,-27.0
48.0,-390.0,48.0,407.0,,-1251.0,175.0,-325.0,262.0,40.0
86.0,-571.0,-15.0,410.0,,-526.0,98.0,-509.0,-145.0,42.0
117.0,-300.0,-65.0,180.0,,-1446.0,112.0,-548.0,-380.0,21.0
142.0,-117.0,-55.0,209.0,,-1128.0,211.0,-654.0,142.0,5.0
194.0,-377.0,-65.0,460.0,,-285.0,323.0,-709.0,221.0,-39.0
198.0,-515.0,13.0,426.0,,-1445.0,473.0,-541.0,-56.0,-76.0
150.0,-485.0,35.0,329.0,,-790.0,606.0,-386.0,-106.0,-46.0
184.0,-572.0,-7.0,354.0,,-1177.0,671.0,-125.0,139.0,-20.0
220.0,-45.0,-35.0,311.0,,-914.0,788.0,-110.0,173.0,-145.0
243.0,537.0,-110.0,167.0,,473.0,955.0,3.0,108.0,-299.0
223.0,255.0,-107.0,145.0,,-617.0,991.0,59.0,6.0,-340.0
227.0,-115.0,-146.0,276.0,,-344.0,914.0,-12.0,102.0,-409.0
247.0,-374.0,-195.0,318.0,,-746.0,878.0,-7.0,421.0,-524.0
202.0,-913.0,-153.0,156.0,,-1360.0,898.0,-131.0,640.0,-595.0
160.0,-861.0,-240.0,96.0,,-429.0,916.0,-25.0,653.0,-620.0
193.0,-485.0,-274.0,140.0,,-1545.0,839.0,-3.0,202.0,-630.0
219.0,-485.0,-236.0,113.0,,-1051.0,715.0,29.0,5.0,-609.0
185.0,-521.0,-302.0,232.0,,-503.0,605.0,60.0,76.0,-542.0
199.0,-375.0,-277.0,318.0,,-1205.0,464.0,3.0,260.0,-555.0
169.0,-457.0,-181.0,280.0,,-202.0,330.0,42.0,391.0,-630.0
114.0,-858.0,-148.0,298.0,,-799.0,225.0,-149.0,349.0,-733.0
168.0,-1125.0,-127.0,165.0,,-686.0,158.0,-175.0,452.0,-829.0
193.0,-1115.0,-101.0,-187.0,,-175.0,142.0,-186.0,504.0,-871.0
121.0,-601.0,-68.0,-413.0,,-1484.0,190.0,-181.0,657.0,-977.0
83.0,-316.0,-66.0,-458.0,,-825.0,235.0,-88.0,891.0,-1036.0
96.0,-127.0,-54.0,-443.0,,-908.0,270.0,-81.0,659.0,-1007.0
33.0,180.0,-61.0,-318.0,,-1235.0,342.0,90.0,250.0,-955.0
-22.0,213.0,-62.0,-147.0,,-377.0,375.0,64.0,375.0,-888.0
21.0,299.0,-39.0,72.0,,-1091.0,376.0,66.0,677.0,-840.0
36.0,321.0,-11.0,267.0,,-297.0,391.0,-44.0,757.0,-768.0
14.0,571.0,63.0,366.0,,221.0,388.0,-160.0,257.0,-659.0
-16.0,809.0,99.0,373.0,,-562.0,398.0,-11.0,-126.0,-506.0
-51.0,745.0,176.0,89.0,,-160.0,483.0,-33.0,-162.0,-386.0
-159.0,517.0,183.0,-225.0,,-715.0,545.0,7.0,-262.0,-366.0
-259.0,412.0,153.0,-204.0,,-330.0,589.0,-133.0,76.0,-340.0
-256.0,62.0,177.0,-206.0,,-131.0,691.0,-245.0,80.0,-243.0
-298.0,-243.0,132.0,-230.0,,-1350.0,756.0,-347.0,-169.0,-183.0
-300.0,-86.0,103.0,-183.0,,-638.0,769.0,-593.0,-188.0,-217.0
-233.0,-482.0,131.0,-207.0,,-379.0,758.0,-570.0,45.0,-220.0
-214.0,-616.0,129.0,43.0,,-578.0,682.0,-578.0,93.0,-176.0
-286.0,-902.0,84.0,302.0,,-635.0,586.0,-338.0,-437.0,-200.0
-284.0,-1316.0,184.0,427.0,,-1722.0,553.0,-140.0,-657.0,-267.0
-231.0,-922.0,192.0,631.0,,-1160.0,565.0,27.0,-488.0,-317.0
-298.0,-485.0,191.0,649.0,,-703.0,564.0,423.0,-164.0,-437.0
-320.0,-177.0,280.0,498.0,,-1106.0,534.0,659.0,113.0,-643.0
-267.0,-226.0,281.0,221.0,,-339.0,547.0,1003.0,136.0,-716.0
-239.0,-6.0,279.0,7.0,,-811.0,498.0,1080.0,-121.0,-708.0
-246.0,295.0,272.0,-194.0,,-1172.0,296.0,1016.0,-59.0,-759.0
-180.0,475.0,310.0,-475.0,,-799.0,169.0,759.0,377.0,-680.0
-106.0,690.0,267.0,-714.0,,-1187.0,121.0,312.0,676.0,-530.0
-109.0,722.0,250.0,-785.0,,-315.0,50.0,11.0,648.0,-424.0
-93.0,1079.0,211.0,-612.0,,-274.0,46.0,-367.0,374.0,-338.0
-44.0,1232.0,159.0,-567.0,,-698.0,82.0,-363.0,670.0,-283.0
-2.0,1044.0,116.0,-432.0,,110.0,86.0,-439.0,740.0,-276.0
54.0,748.0,89.0,-144.0,,-89.0,106.0,-450.0,579.0,-232.0
102.0,602.0,111.0,173.0,,95.0,234.0,-160.0,425.0,-156.0
97.0,656.0,116.0,456.0,,-322.0,384.0,81.0,49.0,-112.0
95.0,550.0,213.0,560.0,,-1016.0,478.0,406.0,80.0,-41.0
118.0,214.0,245.0,681.0,,438.0,624.0,304.0,39.0,-64.0
151.0,-219.0,289.0,692.0,,116.0,738.0,197.0,189.0,-80.0
152.0,-548.0,277.0,649.0,,-673.0,722.0,75.0,69.0,-64.0
197.0,-995.0,193.0,627.0,,-172.0,657.0,-83.0,-289.0,-120.0
265.0,-1240.0,155.0,667.0,,-569.0,534.0,3.0,-136.0,-145.0
317.0,-1156.0,109.0,624.0,,484.0,388.0,27.0,-138.0,-144.0
355.0,-984.0,105.0,439.0,,871.0,243.0,197.0,-111.0,-148.0
372.0,-815.0,117.0,297.0,,210.0,89.0,188.0,20.0,-187.0
379.0,-618.0,86.0,85.0,,549.0,2.0,210.0,-79.0,-253.0
345.0,-387.0,62.0,-22.0,,-372.0,-65.0,147.0,-113.0,-340.0
337.0,-198.0,109.0,-61.0,,-377.0,-170.0,-33.0,16.0,-293.0
325.0,49.0,94.0,-55.0,,-255.0,-257.0,27.0,42.0,-236.0
300.0,410.0,116.0,-18.0,,-1014.0,-277.0,-134.0,0.0,-346.0
254.0,648.0,137.0,-38.0,,-353.0,-259.0,7.0,-200.0,-411.0
218.0,709.0,124.0,80.0,,-615.0,-280.0,310.0,-218.0,-486.0
179.0,966.0,139.0,294.0,,-261.0,-363.0,591.0,-60.0,-564.0
171.0,896.0,80.0,435.0,,556.0,-400.0,910.0,-217.0,-592.0
203.0,521.0,39.0,369.0,,-197.0,-405.0,903.0,-586.0,-602.0
177.0,-18.0,-40.0,199.0,,649.0,-402.0,851.0,-640.0,-580.0
169.0,-424.0,-99.0,38.0,,647.0,-311.0,587.0,-550.0,-588.0
145.0,-220.0,-123.0,-31.0,,-19.0,-197.0,532.0,-904.0,-592.0
157.0,-288.0,-170.0,76.0,,782.0,-37.0,570.0,-626.0,-557.0
167.0,-390.0,-148.0,287.0,,95.0,102.0,585.0,-567.0,-539.0
171.0,-369.0,-100.0,463.0,,330.0,138.0,827.0,-931.0,-579.0
161.0,-511.0,-41.0,560.0,,1166.0,124.0,713.0,-424.0,-552.0
117.0,-483.0,0.0,487.0,,1116.0,54.0,663.0,-210.0,-463.0
119.0,-381.0,86.0,347.0,,1778.0,-40.0,667.0,-281.0,-388.0
93.0,-426.0,167.0,342.0,,701.0,-186.0,835.0,-242.0,-244.0
78.0,-601.0,189.0,221.0,,234.0,-335.0,1036.0,-284.0,-50.0
63.0,-739.0,190.0,65.0,,651.0,-500.0,995.0,-488.0,57.0
93.0,-861.0,187.0,104.0,,-124.0,-678.0,1143.0,-385.0,50.0
128.0,-787.0,172.0,264.0,,634.0,-792.0,995.0,113.0,59.0
176.0,-498.0,196.0,342.0,,6.0,-904.0,910.0,140.0,78.0
243.0,-198.0,284.0,472.0,,-487.0,-974.0,705.0,111.0,101.0
277.0,130.0,352.0,611.0,,741.0,-991.0,212.0,175.0,134.0
336.0,473.0,450.0,570.0,,181.0,-981.0,-125.0,46.0,101.0
356.0,808.0,486.0,453.0,,955.0,-909.0,-299.0,18.0,69.0
368.0,966.0,510.0,178.0,,1283.0,-805.0,-24.0,132.0,110.0
389.0,916.0,525.0,-67.0,,493.0,-682.0,142.0,227.0,172.0
435.0,1024.0,503.0,-415.0,,1218.0,-528.0,413.0,323.0,217.0
486.0,1154.0,497.0,-688.0,,415.0,-367.0,687.0,276.0,209.0
533.0,904.0,435.0,-658.0,,65.0,-247.0,790.0,313.0,161.0
528.0,678.0,431.0,-598.0,,674.0,-219.0,1027.0,449.0,183.0
503.0,518.0,447.0,-373.0,,412.0,-256.0,870.0,281.0,242.0
488.0,334.0,398.0,-64.0,,611.0,-277.0,770.0,93.0,303.0
464.0,496.0,382.0,156.0,,-113.0,-378.0,689.0,176.0,381.0
439.0,434.0,321.0,317.0,,-189.0,-566.0,644.0,401.0,321.0
378.0,119.0,305.0,589.0,,600.0,-703.0,746.0,535.0,196.0
382.0,7.0,328.0,750.0,,257.0,-823.0,825.0,416.0,124.0
353.0,164.0,317.0,656.0,,769.0,-938.0,1156.0,55.0,98.0
305.0,476.0,367.0,626.0,,575.0,-1104.0,1317.0,173.0,92.0
272.0,282.0,327.0,787.0,,275.0,-1260.0,1428.0,191.0,72.0
221.0,-79.0,305.0,996.0,,1336.0,-1273.0,1343.0,-41.0,192.0
147.0,-235.0,312.0,949.0,,680.0,-1232.0,1230.0,-130.0,269.0
93.0,-376.0,260.0,838.0,,649.0,-1185.0,1345.0,-423.0,284.0
86.0,-390.0,262.0,771.0,,1185.0,-1172.0,1132.0,-154.0,409.0
47.0,-278.0,301.0,511.0,,448.0,-1135.0,1032.0,121.0,482.0
74.0,-166.0,323.0,110.0,,727.0,-1119.0,849.0,-35.0,470.0
111.0,55.0,383.0,-18.0,,171.0,-1170.0,567.0,-262.0,439.0
106.0,331.0,368.0,190.0,,-95.0,-1116.0,356.0,-310.0,464.0
48.0,218.0,316.0,260.0,,815.0,-968.0,186.0,-265.0,373.0
14.0,32.0,364.0,128.0,,602.0,-828.0,526.0,-68.0,257.0
25.0,-206.0,304.0,109.0,,918.0,-733.0,953.0,199.0,220.0
18.0,-377.0,291.0,248.0,,753.0,-668.0,1459.0,42.0,185.0
30.0,-523.0,282.0,331.0,,448.0,-729.0,1733.0,-45.0,239.0
42.0,-828.0,277.0,318.0,,726.0,-897.0,1672.0,-149.0,199.0
53.0,-866.0,283.0,291.0,,204.0,-978.0,1520.0,-27.0,223.0
44.0,-616.0,240.0,271.0,,817.0,-1067.0,1097.0,10.0,266.0
30.0,40.0,253.0,227.0,,704.0,-1203.0,977.0,-149.0,298.0
-13.0,217.0,262.0,123.0,,-175.0,-1282.0,918.0,-162.0,368.0
-23.0,175.0,299.0,98.0,,755.0,-1352.0,1021.0,6.0,296.0
-7.0,343.0,292.0,132.0,,966.0,-1370.0,1206.0,273.0,409.0
-25.0,95.0,275.0,73.0,,1090.0,-1314.0,1206.0,114.0,477.0
-55.0,5.0,266.0,14.0,,1587.0,-1234.0,1258.0,139.0,457.0
-34.0,-264.0,288.0,-34.0,,984.0,-1162.0,1021.0,199.0,606.0
20.0,-558.0,249.0,-162.0,,1089.0,-1106.0,916.0,255.0,649.0
0.0,-470.0,201.0,-276.0,,1048.0,-1046.0,667.0,397.0,623.0
15.0,-567.0,201.0,-179.0,,705.0,-949.0,397.0,268.0,672.0
55.0,-641.0,182.0,-34.0,,1130.0,-864.0,389.0,50.0,797.0
53.0,-643.0,183.0,69.0,,968.0,-867.0,297.0,-161.0,762.0
38.0,-749.0,165.0,141.0,,1350.0,-871.0,511.0,-33.0,651.0
81.0,-759.0,137.0,0.0,,1492.0,-894.0,715.0,229.0,703.0
112.0,-743.0,116.0,-159.0,,772.0,-1000.0,990.0,113.0,598.0
80.0,-664.0,128.0,-95.0,,1093.0,-1123.0,1138.0,-309.0,450.0
72.0,-515.0,111.0,142.0,,1254.0,-1140.0,1025.0,-613.0,455.0
66.0,-198.0,128.0,156.0,,1697.0,-1078.0,971.0,-485.0,437.0
78.0,267.0,116.0,-2.0,,1443.0,-1128.0,768.0,-104.0,320.0
81.0,637.0,87.0,-88.0,,444.0,-1275.0,774.0,-159.0,234.0
113.0,897.0,59.0,-201.0,,1592.0,-1371.0,655.0,-268.0,366.0
116.0,724.0,0.0,-268.0,,1604.0,-1436.0,617.0,-263.0,321.0
111.0,678.0,-6.0,-252.0,,964.0,-1533.0,801.0,-208.0,264.0
142.0,779.0,-48.0,-237.0,,1697.0,-1545.0,777.0,114.0,468.0
138.0,602.0,-46.0,-300.0,,1342.0,-1469.0,995.0,-71.0,443.0
170.0,721.0,-50.0,-204.0,,1719.0,-1315.0,1237.0,-260.0,407.0
201.0,1031.0,-40.0,-3.0,,1600.0,-1095.0,1491.0,-405.0,511.0
236.0,828.0,-24.0,105.0,,655.0,-835.0,1651.0,-382.0,501.0
270.0,108.0,-42.0,159.0,,1276.0,-591.0,1649.0,226.0,359.0
278.0,-364.0,-72.0,197.0,,872.0,-517.0,1555.0,249.0,276.0
268.0,-629.0,-107.0,308.0,,810.0,-501.0,1254.0,-82.0,311.0
237.0,-701.0,-80.0,291.0,,910.0,-578.0,1134.0,-68.0,211.0
184.0,-775.0,-157.0,184.0,,531.0,-806.0,851.0,14.0,147.0
135.0,-748.0,-109.0,223.0,,1537.0,-1003.0,694.0,-120.0,188.0
80.0,-402.0,-46.0,258.0,,854.0,-1107.0,709.0,-309.0,231.0
59.0,-509.0,-73.0,257.0,,484.0,-1139.0,615.0,-627.0,263.0
82.0,-471.0,23.0,388.0,,1015.0,-1173.0,759.0,-867.0,275.0
109.0,-143.0,30.0,416.0,,805.0,-1154.0,792.0,-662.0,363.0
116.0,-42.0,20.0,363.0,,1478.0,-1056.0,921.0,-363.0,362.0
43.0,-179.0,12.0,392.0,,415.0,-1005.0,951.0,-325.0,274.0
-19.0,-86.0,1.0,328.0,,154.0,-975.0,870.0,-455.0,241.0
-90.0,399.0,-35.0,303.0,,1275.0,-902.0,1006.0,-411.0,238.0
-138.0,316.0,-38.0,267.0,,889.0,-797.0,1099.0,-377.0,212.0
-205.0,21.0,-38.0,129.0,,1258.0,-716.0,1237.0,-76.0,158.0
-227.0,20.0,-57.0,-46.0,,1090.0,-647.0,1069.0,67.0,138.0
-171.0,119.0,-4.0,-137.0,,1226.0,-596.0,848.0,-269.0,178.0
-160.0,40.0,4.0,-40.0,,1584.0,-612.0,694.0,-331.0,215.0
-148.0,-130.0,56.0,119.0,,947.0,-626.0,659.0,-201.0,163.0
-148.0,111.0,41.0,270.0,,1210.0,-651.0,938.0,-80.0,167.0
-78.0,116.0,45.0,401.0,,592.0,-681.0,1031.0,-56.0,170.0
-41.0,-309.0,59.0,495.0,,738.0,-685.0,1169.0,-408.0,44.0
-61.0,-544.0,42.0,433.0,,1333.0,-685.0,1173.0,-777.0,-32.0
-105.0,-665.0,73.0,287.0,,818.0,-589.0,1053.0,-365.0,-16.0
-125.0,-775.0,109.0,104.0,,984.0,-451.0,892.0,-59.0,-83.0
-108.0,-768.0,131.0,-21.0,,544.0,-426.0,589.0,-217.0,-134.0
-136.0,-465.0,126.0,-163.0,,1154.0,-457.0,469.0,-560.0,-58.0
-154.0,-140.0,161.0,-426.0,,1156.0,-417.0,266.0,-682.0,-100.0
-140.0,-52.0,102.0,-391.0,,250.0,-301.0,369.0,-104.0,-235.0
-44.0,267.0,74.0,-385.0,,875.0,-199.0,587.0,83.0,-297.0
32.0,643.0,44.0,-521.0,,422.0,-67.0,718.0,151.0,-257.0
68.0,889.0,-10.0,-497.0,,1042.0,51.0,894.0,121.0,-234.0
128.0,1016.0,8.0,-366.0,,975.0,76.0,755.0,61.0,-229.0
179.0,1080.0,18.0,-124.0,,308.0,101.0,707.0,384.0,-124.0
178.0,875.0,52.0,-141.0,,1455.0,59.0,545.0,627.0,-112.0
188.0,74.0,24.0,-121.0,,561.0,-78.0,485.0,693.0,-149.0
226.0,-615.0,68.0,0.0,,772.0,-245.0,530.0,364.0,-111.0
248.0,-890.0,70.0,-28.0,,847.0,-380.0,432.0,22.0,-69.0
239.0,-773.0,-12.0,51.0,,332.0,-453.0,447.0,-78.0,-160.0
215.0,-656.0,14.0,41.0,,1020.0,-531.0,184.0,5.0,-243.0
211.0,-413.0,-39.0,-110.0,,-211.0,-528.0,151.0,-119.0,-144.0
214.0,45.0,-86.0,-196.0,,1011.0,-459.0,177.0,-382.0,-178.0
223.0,-252.0,-98.0,-133.0,,903.0,-419.0,90.0,-405.0,-227.0
201.0,-798.0,-117.0,-100.0,,-356.0,-408.0,131.0,-3.0,-204.0
193.0,-834.0,-123.0,-70.0,,992.0,-468.0,5.0,471.0,-318.0
198.0,-686.0,-122.0,-96.0,,-54.0,-551.0,9.0,242.0,-430.0
149.0,-542.0,-103.0,-186.0,,1287.0,-571.0,-51.0,-60.0,-388.0
52.0,-116.0,-143.0,-218.0,,1036.0,-433.0,84.0,-47.0,-320.0
12.0,219.0,-80.0,-169.0,,-284.0,-209.0,282.0,261.0,-360.0
-19.0,108.0,-69.0,27.0,,1641.0,-46.0,332.0,568.0,-379.0
-93.0,62.0,-61.0,187.0,,-81.0,119.0,519.0,473.0,-405.0
-150.0,55.0,-2.0,452.0,,527.0,274.0,508.0,393.0,-347.0
-222.0,49.0,-43.0,629.0,,323.0,458.0,533.0,501.0,-198.0
-269.0,24.0,-48.0,552.0,,-287.0,715.0,351.0,680.0,-86.0
-307.0,200.0,-82.0,353.0,,2138.0,929.0,118.0,948.0,3.0
-334.0,646.0,-129.0,-1.0,,-35.0,1028.0,-29.0,501.0,125.0
-378.0,475.0,-194.0,-200.0,,962.0,978.0,-219.0,-316.0,243.0
-375.0,101.0,-186.0,-132.0,,1008.0,913.0,-72.0,-350.0,222.0
-306.0,-126.0,-204.0,-81.0,,-114.0,832.0,-72.0,-403.0,265.0
-250.0,-315.0,-274.0,-50.0,,1722.0,699.0,-25.0,-315.0,241.0
-219.0,-336.0,-289.0,-72.0,,-661.0,659.0,-44.0,-374.0,63.0
-178.0,-487.0,-303.0,-273.0,,731.0,587.0,-186.0,-983.0,-62.0
-126.0,-442.0,-275.0,-406.0,,1092.0,428.0,-169.0,-1123.0,-110.0
-142.0,-438.0,-269.0,-368.0,,158.0,303.0,-375.0,-738.0,-177.0
-152.0,-151.0,-231.0,-311.0,,1576.0,242.0,-482.0,-217.0,-317.0
-120.0,336.0,-213.0,-285.0,,-615.0,261.0,-720.0,-69.0,-257.0
-96.0,214.0,-219.0,-183.0,,1343.0,295.0,-833.0,-165.0,-243.0
-105.0,87.0,-210.0,-109.0,,1506.0,330.0,-740.0,-352.0,-322.0
-91.0,243.0,-222.0,-95.0,,423.0,390.0,-698.0,-98.0,-239.0
-111.0,560.0,-237.0,-34.0,,1615.0,445.0,-375.0,343.0,-167.0
-163.0,832.0,-247.0,138.0,,-696.0,534.0,-249.0,-93.0,-218.0
-191.0,836.0,-247.0,332.0,,413.0,623.0,-112.0,-661.0,-305.0
-224.0,694.0,-272.0,364.0,,114.0,625.0,-144.0,-714.0,-248.0
-202.0,640.0,-223.0,509.0,,35.0,623.0,-216.0,-602.0,-257.0
-138.0,399.0,-212.0,656.0,,1803.0,627.0,-14.0,-343.0,-318.0
-78.0,25.0,-291.0,473.0,,-169.0,532.0,-110.0,-72.0,-228.0
-81.0,-148.0,-271.0,337.0,,492.0,354.0,-238.0,-473.0,-184.0
-112.0,-182.0,-282.0,332.0,,-450.0,327.0,-508.0,-512.0,-295.0
-172.0,-64.0,-298.0,96.0,,-550.0,419.0,-628.0,138.0,-334.0
-244.0,-187.0,-268.0,-243.0,,1467.0,458.0,-582.0,421.0,-308.0
-322.0,-344.0,-298.0,-504.0,,738.0,559.0,-583.0,400.0,-353.0
-366.0,-168.0,-358.0,-530.0,,1448.0,691.0,-410.0,-42.0,-371.0
-369.0,281.0,-400.0,-464.0,,57.0,839.0,-443.0,-155.0,-332.0
-389.0,549.0,-368.0,-513.0,,-204.0,1020.0,-424.0,160.0,-266.0
-345.0,444.0,-439.0,-366.0,,427.0,1178.0,-545.0,205.0,-197.0
-290.0,428.0,-394.0,-135.0,,-556.0,1287.0,-696.0,-15.0,-68.0
-291.0,235.0,-260.0,-49.0,,884.0,1340.0,-764.0,-262.0,-55.0
-358.0,118.0,-286.0,12.0,,206.0,1359.0,-988.0,-54.0,-150.0
-387.0,496.0,-241.0,105.0,,112.0,1307.0,-986.0,170.0,-247.0
-403.0,657.0,-206.0,-70.0,,250.0,1199.0,-1008.0,316.0,-409.0
-438.0,359.0,-228.0,-414.0,,-356.0,1085.0,-785.0,267.0,-548.0
-455.0,137.0,-232.0,-556.0,,620.0,1006.0,-491.0,-34.0,-680.0
-421.0,196.0,-186.0,-665.0,,-550.0,962.0,-327.0,-16.0,-786.0
-335.0,254.0,-125.0,-487.0,,-374.0,932.0,-206.0,101.0,-821.0
-275.0,275.0,-161.0,-130.0,,-287.0,936.0,-428.0,204.0,-734.0
-225.0,614.0,-136.0,73.0,,-581.0,980.0,-532.0,-175.0,-680.0
-184.0,726.0,-111.0,-4.0,,11.0,984.0,-733.0,-807.0,-658.0
-79.0,591.0,-197.0,-207.0,,-633.0,906.0,-838.0,-961.0,-473.0
-23.0,831.0,-179.0,-114.0,,133.0,837.0,-827.0,-887.0,-336.0
33.0,896.0,-156.0,-10.0,,-632.0,826.0,-955.0,-615.0,-415.0
94.0,709.0,-190.0,201.0,,-1025.0,900.0,-894.0,-803.0,-468.0
121.0,422.0,-170.0,221.0,,-928.0,1006.0,-912.0,-1047.0,-419.0
179.0,226.0,-103.0,-48.0,,-1892.0,1090.0,-831.0,-699.0,-548.0
147.0,-193.0,-132.0,-93.0,,-901.0,1211.0,-944.0,-322.0,-608.0
63.0,-993.0,-155.0,96.0,,-970.0,1322.0,-1154.0,192.0,-519.0
-67.0,-1323.0,-138.0,32.0,,-190.0,1371.0,-1306.0,368.0,-598.0
-98.0,-1738.0,-206.0,-317.0,,-207.0,1417.0,-1614.0,94.0,-627.0
-93.0,-2197.0,-221.0,-270.0,,-983.0,1434.0,-1629.0,213.0,-344.0
-146.0,-2162.0,-208.0,-225.0,,-444.0,1445.0,-1564.0,501.0,-147.0
-166.0,-1846.0,-181.0,-235.0,,-1491.0,1432.0,-1300.0,436.0,-297.0
-146.0,-1198.0,-171.0,-232.0,,-631.0,1371.0,-1051.0,241.0,-295.0
-137.0,-646.0,-143.0,-221.0,,-936.0,1364.0,-894.0,99.0,-266.0
-229.0,-279.0,-168.0,-179.0,,-1052.0,1340.0,-593.0,233.0,-398.0
-298.0,93.0,-147.0,-189.0,,41.0,1324.0,-417.0,463.0,-404.0
-326.0,144.0,-132.0,-30.0,,-1158.0,1304.0,-194.0,526.0,-364.0
-347.0,20.0,-154.0,111.0,,-297.0,1218.0,-376.0,566.0,-478.0
-378.0,-249.0,-113.0,328.0,,-976.0,1181.0,-667.0,143.0,-595.0
-399.0,-700.0,-180.0,392.0,,-952.0,1175.0,-875.0,-59.0,-411.0
-363.0,-799.0,-192.0,290.0,,50.0,1106.0,-1245.0,468.0,-328.0
-258.0,-850.0,-193.0,204.0,,-917.0,939.0,-1376.0,539.0,-410.0
-140.0,-789.0,-203.0,162.0,,-175.0,806.0,-1605.0,92.0,-334.0
-26.0,-754.0,-235.0,131.0,,-1435.0,719.0,-1738.0,-181.0,-224.0
72.0,-767.0,-236.0,28.0,,-863.0,657.0,-1832.0,-184.0,-97.0
110.0,-97.0,-180.0,55.0,,86.0,627.0,-1840.0,-73.0,78.0
119.0,588.0,-141.0,76.0,,-1020.0,538.0,-1533.0,19.0,267.0
68.0,926.0,-73.0,17.0,,-348.0,440.0,-1367.0,-156.0,304.0
87.0,1600.0,19.0,-54.0,,-1639.0,463.0,-1219.0,-655.0,314.0
145.0,2655.0,88.0,-125.0,,-770.0,577.0,-1180.0,-791.0,409.0
178.0,2771.0,116.0,-228.0,,-224.0,629.0,-957.0,-187.0,250.0
172.0,2474.0,200.0,-213.0,,-994.0,698.0,-772.0,310.0,8.0
160.0,2498.0,259.0,-159.0,,-244.0,786.0,-899.0,120.0,-107.0
171.0,2066.0,299.0,-233.0,,-1946.0,791.0,-910.0,-29.0,-243.0
146.0,1459.0,298.0,-122.0,,-551.0,740.0,-1064.0,131.0,-344.0
181.0,678.0,353.0,128.0,,96.0,749.0,-1110.0,425.0,-436.0
174.0,27.0,344.0,148.0,,-599.0,897.0,-1175.0,312.0,-494.0
140.0,-88.0,339.0,-134.0,,29.0,1046.0,-1225.0,-197.0,-505.0
107.0,2.0,371.0,-440.0,,-1758.0,1165.0,-1145.0,-451.0,-374.0
74.0,-157.0,266.0,-440.0,,-154.0,1333.0,-1188.0,-653.0,-303.0
33.0,-394.0,242.0,-224.0,,94.0,1503.0,-1097.0,-269.0,-486.0
-13.0,-614.0,200.0,-46.0,,-525.0,1607.0,-1152.0,228.0,-434.0
-17.0,-589.0,178.0,-34.0,,92.0,1688.0,-1123.0,-68.0,-340.0
-11.0,-380.0,126.0,-168.0,,-1569.0,1748.0,-1088.0,-539.0,-408.0
-20.0,-687.0,59.0,-214.0,,-363.0,1712.0,-1040.0,-502.0,-368.0
-57.0,-755.0,61.0,-152.0,,-805.0,1576.0,-962.0,25.0,-349.0
-24.0,-301.0,21.0,-78.0,,-513.0,1333.0,-1256.0,331.0,-325.0
9.0,118.0,16.0,-3.0,,350.0,1041.0,-1280.0,140.0,-224.0
74.0,17.0,-5.0,107.0,,-901.0,793.0,-1258.0,-213.0,-29.0
107.0,-322.0,-61.0,238.0,,803.0,620.0,-1215.0,-169.0,86.0
76.0,-265.0,-120.0,159.0,,-496.0,492.0,-1252.0,102.0,41.0
52.0,-20.0,-115.0,-24.0,,-842.0,339.0,-1563.0,240.0,123.0
3.0,12.0,-128.0,3.0,,-755.0,186.0,-1688.0,-17.0,261.0
-46.0,-136.0,-170.0,96.0,,-1892.0,67.0,-1886.0,-373.0,270.0
-106.0,-227.0,-131.0,204.0,,353.0,-53.0,-1783.0,-137.0,238.0
-103.0,-406.0,-93.0,174.0,,-882.0,-116.0,-1620.0,322.0,301.0
-117.0,-402.0,-37.0,-93.0,,-1137.0,-76.0,-1481.0,603.0,231.0
-127.0,-150.0,-18.0,-179.0,,-1022.0,12.0,-1160.0,420.0,88.0
-141.0,-30.0,45.0,-229.0,,-1047.0,88.0,-999.0,0.0,182.0
-193.0,58.0,93.0,-245.0,,812.0,149.0,-700.0,-186.0,164.0
-218.0,544.0,28.0,-49.0,,-1297.0,244.0,-663.0,-218.0,38.0
-250.0,928.0,61.0,-38.0,,-688.0,339.0,-705.0,-311.0,33.0
-278.0,976.0,57.0,-65.0,,-442.0,412.0,-764.0,-443.0,26.0
-291.0,1089.0,29.0,-25.0,,-674.0,522.0,-981.0,-694.0,-55.0
-264.0,1145.0,59.0,-83.0,,471.0,618.0,-1014.0,-769.0,-156.0
-257.0,834.0,47.0,-76.0,,-1572.0,727.0,-1197.0,-175.0,-127.0
-273.0,158.0,78.0,-115.0,,-553.0,910.0,-1254.0,167.0,-187.0
-291.0,-516.0,147.0,-103.0,,-912.0,1035.0,-1346.0,27.0,-345.0
-292.0,-1452.0,150.0,29.0,,-469.0,1054.0,-1402.0,-124.0,-333.0
-299.0,-2011.0,161.0,4.0,,933.0,1016.0,-1261.0,85.0,-252.0
-317.0,-2094.0,186.0,-59.0,,-1547.0,977.0,-1180.0,766.0,-263.0
-310.0,-1950.0,167.0,-28.0,,-727.0,874.0,-986.0,943.0,-198.0
-275.0,-1422.0,157.0,-2.0,,-1237.0,626.0,-1021.0,604.0,-97.0
-213.0,-811.0,72.0,-24.0,,-204.0,415.0,-883.0,269.0,-235.0
-160.0,-283.0,30.0,-69.0,,652.0,276.0,-683.0,260.0,-281.0
-107.0,-69.0,21.0,-44.0,,-2014.0,104.0,-517.0,559.0,-171.0
-48.0,292.0,-43.0,-9.0,,-517.0,-21.0,-242.0,542.0,-124.0
-3.0,511.0,-16.0,-106.0,,-1354.0,-62.0,-245.0,-62.0,-143.0
12.0,682.0,5.0,-269.0,,-730.0,-67.0,-44.0,-557.0,-92.0
9.0,751.0,25.0,-369.0,,262.0,-49.0,-24.0,-337.0,38.0
-34.0,786.0,87.0,-367.0,,-716.0,-10.0,-88.0,106.0,95.0
-46.0,786.0,156.0,-260.0,,782.0,117.0,-81.0,237.0,148.0
-30.0,380.0,236.0,-41.0,,-787.0,268.0,-277.0,-222.0,15.0
-48.0,72.0,258.0,15.0,,353.0,282.0,-243.0,-487.0,-112.0
-15.0,-477.0,295.0,-186.0,,-20.0,283.0,-432.0,9.0,-107.0
17.0,-447.0,293.0,-318.0,,-1257.0,280.0,-628.0,598.0,-132.0
51.0,-158.0,255.0,-215.0,,628.0,129.0,-702.0,781.0,-124.0
82.0,-301.0,293.0,-121.0,,-1213.0,-68.0,-833.0,407.0,-66.0
125.0,-318.0,244.0,-162.0,,35.0,-216.0,-837.0,16.0,10.0
190.0,-336.0,248.0,-111.0,,-210.0,-326.0,-822.0,330.0,-48.0
241.0,-219.0,254.0,-101.0,,-1049.0,-351.0,-530.0,794.0,46.0
262.0,-185.0,221.0,-152.0,,-2.0,-324.0,-225.0,594.0,187.0
267.0,-284.0,260.0,-143.0,,-1415.0,-263.0,-36.0,157.0,120.0
315.0,-604.0,196.0,-187.0,,654.0,-174.0,-144.0,-264.0,107.0
347.0,-708.0,223.0,-390.0,,-160.0,-74.0,-336.0,-87.0,168.0
374.0,-691.0,224.0,-614.0,,-616.0,110.0,-365.0,467.0,102.0
428.0,-840.0,163.0,-581.0,,330.0,224.0,-641.0,248.0,-41.0
473.0,-647.0,195.0,-453.0,,-799.0,242.0,-709.0,-293.0,109.0
492.0,-604.0,119.0,-161.0,,926.0,240.0,-824.0,-669.0,128.0
466.0,-432.0,52.0,118.0,,-805.0,194.0,-914.0,-514.0,-12.0
450.0,-2.0,11.0,208.0,,-489.0,227.0,-724.0,-113.0,119.0
446.0,248.0,-76.0,314.0,,91.0,227.0,-572.0,-269.0,240.0
378.0,344.0,-107.0,271.0,,-1370.0,180.0,-297.0,-856.0,304.0
295.0,118.0,-102.0,229.0,,235.0,188.0,-247.0,-1141.0,422.0
240.0,-188.0,-164.0,302.0,,-809.0,179.0,-147.0,-787.0,590.0
202.0,-284.0,-154.0,320.0,,1081.0,215.0,-53.0,-347.0,660.0
194.0,-43.0,-87.0,311.0,,1072.0,258.0,3.0,-193.0,670.0
194.0,10.0,-66.0,339.0,,-421.0,213.0,155.0,-305.0,749.0
214.0,-177.0,19.0,256.0,,1014.0,127.0,11.0,-436.0,797.0
237.0,-74.0,61.0,136.0,,-604.0,86.0,20.0,-333.0,828.0
257.0,74.0,131.0,-15.0,,910.0,107.0,-44.0,144.0,889.0
218.0,-93.0,135.0,-80.0,,294.0,78.0,-20.0,322.0,823.0
190.0,-322.0,80.0,-72.0,,-607.0,-38.0,142.0,-106.0,651.0
145.0,42.0,162.0,-280.0,,448.0,-165.0,110.0,-348.0,646.0
58.0,387.0,72.0,-322.0,,-721.0,-275.0,284.0,-279.0,680.0
37.0,404.0,58.0,-259.0,,1135.0,-483.0,282.0,-99.0,482.0
20.0,653.0,88.0,-147.0,,-41.0,-733.0,249.0,-108.0,408.0
72.0,843.0,42.0,-5.0,,117.0,-802.0,219.0,-418.0,468.0
121.0,1028.0,109.0,51.0,,907.0,-745.0,99.0,-665.0,352.0
168.0,1252.0,166.0,14.0,,-678.0,-733.0,90.0,-627.0,339.0
200.0,1498.0,180.0,-128.0,,713.0,-644.0,131.0,-323.0,349.0
206.0,1583.0,121.0,-63.0,,-740.0,-442.0,290.0,-203.0,231.0
221.0,1090.0,194.0,93.0,,511.0,-286.0,164.0,-489.0,145.0
152.0,832.0,163.0,301.0,,1043.0,-151.0,134.0,-644.0,158.0
117.0,743.0,91.0,524.0,,-611.0,-76.0,160.0,-329.0,142.0
91.0,96.0,84.0,653.0,,431.0,-43.0,-48.0,175.0,57.0
68.0,-739.0,15.0,575.0,,-1300.0,19.0,-51.0,344.0,177.0
37.0,-1211.0,6.0,111.0,,292.0,-15.0,-90.0,7.0,243.0
38.0,-1169.0,-55.0,-249.0,,803.0,-116.0,38.0,-213.0,123.0
69.0,-1017.0,-33.0,-363.0,,282.0,-198.0,153.0,149.0,185.0
38.0,-530.0,-90.0,-391.0,,736.0,-246.0,290.0,462.0,343.0
8.0,167.0,-128.0,-224.0,,-1346.0,-223.0,548.0,311.0,394.0
5.0,395.0,-84.0,-66.0,,627.0,-188.0,661.0,60.0,409.0
53.0,322.0,-130.0,-29.0,,99.0,-143.0,918.0,-183.0,476.0
92.0,476.0,-155.0,55.0,,290.0,-95.0,855.0,-77.0,490.0
140.0,885.0,-203.0,228.0,,1049.0,-91.0,848.0,285.0,537.0
187.0,621.0,-255.0,227.0,,-1169.0,-64.0,757.0,270.0,646.0
177.0,153.0,-292.0,22.0,,731.0,-23.0,352.0,77.0,592.0
176.0,433.0,-312.0,-206.0,,-160.0,-14.0,48.0,40.0,590.0
143.0,134.0,-314.0,-477.0,,30.0,-54.0,-437.0,234.0,656.0
55.0,-501.0,-287.0,-750.0,,454.0,-221.0,-635.0,408.0,662.0
2.0,-503.0,-268.0,-858.0,,-177.0,-417.0,-729.0,58.0,685.0
-32.0,-715.0,-208.0,-718.0,,2045.0,-556.0,-500.0,-368.0,654.0
-100.0,-916.0,-158.0,-498.0,,344.0,-662.0,-136.0,-306.0,564.0
-163.0,-1121.0,-164.0,-347.0,,980.0,-662.0,42.0,-78.0,424.0
-160.0,-1170.0,-88.0,-186.0,,536.0,-664.0,524.0,308.0,423.0
-159.0,-537.0,-77.0,-48.0,,-571.0,-674.0,700.0,546.0,460.0
-169.0,153.0,-107.0,-137.0,,1425.0,-590.0,759.0,313.0,315.0
-155.0,446.0,-53.0,-422.0,,349.0,-502.0,692.0,222.0,218.0
-131.0,876.0,-68.0,-671.0,,1601.0,-479.0,642.0,423.0,281.0
-61.0,1431.0,-79.0,-675.0,,546.0,-522.0,713.0,623.0,299.0
-62.0,1373.0,-110.0,-379.0,,121.0,-451.0,611.0,328.0,187.0
-77.0,1415.0,-156.0,7.0,,1295.0,-221.0,691.0,-262.0,196.0
-72.0,1268.0,-162.0,394.0,,-751.0,-76.0,652.0,-403.0,228.0
-96.0,651.0,-233.0,686.0,,941.0,-52.0,731.0,-270.0,295.0
-166.0,291.0,-222.0,779.0,,367.0,-59.0,783.0,39.0,490.0
-240.0,65.0,-299.0,675.0,,629.0,-73.0,777.0,235.0,552.0
-215.0,-93.0,-363.0,358.0,,843.0,-116.0,879.0,59.0,540.0
-195.0,-290.0,-291.0,62.0,,-1030.0,-197.0,711.0,-206.0,605.0
-210.0,-523.0,-313.0,-199.0,,910.0,-297.0,633.0,-101.0,713.0
-272.0,-689.0,-298.0,-381.0,,-177.0,-402.0,460.0,336.0,741.0
-302.0,-718.0,-306.0,-560.0,,695.0,-429.0,314.0,286.0,642.0
-324.0,-938.0,-321.0,-702.0,,1020.0,-415.0,306.0,-36.0,453.0
-359.0,-911.0,-280.0,-574.0,,-651.0,-454.0,325.0,-44.0,347.0
-340.0,-366.0,-215.0,-519.0,,-97.0,-499.0,567.0,105.0,361.0
-324.0,83.0,-177.0,-545.0,,-966.0,-411.0,607.0,214.0,281.0
-297.0,462.0,-151.0,-417.0,,1262.0,-253.0,679.0,282.0,31.0
-271.0,771.0,-104.0,-262.0,,695.0,-210.0,685.0,203.0,-59.0
-254.0,870.0,-123.0,-235.0,,-371.0,-272.0,628.0,88.0,91.0
-266.0,615.0,-102.0,-62.0,,406.0,-453.0,687.0,252.0,123.0
-243.0,566.0,-115.0,224.0,,-699.0,-681.0,482.0,509.0,166.0
-185.0,703.0,-190.0,459.0,,741.0,-875.0,482.0,585.0,326.0
-150.0,618.0,-239.0,514.0,,-364.0,-1014.0,569.0,302.0,435.0
-108.0,524.0,-278.0,386.0,,-204.0,-1067.0,674.0,126.0,606.0
-30.0,143.0,-275.0,345.0,,447.0,-1015.0,825.0,492.0,919.0
85.0,78.0,-327.0,160.0,,-647.0,-838.0,872.0,626.0,1058.0
177.0,113.0,-331.0,161.0,,552.0,-674.0,1016.0,269.0,1040.0
201.0,-445.0,-385.0,235.0,,-270.0,-468.0,953.0,72.0,1164.0
224.0,-611.0,-520.0,166.0,,469.0,-207.0,846.0,15.0,1313.0
243.0,-449.0,-460.0,275.0,,43.0,-60.0,556.0,30.0,1381.0
206.0,-269.0,-490.0,367.0,,-659.0,-24.0,253.0,357.0,1379.0
164.0,-43.0,-474.0,463.0,,980.0,-4.0,107.0,545.0,1344.0
96.0,45.0,-421.0,577.0,,-196.0,-21.0,-44.0,105.0,1192.0
86.0,330.0,-437.0,575.0,,210.0,-150.0,164.0,-233.0,1033.0
96.0,553.0,-297.0,416.0,,-169.0,-336.0,334.0,176.0,972.0
91.0,534.0,-283.0,186.0,,-231.0,-578.0,426.0,242.0,846.0
77.0,180.0,-224.0,-73.0,,527.0,-733.0,354.0,-245.0,671.0
39.0,-218.0,-167.0,-150.0,,-876.0,-730.0,186.0,-412.0,603.0
73.0,-351.0,-138.0,-10.0,,-221.0,-744.0,184.0,-429.0,686.0
72.0,-471.0,-48.0,55.0,,-1020.0,-826.0,105.0,-182.0,673.0
79.0,-487.0,-83.0,-10.0,,-701.0,-865.0,358.0,166.0,656.0
41.0,-800.0,-112.0,-177.0,,2.0,-798.0,532.0,108.0,751.0
22.0,-974.0,-123.0,-184.0,,-852.0,-698.0,467.0,-174.0,766.0
51.0,-690.0,-173.0,-136.0,,-162.0,-585.0,400.0,-323.0,713.0
16.0,-410.0,-309.0,0.0,,-1135.0,-540.0,303.0,-8.0,662.0
5.0,-30.0,-379.0,311.0,,11.0,-504.0,469.0,371.0,556.0
-22.0,362.0,-440.0,391.0,,-40.0,-428.0,482.0,310.0,510.0
-8.0,859.0,-537.0,337.0,,-876.0,-422.0,495.0,83.0,547.0
-22.0,1283.0,-578.0,274.0,,205.0,-510.0,474.0,-144.0,424.0
-49.0,1772.0,-610.0,170.0,,-1064.0,-697.0,380.0,-149.0,298.0
-58.0,1854.0,-644.0,164.0,,-202.0,-810.0,474.0,86.0,362.0
-77.0,1354.0,-706.0,374.0,,-513.0,-805.0,509.0,49.0,451.0
-84.0,1017.0,-695.0,556.0,,-563.0,-816.0,624.0,47.0,343.0
-132.0,523.0,-710.0,439.0,,-114.0,-879.0,498.0,-72.0,338.0
-167.0,-89.0,-725.0,205.0,,-1425.0,-891.0,450.0,-16.0,400.0
-164.0,-667.0,-665.0,161.0,,-52.0,-809.0,467.0,368.0,310.0
-131.0,-906.0,-658.0,178.0,,-1147.0,-757.0,293.0,174.0,261.0
-140.0,-983.0,-698.0,152.0,,-945.0,-682.0,218.0,84.0,166.0
-139.0,-1069.0,-667.0,374.0,,-100.0,-546.0,-38.0,30.0,108.0
-143.0,-842.0,-640.0,280.0,,-483.0,-400.0,-110.0,52.0,40.0
-142.0,-533.0,-661.0,-45.0,,856.0,-267.0,-238.0,240.0,16.0
-139.0,-256.0,-653.0,-45.0,,-406.0,-199.0,-177.0,23.0,-46.0
-117.0,-83.0,-646.0,-38.0,,171.0,-257.0,264.0,-42.0,-214.0
-69.0,48.0,-578.0,-137.0,,-571.0,-327.0,487.0,63.0,-145.0
-55.0,-129.0,-530.0,-237.0,,-1219.0,-347.0,764.0,298.0,-29.0
19.0,-434.0,-467.0,-141.0,,452.0,-411.0,781.0,303.0,-70.0
55.0,-478.0,-387.0,-166.0,,-851.0,-421.0,678.0,128.0,-59.0
80.0,-119.0,-397.0,-387.0,,-152.0,-392.0,495.0,-118.0,74.0
111.0,114.0,-344.0,-408.0,,-890.0,-367.0,290.0,-382.0,-13.0
147.0,-67.0,-273.0,-204.0,,-988.0,-366.0,450.0,86.0,-129.0
175.0,166.0,-290.0,-76.0,,352.0,-321.0,633.0,354.0,72.0
129.0,262.0,-260.0,-175.0,,-392.0,-165.0,896.0,-73.0,87.0
68.0,490.0,-265.0,-200.0,,154.0,-68.0,816.0,-403.0,-126.0
28.0,844.0,-283.0,-84.0,,-1179.0,-72.0,698.0,-545.0,-102.0
0.0,839.0,-284.0,65.0,,-571.0,-144.0,733.0,-323.0,61.0
-24.0,1250.0,-316.0,179.0,,-12.0,-216.0,593.0,2.0,156.0
-34.0,1095.0,-346.0,234.0,,-572.0,-252.0,624.0,32.0,190.0
-50.0,739.0,-421.0,248.0,,561.0,-286.0,434.0,282.0,215.0
-6.0,718.0,-441.0,253.0,,-916.0,-318.0,299.0,434.0,215.0
20.0,172.0,-500.0,333.0,,-588.0,-336.0,210.0,466.0,315.0
32.0,-446.0,-550.0,358.0,,-887.0,-322.0,107.0,830.0,566.0
22.0,-495.0,-504.0,234.0,,-844.0,-339.0,147.0,772.0,423.0
45.0,-480.0,-487.0,117.0,,335.0,-414.0,59.0,137.0,112.0
91.0,-1048.0,-448.0,68.0,,-1259.0,-493.0,221.0,-162.0,110.0
85.0,-1101.0,-361.0,11.0,,-192.0,-571.0,317.0,132.0,97.0
81.0,-1023.0,-262.0,-6.0,,-415.0,-604.0,478.0,248.0,124.0
57.0,-1250.0,-221.0,23.0,,-467.0,-603.0,587.0,362.0,36.0
87.0,-1089.0,-188.0,17.0,,209.0,-532.0,404.0,498.0,-196.0
89.0,-972.0,-121.0,-80.0,,-1077.0,-393.0,406.0,560.0,-209.0
86.0,-858.0,-160.0,-208.0,,-238.0,-337.0,295.0,642.0,-64.0
82.0,-762.0,-225.0,-197.0,,-758.0,-246.0,295.0,461.0,-115.0
57.0,-720.0,-185.0,-136.0,,-421.0,-98.0,363.0,500.0,-337.0
63.0,-390.0,-252.0,-45.0,,-264.0,-28.0,469.0,399.0,-358.0
56.0,14.0,-283.0,-31.0,,-1080.0,14.0,565.0,283.0,-355.0
55.0,18.0,-290.0,-63.0,,-386.0,65.0,436.0,455.0,-277.0
44.0,147.0,-450.0,106.0,,-1091.0,162.0,389.0,722.0,-69.0
72.0,517.0,-491.0,241.0,,-409.0,183.0,151.0,759.0,-90.0
96.0,317.0,-529.0,331.0,,-849.0,125.0,118.0,284.0,-333.0
89.0,-9.0,-624.0,306.0,,-1149.0,90.0,195.0,172.0,-262.0
102.0,275.0,-648.0,325.0,,-85.0,12.0,221.0,322.0,120.0
122.0,54.0,-640.0,619.0,,-653.0,-14.0,498.0,345.0,77.0
166.0,-605.0,-738.0,885.0,,-158.0,44.0,508.0,248.0,-200.0
145.0,-639.0,-756.0,1063.0,,-958.0,53.0,478.0,-18.0,-156.0
91.0,-487.0,-694.0,1098.0,,-786.0,-14.0,338.0,-316.0,-60.0
47.0,-151.0,-733.0,998.0,,-416.0,-91.0,153.0,-414.0,-190.0
-36.0,-24.0,-652.0,912.0,,-872.0,-165.0,16.0,-356.0,-288.0
-106.0,255.0,-610.0,736.0,,235.0,-199.0,-116.0,-419.0,-454.0
-195.0,628.0,-548.0,450.0,,-997.0,-146.0,121.0,-559.0,-636.0
-201.0,575.0,-465.0,269.0,,-978.0,-126.0,301.0,-671.0,-574.0
-186.0,548.0,-426.0,144.0,,-634.0,-118.0,469.0,-391.0,-477.0
-170.0,349.0,-355.0,219.0,,-613.0,-63.0,404.0,24.0,-558.0
-181.0,162.0,-354.0,422.0,,91.0,-49.0,173.0,238.0,-687.0
-238.0,-491.0,-287.0,377.0,,-1137.0,-59.0,140.0,247.0,-452.0
-229.0,-954.0,-235.0,346.0,,-189.0,-45.0,73.0,155.0,-241.0
-271.0,-1107.0,-304.0,377.0,,-169.0,-22.0,262.0,171.0,-196.0
-304.0,-1495.0,-289.0,381.0,,-290.0,-40.0,293.0,316.0,-97.0
-358.0,-1355.0,-272.0,437.0,,125.0,-52.0,325.0,420.0,29.0
-346.0,-1108.0,-313.0,593.0,,-1074.0,-14.0,513.0,128.0,156.0
-298.0,-552.0,-313.0,660.0,,17.0,-41.0,511.0,-166.0,121.0
-255.0,-450.0,-349.0,376.0,,-267.0,-76.0,493.0,-212.0,84.0
-177.0,-473.0,-297.0,87.0,,264.0,-93.0,360.0,-181.0,-61.0
-106.0,-121.0,-305.0,61.0,,279.0,-193.0,517.0,-209.0,-133.0
-16.0,-443.0,-351.0,181.0,,-1337.0,-310.0,545.0,-267.0,-230.0
9.0,-526.0,-331.0,309.0,,53.0,-405.0,497.0,-263.0,-449.0
28.0,-500.0,-377.0,449.0,,-329.0,-488.0,663.0,-110.0,-453.0
-20.0,-198.0,-373.0,418.0,,438.0,-551.0,548.0,129.0,-403.0
-80.0,347.0,-374.0,64.0,,220.0,-581.0,578.0,201.0,-401.0
-161.0,815.0,-385.0,-149.0,,-990.0,-583.0,594.0,249.0,-471.0
-247.0,1205.0,-387.0,-110.0,,488.0,-598.0,702.0,221.0,-370.0
-323.0,1157.0,-365.0,-137.0,,-500.0,-560.0,715.0,460.0,-237.0
-373.0,1136.0,-338.0,-304.0,,308.0,-444.0,642.0,678.0,-251.0
-389.0,781.0,-341.0,-446.0,,0.0,-347.0,583.0,536.0,-259.0
-430.0,447.0,-264.0,-352.0,,-855.0,-294.0,186.0,450.0,-233.0
-407.0,98.0,-193.0,-183.0,,181.0,-330.0,182.0,360.0,-260.0
-423.0,-163.0,-135.0,-142.0,,-1174.0,-395.0,84.0,468.0,-382.0
-428.0,240.0,-39.0,-61.0,,-198.0,-368.0,73.0,586.0,-359.0
-443.0,776.0,-11.0,186.0,,-622.0,-303.0,415.0,447.0,-356.0
-432.0,1009.0,4.0,492.0,,-635.0,-264.0,611.0,174.0,-657.0
-392.0,1231.0,11.0,850.0,,517.0,-195.0,761.0,68.0,-806.0
-353.0,1610.0,40.0,1108.0,,-861.0,-6.0,657.0,89.0,-638.0
-284.0,1295.0,112.0,1082.0,,-205.0,159.0,755.0,307.0,-673.0
-215.0,562.0,119.0,897.0,,-868.0,193.0,824.0,347.0,-636.0
-136.0,-215.0,131.0,629.0,,22.0,188.0,883.0,-146.0,-611.0
-90.0,-1036.0,127.0,389.0,,749.0,133.0,1005.0,-155.0,-811.0
-18.0,-1814.0,91.0,151.0,,-379.0,13.0,803.0,-70.0,-651.0
17.0,-2072.0,106.0,-130.0,,696.0,-134.0,609.0,-134.0,-323.0
27.0,-1758.0,57.0,-250.0,,-792.0,-252.0,232.0,-185.0,-416.0
47.0,-1392.0,-26.0,-305.0,,-471.0,-385.0,-182.0,-551.0,-722.0
84.0,-632.0,15.0,-426.0,,-97.0,-531.0,-628.0,-660.0,-473.0
77.0,139.0,3.0,-386.0,,-692.0,-654.0,-923.0,-179.0,-334.0
66.0,499.0,-37.0,-161.0,,459.0,-752.0,-776.0,268.0,-542.0
70.0,519.0,-13.0,28.0,,-824.0,-759.0,-667.0,143.0,-385.0
62.0,511.0,-41.0,46.0,,-317.0,-719.0,-430.0,20.0,-452.0
74.0,179.0,-46.0,0.0,,-517.0,-704.0,-144.0,-29.0,-751.0
22.0,-177.0,33.0,58.0,,-494.0,-699.0,92.0,185.0,-560.0
0.0,-237.0,58.0,176.0,,896.0,-501.0,229.0,586.0,-183.0
-25.0,-389.0,31.0,221.0,,-608.0,-209.0,140.0,718.0,-619.0
-21.0,-336.0,62.0,99.0,,-315.0,-60.0,62.0,705.0,-931.0
-8.0,-373.0,65.0,-119.0,,-741.0,63.0,-105.0,471.0,-601.0
-34.0,-109.0,55.0,-375.0,,-423.0,135.0,-25.0,496.0,-568.0
-28.0,119.0,84.0,-435.0,,481.0,97.0,116.0,752.0,-680.0
-37.0,-24.0,93.0,-363.0,,-784.0,30.0,134.0,747.0,-699.0
-1.0,8.0,77.0,-331.0,,-29.0,21.0,168.0,435.0,-723.0
-31.0,-25.0,70.0,-191.0,,-613.0,-3.0,-12.0,447.0,-815.0
-79.0,172.0,52.0,-133.0,,304.0,-20.0,88.0,833.0,-527.0
-80.0,169.0,17.0,-100.0,,1146.0,24.0,232.0,971.0,-414.0
-118.0,32.0,-42.0,28.0,,-473.0,-60.0,362.0,857.0,-780.0
-129.0,352.0,-38.0,184.0,,10.0,-155.0,539.0,434.0,-833.0
-121.0,455.0,4.0,370.0,,-538.0,-163.0,454.0,163.0,-472.0
-83.0,419.0,-34.0,394.0,,482.0,-236.0,504.0,138.0,-481.0
-55.0,336.0,2.0,354.0,,701.0,-303.0,266.0,57.0,-732.0
-30.0,61.0,11.0,316.0,,-575.0,-328.0,75.0,-268.0,-564.0
-22.0,-107.0,-50.0,158.0,,44.0,-304.0,94.0,-785.0,-647.0
-44.0,-145.0,17.0,16.0,,-538.0,-289.0,16.0,-1029.0,-654.0
-32.0,-22.0,52.0,-167.0,,710.0,-353.0,-59.0,-1015.0,-280.0
-23.0,-219.0,8.0,-286.0,,304.0,-412.0,-190.0,-692.0,-186.0
-16.0,-616.0,60.0,-247.0,,-1282.0,-484.0,94.0,-571.0,-493.0
-29.0,-662.0,107.0,-143.0,,-1116.0,-570.0,140.0,-757.0,-284.0
-59.0,-557.0,98.0,-23.0,,-1346.0,-653.0,157.0,-406.0,181.0
-100.0,-528.0,108.0,-3.0,,434.0,-708.0,129.0,96.0,-34.0
-137.0,-449.0,127.0,12.0,,-419.0,-719.0,-284.0,250.0,-88.0
-140.0,-72.0,110.0,-235.0,,-1175.0,-643.0,-369.0,355.0,173.0
-130.0,-131.0,98.0,-616.0,,-315.0,-455.0,-535.0,209.0,88.0
-111.0,-399.0,151.0,-805.0,,-441.0,-295.0,-382.0,-267.0,-28.0
-95.0,-462.0,119.0,-841.0,,1092.0,-132.0,-254.0,-193.0,240.0
-88.0,-702.0,122.0,-678.0,,-116.0,56.0,-288.0,328.0,222.0
-108.0,-686.0,168.0,-453.0,,-724.0,205.0,-75.0,291.0,13.0
-112.0,-575.0,192.0,-90.0,,-510.0,317.0,-136.0,4.0,248.0
-87.0,-334.0,224.0,209.0,,-893.0,425.0,-145.0,75.0,377.0
-53.0,62.0,198.0,421.0,,147.0,506.0,-179.0,477.0,141.0
49.0,523.0,232.0,686.0,,-1195.0,503.0,-99.0,654.0,152.0
182.0,1236.0,184.0,755.0,,-737.0,512.0,-25.0,347.0,456.0
266.0,1659.0,130.0,594.0,,64.0,548.0,-44.0,78.0,366.0
325.0,1641.0,185.0,418.0,,239.0,532.0,-24.0,-51.0,158.0
356.0,1401.0,216.0,350.0,,1005.0,466.0,-238.0,13.0,342.0
378.0,944.0,222.0,221.0,,-509.0,349.0,-430.0,112.0,370.0
379.0,249.0,216.0,159.0,,-223.0,281.0,-776.0,-1.0,187.0
349.0,-437.0,234.0,221.0,,-496.0,274.0,-934.0,-242.0,164.0
346.0,-725.0,229.0,254.0,,-492.0,207.0,-835.0,-477.0,18.0
332.0,-799.0,245.0,277.0,,191.0,73.0,-768.0,-290.0,-240.0
279.0,-646.0,260.0,280.0,,-989.0,-84.0,-454.0,-110.0,-234.0
207.0,-182.0,184.0,121.0,,-391.0,-225.0,-303.0,-323.0,-108.0
137.0,72.0,179.0,-214.0,,-799.0,-275.0,-267.0,-476.0,-430.0
45.0,306.0,186.0,-508.0,,-58.0,-228.0,-389.0,-366.0,-716.0
-50.0,529.0,130.0,-522.0,,273.0,-200.0,-478.0,-126.0,-599.0
-123.0,598.0,147.0,-332.0,,-948.0,-180.0,-389.0,15.0,-591.0
-158.0,804.0,122.0,-277.0,,412.0,-121.0,-528.0,86.0,-612.0
-195.0,613.0,133.0,-271.0,,-301.0,-123.0,-399.0,-21.0,-729.0
-225.0,389.0,133.0,-90.0,,-180.0,-176.0,-253.0,-220.0,-971.0
-198.0,706.0,107.0,334.0,,-228.0,-247.0,72.0,-258.0,-900.0
-174.0,789.0,180.0,775.0,,-757.0,-359.0,269.0,-182.0,-504.0
-178.0,401.0,166.0,892.0,,424.0,-400.0,97.0,-268.0,-471.0
-218.0,165.0,224.0,821.0,,-329.0,-285.0,166.0,-495.0,-674.0
-251.0,14.0,294.0,774.0,,417.0,-177.0,-169.0,-477.0,-649.0
-258.0,-372.0,246.0,781.0,,-320.0,-99.0,-474.0,-261.0,-512.0
-270.0,-919.0,288.0,662.0,,-831.0,26.0,-772.0,12.0,-310.0
-296.0,-1278.0,288.0,326.0,,-25.0,154.0,-1043.0,-111.0,-331.0
-292.0,-1050.0,247.0,83.0,,-761.0,309.0,-1119.0,-502.0,-597.0
-212.0,-727.0,288.0,-97.0,,778.0,457.0,-1223.0,-742.0,-823.0
-156.0,-296.0,254.0,-223.0,,92.0,557.0,-958.0,-738.0,-632.0
-140.0,349.0,303.0,-190.0,,-196.0,592.0,-910.0,-344.0,-399.0
-78.0,858.0,327.0,-84.0,,35.0,589.0,-783.0,20.0,-523.0
-13.0,1328.0,256.0,106.0,,-350.0,556.0,-570.0,-41.0,-687.0
22.0,1488.0,289.0,228.0,,1060.0,463.0,-365.0,-369.0,-486.0
84.0,1321.0,284.0,249.0,,-321.0,419.0,-57.0,-187.0,-107.0
124.0,843.0,294.0,174.0,,659.0,372.0,-181.0,371.0,-54.0
114.0,420.0,309.0,142.0,,892.0,221.0,-293.0,609.0,-44.0
108.0,239.0,419.0,193.0,,-114.0,104.0,-570.0,353.0,-69.0
108.0,-84.0,405.0,124.0,,883.0,76.0,-783.0,-104.0,-35.0
88.0,-125.0,332.0,14.0,,-460.0,62.0,-798.0,21.0,121.0
105.0,35.0,387.0,-50.0,,738.0,56.0,-964.0,517.0,249.0
136.0,212.0,298.0,-36.0,,444.0,51.0,-951.0,718.0,141.0
130.0,535.0,287.0,148.0,,-207.0,83.0,-1034.0,553.0,-89.0
133.0,802.0,305.0,394.0,,337.0,136.0,-973.0,109.0,4.0
144.0,971.0,295.0,505.0,,-719.0,154.0,-831.0,-66.0,178.0
149.0,899.0,289.0,522.0,,1179.0,179.0,-667.0,202.0,216.0
172.0,527.0,244.0,375.0,,441.0,167.0,-406.0,274.0,68.0
252.0,401.0,181.0,185.0,,361.0,184.0,-415.0,14.0,-16.0
325.0,503.0,149.0,80.0,,915.0,352.0,-434.0,-518.0,45.0
336.0,639.0,141.0,4.0,,-272.0,513.0,-637.0,-591.0,89.0
366.0,1046.0,146.0,-38.0,,972.0,601.0,-694.0,-24.0,-71.0
444.0,1044.0,212.0,-323.0,,-328.0,726.0,-546.0,105.0,-288.0
496.0,860.0,220.0,-607.0,,160.0,841.0,-450.0,-174.0,-334.0
504.0,534.0,172.0,-508.0,,218.0,874.0,-262.0,-471.0,-422.0
536.0,-265.0,199.0,-359.0,,-284.0,941.0,-219.0,-284.0,-432.0
588.0,-1030.0,198.0,-313.0,,2111.0,1065.0,-51.0,92.0,-329.0
639.0,-1756.0,162.0,-110.0,,745.0,1134.0,-9.0,165.0,-325.0
663.0,-2173.0,249.0,189.0,,715.0,1105.0,7.0,27.0,-445.0
628.0,-2148.0,198.0,434.0,,-305.0,978.0,116.0,-525.0,-202.0
636.0,-1757.0,146.0,401.0,,-964.0,820.0,-44.0,-560.0,89.0
648.0,-1157.0,126.0,168.0,,1348.0,619.0,-131.0,201.0,-60.0
556.0,-263.0,55.0,28.0,,600.0,350.0,-345.0,540.0,-70.0
445.0,342.0,51.0,-209.0,,1358.0,131.0,-497.0,60.0,59.0
366.0,475.0,15.0,-360.0,,67.0,-46.0,-617.0,-524.0,56.0
283.0,614.0,19.0,-291.0,,-258.0,-220.0,-759.0,-443.0,44.0
161.0,426.0,-34.0,-158.0,,1406.0,-257.0,-702.0,97.0,142.0
50.0,157.0,-28.0,-20.0,,361.0,-168.0,-844.0,77.0,120.0
-39.0,104.0,-63.0,107.0,,1229.0,-99.0,-794.0,-383.0,-55.0
-87.0,524.0,-156.0,113.0,,215.0,-63.0,-912.0,-531.0,38.0
-82.0,1233.0,-213.0,-76.0,,809.0,38.0,-1106.0,-494.0,202.0
-83.0,1868.0,-249.0,-312.0,,1580.0,270.0,-1023.0,-204.0,170.0
-38.0,2026.0,-216.0,-480.0,,375.0,534.0,-973.0,142.0,217.0
70.0,1912.0,-228.0,-525.0,,1055.0,676.0,-631.0,-117.0,297.0
181.0,1502.0,-174.0,-476.0,,-309.0,826.0,-454.0,-610.0,262.0
228.0,641.0,-150.0,-359.0,,847.0,1034.0,-323.0,-508.0,258.0
260.0,-56.0,-156.0,-326.0,,1245.0,1115.0,-312.0,29.0,462.0
306.0,-1095.0,-93.0,-298.0,,335.0,1143.0,-434.0,121.0,497.0
327.0,-1917.0,-45.0,-197.0,,880.0,1106.0,-487.0,-502.0,299.0
344.0,-2286.0,-41.0,-78.0,,-526.0,971.0,-705.0,-861.0,292.0
378.0,-2363.0,16.0,-62.0,,492.0,861.0,-600.0,-566.0,193.0
439.0,-1985.0,-40.0,-46.0,,256.0,776.0,-521.0,-220.0,53.0
469.0,-1475.0,-79.0,186.0,,133.0,678.0,-221.0,-193.0,-44.0
475.0,-572.0,-29.0,469.0,,674.0,613.0,133.0,-628.0,-297.0
476.0,377.0,-48.0,723.0,,-371.0,685.0,175.0,-1009.0,-560.0
433.0,1007.0,-16.0,751.0,,884.0,746.0,286.0,-1014.0,-622.0
369.0,1118.0,-16.0,484.0,,350.0,688.0,48.0,-830.0,-484.0
321.0,1179.0,15.0,186.0,,751.0,647.0,-94.0,-645.0,-467.0
284.0,962.0,-15.0,54.0,,709.0,650.0,-194.0,-1020.0,-560.0
271.0,499.0,53.0,-12.0,,49.0,641.0,-210.0,-1612.0,-620.0
309.0,155.0,7.0,-60.0,,1937.0,610.0,49.0,-1158.0,-553.0
329.0,-438.0,-2.0,13.0,,1112.0,557.0,147.0,-273.0,-321.0
352.0,-678.0,122.0,167.0,,1095.0,454.0,249.0,-363.0,-102.0
394.0,-860.0,55.0,276.0,,711.0,372.0,168.0,-636.0,-245.0
407.0,-729.0,137.0,80.0,,1001.0,280.0,153.0,-448.0,-467.0
389.0,-359.0,107.0,-271.0,,2243.0,166.0,145.0,-306.0,-288.0
397.0,-398.0,79.0,-397.0,,782.0,163.0,51.0,85.0,-179.0
446.0,-369.0,112.0,-366.0,,1236.0,233.0,66.0,366.0,-374.0
461.0,-158.0,120.0,-247.0,,143.0,313.0,-70.0,-141.0,-587.0
470.0,45.0,175.0,-80.0,,93.0,342.0,9.0,-524.0,-729.0
501.0,-189.0,225.0,-134.0,,1197.0,433.0,81.0,-144.0,-864.0
541.0,-182.0,258.0,-327.0,,335.0,638.0,169.0,292.0,-782.0
534.0,300.0,235.0,-424.0,,526.0,724.0,325.0,275.0,-624.0
517.0,535.0,241.0,-354.0,,-711.0,715.0,238.0,-206.0,-828.0
526.0,371.0,178.0,-261.0,,573.0,713.0,179.0,-497.0,-915.0
527.0,95.0,130.0,-276.0,,1356.0,713.0,-48.0,-43.0,-637.0
533.0,-52.0,66.0,-166.0,,626.0,729.0,-186.0,331.0,-373.0
509.0,-113.0,13.0,-16.0,,854.0,710.0,-327.0,192.0,-310.0
485.0,-35.0,-12.0,143.0,,-843.0,661.0,-454.0,-198.0,-273.0
460.0,-186.0,-4.0,373.0,,449.0,617.0,-290.0,-552.0,-180.0
394.0,-603.0,91.0,599.0,,707.0,536.0,-277.0,-323.0,-57.0
283.0,-1084.0,163.0,784.0,,277.0,372.0,-145.0,346.0,224.0
228.0,-1229.0,160.0,695.0,,766.0,255.0,-134.0,393.0,257.0
219.0,-1174.0,166.0,456.0,,-423.0,235.0,-123.0,-316.0,28.0
146.0,-1116.0,90.0,265.0,,1084.0,224.0,49.0,-717.0,-27.0
60.0,-499.0,58.0,-87.0,,822.0,223.0,81.0,-539.0,90.0
13.0,148.0,76.0,-363.0,,799.0,221.0,197.0,-121.0,145.0
13.0,313.0,34.0,-372.0,,1297.0,281.0,133.0,-90.0,58.0
-28.0,143.0,91.0,-387.0,,196.0,374.0,194.0,-665.0,-56.0
-67.0,-289.0,58.0,-280.0,,1521.0,431.0,260.0,-962.0,-142.0
-89.0,-650.0,73.0,-151.0,,826.0,508.0,301.0,-398.0,-37.0
-126.0,-736.0,33.0,-216.0,,1065.0,623.0,378.0,168.0,176.0
-139.0,-825.0,-47.0,-306.0,,1129.0,717.0,267.0,158.0,135.0
-178.0,-660.0,-22.0,-283.0,,243.0,724.0,412.0,54.0,-18.0
-182.0,-37.0,-68.0,-170.0,,1485.0,702.0,382.0,-336.0,33.0
-166.0,763.0,-63.0,-41.0,,579.0,629.0,437.0,-516.0,103.0
-139.0,1338.0,-71.0,68.0,,947.0,552.0,545.0,-89.0,195.0
-96.0,1662.0,-119.0,185.0,,477.0,469.0,458.0,-178.0,233.0
-66.0,2127.0,-137.0,321.0,,342.0,362.0,513.0,-802.0,175.0
-1.0,2333.0,-136.0,448.0,,1515.0,373.0,352.0,-864.0,74.0
57.0,2304.0,-201.0,425.0,,198.0,392.0,308.0,-320.0,71.0
101.0,1949.0,-225.0,153.0,,906.0,392.0,188.0,226.0,247.0
142.0,1340.0,-236.0,-140.0,,387.0,339.0,0.0,171.0,153.0
202.0,870.0,-280.0,-366.0,,225.0,252.0,-127.0,-279.0,-8.0
265.0,457.0,-292.0,-498.0,,989.0,214.0,-262.0,-465.0,-54.0
289.0,-152.0,-255.0,-539.0,,512.0,154.0,-109.0,-531.0,9.0
255.0,-1160.0,-203.0,-498.0,,1153.0,137.0,-24.0,-150.0,50.0
172.0,-1840.0,-239.0,-344.0,,-68.0,179.0,306.0,-31.0,-58.0
158.0,-2294.0,-156.0,-283.0,,888.0,282.0,646.0,-461.0,-166.0
156.0,-2686.0,-149.0,-343.0,,1496.0,325.0,879.0,-558.0,-299.0
132.0,-3078.0,-187.0,-274.0,,523.0,293.0,1082.0,-275.0,-207.0
92.0,-2893.0,-151.0,-71.0,,1385.0,291.0,888.0,283.0,-109.0
93.0,-1739.0,-166.0,14.0,,567.0,239.0,750.0,282.0,-235.0
140.0,-920.0,-111.0,46.0,,1327.0,148.0,489.0,-250.0,-394.0
129.0,-2.0,-79.0,62.0,,1198.0,62.0,321.0,-441.0,-439.0
135.0,814.0,-19.0,44.0,,811.0,-6.0,240.0,100.0,-385.0
105.0,979.0,-10.0,162.0,,1245.0,-22.0,64.0,717.0,-244.0
96.0,1195.0,-58.0,325.0,,132.0,45.0,-7.0,706.0,-126.0
71.0,1319.0,-67.0,477.0,,1262.0,130.0,-332.0,314.0,-281.0
36.0,1134.0,-144.0,526.0,,1016.0,203.0,-388.0,37.0,-382.0
69.0,913.0,-207.0,353.0,,1012.0,164.0,-297.0,177.0,-195.0
93.0,822.0,-185.0,37.0,,908.0,85.0,-181.0,374.0,-63.0
154.0,459.0,-223.0,-315.0,,145.0,99.0,-1.0,469.0,-257.0
174.0,168.0,-281.0,-432.0,,1471.0,84.0,-24.0,232.0,-378.0
204.0,74.0,-314.0,-376.0,,410.0,71.0,153.0,-141.0,-438.0
288.0,-129.0,-381.0,-276.0,,492.0,67.0,277.0,-94.0,-611.0
337.0,-101.0,-401.0,-202.0,,469.0,19.0,437.0,356.0,-651.0
333.0,114.0,-443.0,-182.0,,421.0,-12.0,473.0,168.0,-638.0
331.0,245.0,-413.0,-170.0,,1784.0,57.0,406.0,-495.0,-771.0
289.0,228.0,-391.0,-239.0,,759.0,73.0,532.0,-410.0,-962.0
212.0,370.0,-375.0,-152.0,,1465.0,-85.0,576.0,-246.0,-817.0
147.0,681.0,-249.0,-54.0,,1218.0,-183.0,787.0,97.0,-659.0
36.0,730.0,-218.0,-120.0,,1118.0,-172.0,757.0,410.0,-692.0
-46.0,605.0,-197.0,-285.0,,1878.0,-129.0,670.0,14.0,-789.0
-101.0,558.0,-142.0,-408.0,,1036.0,-160.0,626.0,-170.0,-832.0
-113.0,389.0,-251.0,-280.0,,1837.0,-267.0,487.0,123.0,-724.0
-158.0,9.0,-272.0,-60.0,,833.0,-302.0,663.0,414.0,-649.0
-225.0,-317.0,-206.0,81.0,,912.0,-305.0,796.0,217.0,-567.0
-233.0,-458.0,-253.0,-27.0,,1058.0,-322.0,968.0,-279.0,-647.0
-223.0,-287.0,-159.0,-177.0,,271.0,-335.0,975.0,-458.0,-707.0
-232.0,108.0,-92.0,-115.0,,1497.0,-339.0,835.0,-139.0,-475.0
-264.0,371.0,-2.0,65.0,,583.0,-356.0,731.0,244.0,-198.0
-264.0,458.0,-11.0,304.0,,1064.0,-349.0,458.0,255.0,-149.0
-284.0,526.0,-118.0,551.0,,754.0,-304.0,417.0,63.0,-172.0
-289.0,442.0,-66.0,669.0,,274.0,-246.0,386.0,-163.0,-97.0
-284.0,283.0,-159.0,574.0,,1336.0,-190.0,452.0,30.0,-9.0
-309.0,283.0,-112.0,597.0,,213.0,-190.0,572.0,475.0,128.0
-314.0,259.0,-68.0,863.0,,1282.0,-212.0,524.0,254.0,89.0
-286.0,187.0,-185.0,1077.0,,826.0,-237.0,521.0,-295.0,-61.0
-258.0,91.0,-152.0,1110.0,,262.0,-182.0,352.0,-612.0,-159.0
-221.0,-33.0,-191.0,994.0,,665.0,-63.0,271.0,-589.0,-114.0
-171.0,10.0,-268.0,769.0,,-302.0,14.0,131.0,-195.0,67.0
-128.0,55.0,-315.0,565.0,,940.0,3.0,62.0,-150.0,67.0
-102.0,342.0,-405.0,418.0,,543.0,-93.0,229.0,-621.0,-29.0
-112.0,902.0,-470.0,266.0,,790.0,-195.0,267.0,-810.0,-39.0
-163.0,876.0,-448.0,82.0,,634.0,-297.0,443.0,-442.0,74.0
-214.0,685.0,-426.0,-119.0,,138.0,-295.0,406.0,-14.0,189.0
-237.0,632.0,-397.0,-387.0,,1571.0,-224.0,319.0,140.0,244.0
-268.0,342.0,-312.0,-713.0,,619.0,-222.0,219.0,277.0,195.0
-279.0,112.0,-301.0,-951.0,,908.0,-288.0,-18.0,348.0,-19.0
-303.0,-192.0,-260.0,-1006.0,,427.0,-330.0,16.0,406.0,-69.0
-245.0,-397.0,-262.0,-944.0,,438.0,-286.0,-11.0,737.0,176.0
-188.0,-466.0,-356.0,-961.0,,1398.0,-264.0,86.0,760.0,228.0
-173.0,-592.0,-431.0,-942.0,,377.0,-230.0,127.0,206.0,-29.0
-134.0,-746.0,-380.0,-862.0,,1256.0,-115.0,125.0,15.0,-123.0
-155.0,-860.0,-303.0,-622.0,,686.0,-19.0,203.0,293.0,27.0
-150.0,-770.0,-375.0,-152.0,,685.0,-17.0,179.0,595.0,147.0
-151.0,-854.0,-349.0,202.0,,584.0,-34.0,360.0,730.0,67.0
-130.0,-503.0,-348.0,428.0,,-650.0,-84.0,229.0,353.0,-95.0
-162.0,9.0,-468.0,522.0,,600.0,-169.0,136.0,172.0,-179.0
-197.0,133.0,-536.0,471.0,,346.0,-236.0,212.0,300.0,-153.0
-204.0,500.0,-527.0,457.0,,640.0,-318.0,264.0,409.0,-114.0
-241.0,571.0,-594.0,417.0,,317.0,-357.0,487.0,491.0,6.0
-221.0,427.0,-600.0,112.0,,-477.0,-355.0,473.0,161.0,-40.0
-195.0,503.0,-565.0,-250.0,,535.0,-341.0,482.0,12.0,-218.0
-141.0,658.0,-628.0,-452.0,,603.0,-347.0,391.0,424.0,-21.0
-144.0,581.0,-595.0,-525.0,,1336.0,-363.0,388.0,815.0,151.0
-146.0,248.0,-681.0,-425.0,,226.0,-322.0,437.0,635.0,122.0
-136.0,-337.0,-686.0,-290.0,,-512.0,-280.0,269.0,263.0,-32.0
-151.0,-1081.0,-655.0,-98.0,,-92.0,-243.0,225.0,92.0,-56.0
-161.0,-1502.0,-679.0,98.0,,-341.0,-208.0,84.0,235.0,98.0
-200.0,-1751.0,-569.0,318.0,,628.0,-179.0,94.0,711.0,29.0
-249.0,-1376.0,-530.0,620.0,,-607.0,-62.0,35.0,585.0,10.0
-335.0,-772.0,-467.0,754.0,,-721.0,21.0,7.0,28.0,36.0
-418.0,-372.0,-416.0,653.0,,-188.0,1.0,121.0,-41.0,-116.0
-511.0,223.0,-434.0,550.0,,-610.0,36.0,79.0,235.0,-112.0
-564.0,666.0,-508.0,511.0,,-95.0,71.0,279.0,394.0,117.0
-544.0,983.0,-595.0,395.0,,-932.0,50.0,358.0,202.0,139.0
-530.0,1199.0,-623.0,249.0,,-108.0,11.0,441.0,-264.0,-64.0
-544.0,1492.0,-733.0,66.0,,104.0,-9.0,408.0,-448.0,-117.0
-523.0,1731.0,-748.0,-152.0,,-368.0,-17.0,205.0,-270.0,-120.0
-516.0,1788.0,-680.0,-283.0,,-102.0,-66.0,160.0,-114.0,-305.0
-542.0,1577.0,-735.0,-98.0,,-837.0,-163.0,-18.0,-201.0,-281.0
-529.0,944.0,-709.0,168.0,,81.0,-281.0,27.0,-394.0,-201.0
-479.0,303.0,-705.0,334.0,,-217.0,-314.0,-18.0,-252.0,-367.0
-430.0,-365.0,-752.0,535.0,,-203.0,-296.0,-97.0,-37.0,-396.0
-417.0,-924.0,-736.0,310.0,,29.0,-306.0,-105.0,466.0,-183.0
-329.0,-1319.0,-731.0,-117.0,,-765.0,-256.0,-254.0,585.0,-21.0
-248.0,-1753.0,-720.0,-298.0,,10.0,-156.0,-225.0,-35.0,-122.0
-199.0,-2148.0,-754.0,-398.0,,-688.0,-93.0,-389.0,-69.0,-94.0
-132.0,-2182.0,-755.0,-436.0,,-127.0,-18.0,-447.0,21.0,62.0
-96.0,-1852.0,-737.0,-375.0,,-71.0,21.0,-458.0,73.0,169.0
-67.0,-1428.0,-703.0,-344.0,,-1061.0,-48.0,-439.0,229.0,226.0
-48.0,-804.0,-716.0,-396.0,,-391.0,-65.0,-201.0,8.0,180.0
-10.0,-41.0,-795.0,-380.0,,-832.0,-65.0,-162.0,-86.0,199.0
1.0,525.0,-815.0,-321.0,,42.0,-91.0,-46.0,318.0,229.0
-2.0,775.0,-891.0,-275.0,,-716.0,-57.0,-75.0,899.0,314.0
-19.0,986.0,-941.0,-220.0,,-1574.0,-23.0,-110.0,904.0,386.0
-57.0,957.0,-873.0,-153.0,,-760.0,22.0,-118.0,536.0,448.0
-119.0,771.0,-873.0,-298.0,,-1088.0,90.0,-238.0,573.0,317.0
-186.0,912.0,-900.0,-515.0,,-279.0,167.0,-208.0,679.0,94.0
-280.0,1046.0,-895.0,-579.0,,-1306.0,213.0,-351.0,941.0,255.0
-374.0,992.0,-1017.0,-779.0,,-1545.0,278.0,-424.0,1200.0,336.0
-430.0,983.0,-1042.0,-816.0,,-1169.0,328.0,-498.0,501.0,54.0
-495.0,1020.0,-995.0,-511.0,,-1536.0,366.0,-447.0,-63.0,-166.0
-513.0,900.0,-976.0,-187.0,,-610.0,425.0,-230.0,269.0,-86.0
-494.0,825.0,-919.0,-4.0,,-1729.0,421.0,-186.0,619.0,-149.0
-444.0,955.0,-855.0,6.0,,-1519.0,417.0,-46.0,645.0,-348.0
-396.0,935.0,-743.0,7.0,,-1287.0,336.0,-31.0,308.0,-324.0
-325.0,475.0,-682.0,75.0,,-1341.0,249.0,114.0,50.0,-365.0
-241.0,-146.0,-637.0,241.0,,-753.0,148.0,243.0,86.0,-502.0
-226.0,-567.0,-636.0,442.0,,-1867.0,9.0,216.0,230.0,-245.0
-218.0,-920.0,-622.0,493.0,,-1012.0,-74.0,351.0,-22.0,124.0
-210.0,-1177.0,-645.0,363.0,,-653.0,-157.0,362.0,-788.0,49.0
-223.0,-1197.0,-628.0,308.0,,-246.0,-185.0,487.0,-917.0,47.0
-225.0,-1114.0,-571.0,349.0,,-187.0,-226.0,461.0,-299.0,297.0
-239.0,-1205.0,-576.0,275.0,,-1550.0,-261.0,290.0,-92.0,471.0
-286.0,-1262.0,-579.0,172.0,,-616.0,-241.0,-7.0,-114.0,416.0
-312.0,-1203.0,-566.0,89.0,,-420.0,-123.0,-519.0,-106.0,421.0
-301.0,-1069.0,-580.0,-32.0,,-201.0,79.0,-776.0,-327.0,422.0
-314.0,-861.0,-626.0,-179.0,,-664.0,241.0,-1058.0,-165.0,299.0
-339.0,-556.0,-554.0,-176.0,,-1404.0,404.0,-1156.0,-14.0,435.0
-340.0,248.0,-542.0,58.0,,-678.0,528.0,-1149.0,-162.0,521.0
-393.0,770.0,-434.0,334.0,,-1092.0,627.0,-1036.0,-433.0,477.0
-464.0,792.0,-335.0,645.0,,-696.0,645.0,-713.0,-594.0,434.0
-532.0,815.0,-291.0,897.0,,-1229.0,564.0,-631.0,-212.0,527.0
-601.0,622.0,-242.0,862.0,,-1398.0,535.0,-454.0,226.0,707.0
-650.0,324.0,-234.0,697.0,,-808.0,548.0,-338.0,416.0,966.0
-693.0,88.0,-237.0,508.0,,-1460.0,508.0,-182.0,108.0,1144.0
-694.0,110.0,-314.0,347.0,,-842.0,299.0,-36.0,-11.0,984.0
-684.0,391.0,-247.0,359.0,,-1191.0,97.0,-51.0,318.0,1054.0
-639.0,900.0,-278.0,359.0,,-886.0,35.0,38.0,553.0,1234.0
-599.0,1435.0,-291.0,245.0,,-953.0,-70.0,-112.0,499.0,1190.0
-618.0,1708.0,-278.0,46.0,,-1886.0,-211.0,-147.0,-20.0,962.0
-607.0,1436.0,-295.0,-114.0,,-1188.0,-200.0,-328.0,-70.0,832.0
-528.0,715.0,-302.0,-148.0,,-1523.0,-42.0,-657.0,407.0,776.0
-453.0,153.0,-338.0,-219.0,,-642.0,109.0,-792.0,769.0,709.0
-410.0,-438.0,-307.0,-244.0,,-688.0,303.0,-1018.0,892.0,836.0
-365.0,-1257.0,-322.0,-110.0,,-1327.0,481.0,-968.0,751.0,755.0
-308.0,-1767.0,-333.0,62.0,,-788.0,546.0,-897.0,772.0,530.0
-251.0,-1609.0,-405.0,181.0,,-1097.0,589.0,-668.0,958.0,556.0
-214.0,-1082.0,-417.0,231.0,,-110.0,637.0,-378.0,849.0,778.0
-196.0,-521.0,-434.0,210.0,,-768.0,648.0,-234.0,766.0,681.0
-203.0,133.0,-425.0,262.0,,-974.0,565.0,83.0,417.0,551.0
-192.0,609.0,-376.0,490.0,,-677.0,462.0,308.0,-242.0,703.0
-159.0,606.0,-364.0,628.0,,-848.0,386.0,654.0,-70.0,668.0
-132.0,453.0,-282.0,488.0,,661.0,333.0,727.0,171.0,670.0
-100.0,353.0,-253.0,318.0,,-397.0,285.0,620.0,155.0,805.0
-73.0,377.0,-179.0,252.0,,-419.0,224.0,476.0,-71.0,792.0
-88.0,432.0,-136.0,162.0,,-212.0,234.0,55.0,-464.0,621.0
-143.0,397.0,-116.0,45.0,,-586.0,333.0,-216.0,-177.0,776.0
-176.0,1.0,-83.0,-10.0,,-88.0,403.0,-576.0,205.0,999.0
-197.0,-548.0,-97.0,-88.0,,-1243.0,447.0,-739.0,270.0,856.0
-276.0,-622.0,-127.0,-224.0,,-475.0,544.0,-676.0,-17.0,791.0
-318.0,-504.0,-197.0,-140.0,,-698.0,572.0,-467.0,-168.0,819.0
-281.0,-363.0,-228.0,203.0,,-786.0,572.0,-171.0,-115.0,789.0
-286.0,-663.0,-308.0,386.0,,-242.0,582.0,-94.0,-76.0,762.0
-285.0,-963.0,-338.0,245.0,,-1076.0,434.0,134.0,-157.0,885.0
-280.0,-824.0,-393.0,-1.0,,-276.0,232.0,114.0,-520.0,942.0
-312.0,-795.0,-373.0,-295.0,,-775.0,131.0,48.0,-501.0,834.0
-287.0,-575.0,-304.0,-437.0,,-444.0,57.0,-133.0,-321.0,830.0
-231.0,-438.0,-318.0,-305.0,,-740.0,-45.0,-582.0,-51.0,811.0
-209.0,-136.0,-196.0,-92.0,,-1228.0,-195.0,-742.0,-121.0,670.0
-231.0,558.0,-211.0,107.0,,181.0,-317.0,-931.0,-659.0,546.0
-193.0,909.0,-231.0,311.0,,-686.0,-347.0,-885.0,-738.0,365.0
-145.0,858.0,-251.0,550.0,,-377.0,-329.0,-801.0,-531.0,175.0
-150.0,807.0,-286.0,740.0,,-983.0,-154.0,-689.0,-426.0,266.0
-135.0,490.0,-297.0,948.0,,-1404.0,41.0,-456.0,-459.0,352.0
-161.0,-173.0,-356.0,1106.0,,-684.0,188.0,-404.0,-665.0,251.0
-205.0,-608.0,-334.0,993.0,,-1495.0,416.0,-256.0,-771.0,268.0
-262.0,-718.0,-375.0,624.0,,-640.0,598.0,-367.0,-546.0,354.0
-274.0,-500.0,-408.0,258.0,,-1273.0,661.0,-476.0,-418.0,280.0
-322.0,-353.0,-424.0,31.0,,-1055.0,587.0,-679.0,-235.0,325.0
-393.0,-187.0,-399.0,-225.0,,-705.0,476.0,-966.0,-296.0,490.0
-382.0,64.0,-398.0,-355.0,,-1343.0,359.0,-920.0,-286.0,440.0
-407.0,156.0,-349.0,-238.0,,-292.0,163.0,-844.0,461.0,431.0
-401.0,448.0,-309.0,-83.0,,-937.0,-84.0,-448.0,775.0,490.0
-390.0,900.0,-419.0,76.0,,-445.0,-300.0,-70.0,614.0,578.0
-340.0,925.0,-411.0,176.0,,-623.0,-402.0,253.0,290.0,566.0
-332.0,795.0,-416.0,106.0,,-954.0,-457.0,482.0,27.0,497.0
-349.0,1211.0,-425.0,88.0,,-333.0,-465.0,402.0,246.0,447.0
-292.0,1148.0,-386.0,100.0,,-1041.0,-380.0,297.0,515.0,336.0
-284.0,527.0,-412.0,-35.0,,-317.0,-239.0,11.0,363.0,515.0
-267.0,63.0,-421.0,-190.0,,-1385.0,-35.0,-5.0,54.0,490.0
-277.0,-357.0,-388.0,-277.0,,-1385.0,182.0,-5.0,-188.0,268.0
-269.0,-764.0,-360.0,-287.0,,-604.0,215.0,-20.0,-426.0,291.0
-209.0,-1202.0,-447.0,-254.0,,-1327.0,119.0,145.0,-122.0,400.0
-165.0,-1335.0,-393.0,-356.0,,-688.0,97.0,79.0,96.0,400.0
-122.0,-1086.0,-355.0,-618.0,,-1654.0,32.0,103.0,-222.0,365.0
-97.0,-664.0,-460.0,-743.0,,-1103.0,-104.0,9.0,-294.0,464.0
-36.0,-1.0,-406.0,-738.0,,-723.0,-172.0,-18.0,50.0,342.0
-4.0,921.0,-403.0,-618.0,,-1302.0,-219.0,-42.0,208.0,345.0
-33.0,1385.0,-411.0,-401.0,,-820.0,-283.0,-219.0,61.0,568.0
24.0,1489.0,-407.0,-262.0,,-1549.0,-380.0,-304.0,-43.0,707.0
33.0,1511.0,-348.0,-39.0,,-488.0,-482.0,-498.0,-141.0,612.0
-23.0,1367.0,-315.0,285.0,,-731.0,-496.0,-445.0,-41.0,551.0
-39.0,826.0,-291.0,519.0,,-859.0,-491.0,-362.0,323.0,769.0
-51.0,70.0,-222.0,692.0,,-383.0,-492.0,-136.0,682.0,730.0
-38.0,17.0,-197.0,936.0,,-1277.0,-438.0,169.0,256.0,630.0
-32.0,-289.0,-175.0,1038.0,,-495.0,-341.0,216.0,-16.0,542.0
51.0,-738.0,-204.0,906.0,,-1523.0,-292.0,312.0,237.0,371.0
101.0,-690.0,-127.0,737.0,,-1137.0,-269.0,155.0,-47.0,305.0
145.0,-510.0,-212.0,577.0,,-455.0,-192.0,86.0,-294.0,388.0
239.0,-400.0,-199.0,505.0,,-833.0,-123.0,-9.0,-633.0,374.0
262.0,-439.0,-155.0,500.0,,223.0,-107.0,-260.0,-791.0,146.0
266.0,-171.0,-261.0,345.0,,-888.0,-197.0,-419.0,-542.0,128.0
233.0,-61.0,-202.0,47.0,,-405.0,-286.0,-670.0,-128.0,136.0
243.0,-3.0,-214.0,-288.0,,-505.0,-297.0,-624.0,-21.0,73.0
225.0,-30.0,-197.0,-577.0,,-671.0,-288.0,-541.0,-384.0,138.0
191.0,-124.0,-156.0,-561.0,,130.0,-280.0,-367.0,-358.0,142.0
178.0,85.0,-127.0,-291.0,,-1058.0,-280.0,-97.0,-246.0,99.0
118.0,-213.0,-130.0,20.0,,118.0,-284.0,3.0,55.0,292.0
87.0,-638.0,-110.0,280.0,,-212.0,-311.0,157.0,259.0,596.0
44.0,-359.0,-84.0,535.0,,-226.0,-355.0,101.0,-299.0,540.0
-4.0,-16.0,-127.0,771.0,,386.0,-475.0,175.0,-619.0,402.0
-20.0,-143.0,-147.0,646.0,,-697.0,-560.0,214.0,-263.0,553.0
-39.0,-276.0,-248.0,304.0,,-54.0,-552.0,192.0,-114.0,619.0
-51.0,-373.0,-341.0,107.0,,-711.0,-516.0,214.0,-121.0,551.0
-45.0,-645.0,-402.0,-50.0,,-76.0,-484.0,-25.0,-297.0,610.0
-12.0,-829.0,-442.0,-166.0,,-159.0,-526.0,-42.0,-472.0,658.0
-8.0,-802.0,-438.0,-79.0,,-551.0,-529.0,-140.0,-177.0,695.0
-68.0,-624.0,-445.0,128.0,,369.0,-518.0,-238.0,167.0,856.0
-123.0,-334.0,-390.0,197.0,,-855.0,-541.0,-384.0,237.0,966.0
-193.0,103.0,-367.0,-16.0,,233.0,-531.0,-607.0,-160.0,911.0
-233.0,317.0,-319.0,-291.0,,-29.0,-535.0,-545.0,0.0,832.0
-248.0,261.0,-266.0,-531.0,,-212.0,-609.0,-537.0,414.0,907.0
-208.0,550.0,-304.0,-698.0,,505.0,-789.0,-262.0,562.0,902.0
-191.0,687.0,-272.0,-678.0,,-740.0,-980.0,-9.0,645.0,751.0
-208.0,462.0,-315.0,-488.0,,214.0,-1195.0,240.0,414.0,707.0
-198.0,245.0,-308.0,-169.0,,-160.0,-1343.0,506.0,484.0,568.0
-248.0,64.0,-295.0,82.0,,369.0,-1260.0,497.0,160.0,362.0
-232.0,286.0,-299.0,304.0,,390.0,-1155.0,569.0,-152.0,297.0
-173.0,655.0,-254.0,474.0,,-784.0,-1075.0,426.0,-209.0,194.0
-101.0,838.0,-291.0,543.0,,344.0,-939.0,256.0,-739.0,8.0
-56.0,677.0,-296.0,578.0,,-352.0,-767.0,-97.0,-904.0,-60.0
33.0,268.0,-377.0,500.0,,238.0,-668.0,-522.0,-750.0,-52.0
149.0,-137.0,-354.0,301.0,,118.0,-594.0,-654.0,-520.0,-126.0
194.0,-489.0,-358.0,-36.0,,-170.0,-419.0,-748.0,-484.0,-174.0
245.0,-888.0,-426.0,-264.0,,333.0,-338.0,-604.0,-675.0,-111.0
259.0,-1201.0,-398.0,-368.0,,-967.0,-451.0,-593.0,-504.0,-21.0
260.0,-1064.0,-396.0,-463.0,,-12.0,-677.0,-517.0,-120.0,41.0
201.0,-1157.0,-380.0,-487.0,,-634.0,-841.0,-295.0,-147.0,148.0
159.0,-1195.0,-399.0,-447.0,,-415.0,-897.0,-114.0,-443.0,275.0
133.0,-632.0,-370.0,-416.0,,307.0,-918.0,188.0,-520.0,295.0
138.0,-235.0,-302.0,-518.0,,-546.0,-937.0,312.0,-331.0,317.0
177.0,-166.0,-232.0,-521.0,,339.0,-955.0,524.0,40.0,319.0
173.0,148.0,-189.0,-488.0,,-732.0,-892.0,497.0,151.0,229.0
168.0,600.0,-137.0,-492.0,,21.0,-818.0,328.0,90.0,271.0
154.0,856.0,-71.0,-338.0,,59.0,-707.0,299.0,64.0,400.0
157.0,1179.0,-50.0,-204.0,,-713.0,-556.0,86.0,345.0,373.0
125.0,1247.0,-34.0,-98.0,,134.0,-420.0,-12.0,640.0,212.0
104.0,990.0,-54.0,-7.0,,-882.0,-314.0,-262.0,589.0,117.0
85.0,531.0,-68.0,88.0,,423.0,-317.0,-397.0,512.0,35.0
28.0,3.0,-76.0,228.0,,253.0,-397.0,-419.0,358.0,-163.0
2.0,-357.0,-119.0,296.0,,52.0,-529.0,-515.0,344.0,-301.0
4.0,-564.0,-145.0,418.0,,564.0,-670.0,-482.0,295.0,-484.0
-7.0,-562.0,-155.0,467.0,,-287.0,-838.0,-548.0,96.0,-642.0
-2.0,-434.0,-174.0,237.0,,810.0,-1042.0,-380.0,-43.0,-456.0
54.0,-204.0,-160.0,18.0,,-265.0,-1244.0,-334.0,1.0,-319.0
102.0,-313.0,-153.0,34.0,,41.0,-1430.0,-321.0,-14.0,-393.0
122.0,-384.0,-186.0,229.0,,656.0,-1552.0,-210.0,-7.0,-403.0
163.0,-262.0,-170.0,302.0,,47.0,-1631.0,-206.0,143.0,-313.0
216.0,-317.0,-166.0,123.0,,897.0,-1592.0,5.0,199.0,-259.0
249.0,-442.0,-180.0,-156.0,,11.0,-1447.0,31.0,83.0,-227.0
315.0,-711.0,-111.0,-439.0,,835.0,-1269.0,149.0,-281.0,-190.0
358.0,-891.0,-155.0,-474.0,,488.0,-1044.0,229.0,-291.0,-237.0
358.0,-821.0,-195.0,-339.0,,-162.0,-804.0,181.0,-129.0,-128.0
329.0,-362.0,-206.0,-226.0,,719.0,-635.0,190.0,98.0,93.0
295.0,-29.0,-321.0,-54.0,,-250.0,-564.0,36.0,-18.0,197.0
277.0,112.0,-365.0,164.0,,841.0,-508.0,53.0,-517.0,145.0
242.0,320.0,-393.0,392.0,,265.0,-506.0,-101.0,-396.0,123.0
294.0,493.0,-380.0,505.0,,-24.0,-586.0,-173.0,-273.0,273.0
349.0,663.0,-394.0,428.0,,525.0,-665.0,-184.0,-144.0,396.0
354.0,716.0,-413.0,265.0,,-236.0,-713.0,-216.0,245.0,457.0
372.0,954.0,-361.0,72.0,,1198.0,-906.0,31.0,112.0,462.0
370.0,1303.0,-364.0,-59.0,,293.0,-1101.0,9.0,-33.0,377.0
380.0,1538.0,-336.0,-40.0,,565.0,-1082.0,9.0,473.0,371.0
389.0,1415.0,-318.0,78.0,,743.0,-1067.0,-40.0,617.0,397.0
388.0,1173.0,-298.0,374.0,,42.0,-999.0,55.0,243.0,135.0
342.0,882.0,-230.0,637.0,,1161.0,-830.0,371.0,-156.0,-170.0
344.0,471.0,-188.0,711.0,,-253.0,-686.0,513.0,-291.0,-260.0
382.0,229.0,-133.0,680.0,,290.0,-621.0,759.0,86.0,-366.0
380.0,-98.0,-70.0,519.0,,484.0,-608.0,752.0,51.0,-509.0
411.0,-462.0,0.0,290.0,,503.0,-566.0,792.0,-163.0,-643.0
450.0,-816.0,47.0,99.0,,997.0,-514.0,805.0,-57.0,-804.0
479.0,-1135.0,92.0,52.0,,-289.0,-460.0,703.0,-151.0,-880.0
453.0,-1612.0,131.0,-67.0,,881.0,-420.0,726.0,-105.0,-695.0
494.0,-1998.0,90.0,-103.0,,670.0,-443.0,521.0,201.0,-470.0
514.0,-2082.0,80.0,-13.0,,1204.0,-521.0,448.0,-108.0,-538.0
433.0,-2022.0,121.0,-49.0,,1044.0,-573.0,186.0,-391.0,-528.0
439.0,-1789.0,93.0,16.0,,-590.0,-669.0,-83.0,192.0,-330.0
454.0,-1619.0,75.0,89.0,,824.0,-769.0,-168.0,469.0,-358.0
407.0,-1055.0,-7.0,90.0,,198.0,-747.0,-288.0,462.0,-478.0
392.0,-490.0,-76.0,36.0,,628.0,-638.0,-164.0,562.0,-364.0
421.0,-131.0,-76.0,-134.0,,611.0,-518.0,-169.0,213.0,-303.0
363.0,162.0,-191.0,-280.0,,-345.0,-479.0,-36.0,-15.0,-458.0
341.0,230.0,-236.0,-412.0,,340.0,-502.0,-1.0,213.0,-326.0
348.0,413.0,-257.0,-377.0,,-355.0,-522.0,-68.0,127.0,-149.0
300.0,406.0,-258.0,-48.0,,1053.0,-450.0,90.0,-298.0,-284.0
302.0,702.0,-293.0,260.0,,536.0,-399.0,171.0,-547.0,-312.0
343.0,946.0,-269.0,442.0,,-177.0,-458.0,384.0,-124.0,-36.0
374.0,890.0,-201.0,540.0,,525.0,-465.0,360.0,331.0,-61.0
357.0,1046.0,-224.0,651.0,,-135.0,-357.0,286.0,265.0,-376.0
402.0,937.0,-114.0,790.0,,1024.0,-225.0,195.0,115.0,-235.0
469.0,936.0,-62.0,813.0,,181.0,-169.0,9.0,-226.0,-188.0
465.0,870.0,-29.0,702.0,,470.0,-184.0,-25.0,-100.0,-451.0
413.0,572.0,32.0,474.0,,744.0,-241.0,-258.0,-69.0,-607.0
364.0,173.0,83.0,231.0,,-206.0,-272.0,-273.0,-420.0,-576.0
349.0,-200.0,83.0,74.0,,588.0,-341.0,-269.0,-599.0,-665.0
345.0,-164.0,116.0,170.0,,-628.0,-467.0,-216.0,-795.0,-915.0
389.0,-105.0,122.0,201.0,,9.0,-581.0,-3.0,-604.0,-804.0
418.0,-188.0,53.0,-3.0,,-25.0,-649.0,97.0,-189.0,-840.0
414.0,-283.0,111.0,6.0,,-250.0,-656.0,474.0,181.0,-1006.0
470.0,-235.0,92.0,89.0,,878.0,-676.0,678.0,185.0,-1001.0
456.0,-153.0,86.0,76.0,,-260.0,-620.0,886.0,78.0,-944.0
370.0,-105.0,122.0,55.0,,116.0,-478.0,1110.0,214.0,-926.0
343.0,38.0,39.0,-28.0,,-404.0,-437.0,1145.0,612.0,-1043.0
313.0,133.0,-46.0,-103.0,,6.0,-501.0,1143.0,587.0,-859.0
285.0,62.0,-29.0,-110.0,,878.0,-516.0,855.0,186.0,-569.0
245.0,-50.0,-137.0,-68.0,,-281.0,-417.0,696.0,328.0,-475.0
241.0,-248.0,-226.0,-31.0,,78.0,-213.0,474.0,389.0,-388.0
247.0,-498.0,-185.0,24.0,,-294.0,-37.0,343.0,435.0,-157.0
250.0,-439.0,-232.0,157.0,,386.0,18.0,319.0,658.0,-15.0
295.0,-357.0,-250.0,269.0,,313.0,43.0,221.0,843.0,18.0
301.0,-286.0,-241.0,337.0,,-423.0,-10.0,373.0,484.0,69.0
304.0,-35.0,-283.0,520.0,,122.0,-48.0,315.0,19.0,-3.0
307.0,244.0,-367.0,707.0,,-630.0,50.0,328.0,389.0,-136.0
340.0,589.0,-421.0,728.0,,418.0,232.0,304.0,659.0,-265.0
316.0,753.0,-469.0,716.0,,64.0,412.0,314.0,515.0,-127.0
302.0,714.0,-536.0,689.0,,-477.0,419.0,441.0,111.0,-198.0
366.0,731.0,-630.0,681.0,,2.0,323.0,327.0,-29.0,-584.0
407.0,803.0,-648.0,611.0,,-785.0,238.0,367.0,461.0,-593.0
422.0,695.0,-681.0,432.0,,620.0,123.0,216.0,345.0,-393.0
391.0,568.0,-700.0,204.0,,229.0,0.0,125.0,-199.0,-405.0
350.0,477.0,-667.0,-262.0,,-147.0,-131.0,77.0,-294.0,-570.0
278.0,307.0,-648.0,-854.0,,-147.0,-272.0,25.0,-335.0,-563.0
265.0,209.0,-609.0,-1143.0,,-951.0,-369.0,308.0,-48.0,-561.0
243.0,-216.0,-562.0,-1055.0,,374.0,-441.0,498.0,232.0,-564.0
179.0,-704.0,-463.0,-807.0,,-150.0,-537.0,726.0,-72.0,-466.0
170.0,-955.0,-464.0,-382.0,,196.0,-550.0,687.0,-631.0,-430.0
180.0,-1067.0,-382.0,55.0,,214.0,-458.0,642.0,-795.0,-641.0
192.0,-1039.0,-333.0,288.0,,-148.0,-319.0,678.0,39.0,-740.0
189.0,-981.0,-401.0,363.0,,798.0,-173.0,480.0,106.0,-383.0
248.0,-777.0,-385.0,457.0,,-477.0,-84.0,412.0,-758.0,-298.0
292.0,-694.0,-422.0,556.0,,210.0,-4.0,205.0,-881.0,-392.0
300.0,-355.0,-473.0,341.0,,85.0,141.0,153.0,-412.0,-416.0
328.0,-62.0,-461.0,83.0,,57.0,310.0,84.0,65.0,-351.0
280.0,-8.0,-402.0,-23.0,,1097.0,475.0,-68.0,-251.0,-298.0
233.0,502.0,-388.0,-220.0,,10.0,608.0,-1.0,-678.0,-457.0
255.0,803.0,-360.0,-357.0,,732.0,610.0,14.0,-493.0,-535.0
174.0,896.0,-275.0,-315.0,,160.0,485.0,273.0,-112.0,-666.0
113.0,1010.0,-283.0,-400.0,,594.0,372.0,393.0,320.0,-703.0
107.0,922.0,-300.0,-665.0,,989.0,375.0,535.0,312.0,-646.0
67.0,818.0,-263.0,-841.0,,-477.0,412.0,739.0,-25.0,-610.0
15.0,863.0,-302.0,-984.0,,417.0,413.0,724.0,-43.0,-718.0
-19.0,745.0,-283.0,-1071.0,,-463.0,375.0,849.0,250.0,-792.0
31.0,383.0,-292.0,-998.0,,170.0,260.0,729.0,357.0,-570.0
52.0,323.0,-291.0,-802.0,,515.0,148.0,600.0,150.0,-551.0
112.0,211.0,-238.0,-408.0,,-521.0,139.0,388.0,-230.0,-684.0
146.0,-49.0,-258.0,-39.0,,492.0,162.0,133.0,-346.0,-745.0
166.0,-91.0,-241.0,245.0,,-375.0,127.0,-33.0,-100.0,-622.0
198.0,-94.0,-262.0,588.0,,168.0,119.0,-317.0,72.0,-541.0
234.0,-391.0,-215.0,695.0,,65.0,126.0,-295.0,69.0,-616.0
262.0,-641.0,-178.0,695.0,,-201.0,144.0,-397.0,-277.0,-504.0
222.0,-636.0,-163.0,716.0,,478.0,219.0,-345.0,-456.0,-489.0
275.0,-760.0,-146.0,621.0,,-761.0,250.0,-84.0,-231.0,-600.0
263.0,-674.0,-169.0,516.0,,275.0,235.0,145.0,84.0,-453.0
229.0,-357.0,-162.0,397.0,,65.0,177.0,526.0,150.0,-260.0
210.0,98.0,-165.0,422.0,,10.0,140.0,667.0,-121.0,-280.0
181.0,558.0,-170.0,385.0,,249.0,123.0,886.0,112.0,-245.0
96.0,652.0,-190.0,179.0,,-757.0,75.0,933.0,497.0,-140.0
10.0,610.0,-189.0,110.0,,700.0,77.0,851.0,528.0,-192.0
18.0,594.0,-208.0,41.0,,62.0,59.0,752.0,358.0,-328.0
-66.0,467.0,-224.0,-113.0,,194.0,67.0,439.0,-23.0,-484.0
-129.0,11.0,-272.0,-229.0,,353.0,155.0,284.0,-274.0,-606.0
-170.0,-659.0,-270.0,-214.0,,-181.0,231.0,-140.0,-107.0,-763.0
-188.0,-1079.0,-283.0,-179.0,,1104.0,337.0,-443.0,132.0,-1042.0
-199.0,-1193.0,-335.0,-194.0,,19.0,543.0,-533.0,23.0,-1137.0
-233.0,-1123.0,-285.0,-184.0,,438.0,746.0,-661.0,-224.0,-1121.0
-280.0,-887.0,-303.0,-81.0,,-25.0,843.0,-554.0,-507.0,-1228.0
-330.0,-580.0,-295.0,41.0,,-354.0,917.0,-508.0,-210.0,-1288.0
-320.0,-167.0,-300.0,31.0,,1022.0,922.0,-290.0,104.0,-1243.0
-305.0,61.0,-298.0,100.0,,-12.0,839.0,-151.0,-333.0,-1085.0
-281.0,121.0,-269.0,260.0,,563.0,743.0,-116.0,-381.0,-950.0
-222.0,234.0,-280.0,467.0,,-77.0,656.0,-173.0,-391.0,-759.0
-180.0,125.0,-163.0,672.0,,6.0,571.0,-301.0,-282.0,-551.0
-195.0,145.0,-107.0,520.0,,603.0,449.0,-123.0,210.0,-554.0
-184.0,285.0,-95.0,140.0,,-390.0,277.0,-121.0,-141.0,-483.0
-166.0,250.0,-38.0,-189.0,,539.0,151.0,-14.0,-277.0,-216.0
-149.0,399.0,-108.0,-540.0,,-448.0,160.0,31.0,-218.0,-31.0
-162.0,557.0,-124.0,-761.0,,152.0,181.0,-16.0,-403.0,-241.0
-115.0,551.0,-159.0,-570.0,,697.0,248.0,48.0,-53.0,-446.0
-36.0,304.0,-260.0,-283.0,,-33.0,375.0,-151.0,77.0,-313.0
-36.0,-110.0,-301.0,-264.0,,1050.0,450.0,-282.0,-93.0,-423.0
-5.0,-327.0,-379.0,-359.0,,26.0,533.0,-478.0,-268.0,-679.0
-64.0,-358.0,-371.0,-280.0,,415.0,626.0,-480.0,160.0,-707.0
-84.0,-279.0,-379.0,-45.0,,28.0,733.0,-345.0,512.0,-856.0
-62.0,-86.0,-370.0,267.0,,-294.0,797.0,-242.0,451.0,-922.0
-113.0,64.0,-362.0,696.0,,874.0,746.0,20.0,616.0,-632.0
-175.0,67.0,-332.0,854.0,,-253.0,662.0,112.0,468.0,-381.0
-232.0,384.0,-294.0,735.0,,479.0,579.0,323.0,584.0,-507.0
-213.0,677.0,-342.0,553.0,,148.0,407.0,395.0,950.0,-608.0
-233.0,641.0,-299.0,318.0,,104.0,171.0,399.0,907.0,-377.0
-218.0,538.0,-307.0,32.0,,636.0,32.0,393.0,464.0,-257.0
-205.0,149.0,-283.0,-333.0,,-265.0,-31.0,181.0,183.0,-402.0
-198.0,-437.0,-235.0,-587.0,,613.0,-42.0,62.0,165.0,-508.0
-169.0,-769.0,-219.0,-793.0,,-102.0,40.0,-240.0,338.0,-471.0
-176.0,-449.0,-313.0,-889.0,,328.0,107.0,-430.0,135.0,-504.0
-144.0,-323.0,-294.0,-819.0,,532.0,181.0,-659.0,-810.0,-286.0
-156.0,-306.0,-310.0,-724.0,,81.0,305.0,-763.0,-861.0,-34.0
-109.0,-2.0,-409.0,-615.0,,1103.0,517.0,-519.0,-264.0,-156.0
-76.0,294.0,-260.0,-539.0,,-381.0,798.0,-408.0,-122.0,-226.0
-56.0,718.0,-258.0,-386.0,,-34.0,963.0,-84.0,-71.0,84.0
-8.0,620.0,-176.0,-283.0,,73.0,1043.0,25.0,-69.0,331.0
0.0,357.0,-94.0,-259.0,,-374.0,1063.0,116.0,-133.0,111.0
1.0,68.0,-98.0,-186.0,,490.0,973.0,284.0,-76.0,52.0
-55.0,-376.0,-78.0,-276.0,,-365.0,821.0,212.0,85.0,205.0
-55.0,-549.0,-136.0,-377.0,,257.0,693.0,103.0,-9.0,271.0
-109.0,-749.0,-192.0,-145.0,,-44.0,606.0,-308.0,-516.0,134.0
-141.0,-1000.0,-263.0,119.0,,13.0,486.0,-565.0,-975.0,95.0
-66.0,-1107.0,-324.0,217.0,,609.0,373.0,-787.0,-983.0,70.0
-53.0,-921.0,-393.0,155.0,,-221.0,297.0,-920.0,-488.0,-106.0
-121.0,-668.0,-343.0,-7.0,,577.0,308.0,-903.0,-367.0,39.0
-215.0,-515.0,-318.0,85.0,,-106.0,330.0,-955.0,-888.0,155.0
-247.0,-340.0,-267.0,82.0,,76.0,389.0,-720.0,-659.0,-33.0
-312.0,-35.0,-234.0,-48.0,,368.0,557.0,-602.0,-201.0,-245.0
-405.0,267.0,-277.0,-55.0,,-60.0,620.0,-358.0,-342.0,-46.0
-520.0,355.0,-210.0,-208.0,,605.0,635.0,-177.0,-167.0,150.0
-593.0,510.0,-226.0,-385.0,,-550.0,673.0,-116.0,-130.0,-17.0
-592.0,672.0,-240.0,-529.0,,43.0,659.0,129.0,-357.0,-56.0
-593.0,567.0,-180.0,-638.0,,71.0,634.0,219.0,-357.0,74.0
-591.0,342.0,-229.0,-586.0,,-182.0,604.0,460.0,-226.0,84.0
-567.0,307.0,-239.0,-292.0,,799.0,596.0,493.0,259.0,-45.0
-466.0,292.0,-211.0,81.0,,16.0,551.0,434.0,322.0,35.0
-403.0,263.0,-268.0,373.0,,365.0,446.0,247.0,177.0,85.0
-343.0,497.0,-204.0,475.0,,104.0,372.0,-173.0,774.0,-83.0
-248.0,704.0,-163.0,325.0,,373.0,285.0,-251.0,1089.0,-58.0
-180.0,813.0,-146.0,184.0,,729.0,243.0,-406.0,873.0,139.0
-154.0,709.0,-67.0,227.0,,90.0,321.0,-458.0,805.0,186.0
-156.0,509.0,-46.0,314.0,,651.0,417.0,-509.0,665.0,189.0
-92.0,319.0,-28.0,257.0,,-155.0,484.0,-554.0,766.0,319.0
-75.0,-33.0,-50.0,124.0,,485.0,572.0,-362.0,1031.0,339.0
-60.0,-75.0,-88.0,45.0,,773.0,698.0,-236.0,742.0,265.0
6.0,119.0,-149.0,103.0,,4.0,793.0,110.0,400.0,306.0
52.0,121.0,-207.0,221.0,,674.0,889.0,321.0,367.0,419.0
99.0,-56.0,-231.0,332.0,,324.0,920.0,410.0,373.0,367.0
133.0,-85.0,-280.0,413.0,,1122.0,867.0,306.0,545.0,252.0
156.0,-52.0,-262.0,405.0,,830.0,788.0,-12.0,394.0,339.0
146.0,-236.0,-154.0,254.0,,556.0,654.0,-162.0,-290.0,385.0
121.0,-396.0,-176.0,41.0,,1377.0,554.0,-437.0,-139.0,442.0
94.0,-587.0,-190.0,-50.0,,913.0,474.0,-537.0,312.0,542.0
38.0,-677.0,-133.0,-228.0,,1156.0,453.0,-641.0,287.0,484.0
-9.0,-464.0,-131.0,-528.0,,-123.0,591.0,-650.0,178.0,392.0
-38.0,-342.0,-139.0,-668.0,,-60.0,786.0,-539.0,-144.0,423.0
-98.0,-528.0,-154.0,-526.0,,851.0,902.0,-569.0,-147.0,635.0
-112.0,-787.0,-146.0,-240.0,,859.0,967.0,-432.0,-55.0,686.0
-87.0,-864.0,-178.0,69.0,,1151.0,1005.0,-482.0,149.0,501.0
-67.0,-676.0,-156.0,249.0,,-256.0,986.0,-445.0,186.0,375.0
-47.0,-245.0,-181.0,296.0,,139.0,964.0,-424.0,-176.0,510.0
-34.0,266.0,-241.0,522.0,,177.0,976.0,-391.0,-235.0,674.0
-11.0,601.0,-270.0,635.0,,-45.0,973.0,-147.0,-235.0,577.0
7.0,578.0,-339.0,604.0,,409.0,909.0,-68.0,-100.0,457.0
64.0,298.0,-341.0,559.0,,-339.0,839.0,192.0,-110.0,373.0
80.0,-21.0,-325.0,447.0,,465.0,779.0,212.0,-464.0,373.0
102.0,-228.0,-310.0,340.0,,262.0,728.0,219.0,-599.0,311.0
133.0,-148.0,-324.0,146.0,,555.0,685.0,267.0,-362.0,229.0
200.0,67.0,-370.0,180.0,,982.0,633.0,55.0,-13.0,166.0
263.0,328.0,-394.0,235.0,,119.0,692.0,-16.0,-121.0,126.0
255.0,400.0,-402.0,162.0,,507.0,807.0,-277.0,-382.0,301.0
251.0,439.0,-465.0,65.0,,296.0,886.0,-325.0,-302.0,335.0
169.0,635.0,-477.0,-112.0,,699.0,1024.0,-293.0,-112.0,284.0
123.0,347.0,-473.0,-270.0,,500.0,1179.0,-243.0,341.0,282.0
56.0,-68.0,-476.0,-415.0,,194.0,1360.0,-90.0,338.0,356.0
-4.0,-532.0,-452.0,-408.0,,828.0,1539.0,-186.0,-307.0,413.0
-64.0,-901.0,-427.0,-297.0,,425.0,1575.0,-114.0,-304.0,362.0
-99.0,-585.0,-364.0,-66.0,,765.0,1566.0,-142.0,168.0,299.0
-82.0,-220.0,-317.0,149.0,,287.0,1526.0,-7.0,745.0,228.0
-153.0,-324.0,-257.0,168.0,,213.0,1376.0,169.0,826.0,243.0
-157.0,-743.0,-197.0,65.0,,801.0,1238.0,158.0,367.0,269.0
-198.0,-983.0,-146.0,-114.0,,161.0,1072.0,249.0,527.0,404.0
-275.0,-831.0,-156.0,-349.0,,297.0,782.0,90.0,895.0,535.0
-315.0,-241.0,-158.0,-448.0,,303.0,568.0,46.0,1106.0,527.0
-302.0,638.0,-152.0,-366.0,,386.0,472.0,-88.0,888.0,664.0
-323.0,1442.0,-139.0,-192.0,,242.0,392.0,-223.0,115.0,903.0
-357.0,1681.0,-118.0,25.0,,377.0,384.0,-212.0,-132.0,943.0
-259.0,1316.0,-81.0,251.0,,809.0,465.0,-260.0,79.0,883.0
-213.0,782.0,-15.0,585.0,,3.0,595.0,-109.0,-52.0,929.0
-202.0,298.0,24.0,664.0,,93.0,716.0,-232.0,-107.0,954.0
-218.0,249.0,58.0,401.0,,125.0,849.0,-351.0,-62.0,833.0
-234.0,330.0,60.0,193.0,,185.0,1045.0,-406.0,-258.0,741.0
-287.0,459.0,79.0,200.0,,557.0,1223.0,-408.0,-84.0,643.0
-355.0,844.0,102.0,186.0,,250.0,1304.0,-206.0,-10.0,377.0
-402.0,1000.0,114.0,-20.0,,273.0,1320.0,-125.0,-370.0,279.0
-441.0,803.0,46.0,-249.0,,181.0,1358.0,121.0,-596.0,395.0
-402.0,636.0,79.0,-318.0,,701.0,1431.0,230.0,-447.0,473.0
-355.0,406.0,99.0,-125.0,,668.0,1433.0,343.0,-125.0,414.0
-308.0,-67.0,79.0,152.0,,-13.0,1312.0,378.0,-44.0,449.0
-284.0,-102.0,153.0,229.0,,112.0,1191.0,182.0,-96.0,648.0
-199.0,115.0,127.0,271.0,,331.0,1075.0,192.0,-468.0,707.0
-102.0,11.0,154.0,450.0,,749.0,956.0,53.0,-459.0,708.0
-71.0,-63.0,129.0,462.0,,639.0,926.0,81.0,-167.0,720.0
-17.0,32.0,119.0,381.0,,345.0,982.0,151.0,-115.0,582.0
25.0,-28.0,109.0,435.0,,217.0,1129.0,214.0,86.0,405.0
34.0,-465.0,-17.0,484.0,,434.0,1178.0,402.0,49.0,443.0
45.0,-839.0,-58.0,308.0,,696.0,1095.0,330.0,140.0,463.0
-4.0,-897.0,-69.0,-22.0,,160.0,1021.0,301.0,527.0,327.0
-94.0,-932.0,-139.0,-287.0,,69.0,970.0,186.0,995.0,238.0
-118.0,-797.0,-198.0,-523.0,,308.0,1005.0,153.0,972.0,263.0
-134.0,-405.0,-191.0,-682.0,,709.0,1025.0,62.0,533.0,462.0
-152.0,75.0,-291.0,-741.0,,566.0,942.0,-208.0,299.0,626.0
-186.0,503.0,-355.0,-719.0,,-31.0,837.0,-280.0,411.0,718.0
-145.0,650.0,-386.0,-646.0,,104.0,744.0,-415.0,632.0,834.0
-118.0,650.0,-429.0,-555.0,,128.0,568.0,-450.0,262.0,868.0
-114.0,436.0,-390.0,-276.0,,131.0,378.0,-559.0,-138.0,948.0
-112.0,-35.0,-439.0,228.0,,-8.0,336.0,-528.0,-111.0,969.0
-175.0,-243.0,-435.0,622.0,,132.0,400.0,-184.0,74.0,858.0
-170.0,-66.0,-521.0,628.0,,420.0,490.0,27.0,-156.0,640.0
-223.0,246.0,-543.0,394.0,,279.0,539.0,269.0,-272.0,461.0
-250.0,462.0,-496.0,235.0,,360.0,528.0,332.0,-295.0,520.0
-264.0,574.0,-609.0,272.0,,69.0,577.0,397.0,-585.0,479.0
-269.0,658.0,-527.0,339.0,,4.0,638.0,260.0,-258.0,347.0
-210.0,474.0,-490.0,283.0,,94.0,582.0,-64.0,-254.0,260.0
-219.0,178.0,-506.0,76.0,,233.0,450.0,-142.0,-547.0,254.0
-153.0,40.0,-404.0,-244.0,,602.0,270.0,-149.0,-584.0,234.0
-127.0,-36.0,-316.0,-360.0,,517.0,160.0,160.0,-404.0,171.0
-152.0,-55.0,-214.0,-110.0,,510.0,146.0,323.0,19.0,250.0
-152.0,-117.0,-130.0,166.0,,187.0,186.0,349.0,-80.0,248.0
-109.0,-206.0,-120.0,390.0,,199.0,277.0,399.0,-141.0,191.0
-32.0,-31.0,-77.0,583.0,,91.0,324.0,332.0,160.0,254.0
-13.0,172.0,-38.0,781.0,,-242.0,336.0,452.0,328.0,277.0
51.0,234.0,-46.0,1072.0,,310.0,320.0,406.0,451.0,205.0
134.0,420.0,26.0,1157.0,,486.0,298.0,369.0,427.0,231.0
242.0,582.0,-26.0,1026.0,,757.0,324.0,310.0,86.0,319.0
326.0,799.0,-97.0,813.0,,479.0,352.0,301.0,-114.0,308.0
370.0,805.0,-61.0,403.0,,139.0,356.0,415.0,351.0,277.0
413.0,557.0,-115.0,33.0,,580.0,367.0,332.0,808.0,313.0
480.0,602.0,-174.0,-104.0,,314.0,238.0,328.0,841.0,348.0
547.0,656.0,-163.0,-367.0,,417.0,32.0,134.0,746.0,312.0
531.0,639.0,-248.0,-491.0,,420.0,-40.0,46.0,337.0,344.0
510.0,764.0,-305.0,-235.0,,398.0,-94.0,7.0,318.0,460.0
499.0,923.0,-286.0,14.0,,485.0,-78.0,-107.0,569.0,448.0
509.0,688.0,-385.0,193.0,,260.0,9.0,121.0,303.0,447.0
431.0,384.0,-409.0,194.0,,607.0,30.0,271.0,81.0,603.0
361.0,237.0,-396.0,66.0,,469.0,-59.0,537.0,-250.0,683.0
359.0,204.0,-433.0,-111.0,,400.0,-214.0,683.0,-345.0,661.0
308.0,385.0,-412.0,-230.0,,112.0,-260.0,713.0,-79.0,529.0
268.0,207.0,-379.0,-266.0,,5.0,-260.0,816.0,-58.0,345.0
218.0,-42.0,-340.0,-248.0,,521.0,-278.0,735.0,-201.0,210.0
138.0,-387.0,-335.0,-34.0,,96.0,-215.0,735.0,-637.0,71.0
75.0,-691.0,-290.0,148.0,,3.0,-135.0,448.0,-686.0,-108.0
59.0,-672.0,-333.0,211.0,,-174.0,-167.0,88.0,-335.0,-338.0
-2.0,-624.0,-352.0,195.0,,122.0,-181.0,-284.0,-302.0,-497.0
-61.0,-557.0,-325.0,217.0,,698.0,-127.0,-606.0,-448.0,-647.0
-77.0,-835.0,-456.0,59.0,,455.0,-63.0,-530.0,-553.0,-766.0
-85.0,-1044.0,-357.0,-89.0,,540.0,15.0,-430.0,-772.0,-791.0
-94.0,-1052.0,-424.0,234.0,,-9.0,-23.0,-175.0,-734.0,-814.0
-95.0,-958.0,-493.0,702.0,,74.0,-124.0,-72.0,-258.0,-898.0
-60.0,-706.0,-400.0,1055.0,,355.0,-167.0,88.0,-138.0,-943.0
-63.0,-493.0,-476.0,1138.0,,66.0,-161.0,339.0,-22.0,-781.0
-60.0,-319.0,-393.0,1051.0,,296.0,-124.0,382.0,98.0,-608.0
-32.0,-523.0,-436.0,608.0,,407.0,-93.0,517.0,274.0,-457.0
0.0,-552.0,-443.0,-8.0,,881.0,-87.0,382.0,729.0,-283.0
18.0,-112.0,-427.0,-449.0,,605.0,-184.0,240.0,677.0,-256.0
34.0,265.0,-428.0,-901.0,,60.0,-270.0,-20.0,356.0,-124.0
52.0,416.0,-375.0,-1208.0,,202.0,-228.0,-317.0,319.0,119.0
78.0,566.0,-375.0,-1318.0,,304.0,-196.0,-354.0,461.0,82.0
59.0,820.0,-341.0,-1112.0,,623.0,-253.0,-545.0,611.0,-93.0
4.0,574.0,-335.0,-783.0,,419.0,-298.0,-587.0,601.0,-150.0
3.0,443.0,-315.0,-473.0,,103.0,-314.0,-672.0,237.0,-158.0
-5.0,886.0,-337.0,-132.0,,-122.0,-362.0,-633.0,338.0,-286.0
-43.0,1038.0,-228.0,24.0,,70.0,-327.0,-445.0,565.0,-340.0
-106.0,1000.0,-219.0,70.0,,755.0,-204.0,-295.0,394.0,-344.0
-129.0,1126.0,-196.0,136.0,,223.0,-158.0,46.0,21.0,-379.0
-167.0,1103.0,-74.0,296.0,,-305.0,-160.0,227.0,-754.0,-211.0
-217.0,409.0,-82.0,396.0,,-308.0,-191.0,417.0,-799.0,-22.0
-234.0,-544.0,-9.0,472.0,,123.0,-339.0,474.0,-518.0,71.0
-217.0,-1120.0,34.0,585.0,,481.0,-537.0,537.0,-424.0,63.0
-148.0,-1403.0,15.0,534.0,,-351.0,-612.0,606.0,-579.0,113.0
-144.0,-1128.0,4.0,330.0,,-294.0,-567.0,367.0,-932.0,202.0
-120.0,-410.0,-12.0,-15.0,,-89.0,-612.0,269.0,-848.0,184.0
-59.0,201.0,-118.0,-303.0,,165.0,-693.0,44.0,-595.0,167.0
0.0,528.0,-133.0,-332.0,,367.0,-717.0,0.0,-335.0,149.0
13.0,339.0,-161.0,-216.0,,-317.0,-684.0,94.0,-523.0,152.0
18.0,246.0,-228.0,-166.0,,-137.0,-567.0,114.0,-374.0,101.0
109.0,533.0,-172.0,-179.0,,-224.0,-446.0,325.0,-108.0,66.0
182.0,489.0,-236.0,-182.0,,27.0,-367.0,267.0,-341.0,52.0
236.0,871.0,-218.0,-215.0,,352.0,-403.0,293.0,-224.0,-43.0
236.0,1667.0,-212.0,-214.0,,146.0,-431.0,164.0,-39.0,-186.0
281.0,1852.0,-315.0,-167.0,,118.0,-381.0,-133.0,-73.0,-158.0
350.0,1364.0,-309.0,-31.0,,-359.0,-340.0,-371.0,110.0,-115.0
305.0,764.0,-312.0,98.0,,57.0,-327.0,-746.0,499.0,-279.0
256.0,308.0,-364.0,107.0,,75.0,-389.0,-844.0,534.0,-316.0
177.0,-638.0,-318.0,62.0,,-442.0,-533.0,-1029.0,429.0,-208.0
126.0,-1313.0,-299.0,89.0,,-735.0,-796.0,-1093.0,87.0,-174.0
67.0,-1433.0,-282.0,185.0,,-1004.0,-1028.0,-1073.0,-124.0,-317.0
-36.0,-1524.0,-146.0,266.0,,-384.0,-1191.0,-968.0,-39.0,-342.0
-77.0,-1121.0,-126.0,456.0,,-626.0,-1307.0,-598.0,-450.0,-302.0
-77.0,-622.0,-37.0,672.0,,-978.0,-1288.0,-421.0,-595.0,-483.0
-26.0,-511.0,18.0,695.0,,-1143.0,-1236.0,-101.0,-443.0,-600.0
-60.0,-377.0,83.0,509.0,,-1439.0,-1179.0,20.0,-404.0,-638.0
-136.0,-96.0,104.0,460.0,,-1101.0,-1096.0,64.0,-9.0,-823.0
-125.0,138.0,77.0,614.0,,-1320.0,-930.0,96.0,179.0,-1055.0
-90.0,160.0,113.0,613.0,,-979.0,-762.0,-84.0,156.0,-1026.0
-43.0,-173.0,2.0,512.0,,-1233.0,-680.0,-112.0,82.0,-974.0
-2.0,-326.0,34.0,294.0,,-1693.0,-546.0,-308.0,-121.0,-1026.0
80.0,-368.0,14.0,-158.0,,-954.0,-447.0,-360.0,215.0,-888.0
158.0,-437.0,9.0,-659.0,,-788.0,-442.0,-365.0,179.0,-702.0
157.0,-299.0,-20.0,-877.0,,-800.0,-428.0,-312.0,-307.0,-591.0
145.0,-195.0,0.0,-862.0,,-1120.0,-422.0,-90.0,24.0,-455.0
129.0,56.0,77.0,-732.0,,-745.0,-486.0,-16.0,496.0,-237.0
151.0,167.0,-15.0,-566.0,,-626.0,-609.0,181.0,319.0,-148.0
190.0,346.0,39.0,-512.0,,-889.0,-707.0,251.0,-5.0,-227.0
179.0,573.0,41.0,-407.0,,-613.0,-776.0,358.0,-8.0,-112.0
219.0,245.0,45.0,-252.0,,-828.0,-884.0,373.0,67.0,86.0
253.0,166.0,58.0,-65.0,,-396.0,-951.0,258.0,163.0,129.0
250.0,475.0,48.0,93.0,,-527.0,-883.0,286.0,205.0,146.0
233.0,514.0,4.0,196.0,,-358.0,-853.0,48.0,178.0,159.0
184.0,86.0,-110.0,229.0,,-271.0,-947.0,-147.0,-195.0,170.0
128.0,-412.0,-189.0,211.0,,-811.0,-1032.0,-336.0,-591.0,153.0
25.0,-396.0,-313.0,302.0,,-454.0,-1025.0,-424.0,-191.0,168.0
-3.0,-88.0,-383.0,325.0,,-960.0,-994.0,-314.0,121.0,215.0
-9.0,122.0,-458.0,217.0,,-939.0,-1001.0,-269.0,70.0,194.0
-59.0,246.0,-517.0,316.0,,-903.0,-997.0,-188.0,-144.0,156.0
-120.0,180.0,-484.0,475.0,,-1013.0,-946.0,-275.0,-546.0,113.0
-158.0,-141.0,-512.0,468.0,,-671.0,-808.0,-230.0,-593.0,175.0
-133.0,-453.0,-499.0,619.0,,-962.0,-716.0,-221.0,-269.0,141.0
-165.0,-793.0,-401.0,805.0,,-741.0,-697.0,-323.0,-330.0,-74.0
-198.0,-1284.0,-394.0,845.0,,-1567.0,-724.0,-280.0,-571.0,-169.0
-220.0,-1615.0,-378.0,878.0,,-2017.0,-799.0,-386.0,-658.0,-214.0
-178.0,-1201.0,-350.0,812.0,,-1451.0,-900.0,-352.0,-1041.0,-282.0
-140.0,-392.0,-368.0,501.0,,-1256.0,-1095.0,-384.0,-854.0,-342.0
-187.0,146.0,-351.0,79.0,,-999.0,-1260.0,-473.0,-218.0,-380.0
-154.0,511.0,-277.0,-434.0,,-1753.0,-1361.0,-480.0,-38.0,-464.0
-95.0,460.0,-279.0,-782.0,,-1318.0,-1421.0,-521.0,40.0,-572.0
-53.0,382.0,-283.0,-884.0,,-498.0,-1396.0,-358.0,379.0,-577.0
-69.0,361.0,-167.0,-1004.0,,-358.0,-1312.0,-279.0,156.0,-589.0
-103.0,128.0,-155.0,-1081.0,,-431.0,-1167.0,-31.0,154.0,-704.0
-101.0,-12.0,-145.0,-1190.0,,-1377.0,-977.0,158.0,374.0,-842.0
-95.0,-257.0,-94.0,-1031.0,,-744.0,-817.0,142.0,-341.0,-767.0
-143.0,-217.0,-166.0,-533.0,,-293.0,-702.0,151.0,-301.0,-602.0
-203.0,263.0,-234.0,-86.0,,-425.0,-557.0,-40.0,-302.0,-613.0
-156.0,637.0,-269.0,354.0,,-417.0,-412.0,-18.0,-463.0,-507.0
-103.0,723.0,-351.0,816.0,,-757.0,-390.0,-27.0,-446.0,-335.0
-101.0,542.0,-383.0,947.0,,-379.0,-522.0,-46.0,-896.0,-353.0
-156.0,91.0,-427.0,928.0,,-750.0,-687.0,-12.0,-693.0,-353.0
-233.0,-507.0,-452.0,1032.0,,-784.0,-841.0,3.0,-349.0,-284.0
-261.0,-1042.0,-443.0,930.0,,-1088.0,-1007.0,142.0,-181.0,-320.0
-279.0,-1017.0,-501.0,545.0,,-1271.0,-1170.0,35.0,-118.0,-402.0
-353.0,-481.0,-493.0,-105.0,,-1049.0,-1319.0,57.0,-119.0,-350.0
-401.0,83.0,-484.0,-877.0,,-1626.0,-1362.0,-83.0,-74.0,-256.0
-368.0,615.0,-464.0,-1466.0,,-832.0,-1301.0,-203.0,-214.0,-219.0
-325.0,329.0,-409.0,-1550.0,,-986.0,-1222.0,-12.0,-363.0,-188.0
-314.0,-527.0,-433.0,-1427.0,,-871.0,-1072.0,29.0,-484.0,-76.0
-317.0,-940.0,-422.0,-1199.0,,-719.0,-844.0,140.0,-766.0,41.0
-320.0,-1041.0,-330.0,-626.0,,-1197.0,-626.0,27.0,-694.0,60.0
-310.0,-956.0,-358.0,-112.0,,-237.0,-423.0,-48.0,-363.0,96.0
-243.0,-512.0,-433.0,295.0,,-823.0,-275.0,-168.0,-201.0,101.0
-225.0,4.0,-348.0,386.0,,-703.0,-183.0,-339.0,52.0,129.0
-244.0,514.0,-361.0,193.0,,-197.0,-126.0,-358.0,89.0,146.0
-245.0,1034.0,-423.0,30.0,,104.0,-163.0,-508.0,50.0,79.0
-243.0,1333.0,-380.0,-69.0,,160.0,-248.0,-319.0,187.0,19.0
-250.0,1254.0,-469.0,-84.0,,-936.0,-257.0,-221.0,470.0,-136.0
-254.0,601.0,-482.0,-138.0,,-780.0,-272.0,-49.0,152.0,-258.0
-257.0,-48.0,-471.0,-158.0,,-982.0,-444.0,242.0,122.0,-321.0
-270.0,-664.0,-492.0,-236.0,,-160.0,-691.0,277.0,409.0,-413.0
-228.0,-940.0,-465.0,-357.0,,124.0,-876.0,436.0,-283.0,-530.0
-212.0,-900.0,-545.0,-380.0,,-596.0,-987.0,395.0,86.0,-642.0
-244.0,-921.0,-608.0,-295.0,,-594.0,-1038.0,380.0,230.0,-632.0
-261.0,-535.0,-649.0,-6.0,,-961.0,-1008.0,273.0,-231.0,-608.0
-257.0,-257.0,-664.0,282.0,,-75.0,-963.0,68.0,129.0,-590.0
-296.0,-63.0,-662.0,423.0,,-527.0,-887.0,-144.0,-187.0,-543.0
-322.0,309.0,-676.0,543.0,,-1160.0,-771.0,-458.0,-221.0,-495.0
-315.0,290.0,-625.0,382.0,,-1105.0,-676.0,-386.0,-104.0,-495.0
-282.0,138.0,-510.0,281.0,,-934.0,-621.0,-347.0,-190.0,-527.0
-231.0,440.0,-479.0,491.0,,27.0,-633.0,-236.0,-154.0,-497.0
-214.0,208.0,-326.0,568.0,,-557.0,-607.0,-147.0,-61.0,-462.0
-191.0,-76.0,-219.0,467.0,,-494.0,-551.0,-168.0,383.0,-427.0
-221.0,389.0,-194.0,200.0,,-368.0,-529.0,83.0,262.0,-344.0
-191.0,884.0,-58.0,-207.0,,-123.0,-578.0,223.0,82.0,-193.0
-157.0,1143.0,-52.0,-572.0,,467.0,-598.0,415.0,141.0,-83.0
-150.0,927.0,-42.0,-810.0,,83.0,-475.0,461.0,-62.0,58.0
-90.0,808.0,-36.0,-892.0,,256.0,-302.0,454.0,-238.0,217.0
-62.0,627.0,-41.0,-764.0,,323.0,-205.0,461.0,-374.0,230.0
-28.0,98.0,-135.0,-475.0,,829.0,-295.0,273.0,-504.0,260.0
-17.0,-648.0,-232.0,6.0,,605.0,-383.0,328.0,-364.0,318.0
26.0,-1066.0,-343.0,254.0,,446.0,-397.0,319.0,-224.0,398.0
85.0,-882.0,-418.0,183.0,,642.0,-409.0,460.0,-217.0,426.0
159.0,-880.0,-471.0,120.0,,35.0,-395.0,550.0,-350.0,412.0
236.0,-894.0,-505.0,158.0,,102.0,-357.0,399.0,-569.0,371.0
205.0,-832.0,-531.0,370.0,,-93.0,-247.0,343.0,-416.0,237.0
215.0,-585.0,-597.0,456.0,,365.0,-107.0,60.0,-390.0,207.0
197.0,-334.0,-568.0,499.0,,92.0,55.0,-49.0,-383.0,202.0
148.0,-284.0,-625.0,595.0,,-544.0,229.0,-121.0,-355.0,97.0
137.0,-265.0,-568.0,529.0,,-57.0,333.0,-40.0,-236.0,43.0
87.0,-119.0,-591.0,239.0,,-295.0,356.0,166.0,50.0,161.0
114.0,387.0,-545.0,-1.0,,-778.0,416.0,57.0,50.0,303.0
117.0,700.0,-484.0,-190.0,,-1295.0,426.0,-51.0,170.0,338.0
150.0,497.0,-547.0,-425.0,,-674.0,342.0,-328.0,12.0,364.0
183.0,-79.0,-485.0,-481.0,,-360.0,246.0,-397.0,-27.0,414.0
179.0,-329.0,-416.0,-449.0,,-996.0,119.0,-373.0,287.0,363.0
218.0,-277.0,-361.0,-281.0,,-1410.0,31.0,-325.0,372.0,307.0
233.0,-476.0,-362.0,20.0,,-1508.0,-90.0,-112.0,1102.0,378.0
301.0,-462.0,-328.0,446.0,,-580.0,-161.0,-18.0,1425.0,354.0
285.0,-278.0,-367.0,652.0,,-506.0,-192.0,330.0,739.0,322.0
299.0,39.0,-336.0,427.0,,-734.0,-222.0,574.0,887.0,441.0
329.0,104.0,-334.0,367.0,,-720.0,-177.0,770.0,1006.0,543.0
343.0,-8.0,-398.0,357.0,,-472.0,-156.0,818.0,739.0,494.0
359.0,399.0,-369.0,351.0,,194.0,-63.0,563.0,832.0,429.0
319.0,719.0,-404.0,349.0,,125.0,14.0,367.0,803.0,379.0
386.0,855.0,-486.0,114.0,,-43.0,35.0,25.0,736.0,307.0
414.0,970.0,-521.0,-21.0,,-568.0,124.0,-116.0,684.0,243.0
420.0,843.0,-578.0,-3.0,,-280.0,212.0,-304.0,889.0,131.0
381.0,654.0,-664.0,-40.0,,573.0,213.0,-493.0,390.0,58.0
328.0,357.0,-710.0,-81.0,,591.0,186.0,-533.0,-260.0,-5.0
310.0,77.0,-769.0,-128.0,,316.0,165.0,-641.0,-424.0,3.0
273.0,51.0,-794.0,-54.0,,-383.0,113.0,-437.0,-697.0,-33.0
194.0,121.0,-843.0,18.0,,-479.0,78.0,-312.0,-157.0,-153.0
114.0,30.0,-833.0,-258.0,,-498.0,3.0,-127.0,272.0,-210.0
108.0,-140.0,-838.0,-384.0,,-335.0,-26.0,-5.0,372.0,-239.0
-9.0,-176.0,-876.0,-412.0,,-315.0,55.0,-90.0,868.0,-129.0
-129.0,-216.0,-846.0,-508.0,,-1198.0,137.0,-14.0,1307.0,-108.0
-232.0,-176.0,-821.0,-323.0,,-1019.0,226.0,-59.0,1054.0,-176.0
-279.0,-304.0,-806.0,-21.0,,-534.0,258.0,-14.0,381.0,-137.0
-289.0,-537.0,-741.0,252.0,,-177.0,227.0,-42.0,89.0,6.0
-307.0,-549.0,-652.0,391.0,,-493.0,231.0,-22.0,158.0,63.0
-278.0,-474.0,-608.0,656.0,,-1463.0,258.0,0.0,395.0,-45.0
-305.0,-286.0,-527.0,964.0,,-1199.0,262.0,-144.0,322.0,-30.0
-279.0,-400.0,-505.0,999.0,,-728.0,222.0,-51.0,492.0,33.0
-310.0,-435.0,-449.0,1045.0,,-458.0,208.0,-83.0,794.0,122.0
-308.0,-337.0,-463.0,982.0,,-618.0,260.0,-16.0,900.0,259.0
-296.0,-307.0,-487.0,828.0,,-984.0,257.0,-88.0,953.0,321.0
-282.0,71.0,-411.0,697.0,,-487.0,152.0,-319.0,572.0,419.0
-187.0,456.0,-464.0,416.0,,-273.0,107.0,-339.0,414.0,625.0
-177.0,927.0,-392.0,62.0,,-345.0,132.0,-391.0,178.0,801.0
-115.0,1135.0,-362.0,-95.0,,-659.0,114.0,-136.0,-52.0,864.0
-98.0,813.0,-424.0,-135.0,,-533.0,65.0,70.0,402.0,915.0
-51.0,669.0,-338.0,-226.0,,613.0,18.0,295.0,597.0,992.0
-37.0,654.0,-376.0,-325.0,,473.0,93.0,443.0,55.0,1056.0
-55.0,639.0,-374.0,-463.0,,-70.0,257.0,388.0,-423.0,1088.0
-33.0,791.0,-343.0,-466.0,,-504.0,375.0,432.0,-436.0,1008.0
-25.0,819.0,-476.0,-426.0,,-97.0,443.0,247.0,122.0,843.0
48.0,584.0,-430.0,-250.0,,987.0,448.0,297.0,721.0,677.0
0.0,201.0,-348.0,-319.0,,-2.0,497.0,253.0,361.0,559.0
9.0,-224.0,-344.0,-605.0,,-440.0,633.0,84.0,279.0,450.0
12.0,-594.0,-214.0,-536.0,,-540.0,683.0,68.0,679.0,305.0
-23.0,-1036.0,-171.0,-382.0,,-392.0,581.0,-125.0,515.0,328.0
-31.0,-1350.0,-115.0,-53.0,,-392.0,434.0,-245.0,415.0,483.0
-85.0,-1650.0,-29.0,262.0,,-1262.0,239.0,-517.0,364.0,553.0
-95.0,-1725.0,-58.0,481.0,,-676.0,43.0,-689.0,308.0,521.0
-102.0,-1265.0,-9.0,665.0,,-930.0,-101.0,-842.0,280.0,510.0
-50.0,-809.0,-44.0,648.0,,-230.0,-178.0,-933.0,337.0,614.0
-67.0,-208.0,-47.0,523.0,,-6.0,-191.0,-792.0,1162.0,750.0
-68.0,195.0,-6.0,266.0,,-498.0,-236.0,-779.0,1406.0,862.0
-20.0,349.0,-144.0,-13.0,,151.0,-228.0,-548.0,836.0,962.0
21.0,733.0,-129.0,-50.0,,-715.0,-263.0,-448.0,426.0,943.0
80.0,935.0,-107.0,-30.0,,-158.0,-310.0,-413.0,-28.0,824.0
97.0,812.0,-165.0,-16.0,,-235.0,-143.0,-389.0,76.0,774.0
131.0,794.0,-162.0,234.0,,256.0,92.0,-509.0,96.0,643.0
139.0,1045.0,-233.0,447.0,,1142.0,202.0,-399.0,126.0,441.0
175.0,977.0,-319.0,602.0,,182.0,188.0,-402.0,1.0,366.0
215.0,1146.0,-327.0,779.0,,763.0,199.0,-349.0,-30.0,447.0
248.0,1574.0,-377.0,554.0,,110.0,211.0,-380.0,298.0,494.0
294.0,1753.0,-399.0,209.0,,579.0,251.0,-426.0,-138.0,347.0
368.0,1811.0,-359.0,179.0,,755.0,297.0,-413.0,-53.0,289.0
402.0,1538.0,-426.0,185.0,,-181.0,252.0,-583.0,-387.0,261.0
350.0,1051.0,-437.0,200.0,,228.0,191.0,-452.0,-724.0,134.0
327.0,128.0,-413.0,342.0,,-179.0,77.0,-393.0,-521.0,113.0
327.0,-268.0,-427.0,532.0,,897.0,78.0,-273.0,-504.0,131.0
345.0,-327.0,-447.0,577.0,,96.0,112.0,-162.0,371.0,80.0
317.0,-863.0,-434.0,488.0,,-661.0,48.0,-266.0,528.0,91.0
312.0,-1180.0,-415.0,304.0,,42.0,86.0,-221.0,423.0,219.0
346.0,-1234.0,-458.0,159.0,,397.0,128.0,-310.0,625.0,276.0
351.0,-814.0,-382.0,119.0,,1687.0,78.0,-232.0,468.0,231.0
294.0,-360.0,-331.0,221.0,,-51.0,42.0,-236.0,361.0,220.0
228.0,2.0,-319.0,548.0,,-596.0,123.0,-194.0,-73.0,225.0
198.0,-72.0,-258.0,576.0,,33.0,265.0,5.0,-66.0,216.0
137.0,-500.0,-297.0,460.0,,698.0,436.0,-31.0,365.0,219.0
108.0,-681.0,-269.0,424.0,,1355.0,607.0,118.0,59.0,231.0
71.0,-1036.0,-225.0,491.0,,-375.0,671.0,88.0,-215.0,277.0
22.0,-598.0,-175.0,651.0,,185.0,562.0,1.0,135.0,401.0
-4.0,-61.0,-92.0,494.0,,365.0,414.0,-168.0,213.0,531.0
-14.0,-183.0,-154.0,262.0,,482.0,339.0,-519.0,42.0,521.0
-28.0,40.0,-127.0,2.0,,580.0,273.0,-776.0,229.0,471.0
-29.0,270.0,-136.0,-248.0,,79.0,177.0,-1042.0,527.0,487.0
-3.0,-169.0,-263.0,-133.0,,1063.0,37.0,-931.0,368.0,480.0
41.0,-356.0,-287.0,34.0,,488.0,9.0,-824.0,581.0,439.0
151.0,404.0,-278.0,57.0,,949.0,3.0,-667.0,738.0,344.0
215.0,187.0,-333.0,95.0,,394.0,-19.0,-528.0,10.0,260.0
319.0,-19.0,-301.0,13.0,,-354.0,-33.0,-594.0,-133.0,237.0
406.0,451.0,-276.0,70.0,,164.0,-124.0,-447.0,-246.0,319.0
447.0,54.0,-349.0,140.0,,-270.0,-88.0,-519.0,-599.0,462.0
513.0,237.0,-281.0,77.0,,484.0,35.0,-437.0,-504.0,473.0
507.0,798.0,-348.0,258.0,,-73.0,185.0,-336.0,-334.0,538.0
552.0,872.0,-347.0,250.0,,316.0,362.0,-378.0,-7.0,719.0
553.0,861.0,-355.0,100.0,,619.0,506.0,-236.0,-221.0,789.0
561.0,708.0,-457.0,36.0,,34.0,564.0,-223.0,-522.0,711.0
557.0,717.0,-399.0,64.0,,223.0,491.0,-182.0,-321.0,612.0
495.0,893.0,-434.0,315.0,,-623.0,352.0,-384.0,-334.0,522.0
526.0,939.0,-369.0,530.0,,254.0,225.0,-478.0,-808.0,507.0
485.0,714.0,-398.0,625.0,,176.0,269.0,-424.0,-919.0,585.0
456.0,231.0,-392.0,501.0,,390.0,332.0,-419.0,-198.0,550.0
426.0,-259.0,-338.0,397.0,,760.0,236.0,-109.0,-35.0,469.0
431.0,-678.0,-429.0,430.0,,-71.0,110.0,59.0,-208.0,404.0
490.0,-1226.0,-344.0,193.0,,492.0,26.0,271.0,-374.0,347.0
434.0,-1731.0,-342.0,-62.0,,-29.0,-8.0,325.0,-262.0,292.0
441.0,-1883.0,-299.0,-12.0,,743.0,35.0,177.0,194.0,224.0
451.0,-1867.0,-225.0,-89.0,,807.0,104.0,42.0,-175.0,221.0
446.0,-1752.0,-307.0,-417.0,,518.0,76.0,-214.0,-649.0,292.0
458.0,-1516.0,-268.0,-647.0,,1187.0,56.0,-410.0,-487.0,368.0
447.0,-1246.0,-232.0,-621.0,,575.0,98.0,-811.0,450.0,283.0
486.0,-880.0,-290.0,-439.0,,1122.0,109.0,-1091.0,717.0,221.0
488.0,-720.0,-295.0,-100.0,,325.0,110.0,-1310.0,313.0,235.0
456.0,-560.0,-287.0,398.0,,495.0,103.0,-1406.0,-63.0,235.0
413.0,-120.0,-307.0,874.0,,735.0,71.0,-1169.0,-1081.0,293.0
365.0,210.0,-294.0,1142.0,,56.0,6.0,-964.0,-415.0,281.0
345.0,198.0,-316.0,1051.0,,899.0,-73.0,-469.0,638.0,261.0
311.0,190.0,-249.0,967.0,,198.0,-93.0,-66.0,248.0,284.0
281.0,473.0,-208.0,962.0,,16.0,18.0,168.0,366.0,346.0
243.0,618.0,-217.0,763.0,,-727.0,155.0,328.0,300.0,405.0
174.0,506.0,-145.0,422.0,,-90.0,252.0,295.0,289.0,311.0
172.0,513.0,-249.0,102.0,,834.0,363.0,338.0,671.0,252.0
195.0,840.0,-229.0,27.0,,-325.0,439.0,206.0,419.0,323.0
172.0,947.0,-223.0,83.0,,95.0,493.0,206.0,-11.0,393.0
131.0,841.0,-233.0,79.0,,-277.0,585.0,96.0,2.0,350.0
76.0,874.0,-102.0,36.0,,703.0,657.0,-109.0,-4.0,329.0
36.0,742.0,-111.0,-127.0,,674.0,610.0,-94.0,149.0,483.0
0.0,344.0,-46.0,-322.0,,139.0,476.0,-280.0,640.0,563.0
-22.0,209.0,22.0,-380.0,,850.0,310.0,-402.0,212.0,569.0
20.0,0.0,30.0,-266.0,,4.0,161.0,-591.0,396.0,552.0
93.0,-934.0,69.0,-131.0,,961.0,64.0,-654.0,743.0,459.0
119.0,-1281.0,95.0,-129.0,,788.0,-18.0,-593.0,122.0,325.0
135.0,-874.0,69.0,65.0,,1172.0,-53.0,-563.0,526.0,228.0
148.0,-899.0,101.0,282.0,,1210.0,-113.0,-319.0,738.0,142.0
156.0,-1193.0,73.0,271.0,,248.0,-288.0,-225.0,-47.0,-52.0
103.0,-690.0,88.0,136.0,,1287.0,-391.0,12.0,-219.0,-205.0
18.0,-323.0,125.0,39.0,,832.0,-394.0,197.0,-29.0,-323.0
-7.0,-315.0,1.0,154.0,,1364.0,-435.0,323.0,-78.0,-376.0
-58.0,445.0,97.0,211.0,,757.0,-498.0,513.0,137.0,-438.0
-94.0,635.0,13.0,307.0,,327.0,-476.0,537.0,17.0,-491.0
-155.0,785.0,-3.0,358.0,,1037.0,-306.0,726.0,-415.0,-354.0
-175.0,1044.0,109.0,235.0,,861.0,-186.0,672.0,-665.0,-191.0
-139.0,786.0,-58.0,158.0,,1293.0,-104.0,528.0,-1037.0,-44.0
-146.0,879.0,30.0,13.0,,-6.0,40.0,332.0,-988.0,19.0
-175.0,1210.0,13.0,22.0,,314.0,99.0,134.0,-719.0,-21.0
-216.0,1628.0,-84.0,44.0,,349.0,90.0,232.0,-574.0,-75.0
-193.0,1538.0,-92.0,-62.0,,106.0,99.0,299.0,-456.0,-92.0
-167.0,1363.0,-202.0,-95.0,,524.0,179.0,500.0,-363.0,-89.0
-155.0,1242.0,-217.0,-156.0,,-60.0,222.0,465.0,-178.0,-144.0
-160.0,466.0,-312.0,-65.0,,686.0,249.0,363.0,-90.0,-174.0
-144.0,-80.0,-323.0,138.0,,23.0,306.0,358.0,-30.0,-27.0
-55.0,-429.0,-285.0,245.0,,396.0,202.0,177.0,-124.0,155.0
40.0,-644.0,-352.0,240.0,,779.0,86.0,62.0,291.0,267.0
123.0,-447.0,-379.0,217.0,,261.0,59.0,-277.0,489.0,328.0
207.0,-491.0,-402.0,235.0,,593.0,71.0,-497.0,5.0,309.0
291.0,-517.0,-422.0,160.0,,273.0,46.0,-716.0,356.0,375.0
329.0,-648.0,-418.0,-177.0,,925.0,-68.0,-886.0,348.0,363.0
348.0,-542.0,-352.0,-355.0,,554.0,-140.0,-715.0,124.0,308.0
341.0,-57.0,-369.0,-316.0,,488.0,-100.0,-509.0,73.0,333.0
359.0,-292.0,-365.0,-266.0,,306.0,33.0,88.0,-318.0,318.0
400.0,-591.0,-308.0,67.0,,-116.0,150.0,587.0,-490.0,349.0
396.0,-801.0,-349.0,256.0,,383.0,230.0,934.0,-484.0,383.0
335.0,-858.0,-373.0,318.0,,29.0,281.0,1066.0,-415.0,414.0
248.0,-667.0,-357.0,273.0,,1067.0,276.0,829.0,-222.0,299.0
201.0,-1127.0,-372.0,275.0,,1112.0,278.0,646.0,163.0,204.0
126.0,-1466.0,-424.0,550.0,,903.0,306.0,437.0,-224.0,188.0
35.0,-1379.0,-422.0,683.0,,690.0,361.0,410.0,-79.0,33.0
-40.0,-1046.0,-430.0,586.0,,66.0,383.0,173.0,550.0,-166.0
-118.0,-557.0,-408.0,535.0,,868.0,296.0,-9.0,204.0,-364.0
-173.0,-303.0,-433.0,615.0,,471.0,134.0,-59.0,53.0,-486.0
-225.0,115.0,-434.0,425.0,,751.0,-23.0,-177.0,112.0,-632.0
-269.0,227.0,-414.0,128.0,,591.0,-129.0,-48.0,393.0,-732.0
-292.0,453.0,-445.0,-64.0,,465.0,-213.0,-129.0,506.0,-745.0
-296.0,793.0,-415.0,-75.0,,743.0,-242.0,-66.0,211.0,-702.0
-276.0,435.0,-418.0,-199.0,,383.0,-220.0,112.0,-242.0,-576.0
-249.0,789.0,-411.0,-399.0,,1253.0,-231.0,354.0,-556.0,-495.0
-215.0,1272.0,-397.0,-367.0,,1030.0,-197.0,630.0,-181.0,-456.0
-159.0,495.0,-279.0,-484.0,,785.0,-50.0,604.0,238.0,-491.0
-140.0,268.0,-322.0,-375.0,,-60.0,138.0,825.0,388.0,-490.0
-106.0,741.0,-310.0,41.0,,179.0,255.0,1001.0,-114.0,-435.0
-70.0,-8.0,-269.0,121.0,,1186.0,311.0,1169.0,-285.0,-463.0
-59.0,-210.0,-384.0,7.0,,298.0,328.0,1186.0,123.0,-565.0
-24.0,553.0,-339.0,181.0,,290.0,260.0,897.0,-162.0,-602.0
6.0,403.0,-420.0,256.0,,-121.0,186.0,724.0,-835.0,-574.0
67.0,4.0,-397.0,84.0,,429.0,120.0,334.0,-1138.0,-587.0
46.0,-510.0,-362.0,-63.0,,310.0,105.0,109.0,-307.0,-602.0
39.0,-724.0,-374.0,-281.0,,7.0,96.0,-55.0,-71.0,-660.0
103.0,-721.0,-370.0,-257.0,,882.0,-2.0,-142.0,-544.0,-703.0
128.0,-620.0,-405.0,2.0,,133.0,-34.0,-60.0,-254.0,-686.0
144.0,-665.0,-379.0,29.0,,125.0,-73.0,-182.0,-449.0,-692.0
71.0,-969.0,-411.0,-138.0,,-282.0,-193.0,-11.0,-544.0,-800.0
34.0,-936.0,-333.0,-273.0,,379.0,-253.0,131.0,133.0,-877.0
-14.0,-1542.0,-304.0,-157.0,,918.0,-221.0,319.0,-48.0,-863.0
-111.0,-989.0,-301.0,-58.0,,54.0,-105.0,674.0,-544.0,-895.0
-172.0,11.0,-266.0,-55.0,,-131.0,53.0,944.0,-613.0,-929.0
-229.0,62.0,-252.0,103.0,,-605.0,210.0,1322.0,-453.0,-1024.0
-199.0,731.0,-232.0,221.0,,391.0,302.0,1378.0,337.0,-1020.0
-209.0,695.0,-232.0,328.0,,251.0,330.0,1260.0,127.0,-884.0
-220.0,610.0,-237.0,262.0,,125.0,359.0,947.0,-453.0,-772.0
-217.0,764.0,-243.0,135.0,,442.0,382.0,594.0,-282.0,-636.0
-183.0,712.0,-209.0,88.0,,97.0,376.0,327.0,204.0,-606.0
-132.0,1204.0,-271.0,-144.0,,527.0,366.0,5.0,536.0,-540.0
-169.0,1250.0,-292.0,-387.0,,-5.0,338.0,27.0,-60.0,-387.0
-128.0,1244.0,-322.0,-492.0,,227.0,260.0,120.0,-247.0,-274.0
-105.0,1046.0,-353.0,-773.0,,-291.0,250.0,426.0,-135.0,-216.0
-83.0,839.0,-411.0,-1052.0,,-663.0,314.0,650.0,-161.0,-226.0
-48.0,900.0,-459.0,-830.0,,-182.0,356.0,702.0,96.0,-139.0
-65.0,-46.0,-399.0,-605.0,,33.0,417.0,873.0,167.0,0.0
-108.0,-354.0,-494.0,-567.0,,610.0,437.0,835.0,-4.0,-31.0
-153.0,-278.0,-470.0,-473.0,,-71.0,372.0,975.0,53.0,-144.0
-138.0,-684.0,-452.0,-342.0,,223.0,312.0,1056.0,408.0,-115.0
-193.0,-779.0,-437.0,-232.0,,126.0,278.0,1297.0,527.0,-51.0
-254.0,-1152.0,-402.0,-417.0,,-60.0,176.0,1590.0,636.0,-15.0
-271.0,-764.0,-435.0,-680.0,,197.0,84.0,1513.0,1074.0,69.0
-291.0,-333.0,-318.0,-566.0,,-182.0,114.0,1468.0,928.0,54.0
-336.0,-578.0,-259.0,-328.0,,70.0,126.0,1101.0,462.0,-16.0
-403.0,-407.0,-209.0,-94.0,,-633.0,62.0,816.0,-122.0,42.0
-435.0,52.0,-209.0,238.0,,-283.0,-1.0,497.0,-690.0,74.0
-393.0,496.0,-240.0,368.0,,14.0,-42.0,90.0,-528.0,-25.0
-316.0,557.0,-320.0,465.0,,3.0,-155.0,-35.0,-711.0,-106.0
-314.0,294.0,-374.0,506.0,,129.0,-293.0,-181.0,-451.0,-139.0
-292.0,300.0,-365.0,519.0,,-623.0,-352.0,-33.0,-41.0,-225.0
-286.0,812.0,-444.0,471.0,,-106.0,-392.0,249.0,-322.0,-370.0
-272.0,1128.0,-469.0,224.0,,-235.0,-403.0,757.0,-793.0,-483.0
-215.0,1154.0,-470.0,6.0,,375.0,-359.0,1171.0,-772.0,-649.0
-189.0,684.0,-480.0,-390.0,,340.0,-288.0,1230.0,-156.0,-758.0
-126.0,245.0,-577.0,-832.0,,-475.0,-239.0,1213.0,-627.0,-688.0
-45.0,226.0,-578.0,-1065.0,,63.0,-171.0,914.0,-724.0,-657.0
27.0,-165.0,-433.0,-995.0,,-178.0,-101.0,766.0,-416.0,-665.0
91.0,-446.0,-332.0,-813.0,,395.0,-42.0,628.0,-383.0,-642.0
115.0,-153.0,-259.0,-682.0,,-342.0,60.0,665.0,-109.0,-604.0
144.0,554.0,-219.0,-756.0,,-461.0,162.0,897.0,-272.0,-587.0
142.0,534.0,-231.0,-795.0,,-178.0,204.0,1006.0,-121.0,-611.0
72.0,97.0,-232.0,-436.0,,-790.0,145.0,1204.0,393.0,-589.0
54.0,326.0,-204.0,-86.0,,134.0,122.0,1173.0,535.0,-515.0
102.0,100.0,-253.0,120.0,,-286.0,142.0,1263.0,519.0,-491.0
118.0,-327.0,-266.0,129.0,,535.0,127.0,1306.0,883.0,-533.0
102.0,-199.0,-289.0,1.0,,350.0,97.0,1280.0,625.0,-518.0
121.0,-723.0,-299.0,-99.0,,-555.0,75.0,1393.0,30.0,-527.0
100.0,-1029.0,-298.0,27.0,,-373.0,65.0,1145.0,179.0,-583.0
62.0,-539.0,-372.0,232.0,,-763.0,34.0,853.0,-24.0,-542.0
39.0,-391.0,-387.0,186.0,,369.0,12.0,384.0,-574.0,-518.0
-26.0,-366.0,-505.0,40.0,,-384.0,-17.0,-31.0,-530.0,-602.0
-78.0,-304.0,-588.0,-263.0,,-436.0,-26.0,-199.0,131.0,-633.0
-147.0,8.0,-541.0,-539.0,,-521.0,-10.0,-168.0,172.0,-576.0
-193.0,124.0,-619.0,-533.0,,-794.0,-30.0,247.0,-411.0,-673.0
-253.0,360.0,-578.0,-398.0,,304.0,-78.0,604.0,-209.0,-804.0
-283.0,522.0,-451.0,-446.0,,-198.0,-123.0,1056.0,268.0,-830.0
-299.0,494.0,-437.0,-665.0,,739.0,-146.0,1249.0,-15.0,-863.0
-363.0,335.0,-326.0,-635.0,,198.0,-126.0,1237.0,-757.0,-793.0
-376.0,-263.0,-241.0,-508.0,,-461.0,-87.0,1182.0,-796.0,-671.0
-410.0,36.0,-208.0,-198.0,,-313.0,-35.0,840.0,-315.0,-516.0
-443.0,67.0,-125.0,292.0,,-353.0,89.0,646.0,-385.0,-409.0
-461.0,249.0,-35.0,512.0,,644.0,148.0,352.0,-391.0,-345.0
-433.0,562.0,30.0,419.0,,-180.0,109.0,145.0,97.0,-157.0
-406.0,379.0,73.0,98.0,,-226.0,123.0,-59.0,350.0,-72.0
-441.0,1213.0,96.0,-46.0,,-192.0,108.0,-147.0,180.0,-171.0
-441.0,853.0,99.0,-9.0,,392.0,6.0,29.0,-1.0,-261.0
-445.0,374.0,67.0,60.0,,957.0,-119.0,66.0,-211.0,-259.0
-438.0,955.0,19.0,262.0,,296.0,-222.0,415.0,-559.0,-275.0
-404.0,457.0,42.0,435.0,,-15.0,-248.0,755.0,-486.0,-289.0
-410.0,-248.0,-48.0,508.0,,-657.0,-208.0,1210.0,53.0,-243.0
-419.0,-704.0,-71.0,622.0,,636.0,-179.0,1579.0,726.0,-175.0
-395.0,-931.0,-42.0,657.0,,1085.0,-169.0,1552.0,983.0,-136.0
-378.0,-1061.0,-81.0,370.0,,506.0,-139.0,1561.0,941.0,-131.0
-412.0,-1251.0,-99.0,43.0,,-191.0,-62.0,1193.0,652.0,-108.0
-393.0,-1498.0,-95.0,-102.0,,-604.0,72.0,838.0,-13.0,-246.0
-320.0,-1907.0,-58.0,-311.0,,384.0,141.0,362.0,-234.0,-432.0
-335.0,-1731.0,-25.0,-722.0,,350.0,107.0,-114.0,-565.0,-462.0
-391.0,-894.0,42.0,-1020.0,,597.0,98.0,-256.0,-837.0,-573.0
-445.0,-591.0,45.0,-871.0,,63.0,116.0,-430.0,-600.0,-752.0
-508.0,-448.0,133.0,-480.0,,-95.0,102.0,-282.0,-116.0,-760.0
-562.0,283.0,138.0,-179.0,,75.0,45.0,-249.0,223.0,-632.0
-585.0,538.0,101.0,117.0,,-25.0,-45.0,-221.0,62.0,-499.0
-614.0,450.0,111.0,367.0,,595.0,-118.0,-81.0,-281.0,-440.0
-629.0,-86.0,74.0,221.0,,-67.0,-191.0,-29.0,-133.0,-382.0
-572.0,277.0,79.0,-179.0,,498.0,-235.0,164.0,201.0,-285.0
-505.0,1014.0,87.0,-183.0,,742.0,-218.0,277.0,-579.0,-258.0
-443.0,957.0,119.0,-155.0,,217.0,-203.0,485.0,-854.0,-274.0
-397.0,987.0,109.0,-425.0,,33.0,-63.0,495.0,-545.0,-314.0
-361.0,586.0,66.0,-430.0,,-44.0,74.0,393.0,-502.0,-346.0
-312.0,945.0,63.0,-439.0,,457.0,87.0,312.0,-177.0,-392.0
-291.0,883.0,31.0,-322.0,,-56.0,102.0,66.0,156.0,-391.0
-257.0,454.0,-80.0,85.0,,277.0,163.0,96.0,499.0,-330.0
-175.0,179.0,53.0,322.0,,-8.0,295.0,5.0,101.0,-405.0
-112.0,-217.0,82.0,462.0,,-231.0,384.0,-53.0,-54.0,-411.0
-90.0,-161.0,1.0,460.0,,316.0,438.0,1.0,800.0,-261.0
-113.0,-444.0,59.0,301.0,,127.0,432.0,-20.0,786.0,-115.0
-76.0,-600.0,11.0,100.0,,295.0,363.0,25.0,225.0,-2.0
-13.0,-536.0,46.0,12.0,,-191.0,397.0,-125.0,-20.0,159.0
9.0,119.0,1.0,193.0,,210.0,501.0,-129.0,24.0,307.0
35.0,136.0,-63.0,378.0,,237.0,493.0,-186.0,343.0,321.0
74.0,-433.0,-67.0,469.0,,-411.0,431.0,-203.0,-71.0,372.0
138.0,-337.0,-117.0,453.0,,-1017.0,468.0,-101.0,-92.0,355.0
155.0,-175.0,-102.0,134.0,,-1685.0,452.0,-107.0,-15.0,247.0
158.0,-560.0,-99.0,-136.0,,-626.0,427.0,121.0,-141.0,189.0
93.0,-484.0,-107.0,-134.0,,350.0,433.0,103.0,6.0,42.0
82.0,-41.0,-31.0,-96.0,,671.0,382.0,140.0,-249.0,-163.0
82.0,-307.0,-70.0,-169.0,,-608.0,260.0,208.0,-241.0,-362.0
-2.0,194.0,-61.0,-297.0,,-1961.0,76.0,88.0,-651.0,-516.0
-15.0,345.0,-40.0,-263.0,,-1097.0,-67.0,-9.0,-464.0,-615.0
-52.0,571.0,-97.0,-221.0,,174.0,-290.0,-256.0,114.0,-728.0
-60.0,789.0,36.0,-145.0,,558.0,-498.0,-225.0,-411.0,-806.0
-96.0,82.0,83.0,22.0,,-655.0,-542.0,-323.0,-484.0,-836.0
-142.0,367.0,25.0,-69.0,,-1458.0,-596.0,-345.0,-209.0,-833.0
-198.0,327.0,-25.0,-252.0,,-1460.0,-684.0,-312.0,-41.0,-790.0
-259.0,-438.0,-23.0,-279.0,,-989.0,-755.0,-498.0,224.0,-689.0
-239.0,-151.0,-63.0,-253.0,,542.0,-709.0,-397.0,-96.0,-568.0
-274.0,310.0,-99.0,-189.0,,-793.0,-486.0,-417.0,-242.0,-506.0
-300.0,14.0,-91.0,-52.0,,-2194.0,-180.0,-295.0,-333.0,-437.0
-315.0,192.0,-157.0,-59.0,,793.0,113.0,-140.0,-81.0,-289.0
-295.0,519.0,-148.0,-175.0,,3027.0,317.0,3.0,464.0,-247.0
-284.0,407.0,-182.0,-403.0,,2260.0,477.0,155.0,261.0,-330.0
-283.0,-34.0,-216.0,-560.0,,-641.0,611.0,101.0,348.0,-314.0
-282.0,-84.0,-159.0,-362.0,,-2284.0,693.0,123.0,2.0,-291.0
-285.0,-117.0,-80.0,-411.0,,-1757.0,723.0,-59.0,474.0,-321.0
-241.0,-699.0,-79.0,-507.0,,-849.0,685.0,-145.0,983.0,-376.0
-247.0,-602.0,20.0,-476.0,,369.0,682.0,-406.0,-70.0,-460.0
-267.0,-722.0,78.0,-344.0,,-91.0,702.0,-694.0,-369.0,-628.0
-308.0,-828.0,111.0,-58.0,,-1414.0,698.0,-746.0,-192.0,-801.0
-325.0,-908.0,220.0,82.0,,-2086.0,649.0,-883.0,242.0,-869.0
-370.0,-975.0,170.0,182.0,,406.0,546.0,-805.0,256.0,-916.0
-420.0,-471.0,188.0,-6.0,,3070.0,463.0,-796.0,188.0,-894.0
-458.0,-269.0,157.0,-173.0,,1881.0,356.0,-661.0,139.0,-854.0
-527.0,64.0,168.0,-105.0,,-2128.0,299.0,-545.0,-366.0,-691.0
-514.0,360.0,158.0,-18.0,,-4515.0,395.0,-476.0,-98.0,-435.0
-515.0,419.0,104.0,134.0,,-1784.0,600.0,-162.0,176.0,-279.0
-479.0,142.0,126.0,366.0,,1918.0,776.0,-22.0,-131.0,-127.0
-415.0,-20.0,44.0,494.0,,3267.0,861.0,264.0,-431.0,84.0
-354.0,-139.0,20.0,287.0,,45.0,919.0,484.0,-51.0,277.0
-340.0,-604.0,-30.0,51.0,,-1744.0,820.0,567.0,202.0,317.0
-401.0,-312.0,-109.0,-103.0,,-259.0,605.0,772.0,36.0,333.0
-389.0,-44.0,-135.0,-276.0,,1530.0,458.0,761.0,-274.0,314.0
-401.0,-34.0,-175.0,-497.0,,2291.0,336.0,740.0,-239.0,226.0
-412.0,113.0,-204.0,-688.0,,-629.0,162.0,439.0,100.0,207.0
-420.0,86.0,-252.0,-548.0,,-1890.0,-39.0,-31.0,-464.0,205.0
-453.0,-97.0,-184.0,-228.0,,-2003.0,-137.0,-487.0,-271.0,173.0
-446.0,-264.0,-120.0,-173.0,,1582.0,-148.0,-1056.0,-4.0,194.0
-416.0,-407.0,-129.0,-207.0,,4518.0,-175.0,-1341.0,-300.0,331.0
-350.0,-951.0,-57.0,-217.0,,-68.0,-174.0,-1524.0,-330.0,413.0
-348.0,-1117.0,-146.0,-254.0,,-2979.0,-148.0,-1382.0,-296.0,356.0
-323.0,-1004.0,-196.0,-257.0,,-1279.0,-105.0,-1176.0,528.0,331.0
-310.0,-1034.0,-233.0,-293.0,,2442.0,-78.0,-925.0,641.0,365.0
-329.0,-1124.0,-235.0,-336.0,,1854.0,3.0,-469.0,429.0,291.0
-346.0,-1049.0,-219.0,-359.0,,189.0,253.0,-149.0,1032.0,241.0
-378.0,-638.0,-309.0,-294.0,,426.0,504.0,249.0,1370.0,232.0
-344.0,-89.0,-288.0,-228.0,,-1578.0,629.0,314.0,948.0,88.0
-370.0,439.0,-443.0,25.0,,-511.0,648.0,295.0,762.0,24.0
-363.0,275.0,-436.0,177.0,,1844.0,579.0,158.0,721.0,47.0
-351.0,331.0,-385.0,-67.0,,2050.0,488.0,-81.0,-227.0,-61.0
-373.0,328.0,-412.0,-128.0,,216.0,432.0,-251.0,-503.0,-168.0
-362.0,175.0,-296.0,-213.0,,-1337.0,384.0,-607.0,-395.0,-93.0
-346.0,320.0,-291.0,-186.0,,296.0,344.0,-661.0,26.0,-10.0
-270.0,105.0,-260.0,-114.0,,1506.0,246.0,-907.0,277.0,18.0
-196.0,420.0,-254.0,-319.0,,327.0,82.0,-1082.0,-624.0,173.0
-124.0,534.0,-211.0,-302.0,,-1958.0,73.0,-1034.0,-520.0,271.0
-50.0,359.0,-219.0,-287.0,,-971.0,137.0,-1021.0,-184.0,250.0
-11.0,485.0,-216.0,-368.0,,2899.0,149.0,-829.0,-253.0,293.0
-9.0,487.0,-169.0,-290.0,,2756.0,240.0,-901.0,-359.0,307.0
-2.0,319.0,-184.0,11.0,,-1089.0,395.0,-897.0,-596.0,187.0
-5.0,-8.0,-93.0,259.0,,-2547.0,592.0,-990.0,-513.0,78.0
-28.0,-324.0,-116.0,281.0,,644.0,800.0,-1006.0,-258.0,103.0
-52.0,-731.0,-108.0,218.0,,3038.0,1016.0,-774.0,-225.0,60.0
-80.0,-919.0,-109.0,356.0,,683.0,1179.0,-533.0,-311.0,65.0
-69.0,-1032.0,-176.0,668.0,,-1556.0,1173.0,-49.0,-525.0,181.0
-49.0,-687.0,-184.0,624.0,,-415.0,1142.0,186.0,-912.0,198.0
-73.0,-515.0,-249.0,402.0,,1031.0,1089.0,328.0,-110.0,206.0
-99.0,-596.0,-201.0,259.0,,-579.0,992.0,258.0,156.0,291.0
-49.0,-130.0,-208.0,326.0,,-915.0,899.0,-11.0,-192.0,357.0
0.0,76.0,-179.0,340.0,,1433.0,752.0,-280.0,0.0,292.0
-11.0,280.0,-124.0,95.0,,1538.0,591.0,-729.0,164.0,211.0
-30.0,239.0,-108.0,-63.0,,976.0,327.0,-968.0,605.0,255.0
-1.0,185.0,-87.0,-83.0,,306.0,14.0,-1263.0,296.0,294.0
0.0,187.0,-154.0,-64.0,,-342.0,-197.0,-1291.0,85.0,186.0
-24.0,-50.0,-94.0,-104.0,,-596.0,-325.0,-1156.0,-155.0,225.0
-43.0,-219.0,-69.0,-124.0,,-180.0,-428.0,-1154.0,-224.0,384.0
-26.0,118.0,-60.0,236.0,,1093.0,-524.0,-934.0,529.0,395.0
-7.0,546.0,-17.0,936.0,,1400.0,-525.0,-888.0,349.0,404.0
-17.0,220.0,-61.0,1091.0,,1394.0,-422.0,-759.0,-10.0,405.0
14.0,411.0,-84.0,761.0,,-933.0,-250.0,-628.0,65.0,327.0
6.0,469.0,-72.0,409.0,,-1631.0,-96.0,-410.0,542.0,283.0
37.0,382.0,-130.0,261.0,,2389.0,-17.0,11.0,835.0,246.0
54.0,473.0,-158.0,162.0,,3606.0,-39.0,254.0,203.0,80.0
17.0,-113.0,-164.0,-182.0,,-52.0,-123.0,480.0,15.0,-1.0
9.0,-358.0,-224.0,-202.0,,-3224.0,-144.0,389.0,-18.0,1.0
0.0,-364.0,-188.0,-273.0,,-1264.0,-85.0,203.0,-106.0,-20.0
20.0,-252.0,-180.0,-497.0,,2247.0,93.0,-72.0,-160.0,-12.0
4.0,-124.0,-189.0,-354.0,,2894.0,244.0,-452.0,-140.0,3.0
9.0,-81.0,-205.0,-9.0,,425.0,314.0,-657.0,69.0,-2.0
3.0,109.0,-254.0,409.0,,-2013.0,478.0,-855.0,-270.0,-5.0
-32.0,178.0,-300.0,656.0,,-684.0,643.0,-774.0,132.0,116.0
-66.0,166.0,-325.0,384.0,,354.0,744.0,-676.0,962.0,138.0
-105.0,-197.0,-278.0,27.0,,1364.0,789.0,-441.0,816.0,101.0
-123.0,-443.0,-290.0,-62.0,,2368.0,719.0,-127.0,534.0,217.0
-124.0,-425.0,-250.0,-3.0,,411.0,595.0,112.0,813.0,376.0
-73.0,-344.0,-238.0,93.0,,-2168.0,443.0,498.0,896.0,504.0
-70.0,-447.0,-291.0,45.0,,-2004.0,257.0,458.0,607.0,688.0
-103.0,-1118.0,-270.0,-5.0,,2322.0,141.0,384.0,242.0,885.0
-102.0,-1171.0,-340.0,-70.0,,2627.0,73.0,229.0,136.0,967.0
-114.0,-932.0,-350.0,-201.0,,-496.0,-30.0,-157.0,630.0,1088.0
-185.0,-692.0,-387.0,-387.0,,-812.0,-63.0,-506.0,638.0,1148.0
-253.0,-93.0,-448.0,-460.0,,-361.0,-9.0,-920.0,859.0,1017.0
-262.0,-19.0,-404.0,-509.0,,451.0,62.0,-1053.0,1102.0,841.0
-287.0,374.0,-444.0,-450.0,,530.0,129.0,-1239.0,774.0,808.0
-323.0,869.0,-424.0,-263.0,,803.0,179.0,-1241.0,719.0,755.0
-330.0,923.0,-441.0,-33.0,,233.0,224.0,-981.0,817.0,563.0
-273.0,1065.0,-488.0,257.0,,-294.0,221.0,-709.0,1024.0,475.0
-181.0,991.0,-507.0,237.0,,-209.0,249.0,-242.0,472.0,431.0
-101.0,926.0,-513.0,25.0,,-162.0,287.0,24.0,300.0,410.0
-66.0,590.0,-443.0,-200.0,,735.0,232.0,240.0,615.0,487.0
-63.0,357.0,-401.0,-138.0,,-21.0,184.0,279.0,493.0,572.0
-37.0,313.0,-329.0,13.0,,530.0,85.0,114.0,399.0,579.0
-12.0,206.0,-278.0,-17.0,,822.0,-45.0,-96.0,-41.0,627.0
16.0,218.0,-264.0,69.0,,136.0,-101.0,-419.0,262.0,695.0
33.0,-304.0,-263.0,221.0,,-315.0,-110.0,-491.0,398.0,602.0
14.0,-346.0,-350.0,550.0,,-726.0,-74.0,-569.0,71.0,474.0
2.0,-383.0,-391.0,981.0,,1477.0,-73.0,-485.0,418.0,377.0
-21.0,-504.0,-391.0,1056.0,,1256.0,-106.0,-295.0,266.0,192.0
-34.0,75.0,-466.0,831.0,,8.0,-115.0,-236.0,0.0,10.0
-30.0,-332.0,-490.0,747.0,,-320.0,-66.0,-51.0,35.0,26.0
-5.0,-906.0,-475.0,860.0,,-312.0,7.0,-81.0,-25.0,40.0
27.0,-712.0,-518.0,805.0,,1179.0,100.0,-88.0,-315.0,-21.0
13.0,-330.0,-546.0,448.0,,884.0,233.0,-60.0,-768.0,53.0
11.0,-277.0,-479.0,138.0,,-243.0,286.0,44.0,-569.0,208.0
24.0,-186.0,-516.0,77.0,,-1871.0,273.0,253.0,3.0,254.0
49.0,315.0,-569.0,-100.0,,-1217.0,246.0,251.0,295.0,264.0
76.0,535.0,-558.0,-342.0,,1709.0,224.0,238.0,508.0,376.0
139.0,850.0,-614.0,-160.0,,2072.0,192.0,-24.0,435.0,457.0
219.0,900.0,-611.0,84.0,,129.0,44.0,-229.0,113.0,488.0
295.0,873.0,-629.0,100.0,,-1517.0,-165.0,-480.0,-35.0,581.0
385.0,654.0,-678.0,130.0,,318.0,-278.0,-681.0,-464.0,768.0
423.0,435.0,-705.0,316.0,,1972.0,-298.0,-548.0,-675.0,826.0
504.0,843.0,-689.0,456.0,,958.0,-281.0,-576.0,-645.0,842.0
576.0,364.0,-718.0,276.0,,-868.0,-227.0,-336.0,-968.0,965.0
574.0,-121.0,-714.0,182.0,,-1403.0,-159.0,-147.0,-238.0,942.0
568.0,-175.0,-741.0,273.0,,1109.0,-59.0,81.0,650.0,897.0
570.0,-470.0,-794.0,41.0,,2105.0,50.0,293.0,940.0,830.0
584.0,-504.0,-785.0,-390.0,,315.0,189.0,251.0,1239.0,711.0
573.0,-756.0,-837.0,-450.0,,-1948.0,240.0,360.0,1313.0,619.0
580.0,-553.0,-794.0,-270.0,,-2145.0,172.0,240.0,1274.0,508.0
570.0,-283.0,-814.0,-176.0,,419.0,194.0,312.0,599.0,441.0
555.0,-155.0,-788.0,-283.0,,2082.0,272.0,218.0,365.0,444.0
517.0,251.0,-801.0,-188.0,,1257.0,301.0,101.0,317.0,415.0
439.0,231.0,-873.0,209.0,,-1149.0,239.0,312.0,-76.0,335.0
395.0,496.0,-829.0,243.0,,-1670.0,238.0,275.0,-25.0,433.0
337.0,513.0,-870.0,134.0,,-722.0,194.0,382.0,15.0,548.0
277.0,450.0,-824.0,145.0,,-108.0,-34.0,378.0,347.0,531.0
246.0,733.0,-768.0,315.0,,97.0,-132.0,371.0,567.0,571.0
263.0,557.0,-757.0,477.0,,-690.0,-154.0,363.0,645.0,682.0
275.0,135.0,-696.0,492.0,,-264.0,-246.0,304.0,501.0,699.0
295.0,-190.0,-639.0,466.0,,-123.0,-283.0,267.0,-83.0,641.0
299.0,-60.0,-609.0,260.0,,-200.0,-213.0,11.0,-88.0,723.0
266.0,-468.0,-599.0,22.0,,-173.0,-149.0,-72.0,-461.0,765.0
301.0,-739.0,-547.0,127.0,,-310.0,-107.0,-319.0,-982.0,669.0
323.0,-296.0,-501.0,584.0,,775.0,0.0,-434.0,-921.0,649.0
323.0,-269.0,-493.0,455.0,,48.0,76.0,-384.0,-1146.0,668.0
296.0,5.0,-428.0,54.0,,-605.0,67.0,-465.0,-547.0,512.0
306.0,1.0,-395.0,221.0,,-671.0,4.0,-251.0,554.0,362.0
348.0,88.0,-435.0,337.0,,-400.0,-19.0,-123.0,911.0,369.0
357.0,623.0,-390.0,291.0,,548.0,18.0,84.0,888.0,330.0
419.0,313.0,-405.0,226.0,,41.0,24.0,240.0,997.0,199.0
424.0,-22.0,-486.0,363.0,,-242.0,-38.0,293.0,1063.0,145.0
454.0,-174.0,-464.0,462.0,,-1050.0,-124.0,399.0,410.0,160.0
460.0,-317.0,-505.0,115.0,,-413.0,-141.0,269.0,-178.0,66.0
439.0,-416.0,-575.0,-72.0,,298.0,-124.0,236.0,-577.0,66.0
462.0,-573.0,-587.0,96.0,,-434.0,-171.0,-20.0,-607.0,165.0
399.0,-178.0,-657.0,266.0,,-375.0,-216.0,-288.0,33.0,178.0
390.0,-100.0,-650.0,130.0,,-1183.0,-197.0,-508.0,74.0,127.0
347.0,-318.0,-651.0,6.0,,-761.0,-193.0,-916.0,-227.0,163.0
300.0,202.0,-660.0,-55.0,,-508.0,-217.0,-1090.0,-464.0,243.0
243.0,377.0,-651.0,-188.0,,-454.0,-207.0,-1232.0,-659.0,182.0
202.0,88.0,-658.0,-161.0,,-180.0,-86.0,-1132.0,-107.0,169.0
254.0,381.0,-586.0,115.0,,-1197.0,87.0,-753.0,-116.0,219.0
251.0,576.0,-568.0,352.0,,-1505.0,175.0,-175.0,-730.0,325.0
265.0,291.0,-516.0,84.0,,-2015.0,179.0,426.0,-317.0,412.0
266.0,-66.0,-531.0,-228.0,,-855.0,199.0,729.0,-474.0,523.0
316.0,-466.0,-529.0,-193.0,,104.0,267.0,1053.0,-836.0,669.0
344.0,-882.0,-570.0,13.0,,-848.0,244.0,1010.0,-480.0,598.0
399.0,-991.0,-598.0,-17.0,,-1245.0,95.0,805.0,-445.0,562.0
497.0,-841.0,-577.0,-38.0,,-1739.0,17.0,607.0,-98.0,664.0
563.0,-698.0,-660.0,325.0,,-1523.0,98.0,188.0,37.0,641.0
664.0,-152.0,-553.0,446.0,,-1199.0,134.0,-72.0,122.0,479.0
671.0,534.0,-562.0,101.0,,-148.0,59.0,-423.0,686.0,427.0
682.0,964.0,-551.0,-173.0,,-169.0,23.0,-611.0,893.0,346.0
682.0,1132.0,-480.0,-88.0,,-1655.0,-20.0,-591.0,607.0,174.0
720.0,856.0,-470.0,29.0,,-1421.0,-39.0,-439.0,624.0,77.0
712.0,581.0,-488.0,73.0,,-822.0,2.0,-155.0,509.0,-8.0
633.0,616.0,-477.0,370.0,,246.0,-59.0,46.0,-68.0,-83.0
620.0,553.0,-437.0,583.0,,-269.0,-191.0,415.0,-473.0,-239.0
567.0,349.0,-529.0,224.0,,-1243.0,-304.0,578.0,-521.0,-301.0
551.0,56.0,-449.0,-58.0,,-763.0,-324.0,683.0,-34.0,-300.0
564.0,-79.0,-486.0,106.0,,-127.0,-273.0,672.0,-69.0,-476.0
590.0,-46.0,-543.0,206.0,,257.0,-243.0,506.0,613.0,-626.0
556.0,-288.0,-557.0,92.0,,-1833.0,-205.0,375.0,806.0,-580.0
469.0,-350.0,-598.0,37.0,,-2077.0,-239.0,-35.0,-10.0,-448.0
441.0,-362.0,-597.0,173.0,,-569.0,-329.0,-247.0,221.0,-321.0
417.0,-245.0,-633.0,319.0,,400.0,-359.0,-558.0,141.0,-75.0
398.0,161.0,-601.0,101.0,,935.0,-355.0,-772.0,107.0,176.0
401.0,168.0,-646.0,53.0,,-476.0,-365.0,-705.0,-142.0,289.0
373.0,-86.0,-573.0,273.0,,-875.0,-369.0,-731.0,-173.0,341.0
348.0,-380.0,-544.0,129.0,,-964.0,-345.0,-430.0,-23.0,408.0
355.0,-519.0,-503.0,239.0,,150.0,-310.0,-205.0,26.0,477.0
369.0,-450.0,-402.0,548.0,,743.0,-241.0,149.0,143.0,406.0
315.0,-346.0,-395.0,623.0,,-307.0,-135.0,550.0,35.0,352.0
255.0,-497.0,-378.0,588.0,,-100.0,-53.0,833.0,173.0,422.0
286.0,-594.0,-388.0,629.0,,-478.0,-80.0,1247.0,-169.0,395.0
307.0,-329.0,-341.0,917.0,,-387.0,-60.0,1285.0,173.0,316.0
328.0,-264.0,-366.0,858.0,,-874.0,67.0,1099.0,158.0,340.0
342.0,-332.0,-287.0,405.0,,-461.0,111.0,497.0,29.0,387.0
376.0,-283.0,-239.0,117.0,,544.0,90.0,-188.0,356.0,337.0
412.0,-24.0,-302.0,-177.0,,-242.0,62.0,-737.0,-205.0,310.0
416.0,-73.0,-249.0,-415.0,,-433.0,-10.0,-1249.0,-169.0,343.0
411.0,-450.0,-249.0,-359.0,,-747.0,-97.0,-1387.0,-366.0,250.0
401.0,-336.0,-241.0,31.0,,12.0,-146.0,-1439.0,-443.0,104.0
403.0,193.0,-234.0,561.0,,-35.0,-268.0,-1149.0,-159.0,-7.0
393.0,370.0,-245.0,674.0,,-550.0,-420.0,-779.0,-363.0,-158.0
425.0,178.0,-215.0,646.0,,-513.0,-463.0,-293.0,-233.0,-307.0
436.0,641.0,-232.0,654.0,,-1153.0,-481.0,232.0,-106.0,-359.0
409.0,676.0,-244.0,676.0,,-183.0,-502.0,478.0,87.0,-282.0
348.0,183.0,-238.0,584.0,,5.0,-571.0,820.0,-418.0,-172.0
315.0,291.0,-261.0,183.0,,79.0,-651.0,779.0,-788.0,-120.0
282.0,326.0,-208.0,65.0,,-797.0,-619.0,655.0,-429.0,-63.0
219.0,354.0,-181.0,-20.0,,-1675.0,-532.0,508.0,-542.0,-24.0
147.0,542.0,-218.0,-349.0,,-2.0,-477.0,258.0,-404.0,-71.0
91.0,835.0,-194.0,-442.0,,616.0,-452.0,127.0,-780.0,-94.0
63.0,625.0,-134.0,-173.0,,372.0,-414.0,-195.0,-728.0,-93.0
14.0,227.0,-128.0,188.0,,-1515.0,-397.0,-312.0,-12.0,-183.0
35.0,-15.0,-137.0,542.0,,-1425.0,-461.0,-424.0,-226.0,-310.0
11.0,-383.0,-110.0,915.0,,553.0,-559.0,-456.0,193.0,-293.0
11.0,-588.0,-164.0,1012.0,,836.0,-595.0,-297.0,273.0,-258.0
-6.0,-751.0,-191.0,913.0,,214.0,-651.0,-123.0,-257.0,-341.0
-19.0,-593.0,-251.0,544.0,,-1907.0,-767.0,105.0,362.0,-329.0
42.0,-653.0,-301.0,205.0,,-1050.0,-836.0,38.0,730.0,-289.0
53.0,-638.0,-270.0,186.0,,112.0,-866.0,44.0,72.0,-360.0
78.0,-472.0,-277.0,227.0,,60.0,-802.0,38.0,-422.0,-379.0
55.0,-375.0,-240.0,241.0,,-245.0,-686.0,35.0,-287.0,-310.0
81.0,199.0,-271.0,170.0,,-1555.0,-613.0,49.0,-80.0,-308.0
97.0,655.0,-303.0,-5.0,,-559.0,-559.0,-173.0,120.0,-407.0
137.0,983.0,-312.0,-269.0,,-413.0,-573.0,-199.0,136.0,-435.0
175.0,1275.0,-353.0,-108.0,,-231.0,-612.0,-258.0,-40.0,-416.0
131.0,1416.0,-366.0,37.0,,-645.0,-593.0,-243.0,-93.0,-481.0
129.0,888.0,-348.0,-176.0,,-1165.0,-447.0,-221.0,-336.0,-587.0
88.0,234.0,-334.0,-458.0,,-461.0,-398.0,-240.0,-524.0,-631.0
42.0,279.0,-315.0,-376.0,,-1267.0,-514.0,-160.0,-131.0,-640.0
23.0,115.0,-237.0,76.0,,-417.0,-534.0,-279.0,-26.0,-711.0
13.0,-308.0,-235.0,242.0,,-438.0,-626.0,-153.0,-235.0,-677.0
25.0,-472.0,-264.0,546.0,,-327.0,-888.0,-118.0,246.0,-575.0
66.0,-319.0,-264.0,899.0,,-82.0,-1120.0,-199.0,544.0,-557.0
99.0,-276.0,-286.0,1011.0,,-915.0,-1213.0,-208.0,558.0,-527.0
130.0,-322.0,-337.0,895.0,,-177.0,-1220.0,-356.0,172.0,-431.0
163.0,-178.0,-362.0,806.0,,-832.0,-1163.0,-249.0,-137.0,-315.0
231.0,-53.0,-358.0,1089.0,,-135.0,-1001.0,-203.0,51.0,-261.0
311.0,63.0,-377.0,1248.0,,342.0,-824.0,-70.0,-167.0,-149.0
355.0,-86.0,-380.0,865.0,,31.0,-691.0,-11.0,235.0,-68.0
398.0,-246.0,-356.0,299.0,,-54.0,-532.0,-114.0,419.0,-51.0
386.0,-98.0,-396.0,45.0,,-1447.0,-348.0,-186.0,331.0,38.0
386.0,104.0,-435.0,-45.0,,-358.0,-278.0,-509.0,367.0,32.0
395.0,338.0,-451.0,-106.0,,-272.0,-210.0,-607.0,7.0,-68.0
362.0,555.0,-516.0,-124.0,,-328.0,-59.0,-781.0,-303.0,-112.0
337.0,1180.0,-544.0,13.0,,-510.0,-4.0,-848.0,-1023.0,-66.0
310.0,1527.0,-619.0,154.0,,-1131.0,-95.0,-665.0,-1298.0,-62.0
228.0,1243.0,-640.0,186.0,,411.0,-217.0,-480.0,-1055.0,-89.0
192.0,886.0,-644.0,198.0,,340.0,-321.0,-84.0,-271.0,-67.0
198.0,275.0,-698.0,34.0,,724.0,-433.0,134.0,73.0,-76.0
159.0,54.0,-694.0,31.0,,-658.0,-496.0,395.0,-561.0,-135.0
133.0,-206.0,-693.0,160.0,,-1446.0,-555.0,423.0,-345.0,-221.0
114.0,-493.0,-637.0,225.0,,-133.0,-645.0,352.0,127.0,-296.0
125.0,-472.0,-676.0,332.0,,-547.0,-642.0,314.0,-334.0,-386.0
66.0,-485.0,-642.0,279.0,,233.0,-511.0,-107.0,-699.0,-508.0
35.0,-361.0,-589.0,132.0,,-896.0,-423.0,-443.0,-671.0,-558.0
42.0,-562.0,-596.0,49.0,,-725.0,-473.0,-861.0,-1082.0,-546.0
31.0,-359.0,-484.0,155.0,,24.0,-510.0,-1042.0,-506.0,-542.0
65.0,7.0,-479.0,331.0,,-361.0,-520.0,-1031.0,126.0,-500.0
87.0,0.0,-429.0,408.0,,588.0,-579.0,-1010.0,222.0,-414.0
168.0,-61.0,-390.0,93.0,,-492.0,-667.0,-837.0,437.0,-306.0
240.0,-282.0,-408.0,-291.0,,-219.0,-791.0,-897.0,260.0,-272.0
252.0,-185.0,-390.0,-96.0,,-687.0,-883.0,-628.0,272.0,-294.0
202.0,69.0,-433.0,-39.0,,-66.0,-875.0,-192.0,40.0,-276.0
199.0,19.0,-443.0,54.0,,1214.0,-940.0,277.0,-316.0,-244.0
195.0,24.0,-442.0,207.0,,-290.0,-1061.0,687.0,-535.0,-236.0
124.0,644.0,-480.0,-145.0,,169.0,-1049.0,720.0,23.0,-246.0
73.0,635.0,-465.0,-316.0,,-607.0,-857.0,877.0,248.0,-257.0
41.0,516.0,-478.0,-292.0,,-175.0,-632.0,855.0,-32.0,-346.0
29.0,615.0,-507.0,-23.0,,158.0,-533.0,798.0,109.0,-397.0
-14.0,-24.0,-458.0,177.0,,-396.0,-396.0,580.0,-280.0,-380.0
-41.0,-280.0,-475.0,146.0,,450.0,-250.0,101.0,-462.0,-418.0
-67.0,-689.0,-451.0,550.0,,-375.0,-134.0,-138.0,-212.0,-496.0
-65.0,-582.0,-320.0,803.0,,543.0,21.0,-332.0,-62.0,-548.0
-99.0,-331.0,-239.0,702.0,,-232.0,70.0,-288.0,-583.0,-514.0
-124.0,-493.0,-152.0,549.0,,-921.0,0.0,-306.0,-576.0,-496.0
-173.0,-4.0,-23.0,408.0,,-217.0,-35.0,-310.0,69.0,-486.0
-258.0,56.0,-44.0,390.0,,-331.0,17.0,-188.0,338.0,-478.0
-247.0,219.0,21.0,394.0,,757.0,14.0,-57.0,285.0,-502.0
-270.0,552.0,0.0,485.0,,-470.0,-15.0,426.0,-223.0,-480.0
-285.0,682.0,-98.0,439.0,,-201.0,67.0,702.0,-54.0,-393.0
-289.0,906.0,-10.0,279.0,,333.0,146.0,883.0,199.0,-302.0
-257.0,795.0,-44.0,133.0,,326.0,121.0,835.0,-102.0,-303.0
-256.0,596.0,-33.0,41.0,,1061.0,116.0,596.0,-384.0,-290.0
-214.0,584.0,-61.0,290.0,,-413.0,71.0,537.0,-600.0,-217.0
-176.0,63.0,-29.0,311.0,,135.0,-57.0,295.0,-1047.0,-160.0
-164.0,-694.0,-75.0,16.0,,661.0,-98.0,157.0,-1020.0,-105.0
-109.0,-605.0,-87.0,-153.0,,1249.0,-147.0,-157.0,-357.0,-42.0
-100.0,-324.0,0.0,-119.0,,1185.0,-261.0,-275.0,-414.0,41.0
-40.0,-271.0,-59.0,-20.0,,-292.0,-319.0,-190.0,-746.0,121.0
-11.0,-668.0,37.0,-112.0,,620.0,-274.0,-129.0,-883.0,217.0
53.0,-860.0,65.0,5.0,,640.0,-152.0,110.0,-594.0,356.0
52.0,-638.0,99.0,116.0,,1276.0,-138.0,90.0,-247.0,454.0
94.0,-995.0,141.0,-24.0,,1163.0,-201.0,266.0,-551.0,482.0
127.0,-736.0,175.0,3.0,,141.0,-169.0,266.0,-853.0,528.0
83.0,-143.0,179.0,408.0,,691.0,-130.0,149.0,-889.0,613.0
107.0,98.0,237.0,633.0,,288.0,-129.0,173.0,-220.0,633.0
54.0,-35.0,302.0,510.0,,705.0,-119.0,86.0,927.0,576.0
90.0,-343.0,268.0,560.0,,330.0,-171.0,103.0,1200.0,538.0
53.0,-74.0,358.0,522.0,,98.0,-343.0,-22.0,968.0,422.0
25.0,-162.0,285.0,352.0,,649.0,-509.0,140.0,1015.0,255.0
27.0,193.0,230.0,152.0,,345.0,-538.0,262.0,1064.0,174.0
-17.0,1228.0,244.0,-17.0,,782.0,-470.0,338.0,835.0,64.0
-7.0,1636.0,152.0,-145.0,,213.0,-434.0,554.0,559.0,-91.0
-30.0,1307.0,81.0,-87.0,,140.0,-375.0,386.0,276.0,-143.0
-73.0,1198.0,25.0,220.0,,269.0,-240.0,413.0,-234.0,-67.0
-139.0,1358.0,-14.0,345.0,,-54.0,-168.0,365.0,-474.0,0.0
-168.0,1215.0,-56.0,367.0,,191.0,-34.0,212.0,-314.0,0.0
-220.0,1162.0,-90.0,511.0,,171.0,215.0,81.0,-154.0,31.0
-257.0,953.0,-82.0,538.0,,801.0,442.0,-153.0,-537.0,151.0
-262.0,911.0,-90.0,419.0,,605.0,594.0,-42.0,-861.0,220.0
-263.0,216.0,-30.0,189.0,,411.0,635.0,79.0,-409.0,202.0
-251.0,-672.0,28.0,123.0,,486.0,587.0,303.0,145.0,244.0
-202.0,-902.0,-5.0,105.0,,81.0,456.0,417.0,428.0,255.0
-148.0,-971.0,29.0,-179.0,,542.0,332.0,574.0,-97.0,196.0
-106.0,-1006.0,9.0,-143.0,,901.0,256.0,933.0,-410.0,224.0
-57.0,-1071.0,12.0,-93.0,,999.0,214.0,1001.0,-6.0,269.0
-82.0,-538.0,-11.0,-6.0,,851.0,156.0,1232.0,-252.0,242.0
-83.0,-482.0,1.0,203.0,,724.0,81.0,1175.0,-280.0,239.0
-135.0,-692.0,-10.0,325.0,,500.0,65.0,907.0,9.0,272.0
-222.0,-600.0,-78.0,408.0,,546.0,32.0,668.0,-82.0,269.0
-243.0,-272.0,0.0,311.0,,911.0,34.0,391.0,151.0,242.0
-312.0,-140.0,-95.0,297.0,,574.0,37.0,245.0,655.0,263.0
-371.0,-219.0,-50.0,201.0,,346.0,7.0,-20.0,534.0,255.0
-354.0,227.0,-72.0,162.0,,296.0,-15.0,-3.0,102.0,194.0
-338.0,398.0,-117.0,67.0,,630.0,-135.0,-75.0,317.0,182.0
-361.0,468.0,-77.0,-116.0,,573.0,-233.0,-166.0,113.0,182.0
-374.0,398.0,-226.0,-177.0,,457.0,-291.0,-83.0,240.0,103.0
-371.0,533.0,-197.0,-271.0,,308.0,-404.0,-20.0,342.0,-18.0
-405.0,382.0,-226.0,-365.0,,-303.0,-479.0,269.0,-577.0,-146.0
-471.0,-114.0,-269.0,-293.0,,290.0,-472.0,539.0,-130.0,-268.0
-526.0,-40.0,-263.0,-106.0,,414.0,-358.0,809.0,309.0,-296.0
-566.0,-232.0,-228.0,-120.0,,467.0,-219.0,801.0,357.0,-320.0
-615.0,-735.0,-252.0,-264.0,,259.0,-148.0,694.0,579.0,-317.0
-619.0,-1395.0,-187.0,-220.0,,84.0,-42.0,724.0,-180.0,-217.0
-592.0,-1582.0,-104.0,-54.0,,650.0,76.0,750.0,-244.0,-95.0
-558.0,-1642.0,-134.0,0.0,,148.0,124.0,844.0,230.0,81.0
-533.0,-1672.0,-33.0,148.0,,341.0,173.0,696.0,439.0,262.0
-506.0,-883.0,22.0,242.0,,-137.0,266.0,639.0,707.0,334.0
-387.0,-412.0,111.0,317.0,,383.0,325.0,617.0,256.0,380.0
-338.0,-324.0,94.0,165.0,,1005.0,266.0,460.0,-200.0,428.0
-338.0,-189.0,108.0,-11.0,,70.0,188.0,426.0,-49.0,440.0
-337.0,-250.0,71.0,190.0,,699.0,160.0,360.0,1.0,429.0
-316.0,81.0,15.0,57.0,,234.0,76.0,447.0,-45.0,333.0
-298.0,482.0,54.0,-35.0,,462.0,-2.0,497.0,-334.0,333.0
-367.0,608.0,-40.0,-2.0,,138.0,-37.0,489.0,-281.0,422.0
-370.0,697.0,-78.0,-28.0,,-224.0,-117.0,631.0,69.0,453.0
-359.0,525.0,-106.0,25.0,,749.0,-207.0,650.0,196.0,466.0
-308.0,721.0,-156.0,-10.0,,223.0,-208.0,713.0,324.0,491.0
-299.0,754.0,-174.0,19.0,,821.0,-93.0,628.0,8.0,561.0
-319.0,678.0,-198.0,46.0,,15.0,68.0,532.0,-219.0,617.0
-301.0,854.0,-192.0,72.0,,21.0,208.0,452.0,37.0,692.0
-293.0,253.0,-178.0,102.0,,363.0,356.0,194.0,142.0,590.0
-263.0,-91.0,-169.0,114.0,,-196.0,503.0,171.0,40.0,384.0
-309.0,-181.0,-145.0,110.0,,661.0,483.0,216.0,-324.0,248.0
-339.0,-454.0,-122.0,117.0,,-196.0,334.0,417.0,-489.0,112.0
-341.0,-434.0,-62.0,-76.0,,555.0,201.0,521.0,-535.0,43.0
-343.0,-184.0,-121.0,-521.0,,491.0,68.0,583.0,-891.0,-83.0
-397.0,156.0,-59.0,-839.0,,405.0,-35.0,788.0,-524.0,-187.0
-428.0,229.0,-51.0,-854.0,,990.0,-121.0,735.0,-550.0,-196.0
-410.0,227.0,-125.0,-611.0,,-33.0,-206.0,641.0,-718.0,-128.0
-426.0,122.0,-47.0,-446.0,,866.0,-266.0,266.0,61.0,-74.0
-419.0,13.0,-90.0,-334.0,,482.0,-297.0,-22.0,252.0,-85.0
-366.0,-191.0,-6.0,-88.0,,753.0,-282.0,-118.0,-149.0,26.0
-252.0,-562.0,-66.0,65.0,,352.0,-224.0,-127.0,-532.0,152.0
-175.0,-578.0,-33.0,-98.0,,-405.0,-145.0,131.0,-135.0,210.0
-87.0,-310.0,0.0,-50.0,,488.0,-24.0,223.0,287.0,220.0
-14.0,-307.0,-142.0,179.0,,13.0,70.0,491.0,264.0,210.0
38.0,-141.0,-54.0,131.0,,863.0,91.0,628.0,143.0,136.0
76.0,37.0,-101.0,38.0,,748.0,126.0,681.0,-100.0,31.0
39.0,-275.0,-115.0,-214.0,,891.0,92.0,796.0,160.0,48.0
11.0,-96.0,-95.0,-438.0,,786.0,38.0,650.0,591.0,-58.0
-17.0,175.0,-102.0,-682.0,,-58.0,-18.0,703.0,817.0,-290.0
-34.0,168.0,-128.0,-719.0,,494.0,-116.0,676.0,811.0,-356.0
-71.0,130.0,-157.0,-593.0,,136.0,-115.0,661.0,727.0,-409.0
-97.0,-128.0,-150.0,-549.0,,982.0,-38.0,602.0,374.0,-525.0
-78.0,-376.0,-141.0,-452.0,,611.0,29.0,489.0,147.0,-571.0
-79.0,-293.0,-139.0,-612.0,,-198.0,26.0,509.0,272.0,-567.0
-109.0,-187.0,-169.0,-418.0,,78.0,57.0,352.0,341.0,-617.0
-117.0,-535.0,-109.0,-131.0,,-32.0,123.0,288.0,81.0,-644.0
-99.0,-761.0,-174.0,129.0,,572.0,188.0,114.0,262.0,-473.0
-116.0,-850.0,-126.0,245.0,,259.0,311.0,77.0,544.0,-343.0
-118.0,-750.0,-72.0,-20.0,,361.0,367.0,123.0,284.0,-276.0
-94.0,-653.0,-86.0,-11.0,,269.0,396.0,153.0,181.0,-86.0
-58.0,-788.0,25.0,-83.0,,32.0,426.0,317.0,-577.0,19.0
-12.0,-937.0,17.0,-369.0,,753.0,405.0,199.0,-780.0,31.0
-27.0,-891.0,51.0,-684.0,,450.0,316.0,164.0,-579.0,62.0
-43.0,-586.0,99.0,-691.0,,-23.0,238.0,-62.0,-514.0,98.0
-38.0,-546.0,51.0,-509.0,,34.0,310.0,-249.0,-230.0,78.0
-22.0,-407.0,64.0,-377.0,,336.0,395.0,-297.0,-413.0,13.0
-18.0,-106.0,82.0,-192.0,,705.0,460.0,-410.0,-825.0,22.0
-57.0,358.0,78.0,-305.0,,624.0,507.0,-218.0,-758.0,51.0
-50.0,645.0,114.0,-597.0,,196.0,548.0,-203.0,48.0,18.0
-42.0,657.0,133.0,-570.0,,58.0,656.0,44.0,-305.0,-49.0
-78.0,602.0,155.0,-385.0,,173.0,671.0,282.0,-722.0,-121.0
-146.0,377.0,147.0,-312.0,,269.0,624.0,277.0,-925.0,-176.0
-178.0,358.0,140.0,-216.0,,268.0,541.0,343.0,-577.0,-236.0
-244.0,581.0,150.0,-245.0,,559.0,479.0,173.0,-30.0,-254.0
-369.0,710.0,115.0,-308.0,,664.0,476.0,120.0,-733.0,-280.0
-422.0,324.0,115.0,-176.0,,413.0,380.0,-35.0,-735.0,-310.0
-463.0,522.0,109.0,-45.0,,764.0,260.0,-114.0,-897.0,-250.0
-483.0,538.0,138.0,-152.0,,623.0,141.0,-31.0,-574.0,-206.0
-523.0,305.0,140.0,-395.0,,443.0,103.0,57.0,-264.0,-157.0
-535.0,546.0,132.0,-413.0,,318.0,107.0,321.0,-230.0,-156.0
-524.0,473.0,190.0,-254.0,,118.0,22.0,388.0,-152.0,-233.0
-515.0,429.0,168.0,-42.0,,145.0,-65.0,606.0,-281.0,-168.0
-500.0,-434.0,177.0,231.0,,98.0,-169.0,733.0,447.0,-5.0
-514.0,-356.0,198.0,295.0,,613.0,-250.0,679.0,-90.0,10.0
-457.0,-111.0,169.0,138.0,,86.0,-224.0,593.0,-454.0,1.0
-417.0,-862.0,108.0,64.0,,91.0,-208.0,279.0,-382.0,96.0
-402.0,-311.0,100.0,103.0,,340.0,-244.0,186.0,-282.0,100.0
-355.0,-23.0,90.0,-139.0,,219.0,-194.0,-66.0,452.0,104.0
-281.0,-366.0,0.0,-415.0,,722.0,-87.0,-266.0,484.0,183.0
-244.0,-488.0,32.0,-439.0,,48.0,-21.0,-347.0,226.0,207.0
-248.0,-341.0,-32.0,-491.0,,273.0,47.0,-386.0,125.0,187.0
-181.0,-733.0,-87.0,-208.0,,177.0,211.0,-147.0,524.0,158.0
-90.0,-747.0,-56.0,144.0,,206.0,387.0,-99.0,262.0,227.0
-35.0,-81.0,-71.0,247.0,,477.0,533.0,184.0,-237.0,137.0
2.0,-104.0,-1.0,81.0,,-4.0,680.0,371.0,-357.0,-142.0
38.0,299.0,36.0,-211.0,,377.0,744.0,408.0,-201.0,-190.0
91.0,384.0,73.0,-13.0,,-231.0,753.0,497.0,-169.0,-194.0
151.0,316.0,126.0,248.0,,168.0,734.0,301.0,-679.0,-387.0
134.0,206.0,228.0,245.0,,217.0,746.0,221.0,-573.0,-572.0
139.0,339.0,309.0,8.0,,66.0,716.0,-12.0,-461.0,-550.0
165.0,540.0,344.0,-367.0,,159.0,609.0,-181.0,-532.0,-579.0
190.0,88.0,391.0,-664.0,,-308.0,499.0,-351.0,-298.0,-658.0
165.0,272.0,382.0,-674.0,,663.0,378.0,-543.0,200.0,-594.0
74.0,178.0,396.0,-413.0,,51.0,397.0,-530.0,-272.0,-563.0
57.0,7.0,413.0,-212.0,,-153.0,442.0,-655.0,-607.0,-487.0
5.0,-300.0,407.0,-301.0,,15.0,444.0,-517.0,-306.0,-387.0
-14.0,-509.0,388.0,-558.0,,391.0,492.0,-341.0,-604.0,-316.0
-16.0,-297.0,389.0,-434.0,,859.0,484.0,-44.0,-292.0,-333.0
-44.0,-216.0,370.0,-147.0,,60.0,421.0,286.0,-590.0,-366.0
-73.0,268.0,311.0,62.0,,594.0,300.0,452.0,-596.0,-352.0
-121.0,526.0,263.0,-133.0,,372.0,189.0,678.0,159.0,-402.0
-124.0,455.0,133.0,-519.0,,531.0,135.0,563.0,4.0,-463.0
-177.0,301.0,13.0,-345.0,,110.0,186.0,558.0,-58.0,-551.0
-230.0,643.0,18.0,-157.0,,-479.0,269.0,463.0,-42.0,-568.0
-269.0,1027.0,-64.0,-320.0,,158.0,209.0,352.0,91.0,-585.0
-282.0,823.0,-111.0,-397.0,,180.0,62.0,251.0,-281.0,-646.0
-253.0,434.0,-49.0,-510.0,,711.0,-26.0,-206.0,-429.0,-691.0
-271.0,276.0,-117.0,-682.0,,61.0,20.0,-356.0,177.0,-688.0
-267.0,207.0,-122.0,-491.0,,154.0,84.0,-558.0,134.0,-607.0
-265.0,-451.0,-148.0,-425.0,,280.0,174.0,-582.0,71.0,-642.0
-245.0,-848.0,-127.0,-375.0,,111.0,340.0,-556.0,17.0,-584.0
-240.0,-858.0,-110.0,-404.0,,494.0,473.0,-740.0,451.0,-355.0
-301.0,-691.0,-186.0,-882.0,,-139.0,506.0,-624.0,755.0,-276.0
-300.0,-396.0,-137.0,-1020.0,,117.0,531.0,-582.0,600.0,-172.0
-256.0,-97.0,-186.0,-913.0,,130.0,604.0,-423.0,405.0,99.0
-224.0,362.0,-248.0,-979.0,,459.0,579.0,-447.0,-178.0,131.0
-246.0,388.0,-265.0,-1098.0,,202.0,520.0,-460.0,6.0,-38.0
-295.0,145.0,-312.0,-1130.0,,-253.0,418.0,-279.0,79.0,44.0
-282.0,250.0,-345.0,-697.0,,249.0,214.0,-218.0,-44.0,63.0
-245.0,419.0,-296.0,44.0,,148.0,5.0,-7.0,-121.0,-142.0
-219.0,-230.0,-275.0,531.0,,370.0,-144.0,-1.0,-254.0,-161.0
-204.0,-722.0,-183.0,636.0,,31.0,-243.0,105.0,-256.0,-80.0
-174.0,-721.0,-55.0,356.0,,-54.0,-281.0,103.0,-576.0,-149.0
-93.0,-1008.0,-22.0,128.0,,-248.0,-180.0,-88.0,-292.0,-180.0
4.0,-674.0,82.0,166.0,,-107.0,-79.0,-86.0,-324.0,-32.0
0.0,-213.0,106.0,25.0,,285.0,67.0,-186.0,-81.0,-49.0
-14.0,-59.0,130.0,87.0,,-118.0,330.0,-144.0,220.0,-182.0
59.0,118.0,143.0,301.0,,15.0,546.0,-151.0,-176.0,-62.0
42.0,382.0,164.0,237.0,,-277.0,684.0,-38.0,653.0,65.0
-39.0,439.0,118.0,316.0,,82.0,846.0,73.0,550.0,-18.0
-110.0,151.0,81.0,427.0,,381.0,1051.0,16.0,-80.0,-1.0
-187.0,221.0,100.0,570.0,,440.0,1042.0,121.0,-23.0,155.0
-211.0,146.0,29.0,529.0,,398.0,899.0,75.0,-1.0,167.0
-172.0,226.0,16.0,59.0,,-2.0,794.0,179.0,385.0,114.0
-153.0,487.0,17.0,-233.0,,186.0,637.0,110.0,28.0,176.0
-137.0,-11.0,-2.0,-284.0,,51.0,406.0,-66.0,-141.0,205.0
-77.0,-67.0,-35.0,-269.0,,656.0,198.0,1.0,29.0,157.0
-55.0,284.0,1.0,-221.0,,395.0,93.0,-53.0,403.0,232.0
-24.0,259.0,-64.0,-396.0,,-314.0,3.0,-20.0,478.0,310.0
-17.0,288.0,-68.0,-551.0,,-422.0,18.0,-129.0,8.0,214.0
-28.0,118.0,-157.0,-395.0,,-321.0,58.0,-181.0,449.0,127.0
-20.0,73.0,-273.0,-183.0,,323.0,22.0,-195.0,779.0,138.0
-29.0,199.0,-212.0,-48.0,,-44.0,42.0,-253.0,189.0,121.0
-51.0,480.0,-294.0,-220.0,,-133.0,27.0,-177.0,-447.0,83.0
-156.0,325.0,-244.0,-183.0,,-409.0,3.0,-225.0,-532.0,15.0
-236.0,-75.0,-242.0,-110.0,,-432.0,-53.0,-101.0,-281.0,-14.0
-270.0,316.0,-200.0,-278.0,,-8.0,-121.0,-86.0,295.0,129.0
-323.0,441.0,-127.0,-251.0,,-301.0,-103.0,-72.0,179.0,167.0
-375.0,571.0,-175.0,-461.0,,-351.0,-107.0,-7.0,-171.0,83.0
-379.0,652.0,-92.0,-514.0,,-482.0,-65.0,-125.0,52.0,112.0
-331.0,327.0,-107.0,-671.0,,-176.0,-7.0,-125.0,124.0,97.0
-338.0,64.0,-184.0,-681.0,,-257.0,35.0,-297.0,-8.0,-4.0
-385.0,96.0,-186.0,-388.0,,-616.0,102.0,-367.0,-665.0,-32.0
-405.0,28.0,-230.0,-372.0,,-682.0,110.0,-376.0,-832.0,-26.0
-367.0,-313.0,-341.0,-316.0,,-709.0,99.0,-389.0,-640.0,-141.0
-339.0,177.0,-428.0,-358.0,,-382.0,90.0,-336.0,-846.0,-185.0
-339.0,469.0,-454.0,-320.0,,-275.0,145.0,-474.0,-995.0,-67.0
-319.0,652.0,-491.0,-408.0,,-316.0,283.0,-341.0,-547.0,-56.0
-269.0,511.0,-515.0,-350.0,,-494.0,380.0,-266.0,-377.0,-56.0
-211.0,-39.0,-486.0,-255.0,,-462.0,456.0,-138.0,-460.0,96.0
-209.0,84.0,-495.0,-143.0,,-525.0,577.0,42.0,-80.0,253.0
-198.0,-393.0,-448.0,-288.0,,-544.0,744.0,-48.0,-121.0,254.0
-165.0,-446.0,-458.0,-694.0,,-272.0,833.0,-40.0,343.0,220.0
-105.0,95.0,-493.0,-260.0,,-113.0,810.0,-238.0,205.0,280.0
-28.0,436.0,-487.0,-112.0,,-19.0,796.0,-408.0,403.0,234.0
-13.0,668.0,-548.0,-55.0,,203.0,749.0,-674.0,817.0,112.0
-47.0,620.0,-585.0,-48.0,,554.0,649.0,-936.0,44.0,143.0
-86.0,584.0,-603.0,-535.0,,140.0,489.0,-870.0,297.0,125.0
-102.0,59.0,-582.0,-162.0,,-247.0,306.0,-792.0,105.0,-41.0
-134.0,180.0,-604.0,32.0,,-254.0,197.0,-580.0,147.0,-4.0
-183.0,363.0,-580.0,-230.0,,-269.0,88.0,-508.0,817.0,81.0
-230.0,78.0,-561.0,62.0,,-420.0,-3.0,-308.0,1293.0,-29.0
-252.0,254.0,-557.0,-116.0,,-559.0,1.0,-123.0,1068.0,-60.0
-203.0,-104.0,-493.0,-345.0,,-611.0,90.0,-77.0,157.0,41.0
-159.0,-357.0,-481.0,-52.0,,-1043.0,143.0,120.0,39.0,56.0
-153.0,-740.0,-420.0,232.0,,-538.0,153.0,59.0,-277.0,74.0
-96.0,-1251.0,-349.0,574.0,,-217.0,194.0,22.0,-382.0,174.0
-39.0,-853.0,-322.0,744.0,,-392.0,211.0,-96.0,-477.0,171.0
-29.0,-579.0,-286.0,948.0,,-367.0,302.0,-242.0,-889.0,204.0
-15.0,-278.0,-299.0,819.0,,-748.0,404.0,-293.0,-682.0,307.0
4.0,63.0,-263.0,462.0,,-501.0,317.0,-291.0,30.0,333.0
76.0,171.0,-273.0,595.0,,-428.0,115.0,-57.0,-394.0,305.0
116.0,528.0,-323.0,394.0,,-727.0,-107.0,-66.0,-586.0,299.0
89.0,412.0,-329.0,-38.0,,-1499.0,-244.0,-20.0,65.0,337.0
52.0,-143.0,-422.0,-96.0,,-1469.0,-223.0,9.0,-369.0,362.0
45.0,-69.0,-386.0,-110.0,,-329.0,-123.0,-79.0,-483.0,376.0
35.0,129.0,-433.0,-280.0,,-300.0,-18.0,-48.0,-88.0,303.0
-10.0,201.0,-477.0,-417.0,,-469.0,76.0,-114.0,106.0,271.0
-15.0,203.0,-444.0,-385.0,,-977.0,234.0,12.0,-290.0,314.0
-3.0,-208.0,-538.0,-165.0,,-969.0,425.0,53.0,-211.0,362.0
34.0,-389.0,-541.0,87.0,,-585.0,520.0,40.0,-425.0,430.0
71.0,-711.0,-593.0,-97.0,,-530.0,584.0,-33.0,-821.0,503.0
101.0,-890.0,-690.0,-195.0,,-271.0,639.0,-184.0,298.0,648.0
92.0,-864.0,-741.0,-76.0,,-901.0,641.0,-186.0,741.0,723.0
70.0,-541.0,-774.0,-320.0,,-928.0,592.0,-327.0,745.0,824.0
75.0,-221.0,-803.0,-492.0,,-747.0,413.0,-223.0,427.0,877.0
44.0,-466.0,-805.0,-317.0,,-660.0,219.0,-234.0,-123.0,783.0
3.0,-265.0,-731.0,-55.0,,-177.0,82.0,-251.0,95.0,763.0
21.0,-752.0,-709.0,67.0,,-291.0,-58.0,-107.0,-41.0,776.0
104.0,-665.0,-708.0,170.0,,-416.0,-129.0,-199.0,-61.0,761.0
147.0,-143.0,-525.0,377.0,,-401.0,-140.0,-70.0,60.0,610.0
192.0,-495.0,-468.0,377.0,,-129.0,-93.0,-64.0,-75.0,609.0
216.0,-355.0,-455.0,299.0,,-496.0,-16.0,-59.0,421.0,676.0
239.0,-1.0,-308.0,308.0,,-765.0,75.0,-38.0,997.0,538.0
270.0,451.0,-337.0,162.0,,-895.0,199.0,-136.0,1119.0,455.0
251.0,549.0,-296.0,-15.0,,-1320.0,366.0,-140.0,852.0,442.0
232.0,745.0,-278.0,111.0,,-1023.0,537.0,-297.0,535.0,381.0
227.0,502.0,-363.0,253.0,,-1025.0,624.0,-264.0,797.0,280.0
235.0,42.0,-422.0,392.0,,-806.0,609.0,-328.0,1077.0,363.0
194.0,55.0,-483.0,659.0,,-838.0,417.0,-452.0,410.0,366.0
147.0,-268.0,-493.0,561.0,,-1011.0,219.0,-465.0,-80.0,239.0
126.0,-456.0,-513.0,539.0,,-1058.0,113.0,-445.0,-2.0,299.0
123.0,-984.0,-472.0,311.0,,-978.0,-45.0,-133.0,-36.0,391.0
134.0,-1003.0,-548.0,21.0,,-600.0,-185.0,123.0,296.0,345.0
143.0,-632.0,-576.0,252.0,,-1059.0,-255.0,317.0,129.0,246.0
137.0,-666.0,-546.0,144.0,,-1078.0,-336.0,230.0,-189.0,279.0
155.0,-270.0,-618.0,-189.0,,-1016.0,-372.0,219.0,-497.0,292.0
168.0,-65.0,-552.0,-541.0,,-790.0,-317.0,389.0,-543.0,269.0
97.0,35.0,-551.0,-637.0,,-783.0,-205.0,229.0,91.0,291.0
55.0,567.0,-541.0,-274.0,,-1010.0,-106.0,177.0,-218.0,261.0
21.0,1257.0,-504.0,-62.0,,-822.0,-65.0,25.0,-445.0,138.0
-14.0,1262.0,-457.0,-199.0,,-1207.0,-1.0,16.0,30.0,104.0
-74.0,417.0,-447.0,-217.0,,-884.0,77.0,-5.0,247.0,230.0
-140.0,123.0,-475.0,-100.0,,-705.0,160.0,-234.0,-211.0,250.0
-147.0,-96.0,-380.0,3.0,,-710.0,235.0,-192.0,-751.0,231.0
-151.0,-628.0,-362.0,336.0,,-690.0,282.0,-275.0,-905.0,322.0
-76.0,-550.0,-356.0,561.0,,-619.0,259.0,-269.0,-1261.0,432.0
-1.0,-276.0,-350.0,453.0,,-451.0,109.0,-280.0,-316.0,463.0
51.0,337.0,-285.0,303.0,,-715.0,-58.0,-277.0,-49.0,512.0
129.0,663.0,-314.0,377.0,,58.0,-129.0,-291.0,-927.0,559.0
181.0,426.0,-396.0,530.0,,323.0,-201.0,-528.0,-617.0,487.0
224.0,151.0,-357.0,397.0,,130.0,-388.0,-554.0,-320.0,344.0
221.0,-241.0,-400.0,7.0,,-568.0,-518.0,-591.0,681.0,163.0
256.0,-200.0,-429.0,39.0,,-986.0,-502.0,-528.0,727.0,-16.0
280.0,-227.0,-482.0,247.0,,-387.0,-412.0,-541.0,-228.0,-218.0
283.0,-59.0,-487.0,169.0,,-273.0,-294.0,-565.0,-510.0,-378.0
287.0,-186.0,-535.0,-88.0,,309.0,-161.0,-380.0,-396.0,-411.0
237.0,-690.0,-558.0,-422.0,,-755.0,-67.0,-212.0,316.0,-357.0
238.0,-680.0,-455.0,-355.0,,-1126.0,-5.0,70.0,264.0,-333.0
231.0,-981.0,-459.0,-369.0,,-284.0,84.0,103.0,579.0,-253.0
199.0,-877.0,-393.0,-429.0,,-158.0,119.0,184.0,847.0,-48.0
167.0,-531.0,-309.0,-78.0,,-146.0,152.0,277.0,60.0,82.0
171.0,-38.0,-318.0,209.0,,-1385.0,184.0,206.0,-274.0,188.0
159.0,248.0,-243.0,330.0,,-1071.0,122.0,264.0,-529.0,320.0
104.0,119.0,-174.0,203.0,,-887.0,67.0,84.0,-487.0,359.0
69.0,307.0,-244.0,256.0,,-592.0,59.0,7.0,-152.0,316.0
-2.0,-247.0,-250.0,189.0,,-396.0,49.0,-133.0,301.0,323.0
-7.0,-353.0,-248.0,-139.0,,-1177.0,10.0,-343.0,1319.0,284.0
17.0,-236.0,-294.0,-141.0,,-552.0,-58.0,-404.0,1100.0,188.0
34.0,-332.0,-322.0,-374.0,,-688.0,-70.0,-604.0,16.0,185.0
62.0,372.0,-362.0,-242.0,,2.0,0.0,-626.0,-408.0,221.0
75.0,885.0,-355.0,-243.0,,-223.0,-47.0,-744.0,-320.0,310.0
115.0,1137.0,-403.0,-21.0,,-805.0,-165.0,-814.0,-550.0,349.0
164.0,1241.0,-407.0,-16.0,,-302.0,-127.0,-703.0,-1233.0,358.0
196.0,839.0,-453.0,-198.0,,-488.0,-62.0,-484.0,-1132.0,434.0
210.0,35.0,-509.0,227.0,,-267.0,-112.0,-90.0,-181.0,499.0
216.0,-551.0,-456.0,-349.0,,-1145.0,-101.0,75.0,221.0,456.0
223.0,-779.0,-432.0,418.0,,-486.0,32.0,304.0,-141.0,385.0
230.0,-764.0,-443.0,1051.0,,492.0,114.0,266.0,80.0,413.0
191.0,-849.0,-435.0,571.0,,427.0,205.0,29.0,-171.0,368.0
126.0,-643.0,-380.0,327.0,,187.0,361.0,-219.0,-210.0,329.0
80.0,-205.0,-466.0,89.0,,-1070.0,478.0,-644.0,-504.0,285.0
53.0,-458.0,-467.0,122.0,,-829.0,508.0,-844.0,-515.0,200.0
24.0,-761.0,-327.0,102.0,,-424.0,482.0,-1147.0,327.0,203.0
-21.0,-1005.0,-349.0,795.0,,26.0,394.0,-1232.0,-362.0,178.0
-20.0,-1273.0,-347.0,170.0,,-692.0,205.0,-1138.0,59.0,136.0
20.0,-1670.0,-252.0,-25.0,,-1193.0,62.0,-957.0,492.0,125.0
92.0,-1946.0,-232.0,650.0,,104.0,-32.0,-522.0,435.0,137.0
172.0,-1498.0,-184.0,370.0,,91.0,-115.0,-336.0,219.0,154.0
218.0,-763.0,-89.0,346.0,,223.0,-145.0,-90.0,-825.0,236.0
300.0,-193.0,-61.0,-220.0,,-479.0,-105.0,66.0,-557.0,306.0
340.0,239.0,-48.0,-219.0,,-640.0,-20.0,234.0,-360.0,348.0
331.0,329.0,-38.0,453.0,,-193.0,1.0,358.0,33.0,429.0
342.0,439.0,-22.0,-287.0,,-231.0,-12.0,138.0,333.0,490.0
377.0,890.0,-38.0,-626.0,,-103.0,-9.0,-38.0,237.0,497.0
465.0,1585.0,-14.0,246.0,,-885.0,-5.0,-437.0,383.0,385.0
503.0,2276.0,-19.0,-10.0,,-262.0,-17.0,-683.0,-498.0,329.0
553.0,1920.0,-59.0,33.0,,-443.0,-48.0,-768.0,-603.0,366.0
609.0,1342.0,24.0,730.0,,-646.0,-55.0,-798.0,-141.0,347.0
607.0,723.0,-5.0,569.0,,-407.0,6.0,-633.0,-518.0,290.0
642.0,44.0,-30.0,-234.0,,-422.0,26.0,-617.0,-761.0,282.0
646.0,-933.0,8.0,-419.0,,339.0,-41.0,-502.0,-280.0,244.0
623.0,-1942.0,22.0,241.0,,-183.0,-70.0,-522.0,640.0,184.0
610.0,-1828.0,111.0,-314.0,,290.0,-44.0,-473.0,815.0,239.0
643.0,-2049.0,88.0,-243.0,,358.0,31.0,-358.0,1115.0,261.0
664.0,-1681.0,114.0,378.0,,374.0,85.0,-373.0,1229.0,247.0
602.0,-880.0,187.0,203.0,,361.0,113.0,-234.0,390.0,246.0
559.0,-832.0,97.0,238.0,,-158.0,180.0,-380.0,128.0,288.0
503.0,-841.0,139.0,-202.0,,227.0,232.0,-506.0,140.0,306.0
416.0,-339.0,182.0,-267.0,,-555.0,332.0,-639.0,-145.0,189.0
365.0,763.0,100.0,-399.0,,-173.0,431.0,-840.0,-424.0,82.0
299.0,1473.0,181.0,-298.0,,157.0,428.0,-833.0,-133.0,-39.0
208.0,1623.0,114.0,-211.0,,369.0,469.0,-842.0,432.0,-183.0
185.0,1532.0,69.0,-616.0,,499.0,536.0,-757.0,566.0,-300.0
154.0,1280.0,119.0,-351.0,,-363.0,563.0,-752.0,763.0,-387.0
80.0,497.0,-20.0,-491.0,,-664.0,532.0,-554.0,683.0,-443.0
29.0,47.0,-42.0,-183.0,,-532.0,408.0,-286.0,315.0,-468.0
-15.0,-318.0,-67.0,-64.0,,820.0,380.0,-118.0,24.0,-396.0
-19.0,-597.0,-91.0,-86.0,,92.0,425.0,101.0,-197.0,-401.0
-53.0,-457.0,-103.0,608.0,,-565.0,442.0,79.0,-461.0,-412.0
-78.0,-97.0,-122.0,523.0,,-170.0,412.0,138.0,-1049.0,-284.0
-38.0,146.0,-118.0,179.0,,36.0,370.0,-92.0,-876.0,-117.0
-2.0,-255.0,-122.0,-15.0,,729.0,324.0,-447.0,-164.0,15.0
36.0,410.0,-92.0,8.0,,-228.0,143.0,-582.0,-63.0,53.0
26.0,701.0,-145.0,-13.0,,-68.0,-52.0,-642.0,-202.0,134.0
18.0,274.0,-84.0,-107.0,,-554.0,-236.0,-495.0,-32.0,204.0
52.0,146.0,-22.0,4.0,,-311.0,-392.0,-561.0,99.0,141.0
109.0,28.0,-39.0,-24.0,,525.0,-454.0,-476.0,411.0,-14.0
171.0,105.0,-14.0,14.0,,-342.0,-437.0,-504.0,649.0,-140.0
209.0,62.0,24.0,141.0,,10.0,-311.0,-718.0,-230.0,-257.0
271.0,-69.0,61.0,410.0,,-459.0,-190.0,-748.0,-714.0,-446.0
336.0,-185.0,56.0,559.0,,300.0,-76.0,-879.0,-444.0,-537.0
344.0,88.0,58.0,213.0,,533.0,77.0,-750.0,-188.0,-623.0
320.0,-199.0,47.0,-145.0,,152.0,197.0,-633.0,-153.0,-762.0
304.0,-124.0,70.0,-107.0,,213.0,243.0,-363.0,-344.0,-825.0
308.0,-211.0,81.0,0.0,,-444.0,244.0,-29.0,-504.0,-833.0
295.0,-18.0,69.0,89.0,,520.0,221.0,151.0,-539.0,-835.0
228.0,1233.0,49.0,176.0,,112.0,172.0,421.0,193.0,-853.0
205.0,1361.0,20.0,-98.0,,342.0,143.0,293.0,89.0,-785.0
218.0,1320.0,33.0,-202.0,,534.0,123.0,155.0,-129.0,-657.0
222.0,877.0,15.0,-12.0,,909.0,45.0,-127.0,639.0,-613.0
208.0,925.0,-1.0,123.0,,1368.0,-30.0,-443.0,331.0,-617.0
186.0,1194.0,-7.0,106.0,,-346.0,-16.0,-511.0,451.0,-654.0
247.0,853.0,61.0,13.0,,108.0,40.0,-589.0,354.0,-711.0
301.0,980.0,62.0,-52.0,,402.0,82.0,-323.0,-553.0,-717.0
314.0,591.0,23.0,-228.0,,765.0,59.0,-177.0,-433.0,-729.0
329.0,377.0,26.0,-302.0,,6.0,62.0,12.0,-954.0,-701.0
293.0,487.0,8.0,-85.0,,-348.0,84.0,157.0,-848.0,-682.0
251.0,-90.0,28.0,229.0,,1087.0,20.0,92.0,131.0,-695.0
233.0,-1025.0,-16.0,228.0,,150.0,-51.0,136.0,-391.0,-609.0
248.0,-1263.0,19.0,157.0,,263.0,-88.0,-51.0,-253.0,-531.0
289.0,-1135.0,9.0,155.0,,39.0,-98.0,-48.0,637.0,-441.0
300.0,-774.0,-69.0,179.0,,231.0,-143.0,-147.0,32.0,-289.0
340.0,-677.0,-86.0,169.0,,157.0,-164.0,-242.0,-761.0,-103.0
356.0,-770.0,-152.0,227.0,,-122.0,-205.0,-171.0,-700.0,53.0
368.0,-283.0,-136.0,262.0,,680.0,-287.0,-321.0,247.0,86.0
409.0,-104.0,-128.0,221.0,,-408.0,-203.0,-247.0,722.0,113.0
380.0,192.0,-137.0,247.0,,183.0,-126.0,-277.0,813.0,130.0
337.0,360.0,-102.0,107.0,,268.0,-199.0,-254.0,1049.0,18.0
263.0,792.0,-71.0,207.0,,229.0,-328.0,-269.0,99.0,-117.0
205.0,1103.0,-43.0,143.0,,-67.0,-349.0,-310.0,-38.0,-105.0
136.0,1068.0,-70.0,155.0,,-443.0,-197.0,-53.0,427.0,-157.0
30.0,1379.0,5.0,295.0,,1018.0,-68.0,51.0,757.0,-248.0
-10.0,1153.0,82.0,-65.0,,370.0,35.0,186.0,1175.0,-107.0
-45.0,986.0,72.0,-287.0,,724.0,130.0,105.0,775.0,-70.0
-74.0,930.0,154.0,-306.0,,315.0,216.0,48.0,467.0,-207.0
-87.0,804.0,172.0,86.0,,-20.0,288.0,70.0,398.0,-196.0
-86.0,383.0,205.0,504.0,,656.0,258.0,-18.0,301.0,-165.0
-66.0,-256.0,217.0,283.0,,382.0,257.0,158.0,170.0,-275.0
-49.0,-335.0,217.0,-100.0,,934.0,296.0,120.0,30.0,-362.0
-19.0,-117.0,254.0,-221.0,,91.0,274.0,147.0,-65.0,-340.0
-5.0,-452.0,176.0,-20.0,,522.0,218.0,173.0,-340.0,-409.0
-36.0,-642.0,166.0,117.0,,476.0,88.0,136.0,-139.0,-481.0
-71.0,-443.0,155.0,-167.0,,680.0,-139.0,249.0,388.0,-353.0
-107.0,-721.0,107.0,-339.0,,1010.0,-324.0,149.0,275.0,-269.0
-160.0,-648.0,103.0,-133.0,,-299.0,-379.0,256.0,-212.0,-298.0
-169.0,-308.0,82.0,76.0,,331.0,-431.0,304.0,-349.0,-258.0
-124.0,-106.0,0.0,384.0,,-321.0,-515.0,391.0,284.0,-240.0
-66.0,-145.0,-19.0,546.0,,217.0,-566.0,598.0,488.0,-339.0
-10.0,-77.0,-64.0,277.0,,402.0,-600.0,679.0,391.0,-412.0
37.0,-23.0,-91.0,-72.0,,-194.0,-635.0,761.0,316.0,-374.0
133.0,32.0,-68.0,-276.0,,212.0,-635.0,545.0,-318.0,-318.0
223.0,393.0,-138.0,-503.0,,-441.0,-613.0,474.0,-492.0,-341.0
254.0,255.0,-88.0,-640.0,,505.0,-581.0,315.0,-393.0,-329.0
287.0,125.0,-94.0,-640.0,,-237.0,-499.0,179.0,-492.0,-255.0
305.0,2.0,-62.0,-460.0,,-281.0,-349.0,279.0,-992.0,-158.0
298.0,108.0,-65.0,-167.0,,54.0,-206.0,314.0,-910.0,-21.0
255.0,262.0,-93.0,57.0,,-107.0,-155.0,572.0,-12.0,-3.0
221.0,199.0,-44.0,477.0,,927.0,-97.0,615.0,40.0,6.0
207.0,219.0,-159.0,566.0,,8.0,-55.0,674.0,-133.0,75.0
200.0,99.0,-154.0,539.0,,298.0,-96.0,676.0,-240.0,63.0
178.0,-32.0,-147.0,844.0,,-90.0,-104.0,539.0,-228.0,-14.0
152.0,-436.0,-226.0,921.0,,476.0,-123.0,473.0,-128.0,-10.0
175.0,-315.0,-223.0,730.0,,1068.0,-169.0,112.0,-471.0,-106.0
189.0,-353.0,-208.0,478.0,,-118.0,-174.0,-5.0,-645.0,-357.0
215.0,-548.0,-186.0,274.0,,448.0,-208.0,-25.0,-545.0,-396.0
238.0,-177.0,-197.0,54.0,,-27.0,-273.0,24.0,-242.0,-451.0
223.0,21.0,-207.0,-82.0,,949.0,-372.0,179.0,-337.0,-601.0
204.0,426.0,-215.0,-10.0,,1024.0,-456.0,195.0,-35.0,-648.0
198.0,880.0,-245.0,198.0,,583.0,-519.0,423.0,-513.0,-572.0
190.0,1302.0,-182.0,58.0,,871.0,-595.0,447.0,-1078.0,-576.0
152.0,1455.0,-223.0,-384.0,,507.0,-618.0,378.0,138.0,-664.0
130.0,1620.0,-193.0,-388.0,,1319.0,-661.0,367.0,364.0,-502.0
138.0,1773.0,-131.0,-20.0,,-78.0,-679.0,415.0,355.0,-457.0
120.0,1613.0,-215.0,148.0,,226.0,-673.0,624.0,99.0,-426.0
101.0,1143.0,-124.0,-79.0,,489.0,-634.0,667.0,-5.0,-137.0
105.0,470.0,-115.0,-257.0,,24.0,-576.0,718.0,330.0,-23.0
86.0,135.0,-81.0,3.0,,852.0,-614.0,633.0,407.0,-26.0
40.0,-438.0,-20.0,381.0,,642.0,-599.0,631.0,-39.0,33.0
-24.0,-709.0,-20.0,408.0,,1298.0,-483.0,724.0,-596.0,37.0
-58.0,-922.0,0.0,239.0,,104.0,-353.0,753.0,194.0,-95.0
-70.0,-1238.0,-39.0,58.0,,188.0,-281.0,936.0,-314.0,-200.0
-77.0,-1511.0,-21.0,-155.0,,482.0,-227.0,949.0,-28.0,-234.0
-82.0,-1439.0,-34.0,-262.0,,68.0,-232.0,955.0,685.0,-362.0
-97.0,-802.0,-20.0,-34.0,,749.0,-287.0,800.0,-7.0,-361.0
-85.0,-843.0,4.0,441.0,,-313.0,-277.0,731.0,-121.0,-319.0
-103.0,-515.0,-15.0,811.0,,490.0,-290.0,783.0,-70.0,-493.0
-160.0,-234.0,-47.0,788.0,,849.0,-339.0,604.0,145.0,-590.0
-166.0,312.0,-30.0,836.0,,928.0,-444.0,526.0,-329.0,-560.0
-130.0,965.0,-58.0,1131.0,,523.0,-647.0,251.0,331.0,-686.0
-100.0,1000.0,-131.0,842.0,,-71.0,-875.0,219.0,768.0,-862.0
-73.0,1493.0,-118.0,464.0,,1264.0,-1068.0,369.0,363.0,-743.0
-38.0,861.0,-186.0,342.0,,791.0,-1252.0,509.0,633.0,-630.0
8.0,602.0,-220.0,362.0,,1260.0,-1299.0,792.0,463.0,-737.0
19.0,751.0,-237.0,349.0,,890.0,-1188.0,672.0,726.0,-658.0
20.0,322.0,-247.0,178.0,,793.0,-1065.0,582.0,-121.0,-492.0
0.0,191.0,-233.0,190.0,,1478.0,-886.0,497.0,-401.0,-389.0
-45.0,96.0,-226.0,-197.0,,843.0,-683.0,423.0,-155.0,-183.0
-51.0,513.0,-178.0,-488.0,,1439.0,-496.0,354.0,-550.0,46.0
-74.0,234.0,-181.0,-159.0,,353.0,-339.0,218.0,-646.0,174.0
-114.0,-136.0,-61.0,-34.0,,550.0,-256.0,338.0,-739.0,287.0
-153.0,-265.0,-27.0,-158.0,,1351.0,-271.0,463.0,259.0,457.0
-169.0,-331.0,-27.0,-75.0,,1520.0,-296.0,820.0,-92.0,442.0
-165.0,-311.0,18.0,-116.0,,1555.0,-295.0,970.0,-203.0,331.0
-141.0,-809.0,-55.0,-414.0,,262.0,-339.0,829.0,193.0,368.0
-109.0,-1035.0,-72.0,-151.0,,1222.0,-372.0,631.0,-167.0,334.0
-81.0,-1280.0,-112.0,602.0,,1068.0,-386.0,188.0,501.0,183.0
-26.0,-1099.0,-180.0,875.0,,805.0,-367.0,-55.0,530.0,112.0
8.0,-547.0,-209.0,610.0,,947.0,-282.0,-365.0,601.0,93.0
-10.0,27.0,-161.0,243.0,,911.0,-177.0,-402.0,399.0,-63.0
-41.0,59.0,-142.0,330.0,,1946.0,-138.0,-96.0,8.0,-78.0
-52.0,159.0,-126.0,553.0,,761.0,-110.0,212.0,482.0,98.0
-77.0,998.0,-74.0,294.0,,825.0,-103.0,528.0,513.0,70.0
-61.0,788.0,-58.0,163.0,,866.0,-184.0,415.0,375.0,131.0
-15.0,532.0,3.0,294.0,,766.0,-333.0,399.0,-121.0,342.0
14.0,831.0,9.0,470.0,,1568.0,-593.0,382.0,-241.0,458.0
57.0,957.0,47.0,300.0,,1164.0,-806.0,399.0,120.0,550.0
86.0,723.0,98.0,-33.0,,1316.0,-921.0,620.0,-181.0,654.0
90.0,366.0,89.0,59.0,,534.0,-960.0,729.0,288.0,702.0
104.0,-4.0,125.0,125.0,,1118.0,-928.0,955.0,976.0,641.0
176.0,-543.0,53.0,79.0,,1567.0,-827.0,872.0,415.0,644.0
236.0,-472.0,76.0,331.0,,1069.0,-574.0,807.0,207.0,685.0
196.0,-633.0,42.0,474.0,,1220.0,-390.0,777.0,708.0,703.0
126.0,-1163.0,-13.0,136.0,,688.0,-363.0,624.0,920.0,723.0
51.0,-1321.0,107.0,21.0,,1557.0,-360.0,500.0,328.0,714.0
-21.0,-1048.0,-8.0,349.0,,1273.0,-363.0,133.0,-483.0,739.0
-77.0,-1013.0,76.0,621.0,,1214.0,-395.0,83.0,-71.0,754.0
-81.0,-1267.0,148.0,557.0,,1146.0,-437.0,66.0,54.0,729.0
-58.0,-1178.0,98.0,427.0,,348.0,-469.0,40.0,323.0,721.0
-59.0,-1082.0,163.0,477.0,,905.0,-528.0,11.0,730.0,706.0
-18.0,-451.0,179.0,302.0,,519.0,-543.0,-171.0,-51.0,634.0
-37.0,300.0,229.0,-112.0,,979.0,-485.0,-134.0,93.0,499.0
-73.0,1005.0,189.0,-226.0,,594.0,-450.0,-142.0,277.0,416.0
-70.0,1477.0,274.0,-175.0,,212.0,-473.0,88.0,254.0,331.0
-71.0,1513.0,274.0,-301.0,,890.0,-514.0,373.0,319.0,190.0
-57.0,1525.0,263.0,-335.0,,904.0,-486.0,633.0,69.0,137.0
-85.0,1165.0,284.0,-189.0,,1303.0,-424.0,861.0,-145.0,171.0
-88.0,774.0,272.0,-58.0,,582.0,-411.0,770.0,-207.0,234.0
-126.0,343.0,270.0,-167.0,,824.0,-442.0,705.0,-224.0,251.0
-166.0,338.0,230.0,-122.0,,737.0,-472.0,352.0,-572.0,298.0
-213.0,54.0,225.0,201.0,,555.0,-394.0,-14.0,-278.0,394.0
-232.0,-396.0,115.0,215.0,,1196.0,-262.0,-328.0,-464.0,407.0
-178.0,-522.0,162.0,219.0,,749.0,-236.0,-606.0,-410.0,431.0
-170.0,-703.0,110.0,185.0,,1283.0,-309.0,-511.0,191.0,461.0
-140.0,4.0,36.0,21.0,,921.0,-378.0,-424.0,265.0,409.0
-92.0,156.0,99.0,105.0,,882.0,-472.0,-134.0,140.0,363.0
-11.0,-214.0,88.0,82.0,,958.0,-598.0,-29.0,-507.0,352.0
18.0,-102.0,120.0,92.0,,611.0,-696.0,-109.0,-302.0,256.0
20.0,53.0,130.0,111.0,,1275.0,-751.0,-168.0,-244.0,129.0
17.0,43.0,186.0,64.0,,895.0,-750.0,-436.0,-660.0,142.0
-8.0,-142.0,197.0,24.0,,1039.0,-760.0,-388.0,-358.0,122.0
-33.0,-88.0,255.0,-128.0,,861.0,-726.0,-288.0,83.0,73.0
-73.0,-278.0,338.0,42.0,,1064.0,-638.0,-12.0,699.0,169.0
-58.0,-499.0,337.0,150.0,,968.0,-483.0,258.0,544.0,206.0
-85.0,-521.0,405.0,213.0,,311.0,-307.0,218.0,-131.0,210.0
-119.0,-419.0,396.0,439.0,,891.0,-207.0,110.0,-356.0,317.0
-127.0,-499.0,371.0,364.0,,122.0,-101.0,-251.0,-171.0,396.0
-153.0,-376.0,386.0,201.0,,327.0,-61.0,-323.0,235.0,366.0
-151.0,194.0,370.0,140.0,,299.0,-68.0,-310.0,638.0,333.0
-111.0,266.0,312.0,131.0,,-210.0,-24.0,-164.0,616.0,306.0
-75.0,323.0,300.0,141.0,,-275.0,3.0,192.0,233.0,150.0
-61.0,451.0,297.0,146.0,,-550.0,-49.0,380.0,262.0,15.0
-77.0,541.0,192.0,198.0,,942.0,-96.0,552.0,309.0,-13.0
-116.0,297.0,192.0,404.0,,932.0,-82.0,260.0,520.0,-72.0
-140.0,-166.0,178.0,688.0,,734.0,-60.0,-33.0,81.0,-143.0
-197.0,-347.0,158.0,781.0,,367.0,8.0,-279.0,-480.0,-79.0
-203.0,-803.0,200.0,467.0,,104.0,15.0,-441.0,296.0,46.0
-176.0,-836.0,217.0,143.0,,1058.0,-48.0,-304.0,257.0,92.0
-201.0,-557.0,198.0,-91.0,,473.0,-70.0,-284.0,-415.0,194.0
-211.0,-554.0,213.0,-247.0,,779.0,-97.0,27.0,-386.0,398.0
-189.0,-331.0,221.0,-96.0,,350.0,-205.0,188.0,-769.0,609.0
-190.0,-81.0,97.0,-181.0,,647.0,-402.0,264.0,-1016.0,792.0
-238.0,385.0,108.0,-352.0,,1312.0,-534.0,321.0,-561.0,906.0
-228.0,1026.0,29.0,-142.0,,662.0,-535.0,158.0,-346.0,905.0
-185.0,1352.0,-39.0,323.0,,1099.0,-503.0,214.0,-115.0,895.0
-191.0,1364.0,28.0,503.0,,170.0,-513.0,140.0,-116.0,915.0
-207.0,1064.0,-27.0,467.0,,717.0,-466.0,188.0,248.0,828.0
-234.0,711.0,-10.0,499.0,,1325.0,-277.0,203.0,716.0,687.0
-262.0,-118.0,28.0,468.0,,1179.0,-105.0,116.0,475.0,516.0
-299.0,-920.0,24.0,366.0,,962.0,-35.0,20.0,325.0,362.0
-347.0,-896.0,17.0,94.0,,-505.0,-35.0,-219.0,51.0,325.0
-372.0,-1125.0,83.0,-138.0,,260.0,-12.0,-243.0,158.0,380.0
-352.0,-1166.0,139.0,-503.0,,682.0,109.0,-430.0,23.0,434.0
-306.0,-825.0,135.0,-529.0,,1110.0,190.0,-450.0,247.0,434.0
-282.0,-745.0,222.0,-162.0,,433.0,144.0,-345.0,569.0,443.0
-273.0,-257.0,263.0,-41.0,,-890.0,30.0,-288.0,316.0,522.0
-251.0,660.0,242.0,-81.0,,-73.0,-2.0,-133.0,1086.0,651.0
-211.0,1205.0,243.0,-139.0,,450.0,46.0,-236.0,1340.0,678.0
-213.0,1057.0,216.0,-13.0,,1396.0,-7.0,-179.0,1059.0,626.0
-213.0,1443.0,193.0,-156.0,,154.0,-26.0,-206.0,546.0,535.0
-199.0,2049.0,170.0,-108.0,,-800.0,33.0,-162.0,-137.0,417.0
-210.0,1758.0,176.0,159.0,,-102.0,71.0,-7.0,334.0,421.0
-214.0,974.0,186.0,-18.0,,408.0,160.0,-57.0,1021.0,297.0
-206.0,-17.0,174.0,-122.0,,1465.0,228.0,36.0,936.0,81.0
-146.0,-430.0,195.0,-202.0,,178.0,286.0,-68.0,451.0,75.0
-110.0,-1006.0,176.0,41.0,,-236.0,345.0,-73.0,247.0,86.0
-88.0,-1880.0,176.0,396.0,,200.0,328.0,-145.0,155.0,46.0
-73.0,-1622.0,218.0,447.0,,725.0,263.0,-312.0,407.0,115.0
-89.0,-1495.0,242.0,592.0,,1250.0,172.0,-221.0,468.0,262.0
-67.0,-1578.0,229.0,660.0,,139.0,112.0,-284.0,-150.0,259.0
-58.0,-933.0,232.0,733.0,,657.0,54.0,-199.0,-591.0,275.0
-31.0,-307.0,291.0,809.0,,661.0,-47.0,-84.0,-596.0,386.0
-31.0,146.0,271.0,844.0,,744.0,-147.0,205.0,111.0,398.0
-75.0,425.0,250.0,885.0,,548.0,-234.0,489.0,321.0,375.0
-97.0,314.0,213.0,765.0,,-565.0,-263.0,380.0,250.0,350.0
-128.0,-634.0,172.0,505.0,,-231.0,-254.0,260.0,418.0,354.0
-125.0,-567.0,162.0,615.0,,-306.0,-211.0,-29.0,40.0,254.0
-153.0,329.0,89.0,693.0,,778.0,-96.0,-138.0,225.0,140.0
-187.0,-252.0,115.0,129.0,,455.0,7.0,-214.0,-58.0,57.0
-196.0,-377.0,128.0,-322.0,,-262.0,92.0,-299.0,-348.0,-87.0
-211.0,-296.0,134.0,-501.0,,331.0,228.0,-206.0,-249.0,-175.0
-190.0,-480.0,185.0,-463.0,,56.0,332.0,-166.0,-629.0,-231.0
-202.0,-237.0,148.0,-232.0,,452.0,227.0,51.0,-195.0,-322.0
-198.0,-113.0,137.0,47.0,,-505.0,36.0,-16.0,478.0,-469.0
-194.0,-231.0,175.0,171.0,,-546.0,-46.0,-121.0,947.0,-500.0
-157.0,-378.0,189.0,-206.0,,-27.0,-75.0,-157.0,479.0,-558.0
-112.0,495.0,158.0,-306.0,,172.0,-35.0,-273.0,630.0,-729.0
-99.0,758.0,160.0,69.0,,613.0,19.0,-142.0,986.0,-848.0
-54.0,758.0,211.0,96.0,,82.0,60.0,-118.0,312.0,-935.0
-38.0,1552.0,251.0,-211.0,,640.0,201.0,60.0,492.0,-913.0
10.0,1713.0,285.0,-126.0,,-164.0,349.0,109.0,142.0,-850.0
38.0,1573.0,320.0,412.0,,180.0,398.0,-22.0,-251.0,-714.0
103.0,1215.0,324.0,542.0,,668.0,433.0,-125.0,-230.0,-514.0
154.0,782.0,324.0,506.0,,-722.0,539.0,-349.0,-34.0,-304.0
136.0,301.0,286.0,533.0,,-588.0,682.0,-352.0,-128.0,-61.0
133.0,19.0,327.0,244.0,,-561.0,761.0,-474.0,-828.0,107.0
80.0,-455.0,320.0,139.0,,541.0,748.0,-480.0,-1143.0,233.0
73.0,-1116.0,220.0,169.0,,233.0,652.0,-437.0,-711.0,205.0
-2.0,-802.0,254.0,249.0,,-513.0,553.0,-349.0,-56.0,80.0
-57.0,-504.0,228.0,342.0,,-331.0,490.0,-42.0,-326.0,39.0
-57.0,-517.0,249.0,200.0,,-862.0,407.0,86.0,-129.0,-52.0
-100.0,-270.0,256.0,282.0,,-175.0,339.0,430.0,151.0,-264.0
-116.0,-42.0,249.0,337.0,,-762.0,321.0,609.0,302.0,-399.0
-172.0,-164.0,291.0,87.0,,-466.0,344.0,567.0,66.0,-310.0
-183.0,85.0,278.0,-2.0,,-511.0,345.0,382.0,-374.0,-314.0
-186.0,342.0,353.0,6.0,,-922.0,377.0,62.0,-94.0,-362.0
-191.0,-8.0,375.0,-51.0,,-95.0,573.0,-66.0,-133.0,-67.0
-166.0,108.0,371.0,-273.0,,-559.0,750.0,-321.0,297.0,184.0
-138.0,-13.0,355.0,-316.0,,131.0,776.0,-297.0,763.0,206.0
-109.0,-61.0,329.0,56.0,,-414.0,761.0,-317.0,854.0,280.0
-107.0,164.0,314.0,224.0,,-304.0,667.0,-345.0,400.0,398.0
-53.0,-119.0,314.0,211.0,,164.0,509.0,-83.0,219.0,393.0
1.0,-391.0,301.0,491.0,,-659.0,411.0,22.0,424.0,387.0
53.0,-625.0,267.0,846.0,,-20.0,340.0,321.0,212.0,525.0
72.0,-303.0,264.0,836.0,,-343.0,291.0,436.0,131.0,439.0
43.0,-176.0,174.0,639.0,,87.0,219.0,458.0,-331.0,289.0
57.0,-384.0,104.0,504.0,,-243.0,196.0,478.0,-256.0,360.0
60.0,0.0,72.0,256.0,,-365.0,337.0,412.0,109.0,451.0
85.0,-45.0,-16.0,-141.0,,320.0,476.0,497.0,451.0,397.0
69.0,-410.0,-59.0,-249.0,,-348.0,573.0,347.0,320.0,247.0
57.0,-364.0,-99.0,-176.0,,-52.0,676.0,304.0,-67.0,278.0
90.0,-20.0,-171.0,-471.0,,-962.0,740.0,118.0,6.0,244.0
63.0,-117.0,-155.0,-777.0,,-695.0,774.0,-247.0,-257.0,165.0
36.0,-100.0,-143.0,-820.0,,-66.0,782.0,-474.0,-127.0,132.0
-15.0,602.0,-97.0,-618.0,,-364.0,716.0,-663.0,-239.0,75.0
-22.0,512.0,-42.0,-563.0,,-104.0,567.0,-473.0,8.0,-26.0
-17.0,202.0,2.0,-817.0,,-885.0,433.0,-280.0,457.0,-120.0
-37.0,254.0,74.0,-705.0,,-323.0,363.0,-20.0,740.0,58.0
-28.0,344.0,87.0,-338.0,,-458.0,325.0,269.0,1156.0,147.0
-52.0,231.0,181.0,-205.0,,-717.0,360.0,441.0,601.0,141.0
-31.0,-46.0,201.0,-261.0,,-886.0,511.0,576.0,649.0,206.0
-25.0,188.0,173.0,-111.0,,-1529.0,682.0,448.0,448.0,278.0
-38.0,309.0,183.0,6.0,,-943.0,762.0,412.0,110.0,258.0
-27.0,306.0,136.0,-93.0,,-1177.0,793.0,271.0,558.0,159.0
-1.0,164.0,146.0,-26.0,,-613.0,855.0,230.0,114.0,211.0
6.0,230.0,183.0,188.0,,-569.0,911.0,264.0,-246.0,222.0
-25.0,374.0,146.0,247.0,,-576.0,900.0,179.0,-440.0,213.0
-5.0,179.0,140.0,-124.0,,-354.0,809.0,291.0,-590.0,307.0
-10.0,278.0,195.0,-366.0,,-1069.0,685.0,179.0,-619.0,380.0
-20.0,208.0,131.0,-242.0,,-959.0,608.0,145.0,-753.0,306.0
-23.0,269.0,120.0,-175.0,,-1033.0,637.0,51.0,-600.0,227.0
-39.0,154.0,149.0,-174.0,,-517.0,688.0,-53.0,-360.0,355.0
-74.0,121.0,99.0,-53.0,,-987.0,644.0,62.0,227.0,309.0
-91.0,225.0,105.0,-66.0,,-1306.0,669.0,62.0,-200.0,52.0
-64.0,-109.0,81.0,-409.0,,-465.0,836.0,242.0,-773.0,128.0
-65.0,-52.0,43.0,-639.0,,-275.0,922.0,210.0,-671.0,284.0
18.0,-231.0,51.0,-581.0,,-546.0,859.0,169.0,-831.0,210.0
91.0,-396.0,106.0,-434.0,,-1689.0,748.0,197.0,-29.0,77.0
131.0,-451.0,148.0,-453.0,,-1584.0,715.0,218.0,247.0,69.0
155.0,-396.0,214.0,-231.0,,-1277.0,763.0,434.0,52.0,157.0
157.0,-34.0,269.0,156.0,,-936.0,755.0,380.0,-109.0,161.0
157.0,-160.0,327.0,293.0,,-750.0,694.0,410.0,-439.0,329.0
123.0,-218.0,389.0,376.0,,-1039.0,677.0,351.0,568.0,462.0
145.0,-71.0,359.0,208.0,,-571.0,683.0,169.0,1005.0,407.0
168.0,-17.0,428.0,-24.0,,-1141.0,692.0,59.0,716.0,500.0
224.0,-283.0,407.0,-373.0,,-1117.0,685.0,-42.0,725.0,636.0
284.0,-430.0,403.0,-643.0,,-999.0,663.0,131.0,464.0,602.0
334.0,-357.0,383.0,-354.0,,-1048.0,684.0,210.0,308.0,449.0
391.0,-676.0,330.0,-273.0,,-843.0,691.0,389.0,531.0,334.0
436.0,-729.0,346.0,-411.0,,-1207.0,686.0,506.0,448.0,266.0
463.0,-419.0,189.0,-314.0,,-1031.0,729.0,537.0,-351.0,108.0
501.0,-161.0,213.0,-155.0,,-1352.0,810.0,646.0,-564.0,-153.0
570.0,38.0,161.0,108.0,,-1070.0,853.0,432.0,-314.0,-305.0
620.0,224.0,53.0,197.0,,-934.0,830.0,325.0,-32.0,-361.0
635.0,251.0,106.0,363.0,,-1276.0,752.0,182.0,-288.0,-427.0
602.0,106.0,82.0,584.0,,-1065.0,603.0,99.0,-819.0,-399.0
594.0,-35.0,151.0,225.0,,-1485.0,422.0,35.0,-541.0,-209.0
549.0,-429.0,189.0,-34.0,,-916.0,283.0,-230.0,-160.0,-119.0
534.0,-702.0,208.0,-67.0,,-583.0,186.0,-310.0,206.0,-76.0
534.0,-739.0,265.0,-64.0,,-862.0,-2.0,-484.0,189.0,136.0
513.0,-726.0,228.0,96.0,,-762.0,-168.0,-524.0,86.0,238.0
527.0,-155.0,186.0,127.0,,-995.0,-133.0,-567.0,125.0,170.0
550.0,602.0,154.0,134.0,,-439.0,-79.0,-615.0,99.0,188.0
553.0,1136.0,108.0,-59.0,,-520.0,-39.0,-489.0,191.0,350.0
487.0,1471.0,16.0,-318.0,,-575.0,59.0,-471.0,124.0,259.0
463.0,1881.0,-29.0,-290.0,,-781.0,141.0,-218.0,-255.0,19.0
436.0,2246.0,-4.0,-194.0,,-1391.0,226.0,-97.0,-390.0,-18.0
422.0,1812.0,-28.0,-384.0,,-421.0,426.0,48.0,-55.0,-5.0
424.0,1277.0,55.0,-760.0,,-490.0,654.0,251.0,-254.0,-68.0
438.0,663.0,117.0,-718.0,,-360.0,725.0,304.0,-487.0,-142.0
449.0,-278.0,184.0,-334.0,,-489.0,708.0,482.0,-607.0,-172.0
396.0,-844.0,247.0,-136.0,,-854.0,668.0,469.0,-564.0,-322.0
364.0,-1111.0,247.0,-112.0,,-203.0,559.0,463.0,-405.0,-359.0
280.0,-1309.0,249.0,-74.0,,-342.0,450.0,238.0,-446.0,-251.0
237.0,-1498.0,154.0,-104.0,,301.0,394.0,-53.0,-340.0,-266.0
258.0,-1504.0,114.0,-211.0,,-752.0,389.0,-144.0,-415.0,-347.0
197.0,-1210.0,42.0,-124.0,,-1095.0,365.0,-279.0,-100.0,-337.0
136.0,-705.0,-33.0,105.0,,-451.0,311.0,-258.0,99.0,-203.0
107.0,-528.0,-48.0,91.0,,-957.0,300.0,-367.0,-154.0,-145.0
93.0,-175.0,-75.0,-45.0,,-185.0,269.0,-306.0,-931.0,-89.0
36.0,397.0,-151.0,71.0,,-789.0,282.0,-203.0,-1307.0,-14.0
-12.0,342.0,-159.0,211.0,,-721.0,382.0,-262.0,-528.0,55.0
-32.0,93.0,-117.0,92.0,,-966.0,489.0,-144.0,-76.0,107.0
-64.0,-18.0,-151.0,62.0,,-1439.0,635.0,-131.0,242.0,148.0
-24.0,108.0,-118.0,278.0,,-882.0,714.0,33.0,262.0,106.0
4.0,-77.0,-108.0,339.0,,-1388.0,693.0,121.0,229.0,-29.0
-29.0,96.0,-122.0,105.0,,-861.0,591.0,188.0,351.0,-69.0
-41.0,391.0,-122.0,-149.0,,-1197.0,417.0,319.0,560.0,-111.0
-36.0,252.0,-125.0,-341.0,,-632.0,331.0,242.0,219.0,-90.0
-81.0,671.0,-138.0,-472.0,,-500.0,272.0,304.0,-723.0,-143.0
-99.0,1016.0,-169.0,-540.0,,-1527.0,197.0,138.0,-958.0,-110.0
-63.0,1209.0,-140.0,-510.0,,-891.0,105.0,40.0,-992.0,122.0
-5.0,884.0,-113.0,-525.0,,-1181.0,74.0,36.0,-411.0,202.0
30.0,665.0,-159.0,-659.0,,-519.0,144.0,22.0,100.0,151.0
9.0,745.0,-102.0,-586.0,,-673.0,178.0,175.0,242.0,44.0
4.0,514.0,-36.0,-305.0,,-1001.0,245.0,59.0,175.0,42.0
-7.0,451.0,-25.0,-11.0,,-448.0,308.0,11.0,-43.0,-41.0
23.0,11.0,46.0,36.0,,-723.0,314.0,-169.0,675.0,-195.0
28.0,-351.0,33.0,-76.0,,-173.0,272.0,-371.0,540.0,-271.0
60.0,-859.0,70.0,-211.0,,-1279.0,231.0,-524.0,-266.0,-437.0
171.0,-1387.0,45.0,-333.0,,-1717.0,234.0,-644.0,-357.0,-534.0
260.0,-1566.0,-1.0,-356.0,,-1024.0,172.0,-450.0,-704.0,-434.0
321.0,-1629.0,17.0,-417.0,,-455.0,110.0,-511.0,-760.0,-359.0
347.0,-1445.0,-76.0,-358.0,,195.0,80.0,-530.0,-559.0,-469.0
403.0,-1037.0,-67.0,-152.0,,-985.0,57.0,-622.0,-743.0,-468.0
371.0,-332.0,-84.0,-98.0,,-1410.0,56.0,-663.0,-494.0,-327.0
322.0,65.0,-140.0,-223.0,,-1391.0,63.0,-473.0,-17.0,-276.0
327.0,618.0,-128.0,-241.0,,-1053.0,104.0,-426.0,269.0,-261.0
315.0,945.0,-148.0,-183.0,,-600.0,152.0,-219.0,-134.0,-215.0
273.0,940.0,-115.0,-31.0,,-1095.0,129.0,-251.0,-1000.0,-177.0
228.0,1043.0,-35.0,124.0,,-1437.0,138.0,-312.0,-1474.0,-110.0
218.0,959.0,11.0,87.0,,-1556.0,247.0,-419.0,-1051.0,27.0
180.0,915.0,-5.0,50.0,,-756.0,283.0,-598.0,-42.0,68.0
120.0,730.0,-16.0,129.0,,-928.0,232.0,-600.0,173.0,-39.0
92.0,806.0,13.0,311.0,,-1454.0,159.0,-783.0,179.0,-103.0
131.0,624.0,38.0,191.0,,-1456.0,98.0,-692.0,313.0,-83.0
111.0,263.0,21.0,-106.0,,-1719.0,65.0,-654.0,407.0,-169.0
77.0,169.0,50.0,-243.0,,-1217.0,55.0,-609.0,408.0,-312.0
97.0,-51.0,47.0,-376.0,,-1241.0,74.0,-465.0,243.0,-341.0
113.0,-18.0,35.0,-468.0,,-1462.0,90.0,-526.0,-216.0,-389.0
119.0,-178.0,58.0,-417.0,,-1457.0,138.0,-434.0,-683.0,-431.0
90.0,-290.0,14.0,-221.0,,-1039.0,234.0,-552.0,-385.0,-373.0
84.0,-170.0,53.0,-82.0,,-727.0,325.0,-554.0,-75.0,-294.0
124.0,-287.0,52.0,-73.0,,-883.0,357.0,-515.0,468.0,-164.0
160.0,-271.0,6.0,-99.0,,-702.0,351.0,-524.0,100.0,-38.0
163.0,-76.0,12.0,17.0,,-1109.0,354.0,-332.0,-75.0,36.0
164.0,379.0,-18.0,184.0,,-746.0,280.0,-397.0,694.0,15.0
230.0,753.0,1.0,154.0,,-476.0,163.0,-367.0,750.0,15.0
296.0,981.0,24.0,166.0,,-741.0,10.0,-461.0,671.0,61.0
287.0,1156.0,-36.0,132.0,,-757.0,-153.0,-541.0,-87.0,36.0
289.0,1043.0,-116.0,-28.0,,-1237.0,-223.0,-543.0,-461.0,30.0
282.0,735.0,-189.0,-60.0,,-866.0,-250.0,-827.0,-1035.0,-140.0
283.0,98.0,-288.0,-56.0,,-550.0,-202.0,-977.0,-856.0,-321.0
255.0,-3.0,-342.0,80.0,,-561.0,-109.0,-1079.0,-47.0,-383.0
164.0,165.0,-336.0,157.0,,-961.0,-29.0,-951.0,-453.0,-514.0
97.0,-111.0,-284.0,92.0,,-1037.0,79.0,-838.0,-238.0,-700.0
31.0,-242.0,-229.0,141.0,,20.0,154.0,-737.0,215.0,-866.0
-1.0,-199.0,-196.0,259.0,,-131.0,140.0,-552.0,537.0,-871.0
-103.0,-133.0,-102.0,435.0,,-668.0,73.0,-548.0,-121.0,-862.0
-194.0,-318.0,-147.0,298.0,,-1074.0,26.0,-412.0,-928.0,-791.0
-225.0,-242.0,-137.0,31.0,,-891.0,-13.0,-474.0,-1396.0,-629.0
-259.0,17.0,-16.0,9.0,,-191.0,-62.0,-463.0,-1481.0,-588.0
-266.0,-38.0,-129.0,-38.0,,-304.0,-126.0,-408.0,-997.0,-551.0
-287.0,-179.0,-76.0,-79.0,,-219.0,-137.0,-585.0,-101.0,-357.0
-247.0,-326.0,-57.0,-116.0,,-782.0,-93.0,-676.0,946.0,-202.0
-268.0,-426.0,-128.0,-260.0,,-736.0,-36.0,-811.0,512.0,-197.0
-281.0,-654.0,-39.0,-162.0,,-133.0,64.0,-650.0,895.0,-169.0
-251.0,-742.0,-121.0,71.0,,-331.0,137.0,-493.0,1178.0,-79.0
-231.0,-738.0,-59.0,35.0,,-317.0,198.0,-376.0,-179.0,-146.0
-200.0,-669.0,8.0,-111.0,,-646.0,226.0,-166.0,-1491.0,-355.0
-203.0,-781.0,-34.0,-169.0,,-281.0,222.0,-103.0,-1366.0,-372.0
-171.0,-876.0,61.0,-51.0,,-655.0,193.0,14.0,-181.0,-402.0
-171.0,-513.0,55.0,32.0,,-1300.0,75.0,-219.0,457.0,-448.0
-154.0,-388.0,60.0,-30.0,,-775.0,-47.0,-413.0,831.0,-370.0
-115.0,-358.0,109.0,-83.0,,-650.0,-202.0,-469.0,724.0,-301.0
-49.0,-301.0,89.0,-178.0,,-274.0,-360.0,-587.0,943.0,-290.0
19.0,-281.0,37.0,-400.0,,-704.0,-426.0,-604.0,1051.0,-291.0
77.0,-403.0,-52.0,-507.0,,-661.0,-367.0,-735.0,850.0,-198.0
125.0,-534.0,-142.0,-252.0,,-244.0,-194.0,-648.0,75.0,-213.0
148.0,-496.0,-215.0,132.0,,-475.0,-67.0,-655.0,-1230.0,-254.0
177.0,-453.0,-312.0,249.0,,-344.0,-17.0,-696.0,-1540.0,-272.0
121.0,-172.0,-397.0,108.0,,-1017.0,21.0,-731.0,-891.0,-235.0
100.0,244.0,-338.0,96.0,,-825.0,76.0,-896.0,424.0,-183.0
46.0,642.0,-349.0,129.0,,-250.0,166.0,-820.0,481.0,-270.0
-34.0,853.0,-305.0,61.0,,-56.0,227.0,-951.0,423.0,-345.0
-112.0,1124.0,-230.0,-161.0,,-137.0,187.0,-995.0,643.0,-400.0
-198.0,1148.0,-260.0,-373.0,,-608.0,152.0,-925.0,322.0,-378.0
-199.0,946.0,-200.0,-312.0,,-175.0,168.0,-812.0,96.0,-366.0
-184.0,1091.0,-200.0,-269.0,,114.0,106.0,-565.0,-707.0,-400.0
-143.0,1148.0,-114.0,-209.0,,621.0,-17.0,-511.0,-736.0,-393.0
-136.0,916.0,-36.0,-51.0,,465.0,-121.0,-301.0,-425.0,-403.0
-136.0,481.0,21.0,-53.0,,-54.0,-210.0,-190.0,-5.0,-483.0
-97.0,230.0,139.0,-254.0,,348.0,-258.0,-66.0,615.0,-524.0
-86.0,29.0,189.0,-411.0,,454.0,-294.0,-5.0,806.0,-558.0
-125.0,-94.0,267.0,-423.0,,559.0,-336.0,-158.0,477.0,-704.0
-134.0,40.0,352.0,-436.0,,69.0,-318.0,-88.0,376.0,-823.0
-88.0,133.0,385.0,-388.0,,-24.0,-261.0,-134.0,1328.0,-841.0
-53.0,-76.0,342.0,-276.0,,248.0,-190.0,-84.0,723.0,-919.0
-54.0,-435.0,381.0,-193.0,,-57.0,-158.0,-136.0,-285.0,-1054.0
-31.0,-315.0,345.0,-38.0,,-130.0,-199.0,-330.0,-195.0,-939.0
8.0,-444.0,257.0,139.0,,-498.0,-241.0,-476.0,-111.0,-842.0
26.0,-788.0,247.0,104.0,,-102.0,-229.0,-705.0,84.0,-767.0
67.0,-645.0,135.0,-32.0,,202.0,-238.0,-624.0,338.0,-529.0
43.0,-101.0,25.0,50.0,,29.0,-322.0,-545.0,713.0,-330.0
14.0,-229.0,-17.0,284.0,,271.0,-398.0,-388.0,60.0,-184.0
-1.0,-865.0,-102.0,439.0,,-75.0,-407.0,-279.0,-167.0,-137.0
-65.0,-310.0,-125.0,373.0,,69.0,-320.0,-208.0,457.0,-71.0
-131.0,142.0,-108.0,204.0,,425.0,-191.0,-3.0,170.0,-109.0
-206.0,122.0,-94.0,282.0,,473.0,-89.0,-147.0,-585.0,-155.0
-275.0,-14.0,5.0,236.0,,60.0,-4.0,-266.0,-1150.0,-72.0
-377.0,57.0,-8.0,-17.0,,-203.0,44.0,-443.0,-471.0,-115.0
-477.0,343.0,-21.0,-142.0,,724.0,-4.0,-439.0,667.0,-230.0
-522.0,-360.0,-19.0,-361.0,,1206.0,-166.0,-131.0,1292.0,-260.0
-549.0,-778.0,-54.0,-455.0,,1352.0,-292.0,60.0,1031.0,-185.0
-596.0,-589.0,-50.0,-313.0,,887.0,-274.0,280.0,535.0,-102.0
-634.0,-507.0,-80.0,-65.0,,684.0,-267.0,286.0,790.0,-14.0
-643.0,-657.0,18.0,150.0,,1053.0,-349.0,299.0,978.0,53.0
-679.0,-285.0,10.0,237.0,,715.0,-483.0,208.0,1083.0,54.0
-661.0,293.0,38.0,399.0,,1204.0,-564.0,-12.0,321.0,83.0
-633.0,149.0,87.0,601.0,,1383.0,-522.0,-140.0,-647.0,119.0
-651.0,301.0,19.0,608.0,,894.0,-361.0,-367.0,-736.0,79.0
-610.0,853.0,76.0,370.0,,775.0,-67.0,-434.0,-153.0,0.0
-563.0,829.0,-40.0,208.0,,1162.0,98.0,-548.0,654.0,-94.0
-524.0,259.0,-31.0,36.0,,1183.0,75.0,-508.0,429.0,-93.0
-497.0,261.0,21.0,-179.0,,359.0,56.0,-266.0,42.0,-31.0
-472.0,-226.0,-48.0,-280.0,,315.0,73.0,-16.0,23.0,-46.0
-428.0,-796.0,0.0,-249.0,,83.0,6.0,315.0,201.0,-96.0
-448.0,-425.0,10.0,-6.0,,281.0,-85.0,412.0,54.0,-159.0
-460.0,-607.0,0.0,193.0,,425.0,-105.0,548.0,-935.0,-152.0
-428.0,-679.0,-64.0,336.0,,-85.0,-232.0,511.0,-1764.0,-131.0
-412.0,-295.0,-1.0,418.0,,482.0,-411.0,408.0,-1805.0,-113.0
-385.0,-124.0,30.0,403.0,,610.0,-595.0,402.0,-1042.0,5.0
-344.0,193.0,7.0,487.0,,684.0,-755.0,206.0,-505.0,75.0
-310.0,404.0,163.0,538.0,,691.0,-793.0,129.0,-418.0,67.0
-303.0,272.0,232.0,393.0,,760.0,-749.0,-109.0,195.0,37.0
-328.0,260.0,275.0,145.0,,858.0,-636.0,-236.0,1007.0,-4.0
-314.0,-19.0,335.0,-152.0,,335.0,-534.0,-286.0,991.0,-69.0
-314.0,-588.0,315.0,-431.0,,801.0,-370.0,-319.0,777.0,-158.0
-341.0,-607.0,305.0,-532.0,,573.0,-224.0,-99.0,-108.0,-207.0
-369.0,-250.0,321.0,-507.0,,487.0,-192.0,-86.0,-702.0,-341.0
-370.0,-109.0,322.0,-525.0,,748.0,-157.0,42.0,-16.0,-477.0
-296.0,-46.0,297.0,-474.0,,1035.0,-207.0,97.0,-369.0,-452.0
-307.0,-15.0,311.0,-306.0,,1588.0,-193.0,127.0,-64.0,-455.0
-296.0,153.0,307.0,-112.0,,429.0,-199.0,160.0,232.0,-540.0
-199.0,547.0,335.0,164.0,,463.0,-394.0,20.0,76.0,-613.0
-130.0,454.0,353.0,356.0,,699.0,-569.0,107.0,786.0,-624.0
-79.0,58.0,268.0,455.0,,1236.0,-646.0,92.0,1076.0,-609.0
-72.0,-204.0,277.0,463.0,,1443.0,-564.0,182.0,1140.0,-555.0
-46.0,5.0,232.0,179.0,,-49.0,-370.0,197.0,471.0,-411.0
-63.0,286.0,124.0,-136.0,,362.0,-130.0,221.0,332.0,-374.0
-119.0,-100.0,117.0,-387.0,,398.0,18.0,458.0,278.0,-361.0
-174.0,-276.0,124.0,-543.0,,710.0,60.0,469.0,296.0,-268.0
-204.0,-89.0,166.0,-608.0,,346.0,152.0,626.0,780.0,-225.0
-177.0,-151.0,169.0,-719.0,,-254.0,170.0,691.0,227.0,-173.0
-199.0,-335.0,147.0,-653.0,,279.0,193.0,796.0,-25.0,-119.0
-223.0,-338.0,118.0,-671.0,,59.0,321.0,988.0,-310.0,-84.0
-208.0,-291.0,-22.0,-705.0,,1263.0,304.0,1045.0,-524.0,-36.0
-184.0,-165.0,-18.0,-522.0,,948.0,38.0,1103.0,-476.0,55.0
-178.0,666.0,-70.0,-332.0,,404.0,-316.0,888.0,-787.0,82.0
-229.0,1078.0,-148.0,-76.0,,163.0,-509.0,759.0,-1275.0,54.0
-250.0,531.0,-98.0,94.0,,-16.0,-517.0,576.0,-1225.0,140.0
-212.0,524.0,-186.0,20.0,,925.0,-551.0,452.0,-532.0,234.0
-258.0,630.0,-148.0,-195.0,,330.0,-576.0,504.0,-807.0,277.0
-318.0,561.0,-149.0,-268.0,,507.0,-473.0,362.0,-510.0,356.0
-307.0,505.0,-224.0,-190.0,,443.0,-373.0,415.0,296.0,472.0
-293.0,231.0,-183.0,-24.0,,402.0,-338.0,502.0,1012.0,469.0
-290.0,457.0,-209.0,-68.0,,345.0,-235.0,729.0,1297.0,424.0
-293.0,582.0,-227.0,-259.0,,152.0,-125.0,901.0,489.0,455.0
-239.0,425.0,-166.0,-222.0,,687.0,-129.0,838.0,260.0,383.0
-237.0,493.0,-130.0,-261.0,,300.0,-191.0,798.0,-308.0,311.0
-248.0,409.0,-94.0,-269.0,,531.0,-255.0,526.0,-217.0,391.0
-228.0,162.0,-103.0,-277.0,,281.0,-321.0,419.0,44.0,463.0
-178.0,-187.0,-52.0,-335.0,,141.0,-461.0,230.0,-332.0,448.0
-128.0,-256.0,-28.0,-474.0,,204.0,-573.0,51.0,-227.0,476.0
-181.0,-236.0,-77.0,-578.0,,338.0,-597.0,194.0,-406.0,606.0
-149.0,-473.0,-20.0,-328.0,,672.0,-656.0,321.0,-379.0,624.0
-111.0,-447.0,-92.0,-130.0,,228.0,-656.0,574.0,-141.0,537.0
-55.0,-133.0,-67.0,8.0,,349.0,-511.0,622.0,-59.0,520.0
-13.0,173.0,-83.0,198.0,,253.0,-261.0,685.0,-695.0,480.0
0.0,302.0,-183.0,269.0,,698.0,-68.0,792.0,-856.0,425.0
32.0,311.0,-139.0,202.0,,523.0,49.0,785.0,-882.0,401.0
-5.0,311.0,-166.0,137.0,,88.0,186.0,772.0,-786.0,333.0
-18.0,79.0,-218.0,321.0,,383.0,286.0,559.0,-46.0,192.0
-65.0,-279.0,-215.0,416.0,,349.0,276.0,543.0,-102.0,32.0
-130.0,-583.0,-203.0,330.0,,527.0,113.0,533.0,64.0,-31.0
-211.0,-511.0,-197.0,296.0,,131.0,-32.0,700.0,389.0,-21.0
-272.0,-173.0,-174.0,267.0,,776.0,-136.0,973.0,529.0,-35.0
-384.0,-199.0,-145.0,305.0,,825.0,-313.0,916.0,-265.0,-29.0
-445.0,14.0,-94.0,318.0,,173.0,-486.0,807.0,-992.0,36.0
-434.0,595.0,-102.0,219.0,,12.0,-600.0,484.0,-1157.0,108.0
-488.0,851.0,-73.0,-109.0,,-57.0,-704.0,378.0,-1911.0,121.0
-500.0,876.0,-58.0,-372.0,,1083.0,-800.0,395.0,-1413.0,74.0
-520.0,1128.0,-58.0,-326.0,,907.0,-830.0,367.0,-651.0,33.0
-510.0,1389.0,-21.0,-239.0,,310.0,-793.0,317.0,-95.0,-37.0
-536.0,1405.0,19.0,-144.0,,-76.0,-680.0,134.0,569.0,-110.0
-531.0,1199.0,72.0,-91.0,,297.0,-574.0,312.0,852.0,-158.0
-480.0,783.0,90.0,58.0,,1199.0,-483.0,495.0,726.0,-271.0
-384.0,747.0,125.0,255.0,,557.0,-394.0,842.0,-126.0,-429.0
-258.0,377.0,112.0,321.0,,200.0,-381.0,1241.0,-438.0,-519.0
-184.0,-379.0,152.0,410.0,,-573.0,-433.0,1367.0,-1168.0,-515.0
-86.0,-774.0,199.0,364.0,,-413.0,-535.0,1444.0,-1650.0,-510.0
-52.0,-946.0,178.0,185.0,,538.0,-547.0,1237.0,-1271.0,-452.0
-47.0,-1045.0,174.0,98.0,,374.0,-475.0,1003.0,-848.0,-194.0
-81.0,-1177.0,199.0,188.0,,306.0,-448.0,646.0,-89.0,67.0
-115.0,-797.0,203.0,307.0,,-440.0,-388.0,367.0,1.0,199.0
-94.0,-357.0,217.0,214.0,,-135.0,-250.0,168.0,484.0,393.0
-83.0,-138.0,180.0,238.0,,492.0,-52.0,-29.0,813.0,568.0
-100.0,135.0,152.0,304.0,,292.0,71.0,55.0,1112.0,633.0
-118.0,552.0,115.0,245.0,,221.0,23.0,31.0,1077.0,704.0
-126.0,850.0,-17.0,236.0,,-679.0,-7.0,212.0,-228.0,762.0
-158.0,656.0,-41.0,345.0,,-239.0,0.0,375.0,-1063.0,692.0
-194.0,624.0,-113.0,463.0,,290.0,-130.0,463.0,-1245.0,540.0
-226.0,542.0,-41.0,266.0,,64.0,-344.0,691.0,-959.0,498.0
-213.0,-148.0,-67.0,-72.0,,-402.0,-408.0,667.0,-982.0,481.0
-193.0,-684.0,-115.0,-217.0,,-1139.0,-419.0,735.0,-145.0,340.0
-216.0,-743.0,-38.0,-191.0,,-335.0,-515.0,663.0,557.0,225.0
-225.0,-755.0,-131.0,-281.0,,-179.0,-604.0,502.0,830.0,235.0
-191.0,-757.0,-59.0,-325.0,,143.0,-676.0,310.0,825.0,215.0
-189.0,-685.0,-113.0,-366.0,,-208.0,-653.0,-14.0,-622.0,202.0
-222.0,-153.0,-40.0,-461.0,,-1042.0,-621.0,-116.0,-920.0,304.0
-245.0,43.0,34.0,-447.0,,-299.0,-577.0,-184.0,-1043.0,390.0
-229.0,142.0,-16.0,-511.0,,-188.0,-521.0,-12.0,-1050.0,463.0
-177.0,520.0,72.0,-332.0,,271.0,-538.0,162.0,-507.0,594.0
-146.0,541.0,76.0,-39.0,,-325.0,-506.0,234.0,123.0,702.0
-120.0,332.0,158.0,135.0,,-803.0,-449.0,293.0,852.0,680.0
-95.0,133.0,151.0,362.0,,-82.0,-390.0,103.0,1110.0,573.0
-94.0,264.0,178.0,477.0,,51.0,-408.0,3.0,1300.0,456.0
-107.0,-92.0,201.0,484.0,,-146.0,-534.0,-256.0,161.0,344.0
-122.0,7.0,151.0,366.0,,-694.0,-581.0,-467.0,-738.0,202.0
-128.0,-175.0,179.0,13.0,,108.0,-500.0,-491.0,-621.0,78.0
-90.0,-587.0,121.0,-282.0,,286.0,-469.0,-406.0,-737.0,94.0
-64.0,-374.0,120.0,-342.0,,57.0,-473.0,-136.0,-49.0,81.0
-57.0,-631.0,94.0,-381.0,,214.0,-424.0,-36.0,121.0,1.0
-65.0,-794.0,90.0,-318.0,,-118.0,-384.0,225.0,30.0,20.0
-123.0,-1287.0,204.0,-199.0,,306.0,-317.0,299.0,385.0,107.0
-182.0,-1170.0,206.0,-188.0,,387.0,-268.0,168.0,-266.0,165.0
-231.0,-988.0,261.0,-107.0,,225.0,-287.0,42.0,-48.0,205.0
-250.0,-663.0,282.0,-53.0,,-387.0,-361.0,-245.0,312.0,322.0
-286.0,-181.0,299.0,-98.0,,-636.0,-423.0,-227.0,254.0,366.0
-301.0,-183.0,373.0,-63.0,,38.0,-437.0,-190.0,294.0,340.0
-241.0,196.0,349.0,76.0,,296.0,-550.0,5.0,-49.0,467.0
-165.0,-160.0,308.0,154.0,,-100.0,-645.0,238.0,16.0,594.0
-121.0,-403.0,270.0,210.0,,-962.0,-552.0,297.0,-470.0,543.0
-88.0,-81.0,283.0,325.0,,-457.0,-469.0,445.0,-342.0,428.0
-53.0,339.0,217.0,360.0,,298.0,-506.0,371.0,145.0,419.0
-44.0,598.0,219.0,470.0,,365.0,-441.0,406.0,488.0,453.0
-87.0,1044.0,226.0,479.0,,172.0,-195.0,347.0,880.0,427.0
-107.0,1259.0,145.0,395.0,,120.0,12.0,184.0,631.0,431.0
-110.0,992.0,213.0,312.0,,863.0,54.0,38.0,669.0,458.0
-140.0,1184.0,235.0,-33.0,,371.0,13.0,-258.0,392.0,439.0
-121.0,857.0,233.0,-166.0,,102.0,-34.0,-373.0,470.0,434.0
-138.0,554.0,228.0,-249.0,,24.0,-138.0,-580.0,292.0,476.0
-144.0,403.0,144.0,-391.0,,58.0,-248.0,-600.0,-1049.0,486.0
-119.0,-220.0,126.0,-267.0,,716.0,-391.0,-519.0,-1612.0,460.0
-102.0,-384.0,98.0,-166.0,,129.0,-666.0,-402.0,-1331.0,495.0
-103.0,-2.0,52.0,-31.0,,160.0,-811.0,-179.0,-612.0,565.0
-128.0,-141.0,51.0,128.0,,-83.0,-791.0,-212.0,33.0,530.0
-123.0,-538.0,46.0,227.0,,102.0,-774.0,-75.0,151.0,467.0
-143.0,162.0,67.0,269.0,,83.0,-729.0,-57.0,160.0,465.0
-162.0,908.0,102.0,274.0,,-807.0,-623.0,12.0,52.0,439.0
-156.0,763.0,165.0,254.0,,-587.0,-493.0,31.0,-88.0,423.0
-118.0,1039.0,276.0,268.0,,-953.0,-458.0,-175.0,-211.0,452.0
-110.0,1357.0,372.0,230.0,,68.0,-437.0,-129.0,-343.0,512.0
-80.0,1096.0,414.0,157.0,,633.0,-355.0,-308.0,-482.0,545.0
-73.0,466.0,465.0,110.0,,332.0,-350.0,-352.0,-115.0,537.0
-56.0,212.0,422.0,82.0,,185.0,-395.0,-421.0,544.0,564.0
1.0,176.0,343.0,174.0,,-295.0,-392.0,-567.0,706.0,567.0
0.0,-662.0,277.0,124.0,,477.0,-427.0,-476.0,503.0,520.0
24.0,-755.0,115.0,113.0,,-178.0,-514.0,-465.0,-20.0,527.0
36.0,-551.0,31.0,128.0,,113.0,-459.0,-271.0,-225.0,601.0
87.0,-555.0,-49.0,72.0,,462.0,-288.0,-249.0,-557.0,641.0
122.0,-17.0,-79.0,149.0,,29.0,-196.0,-266.0,-836.0,619.0
134.0,1010.0,-55.0,230.0,,995.0,-130.0,-315.0,-622.0,710.0
177.0,1439.0,8.0,374.0,,893.0,22.0,-541.0,-1144.0,842.0
200.0,1160.0,119.0,528.0,,676.0,179.0,-550.0,-770.0,856.0
237.0,1401.0,163.0,517.0,,-100.0,230.0,-598.0,-34.0,857.0
300.0,989.0,262.0,335.0,,157.0,171.0,-508.0,325.0,836.0
369.0,970.0,262.0,177.0,,561.0,59.0,-461.0,1222.0,790.0
438.0,815.0,232.0,170.0,,331.0,-36.0,-362.0,904.0,616.0
490.0,-48.0,245.0,167.0,,1028.0,-149.0,-97.0,385.0,389.0
481.0,38.0,213.0,44.0,,646.0,-307.0,16.0,397.0,205.0
463.0,-40.0,231.0,-48.0,,997.0,-447.0,184.0,10.0,-8.0
439.0,-793.0,228.0,-37.0,,829.0,-512.0,140.0,-132.0,-105.0
421.0,-1044.0,249.0,38.0,,760.0,-534.0,131.0,471.0,-128.0
443.0,-637.0,356.0,117.0,,501.0,-537.0,16.0,596.0,-111.0
524.0,-706.0,327.0,259.0,,-215.0,-519.0,-188.0,859.0,-112.0
593.0,-592.0,317.0,397.0,,529.0,-512.0,-160.0,1665.0,-91.0
653.0,-278.0,301.0,149.0,,7.0,-469.0,-232.0,845.0,37.0
714.0,-89.0,262.0,-78.0,,207.0,-379.0,-190.0,295.0,82.0
761.0,-48.0,348.0,-138.0,,-146.0,-252.0,-352.0,121.0,27.0
803.0,-247.0,313.0,-166.0,,-228.0,-86.0,-476.0,-348.0,8.0
786.0,26.0,316.0,106.0,,427.0,51.0,-484.0,-397.0,35.0
776.0,74.0,265.0,336.0,,-27.0,49.0,-703.0,-224.0,51.0
757.0,-442.0,185.0,456.0,,210.0,-7.0,-846.0,198.0,102.0
722.0,-328.0,175.0,519.0,,-358.0,32.0,-990.0,31.0,138.0
665.0,-172.0,160.0,370.0,,696.0,18.0,-800.0,459.0,150.0
599.0,-1046.0,174.0,203.0,,891.0,-85.0,-628.0,291.0,180.0
519.0,-948.0,173.0,36.0,,250.0,-204.0,-511.0,-109.0,147.0
502.0,-477.0,171.0,-186.0,,498.0,-338.0,-286.0,-268.0,95.0
514.0,-485.0,217.0,-305.0,,93.0,-428.0,-223.0,-786.0,70.0
501.0,-36.0,289.0,-262.0,,977.0,-477.0,0.0,-635.0,85.0
529.0,0.0,304.0,-190.0,,1026.0,-506.0,-12.0,-1137.0,108.0
542.0,-104.0,341.0,-176.0,,1408.0,-512.0,-44.0,-1080.0,106.0
548.0,-107.0,283.0,-166.0,,586.0,-501.0,-55.0,-141.0,170.0
516.0,108.0,321.0,-106.0,,116.0,-459.0,-271.0,1132.0,281.0
533.0,301.0,291.0,-112.0,,1007.0,-377.0,-365.0,1003.0,385.0
521.0,493.0,230.0,-137.0,,352.0,-253.0,-530.0,738.0,512.0
475.0,638.0,312.0,-94.0,,611.0,-131.0,-436.0,1476.0,665.0
453.0,873.0,316.0,2.0,,-171.0,-111.0,-384.0,548.0,834.0
428.0,1721.0,363.0,131.0,,-53.0,-130.0,-402.0,301.0,920.0
400.0,1515.0,398.0,311.0,,166.0,-110.0,-216.0,290.0,936.0
349.0,1216.0,475.0,458.0,,50.0,-29.0,-118.0,814.0,990.0
358.0,1027.0,515.0,427.0,,387.0,100.0,147.0,1214.0,963.0
354.0,387.0,529.0,415.0,,-160.0,142.0,219.0,792.0,899.0
339.0,171.0,558.0,426.0,,1123.0,155.0,247.0,769.0,866.0
300.0,-746.0,559.0,368.0,,998.0,252.0,295.0,-29.0,773.0
254.0,-998.0,603.0,325.0,,880.0,299.0,249.0,13.0,695.0
230.0,-822.0,616.0,289.0,,423.0,261.0,271.0,-45.0,643.0
260.0,-820.0,566.0,11.0,,176.0,266.0,129.0,-408.0,539.0
321.0,-716.0,510.0,-363.0,,1046.0,276.0,201.0,-1042.0,412.0
372.0,-981.0,424.0,-366.0,,85.0,215.0,192.0,-522.0,357.0
461.0,-414.0,326.0,-285.0,,393.0,158.0,140.0,358.0,296.0
514.0,-102.0,293.0,-152.0,,-511.0,141.0,42.0,376.0,230.0
496.0,208.0,249.0,183.0,,240.0,113.0,-284.0,1659.0,184.0
455.0,480.0,264.0,366.0,,765.0,6.0,-400.0,1401.0,52.0
457.0,-133.0,331.0,461.0,,-403.0,-129.0,-667.0,1225.0,-95.0
442.0,-196.0,420.0,510.0,,194.0,-238.0,-752.0,1018.0,-202.0
431.0,81.0,495.0,463.0,,-517.0,-331.0,-667.0,84.0,-217.0
400.0,63.0,566.0,484.0,,492.0,-340.0,-543.0,-23.0,-269.0
353.0,-12.0,633.0,415.0,,273.0,-255.0,-304.0,-292.0,-339.0
315.0,-201.0,597.0,296.0,,413.0,-146.0,-266.0,-181.0,-342.0
290.0,97.0,536.0,206.0,,580.0,-125.0,-51.0,165.0,-381.0
291.0,416.0,501.0,54.0,,-207.0,-131.0,60.0,845.0,-398.0
255.0,-45.0,398.0,0.0,,945.0,-29.0,144.0,669.0,-419.0
261.0,-62.0,372.0,64.0,,478.0,47.0,134.0,221.0,-391.0
256.0,81.0,394.0,259.0,,1076.0,45.0,7.0,273.0,-413.0
216.0,414.0,326.0,456.0,,331.0,-38.0,66.0,170.0,-489.0
190.0,612.0,349.0,388.0,,227.0,-135.0,-94.0,-145.0,-453.0
235.0,745.0,306.0,171.0,,805.0,-153.0,-118.0,-465.0,-468.0
305.0,642.0,337.0,79.0,,564.0,-205.0,-210.0,-469.0,-515.0
311.0,-118.0,405.0,132.0,,1462.0,-261.0,-179.0,113.0,-545.0
289.0,275.0,446.0,181.0,,443.0,-229.0,133.0,583.0,-617.0
263.0,168.0,487.0,434.0,,684.0,-101.0,303.0,382.0,-606.0
259.0,131.0,469.0,581.0,,565.0,116.0,657.0,1079.0,-564.0
238.0,286.0,495.0,441.0,,895.0,293.0,735.0,907.0,-511.0
196.0,-209.0,383.0,404.0,,823.0,299.0,779.0,801.0,-409.0
137.0,189.0,319.0,295.0,,-50.0,247.0,739.0,1325.0,-360.0
157.0,-5.0,247.0,155.0,,813.0,185.0,498.0,443.0,-310.0
203.0,-383.0,69.0,103.0,,216.0,83.0,441.0,-29.0,-274.0
201.0,-655.0,76.0,185.0,,610.0,62.0,271.0,-818.0,-268.0
233.0,-682.0,57.0,288.0,,510.0,82.0,275.0,-1553.0,-265.0
268.0,-467.0,-8.0,346.0,,434.0,22.0,199.0,-1043.0,-242.0
314.0,-587.0,69.0,483.0,,413.0,-71.0,138.0,-402.0,-227.0
325.0,-191.0,86.0,546.0,,87.0,-91.0,151.0,-173.0,-253.0
350.0,-280.0,97.0,467.0,,1053.0,-82.0,64.0,258.0,-295.0
362.0,-427.0,81.0,276.0,,482.0,-104.0,147.0,1099.0,-345.0
337.0,333.0,13.0,67.0,,762.0,-121.0,118.0,1391.0,-291.0
338.0,930.0,-53.0,-114.0,,544.0,-137.0,175.0,1853.0,-303.0
273.0,574.0,-39.0,-93.0,,292.0,-150.0,38.0,1712.0,-342.0
243.0,236.0,-52.0,47.0,,433.0,-188.0,-157.0,916.0,-232.0
277.0,106.0,-52.0,105.0,,160.0,-202.0,-125.0,726.0,-175.0
278.0,-204.0,72.0,-73.0,,924.0,-161.0,-110.0,205.0,-120.0
284.0,16.0,76.0,-211.0,,536.0,-102.0,160.0,-536.0,-16.0
338.0,-190.0,138.0,34.0,,828.0,-73.0,240.0,-1004.0,2.0
366.0,-761.0,171.0,78.0,,596.0,-124.0,347.0,-1437.0,-18.0
405.0,-200.0,143.0,2.0,,631.0,-126.0,519.0,-2202.0,39.0
503.0,426.0,189.0,34.0,,1083.0,-91.0,539.0,-1443.0,131.0
554.0,203.0,246.0,56.0,,636.0,-109.0,663.0,53.0,151.0
552.0,98.0,195.0,147.0,,590.0,-95.0,548.0,-121.0,213.0
519.0,214.0,241.0,252.0,,-202.0,-30.0,572.0,427.0,256.0
534.0,487.0,245.0,439.0,,611.0,90.0,580.0,968.0,144.0
498.0,235.0,154.0,541.0,,557.0,204.0,572.0,655.0,78.0
428.0,-252.0,167.0,512.0,,329.0,244.0,703.0,241.0,-4.0
431.0,-527.0,107.0,394.0,,523.0,247.0,652.0,-862.0,-183.0
417.0,-796.0,58.0,192.0,,133.0,221.0,766.0,-1111.0,-343.0
398.0,-283.0,6.0,25.0,,793.0,178.0,700.0,-1414.0,-464.0
369.0,-405.0,79.0,-67.0,,132.0,124.0,578.0,-942.0,-558.0
336.0,-625.0,53.0,-9.0,,686.0,62.0,389.0,546.0,-553.0
309.0,-516.0,131.0,27.0,,684.0,36.0,103.0,843.0,-371.0
317.0,-233.0,232.0,58.0,,914.0,112.0,177.0,1909.0,-329.0
332.0,643.0,191.0,200.0,,1117.0,226.0,197.0,2191.0,-329.0
293.0,269.0,306.0,307.0,,75.0,282.0,389.0,1662.0,-147.0
285.0,-126.0,297.0,388.0,,901.0,303.0,582.0,1063.0,-91.0
315.0,233.0,268.0,474.0,,348.0,300.0,727.0,-388.0,-179.0
302.0,483.0,293.0,494.0,,918.0,287.0,848.0,-935.0,-252.0
293.0,547.0,254.0,325.0,,995.0,261.0,709.0,-951.0,-348.0
304.0,645.0,192.0,103.0,,765.0,172.0,709.0,-335.0,-555.0
278.0,659.0,202.0,48.0,,1036.0,102.0,559.0,273.0,-647.0
280.0,538.0,157.0,75.0,,162.0,76.0,511.0,557.0,-550.0
277.0,277.0,146.0,125.0,,826.0,3.0,461.0,356.0,-518.0
258.0,21.0,102.0,180.0,,-179.0,0.0,399.0,1171.0,-531.0
237.0,540.0,58.0,107.0,,365.0,70.0,545.0,1620.0,-430.0
221.0,360.0,82.0,-50.0,,869.0,129.0,509.0,617.0,-269.0
189.0,344.0,33.0,-153.0,,419.0,244.0,602.0,381.0,-136.0
166.0,370.0,35.0,-280.0,,895.0,366.0,519.0,-682.0,82.0
174.0,-329.0,30.0,-313.0,,75.0,481.0,437.0,-643.0,260.0
180.0,-717.0,0.0,-209.0,,498.0,591.0,397.0,-383.0,222.0
203.0,-1205.0,-61.0,-48.0,,-404.0,685.0,266.0,-100.0,227.0
183.0,-1147.0,-75.0,210.0,,16.0,709.0,336.0,391.0,314.0
173.0,-1245.0,-156.0,439.0,,413.0,657.0,273.0,-244.0,285.0
167.0,-1492.0,-264.0,498.0,,175.0,627.0,465.0,20.0,178.0
151.0,-1713.0,-351.0,338.0,,953.0,465.0,655.0,-181.0,72.0
120.0,-1701.0,-443.0,161.0,,-311.0,246.0,792.0,-573.0,-59.0
70.0,-992.0,-430.0,29.0,,191.0,96.0,1042.0,-580.0,-213.0
30.0,-483.0,-371.0,-21.0,,-158.0,-71.0,1114.0,-608.0,-295.0
-13.0,-84.0,-334.0,-20.0,,54.0,-190.0,1219.0,-809.0,-391.0
-65.0,315.0,-343.0,-116.0,,221.0,-179.0,1043.0,-203.0,-540.0
-126.0,742.0,-222.0,-193.0,,-319.0,-41.0,840.0,297.0,-615.0
-170.0,1311.0,-192.0,-189.0,,409.0,101.0,609.0,-443.0,-626.0
-244.0,1746.0,-177.0,69.0,,-266.0,189.0,301.0,-385.0,-593.0
-248.0,1526.0,-14.0,301.0,,549.0,274.0,293.0,-461.0,-531.0
-237.0,1434.0,-64.0,339.0,,-205.0,305.0,299.0,68.0,-466.0
-242.0,1730.0,-55.0,493.0,,-159.0,274.0,487.0,735.0,-465.0
-193.0,1496.0,40.0,536.0,,279.0,271.0,596.0,975.0,-380.0
-164.0,919.0,51.0,297.0,,-302.0,250.0,635.0,1178.0,-283.0
-138.0,496.0,59.0,14.0,,116.0,208.0,785.0,714.0,-297.0
-100.0,-57.0,61.0,-105.0,,-813.0,163.0,818.0,550.0,-272.0
-62.0,-219.0,116.0,-90.0,,-108.0,134.0,966.0,195.0,-223.0
-10.0,-212.0,64.0,23.0,,-580.0,180.0,944.0,13.0,-157.0
71.0,-785.0,157.0,131.0,,-76.0,239.0,944.0,-585.0,-129.0
88.0,-908.0,239.0,338.0,,-16.0,349.0,957.0,-648.0,-3.0
91.0,-1221.0,175.0,734.0,,-1327.0,506.0,868.0,206.0,182.0
105.0,-1423.0,248.0,989.0,,-487.0,690.0,816.0,673.0,303.0
116.0,-1118.0,212.0,1062.0,,-802.0,773.0,583.0,647.0,480.0
75.0,-850.0,178.0,1068.0,,-17.0,667.0,556.0,255.0,594.0
49.0,-558.0,163.0,1034.0,,-727.0,570.0,513.0,326.0,606.0
57.0,-677.0,132.0,1037.0,,-741.0,523.0,635.0,-320.0,703.0
33.0,-374.0,185.0,907.0,,-18.0,488.0,947.0,-591.0,734.0
51.0,179.0,140.0,636.0,,-317.0,403.0,1043.0,-1278.0,632.0
7.0,481.0,129.0,369.0,,542.0,299.0,1202.0,-2542.0,579.0
8.0,895.0,124.0,47.0,,-507.0,249.0,1134.0,-2130.0,488.0
-5.0,1361.0,84.0,-146.0,,-327.0,210.0,1040.0,-1160.0,399.0
-53.0,1340.0,122.0,-264.0,,-735.0,217.0,864.0,278.0,334.0
-73.0,1429.0,102.0,-306.0,,-390.0,239.0,639.0,774.0,402.0
-81.0,1483.0,139.0,-156.0,,518.0,307.0,515.0,425.0,368.0
-54.0,669.0,174.0,-62.0,,-571.0,440.0,212.0,383.0,235.0
-64.0,324.0,205.0,70.0,,-367.0,529.0,177.0,8.0,258.0
-45.0,-220.0,262.0,313.0,,-809.0,543.0,129.0,104.0,245.0
-65.0,-789.0,291.0,407.0,,-105.0,461.0,164.0,-244.0,246.0
-67.0,-687.0,290.0,339.0,,-301.0,356.0,247.0,-1305.0,197.0
-68.0,-1232.0,250.0,249.0,,-567.0,272.0,166.0,-1425.0,209.0
-61.0,-1316.0,308.0,296.0,,45.0,181.0,245.0,-368.0,186.0
-45.0,-544.0,267.0,435.0,,-618.0,90.0,149.0,365.0,196.0
-40.0,-417.0,243.0,454.0,,-123.0,-20.0,197.0,365.0,328.0
-29.0,-775.0,287.0,454.0,,-555.0,-69.0,271.0,283.0,378.0
-56.0,-471.0,241.0,370.0,,-294.0,-67.0,400.0,137.0,404.0
-93.0,-116.0,261.0,339.0,,-376.0,-10.0,655.0,564.0,384.0
-162.0,-278.0,287.0,382.0,,-442.0,107.0,724.0,684.0,382.0
-180.0,-147.0,235.0,268.0,,-38.0,260.0,861.0,601.0,361.0
-201.0,-67.0,256.0,221.0,,-757.0,449.0,648.0,424.0,406.0
-231.0,-18.0,257.0,168.0,,104.0,570.0,500.0,278.0,310.0
-262.0,171.0,214.0,20.0,,-204.0,624.0,498.0,304.0,120.0
-278.0,248.0,245.0,36.0,,-217.0,724.0,402.0,-497.0,52.0
-299.0,405.0,285.0,123.0,,-390.0,858.0,430.0,-821.0,-53.0
-301.0,166.0,257.0,160.0,,-661.0,906.0,297.0,-982.0,-168.0
-322.0,115.0,198.0,321.0,,231.0,924.0,338.0,-1189.0,-220.0
-395.0,562.0,167.0,363.0,,-75.0,960.0,327.0,-600.0,-179.0
-397.0,838.0,107.0,277.0,,590.0,938.0,378.0,371.0,-248.0
-417.0,695.0,123.0,183.0,,280.0,924.0,545.0,575.0,-278.0
-390.0,543.0,187.0,44.0,,416.0,958.0,596.0,333.0,-101.0
-362.0,1044.0,208.0,25.0,,679.0,986.0,772.0,352.0,97.0
-304.0,745.0,191.0,-17.0,,171.0,951.0,635.0,169.0,106.0
-254.0,437.0,279.0,-117.0,,277.0,863.0,532.0,58.0,153.0
-211.0,742.0,283.0,-190.0,,-700.0,749.0,404.0,-812.0,411.0
-161.0,102.0,291.0,-138.0,,64.0,583.0,247.0,-1121.0,501.0
-142.0,2.0,353.0,-14.0,,-14.0,391.0,284.0,-272.0,543.0
-66.0,238.0,291.0,-23.0,,-191.0,301.0,208.0,-395.0,598.0
-55.0,-46.0,388.0,-10.0,,388.0,312.0,376.0,-490.0,518.0
-33.0,-162.0,372.0,169.0,,-25.0,317.0,325.0,-259.0,456.0
-66.0,-275.0,404.0,324.0,,488.0,291.0,194.0,-309.0,491.0
-86.0,-7.0,444.0,429.0,,-306.0,263.0,99.0,304.0,448.0
-91.0,654.0,372.0,536.0,,-427.0,268.0,-77.0,1210.0,267.0
-92.0,1009.0,322.0,522.0,,-531.0,294.0,-72.0,1607.0,216.0
-73.0,1197.0,259.0,437.0,,-245.0,355.0,-301.0,1085.0,268.0
-105.0,1633.0,224.0,245.0,,573.0,389.0,-391.0,83.0,205.0
-58.0,1433.0,110.0,28.0,,-338.0,449.0,-493.0,-680.0,210.0
-22.0,467.0,124.0,-123.0,,-29.0,589.0,-517.0,-1148.0,374.0
-5.0,-153.0,61.0,-228.0,,-424.0,647.0,-365.0,-1343.0,476.0
-23.0,-321.0,60.0,-268.0,,-363.0,657.0,-284.0,-1131.0,508.0
-31.0,-728.0,150.0,-276.0,,-169.0,683.0,107.0,-384.0,602.0
-35.0,-1136.0,121.0,-114.0,,-496.0,751.0,299.0,466.0,663.0
-66.0,-928.0,155.0,24.0,,-40.0,889.0,445.0,746.0,650.0
-89.0,-1043.0,140.0,-75.0,,-559.0,948.0,408.0,855.0,666.0
-108.0,-1318.0,100.0,-141.0,,-187.0,944.0,144.0,1744.0,563.0
-136.0,-890.0,133.0,-51.0,,-586.0,972.0,0.0,2145.0,461.0
-159.0,-101.0,184.0,162.0,,-736.0,969.0,-253.0,1641.0,308.0
-171.0,100.0,165.0,311.0,,-510.0,947.0,-188.0,970.0,7.0
-225.0,-171.0,221.0,242.0,,-758.0,856.0,-123.0,-56.0,-148.0
-241.0,106.0,249.0,128.0,,-326.0,715.0,-1.0,-635.0,-291.0
-231.0,565.0,185.0,93.0,,-816.0,651.0,179.0,-744.0,-463.0
-213.0,508.0,196.0,155.0,,-315.0,662.0,118.0,-1282.0,-623.0
-236.0,310.0,89.0,96.0,,-208.0,735.0,99.0,-1071.0,-699.0
-239.0,1064.0,-19.0,-136.0,,-124.0,770.0,-125.0,-763.0,-641.0
-238.0,1223.0,6.0,-301.0,,81.0,736.0,-151.0,-1270.0,-639.0
-248.0,890.0,18.0,-436.0,,-127.0,713.0,-120.0,-824.0,-597.0
-245.0,1096.0,-18.0,-384.0,,505.0,776.0,-177.0,-517.0,-439.0
-261.0,901.0,1.0,-191.0,,240.0,853.0,-107.0,-32.0,-404.0
-234.0,1053.0,76.0,-164.0,,578.0,808.0,-158.0,648.0,-374.0
-223.0,1143.0,-24.0,-117.0,,-4.0,744.0,-38.0,710.0,-107.0
-230.0,715.0,-1.0,-96.0,,-245.0,751.0,-29.0,736.0,58.0
-250.0,254.0,-11.0,-38.0,,245.0,808.0,-5.0,77.0,0.0
-237.0,461.0,-103.0,232.0,,-83.0,847.0,75.0,-56.0,102.0
-251.0,76.0,-29.0,417.0,,801.0,904.0,38.0,-365.0,262.0
-262.0,-974.0,-137.0,348.0,,129.0,1025.0,114.0,-1107.0,249.0
-290.0,-1029.0,-134.0,100.0,,45.0,1114.0,20.0,-1634.0,359.0
-365.0,-510.0,-156.0,-228.0,,365.0,1142.0,46.0,-1766.0,477.0
-406.0,38.0,-241.0,-394.0,,-274.0,1072.0,-24.0,-610.0,452.0
-424.0,-251.0,-223.0,-284.0,,-171.0,965.0,-157.0,-2.0,420.0
-394.0,-502.0,-295.0,-188.0,,-734.0,879.0,-253.0,209.0,444.0
-442.0,-602.0,-315.0,-80.0,,-453.0,830.0,-458.0,672.0,503.0
-490.0,-1059.0,-359.0,67.0,,-608.0,770.0,-436.0,840.0,470.0
-499.0,-1299.0,-311.0,110.0,,-190.0,586.0,-563.0,1257.0,420.0
-529.0,-1050.0,-251.0,155.0,,225.0,385.0,-541.0,1070.0,310.0
-582.0,-579.0,-247.0,182.0,,-528.0,253.0,-471.0,53.0,252.0
-608.0,-393.0,-138.0,97.0,,-331.0,146.0,-360.0,-388.0,276.0
-577.0,0.0,-55.0,-49.0,,-906.0,62.0,-79.0,-334.0,281.0
-566.0,880.0,-16.0,-52.0,,-52.0,10.0,-60.0,-366.0,322.0
-531.0,1773.0,-12.0,39.0,,106.0,9.0,101.0,-544.0,355.0
-492.0,1654.0,87.0,55.0,,-416.0,97.0,55.0,-1292.0,373.0
-428.0,1846.0,151.0,41.0,,56.0,171.0,-66.0,-1368.0,437.0
-326.0,2812.0,136.0,-74.0,,-498.0,184.0,-219.0,-429.0,650.0
-263.0,2508.0,265.0,-138.0,,345.0,212.0,-600.0,362.0,733.0
-229.0,1435.0,256.0,-57.0,,290.0,233.0,-764.0,1150.0,635.0
-176.0,1394.0,221.0,-75.0,,193.0,361.0,-933.0,1247.0,599.0
-183.0,1375.0,263.0,-159.0,,21.0,529.0,-870.0,439.0,571.0
-211.0,-21.0,201.0,-256.0,,48.0,510.0,-809.0,359.0,481.0
-238.0,-1452.0,93.0,-307.0,,863.0,424.0,-750.0,771.0,392.0
-288.0,-2301.0,132.0,-280.0,,-357.0,392.0,-607.0,325.0,364.0
-301.0,-2525.0,87.0,-200.0,,-131.0,311.0,-600.0,-559.0,213.0
-349.0,-2475.0,41.0,-94.0,,-505.0,172.0,-291.0,-1174.0,100.0
-411.0,-2378.0,116.0,-28.0,,-457.0,87.0,-59.0,-1384.0,112.0
-474.0,-1881.0,-42.0,61.0,,-50.0,112.0,83.0,-863.0,-91.0
-502.0,-1597.0,45.0,155.0,,-274.0,163.0,53.0,-99.0,-398.0
-522.0,-949.0,24.0,257.0,,631.0,217.0,-160.0,270.0,-569.0
-551.0,433.0,7.0,285.0,,-22.0,350.0,-293.0,442.0,-775.0
-551.0,1101.0,107.0,228.0,,417.0,437.0,-607.0,393.0,-1077.0
-564.0,903.0,62.0,124.0,,-321.0,436.0,-711.0,1049.0,-1195.0
-604.0,1115.0,181.0,7.0,,-432.0,455.0,-818.0,1186.0,-1255.0
-651.0,1173.0,166.0,-12.0,,-245.0,519.0,-783.0,465.0,-1435.0
-655.0,645.0,258.0,-124.0,,-1193.0,581.0,-570.0,746.0,-1448.0
-660.0,307.0,304.0,-221.0,,257.0,548.0,-565.0,756.0,-1352.0
-666.0,297.0,276.0,-171.0,,-54.0,473.0,-485.0,661.0,-1328.0
-644.0,275.0,348.0,24.0,,164.0,413.0,-635.0,253.0,-1237.0
-564.0,-462.0,349.0,349.0,,-143.0,314.0,-683.0,-1029.0,-1043.0
-492.0,-634.0,336.0,439.0,,16.0,162.0,-596.0,-1666.0,-871.0
-500.0,-501.0,361.0,366.0,,454.0,69.0,-506.0,-1392.0,-772.0
-524.0,-1358.0,371.0,269.0,,-433.0,95.0,-267.0,-1038.0,-642.0
-515.0,-1189.0,326.0,152.0,,550.0,98.0,-142.0,-666.0,-569.0
-503.0,-568.0,300.0,52.0,,-699.0,81.0,66.0,-375.0,-563.0
-516.0,-679.0,234.0,-38.0,,-33.0,91.0,42.0,-26.0,-463.0
-456.0,-289.0,171.0,-26.0,,231.0,113.0,29.0,1267.0,-497.0
-415.0,37.0,103.0,-21.0,,-648.0,178.0,46.0,1978.0,-625.0
-402.0,-485.0,126.0,-17.0,,202.0,218.0,-114.0,1948.0,-591.0
-369.0,-630.0,79.0,-55.0,,-247.0,177.0,-110.0,1129.0,-471.0
-413.0,-283.0,1.0,-231.0,,630.0,48.0,-334.0,-305.0,-380.0
-461.0,-13.0,20.0,-393.0,,-608.0,-113.0,-434.0,-638.0,-277.0
-477.0,347.0,-43.0,-321.0,,-482.0,-227.0,-474.0,-1123.0,-168.0
-444.0,144.0,-60.0,-189.0,,206.0,-294.0,-618.0,-1498.0,-167.0
-448.0,68.0,-56.0,-133.0,,-434.0,-376.0,-633.0,-1556.0,-172.0
-483.0,163.0,-69.0,-96.0,,238.0,-454.0,-726.0,-1461.0,-151.0
-441.0,-420.0,-49.0,-166.0,,-715.0,-455.0,-617.0,-471.0,-217.0
-399.0,-456.0,-16.0,-158.0,,419.0,-416.0,-583.0,710.0,-384.0
-393.0,414.0,27.0,-203.0,,20.0,-368.0,-441.0,1475.0,-520.0
-396.0,534.0,51.0,-239.0,,-399.0,-343.0,-195.0,1168.0,-553.0
-382.0,235.0,59.0,-211.0,,286.0,-257.0,-48.0,561.0,-609.0
-341.0,739.0,74.0,-317.0,,41.0,-119.0,218.0,-43.0,-652.0
-317.0,896.0,129.0,-358.0,,938.0,-32.0,127.0,-159.0,-692.0
-356.0,856.0,202.0,-394.0,,-333.0,74.0,-7.0,-66.0,-747.0
-346.0,706.0,257.0,-515.0,,356.0,118.0,-299.0,-648.0,-756.0
-278.0,-29.0,300.0,-481.0,,429.0,99.0,-681.0,-317.0,-745.0
-234.0,-285.0,257.0,-371.0,,463.0,82.0,-838.0,64.0,-732.0
-225.0,-424.0,263.0,-386.0,,1131.0,35.0,-1036.0,304.0,-726.0
-192.0,-646.0,212.0,-412.0,,-256.0,-54.0,-990.0,242.0,-700.0
-148.0,-429.0,116.0,-391.0,,413.0,-182.0,-984.0,-570.0,-733.0
-114.0,-599.0,103.0,-377.0,,-477.0,-308.0,-724.0,-357.0,-630.0
-38.0,-682.0,0.0,-417.0,,-365.0,-417.0,-297.0,-56.0,-513.0
9.0,-251.0,0.0,-267.0,,-170.0,-445.0,112.0,259.0,-602.0
68.0,-602.0,-12.0,-91.0,,47.0,-447.0,593.0,438.0,-663.0
135.0,-811.0,-33.0,-131.0,,970.0,-455.0,602.0,212.0,-649.0
185.0,9.0,11.0,-136.0,,-118.0,-359.0,615.0,883.0,-608.0
183.0,257.0,-41.0,-80.0,,372.0,-211.0,445.0,1053.0,-695.0
144.0,-84.0,-23.0,-152.0,,-532.0,-100.0,194.0,640.0,-706.0
126.0,66.0,-38.0,-380.0,,-201.0,-9.0,3.0,329.0,-735.0
88.0,163.0,-35.0,-484.0,,-121.0,72.0,-208.0,-355.0,-896.0
39.0,-150.0,54.0,-574.0,,-335.0,98.0,-110.0,-981.0,-848.0
-19.0,-376.0,66.0,-624.0,,866.0,30.0,-232.0,-1340.0,-664.0
-50.0,-471.0,105.0,-527.0,,-198.0,-129.0,-238.0,-1083.0,-609.0
-88.0,-625.0,114.0,-545.0,,269.0,-319.0,-254.0,-862.0,-633.0
-96.0,-510.0,118.0,-538.0,,-258.0,-530.0,-282.0,-327.0,-479.0
-112.0,-357.0,199.0,-356.0,,272.0,-666.0,-145.0,900.0,-437.0
-143.0,-128.0,216.0,-173.0,,356.0,-702.0,-260.0,1699.0,-478.0
-150.0,308.0,203.0,-6.0,,-488.0,-751.0,-201.0,2130.0,-409.0
-142.0,30.0,214.0,14.0,,780.0,-815.0,-192.0,1278.0,-382.0
-140.0,-468.0,184.0,-167.0,,211.0,-858.0,-77.0,-213.0,-449.0
-139.0,-559.0,150.0,-103.0,,817.0,-796.0,68.0,-1096.0,-516.0
-109.0,-544.0,132.0,238.0,,151.0,-749.0,73.0,-1487.0,-424.0
-72.0,-528.0,55.0,480.0,,722.0,-785.0,229.0,-1432.0,-450.0
-2.0,-795.0,-6.0,527.0,,1135.0,-757.0,227.0,-1459.0,-613.0
8.0,-1560.0,-9.0,453.0,,-53.0,-707.0,314.0,-1181.0,-636.0
20.0,-1571.0,-37.0,175.0,,909.0,-679.0,236.0,-897.0,-546.0
10.0,-724.0,-46.0,-103.0,,-138.0,-625.0,121.0,-412.0,-584.0
19.0,-466.0,37.0,-126.0,,909.0,-593.0,64.0,341.0,-607.0
-16.0,-360.0,35.0,-65.0,,417.0,-589.0,-155.0,375.0,-597.0
-70.0,-711.0,41.0,-65.0,,-417.0,-537.0,-186.0,194.0,-708.0
-58.0,-794.0,109.0,-92.0,,244.0,-381.0,-362.0,462.0,-679.0
-144.0,236.0,66.0,-33.0,,-323.0,-262.0,-373.0,363.0,-620.0
-172.0,-32.0,-25.0,-46.0,,736.0,-275.0,-345.0,153.0,-625.0
-225.0,-574.0,-58.0,-197.0,,-555.0,-291.0,-391.0,420.0,-643.0
-252.0,238.0,-55.0,-342.0,,42.0,-357.0,-330.0,-244.0,-656.0
-304.0,757.0,-152.0,-529.0,,21.0,-451.0,-443.0,-618.0,-587.0
-337.0,498.0,-89.0,-635.0,,-637.0,-560.0,-258.0,-214.0,-437.0
-294.0,136.0,-166.0,-578.0,,171.0,-727.0,-142.0,55.0,-318.0
-283.0,987.0,-191.0,-429.0,,-646.0,-860.0,-90.0,603.0,-335.0
-247.0,1403.0,-175.0,-285.0,,427.0,-1010.0,-5.0,617.0,-310.0
-228.0,1191.0,-226.0,-236.0,,-482.0,-1066.0,35.0,522.0,-229.0
-118.0,1538.0,-36.0,-7.0,,-131.0,-1028.0,293.0,786.0,-160.0
-80.0,599.0,-127.0,261.0,,4.0,-1006.0,267.0,1512.0,-127.0
-45.0,134.0,53.0,307.0,,-404.0,-931.0,319.0,1429.0,-143.0
0.0,232.0,69.0,308.0,,396.0,-768.0,360.0,81.0,-127.0
22.0,126.0,25.0,250.0,,-1133.0,-546.0,360.0,-349.0,-139.0
38.0,413.0,272.0,139.0,,249.0,-405.0,399.0,-678.0,-160.0
-9.0,-236.0,104.0,-128.0,,-202.0,-333.0,127.0,-837.0,-158.0
-48.0,-698.0,181.0,-460.0,,-383.0,-254.0,31.0,-651.0,-157.0
-92.0,-775.0,161.0,-629.0,,-133.0,-216.0,-201.0,-1008.0,-153.0
-76.0,-889.0,45.0,-688.0,,-1092.0,-340.0,-367.0,-254.0,-147.0
-147.0,-679.0,155.0,-791.0,,167.0,-526.0,-343.0,284.0,-108.0
-166.0,-848.0,78.0,-825.0,,-933.0,-667.0,-334.0,33.0,-97.0
-161.0,-494.0,114.0,-638.0,,-239.0,-843.0,-140.0,483.0,-42.0
-153.0,-3.0,95.0,-540.0,,-507.0,-930.0,-216.0,-60.0,127.0
-98.0,-884.0,36.0,-570.0,,-463.0,-936.0,-323.0,-653.0,310.0
-96.0,-1086.0,46.0,-506.0,,-167.0,-953.0,-545.0,-77.0,374.0
-39.0,-537.0,-30.0,-407.0,,-1538.0,-906.0,-642.0,35.0,462.0
-15.0,-852.0,-24.0,-258.0,,-200.0,-735.0,-558.0,-262.0,645.0
46.0,-1041.0,-103.0,-55.0,,-818.0,-543.0,-685.0,-867.0,673.0
73.0,-1265.0,-90.0,80.0,,331.0,-426.0,-524.0,-1243.0,592.0
74.0,-715.0,-84.0,280.0,,113.0,-299.0,-415.0,-913.0,506.0
94.0,81.0,-143.0,370.0,,-384.0,-185.0,-240.0,-621.0,446.0
86.0,-198.0,-31.0,204.0,,-148.0,-157.0,-190.0,-362.0,323.0
128.0,-49.0,-61.0,67.0,,-1521.0,-188.0,-406.0,-242.0,228.0
192.0,474.0,-14.0,-5.0,,388.0,-296.0,-445.0,15.0,206.0
288.0,973.0,37.0,-155.0,,-541.0,-517.0,-628.0,659.0,170.0
301.0,586.0,-26.0,-212.0,,-672.0,-710.0,-633.0,1177.0,86.0
333.0,697.0,52.0,-77.0,,-893.0,-804.0,-691.0,1160.0,-25.0
347.0,1101.0,-17.0,-86.0,,-768.0,-873.0,-628.0,496.0,-53.0
281.0,548.0,13.0,-106.0,,491.0,-879.0,-389.0,195.0,-143.0
271.0,1092.0,98.0,61.0,,-1235.0,-790.0,-343.0,174.0,-125.0
214.0,1198.0,-31.0,286.0,,-939.0,-706.0,-125.0,-431.0,-79.0
190.0,1446.0,-42.0,499.0,,-1858.0,-691.0,-114.0,-942.0,-128.0
199.0,1491.0,-79.0,532.0,,-1044.0,-656.0,-116.0,-889.0,-181.0
223.0,1355.0,-171.0,359.0,,-661.0,-512.0,-169.0,143.0,-301.0
251.0,2237.0,-225.0,92.0,,-1061.0,-361.0,-232.0,1070.0,-314.0
227.0,1742.0,-222.0,-180.0,,-317.0,-343.0,-158.0,1186.0,-290.0
245.0,986.0,-218.0,-360.0,,-1300.0,-345.0,-312.0,1259.0,-452.0
217.0,202.0,-263.0,-382.0,,-219.0,-355.0,-380.0,667.0,-694.0
185.0,12.0,-234.0,-418.0,,-1354.0,-455.0,-539.0,117.0,-704.0
142.0,-275.0,-246.0,-587.0,,-1261.0,-551.0,-508.0,-276.0,-634.0
73.0,-1466.0,-223.0,-648.0,,-662.0,-580.0,-254.0,-420.0,-651.0
58.0,-1292.0,-111.0,-571.0,,-482.0,-578.0,-109.0,-638.0,-682.0
58.0,-1261.0,-72.0,-521.0,,360.0,-577.0,29.0,-1224.0,-728.0
60.0,-1369.0,-34.0,-402.0,,-1233.0,-520.0,-57.0,-475.0,-787.0
26.0,-1080.0,53.0,-269.0,,-423.0,-425.0,-29.0,54.0,-782.0
2.0,-1308.0,98.0,-216.0,,-811.0,-319.0,-24.0,214.0,-679.0
-40.0,-1063.0,132.0,-222.0,,-564.0,-245.0,-51.0,620.0,-669.0
-87.0,-561.0,208.0,-279.0,,-546.0,-135.0,-44.0,536.0,-785.0
-97.0,-298.0,218.0,-62.0,,-926.0,6.0,-147.0,372.0,-850.0
-29.0,-238.0,115.0,248.0,,-2.0,28.0,-66.0,-73.0,-746.0
67.0,-150.0,165.0,251.0,,-874.0,3.0,-133.0,-651.0,-695.0
129.0,689.0,187.0,201.0,,171.0,-52.0,-147.0,-1026.0,-699.0
202.0,908.0,104.0,54.0,,-741.0,-99.0,-157.0,-1092.0,-678.0
239.0,645.0,163.0,-182.0,,-569.0,-164.0,-317.0,-950.0,-655.0
304.0,711.0,109.0,-259.0,,-338.0,-302.0,-380.0,0.0,-533.0
329.0,496.0,114.0,-231.0,,-1045.0,-405.0,-576.0,398.0,-421.0
346.0,917.0,133.0,-77.0,,-446.0,-417.0,-567.0,161.0,-374.0
368.0,739.0,42.0,0.0,,-1726.0,-342.0,-559.0,180.0,-461.0
350.0,334.0,82.0,6.0,,-739.0,-257.0,-502.0,-323.0,-520.0
362.0,1136.0,63.0,19.0,,-1332.0,-180.0,-317.0,-576.0,-481.0
384.0,1324.0,107.0,-72.0,,-1133.0,-76.0,-243.0,-739.0,-483.0
367.0,1397.0,141.0,-131.0,,-701.0,13.0,0.0,-603.0,-508.0
295.0,1617.0,27.0,-185.0,,-1177.0,29.0,14.0,-646.0,-616.0
259.0,1031.0,12.0,-170.0,,-187.0,7.0,53.0,-513.0,-627.0
193.0,366.0,-51.0,-158.0,,-1214.0,-62.0,40.0,-20.0,-527.0
127.0,267.0,-190.0,-96.0,,-254.0,-200.0,-118.0,121.0,-492.0
122.0,804.0,-195.0,121.0,,-847.0,-313.0,-203.0,-28.0,-464.0
127.0,688.0,-269.0,201.0,,-813.0,-371.0,-467.0,-900.0,-400.0
105.0,-159.0,-317.0,235.0,,-366.0,-383.0,-596.0,-685.0,-299.0
108.0,-125.0,-203.0,263.0,,-844.0,-319.0,-803.0,-236.0,-183.0
97.0,-118.0,-189.0,176.0,,-55.0,-171.0,-848.0,92.0,-63.0
36.0,-396.0,-70.0,139.0,,-1893.0,-23.0,-759.0,705.0,-2.0
43.0,-299.0,20.0,44.0,,-831.0,76.0,-733.0,603.0,27.0
55.0,-115.0,-1.0,-150.0,,-897.0,161.0,-448.0,825.0,90.0
65.0,490.0,48.0,-356.0,,-1219.0,249.0,-338.0,1024.0,130.0
94.0,249.0,68.0,-582.0,,-424.0,330.0,-254.0,918.0,29.0
144.0,-187.0,-37.0,-575.0,,-914.0,356.0,-291.0,561.0,-117.0
161.0,-21.0,-134.0,-372.0,,407.0,306.0,-426.0,382.0,-94.0
198.0,-227.0,-85.0,-92.0,,-929.0,205.0,-415.0,12.0,-52.0
224.0,-384.0,-139.0,294.0,,-630.0,89.0,-497.0,-6.0,-48.0
213.0,-705.0,-166.0,489.0,,-573.0,-73.0,-493.0,611.0,61.0
272.0,-838.0,-177.0,476.0,,-231.0,-254.0,-609.0,159.0,176.0
282.0,-1078.0,-227.0,429.0,,674.0,-348.0,-628.0,90.0,185.0
287.0,-948.0,-253.0,293.0,,-1058.0,-386.0,-532.0,-62.0,284.0
310.0,-282.0,-284.0,327.0,,-581.0,-377.0,-493.0,-608.0,464.0
329.0,-62.0,-240.0,449.0,,-1179.0,-326.0,-221.0,-341.0,449.0
320.0,221.0,-225.0,457.0,,275.0,-243.0,42.0,-273.0,288.0
266.0,1233.0,-204.0,460.0,,330.0,-168.0,389.0,-293.0,154.0
239.0,2705.0,-130.0,266.0,,-1151.0,-85.0,582.0,374.0,88.0
209.0,2773.0,-100.0,118.0,,-669.0,82.0,683.0,1301.0,-69.0
187.0,2793.0,-76.0,-27.0,,-893.0,186.0,805.0,1755.0,-192.0
180.0,2901.0,7.0,-352.0,,813.0,218.0,613.0,2179.0,-200.0
181.0,2223.0,27.0,-543.0,,-730.0,242.0,415.0,1454.0,-195.0
185.0,1631.0,63.0,-747.0,,-1175.0,203.0,127.0,263.0,-71.0
179.0,696.0,73.0,-937.0,,-707.0,160.0,51.0,-198.0,150.0
192.0,-219.0,33.0,-833.0,,-738.0,127.0,18.0,-831.0,364.0
202.0,-1216.0,80.0,-586.0,,490.0,81.0,-162.0,-914.0,522.0
188.0,-976.0,120.0,-415.0,,-802.0,95.0,-234.0,-1025.0,738.0
205.0,-803.0,97.0,-170.0,,-78.0,172.0,-450.0,-496.0,860.0
203.0,-1110.0,63.0,62.0,,-598.0,206.0,-465.0,548.0,887.0
212.0,-662.0,14.0,85.0,,-65.0,186.0,-583.0,832.0,1007.0
284.0,-867.0,-26.0,77.0,,186.0,133.0,-630.0,753.0,1083.0
348.0,-805.0,-52.0,80.0,,-934.0,113.0,-428.0,-193.0,981.0
401.0,-1010.0,-163.0,178.0,,27.0,169.0,-343.0,-1033.0,834.0
443.0,-1251.0,-175.0,222.0,,-930.0,158.0,-131.0,-1457.0,860.0
433.0,-1232.0,-199.0,181.0,,32.0,127.0,-218.0,-1320.0,850.0
373.0,-1303.0,-261.0,190.0,,-807.0,112.0,-297.0,-822.0,851.0
363.0,-1115.0,-252.0,118.0,,-891.0,-26.0,-277.0,-727.0,879.0
359.0,-1332.0,-294.0,76.0,,-102.0,-163.0,-258.0,-316.0,732.0
361.0,-1457.0,-268.0,-37.0,,-365.0,-215.0,-145.0,352.0,615.0
396.0,-1315.0,-272.0,-189.0,,1122.0,-190.0,-212.0,1200.0,631.0
419.0,-816.0,-276.0,-214.0,,-300.0,-129.0,-147.0,1175.0,715.0
416.0,-685.0,-196.0,-87.0,,148.0,-69.0,-181.0,835.0,658.0
422.0,119.0,-166.0,13.0,,-260.0,-5.0,-105.0,764.0,536.0
487.0,826.0,-97.0,39.0,,216.0,1.0,-12.0,477.0,527.0
458.0,821.0,11.0,135.0,,1116.0,3.0,-14.0,709.0,527.0
433.0,2548.0,33.0,100.0,,-288.0,17.0,94.0,505.0,572.0
452.0,3419.0,74.0,34.0,,689.0,63.0,-116.0,143.0,587.0
433.0,2973.0,120.0,9.0,,-485.0,52.0,-188.0,-272.0,535.0
425.0,2762.0,87.0,93.0,,224.0,-82.0,-308.0,-555.0,567.0
390.0,2629.0,107.0,247.0,,118.0,-226.0,-395.0,-392.0,755.0
380.0,1902.0,125.0,128.0,,-318.0,-429.0,-321.0,-390.0,878.0
355.0,828.0,53.0,-88.0,,-54.0,-629.0,-397.0,-144.0,874.0
337.0,300.0,57.0,-96.0,,-1350.0,-724.0,-173.0,-62.0,925.0
344.0,-815.0,108.0,-48.0,,856.0,-694.0,-64.0,238.0,967.0
346.0,-1838.0,44.0,-117.0,,324.0,-557.0,-48.0,609.0,996.0
380.0,-2849.0,39.0,-168.0,,210.0,-406.0,-116.0,878.0,962.0
417.0,-3142.0,58.0,-172.0,,-292.0,-202.0,-205.0,625.0,810.0
400.0,-3010.0,26.0,-133.0,,-852.0,44.0,-138.0,-156.0,612.0
376.0,-3860.0,94.0,-17.0,,861.0,245.0,-264.0,-170.0,565.0
405.0,-3712.0,175.0,44.0,,-526.0,367.0,-205.0,-188.0,607.0
374.0,-1851.0,194.0,87.0,,-628.0,342.0,-247.0,-226.0,498.0
364.0,-855.0,230.0,96.0,,-1320.0,242.0,-177.0,-127.0,417.0
440.0,-557.0,214.0,48.0,,332.0,194.0,-73.0,-38.0,497.0
476.0,1230.0,174.0,159.0,,1062.0,115.0,-256.0,358.0,589.0
462.0,1432.0,162.0,288.0,,-429.0,37.0,-153.0,729.0,587.0
474.0,1220.0,128.0,385.0,,-292.0,9.0,-140.0,511.0,662.0
513.0,1893.0,135.0,504.0,,-1125.0,56.0,-48.0,190.0,676.0
516.0,2006.0,81.0,457.0,,1067.0,149.0,-7.0,265.0,647.0
547.0,2596.0,78.0,378.0,,184.0,152.0,-42.0,20.0,747.0
563.0,1950.0,101.0,421.0,,-526.0,179.0,16.0,-40.0,702.0
577.0,482.0,58.0,525.0,,-278.0,205.0,-173.0,-141.0,498.0
641.0,-395.0,70.0,477.0,,-325.0,216.0,-227.0,-373.0,269.0
681.0,-371.0,48.0,370.0,,1431.0,260.0,-371.0,-483.0,243.0
684.0,-1098.0,-24.0,327.0,,85.0,286.0,-388.0,-237.0,255.0
636.0,-2111.0,-104.0,278.0,,146.0,339.0,-345.0,454.0,169.0
558.0,-2024.0,-116.0,289.0,,-915.0,342.0,-391.0,443.0,196.0
420.0,-2413.0,-132.0,157.0,,169.0,267.0,-210.0,524.0,258.0
315.0,-1768.0,-140.0,38.0,,1137.0,108.0,-140.0,685.0,384.0
255.0,-766.0,-166.0,48.0,,76.0,-49.0,0.0,617.0,483.0
169.0,-606.0,-155.0,30.0,,285.0,-175.0,-114.0,600.0,626.0
130.0,327.0,-151.0,70.0,,-1793.0,-310.0,-275.0,93.0,733.0
138.0,1781.0,-196.0,100.0,,-283.0,-367.0,-293.0,-686.0,609.0
128.0,3099.0,-96.0,15.0,,226.0,-396.0,-439.0,-1064.0,563.0
89.0,4403.0,-119.0,-109.0,,1100.0,-396.0,-384.0,-1037.0,641.0
89.0,4943.0,-49.0,-54.0,,995.0,-369.0,-424.0,-659.0,696.0
73.0,5053.0,0.0,86.0,,-1222.0,-286.0,-345.0,103.0,560.0
69.0,4601.0,-72.0,222.0,,-351.0,-143.0,-229.0,261.0,442.0
61.0,2601.0,-47.0,215.0,,-1035.0,-67.0,-267.0,382.0,460.0
10.0,521.0,-140.0,-19.0,,369.0,-79.0,-264.0,187.0,357.0
-42.0,-1052.0,-171.0,-221.0,,134.0,-151.0,-343.0,-212.0,312.0
-49.0,-2353.0,-244.0,-294.0,,450.0,-191.0,-181.0,-105.0,308.0
-69.0,-4116.0,-361.0,-285.0,,717.0,-184.0,-60.0,-178.0,274.0
-153.0,-5655.0,-396.0,-256.0,,-815.0,-161.0,-33.0,-257.0,208.0
-165.0,-6203.0,-425.0,-140.0,,289.0,-190.0,0.0,-480.0,199.0
-167.0,-6434.0,-446.0,-164.0,,-644.0,-215.0,-40.0,-84.0,294.0
-152.0,-6416.0,-373.0,-220.0,,939.0,-140.0,9.0,279.0,254.0
-169.0,-5939.0,-326.0,-93.0,,828.0,-13.0,-184.0,466.0,361.0
-184.0,-4343.0,-324.0,20.0,,55.0,160.0,-280.0,877.0,551.0
-166.0,-3009.0,-275.0,122.0,,4.0,313.0,-290.0,855.0,512.0
-159.0,-935.0,-183.0,60.0,,-1284.0,440.0,-269.0,1007.0,578.0
-155.0,1815.0,-157.0,15.0,,600.0,496.0,-70.0,653.0,876.0
-189.0,3633.0,-183.0,86.0,,343.0,534.0,11.0,60.0,1053.0
-170.0,5409.0,-23.0,155.0,,785.0,579.0,262.0,-306.0,982.0
-147.0,6635.0,-141.0,219.0,,136.0,515.0,382.0,-398.0,1057.0
-141.0,7666.0,-218.0,186.0,,176.0,411.0,450.0,-211.0,1167.0
-126.0,7718.0,-33.0,171.0,,1687.0,373.0,412.0,-457.0,1141.0
-58.0,6760.0,-106.0,81.0,,807.0,386.0,136.0,-509.0,1237.0
14.0,5731.0,-53.0,3.0,,582.0,314.0,64.0,-317.0,1258.0
65.0,3862.0,111.0,113.0,,-707.0,288.0,-120.0,56.0,1094.0
118.0,1674.0,58.0,208.0,,778.0,322.0,-181.0,503.0,974.0
147.0,9.0,117.0,-26.0,,1351.0,314.0,-299.0,395.0,1136.0
163.0,-1475.0,175.0,-354.0,,511.0,247.0,-393.0,122.0,1215.0
167.0,-4018.0,22.0,-418.0,,716.0,161.0,-290.0,-248.0,1023.0
176.0,-6021.0,32.0,-515.0,,1083.0,211.0,-317.0,-610.0,1008.0
181.0,-6745.0,-13.0,-479.0,,1598.0,257.0,-127.0,-382.0,1061.0
167.0,-7721.0,-160.0,-318.0,,65.0,251.0,-48.0,-281.0,1092.0
118.0,-7634.0,-141.0,-278.0,,677.0,281.0,131.0,-589.0,1097.0
56.0,-6462.0,-183.0,-136.0,,717.0,272.0,254.0,-277.0,1090.0
-31.0,-4355.0,-224.0,103.0,,1314.0,174.0,171.0,124.0,1022.0
-87.0,-2582.0,-195.0,311.0,,1520.0,72.0,279.0,-37.0,868.0
-141.0,-1515.0,-215.0,415.0,,454.0,-6.0,173.0,144.0,991.0
-220.0,764.0,-188.0,415.0,,1029.0,-180.0,121.0,519.0,1103.0
-293.0,2587.0,-92.0,358.0,,393.0,-378.0,-92.0,393.0,936.0
-335.0,4152.0,-8.0,369.0,,906.0,-507.0,-273.0,383.0,827.0
-344.0,5225.0,43.0,360.0,,256.0,-575.0,-251.0,580.0,927.0
-344.0,4947.0,135.0,321.0,,361.0,-574.0,-264.0,536.0,922.0
-287.0,4060.0,183.0,217.0,,769.0,-522.0,-162.0,520.0,714.0
-259.0,3178.0,144.0,29.0,,841.0,-384.0,-282.0,363.0,625.0
-271.0,2401.0,130.0,51.0,,1684.0,-204.0,-166.0,-66.0,541.0
-274.0,571.0,97.0,121.0,,214.0,-37.0,-31.0,-158.0,497.0
-265.0,-1054.0,-17.0,124.0,,694.0,158.0,57.0,-269.0,560.0
-273.0,-2317.0,-107.0,150.0,,318.0,296.0,236.0,-605.0,450.0
-266.0,-3843.0,-137.0,95.0,,768.0,361.0,266.0,-284.0,254.0
-224.0,-4232.0,-181.0,-80.0,,1434.0,389.0,572.0,291.0,143.0
-199.0,-4131.0,-209.0,-231.0,,244.0,383.0,661.0,617.0,172.0
-181.0,-4546.0,-286.0,-224.0,,505.0,322.0,676.0,625.0,164.0
-177.0,-3844.0,-312.0,0.0,,-642.0,185.0,606.0,431.0,46.0
-198.0,-2698.0,-304.0,318.0,,458.0,123.0,315.0,85.0,-21.0
-222.0,-1961.0,-355.0,439.0,,822.0,108.0,120.0,-384.0,120.0
-183.0,-666.0,-366.0,490.0,,571.0,84.0,-238.0,-626.0,381.0
-133.0,852.0,-430.0,491.0,,1083.0,146.0,-297.0,-1217.0,371.0
-119.0,2311.0,-416.0,450.0,,310.0,218.0,-288.0,-1279.0,337.0
-106.0,3288.0,-428.0,353.0,,654.0,252.0,-269.0,-853.0,335.0
-74.0,3930.0,-441.0,181.0,,-519.0,257.0,-160.0,-542.0,250.0
-58.0,4043.0,-320.0,118.0,,534.0,196.0,-205.0,172.0,174.0
-98.0,4010.0,-342.0,51.0,,788.0,124.0,-9.0,652.0,54.0
-125.0,4083.0,-212.0,48.0,,275.0,90.0,44.0,1137.0,-33.0
-119.0,3844.0,-69.0,62.0,,508.0,100.0,49.0,1268.0,-171.0
-114.0,2896.0,-43.0,72.0,,-1051.0,55.0,12.0,982.0,-157.0
-123.0,1522.0,110.0,119.0,,-38.0,-118.0,-142.0,658.0,0.0
-150.0,621.0,136.0,129.0,,-16.0,-287.0,-192.0,29.0,40.0
-103.0,-386.0,218.0,166.0,,577.0,-357.0,-391.0,-450.0,65.0
-2.0,-1312.0,296.0,134.0,,272.0,-355.0,-330.0,-524.0,180.0
22.0,-2384.0,232.0,99.0,,-358.0,-378.0,-256.0,-362.0,340.0
8.0,-3254.0,230.0,99.0,,343.0,-408.0,-181.0,-106.0,400.0
60.0,-3329.0,150.0,242.0,,-125.0,-406.0,38.0,90.0,486.0
133.0,-3089.0,100.0,439.0,,1216.0,-470.0,92.0,-238.0,628.0
126.0,-2572.0,74.0,463.0,,256.0,-534.0,286.0,-439.0,676.0
106.0,-1844.0,6.0,456.0,,94.0,-544.0,334.0,-237.0,681.0
149.0,-590.0,3.0,386.0,,31.0,-530.0,352.0,-138.0,652.0
198.0,794.0,-54.0,231.0,,-326.0,-506.0,245.0,-138.0,568.0
220.0,1506.0,-63.0,193.0,,448.0,-483.0,107.0,-88.0,456.0
255.0,1665.0,-115.0,244.0,,22.0,-470.0,195.0,-402.0,416.0
276.0,1658.0,-167.0,152.0,,1335.0,-456.0,97.0,-789.0,389.0
286.0,1580.0,-163.0,19.0,,696.0,-400.0,140.0,-288.0,197.0
289.0,1580.0,-186.0,-100.0,,594.0,-339.0,134.0,-269.0,102.0
279.0,1418.0,-169.0,-186.0,,-21.0,-252.0,240.0,-219.0,220.0
250.0,891.0,-207.0,-104.0,,-383.0,-110.0,410.0,124.0,285.0
188.0,-52.0,-130.0,-23.0,,517.0,6.0,339.0,158.0,225.0
155.0,-267.0,-93.0,-34.0,,-611.0,55.0,452.0,690.0,175.0
94.0,-189.0,-96.0,-92.0,,-54.0,88.0,460.0,544.0,232.0
12.0,-1059.0,-28.0,-95.0,,-663.0,141.0,532.0,339.0,237.0
-37.0,-1588.0,11.0,-44.0,,-6.0,124.0,513.0,404.0,206.0
-71.0,-2418.0,33.0,-82.0,,35.0,60.0,389.0,289.0,189.0
-91.0,-2406.0,29.0,-183.0,,-425.0,-43.0,376.0,667.0,11.0
-109.0,-1581.0,75.0,-290.0,,-9.0,-244.0,199.0,967.0,-149.0
-139.0,-1896.0,28.0,-370.0,,-914.0,-447.0,199.0,706.0,-131.0
-166.0,-1899.0,47.0,-400.0,,773.0,-615.0,175.0,187.0,-183.0
-130.0,-1382.0,0.0,-346.0,,10.0,-684.0,269.0,115.0,-394.0
-84.0,-400.0,-96.0,-190.0,,-348.0,-657.0,441.0,219.0,-507.0
-74.0,-100.0,-61.0,-11.0,,-319.0,-582.0,423.0,55.0,-394.0
-42.0,-447.0,-135.0,203.0,,-377.0,-455.0,511.0,-343.0,-285.0
27.0,70.0,-91.0,373.0,,993.0,-319.0,469.0,-566.0,-245.0
103.0,582.0,-78.0,478.0,,-44.0,-148.0,556.0,-156.0,-184.0
169.0,676.0,-130.0,599.0,,179.0,-9.0,567.0,250.0,-99.0
207.0,1229.0,-31.0,741.0,,-1162.0,26.0,491.0,201.0,58.0
257.0,1674.0,-42.0,846.0,,-639.0,23.0,511.0,120.0,131.0
301.0,1054.0,-68.0,618.0,,776.0,4.0,406.0,1.0,93.0
296.0,1121.0,-12.0,355.0,,259.0,-96.0,400.0,-113.0,88.0
276.0,1357.0,-12.0,362.0,,388.0,-235.0,195.0,-56.0,137.0
230.0,560.0,0.0,403.0,,-1112.0,-317.0,64.0,-413.0,205.0
214.0,-109.0,58.0,273.0,,35.0,-434.0,-125.0,-464.0,236.0
200.0,-107.0,97.0,41.0,,-55.0,-589.0,-412.0,-364.0,250.0
151.0,-228.0,177.0,-17.0,,-246.0,-626.0,-386.0,-445.0,226.0
112.0,17.0,228.0,-161.0,,119.0,-534.0,-384.0,335.0,300.0
103.0,-113.0,224.0,-365.0,,-686.0,-397.0,-94.0,609.0,475.0
97.0,-1514.0,235.0,-448.0,,302.0,-217.0,114.0,443.0,456.0
32.0,-1484.0,240.0,-370.0,,-642.0,-4.0,262.0,392.0,289.0
-18.0,-1813.0,290.0,-199.0,,65.0,184.0,465.0,186.0,282.0
-24.0,-2347.0,274.0,-105.0,,283.0,358.0,400.0,362.0,362.0
-30.0,-1603.0,291.0,97.0,,491.0,506.0,495.0,12.0,280.0
-14.0,-902.0,318.0,268.0,,580.0,545.0,393.0,-239.0,115.0
15.0,-298.0,233.0,309.0,,-1252.0,539.0,262.0,-237.0,4.0
45.0,289.0,271.0,257.0,,-692.0,498.0,153.0,-172.0,-59.0
94.0,1271.0,289.0,224.0,,-1391.0,404.0,35.0,41.0,-50.0
120.0,1514.0,251.0,242.0,,-498.0,272.0,96.0,48.0,35.0
129.0,2044.0,288.0,142.0,,-164.0,86.0,-25.0,238.0,24.0
182.0,2500.0,265.0,29.0,,-654.0,-71.0,96.0,-28.0,-58.0
217.0,2171.0,258.0,28.0,,-675.0,-248.0,230.0,150.0,-28.0
251.0,946.0,285.0,-24.0,,-1368.0,-358.0,343.0,427.0,35.0
305.0,-269.0,210.0,-247.0,,183.0,-307.0,410.0,365.0,-62.0
315.0,-580.0,230.0,-346.0,,-267.0,-253.0,264.0,376.0,-223.0
285.0,-1140.0,233.0,-242.0,,-222.0,-248.0,277.0,95.0,-322.0
264.0,-555.0,141.0,-131.0,,-1065.0,-287.0,186.0,24.0,-408.0
238.0,-423.0,188.0,-125.0,,-939.0,-306.0,297.0,-251.0,-456.0
176.0,-175.0,182.0,-176.0,,1030.0,-314.0,391.0,-36.0,-541.0
140.0,184.0,165.0,-169.0,,487.0,-380.0,463.0,-39.0,-676.0
76.0,-496.0,180.0,-73.0,,634.0,-458.0,594.0,-224.0,-784.0
-16.0,-542.0,189.0,138.0,,-674.0,-564.0,415.0,100.0,-825.0
-52.0,-582.0,264.0,407.0,,-368.0,-715.0,343.0,337.0,-866.0
-75.0,-557.0,309.0,476.0,,-250.0,-860.0,114.0,698.0,-916.0
-110.0,-192.0,302.0,380.0,,-844.0,-900.0,-73.0,451.0,-929.0
-150.0,-283.0,329.0,297.0,,-459.0,-807.0,-229.0,436.0,-872.0
-192.0,-1133.0,401.0,140.0,,-1117.0,-590.0,-432.0,391.0,-688.0
-243.0,-893.0,382.0,45.0,,286.0,-300.0,-192.0,-27.0,-605.0
-294.0,-758.0,386.0,89.0,,-175.0,-60.0,68.0,-383.0,-609.0
-315.0,-291.0,369.0,230.0,,-198.0,149.0,404.0,-614.0,-506.0
-271.0,928.0,345.0,359.0,,-73.0,306.0,583.0,-632.0,-333.0
-225.0,1024.0,358.0,338.0,,-454.0,340.0,641.0,-662.0,-330.0
-253.0,1961.0,352.0,245.0,,135.0,314.0,752.0,-105.0,-496.0
-276.0,2832.0,373.0,162.0,,-645.0,289.0,641.0,176.0,-582.0
-271.0,3014.0,405.0,160.0,,292.0,209.0,676.0,304.0,-619.0
-283.0,2278.0,423.0,281.0,,-363.0,77.0,602.0,287.0,-619.0
-282.0,1614.0,396.0,501.0,,49.0,5.0,591.0,31.0,-555.0
-290.0,1356.0,393.0,496.0,,571.0,-60.0,543.0,-105.0,-486.0
-273.0,30.0,322.0,312.0,,-182.0,-113.0,303.0,-329.0,-533.0
-252.0,-634.0,325.0,281.0,,448.0,-70.0,256.0,-720.0,-523.0
-262.0,-1323.0,340.0,280.0,,-361.0,85.0,109.0,-895.0,-295.0
-235.0,-1850.0,284.0,317.0,,784.0,276.0,164.0,-294.0,-254.0
-232.0,-1932.0,271.0,421.0,,183.0,377.0,182.0,-4.0,-469.0
-232.0,-2758.0,226.0,469.0,,-550.0,459.0,134.0,736.0,-589.0
-234.0,-3713.0,228.0,482.0,,-498.0,507.0,164.0,1059.0,-552.0
-270.0,-3765.0,273.0,501.0,,-970.0,543.0,97.0,611.0,-619.0
-349.0,-2644.0,296.0,492.0,,162.0,590.0,181.0,716.0,-808.0
-410.0,-2024.0,293.0,434.0,,15.0,503.0,77.0,688.0,-841.0
-413.0,-2154.0,371.0,357.0,,985.0,332.0,86.0,619.0,-811.0
-433.0,-1881.0,386.0,201.0,,-395.0,133.0,164.0,-363.0,-746.0
-422.0,-803.0,404.0,113.0,,-770.0,-99.0,225.0,-1003.0,-574.0
-425.0,576.0,449.0,133.0,,177.0,-335.0,367.0,-791.0,-484.0
-409.0,1562.0,393.0,11.0,,-391.0,-511.0,356.0,-625.0,-516.0
-373.0,2973.0,382.0,-100.0,,534.0,-517.0,511.0,-399.0,-420.0
-347.0,4322.0,393.0,-188.0,,-421.0,-403.0,421.0,-425.0,-188.0
-309.0,4597.0,362.0,-225.0,,236.0,-236.0,271.0,-128.0,-170.0
-248.0,4769.0,338.0,-28.0,,36.0,-66.0,173.0,-158.0,-273.0
-126.0,4187.0,332.0,218.0,,177.0,66.0,88.0,77.0,-251.0
-27.0,2738.0,237.0,458.0,,815.0,199.0,145.0,430.0,-148.0
16.0,1775.0,169.0,550.0,,-421.0,319.0,-68.0,5.0,-167.0
60.0,695.0,202.0,488.0,,306.0,397.0,-51.0,-556.0,-261.0
129.0,-827.0,184.0,408.0,,-800.0,309.0,-11.0,-981.0,-270.0
120.0,-1816.0,142.0,301.0,,-484.0,154.0,59.0,-724.0,-278.0
61.0,-2021.0,261.0,242.0,,-415.0,77.0,279.0,-480.0,-236.0
47.0,-1888.0,266.0,72.0,,-8.0,-42.0,362.0,-354.0,-198.0
85.0,-1344.0,308.0,-157.0,,1202.0,-168.0,596.0,-377.0,-245.0
92.0,-925.0,407.0,-285.0,,-198.0,-253.0,594.0,-328.0,-368.0
15.0,-783.0,386.0,-313.0,,39.0,-259.0,532.0,63.0,-452.0
-93.0,-740.0,523.0,-220.0,,-532.0,-163.0,395.0,-92.0,-385.0
-195.0,-648.0,555.0,-149.0,,544.0,-40.0,190.0,-242.0,-334.0
-248.0,-149.0,600.0,-172.0,,715.0,73.0,81.0,-303.0,-406.0
-301.0,-66.0,592.0,-247.0,,-29.0,182.0,-144.0,-19.0,-430.0
-314.0,-249.0,672.0,-197.0,,479.0,363.0,-68.0,399.0,-245.0
-299.0,-521.0,768.0,-1.0,,-330.0,615.0,-25.0,350.0,-130.0
-255.0,-680.0,762.0,17.0,,879.0,781.0,97.0,77.0,-212.0
-254.0,-441.0,897.0,-80.0,,133.0,804.0,380.0,-351.0,-237.0
-268.0,-559.0,886.0,27.0,,-122.0,754.0,524.0,-319.0,-148.0
-209.0,-630.0,931.0,283.0,,-661.0,580.0,705.0,-114.0,-121.0
-170.0,-874.0,908.0,487.0,,-1035.0,331.0,598.0,-112.0,-147.0
-146.0,-1339.0,789.0,631.0,,826.0,141.0,569.0,-493.0,-180.0
-172.0,-1116.0,685.0,754.0,,73.0,21.0,487.0,-741.0,-362.0
-190.0,-949.0,549.0,758.0,,659.0,-77.0,323.0,-928.0,-516.0
-211.0,-1143.0,466.0,705.0,,131.0,-118.0,275.0,-1147.0,-555.0
-241.0,-1156.0,354.0,643.0,,150.0,-47.0,20.0,-657.0,-608.0
-269.0,-440.0,226.0,548.0,,463.0,96.0,-40.0,-687.0,-711.0
-266.0,501.0,163.0,404.0,,70.0,323.0,-121.0,-672.0,-748.0
-265.0,1121.0,54.0,94.0,,1088.0,545.0,-48.0,-216.0,-574.0
-321.0,2319.0,-4.0,-184.0,,-107.0,706.0,164.0,160.0,-487.0
-337.0,2866.0,58.0,-308.0,,672.0,774.0,295.0,450.0,-546.0
-351.0,2438.0,-1.0,-349.0,,251.0,705.0,565.0,51.0,-434.0
-344.0,1861.0,11.0,-363.0,,-109.0,525.0,615.0,-336.0,-258.0
-361.0,1409.0,126.0,-359.0,,147.0,346.0,635.0,-439.0,-173.0
-346.0,1563.0,134.0,-321.0,,-469.0,280.0,476.0,-111.0,-22.0
-311.0,1000.0,208.0,-311.0,,767.0,227.0,321.0,196.0,109.0
-362.0,493.0,311.0,-189.0,,-507.0,88.0,284.0,335.0,32.0
-401.0,889.0,312.0,-22.0,,-114.0,-34.0,114.0,313.0,-36.0
-377.0,1058.0,436.0,-23.0,,-227.0,7.0,35.0,152.0,-89.0
-324.0,677.0,408.0,-104.0,,45.0,88.0,-258.0,237.0,-367.0
-308.0,389.0,437.0,-184.0,,1491.0,162.0,-373.0,-25.0,-770.0
-288.0,461.0,483.0,-196.0,,818.0,310.0,-406.0,-31.0,-1093.0
-240.0,98.0,461.0,-124.0,,1084.0,473.0,-478.0,-389.0,-1297.0
-177.0,40.0,597.0,-179.0,,-332.0,676.0,-317.0,-506.0,-1537.0
-144.0,-258.0,494.0,-294.0,,599.0,871.0,-153.0,280.0,-1781.0
-123.0,-983.0,544.0,-276.0,,934.0,942.0,304.0,307.0,-1798.0
-80.0,-1535.0,464.0,-199.0,,503.0,881.0,554.0,-112.0,-1717.0
-8.0,-1691.0,340.0,-65.0,,930.0,782.0,667.0,-210.0,-1534.0
28.0,-791.0,330.0,-16.0,,-191.0,730.0,702.0,102.0,-1175.0
4.0,-679.0,193.0,-4.0,,1154.0,609.0,489.0,228.0,-855.0
-26.0,-617.0,146.0,-38.0,,783.0,415.0,480.0,333.0,-493.0
-44.0,379.0,-25.0,-280.0,,879.0,253.0,234.0,121.0,-66.0
-42.0,1795.0,-56.0,-359.0,,343.0,109.0,72.0,-61.0,271.0
-98.0,2285.0,-62.0,-364.0,,-376.0,34.0,-73.0,310.0,434.0
-146.0,1313.0,-69.0,-401.0,,824.0,21.0,-192.0,544.0,452.0
-175.0,1417.0,31.0,-251.0,,58.0,32.0,-72.0,631.0,434.0
-160.0,1459.0,50.0,-154.0,,767.0,90.0,-77.0,2.0,333.0
-144.0,1185.0,99.0,-50.0,,872.0,168.0,112.0,-13.0,130.0
-150.0,618.0,126.0,-17.0,,1503.0,243.0,77.0,324.0,-215.0
-116.0,-23.0,138.0,-114.0,,1152.0,283.0,7.0,198.0,-520.0
-76.0,75.0,151.0,-78.0,,338.0,299.0,11.0,2.0,-642.0
-43.0,53.0,174.0,-41.0,,916.0,323.0,-25.0,-501.0,-779.0
-109.0,285.0,166.0,-54.0,,166.0,361.0,129.0,-458.0,-927.0
-177.0,-320.0,191.0,-35.0,,1477.0,333.0,136.0,-438.0,-1045.0
-225.0,-996.0,303.0,50.0,,832.0,197.0,267.0,-41.0,-1069.0
-270.0,-1129.0,302.0,143.0,,719.0,41.0,245.0,198.0,-926.0
-336.0,-1001.0,275.0,224.0,,930.0,-110.0,210.0,-251.0,-711.0
-384.0,-664.0,291.0,298.0,,30.0,-196.0,97.0,-471.0,-502.0
-374.0,-400.0,223.0,342.0,,797.0,-195.0,-251.0,-588.0,-312.0
-401.0,-11.0,171.0,380.0,,-35.0,-140.0,-304.0,-74.0,-68.0
-373.0,-52.0,159.0,347.0,,535.0,-23.0,-400.0,-60.0,241.0
-340.0,-183.0,137.0,228.0,,-54.0,113.0,-271.0,-553.0,447.0
-322.0,-438.0,180.0,51.0,,272.0,215.0,-140.0,-392.0,460.0
-291.0,-719.0,140.0,-101.0,,609.0,177.0,-70.0,-17.0,396.0
-225.0,-849.0,194.0,-171.0,,-491.0,107.0,86.0,-141.0,285.0
-156.0,-705.0,213.0,-228.0,,724.0,142.0,-3.0,-416.0,89.0
-123.0,-850.0,116.0,-246.0,,-68.0,201.0,49.0,-267.0,-164.0
-113.0,-390.0,209.0,-197.0,,985.0,246.0,16.0,-515.0,-419.0
-112.0,476.0,151.0,-105.0,,922.0,235.0,110.0,-646.0,-635.0
-72.0,408.0,127.0,10.0,,476.0,208.0,271.0,-194.0,-718.0
-36.0,940.0,175.0,31.0,,1222.0,236.0,290.0,68.0,-691.0
-31.0,937.0,104.0,-84.0,,150.0,240.0,413.0,-92.0,-752.0
-53.0,338.0,116.0,-177.0,,1004.0,267.0,251.0,136.0,-812.0
-33.0,-81.0,127.0,-154.0,,345.0,372.0,64.0,807.0,-796.0
-36.0,-346.0,87.0,-180.0,,678.0,463.0,-267.0,857.0,-792.0
-62.0,-282.0,69.0,-345.0,,425.0,550.0,-622.0,674.0,-690.0
-70.0,-350.0,36.0,-535.0,,486.0,572.0,-674.0,302.0,-496.0
-120.0,263.0,47.0,-640.0,,1627.0,474.0,-637.0,-82.0,-396.0
-161.0,552.0,13.0,-633.0,,667.0,373.0,-389.0,-56.0,-243.0
-227.0,1059.0,-49.0,-484.0,,1385.0,282.0,-277.0,84.0,30.0
-326.0,1798.0,19.0,-196.0,,-38.0,188.0,-227.0,461.0,146.0
-403.0,1971.0,-48.0,-21.0,,367.0,110.0,-253.0,213.0,172.0
-416.0,2323.0,-96.0,-61.0,,692.0,-54.0,-325.0,-375.0,246.0
-390.0,1954.0,-84.0,-155.0,,237.0,-230.0,-321.0,-145.0,315.0
-335.0,1486.0,-109.0,-163.0,,1562.0,-280.0,-491.0,139.0,299.0
-254.0,963.0,-76.0,-50.0,,123.0,-213.0,-489.0,-80.0,208.0
-173.0,174.0,-74.0,114.0,,613.0,-63.0,-526.0,-265.0,216.0
-106.0,-567.0,-91.0,238.0,,193.0,74.0,-574.0,-5.0,159.0
-75.0,-905.0,-105.0,159.0,,570.0,168.0,-554.0,120.0,17.0
-74.0,-1074.0,-88.0,53.0,,1049.0,223.0,-550.0,60.0,-8.0
-32.0,-1422.0,-95.0,55.0,,361.0,209.0,-332.0,232.0,-62.0
1.0,-1342.0,-51.0,-74.0,,1029.0,130.0,-184.0,261.0,-232.0
-5.0,-1659.0,-77.0,-161.0,,229.0,57.0,105.0,-52.0,-287.0
7.0,-1495.0,-94.0,-100.0,,1086.0,-12.0,267.0,2.0,-134.0
-28.0,-1692.0,-29.0,-176.0,,-494.0,-49.0,275.0,518.0,-49.0
-59.0,-2273.0,-89.0,-408.0,,-891.0,-29.0,308.0,294.0,5.0
-64.0,-2046.0,-83.0,-403.0,,-51.0,-26.0,3.0,-54.0,89.0
-92.0,-2037.0,-125.0,-76.0,,317.0,-14.0,-164.0,-148.0,77.0
-160.0,-1125.0,-195.0,102.0,,2118.0,6.0,-369.0,4.0,78.0
-198.0,-489.0,-238.0,56.0,,198.0,116.0,-463.0,368.0,134.0
-212.0,-543.0,-263.0,15.0,,85.0,221.0,-332.0,-38.0,217.0
-214.0,72.0,-240.0,-90.0,,128.0,261.0,-266.0,-251.0,235.0
-152.0,403.0,-182.0,-328.0,,875.0,359.0,-72.0,15.0,263.0
-120.0,400.0,-145.0,-500.0,,1552.0,417.0,-42.0,324.0,393.0
-91.0,745.0,-135.0,-543.0,,789.0,406.0,110.0,437.0,524.0
-107.0,1081.0,-2.0,-572.0,,1228.0,325.0,177.0,636.0,536.0
-90.0,935.0,-16.0,-600.0,,-317.0,207.0,57.0,663.0,471.0
-78.0,1090.0,28.0,-684.0,,361.0,126.0,14.0,207.0,495.0
-77.0,964.0,58.0,-778.0,,-126.0,123.0,-53.0,428.0,441.0
-16.0,130.0,62.0,-782.0,,210.0,208.0,160.0,653.0,303.0
12.0,-200.0,111.0,-655.0,,1010.0,238.0,273.0,625.0,259.0
36.0,-38.0,52.0,-413.0,,-27.0,232.0,271.0,344.0,257.0
3.0,225.0,136.0,-150.0,,810.0,330.0,232.0,246.0,185.0
7.0,425.0,112.0,228.0,,213.0,446.0,179.0,575.0,129.0
42.0,918.0,74.0,559.0,,1377.0,531.0,22.0,745.0,182.0
49.0,1503.0,114.0,580.0,,570.0,637.0,-332.0,733.0,175.0
37.0,1586.0,87.0,450.0,,-509.0,708.0,-312.0,67.0,174.0
13.0,1240.0,31.0,316.0,,-137.0,723.0,-351.0,-264.0,258.0
12.0,860.0,56.0,48.0,,-146.0,698.0,-327.0,-229.0,292.0
-2.0,650.0,42.0,-262.0,,1401.0,624.0,-236.0,-72.0,178.0
-15.0,-12.0,-7.0,-387.0,,322.0,518.0,-279.0,90.0,70.0
-30.0,-175.0,13.0,-440.0,,755.0,501.0,-62.0,-307.0,129.0
-12.0,-206.0,-39.0,-420.0,,394.0,596.0,-79.0,-635.0,144.0
30.0,-965.0,-67.0,-411.0,,-215.0,630.0,3.0,-483.0,73.0
37.0,-1165.0,-102.0,-484.0,,-16.0,532.0,171.0,-115.0,105.0
50.0,-1566.0,-150.0,-456.0,,-820.0,353.0,295.0,-86.0,255.0
127.0,-2096.0,-178.0,-277.0,,321.0,172.0,410.0,-63.0,286.0
219.0,-1714.0,-106.0,-100.0,,290.0,81.0,171.0,20.0,288.0
276.0,-1277.0,-84.0,-54.0,,1461.0,76.0,46.0,440.0,411.0
324.0,-1181.0,-60.0,13.0,,438.0,123.0,-145.0,700.0,363.0
391.0,-789.0,51.0,83.0,,-615.0,238.0,-205.0,506.0,250.0
443.0,-490.0,60.0,129.0,,170.0,388.0,-175.0,414.0,258.0
455.0,-554.0,167.0,86.0,,-467.0,492.0,-208.0,91.0,240.0
469.0,-315.0,171.0,-40.0,,712.0,528.0,-35.0,141.0,131.0
473.0,-231.0,123.0,-18.0,,-379.0,512.0,-44.0,202.0,77.0
430.0,-373.0,200.0,34.0,,-199.0,498.0,83.0,249.0,180.0
376.0,75.0,167.0,31.0,,767.0,523.0,164.0,206.0,200.0
340.0,668.0,183.0,94.0,,949.0,507.0,273.0,54.0,108.0
293.0,301.0,246.0,210.0,,1066.0,451.0,378.0,172.0,107.0
252.0,-433.0,246.0,290.0,,-487.0,428.0,229.0,15.0,157.0
219.0,-702.0,247.0,322.0,,392.0,479.0,208.0,-51.0,141.0
169.0,-678.0,227.0,222.0,,264.0,590.0,12.0,-464.0,127.0
120.0,-843.0,135.0,17.0,,366.0,658.0,22.0,-684.0,189.0
91.0,-1002.0,158.0,-157.0,,-143.0,682.0,-42.0,-409.0,168.0
96.0,-589.0,118.0,-186.0,,-225.0,748.0,-299.0,-332.0,25.0
118.0,-62.0,33.0,-34.0,,1050.0,830.0,-332.0,-71.0,-33.0
131.0,435.0,109.0,-1.0,,0.0,810.0,-423.0,29.0,-8.0
86.0,1191.0,11.0,-198.0,,511.0,750.0,-158.0,-265.0,-55.0
49.0,1582.0,92.0,-373.0,,-338.0,678.0,112.0,-286.0,-63.0
13.0,938.0,128.0,-411.0,,379.0,606.0,291.0,339.0,57.0
-39.0,320.0,49.0,-344.0,,1237.0,604.0,436.0,580.0,121.0
-47.0,-116.0,142.0,-190.0,,467.0,546.0,319.0,542.0,112.0
-92.0,-763.0,11.0,-162.0,,634.0,403.0,284.0,702.0,198.0
-95.0,-1374.0,0.0,-334.0,,-404.0,247.0,212.0,680.0,256.0
-84.0,-1577.0,7.0,-360.0,,859.0,129.0,347.0,750.0,228.0
-72.0,-1669.0,-55.0,-224.0,,427.0,107.0,463.0,293.0,199.0
-43.0,-2427.0,26.0,-229.0,,409.0,197.0,413.0,-446.0,176.0
-33.0,-2160.0,31.0,-171.0,,202.0,305.0,330.0,-458.0,154.0
34.0,-1445.0,79.0,13.0,,-721.0,435.0,116.0,93.0,63.0
115.0,-1052.0,127.0,64.0,,530.0,613.0,114.0,578.0,73.0
234.0,-564.0,133.0,-8.0,,-747.0,656.0,48.0,653.0,167.0
324.0,-281.0,121.0,-190.0,,-119.0,556.0,79.0,568.0,175.0
370.0,325.0,77.0,-165.0,,-326.0,426.0,86.0,288.0,226.0
393.0,493.0,133.0,29.0,,-540.0,331.0,42.0,330.0,359.0
412.0,1149.0,165.0,19.0,,123.0,288.0,291.0,601.0,471.0
431.0,1482.0,160.0,-44.0,,-439.0,151.0,395.0,424.0,492.0
417.0,1407.0,111.0,-62.0,,225.0,-99.0,639.0,165.0,533.0
421.0,2345.0,84.0,-24.0,,-1035.0,-331.0,735.0,8.0,619.0
421.0,2138.0,20.0,86.0,,-69.0,-461.0,705.0,-45.0,590.0
437.0,1495.0,-9.0,200.0,,-576.0,-439.0,676.0,-285.0,541.0
426.0,1009.0,61.0,252.0,,-765.0,-320.0,367.0,-571.0,602.0
429.0,444.0,-12.0,242.0,,607.0,-214.0,219.0,-833.0,579.0
452.0,-344.0,47.0,197.0,,-1352.0,-115.0,-24.0,-1049.0,407.0
448.0,-1516.0,136.0,186.0,,-531.0,30.0,-121.0,-822.0,260.0
417.0,-1929.0,159.0,249.0,,-987.0,210.0,-306.0,-571.0,183.0
326.0,-2313.0,259.0,172.0,,-135.0,348.0,-628.0,-327.0,45.0
255.0,-2158.0,362.0,-52.0,,218.0,393.0,-691.0,-243.0,-108.0
254.0,-1672.0,453.0,-76.0,,-1600.0,413.0,-752.0,-208.0,-141.0
243.0,-1296.0,528.0,23.0,,-753.0,499.0,-485.0,367.0,-197.0
183.0,-101.0,611.0,38.0,,-1334.0,545.0,-271.0,1072.0,-314.0
129.0,1223.0,665.0,58.0,,-252.0,490.0,-60.0,1190.0,-385.0
94.0,2192.0,679.0,-88.0,,-761.0,480.0,96.0,766.0,-452.0
117.0,2840.0,699.0,-277.0,,-726.0,487.0,7.0,459.0,-560.0
117.0,3244.0,700.0,-217.0,,-715.0,515.0,55.0,118.0,-613.0
128.0,3363.0,643.0,-13.0,,-1535.0,605.0,-48.0,-236.0,-561.0
148.0,3042.0,627.0,172.0,,223.0,643.0,-11.0,-411.0,-417.0
174.0,2464.0,534.0,336.0,,-682.0,620.0,-3.0,-384.0,-215.0
210.0,1418.0,463.0,500.0,,237.0,576.0,-33.0,-99.0,10.0
161.0,491.0,394.0,572.0,,-398.0,532.0,59.0,298.0,313.0
118.0,-138.0,231.0,612.0,,-364.0,433.0,-42.0,479.0,594.0
117.0,-1314.0,132.0,586.0,,-162.0,314.0,-24.0,-169.0,788.0
153.0,-2343.0,-23.0,425.0,,-2017.0,224.0,-127.0,-737.0,972.0
152.0,-3024.0,-122.0,331.0,,-154.0,91.0,-184.0,-583.0,1027.0
178.0,-3435.0,-182.0,305.0,,-642.0,-40.0,-260.0,-130.0,863.0
244.0,-3643.0,-286.0,199.0,,-344.0,-230.0,-419.0,-21.0,638.0
299.0,-3435.0,-273.0,83.0,,-813.0,-498.0,-286.0,-114.0,416.0
336.0,-3149.0,-321.0,-17.0,,-2002.0,-628.0,-216.0,-110.0,111.0
368.0,-2788.0,-290.0,-42.0,,-1540.0,-585.0,-46.0,-400.0,-244.0
403.0,-1788.0,-245.0,-32.0,,-725.0,-565.0,-27.0,-50.0,-486.0
399.0,-1008.0,-308.0,-32.0,,435.0,-603.0,-107.0,264.0,-613.0
410.0,224.0,-203.0,-27.0,,-1512.0,-592.0,-142.0,90.0,-749.0
361.0,1288.0,-189.0,-97.0,,-1229.0,-442.0,-136.0,-123.0,-807.0
348.0,1917.0,-149.0,-119.0,,-468.0,-193.0,205.0,-170.0,-749.0
331.0,2419.0,-49.0,-99.0,,-127.0,21.0,447.0,316.0,-638.0
293.0,2411.0,-33.0,-30.0,,-271.0,173.0,715.0,363.0,-465.0
275.0,2156.0,29.0,0.0,,-2206.0,228.0,652.0,-121.0,-255.0
187.0,1589.0,106.0,-81.0,,-1663.0,242.0,341.0,-980.0,-52.0
127.0,1680.0,145.0,-23.0,,-1125.0,277.0,142.0,-1193.0,96.0
97.0,1401.0,177.0,146.0,,-595.0,224.0,-266.0,-660.0,234.0
116.0,740.0,242.0,197.0,,-209.0,65.0,-417.0,-403.0,430.0
126.0,453.0,203.0,216.0,,-577.0,-59.0,-421.0,-17.0,567.0
110.0,-330.0,205.0,381.0,,-782.0,-85.0,-230.0,406.0,589.0
119.0,-678.0,140.0,429.0,,-1463.0,-104.0,9.0,887.0,564.0
116.0,-1150.0,51.0,282.0,,-992.0,-105.0,66.0,1072.0,561.0
123.0,-1801.0,-4.0,179.0,,-1160.0,-15.0,144.0,928.0,516.0
112.0,-1516.0,-113.0,152.0,,-898.0,70.0,-57.0,526.0,376.0
76.0,-1568.0,-168.0,131.0,,5.0,131.0,-175.0,-51.0,277.0
65.0,-1498.0,-207.0,85.0,,-159.0,184.0,-327.0,-68.0,166.0
59.0,-911.0,-160.0,20.0,,189.0,155.0,-413.0,153.0,7.0
19.0,-849.0,-119.0,-31.0,,-574.0,97.0,-251.0,351.0,-64.0
-44.0,-690.0,-33.0,96.0,,-712.0,-9.0,-195.0,370.0,-22.0
-126.0,-135.0,64.0,169.0,,-1398.0,-124.0,144.0,264.0,-37.0
-129.0,716.0,136.0,-145.0,,-1204.0,-232.0,271.0,212.0,-118.0
-121.0,1409.0,163.0,-528.0,,47.0,-469.0,195.0,135.0,-78.0
-149.0,1803.0,204.0,-727.0,,-543.0,-635.0,101.0,147.0,-50.0
-124.0,2293.0,319.0,-702.0,,-546.0,-665.0,-66.0,-84.0,-112.0
-94.0,2396.0,355.0,-538.0,,-793.0,-643.0,-5.0,-534.0,-137.0
-84.0,2233.0,395.0,-395.0,,179.0,-532.0,-155.0,-477.0,-175.0
-88.0,1680.0,406.0,-224.0,,-359.0,-445.0,-177.0,10.0,-331.0
-84.0,845.0,412.0,-138.0,,-1608.0,-333.0,-214.0,296.0,-521.0
-96.0,315.0,368.0,-155.0,,-801.0,-247.0,-234.0,229.0,-591.0
-100.0,-348.0,286.0,-193.0,,226.0,-277.0,-46.0,-155.0,-637.0
-75.0,-704.0,283.0,-338.0,,1133.0,-338.0,-5.0,-181.0,-732.0
-72.0,-806.0,215.0,-442.0,,220.0,-464.0,160.0,9.0,-684.0
-43.0,-1117.0,134.0,-285.0,,-1498.0,-522.0,188.0,-134.0,-540.0
7.0,-1121.0,161.0,-110.0,,-2091.0,-490.0,230.0,-57.0,-490.0
29.0,-1109.0,75.0,-211.0,,-451.0,-511.0,186.0,-68.0,-441.0
70.0,-1069.0,22.0,-382.0,,1021.0,-528.0,59.0,-252.0,-368.0
137.0,-464.0,121.0,-436.0,,-25.0,-537.0,40.0,-182.0,-377.0
170.0,329.0,97.0,-456.0,,-1545.0,-535.0,-29.0,-41.0,-463.0
204.0,768.0,73.0,-424.0,,-1135.0,-492.0,149.0,50.0,-536.0
267.0,1105.0,130.0,-279.0,,300.0,-455.0,151.0,-255.0,-572.0
282.0,1137.0,138.0,-242.0,,730.0,-392.0,181.0,-861.0,-677.0
265.0,567.0,166.0,-301.0,,-603.0,-299.0,190.0,-1030.0,-761.0
282.0,530.0,167.0,-323.0,,-1338.0,-230.0,24.0,-798.0,-707.0
281.0,1258.0,166.0,-324.0,,-613.0,-183.0,49.0,-528.0,-592.0
266.0,1516.0,203.0,-247.0,,-33.0,-161.0,-62.0,-191.0,-456.0
280.0,1708.0,175.0,-183.0,,152.0,-221.0,24.0,359.0,-282.0
328.0,1996.0,133.0,-129.0,,-859.0,-317.0,88.0,767.0,-98.0
379.0,1545.0,52.0,-95.0,,-1178.0,-450.0,123.0,660.0,66.0
420.0,1239.0,-22.0,-75.0,,87.0,-695.0,230.0,336.0,246.0
431.0,1274.0,-102.0,-68.0,,377.0,-959.0,140.0,-77.0,486.0
363.0,1042.0,-175.0,-72.0,,-244.0,-1171.0,242.0,-272.0,759.0
313.0,431.0,-282.0,126.0,,-770.0,-1257.0,75.0,11.0,949.0
283.0,-229.0,-392.0,359.0,,-648.0,-1192.0,-60.0,426.0,1011.0
215.0,-376.0,-414.0,408.0,,797.0,-1066.0,-33.0,452.0,1105.0
146.0,-755.0,-514.0,375.0,,181.0,-886.0,16.0,195.0,1152.0
133.0,-1271.0,-502.0,363.0,,-486.0,-648.0,297.0,126.0,976.0
131.0,-1076.0,-389.0,319.0,,-939.0,-411.0,256.0,30.0,743.0
66.0,-771.0,-385.0,197.0,,-1773.0,-241.0,232.0,-120.0,493.0
24.0,-776.0,-314.0,249.0,,-610.0,-135.0,166.0,-153.0,150.0
34.0,-620.0,-255.0,409.0,,-237.0,-41.0,127.0,-257.0,-219.0
49.0,-357.0,-252.0,419.0,,-298.0,44.0,218.0,-86.0,-510.0
66.0,-412.0,-192.0,280.0,,-1744.0,78.0,271.0,324.0,-677.0
82.0,-140.0,-196.0,127.0,,-1270.0,27.0,572.0,141.0,-732.0
99.0,485.0,-115.0,58.0,,-346.0,-171.0,545.0,-162.0,-610.0
152.0,1119.0,-107.0,-14.0,,-680.0,-401.0,524.0,-476.0,-452.0
190.0,1357.0,-105.0,-38.0,,-229.0,-536.0,437.0,-605.0,-341.0
203.0,1266.0,-36.0,-69.0,,-880.0,-647.0,251.0,-194.0,-163.0
228.0,1650.0,-96.0,-129.0,,103.0,-715.0,382.0,-185.0,61.0
247.0,1183.0,-67.0,-44.0,,-251.0,-787.0,315.0,-191.0,274.0
226.0,504.0,-122.0,8.0,,-668.0,-799.0,328.0,-81.0,441.0
173.0,313.0,-168.0,-51.0,,-505.0,-638.0,125.0,220.0,597.0
188.0,-333.0,-205.0,-86.0,,-962.0,-514.0,-197.0,561.0,748.0
227.0,-787.0,-268.0,-164.0,,-377.0,-483.0,-356.0,410.0,892.0
251.0,-1289.0,-289.0,-237.0,,-474.0,-496.0,-428.0,201.0,971.0
244.0,-1838.0,-305.0,-235.0,,438.0,-565.0,-186.0,84.0,933.0
181.0,-1825.0,-304.0,-260.0,,-265.0,-687.0,-66.0,118.0,860.0
126.0,-1484.0,-295.0,-370.0,,-1180.0,-936.0,116.0,-67.0,708.0
88.0,-1263.0,-216.0,-404.0,,-423.0,-1170.0,175.0,-217.0,542.0
48.0,-964.0,-244.0,-390.0,,-305.0,-1249.0,123.0,-528.0,450.0
5.0,-468.0,-184.0,-399.0,,427.0,-1257.0,229.0,-808.0,328.0
15.0,266.0,-166.0,-326.0,,-300.0,-1188.0,291.0,-508.0,152.0
55.0,791.0,-179.0,-276.0,,-899.0,-1084.0,513.0,-390.0,24.0
64.0,880.0,-107.0,-280.0,,-940.0,-949.0,561.0,-447.0,78.0
72.0,1128.0,-111.0,-250.0,,-893.0,-685.0,594.0,-774.0,101.0
132.0,1405.0,-79.0,-154.0,,-61.0,-377.0,550.0,-1114.0,44.0
232.0,1532.0,-144.0,-65.0,,-648.0,-162.0,434.0,-1045.0,141.0
278.0,1227.0,-148.0,78.0,,-338.0,-102.0,378.0,-595.0,232.0
310.0,570.0,-146.0,195.0,,-240.0,-116.0,9.0,-20.0,225.0
375.0,-14.0,-220.0,145.0,,-469.0,-151.0,-214.0,250.0,236.0
417.0,-163.0,-239.0,114.0,,-560.0,-283.0,-528.0,326.0,411.0
451.0,-348.0,-290.0,171.0,,-751.0,-422.0,-715.0,171.0,543.0
458.0,-423.0,-341.0,311.0,,363.0,-555.0,-624.0,14.0,515.0
432.0,-106.0,-302.0,432.0,,-202.0,-699.0,-661.0,-219.0,591.0
359.0,-136.0,-318.0,420.0,,-878.0,-773.0,-458.0,-419.0,715.0
262.0,111.0,-394.0,271.0,,-1161.0,-790.0,-388.0,-224.0,773.0
164.0,259.0,-363.0,11.0,,-944.0,-765.0,-240.0,199.0,767.0
63.0,-111.0,-391.0,-185.0,,105.0,-693.0,-1.0,625.0,837.0
-28.0,-300.0,-408.0,-237.0,,-6.0,-620.0,291.0,665.0,875.0
-157.0,61.0,-466.0,-183.0,,193.0,-542.0,739.0,804.0,854.0
-237.0,425.0,-521.0,-179.0,,-338.0,-450.0,800.0,966.0,902.0
-252.0,415.0,-469.0,-256.0,,-467.0,-423.0,838.0,653.0,857.0
-274.0,-84.0,-448.0,-113.0,,38.0,-462.0,748.0,152.0,765.0
-266.0,-912.0,-442.0,169.0,,-230.0,-540.0,655.0,-125.0,628.0
-195.0,-1064.0,-352.0,359.0,,105.0,-624.0,563.0,32.0,486.0
-134.0,-1692.0,-350.0,350.0,,-427.0,-745.0,339.0,-19.0,379.0
-77.0,-1717.0,-395.0,224.0,,-215.0,-861.0,251.0,217.0,305.0
-25.0,-1133.0,-291.0,189.0,,356.0,-855.0,48.0,720.0,266.0
-18.0,-1176.0,-404.0,146.0,,-265.0,-793.0,171.0,624.0,164.0
1.0,-585.0,-530.0,211.0,,370.0,-708.0,314.0,481.0,97.0
27.0,32.0,-533.0,337.0,,133.0,-587.0,338.0,87.0,12.0
65.0,411.0,-606.0,420.0,,-305.0,-457.0,389.0,-349.0,-119.0
63.0,115.0,-707.0,595.0,,256.0,-346.0,138.0,-562.0,-236.0
44.0,365.0,-693.0,703.0,,-54.0,-204.0,-36.0,-998.0,-329.0
60.0,1202.0,-738.0,587.0,,112.0,-103.0,-291.0,-1166.0,-366.0
65.0,1502.0,-813.0,366.0,,12.0,-144.0,-399.0,-1205.0,-371.0
28.0,1718.0,-734.0,193.0,,-73.0,-222.0,-389.0,-1058.0,-297.0
-13.0,1190.0,-810.0,61.0,,535.0,-224.0,-382.0,-402.0,-226.0
-21.0,422.0,-754.0,17.0,,29.0,-242.0,-145.0,-114.0,-228.0
-55.0,-64.0,-691.0,86.0,,104.0,-398.0,-7.0,-193.0,-242.0
-94.0,-253.0,-767.0,350.0,,303.0,-581.0,351.0,62.0,-287.0
-127.0,-717.0,-688.0,733.0,,-321.0,-743.0,497.0,420.0,-377.0
-124.0,-1002.0,-667.0,934.0,,64.0,-889.0,484.0,710.0,-458.0
-108.0,-872.0,-709.0,910.0,,180.0,-985.0,655.0,947.0,-428.0
-91.0,-965.0,-604.0,710.0,,233.0,-954.0,576.0,740.0,-365.0
-31.0,-786.0,-600.0,433.0,,63.0,-765.0,546.0,293.0,-302.0
2.0,-764.0,-572.0,9.0,,-372.0,-519.0,314.0,46.0,-190.0
31.0,-250.0,-414.0,-409.0,,447.0,-283.0,92.0,-153.0,-161.0
51.0,564.0,-437.0,-470.0,,639.0,-137.0,-70.0,-141.0,-110.0
55.0,780.0,-399.0,-470.0,,227.0,-117.0,-260.0,113.0,25.0
58.0,913.0,-337.0,-534.0,,90.0,-114.0,-354.0,311.0,77.0
92.0,346.0,-336.0,-440.0,,210.0,-85.0,-681.0,481.0,33.0
111.0,-115.0,-359.0,-348.0,,496.0,-102.0,-691.0,490.0,-66.0
77.0,91.0,-391.0,-334.0,,6.0,-76.0,-580.0,430.0,-137.0
79.0,29.0,-407.0,-235.0,,-68.0,-46.0,-321.0,189.0,-155.0
50.0,-269.0,-420.0,-30.0,,745.0,-97.0,-18.0,-242.0,-140.0
4.0,-364.0,-446.0,259.0,,767.0,-130.0,-84.0,-344.0,-127.0
-19.0,-209.0,-458.0,421.0,,583.0,-87.0,-166.0,-390.0,-164.0
0.0,-697.0,-409.0,563.0,,667.0,80.0,-436.0,-601.0,-122.0
27.0,-1245.0,-417.0,824.0,,399.0,225.0,-532.0,-826.0,14.0
35.0,-1024.0,-343.0,899.0,,872.0,327.0,-582.0,-647.0,88.0
59.0,-229.0,-262.0,870.0,,1144.0,462.0,-493.0,-174.0,4.0
21.0,215.0,-271.0,742.0,,1042.0,509.0,-258.0,-100.0,-95.0
-2.0,-62.0,-210.0,571.0,,991.0,455.0,-334.0,-104.0,-95.0
-47.0,205.0,-161.0,545.0,,480.0,349.0,-258.0,-160.0,-112.0
-106.0,627.0,-212.0,561.0,,830.0,243.0,-312.0,-227.0,-142.0
-146.0,364.0,-174.0,530.0,,667.0,132.0,-256.0,22.0,-187.0
-186.0,232.0,-217.0,438.0,,659.0,-7.0,-103.0,227.0,-203.0
-231.0,1123.0,-259.0,256.0,,1396.0,-150.0,-84.0,138.0,-205.0
-298.0,1926.0,-248.0,-9.0,,967.0,-321.0,25.0,-107.0,-203.0
-310.0,1843.0,-360.0,-145.0,,1110.0,-361.0,-51.0,-331.0,-101.0
-332.0,1782.0,-347.0,-186.0,,1106.0,-259.0,-68.0,-570.0,-26.0
-380.0,1495.0,-386.0,-158.0,,840.0,-203.0,-188.0,-582.0,119.0
-417.0,686.0,-464.0,-86.0,,1281.0,-113.0,-162.0,-183.0,360.0
-420.0,145.0,-482.0,-118.0,,1054.0,35.0,-36.0,491.0,580.0
-404.0,-385.0,-545.0,-84.0,,989.0,218.0,-116.0,877.0,756.0
-387.0,-1222.0,-585.0,67.0,,868.0,430.0,-42.0,658.0,865.0
-361.0,-1900.0,-568.0,259.0,,623.0,553.0,-162.0,443.0,985.0
-321.0,-2547.0,-574.0,442.0,,1096.0,611.0,-208.0,99.0,1034.0
-299.0,-2755.0,-545.0,628.0,,1112.0,666.0,-243.0,-144.0,1030.0
-310.0,-2443.0,-518.0,781.0,,841.0,636.0,-389.0,-74.0,1031.0
-296.0,-2259.0,-518.0,819.0,,913.0,475.0,-500.0,96.0,971.0
-231.0,-1643.0,-414.0,743.0,,881.0,235.0,-729.0,243.0,842.0
-156.0,-426.0,-376.0,549.0,,1118.0,15.0,-726.0,-41.0,632.0
-166.0,54.0,-302.0,312.0,,1049.0,-98.0,-731.0,-290.0,405.0
-168.0,57.0,-248.0,32.0,,868.0,-119.0,-524.0,-440.0,87.0
-156.0,43.0,-235.0,-214.0,,1508.0,-105.0,-182.0,-196.0,-292.0
-165.0,27.0,-188.0,-388.0,,1456.0,-42.0,24.0,39.0,-546.0
-177.0,193.0,-179.0,-595.0,,1281.0,110.0,260.0,-184.0,-684.0
-164.0,597.0,-193.0,-728.0,,1511.0,334.0,171.0,-227.0,-805.0
-138.0,1496.0,-238.0,-735.0,,1363.0,507.0,234.0,-663.0,-947.0
-127.0,1611.0,-190.0,-718.0,,1799.0,501.0,323.0,-1008.0,-940.0
-141.0,1159.0,-219.0,-608.0,,1696.0,461.0,253.0,-770.0,-821.0
-227.0,561.0,-203.0,-236.0,,1168.0,502.0,107.0,-491.0,-734.0
-263.0,320.0,-142.0,218.0,,1389.0,459.0,-382.0,-338.0,-566.0
-301.0,-124.0,-178.0,599.0,,1256.0,303.0,-838.0,-238.0,-342.0
-349.0,-972.0,-136.0,1020.0,,1160.0,134.0,-1339.0,229.0,-168.0
-394.0,-1087.0,-158.0,1290.0,,1043.0,10.0,-1568.0,890.0,-38.0
-433.0,-823.0,-166.0,1311.0,,759.0,-29.0,-1550.0,1029.0,36.0
-434.0,168.0,-184.0,1243.0,,1099.0,4.0,-1393.0,667.0,19.0
-432.0,-148.0,-127.0,916.0,,1227.0,71.0,-885.0,383.0,-77.0
-419.0,-54.0,-53.0,441.0,,1258.0,133.0,-600.0,154.0,-195.0
-440.0,1160.0,-102.0,258.0,,1477.0,283.0,-303.0,63.0,-367.0
-436.0,1315.0,-20.0,256.0,,1037.0,551.0,-70.0,154.0,-628.0
-427.0,1622.0,-12.0,204.0,,858.0,733.0,62.0,314.0,-830.0
-422.0,1833.0,113.0,57.0,,1158.0,838.0,205.0,304.0,-946.0
-445.0,1393.0,150.0,-155.0,,1032.0,890.0,38.0,101.0,-1072.0
-469.0,192.0,68.0,-349.0,,1084.0,839.0,-109.0,238.0,-1144.0
-438.0,-664.0,180.0,-453.0,,872.0,771.0,-343.0,413.0,-1124.0
-419.0,-2054.0,174.0,-422.0,,556.0,619.0,-498.0,287.0,-1028.0
-433.0,-2468.0,209.0,-372.0,,931.0,431.0,-727.0,106.0,-816.0
-431.0,-2417.0,189.0,-352.0,,770.0,272.0,-997.0,-97.0,-523.0
-395.0,-3056.0,113.0,-304.0,,637.0,201.0,-1014.0,-539.0,-270.0
-397.0,-2152.0,70.0,-253.0,,894.0,247.0,-1171.0,-637.0,-74.0
-367.0,-2470.0,25.0,-138.0,,578.0,232.0,-1106.0,-306.0,108.0
-357.0,-2166.0,24.0,-1.0,,667.0,316.0,-1086.0,-185.0,317.0
-391.0,-1199.0,11.0,50.0,,708.0,594.0,-944.0,-62.0,471.0
-426.0,-699.0,53.0,75.0,,448.0,897.0,-702.0,-170.0,407.0
-422.0,-130.0,116.0,103.0,,876.0,1157.0,-746.0,-400.0,316.0
-404.0,-340.0,156.0,79.0,,598.0,1273.0,-639.0,-540.0,383.0
-410.0,370.0,187.0,12.0,,283.0,1248.0,-676.0,-650.0,448.0
-374.0,900.0,167.0,-4.0,,542.0,1123.0,-533.0,-527.0,402.0
-348.0,1168.0,157.0,21.0,,327.0,949.0,-489.0,-251.0,311.0
-329.0,423.0,156.0,39.0,,628.0,750.0,-589.0,69.0,247.0
-368.0,676.0,104.0,86.0,,423.0,444.0,-546.0,149.0,144.0
-442.0,1700.0,152.0,171.0,,152.0,191.0,-698.0,323.0,113.0
-488.0,880.0,136.0,290.0,,727.0,141.0,-617.0,407.0,106.0
-493.0,1171.0,109.0,438.0,,428.0,113.0,-644.0,28.0,27.0
-526.0,1662.0,136.0,538.0,,561.0,54.0,-630.0,-104.0,-24.0
-587.0,1245.0,84.0,574.0,,940.0,43.0,-613.0,-233.0,-34.0
-625.0,1051.0,51.0,549.0,,753.0,98.0,-752.0,-182.0,19.0
-679.0,1395.0,101.0,512.0,,1072.0,213.0,-635.0,87.0,-28.0
-703.0,1187.0,133.0,583.0,,535.0,300.0,-617.0,201.0,-48.0
-687.0,668.0,203.0,711.0,,140.0,378.0,-484.0,609.0,47.0
-651.0,813.0,295.0,801.0,,672.0,437.0,-402.0,382.0,88.0
-629.0,719.0,234.0,832.0,,491.0,435.0,-354.0,-138.0,112.0
-607.0,-137.0,305.0,897.0,,739.0,517.0,-264.0,-401.0,120.0
-564.0,-822.0,315.0,894.0,,679.0,656.0,-310.0,-656.0,82.0
-483.0,-933.0,275.0,657.0,,186.0,688.0,-221.0,-356.0,-8.0
-407.0,-820.0,353.0,301.0,,466.0,635.0,-345.0,-196.0,-79.0
-337.0,-622.0,286.0,-13.0,,121.0,529.0,-426.0,-111.0,-179.0
-250.0,-1236.0,259.0,-272.0,,385.0,403.0,-580.0,-216.0,-403.0
-193.0,-1389.0,283.0,-546.0,,696.0,325.0,-846.0,-398.0,-533.0
-171.0,-1152.0,288.0,-681.0,,64.0,286.0,-890.0,-377.0,-528.0
-152.0,-651.0,280.0,-681.0,,317.0,331.0,-1043.0,-944.0,-616.0
-115.0,-253.0,196.0,-608.0,,96.0,479.0,-1053.0,-1310.0,-672.0
-80.0,18.0,161.0,-525.0,,46.0,653.0,-1180.0,-985.0,-695.0
-10.0,738.0,141.0,-434.0,,565.0,762.0,-1267.0,-440.0,-753.0
-4.0,746.0,78.0,-243.0,,5.0,772.0,-1128.0,262.0,-801.0
-34.0,849.0,114.0,-59.0,,169.0,801.0,-1075.0,934.0,-849.0
-34.0,486.0,194.0,86.0,,140.0,840.0,-953.0,1224.0,-897.0
-18.0,-364.0,273.0,179.0,,-244.0,793.0,-988.0,1231.0,-957.0
2.0,-815.0,372.0,327.0,,394.0,669.0,-835.0,877.0,-814.0
4.0,-11.0,485.0,534.0,,58.0,507.0,-598.0,634.0,-621.0
36.0,357.0,655.0,673.0,,64.0,297.0,-376.0,874.0,-493.0
69.0,-82.0,708.0,676.0,,151.0,101.0,-142.0,700.0,-333.0
119.0,594.0,737.0,571.0,,-715.0,-6.0,-210.0,512.0,-129.0
156.0,1056.0,778.0,586.0,,-371.0,-90.0,-201.0,915.0,53.0
204.0,1445.0,742.0,719.0,,-413.0,-116.0,-345.0,1024.0,214.0
268.0,1894.0,710.0,771.0,,-497.0,-26.0,-436.0,363.0,455.0
273.0,2140.0,640.0,720.0,,-24.0,123.0,-517.0,-123.0,570.0
245.0,2055.0,579.0,645.0,,-589.0,291.0,-805.0,-359.0,624.0
245.0,2118.0,514.0,567.0,,-490.0,471.0,-1001.0,-521.0,714.0
315.0,1295.0,454.0,480.0,,-439.0,648.0,-1269.0,-327.0,763.0
351.0,452.0,377.0,270.0,,-760.0,776.0,-1215.0,-295.0,741.0
328.0,267.0,391.0,15.0,,-492.0,751.0,-1167.0,-224.0,714.0
313.0,-1244.0,402.0,-148.0,,-969.0,575.0,-1066.0,-216.0,687.0
285.0,-1563.0,359.0,-218.0,,-708.0,359.0,-822.0,-290.0,570.0
245.0,-1641.0,427.0,-190.0,,-244.0,76.0,-722.0,-429.0,453.0
193.0,-2529.0,420.0,-134.0,,-744.0,-216.0,-388.0,-804.0,406.0
156.0,-3107.0,407.0,-44.0,,-615.0,-360.0,-254.0,-1080.0,384.0
132.0,-2340.0,429.0,69.0,,-1116.0,-468.0,-203.0,-1027.0,331.0
77.0,-1196.0,433.0,182.0,,-1406.0,-538.0,-208.0,-158.0,324.0
13.0,-1743.0,447.0,224.0,,-928.0,-416.0,-269.0,600.0,284.0
-26.0,-1095.0,539.0,307.0,,-1427.0,-202.0,-173.0,549.0,260.0
-29.0,-357.0,615.0,421.0,,-1182.0,-21.0,-162.0,226.0,291.0
-39.0,-431.0,678.0,278.0,,-959.0,134.0,-49.0,-301.0,309.0
-57.0,-313.0,774.0,111.0,,-1245.0,311.0,-138.0,-899.0,320.0
-54.0,108.0,795.0,-16.0,,-705.0,449.0,-203.0,-1016.0,283.0
-36.0,1080.0,870.0,-222.0,,-983.0,464.0,-269.0,-699.0,258.0
-44.0,1320.0,877.0,-352.0,,-1028.0,346.0,-471.0,-687.0,221.0
-111.0,1456.0,835.0,-335.0,,-888.0,84.0,-404.0,-482.0,205.0
-172.0,1675.0,870.0,-139.0,,-1258.0,-210.0,-386.0,205.0,112.0
-159.0,1354.0,823.0,41.0,,-730.0,-434.0,-203.0,587.0,-42.0
-151.0,955.0,749.0,58.0,,-907.0,-607.0,-131.0,706.0,-62.0
-237.0,1184.0,723.0,10.0,,-1150.0,-695.0,-184.0,640.0,-52.0
-242.0,946.0,657.0,71.0,,-838.0,-660.0,-160.0,161.0,-123.0
-176.0,95.0,598.0,183.0,,-1250.0,-531.0,-297.0,18.0,-198.0
-149.0,-689.0,538.0,307.0,,-905.0,-339.0,-254.0,81.0,-190.0
-122.0,-892.0,523.0,469.0,,-636.0,-144.0,-382.0,-117.0,-272.0
-98.0,-563.0,520.0,577.0,,-1049.0,55.0,-384.0,409.0,-419.0
-62.0,-962.0,523.0,592.0,,-792.0,243.0,-330.0,1208.0,-442.0
-7.0,-794.0,542.0,379.0,,-971.0,361.0,-417.0,1352.0,-432.0
14.0,-39.0,520.0,86.0,,-968.0,340.0,-306.0,1277.0,-515.0
23.0,585.0,539.0,-187.0,,-665.0,126.0,-426.0,1042.0,-577.0
55.0,704.0,476.0,-316.0,,-1293.0,-186.0,-386.0,140.0,-487.0
105.0,113.0,459.0,-232.0,,-1323.0,-481.0,-310.0,-823.0,-442.0
176.0,98.0,421.0,-112.0,,-1167.0,-679.0,-210.0,-1020.0,-452.0
204.0,-172.0,358.0,-41.0,,-1431.0,-818.0,35.0,-911.0,-353.0
243.0,-832.0,336.0,-54.0,,-1126.0,-880.0,147.0,-374.0,-333.0
313.0,-432.0,317.0,76.0,,-1280.0,-787.0,378.0,305.0,-387.0
371.0,-149.0,300.0,156.0,,-1304.0,-643.0,419.0,775.0,-291.0
444.0,-474.0,227.0,182.0,,-609.0,-467.0,454.0,1317.0,-146.0
518.0,-456.0,277.0,276.0,,-940.0,-251.0,323.0,1167.0,-34.0
543.0,-189.0,219.0,276.0,,-1239.0,-100.0,-1.0,676.0,43.0
553.0,-141.0,215.0,336.0,,-1072.0,7.0,-131.0,199.0,168.0
602.0,-512.0,226.0,413.0,,-1403.0,88.0,-317.0,-595.0,419.0
619.0,-193.0,147.0,342.0,,-1120.0,8.0,-227.0,-727.0,646.0
662.0,-228.0,168.0,173.0,,-855.0,-211.0,-99.0,-326.0,888.0
669.0,-709.0,60.0,147.0,,-988.0,-414.0,62.0,-140.0,1125.0
642.0,-722.0,58.0,142.0,,-647.0,-620.0,262.0,-56.0,1265.0
656.0,-782.0,75.0,36.0,,-780.0,-783.0,225.0,-15.0,1371.0
656.0,-668.0,97.0,-139.0,,-1236.0,-822.0,179.0,112.0,1373.0
609.0,-840.0,144.0,-356.0,,-962.0,-817.0,-72.0,93.0,1278.0
520.0,-213.0,127.0,-458.0,,-815.0,-745.0,-144.0,-207.0,1123.0
465.0,159.0,199.0,-407.0,,-895.0,-627.0,-205.0,-141.0,851.0
407.0,74.0,192.0,-141.0,,-580.0,-512.0,-267.0,164.0,623.0
348.0,462.0,245.0,127.0,,-594.0,-433.0,-107.0,-141.0,508.0
266.0,356.0,276.0,301.0,,-771.0,-388.0,-125.0,-296.0,321.0
224.0,583.0,215.0,431.0,,-588.0,-338.0,24.0,-134.0,95.0
269.0,470.0,197.0,522.0,,-509.0,-278.0,92.0,-373.0,69.0
285.0,263.0,194.0,546.0,,-844.0,-265.0,195.0,-385.0,112.0
287.0,-57.0,174.0,425.0,,-972.0,-416.0,347.0,-128.0,-33.0
312.0,-246.0,145.0,296.0,,-949.0,-646.0,378.0,210.0,-50.0
348.0,133.0,250.0,314.0,,-1232.0,-875.0,482.0,321.0,59.0
366.0,48.0,269.0,359.0,,-822.0,-1072.0,334.0,83.0,40.0
353.0,379.0,363.0,248.0,,-677.0,-1213.0,380.0,-3.0,71.0
291.0,381.0,489.0,127.0,,-1274.0,-1244.0,445.0,-130.0,197.0
248.0,-95.0,447.0,34.0,,-815.0,-1103.0,495.0,-88.0,195.0
237.0,-377.0,514.0,-122.0,,-804.0,-877.0,687.0,48.0,172.0
181.0,-757.0,497.0,-250.0,,-1398.0,-589.0,648.0,-58.0,374.0
104.0,-1009.0,444.0,-237.0,,-1063.0,-362.0,626.0,-327.0,483.0
52.0,-984.0,482.0,-291.0,,-1287.0,-243.0,395.0,-477.0,441.0
7.0,-776.0,406.0,-397.0,,-1315.0,-132.0,230.0,-258.0,430.0
-64.0,-417.0,318.0,-186.0,,-815.0,-105.0,157.0,-227.0,468.0
-110.0,-454.0,308.0,139.0,,-1136.0,-173.0,86.0,-102.0,456.0
-101.0,-822.0,242.0,191.0,,-1289.0,-277.0,284.0,61.0,350.0
-56.0,-373.0,174.0,194.0,,-1076.0,-382.0,436.0,85.0,299.0
-46.0,-678.0,207.0,351.0,,-975.0,-455.0,781.0,322.0,154.0
-57.0,-883.0,229.0,419.0,,-1239.0,-551.0,920.0,56.0,101.0
4.0,-361.0,207.0,351.0,,-1228.0,-645.0,896.0,-296.0,214.0
86.0,-397.0,231.0,362.0,,-1012.0,-624.0,894.0,-188.0,261.0
159.0,381.0,207.0,390.0,,-1416.0,-520.0,753.0,-81.0,294.0
213.0,446.0,160.0,307.0,,-1040.0,-473.0,868.0,-84.0,407.0
261.0,-24.0,144.0,330.0,,-639.0,-450.0,890.0,100.0,603.0
327.0,81.0,71.0,302.0,,-1205.0,-405.0,968.0,179.0,731.0
315.0,-180.0,25.0,131.0,,-989.0,-405.0,894.0,-168.0,806.0
292.0,-41.0,66.0,-48.0,,-1179.0,-400.0,763.0,-216.0,897.0
327.0,735.0,71.0,-191.0,,-1775.0,-353.0,812.0,-151.0,956.0
323.0,1264.0,70.0,-232.0,,-1058.0,-366.0,617.0,-313.0,949.0
280.0,960.0,164.0,-145.0,,-1277.0,-506.0,533.0,-373.0,887.0
234.0,1341.0,172.0,31.0,,-1531.0,-670.0,341.0,-282.0,706.0
231.0,1766.0,166.0,41.0,,-732.0,-802.0,275.0,97.0,422.0
193.0,1104.0,103.0,51.0,,-950.0,-905.0,321.0,330.0,224.0
101.0,1123.0,20.0,186.0,,-1048.0,-930.0,236.0,208.0,40.0
65.0,1207.0,25.0,409.0,,-919.0,-916.0,351.0,418.0,-268.0
52.0,817.0,-94.0,587.0,,-1128.0,-797.0,423.0,705.0,-504.0
57.0,510.0,-155.0,569.0,,-990.0,-543.0,715.0,564.0,-592.0
30.0,-272.0,-190.0,460.0,,-703.0,-277.0,894.0,155.0,-522.0
19.0,-867.0,-195.0,249.0,,-730.0,-91.0,982.0,-11.0,-381.0
92.0,-983.0,-158.0,-86.0,,-1076.0,-40.0,1250.0,190.0,-329.0
149.0,-1236.0,-144.0,-421.0,,-730.0,-58.0,1334.0,201.0,-162.0
204.0,-1138.0,-68.0,-723.0,,-407.0,-113.0,1437.0,195.0,100.0
248.0,-885.0,-61.0,-965.0,,-875.0,-260.0,1265.0,198.0,314.0
274.0,-426.0,-23.0,-954.0,,-705.0,-471.0,1042.0,32.0,500.0
305.0,227.0,68.0,-956.0,,-511.0,-702.0,809.0,-268.0,614.0
292.0,592.0,41.0,-913.0,,-756.0,-839.0,556.0,-352.0,627.0
240.0,827.0,66.0,-710.0,,-268.0,-883.0,535.0,-53.0,696.0
219.0,1048.0,100.0,-530.0,,-435.0,-900.0,495.0,199.0,783.0
196.0,1446.0,-21.0,-304.0,,-1014.0,-798.0,691.0,624.0,702.0
168.0,1455.0,-3.0,-47.0,,-703.0,-609.0,805.0,794.0,501.0
133.0,900.0,-45.0,307.0,,-980.0,-380.0,1060.0,836.0,328.0
92.0,12.0,-45.0,529.0,,-1158.0,-110.0,1454.0,922.0,275.0
84.0,-720.0,-5.0,522.0,,-618.0,108.0,1631.0,699.0,153.0
97.0,-1083.0,-141.0,479.0,,-818.0,306.0,1921.0,540.0,-82.0
112.0,-1557.0,-99.0,441.0,,-1110.0,485.0,1849.0,60.0,-243.0
127.0,-1603.0,-143.0,366.0,,-627.0,554.0,1672.0,-147.0,-325.0
191.0,-914.0,-173.0,211.0,,-385.0,540.0,1420.0,147.0,-434.0
229.0,-186.0,-203.0,19.0,,-419.0,423.0,1099.0,332.0,-504.0
233.0,386.0,-274.0,-242.0,,-116.0,228.0,986.0,643.0,-530.0
230.0,753.0,-239.0,-389.0,,-134.0,12.0,851.0,647.0,-579.0
222.0,1067.0,-263.0,-370.0,,-312.0,-171.0,979.0,196.0,-543.0
175.0,1153.0,-161.0,-288.0,,-198.0,-280.0,1043.0,-309.0,-488.0
110.0,1120.0,-43.0,-162.0,,-160.0,-381.0,1084.0,-709.0,-439.0
71.0,1358.0,-13.0,-123.0,,-277.0,-461.0,1084.0,-1074.0,-357.0
-3.0,997.0,37.0,-204.0,,17.0,-504.0,1016.0,-1339.0,-198.0
-52.0,673.0,53.0,-359.0,,169.0,-500.0,1097.0,-1016.0,-10.0
-108.0,457.0,87.0,-495.0,,-331.0,-447.0,975.0,-265.0,118.0
-146.0,-72.0,154.0,-554.0,,27.0,-358.0,1084.0,328.0,167.0
-207.0,-662.0,136.0,-392.0,,170.0,-219.0,1132.0,517.0,72.0
-315.0,-1031.0,229.0,-59.0,,-295.0,-82.0,1119.0,293.0,-30.0
-402.0,-1135.0,264.0,99.0,,112.0,-41.0,1141.0,95.0,-143.0
-494.0,-1257.0,190.0,172.0,,37.0,-80.0,958.0,83.0,-318.0
-586.0,-1017.0,189.0,264.0,,-306.0,-102.0,1036.0,155.0,-544.0
-691.0,-1170.0,128.0,301.0,,-93.0,-122.0,981.0,317.0,-696.0
-724.0,-1024.0,16.0,314.0,,-235.0,-149.0,1075.0,177.0,-753.0
-738.0,-484.0,-10.0,257.0,,-400.0,-235.0,1208.0,-247.0,-849.0
-776.0,-105.0,-34.0,201.0,,-75.0,-315.0,1184.0,-294.0,-828.0
-757.0,-3.0,-44.0,245.0,,123.0,-260.0,1341.0,-128.0,-776.0
-688.0,-297.0,15.0,280.0,,161.0,-108.0,1311.0,-152.0,-743.0
-606.0,-125.0,-46.0,220.0,,411.0,99.0,1315.0,-82.0,-575.0
-545.0,-263.0,34.0,22.0,,515.0,265.0,1164.0,134.0,-351.0
-477.0,-244.0,19.0,-273.0,,408.0,444.0,1132.0,561.0,-284.0
-377.0,-15.0,-33.0,-466.0,,515.0,650.0,1241.0,998.0,-306.0
-257.0,-187.0,47.0,-613.0,,722.0,807.0,1210.0,854.0,-209.0
-150.0,-194.0,8.0,-775.0,,374.0,877.0,1321.0,321.0,-181.0
-85.0,-419.0,81.0,-787.0,,102.0,807.0,1130.0,61.0,-224.0
-31.0,-530.0,108.0,-775.0,,341.0,617.0,1051.0,195.0,-170.0
14.0,-320.0,109.0,-692.0,,219.0,358.0,1023.0,196.0,-61.0
39.0,158.0,131.0,-454.0,,303.0,128.0,962.0,147.0,30.0
91.0,709.0,104.0,-245.0,,644.0,-60.0,1093.0,221.0,149.0
105.0,843.0,92.0,-15.0,,394.0,-198.0,1106.0,9.0,328.0
72.0,1168.0,24.0,168.0,,520.0,-201.0,1287.0,157.0,425.0
79.0,1770.0,-4.0,190.0,,759.0,-98.0,1285.0,497.0,560.0
109.0,1428.0,25.0,110.0,,285.0,-56.0,1245.0,271.0,804.0
117.0,595.0,-79.0,-3.0,,228.0,-54.0,1184.0,-161.0,927.0
105.0,457.0,-108.0,-127.0,,461.0,6.0,968.0,-393.0,1009.0
76.0,89.0,-140.0,-145.0,,402.0,47.0,966.0,40.0,1155.0
22.0,-734.0,-176.0,-72.0,,450.0,51.0,859.0,443.0,1159.0
-48.0,-1471.0,-114.0,-101.0,,578.0,4.0,890.0,227.0,1064.0
-101.0,-1561.0,-127.0,-121.0,,590.0,-59.0,875.0,28.0,944.0
-129.0,-1642.0,40.0,-177.0,,626.0,3.0,920.0,392.0,633.0
-178.0,-1753.0,109.0,-208.0,,794.0,227.0,1197.0,847.0,291.0
-180.0,-1147.0,157.0,-259.0,,556.0,406.0,1326.0,967.0,115.0
-137.0,-1015.0,277.0,-563.0,,165.0,490.0,1409.0,862.0,-31.0
-116.0,-270.0,253.0,-876.0,,370.0,620.0,1134.0,282.0,-213.0
-96.0,636.0,253.0,-1051.0,,306.0,765.0,936.0,-101.0,-359.0
-33.0,909.0,274.0,-1079.0,,-159.0,848.0,820.0,-61.0,-406.0
67.0,1259.0,232.0,-1006.0,,298.0,884.0,678.0,68.0,-331.0
143.0,989.0,200.0,-824.0,,630.0,910.0,757.0,-41.0,-216.0
197.0,1030.0,205.0,-510.0,,210.0,899.0,689.0,-221.0,-127.0
250.0,1476.0,114.0,-224.0,,668.0,882.0,768.0,186.0,-36.0
314.0,1513.0,174.0,-20.0,,933.0,847.0,702.0,297.0,83.0
378.0,1241.0,154.0,168.0,,612.0,710.0,589.0,-135.0,217.0
421.0,1502.0,73.0,308.0,,948.0,480.0,541.0,-530.0,255.0
451.0,1785.0,102.0,389.0,,639.0,252.0,336.0,-542.0,237.0
477.0,1333.0,29.0,343.0,,-2.0,-5.0,330.0,-324.0,216.0
483.0,872.0,-48.0,100.0,,573.0,-349.0,291.0,-363.0,96.0
414.0,880.0,-58.0,-172.0,,893.0,-621.0,463.0,-46.0,-11.0
336.0,1006.0,-87.0,-397.0,,495.0,-760.0,548.0,31.0,-67.0
349.0,563.0,-208.0,-447.0,,871.0,-712.0,456.0,-336.0,-206.0
336.0,322.0,-194.0,-476.0,,1030.0,-575.0,458.0,112.0,-403.0
275.0,340.0,-200.0,-620.0,,565.0,-405.0,334.0,428.0,-469.0
221.0,259.0,-220.0,-576.0,,736.0,-118.0,380.0,178.0,-454.0
208.0,220.0,-159.0,-487.0,,911.0,134.0,275.0,-45.0,-529.0
207.0,377.0,-77.0,-446.0,,601.0,319.0,155.0,-203.0,-591.0
151.0,387.0,7.0,-280.0,,870.0,417.0,62.0,156.0,-539.0
73.0,62.0,7.0,-94.0,,1258.0,426.0,-83.0,484.0,-483.0
-6.0,155.0,61.0,-131.0,,753.0,439.0,-12.0,420.0,-513.0
-38.0,136.0,108.0,-384.0,,940.0,396.0,31.0,224.0,-466.0
-97.0,-433.0,57.0,-577.0,,1369.0,266.0,388.0,106.0,-440.0
-164.0,-883.0,17.0,-720.0,,993.0,119.0,800.0,-74.0,-463.0
-189.0,-1039.0,30.0,-698.0,,1233.0,20.0,1114.0,-96.0,-441.0
-191.0,-1378.0,-60.0,-440.0,,1431.0,-32.0,1273.0,114.0,-467.0
-181.0,-1559.0,-104.0,-214.0,,932.0,-52.0,1121.0,218.0,-476.0
-178.0,-1913.0,-103.0,-27.0,,800.0,-24.0,1040.0,647.0,-519.0
-141.0,-2106.0,-142.0,127.0,,1201.0,54.0,801.0,800.0,-477.0
-110.0,-1646.0,-44.0,249.0,,881.0,189.0,676.0,605.0,-379.0
-50.0,-1380.0,0.0,355.0,,509.0,345.0,484.0,203.0,-378.0
-13.0,-945.0,44.0,429.0,,1032.0,461.0,206.0,39.0,-310.0
-46.0,-286.0,74.0,512.0,,923.0,514.0,64.0,344.0,-215.0
-69.0,454.0,35.0,547.0,,978.0,524.0,-194.0,488.0,-157.0
-22.0,539.0,66.0,473.0,,1343.0,509.0,-212.0,661.0,-176.0
40.0,489.0,65.0,265.0,,792.0,446.0,-288.0,691.0,-194.0
19.0,494.0,46.0,53.0,,746.0,300.0,-249.0,377.0,-193.0
-20.0,-228.0,72.0,-110.0,,1062.0,88.0,-129.0,-268.0,-326.0
-18.0,-217.0,105.0,-325.0,,700.0,-95.0,-184.0,-565.0,-317.0
-40.0,37.0,51.0,-435.0,,523.0,-143.0,-142.0,-476.0,-192.0
-112.0,-13.0,40.0,-457.0,,726.0,-115.0,-343.0,-156.0,-160.0
-194.0,144.0,101.0,-576.0,,645.0,-61.0,-469.0,-271.0,-67.0
-248.0,401.0,111.0,-706.0,,711.0,109.0,-561.0,-870.0,101.0
-230.0,431.0,97.0,-725.0,,1266.0,225.0,-559.0,-810.0,200.0
-201.0,280.0,178.0,-692.0,,1143.0,280.0,-367.0,-815.0,179.0
-180.0,513.0,235.0,-612.0,,714.0,440.0,-341.0,-740.0,264.0
-171.0,412.0,131.0,-362.0,,1018.0,550.0,-197.0,-665.0,362.0
-144.0,473.0,282.0,-50.0,,1228.0,562.0,-269.0,-850.0,344.0
-129.0,665.0,290.0,179.0,,1342.0,459.0,-323.0,-495.0,369.0
-142.0,683.0,181.0,334.0,,1351.0,297.0,-354.0,-49.0,385.0
-154.0,697.0,330.0,439.0,,999.0,176.0,-530.0,200.0,346.0
-171.0,188.0,289.0,480.0,,838.0,14.0,-502.0,302.0,259.0
-143.0,230.0,349.0,491.0,,913.0,-197.0,-567.0,45.0,164.0
-102.0,417.0,447.0,524.0,,1078.0,-403.0,-458.0,-35.0,52.0
-73.0,614.0,458.0,459.0,,930.0,-522.0,-421.0,359.0,-125.0
-103.0,1110.0,448.0,308.0,,886.0,-501.0,-423.0,381.0,-290.0
-81.0,1294.0,441.0,128.0,,1043.0,-338.0,-301.0,165.0,-419.0
-25.0,1473.0,464.0,-50.0,,815.0,-165.0,-266.0,-62.0,-571.0
-23.0,1451.0,351.0,-218.0,,673.0,-21.0,-88.0,-588.0,-691.0
-56.0,965.0,367.0,-461.0,,659.0,154.0,-96.0,-441.0,-831.0
-76.0,-125.0,317.0,-716.0,,716.0,312.0,-53.0,100.0,-934.0
-68.0,-871.0,243.0,-938.0,,711.0,392.0,-118.0,98.0,-823.0
-101.0,-1133.0,227.0,-1080.0,,675.0,378.0,-343.0,-28.0,-699.0
-158.0,-1419.0,234.0,-1068.0,,851.0,286.0,-509.0,291.0,-564.0
-254.0,-1422.0,343.0,-889.0,,710.0,116.0,-864.0,1013.0,-359.0
-310.0,-1115.0,365.0,-619.0,,590.0,-73.0,-984.0,1179.0,-157.0
-330.0,-537.0,482.0,-450.0,,709.0,-204.0,-1108.0,786.0,48.0
-372.0,-152.0,519.0,-269.0,,603.0,-244.0,-1204.0,563.0,261.0
-412.0,75.0,570.0,-63.0,,607.0,-201.0,-1202.0,565.0,395.0
-358.0,182.0,633.0,148.0,,1094.0,-96.0,-1208.0,712.0,379.0
-269.0,621.0,649.0,474.0,,1417.0,32.0,-936.0,988.0,346.0
-244.0,1312.0,761.0,552.0,,891.0,169.0,-814.0,1129.0,231.0
-237.0,1422.0,742.0,404.0,,711.0,296.0,-582.0,989.0,26.0
-236.0,1060.0,835.0,300.0,,868.0,382.0,-367.0,1241.0,-269.0
-228.0,1017.0,886.0,295.0,,475.0,418.0,-280.0,1655.0,-550.0
-208.0,1107.0,810.0,520.0,,667.0,413.0,-110.0,1322.0,-808.0
-219.0,942.0,830.0,705.0,,868.0,412.0,-179.0,438.0,-1113.0
-252.0,1100.0,813.0,543.0,,489.0,355.0,-127.0,-434.0,-1178.0
-180.0,574.0,761.0,297.0,,636.0,250.0,-314.0,-524.0,-1174.0
-92.0,89.0,695.0,76.0,,959.0,109.0,-641.0,-192.0,-1220.0
-20.0,286.0,640.0,-202.0,,703.0,-48.0,-942.0,-406.0,-1122.0
18.0,-34.0,582.0,-356.0,,657.0,-95.0,-1265.0,-672.0,-816.0
77.0,-735.0,471.0,-498.0,,1039.0,-74.0,-1223.0,-434.0,-574.0
199.0,-637.0,411.0,-687.0,,621.0,-88.0,-1250.0,46.0,-434.0
261.0,-211.0,327.0,-740.0,,592.0,-130.0,-1106.0,150.0,-119.0
253.0,-979.0,233.0,-713.0,,1088.0,-143.0,-971.0,177.0,110.0
157.0,-871.0,227.0,-622.0,,419.0,-177.0,-848.0,-148.0,179.0
109.0,-988.0,235.0,-487.0,,151.0,-231.0,-622.0,-928.0,184.0
66.0,-1451.0,178.0,-364.0,,538.0,-212.0,-657.0,-860.0,131.0
-7.0,-161.0,220.0,-158.0,,179.0,-169.0,-528.0,-550.0,-7.0
-67.0,509.0,302.0,87.0,,73.0,-179.0,-606.0,-462.0,-229.0
-113.0,818.0,148.0,344.0,,671.0,-169.0,-696.0,-306.0,-401.0
-145.0,1415.0,230.0,610.0,,483.0,-102.0,-731.0,44.0,-628.0
-174.0,1629.0,233.0,651.0,,162.0,-91.0,-772.0,724.0,-849.0
-157.0,1485.0,115.0,559.0,,984.0,-68.0,-687.0,715.0,-899.0
-153.0,1472.0,152.0,494.0,,929.0,60.0,-885.0,653.0,-842.0
-145.0,1408.0,0.0,344.0,,141.0,195.0,-994.0,179.0,-851.0
-101.0,826.0,-45.0,166.0,,373.0,281.0,-1101.0,-686.0,-775.0
-66.0,385.0,-120.0,34.0,,337.0,336.0,-1051.0,-150.0,-513.0
-98.0,251.0,-173.0,-67.0,,-11.0,391.0,-936.0,35.0,-302.0
-129.0,291.0,-132.0,-188.0,,264.0,379.0,-933.0,-106.0,-58.0
-103.0,-308.0,-215.0,-252.0,,192.0,355.0,-772.0,140.0,190.0
-58.0,-1014.0,-150.0,-121.0,,-238.0,393.0,-794.0,466.0,361.0
-56.0,-1048.0,-65.0,-19.0,,250.0,344.0,-593.0,847.0,508.0
-95.0,-631.0,-118.0,-52.0,,851.0,228.0,-352.0,735.0,632.0
-92.0,-695.0,-49.0,-128.0,,271.0,126.0,-181.0,505.0,704.0
-43.0,-1453.0,-11.0,-172.0,,-66.0,78.0,18.0,22.0,711.0
6.0,-1067.0,5.0,-96.0,,292.0,52.0,-179.0,241.0,737.0
30.0,-280.0,102.0,-74.0,,24.0,24.0,-423.0,-521.0,774.0
59.0,-1032.0,132.0,-64.0,,-207.0,77.0,-752.0,-1249.0,834.0
20.0,-1686.0,224.0,-24.0,,6.0,134.0,-851.0,-371.0,851.0
-33.0,-1064.0,235.0,32.0,,-139.0,197.0,-750.0,-387.0,775.0
-58.0,-1370.0,275.0,217.0,,-140.0,260.0,-587.0,15.0,740.0
-88.0,-1810.0,362.0,278.0,,368.0,322.0,-203.0,-32.0,754.0
-92.0,-777.0,334.0,99.0,,262.0,417.0,-197.0,-68.0,643.0
-114.0,-347.0,286.0,-169.0,,-317.0,470.0,-221.0,287.0,490.0
-117.0,-813.0,285.0,-309.0,,-16.0,475.0,-423.0,-185.0,424.0
-83.0,-127.0,277.0,-302.0,,211.0,473.0,-859.0,-194.0,361.0
-54.0,1363.0,184.0,-112.0,,-282.0,506.0,-1156.0,-16.0,242.0
-22.0,1209.0,135.0,54.0,,-304.0,475.0,-1393.0,585.0,71.0
30.0,913.0,160.0,-102.0,,-95.0,362.0,-1276.0,696.0,-23.0
49.0,1535.0,152.0,-206.0,,-185.0,272.0,-1269.0,686.0,-72.0
7.0,1308.0,110.0,-204.0,,-106.0,232.0,-1304.0,674.0,-98.0
4.0,1068.0,141.0,-141.0,,89.0,187.0,-1298.0,217.0,-64.0
54.0,234.0,116.0,30.0,,8.0,114.0,-1271.0,558.0,-78.0
75.0,-86.0,139.0,132.0,,9.0,46.0,-1093.0,760.0,-182.0
46.0,264.0,210.0,185.0,,203.0,-28.0,-1154.0,442.0,-224.0
-7.0,-363.0,200.0,322.0,,28.0,-67.0,-1036.0,290.0,-213.0
-28.0,-821.0,245.0,494.0,,-265.0,-45.0,-875.0,43.0,-314.0
-77.0,-1469.0,257.0,491.0,,-95.0,-52.0,-661.0,-156.0,-405.0
-177.0,-1547.0,224.0,388.0,,86.0,-88.0,-399.0,503.0,-529.0
-257.0,-1952.0,234.0,315.0,,-66.0,-46.0,-347.0,100.0,-641.0
-294.0,-2161.0,182.0,235.0,,-82.0,28.0,-234.0,-785.0,-594.0
-324.0,-1575.0,118.0,55.0,,169.0,65.0,-424.0,101.0,-546.0
-363.0,-1834.0,86.0,-68.0,,242.0,28.0,-552.0,523.0,-603.0
-349.0,-1642.0,20.0,30.0,,-22.0,-12.0,-667.0,457.0,-690.0
-330.0,-976.0,-36.0,133.0,,-37.0,-12.0,-755.0,276.0,-616.0
-269.0,-311.0,-79.0,200.0,,54.0,-10.0,-596.0,-597.0,-545.0
-233.0,-479.0,-78.0,273.0,,-106.0,51.0,-764.0,-704.0,-525.0
-209.0,-344.0,-99.0,299.0,,114.0,155.0,-814.0,88.0,-434.0
-138.0,601.0,-10.0,314.0,,277.0,255.0,-872.0,326.0,-416.0
-101.0,921.0,-13.0,235.0,,-114.0,299.0,-920.0,-290.0,-349.0
-75.0,907.0,-54.0,162.0,,-6.0,296.0,-838.0,-381.0,-257.0
-86.0,976.0,-18.0,221.0,,315.0,280.0,-822.0,-163.0,-251.0
-65.0,1222.0,-28.0,157.0,,-129.0,244.0,-709.0,141.0,-245.0
-65.0,1148.0,3.0,-10.0,,-334.0,151.0,-803.0,432.0,-255.0
-91.0,1429.0,10.0,-126.0,,-121.0,24.0,-814.0,-500.0,-301.0
-109.0,1688.0,-9.0,-343.0,,-63.0,-103.0,-890.0,-747.0,-288.0
-109.0,1144.0,-64.0,-619.0,,-32.0,-283.0,-825.0,29.0,-222.0
-80.0,981.0,28.0,-753.0,,-158.0,-363.0,-576.0,404.0,-271.0
-124.0,1660.0,-70.0,-719.0,,-230.0,-335.0,-580.0,766.0,-300.0
-173.0,1383.0,-147.0,-563.0,,-389.0,-306.0,-511.0,383.0,-284.0
-220.0,579.0,-86.0,-248.0,,-316.0,-256.0,-620.0,325.0,-281.0
-256.0,952.0,-66.0,128.0,,-189.0,-202.0,-559.0,773.0,-331.0
-240.0,818.0,21.0,432.0,,-670.0,-103.0,-509.0,891.0,-353.0
-227.0,132.0,3.0,679.0,,-588.0,15.0,-563.0,378.0,-259.0
-190.0,-320.0,43.0,839.0,,-105.0,107.0,-402.0,-936.0,-330.0
-88.0,-1280.0,-44.0,859.0,,-388.0,194.0,-437.0,-883.0,-427.0
-8.0,-2284.0,-97.0,741.0,,-602.0,256.0,-301.0,-529.0,-397.0
13.0,-2359.0,-98.0,605.0,,-427.0,267.0,-352.0,-477.0,-339.0
53.0,-2074.0,-73.0,478.0,,-593.0,277.0,-478.0,-262.0,-318.0
106.0,-2278.0,4.0,329.0,,-645.0,252.0,-578.0,-256.0,-209.0
126.0,-2086.0,-32.0,297.0,,-387.0,188.0,-873.0,538.0,9.0
92.0,-820.0,116.0,275.0,,-369.0,172.0,-942.0,711.0,173.0
78.0,-419.0,122.0,303.0,,-555.0,107.0,-1176.0,167.0,373.0
128.0,-969.0,101.0,519.0,,-540.0,-49.0,-1237.0,-258.0,520.0
177.0,-270.0,141.0,723.0,,-312.0,-99.0,-1215.0,-519.0,622.0
184.0,-9.0,10.0,768.0,,-299.0,-37.0,-1160.0,-155.0,660.0
175.0,-349.0,46.0,705.0,,-368.0,-35.0,-975.0,362.0,671.0
215.0,-128.0,-16.0,685.0,,-195.0,-43.0,-912.0,593.0,737.0
252.0,171.0,7.0,601.0,,-165.0,0.0,-611.0,402.0,658.0
226.0,279.0,42.0,505.0,,-520.0,66.0,-456.0,432.0,512.0
243.0,-253.0,-9.0,404.0,,-583.0,103.0,-140.0,855.0,477.0
277.0,236.0,66.0,318.0,,-446.0,134.0,136.0,391.0,443.0
275.0,969.0,-51.0,417.0,,-644.0,170.0,142.0,-467.0,344.0
290.0,687.0,-18.0,530.0,,-738.0,168.0,188.0,-452.0,226.0
297.0,316.0,-17.0,629.0,,-649.0,174.0,-27.0,-571.0,62.0
302.0,727.0,-120.0,678.0,,-762.0,125.0,-147.0,-531.0,-58.0
281.0,1135.0,-67.0,623.0,,-858.0,-4.0,-447.0,-399.0,-134.0
247.0,349.0,-184.0,546.0,,-632.0,-140.0,-722.0,-503.0,-198.0
234.0,-8.0,-249.0,534.0,,-732.0,-199.0,-833.0,-73.0,-253.0
213.0,-694.0,-238.0,450.0,,-955.0,-240.0,-979.0,-510.0,-323.0
144.0,-1132.0,-331.0,193.0,,-579.0,-319.0,-901.0,-476.0,-245.0
36.0,-690.0,-320.0,36.0,,-345.0,-286.0,-968.0,221.0,-68.0
12.0,-680.0,-346.0,-10.0,,-573.0,-129.0,-940.0,-241.0,6.0
16.0,-788.0,-277.0,-70.0,,-544.0,20.0,-940.0,-238.0,-54.0
-50.0,-1143.0,-224.0,-70.0,,-162.0,104.0,-859.0,339.0,-67.0
-78.0,-977.0,-211.0,-11.0,,-216.0,183.0,-556.0,608.0,-94.0
-22.0,-739.0,-85.0,25.0,,-520.0,238.0,-382.0,474.0,-261.0
34.0,-525.0,-147.0,66.0,,-312.0,178.0,-7.0,414.0,-399.0
47.0,-379.0,-112.0,160.0,,-104.0,107.0,166.0,517.0,-631.0
10.0,-370.0,-125.0,252.0,,-252.0,21.0,210.0,457.0,-879.0
-11.0,166.0,-164.0,365.0,,-196.0,-101.0,169.0,420.0,-997.0
-25.0,173.0,-122.0,532.0,,-98.0,-118.0,-68.0,-229.0,-1022.0
-80.0,272.0,-133.0,533.0,,-210.0,-96.0,-84.0,-702.0,-1092.0
-158.0,1214.0,-169.0,274.0,,-18.0,-68.0,-190.0,-291.0,-1194.0
-215.0,1636.0,-284.0,11.0,,28.0,-28.0,-203.0,-51.0,-1061.0
-225.0,1086.0,-279.0,-61.0,,-381.0,9.0,-251.0,236.0,-848.0
-268.0,749.0,-259.0,-13.0,,-363.0,99.0,-286.0,581.0,-676.0
-297.0,431.0,-238.0,33.0,,64.0,191.0,-171.0,482.0,-579.0
-298.0,-287.0,-257.0,4.0,,151.0,289.0,-218.0,283.0,-423.0
-263.0,-112.0,-216.0,-84.0,,-116.0,313.0,-90.0,145.0,-215.0
-164.0,621.0,-209.0,-164.0,,-154.0,227.0,-72.0,-3.0,-70.0
-66.0,416.0,-178.0,-266.0,,-37.0,146.0,77.0,-355.0,151.0
49.0,-72.0,-114.0,-329.0,,-192.0,51.0,251.0,-331.0,328.0
131.0,455.0,-111.0,-354.0,,-183.0,-53.0,155.0,275.0,487.0
251.0,762.0,63.0,-217.0,,97.0,-95.0,123.0,532.0,636.0
330.0,249.0,38.0,55.0,,30.0,-80.0,-205.0,92.0,784.0
363.0,111.0,72.0,231.0,,-169.0,-34.0,-421.0,-212.0,902.0
431.0,433.0,210.0,276.0,,44.0,102.0,-591.0,-179.0,916.0
510.0,599.0,168.0,176.0,,179.0,282.0,-752.0,-345.0,943.0
559.0,304.0,194.0,159.0,,-107.0,383.0,-746.0,-546.0,952.0
517.0,89.0,287.0,289.0,,-83.0,421.0,-739.0,-648.0,957.0
544.0,-167.0,294.0,478.0,,285.0,443.0,-456.0,-674.0,908.0
539.0,-181.0,218.0,580.0,,217.0,379.0,-277.0,-565.0,840.0
524.0,-27.0,273.0,562.0,,18.0,213.0,-3.0,-221.0,860.0
516.0,-325.0,210.0,391.0,,152.0,93.0,232.0,-354.0,869.0
491.0,-77.0,93.0,190.0,,76.0,11.0,365.0,-397.0,799.0
477.0,58.0,108.0,352.0,,-92.0,-85.0,548.0,179.0,754.0
393.0,-71.0,-15.0,508.0,,217.0,-103.0,452.0,502.0,826.0
374.0,155.0,-46.0,450.0,,348.0,-75.0,434.0,635.0,896.0
371.0,297.0,0.0,282.0,,-44.0,-80.0,242.0,497.0,830.0
407.0,302.0,-55.0,108.0,,74.0,-88.0,70.0,360.0,802.0
384.0,550.0,1.0,96.0,,439.0,-45.0,-22.0,344.0,890.0
374.0,1213.0,84.0,204.0,,48.0,78.0,-164.0,318.0,882.0
461.0,1059.0,64.0,351.0,,-14.0,205.0,-112.0,529.0,857.0
486.0,494.0,28.0,421.0,,698.0,239.0,-245.0,1089.0,871.0
516.0,139.0,70.0,375.0,,611.0,249.0,-197.0,1167.0,797.0
509.0,188.0,118.0,221.0,,-58.0,215.0,-140.0,728.0,652.0
535.0,746.0,147.0,86.0,,300.0,172.0,-64.0,939.0,643.0
575.0,866.0,204.0,-19.0,,717.0,160.0,138.0,894.0,684.0
506.0,791.0,202.0,31.0,,242.0,18.0,121.0,-49.0,554.0
420.0,419.0,193.0,192.0,,201.0,-93.0,264.0,-623.0,512.0
423.0,340.0,186.0,332.0,,317.0,-170.0,308.0,-253.0,629.0
420.0,305.0,191.0,501.0,,-126.0,-310.0,430.0,-90.0,702.0
343.0,365.0,157.0,525.0,,-159.0,-386.0,493.0,-225.0,640.0
286.0,1357.0,171.0,538.0,,378.0,-399.0,406.0,-95.0,641.0
287.0,1077.0,128.0,529.0,,508.0,-306.0,424.0,73.0,672.0
276.0,310.0,72.0,465.0,,258.0,-198.0,205.0,129.0,561.0
232.0,1038.0,106.0,534.0,,501.0,-105.0,164.0,-190.0,500.0
189.0,1408.0,-23.0,557.0,,637.0,4.0,-9.0,-217.0,411.0
177.0,523.0,-50.0,547.0,,20.0,66.0,-186.0,-363.0,284.0
270.0,195.0,-103.0,536.0,,-28.0,155.0,-267.0,-425.0,160.0
269.0,808.0,-133.0,468.0,,390.0,233.0,-497.0,-416.0,165.0
228.0,423.0,-160.0,396.0,,-93.0,230.0,-369.0,-713.0,305.0
297.0,-460.0,-211.0,248.0,,-364.0,171.0,-236.0,-526.0,250.0
362.0,-942.0,-198.0,190.0,,116.0,134.0,116.0,-566.0,172.0
434.0,-1770.0,-248.0,256.0,,133.0,166.0,430.0,0.0,207.0
453.0,-1921.0,-217.0,247.0,,73.0,183.0,624.0,680.0,268.0
448.0,-1488.0,-241.0,160.0,,431.0,207.0,837.0,675.0,310.0
463.0,-1865.0,-232.0,188.0,,426.0,249.0,641.0,379.0,277.0
436.0,-1894.0,-224.0,295.0,,62.0,283.0,574.0,100.0,235.0
388.0,-1071.0,-175.0,249.0,,75.0,321.0,441.0,138.0,271.0
310.0,-628.0,-189.0,247.0,,331.0,247.0,485.0,87.0,375.0
232.0,-138.0,-123.0,276.0,,191.0,146.0,763.0,465.0,372.0
201.0,384.0,-82.0,101.0,,-118.0,138.0,905.0,199.0,327.0
97.0,623.0,-36.0,-10.0,,177.0,144.0,1077.0,176.0,339.0
-43.0,1094.0,147.0,231.0,,358.0,186.0,1006.0,442.0,328.0
-85.0,1302.0,155.0,477.0,,-148.0,213.0,1023.0,102.0,362.0
-98.0,749.0,315.0,477.0,,-38.0,241.0,988.0,228.0,376.0
-161.0,-363.0,439.0,438.0,,351.0,345.0,1036.0,-303.0,290.0
-245.0,-696.0,541.0,433.0,,-24.0,408.0,1184.0,-953.0,255.0
-298.0,-313.0,534.0,349.0,,42.0,452.0,1073.0,-487.0,276.0
-316.0,-289.0,591.0,155.0,,550.0,451.0,1025.0,0.0,317.0
-331.0,-334.0,570.0,-13.0,,179.0,337.0,757.0,-65.0,331.0
-299.0,-230.0,431.0,-29.0,,-425.0,222.0,548.0,-141.0,263.0
-257.0,126.0,472.0,0.0,,-222.0,174.0,391.0,-570.0,288.0
-250.0,312.0,375.0,-101.0,,-70.0,126.0,144.0,-605.0,339.0
-233.0,65.0,417.0,-159.0,,-485.0,10.0,24.0,-214.0,308.0
-240.0,-188.0,349.0,-197.0,,54.0,-67.0,-245.0,-357.0,301.0
-250.0,-24.0,329.0,-269.0,,661.0,-44.0,-328.0,65.0,290.0
-253.0,236.0,307.0,-276.0,,-126.0,-16.0,-362.0,372.0,288.0
-235.0,594.0,245.0,-364.0,,-444.0,-59.0,-240.0,396.0,276.0
-196.0,1151.0,254.0,-475.0,,97.0,-130.0,48.0,665.0,264.0
-147.0,1185.0,211.0,-408.0,,219.0,-213.0,242.0,534.0,234.0
-129.0,1224.0,340.0,-196.0,,200.0,-289.0,617.0,210.0,165.0
-143.0,1385.0,281.0,-24.0,,241.0,-319.0,766.0,38.0,80.0
-103.0,1793.0,248.0,121.0,,-276.0,-321.0,944.0,-117.0,-83.0
-67.0,2537.0,281.0,278.0,,-550.0,-380.0,997.0,-164.0,-282.0
-89.0,2337.0,315.0,314.0,,-25.0,-432.0,955.0,206.0,-463.0
-163.0,2122.0,408.0,315.0,,248.0,-366.0,1097.0,-52.0,-614.0
-171.0,2306.0,458.0,316.0,,227.0,-264.0,1005.0,-322.0,-738.0
-175.0,1406.0,551.0,275.0,,253.0,-105.0,1040.0,58.0,-752.0
-235.0,567.0,548.0,231.0,,169.0,97.0,892.0,304.0,-710.0
-304.0,448.0,506.0,155.0,,-3.0,264.0,849.0,345.0,-616.0
-371.0,-16.0,508.0,198.0,,53.0,387.0,905.0,8.0,-417.0
-373.0,-604.0,434.0,235.0,,244.0,458.0,753.0,-319.0,-169.0
-402.0,-1202.0,361.0,195.0,,252.0,483.0,827.0,-181.0,130.0
-432.0,-1696.0,401.0,313.0,,448.0,427.0,596.0,-101.0,378.0
-428.0,-1907.0,262.0,365.0,,335.0,380.0,412.0,-458.0,596.0
-391.0,-1856.0,255.0,269.0,,59.0,336.0,299.0,16.0,800.0
-365.0,-1822.0,325.0,152.0,,320.0,216.0,232.0,523.0,927.0
-417.0,-1434.0,254.0,111.0,,469.0,88.0,358.0,618.0,883.0
-451.0,-1083.0,383.0,227.0,,562.0,-49.0,351.0,502.0,763.0
-438.0,-1402.0,416.0,371.0,,603.0,-215.0,432.0,-30.0,664.0
-436.0,-672.0,408.0,486.0,,471.0,-337.0,321.0,84.0,412.0
-478.0,62.0,444.0,600.0,,321.0,-345.0,443.0,143.0,52.0
-473.0,253.0,393.0,612.0,,403.0,-368.0,655.0,-287.0,-272.0
-428.0,854.0,361.0,494.0,,549.0,-437.0,713.0,-905.0,-556.0
-363.0,1277.0,324.0,363.0,,570.0,-481.0,951.0,-558.0,-819.0
-287.0,1768.0,233.0,276.0,,759.0,-549.0,1025.0,-60.0,-927.0
-248.0,2065.0,192.0,300.0,,537.0,-618.0,1178.0,-302.0,-972.0
-186.0,1860.0,119.0,286.0,,224.0,-733.0,1116.0,-239.0,-1029.0
-132.0,1647.0,105.0,295.0,,39.0,-827.0,1018.0,-122.0,-912.0
-114.0,1580.0,108.0,397.0,,-34.0,-903.0,1023.0,-44.0,-686.0
-105.0,899.0,53.0,356.0,,72.0,-972.0,794.0,117.0,-468.0
-51.0,204.0,81.0,276.0,,135.0,-889.0,620.0,242.0,-340.0
0.0,-357.0,-9.0,243.0,,221.0,-744.0,356.0,-192.0,-228.0
31.0,-1492.0,11.0,242.0,,-70.0,-601.0,415.0,-636.0,-123.0
54.0,-1844.0,12.0,259.0,,179.0,-428.0,537.0,-260.0,-92.0
67.0,-1321.0,3.0,314.0,,855.0,-257.0,569.0,351.0,-55.0
89.0,-1546.0,81.0,280.0,,486.0,-139.0,663.0,176.0,-89.0
73.0,-1701.0,36.0,62.0,,149.0,-119.0,497.0,-114.0,-203.0
99.0,-1394.0,167.0,-242.0,,632.0,-118.0,561.0,-93.0,-277.0
90.0,-1477.0,258.0,-448.0,,442.0,-79.0,519.0,133.0,-309.0
35.0,-1078.0,265.0,-394.0,,-19.0,-142.0,450.0,291.0,-473.0
-44.0,-736.0,346.0,-306.0,,462.0,-319.0,443.0,-13.0,-761.0
-114.0,-862.0,328.0,-196.0,,623.0,-533.0,400.0,70.0,-939.0
-138.0,-818.0,278.0,-102.0,,153.0,-624.0,524.0,146.0,-1048.0
-217.0,-506.0,325.0,-75.0,,442.0,-625.0,397.0,273.0,-1197.0
-224.0,-630.0,391.0,-26.0,,794.0,-663.0,450.0,327.0,-1322.0
-237.0,-1242.0,328.0,167.0,,-27.0,-727.0,469.0,495.0,-1349.0
-261.0,-1480.0,309.0,467.0,,-122.0,-843.0,437.0,427.0,-1352.0
-225.0,-1499.0,269.0,598.0,,800.0,-811.0,606.0,200.0,-1319.0
-203.0,-1001.0,111.0,620.0,,374.0,-713.0,567.0,566.0,-1122.0
-169.0,-411.0,109.0,519.0,,-329.0,-688.0,467.0,499.0,-868.0
-133.0,-411.0,0.0,325.0,,64.0,-698.0,116.0,341.0,-652.0
-55.0,-405.0,-69.0,160.0,,96.0,-757.0,-105.0,48.0,-362.0
-33.0,-85.0,-2.0,-43.0,,-222.0,-760.0,-144.0,310.0,-5.0
-11.0,-173.0,1.0,-231.0,,263.0,-773.0,-60.0,524.0,265.0
79.0,-11.0,130.0,-197.0,,409.0,-821.0,365.0,194.0,402.0
122.0,649.0,204.0,-79.0,,-235.0,-804.0,622.0,67.0,508.0
169.0,845.0,304.0,-146.0,,-81.0,-718.0,881.0,-306.0,557.0
160.0,848.0,457.0,-228.0,,180.0,-651.0,892.0,-669.0,463.0
153.0,786.0,496.0,-228.0,,-376.0,-626.0,716.0,-1122.0,350.0
158.0,339.0,497.0,-233.0,,-440.0,-563.0,583.0,-1311.0,176.0
94.0,-487.0,511.0,-194.0,,-105.0,-475.0,314.0,-1560.0,-54.0
5.0,-531.0,502.0,-70.0,,-240.0,-417.0,354.0,-1418.0,-213.0
-63.0,-196.0,458.0,20.0,,-230.0,-364.0,352.0,-985.0,-358.0
-76.0,-95.0,443.0,12.0,,-145.0,-386.0,373.0,-475.0,-463.0
-124.0,-83.0,429.0,-10.0,,-659.0,-504.0,347.0,-308.0,-585.0
-150.0,81.0,404.0,54.0,,-621.0,-623.0,251.0,-565.0,-704.0
-112.0,-146.0,441.0,173.0,,36.0,-691.0,371.0,-121.0,-697.0
-51.0,-1092.0,432.0,180.0,,-461.0,-701.0,388.0,-535.0,-681.0
-22.0,-1263.0,436.0,213.0,,-918.0,-726.0,574.0,-704.0,-722.0
-32.0,-1997.0,450.0,365.0,,-437.0,-769.0,582.0,-530.0,-699.0
24.0,-2561.0,433.0,352.0,,-710.0,-822.0,582.0,-773.0,-544.0
102.0,-2189.0,459.0,250.0,,-905.0,-906.0,609.0,-186.0,-443.0
177.0,-2212.0,462.0,252.0,,-277.0,-1020.0,395.0,389.0,-345.0
211.0,-1914.0,475.0,235.0,,-552.0,-1145.0,363.0,668.0,-168.0
253.0,-1589.0,411.0,124.0,,-1233.0,-1204.0,253.0,904.0,-28.0
300.0,-1539.0,426.0,-58.0,,-714.0,-1204.0,332.0,771.0,140.0
312.0,-1248.0,372.0,-235.0,,-331.0,-1153.0,308.0,426.0,213.0
358.0,-468.0,351.0,-453.0,,-791.0,-1093.0,120.0,483.0,169.0
382.0,-289.0,374.0,-707.0,,-482.0,-1073.0,-24.0,113.0,44.0
409.0,-597.0,287.0,-885.0,,-242.0,-925.0,-330.0,-253.0,-175.0
421.0,-369.0,354.0,-927.0,,-1066.0,-626.0,-301.0,-214.0,-407.0
422.0,-175.0,350.0,-785.0,,-922.0,-360.0,-321.0,-498.0,-715.0
388.0,310.0,334.0,-470.0,,-139.0,-176.0,-162.0,-933.0,-1014.0
303.0,930.0,337.0,-90.0,,-679.0,-49.0,254.0,-1029.0,-1311.0
249.0,1065.0,434.0,93.0,,-947.0,23.0,526.0,-342.0,-1581.0
173.0,1633.0,410.0,228.0,,-283.0,-21.0,814.0,-269.0,-1713.0
95.0,1851.0,372.0,463.0,,-460.0,-114.0,750.0,-519.0,-1778.0
9.0,833.0,483.0,660.0,,-783.0,-181.0,667.0,-435.0,-1744.0
-66.0,430.0,397.0,758.0,,-298.0,-291.0,561.0,-239.0,-1543.0
-106.0,1010.0,443.0,608.0,,-411.0,-398.0,450.0,-254.0,-1167.0
-118.0,1523.0,539.0,342.0,,-951.0,-466.0,363.0,-942.0,-842.0
-87.0,1330.0,527.0,86.0,,-570.0,-572.0,53.0,-1105.0,-576.0
-52.0,1011.0,617.0,-129.0,,-423.0,-731.0,-149.0,-887.0,-235.0
-14.0,1765.0,727.0,-143.0,,-844.0,-847.0,-460.0,-746.0,40.0
6.0,1957.0,678.0,-48.0,,-694.0,-941.0,-558.0,-408.0,200.0
40.0,916.0,660.0,35.0,,-702.0,-1034.0,-474.0,-28.0,285.0
55.0,70.0,621.0,60.0,,-931.0,-1068.0,-339.0,-212.0,385.0
72.0,47.0,454.0,-39.0,,-459.0,-1023.0,-60.0,-544.0,351.0
101.0,170.0,373.0,-176.0,,-427.0,-878.0,29.0,-495.0,249.0
82.0,-403.0,350.0,-224.0,,-933.0,-667.0,306.0,-476.0,224.0
53.0,-1238.0,219.0,-206.0,,-493.0,-488.0,519.0,-650.0,88.0
26.0,-1971.0,158.0,-203.0,,-169.0,-401.0,700.0,-989.0,-82.0
22.0,-2146.0,173.0,-143.0,,-855.0,-358.0,753.0,-514.0,-184.0
-1.0,-2115.0,20.0,-40.0,,-857.0,-355.0,399.0,-87.0,-198.0
-47.0,-1609.0,103.0,7.0,,-304.0,-423.0,155.0,-205.0,-261.0
-103.0,-1326.0,124.0,95.0,,-882.0,-523.0,-127.0,7.0,-381.0
-129.0,-916.0,170.0,175.0,,-1208.0,-599.0,-145.0,-294.0,-360.0
-115.0,1.0,317.0,155.0,,-791.0,-609.0,-121.0,-792.0,-317.0
-143.0,-361.0,341.0,181.0,,-1256.0,-601.0,-230.0,-776.0,-328.0
-191.0,-421.0,474.0,335.0,,-1427.0,-578.0,-205.0,-706.0,-287.0
-222.0,-644.0,511.0,439.0,,-734.0,-531.0,-247.0,-764.0,-202.0
-206.0,-402.0,622.0,408.0,,-922.0,-503.0,-134.0,-976.0,-223.0
-215.0,407.0,666.0,477.0,,-1431.0,-528.0,-219.0,-706.0,-181.0
-240.0,-80.0,799.0,600.0,,-838.0,-648.0,-188.0,220.0,39.0
-214.0,-223.0,816.0,570.0,,-669.0,-713.0,-110.0,444.0,155.0
-158.0,155.0,786.0,493.0,,-1285.0,-723.0,-131.0,-147.0,161.0
-110.0,782.0,913.0,481.0,,-885.0,-712.0,229.0,-397.0,249.0
-115.0,673.0,860.0,514.0,,-336.0,-558.0,413.0,-355.0,390.0
-134.0,713.0,857.0,645.0,,-638.0,-436.0,458.0,-805.0,496.0
-129.0,1274.0,802.0,817.0,,-548.0,-381.0,251.0,-977.0,577.0
-118.0,1463.0,815.0,892.0,,-233.0,-411.0,-48.0,-667.0,688.0
-115.0,1547.0,651.0,976.0,,-648.0,-420.0,-301.0,-592.0,818.0
-128.0,829.0,587.0,922.0,,-568.0,-376.0,-589.0,-685.0,866.0
-146.0,909.0,536.0,687.0,,-189.0,-375.0,-480.0,-373.0,906.0
-153.0,1098.0,320.0,499.0,,-692.0,-261.0,-351.0,561.0,968.0
-133.0,778.0,356.0,278.0,,-699.0,-182.0,-75.0,75.0,927.0
-116.0,338.0,254.0,110.0,,-40.0,-174.0,131.0,-840.0,885.0
-132.0,-341.0,225.0,87.0,,-250.0,-114.0,53.0,-575.0,960.0
-123.0,-780.0,218.0,106.0,,-732.0,-44.0,60.0,-397.0,1062.0
-91.0,-1653.0,224.0,141.0,,-386.0,-15.0,-86.0,-454.0,1039.0
-46.0,-1913.0,165.0,143.0,,-387.0,32.0,-138.0,-812.0,1002.0
-24.0,-1886.0,119.0,3.0,,-652.0,97.0,-328.0,-824.0,1075.0
0.0,-1601.0,237.0,-131.0,,-204.0,104.0,-622.0,-646.0,1078.0
65.0,-679.0,87.0,-139.0,,-189.0,57.0,-774.0,-138.0,978.0
111.0,-166.0,159.0,-98.0,,-574.0,-50.0,-936.0,209.0,951.0
104.0,73.0,182.0,31.0,,-294.0,-91.0,-912.0,-282.0,936.0
52.0,1086.0,64.0,204.0,,-39.0,-109.0,-1003.0,-335.0,767.0
65.0,2345.0,142.0,356.0,,-345.0,-137.0,-909.0,-291.0,612.0
87.0,2991.0,146.0,365.0,,-281.0,-62.0,-635.0,48.0,561.0
39.0,3410.0,164.0,311.0,,-130.0,91.0,-402.0,183.0,432.0
-21.0,3671.0,164.0,281.0,,-530.0,255.0,-11.0,-293.0,280.0
-37.0,3660.0,195.0,186.0,,-366.0,395.0,245.0,-735.0,232.0
-41.0,3038.0,156.0,174.0,,255.0,538.0,550.0,-409.0,210.0
-71.0,2626.0,132.0,141.0,,75.0,651.0,618.0,490.0,108.0
-90.0,1588.0,136.0,38.0,,-94.0,590.0,509.0,371.0,4.0
-98.0,947.0,160.0,-140.0,,172.0,262.0,369.0,226.0,-50.0
-126.0,569.0,82.0,-419.0,,-367.0,-106.0,129.0,226.0,-95.0
-194.0,-480.0,60.0,-585.0,,-781.0,-354.0,83.0,-125.0,-51.0
-222.0,-810.0,165.0,-671.0,,-74.0,-556.0,-92.0,157.0,49.0
-257.0,-1311.0,102.0,-719.0,,89.0,-659.0,-75.0,1022.0,209.0
-314.0,-1084.0,174.0,-662.0,,-409.0,-618.0,-46.0,531.0,360.0
-325.0,-862.0,176.0,-522.0,,-76.0,-464.0,-160.0,-399.0,497.0
-294.0,-993.0,196.0,-282.0,,252.0,-278.0,-245.0,-138.0,702.0
-266.0,-1385.0,215.0,-20.0,,8.0,-80.0,-508.0,-80.0,799.0
-291.0,-1392.0,192.0,200.0,,336.0,56.0,-526.0,-273.0,916.0
-297.0,-964.0,201.0,396.0,,475.0,77.0,-541.0,-648.0,1091.0
-259.0,-1252.0,207.0,563.0,,-58.0,102.0,-400.0,-553.0,1180.0
-251.0,-929.0,205.0,668.0,,78.0,151.0,-134.0,-230.0,1320.0
-286.0,-1012.0,164.0,653.0,,254.0,142.0,-24.0,42.0,1430.0
-305.0,-603.0,233.0,578.0,,-591.0,64.0,168.0,-28.0,1448.0
-301.0,425.0,195.0,377.0,,-816.0,28.0,234.0,-402.0,1427.0
-323.0,31.0,226.0,96.0,,22.0,46.0,369.0,-314.0,1338.0
-386.0,-346.0,240.0,-9.0,,-58.0,55.0,284.0,-421.0,1223.0
-396.0,325.0,222.0,-118.0,,-392.0,159.0,84.0,275.0,1076.0
-374.0,257.0,273.0,-262.0,,219.0,353.0,-134.0,509.0,929.0
-367.0,-288.0,290.0,-298.0,,210.0,451.0,-543.0,-276.0,803.0
-391.0,39.0,250.0,-299.0,,-221.0,587.0,-713.0,-574.0,652.0
-425.0,180.0,210.0,-294.0,,162.0,795.0,-940.0,-109.0,497.0
-403.0,-284.0,278.0,-294.0,,166.0,907.0,-973.0,498.0,388.0
-398.0,-471.0,266.0,-229.0,,-378.0,1015.0,-879.0,47.0,385.0
-420.0,145.0,265.0,-290.0,,-99.0,1087.0,-731.0,-155.0,344.0
-409.0,558.0,282.0,-432.0,,214.0,1121.0,-450.0,-75.0,311.0
-370.0,599.0,232.0,-442.0,,-358.0,1099.0,-402.0,-145.0,396.0
-343.0,1434.0,237.0,-415.0,,-286.0,1020.0,-169.0,444.0,480.0
-315.0,2386.0,206.0,-256.0,,334.0,961.0,-35.0,627.0,576.0
-270.0,2118.0,186.0,-34.0,,-44.0,838.0,75.0,79.0,660.0
-233.0,1912.0,259.0,-2.0,,-126.0,656.0,242.0,13.0,741.0
-222.0,2167.0,218.0,-51.0,,315.0,447.0,304.0,401.0,825.0
-199.0,1731.0,186.0,45.0,,-64.0,283.0,400.0,622.0,915.0
-150.0,1720.0,226.0,183.0,,-189.0,163.0,194.0,555.0,1038.0
-116.0,2075.0,250.0,235.0,,243.0,94.0,83.0,-83.0,1092.0
-54.0,1725.0,250.0,274.0,,-44.0,127.0,-138.0,-404.0,1082.0
22.0,1092.0,297.0,337.0,,-518.0,230.0,-339.0,97.0,1027.0
73.0,308.0,345.0,323.0,,36.0,335.0,-306.0,81.0,948.0
99.0,180.0,352.0,315.0,,496.0,389.0,-408.0,-193.0,819.0
126.0,278.0,359.0,307.0,,244.0,394.0,-332.0,-320.0,565.0
163.0,213.0,255.0,141.0,,262.0,344.0,-388.0,-363.0,386.0
173.0,816.0,244.0,-172.0,,177.0,275.0,-434.0,36.0,315.0
135.0,582.0,212.0,-555.0,,-97.0,207.0,-450.0,137.0,123.0
99.0,48.0,125.0,-771.0,,121.0,165.0,-380.0,418.0,-13.0
66.0,-134.0,50.0,-799.0,,250.0,130.0,-44.0,78.0,22.0
45.0,-304.0,-50.0,-738.0,,-105.0,165.0,125.0,-635.0,-13.0
37.0,-437.0,-124.0,-574.0,,15.0,301.0,454.0,87.0,-127.0
23.0,-844.0,-173.0,-338.0,,313.0,417.0,574.0,944.0,-69.0
51.0,-546.0,-234.0,-266.0,,143.0,536.0,537.0,1299.0,33.0
76.0,-91.0,-323.0,-294.0,,187.0,687.0,473.0,965.0,-9.0
81.0,-301.0,-323.0,-233.0,,482.0,874.0,144.0,784.0,74.0
82.0,-996.0,-362.0,-267.0,,396.0,1054.0,-11.0,988.0,331.0
101.0,-624.0,-379.0,-334.0,,151.0,1214.0,-314.0,948.0,437.0
132.0,-55.0,-323.0,-412.0,,440.0,1277.0,-565.0,835.0,446.0
161.0,-585.0,-262.0,-479.0,,377.0,1151.0,-849.0,616.0,628.0
177.0,-450.0,-250.0,-468.0,,6.0,983.0,-1132.0,687.0,681.0
205.0,140.0,-241.0,-422.0,,250.0,781.0,-1175.0,688.0,485.0
251.0,624.0,-108.0,-307.0,,200.0,622.0,-1285.0,1029.0,422.0
277.0,1006.0,-27.0,-245.0,,77.0,550.0,-1075.0,788.0,362.0
303.0,1333.0,-5.0,-321.0,,463.0,514.0,-970.0,168.0,92.0
306.0,779.0,60.0,-411.0,,530.0,649.0,-890.0,100.0,-98.0
310.0,396.0,89.0,-486.0,,186.0,824.0,-678.0,6.0,-107.0
292.0,-49.0,135.0,-498.0,,221.0,917.0,-524.0,235.0,-239.0
274.0,-626.0,186.0,-317.0,,517.0,982.0,-162.0,60.0,-392.0
230.0,-176.0,186.0,-68.0,,347.0,987.0,16.0,-118.0,-345.0
159.0,-881.0,232.0,124.0,,129.0,963.0,168.0,-174.0,-265.0
112.0,-347.0,286.0,194.0,,291.0,931.0,210.0,-115.0,-278.0
55.0,384.0,328.0,134.0,,243.0,827.0,136.0,221.0,-184.0
-1.0,148.0,336.0,-2.0,,77.0,683.0,168.0,403.0,84.0
-87.0,296.0,321.0,-231.0,,207.0,599.0,73.0,392.0,272.0
-150.0,-111.0,316.0,-421.0,,205.0,538.0,83.0,188.0,428.0
-197.0,-103.0,299.0,-572.0,,150.0,484.0,40.0,540.0,630.0
-199.0,-506.0,322.0,-861.0,,297.0,537.0,-9.0,837.0,875.0
-171.0,-679.0,290.0,-1076.0,,191.0,718.0,-129.0,316.0,1044.0
-154.0,-946.0,280.0,-1051.0,,-174.0,895.0,-258.0,-494.0,1058.0
-44.0,-683.0,331.0,-898.0,,-62.0,948.0,-164.0,-468.0,1036.0
96.0,-271.0,310.0,-581.0,,209.0,924.0,-282.0,-18.0,981.0
190.0,-79.0,322.0,-231.0,,-131.0,881.0,-273.0,450.0,952.0
285.0,369.0,376.0,-27.0,,-235.0,812.0,-179.0,527.0,758.0
374.0,373.0,454.0,13.0,,150.0,799.0,-16.0,92.0,520.0
421.0,922.0,426.0,-26.0,,-24.0,776.0,177.0,135.0,431.0
439.0,529.0,381.0,0.0,,-366.0,674.0,90.0,-80.0,205.0
442.0,947.0,477.0,96.0,,-34.0,619.0,120.0,265.0,0.0
455.0,1071.0,463.0,258.0,,-15.0,630.0,-49.0,288.0,-96.0
413.0,475.0,484.0,398.0,,-463.0,629.0,-169.0,-563.0,-162.0
361.0,398.0,542.0,356.0,,-397.0,525.0,-284.0,-514.0,-309.0
324.0,-97.0,517.0,217.0,,-340.0,401.0,-471.0,425.0,-466.0
278.0,54.0,563.0,132.0,,-588.0,289.0,-452.0,1283.0,-405.0
197.0,-203.0,566.0,15.0,,-521.0,166.0,-679.0,841.0,-367.0
112.0,96.0,527.0,-69.0,,-200.0,132.0,-705.0,253.0,-357.0
103.0,-108.0,509.0,-141.0,,-321.0,229.0,-759.0,-24.0,-382.0
34.0,-477.0,491.0,-301.0,,-330.0,395.0,-748.0,312.0,-341.0
-12.0,-466.0,409.0,-480.0,,98.0,514.0,-630.0,857.0,-280.0
-59.0,-568.0,354.0,-664.0,,-93.0,632.0,-703.0,300.0,-368.0
-101.0,-140.0,346.0,-725.0,,-333.0,697.0,-504.0,-265.0,-423.0
-107.0,-648.0,233.0,-729.0,,-115.0,703.0,-378.0,-432.0,-522.0
-145.0,-487.0,226.0,-661.0,,-244.0,713.0,-66.0,-63.0,-591.0
-89.0,66.0,221.0,-533.0,,-548.0,646.0,218.0,328.0,-708.0
-26.0,288.0,136.0,-494.0,,-354.0,593.0,399.0,72.0,-745.0
33.0,-108.0,146.0,-409.0,,-218.0,571.0,617.0,-327.0,-647.0
66.0,-426.0,168.0,-261.0,,-513.0,560.0,491.0,-434.0,-604.0
90.0,-240.0,145.0,-123.0,,-409.0,529.0,378.0,249.0,-535.0
156.0,-941.0,193.0,80.0,,-206.0,453.0,27.0,689.0,-336.0
195.0,-926.0,196.0,318.0,,-377.0,403.0,-227.0,75.0,29.0
178.0,-1114.0,114.0,415.0,,-214.0,325.0,-358.0,-336.0,286.0
158.0,-1536.0,145.0,497.0,,49.0,295.0,-582.0,-354.0,521.0
182.0,-1252.0,101.0,574.0,,-392.0,272.0,-644.0,166.0,784.0
176.0,-1068.0,52.0,501.0,,-576.0,183.0,-827.0,882.0,932.0
195.0,-387.0,-18.0,398.0,,-171.0,180.0,-735.0,423.0,904.0
200.0,-35.0,-104.0,219.0,,-216.0,246.0,-626.0,67.0,808.0
218.0,-276.0,-85.0,-52.0,,-373.0,309.0,-500.0,436.0,716.0
235.0,265.0,-73.0,-253.0,,-176.0,336.0,-140.0,638.0,540.0
245.0,872.0,-66.0,-378.0,,-148.0,344.0,16.0,815.0,347.0
289.0,363.0,-71.0,-514.0,,-445.0,415.0,72.0,455.0,81.0
282.0,330.0,-52.0,-842.0,,-319.0,514.0,-177.0,-178.0,-159.0
285.0,730.0,-127.0,-1270.0,,-118.0,630.0,-358.0,-143.0,-422.0
239.0,543.0,-48.0,-1587.0,,-419.0,750.0,-436.0,38.0,-618.0
186.0,663.0,19.0,-1735.0,,-429.0,818.0,-548.0,123.0,-699.0
156.0,822.0,72.0,-1657.0,,-185.0,798.0,-428.0,-103.0,-737.0
113.0,630.0,129.0,-1444.0,,-346.0,714.0,-484.0,-600.0,-822.0
91.0,-72.0,89.0,-1149.0,,-378.0,629.0,-439.0,-464.0,-942.0
112.0,-386.0,153.0,-827.0,,-52.0,512.0,-439.0,103.0,-750.0
166.0,-547.0,91.0,-526.0,,-263.0,393.0,-443.0,242.0,-519.0
177.0,-1319.0,184.0,-316.0,,-563.0,310.0,-227.0,-262.0,-429.0
239.0,-1398.0,167.0,-222.0,,-280.0,204.0,-20.0,-660.0,-370.0
257.0,-1795.0,207.0,-145.0,,-157.0,74.0,332.0,-587.0,-125.0
209.0,-2091.0,357.0,-207.0,,-323.0,-31.0,432.0,-215.0,115.0
168.0,-1591.0,323.0,-362.0,,-146.0,-60.0,569.0,-465.0,228.0
126.0,-1873.0,374.0,-404.0,,-70.0,-42.0,642.0,-1161.0,498.0
103.0,-1638.0,342.0,-321.0,,-263.0,7.0,565.0,-987.0,617.0
47.0,-850.0,386.0,-201.0,,18.0,100.0,574.0,-808.0,688.0
10.0,-679.0,361.0,-134.0,,191.0,240.0,269.0,-639.0,817.0
-20.0,-501.0,337.0,-119.0,,-126.0,367.0,118.0,-318.0,876.0
-9.0,255.0,409.0,-213.0,,-242.0,366.0,-49.0,-589.0,766.0
14.0,1080.0,414.0,-216.0,,-28.0,345.0,-267.0,-1111.0,612.0
39.0,983.0,393.0,16.0,,-233.0,293.0,-448.0,-1198.0,527.0
12.0,1600.0,421.0,65.0,,-529.0,223.0,-652.0,-745.0,347.0
7.0,1940.0,445.0,-91.0,,-185.0,228.0,-569.0,-516.0,153.0
57.0,1022.0,427.0,-190.0,,-178.0,229.0,-545.0,-823.0,-56.0
5.0,1059.0,463.0,-273.0,,-308.0,259.0,-336.0,-1082.0,-222.0
-22.0,1010.0,391.0,-290.0,,143.0,213.0,-227.0,-830.0,-362.0
-77.0,771.0,489.0,-288.0,,250.0,130.0,-97.0,-881.0,-480.0
-75.0,395.0,498.0,-410.0,,-37.0,93.0,206.0,-1120.0,-599.0
-89.0,-214.0,360.0,-590.0,,216.0,38.0,254.0,-1066.0,-729.0
-119.0,-59.0,465.0,-768.0,,542.0,56.0,421.0,-913.0,-802.0
-68.0,-237.0,389.0,-744.0,,227.0,109.0,375.0,-599.0,-915.0
-56.0,-702.0,331.0,-415.0,,56.0,124.0,373.0,-221.0,-1168.0
26.0,-695.0,362.0,-212.0,,352.0,126.0,339.0,411.0,-1410.0
89.0,-862.0,317.0,-163.0,,329.0,205.0,260.0,170.0,-1487.0
131.0,-755.0,316.0,26.0,,265.0,371.0,349.0,-607.0,-1606.0
230.0,-532.0,185.0,185.0,,427.0,469.0,173.0,-473.0,-1652.0
317.0,-322.0,157.0,311.0,,206.0,486.0,182.0,-99.0,-1616.0
349.0,0.0,165.0,455.0,,126.0,451.0,18.0,-136.0,-1590.0
407.0,-509.0,118.0,442.0,,457.0,283.0,-219.0,-342.0,-1492.0
452.0,-414.0,199.0,398.0,,364.0,90.0,-382.0,-393.0,-1301.0
505.0,-250.0,155.0,432.0,,-189.0,-45.0,-546.0,-472.0,-1125.0
540.0,-576.0,174.0,366.0,,-202.0,-193.0,-476.0,-128.0,-1029.0
535.0,-326.0,220.0,213.0,,160.0,-230.0,-582.0,-52.0,-782.0
545.0,-7.0,178.0,134.0,,-66.0,-165.0,-528.0,-429.0,-596.0
521.0,-279.0,290.0,118.0,,-119.0,-118.0,-461.0,-415.0,-504.0
510.0,-798.0,349.0,65.0,,46.0,-49.0,-273.0,-392.0,-434.0
413.0,-397.0,400.0,8.0,,-212.0,20.0,88.0,-40.0,-525.0
365.0,-560.0,449.0,-9.0,,-169.0,55.0,195.0,179.0,-649.0
363.0,-738.0,470.0,-92.0,,204.0,89.0,365.0,84.0,-701.0
307.0,52.0,508.0,-101.0,,118.0,73.0,386.0,-249.0,-779.0
262.0,691.0,517.0,-9.0,,-117.0,25.0,336.0,-270.0,-1078.0
229.0,593.0,556.0,118.0,,67.0,15.0,142.0,278.0,-1321.0
192.0,537.0,432.0,332.0,,0.0,1.0,-107.0,181.0,-1370.0
167.0,724.0,325.0,374.0,,-223.0,11.0,-118.0,-342.0,-1470.0
122.0,102.0,374.0,242.0,,155.0,27.0,-303.0,-656.0,-1572.0
90.0,286.0,213.0,48.0,,339.0,-52.0,-351.0,-234.0,-1537.0
110.0,328.0,123.0,-172.0,,-75.0,-113.0,-404.0,321.0,-1455.0
79.0,276.0,163.0,-234.0,,-36.0,-218.0,-585.0,698.0,-1369.0
93.0,162.0,-1.0,-73.0,,208.0,-392.0,-639.0,574.0,-1119.0
106.0,-512.0,15.0,69.0,,-116.0,-434.0,-729.0,322.0,-804.0
177.0,-413.0,12.0,27.0,,-7.0,-475.0,-630.0,409.0,-680.0
217.0,-953.0,-74.0,-41.0,,351.0,-451.0,-524.0,-51.0,-563.0
209.0,-702.0,-74.0,-100.0,,-1.0,-277.0,-303.0,-333.0,-253.0
234.0,-232.0,-118.0,-83.0,,-237.0,-90.0,-55.0,-814.0,-21.0
250.0,-48.0,-52.0,1.0,,77.0,89.0,116.0,-1239.0,14.0
250.0,182.0,-67.0,50.0,,83.0,204.0,232.0,-907.0,71.0
160.0,-135.0,-41.0,42.0,,30.0,241.0,70.0,-21.0,187.0
136.0,439.0,-35.0,-78.0,,523.0,237.0,140.0,544.0,203.0
90.0,297.0,-70.0,-149.0,,381.0,233.0,66.0,32.0,235.0
16.0,713.0,0.0,-141.0,,-61.0,147.0,88.0,-456.0,284.0
-51.0,1255.0,-116.0,-193.0,,263.0,-24.0,103.0,-706.0,164.0
-41.0,464.0,-120.0,-204.0,,356.0,-186.0,-216.0,-447.0,99.0
26.0,285.0,-91.0,-120.0,,73.0,-353.0,-339.0,-94.0,161.0
71.0,38.0,-150.0,-83.0,,403.0,-536.0,-642.0,-630.0,177.0
112.0,79.0,-122.0,-112.0,,408.0,-718.0,-587.0,-984.0,202.0
92.0,-206.0,-202.0,-115.0,,-425.0,-933.0,-419.0,-245.0,181.0
123.0,-392.0,-215.0,-38.0,,-372.0,-1120.0,-325.0,318.0,161.0
106.0,175.0,-230.0,85.0,,13.0,-1135.0,-97.0,475.0,224.0
25.0,-511.0,-248.0,110.0,,-73.0,-1058.0,-145.0,566.0,275.0
-36.0,-742.0,-222.0,25.0,,338.0,-933.0,-109.0,303.0,271.0
-84.0,-174.0,-200.0,-123.0,,787.0,-821.0,-308.0,531.0,210.0
-137.0,-271.0,-163.0,-214.0,,426.0,-723.0,-395.0,778.0,173.0
-183.0,-450.0,-92.0,-242.0,,140.0,-579.0,-323.0,492.0,111.0
-222.0,111.0,-32.0,-342.0,,520.0,-503.0,-282.0,-169.0,72.0
-251.0,1178.0,-25.0,-532.0,,167.0,-406.0,-3.0,-754.0,6.0
-258.0,1284.0,59.0,-711.0,,-490.0,-255.0,40.0,-137.0,-102.0
-281.0,1388.0,85.0,-624.0,,63.0,-85.0,79.0,727.0,-163.0
-331.0,1742.0,90.0,-382.0,,527.0,77.0,-20.0,830.0,-231.0
-345.0,1184.0,65.0,-184.0,,388.0,243.0,-188.0,302.0,-174.0
-337.0,652.0,64.0,40.0,,1118.0,411.0,-334.0,-332.0,-161.0
-378.0,898.0,76.0,330.0,,1676.0,413.0,-594.0,-227.0,-179.0
-344.0,749.0,51.0,600.0,,617.0,278.0,-644.0,20.0,-73.0
-325.0,179.0,0.0,734.0,,-287.0,62.0,-742.0,-273.0,-2.0
-312.0,-233.0,-85.0,731.0,,-353.0,-196.0,-631.0,-680.0,-18.0
-273.0,-534.0,-55.0,582.0,,-753.0,-469.0,-565.0,-643.0,-10.0
-249.0,-196.0,-54.0,420.0,,-340.0,-667.0,-570.0,-305.0,42.0
-232.0,-554.0,-118.0,331.0,,834.0,-763.0,-400.0,262.0,-10.0
-225.0,-397.0,-95.0,278.0,,893.0,-924.0,-508.0,308.0,-67.0
-227.0,342.0,-122.0,319.0,,621.0,-1076.0,-458.0,-375.0,-116.0
-270.0,130.0,-187.0,384.0,,580.0,-1115.0,-406.0,-417.0,-116.0
-262.0,400.0,-152.0,363.0,,-43.0,-1073.0,-339.0,-85.0,-106.0
-247.0,282.0,-231.0,248.0,,-516.0,-1037.0,-192.0,57.0,-204.0
-228.0,88.0,-270.0,-13.0,,-19.0,-1031.0,-155.0,-120.0,-287.0
-238.0,261.0,-222.0,-352.0,,51.0,-1035.0,-22.0,-687.0,-406.0
-203.0,361.0,-276.0,-506.0,,-401.0,-1024.0,-97.0,-754.0,-521.0
-141.0,802.0,-256.0,-463.0,,151.0,-981.0,66.0,-72.0,-645.0
-120.0,760.0,-189.0,-317.0,,720.0,-927.0,147.0,400.0,-793.0
-87.0,537.0,-265.0,-117.0,,424.0,-817.0,73.0,328.0,-856.0
-98.0,296.0,-281.0,12.0,,9.0,-676.0,208.0,-4.0,-800.0
-120.0,-6.0,-212.0,138.0,,-2.0,-603.0,149.0,-152.0,-610.0
-170.0,55.0,-251.0,328.0,,668.0,-592.0,306.0,323.0,-404.0
-212.0,149.0,-265.0,536.0,,1002.0,-555.0,242.0,700.0,-259.0
-245.0,332.0,-171.0,763.0,,209.0,-476.0,27.0,203.0,-78.0
-279.0,371.0,-253.0,892.0,,-697.0,-356.0,-103.0,-405.0,164.0
-281.0,313.0,-296.0,875.0,,-706.0,-302.0,-297.0,-845.0,438.0
-296.0,191.0,-182.0,719.0,,169.0,-337.0,-406.0,-725.0,572.0
-326.0,-692.0,-322.0,508.0,,1352.0,-342.0,-594.0,-105.0,554.0
-318.0,-1944.0,-312.0,438.0,,1840.0,-407.0,-391.0,-214.0,640.0
-320.0,-1494.0,-340.0,429.0,,440.0,-562.0,-216.0,-268.0,657.0
-326.0,-542.0,-385.0,335.0,,-1354.0,-693.0,-116.0,-498.0,531.0
-326.0,-1213.0,-302.0,188.0,,-989.0,-801.0,-53.0,-496.0,401.0
-336.0,-968.0,-351.0,27.0,,696.0,-852.0,-208.0,181.0,253.0
-323.0,-458.0,-333.0,-76.0,,953.0,-834.0,-149.0,215.0,61.0
-314.0,-555.0,-367.0,-39.0,,-49.0,-850.0,-197.0,-208.0,-71.0
-298.0,-265.0,-311.0,72.0,,315.0,-891.0,-147.0,-392.0,-115.0
-287.0,275.0,-221.0,90.0,,811.0,-975.0,-97.0,0.0,-257.0
-252.0,1082.0,-266.0,24.0,,-242.0,-1039.0,-14.0,484.0,-399.0
-253.0,1254.0,-217.0,20.0,,-442.0,-1022.0,144.0,840.0,-435.0
-253.0,1856.0,-11.0,-16.0,,460.0,-972.0,-9.0,564.0,-330.0
-216.0,2090.0,-75.0,-83.0,,515.0,-923.0,-88.0,282.0,-155.0
-194.0,1191.0,-27.0,-54.0,,404.0,-821.0,-391.0,596.0,-44.0
-181.0,598.0,180.0,-17.0,,440.0,-611.0,-609.0,837.0,79.0
-117.0,536.0,34.0,-51.0,,16.0,-457.0,-583.0,353.0,221.0
-69.0,94.0,110.0,-87.0,,-35.0,-291.0,-667.0,-322.0,425.0
-94.0,-636.0,195.0,53.0,,545.0,-158.0,-578.0,-287.0,594.0
-82.0,-867.0,125.0,298.0,,598.0,-151.0,-617.0,-336.0,652.0
-74.0,-999.0,196.0,482.0,,-195.0,-179.0,-556.0,54.0,687.0
-43.0,-545.0,165.0,578.0,,-306.0,-160.0,-406.0,283.0,688.0
-29.0,-957.0,198.0,549.0,,159.0,-158.0,-49.0,65.0,744.0
-27.0,-648.0,215.0,596.0,,889.0,-336.0,456.0,386.0,762.0
-4.0,936.0,157.0,799.0,,1488.0,-417.0,615.0,538.0,684.0
32.0,766.0,223.0,1003.0,,-104.0,-400.0,772.0,719.0,597.0
37.0,709.0,159.0,1150.0,,-1387.0,-393.0,593.0,599.0,495.0
-17.0,627.0,194.0,1148.0,,193.0,-371.0,336.0,-133.0,468.0
-43.0,18.0,211.0,999.0,,633.0,-400.0,48.0,-183.0,383.0
-58.0,-137.0,146.0,835.0,,-477.0,-426.0,-382.0,147.0,155.0
-52.0,412.0,201.0,714.0,,594.0,-503.0,-491.0,107.0,-100.0
-60.0,858.0,125.0,596.0,,416.0,-592.0,-591.0,130.0,-269.0
-50.0,521.0,103.0,519.0,,-1690.0,-609.0,-465.0,-198.0,-376.0
-37.0,726.0,150.0,420.0,,170.0,-593.0,-436.0,-354.0,-535.0
-40.0,263.0,175.0,211.0,,2103.0,-549.0,-413.0,122.0,-594.0
-95.0,-420.0,158.0,55.0,,-661.0,-462.0,-175.0,240.0,-548.0
-145.0,-17.0,174.0,-150.0,,-1245.0,-384.0,-66.0,219.0,-520.0
-150.0,408.0,273.0,-382.0,,2044.0,-303.0,125.0,36.0,-405.0
-176.0,773.0,242.0,-479.0,,1647.0,-183.0,173.0,-41.0,-208.0
-191.0,756.0,211.0,-510.0,,-1236.0,-37.0,419.0,191.0,-71.0
-201.0,297.0,270.0,-360.0,,-832.0,-17.0,600.0,359.0,63.0
-154.0,526.0,279.0,-108.0,,622.0,-51.0,618.0,262.0,259.0
-58.0,542.0,233.0,169.0,,1399.0,-3.0,724.0,-83.0,422.0
54.0,-311.0,214.0,370.0,,1796.0,-69.0,561.0,32.0,484.0
155.0,-398.0,289.0,374.0,,88.0,-184.0,452.0,48.0,527.0
249.0,-25.0,183.0,280.0,,-595.0,-277.0,133.0,234.0,559.0
342.0,167.0,170.0,154.0,,924.0,-347.0,-136.0,365.0,482.0
373.0,-382.0,234.0,97.0,,860.0,-349.0,-214.0,-21.0,370.0
314.0,-1044.0,219.0,-6.0,,467.0,-355.0,-195.0,5.0,285.0
262.0,-893.0,340.0,-54.0,,283.0,-420.0,147.0,279.0,182.0
244.0,-1659.0,273.0,60.0,,-373.0,-436.0,349.0,437.0,9.0
227.0,-2135.0,382.0,153.0,,709.0,-350.0,674.0,242.0,-136.0
242.0,-1226.0,393.0,131.0,,1597.0,-339.0,825.0,-37.0,-272.0
240.0,-892.0,400.0,113.0,,-124.0,-328.0,726.0,-140.0,-415.0
248.0,-719.0,561.0,51.0,,-917.0,-225.0,593.0,-88.0,-512.0
235.0,-347.0,471.0,-156.0,,843.0,-14.0,203.0,34.0,-631.0
216.0,-426.0,603.0,-174.0,,1578.0,213.0,97.0,142.0,-731.0
150.0,-387.0,659.0,-72.0,,231.0,289.0,-35.0,36.0,-846.0
51.0,165.0,664.0,-85.0,,-296.0,401.0,-168.0,102.0,-912.0
-47.0,1024.0,758.0,-123.0,,784.0,582.0,-288.0,496.0,-940.0
-150.0,680.0,830.0,-126.0,,751.0,754.0,-561.0,629.0,-923.0
-195.0,-28.0,829.0,-199.0,,278.0,858.0,-618.0,546.0,-926.0
-232.0,483.0,778.0,-262.0,,844.0,780.0,-770.0,591.0,-1024.0
-263.0,322.0,847.0,-237.0,,164.0,719.0,-766.0,467.0,-977.0
-277.0,-424.0,744.0,-297.0,,-400.0,673.0,-752.0,506.0,-895.0
-231.0,-256.0,758.0,-439.0,,646.0,515.0,-687.0,900.0,-859.0
-193.0,236.0,751.0,-487.0,,882.0,296.0,-561.0,787.0,-800.0
-191.0,-336.0,596.0,-288.0,,872.0,87.0,-508.0,907.0,-686.0
-150.0,-471.0,665.0,-84.0,,1276.0,-70.0,-42.0,1174.0,-584.0
-55.0,230.0,658.0,-27.0,,100.0,-260.0,280.0,1585.0,-543.0
26.0,-534.0,615.0,4.0,,-431.0,-329.0,578.0,1709.0,-506.0
29.0,-206.0,652.0,87.0,,1801.0,-346.0,720.0,1510.0,-576.0
26.0,1008.0,678.0,186.0,,2105.0,-438.0,583.0,1362.0,-622.0
73.0,1037.0,667.0,225.0,,-701.0,-465.0,506.0,570.0,-527.0
119.0,1294.0,679.0,271.0,,-872.0,-487.0,194.0,433.0,-420.0
88.0,1091.0,725.0,168.0,,1873.0,-472.0,38.0,483.0,-431.0
75.0,360.0,610.0,-92.0,,1648.0,-417.0,-145.0,391.0,-469.0
118.0,-423.0,617.0,-167.0,,-994.0,-285.0,-197.0,373.0,-340.0
154.0,-1091.0,737.0,-17.0,,-215.0,-129.0,-120.0,76.0,-194.0
117.0,-2122.0,673.0,133.0,,2042.0,-119.0,-109.0,242.0,-179.0
28.0,-2489.0,659.0,282.0,,1060.0,-45.0,88.0,473.0,-141.0
-23.0,-2006.0,581.0,435.0,,-79.0,151.0,109.0,169.0,-106.0
-50.0,-2741.0,574.0,449.0,,54.0,362.0,341.0,-233.0,-150.0
-54.0,-2822.0,651.0,286.0,,-802.0,589.0,524.0,-409.0,-135.0
-89.0,-2223.0,652.0,141.0,,-69.0,690.0,572.0,-225.0,-130.0
-103.0,-1950.0,656.0,107.0,,1861.0,653.0,631.0,105.0,-282.0
-105.0,-1517.0,599.0,74.0,,738.0,597.0,436.0,48.0,-459.0
-122.0,-519.0,714.0,72.0,,-816.0,614.0,323.0,8.0,-463.0
-123.0,823.0,684.0,124.0,,157.0,685.0,64.0,46.0,-535.0
-152.0,982.0,717.0,195.0,,179.0,722.0,-90.0,359.0,-695.0
-225.0,744.0,785.0,211.0,,-484.0,790.0,-210.0,664.0,-767.0
-268.0,1077.0,672.0,172.0,,1318.0,877.0,-369.0,296.0,-865.0
-257.0,1557.0,723.0,104.0,,1327.0,871.0,-352.0,148.0,-837.0
-298.0,1084.0,689.0,16.0,,-1060.0,811.0,-428.0,279.0,-782.0
-314.0,1114.0,703.0,9.0,,137.0,869.0,-249.0,120.0,-706.0
-296.0,1908.0,711.0,61.0,,1584.0,866.0,-164.0,-7.0,-551.0
-308.0,1070.0,704.0,142.0,,-820.0,670.0,-46.0,150.0,-444.0
-320.0,300.0,582.0,192.0,,-843.0,536.0,290.0,-140.0,-278.0
-311.0,543.0,616.0,215.0,,1965.0,459.0,493.0,-413.0,-108.0
-315.0,348.0,645.0,346.0,,926.0,419.0,737.0,100.0,-14.0
-332.0,-540.0,480.0,529.0,,-772.0,367.0,707.0,341.0,-3.0
-305.0,-690.0,554.0,669.0,,626.0,270.0,639.0,468.0,-20.0
-314.0,116.0,454.0,767.0,,667.0,158.0,345.0,205.0,-87.0
-347.0,-257.0,514.0,803.0,,-398.0,58.0,-72.0,-120.0,-157.0
-337.0,-1143.0,538.0,725.0,,728.0,115.0,-310.0,-7.0,-248.0
-282.0,-916.0,537.0,443.0,,1018.0,100.0,-691.0,30.0,-394.0
-258.0,-878.0,653.0,87.0,,-923.0,21.0,-696.0,305.0,-421.0
-249.0,-999.0,583.0,-216.0,,-157.0,96.0,-572.0,203.0,-465.0
-187.0,-783.0,577.0,-515.0,,1665.0,76.0,-280.0,361.0,-472.0
-138.0,-600.0,604.0,-669.0,,-99.0,-22.0,68.0,506.0,-409.0
-96.0,-779.0,545.0,-649.0,,-826.0,5.0,253.0,412.0,-335.0
-75.0,-1816.0,509.0,-612.0,,1234.0,52.0,563.0,185.0,-144.0
-114.0,-1537.0,511.0,-560.0,,989.0,52.0,631.0,-118.0,5.0
-123.0,-726.0,526.0,-496.0,,-359.0,137.0,755.0,94.0,148.0
-82.0,-999.0,583.0,-452.0,,331.0,320.0,685.0,-80.0,280.0
-75.0,-910.0,374.0,-413.0,,453.0,529.0,428.0,81.0,337.0
-70.0,-267.0,434.0,-397.0,,-225.0,801.0,201.0,-22.0,433.0
-47.0,441.0,464.0,-304.0,,742.0,1037.0,-169.0,-52.0,549.0
28.0,160.0,337.0,-125.0,,672.0,1139.0,-332.0,543.0,630.0
92.0,-365.0,413.0,33.0,,-627.0,1198.0,-467.0,391.0,637.0
135.0,222.0,333.0,103.0,,308.0,1199.0,-321.0,429.0,682.0
167.0,640.0,389.0,207.0,,693.0,1090.0,-101.0,447.0,748.0
160.0,222.0,422.0,345.0,,-396.0,911.0,164.0,-107.0,722.0
200.0,1123.0,426.0,450.0,,87.0,783.0,613.0,-445.0,632.0
178.0,1580.0,436.0,628.0,,794.0,695.0,844.0,-122.0,638.0
145.0,886.0,303.0,658.0,,11.0,451.0,1165.0,-1.0,711.0
133.0,1211.0,296.0,593.0,,-121.0,365.0,1221.0,-281.0,632.0
106.0,1230.0,300.0,704.0,,454.0,352.0,1140.0,-164.0,605.0
40.0,1607.0,167.0,883.0,,-355.0,189.0,877.0,-164.0,624.0
-33.0,1111.0,240.0,877.0,,-308.0,313.0,386.0,-246.0,469.0
-69.0,573.0,252.0,740.0,,348.0,367.0,125.0,-298.0,274.0
-161.0,630.0,290.0,586.0,,-436.0,264.0,-273.0,-309.0,131.0
-238.0,-24.0,359.0,314.0,,-316.0,45.0,-436.0,-28.0,-57.0
-309.0,-439.0,343.0,113.0,,603.0,-230.0,-417.0,275.0,-379.0
-369.0,-1409.0,478.0,5.0,,-92.0,-403.0,-284.0,558.0,-672.0
-416.0,-1063.0,489.0,-27.0,,-695.0,-679.0,29.0,913.0,-838.0
-446.0,-1192.0,656.0,89.0,,586.0,-581.0,323.0,1315.0,-1072.0
-453.0,-1715.0,726.0,185.0,,369.0,-434.0,776.0,1034.0,-1286.0
-500.0,-700.0,696.0,270.0,,-1554.0,-316.0,905.0,340.0,-1255.0
-522.0,-275.0,785.0,316.0,,-314.0,-157.0,964.0,161.0,-1146.0
-512.0,-207.0,869.0,259.0,,1629.0,-7.0,857.0,-35.0,-1065.0
-519.0,-349.0,865.0,208.0,,-610.0,216.0,485.0,-300.0,-912.0
-532.0,-190.0,881.0,177.0,,-1453.0,191.0,251.0,-128.0,-672.0
-501.0,1.0,866.0,207.0,,843.0,543.0,-77.0,375.0,-458.0
-449.0,-150.0,731.0,313.0,,-507.0,624.0,-181.0,232.0,-320.0
-372.0,79.0,729.0,424.0,,-2149.0,488.0,-286.0,-190.0,-232.0
-270.0,548.0,476.0,499.0,,458.0,745.0,-319.0,12.0,-194.0
-188.0,-103.0,469.0,484.0,,515.0,657.0,-230.0,-423.0,-249.0
-125.0,-523.0,345.0,464.0,,-1809.0,662.0,-256.0,-816.0,-314.0
-79.0,0.0,183.0,481.0,,131.0,547.0,3.0,-988.0,-278.0
-39.0,29.0,323.0,513.0,,454.0,496.0,199.0,-1365.0,-362.0
-33.0,520.0,178.0,663.0,,-2491.0,571.0,493.0,-1146.0,-495.0
-53.0,710.0,189.0,815.0,,-424.0,267.0,696.0,-1073.0,-542.0
-72.0,1081.0,214.0,779.0,,1508.0,357.0,672.0,-706.0,-536.0
-98.0,1444.0,166.0,627.0,,-1582.0,221.0,652.0,-263.0,-540.0
-87.0,1209.0,201.0,493.0,,-1141.0,81.0,358.0,51.0,-621.0
-59.0,1492.0,361.0,434.0,,1314.0,386.0,254.0,264.0,-582.0
-65.0,1449.0,304.0,342.0,,-1590.0,342.0,147.0,-148.0,-557.0
-91.0,1681.0,270.0,166.0,,-2289.0,362.0,197.0,-661.0,-493.0
-116.0,1800.0,288.0,-35.0,,1583.0,220.0,417.0,-713.0,-314.0
-147.0,1122.0,203.0,-277.0,,59.0,134.0,452.0,-262.0,-141.0
-188.0,610.0,223.0,-382.0,,-2363.0,42.0,630.0,-184.0,11.0
-202.0,604.0,171.0,-326.0,,1070.0,-344.0,668.0,-46.0,139.0
-182.0,390.0,134.0,-314.0,,899.0,-274.0,873.0,237.0,382.0
-154.0,356.0,-3.0,-242.0,,-2481.0,-562.0,1134.0,474.0,566.0
-113.0,1042.0,-38.0,-63.0,,-124.0,-800.0,1370.0,518.0,726.0
-74.0,407.0,-43.0,181.0,,1458.0,-618.0,1585.0,337.0,912.0
-18.0,-7.0,-33.0,462.0,,-1558.0,-665.0,1439.0,96.0,1036.0
-8.0,452.0,-77.0,644.0,,-713.0,-447.0,1319.0,-478.0,1159.0
-29.0,-190.0,-160.0,789.0,,1486.0,-344.0,914.0,-487.0,1223.0
-64.0,-712.0,-171.0,904.0,,-1246.0,-132.0,458.0,-153.0,1236.0
-117.0,-689.0,-217.0,1003.0,,-1631.0,-109.0,59.0,217.0,1107.0
-88.0,-659.0,-135.0,983.0,,856.0,-160.0,-354.0,424.0,951.0
-95.0,-843.0,-136.0,848.0,,-833.0,233.0,-473.0,405.0,877.0
-146.0,-614.0,-133.0,830.0,,-1636.0,-39.0,-600.0,475.0,787.0
-201.0,-297.0,-51.0,795.0,,1182.0,-199.0,-413.0,113.0,654.0
-221.0,-880.0,-31.0,675.0,,379.0,-288.0,-136.0,64.0,527.0
-260.0,-1217.0,13.0,404.0,,-1960.0,-653.0,230.0,260.0,589.0
-341.0,-932.0,186.0,104.0,,11.0,-804.0,737.0,-256.0,720.0
-356.0,-68.0,177.0,21.0,,555.0,-1036.0,1018.0,-348.0,815.0
-339.0,-175.0,155.0,70.0,,-1570.0,-873.0,1269.0,-46.0,969.0
-305.0,-759.0,279.0,242.0,,-151.0,-900.0,1188.0,-54.0,1179.0
-317.0,203.0,229.0,390.0,,1154.0,-783.0,1095.0,228.0,1309.0
-316.0,311.0,287.0,414.0,,-1130.0,-280.0,994.0,453.0,1343.0
-350.0,225.0,327.0,391.0,,-951.0,-275.0,764.0,538.0,1441.0
-400.0,591.0,280.0,421.0,,999.0,-26.0,606.0,481.0,1470.0
-406.0,776.0,258.0,424.0,,-626.0,280.0,223.0,214.0,1444.0
-393.0,854.0,211.0,370.0,,-1370.0,422.0,-48.0,-68.0,1503.0
-332.0,507.0,179.0,394.0,,1022.0,543.0,-314.0,-220.0,1518.0
-285.0,599.0,97.0,439.0,,376.0,559.0,-376.0,110.0,1418.0
-229.0,591.0,98.0,489.0,,-1805.0,793.0,-221.0,246.0,1321.0
-171.0,609.0,-10.0,429.0,,-453.0,659.0,-48.0,297.0,1330.0
-96.0,215.0,-67.0,269.0,,498.0,439.0,434.0,250.0,1325.0
-92.0,466.0,-9.0,241.0,,-674.0,482.0,827.0,-257.0,1322.0
-113.0,460.0,-147.0,222.0,,-731.0,204.0,1304.0,-216.0,1405.0
-58.0,-478.0,-116.0,34.0,,-801.0,-3.0,1664.0,-16.0,1493.0
-13.0,-189.0,-97.0,-128.0,,-1009.0,-129.0,1779.0,56.0,1533.0
17.0,-8.0,-214.0,-183.0,,233.0,-357.0,1801.0,-44.0,1650.0
51.0,-593.0,-130.0,-143.0,,-168.0,-545.0,1515.0,-524.0,1761.0
63.0,-1244.0,-82.0,-96.0,,-1900.0,-713.0,1243.0,-405.0,1695.0
36.0,-732.0,-53.0,-121.0,,-984.0,-637.0,851.0,145.0,1598.0
22.0,-359.0,-32.0,-159.0,,-215.0,-729.0,497.0,253.0,1517.0
-12.0,-622.0,7.0,-341.0,,-982.0,-817.0,223.0,-263.0,1373.0
-63.0,-417.0,68.0,-443.0,,-178.0,-689.0,18.0,-459.0,1196.0
-47.0,119.0,-9.0,-266.0,,-272.0,-786.0,35.0,-33.0,1088.0
8.0,163.0,62.0,-9.0,,-1665.0,-791.0,-16.0,488.0,980.0
63.0,-23.0,47.0,138.0,,-363.0,-685.0,173.0,657.0,823.0
133.0,802.0,88.0,206.0,,244.0,-568.0,360.0,413.0,733.0
225.0,782.0,45.0,355.0,,-1821.0,-492.0,582.0,265.0,686.0
282.0,1128.0,-16.0,404.0,,-1374.0,-386.0,1003.0,-112.0,548.0
314.0,1367.0,259.0,355.0,,498.0,-194.0,1169.0,40.0,383.0
332.0,414.0,234.0,364.0,,-955.0,-199.0,1289.0,571.0,306.0
335.0,102.0,216.0,347.0,,-1755.0,-64.0,1167.0,254.0,166.0
365.0,235.0,261.0,366.0,,435.0,215.0,933.0,-70.0,0.0
412.0,256.0,355.0,410.0,,-150.0,382.0,641.0,-167.0,17.0
438.0,83.0,260.0,434.0,,-1821.0,502.0,310.0,24.0,163.0
463.0,892.0,199.0,453.0,,-206.0,573.0,216.0,551.0,204.0
499.0,862.0,281.0,563.0,,599.0,561.0,-3.0,493.0,220.0
509.0,-1.0,213.0,748.0,,-1214.0,297.0,-75.0,12.0,378.0
488.0,282.0,285.0,802.0,,-932.0,109.0,-110.0,-115.0,440.0
474.0,230.0,97.0,794.0,,646.0,-83.0,-75.0,-75.0,385.0
458.0,-518.0,174.0,850.0,,-483.0,-430.0,192.0,-438.0,439.0
415.0,449.0,275.0,956.0,,-953.0,-483.0,384.0,-832.0,610.0
390.0,1439.0,329.0,950.0,,429.0,-570.0,692.0,-905.0,659.0
346.0,319.0,418.0,783.0,,-123.0,-710.0,886.0,-660.0,669.0
277.0,576.0,384.0,598.0,,-983.0,-706.0,1106.0,-228.0,852.0
231.0,704.0,431.0,408.0,,606.0,-621.0,1223.0,220.0,910.0
167.0,-339.0,321.0,262.0,,953.0,-525.0,1106.0,589.0,827.0
77.0,-789.0,364.0,237.0,,-1067.0,-535.0,1010.0,403.0,833.0
-2.0,-660.0,399.0,201.0,,-774.0,-317.0,764.0,211.0,933.0
-29.0,-387.0,372.0,46.0,,916.0,-180.0,587.0,43.0,935.0
-60.0,-822.0,308.0,-114.0,,-89.0,-221.0,308.0,-538.0,824.0
-93.0,-480.0,299.0,-219.0,,-1179.0,-12.0,86.0,-1029.0,832.0
-93.0,-247.0,263.0,-208.0,,319.0,159.0,-92.0,-1237.0,822.0
-92.0,-139.0,328.0,-36.0,,651.0,152.0,-266.0,-839.0,638.0
-97.0,-403.0,286.0,29.0,,-728.0,90.0,-125.0,-18.0,515.0
-105.0,-264.0,131.0,-20.0,,-135.0,76.0,11.0,605.0,512.0
-100.0,1084.0,272.0,0.0,,381.0,-14.0,360.0,588.0,430.0
-131.0,164.0,146.0,12.0,,-1416.0,-219.0,630.0,233.0,351.0
-150.0,-711.0,0.0,25.0,,-1021.0,-220.0,774.0,-172.0,329.0
-137.0,-225.0,-11.0,14.0,,762.0,-283.0,872.0,-356.0,250.0
-115.0,82.0,-60.0,-79.0,,-523.0,-545.0,691.0,-307.0,82.0
-75.0,-31.0,-114.0,-238.0,,-1133.0,-642.0,657.0,-574.0,-35.0
-49.0,430.0,-84.0,-379.0,,811.0,-681.0,484.0,-551.0,-12.0
-20.0,473.0,-97.0,-397.0,,782.0,-807.0,447.0,-700.0,-81.0
11.0,-537.0,-105.0,-262.0,,-540.0,-889.0,448.0,-551.0,-220.0
30.0,272.0,-35.0,-40.0,,434.0,-844.0,275.0,-118.0,-231.0
27.0,112.0,-130.0,237.0,,815.0,-838.0,343.0,-587.0,-140.0
9.0,-168.0,-82.0,432.0,,-5.0,-919.0,338.0,-766.0,-74.0
1.0,33.0,-51.0,351.0,,1188.0,-800.0,541.0,-513.0,-47.0
1.0,-79.0,-50.0,213.0,,1427.0,-691.0,626.0,-257.0,19.0
16.0,1014.0,47.0,130.0,,-791.0,-656.0,615.0,-368.0,77.0
5.0,419.0,-7.0,83.0,,-974.0,-490.0,731.0,-507.0,112.0
-33.0,-1163.0,27.0,159.0,,221.0,-315.0,783.0,-741.0,193.0
-16.0,-1242.0,107.0,256.0,,-763.0,-162.0,1034.0,-973.0,297.0
-4.0,-452.0,112.0,249.0,,-997.0,-42.0,1036.0,-413.0,314.0
-25.0,-834.0,151.0,183.0,,766.0,118.0,1053.0,-95.0,267.0
-45.0,-939.0,229.0,121.0,,809.0,128.0,966.0,152.0,321.0
-65.0,106.0,283.0,11.0,,-86.0,-28.0,655.0,36.0,328.0
-66.0,-170.0,264.0,-42.0,,937.0,-66.0,393.0,-146.0,77.0
-59.0,-1073.0,334.0,16.0,,1579.0,-204.0,48.0,155.0,-142.0
-36.0,-296.0,349.0,-34.0,,-39.0,-342.0,-81.0,68.0,-186.0
24.0,220.0,312.0,-126.0,,-1111.0,-351.0,-338.0,39.0,-314.0
153.0,-912.0,362.0,-93.0,,-587.0,-390.0,-461.0,-45.0,-478.0
263.0,-764.0,309.0,-3.0,,-565.0,-348.0,-480.0,-377.0,-449.0
357.0,464.0,293.0,75.0,,-387.0,-250.0,-497.0,-449.0,-385.0
465.0,520.0,308.0,-17.0,,1229.0,-140.0,-201.0,-148.0,-423.0
581.0,-898.0,246.0,-136.0,,1596.0,-97.0,-86.0,-263.0,-364.0
658.0,-716.0,259.0,-70.0,,214.0,-62.0,153.0,-734.0,-225.0
654.0,17.0,186.0,80.0,,-150.0,76.0,352.0,-543.0,-203.0
672.0,-102.0,193.0,192.0,,308.0,88.0,546.0,14.0,-231.0
665.0,-532.0,283.0,195.0,,-462.0,120.0,788.0,401.0,-138.0
615.0,-833.0,277.0,141.0,,-575.0,163.0,683.0,560.0,-71.0
545.0,789.0,297.0,97.0,,1147.0,30.0,604.0,275.0,-152.0
466.0,-236.0,306.0,80.0,,1277.0,-156.0,251.0,-56.0,-166.0
424.0,-628.0,350.0,78.0,,404.0,-403.0,-68.0,148.0,-157.0
382.0,976.0,307.0,103.0,,534.0,-539.0,-356.0,291.0,-284.0
346.0,-101.0,323.0,54.0,,25.0,-588.0,-659.0,343.0,-413.0
326.0,-542.0,345.0,-59.0,,-934.0,-610.0,-703.0,394.0,-473.0
309.0,333.0,328.0,-129.0,,-14.0,-458.0,-879.0,375.0,-538.0
275.0,1242.0,403.0,-163.0,,1151.0,-367.0,-727.0,605.0,-562.0
227.0,615.0,384.0,-131.0,,425.0,-312.0,-530.0,686.0,-489.0
253.0,221.0,407.0,-89.0,,304.0,-168.0,-164.0,267.0,-400.0
273.0,-24.0,387.0,-44.0,,509.0,-99.0,341.0,-330.0,-307.0
249.0,-677.0,379.0,-74.0,,-899.0,-99.0,519.0,-424.0,-135.0
290.0,161.0,357.0,-39.0,,-1663.0,-14.0,726.0,-251.0,75.0
346.0,139.0,287.0,224.0,,-228.0,127.0,598.0,-364.0,225.0
422.0,-643.0,322.0,429.0,,1318.0,90.0,537.0,-441.0,279.0
491.0,-900.0,200.0,465.0,,1295.0,-12.0,432.0,-650.0,285.0
550.0,85.0,176.0,475.0,,-78.0,-68.0,203.0,-700.0,312.0
611.0,-56.0,198.0,480.0,,-1566.0,-171.0,144.0,-83.0,254.0
644.0,-978.0,79.0,376.0,,-1481.0,-243.0,-60.0,-80.0,57.0
646.0,-789.0,42.0,249.0,,-75.0,-207.0,-92.0,-526.0,-164.0
621.0,-999.0,14.0,220.0,,834.0,-200.0,-116.0,-904.0,-405.0
625.0,285.0,56.0,311.0,,459.0,-319.0,-31.0,-1195.0,-665.0
581.0,1060.0,60.0,494.0,,-387.0,-250.0,38.0,-798.0,-857.0
485.0,372.0,90.0,560.0,,-826.0,-93.0,-11.0,-348.0,-977.0
416.0,686.0,45.0,404.0,,-287.0,-137.0,-14.0,-382.0,-1079.0
418.0,1475.0,113.0,273.0,,334.0,-113.0,-291.0,-649.0,-1111.0
414.0,1187.0,128.0,317.0,,61.0,30.0,-430.0,-334.0,-1012.0
362.0,-76.0,-1.0,383.0,,122.0,85.0,-570.0,-69.0,-830.0
305.0,-250.0,60.0,417.0,,325.0,176.0,-663.0,-187.0,-770.0
278.0,-139.0,-16.0,401.0,,-319.0,444.0,-556.0,-413.0,-775.0
275.0,69.0,-40.0,223.0,,-522.0,676.0,-476.0,-505.0,-648.0
219.0,297.0,-126.0,-93.0,,248.0,830.0,-169.0,-438.0,-607.0
203.0,230.0,-155.0,-293.0,,441.0,1047.0,-3.0,-618.0,-666.0
202.0,467.0,-203.0,-291.0,,335.0,1116.0,158.0,-133.0,-658.0
198.0,914.0,-238.0,-279.0,,566.0,916.0,145.0,19.0,-711.0
219.0,1216.0,-194.0,-378.0,,187.0,715.0,-105.0,-90.0,-787.0
201.0,450.0,-278.0,-366.0,,-39.0,543.0,-273.0,152.0,-710.0
169.0,91.0,-223.0,-179.0,,842.0,269.0,-670.0,548.0,-645.0
150.0,657.0,-193.0,-58.0,,1305.0,53.0,-809.0,688.0,-677.0
154.0,695.0,-167.0,67.0,,590.0,12.0,-933.0,-159.0,-594.0
141.0,407.0,-177.0,196.0,,-255.0,-19.0,-1010.0,-615.0,-385.0
117.0,-72.0,-136.0,173.0,,-703.0,-57.0,-890.0,-408.0,-292.0
146.0,-521.0,-213.0,3.0,,-239.0,69.0,-892.0,-242.0,-270.0
192.0,313.0,-259.0,-153.0,,748.0,180.0,-679.0,-549.0,-117.0
212.0,452.0,-255.0,-238.0,,1344.0,184.0,-604.0,-765.0,3.0
285.0,-38.0,-347.0,-186.0,,767.0,317.0,-480.0,-523.0,71.0
384.0,319.0,-299.0,-8.0,,-435.0,465.0,-426.0,80.0,194.0
439.0,279.0,-323.0,-20.0,,-367.0,462.0,-487.0,452.0,332.0
464.0,745.0,-248.0,-83.0,,394.0,414.0,-447.0,-3.0,299.0
499.0,647.0,-143.0,73.0,,693.0,399.0,-570.0,-508.0,245.0
540.0,148.0,-177.0,242.0,,462.0,299.0,-548.0,-727.0,380.0
547.0,74.0,-121.0,325.0,,129.0,125.0,-594.0,-274.0,313.0
540.0,156.0,-93.0,413.0,,96.0,29.0,-524.0,90.0,54.0
516.0,-88.0,-67.0,382.0,,257.0,-73.0,-421.0,279.0,-30.0
514.0,-1100.0,-65.0,164.0,,265.0,-198.0,-339.0,299.0,-40.0
525.0,-584.0,-100.0,-39.0,,-299.0,-176.0,-99.0,106.0,-205.0
519.0,277.0,-111.0,-124.0,,-383.0,-64.0,-90.0,283.0,-307.0
558.0,-101.0,-155.0,-214.0,,667.0,-38.0,-59.0,350.0,-208.0
603.0,-540.0,-117.0,-401.0,,1326.0,68.0,-291.0,509.0,-163.0
587.0,-108.0,-149.0,-604.0,,344.0,325.0,-506.0,301.0,-217.0
530.0,-471.0,-72.0,-777.0,,-884.0,489.0,-570.0,171.0,-138.0
496.0,-1209.0,-120.0,-882.0,,-611.0,597.0,-831.0,7.0,17.0
464.0,-226.0,-102.0,-954.0,,295.0,832.0,-827.0,-178.0,3.0
411.0,-260.0,-16.0,-1051.0,,801.0,967.0,-875.0,82.0,39.0
391.0,-463.0,-78.0,-1113.0,,995.0,903.0,-816.0,-412.0,217.0
380.0,1029.0,-24.0,-1045.0,,634.0,908.0,-718.0,-484.0,358.0
356.0,1692.0,-111.0,-885.0,,108.0,938.0,-755.0,-343.0,379.0
342.0,564.0,-126.0,-730.0,,134.0,852.0,-722.0,-326.0,493.0
311.0,212.0,-209.0,-498.0,,131.0,796.0,-759.0,187.0,750.0
287.0,648.0,-216.0,-250.0,,-114.0,852.0,-561.0,-43.0,799.0
312.0,279.0,-201.0,-69.0,,164.0,666.0,-474.0,-397.0,774.0
327.0,744.0,-211.0,-21.0,,561.0,425.0,-441.0,-379.0,889.0
316.0,447.0,-201.0,-51.0,,280.0,465.0,-432.0,-167.0,1040.0
313.0,251.0,-204.0,16.0,,100.0,487.0,-545.0,134.0,982.0
300.0,543.0,-103.0,51.0,,271.0,457.0,-467.0,-323.0,877.0
220.0,82.0,-100.0,98.0,,317.0,581.0,-598.0,-555.0,878.0
133.0,611.0,-105.0,159.0,,495.0,769.0,-630.0,-135.0,710.0
67.0,-377.0,-125.0,6.0,,452.0,713.0,-654.0,245.0,488.0
-30.0,-799.0,-93.0,-214.0,,155.0,656.0,-700.0,404.0,321.0
-129.0,977.0,-127.0,-410.0,,40.0,715.0,-635.0,96.0,175.0
-200.0,1429.0,-42.0,-557.0,,158.0,654.0,-685.0,122.0,-57.0
-220.0,-13.0,-11.0,-512.0,,499.0,560.0,-476.0,111.0,-233.0
-232.0,-905.0,-47.0,-365.0,,490.0,567.0,-395.0,444.0,-189.0
-231.0,-66.0,60.0,-234.0,,26.0,667.0,-260.0,1052.0,-274.0
-222.0,-241.0,-74.0,-112.0,,-369.0,577.0,-120.0,617.0,-485.0
-219.0,-342.0,-47.0,46.0,,-327.0,537.0,-271.0,148.0,-553.0
-218.0,-194.0,-14.0,145.0,,73.0,698.0,-345.0,92.0,-495.0
-253.0,-626.0,-91.0,145.0,,494.0,680.0,-537.0,355.0,-595.0
-251.0,431.0,-10.0,124.0,,604.0,566.0,-637.0,538.0,-784.0
-219.0,1361.0,-78.0,163.0,,52.0,523.0,-794.0,684.0,-789.0
-163.0,1071.0,53.0,233.0,,-388.0,509.0,-938.0,458.0,-837.0
-97.0,390.0,35.0,233.0,,-233.0,440.0,-962.0,561.0,-947.0
-53.0,326.0,-21.0,138.0,,126.0,375.0,-988.0,1114.0,-924.0
1.0,951.0,63.0,-64.0,,557.0,262.0,-787.0,397.0,-841.0
61.0,640.0,-75.0,-154.0,,567.0,78.0,-687.0,131.0,-816.0
88.0,312.0,-23.0,-151.0,,77.0,98.0,-489.0,-96.0,-761.0
83.0,426.0,-73.0,-178.0,,-334.0,250.0,-434.0,-575.0,-569.0
108.0,-410.0,-130.0,-217.0,,-136.0,269.0,-502.0,172.0,-431.0
93.0,-559.0,-177.0,-187.0,,349.0,271.0,-548.0,437.0,-415.0
51.0,189.0,-114.0,-100.0,,405.0,436.0,-794.0,-62.0,-351.0
0.0,-1091.0,-143.0,-53.0,,493.0,630.0,-777.0,-259.0,-267.0
-73.0,-711.0,-192.0,62.0,,590.0,788.0,-859.0,-178.0,-276.0
-106.0,1145.0,-22.0,43.0,,216.0,957.0,-803.0,-43.0,-317.0
-136.0,573.0,-173.0,-26.0,,196.0,995.0,-715.0,-203.0,-294.0
-140.0,1075.0,-103.0,3.0,,378.0,955.0,-752.0,-1157.0,-223.0
-146.0,1418.0,-86.0,-59.0,,267.0,915.0,-430.0,-1798.0,-182.0
-113.0,795.0,-112.0,-106.0,,503.0,733.0,-223.0,-1324.0,-95.0
-83.0,433.0,-20.0,-35.0,,573.0,502.0,99.0,-645.0,58.0
-121.0,843.0,-69.0,51.0,,-104.0,408.0,297.0,-104.0,164.0
-121.0,1037.0,-41.0,38.0,,-371.0,397.0,288.0,-70.0,254.0
-107.0,-21.0,-61.0,-81.0,,330.0,341.0,234.0,-161.0,372.0
-81.0,591.0,-60.0,-217.0,,701.0,308.0,-125.0,-36.0,491.0
-88.0,719.0,-116.0,-321.0,,633.0,414.0,-454.0,48.0,519.0
-102.0,225.0,-141.0,-505.0,,801.0,519.0,-971.0,53.0,536.0
-90.0,141.0,-160.0,-752.0,,527.0,546.0,-1334.0,-706.0,622.0
-117.0,-377.0,-274.0,-1006.0,,93.0,617.0,-1553.0,-1212.0,637.0
-136.0,-1089.0,-301.0,-1162.0,,244.0,659.0,-1699.0,-564.0,617.0
-154.0,-194.0,-392.0,-1111.0,,422.0,495.0,-1535.0,208.0,649.0
-152.0,820.0,-442.0,-998.0,,455.0,288.0,-1500.0,564.0,656.0
-116.0,-726.0,-465.0,-814.0,,661.0,109.0,-1225.0,172.0,600.0
-64.0,-63.0,-539.0,-535.0,,621.0,-107.0,-999.0,-40.0,708.0
-12.0,1342.0,-529.0,-327.0,,121.0,-251.0,-785.0,236.0,866.0
42.0,615.0,-510.0,-276.0,,-49.0,-306.0,-478.0,167.0,875.0
91.0,-92.0,-539.0,-287.0,,31.0,-267.0,-382.0,53.0,971.0
93.0,1593.0,-432.0,-323.0,,-77.0,-152.0,-127.0,-277.0,1133.0
96.0,1763.0,-378.0,-394.0,,464.0,55.0,-64.0,-327.0,1219.0
82.0,-713.0,-460.0,-381.0,,1053.0,281.0,64.0,-114.0,1224.0
48.0,542.0,-304.0,-307.0,,797.0,446.0,131.0,-207.0,1248.0
14.0,324.0,-323.0,-201.0,,487.0,632.0,18.0,150.0,1309.0
-14.0,-1242.0,-266.0,-41.0,,369.0,776.0,-109.0,302.0,1276.0
-28.0,-1052.0,-221.0,22.0,,358.0,775.0,-460.0,2.0,1234.0
-45.0,-1063.0,-188.0,-21.0,,562.0,648.0,-587.0,193.0,1226.0
-2.0,-733.0,-105.0,-52.0,,770.0,510.0,-803.0,524.0,1189.0
70.0,-1118.0,-155.0,-75.0,,400.0,346.0,-938.0,343.0,1175.0
106.0,-605.0,79.0,-136.0,,116.0,244.0,-901.0,-14.0,1230.0
122.0,-1127.0,40.0,-101.0,,492.0,256.0,-772.0,-68.0,1268.0
154.0,-1659.0,128.0,-57.0,,490.0,315.0,-388.0,98.0,1213.0
176.0,-625.0,231.0,-55.0,,477.0,454.0,-158.0,194.0,1166.0
158.0,-155.0,122.0,38.0,,738.0,668.0,149.0,176.0,1147.0
140.0,227.0,189.0,81.0,,550.0,916.0,271.0,314.0,1088.0
87.0,358.0,155.0,141.0,,459.0,1015.0,225.0,-180.0,984.0
26.0,374.0,108.0,197.0,,623.0,964.0,49.0,-137.0,838.0
-8.0,-75.0,101.0,184.0,,247.0,828.0,-460.0,840.0,709.0
-45.0,635.0,116.0,177.0,,-26.0,606.0,-831.0,530.0,609.0
-86.0,709.0,114.0,50.0,,405.0,409.0,-1304.0,-74.0,505.0
-91.0,274.0,168.0,-101.0,,344.0,274.0,-1594.0,-189.0,469.0
-20.0,698.0,170.0,-173.0,,-77.0,105.0,-1731.0,33.0,434.0
9.0,148.0,161.0,-270.0,,153.0,-52.0,-1842.0,59.0,344.0
3.0,255.0,121.0,-286.0,,231.0,-26.0,-1773.0,-254.0,314.0
31.0,-354.0,143.0,-160.0,,-76.0,42.0,-1740.0,-456.0,296.0
11.0,-813.0,113.0,-139.0,,48.0,45.0,-1413.0,-575.0,210.0
-37.0,-236.0,59.0,-117.0,,58.0,85.0,-1204.0,238.0,63.0
-122.0,148.0,152.0,62.0,,-68.0,155.0,-962.0,1043.0,-50.0
-223.0,138.0,89.0,166.0,,314.0,280.0,-726.0,1123.0,-125.0
-317.0,-159.0,109.0,212.0,,364.0,495.0,-861.0,784.0,-236.0
-414.0,111.0,148.0,207.0,,-9.0,755.0,-890.0,192.0,-344.0
-471.0,-487.0,74.0,58.0,,9.0,977.0,-1021.0,-312.0,-406.0
-530.0,-918.0,79.0,-129.0,,47.0,1094.0,-1003.0,-48.0,-482.0
-531.0,-698.0,145.0,-287.0,,-85.0,1121.0,-970.0,175.0,-578.0
-524.0,-380.0,87.0,-456.0,,150.0,1060.0,-840.0,-545.0,-545.0
-522.0,-4.0,125.0,-667.0,,267.0,875.0,-445.0,-408.0,-434.0
-498.0,-625.0,245.0,-766.0,,-67.0,671.0,-306.0,221.0,-376.0
-460.0,-728.0,149.0,-679.0,,-39.0,509.0,-36.0,140.0,-246.0
-414.0,-490.0,174.0,-483.0,,-29.0,243.0,88.0,-97.0,-66.0
-407.0,-270.0,209.0,-299.0,,-321.0,23.0,219.0,-186.0,9.0
-354.0,346.0,131.0,-237.0,,-33.0,-82.0,328.0,-163.0,54.0
-326.0,-442.0,127.0,-207.0,,233.0,-264.0,162.0,319.0,168.0
-321.0,-26.0,171.0,-62.0,,-32.0,-376.0,151.0,905.0,234.0
-302.0,710.0,187.0,99.0,,-44.0,-334.0,14.0,867.0,170.0
-276.0,237.0,157.0,130.0,,110.0,-288.0,-24.0,800.0,112.0
-267.0,-321.0,165.0,110.0,,-152.0,-255.0,-282.0,718.0,87.0
-311.0,-756.0,160.0,96.0,,-221.0,-155.0,-620.0,665.0,93.0
-348.0,556.0,123.0,62.0,,122.0,-103.0,-794.0,907.0,130.0
-385.0,334.0,110.0,62.0,,-99.0,-123.0,-1104.0,596.0,99.0
-420.0,533.0,125.0,150.0,,-116.0,-94.0,-1201.0,-180.0,49.0
-469.0,46.0,140.0,83.0,,196.0,-33.0,-1476.0,-434.0,14.0
-508.0,-1116.0,116.0,-152.0,,-65.0,-66.0,-1563.0,-300.0,11.0
-512.0,234.0,83.0,-318.0,,-93.0,-179.0,-1413.0,-367.0,-17.0
-491.0,260.0,41.0,-448.0,,3.0,-166.0,-1201.0,-324.0,-68.0
-506.0,-107.0,-35.0,-429.0,,-353.0,-158.0,-842.0,-500.0,-79.0
-527.0,-602.0,-37.0,-380.0,,-535.0,-215.0,-733.0,-748.0,-89.0
-498.0,29.0,-50.0,-367.0,,-287.0,-146.0,-487.0,-313.0,-80.0
-477.0,275.0,-132.0,-222.0,,-463.0,20.0,-365.0,-120.0,-54.0
-508.0,-685.0,-123.0,-113.0,,-744.0,59.0,-269.0,-177.0,42.0
-534.0,-969.0,-133.0,-117.0,,-506.0,-28.0,-184.0,-518.0,119.0
-522.0,-1568.0,-133.0,-190.0,,-763.0,-102.0,-417.0,-899.0,206.0
-538.0,-926.0,-99.0,-222.0,,-1045.0,-261.0,-467.0,-351.0,325.0
-518.0,78.0,-131.0,-118.0,,-623.0,-364.0,-748.0,-69.0,349.0
-530.0,-366.0,-115.0,22.0,,-676.0,-375.0,-1123.0,-198.0,388.0
-558.0,-806.0,-106.0,121.0,,-1026.0,-417.0,-1404.0,-179.0,365.0
-558.0,-320.0,-3.0,228.0,,-918.0,-486.0,-1659.0,-269.0,280.0
-555.0,-249.0,101.0,302.0,,-1049.0,-484.0,-1579.0,281.0,204.0
-508.0,-684.0,105.0,346.0,,-1020.0,-447.0,-1335.0,1310.0,78.0
-474.0,-975.0,235.0,387.0,,-317.0,-554.0,-896.0,1173.0,-99.0
-440.0,-217.0,210.0,462.0,,-264.0,-556.0,-559.0,419.0,-303.0
-433.0,263.0,140.0,494.0,,-760.0,-451.0,-238.0,474.0,-448.0
-429.0,-153.0,182.0,375.0,,-646.0,-451.0,-3.0,327.0,-687.0
-433.0,-359.0,165.0,394.0,,-775.0,-434.0,86.0,182.0,-951.0
-415.0,94.0,144.0,286.0,,-1137.0,-339.0,306.0,277.0,-1062.0
-400.0,394.0,163.0,81.0,,-611.0,-236.0,242.0,-160.0,-1151.0
-434.0,-293.0,192.0,79.0,,-365.0,-275.0,175.0,-143.0,-1234.0
-453.0,158.0,208.0,10.0,,-712.0,-348.0,-62.0,67.0,-1235.0
-495.0,272.0,197.0,-37.0,,-519.0,-424.0,-402.0,64.0,-1091.0
-506.0,27.0,188.0,-69.0,,-473.0,-558.0,-561.0,-75.0,-994.0
-537.0,-139.0,228.0,-96.0,,-724.0,-582.0,-740.0,-555.0,-961.0
-561.0,-816.0,219.0,-180.0,,-442.0,-575.0,-729.0,-523.0,-764.0
-611.0,-100.0,265.0,-280.0,,-333.0,-638.0,-807.0,391.0,-583.0
-651.0,-138.0,209.0,-178.0,,-723.0,-717.0,-635.0,916.0,-567.0
-640.0,-579.0,241.0,-44.0,,-570.0,-732.0,-393.0,401.0,-528.0
-668.0,-259.0,361.0,-4.0,,-511.0,-843.0,-301.0,365.0,-340.0
-658.0,-513.0,277.0,-14.0,,-1080.0,-1105.0,-96.0,412.0,-280.0
-653.0,-328.0,304.0,65.0,,-793.0,-1245.0,-171.0,-344.0,-324.0
-614.0,-912.0,345.0,180.0,,-369.0,-1245.0,-258.0,-746.0,-208.0
-581.0,-696.0,290.0,108.0,,-935.0,-1179.0,-400.0,-690.0,-106.0
-517.0,147.0,309.0,-63.0,,-1137.0,-1065.0,-460.0,-1169.0,-105.0
-441.0,-1389.0,306.0,-155.0,,-989.0,-905.0,-428.0,-1514.0,-132.0
-414.0,-740.0,212.0,-188.0,,-1058.0,-769.0,-506.0,-1031.0,-134.0
-331.0,774.0,274.0,-259.0,,-715.0,-724.0,-376.0,-543.0,-200.0
-289.0,-1029.0,188.0,-275.0,,-638.0,-804.0,-354.0,-461.0,-303.0
-243.0,-1719.0,182.0,-261.0,,-1279.0,-986.0,-205.0,-828.0,-292.0
-162.0,449.0,214.0,-358.0,,-1210.0,-1061.0,0.0,-445.0,-347.0
-77.0,330.0,181.0,-428.0,,-589.0,-1025.0,107.0,238.0,-447.0
-18.0,-1426.0,363.0,-454.0,,-719.0,-1026.0,223.0,148.0,-445.0
25.0,-169.0,249.0,-394.0,,-670.0,-1105.0,59.0,24.0,-439.0
68.0,615.0,384.0,-263.0,,-296.0,-1124.0,42.0,155.0,-460.0
95.0,-265.0,412.0,-200.0,,-554.0,-1026.0,20.0,150.0,-466.0
56.0,28.0,299.0,-180.0,,-530.0,-1012.0,14.0,162.0,-485.0
9.0,152.0,416.0,-58.0,,-161.0,-1043.0,64.0,700.0,-480.0
-36.0,370.0,299.0,226.0,,-290.0,-1045.0,-38.0,507.0,-501.0
-75.0,1177.0,253.0,467.0,,-398.0,-1101.0,-103.0,-67.0,-559.0
-8.0,522.0,153.0,607.0,,-249.0,-1133.0,-424.0,-343.0,-509.0
-13.0,-187.0,120.0,598.0,,-421.0,-1031.0,-600.0,-409.0,-454.0
-19.0,-761.0,156.0,531.0,,-497.0,-880.0,-674.0,-206.0,-497.0
17.0,-1174.0,75.0,408.0,,-182.0,-769.0,-731.0,-419.0,-530.0
67.0,-717.0,126.0,188.0,,-341.0,-592.0,-709.0,-868.0,-495.0
48.0,-822.0,158.0,21.0,,-471.0,-436.0,-820.0,-1023.0,-505.0
-20.0,-446.0,85.0,-85.0,,-52.0,-416.0,-594.0,-491.0,-606.0
-21.0,-1008.0,220.0,-197.0,,-217.0,-417.0,-439.0,-147.0,-617.0
-59.0,-918.0,163.0,-296.0,,-598.0,-445.0,-236.0,6.0,-583.0
-80.0,243.0,120.0,-262.0,,-299.0,-539.0,35.0,-1.0,-714.0
-107.0,-624.0,191.0,-265.0,,-190.0,-632.0,81.0,39.0,-936.0
-130.0,-1155.0,36.0,-285.0,,-246.0,-640.0,214.0,433.0,-1033.0
-118.0,15.0,58.0,-286.0,,50.0,-637.0,221.0,475.0,-1129.0
-83.0,1208.0,-58.0,-276.0,,-67.0,-727.0,363.0,574.0,-1356.0
-66.0,1071.0,-98.0,-259.0,,-355.0,-833.0,452.0,380.0,-1422.0
-20.0,698.0,-111.0,-309.0,,-206.0,-859.0,432.0,360.0,-1305.0
33.0,665.0,-155.0,-339.0,,-179.0,-884.0,408.0,530.0,-1270.0
14.0,600.0,-21.0,-404.0,,-27.0,-892.0,277.0,540.0,-1246.0
-26.0,334.0,-75.0,-410.0,,486.0,-763.0,321.0,686.0,-1055.0
-96.0,816.0,-5.0,-332.0,,250.0,-606.0,240.0,515.0,-902.0
-165.0,410.0,112.0,-110.0,,-496.0,-408.0,279.0,818.0,-863.0
-224.0,-322.0,101.0,139.0,,-470.0,-143.0,232.0,916.0,-718.0
-220.0,535.0,108.0,282.0,,-343.0,10.0,29.0,287.0,-556.0
-197.0,268.0,102.0,420.0,,-404.0,31.0,-110.0,274.0,-503.0
-181.0,-562.0,145.0,469.0,,179.0,33.0,-504.0,0.0,-547.0
-189.0,-1292.0,191.0,512.0,,131.0,17.0,-587.0,-364.0,-507.0
-151.0,-813.0,196.0,513.0,,-389.0,-74.0,-672.0,-439.0,-506.0
-88.0,60.0,244.0,302.0,,142.0,-199.0,-642.0,-641.0,-636.0
-117.0,-51.0,326.0,-20.0,,5.0,-285.0,-338.0,-627.0,-670.0
-150.0,-401.0,288.0,-289.0,,-698.0,-406.0,-123.0,-752.0,-643.0
-159.0,-793.0,278.0,-558.0,,369.0,-599.0,284.0,-339.0,-614.0
-133.0,601.0,311.0,-650.0,,1176.0,-674.0,539.0,-660.0,-655.0
-99.0,1603.0,237.0,-476.0,,338.0,-714.0,790.0,-571.0,-557.0
-42.0,425.0,216.0,-377.0,,61.0,-809.0,901.0,277.0,-405.0
-33.0,490.0,198.0,-319.0,,-361.0,-793.0,1032.0,-170.0,-399.0
-28.0,1437.0,151.0,-186.0,,-975.0,-688.0,1175.0,-268.0,-303.0
-26.0,1513.0,110.0,-27.0,,-352.0,-585.0,927.0,-370.0,-149.0
-103.0,1289.0,86.0,169.0,,-196.0,-481.0,715.0,-4.0,-112.0
-143.0,474.0,65.0,304.0,,-505.0,-343.0,243.0,68.0,-131.0
-133.0,315.0,59.0,377.0,,1.0,-314.0,-94.0,-452.0,-68.0
-109.0,359.0,90.0,446.0,,584.0,-357.0,-339.0,-389.0,-23.0
-117.0,275.0,119.0,414.0,,1190.0,-333.0,-561.0,-593.0,-47.0
-105.0,-598.0,196.0,374.0,,1044.0,-388.0,-369.0,-84.0,-148.0
-93.0,-1188.0,282.0,456.0,,-933.0,-527.0,-216.0,531.0,-183.0
-133.0,-72.0,349.0,642.0,,-2059.0,-614.0,109.0,325.0,-170.0
-181.0,-977.0,404.0,791.0,,-1039.0,-645.0,426.0,556.0,-254.0
-217.0,-999.0,471.0,763.0,,-415.0,-729.0,868.0,889.0,-250.0
-258.0,-42.0,533.0,577.0,,-512.0,-758.0,1470.0,652.0,-145.0
-220.0,-842.0,615.0,283.0,,316.0,-663.0,1795.0,299.0,-138.0
-129.0,-501.0,633.0,87.0,,1170.0,-491.0,2026.0,-279.0,-182.0
-108.0,-386.0,659.0,140.0,,515.0,-218.0,1958.0,-375.0,-124.0
-52.0,14.0,738.0,224.0,,-474.0,15.0,1781.0,-381.0,-134.0
51.0,698.0,700.0,172.0,,-711.0,186.0,1533.0,-348.0,-110.0
108.0,969.0,704.0,48.0,,-1111.0,293.0,1282.0,-477.0,-10.0
81.0,1047.0,700.0,-128.0,,-1426.0,369.0,1143.0,-594.0,59.0
144.0,543.0,662.0,-202.0,,350.0,432.0,829.0,-199.0,171.0
256.0,1932.0,654.0,-219.0,,1859.0,408.0,606.0,-287.0,273.0
307.0,1125.0,583.0,-270.0,,46.0,336.0,402.0,115.0,403.0
360.0,-616.0,523.0,-174.0,,-1356.0,272.0,441.0,152.0,485.0
381.0,269.0,502.0,-70.0,,18.0,216.0,711.0,-171.0,576.0
404.0,389.0,457.0,-48.0,,815.0,39.0,812.0,-51.0,634.0
374.0,12.0,375.0,15.0,,110.0,-153.0,1119.0,-76.0,611.0
323.0,-11.0,356.0,-5.0,,417.0,-323.0,1402.0,-270.0,657.0
268.0,844.0,342.0,-83.0,,869.0,-540.0,1577.0,-298.0,677.0
194.0,1008.0,214.0,-74.0,,209.0,-724.0,1681.0,-133.0,648.0
130.0,1196.0,174.0,-24.0,,325.0,-865.0,1723.0,117.0,602.0
50.0,1400.0,169.0,119.0,,-313.0,-878.0,1616.0,709.0,592.0
-7.0,117.0,80.0,307.0,,-2220.0,-799.0,1095.0,473.0,538.0
-67.0,-440.0,93.0,484.0,,-360.0,-627.0,894.0,166.0,369.0
-125.0,261.0,93.0,533.0,,3301.0,-450.0,620.0,-122.0,182.0
-169.0,491.0,61.0,446.0,,1898.0,-274.0,321.0,-450.0,43.0
-179.0,-539.0,102.0,386.0,,-1719.0,-15.0,482.0,1.0,-102.0
-180.0,-875.0,27.0,311.0,,-2318.0,119.0,404.0,147.0,-282.0
-178.0,-440.0,-5.0,255.0,,-417.0,225.0,286.0,190.0,-326.0
-135.0,-410.0,-23.0,262.0,,2729.0,370.0,206.0,-142.0,-344.0
-81.0,-1304.0,-123.0,183.0,,2790.0,460.0,306.0,-343.0,-492.0
-14.0,-1716.0,-97.0,62.0,,-1515.0,488.0,515.0,-29.0,-595.0
25.0,-930.0,-200.0,119.0,,-1769.0,553.0,681.0,-121.0,-585.0
45.0,-926.0,-243.0,155.0,,2020.0,639.0,968.0,1.0,-619.0
57.0,-484.0,-245.0,134.0,,653.0,668.0,1062.0,2.0,-662.0
36.0,785.0,-337.0,222.0,,-2078.0,679.0,1204.0,-126.0,-568.0
0.0,680.0,-292.0,266.0,,250.0,559.0,1300.0,57.0,-427.0
-65.0,265.0,-315.0,249.0,,1250.0,336.0,1247.0,235.0,-370.0
-107.0,585.0,-267.0,290.0,,-238.0,136.0,994.0,79.0,-351.0
-140.0,1261.0,-242.0,389.0,,515.0,10.0,715.0,-28.0,-202.0
-169.0,1307.0,-248.0,453.0,,-122.0,-138.0,667.0,272.0,-71.0
-213.0,-241.0,-149.0,521.0,,-1654.0,-263.0,456.0,738.0,-102.0
-250.0,-526.0,-153.0,595.0,,335.0,-219.0,580.0,954.0,-108.0
-197.0,671.0,-133.0,616.0,,1408.0,-183.0,772.0,567.0,-63.0
-164.0,1009.0,-115.0,508.0,,-527.0,-257.0,1127.0,478.0,-122.0
-141.0,-39.0,-127.0,193.0,,-1558.0,-310.0,1635.0,165.0,-228.0
-120.0,-353.0,-82.0,-184.0,,-697.0,-275.0,1757.0,83.0,-264.0
-56.0,1007.0,-97.0,-302.0,,910.0,-306.0,2013.0,350.0,-333.0
25.0,753.0,-43.0,-180.0,,1247.0,-354.0,1851.0,-69.0,-410.0
62.0,208.0,-62.0,-134.0,,-623.0,-246.0,1694.0,-453.0,-498.0
149.0,1047.0,-14.0,-72.0,,-1055.0,-145.0,1524.0,-465.0,-591.0
237.0,1153.0,70.0,-20.0,,-296.0,-123.0,1143.0,-254.0,-681.0
338.0,1030.0,91.0,13.0,,-611.0,-95.0,824.0,-260.0,-820.0
410.0,1335.0,179.0,93.0,,1606.0,-5.0,423.0,239.0,-832.0
453.0,597.0,141.0,111.0,,2865.0,163.0,478.0,73.0,-864.0
535.0,-528.0,257.0,107.0,,-907.0,331.0,434.0,-363.0,-963.0
649.0,-416.0,270.0,139.0,,-1838.0,515.0,633.0,4.0,-940.0
725.0,700.0,230.0,258.0,,1364.0,609.0,864.0,24.0,-870.0
765.0,726.0,284.0,312.0,,930.0,578.0,868.0,-54.0,-789.0
840.0,-228.0,283.0,276.0,,-299.0,526.0,1101.0,-642.0,-678.0
858.0,101.0,224.0,269.0,,1070.0,414.0,1164.0,-576.0,-432.0
839.0,346.0,198.0,369.0,,108.0,323.0,1306.0,-565.0,-126.0
805.0,-76.0,207.0,494.0,,-148.0,309.0,1247.0,-568.0,133.0
808.0,-749.0,133.0,450.0,,1538.0,350.0,1125.0,91.0,374.0
806.0,-1323.0,174.0,233.0,,-78.0,434.0,903.0,-32.0,611.0
768.0,-1119.0,109.0,-58.0,,-780.0,559.0,498.0,121.0,827.0
712.0,-942.0,116.0,-269.0,,1364.0,634.0,404.0,-146.0,906.0
663.0,-257.0,89.0,-389.0,,591.0,602.0,376.0,-287.0,893.0
633.0,-480.0,35.0,-446.0,,53.0,631.0,362.0,-20.0,906.0
558.0,-730.0,36.0,-427.0,,678.0,674.0,234.0,-214.0,937.0
541.0,572.0,-26.0,-223.0,,-1840.0,638.0,175.0,-260.0,834.0
503.0,377.0,-21.0,1.0,,-659.0,601.0,267.0,-226.0,641.0
472.0,316.0,-119.0,24.0,,2382.0,537.0,347.0,-219.0,471.0
432.0,851.0,-143.0,-6.0,,-486.0,422.0,613.0,-457.0,265.0
350.0,1552.0,-192.0,45.0,,-208.0,297.0,639.0,76.0,78.0
288.0,2061.0,-224.0,166.0,,2709.0,216.0,618.0,142.0,14.0
183.0,2268.0,-195.0,236.0,,-1321.0,222.0,731.0,-265.0,-7.0
108.0,3075.0,-278.0,276.0,,-2223.0,226.0,716.0,-91.0,-23.0
23.0,1289.0,-185.0,200.0,,2095.0,164.0,801.0,-206.0,124.0
-32.0,636.0,-193.0,80.0,,-678.0,224.0,879.0,-181.0,311.0
-98.0,993.0,-206.0,-63.0,,-1704.0,329.0,1012.0,-397.0,408.0
-188.0,511.0,-116.0,-263.0,,3182.0,328.0,992.0,-321.0,529.0
-229.0,474.0,-152.0,-273.0,,-175.0,334.0,946.0,13.0,634.0
-214.0,-785.0,-106.0,-209.0,,-3192.0,303.0,888.0,-234.0,670.0
-201.0,-345.0,-115.0,-76.0,,1965.0,272.0,667.0,-228.0,683.0
-197.0,242.0,-120.0,128.0,,1015.0,243.0,753.0,-57.0,713.0
-167.0,-701.0,-195.0,325.0,,-1438.0,153.0,696.0,41.0,639.0
-109.0,-1558.0,-196.0,539.0,,2295.0,45.0,526.0,315.0,511.0
-7.0,-1664.0,-184.0,709.0,,570.0,-51.0,406.0,266.0,488.0
52.0,-2021.0,-274.0,800.0,,-2709.0,-43.0,312.0,255.0,480.0
143.0,-2366.0,-233.0,740.0,,1412.0,-23.0,297.0,447.0,481.0
247.0,-850.0,-249.0,700.0,,2067.0,14.0,136.0,548.0,524.0
327.0,-517.0,-214.0,701.0,,-826.0,183.0,266.0,731.0,545.0
358.0,-1022.0,-215.0,621.0,,955.0,296.0,234.0,1155.0,477.0
381.0,171.0,-224.0,472.0,,411.0,322.0,129.0,1272.0,453.0
434.0,1107.0,-118.0,325.0,,-1087.0,424.0,290.0,763.0,542.0
418.0,893.0,-164.0,204.0,,2140.0,531.0,266.0,302.0,468.0
413.0,109.0,-191.0,-34.0,,1914.0,500.0,402.0,135.0,331.0
404.0,70.0,-116.0,-252.0,,-621.0,424.0,360.0,394.0,347.0
392.0,1607.0,-135.0,-252.0,,1014.0,408.0,218.0,-323.0,321.0
373.0,1329.0,-139.0,-43.0,,713.0,364.0,199.0,-224.0,171.0
349.0,848.0,-88.0,83.0,,-1074.0,317.0,157.0,575.0,42.0
360.0,838.0,-73.0,51.0,,274.0,334.0,203.0,-207.0,-66.0
371.0,-51.0,-151.0,6.0,,287.0,293.0,12.0,-346.0,-265.0
337.0,-569.0,-95.0,-166.0,,213.0,239.0,-27.0,-262.0,-475.0
315.0,-2016.0,-22.0,-412.0,,1039.0,294.0,-138.0,38.0,-615.0
277.0,-1619.0,-51.0,-517.0,,-688.0,400.0,-312.0,-89.0,-688.0
242.0,-930.0,36.0,-348.0,,-712.0,472.0,-351.0,-296.0,-670.0
204.0,-1111.0,87.0,-48.0,,992.0,456.0,-456.0,79.0,-560.0
127.0,-1056.0,143.0,177.0,,-187.0,517.0,-277.0,-164.0,-383.0
114.0,-1141.0,225.0,276.0,,-86.0,592.0,-262.0,-126.0,-185.0
118.0,-695.0,225.0,283.0,,1362.0,581.0,-306.0,-169.0,30.0
204.0,-1546.0,211.0,279.0,,-1141.0,651.0,-362.0,121.0,193.0
252.0,-621.0,176.0,329.0,,-1579.0,604.0,-330.0,-72.0,327.0
303.0,765.0,111.0,386.0,,843.0,359.0,-116.0,-380.0,511.0
335.0,238.0,145.0,446.0,,-266.0,135.0,-134.0,-364.0,639.0
326.0,1002.0,63.0,511.0,,-308.0,-37.0,9.0,-266.0,658.0
375.0,1850.0,-37.0,533.0,,993.0,-235.0,5.0,295.0,654.0
339.0,1424.0,11.0,570.0,,-119.0,-374.0,-24.0,16.0,673.0
349.0,920.0,-109.0,526.0,,-461.0,-372.0,70.0,-37.0,639.0
353.0,1518.0,-113.0,528.0,,425.0,-358.0,118.0,114.0,573.0
334.0,1451.0,-36.0,605.0,,244.0,-352.0,395.0,74.0,565.0
274.0,194.0,-77.0,541.0,,35.0,-265.0,476.0,-142.0,556.0
247.0,727.0,-65.0,485.0,,148.0,-81.0,428.0,302.0,522.0
256.0,1583.0,-95.0,407.0,,-350.0,113.0,208.0,383.0,538.0
213.0,-327.0,-66.0,262.0,,-106.0,384.0,-24.0,-615.0,514.0
231.0,-1227.0,-108.0,148.0,,-517.0,630.0,-245.0,-73.0,414.0
239.0,304.0,-6.0,48.0,,-755.0,654.0,-707.0,5.0,377.0
261.0,-514.0,76.0,11.0,,934.0,592.0,-979.0,-580.0,363.0
236.0,-1277.0,-28.0,21.0,,446.0,566.0,-1191.0,-582.0,286.0
223.0,-818.0,148.0,72.0,,-285.0,557.0,-1079.0,-320.0,262.0
205.0,-580.0,120.0,74.0,,446.0,441.0,-777.0,-8.0,276.0
153.0,-9.0,104.0,13.0,,-1242.0,320.0,-545.0,-252.0,230.0
143.0,83.0,221.0,-14.0,,-2004.0,183.0,-293.0,-120.0,217.0
107.0,801.0,221.0,-142.0,,329.0,-4.0,-339.0,-153.0,189.0
131.0,659.0,278.0,-315.0,,776.0,-81.0,-360.0,-467.0,93.0
174.0,1134.0,238.0,-390.0,,-590.0,-132.0,-419.0,-361.0,55.0
178.0,1572.0,349.0,-324.0,,-522.0,-132.0,-380.0,116.0,56.0
208.0,1075.0,386.0,-134.0,,-377.0,-49.0,-369.0,40.0,-3.0
253.0,910.0,357.0,-10.0,,-1010.0,10.0,-600.0,-123.0,-15.0
293.0,-290.0,490.0,63.0,,-78.0,-3.0,-691.0,162.0,2.0
312.0,80.0,396.0,99.0,,1005.0,-88.0,-923.0,409.0,-29.0
349.0,381.0,376.0,84.0,,-412.0,-116.0,-995.0,591.0,-22.0
448.0,-136.0,445.0,52.0,,-957.0,-44.0,-1036.0,-369.0,-5.0
502.0,-688.0,382.0,28.0,,60.0,15.0,-1066.0,-343.0,3.0
510.0,-1127.0,450.0,156.0,,-665.0,124.0,-818.0,468.0,-18.0
510.0,-1080.0,444.0,329.0,,-1020.0,234.0,-633.0,117.0,6.0
504.0,-1058.0,475.0,439.0,,68.0,236.0,-275.0,13.0,28.0
498.0,-1321.0,438.0,467.0,,-617.0,262.0,-101.0,383.0,-74.0
474.0,-2225.0,404.0,413.0,,-1022.0,281.0,-51.0,356.0,-123.0
467.0,-993.0,488.0,276.0,,535.0,259.0,-114.0,-182.0,-127.0
449.0,-323.0,350.0,168.0,,-277.0,204.0,-358.0,36.0,-159.0
457.0,-987.0,382.0,168.0,,-1190.0,93.0,-386.0,35.0,-121.0
467.0,-1224.0,295.0,35.0,,240.0,1.0,-491.0,-204.0,-26.0
430.0,-335.0,286.0,20.0,,-391.0,-66.0,-447.0,104.0,-25.0
386.0,573.0,342.0,103.0,,-809.0,-90.0,-572.0,-324.0,0.0
372.0,-129.0,194.0,-10.0,,557.0,-126.0,-864.0,-310.0,114.0
350.0,1086.0,306.0,-166.0,,-208.0,-242.0,-988.0,369.0,103.0
300.0,1573.0,219.0,-233.0,,-604.0,-285.0,-1025.0,379.0,111.0
285.0,499.0,244.0,-222.0,,420.0,-224.0,-628.0,156.0,242.0
269.0,472.0,303.0,-329.0,,-588.0,-260.0,-260.0,-343.0,327.0
292.0,751.0,290.0,-409.0,,-669.0,-400.0,182.0,-640.0,373.0
288.0,131.0,359.0,-370.0,,1139.0,-523.0,526.0,-10.0,467.0
230.0,-160.0,291.0,-210.0,,98.0,-649.0,578.0,453.0,491.0
236.0,888.0,394.0,72.0,,-548.0,-755.0,672.0,200.0,456.0
241.0,1108.0,293.0,315.0,,915.0,-805.0,460.0,-155.0,463.0
239.0,426.0,299.0,512.0,,-550.0,-841.0,206.0,233.0,430.0
219.0,62.0,349.0,553.0,,-1188.0,-827.0,-227.0,681.0,370.0
231.0,651.0,235.0,438.0,,363.0,-744.0,-691.0,695.0,276.0
269.0,919.0,302.0,215.0,,6.0,-615.0,-979.0,537.0,175.0
256.0,661.0,264.0,65.0,,-141.0,-469.0,-1201.0,-146.0,97.0
272.0,-60.0,262.0,16.0,,-237.0,-332.0,-1077.0,-13.0,13.0
290.0,-67.0,255.0,19.0,,-1022.0,-138.0,-1012.0,394.0,-61.0
260.0,426.0,223.0,221.0,,-231.0,-17.0,-768.0,190.0,-149.0
220.0,-65.0,228.0,504.0,,354.0,46.0,-478.0,130.0,-123.0
192.0,-805.0,199.0,695.0,,-584.0,82.0,-247.0,-558.0,14.0
145.0,-580.0,191.0,678.0,,-351.0,-17.0,81.0,-825.0,61.0
75.0,24.0,144.0,478.0,,-716.0,-89.0,127.0,148.0,153.0
16.0,-1020.0,121.0,199.0,,-1435.0,-191.0,251.0,190.0,296.0
-39.0,-569.0,140.0,-6.0,,317.0,-324.0,194.0,-591.0,333.0
-139.0,374.0,142.0,-52.0,,-1.0,-450.0,84.0,-319.0,347.0
-219.0,171.0,94.0,104.0,,-958.0,-589.0,59.0,-66.0,396.0
-274.0,162.0,104.0,184.0,,-23.0,-592.0,-53.0,-448.0,445.0
-330.0,884.0,118.0,110.0,,-1014.0,-567.0,46.0,-224.0,457.0
-358.0,398.0,121.0,79.0,,-977.0,-574.0,18.0,227.0,464.0
-367.0,-1798.0,176.0,23.0,,845.0,-515.0,-25.0,-8.0,526.0
-355.0,-660.0,167.0,197.0,,-231.0,-472.0,-286.0,-77.0,597.0
-339.0,25.0,225.0,346.0,,-1514.0,-479.0,-554.0,425.0,586.0
-257.0,-813.0,281.0,307.0,,-500.0,-440.0,-637.0,530.0,701.0
-187.0,-689.0,312.0,302.0,,-797.0,-422.0,-822.0,85.0,884.0
-132.0,-569.0,300.0,217.0,,-899.0,-481.0,-740.0,-262.0,914.0
-99.0,-24.0,343.0,117.0,,-180.0,-601.0,-713.0,339.0,934.0
-74.0,450.0,338.0,55.0,,-799.0,-709.0,-460.0,725.0,959.0
1.0,-142.0,220.0,24.0,,315.0,-819.0,-116.0,210.0,981.0
29.0,-1389.0,224.0,-4.0,,391.0,-963.0,168.0,-238.0,916.0
61.0,-120.0,130.0,-69.0,,-1450.0,-1029.0,550.0,-133.0,831.0
87.0,202.0,151.0,-33.0,,-257.0,-1119.0,563.0,-136.0,839.0
143.0,-480.0,87.0,92.0,,175.0,-1220.0,657.0,-466.0,782.0
155.0,201.0,122.0,130.0,,-776.0,-1232.0,580.0,-475.0,663.0
103.0,-279.0,271.0,211.0,,131.0,-1165.0,395.0,-516.0,520.0
62.0,350.0,200.0,376.0,,-804.0,-1040.0,247.0,-258.0,379.0
18.0,623.0,268.0,458.0,,-1439.0,-867.0,-59.0,-468.0,230.0
-11.0,-281.0,259.0,464.0,,793.0,-611.0,-110.0,-326.0,43.0
-63.0,-286.0,250.0,498.0,,-304.0,-337.0,-206.0,-76.0,-133.0
-69.0,-252.0,263.0,490.0,,-914.0,-60.0,-57.0,-726.0,-226.0
-20.0,307.0,219.0,400.0,,1590.0,132.0,227.0,-815.0,-292.0
17.0,970.0,256.0,292.0,,-709.0,194.0,593.0,-292.0,-372.0
-11.0,376.0,207.0,194.0,,-2113.0,209.0,1064.0,387.0,-303.0
5.0,-649.0,192.0,124.0,,922.0,152.0,1247.0,158.0,-165.0
18.0,-145.0,258.0,12.0,,-27.0,0.0,1520.0,322.0,-74.0
-12.0,258.0,210.0,-125.0,,-577.0,-202.0,1468.0,407.0,106.0
-21.0,-274.0,192.0,-217.0,,1105.0,-352.0,1213.0,194.0,365.0
-6.0,-648.0,179.0,-279.0,,-1113.0,-528.0,881.0,374.0,593.0
36.0,-648.0,178.0,-334.0,,-803.0,-737.0,408.0,-24.0,756.0
61.0,-334.0,95.0,-243.0,,1309.0,-882.0,96.0,35.0,885.0
103.0,-842.0,58.0,-79.0,,-918.0,-1005.0,-314.0,-135.0,974.0
113.0,-1194.0,82.0,27.0,,-97.0,-1067.0,-399.0,-129.0,964.0
124.0,-769.0,53.0,74.0,,1769.0,-1089.0,-369.0,-80.0,931.0
139.0,-229.0,65.0,160.0,,-909.0,-1048.0,-299.0,-87.0,878.0
171.0,-511.0,50.0,313.0,,-792.0,-964.0,-131.0,-203.0,751.0
228.0,-701.0,179.0,334.0,,993.0,-920.0,-110.0,-419.0,588.0
240.0,-17.0,187.0,323.0,,385.0,-826.0,116.0,251.0,446.0
222.0,104.0,186.0,383.0,,481.0,-728.0,169.0,-17.0,400.0
198.0,-85.0,215.0,426.0,,-81.0,-645.0,210.0,-339.0,306.0
188.0,513.0,131.0,410.0,,-839.0,-605.0,242.0,-152.0,173.0
141.0,1131.0,111.0,429.0,,355.0,-640.0,219.0,-331.0,150.0
54.0,160.0,149.0,324.0,,599.0,-677.0,332.0,-488.0,110.0
-2.0,-127.0,103.0,69.0,,-833.0,-693.0,208.0,70.0,18.0
-37.0,667.0,133.0,-121.0,,-392.0,-679.0,160.0,168.0,23.0
-128.0,580.0,161.0,-354.0,,845.0,-722.0,18.0,-521.0,138.0
-188.0,155.0,41.0,-509.0,,82.0,-763.0,57.0,-101.0,239.0
-237.0,655.0,174.0,-576.0,,-494.0,-740.0,384.0,212.0,354.0
-299.0,698.0,145.0,-429.0,,-30.0,-702.0,606.0,790.0,497.0
-383.0,-687.0,34.0,-108.0,,196.0,-634.0,861.0,994.0,611.0
-479.0,-620.0,116.0,-59.0,,-221.0,-537.0,805.0,559.0,636.0
-506.0,-143.0,88.0,33.0,,-34.0,-424.0,800.0,480.0,622.0
-532.0,-355.0,-27.0,328.0,,10.0,-379.0,801.0,-121.0,641.0
-514.0,-1254.0,-32.0,589.0,,-457.0,-388.0,776.0,-115.0,560.0
-491.0,-1179.0,-82.0,681.0,,94.0,-428.0,803.0,300.0,415.0
-477.0,436.0,-118.0,725.0,,-123.0,-540.0,589.0,-126.0,355.0
-458.0,-334.0,21.0,720.0,,-723.0,-580.0,421.0,-146.0,344.0
-410.0,-1411.0,30.0,494.0,,-267.0,-513.0,70.0,404.0,282.0
-352.0,-1730.0,55.0,338.0,,302.0,-567.0,-133.0,628.0,243.0
-320.0,-818.0,231.0,167.0,,-361.0,-692.0,-230.0,1554.0,309.0
-255.0,413.0,397.0,69.0,,-559.0,-684.0,-354.0,457.0,324.0
-158.0,7.0,355.0,148.0,,460.0,-625.0,-188.0,127.0,246.0
-87.0,1035.0,446.0,303.0,,-450.0,-603.0,-75.0,1667.0,245.0
-58.0,1043.0,479.0,455.0,,-630.0,-559.0,153.0,46.0,207.0
-12.0,15.0,335.0,330.0,,769.0,-511.0,288.0,-123.0,73.0
24.0,654.0,365.0,158.0,,328.0,-506.0,460.0,-103.0,49.0
43.0,833.0,231.0,83.0,,266.0,-477.0,646.0,-663.0,39.0
24.0,-4.0,232.0,124.0,,655.0,-363.0,598.0,-146.0,24.0
-11.0,543.0,202.0,173.0,,-990.0,-243.0,626.0,-865.0,1.0
-19.0,1573.0,155.0,211.0,,-459.0,-232.0,404.0,-482.0,-55.0
16.0,-88.0,266.0,327.0,,1595.0,-188.0,282.0,-511.0,-36.0
34.0,-1415.0,191.0,359.0,,-41.0,-33.0,245.0,-386.0,-50.0
43.0,-1249.0,283.0,404.0,,-489.0,55.0,238.0,441.0,-116.0
38.0,-397.0,326.0,413.0,,550.0,81.0,382.0,111.0,-94.0
-8.0,-402.0,288.0,277.0,,-530.0,84.0,367.0,-397.0,-14.0
-39.0,-1566.0,336.0,107.0,,479.0,53.0,556.0,-411.0,26.0
-64.0,-196.0,306.0,-45.0,,1649.0,-4.0,628.0,209.0,119.0
-19.0,-88.0,321.0,-166.0,,79.0,-100.0,692.0,-65.0,208.0
6.0,-1242.0,284.0,-265.0,,-127.0,-219.0,776.0,226.0,228.0
31.0,-797.0,242.0,-342.0,,33.0,-438.0,646.0,414.0,219.0
64.0,-293.0,251.0,-258.0,,414.0,-548.0,537.0,-239.0,178.0
32.0,739.0,257.0,-60.0,,2180.0,-506.0,188.0,30.0,140.0
-36.0,683.0,213.0,95.0,,695.0,-504.0,33.0,7.0,-12.0
-104.0,440.0,173.0,231.0,,-737.0,-440.0,-84.0,166.0,-122.0
-132.0,1489.0,156.0,322.0,,550.0,-380.0,-166.0,369.0,-103.0
-217.0,1613.0,65.0,378.0,,538.0,-363.0,-9.0,481.0,-190.0
-282.0,260.0,70.0,470.0,,579.0,-278.0,53.0,301.0,-354.0
-299.0,437.0,47.0,628.0,,728.0,-93.0,286.0,289.0,-460.0
-315.0,1548.0,23.0,801.0,,369.0,93.0,314.0,953.0,-517.0
-363.0,-386.0,30.0,971.0,,705.0,270.0,328.0,843.0,-589.0
-441.0,-1440.0,-7.0,1002.0,,655.0,514.0,360.0,286.0,-630.0
-475.0,228.0,44.0,981.0,,-79.0,731.0,253.0,-45.0,-706.0
-461.0,-679.0,103.0,914.0,,598.0,808.0,343.0,262.0,-754.0
-433.0,-1776.0,145.0,697.0,,847.0,763.0,303.0,343.0,-781.0
-429.0,-551.0,210.0,714.0,,53.0,721.0,291.0,244.0,-838.0
-420.0,-205.0,282.0,726.0,,670.0,651.0,62.0,30.0,-764.0
-431.0,-306.0,354.0,421.0,,98.0,531.0,-216.0,-233.0,-697.0
-462.0,-468.0,459.0,80.0,,281.0,425.0,-234.0,-22.0,-681.0
-499.0,-488.0,505.0,-253.0,,1519.0,248.0,-266.0,549.0,-571.0
-547.0,-332.0,565.0,-494.0,,730.0,38.0,-145.0,1020.0,-359.0
-543.0,-355.0,594.0,-430.0,,617.0,-96.0,-192.0,-26.0,-248.0
-522.0,223.0,610.0,-74.0,,751.0,-251.0,-81.0,-1.0,-231.0
-547.0,366.0,615.0,251.0,,147.0,-342.0,73.0,188.0,-132.0
-539.0,-315.0,606.0,391.0,,473.0,-282.0,179.0,-216.0,-50.0
-494.0,-929.0,659.0,567.0,,1076.0,-192.0,519.0,292.0,-63.0
-432.0,-576.0,577.0,763.0,,410.0,-123.0,646.0,-904.0,-114.0
-394.0,-172.0,595.0,784.0,,-2.0,-49.0,814.0,-734.0,-98.0
-402.0,-771.0,522.0,610.0,,381.0,115.0,800.0,-101.0,-148.0
-362.0,-66.0,432.0,427.0,,623.0,329.0,722.0,-139.0,-294.0
-306.0,1026.0,493.0,325.0,,1019.0,529.0,654.0,688.0,-374.0
-270.0,851.0,391.0,211.0,,525.0,651.0,421.0,-664.0,-443.0
-278.0,879.0,417.0,71.0,,461.0,728.0,334.0,-585.0,-544.0
-227.0,1285.0,440.0,-186.0,,957.0,782.0,60.0,191.0,-623.0
-140.0,1073.0,409.0,-338.0,,420.0,849.0,-118.0,-206.0,-628.0
-106.0,-715.0,461.0,-256.0,,307.0,905.0,-389.0,-97.0,-629.0
-51.0,626.0,457.0,-154.0,,488.0,828.0,-698.0,-1189.0,-579.0
30.0,1823.0,503.0,-39.0,,241.0,830.0,-862.0,-1026.0,-434.0
131.0,-1042.0,552.0,-9.0,,127.0,860.0,-1151.0,-9.0,-305.0
212.0,-843.0,573.0,-127.0,,991.0,824.0,-1136.0,-226.0,-228.0
291.0,807.0,618.0,-291.0,,1530.0,777.0,-1064.0,-357.0,-187.0
314.0,267.0,657.0,-446.0,,797.0,769.0,-727.0,-25.0,-61.0
312.0,-2451.0,657.0,-520.0,,634.0,836.0,-223.0,194.0,49.0
293.0,-1893.0,716.0,-549.0,,549.0,881.0,249.0,174.0,-8.0
232.0,934.0,773.0,-567.0,,317.0,941.0,748.0,100.0,-77.0
210.0,-761.0,697.0,-473.0,,1211.0,917.0,879.0,-369.0,-128.0
203.0,-780.0,754.0,-442.0,,1806.0,838.0,990.0,-676.0,-237.0
191.0,896.0,725.0,-526.0,,300.0,739.0,816.0,-526.0,-322.0
147.0,-197.0,636.0,-437.0,,-81.0,637.0,567.0,285.0,-401.0
122.0,-57.0,728.0,-242.0,,1396.0,612.0,358.0,897.0,-500.0
95.0,1287.0,633.0,-231.0,,1849.0,609.0,48.0,295.0,-588.0
24.0,241.0,609.0,-249.0,,1965.0,635.0,72.0,174.0,-654.0
-48.0,-266.0,591.0,-211.0,,880.0,621.0,-49.0,590.0,-627.0
-119.0,131.0,456.0,-161.0,,-116.0,615.0,-127.0,367.0,-644.0
-164.0,-277.0,457.0,27.0,,1552.0,645.0,-203.0,61.0,-774.0
-172.0,674.0,307.0,236.0,,1841.0,746.0,-232.0,-532.0,-861.0
-209.0,1062.0,227.0,407.0,,149.0,874.0,11.0,-604.0,-883.0
-251.0,283.0,132.0,508.0,,867.0,891.0,131.0,-4.0,-878.0
-281.0,189.0,37.0,471.0,,1028.0,889.0,328.0,-158.0,-831.0
-352.0,443.0,-12.0,358.0,,500.0,833.0,238.0,257.0,-802.0
-417.0,78.0,-132.0,224.0,,2074.0,733.0,49.0,409.0,-743.0
-441.0,-20.0,-183.0,2.0,,1075.0,685.0,-153.0,-517.0,-650.0
-421.0,569.0,-273.0,-199.0,,291.0,726.0,-461.0,-645.0,-688.0
-407.0,285.0,-248.0,-259.0,,2151.0,869.0,-493.0,-23.0,-708.0
-408.0,-211.0,-300.0,-321.0,,935.0,1022.0,-620.0,-8.0,-709.0
-406.0,-209.0,-289.0,-460.0,,446.0,1113.0,-707.0,-370.0,-782.0
-367.0,-127.0,-245.0,-435.0,,2013.0,1140.0,-888.0,-153.0,-781.0
-267.0,-492.0,-223.0,-268.0,,52.0,1138.0,-1018.0,-155.0,-742.0
-208.0,-927.0,-103.0,-291.0,,136.0,1173.0,-1005.0,347.0,-705.0
-173.0,-871.0,-44.0,-344.0,,2245.0,1162.0,-1067.0,55.0,-644.0
-89.0,-31.0,32.0,-228.0,,1076.0,1003.0,-805.0,-684.0,-467.0
-25.0,-555.0,47.0,-124.0,,1080.0,885.0,-676.0,-164.0,-243.0
-23.0,-2014.0,140.0,-114.0,,1662.0,805.0,-474.0,-468.0,-128.0
-6.0,-1102.0,251.0,48.0,,1066.0,694.0,-190.0,155.0,-22.0
25.0,-765.0,217.0,211.0,,1316.0,666.0,16.0,472.0,115.0
53.0,-1670.0,295.0,212.0,,973.0,727.0,389.0,443.0,231.0
88.0,-2058.0,334.0,319.0,,133.0,756.0,515.0,924.0,328.0
89.0,-1112.0,303.0,488.0,,855.0,779.0,561.0,-228.0,405.0
40.0,831.0,428.0,465.0,,508.0,886.0,280.0,181.0,378.0
35.0,1826.0,391.0,241.0,,-131.0,875.0,-160.0,-289.0,303.0
62.0,1318.0,436.0,-31.0,,1154.0,757.0,-504.0,-1367.0,235.0
-2.0,1345.0,448.0,-113.0,,273.0,657.0,-818.0,-72.0,75.0
-84.0,1823.0,414.0,31.0,,-77.0,596.0,-846.0,-300.0,-144.0
-105.0,376.0,415.0,47.0,,1135.0,586.0,-936.0,-463.0,-403.0
-105.0,845.0,333.0,-13.0,,102.0,618.0,-851.0,-37.0,-580.0
-153.0,1812.0,364.0,-142.0,,-139.0,760.0,-722.0,-250.0,-643.0
-217.0,961.0,280.0,-269.0,,350.0,883.0,-500.0,-389.0,-785.0
-246.0,198.0,317.0,-285.0,,-749.0,982.0,-48.0,-730.0,-879.0
-291.0,910.0,329.0,-324.0,,-450.0,1116.0,269.0,-403.0,-815.0
-310.0,1530.0,318.0,-256.0,,273.0,1213.0,665.0,116.0,-780.0
-314.0,-684.0,351.0,-187.0,,-623.0,1266.0,679.0,103.0,-778.0
-332.0,-394.0,374.0,-17.0,,21.0,1324.0,480.0,-8.0,-686.0
-315.0,1508.0,436.0,151.0,,129.0,1322.0,212.0,-37.0,-533.0
-247.0,629.0,422.0,103.0,,-671.0,1227.0,-110.0,-116.0,-449.0
-216.0,-753.0,550.0,107.0,,630.0,1156.0,-151.0,559.0,-376.0
-249.0,-454.0,591.0,119.0,,510.0,1077.0,-389.0,525.0,-241.0
-230.0,-746.0,615.0,63.0,,-804.0,962.0,-598.0,-44.0,-230.0
-197.0,-1267.0,667.0,89.0,,-473.0,851.0,-914.0,103.0,-352.0
-199.0,-352.0,669.0,211.0,,-536.0,819.0,-1261.0,-367.0,-429.0
-209.0,-108.0,719.0,297.0,,-590.0,825.0,-1420.0,169.0,-441.0
-219.0,-1181.0,689.0,361.0,,-157.0,796.0,-1585.0,117.0,-613.0
-210.0,-1966.0,751.0,276.0,,-1034.0,825.0,-1376.0,-561.0,-842.0
-150.0,-776.0,719.0,177.0,,-550.0,912.0,-1141.0,-72.0,-838.0
-83.0,175.0,606.0,245.0,,928.0,945.0,-722.0,186.0,-890.0
-91.0,326.0,619.0,340.0,,-149.0,902.0,-310.0,743.0,-1069.0
-98.0,-595.0,469.0,503.0,,-619.0,871.0,-114.0,565.0,-1069.0
-56.0,393.0,366.0,474.0,,-11.0,849.0,192.0,462.0,-1005.0
-39.0,1394.0,279.0,280.0,,-634.0,800.0,210.0,328.0,-1101.0
-100.0,430.0,183.0,115.0,,14.0,745.0,282.0,-220.0,-1098.0
-148.0,1138.0,89.0,-81.0,,-1.0,691.0,290.0,381.0,-937.0
-163.0,92.0,7.0,-235.0,,-1617.0,608.0,184.0,-4.0,-947.0
-184.0,123.0,56.0,-394.0,,-621.0,501.0,70.0,-939.0,-990.0
-238.0,1211.0,-35.0,-549.0,,47.0,381.0,-136.0,-790.0,-854.0
-330.0,510.0,-11.0,-561.0,,-930.0,292.0,-83.0,-676.0,-688.0
-333.0,-112.0,4.0,-338.0,,-29.0,278.0,-223.0,-433.0,-689.0
-300.0,293.0,26.0,-41.0,,37.0,278.0,-279.0,156.0,-684.0
-298.0,-232.0,20.0,131.0,,-872.0,280.0,-317.0,-213.0,-473.0
-353.0,-429.0,16.0,108.0,,-191.0,300.0,-528.0,-570.0,-348.0
-376.0,240.0,68.0,-44.0,,-601.0,332.0,-617.0,0.0,-296.0
-319.0,-1599.0,58.0,-200.0,,-647.0,320.0,-792.0,240.0,-145.0
-298.0,-859.0,141.0,-347.0,,259.0,295.0,-794.0,-186.0,-25.0
-289.0,368.0,104.0,-431.0,,-1473.0,253.0,-953.0,-241.0,85.0
-272.0,210.0,130.0,-555.0,,-1607.0,228.0,-1067.0,214.0,146.0
-239.0,-83.0,133.0,-501.0,,496.0,299.0,-1019.0,375.0,143.0
-219.0,455.0,128.0,-278.0,,-191.0,299.0,-916.0,1200.0,110.0
-202.0,892.0,147.0,-281.0,,-605.0,218.0,-535.0,1503.0,52.0
-235.0,336.0,182.0,-283.0,,525.0,118.0,-341.0,643.0,57.0
-281.0,1127.0,94.0,-262.0,,-155.0,29.0,-22.0,90.0,97.0
-294.0,-1076.0,73.0,-273.0,,-381.0,64.0,144.0,642.0,45.0
-294.0,-984.0,149.0,-220.0,,-256.0,125.0,199.0,1205.0,-91.0
-309.0,431.0,44.0,-186.0,,-1262.0,116.0,441.0,212.0,-64.0
-359.0,1345.0,187.0,-158.0,,-202.0,96.0,452.0,-273.0,66.0
-320.0,796.0,174.0,-52.0,,-98.0,107.0,473.0,-332.0,63.0
-304.0,-2097.0,174.0,62.0,,-1325.0,119.0,308.0,-141.0,-13.0
-306.0,-210.0,291.0,9.0,,-144.0,107.0,90.0,138.0,-87.0
-305.0,299.0,302.0,27.0,,304.0,91.0,-260.0,-134.0,-177.0
-321.0,-360.0,351.0,88.0,,88.0,34.0,-620.0,173.0,-291.0
-322.0,-333.0,430.0,14.0,,224.0,-73.0,-713.0,282.0,-399.0
-346.0,296.0,504.0,25.0,,-630.0,-169.0,-768.0,256.0,-504.0
-370.0,1254.0,410.0,89.0,,-204.0,-241.0,-436.0,-51.0,-623.0
-441.0,885.0,540.0,119.0,,491.0,-244.0,-243.0,-405.0,-692.0
-477.0,1272.0,514.0,7.0,,-938.0,-241.0,-134.0,-554.0,-625.0
-456.0,458.0,458.0,-204.0,,-705.0,-263.0,33.0,-820.0,-625.0
-474.0,-663.0,610.0,-260.0,,225.0,-249.0,25.0,-379.0,-716.0
-532.0,-75.0,487.0,-248.0,,-594.0,-178.0,199.0,-80.0,-623.0
-528.0,2018.0,514.0,-220.0,,-85.0,-64.0,164.0,-699.0,-431.0
-479.0,248.0,539.0,-108.0,,134.0,-15.0,218.0,-502.0,-318.0
-464.0,-739.0,461.0,3.0,,-137.0,-9.0,369.0,-107.0,-213.0
-438.0,1262.0,380.0,190.0,,385.0,-54.0,517.0,-200.0,-49.0
-442.0,710.0,313.0,436.0,,-525.0,-155.0,715.0,713.0,-12.0
-413.0,439.0,222.0,581.0,,-963.0,-203.0,548.0,357.0,-48.0
-323.0,-684.0,140.0,516.0,,279.0,-188.0,406.0,292.0,28.0
-287.0,-168.0,103.0,439.0,,43.0,-199.0,101.0,829.0,80.0
-296.0,325.0,-25.0,524.0,,-503.0,-247.0,-138.0,360.0,27.0
-264.0,-139.0,27.0,484.0,,-159.0,-272.0,-206.0,1011.0,3.0
-207.0,88.0,-40.0,329.0,,-731.0,-275.0,-323.0,334.0,111.0
-148.0,-1255.0,-74.0,230.0,,-102.0,-219.0,-240.0,-160.0,158.0
-81.0,-839.0,-135.0,217.0,,840.0,-109.0,-269.0,900.0,64.0
-10.0,-1039.0,-232.0,166.0,,50.0,-6.0,-123.0,650.0,97.0
71.0,-240.0,-214.0,47.0,,-139.0,67.0,66.0,447.0,216.0
151.0,119.0,-340.0,13.0,,-91.0,61.0,306.0,383.0,162.0
237.0,-1501.0,-317.0,59.0,,-446.0,-12.0,572.0,-149.0,115.0
279.0,129.0,-351.0,277.0,,-132.0,-165.0,576.0,328.0,186.0
279.0,883.0,-323.0,512.0,,-211.0,-343.0,652.0,408.0,176.0
276.0,611.0,-288.0,576.0,,-325.0,-428.0,339.0,37.0,79.0
261.0,419.0,-282.0,532.0,,315.0,-516.0,-22.0,-80.0,43.0
215.0,628.0,-217.0,411.0,,-102.0,-610.0,-304.0,-598.0,35.0
166.0,273.0,-188.0,190.0,,-242.0,-690.0,-541.0,-35.0,-33.0
167.0,224.0,-104.0,44.0,,567.0,-796.0,-397.0,370.0,-63.0
154.0,1543.0,-128.0,28.0,,318.0,-899.0,-295.0,263.0,-7.0
178.0,-796.0,-81.0,-78.0,,-152.0,-983.0,31.0,71.0,-15.0
201.0,-912.0,-82.0,-56.0,,-385.0,-1072.0,214.0,-270.0,-160.0
200.0,1040.0,-54.0,-179.0,,-836.0,-1176.0,367.0,203.0,-213.0
222.0,-151.0,-31.0,-520.0,,-473.0,-1157.0,654.0,336.0,-198.0
208.0,-122.0,-54.0,-647.0,,141.0,-1057.0,644.0,56.0,-336.0
172.0,-153.0,-17.0,-753.0,,-532.0,-960.0,657.0,504.0,-485.0
109.0,-877.0,0.0,-795.0,,-611.0,-808.0,386.0,807.0,-570.0
135.0,-358.0,5.0,-768.0,,131.0,-612.0,129.0,499.0,-639.0
187.0,783.0,69.0,-644.0,,-217.0,-409.0,-134.0,565.0,-710.0
180.0,851.0,97.0,-427.0,,-262.0,-261.0,-412.0,151.0,-728.0
225.0,-931.0,93.0,-289.0,,325.0,-155.0,-454.0,158.0,-674.0
279.0,-95.0,230.0,-214.0,,78.0,-45.0,-502.0,307.0,-650.0
318.0,1671.0,134.0,-189.0,,-415.0,17.0,-301.0,-156.0,-604.0
326.0,830.0,169.0,-201.0,,-652.0,10.0,-319.0,457.0,-448.0
330.0,-878.0,177.0,-164.0,,-870.0,35.0,-206.0,415.0,-257.0
315.0,-1470.0,42.0,-59.0,,-363.0,46.0,114.0,350.0,-157.0
293.0,-199.0,67.0,31.0,,70.0,-60.0,384.0,623.0,-61.0
318.0,135.0,15.0,128.0,,-310.0,-179.0,788.0,105.0,65.0
304.0,-181.0,-45.0,72.0,,-612.0,-306.0,788.0,241.0,93.0
262.0,-334.0,-46.0,69.0,,-294.0,-456.0,779.0,224.0,34.0
247.0,-669.0,-51.0,193.0,,248.0,-536.0,665.0,162.0,-9.0
244.0,-643.0,-33.0,199.0,,49.0,-542.0,517.0,19.0,16.0
215.0,31.0,16.0,24.0,,-181.0,-562.0,465.0,-343.0,-27.0
182.0,-401.0,-2.0,-213.0,,-192.0,-690.0,234.0,-387.0,-82.0
130.0,-1151.0,26.0,-386.0,,-454.0,-877.0,218.0,-337.0,-68.0
10.0,193.0,65.0,-532.0,,-511.0,-1086.0,57.0,-155.0,-144.0
-53.0,680.0,101.0,-463.0,,-250.0,-1217.0,86.0,-523.0,-157.0
-38.0,187.0,145.0,-372.0,,-254.0,-1246.0,181.0,-3.0,-99.0
-89.0,-277.0,170.0,-308.0,,-157.0,-1260.0,134.0,752.0,-154.0
-177.0,-749.0,169.0,-244.0,,377.0,-1182.0,279.0,506.0,-267.0
-184.0,-308.0,228.0,-245.0,,258.0,-1049.0,179.0,353.0,-347.0
-149.0,719.0,207.0,-234.0,,349.0,-920.0,208.0,187.0,-368.0
-190.0,70.0,232.0,-176.0,,615.0,-751.0,169.0,42.0,-334.0
-238.0,-1298.0,202.0,12.0,,-296.0,-525.0,40.0,13.0,-359.0
-253.0,-440.0,166.0,117.0,,-898.0,-280.0,-90.0,319.0,-500.0
-298.0,-76.0,243.0,83.0,,-377.0,-104.0,-317.0,107.0,-557.0
-326.0,-1158.0,146.0,39.0,,-354.0,0.0,-347.0,-548.0,-527.0
-358.0,-992.0,184.0,39.0,,-497.0,77.0,-530.0,-496.0,-512.0
-401.0,-497.0,146.0,290.0,,-201.0,67.0,-502.0,-86.0,-495.0
-431.0,-379.0,140.0,456.0,,-85.0,27.0,-399.0,301.0,-472.0
-398.0,279.0,115.0,276.0,,284.0,61.0,-197.0,332.0,-464.0
-394.0,196.0,108.0,189.0,,77.0,131.0,153.0,103.0,-419.0
-364.0,149.0,90.0,146.0,,-99.0,188.0,194.0,264.0,-297.0
-271.0,35.0,3.0,96.0,,189.0,168.0,310.0,652.0,-211.0
-270.0,223.0,5.0,-33.0,,-280.0,89.0,223.0,715.0,-112.0
-260.0,942.0,-135.0,-173.0,,-788.0,0.0,194.0,665.0,51.0
-232.0,275.0,-130.0,-183.0,,-797.0,-80.0,173.0,562.0,194.0
-209.0,252.0,-119.0,-163.0,,-425.0,-191.0,60.0,161.0,187.0
-208.0,876.0,-156.0,-144.0,,-327.0,-348.0,140.0,363.0,156.0
-184.0,1074.0,-146.0,-348.0,,-367.0,-464.0,-5.0,826.0,160.0
-120.0,355.0,-128.0,-526.0,,-36.0,-542.0,-64.0,728.0,-10.0
-90.0,-118.0,-127.0,-574.0,,363.0,-605.0,-291.0,683.0,-145.0
-41.0,536.0,-6.0,-485.0,,60.0,-621.0,-473.0,448.0,-160.0
52.0,-30.0,32.0,-435.0,,-471.0,-596.0,-487.0,582.0,-236.0
129.0,-324.0,22.0,-660.0,,-113.0,-595.0,-692.0,779.0,-349.0
129.0,109.0,115.0,-748.0,,-344.0,-570.0,-685.0,365.0,-388.0
195.0,-558.0,51.0,-743.0,,-786.0,-541.0,-755.0,248.0,-404.0
258.0,-763.0,74.0,-671.0,,-489.0,-566.0,-633.0,-120.0,-520.0
266.0,-522.0,32.0,-527.0,,-746.0,-523.0,-506.0,-407.0,-534.0
300.0,-745.0,-2.0,-423.0,,-613.0,-406.0,-443.0,-118.0,-427.0
286.0,-235.0,-6.0,-214.0,,354.0,-193.0,-173.0,-58.0,-378.0
196.0,-913.0,-58.0,-208.0,,210.0,53.0,-46.0,-36.0,-321.0
156.0,-1744.0,-67.0,-242.0,,125.0,269.0,160.0,256.0,-166.0
140.0,-627.0,-66.0,-256.0,,830.0,526.0,29.0,632.0,13.0
66.0,-565.0,-24.0,-415.0,,42.0,696.0,-195.0,683.0,122.0
56.0,-1114.0,-13.0,-399.0,,-320.0,776.0,-354.0,162.0,235.0
107.0,-628.0,19.0,-373.0,,267.0,829.0,-628.0,-449.0,316.0
136.0,663.0,3.0,-361.0,,-440.0,867.0,-703.0,-215.0,264.0
143.0,1198.0,-10.0,-425.0,,-568.0,890.0,-892.0,162.0,214.0
182.0,185.0,-28.0,-635.0,,-70.0,847.0,-864.0,-341.0,257.0
189.0,-18.0,-76.0,-657.0,,-242.0,746.0,-827.0,-479.0,258.0
176.0,482.0,-88.0,-508.0,,-18.0,548.0,-829.0,-279.0,194.0
187.0,-740.0,-8.0,-292.0,,50.0,363.0,-611.0,-466.0,192.0
224.0,-1379.0,-30.0,-53.0,,194.0,241.0,-473.0,-98.0,214.0
258.0,-214.0,-62.0,53.0,,974.0,140.0,-121.0,274.0,227.0
307.0,-1134.0,83.0,187.0,,200.0,13.0,125.0,-72.0,259.0
381.0,-1642.0,16.0,446.0,,-600.0,-28.0,325.0,-240.0,365.0
377.0,-289.0,-14.0,530.0,,252.0,70.0,454.0,-85.0,518.0
426.0,113.0,38.0,509.0,,133.0,93.0,284.0,-50.0,614.0
482.0,-657.0,-77.0,588.0,,-308.0,85.0,75.0,-197.0,710.0
495.0,-1186.0,-109.0,560.0,,89.0,107.0,-275.0,-12.0,788.0
505.0,199.0,-110.0,344.0,,87.0,191.0,-410.0,40.0,782.0
534.0,570.0,-190.0,18.0,,510.0,274.0,-589.0,133.0,762.0
542.0,286.0,-261.0,-213.0,,1072.0,313.0,-731.0,640.0,748.0
505.0,-196.0,-226.0,-200.0,,649.0,383.0,-724.0,451.0,641.0
527.0,-377.0,-225.0,-27.0,,1060.0,423.0,-885.0,467.0,450.0
508.0,639.0,-245.0,260.0,,1128.0,485.0,-835.0,383.0,298.0
476.0,367.0,-136.0,256.0,,-298.0,468.0,-886.0,112.0,202.0
442.0,-388.0,-120.0,0.0,,-317.0,405.0,-844.0,492.0,115.0
419.0,-914.0,-113.0,-131.0,,429.0,387.0,-790.0,291.0,80.0
346.0,447.0,-40.0,-256.0,,197.0,345.0,-811.0,187.0,120.0
253.0,686.0,-89.0,-394.0,,71.0,284.0,-691.0,327.0,194.0
220.0,73.0,-104.0,-522.0,,172.0,174.0,-702.0,17.0,292.0
168.0,628.0,-32.0,-423.0,,110.0,151.0,-495.0,63.0,382.0
128.0,-4.0,-20.0,-200.0,,703.0,180.0,-360.0,-133.0,519.0
103.0,-303.0,36.0,-72.0,,1122.0,158.0,-218.0,-520.0,613.0
80.0,-260.0,109.0,189.0,,534.0,202.0,-173.0,-101.0,561.0
47.0,294.0,173.0,340.0,,110.0,327.0,-388.0,97.0,628.0
66.0,-330.0,271.0,307.0,,56.0,461.0,-376.0,-67.0,772.0
75.0,65.0,274.0,376.0,,-194.0,559.0,-443.0,0.0,785.0
53.0,1802.0,300.0,350.0,,139.0,713.0,-312.0,-99.0,761.0
73.0,1504.0,375.0,160.0,,462.0,887.0,-177.0,-222.0,751.0
107.0,632.0,356.0,-78.0,,-626.0,895.0,-168.0,-61.0,762.0
93.0,1094.0,320.0,-317.0,,-290.0,834.0,-160.0,-105.0,702.0
88.0,2253.0,358.0,-519.0,,987.0,804.0,-303.0,-205.0,655.0
157.0,1190.0,286.0,-541.0,,466.0,732.0,-223.0,-212.0,722.0
201.0,737.0,251.0,-435.0,,210.0,656.0,-330.0,-579.0,725.0
257.0,792.0,261.0,-470.0,,749.0,666.0,-373.0,-541.0,690.0
334.0,255.0,247.0,-567.0,,492.0,659.0,-380.0,-382.0,668.0
362.0,-472.0,214.0,-692.0,,-65.0,566.0,-454.0,-480.0,630.0
371.0,-1044.0,181.0,-881.0,,-207.0,529.0,-301.0,-467.0,562.0
399.0,-868.0,273.0,-998.0,,-502.0,525.0,-321.0,-762.0,437.0
371.0,-1265.0,154.0,-968.0,,144.0,527.0,-199.0,-787.0,296.0
315.0,-1223.0,193.0,-674.0,,321.0,500.0,-144.0,-371.0,226.0
298.0,-2238.0,229.0,-253.0,,-552.0,463.0,-129.0,119.0,142.0
273.0,-2493.0,189.0,138.0,,135.0,483.0,-216.0,329.0,-63.0
187.0,-779.0,228.0,508.0,,338.0,418.0,-504.0,20.0,-151.0
114.0,-323.0,239.0,639.0,,-228.0,350.0,-611.0,-63.0,-139.0
47.0,-1746.0,300.0,799.0,,312.0,291.0,-973.0,-102.0,-208.0
-31.0,-298.0,230.0,892.0,,151.0,234.0,-1167.0,32.0,-209.0
-57.0,1760.0,245.0,593.0,,-437.0,282.0,-1202.0,-73.0,-118.0
-17.0,589.0,165.0,275.0,,-4.0,363.0,-1234.0,-764.0,-19.0
60.0,1096.0,158.0,96.0,,-646.0,479.0,-1099.0,-815.0,93.0
92.0,805.0,132.0,0.0,,-753.0,531.0,-955.0,-412.0,264.0
176.0,907.0,58.0,-145.0,,521.0,577.0,-567.0,-91.0,470.0
225.0,1478.0,68.0,-226.0,,-211.0,727.0,-240.0,-203.0,644.0
264.0,1271.0,40.0,-56.0,,-319.0,830.0,99.0,-162.0,814.0
308.0,1474.0,50.0,30.0,,695.0,797.0,177.0,59.0,998.0
301.0,-98.0,-13.0,-81.0,,-93.0,646.0,-27.0,269.0,1126.0
304.0,451.0,20.0,-153.0,,-93.0,489.0,-151.0,672.0,1192.0
309.0,706.0,65.0,-370.0,,560.0,292.0,-498.0,201.0,1251.0
385.0,-763.0,86.0,-597.0,,-506.0,33.0,-678.0,-503.0,1289.0
388.0,-413.0,67.0,-384.0,,-318.0,-193.0,-742.0,-373.0,1243.0
420.0,495.0,29.0,-8.0,,-79.0,-302.0,-709.0,-56.0,1206.0
481.0,421.0,14.0,162.0,,-1342.0,-308.0,-545.0,25.0,1218.0
488.0,-66.0,29.0,197.0,,-89.0,-313.0,-448.0,-97.0,1165.0
471.0,-580.0,-16.0,334.0,,638.0,-283.0,-227.0,-605.0,1069.0
442.0,-1134.0,-54.0,491.0,,-617.0,-202.0,-116.0,-551.0,963.0
423.0,-949.0,18.0,522.0,,33.0,-105.0,96.0,-317.0,892.0
333.0,-1289.0,-13.0,531.0,,96.0,-79.0,247.0,-455.0,794.0
282.0,-1155.0,-15.0,428.0,,-621.0,-13.0,234.0,-476.0,589.0
216.0,-1441.0,-87.0,205.0,,534.0,138.0,349.0,-1001.0,495.0
114.0,-1340.0,-124.0,-35.0,,250.0,227.0,201.0,-1101.0,558.0
25.0,-220.0,-115.0,-163.0,,-755.0,324.0,142.0,-277.0,577.0
-29.0,-843.0,-182.0,-169.0,,198.0,392.0,86.0,-77.0,569.0
-113.0,-908.0,-143.0,-261.0,,-271.0,490.0,-151.0,-748.0,661.0
-208.0,-1205.0,-171.0,-296.0,,-486.0,645.0,-378.0,-799.0,709.0
-242.0,-747.0,-155.0,-174.0,,957.0,750.0,-683.0,-675.0,730.0
-275.0,758.0,-100.0,-19.0,,-37.0,796.0,-805.0,-491.0,843.0
-300.0,-55.0,-145.0,39.0,,-955.0,676.0,-960.0,-76.0,920.0
-298.0,-634.0,-92.0,115.0,,83.0,543.0,-973.0,-439.0,896.0
-267.0,237.0,-133.0,366.0,,-125.0,468.0,-944.0,-450.0,871.0
-241.0,401.0,-168.0,578.0,,-140.0,357.0,-923.0,-392.0,883.0
-171.0,534.0,-146.0,557.0,,22.0,241.0,-663.0,-145.0,853.0
-128.0,1052.0,-175.0,340.0,,-1081.0,152.0,-478.0,374.0,792.0
-125.0,786.0,-174.0,282.0,,-470.0,94.0,-179.0,-18.0,693.0
-116.0,1382.0,-229.0,334.0,,114.0,-32.0,-60.0,-410.0,607.0
-92.0,2074.0,-198.0,262.0,,-885.0,-156.0,-27.0,-447.0,513.0
-115.0,2005.0,-245.0,90.0,,6.0,-281.0,3.0,-182.0,426.0
-176.0,2173.0,-237.0,-198.0,,198.0,-402.0,3.0,-447.0,417.0
-151.0,1675.0,-201.0,-289.0,,-1270.0,-446.0,140.0,-1104.0,341.0
-142.0,697.0,-213.0,-41.0,,-434.0,-562.0,27.0,-1058.0,265.0
-138.0,222.0,-205.0,207.0,,187.0,-698.0,38.0,-738.0,281.0
-119.0,-274.0,-224.0,282.0,,250.0,-785.0,-120.0,-448.0,310.0
-95.0,-1372.0,-155.0,311.0,,738.0,-869.0,-282.0,-282.0,229.0
-106.0,-1106.0,-209.0,342.0,,-1266.0,-889.0,-242.0,54.0,200.0
-142.0,-284.0,-134.0,366.0,,-1597.0,-805.0,-463.0,134.0,284.0
-151.0,-1073.0,-131.0,228.0,,425.0,-681.0,-493.0,236.0,231.0
-144.0,-1031.0,-107.0,36.0,,-438.0,-557.0,-545.0,943.0,259.0
-86.0,467.0,35.0,22.0,,-1002.0,-425.0,-400.0,887.0,377.0
-38.0,188.0,-12.0,39.0,,-201.0,-259.0,-121.0,189.0,400.0
-6.0,-520.0,59.0,25.0,,-1078.0,-87.0,127.0,20.0,467.0
45.0,299.0,75.0,-77.0,,-621.0,37.0,498.0,199.0,548.0
136.0,1498.0,26.0,-175.0,,221.0,172.0,604.0,262.0,649.0
200.0,1150.0,25.0,-114.0,,-999.0,274.0,825.0,-26.0,755.0
253.0,58.0,-23.0,-29.0,,-94.0,302.0,910.0,-337.0,804.0
364.0,339.0,-90.0,32.0,,586.0,344.0,953.0,-220.0,784.0
450.0,-429.0,-150.0,169.0,,-1356.0,455.0,1032.0,176.0,660.0
493.0,-1239.0,-232.0,269.0,,-708.0,495.0,809.0,245.0,574.0
546.0,-1278.0,-306.0,242.0,,429.0,414.0,622.0,26.0,505.0
543.0,-1278.0,-263.0,116.0,,-670.0,285.0,336.0,-245.0,372.0
471.0,-379.0,-276.0,-33.0,,-785.0,31.0,158.0,-899.0,314.0
385.0,340.0,-324.0,-235.0,,-1099.0,-200.0,-11.0,-864.0,363.0
325.0,576.0,-276.0,-516.0,,-1323.0,-341.0,-94.0,-305.0,495.0
245.0,894.0,-196.0,-461.0,,445.0,-467.0,-49.0,-424.0,598.0
160.0,-152.0,-209.0,-131.0,,321.0,-564.0,-120.0,-551.0,685.0
148.0,-50.0,-249.0,-83.0,,-1214.0,-652.0,25.0,-367.0,803.0
100.0,1957.0,-215.0,-197.0,,-527.0,-715.0,-90.0,-140.0,841.0
110.0,900.0,-282.0,-51.0,,-271.0,-810.0,-116.0,204.0,914.0
108.0,721.0,-257.0,45.0,,-1141.0,-880.0,55.0,448.0,973.0
29.0,754.0,-279.0,-65.0,,-749.0,-895.0,118.0,184.0,982.0
-7.0,-455.0,-309.0,-112.0,,-269.0,-894.0,334.0,-17.0,1032.0
12.0,-489.0,-310.0,-121.0,,-496.0,-838.0,406.0,-94.0,1085.0
50.0,-634.0,-330.0,-68.0,,-604.0,-809.0,574.0,163.0,1109.0
19.0,-1248.0,-235.0,-48.0,,-609.0,-784.0,532.0,638.0,1074.0
58.0,-2577.0,-238.0,-134.0,,-655.0,-742.0,386.0,252.0,1082.0
85.0,-1341.0,-161.0,-301.0,,-445.0,-670.0,426.0,-248.0,1097.0
53.0,-266.0,-189.0,-512.0,,-703.0,-512.0,375.0,-141.0,1097.0
79.0,-494.0,-174.0,-440.0,,-1307.0,-369.0,406.0,206.0,1133.0
125.0,-257.0,-168.0,-215.0,,-607.0,-265.0,273.0,245.0,1154.0
136.0,198.0,-150.0,-161.0,,-198.0,-181.0,245.0,102.0,1128.0
150.0,922.0,-232.0,-162.0,,-757.0,-132.0,256.0,147.0,1063.0
179.0,594.0,-321.0,-228.0,,-690.0,-147.0,234.0,506.0,1017.0
158.0,273.0,-230.0,-192.0,,-932.0,-162.0,286.0,708.0,893.0
158.0,-106.0,-363.0,-6.0,,-1179.0,-177.0,212.0,472.0,701.0
218.0,-232.0,-208.0,179.0,,-788.0,-235.0,358.0,238.0,513.0
262.0,-244.0,-202.0,361.0,,-1157.0,-280.0,421.0,-220.0,299.0
224.0,66.0,-223.0,518.0,,-832.0,-339.0,519.0,-187.0,97.0
218.0,146.0,-174.0,798.0,,-3.0,-363.0,626.0,56.0,-82.0
246.0,-111.0,-149.0,943.0,,-909.0,-411.0,606.0,-69.0,-229.0
219.0,-466.0,-60.0,826.0,,-1035.0,-448.0,822.0,-282.0,-403.0
174.0,-196.0,-117.0,634.0,,-658.0,-403.0,849.0,-647.0,-540.0
153.0,993.0,-34.0,390.0,,-598.0,-398.0,873.0,-497.0,-601.0
155.0,411.0,-98.0,180.0,,365.0,-423.0,820.0,-150.0,-669.0
140.0,-5.0,-44.0,32.0,,-499.0,-473.0,788.0,13.0,-709.0
128.0,453.0,56.0,-103.0,,-1232.0,-545.0,873.0,62.0,-724.0
75.0,553.0,124.0,-217.0,,-167.0,-605.0,711.0,-54.0,-672.0
61.0,301.0,177.0,-169.0,,-853.0,-652.0,744.0,-80.0,-561.0
124.0,-176.0,205.0,39.0,,-963.0,-690.0,711.0,30.0,-421.0
127.0,267.0,237.0,93.0,,81.0,-666.0,849.0,-101.0,-246.0
80.0,487.0,208.0,-4.0,,-685.0,-627.0,999.0,-351.0,-60.0
66.0,-82.0,244.0,53.0,,-582.0,-576.0,944.0,-580.0,110.0
76.0,659.0,144.0,164.0,,-383.0,-448.0,1140.0,-663.0,251.0
44.0,667.0,143.0,226.0,,-1282.0,-344.0,1164.0,-389.0,414.0
13.0,-798.0,129.0,126.0,,196.0,-285.0,1236.0,-408.0,580.0
31.0,-693.0,82.0,-79.0,,431.0,-272.0,1119.0,-318.0,718.0
13.0,188.0,121.0,-213.0,,-1425.0,-238.0,951.0,-236.0,770.0
-10.0,178.0,103.0,-265.0,,-708.0,-152.0,870.0,-145.0,833.0
18.0,-1078.0,200.0,-162.0,,-438.0,-108.0,667.0,-39.0,881.0
17.0,-215.0,162.0,-174.0,,-786.0,-10.0,606.0,-159.0,734.0
-1.0,564.0,123.0,-125.0,,-76.0,54.0,323.0,74.0,616.0
23.0,-747.0,205.0,153.0,,-866.0,14.0,269.0,110.0,520.0
41.0,-594.0,132.0,371.0,,-732.0,-62.0,295.0,236.0,321.0
-34.0,-617.0,138.0,359.0,,51.0,-126.0,341.0,402.0,175.0
-97.0,-557.0,108.0,121.0,,-849.0,-135.0,570.0,441.0,121.0
-99.0,76.0,97.0,-76.0,,-488.0,-250.0,657.0,355.0,80.0
-148.0,1040.0,66.0,-221.0,,-92.0,-366.0,971.0,-30.0,-22.0
-208.0,878.0,-36.0,-189.0,,-910.0,-444.0,1051.0,262.0,-108.0
-292.0,226.0,7.0,-72.0,,-615.0,-532.0,1149.0,642.0,-146.0
-370.0,742.0,-58.0,45.0,,-686.0,-543.0,1317.0,526.0,-164.0
-368.0,815.0,-124.0,320.0,,-972.0,-579.0,1182.0,524.0,-203.0
-348.0,1325.0,-45.0,599.0,,-196.0,-601.0,977.0,261.0,-228.0
-401.0,729.0,-64.0,731.0,,-421.0,-610.0,432.0,-68.0,-195.0
-433.0,109.0,-99.0,522.0,,-813.0,-577.0,114.0,-100.0,-226.0
-391.0,668.0,54.0,296.0,,-141.0,-553.0,-35.0,-74.0,-247.0
-403.0,-222.0,100.0,211.0,,9.0,-601.0,-110.0,-43.0,-225.0
-466.0,-918.0,17.0,77.0,,-104.0,-564.0,-27.0,-337.0,-190.0
-484.0,-1118.0,95.0,41.0,,-243.0,-494.0,-121.0,-600.0,-182.0
-439.0,-1393.0,160.0,23.0,,-563.0,-420.0,29.0,-443.0,-156.0
-416.0,-463.0,232.0,-13.0,,-70.0,-322.0,77.0,-40.0,-22.0
-359.0,32.0,293.0,93.0,,287.0,-274.0,177.0,-54.0,87.0
-251.0,-79.0,275.0,271.0,,-410.0,-202.0,380.0,-76.0,89.0
-175.0,298.0,362.0,369.0,,-713.0,-105.0,509.0,458.0,88.0
-97.0,609.0,428.0,281.0,,8.0,-101.0,801.0,638.0,261.0
-57.0,950.0,536.0,239.0,,245.0,-140.0,923.0,746.0,350.0
-72.0,803.0,494.0,421.0,,45.0,-148.0,1201.0,751.0,210.0
-95.0,153.0,521.0,503.0,,180.0,-115.0,1285.0,493.0,168.0
-91.0,110.0,610.0,497.0,,-333.0,-75.0,1202.0,603.0,165.0
-104.0,433.0,516.0,577.0,,-564.0,-92.0,1101.0,882.0,-14.0
-181.0,-264.0,560.0,643.0,,-317.0,-120.0,879.0,929.0,-209.0
-232.0,-857.0,520.0,615.0,,-783.0,-169.0,831.0,952.0,-278.0
-227.0,-1019.0,473.0,652.0,,-563.0,-217.0,561.0,694.0,-359.0
-234.0,-715.0,394.0,643.0,,2.0,-269.0,439.0,206.0,-510.0
-261.0,-50.0,398.0,361.0,,-767.0,-326.0,164.0,297.0,-538.0
-271.0,-601.0,392.0,99.0,,-722.0,-315.0,-53.0,-18.0,-425.0
-245.0,-343.0,384.0,-81.0,,132.0,-292.0,73.0,-820.0,-466.0
-206.0,220.0,450.0,-266.0,,-422.0,-266.0,44.0,-1035.0,-498.0
-184.0,376.0,478.0,-359.0,,-505.0,-304.0,308.0,-1036.0,-371.0
-181.0,-92.0,559.0,-394.0,,-557.0,-325.0,371.0,-860.0,-298.0
-186.0,-172.0,595.0,-323.0,,-903.0,-264.0,509.0,-449.0,-287.0
-169.0,1386.0,660.0,-140.0,,-23.0,-204.0,663.0,-440.0,-305.0
-181.0,365.0,635.0,-31.0,,-352.0,-88.0,583.0,-733.0,-277.0
-189.0,-807.0,674.0,-39.0,,-1040.0,-29.0,630.0,-687.0,-250.0
-117.0,-193.0,699.0,34.0,,-264.0,-62.0,426.0,-252.0,-310.0
-67.0,-551.0,652.0,269.0,,-413.0,-161.0,410.0,145.0,-367.0
-53.0,-183.0,599.0,377.0,,-792.0,-234.0,203.0,11.0,-407.0
-11.0,1114.0,602.0,321.0,,-261.0,-234.0,-25.0,-133.0,-483.0
40.0,1885.0,594.0,293.0,,-383.0,-299.0,-97.0,335.0,-569.0
44.0,1844.0,529.0,245.0,,-304.0,-377.0,-345.0,843.0,-606.0
55.0,1185.0,552.0,272.0,,-135.0,-356.0,-393.0,857.0,-631.0
127.0,1103.0,442.0,211.0,,-426.0,-330.0,-620.0,592.0,-756.0
171.0,1338.0,377.0,60.0,,-206.0,-347.0,-550.0,282.0,-863.0
220.0,1303.0,338.0,93.0,,-222.0,-296.0,-325.0,323.0,-832.0
286.0,646.0,271.0,54.0,,-56.0,-200.0,-225.0,914.0,-894.0
320.0,-449.0,309.0,10.0,,91.0,-81.0,1.0,1128.0,-1035.0
341.0,-233.0,238.0,90.0,,-100.0,-24.0,66.0,738.0,-1061.0
370.0,-874.0,219.0,156.0,,225.0,-17.0,347.0,225.0,-1043.0
395.0,-1766.0,258.0,253.0,,102.0,46.0,606.0,-4.0,-1040.0
405.0,-1143.0,201.0,312.0,,165.0,87.0,811.0,236.0,-952.0
451.0,-960.0,272.0,411.0,,676.0,162.0,921.0,366.0,-850.0
477.0,-874.0,355.0,553.0,,-29.0,244.0,879.0,136.0,-807.0
437.0,-937.0,434.0,533.0,,-390.0,336.0,951.0,-62.0,-708.0
378.0,-690.0,513.0,529.0,,225.0,371.0,901.0,102.0,-607.0
330.0,-294.0,574.0,564.0,,2.0,302.0,910.0,321.0,-543.0
292.0,-983.0,681.0,461.0,,14.0,232.0,698.0,338.0,-527.0
242.0,-1081.0,737.0,313.0,,298.0,132.0,434.0,132.0,-562.0
197.0,-112.0,826.0,169.0,,-429.0,42.0,232.0,-1.0,-598.0
188.0,-657.0,940.0,72.0,,-499.0,-74.0,-86.0,157.0,-722.0
192.0,-1583.0,947.0,84.0,,-205.0,-197.0,-129.0,151.0,-926.0
153.0,-651.0,970.0,189.0,,-525.0,-310.0,-158.0,147.0,-1060.0
106.0,365.0,1021.0,138.0,,-116.0,-415.0,-11.0,33.0,-1127.0
62.0,187.0,979.0,22.0,,-155.0,-490.0,103.0,-106.0,-1183.0
36.0,562.0,986.0,188.0,,-500.0,-552.0,84.0,168.0,-1173.0
0.0,1979.0,966.0,353.0,,-54.0,-558.0,223.0,317.0,-1124.0
-72.0,2170.0,843.0,401.0,,-212.0,-546.0,205.0,267.0,-1047.0
-91.0,1500.0,822.0,450.0,,-427.0,-439.0,325.0,141.0,-942.0
-60.0,1425.0,852.0,545.0,,68.0,-229.0,406.0,-73.0,-875.0
-44.0,1718.0,789.0,722.0,,54.0,-54.0,497.0,-16.0,-844.0
-53.0,895.0,802.0,768.0,,-44.0,38.0,583.0,321.0,-862.0
-26.0,-66.0,746.0,569.0,,384.0,84.0,308.0,449.0,-849.0
-43.0,657.0,729.0,341.0,,-94.0,146.0,57.0,313.0,-784.0
-94.0,461.0,784.0,234.0,,-261.0,151.0,-290.0,216.0,-825.0
-141.0,-401.0,750.0,221.0,,-59.0,88.0,-456.0,97.0,-999.0
-186.0,-957.0,807.0,159.0,,-254.0,14.0,-485.0,224.0,-1083.0
-213.0,-1065.0,759.0,-43.0,,478.0,-77.0,-515.0,319.0,-1088.0
-310.0,-525.0,797.0,-12.0,,822.0,-140.0,-363.0,117.0,-1196.0
-349.0,-1569.0,784.0,124.0,,646.0,-172.0,-360.0,-44.0,-1268.0
-395.0,-1262.0,755.0,124.0,,736.0,-154.0,-253.0,-270.0,-1249.0
-441.0,852.0,780.0,166.0,,699.0,-71.0,-199.0,-119.0,-1267.0
-456.0,906.0,715.0,39.0,,690.0,78.0,-9.0,377.0,-1249.0
-468.0,151.0,726.0,-22.0,,945.0,251.0,251.0,321.0,-1130.0
-411.0,539.0,723.0,72.0,,1251.0,377.0,288.0,-172.0,-1041.0
-381.0,673.0,761.0,133.0,,1101.0,501.0,412.0,-12.0,-993.0
-368.0,-441.0,661.0,204.0,,901.0,580.0,212.0,466.0,-816.0
-340.0,-628.0,724.0,221.0,,545.0,586.0,57.0,337.0,-569.0
-258.0,133.0,733.0,334.0,,162.0,562.0,-83.0,114.0,-438.0
-227.0,124.0,662.0,308.0,,607.0,496.0,-197.0,44.0,-374.0
-240.0,-27.0,695.0,244.0,,811.0,363.0,-68.0,200.0,-245.0
-215.0,218.0,679.0,275.0,,579.0,194.0,-83.0,607.0,-134.0
-143.0,-454.0,770.0,292.0,,819.0,26.0,66.0,779.0,-160.0
-71.0,-769.0,693.0,440.0,,653.0,-98.0,118.0,431.0,-220.0
-52.0,-118.0,699.0,501.0,,373.0,-211.0,260.0,131.0,-267.0
-11.0,-423.0,691.0,619.0,,803.0,-328.0,417.0,366.0,-309.0
32.0,-292.0,667.0,717.0,,498.0,-358.0,426.0,620.0,-339.0
75.0,170.0,655.0,556.0,,104.0,-384.0,502.0,628.0,-351.0
21.0,-206.0,635.0,370.0,,1005.0,-378.0,229.0,544.0,-335.0
-25.0,-616.0,632.0,152.0,,667.0,-314.0,153.0,467.0,-373.0
11.0,-440.0,630.0,-58.0,,81.0,-249.0,149.0,445.0,-397.0
46.0,-560.0,721.0,-91.0,,968.0,-166.0,181.0,606.0,-340.0
0.0,-1284.0,768.0,-55.0,,543.0,-56.0,323.0,613.0,-303.0
-70.0,-858.0,892.0,-89.0,,548.0,104.0,280.0,244.0,-326.0
-75.0,48.0,956.0,-36.0,,1636.0,211.0,412.0,-146.0,-344.0
-124.0,-187.0,1002.0,179.0,,831.0,301.0,400.0,-242.0,-278.0
-176.0,-636.0,983.0,341.0,,813.0,425.0,437.0,212.0,-238.0
-209.0,618.0,988.0,406.0,,1542.0,482.0,299.0,479.0,-227.0
-188.0,2039.0,927.0,447.0,,644.0,455.0,33.0,128.0,-112.0
-151.0,1666.0,904.0,344.0,,1039.0,381.0,-62.0,-144.0,-3.0
-147.0,872.0,905.0,178.0,,1166.0,271.0,-380.0,-155.0,28.0
-113.0,822.0,848.0,74.0,,88.0,162.0,-436.0,-201.0,26.0
-65.0,568.0,898.0,-54.0,,1272.0,107.0,-473.0,-107.0,19.0
-16.0,-744.0,827.0,-220.0,,1842.0,91.0,-408.0,-156.0,2.0
50.0,-835.0,834.0,-294.0,,615.0,88.0,-286.0,-354.0,-67.0
128.0,-1415.0,800.0,-333.0,,1037.0,98.0,-349.0,104.0,-104.0
172.0,-2134.0,703.0,-462.0,,1120.0,118.0,-304.0,388.0,-126.0
167.0,-1288.0,630.0,-389.0,,393.0,144.0,-360.0,245.0,-250.0
167.0,-1674.0,642.0,-231.0,,1639.0,137.0,-256.0,136.0,-358.0
152.0,-1561.0,574.0,-152.0,,1229.0,75.0,-279.0,-151.0,-353.0
118.0,-1378.0,527.0,61.0,,131.0,14.0,-216.0,36.0,-353.0
75.0,-511.0,601.0,226.0,,1421.0,-49.0,-70.0,599.0,-417.0
13.0,1295.0,531.0,272.0,,1058.0,-138.0,-173.0,812.0,-436.0
6.0,1854.0,583.0,199.0,,1024.0,-217.0,-118.0,694.0,-406.0
-4.0,1653.0,577.0,56.0,,1963.0,-174.0,-81.0,705.0,-420.0
35.0,1888.0,508.0,114.0,,310.0,-85.0,68.0,774.0,-430.0
9.0,2263.0,565.0,319.0,,-186.0,-49.0,147.0,610.0,-437.0
-63.0,988.0,518.0,469.0,,1195.0,19.0,210.0,532.0,-436.0
-97.0,495.0,510.0,621.0,,915.0,72.0,242.0,253.0,-437.0
-199.0,271.0,588.0,747.0,,1126.0,163.0,120.0,-23.0,-472.0
-266.0,392.0,550.0,636.0,,1410.0,324.0,186.0,240.0,-447.0
-341.0,253.0,590.0,470.0,,268.0,421.0,51.0,518.0,-466.0
-292.0,-1315.0,566.0,356.0,,1285.0,472.0,-49.0,488.0,-564.0
-276.0,-1556.0,580.0,128.0,,1687.0,546.0,-109.0,120.0,-583.0
-285.0,-1379.0,666.0,-96.0,,191.0,612.0,-206.0,-50.0,-585.0
-242.0,-1480.0,661.0,-200.0,,1043.0,629.0,-11.0,-42.0,-653.0
-223.0,-1600.0,695.0,-191.0,,1398.0,570.0,110.0,-7.0,-653.0
-118.0,-1244.0,659.0,-258.0,,955.0,467.0,336.0,109.0,-580.0
-118.0,-1363.0,647.0,-467.0,,2137.0,387.0,572.0,-306.0,-554.0
-91.0,-1400.0,623.0,-479.0,,1223.0,343.0,617.0,-367.0,-585.0
-82.0,-819.0,614.0,-416.0,,373.0,284.0,613.0,71.0,-605.0
-53.0,-420.0,522.0,-412.0,,2324.0,166.0,467.0,396.0,-671.0
-5.0,-17.0,494.0,-305.0,,1896.0,77.0,454.0,473.0,-790.0
-53.0,126.0,449.0,-182.0,,984.0,-54.0,375.0,43.0,-820.0
-4.0,947.0,366.0,-13.0,,1846.0,-238.0,290.0,-296.0,-801.0
12.0,549.0,448.0,186.0,,1186.0,-371.0,177.0,-70.0,-800.0
-3.0,-125.0,337.0,385.0,,1234.0,-437.0,-24.0,384.0,-795.0
-38.0,72.0,371.0,437.0,,1686.0,-395.0,-42.0,293.0,-690.0
-56.0,157.0,393.0,290.0,,720.0,-314.0,-166.0,95.0,-590.0
-67.0,603.0,271.0,284.0,,1389.0,-194.0,-70.0,-50.0,-562.0
-133.0,776.0,369.0,346.0,,2068.0,-99.0,66.0,110.0,-436.0
-142.0,1027.0,313.0,226.0,,1068.0,-34.0,138.0,561.0,-311.0
-203.0,16.0,294.0,10.0,,1135.0,34.0,120.0,232.0,-254.0
-282.0,215.0,470.0,-211.0,,914.0,27.0,-90.0,-161.0,-177.0
-340.0,907.0,497.0,-245.0,,90.0,37.0,-107.0,-348.0,-112.0
-388.0,-118.0,504.0,-167.0,,1232.0,54.0,-286.0,-338.0,-128.0
-370.0,254.0,481.0,-107.0,,1599.0,-4.0,-334.0,-207.0,-92.0
-449.0,666.0,520.0,45.0,,688.0,-82.0,-456.0,-152.0,8.0
-479.0,823.0,547.0,99.0,,1500.0,-165.0,-635.0,-84.0,-20.0
-462.0,258.0,477.0,86.0,,1455.0,-193.0,-615.0,-63.0,-67.0
-452.0,-459.0,567.0,23.0,,465.0,-149.0,-785.0,108.0,-2.0
-389.0,-805.0,483.0,-60.0,,1193.0,-107.0,-685.0,-57.0,58.0
-391.0,-724.0,408.0,-31.0,,1398.0,-61.0,-550.0,-275.0,27.0
-305.0,65.0,407.0,-17.0,,1158.0,-78.0,-341.0,-588.0,32.0
-213.0,225.0,315.0,21.0,,1473.0,-154.0,-123.0,-1003.0,97.0
-153.0,-17.0,325.0,-6.0,,817.0,-194.0,24.0,-842.0,76.0
-131.0,-376.0,307.0,-93.0,,742.0,-256.0,303.0,-353.0,39.0
-101.0,469.0,250.0,-114.0,,1593.0,-292.0,271.0,-85.0,79.0
2.0,40.0,224.0,-257.0,,1278.0,-274.0,247.0,-161.0,96.0
55.0,-473.0,216.0,-384.0,,846.0,-259.0,118.0,-149.0,42.0
99.0,491.0,157.0,-384.0,,1058.0,-262.0,-1.0,-24.0,-2.0
107.0,685.0,223.0,-494.0,,797.0,-233.0,22.0,280.0,-31.0
178.0,661.0,261.0,-612.0,,546.0,-159.0,-57.0,509.0,-113.0
209.0,463.0,291.0,-714.0,,849.0,-89.0,70.0,342.0,-244.0
202.0,121.0,293.0,-839.0,,985.0,35.0,68.0,294.0,-268.0
165.0,-880.0,239.0,-775.0,,738.0,115.0,-1.0,515.0,-214.0
129.0,-483.0,293.0,-583.0,,598.0,199.0,-134.0,905.0,-232.0
155.0,228.0,158.0,-484.0,,728.0,281.0,-251.0,1198.0,-204.0
84.0,-410.0,115.0,-448.0,,596.0,229.0,-109.0,829.0,-61.0
13.0,282.0,106.0,-370.0,,434.0,163.0,-116.0,461.0,37.0
-25.0,847.0,73.0,-245.0,,743.0,90.0,0.0,302.0,85.0
15.0,-19.0,149.0,-187.0,,592.0,55.0,107.0,256.0,190.0
-32.0,58.0,155.0,-342.0,,252.0,-64.0,169.0,410.0,211.0
-86.0,1057.0,232.0,-454.0,,576.0,-229.0,212.0,-85.0,130.0
-67.0,1083.0,245.0,-406.0,,685.0,-373.0,114.0,-278.0,108.0
-34.0,889.0,183.0,-465.0,,684.0,-576.0,160.0,-152.0,145.0
4.0,977.0,224.0,-544.0,,909.0,-677.0,-73.0,-1.0,139.0
2.0,413.0,190.0,-501.0,,638.0,-732.0,-234.0,300.0,26.0
61.0,-57.0,131.0,-435.0,,584.0,-704.0,-327.0,-85.0,3.0
100.0,-411.0,145.0,-264.0,,942.0,-622.0,-583.0,-362.0,34.0
189.0,-790.0,138.0,-157.0,,346.0,-617.0,-733.0,-518.0,-31.0
211.0,-62.0,107.0,-124.0,,93.0,-556.0,-994.0,-681.0,-67.0
252.0,554.0,75.0,53.0,,440.0,-408.0,-946.0,-544.0,-19.0
277.0,264.0,199.0,215.0,,18.0,-322.0,-812.0,-363.0,15.0
260.0,-350.0,183.0,381.0,,605.0,-293.0,-630.0,-352.0,12.0
194.0,-536.0,250.0,325.0,,900.0,-303.0,-434.0,-73.0,91.0
110.0,-102.0,387.0,249.0,,-3.0,-452.0,-458.0,399.0,158.0
130.0,45.0,375.0,351.0,,508.0,-667.0,-328.0,298.0,165.0
0.0,467.0,522.0,356.0,,804.0,-857.0,-404.0,173.0,187.0
-66.0,918.0,509.0,494.0,,351.0,-985.0,-399.0,-297.0,207.0
-128.0,285.0,533.0,632.0,,847.0,-1063.0,-395.0,-692.0,214.0
-170.0,-105.0,507.0,540.0,,676.0,-1025.0,-493.0,-411.0,181.0
-276.0,301.0,534.0,317.0,,127.0,-863.0,-417.0,-423.0,159.0
-354.0,91.0,535.0,123.0,,682.0,-749.0,-509.0,-343.0,137.0
-331.0,-355.0,449.0,-10.0,,404.0,-630.0,-485.0,-170.0,153.0
-401.0,-119.0,552.0,-121.0,,-4.0,-430.0,-563.0,-194.0,139.0
-366.0,200.0,392.0,-185.0,,576.0,-220.0,-533.0,10.0,110.0
-413.0,-73.0,406.0,-323.0,,236.0,-37.0,-386.0,-117.0,122.0
-391.0,-137.0,383.0,-681.0,,187.0,118.0,-327.0,-695.0,93.0
-392.0,-551.0,274.0,-1089.0,,681.0,263.0,0.0,-970.0,51.0
-381.0,-576.0,334.0,-1242.0,,217.0,332.0,138.0,-615.0,4.0
-392.0,333.0,287.0,-1306.0,,162.0,307.0,334.0,-206.0,16.0
-424.0,272.0,203.0,-1272.0,,509.0,255.0,288.0,-329.0,23.0
-303.0,577.0,130.0,-1011.0,,440.0,200.0,70.0,-399.0,18.0
-301.0,1093.0,106.0,-823.0,,583.0,94.0,20.0,-426.0,29.0
-252.0,860.0,12.0,-747.0,,310.0,-92.0,-249.0,-344.0,10.0
-247.0,166.0,26.0,-467.0,,164.0,-222.0,-303.0,-63.0,-15.0
-145.0,527.0,-11.0,-69.0,,782.0,-311.0,-570.0,24.0,-28.0
-78.0,1225.0,-48.0,249.0,,416.0,-433.0,-829.0,-166.0,-63.0
-41.0,199.0,-45.0,558.0,,212.0,-522.0,-1006.0,-499.0,-129.0
33.0,45.0,-111.0,574.0,,640.0,-582.0,-1191.0,-248.0,-132.0
17.0,520.0,-107.0,380.0,,-22.0,-626.0,-1003.0,-142.0,-138.0
86.0,903.0,-83.0,403.0,,-24.0,-659.0,-868.0,-229.0,-185.0
11.0,106.0,-109.0,388.0,,452.0,-650.0,-517.0,-237.0,-236.0
13.0,-1030.0,-66.0,141.0,,-178.0,-584.0,-269.0,-501.0,-255.0
-48.0,674.0,36.0,-139.0,,-40.0,-567.0,-16.0,-62.0,-263.0
-36.0,1137.0,-121.0,-422.0,,155.0,-612.0,251.0,403.0,-253.0
-51.0,246.0,16.0,-720.0,,-315.0,-596.0,328.0,266.0,-225.0
-164.0,473.0,100.0,-826.0,,363.0,-592.0,445.0,1.0,-278.0
-103.0,441.0,51.0,-655.0,,475.0,-614.0,142.0,-302.0,-259.0
-168.0,338.0,261.0,-430.0,,-217.0,-629.0,-81.0,-193.0,-233.0
-143.0,-35.0,205.0,-370.0,,-7.0,-660.0,-358.0,-18.0,-302.0
-202.0,260.0,278.0,-475.0,,20.0,-592.0,-650.0,-485.0,-345.0
-172.0,-122.0,339.0,-557.0,,-141.0,-472.0,-792.0,-859.0,-420.0
-160.0,-1130.0,283.0,-558.0,,225.0,-355.0,-1056.0,-1004.0,-563.0
-156.0,-566.0,266.0,-375.0,,75.0,-179.0,-1055.0,-960.0,-674.0
-90.0,-503.0,220.0,-57.0,,-265.0,91.0,-1073.0,-221.0,-696.0
-141.0,-973.0,195.0,93.0,,160.0,339.0,-877.0,94.0,-725.0
-75.0,-1197.0,116.0,115.0,,-45.0,489.0,-635.0,13.0,-736.0
-130.0,-435.0,129.0,69.0,,-303.0,567.0,-473.0,53.0,-720.0
-119.0,-69.0,97.0,13.0,,-6.0,515.0,-182.0,221.0,-684.0
-200.0,-466.0,168.0,33.0,,-463.0,405.0,-92.0,702.0,-631.0
-247.0,-163.0,274.0,3.0,,-775.0,192.0,18.0,757.0,-561.0
-266.0,-782.0,283.0,-39.0,,-479.0,-90.0,-116.0,445.0,-442.0
-339.0,-270.0,336.0,-13.0,,-100.0,-274.0,-267.0,57.0,-399.0
-299.0,414.0,340.0,10.0,,110.0,-406.0,-400.0,142.0,-369.0
-343.0,-378.0,332.0,14.0,,-46.0,-476.0,-593.0,449.0,-292.0
-305.0,-393.0,281.0,40.0,,-304.0,-420.0,-476.0,159.0,-273.0
-313.0,-605.0,303.0,63.0,,-429.0,-380.0,-460.0,-321.0,-310.0
-296.0,-752.0,298.0,66.0,,-488.0,-371.0,-249.0,-518.0,-270.0
-302.0,684.0,291.0,249.0,,-261.0,-306.0,-59.0,-209.0,-270.0
-318.0,654.0,387.0,404.0,,219.0,-274.0,-20.0,-247.0,-367.0
-290.0,-939.0,391.0,329.0,,152.0,-340.0,12.0,-547.0,-338.0
-346.0,341.0,431.0,276.0,,-253.0,-401.0,-229.0,-872.0,-291.0
-321.0,1019.0,484.0,209.0,,-431.0,-375.0,-389.0,-1180.0,-289.0
-288.0,-187.0,534.0,84.0,,-396.0,-370.0,-705.0,-886.0,-294.0
-259.0,-12.0,477.0,-159.0,,-280.0,-355.0,-927.0,-771.0,-258.0
-225.0,-645.0,512.0,-344.0,,-141.0,-300.0,-1040.0,-894.0,-255.0
-206.0,-1090.0,588.0,-359.0,,-120.0,-176.0,-1189.0,-926.0,-328.0
-156.0,-919.0,466.0,-446.0,,-296.0,-23.0,-1079.0,-816.0,-330.0
-186.0,-1075.0,539.0,-585.0,,-266.0,41.0,-1097.0,-480.0,-338.0
-170.0,-915.0,440.0,-581.0,,-106.0,151.0,-966.0,-43.0,-378.0
-165.0,-2012.0,479.0,-483.0,,-115.0,277.0,-909.0,-14.0,-396.0
-166.0,-735.0,557.0,-459.0,,-110.0,419.0,-870.0,-186.0,-412.0
-150.0,906.0,528.0,-451.0,,194.0,573.0,-642.0,-253.0,-462.0
-220.0,68.0,699.0,-428.0,,223.0,627.0,-487.0,-435.0,-459.0
-168.0,135.0,605.0,-329.0,,-283.0,600.0,-16.0,6.0,-462.0
-206.0,-211.0,679.0,-311.0,,-539.0,478.0,234.0,-39.0,-553.0
-149.0,418.0,612.0,-233.0,,-425.0,303.0,371.0,-383.0,-635.0
-134.0,200.0,477.0,39.0,,-275.0,149.0,393.0,-146.0,-610.0
-134.0,-121.0,499.0,169.0,,-372.0,13.0,157.0,-222.0,-526.0
-78.0,511.0,403.0,177.0,,-753.0,-77.0,29.0,-22.0,-509.0
-116.0,527.0,348.0,3.0,,-930.0,-73.0,-262.0,149.0,-492.0
-51.0,889.0,315.0,-179.0,,-443.0,-8.0,-225.0,-103.0,-494.0
-142.0,218.0,262.0,-235.0,,-239.0,53.0,-190.0,-314.0,-477.0
-100.0,746.0,170.0,-306.0,,-692.0,112.0,-221.0,-274.0,-352.0
-149.0,85.0,214.0,-175.0,,-813.0,169.0,-173.0,-184.0,-162.0
-174.0,-413.0,211.0,-58.0,,-865.0,248.0,-419.0,-20.0,-33.0
-198.0,607.0,242.0,-113.0,,-813.0,299.0,-576.0,160.0,89.0
-257.0,0.0,246.0,-72.0,,-405.0,256.0,-842.0,-250.0,323.0
-230.0,-149.0,261.0,-117.0,,-356.0,219.0,-840.0,-191.0,528.0
-273.0,-220.0,299.0,-253.0,,-627.0,259.0,-642.0,171.0,617.0
-189.0,-185.0,277.0,-262.0,,-553.0,359.0,-469.0,-77.0,670.0
-271.0,-592.0,340.0,-94.0,,-487.0,479.0,-203.0,-285.0,770.0
-207.0,-1032.0,281.0,112.0,,-753.0,603.0,-195.0,-325.0,767.0
-141.0,-931.0,273.0,145.0,,-945.0,761.0,-66.0,-325.0,669.0
-58.0,-1166.0,384.0,168.0,,-926.0,883.0,-51.0,-464.0,510.0
3.0,-809.0,357.0,239.0,,-747.0,903.0,-38.0,-353.0,272.0
49.0,-490.0,359.0,208.0,,-821.0,916.0,35.0,-339.0,41.0
189.0,-1034.0,374.0,131.0,,-901.0,937.0,-40.0,-641.0,-233.0
245.0,-1368.0,287.0,94.0,,-699.0,927.0,-24.0,-375.0,-447.0
361.0,-444.0,394.0,-81.0,,-749.0,850.0,-210.0,-58.0,-581.0
353.0,142.0,280.0,-246.0,,-714.0,668.0,-271.0,-36.0,-714.0
413.0,-339.0,223.0,-237.0,,-332.0,513.0,-345.0,-337.0,-722.0
461.0,182.0,240.0,-193.0,,-460.0,380.0,-352.0,-438.0,-580.0
494.0,729.0,44.0,-165.0,,-780.0,280.0,-184.0,-39.0,-478.0
494.0,236.0,110.0,-83.0,,-651.0,278.0,-212.0,334.0,-393.0
521.0,899.0,29.0,65.0,,-800.0,288.0,-66.0,474.0,-199.0
540.0,1387.0,-58.0,20.0,,-1008.0,305.0,-64.0,147.0,-40.0
525.0,252.0,-69.0,-11.0,,-747.0,306.0,-7.0,326.0,41.0
519.0,190.0,-1.0,-7.0,,-582.0,352.0,42.0,436.0,158.0
454.0,856.0,10.0,12.0,,-841.0,506.0,-120.0,162.0,258.0
457.0,467.0,-45.0,89.0,,-974.0,699.0,-210.0,48.0,201.0
416.0,691.0,101.0,137.0,,-883.0,817.0,-441.0,-502.0,127.0
393.0,304.0,122.0,205.0,,-888.0,880.0,-467.0,-497.0,111.0
303.0,-108.0,131.0,179.0,,-642.0,985.0,-517.0,-133.0,24.0
278.0,821.0,286.0,144.0,,-605.0,1080.0,-491.0,258.0,-63.0
209.0,240.0,367.0,59.0,,-1034.0,1142.0,-332.0,372.0,-98.0
100.0,-237.0,330.0,24.0,,-1174.0,1172.0,-199.0,56.0,-160.0
1.0,-521.0,398.0,-30.0,,-1088.0,1242.0,136.0,234.0,-230.0
-101.0,-846.0,432.0,-66.0,,-955.0,1267.0,230.0,224.0,-247.0
-121.0,-380.0,529.0,-80.0,,-695.0,1242.0,378.0,239.0,-251.0
-127.0,-470.0,503.0,-162.0,,-604.0,1255.0,384.0,421.0,-196.0
-62.0,-739.0,543.0,-112.0,,-470.0,1263.0,251.0,157.0,-135.0
-72.0,-477.0,605.0,-34.0,,-332.0,1335.0,227.0,-262.0,-127.0
-8.0,48.0,456.0,39.0,,-682.0,1346.0,29.0,-16.0,-60.0
21.0,-485.0,574.0,75.0,,-880.0,1318.0,27.0,320.0,46.0
-4.0,-303.0,456.0,204.0,,-623.0,1262.0,-133.0,161.0,51.0
-40.0,407.0,407.0,245.0,,-606.0,1131.0,-293.0,182.0,2.0
-119.0,-227.0,485.0,259.0,,-913.0,1038.0,-493.0,-80.0,91.0
-164.0,23.0,316.0,404.0,,-831.0,958.0,-724.0,-96.0,194.0
-181.0,1037.0,386.0,472.0,,-642.0,923.0,-572.0,166.0,213.0
-114.0,-152.0,336.0,549.0,,-767.0,918.0,-473.0,38.0,261.0
-60.0,-1405.0,134.0,355.0,,-684.0,1037.0,-192.0,-333.0,321.0
21.0,-934.0,265.0,113.0,,-680.0,1225.0,-11.0,-540.0,291.0
87.0,-449.0,216.0,38.0,,-911.0,1327.0,184.0,-372.0,299.0
119.0,52.0,117.0,-152.0,,-926.0,1409.0,450.0,-237.0,473.0
150.0,-1052.0,231.0,-298.0,,-751.0,1509.0,478.0,-75.0,511.0
104.0,-1448.0,145.0,-328.0,,-1026.0,1637.0,606.0,-208.0,419.0
94.0,0.0,181.0,-273.0,,-1375.0,1685.0,550.0,-222.0,546.0
120.0,588.0,288.0,-235.0,,-1064.0,1645.0,567.0,-54.0,722.0
136.0,368.0,258.0,-185.0,,-868.0,1523.0,493.0,194.0,732.0
153.0,302.0,303.0,100.0,,-1137.0,1382.0,369.0,280.0,765.0
157.0,1346.0,372.0,331.0,,-1382.0,1302.0,339.0,-180.0,871.0
189.0,1880.0,354.0,297.0,,-1394.0,1191.0,97.0,-25.0,891.0
172.0,2056.0,394.0,415.0,,-1311.0,1046.0,83.0,63.0,871.0
150.0,2205.0,386.0,734.0,,-1131.0,916.0,33.0,-160.0,844.0
117.0,1480.0,306.0,881.0,,-951.0,795.0,101.0,-280.0,675.0
170.0,528.0,392.0,771.0,,-1003.0,670.0,280.0,-904.0,463.0
225.0,429.0,338.0,465.0,,-963.0,567.0,360.0,-1219.0,364.0
173.0,212.0,319.0,131.0,,-692.0,436.0,504.0,-935.0,299.0
138.0,-1055.0,479.0,-15.0,,-821.0,356.0,343.0,-380.0,241.0
118.0,-1040.0,320.0,1.0,,-1066.0,371.0,253.0,192.0,229.0
182.0,-1136.0,314.0,2.0,,-996.0,446.0,97.0,31.0,204.0
152.0,-1401.0,434.0,-106.0,,-940.0,613.0,-96.0,-30.0,283.0
164.0,-403.0,287.0,-223.0,,-789.0,772.0,-184.0,421.0,397.0
223.0,-578.0,363.0,-93.0,,-717.0,968.0,-386.0,255.0,397.0
271.0,-1177.0,357.0,291.0,,-717.0,1193.0,-277.0,40.0,454.0
265.0,-447.0,285.0,610.0,,-843.0,1387.0,-229.0,31.0,565.0
217.0,478.0,416.0,640.0,,-1026.0,1567.0,-48.0,-48.0,565.0
235.0,30.0,379.0,546.0,,-1055.0,1662.0,242.0,-43.0,458.0
197.0,-336.0,402.0,567.0,,-1206.0,1698.0,376.0,-178.0,342.0
173.0,-139.0,565.0,570.0,,-1226.0,1664.0,615.0,0.0,238.0
59.0,185.0,539.0,595.0,,-976.0,1516.0,598.0,51.0,70.0
0.0,1266.0,536.0,674.0,,-803.0,1395.0,659.0,-190.0,-93.0
-19.0,1041.0,612.0,702.0,,-951.0,1352.0,700.0,80.0,-71.0
-45.0,413.0,522.0,593.0,,-932.0,1248.0,674.0,520.0,-171.0
-83.0,888.0,445.0,339.0,,-766.0,1087.0,620.0,462.0,-314.0
-102.0,933.0,464.0,163.0,,-1003.0,899.0,356.0,-45.0,-164.0
-101.0,353.0,400.0,60.0,,-1141.0,696.0,166.0,-119.0,-76.0
-122.0,305.0,303.0,-30.0,,-1053.0,530.0,-116.0,-51.0,-111.0
-122.0,285.0,216.0,-134.0,,-1140.0,443.0,-212.0,-166.0,-26.0
-136.0,106.0,100.0,-206.0,,-1219.0,370.0,-238.0,-11.0,130.0
-77.0,466.0,7.0,-232.0,,-1078.0,271.0,-181.0,-192.0,115.0
-70.0,457.0,-68.0,-251.0,,-861.0,228.0,29.0,-242.0,138.0
-35.0,42.0,-65.0,-321.0,,-953.0,237.0,123.0,18.0,339.0
-32.0,-578.0,-138.0,-359.0,,-949.0,288.0,286.0,16.0,426.0
-30.0,-221.0,-132.0,-166.0,,-836.0,276.0,297.0,39.0,405.0
-69.0,1099.0,-100.0,129.0,,-1113.0,239.0,508.0,-63.0,451.0
-88.0,774.0,-175.0,316.0,,-1111.0,225.0,631.0,-98.0,643.0
-85.0,-632.0,-96.0,243.0,,-786.0,170.0,569.0,107.0,684.0
-142.0,-368.0,-74.0,73.0,,-611.0,151.0,752.0,108.0,653.0
-151.0,263.0,-27.0,34.0,,-735.0,128.0,705.0,300.0,778.0
-193.0,-188.0,-54.0,419.0,,-693.0,119.0,733.0,316.0,826.0
-182.0,-376.0,1.0,809.0,,-573.0,122.0,724.0,-23.0,766.0
-269.0,-397.0,76.0,724.0,,-874.0,150.0,739.0,127.0,803.0
-261.0,467.0,22.0,693.0,,-729.0,249.0,831.0,-122.0,885.0
-315.0,911.0,189.0,719.0,,-300.0,312.0,691.0,-446.0,800.0
-341.0,-277.0,256.0,734.0,,-297.0,350.0,642.0,-443.0,740.0
-274.0,-1014.0,249.0,809.0,,-320.0,414.0,452.0,-740.0,767.0
-299.0,-1050.0,336.0,920.0,,29.0,451.0,384.0,-502.0,806.0
-241.0,-394.0,426.0,798.0,,86.0,393.0,303.0,-159.0,813.0
-180.0,-605.0,519.0,456.0,,-212.0,341.0,175.0,-129.0,841.0
-78.0,-729.0,647.0,189.0,,-256.0,350.0,236.0,-97.0,996.0
-65.0,84.0,640.0,-135.0,,-475.0,283.0,245.0,-357.0,1082.0
0.0,96.0,677.0,-229.0,,-843.0,114.0,582.0,-421.0,1104.0
65.0,913.0,798.0,-318.0,,-772.0,-48.0,837.0,-192.0,1199.0
124.0,1194.0,668.0,-463.0,,-402.0,-154.0,962.0,-271.0,1277.0
179.0,1229.0,721.0,-314.0,,-484.0,-239.0,949.0,-272.0,1130.0
200.0,1453.0,646.0,-48.0,,-642.0,-286.0,729.0,-124.0,973.0
227.0,1572.0,572.0,66.0,,-431.0,-252.0,698.0,-54.0,1034.0
294.0,1868.0,675.0,29.0,,-523.0,-264.0,532.0,224.0,969.0
333.0,809.0,523.0,11.0,,-826.0,-302.0,545.0,299.0,675.0
310.0,620.0,598.0,-169.0,,-732.0,-255.0,552.0,136.0,578.0
346.0,238.0,532.0,-249.0,,-533.0,-214.0,506.0,100.0,663.0
370.0,133.0,442.0,-46.0,,-735.0,-210.0,530.0,-53.0,626.0
464.0,609.0,431.0,188.0,,-878.0,-241.0,325.0,54.0,673.0
403.0,141.0,291.0,150.0,,-776.0,-240.0,354.0,295.0,910.0
430.0,105.0,218.0,-18.0,,-732.0,-207.0,321.0,100.0,1088.0
428.0,-430.0,178.0,29.0,,-630.0,-165.0,273.0,-138.0,1143.0
407.0,-224.0,116.0,120.0,,-403.0,-68.0,358.0,-274.0,1350.0
391.0,-216.0,64.0,373.0,,-381.0,9.0,391.0,57.0,1596.0
338.0,-265.0,169.0,456.0,,-575.0,44.0,443.0,387.0,1635.0
365.0,626.0,153.0,259.0,,-486.0,68.0,234.0,-18.0,1642.0
281.0,652.0,262.0,115.0,,-186.0,115.0,88.0,-448.0,1711.0
323.0,-8.0,274.0,-3.0,,-191.0,80.0,-157.0,-663.0,1694.0
220.0,-246.0,276.0,-14.0,,-206.0,-24.0,-338.0,-424.0,1501.0
246.0,158.0,273.0,66.0,,156.0,-125.0,-291.0,20.0,1420.0
252.0,-866.0,202.0,203.0,,258.0,-300.0,-282.0,-230.0,1423.0
246.0,-689.0,194.0,283.0,,242.0,-449.0,136.0,-393.0,1334.0
286.0,-210.0,177.0,421.0,,404.0,-556.0,484.0,-119.0,1340.0
262.0,-495.0,196.0,540.0,,368.0,-613.0,737.0,1.0,1407.0
315.0,275.0,93.0,705.0,,158.0,-672.0,842.0,127.0,1427.0
239.0,-707.0,199.0,896.0,,100.0,-821.0,702.0,-66.0,1481.0
332.0,-1086.0,169.0,724.0,,358.0,-901.0,711.0,-402.0,1501.0
308.0,-158.0,76.0,389.0,,249.0,-941.0,589.0,-284.0,1400.0
318.0,376.0,38.0,157.0,,147.0,-946.0,541.0,67.0,1235.0
361.0,279.0,31.0,222.0,,490.0,-889.0,347.0,25.0,1053.0
376.0,307.0,-72.0,322.0,,528.0,-874.0,112.0,44.0,971.0
371.0,821.0,-128.0,304.0,,436.0,-822.0,-155.0,-40.0,815.0
303.0,513.0,60.0,409.0,,615.0,-720.0,-578.0,-387.0,577.0
339.0,188.0,-53.0,574.0,,730.0,-613.0,-607.0,470.0,503.0
299.0,-40.0,30.0,694.0,,361.0,-502.0,-611.0,640.0,478.0
301.0,108.0,111.0,552.0,,140.0,-402.0,-461.0,236.0,336.0
279.0,165.0,0.0,354.0,,153.0,-321.0,-352.0,315.0,250.0
261.0,146.0,122.0,402.0,,-19.0,-311.0,-363.0,-100.0,449.0
214.0,440.0,83.0,405.0,,142.0,-365.0,-234.0,357.0,518.0
159.0,856.0,93.0,383.0,,352.0,-459.0,-238.0,644.0,433.0
95.0,954.0,213.0,435.0,,107.0,-570.0,38.0,506.0,590.0
60.0,779.0,196.0,439.0,,-118.0,-665.0,234.0,178.0,766.0
56.0,1298.0,181.0,443.0,,149.0,-715.0,384.0,-46.0,799.0
82.0,985.0,254.0,321.0,,516.0,-659.0,465.0,766.0,843.0
97.0,433.0,161.0,191.0,,287.0,-545.0,192.0,631.0,969.0
109.0,423.0,175.0,235.0,,33.0,-388.0,-12.0,310.0,991.0
202.0,439.0,384.0,135.0,,317.0,-233.0,-290.0,181.0,936.0
229.0,-251.0,246.0,24.0,,505.0,-200.0,-230.0,-143.0,1026.0
273.0,-1644.0,407.0,16.0,,560.0,-218.0,-55.0,191.0,1156.0
281.0,-641.0,491.0,62.0,,596.0,-271.0,90.0,165.0,1121.0
388.0,570.0,411.0,398.0,,502.0,-328.0,297.0,-89.0,1029.0
422.0,70.0,461.0,539.0,,416.0,-352.0,247.0,-249.0,1134.0
375.0,-771.0,399.0,418.0,,398.0,-396.0,234.0,-316.0,1226.0
379.0,-637.0,395.0,333.0,,454.0,-472.0,12.0,145.0,1148.0
391.0,191.0,291.0,238.0,,360.0,-652.0,-107.0,635.0,1194.0
400.0,-514.0,268.0,153.0,,406.0,-856.0,-186.0,228.0,1233.0
329.0,26.0,277.0,-34.0,,660.0,-944.0,-402.0,-228.0,1051.0
319.0,430.0,317.0,-210.0,,708.0,-955.0,-452.0,-251.0,968.0
238.0,535.0,260.0,-404.0,,755.0,-891.0,-546.0,19.0,997.0
223.0,748.0,392.0,-463.0,,876.0,-846.0,-339.0,514.0,834.0
182.0,-644.0,383.0,-179.0,,826.0,-868.0,-153.0,-43.0,579.0
80.0,-550.0,298.0,198.0,,782.0,-852.0,36.0,-203.0,499.0
85.0,-746.0,375.0,366.0,,802.0,-811.0,173.0,119.0,521.0
17.0,-213.0,272.0,454.0,,785.0,-714.0,36.0,239.0,448.0
-36.0,649.0,349.0,539.0,,682.0,-676.0,22.0,686.0,345.0
-94.0,335.0,284.0,440.0,,612.0,-663.0,-162.0,262.0,366.0
-146.0,-703.0,348.0,373.0,,747.0,-534.0,-120.0,-347.0,403.0
-140.0,-1887.0,233.0,291.0,,836.0,-481.0,-42.0,-295.0,346.0
-204.0,-837.0,253.0,386.0,,950.0,-455.0,-40.0,319.0,401.0
-200.0,-1728.0,316.0,711.0,,993.0,-443.0,48.0,394.0,520.0
-189.0,-1375.0,149.0,916.0,,919.0,-461.0,-118.0,-346.0,482.0
-193.0,39.0,411.0,893.0,,843.0,-456.0,-149.0,-599.0,478.0
-180.0,-88.0,287.0,669.0,,1053.0,-486.0,-336.0,-31.0,611.0
-149.0,853.0,407.0,485.0,,1402.0,-486.0,-502.0,609.0,693.0
-142.0,240.0,468.0,332.0,,1085.0,-483.0,-639.0,452.0,668.0
-166.0,483.0,401.0,164.0,,766.0,-499.0,-825.0,178.0,685.0
-8.0,636.0,490.0,141.0,,757.0,-487.0,-794.0,-360.0,819.0
43.0,321.0,435.0,150.0,,901.0,-483.0,-944.0,-562.0,814.0
83.0,687.0,494.0,-93.0,,1089.0,-536.0,-942.0,-425.0,653.0
174.0,1524.0,356.0,-74.0,,1057.0,-571.0,-953.0,-195.0,633.0
275.0,2146.0,461.0,98.0,,1039.0,-550.0,-772.0,87.0,597.0
216.0,699.0,349.0,32.0,,898.0,-521.0,-367.0,-585.0,440.0
173.0,76.0,318.0,22.0,,828.0,-458.0,-127.0,-80.0,411.0
257.0,189.0,343.0,-86.0,,806.0,-400.0,291.0,353.0,404.0
92.0,460.0,274.0,-86.0,,644.0,-363.0,515.0,372.0,208.0
71.0,-744.0,287.0,-30.0,,671.0,-238.0,720.0,365.0,59.0
135.0,-581.0,182.0,-37.0,,1017.0,-113.0,668.0,-390.0,37.0
141.0,591.0,264.0,36.0,,980.0,-62.0,408.0,127.0,-66.0
22.0,-1356.0,190.0,117.0,,418.0,-7.0,295.0,0.0,-185.0
41.0,-1558.0,164.0,411.0,,377.0,-45.0,11.0,166.0,-191.0
41.0,-875.0,181.0,702.0,,686.0,-137.0,-94.0,423.0,-186.0
-30.0,-400.0,137.0,761.0,,619.0,-266.0,-371.0,-390.0,-243.0
30.0,289.0,117.0,744.0,,322.0,-434.0,-582.0,178.0,-265.0
44.0,334.0,138.0,619.0,,308.0,-605.0,-552.0,684.0,-265.0
88.0,911.0,105.0,394.0,,632.0,-892.0,-567.0,771.0,-343.0
71.0,23.0,167.0,31.0,,773.0,-1113.0,-386.0,748.0,-486.0
98.0,-802.0,169.0,-224.0,,626.0,-1209.0,-269.0,-79.0,-471.0
58.0,-334.0,105.0,-340.0,,573.0,-1275.0,-40.0,-151.0,-467.0
41.0,-513.0,127.0,-480.0,,649.0,-1230.0,-3.0,897.0,-601.0
43.0,-1020.0,112.0,-388.0,,686.0,-1071.0,-7.0,753.0,-523.0
25.0,-1443.0,159.0,-297.0,,753.0,-816.0,212.0,322.0,-439.0
-12.0,-1203.0,171.0,-180.0,,588.0,-602.0,264.0,337.0,-509.0
147.0,-1399.0,252.0,-13.0,,296.0,-448.0,478.0,77.0,-532.0
146.0,-1198.0,204.0,-4.0,,489.0,-273.0,569.0,386.0,-446.0
96.0,275.0,304.0,-15.0,,712.0,-195.0,546.0,466.0,-437.0
208.0,806.0,325.0,147.0,,579.0,-205.0,408.0,397.0,-537.0
81.0,1147.0,317.0,449.0,,528.0,-241.0,221.0,174.0,-545.0
135.0,1350.0,478.0,589.0,,671.0,-252.0,247.0,514.0,-533.0
52.0,1235.0,414.0,653.0,,704.0,-260.0,107.0,1422.0,-552.0
68.0,1051.0,544.0,603.0,,431.0,-314.0,125.0,1358.0,-602.0
2.0,-517.0,593.0,548.0,,277.0,-306.0,-12.0,890.0,-644.0
-8.0,-1572.0,590.0,628.0,,350.0,-313.0,-343.0,484.0,-671.0
-7.0,-746.0,645.0,583.0,,359.0,-305.0,-567.0,167.0,-770.0
-163.0,-230.0,627.0,485.0,,230.0,-243.0,-800.0,514.0,-824.0
-182.0,-504.0,567.0,228.0,,102.0,-216.0,-733.0,944.0,-785.0
-311.0,-334.0,590.0,-58.0,,-39.0,-215.0,-689.0,25.0,-778.0
-317.0,280.0,618.0,-108.0,,-253.0,-222.0,-509.0,-388.0,-731.0
-507.0,187.0,557.0,-103.0,,-258.0,-165.0,-236.0,-230.0,-666.0
-459.0,618.0,711.0,-171.0,,-261.0,-130.0,-18.0,-39.0,-600.0
-434.0,1441.0,591.0,-296.0,,-252.0,-172.0,240.0,518.0,-523.0
-429.0,1618.0,630.0,-286.0,,-125.0,-242.0,230.0,83.0,-563.0
-335.0,1651.0,685.0,-288.0,,-75.0,-350.0,299.0,-200.0,-547.0
-289.0,1632.0,518.0,-198.0,,-99.0,-439.0,179.0,-225.0,-411.0
-202.0,1241.0,601.0,17.0,,-255.0,-518.0,36.0,-12.0,-363.0
-185.0,-861.0,497.0,171.0,,-396.0,-599.0,5.0,22.0,-385.0
0.0,-666.0,473.0,336.0,,-429.0,-626.0,-158.0,-170.0,-359.0
-67.0,337.0,401.0,295.0,,-398.0,-576.0,-62.0,91.0,-414.0
28.0,-378.0,454.0,325.0,,-377.0,-484.0,-94.0,322.0,-490.0
142.0,-473.0,502.0,408.0,,-393.0,-476.0,-131.0,860.0,-471.0
180.0,-447.0,440.0,461.0,,-361.0,-473.0,-169.0,577.0,-557.0
201.0,1205.0,554.0,601.0,,-191.0,-305.0,-105.0,-117.0,-669.0
233.0,588.0,432.0,799.0,,10.0,-140.0,164.0,-537.0,-686.0
320.0,-850.0,460.0,1032.0,,114.0,-72.0,236.0,-586.0,-633.0
316.0,55.0,377.0,846.0,,133.0,-8.0,360.0,-13.0,-590.0
384.0,-290.0,349.0,540.0,,-10.0,78.0,229.0,341.0,-625.0
304.0,-1126.0,375.0,316.0,,-162.0,24.0,114.0,396.0,-600.0
320.0,-1698.0,265.0,80.0,,-262.0,-138.0,-16.0,93.0,-555.0
283.0,-1690.0,309.0,-15.0,,-358.0,-199.0,-210.0,416.0,-558.0
249.0,-1221.0,319.0,-235.0,,-371.0,-306.0,-22.0,1283.0,-550.0
206.0,-1057.0,398.0,-312.0,,-436.0,-426.0,158.0,1261.0,-644.0
172.0,-711.0,347.0,-163.0,,-536.0,-483.0,434.0,740.0,-719.0
160.0,39.0,416.0,-110.0,,-390.0,-580.0,484.0,291.0,-694.0
121.0,752.0,505.0,50.0,,-52.0,-680.0,389.0,165.0,-801.0
161.0,1147.0,551.0,183.0,,51.0,-742.0,273.0,489.0,-848.0
124.0,874.0,550.0,217.0,,-148.0,-672.0,0.0,522.0,-846.0
157.0,336.0,617.0,321.0,,-186.0,-548.0,-62.0,515.0,-956.0
222.0,617.0,619.0,290.0,,-89.0,-451.0,-297.0,396.0,-971.0
314.0,1353.0,557.0,328.0,,-199.0,-286.0,-424.0,368.0,-978.0
364.0,905.0,684.0,567.0,,-346.0,-115.0,-454.0,906.0,-1078.0
374.0,-67.0,506.0,686.0,,-210.0,-45.0,-502.0,680.0,-1165.0
346.0,-1271.0,525.0,485.0,,38.0,-6.0,-288.0,-49.0,-1211.0
414.0,-1235.0,497.0,102.0,,-98.0,40.0,-121.0,-615.0,-1278.0
341.0,-221.0,472.0,-132.0,,-367.0,79.0,88.0,-97.0,-1317.0
222.0,-1652.0,536.0,-186.0,,-721.0,78.0,131.0,553.0,-1351.0
204.0,-2008.0,470.0,-113.0,,-1024.0,38.0,188.0,286.0,-1424.0
134.0,-500.0,510.0,24.0,,-883.0,25.0,290.0,229.0,-1441.0
143.0,278.0,407.0,245.0,,-653.0,-66.0,315.0,-121.0,-1505.0
35.0,-589.0,446.0,574.0,,-329.0,-167.0,473.0,-61.0,-1536.0
-55.0,-110.0,402.0,825.0,,-232.0,-213.0,373.0,287.0,-1517.0
-107.0,1310.0,333.0,943.0,,-238.0,-221.0,275.0,315.0,-1558.0
-95.0,729.0,317.0,761.0,,-123.0,-202.0,44.0,-262.0,-1569.0
-186.0,1381.0,298.0,458.0,,-73.0,-243.0,-166.0,-778.0,-1546.0
-293.0,1467.0,365.0,337.0,,-184.0,-298.0,-151.0,-190.0,-1494.0
-271.0,1061.0,329.0,147.0,,-340.0,-364.0,-247.0,229.0,-1339.0
-274.0,594.0,464.0,0.0,,-109.0,-369.0,-27.0,201.0,-1170.0
-273.0,-203.0,426.0,-114.0,,-148.0,-308.0,133.0,-414.0,-1089.0
-289.0,-408.0,485.0,-235.0,,-287.0,-255.0,269.0,-827.0,-977.0
-269.0,-1601.0,659.0,-262.0,,-365.0,-255.0,338.0,-705.0,-903.0
-223.0,-2567.0,643.0,-337.0,,-364.0,-330.0,186.0,-481.0,-878.0
-159.0,-1208.0,795.0,-289.0,,-238.0,-419.0,177.0,-355.0,-837.0
-144.0,26.0,876.0,-243.0,,-34.0,-437.0,59.0,-608.0,-806.0
-143.0,-1145.0,925.0,-281.0,,310.0,-397.0,171.0,-526.0,-780.0
-110.0,-98.0,877.0,-100.0,,406.0,-430.0,295.0,-139.0,-809.0
-17.0,858.0,939.0,211.0,,411.0,-383.0,375.0,463.0,-731.0
26.0,-8.0,988.0,457.0,,53.0,-300.0,460.0,585.0,-636.0
97.0,812.0,911.0,530.0,,-456.0,-300.0,419.0,-191.0,-667.0
179.0,641.0,975.0,370.0,,-712.0,-239.0,508.0,-844.0,-621.0
228.0,-272.0,998.0,160.0,,-266.0,-198.0,293.0,-568.0,-526.0
285.0,-604.0,925.0,31.0,,-446.0,-188.0,114.0,-165.0,-486.0
394.0,-920.0,1042.0,29.0,,-971.0,-132.0,-173.0,-245.0,-358.0
374.0,-935.0,1036.0,-44.0,,-634.0,-102.0,-463.0,-580.0,-246.0
332.0,-521.0,913.0,-214.0,,-307.0,-126.0,-345.0,-764.0,-273.0
412.0,-411.0,977.0,-325.0,,160.0,-183.0,-256.0,-506.0,-213.0
338.0,-903.0,896.0,-317.0,,-189.0,-229.0,44.0,-420.0,-121.0
362.0,-467.0,816.0,-206.0,,-968.0,-252.0,192.0,-264.0,-93.0
236.0,216.0,799.0,-118.0,,-1676.0,-232.0,232.0,-368.0,-119.0
214.0,-187.0,853.0,62.0,,-965.0,-206.0,199.0,-497.0,-174.0
289.0,-199.0,719.0,200.0,,849.0,-248.0,-9.0,-128.0,-196.0
278.0,1078.0,831.0,200.0,,350.0,-265.0,-9.0,162.0,-245.0
196.0,1343.0,779.0,46.0,,-1808.0,-282.0,-79.0,-112.0,-302.0
127.0,1131.0,720.0,-266.0,,-2003.0,-296.0,29.0,-833.0,-292.0
281.0,1141.0,825.0,-456.0,,352.0,-247.0,73.0,-676.0,-274.0
241.0,640.0,698.0,-503.0,,548.0,-206.0,0.0,-70.0,-314.0
277.0,1184.0,850.0,-573.0,,-1170.0,-227.0,-66.0,512.0,-265.0
226.0,972.0,698.0,-621.0,,-955.0,-332.0,-175.0,585.0,-191.0
233.0,813.0,806.0,-589.0,,-232.0,-467.0,-12.0,-99.0,-160.0
301.0,1381.0,784.0,-486.0,,-1030.0,-562.0,-51.0,-62.0,-94.0
382.0,836.0,614.0,-559.0,,-922.0,-573.0,-27.0,361.0,-33.0
354.0,695.0,689.0,-616.0,,318.0,-546.0,-62.0,571.0,70.0
278.0,1097.0,606.0,-239.0,,-922.0,-412.0,-225.0,506.0,87.0
513.0,772.0,585.0,-66.0,,-2622.0,-152.0,-223.0,-195.0,41.0
477.0,-241.0,500.0,-148.0,,-989.0,10.0,-341.0,-717.0,49.0
443.0,112.0,491.0,-174.0,,1535.0,113.0,-149.0,-346.0,36.0
418.0,1068.0,511.0,-220.0,,-117.0,243.0,36.0,-126.0,15.0
374.0,1033.0,525.0,-166.0,,-3101.0,349.0,304.0,-314.0,33.0
318.0,-428.0,527.0,-166.0,,-1909.0,428.0,703.0,-642.0,59.0
299.0,-1100.0,576.0,-43.0,,1239.0,356.0,896.0,-839.0,35.0
226.0,-60.0,593.0,58.0,,1163.0,225.0,999.0,-407.0,-3.0
77.0,-238.0,622.0,-20.0,,-2116.0,98.0,761.0,-115.0,-37.0
205.0,-366.0,606.0,-84.0,,-2503.0,-105.0,630.0,-80.0,-101.0
202.0,-871.0,574.0,-194.0,,630.0,-280.0,460.0,-226.0,-231.0
165.0,-567.0,614.0,-25.0,,1834.0,-476.0,297.0,-244.0,-306.0
133.0,139.0,517.0,83.0,,-797.0,-525.0,317.0,145.0,-281.0
134.0,-572.0,509.0,-142.0,,-2806.0,-453.0,273.0,455.0,-368.0
117.0,-429.0,555.0,-356.0,,-398.0,-408.0,412.0,331.0,-453.0
-30.0,49.0,483.0,-429.0,,1859.0,-268.0,341.0,-128.0,-393.0
-124.0,536.0,497.0,-390.0,,141.0,-137.0,299.0,-344.0,-360.0
-218.0,134.0,441.0,-385.0,,-1911.0,-60.0,279.0,-117.0,-359.0
-298.0,1000.0,410.0,-262.0,,-1414.0,-57.0,232.0,259.0,-286.0
-276.0,1408.0,353.0,-319.0,,242.0,-24.0,297.0,-38.0,-170.0
-342.0,-424.0,284.0,-391.0,,1333.0,3.0,179.0,-387.0,-65.0
-415.0,554.0,352.0,-339.0,,425.0,-32.0,332.0,-93.0,-31.0
-335.0,1736.0,296.0,-413.0,,-1496.0,21.0,330.0,91.0,44.0
-276.0,618.0,343.0,-391.0,,-1119.0,17.0,266.0,75.0,142.0
-274.0,-141.0,328.0,-449.0,,1149.0,-92.0,216.0,70.0,147.0
-290.0,106.0,302.0,-430.0,,1066.0,-169.0,14.0,-229.0,196.0
-263.0,131.0,306.0,-414.0,,-1346.0,-141.0,88.0,-435.0,294.0
-294.0,-569.0,316.0,-463.0,,-476.0,-29.0,-14.0,-148.0,340.0
-161.0,-1250.0,347.0,-298.0,,1738.0,24.0,-92.0,-33.0,344.0
-154.0,-823.0,345.0,-92.0,,-183.0,43.0,-243.0,-374.0,422.0
-265.0,-101.0,323.0,-10.0,,-1692.0,116.0,-317.0,-929.0,504.0
-247.0,-289.0,361.0,-86.0,,766.0,202.0,-153.0,-834.0,551.0
-201.0,128.0,378.0,-197.0,,1763.0,294.0,-166.0,-428.0,568.0
-112.0,433.0,288.0,-291.0,,-1151.0,394.0,44.0,-340.0,541.0
-156.0,-307.0,441.0,-335.0,,-1619.0,444.0,216.0,-481.0,563.0
-15.0,387.0,395.0,-321.0,,1258.0,442.0,417.0,-871.0,540.0
28.0,1894.0,420.0,-313.0,,654.0,381.0,515.0,-806.0,447.0
99.0,1720.0,517.0,-377.0,,-1523.0,320.0,421.0,-354.0,257.0
197.0,857.0,422.0,-474.0,,83.0,244.0,495.0,201.0,107.0
190.0,991.0,487.0,-524.0,,1243.0,146.0,413.0,82.0,43.0
233.0,1482.0,522.0,-561.0,,-561.0,118.0,389.0,-662.0,-104.0
238.0,1324.0,522.0,-463.0,,-338.0,46.0,109.0,-887.0,-207.0
297.0,1155.0,512.0,-300.0,,1316.0,-78.0,-238.0,-452.0,-160.0
156.0,974.0,559.0,-186.0,,-4.0,-141.0,-443.0,-104.0,-68.0
129.0,631.0,553.0,-124.0,,-1605.0,-194.0,-668.0,-242.0,-28.0
83.0,165.0,524.0,-181.0,,543.0,-227.0,-548.0,-231.0,68.0
114.0,114.0,600.0,-295.0,,1633.0,-192.0,-432.0,-179.0,176.0
154.0,-921.0,499.0,-374.0,,-1038.0,-152.0,-35.0,171.0,170.0
4.0,-1749.0,517.0,-346.0,,-1069.0,-91.0,395.0,262.0,133.0
37.0,-372.0,507.0,-223.0,,1796.0,-22.0,657.0,-52.0,198.0
44.0,200.0,297.0,-56.0,,1185.0,6.0,873.0,-252.0,240.0
58.0,596.0,252.0,156.0,,-1744.0,9.0,668.0,-681.0,158.0
-25.0,-356.0,184.0,335.0,,-542.0,-30.0,467.0,-510.0,156.0
-71.0,-932.0,141.0,423.0,,2748.0,0.0,114.0,-443.0,187.0
-115.0,86.0,95.0,504.0,,1262.0,57.0,-66.0,-534.0,153.0
-109.0,-305.0,87.0,388.0,,-1764.0,56.0,-125.0,-504.0,118.0
-110.0,-295.0,-12.0,-10.0,,287.0,80.0,-315.0,-745.0,171.0
-295.0,-913.0,44.0,-404.0,,2815.0,115.0,-229.0,-318.0,226.0
-313.0,-837.0,56.0,-716.0,,435.0,141.0,-280.0,100.0,280.0
-281.0,-153.0,-20.0,-796.0,,-1538.0,143.0,-168.0,-51.0,376.0
-225.0,-724.0,89.0,-722.0,,694.0,156.0,-38.0,-61.0,478.0
-316.0,-270.0,-79.0,-711.0,,1594.0,150.0,-1.0,303.0,627.0
-316.0,111.0,-74.0,-661.0,,-417.0,99.0,109.0,561.0,687.0
-199.0,-319.0,-83.0,-647.0,,314.0,72.0,46.0,600.0,688.0
-186.0,218.0,-51.0,-483.0,,2191.0,75.0,129.0,662.0,722.0
-133.0,916.0,-20.0,-151.0,,212.0,116.0,57.0,197.0,695.0
-182.0,400.0,-10.0,106.0,,-1944.0,115.0,57.0,-260.0,561.0
-103.0,-122.0,109.0,305.0,,901.0,78.0,68.0,44.0,449.0
31.0,267.0,124.0,359.0,,3380.0,139.0,16.0,84.0,318.0
46.0,665.0,154.0,397.0,,-525.0,201.0,192.0,-252.0,78.0
-17.0,-333.0,157.0,396.0,,-3015.0,154.0,162.0,-463.0,-76.0
25.0,-644.0,203.0,236.0,,951.0,78.0,345.0,-604.0,-226.0
25.0,278.0,206.0,-25.0,,2364.0,29.0,493.0,-81.0,-427.0
-77.0,302.0,248.0,-352.0,,-1211.0,14.0,604.0,443.0,-561.0
-35.0,540.0,191.0,-680.0,,-1379.0,21.0,668.0,221.0,-637.0
-133.0,635.0,365.0,-871.0,,1373.0,74.0,347.0,-95.0,-676.0
-196.0,634.0,355.0,-896.0,,296.0,114.0,144.0,-307.0,-689.0
-163.0,918.0,306.0,-815.0,,-1402.0,53.0,-120.0,-439.0,-572.0
-217.0,574.0,486.0,-574.0,,815.0,3.0,-153.0,-201.0,-313.0
-334.0,590.0,437.0,-461.0,,910.0,56.0,-96.0,-113.0,-89.0
-351.0,458.0,487.0,-303.0,,-2182.0,165.0,-11.0,-559.0,70.0
-317.0,0.0,476.0,-69.0,,-720.0,263.0,169.0,-514.0,256.0
-369.0,-96.0,419.0,0.0,,2558.0,375.0,129.0,-38.0,381.0
-359.0,-222.0,364.0,37.0,,37.0,470.0,277.0,492.0,353.0
-368.0,-453.0,371.0,38.0,,-3222.0,518.0,254.0,591.0,318.0
-365.0,-773.0,228.0,51.0,,164.0,522.0,279.0,122.0,300.0
-331.0,-641.0,263.0,-96.0,,2950.0,524.0,362.0,335.0,176.0
-282.0,-534.0,226.0,-220.0,,-883.0,589.0,321.0,608.0,-21.0
-292.0,-969.0,143.0,-340.0,,-2439.0,543.0,441.0,683.0,-110.0
-314.0,-1231.0,299.0,-695.0,,1297.0,428.0,391.0,736.0,-110.0
-289.0,-629.0,185.0,-1011.0,,1755.0,293.0,469.0,310.0,-230.0
-286.0,34.0,258.0,-1137.0,,-1567.0,109.0,402.0,29.0,-247.0
-282.0,589.0,288.0,-1017.0,,-507.0,-29.0,277.0,-8.0,-74.0
-275.0,1230.0,349.0,-819.0,,2856.0,-148.0,282.0,60.0,45.0
-255.0,819.0,343.0,-439.0,,527.0,-181.0,123.0,-58.0,157.0
-271.0,370.0,327.0,-6.0,,-2555.0,-96.0,121.0,-395.0,294.0
-223.0,107.0,394.0,149.0,,415.0,99.0,0.0,-282.0,431.0
-210.0,-297.0,246.0,291.0,,2943.0,352.0,-57.0,171.0,507.0
-231.0,-41.0,290.0,449.0,,-300.0,551.0,-129.0,451.0,489.0
-177.0,464.0,307.0,457.0,,-1929.0,727.0,-210.0,361.0,488.0
-114.0,103.0,291.0,285.0,,1260.0,828.0,-16.0,136.0,489.0
-58.0,-467.0,234.0,207.0,,1343.0,821.0,77.0,284.0,363.0
-56.0,-379.0,194.0,309.0,,-1229.0,808.0,295.0,645.0,235.0
-86.0,-464.0,308.0,241.0,,610.0,821.0,382.0,418.0,179.0
-120.0,-973.0,179.0,77.0,,2693.0,804.0,356.0,179.0,73.0
-150.0,-1415.0,159.0,-50.0,,-674.0,745.0,315.0,215.0,-18.0
-183.0,-1043.0,195.0,-292.0,,-2477.0,657.0,232.0,-87.0,-13.0
-215.0,-1117.0,76.0,-529.0,,1399.0,607.0,360.0,184.0,-23.0
-291.0,-833.0,113.0,-668.0,,2104.0,612.0,319.0,372.0,-83.0
-321.0,-352.0,36.0,-677.0,,-1871.0,584.0,232.0,165.0,-24.0
-295.0,-1165.0,99.0,-624.0,,-1264.0,551.0,-73.0,175.0,68.0
-345.0,-1023.0,92.0,-583.0,,2549.0,524.0,-293.0,203.0,103.0
-351.0,-615.0,41.0,-471.0,,307.0,454.0,-166.0,498.0,87.0
-321.0,-507.0,209.0,-400.0,,-3422.0,323.0,-114.0,446.0,24.0
-331.0,-452.0,171.0,-296.0,,494.0,279.0,59.0,636.0,2.0
-383.0,-746.0,227.0,-335.0,,3768.0,373.0,-25.0,621.0,-105.0
-396.0,-761.0,293.0,-437.0,,-1333.0,435.0,-73.0,399.0,-327.0
-374.0,-323.0,268.0,-387.0,,-3587.0,459.0,-46.0,615.0,-516.0
-402.0,238.0,332.0,-300.0,,1994.0,492.0,-103.0,598.0,-579.0
-360.0,416.0,298.0,-230.0,,2797.0,522.0,-22.0,653.0,-621.0
-315.0,277.0,262.0,-283.0,,-2715.0,492.0,-157.0,143.0,-688.0
-295.0,80.0,272.0,-281.0,,-2093.0,451.0,-101.0,-66.0,-720.0
-197.0,379.0,253.0,-343.0,,2656.0,391.0,-147.0,201.0,-776.0
-63.0,741.0,248.0,-435.0,,777.0,261.0,-166.0,121.0,-763.0
-51.0,1050.0,151.0,-387.0,,-2872.0,159.0,-118.0,0.0,-666.0
-84.0,352.0,147.0,-318.0,,-90.0,26.0,-301.0,-83.0,-626.0
-63.0,-123.0,133.0,-254.0,,2610.0,-155.0,-253.0,258.0,-704.0
-107.0,859.0,165.0,-310.0,,-626.0,-211.0,-356.0,229.0,-718.0
-178.0,522.0,205.0,-325.0,,-2222.0,-120.0,-251.0,11.0,-668.0
-214.0,-174.0,108.0,-257.0,,1482.0,-44.0,-110.0,0.0,-722.0
-248.0,-159.0,180.0,-224.0,,1641.0,-36.0,-53.0,-2.0,-780.0
-273.0,-560.0,139.0,-196.0,,-2579.0,-52.0,114.0,-166.0,-824.0
-180.0,-617.0,94.0,-151.0,,-1330.0,10.0,60.0,-155.0,-857.0
-176.0,133.0,159.0,-75.0,,3081.0,60.0,308.0,621.0,-858.0
-206.0,-543.0,178.0,-110.0,,974.0,35.0,412.0,464.0,-833.0
-151.0,-1690.0,171.0,-226.0,,-2599.0,79.0,487.0,36.0,-812.0
-119.0,-1330.0,250.0,-264.0,,575.0,123.0,552.0,360.0,-818.0
-114.0,-1032.0,305.0,-317.0,,3081.0,120.0,382.0,359.0,-779.0
-223.0,-909.0,318.0,-396.0,,-1151.0,38.0,323.0,368.0,-749.0
-247.0,-1055.0,380.0,-405.0,,-2558.0,-45.0,-11.0,425.0,-722.0
-274.0,-180.0,348.0,-380.0,,2138.0,-14.0,-238.0,59.0,-639.0
-291.0,1181.0,359.0,-374.0,,2086.0,53.0,-458.0,-542.0,-662.0
-285.0,1442.0,365.0,-232.0,,-2456.0,113.0,-639.0,-574.0,-686.0
-340.0,846.0,368.0,-42.0,,-429.0,155.0,-641.0,-366.0,-563.0
-299.0,282.0,420.0,12.0,,4051.0,196.0,-655.0,-331.0,-520.0
-247.0,341.0,507.0,103.0,,189.0,186.0,-362.0,-602.0,-580.0
-209.0,-91.0,587.0,196.0,,-4054.0,119.0,-120.0,-962.0,-693.0
-262.0,476.0,646.0,263.0,,843.0,58.0,210.0,-581.0,-761.0
-235.0,255.0,688.0,274.0,,4257.0,-27.0,347.0,-320.0,-831.0
-147.0,-800.0,760.0,298.0,,-1322.0,-82.0,319.0,-503.0,-972.0
-173.0,-342.0,776.0,392.0,,-3948.0,-49.0,521.0,-632.0,-1026.0
-235.0,132.0,747.0,373.0,,2101.0,-11.0,424.0,-876.0,-1103.0
-271.0,-77.0,650.0,427.0,,3768.0,15.0,376.0,-891.0,-1163.0
-225.0,-736.0,608.0,457.0,,-2479.0,73.0,216.0,-532.0,-1113.0
-291.0,121.0,548.0,425.0,,-2995.0,96.0,0.0,-328.0,-1056.0
-322.0,1040.0,401.0,577.0,,2921.0,140.0,-218.0,-438.0,-1030.0
-316.0,701.0,517.0,568.0,,1923.0,273.0,-624.0,-500.0,-966.0
-363.0,-51.0,395.0,370.0,,-3068.0,395.0,-744.0,82.0,-816.0
-342.0,-408.0,346.0,200.0,,-324.0,375.0,-862.0,519.0,-706.0
-346.0,-182.0,415.0,73.0,,3320.0,242.0,-787.0,276.0,-646.0
-376.0,-1195.0,332.0,-24.0,,-897.0,115.0,-759.0,264.0,-528.0
-399.0,-819.0,330.0,-171.0,,-3303.0,0.0,-755.0,356.0,-381.0
-311.0,405.0,323.0,-228.0,,1871.0,-30.0,-454.0,177.0,-353.0
-281.0,-359.0,344.0,-320.0,,3228.0,7.0,-345.0,35.0,-352.0
-227.0,-414.0,274.0,-479.0,,-1393.0,-37.0,-86.0,142.0,-291.0
-92.0,1011.0,309.0,-490.0,,-803.0,-135.0,55.0,-24.0,-306.0
-75.0,1766.0,283.0,-392.0,,3058.0,-154.0,35.0,8.0,-345.0
-52.0,771.0,263.0,-277.0,,741.0,-171.0,-83.0,235.0,-279.0
-66.0,223.0,233.0,-53.0,,-2512.0,-206.0,-356.0,152.0,-215.0
-24.0,736.0,170.0,214.0,,1255.0,-194.0,-402.0,367.0,-266.0
-36.0,584.0,107.0,377.0,,3868.0,-293.0,-478.0,245.0,-250.0
-60.0,285.0,22.0,539.0,,-127.0,-448.0,-437.0,-8.0,-159.0
13.0,30.0,101.0,518.0,,-840.0,-574.0,-563.0,199.0,-168.0
51.0,541.0,91.0,335.0,,3539.0,-626.0,-783.0,452.0,-250.0
86.0,720.0,175.0,117.0,,2572.0,-490.0,-824.0,687.0,-307.0
100.0,-106.0,157.0,-147.0,,-2138.0,-295.0,-892.0,551.0,-317.0
159.0,377.0,231.0,-352.0,,-46.0,-40.0,-692.0,0.0,-322.0
182.0,90.0,337.0,-444.0,,4258.0,278.0,-556.0,291.0,-382.0
225.0,-816.0,217.0,-447.0,,1510.0,450.0,-375.0,959.0,-486.0
197.0,307.0,278.0,-498.0,,-2032.0,497.0,-262.0,460.0,-492.0
179.0,168.0,159.0,-504.0,,1339.0,461.0,-352.0,133.0,-530.0
251.0,-649.0,185.0,-432.0,,4228.0,335.0,-260.0,145.0,-641.0
176.0,122.0,260.0,-325.0,,697.0,225.0,-236.0,172.0,-610.0
127.0,423.0,180.0,-224.0,,-837.0,104.0,-25.0,697.0,-575.0
129.0,178.0,282.0,-173.0,,2384.0,-19.0,59.0,749.0,-587.0
197.0,-153.0,245.0,-23.0,,2330.0,-126.0,29.0,343.0,-518.0
166.0,-269.0,294.0,76.0,,-784.0,-185.0,36.0,136.0,-495.0
72.0,-547.0,291.0,113.0,,78.0,-161.0,-182.0,328.0,-572.0
86.0,-576.0,239.0,276.0,,2432.0,-85.0,-262.0,671.0,-599.0
128.0,-573.0,274.0,250.0,,586.0,108.0,-489.0,437.0,-592.0
189.0,-752.0,211.0,48.0,,-646.0,319.0,-626.0,-191.0,-571.0
130.0,-610.0,185.0,3.0,,2098.0,447.0,-635.0,120.0,-525.0
101.0,-1291.0,110.0,-19.0,,2669.0,554.0,-644.0,579.0,-501.0
120.0,-971.0,165.0,16.0,,-110.0,589.0,-583.0,399.0,-411.0
206.0,35.0,178.0,148.0,,93.0,542.0,-630.0,141.0,-295.0
170.0,171.0,217.0,188.0,,2846.0,455.0,-436.0,-185.0,-206.0
3.0,285.0,277.0,110.0,,1644.0,341.0,-271.0,-331.0,-94.0
83.0,393.0,280.0,3.0,,-1083.0,205.0,-33.0,-201.0,-41.0
108.0,732.0,323.0,188.0,,807.0,85.0,62.0,100.0,-73.0
78.0,625.0,305.0,501.0,,3116.0,12.0,-103.0,-273.0,19.0
58.0,-118.0,366.0,650.0,,1205.0,-54.0,-232.0,-617.0,152.0
60.0,-77.0,330.0,699.0,,110.0,-116.0,-567.0,-454.0,92.0
115.0,0.0,366.0,587.0,,2662.0,-132.0,-709.0,-304.0,100.0
118.0,-330.0,377.0,472.0,,2785.0,-39.0,-894.0,-286.0,169.0
74.0,439.0,386.0,450.0,,-110.0,51.0,-984.0,-634.0,165.0
-54.0,1124.0,422.0,411.0,,645.0,64.0,-933.0,-673.0,211.0
-53.0,633.0,432.0,262.0,,3053.0,85.0,-997.0,-586.0,240.0
-59.0,938.0,423.0,65.0,,1169.0,102.0,-683.0,-433.0,247.0
-91.0,1677.0,417.0,15.0,,-1072.0,167.0,-373.0,-428.0,295.0
-90.0,995.0,412.0,161.0,,1208.0,289.0,0.0,-544.0,377.0
-57.0,743.0,324.0,213.0,,2824.0,452.0,330.0,-203.0,419.0
72.0,875.0,438.0,124.0,,187.0,643.0,389.0,18.0,399.0
99.0,520.0,364.0,38.0,,-955.0,699.0,461.0,17.0,335.0
125.0,-292.0,305.0,-125.0,,1788.0,609.0,306.0,369.0,318.0
115.0,-1817.0,364.0,-181.0,,2212.0,442.0,186.0,461.0,397.0
117.0,-2178.0,300.0,-106.0,,-680.0,228.0,29.0,109.0,387.0
168.0,-1493.0,316.0,-7.0,,-285.0,98.0,-66.0,415.0,304.0
170.0,-1162.0,391.0,42.0,,2357.0,37.0,-90.0,682.0,313.0
163.0,-1590.0,281.0,114.0,,1195.0,-21.0,-290.0,483.0,321.0
146.0,-1123.0,245.0,249.0,,-1279.0,-92.0,-432.0,121.0,148.0
237.0,-537.0,274.0,256.0,,430.0,-177.0,-691.0,164.0,-82.0
267.0,-56.0,164.0,255.0,,2622.0,-177.0,-678.0,442.0,-164.0
212.0,1026.0,209.0,318.0,,391.0,-94.0,-567.0,-103.0,-269.0
201.0,463.0,81.0,441.0,,-1116.0,82.0,-458.0,-273.0,-453.0
214.0,720.0,56.0,584.0,,1320.0,330.0,-271.0,2.0,-534.0
212.0,1937.0,79.0,507.0,,2098.0,565.0,-260.0,148.0,-602.0
154.0,1954.0,47.0,297.0,,-171.0,740.0,-105.0,139.0,-740.0
108.0,1391.0,0.0,197.0,,-182.0,821.0,-184.0,243.0,-728.0
9.0,974.0,8.0,201.0,,1738.0,878.0,-129.0,471.0,-596.0
39.0,1548.0,42.0,153.0,,1058.0,952.0,20.0,292.0,-568.0
118.0,1398.0,-50.0,-9.0,,-288.0,1009.0,60.0,457.0,-547.0
16.0,595.0,5.0,-100.0,,763.0,967.0,144.0,211.0,-429.0
29.0,762.0,-21.0,-70.0,,1520.0,818.0,-118.0,-399.0,-212.0
136.0,1102.0,-6.0,-86.0,,-123.0,642.0,-214.0,-245.0,-119.0
189.0,31.0,-50.0,-118.0,,-685.0,460.0,-376.0,221.0,-47.0
181.0,-784.0,-30.0,-62.0,,1264.0,255.0,-461.0,266.0,194.0
144.0,158.0,-40.0,-28.0,,1231.0,69.0,-410.0,22.0,319.0
119.0,-531.0,-86.0,76.0,,-878.0,-19.0,-517.0,89.0,412.0
124.0,-1485.0,-37.0,325.0,,-309.0,-96.0,-415.0,207.0,557.0
106.0,-727.0,-60.0,442.0,,1870.0,-207.0,-471.0,163.0,722.0
14.0,22.0,37.0,454.0,,922.0,-364.0,-382.0,135.0,855.0
-28.0,-620.0,58.0,505.0,,-1055.0,-532.0,-308.0,139.0,882.0
24.0,-1028.0,97.0,583.0,,319.0,-609.0,-325.0,-222.0,898.0
117.0,4.0,138.0,678.0,,1735.0,-582.0,-253.0,-511.0,868.0
91.0,-668.0,225.0,650.0,,-221.0,-451.0,-363.0,-333.0,706.0
22.0,-9.0,242.0,520.0,,-1352.0,-282.0,-288.0,-133.0,498.0
47.0,1472.0,258.0,450.0,,805.0,-130.0,-297.0,-383.0,395.0
61.0,1348.0,289.0,384.0,,1289.0,-1.0,-218.0,-734.0,334.0
19.0,463.0,239.0,228.0,,-954.0,126.0,-164.0,-433.0,227.0
-37.0,-422.0,298.0,157.0,,-751.0,257.0,-273.0,44.0,161.0
-134.0,1200.0,214.0,114.0,,1287.0,439.0,-181.0,-148.0,202.0
-151.0,799.0,288.0,15.0,,666.0,712.0,-214.0,-833.0,189.0
-26.0,-1900.0,226.0,74.0,,-963.0,947.0,-9.0,-657.0,225.0
-50.0,-1273.0,195.0,58.0,,121.0,1037.0,181.0,-122.0,384.0
-152.0,396.0,263.0,-70.0,,1497.0,952.0,230.0,-132.0,450.0
-121.0,-167.0,169.0,-107.0,,41.0,827.0,286.0,-52.0,546.0
-68.0,-920.0,260.0,-53.0,,-1101.0,712.0,121.0,0.0,738.0
-37.0,-808.0,200.0,146.0,,630.0,574.0,151.0,57.0,841.0
-40.0,250.0,181.0,415.0,,1326.0,498.0,73.0,386.0,844.0
-103.0,434.0,124.0,583.0,,-242.0,419.0,1.0,556.0,905.0
-25.0,-259.0,131.0,633.0,,-200.0,321.0,-27.0,390.0,905.0
80.0,622.0,86.0,611.0,,1187.0,227.0,-147.0,89.0,829.0
16.0,1280.0,-37.0,473.0,,765.0,115.0,-94.0,78.0,749.0
-113.0,721.0,11.0,386.0,,-766.0,57.0,-212.0,461.0,603.0
-97.0,687.0,-41.0,346.0,,-33.0,52.0,-293.0,362.0,523.0
37.0,711.0,-44.0,203.0,,1439.0,96.0,-399.0,67.0,457.0
-23.0,-153.0,33.0,-10.0,,414.0,148.0,-421.0,-6.0,409.0
-109.0,242.0,31.0,-98.0,,-514.0,147.0,-365.0,53.0,432.0
-162.0,478.0,-41.0,144.0,,676.0,160.0,-484.0,280.0,418.0
-148.0,369.0,63.0,444.0,,1142.0,154.0,-463.0,201.0,419.0
-113.0,327.0,-20.0,550.0,,-229.0,144.0,-532.0,322.0,536.0
-207.0,-359.0,-52.0,573.0,,-488.0,115.0,-413.0,245.0,574.0
-245.0,-30.0,13.0,540.0,,828.0,47.0,-280.0,-19.0,396.0
-176.0,-161.0,-75.0,460.0,,755.0,20.0,-210.0,240.0,348.0
-36.0,-1294.0,-64.0,466.0,,-692.0,-5.0,-72.0,197.0,430.0
-81.0,-1406.0,5.0,515.0,,-651.0,19.0,-171.0,-152.0,396.0
-112.0,-528.0,56.0,467.0,,173.0,67.0,-110.0,-544.0,341.0
-61.0,-1056.0,-35.0,363.0,,-299.0,91.0,-179.0,-141.0,282.0
12.0,-1299.0,72.0,282.0,,-707.0,171.0,-253.0,668.0,170.0
62.0,-169.0,76.0,210.0,,-91.0,278.0,-267.0,330.0,34.0
-86.0,411.0,-31.0,194.0,,49.0,386.0,-351.0,-376.0,-5.0
-100.0,-131.0,48.0,162.0,,-930.0,506.0,-282.0,-587.0,-24.0
-41.0,-566.0,3.0,72.0,,-1038.0,604.0,-375.0,-514.0,-167.0
-22.0,-80.0,-42.0,65.0,,-4.0,656.0,-343.0,-302.0,-143.0
-31.0,168.0,-22.0,44.0,,-127.0,674.0,-332.0,-6.0,12.0
16.0,529.0,-32.0,39.0,,-1101.0,576.0,-223.0,-218.0,49.0
39.0,37.0,-4.0,193.0,,-772.0,343.0,-33.0,-355.0,44.0
98.0,-149.0,38.0,437.0,,239.0,87.0,-94.0,-39.0,59.0
220.0,1309.0,58.0,619.0,,-205.0,-174.0,29.0,465.0,171.0
176.0,777.0,51.0,764.0,,-1011.0,-414.0,88.0,998.0,172.0
202.0,-531.0,55.0,923.0,,-518.0,-533.0,264.0,583.0,150.0
190.0,738.0,59.0,901.0,,-25.0,-515.0,415.0,0.0,263.0
201.0,367.0,38.0,765.0,,-440.0,-415.0,365.0,340.0,231.0
166.0,-835.0,-38.0,577.0,,-540.0,-287.0,430.0,1060.0,228.0
115.0,-734.0,1.0,286.0,,145.0,-84.0,328.0,950.0,271.0
148.0,-987.0,-18.0,141.0,,311.0,134.0,443.0,306.0,238.0
111.0,-239.0,-193.0,110.0,,-250.0,311.0,533.0,114.0,159.0
184.0,-1245.0,-146.0,135.0,,-149.0,495.0,583.0,52.0,150.0
184.0,-2120.0,-221.0,241.0,,364.0,621.0,650.0,68.0,194.0
104.0,-1347.0,-242.0,218.0,,16.0,671.0,380.0,413.0,133.0
68.0,-1036.0,-274.0,201.0,,-317.0,626.0,208.0,168.0,76.0
123.0,-297.0,-281.0,134.0,,-16.0,559.0,-129.0,-573.0,5.0
35.0,366.0,-162.0,55.0,,64.0,486.0,-349.0,-503.0,1.0
-90.0,1091.0,-273.0,166.0,,-169.0,365.0,-450.0,-29.0,-76.0
-70.0,751.0,-195.0,197.0,,-310.0,288.0,-528.0,128.0,-122.0
-130.0,500.0,-186.0,268.0,,-150.0,300.0,-378.0,-307.0,-31.0
-99.0,900.0,-230.0,294.0,,-427.0,292.0,-393.0,-398.0,-49.0
-114.0,228.0,-212.0,179.0,,-1154.0,189.0,-225.0,-31.0,-28.0
-152.0,-457.0,-196.0,280.0,,-1009.0,38.0,-112.0,384.0,37.0
-125.0,-511.0,-121.0,467.0,,-509.0,-192.0,168.0,736.0,117.0
-81.0,141.0,-132.0,515.0,,-857.0,-358.0,543.0,403.0,119.0
-109.0,877.0,-27.0,532.0,,-1182.0,-439.0,576.0,64.0,108.0
-159.0,-120.0,51.0,539.0,,-724.0,-495.0,609.0,-181.0,161.0
-95.0,-447.0,101.0,446.0,,-434.0,-456.0,349.0,19.0,110.0
-107.0,1056.0,173.0,348.0,,-850.0,-396.0,92.0,28.0,3.0
-81.0,650.0,170.0,272.0,,-1289.0,-291.0,-271.0,-277.0,4.0
-93.0,-1022.0,110.0,318.0,,-1099.0,-184.0,-589.0,-282.0,52.0
-121.0,-936.0,193.0,464.0,,-988.0,-82.0,-642.0,141.0,-82.0
-112.0,610.0,176.0,514.0,,-1267.0,45.0,-761.0,850.0,-128.0
-78.0,-31.0,125.0,433.0,,-1185.0,153.0,-591.0,600.0,-22.0
-12.0,-587.0,252.0,260.0,,-1232.0,213.0,-570.0,538.0,-53.0
-48.0,615.0,94.0,192.0,,-1426.0,235.0,-463.0,231.0,-31.0
-80.0,-92.0,150.0,215.0,,-1081.0,281.0,-225.0,60.0,236.0
-139.0,-645.0,191.0,228.0,,-724.0,353.0,-57.0,420.0,377.0
-146.0,593.0,119.0,338.0,,-960.0,442.0,280.0,401.0,295.0
-180.0,2044.0,290.0,475.0,,-1191.0,431.0,384.0,469.0,444.0
-283.0,979.0,196.0,546.0,,-671.0,325.0,554.0,-375.0,555.0
-287.0,-254.0,223.0,637.0,,-374.0,164.0,583.0,-475.0,436.0
-264.0,472.0,306.0,654.0,,-959.0,-93.0,522.0,-105.0,445.0
-234.0,471.0,185.0,422.0,,-1128.0,-353.0,430.0,-383.0,561.0
-192.0,-297.0,274.0,93.0,,-655.0,-545.0,97.0,-502.0,530.0
-88.0,-1364.0,236.0,-33.0,,-710.0,-631.0,-18.0,-633.0,531.0
0.0,-613.0,171.0,29.0,,-1094.0,-657.0,-194.0,-491.0,633.0
66.0,158.0,237.0,199.0,,-1083.0,-645.0,-171.0,-437.0,550.0
122.0,-561.0,156.0,505.0,,-974.0,-583.0,-31.0,-466.0,451.0
72.0,-442.0,220.0,703.0,,-1074.0,-528.0,29.0,-455.0,374.0
91.0,-393.0,67.0,655.0,,-1117.0,-458.0,192.0,-271.0,381.0
128.0,-1074.0,7.0,523.0,,-1132.0,-365.0,256.0,-268.0,404.0
106.0,-216.0,5.0,282.0,,-1224.0,-215.0,519.0,-94.0,292.0
118.0,921.0,-196.0,-15.0,,-1173.0,57.0,678.0,165.0,256.0
104.0,-167.0,-166.0,-157.0,,-1219.0,321.0,816.0,-1.0,363.0
135.0,-924.0,-260.0,-244.0,,-1414.0,500.0,848.0,-176.0,357.0
155.0,-1478.0,-320.0,-336.0,,-1451.0,670.0,618.0,-172.0,142.0
123.0,255.0,-302.0,-437.0,,-1264.0,794.0,526.0,160.0,102.0
65.0,1599.0,-257.0,-510.0,,-1280.0,828.0,297.0,23.0,64.0
19.0,-423.0,-305.0,-374.0,,-1528.0,703.0,205.0,-265.0,-147.0
93.0,18.0,-280.0,-93.0,,-1360.0,541.0,42.0,-217.0,-279.0
107.0,1489.0,-255.0,162.0,,-1182.0,386.0,-129.0,-17.0,-289.0
39.0,1216.0,-257.0,248.0,,-1438.0,171.0,-90.0,591.0,-400.0
8.0,-259.0,-212.0,127.0,,-1457.0,12.0,-96.0,762.0,-636.0
75.0,-221.0,-241.0,5.0,,-987.0,-81.0,99.0,340.0,-692.0
56.0,307.0,-160.0,17.0,,-886.0,-86.0,129.0,190.0,-608.0
-13.0,350.0,-311.0,190.0,,-1209.0,-126.0,275.0,-357.0,-695.0
-21.0,470.0,-217.0,460.0,,-1060.0,-252.0,373.0,-203.0,-748.0
-85.0,75.0,-234.0,598.0,,-750.0,-373.0,236.0,383.0,-540.0
-63.0,213.0,-323.0,602.0,,-939.0,-484.0,258.0,-321.0,-532.0
-114.0,-1079.0,-227.0,384.0,,-1097.0,-502.0,118.0,-438.0,-521.0
-204.0,-822.0,-301.0,69.0,,-644.0,-486.0,97.0,216.0,-288.0
-254.0,277.0,-216.0,40.0,,-562.0,-456.0,-38.0,822.0,-197.0
-276.0,-618.0,-264.0,134.0,,-1150.0,-442.0,-243.0,645.0,-248.0
-303.0,-1482.0,-160.0,155.0,,-991.0,-399.0,-358.0,276.0,-159.0
-398.0,-337.0,-81.0,126.0,,-423.0,-349.0,-522.0,423.0,-27.0
-437.0,658.0,-32.0,175.0,,-573.0,-423.0,-415.0,500.0,-193.0
-475.0,-470.0,14.0,306.0,,-868.0,-564.0,-356.0,444.0,-222.0
-476.0,-57.0,44.0,432.0,,-542.0,-717.0,-144.0,-80.0,-91.0
-490.0,290.0,176.0,512.0,,-386.0,-773.0,53.0,-419.0,-89.0
-461.0,855.0,-2.0,504.0,,-699.0,-733.0,162.0,-706.0,-134.0
-427.0,1111.0,84.0,448.0,,-482.0,-645.0,380.0,-284.0,-126.0
-414.0,890.0,6.0,314.0,,-294.0,-500.0,495.0,63.0,-26.0
-336.0,973.0,-111.0,219.0,,-521.0,-294.0,764.0,-230.0,-100.0
-282.0,520.0,22.0,298.0,,-546.0,-85.0,838.0,-243.0,-189.0
-213.0,124.0,-44.0,324.0,,-276.0,23.0,837.0,-403.0,-134.0
-141.0,-1240.0,-25.0,178.0,,-365.0,109.0,735.0,-157.0,-81.0
-46.0,-829.0,-58.0,145.0,,-855.0,168.0,473.0,-357.0,-112.0
60.0,-1060.0,-27.0,288.0,,-589.0,105.0,280.0,-708.0,-137.0
126.0,-1525.0,-111.0,347.0,,-396.0,-54.0,-96.0,-644.0,-18.0
175.0,-457.0,-43.0,266.0,,-905.0,-180.0,-175.0,-554.0,-11.0
211.0,172.0,-81.0,219.0,,-1062.0,-328.0,-210.0,-408.0,-52.0
221.0,-290.0,-126.0,159.0,,-671.0,-541.0,-157.0,-354.0,41.0
248.0,-563.0,-3.0,96.0,,-632.0,-671.0,105.0,-81.0,109.0
237.0,1191.0,-114.0,84.0,,-1175.0,-728.0,243.0,24.0,101.0
192.0,956.0,-76.0,-32.0,,-1154.0,-761.0,556.0,316.0,175.0
243.0,490.0,-206.0,-110.0,,-787.0,-811.0,670.0,772.0,443.0
291.0,146.0,-143.0,-193.0,,-749.0,-778.0,752.0,941.0,570.0
232.0,162.0,-276.0,-331.0,,-772.0,-646.0,715.0,569.0,511.0
224.0,1103.0,-232.0,-449.0,,-658.0,-522.0,580.0,215.0,557.0
257.0,576.0,-239.0,-566.0,,-644.0,-414.0,522.0,302.0,664.0
271.0,274.0,-387.0,-471.0,,-669.0,-413.0,251.0,158.0,695.0
277.0,199.0,-106.0,-257.0,,-352.0,-435.0,258.0,489.0,608.0
208.0,523.0,-293.0,-5.0,,-399.0,-475.0,197.0,665.0,584.0
175.0,176.0,-127.0,263.0,,-785.0,-573.0,194.0,261.0,552.0
184.0,-764.0,-68.0,514.0,,-664.0,-610.0,240.0,81.0,419.0
148.0,-1517.0,-73.0,757.0,,-271.0,-638.0,127.0,-159.0,423.0
90.0,-434.0,-41.0,876.0,,-476.0,-608.0,282.0,214.0,473.0
94.0,-330.0,20.0,903.0,,-811.0,-486.0,288.0,469.0,366.0
118.0,-1345.0,63.0,813.0,,-318.0,-385.0,332.0,67.0,333.0
158.0,522.0,-8.0,620.0,,-45.0,-314.0,254.0,-264.0,529.0
225.0,708.0,194.0,433.0,,-528.0,-230.0,201.0,-694.0,650.0
234.0,290.0,27.0,248.0,,-728.0,-97.0,351.0,-175.0,576.0
254.0,89.0,166.0,-24.0,,-436.0,-14.0,317.0,64.0,582.0
300.0,813.0,106.0,-205.0,,-412.0,-26.0,541.0,-351.0,648.0
327.0,402.0,98.0,-150.0,,-607.0,-38.0,607.0,-114.0,568.0
298.0,-1176.0,118.0,-98.0,,-427.0,-21.0,659.0,-343.0,536.0
284.0,316.0,0.0,-76.0,,-189.0,46.0,702.0,-353.0,581.0
306.0,-217.0,102.0,73.0,,-383.0,112.0,546.0,-120.0,487.0
304.0,-699.0,6.0,254.0,,-442.0,181.0,541.0,-544.0,407.0
253.0,-1472.0,95.0,257.0,,-38.0,241.0,369.0,-845.0,487.0
224.0,-329.0,72.0,176.0,,-165.0,213.0,325.0,-486.0,566.0
162.0,1274.0,96.0,297.0,,-495.0,154.0,230.0,274.0,513.0
55.0,-693.0,49.0,482.0,,-138.0,63.0,219.0,458.0,521.0
-20.0,327.0,68.0,518.0,,37.0,-51.0,332.0,24.0,685.0
-183.0,1138.0,171.0,444.0,,-358.0,-233.0,258.0,-3.0,794.0
-310.0,1097.0,133.0,342.0,,-431.0,-497.0,391.0,483.0,792.0
-415.0,394.0,194.0,235.0,,-151.0,-736.0,415.0,819.0,754.0
-469.0,707.0,208.0,54.0,,-216.0,-913.0,554.0,612.0,748.0
-521.0,1097.0,188.0,-15.0,,-388.0,-981.0,659.0,163.0,737.0
-630.0,193.0,243.0,-76.0,,-340.0,-965.0,591.0,-189.0,681.0
-652.0,1017.0,283.0,-196.0,,-365.0,-902.0,657.0,-206.0,676.0
-597.0,775.0,297.0,-214.0,,-552.0,-804.0,563.0,283.0,656.0
-568.0,1157.0,329.0,-248.0,,-431.0,-675.0,556.0,343.0,546.0
-605.0,-248.0,335.0,-181.0,,-150.0,-529.0,436.0,-195.0,337.0
-537.0,-1138.0,373.0,-15.0,,-364.0,-344.0,369.0,-592.0,202.0
-507.0,267.0,277.0,171.0,,-549.0,-158.0,336.0,-48.0,202.0
-468.0,-178.0,371.0,255.0,,-260.0,-63.0,164.0,724.0,28.0
-430.0,-1092.0,290.0,155.0,,-157.0,45.0,208.0,273.0,-150.0
-436.0,-1324.0,228.0,-97.0,,-456.0,73.0,105.0,-430.0,-66.0
-426.0,-805.0,371.0,-366.0,,-537.0,17.0,182.0,-398.0,-17.0
-386.0,-1542.0,259.0,-409.0,,-292.0,27.0,327.0,20.0,-67.0
-347.0,-1484.0,281.0,-382.0,,-210.0,39.0,400.0,-192.0,-13.0
-367.0,-714.0,327.0,-292.0,,-331.0,57.0,537.0,-363.0,118.0
-302.0,248.0,340.0,-143.0,,-406.0,49.0,460.0,-576.0,235.0
-274.0,392.0,317.0,33.0,,-464.0,54.0,569.0,-1151.0,248.0
-223.0,294.0,341.0,200.0,,-636.0,41.0,582.0,-496.0,282.0
-231.0,1519.0,298.0,284.0,,-701.0,-61.0,655.0,83.0,396.0
-225.0,-278.0,254.0,401.0,,-617.0,-190.0,724.0,-268.0,375.0
-165.0,-1050.0,248.0,509.0,,-842.0,-335.0,622.0,-417.0,296.0
-154.0,241.0,234.0,540.0,,-989.0,-411.0,742.0,-184.0,320.0
-103.0,1249.0,201.0,469.0,,-867.0,-414.0,672.0,-116.0,353.0
-110.0,1530.0,171.0,360.0,,-1005.0,-325.0,726.0,121.0,286.0
-45.0,237.0,184.0,314.0,,-1011.0,-232.0,794.0,332.0,305.0
-3.0,357.0,116.0,307.0,,-666.0,-222.0,820.0,-219.0,419.0
6.0,625.0,214.0,272.0,,-443.0,-180.0,770.0,-221.0,378.0
15.0,362.0,184.0,197.0,,-675.0,-131.0,428.0,46.0,326.0
55.0,320.0,225.0,91.0,,-550.0,-74.0,264.0,69.0,371.0
95.0,433.0,273.0,68.0,,-88.0,-40.0,-51.0,326.0,418.0
86.0,585.0,206.0,-48.0,,-362.0,-101.0,-221.0,-176.0,312.0
137.0,542.0,296.0,-260.0,,-722.0,-216.0,-290.0,-943.0,177.0
172.0,621.0,192.0,-329.0,,-619.0,-416.0,-273.0,-529.0,284.0
178.0,447.0,104.0,-382.0,,-260.0,-585.0,55.0,106.0,311.0
134.0,-110.0,91.0,-401.0,,-285.0,-604.0,216.0,-68.0,216.0
145.0,-353.0,-44.0,-318.0,,-373.0,-626.0,515.0,-315.0,242.0
149.0,-40.0,-140.0,-219.0,,-39.0,-660.0,624.0,-252.0,278.0
125.0,-504.0,-174.0,-176.0,,-24.0,-623.0,674.0,252.0,293.0
144.0,-760.0,-164.0,-76.0,,-47.0,-477.0,809.0,366.0,268.0
211.0,-1110.0,-208.0,48.0,,100.0,-216.0,809.0,-161.0,244.0
247.0,-1330.0,-160.0,200.0,,77.0,59.0,940.0,-493.0,190.0
209.0,-548.0,-119.0,256.0,,-152.0,282.0,896.0,-752.0,139.0
183.0,-444.0,-88.0,207.0,,-87.0,377.0,877.0,-557.0,173.0
116.0,-266.0,116.0,241.0,,122.0,378.0,709.0,-184.0,152.0
110.0,514.0,35.0,266.0,,-185.0,325.0,532.0,18.0,192.0
104.0,758.0,123.0,384.0,,-448.0,204.0,537.0,-175.0,257.0
103.0,435.0,178.0,453.0,,-196.0,31.0,375.0,-280.0,317.0
128.0,940.0,80.0,488.0,,-55.0,-136.0,358.0,-121.0,500.0
168.0,852.0,185.0,504.0,,-247.0,-230.0,227.0,45.0,631.0
222.0,296.0,176.0,295.0,,-8.0,-277.0,158.0,121.0,678.0
193.0,577.0,161.0,-22.0,,281.0,-255.0,173.0,-742.0,728.0
185.0,890.0,193.0,-266.0,,0.0,-152.0,171.0,-563.0,811.0
177.0,208.0,171.0,-378.0,,-215.0,-20.0,402.0,57.0,853.0
181.0,-1794.0,118.0,-435.0,,-117.0,77.0,399.0,23.0,819.0
155.0,-1788.0,292.0,-432.0,,-177.0,195.0,358.0,-278.0,808.0
162.0,-1155.0,154.0,-387.0,,-318.0,370.0,155.0,-848.0,795.0
243.0,-1344.0,224.0,-325.0,,-73.0,501.0,-73.0,-564.0,794.0
295.0,-565.0,240.0,-248.0,,114.0,498.0,-142.0,-371.0,786.0
335.0,225.0,62.0,-119.0,,-158.0,367.0,-271.0,47.0,737.0
353.0,414.0,254.0,0.0,,-189.0,235.0,-105.0,-346.0,713.0
409.0,-11.0,88.0,-17.0,,137.0,125.0,11.0,-1080.0,669.0
455.0,-437.0,36.0,-43.0,,81.0,10.0,157.0,-853.0,662.0
436.0,-172.0,91.0,-79.0,,-104.0,-59.0,234.0,-503.0,668.0
393.0,702.0,143.0,-206.0,,97.0,-107.0,205.0,-56.0,623.0
422.0,836.0,131.0,-325.0,,347.0,-172.0,256.0,-423.0,560.0
428.0,1349.0,106.0,-341.0,,187.0,-168.0,142.0,-435.0,469.0
359.0,1840.0,200.0,-206.0,,71.0,-112.0,223.0,-441.0,413.0
321.0,347.0,213.0,-89.0,,335.0,-18.0,212.0,20.0,355.0
276.0,-527.0,230.0,19.0,,290.0,172.0,279.0,685.0,287.0
241.0,-106.0,278.0,312.0,,187.0,350.0,436.0,30.0,174.0
224.0,208.0,319.0,477.0,,365.0,464.0,471.0,81.0,20.0
200.0,-248.0,307.0,540.0,,366.0,478.0,683.0,575.0,-64.0
146.0,-155.0,354.0,639.0,,197.0,417.0,657.0,952.0,-103.0
153.0,685.0,318.0,543.0,,173.0,354.0,674.0,821.0,-158.0
188.0,-253.0,274.0,421.0,,219.0,271.0,609.0,258.0,-217.0
170.0,-552.0,264.0,231.0,,19.0,272.0,447.0,60.0,-176.0
181.0,-338.0,247.0,-26.0,,73.0,397.0,375.0,70.0,-115.0
185.0,-530.0,189.0,-155.0,,400.0,520.0,186.0,84.0,-81.0
165.0,802.0,217.0,-229.0,,501.0,542.0,254.0,-129.0,-4.0
117.0,1038.0,233.0,-214.0,,452.0,529.0,282.0,-204.0,-1.0
107.0,1451.0,183.0,-221.0,,374.0,491.0,380.0,-168.0,-3.0
92.0,1404.0,266.0,-162.0,,448.0,371.0,436.0,275.0,87.0
68.0,514.0,231.0,-4.0,,219.0,306.0,304.0,397.0,83.0
71.0,526.0,230.0,18.0,,-272.0,261.0,310.0,-415.0,-21.0
59.0,437.0,235.0,13.0,,-528.0,182.0,162.0,-881.0,-105.0
40.0,1248.0,198.0,110.0,,-640.0,127.0,138.0,-473.0,-158.0
-8.0,329.0,276.0,170.0,,-369.0,141.0,79.0,111.0,-169.0
-22.0,-369.0,194.0,47.0,,51.0,311.0,9.0,369.0,-156.0
-34.0,-120.0,251.0,-128.0,,172.0,474.0,-46.0,57.0,-129.0
-76.0,-225.0,279.0,-281.0,,381.0,550.0,-304.0,-148.0,-132.0
-120.0,71.0,121.0,-368.0,,524.0,511.0,-378.0,202.0,-157.0
-120.0,-422.0,264.0,-334.0,,206.0,323.0,-556.0,125.0,-109.0
-65.0,-72.0,232.0,-272.0,,-34.0,177.0,-668.0,328.0,-129.0
-35.0,-440.0,188.0,-280.0,,108.0,34.0,-687.0,152.0,-239.0
-48.0,-836.0,317.0,-239.0,,130.0,-72.0,-633.0,-414.0,-188.0
-81.0,-103.0,299.0,-8.0,,27.0,-49.0,-448.0,-284.0,-118.0
-80.0,-324.0,265.0,130.0,,202.0,-10.0,-395.0,-193.0,-180.0
-61.0,-470.0,299.0,109.0,,279.0,79.0,-164.0,-2.0,-217.0
-65.0,539.0,296.0,75.0,,235.0,136.0,-59.0,0.0,-187.0
-68.0,674.0,135.0,52.0,,125.0,138.0,83.0,-195.0,-137.0
-25.0,333.0,138.0,65.0,,445.0,135.0,195.0,-498.0,-117.0
3.0,692.0,114.0,-79.0,,701.0,183.0,79.0,-302.0,-149.0
31.0,566.0,63.0,-331.0,,555.0,330.0,96.0,-322.0,-131.0
59.0,135.0,108.0,-485.0,,628.0,423.0,-134.0,-443.0,-71.0
35.0,110.0,134.0,-512.0,,25.0,504.0,-266.0,-335.0,-219.0
53.0,1127.0,180.0,-404.0,,-172.0,543.0,-341.0,-790.0,-393.0
101.0,738.0,192.0,-241.0,,431.0,522.0,-437.0,-527.0,-410.0
118.0,168.0,164.0,-39.0,,776.0,463.0,-436.0,-446.0,-560.0
144.0,820.0,82.0,131.0,,147.0,339.0,-569.0,-262.0,-702.0
225.0,-6.0,147.0,214.0,,223.0,222.0,-456.0,102.0,-718.0
288.0,-987.0,58.0,279.0,,1579.0,146.0,-465.0,220.0,-759.0
319.0,-532.0,68.0,280.0,,1980.0,140.0,-410.0,470.0,-840.0
356.0,-705.0,121.0,211.0,,1253.0,74.0,-236.0,-112.0,-887.0
379.0,-527.0,13.0,99.0,,-340.0,18.0,-199.0,-144.0,-826.0
368.0,463.0,105.0,-20.0,,-612.0,50.0,0.0,220.0,-794.0
331.0,66.0,7.0,-62.0,,477.0,82.0,-25.0,-70.0,-817.0
301.0,359.0,37.0,-217.0,,1531.0,150.0,-33.0,-250.0,-787.0
266.0,-444.0,105.0,-372.0,,1007.0,169.0,-140.0,-353.0,-702.0
241.0,-1282.0,84.0,-335.0,,-350.0,222.0,-243.0,-125.0,-679.0
212.0,-556.0,40.0,-274.0,,19.0,299.0,-175.0,410.0,-670.0
163.0,201.0,11.0,-169.0,,1381.0,323.0,-310.0,423.0,-555.0
91.0,460.0,58.0,-155.0,,1428.0,393.0,-321.0,207.0,-537.0
48.0,3.0,-66.0,-251.0,,-576.0,470.0,-478.0,-44.0,-520.0
-6.0,662.0,74.0,-290.0,,-542.0,477.0,-487.0,103.0,-330.0
-75.0,617.0,18.0,-303.0,,1164.0,391.0,-334.0,351.0,-195.0
-71.0,159.0,44.0,-362.0,,1945.0,292.0,-188.0,-2.0,-165.0
-108.0,61.0,42.0,-399.0,,840.0,145.0,75.0,-179.0,-71.0
-152.0,494.0,-41.0,-278.0,,-1026.0,-42.0,73.0,-419.0,82.0
-123.0,-149.0,88.0,-176.0,,-1065.0,-199.0,164.0,-181.0,79.0
-108.0,93.0,-62.0,-171.0,,565.0,-338.0,96.0,-37.0,-32.0
-148.0,914.0,55.0,-227.0,,2349.0,-392.0,75.0,-266.0,-15.0
-197.0,172.0,-14.0,-329.0,,621.0,-372.0,110.0,-78.0,-7.0
-221.0,379.0,48.0,-407.0,,-1922.0,-241.0,-44.0,-86.0,-136.0
-180.0,-450.0,138.0,-467.0,,-303.0,-92.0,-14.0,-55.0,-237.0
-133.0,565.0,79.0,-449.0,,3000.0,32.0,-275.0,-331.0,-230.0
-137.0,550.0,113.0,-470.0,,2589.0,151.0,-509.0,-432.0,-265.0
-111.0,-808.0,28.0,-619.0,,-707.0,183.0,-835.0,-250.0,-334.0
-21.0,-214.0,8.0,-756.0,,-1001.0,220.0,-1154.0,-104.0,-188.0
57.0,5.0,-107.0,-809.0,,2601.0,206.0,-1141.0,-90.0,-55.0
49.0,-636.0,-82.0,-796.0,,4106.0,72.0,-1193.0,-132.0,-176.0
51.0,-1565.0,-91.0,-785.0,,562.0,-133.0,-901.0,140.0,-192.0
71.0,-98.0,-48.0,-743.0,,-1752.0,-312.0,-641.0,420.0,-9.0
69.0,-64.0,-148.0,-602.0,,412.0,-410.0,-388.0,323.0,-48.0
18.0,-522.0,-8.0,-407.0,,3540.0,-446.0,-216.0,25.0,-246.0
-2.0,-312.0,-5.0,-305.0,,2532.0,-370.0,-354.0,304.0,-199.0
68.0,-339.0,-88.0,-292.0,,-1143.0,-288.0,-465.0,-23.0,-148.0
99.0,179.0,183.0,-221.0,,-184.0,-265.0,-757.0,41.0,-299.0
154.0,104.0,99.0,-69.0,,3601.0,-258.0,-689.0,208.0,-374.0
163.0,1024.0,229.0,74.0,,2932.0,-241.0,-532.0,-40.0,-376.0
127.0,1198.0,394.0,69.0,,-962.0,-144.0,-419.0,125.0,-529.0
142.0,1286.0,407.0,34.0,,-922.0,13.0,-251.0,-291.0,-669.0
156.0,351.0,479.0,6.0,,2767.0,152.0,-299.0,148.0,-652.0
160.0,-278.0,520.0,-120.0,,3438.0,217.0,-145.0,156.0,-673.0
180.0,470.0,404.0,-339.0,,-264.0,253.0,-120.0,-299.0,-804.0
286.0,-468.0,412.0,-584.0,,-1456.0,282.0,-7.0,-448.0,-936.0
365.0,32.0,480.0,-760.0,,2176.0,288.0,-9.0,-768.0,-869.0
424.0,513.0,378.0,-969.0,,3852.0,319.0,-247.0,-435.0,-755.0
490.0,433.0,368.0,-1062.0,,1473.0,291.0,-375.0,-494.0,-749.0
573.0,402.0,381.0,-986.0,,-1218.0,230.0,-615.0,-525.0,-609.0
667.0,-608.0,402.0,-888.0,,-502.0,222.0,-604.0,-151.0,-438.0
704.0,-28.0,380.0,-709.0,,2568.0,184.0,-593.0,212.0,-288.0
710.0,463.0,305.0,-480.0,,2856.0,81.0,-543.0,207.0,-97.0
670.0,-303.0,250.0,-311.0,,-16.0,-21.0,-437.0,50.0,55.0
685.0,397.0,220.0,-324.0,,-1391.0,-138.0,-450.0,-85.0,127.0
626.0,1010.0,99.0,-297.0,,1213.0,-283.0,-376.0,-377.0,161.0
532.0,-105.0,51.0,-197.0,,3183.0,-373.0,-487.0,-203.0,291.0
508.0,-193.0,20.0,-303.0,,1049.0,-411.0,-589.0,54.0,263.0
439.0,-252.0,-64.0,-543.0,,-1243.0,-329.0,-735.0,184.0,103.0
368.0,-681.0,-121.0,-722.0,,294.0,-150.0,-794.0,115.0,-16.0
308.0,-726.0,-93.0,-799.0,,2742.0,9.0,-724.0,111.0,-19.0
262.0,-444.0,-146.0,-723.0,,1571.0,133.0,-716.0,183.0,-11.0
154.0,-643.0,-193.0,-478.0,,-705.0,135.0,-465.0,-145.0,-215.0
72.0,-891.0,-22.0,-336.0,,-1047.0,8.0,-345.0,172.0,-214.0
-28.0,179.0,-89.0,-344.0,,576.0,-127.0,-291.0,466.0,-78.0
-154.0,-680.0,0.0,-301.0,,2397.0,-236.0,-308.0,-91.0,-76.0
-228.0,-630.0,218.0,-131.0,,1323.0,-361.0,-480.0,-65.0,-80.0
-303.0,312.0,148.0,101.0,,-1083.0,-487.0,-487.0,32.0,29.0
-346.0,54.0,232.0,256.0,,-281.0,-576.0,-589.0,-121.0,123.0
-429.0,-56.0,270.0,417.0,,2828.0,-585.0,-552.0,-68.0,105.0
-427.0,-24.0,260.0,615.0,,1911.0,-560.0,-591.0,-232.0,166.0
-400.0,879.0,301.0,750.0,,-1995.0,-497.0,-716.0,-239.0,149.0
-364.0,202.0,230.0,753.0,,-1206.0,-402.0,-705.0,-186.0,-20.0
-283.0,112.0,258.0,547.0,,2265.0,-379.0,-770.0,-448.0,-153.0
-228.0,1080.0,244.0,269.0,,1218.0,-324.0,-620.0,-785.0,-100.0
-182.0,1016.0,312.0,55.0,,-1268.0,-222.0,-521.0,-604.0,-91.0
-176.0,589.0,311.0,-152.0,,351.0,-244.0,-339.0,-443.0,-279.0
-119.0,284.0,274.0,-387.0,,2070.0,-303.0,-197.0,-161.0,-355.0
-64.0,-24.0,350.0,-537.0,,728.0,-277.0,-194.0,414.0,-244.0
-20.0,-1202.0,210.0,-648.0,,-120.0,-289.0,-151.0,115.0,-139.0
51.0,-664.0,209.0,-709.0,,182.0,-324.0,-339.0,450.0,-196.0
124.0,-329.0,216.0,-664.0,,-486.0,-357.0,-323.0,892.0,-227.0
171.0,-1150.0,157.0,-657.0,,-307.0,-352.0,-373.0,552.0,-117.0
163.0,-367.0,179.0,-606.0,,1692.0,-282.0,-400.0,548.0,-55.0
146.0,-210.0,170.0,-502.0,,1386.0,-299.0,-393.0,135.0,-87.0
175.0,-772.0,225.0,-347.0,,-1164.0,-318.0,-473.0,85.0,-173.0
238.0,-1055.0,255.0,-130.0,,-619.0,-319.0,-275.0,33.0,-306.0
227.0,-615.0,329.0,114.0,,1965.0,-381.0,-197.0,-485.0,-362.0
211.0,7.0,297.0,209.0,,1205.0,-454.0,25.0,-103.0,-223.0
236.0,861.0,277.0,10.0,,-1569.0,-515.0,188.0,-242.0,-141.0
256.0,1852.0,346.0,-120.0,,-1686.0,-615.0,262.0,-690.0,-146.0
242.0,613.0,290.0,-145.0,,1198.0,-719.0,269.0,-192.0,-35.0
154.0,469.0,373.0,-187.0,,2573.0,-747.0,-31.0,-126.0,123.0
88.0,846.0,339.0,-182.0,,-711.0,-736.0,-110.0,-298.0,242.0
60.0,516.0,280.0,-209.0,,-2670.0,-655.0,-256.0,-367.0,226.0
19.0,1206.0,373.0,-152.0,,1020.0,-543.0,-308.0,9.0,126.0
-9.0,546.0,245.0,-114.0,,3335.0,-442.0,-343.0,376.0,30.0
-46.0,-533.0,160.0,-95.0,,-407.0,-353.0,-437.0,-40.0,82.0
-76.0,-843.0,174.0,31.0,,-3074.0,-286.0,-393.0,-47.0,118.0
-101.0,-872.0,36.0,-51.0,,1016.0,-168.0,-535.0,-140.0,-10.0
-86.0,-1346.0,-57.0,-259.0,,3885.0,-39.0,-465.0,50.0,76.0
-115.0,-1386.0,11.0,-401.0,,-202.0,26.0,-493.0,417.0,212.0
-153.0,-1019.0,3.0,-509.0,,-2950.0,49.0,-476.0,29.0,114.0
-94.0,-529.0,7.0,-619.0,,359.0,26.0,-327.0,-322.0,63.0
-98.0,-537.0,44.0,-622.0,,2739.0,-80.0,-315.0,-82.0,99.0
-129.0,-889.0,31.0,-485.0,,704.0,-165.0,-18.0,491.0,37.0
-113.0,413.0,27.0,-487.0,,-1202.0,-202.0,160.0,722.0,-32.0
-74.0,221.0,-15.0,-501.0,,-648.0,-278.0,323.0,780.0,-54.0
-70.0,383.0,-6.0,-420.0,,207.0,-364.0,389.0,398.0,-14.0
-45.0,1027.0,-58.0,-361.0,,62.0,-469.0,325.0,264.0,-73.0
-14.0,303.0,-59.0,-324.0,,231.0,-580.0,312.0,544.0,-183.0
-27.0,-77.0,0.0,-229.0,,142.0,-670.0,99.0,261.0,-51.0
-4.0,-744.0,0.0,-69.0,,-834.0,-728.0,-42.0,-282.0,35.0
0.0,32.0,37.0,-56.0,,-29.0,-735.0,-334.0,-448.0,-47.0
-23.0,-467.0,106.0,-82.0,,1606.0,-691.0,-443.0,-364.0,-63.0
-39.0,-1575.0,116.0,-34.0,,249.0,-666.0,-404.0,-114.0,52.0
15.0,-1364.0,88.0,24.0,,-1583.0,-643.0,-434.0,259.0,80.0
49.0,-240.0,197.0,85.0,,427.0,-529.0,-236.0,-128.0,84.0
39.0,1167.0,245.0,238.0,,2048.0,-403.0,-160.0,-169.0,209.0
-31.0,-358.0,300.0,384.0,,-344.0,-211.0,92.0,345.0,273.0
-106.0,-279.0,374.0,333.0,,-1499.0,31.0,251.0,554.0,333.0
-95.0,304.0,445.0,242.0,,444.0,224.0,290.0,124.0,367.0
-107.0,323.0,386.0,71.0,,1058.0,375.0,471.0,10.0,384.0
-164.0,535.0,392.0,45.0,,-361.0,484.0,471.0,100.0,329.0
-226.0,-302.0,467.0,165.0,,-331.0,590.0,582.0,-266.0,213.0
-140.0,846.0,333.0,148.0,,705.0,618.0,545.0,252.0,162.0
-47.0,195.0,375.0,117.0,,-298.0,617.0,519.0,131.0,19.0
-41.0,-519.0,356.0,76.0,,-1177.0,649.0,519.0,19.0,-104.0
-39.0,603.0,333.0,-32.0,,203.0,601.0,419.0,-185.0,-204.0
17.0,550.0,337.0,-218.0,,1108.0,408.0,450.0,-484.0,-328.0
108.0,354.0,293.0,-303.0,,-327.0,210.0,312.0,40.0,-382.0
93.0,878.0,214.0,-207.0,,-1228.0,102.0,325.0,14.0,-483.0
68.0,1292.0,201.0,-55.0,,325.0,-44.0,238.0,134.0,-559.0
52.0,133.0,200.0,17.0,,816.0,-160.0,131.0,-171.0,-568.0
51.0,-839.0,170.0,37.0,,-913.0,-233.0,160.0,-49.0,-593.0
29.0,-520.0,99.0,137.0,,-1150.0,-321.0,20.0,651.0,-664.0
-17.0,-182.0,30.0,254.0,,751.0,-374.0,-5.0,720.0,-791.0
-38.0,-493.0,1.0,219.0,,669.0,-395.0,-179.0,214.0,-803.0
-34.0,474.0,-34.0,107.0,,-1380.0,-279.0,-153.0,174.0,-710.0
0.0,342.0,35.0,3.0,,-1049.0,-102.0,-66.0,716.0,-708.0
-2.0,-761.0,-186.0,-96.0,,900.0,17.0,-77.0,865.0,-612.0
-38.0,-538.0,-46.0,-148.0,,850.0,162.0,70.0,996.0,-552.0
-75.0,-700.0,-5.0,-118.0,,-840.0,275.0,62.0,526.0,-582.0
-98.0,-353.0,-71.0,-10.0,,-1047.0,340.0,238.0,607.0,-358.0
-76.0,88.0,-16.0,-46.0,,497.0,444.0,271.0,978.0,-253.0
-86.0,258.0,52.0,-183.0,,883.0,626.0,240.0,856.0,-426.0
-114.0,-672.0,125.0,-230.0,,-529.0,859.0,260.0,693.0,-509.0
-77.0,-597.0,-64.0,-219.0,,-1446.0,973.0,205.0,425.0,-396.0
-32.0,-718.0,134.0,-257.0,,-43.0,1005.0,282.0,503.0,-401.0
-11.0,-1478.0,-26.0,-248.0,,1474.0,1008.0,134.0,530.0,-424.0
-68.0,-913.0,-47.0,-165.0,,-187.0,900.0,129.0,584.0,-205.0
-103.0,-1088.0,-35.0,-99.0,,-2214.0,735.0,103.0,504.0,-231.0
-71.0,-511.0,-171.0,35.0,,-928.0,606.0,36.0,369.0,-329.0
-38.0,505.0,-101.0,107.0,,1296.0,549.0,16.0,235.0,-101.0
-65.0,755.0,-243.0,-27.0,,630.0,503.0,-147.0,364.0,8.0
-139.0,-264.0,-188.0,-319.0,,-1510.0,516.0,-25.0,663.0,-148.0
-115.0,1016.0,-255.0,-539.0,,-1158.0,597.0,27.0,318.0,-161.0
-93.0,1086.0,-316.0,-521.0,,653.0,610.0,92.0,-220.0,-49.0
-109.0,-825.0,-255.0,-351.0,,356.0,615.0,97.0,-134.0,0.0
-154.0,814.0,-308.0,-179.0,,-1592.0,638.0,121.0,310.0,-27.0
-173.0,1263.0,-290.0,-9.0,,-1478.0,628.0,358.0,294.0,-205.0
-175.0,467.0,-265.0,129.0,,295.0,583.0,373.0,179.0,-291.0
-174.0,-264.0,-289.0,213.0,,530.0,542.0,419.0,-20.0,-394.0
-179.0,540.0,-195.0,184.0,,-212.0,626.0,264.0,-53.0,-673.0
-266.0,730.0,-193.0,28.0,,-682.0,746.0,162.0,136.0,-768.0
-316.0,-440.0,-245.0,-152.0,,-1078.0,791.0,157.0,95.0,-787.0
-366.0,48.0,-122.0,-397.0,,-776.0,832.0,-38.0,144.0,-883.0
-428.0,263.0,-71.0,-487.0,,288.0,874.0,-77.0,-5.0,-842.0
-483.0,27.0,-94.0,-467.0,,10.0,867.0,-258.0,-208.0,-667.0
-498.0,-557.0,-41.0,-428.0,,-1396.0,821.0,-314.0,-10.0,-534.0
-493.0,82.0,6.0,-297.0,,-1220.0,719.0,-421.0,338.0,-452.0
-453.0,-191.0,73.0,-126.0,,474.0,542.0,-594.0,273.0,-309.0
-463.0,-1376.0,103.0,-88.0,,550.0,492.0,-493.0,-137.0,-135.0
-533.0,-121.0,182.0,-211.0,,-1335.0,505.0,-426.0,-60.0,19.0
-510.0,1756.0,213.0,-126.0,,-1567.0,407.0,-173.0,536.0,101.0
-473.0,1199.0,184.0,103.0,,-4.0,300.0,-83.0,639.0,206.0
-440.0,-367.0,215.0,347.0,,548.0,176.0,12.0,295.0,270.0
-432.0,835.0,199.0,451.0,,-779.0,126.0,151.0,26.0,162.0
-380.0,2068.0,199.0,343.0,,-1545.0,121.0,127.0,-80.0,251.0
-330.0,578.0,139.0,287.0,,-379.0,130.0,210.0,207.0,305.0
-265.0,-1230.0,183.0,249.0,,-150.0,275.0,49.0,222.0,78.0
-224.0,-822.0,61.0,48.0,,-1135.0,385.0,-11.0,134.0,-12.0
-262.0,-678.0,21.0,-213.0,,-845.0,391.0,-121.0,230.0,-60.0
-228.0,-1907.0,54.0,-203.0,,91.0,428.0,-208.0,562.0,-209.0
-175.0,-1582.0,-42.0,-40.0,,-593.0,447.0,-73.0,875.0,-310.0
-177.0,-1191.0,-80.0,24.0,,-1345.0,385.0,-38.0,677.0,-337.0
-246.0,-774.0,-188.0,35.0,,-195.0,357.0,166.0,313.0,-463.0
-212.0,-124.0,-90.0,-17.0,,457.0,417.0,206.0,-132.0,-613.0
-154.0,-487.0,-189.0,25.0,,-553.0,476.0,347.0,61.0,-567.0
-172.0,-61.0,-120.0,94.0,,-1037.0,455.0,432.0,69.0,-483.0
-204.0,-311.0,-50.0,114.0,,-259.0,488.0,238.0,-621.0,-434.0
-229.0,-800.0,-60.0,195.0,,-2.0,659.0,116.0,-816.0,-415.0
-185.0,282.0,134.0,117.0,,-751.0,793.0,-188.0,-640.0,-400.0
-107.0,401.0,13.0,44.0,,-1049.0,847.0,-288.0,-554.0,-184.0
-85.0,-188.0,114.0,106.0,,-723.0,887.0,-423.0,-194.0,95.0
-112.0,-357.0,86.0,170.0,,-719.0,952.0,-546.0,105.0,174.0
-57.0,322.0,43.0,343.0,,-909.0,1014.0,-511.0,178.0,208.0
6.0,792.0,99.0,515.0,,-800.0,1000.0,-454.0,417.0,272.0
0.0,124.0,-14.0,563.0,,-644.0,1017.0,-121.0,358.0,329.0
-55.0,766.0,55.0,546.0,,-805.0,1061.0,5.0,524.0,348.0
-94.0,1023.0,-61.0,453.0,,-767.0,1003.0,136.0,452.0,226.0
-65.0,975.0,-107.0,461.0,,-74.0,861.0,136.0,41.0,58.0
-52.0,1257.0,-47.0,627.0,,-43.0,663.0,90.0,-465.0,-53.0
-111.0,7.0,-201.0,719.0,,-1037.0,461.0,205.0,-479.0,8.0
-132.0,1.0,-178.0,743.0,,-1151.0,271.0,20.0,179.0,214.0
-111.0,387.0,-65.0,661.0,,-127.0,111.0,-94.0,302.0,349.0
-114.0,1156.0,-182.0,440.0,,117.0,33.0,-334.0,447.0,331.0
-164.0,1051.0,-181.0,202.0,,-922.0,44.0,-474.0,-31.0,364.0
-288.0,-96.0,-102.0,96.0,,-1407.0,68.0,-465.0,-32.0,491.0
-399.0,430.0,-94.0,117.0,,-383.0,76.0,-434.0,316.0,585.0
-452.0,-62.0,-149.0,111.0,,354.0,132.0,-112.0,20.0,616.0
-451.0,-108.0,-115.0,89.0,,-246.0,220.0,5.0,-145.0,327.0
-503.0,-251.0,-60.0,242.0,,-870.0,309.0,127.0,-772.0,113.0
-536.0,-235.0,-118.0,484.0,,-635.0,358.0,149.0,-657.0,225.0
-494.0,-59.0,-39.0,572.0,,-7.0,418.0,182.0,-257.0,166.0
-462.0,-527.0,0.0,618.0,,274.0,521.0,267.0,-464.0,7.0
-413.0,181.0,49.0,778.0,,-87.0,573.0,109.0,-795.0,0.0
-364.0,-501.0,98.0,973.0,,-822.0,612.0,114.0,-691.0,24.0
-306.0,-880.0,159.0,963.0,,-930.0,638.0,-20.0,-384.0,-6.0
-179.0,13.0,128.0,747.0,,-179.0,493.0,-81.0,-333.0,97.0
-16.0,839.0,116.0,468.0,,182.0,305.0,-168.0,-117.0,250.0
57.0,579.0,151.0,250.0,,-574.0,178.0,-371.0,-154.0,180.0
89.0,-199.0,58.0,203.0,,-1331.0,1.0,-332.0,116.0,110.0
164.0,53.0,34.0,95.0,,-666.0,-126.0,-304.0,513.0,307.0
232.0,25.0,112.0,-203.0,,341.0,-217.0,-59.0,770.0,465.0
260.0,61.0,80.0,-320.0,,-173.0,-224.0,116.0,698.0,275.0
256.0,-346.0,31.0,-211.0,,-1368.0,-219.0,341.0,571.0,102.0
265.0,-832.0,140.0,-131.0,,-1133.0,-273.0,439.0,759.0,117.0
355.0,-413.0,38.0,0.0,,-187.0,-213.0,177.0,827.0,2.0
439.0,332.0,39.0,58.0,,-251.0,-169.0,24.0,1195.0,-188.0
429.0,151.0,118.0,-21.0,,-736.0,-160.0,-347.0,874.0,-265.0
388.0,-453.0,-1.0,89.0,,-842.0,-175.0,-537.0,373.0,-392.0
371.0,-217.0,22.0,247.0,,-592.0,-188.0,-678.0,145.0,-574.0
363.0,223.0,24.0,226.0,,-266.0,-79.0,-781.0,-73.0,-587.0
295.0,644.0,-48.0,230.0,,-99.0,58.0,-648.0,-80.0,-482.0
258.0,1000.0,44.0,162.0,,-290.0,129.0,-626.0,-187.0,-458.0
261.0,1468.0,29.0,86.0,,-484.0,164.0,-421.0,-214.0,-476.0
267.0,1403.0,3.0,78.0,,-107.0,211.0,-288.0,-393.0,-369.0
223.0,1005.0,35.0,-75.0,,124.0,233.0,-7.0,-129.0,-210.0
101.0,136.0,73.0,-303.0,,-134.0,197.0,210.0,37.0,-122.0
8.0,-95.0,5.0,-498.0,,-257.0,143.0,201.0,-285.0,-5.0
-24.0,-218.0,-39.0,-510.0,,-46.0,93.0,221.0,-547.0,169.0
-5.0,-224.0,11.0,-357.0,,85.0,-63.0,-59.0,-525.0,217.0
-45.0,496.0,-119.0,-204.0,,-133.0,-319.0,-247.0,-452.0,198.0
-81.0,-665.0,28.0,69.0,,-37.0,-548.0,-530.0,-362.0,312.0
-9.0,-574.0,-110.0,471.0,,356.0,-713.0,-744.0,160.0,447.0
109.0,-338.0,-116.0,841.0,,361.0,-830.0,-744.0,108.0,401.0
162.0,-1100.0,-9.0,1033.0,,269.0,-885.0,-796.0,80.0,325.0
135.0,-1191.0,-102.0,1058.0,,233.0,-814.0,-705.0,285.0,490.0
143.0,-860.0,-45.0,1041.0,,32.0,-679.0,-715.0,363.0,570.0
154.0,0.0,-204.0,903.0,,-119.0,-522.0,-508.0,464.0,463.0
107.0,599.0,-102.0,674.0,,232.0,-301.0,-290.0,-25.0,523.0
8.0,1658.0,-211.0,467.0,,740.0,-110.0,-164.0,-206.0,529.0
-75.0,447.0,-212.0,312.0,,642.0,-77.0,-40.0,160.0,409.0
-150.0,196.0,-214.0,152.0,,507.0,-52.0,-194.0,321.0,518.0
-178.0,682.0,-247.0,44.0,,688.0,-10.0,-138.0,386.0,656.0
-201.0,-110.0,-173.0,-114.0,,640.0,-133.0,-166.0,403.0,482.0
-293.0,950.0,-260.0,-315.0,,187.0,-344.0,-195.0,509.0,289.0
-329.0,640.0,-92.0,-238.0,,37.0,-554.0,-88.0,623.0,379.0
-320.0,941.0,-182.0,-50.0,,696.0,-829.0,-68.0,383.0,475.0
-322.0,454.0,-107.0,164.0,,832.0,-1110.0,22.0,237.0,401.0
-354.0,-300.0,-74.0,323.0,,75.0,-1270.0,-72.0,-43.0,390.0
-420.0,912.0,-46.0,449.0,,-83.0,-1411.0,-40.0,-83.0,436.0
-465.0,-1263.0,7.0,612.0,,430.0,-1475.0,-101.0,204.0,345.0
-436.0,-1402.0,-64.0,648.0,,423.0,-1404.0,-153.0,129.0,382.0
-413.0,335.0,63.0,705.0,,-106.0,-1338.0,-66.0,40.0,599.0
-396.0,-630.0,21.0,754.0,,-160.0,-1255.0,-147.0,-405.0,473.0
-347.0,-701.0,72.0,657.0,,522.0,-1149.0,-1.0,-591.0,252.0
-262.0,-965.0,99.0,539.0,,970.0,-982.0,-20.0,-169.0,303.0
-113.0,-1722.0,81.0,538.0,,561.0,-833.0,14.0,3.0,288.0
-6.0,-2218.0,22.0,550.0,,270.0,-727.0,75.0,-183.0,124.0
86.0,-1015.0,64.0,391.0,,468.0,-565.0,-20.0,-334.0,-6.0
176.0,26.0,-31.0,162.0,,658.0,-466.0,-1.0,-445.0,-56.0
287.0,-1027.0,6.0,-55.0,,617.0,-434.0,-151.0,-176.0,-145.0
333.0,22.0,116.0,-200.0,,452.0,-493.0,-147.0,-64.0,-93.0
298.0,1511.0,-8.0,-286.0,,458.0,-560.0,-219.0,-603.0,71.0
271.0,1775.0,109.0,-368.0,,321.0,-549.0,-254.0,-526.0,52.0
292.0,-88.0,-1.0,-278.0,,295.0,-656.0,-177.0,-415.0,41.0
377.0,-11.0,81.0,-31.0,,669.0,-790.0,-245.0,-44.0,173.0
316.0,1865.0,53.0,373.0,,598.0,-906.0,-131.0,223.0,313.0
263.0,598.0,-18.0,718.0,,106.0,-1054.0,-205.0,-56.0,271.0
284.0,1140.0,-6.0,770.0,,195.0,-1129.0,-295.0,60.0,189.0
300.0,329.0,-187.0,733.0,,826.0,-1213.0,-465.0,167.0,120.0
232.0,402.0,-144.0,709.0,,944.0,-1242.0,-639.0,367.0,-10.0
97.0,2518.0,-150.0,657.0,,119.0,-1122.0,-576.0,318.0,14.0
86.0,2010.0,-133.0,602.0,,-502.0,-963.0,-535.0,119.0,4.0
67.0,992.0,-132.0,524.0,,20.0,-840.0,-236.0,-237.0,-176.0
0.0,-1056.0,-74.0,440.0,,678.0,-760.0,-70.0,-176.0,-295.0
-61.0,319.0,-54.0,344.0,,499.0,-739.0,88.0,228.0,-331.0
-80.0,1452.0,-1.0,55.0,,-38.0,-805.0,168.0,23.0,-351.0
-43.0,-663.0,44.0,-197.0,,117.0,-930.0,64.0,-476.0,-441.0
20.0,-908.0,104.0,-272.0,,565.0,-1109.0,97.0,-921.0,-590.0
42.0,-293.0,156.0,-118.0,,329.0,-1318.0,-125.0,-806.0,-620.0
46.0,-601.0,75.0,190.0,,-41.0,-1444.0,-212.0,-438.0,-574.0
80.0,-683.0,187.0,327.0,,-119.0,-1470.0,-317.0,90.0,-516.0
100.0,-128.0,93.0,470.0,,126.0,-1502.0,-382.0,-169.0,-549.0
66.0,-725.0,9.0,557.0,,319.0,-1528.0,-232.0,-415.0,-576.0
14.0,-411.0,114.0,591.0,,244.0,-1442.0,-203.0,-20.0,-433.0
0.0,1075.0,-27.0,677.0,,257.0,-1274.0,-20.0,-2.0,-369.0
25.0,1475.0,-18.0,635.0,,153.0,-1118.0,-42.0,237.0,-295.0
96.0,518.0,-21.0,627.0,,108.0,-1008.0,-42.0,67.0,-145.0
99.0,-265.0,-128.0,693.0,,427.0,-921.0,-62.0,26.0,-101.0
83.0,-682.0,37.0,598.0,,674.0,-805.0,-138.0,425.0,-178.0
92.0,844.0,47.0,301.0,,440.0,-706.0,-16.0,571.0,-187.0
120.0,748.0,60.0,16.0,,165.0,-666.0,-92.0,665.0,-22.0
93.0,-1546.0,141.0,-152.0,,327.0,-588.0,11.0,625.0,-73.0
17.0,96.0,102.0,-228.0,,490.0,-434.0,35.0,415.0,-190.0
-36.0,-62.0,14.0,-254.0,,367.0,-263.0,59.0,856.0,-82.0
-47.0,-435.0,-8.0,-347.0,,287.0,-210.0,84.0,1383.0,-55.0
-20.0,214.0,-39.0,-409.0,,496.0,-316.0,-140.0,936.0,-113.0
-69.0,-386.0,-116.0,-367.0,,627.0,-392.0,-192.0,573.0,-142.0
-122.0,-1546.0,-51.0,-123.0,,247.0,-465.0,-360.0,-14.0,-184.0
-176.0,-1923.0,-83.0,305.0,,-58.0,-678.0,-354.0,-204.0,-229.0
-154.0,501.0,-43.0,594.0,,68.0,-941.0,-408.0,315.0,-347.0
-162.0,-684.0,50.0,695.0,,190.0,-1151.0,-545.0,604.0,-440.0
-211.0,-57.0,113.0,618.0,,217.0,-1258.0,-474.0,471.0,-313.0
-171.0,2103.0,174.0,435.0,,70.0,-1234.0,-504.0,-25.0,-318.0
-121.0,1037.0,310.0,362.0,,8.0,-1131.0,-343.0,233.0,-567.0
-83.0,1638.0,261.0,271.0,,393.0,-1008.0,-323.0,559.0,-615.0
-136.0,757.0,283.0,146.0,,510.0,-798.0,-238.0,486.0,-460.0
-211.0,-188.0,405.0,92.0,,79.0,-501.0,-168.0,148.0,-387.0
-237.0,960.0,178.0,-31.0,,-59.0,-254.0,-243.0,-209.0,-419.0
-223.0,1306.0,257.0,-139.0,,235.0,-59.0,-64.0,-25.0,-302.0
-231.0,277.0,223.0,-262.0,,344.0,39.0,-49.0,264.0,-166.0
-257.0,-1153.0,87.0,-380.0,,69.0,62.0,72.0,273.0,-108.0
-280.0,-1492.0,79.0,-377.0,,-49.0,47.0,107.0,-108.0,180.0
-193.0,-816.0,-9.0,-265.0,,278.0,-52.0,79.0,-295.0,427.0
-102.0,-1214.0,25.0,-134.0,,285.0,-98.0,22.0,-432.0,289.0
-112.0,-2559.0,-27.0,-138.0,,-196.0,-126.0,-286.0,-264.0,118.0
-106.0,-841.0,9.0,-115.0,,-33.0,-191.0,-358.0,0.0,250.0
-73.0,993.0,55.0,-40.0,,513.0,-170.0,-530.0,-225.0,385.0
22.0,333.0,13.0,70.0,,373.0,-143.0,-521.0,-321.0,183.0
29.0,796.0,85.0,162.0,,189.0,-105.0,-460.0,1.0,86.0
0.0,-175.0,120.0,310.0,,405.0,-4.0,-495.0,554.0,202.0
11.0,-1545.0,139.0,319.0,,490.0,40.0,-347.0,510.0,147.0
79.0,-350.0,145.0,132.0,,366.0,46.0,-325.0,318.0,114.0
112.0,550.0,229.0,211.0,,311.0,65.0,-11.0,243.0,241.0
64.0,-272.0,291.0,287.0,,264.0,81.0,273.0,295.0,181.0
63.0,-883.0,281.0,93.0,,296.0,129.0,484.0,722.0,-72.0
69.0,1237.0,344.0,-225.0,,402.0,139.0,567.0,656.0,-109.0
109.0,1017.0,357.0,-366.0,,473.0,68.0,382.0,401.0,-113.0
95.0,-92.0,315.0,-335.0,,631.0,43.0,378.0,148.0,-280.0
82.0,966.0,300.0,-435.0,,464.0,34.0,325.0,168.0,-471.0
95.0,266.0,430.0,-508.0,,384.0,-75.0,485.0,610.0,-609.0
124.0,603.0,444.0,-391.0,,609.0,-179.0,554.0,480.0,-630.0
179.0,595.0,448.0,-219.0,,595.0,-196.0,454.0,-79.0,-690.0
158.0,36.0,481.0,-60.0,,492.0,-194.0,378.0,-427.0,-766.0
87.0,-609.0,386.0,69.0,,323.0,-197.0,36.0,-40.0,-788.0
50.0,-1307.0,367.0,207.0,,269.0,-201.0,-166.0,533.0,-706.0
90.0,-203.0,329.0,402.0,,330.0,-175.0,-443.0,401.0,-671.0
40.0,-254.0,310.0,551.0,,425.0,-76.0,-685.0,-66.0,-692.0
-67.0,-638.0,255.0,544.0,,593.0,17.0,-837.0,-114.0,-563.0
-67.0,-1124.0,146.0,426.0,,613.0,86.0,-973.0,317.0,-563.0
-25.0,-342.0,74.0,266.0,,606.0,146.0,-861.0,616.0,-603.0
-40.0,-660.0,75.0,75.0,,673.0,222.0,-774.0,692.0,-391.0
-107.0,-1523.0,19.0,-49.0,,632.0,382.0,-500.0,121.0,-213.0
-157.0,-292.0,-49.0,-179.0,,367.0,498.0,-314.0,-383.0,-306.0
-154.0,-609.0,-14.0,-246.0,,353.0,503.0,-127.0,-234.0,-313.0
-149.0,-300.0,-8.0,-332.0,,691.0,542.0,181.0,-154.0,-98.0
-192.0,-445.0,72.0,-490.0,,741.0,614.0,312.0,-76.0,-67.0
-254.0,-659.0,108.0,-495.0,,686.0,651.0,559.0,-280.0,-138.0
-254.0,-43.0,125.0,-570.0,,802.0,724.0,572.0,-210.0,-106.0
-219.0,630.0,237.0,-581.0,,845.0,816.0,487.0,101.0,-83.0
-207.0,173.0,312.0,-366.0,,613.0,873.0,258.0,208.0,-121.0
-193.0,100.0,267.0,-136.0,,255.0,921.0,-166.0,229.0,-45.0
-162.0,1931.0,320.0,82.0,,121.0,1039.0,-511.0,23.0,155.0
-99.0,758.0,409.0,224.0,,137.0,1101.0,-896.0,-190.0,100.0
-49.0,318.0,437.0,387.0,,210.0,973.0,-925.0,-299.0,43.0
4.0,-181.0,546.0,538.0,,233.0,769.0,-855.0,110.0,205.0
20.0,-557.0,577.0,502.0,,256.0,593.0,-580.0,71.0,286.0
15.0,-174.0,687.0,369.0,,214.0,473.0,-97.0,-242.0,279.0
85.0,-631.0,640.0,199.0,,12.0,310.0,284.0,-331.0,294.0
157.0,551.0,638.0,29.0,,47.0,180.0,733.0,-106.0,303.0
197.0,243.0,593.0,-17.0,,156.0,89.0,942.0,441.0,183.0
192.0,1147.0,481.0,-37.0,,75.0,1.0,1123.0,-59.0,209.0
202.0,1491.0,486.0,-132.0,,64.0,-76.0,1080.0,-464.0,330.0
227.0,809.0,328.0,-242.0,,258.0,-168.0,907.0,-442.0,204.0
206.0,790.0,351.0,-293.0,,335.0,-93.0,742.0,-136.0,2.0
122.0,732.0,224.0,-226.0,,168.0,18.0,339.0,75.0,-66.0
50.0,1737.0,193.0,-179.0,,82.0,42.0,238.0,-44.0,-108.0
28.0,909.0,190.0,-135.0,,-42.0,48.0,205.0,-149.0,-218.0
-15.0,590.0,229.0,-156.0,,-183.0,123.0,288.0,-564.0,-277.0
-105.0,-312.0,350.0,-288.0,,-138.0,246.0,404.0,-148.0,-239.0
-210.0,-1042.0,268.0,-294.0,,-66.0,316.0,437.0,110.0,-221.0
-264.0,-1710.0,368.0,-194.0,,-119.0,394.0,696.0,-209.0,-314.0
-276.0,-2461.0,340.0,-83.0,,-262.0,495.0,798.0,-730.0,-189.0
-325.0,-439.0,363.0,44.0,,-250.0,612.0,916.0,-924.0,-17.0
-400.0,-946.0,346.0,235.0,,-277.0,688.0,905.0,-584.0,-83.0
-416.0,-1044.0,242.0,333.0,,-465.0,719.0,798.0,-392.0,-41.0
-376.0,534.0,311.0,334.0,,-611.0,709.0,617.0,-235.0,140.0
-365.0,-252.0,261.0,242.0,,-778.0,656.0,240.0,-733.0,286.0
-370.0,-360.0,225.0,152.0,,-770.0,606.0,-12.0,-765.0,264.0
-326.0,720.0,275.0,232.0,,-642.0,636.0,-382.0,-330.0,265.0
-267.0,-550.0,208.0,41.0,,-620.0,764.0,-456.0,80.0,307.0
-181.0,-995.0,180.0,-196.0,,-659.0,811.0,-415.0,289.0,216.0
-155.0,1108.0,162.0,-122.0,,-686.0,813.0,-484.0,-105.0,233.0
-153.0,-196.0,168.0,-51.0,,-524.0,830.0,-397.0,-84.0,337.0
-90.0,-1335.0,254.0,-19.0,,-394.0,828.0,-434.0,181.0,280.0
-14.0,-62.0,150.0,10.0,,-521.0,863.0,-312.0,632.0,202.0
46.0,-988.0,243.0,49.0,,-619.0,862.0,-256.0,649.0,269.0
44.0,-1401.0,285.0,28.0,,-479.0,799.0,-160.0,455.0,325.0
67.0,975.0,175.0,-156.0,,-505.0,775.0,49.0,519.0,265.0
94.0,1248.0,268.0,-147.0,,-786.0,805.0,216.0,149.0,202.0
164.0,50.0,202.0,35.0,,-834.0,807.0,506.0,347.0,283.0
199.0,119.0,213.0,46.0,,-727.0,751.0,572.0,568.0,274.0
126.0,272.0,184.0,123.0,,-681.0,698.0,713.0,137.0,169.0
101.0,1617.0,200.0,124.0,,-678.0,661.0,670.0,0.0,158.0
121.0,493.0,117.0,-72.0,,-582.0,666.0,504.0,261.0,82.0
85.0,-587.0,-1.0,-269.0,,-517.0,648.0,487.0,302.0,-65.0
-45.0,583.0,119.0,-297.0,,-614.0,592.0,317.0,27.0,-192.0
-95.0,88.0,-57.0,-50.0,,-615.0,596.0,317.0,-63.0,-152.0
-68.0,-832.0,7.0,96.0,,-598.0,507.0,134.0,-360.0,-140.0
-34.0,-989.0,4.0,74.0,,-628.0,361.0,1.0,-143.0,-229.0
-48.0,400.0,-17.0,5.0,,-705.0,261.0,-33.0,261.0,-182.0
-86.0,233.0,163.0,-136.0,,-717.0,155.0,-88.0,-145.0,-42.0
-94.0,-305.0,188.0,-52.0,,-830.0,145.0,127.0,-224.0,118.0
-129.0,80.0,290.0,170.0,,-1050.0,149.0,155.0,-84.0,196.0
-170.0,346.0,337.0,179.0,,-845.0,239.0,254.0,-34.0,213.0
-223.0,-538.0,377.0,94.0,,-751.0,417.0,341.0,42.0,189.0
-224.0,-1116.0,376.0,44.0,,-943.0,493.0,474.0,37.0,265.0
-156.0,1159.0,424.0,51.0,,-855.0,604.0,755.0,-149.0,393.0
-53.0,550.0,412.0,-14.0,,-634.0,752.0,838.0,-449.0,265.0
5.0,-398.0,409.0,41.0,,-717.0,844.0,982.0,-267.0,24.0
33.0,-226.0,392.0,104.0,,-1040.0,875.0,923.0,-69.0,-36.0
81.0,901.0,320.0,-105.0,,-915.0,908.0,740.0,-83.0,-63.0
148.0,1246.0,335.0,-141.0,,-724.0,993.0,404.0,-313.0,-202.0
180.0,-1048.0,419.0,-7.0,,-964.0,1026.0,42.0,-721.0,-189.0
169.0,44.0,347.0,108.0,,-914.0,963.0,-84.0,-592.0,-281.0
178.0,456.0,208.0,117.0,,-623.0,937.0,-323.0,-148.0,-445.0
227.0,-199.0,243.0,96.0,,-631.0,920.0,-238.0,74.0,-297.0
308.0,-702.0,152.0,137.0,,-793.0,795.0,-125.0,23.0,-141.0
270.0,-751.0,139.0,156.0,,-719.0,597.0,-9.0,88.0,-127.0
200.0,161.0,176.0,278.0,,-486.0,451.0,179.0,258.0,-197.0
160.0,-1011.0,147.0,419.0,,-512.0,430.0,145.0,640.0,-193.0
157.0,-368.0,152.0,573.0,,-544.0,356.0,258.0,595.0,-63.0
150.0,1740.0,238.0,604.0,,-433.0,300.0,105.0,-190.0,40.0
92.0,1688.0,238.0,414.0,,-379.0,264.0,-18.0,-309.0,91.0
104.0,56.0,236.0,258.0,,-404.0,130.0,-184.0,-103.0,112.0
134.0,1006.0,327.0,106.0,,-379.0,56.0,-415.0,20.0,138.0
171.0,1639.0,268.0,70.0,,-235.0,60.0,-382.0,118.0,196.0
152.0,-645.0,270.0,162.0,,-250.0,113.0,-509.0,1.0,209.0
122.0,-933.0,277.0,188.0,,-409.0,119.0,-434.0,-34.0,101.0
197.0,-365.0,269.0,281.0,,-413.0,143.0,-363.0,20.0,26.0
287.0,239.0,310.0,418.0,,-361.0,222.0,-110.0,-62.0,7.0
339.0,73.0,314.0,441.0,,-594.0,243.0,234.0,-141.0,-21.0
381.0,-157.0,318.0,401.0,,-757.0,258.0,415.0,-148.0,-6.0
398.0,-531.0,304.0,327.0,,-597.0,250.0,742.0,-321.0,119.0
418.0,297.0,246.0,228.0,,-494.0,234.0,801.0,-190.0,221.0
439.0,1533.0,166.0,269.0,,-508.0,300.0,873.0,-252.0,251.0
355.0,-508.0,204.0,339.0,,-509.0,427.0,752.0,-416.0,313.0
243.0,-384.0,221.0,373.0,,-412.0,533.0,613.0,-439.0,428.0
244.0,-62.0,162.0,316.0,,-415.0,632.0,631.0,-553.0,610.0
267.0,271.0,173.0,146.0,,-553.0,724.0,500.0,-271.0,610.0
166.0,-574.0,162.0,172.0,,-585.0,751.0,541.0,88.0,570.0
111.0,-1354.0,131.0,282.0,,-653.0,730.0,336.0,40.0,615.0
157.0,1019.0,122.0,287.0,,-721.0,714.0,254.0,-192.0,586.0
149.0,-1135.0,94.0,266.0,,-606.0,670.0,199.0,-59.0,617.0
123.0,-500.0,34.0,333.0,,-427.0,528.0,134.0,-124.0,667.0
142.0,2134.0,48.0,428.0,,-374.0,339.0,358.0,39.0,627.0
162.0,642.0,89.0,479.0,,-393.0,181.0,404.0,-46.0,516.0
113.0,-423.0,109.0,470.0,,-128.0,18.0,635.0,-403.0,531.0
51.0,-113.0,104.0,425.0,,-122.0,-140.0,696.0,15.0,591.0
22.0,868.0,128.0,385.0,,-641.0,-195.0,674.0,251.0,550.0
0.0,256.0,122.0,134.0,,-765.0,-185.0,622.0,425.0,444.0
-9.0,653.0,125.0,-79.0,,-448.0,-158.0,436.0,-153.0,367.0
13.0,466.0,203.0,-144.0,,-310.0,-90.0,485.0,-475.0,404.0
42.0,-19.0,95.0,-224.0,,-461.0,-3.0,369.0,-281.0,294.0
58.0,1556.0,126.0,-155.0,,-312.0,28.0,363.0,-163.0,254.0
38.0,712.0,206.0,-122.0,,-108.0,10.0,284.0,231.0,313.0
14.0,22.0,121.0,-83.0,,-371.0,8.0,195.0,-166.0,229.0
3.0,1140.0,190.0,13.0,,-381.0,-2.0,201.0,-176.0,196.0
-49.0,-255.0,270.0,116.0,,-37.0,-56.0,24.0,-169.0,266.0
-107.0,-438.0,318.0,208.0,,29.0,-107.0,84.0,-22.0,325.0
-163.0,1515.0,334.0,212.0,,-181.0,-85.0,110.0,253.0,223.0
-181.0,-1001.0,296.0,307.0,,-276.0,-45.0,245.0,46.0,246.0
-230.0,-3290.0,282.0,314.0,,-242.0,13.0,354.0,47.0,452.0
-291.0,-792.0,233.0,261.0,,-140.0,122.0,363.0,-116.0,553.0
-328.0,671.0,309.0,128.0,,18.0,201.0,500.0,85.0,449.0
-339.0,-1107.0,324.0,-55.0,,-27.0,166.0,378.0,10.0,402.0
-322.0,-1483.0,289.0,-193.0,,-237.0,97.0,358.0,9.0,527.0
-353.0,114.0,392.0,-290.0,,-330.0,98.0,295.0,181.0,426.0
-357.0,-81.0,340.0,-97.0,,-185.0,67.0,301.0,-87.0,384.0
-335.0,111.0,267.0,161.0,,-116.0,-23.0,430.0,67.0,399.0
-302.0,1139.0,245.0,305.0,,-217.0,-126.0,343.0,359.0,279.0
-318.0,1306.0,254.0,372.0,,-66.0,-186.0,406.0,275.0,300.0
-335.0,977.0,189.0,314.0,,106.0,-241.0,371.0,155.0,362.0
-355.0,204.0,161.0,259.0,,-75.0,-331.0,504.0,403.0,375.0
-395.0,1224.0,242.0,344.0,,-175.0,-378.0,624.0,590.0,366.0
-387.0,562.0,237.0,305.0,,83.0,-403.0,570.0,706.0,363.0
-359.0,-2239.0,390.0,168.0,,296.0,-392.0,681.0,355.0,400.0
-347.0,-1059.0,412.0,128.0,,160.0,-319.0,663.0,-155.0,482.0
-364.0,1846.0,309.0,96.0,,49.0,-194.0,757.0,-224.0,483.0
-325.0,712.0,334.0,67.0,,370.0,-67.0,668.0,-421.0,499.0
-307.0,-2230.0,336.0,-58.0,,609.0,7.0,604.0,-477.0,574.0
-271.0,-597.0,291.0,-174.0,,380.0,-14.0,613.0,-397.0,484.0
-207.0,713.0,196.0,-229.0,,177.0,-43.0,419.0,-387.0,497.0
-144.0,-979.0,158.0,-211.0,,325.0,-45.0,417.0,-413.0,653.0
-99.0,-897.0,98.0,-157.0,,609.0,-91.0,386.0,-148.0,605.0
-65.0,522.0,71.0,-214.0,,663.0,-150.0,615.0,-116.0,456.0
-11.0,1757.0,48.0,-183.0,,469.0,-229.0,851.0,-555.0,406.0
-3.0,804.0,3.0,-2.0,,298.0,-285.0,973.0,-732.0,456.0
-12.0,-69.0,-26.0,256.0,,404.0,-377.0,1117.0,-777.0,427.0
-65.0,741.0,-118.0,262.0,,646.0,-455.0,1110.0,-486.0,268.0
-93.0,832.0,-110.0,7.0,,656.0,-460.0,1263.0,-270.0,280.0
-96.0,-129.0,-120.0,-42.0,,466.0,-483.0,1119.0,-449.0,276.0
-99.0,439.0,-133.0,97.0,,465.0,-512.0,946.0,-392.0,134.0
-103.0,597.0,-49.0,191.0,,630.0,-547.0,781.0,-114.0,147.0
-91.0,-1685.0,-93.0,67.0,,534.0,-507.0,478.0,134.0,178.0
-34.0,-979.0,-101.0,44.0,,380.0,-424.0,240.0,415.0,55.0
6.0,-833.0,-49.0,70.0,,459.0,-309.0,-186.0,511.0,-14.0
41.0,-2046.0,-124.0,69.0,,525.0,-192.0,-290.0,377.0,204.0
82.0,100.0,-94.0,164.0,,369.0,-134.0,-230.0,340.0,159.0
152.0,1295.0,-165.0,68.0,,330.0,-84.0,-46.0,382.0,-119.0
220.0,621.0,-207.0,7.0,,605.0,-20.0,203.0,328.0,13.0
269.0,456.0,-159.0,-81.0,,770.0,83.0,347.0,-78.0,246.0
337.0,253.0,-226.0,-128.0,,778.0,126.0,624.0,-184.0,284.0
414.0,-211.0,-109.0,-144.0,,876.0,120.0,628.0,158.0,111.0
480.0,307.0,-88.0,-273.0,,995.0,38.0,652.0,544.0,101.0
561.0,1271.0,-122.0,-266.0,,845.0,-84.0,585.0,827.0,196.0
621.0,1100.0,-15.0,-284.0,,812.0,-162.0,454.0,586.0,115.0
665.0,256.0,23.0,-211.0,,1069.0,-317.0,467.0,651.0,145.0
678.0,265.0,-48.0,-172.0,,1035.0,-455.0,273.0,688.0,40.0
677.0,50.0,59.0,-354.0,,916.0,-501.0,227.0,233.0,-215.0
697.0,-970.0,62.0,-526.0,,870.0,-514.0,149.0,424.0,-325.0
667.0,-653.0,-80.0,-516.0,,838.0,-524.0,73.0,453.0,-135.0
621.0,128.0,51.0,-321.0,,765.0,-524.0,18.0,175.0,-105.0
555.0,517.0,48.0,-248.0,,734.0,-476.0,11.0,533.0,-478.0
501.0,1370.0,-24.0,-249.0,,1022.0,-492.0,230.0,548.0,-466.0
419.0,1352.0,42.0,-112.0,,1085.0,-557.0,351.0,362.0,-315.0
314.0,-46.0,54.0,17.0,,932.0,-600.0,681.0,245.0,-336.0
271.0,-795.0,-29.0,100.0,,1066.0,-662.0,899.0,-17.0,-311.0
273.0,-230.0,26.0,197.0,,1182.0,-660.0,1082.0,6.0,-365.0
243.0,1248.0,79.0,233.0,,914.0,-546.0,1374.0,-177.0,-430.0
168.0,1099.0,15.0,193.0,,687.0,-412.0,1420.0,-282.0,-349.0
117.0,-345.0,53.0,77.0,,911.0,-301.0,1505.0,-404.0,-120.0
87.0,392.0,72.0,16.0,,1080.0,-207.0,1271.0,-610.0,-59.0
85.0,1140.0,59.0,79.0,,1007.0,-96.0,971.0,-561.0,-98.0
60.0,-192.0,159.0,150.0,,1092.0,29.0,617.0,-610.0,11.0
19.0,-1492.0,137.0,246.0,,1213.0,42.0,158.0,-414.0,340.0
13.0,-170.0,11.0,422.0,,969.0,12.0,-77.0,-141.0,610.0
41.0,675.0,96.0,483.0,,777.0,18.0,-343.0,-174.0,471.0
45.0,-983.0,92.0,366.0,,887.0,-58.0,-338.0,-115.0,403.0
33.0,-782.0,52.0,396.0,,815.0,-180.0,-363.0,84.0,571.0
90.0,-774.0,83.0,391.0,,560.0,-321.0,-181.0,-38.0,630.0
145.0,-1164.0,8.0,338.0,,576.0,-450.0,279.0,-102.0,595.0
155.0,685.0,9.0,282.0,,922.0,-478.0,650.0,-255.0,523.0
130.0,346.0,0.0,24.0,,884.0,-423.0,1140.0,-414.0,388.0
129.0,65.0,-103.0,-150.0,,607.0,-358.0,1319.0,-53.0,378.0
176.0,1312.0,-12.0,-262.0,,648.0,-304.0,1467.0,245.0,438.0
221.0,1288.0,-57.0,-202.0,,653.0,-197.0,1457.0,407.0,371.0
234.0,1521.0,-134.0,-219.0,,481.0,-73.0,1321.0,450.0,223.0
229.0,940.0,-22.0,-445.0,,512.0,-77.0,1158.0,459.0,201.0
260.0,-7.0,-105.0,-387.0,,881.0,-156.0,648.0,563.0,430.0
286.0,255.0,-52.0,-334.0,,870.0,-253.0,277.0,491.0,537.0
273.0,1271.0,-19.0,-426.0,,648.0,-434.0,-186.0,84.0,292.0
214.0,581.0,-32.0,-480.0,,880.0,-580.0,-489.0,167.0,168.0
156.0,-774.0,-41.0,-359.0,,896.0,-680.0,-687.0,477.0,412.0
125.0,-788.0,-45.0,-102.0,,427.0,-779.0,-894.0,406.0,422.0
100.0,-838.0,20.0,25.0,,203.0,-791.0,-861.0,350.0,235.0
62.0,-1756.0,-130.0,-74.0,,343.0,-681.0,-886.0,-88.0,237.0
44.0,-2308.0,-38.0,-160.0,,294.0,-487.0,-617.0,-344.0,325.0
40.0,-218.0,13.0,-49.0,,77.0,-342.0,-321.0,-281.0,426.0
19.0,769.0,-96.0,14.0,,29.0,-268.0,29.0,-324.0,551.0
34.0,907.0,14.0,-41.0,,148.0,-156.0,367.0,-575.0,697.0
1.0,-39.0,-40.0,-114.0,,296.0,-69.0,399.0,-565.0,622.0
-13.0,-483.0,-90.0,-214.0,,346.0,-35.0,478.0,-414.0,672.0
2.0,586.0,-7.0,-204.0,,306.0,5.0,441.0,-651.0,948.0
10.0,-355.0,-129.0,-41.0,,154.0,26.0,537.0,-635.0,917.0
12.0,675.0,-176.0,-76.0,,-83.0,17.0,554.0,-736.0,677.0
-2.0,1570.0,-123.0,-104.0,,-14.0,-107.0,460.0,-731.0,574.0
63.0,1231.0,-192.0,58.0,,198.0,-236.0,456.0,-513.0,561.0
102.0,-283.0,-113.0,181.0,,133.0,-280.0,218.0,-341.0,585.0
156.0,-596.0,-68.0,166.0,,-22.0,-328.0,86.0,-398.0,548.0
199.0,-40.0,-127.0,10.0,,0.0,-325.0,-36.0,-308.0,314.0
251.0,-1872.0,-107.0,-51.0,,111.0,-335.0,-12.0,16.0,308.0
353.0,-1371.0,-134.0,-13.0,,87.0,-367.0,171.0,-152.0,421.0
388.0,-38.0,-138.0,-9.0,,165.0,-437.0,188.0,-64.0,411.0
455.0,751.0,-144.0,-88.0,,140.0,-477.0,227.0,-325.0,446.0
473.0,-155.0,-192.0,-98.0,,-102.0,-466.0,192.0,-321.0,279.0
463.0,-470.0,-211.0,-52.0,,-158.0,-479.0,303.0,68.0,156.0
424.0,165.0,-304.0,-83.0,,-8.0,-421.0,362.0,75.0,377.0
352.0,-453.0,-316.0,-71.0,,-36.0,-372.0,303.0,187.0,457.0
262.0,-833.0,-293.0,6.0,,-215.0,-269.0,260.0,-34.0,207.0
209.0,-410.0,-382.0,124.0,,-9.0,-136.0,110.0,-41.0,39.0
278.0,1283.0,-299.0,237.0,,220.0,-84.0,101.0,-5.0,155.0
279.0,45.0,-270.0,256.0,,194.0,-31.0,-9.0,144.0,149.0
272.0,-323.0,-278.0,171.0,,137.0,41.0,-18.0,105.0,-123.0
292.0,465.0,-171.0,87.0,,185.0,124.0,51.0,-100.0,-263.0
278.0,-121.0,-202.0,-34.0,,52.0,157.0,64.0,-9.0,-279.0
181.0,-66.0,-135.0,-201.0,,-283.0,107.0,96.0,-151.0,-332.0
112.0,-694.0,-79.0,-236.0,,-181.0,20.0,-84.0,-14.0,-268.0
158.0,-67.0,-174.0,-186.0,,92.0,-18.0,-175.0,-32.0,22.0
177.0,-28.0,-98.0,-292.0,,52.0,-96.0,-412.0,-178.0,-55.0
151.0,86.0,-123.0,-520.0,,-73.0,-194.0,-594.0,-80.0,-280.0
145.0,-838.0,-149.0,-632.0,,127.0,-202.0,-639.0,-172.0,289.0
227.0,-1398.0,-116.0,-578.0,,319.0,-152.0,-783.0,-321.0,602.0
250.0,-188.0,-209.0,-356.0,,146.0,-52.0,-722.0,-331.0,322.0
231.0,-1232.0,-180.0,-70.0,,-35.0,-51.0,-840.0,-361.0,414.0
268.0,-138.0,-179.0,112.0,,-18.0,-77.0,-859.0,-389.0,717.0
359.0,-100.0,-141.0,235.0,,23.0,6.0,-844.0,40.0,798.0
428.0,-172.0,-139.0,257.0,,158.0,92.0,-899.0,414.0,667.0
413.0,47.0,-35.0,97.0,,312.0,182.0,-752.0,-77.0,587.0
420.0,-416.0,-39.0,-95.0,,75.0,273.0,-698.0,-370.0,415.0
422.0,1940.0,-76.0,-76.0,,-200.0,313.0,-493.0,4.0,361.0
413.0,933.0,52.0,9.0,,-141.0,382.0,-426.0,-40.0,530.0
354.0,888.0,-58.0,19.0,,15.0,451.0,-299.0,-162.0,494.0
297.0,747.0,38.0,-8.0,,-175.0,468.0,-90.0,-158.0,200.0
299.0,-675.0,6.0,-31.0,,-377.0,517.0,12.0,-129.0,-43.0
308.0,-398.0,45.0,39.0,,-200.0,546.0,264.0,108.0,162.0
293.0,-1639.0,103.0,-22.0,,-142.0,505.0,266.0,103.0,260.0
251.0,-326.0,59.0,-176.0,,-195.0,373.0,332.0,60.0,-101.0
257.0,-457.0,81.0,-217.0,,-109.0,207.0,225.0,62.0,-320.0
279.0,-856.0,-10.0,-212.0,,33.0,107.0,0.0,-189.0,-256.0
265.0,194.0,78.0,-152.0,,-227.0,-24.0,-83.0,-368.0,-148.0
217.0,-1103.0,-20.0,30.0,,-448.0,-151.0,-304.0,94.0,-272.0
196.0,-1989.0,26.0,135.0,,-284.0,-227.0,-380.0,309.0,-502.0
240.0,-1791.0,-8.0,110.0,,-462.0,-278.0,-552.0,-254.0,-602.0
267.0,-99.0,-70.0,167.0,,-630.0,-219.0,-574.0,-198.0,-640.0
221.0,198.0,-3.0,316.0,,-563.0,-89.0,-561.0,32.0,-527.0
170.0,659.0,-14.0,387.0,,-379.0,-14.0,-576.0,-88.0,-407.0
174.0,967.0,-70.0,298.0,,-375.0,30.0,-371.0,61.0,-511.0
180.0,-404.0,-138.0,200.0,,-555.0,113.0,-363.0,-216.0,-668.0
189.0,657.0,-101.0,162.0,,-403.0,182.0,-214.0,-314.0,-502.0
216.0,218.0,-302.0,178.0,,-273.0,240.0,-127.0,17.0,-199.0
263.0,-1445.0,-268.0,117.0,,-459.0,322.0,-51.0,-202.0,-264.0
344.0,255.0,-333.0,-2.0,,-715.0,395.0,55.0,-105.0,-477.0
342.0,1804.0,-373.0,-97.0,,-615.0,417.0,-64.0,18.0,-425.0
329.0,959.0,-369.0,-87.0,,-619.0,419.0,-59.0,-46.0,-86.0
398.0,159.0,-372.0,34.0,,-770.0,406.0,-254.0,24.0,40.0
427.0,630.0,-236.0,-31.0,,-658.0,323.0,-441.0,-53.0,-19.0
449.0,-361.0,-317.0,-183.0,,-797.0,227.0,-689.0,-137.0,63.0
494.0,-1211.0,-225.0,-246.0,,-937.0,137.0,-1006.0,-375.0,69.0
527.0,1315.0,-282.0,-259.0,,-715.0,51.0,-1156.0,-78.0,288.0
515.0,1595.0,-229.0,-179.0,,-582.0,-30.0,-1343.0,-6.0,561.0
464.0,-362.0,-169.0,-20.0,,-826.0,-137.0,-1195.0,-151.0,372.0
421.0,-343.0,-235.0,141.0,,-1073.0,-149.0,-1073.0,-112.0,123.0
397.0,1002.0,-96.0,302.0,,-894.0,-56.0,-920.0,-384.0,179.0
366.0,935.0,-77.0,270.0,,-574.0,48.0,-724.0,-400.0,366.0
340.0,-954.0,-37.0,-3.0,,-660.0,193.0,-585.0,-204.0,272.0
338.0,-1595.0,17.0,-162.0,,-857.0,286.0,-273.0,87.0,61.0
344.0,-885.0,-98.0,-316.0,,-751.0,342.0,-153.0,-134.0,-60.0
298.0,-2.0,-62.0,-442.0,,-830.0,453.0,70.0,-193.0,-76.0
202.0,-1473.0,88.0,-258.0,,-1077.0,537.0,59.0,69.0,136.0
176.0,-2200.0,9.0,0.0,,-1068.0,605.0,-112.0,76.0,38.0
149.0,326.0,14.0,28.0,,-1066.0,590.0,-199.0,110.0,-263.0
100.0,419.0,189.0,-101.0,,-1210.0,489.0,-484.0,403.0,-283.0
49.0,-893.0,158.0,-62.0,,-1116.0,373.0,-522.0,645.0,-124.0
18.0,470.0,171.0,97.0,,-713.0,235.0,-552.0,313.0,-121.0
-5.0,1098.0,301.0,93.0,,-564.0,161.0,-456.0,364.0,-224.0
-71.0,-902.0,194.0,-47.0,,-600.0,85.0,-391.0,372.0,-198.0
-100.0,-1183.0,188.0,-100.0,,-456.0,-24.0,-448.0,2.0,-246.0
-132.0,1143.0,291.0,-95.0,,-297.0,-52.0,-363.0,-422.0,-164.0
-153.0,1548.0,190.0,-147.0,,-421.0,-10.0,-424.0,-671.0,-39.0
-167.0,-453.0,157.0,-236.0,,-711.0,17.0,-345.0,-774.0,-80.0
-203.0,-250.0,268.0,-321.0,,-629.0,46.0,-415.0,-1005.0,-157.0
-231.0,2335.0,96.0,-385.0,,-655.0,88.0,-452.0,-994.0,-105.0
-251.0,435.0,133.0,-314.0,,-934.0,190.0,-382.0,-996.0,-27.0
-282.0,-3001.0,267.0,-77.0,,-905.0,320.0,-426.0,-619.0,-124.0
-309.0,210.0,159.0,86.0,,-751.0,339.0,-264.0,-508.0,-92.0
-289.0,952.0,316.0,138.0,,-753.0,431.0,-197.0,-482.0,-46.0
-239.0,-1507.0,359.0,299.0,,-796.0,559.0,-18.0,-355.0,-52.0
-243.0,-667.0,360.0,684.0,,-726.0,564.0,79.0,-525.0,-63.0
-257.0,-489.0,401.0,870.0,,-833.0,480.0,68.0,-222.0,-71.0
-202.0,-294.0,505.0,871.0,,-989.0,311.0,66.0,-243.0,76.0
-156.0,-1197.0,434.0,979.0,,-880.0,180.0,-86.0,93.0,68.0
-141.0,-1056.0,462.0,975.0,,-661.0,108.0,-68.0,222.0,-26.0
-140.0,1390.0,629.0,804.0,,-669.0,50.0,-206.0,-371.0,-58.0
-98.0,926.0,477.0,563.0,,-962.0,31.0,-192.0,-225.0,-168.0
-35.0,442.0,589.0,259.0,,-893.0,48.0,-153.0,-257.0,-85.0
-5.0,817.0,565.0,-74.0,,-665.0,68.0,-314.0,-72.0,-129.0
13.0,-48.0,455.0,1.0,,-792.0,73.0,-297.0,255.0,-501.0
45.0,103.0,554.0,180.0,,-850.0,76.0,-367.0,-202.0,-569.0
54.0,-1308.0,583.0,98.0,,-840.0,66.0,-308.0,-237.0,-460.0
-14.0,-1036.0,576.0,70.0,,-834.0,71.0,-393.0,104.0,-508.0
-103.0,2232.0,549.0,38.0,,-790.0,65.0,-537.0,187.0,-621.0
-116.0,96.0,516.0,86.0,,-730.0,53.0,-606.0,231.0,-683.0
-99.0,-944.0,435.0,124.0,,-582.0,39.0,-759.0,151.0,-664.0
-113.0,799.0,347.0,98.0,,-444.0,-40.0,-663.0,109.0,-634.0
-106.0,91.0,308.0,121.0,,-281.0,-90.0,-635.0,299.0,-500.0
-114.0,-832.0,171.0,121.0,,-177.0,-62.0,-436.0,452.0,-384.0
-98.0,-148.0,27.0,21.0,,-212.0,-45.0,-197.0,361.0,-433.0
-105.0,1308.0,96.0,-286.0,,-383.0,-47.0,-64.0,-117.0,-481.0
-149.0,-89.0,37.0,-519.0,,-302.0,-80.0,103.0,-318.0,-220.0
-184.0,-504.0,88.0,-562.0,,-203.0,-122.0,3.0,110.0,90.0
-194.0,346.0,142.0,-528.0,,-450.0,-129.0,-7.0,-51.0,14.0
-170.0,255.0,44.0,-434.0,,-428.0,-106.0,-177.0,-382.0,-70.0
-244.0,-873.0,151.0,-366.0,,-247.0,-73.0,-349.0,-599.0,88.0
-310.0,-1835.0,111.0,-202.0,,-96.0,-57.0,-504.0,-872.0,295.0
-310.0,53.0,153.0,-59.0,,-106.0,-21.0,-800.0,-573.0,261.0
-273.0,840.0,260.0,-1.0,,-274.0,37.0,-851.0,-492.0,172.0
-272.0,639.0,165.0,190.0,,-269.0,101.0,-1032.0,-547.0,172.0
-273.0,536.0,201.0,259.0,,-504.0,130.0,-1045.0,-691.0,-48.0
-218.0,-479.0,154.0,124.0,,-694.0,188.0,-947.0,-355.0,-90.0
-153.0,-212.0,160.0,40.0,,-642.0,344.0,-812.0,205.0,52.0
-124.0,937.0,154.0,-27.0,,-774.0,488.0,-576.0,-304.0,-196.0
-130.0,589.0,101.0,-111.0,,-705.0,622.0,-474.0,-538.0,-563.0
-68.0,29.0,173.0,-200.0,,-465.0,689.0,-181.0,-548.0,-600.0
-63.0,-269.0,76.0,-249.0,,-331.0,667.0,-103.0,-467.0,-530.0
-59.0,-267.0,128.0,-224.0,,-359.0,620.0,-72.0,119.0,-710.0
-18.0,658.0,144.0,-284.0,,-392.0,529.0,-101.0,196.0,-907.0
60.0,1083.0,91.0,-418.0,,-208.0,479.0,-288.0,169.0,-893.0
141.0,571.0,81.0,-384.0,,-230.0,391.0,-273.0,294.0,-826.0
168.0,-197.0,56.0,-228.0,,-457.0,229.0,-402.0,-49.0,-803.0
197.0,1109.0,-7.0,-17.0,,-321.0,129.0,-373.0,-43.0,-810.0
226.0,790.0,-69.0,346.0,,-112.0,57.0,-423.0,268.0,-766.0
279.0,-1038.0,-15.0,678.0,,-270.0,-26.0,-489.0,133.0,-742.0
225.0,-307.0,-162.0,778.0,,-299.0,-86.0,-445.0,180.0,-738.0
184.0,258.0,-90.0,747.0,,-145.0,-102.0,-631.0,-67.0,-586.0
175.0,612.0,-140.0,763.0,,50.0,-125.0,-663.0,92.0,-536.0
139.0,-166.0,-196.0,669.0,,-35.0,-149.0,-790.0,519.0,-659.0
74.0,-158.0,-17.0,386.0,,-304.0,-123.0,-792.0,290.0,-584.0
29.0,-302.0,-169.0,114.0,,-245.0,-77.0,-763.0,325.0,-465.0
57.0,-933.0,-35.0,-45.0,,-391.0,-6.0,-763.0,227.0,-560.0
29.0,178.0,94.0,-311.0,,-308.0,119.0,-596.0,441.0,-565.0
-11.0,115.0,-34.0,-601.0,,-73.0,277.0,-596.0,-132.0,-479.0
-50.0,957.0,49.0,-550.0,,-250.0,383.0,-484.0,-389.0,-614.0
-78.0,972.0,114.0,-435.0,,-235.0,424.0,-556.0,95.0,-668.0
-112.0,1448.0,48.0,-418.0,,-89.0,467.0,-532.0,-502.0,-603.0
-155.0,1065.0,37.0,-477.0,,-33.0,515.0,-410.0,-131.0,-618.0
-180.0,-835.0,107.0,-522.0,,-225.0,522.0,-386.0,-124.0,-646.0
-146.0,309.0,105.0,-439.0,,-367.0,436.0,-201.0,-336.0,-760.0
-124.0,729.0,112.0,-425.0,,-218.0,335.0,-327.0,121.0,-823.0
-130.0,595.0,154.0,-430.0,,-235.0,307.0,-356.0,-70.0,-808.0
-130.0,178.0,146.0,-330.0,,-398.0,193.0,-391.0,-298.0,-785.0
-135.0,775.0,156.0,-155.0,,-350.0,15.0,-450.0,-367.0,-751.0
-153.0,376.0,190.0,26.0,,-38.0,-95.0,-380.0,-482.0,-793.0
-197.0,-720.0,193.0,179.0,,-26.0,-182.0,-471.0,-341.0,-849.0
-228.0,-5.0,185.0,372.0,,-343.0,-197.0,-443.0,-196.0,-729.0
-268.0,111.0,191.0,419.0,,-569.0,-213.0,-567.0,-661.0,-597.0
-268.0,428.0,232.0,380.0,,-732.0,-231.0,-524.0,-636.0,-586.0
-287.0,225.0,224.0,492.0,,-690.0,-233.0,-376.0,-546.0,-606.0
-241.0,1019.0,116.0,457.0,,-428.0,-304.0,-277.0,-409.0,-648.0
-166.0,1215.0,91.0,387.0,,-300.0,-336.0,-51.0,140.0,-576.0
-172.0,-319.0,159.0,266.0,,-483.0,-314.0,-103.0,370.0,-413.0
-205.0,-422.0,-3.0,-124.0,,-457.0,-287.0,-36.0,499.0,-350.0
-241.0,721.0,-55.0,-440.0,,-110.0,-269.0,-3.0,498.0,-471.0
-238.0,271.0,26.0,-543.0,,70.0,-278.0,-18.0,412.0,-508.0
-299.0,-725.0,-163.0,-503.0,,8.0,-285.0,-83.0,178.0,-394.0
-377.0,151.0,-152.0,-512.0,,-58.0,-239.0,-279.0,322.0,-190.0
-386.0,1102.0,-132.0,-437.0,,235.0,-134.0,-363.0,442.0,-72.0
-328.0,-67.0,-73.0,-301.0,,304.0,-46.0,-689.0,291.0,-220.0
-262.0,-1545.0,-22.0,-340.0,,35.0,-34.0,-853.0,182.0,-238.0
-257.0,8.0,41.0,-276.0,,96.0,-5.0,-957.0,-134.0,-104.0
-262.0,655.0,72.0,-105.0,,220.0,26.0,-979.0,169.0,-30.0
-204.0,-597.0,24.0,-55.0,,193.0,-43.0,-763.0,538.0,-40.0
-165.0,-1013.0,227.0,-100.0,,240.0,-126.0,-642.0,230.0,-173.0
-193.0,477.0,38.0,-222.0,,366.0,-200.0,-375.0,62.0,-312.0
-202.0,1386.0,45.0,-355.0,,351.0,-226.0,-251.0,500.0,-246.0
-149.0,-400.0,-7.0,-291.0,,115.0,-214.0,-92.0,986.0,-107.0
-79.0,-599.0,-107.0,-236.0,,-35.0,-184.0,0.0,1104.0,-200.0
-60.0,560.0,26.0,-131.0,,-30.0,-119.0,-72.0,864.0,-456.0
-93.0,-540.0,-16.0,-79.0,,-150.0,-136.0,16.0,280.0,-478.0
-104.0,-1308.0,99.0,-116.0,,-97.0,-113.0,-83.0,94.0,-284.0
-70.0,180.0,69.0,5.0,,9.0,-90.0,-131.0,208.0,-201.0
-134.0,-672.0,176.0,-9.0,,-68.0,-144.0,-267.0,383.0,-206.0
-212.0,-1443.0,221.0,123.0,,-192.0,-151.0,-389.0,-79.0,-336.0
-242.0,-202.0,125.0,268.0,,-123.0,-236.0,-423.0,-713.0,-319.0
-250.0,1587.0,205.0,273.0,,-10.0,-349.0,-626.0,-447.0,-82.0
-271.0,1476.0,267.0,289.0,,-310.0,-431.0,-622.0,-212.0,-7.0
-316.0,-975.0,125.0,210.0,,-307.0,-515.0,-713.0,14.0,-50.0
-302.0,1056.0,185.0,38.0,,31.0,-574.0,-637.0,-296.0,-132.0
-280.0,2363.0,206.0,-117.0,,304.0,-577.0,-393.0,-788.0,-98.0
-260.0,596.0,45.0,-73.0,,331.0,-398.0,-258.0,-567.0,14.0
-303.0,-118.0,143.0,-252.0,,218.0,-248.0,-46.0,-142.0,-10.0
-313.0,639.0,108.0,-335.0,,323.0,-234.0,-36.0,103.0,-173.0
-285.0,2156.0,164.0,-393.0,,233.0,-237.0,-64.0,-119.0,-418.0
-274.0,84.0,248.0,-496.0,,129.0,-241.0,-290.0,-400.0,-366.0
-289.0,-567.0,295.0,-204.0,,275.0,-217.0,-504.0,-180.0,-239.0
-344.0,144.0,308.0,-183.0,,421.0,-225.0,-631.0,331.0,-399.0
-326.0,-2543.0,318.0,-159.0,,493.0,-315.0,-779.0,286.0,-416.0
-327.0,-2033.0,360.0,-54.0,,537.0,-374.0,-657.0,-60.0,-321.0
-334.0,389.0,343.0,-26.0,,588.0,-356.0,-613.0,-164.0,-249.0
-313.0,-1315.0,316.0,-119.0,,427.0,-402.0,-360.0,-77.0,-145.0
-315.0,-2905.0,293.0,-343.0,,119.0,-424.0,-118.0,417.0,7.0
-324.0,-1387.0,360.0,-103.0,,48.0,-411.0,20.0,675.0,-17.0
-317.0,-467.0,252.0,-103.0,,131.0,-391.0,206.0,-36.0,-318.0
-330.0,-1124.0,232.0,-367.0,,232.0,-322.0,229.0,-395.0,-245.0
-358.0,-1225.0,305.0,-328.0,,204.0,-341.0,393.0,250.0,30.0
-328.0,-391.0,304.0,-235.0,,150.0,-321.0,384.0,818.0,-33.0
-286.0,2124.0,374.0,-224.0,,199.0,-303.0,393.0,765.0,-212.0
-269.0,2615.0,343.0,-326.0,,139.0,-333.0,271.0,59.0,-221.0
-299.0,599.0,423.0,-276.0,,73.0,-311.0,-46.0,-446.0,-218.0
-336.0,1900.0,407.0,-197.0,,60.0,-328.0,-177.0,-249.0,-236.0
-356.0,2039.0,237.0,-256.0,,70.0,-325.0,-441.0,221.0,-38.0
-350.0,560.0,322.0,-208.0,,51.0,-299.0,-467.0,482.0,-41.0
-345.0,760.0,327.0,-131.0,,246.0,-286.0,-469.0,7.0,-168.0
-400.0,643.0,306.0,-166.0,,370.0,-311.0,-519.0,-360.0,71.0
-422.0,-130.0,291.0,-214.0,,196.0,-258.0,-521.0,211.0,287.0
-377.0,-392.0,301.0,-102.0,,204.0,-112.0,-650.0,656.0,243.0
-329.0,1086.0,261.0,113.0,,190.0,-61.0,-497.0,268.0,246.0
-309.0,-158.0,294.0,160.0,,163.0,-4.0,-367.0,-215.0,299.0
-310.0,-1462.0,407.0,10.0,,174.0,146.0,-173.0,-275.0,253.0
-264.0,-481.0,338.0,-110.0,,284.0,270.0,-48.0,-240.0,175.0
-212.0,-41.0,457.0,-67.0,,418.0,275.0,-44.0,41.0,180.0
-210.0,309.0,406.0,-65.0,,495.0,244.0,99.0,374.0,108.0
-193.0,-960.0,303.0,-123.0,,866.0,191.0,7.0,161.0,-60.0
-136.0,-314.0,332.0,-49.0,,918.0,137.0,20.0,94.0,-7.0
-34.0,755.0,289.0,23.0,,709.0,168.0,-51.0,259.0,-18.0
36.0,-699.0,129.0,-155.0,,687.0,212.0,-162.0,173.0,-37.0
34.0,-255.0,142.0,-311.0,,759.0,218.0,-271.0,1.0,61.0
4.0,1116.0,288.0,-324.0,,853.0,106.0,-491.0,-218.0,120.0
17.0,81.0,178.0,-276.0,,613.0,-51.0,-469.0,174.0,95.0
36.0,-1566.0,187.0,-127.0,,609.0,-171.0,-602.0,460.0,77.0
-15.0,316.0,249.0,-55.0,,696.0,-314.0,-559.0,175.0,367.0
-70.0,1433.0,299.0,50.0,,608.0,-414.0,-509.0,91.0,329.0
-88.0,-344.0,292.0,-59.0,,466.0,-439.0,-476.0,-391.0,157.0
-94.0,677.0,519.0,-169.0,,151.0,-402.0,-284.0,-346.0,197.0
-132.0,973.0,669.0,51.0,,169.0,-271.0,-388.0,98.0,265.0
-153.0,-454.0,549.0,162.0,,14.0,-75.0,-382.0,165.0,354.0
-104.0,-801.0,644.0,17.0,,135.0,89.0,-352.0,252.0,224.0
-14.0,-722.0,575.0,-58.0,,436.0,190.0,-151.0,-140.0,90.0
51.0,-283.0,510.0,166.0,,376.0,211.0,57.0,-383.0,-59.0
84.0,-497.0,583.0,130.0,,556.0,208.0,62.0,7.0,63.0
142.0,4.0,543.0,3.0,,686.0,222.0,118.0,358.0,317.0
217.0,748.0,529.0,-31.0,,508.0,223.0,48.0,317.0,300.0
216.0,678.0,546.0,-199.0,,160.0,246.0,195.0,-36.0,240.0
190.0,-874.0,563.0,-231.0,,215.0,227.0,260.0,-113.0,340.0
199.0,-1221.0,649.0,-100.0,,315.0,207.0,262.0,308.0,665.0
218.0,1039.0,681.0,73.0,,181.0,222.0,264.0,268.0,796.0
216.0,834.0,816.0,49.0,,-63.0,268.0,120.0,-75.0,660.0
230.0,-385.0,703.0,88.0,,-86.0,341.0,103.0,-360.0,590.0
278.0,-76.0,674.0,107.0,,37.0,388.0,-88.0,-417.0,620.0
254.0,548.0,731.0,17.0,,-38.0,416.0,-99.0,63.0,860.0
215.0,-392.0,577.0,21.0,,140.0,350.0,-44.0,499.0,1036.0
173.0,-905.0,705.0,-132.0,,381.0,303.0,-9.0,447.0,640.0
164.0,228.0,548.0,-401.0,,459.0,295.0,112.0,222.0,338.0
123.0,-429.0,552.0,-490.0,,223.0,232.0,86.0,276.0,388.0
40.0,-307.0,527.0,-290.0,,427.0,149.0,314.0,318.0,284.0
7.0,-176.0,377.0,-139.0,,650.0,35.0,448.0,344.0,120.0
-37.0,-224.0,497.0,-49.0,,569.0,-19.0,524.0,155.0,-130.0
-81.0,138.0,383.0,86.0,,724.0,-9.0,511.0,-242.0,-457.0
-187.0,-1475.0,346.0,212.0,,540.0,-40.0,391.0,-397.0,-467.0
-240.0,-530.0,464.0,282.0,,431.0,-44.0,410.0,-17.0,-235.0
-233.0,1153.0,438.0,166.0,,389.0,14.0,218.0,201.0,-291.0
-197.0,-478.0,462.0,-21.0,,360.0,79.0,264.0,256.0,-604.0
-176.0,-1201.0,607.0,-160.0,,271.0,132.0,153.0,303.0,-524.0
-191.0,-94.0,682.0,-252.0,,104.0,186.0,-88.0,-39.0,-86.0
-157.0,-1277.0,685.0,-425.0,,446.0,311.0,-118.0,393.0,115.0
-160.0,-1098.0,590.0,-492.0,,801.0,440.0,-291.0,711.0,263.0
-202.0,723.0,661.0,-324.0,,574.0,549.0,-284.0,375.0,341.0
-287.0,-514.0,629.0,-210.0,,250.0,686.0,-306.0,109.0,351.0
-305.0,-295.0,602.0,-20.0,,348.0,779.0,-84.0,44.0,568.0
-281.0,1272.0,556.0,128.0,,416.0,845.0,144.0,87.0,699.0
-265.0,861.0,483.0,-48.0,,250.0,835.0,221.0,-14.0,671.0
-249.0,-151.0,631.0,3.0,,388.0,730.0,454.0,-295.0,526.0
-229.0,-160.0,643.0,107.0,,583.0,652.0,419.0,-434.0,538.0
-202.0,-60.0,594.0,-10.0,,464.0,605.0,437.0,0.0,684.0
-208.0,-618.0,540.0,-145.0,,365.0,551.0,325.0,-11.0,588.0
-186.0,51.0,445.0,-308.0,,531.0,560.0,249.0,-9.0,513.0
-157.0,241.0,302.0,-128.0,,764.0,630.0,184.0,-237.0,507.0
-84.0,-1764.0,401.0,-125.0,,533.0,726.0,64.0,-629.0,420.0
-42.0,-1715.0,311.0,-266.0,,538.0,812.0,223.0,-422.0,428.0
-65.0,-110.0,232.0,-178.0,,966.0,810.0,142.0,-289.0,519.0
-106.0,-659.0,364.0,-228.0,,983.0,800.0,243.0,265.0,432.0
-162.0,-729.0,481.0,-155.0,,757.0,818.0,373.0,359.0,304.0
-223.0,554.0,662.0,-38.0,,675.0,857.0,417.0,202.0,369.0
-247.0,478.0,847.0,10.0,,820.0,881.0,530.0,343.0,342.0
-233.0,-627.0,1095.0,26.0,,760.0,887.0,465.0,443.0,194.0
-259.0,-108.0,1048.0,33.0,,792.0,965.0,535.0,444.0,96.0
-282.0,773.0,1083.0,93.0,,863.0,993.0,415.0,282.0,-20.0
-298.0,-412.0,1062.0,173.0,,670.0,919.0,351.0,327.0,28.0
-292.0,-173.0,834.0,214.0,,452.0,780.0,306.0,28.0,137.0
-301.0,1478.0,662.0,284.0,,502.0,634.0,175.0,155.0,-26.0
-306.0,794.0,698.0,335.0,,758.0,584.0,330.0,437.0,-127.0
-265.0,746.0,766.0,176.0,,620.0,564.0,376.0,302.0,48.0
-213.0,928.0,645.0,7.0,,546.0,574.0,485.0,205.0,140.0
-161.0,1277.0,746.0,-104.0,,684.0,555.0,580.0,-16.0,-44.0
-127.0,2192.0,860.0,80.0,,805.0,480.0,689.0,-76.0,-61.0
-109.0,996.0,946.0,367.0,,575.0,484.0,794.0,-96.0,50.0
-84.0,601.0,1149.0,394.0,,434.0,492.0,739.0,-10.0,66.0
-47.0,305.0,1214.0,341.0,,671.0,472.0,829.0,142.0,142.0
-40.0,15.0,1020.0,160.0,,490.0,480.0,655.0,441.0,-19.0
-35.0,198.0,789.0,-67.0,,409.0,519.0,521.0,792.0,-75.0
-32.0,-580.0,486.0,-176.0,,434.0,620.0,463.0,919.0,89.0
-36.0,-276.0,258.0,-208.0,,239.0,638.0,345.0,713.0,176.0
-69.0,254.0,179.0,-330.0,,78.0,548.0,430.0,464.0,196.0
-90.0,-256.0,81.0,-449.0,,206.0,445.0,308.0,696.0,35.0
-59.0,71.0,56.0,-345.0,,547.0,337.0,232.0,811.0,80.0
-65.0,329.0,102.0,-135.0,,603.0,327.0,127.0,852.0,266.0
-86.0,-1013.0,149.0,0.0,,458.0,385.0,125.0,353.0,260.0
-94.0,-1205.0,254.0,113.0,,502.0,467.0,192.0,-597.0,-6.0
-65.0,4.0,507.0,256.0,,609.0,615.0,162.0,-686.0,-320.0
-46.0,-88.0,466.0,268.0,,350.0,755.0,473.0,-494.0,-249.0
-71.0,-899.0,328.0,252.0,,254.0,825.0,652.0,-693.0,-48.0
-78.0,-622.0,570.0,338.0,,373.0,913.0,909.0,-1053.0,-30.0
-26.0,-473.0,613.0,373.0,,199.0,1050.0,1077.0,-1021.0,-256.0
40.0,-858.0,544.0,426.0,,71.0,1096.0,1034.0,-618.0,-301.0
92.0,-598.0,619.0,426.0,,157.0,1089.0,1086.0,-240.0,-125.0
157.0,49.0,556.0,301.0,,325.0,1090.0,886.0,-263.0,-27.0
199.0,414.0,616.0,79.0,,346.0,1013.0,731.0,-352.0,25.0
186.0,676.0,542.0,-211.0,,388.0,892.0,410.0,-251.0,-224.0
131.0,1409.0,629.0,-186.0,,494.0,779.0,142.0,-224.0,-236.0
83.0,829.0,923.0,9.0,,370.0,673.0,-3.0,77.0,-7.0
65.0,-42.0,1174.0,152.0,,69.0,556.0,-162.0,32.0,103.0
50.0,1346.0,1247.0,289.0,,-39.0,397.0,-107.0,-119.0,73.0
10.0,1582.0,1211.0,371.0,,120.0,316.0,-151.0,-273.0,-58.0
-9.0,1164.0,1364.0,574.0,,91.0,322.0,99.0,-254.0,20.0
-4.0,1378.0,1231.0,738.0,,110.0,222.0,319.0,300.0,145.0
-22.0,751.0,1457.0,774.0,,153.0,124.0,476.0,428.0,306.0
-89.0,600.0,1331.0,826.0,,-119.0,68.0,696.0,199.0,181.0
-163.0,-149.0,900.0,944.0,,-252.0,-60.0,620.0,-3.0,-47.0
-181.0,228.0,684.0,932.0,,-21.0,-180.0,722.0,238.0,-118.0
-156.0,-12.0,561.0,820.0,,123.0,-277.0,650.0,503.0,76.0
-112.0,-1711.0,665.0,745.0,,47.0,-302.0,559.0,597.0,254.0
-85.0,-1638.0,635.0,582.0,,-58.0,-252.0,441.0,340.0,10.0
9.0,-1510.0,838.0,525.0,,105.0,-205.0,184.0,-195.0,-25.0
109.0,-1339.0,873.0,408.0,,408.0,-160.0,232.0,-147.0,128.0
132.0,-2447.0,994.0,179.0,,244.0,-120.0,205.0,-9.0,225.0
133.0,-1845.0,955.0,8.0,,129.0,-18.0,317.0,2.0,172.0
155.0,-190.0,980.0,-138.0,,71.0,69.0,338.0,-226.0,123.0
220.0,-509.0,931.0,-66.0,,-97.0,32.0,356.0,-309.0,22.0
235.0,297.0,698.0,189.0,,-83.0,-57.0,533.0,-31.0,34.0
254.0,913.0,815.0,376.0,,-142.0,-110.0,533.0,126.0,246.0
305.0,993.0,777.0,425.0,,-276.0,-118.0,667.0,-55.0,115.0
351.0,684.0,932.0,421.0,,-346.0,-161.0,617.0,-499.0,-56.0
328.0,1599.0,846.0,332.0,,56.0,-217.0,598.0,-348.0,89.0
285.0,1165.0,724.0,332.0,,365.0,-259.0,460.0,56.0,165.0
279.0,-357.0,698.0,428.0,,206.0,-320.0,195.0,411.0,78.0
285.0,798.0,638.0,375.0,,177.0,-347.0,190.0,737.0,119.0
295.0,679.0,830.0,381.0,,270.0,-346.0,107.0,524.0,11.0
278.0,289.0,897.0,324.0,,248.0,-324.0,236.0,311.0,-46.0
278.0,-614.0,826.0,289.0,,-168.0,-285.0,221.0,270.0,81.0
249.0,-952.0,732.0,452.0,,-409.0,-292.0,168.0,225.0,23.0
211.0,-411.0,623.0,715.0,,-283.0,-295.0,279.0,141.0,-339.0
103.0,-634.0,688.0,914.0,,-273.0,-288.0,323.0,-149.0,-472.0
9.0,-916.0,656.0,795.0,,-273.0,-280.0,533.0,-265.0,-222.0
-15.0,-1982.0,542.0,731.0,,-233.0,-201.0,561.0,-33.0,-312.0
-84.0,-1088.0,489.0,712.0,,-240.0,-116.0,604.0,250.0,-452.0
-150.0,-1593.0,270.0,704.0,,-321.0,-11.0,533.0,366.0,-404.0
-218.0,-1783.0,165.0,685.0,,-19.0,66.0,399.0,309.0,-376.0
-248.0,132.0,250.0,525.0,,343.0,104.0,319.0,218.0,-358.0
-283.0,-325.0,539.0,369.0,,315.0,162.0,70.0,386.0,-229.0
-293.0,-1434.0,532.0,189.0,,215.0,88.0,75.0,583.0,-191.0
-273.0,-1036.0,824.0,58.0,,323.0,-95.0,-77.0,443.0,-283.0
-237.0,796.0,911.0,-100.0,,529.0,-331.0,-123.0,52.0,-71.0
-171.0,245.0,836.0,-173.0,,358.0,-586.0,-75.0,-161.0,113.0
-136.0,-447.0,1086.0,-148.0,,205.0,-828.0,-151.0,52.0,43.0
-97.0,305.0,791.0,-164.0,,164.0,-1138.0,46.0,8.0,-92.0
-78.0,986.0,708.0,-204.0,,116.0,-1443.0,92.0,2.0,-18.0
-56.0,989.0,416.0,-166.0,,142.0,-1667.0,219.0,204.0,129.0
-43.0,515.0,291.0,69.0,,371.0,-1832.0,280.0,81.0,-17.0
-32.0,973.0,271.0,410.0,,419.0,-1871.0,323.0,117.0,-154.0
0.0,-99.0,275.0,706.0,,46.0,-1777.0,402.0,443.0,-179.0
-19.0,543.0,201.0,840.0,,10.0,-1654.0,269.0,585.0,-104.0
-46.0,1536.0,299.0,816.0,,-23.0,-1524.0,323.0,444.0,40.0
-52.0,417.0,675.0,730.0,,-152.0,-1391.0,206.0,355.0,9.0
-36.0,101.0,583.0,605.0,,-56.0,-1220.0,188.0,252.0,-104.0
-7.0,383.0,1003.0,519.0,,185.0,-1044.0,225.0,513.0,-109.0
-15.0,1257.0,937.0,460.0,,237.0,-905.0,116.0,461.0,64.0
7.0,1272.0,708.0,285.0,,-22.0,-771.0,184.0,-268.0,281.0
42.0,-121.0,672.0,147.0,,-61.0,-723.0,177.0,-232.0,270.0
34.0,-519.0,400.0,50.0,,133.0,-703.0,323.0,154.0,32.0
-9.0,593.0,251.0,2.0,,0.0,-629.0,339.0,351.0,83.0
-55.0,826.0,100.0,55.0,,-226.0,-596.0,341.0,367.0,324.0
-31.0,143.0,103.0,199.0,,-27.0,-652.0,408.0,492.0,265.0
-23.0,-885.0,188.0,372.0,,109.0,-773.0,245.0,590.0,144.0
-54.0,-877.0,157.0,387.0,,-66.0,-857.0,190.0,550.0,40.0
-82.0,-713.0,143.0,313.0,,-277.0,-897.0,-18.0,417.0,45.0
-67.0,-697.0,254.0,312.0,,-234.0,-933.0,0.0,-227.0,142.0
-69.0,-541.0,184.0,395.0,,-281.0,-883.0,42.0,-197.0,252.0
-112.0,-1506.0,360.0,487.0,,-354.0,-758.0,-14.0,118.0,186.0
-114.0,-1571.0,396.0,597.0,,-216.0,-598.0,171.0,190.0,-37.0
-69.0,-1569.0,404.0,637.0,,-143.0,-501.0,234.0,115.0,108.0
-9.0,-648.0,546.0,615.0,,-106.0,-515.0,430.0,-127.0,437.0
0.0,-414.0,477.0,467.0,,-165.0,-601.0,376.0,-10.0,577.0
48.0,-1077.0,563.0,262.0,,52.0,-726.0,343.0,-221.0,463.0
128.0,73.0,465.0,266.0,,100.0,-838.0,321.0,-380.0,565.0
146.0,1273.0,431.0,208.0,,-108.0,-922.0,92.0,-186.0,759.0
111.0,973.0,643.0,147.0,,-157.0,-966.0,114.0,-136.0,755.0
94.0,-327.0,683.0,228.0,,-327.0,-1034.0,-70.0,-387.0,688.0
123.0,1138.0,781.0,366.0,,-356.0,-1048.0,-125.0,-564.0,535.0
125.0,1217.0,687.0,638.0,,-242.0,-991.0,-131.0,-385.0,391.0
134.0,-13.0,556.0,870.0,,-56.0,-943.0,-86.0,64.0,356.0
156.0,1024.0,525.0,954.0,,-27.0,-848.0,72.0,456.0,518.0
185.0,847.0,173.0,800.0,,-129.0,-747.0,92.0,246.0,288.0
206.0,-51.0,189.0,582.0,,-51.0,-655.0,362.0,288.0,3.0
202.0,165.0,57.0,384.0,,-57.0,-629.0,441.0,410.0,140.0
201.0,2033.0,-51.0,204.0,,-131.0,-720.0,561.0,162.0,279.0
214.0,1010.0,145.0,176.0,,-235.0,-852.0,657.0,3.0,244.0
213.0,-328.0,193.0,250.0,,-392.0,-1007.0,624.0,176.0,248.0
208.0,649.0,385.0,383.0,,-472.0,-1128.0,692.0,500.0,377.0
203.0,296.0,381.0,377.0,,-477.0,-1170.0,469.0,522.0,450.0
200.0,-2.0,523.0,342.0,,-292.0,-1212.0,439.0,537.0,656.0
201.0,-1160.0,450.0,363.0,,-6.0,-1301.0,441.0,580.0,700.0
176.0,-1272.0,431.0,446.0,,-57.0,-1334.0,421.0,559.0,464.0
180.0,-528.0,542.0,451.0,,-350.0,-1274.0,367.0,474.0,347.0
204.0,-810.0,402.0,229.0,,-254.0,-1213.0,118.0,726.0,575.0
254.0,-1182.0,502.0,124.0,,86.0,-1156.0,138.0,816.0,587.0
272.0,-1034.0,490.0,208.0,,116.0,-1028.0,-3.0,403.0,411.0
280.0,-240.0,471.0,271.0,,-140.0,-869.0,-92.0,-83.0,563.0
333.0,-629.0,606.0,288.0,,-212.0,-755.0,16.0,-412.0,563.0
352.0,-128.0,619.0,205.0,,0.0,-584.0,181.0,-324.0,554.0
353.0,846.0,489.0,109.0,,161.0,-389.0,460.0,-576.0,641.0
366.0,101.0,547.0,147.0,,338.0,-202.0,484.0,-630.0,632.0
444.0,233.0,368.0,247.0,,365.0,-5.0,495.0,-359.0,482.0
482.0,1214.0,224.0,314.0,,-42.0,34.0,249.0,123.0,321.0
484.0,265.0,409.0,240.0,,-301.0,50.0,44.0,932.0,374.0
489.0,-895.0,175.0,285.0,,172.0,85.0,86.0,1228.0,320.0
478.0,-823.0,205.0,363.0,,587.0,50.0,-25.0,825.0,-18.0
435.0,-707.0,266.0,286.0,,488.0,-28.0,11.0,100.0,-158.0
346.0,-776.0,136.0,477.0,,169.0,-152.0,-36.0,-99.0,4.0
258.0,-1176.0,178.0,664.0,,23.0,-238.0,-14.0,-383.0,-183.0
180.0,-1380.0,59.0,484.0,,272.0,-341.0,-14.0,-814.0,-266.0
154.0,-1298.0,210.0,328.0,,297.0,-428.0,9.0,-856.0,-26.0
70.0,-1198.0,184.0,205.0,,305.0,-484.0,145.0,-632.0,-11.0
7.0,-1833.0,215.0,86.0,,290.0,-519.0,14.0,-11.0,-21.0
3.0,-1774.0,341.0,44.0,,163.0,-465.0,134.0,212.0,60.0
-8.0,-1544.0,376.0,34.0,,196.0,-351.0,112.0,105.0,105.0
-58.0,-2009.0,437.0,101.0,,183.0,-257.0,14.0,244.0,155.0
-132.0,-900.0,276.0,55.0,,0.0,-271.0,49.0,189.0,330.0
-174.0,-216.0,370.0,49.0,,-236.0,-302.0,-81.0,145.0,376.0
-212.0,-528.0,198.0,126.0,,-145.0,-276.0,-101.0,571.0,282.0
-220.0,-254.0,142.0,156.0,,-224.0,-297.0,-258.0,778.0,259.0
-263.0,671.0,329.0,140.0,,-456.0,-357.0,-264.0,439.0,316.0
-298.0,844.0,312.0,64.0,,-442.0,-392.0,-299.0,18.0,349.0
-277.0,1281.0,280.0,34.0,,-315.0,-462.0,-273.0,-236.0,317.0
-264.0,2166.0,319.0,58.0,,-32.0,-543.0,0.0,-149.0,252.0
-312.0,1301.0,461.0,26.0,,-8.0,-643.0,97.0,201.0,8.0
-338.0,1497.0,527.0,-142.0,,18.0,-725.0,219.0,209.0,29.0
-329.0,2003.0,465.0,-77.0,,170.0,-744.0,88.0,192.0,216.0
-340.0,1047.0,527.0,65.0,,-2.0,-709.0,25.0,319.0,-14.0
-295.0,-98.0,321.0,155.0,,70.0,-643.0,-101.0,237.0,-353.0
-251.0,-603.0,49.0,369.0,,275.0,-656.0,-243.0,183.0,-332.0
-229.0,0.0,106.0,307.0,,176.0,-601.0,-83.0,43.0,-164.0
-222.0,586.0,-31.0,204.0,,-77.0,-397.0,-116.0,246.0,-265.0
-184.0,-195.0,105.0,190.0,,-297.0,-190.0,-36.0,236.0,-223.0
-135.0,-1170.0,35.0,110.0,,-236.0,10.0,-164.0,-60.0,-146.0
-97.0,-142.0,-31.0,63.0,,-227.0,188.0,-254.0,-69.0,-303.0
-74.0,315.0,37.0,25.0,,-203.0,341.0,-131.0,-33.0,-254.0
-70.0,-416.0,6.0,37.0,,-131.0,495.0,-24.0,395.0,-75.0
-45.0,-702.0,-21.0,128.0,,-174.0,545.0,310.0,626.0,-132.0
-63.0,-433.0,29.0,228.0,,-267.0,540.0,358.0,521.0,-369.0
-76.0,313.0,189.0,256.0,,-278.0,571.0,397.0,227.0,-245.0
-98.0,130.0,22.0,227.0,,57.0,635.0,473.0,-45.0,-37.0
-132.0,-222.0,169.0,89.0,,231.0,727.0,526.0,-148.0,-102.0
-179.0,-711.0,148.0,29.0,,169.0,817.0,528.0,-136.0,-73.0
-202.0,-1183.0,58.0,73.0,,147.0,891.0,232.0,-60.0,-5.0
-199.0,-64.0,219.0,17.0,,-15.0,931.0,158.0,-178.0,-60.0
-223.0,125.0,127.0,-102.0,,-221.0,976.0,-20.0,-12.0,-17.0
-229.0,-383.0,190.0,-214.0,,-188.0,1056.0,-173.0,119.0,149.0
-247.0,-172.0,151.0,-234.0,,-155.0,1080.0,-194.0,210.0,71.0
-243.0,-772.0,99.0,-62.0,,-455.0,967.0,-312.0,407.0,-49.0
-263.0,-64.0,206.0,136.0,,-529.0,786.0,-230.0,513.0,77.0
-256.0,254.0,102.0,313.0,,-331.0,518.0,-258.0,266.0,152.0
-194.0,-833.0,231.0,469.0,,-356.0,151.0,-171.0,-262.0,33.0
-140.0,-538.0,136.0,373.0,,-500.0,-106.0,-129.0,-367.0,-38.0
-98.0,-303.0,139.0,246.0,,-400.0,-191.0,-147.0,-471.0,-82.0
-91.0,-431.0,86.0,199.0,,-285.0,-236.0,-49.0,-362.0,-166.0
-66.0,-679.0,-90.0,180.0,,-571.0,-299.0,-118.0,-69.0,-271.0
-68.0,132.0,116.0,195.0,,-600.0,-264.0,-105.0,-322.0,-392.0
-94.0,242.0,18.0,353.0,,-482.0,-132.0,-218.0,-704.0,-478.0
-107.0,141.0,120.0,498.0,,-500.0,14.0,-286.0,-946.0,-601.0
-75.0,1796.0,128.0,491.0,,-582.0,196.0,-424.0,-1102.0,-598.0
-69.0,541.0,339.0,563.0,,-747.0,345.0,-639.0,-1065.0,-434.0
-113.0,-86.0,401.0,571.0,,-630.0,455.0,-650.0,-745.0,-347.0
-132.0,825.0,331.0,503.0,,-625.0,588.0,-803.0,-320.0,-377.0
-137.0,-327.0,445.0,348.0,,-511.0,697.0,-761.0,-244.0,-307.0
-154.0,-166.0,295.0,196.0,,-235.0,749.0,-611.0,-450.0,-115.0
-183.0,568.0,357.0,119.0,,-167.0,740.0,-367.0,-406.0,-54.0
-160.0,-349.0,480.0,98.0,,-196.0,802.0,-123.0,-221.0,-57.0
-150.0,-833.0,373.0,134.0,,14.0,916.0,-25.0,59.0,-41.0
-154.0,-250.0,91.0,62.0,,244.0,909.0,169.0,126.0,-114.0
-118.0,-706.0,390.0,24.0,,-18.0,875.0,133.0,-266.0,-333.0
-38.0,-821.0,293.0,56.0,,-95.0,817.0,140.0,-303.0,-466.0
-6.0,-657.0,312.0,5.0,,98.0,745.0,83.0,140.0,-473.0
-12.0,-195.0,639.0,7.0,,298.0,699.0,-70.0,715.0,-667.0
28.0,771.0,512.0,82.0,,237.0,657.0,-103.0,975.0,-831.0
66.0,151.0,598.0,110.0,,151.0,638.0,-251.0,1141.0,-829.0
67.0,492.0,476.0,124.0,,214.0,641.0,-238.0,1123.0,-794.0
34.0,1267.0,535.0,15.0,,212.0,705.0,-330.0,726.0,-806.0
33.0,876.0,481.0,-95.0,,326.0,732.0,-347.0,523.0,-805.0
10.0,259.0,314.0,-159.0,,165.0,872.0,-306.0,164.0,-683.0
-14.0,922.0,290.0,-361.0,,-207.0,1192.0,-389.0,158.0,-655.0
-23.0,1316.0,170.0,-464.0,,-391.0,1410.0,-286.0,217.0,-591.0
-26.0,1014.0,96.0,-489.0,,-85.0,1478.0,-334.0,27.0,-422.0
0.0,1452.0,-37.0,-510.0,,242.0,1488.0,-164.0,-48.0,-353.0
34.0,507.0,70.0,-460.0,,275.0,1445.0,-3.0,-171.0,-344.0
55.0,358.0,0.0,-484.0,,100.0,1341.0,38.0,-21.0,-364.0
43.0,-390.0,-58.0,-522.0,,-43.0,1255.0,179.0,-80.0,-395.0
71.0,-1428.0,110.0,-558.0,,182.0,1195.0,109.0,-256.0,-347.0
103.0,-1251.0,109.0,-699.0,,63.0,1139.0,22.0,-440.0,-236.0
142.0,-1594.0,341.0,-815.0,,-158.0,1038.0,-367.0,-283.0,-205.0
124.0,-1829.0,401.0,-664.0,,-107.0,983.0,-648.0,76.0,-271.0
103.0,-1546.0,476.0,-477.0,,-104.0,1068.0,-807.0,-90.0,-247.0
115.0,-327.0,648.0,-349.0,,-160.0,1079.0,-999.0,-462.0,-15.0
91.0,-971.0,610.0,-189.0,,-241.0,990.0,-1032.0,-686.0,132.0
96.0,-1917.0,678.0,11.0,,-147.0,986.0,-1195.0,-357.0,124.0
89.0,-793.0,434.0,185.0,,-139.0,1020.0,-1018.0,139.0,202.0
110.0,392.0,271.0,131.0,,-350.0,983.0,-794.0,534.0,362.0
152.0,-686.0,232.0,105.0,,-425.0,1015.0,-598.0,441.0,433.0
193.0,-611.0,143.0,49.0,,-564.0,1058.0,-410.0,43.0,377.0
211.0,1244.0,318.0,-100.0,,-623.0,981.0,-319.0,271.0,388.0
234.0,-100.0,169.0,-189.0,,-232.0,882.0,1.0,448.0,291.0
274.0,-98.0,313.0,-133.0,,32.0,815.0,84.0,21.0,141.0
305.0,1329.0,456.0,-82.0,,-123.0,780.0,64.0,-286.0,129.0
343.0,792.0,262.0,-93.0,,-327.0,753.0,-96.0,-276.0,68.0
324.0,908.0,452.0,61.0,,-279.0,745.0,-210.0,-245.0,-93.0
343.0,900.0,301.0,27.0,,-146.0,782.0,-223.0,38.0,-336.0
390.0,332.0,231.0,-159.0,,-142.0,859.0,-498.0,457.0,-448.0
423.0,920.0,5.0,-238.0,,82.0,891.0,-618.0,568.0,-563.0
393.0,576.0,-74.0,-309.0,,315.0,892.0,-790.0,241.0,-746.0
331.0,93.0,3.0,-384.0,,135.0,863.0,-873.0,-100.0,-852.0
309.0,1322.0,-234.0,-496.0,,-61.0,844.0,-872.0,-129.0,-917.0
258.0,659.0,26.0,-539.0,,-152.0,899.0,-859.0,-99.0,-950.0
170.0,-924.0,220.0,-569.0,,-183.0,902.0,-574.0,7.0,-932.0
21.0,-615.0,350.0,-747.0,,-206.0,953.0,-321.0,294.0,-878.0
-63.0,-242.0,533.0,-831.0,,-291.0,1109.0,31.0,304.0,-903.0
-120.0,-337.0,491.0,-785.0,,-262.0,1278.0,210.0,-121.0,-819.0
-197.0,-235.0,310.0,-620.0,,-232.0,1341.0,315.0,-522.0,-703.0
-291.0,207.0,136.0,-304.0,,-202.0,1311.0,371.0,-782.0,-625.0
-367.0,940.0,-61.0,-106.0,,-352.0,1322.0,118.0,-1094.0,-637.0
-351.0,323.0,19.0,-28.0,,-684.0,1350.0,-22.0,-1295.0,-688.0
-327.0,-26.0,56.0,-6.0,,-790.0,1369.0,-327.0,-1051.0,-718.0
-332.0,781.0,91.0,-54.0,,-697.0,1296.0,-448.0,-733.0,-723.0
-381.0,11.0,347.0,-155.0,,-684.0,1258.0,-460.0,-544.0,-526.0
-345.0,-541.0,340.0,-197.0,,-933.0,1246.0,-580.0,-423.0,-595.0
-268.0,-257.0,256.0,-173.0,,-1095.0,1173.0,-441.0,-607.0,-733.0
-230.0,-250.0,222.0,-263.0,,-830.0,1087.0,-424.0,-1014.0,-683.0
-213.0,301.0,243.0,-366.0,,-699.0,929.0,-293.0,-1147.0,-687.0
-187.0,-122.0,88.0,-358.0,,-953.0,839.0,-221.0,-621.0,-768.0
-109.0,-927.0,234.0,-195.0,,-799.0,781.0,-145.0,96.0,-830.0
-31.0,-602.0,340.0,-53.0,,-535.0,741.0,-51.0,292.0,-814.0
28.0,9.0,409.0,-252.0,,-704.0,716.0,-121.0,121.0,-819.0
46.0,674.0,469.0,-435.0,,-813.0,719.0,18.0,9.0,-587.0
73.0,418.0,414.0,-519.0,,-674.0,834.0,-53.0,-72.0,-482.0
71.0,398.0,385.0,-621.0,,-684.0,938.0,-11.0,28.0,-469.0
67.0,888.0,86.0,-363.0,,-843.0,995.0,33.0,242.0,-298.0
55.0,330.0,168.0,-45.0,,-677.0,955.0,-40.0,311.0,-199.0
26.0,-517.0,36.0,131.0,,-500.0,925.0,51.0,44.0,-64.0
34.0,-596.0,177.0,277.0,,-523.0,880.0,3.0,-307.0,52.0
25.0,-64.0,158.0,366.0,,-577.0,729.0,51.0,-526.0,156.0
-3.0,-494.0,223.0,491.0,,-350.0,619.0,-70.0,-1202.0,116.0
-66.0,-441.0,680.0,482.0,,-265.0,530.0,-120.0,-1500.0,101.0
-111.0,-275.0,429.0,366.0,,-484.0,470.0,-127.0,-1109.0,105.0
-125.0,-309.0,756.0,291.0,,-365.0,453.0,-275.0,-632.0,38.0
-139.0,30.0,635.0,134.0,,-192.0,422.0,-242.0,-80.0,1.0
-168.0,-531.0,474.0,-131.0,,-264.0,388.0,-362.0,39.0,-142.0
-171.0,-36.0,702.0,-335.0,,-544.0,386.0,-345.0,297.0,-256.0
-115.0,-166.0,612.0,-345.0,,-513.0,405.0,-330.0,795.0,-344.0
-67.0,-1123.0,638.0,-267.0,,-502.0,399.0,-321.0,705.0,-354.0
-64.0,-132.0,546.0,-302.0,,-632.0,333.0,-230.0,290.0,-370.0
-60.0,1129.0,582.0,-346.0,,-507.0,280.0,-258.0,136.0,-388.0
-38.0,406.0,450.0,-176.0,,-587.0,237.0,-118.0,284.0,-441.0
9.0,-68.0,491.0,136.0,,-761.0,113.0,-66.0,618.0,-498.0
91.0,1422.0,400.0,297.0,,-880.0,40.0,29.0,784.0,-413.0
114.0,1726.0,301.0,280.0,,-779.0,73.0,40.0,566.0,-347.0
122.0,976.0,412.0,208.0,,-684.0,172.0,73.0,487.0,-343.0
159.0,115.0,257.0,72.0,,-892.0,352.0,286.0,35.0,-446.0
171.0,-586.0,271.0,62.0,,-767.0,568.0,247.0,-622.0,-408.0
128.0,155.0,363.0,0.0,,-510.0,807.0,389.0,-814.0,-394.0
73.0,617.0,349.0,-299.0,,-749.0,934.0,319.0,-898.0,-475.0
52.0,48.0,331.0,-588.0,,-845.0,922.0,97.0,-466.0,-501.0
56.0,-164.0,391.0,-720.0,,-553.0,879.0,57.0,48.0,-496.0
27.0,27.0,360.0,-712.0,,-492.0,738.0,-112.0,120.0,-500.0
-11.0,-98.0,324.0,-620.0,,-683.0,549.0,-55.0,-81.0,-528.0
-12.0,-1036.0,268.0,-519.0,,-703.0,316.0,9.0,-189.0,-303.0
-39.0,-1322.0,204.0,-373.0,,-467.0,51.0,151.0,-314.0,-206.0
-56.0,-342.0,169.0,-166.0,,-348.0,-128.0,175.0,-588.0,-204.0
-51.0,-349.0,107.0,-64.0,,-542.0,-268.0,68.0,-190.0,-98.0
-45.0,-382.0,240.0,55.0,,-491.0,-328.0,86.0,-78.0,94.0
-64.0,146.0,297.0,1.0,,-290.0,-270.0,-118.0,-71.0,247.0
-61.0,-842.0,428.0,-297.0,,-556.0,-142.0,-173.0,221.0,105.0
-8.0,-678.0,400.0,-505.0,,-623.0,-43.0,-247.0,70.0,129.0
30.0,-41.0,372.0,-638.0,,-371.0,16.0,-221.0,195.0,189.0
85.0,-345.0,459.0,-729.0,,-340.0,113.0,-97.0,-9.0,194.0
146.0,-453.0,243.0,-757.0,,-471.0,190.0,-120.0,-328.0,293.0
221.0,-994.0,357.0,-665.0,,-422.0,225.0,0.0,-45.0,303.0
291.0,889.0,276.0,-609.0,,-253.0,231.0,-33.0,137.0,208.0
334.0,608.0,202.0,-502.0,,-40.0,168.0,-22.0,129.0,166.0
352.0,-1073.0,315.0,-355.0,,172.0,59.0,-168.0,51.0,256.0
386.0,-141.0,391.0,-301.0,,-8.0,-13.0,-308.0,-105.0,179.0
432.0,-374.0,449.0,-173.0,,-232.0,-115.0,-216.0,-264.0,15.0
443.0,192.0,398.0,-91.0,,-229.0,-263.0,-280.0,-141.0,-63.0
423.0,315.0,419.0,-69.0,,-125.0,-392.0,-134.0,167.0,-31.0
424.0,54.0,290.0,-42.0,,-205.0,-417.0,-149.0,373.0,-28.0
434.0,543.0,292.0,-87.0,,-475.0,-344.0,-121.0,229.0,-91.0
412.0,1466.0,131.0,-145.0,,-452.0,-260.0,49.0,150.0,-119.0
395.0,1302.0,25.0,-69.0,,-220.0,-168.0,62.0,470.0,-195.0
369.0,-7.0,-12.0,-2.0,,-419.0,-134.0,232.0,461.0,-148.0
388.0,1608.0,50.0,-37.0,,-619.0,-126.0,201.0,-22.0,-14.0
393.0,1587.0,-60.0,-8.0,,-417.0,-162.0,221.0,-620.0,26.0
374.0,395.0,-112.0,-165.0,,-407.0,-147.0,155.0,-667.0,-44.0
339.0,949.0,52.0,-387.0,,-509.0,-81.0,11.0,-345.0,-65.0
336.0,718.0,-56.0,-507.0,,-514.0,-99.0,-60.0,-172.0,-34.0
365.0,720.0,230.0,-686.0,,-197.0,-110.0,-303.0,50.0,74.0
310.0,766.0,204.0,-571.0,,16.0,-172.0,-347.0,186.0,88.0
316.0,701.0,204.0,-430.0,,-114.0,-297.0,-515.0,556.0,-84.0
334.0,111.0,224.0,-276.0,,-86.0,-356.0,-471.0,589.0,-132.0
353.0,-278.0,170.0,-193.0,,31.0,-274.0,-288.0,434.0,-212.0
363.0,115.0,178.0,-447.0,,-63.0,-154.0,-171.0,457.0,-260.0
345.0,230.0,130.0,-453.0,,-239.0,-93.0,125.0,59.0,-343.0
326.0,151.0,254.0,-419.0,,-262.0,-70.0,282.0,278.0,-468.0
231.0,-269.0,155.0,-366.0,,-387.0,-95.0,596.0,769.0,-528.0
184.0,728.0,304.0,-230.0,,-529.0,-201.0,678.0,953.0,-535.0
127.0,1214.0,212.0,-110.0,,-320.0,-385.0,591.0,867.0,-395.0
35.0,-518.0,1.0,176.0,,41.0,-559.0,378.0,307.0,-331.0
-35.0,-1432.0,-114.0,421.0,,24.0,-691.0,-42.0,-360.0,-296.0
-107.0,-624.0,-183.0,437.0,,-8.0,-715.0,-267.0,-573.0,-230.0
-142.0,-223.0,-319.0,125.0,,-20.0,-636.0,-663.0,-416.0,-46.0
-167.0,-1162.0,-523.0,-317.0,,-240.0,-564.0,-768.0,-654.0,112.0
-180.0,-901.0,-231.0,-478.0,,-356.0,-556.0,-685.0,-376.0,224.0
-195.0,240.0,-288.0,-482.0,,-331.0,-530.0,-539.0,-191.0,408.0
-199.0,636.0,-222.0,-643.0,,-128.0,-404.0,-169.0,-227.0,466.0
-187.0,280.0,51.0,-733.0,,-152.0,-291.0,48.0,-4.0,558.0
-193.0,351.0,-62.0,-716.0,,-142.0,-222.0,345.0,-421.0,737.0
-169.0,924.0,48.0,-452.0,,126.0,-188.0,363.0,-862.0,925.0
-128.0,1136.0,215.0,-83.0,,50.0,-242.0,310.0,-1201.0,939.0
-90.0,2008.0,147.0,38.0,,-146.0,-300.0,258.0,-1108.0,986.0
-32.0,1562.0,73.0,190.0,,-25.0,-286.0,116.0,-611.0,1157.0
-2.0,858.0,172.0,218.0,,99.0,-333.0,134.0,-145.0,1152.0
4.0,1005.0,38.0,201.0,,-6.0,-454.0,-75.0,252.0,1101.0
40.0,85.0,44.0,224.0,,-111.0,-565.0,-243.0,457.0,1105.0
72.0,305.0,111.0,160.0,,-196.0,-690.0,-502.0,587.0,1097.0
76.0,812.0,-48.0,105.0,,-127.0,-795.0,-772.0,719.0,898.0
78.0,1331.0,119.0,16.0,,-127.0,-900.0,-873.0,510.0,761.0
130.0,840.0,43.0,-27.0,,-351.0,-983.0,-927.0,-110.0,747.0
180.0,-66.0,144.0,-189.0,,-327.0,-1101.0,-615.0,-313.0,602.0
185.0,1260.0,309.0,-254.0,,-297.0,-1193.0,-341.0,-324.0,423.0
203.0,161.0,117.0,-8.0,,-205.0,-1145.0,-86.0,-247.0,380.0
203.0,-493.0,176.0,173.0,,108.0,-1138.0,1.0,-325.0,437.0
181.0,590.0,106.0,241.0,,69.0,-1115.0,-66.0,-375.0,324.0
163.0,23.0,41.0,306.0,,-345.0,-1016.0,75.0,-21.0,231.0
136.0,437.0,-1.0,345.0,,-584.0,-860.0,123.0,26.0,250.0
98.0,1124.0,25.0,434.0,,-470.0,-658.0,238.0,247.0,184.0
92.0,462.0,-47.0,452.0,,-361.0,-605.0,160.0,224.0,77.0
69.0,-857.0,-229.0,245.0,,-399.0,-665.0,101.0,-167.0,110.0
29.0,-269.0,-31.0,147.0,,-478.0,-754.0,160.0,-231.0,243.0
10.0,592.0,-123.0,159.0,,-325.0,-823.0,9.0,-100.0,166.0
-18.0,279.0,36.0,202.0,,-137.0,-855.0,14.0,322.0,112.0
-10.0,394.0,42.0,363.0,,-114.0,-986.0,-31.0,464.0,329.0
-21.0,-822.0,-94.0,406.0,,70.0,-1070.0,72.0,291.0,447.0
-26.0,-779.0,302.0,304.0,,346.0,-967.0,149.0,111.0,314.0
-6.0,414.0,69.0,219.0,,603.0,-821.0,186.0,360.0,349.0
39.0,-675.0,175.0,245.0,,935.0,-725.0,437.0,454.0,471.0
90.0,-1168.0,325.0,278.0,,1099.0,-670.0,535.0,-299.0,408.0
124.0,158.0,152.0,184.0,,792.0,-582.0,637.0,-608.0,324.0
148.0,982.0,276.0,62.0,,553.0,-574.0,441.0,-572.0,323.0
173.0,-72.0,201.0,42.0,,759.0,-752.0,266.0,-364.0,328.0
240.0,-1411.0,202.0,50.0,,918.0,-958.0,181.0,-269.0,179.0
233.0,-1562.0,182.0,59.0,,626.0,-1092.0,9.0,-571.0,211.0
201.0,-634.0,218.0,182.0,,302.0,-1158.0,48.0,-652.0,325.0
167.0,-525.0,249.0,325.0,,335.0,-1098.0,-86.0,-471.0,266.0
157.0,-695.0,244.0,339.0,,505.0,-1048.0,-81.0,-147.0,192.0
135.0,491.0,310.0,237.0,,515.0,-1134.0,-94.0,-205.0,244.0
34.0,-68.0,376.0,117.0,,466.0,-1193.0,-195.0,-317.0,479.0
-26.0,-635.0,368.0,-99.0,,365.0,-1173.0,-201.0,-399.0,460.0
-59.0,369.0,340.0,-319.0,,141.0,-1129.0,-249.0,-548.0,435.0
-77.0,728.0,290.0,-385.0,,348.0,-1135.0,-118.0,-530.0,538.0
-130.0,216.0,244.0,-412.0,,669.0,-1114.0,-142.0,-497.0,477.0
-197.0,1197.0,269.0,-401.0,,527.0,-990.0,-20.0,-565.0,431.0
-231.0,2280.0,269.0,-294.0,,354.0,-951.0,53.0,-943.0,489.0
-288.0,706.0,425.0,-47.0,,779.0,-1026.0,-1.0,-934.0,595.0
-353.0,1201.0,412.0,252.0,,1024.0,-1121.0,136.0,-551.0,543.0
-396.0,1928.0,378.0,321.0,,807.0,-1201.0,40.0,-158.0,562.0
-429.0,97.0,458.0,229.0,,698.0,-1257.0,25.0,58.0,796.0
-444.0,1171.0,332.0,197.0,,756.0,-1254.0,-86.0,-305.0,898.0
-415.0,2985.0,245.0,175.0,,886.0,-1156.0,-214.0,-238.0,793.0
-326.0,884.0,272.0,274.0,,511.0,-1034.0,-273.0,-125.0,758.0
-261.0,-346.0,135.0,311.0,,398.0,-1003.0,-434.0,-335.0,818.0
-224.0,80.0,59.0,166.0,,559.0,-1073.0,-393.0,-477.0,759.0
-132.0,-334.0,202.0,128.0,,605.0,-1125.0,-465.0,-903.0,713.0
-37.0,-746.0,204.0,184.0,,696.0,-1115.0,-413.0,-821.0,704.0
43.0,-1106.0,346.0,204.0,,805.0,-1080.0,-362.0,-515.0,615.0
80.0,-1193.0,526.0,124.0,,856.0,-963.0,-271.0,-205.0,486.0
128.0,-1241.0,573.0,149.0,,712.0,-801.0,92.0,0.0,416.0
180.0,-99.0,563.0,264.0,,849.0,-715.0,275.0,-37.0,351.0
174.0,-240.0,430.0,276.0,,876.0,-701.0,517.0,48.0,192.0
166.0,-730.0,427.0,191.0,,931.0,-716.0,620.0,199.0,49.0
172.0,848.0,328.0,125.0,,1030.0,-768.0,670.0,445.0,-7.0
204.0,913.0,126.0,217.0,,1015.0,-813.0,624.0,112.0,-16.0
229.0,1057.0,27.0,165.0,,1018.0,-835.0,375.0,-85.0,-50.0
232.0,1754.0,34.0,3.0,,843.0,-877.0,212.0,-175.0,-54.0
191.0,985.0,-50.0,-95.0,,637.0,-924.0,-110.0,-180.0,-26.0
169.0,278.0,-60.0,-288.0,,540.0,-885.0,-240.0,505.0,18.0
183.0,1476.0,-57.0,-346.0,,551.0,-780.0,-426.0,529.0,56.0
170.0,1553.0,-236.0,-225.0,,486.0,-717.0,-550.0,376.0,100.0
123.0,-572.0,-251.0,-143.0,,611.0,-631.0,-373.0,406.0,230.0
47.0,288.0,-227.0,-73.0,,909.0,-496.0,-245.0,384.0,285.0
13.0,533.0,-138.0,-16.0,,1043.0,-416.0,62.0,451.0,317.0
-12.0,-512.0,-131.0,-31.0,,756.0,-447.0,173.0,-136.0,329.0
-55.0,5.0,-112.0,-192.0,,282.0,-503.0,288.0,-530.0,344.0
-103.0,-2291.0,33.0,-325.0,,131.0,-518.0,388.0,-317.0,386.0
-124.0,-2668.0,32.0,-278.0,,194.0,-537.0,391.0,-157.0,304.0
-111.0,129.0,8.0,-225.0,,222.0,-568.0,465.0,-197.0,264.0
-141.0,313.0,-2.0,-145.0,,348.0,-670.0,308.0,-453.0,228.0
-156.0,-1172.0,6.0,114.0,,531.0,-817.0,293.0,-599.0,84.0
-106.0,-113.0,69.0,434.0,,692.0,-924.0,158.0,-292.0,-70.0
-27.0,1817.0,8.0,564.0,,877.0,-978.0,92.0,211.0,-160.0
44.0,86.0,79.0,694.0,,740.0,-1020.0,149.0,302.0,-261.0
57.0,79.0,134.0,872.0,,415.0,-1103.0,16.0,452.0,-333.0
47.0,1810.0,139.0,856.0,,334.0,-1118.0,38.0,391.0,-267.0
117.0,838.0,343.0,633.0,,741.0,-1031.0,-84.0,235.0,-224.0
211.0,246.0,232.0,370.0,,941.0,-950.0,-134.0,514.0,-251.0
257.0,864.0,238.0,249.0,,430.0,-908.0,-181.0,355.0,-177.0
319.0,248.0,215.0,128.0,,155.0,-791.0,-253.0,82.0,37.0
400.0,-543.0,56.0,126.0,,336.0,-543.0,-264.0,-168.0,182.0
445.0,-370.0,79.0,78.0,,424.0,-242.0,-395.0,-64.0,261.0
456.0,-802.0,3.0,-51.0,,505.0,54.0,-317.0,239.0,322.0
461.0,2.0,-129.0,168.0,,503.0,274.0,-413.0,155.0,440.0
464.0,829.0,-105.0,449.0,,368.0,386.0,-434.0,-15.0,572.0
436.0,-1148.0,14.0,677.0,,637.0,381.0,-330.0,-91.0,520.0
417.0,-1169.0,-40.0,729.0,,1032.0,316.0,-315.0,-56.0,480.0
385.0,768.0,15.0,661.0,,1195.0,198.0,-151.0,-181.0,434.0
352.0,-114.0,19.0,816.0,,1222.0,79.0,-164.0,-123.0,261.0
324.0,-279.0,-21.0,925.0,,1280.0,-23.0,-79.0,-154.0,142.0
243.0,1109.0,6.0,889.0,,1437.0,-177.0,-29.0,-203.0,202.0
181.0,1016.0,-29.0,696.0,,1296.0,-349.0,-40.0,-148.0,185.0
118.0,-110.0,-7.0,404.0,,759.0,-557.0,-97.0,226.0,4.0
54.0,-224.0,157.0,298.0,,323.0,-718.0,-310.0,677.0,-2.0
13.0,797.0,181.0,205.0,,335.0,-843.0,-330.0,578.0,133.0
9.0,-702.0,312.0,124.0,,344.0,-881.0,-461.0,353.0,174.0
10.0,-1524.0,466.0,128.0,,292.0,-765.0,-400.0,476.0,116.0
-51.0,280.0,475.0,27.0,,247.0,-585.0,-236.0,1018.0,149.0
-96.0,444.0,620.0,-90.0,,177.0,-352.0,-64.0,718.0,196.0
-99.0,-768.0,563.0,-115.0,,381.0,-129.0,325.0,204.0,156.0
-92.0,-1595.0,585.0,-65.0,,479.0,63.0,528.0,113.0,231.0
-106.0,-992.0,448.0,-5.0,,35.0,177.0,790.0,50.0,374.0
-106.0,764.0,495.0,123.0,,-452.0,207.0,842.0,196.0,310.0
-74.0,870.0,501.0,133.0,,-434.0,294.0,764.0,275.0,228.0
-20.0,-97.0,408.0,104.0,,2.0,466.0,655.0,162.0,360.0
-19.0,212.0,523.0,183.0,,449.0,617.0,367.0,-137.0,409.0
-54.0,-475.0,319.0,152.0,,368.0,725.0,221.0,0.0,374.0
-22.0,-1748.0,430.0,58.0,,267.0,857.0,-66.0,325.0,456.0
33.0,-1566.0,282.0,-135.0,,510.0,953.0,-125.0,203.0,592.0
75.0,-1756.0,168.0,-365.0,,701.0,837.0,-138.0,-242.0,651.0
44.0,-2193.0,168.0,-643.0,,915.0,587.0,-219.0,-426.0,730.0
48.0,-1296.0,25.0,-702.0,,962.0,402.0,-136.0,-426.0,883.0
76.0,-850.0,133.0,-487.0,,728.0,260.0,-236.0,-577.0,909.0
110.0,-1645.0,120.0,-373.0,,828.0,134.0,-188.0,-426.0,949.0
139.0,-1061.0,140.0,-215.0,,1187.0,37.0,-216.0,-38.0,1066.0
114.0,103.0,121.0,20.0,,1064.0,26.0,-181.0,138.0,1122.0
160.0,549.0,155.0,266.0,,571.0,94.0,-131.0,365.0,1062.0
187.0,888.0,106.0,466.0,,519.0,192.0,-168.0,761.0,1059.0
147.0,1261.0,110.0,565.0,,1345.0,161.0,-55.0,636.0,1064.0
104.0,2231.0,138.0,576.0,,1613.0,-28.0,-232.0,100.0,845.0
96.0,2172.0,158.0,566.0,,982.0,-213.0,-310.0,-326.0,722.0
104.0,1297.0,170.0,405.0,,780.0,-319.0,-439.0,-128.0,604.0
97.0,1745.0,160.0,159.0,,1043.0,-316.0,-556.0,100.0,408.0
64.0,1731.0,339.0,-32.0,,1157.0,-292.0,-473.0,-180.0,232.0
37.0,188.0,466.0,-280.0,,832.0,-194.0,-506.0,-116.0,104.0
38.0,-246.0,441.0,-424.0,,624.0,-11.0,-339.0,-78.0,23.0
32.0,448.0,437.0,-420.0,,496.0,199.0,-297.0,-109.0,-103.0
4.0,-46.0,512.0,-272.0,,370.0,403.0,-144.0,318.0,-119.0
-35.0,-1195.0,381.0,-121.0,,574.0,520.0,53.0,605.0,-229.0
-45.0,-1776.0,383.0,-142.0,,509.0,630.0,114.0,221.0,-406.0
-86.0,-784.0,336.0,-140.0,,196.0,696.0,262.0,-151.0,-581.0
-128.0,-172.0,297.0,59.0,,256.0,737.0,227.0,24.0,-707.0
-201.0,-897.0,325.0,301.0,,467.0,799.0,343.0,19.0,-844.0
-284.0,-109.0,324.0,434.0,,260.0,801.0,332.0,-62.0,-1055.0
-323.0,-436.0,372.0,451.0,,-260.0,772.0,314.0,-85.0,-1029.0
-365.0,-1906.0,319.0,407.0,,-141.0,769.0,347.0,24.0,-1017.0
-393.0,-739.0,387.0,412.0,,294.0,828.0,179.0,401.0,-1084.0
-440.0,-394.0,311.0,443.0,,645.0,865.0,160.0,461.0,-1073.0
-455.0,-1938.0,247.0,373.0,,1163.0,814.0,-40.0,732.0,-987.0
-457.0,-1526.0,339.0,295.0,,1145.0,785.0,-77.0,880.0,-900.0
-435.0,-532.0,404.0,366.0,,849.0,792.0,-20.0,685.0,-772.0
-420.0,-857.0,375.0,356.0,,680.0,763.0,44.0,624.0,-677.0
-439.0,-1033.0,412.0,94.0,,736.0,727.0,291.0,432.0,-660.0
-427.0,201.0,446.0,-264.0,,763.0,759.0,349.0,233.0,-556.0
-418.0,939.0,409.0,-415.0,,392.0,828.0,498.0,-181.0,-623.0
-433.0,176.0,371.0,-462.0,,391.0,897.0,471.0,-283.0,-678.0
-451.0,726.0,309.0,-551.0,,877.0,929.0,454.0,-34.0,-602.0
-435.0,620.0,346.0,-593.0,,1300.0,900.0,439.0,162.0,-618.0
-404.0,-213.0,407.0,-578.0,,1311.0,868.0,245.0,317.0,-672.0
-356.0,-240.0,302.0,-384.0,,935.0,821.0,192.0,263.0,-658.0
-329.0,-256.0,371.0,-180.0,,476.0,755.0,-66.0,257.0,-495.0
-307.0,671.0,407.0,47.0,,267.0,630.0,-186.0,364.0,-340.0
-277.0,-72.0,142.0,269.0,,465.0,504.0,-325.0,539.0,-291.0
-243.0,-955.0,278.0,341.0,,509.0,501.0,-437.0,401.0,-295.0
-197.0,-121.0,171.0,366.0,,-39.0,543.0,-386.0,134.0,-261.0
-202.0,21.0,36.0,392.0,,-5.0,583.0,-415.0,-143.0,-228.0
-185.0,-605.0,175.0,380.0,,765.0,648.0,-175.0,-121.0,-220.0
-157.0,-911.0,95.0,197.0,,462.0,715.0,3.0,110.0,-235.0
-112.0,-75.0,211.0,18.0,,-371.0,785.0,267.0,-8.0,-351.0
-85.0,-406.0,299.0,-51.0,,-542.0,860.0,439.0,10.0,-408.0
-89.0,-722.0,352.0,-95.0,,-396.0,896.0,485.0,90.0,-265.0
-44.0,-224.0,445.0,-35.0,,-186.0,881.0,648.0,316.0,-115.0
-24.0,-513.0,427.0,89.0,,-94.0,838.0,474.0,423.0,-149.0
-34.0,-309.0,479.0,138.0,,0.0,781.0,413.0,289.0,-104.0
-115.0,-263.0,458.0,200.0,,-102.0,698.0,242.0,296.0,51.0
-165.0,119.0,464.0,384.0,,-341.0,635.0,92.0,150.0,172.0
-157.0,-75.0,470.0,503.0,,-399.0,563.0,105.0,-70.0,329.0
-160.0,-1410.0,342.0,584.0,,-196.0,500.0,-24.0,-295.0,377.0
-166.0,-1027.0,431.0,664.0,,41.0,525.0,64.0,-632.0,386.0
-201.0,-458.0,422.0,535.0,,-233.0,578.0,-7.0,-754.0,430.0
-204.0,-867.0,366.0,337.0,,-108.0,675.0,40.0,-570.0,438.0
-243.0,-547.0,408.0,225.0,,132.0,753.0,101.0,-334.0,381.0
-289.0,-310.0,353.0,181.0,,-267.0,690.0,109.0,-221.0,235.0
-333.0,34.0,308.0,144.0,,-567.0,597.0,275.0,-208.0,124.0
-392.0,-101.0,348.0,88.0,,-657.0,573.0,212.0,151.0,58.0
-408.0,-473.0,263.0,70.0,,-83.0,576.0,373.0,256.0,-25.0
-420.0,-516.0,212.0,-43.0,,259.0,670.0,393.0,-34.0,-84.0
-416.0,-1550.0,195.0,-164.0,,191.0,827.0,378.0,-89.0,-73.0
-412.0,-714.0,52.0,-140.0,,242.0,1018.0,428.0,-134.0,-103.0
-379.0,-67.0,87.0,-119.0,,-1.0,1273.0,291.0,-121.0,-146.0
-317.0,-518.0,28.0,-103.0,,432.0,1364.0,334.0,100.0,-87.0
-254.0,-554.0,91.0,29.0,,396.0,1391.0,234.0,326.0,-78.0
-221.0,-464.0,65.0,136.0,,-163.0,1452.0,293.0,267.0,-193.0
-200.0,624.0,201.0,105.0,,-177.0,1369.0,249.0,229.0,-218.0
-181.0,72.0,317.0,137.0,,-7.0,1245.0,149.0,107.0,-203.0
-210.0,-174.0,203.0,90.0,,396.0,1123.0,208.0,-25.0,-301.0
-251.0,-209.0,412.0,-76.0,,-218.0,964.0,70.0,300.0,-348.0
-297.0,-300.0,356.0,-64.0,,-564.0,733.0,153.0,509.0,-430.0
-331.0,340.0,356.0,-89.0,,-386.0,532.0,103.0,149.0,-534.0
-349.0,-217.0,406.0,-141.0,,-819.0,408.0,125.0,-269.0,-447.0
-368.0,80.0,316.0,-133.0,,-877.0,278.0,186.0,-203.0,-351.0
-424.0,323.0,217.0,-230.0,,-880.0,212.0,138.0,-46.0,-474.0
-486.0,322.0,206.0,-238.0,,-501.0,216.0,299.0,1.0,-557.0
-510.0,621.0,133.0,-119.0,,-441.0,333.0,282.0,72.0,-413.0
-490.0,591.0,26.0,-39.0,,-365.0,409.0,423.0,-94.0,-372.0
-463.0,403.0,-8.0,-86.0,,-145.0,426.0,447.0,-278.0,-453.0
-486.0,-120.0,-127.0,-179.0,,-709.0,444.0,382.0,-15.0,-466.0
-493.0,-446.0,-9.0,-276.0,,-767.0,459.0,375.0,139.0,-445.0
-492.0,-259.0,49.0,-470.0,,-776.0,591.0,181.0,122.0,-482.0
-528.0,555.0,25.0,-570.0,,-675.0,687.0,192.0,149.0,-478.0
-559.0,-210.0,228.0,-453.0,,-686.0,774.0,84.0,-221.0,-383.0
-561.0,-1049.0,257.0,-289.0,,-794.0,825.0,92.0,-361.0,-429.0
-540.0,-696.0,180.0,-53.0,,-520.0,922.0,153.0,-272.0,-436.0
-539.0,-1098.0,371.0,137.0,,-569.0,1050.0,133.0,-408.0,-232.0
-536.0,-711.0,238.0,120.0,,-587.0,960.0,234.0,-832.0,-169.0
-504.0,-212.0,131.0,81.0,,-588.0,723.0,166.0,-1138.0,-285.0
-499.0,-47.0,164.0,104.0,,-475.0,487.0,247.0,-779.0,-302.0
-460.0,529.0,-38.0,169.0,,-613.0,340.0,236.0,-701.0,-253.0
-389.0,655.0,-31.0,194.0,,-607.0,211.0,275.0,-693.0,-252.0
-340.0,301.0,-23.0,245.0,,-206.0,392.0,378.0,-504.0,-281.0
-300.0,1080.0,-60.0,415.0,,-327.0,601.0,328.0,-302.0,-336.0
-251.0,1426.0,-11.0,452.0,,-592.0,634.0,439.0,2.0,-399.0
-176.0,295.0,-33.0,418.0,,-475.0,779.0,360.0,-80.0,-435.0
-119.0,1480.0,0.0,290.0,,-367.0,714.0,423.0,-275.0,-433.0
-58.0,1674.0,74.0,-1.0,,-615.0,578.0,487.0,-735.0,-450.0
8.0,54.0,-34.0,-217.0,,-665.0,462.0,428.0,-622.0,-425.0
79.0,-395.0,155.0,-363.0,,-421.0,342.0,436.0,-37.0,-351.0
137.0,-106.0,194.0,-299.0,,-383.0,299.0,319.0,111.0,-288.0
143.0,359.0,139.0,-130.0,,-726.0,230.0,402.0,436.0,-208.0
149.0,-851.0,323.0,-88.0,,-810.0,152.0,378.0,477.0,-242.0
165.0,-789.0,232.0,-203.0,,-828.0,145.0,546.0,354.0,-334.0
172.0,-446.0,223.0,-352.0,,-980.0,220.0,800.0,423.0,-265.0
163.0,-1241.0,199.0,-393.0,,-784.0,273.0,872.0,468.0,-194.0
159.0,-466.0,217.0,-394.0,,-681.0,405.0,1066.0,418.0,-290.0
155.0,-49.0,169.0,-246.0,,-784.0,526.0,946.0,225.0,-316.0
133.0,-605.0,160.0,-112.0,,-909.0,602.0,903.0,136.0,-247.0
86.0,-920.0,152.0,-99.0,,-656.0,657.0,827.0,368.0,-228.0
28.0,186.0,162.0,-79.0,,-621.0,584.0,689.0,532.0,-158.0
-6.0,1029.0,198.0,25.0,,-1070.0,513.0,593.0,316.0,-77.0
-9.0,188.0,66.0,269.0,,-918.0,439.0,327.0,175.0,-68.0
-2.0,-99.0,171.0,486.0,,-552.0,363.0,284.0,329.0,-26.0
0.0,-540.0,108.0,537.0,,-695.0,382.0,83.0,282.0,205.0
2.0,-496.0,58.0,496.0,,-991.0,452.0,-27.0,-361.0,427.0
0.0,79.0,159.0,463.0,,-788.0,534.0,-35.0,-933.0,347.0
11.0,-954.0,142.0,428.0,,-237.0,625.0,-57.0,-1281.0,276.0
21.0,-304.0,57.0,379.0,,-271.0,653.0,142.0,-1367.0,485.0
31.0,738.0,60.0,304.0,,-840.0,691.0,225.0,-1048.0,665.0
24.0,-815.0,54.0,166.0,,-926.0,676.0,469.0,-979.0,654.0
14.0,-460.0,-16.0,-22.0,,-521.0,592.0,606.0,-1029.0,685.0
-34.0,1341.0,-6.0,-61.0,,-388.0,534.0,713.0,-485.0,744.0
-118.0,636.0,-28.0,10.0,,-483.0,456.0,796.0,306.0,691.0
-176.0,509.0,-118.0,195.0,,-492.0,430.0,569.0,844.0,692.0
-209.0,1922.0,-67.0,449.0,,-653.0,414.0,399.0,753.0,701.0
-215.0,1506.0,-135.0,538.0,,-805.0,394.0,27.0,-117.0,512.0
-239.0,210.0,-215.0,600.0,,-761.0,371.0,-205.0,-490.0,383.0
-240.0,-193.0,-155.0,607.0,,-905.0,316.0,-375.0,-381.0,465.0
-218.0,432.0,-328.0,574.0,,-1068.0,214.0,-530.0,-312.0,447.0
-185.0,147.0,-161.0,613.0,,-1045.0,88.0,-428.0,-170.0,257.0
-157.0,-92.0,-254.0,605.0,,-1089.0,-49.0,-397.0,-53.0,140.0
-109.0,443.0,-185.0,477.0,,-1440.0,-215.0,-134.0,244.0,109.0
-16.0,-252.0,-46.0,452.0,,-1638.0,-332.0,35.0,453.0,56.0
71.0,-370.0,-159.0,482.0,,-1312.0,-396.0,225.0,490.0,-52.0
152.0,-673.0,1.0,402.0,,-1227.0,-409.0,428.0,293.0,-253.0
194.0,-860.0,-23.0,297.0,,-1477.0,-387.0,441.0,93.0,-412.0
248.0,-287.0,77.0,238.0,,-1502.0,-235.0,580.0,130.0,-411.0
275.0,-704.0,-26.0,181.0,,-1239.0,-32.0,454.0,152.0,-280.0
264.0,-745.0,66.0,-125.0,,-1194.0,149.0,404.0,62.0,-233.0
246.0,-428.0,-37.0,-321.0,,-1229.0,337.0,314.0,-16.0,-358.0
213.0,-803.0,-129.0,-304.0,,-1024.0,497.0,179.0,141.0,-361.0
168.0,-1040.0,-42.0,-318.0,,-1045.0,679.0,134.0,298.0,-163.0
90.0,-752.0,-202.0,-249.0,,-1111.0,798.0,-55.0,315.0,4.0
38.0,266.0,-19.0,-78.0,,-1051.0,868.0,-3.0,574.0,0.0
0.0,812.0,-71.0,121.0,,-899.0,847.0,-64.0,859.0,11.0
-47.0,-360.0,-41.0,365.0,,-938.0,730.0,-1.0,570.0,123.0
-94.0,66.0,62.0,693.0,,-1049.0,646.0,155.0,185.0,240.0
-146.0,798.0,-61.0,868.0,,-866.0,528.0,177.0,-88.0,299.0
-194.0,-801.0,5.0,778.0,,-801.0,325.0,349.0,-285.0,222.0
-202.0,-1745.0,-35.0,547.0,,-934.0,159.0,351.0,-235.0,89.0
-210.0,-863.0,-151.0,349.0,,-995.0,99.0,471.0,-77.0,-34.0
-228.0,-319.0,-69.0,186.0,,-784.0,-8.0,583.0,175.0,-29.0
-219.0,-689.0,-106.0,76.0,,-873.0,-166.0,672.0,177.0,-4.0
-202.0,570.0,-43.0,-20.0,,-1014.0,-252.0,705.0,164.0,-161.0
-174.0,1576.0,-23.0,-83.0,,-837.0,-223.0,556.0,453.0,-278.0
-162.0,1458.0,-22.0,52.0,,-849.0,-33.0,532.0,593.0,-215.0
-111.0,1120.0,65.0,181.0,,-742.0,78.0,269.0,350.0,-170.0
-48.0,1521.0,37.0,217.0,,-773.0,0.0,120.0,254.0,-248.0
18.0,2609.0,89.0,240.0,,-855.0,-67.0,33.0,401.0,-207.0
98.0,797.0,54.0,379.0,,-755.0,-64.0,-147.0,429.0,-38.0
162.0,-338.0,110.0,585.0,,-688.0,-49.0,-206.0,229.0,-15.0
221.0,638.0,149.0,532.0,,-392.0,-152.0,-397.0,-60.0,-15.0
226.0,-633.0,109.0,413.0,,-290.0,-261.0,-297.0,5.0,113.0
215.0,-2529.0,80.0,343.0,,-365.0,-287.0,-142.0,36.0,224.0
176.0,-835.0,169.0,227.0,,-494.0,-287.0,49.0,-134.0,298.0
137.0,284.0,39.0,244.0,,-647.0,-257.0,243.0,-383.0,463.0
96.0,-1502.0,-45.0,282.0,,-799.0,-339.0,279.0,-746.0,619.0
35.0,-371.0,60.0,313.0,,-1106.0,-435.0,450.0,-1003.0,598.0
-8.0,1130.0,-153.0,202.0,,-993.0,-442.0,399.0,-965.0,629.0
-28.0,100.0,39.0,-27.0,,-1020.0,-476.0,546.0,-668.0,779.0
1.0,236.0,-39.0,-113.0,,-1216.0,-554.0,609.0,-580.0,810.0
51.0,2422.0,-68.0,-236.0,,-995.0,-617.0,491.0,-576.0,643.0
103.0,2698.0,142.0,-419.0,,-780.0,-642.0,513.0,-418.0,519.0
149.0,694.0,-36.0,-575.0,,-755.0,-635.0,382.0,-468.0,497.0
201.0,533.0,174.0,-725.0,,-989.0,-612.0,443.0,-699.0,336.0
231.0,946.0,117.0,-823.0,,-818.0,-584.0,345.0,-672.0,152.0
248.0,701.0,58.0,-801.0,,-390.0,-478.0,229.0,-633.0,-2.0
273.0,747.0,96.0,-611.0,,-594.0,-345.0,51.0,-664.0,-192.0
293.0,42.0,-38.0,-365.0,,-703.0,-221.0,-227.0,-366.0,-344.0
313.0,-424.0,-66.0,-160.0,,-666.0,-151.0,-229.0,5.0,-353.0
330.0,-216.0,-181.0,60.0,,-792.0,-183.0,-360.0,238.0,-431.0
350.0,-549.0,-152.0,236.0,,-686.0,-216.0,-288.0,317.0,-678.0
354.0,-447.0,-205.0,313.0,,-459.0,-249.0,-242.0,244.0,-811.0
359.0,-757.0,-198.0,381.0,,31.0,-190.0,-123.0,213.0,-786.0
345.0,-1095.0,-237.0,498.0,,-229.0,-110.0,153.0,232.0,-685.0
324.0,-1126.0,-207.0,472.0,,-420.0,-98.0,242.0,241.0,-726.0
341.0,-278.0,-149.0,298.0,,-155.0,-3.0,489.0,131.0,-767.0
354.0,1364.0,-139.0,210.0,,-412.0,110.0,548.0,226.0,-681.0
323.0,380.0,-33.0,124.0,,-335.0,193.0,676.0,605.0,-563.0
280.0,200.0,-174.0,-38.0,,-319.0,229.0,700.0,752.0,-508.0
247.0,1163.0,-100.0,-193.0,,21.0,221.0,548.0,837.0,-545.0
230.0,611.0,-139.0,-350.0,,-10.0,274.0,519.0,1016.0,-497.0
187.0,-633.0,-144.0,-579.0,,-109.0,232.0,267.0,788.0,-437.0
133.0,24.0,-61.0,-714.0,,273.0,44.0,195.0,400.0,-388.0
137.0,1776.0,-149.0,-716.0,,152.0,-165.0,16.0,308.0,-351.0
174.0,-404.0,-143.0,-692.0,,-78.0,-396.0,-127.0,145.0,-306.0
191.0,-1144.0,-223.0,-660.0,,-181.0,-593.0,-136.0,142.0,-343.0
193.0,449.0,-232.0,-505.0,,-21.0,-782.0,-195.0,194.0,-322.0
220.0,411.0,-310.0,-263.0,,-118.0,-942.0,18.0,158.0,-102.0
255.0,341.0,-293.0,-147.0,,133.0,-1062.0,127.0,69.0,-44.0
302.0,506.0,-371.0,-32.0,,358.0,-1275.0,317.0,0.0,-119.0
353.0,610.0,-320.0,78.0,,294.0,-1511.0,327.0,115.0,11.0
393.0,-80.0,-242.0,253.0,,111.0,-1638.0,240.0,-62.0,285.0
406.0,396.0,-276.0,424.0,,167.0,-1654.0,258.0,-224.0,303.0
417.0,286.0,-162.0,390.0,,526.0,-1634.0,88.0,-691.0,279.0
436.0,-660.0,-207.0,405.0,,280.0,-1565.0,114.0,-1091.0,398.0
464.0,-403.0,-147.0,464.0,,414.0,-1410.0,-62.0,-958.0,495.0
513.0,-980.0,-190.0,517.0,,512.0,-1182.0,-214.0,-1015.0,534.0
515.0,-1454.0,-238.0,558.0,,592.0,-931.0,-282.0,-763.0,563.0
488.0,-1196.0,-313.0,477.0,,774.0,-710.0,-402.0,-409.0,590.0
444.0,-833.0,-259.0,351.0,,893.0,-442.0,-273.0,104.0,423.0
387.0,-732.0,-320.0,202.0,,837.0,-237.0,-243.0,507.0,329.0
314.0,84.0,-277.0,253.0,,362.0,-155.0,-31.0,197.0,379.0
253.0,-305.0,-137.0,440.0,,402.0,-189.0,114.0,419.0,321.0
205.0,-888.0,-236.0,422.0,,613.0,-300.0,227.0,398.0,172.0
130.0,881.0,-25.0,433.0,,603.0,-316.0,343.0,-143.0,133.0
50.0,1421.0,-70.0,577.0,,414.0,-334.0,201.0,-50.0,184.0
-23.0,888.0,60.0,591.0,,386.0,-363.0,175.0,42.0,130.0
-63.0,397.0,159.0,434.0,,705.0,-361.0,-125.0,-143.0,144.0
-117.0,992.0,126.0,178.0,,841.0,-311.0,-321.0,-336.0,174.0
-161.0,1077.0,214.0,-101.0,,878.0,-260.0,-454.0,-319.0,204.0
-150.0,-232.0,119.0,-342.0,,1051.0,-343.0,-744.0,-432.0,256.0
-114.0,-159.0,201.0,-478.0,,820.0,-456.0,-840.0,-431.0,333.0
-88.0,-198.0,169.0,-468.0,,591.0,-548.0,-992.0,44.0,423.0
-61.0,-423.0,58.0,-350.0,,674.0,-605.0,-957.0,-66.0,330.0
7.0,-176.0,93.0,-163.0,,840.0,-666.0,-849.0,-446.0,261.0
101.0,-10.0,26.0,-24.0,,940.0,-767.0,-533.0,-96.0,357.0
189.0,135.0,-50.0,-2.0,,716.0,-867.0,-216.0,167.0,398.0
254.0,-666.0,67.0,-80.0,,697.0,-956.0,-123.0,384.0,222.0
283.0,-200.0,76.0,-91.0,,569.0,-1051.0,114.0,482.0,141.0
250.0,1271.0,63.0,50.0,,590.0,-1156.0,142.0,-167.0,139.0
214.0,554.0,153.0,176.0,,838.0,-1189.0,136.0,-530.0,0.0
211.0,235.0,178.0,279.0,,966.0,-1181.0,-7.0,-426.0,-43.0
235.0,532.0,156.0,238.0,,668.0,-1150.0,-186.0,-162.0,-69.0
286.0,567.0,185.0,64.0,,296.0,-1070.0,-234.0,-128.0,-153.0
328.0,892.0,154.0,0.0,,672.0,-928.0,-410.0,-105.0,-249.0
354.0,259.0,62.0,-32.0,,816.0,-832.0,-404.0,12.0,-198.0
385.0,-301.0,-48.0,-136.0,,915.0,-846.0,-541.0,-60.0,-196.0
393.0,-223.0,-66.0,-159.0,,1187.0,-855.0,-678.0,302.0,-415.0
399.0,272.0,-105.0,-130.0,,1303.0,-858.0,-772.0,191.0,-462.0
393.0,650.0,-170.0,-258.0,,1213.0,-769.0,-886.0,-38.0,-375.0
341.0,-276.0,8.0,-390.0,,987.0,-700.0,-716.0,122.0,-326.0
319.0,-514.0,-19.0,-397.0,,1111.0,-707.0,-609.0,-32.0,-381.0
276.0,147.0,44.0,-307.0,,1195.0,-662.0,-382.0,106.0,-365.0
193.0,-491.0,183.0,-204.0,,866.0,-642.0,-262.0,130.0,-251.0
105.0,-613.0,118.0,-86.0,,711.0,-601.0,-206.0,188.0,-181.0
91.0,-999.0,196.0,50.0,,911.0,-552.0,-110.0,318.0,-67.0
126.0,-905.0,162.0,183.0,,909.0,-452.0,-249.0,55.0,29.0
108.0,58.0,55.0,435.0,,898.0,-260.0,-253.0,20.0,65.0
84.0,-99.0,93.0,615.0,,831.0,-129.0,-362.0,-195.0,106.0
79.0,211.0,20.0,598.0,,490.0,-46.0,-367.0,-491.0,229.0
97.0,-726.0,-5.0,529.0,,68.0,35.0,-352.0,-417.0,223.0
50.0,-775.0,53.0,499.0,,199.0,32.0,-404.0,-350.0,66.0
22.0,257.0,32.0,373.0,,608.0,-33.0,-232.0,-511.0,-34.0
43.0,109.0,138.0,206.0,,455.0,-157.0,-219.0,-526.0,-56.0
66.0,-362.0,221.0,87.0,,160.0,-341.0,-59.0,-392.0,-167.0
62.0,-537.0,211.0,-160.0,,145.0,-507.0,20.0,-236.0,-400.0
-2.0,812.0,272.0,-360.0,,282.0,-661.0,18.0,4.0,-489.0
-14.0,828.0,304.0,-432.0,,271.0,-716.0,68.0,98.0,-521.0
-16.0,890.0,283.0,-465.0,,730.0,-707.0,-53.0,201.0,-659.0
-2.0,1052.0,341.0,-323.0,,686.0,-691.0,-94.0,217.0,-780.0
12.0,-699.0,274.0,-201.0,,129.0,-638.0,-325.0,403.0,-684.0
20.0,-1033.0,222.0,-165.0,,350.0,-578.0,-426.0,504.0,-661.0
40.0,-205.0,261.0,-62.0,,573.0,-470.0,-535.0,400.0,-709.0
15.0,176.0,208.0,-76.0,,785.0,-383.0,-702.0,302.0,-551.0
-37.0,-596.0,269.0,-3.0,,687.0,-319.0,-715.0,330.0,-490.0
-93.0,-1717.0,328.0,107.0,,785.0,-172.0,-792.0,518.0,-585.0
-89.0,-834.0,269.0,80.0,,871.0,-31.0,-611.0,49.0,-555.0
-65.0,-304.0,265.0,34.0,,770.0,0.0,-558.0,-186.0,-327.0
-87.0,-846.0,299.0,-89.0,,1051.0,7.0,-480.0,-53.0,-256.0
-124.0,-813.0,232.0,-179.0,,1108.0,-37.0,-413.0,10.0,-346.0
-140.0,-895.0,272.0,-340.0,,1067.0,-111.0,-461.0,169.0,-367.0
-160.0,-481.0,319.0,-420.0,,645.0,-31.0,-297.0,77.0,-392.0
-172.0,-728.0,276.0,-321.0,,818.0,67.0,-343.0,-103.0,-415.0
-156.0,-1543.0,360.0,-435.0,,1352.0,124.0,-293.0,-188.0,-369.0
-100.0,-1099.0,303.0,-684.0,,1234.0,177.0,-362.0,155.0,-337.0
-34.0,296.0,216.0,-759.0,,1084.0,189.0,-491.0,141.0,-465.0
6.0,704.0,303.0,-730.0,,997.0,165.0,-450.0,-26.0,-512.0
28.0,256.0,211.0,-667.0,,1148.0,47.0,-558.0,30.0,-366.0
61.0,-205.0,171.0,-488.0,,1045.0,-42.0,-445.0,-24.0,-273.0
132.0,60.0,305.0,-179.0,,878.0,-50.0,-362.0,340.0,-292.0
190.0,2041.0,205.0,77.0,,1038.0,-80.0,-293.0,505.0,-275.0
200.0,2167.0,257.0,224.0,,460.0,-63.0,-288.0,517.0,-173.0
186.0,990.0,281.0,439.0,,238.0,-10.0,-369.0,438.0,-18.0
160.0,-266.0,219.0,532.0,,647.0,-17.0,-351.0,463.0,169.0
73.0,-221.0,300.0,547.0,,584.0,-47.0,-522.0,965.0,266.0
19.0,1110.0,167.0,501.0,,634.0,-82.0,-565.0,735.0,273.0
0.0,-121.0,167.0,410.0,,680.0,-144.0,-674.0,-40.0,400.0
52.0,-1502.0,189.0,532.0,,1007.0,-224.0,-702.0,-314.0,636.0
92.0,-879.0,179.0,482.0,,501.0,-207.0,-598.0,-225.0,743.0
58.0,910.0,137.0,329.0,,38.0,-95.0,-565.0,-244.0,698.0
83.0,908.0,208.0,419.0,,534.0,-81.0,-284.0,-521.0,605.0
111.0,702.0,286.0,477.0,,646.0,-29.0,-151.0,-699.0,512.0
147.0,897.0,226.0,453.0,,628.0,107.0,24.0,-821.0,449.0
170.0,-159.0,417.0,302.0,,517.0,183.0,55.0,-775.0,414.0
292.0,1436.0,421.0,45.0,,792.0,305.0,-86.0,-288.0,328.0
361.0,1808.0,540.0,-145.0,,695.0,432.0,-112.0,-225.0,217.0
348.0,24.0,658.0,-281.0,,897.0,514.0,-345.0,-461.0,125.0
328.0,486.0,620.0,-304.0,,949.0,574.0,-491.0,-391.0,137.0
370.0,1177.0,640.0,-226.0,,724.0,571.0,-755.0,-313.0,227.0
440.0,738.0,658.0,-174.0,,816.0,581.0,-877.0,-286.0,175.0
407.0,-438.0,648.0,-114.0,,625.0,571.0,-768.0,-43.0,101.0
491.0,-1074.0,505.0,31.0,,1106.0,523.0,-667.0,79.0,112.0
548.0,-1480.0,527.0,163.0,,804.0,465.0,-325.0,327.0,204.0
586.0,-872.0,465.0,266.0,,607.0,384.0,-151.0,901.0,221.0
547.0,-419.0,400.0,384.0,,970.0,338.0,38.0,863.0,162.0
491.0,-1617.0,317.0,591.0,,847.0,322.0,24.0,605.0,157.0
503.0,-1096.0,289.0,614.0,,730.0,373.0,-186.0,323.0,172.0
504.0,-528.0,199.0,425.0,,582.0,391.0,-299.0,350.0,250.0
462.0,-94.0,90.0,251.0,,1037.0,417.0,-508.0,380.0,186.0
376.0,800.0,209.0,-22.0,,1132.0,473.0,-397.0,300.0,117.0
382.0,916.0,36.0,-83.0,,605.0,390.0,-280.0,263.0,98.0
343.0,1334.0,47.0,3.0,,630.0,318.0,-62.0,-111.0,-52.0
296.0,2426.0,63.0,18.0,,863.0,352.0,177.0,264.0,-121.0
256.0,2093.0,30.0,-56.0,,930.0,400.0,264.0,605.0,-57.0
301.0,1051.0,87.0,-199.0,,1267.0,353.0,467.0,443.0,-88.0
325.0,1227.0,54.0,-109.0,,1055.0,353.0,404.0,23.0,-191.0
331.0,-342.0,203.0,53.0,,757.0,447.0,367.0,-214.0,-39.0
361.0,11.0,135.0,141.0,,828.0,434.0,230.0,-16.0,47.0
334.0,874.0,241.0,236.0,,809.0,296.0,164.0,128.0,-100.0
349.0,-502.0,326.0,304.0,,997.0,172.0,201.0,280.0,-101.0
361.0,-892.0,296.0,424.0,,562.0,122.0,53.0,-150.0,-37.0
375.0,-776.0,461.0,563.0,,715.0,87.0,94.0,-295.0,-123.0
340.0,-308.0,395.0,533.0,,811.0,176.0,-60.0,42.0,-247.0
383.0,-1623.0,422.0,338.0,,411.0,275.0,-79.0,169.0,-257.0
400.0,-1486.0,440.0,48.0,,579.0,272.0,-1.0,165.0,-301.0
413.0,-673.0,501.0,-220.0,,303.0,319.0,16.0,226.0,-433.0
437.0,-1255.0,464.0,-415.0,,555.0,467.0,168.0,374.0,-485.0
465.0,-111.0,398.0,-574.0,,611.0,603.0,112.0,439.0,-381.0
536.0,501.0,457.0,-581.0,,439.0,696.0,158.0,378.0,-244.0
546.0,678.0,351.0,-416.0,,562.0,763.0,88.0,155.0,-230.0
586.0,943.0,409.0,-176.0,,250.0,748.0,57.0,111.0,-179.0
539.0,1117.0,390.0,30.0,,580.0,737.0,57.0,94.0,-45.0
533.0,1316.0,404.0,225.0,,766.0,647.0,-90.0,351.0,-13.0
506.0,878.0,493.0,436.0,,583.0,495.0,-46.0,464.0,131.0
433.0,-240.0,446.0,539.0,,382.0,341.0,-205.0,311.0,298.0
409.0,-1095.0,509.0,717.0,,175.0,192.0,-273.0,289.0,235.0
359.0,-246.0,525.0,832.0,,302.0,199.0,-288.0,-141.0,253.0
295.0,557.0,517.0,640.0,,354.0,184.0,-314.0,-439.0,332.0
217.0,187.0,587.0,464.0,,664.0,112.0,-171.0,-472.0,325.0
154.0,280.0,516.0,338.0,,628.0,93.0,-151.0,-337.0,231.0
87.0,1001.0,537.0,162.0,,369.0,137.0,27.0,-171.0,34.0
58.0,911.0,560.0,52.0,,75.0,289.0,147.0,-121.0,-91.0
1.0,876.0,485.0,17.0,,78.0,380.0,349.0,153.0,-95.0
-46.0,962.0,478.0,12.0,,626.0,450.0,569.0,180.0,-76.0
-71.0,348.0,443.0,-155.0,,355.0,649.0,668.0,67.0,-67.0
-74.0,414.0,362.0,-274.0,,361.0,842.0,857.0,74.0,-47.0
-103.0,1234.0,304.0,-133.0,,504.0,886.0,776.0,-161.0,-30.0
-135.0,1923.0,388.0,-56.0,,456.0,771.0,685.0,-331.0,17.0
-134.0,962.0,330.0,27.0,,655.0,680.0,436.0,-138.0,169.0
-126.0,-93.0,307.0,110.0,,358.0,643.0,160.0,25.0,279.0
-113.0,473.0,245.0,78.0,,380.0,609.0,-3.0,-91.0,180.0
-156.0,-304.0,259.0,78.0,,148.0,561.0,-230.0,-358.0,59.0
-155.0,-916.0,224.0,98.0,,12.0,491.0,-210.0,-344.0,86.0
-128.0,-675.0,258.0,173.0,,316.0,480.0,-284.0,-113.0,160.0
-93.0,-1001.0,327.0,322.0,,-31.0,543.0,-153.0,-22.0,152.0
-84.0,-78.0,196.0,395.0,,-184.0,676.0,33.0,0.0,102.0
-40.0,365.0,336.0,366.0,,-144.0,723.0,59.0,-75.0,11.0
-34.0,103.0,137.0,301.0,,-69.0,729.0,188.0,-383.0,-31.0
-91.0,516.0,305.0,149.0,,-287.0,800.0,112.0,-496.0,96.0
-120.0,894.0,164.0,-73.0,,-514.0,825.0,212.0,-215.0,179.0
-134.0,765.0,17.0,-156.0,,-67.0,779.0,260.0,-228.0,187.0
-102.0,1168.0,321.0,-48.0,,14.0,726.0,323.0,-116.0,95.0
-127.0,2223.0,87.0,38.0,,-242.0,743.0,546.0,39.0,40.0
-144.0,1481.0,257.0,80.0,,-339.0,705.0,578.0,-242.0,185.0
-190.0,1121.0,281.0,102.0,,-201.0,607.0,679.0,-142.0,216.0
-210.0,1466.0,333.0,20.0,,-234.0,469.0,609.0,39.0,152.0
-222.0,147.0,293.0,-49.0,,-566.0,289.0,509.0,-113.0,138.0
-237.0,-409.0,289.0,76.0,,-551.0,113.0,319.0,-24.0,146.0
-181.0,-395.0,381.0,283.0,,-281.0,-62.0,133.0,315.0,144.0
-129.0,-1088.0,168.0,325.0,,-242.0,-101.0,79.0,401.0,165.0
-58.0,-1552.0,264.0,276.0,,-272.0,-97.0,-107.0,218.0,124.0
-12.0,-1687.0,145.0,460.0,,-97.0,-56.0,-20.0,-169.0,-27.0
49.0,-847.0,109.0,761.0,,-352.0,57.0,-55.0,-433.0,-118.0
56.0,-241.0,61.0,895.0,,-404.0,115.0,-14.0,-436.0,-125.0
30.0,-757.0,46.0,877.0,,-116.0,185.0,129.0,-154.0,-152.0
-8.0,-554.0,108.0,852.0,,-250.0,272.0,194.0,328.0,-310.0
-38.0,94.0,0.0,795.0,,-402.0,349.0,445.0,424.0,-413.0
-40.0,-271.0,161.0,563.0,,-542.0,405.0,419.0,376.0,-437.0
-87.0,-1008.0,61.0,462.0,,-334.0,504.0,513.0,164.0,-486.0
-108.0,-521.0,76.0,321.0,,-352.0,550.0,602.0,-321.0,-468.0
-133.0,-886.0,151.0,89.0,,-552.0,481.0,681.0,-745.0,-437.0
-97.0,-1716.0,70.0,142.0,,-328.0,517.0,740.0,-975.0,-370.0
-103.0,-235.0,258.0,200.0,,-445.0,613.0,506.0,-880.0,-268.0
-103.0,538.0,219.0,186.0,,-745.0,703.0,513.0,-426.0,-160.0
-90.0,-173.0,261.0,220.0,,-638.0,719.0,384.0,9.0,-83.0
-135.0,-573.0,274.0,349.0,,-509.0,736.0,243.0,11.0,-61.0
-105.0,10.0,155.0,403.0,,-645.0,758.0,182.0,-168.0,-43.0
-160.0,458.0,192.0,385.0,,-671.0,666.0,227.0,-241.0,-34.0
-134.0,42.0,189.0,496.0,,-876.0,658.0,469.0,-195.0,-81.0
-116.0,425.0,181.0,552.0,,-971.0,653.0,500.0,-495.0,-179.0
-106.0,1014.0,116.0,461.0,,-898.0,643.0,624.0,-942.0,-274.0
-45.0,1948.0,164.0,308.0,,-761.0,657.0,576.0,-815.0,-321.0
-86.0,2462.0,124.0,238.0,,-471.0,643.0,493.0,-346.0,-284.0
-24.0,1349.0,102.0,149.0,,-673.0,646.0,428.0,-40.0,-288.0
-19.0,573.0,182.0,-67.0,,-755.0,582.0,332.0,-185.0,-300.0
26.0,639.0,109.0,-263.0,,-536.0,564.0,532.0,-423.0,-233.0
42.0,573.0,119.0,-384.0,,-556.0,598.0,522.0,-476.0,-114.0
60.0,643.0,50.0,-493.0,,-661.0,623.0,631.0,-342.0,-68.0
133.0,293.0,34.0,-547.0,,-658.0,654.0,715.0,-190.0,-63.0
115.0,-301.0,27.0,-409.0,,-319.0,688.0,648.0,-159.0,-8.0
127.0,-201.0,-101.0,-294.0,,-299.0,723.0,694.0,-75.0,-71.0
85.0,-9.0,-26.0,-335.0,,-780.0,670.0,582.0,-30.0,-201.0
88.0,-411.0,-21.0,-408.0,,-661.0,553.0,617.0,193.0,-187.0
20.0,-1121.0,-34.0,-560.0,,-428.0,370.0,528.0,327.0,-52.0
-31.0,-1058.0,-63.0,-673.0,,-444.0,174.0,484.0,32.0,-57.0
-90.0,-1627.0,-37.0,-598.0,,-400.0,32.0,485.0,-369.0,49.0
-155.0,-2234.0,-9.0,-445.0,,-396.0,-43.0,369.0,-416.0,238.0
-223.0,-2048.0,-48.0,-342.0,,-135.0,-116.0,469.0,-171.0,221.0
-310.0,-1905.0,10.0,-175.0,,-102.0,-206.0,415.0,-228.0,275.0
-319.0,-1511.0,-51.0,77.0,,-274.0,-157.0,456.0,-428.0,407.0
-370.0,-945.0,107.0,300.0,,-422.0,-52.0,454.0,-511.0,511.0
-346.0,-112.0,17.0,401.0,,-502.0,24.0,351.0,-634.0,469.0
-356.0,274.0,-106.0,308.0,,-428.0,84.0,351.0,-758.0,469.0
-340.0,165.0,39.0,266.0,,-290.0,148.0,230.0,-459.0,579.0
-351.0,-88.0,-62.0,294.0,,-332.0,283.0,218.0,-337.0,580.0
-346.0,957.0,14.0,187.0,,-690.0,372.0,114.0,-519.0,550.0
-327.0,1546.0,39.0,114.0,,-627.0,428.0,153.0,-386.0,510.0
-315.0,1432.0,64.0,107.0,,-557.0,440.0,251.0,-393.0,448.0
-278.0,2394.0,93.0,-138.0,,-623.0,369.0,299.0,-216.0,362.0
-289.0,2645.0,93.0,-508.0,,-497.0,345.0,467.0,69.0,380.0
-221.0,2347.0,196.0,-629.0,,-256.0,319.0,400.0,-113.0,543.0
-173.0,1475.0,116.0,-623.0,,-279.0,223.0,436.0,-119.0,493.0
-75.0,716.0,158.0,-760.0,,-571.0,90.0,325.0,406.0,208.0
-15.0,232.0,109.0,-916.0,,-632.0,12.0,290.0,311.0,76.0
62.0,204.0,81.0,-793.0,,-861.0,33.0,430.0,102.0,82.0
132.0,190.0,68.0,-559.0,,-967.0,44.0,291.0,640.0,-5.0
144.0,-169.0,-22.0,-474.0,,-694.0,62.0,430.0,638.0,-259.0
134.0,63.0,92.0,-297.0,,-365.0,129.0,521.0,346.0,-433.0
81.0,-160.0,-86.0,-24.0,,-630.0,215.0,532.0,117.0,-449.0
56.0,291.0,-70.0,75.0,,-853.0,305.0,495.0,-282.0,-474.0
-4.0,293.0,-13.0,7.0,,-767.0,368.0,371.0,-612.0,-370.0
-38.0,-551.0,-97.0,-78.0,,-845.0,403.0,260.0,-694.0,-320.0
-105.0,-700.0,27.0,-217.0,,-1147.0,408.0,-64.0,-631.0,-419.0
-136.0,-1301.0,-26.0,-370.0,,-1453.0,450.0,-136.0,-514.0,-364.0
-169.0,-980.0,4.0,-383.0,,-1008.0,473.0,-308.0,-175.0,-151.0
-192.0,-443.0,-55.0,-340.0,,-1091.0,379.0,-424.0,63.0,-22.0
-220.0,-1295.0,-27.0,-274.0,,-1216.0,248.0,-338.0,152.0,-65.0
-282.0,-1298.0,-8.0,-158.0,,-955.0,110.0,-358.0,71.0,-47.0
-297.0,-596.0,0.0,34.0,,-1016.0,-14.0,-103.0,-135.0,70.0
-338.0,-317.0,40.0,126.0,,-1085.0,-171.0,136.0,-290.0,134.0
-390.0,-413.0,-41.0,43.0,,-898.0,-298.0,436.0,-349.0,86.0
-480.0,-531.0,132.0,0.0,,-605.0,-295.0,661.0,-336.0,-12.0
-530.0,327.0,88.0,-144.0,,-785.0,-278.0,820.0,-224.0,3.0
-559.0,695.0,163.0,-409.0,,-611.0,-323.0,966.0,-356.0,98.0
-566.0,573.0,334.0,-559.0,,-435.0,-466.0,824.0,-544.0,209.0
-538.0,749.0,229.0,-624.0,,-290.0,-607.0,752.0,-383.0,240.0
-503.0,-203.0,292.0,-563.0,,-313.0,-634.0,424.0,-369.0,97.0
-447.0,-1323.0,290.0,-367.0,,-542.0,-596.0,205.0,-302.0,-8.0
-377.0,-504.0,100.0,-94.0,,-223.0,-579.0,90.0,-221.0,61.0
-301.0,228.0,152.0,231.0,,-583.0,-588.0,-221.0,-361.0,76.0
-215.0,-603.0,111.0,421.0,,-976.0,-528.0,-315.0,-539.0,-179.0
-142.0,323.0,-46.0,613.0,,-738.0,-419.0,-482.0,-567.0,-379.0
-88.0,1115.0,48.0,679.0,,-669.0,-321.0,-515.0,-298.0,-281.0
-32.0,523.0,54.0,465.0,,-637.0,-224.0,-535.0,307.0,-278.0
-44.0,57.0,44.0,317.0,,-779.0,-148.0,-487.0,721.0,-404.0
-60.0,-833.0,84.0,60.0,,-757.0,-84.0,-334.0,524.0,-421.0
-73.0,-604.0,73.0,-266.0,,-613.0,4.0,-315.0,481.0,-527.0
-94.0,-360.0,79.0,-566.0,,-807.0,57.0,-77.0,490.0,-677.0
-141.0,-68.0,111.0,-845.0,,-1035.0,52.0,44.0,414.0,-620.0
-162.0,399.0,-6.0,-812.0,,-1350.0,-14.0,247.0,179.0,-603.0
-145.0,408.0,102.0,-587.0,,-1285.0,-64.0,421.0,-120.0,-838.0
-165.0,356.0,126.0,-302.0,,-876.0,-19.0,371.0,-51.0,-1001.0
-221.0,135.0,-103.0,-112.0,,-944.0,-5.0,360.0,-70.0,-933.0
-273.0,546.0,29.0,27.0,,-1233.0,18.0,55.0,29.0,-897.0
-248.0,-11.0,-77.0,131.0,,-1184.0,67.0,-303.0,143.0,-966.0
-235.0,-846.0,-116.0,-7.0,,-676.0,116.0,-727.0,28.0,-982.0
-239.0,-324.0,-26.0,-124.0,,-571.0,177.0,-1006.0,-112.0,-908.0
-282.0,851.0,-66.0,-75.0,,-734.0,102.0,-1145.0,-239.0,-860.0
-315.0,430.0,28.0,-140.0,,-576.0,-110.0,-1285.0,-43.0,-855.0
-351.0,-1340.0,4.0,-353.0,,-551.0,-277.0,-1047.0,81.0,-834.0
-418.0,-852.0,-3.0,-299.0,,-593.0,-364.0,-901.0,-118.0,-819.0
-462.0,-87.0,56.0,-117.0,,-708.0,-490.0,-606.0,-37.0,-794.0
-469.0,-608.0,122.0,-188.0,,-792.0,-647.0,-284.0,194.0,-752.0
-424.0,-977.0,102.0,-420.0,,-700.0,-717.0,-120.0,298.0,-743.0
-420.0,-592.0,197.0,-518.0,,-430.0,-700.0,190.0,151.0,-727.0
-405.0,-850.0,270.0,-378.0,,-220.0,-705.0,291.0,-171.0,-607.0
-363.0,-2118.0,153.0,-242.0,,-146.0,-692.0,410.0,-17.0,-496.0
-305.0,-1873.0,242.0,-80.0,,-246.0,-582.0,303.0,210.0,-581.0
-282.0,-1473.0,239.0,207.0,,-156.0,-505.0,96.0,50.0,-617.0
-263.0,-1456.0,103.0,394.0,,270.0,-504.0,-171.0,-12.0,-555.0
-219.0,-890.0,89.0,436.0,,-65.0,-475.0,-602.0,104.0,-579.0
-190.0,343.0,126.0,536.0,,-349.0,-450.0,-744.0,199.0,-497.0
-197.0,1654.0,122.0,560.0,,-307.0,-464.0,-896.0,476.0,-488.0
-251.0,1070.0,93.0,402.0,,-116.0,-467.0,-772.0,546.0,-568.0
-272.0,630.0,152.0,112.0,,-131.0,-481.0,-646.0,262.0,-474.0
-313.0,1113.0,228.0,-184.0,,-542.0,-525.0,-607.0,243.0,-316.0
-342.0,712.0,280.0,-312.0,,-111.0,-526.0,-360.0,113.0,-179.0
-363.0,-248.0,324.0,-411.0,,28.0,-488.0,-254.0,-183.0,-230.0
-349.0,-1012.0,447.0,-542.0,,-271.0,-504.0,-114.0,-172.0,-287.0
-314.0,-788.0,374.0,-737.0,,-459.0,-572.0,-125.0,-101.0,-188.0
-317.0,-1226.0,355.0,-955.0,,-344.0,-629.0,-101.0,-300.0,-85.0
-308.0,-1293.0,459.0,-1002.0,,-173.0,-623.0,-158.0,-162.0,-81.0
-280.0,-14.0,307.0,-792.0,,-227.0,-598.0,-341.0,377.0,-265.0
-266.0,290.0,365.0,-456.0,,43.0,-530.0,-339.0,548.0,-391.0
-312.0,381.0,313.0,-208.0,,-275.0,-439.0,-471.0,278.0,-415.0
-359.0,59.0,284.0,-63.0,,-528.0,-411.0,-539.0,-440.0,-426.0
-394.0,-72.0,353.0,33.0,,-259.0,-383.0,-703.0,-625.0,-485.0
-432.0,27.0,261.0,169.0,,-31.0,-377.0,-744.0,-93.0,-633.0
-486.0,-151.0,338.0,363.0,,136.0,-419.0,-570.0,-98.0,-643.0
-509.0,21.0,335.0,425.0,,-29.0,-517.0,-484.0,-219.0,-610.0
-496.0,353.0,367.0,297.0,,-220.0,-628.0,-256.0,166.0,-587.0
-491.0,680.0,387.0,43.0,,-183.0,-685.0,-208.0,566.0,-529.0
-476.0,158.0,390.0,-202.0,,-271.0,-715.0,-136.0,770.0,-604.0
-425.0,-587.0,423.0,-224.0,,-269.0,-747.0,-155.0,749.0,-608.0
-342.0,-867.0,396.0,-220.0,,7.0,-730.0,-308.0,434.0,-381.0
-295.0,-114.0,378.0,-234.0,,-283.0,-642.0,-400.0,458.0,-301.0
-225.0,-179.0,291.0,-192.0,,-575.0,-554.0,-727.0,664.0,-420.0
-164.0,-939.0,297.0,-244.0,,-299.0,-426.0,-840.0,747.0,-420.0
-176.0,-190.0,177.0,-270.0,,-90.0,-258.0,-947.0,931.0,-295.0
-205.0,235.0,200.0,-254.0,,-244.0,-132.0,-938.0,788.0,-276.0
-195.0,-260.0,226.0,-169.0,,-239.0,-135.0,-735.0,364.0,-373.0
-162.0,-895.0,152.0,-42.0,,-18.0,-214.0,-646.0,160.0,-499.0
-196.0,-1031.0,304.0,77.0,,-259.0,-281.0,-402.0,201.0,-582.0
-250.0,-708.0,245.0,214.0,,-757.0,-328.0,-375.0,-64.0,-490.0
-243.0,-282.0,332.0,305.0,,-653.0,-391.0,-343.0,-234.0,-430.0
-228.0,104.0,377.0,436.0,,-147.0,-571.0,-345.0,-265.0,-373.0
-233.0,369.0,379.0,580.0,,-293.0,-724.0,-484.0,-624.0,-393.0
-224.0,8.0,480.0,593.0,,-345.0,-780.0,-539.0,-617.0,-398.0
-172.0,-527.0,420.0,491.0,,-87.0,-822.0,-702.0,-465.0,-167.0
-123.0,-379.0,433.0,494.0,,-106.0,-835.0,-755.0,-617.0,-8.0
-111.0,-327.0,436.0,597.0,,-425.0,-822.0,-822.0,-778.0,112.0
-91.0,-1067.0,429.0,536.0,,-594.0,-777.0,-755.0,-439.0,159.0
-91.0,-1493.0,442.0,334.0,,-426.0,-725.0,-648.0,97.0,202.0
-89.0,-431.0,503.0,182.0,,-394.0,-624.0,-613.0,335.0,316.0
-107.0,-723.0,440.0,12.0,,-207.0,-448.0,-493.0,475.0,461.0
-116.0,-776.0,398.0,-267.0,,-91.0,-258.0,-593.0,295.0,516.0
-111.0,-88.0,468.0,-428.0,,-9.0,-68.0,-613.0,589.0,396.0
-122.0,97.0,414.0,-318.0,,-127.0,31.0,-692.0,1141.0,454.0
-101.0,1219.0,404.0,-108.0,,-222.0,-10.0,-755.0,1095.0,456.0
-80.0,510.0,443.0,162.0,,-125.0,-118.0,-766.0,1007.0,448.0
-13.0,-117.0,343.0,430.0,,-404.0,-226.0,-894.0,704.0,558.0
28.0,301.0,358.0,637.0,,-391.0,-339.0,-811.0,347.0,459.0
69.0,681.0,279.0,805.0,,-77.0,-534.0,-877.0,126.0,447.0
109.0,455.0,317.0,851.0,,45.0,-773.0,-803.0,145.0,534.0
122.0,601.0,303.0,959.0,,-217.0,-943.0,-639.0,58.0,544.0
123.0,870.0,202.0,1032.0,,-357.0,-997.0,-624.0,-26.0,486.0
81.0,-538.0,401.0,839.0,,-225.0,-942.0,-489.0,153.0,450.0
77.0,-46.0,212.0,577.0,,-455.0,-793.0,-421.0,211.0,491.0
36.0,210.0,284.0,405.0,,-586.0,-626.0,-277.0,496.0,460.0
-5.0,-122.0,225.0,326.0,,-436.0,-470.0,-238.0,178.0,502.0
6.0,-1.0,279.0,266.0,,-348.0,-324.0,-96.0,50.0,500.0
37.0,243.0,332.0,58.0,,-250.0,-239.0,112.0,286.0,415.0
43.0,704.0,147.0,-173.0,,-58.0,-269.0,75.0,-5.0,312.0
19.0,627.0,362.0,-380.0,,106.0,-378.0,55.0,394.0,165.0
33.0,900.0,205.0,-573.0,,-16.0,-392.0,-190.0,718.0,72.0
85.0,-155.0,384.0,-432.0,,-346.0,-336.0,-338.0,480.0,4.0
103.0,-205.0,286.0,-110.0,,-338.0,-348.0,-452.0,677.0,-137.0
66.0,-121.0,255.0,222.0,,-323.0,-429.0,-589.0,965.0,-289.0
60.0,-576.0,282.0,467.0,,-601.0,-486.0,-633.0,934.0,-237.0
83.0,810.0,20.0,660.0,,-517.0,-497.0,-912.0,786.0,-156.0
93.0,843.0,243.0,799.0,,-213.0,-481.0,-990.0,475.0,-135.0
74.0,248.0,69.0,768.0,,-58.0,-414.0,-1045.0,253.0,-222.0
69.0,361.0,148.0,713.0,,-10.0,-359.0,-975.0,380.0,-197.0
87.0,114.0,213.0,595.0,,122.0,-310.0,-731.0,213.0,-52.0
93.0,-454.0,107.0,570.0,,287.0,-327.0,-576.0,-118.0,-70.0
89.0,-627.0,270.0,500.0,,132.0,-433.0,-406.0,-126.0,-24.0
78.0,-144.0,247.0,256.0,,-184.0,-528.0,-460.0,-418.0,-6.0
116.0,-855.0,317.0,-121.0,,-191.0,-517.0,-384.0,-437.0,-44.0
135.0,-1116.0,397.0,-434.0,,-16.0,-435.0,-417.0,-2.0,50.0
100.0,-735.0,351.0,-476.0,,-35.0,-405.0,-515.0,27.0,286.0
50.0,-1105.0,405.0,-410.0,,-64.0,-402.0,-456.0,-100.0,367.0
-19.0,-339.0,398.0,-328.0,,-210.0,-462.0,-506.0,0.0,280.0
-79.0,-37.0,335.0,-339.0,,-292.0,-501.0,-319.0,415.0,441.0
-127.0,390.0,528.0,-137.0,,-196.0,-521.0,-267.0,496.0,725.0
-152.0,1336.0,421.0,116.0,,-237.0,-589.0,-306.0,278.0,739.0
-173.0,-4.0,453.0,344.0,,-250.0,-578.0,-384.0,-51.0,580.0
-210.0,-903.0,582.0,725.0,,-113.0,-540.0,-572.0,-174.0,529.0
-204.0,-128.0,409.0,954.0,,129.0,-453.0,-635.0,-113.0,483.0
-191.0,-628.0,550.0,1128.0,,164.0,-285.0,-774.0,-391.0,414.0
-183.0,-838.0,472.0,1130.0,,-29.0,-141.0,-715.0,-65.0,413.0
-125.0,-280.0,503.0,982.0,,-163.0,-15.0,-657.0,310.0,330.0
-57.0,-924.0,572.0,768.0,,22.0,105.0,-517.0,417.0,101.0
10.0,-657.0,534.0,500.0,,75.0,170.0,-362.0,592.0,42.0
79.0,27.0,514.0,307.0,,-79.0,129.0,-343.0,625.0,184.0
148.0,206.0,372.0,47.0,,304.0,59.0,-138.0,646.0,266.0
193.0,577.0,552.0,-265.0,,471.0,58.0,-151.0,310.0,220.0
200.0,690.0,381.0,-504.0,,235.0,66.0,-68.0,278.0,155.0
214.0,747.0,367.0,-348.0,,202.0,51.0,-5.0,209.0,227.0
233.0,671.0,507.0,-39.0,,214.0,38.0,-116.0,123.0,246.0
242.0,30.0,289.0,198.0,,240.0,96.0,-253.0,461.0,299.0
239.0,-1061.0,396.0,335.0,,-6.0,213.0,-615.0,475.0,416.0
253.0,15.0,371.0,270.0,,-176.0,278.0,-777.0,630.0,285.0
246.0,968.0,309.0,383.0,,116.0,289.0,-981.0,786.0,196.0
251.0,91.0,454.0,560.0,,271.0,243.0,-979.0,761.0,273.0
234.0,550.0,397.0,735.0,,208.0,138.0,-857.0,514.0,370.0
214.0,675.0,393.0,824.0,,108.0,37.0,-849.0,324.0,325.0
232.0,313.0,453.0,702.0,,-14.0,-19.0,-558.0,298.0,222.0
191.0,-176.0,387.0,506.0,,42.0,-35.0,-393.0,152.0,336.0
157.0,-527.0,367.0,182.0,,205.0,-63.0,-129.0,401.0,434.0
122.0,183.0,300.0,-85.0,,308.0,-102.0,0.0,413.0,495.0
97.0,7.0,244.0,-216.0,,402.0,-103.0,-40.0,282.0,509.0
31.0,-406.0,178.0,-280.0,,479.0,-87.0,14.0,459.0,582.0
-27.0,93.0,104.0,-130.0,,555.0,-107.0,9.0,519.0,720.0
-44.0,63.0,13.0,120.0,,505.0,-126.0,169.0,465.0,668.0
-91.0,-658.0,-78.0,254.0,,419.0,-49.0,44.0,408.0,725.0
-103.0,121.0,30.0,318.0,,420.0,70.0,-59.0,-41.0,879.0
-115.0,1227.0,-95.0,454.0,,476.0,151.0,-188.0,-382.0,799.0
-66.0,320.0,-59.0,722.0,,424.0,151.0,-393.0,-173.0,606.0
-7.0,-441.0,-20.0,829.0,,320.0,103.0,-339.0,-164.0,694.0
3.0,230.0,-81.0,669.0,,645.0,147.0,-426.0,-191.0,781.0
16.0,-108.0,16.0,612.0,,782.0,314.0,-336.0,-333.0,520.0
41.0,-640.0,-87.0,556.0,,678.0,520.0,-351.0,-509.0,551.0
62.0,53.0,4.0,476.0,,648.0,643.0,-439.0,-656.0,867.0
33.0,566.0,-90.0,553.0,,608.0,618.0,-465.0,-901.0,804.0
9.0,985.0,-104.0,557.0,,666.0,512.0,-567.0,-806.0,809.0
4.0,407.0,-6.0,574.0,,671.0,404.0,-393.0,-726.0,1096.0
-6.0,287.0,-48.0,502.0,,678.0,329.0,-249.0,-903.0,1184.0
-33.0,367.0,11.0,353.0,,532.0,286.0,-14.0,-620.0,1073.0
-53.0,-252.0,-84.0,241.0,,477.0,182.0,105.0,-444.0,1006.0
-56.0,-398.0,40.0,111.0,,392.0,98.0,88.0,-772.0,1101.0
-42.0,48.0,-40.0,66.0,,266.0,74.0,177.0,-490.0,1011.0
-29.0,1024.0,-133.0,65.0,,75.0,87.0,70.0,-581.0,965.0
-39.0,163.0,62.0,95.0,,-93.0,156.0,72.0,-571.0,1013.0
-16.0,-43.0,-73.0,31.0,,64.0,193.0,-18.0,186.0,777.0
-4.0,-212.0,69.0,107.0,,-3.0,300.0,-142.0,-23.0,593.0
-21.0,-929.0,213.0,343.0,,38.0,460.0,-188.0,-285.0,533.0
-42.0,-272.0,0.0,489.0,,306.0,513.0,-291.0,161.0,558.0
-62.0,329.0,207.0,546.0,,499.0,461.0,-308.0,315.0,321.0
-64.0,820.0,228.0,629.0,,362.0,397.0,-404.0,186.0,190.0
-107.0,-261.0,214.0,734.0,,239.0,352.0,-299.0,191.0,424.0
-147.0,-225.0,361.0,666.0,,326.0,351.0,-295.0,95.0,305.0
-167.0,-247.0,232.0,546.0,,340.0,425.0,-303.0,176.0,233.0
-147.0,-1311.0,224.0,458.0,,451.0,490.0,-123.0,502.0,309.0
-135.0,-1004.0,176.0,320.0,,350.0,539.0,-127.0,366.0,163.0
-160.0,-1016.0,91.0,132.0,,388.0,507.0,-7.0,193.0,-36.0
-128.0,-590.0,38.0,-94.0,,384.0,438.0,-77.0,60.0,110.0
-91.0,-303.0,21.0,-328.0,,423.0,364.0,-88.0,-71.0,166.0
-37.0,-184.0,-102.0,-461.0,,621.0,343.0,44.0,122.0,-274.0
4.0,51.0,-78.0,-516.0,,469.0,455.0,99.0,-53.0,-289.0
51.0,259.0,-53.0,-475.0,,521.0,540.0,275.0,-536.0,-62.0
110.0,513.0,-110.0,-306.0,,617.0,550.0,266.0,-762.0,-119.0
131.0,22.0,-3.0,-156.0,,596.0,523.0,332.0,-412.0,-182.0
129.0,101.0,-80.0,-83.0,,475.0,531.0,253.0,45.0,-165.0
105.0,306.0,-120.0,3.0,,338.0,557.0,188.0,-184.0,-213.0
74.0,-262.0,-118.0,117.0,,444.0,584.0,258.0,-471.0,-216.0
30.0,-230.0,-139.0,197.0,,215.0,644.0,177.0,-544.0,-21.0
0.0,280.0,-207.0,251.0,,-45.0,721.0,284.0,-685.0,-93.0
-6.0,-183.0,-86.0,317.0,,257.0,756.0,227.0,-741.0,-356.0
-11.0,-682.0,-163.0,442.0,,514.0,629.0,227.0,-684.0,-404.0
-65.0,-171.0,-122.0,422.0,,423.0,414.0,188.0,-751.0,-302.0
-129.0,407.0,6.0,249.0,,64.0,127.0,60.0,-747.0,-213.0
-205.0,314.0,-182.0,128.0,,44.0,-102.0,212.0,-227.0,-273.0
-265.0,476.0,12.0,-2.0,,383.0,-103.0,351.0,-96.0,-261.0
-295.0,1033.0,-8.0,-159.0,,435.0,-24.0,598.0,-633.0,-63.0
-313.0,1003.0,56.0,-245.0,,470.0,34.0,582.0,-425.0,173.0
-297.0,1758.0,140.0,-242.0,,183.0,93.0,563.0,60.0,495.0
-280.0,1800.0,51.0,-245.0,,25.0,163.0,607.0,22.0,686.0
-202.0,632.0,143.0,-189.0,,198.0,206.0,423.0,-185.0,726.0
-148.0,62.0,76.0,-57.0,,204.0,297.0,375.0,-265.0,839.0
-92.0,-14.0,91.0,107.0,,273.0,388.0,105.0,-60.0,1021.0
-28.0,214.0,33.0,193.0,,469.0,424.0,22.0,-126.0,1183.0
39.0,-109.0,16.0,202.0,,668.0,539.0,29.0,-87.0,1175.0
122.0,586.0,-25.0,261.0,,567.0,673.0,-11.0,405.0,1081.0
155.0,564.0,-120.0,234.0,,486.0,818.0,125.0,845.0,961.0
207.0,139.0,-77.0,248.0,,461.0,929.0,142.0,725.0,944.0
267.0,476.0,-170.0,386.0,,604.0,984.0,395.0,618.0,856.0
330.0,-370.0,-136.0,420.0,,645.0,1070.0,497.0,711.0,610.0
346.0,-751.0,-157.0,284.0,,553.0,1126.0,589.0,157.0,509.0
351.0,-349.0,-220.0,103.0,,720.0,1118.0,670.0,-275.0,453.0
356.0,623.0,-140.0,-30.0,,700.0,930.0,561.0,-104.0,394.0
329.0,404.0,-127.0,20.0,,563.0,706.0,639.0,-52.0,373.0
261.0,45.0,-119.0,108.0,,294.0,735.0,533.0,-140.0,359.0
188.0,-296.0,-93.0,108.0,,98.0,825.0,600.0,-44.0,232.0
151.0,-323.0,-56.0,31.0,,-37.0,864.0,609.0,-143.0,151.0
91.0,316.0,-61.0,-155.0,,-95.0,978.0,578.0,-154.0,269.0
45.0,-76.0,35.0,-192.0,,76.0,1136.0,654.0,70.0,212.0
10.0,690.0,86.0,-136.0,,174.0,1227.0,473.0,-116.0,7.0
0.0,44.0,100.0,44.0,,111.0,1225.0,410.0,-521.0,47.0
-13.0,82.0,180.0,222.0,,-136.0,1137.0,197.0,-641.0,135.0
-28.0,836.0,164.0,137.0,,-101.0,915.0,96.0,-828.0,7.0
-31.0,280.0,163.0,0.0,,177.0,587.0,133.0,-988.0,3.0
4.0,-76.0,155.0,5.0,,351.0,274.0,155.0,-745.0,-6.0
51.0,-842.0,179.0,36.0,,557.0,73.0,288.0,-555.0,-195.0
72.0,370.0,196.0,97.0,,501.0,-45.0,256.0,-245.0,-191.0
104.0,461.0,52.0,204.0,,279.0,-98.0,456.0,118.0,-4.0
125.0,912.0,0.0,122.0,,338.0,-17.0,533.0,272.0,-61.0
148.0,1334.0,-88.0,101.0,,596.0,225.0,576.0,272.0,-278.0
115.0,129.0,-202.0,194.0,,629.0,538.0,698.0,405.0,-105.0
100.0,419.0,-143.0,279.0,,296.0,676.0,589.0,392.0,2.0
113.0,-368.0,-231.0,359.0,,100.0,637.0,642.0,237.0,43.0
115.0,-901.0,-287.0,390.0,,12.0,575.0,578.0,324.0,174.0
68.0,-1116.0,-224.0,551.0,,-73.0,529.0,563.0,178.0,60.0
-14.0,-707.0,-259.0,680.0,,0.0,417.0,550.0,162.0,104.0
-42.0,25.0,-338.0,548.0,,121.0,216.0,526.0,361.0,236.0
-90.0,169.0,-235.0,425.0,,2.0,150.0,558.0,262.0,285.0
-98.0,492.0,-252.0,394.0,,-152.0,187.0,393.0,66.0,134.0
-90.0,232.0,-272.0,249.0,,-17.0,221.0,473.0,-207.0,136.0
-113.0,744.0,-246.0,72.0,,43.0,228.0,452.0,-605.0,196.0
-145.0,1335.0,-261.0,-58.0,,22.0,186.0,436.0,-456.0,45.0
-175.0,1519.0,-219.0,-180.0,,-136.0,165.0,439.0,-496.0,139.0
-168.0,711.0,-241.0,-208.0,,-132.0,101.0,273.0,-1065.0,128.0
-190.0,126.0,-182.0,-210.0,,-155.0,36.0,321.0,-1081.0,90.0
-220.0,47.0,-302.0,-290.0,,-381.0,21.0,249.0,-600.0,25.0
-249.0,29.0,-218.0,-415.0,,-269.0,84.0,279.0,-330.0,124.0
-261.0,501.0,-260.0,-563.0,,-164.0,274.0,327.0,-397.0,272.0
-240.0,205.0,-277.0,-534.0,,-214.0,473.0,480.0,-244.0,145.0
-225.0,-170.0,-121.0,-358.0,,-426.0,624.0,794.0,-184.0,183.0
-191.0,-988.0,-90.0,-198.0,,-452.0,758.0,785.0,128.0,137.0
-173.0,357.0,-51.0,63.0,,-368.0,872.0,798.0,367.0,50.0
-156.0,1103.0,-138.0,333.0,,-383.0,896.0,533.0,-94.0,29.0
-99.0,-494.0,34.0,403.0,,-337.0,819.0,284.0,-5.0,72.0
-56.0,647.0,-43.0,325.0,,-313.0,760.0,205.0,343.0,19.0
-36.0,690.0,-107.0,238.0,,-84.0,631.0,68.0,444.0,-72.0
-47.0,295.0,-52.0,233.0,,204.0,448.0,230.0,850.0,-158.0
-33.0,1394.0,-39.0,318.0,,227.0,383.0,301.0,800.0,-252.0
-8.0,368.0,-63.0,368.0,,-231.0,354.0,382.0,82.0,-159.0
-24.0,-427.0,-137.0,348.0,,-488.0,434.0,341.0,94.0,-135.0
-41.0,642.0,-80.0,224.0,,-21.0,564.0,312.0,453.0,-252.0
-35.0,898.0,-182.0,86.0,,542.0,635.0,408.0,178.0,-295.0
-31.0,-654.0,-174.0,-72.0,,807.0,727.0,384.0,-138.0,-51.0
-38.0,-17.0,-174.0,-197.0,,731.0,721.0,522.0,-257.0,32.0
-30.0,1099.0,-204.0,-140.0,,373.0,697.0,469.0,-398.0,164.0
-44.0,-389.0,-157.0,-191.0,,187.0,655.0,524.0,-206.0,178.0
-43.0,140.0,-121.0,-342.0,,185.0,529.0,561.0,75.0,5.0
-18.0,-125.0,-84.0,-416.0,,108.0,431.0,506.0,-133.0,29.0
14.0,-516.0,-58.0,-529.0,,88.0,251.0,661.0,-228.0,49.0
38.0,1385.0,-23.0,-560.0,,-22.0,122.0,667.0,-169.0,114.0
55.0,1399.0,19.0,-401.0,,35.0,172.0,707.0,-163.0,-268.0
74.0,712.0,88.0,-370.0,,205.0,144.0,541.0,-43.0,-480.0
80.0,-12.0,139.0,-406.0,,161.0,37.0,413.0,7.0,-463.0
104.0,510.0,58.0,-408.0,,102.0,0.0,371.0,-263.0,-703.0
102.0,987.0,117.0,-449.0,,171.0,-14.0,310.0,-484.0,-936.0
80.0,658.0,212.0,-351.0,,244.0,-52.0,460.0,-360.0,-1118.0
48.0,635.0,183.0,-340.0,,73.0,-74.0,413.0,-538.0,-1117.0
42.0,98.0,302.0,-360.0,,-162.0,-42.0,487.0,-524.0,-1095.0
16.0,-51.0,345.0,-366.0,,-156.0,-12.0,482.0,-219.0,-924.0
-12.0,-787.0,425.0,-529.0,,26.0,32.0,426.0,-201.0,-921.0
5.0,-1001.0,403.0,-503.0,,234.0,111.0,546.0,-372.0,-1037.0
22.0,-1046.0,314.0,-336.0,,434.0,181.0,539.0,-182.0,-743.0
45.0,-722.0,353.0,-224.0,,449.0,171.0,607.0,235.0,-484.0
27.0,-7.0,173.0,-109.0,,210.0,107.0,506.0,359.0,-642.0
39.0,-417.0,112.0,-108.0,,-192.0,193.0,450.0,476.0,-833.0
45.0,19.0,135.0,-217.0,,-302.0,258.0,423.0,296.0,-686.0
44.0,857.0,-63.0,-211.0,,-84.0,264.0,312.0,40.0,-662.0
51.0,973.0,-39.0,-100.0,,26.0,366.0,262.0,-74.0,-788.0
48.0,662.0,-64.0,-58.0,,169.0,398.0,35.0,34.0,-658.0
60.0,937.0,-153.0,-71.0,,338.0,311.0,-3.0,208.0,-729.0
58.0,900.0,-73.0,-21.0,,443.0,260.0,-55.0,-134.0,-919.0
54.0,902.0,-202.0,62.0,,401.0,294.0,-62.0,-227.0,-740.0
57.0,1090.0,-199.0,36.0,,201.0,319.0,14.0,122.0,-421.0
89.0,662.0,-148.0,45.0,,66.0,437.0,-5.0,535.0,-503.0
136.0,1492.0,-101.0,7.0,,31.0,570.0,149.0,429.0,-777.0
186.0,813.0,85.0,-161.0,,121.0,607.0,219.0,-149.0,-601.0
222.0,-142.0,44.0,-249.0,,331.0,615.0,445.0,9.0,-330.0
286.0,987.0,59.0,-258.0,,349.0,619.0,633.0,220.0,-239.0
361.0,869.0,65.0,-138.0,,341.0,687.0,787.0,170.0,-329.0
434.0,-211.0,-46.0,-96.0,,418.0,719.0,1032.0,168.0,-486.0
472.0,-784.0,-13.0,-217.0,,320.0,772.0,960.0,71.0,-468.0
453.0,-671.0,-88.0,-234.0,,204.0,909.0,970.0,282.0,-332.0
444.0,-1059.0,-37.0,-162.0,,86.0,930.0,894.0,588.0,-229.0
434.0,-1582.0,-105.0,-187.0,,65.0,855.0,912.0,439.0,-422.0
443.0,-1108.0,-82.0,-226.0,,19.0,757.0,1058.0,-51.0,-493.0
424.0,-892.0,-84.0,-130.0,,-59.0,609.0,1053.0,111.0,-404.0
442.0,-852.0,-100.0,-114.0,,12.0,447.0,1141.0,85.0,-423.0
484.0,-484.0,23.0,-301.0,,-26.0,213.0,984.0,-35.0,-251.0
511.0,-184.0,-143.0,-418.0,,-158.0,-52.0,818.0,8.0,-245.0
523.0,150.0,123.0,-408.0,,-232.0,-213.0,517.0,-625.0,-453.0
519.0,175.0,12.0,-505.0,,-118.0,-268.0,203.0,-267.0,-305.0
543.0,326.0,17.0,-536.0,,-104.0,-218.0,199.0,94.0,-21.0
531.0,295.0,76.0,-377.0,,-42.0,-91.0,140.0,-460.0,-224.0
544.0,-332.0,-12.0,-189.0,,283.0,40.0,254.0,-265.0,-430.0
588.0,410.0,48.0,3.0,,320.0,93.0,273.0,-248.0,-310.0
623.0,746.0,-82.0,200.0,,-62.0,85.0,290.0,-400.0,-436.0
637.0,496.0,70.0,200.0,,-524.0,128.0,321.0,84.0,-646.0
636.0,1456.0,-149.0,-41.0,,-498.0,148.0,258.0,184.0,-675.0
640.0,1702.0,38.0,-245.0,,-223.0,145.0,312.0,-118.0,-771.0
640.0,1367.0,29.0,-241.0,,-134.0,119.0,199.0,-597.0,-896.0
639.0,1272.0,-116.0,-123.0,,-246.0,60.0,208.0,-432.0,-676.0
644.0,1282.0,-7.0,-32.0,,-445.0,53.0,75.0,187.0,-449.0
645.0,580.0,-188.0,39.0,,-519.0,19.0,-79.0,-70.0,-533.0
642.0,-628.0,-32.0,72.0,,-526.0,-37.0,-62.0,-221.0,-482.0
663.0,-330.0,-86.0,60.0,,-498.0,-82.0,-138.0,-236.0,-121.0
654.0,391.0,-79.0,101.0,,-614.0,-110.0,31.0,-263.0,-32.0
630.0,-289.0,11.0,146.0,,-423.0,-104.0,55.0,-79.0,-178.0
623.0,-869.0,-141.0,117.0,,67.0,-67.0,118.0,-51.0,-59.0
632.0,96.0,-59.0,203.0,,127.0,39.0,173.0,-156.0,-12.0
619.0,1280.0,-31.0,236.0,,-220.0,161.0,112.0,-423.0,-19.0
595.0,588.0,-155.0,162.0,,-461.0,310.0,199.0,-65.0,16.0
589.0,453.0,-32.0,69.0,,-273.0,390.0,96.0,206.0,33.0
563.0,1330.0,-71.0,-141.0,,-100.0,386.0,182.0,-53.0,-136.0
516.0,592.0,52.0,-266.0,,-62.0,430.0,206.0,-16.0,-147.0
484.0,-198.0,47.0,-318.0,,-137.0,411.0,144.0,-153.0,-18.0
457.0,-382.0,-61.0,-335.0,,-242.0,478.0,96.0,23.0,-350.0
391.0,-404.0,195.0,-348.0,,-120.0,619.0,-114.0,468.0,-517.0
327.0,-2059.0,23.0,-272.0,,210.0,610.0,-147.0,377.0,-474.0
287.0,-3123.0,71.0,-160.0,,476.0,560.0,-277.0,486.0,-495.0
260.0,-1908.0,224.0,-124.0,,292.0,514.0,-264.0,748.0,-647.0
203.0,-2053.0,147.0,-72.0,,207.0,518.0,-240.0,789.0,-731.0
150.0,-2831.0,176.0,-106.0,,402.0,553.0,-101.0,873.0,-752.0
104.0,-2098.0,230.0,-192.0,,473.0,544.0,175.0,925.0,-839.0
53.0,-625.0,174.0,-240.0,,447.0,450.0,192.0,561.0,-591.0
25.0,-702.0,155.0,-289.0,,423.0,297.0,382.0,103.0,-546.0
-20.0,-506.0,187.0,-316.0,,551.0,247.0,349.0,322.0,-685.0
-36.0,567.0,32.0,-193.0,,633.0,228.0,295.0,601.0,-644.0
-54.0,1233.0,151.0,-124.0,,404.0,178.0,271.0,476.0,-506.0
-72.0,1264.0,80.0,-90.0,,214.0,139.0,101.0,125.0,-381.0
-82.0,1436.0,43.0,54.0,,361.0,116.0,35.0,180.0,-431.0
-71.0,2932.0,96.0,66.0,,615.0,116.0,-260.0,344.0,-433.0
-13.0,2713.0,50.0,52.0,,775.0,45.0,-424.0,-74.0,-377.0
39.0,1737.0,11.0,6.0,,638.0,-88.0,-631.0,-172.0,-178.0
93.0,1459.0,0.0,-145.0,,392.0,-180.0,-755.0,-409.0,115.0
148.0,1514.0,122.0,-207.0,,283.0,-199.0,-726.0,-443.0,86.0
211.0,1420.0,-77.0,-280.0,,233.0,-219.0,-820.0,-83.0,-23.0
260.0,-228.0,68.0,-307.0,,103.0,-285.0,-626.0,-50.0,174.0
309.0,-1227.0,116.0,-234.0,,-47.0,-299.0,-572.0,355.0,362.0
376.0,-1662.0,51.0,-262.0,,207.0,-270.0,-439.0,250.0,265.0
431.0,-1861.0,102.0,-288.0,,556.0,-247.0,-192.0,57.0,160.0
469.0,-1917.0,104.0,-228.0,,618.0,-207.0,22.0,579.0,83.0
502.0,-1951.0,177.0,-177.0,,506.0,-168.0,314.0,1014.0,-58.0
504.0,-1616.0,148.0,-230.0,,345.0,-76.0,323.0,1029.0,56.0
483.0,-2116.0,278.0,-241.0,,183.0,0.0,393.0,696.0,92.0
459.0,-1468.0,178.0,-128.0,,179.0,-31.0,312.0,519.0,-256.0
392.0,-638.0,230.0,-31.0,,461.0,-104.0,223.0,417.0,-368.0
270.0,-679.0,247.0,90.0,,539.0,-208.0,44.0,67.0,-190.0
174.0,-15.0,202.0,267.0,,175.0,-241.0,-363.0,-540.0,-128.0
145.0,807.0,277.0,367.0,,-226.0,-135.0,-487.0,-642.0,-126.0
111.0,967.0,213.0,259.0,,-246.0,-8.0,-689.0,-759.0,-42.0
76.0,426.0,202.0,81.0,,-36.0,98.0,-679.0,-665.0,24.0
61.0,120.0,148.0,-72.0,,160.0,228.0,-681.0,-304.0,58.0
106.0,143.0,143.0,-199.0,,290.0,330.0,-768.0,-604.0,277.0
144.0,255.0,60.0,-256.0,,112.0,235.0,-691.0,-361.0,398.0
153.0,59.0,156.0,-226.0,,-244.0,12.0,-755.0,-385.0,173.0
168.0,501.0,95.0,-135.0,,-594.0,-172.0,-639.0,-748.0,80.0
193.0,533.0,62.0,-74.0,,-600.0,-308.0,-585.0,-645.0,218.0
187.0,-68.0,121.0,74.0,,-275.0,-378.0,-358.0,-766.0,282.0
123.0,-106.0,-18.0,216.0,,-201.0,-386.0,-90.0,-758.0,142.0
113.0,-1188.0,74.0,216.0,,52.0,-323.0,-48.0,-412.0,112.0
115.0,-1590.0,11.0,166.0,,335.0,-303.0,133.0,-103.0,218.0
113.0,-955.0,73.0,22.0,,221.0,-291.0,31.0,153.0,218.0
84.0,-1421.0,74.0,-156.0,,47.0,-170.0,-64.0,311.0,322.0
80.0,-1411.0,15.0,-272.0,,-71.0,-54.0,-184.0,353.0,355.0
87.0,-448.0,97.0,-351.0,,-129.0,4.0,-260.0,398.0,237.0
54.0,-291.0,126.0,-349.0,,-317.0,-4.0,-188.0,201.0,210.0
19.0,-264.0,122.0,-302.0,,-141.0,-53.0,-190.0,350.0,374.0
-16.0,429.0,88.0,-131.0,,115.0,-140.0,-46.0,565.0,468.0
-16.0,1200.0,122.0,115.0,,45.0,-260.0,-86.0,742.0,371.0
-30.0,876.0,118.0,175.0,,58.0,-366.0,31.0,980.0,396.0
-22.0,843.0,139.0,179.0,,-39.0,-437.0,118.0,529.0,476.0
-27.0,1706.0,145.0,212.0,,-200.0,-446.0,92.0,739.0,574.0
-19.0,637.0,210.0,189.0,,-498.0,-459.0,221.0,959.0,586.0
-13.0,-57.0,219.0,100.0,,-381.0,-543.0,64.0,226.0,516.0
-22.0,192.0,349.0,161.0,,326.0,-665.0,-29.0,181.0,551.0
-6.0,-860.0,233.0,282.0,,477.0,-726.0,-195.0,153.0,609.0
-13.0,-1362.0,263.0,252.0,,212.0,-710.0,-288.0,-27.0,523.0
34.0,-1592.0,368.0,272.0,,6.0,-696.0,-223.0,97.0,447.0
73.0,-1664.0,247.0,401.0,,-87.0,-729.0,-236.0,-336.0,493.0
137.0,-1696.0,299.0,624.0,,-193.0,-785.0,-97.0,-388.0,396.0
210.0,-2478.0,156.0,757.0,,-502.0,-808.0,-116.0,-79.0,271.0
273.0,-1924.0,222.0,813.0,,-449.0,-790.0,-22.0,-118.0,292.0
341.0,-1061.0,78.0,837.0,,-238.0,-712.0,3.0,-212.0,327.0
367.0,-1056.0,29.0,615.0,,-53.0,-671.0,-36.0,-544.0,168.0
418.0,-377.0,55.0,262.0,,0.0,-733.0,70.0,-434.0,139.0
457.0,528.0,-67.0,87.0,,-117.0,-828.0,-72.0,-328.0,222.0
459.0,1006.0,-82.0,24.0,,-149.0,-981.0,-109.0,-608.0,29.0
419.0,1183.0,-178.0,-94.0,,-304.0,-1086.0,-297.0,-554.0,-80.0
368.0,1416.0,-104.0,-132.0,,-124.0,-1121.0,-485.0,-156.0,19.0
333.0,1476.0,-200.0,-66.0,,-46.0,-1181.0,-533.0,189.0,-63.0
281.0,1451.0,-214.0,-31.0,,-229.0,-1168.0,-644.0,261.0,-340.0
244.0,2060.0,-140.0,-166.0,,-267.0,-1073.0,-539.0,645.0,-312.0
209.0,1759.0,-124.0,-270.0,,-299.0,-909.0,-497.0,565.0,-283.0
171.0,1394.0,-45.0,-209.0,,-150.0,-682.0,-282.0,384.0,-414.0
143.0,1333.0,-138.0,-190.0,,17.0,-503.0,-151.0,327.0,-403.0
138.0,322.0,-114.0,-125.0,,89.0,-382.0,-99.0,-43.0,-444.0
163.0,50.0,26.0,28.0,,-10.0,-348.0,138.0,-142.0,-560.0
182.0,326.0,32.0,157.0,,-153.0,-442.0,210.0,-221.0,-547.0
193.0,337.0,100.0,220.0,,-184.0,-531.0,351.0,146.0,-302.0
188.0,-851.0,246.0,217.0,,-54.0,-663.0,245.0,600.0,-267.0
216.0,-1328.0,208.0,148.0,,-45.0,-867.0,77.0,676.0,-337.0
256.0,-959.0,106.0,58.0,,-170.0,-1054.0,-83.0,100.0,-164.0
286.0,-1410.0,294.0,62.0,,73.0,-1238.0,-356.0,-230.0,54.0
309.0,-1156.0,194.0,83.0,,-49.0,-1292.0,-415.0,-220.0,181.0
310.0,-1240.0,165.0,67.0,,-552.0,-1242.0,-541.0,-948.0,198.0
328.0,-1636.0,263.0,27.0,,-626.0,-1172.0,-471.0,-893.0,194.0
312.0,-2388.0,199.0,-42.0,,-551.0,-1110.0,-476.0,-383.0,67.0
295.0,-2589.0,344.0,-117.0,,-443.0,-1109.0,-478.0,-267.0,112.0
281.0,-1486.0,236.0,-180.0,,-171.0,-1073.0,-275.0,-160.0,289.0
289.0,-1129.0,358.0,-127.0,,86.0,-1000.0,-177.0,-144.0,265.0
334.0,-1622.0,362.0,-81.0,,194.0,-949.0,120.0,138.0,140.0
337.0,-225.0,283.0,-156.0,,70.0,-942.0,184.0,451.0,185.0
292.0,1915.0,373.0,-266.0,,-315.0,-894.0,182.0,306.0,432.0
225.0,1089.0,309.0,-257.0,,-444.0,-750.0,169.0,-89.0,521.0
169.0,704.0,237.0,39.0,,-442.0,-671.0,22.0,-122.0,593.0
91.0,1788.0,134.0,305.0,,-402.0,-694.0,-24.0,-61.0,624.0
29.0,1694.0,168.0,266.0,,-8.0,-713.0,-236.0,-69.0,617.0
7.0,1139.0,14.0,176.0,,90.0,-693.0,-352.0,-255.0,756.0
0.0,914.0,-2.0,189.0,,20.0,-615.0,-543.0,-515.0,929.0
-23.0,220.0,-28.0,343.0,,-10.0,-572.0,-631.0,-157.0,901.0
-56.0,-320.0,-193.0,567.0,,-96.0,-620.0,-620.0,69.0,699.0
-53.0,-382.0,-134.0,602.0,,-237.0,-682.0,-650.0,410.0,716.0
-18.0,-561.0,-188.0,574.0,,-185.0,-798.0,-412.0,491.0,726.0
-10.0,-169.0,-177.0,525.0,,84.0,-934.0,-304.0,421.0,575.0
-34.0,-394.0,-198.0,380.0,,-93.0,-1022.0,-175.0,972.0,417.0
-59.0,149.0,-311.0,294.0,,-304.0,-1125.0,-157.0,593.0,299.0
-62.0,1185.0,-249.0,235.0,,-382.0,-1190.0,-173.0,149.0,226.0
-43.0,889.0,-387.0,104.0,,-268.0,-1114.0,-127.0,234.0,164.0
-40.0,-177.0,-382.0,-87.0,,-194.0,-1030.0,-212.0,-61.0,123.0
-6.0,-1116.0,-300.0,-208.0,,-317.0,-1000.0,-96.0,-47.0,24.0
48.0,-95.0,-364.0,-216.0,,-219.0,-913.0,-205.0,387.0,-93.0
73.0,26.0,-262.0,-178.0,,-320.0,-792.0,-339.0,424.0,-105.0
97.0,-551.0,-256.0,-76.0,,-396.0,-733.0,-408.0,126.0,1.0
146.0,352.0,-245.0,80.0,,-527.0,-730.0,-445.0,106.0,17.0
176.0,552.0,-205.0,225.0,,-627.0,-682.0,-230.0,120.0,-87.0
160.0,-24.0,-186.0,287.0,,-349.0,-633.0,-184.0,123.0,-39.0
164.0,192.0,-217.0,276.0,,-87.0,-646.0,-140.0,401.0,210.0
182.0,863.0,-213.0,195.0,,45.0,-670.0,-245.0,143.0,367.0
187.0,358.0,-196.0,103.0,,-214.0,-677.0,-378.0,-247.0,362.0
204.0,-51.0,-172.0,24.0,,-406.0,-705.0,-478.0,-481.0,459.0
203.0,535.0,-150.0,-214.0,,-148.0,-802.0,-639.0,-713.0,640.0
186.0,-195.0,-181.0,-305.0,,97.0,-810.0,-524.0,-393.0,670.0
144.0,-1492.0,-176.0,-94.0,,24.0,-682.0,-476.0,-261.0,590.0
67.0,-1039.0,-214.0,11.0,,-252.0,-647.0,-341.0,-124.0,645.0
10.0,-78.0,-145.0,34.0,,-378.0,-677.0,-266.0,-130.0,593.0
-47.0,415.0,-177.0,22.0,,-532.0,-663.0,-238.0,124.0,465.0
-118.0,-365.0,-125.0,2.0,,-564.0,-658.0,-60.0,451.0,615.0
-178.0,-753.0,30.0,73.0,,-156.0,-637.0,-9.0,22.0,699.0
-181.0,-403.0,29.0,245.0,,515.0,-520.0,203.0,-168.0,594.0
-191.0,-1491.0,71.0,411.0,,1008.0,-417.0,290.0,-110.0,606.0
-251.0,-1543.0,20.0,396.0,,899.0,-410.0,279.0,73.0,744.0
-321.0,-1039.0,-8.0,330.0,,531.0,-400.0,194.0,-73.0,725.0
-363.0,-1344.0,-40.0,298.0,,135.0,-408.0,40.0,-245.0,624.0
-376.0,-1217.0,-53.0,295.0,,-11.0,-445.0,84.0,-113.0,695.0
-400.0,227.0,-70.0,339.0,,93.0,-473.0,-70.0,-200.0,741.0
-407.0,849.0,-81.0,321.0,,214.0,-442.0,-88.0,-288.0,643.0
-426.0,736.0,-188.0,121.0,,321.0,-367.0,-118.0,-363.0,548.0
-408.0,1880.0,-316.0,-33.0,,280.0,-417.0,-210.0,-297.0,467.0
-377.0,2121.0,-256.0,13.0,,336.0,-558.0,-253.0,-34.0,365.0
-360.0,2314.0,-410.0,89.0,,260.0,-638.0,-493.0,37.0,324.0
-315.0,1731.0,-379.0,256.0,,174.0,-559.0,-491.0,66.0,346.0
-245.0,734.0,-316.0,465.0,,217.0,-439.0,-522.0,-248.0,313.0
-186.0,-149.0,-346.0,539.0,,128.0,-367.0,-412.0,-543.0,295.0
-171.0,-851.0,-356.0,519.0,,-52.0,-202.0,-264.0,-564.0,424.0
-165.0,-503.0,-281.0,523.0,,-92.0,-26.0,-227.0,-841.0,576.0
-175.0,-1458.0,-286.0,639.0,,227.0,26.0,42.0,-706.0,562.0
-171.0,-1186.0,-362.0,771.0,,317.0,-13.0,138.0,-602.0,463.0
-205.0,-157.0,-267.0,607.0,,151.0,-43.0,192.0,-732.0,464.0
-261.0,76.0,-360.0,246.0,,139.0,-64.0,-9.0,-397.0,541.0
-322.0,-488.0,-307.0,-33.0,,303.0,-73.0,-214.0,-93.0,550.0
-352.0,-1287.0,-336.0,-44.0,,377.0,-39.0,-275.0,-249.0,400.0
-372.0,-804.0,-254.0,231.0,,406.0,-91.0,-408.0,40.0,203.0
-451.0,-1384.0,-310.0,391.0,,670.0,-122.0,-301.0,100.0,128.0
-484.0,-1229.0,-574.0,327.0,,603.0,-1.0,-380.0,-116.0,59.0
-471.0,-655.0,-249.0,141.0,,269.0,149.0,-430.0,52.0,-89.0
-437.0,-924.0,193.0,-30.0,,271.0,257.0,-476.0,-242.0,-228.0
-444.0,-253.0,-7.0,-164.0,,454.0,295.0,-530.0,-67.0,-418.0
-432.0,444.0,-308.0,-254.0,,497.0,271.0,-310.0,197.0,-545.0
-406.0,1067.0,-85.0,-283.0,,586.0,292.0,-169.0,-23.0,-394.0
-432.0,1205.0,44.0,-280.0,,801.0,306.0,72.0,-283.0,-251.0
-460.0,598.0,-320.0,-155.0,,913.0,258.0,197.0,97.0,-352.0
-510.0,883.0,-257.0,96.0,,778.0,227.0,317.0,866.0,-412.0
-544.0,1357.0,222.0,367.0,,488.0,151.0,397.0,535.0,-265.0
-572.0,271.0,-184.0,460.0,,333.0,109.0,286.0,79.0,-193.0
-599.0,-614.0,-259.0,505.0,,279.0,110.0,225.0,-84.0,-261.0
-649.0,138.0,-86.0,569.0,,340.0,131.0,-83.0,36.0,-333.0
-672.0,615.0,-277.0,519.0,,469.0,215.0,-206.0,502.0,-419.0
-672.0,298.0,-217.0,327.0,,537.0,268.0,-247.0,166.0,-444.0
-690.0,919.0,-310.0,143.0,,466.0,344.0,-327.0,58.0,-367.0
-693.0,1277.0,-351.0,146.0,,258.0,344.0,-269.0,550.0,-324.0
-718.0,1160.0,-357.0,178.0,,187.0,321.0,-295.0,488.0,-462.0
-737.0,101.0,-468.0,271.0,,-8.0,279.0,-77.0,281.0,-568.0
-779.0,-1029.0,-322.0,347.0,,-330.0,84.0,3.0,230.0,-464.0
-827.0,-171.0,-259.0,267.0,,-296.0,-53.0,22.0,314.0,-421.0
-891.0,-930.0,-423.0,197.0,,-81.0,-119.0,57.0,137.0,-499.0
-957.0,-1147.0,-293.0,66.0,,158.0,-98.0,-72.0,45.0,-591.0
-949.0,128.0,-291.0,-187.0,,435.0,6.0,-46.0,119.0,-561.0
-957.0,267.0,-372.0,-384.0,,492.0,67.0,-103.0,-229.0,-447.0
-965.0,-633.0,-433.0,-411.0,,377.0,138.0,16.0,-170.0,-445.0
-950.0,-1751.0,-395.0,-201.0,,102.0,157.0,64.0,255.0,-501.0
-916.0,-357.0,-427.0,166.0,,-22.0,109.0,11.0,78.0,-594.0
-864.0,165.0,-426.0,332.0,,237.0,162.0,36.0,-175.0,-635.0
-805.0,-288.0,-353.0,227.0,,340.0,263.0,-64.0,255.0,-584.0
-713.0,259.0,-533.0,64.0,,540.0,289.0,-40.0,362.0,-574.0
-659.0,144.0,-494.0,-35.0,,936.0,331.0,-277.0,-184.0,-608.0
-597.0,-340.0,-578.0,-128.0,,1091.0,402.0,-413.0,-566.0,-639.0
-530.0,-821.0,-631.0,-121.0,,888.0,373.0,-447.0,-371.0,-630.0
-510.0,276.0,-591.0,121.0,,445.0,273.0,-504.0,-52.0,-539.0
-467.0,757.0,-561.0,356.0,,125.0,194.0,-369.0,-443.0,-535.0
-415.0,-18.0,-476.0,399.0,,-110.0,186.0,-314.0,-750.0,-662.0
-377.0,345.0,-475.0,269.0,,-164.0,269.0,-70.0,-405.0,-714.0
-357.0,705.0,-604.0,122.0,,86.0,330.0,-79.0,-323.0,-677.0
-307.0,116.0,-634.0,23.0,,332.0,378.0,-123.0,-455.0,-647.0
-262.0,-498.0,-601.0,-40.0,,369.0,372.0,-81.0,-490.0,-666.0
-285.0,-445.0,-683.0,60.0,,356.0,368.0,-232.0,-343.0,-653.0
-292.0,-908.0,-471.0,138.0,,298.0,507.0,-238.0,-143.0,-582.0
-291.0,-932.0,-476.0,24.0,,-134.0,645.0,-354.0,-430.0,-563.0
-289.0,389.0,-486.0,-72.0,,-529.0,745.0,-216.0,-606.0,-583.0
-281.0,985.0,-351.0,-44.0,,-479.0,734.0,-110.0,-721.0,-554.0
-280.0,656.0,-370.0,86.0,,-84.0,698.0,-140.0,-644.0,-511.0
-289.0,979.0,-316.0,315.0,,412.0,685.0,29.0,-197.0,-463.0
-351.0,1398.0,-356.0,581.0,,436.0,593.0,20.0,-227.0,-395.0
-410.0,1016.0,-321.0,636.0,,140.0,544.0,38.0,-699.0,-418.0
-458.0,240.0,-265.0,461.0,,-228.0,445.0,-129.0,-740.0,-469.0
-513.0,-174.0,-313.0,395.0,,-452.0,277.0,-216.0,-78.0,-492.0
-537.0,225.0,-294.0,330.0,,-363.0,221.0,-230.0,25.0,-524.0
-535.0,-277.0,-207.0,205.0,,-214.0,256.0,-354.0,101.0,-571.0
-503.0,-913.0,-188.0,204.0,,99.0,260.0,-219.0,-11.0,-660.0
-479.0,-510.0,-122.0,241.0,,408.0,286.0,-157.0,-312.0,-682.0
-430.0,-689.0,-84.0,259.0,,484.0,461.0,64.0,188.0,-645.0
-386.0,-1140.0,-77.0,134.0,,102.0,634.0,230.0,252.0,-617.0
-376.0,-1244.0,-28.0,-152.0,,-194.0,659.0,399.0,91.0,-636.0
-320.0,-1422.0,-120.0,-390.0,,-85.0,608.0,626.0,-361.0,-663.0
-270.0,-1317.0,-109.0,-413.0,,-83.0,542.0,543.0,-382.0,-556.0
-230.0,-330.0,-190.0,-279.0,,-209.0,467.0,537.0,-7.0,-423.0
-215.0,-176.0,-298.0,-256.0,,-252.0,345.0,315.0,60.0,-364.0
-199.0,-312.0,-274.0,-269.0,,1.0,207.0,138.0,266.0,-335.0
-172.0,905.0,-267.0,-183.0,,92.0,144.0,-3.0,41.0,-345.0
-141.0,1186.0,-227.0,23.0,,10.0,152.0,-256.0,196.0,-374.0
-98.0,290.0,-232.0,421.0,,-87.0,229.0,-243.0,173.0,-307.0
-67.0,336.0,-279.0,690.0,,-48.0,287.0,-349.0,-253.0,-266.0
-11.0,791.0,-319.0,660.0,,81.0,308.0,-317.0,-91.0,-414.0
9.0,-76.0,-313.0,484.0,,175.0,363.0,-343.0,496.0,-482.0
-1.0,473.0,-420.0,232.0,,250.0,386.0,-415.0,546.0,-394.0
-39.0,1341.0,-364.0,121.0,,0.0,478.0,-328.0,460.0,-305.0
-57.0,-14.0,-232.0,287.0,,-137.0,637.0,-308.0,784.0,-261.0
-89.0,236.0,-223.0,580.0,,-102.0,673.0,-94.0,620.0,-357.0
-142.0,639.0,-169.0,835.0,,-125.0,696.0,-66.0,469.0,-450.0
-157.0,452.0,-81.0,958.0,,-318.0,806.0,-22.0,-23.0,-401.0
-162.0,204.0,-16.0,889.0,,-344.0,850.0,-14.0,-345.0,-285.0
-153.0,58.0,-10.0,761.0,,-162.0,772.0,-120.0,-238.0,-330.0
-190.0,452.0,48.0,719.0,,-89.0,723.0,-168.0,-576.0,-490.0
-203.0,-173.0,-17.0,603.0,,-81.0,713.0,-323.0,-580.0,-469.0
-201.0,-110.0,31.0,379.0,,-136.0,649.0,-245.0,-201.0,-419.0
-223.0,-1332.0,72.0,304.0,,-313.0,573.0,-423.0,90.0,-513.0
-222.0,-1657.0,83.0,331.0,,-702.0,547.0,-580.0,110.0,-616.0
-159.0,-1116.0,119.0,389.0,,-581.0,612.0,-565.0,-267.0,-695.0
-101.0,-1371.0,125.0,397.0,,-89.0,736.0,-570.0,-686.0,-766.0
-93.0,783.0,242.0,291.0,,187.0,877.0,-382.0,-592.0,-689.0
-83.0,581.0,226.0,200.0,,377.0,970.0,-351.0,-372.0,-570.0
-102.0,104.0,273.0,31.0,,449.0,1003.0,-120.0,-253.0,-640.0
-95.0,1260.0,151.0,-87.0,,342.0,1048.0,12.0,-114.0,-772.0
-88.0,1273.0,128.0,-65.0,,-131.0,1002.0,96.0,-254.0,-652.0
-93.0,897.0,126.0,-180.0,,-346.0,909.0,327.0,-467.0,-480.0
-126.0,132.0,-41.0,-323.0,,-370.0,854.0,456.0,-418.0,-519.0
-157.0,446.0,59.0,-319.0,,-735.0,756.0,702.0,-300.0,-502.0
-167.0,875.0,2.0,-327.0,,-680.0,697.0,679.0,-20.0,-415.0
-199.0,574.0,-65.0,-172.0,,-494.0,607.0,678.0,223.0,-401.0
-220.0,-135.0,-20.0,106.0,,-89.0,462.0,618.0,142.0,-382.0
-246.0,-106.0,-41.0,171.0,,210.0,381.0,469.0,495.0,-329.0
-257.0,-6.0,-42.0,244.0,,77.0,301.0,380.0,400.0,-454.0
-302.0,-175.0,45.0,238.0,,4.0,322.0,31.0,95.0,-624.0
-326.0,413.0,77.0,34.0,,-196.0,423.0,-142.0,602.0,-565.0
-327.0,644.0,47.0,-64.0,,-225.0,442.0,-354.0,298.0,-459.0
-352.0,1113.0,124.0,-146.0,,-350.0,478.0,-424.0,0.0,-478.0
-372.0,957.0,37.0,-113.0,,-446.0,497.0,-314.0,-42.0,-563.0
-393.0,828.0,43.0,96.0,,-486.0,460.0,-262.0,-327.0,-565.0
-378.0,491.0,52.0,162.0,,-312.0,403.0,31.0,-207.0,-550.0
-392.0,-276.0,-53.0,100.0,,-438.0,308.0,195.0,-86.0,-577.0
-416.0,618.0,73.0,-17.0,,-640.0,306.0,476.0,287.0,-627.0
-438.0,412.0,11.0,-101.0,,-595.0,283.0,633.0,214.0,-683.0
-469.0,-242.0,-41.0,-186.0,,-592.0,250.0,598.0,140.0,-723.0
-473.0,-543.0,62.0,-404.0,,-299.0,344.0,624.0,-349.0,-743.0
-478.0,-1174.0,72.0,-572.0,,-431.0,449.0,419.0,-645.0,-729.0
-455.0,-1003.0,100.0,-659.0,,-362.0,569.0,367.0,176.0,-819.0
-394.0,-2074.0,109.0,-667.0,,-413.0,638.0,206.0,80.0,-874.0
-308.0,-1988.0,98.0,-601.0,,-530.0,700.0,114.0,-48.0,-770.0
-247.0,-1115.0,63.0,-543.0,,-653.0,782.0,94.0,-136.0,-651.0
-231.0,-1963.0,42.0,-401.0,,-727.0,773.0,-81.0,-403.0,-564.0
-213.0,-1296.0,24.0,-240.0,,-571.0,736.0,-81.0,-346.0,-482.0
-208.0,-82.0,-43.0,-84.0,,-653.0,699.0,-182.0,181.0,-363.0
-232.0,-7.0,-17.0,89.0,,-378.0,657.0,-105.0,605.0,-271.0
-241.0,444.0,9.0,141.0,,-423.0,632.0,1.0,446.0,-275.0
-202.0,1555.0,-69.0,91.0,,-531.0,617.0,142.0,335.0,-278.0
-141.0,2180.0,-35.0,9.0,,-659.0,567.0,271.0,-140.0,-200.0
-132.0,2276.0,-52.0,12.0,,-715.0,610.0,212.0,34.0,-215.0
-162.0,1684.0,-15.0,117.0,,-683.0,747.0,352.0,184.0,-327.0
-169.0,1152.0,-32.0,-8.0,,-924.0,733.0,282.0,-113.0,-375.0
-159.0,860.0,-31.0,-307.0,,-700.0,684.0,308.0,-114.0,-436.0
-170.0,595.0,33.0,-560.0,,-346.0,699.0,325.0,-275.0,-551.0
-188.0,427.0,-26.0,-708.0,,-329.0,728.0,169.0,249.0,-578.0
-168.0,-126.0,83.0,-778.0,,-555.0,741.0,116.0,959.0,-513.0
-113.0,-374.0,44.0,-875.0,,-524.0,665.0,-66.0,1052.0,-576.0
-59.0,-1435.0,34.0,-817.0,,-352.0,579.0,-27.0,887.0,-610.0
-35.0,-1258.0,12.0,-683.0,,-417.0,475.0,-48.0,484.0,-440.0
25.0,-1302.0,51.0,-573.0,,-554.0,363.0,-57.0,200.0,-263.0
42.0,-2310.0,134.0,-505.0,,-588.0,303.0,22.0,311.0,-117.0
8.0,-1780.0,-16.0,-579.0,,-426.0,299.0,53.0,631.0,69.0
-10.0,-1617.0,69.0,-543.0,,-394.0,331.0,242.0,550.0,333.0
-11.0,-702.0,62.0,-350.0,,-616.0,340.0,251.0,321.0,554.0
45.0,-496.0,27.0,-89.0,,-861.0,329.0,402.0,300.0,660.0
83.0,-601.0,127.0,163.0,,-634.0,219.0,484.0,49.0,788.0
156.0,474.0,65.0,259.0,,-121.0,100.0,504.0,207.0,882.0
228.0,1118.0,12.0,277.0,,108.0,69.0,691.0,397.0,878.0
293.0,2006.0,13.0,219.0,,10.0,10.0,659.0,528.0,883.0
332.0,2687.0,-39.0,110.0,,-187.0,-62.0,731.0,615.0,885.0
321.0,2106.0,-72.0,-50.0,,-174.0,-187.0,679.0,135.0,793.0
308.0,1651.0,10.0,-151.0,,-126.0,-300.0,633.0,-191.0,660.0
252.0,2099.0,12.0,-60.0,,-91.0,-366.0,533.0,-742.0,597.0
223.0,1261.0,-53.0,-23.0,,-188.0,-344.0,306.0,-650.0,538.0
159.0,352.0,37.0,41.0,,-298.0,-176.0,306.0,-80.0,404.0
61.0,77.0,53.0,147.0,,-374.0,-79.0,145.0,-194.0,205.0
-51.0,-913.0,6.0,197.0,,-417.0,3.0,186.0,-363.0,88.0
-151.0,-1096.0,8.0,146.0,,-358.0,129.0,232.0,-468.0,103.0
-195.0,-1014.0,-35.0,1.0,,-202.0,188.0,219.0,-342.0,7.0
-232.0,-1411.0,14.0,-16.0,,-120.0,210.0,351.0,-269.0,-159.0
-235.0,-994.0,28.0,-49.0,,-146.0,192.0,338.0,-255.0,-195.0
-220.0,-305.0,105.0,-26.0,,156.0,188.0,445.0,-113.0,-168.0
-188.0,172.0,174.0,173.0,,-125.0,252.0,397.0,108.0,-164.0
-174.0,1066.0,226.0,296.0,,-416.0,342.0,354.0,-151.0,-72.0
-166.0,987.0,312.0,325.0,,-379.0,376.0,284.0,-335.0,37.0
-132.0,-153.0,261.0,311.0,,-242.0,333.0,138.0,137.0,-27.0
-100.0,-274.0,285.0,169.0,,-14.0,347.0,136.0,134.0,-14.0
-66.0,-667.0,285.0,35.0,,-421.0,423.0,-7.0,104.0,205.0
-14.0,-1265.0,279.0,-46.0,,-370.0,405.0,97.0,-45.0,235.0
56.0,-1178.0,218.0,-98.0,,-193.0,289.0,181.0,-316.0,112.0
121.0,-662.0,217.0,10.0,,-209.0,146.0,242.0,-340.0,143.0
156.0,182.0,112.0,-20.0,,-323.0,144.0,367.0,-258.0,191.0
191.0,-324.0,68.0,-94.0,,-546.0,291.0,386.0,100.0,194.0
245.0,-716.0,105.0,-8.0,,-386.0,380.0,587.0,48.0,220.0
284.0,-168.0,-55.0,23.0,,-248.0,392.0,620.0,-362.0,265.0
283.0,3.0,58.0,86.0,,-149.0,405.0,691.0,-524.0,248.0
274.0,-358.0,0.0,280.0,,-175.0,560.0,548.0,-168.0,238.0
281.0,-150.0,-111.0,429.0,,-213.0,585.0,262.0,-134.0,384.0
244.0,359.0,-55.0,311.0,,-173.0,384.0,129.0,-390.0,452.0
143.0,207.0,-78.0,88.0,,-125.0,278.0,-96.0,-305.0,399.0
82.0,307.0,-109.0,-50.0,,-170.0,142.0,27.0,-360.0,432.0
77.0,858.0,-95.0,-121.0,,42.0,45.0,144.0,-333.0,559.0
60.0,1274.0,-99.0,-254.0,,316.0,-21.0,345.0,-233.0,571.0
50.0,768.0,-153.0,-369.0,,64.0,-213.0,543.0,0.0,469.0
87.0,721.0,-86.0,-474.0,,-169.0,-365.0,526.0,-81.0,411.0
141.0,1332.0,-86.0,-833.0,,-321.0,-419.0,617.0,167.0,330.0
177.0,933.0,-152.0,-1072.0,,-413.0,-319.0,474.0,603.0,265.0
215.0,-289.0,-187.0,-1027.0,,-586.0,-190.0,375.0,359.0,312.0
260.0,-245.0,-174.0,-924.0,,-459.0,-130.0,194.0,882.0,445.0
303.0,340.0,-219.0,-707.0,,86.0,-102.0,53.0,862.0,511.0
307.0,149.0,-213.0,-549.0,,240.0,-180.0,-12.0,533.0,542.0
299.0,422.0,-188.0,-473.0,,241.0,-236.0,-277.0,608.0,720.0
305.0,89.0,-298.0,-363.0,,118.0,-308.0,-319.0,287.0,1006.0
289.0,-72.0,-251.0,-310.0,,-47.0,-461.0,-391.0,302.0,1223.0
239.0,-114.0,-244.0,-250.0,,2.0,-557.0,-336.0,39.0,1389.0
182.0,-941.0,-301.0,-290.0,,38.0,-502.0,-227.0,97.0,1616.0
143.0,-984.0,-277.0,-503.0,,-77.0,-362.0,-188.0,484.0,1711.0
92.0,-798.0,-332.0,-661.0,,-180.0,-327.0,12.0,366.0,1653.0
80.0,-1308.0,-246.0,-659.0,,-337.0,-338.0,168.0,-53.0,1627.0
98.0,-1345.0,-188.0,-494.0,,-566.0,-316.0,480.0,-395.0,1597.0
112.0,-473.0,-315.0,-268.0,,-497.0,-232.0,618.0,-161.0,1395.0
115.0,-330.0,-262.0,-114.0,,-431.0,-202.0,665.0,315.0,1186.0
92.0,-504.0,-182.0,-88.0,,-276.0,-225.0,685.0,401.0,1088.0
88.0,328.0,-229.0,-228.0,,-116.0,-188.0,424.0,148.0,898.0
98.0,765.0,-179.0,-364.0,,-155.0,-148.0,279.0,-84.0,689.0
71.0,-69.0,-124.0,-349.0,,-91.0,-14.0,-49.0,-95.0,666.0
23.0,-530.0,-159.0,-280.0,,49.0,93.0,-358.0,404.0,767.0
23.0,-187.0,-64.0,-312.0,,40.0,113.0,-609.0,445.0,756.0
3.0,-732.0,-40.0,-346.0,,-158.0,204.0,-857.0,412.0,778.0
-20.0,-1682.0,-70.0,-239.0,,-44.0,266.0,-809.0,367.0,938.0
-10.0,-1160.0,-4.0,-207.0,,61.0,228.0,-790.0,-247.0,1021.0
6.0,-442.0,-37.0,-214.0,,-105.0,169.0,-535.0,-443.0,967.0
31.0,-771.0,-55.0,-211.0,,-275.0,73.0,-232.0,-561.0,1001.0
45.0,-728.0,-44.0,-176.0,,-143.0,44.0,192.0,-633.0,1127.0
76.0,374.0,-57.0,-42.0,,-123.0,102.0,644.0,-500.0,1097.0
108.0,1060.0,-58.0,1.0,,-506.0,222.0,805.0,-573.0,1143.0
143.0,712.0,-53.0,-26.0,,-576.0,386.0,1021.0,-805.0,1276.0
169.0,902.0,-56.0,-41.0,,-585.0,412.0,964.0,-573.0,1261.0
177.0,1699.0,-61.0,-44.0,,-365.0,443.0,907.0,-393.0,1144.0
192.0,1740.0,-58.0,-45.0,,-292.0,453.0,667.0,-196.0,1126.0
205.0,424.0,-75.0,-37.0,,-299.0,345.0,334.0,305.0,1112.0
196.0,383.0,-88.0,1.0,,192.0,190.0,51.0,-150.0,909.0
176.0,1222.0,-137.0,29.0,,314.0,-18.0,-406.0,-310.0,764.0
178.0,510.0,-171.0,-37.0,,269.0,-204.0,-539.0,123.0,697.0
192.0,453.0,-115.0,-109.0,,32.0,-384.0,-800.0,35.0,569.0
207.0,421.0,-239.0,-172.0,,-201.0,-450.0,-801.0,13.0,337.0
202.0,524.0,-252.0,-275.0,,-81.0,-451.0,-635.0,158.0,166.0
203.0,787.0,-226.0,-293.0,,-46.0,-560.0,-471.0,110.0,84.0
204.0,411.0,-372.0,-272.0,,-96.0,-594.0,-31.0,101.0,-2.0
195.0,844.0,-240.0,-131.0,,-248.0,-559.0,51.0,-45.0,-50.0
172.0,961.0,-287.0,106.0,,-175.0,-584.0,197.0,-504.0,-85.0
146.0,119.0,-444.0,255.0,,-45.0,-551.0,221.0,-121.0,-100.0
166.0,-293.0,-376.0,338.0,,-11.0,-391.0,177.0,240.0,-149.0
196.0,299.0,-343.0,268.0,,-95.0,-251.0,125.0,158.0,-56.0
216.0,-142.0,-405.0,127.0,,19.0,-217.0,-153.0,527.0,100.0
220.0,-899.0,-350.0,35.0,,327.0,-165.0,-258.0,285.0,70.0
208.0,-901.0,-290.0,38.0,,91.0,-236.0,-419.0,-48.0,-24.0
223.0,-765.0,-332.0,52.0,,-111.0,-451.0,-317.0,-288.0,56.0
244.0,-133.0,-343.0,12.0,,-162.0,-590.0,-186.0,-428.0,202.0
260.0,-54.0,-347.0,8.0,,-65.0,-712.0,-81.0,-63.0,141.0
306.0,-148.0,-311.0,8.0,,-151.0,-841.0,151.0,-25.0,72.0
330.0,9.0,-438.0,62.0,,-511.0,-878.0,208.0,493.0,138.0
353.0,453.0,-407.0,136.0,,-632.0,-756.0,356.0,727.0,205.0
342.0,1290.0,-393.0,191.0,,-643.0,-601.0,386.0,156.0,205.0
315.0,1465.0,-427.0,218.0,,-257.0,-425.0,456.0,36.0,310.0
327.0,668.0,-365.0,287.0,,7.0,-218.0,367.0,263.0,358.0
325.0,-20.0,-479.0,304.0,,-7.0,-64.0,73.0,727.0,233.0
325.0,-79.0,-494.0,226.0,,37.0,45.0,-120.0,607.0,254.0
304.0,-327.0,-515.0,252.0,,237.0,112.0,-454.0,40.0,364.0
309.0,-1380.0,-549.0,124.0,,398.0,126.0,-569.0,-106.0,300.0
335.0,-2068.0,-612.0,-38.0,,100.0,101.0,-772.0,110.0,199.0
328.0,-1693.0,-604.0,114.0,,52.0,187.0,-903.0,355.0,307.0
309.0,-1073.0,-597.0,318.0,,290.0,302.0,-742.0,660.0,379.0
283.0,-1018.0,-645.0,446.0,,135.0,306.0,-630.0,968.0,399.0
300.0,-1245.0,-566.0,554.0,,-82.0,285.0,-373.0,571.0,509.0
318.0,-399.0,-542.0,534.0,,-164.0,285.0,-251.0,212.0,704.0
331.0,482.0,-490.0,449.0,,-52.0,238.0,-18.0,354.0,807.0
338.0,1141.0,-469.0,400.0,,216.0,126.0,208.0,263.0,844.0
362.0,1086.0,-479.0,259.0,,234.0,16.0,303.0,-42.0,1061.0
392.0,387.0,-513.0,58.0,,222.0,-112.0,500.0,136.0,1156.0
418.0,220.0,-518.0,-103.0,,154.0,-288.0,493.0,434.0,1128.0
426.0,178.0,-474.0,-282.0,,-118.0,-427.0,582.0,254.0,1174.0
412.0,-31.0,-562.0,-428.0,,-334.0,-387.0,537.0,110.0,1244.0
436.0,-1175.0,-545.0,-420.0,,-195.0,-279.0,437.0,120.0,1126.0
460.0,-999.0,-524.0,-328.0,,-30.0,-194.0,419.0,227.0,957.0
457.0,-349.0,-533.0,-240.0,,70.0,-78.0,227.0,233.0,1028.0
426.0,-677.0,-388.0,-88.0,,291.0,-10.0,157.0,354.0,994.0
427.0,-263.0,-371.0,56.0,,102.0,35.0,-5.0,647.0,883.0
395.0,90.0,-349.0,83.0,,17.0,-15.0,-18.0,417.0,867.0
333.0,742.0,-306.0,103.0,,153.0,-188.0,49.0,-149.0,768.0
309.0,2364.0,-343.0,159.0,,143.0,-285.0,151.0,-308.0,661.0
300.0,2986.0,-329.0,96.0,,153.0,-354.0,304.0,-223.0,606.0
291.0,1946.0,-454.0,-89.0,,-169.0,-434.0,105.0,-29.0,594.0
257.0,2120.0,-470.0,-293.0,,-212.0,-545.0,48.0,360.0,598.0
245.0,1705.0,-417.0,-263.0,,198.0,-669.0,-105.0,-66.0,511.0
228.0,201.0,-472.0,48.0,,90.0,-613.0,-266.0,-557.0,458.0
219.0,306.0,-483.0,248.0,,45.0,-520.0,-319.0,-546.0,493.0
187.0,153.0,-481.0,221.0,,327.0,-502.0,-415.0,-585.0,470.0
192.0,-220.0,-465.0,103.0,,434.0,-374.0,-234.0,-227.0,358.0
219.0,168.0,-479.0,-100.0,,427.0,-127.0,-184.0,33.0,318.0
239.0,686.0,-516.0,-265.0,,265.0,42.0,-20.0,174.0,293.0
272.0,-379.0,-481.0,-271.0,,125.0,92.0,-3.0,92.0,142.0
270.0,-1818.0,-454.0,-244.0,,-154.0,182.0,-79.0,32.0,84.0
278.0,-1251.0,-526.0,-173.0,,-228.0,207.0,5.0,-60.0,52.0
247.0,628.0,-444.0,-166.0,,86.0,132.0,-101.0,-272.0,33.0
234.0,939.0,-446.0,-174.0,,134.0,65.0,53.0,27.0,79.0
220.0,-677.0,-448.0,-77.0,,73.0,-32.0,24.0,150.0,64.0
238.0,870.0,-320.0,-95.0,,192.0,-93.0,-27.0,431.0,150.0
271.0,1870.0,-384.0,-209.0,,394.0,-43.0,73.0,505.0,235.0
294.0,-177.0,-368.0,-349.0,,394.0,65.0,84.0,382.0,332.0
344.0,-722.0,-283.0,-373.0,,169.0,67.0,151.0,482.0,459.0
362.0,-548.0,-255.0,-276.0,,-37.0,100.0,-11.0,229.0,392.0
362.0,-900.0,-202.0,-139.0,,-83.0,274.0,-77.0,140.0,333.0
316.0,-1576.0,-277.0,79.0,,2.0,387.0,-284.0,215.0,331.0
297.0,-1122.0,-275.0,229.0,,150.0,469.0,-426.0,94.0,303.0
291.0,-1447.0,-177.0,275.0,,149.0,551.0,-460.0,-186.0,192.0
290.0,-2101.0,-333.0,214.0,,203.0,642.0,-642.0,-106.0,57.0
261.0,-1461.0,-209.0,44.0,,341.0,740.0,-522.0,-138.0,19.0
239.0,-521.0,-160.0,-41.0,,169.0,853.0,-456.0,-142.0,9.0
222.0,1020.0,-313.0,-34.0,,132.0,853.0,-236.0,162.0,11.0
171.0,736.0,-264.0,-148.0,,191.0,673.0,-24.0,20.0,-19.0
111.0,415.0,-99.0,-285.0,,384.0,535.0,48.0,329.0,-42.0
51.0,1440.0,0.0,-273.0,,466.0,390.0,160.0,629.0,-89.0
61.0,1284.0,-123.0,-139.0,,199.0,197.0,83.0,363.0,-53.0
26.0,249.0,-8.0,107.0,,214.0,70.0,116.0,246.0,113.0
7.0,250.0,-44.0,316.0,,353.0,-62.0,-64.0,93.0,112.0
21.0,119.0,-91.0,420.0,,423.0,-197.0,-149.0,134.0,-4.0
58.0,-230.0,-93.0,422.0,,371.0,-322.0,-223.0,228.0,-41.0
90.0,201.0,-35.0,359.0,,247.0,-381.0,-509.0,422.0,-52.0
108.0,-641.0,111.0,421.0,,112.0,-253.0,-506.0,620.0,-103.0
132.0,-349.0,-47.0,488.0,,178.0,-121.0,-602.0,411.0,-175.0
123.0,-148.0,16.0,434.0,,196.0,-112.0,-535.0,25.0,-298.0
152.0,-641.0,24.0,406.0,,137.0,-93.0,-450.0,-440.0,-481.0
176.0,88.0,-94.0,278.0,,321.0,9.0,-386.0,-423.0,-549.0
235.0,-188.0,5.0,118.0,,204.0,120.0,-194.0,-370.0,-519.0
273.0,-403.0,-148.0,205.0,,83.0,188.0,-142.0,-349.0,-609.0
315.0,-687.0,-263.0,281.0,,105.0,283.0,36.0,-101.0,-719.0
354.0,-498.0,-217.0,342.0,,-56.0,302.0,-18.0,-137.0,-659.0
346.0,121.0,-362.0,415.0,,-61.0,264.0,-94.0,-59.0,-514.0
325.0,120.0,-275.0,412.0,,290.0,247.0,-153.0,238.0,-494.0
262.0,157.0,-182.0,480.0,,418.0,163.0,-262.0,597.0,-563.0
209.0,576.0,-201.0,440.0,,270.0,132.0,-169.0,603.0,-493.0
171.0,724.0,-190.0,383.0,,249.0,189.0,-205.0,18.0,-345.0
158.0,-95.0,-173.0,346.0,,389.0,214.0,-96.0,-524.0,-259.0
145.0,-546.0,-164.0,193.0,,709.0,246.0,-105.0,-496.0,-129.0
157.0,-1303.0,-174.0,138.0,,791.0,346.0,-155.0,-243.0,-14.0
140.0,-1054.0,-152.0,161.0,,710.0,439.0,-151.0,-297.0,-18.0
109.0,-61.0,-246.0,177.0,,523.0,493.0,-282.0,-662.0,44.0
101.0,196.0,-210.0,122.0,,448.0,544.0,-182.0,-705.0,184.0
111.0,603.0,-191.0,34.0,,559.0,478.0,-234.0,-555.0,209.0
130.0,938.0,-218.0,102.0,,384.0,361.0,-177.0,-272.0,74.0
124.0,971.0,-131.0,166.0,,-41.0,274.0,-96.0,56.0,15.0
165.0,454.0,-134.0,315.0,,-192.0,135.0,-127.0,-146.0,81.0
233.0,414.0,-51.0,571.0,,215.0,-8.0,22.0,-209.0,21.0
322.0,-255.0,117.0,714.0,,617.0,-104.0,-1.0,-254.0,-128.0
388.0,-561.0,52.0,833.0,,736.0,-144.0,164.0,231.0,-188.0
428.0,-75.0,0.0,840.0,,525.0,-132.0,245.0,272.0,-222.0
443.0,-272.0,13.0,778.0,,538.0,-71.0,216.0,-455.0,-269.0
463.0,-303.0,-53.0,640.0,,582.0,-24.0,186.0,-297.0,-170.0
477.0,-548.0,-4.0,339.0,,506.0,4.0,-64.0,-103.0,-32.0
481.0,-358.0,-7.0,156.0,,717.0,29.0,-192.0,115.0,-61.0
467.0,44.0,-151.0,116.0,,721.0,23.0,-408.0,45.0,-18.0
413.0,546.0,-128.0,-43.0,,778.0,-44.0,-408.0,-44.0,148.0
398.0,513.0,-161.0,-274.0,,728.0,-232.0,-358.0,125.0,157.0
391.0,362.0,-297.0,-326.0,,576.0,-460.0,-266.0,170.0,62.0
409.0,765.0,-206.0,-222.0,,495.0,-613.0,-97.0,305.0,22.0
394.0,47.0,-204.0,-20.0,,310.0,-641.0,-212.0,336.0,-89.0
401.0,-608.0,-208.0,170.0,,212.0,-660.0,-142.0,386.0,-351.0
433.0,-487.0,-161.0,231.0,,178.0,-716.0,-279.0,33.0,-553.0
413.0,-362.0,-91.0,285.0,,302.0,-750.0,-413.0,-59.0,-678.0
367.0,-475.0,-82.0,441.0,,412.0,-727.0,-465.0,31.0,-813.0
341.0,-28.0,-82.0,581.0,,537.0,-664.0,-474.0,-34.0,-823.0
373.0,335.0,-104.0,537.0,,724.0,-659.0,-260.0,-73.0,-681.0
374.0,138.0,-210.0,499.0,,905.0,-621.0,-325.0,-163.0,-521.0
360.0,395.0,9.0,467.0,,947.0,-573.0,-203.0,114.0,-390.0
348.0,373.0,-115.0,307.0,,725.0,-535.0,-131.0,119.0,-160.0
339.0,149.0,-166.0,304.0,,582.0,-461.0,-48.0,64.0,48.0
310.0,-453.0,-75.0,374.0,,631.0,-403.0,166.0,47.0,117.0
273.0,-1194.0,-112.0,363.0,,522.0,-246.0,238.0,-92.0,205.0
253.0,-792.0,-78.0,262.0,,305.0,-85.0,395.0,-64.0,330.0
261.0,-57.0,-112.0,195.0,,127.0,20.0,293.0,-91.0,362.0
241.0,-202.0,79.0,226.0,,-100.0,113.0,218.0,-206.0,265.0
192.0,770.0,-75.0,130.0,,-202.0,99.0,94.0,-229.0,224.0
176.0,2178.0,31.0,173.0,,-440.0,93.0,53.0,-305.0,173.0
155.0,1140.0,38.0,278.0,,-452.0,111.0,83.0,-757.0,90.0
144.0,-36.0,-17.0,282.0,,-204.0,39.0,-5.0,-605.0,47.0
127.0,165.0,63.0,309.0,,-275.0,-135.0,145.0,-40.0,-87.0
138.0,-685.0,-153.0,339.0,,-139.0,-371.0,-38.0,275.0,-281.0
122.0,-1945.0,46.0,301.0,,167.0,-533.0,-168.0,398.0,-434.0
90.0,-1268.0,-167.0,93.0,,340.0,-613.0,-240.0,-112.0,-500.0
75.0,-1378.0,-204.0,-15.0,,338.0,-676.0,-260.0,-326.0,-580.0
64.0,-1380.0,-199.0,-65.0,,179.0,-669.0,64.0,20.0,-657.0
61.0,-351.0,-228.0,-92.0,,323.0,-654.0,125.0,367.0,-770.0
44.0,-12.0,-48.0,-6.0,,525.0,-638.0,317.0,775.0,-853.0
45.0,250.0,-329.0,71.0,,446.0,-614.0,461.0,674.0,-819.0
18.0,318.0,-154.0,153.0,,481.0,-584.0,487.0,141.0,-894.0
-2.0,1306.0,-37.0,305.0,,287.0,-543.0,554.0,63.0,-992.0
-11.0,1277.0,-11.0,463.0,,164.0,-512.0,423.0,741.0,-1008.0
-18.0,654.0,-172.0,501.0,,381.0,-390.0,338.0,1271.0,-996.0
-37.0,185.0,-225.0,667.0,,518.0,-391.0,144.0,938.0,-986.0
-75.0,-22.0,-9.0,898.0,,559.0,-539.0,25.0,331.0,-987.0
-111.0,357.0,-158.0,862.0,,183.0,-690.0,-110.0,-150.0,-1032.0
-145.0,282.0,4.0,689.0,,-14.0,-859.0,-254.0,-233.0,-1051.0
-155.0,1273.0,-116.0,484.0,,199.0,-921.0,-304.0,-127.0,-938.0
-162.0,829.0,-112.0,403.0,,347.0,-994.0,-443.0,161.0,-762.0
-144.0,-30.0,-2.0,422.0,,475.0,-1030.0,-315.0,369.0,-627.0
-121.0,-127.0,-16.0,362.0,,671.0,-1039.0,-249.0,12.0,-590.0
-131.0,-660.0,81.0,418.0,,634.0,-1043.0,-138.0,-199.0,-541.0
-152.0,-1306.0,-6.0,525.0,,546.0,-841.0,-1.0,-600.0,-433.0
-146.0,-1533.0,220.0,545.0,,657.0,-629.0,-77.0,-650.0,-418.0
-132.0,-139.0,332.0,533.0,,406.0,-545.0,-1.0,-439.0,-515.0
-110.0,128.0,154.0,466.0,,77.0,-471.0,-12.0,-720.0,-529.0
-47.0,47.0,93.0,448.0,,-81.0,-340.0,131.0,-586.0,-536.0
-13.0,550.0,172.0,556.0,,-343.0,-225.0,247.0,-487.0,-636.0
-12.0,981.0,59.0,756.0,,-314.0,-191.0,236.0,-291.0,-697.0
-6.0,1656.0,61.0,937.0,,-356.0,-241.0,242.0,-135.0,-765.0
1.0,1804.0,47.0,994.0,,-521.0,-306.0,-40.0,-429.0,-886.0
25.0,1289.0,-138.0,941.0,,-206.0,-328.0,-29.0,-253.0,-1032.0
35.0,540.0,-244.0,743.0,,-262.0,-388.0,70.0,23.0,-1039.0
2.0,836.0,-219.0,543.0,,-178.0,-440.0,203.0,-85.0,-1015.0
-31.0,176.0,-125.0,401.0,,-16.0,-461.0,454.0,-2.0,-1135.0
-46.0,-418.0,-345.0,155.0,,-219.0,-440.0,511.0,32.0,-1119.0
-41.0,-214.0,-292.0,-53.0,,-169.0,-366.0,692.0,-255.0,-968.0
-41.0,-513.0,-185.0,-108.0,,-227.0,-310.0,694.0,-269.0,-882.0
-41.0,294.0,-295.0,-171.0,,-95.0,-278.0,580.0,-78.0,-819.0
-2.0,571.0,-163.0,-243.0,,8.0,-252.0,465.0,115.0,-684.0
9.0,848.0,-116.0,-212.0,,101.0,-188.0,384.0,-12.0,-588.0
-28.0,894.0,-202.0,-95.0,,133.0,-102.0,321.0,67.0,-563.0
-82.0,356.0,-166.0,48.0,,351.0,-105.0,151.0,85.0,-458.0
-97.0,319.0,-165.0,235.0,,692.0,-232.0,169.0,-430.0,-429.0
-77.0,-699.0,-188.0,466.0,,513.0,-326.0,49.0,-285.0,-462.0
-94.0,-1302.0,-217.0,611.0,,390.0,-360.0,75.0,31.0,-434.0
-81.0,-1275.0,-305.0,634.0,,50.0,-443.0,79.0,196.0,-350.0
-36.0,-512.0,-424.0,548.0,,-90.0,-543.0,-33.0,114.0,-244.0
0.0,20.0,-282.0,396.0,,51.0,-642.0,169.0,198.0,-245.0
5.0,-357.0,-378.0,170.0,,72.0,-657.0,254.0,592.0,-201.0
4.0,141.0,-488.0,-52.0,,227.0,-601.0,482.0,557.0,-94.0
51.0,255.0,-357.0,-67.0,,91.0,-551.0,428.0,725.0,-24.0
77.0,419.0,-463.0,-13.0,,117.0,-507.0,177.0,847.0,14.0
71.0,452.0,-261.0,1.0,,200.0,-496.0,96.0,887.0,47.0
54.0,422.0,-470.0,-65.0,,-104.0,-436.0,-169.0,898.0,127.0
19.0,766.0,-456.0,-172.0,,-293.0,-303.0,-197.0,502.0,112.0
-44.0,1027.0,-325.0,-157.0,,-299.0,-243.0,-286.0,317.0,52.0
-130.0,1166.0,-485.0,-117.0,,-45.0,-285.0,-232.0,431.0,44.0
-205.0,159.0,-306.0,46.0,,49.0,-319.0,-64.0,69.0,-7.0
-274.0,229.0,-468.0,326.0,,-59.0,-360.0,31.0,-436.0,-115.0
-382.0,548.0,-322.0,506.0,,-141.0,-368.0,312.0,-722.0,-201.0
-489.0,-28.0,-217.0,558.0,,-90.0,-315.0,371.0,-1086.0,-257.0
-525.0,-493.0,-227.0,495.0,,-76.0,-301.0,521.0,-1014.0,-392.0
-527.0,-712.0,-87.0,478.0,,-413.0,-292.0,574.0,-739.0,-474.0
-521.0,-683.0,-50.0,477.0,,-420.0,-236.0,596.0,-502.0,-461.0
-512.0,-1936.0,48.0,505.0,,-368.0,-153.0,611.0,-150.0,-534.0
-471.0,-1620.0,97.0,584.0,,-335.0,-117.0,351.0,211.0,-606.0
-437.0,-304.0,238.0,567.0,,-415.0,-116.0,164.0,272.0,-609.0
-447.0,-261.0,317.0,435.0,,-608.0,-77.0,-175.0,-69.0,-613.0
-442.0,236.0,323.0,217.0,,-409.0,-23.0,-216.0,76.0,-683.0
-410.0,292.0,262.0,111.0,,-56.0,-28.0,-203.0,352.0,-801.0
-372.0,-307.0,237.0,94.0,,200.0,-66.0,-223.0,345.0,-869.0
-336.0,-812.0,176.0,268.0,,179.0,-6.0,-14.0,430.0,-913.0
-306.0,-506.0,207.0,410.0,,145.0,99.0,7.0,252.0,-896.0
-288.0,-614.0,90.0,301.0,,82.0,175.0,227.0,-39.0,-771.0
-254.0,-959.0,-24.0,164.0,,210.0,294.0,273.0,-279.0,-721.0
-225.0,-1.0,171.0,7.0,,293.0,375.0,345.0,-554.0,-754.0
-221.0,371.0,179.0,-46.0,,133.0,329.0,452.0,-670.0,-666.0
-214.0,-60.0,227.0,-197.0,,-116.0,279.0,376.0,-667.0,-512.0
-231.0,96.0,100.0,-401.0,,-304.0,196.0,504.0,-563.0,-484.0
-249.0,896.0,59.0,-452.0,,-179.0,1.0,363.0,-608.0,-497.0
-269.0,672.0,180.0,-367.0,,-289.0,-185.0,336.0,-484.0,-436.0
-311.0,277.0,146.0,-277.0,,-470.0,-333.0,284.0,-79.0,-391.0
-324.0,309.0,100.0,-235.0,,-591.0,-388.0,151.0,117.0,-401.0
-322.0,-515.0,72.0,-122.0,,-482.0,-365.0,125.0,299.0,-432.0
-321.0,-428.0,56.0,-30.0,,-414.0,-362.0,-73.0,241.0,-413.0
-327.0,144.0,66.0,44.0,,-280.0,-289.0,-147.0,23.0,-436.0
-311.0,-122.0,180.0,69.0,,8.0,-198.0,-306.0,-121.0,-555.0
-303.0,-275.0,130.0,199.0,,-237.0,-92.0,-293.0,226.0,-566.0
-317.0,114.0,104.0,165.0,,-301.0,11.0,-236.0,642.0,-584.0
-301.0,193.0,125.0,17.0,,-297.0,-1.0,-275.0,264.0,-733.0
-247.0,-67.0,224.0,146.0,,-257.0,-21.0,-162.0,100.0,-854.0
-153.0,161.0,298.0,214.0,,2.0,31.0,-112.0,17.0,-858.0
-75.0,322.0,258.0,278.0,,141.0,122.0,105.0,-21.0,-807.0
-3.0,813.0,291.0,418.0,,185.0,154.0,171.0,196.0,-814.0
58.0,1287.0,337.0,429.0,,-35.0,137.0,266.0,153.0,-783.0
80.0,1003.0,364.0,363.0,,-115.0,94.0,347.0,196.0,-631.0
83.0,852.0,233.0,288.0,,-58.0,78.0,160.0,262.0,-479.0
59.0,952.0,94.0,136.0,,-168.0,127.0,120.0,417.0,-445.0
36.0,1141.0,101.0,86.0,,-434.0,110.0,-105.0,437.0,-366.0
33.0,215.0,27.0,14.0,,-533.0,49.0,-138.0,100.0,-340.0
44.0,-587.0,-103.0,-96.0,,-98.0,26.0,-112.0,22.0,-469.0
45.0,-515.0,-134.0,-90.0,,162.0,42.0,-190.0,245.0,-467.0
48.0,-1155.0,-148.0,-269.0,,-73.0,-34.0,-7.0,234.0,-442.0
16.0,-1659.0,-170.0,-444.0,,-169.0,-73.0,9.0,58.0,-509.0
-43.0,-2473.0,-251.0,-472.0,,-131.0,28.0,149.0,64.0,-619.0
-78.0,-2468.0,-221.0,-461.0,,-128.0,107.0,245.0,124.0,-632.0
-121.0,-2108.0,-121.0,-342.0,,-248.0,248.0,312.0,559.0,-538.0
-156.0,-1532.0,-116.0,-172.0,,-335.0,347.0,430.0,1163.0,-516.0
-195.0,256.0,-85.0,-130.0,,-263.0,327.0,391.0,1209.0,-502.0
-215.0,232.0,-59.0,-121.0,,-186.0,268.0,521.0,966.0,-493.0
-236.0,193.0,-36.0,-114.0,,78.0,198.0,443.0,715.0,-486.0
-261.0,1305.0,73.0,-121.0,,-36.0,185.0,338.0,497.0,-475.0
-267.0,2044.0,-9.0,-92.0,,-305.0,109.0,158.0,686.0,-430.0
-285.0,1608.0,34.0,-146.0,,-452.0,20.0,-118.0,730.0,-372.0
-312.0,370.0,186.0,-211.0,,-688.0,42.0,-258.0,330.0,-336.0
-363.0,369.0,96.0,-239.0,,-621.0,36.0,-363.0,234.0,-258.0
-365.0,1183.0,160.0,-278.0,,-693.0,-6.0,-267.0,225.0,-150.0
-356.0,1332.0,144.0,-497.0,,-538.0,-20.0,-349.0,323.0,-64.0
-346.0,318.0,255.0,-668.0,,-168.0,-17.0,-315.0,186.0,22.0
-340.0,204.0,262.0,-644.0,,-104.0,-22.0,-247.0,-228.0,120.0
-333.0,490.0,194.0,-693.0,,22.0,-60.0,-188.0,-332.0,153.0
-305.0,-27.0,160.0,-703.0,,48.0,-64.0,27.0,-37.0,208.0
-274.0,-581.0,105.0,-544.0,,-134.0,-28.0,-20.0,389.0,242.0
-209.0,-433.0,283.0,-385.0,,-320.0,42.0,31.0,-94.0,252.0
-196.0,-537.0,212.0,-388.0,,-267.0,124.0,-3.0,-692.0,338.0
-148.0,-1484.0,175.0,-369.0,,-299.0,150.0,5.0,-758.0,378.0
-102.0,-641.0,114.0,-343.0,,-424.0,163.0,1.0,-479.0,375.0
-99.0,-801.0,40.0,-254.0,,-448.0,184.0,-214.0,-91.0,405.0
-121.0,-1406.0,92.0,-20.0,,-584.0,185.0,-234.0,-290.0,465.0
-167.0,-1178.0,10.0,141.0,,-628.0,169.0,-362.0,-421.0,466.0
-137.0,-1256.0,-18.0,221.0,,-877.0,206.0,-325.0,-182.0,491.0
-118.0,-310.0,138.0,113.0,,-859.0,282.0,-249.0,141.0,568.0
-93.0,-921.0,168.0,-41.0,,-479.0,272.0,-210.0,253.0,541.0
-93.0,-716.0,111.0,-72.0,,-611.0,253.0,-46.0,143.0,452.0
-87.0,550.0,159.0,-169.0,,-680.0,236.0,-36.0,-50.0,381.0
-59.0,695.0,269.0,-181.0,,-574.0,185.0,83.0,-179.0,254.0
-68.0,775.0,378.0,-188.0,,-515.0,171.0,90.0,-45.0,27.0
-88.0,1124.0,251.0,-437.0,,-544.0,158.0,138.0,-5.0,-19.0
-117.0,1563.0,273.0,-555.0,,-758.0,185.0,205.0,-3.0,24.0
-128.0,438.0,276.0,-433.0,,-684.0,146.0,162.0,-89.0,-146.0
-174.0,169.0,267.0,-363.0,,-575.0,79.0,284.0,12.0,-293.0
-214.0,499.0,291.0,-439.0,,-444.0,107.0,238.0,179.0,-273.0
-224.0,-793.0,169.0,-612.0,,-302.0,99.0,251.0,-232.0,-299.0
-208.0,-1793.0,253.0,-686.0,,-207.0,98.0,92.0,-491.0,-392.0
-172.0,-1463.0,211.0,-677.0,,-199.0,102.0,-134.0,-261.0,-429.0
-167.0,-983.0,231.0,-660.0,,-358.0,54.0,-219.0,-99.0,-490.0
-160.0,-1074.0,263.0,-406.0,,-201.0,3.0,-373.0,10.0,-548.0
-150.0,-874.0,47.0,-166.0,,-185.0,9.0,-253.0,13.0,-450.0
-158.0,-1027.0,116.0,-93.0,,-108.0,-17.0,-229.0,-383.0,-379.0
-161.0,-1581.0,274.0,-116.0,,-20.0,-82.0,-57.0,-585.0,-484.0
-151.0,-1254.0,130.0,-143.0,,-52.0,-55.0,151.0,-577.0,-579.0
-153.0,-922.0,0.0,-67.0,,-72.0,37.0,199.0,-392.0,-555.0
-190.0,-1095.0,64.0,-155.0,,-310.0,197.0,330.0,19.0,-560.0
-262.0,-261.0,53.0,-195.0,,-107.0,420.0,266.0,94.0,-691.0
-326.0,391.0,81.0,-78.0,,8.0,627.0,395.0,230.0,-713.0
-358.0,-6.0,116.0,110.0,,-261.0,735.0,424.0,174.0,-721.0
-384.0,471.0,106.0,219.0,,-252.0,724.0,391.0,357.0,-809.0
-400.0,527.0,127.0,182.0,,-152.0,697.0,397.0,627.0,-720.0
-384.0,-4.0,31.0,250.0,,-248.0,679.0,218.0,277.0,-607.0
-352.0,891.0,100.0,206.0,,-300.0,584.0,151.0,398.0,-631.0
-330.0,1380.0,158.0,-7.0,,-411.0,437.0,-18.0,352.0,-699.0
-323.0,412.0,103.0,-179.0,,-640.0,363.0,-81.0,148.0,-585.0
-285.0,84.0,208.0,-278.0,,-943.0,355.0,-166.0,261.0,-447.0
-234.0,788.0,189.0,-502.0,,-943.0,400.0,-225.0,151.0,-486.0
-168.0,697.0,122.0,-815.0,,-677.0,497.0,-158.0,201.0,-510.0
-79.0,60.0,183.0,-916.0,,-890.0,502.0,-177.0,108.0,-451.0
11.0,20.0,2.0,-813.0,,-911.0,481.0,-38.0,-45.0,-335.0
57.0,365.0,-81.0,-750.0,,-819.0,495.0,-38.0,161.0,-215.0
38.0,302.0,0.0,-655.0,,-881.0,493.0,72.0,187.0,-101.0
36.0,-259.0,-112.0,-424.0,,-838.0,504.0,203.0,-27.0,-103.0
27.0,-101.0,-78.0,-328.0,,-787.0,506.0,186.0,1.0,-146.0
10.0,211.0,-64.0,-307.0,,-674.0,520.0,308.0,-56.0,-168.0
-18.0,-76.0,-96.0,-207.0,,-546.0,478.0,232.0,-304.0,-281.0
15.0,-426.0,-88.0,-173.0,,-47.0,433.0,212.0,-493.0,-430.0
73.0,-86.0,-11.0,-248.0,,59.0,415.0,62.0,-769.0,-576.0
82.0,425.0,96.0,-226.0,,-43.0,359.0,-110.0,-681.0,-699.0
95.0,1007.0,-24.0,-152.0,,161.0,316.0,-155.0,-386.0,-726.0
81.0,1215.0,-69.0,-120.0,,211.0,227.0,-266.0,-204.0,-635.0
109.0,996.0,-38.0,-41.0,,409.0,51.0,-145.0,6.0,-509.0
102.0,1386.0,-45.0,63.0,,246.0,-151.0,-232.0,-191.0,-344.0
56.0,391.0,-66.0,211.0,,212.0,-245.0,-249.0,-490.0,-189.0
22.0,-470.0,-62.0,195.0,,413.0,-281.0,-256.0,-541.0,-22.0
10.0,-798.0,29.0,79.0,,383.0,-261.0,-391.0,-831.0,94.0
9.0,-1650.0,93.0,-11.0,,354.0,-118.0,-328.0,-1005.0,114.0
-43.0,-2235.0,116.0,-270.0,,162.0,-10.0,-428.0,-779.0,162.0
-53.0,-2379.0,138.0,-543.0,,121.0,93.0,-369.0,-642.0,167.0
-49.0,-1683.0,165.0,-637.0,,-265.0,276.0,-365.0,-256.0,104.0
-72.0,-1535.0,194.0,-542.0,,-504.0,488.0,-332.0,284.0,8.0
-52.0,-582.0,212.0,-488.0,,-250.0,674.0,-164.0,104.0,-11.0
-55.0,-420.0,162.0,-484.0,,-359.0,825.0,-153.0,-245.0,-55.0
-19.0,-952.0,143.0,-433.0,,-585.0,974.0,-59.0,-332.0,-253.0
-4.0,-488.0,179.0,-453.0,,-638.0,956.0,-131.0,-346.0,-439.0
-25.0,-929.0,169.0,-341.0,,-505.0,793.0,-40.0,98.0,-472.0
-56.0,-996.0,186.0,-216.0,,-669.0,645.0,-9.0,297.0,-492.0
-123.0,208.0,89.0,-216.0,,-789.0,484.0,-97.0,164.0,-591.0
-85.0,1347.0,79.0,-141.0,,-673.0,390.0,-22.0,469.0,-503.0
-99.0,635.0,165.0,22.0,,-845.0,342.0,-134.0,422.0,-391.0
-39.0,945.0,41.0,141.0,,-820.0,344.0,-46.0,-68.0,-369.0
-18.0,1795.0,68.0,148.0,,-619.0,351.0,-35.0,-214.0,-265.0
-49.0,1151.0,13.0,167.0,,-371.0,288.0,-46.0,-305.0,-130.0
-46.0,1166.0,-13.0,231.0,,-293.0,288.0,-31.0,-253.0,-108.0
-81.0,1976.0,22.0,291.0,,-246.0,269.0,-97.0,107.0,-244.0
-53.0,2263.0,-270.0,253.0,,116.0,202.0,46.0,318.0,-220.0
-125.0,938.0,-313.0,159.0,,321.0,216.0,-36.0,464.0,-141.0
-75.0,190.0,-338.0,-16.0,,194.0,275.0,-72.0,388.0,-255.0
-51.0,-160.0,-377.0,-391.0,,-8.0,283.0,-221.0,234.0,-357.0
-45.0,-586.0,-283.0,-664.0,,30.0,215.0,-404.0,424.0,-332.0
-64.0,-1018.0,-393.0,-644.0,,52.0,122.0,-406.0,641.0,-303.0
-127.0,-810.0,-402.0,-592.0,,174.0,52.0,-576.0,423.0,-311.0
-109.0,326.0,-318.0,-529.0,,155.0,12.0,-558.0,149.0,-257.0
-144.0,-573.0,-240.0,-287.0,,86.0,17.0,-615.0,133.0,-205.0
-107.0,-1136.0,-238.0,-140.0,,157.0,-15.0,-620.0,-143.0,-218.0
-124.0,-442.0,-232.0,-119.0,,171.0,-77.0,-654.0,-358.0,-300.0
-110.0,-763.0,-141.0,-2.0,,277.0,-55.0,-761.0,-462.0,-318.0
-139.0,-1111.0,-63.0,23.0,,-133.0,-45.0,-739.0,-548.0,-403.0
-155.0,-856.0,66.0,69.0,,-347.0,-59.0,-877.0,-220.0,-636.0
-141.0,-605.0,91.0,102.0,,-142.0,-43.0,-801.0,-4.0,-731.0
-138.0,-167.0,17.0,-141.0,,-93.0,-46.0,-824.0,-104.0,-765.0
-122.0,250.0,60.0,-383.0,,-231.0,-63.0,-746.0,106.0,-852.0
-140.0,-322.0,173.0,-535.0,,-339.0,-80.0,-548.0,269.0,-973.0
-94.0,-292.0,116.0,-632.0,,-76.0,-67.0,-456.0,278.0,-1002.0
-98.0,383.0,8.0,-611.0,,-8.0,-61.0,-175.0,779.0,-954.0
-111.0,458.0,32.0,-525.0,,-5.0,-40.0,-201.0,804.0,-869.0
-119.0,1465.0,17.0,-332.0,,44.0,93.0,-175.0,202.0,-668.0
-96.0,1915.0,-17.0,-129.0,,17.0,273.0,-264.0,167.0,-466.0
-150.0,680.0,13.0,-16.0,,-256.0,390.0,-439.0,474.0,-345.0
-170.0,-92.0,46.0,-87.0,,-630.0,422.0,-434.0,583.0,-231.0
-155.0,-86.0,36.0,-307.0,,-579.0,414.0,-598.0,540.0,-13.0
-127.0,-146.0,76.0,-484.0,,-541.0,349.0,-541.0,319.0,144.0
-147.0,-750.0,93.0,-531.0,,-458.0,339.0,-587.0,82.0,198.0
-215.0,-582.0,-58.0,-365.0,,-296.0,412.0,-667.0,-137.0,247.0
-192.0,-736.0,-48.0,-165.0,,-375.0,411.0,-722.0,-487.0,344.0
-230.0,-2010.0,14.0,-82.0,,-519.0,359.0,-774.0,-782.0,483.0
-230.0,-2523.0,-32.0,-74.0,,-442.0,311.0,-593.0,-1083.0,561.0
-296.0,-2378.0,-4.0,-84.0,,-143.0,268.0,-572.0,-1031.0,533.0
-288.0,-1733.0,-158.0,-74.0,,67.0,222.0,-526.0,-715.0,407.0
-293.0,-1216.0,-156.0,-30.0,,116.0,273.0,-565.0,-529.0,350.0
-342.0,-422.0,-58.0,70.0,,116.0,470.0,-554.0,-278.0,269.0
-365.0,215.0,-221.0,258.0,,252.0,631.0,-465.0,-233.0,108.0
-417.0,-10.0,-330.0,380.0,,304.0,681.0,-478.0,-189.0,74.0
-426.0,264.0,-360.0,298.0,,319.0,760.0,-399.0,-181.0,141.0
-518.0,984.0,-334.0,306.0,,392.0,771.0,-535.0,-286.0,107.0
-497.0,1357.0,-319.0,370.0,,323.0,676.0,-582.0,-182.0,92.0
-488.0,1361.0,-207.0,329.0,,210.0,687.0,-633.0,-222.0,286.0
-486.0,1613.0,-177.0,273.0,,143.0,686.0,-700.0,-242.0,338.0
-474.0,2152.0,-167.0,166.0,,89.0,629.0,-606.0,22.0,315.0
-448.0,1595.0,-146.0,2.0,,-34.0,568.0,-718.0,196.0,447.0
-356.0,-205.0,-172.0,-119.0,,-97.0,464.0,-702.0,228.0,549.0
-312.0,-462.0,-193.0,-94.0,,-213.0,374.0,-776.0,119.0,492.0
-269.0,14.0,-219.0,36.0,,-304.0,201.0,-759.0,-154.0,430.0
-249.0,-644.0,-90.0,103.0,,-159.0,-1.0,-639.0,-212.0,521.0
-207.0,-982.0,-76.0,34.0,,172.0,-87.0,-757.0,9.0,563.0
-206.0,-272.0,-84.0,-48.0,,129.0,-113.0,-718.0,236.0,578.0
-225.0,255.0,-159.0,-144.0,,-304.0,-119.0,-776.0,379.0,669.0
-260.0,-118.0,-51.0,-225.0,,-382.0,-96.0,-792.0,348.0,782.0
-267.0,234.0,-68.0,-283.0,,-250.0,-76.0,-870.0,242.0,780.0
-269.0,832.0,-104.0,-308.0,,-229.0,-78.0,-964.0,349.0,804.0
-295.0,855.0,-6.0,-258.0,,-347.0,-77.0,-873.0,275.0,899.0
-291.0,669.0,-128.0,-175.0,,-269.0,-53.0,-896.0,-31.0,829.0
-260.0,595.0,-83.0,-83.0,,-173.0,28.0,-739.0,-239.0,774.0
-198.0,71.0,-180.0,-59.0,,-103.0,105.0,-659.0,-395.0,760.0
-169.0,-855.0,-199.0,30.0,,133.0,190.0,-521.0,-345.0,744.0
-131.0,-1004.0,-150.0,113.0,,308.0,253.0,-310.0,-343.0,711.0
-107.0,-615.0,-121.0,60.0,,284.0,218.0,-240.0,-168.0,711.0
-90.0,459.0,-147.0,-55.0,,73.0,240.0,-123.0,153.0,739.0
-74.0,782.0,-206.0,-162.0,,254.0,285.0,-175.0,218.0,665.0
-32.0,661.0,-215.0,-117.0,,358.0,335.0,-169.0,322.0,576.0
21.0,970.0,-142.0,-41.0,,-27.0,368.0,-339.0,290.0,509.0
58.0,662.0,-79.0,-20.0,,-254.0,296.0,-508.0,188.0,521.0
35.0,-96.0,-113.0,159.0,,-193.0,244.0,-565.0,35.0,502.0
0.0,-538.0,-36.0,467.0,,64.0,224.0,-702.0,-216.0,457.0
6.0,-11.0,-217.0,672.0,,80.0,210.0,-583.0,-320.0,475.0
17.0,-242.0,-207.0,768.0,,207.0,180.0,-617.0,-332.0,499.0
62.0,-181.0,-136.0,691.0,,607.0,197.0,-537.0,-242.0,557.0
98.0,708.0,-115.0,501.0,,383.0,255.0,-408.0,-166.0,613.0
186.0,-178.0,-78.0,318.0,,379.0,230.0,-376.0,-126.0,580.0
240.0,-272.0,-135.0,155.0,,538.0,271.0,-275.0,-225.0,475.0
236.0,694.0,-89.0,98.0,,455.0,389.0,-412.0,-304.0,508.0
223.0,395.0,-146.0,110.0,,638.0,458.0,-388.0,-230.0,555.0
255.0,659.0,-21.0,69.0,,523.0,451.0,-463.0,-41.0,487.0
290.0,812.0,-154.0,-121.0,,676.0,409.0,-561.0,300.0,419.0
244.0,309.0,-105.0,-364.0,,655.0,321.0,-528.0,384.0,382.0
211.0,546.0,-76.0,-548.0,,282.0,115.0,-532.0,197.0,436.0
184.0,522.0,-362.0,-602.0,,279.0,-52.0,-408.0,-104.0,490.0
172.0,474.0,-51.0,-608.0,,93.0,-164.0,-497.0,-310.0,516.0
127.0,770.0,-128.0,-657.0,,187.0,-280.0,-463.0,-391.0,555.0
96.0,379.0,-108.0,-654.0,,446.0,-347.0,-465.0,-80.0,572.0
86.0,-266.0,-47.0,-577.0,,650.0,-315.0,-548.0,401.0,624.0
57.0,-755.0,-213.0,-388.0,,598.0,-161.0,-473.0,307.0,863.0
-10.0,-1533.0,-51.0,-227.0,,492.0,-56.0,-565.0,249.0,1102.0
-63.0,-1775.0,-148.0,-131.0,,705.0,-1.0,-585.0,198.0,1074.0
-50.0,-1383.0,-62.0,-75.0,,635.0,104.0,-672.0,-38.0,961.0
-59.0,-930.0,-69.0,0.0,,555.0,140.0,-598.0,-197.0,966.0
-51.0,-92.0,-3.0,117.0,,400.0,132.0,-447.0,-325.0,1020.0
-52.0,601.0,-43.0,244.0,,438.0,179.0,-365.0,-264.0,973.0
-80.0,1002.0,-178.0,576.0,,375.0,271.0,-153.0,-167.0,876.0
-113.0,1138.0,-107.0,797.0,,106.0,429.0,-160.0,-79.0,780.0
-151.0,774.0,-237.0,676.0,,270.0,541.0,-133.0,-30.0,727.0
-176.0,773.0,-153.0,451.0,,329.0,557.0,-279.0,-165.0,701.0
-177.0,1560.0,-253.0,210.0,,366.0,542.0,-430.0,-284.0,567.0
-133.0,1711.0,-184.0,34.0,,584.0,475.0,-469.0,-98.0,426.0
-61.0,1317.0,-112.0,-184.0,,680.0,428.0,-563.0,255.0,444.0
-43.0,1505.0,-232.0,-253.0,,677.0,408.0,-365.0,303.0,539.0
-49.0,821.0,-123.0,-197.0,,905.0,392.0,-321.0,229.0,521.0
-56.0,-31.0,-181.0,-311.0,,864.0,376.0,-151.0,330.0,508.0
-63.0,-268.0,-203.0,-366.0,,785.0,273.0,3.0,263.0,583.0
-58.0,-934.0,-195.0,-397.0,,930.0,149.0,-38.0,206.0,534.0
-92.0,-1046.0,-204.0,-352.0,,931.0,4.0,42.0,447.0,484.0
-131.0,-1286.0,-139.0,-205.0,,1062.0,-196.0,-88.0,381.0,613.0
-198.0,-1090.0,-195.0,-148.0,,809.0,-322.0,-125.0,-62.0,685.0
-248.0,-633.0,-58.0,-135.0,,676.0,-338.0,-216.0,-138.0,647.0
-296.0,-1105.0,52.0,-93.0,,780.0,-321.0,-201.0,-79.0,831.0
-345.0,-340.0,-64.0,-3.0,,550.0,-409.0,-109.0,-185.0,1097.0
-358.0,99.0,168.0,238.0,,611.0,-585.0,-230.0,-112.0,1084.0
-356.0,-346.0,90.0,723.0,,816.0,-736.0,-212.0,-41.0,1074.0
-325.0,31.0,136.0,1054.0,,882.0,-777.0,-373.0,-99.0,1222.0
-272.0,26.0,284.0,1072.0,,743.0,-659.0,-382.0,-48.0,1246.0
-222.0,-299.0,121.0,989.0,,524.0,-550.0,-369.0,105.0,1177.0
-189.0,-8.0,152.0,903.0,,573.0,-503.0,-334.0,100.0,1143.0
-134.0,1154.0,163.0,819.0,,548.0,-345.0,-105.0,44.0,1023.0
-122.0,1316.0,193.0,720.0,,462.0,-149.0,-75.0,82.0,858.0
-92.0,-4.0,114.0,579.0,,630.0,-44.0,140.0,244.0,818.0
-30.0,141.0,199.0,380.0,,796.0,43.0,151.0,220.0,835.0
15.0,360.0,84.0,261.0,,633.0,66.0,168.0,38.0,857.0
49.0,-251.0,-5.0,400.0,,389.0,14.0,277.0,301.0,939.0
61.0,-256.0,50.0,558.0,,333.0,-64.0,254.0,509.0,1151.0
120.0,-401.0,-158.0,430.0,,346.0,-197.0,284.0,475.0,1341.0
174.0,-193.0,-144.0,234.0,,508.0,-279.0,25.0,212.0,1378.0
222.0,-112.0,-142.0,113.0,,530.0,-324.0,-51.0,-147.0,1410.0
280.0,42.0,-224.0,-19.0,,369.0,-336.0,-229.0,-259.0,1437.0
346.0,113.0,-187.0,-150.0,,306.0,-283.0,-458.0,-174.0,1398.0
390.0,-455.0,-169.0,-72.0,,415.0,-229.0,-465.0,136.0,1218.0
428.0,-774.0,-171.0,72.0,,764.0,-79.0,-484.0,252.0,956.0
443.0,-525.0,-78.0,163.0,,828.0,68.0,-267.0,257.0,821.0
399.0,296.0,-101.0,229.0,,744.0,77.0,-177.0,49.0,759.0
363.0,75.0,-84.0,124.0,,847.0,81.0,-29.0,-3.0,667.0
328.0,-51.0,47.0,201.0,,956.0,89.0,72.0,262.0,704.0
312.0,391.0,35.0,432.0,,945.0,120.0,134.0,114.0,866.0
285.0,122.0,117.0,544.0,,699.0,198.0,343.0,219.0,945.0
283.0,-270.0,101.0,524.0,,755.0,221.0,388.0,485.0,1068.0
296.0,384.0,-3.0,332.0,,926.0,186.0,502.0,422.0,1243.0
292.0,1552.0,161.0,214.0,,795.0,71.0,378.0,493.0,1288.0
275.0,1393.0,97.0,159.0,,648.0,-42.0,245.0,644.0,1333.0
216.0,1472.0,-11.0,95.0,,343.0,-60.0,218.0,382.0,1448.0
191.0,768.0,140.0,38.0,,-24.0,-84.0,219.0,86.0,1547.0
163.0,-655.0,7.0,-107.0,,35.0,-161.0,447.0,14.0,1487.0
71.0,-482.0,54.0,-233.0,,303.0,-246.0,497.0,-385.0,1269.0
1.0,256.0,206.0,-307.0,,224.0,-333.0,670.0,-553.0,1163.0
6.0,807.0,85.0,-356.0,,67.0,-430.0,752.0,-458.0,1117.0
6.0,874.0,234.0,-220.0,,171.0,-422.0,739.0,-518.0,1013.0
-34.0,288.0,219.0,148.0,,410.0,-319.0,803.0,-432.0,935.0
-24.0,-952.0,273.0,498.0,,332.0,-224.0,691.0,-457.0,857.0
45.0,-688.0,271.0,670.0,,36.0,-184.0,720.0,-477.0,794.0
90.0,-374.0,59.0,759.0,,137.0,-141.0,535.0,-205.0,868.0
89.0,-763.0,129.0,889.0,,328.0,-89.0,400.0,-64.0,1082.0
89.0,-18.0,214.0,1049.0,,274.0,-63.0,325.0,-141.0,1146.0
96.0,-72.0,431.0,1096.0,,158.0,-23.0,160.0,21.0,1110.0
89.0,87.0,327.0,997.0,,101.0,-112.0,269.0,235.0,1185.0
48.0,605.0,305.0,792.0,,7.0,-219.0,323.0,223.0,1252.0
15.0,1218.0,439.0,581.0,,-104.0,-243.0,570.0,307.0,1246.0
45.0,1439.0,486.0,483.0,,-75.0,-363.0,687.0,250.0,1138.0
113.0,889.0,521.0,383.0,,79.0,-557.0,735.0,176.0,1040.0
191.0,1096.0,473.0,264.0,,306.0,-704.0,831.0,212.0,996.0
247.0,403.0,396.0,287.0,,515.0,-770.0,670.0,-251.0,911.0
298.0,-338.0,359.0,294.0,,757.0,-758.0,661.0,-494.0,770.0
339.0,-992.0,334.0,254.0,,795.0,-726.0,504.0,-138.0,579.0
356.0,-1564.0,205.0,346.0,,540.0,-742.0,410.0,130.0,350.0
369.0,-742.0,315.0,362.0,,466.0,-748.0,330.0,363.0,167.0
373.0,-547.0,121.0,210.0,,392.0,-684.0,190.0,456.0,117.0
379.0,-1267.0,207.0,76.0,,113.0,-560.0,162.0,358.0,69.0
378.0,-1213.0,156.0,76.0,,-98.0,-457.0,40.0,225.0,-13.0
381.0,-474.0,145.0,155.0,,-142.0,-292.0,168.0,112.0,14.0
371.0,-736.0,287.0,183.0,,-102.0,-75.0,201.0,214.0,97.0
319.0,201.0,51.0,257.0,,18.0,85.0,356.0,498.0,120.0
244.0,1099.0,155.0,334.0,,262.0,199.0,578.0,827.0,63.0
205.0,1241.0,134.0,328.0,,362.0,267.0,626.0,856.0,8.0
210.0,2456.0,124.0,440.0,,303.0,426.0,837.0,580.0,-26.0
198.0,1981.0,-27.0,616.0,,212.0,629.0,872.0,299.0,-68.0
182.0,1848.0,10.0,676.0,,73.0,702.0,1008.0,-47.0,-18.0
163.0,1592.0,-54.0,776.0,,45.0,674.0,990.0,-346.0,15.0
139.0,838.0,-110.0,913.0,,217.0,627.0,842.0,-412.0,-35.0
70.0,470.0,-20.0,828.0,,578.0,525.0,744.0,-131.0,-31.0
-2.0,-320.0,-207.0,508.0,,673.0,408.0,456.0,38.0,87.0
-65.0,-359.0,-100.0,267.0,,338.0,322.0,349.0,-94.0,140.0
-118.0,-639.0,-58.0,241.0,,133.0,132.0,190.0,-257.0,60.0
-149.0,-508.0,-117.0,226.0,,75.0,18.0,238.0,-625.0,158.0
-208.0,20.0,-59.0,129.0,,85.0,71.0,358.0,-633.0,338.0
-223.0,-205.0,-58.0,41.0,,1.0,88.0,482.0,-201.0,432.0
-207.0,-1113.0,17.0,99.0,,81.0,116.0,811.0,-73.0,585.0
-184.0,-545.0,39.0,173.0,,308.0,199.0,1053.0,-149.0,800.0
-144.0,286.0,-105.0,277.0,,159.0,286.0,1450.0,-150.0,914.0
-85.0,-545.0,71.0,410.0,,304.0,280.0,1603.0,-184.0,998.0
-8.0,-168.0,-15.0,262.0,,473.0,201.0,1716.0,-383.0,1137.0
49.0,416.0,-50.0,37.0,,548.0,118.0,1799.0,-493.0,1101.0
78.0,-175.0,73.0,-48.0,,591.0,34.0,1703.0,-249.0,939.0
100.0,-745.0,70.0,-40.0,,369.0,-34.0,1722.0,-72.0,821.0
147.0,-1006.0,108.0,14.0,,404.0,-169.0,1463.0,97.0,688.0
193.0,-639.0,95.0,202.0,,345.0,-303.0,1315.0,432.0,464.0
189.0,-458.0,283.0,390.0,,384.0,-440.0,1091.0,359.0,294.0
146.0,-476.0,140.0,432.0,,382.0,-540.0,846.0,285.0,244.0
138.0,189.0,291.0,550.0,,244.0,-556.0,772.0,553.0,147.0
119.0,58.0,407.0,650.0,,315.0,-520.0,482.0,626.0,18.0
81.0,176.0,300.0,598.0,,262.0,-373.0,454.0,484.0,-14.0
57.0,633.0,440.0,401.0,,311.0,-182.0,545.0,516.0,-42.0
66.0,443.0,387.0,318.0,,237.0,3.0,866.0,498.0,-173.0
79.0,259.0,413.0,295.0,,43.0,146.0,1236.0,229.0,-138.0
54.0,103.0,343.0,54.0,,-77.0,286.0,1356.0,184.0,115.0
49.0,634.0,375.0,-11.0,,-250.0,382.0,1542.0,276.0,217.0
63.0,865.0,409.0,173.0,,-428.0,398.0,1492.0,313.0,185.0
67.0,1304.0,349.0,390.0,,-474.0,439.0,1528.0,342.0,346.0
17.0,1654.0,461.0,555.0,,-390.0,426.0,1443.0,522.0,455.0
3.0,2097.0,483.0,525.0,,-464.0,326.0,1204.0,625.0,326.0
24.0,1884.0,354.0,446.0,,-571.0,222.0,1018.0,606.0,243.0
45.0,191.0,379.0,317.0,,-643.0,97.0,644.0,781.0,253.0
85.0,116.0,476.0,177.0,,-572.0,29.0,402.0,728.0,181.0
115.0,527.0,403.0,136.0,,-513.0,37.0,197.0,613.0,-30.0
187.0,163.0,417.0,-6.0,,-304.0,14.0,264.0,793.0,-132.0
256.0,-175.0,462.0,-152.0,,-18.0,-11.0,413.0,966.0,-230.0
312.0,-371.0,524.0,-156.0,,-263.0,4.0,611.0,676.0,-410.0
351.0,12.0,461.0,-138.0,,-561.0,68.0,910.0,184.0,-461.0
384.0,388.0,394.0,-180.0,,-443.0,137.0,966.0,53.0,-501.0
382.0,267.0,332.0,-166.0,,-198.0,150.0,1210.0,-292.0,-669.0
343.0,532.0,222.0,-31.0,,-198.0,136.0,1241.0,-782.0,-866.0
315.0,158.0,201.0,83.0,,-133.0,105.0,1201.0,-712.0,-846.0
288.0,-385.0,151.0,174.0,,98.0,33.0,1191.0,-703.0,-771.0
294.0,-204.0,156.0,262.0,,227.0,-48.0,979.0,-641.0,-812.0
288.0,103.0,61.0,313.0,,194.0,-133.0,892.0,-258.0,-804.0
282.0,248.0,108.0,259.0,,287.0,-221.0,663.0,-371.0,-687.0
281.0,149.0,58.0,245.0,,369.0,-213.0,572.0,-484.0,-581.0
260.0,951.0,-33.0,465.0,,275.0,-169.0,454.0,-359.0,-625.0
234.0,699.0,38.0,601.0,,322.0,-135.0,358.0,-168.0,-606.0
181.0,196.0,-121.0,535.0,,2.0,-30.0,546.0,163.0,-635.0
129.0,-158.0,-176.0,465.0,,-214.0,72.0,624.0,43.0,-822.0
101.0,-36.0,-150.0,432.0,,-296.0,71.0,875.0,-132.0,-796.0
89.0,481.0,-111.0,360.0,,-300.0,-68.0,1042.0,-127.0,-628.0
100.0,-856.0,-99.0,234.0,,-68.0,-215.0,1171.0,-153.0,-609.0
92.0,-832.0,-203.0,141.0,,-344.0,-260.0,1297.0,18.0,-642.0
81.0,257.0,-97.0,-28.0,,-355.0,-293.0,1295.0,147.0,-537.0
79.0,418.0,-106.0,-278.0,,-411.0,-321.0,1437.0,352.0,-427.0
73.0,4.0,-158.0,-449.0,,-809.0,-319.0,1369.0,374.0,-480.0
99.0,383.0,115.0,-343.0,,-1040.0,-385.0,1352.0,-245.0,-598.0
107.0,354.0,-38.0,-65.0,,-959.0,-506.0,1186.0,-302.0,-647.0
110.0,-775.0,-70.0,144.0,,-793.0,-517.0,864.0,-75.0,-730.0
107.0,-852.0,149.0,463.0,,-841.0,-453.0,580.0,-387.0,-845.0
106.0,-1107.0,-14.0,640.0,,-517.0,-394.0,116.0,-211.0,-874.0
110.0,-1456.0,22.0,633.0,,-520.0,-272.0,-86.0,46.0,-969.0
79.0,-1334.0,54.0,626.0,,-476.0,-164.0,-279.0,37.0,-1090.0
67.0,-716.0,-11.0,486.0,,-165.0,-123.0,-234.0,149.0,-1069.0
83.0,-605.0,-76.0,411.0,,37.0,-89.0,51.0,35.0,-946.0
122.0,-765.0,-78.0,474.0,,73.0,-67.0,437.0,-201.0,-851.0
148.0,-92.0,-151.0,563.0,,-209.0,-16.0,946.0,-262.0,-763.0
167.0,129.0,-236.0,510.0,,186.0,28.0,1162.0,-345.0,-546.0
185.0,65.0,-244.0,295.0,,284.0,-1.0,1400.0,-435.0,-337.0
199.0,-433.0,-363.0,169.0,,-31.0,-88.0,1300.0,-480.0,-249.0
235.0,-667.0,-416.0,131.0,,-106.0,-209.0,1069.0,-417.0,-173.0
283.0,-119.0,-392.0,74.0,,4.0,-327.0,885.0,-260.0,-122.0
333.0,139.0,-308.0,-53.0,,95.0,-421.0,522.0,-191.0,-190.0
379.0,736.0,-281.0,-129.0,,-224.0,-403.0,354.0,210.0,-262.0
432.0,1154.0,-317.0,-184.0,,49.0,-286.0,103.0,341.0,-299.0
470.0,1297.0,-297.0,-318.0,,68.0,-121.0,0.0,302.0,-355.0
486.0,1184.0,-279.0,-359.0,,-190.0,102.0,-73.0,442.0,-381.0
445.0,521.0,-430.0,-249.0,,-50.0,257.0,-114.0,209.0,-393.0
407.0,632.0,-371.0,-6.0,,-104.0,347.0,-9.0,78.0,-365.0
390.0,607.0,-409.0,112.0,,-215.0,413.0,-72.0,-23.0,-381.0
379.0,117.0,-523.0,96.0,,-566.0,493.0,49.0,-134.0,-431.0
402.0,-402.0,-412.0,111.0,,-385.0,574.0,92.0,-254.0,-462.0
413.0,-171.0,-416.0,66.0,,-408.0,522.0,162.0,-109.0,-611.0
445.0,71.0,-375.0,65.0,,-1008.0,409.0,301.0,345.0,-731.0
476.0,-670.0,-399.0,160.0,,-772.0,256.0,373.0,233.0,-741.0
493.0,367.0,-516.0,259.0,,-479.0,50.0,585.0,-115.0,-813.0
503.0,1282.0,-446.0,247.0,,-559.0,-148.0,567.0,-322.0,-879.0
516.0,1001.0,-418.0,273.0,,-740.0,-430.0,526.0,-343.0,-856.0
548.0,1310.0,-527.0,318.0,,-658.0,-684.0,380.0,-177.0,-846.0
574.0,684.0,-390.0,173.0,,-297.0,-769.0,201.0,-215.0,-864.0
617.0,-277.0,-450.0,6.0,,-243.0,-820.0,182.0,-5.0,-834.0
645.0,-772.0,-399.0,-89.0,,15.0,-864.0,70.0,255.0,-760.0
639.0,-926.0,-309.0,-103.0,,345.0,-875.0,147.0,212.0,-718.0
587.0,-362.0,-297.0,-129.0,,291.0,-878.0,155.0,401.0,-688.0
521.0,-323.0,-122.0,-137.0,,70.0,-867.0,264.0,476.0,-575.0
477.0,-538.0,-121.0,6.0,,-215.0,-823.0,404.0,440.0,-439.0
425.0,-702.0,-27.0,62.0,,-277.0,-726.0,386.0,297.0,-367.0
363.0,-1265.0,-54.0,1.0,,-79.0,-627.0,572.0,-63.0,-333.0
318.0,-2059.0,-95.0,-30.0,,278.0,-517.0,558.0,-313.0,-291.0
295.0,-2549.0,-91.0,-114.0,,348.0,-339.0,508.0,-566.0,-235.0
258.0,-1962.0,-135.0,-193.0,,67.0,-109.0,273.0,-632.0,-204.0
221.0,-1635.0,-217.0,-126.0,,-47.0,105.0,-35.0,-541.0,-176.0
198.0,-962.0,-167.0,51.0,,148.0,330.0,-171.0,-238.0,-151.0
182.0,-387.0,-153.0,161.0,,363.0,553.0,-380.0,135.0,-221.0
181.0,-9.0,-248.0,161.0,,189.0,665.0,-325.0,70.0,-345.0
201.0,239.0,-201.0,184.0,,107.0,732.0,-349.0,-164.0,-462.0
260.0,747.0,-203.0,161.0,,50.0,786.0,-236.0,-183.0,-586.0
301.0,2356.0,-206.0,14.0,,-271.0,783.0,-7.0,2.0,-753.0
322.0,1854.0,-208.0,-64.0,,-415.0,656.0,129.0,-202.0,-966.0
369.0,1498.0,-229.0,-60.0,,-192.0,402.0,282.0,-363.0,-1053.0
393.0,1581.0,-208.0,-105.0,,-31.0,122.0,182.0,-278.0,-1030.0
406.0,1015.0,-190.0,-42.0,,-181.0,-132.0,225.0,-367.0,-1055.0
416.0,192.0,-196.0,110.0,,-237.0,-331.0,127.0,-523.0,-1064.0
446.0,-717.0,-80.0,238.0,,-388.0,-445.0,31.0,-793.0,-1004.0
475.0,-184.0,-121.0,411.0,,-664.0,-481.0,25.0,-627.0,-911.0
493.0,48.0,-144.0,390.0,,-732.0,-429.0,-86.0,-561.0,-770.0
491.0,164.0,-114.0,145.0,,-400.0,-305.0,75.0,-487.0,-664.0
434.0,257.0,-58.0,10.0,,-93.0,-163.0,127.0,-300.0,-626.0
362.0,616.0,-67.0,-17.0,,-323.0,1.0,242.0,-454.0,-576.0
286.0,729.0,-117.0,-35.0,,-311.0,108.0,251.0,-268.0,-490.0
228.0,270.0,-9.0,21.0,,-79.0,167.0,153.0,-165.0,-382.0
130.0,-323.0,-114.0,179.0,,-233.0,180.0,208.0,-285.0,-333.0
44.0,-716.0,-34.0,290.0,,-206.0,102.0,64.0,-316.0,-325.0
-27.0,-683.0,-60.0,335.0,,0.0,-18.0,-18.0,-424.0,-345.0
-99.0,-1041.0,-137.0,390.0,,25.0,-171.0,-219.0,-422.0,-373.0
-154.0,-814.0,-97.0,331.0,,-228.0,-280.0,-328.0,-242.0,-362.0
-214.0,-1158.0,-106.0,178.0,,-169.0,-352.0,-363.0,-208.0,-357.0
-233.0,-1716.0,-136.0,24.0,,290.0,-327.0,-480.0,-201.0,-395.0
-251.0,-1620.0,-121.0,-161.0,,-77.0,-219.0,-362.0,-40.0,-480.0
-208.0,-1139.0,-122.0,-397.0,,-235.0,-156.0,-373.0,156.0,-568.0
-169.0,3.0,-139.0,-495.0,,131.0,-167.0,-297.0,140.0,-622.0
-141.0,412.0,-76.0,-352.0,,243.0,-210.0,-321.0,-53.0,-653.0
-92.0,40.0,-369.0,-101.0,,-13.0,-204.0,-380.0,-544.0,-745.0
-61.0,475.0,-263.0,102.0,,-196.0,-196.0,-253.0,-971.0,-778.0
-39.0,643.0,-341.0,104.0,,338.0,-203.0,-262.0,-677.0,-718.0
-52.0,-239.0,-411.0,10.0,,-29.0,-315.0,-66.0,-546.0,-689.0
-44.0,473.0,-237.0,-107.0,,-605.0,-467.0,51.0,-645.0,-688.0
-37.0,1091.0,-467.0,-173.0,,-614.0,-551.0,158.0,-431.0,-790.0
-65.0,5.0,-214.0,49.0,,-681.0,-589.0,151.0,-304.0,-927.0
-100.0,-556.0,-252.0,373.0,,-786.0,-553.0,-68.0,-383.0,-1044.0
-97.0,85.0,-364.0,523.0,,-976.0,-544.0,-179.0,-282.0,-1198.0
-68.0,546.0,-199.0,439.0,,-513.0,-525.0,-502.0,-140.0,-1353.0
-88.0,-685.0,-391.0,364.0,,-500.0,-527.0,-587.0,-78.0,-1476.0
-154.0,-859.0,-405.0,408.0,,-810.0,-592.0,-624.0,149.0,-1629.0
-172.0,595.0,-333.0,242.0,,-789.0,-604.0,-674.0,362.0,-1677.0
-189.0,939.0,-412.0,-77.0,,-1082.0,-613.0,-591.0,250.0,-1574.0
-230.0,888.0,-432.0,-299.0,,-1566.0,-598.0,-567.0,155.0,-1464.0
-254.0,344.0,-421.0,-349.0,,-1808.0,-436.0,-308.0,515.0,-1314.0
-293.0,-86.0,-308.0,-365.0,,-1249.0,-208.0,-288.0,552.0,-1111.0
-319.0,-28.0,-343.0,-397.0,,-1043.0,-74.0,-284.0,363.0,-860.0
-335.0,-224.0,-341.0,-339.0,,-1362.0,-10.0,-343.0,264.0,-711.0
-328.0,312.0,-241.0,-301.0,,-1203.0,23.0,-513.0,10.0,-608.0
-314.0,-356.0,-343.0,-365.0,,-1045.0,3.0,-593.0,386.0,-382.0
-284.0,-1524.0,-174.0,-413.0,,-1062.0,11.0,-890.0,452.0,-204.0
-254.0,-1172.0,-303.0,-407.0,,-1034.0,12.0,-947.0,47.0,-140.0
-227.0,-359.0,-385.0,-480.0,,-825.0,3.0,-1018.0,442.0,-77.0
-214.0,-423.0,-256.0,-595.0,,-759.0,37.0,-946.0,618.0,-27.0
-235.0,-1332.0,-389.0,-550.0,,-953.0,-62.0,-702.0,274.0,-149.0
-239.0,-720.0,-331.0,-376.0,,-873.0,-196.0,-548.0,-31.0,-310.0
-259.0,-65.0,-465.0,-350.0,,-672.0,-198.0,-260.0,-102.0,-385.0
-295.0,-352.0,-435.0,-437.0,,-665.0,-196.0,-201.0,-203.0,-496.0
-327.0,-706.0,-407.0,-501.0,,-646.0,-228.0,-46.0,-261.0,-583.0
-346.0,-1319.0,-426.0,-584.0,,-346.0,-328.0,-7.0,-107.0,-623.0
-326.0,-1092.0,-370.0,-668.0,,-356.0,-460.0,-73.0,-116.0,-644.0
-324.0,-238.0,-488.0,-623.0,,-720.0,-548.0,18.0,-20.0,-676.0
-337.0,979.0,-340.0,-497.0,,-760.0,-654.0,-105.0,-131.0,-664.0
-329.0,1317.0,-358.0,-449.0,,-792.0,-760.0,-81.0,-40.0,-572.0
-318.0,837.0,-421.0,-309.0,,-987.0,-790.0,-153.0,293.0,-520.0
-288.0,1193.0,-417.0,-265.0,,-1159.0,-810.0,-269.0,46.0,-399.0
-287.0,815.0,-429.0,-203.0,,-1091.0,-805.0,-380.0,-284.0,-283.0
-277.0,-38.0,-441.0,16.0,,-1024.0,-665.0,-593.0,-418.0,-169.0
-254.0,-215.0,-381.0,56.0,,-1364.0,-469.0,-715.0,-396.0,3.0
-238.0,-351.0,-333.0,5.0,,-1565.0,-247.0,-994.0,-198.0,31.0
-192.0,-615.0,-467.0,-159.0,,-1240.0,30.0,-1069.0,-36.0,41.0
-196.0,-613.0,-284.0,-275.0,,-1088.0,304.0,-1130.0,11.0,48.0
-177.0,-307.0,-236.0,-259.0,,-1226.0,481.0,-1127.0,38.0,74.0
-116.0,-716.0,-349.0,-299.0,,-1065.0,552.0,-933.0,222.0,111.0
-61.0,-502.0,-187.0,-417.0,,-942.0,539.0,-803.0,-5.0,129.0
-16.0,845.0,-159.0,-451.0,,-989.0,411.0,-443.0,-438.0,187.0
21.0,1507.0,-268.0,-296.0,,-888.0,212.0,-269.0,-560.0,204.0
93.0,1096.0,-134.0,-151.0,,-858.0,-15.0,-145.0,-640.0,234.0
151.0,122.0,-189.0,-160.0,,-1110.0,-205.0,-53.0,-398.0,266.0
176.0,382.0,-265.0,-293.0,,-1350.0,-359.0,-110.0,-33.0,316.0
159.0,498.0,-99.0,-359.0,,-1172.0,-470.0,-127.0,-58.0,291.0
158.0,-436.0,-231.0,-336.0,,-748.0,-482.0,-363.0,-412.0,226.0
190.0,83.0,-219.0,-397.0,,-685.0,-493.0,-478.0,-202.0,200.0
226.0,521.0,-256.0,-486.0,,-526.0,-477.0,-637.0,51.0,168.0
238.0,508.0,-391.0,-435.0,,-98.0,-403.0,-681.0,157.0,197.0
265.0,135.0,-326.0,-467.0,,-350.0,-300.0,-615.0,141.0,243.0
305.0,-505.0,-378.0,-362.0,,-939.0,-194.0,-679.0,-605.0,347.0
260.0,-387.0,-458.0,-109.0,,-980.0,-130.0,-556.0,-591.0,512.0
215.0,-1369.0,-455.0,-110.0,,-699.0,-41.0,-630.0,69.0,666.0
174.0,-1467.0,-398.0,-133.0,,-605.0,105.0,-594.0,242.0,734.0
120.0,-416.0,-456.0,-248.0,,-689.0,240.0,-563.0,-4.0,719.0
59.0,-526.0,-357.0,-390.0,,-701.0,257.0,-637.0,85.0,675.0
30.0,-1206.0,-387.0,-395.0,,-654.0,217.0,-626.0,282.0,602.0
49.0,-1375.0,-454.0,-396.0,,-686.0,141.0,-711.0,282.0,521.0
18.0,-1001.0,-348.0,-363.0,,-379.0,38.0,-561.0,196.0,385.0
-25.0,-635.0,-522.0,-282.0,,-164.0,11.0,-563.0,-224.0,203.0
-91.0,-249.0,-436.0,-173.0,,-357.0,17.0,-541.0,-121.0,79.0
-172.0,-276.0,-383.0,-63.0,,-538.0,29.0,-570.0,-150.0,46.0
-293.0,324.0,-467.0,-89.0,,-256.0,-18.0,-776.0,-200.0,-22.0
-426.0,707.0,-327.0,-123.0,,-50.0,-58.0,-770.0,143.0,-143.0
-494.0,715.0,-271.0,-13.0,,-581.0,-59.0,-875.0,267.0,-212.0
-520.0,447.0,-282.0,-30.0,,-582.0,-32.0,-748.0,482.0,-267.0
-510.0,337.0,-239.0,-62.0,,-152.0,20.0,-596.0,300.0,-367.0
-535.0,1205.0,-165.0,-159.0,,-48.0,-15.0,-417.0,374.0,-427.0
-525.0,867.0,-216.0,-468.0,,-500.0,-12.0,-155.0,592.0,-426.0
-487.0,976.0,-129.0,-688.0,,-317.0,55.0,-166.0,193.0,-438.0
-489.0,1279.0,-65.0,-716.0,,149.0,63.0,-97.0,-211.0,-401.0
-499.0,838.0,-224.0,-713.0,,245.0,7.0,-242.0,-506.0,-283.0
-494.0,576.0,-104.0,-663.0,,57.0,1.0,-323.0,-292.0,-205.0
-460.0,514.0,-143.0,-409.0,,-807.0,96.0,-339.0,-456.0,-251.0
-430.0,583.0,-321.0,-312.0,,-591.0,172.0,-447.0,-663.0,-285.0
-369.0,-79.0,-203.0,-356.0,,34.0,266.0,-408.0,-319.0,-236.0
-324.0,-870.0,-356.0,-258.0,,648.0,372.0,-626.0,-228.0,-247.0
-288.0,-968.0,-387.0,-193.0,,-4.0,396.0,-724.0,176.0,-325.0
-265.0,-473.0,-396.0,-243.0,,-807.0,451.0,-824.0,140.0,-355.0
-273.0,-1496.0,-466.0,-326.0,,92.0,570.0,-881.0,-45.0,-341.0
-303.0,-2010.0,-329.0,-391.0,,603.0,578.0,-746.0,-45.0,-398.0
-401.0,-1170.0,-395.0,-519.0,,299.0,431.0,-667.0,-224.0,-413.0
-467.0,-579.0,-363.0,-480.0,,-610.0,291.0,-347.0,-159.0,-276.0
-515.0,66.0,-339.0,-395.0,,-114.0,263.0,-160.0,-464.0,-195.0
-555.0,93.0,-266.0,-429.0,,609.0,234.0,96.0,-331.0,-132.0
-570.0,976.0,-179.0,-278.0,,119.0,138.0,256.0,68.0,13.0
-580.0,533.0,-116.0,-244.0,,-386.0,40.0,109.0,-26.0,148.0
-569.0,-220.0,-63.0,-272.0,,-388.0,-66.0,-31.0,-37.0,205.0
-551.0,544.0,23.0,-186.0,,890.0,-143.0,-461.0,242.0,237.0
-505.0,499.0,115.0,-173.0,,1522.0,-186.0,-812.0,250.0,353.0
-489.0,57.0,52.0,-120.0,,163.0,-263.0,-1171.0,-33.0,429.0
-482.0,-383.0,137.0,-113.0,,-1029.0,-359.0,-1402.0,259.0,365.0
-427.0,-272.0,96.0,26.0,,217.0,-377.0,-1411.0,238.0,270.0
-362.0,-316.0,122.0,314.0,,2600.0,-314.0,-1398.0,213.0,232.0
-323.0,-518.0,103.0,369.0,,1600.0,-285.0,-1117.0,329.0,126.0
-302.0,-203.0,86.0,214.0,,-1708.0,-240.0,-909.0,68.0,29.0
-278.0,200.0,184.0,96.0,,-1151.0,-184.0,-533.0,100.0,57.0
-255.0,78.0,153.0,15.0,,2315.0,-137.0,-190.0,100.0,55.0
-245.0,314.0,74.0,-186.0,,3007.0,-61.0,75.0,12.0,49.0
-232.0,360.0,39.0,-396.0,,-229.0,23.0,371.0,45.0,13.0
-213.0,-309.0,180.0,-496.0,,-2141.0,175.0,367.0,30.0,18.0
-216.0,-305.0,-30.0,-487.0,,-620.0,312.0,412.0,-477.0,84.0
-208.0,391.0,-59.0,-428.0,,893.0,376.0,168.0,-598.0,143.0
-208.0,900.0,-3.0,-367.0,,1360.0,397.0,-168.0,-203.0,212.0
-189.0,-96.0,-185.0,-263.0,,31.0,421.0,-493.0,110.0,229.0
-165.0,36.0,-101.0,-321.0,,-1849.0,431.0,-886.0,193.0,187.0
-169.0,1066.0,-195.0,-418.0,,-1530.0,368.0,-1019.0,242.0,111.0
-177.0,652.0,-227.0,-305.0,,1402.0,336.0,-1206.0,875.0,81.0
-207.0,-289.0,-165.0,-252.0,,2660.0,401.0,-1158.0,868.0,7.0
-268.0,-521.0,-170.0,-277.0,,-861.0,483.0,-1038.0,670.0,-135.0
-325.0,-65.0,-145.0,-190.0,,-3081.0,490.0,-822.0,744.0,-238.0
-336.0,-484.0,-161.0,-6.0,,-185.0,514.0,-489.0,659.0,-290.0
-305.0,-930.0,-130.0,66.0,,3094.0,526.0,-356.0,749.0,-306.0
-279.0,-952.0,-211.0,117.0,,1064.0,474.0,-70.0,608.0,-301.0
-260.0,-833.0,-322.0,246.0,,-2499.0,403.0,57.0,191.0,-318.0
-229.0,-845.0,-287.0,288.0,,-883.0,355.0,208.0,4.0,-372.0
-237.0,-1059.0,-385.0,204.0,,2696.0,364.0,240.0,201.0,-344.0
-290.0,-602.0,-432.0,131.0,,2118.0,352.0,103.0,125.0,-321.0
-333.0,196.0,-349.0,239.0,,-1454.0,380.0,25.0,397.0,-351.0
-355.0,306.0,-417.0,182.0,,-1501.0,355.0,-314.0,650.0,-344.0
-370.0,247.0,-380.0,64.0,,1649.0,230.0,-443.0,111.0,-286.0
-356.0,943.0,-451.0,45.0,,2924.0,209.0,-589.0,205.0,-204.0
-300.0,1664.0,-354.0,-99.0,,749.0,222.0,-667.0,668.0,-145.0
-199.0,1519.0,-371.0,-184.0,,-1024.0,211.0,-626.0,309.0,-123.0
-104.0,1501.0,-482.0,-219.0,,1112.0,213.0,-705.0,-162.0,-132.0
-46.0,1238.0,-316.0,-244.0,,2940.0,180.0,-641.0,130.0,-126.0
-13.0,-52.0,-574.0,-215.0,,1323.0,90.0,-689.0,-70.0,-126.0
-11.0,-400.0,-481.0,-200.0,,-1376.0,-28.0,-502.0,-130.0,-153.0
-7.0,-494.0,-417.0,-159.0,,-897.0,-79.0,-347.0,130.0,-244.0
-29.0,-574.0,-450.0,-62.0,,2200.0,-76.0,-286.0,-526.0,-385.0
-73.0,-1115.0,-293.0,-9.0,,2425.0,9.0,-120.0,-235.0,-411.0
-106.0,-1318.0,-333.0,96.0,,-358.0,231.0,-230.0,-238.0,-411.0
-106.0,-575.0,-163.0,228.0,,-1350.0,411.0,-339.0,-547.0,-445.0
-128.0,-1530.0,-274.0,297.0,,1308.0,444.0,-583.0,-449.0,-386.0
-181.0,-1780.0,-210.0,286.0,,2898.0,430.0,-670.0,-870.0,-342.0
-186.0,-811.0,-201.0,211.0,,-190.0,426.0,-709.0,-670.0,-259.0
-180.0,389.0,-336.0,173.0,,-2626.0,405.0,-859.0,-706.0,-90.0
-195.0,306.0,-301.0,17.0,,-41.0,312.0,-857.0,-967.0,42.0
-232.0,-434.0,-236.0,-107.0,,2965.0,171.0,-942.0,-819.0,113.0
-251.0,410.0,-204.0,-178.0,,1392.0,131.0,-694.0,15.0,208.0
-277.0,722.0,-280.0,-307.0,,-2131.0,80.0,-437.0,-281.0,363.0
-278.0,932.0,-116.0,-368.0,,-1399.0,0.0,-131.0,-684.0,380.0
-268.0,841.0,-170.0,-259.0,,1622.0,65.0,297.0,312.0,330.0
-284.0,946.0,-26.0,-60.0,,1977.0,174.0,502.0,57.0,195.0
-293.0,555.0,-3.0,41.0,,329.0,239.0,668.0,259.0,21.0
-317.0,-568.0,-27.0,173.0,,-1127.0,349.0,530.0,670.0,-160.0
-322.0,-1023.0,32.0,223.0,,239.0,498.0,430.0,585.0,-461.0
-341.0,-777.0,-80.0,169.0,,2223.0,506.0,166.0,983.0,-639.0
-368.0,-262.0,0.0,299.0,,1505.0,489.0,-208.0,857.0,-774.0
-419.0,-991.0,-64.0,573.0,,-427.0,572.0,-489.0,311.0,-909.0
-469.0,-24.0,-63.0,773.0,,-545.0,671.0,-873.0,445.0,-956.0
-511.0,1147.0,-126.0,920.0,,1757.0,675.0,-901.0,496.0,-920.0
-578.0,961.0,-141.0,1089.0,,1901.0,560.0,-973.0,-445.0,-888.0
-630.0,567.0,-162.0,1110.0,,79.0,464.0,-933.0,-543.0,-875.0
-688.0,1025.0,-188.0,871.0,,293.0,308.0,-766.0,-296.0,-689.0
-705.0,1629.0,-218.0,613.0,,1109.0,158.0,-672.0,-94.0,-569.0
-705.0,61.0,-282.0,593.0,,444.0,76.0,-441.0,-93.0,-557.0
-659.0,702.0,-237.0,615.0,,-346.0,32.0,-358.0,-165.0,-513.0
-577.0,1432.0,-283.0,550.0,,688.0,54.0,-157.0,92.0,-477.0
-495.0,121.0,-273.0,391.0,,1773.0,23.0,-57.0,-373.0,-484.0
-396.0,-242.0,-376.0,169.0,,1080.0,-23.0,46.0,-482.0,-593.0
-297.0,320.0,-331.0,-51.0,,33.0,-29.0,160.0,-457.0,-669.0
-183.0,56.0,-289.0,-138.0,,566.0,31.0,-1.0,-723.0,-729.0
-104.0,-462.0,-318.0,-76.0,,1266.0,109.0,-70.0,-734.0,-875.0
-17.0,-714.0,-152.0,-70.0,,344.0,204.0,-242.0,-362.0,-943.0
72.0,-1632.0,-156.0,-103.0,,292.0,300.0,-343.0,170.0,-913.0
139.0,-942.0,30.0,-103.0,,604.0,241.0,-408.0,484.0,-887.0
171.0,-1386.0,97.0,51.0,,-179.0,92.0,-428.0,493.0,-782.0
150.0,-1925.0,41.0,101.0,,-240.0,-45.0,-317.0,74.0,-608.0
